1.947797685861587524e-01 2.514004707336425781e-01 4.936953261494636536e-02 2.846605377271771431e-03 1.001751370495185256e-04 1.707005947828292847e-01 1.283836364746093750e-01 2.511126175522804260e-02 8.847806602716445923e-03 4.249970987439155579e-02 1.636222898960113525e-01 1.115721929818391800e-02 1.268705576658248901e-01 3.323275223374366760e-02 2.243070164695382118e-03 6.831005681306123734e-03 6.251528859138488770e-03 5.117739550769329071e-03 2.922394499182701111e-02 2.903105691075325012e-02 1.824564859271049500e-02 3.470144420862197876e-02 2.411102503538131714e-02 1.010035444051027298e-02 2.145821973681449890e-02 1.811838708817958832e-02 5.469632451422512531e-04 4.184201359748840332e-02 4.803845658898353577e-02 5.900065414607524872e-03 3.740241378545761108e-02 1.530709676444530487e-02 1.513113453984260559e-02 2.538916654884815216e-02 1.082577928900718689e-02 3.354239743202924728e-03 4.629997909069061279e-02 3.469209372997283936e-02 1.831581816077232361e-02 5.851367022842168808e-03 2.906121686100959778e-02 2.006512321531772614e-02 6.017960258759558201e-04 2.271864749491214752e-02 1.148182805627584457e-02 1.922811940312385559e-02 8.388306200504302979e-02 3.140743821859359741e-02 1.241224259138107300e-02 1.691358909010887146e-02 1.563767343759536743e-02 1.329135522246360779e-02 6.379928905516862869e-03 3.038299456238746643e-02 1.457075122743844986e-02 3.732390701770782471e-02 8.461687713861465454e-03 8.804114535450935364e-03 9.020867757499217987e-03 1.253732386976480484e-02 1.019418891519308090e-02 7.301590405404567719e-03 3.158344700932502747e-02 9.164027869701385498e-03 9.186799637973308563e-03 1.111346064135432243e-03 1.211328804492950439e-02 7.130295969545841217e-03 1.121268514543771744e-02 1.482874248176813126e-02 3.931995015591382980e-03 3.781143203377723694e-02 3.163724392652511597e-02 2.956501021981239319e-02 5.626774206757545471e-02 8.173870295286178589e-02 2.816353458911180496e-03 1.798207685351371765e-02 3.716363385319709778e-02 1.376453600823879242e-02 4.335515946149826050e-02 1.789110340178012848e-02 1.488487143069505692e-02 2.056456543505191803e-02 4.363212734460830688e-02 2.010548487305641174e-02 4.541523754596710205e-02 1.111814752221107483e-02 5.662993714213371277e-02 1.482465397566556931e-02 4.719810932874679565e-02 1.033263746649026871e-02 3.837395831942558289e-02 6.068892776966094971e-02 1.561878900974988937e-02 1.162612903863191605e-02 3.012110479176044464e-03 3.928528353571891785e-02 4.046493396162986755e-02 5.430379137396812439e-02 2.136021666228771210e-02 6.901648826897144318e-03 4.224483296275138855e-02 2.063688449561595917e-02 4.318409599363803864e-03 3.120978921651840210e-02 2.931509539484977722e-02 2.532585291191935539e-03 1.662268675863742828e-02 3.938030451536178589e-02 4.042838141322135925e-02 4.296523332595825195e-02 1.593290828168392181e-02 2.641899697482585907e-02 5.965882446616888046e-03 1.270280126482248306e-02
2.514004707336425781e-01 2.007256746292114258e-01 1.832734048366546631e-02 8.297762833535671234e-03 2.592485211789608002e-02 1.737160533666610718e-01 1.898960769176483154e-01 1.569645106792449951e-02 3.497295081615447998e-02 3.068323992192745209e-02 1.437350958585739136e-01 4.120126739144325256e-02 1.895146071910858154e-01 2.762943878769874573e-02 4.993467591702938080e-03 4.140361770987510681e-02 2.735725045204162598e-02 3.545643761754035950e-02 1.845929073169827461e-03 9.545121341943740845e-03 2.151705324649810791e-02 2.762437053024768829e-02 2.451078733429312706e-03 1.103158853948116302e-02 1.395946461707353592e-02 4.558726213872432709e-03 6.193077564239501953e-02 4.996717721223831177e-02 3.791308775544166565e-02 4.358897730708122253e-02 5.337228626012802124e-02 4.551859572529792786e-03 5.214569717645645142e-02 3.974734246730804443e-02 1.642989367246627808e-02 2.346108481287956238e-02 2.608679048717021942e-02 4.129134584218263626e-03 1.342277228832244873e-02 2.598334290087223053e-02 6.664060801267623901e-02 1.140451431274414062e-02 2.051144093275070190e-02 9.291392564773559570e-02 4.605753719806671143e-02 2.230586111545562744e-02 6.414951384067535400e-02 3.526188433170318604e-02 1.386392954736948013e-02 3.615502035245299339e-03 6.653976440429687500e-02 1.202677492983639240e-03 4.287006333470344543e-03 3.541437536478042603e-02 1.347551774233579636e-02 5.251433327794075012e-02 5.266924272291362286e-04 4.586123395711183548e-03 9.053898975253105164e-03 9.405722841620445251e-03 3.150421380996704102e-02 8.344057947397232056e-03 1.018483005464076996e-02 1.314063463360071182e-02 1.796600222587585449e-02 4.478582367300987244e-02 1.077977847307920456e-02 8.226406760513782501e-03 4.333744198083877563e-02 1.449840515851974487e-02 7.062395568937063217e-03 8.163746446371078491e-03 4.442820209078490734e-04 4.758531600236892700e-02 3.692860901355743408e-02 1.305728405714035034e-02 2.335788682103157043e-02 2.811815962195396423e-02 6.714462488889694214e-02 2.707726880908012390e-02 1.088188122957944870e-02 2.801141701638698578e-02 6.489595863968133926e-03 5.589750129729509354e-03 3.133553266525268555e-02 8.585285395383834839e-03 2.214443520642817020e-04 1.152708195149898529e-02 1.563837379217147827e-02 1.560310553759336472e-02 4.983840510249137878e-02 2.787233330309391022e-02 3.880539909005165100e-03 3.997091669589281082e-03 1.627106405794620514e-02 4.374656360596418381e-03 3.279696777462959290e-02 4.134053736925125122e-02 4.377411678433418274e-02 5.300294607877731323e-02 7.027266081422567368e-03 4.796854779124259949e-02 4.649509862065315247e-02 1.918189227581024170e-02 1.942946016788482666e-02 2.019912004470825195e-02 3.691966086626052856e-02 1.470536645501852036e-02 1.684721442870795727e-03 2.097995765507221222e-02 1.302018016576766968e-02 4.332645237445831299e-02 6.974432617425918579e-04 2.240698598325252533e-02 3.914368525147438049e-02 5.629223212599754333e-02
4.936953261494636536e-02 1.832734048366546631e-02 3.715213015675544739e-02 5.739360675215721130e-02 9.198555350303649902e-02 2.958010509610176086e-02 8.965998888015747070e-03 9.549497812986373901e-02 2.699372544884681702e-02 6.050919368863105774e-02 1.444217865355312824e-03 2.996618300676345825e-02 2.439067885279655457e-02 5.909696221351623535e-03 4.284341260790824890e-02 4.253378883004188538e-02 6.908265501260757446e-02 2.630115114152431488e-02 7.552454248070716858e-03 2.095170319080352783e-02 1.656638574786484241e-03 2.567249722778797150e-02 1.687175221741199493e-02 4.104061052203178406e-02 1.628498546779155731e-02 1.973889954388141632e-02 3.196213021874427795e-02 4.149892553687095642e-02 1.700212992727756500e-02 9.076219052076339722e-02 4.506069794297218323e-02 1.635176315903663635e-02 7.286465726792812347e-03 1.356380712240934372e-02 4.472246766090393066e-02 6.609573028981685638e-03 3.003225848078727722e-02 1.237996481359004974e-02 1.406150683760643005e-02 2.111992239952087402e-02 4.194165021181106567e-02 3.369390964508056641e-02 5.937763676047325134e-02 1.111924797296524048e-01 2.657006122171878815e-02 4.154739156365394592e-02 2.225277386605739594e-02 1.209010183811187744e-02 1.146179530769586563e-02 3.585975244641304016e-02 2.309852838516235352e-02 4.001085087656974792e-02 5.504190176725387573e-02 5.766278132796287537e-03 3.490251721814274788e-03 9.271657094359397888e-03 1.125493738800287247e-02 5.607406795024871826e-02 5.669623985886573792e-02 5.000314116477966309e-02 6.300647277384996414e-03 3.748443722724914551e-02 6.573895923793315887e-03 2.730622328817844391e-02 1.537713222205638885e-02 1.479978393763303757e-02 7.239072769880294800e-02 5.350995436310768127e-02 6.718924641609191895e-02 6.727144587785005569e-03 3.998534753918647766e-02 4.917896911501884460e-02 8.738544769585132599e-03 5.479867011308670044e-02 3.148195147514343262e-02 3.252558037638664246e-02 5.110894888639450073e-02 9.156771749258041382e-02 2.509194239974021912e-02 3.663673251867294312e-02 1.985621005296707153e-01 1.239187344908714294e-01 7.412921637296676636e-03 1.817418076097965240e-02 3.453587368130683899e-02 8.655451238155364990e-03 3.105206787586212158e-02 1.678390242159366608e-02 2.325921319425106049e-02 3.695391118526458740e-02 1.476965285837650299e-02 1.911843940615653992e-02 4.347567632794380188e-02 1.960848830640316010e-02 3.904812783002853394e-02 4.273311793804168701e-02 3.036745637655258179e-02 1.241158600896596909e-02 5.305077414959669113e-03 4.806135222315788269e-02 1.753097400069236755e-02 2.008553408086299896e-02 2.810195647180080414e-02 3.469007322564721107e-03 6.369968410581350327e-03 1.855754293501377106e-02 3.447274863719940186e-02 3.565946826711297035e-03 2.908039651811122894e-02 4.630972631275653839e-03 1.377997919917106628e-02 7.317702472209930420e-02 2.247480489313602448e-02 5.893043428659439087e-02 7.157199829816818237e-02 4.092833027243614197e-02
2.846605377271771431e-03 8.297762833535671234e-03 5.739360675215721130e-02 8.262927830219268799e-02 3.810519576072692871e-01 1.105971168726682663e-02 3.134084865450859070e-02 3.902202472090721130e-02 6.523116677999496460e-02 4.300973191857337952e-02 3.542449697852134705e-02 2.005118317902088165e-02 1.411997154355049133e-02 2.716986648738384247e-02 9.678169153630733490e-03 9.359592571854591370e-03 4.544179514050483704e-02 5.003671627491712570e-03 3.247140720486640930e-02 5.972807481884956360e-02 1.846553944051265717e-02 4.205238074064254761e-02 1.080162078142166138e-01 7.184235006570816040e-02 2.177828177809715271e-02 1.111733634024858475e-02 3.457536920905113220e-02 5.208542570471763611e-02 3.743277490139007568e-02 8.892674744129180908e-02 2.471341285854578018e-03 2.793740108609199524e-02 1.579192280769348145e-02 1.806861162185668945e-02 5.186793953180313110e-02 4.878924787044525146e-02 3.309055045247077942e-02 3.239867463707923889e-02 8.976589143276214600e-02 1.174955517053604126e-01 1.775044761598110199e-02 1.689932681620121002e-02 3.389389067888259888e-02 1.880875788629055023e-02 3.701099008321762085e-02 4.130263626575469971e-02 4.592986777424812317e-02 2.824254706501960754e-02 1.958843693137168884e-02 4.086777567863464355e-02 8.508090674877166748e-02 2.313341945409774780e-02 1.611576229333877563e-02 2.686349861323833466e-02 1.120442058891057968e-02 6.218195334076881409e-02 2.602506801486015320e-02 5.204077064990997314e-02 8.257173001766204834e-02 6.387620419263839722e-02 3.715510666370391846e-02 9.568927809596061707e-03 9.736255742609500885e-03 4.347388446331024170e-02 5.664641782641410828e-02 3.202863037586212158e-02 1.368877477943897247e-02 3.707271814346313477e-02 2.547738514840602875e-02 9.734674356877803802e-03 3.418823471292853355e-03 4.164887964725494385e-02 8.979409933090209961e-02 4.384140297770500183e-02 3.716998919844627380e-02 2.460355684161186218e-02 2.722329273819923401e-02 1.164890080690383911e-02 9.274263679981231689e-02 5.851445530424825847e-05 1.827249489724636078e-02 3.672936558723449707e-02 5.175672098994255066e-02 1.520346254110336304e-01 1.969219557940959930e-02 1.371058542281389236e-02 5.178473144769668579e-02 1.049188780598342419e-03 1.070980913937091827e-02 3.687501698732376099e-02 5.629833787679672241e-02 3.389721736311912537e-03 9.271013550460338593e-03 3.718338161706924438e-02 1.547907758504152298e-02 1.165763009339570999e-02 2.896790578961372375e-02 3.011061996221542358e-02 5.288278684020042419e-02 5.455515161156654358e-02 4.219636321067810059e-02 5.481218174099922180e-02 1.822377368807792664e-02 3.340937942266464233e-02 6.104154512286186218e-02 1.511327363550662994e-02 8.616489917039871216e-02 1.433072984218597412e-02 6.730688363313674927e-02 3.716899082064628601e-02 2.498233318328857422e-02 4.772447422146797180e-02 6.131068244576454163e-02 5.856971256434917450e-04 8.311089128255844116e-03 2.867825329303741455e-02
1.001751370495185256e-04 2.592485211789608002e-02 9.198555350303649902e-02 3.810519576072692871e-01 6.212176382541656494e-02 9.947587735950946808e-03 2.099760994315147400e-02 2.364399470388889313e-02 5.041389167308807373e-02 1.206823810935020447e-02 8.897964842617511749e-03 1.889568194746971130e-02 4.247122630476951599e-02 2.808343991637229919e-02 5.924592912197113037e-02 7.530825678259134293e-03 1.950214244425296783e-02 3.901305142790079117e-03 2.750250976532697678e-03 2.555091492831707001e-02 9.167486801743507385e-03 3.937412053346633911e-02 8.750079572200775146e-02 4.783828556537628174e-02 2.732383552938699722e-03 6.757639814168214798e-03 6.229573860764503479e-02 2.224267274141311646e-02 1.339869108051061630e-02 2.880142442882061005e-02 4.487168043851852417e-02 1.420666649937629700e-02 3.193466365337371826e-02 2.244699513539671898e-03 2.388111315667629242e-02 1.747579686343669891e-02 2.222064882516860962e-02 2.827570028603076935e-02 2.909514121711254120e-02 1.446861401200294495e-02 2.797067863866686821e-04 3.100690245628356934e-02 4.327881336212158203e-02 4.234793037176132202e-02 2.960363170132040977e-03 1.231053099036216736e-02 1.006784848868846893e-03 4.209966585040092468e-02 7.249673455953598022e-02 1.125182583928108215e-02 5.773892160505056381e-03 1.286702882498502731e-02 7.019439339637756348e-02 4.163379594683647156e-02 8.006657660007476807e-02 2.580076642334461212e-02 2.900444902479648590e-02 3.530316799879074097e-02 3.351084142923355103e-02 2.373454533517360687e-02 8.151841163635253906e-02 4.557029902935028076e-02 3.569670766592025757e-02 1.923714950680732727e-02 2.894239267334342003e-03 2.475927956402301788e-02 2.018984779715538025e-02 5.458949878811836243e-02 3.704643994569778442e-02 5.571494996547698975e-02 4.436167702078819275e-02 3.410953283309936523e-02 5.889412015676498413e-02 1.073033958673477173e-01 5.209638178348541260e-02 1.385363936424255371e-02 2.464825659990310669e-02 7.222298532724380493e-02 9.576183557510375977e-02 2.120661921799182892e-02 4.147509858012199402e-02 1.891121268272399902e-02 3.744317963719367981e-02 1.656033098697662354e-01 6.267368048429489136e-02 5.123823881149291992e-02 2.747064270079135895e-02 3.253667056560516357e-02 3.204956650733947754e-02 4.126962646842002869e-02 6.571523845195770264e-02 4.946473054587841034e-03 1.238640956580638885e-02 6.961672008037567139e-02 1.050684005022048950e-01 5.268411338329315186e-02 2.759682014584541321e-02 5.629779770970344543e-02 3.534991666674613953e-02 3.761898726224899292e-02 5.875485483556985855e-03 4.929829854518175125e-03 1.134251337498426437e-02 5.490323528647422791e-02 3.297221288084983826e-02 3.916397318243980408e-02 3.214307129383087158e-02 5.442992551252245903e-04 7.319983094930648804e-02 6.495997309684753418e-02 5.949167534708976746e-02 6.344099342823028564e-02 2.297543454915285110e-03 3.612970933318138123e-02 3.287758678197860718e-02 1.524539384990930557e-02
1.707005947828292847e-01 1.737160533666610718e-01 2.958010509610176086e-02 1.105971168726682663e-02 9.947587735950946808e-03 1.742083281278610229e-01 1.962466686964035034e-01 8.328071795403957367e-03 2.418838907033205032e-03 7.931957393884658813e-02 8.016159385442733765e-02 9.231271594762802124e-02 6.334827095270156860e-02 7.286027073860168457e-02 3.593100234866142273e-02 6.480421870946884155e-04 1.709947828203439713e-03 6.754174083471298218e-02 1.619395054876804352e-02 5.091105401515960693e-02 3.034154186025261879e-03 3.151366254314780235e-04 8.390164375305175781e-02 4.255002737045288086e-02 3.561453521251678467e-02 2.108502388000488281e-02 3.862106427550315857e-02 2.571392431855201721e-02 9.172473801299929619e-04 1.580695249140262604e-02 9.118519723415374756e-03 1.739598251879215240e-02 3.004180733114480972e-03 3.114175423979759216e-02 2.800954505801200867e-02 1.655719429254531860e-02 7.417496293783187866e-02 4.440208896994590759e-03 9.575160220265388489e-03 3.462802153080701828e-03 1.458403840661048889e-02 1.822718046605587006e-02 2.516446635127067566e-02 1.743430830538272858e-02 4.733870923519134521e-02 4.281518515199422836e-03 1.395438313484191895e-01 7.598653435707092285e-02 2.297157421708106995e-02 4.328493773937225342e-02 2.939706109464168549e-02 2.422377280890941620e-02 2.233440428972244263e-02 4.282315075397491455e-02 2.379773184657096863e-02 1.533663738518953323e-02 1.309201307594776154e-02 6.819891277700662613e-03 2.054377182503230870e-05 4.720812663435935974e-02 6.346352398395538330e-03 9.417125023901462555e-03 3.214353322982788086e-02 1.836128905415534973e-02 2.081591403111815453e-03 3.265025466680526733e-02 1.503823604434728622e-02 3.144559217616915703e-03 7.377377152442932129e-02 5.493670469149947166e-04 4.541829600930213928e-02 1.011692080646753311e-02 3.993660211563110352e-02 5.863971263170242310e-02 3.642831370234489441e-02 3.675862215459346771e-03 5.470111034810543060e-03 2.462571952491998672e-03 2.217578003183007240e-03 3.114616684615612030e-02 4.108067974448204041e-02 3.421231405809521675e-03 3.307696804404258728e-02 5.336927715688943863e-03 4.838911350816488266e-03 6.770343985408544540e-03 3.166192024946212769e-02 1.476338692009449005e-02 1.087277196347713470e-02 1.763808354735374451e-02 7.564669847488403320e-02 5.248818174004554749e-02 2.397082559764385223e-02 4.201576579362154007e-03 5.074923485517501831e-02 1.727269962430000305e-02 6.103124096989631653e-02 2.296380512416362762e-02 1.227638870477676392e-02 4.891927540302276611e-02 6.319907307624816895e-02 6.156371533870697021e-02 9.428434073925018311e-03 3.427760675549507141e-02 1.090278290212154388e-02 9.089691936969757080e-02 1.226062327623367310e-02 5.694335326552391052e-03 1.985534839332103729e-02 3.332258388400077820e-02 4.321253299713134766e-02 2.393939532339572906e-02 5.043895170092582703e-02 3.157058730721473694e-02 2.707073837518692017e-02 3.933132439851760864e-02
1.283836364746093750e-01 1.898960769176483154e-01 8.965998888015747070e-03 3.134084865450859070e-02 2.099760994315147400e-02 1.962466686964035034e-01 1.674776524305343628e-01 2.323427423834800720e-02 1.289601996541023254e-02 1.009989976882934570e-01 7.168126851320266724e-02 5.034187063574790955e-02 1.113612428307533264e-01 8.066116273403167725e-02 2.187390811741352081e-02 3.300206363201141357e-02 2.751625701785087585e-02 5.549779906868934631e-02 8.894515223801136017e-03 1.154604647308588028e-02 1.580898091197013855e-02 4.815012682229280472e-03 1.088728941977024078e-02 1.501160115003585815e-02 2.234600111842155457e-02 1.077356003224849701e-02 2.004555426537990570e-02 3.805762529373168945e-02 2.464613318443298340e-02 4.095077142119407654e-02 1.484900061041116714e-02 5.884784273803234100e-03 2.702342718839645386e-02 2.041572518646717072e-02 7.290443032979965210e-02 3.001831844449043274e-02 5.075804144144058228e-02 1.512178312987089157e-02 5.432900972664356232e-03 1.461699139326810837e-02 8.524747565388679504e-03 8.348948322236537933e-04 8.201739750802516937e-03 2.684265747666358948e-02 5.565616488456726074e-02 2.306773967575281858e-04 1.142523959279060364e-01 1.071430519223213196e-01 7.396773900836706161e-03 4.219283536076545715e-02 2.140816859900951385e-02 4.523951187729835510e-02 2.951814234256744385e-02 1.293053035624325275e-03 1.768777146935462952e-02 7.219615392386913300e-03 4.402279481291770935e-02 9.545095264911651611e-03 2.330388501286506653e-02 1.710085943341255188e-02 1.512529607862234116e-02 1.029269862920045853e-02 2.512594312429428101e-02 5.026929825544357300e-02 1.851424202322959900e-02 3.995252400636672974e-02 2.100916020572185516e-02 3.153211204335093498e-03 6.638386286795139313e-03 1.683771423995494843e-02 2.707904577255249023e-02 2.988524921238422394e-02 6.866275519132614136e-02 5.231843143701553345e-02 7.627540081739425659e-02 2.802028879523277283e-02 9.923554025590419769e-03 3.675340861082077026e-02 1.410296466201543808e-02 6.078007072210311890e-02 2.696286514401435852e-02 2.355646155774593353e-02 2.988437935709953308e-02 2.931833500042557716e-03 4.976269602775573730e-02 6.246962398290634155e-02 6.250545382499694824e-02 9.180069318972527981e-04 3.001577779650688171e-02 3.179508447647094727e-02 6.736742705106735229e-02 5.614356696605682373e-02 3.666460514068603516e-02 8.241252042353153229e-03 1.075003016740083694e-02 1.163510978221893311e-02 3.942487388849258423e-02 3.333169221878051758e-02 3.643734008073806763e-02 1.905647106468677521e-02 3.686220943927764893e-02 6.922403816133737564e-03 3.007377125322818756e-02 1.948342286050319672e-02 2.561442181468009949e-02 2.546972595155239105e-02 2.755440026521682739e-02 6.023068912327289581e-03 1.197980530560016632e-02 3.609411790966987610e-02 1.428321655839681625e-02 3.618285804986953735e-02 1.455539837479591370e-03 8.373200893402099609e-03 4.956195876002311707e-02 6.296572834253311157e-02
2.511126175522804260e-02 1.569645106792449951e-02 9.549497812986373901e-02 3.902202472090721130e-02 2.364399470388889313e-02 8.328071795403957367e-03 2.323427423834800720e-02 8.818114548921585083e-02 1.481296587735414505e-02 2.639704197645187378e-02 7.968816789798438549e-04 1.378324627876281738e-02 4.599596187472343445e-02 4.133679438382387161e-03 1.133655905723571777e-01 9.269503504037857056e-02 6.780096143484115601e-02 1.710183545947074890e-02 1.871663494966924191e-03 4.905444011092185974e-02 2.831837534904479980e-02 8.225592225790023804e-02 1.161139737814664841e-02 2.394196577370166779e-03 8.911571465432643890e-03 3.786600008606910706e-02 5.900588817894458771e-03 5.017524585127830505e-03 7.083173841238021851e-02 2.903680503368377686e-02 1.182282809168100357e-02 9.221211075782775879e-03 4.079734906554222107e-03 2.725677005946636200e-02 1.242625527083873749e-02 2.872554399073123932e-02 5.334148555994033813e-02 3.620458394289016724e-02 1.953505538403987885e-02 3.198112174868583679e-02 6.973914057016372681e-02 4.481065273284912109e-02 3.390436468180269003e-04 6.814857572317123413e-02 3.441528230905532837e-02 1.000294554978609085e-02 1.931475475430488586e-02 4.106573015451431274e-02 9.488042443990707397e-03 3.519928082823753357e-02 1.899070106446743011e-02 5.246424302458763123e-02 2.419709041714668274e-02 4.893551766872406006e-02 1.618281379342079163e-02 3.271276503801345825e-02 6.746561080217361450e-02 3.852528706192970276e-02 5.661544203758239746e-02 1.606073230504989624e-02 2.118337526917457581e-02 1.025627274066209793e-02 2.915325947105884552e-02 2.454471215605735779e-02 4.008629918098449707e-02 1.259633619338274002e-02 1.660382957197725773e-03 2.850923687219619751e-02 2.292785793542861938e-02 5.171876028180122375e-02 8.883909322321414948e-03 8.560678921639919281e-03 7.968290708959102631e-03 1.720117637887597084e-03 2.398429205641150475e-04 1.971472986042499542e-02 5.114569887518882751e-02 3.545283153653144836e-02 4.760804586112499237e-04 4.887683689594268799e-02 1.387767940759658813e-01 1.713407486677169800e-01 9.081926691578701138e-06 2.090477943420410156e-02 2.514171227812767029e-02 3.078878670930862427e-02 1.071867644786834717e-01 9.775824844837188721e-02 4.737513139843940735e-02 5.315288528800010681e-02 4.593968763947486877e-02 4.068399313837289810e-03 4.871511831879615784e-02 3.997775539755821228e-02 6.877026706933975220e-02 7.269722875207662582e-03 2.298491448163986206e-02 3.359510749578475952e-02 1.028248225338757038e-03 6.107905064709484577e-04 8.130486123263835907e-03 1.764656044542789459e-02 2.766976505517959595e-02 3.471353277564048767e-02 7.730040233582258224e-03 6.234829779714345932e-03 7.952495478093624115e-03 2.426368743181228638e-02 2.845590747892856598e-02 7.996876537799835205e-02 2.579927816987037659e-02 5.332222208380699158e-02 6.017108913511037827e-03 4.219889640808105469e-02 2.824355103075504303e-02 2.501196973025798798e-02
8.847806602716445923e-03 3.497295081615447998e-02 2.699372544884681702e-02 6.523116677999496460e-02 5.041389167308807373e-02 2.418838907033205032e-03 1.289601996541023254e-02 1.481296587735414505e-02 8.347431570291519165e-02 1.321959216147661209e-02 1.159754581749439240e-02 1.194460690021514893e-01 7.204882334917783737e-03 4.880088940262794495e-02 3.905157372355461121e-02 3.837326541543006897e-02 5.884580686688423157e-02 5.084868147969245911e-02 2.490073069930076599e-02 2.797884494066238403e-02 3.922866284847259521e-02 4.724961146712303162e-02 3.816534951329231262e-02 5.180051177740097046e-02 5.290532484650611877e-03 5.732056498527526855e-02 4.507375881075859070e-03 7.359431125223636627e-03 6.473058462142944336e-02 5.904826521873474121e-02 1.434888131916522980e-02 8.611938357353210449e-02 2.935420908033847809e-02 2.838373929262161255e-02 1.245304942131042480e-02 1.088671311736106873e-01 6.006829440593719482e-02 2.514659427106380463e-02 2.344373427331447601e-02 3.374619409441947937e-02 2.179720625281333923e-02 7.225494086742401123e-02 5.024911463260650635e-02 9.911777079105377197e-02 1.435957700014114380e-01 3.036114946007728577e-02 2.584717981517314911e-02 8.774308487772941589e-03 1.092005223035812378e-01 6.954287644475698471e-03 5.728908814489841461e-03 3.700476139783859253e-02 4.294763877987861633e-02 2.878648415207862854e-02 1.350822597742080688e-01 6.746423989534378052e-02 1.502005755901336670e-02 9.673659689724445343e-03 4.966837912797927856e-02 5.927916150540113449e-03 4.139064624905586243e-02 4.071206785738468170e-03 3.769225999712944031e-02 9.105084463953971863e-03 6.880825851112604141e-03 5.634523555636405945e-02 1.594369299709796906e-02 3.922139853239059448e-02 3.400822728872299194e-02 2.343818359076976776e-02 5.580065399408340454e-02 1.526814792305231094e-02 1.091790571808815002e-02 2.825477859005331993e-03 2.171356044709682465e-02 4.595023766160011292e-02 3.671614825725555420e-01 3.380866721272468567e-02 1.282465010881423950e-01 2.231808938086032867e-02 2.581850811839103699e-02 4.671528190374374390e-02 6.892828643321990967e-02 6.679809093475341797e-02 5.688499659299850464e-02 2.531466074287891388e-03 4.355659184511750937e-04 3.137640189379453659e-03 1.231659576296806335e-01 4.448912292718887329e-02 3.062150441110134125e-03 1.545861642807722092e-02 3.155689220875501633e-03 4.005566611886024475e-02 5.018813535571098328e-03 5.251960083842277527e-02 3.076774254441261292e-02 7.487776130437850952e-02 3.908358514308929443e-02 1.399997901171445847e-02 5.693034082651138306e-02 2.226235577836632729e-03 2.799163013696670532e-02 4.676127061247825623e-02 1.909480080939829350e-03 2.230918221175670624e-02 1.582603454589843750e-01 6.632505916059017181e-03 2.665443718433380127e-02 4.925709962844848633e-02 1.001482363790273666e-02 6.554511189460754395e-02 4.653773084282875061e-02 3.548593074083328247e-02 4.491974040865898132e-02 9.972315281629562378e-03
4.249970987439155579e-02 3.068323992192745209e-02 6.050919368863105774e-02 4.300973191857337952e-02 1.206823810935020447e-02 7.931957393884658813e-02 1.009989976882934570e-01 2.639704197645187378e-02 1.321959216147661209e-02 8.926506340503692627e-02 4.313802346587181091e-02 6.706862151622772217e-02 3.991550207138061523e-02 7.859788835048675537e-02 2.945564687252044678e-02 7.094315439462661743e-02 3.147396026179194450e-03 3.361243754625320435e-02 1.804521889425814152e-03 3.003665478900074959e-03 4.724030569195747375e-02 2.873061411082744598e-02 6.904291920363903046e-03 3.650507330894470215e-02 4.568492993712425232e-02 1.580688543617725372e-02 2.194973407313227654e-03 8.315127342939376831e-03 2.785650081932544708e-02 6.453849375247955322e-02 8.959080092608928680e-03 2.788618393242359161e-02 8.626635186374187469e-03 9.425350464880466461e-03 4.950785264372825623e-02 3.271077759563922882e-03 6.289236247539520264e-02 1.046253740787506104e-02 3.026963956654071808e-02 5.202725878916680813e-04 4.918623715639114380e-02 4.257434234023094177e-02 3.251999244093894958e-02 5.335782840847969055e-02 2.175330556929111481e-02 6.705747544765472412e-02 5.559643730521202087e-02 4.693784285336732864e-03 7.083939760923385620e-02 1.532678604125976562e-01 3.818867355585098267e-02 2.240575850009918213e-02 7.706049829721450806e-02 4.395811632275581360e-02 1.218970492482185364e-02 1.114005297422409058e-01 9.461391717195510864e-03 6.605956703424453735e-02 2.337272308068349957e-04 1.119859423488378525e-02 1.858836039900779724e-02 5.973350256681442261e-02 2.546156570315361023e-02 7.385361939668655396e-02 6.181284319609403610e-03 2.220231108367443085e-02 5.336711183190345764e-02 1.026500668376684189e-02 1.065685600042343140e-01 2.441309392452239990e-02 1.390635967254638672e-01 5.072553828358650208e-02 9.538701921701431274e-02 6.886228173971176147e-02 2.813242748379707336e-02 2.754542790353298187e-02 6.989645212888717651e-02 1.862586885690689087e-01 5.394372157752513885e-03 6.085022166371345520e-02 1.128159463405609131e-02 4.817339032888412476e-02 4.101728554815053940e-03 7.929799146950244904e-03 1.332813315093517303e-02 3.040586225688457489e-02 3.166295960545539856e-02 8.042304776608943939e-03 3.857578709721565247e-02 1.323887854814529419e-01 2.484333887696266174e-02 2.616944722831249237e-02 2.803240902721881866e-02 3.389575704932212830e-02 5.540205910801887512e-02 4.124966263771057129e-02 1.227191369980573654e-02 3.212422132492065430e-02 8.377139456570148468e-03 1.506377942860126495e-03 1.632313616573810577e-02 2.132229506969451904e-02 3.774738684296607971e-02 3.723047673702239990e-02 6.494442373514175415e-02 1.672160811722278595e-02 1.553809363394975662e-02 2.759319916367530823e-02 7.306788116693496704e-03 4.806026071310043335e-02 5.829869955778121948e-02 2.887712325900793076e-03 5.526637658476829529e-02 3.130883723497390747e-02 2.172644063830375671e-02 6.533722579479217529e-02
1.636222898960113525e-01 1.437350958585739136e-01 1.444217865355312824e-03 3.542449697852134705e-02 8.897964842617511749e-03 8.016159385442733765e-02 7.168126851320266724e-02 7.968816789798438549e-04 1.159754581749439240e-02 4.313802346587181091e-02 1.878377497196197510e-01 7.473473902791738510e-03 1.717125177383422852e-01 4.477966111153364182e-03 5.390642955899238586e-02 4.508123919367790222e-02 3.060548752546310425e-02 6.978502962738275528e-03 7.462464272975921631e-02 3.496626392006874084e-02 2.987205423414707184e-02 5.989165976643562317e-02 5.090980790555477142e-03 2.938839793205261230e-02 1.038091070950031281e-02 3.483634674921631813e-03 2.088024094700813293e-02 2.064378932118415833e-03 3.697693720459938049e-02 3.370212763547897339e-02 6.037871167063713074e-02 1.711101457476615906e-02 2.607597410678863525e-02 5.374465836212038994e-04 2.011091634631156921e-02 1.074141450226306915e-02 8.134533651173114777e-03 3.540147840976715088e-02 6.934422254562377930e-02 8.492715656757354736e-03 2.307279221713542938e-02 7.021461427211761475e-02 8.462509140372276306e-03 2.543519809842109680e-02 3.555184230208396912e-02 3.383644297719001770e-02 6.981902569532394409e-02 6.031911075115203857e-02 4.814812168478965759e-02 1.083913352340459824e-02 4.507359862327575684e-02 4.392385855317115784e-02 1.991222426295280457e-02 5.830441787838935852e-02 4.902518168091773987e-02 3.071727044880390167e-02 3.943819925189018250e-02 2.831082325428724289e-03 3.659814596176147461e-02 1.768781617283821106e-02 5.845072492957115173e-02 5.614521726965904236e-02 4.264746606349945068e-02 2.180232480168342590e-02 6.073947250843048096e-02 4.910352081060409546e-02 3.236128762364387512e-02 3.327356278896331787e-02 1.373759005218744278e-03 4.454079642891883850e-02 2.592204138636589050e-02 4.295495338737964630e-03 1.853364147245883942e-02 6.428822129964828491e-02 5.299338698387145996e-02 4.234429821372032166e-02 2.881691791117191315e-02 2.156655676662921906e-02 3.448096662759780884e-02 2.873833104968070984e-02 4.292489215731620789e-02 1.780974492430686951e-02 2.492206357419490814e-02 3.359708702191710472e-03 1.404844410717487335e-02 2.234214218333363533e-03 7.897274941205978394e-02 2.883592806756496429e-02 3.216752037405967712e-02 3.101620450615882874e-02 6.648889183998107910e-02 6.511168181896209717e-02 1.029051393270492554e-01 2.799115329980850220e-02 1.381367444992065430e-02 4.241688176989555359e-02 4.788864031434059143e-02 3.018841892480850220e-02 4.032464697957038879e-02 5.107302218675613403e-02 4.450402036309242249e-02 4.802542179822921753e-02 2.013891004025936127e-02 4.765239357948303223e-02 5.505627486854791641e-03 2.140672132372856140e-02 2.400989457964897156e-02 1.696205511689186096e-02 1.525746472179889679e-02 3.237917646765708923e-02 4.833017010241746902e-03 8.159822225570678711e-02 1.055271178483963013e-02 2.691696397960186005e-02 3.890683129429817200e-02 4.407043009996414185e-02
1.115721929818391800e-02 4.120126739144325256e-02 2.996618300676345825e-02 2.005118317902088165e-02 1.889568194746971130e-02 9.231271594762802124e-02 5.034187063574790955e-02 1.378324627876281738e-02 1.194460690021514893e-01 6.706862151622772217e-02 7.473473902791738510e-03 6.712653487920761108e-02 6.152778491377830505e-02 1.555999666452407837e-01 4.523626994341611862e-03 5.797319486737251282e-02 2.752091549336910248e-02 2.463070675730705261e-02 7.705195341259241104e-03 6.136320531368255615e-03 2.137043140828609467e-02 2.127042785286903381e-02 3.639284893870353699e-02 6.194509938359260559e-02 2.303158678114414215e-02 4.191413894295692444e-02 6.775053590536117554e-02 8.097343891859054565e-02 2.719378098845481873e-02 3.622860834002494812e-02 4.520091041922569275e-02 9.605757892131805420e-03 2.958462107926607132e-03 2.413512207567691803e-02 3.505172580480575562e-02 1.278496254235506058e-02 8.998365700244903564e-02 6.428195629268884659e-03 5.411026254296302795e-02 6.746231019496917725e-02 2.453665016219019890e-03 6.026535294950008392e-03 5.907914415001869202e-02 3.863033652305603027e-02 9.380644559860229492e-02 2.642261609435081482e-02 5.312675982713699341e-02 3.331592679023742676e-02 4.422925412654876709e-02 1.555863022804260254e-01 2.666920656338334084e-03 5.314014852046966553e-02 4.905359237454831600e-04 4.983253777027130127e-02 3.602877631783485413e-02 1.481257528066635132e-01 1.326993294060230255e-02 2.443209849298000336e-02 2.606967277824878693e-02 1.065347227267920971e-03 5.477556958794593811e-02 5.305382609367370605e-02 5.765679106116294861e-02 4.447747766971588135e-02 2.613565698266029358e-02 1.884994842112064362e-02 4.632180556654930115e-02 3.851584345102310181e-02 1.075202319771051407e-02 1.372165698558092117e-02 5.891127511858940125e-02 5.331774055957794189e-02 1.627155207097530365e-02 9.652625769376754761e-02 5.093860998749732971e-02 4.051730781793594360e-02 1.202858090400695801e-01 4.408230260014533997e-02 2.928329445421695709e-02 6.175315380096435547e-02 2.031878195703029633e-02 1.322423107922077179e-02 4.708657041192054749e-02 6.680978834629058838e-02 1.334330160170793533e-02 3.018487058579921722e-02 5.186806991696357727e-02 2.826420776546001434e-02 1.588867753744125366e-01 2.171439863741397858e-02 4.872979223728179932e-02 2.356577850878238678e-02 2.918501943349838257e-02 3.060935810208320618e-02 8.043522387742996216e-02 4.623641446232795715e-02 1.454304996877908707e-02 4.386159125715494156e-03 2.622712403535842896e-02 2.020512521266937256e-02 6.963945925235748291e-02 8.914630115032196045e-02 2.965089492499828339e-02 3.230943903326988220e-02 2.146121300756931305e-02 6.374122202396392822e-02 4.434365406632423401e-02 5.899224430322647095e-02 2.866549976170063019e-02 3.991480171680450439e-02 6.822431832551956177e-02 8.317709900438785553e-03 1.232367381453514099e-02 3.937415778636932373e-02 3.867365047335624695e-02 3.681064397096633911e-02
1.268705576658248901e-01 1.895146071910858154e-01 2.439067885279655457e-02 1.411997154355049133e-02 4.247122630476951599e-02 6.334827095270156860e-02 1.113612428307533264e-01 4.599596187472343445e-02 7.204882334917783737e-03 3.991550207138061523e-02 1.717125177383422852e-01 6.152778491377830505e-02 1.237965226173400879e-01 3.905989974737167358e-02 7.800340652465820312e-02 4.127063229680061340e-02 3.704916685819625854e-02 1.925210282206535339e-02 6.802129000425338745e-02 2.561910822987556458e-02 2.519350126385688782e-02 6.509046256542205811e-02 4.834119230508804321e-02 2.876196987926959991e-02 2.093716524541378021e-02 4.275759682059288025e-02 5.078765098005533218e-03 7.202298194169998169e-02 1.656288653612136841e-02 8.268470875918865204e-03 7.273810915648937225e-03 2.229102142155170441e-02 1.009744033217430115e-02 2.052270621061325073e-02 3.934823349118232727e-02 7.029470801353454590e-02 4.095494002103805542e-02 5.083575472235679626e-02 5.664195120334625244e-02 8.467107079923152924e-03 4.151166975498199463e-02 2.543874643743038177e-02 3.237160667777061462e-02 1.482584164477884769e-03 5.405572056770324707e-02 2.681338228285312653e-03 1.464042346924543381e-02 2.784277871251106262e-02 3.083206713199615479e-02 6.599836051464080811e-03 2.839456684887409210e-02 4.242782667279243469e-02 1.031687203794717789e-02 1.142007857561111450e-02 6.773733766749501228e-04 6.357353413477540016e-05 4.215009976178407669e-03 1.606668345630168915e-02 2.106699906289577484e-02 1.586139015853404999e-02 2.959514409303665161e-02 1.532026473432779312e-02 1.229455508291721344e-02 1.636198908090591431e-02 3.698836639523506165e-02 6.369804590940475464e-02 2.641360973939299583e-03 6.965546868741512299e-03 4.322256520390510559e-02 7.995750755071640015e-03 1.962081715464591980e-02 6.626900285482406616e-03 2.665806375443935394e-02 2.531912922859191895e-02 1.037399168126285076e-03 1.344262342900037766e-02 2.771828882396221161e-02 3.700661286711692810e-02 1.933713071048259735e-02 2.990458346903324127e-02 1.119164284318685532e-02 8.679548045620322227e-04 3.069187281653285027e-03 2.449851490382570773e-05 2.361020818352699280e-02 4.194417595863342285e-02 4.732472077012062073e-02 7.050905376672744751e-02 5.635447427630424500e-02 8.260745089501142502e-04 2.441198378801345825e-02 3.606267645955085754e-02 5.025042966008186340e-02 4.353250935673713684e-02 3.391514718532562256e-02 2.504586800932884216e-02 3.154572797939181328e-03 5.846194922924041748e-02 3.042383678257465363e-02 3.586017340421676636e-02 8.286972530186176300e-03 4.525012150406837463e-02 8.194932015612721443e-04 9.529629722237586975e-03 1.601046882569789886e-02 5.608149990439414978e-02 3.550006449222564697e-02 3.036436066031455994e-02 6.306503713130950928e-02 2.339875325560569763e-02 1.108464202843606472e-03 4.850913211703300476e-02 1.867998973466455936e-03 6.395335309207439423e-03 1.898698322474956512e-02 1.195874158293008804e-02
