2.954269349575042725e-01 2.508831322193145752e-01 2.622025273740291595e-02 2.751021832227706909e-02 2.910341368988156319e-03 1.835195124149322510e-01 1.457036733627319336e-01 2.769400179386138916e-02 3.166282176971435547e-02 3.754895552992820740e-02 1.455045789480209351e-01 3.196400403976440430e-02 1.511825174093246460e-01 4.111708700656890869e-02 8.833342231810092926e-03 2.165902033448219299e-02 1.320101320743560791e-02 2.899847179651260376e-02 1.670136861503124237e-02 2.238795394077897072e-03 6.739658862352371216e-02 2.117158286273479462e-02 1.833824999630451202e-02 6.044106557965278625e-03 8.843981660902500153e-03 5.263729020953178406e-02 2.311374619603157043e-02 3.327454999089241028e-02 5.008987709879875183e-02 1.347047090530395508e-02 4.208804666996002197e-02 4.555607214570045471e-03 5.006576888263225555e-03 6.084024533629417419e-02 2.024448849260807037e-02 2.305258437991142273e-02 4.398484248667955399e-03 2.685579098761081696e-02 1.012295135296881199e-03 8.679736056365072727e-04 1.124516129493713379e-02 1.081866770982742310e-02 3.028438054025173187e-02 3.156832233071327209e-02 6.549386773258447647e-03 1.732044294476509094e-02 7.913573086261749268e-02 6.277188658714294434e-03 1.522470265626907349e-02 4.831852565985172987e-04 3.601491451263427734e-02 2.633852884173393250e-02 6.075938697904348373e-03 5.697107687592506409e-02 4.287165030837059021e-02 3.014650009572505951e-02 1.210678834468126297e-02 1.408725790679454803e-02 5.734639707952737808e-03 4.125519469380378723e-02 2.317360043525695801e-02 4.505997058004140854e-03 6.190261919982731342e-04 3.217803314328193665e-02 3.053557686507701874e-02 1.573520526289939880e-02 1.764614693820476532e-02 4.439919441938400269e-02 3.645323961973190308e-02 1.215111929923295975e-02 2.178351394832134247e-02 8.461732417345046997e-03 5.539696663618087769e-02 4.798805713653564453e-02 5.051613971590995789e-02 6.212265230715274811e-03 4.514451697468757629e-02 2.086112834513187408e-02 3.946942090988159180e-02 1.341665536165237427e-02 1.868697442114353180e-02 1.434302423149347305e-02 4.386553913354873657e-02 1.160256192088127136e-02 6.631112657487392426e-03 7.145377248525619507e-02 4.882881045341491699e-02 1.511519588530063629e-02 3.038295172154903412e-02 1.361535955220460892e-02 5.380039103329181671e-03 1.934723556041717529e-02 5.413416400551795959e-02 2.637241967022418976e-02 1.479170750826597214e-02 3.755721449851989746e-02 2.276517450809478760e-02 1.285304129123687744e-02 2.887878008186817169e-02 1.092423405498266220e-02 6.007050629705190659e-03 7.149056345224380493e-02 2.301849052309989929e-02 1.301377080380916595e-03 4.458255134522914886e-03 6.581151485443115234e-02 3.452429664321243763e-04 4.228387260809540749e-04 3.129953518509864807e-02 5.954132881015539169e-03 3.439601510763168335e-03 8.781614713370800018e-03 2.902871370315551758e-02 1.460803300142288208e-02 9.950537234544754028e-03 1.022393349558115005e-02
2.508831322193145752e-01 2.583119869232177734e-01 2.578425686806440353e-03 2.907648123800754547e-02 1.350614521652460098e-02 1.761628985404968262e-01 2.360681146383285522e-01 1.482813805341720581e-02 4.442015290260314941e-02 2.242015441879630089e-03 1.490030586719512939e-01 3.111525438725948334e-02 2.510862350463867188e-01 6.420763093046844006e-04 5.633840337395668030e-02 2.598506025969982147e-02 6.473013758659362793e-02 4.738368466496467590e-02 1.923549734055995941e-02 1.667703501880168915e-02 1.711368560791015625e-02 1.566737145185470581e-02 1.424958836287260056e-02 7.277872879058122635e-03 1.752432435750961304e-02 3.196565806865692139e-02 5.242111906409263611e-02 9.610433131456375122e-02 5.245506390929222107e-02 4.210978373885154724e-02 4.641455039381980896e-02 9.318841621279716492e-03 1.203719619661569595e-02 3.052913956344127655e-02 3.531295806169509888e-02 1.189184002578258514e-02 2.257975935935974121e-02 4.879789054393768311e-02 2.408757060766220093e-02 3.320875763893127441e-02 1.118089072406291962e-02 1.414779922924935818e-03 1.098660845309495926e-02 1.743264612741768360e-03 3.309523686766624451e-02 3.987817093729972839e-02 3.904595226049423218e-02 4.715751390904188156e-03 3.827872872352600098e-02 4.074991121888160706e-02 1.403745729476213455e-02 2.037133835256099701e-02 3.629434853792190552e-02 1.656614057719707489e-02 4.856590926647186279e-02 3.307736292481422424e-02 9.038921445608139038e-03 6.694960873574018478e-03 2.416897192597389221e-02 6.263945717364549637e-03 2.970553562045097351e-02 2.237033098936080933e-02 3.403063490986824036e-02 4.072802606970071793e-03 5.888123996555805206e-03 4.699838161468505859e-02 1.634758524596691132e-02 6.264176219701766968e-02 2.687857672572135925e-02 2.147388271987438202e-02 9.855867829173803329e-04 5.590761080384254456e-02 6.312401592731475830e-02 1.181878671050071716e-01 4.061849415302276611e-02 1.850514113903045654e-02 3.132432699203491211e-02 1.219935249537229538e-02 6.193881388753652573e-03 2.487773448228836060e-02 3.781127929687500000e-02 1.150320097804069519e-02 2.852321788668632507e-02 3.566886484622955322e-02 1.516335364431142807e-02 1.928827911615371704e-02 3.380990028381347656e-02 6.953573226928710938e-02 2.157873474061489105e-02 2.202711440622806549e-02 5.662580579519271851e-02 1.373158488422632217e-02 1.560365129262208939e-02 1.120134908705949783e-02 1.009330246597528458e-02 1.316536031663417816e-02 3.042154386639595032e-02 1.613564207218587399e-03 1.136459130793809891e-02 4.447682877071201801e-04 1.165143027901649475e-02 3.432102501392364502e-02 1.019923668354749680e-02 1.099378522485494614e-02 4.961923696100711823e-03 7.333058118820190430e-02 1.049674954265356064e-02 6.147330999374389648e-02 3.744817152619361877e-02 3.570045530796051025e-02 1.046424172818660736e-02 3.072997927665710449e-02 1.209224946796894073e-02 5.315696354955434799e-03 4.160758107900619507e-02 2.029069932177662849e-03
2.622025273740291595e-02 2.578425686806440353e-03 1.628609299659729004e-01 2.192072197794914246e-02 2.328027226030826569e-02 3.230929747223854065e-02 2.153713069856166840e-02 1.131956577301025391e-01 1.461543980985879898e-02 7.707777898758649826e-03 2.820959500968456268e-02 6.722871214151382446e-03 1.430077664554119110e-02 1.104551833122968674e-03 5.407412722706794739e-02 1.501724775880575180e-02 1.828503981232643127e-02 1.500807050615549088e-02 2.915447391569614410e-02 2.404665015637874603e-02 3.052077628672122955e-02 3.047068603336811066e-02 3.235953673720359802e-02 1.996589079499244690e-02 1.744727045297622681e-02 1.699644599284511060e-05 2.263927087187767029e-02 9.734313935041427612e-03 4.951218143105506897e-03 3.205315768718719482e-02 2.220744267106056213e-02 3.194804862141609192e-02 4.951551673002541065e-04 4.698097240179777145e-03 3.353424603119492531e-03 7.708050776273012161e-03 1.618912443518638611e-02 2.034588530659675598e-02 8.171758614480495453e-03 1.381255034357309341e-02 3.331006690859794617e-02 7.922990247607231140e-03 1.316462270915508270e-02 8.910741657018661499e-02 4.377164412289857864e-03 7.729322649538516998e-03 3.411586629226803780e-03 4.588524252176284790e-02 5.027491133660078049e-03 7.288783043622970581e-02 2.165633812546730042e-02 2.252344740554690361e-03 3.210155293345451355e-03 1.342215854674577713e-02 5.157422740012407303e-03 2.642174996435642242e-02 1.291516330093145370e-02 4.966299980878829956e-03 3.580347402021288872e-03 2.612161263823509216e-02 1.187970582395792007e-02 2.945655025541782379e-03 9.865744039416313171e-03 2.533016726374626160e-02 2.787080965936183929e-02 3.242981061339378357e-02 4.025622084736824036e-02 6.201056297868490219e-03 1.762931048870086670e-02 1.572966948151588440e-02 1.669920235872268677e-02 1.930156536400318146e-02 2.055985666811466217e-02 8.848902769386768341e-03 2.490829490125179291e-02 2.194757200777530670e-02 2.192204445600509644e-02 6.440408062189817429e-03 5.528769921511411667e-03 3.275191411375999451e-02 1.132688149809837341e-01 9.034110605716705322e-02 5.158239975571632385e-02 1.217642705887556076e-02 3.700621053576469421e-02 9.027210995554924011e-03 4.846962913870811462e-02 1.007394120097160339e-01 4.380169883370399475e-02 1.868938840925693512e-02 1.919407770037651062e-02 2.445369213819503784e-02 1.217629946768283844e-02 5.853015184402465820e-02 1.191547792404890060e-02 5.126741155982017517e-02 3.376678004860877991e-02 1.635694131255149841e-02 2.489565126597881317e-02 4.286854993551969528e-03 3.331870213150978088e-02 5.170933529734611511e-02 1.666919514536857605e-02 5.740704480558633804e-03 1.669104397296905518e-02 9.528434835374355316e-03 2.772069536149501801e-02 9.395647794008255005e-03 5.766066908836364746e-02 2.421894343569874763e-03 1.916100643575191498e-02 1.365444529801607132e-02 3.301131725311279297e-02 4.044484347105026245e-02 2.003410086035728455e-02 4.155768081545829773e-02
2.751021832227706909e-02 2.907648123800754547e-02 2.192072197794914246e-02 7.673601806163787842e-02 1.002615466713905334e-01 9.896705858409404755e-03 3.101791022345423698e-03 2.700605196878314018e-03 3.347248770296573639e-03 5.879624187946319580e-02 5.001701880246400833e-03 3.702405467629432678e-02 3.347090911120176315e-03 1.147482078522443771e-03 4.478437080979347229e-02 9.912936016917228699e-03 6.899473257362842560e-03 1.575202867388725281e-02 1.475001219660043716e-02 3.229720890522003174e-02 8.920541033148765564e-03 2.548586577177047729e-03 6.380612030625343323e-03 1.672597788274288177e-02 1.413255836814641953e-02 2.725726366043090820e-02 1.826705597341060638e-02 2.070762589573860168e-02 3.609038144350051880e-02 1.951053971424698830e-03 5.133944563567638397e-03 3.697221400216221809e-03 6.617734208703041077e-03 9.575759060680866241e-03 1.845309510827064514e-02 1.214389689266681671e-02 5.226942151784896851e-02 2.391123212873935699e-02 8.596386015415191650e-02 2.058859169483184814e-02 2.026857994496822357e-02 2.156296372413635254e-02 3.078855574131011963e-02 2.391885779798030853e-02 3.689090162515640259e-02 2.629837021231651306e-02 2.294416306540369987e-03 6.554993800818920135e-03 3.207015572115778923e-03 1.521441037766635418e-03 3.567046672105789185e-02 1.123413722962141037e-02 1.179197151213884354e-02 3.153184056282043457e-02 5.201764404773712158e-03 1.150942314416170120e-02 1.393062714487314224e-02 3.383403643965721130e-02 3.854583948850631714e-02 2.620870061218738556e-02 1.671147532761096954e-02 8.704494102858006954e-04 5.589066073298454285e-03 8.011915534734725952e-02 5.672391131520271301e-02 4.328620433807373047e-02 4.479868803173303604e-03 5.651780590415000916e-02 9.211386786773800850e-04 1.871929969638586044e-03 1.310499384999275208e-02 1.879390515387058258e-02 1.062232553958892822e-01 5.040704738348722458e-03 4.456948861479759216e-02 3.487223014235496521e-02 2.258924208581447601e-02 3.666097298264503479e-02 1.710400916635990143e-02 5.033615976572036743e-02 2.936616353690624237e-02 1.011066138744354248e-02 2.714389935135841370e-02 3.292527049779891968e-02 2.193507179617881775e-02 4.885943979024887085e-02 3.182793967425823212e-03 3.288038447499275208e-02 4.485981911420822144e-02 2.208490855991840363e-02 1.185984292533248663e-04 8.272952400147914886e-03 1.300717424601316452e-02 5.092138890177011490e-03 6.038540601730346680e-02 1.861651800572872162e-02 1.668710820376873016e-02 5.118657648563385010e-02 2.950586564838886261e-02 1.813264749944210052e-02 7.001558318734169006e-03 5.527924746274948120e-02 1.815073750913143158e-02 4.413732513785362244e-02 5.254440009593963623e-03 8.540241420269012451e-02 1.119280979037284851e-02 7.345362566411495209e-03 5.398656427860260010e-02 1.560607552528381348e-02 1.949405856430530548e-02 3.365531191229820251e-02 1.122971531003713608e-02 3.031310252845287323e-02 7.717500627040863037e-02 8.840318769216537476e-03
2.910341368988156319e-03 1.350614521652460098e-02 2.328027226030826569e-02 1.002615466713905334e-01 1.194009482860565186e-01 2.035426162183284760e-02 1.515792217105627060e-02 8.163383230566978455e-03 2.056374587118625641e-02 5.140920355916023254e-02 1.646944880485534668e-02 2.302871458232402802e-02 2.313402667641639709e-02 2.821810729801654816e-02 1.833648420870304108e-02 1.666231267154216766e-02 1.676032319664955139e-02 8.807557635009288788e-03 9.771770983934402466e-02 3.041462600231170654e-02 2.843891829252243042e-02 3.230747953057289124e-02 2.668990381062030792e-02 9.543678723275661469e-03 3.840455412864685059e-02 2.105915732681751251e-02 1.129659451544284821e-02 8.096605539321899414e-03 2.676394581794738770e-02 1.827284134924411774e-02 1.760057732462882996e-02 1.657417230308055878e-02 8.592750877141952515e-03 7.071486115455627441e-02 1.776039972901344299e-02 1.086659729480743408e-02 1.239433046430349350e-02 2.612840384244918823e-02 3.268561512231826782e-02 1.481626331806182861e-01 2.679051598533987999e-03 3.861573711037635803e-02 3.773544356226921082e-02 4.916935041546821594e-02 8.785246871411800385e-03 2.648352272808551788e-02 2.081023342907428741e-02 6.075074896216392517e-03 2.485058642923831940e-02 1.144586689770221710e-02 1.803115196526050568e-02 3.526783362030982971e-02 5.848054587841033936e-02 7.286237925291061401e-02 1.099045015871524811e-02 1.662050373852252960e-02 8.078171871602535248e-03 2.463226579129695892e-02 6.777889281511306763e-02 6.718301773071289062e-02 2.164163626730442047e-03 9.270884096622467041e-02 3.155279159545898438e-02 2.429062686860561371e-02 6.116328015923500061e-02 3.562279045581817627e-02 1.163722481578588486e-02 4.924605414271354675e-02 7.938762428238987923e-04 1.017259526997804642e-02 2.587954141199588776e-02 7.590475957840681076e-03 5.517006386071443558e-03 5.439109634608030319e-03 3.505872935056686401e-02 9.555540978908538818e-03 9.067663922905921936e-03 2.376109175384044647e-02 6.722950376570224762e-03 1.541583333164453506e-02 1.856127753853797913e-02 8.240360766649246216e-03 1.147306291386485100e-03 9.178785234689712524e-02 1.845903322100639343e-02 4.126135632395744324e-02 2.116149477660655975e-02 6.233630236238241196e-03 2.969803661108016968e-02 6.522123236209154129e-03 2.724759094417095184e-02 2.856251969933509827e-02 3.832523012533783913e-03 2.181975916028022766e-02 4.167554154992103577e-02 2.583052217960357666e-02 5.041446536779403687e-03 1.981194131076335907e-02 2.923771180212497711e-02 2.655574306845664978e-02 1.851468347012996674e-02 7.639354467391967773e-02 1.631571538746356964e-02 2.738346718251705170e-02 3.190877288579940796e-02 5.547714605927467346e-02 1.137161906808614731e-02 3.463239222764968872e-02 8.287947624921798706e-03 5.439213011413812637e-03 3.006889112293720245e-02 2.111609280109405518e-02 2.293987385928630829e-02 2.045941911637783051e-02 3.585860505700111389e-02 1.093639247119426727e-02
1.835195124149322510e-01 1.761628985404968262e-01 3.230929747223854065e-02 9.896705858409404755e-03 2.035426162183284760e-02 2.809863090515136719e-01 2.166323363780975342e-01 2.199629135429859161e-02 3.381911292672157288e-02 1.915448717772960663e-02 1.193783879280090332e-01 3.561436384916305542e-02 1.119342893362045288e-01 3.844144940376281738e-02 1.267283951165154576e-04 2.699748426675796509e-02 2.270480617880821228e-02 3.304672986268997192e-02 1.689603552222251892e-02 5.057990550994873047e-02 4.507789015769958496e-02 2.747514226939529181e-04 3.980768378823995590e-03 2.773904427886009216e-02 4.516799526754766703e-04 4.011060297489166260e-02 2.866564609576016665e-04 4.667134582996368408e-02 2.299936302006244659e-02 4.153710789978504181e-03 3.762811049818992615e-02 2.247131802141666412e-02 1.612031087279319763e-02 3.303334489464759827e-02 2.165904454886913300e-02 8.967131143435835838e-04 3.945221751928329468e-02 1.796521060168743134e-02 3.051463887095451355e-02 2.135046944022178650e-02 1.023821439594030380e-02 3.916264697909355164e-02 1.886663492769002914e-03 5.561922118067741394e-02 3.754349052906036377e-02 5.508140660822391510e-03 1.421457380056381226e-01 1.169459521770477295e-02 1.536409603431820869e-03 2.265326678752899170e-02 1.538970135152339935e-02 8.302447386085987091e-03 3.207051008939743042e-02 5.236358568072319031e-02 1.932785473763942719e-02 1.242726575583219528e-02 2.465365268290042877e-02 3.378908848389983177e-03 5.812355130910873413e-02 5.754048004746437073e-02 1.862426102161407471e-02 7.342216558754444122e-03 4.353942722082138062e-02 3.361903363838791847e-04 2.967007644474506378e-02 5.077001824975013733e-02 1.118877809494733810e-02 1.934226602315902710e-03 2.916808426380157471e-02 5.542611237615346909e-03 3.249425813555717468e-02 3.121937811374664307e-02 2.217295579612255096e-02 4.046202823519706726e-02 2.627997286617755890e-02 3.300526738166809082e-02 2.659894339740276337e-02 1.793168298900127411e-02 3.078343160450458527e-02 2.854056470096111298e-02 4.567254334688186646e-02 1.980803906917572021e-02 7.968661934137344360e-02 1.640615798532962799e-02 1.739816553890705109e-02 3.927847370505332947e-02 1.195845194160938263e-02 1.567645184695720673e-02 2.261395379900932312e-02 2.258064039051532745e-02 2.964749746024608612e-02 1.592999557033181190e-03 3.551431372761726379e-02 5.162461102008819580e-02 2.191327325999736786e-02 2.481510676443576813e-02 2.854775451123714447e-02 1.410530507564544678e-02 1.396266371011734009e-02 3.978127986192703247e-02 3.855209052562713623e-02 7.768622040748596191e-02 3.912579733878374100e-03 1.435029134154319763e-02 4.291151091456413269e-02 3.675744310021400452e-02 2.965772873722016811e-04 3.874824568629264832e-02 4.438971728086471558e-02 2.892428636550903320e-02 1.767363026738166809e-02 6.413207855075597763e-03 2.554698614403605461e-03 4.495624825358390808e-02 3.121675457805395126e-03 2.645740471780300140e-02
1.457036733627319336e-01 2.360681146383285522e-01 2.153713069856166840e-02 3.101791022345423698e-03 1.515792217105627060e-02 2.166323363780975342e-01 3.223642110824584961e-01 1.220490667037665844e-03 2.161660231649875641e-02 7.802651729434728622e-03 1.197738796472549438e-01 3.244419768452644348e-02 1.410420686006546021e-01 2.108173212036490440e-03 5.249612149782478809e-04 3.526624292135238647e-02 1.958061382174491882e-02 1.155877392739057541e-02 2.295030653476715088e-02 4.265898466110229492e-02 2.008681185543537140e-03 8.119936101138591766e-03 6.465734541416168213e-02 4.546263068914413452e-02 3.007634356617927551e-02 5.377684533596038818e-02 1.586971571668982506e-03 6.233477033674716949e-03 4.202397167682647705e-02 6.450922228395938873e-03 3.067670157179236412e-03 3.994199261069297791e-02 5.536123178899288177e-03 1.552566420286893845e-02 1.584986597299575806e-02 4.593564197421073914e-02 1.316802576184272766e-02 4.686643369495868683e-03 1.100733061321079731e-03 1.893081329762935638e-02 2.016107738018035889e-02 2.728460729122161865e-02 1.837810501456260681e-02 2.505888603627681732e-02 5.342562217265367508e-03 4.662026837468147278e-02 1.260584890842437744e-01 1.017454564571380615e-01 7.021812722086906433e-03 1.901476830244064331e-02 2.546109631657600403e-02 2.217795141041278839e-02 6.212747655808925629e-03 1.413507573306560516e-02 2.388192713260650635e-02 3.772228211164474487e-02 2.418333664536476135e-02 2.859483845531940460e-02 5.491584539413452148e-02 3.833240270614624023e-02 2.758202701807022095e-02 2.892343327403068542e-02 4.180429503321647644e-02 2.245286107063293457e-02 2.937500365078449249e-03 1.020442135632038116e-02 2.870892174541950226e-02 1.472283527255058289e-02 8.129556663334369659e-03 3.574026376008987427e-02 1.378382742404937744e-02 7.496275473386049271e-03 1.046594325453042984e-02 5.089721642434597015e-03 3.331179916858673096e-02 2.174058370292186737e-02 1.874700188636779785e-02 2.558583207428455353e-02 1.136839389801025391e-02 2.951904572546482086e-02 4.253504052758216858e-02 4.417299479246139526e-02 1.518982835114002228e-02 1.525573804974555969e-02 1.765981689095497131e-02 8.116684854030609131e-02 1.574028655886650085e-02 4.271435551345348358e-03 3.363804146647453308e-02 3.903222456574440002e-02 5.503709614276885986e-02 2.457389608025550842e-02 9.784272313117980957e-02 2.074017934501171112e-02 4.075169935822486877e-02 6.103214807808399200e-03 7.960605435073375702e-03 1.069736294448375702e-02 4.410386458039283752e-02 2.345195412635803223e-02 1.302473898977041245e-02 2.959127724170684814e-02 1.934805884957313538e-02 1.966824941337108612e-02 1.011765375733375549e-02 6.174045614898204803e-03 5.242415703833103180e-03 1.609284989535808563e-02 3.803798928856849670e-02 1.629869267344474792e-02 2.656710520386695862e-02 2.627535164356231689e-02 1.082944590598344803e-02 4.966505244374275208e-02 9.761511348187923431e-03 3.929676488041877747e-02
2.769400179386138916e-02 1.482813805341720581e-02 1.131956577301025391e-01 2.700605196878314018e-03 8.163383230566978455e-03 2.199629135429859161e-02 1.220490667037665844e-03 1.970874816179275513e-01 1.033988408744335175e-02 3.145476430654525757e-02 4.759564995765686035e-02 4.730165936052799225e-03 3.110538609325885773e-02 1.864619925618171692e-02 1.598218977451324463e-01 1.637041941285133362e-02 2.943300269544124603e-02 2.388145588338375092e-02 3.046992421150207520e-02 2.292598411440849304e-02 4.819009453058242798e-02 3.828623157460242510e-04 2.415566146373748779e-02 3.291331930086016655e-03 9.406522149220108986e-04 1.335591077804565430e-03 2.694879425689578056e-03 3.909436985850334167e-02 4.570049792528152466e-02 3.681946173310279846e-02 8.542060968466103077e-04 1.083409693092107773e-02 5.030226893723011017e-03 3.019141964614391327e-03 4.822634905576705933e-02 2.212687954306602478e-02 2.694849856197834015e-02 3.460691124200820923e-02 5.863937549293041229e-03 3.449289826676249504e-03 5.576760694384574890e-02 9.050786029547452927e-04 1.259849593043327332e-02 9.471298754215240479e-02 3.076727688312530518e-02 2.696322463452816010e-02 4.741917178034782410e-02 1.042932830750942230e-02 6.064200308173894882e-03 3.309065476059913635e-02 2.666290663182735443e-02 1.853102259337902069e-02 7.394947577267885208e-03 3.999215736985206604e-02 4.413236677646636963e-02 4.368453472852706909e-02 4.258865863084793091e-02 2.594390325248241425e-02 2.939227037131786346e-02 3.967166319489479065e-02 2.939164638519287109e-02 4.223231598734855652e-02 3.099145554006099701e-02 2.610581181943416595e-02 5.928154569119215012e-03 3.353683650493621826e-02 3.451538830995559692e-02 1.990964449942111969e-02 3.952429443597793579e-02 4.619303345680236816e-02 3.885550051927566528e-02 4.994750954210758209e-03 1.072965469211339951e-02 1.589172892272472382e-02 1.432310137897729874e-02 9.777533821761608124e-03 9.276814758777618408e-03 7.453049998730421066e-03 3.047162666916847229e-02 3.996980842202901840e-03 1.046956032514572144e-01 9.334049373865127563e-02 3.297663107514381409e-02 2.151856757700443268e-02 2.285419777035713196e-02 3.209212049841880798e-02 8.949027210474014282e-02 1.618236750364303589e-01 4.907556623220443726e-02 3.429190814495086670e-02 3.191290423274040222e-02 4.121943842619657516e-03 3.978822380304336548e-02 6.155213713645935059e-02 3.010699152946472168e-02 8.009193837642669678e-02 1.155516039580106735e-02 3.431826457381248474e-02 2.087890356779098511e-02 5.760733038187026978e-03 5.247558467090129852e-03 2.770723775029182434e-02 2.124762162566184998e-02 4.569714888930320740e-02 1.779880933463573456e-02 4.687571898102760315e-02 6.948862690478563309e-03 2.318115159869194031e-02 8.019411563873291016e-02 2.652638964354991913e-02 5.304113030433654785e-02 4.892227053642272949e-02 2.926076203584671021e-02 2.424011379480361938e-02 3.535360097885131836e-02 6.795734167098999023e-02
3.166282176971435547e-02 4.442015290260314941e-02 1.461543980985879898e-02 3.347248770296573639e-03 2.056374587118625641e-02 3.381911292672157288e-02 2.161660231649875641e-02 1.033988408744335175e-02 1.658364832401275635e-01 3.046832792460918427e-02 1.403097412548959255e-03 6.726482883095741272e-03 4.939432814717292786e-02 6.381452828645706177e-02 6.724862381815910339e-03 7.502859830856323242e-02 7.550766319036483765e-02 7.484805583953857422e-02 2.475175261497497559e-02 9.907225146889686584e-03 4.913661628961563110e-02 1.775786280632019043e-02 3.692882880568504333e-02 1.579490676522254944e-02 2.274099178612232208e-02 9.048568084836006165e-03 1.907169632613658905e-02 2.623948967084288597e-03 3.112203069031238556e-02 5.686286371201276779e-03 3.837273642420768738e-02 5.057472735643386841e-02 1.369045954197645187e-02 2.686193399131298065e-02 1.458179391920566559e-02 2.212481340393424034e-03 3.016248904168605804e-02 4.042235668748617172e-03 2.354982076212763786e-03 1.154908630996942520e-02 6.172117777168750763e-03 5.032398551702499390e-02 1.070285681635141373e-03 2.428943477571010590e-02 5.851263925433158875e-02 3.558575734496116638e-02 3.639982268214225769e-02 1.411654893308877945e-02 5.382056906819343567e-02 5.050362274050712585e-02 1.597452163696289062e-02 7.312002591788768768e-03 7.778294384479522705e-03 2.790137939155101776e-02 8.074115216732025146e-02 1.527634542435407639e-02 4.034342244267463684e-02 1.535747293382883072e-02 4.129553213715553284e-02 7.113231811672449112e-03 5.929995328187942505e-02 3.797639906406402588e-02 5.000847391784191132e-03 2.706822007894515991e-03 2.657995373010635376e-02 3.806564584374427795e-02 7.863429374992847443e-03 3.737727925181388855e-02 9.037130326032638550e-02 2.414887212216854095e-02 4.778063297271728516e-02 4.160916432738304138e-02 3.505501151084899902e-02 2.460969425737857819e-02 1.206561829894781113e-02 3.218266367912292480e-02 9.493124485015869141e-02 3.168518887832760811e-03 1.881290972232818604e-02 1.037327945232391357e-02 1.784460060298442841e-02 1.300419028848409653e-02 9.610021859407424927e-02 4.884914308786392212e-02 1.165993232280015945e-02 3.046572022140026093e-02 2.333362400531768799e-02 6.699232012033462524e-02 6.448026746511459351e-02 2.095461077988147736e-02 3.401844576001167297e-02 1.007307693362236023e-02 3.481759503483772278e-02 2.355165407061576843e-02 2.846665494143962860e-02 3.372445330023765564e-02 5.872865673154592514e-03 1.412428449839353561e-02 4.034648835659027100e-02 4.152162466198205948e-03 6.013548932969570160e-03 2.560974098742008209e-02 1.635142043232917786e-02 2.657633274793624878e-03 1.864101737737655640e-02 1.915399357676506042e-02 7.158383261412382126e-03 9.522943291813135147e-04 4.883741494268178940e-03 5.028462503105401993e-03 1.192155573517084122e-02 8.711038390174508095e-04 2.018368802964687347e-02 4.838152602314949036e-02 1.299841795116662979e-02 1.521214004606008530e-02
3.754895552992820740e-02 2.242015441879630089e-03 7.707777898758649826e-03 5.879624187946319580e-02 5.140920355916023254e-02 1.915448717772960663e-02 7.802651729434728622e-03 3.145476430654525757e-02 3.046832792460918427e-02 1.557526737451553345e-01 3.898451849818229675e-02 3.827512636780738831e-02 7.543062092736363411e-04 3.188150748610496521e-02 4.582352563738822937e-02 5.450539663434028625e-02 4.726848751306533813e-02 2.960651926696300507e-02 6.862681359052658081e-02 2.375088632106781006e-02 1.112334430217742920e-01 4.024279862642288208e-02 3.478126134723424911e-03 8.720695972442626953e-02 8.735543116927146912e-03 3.783367946743965149e-02 4.996723309159278870e-02 7.759082131087779999e-03 8.920004591345787048e-03 4.864220507442951202e-03 1.858944632112979889e-02 1.296636648476123810e-02 4.953917860984802246e-02 7.407755125313997269e-03 7.060118019580841064e-02 7.079556584358215332e-02 2.695554681122303009e-02 4.999814555048942566e-03 2.901640906929969788e-02 2.794025652110576630e-02 8.711596019566059113e-03 2.227178402245044708e-02 1.671053352765738964e-03 1.222282461822032928e-02 4.208250343799591064e-02 4.913702607154846191e-02 2.810329385101795197e-02 4.321113228797912598e-03 1.326774479821324348e-03 1.468189340084791183e-02 3.287861868739128113e-02 1.148872636258602142e-02 3.084311634302139282e-02 1.868136972188949585e-02 8.141400292515754700e-03 1.684421002864837646e-01 9.290420566685497761e-04 4.971620813012123108e-02 5.777621641755104065e-02 4.259385913610458374e-02 1.378245651721954346e-02 3.478466719388961792e-02 3.922721836715936661e-03 3.969316184520721436e-02 5.084940046072006226e-02 4.910558462142944336e-02 2.707312069833278656e-02 3.171729296445846558e-02 4.516693204641342163e-02 8.169360458850860596e-02 6.073202565312385559e-02 6.732591893523931503e-03 5.579255148768424988e-02 8.372069895267486572e-02 1.943310024216771126e-03 1.968335360288619995e-02 1.480366569012403488e-02 1.900626868009567261e-01 2.458299510180950165e-02 8.954777568578720093e-02 4.030787199735641479e-02 3.539820015430450439e-02 5.349155515432357788e-02 4.698463901877403259e-02 8.630585856735706329e-03 7.782325148582458496e-02 4.483431577682495117e-02 6.816644966602325439e-02 1.926440931856632233e-02 4.317044839262962341e-02 2.894646860659122467e-02 2.309612929821014404e-02 7.940564304590225220e-03 1.645357842789962888e-04 3.510743752121925354e-02 3.200540691614151001e-02 2.793995663523674011e-02 1.025255070999264717e-03 2.905868495872709900e-05 3.403518348932266235e-02 1.082292012870311737e-02 6.591467652469873428e-03 1.043116860091686249e-02 1.303575094789266586e-02 3.928627446293830872e-02 8.206695318222045898e-02 1.265084464102983475e-02 1.854848675429821014e-02 4.394680634140968323e-02 2.217653766274452209e-02 2.612610347568988800e-02 5.166983976960182190e-02 4.093604534864425659e-02 3.156353905797004700e-02 8.864924311637878418e-03 5.526519194245338440e-02
1.455045789480209351e-01 1.490030586719512939e-01 2.820959500968456268e-02 5.001701880246400833e-03 1.646944880485534668e-02 1.193783879280090332e-01 1.197738796472549438e-01 4.759564995765686035e-02 1.403097412548959255e-03 3.898451849818229675e-02 2.806903719902038574e-01 1.107930019497871399e-02 1.901850402355194092e-01 5.993279162794351578e-03 3.973718360066413879e-02 1.952313818037509918e-02 2.283706888556480408e-02 3.285118192434310913e-02 3.883300721645355225e-02 4.942236095666885376e-02 6.894430611282587051e-03 4.125466942787170410e-02 3.252720832824707031e-02 2.483827620744705200e-02 1.510658487677574158e-02 4.825172200798988342e-02 6.439916044473648071e-02 3.556454926729202271e-02 2.322237566113471985e-02 5.008805077522993088e-03 4.765958990901708603e-03 2.915726415812969208e-02 4.465240240097045898e-02 1.617588475346565247e-02 2.653786446899175644e-03 2.812990732491016388e-02 2.460496500134468079e-02 1.832569390535354614e-02 3.296700865030288696e-02 2.301058731973171234e-02 2.657945267856121063e-02 3.717241063714027405e-02 3.061979822814464569e-02 3.224572911858558655e-02 3.769802302122116089e-02 6.062887609004974365e-03 9.704934060573577881e-02 4.668853804469108582e-02 4.009901359677314758e-02 2.812428399920463562e-02 2.718446031212806702e-02 2.209998108446598053e-02 6.681852508336305618e-03 4.057048261165618896e-02 2.518924698233604431e-02 1.954551972448825836e-02 4.615739453583955765e-03 3.203457593917846680e-02 4.678129032254219055e-02 2.231169724836945534e-03 2.278717979788780212e-02 9.441661648452281952e-03 3.597372025251388550e-02 1.847765780985355377e-02 6.875304132699966431e-02 4.799696058034896851e-02 4.205891396850347519e-03 5.515474081039428711e-02 3.048044256865978241e-02 2.207089128205552697e-04 1.570956408977508545e-02 1.410832069814205170e-02 4.559024423360824585e-02 2.498408220708370209e-02 4.467643331736326218e-03 3.164654970169067383e-02 1.058849133551120758e-02 2.475575357675552368e-02 3.545258566737174988e-02 1.059295143932104111e-02 3.440658375620841980e-02 1.094646868295967579e-04 3.318733349442481995e-02 5.199275445193052292e-03 2.209336683154106140e-02 5.503488332033157349e-02 4.418418928980827332e-02 2.113145403563976288e-02 4.899381846189498901e-02 9.714125655591487885e-03 2.902663126587867737e-02 6.814733892679214478e-02 1.388912834227085114e-02 4.119231179356575012e-02 9.359660325571894646e-04 3.274909406900405884e-02 2.318980172276496887e-02 2.617819979786872864e-02 1.965895667672157288e-02 4.116875305771827698e-02 2.270432747900485992e-02 1.490936335176229477e-02 2.489584311842918396e-02 2.738277055323123932e-02 3.293575486168265343e-03 5.535960942506790161e-02 8.374220691621303558e-03 5.102792754769325256e-02 9.679998457431793213e-02 2.960288710892200470e-02 2.149422839283943176e-02 2.619460038840770721e-02 1.942177861928939819e-02 1.016717776656150818e-02 1.058309245854616165e-02 2.489363029599189758e-02
3.196400403976440430e-02 3.111525438725948334e-02 6.722871214151382446e-03 3.702405467629432678e-02 2.302871458232402802e-02 3.561436384916305542e-02 3.244419768452644348e-02 4.730165936052799225e-03 6.726482883095741272e-03 3.827512636780738831e-02 1.107930019497871399e-02 2.179634273052215576e-01 2.803579904139041901e-02 2.944341003894805908e-01 1.449803821742534637e-03 2.756550908088684082e-02 9.770593605935573578e-03 4.826978221535682678e-02 1.742303185164928436e-02 1.944257412105798721e-03 6.117488071322441101e-02 2.535508573055267334e-02 5.149307101964950562e-02 5.269277840852737427e-02 7.090806495398283005e-03 1.400898490101099014e-02 1.140802865847945213e-03 1.316105723381042480e-01 2.765450254082679749e-02 1.531680822372436523e-01 5.836587399244308472e-03 2.962529286742210388e-02 2.723930589854717255e-02 3.749986365437507629e-02 1.534436084330081940e-02 4.262770712375640869e-02 2.020429447293281555e-02 3.853450529277324677e-03 1.265823282301425934e-02 3.222369775176048279e-02 1.997939124703407288e-02 6.638405378907918930e-03 2.901552710682153702e-03 2.423617430031299591e-02 1.027100160717964172e-01 2.566653117537498474e-02 3.694194555282592773e-02 4.515345767140388489e-02 5.376385524868965149e-02 1.055584847927093506e-02 8.255395293235778809e-02 8.162020146846771240e-02 8.608729578554630280e-03 5.847643129527568817e-03 6.879410892724990845e-02 4.228599369525909424e-02 5.452670902013778687e-02 9.138529002666473389e-02 7.513877935707569122e-04 1.054138643667101860e-03 4.837157577276229858e-02 1.804183796048164368e-02 1.944120042026042938e-02 2.242746017873287201e-02 1.890867017209529877e-02 3.591382130980491638e-02 3.041775152087211609e-02 2.875595167279243469e-02 2.947543933987617493e-02 2.978672087192535400e-02 2.095053717494010925e-02 5.372657906264066696e-03 4.759836196899414062e-02 5.513277649879455566e-02 4.225176945328712463e-02 3.700260538607835770e-03 2.912588790059089661e-02 6.456962972879409790e-02 4.000474512577056885e-02 1.437366381287574768e-02 2.262862212955951691e-02 1.727474667131900787e-02 4.980445653200149536e-02 4.756727814674377441e-02 4.931096918880939484e-03 6.773867458105087280e-02 1.767980493605136871e-02 6.674262881278991699e-02 1.183808445930480957e-01 1.567074507474899292e-01 1.954350247979164124e-02 7.197967264801263809e-03 1.112915808334946632e-03 1.248142775148153305e-02 3.106343001127243042e-02 3.835697844624519348e-02 1.085747126489877701e-02 2.369893155992031097e-02 1.366140693426132202e-02 4.736872762441635132e-02 3.333162749186158180e-03 1.086934283375740051e-02 2.338078484172001481e-04 3.845138708129525185e-03 4.418541793711483479e-04 2.189867431297898293e-03 3.435829654335975647e-02 1.638334803283214569e-02 3.849073871970176697e-02 2.531369449570775032e-03 9.694788604974746704e-03 2.218095213174819946e-02 4.071803763508796692e-03 3.687377646565437317e-02 9.420255199074745178e-03 1.140656042844057083e-02
1.511825174093246460e-01 2.510862350463867188e-01 1.430077664554119110e-02 3.347090911120176315e-03 2.313402667641639709e-02 1.119342893362045288e-01 1.410420686006546021e-01 3.110538609325885773e-02 4.939432814717292786e-02 7.543062092736363411e-04 1.901850402355194092e-01 2.803579904139041901e-02 2.664948701858520508e-01 7.759932894259691238e-03 8.903454244136810303e-02 1.497754640877246857e-02 1.137398853898048401e-01 2.983196452260017395e-02 3.429516404867172241e-02 3.179096151143312454e-03 1.974321343004703522e-02 3.768214210867881775e-02 3.359024971723556519e-02 2.325844019651412964e-02 5.458869785070419312e-02 2.454452775418758392e-02 4.739873111248016357e-02 4.160256311297416687e-02 3.523083403706550598e-02 1.671226578764617443e-03 1.054826285690069199e-02 4.266455024480819702e-02 1.708234893158078194e-03 4.270902648568153381e-02 1.623862795531749725e-02 2.641475945711135864e-02 3.270144015550613403e-02 3.069199807941913605e-02 1.271379739046096802e-02 8.558920584619045258e-03 1.307763624936342239e-02 3.531059622764587402e-02 3.292022738605737686e-04 2.588965930044651031e-02 3.453399240970611572e-02 4.916210100054740906e-02 6.355009227991104126e-02 4.734420403838157654e-02 3.340103849768638611e-02 1.023871172219514847e-02 4.316095262765884399e-03 2.240443835034966469e-03 1.751930452883243561e-02 3.845371305942535400e-02 3.141898289322853088e-02 3.202007338404655457e-02 3.741103783249855042e-02 4.525242373347282410e-02 7.803117856383323669e-03 2.958058752119541168e-02 3.084837272763252258e-02 4.643808677792549133e-02 4.136656352784484625e-04 3.126579150557518005e-02 3.396721556782722473e-02 9.348628111183643341e-03 3.622419200837612152e-03 2.637488208711147308e-02 2.186956116929650307e-03 5.107135698199272156e-02 3.003104962408542633e-02 2.388617768883705139e-02 5.049035325646400452e-02 5.460844375193119049e-03 3.395904228091239929e-02 1.870380528271198273e-02 5.148731917142868042e-02 3.205559030175209045e-02 4.303251206874847412e-02 4.171261563897132874e-02 2.505889348685741425e-02 5.099691078066825867e-02 3.910832572728395462e-03 2.404194325208663940e-02 7.783611770719289780e-03 4.590437188744544983e-02 5.108408629894256592e-02 1.589773595333099365e-02 1.052612159401178360e-02 1.564214192330837250e-02 2.430465258657932281e-02 5.105669051408767700e-02 1.277422532439231873e-02 1.211679354310035706e-02 4.490882158279418945e-02 2.353603579103946686e-02 2.480787038803100586e-02 1.066975761204957962e-02 1.009197812527418137e-02 5.772788450121879578e-02 1.982469111680984497e-02 5.130342021584510803e-02 1.928497478365898132e-02 3.690820652991533279e-03 2.345486357808113098e-02 6.355109065771102905e-02 1.498294528573751450e-02 4.866253957152366638e-02 9.916511923074722290e-02 1.207777298986911774e-02 1.602959632873535156e-02 1.606249064207077026e-02 3.491652756929397583e-02 1.131350267678499222e-02 2.890952117741107941e-02 2.322395704686641693e-02
