2.513416409492492676e-01 1.062593609094619751e-01 1.030705962330102921e-02 2.052205614745616913e-02 1.341566443443298340e-02 8.447679877281188965e-02 8.705043792724609375e-02 7.714629755355417728e-04 6.553844083100557327e-03 4.228859907016158104e-04 9.660294651985168457e-02 3.061003983020782471e-03 7.899349927902221680e-02 1.008132845163345337e-02 4.191112518310546875e-02 3.812981303781270981e-03 3.357810154557228088e-02 1.885684952139854431e-02 5.181995220482349396e-04 4.771230742335319519e-02 2.439540252089500427e-02 2.450205013155937195e-02 2.418962679803371429e-02 3.182945027947425842e-02 3.799923881888389587e-02 3.585619479417800903e-02 1.815218664705753326e-02 1.502684038132429123e-02 4.202940687537193298e-02 2.082920260727405548e-02 7.776347547769546509e-02 2.991209924221038818e-02 4.084896296262741089e-02 2.862818911671638489e-02 3.869196807499974966e-04 3.074108436703681946e-02 2.510573156177997589e-02 9.338040836155414581e-03 2.345832809805870056e-02 2.246813289821147919e-02 1.628301455639302731e-03 2.868499793112277985e-02 2.130867727100849152e-02 1.033472828567028046e-02 3.010346740484237671e-02 3.420062735676765442e-02 8.512668311595916748e-02 8.486331254243850708e-02 1.449583284556865692e-02 1.782157574780285358e-03 1.302834134548902512e-02 1.377243641763925552e-02 4.772366490215063095e-03 1.050602644681930542e-02 9.573958814144134521e-04 5.151326302438974380e-03 3.982169926166534424e-02 3.878765925765037537e-02 1.632302068173885345e-02 4.072747193276882172e-03 1.721639127936214209e-04 8.541643619537353516e-04 4.539458453655242920e-02 2.367761172354221344e-02 3.575039282441139221e-02 4.567978903651237488e-02 2.795513020828366280e-03 8.089304901659488678e-03 1.253648288547992706e-02 1.729859039187431335e-02 5.488404072821140289e-03 2.642801497131586075e-03 1.012352854013442993e-02 1.769619993865489960e-02 1.179220527410507202e-02 1.032904442399740219e-02 1.266958890482783318e-03 3.361732000485062599e-03 2.405305206775665283e-02 3.530231479089707136e-04 8.841527625918388367e-03 2.769406186416745186e-03 6.909654941409826279e-03 9.289829060435295105e-03 2.180177718400955200e-02 7.936785928905010223e-03 2.572561055421829224e-02 3.477527946233749390e-02 1.663430593907833099e-02 3.593898611143231392e-03 5.605110526084899902e-02 2.432049997150897980e-02 7.636069506406784058e-02 2.902402728796005249e-02 3.991973772644996643e-02 1.650506071746349335e-02 1.611748524010181427e-02 6.269193254411220551e-03 1.830277964472770691e-02 2.759240753948688507e-02 2.222437784075737000e-02 2.384958090260624886e-03 2.479157783091068268e-02 1.814048178493976593e-02 2.526689879596233368e-02 9.082883596420288086e-03 2.757141180336475372e-02 1.850657630711793900e-03 2.599278837442398071e-02 1.714300736784934998e-02 1.068393513560295105e-02 1.020551566034555435e-02 1.283898111432790756e-02 8.018075488507747650e-03 1.695707999169826508e-02 4.493214935064315796e-02
1.062593609094619751e-01 2.542670965194702148e-01 2.994830720126628876e-02 2.337657846510410309e-02 3.258973360061645508e-02 9.976854175329208374e-02 1.321535557508468628e-01 2.148992009460926056e-02 9.854712989181280136e-04 5.830466747283935547e-03 6.953869760036468506e-02 4.226000513881444931e-03 1.150868162512779236e-01 2.323939092457294464e-02 4.608891531825065613e-02 1.114753540605306625e-02 1.780285686254501343e-02 6.166225299239158630e-03 1.708657853305339813e-02 3.337763622403144836e-02 3.693329170346260071e-02 3.359755128622055054e-02 8.204033598303794861e-03 2.902993001043796539e-03 1.008621789515018463e-02 3.350139409303665161e-02 1.133116334676742554e-02 6.528035737574100494e-03 1.425442565232515335e-02 8.472279645502567291e-03 6.921030580997467041e-02 1.907742209732532501e-02 1.766022667288780212e-02 2.435652166604995728e-02 4.137192852795124054e-03 2.476739883422851562e-02 4.642109945416450500e-02 2.557169832289218903e-02 2.667854167520999908e-02 2.951839193701744080e-02 6.299396976828575134e-03 2.495078369975090027e-02 1.959879510104656219e-02 2.687947079539299011e-02 2.710458822548389435e-02 5.909909959882497787e-03 8.720963448286056519e-02 1.027862206101417542e-01 2.019985392689704895e-02 1.877418719232082367e-02 1.599475368857383728e-02 6.719875964336097240e-04 1.320639625191688538e-03 1.358086057007312775e-02 1.478331908583641052e-02 8.784806355834007263e-03 3.282127203419804573e-03 2.908223122358322144e-02 2.834816835820674896e-02 2.317946869879961014e-03 9.339045733213424683e-03 2.778323134407401085e-03 3.456736356019973755e-02 2.146503888070583344e-02 1.797086186707019806e-02 5.921971052885055542e-02 1.176924211904406548e-03 2.574259042739868164e-02 8.120802231132984161e-03 1.868162769824266434e-03 8.243478834629058838e-03 6.779454997740685940e-04 1.961798965930938721e-02 1.784224621951580048e-02 1.313776616007089615e-02 3.050799109041690826e-02 7.999011315405368805e-03 2.981985919177532196e-03 7.413084618747234344e-03 1.376637071371078491e-02 9.858661331236362457e-03 3.269787644967436790e-03 2.139043062925338745e-02 7.938662543892860413e-03 3.783107176423072815e-02 6.879180669784545898e-03 2.166446298360824585e-02 4.274598509073257446e-02 2.655944228172302246e-02 2.992805652320384979e-02 2.338231541216373444e-02 4.021842032670974731e-02 7.107535004615783691e-02 4.340003803372383118e-02 1.212884578853845596e-02 2.387735061347484589e-02 1.006650459021329880e-02 7.340337615460157394e-04 1.871747337281703949e-02 3.085692413151264191e-02 2.792954631149768829e-02 2.223304845392704010e-02 1.371451653540134430e-02 5.927093792706727982e-03 8.847746066749095917e-03 1.407288108021020889e-02 1.977999322116374969e-02 1.945777423679828644e-02 5.044952780008316040e-02 8.227503858506679535e-03 1.139614358544349670e-02 1.881226710975170135e-02 1.420632191002368927e-02 3.384797833859920502e-03 1.375854667276144028e-02 2.472859248518943787e-02
1.030705962330102921e-02 2.994830720126628876e-02 1.988409906625747681e-01 8.433293551206588745e-03 4.556892439723014832e-02 6.750617176294326782e-03 3.591437265276908875e-02 9.876625239849090576e-02 4.889374971389770508e-02 2.710308879613876343e-02 5.538581870496273041e-03 1.417718362063169479e-02 3.248548135161399841e-02 1.912238262593746185e-02 6.269167643040418625e-03 6.740397773683071136e-03 6.497414410114288330e-02 3.200145810842514038e-02 7.365304976701736450e-02 1.672627218067646027e-02 2.714605815708637238e-02 5.761246383190155029e-02 2.565354108810424805e-02 3.997832909226417542e-02 1.041620224714279175e-02 4.715307429432868958e-02 4.568269848823547363e-02 2.122872509062290192e-02 3.186589851975440979e-02 4.024944081902503967e-02 5.070488899946212769e-02 4.257397353649139404e-02 7.176510989665985107e-02 1.251151040196418762e-02 3.032498061656951904e-04 6.234261672943830490e-03 6.032074801623821259e-03 5.699450895190238953e-02 1.803510636091232300e-02 3.514430299401283264e-02 4.141849465668201447e-03 3.763832151889801025e-02 1.000740099698305130e-02 4.386079963296651840e-03 3.250750899314880371e-02 3.860963275656104088e-03 1.748002134263515472e-02 4.178936406970024109e-02 3.347977995872497559e-02 2.693101577460765839e-02 5.638643726706504822e-02 2.959136106073856354e-02 3.672196716070175171e-02 1.916512963362038136e-03 2.988210879266262054e-02 6.072646938264369965e-03 4.973228089511394501e-03 1.847423240542411804e-02 1.127059198915958405e-02 1.387325767427682877e-02 3.996327891945838928e-02 2.088323980569839478e-02 2.078359015285968781e-02 2.642987482249736786e-02 1.083519402891397476e-02 7.904633879661560059e-03 5.423925351351499557e-03 5.918408744037151337e-03 1.117730420082807541e-02 5.828118883073329926e-03 4.492783546447753906e-02 4.239898920059204102e-02 2.594089880585670471e-02 4.626581445336341858e-03 3.533861413598060608e-02 5.829365551471710205e-02 4.707616195082664490e-02 2.380798384547233582e-02 1.376312226057052612e-02 1.533777359873056412e-02 1.342174857854843140e-01 1.576962172985076904e-01 1.896529644727706909e-02 9.680867195129394531e-02 6.569483317434787750e-03 2.735935617238283157e-03 3.666551411151885986e-02 7.885721325874328613e-02 8.973039686679840088e-02 3.454907983541488647e-02 3.864469751715660095e-02 1.722082123160362244e-02 4.121514409780502319e-02 2.068110555410385132e-02 1.378657203167676926e-02 8.789779618382453918e-03 2.432631328701972961e-02 1.693764515221118927e-02 1.509935129433870316e-02 3.120699152350425720e-02 1.546802278608083725e-02 3.658667951822280884e-02 2.491461578756570816e-03 9.132955223321914673e-03 3.410295024514198303e-02 7.441215217113494873e-02 6.179641932249069214e-02 1.887804828584194183e-02 5.290812999010086060e-02 2.952366508543491364e-02 5.784369260072708130e-02 8.048290386795997620e-03 5.616260692477226257e-02 4.687652923166751862e-03 1.109263487160205841e-02 1.958496309816837311e-02
2.052205614745616913e-02 2.337657846510410309e-02 8.433293551206588745e-03 2.761483192443847656e-01 3.689829409122467041e-01 1.925976388156414032e-02 2.843924565240740776e-03 2.160788513720035553e-02 8.887636475265026093e-03 1.850022189319133759e-02 8.468158543109893799e-03 2.135766670107841492e-02 2.640166319906711578e-03 3.032940439879894257e-03 2.348893694579601288e-02 2.552403882145881653e-02 1.248200535774230957e-01 5.763369798660278320e-02 8.714197576045989990e-02 1.389698125422000885e-02 1.558571495115756989e-02 1.258802949450910091e-04 4.730135574936866760e-02 4.551583155989646912e-02 6.098548416048288345e-03 3.039343655109405518e-02 2.751382440328598022e-02 9.242841042578220367e-03 2.007552236318588257e-02 2.560306899249553680e-02 2.800624072551727295e-02 1.944603212177753448e-02 1.116229519248008728e-01 6.896496564149856567e-02 9.841860830783843994e-02 7.514571398496627808e-02 3.083696775138378143e-02 4.065744578838348389e-02 1.356659680604934692e-01 1.027008965611457825e-01 5.081791430711746216e-02 1.969682611525058746e-02 1.344707794487476349e-02 6.017312780022621155e-02 4.422640893608331680e-03 3.616826981306076050e-02 2.982864901423454285e-02 1.738489046692848206e-02 4.585000500082969666e-02 5.847902968525886536e-02 5.010594800114631653e-02 3.467340394854545593e-02 3.981030359864234924e-02 4.057445377111434937e-02 2.950881374999880791e-03 7.199721876531839371e-03 4.199903830885887146e-02 4.035175964236259460e-02 3.503227233886718750e-02 1.715657673776149750e-02 1.159760281443595886e-01 9.369485825300216675e-02 6.248710677027702332e-02 1.790902391076087952e-02 2.491080760955810547e-02 2.403137274086475372e-02 5.082043260335922241e-02 3.907491266727447510e-02 4.024092853069305420e-02 2.579999528825283051e-02 1.526785921305418015e-02 3.253568196669220924e-03 1.361309736967086792e-01 3.713486716151237488e-02 2.415065839886665344e-02 3.713786602020263672e-02 4.261576570570468903e-03 3.642024099826812744e-02 1.728643290698528290e-02 5.064893513917922974e-02 3.742842748761177063e-02 5.499521736055612564e-03 6.589393317699432373e-02 9.221935644745826721e-03 4.885571077466011047e-02 1.959096454083919525e-02 3.420720621943473816e-02 3.975720331072807312e-02 1.250739395618438721e-02 1.552616432309150696e-02 1.034263428300619125e-02 3.028565645217895508e-02 1.167147420346736908e-03 1.315440423786640167e-02 6.461351364850997925e-02 6.134881451725959778e-02 5.654241144657135010e-02 7.271492481231689453e-02 2.916146069765090942e-02 3.411002457141876221e-02 4.341006278991699219e-03 1.587466686032712460e-03 1.232940703630447388e-02 4.463351890444755554e-02 3.182246536016464233e-02 3.928666561841964722e-02 3.223053365945816040e-02 4.018352925777435303e-02 2.715373411774635315e-02 3.938219044357538223e-03 8.437092415988445282e-03 2.639820054173469543e-02 4.352064803242683411e-02 3.600913286209106445e-02 2.048460207879543304e-02 4.155120253562927246e-02
1.341566443443298340e-02 3.258973360061645508e-02 4.556892439723014832e-02 3.689829409122467041e-01 2.866072058677673340e-01 5.731447041034698486e-02 2.053290233016014099e-02 3.433194011449813843e-02 3.688292345032095909e-03 4.009174648672342300e-03 1.676364801824092865e-02 1.628016307950019836e-02 7.515765726566314697e-03 5.980208516120910645e-03 1.395807974040508270e-02 5.960953235626220703e-02 4.942070692777633667e-02 2.103055827319622040e-02 6.474159657955169678e-02 2.600868605077266693e-02 6.693241652101278305e-03 3.693596646189689636e-02 3.435003012418746948e-02 9.474919177591800690e-03 6.967659108340740204e-03 4.517855495214462280e-02 2.957591228187084198e-02 5.638454109430313110e-02 5.570488050580024719e-03 3.491586819291114807e-02 9.500734508037567139e-03 6.720589473843574524e-03 3.478128090500831604e-02 2.525538904592394829e-03 4.209389165043830872e-02 5.727571994066238403e-02 3.066942282021045685e-02 2.099387347698211670e-02 1.834116131067276001e-01 1.987346261739730835e-01 1.314946822822093964e-02 1.017137663438916206e-03 2.725576050579547882e-02 6.123893707990646362e-02 1.564542576670646667e-02 2.859122678637504578e-02 1.473097968846559525e-02 3.581201890483498573e-04 5.864290520548820496e-03 1.514607667922973633e-02 2.977668540552258492e-03 2.537547843530774117e-03 3.641460090875625610e-02 1.786896400153636932e-02 2.236193604767322540e-02 5.403434485197067261e-02 3.163268044590950012e-02 4.145489260554313660e-02 1.029533147811889648e-02 1.923064142465591431e-02 7.122533768415451050e-02 8.390909433364868164e-02 6.123423576354980469e-02 5.286890640854835510e-02 2.073738351464271545e-02 2.078128606081008911e-02 7.432831916958093643e-04 2.841390669345855713e-02 4.343321174383163452e-02 4.622917622327804565e-02 4.482647031545639038e-02 3.992810845375061035e-02 6.013986468315124512e-02 3.418549522757530212e-02 2.542850188910961151e-02 3.002673760056495667e-02 1.321606710553169250e-02 4.275012295693159103e-03 1.511466037482023239e-02 1.907907053828239441e-02 9.859412675723433495e-04 1.627458259463310242e-02 6.444980949163436890e-02 4.721832647919654846e-02 7.054357975721359253e-02 5.352733284235000610e-02 2.351777255535125732e-02 7.337506860494613647e-03 1.927730254828929901e-02 3.148894757032394409e-02 1.418027468025684357e-02 3.149142488837242126e-02 6.426765117794275284e-03 1.645283773541450500e-02 1.064686197787523270e-02 3.969809412956237793e-02 4.385730717331171036e-03 3.337366506457328796e-02 1.148839830420911312e-03 2.398681268095970154e-02 4.419471323490142822e-02 1.016938220709562302e-02 4.121369682252407074e-03 3.014491125941276550e-02 5.474283825606107712e-03 7.892887108027935028e-03 8.522749878466129303e-03 6.384872831404209137e-03 8.517167530953884125e-03 5.982683226466178894e-02 4.529805853962898254e-02 7.996437139809131622e-03 1.836928352713584900e-02 2.601887285709381104e-02 4.062819853425025940e-02 9.287026710808277130e-03
8.447679877281188965e-02 9.976854175329208374e-02 6.750617176294326782e-03 1.925976388156414032e-02 5.731447041034698486e-02 2.710687518119812012e-01 2.512321770191192627e-01 2.817463316023349762e-02 7.850462570786476135e-03 2.841771952807903290e-02 5.107353255152702332e-02 4.752869904041290283e-02 5.133459717035293579e-02 7.663001120090484619e-02 2.484939061105251312e-02 4.796355962753295898e-02 7.275588810443878174e-02 3.773986920714378357e-02 8.331054449081420898e-02 3.872069343924522400e-02 2.147825667634606361e-03 1.704904064536094666e-02 2.057117410004138947e-02 4.558372125029563904e-02 1.027560979127883911e-02 6.426887214183807373e-02 2.254529111087322235e-02 9.449635446071624756e-02 3.269024193286895752e-03 1.031031310558319092e-01 2.410341054201126099e-02 9.046744555234909058e-03 1.962921582162380219e-02 1.551152905449271202e-03 1.173513196408748627e-02 2.939316816627979279e-02 2.565847896039485931e-02 3.867947682738304138e-02 9.103369899094104767e-03 9.234568104147911072e-03 1.515996828675270081e-02 2.651810459792613983e-02 1.517564803361892700e-02 1.331336144357919693e-02 6.000157445669174194e-02 7.257932424545288086e-02 1.339968591928482056e-01 1.164870113134384155e-01 1.009666081517934799e-02 4.912543110549449921e-03 1.515217311680316925e-02 3.363319113850593567e-02 1.373061817139387131e-02 9.196663275361061096e-03 3.509319946169853210e-02 8.950376883149147034e-03 2.076799608767032623e-02 3.046421706676483154e-02 2.219874877482652664e-03 5.617347778752446175e-04 3.974002227187156677e-02 1.943434774875640869e-02 7.803495507687330246e-03 2.340261451900005341e-02 1.278899027965962887e-03 2.445517852902412415e-02 1.696276478469371796e-02 1.027298974804580212e-03 1.803623698651790619e-02 2.341099269688129425e-02 1.370545942336320877e-02 8.315045386552810669e-03 4.089784622192382812e-02 9.752084733918309212e-04 1.971762860193848610e-03 1.697132922708988190e-02 1.397256832569837570e-02 4.340326413512229919e-02 4.876303300261497498e-02 1.989596150815486908e-02 3.181274235248565674e-02 1.162683311849832535e-02 2.117795310914516449e-02 4.331557080149650574e-02 2.744074910879135132e-02 3.267869353294372559e-02 1.306243427097797394e-02 3.687465330585837364e-03 1.049557998776435852e-01 1.038236729800701141e-02 5.866557359695434570e-02 1.282195188105106354e-02 5.074335634708404541e-02 1.669557951390743256e-02 4.588807374238967896e-02 3.782127052545547485e-02 1.243991893716156483e-03 6.009320728480815887e-03 8.714409545063972473e-03 2.267507649958133698e-02 3.561969613656401634e-03 1.525217015296220779e-02 1.653176173567771912e-02 7.689340040087699890e-03 3.332280740141868591e-02 2.720143459737300873e-02 2.218136191368103027e-02 2.365588955581188202e-02 2.069582045078277588e-02 4.422419518232345581e-02 2.768788486719131470e-03 5.806933157145977020e-03 1.703837886452674866e-02 3.789101028814911842e-03 2.012346684932708740e-02 2.021676627919077873e-03
8.705043792724609375e-02 1.321535557508468628e-01 3.591437265276908875e-02 2.843924565240740776e-03 2.053290233016014099e-02 2.512321770191192627e-01 2.782681882381439209e-01 4.130134359002113342e-03 1.024627778679132462e-02 1.359993964433670044e-02 4.711066558957099915e-02 4.677128419280052185e-02 7.799078524112701416e-02 8.918505907058715820e-02 1.755281537771224976e-02 7.237806171178817749e-02 5.072906240820884705e-02 3.698054701089859009e-02 9.968547523021697998e-02 3.547490015625953674e-02 2.322375774383544922e-02 1.917011104524135590e-02 2.922279015183448792e-02 3.936745971441268921e-02 2.076439093798398972e-03 6.298176199197769165e-02 1.531038153916597366e-02 7.667451351881027222e-02 3.083787392824888229e-03 9.895751625299453735e-02 5.634601414203643799e-02 5.042824894189834595e-03 1.501185446977615356e-02 1.083227619528770447e-02 6.267372053116559982e-03 1.519451383501291275e-02 3.569276258349418640e-02 4.658492654561996460e-02 1.252878364175558090e-02 7.346684578806161880e-03 1.034196559339761734e-02 2.196953631937503815e-02 3.901806101202964783e-02 1.625795662403106689e-02 4.147453606128692627e-02 3.042532689869403839e-02 1.418479233980178833e-01 1.685629636049270630e-01 2.123666927218437195e-02 5.595569964498281479e-03 1.523542404174804688e-02 6.577489897608757019e-03 9.929766878485679626e-03 6.766527891159057617e-03 1.369819231331348419e-02 1.468925084918737411e-02 1.234785467386245728e-02 2.086346410214900970e-02 1.196972094476222992e-02 7.129523437470197678e-03 3.542589768767356873e-02 4.687617719173431396e-02 2.718300558626651764e-02 5.273717455565929413e-03 4.342746920883655548e-03 3.593203425407409668e-02 3.198491176590323448e-03 3.647414594888687134e-02 1.469135168008506298e-03 2.408333681523799896e-02 3.031994448974728584e-03 4.299172013998031616e-02 1.073469873517751694e-02 1.848916709423065186e-02 4.205150529742240906e-02 4.450159892439842224e-02 2.224421873688697815e-02 2.320330217480659485e-02 4.618612676858901978e-02 1.702493429183959961e-02 2.110843360424041748e-02 7.351188920438289642e-03 2.895260788500308990e-02 3.569779172539710999e-02 2.565602026879787445e-02 4.444237053394317627e-02 1.320245023816823959e-02 2.655376866459846497e-02 3.712486103177070618e-02 3.322472795844078064e-02 3.764477744698524475e-02 6.088415975682437420e-04 7.641300559043884277e-02 1.399875618517398834e-02 4.910642281174659729e-02 2.401579916477203369e-02 1.518053177278488874e-04 3.886646358296275139e-03 6.613673176616430283e-03 2.295307628810405731e-02 2.143530920147895813e-02 7.937590591609477997e-03 9.617464616894721985e-03 1.261760946363210678e-02 6.804030854254961014e-03 1.925622927956283092e-03 1.795619912445545197e-02 4.150927066802978516e-02 2.702370285987854004e-02 5.006721988320350647e-02 4.303374327719211578e-03 4.309091251343488693e-03 1.232967711985111237e-02 2.604105323553085327e-02 1.067674625664949417e-02 9.184298105537891388e-03
7.714629755355417728e-04 2.148992009460926056e-02 9.876625239849090576e-02 2.160788513720035553e-02 3.433194011449813843e-02 2.817463316023349762e-02 4.130134359002113342e-03 2.054659575223922729e-01 1.618474163115024567e-02 7.575287017971277237e-04 8.142270962707698345e-04 2.729884907603263855e-02 2.831182442605495453e-02 4.678929969668388367e-02 5.855592340230941772e-02 3.572066314518451691e-03 3.258748725056648254e-02 1.208825316280126572e-02 2.527873218059539795e-02 3.144864365458488464e-02 3.708835318684577942e-02 1.888553239405155182e-02 3.859427571296691895e-02 3.227155283093452454e-02 5.526549741625785828e-02 2.285755053162574768e-02 9.733380749821662903e-03 8.221047930419445038e-03 1.196752116084098816e-02 2.484264783561229706e-02 5.409410595893859863e-02 1.172422245144844055e-02 5.344462022185325623e-02 4.743834026157855988e-03 8.185401558876037598e-03 1.005898974835872650e-02 4.798449575901031494e-02 1.025607809424400330e-02 7.988052070140838623e-02 8.752042055130004883e-02 9.636754170060157776e-03 3.289112448692321777e-02 5.839959718286991119e-03 5.583522096276283264e-02 1.208819681778550148e-03 1.469639129936695099e-03 2.830260060727596283e-02 1.576118730008602142e-02 1.216392498463392258e-02 1.236095838248729706e-02 3.226251527667045593e-02 5.916123092174530029e-02 4.245385993272066116e-03 5.108772218227386475e-02 2.851856639608740807e-03 4.313947260379791260e-02 2.526025287806987762e-02 1.573385111987590790e-02 1.634108368307352066e-03 2.973275445401668549e-02 2.870483882725238800e-02 4.340235609561204910e-04 4.123694822192192078e-02 1.004082616418600082e-02 1.057172659784555435e-02 2.661056816577911377e-02 2.855955623090267181e-02 3.034912049770355225e-02 4.716146271675825119e-03 2.065593004226684570e-02 3.546125441789627075e-02 2.065161988139152527e-02 7.579636294394731522e-03 5.329380277544260025e-03 6.045108195394277573e-03 4.147744551301002502e-02 1.307147089391946793e-02 2.496098168194293976e-02 1.438970398157835007e-02 1.972704194486141205e-02 7.241047918796539307e-02 6.855930387973785400e-02 2.885729447007179260e-02 4.637623950839042664e-02 3.290276229381561279e-02 2.412519883364439011e-03 3.636004775762557983e-02 7.628031075000762939e-02 4.015193134546279907e-02 2.078518085181713104e-02 7.098470348864793777e-03 2.362142316997051239e-02 1.504638977348804474e-02 3.326706960797309875e-02 1.995599886868149042e-04 2.716279029846191406e-02 4.968849010765552521e-03 2.261424623429775238e-02 1.337325107306241989e-02 2.430899813771247864e-02 3.526158630847930908e-02 3.168981894850730896e-02 1.808533072471618652e-02 2.739934995770454407e-02 5.717083066701889038e-02 6.873331218957901001e-02 4.292973130941390991e-02 1.030748244374990463e-02 6.812262535095214844e-02 2.140848897397518158e-02 3.770996630191802979e-02 7.962752133607864380e-03 1.184120029211044312e-02 2.427587605779990554e-04 5.409640725702047348e-03 5.141074955463409424e-02
6.553844083100557327e-03 9.854712989181280136e-04 4.889374971389770508e-02 8.887636475265026093e-03 3.688292345032095909e-03 7.850462570786476135e-03 1.024627778679132462e-02 1.618474163115024567e-02 2.370386719703674316e-01 8.425446599721908569e-02 1.478298101574182510e-02 5.335612222552299500e-02 1.812193915247917175e-02 4.014157131314277649e-02 4.448075313121080399e-03 3.076622087974101305e-04 1.907894760370254517e-02 6.998653709888458252e-02 4.145806189626455307e-03 6.530033890157938004e-03 4.028726834803819656e-03 6.265901611186563969e-04 6.841278821229934692e-02 5.306344479322433472e-02 4.186896979808807373e-02 2.680936828255653381e-02 1.141855958849191666e-02 1.370649039745330811e-02 1.208872627466917038e-02 9.821252897381782532e-03 7.951233536005020142e-03 1.265746075659990311e-02 1.347050163894891739e-02 3.021428547799587250e-02 6.681132130324840546e-03 1.847392320632934570e-02 4.969409201294183731e-03 1.874705590307712555e-02 1.869567786343395710e-03 2.485062554478645325e-02 5.875036120414733887e-03 5.647648498415946960e-02 3.261553356423974037e-03 5.257122963666915894e-02 1.271751150488853455e-02 1.485242787748575211e-02 1.884566619992256165e-02 2.638562396168708801e-02 6.650898605585098267e-02 1.238258369266986847e-02 3.825874254107475281e-02 4.516389593482017517e-02 8.781384676694869995e-03 2.149342326447367668e-03 8.344996720552444458e-02 4.086062684655189514e-02 1.045118086040019989e-02 9.482838213443756104e-03 1.949948444962501526e-02 1.056956313550472260e-02 3.644724935293197632e-02 2.427464909851551056e-02 2.284559980034828186e-02 2.665616199374198914e-02 2.422088384628295898e-02 1.843134872615337372e-02 4.240608587861061096e-02 7.340391166508197784e-04 8.392073959112167358e-02 1.330550760030746460e-02 3.446725755929946899e-02 1.361814513802528381e-02 3.492165356874465942e-02 1.121539529412984848e-02 2.266044757561758161e-04 2.326530590653419495e-02 1.128075495362281799e-01 6.928338110446929932e-02 5.198077112436294556e-02 8.576674154028296471e-04 1.267868746072053909e-02 1.366461999714374542e-02 5.555123463273048401e-02 1.355466432869434357e-02 2.910111658275127411e-02 3.665880300104618073e-03 1.152128446847200394e-02 1.130881905555725098e-02 4.116170480847358704e-02 7.654947042465209961e-02 1.533825602382421494e-02 3.380049020051956177e-03 1.440737396478652954e-02 1.674174214713275433e-03 2.785402536392211914e-02 5.810096394270658493e-03 2.953573362901806831e-03 3.994468227028846741e-02 6.682296097278594971e-02 2.881344407796859741e-02 1.590402238070964813e-02 4.107248038053512573e-02 2.823036862537264824e-03 1.590608432888984680e-02 1.278273854404687881e-02 2.544113062322139740e-02 2.737136185169219971e-02 3.902769461274147034e-02 3.467964008450508118e-02 2.488751523196697235e-02 2.796036750078201294e-02 1.471835374832153320e-02 2.011485630646348000e-03 1.751159131526947021e-02 1.208018604665994644e-02 5.962654831819236279e-04
4.228859907016158104e-04 5.830466747283935547e-03 2.710308879613876343e-02 1.850022189319133759e-02 4.009174648672342300e-03 2.841771952807903290e-02 1.359993964433670044e-02 7.575287017971277237e-04 8.425446599721908569e-02 2.694385945796966553e-01 3.060402907431125641e-02 3.061572648584842682e-02 1.670988835394382477e-02 5.564105883240699768e-02 1.455779559910297394e-02 3.627485781908035278e-02 4.413871839642524719e-02 1.817842759191989899e-02 6.979885697364807129e-02 1.049255393445491791e-02 1.575436629354953766e-02 1.237025111913681030e-02 6.482160836458206177e-02 7.591979205608367920e-02 5.373341497033834457e-03 5.340824369341135025e-03 2.421375550329685211e-02 4.349166154861450195e-02 1.819081977009773254e-02 4.444964230060577393e-02 8.597220294177532196e-03 1.018874067813158035e-02 1.028085313737392426e-02 1.284434087574481964e-02 3.632085397839546204e-02 1.815497688949108124e-02 4.685455560684204102e-02 1.431009825319051743e-02 2.334703132510185242e-02 4.950336460751714185e-06 1.726560480892658234e-02 3.648172691464424133e-02 2.507101744413375854e-02 4.460645373910665512e-03 7.449004333466291428e-03 3.707414260134100914e-03 2.246539853513240814e-02 8.676812984049320221e-03 2.619463019073009491e-03 9.549719095230102539e-02 3.245007479563355446e-03 2.643289975821971893e-02 3.904658602550625801e-03 2.016359940171241760e-02 2.651109173893928528e-02 1.116814464330673218e-01 5.277241580188274384e-03 3.912363946437835693e-02 1.900040730834007263e-02 2.976026153191924095e-03 9.193727746605873108e-03 8.974906057119369507e-02 2.822275506332516670e-03 4.250923171639442444e-02 2.073248103260993958e-02 8.314205333590507507e-03 6.088415533304214478e-02 3.608446568250656128e-02 8.444032073020935059e-02 1.539368368685245514e-02 8.378042280673980713e-02 1.233963668346405029e-02 5.606614053249359131e-02 5.189322680234909058e-02 3.440313413739204407e-02 2.015505917370319366e-02 5.441143736243247986e-02 1.673674583435058594e-01 8.539891988039016724e-02 1.295016855001449585e-01 2.403390221297740936e-02 1.937633194029331207e-02 2.338374219834804535e-02 2.981502749025821686e-02 3.492955490946769714e-02 6.961513310670852661e-02 1.524906419217586517e-02 2.188397757709026337e-02 3.504792600870132446e-02 1.396347731351852417e-01 7.804427761584520340e-03 7.805641274899244308e-03 1.751596480607986450e-02 1.436876947991549969e-03 1.362406834959983826e-02 1.095828507095575333e-02 4.293330758810043335e-02 2.484477497637271881e-02 4.998570308089256287e-02 6.418976932764053345e-02 1.731696166098117828e-02 3.573557734489440918e-02 2.743880264461040497e-02 3.013594262301921844e-02 2.308153919875621796e-02 1.852284744381904602e-02 3.046257793903350830e-02 8.194929920136928558e-03 3.677941113710403442e-02 2.911121957004070282e-02 3.993314504623413086e-02 1.921740174293518066e-02 6.214515771716833115e-03 1.774083636701107025e-02 1.473787985742092133e-02 1.417351048439741135e-02
9.660294651985168457e-02 6.953869760036468506e-02 5.538581870496273041e-03 8.468158543109893799e-03 1.676364801824092865e-02 5.107353255152702332e-02 4.711066558957099915e-02 8.142270962707698345e-04 1.478298101574182510e-02 3.060402907431125641e-02 2.488986700773239136e-01 6.741136312484741211e-03 9.074158221483230591e-02 1.039266004227101803e-03 3.217302635312080383e-02 1.283946214243769646e-03 4.252207279205322266e-02 1.588576356880366802e-03 5.143530201166868210e-03 1.972218975424766541e-02 1.586101949214935303e-02 3.259478881955146790e-02 3.153878031298518181e-03 5.383170675486326218e-03 1.004783809185028076e-02 3.843454178422689438e-03 2.898907847702503204e-02 3.133397316560149193e-03 5.706392228603363037e-02 4.523818846791982651e-03 6.852150708436965942e-02 1.204680837690830231e-02 1.871920190751552582e-02 1.242273207753896713e-02 1.164586935192346573e-02 2.114941738545894623e-02 2.534723281860351562e-02 9.324893355369567871e-03 8.400212973356246948e-03 2.271308191120624542e-02 2.524070674553513527e-03 2.088877186179161072e-02 2.523061074316501617e-02 2.187599241733551025e-02 2.288104407489299774e-02 3.208168968558311462e-02 6.391547620296478271e-02 5.708207190036773682e-02 1.286941929720342159e-03 1.068498753011226654e-02 8.226618170738220215e-03 2.457257360219955444e-03 7.139997556805610657e-03 1.446612924337387085e-02 1.858316734433174133e-02 1.823090575635433197e-02 1.295776013284921646e-02 1.377181615680456161e-02 1.579948514699935913e-02 1.431322656571865082e-02 4.383155144751071930e-03 6.450086366385221481e-03 3.852136805653572083e-02 3.170515224337577820e-02 6.863790005445480347e-02 5.903664976358413696e-02 2.845783904194831848e-02 8.266611024737358093e-03 1.108562108129262924e-02 3.904010867699980736e-03 1.895938068628311157e-02 4.816012922674417496e-03 2.552895992994308472e-02 7.950198836624622345e-03 5.520902108401060104e-03 6.828776560723781586e-03 1.244561746716499329e-02 3.701075538992881775e-02 1.699722837656736374e-03 3.071986325085163116e-02 1.387352682650089264e-02 4.883124958723783493e-03 1.015934627503156662e-02 1.618701219558715820e-02 1.768261939287185669e-02 2.161514386534690857e-02 3.125209361314773560e-02 2.757094986736774445e-02 4.841097630560398102e-03 1.446505449712276459e-02 4.467801377177238464e-02 5.361039564013481140e-02 6.315250694751739502e-02 1.888767257332801819e-02 3.263608366250991821e-02 7.165003102272748947e-03 1.353148929774761200e-02 1.874434947967529297e-02 1.775720715522766113e-02 3.819223493337631226e-02 1.336344284936785698e-04 1.900194212794303894e-02 2.882437780499458313e-02 2.972517535090446472e-02 2.023977227509021759e-03 1.197660062462091446e-02 4.786759614944458008e-03 6.195152178406715393e-03 2.773263724520802498e-03 2.179236337542533875e-02 7.964545860886573792e-03 9.815467521548271179e-03 1.239382661879062653e-03 1.417906396090984344e-02 2.266997098922729492e-02 2.657587081193923950e-02
3.061003983020782471e-03 4.226000513881444931e-03 1.417718362063169479e-02 2.135766670107841492e-02 1.628016307950019836e-02 4.752869904041290283e-02 4.677128419280052185e-02 2.729884907603263855e-02 5.335612222552299500e-02 3.061572648584842682e-02 6.741136312484741211e-03 2.167606353759765625e-01 1.046987483277916908e-03 1.905927956104278564e-01 8.718133904039859772e-03 5.464185029268264771e-03 2.335623139515519142e-03 1.691783592104911804e-02 4.721419885754585266e-02 1.048339810222387314e-02 6.397266872227191925e-03 2.522104419767856598e-03 8.601367473602294922e-02 7.417734712362289429e-02 5.545467603951692581e-03 1.118675153702497482e-02 1.361075416207313538e-02 7.023777812719345093e-02 3.328856255393475294e-04 7.728767395019531250e-02 1.361763570457696915e-03 9.138133376836776733e-03 3.133020596578717232e-03 4.077201010659337044e-04 1.780712231993675232e-02 2.917796745896339417e-02 1.413497957400977612e-03 7.957578636705875397e-03 9.847126202657818794e-04 3.189455484971404076e-03 1.911354064941406250e-02 4.238432273268699646e-02 2.397273480892181396e-02 3.734507784247398376e-02 3.134037181735038757e-02 1.708712056279182434e-02 3.100603073835372925e-02 1.893693208694458008e-02 3.269955748692154884e-03 1.219825120642781258e-03 4.056667536497116089e-02 7.776698470115661621e-02 1.956293731927871704e-02 1.270418427884578705e-02 9.542753919959068298e-03 1.089762710034847260e-02 3.274030284956097603e-03 3.308727592229843140e-02 2.533007971942424774e-02 8.140829391777515411e-03 8.290890837088227272e-04 1.096141990274190903e-02 6.001007277518510818e-04 2.526752650737762451e-03 1.242739241570234299e-02 6.100149359554052353e-03 3.122912719845771790e-02 2.968095242977142334e-02 2.417233027517795563e-02 1.336858607828617096e-02 1.445141620934009552e-02 1.859532855451107025e-02 2.030559815466403961e-02 4.534387495368719101e-03 1.459333207458257675e-02 1.287248637527227402e-02 4.350351914763450623e-02 4.172107949852943420e-02 4.590218141674995422e-02 8.417850360274314880e-03 2.715835534036159515e-02 3.971772268414497375e-02 1.250504516065120697e-02 1.457625650800764561e-03 8.821026422083377838e-03 4.370543174445629120e-03 7.993672974407672882e-03 1.486306730657815933e-02 5.426494777202606201e-02 7.706601172685623169e-02 1.854392886161804199e-02 9.439160116016864777e-03 9.899966418743133545e-03 8.387994952499866486e-03 7.498921360820531845e-03 2.268176525831222534e-02 6.419490091502666473e-03 3.178971260786056519e-02 1.841631717979907990e-02 1.098744478076696396e-02 2.077351696789264679e-02 2.038491517305374146e-02 1.015894697047770023e-03 1.521922741085290909e-02 8.381371386349201202e-03 6.372516509145498276e-04 1.529592555016279221e-02 1.756494492292404175e-02 3.305600956082344055e-02 1.035535056143999100e-02 1.598204299807548523e-02 3.120488021522760391e-03 2.639231272041797638e-02 4.512066487222909927e-03 2.737049944698810577e-03 5.505538545548915863e-03
7.899349927902221680e-02 1.150868162512779236e-01 3.248548135161399841e-02 2.640166319906711578e-03 7.515765726566314697e-03 5.133459717035293579e-02 7.799078524112701416e-02 2.831182442605495453e-02 1.812193915247917175e-02 1.670988835394382477e-02 9.074158221483230591e-02 1.046987483277916908e-03 2.511173188686370850e-01 7.566714659333229065e-03 6.189705803990364075e-02 1.215155143290758133e-02 3.933775238692760468e-03 4.001936409622430801e-03 1.532348152250051498e-02 2.861549844965338707e-03 9.202622808516025543e-03 3.480118513107299805e-02 8.906196802854537964e-03 3.450991585850715637e-03 3.125531598925590515e-02 2.235113875940442085e-03 2.315537258982658386e-02 7.662759162485599518e-03 3.005543723702430725e-02 9.284260682761669159e-03 8.018144220113754272e-02 1.946335192769765854e-03 6.452118046581745148e-03 2.527299337089061737e-03 5.088536534458398819e-03 5.806785076856613159e-03 3.844943270087242126e-02 9.826300665736198425e-03 1.061244681477546692e-02 1.722601056098937988e-02 2.884056186303496361e-03 3.105036728084087372e-02 1.462008338421583176e-02 2.063448168337345123e-02 7.537583820521831512e-03 2.320080250501632690e-02 7.949910312891006470e-02 8.723633736371994019e-02 1.253471523523330688e-02 1.546283904463052750e-02 9.478766587562859058e-04 7.581419311463832855e-03 6.911130156368017197e-03 2.848323993384838104e-02 3.514679381623864174e-03 7.541495840996503830e-03 2.164255455136299133e-02 1.568157412111759186e-02 1.352196373045444489e-02 1.294387783855199814e-02 2.187356166541576385e-02 7.027294952422380447e-03 3.194620460271835327e-02 2.326820790767669678e-02 3.580182045698165894e-02 7.389349490404129028e-02 1.519236061722040176e-02 1.051579881459474564e-02 2.165224030613899231e-02 6.135645322501659393e-03 1.018312945961952209e-02 1.676049432717263699e-03 1.579107344150543213e-02 1.075532194226980209e-02 2.152201905846595764e-02 2.125004678964614868e-02 1.007312349975109100e-02 2.255739457905292511e-02 2.036167308688163757e-02 2.413863129913806915e-02 1.292683463543653488e-02 6.069270893931388855e-03 1.267616264522075653e-02 6.196025293320417404e-03 1.403148658573627472e-02 1.282935496419668198e-02 3.514678403735160828e-02 5.748585611581802368e-02 2.209215238690376282e-02 3.601569309830665588e-02 1.848029717803001404e-02 5.336563289165496826e-02 7.299338281154632568e-02 5.434537678956985474e-02 2.306324662640690804e-03 6.003533490002155304e-03 1.802651770412921906e-02 1.372906938195228577e-02 6.369298789650201797e-03 1.516259461641311646e-02 1.822102000005543232e-03 4.064717795699834824e-03 1.797057688236236572e-02 1.001193188130855560e-02 2.342383936047554016e-02 1.072891335934400558e-02 1.527529116719961166e-02 1.817487925291061401e-02 4.491080343723297119e-02 2.722135186195373535e-02 1.473877206444740295e-02 1.544500328600406647e-02 1.870341785252094269e-02 9.056808426976203918e-03 8.547417819499969482e-03 8.274223655462265015e-03
