6.422135978937149048e-02 2.604213058948516846e-01 1.074190512299537659e-01 2.499858476221561432e-02 5.925218760967254639e-02 1.724966168403625488e-01 9.314008802175521851e-02 3.309063985943794250e-02 1.097689494490623474e-01 1.078335475176572800e-02 2.110642194747924805e-01 4.630538821220397949e-02 1.256176829338073730e-01 5.565475299954414368e-02 4.775954782962799072e-02 1.526655163615942001e-02 4.682496190071105957e-02 2.314494922757148743e-02 3.430607542395591736e-02 6.561908405274152756e-03 1.367623172700405121e-02 1.210429798811674118e-02 1.002469584345817566e-01 5.184152722358703613e-02 3.941737487912178040e-02 2.689206227660179138e-02 1.456409133970737457e-02 8.407928049564361572e-03 2.474392391741275787e-02 3.318195417523384094e-02 4.156234860420227051e-02 6.715586036443710327e-02 2.929823286831378937e-02 3.159208595752716064e-02 6.088224053382873535e-02 7.749890536069869995e-02 8.837093599140644073e-03 6.381309032440185547e-02 1.282568462193012238e-02 7.094176951795816422e-03 4.903943743556737900e-03 1.910836435854434967e-02 2.930830977857112885e-02 1.975424773991107941e-02 5.534467473626136780e-02 4.270434379577636719e-02 7.270282506942749023e-02 7.684317231178283691e-02 4.801803082227706909e-02 1.130667608231306076e-02 7.191432267427444458e-02 6.388093344867229462e-03 1.748819462954998016e-02 2.492685802280902863e-02 4.480096697807312012e-02 4.276367649435997009e-02 3.196469694375991821e-02 5.769389495253562927e-02 5.886894464492797852e-02 4.398665949702262878e-02 3.680824860930442810e-02 7.979965955018997192e-02 1.024325191974639893e-02 3.365296870470046997e-02 4.166798200458288193e-03 6.715747714042663574e-02 1.156112924218177795e-02 3.636185079813003540e-02 3.741425648331642151e-02 3.522101091220974922e-03 6.195283960551023483e-03 7.949944119900465012e-04 1.576274074614048004e-02 4.217255488038063049e-02 3.517290577292442322e-02 3.378951177000999451e-02 2.757029049098491669e-02 4.144100844860076904e-02 5.095311626791954041e-02 3.612197935581207275e-02 5.187137797474861145e-02 5.555703863501548767e-02 2.056858688592910767e-02 2.795922011137008667e-02 4.296619445085525513e-02 5.697389319539070129e-02 5.270732194185256958e-02 2.230294980108737946e-02 3.372975066304206848e-02 2.049047267064452171e-03 5.422605574131011963e-02 7.062800228595733643e-02 1.187888905405998230e-02 1.710624061524868011e-02 1.031241565942764282e-02 3.199046850204467773e-02 1.646772585809230804e-02 2.368939295411109924e-02 6.519531831145286560e-03 3.088866733014583588e-02 4.355240985751152039e-02 6.849302910268306732e-03 8.158188313245773315e-02 7.285319268703460693e-02 2.951663220301270485e-03 4.260447621345520020e-02 2.991062402725219727e-02 7.570200413465499878e-02 8.604916743934154510e-03 3.058420121669769287e-02 4.467507451772689819e-02 3.753841668367385864e-02 1.821087114512920380e-02 7.375936955213546753e-02 7.199557870626449585e-02 6.027267873287200928e-02
2.604213058948516846e-01 8.870193362236022949e-02 2.461073361337184906e-02 6.295221298933029175e-02 7.013505697250366211e-02 1.915573030710220337e-01 1.694117039442062378e-01 1.624258607625961304e-02 9.713102877140045166e-02 5.004234611988067627e-02 1.691159158945083618e-01 2.750893123447895050e-02 1.554943919181823730e-01 3.753409162163734436e-02 1.036082021892070770e-02 1.178155932575464249e-02 6.222342140972614288e-03 2.457765396684408188e-03 3.867815434932708740e-02 3.770123294088989496e-04 2.795228548347949982e-02 4.433088004589080811e-02 3.682274138554930687e-03 4.583141766488552094e-03 3.569099307060241699e-02 7.099409122020006180e-03 4.965358879417181015e-03 4.030574858188629150e-02 4.255771264433860779e-02 1.126294722780585289e-03 2.428136393427848816e-02 2.634332701563835144e-02 6.433471292257308960e-02 2.866777963936328888e-02 1.690650731325149536e-02 3.067304939031600952e-02 1.957221393240615726e-04 1.165453810244798660e-02 1.572803594172000885e-02 1.712921261787414551e-02 6.010657921433448792e-02 2.590131387114524841e-02 2.009742520749568939e-02 3.927768766880035400e-02 6.544964015483856201e-02 1.200811006128787994e-02 9.693651646375656128e-02 9.043818712234497070e-02 3.737044706940650940e-02 1.381613872945308685e-02 5.676542408764362335e-03 3.628136590123176575e-02 6.061679869890213013e-02 4.439860582351684570e-03 3.153983131051063538e-02 4.309744015336036682e-02 5.959879606962203979e-02 2.805306948721408844e-02 1.353253796696662903e-02 3.474797995295375586e-04 6.281729042530059814e-02 1.880030892789363861e-02 2.249168418347835541e-02 4.070854187011718750e-02 5.315842479467391968e-02 3.802350535988807678e-02 1.201916253194212914e-03 1.279863342642784119e-02 3.040511161088943481e-02 3.705387935042381287e-02 2.149004675447940826e-02 2.755905129015445709e-02 1.645330898463726044e-02 5.841466598212718964e-03 1.345741376280784607e-02 3.624320030212402344e-02 4.452932160347700119e-03 2.041320502758026123e-02 3.100435063242912292e-02 1.751741766929626465e-02 8.220660500228404999e-03 2.976420894265174866e-02 8.609189651906490326e-03 4.853254184126853943e-02 4.206924512982368469e-02 4.015977308154106140e-02 1.420258823782205582e-02 5.133780092000961304e-02 7.629533857107162476e-02 4.338576272130012512e-02 1.287137717008590698e-02 1.039762720465660095e-01 7.173715531826019287e-02 1.045853924006223679e-02 4.247801844030618668e-03 1.012015249580144882e-02 2.718516439199447632e-02 5.431412532925605774e-02 4.129847977310419083e-03 2.560702897608280182e-02 1.200130092911422253e-03 2.386143803596496582e-02 2.846093475818634033e-02 1.595122553408145905e-02 3.757484629750251770e-02 4.601223766803741455e-02 1.363296899944543839e-02 3.727257251739501953e-02 2.966602798551321030e-03 1.025164313614368439e-02 3.276400035247206688e-03 6.162004917860031128e-02 6.673456728458404541e-02 2.823802642524242401e-02 8.266380056738853455e-03 3.659511357545852661e-02
1.074190512299537659e-01 2.461073361337184906e-02 3.609752655029296875e-02 1.262179948389530182e-02 4.478079453110694885e-02 3.022060357034206390e-02 4.633336886763572693e-02 2.570288181304931641e-01 6.790590286254882812e-02 2.823674120008945465e-02 1.323443651199340820e-02 8.973858319222927094e-03 5.099256709218025208e-02 3.662318363785743713e-02 5.228115618228912354e-02 3.096723929047584534e-02 6.421558558940887451e-02 5.106242746114730835e-02 4.225885123014450073e-02 1.789184473454952240e-02 4.423830285668373108e-02 5.298464372754096985e-02 7.025436311960220337e-02 3.324989601969718933e-02 2.535586990416049957e-02 8.146790205501019955e-04 2.019736729562282562e-02 7.404492795467376709e-02 7.946115732192993164e-02 1.385608594864606857e-02 1.366720534861087799e-02 4.763110727071762085e-02 3.508668765425682068e-02 3.891938179731369019e-02 9.676676243543624878e-02 3.358841687440872192e-02 2.890680544078350067e-02 9.543700516223907471e-02 1.157972961664199829e-02 3.553333878517150879e-02 2.397868409752845764e-02 2.216442674398422241e-02 4.671293124556541443e-02 1.546231936663389206e-02 1.341912429779767990e-03 9.304884588345885277e-04 1.960523985326290131e-02 1.292167697101831436e-02 6.918593775480985641e-03 4.306491464376449585e-02 5.757030472159385681e-02 3.865632927045226097e-03 5.544292926788330078e-02 4.390733689069747925e-02 1.913592405617237091e-02 2.493552491068840027e-02 1.530034467577934265e-02 3.892247378826141357e-02 6.673775613307952881e-02 2.596341632306575775e-02 4.203007370233535767e-02 4.384209401905536652e-03 7.560698688030242920e-02 7.296787202358245850e-02 2.944615297019481659e-02 1.556934788823127747e-02 2.057065628468990326e-02 3.854690864682197571e-02 8.792655169963836670e-02 6.020578369498252869e-02 7.503330707550048828e-03 4.050615429878234863e-02 1.579381525516510010e-01 3.344322368502616882e-02 1.208006367087364197e-01 5.375060439109802246e-02 1.308507379144430161e-02 2.824923954904079437e-02 3.258845210075378418e-02 4.324543755501508713e-03 1.614943444728851318e-01 3.137732297182083130e-02 1.670275442302227020e-02 1.854995451867580414e-02 6.606544554233551025e-02 3.420502692461013794e-02 6.476052105426788330e-02 1.105607766658067703e-02 2.544781938195228577e-02 7.874661684036254883e-02 5.241111665964126587e-02 4.730398952960968018e-02 1.615521963685750961e-03 1.890693977475166321e-02 2.791044674813747406e-02 3.327763080596923828e-02 7.030288875102996826e-02 1.634902693331241608e-02 3.490453585982322693e-02 2.234480343759059906e-02 2.718389965593814850e-02 2.894723601639270782e-02 8.924594148993492126e-03 4.001765698194503784e-02 4.799342527985572815e-02 4.308670014142990112e-02 5.845351144671440125e-02 3.743195906281471252e-02 2.254736050963401794e-02 4.840179532766342163e-02 2.360901981592178345e-02 5.653001740574836731e-02 2.895648218691349030e-02 7.214172277599573135e-03 1.359610706567764282e-01 5.068860016763210297e-03
2.499858476221561432e-02 6.295221298933029175e-02 1.262179948389530182e-02 6.618462502956390381e-04 9.032833576202392578e-02 6.415937840938568115e-02 1.605102419853210449e-02 4.392351582646369934e-02 5.230640247464179993e-02 3.369085118174552917e-02 4.985239356756210327e-02 2.204396016895771027e-02 4.493677522987127304e-03 1.034200266003608704e-01 6.344866752624511719e-02 6.428350508213043213e-02 3.192736580967903137e-02 3.106321441009640694e-03 2.167830057442188263e-02 7.098614238202571869e-03 4.484673216938972473e-02 1.227762699127197266e-01 2.148015238344669342e-02 5.302905663847923279e-02 2.798178791999816895e-02 3.075793944299221039e-02 3.513962030410766602e-02 5.674230679869651794e-02 1.661260798573493958e-02 6.374860554933547974e-02 1.243605371564626694e-02 4.727733880281448364e-02 2.814526855945587158e-02 4.911936819553375244e-02 3.772309049963951111e-02 4.588408023118972778e-02 5.298103392124176025e-02 8.167696185410022736e-03 9.756963700056076050e-02 6.216508522629737854e-02 4.360873252153396606e-02 5.289844796061515808e-02 9.261848777532577515e-02 3.700997307896614075e-02 2.383862808346748352e-02 5.857603251934051514e-02 5.699088051915168762e-02 3.596959263086318970e-02 4.117888584733009338e-02 4.889466613531112671e-02 1.656604185700416565e-02 1.054017990827560425e-02 3.009879589080810547e-02 2.221819199621677399e-02 3.839340060949325562e-02 2.240419201552867889e-02 3.778919205069541931e-02 4.670457541942596436e-02 2.751965820789337158e-02 7.266854494810104370e-02 6.891801953315734863e-02 8.082631230354309082e-02 3.767820820212364197e-02 3.332090750336647034e-02 1.623044721782207489e-02 1.811654120683670044e-02 1.474636956118047237e-03 3.799841180443763733e-02 7.922922819852828979e-02 4.012817144393920898e-02 1.439337711781263351e-02 8.956103585660457611e-03 1.096945032477378845e-01 2.496090717613697052e-03 6.545377522706985474e-02 6.543308496475219727e-02 1.024722084403038025e-01 4.906703904271125793e-02 5.007670074701309204e-02 9.837094694375991821e-03 2.815832756459712982e-02 4.697773605585098267e-02 7.006063312292098999e-02 6.201963871717453003e-02 2.870162576436996460e-02 2.568020671606063843e-02 5.380671843886375427e-02 9.173857979476451874e-03 6.297923624515533447e-02 4.635125398635864258e-02 4.150721244513988495e-03 2.263663895428180695e-02 5.258237570524215698e-02 4.804306477308273315e-02 6.919778138399124146e-02 1.923909038305282593e-02 1.656283810734748840e-02 2.147198468446731567e-02 3.098010318353772163e-03 5.019812285900115967e-02 2.428377233445644379e-02 7.881644368171691895e-02 6.249062344431877136e-02 3.814759105443954468e-02 1.680972240865230560e-02 4.412513691931962967e-03 1.018638070672750473e-02 4.373612627387046814e-02 2.750637382268905640e-02 2.094653900712728500e-03 3.264788538217544556e-02 1.540099387057125568e-03 4.778190329670906067e-02 6.090668216347694397e-02 4.529386013746261597e-02 1.448098476976156235e-02
5.925218760967254639e-02 7.013505697250366211e-02 4.478079453110694885e-02 9.032833576202392578e-02 5.746033787727355957e-02 1.925265416502952576e-02 6.997970491647720337e-02 5.565016530454158783e-03 4.197188466787338257e-02 3.221367672085762024e-02 5.304213613271713257e-02 1.814233371987938881e-03 4.244033619761466980e-02 2.764972113072872162e-02 3.755611926317214966e-02 2.158123627305030823e-02 6.807391345500946045e-02 6.605164706707000732e-02 2.982701873406767845e-03 5.975760519504547119e-03 4.744343087077140808e-02 6.199728697538375854e-02 5.669138580560684204e-02 2.460430003702640533e-02 3.258962929248809814e-02 5.796694010496139526e-02 5.941555276513099670e-02 9.443905204534530640e-03 3.844360262155532837e-02 3.114033304154872894e-02 2.718985779210925102e-03 5.121677182614803314e-03 5.297752469778060913e-02 7.044777274131774902e-03 3.237538039684295654e-02 4.177167266607284546e-02 4.917166754603385925e-02 7.511380128562450409e-03 4.721997305750846863e-03 1.641382575035095215e-01 4.809622094035148621e-02 2.171108312904834747e-02 6.801608204841613770e-02 4.798363521695137024e-02 3.380741551518440247e-02 5.310493335127830505e-02 1.559318043291568756e-02 1.085012778639793396e-01 8.863002061843872070e-03 5.236732959747314453e-02 4.114420339465141296e-02 7.152143865823745728e-02 4.764720797538757324e-02 5.936547741293907166e-02 3.301188349723815918e-02 1.811025477945804596e-02 3.709550201892852783e-02 7.371976226568222046e-02 1.290401164442300797e-02 8.560073375701904297e-02 5.504266358911991119e-03 5.109019577503204346e-02 3.559942916035652161e-02 1.566374450922012329e-01 5.392132699489593506e-02 1.896610856056213379e-02 3.054876625537872314e-02 2.749293670058250427e-02 2.497573010623455048e-02 7.498969207517802715e-04 3.780224826186895370e-03 7.052436936646699905e-03 7.637743651866912842e-02 5.048838257789611816e-02 4.904153570532798767e-02 6.697490066289901733e-02 4.062196612358093262e-02 7.535558193922042847e-02 1.009656582027673721e-03 7.733837515115737915e-02 4.397979378700256348e-02 1.218004617840051651e-02 7.086857408285140991e-02 5.319658666849136353e-02 1.422153264284133911e-01 1.119456514716148376e-01 1.454545557498931885e-02 5.317728500813245773e-03 6.703365594148635864e-02 3.284378349781036377e-02 5.066510639153420925e-04 3.794267307966947556e-03 6.917682290077209473e-02 1.216626167297363281e-02 3.386351466178894043e-02 5.833555757999420166e-02 1.959739997982978821e-02 9.293457865715026855e-02 7.438402157276868820e-03 6.787375360727310181e-02 3.424335038289427757e-03 2.140437066555023193e-02 7.933320105075836182e-02 6.142841652035713196e-02 1.375140398740768433e-01 4.667346924543380737e-02 6.681079044938087463e-03 4.291784483939409256e-03 1.283189281821250916e-02 6.700154859572649002e-03 1.993637718260288239e-02 3.681004419922828674e-02 4.710628092288970947e-02 5.553567409515380859e-02 4.706023633480072021e-02 4.276032000780105591e-02
1.724966168403625488e-01 1.915573030710220337e-01 3.022060357034206390e-02 6.415937840938568115e-02 1.925265416502952576e-02 2.637760899960994720e-02 2.679399847984313965e-01 1.092608720064163208e-01 2.677814289927482605e-02 6.038559949956834316e-04 6.578376889228820801e-02 1.141003817319869995e-01 1.973091624677181244e-02 1.743913814425468445e-02 2.609550766646862030e-02 3.631325438618659973e-02 7.291866838932037354e-02 3.726132586598396301e-02 7.438294589519500732e-02 3.944846242666244507e-02 8.782403543591499329e-03 2.237404463812708855e-03 3.750929236412048340e-02 4.475178569555282593e-02 5.215973034501075745e-02 2.066264301538467407e-02 6.993569433689117432e-03 5.617609992623329163e-02 5.579238384962081909e-02 8.989246562123298645e-03 3.585046529769897461e-02 6.365903187543153763e-03 1.791932992637157440e-02 5.757491663098335266e-02 3.661798685789108276e-02 3.385831415653228760e-02 4.754724726080894470e-02 5.272341147065162659e-02 6.866990774869918823e-02 9.541445225477218628e-02 5.108235403895378113e-02 3.189131617546081543e-02 2.873458899557590485e-02 1.098426897078752518e-02 9.147842973470687866e-02 1.959164999425411224e-02 6.783610582351684570e-02 8.212297223508358002e-03 3.580486029386520386e-02 5.307741463184356689e-02 4.080659151077270508e-02 4.463248699903488159e-02 7.001569867134094238e-02 3.337140008807182312e-02 4.075751174241304398e-03 1.699054054915904999e-02 6.132822856307029724e-02 1.912665087729692459e-03 1.109455525875091553e-01 4.854883626103401184e-02 4.414396826177835464e-03 6.809528172016143799e-02 4.641562700271606445e-02 6.725281476974487305e-03 1.740510109812021255e-03 6.327980011701583862e-02 2.167167374864220619e-03 4.576433077454566956e-02 4.864174872636795044e-02 3.105832450091838837e-02 2.969338325783610344e-03 5.812963098287582397e-02 1.575767621397972107e-02 2.228887006640434265e-02 4.422290623188018799e-02 1.147816982120275497e-02 1.160993054509162903e-02 4.020323976874351501e-02 2.239634282886981964e-02 7.927452027797698975e-02 3.872875496745109558e-02 4.744967911392450333e-03 4.165986925363540649e-02 3.125026822090148926e-02 5.751746892929077148e-02 3.240086603909730911e-03 5.140226706862449646e-02 2.581529878079891205e-02 1.068999990820884705e-01 4.021731764078140259e-02 6.312247365713119507e-02 3.638122603297233582e-02 8.346980065107345581e-02 1.265677995979785919e-02 1.188262086361646652e-02 3.637002781033515930e-02 2.897907420992851257e-02 5.147195979952812195e-02 1.600589416921138763e-02 3.875902667641639709e-02 5.560631677508354187e-02 2.141748741269111633e-02 2.089044637978076935e-02 5.395848676562309265e-02 3.266873955726623535e-02 4.817322641611099243e-02 3.910875692963600159e-02 9.084269404411315918e-02 2.554963901638984680e-02 5.871265009045600891e-02 1.162730809301137924e-02 3.698298707604408264e-02 6.833741813898086548e-02 3.466196358203887939e-02 6.416197121143341064e-02 9.792384505271911621e-02
9.314008802175521851e-02 1.694117039442062378e-01 4.633336886763572693e-02 1.605102419853210449e-02 6.997970491647720337e-02 2.679399847984313965e-01 6.332641839981079102e-02 2.051913924515247345e-02 2.340396866202354431e-02 1.053644418716430664e-01 1.229678839445114136e-01 7.299464195966720581e-03 2.424746518954634666e-03 8.206084370613098145e-02 1.169204339385032654e-02 4.570792242884635925e-02 7.454729080200195312e-02 5.131880193948745728e-02 7.624302059412002563e-02 4.546134918928146362e-02 2.137318439781665802e-02 6.315927952527999878e-02 1.879721879959106445e-02 9.910309314727783203e-02 2.814479870721697807e-03 1.197555288672447205e-02 5.678766220808029175e-02 8.209480345249176025e-02 1.400534715503454208e-02 4.212898015975952148e-02 1.719763129949569702e-02 4.443329200148582458e-02 3.401238843798637390e-02 8.882300928235054016e-03 8.353431522846221924e-02 4.179418459534645081e-02 3.395507857203483582e-02 4.648861661553382874e-02 1.896212995052337646e-02 2.713174186646938324e-02 3.542772680521011353e-02 5.024809855967760086e-03 5.155926197767257690e-02 5.204776301980018616e-03 7.492075860500335693e-02 6.945752352476119995e-02 1.402457654476165771e-01 1.671793907880783081e-01 1.534438133239746094e-02 3.290961030870676041e-03 8.229237049818038940e-02 1.239210274070501328e-02 2.517265267670154572e-02 3.040845319628715515e-02 8.361290208995342255e-03 6.146869622170925140e-03 1.250042207539081573e-02 5.285753309726715088e-02 1.955368788912892342e-03 8.372192829847335815e-02 4.062056168913841248e-02 5.095795542001724243e-02 2.232288196682929993e-02 2.645611390471458435e-02 2.358708344399929047e-02 6.335189938545227051e-02 2.543831057846546173e-02 4.519032780081033707e-03 5.933996662497520447e-02 1.542451512068510056e-02 4.329674411565065384e-03 1.396183040924370289e-03 9.847412817180156708e-03 1.665850053541362286e-03 3.930906951427459717e-02 4.406824707984924316e-02 1.728750951588153839e-02 1.665481925010681152e-02 6.776976585388183594e-02 5.568136274814605713e-02 5.561065673828125000e-02 3.586658835411071777e-02 6.563480198383331299e-02 1.479835342615842819e-02 4.993511736392974854e-02 1.032457128167152405e-02 3.458843380212783813e-02 2.883908338844776154e-02 1.474596839398145676e-02 1.617376320064067841e-02 3.368515521287918091e-02 4.217796772718429565e-02 9.764136746525764465e-03 1.474742405116558075e-02 1.280628610402345657e-02 2.219756320118904114e-02 2.610368467867374420e-02 6.914140284061431885e-02 3.032869193702936172e-03 5.733391270041465759e-02 2.346460148692131042e-02 2.852314338088035583e-02 4.623781889677047729e-02 6.090817600488662720e-02 5.896321684122085571e-02 3.131811693310737610e-02 2.236624807119369507e-02 4.527907294686883688e-04 2.520332671701908112e-02 6.286162883043289185e-02 4.590629041194915771e-02 7.165905088186264038e-02 9.495495259761810303e-02 8.188603818416595459e-02 2.893031947314739227e-02 6.608278304338455200e-02
3.309063985943794250e-02 1.624258607625961304e-02 2.570288181304931641e-01 4.392351582646369934e-02 5.565016530454158783e-03 1.092608720064163208e-01 2.051913924515247345e-02 3.106923587620258331e-02 4.069058224558830261e-02 3.006346896290779114e-02 4.118115827441215515e-02 5.148022994399070740e-02 4.025202617049217224e-02 6.822110712528228760e-02 1.835440397262573242e-01 4.456520825624465942e-02 9.462576359510421753e-03 2.391732484102249146e-02 4.278590902686119080e-02 4.555650427937507629e-02 3.158389404416084290e-02 4.880244284868240356e-02 3.892049938440322876e-02 4.814591258764266968e-02 2.504950761795043945e-02 2.290534600615501404e-02 4.993261769413948059e-02 1.572475768625736237e-02 4.720603302121162415e-02 2.466231584548950195e-02 1.864914037287235260e-02 4.207144025713205338e-03 1.377571839839220047e-02 8.530833758413791656e-03 2.139890566468238831e-02 6.673014909029006958e-02 1.040273979306221008e-01 3.643760457634925842e-02 7.648521102964878082e-03 3.373350203037261963e-02 1.685903407633304596e-02 4.214331507682800293e-02 6.016187742352485657e-02 3.532352671027183533e-02 1.579736918210983276e-02 4.894998669624328613e-02 5.058137699961662292e-02 6.920166779309511185e-03 8.959884755313396454e-03 5.016032606363296509e-02 4.958554729819297791e-02 8.468258194625377655e-03 2.523574605584144592e-02 4.935206379741430283e-03 5.705358833074569702e-02 3.254437074065208435e-02 2.510077133774757385e-02 4.523790627717971802e-02 9.103821218013763428e-02 4.159489646553993225e-02 5.034140869975090027e-02 4.656449705362319946e-02 3.402347862720489502e-02 7.279869168996810913e-02 1.341862417757511139e-02 1.372606772929430008e-02 2.679688297212123871e-02 3.809228539466857910e-02 9.998314082622528076e-03 9.738413989543914795e-02 5.660998448729515076e-02 3.084628656506538391e-02 1.292779576033353806e-03 1.746302470564842224e-02 6.238535046577453613e-02 5.465391278266906738e-02 1.822623237967491150e-02 1.156426221132278442e-02 4.728716239333152771e-02 2.198106050491333008e-02 1.247375905513763428e-01 4.332705587148666382e-02 5.084363743662834167e-03 3.643554449081420898e-02 1.355727668851613998e-02 1.251817960292100906e-02 6.238373368978500366e-02 4.548847675323486328e-03 4.613414034247398376e-02 3.024646313861012459e-03 2.366775646805763245e-02 1.260072365403175354e-02 3.036366403102874756e-02 2.858626283705234528e-02 3.436445817351341248e-02 6.683675572276115417e-03 1.602088101208209991e-02 7.413793355226516724e-02 3.404510393738746643e-02 1.831793598830699921e-02 7.013187557458877563e-02 2.457514032721519470e-02 3.785949572920799255e-02 1.897790096700191498e-02 5.359951034188270569e-02 2.691457420587539673e-02 1.082555651664733887e-01 4.441322758793830872e-02 1.120187342166900635e-02 3.249528259038925171e-02 4.450782388448715210e-02 2.402707748115062714e-02 1.650377735495567322e-02 1.191150397062301636e-02 6.157902255654335022e-02 1.299771107733249664e-02
1.097689494490623474e-01 9.713102877140045166e-02 6.790590286254882812e-02 5.230640247464179993e-02 4.197188466787338257e-02 2.677814289927482605e-02 2.340396866202354431e-02 4.069058224558830261e-02 2.838514372706413269e-02 3.331596776843070984e-02 8.993092924356460571e-02 4.445651173591613770e-02 5.610166862607002258e-02 3.934587165713310242e-02 6.452967226505279541e-02 7.609012071043252945e-03 7.216969039291143417e-03 1.883352696895599365e-01 5.084836483001708984e-02 1.242005825042724609e-02 5.685777962207794189e-02 4.477991908788681030e-02 4.272805899381637573e-02 3.010303899645805359e-02 2.649486809968948364e-02 8.495462127029895782e-03 1.002231799066066742e-02 5.555778741836547852e-02 4.037041217088699341e-02 2.937737293541431427e-02 3.950840979814529419e-02 9.779012948274612427e-02 7.641345262527465820e-02 3.160657128319144249e-03 1.708100177347660065e-02 5.148279294371604919e-02 7.967559620738029480e-03 3.024370595812797546e-02 2.611112222075462341e-02 2.974266000092029572e-02 1.615248247981071472e-02 2.372105792164802551e-02 1.620275154709815979e-02 9.914345294237136841e-02 3.500097617506980896e-02 6.477227807044982910e-02 5.422672256827354431e-02 4.549190867692232132e-03 6.841125432401895523e-04 5.465210229158401489e-02 6.992680486291646957e-03 2.490592189133167267e-02 9.060738608241081238e-03 4.463702440261840820e-02 1.160256713628768921e-01 8.057938516139984131e-02 7.515197247266769409e-02 1.228575929999351501e-01 3.113429062068462372e-02 4.395794868469238281e-02 2.421548962593078613e-02 3.981136158108711243e-02 4.989146441221237183e-02 5.732061341404914856e-02 6.152014061808586121e-02 5.053094774484634399e-02 3.610904887318611145e-02 1.134756393730640411e-02 3.686817362904548645e-02 2.901376411318778992e-02 2.633288735523819923e-03 1.324942242354154587e-02 2.650281786918640137e-02 3.150612488389015198e-02 5.208667740225791931e-02 4.608876258134841919e-02 2.267058491706848145e-01 5.427006632089614868e-02 1.531926393508911133e-01 7.807462662458419800e-02 4.739629477262496948e-02 7.883943617343902588e-02 1.462849229574203491e-01 7.786575704813003540e-02 5.906032770872116089e-02 5.007694289088249207e-02 6.166945397853851318e-02 8.441933430731296539e-03 7.031609863042831421e-02 6.560471653938293457e-02 4.850631207227706909e-02 3.362930193543434143e-02 7.021985948085784912e-03 3.902564197778701782e-02 5.708381533622741699e-02 1.072178222239017487e-02 2.901672944426536560e-02 1.426813378930091858e-02 6.103173643350601196e-02 2.885111235082149506e-02 2.952070347964763641e-02 7.474516332149505615e-02 5.331854894757270813e-02 5.711798556149005890e-03 5.948316305875778198e-02 5.151600763201713562e-02 5.808738991618156433e-02 5.816043913364410400e-02 6.143417954444885254e-02 1.508323010057210922e-02 5.719888955354690552e-02 1.185894571244716644e-02 1.732441969215869904e-02 5.244383215904235840e-02 2.545083500444889069e-02 6.896317005157470703e-02
1.078335475176572800e-02 5.004234611988067627e-02 2.823674120008945465e-02 3.369085118174552917e-02 3.221367672085762024e-02 6.038559949956834316e-04 1.053644418716430664e-01 3.006346896290779114e-02 3.331596776843070984e-02 8.044550567865371704e-02 2.091569826006889343e-02 2.164340578019618988e-02 5.990094691514968872e-02 2.683424949645996094e-02 1.190008362755179405e-03 2.143508009612560272e-02 2.660329919308423996e-03 2.048932015895843506e-02 2.032381147146224976e-01 3.339346125721931458e-02 6.626846152357757092e-04 5.676681175827980042e-02 8.707823231816291809e-03 7.941722124814987183e-02 3.067586757242679596e-02 7.454047910869121552e-03 3.578548878431320190e-02 5.369933322072029114e-02 1.150332111865282059e-02 5.318838730454444885e-02 2.064907737076282501e-02 5.967936664819717407e-02 3.406713157892227173e-02 2.118087746202945709e-02 1.447351556271314621e-02 4.682524129748344421e-03 5.339127779006958008e-02 4.042907059192657471e-02 8.676243945956230164e-03 4.690473899245262146e-02 5.709234625101089478e-03 6.094405427575111389e-02 1.792613789439201355e-02 3.408119082450866699e-02 1.493155583739280701e-02 1.402147021144628525e-02 8.022448047995567322e-03 3.597826138138771057e-02 1.224856474436819553e-03 2.304869331419467926e-02 6.552454829216003418e-02 2.692722529172897339e-02 3.651210293173789978e-02 1.942176168086007237e-04 4.376124218106269836e-02 3.461728990077972412e-02 2.585727348923683167e-02 6.786707788705825806e-02 3.868850693106651306e-02 6.811141222715377808e-02 5.744980648159980774e-02 5.070242658257484436e-02 6.367799639701843262e-02 7.215940207242965698e-02 4.627013206481933594e-02 1.534586027264595032e-02 9.489879943430423737e-03 5.052748601883649826e-03 4.485836252570152283e-02 1.055385693907737732e-01 1.199998520314693451e-02 6.706681102514266968e-02 3.036837838590145111e-02 1.099906191229820251e-01 1.554346829652786255e-02 2.871156111359596252e-02 4.428871721029281616e-02 1.644392758607864380e-01 2.974639646708965302e-02 2.162504047155380249e-01 3.800724167376756668e-03 3.781879693269729614e-02 2.413482405245304108e-02 1.442799866199493408e-01 1.732170768082141876e-02 9.264596737921237946e-03 1.827216893434524536e-02 3.236066550016403198e-02 1.373576116748154163e-03 7.077718526124954224e-02 5.903165787458419800e-02 3.605324774980545044e-02 6.818136200308799744e-03 3.853200376033782959e-02 4.361535236239433289e-02 5.635780468583106995e-02 7.800993323326110840e-02 4.329482465982437134e-02 4.035413637757301331e-02 5.059388931840658188e-03 2.724758815020322800e-03 4.504235461354255676e-02 7.067143172025680542e-02 3.193213045597076416e-02 4.817170277237892151e-02 3.492411997285671532e-05 1.584752462804317474e-02 4.300330951809883118e-02 1.442407350987195969e-02 4.565745964646339417e-02 3.081080131232738495e-02 1.988928951323032379e-02 4.550081491470336914e-02 9.092602133750915527e-02 1.602331735193729401e-02 4.868935048580169678e-02
2.110642194747924805e-01 1.691159158945083618e-01 1.323443651199340820e-02 4.985239356756210327e-02 5.304213613271713257e-02 6.578376889228820801e-02 1.229678839445114136e-01 4.118115827441215515e-02 8.993092924356460571e-02 2.091569826006889343e-02 4.474347457289695740e-02 5.079557374119758606e-02 1.004384756088256836e-01 6.566768139600753784e-02 1.372023392468690872e-02 3.221355751156806946e-02 2.257658168673515320e-02 2.761855721473693848e-02 3.043584339320659637e-02 2.402129583060741425e-02 2.939455956220626831e-02 9.324948769062757492e-04 8.929546177387237549e-02 4.555652290582656860e-02 2.898786030709743500e-02 7.059170398861169815e-03 2.677698247134685516e-02 4.969962686300277710e-02 1.013735085725784302e-01 2.435469254851341248e-02 6.409207358956336975e-03 7.990003377199172974e-02 4.692474752664566040e-02 7.496730238199234009e-02 4.128742218017578125e-02 6.315584480762481689e-02 1.199692301452159882e-02 4.255626350641250610e-02 3.906578570604324341e-02 1.155274640768766403e-02 1.981723122298717499e-03 1.097505073994398117e-02 2.747621946036815643e-02 1.154572702944278717e-02 4.104831814765930176e-02 7.465536892414093018e-02 8.398395031690597534e-02 6.483032554388046265e-02 3.155544400215148926e-02 4.736091569066047668e-02 5.934527143836021423e-02 2.890052832663059235e-02 1.938755437731742859e-02 1.353977480903267860e-03 3.339327871799468994e-02 2.024290710687637329e-02 4.463115707039833069e-02 3.510269522666931152e-02 6.207656487822532654e-02 9.552123025059700012e-03 3.639806434512138367e-02 3.744702041149139404e-02 3.376871580258011818e-03 5.738196428865194321e-03 8.645392209291458130e-02 3.803156083449721336e-03 3.829526249319314957e-03 7.065193261951208115e-03 7.710663601756095886e-03 1.765982992947101593e-02 2.354528009891510010e-02 4.869983345270156860e-02 9.049663320183753967e-03 3.733603656291961670e-02 1.949047297239303589e-02 1.414195913821458817e-02 1.281690225005149841e-02 1.537832431495189667e-02 6.569851189851760864e-03 7.603970915079116821e-02 2.819116599857807159e-02 4.439460113644599915e-02 8.964840671978890896e-04 4.381860420107841492e-02 5.613682046532630920e-02 4.091368243098258972e-02 1.910088770091533661e-02 6.440993864089250565e-03 6.791462004184722900e-02 5.027255415916442871e-02 3.762099891901016235e-02 5.699860677123069763e-02 1.908364705741405487e-02 1.796626602299511433e-03 1.865754951722919941e-03 3.188902139663696289e-02 1.407131925225257874e-02 4.304708912968635559e-02 9.183891117572784424e-03 2.237180434167385101e-02 1.482744235545396805e-03 1.394465100020170212e-02 6.722180545330047607e-02 2.190785855054855347e-02 5.513317883014678955e-02 1.372345723211765289e-02 5.993330385535955429e-03 4.795903712511062622e-02 1.062146387994289398e-02 7.537852972745895386e-02 5.242814496159553528e-02 5.201787501573562622e-02 3.414779901504516602e-02 7.263377308845520020e-02 4.457281436771154404e-03 1.905680075287818909e-02
4.630538821220397949e-02 2.750893123447895050e-02 8.973858319222927094e-03 2.204396016895771027e-02 1.814233371987938881e-03 1.141003817319869995e-01 7.299464195966720581e-03 5.148022994399070740e-02 4.445651173591613770e-02 2.164340578019618988e-02 5.079557374119758606e-02 6.493738386780023575e-03 7.351299375295639038e-02 2.220219820737838745e-01 4.447392374277114868e-02 5.872661992907524109e-02 2.385698631405830383e-02 3.065997362136840820e-02 8.435866236686706543e-02 4.753261164296418428e-04 3.211357444524765015e-02 3.205611184239387512e-02 1.250946819782257080e-01 1.431567780673503876e-02 2.198760164901614189e-03 4.284678027033805847e-02 3.965722396969795227e-02 1.716210544109344482e-01 3.063881956040859222e-02 1.062060967087745667e-01 3.581426292657852173e-02 1.678431779146194458e-02 1.649168320000171661e-02 2.881845086812973022e-02 4.270543158054351807e-02 2.383851259946823120e-02 4.396755248308181763e-02 2.867331169545650482e-02 2.099330537021160126e-02 1.963271200656890869e-02 9.968012571334838867e-03 6.034589186310768127e-02 4.380023106932640076e-02 6.854064017534255981e-02 1.635247766971588135e-01 4.460541903972625732e-02 6.550961732864379883e-02 5.271981284022331238e-02 2.622443623840808868e-02 8.779942989349365234e-02 1.264686789363622665e-02 1.246175821870565414e-02 3.035219199955463409e-02 6.427435576915740967e-02 9.924490004777908325e-03 3.779775649309158325e-02 6.982357054948806763e-02 4.031873866915702820e-02 1.358288899064064026e-02 2.121298760175704956e-02 3.485350683331489563e-02 5.090005695819854736e-02 3.926864638924598694e-02 4.414624720811843872e-02 2.707976661622524261e-02 4.901726171374320984e-02 3.889947384595870972e-02 8.706903085112571716e-03 4.677858576178550720e-02 6.123741343617439270e-02 4.254988953471183777e-02 2.849533595144748688e-02 2.539012208580970764e-02 4.035158082842826843e-02 1.201477862196043134e-04 6.858622282743453979e-02 8.304537087678909302e-02 9.332202374935150146e-02 1.725256443023681641e-02 7.165998220443725586e-02 2.918821945786476135e-02 4.923793673515319824e-02 2.275600470602512360e-02 9.910956025123596191e-02 4.597262665629386902e-02 6.116824597120285034e-02 2.782336249947547913e-02 5.085563659667968750e-02 1.153202075511217117e-02 5.680985003709793091e-02 2.955759130418300629e-02 2.427996136248111725e-02 2.283579669892787933e-02 3.094647312536835670e-03 7.775282859802246094e-02 5.057436972856521606e-02 6.133625656366348267e-02 2.504465356469154358e-02 4.068542271852493286e-03 3.257262334227561951e-02 6.795252859592437744e-02 4.578138887882232666e-02 5.637085065245628357e-02 1.021002978086471558e-02 1.994816586375236511e-02 1.161584537476301193e-02 2.004874404519796371e-03 6.020077317953109741e-02 2.811231464147567749e-02 6.104330345988273621e-02 1.803423510864377022e-03 1.022822596132755280e-02 1.961370557546615601e-02 4.320162907242774963e-02 2.022087015211582184e-02 7.013310492038726807e-02
1.256176829338073730e-01 1.554943919181823730e-01 5.099256709218025208e-02 4.493677522987127304e-03 4.244033619761466980e-02 1.973091624677181244e-02 2.424746518954634666e-03 4.025202617049217224e-02 5.610166862607002258e-02 5.990094691514968872e-02 1.004384756088256836e-01 7.351299375295639038e-02 7.455821149051189423e-03 2.852356433868408203e-02 5.358629301190376282e-02 1.745711639523506165e-02 4.063334316015243530e-02 2.169174142181873322e-02 6.552476435899734497e-02 4.436669126152992249e-02 4.797282442450523376e-02 1.024136170744895935e-01 2.160195820033550262e-02 2.237387187778949738e-02 8.684693276882171631e-02 5.654087290167808533e-02 4.028227925300598145e-02 2.436500042676925659e-02 5.722992867231369019e-02 6.385703384876251221e-02 3.149116784334182739e-02 2.090441435575485229e-02 4.360518977046012878e-02 1.779804588295519352e-03 1.814628206193447113e-02 3.816557675600051880e-02 1.105391699820756912e-02 1.140489615499973297e-02 5.167154595255851746e-02 1.366800256073474884e-02 4.871108755469322205e-02 5.217950046062469482e-02 2.452133223414421082e-02 2.484826371073722839e-02 2.207130938768386841e-02 2.692770911380648613e-03 8.289220929145812988e-02 3.290283679962158203e-02 2.309374511241912842e-02 3.062459081411361694e-02 5.271977931261062622e-02 3.695890307426452637e-03 2.743731066584587097e-02 2.821079455316066742e-02 3.524587675929069519e-02 1.067731250077486038e-02 6.756355613470077515e-02 9.298531222157180309e-04 2.760492078959941864e-02 2.667242288589477539e-02 3.611975349485874176e-03 1.252563390880823135e-02 5.257106572389602661e-02 2.542868070304393768e-02 4.340481013059616089e-02 9.184610098600387573e-02 6.043637637048959732e-03 4.684939235448837280e-02 4.137370735406875610e-02 5.673450231552124023e-02 2.054017269983887672e-03 2.368741668760776520e-02 1.525563746690750122e-02 1.681651361286640167e-02 2.163090556859970093e-02 4.731051996350288391e-02 1.095363497734069824e-02 4.544143378734588623e-02 7.499631028622388840e-03 6.914265919476747513e-03 4.148945584893226624e-02 2.984628453850746155e-02 6.486090365797281265e-03 4.907960444688796997e-02 4.001604765653610229e-02 2.891543321311473846e-02 6.957489997148513794e-02 1.560114510357379913e-02 3.476091660559177399e-03 9.381523355841636658e-03 3.523636609315872192e-02 5.090237036347389221e-02 4.086621105670928955e-02 6.896759569644927979e-02 4.495168477296829224e-02 1.361133879981935024e-03 4.181483387947082520e-02 3.819386707618832588e-03 3.774607554078102112e-02 5.896199028939008713e-03 2.281313389539718628e-02 1.156250201165676117e-02 1.215517893433570862e-02 1.113270595669746399e-02 3.773202374577522278e-02 2.933548949658870697e-02 3.206701576709747314e-02 3.510446520522236824e-03 2.349092252552509308e-02 8.536344394087791443e-03 6.931612640619277954e-02 8.730005472898483276e-03 3.992198780179023743e-02 3.697630763053894043e-02 1.702531985938549042e-02 1.526712346822023392e-02
