2.158390134572982788e-01 2.525822520256042480e-01 2.213002182543277740e-02 2.222047373652458191e-02 3.736026585102081299e-02 1.633271723985671997e-01 7.960650324821472168e-02 1.238816301338374615e-03 1.490570884197950363e-02 2.331734076142311096e-02 2.082029432058334351e-01 3.711715340614318848e-02 1.358383148908615112e-01 9.001278318464756012e-03 7.634191215038299561e-02 2.810238301753997803e-02 2.361011924222111702e-03 2.019128389656543732e-02 4.666140885092318058e-04 8.568763732910156250e-03 2.427733503282070160e-02 1.745223440229892731e-02 1.015736139379441738e-03 2.577599603682756424e-03 1.581076532602310181e-02 2.049157768487930298e-02 4.152892157435417175e-03 4.240510612726211548e-02 4.151586443185806274e-02 4.292392358183860779e-02 1.324567757546901703e-02 1.026719808578491211e-02 6.597452610731124878e-02 1.894015818834304810e-02 2.545157447457313538e-02 1.414628233760595322e-03 1.793349534273147583e-02 1.648217625916004181e-02 1.693654805421829224e-02 8.282567374408245087e-03 2.732462808489799500e-02 3.677395358681678772e-02 8.631403557956218719e-03 5.931189749389886856e-03 7.328171283006668091e-03 2.824119105935096741e-02 5.559773743152618408e-02 2.422753535211086273e-02 2.301388047635555267e-02 7.411160040646791458e-03 1.216269843280315399e-02 1.628258265554904938e-02 2.275699004530906677e-02 5.102675640955567360e-04 2.377413399517536163e-02 2.579345181584358215e-02 3.381342813372612000e-02 3.663609921932220459e-02 2.218310954049229622e-03 2.623684145510196686e-02 1.096008811146020889e-02 7.848241366446018219e-03 2.920513972640037537e-02 6.493970751762390137e-03 2.287131734192371368e-02 6.666458398103713989e-02 2.241989783942699432e-02 3.214496374130249023e-02 5.408380180597305298e-03 2.585493773221969604e-02 1.274349540472030640e-02 3.096417523920536041e-02 3.992369398474693298e-03 3.961749374866485596e-03 7.528744172304868698e-03 1.711603812873363495e-02 1.417354121804237366e-02 7.898642681539058685e-03 6.450016796588897705e-02 6.278318911790847778e-02 3.718983207363635302e-04 2.793435938656330109e-03 5.996414925903081894e-03 1.268393453210592270e-02 1.854145154356956482e-02 3.154686838388442993e-02 4.007698222994804382e-02 4.981295019388198853e-02 3.982356935739517212e-02 3.880652040243148804e-02 3.082230919972062111e-03 2.133500948548316956e-02 3.499105945229530334e-02 3.171014413237571716e-02 2.323575876653194427e-02 3.714182227849960327e-02 6.319951266050338745e-03 9.109417907893657684e-03 2.447763085365295410e-02 3.438635030761361122e-03 2.251734025776386261e-02 1.583973877131938934e-02 1.169578265398740768e-02 3.761099418625235558e-03 1.203653961420059204e-02 2.117638662457466125e-02 4.390994086861610413e-02 1.161289215087890625e-02 2.968611568212509155e-02 5.845029372721910477e-03 3.976947441697120667e-02 3.196469694375991821e-02 2.620950900018215179e-02 1.547509897500276566e-02 3.185305744409561157e-02 3.181751118972897530e-03
2.525822520256042480e-01 2.262549102306365967e-01 2.057770639657974243e-02 2.504964545369148254e-02 8.609721437096595764e-03 1.641264259815216064e-01 1.093133389949798584e-01 3.298251330852508545e-02 2.478484250605106354e-02 7.539582438766956329e-03 2.012450844049453735e-01 6.277283281087875366e-02 1.697186827659606934e-01 1.985246688127517700e-02 5.527930334210395813e-02 1.352771278470754623e-02 1.217317208647727966e-02 1.078939344733953476e-02 3.969538956880569458e-02 2.910064160823822021e-02 2.790364064276218414e-02 3.526727436110377312e-03 5.887382198125123978e-03 4.132091416977345943e-04 1.309910509735345840e-02 5.998879205435514450e-03 2.386931143701076508e-02 4.560208693146705627e-02 5.054686218500137329e-02 2.430381812155246735e-02 2.761710435152053833e-02 2.183930203318595886e-02 1.862407289445400238e-02 3.509188815951347351e-02 2.198568359017372131e-02 4.792742431163787842e-03 2.114976570010185242e-02 1.789395883679389954e-02 5.286248400807380676e-03 8.579530753195285797e-03 3.559619188308715820e-02 2.180092968046665192e-02 1.433303765952587128e-02 4.759541153907775879e-02 3.692231699824333191e-02 4.962070286273956299e-02 6.993654370307922363e-02 1.772354356944561005e-02 2.515555731952190399e-02 1.564993150532245636e-02 1.209941506385803223e-02 2.946570888161659241e-02 2.462790161371231079e-02 2.150399424135684967e-02 2.764296531677246094e-02 2.150530368089675903e-02 5.095243081450462341e-02 3.635209798812866211e-02 1.450981199741363525e-02 1.493731979280710220e-03 3.068566555157303810e-03 2.749026461970061064e-04 1.766518317162990570e-02 1.533671654760837555e-02 2.866671979427337646e-02 5.121912434697151184e-02 3.965107351541519165e-02 3.754734247922897339e-02 1.920016482472419739e-02 2.967219427227973938e-02 1.635100925341248512e-03 2.006988041102886200e-02 1.558865513652563095e-02 3.540503978729248047e-02 2.127554826438426971e-02 1.006985735148191452e-02 7.792702410370111465e-03 2.682397700846195221e-02 1.486363112926483154e-01 1.307454053312540054e-02 2.272501774132251740e-02 5.043589975684881210e-03 4.077062755823135376e-02 4.181161895394325256e-02 1.214117929339408875e-02 1.693581417202949524e-02 2.919420041143894196e-02 6.142314523458480835e-02 3.904724121093750000e-02 2.153159584850072861e-03 1.551567483693361282e-02 4.370590206235647202e-03 5.673533305525779724e-02 4.062969237565994263e-02 1.604600064456462860e-02 4.780802130699157715e-02 7.907442748546600342e-03 7.700630463659763336e-03 4.837637301534414291e-03 1.134822843596339226e-03 2.179989218711853027e-02 1.733185164630413055e-02 2.929922752082347870e-02 2.849520416930317879e-03 1.331073045730590820e-02 1.049718447029590607e-02 3.409563377499580383e-02 7.966589182615280151e-03 3.674089163541793823e-02 1.997184194624423981e-02 5.841917917132377625e-02 3.767502307891845703e-02 3.132308274507522583e-02 1.847374066710472107e-02 3.500899672508239746e-02 1.635677739977836609e-02
2.213002182543277740e-02 2.057770639657974243e-02 9.330824762582778931e-02 5.082120001316070557e-02 1.232413761317729950e-02 1.635574735701084137e-02 4.851325601339340210e-02 2.025428414344787598e-01 4.390492662787437439e-02 1.514012692496180534e-03 1.024026609957218170e-02 3.817656636238098145e-02 4.972799867391586304e-02 4.071494564414024353e-02 2.828526869416236877e-02 2.186789736151695251e-02 3.013132140040397644e-03 3.520858287811279297e-02 1.034449785947799683e-02 4.830620437860488892e-02 3.275616909377276897e-04 9.211351722478866577e-02 4.665820300579071045e-02 1.952358148992061615e-02 5.244297906756401062e-02 9.193568839691579342e-04 7.774238009005784988e-03 6.105050444602966309e-02 7.989094592630863190e-03 4.775650799274444580e-02 3.443573950789868832e-04 9.540677070617675781e-03 5.886197462677955627e-02 4.663725197315216064e-02 4.365894198417663574e-02 5.166586115956306458e-02 1.656310260295867920e-02 4.928427748382091522e-03 9.752549231052398682e-03 1.759603247046470642e-02 2.466719038784503937e-02 2.739799767732620239e-02 1.881148637039586902e-04 3.510447591543197632e-02 2.851742506027221680e-02 4.803432151675224304e-02 1.145061571151018143e-02 8.657696098089218140e-02 4.465112090110778809e-02 4.009191179648041725e-04 4.139658063650131226e-02 1.327311899513006210e-02 3.638541698455810547e-02 3.628163784742355347e-02 2.868877351284027100e-02 6.311498000286519527e-04 4.530838131904602051e-02 9.058319032192230225e-03 1.092526242136955261e-01 9.137497842311859131e-02 2.597595565021038055e-02 3.473248565569519997e-03 6.098243966698646545e-02 2.010195888578891754e-02 3.492970392107963562e-02 2.639813162386417389e-02 2.011213079094886780e-02 1.312510482966899872e-02 1.095378538593649864e-03 1.391081698238849640e-02 2.666376531124114990e-02 3.962130472064018250e-02 9.677606867626309395e-04 1.968261227011680603e-02 9.678121656179428101e-03 4.198528360575437546e-03 3.825731202960014343e-02 2.191502787172794342e-02 4.088649526238441467e-02 5.973105877637863159e-02 1.157141104340553284e-01 1.012552455067634583e-01 2.797814458608627319e-02 6.480497773736715317e-03 8.338316343724727631e-03 3.446799889206886292e-02 2.656137570738792419e-02 1.886675134301185608e-02 7.172805070877075195e-02 2.908920682966709137e-02 1.219834759831428528e-02 6.714963912963867188e-02 8.597248047590255737e-02 1.374512538313865662e-02 1.376083819195628166e-03 2.142344601452350616e-02 2.345148939639329910e-03 7.846623659133911133e-03 5.280502885580062866e-02 2.135129831731319427e-02 3.298775106668472290e-02 8.175163529813289642e-04 2.579197054728865623e-03 3.057669475674629211e-02 6.607444956898689270e-04 6.887230277061462402e-02 5.353692546486854553e-02 2.113538980484008789e-02 3.159208968281745911e-02 7.200698833912611008e-03 1.950783468782901764e-02 6.071546673774719238e-02 5.242780223488807678e-02 5.817006528377532959e-02 7.771027088165283203e-02 1.127776876091957092e-02
2.222047373652458191e-02 2.504964545369148254e-02 5.082120001316070557e-02 1.308707296848297119e-01 2.036803960800170898e-01 2.487429790198802948e-02 3.539935126900672913e-02 2.149259485304355621e-02 2.365293353796005249e-02 8.330363780260086060e-02 4.201446659862995148e-03 4.141006618738174438e-02 1.118142902851104736e-02 2.342920005321502686e-02 2.018601633608341217e-03 3.607028722763061523e-02 1.443328522145748138e-02 7.950551807880401611e-02 7.339879870414733887e-02 6.158763915300369263e-02 2.439318224787712097e-02 1.332586538046598434e-02 2.479535713791847229e-02 1.715881749987602234e-02 4.615362267941236496e-03 2.617832645773887634e-02 3.470330685377120972e-02 5.797713249921798706e-02 1.868249475955963135e-02 1.489881146699190140e-02 7.634575664997100830e-02 3.035481786355376244e-03 2.491907589137554169e-02 3.311833739280700684e-02 1.238466147333383560e-02 1.898805424571037292e-02 6.707476451992988586e-03 2.316499315202236176e-02 5.832616239786148071e-02 2.912864834070205688e-02 2.019421383738517761e-02 6.095133349299430847e-02 7.110835611820220947e-02 2.057082764804363251e-02 2.371463179588317871e-02 1.367777679115533829e-02 1.597061054781079292e-03 3.833211958408355713e-02 1.507602259516716003e-02 2.659781649708747864e-02 1.736685261130332947e-02 4.738162737339735031e-03 1.095084380358457565e-02 9.849444031715393066e-04 1.860684156417846680e-02 3.939658030867576599e-02 4.877957981079816818e-03 3.074925020337104797e-02 3.356291353702545166e-02 2.231982164084911346e-02 5.166843533515930176e-02 7.538006454706192017e-02 6.989746540784835815e-02 8.834688924252986908e-03 1.819716766476631165e-02 3.609903156757354736e-02 5.455967038869857788e-03 5.718111246824264526e-02 9.413122385740280151e-02 3.102350980043411255e-02 1.537971291691064835e-02 5.119515955448150635e-02 1.539920866489410400e-01 6.272980570793151855e-02 1.278558969497680664e-01 3.881680220365524292e-02 5.778531357645988464e-02 2.784480527043342590e-02 6.079655885696411133e-02 9.102965891361236572e-02 6.396497786045074463e-02 9.304068051278591156e-03 4.092638194561004639e-02 2.491649240255355835e-02 4.373821616172790527e-02 6.144586578011512756e-02 1.320447656325995922e-03 3.240402042865753174e-02 6.954281777143478394e-02 2.117308415472507477e-02 1.758628524839878082e-02 3.787454217672348022e-02 3.564224764704704285e-02 2.341061830520629883e-02 3.668132796883583069e-02 3.850546851754188538e-02 3.529275581240653992e-02 1.439568679779767990e-02 4.169395193457603455e-02 3.105039894580841064e-02 1.789937913417816162e-02 4.345197975635528564e-02 2.050898037850856781e-02 2.888313494622707367e-02 5.108745396137237549e-02 3.803366050124168396e-02 1.806287281215190887e-02 6.468348950147628784e-02 2.398700639605522156e-02 8.986885100603103638e-02 3.033754229545593262e-02 2.877158485352993011e-02 1.671568118035793304e-02 3.757170960307121277e-02 3.706585615873336792e-02 3.323540091514587402e-02
3.736026585102081299e-02 8.609721437096595764e-03 1.232413761317729950e-02 2.036803960800170898e-01 1.463605910539627075e-01 2.418873272836208344e-02 1.325212325900793076e-02 6.461270898580551147e-02 5.880928412079811096e-02 6.181142479181289673e-02 7.389582693576812744e-03 2.897834219038486481e-02 2.215978503227233887e-02 1.523174066096544266e-02 7.892351597547531128e-02 1.686214469373226166e-02 2.181978709995746613e-02 5.861271172761917114e-02 9.150908142328262329e-02 4.613935574889183044e-02 1.753137074410915375e-02 4.628996923565864563e-02 3.307818993926048279e-02 4.040021076798439026e-02 2.452410943806171417e-02 4.606281593441963196e-02 6.388226151466369629e-02 3.744108369573950768e-03 2.391707897186279297e-02 2.401270903646945953e-02 2.341046370565891266e-02 9.753109887242317200e-03 1.927248202264308929e-02 8.383877575397491455e-03 3.584016487002372742e-02 2.819252840708941221e-04 2.729194238781929016e-02 3.218904137611389160e-03 7.898189872503280640e-02 4.713382571935653687e-02 6.503075826913118362e-03 3.157802298665046692e-02 4.314418882131576538e-02 2.216208167374134064e-02 2.057058177888393402e-02 2.752453647553920746e-02 3.405186533927917480e-02 3.813314437866210938e-02 2.516975998878479004e-02 1.804388873279094696e-02 3.825461864471435547e-02 4.491276666522026062e-02 2.542622387409210205e-02 3.541579470038414001e-02 8.777923882007598877e-03 8.138333261013031006e-02 2.833332633599638939e-03 6.597128696739673615e-03 1.273687463253736496e-02 1.598716899752616882e-02 4.355063196271657944e-03 7.350247353315353394e-02 5.329803004860877991e-02 6.157945469021797180e-02 2.880973368883132935e-02 3.147966042160987854e-02 4.792654141783714294e-02 6.312127225100994110e-03 6.786867231130599976e-02 6.351634860038757324e-03 6.397026032209396362e-02 2.460036613047122955e-02 1.315640509128570557e-01 7.266130298376083374e-02 1.684620827436447144e-01 2.564575150609016418e-02 8.928704075515270233e-03 1.618938520550727844e-02 2.668672613799571991e-02 1.117486134171485901e-01 1.192696671932935715e-02 1.974075287580490112e-02 4.691003635525703430e-02 1.858725994825363159e-01 3.109331429004669189e-02 2.411948144435882568e-02 6.638894323259592056e-03 8.566895127296447754e-02 2.460033632814884186e-02 4.054502118378877640e-03 4.008419811725616455e-02 2.964186295866966248e-02 5.423565208911895752e-02 4.206365719437599182e-02 1.341184694319963455e-02 2.142598107457160950e-02 7.141264155507087708e-03 2.920154668390750885e-02 4.860750585794448853e-02 8.367067202925682068e-03 2.622138336300849915e-02 3.963228315114974976e-02 4.553576000034809113e-03 3.168049454689025879e-02 4.662115126848220825e-02 3.041785582900047302e-02 2.924561500549316406e-03 9.544222615659236908e-03 1.393633708357810974e-02 2.193948999047279358e-02 1.780709810554981232e-02 4.501118790358304977e-03 4.009452182799577713e-03 5.884137004613876343e-03 2.490211743861436844e-03 6.935337185859680176e-02
1.633271723985671997e-01 1.641264259815216064e-01 1.635574735701084137e-02 2.487429790198802948e-02 2.418873272836208344e-02 2.480463534593582153e-01 1.881833523511886597e-01 2.120096050202846527e-02 3.700147569179534912e-02 3.580048680305480957e-02 1.667092293500900269e-01 1.235584914684295654e-02 9.947155416011810303e-02 4.385186359286308289e-02 8.107941597700119019e-03 5.852098762989044189e-02 1.868320629000663757e-02 4.880499839782714844e-02 3.009108640253543854e-02 2.174001932144165039e-02 3.102272050455212593e-03 4.715901240706443787e-02 4.589017853140830994e-02 8.354938589036464691e-03 1.955826155608519912e-04 1.461729779839515686e-02 3.933155536651611328e-02 2.794510684907436371e-02 2.039113640785217285e-02 5.113971605896949768e-02 8.559689670801162720e-02 1.198268844746053219e-03 6.614016834646463394e-03 3.378532826900482178e-02 2.561900950968265533e-02 2.794139273464679718e-02 7.613073568791151047e-03 3.084665723145008087e-02 2.413722500205039978e-02 8.910946547985076904e-03 5.381232476793229580e-04 2.181758172810077667e-03 7.208731491118669510e-03 7.476480212062597275e-03 9.470439702272415161e-02 4.338670894503593445e-02 2.894377410411834717e-01 8.111051470041275024e-02 1.402274239808320999e-02 5.352464318275451660e-02 2.860295772552490234e-02 4.130307957530021667e-02 3.542980924248695374e-02 1.084601506590843201e-02 2.052158862352371216e-02 3.965710848569869995e-02 7.505671121180057526e-03 6.096125580370426178e-03 1.838927902281284332e-02 1.099424343556165695e-02 1.064172945916652679e-02 2.649316005408763885e-02 6.306292861700057983e-02 2.858739905059337616e-02 2.036243677139282227e-02 6.374248862266540527e-02 6.483775097876787186e-03 1.859969645738601685e-02 6.973645649850368500e-04 5.273174494504928589e-02 4.283540695905685425e-02 1.530551258474588394e-02 4.336128383874893188e-02 4.369402304291725159e-02 4.808326810598373413e-02 3.774478659033775330e-02 2.290766499936580658e-02 1.524463295936584473e-02 1.992593258619308472e-01 1.167634781450033188e-02 4.069595783948898315e-02 4.091154038906097412e-02 7.589810341596603394e-02 2.481858059763908386e-02 1.736812479794025421e-02 2.548898942768573761e-02 3.224761039018630981e-02 1.338839530944824219e-03 5.438080430030822754e-02 1.770592294633388519e-02 1.767589338123798370e-02 2.764845639467239380e-02 7.140059024095535278e-02 5.267399363219738007e-03 5.146244168281555176e-02 4.490152001380920410e-02 2.291081659495830536e-02 9.337716735899448395e-03 1.798734441399574280e-02 1.460009627044200897e-02 1.727069914340972900e-02 1.800329610705375671e-02 2.197900973260402679e-02 3.842670470476150513e-02 4.945550113916397095e-02 4.079025238752365112e-02 1.270279195159673691e-02 3.558177500963211060e-02 3.390975669026374817e-02 4.193809628486633301e-02 3.315162286162376404e-02 2.004654705524444580e-02 1.415620092302560806e-02 8.089018054306507111e-03 4.043231159448623657e-02 1.900598593056201935e-02
7.960650324821472168e-02 1.093133389949798584e-01 4.851325601339340210e-02 3.539935126900672913e-02 1.325212325900793076e-02 1.881833523511886597e-01 2.134890854358673096e-01 2.631403133273124695e-02 2.468314254656434059e-03 1.667948812246322632e-02 9.389876574277877808e-02 6.062445417046546936e-02 9.608175605535507202e-02 1.585794612765312195e-02 4.443386569619178772e-02 1.486333739012479782e-02 3.017532452940940857e-02 1.277139643207192421e-03 1.665558479726314545e-02 5.457365512847900391e-02 3.495738608762621880e-03 1.711110398173332214e-02 3.213441930711269379e-03 3.165098279714584351e-02 1.614457927644252777e-02 1.714629866182804108e-02 5.586369428783655167e-03 2.722123265266418457e-02 4.912171140313148499e-02 3.352146968245506287e-02 3.093718178570270538e-02 6.239946465939283371e-03 2.003118209540843964e-02 2.979479357600212097e-02 1.022036001086235046e-02 3.190690651535987854e-03 1.452814228832721710e-02 3.281515836715698242e-02 2.727802470326423645e-02 9.196048602461814880e-03 2.108411677181720734e-02 2.168613113462924957e-02 4.226733744144439697e-02 5.058486759662628174e-02 3.468973562121391296e-02 6.686964631080627441e-02 2.336789071559906006e-01 1.764926612377166748e-01 2.247879654169082642e-02 3.408757969737052917e-02 2.058762498199939728e-02 2.122637443244457245e-02 2.292743511497974396e-02 1.012961193919181824e-02 3.019379265606403351e-02 1.769221760332584381e-02 8.532448671758174896e-03 3.048733249306678772e-02 2.682080678641796112e-02 3.090019151568412781e-02 8.149350993335247040e-03 5.008769035339355469e-02 4.893256351351737976e-02 2.412196993827819824e-02 4.210408776998519897e-02 3.677711263298988342e-02 1.690039969980716705e-02 4.137830808758735657e-02 2.173308655619621277e-02 2.540525980293750763e-03 1.838709041476249695e-02 1.711228117346763611e-02 1.889245933853089809e-03 5.283525586128234863e-02 2.023769356310367584e-02 3.798266127705574036e-02 3.318332880735397339e-02 3.028778731822967529e-02 4.846727475523948669e-02 1.824881322681903839e-02 9.495461359620094299e-03 2.434772206470370293e-03 5.056312773376703262e-03 3.360527008771896362e-02 3.619717061519622803e-02 1.685792952775955200e-02 2.939452975988388062e-02 3.006417769938707352e-03 3.896419366355985403e-04 1.601567119359970093e-02 9.430980682373046875e-02 6.773875211365520954e-04 4.605120513588190079e-03 9.850238449871540070e-03 4.386687278747558594e-02 2.262876369059085846e-02 1.554117817431688309e-02 9.676649351604282856e-04 1.840322464704513550e-02 5.747760087251663208e-02 8.720117621123790741e-03 3.161410242319107056e-02 6.714889779686927795e-03 2.444239147007465363e-02 1.087675988674163818e-02 3.189742937684059143e-02 8.679617196321487427e-03 1.886959373950958252e-02 1.965650729835033417e-02 1.275358814746141434e-02 3.252171352505683899e-02 7.294347975403070450e-03 2.325333189219236374e-03 1.943705603480339050e-02 1.712225936353206635e-02 2.930217608809471130e-02
1.238816301338374615e-03 3.298251330852508545e-02 2.025428414344787598e-01 2.149259485304355621e-02 6.461270898580551147e-02 2.120096050202846527e-02 2.631403133273124695e-02 9.962604194879531860e-02 7.993914932012557983e-02 2.510891295969486237e-02 3.804075345396995544e-02 7.962192408740520477e-03 2.408054657280445099e-02 2.784003503620624542e-02 1.200041621923446655e-01 3.559792041778564453e-02 4.793427884578704834e-03 3.731467202305793762e-02 2.965673804283142090e-02 1.327594835311174393e-02 1.896379888057708740e-02 3.006362356245517731e-02 1.083889231085777283e-01 2.819329686462879181e-02 5.507982522249221802e-02 5.643519107252359390e-03 5.642727017402648926e-02 2.358981594443321228e-02 2.523956261575222015e-02 5.012064427137374878e-02 1.354914507828652859e-03 4.926290828734636307e-03 5.261449515819549561e-02 2.040885761380195618e-02 3.716483712196350098e-02 4.692411795258522034e-02 2.271174266934394836e-02 2.879623137414455414e-02 5.538237467408180237e-02 2.648779004812240601e-02 3.813270106911659241e-02 1.423408742994070053e-03 2.566491626203060150e-02 5.313335731625556946e-02 2.627429366111755371e-02 2.419571205973625183e-02 4.882036894559860229e-02 1.456748321652412415e-02 1.863796636462211609e-02 3.812573850154876709e-02 3.563570603728294373e-02 2.686094120144844055e-02 2.214836142957210541e-02 1.694482751190662384e-02 4.870916530489921570e-02 9.157927706837654114e-03 5.614059418439865112e-02 3.862674906849861145e-02 2.884204313158988953e-02 1.438052393496036530e-02 8.467098698019981384e-03 1.132040992379188538e-01 1.382432039827108383e-02 4.471183288842439651e-03 6.745652109384536743e-02 8.502302691340446472e-03 3.022631071507930756e-02 3.174260258674621582e-02 4.351560398936271667e-02 2.464155666530132294e-03 1.081989333033561707e-02 2.840329892933368683e-02 2.313543297350406647e-02 5.391948856413364410e-03 3.815453499555587769e-02 3.341608494520187378e-02 6.629121303558349609e-02 1.646802574396133423e-02 1.524407044053077698e-02 3.377258777618408203e-02 1.506902128458023071e-01 9.830589592456817627e-02 9.165623923763632774e-04 8.627865463495254517e-03 2.966999262571334839e-02 5.290140956640243530e-02 8.067024499177932739e-02 1.151540949940681458e-01 2.248097583651542664e-02 2.424893714487552643e-02 8.371027186512947083e-03 7.352099567651748657e-02 2.145218104124069214e-02 3.399958461523056030e-02 1.430432405322790146e-02 3.352118656039237976e-02 3.401642432436347008e-03 1.152677647769451141e-02 2.219407632946968079e-02 9.496823884546756744e-03 3.498060256242752075e-02 3.671693056821823120e-02 1.556665450334548950e-02 3.207427263259887695e-02 3.113662078976631165e-02 2.895564213395118713e-02 3.060746192932128906e-02 4.975299909710884094e-02 1.609995029866695404e-02 2.614038623869419098e-02 5.037376657128334045e-03 1.298079490661621094e-01 3.114693611860275269e-02 8.604172617197036743e-03 6.633723527193069458e-02 1.516957487910985947e-02
1.490570884197950363e-02 2.478484250605106354e-02 4.390492662787437439e-02 2.365293353796005249e-02 5.880928412079811096e-02 3.700147569179534912e-02 2.468314254656434059e-03 7.993914932012557983e-02 1.633850485086441040e-01 6.410992890596389771e-02 5.627332255244255066e-02 3.940997645258903503e-02 4.779540002346038818e-02 4.082051292061805725e-02 3.054169472306966782e-03 1.054217219352722168e-01 6.244109943509101868e-02 9.901671111583709717e-02 1.286078710108995438e-02 2.650869078934192657e-02 1.365086995065212250e-02 6.936343759298324585e-02 6.958544254302978516e-02 6.690330058336257935e-02 1.760640554130077362e-02 1.295028440654277802e-02 4.064369946718215942e-02 1.906331256031990051e-02 1.607701368629932404e-02 9.642974287271499634e-02 1.191055867820978165e-02 4.493686929345130920e-02 9.185902890749275684e-04 4.494330659508705139e-02 8.162747137248516083e-03 4.566834121942520142e-02 2.239469625055789948e-02 1.890005916357040405e-02 2.158165164291858673e-02 7.373163104057312012e-02 2.260875515639781952e-02 7.900728844106197357e-03 2.158401347696781158e-02 3.943648189306259155e-02 2.303041145205497742e-02 2.247569523751735687e-02 4.554258659482002258e-02 3.830730915069580078e-02 1.213961094617843628e-01 7.329674065113067627e-02 2.375172451138496399e-02 4.423424229025840759e-02 2.226214297115802765e-02 1.157595682889223099e-02 1.051529943943023682e-01 4.250657558441162109e-02 1.665412075817584991e-02 3.405650611966848373e-03 7.423571776598691940e-03 1.498254388570785522e-02 6.352493911981582642e-02 8.650439232587814331e-02 6.627980619668960571e-02 2.768308110535144806e-02 4.957903549075126648e-02 5.087223649024963379e-02 3.849687427282333374e-02 3.629755694419145584e-03 1.736526787281036377e-01 1.660408917814493179e-03 3.903926536440849304e-02 1.606764644384384155e-02 1.000570040196180344e-02 2.783621894195675850e-03 8.117158710956573486e-02 6.323468871414661407e-03 2.163680791854858398e-01 7.805109769105911255e-02 4.769442975521087646e-02 4.524768516421318054e-02 3.086320869624614716e-02 2.998252026736736298e-02 3.403333947062492371e-02 3.886155784130096436e-02 6.724585592746734619e-02 2.551234140992164612e-02 4.349646344780921936e-02 2.544817700982093811e-02 1.397254317998886108e-01 2.819147519767284393e-02 2.094087540172040462e-04 2.522126026451587677e-02 2.369656041264533997e-02 1.746400445699691772e-02 2.118890918791294098e-02 4.311325773596763611e-02 5.610396713018417358e-02 5.755769554525613785e-03 6.202280893921852112e-02 1.861293427646160126e-02 2.202600054442882538e-02 4.068149253726005554e-02 1.062152534723281860e-02 2.835844270884990692e-02 3.537206351757049561e-02 3.195865545421838760e-03 5.537009984254837036e-02 5.270655080676078796e-02 1.624915935099124908e-02 1.985673047602176666e-02 9.828561451286077499e-04 1.543258316814899445e-02 2.443302981555461884e-02 1.609487645328044891e-02 5.720749963074922562e-03 3.857625648379325867e-02
2.331734076142311096e-02 7.539582438766956329e-03 1.514012692496180534e-03 8.330363780260086060e-02 6.181142479181289673e-02 3.580048680305480957e-02 1.667948812246322632e-02 2.510891295969486237e-02 6.410992890596389771e-02 1.167861521244049072e-01 3.495668992400169373e-02 7.020822912454605103e-02 2.623162977397441864e-02 2.081882767379283905e-02 1.821362972259521484e-02 3.165093809366226196e-02 3.650218248367309570e-02 7.771263364702463150e-03 6.159703806042671204e-02 7.730494835413992405e-04 1.514675095677375793e-02 2.360646321903914213e-04 4.804765805602073669e-02 5.036952719092369080e-02 4.439947754144668579e-02 3.936129808425903320e-02 2.538574393838644028e-03 1.271175220608711243e-02 1.498926617205142975e-02 4.985605366528034210e-03 6.091293320059776306e-02 3.500507399439811707e-02 3.181319683790206909e-02 8.931232243776321411e-02 4.385163541883230209e-03 6.136777624487876892e-02 5.483526736497879028e-02 9.023119695484638214e-03 5.562254041433334351e-02 5.463049560785293579e-02 4.658298566937446594e-02 6.619890034198760986e-02 2.076903358101844788e-02 1.409770920872688293e-02 1.253054756671190262e-02 2.461970038712024689e-02 1.278416602872312069e-03 5.709932371973991394e-02 3.889008238911628723e-02 1.940286457538604736e-01 5.209844186902046204e-02 2.880343236029148102e-04 2.932558953762054443e-02 3.297738358378410339e-02 6.280755251646041870e-02 1.089798882603645325e-01 4.954396933317184448e-02 6.144299730658531189e-02 6.541635841131210327e-02 4.740694072097539902e-03 1.970445737242698669e-02 5.179937556385993958e-02 3.849778696894645691e-02 2.036273479461669922e-02 6.226053228601813316e-04 3.166513517498970032e-02 1.611485145986080170e-02 4.143236950039863586e-02 9.070707857608795166e-02 2.796709537506103516e-02 6.526125967502593994e-02 1.056884531863033772e-03 6.206632778048515320e-02 8.388071507215499878e-02 1.405379269272089005e-02 3.480557724833488464e-02 9.076291695237159729e-03 1.757058948278427124e-01 1.461209263652563095e-02 1.981147676706314087e-01 3.137806057929992676e-02 1.099230535328388214e-02 1.760323718190193176e-02 3.835886716842651367e-02 3.513700515031814575e-02 6.116552650928497314e-02 2.176339179277420044e-02 2.223977446556091309e-02 3.654188476502895355e-03 7.882566004991531372e-02 4.902916029095649719e-02 7.024746853858232498e-03 7.190545648336410522e-02 2.580543234944343567e-02 2.809555036947131157e-03 1.216884609311819077e-02 2.262123301625251770e-02 3.390923142433166504e-03 2.150474674999713898e-02 5.698177963495254517e-02 1.927935145795345306e-02 3.159766085445880890e-03 4.131314158439636230e-02 2.520680241286754608e-02 3.790811868384480476e-03 1.792700774967670441e-02 8.515013381838798523e-03 3.230588883161544800e-02 2.463164553046226501e-02 1.405900903046131134e-02 8.964705280959606171e-03 1.313659455627202988e-02 7.387194316834211349e-03 2.841019257903099060e-02 5.456461384892463684e-02 5.840386450290679932e-02
2.082029432058334351e-01 2.012450844049453735e-01 1.024026609957218170e-02 4.201446659862995148e-03 7.389582693576812744e-03 1.667092293500900269e-01 9.389876574277877808e-02 3.804075345396995544e-02 5.627332255244255066e-02 3.495668992400169373e-02 2.356435805559158325e-01 5.158404633402824402e-02 1.468302756547927856e-01 3.268458321690559387e-02 6.890531629323959351e-02 6.717367097735404968e-03 1.346871908754110336e-02 2.677826583385467529e-02 5.169844720512628555e-03 2.105574496090412140e-02 1.589259877800941467e-02 5.346378311514854431e-02 1.304152514785528183e-02 9.288327768445014954e-03 1.299189124256372452e-02 5.313322413712739944e-03 1.937071792781352997e-02 4.883593879640102386e-03 3.722396120429039001e-02 7.027845364063978195e-03 3.663351386785507202e-02 4.765280988067388535e-03 4.841283429414033890e-03 2.418960258364677429e-02 2.602615207433700562e-02 3.447210416197776794e-03 1.499891281127929688e-02 1.015851739794015884e-02 2.040358074009418488e-02 1.159482635557651520e-02 1.013469416648149490e-02 1.785816974006593227e-03 2.743833512067794800e-02 2.601578272879123688e-02 5.037815868854522705e-02 5.512149259448051453e-02 8.889967203140258789e-02 1.588656939566135406e-02 3.857510536909103394e-02 5.085264565423130989e-04 1.242694444954395294e-02 3.065327368676662445e-02 1.537492382340133190e-03 3.253608010709285736e-03 4.319457511883229017e-04 9.991395287215709686e-03 4.903332516551017761e-02 1.979519985616207123e-02 1.687677204608917236e-02 1.720953918993473053e-02 3.144465386867523193e-03 8.804728277027606964e-03 6.287219002842903137e-03 2.933077700436115265e-02 3.872114419937133789e-02 5.676376447081565857e-02 3.203752636909484863e-02 3.116559423506259918e-02 1.680212095379829407e-02 3.154103085398674011e-02 2.959669567644596100e-02 5.535034835338592529e-02 1.850319094955921173e-02 3.913301508873701096e-03 2.382335998117923737e-02 5.823246669024229050e-03 3.738810867071151733e-02 7.286161649972200394e-03 1.058512106537818909e-01 2.640175260603427887e-02 1.749311573803424835e-02 2.124965563416481018e-02 2.248580334708094597e-03 4.608571529388427734e-02 2.088270615786314011e-03 1.541561540216207504e-02 5.545590072870254517e-02 5.792569741606712341e-02 5.732387304306030273e-02 3.091637790203094482e-02 2.010737918317317963e-02 4.449092224240303040e-02 4.162620007991790771e-02 4.360751062631607056e-02 1.794900745153427124e-02 5.387191101908683777e-02 2.594280429184436798e-02 1.294201798737049103e-02 2.647739835083484650e-02 8.581744506955146790e-03 6.234108936041593552e-03 4.625916946679353714e-03 2.678168937563896179e-02 8.327674120664596558e-03 1.233942527323961258e-02 8.892438374459743500e-03 2.419473230838775635e-02 2.782860770821571350e-02 1.001603435724973679e-02 2.840252779424190521e-02 2.377494052052497864e-02 4.364381730556488037e-02 2.665015310049057007e-02 1.944664679467678070e-02 5.527658853679895401e-03 2.651004120707511902e-02
3.711715340614318848e-02 6.277283281087875366e-02 3.817656636238098145e-02 4.141006618738174438e-02 2.897834219038486481e-02 1.235584914684295654e-02 6.062445417046546936e-02 7.962192408740520477e-03 3.940997645258903503e-02 7.020822912454605103e-02 5.158404633402824402e-02 1.684574037790298462e-01 4.584249481558799744e-02 3.388274908065795898e-01 9.800937958061695099e-03 1.155933551490306854e-02 1.694470085203647614e-02 8.228372782468795776e-03 6.606769561767578125e-02 1.668595150113105774e-02 3.245738893747329712e-02 5.565340071916580200e-02 7.409513741731643677e-02 2.944486215710639954e-02 1.748872920870780945e-02 2.811119891703128815e-03 9.422246948815882206e-04 1.547276675701141357e-01 2.795564755797386169e-02 1.289542764425277710e-01 4.700991883873939514e-02 4.518491774797439575e-02 3.888308303430676460e-03 7.542644161731004715e-03 1.161930244415998459e-02 1.758498698472976685e-02 7.326103281229734421e-03 5.435298010706901550e-02 2.384668029844760895e-02 1.307224016636610031e-02 2.918368205428123474e-02 1.940457522869110107e-02 1.984954625368118286e-02 4.276375286281108856e-03 4.763227701187133789e-02 3.907527774572372437e-02 4.023218993097543716e-03 6.429392844438552856e-02 2.608066191896796227e-03 5.905938148498535156e-02 1.340151280164718628e-01 1.030525490641593933e-01 1.722341217100620270e-02 1.199815794825553894e-02 1.157004502601921558e-03 5.154318735003471375e-02 5.171414464712142944e-02 3.855447471141815186e-02 1.757355779409408569e-02 1.529745664447546005e-02 6.609223037958145142e-02 2.515759877860546112e-02 3.488126397132873535e-02 7.426004111766815186e-02 3.684958443045616150e-02 1.065196283161640167e-02 1.893099024891853333e-02 1.303300708532333374e-01 5.853243917226791382e-02 6.376357376575469971e-02 1.263291016221046448e-02 6.956243515014648438e-02 1.695589977316558361e-03 2.768407762050628662e-02 2.971343696117401123e-02 1.678191591054201126e-03 4.275279864668846130e-02 7.922111079096794128e-03 3.577984496951103210e-02 5.773076042532920837e-02 2.927148155868053436e-02 1.116210408508777618e-02 8.334128186106681824e-03 3.430229844525456429e-03 3.219478577375411987e-02 4.228202998638153076e-02 1.328906137496232986e-02 2.480955980718135834e-02 1.318449079990386963e-01 6.240551546216011047e-02 4.977038502693176270e-02 3.971259295940399170e-02 5.891505256295204163e-02 2.490497194230556488e-02 4.973975941538810730e-02 5.202918872237205505e-02 4.501413926482200623e-02 1.033957209438085556e-02 1.756613887846469879e-02 2.581567130982875824e-02 3.457262646406888962e-03 4.769009351730346680e-02 6.535974144935607910e-02 5.471561104059219360e-02 7.031616289168596268e-03 2.957509085536003113e-02 3.538646548986434937e-02 5.611466243863105774e-02 3.357489779591560364e-02 5.471257865428924561e-02 1.468279771506786346e-02 2.454526536166667938e-02 2.931453473865985870e-02 3.768530488014221191e-02 1.901379413902759552e-02 8.175909519195556641e-02
1.358383148908615112e-01 1.697186827659606934e-01 4.972799867391586304e-02 1.118142902851104736e-02 2.215978503227233887e-02 9.947155416011810303e-02 9.608175605535507202e-02 2.408054657280445099e-02 4.779540002346038818e-02 2.623162977397441864e-02 1.468302756547927856e-01 4.584249481558799744e-02 1.990663707256317139e-01 6.639600731432437897e-03 3.676180914044380188e-02 3.260725736618041992e-02 7.995360530912876129e-03 1.603967323899269104e-02 1.248940173536539078e-02 3.121425770223140717e-02 3.890719264745712280e-02 2.448317594826221466e-02 1.639753952622413635e-02 1.716340146958827972e-02 4.049664363265037537e-02 2.324680425226688385e-02 6.746616680175065994e-03 6.567337084561586380e-03 3.497587144374847412e-02 1.073305681347846985e-02 3.859772905707359314e-02 1.540423836559057236e-02 1.213905122131109238e-02 3.750355914235115051e-02 1.789182052016258240e-02 6.911044009029865265e-03 2.743062190711498260e-02 8.748345077037811279e-03 1.258017402142286301e-02 6.064674817025661469e-03 2.889728173613548279e-03 6.366045773029327393e-02 1.347307581454515457e-02 3.712840750813484192e-02 2.105923742055892944e-02 6.333395093679428101e-02 5.486483499407768250e-02 7.332706823945045471e-03 3.810995817184448242e-02 1.035765651613473892e-02 1.387209049426019192e-03 5.626466870307922363e-02 1.740113832056522369e-02 6.278523243963718414e-03 1.808642223477363586e-02 1.868797116912901402e-03 1.134491804987192154e-02 3.494243603199720383e-03 5.950975231826305389e-03 1.926341908983886242e-03 1.419733185321092606e-02 2.106622420251369476e-02 1.726861111819744110e-02 3.881706297397613525e-02 4.953102767467498779e-02 5.534302815794944763e-02 3.425360843539237976e-02 4.154825210571289062e-02 1.414308510720729828e-02 6.390901654958724976e-02 1.177399099105969071e-04 8.229862898588180542e-02 1.909722574055194855e-02 5.637070909142494202e-02 2.933851501438766718e-04 3.988790884613990784e-02 6.291403621435165405e-02 1.350125577300786972e-02 8.973125368356704712e-02 3.492893185466527939e-03 3.191287070512771606e-02 1.086986344307661057e-02 2.099681831896305084e-02 4.141416773200035095e-02 3.666773810982704163e-02 1.358809042721986771e-02 3.298185300081968307e-03 4.281670227646827698e-02 1.019567251205444336e-02 3.218075633049011230e-02 2.515489049255847931e-02 1.694318256340920925e-03 3.447982668876647949e-02 5.222254991531372070e-02 3.138941247016191483e-03 5.616473034024238586e-02 3.164704889059066772e-02 4.312993213534355164e-02 2.440691180527210236e-02 2.459700219333171844e-02 1.548553444445133209e-02 3.147695958614349365e-02 2.447115257382392883e-03 2.771212160587310791e-02 1.929830946028232574e-02 1.966877095401287079e-02 3.381253033876419067e-02 4.599890112876892090e-02 3.399939090013504028e-02 5.991200450807809830e-03 3.004944883286952972e-02 1.496429555118083954e-02 2.063597552478313446e-02 3.305405378341674805e-02 5.259050521999597549e-03 2.326572686433792114e-02
