1.494519859552383423e-01 1.850221455097198486e-01 2.927324548363685608e-02 4.606917500495910645e-02 3.094731085002422333e-02 1.561415195465087891e-01 1.246220916509628296e-01 2.855269797146320343e-02 2.072963491082191467e-02 5.151254311203956604e-02 1.860008239746093750e-01 4.085340723395347595e-02 1.418333053588867188e-01 7.146938703954219818e-03 3.134632110595703125e-02 1.203220617026090622e-02 7.127015851438045502e-03 3.196020051836967468e-02 6.841841968707740307e-04 1.814102195203304291e-02 2.099137566983699799e-02 4.066783189773559570e-02 8.676495053805410862e-05 4.613504558801651001e-02 3.660613298416137695e-02 3.449366614222526550e-02 1.150946021080017090e-01 6.459397077560424805e-02 5.445846542716026306e-02 2.319706976413726807e-02 1.588971354067325592e-02 4.756902530789375305e-02 6.259548664093017578e-02 4.522513225674629211e-02 4.928750917315483093e-02 2.698326297104358673e-02 6.483604758977890015e-02 7.853701245039701462e-04 1.313386019319295883e-02 5.107219889760017395e-02 6.595274060964584351e-02 1.948207058012485504e-02 3.389347717165946960e-02 2.781443670392036438e-02 2.440542168915271759e-02 4.230607673525810242e-02 1.396674811840057373e-01 4.116355627775192261e-02 2.847767993807792664e-02 5.278856679797172546e-02 2.375811338424682617e-02 4.795211926102638245e-02 1.556699816137552261e-02 2.214133553206920624e-02 5.629448685795068741e-03 2.651168033480644226e-02 5.847618915140628815e-03 3.126804530620574951e-02 3.443295881152153015e-02 4.964536055922508240e-02 1.431180536746978760e-02 7.148382067680358887e-02 7.010318338871002197e-02 2.608947642147541046e-02 2.630810998380184174e-02 2.654234645888209343e-03 4.182185977697372437e-03 2.546646632254123688e-02 2.930302917957305908e-02 6.717212498188018799e-02 7.398142479360103607e-04 4.328515380620956421e-02 7.897552102804183960e-03 1.358165405690670013e-02 1.366370078176259995e-02 3.474761964753270149e-03 5.534076131880283356e-03 8.345988579094409943e-03 2.190608158707618713e-02 3.914890438318252563e-02 3.724697604775428772e-02 4.936765879392623901e-02 2.711721695959568024e-02 4.448390100151300430e-03 3.099379874765872955e-02 4.527252539992332458e-02 7.182028144598007202e-02 5.871570669114589691e-03 7.407146971672773361e-03 1.408257056027650833e-02 5.574450362473726273e-03 4.569706320762634277e-02 1.933590392582118511e-03 3.739199787378311157e-02 2.736521884799003601e-02 2.174187079071998596e-02 3.260213881731033325e-02 1.621866598725318909e-02 2.791311405599117279e-02 7.230482995510101318e-02 2.522680908441543579e-02 2.364829368889331818e-02 2.915717661380767822e-02 1.660866476595401764e-02 4.051907360553741455e-02 3.703701868653297424e-02 5.676219705492258072e-03 5.750306695699691772e-02 1.153096463531255722e-02 3.126587346196174622e-02 2.586915530264377594e-02 2.362482994794845581e-02 5.332039296627044678e-02 4.691500216722488403e-02 2.067733928561210632e-02 9.124420583248138428e-03
1.850221455097198486e-01 1.776612401008605957e-01 3.529827669262886047e-02 7.504954468458890915e-03 2.161739394068717957e-02 1.494824588298797607e-01 1.392846256494522095e-01 1.552816852927207947e-02 2.155218506231904030e-03 2.304533682763576508e-02 1.392694860696792603e-01 3.209560364484786987e-02 1.614856123924255371e-01 5.557200685143470764e-02 5.079953372478485107e-02 6.539317313581705093e-03 3.235355392098426819e-02 5.548110976815223694e-02 7.083474658429622650e-03 2.378594689071178436e-02 2.029745467007160187e-02 5.775925889611244202e-02 4.455230757594108582e-02 5.461581423878669739e-02 1.939403638243675232e-02 3.215803205966949463e-02 1.004876568913459778e-01 9.809304960072040558e-03 9.232083708047866821e-02 4.172041639685630798e-02 7.872349582612514496e-03 1.330963801592588425e-02 3.740469366312026978e-02 5.202059168368577957e-03 2.870448492467403412e-02 1.589055173099040985e-02 5.497400648891925812e-03 1.735764928162097931e-02 2.268788032233715057e-02 5.901541188359260559e-02 5.278910696506500244e-02 2.052643336355686188e-02 1.570558734238147736e-02 6.312323361635208130e-02 4.694126173853874207e-02 4.251020029187202454e-02 1.258529126644134521e-01 7.392622530460357666e-02 3.822849318385124207e-02 2.636155486106872559e-02 4.441457614302635193e-02 5.326183047145605087e-03 1.601888611912727356e-02 2.406425774097442627e-03 1.431117707397788763e-04 2.642877213656902313e-02 2.045730315148830414e-02 2.217092737555503845e-02 3.103957325220108032e-02 6.263690441846847534e-02 6.336234509944915771e-02 1.259643957018852234e-02 2.201621606945991516e-02 3.764797747135162354e-02 2.175114117562770844e-02 2.434099651873111725e-02 4.425906576216220856e-03 3.096429258584976196e-02 1.330220326781272888e-02 1.226632855832576752e-02 7.151875644922256470e-02 3.813094645738601685e-02 3.581724688410758972e-02 4.993560165166854858e-02 7.629215717315673828e-02 1.218922808766365051e-02 3.011551126837730408e-02 3.782528219744563103e-03 4.148795735090970993e-03 4.956007748842239380e-02 6.419621407985687256e-02 5.234246701002120972e-02 2.120904251933097839e-02 8.990486152470111847e-03 3.803198784589767456e-02 2.760848589241504669e-02 1.312705781310796738e-02 2.372831664979457855e-02 3.253475204110145569e-02 2.199844829738140106e-02 1.681247167289257050e-02 2.563682571053504944e-02 2.207931876182556152e-02 2.798593975603580475e-02 2.294769883155822754e-02 4.767817258834838867e-02 3.508752211928367615e-02 1.593782380223274231e-02 3.414943441748619080e-02 6.567106582224369049e-03 3.264689445495605469e-02 1.781381783075630665e-03 1.187212578952312469e-02 3.277118504047393799e-02 5.273313447833061218e-02 1.522863376885652542e-02 3.064350225031375885e-02 3.976925089955329895e-02 9.350060485303401947e-03 5.960728740319609642e-04 5.616465955972671509e-02 8.550797589123249054e-03 6.333777680993080139e-03 6.495820358395576477e-03 2.316670864820480347e-02 2.233393955975770950e-03
2.927324548363685608e-02 3.529827669262886047e-02 4.143605474382638931e-03 6.204144656658172607e-02 1.691230013966560364e-02 3.394269198179244995e-02 4.529102146625518799e-02 4.260769486427307129e-02 4.083862528204917908e-02 2.177837677299976349e-02 4.875067621469497681e-02 6.623149663209915161e-02 2.420403063297271729e-02 6.792149692773818970e-02 3.984834253787994385e-02 1.130213774740695953e-02 1.785037573426961899e-03 4.340546205639839172e-02 5.584993585944175720e-02 2.416427619755268097e-02 2.107717283070087433e-02 8.095901459455490112e-02 1.988153159618377686e-02 2.497673965990543365e-02 5.592367798089981079e-02 5.399477202445268631e-03 1.939455629326403141e-03 5.341419950127601624e-02 5.859063472598791122e-03 5.062506999820470810e-03 4.570159316062927246e-02 4.731591790914535522e-02 3.809673339128494263e-02 4.236642271280288696e-03 4.163344576954841614e-02 4.051436856389045715e-02 4.902764409780502319e-02 1.131525170058012009e-02 3.056312724947929382e-02 4.506081342697143555e-02 3.317482396960258484e-02 1.694586127996444702e-03 5.708585679531097412e-02 1.909475959837436676e-02 4.249994084239006042e-02 1.435671653598546982e-02 2.178102917969226837e-02 2.643972635269165039e-02 3.625938668847084045e-03 2.381572499871253967e-02 7.454093545675277710e-02 7.677113264799118042e-02 5.359259247779846191e-02 9.268307685852050781e-02 7.857175543904304504e-03 4.414658248424530029e-02 1.796765998005867004e-02 4.615378752350807190e-02 3.263396769762039185e-02 1.361295208334922791e-02 2.240768074989318848e-02 1.144145801663398743e-02 9.961950778961181641e-02 6.251838523894548416e-03 7.659064605832099915e-03 2.396445535123348236e-02 6.477164477109909058e-02 1.235075946897268295e-02 8.012336492538452148e-02 8.067937567830085754e-03 3.896382078528404236e-02 9.557240456342697144e-02 3.173394873738288879e-02 2.573054097592830658e-02 4.502554982900619507e-02 8.794043213129043579e-02 5.377100408077239990e-02 3.807102097198367119e-03 8.870349265635013580e-03 1.405551191419363022e-02 1.615909188985824585e-01 6.375934928655624390e-02 2.692160010337829590e-02 1.452094502747058868e-02 2.653276175260543823e-02 1.239630766212940216e-02 5.075393989682197571e-02 6.835968792438507080e-02 8.243571966886520386e-03 1.302898488938808441e-02 1.510608382523059845e-02 5.084283649921417236e-02 2.516699722036719322e-03 5.535022821277379990e-03 1.450904756784439087e-01 1.435023099184036255e-01 8.077688515186309814e-03 3.164980933070182800e-02 5.541986599564552307e-02 2.904259786009788513e-02 5.010845139622688293e-02 1.976958103477954865e-02 1.983803696930408478e-02 8.674070239067077637e-03 2.938259951770305634e-02 4.345304518938064575e-02 2.398457750678062439e-02 8.071010932326316833e-03 1.260155532509088516e-02 6.331117823719978333e-03 4.145954549312591553e-02 3.228078037500381470e-02 2.897495590150356293e-02 4.656671080738306046e-03 1.746287941932678223e-02 3.456715494394302368e-02
4.606917500495910645e-02 7.504954468458890915e-03 6.204144656658172607e-02 4.559480026364326477e-02 2.963793873786926270e-01 3.397538885474205017e-02 2.755795232951641083e-02 4.751675203442573547e-02 3.714669495820999146e-02 2.854714915156364441e-02 4.713097587227821350e-02 5.684287101030349731e-02 5.825169384479522705e-02 9.651786647737026215e-03 1.141933258622884750e-02 6.686126440763473511e-02 2.441359311342239380e-02 4.115207120776176453e-02 2.462097816169261932e-02 4.217072203755378723e-02 1.044279546476900578e-03 2.467872388660907745e-02 9.155009873211383820e-03 1.782190054655075073e-02 5.419545248150825500e-02 8.437719196081161499e-02 3.796247765421867371e-02 5.661367624998092651e-02 2.914094366133213043e-02 5.806627497076988220e-02 5.551227834075689316e-03 5.137455184012651443e-03 4.758828133344650269e-02 1.510343421250581741e-02 9.109473973512649536e-02 1.023619547486305237e-01 2.088381163775920868e-02 2.501261606812477112e-02 7.690300047397613525e-02 7.372729480266571045e-02 5.762674286961555481e-02 1.119440700858831406e-02 7.357388734817504883e-03 9.282500483095645905e-03 2.161542512476444244e-02 3.350941464304924011e-02 1.081801112741231918e-02 5.330133810639381409e-02 6.345924339257180691e-04 3.166749328374862671e-02 3.950277715921401978e-02 1.170995645225048065e-02 1.905437372624874115e-02 7.439507544040679932e-02 3.366034477949142456e-02 3.341952711343765259e-02 5.806159973144531250e-02 7.613987475633621216e-02 8.420215919613838196e-03 2.395726926624774933e-02 2.535288594663143158e-02 2.063929103314876556e-02 1.421156618744134903e-02 2.545594237744808197e-03 2.031761454418301582e-03 7.120989728718996048e-03 3.042163141071796417e-02 3.247843589633703232e-03 7.053648121654987335e-03 3.975912462919950485e-03 7.289343327283859253e-02 2.093574963510036469e-03 1.836122572422027588e-01 5.089720338582992554e-02 1.102208942174911499e-01 7.545598316937685013e-03 1.782490755431354046e-03 1.312706712633371353e-02 1.157320686616003513e-03 5.040451139211654663e-02 2.675367519259452820e-02 4.939796403050422668e-02 8.871491998434066772e-02 8.323527127504348755e-02 9.999454021453857422e-02 1.077798474580049515e-02 1.364284940063953400e-02 7.219619117677211761e-03 6.478387396782636642e-03 3.158071264624595642e-02 6.468723062425851822e-03 3.610244020819664001e-02 3.643953800201416016e-02 5.648225918412208557e-02 6.763301044702529907e-02 2.884637005627155304e-02 8.518596738576889038e-02 3.318687900900840759e-02 3.186165168881416321e-02 7.569135725498199463e-02 7.070567924529314041e-03 4.229477047920227051e-02 2.067328616976737976e-02 3.375362232327461243e-02 8.874541148543357849e-03 6.827807426452636719e-02 6.004849076271057129e-02 3.627035021781921387e-02 8.553387224674224854e-02 9.662793017923831940e-03 2.941973693668842316e-02 1.250156667083501816e-02 1.716553978621959686e-02 4.728079959750175476e-02 2.710037119686603546e-02 3.493854019325226545e-04
3.094731085002422333e-02 2.161739394068717957e-02 1.691230013966560364e-02 2.963793873786926270e-01 5.406519398093223572e-02 6.057909131050109863e-02 1.993245072662830353e-02 4.422924015671014786e-03 4.924483224749565125e-02 2.542686462402343750e-02 1.027491167187690735e-01 9.267739020287990570e-03 1.140282899141311646e-01 4.186627268791198730e-02 5.287461727857589722e-02 6.616418063640594482e-02 3.598558902740478516e-02 6.299610715359449387e-03 5.630483105778694153e-02 7.187426835298538208e-02 1.404346618801355362e-02 1.126816961914300919e-02 6.145544722676277161e-02 3.276850655674934387e-02 4.548593610525131226e-02 2.784991450607776642e-02 4.727453365921974182e-02 1.794223673641681671e-02 7.033763825893402100e-02 2.307064644992351532e-02 5.780791118741035461e-02 2.914166077971458435e-02 4.622746258974075317e-03 7.953132502734661102e-03 1.510655693709850311e-02 4.460312798619270325e-02 1.025874167680740356e-02 9.689611382782459259e-03 8.133270591497421265e-02 1.489101350307464600e-01 5.399431567639112473e-03 6.684625148773193359e-02 7.752779871225357056e-03 1.154540553689002991e-01 1.182163786143064499e-02 1.078733801841735840e-01 8.594651706516742706e-03 4.856817796826362610e-02 5.824009701609611511e-02 1.011748984456062317e-02 2.597819827497005463e-02 7.006811350584030151e-02 1.018719077110290527e-01 1.893740613013505936e-03 8.698010444641113281e-02 2.041683532297611237e-02 9.953822940587997437e-03 2.314714947715401649e-03 5.162575095891952515e-02 4.695146158337593079e-02 1.005527004599571228e-02 2.198861353099346161e-02 1.544199697673320770e-02 4.132508486509323120e-02 2.302717044949531555e-02 1.466910634189844131e-02 3.837342187762260437e-02 1.941193640232086182e-02 6.776852905750274658e-02 2.003515698015689850e-02 2.636440284550189972e-02 4.670408740639686584e-02 1.129455417394638062e-01 3.910223767161369324e-02 1.176169738173484802e-01 3.372618183493614197e-02 4.430279508233070374e-02 5.278977379202842712e-02 3.070184960961341858e-02 2.244649454951286316e-03 8.098819293081760406e-03 3.479160368442535400e-02 1.723627299070358276e-01 7.282322645187377930e-02 1.834014430642127991e-02 6.961306184530258179e-02 9.680449962615966797e-03 7.028974592685699463e-02 5.162763595581054688e-02 3.168937936425209045e-02 8.818306028842926025e-03 4.279703274369239807e-02 1.947189122438430786e-02 6.476009730249643326e-03 3.375289589166641235e-02 5.408823862671852112e-02 6.131220981478691101e-02 5.223809182643890381e-02 5.115720257163047791e-02 2.887531928718090057e-02 3.671507909893989563e-02 1.622799411416053772e-02 2.265061996877193451e-02 2.890330180525779724e-02 5.840916186571121216e-02 1.321395579725503922e-02 2.165518514811992645e-02 4.651300609111785889e-03 3.919714316725730896e-02 1.128565054386854172e-03 3.497077524662017822e-02 2.037482336163520813e-02 4.345373064279556274e-02 2.827520249411463737e-03 3.561744932085275650e-03 2.082773111760616302e-02
1.561415195465087891e-01 1.494824588298797607e-01 3.394269198179244995e-02 3.397538885474205017e-02 6.057909131050109863e-02 1.603918969631195068e-01 1.705937087535858154e-01 1.165753044188022614e-02 1.102411933243274689e-02 5.995385814458131790e-03 1.524346023797988892e-01 5.175790935754776001e-02 9.257720410823822021e-02 6.055378913879394531e-02 1.254270505160093307e-02 3.355411067605018616e-02 2.021669410169124603e-02 5.101142823696136475e-02 7.004064321517944336e-02 1.627104356884956360e-02 2.551861293613910675e-02 2.224417217075824738e-02 7.638672739267349243e-02 4.990375041961669922e-02 1.056012045592069626e-02 3.669183701276779175e-02 7.328649982810020447e-03 1.059914473444223404e-02 4.410583991557359695e-03 2.054021693766117096e-02 5.719340220093727112e-02 1.093143969774246216e-02 2.356118336319923401e-02 4.775748122483491898e-03 1.177333202213048935e-02 8.750205859541893005e-03 3.083822131156921387e-02 3.006490133702754974e-02 3.507233783602714539e-02 2.320021390914916992e-02 8.044505119323730469e-02 5.110200867056846619e-02 6.004167348146438599e-02 3.996297717094421387e-02 4.585989192128181458e-02 6.493174470961093903e-03 1.753921955823898315e-01 2.562287263572216034e-02 5.271138623356819153e-02 1.119079720228910446e-02 4.436533153057098389e-02 7.987368106842041016e-02 9.209042415022850037e-03 2.335862722247838974e-03 8.503073826432228088e-03 3.841838613152503967e-02 2.515369281172752380e-02 1.289796549826860428e-02 2.775603160262107849e-02 4.498109966516494751e-02 2.542361430823802948e-02 8.714022114872932434e-03 1.059112511575222015e-02 1.302860211580991745e-02 9.911019355058670044e-03 2.177481167018413544e-02 4.186559095978736877e-02 1.579158566892147064e-02 1.273433910682797432e-03 5.742112919688224792e-02 3.611256554722785950e-02 7.373290602117776871e-03 2.119348384439945221e-02 3.026948682963848114e-02 2.974279597401618958e-02 2.533886872697621584e-04 1.465687528252601624e-03 3.057291731238365173e-03 6.429385393857955933e-02 4.981365054845809937e-02 2.903235144913196564e-02 7.518569380044937134e-02 3.261858969926834106e-02 4.174421727657318115e-02 2.135632745921611786e-02 2.160276100039482117e-02 2.106994017958641052e-02 8.574322797358036041e-03 2.888667955994606018e-02 1.094435434788465500e-02 3.468955401331186295e-04 4.938697069883346558e-02 6.049356982111930847e-02 2.112203277647495270e-02 7.327460683882236481e-03 1.102785114198923111e-02 2.052411623299121857e-02 7.610232103615999222e-03 4.960024356842041016e-02 3.209170699119567871e-02 2.319244667887687683e-02 5.821388214826583862e-03 2.692990563809871674e-02 6.124504376202821732e-03 1.822286657989025116e-02 1.455977186560630798e-02 5.034617614001035690e-03 1.009909901767969131e-02 2.621098421514034271e-03 2.968363463878631592e-02 2.162561751902103424e-02 1.962670125067234039e-02 1.759643480181694031e-02 3.885681927204132080e-02 4.466155543923377991e-02 4.246774688363075256e-02
1.246220916509628296e-01 1.392846256494522095e-01 4.529102146625518799e-02 2.755795232951641083e-02 1.993245072662830353e-02 1.705937087535858154e-01 1.259106397628784180e-01 1.839871145784854889e-02 3.485321253538131714e-02 2.936299145221710205e-02 9.442922472953796387e-02 3.408718109130859375e-02 9.201948344707489014e-02 8.784198760986328125e-02 2.009145915508270264e-02 2.271376550197601318e-02 2.187322080135345459e-02 1.702174544334411621e-02 2.819832973182201385e-02 1.394647546112537384e-02 5.342115182429552078e-03 2.984228357672691345e-02 6.994276493787765503e-02 2.231017127633094788e-02 8.499354124069213867e-03 2.529662102460861206e-02 6.578554213047027588e-02 1.206348184496164322e-02 4.055465012788772583e-02 1.494697295129299164e-02 1.015325859189033508e-01 9.001960046589374542e-03 6.684734486043453217e-03 1.207727100700139999e-02 1.231769192963838577e-02 1.271702256053686142e-02 1.388837303966283798e-02 2.648258209228515625e-02 1.604828983545303345e-02 8.392017334699630737e-03 7.913688570261001587e-02 6.999684870243072510e-02 5.833523720502853394e-02 1.719033531844615936e-02 3.767382726073265076e-02 2.361158467829227448e-02 1.736644059419631958e-01 1.076195761561393738e-01 5.810699984431266785e-02 1.575102913193404675e-03 2.665337547659873962e-02 4.095132276415824890e-02 2.276713959872722626e-02 3.047713264822959900e-02 2.286862395703792572e-02 8.502596989274024963e-03 2.184166200459003448e-02 2.144964411854743958e-02 2.118000388145446777e-02 4.866881668567657471e-02 9.618971496820449829e-03 2.972081862390041351e-02 1.776580139994621277e-02 2.790697291493415833e-02 8.547604084014892578e-03 1.124069839715957642e-02 5.097534507513046265e-02 2.064334228634834290e-02 1.360987219959497452e-02 7.403996586799621582e-02 8.754405193030834198e-03 1.630875840783119202e-02 4.888737946748733521e-02 6.791525334119796753e-02 7.048299885354936123e-04 1.913102157413959503e-02 1.403600443154573441e-02 2.690145559608936310e-02 4.369912669062614441e-02 2.575415559113025665e-02 1.821000874042510986e-02 7.285211235284805298e-02 5.738721415400505066e-02 1.871629245579242706e-02 1.619552820920944214e-02 4.188761115074157715e-02 2.044809237122535706e-02 2.364107593894004822e-02 2.367799729108810425e-02 2.547097392380237579e-03 1.692960038781166077e-02 3.293555602431297302e-02 4.143844917416572571e-02 5.689966026693582535e-03 2.881474047899246216e-02 3.942516073584556580e-02 8.289468474686145782e-03 2.686370536684989929e-02 4.152335226535797119e-02 5.489211156964302063e-02 1.080077840015292168e-03 1.688383705914020538e-02 2.004454843699932098e-02 2.556455321609973907e-02 1.090222783386707306e-02 3.188167465850710869e-04 2.138221822679042816e-02 1.987637951970100403e-02 1.171655859798192978e-02 2.983831986784934998e-02 2.623672597110271454e-02 3.447454422712326050e-02 4.514149948954582214e-02 7.848162949085235596e-02 4.227461665868759155e-02 6.236359849572181702e-02
2.855269797146320343e-02 1.552816852927207947e-02 4.260769486427307129e-02 4.751675203442573547e-02 4.422924015671014786e-03 1.165753044188022614e-02 1.839871145784854889e-02 6.014712527394294739e-02 4.424320906400680542e-02 2.838471159338951111e-02 1.888581179082393646e-02 1.297301705926656723e-02 3.289714083075523376e-02 1.630115695297718048e-02 1.258807778358459473e-01 3.964549303054809570e-02 1.175833866000175476e-03 2.917924150824546814e-02 1.851029507815837860e-02 2.776226773858070374e-02 3.945640474557876587e-02 2.238618768751621246e-02 1.189630106091499329e-02 1.301143318414688110e-02 6.063478067517280579e-02 3.892750665545463562e-02 5.391828343272209167e-02 1.264965347945690155e-02 2.606844156980514526e-02 6.016860250383615494e-03 2.800567075610160828e-02 6.792705506086349487e-02 4.172824323177337646e-02 3.351415693759918213e-02 2.809463255107402802e-02 3.336085751652717590e-02 2.511047385632991791e-02 5.987549945712089539e-02 3.129491209983825684e-02 1.498357392847537994e-02 4.307852685451507568e-02 1.029828116297721863e-01 3.301835805177688599e-02 5.522203072905540466e-02 6.981777958571910858e-03 1.657109358347952366e-03 4.444293677806854248e-02 7.938331924378871918e-03 2.527154237031936646e-02 6.724650505930185318e-03 3.966479562222957611e-03 4.446023330092430115e-02 2.955555543303489685e-02 2.140686661005020142e-02 3.164679557085037231e-02 3.256208449602127075e-02 8.656276762485504150e-02 4.998122341930866241e-03 1.081940717995166779e-02 4.996181651949882507e-02 1.213604584336280823e-02 5.034660920500755310e-02 1.063797622919082642e-02 2.882479317486286163e-02 1.908258721232414246e-02 5.759673938155174255e-02 2.817801013588905334e-02 9.216367267072200775e-03 1.984004862606525421e-02 1.697431318461894989e-02 1.341385990381240845e-01 2.956314943730831146e-03 1.254091691225767136e-02 3.107471950352191925e-02 9.528953582048416138e-03 2.648446895182132721e-02 3.897259384393692017e-02 6.392286624759435654e-03 3.636649996042251587e-02 5.068250745534896851e-02 1.957120001316070557e-01 1.057130396366119385e-01 2.973472513258457184e-02 2.727504447102546692e-02 5.969193205237388611e-02 7.501884549856185913e-02 1.075293868780136108e-01 9.166636317968368530e-02 2.364861406385898590e-02 4.730992019176483154e-02 3.664374351501464844e-02 2.043132856488227844e-02 3.121465258300304413e-02 1.581093668937683105e-02 8.514077402651309967e-03 3.284777328372001648e-02 6.272853910923004150e-02 8.164861798286437988e-02 4.595856741070747375e-02 7.395787164568901062e-03 2.127369493246078491e-02 2.706170454621315002e-02 6.672256439924240112e-02 2.418633364140987396e-02 1.944479160010814667e-02 2.826401591300964355e-02 1.615344360470771790e-02 3.588948165997862816e-03 1.202035415917634964e-02 3.544746711850166321e-02 1.730372384190559387e-02 3.467631340026855469e-02 4.051729664206504822e-02 2.787392027676105499e-02 2.994801476597785950e-02 7.628683745861053467e-02
2.072963491082191467e-02 2.155218506231904030e-03 4.083862528204917908e-02 3.714669495820999146e-02 4.924483224749565125e-02 1.102411933243274689e-02 3.485321253538131714e-02 4.424320906400680542e-02 3.802738338708877563e-02 1.650211066007614136e-01 3.369996696710586548e-02 2.862660773098468781e-02 4.983850196003913879e-02 3.086728043854236603e-02 4.945383593440055847e-02 7.550238631665706635e-03 4.482051357626914978e-02 1.014971286058425903e-01 4.385532229207456112e-04 7.095289975404739380e-02 2.143141813576221466e-02 2.917153388261795044e-02 3.087393008172512054e-02 8.668134361505508423e-02 4.042552411556243896e-02 7.767395675182342529e-02 4.022443294525146484e-02 5.143072083592414856e-02 7.155887316912412643e-03 2.522724866867065430e-02 9.282612008973956108e-04 7.051190733909606934e-02 2.005824446678161621e-02 4.886406473815441132e-03 5.491691082715988159e-02 6.302241981029510498e-02 2.150301449000835419e-02 4.675859585404396057e-02 3.530440852046012878e-02 6.640171259641647339e-02 7.258791592903435230e-04 4.802117869257926941e-02 5.609291046857833862e-02 1.492352318018674850e-02 1.004367228597402573e-02 2.093676244840025902e-03 3.151230514049530029e-02 5.764879658818244934e-02 1.401264220476150513e-02 5.657389760017395020e-02 1.676385290920734406e-02 6.189541146159172058e-02 8.537827059626579285e-03 9.074642322957515717e-03 5.174626037478446960e-02 6.704699993133544922e-02 5.003777332603931427e-03 5.817548930644989014e-02 7.228493341244757175e-04 4.397652670741081238e-02 2.187977544963359833e-02 3.701600059866905212e-02 1.498319488018751144e-02 2.715123444795608521e-02 6.753885746002197266e-02 4.678201803471893072e-04 9.351024031639099121e-02 4.469966143369674683e-02 1.198871210217475891e-01 3.649337589740753174e-02 1.365621685981750488e-01 8.573836833238601685e-02 3.811598196625709534e-02 3.251280263066291809e-02 8.907768875360488892e-02 3.221279755234718323e-02 1.681309640407562256e-01 7.625418901443481445e-02 9.093599021434783936e-02 9.157384932041168213e-02 6.525678187608718872e-02 1.308355480432510376e-02 9.280760772526264191e-03 1.906145922839641571e-02 1.178633235394954681e-02 4.182622069492936134e-05 4.563904553651809692e-02 3.496406972408294678e-02 1.202282607555389404e-01 4.678164795041084290e-02 3.892807289958000183e-02 2.664317609742283821e-03 2.425656281411647797e-02 9.322741627693176270e-02 2.047900483012199402e-02 8.484830148518085480e-03 4.331601783633232117e-02 1.491877250373363495e-02 3.331419825553894043e-02 3.343958407640457153e-02 1.733498647809028625e-02 7.976817339658737183e-02 1.165915559977293015e-02 7.878255099058151245e-02 3.360879141837358475e-03 1.047383695840835571e-01 6.253046449273824692e-03 2.714163064956665039e-02 4.328506439924240112e-02 2.394646964967250824e-02 2.553011476993560791e-02 7.001484278589487076e-03 4.585137590765953064e-02 4.416782408952713013e-02 4.977961629629135132e-02 1.151746511459350586e-02
5.151254311203956604e-02 2.304533682763576508e-02 2.177837677299976349e-02 2.854714915156364441e-02 2.542686462402343750e-02 5.995385814458131790e-03 2.936299145221710205e-02 2.838471159338951111e-02 1.650211066007614136e-01 1.597790978848934174e-02 5.339270830154418945e-02 1.594148762524127960e-02 5.069808661937713623e-02 4.270491376519203186e-02 5.667965393513441086e-03 4.210709780454635620e-02 1.852168142795562744e-02 3.060344606637954712e-02 3.876530379056930542e-02 3.084895573556423187e-02 6.318288296461105347e-02 3.664728999137878418e-02 6.895514577627182007e-02 1.160493642091751099e-01 2.959297411143779755e-02 7.319877296686172485e-02 1.719780638813972473e-02 5.201103538274765015e-02 3.215555101633071899e-02 4.892872646450996399e-02 4.712599143385887146e-02 1.013883948326110840e-02 4.414571821689605713e-02 7.100075017660856247e-03 1.527319476008415222e-02 8.317043539136648178e-04 3.461552411317825317e-02 4.224126413464546204e-02 4.962993040680885315e-02 3.551075980067253113e-02 6.435803323984146118e-02 4.743772745132446289e-02 5.233731120824813843e-02 1.244509965181350708e-01 7.508563250303268433e-02 2.828671596944332123e-02 5.020770430564880371e-02 4.895768128335475922e-03 5.893518030643463135e-02 7.432473450899124146e-02 2.682095952332019806e-02 1.712520420551300049e-02 1.190267410129308701e-02 3.861399367451667786e-03 8.615394681692123413e-02 5.385849624872207642e-03 2.546408399939537048e-02 5.491189658641815186e-02 5.293776094913482666e-02 1.453047269023954868e-03 6.773404777050018311e-02 5.930454283952713013e-02 2.118978649377822876e-03 8.655449748039245605e-02 8.589392155408859253e-02 3.998281434178352356e-03 5.888083949685096741e-03 4.283352196216583252e-02 1.477191690355539322e-03 6.751222535967826843e-03 1.082522720098495483e-01 3.490398079156875610e-02 4.961729049682617188e-02 4.499168321490287781e-02 4.762026481330394745e-03 2.676259540021419525e-02 4.236663132905960083e-02 1.110103800892829895e-01 7.843601703643798828e-02 1.530386358499526978e-01 4.262100905179977417e-03 4.992891475558280945e-02 5.163830891251564026e-02 2.344193495810031891e-02 1.168311201035976410e-02 3.643509000539779663e-02 2.257583104074001312e-02 4.955119639635086060e-02 2.320176735520362854e-02 7.297462224960327148e-02 6.089399009943008423e-02 1.349916122853755951e-02 5.031321942806243896e-02 2.655055746436119080e-02 2.502853050827980042e-02 9.481990709900856018e-03 4.869002848863601685e-02 3.925672173500061035e-02 3.027639910578727722e-02 1.043810416013002396e-02 7.095376402139663696e-02 3.234971687197685242e-02 8.876304328441619873e-02 8.531436324119567871e-02 6.418358534574508667e-02 5.173482745885848999e-02 6.139382719993591309e-03 8.212683722376823425e-03 1.073783449828624725e-02 8.688124828040599823e-03 3.862262517213821411e-02 5.417928844690322876e-02 4.870488494634628296e-02 6.447763741016387939e-02 3.790362551808357239e-02 7.749399542808532715e-02
1.860008239746093750e-01 1.392694860696792603e-01 4.875067621469497681e-02 4.713097587227821350e-02 1.027491167187690735e-01 1.524346023797988892e-01 9.442922472953796387e-02 1.888581179082393646e-02 3.369996696710586548e-02 5.339270830154418945e-02 1.362040340900421143e-01 2.394440583884716034e-02 2.119494527578353882e-01 5.904422607272863388e-03 4.801297836820594966e-05 6.463607773184776306e-03 1.962324976921081543e-02 5.835534073412418365e-03 5.218985676765441895e-02 2.088806033134460449e-02 2.020622044801712036e-02 1.749638031469658017e-04 1.313168369233608246e-02 5.659326910972595215e-03 1.338226720690727234e-02 3.767598792910575867e-02 7.145264744758605957e-02 2.146575227379798889e-02 2.760463207960128784e-02 2.346800081431865692e-02 4.171156510710716248e-02 2.780985459685325623e-02 4.150773957371711731e-02 3.006398864090442657e-02 2.512481808662414551e-02 4.484168812632560730e-02 3.933738917112350464e-02 9.915622882544994354e-03 2.904467983171343803e-03 3.892796486616134644e-02 4.701643437147140503e-02 1.360341906547546387e-02 1.514976192265748978e-02 3.442910686135292053e-02 5.947079136967658997e-02 5.509895458817481995e-02 1.236403211951255798e-01 2.080721221864223480e-02 6.132347043603658676e-04 2.081845141947269440e-02 5.110365524888038635e-02 2.326006628572940826e-02 2.238470874726772308e-02 2.976362407207489014e-02 8.168667554855346680e-04 7.508087158203125000e-02 2.179231867194175720e-02 3.685720637440681458e-02 2.046983689069747925e-02 6.051427498459815979e-02 4.674182087182998657e-02 5.245222151279449463e-02 2.971165813505649567e-02 3.399201482534408569e-02 1.291291136294603348e-02 3.931867703795433044e-02 1.658685132861137390e-02 3.168297931551933289e-02 4.132317751646041870e-02 8.509011566638946533e-02 1.198048666119575500e-01 3.296125913038849831e-03 3.052178956568241119e-02 2.280416199937462807e-03 2.827555290423333645e-04 7.361739128828048706e-02 1.957973930984735489e-03 1.752192154526710510e-02 1.063777804374694824e-01 1.544320117682218552e-02 4.112271592020988464e-02 7.815599441528320312e-02 4.137018695473670959e-02 6.771645694971084595e-02 1.948641613125801086e-02 2.932780422270298004e-03 1.824007369577884674e-02 3.614266589283943176e-02 1.737140491604804993e-02 2.662361972033977509e-02 5.917363241314888000e-02 2.823567390441894531e-02 1.981676556169986725e-02 1.171508454717695713e-03 2.587231807410717010e-02 2.119233645498752594e-02 1.678181439638137817e-02 1.349316816776990891e-02 3.510982915759086609e-02 3.389713913202285767e-02 5.482031404972076416e-02 5.089345201849937439e-02 5.947457626461982727e-03 2.589646354317665100e-02 1.334734354168176651e-02 3.927902877330780029e-02 2.361179701983928680e-02 3.298542276024818420e-02 3.256379067897796631e-02 5.878691002726554871e-02 1.160173560492694378e-03 2.460718154907226562e-02 2.121782395988702774e-03 4.162666201591491699e-02 4.036191850900650024e-02 7.052001357078552246e-02
4.085340723395347595e-02 3.209560364484786987e-02 6.623149663209915161e-02 5.684287101030349731e-02 9.267739020287990570e-03 5.175790935754776001e-02 3.408718109130859375e-02 1.297301705926656723e-02 2.862660773098468781e-02 1.594148762524127960e-02 2.394440583884716034e-02 3.534076362848281860e-02 3.607691032811999321e-03 1.531520634889602661e-01 3.818849101662635803e-02 5.557435378432273865e-02 5.370512977242469788e-02 4.761023819446563721e-02 9.520860388875007629e-03 7.450944930315017700e-02 7.601708918809890747e-02 1.797148585319519043e-02 6.353862583637237549e-02 2.672102861106395721e-02 5.353468284010887146e-02 6.086432933807373047e-02 7.828448712825775146e-02 5.810128152370452881e-02 2.384068630635738373e-02 3.772410005331039429e-02 2.204621210694313049e-02 2.852230891585350037e-02 8.181671728380024433e-04 2.402007579803466797e-02 2.691680565476417542e-02 4.947289451956748962e-02 1.028401479125022888e-01 3.676531091332435608e-02 2.663035690784454346e-02 5.217328667640686035e-02 5.365548282861709595e-02 2.475803345441818237e-02 8.379490673542022705e-02 2.740211598575115204e-02 5.327010527253150940e-02 3.740641847252845764e-02 8.660877123475074768e-03 6.429920904338359833e-03 4.131275415420532227e-02 4.326454550027847290e-02 5.053467676043510437e-02 3.046788647770881653e-02 5.077032372355461121e-02 3.396164160221815109e-03 4.328088462352752686e-02 4.752617701888084412e-02 6.013056635856628418e-02 4.633816331624984741e-02 1.134103685617446899e-01 2.502176724374294281e-02 3.767092525959014893e-02 2.615589462220668793e-02 5.737947300076484680e-03 2.625848539173603058e-02 1.398734562098979950e-02 1.903890445828437805e-02 8.201193809509277344e-02 5.060640349984169006e-02 5.421187728643417358e-02 3.302603214979171753e-02 1.039308588951826096e-02 4.041417688131332397e-02 4.141739755868911743e-02 2.285681292414665222e-02 3.021433204412460327e-02 2.460543066263198853e-03 1.016386598348617554e-01 1.172691732645034790e-01 5.273493751883506775e-02 5.055550858378410339e-02 4.159588366746902466e-02 1.841279864311218262e-02 2.795761264860630035e-02 2.631293842568993568e-03 2.534115128219127655e-02 9.516824968159198761e-03 1.386316027492284775e-02 1.096250209957361221e-02 1.068096309900283813e-01 5.947429314255714417e-02 4.588256776332855225e-02 8.463543839752674103e-03 8.699795231223106384e-03 4.870037734508514404e-02 4.483709111809730530e-03 3.808061778545379639e-02 4.085579141974449158e-02 6.253144145011901855e-02 7.305212318897247314e-02 4.336716979742050171e-02 4.556745756417512894e-03 8.831089362502098083e-03 1.070191152393817902e-02 6.744278129190206528e-03 2.333274483680725098e-02 4.609006643295288086e-02 3.887746110558509827e-02 6.334065925329923630e-03 2.872773678973317146e-03 1.492298021912574768e-02 4.969706758856773376e-02 1.022547017782926559e-02 4.356129094958305359e-02 4.335503280162811279e-02 2.608294785022735596e-02 9.067606180906295776e-02
1.418333053588867188e-01 1.614856123924255371e-01 2.420403063297271729e-02 5.825169384479522705e-02 1.140282899141311646e-01 9.257720410823822021e-02 9.201948344707489014e-02 3.289714083075523376e-02 4.983850196003913879e-02 5.069808661937713623e-02 2.119494527578353882e-01 3.607691032811999321e-03 1.312671154737472534e-01 3.280640020966529846e-02 2.639113552868366241e-02 3.657182678580284119e-02 2.037231810390949249e-03 6.951381452381610870e-03 8.056214451789855957e-02 3.545482456684112549e-02 7.478248444385826588e-04 2.739058062434196472e-02 3.207492828369140625e-02 4.588781297206878662e-02 5.523817241191864014e-02 2.527631819248199463e-03 4.136442765593528748e-02 6.371005624532699585e-02 1.501919794827699661e-02 3.685881197452545166e-02 8.768697082996368408e-02 2.399515919387340546e-02 3.809240832924842834e-02 8.284193463623523712e-03 2.585878246463835239e-04 2.263647317886352539e-02 3.393362462520599365e-02 4.755891114473342896e-02 2.830195985734462738e-02 1.973216421902179718e-02 7.769785821437835693e-02 2.001856453716754913e-02 1.091427076607942581e-02 7.057834416627883911e-02 2.760994993150234222e-02 4.331047460436820984e-02 5.792268365621566772e-02 7.245586812496185303e-02 2.727553807199001312e-02 4.936776682734489441e-02 6.551105994731187820e-03 7.416881620883941650e-02 1.677763834595680237e-02 3.018811345100402832e-02 5.833910405635833740e-02 7.790947705507278442e-02 2.181586250662803650e-02 1.867425441741943359e-02 3.193461894989013672e-02 4.089595284312963486e-03 1.549250073730945587e-02 2.250071614980697632e-03 1.244070101529359818e-02 6.051163375377655029e-02 5.837342143058776855e-02 5.824102833867073059e-02 3.130182623863220215e-02 1.283937017433345318e-03 7.594630587846040726e-03 1.620863191783428192e-02 6.979575753211975098e-02 2.210570499300956726e-02 5.056229978799819946e-02 6.236016377806663513e-02 5.336644873023033142e-02 7.665231823921203613e-02 2.707016654312610626e-02 3.314066305756568909e-02 5.142396315932273865e-03 5.802120268344879150e-02 9.822667576372623444e-03 6.566376890987157822e-03 4.172047600150108337e-02 2.784040011465549469e-02 4.478233680129051208e-02 5.419320892542600632e-03 5.464460328221321106e-02 6.020470336079597473e-02 8.924999833106994629e-02 6.756328046321868896e-02 3.958453610539436340e-02 2.822500839829444885e-02 6.981825083494186401e-02 4.940993338823318481e-02 4.324225708842277527e-02 4.194661602377891541e-02 3.227251395583152771e-02 3.680930286645889282e-02 1.777862571179866791e-02 5.284115299582481384e-02 2.973078005015850067e-02 4.770117625594139099e-02 3.825569525361061096e-02 4.184987396001815796e-02 7.868789252825081348e-04 2.383942902088165283e-02 1.993040554225444794e-02 3.911274671554565430e-02 2.745011262595653534e-02 8.239355683326721191e-02 1.396617945283651352e-02 1.310305111110210419e-02 5.787189584225416183e-03 2.828285656869411469e-02 2.525427006185054779e-02 7.818291336297988892e-02
