2.097313702106475830e-01 1.169478967785835266e-01 3.524741157889366150e-02 3.471697866916656494e-02 3.388945385813713074e-02 1.228979900479316711e-01 8.880580216646194458e-02 3.249126672744750977e-02 4.474040493369102478e-02 4.806358367204666138e-02 1.258724629878997803e-01 3.949963301420211792e-02 8.603066951036453247e-02 4.032532125711441040e-02 9.670495055615901947e-04 2.305517159402370453e-02 3.783304616808891296e-02 2.414269931614398956e-02 2.840900234878063202e-02 5.945436190813779831e-03 1.497482229024171829e-02 3.340980038046836853e-02 2.804526127874851227e-02 2.789742685854434967e-02 2.699645794928073883e-02 1.698579406365752220e-03 1.954337581992149353e-02 2.134441211819648743e-02 4.195193946361541748e-02 2.049386873841285706e-02 4.684399813413619995e-02 3.156201913952827454e-02 4.185747820883989334e-04 1.467988826334476471e-02 2.927253395318984985e-02 8.223853074014186859e-03 1.827400550246238708e-02 7.755429949611425400e-03 1.323253964073956013e-03 1.262225490063428879e-02 1.332348212599754333e-03 3.228737786412239075e-02 4.104603081941604614e-02 6.695365533232688904e-03 3.560382127761840820e-02 5.183045566082000732e-02 6.993152946233749390e-02 3.492397814989089966e-02 4.451756924390792847e-02 2.745173871517181396e-03 2.952345833182334900e-02 3.842204809188842773e-02 3.033454529941082001e-02 2.953905984759330750e-02 3.408603835850954056e-03 1.178510393947362900e-02 1.730227284133434296e-02 7.753126788884401321e-03 1.387635897845029831e-02 8.229766041040420532e-03 2.767457067966461182e-02 8.417782373726367950e-03 2.230607904493808746e-02 1.445712987333536148e-02 4.542340338230133057e-02 4.571780189871788025e-02 4.005213454365730286e-02 2.609842084348201752e-02 1.725057605654001236e-03 1.636117883026599884e-02 4.195382073521614075e-02 8.804157376289367676e-03 1.058466266840696335e-02 1.315080001950263977e-02 1.181196700781583786e-02 2.229703776538372040e-02 1.765205338597297668e-02 7.788012176752090454e-02 2.828361280262470245e-02 3.447976335883140564e-02 2.002232242375612259e-03 1.035519223660230637e-02 2.769095078110694885e-02 1.379580236971378326e-02 1.983616873621940613e-02 5.222025886178016663e-02 2.990823239088058472e-02 9.713754057884216309e-03 2.607590518891811371e-02 6.591693311929702759e-02 4.412423074245452881e-02 2.646063268184661865e-02 1.358459610491991043e-02 1.377642620354890823e-02 9.993468411266803741e-03 1.344137918204069138e-02 3.516624122858047485e-02 4.381391406059265137e-02 1.823284104466438293e-02 4.475137684494256973e-03 3.019029088318347931e-02 3.894563065841794014e-03 1.706313714385032654e-02 9.405778720974922180e-03 2.835035696625709534e-02 3.046401310712099075e-03 1.724138669669628143e-02 2.634720411151647568e-03 2.779399789869785309e-02 2.691747993230819702e-02 1.159512717276811600e-02 4.246619343757629395e-02 2.054042741656303406e-02 2.669554017484188080e-02 4.304528981447219849e-02 9.891326539218425751e-03
1.169478967785835266e-01 2.332199513912200928e-01 3.889822214841842651e-02 5.848652124404907227e-02 3.541184216737747192e-02 1.152250319719314575e-01 1.311417222023010254e-01 5.480839312076568604e-02 2.102867327630519867e-02 3.474361822009086609e-02 1.057625934481620789e-01 3.563425689935684204e-02 1.075737774372100830e-01 2.225377038121223450e-02 1.306684873998165131e-02 1.675149984657764435e-02 2.659402228891849518e-02 1.422107312828302383e-02 1.975896954536437988e-02 2.755624428391456604e-02 1.841400284320116043e-03 3.382585942745208740e-02 1.043205801397562027e-02 8.447942323982715607e-03 7.170818746089935303e-03 2.582521922886371613e-02 3.281309828162193298e-02 1.670648530125617981e-02 6.221781484782695770e-03 5.516836047172546387e-02 1.909344643354415894e-02 9.537692181766033173e-03 2.268402464687824249e-02 2.535321936011314392e-02 1.615851745009422302e-02 6.981292739510536194e-03 3.793062642216682434e-03 8.985859341919422150e-03 2.390695922076702118e-02 1.753314398229122162e-02 1.363158691674470901e-02 4.154492169618606567e-02 2.949145389720797539e-03 2.091121673583984375e-02 2.160074003040790558e-02 4.621531069278717041e-02 6.125325337052345276e-02 8.974485844373703003e-02 4.158424958586692810e-02 3.854657756164669991e-03 4.929358139634132385e-02 3.901681303977966309e-02 2.050577662885189056e-03 2.614491991698741913e-02 1.860088109970092773e-02 1.746225729584693909e-02 3.712602332234382629e-02 8.151968941092491150e-03 7.358301430940628052e-03 2.322363725397735834e-04 6.717733107507228851e-03 6.590070668607950211e-03 1.533667370676994324e-02 1.601932756602764130e-02 2.937469072639942169e-02 1.893477514386177063e-02 1.384117547422647476e-02 1.393685210496187210e-02 1.504551991820335388e-02 2.033433504402637482e-02 4.341505467891693115e-02 1.719694584608078003e-02 2.949622273445129395e-02 3.223835304379463196e-02 2.577177062630653381e-02 4.252043738961219788e-02 1.362076960504055023e-02 3.617695346474647522e-02 2.124233543872833252e-02 8.431187830865383148e-03 1.971080526709556580e-02 1.254794094711542130e-02 2.306583337485790253e-02 1.418047584593296051e-02 4.428304731845855713e-02 1.243039593100547791e-02 1.729920506477355957e-02 1.001796778291463852e-02 1.513016503304243088e-02 4.065973684191703796e-03 3.776044026017189026e-02 2.222846634685993195e-02 2.552943862974643707e-02 2.798796165734529495e-03 4.623914510011672974e-02 2.607215568423271179e-02 4.130652174353599548e-02 2.908524498343467712e-02 6.833618506789207458e-03 7.034126669168472290e-03 1.183611806482076645e-02 2.861394546926021576e-02 1.915944367647171021e-02 1.141722500324249268e-02 1.725747250020503998e-02 1.308041252195835114e-02 2.891056798398494720e-02 2.981317974627017975e-02 2.041789889335632324e-02 1.037607714533805847e-02 1.515310909599065781e-02 2.015214040875434875e-02 7.780449232086539268e-04 1.859623007476329803e-02 3.472420573234558105e-02 4.817290231585502625e-02
3.524741157889366150e-02 3.889822214841842651e-02 7.911565899848937988e-02 1.092037279158830643e-02 2.925958670675754547e-02 3.283329308032989502e-02 2.521208487451076508e-02 1.991838663816452026e-01 1.498892903327941895e-02 6.001740694046020508e-02 4.018561542034149170e-02 2.675894461572170258e-02 1.398151647299528122e-02 1.617705821990966797e-02 3.746685013175010681e-02 2.157070674002170563e-02 5.525123327970504761e-03 6.828756537288427353e-03 7.884309743531048298e-04 6.678183376789093018e-02 3.550090268254280090e-02 3.381754830479621887e-02 5.165514536201953888e-03 2.573661971837282181e-03 1.622114144265651703e-02 3.592052683234214783e-02 1.497370097786188126e-02 1.036887336522340775e-02 5.236689746379852295e-02 2.558147720992565155e-02 5.510320886969566345e-02 2.470296167302876711e-04 3.442889824509620667e-02 7.546889036893844604e-02 3.065832890570163727e-02 4.773099347949028015e-02 3.615976497530937195e-02 2.288845740258693695e-02 3.003455884754657745e-02 4.825881868600845337e-02 1.125006750226020813e-02 3.737108781933784485e-02 3.266195580363273621e-02 1.989891380071640015e-01 1.265741325914859772e-02 5.606288090348243713e-03 2.173092961311340332e-02 3.686426579952239990e-02 8.042637258768081665e-03 2.420097822323441505e-03 4.877395555377006531e-02 8.006391674280166626e-02 1.838825829327106476e-02 9.855769574642181396e-03 2.288915775716304779e-02 3.039673157036304474e-02 6.854861974716186523e-02 2.622181363403797150e-02 3.110269270837306976e-02 3.077221661806106567e-02 2.202210947871208191e-02 2.063072845339775085e-02 4.797350242733955383e-02 6.009917706251144409e-03 8.139779791235923767e-03 7.215177267789840698e-02 3.247167915105819702e-02 2.441330440342426300e-02 2.623164653778076172e-02 2.439169026911258698e-02 5.647357553243637085e-02 1.200644858181476593e-02 3.060507960617542267e-02 3.530998155474662781e-02 3.367596119642257690e-02 5.729258991777896881e-04 1.801575161516666412e-02 3.193619847297668457e-02 7.397823035717010498e-03 6.469353102147579193e-03 1.652266830205917358e-01 1.120458170771598816e-01 2.793131629005074501e-03 4.715270176529884338e-02 7.233282923698425293e-02 6.976077333092689514e-03 3.391686454415321350e-02 4.901241511106491089e-02 2.358284778892993927e-03 2.809251286089420319e-02 5.129124596714973450e-02 6.427368521690368652e-02 1.398042868822813034e-02 4.231093451380729675e-02 6.830594502389431000e-03 1.960384659469127655e-02 1.942030526697635651e-02 4.649548977613449097e-02 2.532478980720043182e-02 5.841921083629131317e-03 7.679891306906938553e-03 2.676509134471416473e-02 2.917798608541488647e-02 2.664882503449916840e-02 5.658366903662681580e-02 3.370216116309165955e-02 7.989391684532165527e-03 2.465408295392990112e-03 1.114404667168855667e-02 2.561985515058040619e-02 1.389025989919900894e-02 6.081948522478342056e-03 1.554538495838642120e-02 2.725243568420410156e-02 9.438333660364151001e-02 3.110368922352790833e-02
3.471697866916656494e-02 5.848652124404907227e-02 1.092037279158830643e-02 1.574561893939971924e-01 2.945871651172637939e-01 1.240985095500946045e-02 2.821805700659751892e-02 1.557759009301662445e-02 3.499692305922508240e-02 6.245959550142288208e-03 4.064952582120895386e-02 3.240126743912696838e-02 1.129228994250297546e-02 4.720558598637580872e-02 1.696335151791572571e-02 1.140699163079261780e-02 8.017681539058685303e-02 1.131692063063383102e-02 9.216608107089996338e-02 5.456744227558374405e-03 6.960792839527130127e-02 4.688893258571624756e-02 1.731956750154495239e-02 3.623673319816589355e-02 7.294539827853441238e-03 1.574317552149295807e-02 3.458655206486582756e-03 6.682271510362625122e-02 3.274021297693252563e-02 1.245596073567867279e-02 1.799324061721563339e-03 8.015316911041736603e-03 7.852099835872650146e-03 6.524410098791122437e-03 3.825762541964650154e-03 3.790376335382461548e-02 3.574909642338752747e-02 3.261181339621543884e-02 1.528174281120300293e-01 1.196442171931266785e-01 7.639052718877792358e-02 4.530793800950050354e-02 4.494703188538551331e-02 2.318966016173362732e-02 2.607953920960426331e-02 1.904002949595451355e-02 4.616870731115341187e-02 6.167270988225936890e-02 4.524839296936988831e-02 9.166034869849681854e-03 1.772072049789130688e-03 1.268801651895046234e-02 2.653332054615020752e-02 9.768217802047729492e-02 1.324458606541156769e-02 4.373611882328987122e-03 4.268774762749671936e-02 4.305762797594070435e-02 2.173104323446750641e-02 6.631571054458618164e-02 1.764112152159214020e-02 1.771139213815331459e-03 3.875741362571716309e-02 2.031242847442626953e-02 1.112621277570724487e-02 4.157133027911186218e-02 4.130511358380317688e-02 5.320059135556221008e-02 1.891169697046279907e-02 2.207516320049762726e-02 4.403900727629661560e-02 3.284439817070960999e-02 1.874524354934692383e-01 7.930650375783443451e-03 1.972604542970657349e-01 1.794141717255115509e-02 1.100380439311265945e-02 4.285507649183273315e-02 1.933075487613677979e-02 1.652780734002590179e-02 4.930428415536880493e-02 3.865992650389671326e-02 1.317372173070907593e-01 1.989836059510707855e-02 3.899317607283592224e-02 1.501434482634067535e-02 2.140928246080875397e-02 4.525104537606239319e-02 4.298700392246246338e-02 8.762121200561523438e-03 7.284060120582580566e-03 2.190142124891281128e-02 3.566092625260353088e-02 2.981638722121715546e-02 1.034950930625200272e-02 1.095554046332836151e-02 3.633370157331228256e-03 1.026577595621347427e-02 1.032842043787240982e-02 1.046271878294646740e-03 6.583944894373416901e-03 5.082598328590393066e-02 3.481952473521232605e-02 3.838288038969039917e-02 4.667900875210762024e-02 2.422125078737735748e-02 5.848470330238342285e-02 5.200562626123428345e-02 4.164886847138404846e-02 9.229246526956558228e-02 1.814693771302700043e-02 6.775066722184419632e-03 7.225024700164794922e-02 3.946692496538162231e-02 1.633200794458389282e-02 6.187405809760093689e-02
3.388945385813713074e-02 3.541184216737747192e-02 2.925958670675754547e-02 2.945871651172637939e-01 1.509084105491638184e-01 3.236959129571914673e-02 3.833404183387756348e-02 9.961021132767200470e-03 8.503582794219255447e-04 6.613448495045304298e-04 3.953910898417234421e-03 8.303747512400150299e-03 3.676358144730329514e-03 1.311213150620460510e-02 4.168811812996864319e-02 7.549977302551269531e-02 4.635984078049659729e-02 2.287128381431102753e-02 1.636852510273456573e-02 1.205350365489721298e-02 2.292391844093799591e-02 1.572041213512420654e-02 1.601397618651390076e-02 3.482821211218833923e-02 2.024555206298828125e-02 5.377039313316345215e-02 3.923809528350830078e-02 2.033630385994911194e-02 5.117481108754873276e-03 4.521613568067550659e-02 2.683149464428424835e-02 1.176145114004611969e-02 3.292604535818099976e-02 1.856815651990473270e-03 4.932409152388572693e-02 2.511465176939964294e-02 7.450046949088573456e-03 2.589680254459381104e-03 3.705349937081336975e-02 8.372364193201065063e-02 5.327348783612251282e-02 6.088034249842166901e-03 8.061527460813522339e-02 6.334297824651002884e-03 1.157312304712831974e-03 3.415726125240325928e-02 3.482286632061004639e-02 3.573699295520782471e-02 2.036485821008682251e-02 1.970918290317058563e-02 5.007423460483551025e-02 4.602150246500968933e-02 1.787367649376392365e-02 3.866645321249961853e-02 2.549471892416477203e-02 4.601222649216651917e-02 5.089135840535163879e-02 6.349281221628189087e-02 4.221577942371368408e-02 3.807466849684715271e-02 1.275501027703285217e-02 3.409522399306297302e-02 1.305396202951669693e-02 1.949799358844757080e-01 2.525813132524490356e-02 7.286430895328521729e-02 4.793851450085639954e-02 2.007573470473289490e-02 2.742600254714488983e-02 1.853536069393157959e-02 6.914281100034713745e-02 1.925427786773070693e-04 1.502161026000976562e-01 3.337130695581436157e-02 2.866534590721130371e-01 3.422967717051506042e-02 1.166200265288352966e-02 5.799508467316627502e-02 9.125562012195587158e-02 8.062922209501266479e-02 3.130463883280754089e-02 2.073405683040618896e-02 1.389560997486114502e-01 1.371605992317199707e-01 2.809611149132251740e-02 1.534951152279973030e-03 3.710506483912467957e-02 5.503671243786811829e-02 4.291549324989318848e-02 4.809015616774559021e-02 3.020121343433856964e-02 1.054884027689695358e-02 5.988040193915367126e-02 5.393804982304573059e-02 2.489861845970153809e-02 1.274840161204338074e-02 5.313398689031600952e-02 1.009011715650558472e-01 1.181908510625362396e-02 1.304128952324390411e-02 2.630062587559223175e-02 4.233912378549575806e-02 1.461841072887182236e-02 2.054936951026320457e-03 3.062922321259975433e-02 1.096152234822511673e-02 8.192748576402664185e-02 3.506331145763397217e-02 1.306600123643875122e-02 4.047247022390365601e-02 3.758106753230094910e-02 4.830729216337203979e-02 1.769031211733818054e-02 7.610668428242206573e-03 2.203940972685813904e-02 3.551068902015686035e-02
1.228979900479316711e-01 1.152250319719314575e-01 3.283329308032989502e-02 1.240985095500946045e-02 3.236959129571914673e-02 2.530879676342010498e-01 1.456524431705474854e-01 2.649353444576263428e-02 4.598103836178779602e-02 3.992692381143569946e-02 1.007263809442520142e-01 1.084478721022605896e-01 8.405006676912307739e-02 6.861130893230438232e-02 1.261545997112989426e-02 3.200031816959381104e-02 3.907157480716705322e-02 1.367604732513427734e-02 2.278002724051475525e-02 1.108120940625667572e-02 3.267192281782627106e-03 3.378869965672492981e-03 4.032336920499801636e-02 3.459779173135757446e-02 1.844656467437744141e-02 1.761232502758502960e-02 3.061102516949176788e-02 2.938923425972461700e-02 5.119330715388059616e-03 4.933155700564384460e-02 1.334390230476856232e-02 2.764554508030414581e-02 2.284242771565914154e-03 5.521047115325927734e-02 5.337369162589311600e-03 1.730776205658912659e-02 2.319176867604255676e-02 3.457220643758773804e-02 1.079702191054821014e-02 1.780927181243896484e-02 2.555386163294315338e-02 2.056516474112868309e-03 2.665856853127479553e-02 1.438889303244650364e-03 3.559103235602378845e-02 4.546715691685676575e-02 1.466636359691619873e-01 8.554555475711822510e-02 5.630361661314964294e-02 2.267372049391269684e-02 4.013039544224739075e-02 4.437126044649630785e-04 1.035182550549507141e-02 4.876156896352767944e-02 1.499539054930210114e-02 2.383879944682121277e-02 4.080839862581342459e-04 1.284890715032815933e-02 2.695935964584350586e-02 4.970677546225488186e-04 2.484368905425071716e-02 4.417715594172477722e-02 1.646652817726135254e-02 5.217178910970687866e-02 5.777611397206783295e-03 3.008063882589340210e-02 3.915800526738166809e-02 1.919752545654773712e-02 2.760893106460571289e-02 9.084927290678024292e-02 1.053612027317285538e-02 6.658397614955902100e-02 3.881179541349411011e-02 1.126697063446044922e-01 3.345023375004529953e-03 3.027066215872764587e-02 8.168033324182033539e-03 5.821582674980163574e-02 5.294702947139739990e-02 1.791085675358772278e-02 1.279842341318726540e-03 1.677447929978370667e-02 8.814215660095214844e-03 4.693998955190181732e-03 2.247424796223640442e-02 7.466521346941590309e-04 4.767435789108276367e-02 6.255982443690299988e-03 4.203413054347038269e-02 3.600146248936653137e-02 6.902742385864257812e-02 7.521105464547872543e-03 3.103740140795707703e-02 3.177188709378242493e-02 2.075229026377201080e-02 3.945498540997505188e-02 3.970781713724136353e-02 3.064070083200931549e-02 1.746131107211112976e-02 2.456543035805225372e-02 4.501798748970031738e-02 5.401998013257980347e-02 4.165428504347801208e-02 3.466907190158963203e-03 1.035640202462673187e-02 4.544274415820837021e-03 3.336786106228828430e-02 5.024240538477897644e-02 1.623797602951526642e-02 2.497371472418308258e-02 4.402399063110351562e-03 4.045016691088676453e-02 8.461338467895984650e-03 2.444947324693202972e-02 5.427779257297515869e-02 4.123643040657043457e-02
8.880580216646194458e-02 1.311417222023010254e-01 2.521208487451076508e-02 2.821805700659751892e-02 3.833404183387756348e-02 1.456524431705474854e-01 2.263174355030059814e-01 2.365441620349884033e-02 3.009953349828720093e-02 4.238203633576631546e-03 1.009954363107681274e-01 4.937905073165893555e-02 9.574192017316818237e-02 5.818475037813186646e-02 8.604647591710090637e-04 1.889918185770511627e-02 3.826367482542991638e-02 7.316217757761478424e-03 1.559802331030368805e-02 3.564887121319770813e-02 1.109384465962648392e-02 1.797162555158138275e-02 4.520112648606300354e-03 2.956193126738071442e-02 1.851526461541652679e-02 7.682267110794782639e-03 1.687147654592990875e-02 1.206770911812782288e-02 3.898264840245246887e-02 3.355010226368904114e-02 1.170641090720891953e-02 1.456742640584707260e-02 2.539366111159324646e-02 4.655019193887710571e-02 2.170774899423122406e-02 1.087539130821824074e-03 2.106513269245624542e-02 4.692641645669937134e-02 4.991571186110377312e-04 8.039142005145549774e-03 5.503508821129798889e-02 5.780591815710067749e-02 3.487892076373100281e-02 1.566230505704879761e-02 3.139669448137283325e-02 3.888253867626190186e-02 1.051084473729133606e-01 1.402216106653213501e-01 2.251982875168323517e-02 4.406917095184326172e-02 3.209321573376655579e-02 4.630028083920478821e-02 5.118479486554861069e-03 7.221064064651727676e-03 2.329839393496513367e-02 1.909640501253306866e-03 5.410556914284825325e-04 6.215251982212066650e-03 5.840605124831199646e-03 8.602432790212333202e-04 2.368088811635971069e-02 3.407760709524154663e-02 1.424257550388574600e-02 1.403727335855364799e-03 2.683778293430805206e-02 5.887127015739679337e-03 2.541312202811241150e-02 2.518775127828121185e-02 1.777134276926517487e-02 9.222758561372756958e-02 2.446050941944122314e-02 5.270067974925041199e-02 1.503886468708515167e-02 8.870765566825866699e-02 3.042645379900932312e-02 3.037417493760585785e-02 1.146151777356863022e-02 2.139122597873210907e-02 3.134501352906227112e-02 4.541694372892379761e-02 2.144420519471168518e-02 8.648398332297801971e-03 1.900435797870159149e-02 1.684040948748588562e-02 5.183723196387290955e-02 1.281523611396551132e-02 1.306677516549825668e-02 1.663394272327423096e-02 7.616201881319284439e-03 7.502706348896026611e-02 5.496612936258316040e-02 9.570949710905551910e-03 4.705962538719177246e-02 2.982534840703010559e-02 3.384852316230535507e-03 3.309641778469085693e-02 3.677184134721755981e-02 6.314040720462799072e-02 3.738163039088249207e-02 3.993836045265197754e-02 2.578635513782501221e-02 1.713565364480018616e-02 3.619794547557830811e-02 2.249888330698013306e-02 9.772841585800051689e-04 8.307266980409622192e-03 8.437594398856163025e-03 2.401202172040939331e-02 5.827849265187978745e-03 5.144044756889343262e-02 7.897279225289821625e-03 2.338377572596073151e-02 2.593588642776012421e-02 3.674049396067857742e-03 3.423145785927772522e-02 4.991418868303298950e-02
3.249126672744750977e-02 5.480839312076568604e-02 1.991838663816452026e-01 1.557759009301662445e-02 9.961021132767200470e-03 2.649353444576263428e-02 2.365441620349884033e-02 7.266097515821456909e-02 4.094678908586502075e-02 1.501551084220409393e-02 3.236821293830871582e-02 1.544271130114793777e-02 1.464998582378029823e-03 3.674080595374107361e-02 1.258434653282165527e-01 1.297711115330457687e-02 5.379718542098999023e-02 1.772846654057502747e-02 2.793971449136734009e-02 7.364509254693984985e-02 9.397063404321670532e-03 7.180519867688417435e-03 3.528189286589622498e-02 2.638076199218630791e-03 4.801717773079872131e-02 2.796734310686588287e-02 3.814158588647842407e-02 4.351881891489028931e-02 1.850621588528156281e-02 1.170519855804741383e-03 3.026764281094074249e-02 3.362919017672538757e-02 1.995483785867691040e-02 4.604966938495635986e-02 5.057718232274055481e-02 7.207640912383794785e-03 2.193702012300491333e-02 1.876663416624069214e-02 4.044884815812110901e-02 6.835288554430007935e-02 8.985814638435840607e-03 1.179591286927461624e-02 2.709134295582771301e-02 3.045108728110790253e-02 1.421322487294673920e-02 4.803812131285667419e-02 5.049706436693668365e-03 2.289433404803276062e-02 6.235096231102943420e-02 6.553535349667072296e-04 4.027034342288970947e-02 1.101333368569612503e-02 8.671423420310020447e-03 4.480192810297012329e-02 1.740951649844646454e-02 1.593995373696088791e-03 6.403400003910064697e-02 2.041219174861907959e-02 7.495725899934768677e-02 2.325607836246490479e-02 7.080211769789457321e-03 5.126294493675231934e-02 2.728008106350898743e-02 2.264001034200191498e-02 2.765752933919429779e-02 4.619996994733810425e-03 1.084000454284250736e-03 1.767772436141967773e-02 1.643357239663600922e-02 4.079188033938407898e-02 5.432853940874338150e-03 1.182974874973297119e-02 5.738037452101707458e-02 3.034351579844951630e-02 2.506856247782707214e-02 1.855858229100704193e-02 7.394694723188877106e-03 1.340160262770950794e-03 3.689935803413391113e-02 2.535598166286945343e-02 2.111296653747558594e-01 9.493428468704223633e-02 2.435653470456600189e-02 2.520633861422538757e-02 2.665176987648010254e-02 7.461891509592533112e-03 1.256553977727890015e-01 2.594722807407379150e-02 5.359432194381952286e-03 4.042924381792545319e-03 2.602648688480257988e-03 1.178764738142490387e-02 1.708023063838481903e-02 2.064615860581398010e-02 3.597947955131530762e-02 5.084046721458435059e-02 3.983246162533760071e-02 1.765778101980686188e-02 2.903816988691687584e-03 2.525427006185054779e-02 2.435459196567535400e-02 2.077849116176366806e-03 2.250307472422719002e-03 3.184821084141731262e-02 3.376914933323860168e-02 2.402121201157569885e-02 9.113180637359619141e-02 1.628818735480308533e-02 3.653733804821968079e-02 1.713966950774192810e-02 3.370225429534912109e-02 9.288745373487472534e-02 2.918526995927095413e-03 2.094793319702148438e-02 1.894905976951122284e-02 4.509148746728897095e-02
4.474040493369102478e-02 2.102867327630519867e-02 1.498892903327941895e-02 3.499692305922508240e-02 8.503582794219255447e-04 4.598103836178779602e-02 3.009953349828720093e-02 4.094678908586502075e-02 1.126325279474258423e-01 6.020882725715637207e-02 3.991581872105598450e-02 3.640098869800567627e-02 2.834392711520195007e-02 3.393173590302467346e-02 4.067951813340187073e-03 2.975819446146488190e-02 3.906110301613807678e-02 6.860146671533584595e-02 6.181573495268821716e-02 7.487297989428043365e-03 2.477888204157352448e-02 4.955722950398921967e-03 6.025824695825576782e-02 2.008447982370853424e-02 3.516762983053922653e-03 5.740678403526544571e-03 7.230874150991439819e-03 2.173428051173686981e-02 3.055377118289470673e-02 2.329329401254653931e-02 1.688932627439498901e-02 1.799199916422367096e-02 2.473072847351431847e-03 5.128496512770652771e-02 3.149183467030525208e-02 4.092029482126235962e-02 1.006650389172136784e-03 3.702432615682482719e-03 3.226665779948234558e-02 1.998669467866420746e-02 2.309333905577659607e-02 7.175342738628387451e-02 8.568443357944488525e-03 1.174445543438196182e-02 1.389693189412355423e-02 1.191755384206771851e-02 4.154772683978080750e-02 2.237824350595474243e-02 4.613491892814636230e-02 1.137348264455795288e-02 3.301952406764030457e-02 4.245087504386901855e-03 4.533682018518447876e-03 4.208648577332496643e-02 4.169999435544013977e-02 4.752024263143539429e-02 3.052826039493083954e-03 1.105645298957824707e-02 2.408422157168388367e-02 3.373568877577781677e-02 1.766910217702388763e-02 1.350443344563245773e-02 2.707349322736263275e-02 5.255359224975109100e-03 2.987142838537693024e-02 1.512438803911209106e-02 4.688816552516072989e-04 1.482473034411668777e-02 6.348541378974914551e-02 9.997678920626640320e-03 5.119213461875915527e-02 1.900808513164520264e-02 1.461551338434219360e-02 7.920638658106327057e-03 3.125317767262458801e-02 1.860332302749156952e-02 9.875427186489105225e-02 4.185608401894569397e-02 1.597752416273579001e-04 1.223362330347299576e-02 5.811378825455904007e-03 1.308711990714073181e-02 6.657934933900833130e-02 9.337760508060455322e-03 3.337561711668968201e-02 2.360205538570880890e-02 1.856782846152782440e-02 1.990945078432559967e-02 3.610382974147796631e-02 1.659009419381618500e-02 3.056290931999683380e-02 2.161813713610172272e-02 3.354064375162124634e-02 1.517528784461319447e-03 2.642734162509441376e-02 9.480073116719722748e-03 4.889837652444839478e-02 1.322633237577974796e-03 4.314387217164039612e-02 3.124370612204074860e-02 1.607534289360046387e-02 2.447717450559139252e-02 4.196968302130699158e-02 4.680686630308628082e-03 3.482698230072855949e-03 4.205085337162017822e-03 2.179643884301185608e-02 2.613685652613639832e-02 1.988524198532104492e-02 1.328037213534116745e-02 1.859813928604125977e-02 1.827156916260719299e-02 2.379169687628746033e-03 6.179707124829292297e-03 4.158696625381708145e-03 5.507573112845420837e-02
4.806358367204666138e-02 3.474361822009086609e-02 6.001740694046020508e-02 6.245959550142288208e-03 6.613448495045304298e-04 3.992692381143569946e-02 4.238203633576631546e-03 1.501551084220409393e-02 6.020882725715637207e-02 1.075319200754165649e-01 2.692796662449836731e-02 6.401973217725753784e-02 1.220753509551286697e-02 7.597660273313522339e-02 2.245428226888179779e-02 1.923967711627483368e-02 3.552908077836036682e-02 3.964399918913841248e-02 8.138094842433929443e-02 2.773521095514297485e-02 7.868910208344459534e-03 3.946882486343383789e-02 1.204367354512214661e-02 3.929519653320312500e-02 9.043733589351177216e-03 3.539778059348464012e-03 1.137701980769634247e-02 5.433988291770219803e-03 1.295707002282142639e-02 3.934147581458091736e-02 4.609842970967292786e-02 3.953016176819801331e-02 6.466305255889892578e-02 1.814380101859569550e-02 2.012932114303112030e-02 5.817382782697677612e-02 4.330056160688400269e-02 2.341372705996036530e-02 1.047625318169593811e-01 3.930427879095077515e-02 1.419897098094224930e-02 1.141543034464120865e-02 4.618725553154945374e-02 2.584949322044849396e-02 3.976269811391830444e-02 5.662937462329864502e-02 2.696170285344123840e-02 5.764837376773357391e-03 1.169665809720754623e-02 3.075589984655380249e-02 2.828505635261535645e-02 3.081704257056117058e-03 1.831695064902305603e-02 3.449514135718345642e-02 2.862073853611946106e-02 7.786566764116287231e-02 7.162345945835113525e-02 3.646073862910270691e-02 6.414327770471572876e-02 3.779981750994920731e-03 3.624141216278076172e-03 6.603825837373733521e-02 1.832704059779644012e-02 2.492357045412063599e-02 2.122064866125583649e-02 4.293103516101837158e-02 1.872022636234760284e-02 3.002662584185600281e-02 4.361252486705780029e-02 4.392715170979499817e-02 9.316736459732055664e-02 3.726579621434211731e-02 5.371987819671630859e-02 6.421656906604766846e-02 7.052689790725708008e-03 5.088252946734428406e-02 2.607868239283561707e-02 9.723979979753494263e-02 9.889476001262664795e-03 3.052185475826263428e-02 3.353008627891540527e-02 4.168047569692134857e-03 8.722617640160024166e-04 8.771806955337524414e-02 7.023891806602478027e-02 9.339912794530391693e-03 5.857757292687892914e-03 3.021029196679592133e-02 2.733782306313514709e-02 4.402699321508407593e-02 6.696628779172897339e-02 2.449780143797397614e-02 1.380071509629487991e-02 3.709762170910835266e-02 1.538970880210399628e-02 1.732610352337360382e-02 3.685196163132786751e-03 1.788325421512126923e-02 3.025791607797145844e-02 3.114787116646766663e-02 7.318618893623352051e-02 4.282155632972717285e-02 1.675075851380825043e-02 4.916705191135406494e-03 2.311061508953571320e-02 4.111161455512046814e-02 7.205633819103240967e-02 6.602378189563751221e-02 4.823978990316390991e-02 3.528857603669166565e-02 1.254995074123144150e-02 1.986826956272125244e-02 1.386921852827072144e-02 2.434030734002590179e-02 1.758934184908866882e-02 2.808843180537223816e-02
1.258724629878997803e-01 1.057625934481620789e-01 4.018561542034149170e-02 4.064952582120895386e-02 3.953910898417234421e-03 1.007263809442520142e-01 1.009954363107681274e-01 3.236821293830871582e-02 3.991581872105598450e-02 2.692796662449836731e-02 2.161454707384109497e-01 3.159821208100765944e-04 1.353963911533355713e-01 3.449146077036857605e-02 1.032930612564086914e-02 7.259875535964965820e-02 5.386967957019805908e-02 1.956490240991115570e-02 1.961594074964523315e-02 9.764416143298149109e-03 5.264345090836286545e-03 7.867135852575302124e-02 5.602934211492538452e-02 1.545062940567731857e-02 6.372722331434488297e-03 3.081724606454372406e-02 2.103368379175662994e-02 1.597679592669010162e-02 6.599057465791702271e-03 2.620436623692512512e-02 3.839524835348129272e-02 4.440780356526374817e-02 1.606407947838306427e-02 8.075329475104808807e-03 3.059950843453407288e-02 5.850067362189292908e-02 2.277396433055400848e-02 1.286784280091524124e-02 4.686657711863517761e-02 1.390215381979942322e-02 2.015311474679037929e-04 1.891550421714782715e-02 5.667059682309627533e-03 4.928904399275779724e-02 2.083585038781166077e-02 6.992464885115623474e-03 5.271243676543235779e-02 5.150301381945610046e-02 3.891318663954734802e-02 8.058427833020687103e-03 1.967449486255645752e-02 1.159378513693809509e-02 3.575702197849750519e-03 1.345777232199907303e-02 5.139435525052249432e-04 6.546922959387302399e-04 2.188436314463615417e-02 3.704299777746200562e-02 6.887296680361032486e-03 1.843694224953651428e-02 2.007122524082660675e-02 2.059942297637462616e-02 2.145092189311981201e-02 6.416571326553821564e-03 8.112186938524246216e-02 3.792971745133399963e-02 3.443222865462303162e-02 2.523436211049556732e-02 1.003601681441068649e-02 3.508624434471130371e-02 1.096899341791868210e-02 9.460016735829412937e-04 3.743355721235275269e-02 5.670906975865364075e-02 1.673170737922191620e-02 2.360883355140686035e-02 6.224629469215869904e-03 4.624122381210327148e-02 3.139562322758138180e-04 5.305789411067962646e-03 3.607103973627090454e-02 2.348547428846359253e-02 1.345075201243162155e-02 2.767478115856647491e-02 2.727575041353702545e-02 1.359793706797063351e-03 6.357876583933830261e-03 1.118157152086496353e-02 5.070911347866058350e-02 3.457577899098396301e-02 1.490752771496772766e-02 6.617848575115203857e-02 7.692417595535516739e-03 1.903502829372882843e-02 9.632480796426534653e-04 1.132936123758554459e-02 2.387807518243789673e-02 5.912576615810394287e-02 1.101240050047636032e-02 1.585751655511558056e-03 1.311902701854705811e-02 9.081681258976459503e-03 2.229042537510395050e-02 7.997072301805019379e-03 2.328124828636646271e-02 5.569524131715297699e-03 2.075995132327079773e-02 6.114163622260093689e-02 4.669142886996269226e-03 8.436176925897598267e-03 2.496236935257911682e-03 4.537481442093849182e-02 1.555433403700590134e-02 1.491440925747156143e-02 2.674567699432373047e-02 1.183758955448865891e-02
3.949963301420211792e-02 3.563425689935684204e-02 2.675894461572170258e-02 3.240126743912696838e-02 8.303747512400150299e-03 1.084478721022605896e-01 4.937905073165893555e-02 1.544271130114793777e-02 3.640098869800567627e-02 6.401973217725753784e-02 3.159821208100765944e-04 1.514072120189666748e-01 9.927586652338504791e-03 3.635101318359375000e-01 1.093072816729545593e-02 5.341295525431632996e-02 1.170609239488840103e-02 7.449905388057231903e-03 5.699139833450317383e-02 9.870771318674087524e-03 5.115576833486557007e-02 1.529128290712833405e-02 5.451180413365364075e-02 3.677491098642349243e-02 1.293402537703514099e-02 7.668544072657823563e-03 2.216799370944499969e-02 1.518218219280242920e-01 5.255495011806488037e-02 1.386498957872390747e-01 4.303462430834770203e-02 5.171970650553703308e-02 9.824537672102451324e-03 1.041981577873229980e-02 3.286474850028753281e-03 3.281556069850921631e-02 2.596815861761569977e-02 3.015694022178649902e-02 1.061171814799308777e-01 2.256446145474910736e-02 3.971812129020690918e-02 5.599909648299217224e-02 1.746642775833606720e-02 2.572359889745712280e-02 1.276322901248931885e-01 2.172198891639709473e-02 9.345818310976028442e-03 2.340922504663467407e-02 2.136105857789516449e-02 3.867854177951812744e-02 5.231375619769096375e-02 2.407035091891884804e-03 1.794084534049034119e-02 2.236978523433208466e-02 6.704616826027631760e-03 2.097832597792148590e-02 8.128516376018524170e-02 1.063134334981441498e-02 2.506036125123500824e-02 9.338242001831531525e-03 1.949328929185867310e-02 1.355730742216110229e-01 8.738748729228973389e-02 9.362628310918807983e-02 1.136863511055707932e-02 2.931537851691246033e-02 2.660170942544937134e-02 6.038738414645195007e-03 6.368122994899749756e-03 1.184499077498912811e-02 5.431868508458137512e-02 1.997397094964981079e-02 1.544995885342359543e-02 1.578711345791816711e-02 2.099576406180858612e-03 1.046585850417613983e-02 2.002675645053386688e-02 2.884310670197010040e-02 9.663829405326396227e-05 2.529979683458805084e-02 7.178290933370590210e-02 2.318399958312511444e-02 5.250319465994834900e-02 3.341381251811981201e-02 5.103278160095214844e-02 9.018611162900924683e-03 2.652592211961746216e-02 7.415243983268737793e-02 2.135923653841018677e-01 5.829449370503425598e-02 1.264146156609058380e-02 5.996095389127731323e-02 1.640611514449119568e-02 2.417220361530780792e-02 3.292322531342506409e-02 1.779644191265106201e-02 2.930561080574989319e-02 2.284149668412283063e-04 4.305767267942428589e-02 7.878872752189636230e-02 5.524808540940284729e-02 5.338103324174880981e-02 3.021050943061709404e-04 2.096033468842506409e-02 4.380885884165763855e-02 2.447375841438770294e-02 5.862637609243392944e-02 4.429811611771583557e-02 5.116327852010726929e-02 4.942985717207193375e-03 3.759072860702872276e-04 4.256743937730789185e-02 3.945907950401306152e-02 6.482932716608047485e-02 7.964944466948509216e-03 9.546554647386074066e-03
8.603066951036453247e-02 1.075737774372100830e-01 1.398151647299528122e-02 1.129228994250297546e-02 3.676358144730329514e-03 8.405006676912307739e-02 9.574192017316818237e-02 1.464998582378029823e-03 2.834392711520195007e-02 1.220753509551286697e-02 1.353963911533355713e-01 9.927586652338504791e-03 2.220829427242279053e-01 2.723159966990351677e-03 3.261123597621917725e-02 1.412687823176383972e-02 2.026841789484024048e-02 2.303999848663806915e-02 2.050026692450046539e-02 2.685921080410480499e-02 2.627414092421531677e-02 6.012677028775215149e-02 6.277059204876422882e-03 6.464269012212753296e-03 4.046942340210080147e-04 6.853114347904920578e-03 2.685310505330562592e-02 9.852459654211997986e-03 1.545656751841306686e-02 1.332992594689130783e-02 7.412358187139034271e-03 2.649553865194320679e-02 2.726585045456886292e-02 1.403124444186687469e-02 3.565002698451280594e-03 1.825799420475959778e-02 2.131590060889720917e-02 2.529177628457546234e-02 2.010166645050048828e-02 2.481409162282943726e-02 3.279012627899646759e-03 7.783441804349422455e-03 3.438264876604080200e-02 1.285535190254449844e-02 1.252565160393714905e-02 9.790171170607209206e-04 4.748764634132385254e-02 7.943403720855712891e-02 9.074769169092178345e-02 1.461433153599500656e-02 3.020649217069149017e-02 9.079209528863430023e-03 1.829446107149124146e-02 5.682121589779853821e-02 3.105515241622924805e-02 2.015014179050922394e-02 1.280869636684656143e-02 4.426945932209491730e-03 2.112595736980438232e-02 7.072078529745340347e-03 3.422198584303259850e-03 1.673905178904533386e-02 6.325159920379519463e-04 2.647020108997821808e-02 7.230032235383987427e-02 4.833773151040077209e-02 6.746926158666610718e-02 2.527574077248573303e-02 1.578867062926292419e-02 2.205215767025947571e-02 1.303724013268947601e-02 5.892287939786911011e-03 1.384364534169435501e-02 7.897102274000644684e-03 3.065944882109761238e-03 2.918724715709686279e-02 7.687917444854974747e-03 2.554677985608577728e-02 6.159137468785047531e-03 1.700677443295717239e-03 8.327564224600791931e-03 1.070271711796522141e-03 1.324121281504631042e-02 1.492732949554920197e-02 7.153102662414312363e-03 9.984866715967655182e-03 9.447914548218250275e-03 4.656801372766494751e-02 1.910789869725704193e-02 1.605118438601493835e-02 2.213323675096035004e-02 4.808687418699264526e-02 4.973473772406578064e-02 2.925030887126922607e-02 4.574420675635337830e-02 5.059385672211647034e-02 4.879306629300117493e-02 2.626485191285610199e-02 9.647533297538757324e-04 2.432715706527233124e-02 2.162653487175703049e-03 5.349904764443635941e-03 7.804275956004858017e-03 1.680942997336387634e-02 2.753344736993312836e-02 3.274954855442047119e-03 3.037965111434459686e-02 5.878461897373199463e-02 6.832241266965866089e-02 4.079329594969749451e-02 2.925532683730125427e-02 3.421237692236900330e-02 1.205424126237630844e-02 1.172299589961767197e-02 1.647762395441532135e-02 9.014380164444446564e-03
