8.890304714441299438e-02 1.139779910445213318e-01 5.725229158997535706e-02 3.093888238072395325e-02 3.581884130835533142e-02 9.077844768762588501e-02 1.046086400747299194e-01 1.724768616259098053e-02 3.118147328495979309e-02 2.189789526164531708e-02 1.073959246277809143e-01 5.266917124390602112e-02 6.307721883058547974e-02 4.408068209886550903e-02 7.892659865319728851e-03 8.897083811461925507e-03 1.577869057655334473e-02 3.014804981648921967e-02 4.655751585960388184e-02 5.236225575208663940e-02 7.822388410568237305e-02 5.562914069741964340e-03 4.569993540644645691e-02 1.653417572379112244e-02 4.181471467018127441e-02 2.828765101730823517e-02 5.142866075038909912e-02 5.380333960056304932e-02 5.087441205978393555e-02 7.275494933128356934e-02 3.321355208754539490e-02 4.121953994035720825e-02 1.870260946452617645e-02 7.823153398931026459e-03 2.831088192760944366e-02 3.332591056823730469e-02 5.427527427673339844e-02 4.153049085289239883e-03 2.146303839981555939e-02 1.316465670242905617e-03 2.340864576399326324e-02 4.563628695905208588e-03 3.553267195820808411e-02 2.791772363707423210e-03 3.082424215972423553e-02 1.644656993448734283e-02 1.036022827029228210e-01 7.344729453325271606e-02 3.461570292711257935e-02 1.107426919043064117e-02 2.720105927437543869e-03 1.552501972764730453e-02 3.196701407432556152e-02 9.107270278036594391e-03 3.770845942199230194e-03 1.069757854565978050e-03 4.127081483602523804e-02 6.852784007787704468e-02 6.343433260917663574e-02 5.970862694084644318e-03 2.395659219473600388e-03 2.543265931308269501e-03 6.094414740800857544e-03 5.928226187825202942e-02 1.066325884312391281e-02 3.995592705905437469e-03 3.446279093623161316e-03 3.518850728869438171e-02 4.267960321158170700e-03 5.390936508774757385e-03 1.410909648984670639e-02 4.613868892192840576e-02 4.398326575756072998e-02 4.249911755323410034e-03 3.637803345918655396e-02 1.539038401097059250e-02 1.647184230387210846e-02 1.291846949607133865e-02 9.069352381629869342e-05 1.148794870823621750e-02 3.232622519135475159e-03 1.754215732216835022e-02 3.548664599657058716e-02 1.471732091158628464e-02 6.044911965727806091e-02 4.100997745990753174e-02 3.243300365284085274e-03 9.904147125780582428e-03 9.185092523694038391e-03 2.154516614973545074e-02 4.232940077781677246e-02 1.546474639326334000e-02 5.834081768989562988e-02 7.231380790472030640e-03 3.647682256996631622e-03 2.687404677271842957e-02 2.790531888604164124e-02 3.802971169352531433e-02 2.473837137222290039e-02 1.489909458905458450e-02 5.916642490774393082e-03 5.478532984852790833e-02 3.056739084422588348e-02 3.186543658375740051e-02 2.728530578315258026e-02 2.619530633091926575e-02 6.141130346804857254e-03 6.171536631882190704e-03 1.444373838603496552e-02 2.236087247729301453e-02 4.363203048706054688e-02 1.508394815027713776e-02 1.878497190773487091e-02 1.251190621405839920e-02 2.675988338887691498e-02 4.064770415425300598e-02
1.139779910445213318e-01 9.041970223188400269e-02 4.441595822572708130e-02 2.660688478499650955e-04 1.780941820470616221e-04 9.743097424507141113e-02 1.128512769937515259e-01 2.578851208090782166e-02 1.392774190753698349e-02 3.186905756592750549e-02 7.663004845380783081e-02 1.467892341315746307e-02 9.702692180871963501e-02 1.669979840517044067e-02 3.057969920337200165e-02 5.020237341523170471e-02 4.546210169792175293e-03 9.014816023409366608e-03 3.124428167939186096e-02 4.168488830327987671e-02 5.660463869571685791e-02 2.760799974203109741e-02 4.159262776374816895e-02 2.872486226260662079e-02 1.457992196083068848e-02 3.666470758616924286e-03 3.527488559484481812e-02 3.349643200635910034e-02 1.141491252928972244e-02 5.667674820870161057e-03 1.235491689294576645e-02 1.463252026587724686e-02 3.515648189932107925e-03 2.902980521321296692e-02 2.335648611187934875e-02 1.557709299959242344e-03 3.167960792779922485e-02 4.334599245339632034e-03 2.879728190600872040e-02 2.121141552925109863e-02 1.957425847649574280e-02 2.482601441442966461e-02 9.084404446184635162e-03 1.382648292928934097e-02 1.956750452518463135e-02 2.598408982157707214e-02 7.236207276582717896e-02 7.063533365726470947e-02 6.097308173775672913e-02 1.619646884500980377e-02 2.898534573614597321e-02 2.943127602338790894e-02 1.756345666944980621e-02 4.797032102942466736e-02 2.750918082892894745e-02 1.912958920001983643e-02 8.774428628385066986e-03 2.383325621485710144e-02 2.434372343122959137e-02 2.389056794345378876e-02 3.811507672071456909e-02 5.982520058751106262e-02 7.597696501761674881e-03 4.128403030335903168e-03 2.139412797987461090e-03 2.731631684582680464e-04 9.958047885447740555e-04 2.193065732717514038e-02 2.895660139620304108e-02 3.399215266108512878e-02 2.495894581079483032e-02 1.048475503921508789e-03 3.014444187283515930e-02 4.279665648937225342e-02 2.920324681326746941e-03 2.968000434339046478e-02 1.422885688953101635e-03 5.698698572814464569e-03 3.122557699680328369e-02 1.226156763732433319e-02 4.301238432526588440e-02 6.476279348134994507e-03 1.106839161366224289e-02 1.572703244164586067e-03 1.015546359121799469e-02 5.209246277809143066e-02 7.580530364066362381e-03 3.724203631281852722e-02 2.857391722500324249e-02 1.092002540826797485e-02 4.381018131971359253e-02 1.587495207786560059e-02 4.161533713340759277e-02 1.893878332339227200e-03 5.754560232162475586e-03 6.078756414353847504e-03 3.934128209948539734e-02 2.097575366497039795e-02 6.246428005397319794e-03 7.056532427668571472e-03 1.801273040473461151e-02 1.267824415117502213e-02 4.354907199740409851e-02 1.545856520533561707e-02 9.051054716110229492e-03 4.959868267178535461e-02 1.909086108207702637e-02 3.881378844380378723e-02 1.745746284723281860e-02 5.619395896792411804e-02 4.398773610591888428e-02 1.459608599543571472e-02 2.473191358149051666e-02 1.189508475363254547e-02 2.775080129504203796e-02 1.946719363331794739e-02
5.725229158997535706e-02 4.441595822572708130e-02 6.917175836861133575e-03 6.555588543415069580e-02 3.026555851101875305e-02 3.084038197994232178e-02 2.347516641020774841e-02 1.754602491855621338e-01 2.349002286791801453e-02 9.300447255373001099e-02 1.650377362966537476e-02 2.108372747898101807e-03 2.412208355963230133e-02 1.100972993299365044e-03 4.611329361796379089e-02 1.966377347707748413e-02 8.273867517709732056e-02 3.417591005563735962e-02 4.470692202448844910e-02 4.324696213006973267e-02 1.414131559431552887e-02 1.926468126475811005e-02 1.903496496379375458e-02 5.017621815204620361e-02 8.979999460279941559e-03 4.755109921097755432e-02 6.803692877292633057e-02 5.863207206130027771e-02 4.405230283737182617e-02 6.955905258655548096e-02 5.376449972391128540e-02 2.977532334625720978e-02 4.285977780818939209e-02 2.660391619428992271e-03 5.057118833065032959e-02 4.991202056407928467e-02 9.835377335548400879e-03 2.326206490397453308e-02 3.756183758378028870e-02 6.890031695365905762e-02 5.263674631714820862e-02 1.133191064000129700e-01 3.333361446857452393e-02 6.320220977067947388e-02 6.675289571285247803e-02 2.980165299959480762e-04 3.826119005680084229e-02 4.006047174334526062e-02 4.730505868792533875e-02 6.947809457778930664e-02 1.460350584238767624e-02 4.928082600235939026e-02 6.744036078453063965e-02 8.921296149492263794e-02 1.021684482693672180e-01 6.677595525979995728e-02 5.076650157570838928e-02 3.039103001356124878e-02 2.088560722768306732e-02 9.965978562831878662e-02 3.059146553277969360e-02 1.521176937967538834e-02 3.541675582528114319e-02 2.996497321873903275e-03 6.203489005565643311e-02 3.403146937489509583e-02 1.080603990703821182e-02 8.509879000484943390e-03 1.641454291529953480e-04 2.948815189301967621e-02 1.342489384114742279e-02 1.183535554446280003e-03 3.499750047922134399e-02 5.794690456241369247e-03 8.023595064878463745e-02 2.131639607250690460e-02 1.917648874223232269e-02 5.512087047100067139e-02 6.489782780408859253e-02 8.939705789089202881e-02 1.333979517221450806e-01 4.660702124238014221e-02 4.595442488789558411e-02 3.093688376247882843e-02 9.177182801067829132e-03 4.496379569172859192e-02 8.001317083835601807e-02 2.039324864745140076e-02 4.447302967309951782e-02 3.114097192883491516e-02 9.554895013570785522e-02 1.824303343892097473e-02 3.480571880936622620e-02 5.709481239318847656e-02 1.436593234539031982e-01 2.092145569622516632e-02 3.588572517037391663e-02 3.059547953307628632e-02 4.375978186726570129e-02 2.154009602963924408e-02 2.984704915434122086e-03 3.112708777189254761e-02 5.446440353989601135e-02 3.234231099486351013e-02 1.962441764771938324e-02 1.571812629699707031e-01 2.853950252756476402e-03 4.774828255176544189e-02 3.287464752793312073e-02 5.689122900366783142e-02 4.518425837159156799e-02 3.607552964240312576e-03 9.654185734689235687e-03 4.360511153936386108e-02 2.268968671560287476e-01 5.155474413186311722e-03
3.093888238072395325e-02 2.660688478499650955e-04 6.555588543415069580e-02 3.161430731415748596e-02 1.225852444767951965e-01 3.560831025242805481e-02 1.072305720299482346e-03 3.273727372288703918e-02 1.503681298345327377e-02 1.955625601112842560e-02 2.218218520283699036e-02 1.101695820689201355e-01 6.990042515099048615e-03 1.698060892522335052e-02 9.541925042867660522e-03 5.588662996888160706e-02 4.325045272707939148e-02 4.318257048726081848e-02 4.705531895160675049e-02 1.910384371876716614e-02 9.774156846106052399e-03 1.833614520728588104e-02 2.030949108302593231e-02 3.830986469984054565e-02 4.746980220079421997e-02 1.900174655020236969e-02 2.934396639466285706e-02 4.442411661148071289e-02 1.225827820599079132e-02 2.886497648432850838e-03 3.603276237845420837e-02 2.022590115666389465e-02 7.385857403278350830e-02 3.950834274291992188e-02 2.661730162799358368e-02 1.169320568442344666e-01 1.466452330350875854e-02 1.056185737252235413e-02 7.380618155002593994e-02 1.279941014945507050e-02 2.425534091889858246e-02 4.088047519326210022e-02 1.913385465741157532e-02 2.590803988277912140e-02 7.304344326257705688e-02 5.104147642850875854e-02 8.171815425157546997e-02 5.102891009300947189e-03 4.753809422254562378e-03 8.407402038574218750e-02 3.279524669051170349e-02 5.707778781652450562e-02 7.602237910032272339e-02 3.354500234127044678e-02 4.035424813628196716e-02 1.249871402978897095e-01 5.967773497104644775e-02 5.933610349893569946e-02 3.580566868185997009e-02 2.608070336282253265e-02 1.080608740448951721e-01 5.741526931524276733e-02 1.079645287245512009e-02 1.756310462951660156e-03 5.145621299743652344e-02 3.601323813199996948e-03 3.905024379491806030e-02 4.532432556152343750e-02 1.502982974052429199e-01 8.812654763460159302e-03 8.963134884834289551e-02 3.094163723289966583e-02 1.282431930303573608e-01 1.754046231508255005e-02 7.517095655202865601e-02 6.385346408933401108e-03 5.619166418910026550e-02 4.898603633046150208e-02 1.287029683589935303e-01 5.538410041481256485e-03 2.802294120192527771e-02 3.935850039124488831e-02 7.974371314048767090e-02 4.643986001610755920e-02 4.897481203079223633e-02 3.823057562112808228e-02 2.266600728034973145e-02 1.450861524790525436e-02 3.263854235410690308e-02 5.553735047578811646e-02 4.168602824211120605e-02 3.063064068555831909e-02 1.484025549143552780e-02 2.459561638534069061e-02 5.705954506993293762e-02 1.029711496084928513e-02 3.289110958576202393e-02 2.332040295004844666e-02 1.074399054050445557e-02 4.698430746793746948e-02 5.504758656024932861e-02 2.844724431633949280e-02 6.634064763784408569e-02 1.791608147323131561e-02 6.813732534646987915e-02 4.100540652871131897e-02 4.668378271162509918e-03 5.050303041934967041e-02 2.126138284802436829e-02 2.491270378232002258e-02 4.540176689624786377e-02 4.354326799511909485e-02 9.753408841788768768e-03 1.411337126046419144e-02 7.064173370599746704e-02 8.980945684015750885e-03
3.581884130835533142e-02 1.780941820470616221e-04 3.026555851101875305e-02 1.225852444767951965e-01 5.834027379751205444e-02 6.015359889715909958e-03 2.722504921257495880e-02 6.687267869710922241e-02 5.982208624482154846e-02 5.306562036275863647e-02 1.998770795762538910e-02 1.240945979952812195e-02 6.879851222038269043e-03 7.859478890895843506e-02 3.341914713382720947e-02 4.301552847027778625e-02 8.525366336107254028e-02 5.713601130992174149e-03 1.286308318376541138e-01 5.918096750974655151e-02 1.457722019404172897e-02 3.483635187149047852e-02 5.034527182579040527e-02 4.415058996528387070e-03 2.702683582901954651e-02 1.150090526789426804e-02 7.118243258446455002e-03 6.679407507181167603e-02 3.065707534551620483e-02 7.088493555784225464e-03 1.952631026506423950e-02 3.292137384414672852e-02 3.113109245896339417e-02 5.060319602489471436e-02 9.905195794999599457e-03 4.423440247774124146e-02 6.082886457443237305e-02 5.019822157919406891e-03 8.605156838893890381e-02 1.638663560152053833e-01 1.809487305581569672e-02 4.920034483075141907e-02 3.653275966644287109e-02 4.874740540981292725e-02 1.000008918344974518e-02 8.195718377828598022e-02 8.037905395030975342e-02 3.274900466203689575e-02 2.390176616609096527e-02 4.748285189270973206e-02 5.527055636048316956e-02 1.239954493939876556e-02 8.325761556625366211e-02 6.170999631285667419e-02 5.869480967521667480e-02 3.792349994182586670e-02 3.824711218476295471e-02 5.359235405921936035e-02 2.747105248272418976e-02 4.697293788194656372e-02 4.111211374402046204e-02 4.877382516860961914e-02 3.312062099575996399e-02 9.260178357362747192e-02 1.144713070243597031e-02 9.506547823548316956e-03 8.473516441881656647e-03 1.309916283935308456e-02 7.678848924115300179e-04 3.661910817027091980e-02 8.858431875705718994e-02 5.974068120121955872e-02 6.469863653182983398e-02 2.832125872373580933e-02 1.667296439409255981e-01 2.045099809765815735e-02 1.250630337744951248e-02 2.265322953462600708e-02 6.451920606195926666e-03 5.278923083096742630e-03 6.495146453380584717e-02 2.893777564167976379e-02 4.330046474933624268e-02 2.431181371212005615e-01 1.375687029212713242e-02 3.622446954250335693e-02 4.967035353183746338e-02 4.327291995286941528e-02 9.398061782121658325e-02 4.514858126640319824e-02 2.959529636427760124e-03 1.372265908867120743e-02 3.625185228884220123e-03 1.531988289207220078e-02 7.489238679409027100e-02 5.800030007958412170e-02 4.089889675378799438e-02 1.752426289021968842e-02 4.614583402872085571e-02 1.520116440951824188e-02 3.384487703442573547e-02 1.579124853014945984e-02 3.030738048255443573e-02 1.319073140621185303e-02 3.446016088128089905e-02 1.868061907589435577e-02 6.337739527225494385e-02 4.836254566907882690e-02 9.560978040099143982e-03 6.560775917023420334e-03 9.986084885895252228e-03 2.849236689507961273e-02 9.444035589694976807e-03 4.095254465937614441e-02 1.858311519026756287e-02 5.434251949191093445e-02
9.077844768762588501e-02 9.743097424507141113e-02 3.084038197994232178e-02 3.560831025242805481e-02 6.015359889715909958e-03 7.055174559354782104e-02 1.424805819988250732e-01 4.050964489579200745e-03 5.371993407607078552e-02 3.537311777472496033e-02 1.184709221124649048e-01 8.978305757045745850e-02 4.744309559464454651e-02 7.514846511185169220e-03 3.812821581959724426e-02 8.478217059746384621e-04 2.798416838049888611e-02 1.066486351191997528e-02 3.849204629659652710e-02 6.885851919651031494e-02 4.646103829145431519e-02 3.347931802272796631e-02 3.755015134811401367e-02 8.249212987720966339e-03 2.091436088085174561e-02 5.722256749868392944e-02 9.060822427272796631e-03 3.182966262102127075e-02 2.370821125805377960e-02 1.439063716679811478e-02 3.751537948846817017e-02 2.717155404388904572e-02 2.476465329527854919e-02 3.138302639126777649e-02 4.392837360501289368e-02 1.657948829233646393e-02 4.885322228074073792e-02 2.317607589066028595e-02 9.814172983169555664e-03 7.158248685300350189e-03 2.723564580082893372e-02 1.786490716040134430e-02 4.182987660169601440e-02 4.289813712239265442e-02 5.909777246415615082e-03 4.598313244059681892e-04 1.802730709314346313e-01 7.798357307910919189e-02 4.682695493102073669e-02 3.755964711308479309e-02 1.125635672360658646e-02 1.170036289840936661e-02 3.360460326075553894e-02 2.530079521238803864e-02 3.362675756216049194e-02 4.625966399908065796e-02 1.020425558090209961e-02 9.547647088766098022e-03 5.078529566526412964e-02 1.515957806259393692e-02 1.013581454753875732e-02 4.109814763069152832e-02 6.304021179676055908e-02 3.568388149142265320e-02 3.309367969632148743e-02 1.930232346057891846e-02 1.902670972049236298e-02 1.173100620508193970e-02 6.125024054199457169e-03 4.605810344219207764e-02 1.494519528932869434e-03 4.619886726140975952e-02 3.445524349808692932e-02 3.506049141287803650e-02 1.293293852359056473e-02 2.459431625902652740e-02 8.569464087486267090e-03 7.747245952486991882e-03 1.499478123150765896e-03 3.428412601351737976e-02 9.843773208558559418e-03 2.921073883771896362e-02 6.560704857110977173e-02 4.370276816189289093e-03 3.604314289987087250e-03 1.989496685564517975e-02 8.095500525087118149e-04 1.607829146087169647e-02 7.075733691453933716e-02 2.713472582399845123e-02 1.176731381565332413e-02 6.902055442333221436e-02 3.395553305745124817e-02 1.134387031197547913e-02 2.271558530628681183e-02 2.285919710993766785e-02 6.105917971581220627e-03 1.187386270612478256e-02 1.263899914920330048e-02 5.527669563889503479e-03 3.363654762506484985e-02 5.544436164200305939e-03 3.955062478780746460e-02 1.762036979198455811e-02 1.655945554375648499e-02 2.946017123758792877e-02 1.062669511884450912e-02 8.187008090317249298e-03 2.400228753685951233e-03 1.421651151031255722e-02 2.998566068708896637e-02 5.218559410423040390e-03 5.378228425979614258e-02 3.892583400011062622e-02 5.195707082748413086e-02 4.793828725814819336e-02
1.046086400747299194e-01 1.128512769937515259e-01 2.347516641020774841e-02 1.072305720299482346e-03 2.722504921257495880e-02 1.424805819988250732e-01 1.123942285776138306e-01 1.215429324656724930e-02 3.278724104166030884e-02 4.208355396986007690e-02 8.160682767629623413e-02 5.942507181316614151e-03 9.959135204553604126e-02 4.552134498953819275e-02 7.732898928225040436e-03 1.433813013136386871e-02 3.081935830414295197e-02 1.577831059694290161e-02 9.212666191160678864e-03 2.452151104807853699e-02 1.151579525321722031e-02 3.037889301776885986e-02 6.611465010792016983e-03 5.626143887639045715e-03 3.767528757452964783e-02 4.638232663273811340e-02 2.672762237489223480e-02 9.886278770864009857e-03 1.012984476983547211e-02 5.186362564563751221e-02 2.888978458940982819e-02 2.021385915577411652e-02 4.328161478042602539e-03 1.000703684985637665e-02 4.291418939828872681e-02 5.886658909730613232e-04 4.647612199187278748e-02 8.219074457883834839e-03 2.504642866551876068e-02 1.677714660763740540e-02 1.428247895091772079e-02 3.097806312143802643e-02 9.439034387469291687e-03 3.066042205318808556e-03 1.202536560595035553e-02 1.317155640572309494e-02 1.175396144390106201e-01 1.142792031168937683e-01 5.530835688114166260e-02 3.956556692719459534e-02 1.387336291372776031e-02 2.909566462039947510e-02 2.361294999718666077e-02 2.710344502702355385e-03 3.342315554618835449e-02 5.971375852823257446e-02 3.271631896495819092e-02 6.574300583451986313e-03 8.073093742132186890e-02 2.125584054738283157e-03 3.258747607469558716e-02 7.808357477188110352e-02 1.119967922568321228e-02 1.505199167877435684e-02 2.522007003426551819e-02 3.980704583227634430e-03 3.701701061800122261e-03 2.003706246614456177e-02 3.064676187932491302e-02 5.947825312614440918e-02 6.273193750530481339e-03 3.307607769966125488e-02 7.546260952949523926e-03 2.769548073410987854e-02 4.961998015642166138e-02 3.962748870253562927e-02 3.403162211179733276e-02 1.469371840357780457e-03 5.595027003437280655e-03 3.420993313193321228e-02 2.762254700064659119e-02 7.355831563472747803e-03 4.984045401215553284e-02 2.455510757863521576e-02 1.366047281771898270e-02 5.293985828757286072e-02 5.731490906327962875e-03 1.616405323147773743e-02 5.123636685311794281e-03 2.212292049080133438e-03 5.020506680011749268e-02 6.955374963581562042e-03 3.710218146443367004e-02 1.695208624005317688e-02 4.484056844376027584e-04 5.639404989778995514e-03 2.924985717982053757e-03 6.561370193958282471e-02 6.086622830480337143e-03 1.529558748006820679e-02 3.725164011120796204e-02 1.507911086082458496e-02 2.613788284361362457e-02 2.117783762514591217e-02 3.011862374842166901e-02 2.398502081632614136e-02 8.597368374466896057e-03 1.992301642894744873e-02 1.980157569050788879e-02 4.236798733472824097e-02 3.229464590549468994e-02 1.065936684608459473e-02 1.821608468890190125e-02 3.288873285055160522e-02 6.597475614398717880e-03 2.600098587572574615e-02
1.724768616259098053e-02 2.578851208090782166e-02 1.754602491855621338e-01 3.273727372288703918e-02 6.687267869710922241e-02 4.050964489579200745e-03 1.215429324656724930e-02 3.529798239469528198e-02 2.565278299152851105e-02 5.801231786608695984e-02 4.757271707057952881e-02 4.660009592771530151e-02 3.693154081702232361e-02 3.873287700116634369e-03 1.645873337984085083e-01 3.933995962142944336e-03 1.985260844230651855e-02 4.294616356492042542e-02 1.876161061227321625e-02 3.304160013794898987e-02 3.565819934010505676e-02 4.134427011013031006e-02 8.214381337165832520e-02 2.940767817199230194e-02 8.667550981044769287e-03 4.491628706455230713e-02 4.155381023883819580e-02 3.574343770742416382e-02 7.304562255740165710e-03 8.490618318319320679e-03 1.325706369243562222e-03 1.748188026249408722e-02 3.714707121253013611e-02 2.494961488991975784e-03 6.495652347803115845e-02 5.962440744042396545e-02 6.045346707105636597e-02 1.729344134218990803e-03 6.669170409440994263e-02 2.729675546288490295e-02 6.469119805842638016e-03 2.868258021771907806e-02 3.823833912611007690e-02 5.800326541066169739e-02 2.431888505816459656e-02 3.269251808524131775e-02 7.628339808434247971e-03 3.856436535716056824e-02 1.075138151645660400e-02 3.244568035006523132e-02 6.842412054538726807e-02 1.219955831766128540e-01 2.126518823206424713e-02 1.597980409860610962e-02 3.014772944152355194e-02 2.493954077363014221e-02 5.178525671362876892e-02 5.189608037471771240e-02 4.159793257713317871e-02 1.587495952844619751e-02 1.550663169473409653e-02 1.951308362185955048e-02 1.106006093323230743e-02 5.315368995070457458e-02 8.550909697078168392e-04 1.960742520168423653e-03 3.892293572425842285e-02 6.770173460245132446e-02 5.913270637392997742e-02 5.898247472941875458e-03 2.867371030151844025e-02 3.647375479340553284e-02 5.118781328201293945e-02 4.727383330464363098e-02 4.064587503671646118e-02 4.835052788257598877e-02 2.671768516302108765e-02 5.229184776544570923e-02 6.812573969364166260e-02 5.886363610625267029e-02 2.136299461126327515e-01 1.736087650060653687e-01 8.280739933252334595e-02 4.197906702756881714e-02 4.431071877479553223e-02 3.590596467256546021e-02 1.699008196592330933e-01 6.213391572237014771e-02 5.288961902260780334e-02 5.529130250215530396e-02 8.367991540580987930e-05 4.465675726532936096e-02 1.168591901659965515e-02 1.326334476470947266e-02 1.407725457102060318e-02 3.705836832523345947e-02 6.871126592159271240e-02 4.620806500315666199e-02 1.752814278006553650e-02 3.599367104470729828e-03 1.867820136249065399e-02 2.168925479054450989e-02 4.386113584041595459e-02 1.498137973248958588e-02 2.415244095027446747e-02 5.297899618744850159e-02 2.625418361276388168e-03 3.243732824921607971e-02 1.606865227222442627e-02 4.867285024374723434e-03 6.800122559070587158e-02 4.143513739109039307e-02 3.628483042120933533e-02 3.881667507812380791e-03 1.622898504137992859e-02 4.411860369145870209e-03
3.118147328495979309e-02 1.392774190753698349e-02 2.349002286791801453e-02 1.503681298345327377e-02 5.982208624482154846e-02 5.371993407607078552e-02 3.278724104166030884e-02 2.565278299152851105e-02 1.701611466705799103e-02 1.399833858013153076e-01 2.221865113824605942e-03 1.126594096422195435e-02 2.665038034319877625e-02 6.512308865785598755e-02 2.689299732446670532e-02 4.108036682009696960e-02 2.754581347107887268e-02 1.115482002496719360e-01 2.189706638455390930e-02 2.517232857644557953e-02 5.512155219912528992e-02 5.514414235949516296e-02 1.638256129808723927e-03 4.320442676544189453e-02 2.857362665235996246e-02 6.420191377401351929e-02 9.367087855935096741e-03 7.349905092269182205e-03 1.749120652675628662e-02 3.937612473964691162e-02 1.824379526078701019e-02 9.516935795545578003e-02 4.033696278929710388e-02 1.306546200066804886e-02 2.258890494704246521e-02 8.712117560207843781e-03 6.392799317836761475e-02 1.544840633869171143e-02 2.420203574001789093e-02 4.842946305871009827e-02 1.829766668379306793e-02 1.072314754128456116e-01 2.959140203893184662e-02 3.654954954981803894e-02 3.739928826689720154e-02 5.011013150215148926e-02 5.148709565401077271e-02 4.185132682323455811e-02 7.026975601911544800e-02 4.208459332585334778e-02 4.082187637686729431e-02 4.812928847968578339e-03 3.705247864127159119e-02 6.923621147871017456e-02 1.573906391859054565e-01 9.639684110879898071e-03 7.122548669576644897e-02 3.203451633453369141e-02 2.518623135983943939e-02 2.580965310335159302e-02 4.726558923721313477e-02 4.426070675253868103e-02 2.381816133856773376e-02 9.618032723665237427e-03 4.232109710574150085e-02 3.593090921640396118e-02 1.435873471200466156e-02 6.975952070206403732e-03 4.369148612022399902e-02 1.272765826433897018e-02 4.261911287903785706e-02 1.196246501058340073e-02 6.560245156288146973e-02 2.990739792585372925e-02 5.291752889752388000e-02 2.607385069131851196e-02 2.001279890537261963e-01 1.799517683684825897e-02 5.346295610070228577e-02 7.016471121460199356e-03 1.799746789038181305e-02 3.504098206758499146e-02 7.147129625082015991e-02 4.906770214438438416e-02 4.523776471614837646e-02 8.606833964586257935e-02 3.890747949481010437e-02 2.435710653662681580e-02 4.085987806320190430e-02 6.250924617052078247e-02 2.950474992394447327e-02 1.643239520490169525e-02 8.808101527392864227e-03 2.264979667961597443e-02 8.367596566677093506e-02 3.593842312693595886e-02 2.626758068799972534e-02 9.302577376365661621e-02 1.048017963767051697e-01 4.896192252635955811e-02 4.377711191773414612e-02 1.561155356466770172e-02 5.751087330281734467e-03 3.934167698025703430e-02 5.888776388019323349e-03 1.828243210911750793e-02 1.595296896994113922e-02 2.045211754739284515e-02 7.730723358690738678e-03 1.782727427780628204e-02 2.733949013054370880e-02 2.098707109689712524e-02 5.123913288116455078e-02 7.291904836893081665e-02 3.963954001665115356e-02 3.419537097215652466e-02
2.189789526164531708e-02 3.186905756592750549e-02 9.300447255373001099e-02 1.955625601112842560e-02 5.306562036275863647e-02 3.537311777472496033e-02 4.208355396986007690e-02 5.801231786608695984e-02 1.399833858013153076e-01 2.815310098230838776e-02 3.700673580169677734e-02 6.565950065851211548e-02 3.969775885343551636e-02 2.579867467284202576e-02 2.823202498257160187e-02 1.170067396014928818e-02 3.524734824895858765e-02 5.970527231693267822e-02 1.752808392047882080e-01 2.131460607051849365e-02 4.794764798134565353e-03 7.331527303904294968e-03 9.720770642161369324e-03 9.133064001798629761e-02 1.982601732015609741e-02 1.203793939203023911e-02 2.304069139063358307e-02 1.612155139446258545e-02 7.962325215339660645e-02 3.065997548401355743e-02 1.381637901067733765e-02 3.845138847827911377e-02 1.992963254451751709e-02 3.119520470499992371e-02 5.855753272771835327e-02 1.870483160018920898e-02 8.463124930858612061e-02 3.709626942873001099e-02 3.358384221792221069e-02 2.656877972185611725e-02 4.648602753877639771e-02 6.675978004932403564e-02 4.072206839919090271e-02 6.293359398841857910e-02 5.908920615911483765e-02 2.872517891228199005e-02 2.043707296252250671e-03 4.521879181265830994e-02 7.320666220039129257e-03 8.252662420272827148e-02 6.838717032223939896e-03 5.094684287905693054e-02 2.373535931110382080e-02 6.834323704242706299e-02 8.289529383182525635e-02 6.344751268625259399e-02 1.853544847108423710e-03 2.125924266874790192e-02 1.696337200701236725e-02 1.588930003345012665e-02 5.094470083713531494e-02 3.695953870192170143e-03 6.846591085195541382e-02 1.777548715472221375e-02 2.675113454461097717e-02 1.889535784721374512e-02 1.371222361922264099e-02 7.683352567255496979e-03 2.900980180129408836e-04 1.861560530960559845e-02 2.467423118650913239e-02 3.265416249632835388e-03 6.698618829250335693e-02 5.230254307389259338e-02 8.279958367347717285e-02 7.159380707889795303e-03 9.506215900182723999e-02 2.220510989427566528e-01 1.600644178688526154e-02 2.172519266605377197e-01 1.172534469515085220e-02 7.772901561111211777e-03 1.865515671670436859e-02 1.329997479915618896e-01 6.325670052319765091e-03 1.101540178060531616e-01 9.214009158313274384e-03 4.511555656790733337e-03 7.845403999090194702e-02 1.027001626789569855e-02 1.040170416235923767e-01 4.743977636098861694e-02 5.033363774418830872e-02 1.787427999079227448e-02 5.795007944107055664e-02 3.523230552673339844e-02 2.756056748330593109e-02 2.018289268016815186e-02 3.670366853475570679e-02 5.127571150660514832e-02 2.051742374897003174e-02 6.385144311934709549e-03 2.390439249575138092e-02 4.109655320644378662e-02 8.276863023638725281e-03 1.274587959051132202e-02 4.569049924612045288e-02 8.019771426916122437e-03 4.307807236909866333e-02 6.334233330562710762e-05 5.707252770662307739e-02 3.053700551390647888e-02 3.233780711889266968e-02 2.182493044529110193e-04 2.811877056956291199e-02 5.452464800328016281e-03
1.073959246277809143e-01 7.663004845380783081e-02 1.650377362966537476e-02 2.218218520283699036e-02 1.998770795762538910e-02 1.184709221124649048e-01 8.160682767629623413e-02 4.757271707057952881e-02 2.221865113824605942e-03 3.700673580169677734e-02 1.187091097235679626e-01 5.579848214983940125e-02 8.853642642498016357e-02 3.518086299300193787e-02 2.060178108513355255e-02 7.572843879461288452e-02 1.593906618654727936e-02 3.902905061841011047e-02 3.603430092334747314e-02 3.938559442758560181e-02 2.028721384704113007e-03 4.024009406566619873e-02 3.538091108202934265e-02 3.213208168745040894e-02 6.573932711035013199e-03 2.393266186118125916e-02 1.371161080896854401e-02 1.079256180673837662e-02 9.734680876135826111e-03 4.717350751161575317e-02 9.361567907035350800e-03 1.724051497876644135e-02 2.099341014400124550e-03 2.924269251525402069e-02 5.852785892784595490e-03 2.904410101473331451e-02 1.304880948737263680e-03 3.757338598370552063e-02 1.800137013196945190e-02 1.046271808445453644e-02 2.374096214771270752e-02 1.805378124117851257e-02 3.905587643384933472e-02 3.085860982537269592e-02 1.687219552695751190e-02 2.420693263411521912e-02 1.288519352674484253e-01 7.020293921232223511e-02 2.885108813643455505e-02 4.805240407586097717e-02 6.307696551084518433e-02 3.935089707374572754e-02 2.443207614123821259e-02 3.075306303799152374e-02 2.173389308154582977e-03 3.481218824163079262e-03 1.725255697965621948e-02 3.760264441370964050e-02 2.161646634340286255e-02 6.571959238499403000e-03 2.269482240080833435e-02 3.662113565951585770e-03 1.920976117253303528e-02 3.978478536009788513e-02 4.837003722786903381e-02 7.416183501482009888e-02 1.997859589755535126e-02 2.400982426479458809e-03 3.675233945250511169e-02 2.338882721960544586e-02 1.702129468321800232e-02 6.988970562815666199e-03 2.475914545357227325e-02 5.884937010705471039e-03 2.879059687256813049e-02 5.133122205734252930e-02 2.880838513374328613e-02 4.847006872296333313e-02 5.141198635101318359e-03 2.269368246197700500e-02 3.666391596198081970e-02 4.341465421020984650e-03 9.743053466081619263e-03 1.758325379341840744e-03 1.639925129711627960e-02 4.950397834181785583e-02 4.301788285374641418e-02 4.378337040543556213e-02 1.124019920825958252e-02 2.860734239220619202e-02 4.163585230708122253e-02 9.309964627027511597e-02 3.449666872620582581e-02 5.154326930642127991e-02 2.112079970538616180e-02 1.402460597455501556e-02 2.179919555783271790e-02 1.084167044609785080e-02 1.160613168030977249e-02 1.054625585675239563e-02 3.471278399229049683e-02 2.789990603923797607e-02 1.343686226755380630e-02 5.352894216775894165e-02 1.650934480130672455e-02 2.106657437980175018e-02 3.060051240026950836e-02 2.029012702405452728e-02 6.043040379881858826e-02 6.176212336868047714e-03 4.471530020236968994e-02 2.297350578010082245e-02 7.012455724179744720e-03 1.080137118697166443e-02 9.502863511443138123e-03 1.652016676962375641e-02
5.266917124390602112e-02 1.467892341315746307e-02 2.108372747898101807e-03 1.101695820689201355e-01 1.240945979952812195e-02 8.978305757045745850e-02 5.942507181316614151e-03 4.660009592771530151e-02 1.126594096422195435e-02 6.565950065851211548e-02 5.579848214983940125e-02 2.184457890689373016e-02 2.089319005608558655e-02 2.020060569047927856e-01 2.962919883430004120e-02 3.598927706480026245e-02 4.613216593861579895e-02 8.405596762895584106e-02 9.378681331872940063e-02 1.963375136256217957e-02 5.177987366914749146e-02 4.181106388568878174e-02 6.689260154962539673e-02 2.920510619878768921e-02 5.839492008090019226e-02 1.070906147360801697e-01 4.930174909532070160e-03 4.080626741051673889e-02 1.506474986672401428e-02 1.784229837357997894e-02 1.813276670873165131e-02 2.903820388019084930e-02 2.038350701332092285e-02 4.874489456415176392e-02 3.995374217629432678e-02 4.561581835150718689e-02 5.050833895802497864e-02 2.451867237687110901e-02 1.213699951767921448e-02 1.496323104947805405e-02 3.601929172873497009e-02 3.593988716602325439e-02 3.518263250589370728e-02 4.336245357990264893e-03 1.367056518793106079e-01 5.599978566169738770e-02 8.474887162446975708e-02 1.261217705905437469e-02 4.388139396905899048e-02 3.525437088683247566e-03 1.089702080935239792e-02 3.015756607055664062e-02 7.251193374395370483e-02 2.002729661762714386e-02 6.645205896347761154e-03 6.974859535694122314e-02 7.031017541885375977e-02 1.436680406332015991e-01 6.486730277538299561e-02 1.879958063364028931e-02 7.836300879716873169e-02 4.224698245525360107e-02 2.373100630939006805e-02 1.723881252110004425e-02 1.962349563837051392e-02 2.964973263442516327e-02 5.121770128607749939e-02 1.515365857630968094e-02 3.391129523515701294e-02 5.812727659940719604e-02 2.723930776119232178e-02 3.306390717625617981e-02 1.073111966252326965e-02 2.724090777337551117e-02 1.846558041870594025e-02 5.041433498263359070e-02 1.157622113823890686e-01 1.041110139340162277e-02 1.464791130274534225e-03 1.673593942541629076e-04 5.988153629004955292e-03 5.706987576559185982e-04 7.943307049572467804e-03 6.690196692943572998e-02 1.204977557063102722e-01 1.060657799243927002e-01 5.597785580903291702e-03 4.433499649167060852e-02 5.298299342393875122e-02 7.337502390146255493e-02 3.489503636956214905e-02 4.940081760287284851e-02 6.360080838203430176e-02 2.017803117632865906e-02 5.092333629727363586e-02 6.832949072122573853e-02 5.364472046494483948e-03 2.069400809705257416e-02 9.405700489878654480e-03 2.180355973541736603e-02 4.794063977897167206e-03 3.896501287817955017e-02 8.144921623170375824e-03 4.792125523090362549e-02 1.031394675374031067e-01 5.565579235553741455e-02 1.708445511758327484e-02 2.471663802862167358e-02 6.062822416424751282e-02 6.778702139854431152e-02 1.409396715462207794e-02 2.460349537432193756e-02 2.644439414143562317e-02 6.908937543630599976e-02 4.062260314822196960e-02 4.118778929114341736e-02
6.307721883058547974e-02 9.702692180871963501e-02 2.412208355963230133e-02 6.990042515099048615e-03 6.879851222038269043e-03 4.744309559464454651e-02 9.959135204553604126e-02 3.693154081702232361e-02 2.665038034319877625e-02 3.969775885343551636e-02 8.853642642498016357e-02 2.089319005608558655e-02 8.882893621921539307e-02 6.657604873180389404e-02 4.440012574195861816e-02 2.173459343612194061e-02 3.859022259712219238e-02 6.313542369753122330e-03 4.548466578125953674e-02 7.003373652696609497e-02 4.359588772058486938e-02 4.959601536393165588e-02 3.571956232190132141e-02 1.268074195832014084e-02 2.571296133100986481e-02 5.619230866432189941e-02 3.291705995798110962e-02 2.755885198712348938e-02 2.503465861082077026e-02 5.150911584496498108e-02 2.435615472495555878e-02 3.482474386692047119e-02 2.031459286808967590e-02 3.534257784485816956e-02 3.599702846258878708e-03 2.115802280604839325e-02 6.150844693183898926e-02 7.676556240767240524e-03 4.999443888664245605e-02 3.735001198947429657e-03 1.974733732640743256e-02 2.648494020104408264e-02 5.614210292696952820e-02 3.613614942878484726e-03 1.251110620796680450e-02 4.646381735801696777e-02 7.021671533584594727e-02 5.293888971209526062e-02 3.948197513818740845e-02 4.822781682014465332e-02 1.035974081605672836e-02 1.956897554919123650e-03 2.666972577571868896e-02 2.757741510868072510e-02 5.304384231567382812e-02 6.697539985179901123e-02 3.957849461585283279e-03 4.852134734392166138e-02 4.538589622825384140e-03 2.457553520798683167e-02 5.411174893379211426e-02 2.066950313746929169e-02 1.796869561076164246e-02 2.709119394421577454e-02 5.081593524664640427e-03 6.727559119462966919e-02 7.924185134470462799e-03 5.239576566964387894e-03 5.198928341269493103e-02 3.793285787105560303e-02 3.363308683037757874e-02 1.904168725013732910e-02 3.027042746543884277e-02 1.037228666245937347e-02 3.407128900289535522e-02 9.396379813551902771e-03 1.157429814338684082e-02 4.142151027917861938e-02 8.705720305442810059e-03 2.176127396523952484e-02 3.491306211799383163e-03 3.481079265475273132e-02 2.267665974795818329e-02 4.301437363028526306e-02 8.612733334302902222e-03 3.318036347627639771e-02 1.699768193066120148e-02 7.765404880046844482e-02 4.894541203975677490e-02 3.318060934543609619e-02 4.498475417494773865e-02 1.019298937171697617e-02 3.940342366695404053e-02 5.824084952473640442e-02 1.374966371804475784e-02 2.197295613586902618e-02 1.719483360648155212e-02 4.556319862604141235e-02 1.732836663722991943e-02 1.720909215509891510e-02 4.105260223150253296e-02 1.612254790961742401e-02 5.983150331303477287e-04 1.695100404322147369e-02 4.375746101140975952e-02 3.971649333834648132e-02 1.397399790585041046e-02 4.271022975444793701e-02 2.875354327261447906e-02 4.895056132227182388e-03 3.624245524406433105e-02 4.135628230869770050e-03 2.077091485261917114e-02 3.958780691027641296e-02 1.499613281339406967e-02 3.693797066807746887e-02
