7.821452617645263672e-02 3.009410798549652100e-01 5.664040893316268921e-02 1.129907742142677307e-01 3.343053534626960754e-02 1.505176723003387451e-02 7.587569206953048706e-02 2.308911271393299103e-02 4.462788254022598267e-02 1.254321038722991943e-01 1.449146717786788940e-01 1.153433509171009064e-02 3.728936612606048584e-02 4.562583938241004944e-02 2.011005580425262451e-02 2.103340812027454376e-02 9.576467797160148621e-03 1.058796420693397522e-03 1.167413964867591858e-02 1.325427740812301636e-02 1.165094505995512009e-02 2.194977365434169769e-02 2.965001203119754791e-02 8.828655630350112915e-02 4.740891233086585999e-02 8.598082512617111206e-02 1.230462454259395599e-03 5.879117920994758606e-02 1.115696039050817490e-03 4.256637766957283020e-02 6.832472234964370728e-02 3.505141660571098328e-02 1.490313839167356491e-02 1.361488131806254387e-03 2.452050894498825073e-02 1.577758789062500000e-01 1.542373001575469971e-01 6.732728332281112671e-02 6.567735224962234497e-02 7.844975590705871582e-02 7.575803995132446289e-02 2.715741470456123352e-02 3.924937173724174500e-02 2.788187470287084579e-03 6.740552932024002075e-02 7.796063274145126343e-02 2.597891958430409431e-03 9.231925010681152344e-03 3.238924965262413025e-02 4.467594251036643982e-02 1.710069924592971802e-02 2.239402383565902710e-02 4.333985596895217896e-02 2.034566551446914673e-02 3.913275897502899170e-02 7.618055492639541626e-02 3.587445616722106934e-02 5.623894557356834412e-02 4.308390244841575623e-02 1.883376389741897583e-02 4.222178459167480469e-02 7.079473882913589478e-02 1.691531389951705933e-02 4.594166949391365051e-02 4.128171876072883606e-02 1.412197500467300415e-01 1.757598668336868286e-02 1.871439628303050995e-02 6.659917533397674561e-02 1.220074668526649475e-02 1.858031749725341797e-02 2.312286570668220520e-02 2.253701537847518921e-02 4.812000319361686707e-02 4.050889611244201660e-02 8.262776583433151245e-02 4.884647950530052185e-02 4.211423546075820923e-02 5.206118524074554443e-02 3.322397172451019287e-02 2.731848135590553284e-02 2.061009593307971954e-02 6.232627481222152710e-02 1.337448507547378540e-02 1.565147377550601959e-02 2.091314084827899933e-02 6.855326890945434570e-02 6.677378714084625244e-02 2.512687072157859802e-02 6.731858011335134506e-03 4.161807894706726074e-02 4.573645070195198059e-03 3.485562279820442200e-02 1.695107482373714447e-02 5.223917216062545776e-02 1.171747073531150818e-01 3.286401554942131042e-02 3.110118024051189423e-02 3.989777527749538422e-03 2.214630879461765289e-02 5.453537032008171082e-02 2.684146352112293243e-02 9.534877538681030273e-02 1.044377982616424561e-01 4.125617444515228271e-02 8.165873587131500244e-03 2.778474055230617523e-02 3.100122138857841492e-02 4.971488844603300095e-03 1.269581168889999390e-01 6.483172066509723663e-03 4.035843536257743835e-02 2.964083850383758545e-02 4.166371189057826996e-03 2.349114045500755310e-02 1.230304315686225891e-01
3.009410798549652100e-01 3.317620977759361267e-02 1.900834217667579651e-02 4.736946150660514832e-02 2.028027363121509552e-02 1.115913409739732742e-02 8.829413354396820068e-02 4.782682284712791443e-02 3.404191508889198303e-02 5.938450619578361511e-02 1.183713749051094055e-01 3.745625913143157959e-02 4.270884394645690918e-02 3.668315336108207703e-02 4.417648538947105408e-02 3.141193836927413940e-02 6.312640011310577393e-02 1.105142943561077118e-02 2.687986416276544333e-04 7.286700420081615448e-03 1.368860155344009399e-02 4.075213894248008728e-02 1.383055187761783600e-02 2.083201892673969269e-02 3.874766081571578979e-02 4.488914055400528014e-05 1.727092266082763672e-02 6.175241991877555847e-02 3.315638005733489990e-02 9.904097765684127808e-03 6.013545393943786621e-02 2.356044948101043701e-02 3.534578904509544373e-02 2.428847923874855042e-02 3.559016436338424683e-02 5.804030597209930420e-02 1.062484309077262878e-01 1.860539242625236511e-02 4.499124363064765930e-02 1.220826059579849243e-03 2.055930346250534058e-02 3.397407382726669312e-02 1.255028066225349903e-03 7.934392243623733521e-02 7.358705252408981323e-02 2.949802763760089874e-02 1.372222006320953369e-01 2.054741978645324707e-02 6.565444916486740112e-02 8.105901628732681274e-02 7.531192898750305176e-02 2.047268301248550415e-02 8.140680193901062012e-02 3.169935941696166992e-02 4.192781075835227966e-02 8.818360418081283569e-02 1.199335604906082153e-02 4.987308755517005920e-02 4.527907446026802063e-02 4.319188371300697327e-02 4.924251884222030640e-02 6.158994510769844055e-02 4.010316357016563416e-02 1.393432146869599819e-03 3.756197541952133179e-02 1.009399304166436195e-03 2.643110789358615875e-02 4.713779781013727188e-03 1.993414200842380524e-02 2.953071705996990204e-02 2.122415602207183838e-02 4.731472209095954895e-02 4.120783507823944092e-02 1.555635035037994385e-02 8.711859583854675293e-03 9.171768091619014740e-03 1.557482313364744186e-02 7.806305307894945145e-03 6.218248978257179260e-02 6.323264539241790771e-02 2.826622687280178070e-03 2.923914976418018341e-02 6.225728616118431091e-02 5.761779099702835083e-02 3.678046539425849915e-02 3.566796705126762390e-02 5.962902680039405823e-02 6.867206841707229614e-02 2.638853341341018677e-02 2.882207185029983521e-02 6.152718327939510345e-03 9.924954734742641449e-03 2.550453506410121918e-02 6.798703968524932861e-02 3.595871105790138245e-02 1.071976646780967712e-01 7.336363196372985840e-02 9.382189600728452206e-04 1.136041712015867233e-02 2.639889530837535858e-02 5.599033832550048828e-02 4.488326143473386765e-03 4.436353594064712524e-02 2.643135376274585724e-02 3.608090057969093323e-02 2.137475274503231049e-02 6.090413313359022141e-03 2.892791852355003357e-02 2.040590718388557434e-02 2.561560086905956268e-02 4.512654244899749756e-02 4.096705466508865356e-03 3.986090794205665588e-02 4.139158874750137329e-02 7.088911253958940506e-03 1.401702314615249634e-01
5.664040893316268921e-02 1.900834217667579651e-02 9.765543509274721146e-04 1.113640144467353821e-02 3.000329248607158661e-02 1.710547320544719696e-02 4.801383614540100098e-02 1.316901445388793945e-01 2.663163654506206512e-02 3.989278525114059448e-02 5.387501046061515808e-02 1.754563860595226288e-02 4.286595806479454041e-02 1.420998014509677887e-02 6.311752647161483765e-02 6.587047874927520752e-02 3.286549076437950134e-02 1.470456249080598354e-03 2.985916659235954285e-02 5.531567335128784180e-02 6.479766964912414551e-02 1.023493520915508270e-02 6.650053430348634720e-03 4.699246585369110107e-02 2.494780719280242920e-02 5.502675101161003113e-02 5.906003934796899557e-05 1.513778418302536011e-02 3.766338899731636047e-02 6.791462004184722900e-02 4.753931984305381775e-02 4.055431112647056580e-02 2.580382488667964935e-02 1.946746557950973511e-02 2.147186547517776489e-02 5.159384757280349731e-02 1.215046737343072891e-02 1.907474733889102936e-02 3.650050610303878784e-02 4.045835882425308228e-02 1.760130934417247772e-02 2.621516771614551544e-02 4.739002510905265808e-02 3.343322500586509705e-02 5.134939402341842651e-02 5.815180391073226929e-02 3.462858125567436218e-02 5.568941682577133179e-02 1.807138323783874512e-02 1.723567023873329163e-02 7.625670731067657471e-02 4.157611727714538574e-02 8.671924471855163574e-03 2.869954705238342285e-02 2.036081440746784210e-02 7.093650288879871368e-03 4.010740667581558228e-02 2.831379696726799011e-02 8.539503067731857300e-02 5.254645366221666336e-03 5.604062229394912720e-02 8.699753321707248688e-03 4.003107920289039612e-02 9.476323612034320831e-03 2.576827630400657654e-02 5.210144445300102234e-02 1.418672967702150345e-02 9.224404348060488701e-04 8.915786631405353546e-03 5.018487945199012756e-02 1.109040062874555588e-02 3.815546259284019470e-02 1.477794647216796875e-01 6.597848236560821533e-02 1.345458179712295532e-01 1.942202262580394745e-02 5.119506269693374634e-02 5.901566892862319946e-02 4.105684161186218262e-02 1.231604740023612976e-01 2.413466386497020721e-02 6.881850957870483398e-02 5.508624017238616943e-03 4.166017472743988037e-02 1.206192970275878906e-01 2.517484873533248901e-02 5.557672120630741119e-03 8.497606217861175537e-02 6.359181553125381470e-02 3.834918141365051270e-02 1.613302528858184814e-02 1.228924491442739964e-03 1.522594317793846130e-02 8.033768832683563232e-02 1.410868950188159943e-02 5.955313146114349365e-02 3.449440374970436096e-02 5.637967586517333984e-02 1.302581932395696640e-02 1.160015165805816650e-02 7.344092428684234619e-02 2.355698682367801666e-02 1.056528761982917786e-01 4.908607900142669678e-02 1.348834950476884842e-02 2.826899662613868713e-02 1.205767411738634109e-02 4.310892894864082336e-02 1.730714691802859306e-03 3.580078855156898499e-02 6.726016290485858917e-03 7.442961633205413818e-02 3.380280733108520508e-02 7.338605076074600220e-02 2.494862675666809082e-02 4.191640391945838928e-02
1.129907742142677307e-01 4.736946150660514832e-02 1.113640144467353821e-02 8.072964847087860107e-02 1.952338516712188721e-01 4.538913816213607788e-02 3.707313537597656250e-02 1.461280230432748795e-02 3.701189160346984863e-02 6.036528199911117554e-02 7.116638123989105225e-02 5.914140865206718445e-02 2.290075877681374550e-03 1.420791596174240112e-01 3.269512951374053955e-02 4.986940324306488037e-02 9.242233633995056152e-02 2.009956515394151211e-04 6.514529883861541748e-02 2.708964166231453419e-04 5.630382150411605835e-02 2.816430479288101196e-02 2.048084139823913574e-02 7.072309404611587524e-02 5.559613183140754700e-02 5.705329775810241699e-02 1.395528763532638550e-02 5.577470362186431885e-02 1.116107311099767685e-02 4.378846846520900726e-03 3.958160802721977234e-02 2.002607285976409912e-02 2.785772783681750298e-03 5.058881640434265137e-02 6.289785355329513550e-02 1.278660818934440613e-02 6.335800886154174805e-02 1.532739493995904922e-02 4.089095629751682281e-03 8.546902984380722046e-02 9.773078374564647675e-03 1.328077167272567749e-02 9.841362480074167252e-04 4.582479596138000488e-02 4.584800451993942261e-02 2.122891694307327271e-02 1.618211157619953156e-02 1.333538349717855453e-02 6.849430501461029053e-02 5.416601896286010742e-03 3.864951059222221375e-02 5.729678645730018616e-02 6.207345053553581238e-03 5.627979338169097900e-02 4.141350463032722473e-02 7.711429893970489502e-02 3.275806456804275513e-02 2.182609029114246368e-02 3.179868310689926147e-02 3.793116891756653786e-03 1.057184636592864990e-01 8.002456277608871460e-02 2.562052803114056587e-03 5.041769891977310181e-02 9.148452430963516235e-03 7.600802928209304810e-03 6.625816226005554199e-02 6.440357863903045654e-02 1.428060326725244522e-02 1.262335223145782948e-03 2.854341641068458557e-02 3.980668634176254272e-02 1.618612408638000488e-01 3.015429340302944183e-02 1.295841187238693237e-01 1.488179434090852737e-02 2.697968482971191406e-02 2.416462637484073639e-02 2.567053213715553284e-02 9.250757098197937012e-02 9.842239087447524071e-04 1.031042449176311493e-02 8.703067898750305176e-02 2.133904024958610535e-02 7.540774345397949219e-02 1.051460579037666321e-01 2.437644824385643005e-02 3.721077367663383484e-02 5.448839068412780762e-02 5.062482878565788269e-02 1.213176175951957703e-02 4.825428128242492676e-02 1.767466217279434204e-02 5.964260082691907883e-03 5.550258606672286987e-02 5.264998972415924072e-02 4.829402640461921692e-02 3.316039592027664185e-02 3.778177872300148010e-02 2.096831612288951874e-02 6.388989835977554321e-02 3.017610684037208557e-02 6.024233251810073853e-02 1.239469349384307861e-01 3.050272725522518158e-02 9.710771590471267700e-02 3.338977321982383728e-02 8.841814845800399780e-02 3.153724595904350281e-02 1.549257151782512665e-02 1.389584690332412720e-02 1.632855273783206940e-02 3.532441705465316772e-02 6.070187781006097794e-03 2.335082925856113434e-02 3.980040922760963440e-02
3.343053534626960754e-02 2.028027363121509552e-02 3.000329248607158661e-02 1.952338516712188721e-01 6.224304810166358948e-02 4.673390649259090424e-03 1.208086684346199036e-02 1.183436601422727108e-03 1.690209284424781799e-02 4.582167603075504303e-03 1.717961765825748444e-02 9.950210154056549072e-02 3.983629494905471802e-02 1.352654397487640381e-02 2.499032393097877502e-02 2.218222711235284805e-03 2.966828644275665283e-03 7.557259500026702881e-02 1.016545761376619339e-02 1.192104350775480270e-02 9.206903050653636456e-04 1.544251199811697006e-02 2.784121967852115631e-02 2.031184919178485870e-02 5.036616697907447815e-02 1.052925921976566315e-02 8.012188971042633057e-02 1.071730349212884903e-02 1.895297877490520477e-02 1.687269471585750580e-02 3.835427388548851013e-02 1.573908259160816669e-03 1.926278136670589447e-02 1.326259877532720566e-02 7.568596303462982178e-02 2.020037360489368439e-02 3.682330995798110962e-02 4.481016844511032104e-02 1.078061833977699280e-01 1.855884939432144165e-01 1.295596454292535782e-02 2.169062942266464233e-02 2.777227014303207397e-02 3.685205057263374329e-02 2.131018228828907013e-02 1.619284600019454956e-02 3.183707967400550842e-02 7.305728644132614136e-02 3.318932652473449707e-02 6.773963570594787598e-02 1.557888276875019073e-02 4.300720617175102234e-02 1.851529255509376526e-02 5.379901267588138580e-03 2.677084878087043762e-02 2.751357480883598328e-02 6.711378693580627441e-02 4.967207461595535278e-02 2.570018917322158813e-02 6.772634387016296387e-02 4.593564942479133606e-02 3.876632079482078552e-02 8.841202408075332642e-02 2.494993619620800018e-03 4.532205685973167419e-02 1.546528097242116928e-02 7.877486944198608398e-02 5.485723167657852173e-02 5.621528625488281250e-02 6.394135300070047379e-03 4.507417976856231689e-02 5.167605727910995483e-02 6.394051760435104370e-02 3.758552297949790955e-02 1.376813650131225586e-01 6.620412226766347885e-03 5.078551918268203735e-02 1.584750600159168243e-02 5.065113306045532227e-02 2.145067229866981506e-02 3.439840301871299744e-02 5.451619625091552734e-02 5.407763272523880005e-02 1.285259518772363663e-02 1.581863127648830414e-02 8.867381513118743896e-02 1.640605740249156952e-02 4.093315079808235168e-02 9.762304835021495819e-03 3.499005362391471863e-02 2.743000723421573639e-02 4.962689802050590515e-02 5.732955783605575562e-02 6.472692638635635376e-02 4.260519519448280334e-03 3.057030402123928070e-02 4.066057153977453709e-04 1.100940722972154617e-02 6.042790118954144418e-05 1.448464486747980118e-02 5.508536100387573242e-02 5.892251152545213699e-03 2.449612319469451904e-02 1.227585151791572571e-01 4.166348278522491455e-02 5.381691455841064453e-02 1.529327314347028732e-02 1.137931942939758301e-01 3.870902210474014282e-02 2.579809166491031647e-03 2.433088049292564392e-02 5.301069468259811401e-02 5.462387949228286743e-02 5.570036545395851135e-02 3.353628516197204590e-02 6.555303186178207397e-02
1.505176723003387451e-02 1.115913409739732742e-02 1.710547320544719696e-02 4.538913816213607788e-02 4.673390649259090424e-03 8.274025470018386841e-02 2.289616763591766357e-01 3.480559214949607849e-02 7.570653688162565231e-03 1.686222478747367859e-02 1.016413718461990356e-01 5.247241258621215820e-02 1.490628696046769619e-03 4.380498081445693970e-02 3.008964844048023224e-02 4.592788219451904297e-02 4.136234521865844727e-02 4.485410079360008240e-02 2.006308548152446747e-02 4.859807435423135757e-03 5.910251289606094360e-02 4.393906518816947937e-02 7.209870964288711548e-02 1.238566543906927109e-02 8.319213055074214935e-03 9.462523274123668671e-03 1.086328625679016113e-01 5.130101367831230164e-02 4.077354818582534790e-02 4.460727795958518982e-02 5.915560945868492126e-02 3.953785821795463562e-02 8.149046450853347778e-02 3.005629219114780426e-02 4.254717752337455750e-02 2.080051228404045105e-02 2.061971649527549744e-02 6.807410158216953278e-03 2.303432114422321320e-02 2.701016888022422791e-02 5.353741720318794250e-02 3.282168507575988770e-02 5.443450808525085449e-02 7.891478948295116425e-03 5.930029228329658508e-02 4.303978756070137024e-02 2.338407337665557861e-01 1.214211285114288330e-01 5.770593881607055664e-02 1.672782562673091888e-02 1.010185033082962036e-01 5.990495532751083374e-02 3.508421406149864197e-02 3.573981672525405884e-02 8.718294650316238403e-02 5.135413259267807007e-03 1.882632076740264893e-02 1.759620383381843567e-02 1.078887656331062317e-02 3.583486750721931458e-02 5.014520511031150818e-02 5.286727100610733032e-04 3.215367719531059265e-02 3.480639681220054626e-02 8.119426667690277100e-03 6.627609580755233765e-02 6.185010448098182678e-02 1.720415800809860229e-02 7.483265828341245651e-03 3.518809378147125244e-02 2.610048837959766388e-02 9.478399530053138733e-03 2.590434392914175987e-03 1.087315008044242859e-01 5.878763645887374878e-02 1.243678480386734009e-01 5.175149440765380859e-02 2.217145822942256927e-02 1.119465082883834839e-01 5.456861574202775955e-03 2.289248257875442505e-02 6.468685716390609741e-02 9.841052815318107605e-04 1.235198080539703369e-01 4.734374582767486572e-02 1.203594822436571121e-02 5.165847390890121460e-02 1.334643643349409103e-02 5.103253945708274841e-02 3.406658396124839783e-02 2.745121717453002930e-02 2.219505113316699862e-04 3.512914478778839111e-02 2.660630270838737488e-02 1.308319624513387680e-02 2.519650757312774658e-02 6.653279066085815430e-02 7.428786903619766235e-02 2.490642294287681580e-02 5.388387665152549744e-02 2.501501142978668213e-02 3.382586687803268433e-02 1.295773964375257492e-02 4.875768721103668213e-02 4.336026310920715332e-02 1.221580058336257935e-02 2.598593011498451233e-02 2.192028425633907318e-02 1.117308884859085083e-01 8.913932368159294128e-03 6.363216042518615723e-02 1.333441119641065598e-02 3.208336234092712402e-02 3.768010810017585754e-02 3.619011119008064270e-02 5.045368522405624390e-02
7.587569206953048706e-02 8.829413354396820068e-02 4.801383614540100098e-02 3.707313537597656250e-02 1.208086684346199036e-02 2.289616763591766357e-01 3.429006040096282959e-02 1.018934771418571472e-01 3.654324635863304138e-02 2.966520376503467560e-02 1.230783313512802124e-01 2.923817560076713562e-02 6.979654729366302490e-02 1.003652364015579224e-01 1.963246986269950867e-02 5.407179705798625946e-04 2.740650996565818787e-02 9.833759814500808716e-02 1.224902048707008362e-01 5.585422739386558533e-02 3.288598963990807533e-03 8.333226665854454041e-03 6.845075637102127075e-02 6.003839150071144104e-02 2.903236821293830872e-02 3.138144034892320633e-03 1.328882016241550446e-02 3.226462751626968384e-02 3.714343532919883728e-02 1.033292990177869797e-02 4.163907840847969055e-02 3.746681287884712219e-02 2.848102524876594543e-02 1.976409368216991425e-02 2.999659860506653786e-03 2.952384389936923981e-02 1.356037054210901260e-02 3.554737195372581482e-02 6.086318194866180420e-02 4.991653189063072205e-02 8.641611784696578979e-02 3.514060378074645996e-02 3.096113353967666626e-02 4.173605889081954956e-02 2.677456475794315338e-02 9.131095558404922485e-02 1.304855346679687500e-01 1.709875017404556274e-01 7.382557261735200882e-03 4.248229414224624634e-02 2.155622467398643494e-02 8.659692481160163879e-03 4.834180697798728943e-02 4.894803091883659363e-02 3.421964496374130249e-02 2.199401892721652985e-02 3.893765807151794434e-02 2.378098480403423309e-02 2.340765111148357391e-02 6.185243371874094009e-03 2.728394605219364166e-02 8.124652318656444550e-03 6.875634659081697464e-03 7.612753193825483322e-03 4.401472210884094238e-02 1.568773388862609863e-02 4.149958863854408264e-02 8.516730740666389465e-04 5.791044980287551880e-02 8.522833883762359619e-02 1.815143227577209473e-02 1.137962099164724350e-02 3.896254301071166992e-02 9.357535094022750854e-02 4.816837236285209656e-02 5.205020308494567871e-02 1.437859237194061279e-02 4.693152382969856262e-02 1.203262992203235626e-02 4.447153955698013306e-02 8.948951214551925659e-02 5.200853943824768066e-02 4.509266093373298645e-02 4.293546825647354126e-02 1.843237876892089844e-02 4.764123260974884033e-02 4.369732923805713654e-03 3.805275261402130127e-02 5.357718840241432190e-02 3.269289806485176086e-02 3.733530268073081970e-02 2.658159646671265364e-04 3.754254430532455444e-02 8.772981527727097273e-05 2.002984657883644104e-02 4.521138544077984989e-05 2.530799061059951782e-02 1.197474300861358643e-01 3.544092178344726562e-02 1.661566831171512604e-02 1.881878823041915894e-02 3.228676691651344299e-02 5.191275104880332947e-02 4.258716478943824768e-02 3.050974570214748383e-02 1.064156647771596909e-03 1.078811101615428925e-02 6.063331291079521179e-02 1.559823192656040192e-02 4.166778177022933960e-02 1.282633934170007706e-02 6.151304394006729126e-02 8.304300718009471893e-03 3.316592425107955933e-02 2.450123243033885956e-02 4.021069034934043884e-02
2.308911271393299103e-02 4.782682284712791443e-02 1.316901445388793945e-01 1.461280230432748795e-02 1.183436601422727108e-03 3.480559214949607849e-02 1.018934771418571472e-01 4.738705605268478394e-02 3.071345388889312744e-02 2.208642847836017609e-02 2.204007096588611603e-02 1.055986061692237854e-02 7.041396945714950562e-02 1.364266313612461090e-02 7.925419509410858154e-02 2.919562347233295441e-02 4.575676098465919495e-02 5.725634749978780746e-03 4.327446222305297852e-02 2.722422219812870026e-02 2.925533102825284004e-03 5.971855949610471725e-03 3.530798107385635376e-02 5.390378646552562714e-03 7.477182894945144653e-02 1.041221246123313904e-02 2.886998653411865234e-02 3.361525014042854309e-02 1.856699213385581970e-02 1.339778397232294083e-02 4.816514626145362854e-02 1.950868591666221619e-02 5.630140379071235657e-02 3.449954837560653687e-02 2.336709946393966675e-02 6.129951030015945435e-02 5.414374172687530518e-02 1.690383814275264740e-02 4.449842497706413269e-02 4.922435432672500610e-02 6.161116994917392731e-03 6.743989884853363037e-02 1.357674319297075272e-02 5.132762715220451355e-02 4.358296096324920654e-02 2.137228846549987793e-03 3.509537503123283386e-02 9.776142425835132599e-03 4.722720012068748474e-02 3.612093394622206688e-03 3.241674602031707764e-02 2.401015721261501312e-03 4.109803214669227600e-02 3.181729838252067566e-02 1.489044446498155594e-02 1.390275545418262482e-02 5.120267719030380249e-02 5.029244814068078995e-03 3.157451376318931580e-02 7.190783508121967316e-03 6.786885112524032593e-02 3.037174977362155914e-02 1.021271795034408569e-01 1.519272383302450180e-02 3.305626288056373596e-02 1.118024997413158417e-02 5.531330406665802002e-02 6.772880256175994873e-02 5.988038331270217896e-02 5.606882646679878235e-02 5.790057778358459473e-02 2.090806700289249420e-02 3.798739984631538391e-02 1.512801181524991989e-02 5.241549760103225708e-02 5.386356636881828308e-02 6.734457798302173615e-03 7.949561811983585358e-03 4.486893117427825928e-02 3.731465712189674377e-02 2.294336557388305664e-01 1.052084490656852722e-01 4.432191327214241028e-02 6.503143347799777985e-03 4.247479885816574097e-02 2.933193231001496315e-03 1.266418695449829102e-01 6.576688587665557861e-02 2.810023492202162743e-03 2.167196944355964661e-03 5.848408490419387817e-02 2.514623105525970459e-02 1.916106045246124268e-02 3.831370919942855835e-02 1.504067238420248032e-02 6.402023881673812866e-02 8.335908502340316772e-02 6.426301598548889160e-02 1.211708784103393555e-02 5.695782974362373352e-02 3.112938441336154938e-02 3.464138880372047424e-02 3.279117122292518616e-02 4.578638449311256409e-02 3.390365280210971832e-03 3.521996363997459412e-02 2.917066588997840881e-02 3.745950385928153992e-02 1.794936694204807281e-02 6.011459603905677795e-02 7.035691291093826294e-03 5.860689654946327209e-02 3.387295082211494446e-02 9.381220676004886627e-03 2.641202509403228760e-02 7.526783645153045654e-02
4.462788254022598267e-02 3.404191508889198303e-02 2.663163654506206512e-02 3.701189160346984863e-02 1.690209284424781799e-02 7.570653688162565231e-03 3.654324635863304138e-02 3.071345388889312744e-02 6.299605220556259155e-02 6.999178230762481689e-02 2.181594818830490112e-02 6.071682646870613098e-02 3.274504467844963074e-02 7.242099847644567490e-03 4.592674784362316132e-03 5.841697752475738525e-02 8.340827189385890961e-03 1.797150373458862305e-01 4.162036255002021790e-02 3.020966798067092896e-02 1.435292512178421021e-02 1.960469596087932587e-02 8.931685239076614380e-02 8.212395943701267242e-03 4.544782638549804688e-02 2.197742275893688202e-02 8.074571937322616577e-02 2.148060500621795654e-02 4.231884703040122986e-02 2.991899102926254272e-02 2.645850554108619690e-02 3.725235909223556519e-02 4.865954443812370300e-02 1.388403773307800293e-02 3.805089741945266724e-02 2.253731153905391693e-02 3.067276999354362488e-02 2.234742604196071625e-02 6.835068017244338989e-02 7.879392057657241821e-02 2.345779538154602051e-02 9.400208480656147003e-03 4.298084415495395660e-03 3.936158120632171631e-02 3.635333850979804993e-02 8.553665876388549805e-02 2.988498099148273468e-02 1.550965290516614914e-02 9.165862202644348145e-02 2.695452235639095306e-02 1.416281424462795258e-02 3.780654445290565491e-02 3.102627955377101898e-02 5.608728155493736267e-02 7.608465105295181274e-02 4.773516580462455750e-02 1.071293130517005920e-01 1.648034900426864624e-02 1.456544268876314163e-02 3.337623924016952515e-02 3.379189595580101013e-02 5.460541322827339172e-02 5.073370039463043213e-02 1.946365833282470703e-02 4.872511327266693115e-02 2.210751734673976898e-02 2.239712281152606010e-03 1.371549442410469055e-02 4.820754751563072205e-02 4.558027908205986023e-02 4.775915760546922684e-03 1.380469091236591339e-02 3.522994369268417358e-02 6.739822030067443848e-02 1.078781858086585999e-01 3.937429562211036682e-02 1.197699680924415588e-01 7.404077053070068359e-02 1.297497749328613281e-01 6.884106993675231934e-02 4.745209962129592896e-02 3.810463845729827881e-02 2.350226603448390961e-02 6.099226698279380798e-02 7.048727013170719147e-03 1.142694614827632904e-02 4.705052077770233154e-02 2.764945290982723236e-02 7.283109426498413086e-02 5.022170767188072205e-02 1.168029848486185074e-02 2.100976556539535522e-02 3.301484137773513794e-02 5.592912784777581692e-04 9.926415979862213135e-03 5.449535790830850601e-03 4.977988451719284058e-02 3.494400903582572937e-02 6.074374169111251831e-02 2.047439478337764740e-02 1.629055477678775787e-02 3.015331365168094635e-02 9.559698402881622314e-03 5.842543020844459534e-02 5.658024922013282776e-02 4.541800171136856079e-02 4.533662647008895874e-02 8.612251281738281250e-02 1.468004658818244934e-02 3.512996062636375427e-02 1.980608329176902771e-02 9.281221427954733372e-04 4.093927517533302307e-02 1.461445353925228119e-03 3.639469295740127563e-02 7.161830365657806396e-02
1.254321038722991943e-01 5.938450619578361511e-02 3.989278525114059448e-02 6.036528199911117554e-02 4.582167603075504303e-03 1.686222478747367859e-02 2.966520376503467560e-02 2.208642847836017609e-02 6.999178230762481689e-02 4.907261952757835388e-02 7.960516959428787231e-03 6.861622631549835205e-02 5.737383291125297546e-02 6.582418084144592285e-02 1.262857299298048019e-02 3.153952583670616150e-02 2.405361272394657135e-02 1.059128786437213421e-03 9.454218298196792603e-02 2.622782625257968903e-02 3.635135665535926819e-02 9.965656325221061707e-03 9.625244885683059692e-02 1.101705208420753479e-01 7.530978322029113770e-02 5.198466777801513672e-02 7.135292515158653259e-03 4.543195292353630066e-02 1.283673755824565887e-02 2.748831734061241150e-02 2.769310260191559792e-03 1.204794086515903473e-02 3.857104852795600891e-02 1.974346861243247986e-02 1.344722695648670197e-02 4.649250209331512451e-02 6.418019533157348633e-02 6.520227342844009399e-02 2.147166803479194641e-02 9.274093806743621826e-02 1.369421090930700302e-02 2.932928688824176788e-02 1.190118025988340378e-02 4.308858141303062439e-02 5.495993793010711670e-02 6.670810282230377197e-02 3.298178687691688538e-02 3.385763615369796753e-02 5.710743367671966553e-02 1.414189636707305908e-01 4.271610826253890991e-02 6.533537991344928741e-03 8.926341682672500610e-02 5.087458342313766479e-02 3.453823179006576538e-02 1.428312510251998901e-01 1.720688119530677795e-02 3.430422628298401833e-03 2.344760857522487640e-02 7.011231780052185059e-02 1.860052719712257385e-02 5.359355732798576355e-02 5.946868658065795898e-02 5.540618672966957092e-02 3.251512348651885986e-02 6.189416348934173584e-02 3.462493419647216797e-02 1.559774205088615417e-02 2.013666741549968719e-02 4.298008233308792114e-02 6.982504576444625854e-02 1.665524579584598541e-02 9.450041502714157104e-02 4.571653902530670166e-02 1.993560045957565308e-02 7.355753332376480103e-02 6.594144552946090698e-02 8.903595060110092163e-02 6.600599735975265503e-02 1.440272927284240723e-01 4.825352504849433899e-02 3.705310449004173279e-02 1.772356219589710236e-02 4.524285346269607544e-02 5.535550415515899658e-02 1.021748036146163940e-01 5.105017870664596558e-02 3.172975033521652222e-02 5.169212073087692261e-02 6.773860007524490356e-02 3.711892524734139442e-03 6.545258685946464539e-03 1.108888350427150726e-02 6.077722460031509399e-02 6.192967295646667480e-03 2.722921967506408691e-02 1.266337558627128601e-02 5.331590399146080017e-02 3.773548826575279236e-02 1.862193830311298370e-02 3.077852912247180939e-02 3.940143622457981110e-03 1.939133368432521820e-02 5.673960223793983459e-02 4.112420603632926941e-02 5.910301581025123596e-02 2.404921501874923706e-02 3.568363934755325317e-02 1.433052588254213333e-02 2.156583964824676514e-02 3.125863522291183472e-02 2.566571161150932312e-02 1.783982850611209869e-03 4.997022077441215515e-02 2.070719003677368164e-02 2.132918313145637512e-02
1.449146717786788940e-01 1.183713749051094055e-01 5.387501046061515808e-02 7.116638123989105225e-02 1.717961765825748444e-02 1.016413718461990356e-01 1.230783313512802124e-01 2.204007096588611603e-02 2.181594818830490112e-02 7.960516959428787231e-03 1.015346683561801910e-02 5.097173154354095459e-02 1.168081536889076233e-01 3.281058371067047119e-02 8.397644385695457458e-03 1.156983152031898499e-02 2.040362916886806488e-02 6.099072471261024475e-02 9.906480088829994202e-03 1.618007197976112366e-03 3.261441737413406372e-02 5.499348044395446777e-02 1.478303689509630203e-02 5.230383574962615967e-02 5.877497419714927673e-02 5.168846994638442993e-02 1.199235860258340836e-02 2.508508972823619843e-02 3.533731773495674133e-02 1.090342458337545395e-02 6.207569967955350876e-03 3.884313628077507019e-02 3.303027525544166565e-02 7.162828743457794189e-02 1.582115702331066132e-02 5.541202053427696228e-02 4.018464311957359314e-02 2.848067507147789001e-02 3.725227434188127518e-03 3.526984900236129761e-02 1.148472074419260025e-02 2.219588309526443481e-02 2.304301224648952484e-02 9.018978476524353027e-02 1.018482958897948265e-03 9.192612022161483765e-02 3.016416542232036591e-02 8.036649972200393677e-02 3.760616853833198547e-02 2.392306365072727203e-02 5.860627628862857819e-03 1.045544911175966263e-02 4.507638514041900635e-02 9.686616808176040649e-02 3.900108858942985535e-02 2.297267690300941467e-02 5.443635955452919006e-02 4.205648973584175110e-02 1.778462901711463928e-02 2.608792483806610107e-02 1.152599323540925980e-02 1.210732199251651764e-02 2.844924852252006531e-02 7.118521258234977722e-03 6.847847998142242432e-02 6.210325658321380615e-02 2.972458116710186005e-02 3.157317265868186951e-02 4.129074886441230774e-02 1.152537986636161804e-01 6.405059713870286942e-03 7.896659523248672485e-02 7.087079342454671860e-03 7.390334270894527435e-03 2.775934152305126190e-02 5.392946302890777588e-02 5.574765801429748535e-02 3.403469920158386230e-02 1.805524528026580811e-02 5.948923155665397644e-02 6.575242616236209869e-03 3.779030963778495789e-02 1.160044688731431961e-02 3.312124311923980713e-02 8.434755355119705200e-02 3.613382950425148010e-02 4.129282757639884949e-02 2.538435719907283783e-02 1.220543310046195984e-02 4.507924988865852356e-02 7.007791846990585327e-02 6.562409549951553345e-02 4.891215264797210693e-02 7.269487529993057251e-02 5.863984115421772003e-03 6.947644799947738647e-02 5.519270896911621094e-02 7.581130415201187134e-02 3.541350737214088440e-02 2.509847842156887054e-02 1.532149501144886017e-02 1.070158835500478745e-02 6.346635520458221436e-02 7.711587101221084595e-02 4.771843552589416504e-02 9.752127341926097870e-03 6.147195026278495789e-02 8.854522556066513062e-02 3.884692490100860596e-02 4.847474023699760437e-02 5.108222365379333496e-02 5.966555699706077576e-02 4.503450181800872087e-04 4.966226220130920410e-02 2.209879085421562195e-02 2.787097729742527008e-02
1.153433509171009064e-02 3.745625913143157959e-02 1.754563860595226288e-02 5.914140865206718445e-02 9.950210154056549072e-02 5.247241258621215820e-02 2.923817560076713562e-02 1.055986061692237854e-02 6.071682646870613098e-02 6.861622631549835205e-02 5.097173154354095459e-02 6.671389192342758179e-02 2.164439857006072998e-02 1.823660880327224731e-01 8.383931219577789307e-02 3.382881730794906616e-02 2.887474372982978821e-02 1.091667562723159790e-01 4.793908074498176575e-02 3.523637726902961731e-02 2.407153509557247162e-02 1.195808220654726028e-02 1.256969273090362549e-01 9.501407295465469360e-02 5.597971752285957336e-02 1.119887805543839931e-03 2.378942258656024933e-02 1.904649585485458374e-01 7.430806010961532593e-02 1.468736827373504639e-01 6.426550447940826416e-02 1.316193677484989166e-02 2.974087931215763092e-02 1.715626008808612823e-02 2.330868970602750778e-03 7.445505261421203613e-02 7.579870522022247314e-02 1.330123189836740494e-02 4.528717696666717529e-02 6.716862320899963379e-02 8.674223907291889191e-03 2.015001885592937469e-02 2.105746418237686157e-02 3.164450451731681824e-02 1.158171612769365311e-02 4.278295859694480896e-02 8.056492544710636139e-03 1.192900817841291428e-02 3.833129256963729858e-02 1.242424640804529190e-02 3.828036412596702576e-02 3.175273910164833069e-02 1.564247906208038330e-02 3.166417032480239868e-02 2.672900632023811340e-02 5.228090658783912659e-02 3.217563405632972717e-02 6.477302312850952148e-02 5.773237440735101700e-03 4.872793704271316528e-02 5.323091149330139160e-02 5.916147306561470032e-02 8.465435355901718140e-03 5.203384160995483398e-02 5.125717446208000183e-02 1.331194583326578140e-02 6.434908509254455566e-02 2.041541412472724915e-02 2.069261297583580017e-02 5.488932505249977112e-02 4.559622332453727722e-02 1.274799462407827377e-02 1.599553972482681274e-02 6.323144305497407913e-03 3.041760250926017761e-02 6.488005816936492920e-02 6.590790580958127975e-03 2.001860551536083221e-02 4.170659929513931274e-03 7.301539927721023560e-02 5.470012314617633820e-03 3.403186425566673279e-02 3.294784948229789734e-02 4.357578232884407043e-02 3.027099929749965668e-02 3.863311558961868286e-02 3.019547276198863983e-02 5.511231347918510437e-02 4.069164767861366272e-02 1.136883534491062164e-02 9.957923740148544312e-02 2.887484058737754822e-02 6.787968426942825317e-02 2.217913791537284851e-02 5.344007909297943115e-02 2.880377508699893951e-02 3.525235876441001892e-02 3.370210900902748108e-02 3.944575041532516479e-02 4.819932207465171814e-02 5.247103795409202576e-02 5.187133699655532837e-02 2.265642024576663971e-02 8.446441590785980225e-02 8.176738768815994263e-02 1.362762600183486938e-02 7.488711737096309662e-03 3.232636302709579468e-02 1.485115848481655121e-02 5.888351798057556152e-02 2.879039850085973740e-03 2.160174213349819183e-02 6.051014736294746399e-02 4.881941899657249451e-02 4.795458540320396423e-02 6.165540218353271484e-02
3.728936612606048584e-02 4.270884394645690918e-02 4.286595806479454041e-02 2.290075877681374550e-03 3.983629494905471802e-02 1.490628696046769619e-03 6.979654729366302490e-02 7.041396945714950562e-02 3.274504467844963074e-02 5.737383291125297546e-02 1.168081536889076233e-01 2.164439857006072998e-02 3.679870069026947021e-02 4.312628507614135742e-02 1.418768148869276047e-02 3.148423880338668823e-02 1.546105835586786270e-02 2.669345028698444366e-02 9.240392595529556274e-02 1.537550357170403004e-03 3.130139037966728210e-02 6.170018017292022705e-02 2.394944056868553162e-02 5.494104232639074326e-03 1.578201423399150372e-03 4.299330525100231171e-03 2.595180831849575043e-02 4.420740529894828796e-02 4.491275921463966370e-02 4.853754863142967224e-02 9.668160229921340942e-02 2.117535658180713654e-02 2.128731273114681244e-02 5.003506690263748169e-02 3.720541298389434814e-02 5.154181644320487976e-02 1.480838865973055363e-03 8.360424637794494629e-02 3.121280297636985779e-02 2.170254476368427277e-02 6.315076351165771484e-02 1.756024546921253204e-02 1.854117377661168575e-03 2.583837322890758514e-02 7.286031730473041534e-03 8.693305402994155884e-02 4.219592362642288208e-02 3.429992124438285828e-02 4.629011824727058411e-02 2.130817063152790070e-02 2.985696494579315186e-02 4.553097859025001526e-02 3.261011838912963867e-02 4.907599836587905884e-02 3.983761370182037354e-02 1.528526004403829575e-02 2.046832256019115448e-02 2.008216688409447670e-03 1.844912953674793243e-02 6.501174066215753555e-03 5.965504050254821777e-02 9.699171409010887146e-03 5.479014664888381958e-02 1.664584036916494370e-03 2.686178870499134064e-02 1.017406284809112549e-01 4.024660214781761169e-02 2.458986267447471619e-02 8.195875212550163269e-03 2.970899082720279694e-02 1.655418425798416138e-02 9.030444920063018799e-02 4.525110498070716858e-02 7.062454521656036377e-02 4.291898757219314575e-02 1.974697597324848175e-02 2.776622027158737183e-02 5.286971852183341980e-02 5.490427091717720032e-02 1.495014578104019165e-01 6.162118539214134216e-02 4.734298959374427795e-02 3.051852341741323471e-03 2.243278548121452332e-02 7.324458658695220947e-02 2.154934220016002655e-02 6.978459656238555908e-03 3.544203191995620728e-02 2.503302320837974548e-02 1.546526607125997543e-02 6.858713924884796143e-02 2.036122605204582214e-02 8.804743736982345581e-02 7.894039899110794067e-02 6.130250543355941772e-02 2.028946392238140106e-02 4.410999640822410583e-02 8.720942772924900055e-03 1.033190079033374786e-02 2.270879037678241730e-02 4.316234216094017029e-02 1.949452795088291168e-02 5.221973638981580734e-03 3.171591460704803467e-02 2.385485917329788208e-02 1.950513757765293121e-02 4.402261227369308472e-03 6.777186691761016846e-02 2.705119783058762550e-03 7.802575081586837769e-02 2.070561982691287994e-02 9.353327751159667969e-02 3.137769177556037903e-02 3.780973330140113831e-02 1.511179096996784210e-02 1.869009248912334442e-02
