6.138080731034278870e-02 1.687285900115966797e-01 3.564731404185295105e-02 4.848049487918615341e-03 5.046960711479187012e-02 1.493303030729293823e-01 6.447737663984298706e-02 8.884272538125514984e-03 8.874331600964069366e-03 3.596897795796394348e-02 1.562082469463348389e-01 4.568282142281532288e-02 6.376054883003234863e-02 2.639243379235267639e-02 7.558980584144592285e-02 3.679201751947402954e-02 1.821381039917469025e-03 2.729712054133415222e-02 3.309302404522895813e-02 3.116505406796932220e-02 6.113213021308183670e-03 1.110428851097822189e-02 2.536110021173954010e-02 2.052706666290760040e-02 8.059597574174404144e-03 9.035103954374790192e-03 6.247553508728742599e-03 6.494472920894622803e-02 6.573568284511566162e-02 9.042391553521156311e-03 2.720304764807224274e-02 3.473512455821037292e-02 5.295079667121171951e-03 1.744172908365726471e-02 8.596112020313739777e-03 4.643885418772697449e-02 6.834372878074645996e-03 1.599698513746261597e-02 1.499629113823175430e-02 6.691725552082061768e-02 2.297242870554327965e-03 7.599280681461095810e-03 1.897270046174526215e-02 5.752317979931831360e-02 4.795810580253601074e-02 2.474066242575645447e-02 1.284044384956359863e-01 3.090880252420902252e-02 3.959244862198829651e-02 2.135709673166275024e-02 1.162078697234392166e-02 9.150468940788414329e-06 4.816509410738945007e-02 2.959332661703228951e-03 2.441751956939697266e-02 2.107744477689266205e-02 2.219930849969387054e-02 8.030214346945285797e-03 4.455727338790893555e-02 5.197585374116897583e-02 2.877578139305114746e-02 9.432827122509479523e-03 2.014642208814620972e-02 5.991228297352790833e-02 5.535138025879859924e-02 2.377883344888687134e-02 1.076799724251031876e-02 8.741593919694423676e-03 2.867023646831512451e-02 5.674008745700120926e-03 2.675714530050754547e-02 2.737602777779102325e-02 1.942217908799648285e-02 1.641234010457992554e-02 2.916529960930347443e-02 2.795599773526191711e-02 3.545386716723442078e-02 1.858106069266796112e-02 4.856134951114654541e-02 4.842808470129966736e-02 5.946891847997903824e-03 1.265024952590465546e-02 3.740306571125984192e-02 1.851901225745677948e-02 1.221955940127372742e-02 1.396835874766111374e-02 4.746865108609199524e-02 5.027025938034057617e-02 1.052876748144626617e-02 5.445687845349311829e-02 2.145523019134998322e-02 1.786514371633529663e-02 6.775268167257308960e-02 8.074133656919002533e-03 6.684342026710510254e-02 1.851691864430904388e-02 2.426510304212570190e-02 2.247785404324531555e-02 9.140979498624801636e-03 1.984149776399135590e-02 3.303064778447151184e-02 2.624350786209106445e-02 1.380516123026609421e-02 1.750533282756805420e-02 3.454893594607710838e-04 2.567572705447673798e-02 2.722240611910820007e-02 2.384559251368045807e-02 3.283036639913916588e-03 1.868288847617805004e-03 2.493786998093128204e-02 3.365501388907432556e-02 2.416113205254077911e-02 2.168940193951129913e-02 3.866061940789222717e-02 2.942699752748012543e-02
1.687285900115966797e-01 7.720800489187240601e-02 1.577581837773323059e-02 2.487355086486786604e-04 5.819844081997871399e-02 1.280856132507324219e-01 1.898565888404846191e-01 1.645707152783870697e-02 1.528084091842174530e-02 2.263623476028442383e-02 4.689574986696243286e-02 1.687506586313247681e-02 9.218759834766387939e-02 8.282557129859924316e-03 6.600315868854522705e-02 6.266517937183380127e-02 1.109074801206588745e-02 4.141506552696228027e-02 2.132236026227474213e-02 2.148802205920219421e-02 2.647794596850872040e-02 2.588444016873836517e-02 4.045705869793891907e-02 3.945875167846679688e-02 1.398851349949836731e-02 5.558469332754611969e-03 1.949006877839565277e-02 4.912539198994636536e-02 1.642812043428421021e-02 7.091196626424789429e-02 4.471951350569725037e-02 1.043704431504011154e-02 2.583626098930835724e-02 3.076386637985706329e-02 3.340749815106391907e-02 5.662923678755760193e-02 1.961407624185085297e-02 6.934171542525291443e-03 2.761758491396903992e-02 5.664765462279319763e-02 1.895512454211711884e-02 2.072038687765598297e-02 1.290385145694017410e-02 1.248481571674346924e-01 4.661728814244270325e-02 6.887052953243255615e-02 8.131857961416244507e-02 1.499685496091842651e-01 6.653459370136260986e-02 1.152987182140350342e-01 1.974502764642238617e-02 5.775145255029201508e-03 5.282602086663246155e-02 2.223082259297370911e-02 5.099461413919925690e-04 2.060938999056816101e-02 2.297537960112094879e-02 4.327437281608581543e-02 2.021225169301033020e-02 1.625848188996315002e-02 1.267721597105264664e-02 3.329022601246833801e-02 5.244477838277816772e-02 8.460660278797149658e-02 2.710987441241741180e-02 5.108612030744552612e-02 2.247522585093975067e-02 1.522152591496706009e-02 4.832374677062034607e-02 1.525561790913343430e-03 2.613227989058941603e-04 2.307088673114776611e-02 6.984670646488666534e-03 1.072061713784933090e-02 1.994404010474681854e-02 4.555743560194969177e-02 4.959413036704063416e-02 4.591878131031990051e-02 5.647801607847213745e-02 1.077944692224264145e-02 3.113236278295516968e-02 1.768034696578979492e-02 4.748177528381347656e-02 2.942955493927001953e-02 1.440209709107875824e-02 1.427580509334802628e-02 1.382241491228342056e-02 4.821942746639251709e-02 1.338750123977661133e-02 3.700944827869534492e-03 2.955371141433715820e-02 5.545437335968017578e-03 2.286718040704727173e-02 1.254343241453170776e-02 6.147557497024536133e-02 3.263214603066444397e-02 1.201150193810462952e-02 1.749358139932155609e-02 1.140366308391094208e-02 8.241643663495779037e-04 1.270252466201782227e-02 3.558038920164108276e-02 2.254077419638633728e-02 2.040332742035388947e-02 3.146249428391456604e-02 8.917109109461307526e-03 1.205815188586711884e-02 5.327500030398368835e-02 1.659379526972770691e-02 2.271600998938083649e-02 1.548198424279689789e-02 8.225783705711364746e-03 1.522133965045213699e-02 2.053106576204299927e-02 4.667106270790100098e-02 1.850439049303531647e-02
3.564731404185295105e-02 1.577581837773323059e-02 1.758105307817459106e-02 9.307060390710830688e-02 2.137127891182899475e-02 7.011593878269195557e-02 2.440785057842731476e-02 1.393762379884719849e-01 2.157839015126228333e-02 4.157177731394767761e-02 3.590262308716773987e-02 5.789203196763992310e-02 3.693528473377227783e-02 7.235635817050933838e-02 9.424759075045585632e-03 2.665633149445056915e-02 3.245875239372253418e-02 2.767780050635337830e-02 7.075837813317775726e-03 3.717083483934402466e-02 5.311749130487442017e-02 1.500537898391485214e-02 7.598817348480224609e-02 2.639279328286647797e-02 3.506429120898246765e-02 2.810332551598548889e-02 4.250433295965194702e-02 2.210538461804389954e-02 2.215766347944736481e-02 7.134560495615005493e-03 3.655681386590003967e-02 9.762761741876602173e-02 7.267179898917675018e-03 7.446498423814773560e-02 5.774183571338653564e-02 2.011172845959663391e-02 4.276700317859649658e-03 1.770478114485740662e-02 2.425503544509410858e-02 4.108142852783203125e-02 7.504382729530334473e-02 1.098547969013452530e-02 1.131464727222919464e-02 1.488900184631347656e-01 5.078339576721191406e-02 4.889266192913055420e-02 3.010058961808681488e-02 1.567609142512083054e-03 3.595480322837829590e-02 9.742665104568004608e-03 4.325799271464347839e-02 1.835218816995620728e-02 2.085890248417854309e-02 6.946101784706115723e-02 3.470396623015403748e-02 3.846283257007598877e-02 1.206660494208335876e-01 3.834455087780952454e-02 3.369936719536781311e-02 2.783473022282123566e-02 7.884577848017215729e-03 3.426244109869003296e-02 4.961641132831573486e-02 4.991473257541656494e-02 3.354208602104336023e-04 1.473470684140920639e-02 5.075082182884216309e-02 9.190557524561882019e-03 1.224368903785943985e-02 1.164273452013731003e-02 3.779936209321022034e-02 5.346301943063735962e-02 1.661481522023677826e-02 6.632832437753677368e-02 2.827168442308902740e-03 3.053392842411994934e-02 1.759039424359798431e-02 3.341059759259223938e-02 2.682760916650295258e-02 4.993173852562904358e-02 1.329219788312911987e-01 3.634864464402198792e-02 5.748629197478294373e-02 3.535758331418037415e-02 3.150303661823272705e-02 1.227634865790605545e-02 2.653054334223270416e-02 2.313227392733097076e-02 2.281057648360729218e-03 1.362657081335783005e-02 4.899215325713157654e-02 1.932196668349206448e-03 2.831755205988883972e-02 5.921876290813088417e-04 7.538630813360214233e-02 1.915482617914676666e-02 2.565699443221092224e-02 3.165083751082420349e-02 9.235798381268978119e-03 1.768262498080730438e-02 6.629622727632522583e-02 1.837572344811633229e-04 1.340809557586908340e-02 4.068334586918354034e-03 5.413770303130149841e-02 8.641204982995986938e-02 4.643862694501876831e-02 7.090929895639419556e-02 8.000203967094421387e-02 2.254993654787540436e-02 4.443901777267456055e-02 1.522615645080804825e-02 6.427463889122009277e-02 4.482378438115119934e-02 1.601967588067054749e-02 5.665121600031852722e-02
4.848049487918615341e-03 2.487355086486786604e-04 9.307060390710830688e-02 7.005793508142232895e-03 2.569841742515563965e-01 4.560132697224617004e-02 3.525368869304656982e-02 2.037666551768779755e-02 3.057303652167320251e-02 2.763897739350795746e-02 7.843656837940216064e-02 6.166920810937881470e-02 3.277518972754478455e-02 1.540563907474279404e-02 2.743842080235481262e-02 4.327746853232383728e-02 1.696315594017505646e-02 1.593275554478168488e-02 7.117514312267303467e-02 2.249717153608798981e-02 7.368790358304977417e-02 8.838141337037086487e-03 4.065366461873054504e-02 2.375354990363121033e-02 8.140159398317337036e-02 4.405769333243370056e-02 5.807412788271903992e-02 4.269087687134742737e-02 2.616708539426326752e-02 7.392920553684234619e-02 3.381086513400077820e-02 1.624598540365695953e-02 2.156331203877925873e-02 2.990783751010894775e-02 9.325318783521652222e-02 7.647037040442228317e-03 1.337633468210697174e-02 4.088824149221181870e-03 3.715749364346265793e-03 2.698223292827606201e-02 2.855387330055236816e-02 2.827139385044574738e-02 4.580947384238243103e-02 1.742280833423137665e-02 1.542382128536701202e-02 3.975282609462738037e-02 4.837152361869812012e-02 3.852963820099830627e-02 4.177176393568515778e-03 3.877109289169311523e-02 4.372262954711914062e-02 2.471062168478965759e-02 2.217984944581985474e-02 5.307944864034652710e-02 1.390195935964584351e-01 4.177226498723030090e-02 1.086655855178833008e-01 2.065789187327027321e-03 5.283849313855171204e-02 1.059271488338708878e-02 8.622223138809204102e-02 2.466665208339691162e-02 3.516559302806854248e-02 3.890703245997428894e-02 2.437111921608448029e-02 2.308318205177783966e-02 6.472076289355754852e-03 5.301889497786760330e-03 7.433721423149108887e-02 8.440581709146499634e-02 2.095942618325352669e-03 1.591437309980392456e-02 6.411869078874588013e-02 6.381487846374511719e-02 1.035441830754280090e-02 4.124909266829490662e-02 3.215372934937477112e-02 2.107708714902400970e-02 4.479572176933288574e-02 3.421482630074024200e-03 5.423717945814132690e-02 2.639157697558403015e-02 7.538058608770370483e-02 1.507066935300827026e-01 2.249396406114101410e-02 1.460029277950525284e-02 3.252545744180679321e-02 3.725467994809150696e-02 6.671924889087677002e-02 8.137762546539306641e-02 2.599903009831905365e-02 3.161929175257682800e-02 2.144409902393817902e-02 5.122996866703033447e-02 5.369231104850769043e-02 4.596842080354690552e-02 8.564448356628417969e-02 5.336801335215568542e-02 4.954961314797401428e-02 5.100201815366744995e-03 6.315344572067260742e-02 3.771021962165832520e-02 2.687897719442844391e-02 9.525709785521030426e-03 4.388934373855590820e-02 4.730464890599250793e-02 4.483939334750175476e-02 1.045763790607452393e-01 5.440153926610946655e-02 1.052472591400146484e-01 4.881736263632774353e-02 3.242876008152961731e-02 4.585477337241172791e-02 3.347685560584068298e-02 1.544738281518220901e-02 6.839765701442956924e-03
5.046960711479187012e-02 5.819844081997871399e-02 2.137127891182899475e-02 2.569841742515563965e-01 3.660584241151809692e-02 2.836648002266883850e-02 7.386259734630584717e-03 2.836509793996810913e-02 3.743260353803634644e-02 3.463723883032798767e-02 5.251781269907951355e-02 6.986831873655319214e-02 2.197672426700592041e-02 3.822432458400726318e-02 5.001020431518554688e-02 4.766086116433143616e-02 1.636702939867973328e-02 3.463177476078271866e-03 1.117261871695518494e-02 3.074773214757442474e-02 2.176591753959655762e-02 2.831310033798217773e-02 2.982809208333492279e-02 5.406414344906806946e-02 3.555997461080551147e-02 3.406199812889099121e-02 4.454544559121131897e-02 5.968859791755676270e-02 1.985016511753201485e-03 4.823723062872886658e-02 1.174943242222070694e-02 2.681520022451877594e-02 5.370997637510299683e-02 2.006537839770317078e-02 7.637111842632293701e-02 2.724645845592021942e-02 4.468058049678802490e-02 7.913479581475257874e-03 3.048164211213588715e-02 1.939799264073371887e-02 5.346428975462913513e-02 2.504368312656879425e-02 7.429489865899085999e-03 2.503578178584575653e-02 2.265772409737110138e-02 2.912926860153675079e-02 9.260557591915130615e-03 3.502402827143669128e-02 2.498346008360385895e-02 3.301200643181800842e-02 1.009961683303117752e-02 1.272944267839193344e-02 3.140883892774581909e-02 4.522974789142608643e-02 6.462610792368650436e-03 1.091175433248281479e-02 6.196691095829010010e-02 6.664355844259262085e-02 5.845576152205467224e-02 1.499172416515648365e-03 7.269966602325439453e-02 3.643133491277694702e-02 9.153214283287525177e-03 3.460185974836349487e-02 3.241556510329246521e-02 3.201218554750084877e-03 2.247170358896255493e-02 5.045887082815170288e-02 1.297505665570497513e-02 5.146382749080657959e-02 1.022633239626884460e-01 5.592026934027671814e-02 9.897815436124801636e-02 1.479280274361371994e-02 1.892288029193878174e-01 1.424111891537904739e-02 2.935999631881713867e-02 2.689539827406406403e-02 3.969893231987953186e-02 2.505418099462985992e-02 5.988480523228645325e-03 8.581595495343208313e-03 1.895609870553016663e-02 1.488752812147140503e-01 1.890035159885883331e-02 2.876293286681175232e-02 1.633027940988540649e-02 2.102414704859256744e-02 2.088331244885921478e-02 1.316042393445968628e-01 1.510330010205507278e-02 4.727544263005256653e-02 4.789545014500617981e-02 5.065837875008583069e-02 2.615991048514842987e-03 5.730034410953521729e-02 1.071984246373176575e-01 2.999915555119514465e-02 5.675452295690774918e-03 2.397765778005123138e-02 2.777887880802154541e-02 1.974108070135116577e-02 6.171274557709693909e-02 5.476018786430358887e-02 4.854683205485343933e-02 1.687504164874553680e-02 4.808899946510791779e-03 1.362740900367498398e-02 2.197333425283432007e-02 3.604486584663391113e-02 1.591794937849044800e-02 1.715379580855369568e-02 2.572114951908588409e-02 2.314105443656444550e-02 4.265594296157360077e-03 3.629893437027931213e-02
1.493303030729293823e-01 1.280856132507324219e-01 7.011593878269195557e-02 4.560132697224617004e-02 2.836648002266883850e-02 7.241129130125045776e-02 1.653234064579010010e-01 2.051821909844875336e-02 2.633923431858420372e-03 1.343880314379930496e-02 5.903939157724380493e-02 1.704046130180358887e-02 1.678050030022859573e-03 1.777006871998310089e-02 1.117679663002490997e-02 5.477763246744871140e-03 2.224490791559219360e-02 3.903430700302124023e-02 7.033493369817733765e-02 3.989632055163383484e-02 1.058467850089073181e-02 3.157704323530197144e-02 2.046778239309787750e-02 1.122742891311645508e-03 3.883379977196455002e-03 1.192317716777324677e-02 4.462144151329994202e-02 3.758330270648002625e-02 1.049927249550819397e-02 2.337850816547870636e-02 2.222385071218013763e-02 3.974708914756774902e-02 3.356838133186101913e-03 2.908197976648807526e-02 2.088395506143569946e-02 1.521451957523822784e-02 1.955772377550601959e-02 1.936307363212108612e-02 2.439344488084316254e-02 1.962862722575664520e-02 3.256217762827873230e-02 6.972452998161315918e-02 2.583618462085723877e-02 4.390258342027664185e-02 2.680920995771884918e-03 1.493473257869482040e-02 2.102994769811630249e-01 6.971187889575958252e-02 4.764682054519653320e-02 3.336620330810546875e-02 2.096467651426792145e-02 2.406617440283298492e-02 3.003742359578609467e-02 3.410832956433296204e-02 2.739757485687732697e-02 3.161723911762237549e-02 3.748235478997230530e-02 2.306188456714153290e-02 3.853002854157239199e-04 1.661898754537105560e-02 4.181866534054279327e-03 5.494032800197601318e-02 1.167030446231365204e-02 5.689899623394012451e-02 4.412988573312759399e-02 6.489645456895232201e-04 3.198387473821640015e-02 2.212896943092346191e-02 3.685835003852844238e-02 7.875948358559980989e-05 8.932724595069885254e-04 5.568506196141242981e-02 3.640729933977127075e-02 1.483649015426635742e-02 1.614416576921939850e-02 3.084145719185471535e-03 2.865261211991310120e-02 4.498567432165145874e-02 3.859251737594604492e-03 9.230867959558963776e-03 2.015430852770805359e-02 9.464396163821220398e-03 3.419729694724082947e-02 1.501145120710134506e-02 4.487169440835714340e-03 3.291676566004753113e-02 2.844667993485927582e-02 3.249503672122955322e-02 4.590987786650657654e-02 3.765825182199478149e-02 7.420865353196859360e-03 2.887607552111148834e-02 5.169470608234405518e-02 5.272877216339111328e-02 4.284175857901573181e-02 2.374619804322719574e-02 3.460342064499855042e-02 1.777780824340879917e-03 1.088335830718278885e-02 2.945483662188053131e-02 1.924564014188945293e-03 3.374654054641723633e-02 2.781199105083942413e-02 1.956037245690822601e-02 8.556409925222396851e-02 4.030891694128513336e-03 2.164262719452381134e-02 2.304164506494998932e-02 3.096581064164638519e-02 3.115901909768581390e-02 3.670528531074523926e-02 3.051405400037765503e-02 3.414871869608759880e-03 3.124295361340045929e-02 7.285607978701591492e-03 3.474295884370803833e-02
6.447737663984298706e-02 1.898565888404846191e-01 2.440785057842731476e-02 3.525368869304656982e-02 7.386259734630584717e-03 1.653234064579010010e-01 7.472883164882659912e-02 6.366576999425888062e-03 1.060263253748416901e-02 2.003636583685874939e-02 1.145954430103302002e-02 2.229628711938858032e-02 4.483710229396820068e-02 1.900031790137290955e-02 1.072998810559511185e-02 3.672194434329867363e-03 2.588398568332195282e-02 1.534276735037565231e-02 1.147848460823297501e-02 1.651175506412982941e-02 2.659575268626213074e-02 1.124839019030332565e-02 2.034793235361576080e-02 4.300250858068466187e-02 5.195274483412504196e-03 1.233088690787553787e-02 4.414035752415657043e-02 1.379728224128484726e-02 3.828016668558120728e-02 9.324570186436176300e-03 2.562563866376876831e-02 2.214245498180389404e-02 2.007815428078174591e-02 6.037503015249967575e-03 5.634152889251708984e-02 4.940232634544372559e-02 2.061173692345619202e-02 2.279004314914345741e-03 4.231888800859451294e-02 2.675784565508365631e-02 2.205607853829860687e-02 6.467572599649429321e-02 8.069400675594806671e-03 6.057429686188697815e-02 1.020232122391462326e-02 7.106030732393264771e-02 1.435458064079284668e-01 2.050104737281799316e-01 6.846726685762405396e-02 2.619966492056846619e-02 1.620267331600189209e-02 5.757511779665946960e-02 2.962882630527019501e-02 9.550068527460098267e-03 1.898925565183162689e-02 3.851140663027763367e-02 4.549762234091758728e-02 1.833158172667026520e-02 8.036898216232657433e-04 2.674638852477073669e-02 1.180472038686275482e-02 2.298424579203128815e-02 1.028709346428513527e-03 6.489577889442443848e-02 2.054361067712306976e-02 5.336231365799903870e-02 2.285350579768419266e-03 3.039241535589098930e-03 2.000469528138637543e-02 9.321150369942188263e-03 1.327119395136833191e-02 1.399919390678405762e-02 8.867459371685981750e-03 2.808891003951430321e-03 5.288589280098676682e-03 1.869770511984825134e-02 1.248637866228818893e-02 4.164851270616054535e-03 2.081258781254291534e-02 1.350810984149575233e-03 6.824745796620845795e-03 1.254827436059713364e-02 5.561219900846481323e-02 7.459200453013181686e-03 4.181957617402076721e-02 4.117642343044281006e-02 4.200556501746177673e-02 1.003861334174871445e-02 2.330006845295429230e-02 7.627756148576736450e-02 2.122477442026138306e-02 1.606255583465099335e-02 4.100941121578216553e-02 2.343057282269001007e-02 1.749603822827339172e-02 1.723741739988327026e-02 2.805572003126144409e-02 1.104173343628644943e-02 2.002591639757156372e-02 5.850049667060375214e-03 4.714491218328475952e-02 1.231324393302202225e-02 3.924477100372314453e-02 6.671648006886243820e-04 1.018646657466888428e-01 4.204074293375015259e-02 3.905463963747024536e-02 1.665313355624675751e-02 3.621362894773483276e-02 1.622281223535537720e-02 6.625161319971084595e-02 4.400048032402992249e-02 8.132843300700187683e-03 1.021652575582265854e-02 1.433270052075386047e-02 1.251272112131118774e-02
8.884272538125514984e-03 1.645707152783870697e-02 1.393762379884719849e-01 2.037666551768779755e-02 2.836509793996810913e-02 2.051821909844875336e-02 6.366576999425888062e-03 4.636076092720031738e-02 1.344687398523092270e-02 4.290701076388359070e-02 3.960700333118438721e-02 4.326845332980155945e-02 1.632981561124324799e-02 3.829906135797500610e-02 4.254717752337455750e-02 3.489943454042077065e-03 2.815436804667115211e-03 2.421486191451549530e-02 2.816544659435749054e-02 2.057458087801933289e-02 1.637230627238750458e-02 2.400296181440353394e-02 6.010210141539573669e-03 5.662732291966676712e-03 2.522932551801204681e-02 3.519963845610618591e-02 1.076191663742065430e-02 5.047935247421264648e-02 7.148990780115127563e-02 3.003410622477531433e-02 2.673697657883167267e-02 1.232882030308246613e-03 1.755489967763423920e-02 2.360670641064643860e-02 6.015428807586431503e-03 7.173208147287368774e-02 8.177396655082702637e-02 6.535761058330535889e-04 3.959674015641212463e-02 1.983139105141162872e-02 6.750918924808502197e-02 2.618576586246490479e-02 1.340597588568925858e-02 1.477532740682363510e-02 3.105275519192218781e-02 2.683562971651554108e-02 7.911473512649536133e-03 1.023277081549167633e-02 2.721347287297248840e-02 1.707693934440612793e-02 4.948596656322479248e-02 1.907410286366939545e-02 6.571724545210599899e-03 3.406589105725288391e-02 3.714998066425323486e-02 2.380566857755184174e-02 3.534934669733047485e-02 1.687599718570709229e-02 2.035857737064361572e-02 7.046228647232055664e-02 3.380577638745307922e-02 8.060268312692642212e-02 1.677476614713668823e-02 3.533228486776351929e-02 1.226382516324520111e-02 1.623537763953208923e-02 1.437824335880577564e-03 4.117203876376152039e-02 7.357563357800245285e-03 1.263901474885642529e-03 2.162719704210758209e-02 9.090818930417299271e-04 1.193544361740350723e-02 3.764929622411727905e-02 4.898759070783853531e-03 1.717726886272430420e-02 4.695924464613199234e-03 3.785649687051773071e-02 6.771097891032695770e-03 1.367201679386198521e-03 1.482662856578826904e-01 1.023015305399894714e-01 5.091702565550804138e-02 2.314865775406360626e-02 4.262113198637962341e-02 2.010250464081764221e-02 1.038824841380119324e-01 5.643272399902343750e-02 4.441956430673599243e-02 4.188770893961191177e-03 2.337047830224037170e-02 8.860508911311626434e-03 3.372649371158331633e-04 1.738332794047892094e-03 7.677572965621948242e-02 6.253141164779663086e-02 5.428747460246086121e-02 8.359701372683048248e-03 2.709649736061692238e-03 2.011900208890438080e-02 1.743162050843238831e-02 4.583435878157615662e-02 3.587263822555541992e-02 3.698130324482917786e-02 5.099700018763542175e-02 3.333684802055358887e-02 3.987825661897659302e-02 8.711285889148712158e-03 9.406780451536178589e-02 3.547291830182075500e-02 2.291304990649223328e-02 1.606248505413532257e-02 2.133676782250404358e-02 3.395539894700050354e-02 2.261907979846000671e-02 2.271459251642227173e-02
8.874331600964069366e-03 1.528084091842174530e-02 2.157839015126228333e-02 3.057303652167320251e-02 3.743260353803634644e-02 2.633923431858420372e-03 1.060263253748416901e-02 1.344687398523092270e-02 5.770443752408027649e-02 1.313437521457672119e-01 4.090095683932304382e-02 5.004440248012542725e-02 2.505950257182121277e-02 7.590095698833465576e-02 4.638852924108505249e-02 6.343707907944917679e-03 3.778176032938063145e-04 1.425354033708572388e-01 6.662209331989288330e-02 5.543735995888710022e-02 1.981970667839050293e-02 2.865967154502868652e-02 8.492772467434406281e-03 2.994623733684420586e-03 3.959022089838981628e-02 1.745102740824222565e-02 3.944806382060050964e-02 5.011815577745437622e-02 5.050448700785636902e-02 7.182008773088455200e-02 8.260165341198444366e-03 7.339346408843994141e-02 6.360335741192102432e-03 6.172592565417289734e-02 7.483660429716110229e-02 6.443591415882110596e-02 6.514845043420791626e-02 6.196467205882072449e-02 5.674783512949943542e-02 1.428350992500782013e-02 4.154751077294349670e-02 7.500715553760528564e-02 9.773746132850646973e-04 6.441453006118535995e-03 4.042677581310272217e-03 7.023214548826217651e-02 1.546142064034938812e-02 6.930562853813171387e-02 1.513223201036453247e-01 1.000953614711761475e-01 5.070482194423675537e-02 2.871371060609817505e-02 8.883224800229072571e-03 2.478773333132266998e-02 5.476054921746253967e-02 3.289877437055110931e-03 5.435434356331825256e-02 6.057057902216911316e-02 9.968866594135761261e-03 3.999269381165504456e-02 3.802219405770301819e-02 4.861883074045181274e-02 6.366355344653129578e-03 2.573652565479278564e-02 2.256556600332260132e-02 1.456633955240249634e-02 3.232023492455482483e-02 6.247970834374427795e-02 1.283185090869665146e-02 3.246695548295974731e-02 1.414000894874334335e-02 3.890512511134147644e-02 4.014212265610694885e-02 5.035167932510375977e-02 5.506409332156181335e-02 2.731268852949142456e-02 1.935931295156478882e-01 8.461365103721618652e-02 1.424816697835922241e-01 1.457624416798353195e-02 1.477097999304533005e-02 4.098501056432723999e-02 1.030802875757217407e-01 2.758774906396865845e-02 6.523828953504562378e-02 2.393365837633609772e-02 2.170951664447784424e-02 4.067870229482650757e-02 2.977422811090946198e-02 2.546843513846397400e-02 3.794717416167259216e-02 4.645294696092605591e-02 5.970449373126029968e-02 3.126021474599838257e-02 5.743049457669258118e-02 6.006613373756408691e-02 2.630900032818317413e-02 1.102402526885271072e-02 1.085908561944961548e-01 6.518708914518356323e-02 4.644165933132171631e-02 5.079922452569007874e-02 6.529122591018676758e-02 4.561031609773635864e-02 1.702549052424728870e-03 1.211707666516304016e-02 4.654521495103836060e-02 4.694084171205759048e-03 3.095296025276184082e-02 4.123096168041229248e-02 8.568314462900161743e-02 1.828990178182721138e-03 4.833612218499183655e-02 3.343851119279861450e-02 4.831998143345117569e-03 3.241122886538505554e-02
3.596897795796394348e-02 2.263623476028442383e-02 4.157177731394767761e-02 2.763897739350795746e-02 3.463723883032798767e-02 1.343880314379930496e-02 2.003636583685874939e-02 4.290701076388359070e-02 1.313437521457672119e-01 5.610585957765579224e-02 5.538064986467361450e-02 1.752911321818828583e-02 1.130750104784965515e-01 3.725180402398109436e-02 3.031961247324943542e-02 1.964653469622135162e-02 3.658902645111083984e-02 1.646279543638229370e-02 8.638513833284378052e-02 3.779718652367591858e-03 1.744458265602588654e-02 1.988242380321025848e-02 1.085671875625848770e-02 3.427665308117866516e-02 1.001359708607196808e-02 1.448898855596780777e-02 8.418221957981586456e-03 1.254859287291765213e-02 7.994391769170761108e-02 4.640569165349006653e-02 6.555353105068206787e-02 4.530066624283790588e-02 1.397574599832296371e-02 3.145081549882888794e-02 5.349846556782722473e-02 1.312087103724479675e-02 6.696571409702301025e-02 2.164587751030921936e-02 2.208420634269714355e-02 2.899958752095699310e-02 1.967344991862773895e-02 6.351320445537567139e-02 9.422103874385356903e-03 4.348414018750190735e-02 3.821475803852081299e-02 1.423893962055444717e-02 1.068654283881187439e-02 2.305296249687671661e-02 5.004700273275375366e-02 2.488696202635765076e-02 4.871177300810813904e-02 1.549922488629817963e-02 3.196655586361885071e-02 6.770878564566373825e-03 3.235419467091560364e-02 8.168722689151763916e-02 6.095985323190689087e-02 9.805259108543395996e-02 5.015326663851737976e-02 3.102109767496585846e-03 4.499013349413871765e-02 4.973843321204185486e-02 4.677480552345514297e-03 5.392126366496086121e-02 3.185133635997772217e-02 4.072998836636543274e-02 7.287169806659221649e-03 3.661633282899856567e-02 3.973515704274177551e-02 3.289560228586196899e-02 7.672614604234695435e-02 5.454393848776817322e-02 7.270798832178115845e-02 9.297307580709457397e-02 2.449987828731536865e-02 3.232309129089117050e-03 1.148164086043834686e-02 1.393124610185623169e-01 2.642110176384449005e-02 9.815195947885513306e-02 1.039379183202981949e-02 1.017836853861808777e-02 1.108513446524739265e-03 3.952341526746749878e-02 8.976304903626441956e-03 8.900466561317443848e-02 1.727551780641078949e-02 7.240908686071634293e-03 5.888314917683601379e-02 1.200285404920578003e-01 5.164774879813194275e-02 2.888675592839717865e-02 3.624847531318664551e-02 1.082448847591876984e-02 9.475045651197433472e-02 7.514730095863342285e-02 2.317230403423309326e-02 1.435657963156700134e-02 2.904972247779369354e-02 3.491993993520736694e-02 2.077278122305870056e-02 1.212088577449321747e-02 3.995486721396446228e-02 4.686298966407775879e-02 8.727015927433967590e-03 5.696903914213180542e-03 1.303820870816707611e-02 2.082533389329910278e-02 1.462770253419876099e-02 6.930729839950799942e-03 2.454841695725917816e-02 6.771059706807136536e-03 4.983823164366185665e-04 1.079614646732807159e-02 5.260403454303741455e-02 7.224473357200622559e-02
1.562082469463348389e-01 4.689574986696243286e-02 3.590262308716773987e-02 7.843656837940216064e-02 5.251781269907951355e-02 5.903939157724380493e-02 1.145954430103302002e-02 3.960700333118438721e-02 4.090095683932304382e-02 5.538064986467361450e-02 2.467783354222774506e-02 6.863562390208244324e-03 1.438161730766296387e-01 2.130503952503204346e-02 4.120570048689842224e-02 4.388215020298957825e-02 4.436727613210678101e-02 1.287396904081106186e-02 5.685553885996341705e-03 1.581639610230922699e-02 3.064103238284587860e-02 5.935165286064147949e-02 6.982889492064714432e-03 1.942610181868076324e-02 1.732890866696834564e-02 6.214145198464393616e-02 1.780021376907825470e-02 5.402008071541786194e-02 3.762232512235641479e-02 4.200311750173568726e-02 6.980038434267044067e-02 2.907354012131690979e-02 1.150820963084697723e-02 1.051492523401975632e-02 1.339348033070564270e-02 5.362831801176071167e-02 3.765419125556945801e-02 9.841018356382846832e-03 5.126493424177169800e-02 5.005994811654090881e-02 2.039021067321300507e-02 3.824870660901069641e-02 1.709637790918350220e-02 6.557347625494003296e-02 3.103126073256134987e-03 5.613617133349180222e-03 1.373347640037536621e-01 1.228414126671850681e-03 3.271743655204772949e-02 4.938524588942527771e-02 2.698045223951339722e-02 1.038252562284469604e-02 1.067038811743259430e-02 3.009183704853057861e-02 4.177409224212169647e-03 1.778542064130306244e-02 9.041868150234222412e-03 2.831382863223552704e-02 1.327972207218408585e-02 3.112970106303691864e-02 1.103502232581377029e-03 9.270932525396347046e-03 2.665393985807895660e-02 3.384271636605262756e-02 2.090511173009872437e-01 8.243297785520553589e-02 4.637453705072402954e-02 4.480401054024696350e-02 6.399358808994293213e-02 4.502004757523536682e-02 1.426153630018234253e-02 2.775026112794876099e-02 2.885158639401197433e-03 5.709399469196796417e-03 1.354912761598825455e-02 3.387526422739028931e-02 2.483628317713737488e-02 1.256640721112489700e-02 3.765805438160896301e-02 7.926064729690551758e-02 1.030213851481676102e-02 1.778074773028492928e-03 9.730036370456218719e-03 1.265372615307569504e-02 3.695932775735855103e-02 3.303269669413566589e-02 6.069226190447807312e-02 9.041982120834290981e-04 2.046759799122810364e-02 6.179261580109596252e-02 7.213956862688064575e-02 7.548782974481582642e-02 3.180114924907684326e-02 1.272182445973157883e-02 1.289623440243303776e-03 1.893344894051551819e-02 2.880932949483394623e-02 1.332113426178693771e-02 1.182415150105953217e-02 6.273515522480010986e-02 3.614301234483718872e-02 3.982299473136663437e-03 3.568203747272491455e-02 2.171838842332363129e-02 4.557086527347564697e-02 1.082914322614669800e-02 3.396220877766609192e-02 2.830010466277599335e-02 1.204383000731468201e-02 1.934934034943580627e-02 1.464101951569318771e-02 2.663548476994037628e-02 2.201469987630844116e-02 3.232177346944808960e-02 7.169410586357116699e-02 2.600150927901268005e-02
4.568282142281532288e-02 1.687506586313247681e-02 5.789203196763992310e-02 6.166920810937881470e-02 6.986831873655319214e-02 1.704046130180358887e-02 2.229628711938858032e-02 4.326845332980155945e-02 5.004440248012542725e-02 1.752911321818828583e-02 6.863562390208244324e-03 1.963900867849588394e-03 3.362480923533439636e-02 2.207447290420532227e-01 7.057545240968465805e-03 2.250233478844165802e-02 1.099199987947940826e-02 5.968836601823568344e-03 6.794230081140995026e-03 5.470806732773780823e-02 2.314866892993450165e-02 5.501929670572280884e-03 8.508200943470001221e-02 3.560695424675941467e-02 1.238690107129514217e-03 3.703888878226280212e-02 4.412964917719364166e-03 5.061565339565277100e-02 1.297440379858016968e-02 1.425107009708881378e-02 4.120576381683349609e-02 4.777428880333900452e-02 5.285846069455146790e-02 6.454301625490188599e-02 2.627452090382575989e-02 5.766836553812026978e-02 1.770644448697566986e-02 2.355926856398582458e-02 1.305099297314882278e-02 1.305826194584369659e-02 3.692571818828582764e-02 2.187483198940753937e-02 3.318149596452713013e-02 5.748246610164642334e-02 1.201490685343742371e-01 5.003005638718605042e-02 2.147584594786167145e-02 5.457892268896102905e-02 2.673792093992233276e-02 2.436399646103382111e-02 1.563961617648601532e-02 4.124601185321807861e-02 3.458956256508827209e-02 5.616280809044837952e-02 5.089284386485815048e-03 3.260544035583734512e-03 2.092335373163223267e-02 4.343000426888465881e-02 7.725998759269714355e-02 4.018039256334304810e-02 1.035373844206333160e-02 6.467588990926742554e-02 5.898962914943695068e-02 6.105611845850944519e-02 4.294873401522636414e-02 4.172651469707489014e-02 5.754590965807437897e-03 2.866362035274505615e-02 3.973712772130966187e-02 2.808499382808804512e-03 4.825392737984657288e-02 3.650586679577827454e-02 6.411235779523849487e-02 2.910081110894680023e-02 3.695042803883552551e-02 1.838273019529879093e-03 1.536910608410835266e-02 3.473209589719772339e-02 1.139289960265159607e-01 1.225573662668466568e-02 2.288297563791275024e-02 9.595436975359916687e-03 4.697548598051071167e-02 4.928632080554962158e-02 3.314920887351036072e-02 4.734021797776222229e-02 1.367162726819515228e-02 1.255738548934459686e-02 3.343648090958595276e-02 8.154947310686111450e-03 3.165805712342262268e-02 2.535443939268589020e-02 5.203284323215484619e-02 6.738372892141342163e-02 1.412888150662183762e-02 2.322730794548988342e-02 4.821329843252897263e-03 5.321827158331871033e-02 9.403026662766933441e-03 5.996578186750411987e-02 2.191388420760631561e-02 5.021974444389343262e-03 5.905880406498908997e-02 3.367747366428375244e-02 1.406429428607225418e-02 4.678238183259963989e-03 4.451630264520645142e-02 7.599464803934097290e-02 4.359378293156623840e-02 3.892105072736740112e-02 5.354848504066467285e-02 4.157429188489913940e-02 1.650658063590526581e-02 2.005653269588947296e-02 1.208188571035861969e-02 2.060716599225997925e-02
6.376054883003234863e-02 9.218759834766387939e-02 3.693528473377227783e-02 3.277518972754478455e-02 2.197672426700592041e-02 1.678050030022859573e-03 4.483710229396820068e-02 1.632981561124324799e-02 2.505950257182121277e-02 1.130750104784965515e-01 1.438161730766296387e-01 3.362480923533439636e-02 5.633176118135452271e-02 6.418212782591581345e-03 6.728382408618927002e-02 1.302250102162361145e-02 4.556576535105705261e-02 1.952461898326873779e-02 3.325848653912544250e-02 6.527011841535568237e-02 2.507591061294078827e-02 5.312674865126609802e-02 3.093471378087997437e-02 2.046632766723632812e-02 6.417947355657815933e-03 1.558536477386951447e-02 3.730894625186920166e-02 4.241953790187835693e-02 7.505783438682556152e-02 4.537251964211463928e-02 7.372663915157318115e-02 6.531112641096115112e-02 4.722044104710221291e-04 1.835019700229167938e-02 2.798152621835470200e-03 1.105997804552316666e-02 2.739514410495758057e-02 4.239812120795249939e-02 6.672606617212295532e-02 2.223395276814699173e-03 5.152595415711402893e-02 1.204788126051425934e-02 5.007507652044296265e-02 9.674865752458572388e-03 6.998469680547714233e-02 1.431754417717456818e-02 2.596593461930751801e-02 1.093872636556625366e-01 7.150763273239135742e-02 7.045774906873703003e-02 1.100059715099632740e-03 6.552508473396301270e-02 4.519328102469444275e-02 1.900545693933963776e-02 4.591483622789382935e-02 1.237556561827659607e-01 3.307868167757987976e-02 1.354112327098846436e-01 3.592275828123092651e-02 8.687333017587661743e-02 1.060591712594032288e-01 5.098581314086914062e-02 1.423940621316432953e-02 5.599652603268623352e-02 8.973588794469833374e-02 1.708864718675613403e-01 5.148699134588241577e-02 6.082102656364440918e-02 7.937527447938919067e-02 2.948738867416977882e-03 4.043122380971908569e-02 2.512263506650924683e-02 1.428810879588127136e-02 3.186987712979316711e-02 2.218953520059585571e-02 3.852025419473648071e-02 1.339681074023246765e-02 2.060379832983016968e-02 3.636443614959716797e-02 5.159793421626091003e-02 6.037851423025131226e-02 5.682813352905213833e-04 1.133896503597497940e-02 1.131527870893478394e-01 2.824398316442966461e-02 2.697241678833961487e-02 6.983431987464427948e-03 1.874344423413276672e-02 2.502270042896270752e-02 9.722108393907546997e-02 6.440707948058843613e-03 1.987843215465545654e-02 1.779786050319671631e-01 4.392863810062408447e-02 5.573588237166404724e-02 4.599140584468841553e-02 2.513990923762321472e-02 1.905776187777519226e-02 2.205089479684829712e-02 9.918202646076679230e-03 1.158558763563632965e-02 3.633325174450874329e-02 2.286828495562076569e-02 5.086490139365196228e-02 5.615067854523658752e-02 6.654348224401473999e-03 9.983380325138568878e-03 5.393990501761436462e-02 1.940155588090419769e-02 5.472279712557792664e-02 4.097073525190353394e-02 1.428361888974905014e-02 2.388571575284004211e-02 2.926565473899245262e-03 3.106765076518058777e-02 3.766791149973869324e-02
