2.261758893728256226e-01 1.029545515775680542e-01 1.538854744285345078e-02 2.805513143539428711e-02 2.475075796246528625e-02 1.467702984809875488e-01 1.217846944928169250e-01 1.871424168348312378e-02 1.345372200012207031e-02 2.053027227520942688e-02 9.249569475650787354e-02 6.785296369343996048e-03 7.544057816267013550e-02 4.125075042247772217e-02 3.976165130734443665e-02 5.163963139057159424e-02 4.392779245972633362e-02 3.349421545863151550e-02 2.339120209217071533e-02 2.466351166367530823e-02 2.466308511793613434e-02 2.484487183392047882e-02 2.698157355189323425e-02 2.768731489777565002e-02 3.914806246757507324e-02 3.079091012477874756e-02 8.382434956729412079e-03 2.848321013152599335e-02 6.010953709483146667e-02 2.937258407473564148e-02 6.016413215547800064e-03 1.785292848944664001e-02 2.116216719150543213e-02 7.243948057293891907e-03 4.477168899029493332e-03 3.363130986690521240e-02 3.299051895737648010e-02 1.085720397531986237e-02 1.562151312828063965e-02 2.809845318552106619e-04 1.076723542064428329e-02 6.861186120659112930e-03 3.654787316918373108e-02 2.560465829446911812e-03 2.500893920660018921e-02 8.303201943635940552e-02 8.230497688055038452e-02 7.687693089246749878e-02 9.273950010538101196e-03 3.854263573884963989e-02 2.607992291450500488e-02 3.664444200694561005e-03 7.356091402471065521e-03 4.949570167809724808e-03 3.151324391365051270e-02 1.330196112394332886e-02 2.611438371241092682e-02 6.201252806931734085e-03 1.967696473002433777e-02 1.039606332778930664e-02 1.987748220562934875e-02 7.915113121271133423e-03 3.478337824344635010e-02 6.052977405488491058e-04 3.587973862886428833e-02 9.750341065227985382e-03 5.287460982799530029e-03 3.783487528562545776e-02 5.265935324132442474e-03 1.861660555005073547e-02 4.769228864461183548e-03 4.819513484835624695e-02 9.771913290023803711e-03 2.563497424125671387e-02 1.064492110162973404e-02 1.204747799783945084e-02 3.051334060728549957e-02 1.197317801415920258e-02 2.807039767503738403e-03 1.885042898356914520e-02 6.056474521756172180e-03 3.163459524512290955e-02 1.533489860594272614e-02 2.773719606921076775e-03 2.741989120841026306e-02 1.916840858757495880e-02 1.662492565810680389e-02 2.181399427354335785e-02 2.133417688310146332e-02 5.171181168407201767e-03 5.980248004198074341e-02 1.461245212703943253e-02 2.889759466052055359e-02 1.503685209900140762e-02 1.819049753248691559e-02 1.927039399743080139e-02 4.291837289929389954e-02 1.095668692141771317e-02 1.694340817630290985e-02 2.561044320464134216e-02 1.218241453170776367e-02 2.469180850312113762e-03 1.898023858666419983e-02 9.850533679127693176e-03 4.187101125717163086e-02 2.509825490415096283e-02 3.404174232855439186e-03 1.238600444048643112e-02 3.059034235775470734e-03 2.125957235693931580e-02 1.526626851409673691e-02 5.523202940821647644e-03 6.039196159690618515e-03 4.064057394862174988e-02 4.912304505705833435e-02 2.270328579470515251e-03
1.029545515775680542e-01 2.236169427633285522e-01 9.607364423573017120e-03 1.375432033091783524e-02 8.143399842083454132e-03 1.205672994256019592e-01 1.263008713722229004e-01 8.377111516892910004e-03 5.975882988423109055e-03 3.122861683368682861e-02 6.275348365306854248e-02 5.163625348359346390e-03 8.866863697767257690e-02 5.420314520597457886e-02 3.564288839697837830e-02 5.053866282105445862e-02 3.082436509430408478e-02 2.633678354322910309e-02 1.860905438661575317e-02 6.677469238638877869e-03 2.422155998647212982e-02 8.470598608255386353e-03 3.304170817136764526e-02 2.681310661137104034e-02 3.068403154611587524e-02 1.981212384998798370e-02 2.018780075013637543e-02 2.521552331745624542e-02 1.770227961242198944e-02 3.098908811807632446e-02 1.903396658599376678e-02 4.978409036993980408e-02 3.796555800363421440e-03 2.122578956186771393e-02 4.349184688180685043e-03 4.227091744542121887e-02 3.728576749563217163e-02 2.036607638001441956e-02 4.464217461645603180e-03 2.917761541903018951e-02 1.537760253995656967e-02 4.121148027479648590e-03 2.406802959740161896e-02 9.124302305281162262e-03 1.408221758902072906e-02 3.423732146620750427e-02 5.721384659409523010e-02 8.986251801252365112e-02 3.263938706368207932e-04 4.108183085918426514e-02 1.179229095578193665e-02 4.655973520129919052e-03 6.731493049301207066e-04 1.708125136792659760e-02 4.032493010163307190e-02 2.658434910699725151e-03 2.311000280315056443e-04 2.429625764489173889e-02 1.349508762359619141e-02 4.541029687970876694e-03 1.956070400774478912e-02 1.567999087274074554e-02 1.382599305361509323e-02 3.559873625636100769e-02 1.848641410470008850e-02 3.340148180723190308e-02 1.568941399455070496e-02 4.034136980772018433e-02 7.984456606209278107e-03 1.675948873162269592e-02 8.143929298967123032e-04 1.920299232006072998e-02 2.626533061265945435e-02 1.029966119676828384e-02 1.204426772892475128e-02 2.171220956370234489e-03 1.290008611977100372e-02 2.256457321345806122e-02 8.399637416005134583e-03 5.997695028781890869e-02 1.110770367085933685e-02 1.734119281172752380e-02 3.064477117732167244e-03 1.223130617290735245e-02 6.002095062285661697e-03 3.195662796497344971e-02 8.446511812508106232e-03 3.037556447088718414e-02 1.318322308361530304e-02 2.855985052883625031e-02 3.230974078178405762e-02 2.400370780378580093e-03 7.652828842401504517e-02 2.082076389342546463e-03 7.751341443508863449e-03 1.646112836897373199e-02 1.908045262098312378e-02 3.890782361850142479e-03 1.354482676833868027e-02 1.842625811696052551e-02 4.222686216235160828e-02 1.734251528978347778e-02 2.078838879242539406e-03 8.951465133577585220e-05 2.044815011322498322e-02 2.820414118468761444e-02 3.441452980041503906e-02 1.818272098898887634e-02 1.916479133069515228e-02 1.016630791127681732e-02 5.555395968258380890e-03 8.928455412387847900e-03 2.507527358829975128e-03 1.675747334957122803e-02 1.253522653132677078e-02 2.585568837821483612e-02
1.538854744285345078e-02 9.607364423573017120e-03 1.676846742630004883e-01 1.858837530016899109e-02 1.474791299551725388e-02 1.283901929855346680e-02 2.279016189277172089e-02 1.399560719728469849e-01 1.523728203028440475e-02 3.465083660557866096e-03 3.255682811141014099e-02 1.713035069406032562e-02 1.969417743384838104e-02 9.888460859656333923e-03 6.463579088449478149e-02 3.056045249104499817e-02 3.199522942304611206e-02 1.151644997298717499e-02 1.413911115378141403e-03 1.218599919229745865e-02 5.282262805849313736e-03 4.000306129455566406e-02 1.122468896210193634e-02 4.186763253528624773e-04 4.124265536665916443e-02 2.649463526904582977e-02 3.441704809665679932e-02 1.130816619843244553e-02 6.229041609913110733e-03 5.400396417826414108e-03 7.145679555833339691e-03 2.659967914223670959e-02 6.265567615628242493e-03 7.614419795572757721e-03 2.540555968880653381e-02 2.192850224673748016e-02 1.922478154301643372e-02 8.074796642176806927e-04 1.054098946042358875e-03 8.299667388200759888e-03 4.411824047565460205e-03 2.800816856324672699e-02 1.868214225396513939e-03 1.015568301081657410e-01 8.275930886156857014e-04 2.150691859424114227e-02 7.998520508408546448e-03 4.349020496010780334e-02 2.433782815933227539e-02 5.485379369929432869e-04 8.090490847826004028e-02 1.329652685672044754e-02 1.528500206768512726e-02 8.266188204288482666e-03 1.398184895515441895e-02 3.604111075401306152e-02 1.190165989100933075e-02 1.230651512742042542e-02 3.001422807574272156e-02 1.292796432971954346e-02 2.833620086312294006e-02 2.341663278639316559e-02 2.619948703795671463e-03 4.122999683022499084e-02 7.393029984086751938e-03 1.386049576103687286e-02 3.251964598894119263e-02 1.281462982296943665e-02 2.622485160827636719e-02 5.881426390260457993e-03 2.859316021203994751e-02 1.235450990498065948e-02 7.581343874335289001e-03 3.627881035208702087e-02 2.006885409355163574e-02 4.691467434167861938e-02 5.272676423192024231e-02 2.424885518848896027e-02 1.891548745334148407e-02 1.095621846616268158e-02 8.783106505870819092e-02 1.357958018779754639e-01 6.756166927516460419e-03 1.431475859135389328e-02 7.505326066166162491e-03 8.176553994417190552e-03 3.262289986014366150e-02 4.049436002969741821e-02 2.123597450554370880e-02 1.165285147726535797e-02 1.484356005676090717e-03 1.691324077546596527e-02 2.910657785832881927e-02 3.403256833553314209e-02 5.709303915500640869e-02 2.669238857924938202e-02 2.180160023272037506e-02 2.415588684380054474e-02 4.755592439323663712e-03 9.426640346646308899e-03 7.752425153739750385e-04 4.261629190295934677e-03 4.072936251759529114e-02 3.087830170989036560e-02 2.304021082818508148e-02 1.108700130134820938e-02 4.560587927699089050e-02 1.227731630206108093e-02 5.634128674864768982e-02 1.644739322364330292e-02 1.292368117719888687e-02 2.788380719721317291e-03 3.267393633723258972e-02 3.008788451552391052e-02 9.163097478449344635e-03 3.193150833249092102e-02
2.805513143539428711e-02 1.375432033091783524e-02 1.858837530016899109e-02 3.644008636474609375e-01 3.512984812259674072e-01 4.216723516583442688e-02 1.245523616671562195e-02 8.536296081729233265e-04 3.788141533732414246e-02 4.693515971302986145e-02 2.202021144330501556e-02 2.225577272474765778e-02 2.977044880390167236e-02 5.380145087838172913e-02 6.135156005620956421e-02 3.087764047086238861e-02 2.315031550824642181e-02 1.002751737833023071e-01 1.088843345642089844e-01 1.815545186400413513e-02 5.166781600564718246e-03 2.972168847918510437e-02 2.746414020657539368e-02 3.631225973367691040e-02 1.634573936462402344e-02 7.682356983423233032e-03 9.617225266993045807e-03 4.457661882042884827e-02 1.284135039895772934e-02 4.199338704347610474e-02 5.004091933369636536e-02 1.425806060433387756e-02 1.186606474220752716e-02 5.467218812555074692e-03 1.138888485729694366e-02 1.061114389449357986e-02 4.061941057443618774e-02 8.511337218806147575e-04 1.543136090040206909e-01 1.581371873617172241e-01 8.066165028139948845e-04 1.800921931862831116e-02 2.817725576460361481e-02 2.868749387562274933e-02 2.064261771738529205e-02 4.160937387496232986e-03 4.343430325388908386e-02 1.630288735032081604e-02 4.554982483386993408e-02 5.565291270613670349e-02 3.622952476143836975e-02 2.905451226979494095e-03 4.877857491374015808e-02 1.640078052878379822e-02 2.326479367911815643e-02 1.484273374080657959e-02 3.712151572108268738e-02 3.681631758809089661e-02 8.992289192974567413e-03 9.074386209249496460e-03 7.438202947378158569e-02 5.002627521753311157e-02 9.386321529746055603e-03 4.903324693441390991e-02 3.471406176686286926e-02 1.443391782231628895e-03 3.385024890303611755e-02 3.811772167682647705e-02 3.282582014799118042e-02 1.843196712434291840e-02 1.580536551773548126e-02 7.416656240820884705e-03 1.961816251277923584e-01 1.136801950633525848e-02 1.953975111246109009e-01 2.478602156043052673e-02 3.693156177178025246e-03 1.200886815786361694e-02 3.438678383827209473e-02 3.035857342183589935e-02 2.322516404092311859e-02 5.294146761298179626e-02 1.395743936300277710e-01 1.273081898689270020e-01 3.645042702555656433e-02 5.896241404116153717e-03 2.192396298050880432e-02 1.196866855025291443e-02 2.918438427150249481e-02 4.011848196387290955e-02 3.903045505285263062e-02 1.738851889967918396e-02 2.185118384659290314e-02 1.498264074325561523e-02 4.069708287715911865e-03 1.348459813743829727e-02 7.539417594671249390e-02 1.235429756343364716e-02 3.229503333568572998e-02 2.942884527146816254e-02 2.327194437384605408e-02 1.337256468832492828e-02 1.543042529374361038e-02 2.545312419533729553e-02 4.319960251450538635e-02 1.952295377850532532e-02 2.755832299590110779e-02 3.553147986531257629e-02 1.915954612195491791e-02 2.269799821078777313e-02 4.343466088175773621e-02 1.669508591294288635e-02 3.213584655895829201e-03 2.775545418262481689e-02 2.796816872432827950e-03 1.090471222996711731e-01
2.475075796246528625e-02 8.143399842083454132e-03 1.474791299551725388e-02 3.512984812259674072e-01 3.192538321018218994e-01 4.077256098389625549e-02 2.609939873218536377e-02 6.493110675364732742e-03 2.788111160043627024e-04 4.448872804641723633e-02 3.603176400065422058e-02 2.807092666625976562e-02 4.031072836369276047e-03 3.437308361753821373e-03 4.188031330704689026e-02 5.682925879955291748e-02 4.367360100150108337e-02 4.116129130125045776e-02 1.165481582283973694e-01 3.982071205973625183e-02 6.360176019370555878e-03 6.809057667851448059e-03 1.197860483080148697e-02 1.865021511912345886e-02 3.271994367241859436e-02 3.191399201750755310e-02 3.066855482757091522e-02 2.049990743398666382e-02 5.675380234606564045e-04 4.101077467203140259e-02 9.256956726312637329e-02 3.620335087180137634e-02 8.137513883411884308e-03 3.001387417316436768e-02 3.205897286534309387e-02 1.235334482043981552e-02 1.085915835574269295e-03 2.299439720809459686e-02 8.686317503452301025e-02 1.820386648178100586e-01 2.833273075520992279e-02 3.551577031612396240e-02 3.513355925679206848e-02 5.367232486605644226e-03 3.109401836991310120e-02 1.819179020822048187e-02 3.339277952909469604e-02 2.162318117916584015e-02 2.232785150408744812e-02 6.131216417998075485e-03 4.420432075858116150e-02 2.691422589123249054e-02 4.197863116860389709e-02 4.018324241042137146e-02 1.449505332857370377e-02 2.872403152287006378e-02 9.583887644112110138e-03 6.812324747443199158e-03 3.176333010196685791e-02 8.714749477803707123e-03 2.782544866204261780e-02 1.235097572207450867e-01 1.966447383165359497e-02 2.259101532399654388e-02 2.804407663643360138e-02 4.170618206262588501e-02 3.107534721493721008e-03 2.508894912898540497e-02 4.117154330015182495e-02 1.219050399959087372e-02 5.492845550179481506e-02 7.264823070727288723e-04 1.060272827744483948e-01 2.436892502009868622e-02 1.126964092254638672e-01 2.385476371273398399e-03 4.845251678489148617e-04 2.456483617424964905e-02 3.188334172591567039e-03 4.647533968091011047e-02 1.507438812404870987e-02 5.888847168534994125e-03 7.473275065422058105e-02 1.577534228563308716e-01 1.075982116162776947e-02 5.399074032902717590e-02 1.614977233111858368e-02 1.352055277675390244e-02 1.835819147527217865e-02 3.010784834623336792e-02 3.561668470501899719e-02 2.762754634022712708e-02 1.664708397584035993e-04 2.347870729863643646e-02 2.066345512866973877e-02 2.917283028364181519e-02 1.066005825996398926e-01 2.861759811639785767e-02 2.819357439875602722e-02 2.472306136041879654e-03 3.280381858348846436e-02 2.353015169501304626e-02 7.145749777555465698e-02 2.189832739531993866e-03 6.112253665924072266e-02 6.507751531898975372e-03 2.701665088534355164e-02 2.139325253665447235e-02 1.943103707162663341e-04 2.859790064394474030e-02 2.651843708008527756e-03 1.686425879597663879e-02 1.344338990747928619e-02 4.895740374922752380e-02 5.576797202229499817e-02 9.842193126678466797e-02
1.467702984809875488e-01 1.205672994256019592e-01 1.283901929855346680e-02 4.216723516583442688e-02 4.077256098389625549e-02 2.594632804393768311e-01 2.394518256187438965e-01 2.566170878708362579e-02 2.028018608689308167e-02 4.521676525473594666e-02 7.444027066230773926e-02 7.577735930681228638e-02 6.254322826862335205e-02 7.731970399618148804e-02 2.384543046355247498e-02 5.109234526753425598e-02 3.570029139518737793e-02 5.836954805999994278e-03 2.720604650676250458e-02 2.018071711063385010e-02 4.890529066324234009e-02 1.438032090663909912e-02 3.419797867536544800e-02 9.511784650385379791e-03 1.946359872817993164e-02 2.350117079913616180e-02 1.433770637959241867e-02 9.366488084197044373e-03 1.688975468277931213e-02 1.757857389748096466e-03 5.328763276338577271e-02 1.028296910226345062e-02 6.955454591661691666e-03 1.913912966847419739e-02 9.929704479873180389e-03 3.358225570991635323e-03 3.389584645628929138e-02 2.402031561359763145e-03 5.197165906429290771e-02 3.409169614315032959e-02 1.724627055227756500e-02 1.778106763958930969e-02 6.221497803926467896e-02 3.392668068408966064e-02 6.367327272891998291e-02 1.441025873646140099e-03 1.424123942852020264e-01 1.331488341093063354e-01 2.570427767932415009e-02 3.899418748915195465e-03 7.759599480777978897e-03 3.768227249383926392e-02 8.937317878007888794e-03 2.670494653284549713e-02 2.702751755714416504e-02 7.842551916837692261e-03 1.306274347007274628e-02 2.907215617597103119e-02 1.507412921637296677e-02 8.401118102483451366e-04 2.944193035364151001e-02 1.748333498835563660e-02 6.450394634157419205e-03 3.169318661093711853e-02 1.659609191119670868e-02 1.780186285031959414e-04 3.096733428537845612e-02 3.598340600728988647e-02 2.918832190334796906e-02 1.013121567666530609e-02 4.170655831694602966e-02 1.692289113998413086e-02 7.453337777405977249e-03 1.724571362137794495e-02 1.351308729499578476e-02 4.886026680469512939e-02 1.222803629934787750e-02 3.622224926948547363e-02 3.591798245906829834e-02 5.049735307693481445e-02 4.849278368055820465e-03 8.850775193423032761e-04 2.727348124608397484e-03 1.538378559052944183e-02 6.340581923723220825e-02 2.593362145125865936e-02 8.510055020451545715e-03 1.494481135159730911e-02 4.845941811800003052e-02 4.263170436024665833e-02 4.997589066624641418e-02 1.297200098633766174e-02 6.017489358782768250e-02 6.067802757024765015e-02 1.331493258476257324e-02 1.432535983622074127e-02 3.012478351593017578e-02 3.757683187723159790e-02 3.948658332228660583e-02 5.094516649842262268e-02 1.326807681471109390e-02 4.210990294814109802e-02 2.191043458878993988e-02 2.233690395951271057e-02 4.442595690488815308e-02 2.395051345229148865e-02 4.699915007222443819e-05 1.842775940895080566e-02 4.295637086033821106e-02 2.624410204589366913e-02 2.503980882465839386e-03 4.905390087515115738e-03 5.638208705931901932e-03 3.101428039371967316e-02 4.210404306650161743e-02 4.160779342055320740e-02
1.217846944928169250e-01 1.263008713722229004e-01 2.279016189277172089e-02 1.245523616671562195e-02 2.609939873218536377e-02 2.394518256187438965e-01 2.964301705360412598e-01 2.911853604018688202e-02 7.328546140342950821e-03 3.742998093366622925e-02 6.709580868482589722e-02 7.618656009435653687e-02 6.894944608211517334e-02 1.022511050105094910e-01 1.522767916321754456e-02 5.309615656733512878e-02 1.973028667271137238e-02 2.934699133038520813e-02 3.536418080329895020e-02 2.412442862987518311e-02 4.460987821221351624e-02 1.327938865870237350e-02 4.433536157011985779e-02 3.005488403141498566e-02 1.614562980830669403e-02 6.070949602872133255e-03 1.955984905362129211e-02 4.926392808556556702e-03 1.950590312480926514e-02 9.967994876205921173e-03 2.306439168751239777e-02 2.525898814201354980e-02 1.116126403212547302e-02 1.109810452908277512e-02 5.016479641199111938e-03 4.674629773944616318e-03 2.527523227035999298e-02 5.414619576185941696e-03 5.718506500124931335e-02 6.198236951604485512e-05 2.054076828062534332e-02 4.595268110278993845e-04 6.640449631959199905e-03 4.838789626955986023e-02 7.313489913940429688e-02 6.389737874269485474e-02 1.374767720699310303e-01 1.957242041826248169e-01 3.020607400685548782e-03 1.483714301139116287e-02 1.961404085159301758e-02 6.305956840515136719e-02 1.289120037108659744e-02 2.824227884411811829e-02 3.979802131652832031e-02 1.373717188835144043e-02 8.031015750020742416e-04 1.083729509264230728e-02 1.409548614174127579e-02 5.975237581878900528e-03 4.759356752038002014e-02 6.453105714172124863e-03 1.828403770923614502e-02 1.317364536225795746e-02 2.232986316084861755e-02 1.898715086281299591e-02 2.688996493816375732e-02 1.751348935067653656e-02 3.259354084730148315e-02 1.739560975693166256e-03 1.691239140927791595e-02 2.401069737970829010e-02 1.002825424075126648e-02 2.059772983193397522e-02 1.278600096702575684e-02 4.519100859761238098e-02 1.418209727853536606e-02 1.430735178291797638e-02 3.913810476660728455e-02 5.173145234584808350e-02 4.905830603092908859e-03 6.501346360892057419e-03 8.288917597383260727e-04 4.380591213703155518e-02 5.409623682498931885e-02 2.181048132479190826e-02 1.260063424706459045e-02 1.245409809052944183e-02 3.820754215121269226e-02 1.095249950885772705e-01 4.650760069489479065e-02 9.541849605739116669e-03 1.250309497117996216e-01 6.046119704842567444e-02 2.632437460124492645e-02 1.928192563354969025e-02 2.141097001731395721e-02 3.901153802871704102e-02 2.556403726339340210e-02 2.972705475986003876e-02 5.412667524069547653e-03 3.418707102537155151e-02 2.721688710153102875e-02 2.208865433931350708e-02 3.584519401192665100e-02 3.431844338774681091e-02 1.084307488054037094e-02 1.014528889209032059e-02 3.298666700720787048e-02 1.326620485633611679e-02 1.631901017390191555e-03 1.225522346794605255e-02 3.274698182940483093e-02 4.604595527052879333e-02 1.247481349855661392e-02 5.378760024905204773e-02
1.871424168348312378e-02 8.377111516892910004e-03 1.399560719728469849e-01 8.536296081729233265e-04 6.493110675364732742e-03 2.566170878708362579e-02 2.911853604018688202e-02 2.307544350624084473e-01 2.378265559673309326e-02 6.374615244567394257e-03 3.538601100444793701e-03 1.518062781542539597e-02 3.010757453739643097e-02 7.419819943606853485e-03 1.228862479329109192e-01 1.437482610344886780e-02 1.915082451887428761e-03 9.395469911396503448e-03 4.740115720778703690e-03 1.766619458794593811e-02 1.835196837782859802e-02 4.022512584924697876e-02 1.817587576806545258e-02 1.271923817694187164e-02 1.502208225429058075e-02 4.572242498397827148e-02 3.446727246046066284e-02 3.055053763091564178e-02 2.875047922134399414e-02 5.105758458375930786e-02 2.455854415893554688e-02 1.454221364110708237e-02 1.272744871675968170e-02 7.201398257166147232e-03 2.367286011576652527e-02 5.306377261877059937e-02 7.031533122062683105e-02 8.598421700298786163e-03 9.496358223259449005e-03 1.048411335796117783e-02 1.312475505983456969e-04 8.441410958766937256e-03 1.917274855077266693e-02 7.548955827951431274e-02 4.453751444816589355e-02 7.690840866416692734e-04 3.914893418550491333e-02 2.264055237174034119e-02 3.278767690062522888e-02 1.948688924312591553e-02 2.760218642652034760e-02 2.421656250953674316e-02 2.840946242213249207e-02 4.034899547696113586e-02 1.089843083173036575e-02 3.250071033835411072e-02 2.443438628688454628e-03 2.937711030244827271e-02 3.625620156526565552e-02 2.706930041313171387e-02 1.714883488602936268e-03 2.041496522724628448e-02 6.536556407809257507e-03 3.189046308398246765e-02 9.321191348135471344e-03 1.759747043251991272e-02 1.614142954349517822e-02 1.038159243762493134e-02 2.197707630693912506e-02 3.026651102118194103e-04 2.318075485527515411e-02 4.326228797435760498e-02 1.711946539580821991e-02 2.145934104919433594e-02 1.706687174737453461e-02 3.706342773512005806e-03 5.375425796955823898e-03 1.253681164234876633e-02 4.093006625771522522e-02 8.662417531013488770e-03 1.244847401976585388e-01 1.601654887199401855e-01 4.778971429914236069e-03 6.454672664403915405e-03 3.162145614624023438e-02 1.145510468631982803e-03 6.743517518043518066e-02 6.886368989944458008e-02 1.777533628046512604e-02 4.435418546199798584e-02 2.935723774135112762e-02 2.051051333546638489e-02 1.224317681044340134e-02 3.927774727344512939e-02 3.407462686300277710e-02 6.269277539104223251e-03 3.786876797676086426e-02 3.682807460427284241e-02 8.592727594077587128e-03 5.497999954968690872e-03 1.069186348468065262e-02 1.482336502522230148e-02 4.146143794059753418e-02 3.054818883538246155e-02 3.858044219668954611e-04 1.995751168578863144e-03 3.103951923549175262e-02 5.204002372920513153e-03 3.492962568998336792e-02 1.913931034505367279e-02 3.295573592185974121e-02 8.497826755046844482e-03 2.707458846271038055e-02 4.522011615335941315e-03 3.974207118153572083e-02 2.159149385988712311e-02
1.345372200012207031e-02 5.975882988423109055e-03 1.523728203028440475e-02 3.788141533732414246e-02 2.788111160043627024e-04 2.028018608689308167e-02 7.328546140342950821e-03 2.378265559673309326e-02 2.991973757743835449e-01 9.732382744550704956e-02 7.397163193672895432e-03 4.657987877726554871e-02 3.049077838659286499e-02 1.071923816198250279e-05 1.085505634546279907e-02 8.825150132179260254e-02 2.142774313688278198e-02 1.085478737950325012e-01 2.794804051518440247e-02 7.147778291255235672e-03 8.192112296819686890e-02 1.824722811579704285e-02 6.220322847366333008e-02 7.224515080451965332e-02 1.334004011005163193e-02 3.730646893382072449e-02 9.784252382814884186e-03 2.137206867337226868e-02 9.157049469649791718e-03 6.389240268617868423e-03 1.469114702194929123e-02 3.144829999655485153e-03 4.639355465769767761e-02 8.470575511455535889e-02 5.796201527118682861e-02 1.187243126332759857e-02 2.701388904824852943e-03 1.783845201134681702e-02 3.297847229987382889e-03 3.593594953417778015e-02 1.944851689040660858e-02 1.008530706167221069e-01 2.498652227222919464e-02 4.064867645502090454e-02 3.436891734600067139e-02 4.108833149075508118e-02 1.388426404446363449e-02 3.236961201764643192e-04 1.003476306796073914e-01 4.302721470594406128e-02 2.582182921469211578e-02 2.385419607162475586e-02 2.463015262037515640e-03 9.159910492599010468e-03 1.069732978940010071e-01 5.944192782044410706e-02 2.813554182648658752e-02 1.162171270698308945e-02 9.486694820225238800e-03 6.155610550194978714e-03 3.114015981554985046e-02 2.950062043964862823e-02 2.870742231607437134e-02 2.339157275855541229e-02 6.669442635029554367e-03 2.977940021082758904e-03 2.530307881534099579e-02 6.701315939426422119e-02 1.191294789314270020e-01 7.881283760070800781e-03 6.039768084883689880e-02 5.473905708640813828e-03 2.584499120712280273e-02 9.721137466840445995e-04 1.978860609233379364e-02 2.010525390505790710e-02 1.874725371599197388e-01 8.165773749351501465e-02 2.610998228192329407e-02 9.244108572602272034e-03 7.934978231787681580e-03 1.036598626524209976e-02 7.418745756149291992e-02 3.653898835182189941e-02 7.327186875045299530e-03 7.121641188859939575e-03 1.850287895649671555e-03 1.654591411352157593e-02 3.652947396039962769e-02 2.485184557735919952e-02 2.681003324687480927e-02 9.034393588081002235e-04 2.162953838706016541e-02 8.332007564604282379e-03 7.096230238676071167e-02 2.911251224577426910e-02 3.672198206186294556e-02 2.079144120216369629e-02 8.001504093408584595e-02 5.190700292587280273e-02 2.048553898930549622e-02 5.985803902149200439e-02 1.543820556253194809e-02 7.708776742219924927e-03 4.120434448122978210e-02 7.451145350933074951e-02 1.293983496725559235e-02 1.248234044760465622e-02 2.794964425265789032e-02 6.577244494110345840e-04 4.559732601046562195e-02 2.516502887010574341e-02 3.974708169698715210e-02 3.700685873627662659e-02 4.474824294447898865e-02 4.063626285642385483e-03
2.053027227520942688e-02 3.122861683368682861e-02 3.465083660557866096e-03 4.693515971302986145e-02 4.448872804641723633e-02 4.521676525473594666e-02 3.742998093366622925e-02 6.374615244567394257e-03 9.732382744550704956e-02 2.928381562232971191e-01 5.403720308095216751e-03 3.420734032988548279e-02 7.417179178446531296e-03 3.244151128455996513e-03 6.552541162818670273e-03 1.062452327460050583e-02 2.945424802601337433e-02 4.798680916428565979e-02 2.505751326680183411e-02 3.691824153065681458e-02 6.720420205965638161e-04 1.822027115849778056e-04 2.061602473258972168e-02 7.472693175077438354e-02 4.101894795894622803e-02 5.354581773281097412e-02 2.387376502156257629e-03 3.997965529561042786e-02 5.841203499585390091e-03 3.291321918368339539e-02 2.016134932637214661e-02 7.164335250854492188e-02 1.395222451537847519e-02 2.627985551953315735e-02 9.499336592853069305e-03 2.291568554937839508e-02 1.316998526453971863e-02 3.055780567228794098e-02 1.986868493258953094e-02 2.163779549300670624e-02 2.728651091456413269e-02 3.600808233022689819e-02 6.456913799047470093e-02 2.595265954732894897e-02 4.130852408707141876e-03 2.677738480269908905e-02 9.820611216127872467e-03 5.786869674921035767e-03 5.121096596121788025e-02 8.974706381559371948e-02 1.679144985973834991e-02 1.513755135238170624e-02 3.389605507254600525e-02 1.952669210731983185e-02 3.732186928391456604e-02 1.042478457093238831e-01 5.182125046849250793e-02 3.645121306180953979e-02 1.832072809338569641e-02 1.692784391343593597e-02 1.381952688097953796e-02 1.089812722057104111e-02 4.414581879973411560e-02 3.672973718494176865e-03 1.153244171291589737e-02 1.587367244064807892e-02 6.412736326456069946e-02 1.188122294843196869e-02 6.039350107312202454e-02 1.492239441722631454e-02 9.763349592685699463e-02 7.247193134389817715e-04 4.823579639196395874e-02 1.739350706338882446e-02 2.464870922267436981e-02 3.207715973258018494e-02 8.249107748270034790e-02 1.750149577856063843e-01 6.045296415686607361e-02 2.622957341372966766e-02 9.143927134573459625e-03 6.266270764172077179e-03 5.741920322179794312e-02 3.692030906677246094e-02 7.678929716348648071e-02 3.686276078224182129e-02 4.853739228565245867e-04 6.100694183260202408e-03 2.082885615527629852e-02 1.306998729705810547e-02 2.108883112668991089e-03 1.090626139193773270e-02 1.621427386999130249e-02 3.611514111980795860e-03 3.558437526226043701e-02 2.900385484099388123e-02 1.632175967097282410e-02 2.659081667661666870e-02 6.323321163654327393e-02 8.892206847667694092e-02 5.149088799953460693e-02 4.104550927877426147e-02 1.744575984776020050e-02 2.955719083547592163e-02 3.585989773273468018e-02 3.026676364243030548e-02 3.457042574882507324e-02 7.393973320722579956e-02 3.597419336438179016e-02 1.871093921363353729e-02 2.548140473663806915e-02 5.027260631322860718e-02 4.282913170754909515e-03 3.110675700008869171e-02 1.468030735850334167e-02 4.011223837733268738e-02
9.249569475650787354e-02 6.275348365306854248e-02 3.255682811141014099e-02 2.202021144330501556e-02 3.603176400065422058e-02 7.444027066230773926e-02 6.709580868482589722e-02 3.538601100444793701e-03 7.397163193672895432e-03 5.403720308095216751e-03 2.321297526359558105e-01 2.235892228782176971e-02 7.119500637054443359e-02 2.330199629068374634e-02 3.261574357748031616e-02 2.999444119632244110e-02 2.780149690806865692e-02 1.432695053517818451e-02 3.947298973798751831e-03 2.178657268814276904e-05 3.373977914452552795e-02 3.691100329160690308e-02 5.725866649299860001e-03 6.533305160701274872e-03 3.639165684580802917e-02 1.148260664194822311e-02 2.093555405735969543e-02 1.615414954721927643e-02 7.787980884313583374e-02 1.116337347775697708e-02 1.739822700619697571e-02 2.706406824290752411e-02 8.932250551879405975e-03 2.047889307141304016e-02 2.011942118406295776e-02 3.431741893291473389e-02 2.822470292448997498e-02 3.548175096511840820e-03 2.052626013755798340e-02 1.959753036499023438e-02 2.516388194635510445e-03 4.198261012788861990e-04 3.659216687083244324e-02 5.830566515214741230e-04 2.219177968800067902e-02 5.908735841512680054e-02 5.506494641304016113e-02 5.336907505989074707e-02 7.472547702491283417e-03 3.172192722558975220e-02 6.080950051546096802e-02 4.758244007825851440e-02 1.915308384923264384e-04 1.131158554926514626e-03 6.852736696600914001e-03 1.042513831635005772e-04 3.504861891269683838e-02 2.331071533262729645e-03 3.605072852224111557e-03 3.501605708152055740e-03 5.118753295391798019e-03 1.441217772662639618e-02 2.008241973817348480e-02 1.980789005756378174e-02 5.901383608579635620e-02 2.242480963468551636e-02 8.298245258629322052e-03 1.636149547994136810e-02 1.695619896054267883e-02 3.128779679536819458e-02 4.512961953878402710e-03 2.229933999478816986e-02 1.319134491495788097e-03 1.143025420606136322e-02 2.184305712580680847e-02 2.731191366910934448e-02 1.157342339865863323e-03 1.505367830395698547e-02 2.102473005652427673e-02 1.305995159782469273e-03 6.460973992943763733e-03 2.890404686331748962e-02 6.695658434182405472e-03 8.902058936655521393e-03 1.861419714987277985e-02 8.775239810347557068e-03 3.088533133268356323e-02 3.141036629676818848e-02 5.442441906780004501e-03 2.107754722237586975e-02 5.638803169131278992e-02 4.082941636443138123e-02 2.295362576842308044e-02 2.873893361538648605e-03 1.781014539301395416e-02 5.626091733574867249e-03 2.965949662029743195e-02 4.014191403985023499e-02 2.193820104002952576e-02 2.045665681362152100e-02 2.887632884085178375e-02 2.505568973720073700e-02 1.976558193564414978e-02 2.931392006576061249e-02 2.443007938563823700e-02 1.493986044079065323e-02 1.921300310641527176e-03 8.149062283337116241e-03 1.960921846330165863e-02 5.920323077589273453e-03 1.463601738214492798e-02 1.218528300523757935e-02 1.601842604577541351e-02 3.847570344805717468e-02 4.004178568720817566e-02 7.581810001283884048e-03
6.785296369343996048e-03 5.163625348359346390e-03 1.713035069406032562e-02 2.225577272474765778e-02 2.807092666625976562e-02 7.577735930681228638e-02 7.618656009435653687e-02 1.518062781542539597e-02 4.657987877726554871e-02 3.420734032988548279e-02 2.235892228782176971e-02 3.188143074512481689e-01 4.697208106517791748e-02 1.752935945987701416e-01 1.294223032891750336e-02 2.115082228556275368e-03 2.778333984315395355e-02 2.000766061246395111e-02 1.774222217500209808e-02 3.022543340921401978e-02 3.555965051054954529e-02 3.102432191371917725e-02 3.697716072201728821e-02 7.451468147337436676e-03 8.160470053553581238e-03 9.297961369156837463e-03 1.902714138850569725e-03 1.282543838024139404e-01 4.988378286361694336e-02 8.366271853446960449e-02 4.208472371101379395e-02 2.056968212127685547e-02 1.955432631075382233e-02 1.317347050644457340e-03 1.280841138213872910e-02 8.497149683535099030e-03 2.868737094104290009e-02 3.096925280988216400e-02 2.881561405956745148e-02 3.248537704348564148e-02 1.790103688836097717e-02 4.533445462584495544e-02 4.912457987666130066e-02 2.865696512162685394e-02 2.349520921707153320e-01 1.227695196866989136e-01 7.390789687633514404e-02 5.792678520083427429e-02 4.615366086363792419e-02 5.554388463497161865e-02 1.081820502877235413e-01 1.144995838403701782e-01 8.350607007741928101e-03 2.896224334836006165e-02 6.089270487427711487e-02 1.199228223413228989e-02 2.282330766320228577e-02 1.959471963346004486e-02 5.217326804995536804e-03 6.909259594976902008e-03 2.117416076362133026e-02 6.838644389063119888e-03 3.675936162471771240e-02 4.370641428977251053e-03 1.804690808057785034e-02 7.039817981421947479e-03 1.230220496654510498e-02 2.815322019159793854e-02 3.590940684080123901e-02 2.652549743652343750e-02 2.614368870854377747e-02 5.958730354905128479e-02 2.816089196130633354e-03 9.155148640275001526e-03 1.132651697844266891e-03 3.195454925298690796e-02 2.677522599697113037e-02 2.602121792733669281e-02 1.277771294116973877e-01 6.640900671482086182e-02 7.224739994853734970e-03 1.353568304330110550e-02 2.010461688041687012e-02 1.452714391052722931e-02 3.728910535573959351e-02 5.457088816910982132e-03 3.372451523318886757e-03 6.413700059056282043e-03 1.358049213886260986e-01 9.598940610885620117e-02 4.194265604019165039e-02 3.703710809350013733e-02 1.270298939198255539e-02 4.086519032716751099e-02 4.770601633936166763e-03 1.953117735683917999e-02 2.897659316658973694e-02 2.094080485403537750e-02 3.274363279342651367e-02 3.110460191965103149e-02 1.235532946884632111e-02 5.248105153441429138e-03 3.001833974849432707e-04 1.736109517514705658e-02 1.468570437282323837e-03 2.660061046481132507e-02 2.180444076657295227e-02 1.653890870511531830e-02 5.835097748786211014e-03 3.766749054193496704e-02 1.925507560372352600e-02 1.077145058661699295e-02 2.542856521904468536e-02 1.078332861652597785e-04 5.221534986048936844e-03 1.967069320380687714e-02
7.544057816267013550e-02 8.866863697767257690e-02 1.969417743384838104e-02 2.977044880390167236e-02 4.031072836369276047e-03 6.254322826862335205e-02 6.894944608211517334e-02 3.010757453739643097e-02 3.049077838659286499e-02 7.417179178446531296e-03 7.119500637054443359e-02 4.697208106517791748e-02 2.344066798686981201e-01 8.024797774851322174e-03 5.384106934070587158e-02 4.168811812996864319e-02 1.327442750334739685e-02 1.959509914740920067e-03 9.194247424602508545e-03 2.693211194127798080e-03 1.182258594781160355e-02 4.424732178449630737e-02 3.036652691662311554e-03 3.186679631471633911e-02 1.370754279196262360e-02 3.474257513880729675e-02 3.422636538743972778e-02 3.038567490875720978e-02 3.490541130304336548e-02 3.889898944180458784e-04 4.653382301330566406e-02 4.418267309665679932e-02 1.121169514954090118e-02 3.645030781626701355e-02 1.281412970274686813e-02 5.228275433182716370e-02 6.584090739488601685e-02 1.003922242671251297e-02 1.696062274277210236e-02 9.976635919883847237e-05 5.413225386291742325e-03 2.027539908885955811e-02 2.627482870593667030e-03 1.133468234911561012e-03 3.493609279394149780e-02 3.449311479926109314e-02 2.672818303108215332e-02 5.611294135451316833e-02 1.371512841433286667e-02 2.964910306036472321e-02 5.425484105944633484e-02 4.908711090683937073e-02 5.086282733827829361e-03 5.603628233075141907e-03 3.500018268823623657e-02 4.822212271392345428e-03 1.721563562750816345e-02 3.847258165478706360e-02 3.154626581817865372e-03 1.124839670956134796e-02 1.564502529799938202e-02 2.333203330636024475e-02 3.688967600464820862e-02 1.560272066853940487e-03 2.421861141920089722e-02 6.018342450261116028e-02 7.499348837882280350e-03 3.012473322451114655e-02 1.737856864929199219e-02 6.599403452128171921e-03 9.045707993209362030e-03 2.105579711496829987e-02 2.256945241242647171e-03 4.795010667294263840e-03 1.176220551133155823e-02 8.362208493053913116e-03 1.447014790028333664e-02 1.043221261352300644e-02 4.668576642870903015e-02 6.929984316229820251e-03 3.285355167463421822e-03 8.117657154798507690e-03 1.167814806103706360e-02 1.093859411776065826e-02 3.668804839253425598e-02 2.196708135306835175e-02 1.972676068544387817e-02 6.654732674360275269e-02 2.288613282144069672e-02 2.573037054389715195e-03 1.721348054707050323e-02 1.908310316503047943e-02 3.295447304844856262e-02 4.063222557306289673e-02 2.038842253386974335e-02 1.788247749209403992e-02 1.144390553236007690e-02 2.508217236027121544e-03 1.678822562098503113e-02 1.035459525883197784e-02 4.292520135641098022e-02 3.662395104765892029e-02 1.273692003451287746e-03 9.658996015787124634e-03 2.900052070617675781e-02 2.634299546480178833e-02 3.269479423761367798e-02 3.887667879462242126e-02 4.129499569535255432e-02 3.604859858751296997e-02 4.616013262420892715e-03 4.626069276127964258e-04 1.721656322479248047e-02 1.615997403860092163e-02 1.797766308300197124e-03 7.666000165045261383e-03
