1.290160119533538818e-01 1.374531686305999756e-01 4.528250545263290405e-02 2.007644064724445343e-02 2.021507546305656433e-02 1.022069007158279419e-01 8.974787592887878418e-02 2.314061112701892853e-02 1.998581737279891968e-02 1.025379076600074768e-02 1.005135402083396912e-01 4.712722077965736389e-02 9.813024103641510010e-02 6.619559228420257568e-02 5.641140043735504150e-02 1.815875433385372162e-02 8.316308259963989258e-03 2.954628691077232361e-02 1.045074034482240677e-02 1.398671418428421021e-03 1.272980007342994213e-03 5.722375586628913879e-02 3.553784335963428020e-04 1.750724948942661285e-02 9.701330563984811306e-04 1.629895344376564026e-02 5.818382278084754944e-02 2.511931769549846649e-02 1.336156670004129410e-02 3.671488724648952484e-03 3.627341357059776783e-04 1.689990237355232239e-02 1.357310917228460312e-02 2.616052515804767609e-02 7.764154579490423203e-03 3.474314883351325989e-02 1.997853443026542664e-02 7.259796839207410812e-03 4.937023669481277466e-02 3.038770705461502075e-02 1.263212412595748901e-02 2.899109618738293648e-03 8.232572115957736969e-03 3.308687359094619751e-02 3.620626404881477356e-03 9.411118924617767334e-03 4.854427278041839600e-02 4.969900101423263550e-02 2.545584365725517273e-02 2.022896520793437958e-02 2.022360824048519135e-02 1.134168822318315506e-03 5.503285676240921021e-03 8.608397096395492554e-03 1.766548864543437958e-02 9.506826288998126984e-03 1.260884664952754974e-02 1.031635049730539322e-02 1.095427200198173523e-02 6.485225632786750793e-03 1.221886184066534042e-02 2.442049235105514526e-02 2.562983892858028412e-03 2.267677523195743561e-02 1.095853187143802643e-02 1.655573211610317230e-02 8.962783031165599823e-03 4.899929743260145187e-03 6.363857537508010864e-03 5.920762941241264343e-02 2.972093783318996429e-02 7.520412560552358627e-03 3.612923994660377502e-02 8.475522696971893311e-02 1.467248145490884781e-02 2.193389087915420532e-02 1.017251610755920410e-02 2.737963572144508362e-02 8.084167726337909698e-03 1.080665923655033112e-02 1.537526119500398636e-02 3.136095777153968811e-02 2.422759495675563812e-02 3.095513908192515373e-03 1.837243139743804932e-02 6.666417699307203293e-03 1.994562521576881409e-02 2.206664346158504486e-02 1.825511083006858826e-02 2.631714940071105957e-02 8.375251665711402893e-03 1.659889239817857742e-03 1.518171932548284531e-02 1.884411647915840149e-02 8.876714855432510376e-04 1.444943156093358994e-02 4.612609278410673141e-03 2.400643564760684967e-02 9.651477448642253876e-03 2.612446062266826630e-02 1.819210592657327652e-03 1.538293436169624329e-02 2.134783379733562469e-02 2.696571685373783112e-02 1.458085514605045319e-02 3.987188637256622314e-02 3.143037110567092896e-02 1.756647974252700806e-02 1.380151044577360153e-02 4.677509423345327377e-03 6.177761126309633255e-03 2.683092467486858368e-02 1.873932196758687496e-03 6.085975561290979385e-03 1.696093240752816200e-04 1.961995847523212433e-02
1.374531686305999756e-01 1.392180919647216797e-01 2.367076277732849121e-02 9.533893899060785770e-04 8.641481981612741947e-04 1.014941930770874023e-01 1.072223782539367676e-01 2.266442030668258667e-02 1.606920547783374786e-02 3.051798790693283081e-02 7.970351725816726685e-02 3.996709734201431274e-02 1.164926066994667053e-01 8.249966800212860107e-02 5.333270877599716187e-02 6.225592922419309616e-03 6.246601231396198273e-03 2.739524841308593750e-02 3.213889896869659424e-02 7.622624747455120087e-03 1.596155343577265739e-03 4.574767127633094788e-02 8.950526826083660126e-03 8.160250145010650158e-04 1.982242427766323090e-02 2.739091590046882629e-02 7.028894871473312378e-02 1.712657511234283447e-02 2.051442163065075874e-03 2.975535579025745392e-02 5.867312848567962646e-02 1.778789423406124115e-02 1.040910929441452026e-02 2.365905046463012695e-02 8.792502805590629578e-03 4.840622097253799438e-02 3.322216495871543884e-02 1.790985092520713806e-02 2.953677810728549957e-02 2.466841973364353180e-02 1.681792782619595528e-03 5.378074012696743011e-03 5.762170068919658661e-03 2.911202237010002136e-02 4.640374681912362576e-04 1.367561239749193192e-02 2.925263158977031708e-02 5.383004620671272278e-02 5.860881414264440536e-03 9.581645950675010681e-03 2.749261818826198578e-02 2.544239349663257599e-02 1.784014888107776642e-02 2.495824545621871948e-02 2.245326992124319077e-03 2.093940787017345428e-02 2.255657687783241272e-02 2.476078085601329803e-02 8.119912818074226379e-03 1.307014096528291702e-02 1.881351135671138763e-02 2.259072475135326385e-02 1.120617240667343140e-02 7.146634161472320557e-03 2.229060418903827667e-02 2.715329464990645647e-04 1.264548860490322113e-02 9.181560948491096497e-03 2.670879848301410675e-02 5.877136066555976868e-02 3.123964928090572357e-02 1.905530318617820740e-02 3.677327558398246765e-02 9.262846410274505615e-02 1.753168739378452301e-02 3.980509564280509949e-02 1.393474638462066650e-02 2.882388979196548462e-02 3.377794753760099411e-03 1.776893995702266693e-02 2.307491376996040344e-02 3.257606923580169678e-02 1.386317610740661621e-02 2.500460296869277954e-02 3.097368963062763214e-02 7.308540400117635727e-03 1.659815199673175812e-02 9.957320056855678558e-03 3.507414367049932480e-03 1.932117342948913574e-02 1.996910199522972107e-02 3.189886733889579773e-02 5.936817824840545654e-02 5.217585712671279907e-03 8.801857940852642059e-03 1.497204881161451340e-02 2.367016859352588654e-02 1.867493800818920135e-02 2.165350317955017090e-02 2.472316846251487732e-02 1.445244415663182735e-03 1.870293542742729187e-02 3.799136029556393623e-03 3.251545829698443413e-03 1.203783228993415833e-02 6.706900894641876221e-02 4.167804121971130371e-02 1.770686358213424683e-02 8.716741576790809631e-03 1.811053976416587830e-02 2.635319251567125320e-04 1.220889575779438019e-02 1.322615891695022583e-03 1.134923938661813736e-02 6.286526564508676529e-03 1.033133734017610550e-02
4.528250545263290405e-02 2.367076277732849121e-02 1.459600031375885010e-01 4.283250123262405396e-02 2.931630425155162811e-02 1.470881421118974686e-02 1.145004201680421829e-02 1.252672523260116577e-01 2.324742265045642853e-02 6.629244983196258545e-02 2.510151267051696777e-02 5.269894842058420181e-03 8.205964230000972748e-03 1.193754281848669052e-02 1.331226713955402374e-02 1.995564997196197510e-02 3.970566019415855408e-02 6.433813367038965225e-03 2.170559763908386230e-02 2.574794180691242218e-02 1.103466376662254333e-02 3.281335905194282532e-02 1.853655464947223663e-02 2.294064126908779144e-02 1.208707783371210098e-02 4.334013164043426514e-02 1.722998544573783875e-02 3.405859693884849548e-03 1.454379409551620483e-02 3.298139199614524841e-02 1.805258356034755707e-02 1.682789064943790436e-02 2.124193497002124786e-02 2.801275625824928284e-02 8.026286959648132324e-03 1.430389191955327988e-02 3.756425529718399048e-02 9.083277732133865356e-02 6.434283684939146042e-03 2.216033404693007469e-03 1.120531260967254639e-01 5.832278402522206306e-04 9.077787399291992188e-03 3.198384493589401245e-02 4.240409471094608307e-03 3.225462138652801514e-02 4.329818114638328552e-02 5.656768009066581726e-02 1.090747956186532974e-02 2.133728191256523132e-02 2.242308342829346657e-03 1.122554019093513489e-02 1.985142566263675690e-02 1.982916891574859619e-02 9.646505117416381836e-03 4.517931118607521057e-02 2.905727364122867584e-02 5.808185040950775146e-02 1.695950701832771301e-02 2.579744346439838409e-02 2.713296934962272644e-02 3.637242317199707031e-02 5.801653955131769180e-03 6.218610703945159912e-02 2.762927114963531494e-02 5.013002455234527588e-02 1.041486114263534546e-02 2.204373292624950409e-02 1.454666256904602051e-03 6.858502980321645737e-03 2.248884551227092743e-02 7.753624022006988525e-02 1.967329718172550201e-02 5.995086207985877991e-02 7.532484084367752075e-02 2.017044834792613983e-02 2.261428348720073700e-02 2.287682145833969116e-02 5.208868999034166336e-03 1.512857060879468918e-02 3.032288253307342529e-01 3.934714794158935547e-01 2.801321819424629211e-02 4.843146353960037231e-02 3.432787209749221802e-02 3.035072982311248779e-02 9.333108365535736084e-02 2.216756157577037811e-02 3.540598228573799133e-02 3.270972520112991333e-02 4.767189547419548035e-02 5.290943384170532227e-02 5.970623716711997986e-02 3.282086923718452454e-02 2.844369597733020782e-02 8.870434015989303589e-03 8.273897320032119751e-02 4.134104400873184204e-02 1.223187148571014404e-02 1.016219053417444229e-02 3.658559545874595642e-02 1.424826029688119888e-02 2.136493660509586334e-02 5.495607480406761169e-02 3.783303871750831604e-02 3.153011202812194824e-02 3.043436259031295776e-02 1.963152550160884857e-02 3.453881293535232544e-02 2.339208032935857773e-03 1.255213171243667603e-01 3.575344756245613098e-02 2.135673165321350098e-02 7.628307677805423737e-03 7.613126188516616821e-02 3.590683639049530029e-02
2.007644064724445343e-02 9.533893899060785770e-04 4.283250123262405396e-02 1.423871070146560669e-01 2.351799607276916504e-01 1.702610589563846588e-02 5.292712245136499405e-03 1.294400915503501892e-02 1.935067027807235718e-02 2.504882030189037323e-02 9.088610531762242317e-04 5.929006636142730713e-02 1.298787165433168411e-02 3.092519938945770264e-02 4.729570820927619934e-02 6.618106365203857422e-02 2.197223529219627380e-02 7.479934394359588623e-02 7.811557501554489136e-02 6.691342219710350037e-03 2.701699966564774513e-03 1.206583436578512192e-02 8.373232558369636536e-03 3.598389774560928345e-02 7.493444718420505524e-03 8.449390530586242676e-03 3.842307627201080322e-02 6.365215033292770386e-02 5.970200151205062866e-02 2.159075997769832611e-02 5.794565379619598389e-02 3.676646854728460312e-03 6.085257511585950851e-03 3.305995091795921326e-02 2.627581171691417694e-02 3.124824492260813713e-03 1.842274330556392670e-02 1.192429475486278534e-02 1.114657893776893616e-01 9.444366395473480225e-02 3.621091693639755249e-02 5.500088445842266083e-03 1.824793592095375061e-02 1.741432026028633118e-02 3.199448436498641968e-02 1.148633542470633984e-03 7.582332007586956024e-03 3.447201475501060486e-02 3.524503204971551895e-03 5.806598812341690063e-02 4.417162761092185974e-02 3.363008424639701843e-02 2.975950948894023895e-02 3.917983919382095337e-02 3.465886041522026062e-02 6.951337307691574097e-02 5.931184813380241394e-02 1.921995310112833977e-03 1.339069334790110588e-03 3.972690086811780930e-03 7.036791741847991943e-02 4.438991192728281021e-03 6.798127293586730957e-02 3.646056726574897766e-02 2.931632101535797119e-02 1.525129098445177078e-02 9.426328353583812714e-03 8.651996031403541565e-03 7.416405249387025833e-03 2.625301666557788849e-02 6.373187899589538574e-02 7.057851552963256836e-02 1.305638998746871948e-01 5.089852586388587952e-02 2.319939807057380676e-02 3.336987271904945374e-02 2.488697133958339691e-02 5.959116667509078979e-02 3.170064464211463928e-02 1.685493253171443939e-02 1.161831431090831757e-02 2.781333215534687042e-02 1.041702851653099060e-01 2.577411942183971405e-02 8.414390496909618378e-03 2.248276211321353912e-02 4.609619267284870148e-03 8.352189324796199799e-03 1.005276590585708618e-01 1.524206902831792831e-02 3.408960253000259399e-02 2.365163899958133698e-02 6.967626046389341354e-03 3.671693056821823120e-02 6.360061815939843655e-04 3.501799330115318298e-02 1.348040811717510223e-02 4.126794170588254929e-03 2.479955554008483887e-02 8.855056017637252808e-03 4.059905651956796646e-03 2.460314147174358368e-02 2.742186933755874634e-02 4.955390933901071548e-03 1.304552983492612839e-02 1.528237294405698776e-02 4.216676205396652222e-02 5.603989958763122559e-02 2.004787884652614594e-02 6.163141131401062012e-02 2.189967222511768341e-02 3.454017266631126404e-02 8.663801476359367371e-03 3.375058993697166443e-02 6.342103332281112671e-02 3.868937492370605469e-02
2.021507546305656433e-02 8.641481981612741947e-04 2.931630425155162811e-02 2.351799607276916504e-01 1.551938802003860474e-01 1.025263592600822449e-02 6.532491650432348251e-03 2.208103425800800323e-03 8.219466544687747955e-03 8.511135727167129517e-02 2.345797047019004822e-02 3.153569623827934265e-02 3.742835251614451408e-03 3.830220177769660950e-02 3.016700968146324158e-02 4.276333749294281006e-02 7.147569209337234497e-02 8.610738068819046021e-02 4.839912801980972290e-02 6.821207236498594284e-03 9.196897968649864197e-03 1.511126849800348282e-02 6.466042716056108475e-03 8.637042716145515442e-03 4.158832132816314697e-02 4.290485754609107971e-02 6.457169353961944580e-02 4.798259586095809937e-02 2.970924228429794312e-02 2.842444367706775665e-02 2.504764357581734657e-03 1.719096442684531212e-03 3.304618224501609802e-02 4.664681479334831238e-02 5.600501596927642822e-02 5.150498822331428528e-03 8.506861515343189240e-03 4.632863402366638184e-02 1.453246325254440308e-01 1.960183680057525635e-01 3.780104685574769974e-03 7.711216807365417480e-03 5.118969827890396118e-03 2.825814671814441681e-02 5.335721373558044434e-02 4.322209861129522324e-03 1.917217299342155457e-02 5.720432454836554825e-05 1.362039986997842789e-02 9.368157945573329926e-03 6.967407464981079102e-02 7.069718092679977417e-02 2.741715870797634125e-02 3.048655204474925995e-02 3.126234188675880432e-02 2.282089367508888245e-02 2.766138315200805664e-02 1.189367566257715225e-02 1.255220081657171249e-02 1.724066771566867828e-02 2.993577159941196442e-02 5.895745009183883667e-02 2.609043009579181671e-02 3.959236666560173035e-02 1.339276786893606186e-02 1.778711751103401184e-02 2.838929370045661926e-02 2.665889076888561249e-02 1.366245839744806290e-02 2.746719866991043091e-02 8.250934071838855743e-03 3.791564702987670898e-02 9.757600724697113037e-02 2.200239151716232300e-02 7.564705610275268555e-02 6.572221405804157257e-03 1.015991717576980591e-02 2.614821493625640869e-02 4.883561283349990845e-02 3.273554518818855286e-02 3.678870201110839844e-02 6.698797806166112423e-04 9.914147108793258667e-02 1.668944358825683594e-01 2.548140287399291992e-02 2.299850992858409882e-02 1.082790084183216095e-03 2.404205501079559326e-02 5.853612348437309265e-02 1.364131551235914230e-02 2.288893982768058777e-02 2.037014812231063843e-03 3.310510888695716858e-02 1.570093818008899689e-02 3.631586441770195961e-03 3.048568964004516602e-03 1.906066201627254486e-02 3.967919573187828064e-02 1.237058825790882111e-02 2.886306867003440857e-02 1.156688109040260315e-02 3.814513562247157097e-03 4.438333585858345032e-02 2.295107208192348480e-02 5.729163065552711487e-02 5.952502787113189697e-02 1.089255418628454208e-02 2.674666047096252441e-02 4.244945570826530457e-02 3.348134458065032959e-02 2.783250994980335236e-02 5.473427474498748779e-03 1.896957680583000183e-02 1.570837572216987610e-02 2.333713509142398834e-02 2.975292736664414406e-03
1.022069007158279419e-01 1.014941930770874023e-01 1.470881421118974686e-02 1.702610589563846588e-02 1.025263592600822449e-02 1.358472108840942383e-01 1.415442973375320435e-01 1.265427377074956894e-02 3.312052413821220398e-02 2.392258681356906891e-02 7.924777269363403320e-02 1.039030402898788452e-01 6.208812072873115540e-02 1.263704001903533936e-01 4.002751782536506653e-02 3.859753534197807312e-02 3.822775185108184814e-02 8.962183259427547455e-03 3.676118329167366028e-02 1.057286281138658524e-02 5.287057720124721527e-03 4.847025871276855469e-02 9.087553247809410095e-03 4.898316226899623871e-03 3.741205111145973206e-02 3.605752065777778625e-02 5.150886997580528259e-02 8.184248954057693481e-02 5.530411750078201294e-02 4.048742353916168213e-02 3.348962590098381042e-02 6.410735193639993668e-03 1.511971559375524521e-02 2.982144476845860481e-03 1.500679645687341690e-02 1.040674280375242233e-02 2.538878004997968674e-03 2.447586692869663239e-02 4.504777863621711731e-02 1.871888409368693829e-03 2.510885521769523621e-02 9.298963472247123718e-03 1.305753737688064575e-02 1.238858234137296677e-02 1.779407449066638947e-02 5.840864032506942749e-03 1.001606062054634094e-01 4.983352869749069214e-02 1.214439701288938522e-02 4.842986911535263062e-02 1.361320633441209793e-02 4.223411902785301208e-03 1.313829328864812851e-02 1.088240928947925568e-02 1.281626988202333450e-02 2.792950952425599098e-03 1.196286920458078384e-02 9.963768534362316132e-03 2.464560419321060181e-02 1.931897923350334167e-02 1.653403043746948242e-02 2.466148883104324341e-02 1.015170887112617493e-01 3.953580558300018311e-02 4.066430777311325073e-02 3.973579406738281250e-02 3.558319061994552612e-02 1.357655599713325500e-02 2.486926130950450897e-02 6.076351553201675415e-02 3.799465671181678772e-02 9.032853692770004272e-02 3.270770609378814697e-02 7.636378705501556396e-02 2.009805850684642792e-02 6.637136638164520264e-02 1.857430860400199890e-02 2.235844172537326813e-02 1.118064112961292267e-02 3.629238903522491455e-02 4.772055521607398987e-02 4.748169332742691040e-02 3.773286566138267517e-02 2.628418058156967163e-02 1.657071523368358612e-02 1.992281991988420486e-03 8.627831004559993744e-03 1.212506927549839020e-02 1.376720797270536423e-02 1.589819556102156639e-03 7.114492822438478470e-03 3.534841910004615784e-02 1.247412990778684616e-03 2.468889206647872925e-02 7.755474507575854659e-05 1.713467645458877087e-04 1.207770965993404388e-02 1.731791161000728607e-02 1.921881735324859619e-02 6.005553063005208969e-03 7.435534615069627762e-03 7.602539262734353542e-04 1.577927917242050171e-02 2.880224492400884628e-03 2.296653948724269867e-02 5.043438822031021118e-02 1.288969535380601883e-02 2.702622441574931145e-03 1.081963186152279377e-03 4.233386740088462830e-02 5.242181010544300079e-03 3.029534406960010529e-02 3.723120549693703651e-03 2.455771667882800102e-03 1.078882627189159393e-02 7.574983872473239899e-03
8.974787592887878418e-02 1.072223782539367676e-01 1.145004201680421829e-02 5.292712245136499405e-03 6.532491650432348251e-03 1.415442973375320435e-01 1.442778706550598145e-01 2.063585445284843445e-02 1.479410938918590546e-02 1.330322818830609322e-03 7.618612796068191528e-02 4.274945706129074097e-02 9.841698408126831055e-02 1.175373196601867676e-01 1.960230525583028793e-03 1.522407215088605881e-02 3.852977976202964783e-02 3.336922451853752136e-02 2.239263802766799927e-02 6.401722785085439682e-03 1.755650155246257782e-02 2.663105167448520660e-02 5.082953721284866333e-03 1.410312019288539886e-02 3.666360676288604736e-02 2.968033589422702789e-02 4.366393387317657471e-02 2.071409299969673157e-02 2.788840420544147491e-02 9.161652065813541412e-03 1.637257263064384460e-02 4.658021032810211182e-03 2.022849395871162415e-03 2.859604172408580780e-02 3.968454524874687195e-02 1.793039846234023571e-03 8.208910934627056122e-03 1.747191883623600006e-02 1.582675240933895111e-02 5.566192045807838440e-02 4.730829969048500061e-03 2.247560769319534302e-02 2.201954647898674011e-02 1.794554479420185089e-02 5.289472173899412155e-03 3.324767202138900757e-02 1.181516051292419434e-01 1.367253065109252930e-01 1.626290008425712585e-02 4.207294806838035583e-02 1.873558969236910343e-03 1.912440056912600994e-03 3.799890168011188507e-03 2.860938571393489838e-02 1.059835590422153473e-02 6.852070242166519165e-02 1.255224738270044327e-02 1.287471316754817963e-02 8.963858708739280701e-03 1.121430844068527222e-02 1.121298316866159439e-02 3.484965860843658447e-02 6.636971980333328247e-02 1.168322656303644180e-02 6.413393653929233551e-03 4.027436953037977219e-03 8.812808431684970856e-03 2.256929501891136169e-02 2.263066172599792480e-02 1.665718667209148407e-02 2.822355553507804871e-02 3.451129421591758728e-02 1.150385010987520218e-02 7.279936969280242920e-02 2.377245761454105377e-02 7.208381593227386475e-02 2.326694130897521973e-02 3.692761808633804321e-02 1.848392747342586517e-02 1.358128618448972702e-02 2.805679105222225189e-02 1.348177785985171795e-03 3.896741569042205811e-02 1.974262110888957977e-02 1.137665193527936935e-02 2.833374775946140289e-02 6.480462616309523582e-05 2.126521663740277290e-03 2.259119972586631775e-02 3.311910107731819153e-02 4.596981033682823181e-02 1.501889433711767197e-02 5.256133526563644409e-02 7.984513416886329651e-03 1.002125348895788193e-02 3.583707381039857864e-03 3.194792196154594421e-03 9.926101192831993103e-03 1.963447220623493195e-02 7.034290116280317307e-03 1.713049411773681641e-02 1.834604330360889435e-02 1.677477918565273285e-02 8.932007476687431335e-03 5.751826614141464233e-02 3.372533619403839111e-02 5.209080409258604050e-03 9.066592901945114136e-03 5.486131086945533752e-02 3.906422108411788940e-02 2.304417267441749573e-02 4.357997328042984009e-03 2.400435507297515869e-02 1.583195105195045471e-02 1.772135146893560886e-04 6.991481641307473183e-04
2.314061112701892853e-02 2.266442030668258667e-02 1.252672523260116577e-01 1.294400915503501892e-02 2.208103425800800323e-03 1.265427377074956894e-02 2.063585445284843445e-02 1.177610754966735840e-01 2.814750932157039642e-02 5.451930221170186996e-03 5.792610347270965576e-02 1.277116872370243073e-02 6.146518886089324951e-02 3.779917955398559570e-03 1.101453527808189392e-01 1.941016316413879395e-02 1.369563210755586624e-02 3.304516524076461792e-02 5.679789930582046509e-02 2.686574868857860565e-02 1.016223523765802383e-02 3.908678889274597168e-02 3.233585157431662083e-04 9.349414147436618805e-03 2.802370116114616394e-02 1.904715783894062042e-02 3.413359820842742920e-02 2.908055298030376434e-02 2.343696309253573418e-03 1.957657746970653534e-02 4.461964592337608337e-02 1.601473614573478699e-02 3.299026982858777046e-03 2.720449492335319519e-02 3.249424695968627930e-02 1.648903079330921173e-02 1.563159562647342682e-02 2.229737862944602966e-02 1.098814383149147034e-01 2.102369070053100586e-02 4.410289600491523743e-02 2.499123569577932358e-03 5.265916232019662857e-03 2.731760218739509583e-02 4.197648912668228149e-02 2.376392856240272522e-02 3.728153184056282043e-02 1.369472872465848923e-02 5.473217461258172989e-04 4.091092944145202637e-02 4.291712865233421326e-02 1.461236737668514252e-02 1.053962018340826035e-02 8.182357996702194214e-02 2.926957607269287109e-02 6.530197337269783020e-03 2.129943296313285828e-02 2.925798296928405762e-02 3.243160992860794067e-02 3.780636936426162720e-03 1.701768487691879272e-02 3.088797070086002350e-02 2.504380792379379272e-02 1.931409165263175964e-02 3.688231576234102249e-03 6.181781180202960968e-03 2.795390598475933075e-02 7.975111715495586395e-03 1.186038274317979813e-02 1.653311587870121002e-02 1.854589674621820450e-03 8.639962412416934967e-03 7.897795876488089561e-04 5.285429581999778748e-02 1.697848434560000896e-03 2.883628755807876587e-02 2.628126367926597595e-02 2.486166916787624359e-02 4.203074797987937927e-02 3.687879815697669983e-02 1.865142881870269775e-01 8.997367322444915771e-02 1.974000222980976105e-02 8.919218555092811584e-03 1.266788318753242493e-02 1.970862224698066711e-02 9.846980124711990356e-02 7.514260709285736084e-02 1.709075830876827240e-02 1.955947373062372208e-03 2.199524454772472382e-02 1.601556874811649323e-02 1.087049487978219986e-02 4.462008923292160034e-02 1.378266513347625732e-02 6.984877865761518478e-03 1.233808230608701706e-02 4.126349091529846191e-02 8.055444806814193726e-03 1.990204490721225739e-02 6.140544544905424118e-03 2.528667449951171875e-03 5.097044259309768677e-02 1.583581673912703991e-03 5.750906839966773987e-02 1.374744903296232224e-02 2.475773729383945465e-02 7.262022700160741806e-03 4.557266831398010254e-02 2.420903183519840240e-03 3.709115087985992432e-03 8.868624456226825714e-03 1.815683022141456604e-02 1.482558809220790863e-02 4.065250232815742493e-02 2.462971583008766174e-02
1.998581737279891968e-02 1.606920547783374786e-02 2.324742265045642853e-02 1.935067027807235718e-02 8.219466544687747955e-03 3.312052413821220398e-02 1.479410938918590546e-02 2.814750932157039642e-02 1.585249602794647217e-01 6.699945032596588135e-02 1.665600016713142395e-02 9.100481122732162476e-02 5.384735413827002048e-04 3.975039348006248474e-02 1.741754822432994843e-03 2.396563813090324402e-02 7.980930968187749386e-04 1.268156617879867554e-01 2.026673778891563416e-02 2.070648781955242157e-02 9.278570301830768585e-03 2.594351582229137421e-02 4.757941141724586487e-02 2.949847653508186340e-02 2.110966295003890991e-02 1.517092157155275345e-02 7.514886558055877686e-02 1.213388424366712570e-02 2.791959792375564575e-02 2.380836522206664085e-03 1.228608097881078720e-02 3.355089947581291199e-02 4.283252358436584473e-02 2.338158711791038513e-02 3.739611059427261353e-02 1.997218467295169830e-02 2.821667306125164032e-02 4.954849183559417725e-02 1.622132211923599243e-02 3.097937675192952156e-03 7.837690412998199463e-03 2.954504452645778656e-02 1.415726821869611740e-02 3.207396343350410461e-02 6.629417836666107178e-02 1.675020717084407806e-02 4.328356124460697174e-03 3.311062604188919067e-02 9.881984442472457886e-02 3.536926116794347763e-03 4.251440241932868958e-02 3.534179553389549255e-02 3.204225376248359680e-02 5.080279335379600525e-02 1.220809072256088257e-01 7.103077601641416550e-03 4.488962143659591675e-02 1.824154146015644073e-02 1.437260676175355911e-02 9.664641693234443665e-03 1.004643738269805908e-02 6.208618637174367905e-03 3.627132996916770935e-02 1.848702505230903625e-02 4.452431574463844299e-02 7.572317961603403091e-03 3.169178590178489685e-02 3.143639117479324341e-02 6.477738171815872192e-02 3.788503585383296013e-03 1.571271009743213654e-02 1.488301809877157211e-02 2.062879130244255066e-02 2.538492530584335327e-02 5.210831016302108765e-02 1.506561506539583206e-02 1.170399039983749390e-01 5.979848653078079224e-02 7.645431160926818848e-02 2.001633169129490852e-03 3.396222367882728577e-02 1.000779401510953903e-02 3.679817542433738708e-03 2.302419953048229218e-02 1.355419866740703583e-02 6.053821183741092682e-03 5.080453585833311081e-03 1.281857956200838089e-02 9.053242951631546021e-02 4.270241409540176392e-02 2.487150579690933228e-02 1.900074072182178497e-02 1.358903292566537857e-02 2.993061579763889313e-02 2.129587903618812561e-02 5.598592688329517841e-04 8.292639255523681641e-02 6.497974507510662079e-03 7.592060416936874390e-02 2.973506040871143341e-02 2.429579012095928192e-02 2.187569334637373686e-04 1.866111904382705688e-02 1.085036201402544975e-03 3.744950890541076660e-02 7.265232969075441360e-03 2.686081919819116592e-03 1.506797317415475845e-02 2.183302491903305054e-02 1.357062906026840210e-02 8.235491812229156494e-03 3.637553378939628601e-02 4.121897742152214050e-02 1.117259636521339417e-02 2.510463260114192963e-02 2.211881987750530243e-02
1.025379076600074768e-02 3.051798790693283081e-02 6.629244983196258545e-02 2.504882030189037323e-02 8.511135727167129517e-02 2.392258681356906891e-02 1.330322818830609322e-03 5.451930221170186996e-03 6.699945032596588135e-02 2.549355328083038330e-01 4.350930918008089066e-03 2.683901414275169373e-02 2.585075795650482178e-03 9.922163188457489014e-02 1.866882434114813805e-03 3.470135852694511414e-02 7.869456708431243896e-02 1.800378551706671715e-03 1.959382146596908569e-01 5.757456645369529724e-03 6.343211978673934937e-02 3.669801168143749237e-03 4.945622384548187256e-02 1.259047389030456543e-01 5.242270603775978088e-02 1.480778865516185760e-02 3.539661411195993423e-04 4.533540457487106323e-02 7.057984918355941772e-02 1.591650396585464478e-02 4.324325546622276306e-02 4.255700856447219849e-02 5.643984675407409668e-02 3.523196652531623840e-02 2.421423327177762985e-03 1.691623823717236519e-03 2.086399123072624207e-02 4.287025891244411469e-03 7.903424091637134552e-03 7.318061590194702148e-02 1.726727932691574097e-02 1.259558927267789841e-02 3.542683843988925219e-04 6.874477490782737732e-03 4.027023538947105408e-02 3.148130327463150024e-02 1.199781149625778198e-02 6.144080311059951782e-03 3.906370699405670166e-02 1.629586517810821533e-01 1.342784147709608078e-02 5.655671469867229462e-03 5.367019027471542358e-02 5.532010924071073532e-03 2.730253711342811584e-02 1.169882193207740784e-01 6.769862771034240723e-02 1.173916552215814590e-02 7.946840923978015780e-05 1.855002157390117645e-02 1.661399938166141510e-02 4.972240421921014786e-03 7.737839221954345703e-02 2.228402532637119293e-02 8.318160474300384521e-02 2.184040844440460205e-03 2.072167582809925079e-03 1.591528952121734619e-02 1.203419268131256104e-02 1.460339222103357315e-02 7.761196047067642212e-02 1.431751996278762817e-02 6.064693629741668701e-02 8.517614752054214478e-02 2.589104883372783661e-02 2.587194740772247314e-02 7.546850945800542831e-03 2.451598346233367920e-01 1.135213114321231842e-02 2.703293561935424805e-01 3.452368453145027161e-02 2.564807888120412827e-03 4.200431052595376968e-03 1.470460742712020874e-01 1.788382790982723236e-02 1.101006660610437393e-02 4.008913412690162659e-03 6.497986149042844772e-03 2.247822657227516174e-02 1.274756193161010742e-01 4.125780612230300903e-02 3.302439302206039429e-02 4.130144789814949036e-02 4.048439860343933105e-02 2.061827294528484344e-02 3.023295290768146515e-02 2.711403928697109222e-02 4.559047147631645203e-02 7.677003741264343262e-04 8.524057269096374512e-02 2.615320123732089996e-02 2.302070148289203644e-02 3.584770485758781433e-02 4.897653311491012573e-02 9.129582345485687256e-02 2.775671705603599548e-02 2.233861759305000305e-02 3.347545862197875977e-02 4.131557419896125793e-02 2.577370405197143555e-02 3.372048586606979370e-02 5.047418177127838135e-02 6.326276343315839767e-03 4.354005679488182068e-02 5.210850015282630920e-02 3.396767377853393555e-02
1.005135402083396912e-01 7.970351725816726685e-02 2.510151267051696777e-02 9.088610531762242317e-04 2.345797047019004822e-02 7.924777269363403320e-02 7.618612796068191528e-02 5.792610347270965576e-02 1.665600016713142395e-02 4.350930918008089066e-03 1.370480358600616455e-01 2.204614877700805664e-02 1.186643093824386597e-01 3.572827577590942383e-02 6.175590679049491882e-02 2.556560328230261803e-03 1.706010662019252777e-02 2.390004135668277740e-02 3.039360977709293365e-02 3.203830274287611246e-04 1.892655715346336365e-02 3.550254181027412415e-02 3.619055962190032005e-03 6.920307874679565430e-03 2.030496485531330109e-02 4.117969796061515808e-02 3.222723677754402161e-02 1.155602559447288513e-02 2.857440523803234100e-02 1.290392130613327026e-02 6.937941536307334900e-03 1.180550456047058105e-02 2.129033021628856659e-02 3.863927349448204041e-02 5.340854451060295105e-02 2.576945535838603973e-02 2.909968048334121704e-02 1.778450980782508850e-02 4.034124314785003662e-02 7.854784838855266571e-03 2.217132225632667542e-02 3.353098779916763306e-02 1.950845005922019482e-03 1.942062377929687500e-02 1.116830669343471527e-02 5.095964297652244568e-03 7.614945620298385620e-02 5.918699130415916443e-02 1.936160493642091751e-03 2.438583411276340485e-02 4.142423346638679504e-02 8.750858716666698456e-03 6.851860787719488144e-03 3.691646829247474670e-02 1.052955281920731068e-03 2.665116265416145325e-02 1.402388885617256165e-02 8.000264875590801239e-03 8.909035823307931423e-04 6.104740314185619354e-03 1.363044884055852890e-02 5.195203237235546112e-03 5.477338284254074097e-02 5.064638797193765640e-03 4.978483915328979492e-02 4.629555717110633850e-02 9.086215868592262268e-03 4.720838274806737900e-03 3.194890450686216354e-03 6.570429075509309769e-03 1.683440431952476501e-02 1.811207458376884460e-02 4.731709137558937073e-03 2.695082128047943115e-02 2.261014282703399658e-02 8.662603795528411865e-03 1.077906880527734756e-02 1.745912618935108185e-02 2.821406349539756775e-02 1.962436921894550323e-02 3.109854646027088165e-02 2.764072082936763763e-02 3.521662950515747070e-02 6.002324819564819336e-02 7.720765657722949982e-03 6.040342617779970169e-03 5.083953589200973511e-02 4.511484131217002869e-02 7.749336306005716324e-03 2.023396827280521393e-02 1.910250447690486908e-02 5.158383399248123169e-02 2.546366862952709198e-02 4.760468751192092896e-02 1.625763811171054840e-02 1.045111380517482758e-02 3.526000306010246277e-02 1.764837838709354401e-02 9.478984400629997253e-03 7.090557366609573364e-03 1.647943817079067230e-02 2.419859403744339943e-03 5.414050538092851639e-03 3.604745119810104370e-02 6.296182982623577118e-04 3.657526522874832153e-02 6.678080651909112930e-03 3.210341557860374451e-02 3.400772809982299805e-02 2.138560637831687927e-03 2.644183812662959099e-03 1.599610969424247742e-02 2.361331507563591003e-02 1.809305394999682903e-03 2.143834717571735382e-03 2.497297478839755058e-03
4.712722077965736389e-02 3.996709734201431274e-02 5.269894842058420181e-03 5.929006636142730713e-02 3.153569623827934265e-02 1.039030402898788452e-01 4.274945706129074097e-02 1.277116872370243073e-02 9.100481122732162476e-02 2.683901414275169373e-02 2.204614877700805664e-02 1.501980870962142944e-01 1.578595861792564392e-02 1.863569468259811401e-01 5.449339747428894043e-02 3.496313840150833130e-02 2.021080255508422852e-02 3.808534890413284302e-02 1.328437589108943939e-02 1.065045688301324844e-02 5.039907526224851608e-03 3.138208528980612755e-03 4.628445208072662354e-02 1.649270579218864441e-02 9.354566223919391632e-03 5.955464672297239304e-03 3.461612388491630554e-02 1.602012515068054199e-01 6.072259694337844849e-02 1.324643641710281372e-01 3.008089400827884674e-02 1.449191942811012268e-03 2.251669578254222870e-02 4.223642498254776001e-02 1.960343495011329651e-02 2.647373080253601074e-02 7.644529454410076141e-03 4.415575042366981506e-02 2.928676642477512360e-02 2.503636851906776428e-02 3.136065974831581116e-02 2.489405125379562378e-02 1.610037870705127716e-02 6.340971682220697403e-03 7.175926864147186279e-02 6.688834633678197861e-03 4.892762284725904465e-03 3.317603468894958496e-02 6.157280877232551575e-03 7.042546756565570831e-03 2.503560297191143036e-02 2.267496846616268158e-02 2.048263326287269592e-02 4.577192477881908417e-03 2.034803293645381927e-02 5.881364643573760986e-02 2.292813360691070557e-02 5.604288540780544281e-03 3.731184825301170349e-02 2.140809968113899231e-02 2.752277255058288574e-02 4.592197388410568237e-02 4.115467891097068787e-02 3.505050763487815857e-02 1.773768849670886993e-02 3.576532751321792603e-02 8.171365596354007721e-03 5.664179567247629166e-03 3.423472493886947632e-02 3.511478379368782043e-02 1.659093610942363739e-02 5.022942274808883667e-02 5.171962082386016846e-02 7.688495796173810959e-03 1.487855101004242897e-03 2.083402499556541443e-02 6.900201737880706787e-02 2.752605825662612915e-02 5.144418403506278992e-02 9.418075904250144958e-03 3.761062771081924438e-02 1.254389155656099319e-02 1.964227668941020966e-02 6.675738096237182617e-02 1.933141425251960754e-02 7.399095222353935242e-03 3.380870074033737183e-02 4.364355280995368958e-02 1.001601144671440125e-01 2.421948313713073730e-02 4.420689865946769714e-02 6.063425447791814804e-03 5.519098788499832153e-02 1.675517670810222626e-02 1.973071694374084473e-02 5.915994942188262939e-02 1.600702293217182159e-02 4.054433479905128479e-02 5.667486228048801422e-03 2.282002754509449005e-02 2.895819395780563354e-02 3.758861497044563293e-02 2.340688742697238922e-02 8.564087562263011932e-03 1.437286660075187683e-02 1.079930737614631653e-02 3.403559699654579163e-02 4.454644769430160522e-02 4.397850949317216873e-03 3.224139288067817688e-02 1.029354985803365707e-03 3.899529576301574707e-02 7.168204523622989655e-03 6.582962349057197571e-03 2.830616384744644165e-02 1.342605520039796829e-02
9.813024103641510010e-02 1.164926066994667053e-01 8.205964230000972748e-03 1.298787165433168411e-02 3.742835251614451408e-03 6.208812072873115540e-02 9.841698408126831055e-02 6.146518886089324951e-02 5.384735413827002048e-04 2.585075795650482178e-03 1.186643093824386597e-01 1.578595861792564392e-02 1.389703154563903809e-01 1.331932097673416138e-02 6.353696435689926147e-02 3.980712965130805969e-03 9.141608141362667084e-03 5.635485798120498657e-02 1.647523418068885803e-02 6.177153438329696655e-03 7.213017670437693596e-04 8.313373476266860962e-02 3.114734310656785965e-03 7.714402396231889725e-03 4.213065840303897858e-03 7.523261010646820068e-04 1.237648259848356247e-02 5.192447453737258911e-02 2.422411926090717316e-02 2.461860887706279755e-02 6.007393077015876770e-02 1.406184956431388855e-02 1.152493618428707123e-02 4.323230311274528503e-02 1.174336951225996017e-02 4.527050256729125977e-02 4.754558578133583069e-02 2.937057241797447205e-02 1.125859469175338745e-02 9.113717824220657349e-03 4.340112954378128052e-02 3.988852724432945251e-03 6.100902683101594448e-04 1.044110208749771118e-02 7.302558049559593201e-03 7.874227128922939301e-03 6.161429733037948608e-02 7.958613336086273193e-02 1.063317805528640747e-02 5.761451902799308300e-04 2.900780551135540009e-02 1.167763210833072662e-02 1.420442201197147369e-02 2.079756744205951691e-02 1.830770820379257202e-02 1.923657394945621490e-02 1.376861054450273514e-02 6.839675828814506531e-03 9.210666641592979431e-03 1.371179334819316864e-02 4.181268159300088882e-03 2.924225851893424988e-02 1.926647685468196869e-02 1.030826289206743240e-02 3.092892095446586609e-02 5.677498504519462585e-02 1.582813262939453125e-02 5.810387432575225830e-03 5.770081654191017151e-03 9.043779224157333374e-03 9.426531381905078888e-03 3.154339268803596497e-02 2.194427326321601868e-02 5.354544147849082947e-02 2.767113596200942993e-02 5.227182060480117798e-03 1.589573174715042114e-02 3.566323220729827881e-02 4.414258152246475220e-02 1.510712085291743279e-03 5.186032038182020187e-03 7.732989615760743618e-04 2.193623594939708710e-02 4.485426843166351318e-02 1.986412244150415063e-04 8.183131925761699677e-03 3.915997967123985291e-02 5.704442039132118225e-02 4.216232523322105408e-02 7.938720285892486572e-02 4.910268820822238922e-03 5.464826524257659912e-02 5.659931153059005737e-02 5.074302852153778076e-02 3.092831186950206757e-02 8.956462144851684570e-03 2.321251481771469116e-02 3.878256538882851601e-03 1.479488704353570938e-02 1.932610198855400085e-02 2.313042804598808289e-02 8.519887924194335938e-04 2.273236587643623352e-02 3.936372324824333191e-02 3.696236759424209595e-03 5.977979674935340881e-02 1.978489803150296211e-03 2.915547415614128113e-02 1.102150604128837585e-02 1.896692253649234772e-02 2.148978039622306824e-02 8.982188999652862549e-03 4.362637642771005630e-03 7.981397211551666260e-03 1.223875209689140320e-02 4.305012989789247513e-03
