5.100679397583007812e-02 1.952574998140335083e-01 4.303268343210220337e-02 2.743582706898450851e-03 2.105127647519111633e-02 1.755956560373306274e-02 7.570395246148109436e-03 1.630267500877380371e-02 1.161979790776968002e-02 3.719092905521392822e-02 1.359896361827850342e-01 6.334734708070755005e-02 2.309837006032466888e-02 5.028309300541877747e-02 6.527306884527206421e-02 3.231300413608551025e-02 1.863929815590381622e-02 9.940269403159618378e-03 1.666797138750553131e-02 4.997439216822385788e-03 1.054318528622388840e-02 2.841920033097267151e-02 4.858585074543952942e-03 5.419546738266944885e-03 3.779513016343116760e-02 1.709520071744918823e-02 1.241300837136805058e-03 2.231867797672748566e-02 2.066000550985336304e-02 5.917044356465339661e-02 6.179237272590398788e-03 4.279895499348640442e-02 1.755472621880471706e-03 3.736599534749984741e-02 1.071350183337926865e-03 6.813046336174011230e-02 4.304865747690200806e-02 4.248718172311782837e-02 3.357454668730497360e-03 7.812759838998317719e-03 5.836723372340202332e-03 3.061852790415287018e-02 4.759309813380241394e-02 7.878276519477367401e-03 1.176555231213569641e-01 7.057712972164154053e-02 4.513013362884521484e-02 1.655404455959796906e-02 2.061460725963115692e-02 1.297632697969675064e-03 2.502321265637874603e-02 3.843371570110321045e-02 8.284942805767059326e-02 5.630885809659957886e-02 5.600771680474281311e-02 7.460778579115867615e-03 1.092861499637365341e-02 3.361318260431289673e-02 2.623679675161838531e-02 1.294690649956464767e-02 1.792424474842846394e-03 6.034915894269943237e-02 2.894072420895099640e-02 1.130623929202556610e-02 3.922637552022933960e-02 5.605962872505187988e-02 3.253538906574249268e-02 4.386636614799499512e-02 5.741032958030700684e-02 4.871661588549613953e-02 4.082652553915977478e-02 2.716188505291938782e-02 2.639646269381046295e-02 1.308458670973777771e-02 3.017695434391498566e-02 1.436703745275735855e-02 2.617647498846054077e-02 1.664775609970092773e-02 2.756408415734767914e-02 4.114515148103237152e-03 8.747156709432601929e-02 4.324623942375183105e-02 1.994004473090171814e-02 2.658410556614398956e-02 2.296501584351062775e-02 5.968993902206420898e-02 3.170722350478172302e-02 4.091793298721313477e-02 1.091365236788988113e-03 4.250247031450271606e-02 5.548420548439025879e-02 2.674232423305511475e-02 8.556421962566673756e-04 1.041681598871946335e-02 2.892140671610832214e-02 3.573542460799217224e-02 2.947481349110603333e-02 4.334146901965141296e-02 3.971307352185249329e-02 2.726656943559646606e-02 5.266170017421245575e-03 5.141196772456169128e-03 4.853389412164688110e-02 2.096218056976795197e-02 7.438094355165958405e-03 6.191418506205081940e-03 3.954935073852539062e-02 3.392732888460159302e-02 6.611208431422710419e-03 1.911867037415504456e-02 1.434048730880022049e-02 4.447380453348159790e-02 1.108345761895179749e-02 9.831287898123264313e-03 4.523966833949089050e-02 2.214585989713668823e-02
1.952574998140335083e-01 5.529560148715972900e-02 4.267003014683723450e-02 4.999501165002584457e-03 1.733281090855598450e-02 5.594401806592941284e-02 1.277309143915772438e-03 3.942489158362150192e-03 3.748125955462455750e-02 1.917755044996738434e-02 1.342814117670059204e-01 1.082878559827804565e-02 1.176848784089088440e-01 1.344480179250240326e-02 3.255943581461906433e-02 5.342153832316398621e-02 2.956216596066951752e-02 5.611042305827140808e-02 1.257367711514234543e-02 1.366467587649822235e-02 1.281830761581659317e-02 2.080417424440383911e-02 3.532733244355767965e-04 2.281489782035350800e-03 1.684816367924213409e-02 8.198547177016735077e-03 2.220424450933933258e-02 2.574042230844497681e-02 7.812078297138214111e-02 2.449136413633823395e-02 1.890830881893634796e-02 5.278526619076728821e-02 2.801563963294029236e-02 1.890584267675876617e-02 3.705935925245285034e-02 5.305774882435798645e-02 5.637577176094055176e-02 3.659695386886596680e-02 7.000204641371965408e-03 1.116331014782190323e-02 3.386314585804939270e-02 9.391037747263908386e-03 1.393177546560764313e-02 1.061724033206701279e-02 4.243209585547447205e-02 1.959640532732009888e-02 1.331638731062412262e-02 4.607614874839782715e-02 3.969124332070350647e-02 2.505473606288433075e-02 3.254766389727592468e-02 4.343099519610404968e-02 8.006783202290534973e-03 4.389866255223751068e-03 4.501158371567726135e-02 4.938286170363426208e-02 9.709239006042480469e-03 6.477519869804382324e-03 2.104133181273937225e-02 4.454612731933593750e-02 3.268430009484291077e-03 6.788656860589981079e-02 2.924022451043128967e-02 5.816970765590667725e-02 1.038628630340099335e-02 4.772463347762823105e-03 8.275586180388927460e-03 2.807564474642276764e-02 7.837266474962234497e-02 6.002597510814666748e-04 8.575829863548278809e-02 9.291145950555801392e-03 2.121447212994098663e-02 3.188052028417587280e-02 1.415585447102785110e-02 3.560248762369155884e-02 2.369404025375843048e-02 2.876733429729938507e-02 1.281959842890501022e-02 2.090950310230255127e-02 7.115897536277770996e-02 3.944551944732666016e-02 3.278839960694313049e-02 2.046030014753341675e-02 2.219322696328163147e-02 4.953660443425178528e-02 1.370286941528320312e-02 1.435758173465728760e-02 2.286369353532791138e-02 1.386938244104385376e-02 1.061406265944242477e-02 2.764598932117223740e-03 5.724858492612838745e-02 1.153267826884984970e-02 2.299600280821323395e-02 5.306878313422203064e-02 4.465807229280471802e-02 9.768814779818058014e-03 5.366206169128417969e-02 3.153562545776367188e-02 5.014013033360242844e-03 1.405439991503953934e-02 4.477482289075851440e-02 2.718890900723636150e-04 7.154428400099277496e-03 3.164888918399810791e-02 4.324833303689956665e-02 3.019830398261547089e-02 9.193650330416858196e-04 1.113920006901025772e-02 5.496289581060409546e-03 3.417077660560607910e-02 2.284185588359832764e-02 1.428085844963788986e-02 3.110471926629543304e-02 4.354259371757507324e-02
4.303268343210220337e-02 4.267003014683723450e-02 2.125912718474864960e-02 5.122986156493425369e-03 7.509016245603561401e-02 3.294190391898155212e-02 1.169555261731147766e-02 1.307656168937683105e-01 3.416635096073150635e-02 2.112132683396339417e-02 5.196901038289070129e-02 5.258760601282119751e-02 1.704433187842369080e-02 2.141532674431800842e-02 5.423375591635704041e-02 7.121416926383972168e-02 5.774763226509094238e-02 5.056858994066715240e-03 2.639522030949592590e-02 4.603082314133644104e-02 6.411617156118154526e-03 2.453727647662162781e-02 3.680558502674102783e-02 5.511695891618728638e-02 1.218752712011337280e-01 4.719041287899017334e-02 4.089048597961664200e-03 3.079759515821933746e-02 5.882903560996055603e-02 2.996642142534255981e-02 1.113872323185205460e-02 3.123170696198940277e-02 4.157527536153793335e-02 4.507785663008689880e-03 4.446842521429061890e-02 1.106143812648952007e-03 1.222456526011228561e-02 3.413403406739234924e-02 2.583142742514610291e-02 5.138034373521804810e-02 1.100356597453355789e-02 3.990198671817779541e-02 5.158020183444023132e-03 7.027176022529602051e-02 8.809357881546020508e-03 3.463436383754014969e-03 7.293214648962020874e-02 3.128800541162490845e-02 1.204331126064062119e-02 4.269764572381973267e-02 5.491203628480434418e-03 7.971393875777721405e-03 8.108027279376983643e-03 4.286439716815948486e-02 5.607563629746437073e-02 7.023578509688377380e-03 2.561195380985736847e-02 1.292364951223134995e-02 4.098843410611152649e-02 5.172469466924667358e-02 5.394893884658813477e-02 3.961688652634620667e-02 3.416541218757629395e-02 1.798045262694358826e-02 2.500380389392375946e-02 3.801267594099044800e-02 1.866126246750354767e-02 1.253286283463239670e-02 2.724181115627288818e-02 3.366058319807052612e-02 6.865125894546508789e-02 1.048510428518056870e-02 2.464510686695575714e-02 1.356525928713381290e-03 2.722924575209617615e-02 8.758653886616230011e-03 2.290098695084452629e-03 1.523907110095024109e-02 7.618732750415802002e-02 5.175375193357467651e-02 1.344934403896331787e-01 3.372411802411079407e-02 2.259561605751514435e-02 9.874878451228141785e-04 3.887857869267463684e-02 1.727174967527389526e-02 7.367886602878570557e-03 1.110672205686569214e-02 1.519977860152721405e-02 1.457065623253583908e-02 9.182216972112655640e-02 5.462721362709999084e-02 8.014732040464878082e-03 4.528861865401268005e-02 6.719568371772766113e-02 5.764160305261611938e-02 2.978463098406791687e-02 1.813847012817859650e-02 4.293366218917071819e-04 2.997008524835109711e-02 3.230038657784461975e-02 1.793851889669895172e-02 3.447790071368217468e-02 8.524206280708312988e-02 4.218650609254837036e-02 6.452064216136932373e-02 6.176044233143329620e-03 7.376086432486772537e-03 2.888316847383975983e-02 7.169353216886520386e-02 2.574513107538223267e-02 5.348513647913932800e-02 3.751002252101898193e-02 4.397283308207988739e-03 6.064688041806221008e-02 1.084843352437019348e-01
2.743582706898450851e-03 4.999501165002584457e-03 5.122986156493425369e-03 9.258697181940078735e-02 1.754716634750366211e-01 3.428344801068305969e-02 1.220035646110773087e-02 5.323603283613920212e-03 6.541857961565256119e-03 2.961849421262741089e-02 1.909738779067993164e-02 3.373052179813385010e-02 2.759309113025665283e-02 4.812799766659736633e-02 1.276834029704332352e-02 1.805261336266994476e-02 3.272220958024263382e-03 7.588887214660644531e-02 2.528642071411013603e-03 3.015884757041931152e-02 1.254538074135780334e-02 3.918621689081192017e-02 1.470718253403902054e-02 4.514797776937484741e-02 2.385497651994228363e-02 1.460303273051977158e-02 3.667929396033287048e-02 1.359736174345016479e-02 2.388733119005337358e-04 3.671700833365321159e-03 4.152610152959823608e-02 3.256477415561676025e-02 3.347308561205863953e-02 3.627944737672805786e-03 7.792307436466217041e-02 1.076308730989694595e-02 4.392170533537864685e-02 2.750113978981971741e-02 1.146993711590766907e-01 9.823578596115112305e-02 1.793130300939083099e-02 3.562634810805320740e-03 2.145247161388397217e-02 2.239673398435115814e-02 2.099463902413845062e-02 5.486619193106889725e-03 3.440783172845840454e-02 2.616063877940177917e-02 5.204144120216369629e-02 7.676331698894500732e-02 6.137031596153974533e-03 4.478698596358299255e-02 7.100561261177062988e-02 5.600671842694282532e-02 1.948810555040836334e-02 8.161266893148422241e-02 4.552935063838958740e-02 4.160637408494949341e-02 4.067113995552062988e-02 5.973675847053527832e-02 7.324814051389694214e-02 7.990090176463127136e-03 4.798508249223232269e-03 1.002971455454826355e-02 9.632126428186893463e-03 3.052760474383831024e-02 3.043384291231632233e-02 1.858835108578205109e-02 1.934407465159893036e-02 4.043502360582351685e-02 1.656093262135982513e-02 2.387903816998004913e-02 1.756469607353210449e-01 1.712136156857013702e-02 1.422321796417236328e-01 5.049883387982845306e-03 7.781646214425563812e-03 6.808467675000429153e-03 2.676678821444511414e-02 8.483826369047164917e-02 4.139314964413642883e-02 2.656566910445690155e-02 5.571544915437698364e-02 3.050568141043186188e-02 2.635089622344821692e-04 3.709898516535758972e-02 9.440858266316354275e-04 4.784992430359125137e-03 3.739075735211372375e-02 1.352993305772542953e-02 3.946109488606452942e-02 9.790936019271612167e-04 4.286813735961914062e-02 1.634893752634525299e-02 4.314940050244331360e-02 2.678903564810752869e-02 3.244788572192192078e-02 6.367634236812591553e-02 2.364953607320785522e-02 1.640893705189228058e-02 4.589242395013570786e-03 1.273552048951387405e-02 1.232167799025774002e-02 5.658304784446954727e-03 5.067781731486320496e-02 2.416179748252034187e-03 1.744966767728328705e-02 6.048340350389480591e-03 2.354612015187740326e-02 1.836987212300300598e-02 4.814900457859039307e-03 2.643830515444278717e-02 1.208575814962387085e-02 7.303918246179819107e-03 4.142000898718833923e-02 6.168490275740623474e-02
2.105127647519111633e-02 1.733281090855598450e-02 7.509016245603561401e-02 1.754716634750366211e-01 8.112801611423492432e-02 1.788576319813728333e-02 1.697049289941787720e-02 2.448246441781520844e-02 1.998197473585605621e-02 3.648177161812782288e-02 1.728014089167118073e-02 2.583771944046020508e-02 5.021786689758300781e-02 5.148259922862052917e-03 4.031325131654739380e-02 2.413227595388889313e-02 5.077846720814704895e-02 5.234587937593460083e-02 5.143163353204727173e-02 2.081652730703353882e-02 1.794037409126758575e-02 4.884836822748184204e-02 1.588875614106655121e-02 2.529451623558998108e-02 2.208179607987403870e-02 1.635780185461044312e-02 3.500009700655937195e-02 2.253273874521255493e-02 1.842731609940528870e-02 1.436953619122505188e-02 2.990488428622484207e-03 3.576030430849641562e-04 5.092731118202209473e-02 9.345900267362594604e-03 7.089715451002120972e-02 2.289529889822006226e-02 2.273749187588691711e-02 3.124078549444675446e-02 1.145250424742698669e-01 1.315313726663589478e-01 1.189435180276632309e-02 4.449240490794181824e-02 3.424084559082984924e-02 3.099915198981761932e-02 1.737021096050739288e-02 2.801711484789848328e-02 2.080642245709896088e-02 3.020987287163734436e-02 3.340419009327888489e-02 6.298785656690597534e-02 7.581962738186120987e-03 5.095654167234897614e-03 5.987714231014251709e-02 2.400830015540122986e-02 2.078415639698505402e-02 6.660740077495574951e-02 5.028619989752769470e-02 1.211311761289834976e-02 4.994335025548934937e-02 5.757404118776321411e-02 1.276809163391590118e-02 1.444537751376628876e-02 3.353296965360641479e-02 1.997554115951061249e-02 2.269605733454227448e-02 8.555924519896507263e-03 3.238493576645851135e-02 8.249217644333839417e-03 3.103879652917385101e-02 3.434954211115837097e-02 1.781528443098068237e-02 3.041136637330055237e-02 9.740050137042999268e-02 8.551729843020439148e-03 1.293694525957107544e-01 1.300984621047973633e-02 9.642898105084896088e-03 2.149883471429347992e-02 5.178009159862995148e-03 2.085430920124053955e-02 2.855807542800903320e-03 3.621229529380798340e-02 3.220591694116592407e-02 5.128613859415054321e-02 3.340392187237739563e-02 2.688725851476192474e-02 4.052339587360620499e-03 5.671182181686162949e-03 3.697548434138298035e-02 3.513845428824424744e-02 2.436621114611625671e-02 5.026824772357940674e-03 1.152429450303316116e-02 1.124435290694236755e-02 8.398470282554626465e-02 8.913344889879226685e-02 3.389259055256843567e-02 1.043740849127061665e-04 1.206745207309722900e-02 1.308315619826316833e-02 1.934603415429592133e-02 4.711339715868234634e-03 1.109520904719829559e-02 3.105871006846427917e-02 2.695211581885814667e-02 2.471256535500288010e-03 3.392470628023147583e-02 6.807484664022922516e-03 2.515781112015247345e-02 4.774056747555732727e-02 8.745376951992511749e-03 3.297825530171394348e-02 2.701910398900508881e-02 2.132334187626838684e-02 5.026204511523246765e-02 2.112066373229026794e-02
1.755956560373306274e-02 5.594401806592941284e-02 3.294190391898155212e-02 3.428344801068305969e-02 1.788576319813728333e-02 1.503965705633163452e-01 1.399392634630203247e-01 3.481433913111686707e-02 2.006498165428638458e-02 1.545443944633007050e-02 1.105775497853755951e-02 9.821690618991851807e-02 1.183783188462257385e-01 8.734068274497985840e-02 3.178125992417335510e-02 1.787989586591720581e-02 7.483190274797379971e-04 1.753242127597332001e-02 5.249382928013801575e-02 4.969788715243339539e-02 1.850876957178115845e-02 2.598082832992076874e-02 6.197560112923383713e-03 1.688229665160179138e-02 3.007513284683227539e-02 6.342937052249908447e-02 1.047497335821390152e-02 4.825527966022491455e-02 8.254503831267356873e-03 5.635051801800727844e-02 4.894591122865676880e-02 7.777940016239881516e-03 1.649948954582214355e-02 4.006275534629821777e-02 5.465329438447952271e-02 5.612362921237945557e-02 9.894570102915167809e-04 5.157095566391944885e-02 1.679608249105513096e-04 5.667692050337791443e-03 6.780834402889013290e-03 1.128442585468292236e-02 2.764754928648471832e-02 3.268250497058033943e-03 5.966459959745407104e-02 1.166669558733701706e-02 1.244167760014533997e-01 8.095811307430267334e-02 5.217393115162849426e-02 2.365384018048644066e-03 3.810301795601844788e-02 4.718396440148353577e-02 3.892258182168006897e-02 1.130373869091272354e-02 2.590404637157917023e-02 1.132941991090774536e-02 1.212285365909337997e-02 4.708361625671386719e-02 3.296452388167381287e-02 2.701075188815593719e-02 4.181809723377227783e-02 6.966687738895416260e-02 7.093711290508508682e-03 5.051518231630325317e-02 8.089640736579895020e-02 6.280246376991271973e-02 2.076399512588977814e-02 3.507870435714721680e-02 3.529890999197959900e-02 4.357092455029487610e-02 9.314921684563159943e-03 9.257386438548564911e-03 8.315692655742168427e-03 4.387878254055976868e-02 1.657578721642494202e-02 2.181156771257519722e-03 3.903819306287914515e-04 3.514469042420387268e-02 3.653948381543159485e-02 4.498592764139175415e-02 1.824801042675971985e-02 2.170934574678540230e-03 7.359442859888076782e-02 3.407319635152816772e-02 3.509934246540069580e-02 1.490126457065343857e-02 3.293479979038238525e-02 3.605028241872787476e-02 4.030704498291015625e-03 9.262722916901111603e-03 6.780653446912765503e-02 8.508956059813499451e-03 3.835349529981613159e-02 2.725037559866905212e-02 6.732537597417831421e-02 6.421632319688796997e-02 6.129114702343940735e-02 3.591580688953399658e-02 1.732735522091388702e-02 4.188250005245208740e-02 2.229654416441917419e-02 1.007213629782199860e-02 2.237263368442654610e-03 2.765232347883284092e-04 2.076351083815097809e-02 7.618085481226444244e-03 8.661963790655136108e-02 5.726658552885055542e-02 2.175739221274852753e-02 8.820199966430664062e-02 5.559249967336654663e-02 4.056962579488754272e-02 3.140772751066833735e-04 6.022188346832990646e-03 2.385810576379299164e-02 1.844158023595809937e-02
7.570395246148109436e-03 1.277309143915772438e-03 1.169555261731147766e-02 1.220035646110773087e-02 1.697049289941787720e-02 1.399392634630203247e-01 1.510833799839019775e-01 2.125054225325584412e-02 3.403307870030403137e-02 2.189352642744779587e-03 2.072699554264545441e-02 2.257252577692270279e-03 1.318097114562988281e-01 4.960493743419647217e-02 1.907026208937168121e-02 9.589044377207756042e-03 2.596696838736534119e-02 1.466899178922176361e-02 2.346362918615341187e-03 1.671602576971054077e-02 1.218514051288366318e-02 2.899677725508809090e-03 1.418771967291831970e-02 4.279941786080598831e-03 4.585094749927520752e-02 1.353991124778985977e-02 7.530066650360822678e-03 3.719939291477203369e-02 7.801086641848087311e-03 8.144550025463104248e-03 7.278994470834732056e-02 2.928059548139572144e-02 1.931645534932613373e-02 4.186135157942771912e-02 1.146553200669586658e-03 8.809526450932025909e-03 1.452342420816421509e-02 1.635614596307277679e-02 4.953949712216854095e-03 2.003002166748046875e-02 2.191249653697013855e-02 2.287362515926361084e-02 2.945720043499022722e-04 2.286923583596944809e-03 2.406308799982070923e-02 3.195020183920860291e-02 1.124861463904380798e-01 1.214617788791656494e-01 6.644685752689838409e-03 4.178594797849655151e-03 3.720685839653015137e-02 3.185940207913517952e-03 1.327793393284082413e-02 3.939402848482131958e-02 7.614041678607463837e-03 1.786205358803272247e-02 2.796313911676406860e-02 5.095158517360687256e-02 4.738118965178728104e-03 4.253460839390754700e-02 4.761739075183868408e-02 4.967327415943145752e-02 2.639150805771350861e-02 2.270924858748912811e-02 5.898600071668624878e-02 8.231934905052185059e-02 4.294544085860252380e-02 4.667207540478557348e-04 2.537488006055355072e-02 5.191081389784812927e-02 1.116416300646960735e-03 1.682472229003906250e-02 3.271255269646644592e-02 2.855558693408966064e-02 7.786347996443510056e-03 1.815304905176162720e-02 2.036044560372829437e-02 2.509706886485219002e-03 1.073590666055679321e-02 4.415358603000640869e-02 3.358513861894607544e-02 3.057483397424221039e-02 6.044895574450492859e-02 8.841974660754203796e-03 1.498626265674829483e-02 4.413169808685779572e-03 1.219093054533004761e-02 5.834177881479263306e-02 5.206330493092536926e-02 1.417960226535797119e-02 5.663243681192398071e-02 1.619302481412887573e-02 6.784164160490036011e-02 3.911735117435455322e-02 5.548785254359245300e-02 3.156156465411186218e-02 3.099868632853031158e-02 5.342022515833377838e-03 3.601336479187011719e-02 2.575065381824970245e-02 3.910231590270996094e-02 1.581521891057491302e-02 3.681046888232231140e-02 3.201314434409141541e-02 1.292743533849716187e-02 4.583471454679965973e-03 4.791274666786193848e-02 9.777388721704483032e-02 1.408322993665933609e-02 4.936181381344795227e-02 5.081484559923410416e-03 3.013904020190238953e-02 2.782541885972023010e-02 1.169713679701089859e-02 2.001640573143959045e-02 3.104204544797539711e-03
1.630267500877380371e-02 3.942489158362150192e-03 1.307656168937683105e-01 5.323603283613920212e-03 2.448246441781520844e-02 3.481433913111686707e-02 2.125054225325584412e-02 7.696363329887390137e-02 1.102330279536545277e-03 3.100982867181301117e-02 1.529838982969522476e-02 2.820518985390663147e-02 1.724778302013874054e-02 2.536008879542350769e-02 1.172029301524162292e-01 7.468504365533590317e-03 4.185871407389640808e-02 2.667984552681446075e-02 1.301013771444559097e-02 1.046396326273679733e-02 2.047071419656276703e-02 3.785743936896324158e-02 2.535618096590042114e-02 2.475582435727119446e-02 1.131090801209211349e-03 2.619362995028495789e-02 8.706637658178806305e-03 5.403309129178524017e-03 2.716672047972679138e-02 1.290628453716635704e-03 7.546117994934320450e-03 3.741850703954696655e-02 3.312386199831962585e-02 9.258927777409553528e-03 5.186757072806358337e-02 4.183720424771308899e-02 1.037279516458511353e-02 5.225142836570739746e-02 5.269688740372657776e-02 1.214140560477972031e-02 1.684810407459735870e-02 3.874379908666014671e-03 1.671878248453140259e-02 1.662464998662471771e-02 3.082321956753730774e-02 6.775329820811748505e-04 3.142637724522501230e-04 1.293162256479263306e-02 2.222412498667836189e-03 2.359449677169322968e-02 8.287840336561203003e-02 8.816605061292648315e-02 2.193460427224636078e-02 1.241874531842768192e-03 5.196397379040718079e-02 4.391629993915557861e-02 3.999418392777442932e-02 2.078610099852085114e-02 3.358276933431625366e-02 1.695238798856735229e-02 2.278501167893409729e-02 1.671764440834522247e-02 2.589481696486473083e-02 4.155016038566827774e-03 5.871007218956947327e-03 2.719805389642715454e-02 5.571286007761955261e-02 5.915298312902450562e-02 8.434828370809555054e-03 3.567539900541305542e-02 3.160703182220458984e-02 1.937160082161426544e-02 2.676341123878955841e-02 1.367597561329603195e-02 2.203090116381645203e-02 8.308525197207927704e-03 5.242743995040655136e-03 1.093909237533807755e-02 3.277083486318588257e-02 1.360401231795549393e-02 1.682512164115905762e-01 1.755149066448211670e-01 2.253981307148933411e-02 1.990838907659053802e-03 1.243122946470975876e-02 4.293036088347434998e-02 1.089687421917915344e-01 1.399333477020263672e-01 5.027160048484802246e-02 4.517150297760963440e-02 7.601412013173103333e-03 1.002800767309963703e-03 1.438489183783531189e-02 2.986338734626770020e-02 4.517954587936401367e-02 8.872143924236297607e-03 2.678734809160232544e-02 3.153338329866528511e-04 3.039278276264667511e-02 1.190064474940299988e-02 1.126750023104250431e-03 3.217111527919769287e-02 4.343717172741889954e-02 1.676372438669204712e-02 2.310000918805599213e-02 5.795837566256523132e-02 8.820550143718719482e-02 4.365748539566993713e-02 1.302399951964616776e-02 4.247971446602605283e-05 2.937039174139499664e-02 6.273961625993251801e-03 3.880973160266876221e-02 1.106653083115816116e-02 5.059018358588218689e-02 9.068846702575683594e-02
1.161979790776968002e-02 3.748125955462455750e-02 3.416635096073150635e-02 6.541857961565256119e-03 1.998197473585605621e-02 2.006498165428638458e-02 3.403307870030403137e-02 1.102330279536545277e-03 1.041764765977859497e-01 7.635989785194396973e-02 2.662582555785775185e-03 2.500525489449501038e-02 4.220417700707912445e-03 1.806537434458732605e-02 1.172200776636600494e-02 1.660644821822643280e-02 3.800968080759048462e-02 1.079638153314590454e-01 3.747116774320602417e-02 1.116585801355540752e-03 5.320201069116592407e-02 1.981874741613864899e-02 4.170563071966171265e-02 3.879158571362495422e-02 2.393298037350177765e-02 6.056701019406318665e-02 7.103021256625652313e-03 7.505184412002563477e-02 6.743814796209335327e-03 3.017894923686981201e-02 6.063604261726140976e-03 6.130543351173400879e-02 3.948562219738960266e-02 4.745713248848915100e-02 6.939322687685489655e-03 4.483079910278320312e-02 8.399906009435653687e-02 6.249254569411277771e-03 2.060456760227680206e-02 1.239834446460008621e-02 1.712414063513278961e-02 1.212539244443178177e-02 8.007768541574478149e-03 5.676795169711112976e-02 1.501213014125823975e-02 5.808281525969505310e-02 4.823587369173765182e-03 1.384930033236742020e-02 8.070176467299461365e-03 4.760337993502616882e-02 1.141771022230386734e-02 4.657188057899475098e-02 2.739894203841686249e-03 1.695461943745613098e-02 5.463876202702522278e-02 5.743641778826713562e-02 6.768460571765899658e-02 8.938254788517951965e-03 1.775172352790832520e-02 1.236144080758094788e-02 4.479241743683815002e-02 7.227473706007003784e-02 2.582502178847789764e-02 6.812528707087039948e-03 1.726576872169971466e-02 3.108401224017143250e-02 4.224880039691925049e-02 1.595526933670043945e-02 5.702337250113487244e-02 5.649822205305099487e-02 7.596155162900686264e-03 9.502867609262466431e-02 3.165974840521812439e-02 4.285878036171197891e-03 5.060550756752490997e-03 7.898618280887603760e-02 1.614891737699508667e-01 6.582918763160705566e-02 1.057077422738075256e-01 9.435172379016876221e-02 5.789583548903465271e-03 3.284332156181335449e-02 8.238011971116065979e-03 3.224322572350502014e-02 3.858745470643043518e-02 1.841426268219947815e-02 6.046303082257509232e-03 1.643117330968379974e-02 1.276410967111587524e-01 9.461967274546623230e-03 3.449222445487976074e-02 5.952988937497138977e-02 1.556429918855428696e-02 3.804030269384384155e-02 3.405248373746871948e-02 9.405009448528289795e-03 3.649522736668586731e-02 1.083248406648635864e-01 4.284490644931793213e-02 1.728485710918903351e-02 4.536424204707145691e-02 5.794499814510345459e-02 5.828624218702316284e-02 1.902216300368309021e-02 2.618764899671077728e-02 5.788258835673332214e-02 5.007611215114593506e-02 9.358935803174972534e-02 7.147885859012603760e-02 8.634768892079591751e-04 2.711617620661854744e-03 4.963365569710731506e-02 2.672695089131593704e-03 6.813168525695800781e-02 4.513957723975181580e-02 9.572108392603695393e-04
3.719092905521392822e-02 1.917755044996738434e-02 2.112132683396339417e-02 2.961849421262741089e-02 3.648177161812782288e-02 1.545443944633007050e-02 2.189352642744779587e-03 3.100982867181301117e-02 7.635989785194396973e-02 1.405972242355346680e-01 4.364331066608428955e-02 1.236263662576675415e-02 2.478283271193504333e-02 3.355629276484251022e-03 3.361175954341888428e-02 6.172039080411195755e-03 3.882889449596405029e-02 2.868372015655040741e-02 1.270595639944076538e-01 7.422021124511957169e-03 8.092505857348442078e-03 2.649904973804950714e-02 1.965503953397274017e-02 2.913913875818252563e-02 2.566316351294517517e-02 9.664634708315134048e-04 3.098073974251747131e-02 5.368376150727272034e-02 1.346675958484411240e-02 1.387664116919040680e-02 3.967072442173957825e-02 3.240304812788963318e-02 4.613031819462776184e-02 1.747844740748405457e-02 5.067450925707817078e-02 9.011817164719104767e-03 6.118700839579105377e-03 6.420537084341049194e-02 1.185943651944398880e-02 3.645184263586997986e-02 2.361174486577510834e-02 1.623627543449401855e-02 2.487581595778465271e-02 3.243663161993026733e-02 1.623723842203617096e-02 1.342901494354009628e-02 2.134803310036659241e-02 4.974997416138648987e-02 4.365011304616928101e-02 8.589936047792434692e-02 3.103685192763805389e-02 1.093715988099575043e-02 3.665252774953842163e-02 2.226272225379943848e-02 7.761763408780097961e-03 6.060088425874710083e-02 5.330947786569595337e-02 1.742176897823810577e-02 1.219049096107482910e-02 2.123371139168739319e-02 7.696729898452758789e-02 2.089934423565864563e-02 2.511472254991531372e-02 1.957440935075283051e-02 2.600111626088619232e-02 2.036279998719692230e-02 1.264518499374389648e-02 1.062427740544080734e-02 3.748706076294183731e-03 8.743055164813995361e-02 5.129662528634071350e-02 2.680840343236923218e-02 3.701974079012870789e-02 7.315745204687118530e-02 1.593150384724140167e-02 7.658288814127445221e-03 1.947972457855939865e-03 1.371719837188720703e-01 3.423602879047393799e-02 1.519338786602020264e-01 1.231894269585609436e-02 7.251278031617403030e-03 5.052071809768676758e-02 1.291553080081939697e-01 2.087755594402551651e-03 4.253898561000823975e-02 2.594808302819728851e-02 2.023937366902828217e-02 4.528989270329475403e-02 1.257338374853134155e-01 4.727305471897125244e-02 3.782825917005538940e-02 4.082595184445381165e-02 1.373308151960372925e-02 7.398389745503664017e-03 2.628421783447265625e-02 7.694060355424880981e-02 2.195260673761367798e-02 1.049345359206199646e-01 9.689103811979293823e-02 6.530024576932191849e-03 2.554074162617325783e-03 8.858152665197849274e-03 1.754918694496154785e-02 3.106485679745674133e-02 4.977938253432512283e-03 6.132073700428009033e-03 3.051402419805526733e-02 1.737480238080024719e-02 3.718101605772972107e-02 7.573956996202468872e-02 7.157850265502929688e-02 3.210320137441158295e-04 2.899662032723426819e-02 1.406337250955402851e-03 6.946504116058349609e-03
1.359896361827850342e-01 1.342814117670059204e-01 5.196901038289070129e-02 1.909738779067993164e-02 1.728014089167118073e-02 1.105775497853755951e-02 2.072699554264545441e-02 1.529838982969522476e-02 2.662582555785775185e-03 4.364331066608428955e-02 7.987110316753387451e-02 4.583002999424934387e-02 1.388030797243118286e-01 6.072605773806571960e-02 3.735389327630400658e-03 8.039697073400020599e-03 5.052400287240743637e-03 3.937672078609466553e-02 1.478986814618110657e-02 2.619765000417828560e-03 8.275520987808704376e-03 1.766879670321941376e-02 1.331079564988613129e-02 3.401371836662292480e-02 3.617403283715248108e-02 2.024215646088123322e-03 1.120100542902946472e-02 8.556209504604339600e-03 9.206158667802810669e-02 1.185864210128784180e-02 3.451760113239288330e-02 2.081563323736190796e-02 6.069186143577098846e-03 4.701871052384376526e-02 5.248968303203582764e-02 6.345474394038319588e-04 5.232270341366529465e-03 1.433005183935165405e-02 9.996818378567695618e-03 5.796941462904214859e-03 4.879520088434219360e-02 3.085283329710364342e-03 2.438612468540668488e-02 4.063929617404937744e-02 7.330156117677688599e-02 4.396873712539672852e-02 8.946502208709716797e-02 2.259904518723487854e-02 9.900356642901897430e-03 3.099292330443859100e-02 6.059804186224937439e-02 2.472433075308799744e-02 5.100588127970695496e-02 4.984578862786293030e-02 1.450140867382287979e-02 2.145843952894210815e-02 1.346330251544713974e-02 1.556038670241832733e-02 1.686173118650913239e-02 1.919606141746044159e-02 3.006891347467899323e-03 6.045279093086719513e-03 4.268266260623931885e-02 3.593886643648147583e-02 6.718222796916961670e-02 7.175678014755249023e-02 3.761216765269637108e-03 1.703685149550437927e-02 1.080234441906213760e-02 3.248682618141174316e-02 6.228036247193813324e-03 3.443975932896137238e-03 2.357222326099872589e-02 5.517991259694099426e-02 3.810269059613347054e-03 2.314139157533645630e-02 1.407171250320971012e-03 4.117328301072120667e-02 2.181923249736428261e-03 6.039152294397354126e-02 5.251786485314369202e-02 6.140784546732902527e-02 1.087291538715362549e-02 2.047496289014816284e-02 5.283235106617212296e-03 2.529547922313213348e-02 2.615269646048545837e-02 1.544817257672548294e-02 2.906243689358234406e-02 6.355251371860504150e-02 4.227123036980628967e-02 5.390353873372077942e-02 1.736117154359817505e-02 2.430675178766250610e-02 4.610471893101930618e-03 1.824065297842025757e-02 6.059027463197708130e-02 1.741679571568965912e-02 5.926287546753883362e-02 2.596693672239780426e-02 8.557630702853202820e-03 3.483120352029800415e-03 1.135315001010894775e-02 4.644623398780822754e-02 1.279987115412950516e-02 3.519724309444427490e-02 3.103165514767169952e-02 1.713339611887931824e-02 4.749885946512222290e-02 3.954394534230232239e-02 1.712797023355960846e-02 5.374414846301078796e-02 1.910321786999702454e-02 3.865024819970130920e-02 2.476094663143157959e-02 4.987932369112968445e-02
6.334734708070755005e-02 1.082878559827804565e-02 5.258760601282119751e-02 3.373052179813385010e-02 2.583771944046020508e-02 9.821690618991851807e-02 2.257252577692270279e-03 2.820518985390663147e-02 2.500525489449501038e-02 1.236263662576675415e-02 4.583002999424934387e-02 8.966406434774398804e-02 9.236175566911697388e-03 2.674342989921569824e-01 5.632155761122703552e-02 4.662778601050376892e-02 5.023962631821632385e-02 3.799286484718322754e-02 8.504061400890350342e-02 5.496582947671413422e-03 2.322927862405776978e-02 5.552226677536964417e-03 1.243156865239143372e-01 6.270415149629116058e-03 1.834431290626525879e-02 6.760986149311065674e-02 2.119273133575916290e-02 1.818890124559402466e-01 6.523349881172180176e-02 1.193629354238510132e-01 9.083110839128494263e-02 7.826346904039382935e-02 5.214317515492439270e-02 1.045040972530841827e-02 3.243222087621688843e-02 6.986619532108306885e-02 9.763452410697937012e-02 6.935304496437311172e-03 3.511915914714336395e-03 1.333295274525880814e-02 5.804695561528205872e-02 2.095113322138786316e-02 5.753222387284040451e-03 1.296961493790149689e-02 1.120140403509140015e-01 3.143352270126342773e-02 5.723007023334503174e-02 2.425093203783035278e-02 3.322548419237136841e-02 3.256169334053993225e-02 8.186544477939605713e-02 8.415908552706241608e-03 8.668404817581176758e-02 5.127909779548645020e-02 2.611022442579269409e-02 8.778583258390426636e-03 6.100847944617271423e-02 8.080070838332176208e-03 6.741671264171600342e-02 6.992431357502937317e-03 9.608417004346847534e-02 6.116382032632827759e-02 2.870766818523406982e-02 3.352575749158859253e-02 1.407867111265659332e-02 7.287215441465377808e-02 1.096263453364372253e-01 5.589459836483001709e-02 5.654578097164630890e-03 1.962788403034210205e-02 1.091932691633701324e-02 4.441721364855766296e-02 2.922558970749378204e-02 3.218999132513999939e-02 1.639190874993801117e-02 7.463042438030242920e-02 5.480425059795379639e-02 3.474973887205123901e-02 1.499543339014053345e-01 9.023506939411163330e-02 2.279299078509211540e-03 5.008175224065780640e-02 5.930839851498603821e-02 6.659166514873504639e-02 4.060759395360946655e-02 7.060307264328002930e-02 3.982162475585937500e-02 4.515454173088073730e-02 7.642871141433715820e-02 1.036708056926727295e-01 1.137978509068489075e-01 2.979010716080665588e-02 1.872205734252929688e-02 8.583881892263889313e-03 7.770320866256952286e-03 6.624354422092437744e-02 7.423188537359237671e-03 4.050912335515022278e-02 2.292341738939285278e-02 1.328284293413162231e-02 2.542922645807266235e-02 6.928791850805282593e-02 3.224098682403564453e-02 1.496568135917186737e-02 3.102664090692996979e-02 6.380733102560043335e-02 2.027247566729784012e-03 7.161679863929748535e-02 2.839449048042297363e-02 3.775540739297866821e-02 1.709214225411415100e-02 1.058089062571525574e-01 4.801980778574943542e-02 5.187570303678512573e-02 7.758351415395736694e-02 4.020460322499275208e-02
2.309837006032466888e-02 1.176848784089088440e-01 1.704433187842369080e-02 2.759309113025665283e-02 5.021786689758300781e-02 1.183783188462257385e-01 1.318097114562988281e-01 1.724778302013874054e-02 4.220417700707912445e-03 2.478283271193504333e-02 1.388030797243118286e-01 9.236175566911697388e-03 1.731272190809249878e-01 5.133290309458971024e-03 1.791278482414782047e-03 2.983273379504680634e-02 3.069305047392845154e-02 3.867579158395528793e-03 9.645048528909683228e-03 1.232349779456853867e-02 4.945762455463409424e-02 3.239630023017525673e-03 4.741915967315435410e-03 1.715789176523685455e-02 3.556163236498832703e-02 6.087298691272735596e-02 1.446259394288063049e-02 3.033816628158092499e-02 7.093113660812377930e-02 3.292928636074066162e-02 5.816917121410369873e-02 2.528019063174724579e-02 8.563227020204067230e-03 2.943330258131027222e-02 3.660114482045173645e-02 3.969596326351165771e-02 1.323061808943748474e-02 3.119436278939247131e-02 2.056870423257350922e-02 2.278954535722732544e-02 7.102292031049728394e-02 2.468362450599670410e-02 6.240952294319868088e-03 1.500773336738348007e-02 3.894628956913948059e-02 2.849212381988763809e-03 1.277622282505035400e-01 1.031244322657585144e-01 3.172568604350090027e-02 1.514674536883831024e-02 1.493350602686405182e-02 1.684844493865966797e-02 3.471080958843231201e-02 1.497787795960903168e-02 5.581798776984214783e-02 4.353285767138004303e-03 1.483189221471548080e-02 2.424378320574760437e-02 9.385332232341170311e-04 5.701933056116104126e-02 3.752391785383224487e-02 5.656120553612709045e-02 2.265844866633415222e-02 5.995469167828559875e-02 6.129358336329460144e-02 1.141841262578964233e-01 3.950098529458045959e-02 9.693243540823459625e-03 4.506739601492881775e-02 3.434647247195243835e-02 6.340515613555908203e-02 2.316820621490478516e-02 1.839576056227087975e-03 6.937108002603054047e-03 3.442316129803657532e-02 2.331034746021032333e-03 1.635285466909408569e-02 3.363081812858581543e-02 2.696996182203292847e-02 5.740338005125522614e-03 3.117701271548867226e-03 1.793050952255725861e-02 2.957050874829292297e-02 2.150477282702922821e-02 3.258220618590712547e-03 4.479442536830902100e-02 2.838559262454509735e-02 5.182603746652603149e-02 4.435909911990165710e-02 2.207215130329132080e-02 6.609960645437240601e-02 8.898592554032802582e-03 2.790241688489913940e-02 1.201100274920463562e-02 4.518857970833778381e-02 2.647904679179191589e-02 1.661102473735809326e-02 1.320116873830556870e-02 4.155414924025535583e-02 5.583374761044979095e-03 2.315508946776390076e-02 5.609722435474395752e-02 1.820103265345096588e-02 1.133395917713642120e-02 4.755659401416778564e-02 4.753648489713668823e-02 2.995916455984115601e-02 3.729474917054176331e-02 3.417170373722910881e-04 4.502427764236927032e-03 3.554532676935195923e-02 2.044120244681835175e-02 1.950571499764919281e-02 2.413511648774147034e-02 5.173855461180210114e-03 5.660691484808921814e-02
