9.623076021671295166e-02 1.645288467407226562e-01 2.022266201674938202e-02 3.005167841911315918e-02 1.382053736597299576e-02 9.475210309028625488e-02 7.940080016851425171e-02 5.274797789752483368e-03 4.275831859558820724e-03 3.552837530151009560e-03 6.811850517988204956e-02 1.114710420370101929e-02 5.130927264690399170e-02 2.173908054828643799e-02 3.109429404139518738e-02 7.174672093242406845e-03 1.676453091204166412e-02 4.236543178558349609e-02 2.898020297288894653e-02 1.488415338099002838e-02 1.539980247616767883e-02 1.778599247336387634e-02 7.524660322815179825e-03 8.724004030227661133e-03 1.410962920635938644e-02 2.026471868157386780e-02 2.978772670030593872e-02 7.499273400753736496e-03 2.721540629863739014e-02 3.317594819236546755e-04 1.307309884577989578e-02 1.535681262612342834e-02 7.405684143304824829e-02 2.601359598338603973e-02 4.927995428442955017e-02 3.774531930685043335e-02 6.934945937246084213e-03 4.251120146363973618e-03 1.535059418529272079e-02 2.718207798898220062e-02 1.858890056610107422e-02 1.763887517154216766e-02 4.939750209450721741e-02 2.462426945567131042e-02 2.585680410265922546e-02 7.827530615031719208e-03 8.202823996543884277e-02 4.007955268025398254e-02 9.496419806964695454e-05 2.784644719213247299e-03 5.915032699704170227e-03 1.095534302294254303e-02 8.722695522010326385e-03 1.926090382039546967e-02 1.402433589100837708e-02 4.365665465593338013e-02 1.631598453968763351e-03 3.895434318110346794e-03 2.212802506983280182e-02 1.511241309344768524e-02 1.888031139969825745e-02 3.068158403038978577e-02 2.116388827562332153e-02 1.523239351809024811e-02 2.355865761637687683e-02 3.225231170654296875e-02 5.624927580356597900e-03 1.363434828817844391e-02 7.017727475613355637e-03 9.311555884778499603e-03 1.680940203368663788e-02 1.697297208011150360e-02 1.186301000416278839e-02 3.395858919247984886e-03 1.215128973126411438e-02 2.961367741227149963e-02 8.454297669231891632e-03 3.899599239230155945e-02 2.286861650645732880e-02 1.025102939456701279e-02 1.615542173385620117e-02 1.993877813220024109e-02 1.795727200806140900e-02 3.585009276866912842e-02 1.742191985249519348e-02 2.943953312933444977e-02 1.038700342178344727e-02 4.366957023739814758e-02 7.561739999800920486e-03 4.213742166757583618e-02 4.904989153146743774e-02 2.656790241599082947e-02 2.894467860460281372e-02 2.222182601690292358e-02 2.717945910990238190e-02 2.903613448143005371e-02 2.857498452067375183e-02 1.288558077067136765e-02 7.388842641375958920e-04 5.579836666584014893e-03 1.841989433160051703e-04 1.145093981176614761e-02 4.422415979206562042e-03 2.576058730483055115e-02 6.719971424899995327e-04 2.467842539772391319e-03 3.270272538065910339e-02 3.568736836314201355e-02 4.024650156497955322e-02 7.673138752579689026e-03 5.506596527993679047e-03 2.053478918969631195e-02 3.457237780094146729e-02 2.085990272462368011e-02 2.618183195590972900e-02 4.514908418059349060e-02
1.645288467407226562e-01 5.507024005055427551e-02 1.714440435171127319e-02 1.692778803408145905e-02 3.641553223133087158e-02 8.423924446105957031e-02 1.125855594873428345e-01 4.210134968161582947e-03 4.072043672204017639e-02 6.021178886294364929e-02 4.730179160833358765e-02 4.210453853011131287e-02 9.141799807548522949e-02 2.510532550513744354e-02 4.774714633822441101e-02 8.151298388838768005e-03 2.118660137057304382e-02 2.586018852889537811e-02 2.529336325824260712e-02 5.402252823114395142e-02 4.083579871803522110e-03 2.897652564570307732e-03 3.018974326550960541e-02 2.167630009353160858e-02 5.190551280975341797e-02 3.523876518011093140e-02 3.924516960978507996e-03 3.614330664277076721e-02 4.531054582912474871e-04 1.398254767991602421e-03 3.073282167315483093e-02 2.637133561074733734e-02 1.388295460492372513e-02 3.740767017006874084e-02 2.200131863355636597e-02 2.154730446636676788e-02 1.706645451486110687e-02 3.252364695072174072e-02 2.450139075517654419e-02 2.599075436592102051e-02 5.714406445622444153e-02 3.791111335158348083e-02 4.172400385141372681e-02 2.695742994546890259e-02 3.243581950664520264e-02 6.478766910731792450e-03 8.047660440206527710e-02 6.478715687990188599e-02 3.797886520624160767e-02 5.419267714023590088e-02 3.833471238613128662e-02 4.366824030876159668e-02 2.464811317622661591e-02 2.197164483368396759e-02 1.379869319498538971e-02 7.619795203208923340e-02 1.637440919876098633e-02 1.418675575405359268e-02 3.708643093705177307e-02 1.103633176535367966e-02 6.845329888164997101e-03 3.261383622884750366e-02 3.185559180565178394e-04 1.871782727539539337e-02 1.446858607232570648e-02 4.885616898536682129e-02 3.457712754607200623e-02 1.896870136260986328e-02 6.879824213683605194e-03 3.718674182891845703e-02 7.427760865539312363e-03 5.608290061354637146e-02 8.777471259236335754e-03 4.822148010134696960e-02 3.346920013427734375e-02 3.324186056852340698e-02 3.036988526582717896e-02 8.022383600473403931e-02 1.826082356274127960e-02 9.448346681892871857e-03 1.214557979255914688e-02 4.447736218571662903e-02 1.512230932712554932e-02 8.833415806293487549e-03 7.025029510259628296e-02 5.075952410697937012e-02 1.172274630516767502e-02 4.509686678647994995e-02 3.741047345101833344e-03 1.655490696430206299e-02 1.614443026483058929e-02 8.605070412158966064e-03 2.827305719256401062e-02 7.035400252789258957e-03 2.908700145781040192e-02 2.254206128418445587e-02 1.228321436792612076e-02 2.485981769859790802e-02 1.817743876017630100e-03 1.118961162865161896e-02 1.972955651581287384e-02 4.098665714263916016e-02 1.434711553156375885e-02 7.300721947103738785e-03 5.067639425396919250e-02 2.314133336767554283e-03 6.341398507356643677e-02 4.739355761557817459e-03 2.182727679610252380e-03 2.764024771749973297e-03 2.465610392391681671e-03 2.165913768112659454e-02 1.153798867017030716e-02 1.056109182536602020e-02 6.688601523637771606e-02 5.450076982378959656e-02
2.022266201674938202e-02 1.714440435171127319e-02 6.335048377513885498e-02 5.983185023069381714e-03 1.324937492609024048e-02 1.591304666362702847e-03 6.411249190568923950e-02 2.296761572360992432e-01 3.927665203809738159e-02 1.610694266855716705e-02 2.335448376834392548e-02 3.562005609273910522e-02 1.544859632849693298e-02 4.538599867373704910e-03 1.660693436861038208e-02 8.117529563605785370e-03 2.632729709148406982e-02 5.934697762131690979e-02 1.575915329158306122e-02 9.956022724509239197e-03 2.991455793380737305e-02 4.635306447744369507e-02 6.790677458047866821e-02 3.662689775228500366e-02 3.977926075458526611e-02 2.356041781604290009e-02 1.913264766335487366e-02 1.118456572294235229e-02 2.760006487369537354e-02 1.753116399049758911e-02 2.923855744302272797e-02 4.280182719230651855e-02 7.734338194131851196e-02 3.182981535792350769e-02 4.194105044007301331e-02 5.661645438522100449e-03 2.760575525462627411e-02 1.915926299989223480e-02 2.595501020550727844e-02 1.681609428487718105e-03 5.589621141552925110e-02 4.041449725627899170e-02 3.692715615034103394e-02 8.193711191415786743e-02 1.807759143412113190e-02 5.437869695015251637e-04 3.473302815109491348e-03 5.964994430541992188e-02 8.333961479365825653e-03 6.458917167037725449e-03 4.565153270959854126e-02 2.044083084911108017e-03 3.395166620612144470e-02 1.035100892186164856e-01 1.473580952733755112e-02 8.288598619401454926e-03 2.543366700410842896e-02 6.573744863271713257e-02 1.155451461672782898e-01 9.432435035705566406e-02 8.818367496132850647e-03 5.247168242931365967e-02 3.959315642714500427e-02 5.993609782308340073e-03 4.781171679496765137e-02 6.388012785464525223e-03 9.995498694479465485e-03 1.618844084441661835e-02 4.323504120111465454e-02 3.641654178500175476e-02 3.195426240563392639e-02 6.942811422049999237e-03 4.389542341232299805e-02 2.605387475341558456e-03 1.131832879036664963e-02 3.612820804119110107e-02 8.247064426541328430e-03 3.072296269237995148e-02 6.651709228754043579e-02 5.033793300390243530e-02 2.913169264793395996e-01 1.947441399097442627e-01 2.222974039614200592e-02 1.615154184401035309e-02 9.610607288777828217e-03 1.549609657377004623e-02 8.258849382400512695e-02 4.484882205724716187e-02 3.140214085578918457e-02 2.984840981662273407e-02 6.800303817726671696e-04 2.673674002289772034e-02 2.882210724055767059e-02 2.926892414689064026e-02 2.477862499654293060e-02 1.504027657210826874e-02 7.938747107982635498e-02 1.036858186125755310e-02 1.057558320462703705e-02 2.867075847461819649e-03 4.229179769754409790e-02 4.618773609399795532e-02 5.439896136522293091e-02 4.616545140743255615e-02 1.426909398287534714e-02 2.831151476129889488e-03 4.015022888779640198e-02 8.268484845757484436e-03 8.175305090844631195e-03 1.350689865648746490e-02 2.587787248194217682e-02 4.900516010820865631e-03 2.148275077342987061e-02 1.380754448473453522e-02 6.398001685738563538e-03 4.573975130915641785e-02
3.005167841911315918e-02 1.692778803408145905e-02 5.983185023069381714e-03 8.782046288251876831e-02 7.587727904319763184e-02 2.543203532695770264e-02 3.707985579967498779e-02 1.439517643302679062e-02 9.542176872491836548e-02 7.153055816888809204e-02 2.129198610782623291e-02 4.292539507150650024e-02 2.563721872866153717e-02 5.391771718859672546e-02 4.286825656890869141e-02 4.431483149528503418e-02 9.883697144687175751e-03 3.839608281850814819e-02 7.636579126119613647e-02 4.779146984219551086e-03 8.162812888622283936e-02 5.091795697808265686e-02 4.897376149892807007e-02 3.543749218806624413e-03 2.414659410715103149e-02 1.196708250790834427e-02 2.776805125176906586e-02 3.101799450814723969e-02 6.172761321067810059e-02 4.285925067961215973e-03 1.505558472126722336e-02 3.745885565876960754e-02 1.946351118385791779e-02 5.653303861618041992e-02 7.543295156210660934e-03 6.767738610506057739e-02 1.029389817267656326e-02 1.438147295266389847e-02 1.074706017971038818e-01 3.360709920525550842e-02 6.124282954260706902e-04 1.450882013887166977e-02 3.710507601499557495e-02 3.489533066749572754e-02 1.631838269531726837e-02 4.393169656395912170e-02 2.907457761466503143e-02 4.109806381165981293e-03 4.208910465240478516e-02 6.504662800580263138e-03 1.997022889554500580e-02 1.917416043579578400e-02 6.178531423211097717e-02 4.406829923391342163e-02 1.524193119257688522e-02 5.198506638407707214e-02 1.253550034016370773e-02 6.453253328800201416e-02 5.451220273971557617e-02 6.588300317525863647e-02 4.012264683842658997e-02 9.043504483997821808e-03 3.836200013756752014e-02 1.258451025933027267e-02 4.210333153605461121e-02 3.554578125476837158e-02 1.136053446680307388e-02 1.508356351405382156e-02 4.537805914878845215e-02 3.049436211585998535e-02 1.475104130804538727e-02 4.949326440691947937e-02 8.505696803331375122e-02 6.163603626191616058e-03 5.411901324987411499e-02 2.227940969169139862e-02 4.695240780711174011e-02 2.067803964018821716e-02 2.684925217181444168e-03 2.930302545428276062e-02 1.802110299468040466e-02 1.362086087465286255e-02 5.727495625615119934e-02 6.827732175588607788e-02 1.784505881369113922e-02 3.821728006005287170e-02 8.714015781879425049e-02 7.623512763530015945e-03 2.938167750835418701e-02 5.183730646967887878e-02 2.977466210722923279e-02 3.080644831061363220e-02 7.993718609213829041e-03 5.454411357641220093e-02 8.170895278453826904e-02 2.438883669674396515e-02 3.558395430445671082e-02 4.158789664506912231e-02 6.346197426319122314e-02 3.204938769340515137e-02 1.835225708782672882e-02 3.477220237255096436e-02 8.533471077680587769e-02 3.175665438175201416e-02 2.974599413573741913e-02 1.276998315006494522e-02 5.879122763872146606e-02 3.375768661499023438e-02 4.187234491109848022e-02 1.336508989334106445e-02 2.849953062832355499e-02 4.171457141637802124e-02 2.398500218987464905e-02 1.682182773947715759e-02 8.250800520181655884e-02 1.689298450946807861e-02
1.382053736597299576e-02 3.641553223133087158e-02 1.324937492609024048e-02 7.587727904319763184e-02 5.988859012722969055e-02 3.954774513840675354e-02 6.726221740245819092e-02 2.551569417119026184e-02 1.666246168315410614e-02 6.767475605010986328e-02 3.950002789497375488e-02 9.976211935281753540e-02 7.366973906755447388e-03 4.793811216950416565e-02 4.447441548109054565e-03 6.408358458429574966e-04 4.075247421860694885e-02 5.824537947773933411e-02 1.291112452745437622e-01 1.163546591997146606e-01 3.895891457796096802e-02 5.491773784160614014e-02 5.582719296216964722e-02 5.274741444736719131e-03 5.797861516475677490e-02 4.070850089192390442e-02 4.987553879618644714e-02 1.266996376216411591e-02 3.981565311551094055e-02 4.999960958957672119e-02 2.725477702915668488e-02 2.501343563199043274e-02 3.446227684617042542e-02 3.294216841459274292e-02 2.495565079152584076e-02 5.494303628802299500e-02 3.908070549368858337e-02 3.393302857875823975e-02 8.930787444114685059e-02 1.590841859579086304e-01 1.184806134551763535e-02 5.399620532989501953e-02 3.908849135041236877e-02 4.654204100370407104e-02 3.273664042353630066e-02 5.813309922814369202e-02 3.520441055297851562e-02 5.589733272790908813e-02 4.878432676196098328e-02 1.746060140430927277e-02 3.418414667248725891e-02 2.476708963513374329e-02 4.584594164043664932e-03 2.914056368172168732e-02 2.363179624080657959e-02 4.566774517297744751e-02 2.370630577206611633e-02 5.184613913297653198e-02 4.270463436841964722e-02 1.872982271015644073e-02 1.232339255511760712e-02 8.791210502386093140e-02 1.263172645121812820e-02 3.546085208654403687e-02 6.174579262733459473e-03 2.573904022574424744e-02 6.506294012069702148e-02 3.806488960981369019e-02 5.735151842236518860e-02 4.171047359704971313e-02 1.065414845943450928e-01 7.413597777485847473e-03 5.281521752476692200e-02 6.760548055171966553e-02 6.862565129995346069e-02 5.168424919247627258e-03 4.272142425179481506e-03 5.226356163620948792e-02 1.288693398237228394e-03 5.750787630677223206e-02 8.136292453855276108e-04 2.841158211231231689e-02 4.193829838186502457e-03 1.302998960018157959e-01 3.984579071402549744e-02 5.794467777013778687e-02 2.309222891926765442e-02 1.152587030082941055e-02 1.204577740281820297e-02 6.456025689840316772e-02 5.802181083709001541e-03 1.863839663565158844e-02 1.509202923625707626e-02 2.680899109691381454e-03 3.639725223183631897e-02 6.735043227672576904e-02 3.399284929037094116e-02 3.510766848921775818e-02 6.726005114614963531e-03 5.077629163861274719e-02 2.026419527828693390e-02 1.691657491028308868e-02 2.067750319838523865e-02 7.085403800010681152e-02 4.820707254111766815e-03 5.810125917196273804e-02 3.289329260587692261e-02 6.416585296392440796e-02 2.465747110545635223e-02 3.218041732907295227e-02 2.467995695769786835e-02 8.421411737799644470e-03 4.408654943108558655e-02 5.171847343444824219e-02 9.382634609937667847e-02 1.771258562803268433e-02
9.475210309028625488e-02 8.423924446105957031e-02 1.591304666362702847e-03 2.543203532695770264e-02 3.954774513840675354e-02 8.116158097982406616e-02 1.196088269352912903e-01 5.209887400269508362e-03 2.199405245482921600e-02 4.440149292349815369e-02 6.360938400030136108e-02 7.584268599748611450e-02 6.558546423912048340e-02 5.045770108699798584e-02 1.032775267958641052e-02 2.917857840657234192e-02 2.800849266350269318e-03 3.439006209373474121e-02 5.095529556274414062e-02 1.085311826318502426e-02 2.054333500564098358e-02 1.785548776388168335e-02 7.553860079497098923e-03 2.220561914145946503e-02 9.783633053302764893e-03 8.413444273173809052e-03 4.935035482048988342e-02 4.714832827448844910e-02 2.155076898634433746e-02 1.809658668935298920e-02 3.382512927055358887e-02 2.327705733478069305e-02 4.886473342776298523e-02 5.510729271918535233e-03 3.843284398317337036e-02 3.493779525160789490e-02 2.159165777266025543e-02 2.108955522999167442e-03 9.919685311615467072e-03 2.179136313498020172e-02 1.096286252140998840e-02 1.658700220286846161e-02 4.061573743820190430e-02 9.992769919335842133e-03 3.104580193758010864e-02 3.425022214651107788e-02 1.218446567654609680e-01 8.093735575675964355e-02 3.320099785923957825e-02 2.059436216950416565e-02 3.300730139017105103e-02 3.692539874464273453e-03 4.595864191651344299e-02 4.192119091749191284e-02 4.884759709239006042e-02 7.105675339698791504e-02 2.906144410371780396e-02 4.398870468139648438e-02 1.335050677880644798e-03 3.356035426259040833e-02 4.515731707215309143e-02 4.495386406779289246e-02 1.687491871416568756e-02 1.134387496858835220e-02 2.045610919594764709e-02 5.719532817602157593e-02 4.104597866535186768e-02 1.957572437822818756e-02 1.980225928127765656e-02 3.251358494162559509e-02 2.464354783296585083e-02 5.096061900258064270e-02 1.877207681536674500e-02 6.011294573545455933e-02 1.490447018295526505e-02 1.359067391604185104e-02 3.399040922522544861e-02 2.478696778416633606e-02 4.161302931606769562e-03 3.220551088452339172e-02 8.029439486563205719e-03 1.531813666224479675e-02 4.079951718449592590e-02 1.590509153902530670e-02 3.951983060687780380e-03 3.033784776926040649e-02 1.465919800102710724e-02 2.362718619406223297e-02 3.508045151829719543e-02 3.547114878892898560e-02 5.233060196042060852e-02 1.597948372364044189e-02 6.896188855171203613e-02 5.674347281455993652e-03 2.551329135894775391e-02 3.146404027938842773e-02 1.031792256981134415e-02 9.003217332065105438e-03 2.978778630495071411e-02 3.357116505503654480e-02 4.312474653124809265e-02 2.875708416104316711e-02 1.905471459031105042e-02 4.552756436169147491e-03 2.091143094003200531e-02 7.139429450035095215e-03 2.455369941890239716e-02 1.968660578131675720e-02 4.424158483743667603e-02 1.642539724707603455e-02 1.138530205935239792e-02 2.768799662590026855e-02 4.111323505640029907e-03 1.333204377442598343e-02 2.899502590298652649e-02 5.442541092634201050e-02
7.940080016851425171e-02 1.125855594873428345e-01 6.411249190568923950e-02 3.707985579967498779e-02 6.726221740245819092e-02 1.196088269352912903e-01 8.739634603261947632e-02 7.716481573879718781e-03 1.721710525453090668e-02 4.854279756546020508e-02 6.252732127904891968e-02 5.671349167823791504e-02 8.769096434116363525e-02 3.249802440404891968e-02 4.699149169027805328e-03 3.813421726226806641e-02 1.149687916040420532e-02 3.056968376040458679e-02 5.250333249568939209e-02 2.883442491292953491e-02 3.508416935801506042e-02 6.359193008393049240e-03 1.783438958227634430e-02 8.932081051170825958e-03 1.671589910984039307e-02 2.509909309446811676e-02 8.238010108470916748e-03 5.764050409197807312e-02 1.866040937602519989e-02 1.705537363886833191e-02 2.533482946455478668e-02 1.624062098562717438e-02 4.414122179150581360e-02 1.748909428715705872e-02 2.876239083707332611e-02 1.551067735999822617e-02 1.032016053795814514e-02 1.258701365441083908e-02 1.324566733092069626e-02 1.106088457163423300e-04 4.026667214930057526e-03 2.072284929454326630e-03 3.287460654973983765e-02 4.085223656147718430e-03 6.594682484865188599e-02 5.698881670832633972e-02 1.144054606556892395e-01 1.056928336620330811e-01 2.202389948070049286e-02 2.147454768419265747e-02 1.455974485725164413e-02 6.087311729788780212e-02 3.675522655248641968e-02 6.565340608358383179e-02 4.305911064147949219e-02 8.360984176397323608e-02 2.123485319316387177e-02 6.126085668802261353e-02 3.593778237700462341e-02 3.574457764625549316e-02 3.009323962032794952e-02 2.462547831237316132e-02 2.053176611661911011e-02 2.087499015033245087e-03 5.858743097633123398e-04 6.064003705978393555e-02 3.910493478178977966e-02 2.835628762841224670e-02 2.673376724123954773e-02 1.333211082965135574e-02 1.676753163337707520e-02 7.446318119764328003e-02 2.159853465855121613e-02 2.237840555608272552e-02 4.150269087404012680e-03 4.847741127014160156e-02 3.398703038692474365e-02 1.681165583431720734e-02 9.328375570476055145e-03 5.634707212448120117e-02 1.469259802252054214e-02 2.502295747399330139e-02 1.845403574407100677e-02 1.393505930900573730e-02 1.887020654976367950e-02 3.494688868522644043e-02 3.832338377833366394e-03 1.967218145728111267e-02 2.062533982098102570e-02 3.286763280630111694e-02 1.625043340027332306e-02 1.781120197847485542e-03 6.229298189282417297e-02 1.280305208638310432e-03 3.936870396137237549e-02 4.078897088766098022e-02 4.002434015274047852e-02 1.032496616244316101e-02 8.697465993463993073e-03 2.971756272017955780e-02 4.938549548387527466e-02 3.946905955672264099e-02 7.034981623291969299e-03 7.164913695305585861e-03 3.704811260104179382e-02 6.431858491851016879e-05 4.006041213870048523e-03 1.709764590486884117e-03 6.957505643367767334e-02 1.149572781287133694e-03 1.416964083909988403e-02 1.722138188779354095e-02 2.124549588188529015e-03 3.848282853141427040e-03 4.116643965244293213e-02 5.638062953948974609e-02
5.274797789752483368e-03 4.210134968161582947e-03 2.296761572360992432e-01 1.439517643302679062e-02 2.551569417119026184e-02 5.209887400269508362e-03 7.716481573879718781e-03 6.341249495744705200e-02 2.784794778563082218e-04 3.244288032874464989e-03 1.550498791038990021e-02 3.635180369019508362e-02 1.254505291581153870e-02 3.578723967075347900e-02 6.685890257358551025e-02 2.855252288281917572e-02 3.061608783900737762e-02 6.193124130368232727e-02 3.562667965888977051e-02 6.363263726234436035e-02 2.892492711544036865e-02 4.167275875806808472e-02 7.292021531611680984e-03 1.482952106744050980e-02 2.040339261293411255e-02 4.732609540224075317e-02 1.205191947519779205e-02 3.308870643377304077e-02 7.863887585699558258e-03 4.467947874218225479e-03 5.499760806560516357e-02 7.181139197200536728e-03 9.534236975014209747e-03 1.746020629070699215e-03 5.127560719847679138e-02 8.321883156895637512e-03 6.404519081115722656e-02 5.664708092808723450e-02 3.335731104016304016e-02 4.758105054497718811e-02 1.748323813080787659e-02 2.809501485899090767e-03 3.253656625747680664e-02 2.254649996757507324e-02 5.569733679294586182e-03 3.026993386447429657e-02 6.044973153620958328e-03 1.563751138746738434e-02 3.645420819520950317e-02 3.492531180381774902e-02 7.618245482444763184e-02 4.638145864009857178e-02 1.553331874310970306e-02 7.760842889547348022e-02 3.233481571078300476e-02 2.834779955446720123e-02 1.200491655617952347e-02 2.349931001663208008e-02 1.058341190218925476e-02 4.964479245245456696e-03 2.187274396419525146e-02 5.192814860492944717e-03 3.654187545180320740e-02 4.944547265768051147e-02 5.679884925484657288e-03 2.513314411044120789e-02 4.046600684523582458e-02 1.083138864487409592e-02 4.424440860748291016e-02 4.500175267457962036e-02 3.806173056364059448e-02 1.171071454882621765e-02 3.490998409688472748e-03 3.071809560060501099e-02 1.055784337222576141e-02 3.508735448122024536e-02 1.545727066695690155e-02 2.081348933279514313e-02 1.229088567197322845e-02 2.646099077537655830e-03 1.920099854469299316e-01 1.847761273384094238e-01 4.823608323931694031e-02 7.298998534679412842e-03 2.479987591505050659e-02 1.108184643089771271e-02 1.299838125705718994e-01 1.089316904544830322e-01 2.375780604779720306e-02 8.002931624650955200e-02 2.652149414643645287e-03 1.851208042353391647e-03 8.588108234107494354e-03 2.841006964445114136e-02 1.498550176620483398e-03 5.270892288535833359e-03 2.652460709214210510e-03 3.428494930267333984e-02 5.485312081873416901e-03 1.128053572028875351e-02 2.877809666097164154e-02 2.167770639061927795e-02 6.058682221919298172e-03 1.232431642711162567e-02 1.554845273494720459e-02 3.099686466157436371e-03 6.709469016641378403e-03 4.504045844078063965e-02 5.996998865157365799e-03 1.471789553761482239e-03 9.752975893206894398e-04 1.366236340254545212e-02 1.862609572708606720e-02 4.264167696237564087e-02 2.688642218708992004e-02 6.945909000933170319e-03
4.275831859558820724e-03 4.072043672204017639e-02 3.927665203809738159e-02 9.542176872491836548e-02 1.666246168315410614e-02 2.199405245482921600e-02 1.721710525453090668e-02 2.784794778563082218e-04 9.712930768728256226e-02 1.227805018424987793e-01 2.988316677510738373e-02 9.763169800862669945e-04 6.598959118127822876e-02 9.201864153146743774e-02 1.673096674494445324e-03 3.058581799268722534e-02 1.034560203552246094e-01 3.317098319530487061e-02 6.315307319164276123e-02 5.956825613975524902e-02 2.632204815745353699e-02 2.274559577926993370e-03 1.450042873620986938e-01 3.117962740361690521e-02 6.081487052142620087e-03 2.081605605781078339e-02 4.890688695013523102e-03 1.673524267971515656e-02 6.315330974757671356e-03 2.300287969410419464e-02 1.283095497637987137e-02 5.033519864082336426e-02 1.088328659534454346e-01 2.764604054391384125e-02 6.991605460643768311e-02 2.297769300639629364e-03 5.138829723000526428e-02 4.202045127749443054e-02 2.579857828095555305e-04 5.359309911727905273e-02 1.389744970947504044e-02 6.684931367635726929e-02 4.302600026130676270e-02 1.604402624070644379e-02 8.840236812829971313e-02 2.859925478696823120e-02 5.283248052000999451e-02 1.990345679223537445e-02 5.872969329357147217e-02 2.162515558302402496e-02 5.171376094222068787e-02 1.267848908901214600e-02 6.041106209158897400e-02 1.231569517403841019e-02 7.114113867282867432e-02 3.400462865829467773e-02 1.084850355982780457e-01 2.899711579084396362e-02 3.855659812688827515e-02 5.071779340505599976e-02 4.881136119365692139e-03 1.785222208127379417e-03 6.579447537660598755e-02 7.021220028400421143e-02 8.271094411611557007e-03 2.376153320074081421e-02 6.203330587595701218e-03 2.856688760221004486e-02 2.375754714012145996e-02 3.401318937540054321e-02 5.474055185914039612e-02 3.314706683158874512e-02 1.704257540404796600e-02 2.679115906357765198e-02 8.073141425848007202e-02 1.082296762615442276e-02 1.225189343094825745e-01 6.227364018559455872e-02 8.939772844314575195e-02 6.883192062377929688e-02 3.569615259766578674e-02 2.621733210980892181e-02 1.262582987546920776e-01 6.933933123946189880e-03 2.970163710415363312e-02 3.423288092017173767e-02 2.819326706230640411e-02 3.996969014406204224e-02 7.117371261119842529e-02 4.248014837503433228e-02 1.549647189676761627e-02 1.769444905221462250e-02 5.141173023730516434e-03 4.991704132407903671e-03 2.018235996365547180e-02 1.350961811840534210e-02 1.981587894260883331e-02 8.062385767698287964e-02 1.164587885141372681e-01 5.771620571613311768e-02 6.907457858324050903e-02 7.754555344581604004e-02 3.759374842047691345e-02 5.541876703500747681e-02 3.186916932463645935e-02 7.975640147924423218e-02 6.939754355698823929e-03 2.288091741502285004e-02 8.997080475091934204e-02 4.445725586265325546e-03 9.116415865719318390e-03 5.403508245944976807e-02 4.552197456359863281e-02 3.840338066220283508e-02 5.621494725346565247e-02 4.995797201991081238e-02
3.552837530151009560e-03 6.021178886294364929e-02 1.610694266855716705e-02 7.153055816888809204e-02 6.767475605010986328e-02 4.440149292349815369e-02 4.854279756546020508e-02 3.244288032874464989e-03 1.227805018424987793e-01 1.298098266124725342e-01 4.637164995074272156e-02 6.830130703747272491e-03 5.667268112301826477e-02 5.365500971674919128e-02 3.211867436766624451e-02 7.918234914541244507e-02 2.827351540327072144e-02 3.575773909687995911e-02 1.407478004693984985e-01 6.920717656612396240e-03 2.977856900542974472e-03 1.844672299921512604e-02 6.999208033084869385e-02 1.035974696278572083e-01 1.156210526823997498e-02 2.607191912829875946e-02 3.946109116077423096e-02 5.194431170821189880e-02 2.972908318042755127e-02 2.061317861080169678e-02 4.835325479507446289e-02 4.790932871401309967e-03 7.820247113704681396e-02 2.422889880836009979e-02 7.990059256553649902e-02 5.498010292649269104e-02 3.463512659072875977e-02 3.359049186110496521e-02 7.926733791828155518e-02 4.957352951169013977e-02 3.817264689132571220e-03 6.785405427217483521e-02 4.517265781760215759e-02 1.900533400475978851e-02 3.596303213271312416e-05 9.360475838184356689e-02 3.430726006627082825e-02 2.045503817498683929e-02 5.896217748522758484e-02 1.193552091717720032e-01 3.552334383130073547e-02 1.888693682849407196e-02 4.627064988017082214e-02 2.490788931027054787e-03 5.862399190664291382e-02 1.093741059303283691e-01 1.754353567957878113e-02 8.665591478347778320e-02 1.061124913394451141e-02 4.082479327917098999e-02 2.486930787563323975e-02 9.621225297451019287e-02 7.744270563125610352e-02 1.628508907742798328e-03 4.151331633329391479e-02 3.683409839868545532e-02 1.959420554339885712e-02 4.581480845808982849e-02 5.769862979650497437e-02 3.118843073025345802e-03 9.766122698783874512e-02 1.074068713933229446e-02 7.137566059827804565e-02 3.770113736391067505e-02 1.666969619691371918e-02 3.762166574597358704e-02 5.779941007494926453e-02 1.159743890166282654e-01 2.362536638975143433e-02 1.764613986015319824e-01 1.372372359037399292e-02 4.156493581831455231e-03 6.790175102651119232e-03 1.384031474590301514e-01 2.880981564521789551e-02 7.754483819007873535e-02 2.620933949947357178e-02 3.735370561480522156e-02 4.286666214466094971e-02 1.178833022713661194e-01 2.375727146863937378e-02 1.154100615531206131e-02 8.931673131883144379e-03 2.367389388382434845e-02 4.407711327075958252e-02 2.270015975227579474e-04 1.446051988750696182e-02 4.489641636610031128e-03 1.918302965350449085e-03 4.602416232228279114e-02 6.383906584233045578e-03 2.759562432765960693e-02 3.948614373803138733e-02 4.890495538711547852e-02 5.691483616828918457e-03 1.210956368595361710e-02 2.034416981041431427e-02 1.521539222449064255e-02 2.713965810835361481e-02 2.924152091145515442e-02 1.778293587267398834e-02 1.009296905249357224e-02 2.415329404175281525e-02 1.536855101585388184e-02 2.781308256089687347e-02 1.175480987876653671e-02
6.811850517988204956e-02 4.730179160833358765e-02 2.335448376834392548e-02 2.129198610782623291e-02 3.950002789497375488e-02 6.360938400030136108e-02 6.252732127904891968e-02 1.550498791038990021e-02 2.988316677510738373e-02 4.637164995074272156e-02 1.021121069788932800e-01 1.068146247416734695e-02 8.689797669649124146e-02 3.093973733484745026e-02 1.976854726672172546e-02 7.227712776511907578e-03 1.384473592042922974e-02 2.462069317698478699e-02 1.360075362026691437e-02 2.265993133187294006e-02 1.597565598785877228e-02 2.722890116274356842e-03 2.087083877995610237e-03 2.030169963836669922e-02 1.633217185735702515e-02 2.366054244339466095e-02 4.101561382412910461e-03 3.914979100227355957e-02 8.289679139852523804e-02 1.151447091251611710e-02 2.391020767390727997e-02 5.565576720982789993e-03 1.909132301807403564e-02 4.721827339380979538e-03 2.251851931214332581e-02 3.330636024475097656e-02 2.960321726277470589e-04 2.645492926239967346e-02 1.083369180560112000e-02 2.786221913993358612e-02 2.628848142921924591e-02 7.225880865007638931e-03 6.725639104843139648e-02 2.030582539737224579e-02 4.453434608876705170e-03 4.338980838656425476e-02 8.662792295217514038e-02 4.519356414675712585e-02 1.650910265743732452e-02 2.528208307921886444e-02 2.836429700255393982e-02 5.318540707230567932e-02 5.260342266410589218e-03 1.036894880235195160e-02 6.630229949951171875e-02 8.581394702196121216e-02 2.516174130141735077e-02 1.501570921391248703e-02 1.215865369886159897e-02 3.397038206458091736e-02 3.163233399391174316e-02 2.989976853132247925e-02 1.816182024776935577e-02 1.573278196156024933e-02 6.884139031171798706e-02 5.469796434044837952e-02 2.852686867117881775e-02 1.370603684335947037e-02 3.136111050844192505e-02 2.171790227293968201e-02 1.467946264892816544e-02 7.100837305188179016e-03 7.602361030876636505e-03 7.090268190950155258e-04 3.319214284420013428e-02 4.088484216481447220e-03 1.023173332214355469e-02 3.228995483368635178e-03 7.093338761478662491e-03 4.968764260411262512e-02 3.252454847097396851e-02 4.105133190751075745e-02 1.859296858310699463e-02 8.620133623480796814e-03 2.420393191277980804e-02 5.311563238501548767e-02 2.585760317742824554e-02 4.068738594651222229e-02 2.990035340189933777e-02 5.029240995645523071e-02 5.892718210816383362e-02 1.337973866611719131e-02 3.402582556009292603e-02 1.084969379007816315e-02 1.660045050084590912e-02 4.480053111910820007e-02 4.556538909673690796e-02 7.704447954893112183e-03 3.560142964124679565e-02 4.357492178678512573e-02 2.439247211441397667e-03 8.942539803683757782e-03 2.077342383563518524e-02 2.706484124064445496e-02 1.492511946707963943e-02 1.591888815164566040e-02 1.188028510659933090e-02 3.678412735462188721e-02 3.114810958504676819e-02 2.493558824062347412e-02 2.115590870380401611e-02 6.295577157288789749e-03 1.776165887713432312e-02 3.035973291844129562e-03 3.428225591778755188e-02 9.352393448352813721e-03
1.114710420370101929e-02 4.210453853011131287e-02 3.562005609273910522e-02 4.292539507150650024e-02 9.976211935281753540e-02 7.584268599748611450e-02 5.671349167823791504e-02 3.635180369019508362e-02 9.763169800862669945e-04 6.830130703747272491e-03 1.068146247416734695e-02 6.814689189195632935e-02 5.410072952508926392e-02 1.728808879852294922e-01 1.448254287242889404e-02 5.207705870270729065e-02 3.767995163798332214e-02 6.717219203710556030e-02 1.086500734090805054e-01 6.623863428831100464e-02 8.500906825065612793e-02 3.698725195135921240e-04 1.695286855101585388e-02 1.193829253315925598e-02 1.659171283245086670e-02 1.291605178266763687e-02 4.321252554655075073e-02 2.457670681178569794e-02 6.510169804096221924e-02 9.162708371877670288e-02 1.101798657327890396e-02 3.284629201516509056e-05 5.215901136398315430e-02 2.470859326422214508e-02 1.021646521985530853e-02 6.058289110660552979e-02 1.722143962979316711e-02 3.101339563727378845e-02 3.396520391106605530e-02 6.357844173908233643e-02 5.617208778858184814e-02 1.860902830958366394e-02 3.736862447112798691e-03 5.288949981331825256e-02 7.713785022497177124e-02 7.852245867252349854e-02 5.274077877402305603e-02 4.391577467322349548e-02 3.810433298349380493e-02 6.414517015218734741e-02 1.531172357499599457e-02 6.999521516263484955e-03 2.800167910754680634e-02 2.221013046801090240e-02 1.725261844694614410e-02 5.640591494739055634e-03 2.529359795153141022e-02 2.646117471158504486e-02 9.027768671512603760e-02 3.892529010772705078e-02 5.433223024010658264e-02 1.023360565304756165e-01 1.219734363257884979e-02 5.912863835692405701e-02 2.332681557163596153e-03 5.650112032890319824e-02 2.974612452089786530e-02 5.754579603672027588e-02 9.419618174433708191e-03 8.945108205080032349e-02 5.765379592776298523e-02 5.634868144989013672e-02 3.261914104223251343e-02 6.905938684940338135e-02 1.365576777607202530e-02 5.593643710017204285e-02 1.284971740096807480e-02 1.005140040069818497e-02 2.610711753368377686e-02 2.693580836057662964e-02 2.771222963929176331e-02 4.055460914969444275e-02 7.076839357614517212e-02 6.161366030573844910e-02 4.327073693275451660e-02 1.584079291205853224e-04 3.594166785478591919e-02 5.896468181163072586e-03 5.688516888767480850e-03 6.367482244968414307e-02 5.197520554065704346e-02 2.496104314923286438e-02 2.465653792023658752e-02 2.231596224009990692e-02 3.950084745883941650e-02 1.716812886297702789e-02 4.934557247906923294e-03 2.341853268444538116e-02 6.192124634981155396e-02 3.688590601086616516e-02 1.205666083842515945e-02 4.468329716473817825e-03 4.843382164835929871e-03 7.759113609790802002e-02 4.998453706502914429e-02 2.913693897426128387e-02 1.375428028404712677e-02 2.248414605855941772e-02 1.414216961711645126e-02 4.578116163611412048e-02 3.514541313052177429e-02 3.437765687704086304e-02 3.105132281780242920e-02 2.692144550383090973e-02 9.979574382305145264e-02 7.004538178443908691e-02
5.130927264690399170e-02 9.141799807548522949e-02 1.544859632849693298e-02 2.563721872866153717e-02 7.366973906755447388e-03 6.558546423912048340e-02 8.769096434116363525e-02 1.254505291581153870e-02 6.598959118127822876e-02 5.667268112301826477e-02 8.689797669649124146e-02 5.410072952508926392e-02 9.771014004945755005e-02 3.771414980292320251e-02 2.277432242408394814e-03 4.193077236413955688e-02 2.604307979345321655e-02 9.150172583758831024e-03 1.905700750648975372e-02 1.876993663609027863e-02 4.130083136260509491e-03 1.096493843942880630e-02 1.830491423606872559e-02 1.709004491567611694e-02 3.485484514385461807e-03 8.018037304282188416e-03 1.303341798484325409e-02 7.318694260902702808e-04 5.729477852582931519e-02 2.327439188957214355e-02 5.315938219428062439e-02 3.136048838496208191e-02 4.052789136767387390e-02 1.655113999731838703e-03 6.172399222850799561e-02 4.027915373444557190e-02 2.156616561114788055e-02 4.088566172868013382e-03 3.260872885584831238e-02 3.399578854441642761e-02 1.578118093311786652e-02 1.730387471616268158e-02 5.925730988383293152e-02 9.682460688054561615e-03 1.058762148022651672e-02 1.698317378759384155e-02 7.678797841072082520e-02 5.475585162639617920e-02 2.267106063663959503e-02 1.094743143767118454e-02 3.671914711594581604e-02 3.427238389849662781e-02 8.277344517409801483e-03 3.848654683679342270e-03 6.562478840351104736e-02 7.517890632152557373e-02 2.942172996699810028e-02 1.701647602021694183e-02 1.094480045139789581e-02 3.445861861109733582e-02 2.218502759933471680e-02 2.762936614453792572e-02 2.377717196941375732e-02 1.168421376496553421e-02 5.812661349773406982e-02 8.820901066064834595e-02 2.408677712082862854e-02 3.494818881154060364e-02 3.684780001640319824e-02 1.767706125974655151e-02 1.640711538493633270e-02 2.396822534501552582e-02 8.392348885536193848e-03 9.912927635014057159e-03 1.055479887872934341e-02 3.081642836332321167e-02 3.010098077356815338e-02 6.916640559211373329e-04 3.500780090689659119e-02 4.172472283244132996e-02 3.003843873739242554e-02 8.781673386693000793e-03 1.156808435916900635e-02 4.445562139153480530e-02 4.025488719344139099e-02 8.411661721765995026e-03 2.100353874266147614e-02 2.880946733057498932e-02 3.222896531224250793e-02 4.837692156434059143e-02 2.668961882591247559e-02 3.069467609748244286e-03 3.108434937894344330e-02 2.231777273118495941e-02 1.322242245078086853e-02 4.464708268642425537e-02 2.658081939443945885e-03 2.122926525771617889e-02 1.420400850474834442e-02 2.002666518092155457e-02 1.729608140885829926e-02 3.186573833227157593e-02 2.303634583950042725e-02 3.056970611214637756e-02 2.665481006260961294e-04 1.106408052146434784e-02 2.025730907917022705e-02 2.799996919929981232e-02 2.277170773595571518e-03 1.763165183365345001e-02 2.343949489295482635e-02 6.485153920948505402e-03 1.312420610338449478e-02 1.095497515052556992e-02 2.276239544153213501e-02 1.279664039611816406e-02
