6.666697561740875244e-02 3.561220169067382812e-01 3.290102630853652954e-02 5.339908879250288010e-03 7.519246544688940048e-03 3.179480135440826416e-02 2.596303820610046387e-02 4.057488963007926941e-02 5.547218024730682373e-03 6.455246359109878540e-03 2.336622923612594604e-01 8.447843044996261597e-02 6.804944574832916260e-02 2.214339561760425568e-02 7.270400971174240112e-02 1.521181222051382065e-02 1.590053434483706951e-03 1.119430363178253174e-02 5.330878193490207195e-04 2.812624722719192505e-02 4.555992316454648972e-03 1.277655456215143204e-02 4.356344416737556458e-02 1.548919547349214554e-02 6.405943632125854492e-02 3.032386489212512970e-02 6.421799957752227783e-02 5.608521774411201477e-02 6.570927053689956665e-02 6.835597008466720581e-02 1.115924715995788574e-01 2.741004154086112976e-02 6.593798100948333740e-02 1.601938903331756592e-02 2.829043660312891006e-03 4.385999590158462524e-02 7.471712678670883179e-02 1.422772835940122604e-02 3.274520859122276306e-02 7.612492144107818604e-02 1.722518801689147949e-01 4.637157917022705078e-02 3.264359757304191589e-02 7.274635136127471924e-02 3.614184260368347168e-02 2.758017927408218384e-02 3.892464190721511841e-02 1.506939623504877090e-02 5.773692950606346130e-02 2.302135899662971497e-02 1.380629139021039009e-03 7.992804050445556641e-02 9.612699039280414581e-03 2.873488515615463257e-02 1.275118067860603333e-02 1.617470011115074158e-02 3.309934958815574646e-02 1.684428378939628601e-02 4.477318376302719116e-02 4.897741135209798813e-03 1.332984771579504013e-02 2.315928600728511810e-02 1.918332464993000031e-02 4.709221422672271729e-02 6.024181842803955078e-03 3.897355496883392334e-02 1.255836617201566696e-02 2.229457348585128784e-02 2.539187297224998474e-02 5.868831276893615723e-02 3.429609164595603943e-02 2.534621767699718475e-02 6.005295366048812866e-02 2.047102712094783783e-02 3.573717176914215088e-02 7.806447893381118774e-02 1.060988847166299820e-02 3.497651591897010803e-02 3.752604499459266663e-02 3.083854913711547852e-02 1.635162718594074249e-02 7.386881858110427856e-02 3.335314989089965820e-02 3.893998265266418457e-02 9.636208415031433105e-02 3.546211868524551392e-02 7.248784601688385010e-02 8.147052489221096039e-03 3.977036848664283752e-02 1.848084479570388794e-02 3.053496591746807098e-02 4.858246818184852600e-02 4.333719238638877869e-02 2.869258634746074677e-02 4.748620092868804932e-03 1.594951190054416656e-02 1.916602067649364471e-02 4.640543367713689804e-03 4.075084254145622253e-02 3.814218565821647644e-02 5.405596271157264709e-02 1.738724112510681152e-02 5.242599919438362122e-02 6.738507747650146484e-02 4.074145853519439697e-02 1.538029406219720840e-02 2.145155705511569977e-02 8.991053700447082520e-02 5.358466878533363342e-02 3.660304471850395203e-02 1.320792287588119507e-01 6.835832446813583374e-02 3.807263076305389404e-02 5.907798651605844498e-03 1.113410815596580505e-01 1.179514569230377674e-03
3.561220169067382812e-01 7.228484004735946655e-02 3.100776299834251404e-02 1.755897537805140018e-03 3.135200217366218567e-02 1.036757230758666992e-01 1.772960722446441650e-01 6.208219751715660095e-02 7.383279502391815186e-02 2.960196137428283691e-02 8.558941632509231567e-02 8.731553703546524048e-02 1.032530441880226135e-01 7.456663250923156738e-02 4.712697863578796387e-02 4.232437536120414734e-02 6.071002781391143799e-02 7.646858692169189453e-02 4.072356969118118286e-02 4.032593220472335815e-02 4.454268887639045715e-02 1.479863189160823822e-02 3.189672529697418213e-02 3.095873259007930756e-02 2.757998742163181305e-02 2.783942781388759613e-02 5.041480064392089844e-02 5.582062900066375732e-02 2.235281094908714294e-02 4.056430980563163757e-02 3.518673405051231384e-02 1.230830978602170944e-02 5.620677489787340164e-03 5.698515102267265320e-02 1.114674611017107964e-03 7.177496445365250111e-05 9.297942370176315308e-02 5.305889993906021118e-02 1.616663858294487000e-02 2.915897057391703129e-04 7.297112792730331421e-02 4.080269113183021545e-02 1.936872838996350765e-03 5.698932334780693054e-02 1.804680563509464264e-02 1.843803934752941132e-02 7.223263382911682129e-02 4.536126554012298584e-02 1.146080344915390015e-01 6.853752583265304565e-02 2.743432298302650452e-02 5.009833723306655884e-02 3.851256892085075378e-02 4.461116716265678406e-02 4.005147889256477356e-02 2.149624377489089966e-02 4.471826553344726562e-02 6.165685132145881653e-02 2.254007197916507721e-02 4.512944258749485016e-03 4.033741727471351624e-02 5.237076804041862488e-02 2.407351043075323105e-03 4.398264363408088684e-02 5.442666634917259216e-02 4.400829598307609558e-02 2.732866071164608002e-02 2.485464885830879211e-02 1.097303442656993866e-02 2.282861620187759399e-02 2.860811166465282440e-02 4.837496951222419739e-02 5.245667416602373123e-03 1.897708699107170105e-02 2.187864296138286591e-02 2.022787183523178101e-02 2.885083295404911041e-02 2.356496453285217285e-02 7.624224573373794556e-02 1.594438776373863220e-02 4.776261374354362488e-02 2.734351158142089844e-02 1.778638921678066254e-02 4.124901443719863892e-02 1.140630710870027542e-02 3.061437420547008514e-02 2.641594270244240761e-03 2.419242076575756073e-02 5.356260016560554504e-02 4.344245884567499161e-03 7.888101786375045776e-02 2.817603060975670815e-03 7.875271141529083252e-03 2.905078604817390442e-02 4.689691588282585144e-02 2.763290517032146454e-02 4.206865280866622925e-02 1.537732128053903580e-02 2.505577355623245239e-02 3.088821284472942352e-02 1.428655069321393967e-02 2.781986817717552185e-02 1.035869959741830826e-02 3.877125307917594910e-02 2.175495174014940858e-04 3.429373726248741150e-02 7.402913644909858704e-03 7.396925985813140869e-02 8.848024532198905945e-03 4.789718613028526306e-02 5.951443314552307129e-02 6.006370112299919128e-02 1.846907474100589752e-02 3.361538052558898926e-02 6.412951648235321045e-02 3.316748142242431641e-02
3.290102630853652954e-02 3.100776299834251404e-02 2.531850710511207581e-02 2.003640495240688324e-02 3.397778794169425964e-02 1.480419188737869263e-02 5.025551468133926392e-02 6.876842677593231201e-02 3.362181037664413452e-02 3.655282407999038696e-02 6.260564178228378296e-02 5.424440652132034302e-02 4.085675999522209167e-02 5.011506006121635437e-02 5.338352918624877930e-02 4.549338947981595993e-03 1.882577873766422272e-02 1.365440040826797485e-01 4.669867455959320068e-02 1.280840188264846802e-01 2.286439202725887299e-02 4.911434650421142578e-02 2.570215146988630295e-03 6.982137449085712433e-03 2.254815772175788879e-02 1.840806938707828522e-02 1.845415867865085602e-02 2.439755387604236603e-02 1.197154447436332703e-02 3.522357344627380371e-02 1.082595251500606537e-02 2.335119806230068207e-02 5.775066837668418884e-02 1.939917355775833130e-02 1.384695526212453842e-02 3.500426188111305237e-02 1.117595192044973373e-02 4.728537052869796753e-02 3.427298367023468018e-02 6.320055574178695679e-02 1.225225254893302917e-01 6.183263286948204041e-02 7.163954526185989380e-02 4.738710075616836548e-02 1.106916926801204681e-02 2.208916284143924713e-02 1.322654308751225471e-03 3.949021920561790466e-02 5.019146203994750977e-02 4.810311272740364075e-02 1.719772443175315857e-02 1.193397585302591324e-02 3.490506857633590698e-02 1.814918965101242065e-02 6.248220801353454590e-03 3.264927305281162262e-03 7.625149562954902649e-03 4.073758143931627274e-03 4.211582243442535400e-02 2.809853851795196533e-02 3.331362828612327576e-02 3.051210660487413406e-03 3.522752970457077026e-02 6.339100748300552368e-02 4.117024317383766174e-02 2.526266127824783325e-02 5.026298016309738159e-02 4.780559334903955460e-03 1.672619767487049103e-02 7.172257453203201294e-02 2.490508137270808220e-03 4.337061569094657898e-02 3.547854721546173096e-02 4.272977262735366821e-02 7.457878906279802322e-03 2.857032790780067444e-02 2.448632195591926575e-02 2.155162580311298370e-02 4.443171899765729904e-03 2.425588481128215790e-02 2.453743964433670044e-01 1.697649620473384857e-02 4.334832355380058289e-02 1.861502043902873993e-02 1.744644716382026672e-02 2.012598887085914612e-02 2.651757560670375824e-02 8.943208493292331696e-03 3.481331514194607735e-03 1.429830864071846008e-02 6.567547470331192017e-02 7.175418734550476074e-02 9.579974226653575897e-03 3.817757964134216309e-02 5.164784938097000122e-02 1.364852301776409149e-02 1.240424625575542450e-02 4.211444407701492310e-02 1.736874692142009735e-02 4.504065960645675659e-02 2.670042961835861206e-02 8.929668925702571869e-03 5.309337005019187927e-02 5.233906209468841553e-02 5.939619988203048706e-02 3.067233040928840637e-02 5.333517119288444519e-02 1.976928859949111938e-02 2.879366464912891388e-02 1.052270829677581787e-01 1.911695674061775208e-02 1.584316790103912354e-02 3.066633455455303192e-02 6.541954725980758667e-02 6.854929774999618530e-02 3.541232645511627197e-02
5.339908879250288010e-03 1.755897537805140018e-03 2.003640495240688324e-02 5.901261419057846069e-02 1.627160012722015381e-01 2.733970060944557190e-02 3.436605259776115417e-02 6.813988555222749710e-03 1.523303147405385971e-02 1.100809220224618912e-02 6.736515089869499207e-03 4.546770825982093811e-02 2.414795570075511932e-03 1.092027290724217892e-03 5.478450655937194824e-02 1.158906889031641185e-04 1.173223275691270828e-02 8.572394028306007385e-03 1.786165870726108551e-02 6.503927707672119141e-02 1.956184767186641693e-02 7.857037708163261414e-03 9.769670665264129639e-03 4.521453380584716797e-02 2.961541712284088135e-02 2.385861054062843323e-02 4.858814552426338196e-02 3.920321166515350342e-02 8.979889750480651855e-02 7.542679551988840103e-03 4.069892317056655884e-02 1.919500343501567841e-02 6.345621496438980103e-02 3.740272670984268188e-02 4.969434812664985657e-02 6.217085942625999451e-02 1.634036898612976074e-01 2.718048729002475739e-02 6.658912450075149536e-02 2.366396831348538399e-03 4.849586263298988342e-02 2.521189395338296890e-03 6.798364967107772827e-02 3.017171099781990051e-02 4.343243781477212906e-03 5.549667030572891235e-02 2.089276723563671112e-02 5.802723765373229980e-02 6.673976778984069824e-02 1.586560159921646118e-02 4.087841138243675232e-02 3.573898226022720337e-02 7.555027958005666733e-03 5.159413069486618042e-02 4.955396428704261780e-02 6.052622199058532715e-02 1.027961913496255875e-02 8.758925646543502808e-02 2.767967991530895233e-02 3.116822429001331329e-02 7.954516261816024780e-02 4.464515298604965210e-02 5.570926517248153687e-02 7.426422834396362305e-02 1.399479899555444717e-02 1.743485592305660248e-02 5.251416936516761780e-02 4.400354344397783279e-03 4.827300086617469788e-02 3.212478756904602051e-02 4.653924703598022461e-02 5.531244724988937378e-02 9.588003158569335938e-02 5.344726890325546265e-02 7.903537154197692871e-02 4.946187511086463928e-02 4.132166504859924316e-02 5.265095969662070274e-04 3.926325961947441101e-02 6.727892160415649414e-02 1.938331499695777893e-02 1.984390802681446075e-02 3.002064675092697144e-02 3.340987488627433777e-02 3.010714985430240631e-02 1.388383377343416214e-02 2.865711785852909088e-02 3.875091671943664551e-02 1.254344359040260315e-02 5.741524696350097656e-02 8.344328030943870544e-03 1.829332485795021057e-02 6.654078513383865356e-02 2.148831990780308843e-04 3.294335678219795227e-02 5.834590177983045578e-03 1.944937184453010559e-02 2.041525393724441528e-02 5.969048477709293365e-03 7.251116912811994553e-03 7.894391193985939026e-03 1.663533155806362629e-03 3.190657868981361389e-02 2.247839048504829407e-02 8.013710379600524902e-02 1.395643781870603561e-02 4.661448299884796143e-02 7.759010791778564453e-02 3.555978462100028992e-02 5.379295349121093750e-02 1.519335526973009109e-02 5.484935361891984940e-03 6.477518007159233093e-03 1.699445582926273346e-02 8.045566827058792114e-02 3.006907179951667786e-02
7.519246544688940048e-03 3.135200217366218567e-02 3.397778794169425964e-02 1.627160012722015381e-01 4.239567741751670837e-02 3.771683573722839355e-02 1.032565813511610031e-02 1.126933991909027100e-01 1.085832528769969940e-02 6.954491883516311646e-02 3.838001191616058350e-02 8.653734810650348663e-03 2.105654403567314148e-02 3.530689701437950134e-02 1.267057377845048904e-02 3.845980390906333923e-02 6.955292075872421265e-02 6.969312671571969986e-03 6.183078046888113022e-03 6.665496155619621277e-03 4.724042117595672607e-02 2.333579212427139282e-02 9.135499596595764160e-03 2.364932373166084290e-02 1.497889030724763870e-02 5.428214743733406067e-02 3.699668124318122864e-02 5.423924699425697327e-02 1.331529207527637482e-02 4.097986593842506409e-02 1.067094155587255955e-03 1.279129460453987122e-02 2.436899766325950623e-02 3.040285035967826843e-02 8.942609280347824097e-02 7.226694375276565552e-02 3.178537264466285706e-02 1.854893751442432404e-02 2.552110701799392700e-02 7.443062216043472290e-02 2.407744154334068298e-02 1.626321859657764435e-02 2.659061178565025330e-02 3.973376378417015076e-02 2.557453699409961700e-02 3.027473576366901398e-02 1.283893827348947525e-02 1.565731130540370941e-02 1.919534988701343536e-02 3.764487430453300476e-02 8.627803064882755280e-03 3.915830701589584351e-02 9.442972019314765930e-03 2.670056559145450592e-02 2.122754231095314026e-02 6.522303074598312378e-02 1.793209929019212723e-03 9.412749856710433960e-02 6.299417465925216675e-02 2.215997781604528427e-03 3.175589814782142639e-02 1.030193343758583069e-01 3.793986141681671143e-02 2.346218377351760864e-02 3.029019571840763092e-02 2.983457781374454498e-02 5.095976404845714569e-03 8.287877775728702545e-03 2.807995676994323730e-02 8.140181750059127808e-02 8.942518383264541626e-02 1.918825507164001465e-02 7.960271090269088745e-02 6.263019889593124390e-02 1.304788738489151001e-01 1.113673392683267593e-02 2.059027086943387985e-03 2.595230378210544586e-02 1.047022826969623566e-02 8.818811737000942230e-03 1.155411079525947571e-01 1.231448538601398468e-02 2.865789085626602173e-02 7.876292616128921509e-02 2.788573689758777618e-02 4.190417006611824036e-02 4.510580375790596008e-02 2.788753248751163483e-02 1.871348067652434111e-04 1.831840910017490387e-02 1.149921771138906479e-02 3.062863461673259735e-02 5.511758476495742798e-02 9.608946740627288818e-03 1.687686331570148468e-02 1.619449257850646973e-02 3.231636434793472290e-02 1.525363977998495102e-02 1.491377246566116810e-03 1.028389390558004379e-02 1.870090700685977936e-02 9.296966716647148132e-03 4.195894300937652588e-02 6.304462905973196030e-03 5.672015994787216187e-02 2.718396298587322235e-02 4.711959045380353928e-03 3.665870800614356995e-02 2.502320893108844757e-02 2.501781098544597626e-02 7.160095125436782837e-02 1.130242459475994110e-02 5.448224022984504700e-03 2.823246456682682037e-02 4.886230081319808960e-02 1.395706273615360260e-02
3.179480135440826416e-02 1.036757230758666992e-01 1.480419188737869263e-02 2.733970060944557190e-02 3.771683573722839355e-02 1.746628619730472565e-02 2.201721072196960449e-01 3.909464552998542786e-02 2.395546063780784607e-02 1.107488013803958893e-02 7.713733613491058350e-02 4.214416444301605225e-02 1.122935414314270020e-01 1.134611740708351135e-01 7.749840733595192432e-04 3.672346472740173340e-02 3.971211612224578857e-02 1.172900199890136719e-02 6.728269625455141068e-03 4.736277088522911072e-02 1.079507451504468918e-02 1.844181120395660400e-02 2.572000399231910706e-02 2.951362729072570801e-02 3.280908986926078796e-02 3.090508468449115753e-02 3.627633303403854370e-02 3.554482758045196533e-02 7.649585604667663574e-02 3.439079970121383667e-02 2.839821577072143555e-02 2.498039789497852325e-02 1.484841108322143555e-02 3.965613432228565216e-03 9.581930353306233883e-04 4.762258380651473999e-03 1.343728508800268173e-02 2.251548506319522858e-02 1.691277325153350830e-02 6.687674671411514282e-02 4.650732502341270447e-02 1.143696811050176620e-02 3.541908226907253265e-03 3.134726360440254211e-02 8.386672474443912506e-03 6.570735573768615723e-02 7.004138082265853882e-02 3.387198224663734436e-02 6.078161299228668213e-02 7.036394625902175903e-02 5.086576193571090698e-02 5.180223658680915833e-02 1.302528381347656250e-02 3.308622399345040321e-03 2.981975674629211426e-02 5.266815051436424255e-02 1.912361197173595428e-02 2.815032377839088440e-02 4.612340033054351807e-02 2.645456790924072266e-02 4.372671246528625488e-03 6.815373897552490234e-03 5.812056735157966614e-02 1.626465842127799988e-02 4.920198768377304077e-02 1.112319435924291611e-02 2.858757972717285156e-02 4.000226035714149475e-02 6.116147153079509735e-03 7.744342554360628128e-03 4.660060629248619080e-02 2.392626181244850159e-02 2.408410888165235519e-03 1.544571295380592346e-02 1.119874976575374603e-02 5.445748195052146912e-02 5.531265866011381149e-03 1.570347510278224945e-02 7.231435924768447876e-02 7.579381018877029419e-02 2.913274243474006653e-02 3.550669550895690918e-02 6.976143456995487213e-03 4.897448420524597168e-02 1.703917980194091797e-02 4.175454750657081604e-02 5.432671308517456055e-02 1.743479445576667786e-02 3.752242028713226318e-02 4.896192625164985657e-02 1.426204340532422066e-03 3.089400194585323334e-02 1.605992205440998077e-02 4.510215669870376587e-02 1.157721728086471558e-01 2.976059913635253906e-02 1.858074218034744263e-02 2.167271077632904053e-02 2.636459283530712128e-02 6.099083460867404938e-03 2.258910797536373138e-02 4.384380765259265900e-03 1.875397004187107086e-02 1.091195549815893173e-02 2.811807394027709961e-02 1.125463563948869705e-02 7.409515231847763062e-02 2.398620545864105225e-02 3.177601844072341919e-03 1.138724107295274734e-02 4.809316713362932205e-03 1.651610992848873138e-02 6.147225387394428253e-03 2.778537571430206299e-02 4.093394428491592407e-02 1.205349117517471313e-01
2.596303820610046387e-02 1.772960722446441650e-01 5.025551468133926392e-02 3.436605259776115417e-02 1.032565813511610031e-02 2.201721072196960449e-01 8.022449165582656860e-02 1.712578907608985901e-02 5.277621001005172729e-02 5.163121595978736877e-02 2.660450339317321777e-02 2.198874950408935547e-02 1.561459153890609741e-01 6.184954196214675903e-03 2.012153901159763336e-02 6.861693691462278366e-03 2.429435774683952332e-02 3.596059978008270264e-02 4.060229286551475525e-02 3.740157559514045715e-02 1.288039376959204674e-03 1.671848446130752563e-02 1.835776306688785553e-02 3.687188029289245605e-03 3.355934098362922668e-02 2.334899827837944031e-02 2.831799909472465515e-03 4.707439988851547241e-02 5.445868521928787231e-02 4.393777810037136078e-03 6.907162815332412720e-02 1.543356478214263916e-02 2.754489833023399115e-04 2.960684150457382202e-02 8.725448511540889740e-03 3.143251314759254456e-02 6.440690159797668457e-02 1.674433052539825439e-02 2.977693267166614532e-02 5.602203682065010071e-02 1.239252835512161255e-02 4.924057424068450928e-02 1.859400235116481781e-02 1.515813078731298447e-02 2.430815808475017548e-02 5.052785202860832214e-02 5.840429291129112244e-02 8.372977375984191895e-02 5.375505983829498291e-02 5.979889258742332458e-02 1.000091712921857834e-02 1.381604094058275223e-02 1.337888929992914200e-02 4.320473410189151764e-03 1.973288133740425110e-02 4.342545196413993835e-02 2.215427719056606293e-02 1.452366821467876434e-02 5.037463083863258362e-02 2.701521106064319611e-02 2.642188780009746552e-02 4.087944515049457550e-03 4.120424762368202209e-02 2.513074129819869995e-02 1.135245636105537415e-01 5.310019850730895996e-02 2.486287988722324371e-02 3.187508881092071533e-02 1.344151142984628677e-02 8.022274076938629150e-02 9.388645179569721222e-03 3.055791137740015984e-03 7.904150523245334625e-03 1.318267080932855606e-02 1.115000154823064804e-02 6.567989010363817215e-03 3.697925806045532227e-02 3.781778365373611450e-02 9.368976205587387085e-02 4.636700451374053955e-02 8.084476739168167114e-02 1.767092011868953705e-02 3.248543292284011841e-02 2.915411442518234253e-02 9.205971844494342804e-03 3.984054177999496460e-02 3.798092901706695557e-02 6.219422444701194763e-02 4.670900106430053711e-02 3.613203018903732300e-02 8.208787441253662109e-02 6.954144686460494995e-02 8.662586659193038940e-02 1.761692017316818237e-02 7.620655745267868042e-02 5.614775791764259338e-02 7.083556801080703735e-02 5.802779644727706909e-02 1.259699929505586624e-02 2.049508504569530487e-02 5.846545845270156860e-02 6.968725472688674927e-02 2.397276461124420166e-03 4.373774304986000061e-02 1.313157659024000168e-02 1.668983325362205505e-02 1.734384521842002869e-02 1.883004046976566315e-02 1.883221417665481567e-02 7.913878560066223145e-02 3.321025520563125610e-02 1.317717228084802628e-02 9.530906565487384796e-03 2.854862809181213379e-02 2.059816382825374603e-02 3.584145009517669678e-02
4.057488963007926941e-02 6.208219751715660095e-02 6.876842677593231201e-02 6.813988555222749710e-03 1.126933991909027100e-01 3.909464552998542786e-02 1.712578907608985901e-02 5.175052583217620850e-02 4.520880989730358124e-03 2.107162773609161377e-02 3.169839829206466675e-02 5.529088899493217468e-02 1.652202382683753967e-02 3.207760676741600037e-02 8.550528436899185181e-02 3.002562932670116425e-02 2.354833669960498810e-02 6.500168889760971069e-02 4.218975082039833069e-02 3.405005857348442078e-02 1.442530471831560135e-02 1.838948018848896027e-02 3.831201791763305664e-02 3.058000281453132629e-02 4.120232537388801575e-03 1.471018698066473007e-02 3.573448956012725830e-02 3.469068929553031921e-02 9.995403885841369629e-02 1.365274935960769653e-02 5.499891936779022217e-02 3.458575159311294556e-02 1.574207842350006104e-02 4.108089581131935120e-02 5.065327975898981094e-03 2.497239224612712860e-02 4.160663112998008728e-02 5.261796712875366211e-02 3.693171218037605286e-02 5.190164782106876373e-03 1.095728203654289246e-01 3.454689681529998779e-02 4.612330719828605652e-02 4.090384766459465027e-02 2.080236375331878662e-02 1.695107296109199524e-02 4.067562893033027649e-02 4.529874399304389954e-02 1.498569082468748093e-02 7.470643613487482071e-03 3.400125307962298393e-03 5.670242384076118469e-02 4.418901354074478149e-02 1.028316002339124680e-02 1.471475232392549515e-02 1.722650974988937378e-02 3.755450621247291565e-02 2.120286691933870316e-03 2.174359187483787537e-02 7.886330783367156982e-02 3.009350411593914032e-02 4.553411155939102173e-03 4.452511784620583057e-04 3.242689743638038635e-02 7.663086056709289551e-02 1.008597388863563538e-02 8.885683491826057434e-03 1.634517870843410492e-02 3.392784669995307922e-02 4.104208201169967651e-03 1.318390388041734695e-02 3.787612542510032654e-02 3.379262611269950867e-02 1.856798119843006134e-02 2.952492050826549530e-02 4.889500513672828674e-02 3.669235110282897949e-02 1.266941893845796585e-02 8.574039675295352936e-03 2.535903453826904297e-02 2.258753925561904907e-01 1.903104335069656372e-01 4.300539195537567139e-02 2.701260149478912354e-02 2.208352275192737579e-02 2.372913062572479248e-02 9.836708754301071167e-02 1.281774342060089111e-01 1.637169718742370605e-02 9.563110768795013428e-02 6.085464730858802795e-02 4.719027783721685410e-03 1.546606980264186859e-02 2.188974805176258087e-02 2.638042205944657326e-04 4.475393891334533691e-02 1.633724756538867950e-02 2.607049979269504547e-02 1.874560676515102386e-02 6.987818516790866852e-03 3.582089766860008240e-02 7.069543469697237015e-03 4.663729667663574219e-02 1.594158113002777100e-01 5.683263763785362244e-02 4.609656333923339844e-02 3.113707900047302246e-02 2.055172063410282135e-02 6.111861392855644226e-02 6.071878969669342041e-02 5.204297974705696106e-02 1.557962503284215927e-02 1.968358084559440613e-02 3.114862740039825439e-02 4.155761376023292542e-02 8.754146844148635864e-02
5.547218024730682373e-03 7.383279502391815186e-02 3.362181037664413452e-02 1.523303147405385971e-02 1.085832528769969940e-02 2.395546063780784607e-02 5.277621001005172729e-02 4.520880989730358124e-03 8.448360115289688110e-02 5.707430467009544373e-02 7.737229578197002411e-03 1.423017829656600952e-01 6.700215744785964489e-04 6.357476860284805298e-02 2.442162111401557922e-02 1.599528081715106964e-02 5.137525871396064758e-02 1.053479239344596863e-01 3.248240053653717041e-02 2.135799452662467957e-02 4.562346637248992920e-02 4.856573941651731730e-04 9.607545286417007446e-02 7.987654209136962891e-02 3.415849804878234863e-02 4.041003808379173279e-02 5.312347039580345154e-02 2.016642875969409943e-02 2.638072706758975983e-02 6.298569589853286743e-02 2.016932703554630280e-02 4.247970879077911377e-02 3.421960771083831787e-02 2.279655821621417999e-02 2.154638804495334625e-02 7.071150466799736023e-03 8.468616870231926441e-04 4.283601790666580200e-02 2.487620152533054352e-02 4.127279669046401978e-02 4.294144362211227417e-02 6.405939161777496338e-02 5.312595749273896217e-05 2.090954035520553589e-02 9.770900011062622070e-02 8.294794708490371704e-03 2.058391459286212921e-02 1.360672153532505035e-02 2.732551842927932739e-02 7.660190016031265259e-02 5.150818824768066406e-02 7.166074216365814209e-02 6.071281433105468750e-02 5.229662731289863586e-02 7.724803686141967773e-02 4.983248561620712280e-02 2.797384746372699738e-02 2.594734355807304382e-02 3.549509495496749878e-02 1.259986218065023422e-02 7.034137099981307983e-02 5.111654475331306458e-02 2.418486028909683228e-02 5.826974287629127502e-02 8.496056310832500458e-03 6.493902206420898438e-02 1.981008425354957581e-02 8.940451778471469879e-03 7.107487320899963379e-02 1.710456708678975701e-04 1.854935660958290100e-02 1.005069315433502197e-01 2.243946492671966553e-02 4.157692939043045044e-02 5.845358595252037048e-02 7.312600314617156982e-02 2.030313760042190552e-01 7.617514580488204956e-02 1.044185534119606018e-01 6.347006652504205704e-03 9.160044603049755096e-03 6.034408137202262878e-02 6.350243091583251953e-02 2.487139403820037842e-02 4.436375747900456190e-04 4.473285749554634094e-02 1.685984618961811066e-02 5.377561599016189575e-02 7.388420403003692627e-02 2.903399430215358734e-02 1.858516223728656769e-02 1.792784407734870911e-02 7.283341139554977417e-02 4.559999331831932068e-02 3.747892007231712341e-02 5.317578092217445374e-02 3.110605664551258087e-02 1.492162048816680908e-02 6.777960807085037231e-02 5.931263417005538940e-02 1.501089544035494328e-03 1.025350484997034073e-02 1.020484697073698044e-02 5.153372511267662048e-02 1.498905010521411896e-02 5.029913038015365601e-02 4.168184846639633179e-02 3.552227839827537537e-02 6.649453658610582352e-03 2.448644489049911499e-02 9.567622095346450806e-03 3.092357655987143517e-03 3.637692332267761230e-02 2.575852349400520325e-02 5.238195881247520447e-02 2.745909150689840317e-04
6.455246359109878540e-03 2.960196137428283691e-02 3.655282407999038696e-02 1.100809220224618912e-02 6.954491883516311646e-02 1.107488013803958893e-02 5.163121595978736877e-02 2.107162773609161377e-02 5.707430467009544373e-02 9.112629294395446777e-02 2.208829298615455627e-02 9.683056920766830444e-02 3.510367870330810547e-02 4.922485351562500000e-02 3.238471224904060364e-02 1.681361347436904907e-02 2.952691167593002319e-02 3.727130591869354248e-02 9.975473582744598389e-02 1.780094392597675323e-02 3.967177122831344604e-03 1.679364242590963840e-03 2.186019904911518097e-02 6.000315025448799133e-02 2.612318657338619232e-02 2.303692884743213654e-02 1.191506162285804749e-02 5.678546056151390076e-02 9.507013484835624695e-03 7.793673779815435410e-03 1.142737641930580139e-02 1.609503291547298431e-02 3.758681192994117737e-02 1.576488651335239410e-02 2.279908955097198486e-02 3.650562837719917297e-02 2.924639359116554260e-02 4.022819921374320984e-03 1.510508824139833450e-02 3.523392975330352783e-02 6.431497633457183838e-02 1.391674950718879700e-02 7.748527918010950089e-03 2.447745949029922485e-02 2.587143518030643463e-02 5.452876538038253784e-02 2.562526799738407135e-02 1.863618008792400360e-02 3.919175639748573303e-02 8.777748048305511475e-02 4.878659173846244812e-02 1.957886666059494019e-02 2.604258060455322266e-02 2.127313613891601562e-02 3.118810243904590607e-02 7.671006768941879272e-02 2.076280675828456879e-02 5.232400074601173401e-02 1.179320272058248520e-02 4.953248426318168640e-03 1.301756477914750576e-03 1.269504055380821228e-02 7.217448204755783081e-02 2.776521816849708557e-02 1.429395936429500580e-02 4.060404375195503235e-02 1.493316330015659332e-02 2.090970985591411591e-02 1.699647051282227039e-03 8.788659423589706421e-02 6.964743137359619141e-02 1.161769870668649673e-02 4.335780814290046692e-02 8.811335265636444092e-02 5.751781538128852844e-02 1.752168498933315277e-02 2.679959870874881744e-02 1.279189139604568481e-01 5.969474464654922485e-02 1.179639548063278198e-01 1.529760379344224930e-02 4.749253764748573303e-02 9.559740312397480011e-03 7.159231603145599365e-02 1.340678147971630096e-02 9.543886035680770874e-02 2.970591187477111816e-02 1.231855060905218124e-02 1.935969479382038116e-02 4.117798060178756714e-02 1.277387328445911407e-02 7.944030687212944031e-03 6.200530100613832474e-03 1.980799809098243713e-02 4.057057667523622513e-04 1.451825350522994995e-02 6.555718928575515747e-02 2.057443931698799133e-02 2.075424976646900177e-02 1.906664483249187469e-02 2.577147819101810455e-02 6.902849674224853516e-02 9.130066260695457458e-03 2.953957766294479370e-02 1.068026758730411530e-02 9.187560528516769409e-03 1.852811896242201328e-03 2.149993740022182465e-02 2.748085651546716690e-03 3.595945239067077637e-02 1.369154360145330429e-02 2.064109779894351959e-02 2.734187059104442596e-02 2.748512104153633118e-02 2.009340934455394745e-02 8.393559837713837624e-04
2.336622923612594604e-01 8.558941632509231567e-02 6.260564178228378296e-02 6.736515089869499207e-03 3.838001191616058350e-02 7.713733613491058350e-02 2.660450339317321777e-02 3.169839829206466675e-02 7.737229578197002411e-03 2.208829298615455627e-02 8.061527274549007416e-03 2.543029934167861938e-02 2.256205826997756958e-01 1.206525694578886032e-02 1.099083274602890015e-01 5.388750880956649780e-02 4.086184874176979065e-02 5.550700053572654724e-02 5.293133435770869255e-04 5.955104902386665344e-02 3.504487872123718262e-02 5.060211196541786194e-02 1.084137358702719212e-03 6.617483496665954590e-02 8.033623918890953064e-03 2.686912938952445984e-02 5.733821541070938110e-02 1.365747954696416855e-02 4.480288177728652954e-02 4.589680582284927368e-02 6.796126067638397217e-02 2.616836875677108765e-02 6.339587271213531494e-02 9.339224547147750854e-02 4.369717836380004883e-02 3.914232924580574036e-02 4.753871262073516846e-02 1.027508755214512348e-03 4.809061065316200256e-02 1.227607484906911850e-02 2.020920626819133759e-02 1.849747449159622192e-02 2.648111991584300995e-02 5.040589720010757446e-02 7.303351163864135742e-02 2.257112786173820496e-02 1.301593612879514694e-02 4.544809460639953613e-02 3.418300300836563110e-02 4.814386833459138870e-03 2.853227034211158752e-02 5.302389338612556458e-02 7.595143979415297508e-04 4.043036326766014099e-02 1.845861040055751801e-02 2.354358136653900146e-02 3.674076497554779053e-02 2.274748496711254120e-02 4.809726402163505554e-02 1.119765173643827438e-02 2.515459246933460236e-02 3.790625603869557381e-03 2.775601297616958618e-02 3.760772058740258217e-03 6.292298436164855957e-02 7.482634484767913818e-02 3.366229683160781860e-02 1.177407242357730865e-02 1.446598209440708160e-02 1.054837182164192200e-02 3.051133081316947937e-02 1.610646722838282585e-04 2.917795814573764801e-02 3.005049191415309906e-02 2.136906981468200684e-02 5.200839042663574219e-02 1.458824984729290009e-02 4.143350943922996521e-02 4.087410494685173035e-02 2.854826673865318298e-02 6.540138274431228638e-02 5.643992871046066284e-02 6.283675786107778549e-03 4.170618206262588501e-02 7.238967716693878174e-02 2.190207690000534058e-02 6.113361194729804993e-02 6.879195570945739746e-02 9.168929420411586761e-03 5.956415832042694092e-02 8.158728480339050293e-03 1.083602011203765869e-02 4.890520125627517700e-02 3.178494423627853394e-02 4.616774246096611023e-02 8.418007940053939819e-02 1.952744089066982269e-02 3.438944369554519653e-02 2.524260431528091431e-02 4.343576356768608093e-02 1.365427765995264053e-02 1.802096143364906311e-02 1.786387711763381958e-02 2.324069850146770477e-02 6.202795729041099548e-02 4.725586995482444763e-02 4.009660705924034119e-02 3.502471081446856260e-04 2.956277504563331604e-02 4.451850056648254395e-02 2.977659925818443298e-02 5.750285461544990540e-03 4.133487120270729065e-02 2.912579849362373352e-02 6.213889457285404205e-03 3.059641830623149872e-02
8.447843044996261597e-02 8.731553703546524048e-02 5.424440652132034302e-02 4.546770825982093811e-02 8.653734810650348663e-03 4.214416444301605225e-02 2.198874950408935547e-02 5.529088899493217468e-02 1.423017829656600952e-01 9.683056920766830444e-02 2.543029934167861938e-02 7.362780719995498657e-02 7.461976259946823120e-02 3.067001104354858398e-01 2.387719601392745972e-02 8.154412358999252319e-02 6.006112694740295410e-02 6.707386672496795654e-02 2.010402455925941467e-02 7.565550040453672409e-03 2.265213429927825928e-02 8.244957774877548218e-03 7.890336215496063232e-02 8.791153877973556519e-02 9.898769669234752655e-03 4.454357840586453676e-04 3.146545588970184326e-02 1.423275023698806763e-01 3.678044676780700684e-02 1.182322576642036438e-01 5.455081164836883545e-02 1.017415244132280350e-02 2.162888087332248688e-02 2.451938204467296600e-02 1.051829941570758820e-02 5.709630250930786133e-02 5.977386236190795898e-02 9.538874961435794830e-03 2.494017593562602997e-02 1.981631107628345490e-02 6.406800448894500732e-02 4.440430179238319397e-02 5.401383340358734131e-02 1.291253883391618729e-02 1.386906951665878296e-03 4.231337830424308777e-02 2.608284913003444672e-02 1.723599061369895935e-02 3.420213703066110611e-03 1.015139520168304443e-01 1.502597238868474960e-02 9.237179160118103027e-02 1.345890387892723083e-02 4.001877829432487488e-02 4.133327305316925049e-02 3.897060081362724304e-02 6.683447957038879395e-02 3.084164112806320190e-02 1.564423367381095886e-02 7.555031683295965195e-03 1.545458380132913589e-02 2.358179539442062378e-02 3.412930294871330261e-02 1.814118819311261177e-03 2.706414274871349335e-02 7.832447998225688934e-03 3.421039506793022156e-02 1.771410182118415833e-02 4.422494769096374512e-02 2.730585448443889618e-02 2.191914059221744537e-02 8.749853819608688354e-03 2.295625023543834686e-02 4.207910224795341492e-02 5.606887862086296082e-02 4.304806143045425415e-02 8.804658055305480957e-02 2.654636837542057037e-02 7.422149926424026489e-02 1.673870952799916267e-03 6.233454868197441101e-02 2.632313221693038940e-02 1.575483568012714386e-02 3.202398121356964111e-02 1.427407260052859783e-03 5.715820565819740295e-02 3.416516631841659546e-02 5.588613823056221008e-02 9.854938834905624390e-02 9.520154446363449097e-02 3.071999736130237579e-02 3.270534425973892212e-02 6.184315308928489685e-03 4.581266269087791443e-02 1.066296361386775970e-02 3.531915321946144104e-02 6.615154445171356201e-02 2.265801467001438141e-02 2.395198307931423187e-02 8.535556495189666748e-03 1.581588387489318848e-02 2.103852480649948120e-02 4.931013658642768860e-02 3.303396701812744141e-02 3.186023607850074768e-02 3.712421283125877380e-02 4.530699178576469421e-02 4.175993427634239197e-02 3.141542896628379822e-02 7.930945605039596558e-03 1.917635835707187653e-02 4.121169075369834900e-02 2.820714749395847321e-02 5.255895666778087616e-03 8.579773711971938610e-04 8.311486802995204926e-03
6.804944574832916260e-02 1.032530441880226135e-01 4.085675999522209167e-02 2.414795570075511932e-03 2.105654403567314148e-02 1.122935414314270020e-01 1.561459153890609741e-01 1.652202382683753967e-02 6.700215744785964489e-04 3.510367870330810547e-02 2.256205826997756958e-01 7.461976259946823120e-02 3.628303483128547668e-02 1.505853235721588135e-01 9.734963625669479370e-02 5.938100069761276245e-02 1.842405460774898529e-02 1.321678981184959412e-02 2.542871516197919846e-03 1.922276243567466736e-02 2.804383635520935059e-03 4.865066707134246826e-02 3.094540722668170929e-02 9.145564399659633636e-03 2.190945111215114594e-02 5.950959399342536926e-03 1.205909159034490585e-02 4.870666190981864929e-02 9.043805301189422607e-03 2.294257469475269318e-02 6.473346054553985596e-02 4.506773129105567932e-02 2.148099243640899658e-03 2.900114282965660095e-02 4.916612431406974792e-02 2.222624793648719788e-02 5.706792324781417847e-02 2.430279564578086138e-04 4.836941510438919067e-02 1.160759199410676956e-02 4.229415953159332275e-02 8.996827155351638794e-02 4.712513089179992676e-02 1.238966640084981918e-02 9.468585252761840820e-03 5.143834650516510010e-02 9.197617322206497192e-02 5.243992432951927185e-02 4.857618734240531921e-02 4.124332964420318604e-02 2.384171076118946075e-02 7.106772973202168941e-04 1.067180652171373367e-02 1.797592267394065857e-02 4.014299437403678894e-02 4.450603574514389038e-02 3.396236151456832886e-02 4.517544433474540710e-02 3.139019943773746490e-03 1.219664793461561203e-02 4.593472927808761597e-03 1.146611291915178299e-02 5.910168215632438660e-02 2.008418925106525421e-02 6.402322649955749512e-02 7.144738733768463135e-02 2.189540769904851913e-03 1.450048573315143585e-02 3.450046526268124580e-03 5.892733484506607056e-02 1.668730378150939941e-02 2.064302936196327209e-02 2.987652644515037537e-02 1.419067010283470154e-02 1.563646458089351654e-02 4.328388255089521408e-03 3.545572608709335327e-02 4.816756024956703186e-02 1.182896737009286880e-02 2.856077253818511963e-02 5.660662427544593811e-02 3.629022091627120972e-02 5.037328973412513733e-02 2.078679390251636505e-03 4.019742831587791443e-02 4.871670156717300415e-03 5.149132385849952698e-02 1.747562438249588013e-01 2.146928384900093079e-02 1.007922366261482239e-01 2.175955288112163544e-02 2.550208754837512970e-02 5.190408555790781975e-04 5.148327350616455078e-02 5.633995682001113892e-02 6.426875013858079910e-03 1.507823728024959564e-02 5.703751929104328156e-03 3.827973082661628723e-02 8.598851040005683899e-03 1.450419891625642776e-02 3.312916308641433716e-02 7.459352910518646240e-02 5.605008080601692200e-02 3.125395625829696655e-03 1.258028857409954071e-02 8.348507806658744812e-03 5.117691680788993835e-02 1.991849765181541443e-02 5.086427927017211914e-02 7.563935592770576477e-03 3.849779069423675537e-02 8.310094475746154785e-02 5.956543236970901489e-02 9.914367459714412689e-03 5.320725962519645691e-02
