3.241904079914093018e-02 3.092022836208343506e-01 5.607932806015014648e-02 2.026193542405962944e-03 1.077466681599617004e-01 9.073491394519805908e-02 8.125889115035533905e-03 7.462123036384582520e-02 1.783285290002822876e-02 8.874649554491043091e-02 1.190972402691841125e-01 4.732642695307731628e-02 6.975598633289337158e-02 1.649011392146348953e-03 1.076303571462631226e-01 9.192115627229213715e-03 4.294161684811115265e-03 3.211222961544990540e-02 7.375910878181457520e-02 1.605012081563472748e-02 3.825942054390907288e-02 3.865587338805198669e-02 2.829105593264102936e-02 4.466186836361885071e-02 3.426232561469078064e-02 8.799350261688232422e-02 3.603643551468849182e-02 3.966255858540534973e-02 4.560737684369087219e-02 2.497339807450771332e-02 8.126812428236007690e-02 4.051940888166427612e-02 2.184603549540042877e-02 3.637824673205614090e-03 3.574560210108757019e-02 3.923926129937171936e-02 4.288952797651290894e-03 3.455891460180282593e-02 2.110202983021736145e-02 2.269743941724300385e-02 4.147530719637870789e-02 1.309785526245832443e-02 8.228848688304424286e-03 4.341603443026542664e-02 3.446373343467712402e-02 7.956612855195999146e-02 1.928555406630039215e-02 7.726959884166717529e-02 2.657839097082614899e-02 7.278952747583389282e-03 8.132694289088249207e-03 1.875762827694416046e-02 5.766182206571102142e-03 2.753006108105182648e-02 3.551227599382400513e-02 3.896238654851913452e-02 3.934837132692337036e-02 1.266649458557367325e-02 1.897229067981243134e-02 3.337118774652481079e-02 5.051504122093319893e-04 2.547049894928932190e-02 1.193432789295911789e-02 6.298365537077188492e-03 5.007055401802062988e-02 8.508794754743576050e-02 1.877589896321296692e-02 2.376233786344528198e-02 5.125322192907333374e-02 5.208600312471389771e-02 3.037811256945133209e-02 8.012728765606880188e-03 7.901874929666519165e-02 6.359739229083061218e-03 2.056387439370155334e-02 1.455770619213581085e-02 3.414560481905937195e-02 3.151109442114830017e-02 2.939497865736484528e-02 2.949573844671249390e-02 3.391369059681892395e-02 5.052112508565187454e-03 1.533014047890901566e-02 3.167380928061902523e-04 2.854569815099239349e-02 6.433151662349700928e-02 1.109387129545211792e-01 1.031536236405372620e-01 1.101962523534893990e-03 1.616851612925529480e-02 7.281854003667831421e-02 7.060162723064422607e-02 8.489640057086944580e-02 1.817240752279758453e-02 2.758938819169998169e-02 6.706791464239358902e-03 3.680137917399406433e-02 6.532990373671054840e-03 7.724507246166467667e-03 4.059473983943462372e-03 3.486611181870102882e-03 1.646662130951881409e-02 4.194024484604597092e-03 1.538980379700660706e-02 3.571834880858659744e-03 3.998904488980770111e-03 1.929800584912300110e-02 1.788052916526794434e-02 3.996138647198677063e-02 3.869261359795928001e-03 1.079893410205841064e-01 1.421628240495920181e-02 4.247836477588862181e-04 3.282019495964050293e-02 1.238140184432268143e-02 5.350194126367568970e-02
3.092022836208343506e-01 4.558004811406135559e-02 1.478593610227108002e-02 2.543033473193645477e-02 8.750084787607192993e-02 5.977105721831321716e-02 5.023861676454544067e-02 6.982941925525665283e-02 3.279657289385795593e-02 6.586015969514846802e-02 3.485859930515289307e-02 6.483043543994426727e-03 1.007048487663269043e-01 1.543197780847549438e-02 4.288249090313911438e-02 2.985537052154541016e-02 6.938982289284467697e-03 5.903779342770576477e-02 5.825969204306602478e-02 2.924105525016784668e-02 4.440914466977119446e-02 5.349395796656608582e-04 2.277858182787895203e-02 1.696984842419624329e-02 3.491238877177238464e-02 2.798113971948623657e-02 8.957361802458763123e-03 4.207089915871620178e-02 4.435299709439277649e-02 6.935889367014169693e-03 4.773991554975509644e-02 8.520624833181500435e-04 1.474217046052217484e-02 2.118398901075124741e-03 1.829868741333484650e-02 1.802722178399562836e-02 1.226493343710899353e-02 3.543248772621154785e-02 6.054031103849411011e-02 3.185867890715599060e-02 4.309464618563652039e-02 2.355339191854000092e-02 9.993014857172966003e-03 3.254938870668411255e-02 3.793603554368019104e-02 4.240112379193305969e-02 1.891257241368293762e-02 1.505343150347471237e-02 2.573336102068424225e-02 9.812545031309127808e-03 1.948289386928081512e-02 4.387224838137626648e-02 1.972432434558868408e-02 3.953853622078895569e-02 1.953882537782192230e-02 1.656864210963249207e-02 2.529189363121986389e-02 7.485280279070138931e-03 4.127604514360427856e-02 4.846496507525444031e-02 3.013497032225131989e-02 2.377041801810264587e-02 3.283859416842460632e-02 3.428827971220016479e-02 6.023218110203742981e-02 1.884238049387931824e-02 1.943771168589591980e-02 1.740602217614650726e-02 8.970878086984157562e-03 1.142083778977394104e-01 3.691527293995022774e-03 2.464669570326805115e-02 6.865844130516052246e-02 3.723441436886787415e-02 3.334925323724746704e-02 2.754304371774196625e-02 3.958683833479881287e-02 1.872910186648368835e-02 4.609489813446998596e-02 5.749739706516265869e-02 2.381472289562225342e-02 5.231026932597160339e-02 4.714035615324974060e-02 1.453716401010751724e-02 2.366197295486927032e-02 9.963282383978366852e-03 6.156795471906661987e-02 1.088231503963470459e-01 4.515287652611732483e-02 4.628718644380569458e-02 5.046897102147340775e-03 2.605697140097618103e-02 3.345820307731628418e-02 7.428451627492904663e-02 4.440605267882347107e-02 5.180986225605010986e-02 9.082419797778129578e-03 4.745509941130876541e-03 1.880753226578235626e-02 3.325448557734489441e-02 3.821751847863197327e-02 1.144470553845167160e-02 1.988087035715579987e-02 5.140162631869316101e-02 8.301089517772197723e-03 1.088672797777689993e-04 6.765053421258926392e-02 4.204396903514862061e-02 2.049436327069997787e-03 6.089145690202713013e-02 1.068719923496246338e-01 6.390573084354400635e-02 1.112682092934846878e-02 5.630462989211082458e-02 5.206122249364852905e-02 3.193511394783854485e-03
5.607932806015014648e-02 1.478593610227108002e-02 2.606801129877567291e-02 6.335937976837158203e-02 5.060973763465881348e-02 2.385940961539745331e-02 5.807442124933004379e-03 1.532372981309890747e-01 1.796034909784793854e-02 8.229441195726394653e-02 1.101311761885881424e-02 7.835544645786285400e-02 9.141586720943450928e-02 2.479519881308078766e-02 1.236026827245950699e-02 3.957584872841835022e-02 2.833906374871730804e-02 3.209839761257171631e-02 6.549460440874099731e-02 5.673795938491821289e-02 2.338791638612747192e-02 4.035039804875850677e-03 6.283539813011884689e-03 1.369072776287794113e-02 2.465847879648208618e-02 2.804386243224143982e-02 4.378649964928627014e-02 6.225140020251274109e-02 3.154368698596954346e-02 1.389614399522542953e-02 8.963420242071151733e-02 2.685481868684291840e-02 4.921891260892152786e-03 3.034624503925442696e-03 4.663317650556564331e-02 1.770899072289466858e-02 6.108183413743972778e-02 2.106489986181259155e-02 4.107760637998580933e-02 3.107707714661955833e-03 2.374396100640296936e-02 2.616389095783233643e-02 6.775625981390476227e-03 1.238328367471694946e-01 1.949869096279144287e-02 2.024719491600990295e-02 5.509616434574127197e-02 4.928139224648475647e-02 2.335251308977603912e-03 3.316026413813233376e-03 4.174060747027397156e-02 5.946312099695205688e-03 4.101177211850881577e-03 4.609519615769386292e-02 3.070303797721862793e-02 5.208980664610862732e-02 3.908851370215415955e-02 7.015324197709560394e-03 5.089770536869764328e-03 1.960704103112220764e-02 1.083515398204326630e-02 3.104362078011035919e-02 1.775713078677654266e-02 1.144136767834424973e-02 8.245220035314559937e-02 8.309397846460342407e-02 2.341040596365928650e-02 1.916190609335899353e-02 3.576691087801009417e-04 1.637348532676696777e-02 1.060567516833543777e-02 5.740052834153175354e-02 1.072835363447666168e-02 3.010866418480873108e-02 4.535455629229545593e-02 1.683612004853785038e-03 8.026472292840480804e-03 2.390483627095818520e-03 5.834515765309333801e-02 2.221953123807907104e-02 2.567209005355834961e-01 1.228814944624900818e-01 6.093629077076911926e-02 8.511594682931900024e-02 1.976107992231845856e-02 3.832047432661056519e-02 2.260348759591579437e-02 6.205834820866584778e-02 1.128408405929803848e-02 7.904636859893798828e-02 2.076257579028606415e-02 1.724818348884582520e-02 3.449776396155357361e-02 5.785761773586273193e-02 2.985985763370990753e-02 1.007935181260108948e-01 6.590402871370315552e-02 1.449799071997404099e-02 1.332861557602882385e-02 4.147628322243690491e-02 1.047299709171056747e-02 3.858486935496330261e-02 3.616635454818606377e-03 2.595427678897976875e-03 1.383868046104907990e-02 5.198509246110916138e-02 4.938353598117828369e-02 5.322371423244476318e-02 4.158014804124832153e-02 3.018240258097648621e-02 6.784792244434356689e-02 6.459154188632965088e-02 1.774009130895137787e-02 1.257170550525188446e-02 6.828501936979591846e-04 1.302469149231910706e-02
2.026193542405962944e-03 2.543033473193645477e-02 6.335937976837158203e-02 5.282582715153694153e-02 3.605893254280090332e-01 6.616727262735366821e-02 1.587721519172191620e-03 4.640281945466995239e-02 8.277148753404617310e-02 4.079327359795570374e-02 2.786547876894474030e-02 3.977173194289207458e-02 6.616739183664321899e-02 1.013568341732025146e-01 4.413147643208503723e-02 1.831950433552265167e-02 8.051785826683044434e-02 3.096538782119750977e-02 5.420709773898124695e-02 2.529054693877696991e-02 7.337017357349395752e-02 8.671427518129348755e-02 5.228940397500991821e-02 4.379487410187721252e-02 3.154232725501060486e-02 2.130585350096225739e-02 1.467166375368833542e-02 4.049467667937278748e-02 9.044267237186431885e-03 1.974853128194808960e-02 4.000652953982353210e-02 4.335780069231987000e-02 2.278864994877949357e-04 3.262686729431152344e-02 1.951715722680091858e-02 2.680182456970214844e-02 6.254759430885314941e-02 4.822212830185890198e-02 1.110144704580307007e-01 6.954102218151092529e-02 6.053340062499046326e-02 1.668490655720233917e-02 6.365494802594184875e-03 1.139165979111567140e-04 3.414748609066009521e-02 5.471788346767425537e-02 4.293261468410491943e-02 6.234976649284362793e-02 9.400769136846065521e-03 6.383482366800308228e-02 6.390712223947048187e-03 5.069309100508689880e-02 2.153236855519935489e-04 3.785908222198486328e-02 1.062824763357639313e-02 4.428702965378761292e-02 1.629800908267498016e-02 6.573968380689620972e-02 1.627404987812042236e-02 3.918501362204551697e-02 5.518694221973419189e-02 4.244880005717277527e-02 1.044678986072540283e-01 5.228412896394729614e-02 3.599365055561065674e-02 3.737144172191619873e-02 2.132894704118371010e-03 5.235334974713623524e-04 3.722992166876792908e-02 5.030804872512817383e-02 5.180535838007926941e-02 4.330404847860336304e-02 2.581902742385864258e-01 1.785274967551231384e-02 4.464586824178695679e-02 5.454305559396743774e-02 2.746627479791641235e-02 5.009487271308898926e-02 2.364903455600142479e-03 8.143809437751770020e-02 3.604559600353240967e-02 4.268547147512435913e-02 1.292770206928253174e-01 7.702191174030303955e-02 3.452545264735817909e-03 3.589560836553573608e-02 1.420489791780710220e-02 2.904091961681842804e-03 3.966711834073066711e-02 2.638630382716655731e-02 4.245729744434356689e-02 2.009011432528495789e-02 2.394296973943710327e-02 1.458557415753602982e-02 1.751898601651191711e-02 7.136373221874237061e-02 2.218150720000267029e-02 3.138213604688644409e-02 5.610344232991337776e-04 6.168227177113294601e-03 2.578303217887878418e-02 1.379988249391317368e-02 2.629091776907444000e-02 9.902318008244037628e-03 3.270095959305763245e-02 4.830688238143920898e-02 4.218827467411756516e-03 5.369075387716293335e-02 2.187994122505187988e-02 8.316820487380027771e-03 9.624936617910861969e-03 1.227927487343549728e-02 1.697144471108913422e-02 3.380664810538291931e-02 6.001918390393257141e-02 3.982986509799957275e-02
1.077466681599617004e-01 8.750084787607192993e-02 5.060973763465881348e-02 3.605893254280090332e-01 3.333766385912895203e-02 1.504088006913661957e-02 6.374105066061019897e-02 3.529238700866699219e-02 7.567982655018568039e-03 1.337542943656444550e-02 6.031743716448545456e-03 2.664358168840408325e-02 1.614228636026382446e-02 2.820583619177341461e-02 2.166041545569896698e-02 1.970110461115837097e-02 4.460883140563964844e-02 2.088131941854953766e-02 4.582092165946960449e-02 7.812914438545703888e-03 5.255424603819847107e-02 9.457285515964031219e-03 4.656213149428367615e-02 3.210163861513137817e-02 2.948147431015968323e-02 2.377161197364330292e-02 1.201423909515142441e-02 3.211703523993492126e-02 7.582456618547439575e-02 1.275287196040153503e-02 2.513536065816879272e-02 3.261871263384819031e-02 6.977937370538711548e-02 3.909558057785034180e-02 9.372603148221969604e-03 2.192788571119308472e-02 1.327212806791067123e-02 7.138866931200027466e-04 1.254454404115676880e-01 1.979131251573562622e-01 2.406726405024528503e-02 1.053834799677133560e-02 3.462741896510124207e-02 1.244080811738967896e-02 3.545789048075675964e-02 5.253745988011360168e-02 2.123585529625415802e-02 2.517442964017391205e-02 3.623875230550765991e-02 2.550275065004825592e-02 3.619458153843879700e-02 2.035620249807834625e-02 2.166509628295898438e-02 7.789002731442451477e-03 2.044376917183399200e-02 3.045133780688047409e-03 3.309907019138336182e-02 5.520284920930862427e-02 4.061358049511909485e-02 6.254100240767002106e-03 4.725746437907218933e-02 2.905571274459362030e-02 4.968964308500289917e-02 2.292763628065586090e-02 2.418951131403446198e-02 3.608793765306472778e-02 4.106946289539337158e-03 2.189646847546100616e-02 1.077739056199789047e-02 2.669953973963856697e-03 5.464964732527732849e-02 5.866513028740882874e-02 8.588994294404983521e-02 4.500824213027954102e-02 2.235171943902969360e-02 6.860970519483089447e-03 5.959229078143835068e-03 1.901344954967498779e-02 1.947532780468463898e-02 3.206030651926994324e-02 1.978834159672260284e-02 2.889123000204563141e-02 1.013360172510147095e-01 1.053651347756385803e-01 3.796399012207984924e-02 1.092705177143216133e-03 4.613441228866577148e-02 6.287380307912826538e-02 2.113283611834049225e-02 3.112547844648361206e-02 3.982501104474067688e-03 2.742012217640876770e-02 1.280929055064916611e-02 2.831428684294223785e-02 1.946076005697250366e-02 3.013420477509498596e-02 8.072059601545333862e-02 4.951002076268196106e-03 3.201173618435859680e-02 3.944862401112914085e-04 4.120796918869018555e-02 4.119902383536100388e-03 2.573950774967670441e-02 1.120515749789774418e-03 3.966928925365209579e-03 4.288454353809356689e-02 7.393205165863037109e-02 3.055055812001228333e-02 2.473166584968566895e-02 4.471666365861892700e-02 9.390566498041152954e-03 5.003137513995170593e-02 9.531128220260143280e-03 4.781935364007949829e-02 3.472589701414108276e-02 3.673554956912994385e-02
9.073491394519805908e-02 5.977105721831321716e-02 2.385940961539745331e-02 6.616727262735366821e-02 1.504088006913661957e-02 1.088487282395362854e-01 2.177627384662628174e-01 3.153451159596443176e-02 1.750711351633071899e-02 3.458103165030479431e-02 1.289978921413421631e-01 1.167655438184738159e-01 1.499658226966857910e-01 1.377959400415420532e-01 1.037963572889566422e-02 2.397166937589645386e-02 1.609788835048675537e-02 1.377367880195379257e-02 2.771212719380855560e-02 6.932742148637771606e-02 8.476807177066802979e-02 7.035800069570541382e-02 6.351768970489501953e-02 8.840943872928619385e-02 3.670941665768623352e-02 8.726287633180618286e-02 2.894223853945732117e-02 6.708067655563354492e-02 5.244170874357223511e-02 2.378743886947631836e-02 3.140226006507873535e-02 3.151025995612144470e-02 4.250621795654296875e-02 3.547228872776031494e-02 1.957082003355026245e-02 5.969888996332883835e-03 2.845032699406147003e-02 5.370200797915458679e-02 3.878330811858177185e-02 2.659309655427932739e-02 5.175171792507171631e-02 6.270082294940948486e-02 6.530187558382749557e-03 4.078445956110954285e-03 2.443575486540794373e-02 5.881192535161972046e-02 1.679881662130355835e-01 9.042709320783615112e-02 3.556459769606590271e-02 1.587628386914730072e-02 2.559365530032664537e-04 2.679828740656375885e-02 9.995699860155582428e-03 3.801538422703742981e-02 1.721425540745258331e-02 1.369974948465824127e-02 4.448187071830034256e-03 8.522069081664085388e-03 4.469216242432594299e-02 2.032699435949325562e-02 5.152260139584541321e-02 5.707635730504989624e-02 3.919299226254224777e-03 2.450822666287422180e-02 1.241420488804578781e-02 4.623517766594886780e-02 1.718248613178730011e-02 9.478715248405933380e-03 1.891759969294071198e-02 7.219669222831726074e-02 2.886290289461612701e-02 6.108934059739112854e-02 4.586474224925041199e-02 1.947256363928318024e-02 1.079435739666223526e-02 2.211008919402956963e-03 3.162383288145065308e-02 6.495804339647293091e-02 2.438004128634929657e-02 3.699590638279914856e-02 2.921491488814353943e-02 3.189564868807792664e-02 4.085383936762809753e-02 7.919972762465476990e-03 1.676799543201923370e-02 5.099052935838699341e-02 4.756694659590721130e-03 4.576952755451202393e-02 2.328073605895042419e-03 8.846510201692581177e-02 3.268705680966377258e-02 2.763940952718257904e-02 5.295953527092933655e-02 5.972186103463172913e-02 8.658462204039096832e-03 9.922296740114688873e-03 2.142366208136081696e-02 2.758614160120487213e-02 3.249495476484298706e-02 2.830557525157928467e-02 1.022059936076402664e-03 1.444813609123229980e-02 1.318836770951747894e-02 1.088499743491411209e-02 3.422319516539573669e-02 1.649517193436622620e-02 1.117950212210416794e-02 2.275713346898555756e-02 3.801846643909811974e-03 2.324406243860721588e-02 2.022515982389450073e-02 2.229496836662292480e-02 8.831194043159484863e-02 4.266126826405525208e-02 6.376794725656509399e-02 4.227385669946670532e-02
8.125889115035533905e-03 5.023861676454544067e-02 5.807442124933004379e-03 1.587721519172191620e-03 6.374105066061019897e-02 2.177627384662628174e-01 7.501386106014251709e-02 3.220473602414131165e-02 1.737474277615547180e-02 2.303564548492431641e-02 1.134026274085044861e-01 7.075586821883916855e-03 1.297042369842529297e-01 1.769791916012763977e-02 7.284983992576599121e-02 6.759213749319314957e-03 2.434731088578701019e-02 4.110454022884368896e-02 6.095112301409244537e-03 1.734284870326519012e-02 1.419123355299234390e-02 9.279178828001022339e-02 1.522241998463869095e-02 1.593172177672386169e-02 4.783878475427627563e-02 3.693499416112899780e-02 4.231437295675277710e-02 2.988081052899360657e-02 5.661829374730587006e-03 2.202959544956684113e-02 5.111118778586387634e-02 1.600833423435688019e-02 1.930739916861057281e-02 3.122200444340705872e-02 5.412891134619712830e-02 1.141857448965311050e-02 1.719643920660018921e-02 1.287648483412340283e-04 6.388722360134124756e-02 2.707965485751628876e-02 3.255114704370498657e-02 2.841147221624851227e-02 5.736342817544937134e-02 2.823513746261596680e-02 8.141801506280899048e-02 7.200521230697631836e-02 1.351151913404464722e-01 1.183441728353500366e-01 1.781693659722805023e-02 2.903140708804130554e-02 2.116797305643558502e-02 3.226313740015029907e-02 3.290681168437004089e-02 1.221532002091407776e-02 2.004774473607540131e-02 2.837336063385009766e-02 2.091236039996147156e-02 9.106443263590335846e-03 2.173284813761711121e-02 4.385729134082794189e-02 6.387508474290370941e-03 2.398138120770454407e-02 1.495472621172666550e-02 6.314710527658462524e-02 1.958185620605945587e-02 3.782020881772041321e-02 3.631071001291275024e-02 4.891771823167800903e-03 9.980637580156326294e-03 1.521930471062660217e-02 6.118271127343177795e-02 1.314185652881860733e-02 2.339120209217071533e-02 4.446304589509963989e-02 5.786164477467536926e-02 3.182265162467956543e-02 4.239138588309288025e-02 6.617224961519241333e-02 2.951356209814548492e-02 2.533001080155372620e-02 3.079504147171974182e-02 1.866380497813224792e-02 2.136632613837718964e-02 8.974056690931320190e-03 5.791629105806350708e-02 4.765745997428894043e-02 2.608262933790683746e-03 2.116437256336212158e-02 6.348566710948944092e-02 1.959796808660030365e-02 4.341426119208335876e-02 9.483022615313529968e-03 3.410244360566139221e-02 2.656395733356475830e-02 1.919808238744735718e-02 4.153363406658172607e-02 9.045183658599853516e-03 3.402892500162124634e-02 3.497512266039848328e-02 2.784963697195053101e-02 4.304896667599678040e-02 6.515171378850936890e-02 8.790282160043716431e-02 3.329766541719436646e-02 2.439301647245883942e-02 4.109666496515274048e-02 1.551579590886831284e-02 3.237217292189598083e-02 2.008039690554141998e-02 3.882903978228569031e-02 8.354385383427143097e-03 1.055897492915391922e-02 2.685344032943248749e-02 9.785425849258899689e-03 1.433861441910266876e-02 7.796131074428558350e-02
7.462123036384582520e-02 6.982941925525665283e-02 1.532372981309890747e-01 4.640281945466995239e-02 3.529238700866699219e-02 3.153451159596443176e-02 3.220473602414131165e-02 4.959411919116973877e-02 4.947194084525108337e-02 4.773690178990364075e-02 9.174474980682134628e-04 9.810553863644599915e-03 6.912139803171157837e-02 2.775673009455204010e-02 1.653041541576385498e-01 1.394111849367618561e-02 2.077259123325347900e-02 4.873687867075204849e-03 1.596741937100887299e-02 5.235501378774642944e-02 1.913000829517841339e-02 1.219932213425636292e-01 2.056452259421348572e-02 5.524212960153818130e-03 2.622698061168193817e-02 3.268945217132568359e-02 8.393996395170688629e-03 5.781523138284683228e-02 3.876494616270065308e-02 5.564685538411140442e-02 3.313823044300079346e-02 2.160389721393585205e-02 5.977237224578857422e-02 5.779687687754631042e-02 4.520569741725921631e-02 2.464933879673480988e-02 1.347961425781250000e-01 5.519670993089675903e-02 9.058766067028045654e-02 1.624687947332859039e-02 5.456397309899330139e-02 3.380919247865676880e-02 2.442258596420288086e-02 8.318360894918441772e-02 6.332048680633306503e-03 2.564813010394573212e-03 3.428211063146591187e-02 4.455760493874549866e-02 2.528327330946922302e-02 3.811987489461898804e-02 3.869208693504333496e-02 2.628969587385654449e-02 6.458774674683809280e-03 2.967408299446105957e-02 1.929290033876895905e-02 3.864070400595664978e-02 1.340687833726406097e-02 4.733471572399139404e-02 6.185613200068473816e-02 2.248734235763549805e-02 1.080668047070503235e-01 6.924749352037906647e-03 5.608861893415451050e-02 1.996095059439539909e-03 8.453208021819591522e-03 3.393892943859100342e-02 3.529912978410720825e-02 5.461777374148368835e-02 1.807706989347934723e-02 3.989211842417716980e-02 2.503497898578643799e-02 2.409563958644866943e-02 7.606555521488189697e-02 4.463236313313245773e-03 3.700269386172294617e-02 2.097739651799201965e-02 4.831218719482421875e-02 1.017420552670955658e-02 1.761828176677227020e-02 3.066938556730747223e-02 2.185240536928176880e-01 9.909687936305999756e-02 2.680737711489200592e-02 2.182728983461856842e-02 4.704443365335464478e-02 8.525411039590835571e-02 8.030772209167480469e-02 3.406140208244323730e-02 1.165320537984371185e-02 3.122658468782901764e-02 3.804503753781318665e-02 4.752714186906814575e-02 1.819619908928871155e-02 5.127815902233123779e-02 2.102064713835716248e-02 3.467332199215888977e-02 5.836157500743865967e-02 3.199203312397003174e-02 1.039784867316484451e-02 2.643960900604724884e-02 2.957987366244196892e-03 3.270853683352470398e-02 5.590158700942993164e-02 1.663463376462459564e-02 1.082542445510625839e-02 1.249902788549661636e-02 3.433069679886102676e-03 3.699921444058418274e-02 4.657517652958631516e-03 3.990673273801803589e-02 1.997915282845497131e-02 2.648134343326091766e-02 3.043874539434909821e-02 3.691717609763145447e-02 1.527842879295349121e-02 3.182530403137207031e-02
1.783285290002822876e-02 3.279657289385795593e-02 1.796034909784793854e-02 8.277148753404617310e-02 7.567982655018568039e-03 1.750711351633071899e-02 1.737474277615547180e-02 4.947194084525108337e-02 5.977820232510566711e-02 1.537259817123413086e-01 7.797352503985166550e-03 7.824675738811492920e-02 2.931843139231204987e-02 6.672468781471252441e-02 2.557683363556861877e-02 2.537915296852588654e-02 6.365866959095001221e-02 1.052740514278411865e-01 5.175092816352844238e-02 7.898530457168817520e-04 7.458487059921026230e-03 3.813943266868591309e-02 2.652199007570743561e-03 1.636159233748912811e-02 7.110871374607086182e-02 5.772021412849426270e-02 5.308075621724128723e-02 1.751283183693885803e-02 1.389013696461915970e-02 6.634476035833358765e-02 1.780924387276172638e-02 5.290535092353820801e-02 4.425051435828208923e-02 1.453397888690233231e-02 6.841668486595153809e-02 2.060260809957981110e-02 3.376586735248565674e-02 3.228562697768211365e-02 1.602133922278881073e-02 2.783742733299732208e-02 2.533968724310398102e-02 4.499212279915809631e-02 4.165954887866973877e-02 1.184473372995853424e-02 9.549041092395782471e-02 3.591146785765886307e-03 1.326413941569626331e-03 1.250709686428308487e-02 1.014564186334609985e-01 4.078031331300735474e-02 7.812292315065860748e-03 2.125674654962494969e-04 6.999778561294078827e-03 1.293657696805894375e-03 1.392556577920913696e-01 4.094812646508216858e-02 1.931983418762683868e-02 2.882516756653785706e-02 5.217458680272102356e-02 2.348572574555873871e-02 3.549280390143394470e-02 7.717598974704742432e-02 5.117206275463104248e-02 1.083340402692556381e-02 4.302442446351051331e-02 4.538805410265922546e-02 3.373679518699645996e-02 1.499313767999410629e-02 1.373448520898818970e-01 1.752838119864463806e-02 3.881656751036643982e-02 6.260088086128234863e-02 7.664474844932556152e-02 7.075082976371049881e-03 6.246321834623813629e-03 1.287979912012815475e-02 1.748612672090530396e-01 7.363957911729812622e-02 1.123396605253219604e-01 8.744472265243530273e-02 2.995012141764163971e-02 3.106567310169339180e-03 1.380867958068847656e-01 4.352892562747001648e-02 3.224402293562889099e-02 2.222465910017490387e-02 1.620949618518352509e-02 1.080153696238994598e-02 2.755889296531677246e-02 6.676854193210601807e-02 3.135001519694924355e-03 5.741939693689346313e-02 1.619045808911323547e-02 1.919202879071235657e-02 9.381196461617946625e-03 3.877764567732810974e-02 1.165667898021638393e-03 4.233090952038764954e-02 3.315805643796920776e-02 3.162088245153427124e-02 3.685839474201202393e-02 2.755949273705482483e-02 2.009865269064903259e-02 3.353046998381614685e-02 4.012096673250198364e-02 4.242288880050182343e-03 1.738190837204456329e-02 2.892736718058586121e-02 1.820003613829612732e-02 4.636703431606292725e-02 4.842258244752883911e-02 4.327197372913360596e-02 1.167133823037147522e-02 3.339565172791481018e-02 9.776267223060131073e-03 4.100063070654869080e-02
8.874649554491043091e-02 6.586015969514846802e-02 8.229441195726394653e-02 4.079327359795570374e-02 1.337542943656444550e-02 3.458103165030479431e-02 2.303564548492431641e-02 4.773690178990364075e-02 1.537259817123413086e-01 1.120131164789199829e-01 4.773165564984083176e-03 2.353742904961109161e-02 2.869337052106857300e-02 5.189153552055358887e-02 2.320138737559318542e-03 6.393036339432001114e-03 5.380091443657875061e-02 7.575251162052154541e-02 1.463424265384674072e-01 4.542548581957817078e-02 2.588494867086410522e-02 3.141282871365547180e-02 7.164542376995086670e-02 1.504836976528167725e-01 3.816119581460952759e-02 5.093200877308845520e-02 9.391730278730392456e-02 2.244192361831665039e-02 2.562064677476882935e-03 5.922238528728485107e-02 2.385723404586315155e-02 1.945597305893898010e-02 7.453856617212295532e-02 7.836032658815383911e-03 3.606503084301948547e-02 1.412647892720997334e-03 4.189554229378700256e-02 3.452163189649581909e-02 6.552195549011230469e-02 1.381913572549819946e-02 4.201060906052589417e-02 2.503105439245700836e-02 9.452993981540203094e-03 2.713953703641891479e-02 5.242029204964637756e-02 1.214834675192832947e-01 5.055836960673332214e-02 2.755796723067760468e-02 1.063417829573154449e-02 6.544253975152969360e-02 8.141414262354373932e-03 1.421285234391689301e-02 7.064045220613479614e-02 6.170370057225227356e-02 1.372883841395378113e-02 1.243492513895034790e-01 3.800431638956069946e-02 9.819910861551761627e-03 1.794697158038616180e-02 8.855598978698253632e-03 7.311307638883590698e-02 2.388717979192733765e-02 4.727672412991523743e-02 2.616024389863014221e-02 2.382368408143520355e-02 2.885972848162055016e-03 1.363751571625471115e-02 6.955342367291450500e-03 3.842485696077346802e-02 1.766410470008850098e-02 2.724024280905723572e-02 3.566403314471244812e-02 7.667366415262222290e-02 5.432607140392065048e-03 6.416839361190795898e-02 2.470257319509983063e-02 5.229805037379264832e-02 1.540753692388534546e-01 1.064930781722068787e-01 1.715172976255416870e-01 1.730840466916561127e-02 1.266613416373729706e-02 8.098685741424560547e-02 4.903304949402809143e-02 3.661068156361579895e-02 6.418935954570770264e-02 2.987939864397048950e-02 3.416812792420387268e-02 1.895055174827575684e-02 7.638250291347503662e-02 1.051875762641429901e-02 2.598230354487895966e-02 1.289706863462924957e-02 1.065088994801044464e-02 3.068338707089424133e-02 4.773407056927680969e-02 2.386975660920143127e-02 1.035590656101703644e-02 3.134294226765632629e-02 1.714220270514488220e-02 3.643301082774996758e-03 2.795684558805078268e-04 3.378088399767875671e-02 3.538668155670166016e-02 9.200923144817352295e-02 2.904098853468894958e-02 5.158774927258491516e-02 5.645089969038963318e-02 8.082378772087395191e-04 4.228604584932327271e-02 1.126629486680030823e-02 2.435204572975635529e-02 2.407547086477279663e-02 1.280911546200513840e-02 2.025721967220306396e-02 4.297257959842681885e-02
1.190972402691841125e-01 3.485859930515289307e-02 1.101311761885881424e-02 2.786547876894474030e-02 6.031743716448545456e-03 1.289978921413421631e-01 1.134026274085044861e-01 9.174474980682134628e-04 7.797352503985166550e-03 4.773165564984083176e-03 1.119832620024681091e-01 2.621010318398475647e-02 2.011138498783111572e-01 2.731080539524555206e-02 1.869418192654848099e-03 2.197138592600822449e-02 6.200571544468402863e-03 1.643473468720912933e-02 4.202452674508094788e-02 2.449453622102737427e-02 2.579844743013381958e-02 7.322593033313751221e-02 3.579061105847358704e-02 2.866883203387260437e-02 3.712996607646346092e-03 4.811545461416244507e-02 2.823040448129177094e-02 2.785293944180011749e-02 2.157690748572349548e-02 3.029536642134189606e-02 5.944040045142173767e-02 2.273000031709671021e-02 2.983475290238857269e-02 5.276887677609920502e-03 3.640067577362060547e-02 8.284448995254933834e-04 2.000232413411140442e-02 5.814502947032451630e-03 8.953490294516086578e-03 1.826220657676458359e-03 1.088620070368051529e-02 1.955984160304069519e-02 4.578072577714920044e-02 2.068988233804702759e-02 3.953315317630767822e-02 1.990244351327419281e-02 1.244286671280860901e-01 6.912265717983245850e-02 3.650650382041931152e-02 1.803275384008884430e-02 2.904031053185462952e-02 2.896433509886264801e-02 1.995480805635452271e-02 6.167954299598932266e-03 1.537316292524337769e-02 1.674936711788177490e-02 1.321345660835504532e-02 1.443581096827983856e-02 7.585138548165559769e-03 1.200043968856334686e-02 5.831095390021800995e-03 2.810932137072086334e-02 2.441935427486896515e-02 5.606289021670818329e-03 7.976014912128448486e-02 5.063589289784431458e-02 3.623111173510551453e-03 2.647336199879646301e-02 1.279845181852579117e-02 3.662669658660888672e-02 3.577258437871932983e-02 3.392348438501358032e-02 9.641563519835472107e-03 4.469900950789451599e-02 2.453193441033363342e-02 1.986939273774623871e-02 3.740601474419236183e-03 1.667951606214046478e-02 6.279026716947555542e-02 1.800448819994926453e-02 4.808709025382995605e-02 3.774053975939750671e-02 1.608079113066196442e-02 7.086440920829772949e-03 1.923516206443309784e-02 2.050058729946613312e-02 1.454488374292850494e-02 3.328306972980499268e-02 1.549764163792133331e-02 6.031922996044158936e-02 5.644530057907104492e-02 5.232635885477066040e-02 5.105531960725784302e-02 2.292192354798316956e-02 1.177479140460491180e-02 5.766180902719497681e-02 5.706024821847677231e-03 6.937613245099782944e-03 1.777821965515613556e-02 3.706477954983711243e-02 1.835265569388866425e-02 4.005303606390953064e-02 1.626014709472656250e-02 3.866878524422645569e-02 3.773161768913269043e-02 1.119021419435739517e-02 1.424058061093091965e-02 2.760655246675014496e-02 4.344570450484752655e-03 5.581846460700035095e-02 4.526350274682044983e-02 2.297679521143436432e-02 5.883548408746719360e-02 1.055506989359855652e-01 6.569316238164901733e-02 4.305025562644004822e-02
4.732642695307731628e-02 6.483043543994426727e-03 7.835544645786285400e-02 3.977173194289207458e-02 2.664358168840408325e-02 1.167655438184738159e-01 7.075586821883916855e-03 9.810553863644599915e-03 7.824675738811492920e-02 2.353742904961109161e-02 2.621010318398475647e-02 4.120476171374320984e-02 2.804690226912498474e-02 3.161898255348205566e-01 1.571374386548995972e-02 3.184517472982406616e-02 8.894465863704681396e-03 2.950885891914367676e-02 7.104157656431198120e-02 2.999146096408367157e-02 3.551051765680313110e-02 1.776441931724548340e-02 2.047732099890708923e-02 1.147662475705146790e-01 5.038955714553594589e-03 4.576712474226951599e-02 8.112830668687820435e-02 1.238728761672973633e-01 3.991902619600296021e-02 1.331826895475387573e-01 2.708569355309009552e-02 1.711774244904518127e-02 5.777132138609886169e-02 3.550336137413978577e-02 5.135043337941169739e-02 6.928775459527969360e-02 4.497165326029062271e-03 1.982231438159942627e-02 2.486470714211463928e-02 4.630608856678009033e-02 3.010329045355319977e-02 3.501487895846366882e-02 4.014572128653526306e-02 2.167025767266750336e-02 3.392307553440332413e-03 4.824234545230865479e-02 3.776466101408004761e-02 3.328873962163925171e-02 7.990423589944839478e-02 4.759450256824493408e-02 4.124496504664421082e-02 1.766187255270779133e-03 1.731107360683381557e-03 3.305542469024658203e-02 4.568542167544364929e-02 1.225655432790517807e-02 4.061616212129592896e-02 4.621605202555656433e-02 3.284095600247383118e-02 2.091958187520503998e-02 4.508273303508758545e-02 3.314026445150375366e-02 3.187548369169235229e-02 6.342623382806777954e-03 4.262738674879074097e-02 2.185005880892276764e-02 1.104116253554821014e-02 3.297643363475799561e-02 2.528553083539009094e-02 7.268317043781280518e-02 4.948453605175018311e-02 4.541970789432525635e-02 4.742956254631280899e-03 4.308518394827842712e-02 8.374518901109695435e-02 5.873819440603256226e-02 2.589481137692928314e-02 9.852204471826553345e-03 9.938088804483413696e-02 2.550500631332397461e-02 6.289894133806228638e-02 4.319166298955678940e-03 4.067402705550193787e-02 3.337648138403892517e-02 9.047562256455421448e-03 3.262678533792495728e-02 2.283002808690071106e-02 1.076864637434482574e-02 4.336444195359945297e-03 8.465464413166046143e-02 1.784083060920238495e-02 3.304249420762062073e-02 1.928096637129783630e-02 6.742392200976610184e-03 1.332420273683965206e-03 2.815637737512588501e-02 6.913675926625728607e-03 7.102591544389724731e-02 2.982405945658683777e-02 3.257264196872711182e-02 1.441628579050302505e-02 2.424272336065769196e-02 3.625677525997161865e-02 2.245966158807277679e-02 3.983926493674516678e-03 2.803024649620056152e-02 2.154838107526302338e-02 5.022108182311058044e-02 1.145768538117408752e-02 5.283050611615180969e-02 9.676599875092506409e-03 4.480766132473945618e-02 1.704706926830112934e-03 2.461250312626361847e-02 3.434979543089866638e-02 2.797438018023967743e-02
6.975598633289337158e-02 1.007048487663269043e-01 9.141586720943450928e-02 6.616739183664321899e-02 1.614228636026382446e-02 1.499658226966857910e-01 1.297042369842529297e-01 6.912139803171157837e-02 2.931843139231204987e-02 2.869337052106857300e-02 2.011138498783111572e-01 2.804690226912498474e-02 1.098334863781929016e-01 7.075013220310211182e-02 7.442336529493331909e-02 5.753874033689498901e-02 1.142107881605625153e-02 1.507179345935583115e-02 2.159709110856056213e-02 2.800960093736648560e-02 3.478528000414371490e-03 7.747637480497360229e-02 1.849729940295219421e-02 1.952884718775749207e-02 1.172698009759187698e-02 5.078082531690597534e-02 1.298658456653356552e-02 4.151141643524169922e-02 2.631863020360469818e-02 2.794500673189759254e-03 2.223085798323154449e-02 1.047526486217975616e-02 7.678638212382793427e-03 2.408856153488159180e-02 1.661976054310798645e-02 1.522845961153507233e-02 6.876674946397542953e-03 7.445620838552713394e-03 5.777115467935800552e-03 1.606742851436138153e-02 7.940330542623996735e-03 6.253819447010755539e-03 7.919535972177982330e-03 4.244443029165267944e-02 1.145407464355230331e-02 3.489948809146881104e-02 7.466814666986465454e-02 7.416113466024398804e-02 7.659009192138910294e-03 9.679415263235569000e-03 6.748755276203155518e-02 6.202745437622070312e-02 1.524888537824153900e-02 1.804462820291519165e-02 4.089457914233207703e-03 3.845576196908950806e-02 2.293555997312068939e-02 3.730238229036331177e-02 1.468377374112606049e-02 5.165532976388931274e-02 7.183492183685302734e-03 2.577065024524927139e-03 2.806999022141098976e-03 5.046361684799194336e-02 8.165021240711212158e-02 1.045105010271072388e-01 9.578236378729343414e-03 3.356252983212471008e-02 4.821381065994501114e-03 4.422961175441741943e-02 3.434100653976202011e-03 6.600474007427692413e-03 5.072132125496864319e-02 4.834445193409919739e-03 2.620298787951469421e-02 7.132383994758129120e-03 1.908730342984199524e-02 2.755914442241191864e-02 6.784394383430480957e-02 4.597104713320732117e-02 5.418605869635939598e-04 1.441695634275674820e-02 1.377343945205211639e-02 7.233131676912307739e-02 1.185756083577871323e-02 1.978765241801738739e-02 5.255149677395820618e-02 1.052503734827041626e-01 3.380576521158218384e-02 2.522951923310756683e-02 5.232697352766990662e-03 1.715203188359737396e-02 3.961443901062011719e-02 3.051120229065418243e-02 2.295476384460926056e-02 2.048780582845211029e-02 6.289564538747072220e-03 1.191559806466102600e-02 3.492199629545211792e-02 2.728066965937614441e-02 1.180449686944484711e-02 4.086587578058242798e-03 7.459836546331644058e-03 1.335040852427482605e-02 1.727744191884994507e-02 7.762772496789693832e-03 1.782567799091339111e-02 3.441125154495239258e-02 1.806925283744931221e-03 6.404840853065252304e-03 7.887215353548526764e-03 1.474807318300008774e-02 3.109926357865333557e-02 5.879893153905868530e-02 4.384878277778625488e-02 5.823899433016777039e-02
