2.182612866163253784e-01 2.087370902299880981e-01 6.736861914396286011e-02 9.086853824555873871e-03 4.745511710643768311e-02 1.417460590600967407e-01 1.224896833300590515e-01 1.498926244676113129e-02 1.375457365065813065e-02 5.011433269828557968e-03 2.028055787086486816e-01 2.831930667161941528e-02 1.400023400783538818e-01 1.530451234430074692e-02 1.159048173576593399e-02 2.307900972664356232e-02 2.609286084771156311e-02 6.428424734622240067e-03 1.374470349401235580e-02 4.403144493699073792e-02 4.458669945597648621e-02 7.247585058212280273e-02 9.700040332973003387e-03 3.445530310273170471e-02 2.368309162557125092e-02 3.802570700645446777e-02 1.304922625422477722e-02 8.044557645916938782e-03 5.450650677084922791e-02 9.800313040614128113e-03 2.747406810522079468e-02 1.647402346134185791e-02 1.472937688231468201e-02 6.389757036231458187e-04 2.850534953176975250e-02 2.849893271923065186e-02 1.154571771621704102e-02 5.360294505953788757e-02 9.047739207744598389e-03 1.801923662424087524e-02 5.532858148217201233e-02 1.373171713203191757e-02 4.321375861763954163e-02 6.444802135229110718e-02 1.530926860868930817e-02 2.700226753950119019e-02 1.568302661180496216e-01 7.034156471490859985e-02 1.223360188305377960e-02 9.193696081638336182e-03 2.454030700027942657e-02 4.377307742834091187e-02 6.657510530203580856e-03 3.988059237599372864e-02 4.045056179165840149e-03 4.373363219201564789e-03 4.476066678762435913e-02 1.401518750935792923e-02 1.650686934590339661e-02 3.388840705156326294e-03 3.276731818914413452e-02 2.570925652980804443e-02 6.251370161771774292e-02 1.670036464929580688e-02 1.576027646660804749e-02 1.238334365189075470e-02 2.449440397322177887e-02 1.508251484483480453e-02 2.948865853250026703e-02 9.495876729488372803e-03 3.136147931218147278e-02 1.799924299120903015e-02 1.655631884932518005e-02 1.277093961834907532e-02 3.917552530765533447e-02 1.070690806955099106e-03 1.062492560595273972e-02 3.802302060648798943e-03 7.866483181715011597e-03 1.231423951685428619e-02 7.346074562519788742e-03 5.203045438975095749e-03 1.813970133662223816e-02 1.244664471596479416e-02 3.958635032176971436e-02 3.563317283987998962e-02 2.719337353482842445e-03 6.270256638526916504e-02 4.582437686622142792e-03 3.849542513489723206e-02 1.272271573543548584e-01 7.813910394906997681e-02 9.213171899318695068e-02 3.204473853111267090e-02 7.294121198356151581e-03 4.340962693095207214e-02 3.962257876992225647e-02 5.174790695309638977e-02 3.900037333369255066e-02 2.439736574888229370e-02 2.220817655324935913e-02 4.794299602508544922e-03 1.673232950270175934e-02 1.553004235029220581e-02 9.392758458852767944e-02 3.484496474266052246e-02 4.261071234941482544e-02 4.758087545633316040e-02 1.981873996555805206e-02 7.814861834049224854e-02 5.609282292425632477e-03 3.997457027435302734e-02 1.214101631194353104e-02 6.765822879970073700e-03 1.643509604036808014e-02 2.210962399840354919e-02
2.087370902299880981e-01 2.093649953603744507e-01 1.020858809351921082e-01 1.701574586331844330e-02 2.525989525020122528e-02 1.072019413113594055e-01 9.294442832469940186e-02 5.582223460078239441e-02 6.633527576923370361e-03 1.954494602978229523e-02 1.203214451670646667e-01 3.807133063673973083e-02 1.206314116716384888e-01 6.137166544795036316e-02 1.328547298908233643e-02 1.934206672012805939e-02 2.823863178491592407e-02 1.503670215606689453e-02 9.528281539678573608e-02 2.068790374323725700e-03 1.780503802001476288e-02 2.916412986814975739e-02 2.251747995615005493e-02 2.045073360204696655e-02 1.814957335591316223e-02 3.632932156324386597e-02 2.171872928738594055e-02 4.757988732308149338e-03 7.486356049776077271e-02 5.041423439979553223e-02 2.259708940982818604e-02 7.957019843161106110e-03 2.069211192429065704e-02 1.457215868867933750e-03 7.142128888517618179e-03 9.072829037904739380e-03 3.323903679847717285e-02 2.718666382133960724e-02 2.544372342526912689e-02 1.571184024214744568e-02 3.501259535551071167e-02 3.533825278282165527e-02 3.581573953852057457e-03 5.460090190172195435e-02 4.940291866660118103e-02 3.277027746662497520e-03 1.190547198057174683e-01 6.297273933887481689e-02 6.836893036961555481e-03 1.793443597853183746e-02 4.969229456037282944e-03 1.631886698305606842e-02 2.927574515342712402e-02 2.249033190310001373e-02 1.832449994981288910e-02 2.369316481053829193e-02 2.572941035032272339e-02 3.898980468511581421e-02 2.466313727200031281e-02 2.439933456480503082e-02 4.850677680224180222e-03 1.239597517997026443e-02 3.040601499378681183e-02 4.694477096199989319e-02 3.216095268726348877e-02 3.991748392581939697e-02 1.827254518866539001e-02 3.395247459411621094e-02 3.421426564455032349e-02 4.573139362037181854e-03 2.456495910882949829e-02 4.253320861607789993e-03 4.049040749669075012e-02 2.556185424327850342e-02 2.402309700846672058e-02 2.578691579401493073e-03 5.020037665963172913e-02 2.097658067941665649e-02 1.198893506079912186e-02 3.960625082254409790e-02 2.391461282968521118e-02 4.126315563917160034e-02 5.473752971738576889e-03 5.260216072201728821e-02 3.971009701490402222e-02 1.340126246213912964e-02 3.209563717246055603e-02 5.821077618747949600e-03 5.337997153401374817e-02 3.902508318424224854e-02 6.562893837690353394e-02 7.089969515800476074e-02 5.320204794406890869e-02 2.871503122150897980e-02 1.777593046426773071e-02 4.783781245350837708e-03 3.337569069117307663e-04 2.390830591320991516e-02 1.410895120352506638e-02 3.801758587360382080e-02 4.597020335495471954e-03 3.087454847991466522e-02 3.066557087004184723e-02 5.271702259778976440e-02 1.776355132460594177e-02 8.143123239278793335e-03 1.421613804996013641e-02 4.210120812058448792e-02 1.690874807536602020e-02 3.664552792906761169e-02 2.390982024371623993e-02 1.654773950576782227e-02 2.328076213598251343e-02 2.060722187161445618e-02 1.071395445615053177e-02 2.861521020531654358e-02
6.736861914396286011e-02 1.020858809351921082e-01 9.612137079238891602e-02 7.870020344853401184e-03 1.063917577266693115e-02 5.098931025713682175e-03 7.048042118549346924e-02 8.849397301673889160e-02 1.125152502208948135e-02 4.686252400279045105e-02 5.652444064617156982e-02 5.288327485322952271e-02 5.774338543415069580e-02 5.433952808380126953e-02 3.886136412620544434e-02 4.078295454382896423e-02 2.797284908592700958e-02 2.205796167254447937e-02 9.006771445274353027e-02 6.573313474655151367e-02 9.940711781382560730e-03 2.129807136952877045e-02 4.636231437325477600e-02 2.868384681642055511e-02 2.216610126197338104e-02 2.619302645325660706e-02 2.942796796560287476e-03 8.853150904178619385e-02 5.822867900133132935e-02 4.881790280342102051e-02 1.837036944925785065e-02 1.173293311148881912e-02 2.110596373677253723e-02 9.236291982233524323e-03 1.282973587512969971e-02 2.198114804923534393e-02 3.330115973949432373e-02 4.119534860365092754e-04 4.378120601177215576e-02 1.272366475313901901e-02 5.533212423324584961e-02 3.469126299023628235e-02 1.435010135173797607e-02 8.310382068157196045e-02 6.414198130369186401e-02 3.033813834190368652e-02 2.585994824767112732e-02 3.939051926136016846e-02 4.057347401976585388e-02 3.441901132464408875e-02 3.566056862473487854e-02 2.838919684290885925e-02 2.511998452246189117e-02 3.575498610734939575e-02 3.344127908349037170e-02 1.242460459470748901e-01 3.441032720729708672e-03 1.769382739439606667e-03 2.289208583533763885e-03 5.102775990962982178e-02 1.540225837379693985e-02 2.570046111941337585e-02 3.645286429673433304e-03 2.316694147884845734e-02 8.091962337493896484e-02 1.395959407091140747e-03 5.711769312620162964e-02 3.768617659807205200e-02 2.668710891157388687e-03 1.057896763086318970e-02 2.027023024857044220e-02 2.742595598101615906e-02 1.592019572854042053e-02 2.688587270677089691e-02 2.841764502227306366e-02 1.677457056939601898e-02 8.126308768987655640e-02 9.026741981506347656e-02 3.698708862066268921e-02 3.672800213098526001e-02 1.980638653039932251e-01 7.618962973356246948e-02 3.563498333096504211e-02 5.367157980799674988e-02 7.968672364950180054e-02 4.158679768443107605e-02 8.377428352832794189e-02 2.797191776335239410e-02 3.179321438074111938e-02 2.216488122940063477e-03 9.146285243332386017e-03 9.764385223388671875e-02 1.178613491356372833e-02 7.878669351339340210e-02 5.478400737047195435e-02 3.337011486291885376e-02 3.917928785085678101e-02 3.282999619841575623e-02 1.094011310487985611e-02 4.710115026682615280e-03 1.321921031922101974e-02 3.769393265247344971e-02 3.042549453675746918e-02 5.171828716993331909e-02 2.204603701829910278e-02 3.640631213784217834e-02 9.079278446733951569e-03 3.453683108091354370e-02 3.055557236075401306e-02 3.046660870313644409e-02 2.721311151981353760e-02 5.850053206086158752e-02 2.830461412668228149e-02 6.474011391401290894e-02 2.853168360888957977e-02 7.327166199684143066e-02
9.086853824555873871e-03 1.701574586331844330e-02 7.870020344853401184e-03 1.984570324420928955e-01 2.555196881294250488e-01 3.962653502821922302e-02 9.475133381783962250e-03 3.585417941212654114e-02 5.199645087122917175e-02 4.683257266879081726e-02 4.561717435717582703e-02 3.484080359339714050e-02 2.893454022705554962e-02 6.790123879909515381e-02 6.488600280135869980e-03 7.499963045120239258e-02 1.511998847126960754e-02 2.004367858171463013e-02 1.191634014248847961e-01 1.689867675304412842e-02 2.078758366405963898e-02 3.155444934964179993e-02 5.059021338820457458e-02 4.523551091551780701e-02 1.801296882331371307e-02 6.956817954778671265e-02 1.979235745966434479e-02 8.040580898523330688e-02 1.702408865094184875e-02 3.117010928690433502e-02 2.863673493266105652e-02 4.296299815177917480e-02 7.504350040107965469e-03 6.097993999719619751e-02 1.075577922165393829e-02 1.141212414950132370e-03 1.998209021985530853e-02 7.065128535032272339e-02 3.236495703458786011e-02 5.285219103097915649e-02 3.169884905219078064e-02 3.366613760590553284e-02 7.334280014038085938e-02 4.539059475064277649e-02 1.221619360148906708e-02 7.222894113510847092e-03 3.853876143693923950e-02 1.925389468669891357e-02 2.087509259581565857e-03 9.274633228778839111e-02 1.430087815970182419e-02 3.081921720877289772e-03 2.361748181283473969e-02 5.104640498757362366e-02 1.643698848783969879e-02 6.738834828138351440e-02 6.102279759943485260e-03 5.889105424284934998e-02 9.356393478810787201e-03 3.552073612809181213e-02 1.947550103068351746e-02 4.567150026559829712e-02 2.126997336745262146e-02 1.343813538551330566e-02 2.937045646831393242e-03 1.929589174687862396e-02 4.972590133547782898e-02 2.338042110204696655e-02 2.037706412374973297e-02 4.300801828503608704e-02 5.071859434247016907e-02 1.278178952634334564e-02 3.638780713081359863e-01 7.060036063194274902e-02 2.457001954317092896e-01 4.194948822259902954e-03 1.443869899958372116e-02 6.504774093627929688e-02 4.698792099952697754e-02 5.947833880782127380e-02 5.176050588488578796e-02 4.054480046033859253e-02 1.800367832183837891e-01 1.738410629332065582e-02 5.858561955392360687e-03 3.408788144588470459e-02 4.634345322847366333e-02 1.679158071056008339e-03 2.477137930691242218e-02 5.886955931782722473e-02 8.007301017642021179e-03 7.932009175419807434e-03 4.219601675868034363e-02 3.748031705617904663e-02 2.966931648552417755e-02 2.924836426973342896e-02 1.760959811508655548e-02 4.648068919777870178e-02 1.571962237358093262e-02 1.235895790159702301e-02 3.466397896409034729e-02 6.151731312274932861e-02 1.744475029408931732e-02 4.479525610804557800e-02 8.286903798580169678e-02 3.758745267987251282e-02 6.939346343278884888e-02 2.450179681181907654e-02 9.599298983812332153e-02 2.827777341008186340e-02 9.753607958555221558e-02 3.852317604469135404e-05 4.371755570173263550e-02 1.485328190028667450e-02 2.451945468783378601e-02 2.701418288052082062e-02
4.745511710643768311e-02 2.525989525020122528e-02 1.063917577266693115e-02 2.555196881294250488e-01 1.662022918462753296e-01 3.415873972699046135e-03 2.630237303674221039e-02 3.671266883611679077e-02 4.611313715577125549e-02 4.276647418737411499e-02 3.344712778925895691e-02 7.635230571031570435e-02 1.037882547825574875e-02 3.478439524769783020e-02 1.697244681417942047e-02 9.009295143187046051e-03 1.320523908361792564e-03 3.507354110479354858e-02 1.262460052967071533e-01 6.774935172870755196e-04 3.046352975070476532e-02 3.638422116637229919e-02 2.531877718865871429e-02 4.407255724072456360e-02 4.578095674514770508e-02 6.393514573574066162e-03 1.744790934026241302e-02 9.968863800168037415e-03 3.688171133399009705e-02 1.123403664678335190e-02 3.182446211576461792e-02 6.159351393580436707e-02 4.724197462201118469e-02 4.236589185893535614e-03 1.331006269901990891e-02 2.896172925829887390e-02 4.033100605010986328e-02 4.242031276226043701e-02 8.606998622417449951e-02 7.554262131452560425e-02 1.445303205400705338e-04 2.651097811758518219e-02 6.252487748861312866e-02 4.127163905650377274e-03 4.890071600675582886e-02 3.060892969369888306e-02 3.906973451375961304e-02 3.403869271278381348e-02 4.813115671277046204e-02 2.926093759015202522e-03 5.194261670112609863e-02 4.038619622588157654e-02 1.621593348681926727e-02 2.241170778870582581e-02 2.154389629140496254e-03 3.866820037364959717e-02 4.581551626324653625e-02 2.287513017654418945e-02 7.106217555701732635e-03 3.263115137815475464e-02 4.445175826549530029e-02 4.093976691365242004e-02 1.416447199881076813e-02 1.308229099959135056e-02 2.814390324056148529e-02 1.818711496889591217e-02 3.994936123490333557e-02 8.177268318831920624e-03 5.149566754698753357e-02 3.888435289263725281e-02 2.272906154394149780e-02 4.649666324257850647e-02 1.292131543159484863e-01 3.577870503067970276e-02 1.953500658273696899e-01 8.544239215552806854e-03 4.817569255828857422e-02 2.936434000730514526e-02 2.487756684422492981e-02 3.089467063546180725e-03 8.753292262554168701e-03 8.683074847795069218e-04 1.693789958953857422e-01 1.588786542415618896e-01 2.854598313570022583e-02 1.209294609725475311e-02 3.555140644311904907e-02 1.059621293097734451e-02 4.336886852979660034e-02 1.754539273679256439e-02 6.651391275227069855e-03 3.201093897223472595e-02 4.233316704630851746e-02 5.233000963926315308e-02 2.831108681857585907e-02 4.474089667201042175e-02 9.569529443979263306e-03 1.925209164619445801e-02 4.070134833455085754e-02 1.178205199539661407e-02 3.510465100407600403e-02 2.939057536423206329e-02 2.124655805528163910e-02 4.993461817502975464e-02 9.268306195735931396e-02 1.154256798326969147e-02 5.976554378867149353e-02 4.141406342387199402e-02 2.764612063765525818e-02 2.938684821128845215e-02 1.210793037898838520e-03 3.095487132668495178e-03 7.115910761058330536e-03 4.083117097616195679e-02 2.089055627584457397e-02 3.933302685618400574e-02
1.417460590600967407e-01 1.072019413113594055e-01 5.098931025713682175e-03 3.962653502821922302e-02 3.415873972699046135e-03 1.651998162269592285e-01 2.521098554134368896e-01 4.893841594457626343e-02 5.331185087561607361e-02 2.104951813817024231e-02 9.433241933584213257e-02 7.121310383081436157e-02 1.650904305279254913e-02 5.586478486657142639e-02 1.321782264858484268e-02 6.965491175651550293e-02 5.942403152585029602e-02 1.181929465383291245e-02 2.742337435483932495e-02 2.378265000879764557e-02 4.154115542769432068e-02 9.372276812791824341e-02 5.041134729981422424e-02 3.987655416131019592e-02 2.403631107881665230e-03 3.748096525669097900e-02 2.647969685494899750e-02 1.510584168136119843e-02 2.224831283092498779e-02 1.455199811607599258e-02 4.740095883607864380e-02 1.072584491339512169e-04 3.099847771227359772e-02 9.579058736562728882e-03 2.566032484173774719e-02 1.667681336402893066e-02 1.220636628568172455e-02 1.253172904253005981e-01 1.647872035391628742e-03 3.256860375404357910e-02 6.167240440845489502e-02 7.905086502432823181e-03 2.023637853562831879e-02 9.437906742095947266e-02 3.959474340081214905e-02 4.611026868224143982e-02 1.888289302587509155e-01 8.246879279613494873e-02 3.718940168619155884e-02 1.806493848562240601e-02 2.354888617992401123e-02 5.136228352785110474e-02 1.487027388066053391e-02 2.338857203722000122e-02 4.291022196412086487e-02 2.807513810694217682e-02 2.253990806639194489e-02 1.592146791517734528e-02 3.521325066685676575e-03 2.901088912039995193e-03 3.714044764637947083e-02 5.816205218434333801e-02 5.651587992906570435e-02 4.358981549739837646e-02 6.234564259648323059e-02 7.472176849842071533e-02 4.671784862875938416e-02 3.247978538274765015e-02 2.994277747347950935e-03 5.586142186075448990e-03 1.725916564464569092e-02 5.464475601911544800e-02 4.133962467312812805e-02 1.984120346605777740e-02 6.171896681189537048e-02 3.306636959314346313e-02 4.114800319075584412e-02 1.948017068207263947e-02 1.253877673298120499e-02 4.042714834213256836e-02 1.884866133332252502e-02 1.345882471650838852e-02 3.097426518797874451e-02 4.251119121909141541e-02 4.378953948616981506e-02 1.786863245069980621e-02 2.908963151276111603e-02 9.023264050483703613e-03 6.311926990747451782e-02 9.992646053433418274e-03 6.468268483877182007e-02 8.466970920562744141e-02 2.628182992339134216e-02 6.481868028640747070e-02 4.213584121316671371e-03 6.097714230418205261e-02 1.955260150134563446e-02 1.045553311705589294e-01 5.879830941557884216e-02 2.241293154656887054e-02 1.328499615192413330e-02 2.390439994633197784e-02 4.005795344710350037e-02 7.236231863498687744e-02 8.259790390729904175e-02 1.989374496042728424e-02 1.668963767588138580e-02 3.168294578790664673e-02 3.087566234171390533e-02 5.170531570911407471e-02 3.623679652810096741e-02 1.636763475835323334e-02 4.328245762735605240e-03 1.061901263892650604e-02 8.067549206316471100e-03 5.530954152345657349e-02
1.224896833300590515e-01 9.294442832469940186e-02 7.048042118549346924e-02 9.475133381783962250e-03 2.630237303674221039e-02 2.521098554134368896e-01 2.006379514932632446e-01 1.684795017354190350e-03 3.515856340527534485e-02 3.364614397287368774e-02 8.356600254774093628e-02 5.666220560669898987e-02 4.313435032963752747e-02 3.420057520270347595e-02 5.338132381439208984e-02 7.093974202871322632e-02 6.948144733905792236e-02 4.042042419314384460e-02 2.195879444479942322e-02 3.941983357071876526e-02 4.426709562540054321e-02 4.467019438743591309e-02 5.292060226202011108e-02 3.197577223181724548e-02 3.514623735100030899e-03 2.318285219371318817e-02 2.616516500711441040e-02 6.703735329210758209e-03 5.195030942559242249e-02 7.907826453447341919e-03 4.011865332722663879e-02 6.602218840271234512e-03 8.251309394836425781e-03 5.216213408857584000e-03 2.293129079043865204e-02 6.457106210291385651e-03 3.543026372790336609e-02 1.877645589411258698e-02 3.035630658268928528e-02 2.558467723429203033e-02 3.991734236478805542e-02 8.225486613810062408e-03 2.166440337896347046e-02 4.816004540771245956e-03 4.690533876419067383e-02 1.851573213934898376e-02 1.250436305999755859e-01 2.100905328989028931e-01 1.451320759952068329e-02 5.617309734225273132e-02 7.530133426189422607e-02 7.675762288272380829e-03 2.224003709852695465e-02 1.474342867732048035e-02 3.296427056193351746e-02 4.516799375414848328e-02 3.111736290156841278e-02 4.457804560661315918e-02 4.711624234914779663e-02 1.520029455423355103e-02 8.962641470134258270e-03 2.754572313278913498e-03 4.248901829123497009e-02 1.628131605684757233e-02 3.966956585645675659e-02 1.381931640207767487e-02 3.058479912579059601e-02 1.554978452622890472e-02 5.085498467087745667e-02 3.918188437819480896e-02 1.193441823124885559e-02 3.028111904859542847e-02 4.817225039005279541e-02 3.927801549434661865e-02 1.537897996604442596e-02 2.682956308126449585e-02 2.648925408720970154e-02 1.485760789364576340e-02 3.504100441932678223e-02 4.259039461612701416e-02 1.488468889147043228e-02 2.733577415347099304e-02 3.685688972473144531e-02 4.032678157091140747e-02 5.954027920961380005e-02 4.203116521239280701e-02 8.719393052160739899e-03 2.613514848053455353e-02 3.249647095799446106e-02 5.714820697903633118e-02 4.291279241442680359e-02 1.067888140678405762e-01 9.741639345884323120e-02 2.107146382331848145e-02 1.267880108207464218e-02 2.668773010373115540e-02 6.608002632856369019e-02 2.439995296299457550e-02 1.740243658423423767e-02 1.850719377398490906e-02 3.253788873553276062e-02 4.584642499685287476e-02 6.649298965930938721e-02 1.008586958050727844e-02 7.751120254397392273e-03 2.196334302425384521e-02 1.978382654488086700e-02 4.712513834238052368e-02 1.525767706334590912e-02 4.369973391294479370e-02 9.740969166159629822e-03 2.504740469157695770e-02 6.583672761917114258e-02 2.605325914919376373e-02 3.126635216176509857e-03 1.409283839166164398e-02
1.498926244676113129e-02 5.582223460078239441e-02 8.849397301673889160e-02 3.585417941212654114e-02 3.671266883611679077e-02 4.893841594457626343e-02 1.684795017354190350e-03 8.839772641658782959e-02 1.262664445675909519e-03 1.940932241268455982e-03 2.591499313712120056e-02 7.882054895162582397e-03 7.615225762128829956e-02 1.159255392849445343e-02 2.984555438160896301e-02 3.636665269732475281e-02 2.365929633378982544e-02 1.717719063162803650e-02 1.095274579711258411e-03 4.716997034847736359e-03 2.425298653542995453e-02 2.988737635314464569e-02 3.566528111696243286e-02 8.094303309917449951e-03 2.013469487428665161e-02 4.380554705858230591e-02 2.177286520600318909e-02 3.023640438914299011e-02 1.626988872885704041e-02 4.150226339697837830e-02 3.463122993707656860e-02 1.267109625041484833e-02 3.141700057312846184e-03 2.580496110022068024e-02 2.578550577163696289e-02 2.313326671719551086e-02 4.345678538084030151e-02 4.062855243682861328e-02 1.108424831181764603e-02 1.865434460341930389e-02 6.664939969778060913e-02 2.804617956280708313e-02 5.271341651678085327e-03 3.774388507008552551e-02 3.322344645857810974e-02 3.933998197317123413e-02 4.600817337632179260e-02 1.901128143072128296e-02 2.516417950391769409e-02 4.623623564839363098e-02 2.836127765476703644e-02 2.128435671329498291e-02 1.655152812600135803e-02 3.343781828880310059e-02 2.339552389457821846e-03 3.648668527603149414e-02 1.453263778239488602e-02 8.000143617391586304e-02 1.776287704706192017e-02 3.073657676577568054e-02 1.225201319903135300e-02 2.713955007493495941e-02 4.220611229538917542e-02 2.056455053389072418e-02 2.546393312513828278e-02 3.721636161208152771e-02 1.453071180731058121e-02 2.100516855716705322e-02 3.324506804347038269e-02 9.419683367013931274e-03 1.220641564577817917e-02 1.974735409021377563e-02 3.206500038504600525e-02 4.252776876091957092e-02 2.677905559539794922e-02 3.774540126323699951e-02 5.496701225638389587e-02 1.496271323412656784e-02 5.511571839451789856e-02 5.317571386694908142e-02 1.139576509594917297e-01 7.305938005447387695e-02 2.248059026896953583e-02 5.165319517254829407e-02 3.032051026821136475e-02 3.115683794021606445e-02 6.465671956539154053e-02 5.431741848587989807e-02 6.120292097330093384e-02 6.120152398943901062e-02 1.225934457033872604e-02 9.870647452771663666e-03 1.751629076898097992e-02 1.041379757225513458e-02 3.776469035074114799e-03 5.846288520842790604e-03 2.152008190751075745e-02 3.673096373677253723e-02 1.966744475066661835e-02 7.290371228009462357e-03 2.501153014600276947e-02 7.203174754977226257e-03 5.449322052299976349e-03 4.391080513596534729e-02 3.000142797827720642e-02 2.027605473995208740e-02 1.020132750272750854e-02 6.568312644958496094e-02 1.830334030091762543e-02 3.819169476628303528e-03 6.203348934650421143e-02 6.112183909863233566e-03 1.048536319285631180e-02 2.846807427704334259e-02 5.287139117717742920e-02 7.696487940847873688e-03
1.375457365065813065e-02 6.633527576923370361e-03 1.125152502208948135e-02 5.199645087122917175e-02 4.611313715577125549e-02 5.331185087561607361e-02 3.515856340527534485e-02 1.262664445675909519e-03 1.941858381032943726e-01 1.342827975749969482e-01 1.072213985025882721e-02 3.877222537994384766e-02 4.359849542379379272e-02 8.320500701665878296e-02 8.602765388786792755e-03 3.329801559448242188e-02 1.254428457468748093e-02 1.329836994409561157e-01 1.413849834352731705e-02 2.195269800722599030e-02 5.763972178101539612e-02 1.448424346745014191e-02 4.899829626083374023e-02 3.743562474846839905e-02 1.126778218895196915e-02 4.885827749967575073e-02 4.186590667814016342e-04 5.528119858354330063e-03 1.784869842231273651e-02 3.749231249094009399e-02 2.195021882653236389e-02 2.959807962179183960e-02 3.802186623215675354e-02 2.496268041431903839e-02 3.690694272518157959e-02 7.335062138736248016e-03 2.057098783552646637e-02 2.880261465907096863e-02 5.572643503546714783e-02 2.310543693602085114e-02 7.828617468476295471e-03 9.097956120967864990e-02 4.367368295788764954e-02 7.562769204378128052e-02 5.381682515144348145e-02 2.582549117505550385e-02 8.358708769083023071e-02 3.819734975695610046e-02 2.269947528839111328e-02 6.459723692387342453e-03 1.472238171845674515e-02 2.090507000684738159e-02 1.169620454311370850e-02 3.042299672961235046e-02 9.760355204343795776e-02 6.351231038570404053e-02 4.805396497249603271e-02 3.921177983283996582e-02 3.926612064242362976e-02 7.637411821633577347e-03 2.859952161088585854e-03 5.332732945680618286e-02 2.890826761722564697e-02 1.550886128097772598e-02 4.435485973954200745e-02 4.911189526319503784e-02 2.727058902382850647e-02 1.474575418978929520e-02 6.028283387422561646e-02 9.882822632789611816e-03 2.254937775433063507e-02 7.153428345918655396e-02 1.205233391374349594e-02 1.646352373063564301e-02 3.757672011852264404e-02 3.648802638053894043e-02 1.605757921934127808e-01 1.153293102979660034e-01 1.564630419015884399e-01 6.512751430273056030e-02 3.837084630504250526e-03 1.548935566097497940e-02 1.287782788276672363e-01 8.941791206598281860e-02 1.835864596068859100e-02 6.697686389088630676e-03 1.391034759581089020e-02 4.528326168656349182e-02 4.479624330997467041e-02 7.377659901976585388e-03 2.795317396521568298e-02 1.128164492547512054e-02 3.558863699436187744e-02 1.898689195513725281e-02 2.827814593911170959e-02 4.025449603796005249e-02 2.067608572542667389e-02 5.801612138748168945e-02 6.172480434179306030e-02 6.660949438810348511e-02 2.853076905012130737e-02 2.165155857801437378e-02 3.729386627674102783e-02 2.325616776943206787e-02 2.971844933927059174e-02 7.355429697781801224e-04 2.132671140134334564e-02 3.233015164732933044e-02 4.622813314199447632e-02 3.475167090073227882e-03 2.613790100440382957e-03 7.040683925151824951e-02 3.451763093471527100e-02 1.406063698232173920e-02 3.281261771917343140e-02 2.253532223403453827e-02
5.011433269828557968e-03 1.954494602978229523e-02 4.686252400279045105e-02 4.683257266879081726e-02 4.276647418737411499e-02 2.104951813817024231e-02 3.364614397287368774e-02 1.940932241268455982e-03 1.342827975749969482e-01 1.899328082799911499e-01 2.266814745962619781e-02 7.547594606876373291e-02 1.245263032615184784e-02 6.313266605138778687e-02 3.127091750502586365e-02 6.888915598392486572e-02 2.167135477066040039e-02 1.227661967277526855e-01 7.003762573003768921e-02 4.746139049530029297e-02 4.837199579924345016e-03 3.116816096007823944e-02 2.541413530707359314e-03 7.103480398654937744e-02 4.683925956487655640e-02 3.639533370733261108e-02 1.407931093126535416e-02 5.866406112909317017e-02 3.729559108614921570e-02 8.689379319548606873e-03 3.697012737393379211e-02 1.638633757829666138e-02 5.114729702472686768e-02 6.694641709327697754e-02 1.501663587987422943e-02 9.062254801392555237e-03 6.870876252651214600e-02 1.408463995903730392e-02 8.081015944480895996e-02 3.485712409019470215e-02 3.637588396668434143e-02 2.814474748447537422e-03 6.796865910291671753e-02 4.140972346067428589e-02 4.673922806978225708e-02 9.779737889766693115e-02 1.967213116586208344e-02 2.249936014413833618e-02 1.505585014820098877e-02 6.336960196495056152e-02 4.821255058050155640e-02 3.864752873778343201e-02 2.846979722380638123e-02 1.815827377140522003e-02 4.884146526455879211e-02 5.014238134026527405e-02 3.239826112985610962e-02 3.421575203537940979e-02 1.645150035619735718e-02 1.680177263915538788e-02 3.962019458413124084e-02 1.825530081987380981e-02 1.544315088540315628e-02 3.845884650945663452e-02 8.327467367053031921e-03 1.608985662460327148e-02 4.260462883394211531e-04 5.244542285799980164e-02 4.249103367328643799e-02 4.482231661677360535e-02 5.680738482624292374e-03 4.991254583001136780e-02 3.758144006133079529e-02 5.346499755978584290e-02 7.273484021425247192e-02 7.271125912666320801e-03 6.388128548860549927e-02 1.869093179702758789e-01 1.516372710466384888e-01 1.511034667491912842e-01 5.336485058069229126e-02 3.353820368647575378e-02 9.321282804012298584e-02 1.519279479980468750e-01 9.509494993835687637e-04 7.056070957332849503e-03 3.098478168249130249e-02 2.671402506530284882e-02 3.509236872196197510e-02 2.944125048816204071e-02 3.758135810494422913e-02 6.320360302925109863e-02 5.083170160651206970e-02 5.859338864684104919e-02 4.656176269054412842e-02 6.834793835878372192e-02 6.518574804067611694e-02 1.695746439509093761e-03 1.834747567772865295e-02 2.952226065099239349e-02 1.043135859072208405e-02 5.648304149508476257e-02 2.905323728919029236e-02 5.849723704159259796e-03 1.810402609407901764e-02 3.812820464372634888e-02 1.221162639558315277e-02 5.069756135344505310e-02 7.470133155584335327e-02 2.640246227383613586e-02 4.642031714320182800e-02 1.944010891020298004e-02 1.433986146003007889e-02 2.460732683539390564e-02 4.587563127279281616e-02 3.898539580404758453e-03
2.028055787086486816e-01 1.203214451670646667e-01 5.652444064617156982e-02 4.561717435717582703e-02 3.344712778925895691e-02 9.433241933584213257e-02 8.356600254774093628e-02 2.591499313712120056e-02 1.072213985025882721e-02 2.266814745962619781e-02 2.228265702724456787e-01 5.223156511783599854e-02 1.332401186227798462e-01 6.586384773254394531e-02 3.266268223524093628e-02 1.157886465080082417e-03 3.042610595002770424e-03 1.524056866765022278e-02 8.041033148765563965e-02 2.934732660651206970e-02 5.498834699392318726e-02 6.081726774573326111e-02 2.566945180296897888e-02 3.113250248134136200e-02 5.878798663616180420e-02 2.111998572945594788e-02 2.283263206481933594e-02 2.894309535622596741e-02 7.936712354421615601e-02 4.779963940382003784e-02 6.590321660041809082e-02 4.802367091178894043e-02 3.162398561835289001e-02 2.881554700434207916e-02 3.222952410578727722e-02 4.246975108981132507e-02 9.557596407830715179e-03 9.140728041529655457e-03 3.686611354351043701e-02 1.732931099832057953e-02 3.506716713309288025e-02 6.049728021025657654e-02 7.275173906236886978e-03 1.111542247235774994e-02 1.696729473769664764e-02 4.128230735659599304e-02 1.161051169037818909e-01 1.181663423776626587e-01 2.112752757966518402e-02 3.535570576786994934e-02 4.066482931375503540e-02 2.614291384816169739e-02 1.885404624044895172e-02 1.147680915892124176e-02 1.329672802239656448e-02 2.072486095130443573e-02 4.378338810056447983e-03 1.729400642216205597e-02 4.629312828183174133e-02 4.342587292194366455e-02 1.263127755373716354e-02 2.370730275288224220e-03 2.146712876856327057e-02 2.685284940525889397e-03 1.235675141215324402e-01 5.195922777056694031e-02 1.474678050726652145e-02 4.479869827628135681e-02 5.244358256459236145e-02 2.204216644167900085e-02 1.043351925909519196e-02 4.366655275225639343e-02 3.943814709782600403e-02 1.328299380838871002e-02 2.618046943098306656e-03 2.071091905236244202e-02 5.269224196672439575e-02 8.379502221941947937e-03 8.596934378147125244e-02 2.473535574972629547e-02 2.357883565127849579e-02 1.668756641447544098e-02 1.538772019557654858e-03 1.911511085927486420e-02 2.396580018103122711e-02 3.531252965331077576e-02 6.045885384082794189e-02 5.572946276515722275e-03 9.048841893672943115e-03 8.569514006376266479e-02 8.151293545961380005e-02 1.192853078246116638e-01 2.215318754315376282e-02 4.466663300991058350e-02 2.182322926819324493e-02 3.406587988138198853e-02 2.461603283882141113e-02 3.527485579252243042e-02 2.205817028880119324e-02 3.242953866720199585e-02 7.873869501054286957e-03 3.910791594535112381e-03 7.180556654930114746e-02 1.259937509894371033e-02 4.924174398183822632e-02 3.623432293534278870e-02 5.837268754839897156e-02 9.569638408720493317e-03 2.373197674751281738e-02 1.875255256891250610e-02 4.364103451371192932e-02 5.449808202683925629e-03 3.225097432732582092e-02 5.937005579471588135e-02 2.801177464425563812e-02 4.342361539602279663e-02
2.831930667161941528e-02 3.807133063673973083e-02 5.288327485322952271e-02 3.484080359339714050e-02 7.635230571031570435e-02 7.121310383081436157e-02 5.666220560669898987e-02 7.882054895162582397e-03 3.877222537994384766e-02 7.547594606876373291e-02 5.223156511783599854e-02 1.495725661516189575e-01 1.175770815461874008e-02 1.813606321811676025e-01 3.836678713560104370e-02 7.222442328929901123e-02 5.930526182055473328e-02 4.194476455450057983e-02 4.277285188436508179e-02 3.658551722764968872e-03 3.282342851161956787e-02 3.980287350714206696e-03 8.855106681585311890e-02 6.219867244362831116e-02 3.362005949020385742e-02 3.378861583769321442e-03 4.146303981542587280e-02 1.461761295795440674e-01 3.378710476681590080e-03 9.984877705574035645e-02 8.468701504170894623e-03 1.548365224152803421e-02 4.937462136149406433e-02 3.258386626839637756e-02 2.999332174658775330e-02 3.290104120969772339e-02 2.161371521651744843e-02 3.726931288838386536e-02 2.542412839829921722e-02 2.464472129940986633e-02 3.606561198830604553e-02 1.402625255286693573e-02 1.225958112627267838e-02 8.766186423599720001e-03 8.313234150409698486e-02 1.560082193464040756e-02 6.168794631958007812e-02 1.842383481562137604e-02 2.993418136611580849e-03 2.643523551523685455e-02 4.528246819972991943e-02 5.708931013941764832e-02 2.110736258327960968e-02 4.219262674450874329e-02 4.685146734118461609e-02 5.792895331978797913e-02 2.470061648637056351e-03 2.484020404517650604e-02 5.480210110545158386e-02 1.956811919808387756e-02 1.593611203134059906e-02 6.170197948813438416e-02 1.438960339874029160e-02 1.878483779728412628e-02 3.071518987417221069e-02 8.487721905112266541e-03 2.481779828667640686e-02 3.880377858877182007e-02 4.565289244055747986e-02 2.433686703443527222e-02 5.146915838122367859e-02 5.737474653869867325e-03 5.225311219692230225e-02 1.632536202669143677e-02 5.902880430221557617e-02 4.605247825384140015e-02 9.383721649646759033e-02 4.359246231615543365e-03 5.337467789649963379e-02 3.353522391989827156e-03 3.275366872549057007e-02 2.549573220312595367e-02 7.038222253322601318e-02 5.050365254282951355e-02 2.270263805985450745e-02 1.442781649529933929e-02 3.221343830227851868e-02 1.349122636020183563e-02 6.157747283577919006e-02 1.079379320144653320e-01 1.440882124006748199e-02 2.819469571113586426e-02 7.029798626899719238e-02 7.055461872369050980e-03 1.336100511252880096e-02 1.263120491057634354e-02 4.450602456927299500e-03 1.546272309496998787e-03 2.162929065525531769e-02 2.200181037187576294e-02 1.279916707426309586e-02 3.602769691497087479e-03 4.400100558996200562e-03 1.737633347511291504e-02 1.428985409438610077e-02 1.312030758708715439e-02 2.929329685866832733e-02 3.319335356354713440e-02 4.738077521324157715e-02 2.313249558210372925e-02 4.580192640423774719e-02 5.798840895295143127e-02 3.297216445207595825e-02 5.858663003891706467e-03 4.103285074234008789e-02 4.863055795431137085e-02
1.400023400783538818e-01 1.206314116716384888e-01 5.774338543415069580e-02 2.893454022705554962e-02 1.037882547825574875e-02 1.650904305279254913e-02 4.313435032963752747e-02 7.615225762128829956e-02 4.359849542379379272e-02 1.245263032615184784e-02 1.332401186227798462e-01 1.175770815461874008e-02 1.918003559112548828e-01 3.662004694342613220e-02 5.283012986183166504e-02 5.641799420118331909e-03 1.623565331101417542e-02 5.692802369594573975e-03 7.238614489324390888e-04 6.078348960727453232e-03 4.195354133844375610e-02 6.472999602556228638e-02 2.048491267487406731e-03 4.774217959493398666e-03 3.578972816467285156e-02 3.863195702433586121e-02 5.279630422592163086e-02 1.298972312361001968e-02 2.462443336844444275e-02 4.337644949555397034e-02 4.753471910953521729e-02 2.409880049526691437e-02 2.830347232520580292e-02 1.838039793074131012e-02 9.131975471973419189e-03 3.067441657185554504e-02 2.510407194495201111e-02 2.179886400699615479e-02 2.584116533398628235e-02 1.069987658411264420e-02 2.411799505352973938e-02 1.129759475588798523e-02 1.683592051267623901e-02 3.746427968144416809e-02 4.423684999346733093e-02 2.989828120917081833e-03 8.807743340730667114e-02 6.780502200126647949e-02 1.570870168507099152e-02 4.296757280826568604e-03 1.072217151522636414e-02 1.102450583130121231e-02 3.539106622338294983e-02 1.345715392380952835e-02 1.173121202737092972e-02 4.609760828316211700e-03 2.701924927532672882e-02 2.279703505337238312e-02 3.431537747383117676e-02 2.006868133321404457e-03 4.402522929012775421e-03 2.087663672864437103e-02 1.215835381299257278e-02 4.646946862339973450e-02 4.568112641572952271e-02 6.106378138065338135e-02 2.325266599655151367e-02 1.423361059278249741e-02 1.300964388065040112e-03 1.810140558518469334e-03 5.843027494847774506e-03 9.248557500541210175e-03 1.649125479161739349e-03 1.046365685760974884e-02 6.489156745374202728e-03 1.894333213567733765e-02 1.133165787905454636e-02 2.259679883718490601e-02 5.351603403687477112e-02 5.308925732970237732e-02 3.290515020489692688e-02 4.950224980711936951e-02 1.086971070617437363e-02 9.503101930022239685e-03 3.900326788425445557e-02 2.617320790886878967e-02 4.316787794232368469e-02 4.015806689858436584e-02 5.103675648570060730e-03 4.613698273897171021e-02 9.508888423442840576e-02 5.829153954982757568e-02 5.627505946904420853e-03 4.220798611640930176e-02 1.009690109640359879e-02 3.332864027470350266e-03 5.951716750860214233e-02 1.388184353709220886e-02 6.533367559313774109e-04 4.365556407719850540e-03 3.734340891242027283e-02 1.329328864812850952e-02 7.897588610649108887e-02 2.009589597582817078e-02 3.044759295880794525e-02 6.064852699637413025e-03 4.248806089162826538e-02 1.772657036781311035e-02 2.113407850265502930e-02 4.999198392033576965e-02 5.519843474030494690e-02 2.233794331550598145e-02 1.729120872914791107e-02 2.988255955278873444e-02 4.271924961358308792e-03 7.799553871154785156e-02
