1.200516894459724426e-01 2.647999525070190430e-01 2.630761638283729553e-02 2.439316548407077789e-02 1.178740244358778000e-02 1.091583594679832458e-01 8.234826475381851196e-02 2.480654977262020111e-02 1.257422287017107010e-02 7.204301655292510986e-03 1.618609875440597534e-01 2.383623085916042328e-02 1.848235428333282471e-01 4.431834071874618530e-02 2.538040839135646820e-02 3.055563569068908691e-02 1.985226524993777275e-03 2.335877716541290283e-02 5.659488961100578308e-02 1.129768788814544678e-02 1.759210042655467987e-02 2.272563986480236053e-02 2.598861232399940491e-02 1.968261040747165680e-02 1.361608598381280899e-02 1.640455238521099091e-02 2.401906810700893402e-02 2.800426632165908813e-02 3.622552007436752319e-02 4.073562845587730408e-02 3.640310466289520264e-02 3.932249266654253006e-03 1.884960569441318512e-02 3.195537626743316650e-02 3.101913072168827057e-02 1.078350469470024109e-02 1.880243793129920959e-02 1.177938748151063919e-02 3.411534056067466736e-02 1.039472501724958420e-02 4.647507146000862122e-02 1.453798264265060425e-02 4.784671962261199951e-02 2.013047225773334503e-02 4.396713525056838989e-02 3.668351471424102783e-02 1.100924890488386154e-02 4.504548385739326477e-02 1.656762324273586273e-02 1.447951421141624451e-02 1.032310910522937775e-02 1.922775432467460632e-02 8.499042689800262451e-02 6.062839180231094360e-02 1.909724809229373932e-02 3.063785698032006621e-05 2.689511701464653015e-02 5.279649794101715088e-02 2.752464637160301208e-02 4.817199334502220154e-02 4.949191957712173462e-02 5.058421194553375244e-02 3.966930881142616272e-02 2.941295318305492401e-02 1.561694871634244919e-02 4.599332809448242188e-02 8.672670461237430573e-03 9.699485264718532562e-03 4.356498247943818569e-04 5.205954611301422119e-02 1.281300839036703110e-02 3.261970414314419031e-04 2.713666111230850220e-02 3.648468106985092163e-02 6.793013960123062134e-02 7.212747819721698761e-03 1.850520027801394463e-03 2.529532276093959808e-02 3.562250360846519470e-02 1.470525562763214111e-02 1.717603206634521484e-02 9.513989090919494629e-02 2.628186903893947601e-02 5.369640886783599854e-02 3.009446896612644196e-02 8.290409110486507416e-03 3.545311978086829185e-03 3.854731470346450806e-02 1.679983735084533691e-02 1.267955265939235687e-02 1.229774765670299530e-02 5.874204635620117188e-02 5.210138484835624695e-02 4.540201649069786072e-02 3.297456353902816772e-02 4.590924084186553955e-02 5.394072737544775009e-03 3.716579824686050415e-02 1.148784533143043518e-02 8.096112869679927826e-03 1.453174371272325516e-02 2.714363299310207367e-02 1.477403379976749420e-02 4.445807635784149170e-02 1.346769090741872787e-02 2.166974917054176331e-02 5.637557245790958405e-03 1.575276814401149750e-02 7.523986510932445526e-03 4.067351669073104858e-02 3.390100225806236267e-02 3.029640577733516693e-02 8.167205005884170532e-02 7.970520108938217163e-02 6.249765306711196899e-02 3.431647643446922302e-02
2.647999525070190430e-01 1.288255602121353149e-01 2.087081782519817352e-02 4.615860059857368469e-02 3.496171534061431885e-02 1.091683283448219299e-01 1.113689914345741272e-01 5.645725876092910767e-02 1.054208725690841675e-02 5.627169739454984665e-03 1.750749647617340088e-01 1.243064180016517639e-02 2.143071442842483521e-01 4.554797708988189697e-02 1.541797164827585220e-02 2.834103442728519440e-02 1.665977388620376587e-02 5.601122975349426270e-02 9.122673422098159790e-02 2.479842677712440491e-02 2.119114855304360390e-03 2.036011405289173126e-02 3.460756689310073853e-02 7.597188930958509445e-03 1.379890181124210358e-02 1.316762063652276993e-02 6.106669083237648010e-03 2.190656214952468872e-02 2.220568619668483734e-02 4.618753492832183838e-02 3.947813808917999268e-02 1.792012597434222698e-03 5.150707904249429703e-03 2.855580486357212067e-02 1.619536429643630981e-02 1.166819408535957336e-02 1.025317888706922531e-02 2.555522136390209198e-02 4.584299027919769287e-02 1.477702055126428604e-02 1.692862622439861298e-02 2.095917239785194397e-02 5.688213184475898743e-02 1.904374547302722931e-02 2.813878282904624939e-02 3.406657651066780090e-02 1.965641602873802185e-02 2.860332280397415161e-02 2.420646697282791138e-02 1.012109033763408661e-02 6.394279189407825470e-03 1.602494157850742340e-02 8.096400648355484009e-02 7.633689045906066895e-02 2.634778060019016266e-02 1.324128638952970505e-02 3.723918460309505463e-03 4.681104794144630432e-02 9.714384563267230988e-03 3.499234840273857117e-02 2.385569922626018524e-02 3.488374873995780945e-03 9.272858500480651855e-03 5.350145325064659119e-02 1.601997204124927521e-02 5.195586383342742920e-02 2.886466309428215027e-02 7.766407448798418045e-03 4.103097319602966309e-02 4.654002189636230469e-02 3.032747097313404083e-02 1.012167986482381821e-02 6.217173486948013306e-02 3.531631082296371460e-02 4.644353687763214111e-02 2.256900817155838013e-02 3.317235782742500305e-02 2.819925732910633087e-02 3.128091618418693542e-02 1.585179939866065979e-02 4.433863610029220581e-02 8.940800279378890991e-02 8.161933161318302155e-03 8.755049854516983032e-02 3.320682793855667114e-02 1.291119586676359177e-02 1.464639417827129364e-02 5.118346214294433594e-02 3.290076926350593567e-02 1.186768058687448502e-03 8.764402940869331360e-03 4.035877063870429993e-02 5.179345607757568359e-02 5.639542266726493835e-02 1.270107831805944443e-02 4.174994304776191711e-02 2.782239764928817749e-02 1.676719449460506439e-02 1.411637291312217712e-02 2.153056487441062927e-02 8.063503541052341461e-03 2.365431748330593109e-02 3.312997985631227493e-03 7.126437965780496597e-03 1.757529564201831818e-02 1.917353086173534393e-02 5.297667346894741058e-03 7.456769701093435287e-03 3.279723972082138062e-02 1.552496012300252914e-02 1.523576956242322922e-02 1.658553257584571838e-02 8.086942136287689209e-02 7.786425203084945679e-02 5.476105958223342896e-02 1.682537235319614410e-02
2.630761638283729553e-02 2.087081782519817352e-02 2.370654605329036713e-02 2.957154065370559692e-02 2.534897997975349426e-02 2.799574844539165497e-02 8.151886984705924988e-03 9.150952100753784180e-02 5.903995479457080364e-04 4.799432121217250824e-03 6.416553258895874023e-02 1.332271471619606018e-02 2.213609218597412109e-02 1.505843643099069595e-02 2.249251119792461395e-02 5.056245252490043640e-02 5.657491832971572876e-02 4.074798896908760071e-02 4.916815832257270813e-02 3.627134859561920166e-02 1.298803463578224182e-02 4.139861464500427246e-02 2.931683696806430817e-02 3.928018733859062195e-02 4.613266885280609131e-02 5.052004009485244751e-02 1.182302832603454590e-02 1.521560363471508026e-02 2.739043720066547394e-02 4.994170367717742920e-02 2.439306583255529404e-03 4.505171626806259155e-02 2.653554640710353851e-02 7.327073719352483749e-03 1.430841046385467052e-03 9.295781143009662628e-03 4.381966963410377502e-02 1.983853057026863098e-02 5.594275146722793579e-02 2.794449403882026672e-02 7.073606550693511963e-02 1.473328750580549240e-02 3.415644168853759766e-02 4.725457727909088135e-02 1.261817105114459991e-02 6.781729869544506073e-03 2.321192622184753418e-02 7.555311173200607300e-02 8.714430034160614014e-03 3.470405703410506248e-03 1.424194592982530594e-02 2.652749605476856232e-02 2.283332683145999908e-02 9.042065590620040894e-02 3.290069103240966797e-02 4.807829484343528748e-02 4.179690778255462646e-02 1.447620615363121033e-02 1.451655104756355286e-02 9.378489106893539429e-02 2.499175444245338440e-02 1.126135978847742081e-02 1.974179968237876892e-02 7.448164746165275574e-03 2.461079694330692291e-02 2.530339919030666351e-02 2.352754585444927216e-02 5.445320857688784599e-04 5.408540833741426468e-03 1.895797625184059143e-02 5.133723467588424683e-02 2.361184544861316681e-02 1.101099886000156403e-03 4.160648584365844727e-02 1.660692319273948669e-02 1.500706840306520462e-02 5.466134287416934967e-03 5.831320583820343018e-02 4.718402028083801270e-02 2.304828912019729614e-02 1.919064968824386597e-01 1.443130075931549072e-01 3.015553951263427734e-02 6.185857206583023071e-02 1.354876998811960220e-02 2.595567703247070312e-02 3.233550861477851868e-02 1.514423545449972153e-02 8.167421445250511169e-03 1.132648345082998276e-02 5.984061211347579956e-02 2.865113876760005951e-02 2.735668048262596130e-02 3.700942918658256531e-02 3.219930827617645264e-02 2.683997154235839844e-02 2.656857110559940338e-02 2.421588823199272156e-02 5.447797477245330811e-02 4.001240804791450500e-02 5.686536058783531189e-02 1.797862164676189423e-02 9.285571984946727753e-03 1.371126435697078705e-02 1.835625246167182922e-02 3.639331832528114319e-02 1.604090444743633270e-02 8.770313113927841187e-02 1.707850769162178040e-02 5.954265967011451721e-02 4.556529968976974487e-02 3.380866348743438721e-02 1.262543629854917526e-02 2.983546443283557892e-02 4.150588065385818481e-02 2.588637173175811768e-02
2.439316548407077789e-02 4.615860059857368469e-02 2.957154065370559692e-02 1.139038577675819397e-01 1.824910044670104980e-01 1.448446605354547501e-02 1.913321577012538910e-02 7.987353950738906860e-03 1.683795638382434845e-02 2.024705894291400909e-02 5.790238082408905029e-02 1.656604558229446411e-02 5.269160494208335876e-02 1.532068103551864624e-02 5.338824912905693054e-02 5.272750556468963623e-02 2.063275314867496490e-02 4.039129242300987244e-02 1.268313382752239704e-03 3.284853696823120117e-02 4.160892590880393982e-02 5.373993888497352600e-02 2.364078536629676819e-02 6.612470000982284546e-02 2.074626274406909943e-02 2.160430699586868286e-02 1.628172211349010468e-02 2.840763144195079803e-02 3.434766083955764771e-02 1.901431195437908173e-02 4.029409028589725494e-03 2.537718741223216057e-03 1.087370608001947403e-02 6.155657581984996796e-03 1.108719501644372940e-02 3.763578087091445923e-02 1.923635229468345642e-02 1.770923845469951630e-03 1.019277349114418030e-01 1.087115481495857239e-01 1.156155019998550415e-02 1.114950422197580338e-02 2.522755041718482971e-02 5.322861671447753906e-02 1.518688071519136429e-02 4.510981496423482895e-03 3.095014207065105438e-02 2.337727695703506470e-02 2.618012577295303345e-02 5.531574413180351257e-02 5.957086011767387390e-02 2.479437366127967834e-02 3.653954714536666870e-02 5.794024094939231873e-03 3.584022074937820435e-02 5.379615724086761475e-02 4.632296413183212280e-02 3.425712138414382935e-02 3.488141298294067383e-02 1.242018770426511765e-02 5.536342784762382507e-02 4.397321119904518127e-02 5.942314863204956055e-02 6.256550550460815430e-02 1.448514778167009354e-02 9.217143524438142776e-04 2.211492881178855896e-02 2.010492607951164246e-02 1.631869585253298283e-03 4.743777588009834290e-02 2.698177844285964966e-02 5.527309328317642212e-02 1.186295747756958008e-01 3.675947710871696472e-02 1.329361498355865479e-01 1.546887680888175964e-02 6.033657863736152649e-02 6.402666121721267700e-02 4.569403082132339478e-02 5.743156373500823975e-02 4.095339681953191757e-03 2.692897059023380280e-02 7.715248316526412964e-02 7.261662185192108154e-02 4.689183086156845093e-03 5.721538513898849487e-02 1.908447593450546265e-02 4.952191840857267380e-03 2.895730733871459961e-02 7.277239859104156494e-02 1.333101373165845871e-02 1.678509637713432312e-02 1.655746251344680786e-02 1.410386245697736740e-02 1.631529256701469421e-02 2.222261205315589905e-02 4.725262150168418884e-02 5.043330136686563492e-03 5.498541984707117081e-03 9.466980583965778351e-03 7.102240622043609619e-02 1.833362132310867310e-02 3.409935394302010536e-03 1.065667159855365753e-02 5.846137180924415588e-02 2.299086190760135651e-02 3.256704285740852356e-02 3.596474975347518921e-02 4.228006675839424133e-02 6.998802721500396729e-02 3.178438544273376465e-02 6.130708009004592896e-02 2.111704461276531219e-02 1.669136062264442444e-02 2.527827024459838867e-02 7.598944008350372314e-03
1.178740244358778000e-02 3.496171534061431885e-02 2.534897997975349426e-02 1.824910044670104980e-01 1.023700460791587830e-01 1.682610996067523956e-02 9.145782329142093658e-03 7.924545556306838989e-03 2.508666738867759705e-02 4.441330209374427795e-02 4.586338624358177185e-02 1.028483826667070389e-02 3.691554069519042969e-02 2.061908133327960968e-03 3.447777777910232544e-02 5.480146780610084534e-02 1.137676183134317398e-02 3.107442334294319153e-02 8.874274790287017822e-03 5.193322431296110153e-03 1.693844795227050781e-02 5.175070092082023621e-02 2.281803824007511139e-02 5.641180649399757385e-02 2.995493449270725250e-02 3.982865810394287109e-02 9.177332744002342224e-03 3.646069392561912537e-02 7.552238553762435913e-02 2.657332085072994232e-02 8.910930901765823364e-02 2.074128203094005585e-02 2.146648615598678589e-02 1.853912696242332458e-02 1.769943535327911377e-02 5.454654991626739502e-02 1.567933522164821625e-02 4.424006119370460510e-02 1.083353832364082336e-01 1.267314702272415161e-01 3.541297465562820435e-02 1.709844684228301048e-03 1.958995684981346130e-02 4.863933101296424866e-02 6.920843850821256638e-03 3.315399168059229851e-03 2.882689796388149261e-02 2.734969183802604675e-02 2.628286555409431458e-02 1.799730770289897919e-02 3.686495497822761536e-02 8.590166456997394562e-03 2.065923810005187988e-02 1.560444128699600697e-03 2.955601317808032036e-03 5.068297684192657471e-02 4.442699998617172241e-02 2.271400205790996552e-02 3.720653057098388672e-02 2.983470819890499115e-02 6.012123823165893555e-02 1.073635742068290710e-01 3.307640552520751953e-02 2.082273364067077637e-02 1.115620415657758713e-02 3.088640049099922180e-03 3.569657355546951294e-02 7.173116784542798996e-03 4.180829040706157684e-03 3.014938160777091980e-02 3.480039536952972412e-02 5.699082836508750916e-02 8.623736351728439331e-02 1.470127515494823456e-02 1.099569946527481079e-01 2.344323135912418365e-02 7.342653721570968628e-02 7.108403742313385010e-02 4.865679889917373657e-02 9.040633216500282288e-03 8.757960749790072441e-04 3.306199982762336731e-02 5.610721930861473083e-02 7.968220114707946777e-02 5.415134946815669537e-04 3.203252330422401428e-02 3.413024591282010078e-03 7.923553494038060308e-05 4.040187224745750427e-02 2.739569731056690216e-02 1.463166810572147369e-02 1.934629678726196289e-02 3.715283237397670746e-03 3.175261244177818298e-02 7.082725409418344498e-03 2.718224190175533295e-02 3.221237286925315857e-02 3.242984041571617126e-02 1.095656398683786392e-02 1.619337499141693115e-02 8.138848096132278442e-02 3.934974595904350281e-02 2.038393914699554443e-02 1.238888967782258987e-02 4.582773894071578979e-02 3.951475769281387329e-02 3.249701857566833496e-02 3.781341388821601868e-02 1.191459689289331436e-02 6.438868492841720581e-02 1.911853067576885223e-02 3.206872195005416870e-02 1.666758581995964050e-02 2.493753656744956970e-02 3.446520864963531494e-02 5.903975572437047958e-03
1.091583594679832458e-01 1.091683283448219299e-01 2.799574844539165497e-02 1.448446605354547501e-02 1.682610996067523956e-02 8.168336004018783569e-02 2.629541158676147461e-01 6.979026366025209427e-03 5.267889797687530518e-02 3.126779943704605103e-02 5.536849424242973328e-02 1.102991402149200439e-02 3.724372386932373047e-02 4.770322516560554504e-02 3.702681139111518860e-02 5.419201403856277466e-02 6.296107172966003418e-02 3.195420606061816216e-03 2.826859056949615479e-02 2.930836752057075500e-02 5.780466645956039429e-02 1.188075076788663864e-02 1.412502117455005646e-02 8.596801757812500000e-02 5.716225504875183105e-02 1.141713745892047882e-02 2.092576585710048676e-03 1.514501031488180161e-02 7.327499985694885254e-02 7.407777942717075348e-03 1.202040817588567734e-02 4.758549481630325317e-02 2.004032395780086517e-02 3.779349848628044128e-02 9.469928219914436340e-03 8.042312227189540863e-03 5.254295095801353455e-02 3.709779353812336922e-03 2.314338833093643188e-02 8.502507582306861877e-03 1.127989962697029114e-02 3.034636192023754120e-02 5.295997485518455505e-02 2.266271784901618958e-02 2.912828326225280762e-02 3.881980478763580322e-02 1.647224724292755127e-01 1.274123135954141617e-02 2.208015182986855507e-03 3.342046961188316345e-02 3.343471884727478027e-02 3.172440081834793091e-02 6.074775010347366333e-02 2.855679253116250038e-03 5.385727435350418091e-02 7.128634490072727203e-03 1.581543497741222382e-02 2.221192046999931335e-02 7.784132659435272217e-02 7.622088491916656494e-02 2.808612585067749023e-02 3.640142455697059631e-02 3.884876146912574768e-02 2.776941284537315369e-02 7.405765354633331299e-02 1.076004374772310257e-02 3.023049980401992798e-02 4.179818928241729736e-02 3.704433888196945190e-02 1.371450535953044891e-02 3.695040475577116013e-03 1.598150469362735748e-03 6.456779688596725464e-02 1.138816494494676590e-02 2.691204845905303955e-02 4.640709143131971359e-03 8.715583384037017822e-02 2.733350917696952820e-02 4.269937053322792053e-03 2.621566317975521088e-02 3.232180327177047729e-02 6.809996906667947769e-03 1.004068925976753235e-02 3.524922952055931091e-02 2.889188379049301147e-02 4.391282796859741211e-02 2.019074512645602226e-03 2.978417463600635529e-02 1.446699071675539017e-02 2.786354161798954010e-02 6.564177572727203369e-02 7.754465937614440918e-02 7.306824624538421631e-02 3.624967113137245178e-02 1.598551636561751366e-03 3.316672518849372864e-02 1.193219330161809921e-02 5.528804846107959747e-03 4.190153907984495163e-03 2.908485243096947670e-03 1.049657352268695831e-02 1.669813320040702820e-02 1.228322274982929230e-02 2.514853887259960175e-02 1.298143807798624039e-02 1.006682869046926498e-02 5.216891295276582241e-04 2.933119982481002808e-02 1.316051371395587921e-02 6.946359574794769287e-02 5.757434666156768799e-02 1.553326193243265152e-02 4.298464208841323853e-02 5.494720488786697388e-02 2.035188674926757812e-02 2.415222674608230591e-02
8.234826475381851196e-02 1.113689914345741272e-01 8.151886984705924988e-03 1.913321577012538910e-02 9.145782329142093658e-03 2.629541158676147461e-01 9.640847146511077881e-02 2.862687222659587860e-03 5.470923706889152527e-02 6.942620500922203064e-03 5.513585731387138367e-02 2.715364797040820122e-03 5.270314589142799377e-02 5.764733999967575073e-02 2.107474394142627716e-02 3.606613352894783020e-02 6.269555538892745972e-02 3.906863927841186523e-02 3.725666319951415062e-04 1.182450819760560989e-02 4.066306725144386292e-02 3.376992652192711830e-03 1.828164421021938324e-02 7.443315535783767700e-02 5.957216769456863403e-02 2.936093369498848915e-03 1.003250572830438614e-02 5.242329090833663940e-02 4.561734199523925781e-02 1.779365353286266327e-02 6.481187045574188232e-02 4.542332887649536133e-02 4.948585107922554016e-02 4.504219442605972290e-02 3.892023861408233643e-02 9.780208580195903778e-03 6.870024651288986206e-02 6.701464299112558365e-04 3.997846692800521851e-02 3.052503243088722229e-02 5.641676858067512512e-02 2.824270352721214294e-02 3.679461032152175903e-02 1.117933727800846100e-02 4.993826150894165039e-02 3.763083741068840027e-02 1.747418344020843506e-01 7.112340629100799561e-02 2.683254517614841461e-02 5.902329832315444946e-02 2.238199301064014435e-02 9.932006942108273506e-04 5.515133216977119446e-02 2.923055179417133331e-02 2.010722644627094269e-02 3.712086379528045654e-02 3.983984142541885376e-02 1.845500059425830841e-02 7.319235056638717651e-02 8.596205711364746094e-02 1.893346756696701050e-02 8.394682779908180237e-03 2.032600529491901398e-02 3.554120659828186035e-02 5.477459356188774109e-02 1.546199806034564972e-02 4.037672653794288635e-02 1.952956803143024445e-02 6.052489392459392548e-03 2.476463280618190765e-02 1.695994287729263306e-02 9.842965751886367798e-03 4.227085784077644348e-02 2.384925755904987454e-04 1.753976941108703613e-02 2.960114274173974991e-03 9.456518292427062988e-02 5.158424377441406250e-02 2.238000556826591492e-02 3.104610741138458252e-02 6.805161014199256897e-03 4.931110516190528870e-02 6.276453379541635513e-03 5.386189371347427368e-02 1.428856234997510910e-02 6.054498255252838135e-02 7.844639942049980164e-03 2.535473182797431946e-02 2.968241833150386810e-02 3.001567348837852478e-02 4.561852291226387024e-02 7.454092800617218018e-02 3.513226658105850220e-02 3.938278555870056152e-02 2.745401486754417419e-02 1.643870957195758820e-02 5.166954174637794495e-02 5.324698239564895630e-02 1.669380255043506622e-02 4.945199005305767059e-03 3.968570381402969360e-03 1.186175644397735596e-02 1.177666895091533661e-02 8.026918396353721619e-03 1.070986408740282059e-02 1.916767843067646027e-02 3.776731318794190884e-04 5.176866054534912109e-02 1.415252592414617538e-02 3.858947008848190308e-02 1.537881977856159210e-02 1.780902966856956482e-02 1.952958665788173676e-02 3.193293884396553040e-02 1.603880710899829865e-02 3.366807103157043457e-02
2.480654977262020111e-02 5.645725876092910767e-02 9.150952100753784180e-02 7.987353950738906860e-03 7.924545556306838989e-03 6.979026366025209427e-03 2.862687222659587860e-03 5.793341249227523804e-02 9.491140022873878479e-03 2.707298845052719116e-02 2.160669118165969849e-02 9.129888378083705902e-03 4.676503594964742661e-03 3.101613745093345642e-02 1.189918667078018188e-01 6.188060343265533447e-02 8.692345581948757172e-03 3.097981587052345276e-02 5.817611888051033020e-02 2.682079374790191650e-02 2.151290886104106903e-02 5.007194727659225464e-02 3.565936535596847534e-02 1.787821575999259949e-02 2.989229187369346619e-02 2.502396889030933380e-02 3.595675155520439148e-02 2.217117231339216232e-03 2.138161100447177887e-02 3.542441502213478088e-02 1.180538535118103027e-02 3.264984861016273499e-02 4.211575165390968323e-02 4.095607250928878784e-02 1.229639630764722824e-02 6.162500008940696716e-02 5.078602209687232971e-02 5.609971657395362854e-02 4.026864655315876007e-03 1.718082837760448456e-02 2.917269431054592133e-02 4.167664796113967896e-02 2.468862757086753845e-02 2.283760719001293182e-02 2.758357906714081764e-03 3.384276106953620911e-02 3.316081315279006958e-02 3.838745132088661194e-02 2.304769866168498993e-02 1.118055824190378189e-02 7.130938768386840820e-02 5.956869572401046753e-02 6.237571313977241516e-02 3.644932061433792114e-02 1.542382501065731049e-02 1.526397652924060822e-02 2.104713395237922668e-02 3.711396455764770508e-02 5.151113867759704590e-02 2.042636089026927948e-02 2.154342457652091980e-02 2.388315275311470032e-02 7.274512946605682373e-02 2.312487922608852386e-02 3.066654689610004425e-02 1.529841497540473938e-02 4.416291788220405579e-02 2.479229494929313660e-02 8.409474976360797882e-03 2.197922393679618835e-02 2.604388631880283356e-02 7.964023202657699585e-02 2.324694208800792694e-02 4.072625190019607544e-02 5.843522027134895325e-03 1.406154874712228775e-02 3.389580547809600830e-02 2.239697426557540894e-02 2.595288679003715515e-02 2.520608715713024139e-02 1.804023832082748413e-01 8.270328491926193237e-02 4.932526126503944397e-02 3.559793904423713684e-02 6.665829103440046310e-03 8.268998353742063046e-04 1.150607392191886902e-01 3.502378985285758972e-02 4.968531429767608643e-02 5.031341221183538437e-03 2.920615300536155701e-02 2.094574458897113800e-02 3.445419948548078537e-03 8.932825585361570120e-05 3.651988506317138672e-02 4.280003253370523453e-03 5.649760738015174866e-02 3.799347952008247375e-02 2.193233184516429901e-02 4.530643578618764877e-03 4.981508851051330566e-02 2.517292043194174767e-03 3.401978174224495888e-03 2.806885633617639542e-03 5.040085688233375549e-02 5.782036483287811279e-02 8.424332365393638611e-03 4.362077638506889343e-02 2.598348446190357208e-02 1.764625124633312225e-02 1.675586099736392498e-03 8.173150010406970978e-03 9.452556259930133820e-04 2.181834727525711060e-02 9.106051176786422729e-03 3.667081147432327271e-02
1.257422287017107010e-02 1.054208725690841675e-02 5.903995479457080364e-04 1.683795638382434845e-02 2.508666738867759705e-02 5.267889797687530518e-02 5.470923706889152527e-02 9.491140022873878479e-03 5.473782867193222046e-02 1.016637682914733887e-01 3.789410367608070374e-02 2.080296166241168976e-02 2.219402603805065155e-02 4.387602210044860840e-02 3.456651046872138977e-02 2.279555238783359528e-02 3.502555191516876221e-02 4.336668178439140320e-02 6.865135580301284790e-02 1.040814444422721863e-02 1.090427767485380173e-02 3.324981406331062317e-02 7.974023371934890747e-02 5.878191813826560974e-02 4.973588883876800537e-02 1.035757269710302353e-02 5.716589838266372681e-02 4.254391789436340332e-02 3.029514569789171219e-03 5.647139996290206909e-02 3.697143401950597763e-04 2.676722966134548187e-02 1.897949911653995514e-02 3.151162341237068176e-02 5.756648257374763489e-02 5.514734238386154175e-02 3.438751399517059326e-02 1.473297271877527237e-02 6.184245273470878601e-02 1.068898849189281464e-02 4.548661783337593079e-02 1.291536726057529449e-02 3.953766450285911560e-02 2.367410622537136078e-02 3.569170832633972168e-02 2.799220755696296692e-02 2.752699330449104309e-02 4.256993159651756287e-02 1.534187048673629761e-02 5.425027012825012207e-02 1.447046734392642975e-02 5.090888589620590210e-04 3.013324365019798279e-02 3.711341693997383118e-02 8.648698776960372925e-02 9.556557983160018921e-02 2.251462079584598541e-02 9.139709174633026123e-03 2.261356823146343231e-02 4.079801216721534729e-02 4.600914195179939270e-02 1.722063682973384857e-02 3.919104114174842834e-02 4.553735256195068359e-02 1.442327629774808884e-02 2.462342008948326111e-02 1.505565457046031952e-02 1.495648734271526337e-02 6.283041834831237793e-02 1.918747834861278534e-02 2.976387552917003632e-02 1.032698154449462891e-01 6.120256707072257996e-02 3.101062774658203125e-02 9.017506241798400879e-02 7.449582219123840332e-02 1.416658610105514526e-01 1.033444628119468689e-01 5.761922523379325867e-02 7.069954276084899902e-02 2.193343453109264374e-02 1.905400864779949188e-02 1.992037147283554077e-02 5.449767038226127625e-02 1.299728918820619583e-02 5.331764370203018188e-02 1.400651223957538605e-02 9.474185295403003693e-03 5.045198276638984680e-02 1.362980436533689499e-02 2.368520386517047882e-02 3.279657661914825439e-02 5.200477316975593567e-02 2.520211040973663330e-02 4.722165316343307495e-02 6.399362534284591675e-02 1.142048556357622147e-02 5.573093518614768982e-02 5.151852592825889587e-02 5.665139108896255493e-02 4.037111252546310425e-02 4.168383032083511353e-02 6.678565405309200287e-03 2.935636416077613831e-02 3.296814486384391785e-02 4.657920822501182556e-02 3.519594669342041016e-02 1.191954873502254486e-02 4.132118076086044312e-02 4.052069410681724548e-02 1.226263027638196945e-02 2.612212300300598145e-02 4.697000980377197266e-02 4.738356918096542358e-03 4.921826184727251530e-04 3.222165256738662720e-02
7.204301655292510986e-03 5.627169739454984665e-03 4.799432121217250824e-03 2.024705894291400909e-02 4.441330209374427795e-02 3.126779943704605103e-02 6.942620500922203064e-03 2.707298845052719116e-02 1.016637682914733887e-01 1.120391041040420532e-01 1.566728390753269196e-02 2.125975117087364197e-02 1.854849420487880707e-02 1.804806292057037354e-02 3.068844787776470184e-02 9.197940677404403687e-02 1.837443187832832336e-02 1.194585580378770828e-03 2.364026010036468506e-02 4.760753363370895386e-03 9.323612786829471588e-03 3.896652255207300186e-03 4.440291598439216614e-02 1.218262240290641785e-01 4.200486466288566589e-02 3.097690641880035400e-03 3.100315481424331665e-02 3.332485631108283997e-02 2.423092536628246307e-02 5.247243866324424744e-02 2.389450743794441223e-02 2.115804515779018402e-02 6.741254776716232300e-02 1.156663801521062851e-02 5.612672865390777588e-02 6.049463991075754166e-03 6.415078416466712952e-03 2.996440744027495384e-03 1.726774498820304871e-02 6.599611602723598480e-03 2.406696602702140808e-02 4.962689056992530823e-02 1.336970459669828415e-02 1.019713468849658966e-02 3.796039381995797157e-03 5.130819603800773621e-02 3.945202007889747620e-02 2.103526704013347626e-02 1.543832384049892426e-02 1.045853495597839355e-01 5.751154944300651550e-02 2.610866352915763855e-02 4.591713845729827881e-02 3.005752153694629669e-02 3.538316860795021057e-02 1.266585588455200195e-01 6.411052495241165161e-02 4.864726588129997253e-02 4.736934602260589600e-02 1.894330233335494995e-02 3.067482635378837585e-02 5.010312423110008240e-02 4.021574929356575012e-02 1.988348178565502167e-02 2.436336688697338104e-02 4.882400855422019958e-03 3.396245092153549194e-02 1.726529933512210846e-02 7.462804019451141357e-02 5.799904093146324158e-02 1.014878675341606140e-01 2.041465416550636292e-02 5.110615491867065430e-02 9.347369521856307983e-02 3.853684058412909508e-03 2.205696329474449158e-02 7.960652932524681091e-03 1.569345444440841675e-01 9.526760876178741455e-02 2.131050080060958862e-01 3.755589947104454041e-02 4.001849517226219177e-02 1.487968862056732178e-02 1.673562917858362198e-03 2.331893704831600189e-02 5.076827853918075562e-02 8.325600996613502502e-03 9.535844437777996063e-04 1.983861625194549561e-02 1.819231957197189331e-01 2.363528683781623840e-02 2.193309366703033447e-03 2.362881228327751160e-02 1.991899684071540833e-02 1.763773523271083832e-02 9.905067272484302521e-03 6.693138927221298218e-02 4.926006123423576355e-02 5.034678149968385696e-03 2.715106494724750519e-02 5.503251403570175171e-02 5.239311233162879944e-02 2.463617548346519470e-02 7.364046177826821804e-05 5.745694786310195923e-02 4.226563870906829834e-02 7.264322601258754730e-03 1.956674037501215935e-03 2.114687114953994751e-02 1.685678213834762573e-02 2.248706668615341187e-02 5.213647708296775818e-02 7.097326964139938354e-02 3.619326278567314148e-02 7.143020164221525192e-03 3.749781474471092224e-02
1.618609875440597534e-01 1.750749647617340088e-01 6.416553258895874023e-02 5.790238082408905029e-02 4.586338624358177185e-02 5.536849424242973328e-02 5.513585731387138367e-02 2.160669118165969849e-02 3.789410367608070374e-02 1.566728390753269196e-02 9.544143080711364746e-02 4.906802903860807419e-03 1.632141172885894775e-01 2.996096760034561157e-02 4.276546463370323181e-02 2.691009640693664551e-02 2.337047830224037170e-02 2.622857689857482910e-02 4.075526818633079529e-02 2.814962714910507202e-02 3.895559534430503845e-02 4.365969821810722351e-02 6.355307996273040771e-02 4.347848892211914062e-02 3.135038167238235474e-02 5.748904868960380554e-02 2.518109790980815887e-02 7.936156354844570160e-03 6.152277067303657532e-02 5.224592983722686768e-02 4.435595870018005371e-02 3.008916787803173065e-02 1.512087183073163033e-03 7.409401237964630127e-03 3.015237860381603241e-02 7.427874952554702759e-03 2.046435698866844177e-02 6.154842674732208252e-02 1.310314610600471497e-02 2.261148393154144287e-02 5.022072046995162964e-02 1.809082366526126862e-02 1.656831987202167511e-02 1.306443940848112106e-02 2.410245360806584358e-03 1.007290370762348175e-02 3.965326119214296341e-03 6.376751512289047241e-02 5.076480284333229065e-02 4.103568568825721741e-02 2.225271612405776978e-02 2.389698475599288940e-02 7.153762131929397583e-02 4.191664606332778931e-02 4.600305855274200439e-02 5.300964694470167160e-03 3.771110624074935913e-02 1.887141913175582886e-02 1.037855446338653564e-02 2.103170752525329590e-02 4.461324214935302734e-02 3.108853241428732872e-03 2.734781615436077118e-02 6.742437183856964111e-02 6.078125908970832825e-02 4.367867484688758850e-02 1.730931550264358521e-02 1.180659048259258270e-03 1.895819976925849915e-02 3.683624789118766785e-02 7.742784451693296432e-03 8.212379179894924164e-03 5.322338081896305084e-03 4.768277052789926529e-03 1.626753807067871094e-02 3.582053759600967169e-04 2.817906998097896576e-02 3.517966950312256813e-03 2.238458767533302307e-02 2.654384449124336243e-02 9.173895232379436493e-03 2.669777907431125641e-02 3.290781984105706215e-03 4.309023171663284302e-02 2.449188008904457092e-02 3.301990032196044922e-02 4.547099024057388306e-02 6.863662600517272949e-02 3.687886521220207214e-02 1.227597473189234734e-03 4.544444754719734192e-02 3.910054266452789307e-02 2.909646555781364441e-02 2.857503481209278107e-02 5.302825942635536194e-02 8.232372812926769257e-03 4.927243664860725403e-02 1.039487682282924652e-02 5.558439879678189754e-04 1.456523081287741661e-03 1.717066392302513123e-02 1.486653927713632584e-03 5.699108541011810303e-02 3.670401871204376221e-02 2.895558066666126251e-02 4.681223258376121521e-02 2.691482193768024445e-02 2.001912705600261688e-02 2.802413888275623322e-02 1.549644209444522858e-02 1.541250012814998627e-02 2.349846251308917999e-02 6.729251891374588013e-02 5.863959714770317078e-02 7.967557758092880249e-03 2.802748233079910278e-02
2.383623085916042328e-02 1.243064180016517639e-02 1.332271471619606018e-02 1.656604558229446411e-02 1.028483826667070389e-02 1.102991402149200439e-02 2.715364797040820122e-03 9.129888378083705902e-03 2.080296166241168976e-02 2.125975117087364197e-02 4.906802903860807419e-03 6.272994726896286011e-02 2.802997641265392303e-02 2.406312823295593262e-01 2.529804781079292297e-02 4.430760815739631653e-02 4.807791486382484436e-02 1.888409722596406937e-03 3.193064825609326363e-03 1.595966983586549759e-03 1.410496141761541367e-02 1.775111071765422821e-03 7.260094583034515381e-02 1.664712838828563690e-02 2.137079462409019470e-02 4.563531279563903809e-02 2.541435137391090393e-02 6.460182368755340576e-02 6.320047378540039062e-02 9.804433584213256836e-02 1.021948555717244744e-04 1.527959760278463364e-02 7.720022648572921753e-02 8.260671794414520264e-02 1.104296371340751648e-02 1.179796736687421799e-02 3.336428105831146240e-02 5.601651594042778015e-02 2.247396670281887054e-02 1.566711813211441040e-02 1.063540484756231308e-02 1.020635943859815598e-03 4.048527404665946960e-02 5.454914271831512451e-02 6.544355303049087524e-02 3.672654274851083755e-03 6.930545717477798462e-02 1.328429300338029861e-02 3.427821770310401917e-02 4.114163294434547424e-02 3.434998914599418640e-02 6.317885220050811768e-02 5.442948266863822937e-02 4.977884516119956970e-02 5.359021201729774475e-02 5.890044197440147400e-02 6.858064979314804077e-02 7.899717986583709717e-02 1.408326812088489532e-02 4.424471780657768250e-02 2.846156246960163116e-02 2.140330523252487183e-02 6.796143483370542526e-03 1.226606685668230057e-02 3.521917015314102173e-02 3.357329592108726501e-02 8.060852065682411194e-03 5.242727696895599365e-02 7.357617467641830444e-02 3.301425278186798096e-02 7.406523823738098145e-02 7.710127532482147217e-02 1.403484307229518890e-02 2.362624742090702057e-02 3.842649981379508972e-02 5.527314543724060059e-02 7.456579804420471191e-02 8.762985467910766602e-02 2.633053576573729515e-03 4.949153959751129150e-02 9.805344045162200928e-03 3.542892262339591980e-02 2.621474303305149078e-02 2.075933665037155151e-02 2.647139318287372589e-02 7.405656506307423115e-04 1.662589237093925476e-02 6.241340190172195435e-02 1.176430955529212952e-01 4.868284612894058228e-02 5.479953065514564514e-02 2.725293301045894623e-02 5.962589755654335022e-02 5.764862149953842163e-02 1.848614960908889771e-02 6.154519505798816681e-03 3.307873755693435669e-02 1.417100522667169571e-02 1.044470444321632385e-02 2.302345260977745056e-02 2.473936229944229126e-02 2.996826171875000000e-02 7.365882396697998047e-02 6.263191252946853638e-02 8.043082430958747864e-03 1.805078983306884766e-02 1.783092156983911991e-03 6.758133322000503540e-02 2.923741377890110016e-02 1.271540205925703049e-02 9.230043739080429077e-02 1.067371815443038940e-01 2.281937981024384499e-03 3.731912747025489807e-02 3.922628611326217651e-02 2.221539616584777832e-02
1.848235428333282471e-01 2.143071442842483521e-01 2.213609218597412109e-02 5.269160494208335876e-02 3.691554069519042969e-02 3.724372386932373047e-02 5.270314589142799377e-02 4.676503594964742661e-03 2.219402603805065155e-02 1.854849420487880707e-02 1.632141172885894775e-01 2.802997641265392303e-02 1.229113414883613586e-01 8.401127532124519348e-03 8.279525488615036011e-02 1.353165600448846817e-02 8.409949950873851776e-03 4.416304081678390503e-02 7.251793891191482544e-02 5.304008256644010544e-03 2.525043673813343048e-02 2.574958465993404388e-02 8.590537309646606445e-02 3.118945844471454620e-02 8.368603885173797607e-03 4.360294342041015625e-02 2.896987460553646088e-02 5.462877824902534485e-02 4.964255169034004211e-02 3.347434336319565773e-03 1.983607001602649689e-02 2.817529626190662384e-02 3.225718811154365540e-02 1.968647353351116180e-02 3.373178467154502869e-02 7.097247522324323654e-03 1.556507125496864319e-02 9.627496823668479919e-03 3.470196947455406189e-02 3.275631368160247803e-02 2.633609808981418610e-02 1.593051292002201080e-02 3.053210861980915070e-02 3.841426223516464233e-03 1.495221396908164024e-03 2.530565112829208374e-02 9.192918427288532257e-03 5.818199831992387772e-03 3.893936797976493835e-02 1.213363464921712875e-02 1.755952835083007812e-02 9.273331612348556519e-03 1.145586147904396057e-01 8.441881090402603149e-02 5.735438689589500427e-02 8.789195679128170013e-03 4.058588761836290359e-03 1.022045128047466278e-02 8.097116835415363312e-03 2.511612139642238617e-02 3.585093468427658081e-02 4.176134243607521057e-03 1.296885870397090912e-02 5.322760716080665588e-02 2.409258298575878143e-02 9.039085358381271362e-02 2.206455916166305542e-02 3.949841018766164780e-03 2.352318353950977325e-02 3.057657554745674133e-02 1.103940885514020920e-02 1.990118809044361115e-02 5.152842029929161072e-02 1.670108921825885773e-02 3.722006827592849731e-02 1.714215613901615143e-02 2.805588394403457642e-02 2.519825100898742676e-02 1.658163778483867645e-02 9.908758103847503662e-03 2.157114446163177490e-02 4.324852302670478821e-02 4.309772327542304993e-02 6.706148386001586914e-02 2.378578484058380127e-02 2.504861168563365936e-02 1.571590453386306763e-02 7.092862576246261597e-02 5.909062383580021560e-05 1.992683298885822296e-02 2.438829652965068817e-02 1.752759888768196106e-02 2.206599153578281403e-02 3.164423163980245590e-03 3.268434107303619385e-02 3.963289037346839905e-02 3.617067635059356689e-02 1.544401422142982483e-02 1.667834934778511524e-03 1.027990039438009262e-02 4.527641087770462036e-02 2.355473348870873451e-03 4.878762736916542053e-02 5.890287458896636963e-03 4.258811846375465393e-02 5.153486877679824829e-02 2.481796033680438995e-02 2.943420410156250000e-02 4.004162549972534180e-02 4.912035912275314331e-02 1.497900392860174179e-02 7.124198600649833679e-03 4.366743192076683044e-02 2.822447568178176880e-02 1.052926015108823776e-02 1.752118021249771118e-02
