1.190221831202507019e-01 1.368639171123504639e-01 2.654968202114105225e-02 5.676221847534179688e-02 5.124733224511146545e-02 7.109644263982772827e-02 9.086672961711883545e-02 3.046378120779991150e-02 9.348494000732898712e-03 1.122157461941242218e-02 8.958526700735092163e-02 3.290099650621414185e-02 9.565253555774688721e-02 4.371940717101097107e-02 7.673658430576324463e-02 3.341997787356376648e-02 4.962418600916862488e-02 3.645991533994674683e-02 1.695604808628559113e-02 1.091203745454549789e-02 5.196399986743927002e-03 4.706336930394172668e-02 2.982034580782055855e-03 1.758408173918724060e-02 7.968441583216190338e-03 2.470337785780429840e-03 6.397251039743423462e-02 4.952406510710716248e-02 2.020968869328498840e-02 7.350715249776840210e-02 1.058857236057519913e-02 1.921439077705144882e-03 7.372967433184385300e-03 1.227738615125417709e-02 2.995126135647296906e-02 4.581693932414054871e-02 3.598618879914283752e-02 6.098051741719245911e-02 1.473456504754722118e-03 1.909739710390567780e-02 3.132889978587627411e-03 2.038941532373428345e-02 1.278126612305641174e-02 1.131832227110862732e-02 1.428797096014022827e-02 1.468878053128719330e-02 6.223733723163604736e-02 9.348899126052856445e-02 3.840921446681022644e-02 4.196609836071729660e-03 9.249448194168508053e-04 3.412911668419837952e-02 5.247856676578521729e-02 3.366853296756744385e-02 2.773271314799785614e-02 7.906743325293064117e-03 1.762530952692031860e-02 2.711595036089420319e-02 1.419019885361194611e-02 1.192013919353485107e-02 4.187347367405891418e-02 3.379375115036964417e-02 1.030812878161668777e-02 1.510918233543634415e-02 9.975314140319824219e-03 1.056139636784791946e-02 9.811944328248500824e-03 8.599136024713516235e-03 8.643207140266895294e-03 3.484543040394783020e-02 3.251686925068497658e-03 5.208142846822738647e-02 2.231487818062305450e-02 1.381500717252492905e-02 4.652783647179603577e-02 5.975681543350219727e-02 1.618039235472679138e-02 1.330891717225313187e-02 4.622085392475128174e-02 6.900504976511001587e-02 7.148963864892721176e-03 3.299458697438240051e-02 1.006247475743293762e-02 1.203321851789951324e-03 1.523961871862411499e-02 2.649704553186893463e-02 2.711198478937149048e-02 2.245425619184970856e-02 2.039226330816745758e-02 3.803340718150138855e-02 8.128679543733596802e-02 4.198553785681724548e-02 7.572194188833236694e-02 2.347777970135211945e-02 1.928341947495937347e-02 1.550552900880575180e-02 7.910802029073238373e-03 2.526877075433731079e-02 5.906181409955024719e-03 7.939511910080909729e-03 1.663974300026893616e-02 1.254056114703416824e-02 1.260142214596271515e-02 2.456505782902240753e-02 7.905988022685050964e-03 1.705265953205525875e-03 1.286375150084495544e-02 5.974708870053291321e-02 6.074062082916498184e-03 5.115453153848648071e-02 2.458299882709980011e-02 3.889522748067975044e-03 3.008892200887203217e-02 3.527601435780525208e-02 2.825310640037059784e-02 4.152326658368110657e-02
1.368639171123504639e-01 1.417839378118515015e-01 8.960137143731117249e-03 4.037916194647550583e-03 1.419913768768310547e-02 6.443607062101364136e-02 1.097571328282356262e-01 3.628459945321083069e-02 5.739718675613403320e-03 8.527355268597602844e-03 9.291149675846099854e-02 1.948228850960731506e-02 1.119920015335083008e-01 3.993438929319381714e-02 2.010800689458847046e-02 1.311922213062644005e-03 1.609656028449535370e-02 2.435551257804036140e-03 9.064789861440658569e-03 3.097974695265293121e-02 3.280726075172424316e-02 4.894459992647171021e-02 2.459437586367130280e-02 3.266437351703643799e-02 2.493344619870185852e-02 5.316084250807762146e-02 4.518454894423484802e-02 1.112662255764007568e-02 7.562634535133838654e-03 5.386682972311973572e-02 1.018790304660797119e-01 2.884173020720481873e-02 3.135746717453002930e-02 4.470730200409889221e-02 2.015370316803455353e-02 2.946903370320796967e-02 5.688132718205451965e-02 5.155625566840171814e-02 4.476606100797653198e-02 2.261738292872905731e-02 2.840696461498737335e-02 5.264250794425606728e-04 1.040393859148025513e-02 9.266277193091809750e-04 5.576988216489553452e-03 9.677710942924022675e-03 5.638855323195457458e-02 1.151874735951423645e-01 7.762612774968147278e-03 1.033540628850460052e-02 2.161934040486812592e-02 9.563181549310684204e-03 4.027282353490591049e-03 1.915116049349308014e-02 2.821127139031887054e-02 3.838378936052322388e-02 3.295039385557174683e-02 7.462042570114135742e-02 1.243458315730094910e-02 1.276161614805459976e-02 2.615440078079700470e-02 1.957854069769382477e-02 3.908103704452514648e-02 2.045523934066295624e-02 2.398836985230445862e-02 4.814667627215385437e-02 1.729733683168888092e-02 4.440421238541603088e-02 3.221195191144943237e-02 6.294589489698410034e-02 2.109001018106937408e-02 2.770530618727207184e-02 2.176766516640782356e-03 5.977825075387954712e-02 5.033710226416587830e-02 3.402544930577278137e-02 9.447707561776041985e-04 1.326593197882175446e-02 2.941406145691871643e-02 6.167185027152299881e-03 4.790426697582006454e-03 1.898654736578464508e-02 3.708239644765853882e-03 2.341314451768994331e-03 1.324752904474735260e-02 8.717522025108337402e-03 1.847008359618484974e-03 8.928214199841022491e-03 1.604241319000720978e-02 3.704064339399337769e-02 8.907750993967056274e-02 4.897779226303100586e-02 1.385915726423263550e-01 5.258492194116115570e-03 4.746759682893753052e-02 5.157561507076025009e-03 4.363497719168663025e-02 3.196353837847709656e-02 2.985961362719535828e-02 3.241611178964376450e-03 4.007902741432189941e-02 3.652233863249421120e-04 4.214616864919662476e-02 4.224039986729621887e-02 2.513016946613788605e-02 9.755720966495573521e-04 5.173162743449211121e-02 3.868004307150840759e-02 2.484345994889736176e-02 7.111478596925735474e-02 4.431743547320365906e-02 2.220271714031696320e-02 2.426404505968093872e-02 3.991129633504897356e-04 4.982462897896766663e-02 9.713013656437397003e-03
2.654968202114105225e-02 8.960137143731117249e-03 1.223785281181335449e-01 3.508427366614341736e-02 3.071483410894870758e-02 4.837457463145256042e-02 1.321817841380834579e-02 7.474415004253387451e-02 4.523328319191932678e-02 4.668340459465980530e-02 2.298231981694698334e-02 2.367855515331029892e-03 7.288540899753570557e-02 3.579208254814147949e-02 2.310869097709655762e-02 7.485154271125793457e-02 8.815287798643112183e-02 1.993409730494022369e-02 7.291167974472045898e-02 4.018653929233551025e-02 3.955515474081039429e-02 4.156310483813285828e-02 2.846641279757022858e-02 7.852277718484401703e-03 2.404670603573322296e-02 4.636041447520256042e-02 5.086880922317504883e-02 1.782150939106941223e-02 1.348610129207372665e-02 4.273546859622001648e-02 2.744753658771514893e-02 4.033366963267326355e-02 2.983870729804039001e-02 1.886304281651973724e-02 4.516622796654701233e-02 5.087198689579963684e-02 4.352121055126190186e-02 8.054323494434356689e-02 1.007844880223274231e-02 4.301302134990692139e-03 7.568410038948059082e-02 5.516025424003601074e-02 2.313458360731601715e-03 1.295360475778579712e-01 2.621990442276000977e-02 1.441360544413328171e-02 4.376860707998275757e-02 1.215186528861522675e-02 6.304439157247543335e-02 4.337913542985916138e-02 5.549571290612220764e-02 9.948898106813430786e-03 3.853986039757728577e-02 1.825145445764064789e-03 2.030515484511852264e-02 6.980361789464950562e-02 2.353540062904357910e-02 3.556792810559272766e-02 6.762827187776565552e-02 1.399730145931243896e-02 1.894545368850231171e-02 4.773553460836410522e-02 1.278019417077302933e-02 9.296504408121109009e-02 5.319255590438842773e-02 4.662222415208816528e-02 2.606717310845851898e-02 5.309310555458068848e-02 5.887585878372192383e-02 4.074748232960700989e-02 5.170321092009544373e-02 1.741639152169227600e-02 3.050449863076210022e-02 2.250743843615055084e-02 5.479235947132110596e-02 1.271028444170951843e-02 1.469552796334028244e-02 6.013504695147275925e-03 1.806818530894815922e-03 3.437085449695587158e-02 7.814382761716842651e-02 3.347213193774223328e-02 3.056204505264759064e-02 2.409181185066699982e-02 2.760731987655162811e-02 2.541260607540607452e-02 5.793695896863937378e-02 3.284288942813873291e-02 1.177057623863220215e-02 1.536000426858663559e-02 9.825398446992039680e-04 7.496858388185501099e-02 1.669662073254585266e-02 5.156001076102256775e-03 2.627661451697349548e-02 3.900471783708781004e-04 5.002864450216293335e-02 4.084135964512825012e-02 1.063882745802402496e-02 4.283311590552330017e-02 3.046583011746406555e-02 5.253987014293670654e-02 1.637874729931354523e-02 2.901669032871723175e-02 3.582157427445054054e-03 5.675756372511386871e-03 5.100924149155616760e-02 7.912880927324295044e-02 3.650004044175148010e-02 2.677051350474357605e-03 1.704388484358787537e-02 3.486606106162071228e-02 3.092167526483535767e-02 3.446146845817565918e-02 1.207887195050716400e-02 4.659574106335639954e-02
5.676221847534179688e-02 4.037916194647550583e-03 3.508427366614341736e-02 1.625310331583023071e-01 1.540495604276657104e-01 3.305781632661819458e-02 2.341602742671966553e-02 9.604448452591896057e-03 3.176990151405334473e-02 4.281280189752578735e-02 2.428657561540603638e-02 2.454197965562343597e-02 2.996176108717918396e-02 2.302668988704681396e-02 1.335241645574569702e-02 5.854493007063865662e-02 2.063286677002906799e-02 2.031519822776317596e-02 2.404254488646984100e-02 3.226451948285102844e-02 3.599574044346809387e-02 3.891965374350547791e-02 4.572584107518196106e-02 2.838614769279956818e-02 4.389054700732231140e-02 2.295372076332569122e-02 1.870384998619556427e-02 2.948503382503986359e-02 5.152523517608642578e-02 1.095618307590484619e-02 2.370825037360191345e-02 4.232801031321287155e-03 1.680368371307849884e-02 2.863982133567333221e-02 8.078751154243946075e-03 4.458711668848991394e-02 1.644922047853469849e-02 5.288035422563552856e-02 1.452601552009582520e-01 1.127442568540573120e-01 3.749438002705574036e-02 9.153597056865692139e-03 2.092886017635464668e-03 2.301243506371974945e-02 7.462158333510160446e-03 2.580263279378414154e-02 2.575800009071826935e-02 8.337895385921001434e-03 2.878477983176708221e-02 4.275957494974136353e-02 4.348693042993545532e-02 5.721971765160560608e-02 2.579977177083492279e-02 3.633857145905494690e-02 1.078385021537542343e-02 2.896213531494140625e-02 7.255209982395172119e-02 1.190073671750724316e-03 3.206030279397964478e-02 3.493046388030052185e-02 6.619269400835037231e-02 3.289373964071273804e-02 9.269967675209045410e-03 2.923144213855266571e-02 4.707862064242362976e-02 5.176169215701520443e-04 2.323154546320438385e-02 1.231836061924695969e-02 2.294004894793033600e-02 3.874181210994720459e-02 2.834274806082248688e-02 1.656125113368034363e-02 1.507590562105178833e-01 5.304795876145362854e-02 1.113920882344245911e-01 1.095524802803993225e-01 2.602898748591542244e-04 1.342044956982135773e-02 2.631150558590888977e-02 4.923725128173828125e-02 5.478990077972412109e-02 4.651704337447881699e-03 1.058557555079460144e-01 3.089790046215057373e-02 4.066427797079086304e-02 4.472144320607185364e-02 1.910504139959812164e-02 3.817468509078025818e-02 9.408942423760890961e-03 3.805499151349067688e-02 3.049037791788578033e-02 3.780319914221763611e-02 5.507795140147209167e-02 3.541835397481918335e-02 6.726417690515518188e-02 4.722195118665695190e-02 2.506560878828167915e-03 2.794874086976051331e-02 1.290535554289817810e-02 9.288364090025424957e-03 9.870958514511585236e-03 3.130760788917541504e-02 4.922497272491455078e-02 1.516199205070734024e-02 2.577318064868450165e-02 1.285574678331613541e-02 5.000899359583854675e-02 3.478642925620079041e-02 2.957465127110481262e-02 1.837679184973239899e-02 2.483615651726722717e-02 2.191137336194515228e-02 2.028728462755680084e-02 1.195009797811508179e-02 7.101317867636680603e-03 5.581919848918914795e-02
5.124733224511146545e-02 1.419913768768310547e-02 3.071483410894870758e-02 1.540495604276657104e-01 1.469105929136276245e-01 4.541332274675369263e-02 2.018775232136249542e-02 2.862218208611011505e-02 3.762702271342277527e-02 4.480205848813056946e-02 1.333638373762369156e-02 3.234079852700233459e-02 4.917844012379646301e-02 3.746167570352554321e-02 2.722815051674842834e-02 3.138234466314315796e-02 2.039804682135581970e-02 1.651068031787872314e-02 6.527394801378250122e-02 1.073903404176235199e-02 2.562404237687587738e-02 4.609569534659385681e-02 2.555088326334953308e-02 9.033144451677799225e-03 2.681465819478034973e-02 5.846064537763595581e-02 1.665977947413921356e-02 1.762687927111983299e-03 1.366772036999464035e-02 2.521877409890294075e-03 1.351414993405342102e-02 4.173679277300834656e-03 2.654305286705493927e-02 2.016162313520908356e-02 3.174087777733802795e-02 1.904595643281936646e-02 9.672880172729492188e-03 4.282417893409729004e-02 9.684492647647857666e-02 1.106162071228027344e-01 2.982718404382467270e-03 2.055374160408973694e-02 5.270779598504304886e-03 2.422014251351356506e-02 4.646061453968286514e-03 2.359863370656967163e-02 3.810092434287071228e-02 5.827753338962793350e-03 2.409869991242885590e-02 4.386190697550773621e-02 1.892856694757938385e-02 3.803059831261634827e-02 2.527066133916378021e-02 1.420819573104381561e-02 1.508701965212821960e-02 6.550384219735860825e-03 5.534513667225837708e-02 4.092792049050331116e-03 3.146632388234138489e-02 3.175627440214157104e-02 2.615511976182460785e-02 1.452499721199274063e-02 5.629379674792289734e-02 3.032603766769170761e-03 5.126353725790977478e-02 1.546947099268436432e-02 1.538139954209327698e-02 3.904390148818492889e-03 7.501377840526401997e-04 4.665071889758110046e-02 1.819563331082463264e-03 1.857493631541728973e-02 9.551372379064559937e-02 5.371100082993507385e-02 1.235482990741729736e-01 7.863541692495346069e-02 2.169365808367729187e-02 2.583236806094646454e-02 7.354908622801303864e-03 3.944788128137588501e-02 4.732136055827140808e-02 3.103704378008842468e-02 6.797210872173309326e-02 9.212534874677658081e-02 2.961339056491851807e-02 2.621440403163433075e-02 1.644135452806949615e-02 1.179121620953083038e-02 2.152990549802780151e-02 5.261028930544853210e-02 3.204347938299179077e-02 1.605358161032199860e-02 4.442401975393295288e-02 5.057811737060546875e-03 3.179376572370529175e-02 5.061171576380729675e-02 3.821920603513717651e-02 3.485762327909469604e-02 1.220464333891868591e-02 8.601054549217224121e-03 1.554352231323719025e-02 2.206942066550254822e-02 1.356226112693548203e-02 1.247161562787368894e-04 5.794417113065719604e-02 7.674251683056354523e-03 7.267573475837707520e-02 4.842912405729293823e-02 2.167578786611557007e-02 3.480555489659309387e-02 5.438583437353372574e-03 1.141937263309955597e-02 9.820198640227317810e-03 6.757818628102540970e-03 1.628837920725345612e-02 2.925244718790054321e-02
7.109644263982772827e-02 6.443607062101364136e-02 4.837457463145256042e-02 3.305781632661819458e-02 4.541332274675369263e-02 1.197836846113204956e-01 1.527371555566787720e-01 3.069571591913700104e-02 7.531867362558841705e-03 1.159454579465091228e-03 4.168352484703063965e-02 5.247491598129272461e-02 3.525916859507560730e-02 5.251870676875114441e-02 5.849053617566823959e-03 5.646114237606525421e-03 8.434920571744441986e-03 7.362673524767160416e-03 1.659087277948856354e-02 3.506838530302047729e-02 6.512229796499013901e-03 3.348326683044433594e-02 2.027439512312412262e-02 2.447088249027729034e-02 4.667406901717185974e-02 4.778056871145963669e-03 5.221409723162651062e-02 4.618822410702705383e-02 4.482699558138847351e-02 5.098702851682901382e-03 7.793674245476722717e-03 1.613315753638744354e-02 2.465391159057617188e-02 8.423095569014549255e-03 2.962973085232079029e-04 5.737540777772665024e-03 8.654343895614147186e-03 4.942942410707473755e-02 6.851436919532716274e-04 1.795566268265247345e-02 2.290800400078296661e-02 4.109970852732658386e-02 2.304717525839805603e-02 2.202772162854671478e-02 2.193276770412921906e-02 4.122199956327676773e-03 1.012514159083366394e-01 9.171505272388458252e-02 2.098915353417396545e-02 7.739887572824954987e-03 4.695574939250946045e-02 1.475196797400712967e-02 7.324357051402330399e-03 4.756657406687736511e-03 2.653657691553235054e-03 8.840742520987987518e-03 4.583029448986053467e-02 3.463158849626779556e-03 1.561474893242120743e-02 1.932571991346776485e-03 2.937744371592998505e-02 2.179112844169139862e-02 3.027716279029846191e-02 1.733099808916449547e-03 4.356755409389734268e-03 7.567464374005794525e-03 6.726316362619400024e-02 1.785510592162609100e-02 2.037973701953887939e-02 4.078077618032693863e-03 3.888255730271339417e-02 9.246109984815120697e-03 1.483687851577997208e-02 2.392524108290672302e-02 1.990325981751084328e-03 5.992458760738372803e-02 1.438559126108884811e-02 1.340274326503276825e-02 3.616217523813247681e-02 4.121796693652868271e-03 1.124995015561580658e-02 1.565501093864440918e-02 1.205326803028583527e-02 4.513683170080184937e-02 3.456903249025344849e-02 3.530775010585784912e-02 2.482178807258605957e-02 1.669510267674922943e-02 3.192410618066787720e-02 3.317169100046157837e-02 8.383858948945999146e-02 2.325464412569999695e-02 7.443662732839584351e-02 6.184462923556566238e-03 1.415968034416437149e-02 1.607750542461872101e-02 2.174992673099040985e-02 3.206171095371246338e-02 2.082513831555843353e-02 6.586599163711071014e-03 1.898145675659179688e-02 2.258099988102912903e-02 9.434320032596588135e-03 1.190641243010759354e-02 6.949308328330516815e-03 2.005413360893726349e-02 3.587729996070265770e-03 4.943790286779403687e-02 7.378448266535997391e-03 6.553801894187927246e-02 5.539828911423683167e-02 4.190313443541526794e-02 2.761225216090679169e-02 1.775879040360450745e-02 2.275131270289421082e-02 3.866973146796226501e-02
9.086672961711883545e-02 1.097571328282356262e-01 1.321817841380834579e-02 2.341602742671966553e-02 2.018775232136249542e-02 1.527371555566787720e-01 1.380638033151626587e-01 2.902074903249740601e-02 2.143177017569541931e-02 7.699565030634403229e-04 4.354057833552360535e-02 3.624523431062698364e-02 4.924103245139122009e-02 4.996043443679809570e-02 3.097722493112087250e-02 3.223742591217160225e-03 1.836602762341499329e-02 1.194708049297332764e-02 2.715277019888162613e-03 2.383614331483840942e-02 2.950162999331951141e-02 3.334520012140274048e-02 1.025930326431989670e-02 1.515262015163898468e-02 3.206922113895416260e-02 5.263086780905723572e-02 3.624381124973297119e-02 4.161514341831207275e-02 2.454838529229164124e-02 7.305460982024669647e-03 9.643407166004180908e-02 8.787781931459903717e-03 2.748629450798034668e-02 7.710362318903207779e-03 4.239678382873535156e-03 1.035043783485889435e-02 5.715650622732937336e-04 4.254212602972984314e-02 2.459741197526454926e-02 4.548259451985359192e-02 2.697416022419929504e-02 9.478949010372161865e-03 7.669190410524606705e-03 3.651069104671478271e-02 1.222544629126787186e-02 2.417353540658950806e-02 9.448041766881942749e-02 1.496548205614089966e-01 2.685626968741416931e-03 1.307845115661621094e-02 2.591182244941592216e-03 5.397686618380248547e-04 4.169482272118330002e-03 9.817217476665973663e-03 1.221763249486684799e-02 6.334620527923107147e-03 4.704043641686439514e-02 2.776387892663478851e-02 1.854327856563031673e-03 1.754373125731945038e-02 1.569043658673763275e-02 3.093779459595680237e-02 1.418276876211166382e-02 3.531110286712646484e-02 2.342388965189456940e-02 4.034275561571121216e-02 4.672939330339431763e-02 3.761949390172958374e-02 4.308188334107398987e-02 1.383870374411344528e-02 4.088043421506881714e-02 3.732385486364364624e-02 2.954616211354732513e-02 1.802817359566688538e-02 3.233358636498451233e-02 4.463218152523040771e-02 4.006453230977058411e-02 1.819387823343276978e-02 4.919170588254928589e-02 6.403954699635505676e-03 1.452670153230428696e-02 9.015485644340515137e-03 1.146566309034824371e-02 3.519835881888866425e-03 1.137507054954767227e-02 5.130568891763687134e-02 4.243839159607887268e-02 3.388681262731552124e-02 1.853368943557143211e-03 3.559197857975959778e-02 6.578709185123443604e-02 1.915639033541083336e-03 9.591593593358993530e-02 6.585463415831327438e-04 2.677665278315544128e-02 1.500704698264598846e-02 3.336253389716148376e-02 3.920824453234672546e-02 2.926304936408996582e-02 3.958222921937704086e-03 3.157127276062965393e-02 3.198725730180740356e-02 3.709654137492179871e-02 3.178656473755836487e-02 2.211369574069976807e-02 1.302632782608270645e-02 3.984458371996879578e-02 7.492028176784515381e-03 1.345794415101408958e-03 5.385016556829214096e-04 7.712049409747123718e-03 2.147592417895793915e-02 1.428953744471073151e-02 1.382174436002969742e-02 1.551596354693174362e-02 4.176326841115951538e-02
3.046378120779991150e-02 3.628459945321083069e-02 7.474415004253387451e-02 9.604448452591896057e-03 2.862218208611011505e-02 3.069571591913700104e-02 2.902074903249740601e-02 1.966905891895294189e-01 5.875068157911300659e-02 1.036149729043245316e-02 4.696122184395790100e-02 1.000823266804218292e-02 3.241416066884994507e-02 2.618591114878654480e-02 9.759168326854705811e-02 3.795548528432846069e-02 6.523168087005615234e-02 1.017575711011886597e-02 3.286845237016677856e-02 4.395619500428438187e-03 5.238305777311325073e-02 8.138212561607360840e-02 2.762577310204505920e-02 1.077795214951038361e-02 1.508103497326374054e-02 2.737823873758316040e-02 8.319116383790969849e-02 1.091917883604764938e-02 4.899078980088233948e-02 5.181906162761151791e-04 1.088106036186218262e-01 2.020748890936374664e-02 3.270786255598068237e-02 2.434683265164494514e-03 2.113188989460468292e-02 5.379346385598182678e-02 1.798183098435401917e-02 3.377245366573333740e-02 2.310532145202159882e-02 5.550593882799148560e-02 1.570200314745306969e-03 1.500900927931070328e-02 2.566815912723541260e-02 6.629298441112041473e-03 1.556304935365915298e-02 2.532472426537424326e-04 2.798847667872905731e-02 2.073578350245952606e-02 2.271905541419982910e-02 3.216102346777915955e-02 1.151479594409465790e-02 4.436752572655677795e-02 6.121854856610298157e-02 3.794810920953750610e-02 2.248747460544109344e-02 5.838787928223609924e-02 4.426366090774536133e-02 3.633183985948562622e-02 2.298230677843093872e-02 1.194502227008342743e-02 3.005943261086940765e-02 2.438454702496528625e-02 4.842750355601310730e-02 1.167127210646867752e-02 1.677253656089305878e-02 6.123702973127365112e-02 1.657688058912754059e-02 1.873024390079081059e-03 2.745534479618072510e-02 4.358065500855445862e-02 4.919126513414084911e-04 2.697515673935413361e-02 7.519371062517166138e-02 3.101214207708835602e-02 6.603621691465377808e-02 4.564462602138519287e-02 2.885444089770317078e-03 2.527368254959583282e-02 1.927670650184154510e-02 1.955504529178142548e-02 9.088335931301116943e-02 4.838784411549568176e-02 1.045745797455310822e-03 1.669695228338241577e-02 3.067894652485847473e-02 2.928954549133777618e-02 8.761540800333023071e-02 3.599569573998451233e-02 2.495427429676055908e-02 6.457728892564773560e-02 3.002743981778621674e-02 5.277742445468902588e-02 4.362791776657104492e-02 1.830660551786422729e-02 1.495525613427162170e-02 4.768984764814376831e-02 1.390177197754383087e-02 2.316737174987792969e-02 4.017615318298339844e-02 3.066605888307094574e-02 2.623798698186874390e-02 2.669705823063850403e-02 2.779149508569389582e-04 3.893379122018814087e-02 3.090058453381061554e-02 3.846603259444236755e-02 7.121998071670532227e-02 7.192301750183105469e-02 1.292502973228693008e-02 4.856548085808753967e-02 1.454860623925924301e-02 5.109257181175053120e-04 4.336837155278772116e-04 1.497681904584169388e-02 3.653199970722198486e-02 3.149325028061866760e-02
9.348494000732898712e-03 5.739718675613403320e-03 4.523328319191932678e-02 3.176990151405334473e-02 3.762702271342277527e-02 7.531867362558841705e-03 2.143177017569541931e-02 5.875068157911300659e-02 1.205023676156997681e-01 4.341942816972732544e-02 3.159360960125923157e-02 5.879956763237714767e-03 1.853041909635066986e-02 1.788027957081794739e-02 5.137139186263084412e-02 9.743382222950458527e-03 4.263604525476694107e-03 4.170475155115127563e-02 2.932965755462646484e-02 1.847902126610279083e-02 5.298306792974472046e-02 4.893780127167701721e-02 2.860474772751331329e-02 1.227445062249898911e-02 7.333704736083745956e-03 1.174107939004898071e-02 6.502497941255569458e-02 2.985158748924732208e-02 3.579231910407543182e-03 2.072461694478988647e-02 3.217223659157752991e-02 4.977766424417495728e-03 1.105204876512289047e-02 2.825161814689636230e-02 1.777775771915912628e-02 1.532705384306609631e-03 2.112587913870811462e-02 1.606027223169803619e-02 2.095565572381019592e-02 5.776978796347975731e-04 2.860689722001552582e-02 9.625746868550777435e-03 3.024570085108280182e-02 4.835493862628936768e-02 2.964299172163009644e-02 1.403879933059215546e-02 1.975791342556476593e-02 1.637957245111465454e-02 3.011213615536689758e-02 1.300833653658628464e-03 1.602947339415550232e-02 1.027836743742227554e-02 2.147220447659492493e-02 3.861376643180847168e-02 7.576882094144821167e-02 3.314126515761017799e-03 2.519528940320014954e-02 2.553164772689342499e-02 8.235472254455089569e-03 4.246117547154426575e-03 8.938846178352832794e-03 1.951355300843715668e-02 3.397641330957412720e-02 1.892378367483615875e-02 1.964286901056766510e-02 2.628793194890022278e-02 9.800313273444771767e-04 4.190271254628896713e-03 7.654767483472824097e-02 7.686667609959840775e-03 7.429972290992736816e-02 5.075697973370552063e-02 4.552235081791877747e-02 2.000457979738712311e-02 5.292126163840293884e-02 6.430077366530895233e-03 1.339713931083679199e-01 4.478915408253669739e-02 4.258514568209648132e-02 6.595852226018905640e-02 5.292558670043945312e-02 3.416233509778976440e-02 3.337082639336585999e-02 2.185546420514583588e-02 3.037045150995254517e-02 3.716895356774330139e-02 5.901556462049484253e-02 1.450897566974163055e-02 6.756712496280670166e-02 4.617933928966522217e-02 1.144917123019695282e-02 3.610369935631752014e-02 1.983745396137237549e-02 4.291955381631851196e-02 4.174900054931640625e-02 4.520671814680099487e-02 1.441380102187395096e-02 1.897780224680900574e-02 6.549552083015441895e-02 1.443840935826301575e-02 1.989257894456386566e-02 5.411722138524055481e-02 6.595136970281600952e-02 4.053892940282821655e-02 2.943300083279609680e-02 6.021218374371528625e-02 9.031780995428562164e-03 5.890805646777153015e-02 3.180314786732196808e-03 1.611839979887008667e-02 7.859388366341590881e-03 9.692972525954246521e-03 4.942525643855333328e-03 2.267897874116897583e-02 8.500499278306961060e-02 8.049800992012023926e-03
1.122157461941242218e-02 8.527355268597602844e-03 4.668340459465980530e-02 4.281280189752578735e-02 4.480205848813056946e-02 1.159454579465091228e-03 7.699565030634403229e-04 1.036149729043245316e-02 4.341942816972732544e-02 1.413073539733886719e-01 1.648338325321674347e-02 5.986714269965887070e-03 1.413478888571262360e-02 3.578421846032142639e-02 2.074187854304909706e-03 1.326150819659233093e-02 3.154306486248970032e-02 3.961180150508880615e-02 1.929886639118194580e-02 1.893255102913826704e-04 5.855893716216087341e-02 2.601190470159053802e-02 2.531334757804870605e-02 3.441721946001052856e-02 1.361816376447677612e-02 3.114062547683715820e-02 7.724577933549880981e-02 1.331313233822584152e-02 8.710922673344612122e-03 2.037229575216770172e-02 2.015321049839258194e-03 5.623884033411741257e-03 7.006033323705196381e-03 1.906099356710910797e-02 1.369365304708480835e-02 6.885177455842494965e-03 5.243137106299400330e-02 3.349489532411098480e-03 7.476579397916793823e-02 2.573629468679428101e-02 1.182768121361732483e-02 1.289036218076944351e-02 3.406554087996482849e-02 4.240132123231887817e-02 1.066871825605630875e-02 1.895081438124179840e-02 5.857276264578104019e-03 7.272324059158563614e-03 2.953611128032207489e-02 6.069723516702651978e-02 1.727180369198322296e-02 3.220745548605918884e-02 1.985056512057781219e-02 4.295200109481811523e-02 1.874999888241291046e-02 6.597290188074111938e-02 8.226899430155754089e-03 1.214679679833352566e-03 3.104003518819808960e-02 5.537027493119239807e-02 3.501911088824272156e-02 2.171908318996429443e-02 8.201970485970377922e-04 6.915705278515815735e-03 1.382000930607318878e-02 5.639176815748214722e-02 9.038583375513553619e-04 2.879863418638706207e-02 3.769687935709953308e-02 2.490998990833759308e-02 6.364775449037551880e-02 1.936096698045730591e-02 5.917477980256080627e-02 8.855513297021389008e-03 4.867606237530708313e-02 4.237105697393417358e-02 3.803044185042381287e-02 9.007667750120162964e-02 3.244581073522567749e-02 7.004409283399581909e-02 1.831181289162486792e-04 4.551500827074050903e-02 1.776137016713619232e-02 1.061454787850379944e-02 7.831433787941932678e-03 7.948418497107923031e-04 2.249737456440925598e-02 1.358460541814565659e-02 2.357979491353034973e-02 5.363865196704864502e-02 1.440797280520200729e-02 1.152394339442253113e-02 6.515349727123975754e-03 2.554120868444442749e-02 7.384536787867546082e-03 2.106120623648166656e-02 2.093463949859142303e-02 1.273446995764970779e-02 3.663952276110649109e-02 3.965612873435020447e-02 2.048088237643241882e-02 4.009643942117691040e-02 2.103737322613596916e-03 2.937150746583938599e-02 2.713237516582012177e-02 2.649625530466437340e-03 2.259927242994308472e-02 2.837569452822208405e-02 2.357166958972811699e-03 5.505565926432609558e-02 1.995199918746948242e-02 3.382803127169609070e-02 6.515112705528736115e-03 2.350024878978729248e-03 1.652425900101661682e-02 1.788713596761226654e-02
8.958526700735092163e-02 9.291149675846099854e-02 2.298231981694698334e-02 2.428657561540603638e-02 1.333638373762369156e-02 4.168352484703063965e-02 4.354057833552360535e-02 4.696122184395790100e-02 3.159360960125923157e-02 1.648338325321674347e-02 1.216259300708770752e-01 2.928654290735721588e-02 8.924247324466705322e-02 2.256780304014682770e-02 6.373549252748489380e-02 2.925273962318897247e-02 5.225813388824462891e-02 2.391580678522586823e-02 2.445345930755138397e-02 3.023763000965118408e-02 2.187930047512054443e-02 8.981674164533615112e-02 2.076055854558944702e-02 8.021384477615356445e-03 8.018571883440017700e-03 1.367556513287127018e-03 3.811467438936233521e-02 1.466124877333641052e-02 8.965025097131729126e-02 3.841145709156990051e-02 5.341837927699089050e-02 1.450463780201971531e-03 3.163966536521911621e-02 5.776454694569110870e-03 1.100768428295850754e-02 4.237554222345352173e-02 5.169402435421943665e-02 3.233896195888519287e-02 4.344934597611427307e-02 4.055877402424812317e-02 1.571757532656192780e-02 1.259444840252399445e-02 3.429899737238883972e-02 4.560423269867897034e-02 3.443388268351554871e-02 4.817271977663040161e-02 5.008064955472946167e-02 5.543397367000579834e-02 6.862574722617864609e-03 5.944327265024185181e-02 1.599911227822303772e-02 8.090863004326820374e-03 3.818061947822570801e-02 2.078242041170597076e-02 1.972576975822448730e-02 5.060178041458129883e-02 2.022705739364027977e-03 2.295399829745292664e-02 2.212948910892009735e-02 1.213826239109039307e-02 1.187524572014808655e-02 1.097899116575717926e-02 1.576579734683036804e-02 1.872269064188003540e-02 8.248563110828399658e-02 1.158988662064075470e-02 1.098823640495538712e-02 2.773749409243464470e-03 1.940491725690662861e-03 4.487410653382539749e-03 4.353135009296238422e-04 3.340607881546020508e-02 1.633675955235958099e-02 2.103836089372634888e-02 4.563436377793550491e-03 2.401201426982879639e-02 2.188268490135669708e-02 5.587208550423383713e-03 7.051721215248107910e-03 3.677633823826909065e-03 4.585753381252288818e-02 3.361490555107593536e-03 1.513430196791887283e-02 2.026414126157760620e-02 1.168950926512479782e-02 9.714763727970421314e-04 6.860660761594772339e-02 3.526283428072929382e-02 3.564011771231889725e-03 3.453971445560455322e-02 7.502852380275726318e-02 6.050038337707519531e-02 4.145141318440437317e-02 1.677494868636131287e-02 6.580898188985884190e-04 4.997096210718154907e-02 2.761812880635261536e-02 5.419996380805969238e-02 1.398857869207859039e-02 2.823716495186090469e-03 2.147558331489562988e-02 2.150149783119559288e-03 4.965819045901298523e-02 1.141538657248020172e-02 1.677525974810123444e-02 3.279075026512145996e-02 1.929009333252906799e-03 1.978168636560440063e-02 4.078614583704620600e-04 6.428496446460485458e-03 1.820541452616453171e-03 3.398041054606437683e-02 5.980908870697021484e-03 3.331311047077178955e-02 3.254015371203422546e-02 4.799652844667434692e-03
3.290099650621414185e-02 1.948228850960731506e-02 2.367855515331029892e-03 2.454197965562343597e-02 3.234079852700233459e-02 5.247491598129272461e-02 3.624523431062698364e-02 1.000823266804218292e-02 5.879956763237714767e-03 5.986714269965887070e-03 2.928654290735721588e-02 1.347294151782989502e-01 1.022612489759922028e-02 1.011648550629615784e-01 2.760351262986660004e-02 1.642168499529361725e-02 7.530292961746454239e-03 4.051779955625534058e-02 3.363937139511108398e-02 5.047813057899475098e-03 5.954173393547534943e-03 5.593593814410269260e-04 3.924831748008728027e-02 2.358685433864593506e-02 5.615434492938220501e-04 1.874040067195892334e-02 4.101718217134475708e-02 6.178319081664085388e-02 3.159231320023536682e-02 6.576301157474517822e-02 4.800802841782569885e-02 9.923069737851619720e-03 9.834598749876022339e-03 1.665196567773818970e-02 1.563951745629310608e-02 2.425866015255451202e-02 9.312097914516925812e-03 4.061910510063171387e-02 3.423315286636352539e-02 2.682577073574066162e-02 1.595510519109666348e-03 1.142198778688907623e-02 6.788221187889575958e-03 1.858933712355792522e-03 6.012818589806556702e-02 6.923204660415649414e-02 5.622902512550354004e-02 3.044820204377174377e-02 8.160598576068878174e-03 1.967625133693218231e-02 4.521190375089645386e-02 5.667073652148246765e-02 2.279529348015785217e-02 1.650245743803679943e-03 1.520979916676878929e-03 1.559104770421981812e-02 1.719382964074611664e-02 4.350785538554191589e-02 2.885504625737667084e-03 3.968764469027519226e-02 4.428330063819885254e-02 7.011568173766136169e-03 2.705983258783817291e-02 1.620290614664554596e-02 1.991404406726360321e-02 1.522692758589982986e-02 4.586465656757354736e-04 1.088725635781884193e-03 5.271814297884702682e-03 2.437105216085910797e-02 1.504898164421319962e-02 4.913678765296936035e-02 3.679645806550979614e-02 7.145497947931289673e-02 1.084992662072181702e-02 4.089983925223350525e-02 1.847733370959758759e-02 1.104744803160429001e-02 1.853130199015140533e-02 9.117573499679565430e-03 2.954646758735179901e-02 2.573378197848796844e-02 2.484568627551198006e-03 1.985379308462142944e-02 2.413644455373287201e-02 6.316684186458587646e-03 2.561162039637565613e-02 3.011547587811946869e-02 2.573197335004806519e-02 2.307047694921493530e-02 4.313211888074874878e-02 4.406099673360586166e-03 1.862463541328907013e-02 1.585096120834350586e-02 2.024425007402896881e-02 8.993097580969333649e-03 7.300589233636856079e-03 2.890805900096893311e-02 1.888067834079265594e-02 2.226673252880573273e-02 1.320359110832214355e-02 5.512338131666183472e-03 4.471320658922195435e-02 4.553478583693504333e-02 7.415603846311569214e-03 2.681371755897998810e-02 6.603823043406009674e-03 2.819899283349514008e-02 2.755703032016754150e-02 3.390022739768028259e-02 3.818341717123985291e-02 3.522757440805435181e-02 3.071863576769828796e-02 2.638565748929977417e-02 3.832769393920898438e-02 7.424303889274597168e-02
9.565253555774688721e-02 1.119920015335083008e-01 7.288540899753570557e-02 2.996176108717918396e-02 4.917844012379646301e-02 3.525916859507560730e-02 4.924103245139122009e-02 3.241416066884994507e-02 1.853041909635066986e-02 1.413478888571262360e-02 8.924247324466705322e-02 1.022612489759922028e-02 1.037027165293693542e-01 1.811572164297103882e-02 8.684598654508590698e-02 2.147070132195949554e-02 3.163142129778862000e-02 1.461932994425296783e-02 2.112285047769546509e-02 2.453508041799068451e-02 1.802821084856987000e-02 9.472422301769256592e-02 5.862517864443361759e-04 6.629716604948043823e-03 1.028770487755537033e-02 2.262297645211219788e-02 5.427219718694686890e-02 7.769746240228414536e-03 4.461599886417388916e-02 4.653454571962356567e-02 5.633066594600677490e-02 6.692251190543174744e-03 1.802078261971473694e-02 1.418097037822008133e-02 1.017376706004142761e-01 4.611322365235537291e-04 3.704122453927993774e-02 5.669902637600898743e-02 2.843030728399753571e-02 8.063531480729579926e-03 2.732790308073163033e-04 2.193933166563510895e-02 9.318360127508640289e-03 1.322192046791315079e-02 1.450268272310495377e-02 4.988823086023330688e-03 5.824135243892669678e-02 5.620922520756721497e-02 4.552341252565383911e-02 1.414732076227664948e-02 1.787761226296424866e-02 5.338699556887149811e-03 2.214581472799181938e-03 5.428633838891983032e-02 2.764341421425342560e-02 3.193276003003120422e-02 6.181697826832532883e-03 3.222757950425148010e-02 1.791501417756080627e-02 1.958259567618370056e-02 2.138842595741152763e-03 5.814869329333305359e-02 2.387147210538387299e-02 8.957878500223159790e-02 1.662404090166091919e-02 6.627634912729263306e-02 2.195374108850955963e-03 1.830990426242351532e-02 3.509264439344406128e-02 1.783295348286628723e-02 2.825003303587436676e-02 2.058864943683147430e-02 5.570988729596138000e-02 3.176140785217285156e-02 3.824224323034286499e-02 6.000884622335433960e-02 3.231505677103996277e-02 3.531090216711163521e-03 2.863670140504837036e-02 3.277385234832763672e-02 1.621008105576038361e-02 3.649938106536865234e-02 2.754059620201587677e-02 2.000798285007476807e-02 1.403076574206352234e-02 1.707075349986553192e-02 2.505772933363914490e-02 5.774491280317306519e-02 1.429117564111948013e-02 5.414612963795661926e-02 8.209139108657836914e-02 1.941757276654243469e-02 2.953166328370571136e-02 7.292835414409637451e-02 3.531926125288009644e-02 1.050796918570995331e-02 3.194593638181686401e-02 4.016675800085067749e-02 1.625121338292956352e-03 5.543632432818412781e-04 8.833839558064937592e-03 4.793261643499135971e-03 1.378299575299024582e-02 2.299107611179351807e-02 5.576110444962978363e-03 1.032881066203117371e-02 4.184084013104438782e-02 4.530123993754386902e-02 3.531109914183616638e-02 6.023097038269042969e-02 1.563787274062633514e-02 1.736522279679775238e-02 2.861879393458366394e-02 2.521962299942970276e-02 4.651785129681229591e-04 3.655069321393966675e-02
