1.742817312479019165e-01 2.219386845827102661e-01 5.791424214839935303e-02 2.248205430805683136e-02 2.921280451118946075e-02 2.165303677320480347e-01 1.125159412622451782e-01 5.568815022706985474e-02 2.595118992030620575e-02 1.673441566526889801e-02 1.357425898313522339e-01 3.014823794364929199e-02 1.054750755429267883e-01 5.848842486739158630e-02 3.555743023753166199e-03 6.688495725393295288e-02 3.858546540141105652e-02 1.469276938587427139e-02 2.242531999945640564e-02 3.558640182018280029e-02 1.168553135357797146e-03 1.982023753225803375e-02 2.839871868491172791e-02 2.973292209208011627e-02 1.063061878085136414e-03 1.565113849937915802e-02 3.746093250811100006e-03 3.329712525010108948e-02 1.021337322890758514e-02 8.370720781385898590e-03 1.609684317372739315e-03 4.154043272137641907e-02 1.903430745005607605e-02 2.350901253521442413e-02 3.713496401906013489e-02 2.312421612441539764e-02 1.241915952414274216e-02 7.588196313008666039e-04 5.911074951291084290e-02 8.246159553527832031e-02 3.543158248066902161e-02 3.004238940775394440e-03 1.410126569680869579e-03 3.535195440053939819e-02 4.873765259981155396e-02 2.515711449086666107e-02 9.579876065254211426e-02 1.010257825255393982e-01 1.480944827198982239e-02 1.374888792634010315e-02 4.379638656973838806e-02 1.285750977694988251e-02 4.065567161887884140e-03 1.372885890305042267e-02 3.483591601252555847e-02 4.089133813977241516e-02 5.279425531625747681e-02 2.781911939382553101e-02 5.809203907847404480e-02 5.214020609855651855e-02 3.188496083021163940e-02 1.276531442999839783e-02 1.335313823074102402e-02 4.288170486688613892e-02 3.473287820816040039e-02 2.159967273473739624e-02 2.465452812612056732e-02 6.562166381627321243e-03 1.151925511658191681e-02 2.732714079320430756e-02 2.157379314303398132e-02 2.322971075773239136e-02 3.623701632022857666e-02 2.430685237050056458e-02 1.606204733252525330e-02 2.222561463713645935e-02 4.910682886838912964e-02 2.986418828368186951e-02 4.544853046536445618e-02 4.995979368686676025e-02 3.164026141166687012e-02 5.337777361273765564e-02 1.615873537957668304e-02 5.885365605354309082e-02 3.262950852513313293e-02 2.617843076586723328e-02 3.562155179679393768e-03 4.398663714528083801e-02 4.310296475887298584e-02 1.072667539119720459e-01 3.843377903103828430e-02 9.716096101328730583e-04 3.994178026914596558e-03 1.928386092185974121e-02 6.903343647718429565e-02 5.464645102620124817e-02 3.450280753895640373e-03 5.006142891943454742e-03 2.869164384901523590e-02 1.766261085867881775e-02 2.777723968029022217e-02 2.657551318407058716e-02 6.710327696055173874e-03 2.741337008774280548e-02 4.534993495326489210e-04 2.313495986163616180e-02 8.661514520645141602e-02 5.315741896629333496e-02 3.677047416567802429e-02 1.619712635874748230e-02 1.535271946340799332e-02 7.032219786196947098e-03 4.038888961076736450e-02 1.178157702088356018e-02 7.914674282073974609e-02 1.527720969170331955e-02
2.219386845827102661e-01 1.755998432636260986e-01 7.400515023618936539e-03 4.188909381628036499e-02 4.336776584386825562e-02 1.832895129919052124e-01 9.925053268671035767e-02 4.060200601816177368e-02 1.733564585447311401e-02 7.801172323524951935e-03 1.285111308097839355e-01 4.914195090532302856e-02 1.101267635822296143e-01 5.959001183509826660e-02 4.748808685690164566e-03 1.053962670266628265e-02 5.001390352845191956e-03 3.297157585620880127e-02 3.444686532020568848e-02 2.236868254840373993e-03 3.334809094667434692e-02 3.809273615479469299e-02 2.758792368695139885e-03 3.165255486965179443e-02 1.454123295843601227e-02 3.916236758232116699e-02 2.350511774420738220e-02 4.603897035121917725e-02 3.080713748931884766e-02 6.321752443909645081e-03 2.061673812568187714e-02 4.966382309794425964e-02 1.825270242989063263e-02 2.485499158501625061e-02 2.193675190210342407e-02 2.377770841121673584e-02 4.235012456774711609e-03 3.748543560504913330e-02 1.009535193443298340e-01 7.243614643812179565e-02 6.446925550699234009e-02 7.096693851053714752e-03 7.929756306111812592e-03 2.315990999341011047e-02 7.682079821825027466e-02 4.701312258839607239e-02 7.111830264329910278e-02 8.262648433446884155e-02 9.223447181284427643e-03 4.477678239345550537e-02 2.593238092958927155e-02 3.017891431227326393e-03 1.737087406218051910e-02 4.848481342196464539e-02 1.961667463183403015e-02 4.616373404860496521e-02 2.505698986351490021e-02 3.946702182292938232e-02 6.207801029086112976e-02 3.058136440813541412e-02 5.557839199900627136e-02 6.663585547357797623e-03 6.177045288495719433e-04 3.717958927154541016e-02 6.663475185632705688e-02 5.374239291995763779e-03 2.122080512344837189e-02 2.409654436632990837e-03 1.730068959295749664e-02 3.217981010675430298e-02 2.692693099379539490e-02 1.101818401366472244e-02 1.712177693843841553e-02 1.375311240553855896e-02 1.754138246178627014e-02 6.019519641995429993e-02 2.225676365196704865e-02 1.727976463735103607e-02 3.489512205123901367e-02 5.600277706980705261e-02 4.117311909794807434e-03 2.846094034612178802e-02 2.638120949268341064e-02 6.305666267871856689e-02 2.327848039567470551e-02 5.359628424048423767e-02 5.942215677350759506e-03 3.836553916335105896e-02 1.035822741687297821e-02 1.160997524857521057e-01 5.375889688730239868e-02 4.914056509733200073e-03 7.705674506723880768e-03 2.672384120523929596e-02 5.709920078516006470e-02 3.123757056891918182e-02 1.069049444049596786e-02 2.286498621106147766e-02 4.297154396772384644e-02 1.458147075027227402e-02 1.292867306619882584e-02 2.101978473365306854e-02 2.638076664879918098e-03 3.913823142647743225e-02 3.404618427157402039e-02 3.083348507061600685e-03 7.806278765201568604e-02 4.874802753329277039e-02 1.823845133185386658e-02 6.173812318593263626e-03 3.390990570187568665e-02 6.396633386611938477e-02 3.924537822604179382e-02 2.195789851248264313e-02 8.104729466140270233e-03 3.821039339527487755e-03
5.791424214839935303e-02 7.400515023618936539e-03 3.205782920122146606e-02 3.236050903797149658e-02 1.341678388416767120e-02 9.033973328769207001e-03 3.109023347496986389e-02 1.525667309761047363e-01 3.136037290096282959e-02 2.086642384529113770e-02 3.067855536937713623e-02 5.912600457668304443e-02 1.605833880603313446e-02 1.395547762513160706e-02 1.104392856359481812e-02 7.327137142419815063e-02 7.801610231399536133e-02 3.766536014154553413e-03 7.069842831697314978e-05 4.116781521588563919e-03 4.675997188314795494e-04 1.902709528803825378e-02 4.598447307944297791e-02 1.474278327077627182e-02 3.984117880463600159e-02 2.884298190474510193e-02 3.678495064377784729e-02 5.904826684854924679e-04 1.267819292843341827e-02 1.159457564353942871e-01 5.737104639410972595e-02 4.976245388388633728e-02 3.927548602223396301e-02 2.896201796829700470e-02 5.579331889748573303e-02 1.414675265550613403e-02 1.275085750967264175e-02 4.575288668274879456e-02 9.366068057715892792e-03 6.375320255756378174e-02 1.318382215686142445e-03 4.757049959152936935e-03 6.445175409317016602e-02 1.963710635900497437e-01 1.093138977885246277e-01 3.333742171525955200e-02 3.068041615188121796e-02 1.622612401843070984e-02 5.913194268941879272e-03 6.170721724629402161e-02 2.546329982578754425e-02 5.164771527051925659e-02 6.364684551954269409e-03 8.366993814706802368e-02 3.941321745514869690e-02 2.414488606154918671e-02 7.561392337083816528e-02 4.135926812887191772e-02 3.695454215630888939e-03 4.912001639604568481e-02 1.973066106438636780e-02 3.536407649517059326e-02 4.853107966482639313e-03 2.681795135140419006e-02 5.229654908180236816e-02 5.647011473774909973e-02 3.031891770660877228e-02 4.280417633708566427e-04 4.634222947061061859e-03 2.025610767304897308e-02 3.494814038276672363e-02 2.507373318076133728e-02 1.517274603247642517e-02 4.909718409180641174e-03 3.354743868112564087e-02 1.351720932871103287e-02 4.080193489789962769e-02 8.850008249282836914e-03 4.697664454579353333e-02 5.533728376030921936e-02 1.304866671562194824e-01 1.796919852495193481e-01 1.362247671931982040e-02 5.399658158421516418e-02 3.604253754019737244e-02 4.764547199010848999e-02 1.824866980314254761e-02 1.166802942752838135e-01 1.445624679327011108e-01 6.318569928407669067e-02 6.197398900985717773e-02 3.350617364048957825e-02 5.043722689151763916e-02 3.202922642230987549e-02 2.830360643565654755e-02 1.108184903860092163e-01 4.378566145896911621e-02 6.149651110172271729e-02 1.152043789625167847e-02 2.235808596014976501e-02 2.548047713935375214e-02 2.483343146741390228e-02 4.150103405117988586e-02 5.924747325479984283e-03 3.740475699305534363e-02 7.383973337709903717e-03 4.202505946159362793e-02 4.293325915932655334e-02 2.550531551241874695e-02 5.456550046801567078e-02 2.542945183813571930e-02 1.173383556306362152e-03 5.747788399457931519e-02 4.695670679211616516e-02 5.558335036039352417e-02 6.984310597181320190e-02
2.248205430805683136e-02 4.188909381628036499e-02 3.236050903797149658e-02 9.116236865520477295e-02 2.148229479789733887e-01 4.216532036662101746e-02 7.236115634441375732e-02 7.246094197034835815e-02 6.150733679533004761e-02 1.571644470095634460e-02 4.727358464151620865e-03 2.609908208250999451e-02 4.819014295935630798e-02 2.454146975651383400e-03 5.177531763911247253e-02 8.110416680574417114e-02 4.233400523662567139e-02 6.226012483239173889e-02 4.438948631286621094e-02 6.948076188564300537e-02 1.826158724725246429e-02 2.290022559463977814e-02 1.761236600577831268e-02 4.112118110060691833e-02 5.183358862996101379e-02 5.179642140865325928e-02 2.219884283840656281e-02 3.696374967694282532e-02 4.665742814540863037e-02 2.371755987405776978e-02 5.653133988380432129e-02 1.020842231810092926e-02 9.522499144077301025e-02 1.674320735037326813e-02 4.164043813943862915e-02 2.752128057181835175e-02 1.290637650527060032e-03 5.102054029703140259e-02 2.694480493664741516e-02 1.328197657130658627e-03 4.461015760898590088e-02 2.073870971798896790e-02 2.985981479287147522e-02 5.103502422571182251e-02 2.582361176609992981e-02 2.250522561371326447e-02 5.503532662987709045e-02 6.020693480968475342e-02 9.285512496717274189e-04 1.342908106744289398e-02 1.174094434827566147e-02 2.681477181613445282e-02 6.632595509290695190e-02 4.671885445713996887e-02 1.440162211656570435e-02 1.325155957601964474e-03 8.778608590364456177e-02 6.190334260463714600e-02 1.363751478493213654e-02 4.013558477163314819e-02 3.222990408539772034e-02 3.765496984124183655e-02 8.781629800796508789e-02 6.778878718614578247e-02 2.409737929701805115e-02 9.901884011924266815e-03 4.693792015314102173e-02 4.399790242314338684e-02 3.666612505912780762e-02 6.288957595825195312e-02 4.940471146255731583e-03 5.236003175377845764e-02 1.223141625523567200e-01 4.009917378425598145e-02 9.129399806261062622e-02 4.834435880184173584e-02 1.248249933123588562e-01 1.997435651719570160e-02 6.108399014919996262e-03 2.218844601884484291e-03 7.743249181658029556e-03 3.747996315360069275e-02 4.418276622891426086e-02 4.038177430629730225e-02 1.835067523643374443e-03 3.317302092909812927e-02 4.791747033596038818e-02 4.899561032652854919e-02 5.563061684370040894e-02 4.329958185553550720e-02 5.903346929699182510e-03 5.254819244146347046e-02 1.273412350565195084e-02 2.216115407645702362e-02 9.742453694343566895e-03 4.697740450501441956e-02 1.523156091570854187e-02 1.202573254704475403e-02 1.657004468142986298e-02 3.110266290605068207e-02 4.160324484109878540e-02 3.147603198885917664e-02 5.042386800050735474e-02 2.133897505700588226e-04 1.326632779091596603e-02 2.395595423877239227e-02 1.224250346422195435e-01 1.992323808372020721e-02 1.722398400306701660e-02 2.573508583009243011e-02 2.028321288526058197e-02 5.339228361845016479e-02 4.377272725105285645e-02 2.915641758590936661e-03 1.385417580604553223e-02 4.634686280041933060e-03
2.921280451118946075e-02 4.336776584386825562e-02 1.341678388416767120e-02 2.148229479789733887e-01 6.044512987136840820e-02 8.473676443099975586e-02 5.188131332397460938e-02 6.320282816886901855e-02 5.695660598576068878e-03 2.136463858187198639e-02 1.066999509930610657e-02 3.395501524209976196e-02 1.933848671615123749e-02 2.768340893089771271e-02 9.207386523485183716e-03 5.978656467050313950e-03 6.798707693815231323e-02 4.385532438755035400e-02 3.005703352391719818e-02 4.207522794604301453e-02 1.797627191990613937e-04 5.795562174171209335e-03 7.126320619136095047e-03 2.137071266770362854e-02 4.419597238302230835e-02 5.942690186202526093e-03 3.726753592491149902e-02 8.630106225609779358e-03 6.235518679022789001e-02 5.941880494356155396e-02 6.440339144319295883e-03 9.475703351199626923e-03 1.039534956216812134e-01 6.456782110035419464e-03 2.944644168019294739e-02 2.101893536746501923e-03 2.392498403787612915e-02 2.484140731394290924e-02 5.327584967017173767e-02 9.732306003570556641e-03 3.486319631338119507e-02 1.053687743842601776e-02 2.903660014271736145e-02 5.785579234361648560e-02 1.145695615559816360e-02 4.899334907531738281e-02 8.252125233411788940e-02 8.417516201734542847e-02 9.803582914173603058e-03 1.434016320854425430e-02 4.105827305465936661e-03 5.935251247137784958e-03 5.199722945690155029e-03 5.779077112674713135e-02 6.388811394572257996e-03 4.276020452380180359e-02 4.251260682940483093e-02 9.286343306303024292e-02 9.769700467586517334e-03 4.266968742012977600e-02 3.314924892038106918e-03 2.005900256335735321e-02 6.878374516963958740e-02 1.177919879555702209e-01 5.569481290876865387e-03 2.551835216581821442e-02 4.365656897425651550e-02 2.351332642138004303e-02 7.725518662482500076e-03 2.911915443837642670e-02 8.064884692430496216e-03 1.541625335812568665e-02 7.167787104845046997e-02 4.100180789828300476e-02 1.481218636035919189e-01 6.157650426030158997e-02 7.480493187904357910e-02 3.601031145080924034e-03 4.939991980791091919e-03 2.665402181446552277e-02 8.462285250425338745e-02 1.957346685230731964e-02 2.822836488485336304e-02 5.405236035585403442e-02 2.640941180288791656e-03 1.206649653613567352e-02 1.041516754776239395e-02 3.397510573267936707e-02 7.164646405726671219e-03 2.503114193677902222e-02 1.982146874070167542e-02 1.060306001454591751e-02 2.206416055560112000e-02 3.155753389000892639e-02 5.239231511950492859e-02 1.111116260290145874e-02 9.582634083926677704e-03 5.761240608990192413e-03 4.542091861367225647e-02 4.547485336661338806e-02 2.324334904551506042e-02 6.352961808443069458e-02 2.314385958015918732e-02 3.640041127800941467e-02 5.530090536922216415e-03 4.398537334054708481e-03 1.038498058915138245e-01 1.082946918904781342e-02 1.413458376191556454e-04 2.193196676671504974e-02 8.208118379116058350e-02 2.433219226077198982e-03 1.310733705759048462e-02 2.071906626224517822e-02 5.534494668245315552e-02 5.374638736248016357e-02
2.165303677320480347e-01 1.832895129919052124e-01 9.033973328769207001e-03 4.216532036662101746e-02 8.473676443099975586e-02 1.771651804447174072e-01 1.623639315366744995e-01 7.184824347496032715e-02 5.662602838128805161e-03 1.556006725877523422e-03 9.330211579799652100e-02 7.133664935827255249e-02 8.104372024536132812e-02 2.841630205512046814e-02 4.362505674362182617e-02 3.778665140271186829e-02 1.739308051764965057e-02 2.263779006898403168e-02 4.855607077479362488e-02 2.194941788911819458e-02 1.411344297230243683e-02 5.038733407855033875e-02 7.323767058551311493e-03 4.704769235104322433e-03 2.628078311681747437e-02 9.100345778279006481e-04 2.093142271041870117e-02 5.457667633891105652e-02 2.217544242739677429e-03 1.032218150794506073e-02 1.081492844969034195e-02 2.876761369407176971e-02 5.368277803063392639e-02 9.649100713431835175e-03 1.381701696664094925e-02 4.107462614774703979e-02 1.128009893000125885e-02 2.248110715299844742e-03 1.692269928753376007e-02 1.799463480710983276e-02 3.730709105730056763e-02 6.213705055415630341e-03 3.958664834499359131e-02 1.093540899455547333e-02 2.392709255218505859e-02 1.799003779888153076e-02 1.541620939970016479e-01 1.464810371398925781e-01 1.056811306625604630e-03 1.609960570931434631e-03 6.058441475033760071e-03 3.044387698173522949e-02 1.145475637167692184e-02 7.908165454864501953e-03 4.745086655020713806e-02 3.559147566556930542e-02 1.304408442229032516e-02 3.221963532269001007e-03 5.411933362483978271e-02 4.515672102570533752e-02 2.501984871923923492e-02 5.430425051599740982e-03 3.823207318782806396e-02 2.952764742076396942e-02 1.682574860751628876e-03 9.365196339786052704e-03 3.727668151259422302e-02 5.346805974841117859e-02 1.207654085010290146e-02 6.421522796154022217e-02 3.280509635806083679e-02 4.159752279520034790e-02 3.381407260894775391e-02 3.064339980483055115e-02 7.050139456987380981e-02 5.213635414838790894e-02 5.680268257856369019e-02 4.210923984646797180e-02 2.636472927406430244e-03 4.044036194682121277e-02 2.323791757225990295e-02 2.539351582527160645e-02 5.770420102635398507e-05 1.284179836511611938e-01 5.529610440135002136e-02 6.241470575332641602e-02 4.532693699002265930e-02 1.025472208857536316e-02 3.632215037941932678e-02 1.713871955871582031e-02 5.878314748406410217e-02 3.896464034914970398e-02 3.923981636762619019e-02 9.794261306524276733e-03 5.514655262231826782e-02 4.474302008748054504e-02 4.847900476306676865e-03 9.293480962514877319e-02 4.830982536077499390e-02 4.443238675594329834e-02 6.877020001411437988e-02 7.201051712036132812e-02 1.653097942471504211e-02 7.087266445159912109e-02 2.860882878303527832e-02 3.983230888843536377e-02 2.977874130010604858e-02 5.768654495477676392e-02 6.233236752450466156e-03 4.347674921154975891e-02 1.453411020338535309e-02 3.375515341758728027e-02 4.143230617046356201e-02 3.118163533508777618e-02 2.688062191009521484e-02 4.586227878462523222e-04
1.125159412622451782e-01 9.925053268671035767e-02 3.109023347496986389e-02 7.236115634441375732e-02 5.188131332397460938e-02 1.623639315366744995e-01 1.862181127071380615e-01 1.597496122121810913e-02 2.950825914740562439e-02 4.287328943610191345e-02 1.195594891905784607e-01 3.833505511283874512e-02 3.183932229876518250e-02 5.615449324250221252e-02 7.831428200006484985e-03 8.542062714695930481e-04 5.491967126727104187e-02 2.487081661820411682e-02 5.912690889090299606e-03 7.470567361451685429e-04 7.093482464551925659e-02 2.966440469026565552e-02 3.345504030585289001e-02 1.988552324473857880e-02 5.396143998950719833e-03 6.301167607307434082e-02 1.137272920459508896e-02 5.614596605300903320e-02 6.298628449440002441e-02 5.975771695375442505e-02 3.634860739111900330e-02 1.972999237477779388e-02 5.469080805778503418e-02 7.685746531933546066e-04 4.594717919826507568e-02 8.048539981245994568e-03 1.766233518719673157e-02 2.230371721088886261e-02 4.596833884716033936e-02 6.678979098796844482e-02 4.275795444846153259e-02 3.511082008481025696e-02 4.572175070643424988e-02 4.249372333288192749e-02 7.341936696320772171e-03 2.599303610622882843e-02 2.000014483928680420e-01 1.907264292240142822e-01 3.774664551019668579e-02 2.920950762927532196e-02 2.318545617163181305e-02 4.148716479539871216e-02 1.018615788780152798e-03 2.355861663818359375e-02 4.039582982659339905e-02 4.721052572131156921e-02 3.667515888810157776e-02 5.591699108481407166e-02 4.660545662045478821e-02 3.132959827780723572e-02 3.558100387454032898e-02 1.568842120468616486e-02 3.101232461631298065e-02 6.679367274045944214e-02 2.302394434809684753e-02 5.263956263661384583e-02 1.509631238877773285e-02 1.769847120158374310e-03 1.213304791599512100e-02 2.404847368597984314e-02 2.489192597568035126e-02 1.117794029414653778e-02 2.167510101571679115e-04 3.459480777382850647e-02 2.436914108693599701e-02 1.401024777442216873e-02 1.733964681625366211e-02 3.482325375080108643e-02 2.174244821071624756e-02 4.971691593527793884e-02 1.847903802990913391e-02 2.349642664194107056e-02 2.304947376251220703e-02 8.464410901069641113e-02 1.203483436256647110e-02 1.300951652228832245e-02 3.286305814981460571e-02 1.238792855292558670e-02 4.590951278805732727e-02 7.606957573443651199e-03 9.986244887113571167e-02 3.589230403304100037e-02 3.327451646327972412e-02 5.182555690407752991e-02 7.212709635496139526e-02 1.533698197454214096e-02 2.323199249804019928e-02 3.078961558640003204e-02 1.773807592689990997e-02 7.321419660001993179e-03 1.859836652874946594e-02 1.781814917922019958e-02 2.759983763098716736e-02 5.964381247758865356e-02 7.324531674385070801e-03 1.597304642200469971e-02 4.360673204064369202e-02 8.586411178112030029e-02 2.172286435961723328e-02 7.340674847364425659e-02 5.441415682435035706e-02 3.767973557114601135e-02 4.237048327922821045e-02 8.599761873483657837e-02 4.600903764367103577e-02 9.377619251608848572e-03
5.568815022706985474e-02 4.060200601816177368e-02 1.525667309761047363e-01 7.246094197034835815e-02 6.320282816886901855e-02 7.184824347496032715e-02 1.597496122121810913e-02 2.507342956960201263e-02 5.813787691295146942e-03 3.408434242010116577e-02 5.724508315324783325e-02 9.820994921028614044e-03 4.675763845443725586e-02 2.492001047357916832e-03 8.622401952743530273e-02 2.773309871554374695e-02 4.887956660240888596e-03 4.865316301584243774e-02 4.940970614552497864e-02 2.615157887339591980e-02 7.803946733474731445e-03 1.163756921887397766e-01 6.421161815524101257e-03 5.158772692084312439e-02 5.466002970933914185e-02 1.400233525782823563e-02 5.205516237765550613e-03 1.321191806346178055e-02 5.291502457112073898e-04 5.029019340872764587e-02 1.254748273640871048e-02 2.989258803427219391e-02 2.433832921087741852e-02 5.709888413548469543e-02 4.814072698354721069e-02 3.419948369264602661e-02 1.191924698650836945e-02 3.442111238837242126e-02 4.988353699445724487e-02 3.724912926554679871e-02 4.414392635226249695e-02 1.499019935727119446e-02 6.884893029928207397e-02 5.299847200512886047e-02 5.603286903351545334e-03 3.347032144665718079e-02 9.414729662239551544e-03 2.015910856425762177e-02 1.534989289939403534e-02 3.507349267601966858e-02 3.882813826203346252e-02 3.740084543824195862e-02 3.482710197567939758e-02 3.414553031325340271e-02 2.005962282419204712e-02 5.672169849276542664e-02 1.881738752126693726e-02 8.033669739961624146e-02 5.760651826858520508e-02 6.223097909241914749e-03 1.139840483665466309e-02 5.973776429891586304e-02 4.095846321433782578e-03 7.486721500754356384e-03 1.154777966439723969e-02 4.939566366374492645e-03 6.441312376409769058e-03 2.012245357036590576e-02 1.158941444009542465e-02 3.844277560710906982e-02 6.168635562062263489e-02 5.757381767034530640e-02 2.081530168652534485e-02 9.431502968072891235e-02 1.296452991664409637e-02 4.249291028827428818e-03 7.852218113839626312e-03 5.727995559573173523e-02 3.720525652170181274e-02 2.368517220020294189e-02 4.484754055738449097e-03 6.037781015038490295e-02 1.162203215062618256e-02 1.029497757554054260e-01 7.840431481599807739e-02 2.484367229044437408e-02 1.343200057744979858e-01 1.102861762046813965e-01 4.148992302361875772e-04 2.725142985582351685e-02 5.977533757686614990e-02 4.257717356085777283e-02 7.439243793487548828e-02 4.365588724613189697e-02 3.586211800575256348e-02 6.456467509269714355e-02 2.278924919664859772e-02 2.864700183272361755e-02 6.425892002880573273e-03 3.267706930637359619e-02 3.229252621531486511e-02 3.431705012917518616e-02 4.835030063986778259e-02 6.072970107197761536e-03 4.295315220952033997e-02 4.631143063306808472e-03 3.396005928516387939e-02 5.316130816936492920e-02 2.848983556032180786e-02 2.617116458714008331e-02 1.184884551912546158e-02 6.066786125302314758e-02 5.194427445530891418e-02 4.331692680716514587e-02 2.813680097460746765e-02 2.625585719943046570e-02
2.595118992030620575e-02 1.733564585447311401e-02 3.136037290096282959e-02 6.150733679533004761e-02 5.695660598576068878e-03 5.662602838128805161e-03 2.950825914740562439e-02 5.813787691295146942e-03 8.636029064655303955e-02 3.500168025493621826e-02 4.128844290971755981e-02 1.690386421978473663e-02 1.125372829847037792e-03 5.982397869229316711e-02 2.237602882087230682e-02 1.865987433120608330e-03 2.985166758298873901e-02 1.113530918955802917e-01 7.793001830577850342e-02 2.625238557811826468e-04 1.643602363765239716e-02 8.085078559815883636e-03 1.561531517654657364e-02 3.682693094015121460e-02 6.270873825997114182e-03 6.328721344470977783e-02 2.800941653549671173e-02 1.146109029650688171e-02 3.999202698469161987e-02 3.046952886506915092e-03 4.250060766935348511e-02 4.439823329448699951e-02 3.039835579693317413e-02 8.403427898883819580e-03 6.603229045867919922e-02 2.105844952166080475e-02 4.127631895244121552e-03 3.239583969116210938e-02 2.958078868687152863e-02 5.273527652025222778e-02 1.572916097939014435e-02 2.858806215226650238e-02 1.330334320664405823e-02 7.162677496671676636e-02 2.057923190295696259e-02 6.138655170798301697e-02 3.945420309901237488e-02 4.004270210862159729e-02 8.747783303260803223e-02 4.243306070566177368e-02 5.920077860355377197e-02 4.023171588778495789e-02 3.014290891587734222e-02 3.886510804295539856e-02 8.571986854076385498e-02 1.805318146944046021e-02 1.287537347525358200e-02 5.035044997930526733e-02 7.899936288595199585e-03 1.987779140472412109e-02 5.338668450713157654e-02 3.952936269342899323e-03 8.241361379623413086e-02 3.377010812982916832e-03 7.128571625798940659e-03 4.603375680744647980e-03 2.721812762320041656e-02 2.641451312229037285e-03 5.069092661142349243e-02 2.624900825321674347e-02 2.211261726915836334e-02 2.499659173190593719e-02 4.309636354446411133e-02 4.844902455806732178e-02 1.423091511242091656e-03 8.143076300621032715e-02 7.043518871068954468e-02 3.258492797613143921e-02 9.316147863864898682e-02 5.904585495591163635e-02 4.272325895726680756e-03 3.789607807993888855e-02 1.996886730194091797e-02 4.322993755340576172e-02 5.687293037772178650e-02 1.010718196630477905e-02 1.266815047711133957e-02 1.362970098853111267e-02 5.768221989274024963e-02 5.291724950075149536e-02 2.362129837274551392e-02 1.110011339187622070e-02 5.496084690093994141e-02 3.192655742168426514e-02 8.030009269714355469e-02 5.984273925423622131e-02 1.267895102500915527e-02 6.773957610130310059e-02 3.406288102269172668e-02 4.193783178925514221e-02 3.616039827466011047e-02 3.400368243455886841e-02 2.211697958409786224e-02 2.805051021277904510e-02 2.065649628639221191e-02 1.495776604861021042e-02 3.460175544023513794e-02 4.031238704919815063e-02 1.942343427799642086e-03 2.035816386342048645e-02 2.748806588351726532e-02 3.845623135566711426e-02 1.215033815242350101e-03 4.500343929976224899e-03 4.297082498669624329e-02 2.692130953073501587e-02
1.673441566526889801e-02 7.801172323524951935e-03 2.086642384529113770e-02 1.571644470095634460e-02 2.136463858187198639e-02 1.556006725877523422e-03 4.287328943610191345e-02 3.408434242010116577e-02 3.500168025493621826e-02 6.592478603124618530e-02 3.863551886752247810e-03 3.827093169093132019e-02 2.641837485134601593e-02 6.075054034590721130e-02 1.570213399827480316e-02 5.615038797259330750e-02 2.343530952930450439e-02 3.201464191079139709e-02 1.042071282863616943e-01 1.042300742119550705e-02 6.076319888234138489e-02 3.077085502445697784e-02 5.635832250118255615e-02 4.867166280746459961e-02 2.631469257175922394e-02 1.882235892117023468e-02 1.514530368149280548e-02 4.773339256644248962e-02 3.824812546372413635e-02 3.306128084659576416e-02 3.306522965431213379e-02 1.224549580365419388e-02 2.388606406748294830e-02 3.344774618744850159e-02 5.161685869097709656e-03 1.468688948079943657e-03 1.505322434240952134e-04 1.333477068692445755e-02 4.242554306983947754e-02 2.168886363506317139e-02 4.907791316509246826e-02 3.057651221752166748e-02 1.806153729557991028e-02 4.476606100797653198e-02 6.675114855170249939e-03 8.258269727230072021e-02 1.342159137129783630e-02 2.856104262173175812e-02 2.335595712065696716e-02 4.690111055970191956e-02 2.503542974591255188e-02 5.724349524825811386e-03 1.634948886930942535e-02 2.721473574638366699e-02 1.371943624690175056e-03 2.661566250026226044e-02 2.411092072725296021e-02 1.672671362757682800e-02 1.522865029983222485e-03 5.762337893247604370e-02 1.459001749753952026e-02 3.350776806473731995e-02 4.081299155950546265e-02 5.744200199842453003e-02 1.904270797967910767e-02 1.066292822360992432e-02 9.548795409500598907e-03 1.880944706499576569e-02 4.272928461432456970e-03 3.813780844211578369e-02 2.051850967109203339e-02 4.496766719967126846e-03 5.485383421182632446e-02 7.152183353900909424e-02 3.634288907051086426e-02 2.090469747781753540e-02 4.566363990306854248e-02 6.373573094606399536e-02 1.068704947829246521e-02 1.076184138655662537e-01 6.169621832668781281e-03 2.175725065171718597e-02 4.005286842584609985e-02 1.622816314920783043e-03 3.868576895911246538e-04 3.959082439541816711e-02 3.032629750669002533e-02 2.241622842848300934e-02 8.707412518560886383e-03 1.049337759613990784e-01 4.311254993081092834e-02 8.830543607473373413e-03 3.405435755848884583e-02 1.460405881516635418e-03 3.712136298418045044e-03 1.398189808242022991e-03 4.524284601211547852e-02 1.725619542412459850e-03 2.045930735766887665e-02 1.005338504910469055e-02 3.470786660909652710e-02 4.429819807410240173e-02 2.864618040621280670e-02 9.217275073751807213e-04 5.632325191982090473e-04 3.850555047392845154e-02 7.066185935400426388e-05 4.424007143825292587e-03 6.122305616736412048e-02 3.643836453557014465e-02 9.588081389665603638e-03 3.347299993038177490e-02 1.939959637820720673e-02 2.089183032512664795e-02 2.464507520198822021e-02 2.842025272548198700e-02
1.357425898313522339e-01 1.285111308097839355e-01 3.067855536937713623e-02 4.727358464151620865e-03 1.066999509930610657e-02 9.330211579799652100e-02 1.195594891905784607e-01 5.724508315324783325e-02 4.128844290971755981e-02 3.863551886752247810e-03 1.319241374731063843e-01 6.760422140359878540e-03 9.529612213373184204e-02 8.188877254724502563e-02 1.506022177636623383e-02 2.865694835782051086e-02 3.785348683595657349e-02 2.081134542822837830e-02 6.335690617561340332e-03 6.663951557129621506e-03 2.689094096422195435e-02 2.610843628644943237e-02 3.131124377250671387e-02 3.701395541429519653e-02 1.292323507368564606e-02 7.582574151456356049e-03 3.293833136558532715e-02 3.592716902494430542e-02 1.380426157265901566e-02 1.739654503762722015e-02 7.577944546937942505e-02 6.227969378232955933e-02 2.637072652578353882e-02 3.437813743948936462e-02 2.323594409972429276e-03 1.691837795078754425e-02 2.211699029430747032e-03 5.038607865571975708e-03 3.314911574125289917e-02 4.246373195201158524e-03 1.498464867472648621e-02 6.252606399357318878e-03 2.939524315297603607e-02 2.590421028435230255e-02 5.232110247015953064e-02 6.699247658252716064e-02 9.616382420063018799e-02 9.956293553113937378e-02 5.057121068239212036e-02 3.915218636393547058e-02 1.040779612958431244e-02 1.792723685503005981e-02 1.432989165186882019e-02 3.911304846405982971e-02 8.041561394929885864e-02 4.430567380040884018e-03 5.902036279439926147e-02 3.374198079109191895e-02 5.681873764842748642e-03 3.741734474897384644e-02 6.826718896627426147e-02 4.449708387255668640e-02 8.996589109301567078e-03 5.335381627082824707e-02 8.630988001823425293e-02 5.989189445972442627e-02 3.954290971159934998e-02 1.954106148332357407e-03 6.506354361772537231e-02 3.224430605769157410e-02 3.920111060142517090e-02 4.760990664362907410e-02 3.527759388089179993e-02 8.246966637670993805e-03 3.022568486630916595e-02 6.153131369501352310e-03 2.686044573783874512e-02 6.046101450920104980e-02 3.170336829498410225e-03 3.202604502439498901e-02 4.377031326293945312e-02 5.077419802546501160e-02 3.979485481977462769e-02 1.979371532797813416e-02 1.512370444834232330e-02 4.990480095148086548e-02 1.063300743699073792e-01 9.655740112066268921e-03 1.281460095196962357e-02 3.890480101108551025e-02 3.762973705306649208e-03 5.576814338564872742e-02 4.932880774140357971e-02 3.384351730346679688e-02 7.382413744926452637e-02 9.203556925058364868e-03 6.365939974784851074e-03 3.001949563622474670e-02 1.461472269147634506e-02 5.811279173940420151e-03 1.266808994114398956e-02 3.049314394593238831e-02 3.085733018815517426e-02 5.632461979985237122e-02 1.808752119541168213e-02 1.299522351473569870e-02 9.214958548545837402e-02 3.257719427347183228e-02 4.971758648753166199e-02 4.509909823536872864e-02 5.060010030865669250e-02 3.135306015610694885e-02 1.878662593662738800e-02 7.113107293844223022e-02 7.067992538213729858e-02 4.244362190365791321e-02
3.014823794364929199e-02 4.914195090532302856e-02 5.912600457668304443e-02 2.609908208250999451e-02 3.395501524209976196e-02 7.133664935827255249e-02 3.833505511283874512e-02 9.820994921028614044e-03 1.690386421978473663e-02 3.827093169093132019e-02 6.760422140359878540e-03 8.359596133232116699e-02 6.356665398925542831e-03 2.069511264562606812e-01 1.362116541713476181e-02 4.719443619251251221e-02 7.338845171034336090e-03 3.911007568240165710e-02 2.393086813390254974e-02 5.191667471081018448e-03 1.554392836987972260e-02 1.344256754964590073e-02 2.964354120194911957e-02 6.626012921333312988e-02 4.963682964444160461e-03 1.718974858522415161e-02 5.953032523393630981e-02 1.346914917230606079e-01 3.548224456608295441e-03 1.599561423063278198e-01 4.358620569109916687e-02 1.897124573588371277e-02 6.344138528220355511e-04 4.379454534500837326e-03 1.591175608336925507e-02 5.178039893507957458e-02 1.071184966713190079e-02 4.596615955233573914e-02 8.739040046930313110e-02 1.374605856835842133e-02 3.812558948993682861e-02 3.037399798631668091e-02 3.901811689138412476e-02 2.293815091252326965e-02 3.015459515154361725e-02 1.008113101124763489e-02 3.881128970533609390e-03 2.006495837122201920e-03 1.431321073323488235e-02 6.473895162343978882e-02 3.519295901060104370e-02 2.348657511174678802e-02 7.346773147583007812e-02 3.121569193899631500e-02 2.028529159724712372e-02 7.682435959577560425e-02 5.385978147387504578e-02 3.943699225783348083e-02 1.271439641714096069e-01 1.190085709095001221e-01 3.923115879297256470e-02 7.023571524769067764e-03 1.885019987821578979e-02 4.494820162653923035e-02 6.310895830392837524e-02 1.142521202564239502e-02 3.662678599357604980e-02 1.593473181128501892e-02 4.045260325074195862e-02 5.697529017925262451e-02 7.020355761051177979e-02 4.277480393648147583e-02 2.885781787335872650e-02 8.361402153968811035e-02 7.889188081026077271e-02 2.911319211125373840e-02 2.673184499144554138e-02 6.626032292842864990e-03 6.942380964756011963e-02 4.591032862663269043e-02 7.249134033918380737e-02 1.494835782796144485e-02 4.656739160418510437e-02 4.954621940851211548e-02 1.789480820298194885e-02 3.578269854187965393e-02 9.627567604184150696e-03 2.081899717450141907e-02 7.695826143026351929e-02 7.925926148891448975e-02 1.169490511529147625e-03 1.082616485655307770e-02 3.882720693945884705e-02 5.175998061895370483e-02 5.191127210855484009e-02 1.964138820767402649e-02 4.078629612922668457e-02 1.411353982985019684e-02 2.682201797142624855e-03 6.243984680622816086e-03 1.979017816483974457e-02 4.269914329051971436e-02 6.372611969709396362e-02 5.114524811506271362e-02 2.513424493372440338e-03 5.560528486967086792e-02 7.183746993541717529e-02 7.710772333666682243e-04 5.690831691026687622e-02 1.694103889167308807e-02 3.936535865068435669e-02 2.465014904737472534e-02 1.180191058665513992e-02 4.478838294744491577e-03 2.006969414651393890e-02 4.881650209426879883e-02
1.054750755429267883e-01 1.101267635822296143e-01 1.605833880603313446e-02 4.819014295935630798e-02 1.933848671615123749e-02 8.104372024536132812e-02 3.183932229876518250e-02 4.675763845443725586e-02 1.125372829847037792e-03 2.641837485134601593e-02 9.529612213373184204e-02 6.356665398925542831e-03 8.640715479850769043e-02 8.348193019628524780e-02 7.186243683099746704e-02 7.379242777824401855e-02 7.658105343580245972e-02 2.816673740744590759e-02 3.918417543172836304e-02 1.406908221542835236e-02 1.098672952502965927e-02 3.940561413764953613e-02 3.318931534886360168e-02 2.652210369706153870e-02 7.697841152548789978e-03 1.210583373904228210e-02 6.019868422299623489e-03 2.343551488593220711e-03 2.526370808482170105e-02 4.318117350339889526e-02 4.030328243970870972e-02 3.075985051691532135e-02 2.134351059794425964e-02 4.726729914546012878e-02 3.908377513289451599e-02 1.595227606594562531e-02 1.190286222845315933e-02 1.372683979570865631e-02 2.794348821043968201e-02 2.870533987879753113e-02 2.936917729675769806e-02 9.977806359529495239e-03 1.580235548317432404e-02 2.295209281146526337e-02 3.881717473268508911e-02 1.919229142367839813e-02 4.894813522696495056e-02 6.129236519336700439e-02 3.324646269902586937e-03 2.092231251299381256e-02 6.007027626037597656e-02 3.407669812440872192e-02 2.793619967997074127e-02 3.041954524815082550e-02 5.810065660625696182e-03 9.063596837222576141e-03 3.671734593808650970e-03 4.153840243816375732e-02 4.634942114353179932e-02 1.294140331447124481e-02 4.252270795404911041e-03 5.777197075076401234e-04 2.394432201981544495e-02 5.453304387629032135e-03 7.623465359210968018e-02 9.333246946334838867e-02 3.090289607644081116e-02 1.987464167177677155e-02 4.101768136024475098e-02 6.710377335548400879e-02 3.624964505434036255e-02 1.367880403995513916e-02 1.935870386660099030e-02 4.426098894327878952e-03 3.791472688317298889e-02 2.363679185509681702e-02 4.685338120907545090e-03 3.918600082397460938e-02 3.439578413963317871e-02 5.315623059868812561e-02 5.310167372226715088e-02 2.854203246533870697e-02 6.915755569934844971e-02 3.322292817756533623e-03 1.163886860013008118e-02 3.464514762163162231e-02 4.127524048089981079e-02 2.792600356042385101e-02 4.411214962601661682e-03 5.002322047948837280e-02 1.020337641239166260e-02 6.614997982978820801e-02 2.417636103928089142e-02 6.191477552056312561e-02 4.661752656102180481e-02 7.378792390227317810e-03 2.804266661405563354e-02 5.573129653930664062e-02 5.054163932800292969e-02 5.467680096626281738e-02 7.259685080498456955e-03 1.035346742719411850e-02 2.895577251911163330e-02 3.206856548786163330e-02 3.000043332576751709e-02 5.527508910745382309e-03 3.209824115037918091e-02 3.166438080370426178e-03 4.851641878485679626e-02 2.262888289988040924e-02 5.502455681562423706e-02 1.896667480468750000e-02 1.101918704807758331e-02 7.896617054939270020e-03 3.091559512540698051e-03 4.540072754025459290e-02
