3.504494670778512955e-03 1.740824431180953979e-01 3.307915106415748596e-02 3.600439429283142090e-02 2.538451924920082092e-02 8.712404221296310425e-02 5.692926794290542603e-02 6.670036166906356812e-02 7.784173940308392048e-04 1.478191372007131577e-02 2.080170959234237671e-01 2.449877187609672546e-02 8.379997313022613525e-02 2.545002289116382599e-02 7.111853361129760742e-02 3.461457043886184692e-02 1.326894853264093399e-02 7.546612760052084923e-04 7.741139736026525497e-03 5.243160575628280640e-02 3.185361996293067932e-02 3.367227315902709961e-02 2.669164352118968964e-02 1.849277503788471222e-02 3.451302275061607361e-02 2.085132151842117310e-02 1.569516025483608246e-02 2.880931645631790161e-02 8.962771296501159668e-02 1.744872145354747772e-02 6.228478252887725830e-02 1.780297793447971344e-02 5.359244067221879959e-03 4.085791110992431641e-02 3.069731779396533966e-02 1.010804399847984314e-01 3.452869597822427750e-03 1.761545613408088684e-02 1.611104235053062439e-02 3.654585406184196472e-02 2.324254624545574188e-02 5.685054510831832886e-02 3.799488395452499390e-02 3.695299848914146423e-02 8.227925747632980347e-03 3.448414057493209839e-02 1.750496029853820801e-02 4.309571161866188049e-02 1.078260540962219238e-01 3.103298693895339966e-02 5.127501115202903748e-02 7.753726094961166382e-03 3.367215394973754883e-02 4.852264747023582458e-02 9.078039787709712982e-03 4.759983718395233154e-02 1.063545513898134232e-02 3.119342587888240814e-02 2.253527007997035980e-02 2.321857400238513947e-02 3.455845266580581665e-02 2.890167757868766785e-02 4.787946119904518127e-02 1.452306751161813736e-02 4.145655408501625061e-02 1.117104315198957920e-03 3.049325384199619293e-02 5.430637858808040619e-03 1.155888661742210388e-02 2.367116138339042664e-02 7.966546691022813320e-04 2.324995212256908417e-02 4.020138457417488098e-02 1.553310453891754150e-02 5.965357273817062378e-02 1.053340616635978222e-03 1.446606009267270565e-03 1.214025635272264481e-02 4.696387797594070435e-02 3.334602713584899902e-02 9.398433379828929901e-03 9.959372691810131073e-03 4.429013933986425400e-03 3.224391490221023560e-02 5.096404254436492920e-02 1.229508034884929657e-02 3.515334427356719971e-02 4.669550806283950806e-02 4.559141397476196289e-02 4.928646609187126160e-03 3.594391047954559326e-03 3.219897300004959106e-02 3.798221796751022339e-02 2.369180694222450256e-02 4.668555408716201782e-02 1.089721918106079102e-02 5.030229687690734863e-02 1.825349032878875732e-02 5.129672214388847351e-02 1.096430700272321701e-02 3.602254018187522888e-02 7.470369338989257812e-03 5.145874619483947754e-02 2.284923382103443146e-02 6.185763515532016754e-03 3.317822515964508057e-02 3.083771280944347382e-02 2.305174432694911957e-02 1.524793822318315506e-02 9.297230863012373447e-04 1.051592230796813965e-01 7.346629165112972260e-03 1.419383380562067032e-02 7.804948836565017700e-02 6.959375459700822830e-03 1.026669424027204514e-02
1.740824431180953979e-01 1.438585948199033737e-02 3.812844166532158852e-03 2.777608297765254974e-02 2.959205582737922668e-02 7.006309181451797485e-02 8.548352867364883423e-02 1.518136076629161835e-02 1.068320591002702713e-02 1.069541554898023605e-02 1.196732893586158752e-01 3.237184882164001465e-02 1.138576567173004150e-01 2.809462882578372955e-02 4.777469113469123840e-02 1.537360064685344696e-02 2.285259589552879333e-02 1.771431230008602142e-02 1.736180298030376434e-02 1.627866993658244610e-03 1.097943261265754700e-02 6.048800423741340637e-02 6.861047446727752686e-02 3.236609697341918945e-02 4.082211479544639587e-02 3.506873175501823425e-02 6.059178337454795837e-02 1.795271039009094238e-02 2.669829502701759338e-02 5.905792862176895142e-02 2.959972806274890900e-02 6.148803979158401489e-02 2.961584366858005524e-02 2.305906079709529877e-02 2.617126330733299255e-02 2.963916584849357605e-02 4.370095953345298767e-02 4.141619056463241577e-02 5.006901547312736511e-02 3.469389304518699646e-02 2.368996851146221161e-02 3.114352375268936157e-02 1.536599453538656235e-02 4.171802476048469543e-02 8.481771685183048248e-03 3.898733854293823242e-02 4.576509073376655579e-02 3.912512585520744324e-02 6.088576838374137878e-02 1.782055571675300598e-02 5.109622143208980560e-03 3.499026596546173096e-02 7.034538313746452332e-03 4.290674254298210144e-02 5.379781872034072876e-02 5.449176300317049026e-03 1.481306366622447968e-02 2.322468534111976624e-02 1.688072085380554199e-02 2.892575040459632874e-02 1.182127837091684341e-02 3.415462328121066093e-03 5.012670159339904785e-02 1.773908920586109161e-02 1.333931577391922474e-03 3.191516548395156860e-02 1.545679382979869843e-02 2.887839265167713165e-02 3.913265466690063477e-02 2.786041796207427979e-02 2.280744165182113647e-02 9.612958878278732300e-03 4.240523278713226318e-02 1.403399836272001266e-02 7.845759391784667969e-02 1.107481494545936584e-02 5.216075107455253601e-03 6.549063604325056076e-03 5.084621906280517578e-02 4.961849004030227661e-02 6.982606649398803711e-02 8.248385274782776833e-04 2.891137450933456421e-02 1.467886846512556076e-02 3.202189505100250244e-02 3.083299961872398853e-04 2.826025523245334625e-02 1.330560445785522461e-02 6.532724015414714813e-03 9.233054704964160919e-03 3.584836050868034363e-02 3.024988807737827301e-02 2.914554206654429436e-04 3.495874116197228432e-03 1.429904159158468246e-02 3.949747979640960693e-02 1.647465489804744720e-02 2.387995272874832153e-02 4.182511940598487854e-02 6.228277459740638733e-03 1.705005392432212830e-02 1.469348277896642685e-02 1.211680471897125244e-02 1.478253118693828583e-02 9.440819732844829559e-03 2.049799636006355286e-02 2.761359512805938721e-02 6.589865311980247498e-03 7.789921481162309647e-03 5.386934056878089905e-02 3.402825072407722473e-02 2.656951360404491425e-02 5.310410633683204651e-03 2.890793979167938232e-02 5.989288538694381714e-02 1.164577007293701172e-01
3.307915106415748596e-02 3.812844166532158852e-03 1.338276546448469162e-03 9.434550255537033081e-02 1.352307479828596115e-02 6.427089869976043701e-02 2.105537056922912598e-02 2.165879011154174805e-01 2.690330520272254944e-02 6.428810954093933105e-02 1.373180747032165527e-02 8.239117451012134552e-03 2.262181229889392853e-02 3.264657454565167427e-03 3.277973830699920654e-02 8.369758725166320801e-03 3.820332512259483337e-02 4.712602123618125916e-03 3.974440321326255798e-02 3.251633420586585999e-02 4.827068373560905457e-02 4.735490679740905762e-02 2.091937325894832611e-02 8.236379362642765045e-03 2.058547455817461014e-03 6.455662846565246582e-02 3.556105121970176697e-02 7.792708277702331543e-02 3.081187605857849121e-02 1.538106054067611694e-02 2.377676591277122498e-02 1.653704047203063965e-02 9.307863190770149231e-03 6.282859295606613159e-02 1.271345280110836029e-02 1.982223428785800934e-02 7.655520923435688019e-03 6.456232070922851562e-02 2.499806135892868042e-02 2.631942555308341980e-02 3.765327110886573792e-02 4.656479507684707642e-02 5.538477748632431030e-02 7.114459574222564697e-02 3.223475068807601929e-02 7.601397484540939331e-02 3.502616658806800842e-02 3.631973266601562500e-02 8.254528790712356567e-02 2.013747021555900574e-02 5.356072261929512024e-02 4.167066141963005066e-02 1.070994697511196136e-02 3.295938670635223389e-02 2.540067583322525024e-02 9.947162121534347534e-02 3.663742914795875549e-02 4.337144270539283752e-02 3.196607530117034912e-02 4.990142583847045898e-02 3.536551818251609802e-02 6.321056187152862549e-02 1.803605817258358002e-02 1.755187870003283024e-03 1.003618165850639343e-02 3.974611684679985046e-02 1.639812253415584564e-02 5.359626188874244690e-02 4.929765313863754272e-02 3.744015097618103027e-02 2.757764235138893127e-02 5.096128676086664200e-03 4.591994360089302063e-02 6.288944184780120850e-02 6.865140795707702637e-02 2.898113802075386047e-02 1.238387310877442360e-03 7.914782501757144928e-03 6.266166456043720245e-04 8.367009460926055908e-02 2.035151571035385132e-01 2.270680516958236694e-01 4.012683406472206116e-02 4.181136935949325562e-02 8.344476670026779175e-02 1.234650611877441406e-02 6.001880019903182983e-02 4.033799842000007629e-02 4.999391362071037292e-02 3.972748294472694397e-02 3.616626188158988953e-02 1.719280518591403961e-02 8.289633691310882568e-02 1.812084577977657318e-02 6.575839221477508545e-02 2.036584168672561646e-02 1.177411060780286789e-02 7.452092599123716354e-03 2.654819749295711517e-02 1.931648328900337219e-02 4.546300694346427917e-02 1.785883307456970215e-02 2.051110193133354187e-02 1.021714415401220322e-02 2.311376854777336121e-02 3.824476525187492371e-02 5.898989364504814148e-02 1.688457466661930084e-02 1.178935635834932327e-02 4.594753682613372803e-02 1.316668186336755753e-02 7.452432066202163696e-03 1.610536687076091766e-02 2.455633506178855896e-02 2.555487304925918579e-02 2.578633651137351990e-02
3.600439429283142090e-02 2.777608297765254974e-02 9.434550255537033081e-02 2.458401490002870560e-03 1.119458973407745361e-01 4.648388549685478210e-02 9.255670011043548584e-03 7.426802534610033035e-03 4.296498373150825500e-02 1.852433942258358002e-02 3.845060616731643677e-02 2.574335038661956787e-02 1.773980632424354553e-02 6.819535046815872192e-02 1.915529556572437286e-02 4.678476229310035706e-02 3.910543769598007202e-02 2.326578088104724884e-02 4.700681567192077637e-02 3.561664745211601257e-02 2.057953551411628723e-02 4.001556590083055198e-05 4.192788526415824890e-02 1.433495339006185532e-02 1.128942985087633133e-02 6.910666823387145996e-02 5.516715813428163528e-03 4.511227831244468689e-02 4.265391826629638672e-02 3.879952058196067810e-02 4.300811886787414551e-02 2.448074519634246826e-02 6.804723292589187622e-02 4.623292386531829834e-02 1.582435145974159241e-02 2.834793739020824432e-02 2.674569375813007355e-02 5.010100826621055603e-02 6.166614592075347900e-02 4.266288597136735916e-03 1.835607108660042286e-03 3.099119104444980621e-02 4.540410637855529785e-02 2.430260926485061646e-02 5.038951337337493896e-02 3.728051111102104187e-02 5.128069315105676651e-03 5.345179233700037003e-03 3.640620782971382141e-02 1.183459418825805187e-03 1.796801760792732239e-02 2.344979532063007355e-02 4.959384351968765259e-02 1.623729430139064789e-02 4.322646185755729675e-02 9.960642457008361816e-02 2.421153709292411804e-02 7.426965981721878052e-02 3.051078878343105316e-02 3.914139419794082642e-02 1.062611490488052368e-01 7.963517308235168457e-02 5.303272604942321777e-02 4.610791802406311035e-02 1.566535048186779022e-02 3.198261559009552002e-02 3.255864605307579041e-02 4.950737208127975464e-02 8.996180444955825806e-02 5.124013498425483704e-02 1.406118366867303848e-02 3.905645757913589478e-02 1.791739910840988159e-01 5.831748130731284618e-04 1.145886182785034180e-01 1.419964060187339783e-02 7.472216337919235229e-02 6.924622692167758942e-03 6.898016482591629028e-02 1.468157395720481873e-02 7.164843380451202393e-02 2.185522578656673431e-03 3.247826546430587769e-02 7.046557217836380005e-02 5.585509166121482849e-02 1.482174545526504517e-02 5.258013308048248291e-02 2.148808538913726807e-02 1.930333115160465240e-02 5.784464627504348755e-02 1.247426588088274002e-02 1.956110261380672455e-02 3.609467530623078346e-04 4.356610774993896484e-02 7.514153607189655304e-03 1.276470720767974854e-02 1.587514020502567291e-02 4.348271060734987259e-03 5.002001300454139709e-02 3.605716675519943237e-02 4.315073788166046143e-02 2.783215232193470001e-02 2.611796185374259949e-02 1.972398720681667328e-02 3.158408775925636292e-02 4.895123094320297241e-02 3.285258635878562927e-02 6.026923656463623047e-02 8.109449595212936401e-02 6.970119476318359375e-02 6.203753408044576645e-03 7.006563991308212280e-02 1.963514462113380432e-02 1.852748543024063110e-02 1.692968793213367462e-02 1.716542057693004608e-02
2.538451924920082092e-02 2.959205582737922668e-02 1.352307479828596115e-02 1.119458973407745361e-01 2.569794654846191406e-02 1.777842268347740173e-02 5.236526951193809509e-02 3.412500396370887756e-02 3.707588650286197662e-03 1.926667988300323486e-02 1.001872308552265167e-02 4.106150567531585693e-02 4.873440414667129517e-02 2.155262790620326996e-02 6.528446823358535767e-02 1.118012331426143646e-02 9.759526699781417847e-02 3.032162413001060486e-02 1.117343157529830933e-01 7.025443483144044876e-03 9.431173652410507202e-02 6.303484737873077393e-02 2.509133517742156982e-02 5.782126262784004211e-02 1.777916587889194489e-02 3.673787787556648254e-02 2.609588019549846649e-02 4.959817044436931610e-03 7.176843285560607910e-02 5.048324540257453918e-02 2.123360522091388702e-02 2.165430411696434021e-02 2.013443782925605774e-02 2.200663462281227112e-02 6.265486776828765869e-02 2.132051438093185425e-02 3.181783854961395264e-02 3.374234214425086975e-02 1.087628602981567383e-01 3.213300928473472595e-02 4.219292104244232178e-02 2.399689331650733948e-02 4.397729411721229553e-02 2.183511666953563690e-02 4.664665088057518005e-02 4.583421722054481506e-02 4.540548101067543030e-02 6.318392604589462280e-02 3.622762113809585571e-02 3.653073683381080627e-03 3.384260460734367371e-02 4.621230065822601318e-02 7.855518162250518799e-02 2.777797915041446686e-02 2.242547273635864258e-02 2.472448348999023438e-02 5.246472358703613281e-02 2.528462931513786316e-02 4.451431706547737122e-02 4.599042609333992004e-02 3.235145658254623413e-02 6.643009185791015625e-02 2.511890232563018799e-02 5.738659948110580444e-02 2.498224191367626190e-02 2.685684338212013245e-02 2.911070734262466431e-02 4.997309297323226929e-02 2.730122581124305725e-02 1.300847437232732773e-02 5.080809444189071655e-02 8.364199101924896240e-02 2.675633132457733154e-02 5.529867485165596008e-02 1.514662802219390869e-01 2.958826953545212746e-03 5.552751198410987854e-02 1.442970125935971737e-03 1.318522146902978420e-03 5.014093965291976929e-02 1.990491145988926291e-04 5.232796445488929749e-02 7.417228817939758301e-02 2.063766866922378540e-01 4.191659018397331238e-02 4.603173211216926575e-02 1.004428341984748840e-01 6.437281146645545959e-03 2.337780222296714783e-02 3.215947374701499939e-02 9.830589406192302704e-03 1.179115660488605499e-02 9.625205397605895996e-02 3.186412528157234192e-02 6.860751658678054810e-02 3.167773783206939697e-02 1.928365230560302734e-02 3.151612728834152222e-02 2.844830229878425598e-02 1.927351951599121094e-02 5.495238304138183594e-02 2.703830040991306305e-02 6.515645980834960938e-02 5.794694647192955017e-03 1.875040307641029358e-02 4.665158689022064209e-02 5.473842844367027283e-02 4.525047261267900467e-03 3.982729092240333557e-02 3.386145085096359253e-02 1.553656160831451416e-02 2.219518274068832397e-02 4.421987757086753845e-02 5.043820664286613464e-02 6.176337599754333496e-03 2.950285561382770538e-02
8.712404221296310425e-02 7.006309181451797485e-02 6.427089869976043701e-02 4.648388549685478210e-02 1.777842268347740173e-02 4.383885860443115234e-02 1.182664185762405396e-01 4.864746239036321640e-03 7.548066321760416031e-03 8.745781145989894867e-03 1.089230254292488098e-01 5.007078126072883606e-02 6.988464295864105225e-02 3.441820666193962097e-02 1.011480949819087982e-02 1.942825503647327423e-02 1.071702875196933746e-02 2.512811124324798584e-02 2.635208703577518463e-02 2.189222723245620728e-02 7.873898139223456383e-04 2.009382285177707672e-02 4.984119907021522522e-02 5.948499962687492371e-02 3.452081978321075439e-02 9.456712752580642700e-03 5.832947045564651489e-02 4.589035362005233765e-02 1.815421134233474731e-02 4.247414320707321167e-02 8.177379146218299866e-03 5.357466638088226318e-02 4.277739301323890686e-02 2.082842215895652771e-02 4.025633260607719421e-02 4.147834330797195435e-02 8.271425962448120117e-02 3.801640588790178299e-03 1.244430150836706161e-02 2.362063340842723846e-02 4.875906184315681458e-02 1.756807416677474976e-02 1.591575704514980316e-02 3.261127695441246033e-02 4.628917947411537170e-02 1.589694060385227203e-02 1.382192224264144897e-01 9.771705418825149536e-02 6.402699649333953857e-02 2.085738442838191986e-02 5.295775365084409714e-03 3.103414783254265785e-03 1.889504678547382355e-02 2.745597064495086670e-02 3.962643444538116455e-02 2.596845477819442749e-02 9.283158928155899048e-03 4.232274932292057201e-06 5.257583782076835632e-02 5.745583772659301758e-02 4.376808064989745617e-04 2.711316570639610291e-03 3.897050023078918457e-02 1.543268188834190369e-02 4.151783511042594910e-02 5.225244443863630295e-03 4.660428036004304886e-03 3.187626227736473083e-02 9.994778782129287720e-03 5.056958645582199097e-02 4.680488258600234985e-02 1.080236025154590607e-02 2.262929454445838928e-02 2.484362572431564331e-03 1.741418242454528809e-02 8.013449609279632568e-03 1.237818598747253418e-02 1.342612784355878830e-02 1.628008298575878143e-02 3.027287870645523071e-02 1.219017989933490753e-02 2.325913374079391360e-04 5.260097794234752655e-03 3.556164354085922241e-02 7.328296545892953873e-03 6.717843352816998959e-04 1.105210091918706894e-02 2.406436391174793243e-02 4.480550065636634827e-02 2.397404424846172333e-02 7.246941328048706055e-02 1.969197764992713928e-02 1.673413813114166260e-02 1.431390526704490185e-03 2.499501593410968781e-02 3.797302395105361938e-02 7.565633859485387802e-03 4.525557626038789749e-03 1.728609949350357056e-02 1.202339306473731995e-02 3.977161832153797150e-03 3.747840644791722298e-03 4.392615228425711393e-04 6.393730640411376953e-02 1.972926221787929535e-02 2.385321259498596191e-02 4.225800186395645142e-02 2.173702232539653778e-02 2.607765048742294312e-02 2.220264635980129242e-02 4.747558385133743286e-02 1.723966747522354126e-02 5.035661626607179642e-03 9.087580256164073944e-04 3.049838915467262268e-02 1.674009114503860474e-02
5.692926794290542603e-02 8.548352867364883423e-02 2.105537056922912598e-02 9.255670011043548584e-03 5.236526951193809509e-02 1.182664185762405396e-01 7.587752491235733032e-02 1.923714391887187958e-02 2.443245984613895416e-02 2.612570859491825104e-02 7.013062387704849243e-02 3.587878122925758362e-02 5.318349972367286682e-02 4.229730740189552307e-02 3.849671781063079834e-02 5.594676360487937927e-03 9.950972889782860875e-05 1.169561175629496574e-03 3.106234967708587646e-02 3.297790139913558960e-02 2.540813200175762177e-02 1.443689782172441483e-02 3.676822781562805176e-02 4.002321511507034302e-02 1.258824672549962997e-02 3.635554760694503784e-02 5.331762135028839111e-02 1.405487954616546631e-02 2.574504166841506958e-02 2.792913280427455902e-02 3.969561681151390076e-02 7.111895829439163208e-02 6.750353146344423294e-03 3.488261252641677856e-02 2.032377198338508606e-02 2.137063629925251007e-02 6.282863765954971313e-02 5.979325994849205017e-02 1.341258827596902847e-02 6.136642396450042725e-02 2.822849899530410767e-02 4.517427086830139160e-02 3.385474160313606262e-02 2.231339737772941589e-02 6.378772854804992676e-02 4.147456027567386627e-03 9.854266792535781860e-02 1.232153028249740601e-01 3.139054030179977417e-02 2.334171161055564880e-02 4.399943631142377853e-03 3.992817550897598267e-02 2.260973863303661346e-02 2.341558039188385010e-02 3.858414664864540100e-02 7.078903168439865112e-02 5.798521265387535095e-02 3.695436194539070129e-02 2.006344962865114212e-03 1.385172363370656967e-02 4.675156250596046448e-02 2.701167948544025421e-02 4.801008477807044983e-02 9.014097973704338074e-03 3.763088956475257874e-02 9.327987581491470337e-02 3.718955209478735924e-03 5.414675548672676086e-02 2.584048919379711151e-02 3.245449811220169067e-02 1.188972848467528820e-03 4.265889152884483337e-02 7.177386898547410965e-03 2.518436312675476074e-02 3.320881351828575134e-02 1.386999897658824921e-02 1.885768957436084747e-02 1.736686564981937408e-02 2.592430450022220612e-02 3.857117518782615662e-02 3.442581743001937866e-02 2.233027480542659760e-02 2.210556343197822571e-02 1.288901455700397491e-02 3.188825771212577820e-02 2.273233234882354736e-02 8.155405521392822266e-04 2.178900502622127533e-02 1.590340584516525269e-02 3.471057489514350891e-02 9.813773632049560547e-02 3.026164136826992035e-02 3.668249025940895081e-02 7.097230106592178345e-02 1.726326881907880306e-03 4.137362167239189148e-02 1.428925781510770321e-03 4.021946713328361511e-02 2.404039353132247925e-02 2.434252994135022163e-03 2.836047857999801636e-02 1.454464159905910492e-02 3.510577976703643799e-02 3.549124673008918762e-02 3.544892370700836182e-02 4.212953150272369385e-02 1.568605564534664154e-02 3.776089847087860107e-02 8.665367029607295990e-03 4.270430281758308411e-02 5.440538749098777771e-02 8.758668787777423859e-03 2.904663980007171631e-02 4.092331603169441223e-02 3.494355827569961548e-02 1.696952246129512787e-02
6.670036166906356812e-02 1.518136076629161835e-02 2.165879011154174805e-01 7.426802534610033035e-03 3.412500396370887756e-02 4.864746239036321640e-03 1.923714391887187958e-02 3.664114326238632202e-02 2.745858207345008850e-02 5.023439601063728333e-02 3.112480603158473969e-02 1.415849663317203522e-02 6.390518695116043091e-02 3.178955242037773132e-02 1.319898217916488647e-01 9.974208660423755646e-03 3.333876654505729675e-02 3.039289265871047974e-02 2.092668041586875916e-02 1.053238213062286377e-01 1.527006179094314575e-02 1.075380370020866394e-01 1.564266532659530640e-02 2.049975842237472534e-02 1.265479903668165207e-02 4.303052648901939392e-02 4.617512226104736328e-03 3.225801512598991394e-02 2.593245171010494232e-02 5.677570030093193054e-02 1.679186895489692688e-02 3.551948815584182739e-02 4.044776782393455505e-03 2.332404628396034241e-02 7.289866916835308075e-03 6.392366439104080200e-02 3.430211544036865234e-02 2.651216089725494385e-02 3.022681735455989838e-02 1.725900731980800629e-02 6.893716752529144287e-02 7.475016172975301743e-03 2.171302028000354767e-02 4.336642101407051086e-02 2.951413020491600037e-02 8.094491437077522278e-03 5.062561109662055969e-02 5.714060273021459579e-03 4.774644598364830017e-02 4.144566506147384644e-02 1.155605074018239975e-03 3.321021422743797302e-02 4.319936409592628479e-02 1.060980651527643204e-02 5.213838070631027222e-02 4.122825711965560913e-02 1.230225898325443268e-02 1.633952837437391281e-03 3.908879309892654419e-02 4.965738579630851746e-02 3.241363912820816040e-02 5.872422084212303162e-02 2.121670357882976532e-02 6.750018149614334106e-02 5.910462234169244766e-03 2.329252101480960846e-02 6.885946542024612427e-02 4.599883779883384705e-02 3.862829878926277161e-02 5.316300317645072937e-02 1.975039392709732056e-02 3.112032637000083923e-02 1.242725085467100143e-02 2.725451812148094177e-02 1.477350667119026184e-02 9.995553409680724144e-04 2.190770395100116730e-02 1.456585805863142014e-02 1.325723016634583473e-03 6.541947275400161743e-02 1.168089285492897034e-01 1.127080321311950684e-01 4.949750378727912903e-02 5.966973304748535156e-02 6.814451515674591064e-02 4.211711138486862183e-02 5.042046681046485901e-02 6.054346635937690735e-02 5.582595244050025940e-02 9.952089749276638031e-03 4.150172229856252670e-03 2.637092024087905884e-02 7.597296684980392456e-02 4.920440912246704102e-02 6.776659935712814331e-02 5.896171182394027710e-02 1.231260783970355988e-02 1.725281216204166412e-02 4.907078295946121216e-02 3.112819604575634003e-02 2.514572255313396454e-02 4.952072724699974060e-02 2.362001314759254456e-02 8.168340660631656647e-03 1.346034836024045944e-02 2.881268039345741272e-03 6.741693709045648575e-03 1.566293090581893921e-02 3.813282027840614319e-02 3.077622503042221069e-02 1.292393263429403305e-02 1.965681836009025574e-02 2.482710778713226318e-02 2.007160335779190063e-02 4.901535809040069580e-02 7.438466418534517288e-03
7.784173940308392048e-04 1.068320591002702713e-02 2.690330520272254944e-02 4.296498373150825500e-02 3.707588650286197662e-03 7.548066321760416031e-03 2.443245984613895416e-02 2.745858207345008850e-02 3.131009638309478760e-02 1.145756542682647705e-01 8.819526992738246918e-03 9.816373884677886963e-02 3.364777937531471252e-02 2.014118991792201996e-02 6.083258986473083496e-02 2.713818848133087158e-02 2.159821987152099609e-02 1.700355112552642822e-02 5.209792777895927429e-02 5.868631601333618164e-02 5.884443596005439758e-02 2.394976653158664703e-02 2.646781876683235168e-02 3.701446577906608582e-02 8.752211579121649265e-05 1.124475058168172836e-02 5.011372268199920654e-02 2.206389419734477997e-02 6.153467297554016113e-02 4.657222330570220947e-02 2.157198823988437653e-02 6.439688801765441895e-02 6.040298193693161011e-02 1.153448820114135742e-01 6.339380145072937012e-02 2.863896451890468597e-02 1.881054043769836426e-02 2.249834313988685608e-02 4.620192199945449829e-02 7.884420454502105713e-02 4.034801945090293884e-02 1.790664717555046082e-02 4.215566907078027725e-03 6.860997527837753296e-02 6.717050075531005859e-02 2.159065008163452148e-02 4.611802473664283752e-02 5.830584838986396790e-02 5.735087022185325623e-02 7.603791356086730957e-02 7.151688635349273682e-02 8.636756241321563721e-02 2.242273092269897461e-02 5.348660051822662354e-02 1.198491528630256653e-01 1.795719261281192303e-03 4.897245392203330994e-02 8.744295686483383179e-03 2.815668657422065735e-02 2.188081108033657074e-02 1.014733314514160156e-01 2.143672108650207520e-02 2.655599825084209442e-02 1.728826574981212616e-02 4.517094045877456665e-02 7.220905274152755737e-02 1.412365306168794632e-02 1.909907162189483643e-02 6.704489141702651978e-02 5.418511107563972473e-02 6.180912256240844727e-02 1.442110445350408554e-02 1.275462005287408829e-02 5.601321812719106674e-03 4.408959764987230301e-03 1.902348361909389496e-02 1.323711872100830078e-01 6.859098374843597412e-02 7.768040150403976440e-02 6.112707778811454773e-03 5.456164013594388962e-03 5.142445676028728485e-03 7.109060883522033691e-02 3.506552800536155701e-02 3.085588477551937103e-02 6.537155061960220337e-02 3.942155465483665466e-02 3.297045454382896423e-02 2.852028980851173401e-02 5.604140833020210266e-02 4.073197022080421448e-02 3.459592163562774658e-02 5.148324742913246155e-02 4.434352740645408630e-02 6.281475070863962173e-03 6.394589785486459732e-03 8.119744248688220978e-03 1.684601604938507080e-02 7.005629688501358032e-02 4.763065278530120850e-02 5.123568326234817505e-02 3.493271768093109131e-02 3.228569030761718750e-02 1.609495468437671661e-02 1.918428204953670502e-02 3.852321580052375793e-02 5.929951369762420654e-02 1.855975203216075897e-02 1.291029062122106552e-02 4.281942918896675110e-02 3.502669557929039001e-02 3.221869468688964844e-02 8.555843681097030640e-02 2.701151743531227112e-02 2.479561045765876770e-02 5.733376368880271912e-03
1.478191372007131577e-02 1.069541554898023605e-02 6.428810954093933105e-02 1.852433942258358002e-02 1.926667988300323486e-02 8.745781145989894867e-03 2.612570859491825104e-02 5.023439601063728333e-02 1.145756542682647705e-01 5.220327898859977722e-02 4.544072318822145462e-03 2.101552672684192657e-02 1.382740586996078491e-02 2.446153014898300171e-02 1.140627544373273849e-02 3.875672584399580956e-03 3.312801942229270935e-02 4.550553858280181885e-03 5.950687453150749207e-02 1.932138111442327499e-03 3.399179503321647644e-02 2.279598265886306763e-02 1.542561501264572144e-02 4.570417851209640503e-02 5.664331465959548950e-02 1.264912262558937073e-02 1.631854660809040070e-02 2.122324891388416290e-02 1.021934673190116882e-01 1.730822958052158356e-02 3.174312040209770203e-02 3.895196691155433655e-02 1.771231740713119507e-02 3.271441161632537842e-02 5.310381948947906494e-02 6.817770004272460938e-02 1.715413108468055725e-02 2.105922671034932137e-03 7.758765714243054390e-04 3.154858201742172241e-02 4.947908222675323486e-02 1.858645491302013397e-02 1.544938050210475922e-02 5.327851697802543640e-02 3.250351175665855408e-02 9.479750692844390869e-02 2.019095001742243767e-03 2.369434386491775513e-02 5.311665683984756470e-02 1.119251698255538940e-01 6.469651311635971069e-02 7.367000728845596313e-02 3.617763519287109375e-02 1.375276874750852585e-02 7.951214164495468140e-02 9.310702234506607056e-02 6.115759164094924927e-02 7.091504521667957306e-03 3.285439684987068176e-02 3.079335950314998627e-02 4.175987839698791504e-02 2.060478366911411285e-02 3.713333979249000549e-02 4.594082385301589966e-02 9.804452769458293915e-03 2.395996823906898499e-03 4.364532977342605591e-02 1.548186130821704865e-02 2.951278910040855408e-02 5.716698616743087769e-02 1.058575734496116638e-01 1.800276106223464012e-03 2.550726197659969330e-02 3.271662816405296326e-02 5.479800049215555191e-03 4.444601479917764664e-03 5.807315185666084290e-02 1.512934416532516479e-01 7.868825457990169525e-03 1.768994629383087158e-01 4.678377881646156311e-02 8.325461298227310181e-03 2.465008385479450226e-02 7.429687678813934326e-02 7.703012228012084961e-02 1.018112003803253174e-01 3.681176900863647461e-02 2.886878326535224915e-02 4.678850620985031128e-02 9.578491747379302979e-02 5.264557898044586182e-02 3.261940181255340576e-02 2.747652120888233185e-02 5.994669627398252487e-03 6.000710185617208481e-03 3.751417249441146851e-02 2.299901843070983887e-02 7.263537030667066574e-03 9.870893321931362152e-03 2.142941206693649292e-02 1.538717770017683506e-03 4.296363890171051025e-02 2.605994790792465210e-02 2.955625951290130615e-02 5.136789288371801376e-03 4.605235904455184937e-02 2.391457557678222656e-02 3.353967517614364624e-02 1.939684897661209106e-02 2.101359330117702484e-02 7.547207176685333252e-02 3.381197340786457062e-03 1.239854935556650162e-02 6.046271882951259613e-03 1.441559847444295883e-02 2.631852589547634125e-02
2.080170959234237671e-01 1.196732893586158752e-01 1.373180747032165527e-02 3.845060616731643677e-02 1.001872308552265167e-02 1.089230254292488098e-01 7.013062387704849243e-02 3.112480603158473969e-02 8.819526992738246918e-03 4.544072318822145462e-03 6.508027762174606323e-02 4.887691885232925415e-02 1.566580832004547119e-01 4.442882165312767029e-02 9.247581660747528076e-02 3.893617540597915649e-02 2.423020452260971069e-02 2.431521564722061157e-02 4.352370742708444595e-03 1.684530638158321381e-02 1.963819377124309540e-02 8.662081509828567505e-02 2.803672291338443756e-02 3.132560476660728455e-02 1.956519857048988342e-02 3.856981173157691956e-03 4.294813051819801331e-02 3.203437849879264832e-02 4.071532934904098511e-02 1.015264540910720825e-02 1.433359459042549133e-02 5.369741469621658325e-02 2.855935320258140564e-02 2.188754826784133911e-02 1.689985394477844238e-02 9.510330110788345337e-02 6.258621066808700562e-02 2.500033192336559296e-02 3.946305438876152039e-02 1.720919832587242126e-02 4.190938547253608704e-02 3.621581196784973145e-02 2.144750906154513359e-03 6.541690975427627563e-02 4.180761426687240601e-02 5.628171190619468689e-02 9.371890127658843994e-02 7.001823186874389648e-02 2.338248118758201599e-02 4.358188435435295105e-02 1.234815828502178192e-02 4.068720620125532150e-03 3.104589693248271942e-02 1.636386848986148834e-02 3.199196606874465942e-02 3.492077812552452087e-02 2.690344490110874176e-02 9.507897309958934784e-03 6.682878825813531876e-03 4.123749211430549622e-03 5.220170598477125168e-03 1.252958364784717560e-02 1.747797988355159760e-02 2.652838453650474548e-02 5.302218347787857056e-02 2.091029100120067596e-02 7.819505408406257629e-03 7.761544547975063324e-03 3.377155587077140808e-02 4.806881025433540344e-02 2.865566685795783997e-02 1.853417605161666870e-02 8.834993839263916016e-02 3.002673387527465820e-02 3.443438559770584106e-02 3.327177837491035461e-02 1.837424002587795258e-02 6.677478551864624023e-03 1.087360549718141556e-03 2.883382327854633331e-02 3.891198337078094482e-02 3.858428820967674255e-02 5.130019783973693848e-02 3.810141980648040771e-02 1.869382103905081749e-03 6.737527903169393539e-03 6.636365503072738647e-02 4.444687813520431519e-02 1.297028153203427792e-03 6.877426989376544952e-03 2.351223304867744446e-02 2.762690559029579163e-02 2.620407752692699432e-02 8.699432015419006348e-02 2.576243132352828979e-03 4.956140369176864624e-02 5.665322765707969666e-02 9.595544077455997467e-03 1.261708978563547134e-02 2.411967329680919647e-02 1.296016946434974670e-02 3.062308579683303833e-02 2.783733606338500977e-02 5.550963804125785828e-02 1.033868920058012009e-02 3.599586337804794312e-02 6.052309647202491760e-03 1.376939937472343445e-02 5.117885768413543701e-03 2.307024225592613220e-02 9.044665098190307617e-02 1.224246714264154434e-02 3.642278164625167847e-02 1.118001528084278107e-02 1.095294021070003510e-02 5.254918709397315979e-02
2.449877187609672546e-02 3.237184882164001465e-02 8.239117451012134552e-03 2.574335038661956787e-02 4.106150567531585693e-02 5.007078126072883606e-02 3.587878122925758362e-02 1.415849663317203522e-02 9.816373884677886963e-02 2.101552672684192657e-02 4.887691885232925415e-02 2.009854279458522797e-02 1.449730060994625092e-02 1.349320560693740845e-01 3.458583727478981018e-02 7.288986817002296448e-04 1.061540562659502029e-02 3.835128620266914368e-02 2.868931367993354797e-02 8.347782422788441181e-04 2.469949238002300262e-02 1.578613184392452240e-03 5.585429072380065918e-02 5.171475932002067566e-02 1.384735945612192154e-02 1.187640614807605743e-02 3.845116123557090759e-02 7.709727436304092407e-02 8.961526677012443542e-03 2.747088670730590820e-02 2.923374809324741364e-02 1.813797093927860260e-02 1.593148894608020782e-02 1.496374700218439102e-02 2.807265520095825195e-02 2.035563439130783081e-02 4.509465768933296204e-02 1.009594723582267761e-01 3.111767955124378204e-02 1.350365392863750458e-02 3.733993321657180786e-02 3.814951330423355103e-02 1.553048659116029739e-02 6.321444362401962280e-02 7.486993074417114258e-02 2.918209694325923920e-02 3.699867799878120422e-02 1.510788127779960632e-02 6.317620724439620972e-02 4.961984604597091675e-02 5.886689200997352600e-02 1.087393015623092651e-01 1.595991477370262146e-02 1.089893374592065811e-02 1.426122896373271942e-02 3.891120105981826782e-02 4.141916055232286453e-03 3.082923032343387604e-02 5.774868279695510864e-02 3.525269031524658203e-02 3.746346756815910339e-02 4.698009043931961060e-02 3.180218860507011414e-02 1.702607981860637665e-02 4.081035405397415161e-02 3.060258366167545319e-02 1.898115500807762146e-02 5.823720246553421021e-03 3.453875705599784851e-02 3.100416809320449829e-02 1.842896570451557636e-03 2.249923069030046463e-03 1.935334503650665283e-02 1.974921114742755890e-02 4.829086735844612122e-02 1.011512987315654755e-02 9.554403275251388550e-02 7.516433298587799072e-02 2.333613345399498940e-03 3.250468149781227112e-02 7.229906972497701645e-03 1.150853745639324188e-02 4.305835813283920288e-02 1.219426374882459641e-02 2.085614763200283051e-02 7.418117672204971313e-02 6.357900332659482956e-03 9.158679284155368805e-03 5.986055359244346619e-02 2.371315471827983856e-02 3.045949386432766914e-03 4.740911722183227539e-02 4.374928772449493408e-02 2.678103977814316750e-03 6.918469816446304321e-02 4.402730613946914673e-02 1.777267269790172577e-02 1.070990320295095444e-02 9.702634066343307495e-03 3.463383391499519348e-02 1.666141860187053680e-02 3.943689540028572083e-02 4.279230162501335144e-02 2.427146025002002716e-02 2.112223580479621887e-02 1.656158268451690674e-02 5.478640645742416382e-02 7.467857003211975098e-02 1.490684226155281067e-02 4.051575809717178345e-02 5.762732401490211487e-02 5.881137028336524963e-02 3.934166952967643738e-02 7.597042713314294815e-03 1.562672667205333710e-02 1.507201138883829117e-02
8.379997313022613525e-02 1.138576567173004150e-01 2.262181229889392853e-02 1.773980632424354553e-02 4.873440414667129517e-02 6.988464295864105225e-02 5.318349972367286682e-02 6.390518695116043091e-02 3.364777937531471252e-02 1.382740586996078491e-02 1.566580832004547119e-01 1.449730060994625092e-02 7.402458786964416504e-02 2.929593436419963837e-03 9.837486594915390015e-02 3.151926770806312561e-02 6.161393597722053528e-03 5.690480582416057587e-03 5.442625284194946289e-02 2.578497864305973053e-02 1.742251031100749969e-02 8.691791445016860962e-02 1.700084283947944641e-02 4.892012104392051697e-03 1.795235584722831845e-04 4.740421101450920105e-02 2.851636148989200592e-03 4.038295149803161621e-02 2.274822443723678589e-02 8.422812446951866150e-03 5.581569857895374298e-03 5.867875367403030396e-02 2.173288166522979736e-02 4.345861729234457016e-03 1.020119898021221161e-02 6.032944843173027039e-02 3.875819593667984009e-02 4.574972018599510193e-02 8.669040352106094360e-02 9.409646689891815186e-02 1.235701516270637512e-02 7.224214263260364532e-03 1.563867554068565369e-02 4.615995660424232483e-02 3.208719938993453979e-02 2.222121506929397583e-02 7.406499236822128296e-02 5.119803547859191895e-02 2.877126075327396393e-02 2.479893900454044342e-02 4.269316792488098145e-02 1.070401072502136230e-02 1.872929371893405914e-02 4.472225904464721680e-02 1.462452486157417297e-02 2.604048140347003937e-02 5.581274628639221191e-03 2.423863299190998077e-02 3.068195423111319542e-03 1.066771708428859711e-02 3.655748069286346436e-02 4.628768563270568848e-02 4.585443437099456787e-02 3.233983740210533142e-02 8.777046203613281250e-02 9.795750677585601807e-02 3.446643054485321045e-02 3.844391927123069763e-02 6.306379102170467377e-03 5.096075311303138733e-02 2.126998640596866608e-02 2.042911387979984283e-02 2.752748841885477304e-04 1.871243305504322052e-02 7.273694872856140137e-02 1.694232411682605743e-02 2.276584878563880920e-02 7.404814939945936203e-03 1.610009931027889252e-03 5.012936517596244812e-02 7.460145652294158936e-02 3.492472320795059204e-02 9.391959174536168575e-04 9.981891140341758728e-03 1.860975986346602440e-03 2.856959588825702667e-03 4.031477496027946472e-02 8.040458709001541138e-02 2.491278573870658875e-03 1.277066115289926529e-02 1.456926017999649048e-02 2.397293783724308014e-02 5.675888806581497192e-02 2.222031913697719574e-02 4.238902404904365540e-02 5.666783452033996582e-02 3.674298152327537537e-02 9.502160362899303436e-03 4.514016583561897278e-02 7.433184981346130371e-02 3.129035234451293945e-02 8.994008414447307587e-03 4.343071579933166504e-02 4.262217879295349121e-02 3.886651480570435524e-03 5.235941335558891296e-02 4.013302177190780640e-02 3.877150267362594604e-02 2.266021072864532471e-02 1.427453197538852692e-02 2.474934607744216919e-02 2.198790758848190308e-02 3.104004543274641037e-03 1.151911262422800064e-02 5.683830380439758301e-02 7.244614511728286743e-02
