1.779001951217651367e-01 6.252019107341766357e-02 2.972630970180034637e-02 1.785603351891040802e-02 6.780881085433065891e-04 8.552618324756622314e-02 7.837335765361785889e-02 2.018744684755802155e-02 2.558184228837490082e-02 3.598431870341300964e-02 7.073237746953964233e-02 3.121112100780010223e-02 7.411203533411026001e-02 9.684615768492221832e-03 6.240200251340866089e-03 2.042458951473236084e-02 6.266992539167404175e-03 2.941449731588363647e-02 7.223582360893487930e-03 1.009808760136365891e-02 6.568573415279388428e-03 3.087845817208290100e-02 2.605790831148624420e-02 2.910536713898181915e-02 2.001835964620113373e-02 2.343791164457798004e-02 3.229403591831214726e-05 1.834554783999919891e-02 4.479505866765975952e-02 1.914334297180175781e-02 2.810366824269294739e-02 4.287743475288152695e-03 1.976138353347778320e-02 1.298685744404792786e-02 1.510067097842693329e-02 3.129505738615989685e-02 2.362054772675037384e-02 1.869893632829189301e-02 4.289485141634941101e-02 3.495447337627410889e-02 1.854983717203140259e-02 1.368380244821310043e-02 2.575623802840709686e-02 4.678378254175186157e-02 6.061294674873352051e-02 3.589996322989463806e-02 8.604574948549270630e-02 4.400913044810295105e-02 8.130956441164016724e-03 6.560894660651683807e-03 1.441532652825117111e-02 4.007636569440364838e-03 1.801658608019351959e-02 1.837663725018501282e-02 6.382906809449195862e-03 7.727011106908321381e-04 1.221557427197694778e-02 1.082021184265613556e-02 2.303287014365196228e-02 3.545051068067550659e-02 7.476617582142353058e-03 5.360932089388370514e-03 2.163125574588775635e-02 3.267967840656638145e-03 2.740236930549144745e-02 3.430226072669029236e-02 1.870750449597835541e-02 2.810858190059661865e-02 3.822065424174070358e-03 6.873691920191049576e-03 7.661357522010803223e-03 9.251361712813377380e-03 1.708889752626419067e-02 5.479178950190544128e-02 3.368540480732917786e-02 1.509837713092565536e-02 1.247873343527317047e-02 1.420244853943586349e-02 3.260899335145950317e-02 2.434650249779224396e-02 2.676194533705711365e-02 4.621292650699615479e-02 2.148127742111682892e-02 2.165847457945346832e-03 1.001268066465854645e-02 6.298244465142488480e-03 7.170523982495069504e-03 4.596126265823841095e-03 2.098324336111545563e-02 2.119104936718940735e-02 4.833406209945678711e-02 5.398286040872335434e-03 1.118241064250469208e-02 2.003597840666770935e-02 5.087394267320632935e-03 3.459536656737327576e-02 5.359603092074394226e-02 5.732596386224031448e-03 1.312950067222118378e-02 1.225671172142028809e-02 1.479706633836030960e-02 1.497892942279577255e-02 2.375291194766759872e-03 2.902930602431297302e-03 1.769547536969184875e-02 3.248578868806362152e-04 3.084688819944858551e-02 6.990455090999603271e-03 1.819445006549358368e-02 1.580009609460830688e-02 6.066311150789260864e-02 4.054684191942214966e-03 1.740926317870616913e-02 3.336082026362419128e-02 4.540268331766128540e-02 2.546536270529031754e-03
6.252019107341766357e-02 1.785325855016708374e-01 3.068144991993904114e-02 1.819014735519886017e-02 9.644325822591781616e-03 6.666183471679687500e-02 8.115465939044952393e-02 4.593788832426071167e-02 4.460456594824790955e-02 3.765184804797172546e-02 3.739809617400169373e-02 2.622959949076175690e-02 7.466138899326324463e-02 4.070952534675598145e-02 8.395441807806491852e-03 3.926459327340126038e-02 4.200787097215652466e-02 4.804931953549385071e-02 1.989879645407199860e-02 1.597566530108451843e-02 9.639590047299861908e-03 1.673977635800838470e-02 4.836218431591987610e-02 4.732960835099220276e-02 4.104982316493988037e-02 4.486037790775299072e-02 3.986252844333648682e-02 9.406484663486480713e-02 3.377818735316395760e-03 5.752859637141227722e-02 1.039153337478637695e-02 2.244645962491631508e-03 6.254205480217933655e-03 1.447765901684761047e-02 2.740314463153481483e-03 3.018232062458992004e-02 2.324272133409976959e-02 2.540919184684753418e-02 2.855229750275611877e-02 5.266546085476875305e-02 2.819583192467689514e-02 1.712212152779102325e-02 3.090570494532585144e-02 1.844166778028011322e-02 2.219682745635509491e-02 3.441398218274116516e-02 6.018740311264991760e-02 4.129628092050552368e-02 2.481104061007499695e-02 2.163368836045265198e-02 2.580051310360431671e-02 2.511357702314853668e-02 3.170072333887219429e-03 3.814376145601272583e-02 1.809548400342464447e-02 1.575466059148311615e-02 4.928792477585375309e-04 1.775296404957771301e-02 1.137918233871459961e-02 4.032355267554521561e-03 3.292015288025140762e-03 7.750772871077060699e-03 3.777725622057914734e-02 9.292812086641788483e-03 1.520015951246023178e-02 6.551561411470174789e-03 2.907424978911876678e-02 2.795635163784027100e-02 1.013020891696214676e-02 3.667881712317466736e-02 1.702792942523956299e-02 2.264478988945484161e-02 1.465333392843604088e-03 4.736031219363212585e-02 3.489989787340164185e-02 3.694264451041817665e-03 9.952832013368606567e-03 2.644504047930240631e-02 3.681686148047447205e-02 3.150265291333198547e-02 2.334863506257534027e-02 2.090285718441009521e-02 1.835676096379756927e-02 7.393313571810722351e-03 1.981808990240097046e-02 1.818285509943962097e-02 1.291464432142674923e-03 1.526096276938915253e-02 1.624977774918079376e-02 3.956934064626693726e-02 3.319105878472328186e-02 2.771879546344280243e-02 2.498811483383178711e-02 4.314891621470451355e-02 9.973837994039058685e-03 1.831096597015857697e-02 3.229266777634620667e-02 2.853929297998547554e-03 1.587394252419471741e-02 1.924677565693855286e-02 2.821550704538822174e-02 3.117446973919868469e-02 1.550360303372144699e-02 5.771345458924770355e-03 9.053572081029415131e-03 8.705818094313144684e-03 3.839771449565887451e-02 1.523293182253837585e-02 1.495154295116662979e-02 6.117252050898969173e-04 3.324753418564796448e-02 1.932222745381295681e-03 2.256312780082225800e-02 3.330922126770019531e-02 5.924699455499649048e-02 5.005770921707153320e-02
2.972630970180034637e-02 3.068144991993904114e-02 1.558358073234558105e-01 2.725163847208023071e-02 9.980247169733047485e-02 3.226155182346701622e-03 4.671284556388854980e-02 3.429163247346878052e-02 4.929640516638755798e-02 2.157771028578281403e-02 2.125391550362110138e-02 5.636680871248245239e-02 5.842123553156852722e-02 6.519285961985588074e-03 6.583259254693984985e-02 3.380276635289192200e-02 2.365305647253990173e-02 3.926151432096958160e-03 1.989035308361053467e-02 3.581430017948150635e-02 6.653453456237912178e-04 3.290232643485069275e-02 1.460422761738300323e-02 1.139160944148898125e-03 2.827282249927520752e-02 4.055935144424438477e-02 2.867481962312012911e-04 2.899856120347976685e-02 2.811000682413578033e-02 2.575705945491790771e-02 8.661199361085891724e-03 3.782463958486914635e-03 2.599216764792799950e-03 1.008986774832010269e-02 5.454462021589279175e-02 4.206981882452964783e-02 5.230676010251045227e-02 5.264719575643539429e-02 1.058596279472112656e-02 9.804094210267066956e-03 4.999549314379692078e-02 9.309407323598861694e-03 3.621127223595976830e-03 5.600386764854192734e-03 4.685756191611289978e-02 1.375818345695734024e-02 5.197594687342643738e-02 2.506394125521183014e-02 4.730950668454170227e-02 3.880338743329048157e-02 4.141775891184806824e-02 3.992468491196632385e-02 4.375370591878890991e-02 2.930750837549567223e-03 4.888374358415603638e-02 1.360574178397655487e-02 8.453803136944770813e-03 6.028492748737335205e-02 4.049504920840263367e-02 2.514253137633204460e-03 2.444281801581382751e-02 3.047205321490764618e-02 6.872605532407760620e-02 9.943721443414688110e-02 1.512785814702510834e-02 2.423780597746372223e-02 6.171608343720436096e-03 3.392785321921110153e-03 1.190357841551303864e-02 3.486194089055061340e-02 2.948196977376937866e-02 5.931381508708000183e-02 1.815479435026645660e-02 6.245879456400871277e-02 1.563421450555324554e-02 3.068510675802826881e-03 2.611252106726169586e-02 5.869419500231742859e-02 1.885103993117809296e-02 1.305687706917524338e-02 1.173874512314796448e-01 1.665245592594146729e-01 4.898881912231445312e-02 1.939471438527107239e-02 3.169055096805095673e-03 1.414301060140132904e-02 5.950744729489088058e-03 2.388397045433521271e-02 1.162369325757026672e-01 1.182368695735931396e-01 1.624326966702938080e-02 3.474733605980873108e-02 4.870828986167907715e-02 2.174654789268970490e-02 5.243593826889991760e-02 2.111544646322727203e-02 6.605176627635955811e-02 5.427341908216476440e-02 5.257977917790412903e-02 3.764161840081214905e-02 2.778477221727371216e-02 3.130033239722251892e-02 3.261317312717437744e-02 6.342311948537826538e-02 1.573781482875347137e-02 8.149152994155883789e-02 3.867207840085029602e-02 5.795760825276374817e-02 1.800359110347926617e-03 1.185696795582771301e-01 2.056600339710712433e-02 2.891526371240615845e-02 1.013579219579696655e-02 3.981377929449081421e-02 5.409145355224609375e-02 2.091445587575435638e-02
1.785603351891040802e-02 1.819014735519886017e-02 2.725163847208023071e-02 2.091816663742065430e-01 5.229438096284866333e-02 2.051452547311782837e-02 2.446375042200088501e-02 8.045151829719543457e-02 1.976739987730979919e-02 2.837905846536159515e-02 4.039371758699417114e-02 2.524629980325698853e-02 1.119134668260812759e-02 1.742390356957912445e-02 7.488235086202621460e-02 5.364065989851951599e-02 7.515256293118000031e-03 6.456480920314788818e-02 6.373921781778335571e-02 3.155903518199920654e-02 5.765097215771675110e-03 2.073480375111103058e-02 5.806409753859043121e-03 8.056713268160820007e-03 6.537435576319694519e-03 3.630579635500907898e-02 4.356616176664829254e-03 1.152463257312774658e-02 9.651990607380867004e-03 7.758617866784334183e-03 4.178891703486442566e-02 3.210120648145675659e-02 4.072212800383567810e-02 3.019339963793754578e-02 4.085749387741088867e-02 7.120216730982065201e-03 2.940993197262287140e-02 6.686818785965442657e-03 1.635324209928512573e-02 5.870193615555763245e-02 1.229185052216053009e-02 1.791185699403285980e-02 2.802828140556812286e-02 5.674159154295921326e-02 3.439448028802871704e-02 1.600193046033382416e-02 4.962434619665145874e-02 2.004246413707733154e-02 1.677829399704933167e-02 2.589435502886772156e-02 2.524112164974212646e-02 1.950550591573119164e-03 1.322558335959911346e-02 1.486563403159379959e-02 2.343051321804523468e-02 3.363636508584022522e-02 5.146142467856407166e-02 4.056555032730102539e-02 6.624463014304637909e-03 1.793103851377964020e-02 5.231284722685813904e-02 4.622100666165351868e-02 5.632872134447097778e-02 4.473833367228507996e-02 3.836565464735031128e-02 1.377889979630708694e-02 2.956898533739149570e-04 2.736898139119148254e-03 6.280973553657531738e-02 5.628228187561035156e-03 4.095520079135894775e-02 2.992480620741844177e-02 6.555935740470886230e-02 2.291200123727321625e-02 1.216293871402740479e-02 3.802087530493736267e-02 8.283784613013267517e-03 1.720005646347999573e-02 1.968338340520858765e-02 3.918884694576263428e-02 7.868064939975738525e-02 6.196413934230804443e-02 3.930380567908287048e-02 1.633057370781898499e-02 1.646782457828521729e-02 2.934894710779190063e-02 3.157855570316314697e-02 2.206002175807952881e-02 7.811659574508666992e-02 2.478994429111480713e-02 8.526699617505073547e-03 2.222162112593650818e-02 3.128346800804138184e-02 2.847145125269889832e-02 1.920865662395954132e-02 1.820013485848903656e-02 1.613284461200237274e-02 3.263864666223526001e-02 2.685327548533678055e-03 7.053145673125982285e-03 1.549192797392606735e-02 3.620203584432601929e-02 2.647073240950703621e-03 9.644339443184435368e-04 4.001731798052787781e-02 4.984537512063980103e-02 3.735492378473281860e-02 3.286812454462051392e-02 1.629062555730342865e-02 4.288707301020622253e-02 2.269253879785537720e-02 1.019412185996770859e-02 1.853446476161479950e-02 7.669953163713216782e-03 3.304822742938995361e-02 2.465856820344924927e-02
6.780881085433065891e-04 9.644325822591781616e-03 9.980247169733047485e-02 5.229438096284866333e-02 2.005011737346649170e-01 2.663951553404331207e-02 1.700231619179248810e-02 5.792350694537162781e-02 1.266325823962688446e-02 3.183699771761894226e-02 3.950896486639976501e-02 4.973148554563522339e-02 5.019623041152954102e-02 3.921138495206832886e-02 9.265675395727157593e-02 1.362038217484951019e-02 1.605871506035327911e-02 8.765515871345996857e-03 6.408265978097915649e-02 2.082082442939281464e-02 9.585994295775890350e-03 2.405664138495922089e-02 9.450859390199184418e-03 1.065062545239925385e-02 1.840232126414775848e-02 3.899360820651054382e-02 4.960504919290542603e-02 1.885037310421466827e-02 2.563671395182609558e-02 1.501909550279378891e-02 2.055077813565731049e-02 3.841894119977951050e-02 1.293339300900697708e-02 3.545377030968666077e-02 5.748467147350311279e-02 5.400715745054185390e-04 1.943969540297985077e-02 3.061746247112751007e-02 5.253217741847038269e-02 2.497133612632751465e-02 2.756942622363567352e-02 4.146034643054008484e-02 3.494659066200256348e-02 5.369907617568969727e-02 1.329554244875907898e-02 8.834820240736007690e-03 5.050776153802871704e-02 1.975235156714916229e-02 1.749383844435214996e-02 3.325494378805160522e-02 3.805955871939659119e-02 4.393365606665611267e-02 1.150352973490953445e-02 6.538955494761466980e-03 1.703009381890296936e-02 4.030259326100349426e-02 2.711065579205751419e-03 3.171461820602416992e-02 5.329000204801559448e-02 2.250334806740283966e-02 2.640668302774429321e-02 3.374452888965606689e-02 8.211800828576087952e-03 7.827662676572799683e-02 3.208883106708526611e-02 3.368624951690435410e-03 2.127044601365923882e-03 3.666556440293788910e-03 3.081928752362728119e-02 4.518740624189376831e-02 5.394196137785911560e-02 4.651573672890663147e-02 3.736087819561362267e-03 4.868911206722259521e-02 5.481083691120147705e-02 6.023513525724411011e-02 3.931036964058876038e-02 6.158212944865226746e-02 2.220147475600242615e-02 3.480545431375503540e-02 7.964668422937393188e-02 6.391402333974838257e-02 7.292334921658039093e-03 8.475215733051300049e-02 4.293084144592285156e-03 3.222377970814704895e-02 1.081161759793758392e-02 3.570941044017672539e-03 5.009631812572479248e-02 5.294030904769897461e-02 1.879252120852470398e-02 1.124933641403913498e-02 2.757998183369636536e-02 2.429348416626453400e-02 1.205032225698232651e-02 9.897157549858093262e-03 1.535919681191444397e-02 4.276672750711441040e-02 2.204397879540920258e-02 2.827598154544830322e-02 1.238784659653902054e-02 8.009764365851879120e-03 2.642473205924034119e-02 6.535262614488601685e-02 2.300593629479408264e-02 3.373538702726364136e-02 5.736881401389837265e-03 7.560167461633682251e-03 1.123069785535335541e-02 2.051081694662570953e-02 9.918262250721454620e-03 8.574176579713821411e-03 1.388690993189811707e-02 3.379771858453750610e-02 6.466265022754669189e-02 4.198339581489562988e-02
8.552618324756622314e-02 6.666183471679687500e-02 3.226155182346701622e-03 2.051452547311782837e-02 2.663951553404331207e-02 1.543563902378082275e-01 1.316580176353454590e-01 5.643572658300399780e-03 2.127794176340103149e-02 1.059975940734148026e-03 5.633443221449851990e-02 7.041183859109878540e-02 1.027645766735076904e-01 6.231442093849182129e-02 4.071964696049690247e-02 2.733845822513103485e-02 4.061559960246086121e-02 1.849832572042942047e-02 3.390118479728698730e-02 2.048154734075069427e-02 2.133049257099628448e-02 1.789109408855438232e-02 2.177869342267513275e-02 1.414040848612785339e-02 2.936884947121143341e-02 3.424709662795066833e-02 2.105728490278124809e-03 1.493100170046091080e-02 5.591218359768390656e-03 1.696274988353252411e-02 1.651614904403686523e-03 9.962841868400573730e-03 1.712239719927310944e-02 2.556670457124710083e-02 1.909947395324707031e-02 2.827048674225807190e-02 1.428469549864530563e-04 7.183976471424102783e-03 3.807107359170913696e-02 4.209740832448005676e-02 1.080234441906213760e-02 1.948055438697338104e-02 3.696019202470779419e-02 2.865504473447799683e-02 6.593336164951324463e-02 2.748670801520347595e-02 1.041793674230575562e-01 5.020922794938087463e-02 4.533634707331657410e-02 2.074583619832992554e-02 4.861313500441610813e-04 1.113960146903991699e-02 3.293202817440032959e-02 4.125729948282241821e-02 3.314991667866706848e-02 3.719248110428452492e-03 3.561967611312866211e-02 7.033214933471754193e-05 4.286906495690345764e-02 1.986225135624408722e-02 1.059462409466505051e-02 5.975739099085330963e-03 9.468335658311843872e-03 3.461010381579399109e-02 2.447639778256416321e-02 4.819332063198089600e-02 2.098332159221172333e-02 1.557354163378477097e-02 1.038039382547140121e-02 4.316183924674987793e-02 1.558278221637010574e-02 1.564431935548782349e-02 3.668273985385894775e-02 6.434376537799835205e-02 4.471644759178161621e-02 2.502449415624141693e-02 1.919400878250598907e-02 1.132284570485353470e-02 2.830086648464202881e-02 2.302239090204238892e-02 4.859712347388267517e-02 5.131033249199390411e-03 2.221790328621864319e-02 1.183785498142242432e-02 8.524868637323379517e-03 3.376613929867744446e-02 1.596049964427947998e-02 3.325603436678647995e-03 3.088404424488544464e-02 1.123619917780160904e-02 3.627243638038635254e-02 1.350144203752279282e-02 2.384082879871129990e-03 7.133032381534576416e-02 3.610228188335895538e-03 1.878543943166732788e-02 8.778591454029083252e-02 1.762655191123485565e-02 1.206438709050416946e-02 1.325625367462635040e-02 6.051393691450357437e-03 5.157436244189739227e-03 6.726393476128578186e-03 2.116736955940723419e-02 5.340768769383430481e-02 4.899273812770843506e-02 4.729741718620061874e-03 5.345240235328674316e-03 1.943652518093585968e-02 3.409576136618852615e-03 1.117391604930162430e-02 1.903727278113365173e-02 2.150135673582553864e-02 1.926104421727359295e-03 2.786649204790592194e-02 5.568022839725017548e-03
7.837335765361785889e-02 8.115465939044952393e-02 4.671284556388854980e-02 2.446375042200088501e-02 1.700231619179248810e-02 1.316580176353454590e-01 1.741875410079956055e-01 1.521525718271732330e-02 3.263840824365615845e-02 2.047098055481910706e-02 6.484039127826690674e-02 3.157011047005653381e-02 1.100512519478797913e-01 6.348793953657150269e-02 5.050146952271461487e-02 1.392242312431335449e-02 3.535949811339378357e-02 5.059104412794113159e-03 1.472667418420314789e-02 3.679356351494789124e-02 4.208398982882499695e-02 1.288922969251871109e-02 2.552665211260318756e-02 2.784484997391700745e-02 3.757724910974502563e-02 2.921926230192184448e-02 2.906652353703975677e-02 4.386017099022865295e-02 9.199139662086963654e-03 4.700041189789772034e-02 6.743337027728557587e-03 1.236969791352748871e-02 1.738759875297546387e-02 5.578218493610620499e-03 2.783179655671119690e-02 3.532706527039408684e-03 2.420543693006038666e-02 1.198147423565387726e-02 3.329904004931449890e-02 5.851438641548156738e-02 3.072446398437023163e-02 1.727538742125034332e-02 2.854031138122081757e-02 1.851987093687057495e-02 7.305375486612319946e-02 5.264277756214141846e-02 8.646369725465774536e-02 3.474006056785583496e-02 5.245349183678627014e-02 1.672788523137569427e-02 4.895690828561782837e-03 1.177680958062410355e-02 2.650975994765758514e-02 4.823836311697959900e-02 1.385778654366731644e-02 2.938412595540285110e-03 1.012231130152940750e-02 2.831569639965891838e-03 5.141875240951776505e-03 1.606709137558937073e-02 4.646118264645338058e-03 1.831972971558570862e-02 6.863004527986049652e-03 3.059761226177215576e-02 7.635922171175479889e-03 4.133392497897148132e-02 3.136123716831207275e-02 2.841760404407978058e-02 8.460545912384986877e-03 5.210709944367408752e-02 2.233687974512577057e-02 1.050998084247112274e-02 7.038020528852939606e-03 5.056665837764739990e-02 2.318118233233690262e-03 1.635702326893806458e-02 1.838313229382038116e-02 1.109485886991024017e-02 4.705897346138954163e-02 1.421385444700717926e-02 4.367896541953086853e-02 1.389652490615844727e-02 7.309459149837493896e-03 1.396814081817865372e-02 4.690848290920257568e-03 8.649763651192188263e-03 5.587212741374969482e-03 1.677769795060157776e-02 5.681710317730903625e-02 5.907186772674322128e-03 2.630915306508541107e-02 1.982630230486392975e-02 2.844622731208801270e-02 2.162542752921581268e-02 3.453798592090606689e-02 3.621046245098114014e-02 7.396048307418823242e-02 9.663684293627738953e-03 6.002771551720798016e-04 8.444295264780521393e-03 6.752678658813238144e-03 8.460796670988202095e-04 1.342523563653230667e-02 9.644130477681756020e-04 2.493271231651306152e-02 1.276346575468778610e-02 8.220368996262550354e-03 1.895880326628684998e-02 1.724489405751228333e-02 2.297253534197807312e-02 4.077291488647460938e-02 2.112515270709991455e-02 2.919389493763446808e-02 2.323283813893795013e-02 1.876839995384216309e-02 2.087539434432983398e-02
2.018744684755802155e-02 4.593788832426071167e-02 3.429163247346878052e-02 8.045151829719543457e-02 5.792350694537162781e-02 5.643572658300399780e-03 1.521525718271732330e-02 1.722517013549804688e-01 1.507930085062980652e-02 2.781957015395164490e-02 7.964079082012176514e-02 7.103282213211059570e-02 2.404672652482986450e-02 5.873768031597137451e-02 8.438713848590850830e-02 3.708440065383911133e-02 1.105203200131654739e-02 6.691930443048477173e-02 2.984959818422794342e-02 1.059359218925237656e-02 3.490715473890304565e-02 5.587555095553398132e-02 2.584281004965305328e-02 3.617648407816886902e-02 4.425619170069694519e-02 4.776361584663391113e-02 9.497296996414661407e-03 7.660526037216186523e-02 1.954011060297489166e-02 8.213752880692481995e-03 5.127020180225372314e-02 4.660086706280708313e-02 1.061444450169801712e-02 3.403609618544578552e-02 3.569271415472030640e-02 5.329616833478212357e-03 3.364752605557441711e-02 5.252365395426750183e-02 5.832756310701370239e-02 1.261245738714933395e-02 4.492688924074172974e-02 3.745605796575546265e-02 1.036499161273241043e-02 1.211956888437271118e-01 1.143281608819961548e-01 1.681138412095606327e-03 3.933787718415260315e-02 2.315484732389450073e-02 4.436711594462394714e-02 2.270788513123989105e-02 1.526665315032005310e-02 1.555739156901836395e-02 1.655899919569492340e-02 9.604145889170467854e-04 5.837443470954895020e-02 3.953411802649497986e-02 3.057702269870787859e-04 5.589729920029640198e-02 7.870338857173919678e-02 5.660685524344444275e-02 1.291229296475648880e-02 2.805380150675773621e-02 5.345554649829864502e-02 5.326081439852714539e-02 1.791463419795036316e-02 2.394856326282024384e-02 3.168024867773056030e-02 6.217672303318977356e-02 1.225475780665874481e-02 3.370667621493339539e-02 5.075043439865112305e-02 5.402998626232147217e-02 4.675781354308128357e-02 6.599339842796325684e-02 1.609967672266066074e-03 3.685576096177101135e-02 3.160531073808670044e-02 3.943845629692077637e-02 3.073868341743946075e-02 1.833403296768665314e-02 1.542168110609054565e-01 1.186729818582534790e-01 1.942167803645133972e-02 1.343228667974472046e-01 4.870149865746498108e-02 1.412439718842506409e-02 7.619067281484603882e-02 7.368262112140655518e-02 2.222301997244358063e-02 5.464856047183275223e-03 3.337528556585311890e-02 1.661950163543224335e-02 3.837357833981513977e-02 5.563618987798690796e-02 1.455507241189479828e-02 5.756222829222679138e-02 3.874089941382408142e-02 4.157066717743873596e-02 2.412043139338493347e-02 4.306276515126228333e-02 3.294583037495613098e-02 3.823634237051010132e-03 2.435608953237533569e-02 6.518670916557312012e-02 9.394128620624542236e-02 9.529451280832290649e-02 2.631886862218379974e-03 3.573909029364585876e-02 8.182356506586074829e-02 9.018987417221069336e-03 3.591696545481681824e-02 2.268301323056221008e-02 4.428920894861221313e-02 4.406829178333282471e-02 9.354671463370323181e-03 2.757270261645317078e-02
2.558184228837490082e-02 4.460456594824790955e-02 4.929640516638755798e-02 1.976739987730979919e-02 1.266325823962688446e-02 2.127794176340103149e-02 3.263840824365615845e-02 1.507930085062980652e-02 2.335783839225769043e-01 8.741641044616699219e-02 2.779975533485412598e-02 1.064903065562248230e-01 2.474325301591306925e-04 5.803893879055976868e-02 2.826833538711071014e-02 5.549898371100425720e-02 5.508827418088912964e-02 2.290192805230617523e-02 4.193430393934249878e-02 1.925331074744462967e-03 9.040810167789459229e-03 7.957560569047927856e-02 1.201464328914880753e-02 9.940642863512039185e-03 8.098192512989044189e-03 4.342508688569068909e-02 7.488007098436355591e-02 1.397942602634429932e-01 3.950478974729776382e-03 6.565769016742706299e-02 1.692260056734085083e-02 9.917458519339561462e-03 2.475350536406040192e-02 2.966704592108726501e-02 2.686070092022418976e-02 3.046332858502864838e-02 4.010587558150291443e-02 2.408915571868419647e-02 3.733784705400466919e-02 6.080934032797813416e-02 3.510451316833496094e-02 4.053952172398567200e-03 4.628051444888114929e-02 3.647548705339431763e-02 7.958472520112991333e-02 3.374058380722999573e-02 1.157836057245731354e-02 7.640856318175792694e-03 5.034640431404113770e-02 6.527008954435586929e-04 1.698902249336242676e-02 3.896867856383323669e-02 8.712801150977611542e-03 4.978523030877113342e-02 1.544004306197166443e-02 4.744757432490587234e-03 4.902100935578346252e-02 1.853159070014953613e-02 1.659171283245086670e-02 2.681981027126312256e-02 4.610300436615943909e-02 5.558251962065696716e-02 5.069538950920104980e-02 1.401110459119081497e-02 1.024727523326873779e-02 3.133266046643257141e-02 4.449199419468641281e-03 2.009745687246322632e-02 4.010792449116706848e-02 7.055052369832992554e-02 4.938282072544097900e-02 8.057655394077301025e-02 5.023153126239776611e-02 3.285389393568038940e-02 4.771188274025917053e-02 7.788511458784341812e-03 1.496584713459014893e-01 1.364012658596038818e-01 9.249108284711837769e-02 5.866938084363937378e-02 5.075183510780334473e-02 4.757187515497207642e-02 3.757980838418006897e-02 4.482574388384819031e-02 8.299018256366252899e-03 3.260165825486183167e-02 2.804024377837777138e-03 4.240850359201431274e-02 5.425536632537841797e-02 1.113321445882320404e-02 1.600443944334983826e-02 2.793444134294986725e-02 1.009848155081272125e-02 2.358680212637409568e-04 3.340873122215270996e-02 4.288198798894882202e-02 5.294073373079299927e-02 1.285226829349994659e-02 1.052499283105134964e-03 8.110065013170242310e-03 2.656728215515613556e-02 2.842567674815654755e-02 1.971379667520523071e-02 1.567718759179115295e-02 1.005691301543265581e-04 2.584510855376720428e-02 4.412274062633514404e-02 3.304513916373252869e-02 4.341708123683929443e-02 1.216967403888702393e-02 3.234857320785522461e-02 3.389932215213775635e-02 3.113371692597866058e-02 3.667128086090087891e-02 3.777564316987991333e-02 6.925476342439651489e-02
3.598431870341300964e-02 3.765184804797172546e-02 2.157771028578281403e-02 2.837905846536159515e-02 3.183699771761894226e-02 1.059975940734148026e-03 2.047098055481910706e-02 2.781957015395164490e-02 8.741641044616699219e-02 2.829064726829528809e-01 4.467353597283363342e-02 5.865655466914176941e-02 3.673639521002769470e-02 6.173976883292198181e-02 5.311006307601928711e-02 5.736419185996055603e-02 1.049615368247032166e-01 6.300409883260726929e-02 1.426371335983276367e-01 2.436283044517040253e-03 1.350587420165538788e-02 3.693554177880287170e-02 2.227945812046527863e-02 2.002546004951000214e-02 1.213224139064550400e-02 2.834023162722587585e-02 4.083276912569999695e-02 8.541587740182876587e-03 1.266338210552930832e-02 3.014090843498706818e-02 5.307360738515853882e-02 5.046563223004341125e-02 3.218277916312217712e-02 3.157977387309074402e-02 5.779870226979255676e-02 7.504873722791671753e-02 6.142814457416534424e-02 3.690168960019946098e-03 4.445947334170341492e-02 2.767691388726234436e-02 1.935903169214725494e-02 9.266969747841358185e-03 1.952815800905227661e-02 4.863339662551879883e-02 1.020678058266639709e-01 8.959128707647323608e-02 3.431916981935501099e-02 1.420446671545505524e-03 7.458590516762342304e-06 5.815127119421958923e-02 5.213166773319244385e-02 6.539294123649597168e-02 3.622664883732795715e-02 7.757889106869697571e-03 3.535197675228118896e-02 2.988949418067932129e-02 1.805838011205196381e-02 1.938845217227935791e-02 1.894801296293735504e-02 2.670435793697834015e-02 2.827553637325763702e-02 1.341643836349248886e-02 8.612533099949359894e-03 6.191236153244972229e-02 6.392766255885362625e-03 1.452129054814577103e-02 1.893194392323493958e-02 1.184618100523948669e-02 1.705005951225757599e-02 3.840806707739830017e-02 4.312197118997573853e-02 1.318717142567038536e-03 7.346723973751068115e-02 5.484339222311973572e-02 6.625726819038391113e-02 1.101798005402088165e-02 5.773828923702239990e-02 1.079534143209457397e-01 9.971749037504196167e-02 1.017907783389091492e-01 2.187770605087280273e-02 3.630487248301506042e-02 4.450605064630508423e-02 1.342122852802276611e-01 5.665570031851530075e-03 5.774490418843924999e-04 1.796794822439551353e-04 9.138758294284343719e-03 4.465502500534057617e-02 9.754213690757751465e-02 8.202865719795227051e-03 2.417444996535778046e-02 5.882297176867723465e-03 7.424934767186641693e-03 8.460846543312072754e-02 5.020228773355484009e-02 8.910398930311203003e-02 2.730464190244674683e-02 4.734998196363449097e-02 1.620160602033138275e-02 3.340621665120124817e-02 6.212273612618446350e-03 2.366368658840656281e-02 1.225946191698312759e-02 4.506846517324447632e-02 1.671300642192363739e-02 2.975011989474296570e-02 1.618399284780025482e-02 4.591456800699234009e-02 4.489498212933540344e-02 1.051383092999458313e-02 3.817885741591453552e-02 5.773468408733606339e-03 3.967426344752311707e-02 2.631251234561204910e-03 4.454953968524932861e-02
7.073237746953964233e-02 3.739809617400169373e-02 2.125391550362110138e-02 4.039371758699417114e-02 3.950896486639976501e-02 5.633443221449851990e-02 6.484039127826690674e-02 7.964079082012176514e-02 2.779975533485412598e-02 4.467353597283363342e-02 1.929043233394622803e-01 2.636511065065860748e-02 6.402665376663208008e-02 2.984440326690673828e-02 4.869856685400009155e-02 9.123576804995536804e-03 3.792858868837356567e-02 1.040356326848268509e-02 3.403078392148017883e-02 2.911411412060260773e-02 1.728944480419158936e-02 3.486400097608566284e-02 1.526276208460330963e-02 3.063239902257919312e-02 1.639461889863014221e-02 6.149738561362028122e-03 1.814048923552036285e-02 9.212783537805080414e-03 2.617033571004867554e-02 2.481676824390888214e-02 1.676813699305057526e-02 3.587878867983818054e-02 2.802242990583181381e-03 3.617899119853973389e-02 3.416012274101376534e-03 7.986205630004405975e-03 3.902161261066794395e-03 4.750017542392015457e-03 9.241476655006408691e-03 7.673910353332757950e-03 1.671096868813037872e-02 2.215691655874252319e-02 8.487657643854618073e-03 2.294033206999301910e-02 7.359580695629119873e-02 2.948805876076221466e-02 6.156491488218307495e-02 2.739434689283370972e-02 1.595529727637767792e-02 1.434303075075149536e-02 4.000622313469648361e-03 9.850180940702557564e-04 9.379191324114799500e-03 2.190215140581130981e-02 2.308478206396102905e-02 3.888709004968404770e-03 3.684225259348750114e-03 3.092400170862674713e-02 4.756859317421913147e-02 2.600861527025699615e-02 8.187081664800643921e-03 2.946064341813325882e-03 2.665811777114868164e-02 3.594722226262092590e-02 2.793426252901554108e-02 2.220637723803520203e-02 2.905635163187980652e-02 3.362870216369628906e-02 1.520640775561332703e-02 2.625731937587261200e-02 3.429790958762168884e-02 2.509801089763641357e-02 1.334023848176002502e-02 1.184421405196189880e-02 2.374120056629180908e-02 1.578316837549209595e-02 1.476737949997186661e-02 1.791653782129287720e-02 4.394416511058807373e-02 3.644893690943717957e-02 5.723794177174568176e-02 1.451829355210065842e-02 2.813075669109821320e-02 6.509838253259658813e-02 3.877580538392066956e-02 3.020832315087318420e-02 2.707294747233390808e-02 1.607519574463367462e-02 3.802360966801643372e-02 3.588273003697395325e-02 2.801804803311824799e-02 2.566929347813129425e-02 1.363525912165641785e-02 3.533871844410896301e-02 3.604548983275890350e-03 1.283867051824927330e-03 6.266925483942031860e-03 3.418448939919471741e-02 1.892038062214851379e-02 2.186432853341102600e-02 3.460889682173728943e-02 3.221109136939048767e-02 3.615055466070771217e-03 2.407988533377647400e-02 4.482678323984146118e-02 1.003891509026288986e-02 3.990234434604644775e-02 2.293529361486434937e-02 4.477386921644210815e-02 2.254604548215866089e-02 3.719571605324745178e-02 1.527085155248641968e-02 2.890120632946491241e-02 3.031258098781108856e-02 2.131389454007148743e-02 3.040173649787902832e-02
3.121112100780010223e-02 2.622959949076175690e-02 5.636680871248245239e-02 2.524629980325698853e-02 4.973148554563522339e-02 7.041183859109878540e-02 3.157011047005653381e-02 7.103282213211059570e-02 1.064903065562248230e-01 5.865655466914176941e-02 2.636511065065860748e-02 2.290032655000686646e-01 8.530321530997753143e-03 1.363729387521743774e-01 2.337590791285037994e-02 1.254553813487291336e-02 2.804202213883399963e-02 4.850420355796813965e-02 7.774846162647008896e-03 6.848264485597610474e-03 6.603538524359464645e-03 5.573792383074760437e-02 6.843451410531997681e-02 2.105381898581981659e-02 2.730521932244300842e-02 3.894650936126708984e-02 3.702863305807113647e-02 1.134972274303436279e-01 6.137383729219436646e-02 1.071355342864990234e-01 3.863679990172386169e-02 4.267276450991630554e-02 2.927631698548793793e-02 2.416485548019409180e-02 1.557413116097450256e-02 2.289103902876377106e-02 1.755223143845796585e-03 2.551880665123462677e-02 5.248902365565299988e-02 4.874852672219276428e-02 3.334172815084457397e-02 2.116731926798820496e-02 4.055563732981681824e-02 4.751491919159889221e-02 7.536808401346206665e-02 4.928124696016311646e-02 4.533135145902633667e-02 5.166737735271453857e-02 2.543953992426395416e-02 2.328567393124103546e-02 1.490593049675226212e-02 3.515025973320007324e-02 3.374754637479782104e-02 4.190494865179061890e-02 2.292467467486858368e-02 1.718319021165370941e-03 7.538579404354095459e-02 6.111547723412513733e-02 3.956736996769905090e-03 2.404311671853065491e-02 1.967900246381759644e-02 3.179339319467544556e-02 1.084483228623867035e-02 2.585892938077449799e-02 1.942926459014415741e-02 1.296661701053380966e-02 1.650528609752655029e-02 9.432038292288780212e-03 1.170410029590129852e-02 2.796173468232154846e-02 1.321038231253623962e-02 8.011780679225921631e-03 7.344195991754531860e-02 1.920744031667709351e-02 6.184086203575134277e-02 1.723025739192962646e-02 7.829383760690689087e-02 7.371563464403152466e-02 7.656151056289672852e-02 8.291555941104888916e-02 2.342802658677101135e-02 3.092043660581111908e-02 4.510185867547988892e-02 5.431624129414558411e-02 7.746523711830377579e-03 9.064222685992717743e-03 3.036915697157382965e-02 3.966461867094039917e-02 6.556766480207443237e-02 8.288250863552093506e-02 1.608290523290634155e-02 2.909244969487190247e-02 1.692841760814189911e-02 5.076999589800834656e-02 3.536475589498877525e-03 1.683710888028144836e-02 2.625779807567596436e-02 1.530618127435445786e-02 2.630621567368507385e-02 2.722864411771297455e-02 2.752027288079261780e-02 2.854813821613788605e-03 1.047832146286964417e-02 2.173979952931404114e-02 3.304727375507354736e-02 1.759433932602405548e-02 3.765990212559700012e-02 6.286003161221742630e-03 4.811346903443336487e-02 1.304151024669408798e-02 1.868520118296146393e-02 3.585829585790634155e-02 2.023541554808616638e-02 2.899422124028205872e-02 1.591921225190162659e-02 8.557312935590744019e-02
7.411203533411026001e-02 7.466138899326324463e-02 5.842123553156852722e-02 1.119134668260812759e-02 5.019623041152954102e-02 1.027645766735076904e-01 1.100512519478797913e-01 2.404672652482986450e-02 2.474325301591306925e-04 3.673639521002769470e-02 6.402665376663208008e-02 8.530321530997753143e-03 1.734639555215835571e-01 1.855154335498809814e-02 2.497154846787452698e-02 8.851815015077590942e-03 3.683345392346382141e-03 2.721258439123630524e-02 3.863685950636863708e-02 3.052218258380889893e-02 2.220129407942295074e-02 2.604929730296134949e-02 1.724405586719512939e-02 2.644054219126701355e-02 2.068828605115413666e-02 1.550338114611804485e-03 4.424582794308662415e-02 2.458577789366245270e-02 2.422126196324825287e-02 4.281033948063850403e-02 1.676910370588302612e-02 1.558747421950101852e-02 2.506518037989735603e-03 2.098943851888179779e-02 1.745240017771720886e-02 2.840206958353519440e-02 2.434606663882732391e-02 1.241379883140325546e-03 5.841661710292100906e-03 5.393939465284347534e-02 1.995669119060039520e-02 2.237283997237682343e-02 1.184998732060194016e-02 3.255170956254005432e-02 7.258889079093933105e-02 3.673411533236503601e-02 8.715499192476272583e-02 2.504314854741096497e-02 5.240939185023307800e-02 3.843226283788681030e-02 1.061671599745750427e-02 1.257156115025281906e-02 6.374778691679239273e-03 2.053880132734775543e-02 2.153605408966541290e-02 8.520360104739665985e-03 2.063827123492956161e-03 4.637021571397781372e-02 4.206217080354690552e-02 3.015407547354698181e-02 9.084628894925117493e-03 3.083040239289402962e-03 1.520341169089078903e-02 2.899762801826000214e-02 2.708066627383232117e-02 4.665955901145935059e-02 1.862681470811367035e-02 2.452401071786880493e-02 9.891944006085395813e-03 2.841925993561744690e-02 4.297818057239055634e-03 8.730443194508552551e-03 2.917231060564517975e-03 3.634524345397949219e-02 9.427911601960659027e-03 1.859404146671295166e-02 1.382230664603412151e-03 3.860867395997047424e-02 2.153227478265762329e-02 5.581745505332946777e-02 3.963900730013847351e-02 6.807179749011993408e-02 4.825440794229507446e-02 4.080103244632482529e-03 1.537403557449579239e-02 1.710820943117141724e-03 2.071218751370906830e-02 1.561067812144756317e-02 3.820571582764387131e-03 1.335283927619457245e-02 3.321244567632675171e-02 2.656398154795169830e-02 7.824190892279148102e-03 3.472280129790306091e-02 6.885366048663854599e-03 4.096105112694203854e-05 1.673478074371814728e-02 3.780936822295188904e-02 1.916654407978057861e-02 2.452416718006134033e-02 1.482418831437826157e-02 1.664862595498561859e-02 3.791658207774162292e-02 4.271326586604118347e-02 6.232871208339929581e-03 1.283368282020092010e-02 7.977006025612354279e-03 8.329712785780429840e-03 2.933754818513989449e-03 1.763625186868011951e-03 3.673531860113143921e-02 8.226014673709869385e-03 2.434347756206989288e-02 4.849593155086040497e-03 2.632884122431278229e-02 3.523954749107360840e-02
