1.817404627799987793e-01 1.733228266239166260e-01 3.429634869098663330e-02 2.520417794585227966e-02 4.715682566165924072e-02 1.962163485586643219e-02 2.867799066007137299e-02 5.126247555017471313e-02 3.594122361391782761e-03 4.529143124818801880e-02 1.645109802484512329e-01 5.845629796385765076e-02 1.296051293611526489e-01 3.481230512261390686e-02 3.864555433392524719e-02 1.572123728692531586e-02 3.749381378293037415e-02 9.747506119310855865e-03 4.792658984661102295e-02 7.080297172069549561e-02 2.095700241625308990e-02 5.050126463174819946e-02 8.361725136637687683e-03 5.085428059101104736e-02 1.117636729031801224e-02 2.887401729822158813e-02 8.710728026926517487e-03 3.492217510938644409e-02 8.256377279758453369e-02 1.329889707267284393e-02 6.782158464193344116e-02 6.309202313423156738e-02 6.128047592937946320e-03 5.398216471076011658e-02 1.137692332267761230e-01 1.273111626505851746e-02 3.288740664720535278e-02 3.301325812935829163e-02 2.443503402173519135e-02 7.157464325428009033e-02 6.796152889728546143e-02 1.360172312706708908e-02 3.794357925653457642e-02 3.419084101915359497e-02 2.703242748975753784e-02 1.927157491445541382e-02 6.433069705963134766e-02 2.970000356435775757e-02 1.550910156220197678e-02 1.284389570355415344e-02 5.412920936942100525e-02 9.531268849968910217e-03 4.546532407402992249e-02 6.347896996885538101e-03 2.428019419312477112e-02 1.247195620089769363e-02 3.915060684084892273e-02 1.845707930624485016e-02 5.153661593794822693e-02 5.246648564934730530e-02 2.293719351291656494e-02 2.017114683985710144e-02 1.046541519463062286e-02 7.327701896429061890e-02 1.508308015763759613e-02 3.681562468409538269e-02 8.621795102953910828e-03 3.155582398176193237e-02 8.178661577403545380e-03 1.010126248002052307e-02 1.835723873227834702e-03 6.525216251611709595e-02 2.615651860833168030e-02 2.737309550866484642e-03 8.036430925130844116e-03 3.262961283326148987e-02 4.791785776615142822e-02 1.636856421828269958e-02 9.645618498325347900e-03 9.583235718309879303e-03 4.787805955857038498e-03 6.661394983530044556e-02 1.161278504878282547e-02 7.077481597661972046e-02 1.639666594564914703e-02 5.335079878568649292e-02 9.096941910684108734e-03 5.679434165358543396e-02 1.853297464549541473e-02 4.350717645138502121e-03 3.668150678277015686e-02 3.136049583554267883e-02 5.640598013997077942e-02 9.467902593314647675e-03 1.400482468307018280e-02 8.280459791421890259e-03 1.614170707762241364e-02 2.988443709909915924e-02 2.038770355284214020e-02 5.054426193237304688e-02 1.845680549740791321e-02 2.340611629188060760e-02 7.994807511568069458e-02 2.540614642202854156e-02 3.997623920440673828e-02 9.035740047693252563e-02 5.929419770836830139e-02 5.170980468392372131e-02 1.189459767192602158e-02 4.430231172591447830e-03 3.060255199670791626e-02 2.318306360393762589e-03 3.516162931919097900e-02 3.216078504920005798e-02 7.643443066626787186e-03 1.171685382723808289e-02
1.733228266239166260e-01 1.819300800561904907e-01 1.751303113996982574e-02 3.601346164941787720e-02 1.950176991522312164e-02 7.266221940517425537e-02 9.615442901849746704e-02 1.706968806684017181e-02 3.993148729205131531e-02 2.075708657503128052e-02 1.126068830490112305e-01 5.289075151085853577e-02 1.093198657035827637e-01 5.458974465727806091e-02 3.548929467797279358e-02 2.514830417931079865e-02 1.972122117877006531e-02 1.624143309891223907e-02 4.336925968527793884e-02 1.175627633929252625e-01 3.827976062893867493e-02 5.575959384441375732e-02 3.381759673357009888e-02 6.155197042971849442e-03 3.872648254036903381e-02 2.506984770298004150e-02 4.447288811206817627e-03 1.422373671084642410e-02 4.080500081181526184e-02 2.560341730713844299e-02 4.090869426727294922e-02 3.496965393424034119e-02 1.373066287487745285e-02 1.604334451258182526e-02 7.143665105104446411e-02 3.444958850741386414e-02 5.172347184270620346e-03 2.435770630836486816e-02 2.056620083749294281e-02 9.339872747659683228e-03 1.768655516207218170e-02 1.573163643479347229e-02 1.814808882772922516e-02 8.829540573060512543e-03 3.257401753216981888e-03 2.476383186876773834e-02 6.534048914909362793e-02 5.440124496817588806e-02 3.806710941717028618e-03 3.427409334108233452e-03 8.595072478055953979e-02 4.654832184314727783e-03 9.211191907525062561e-03 4.454898834228515625e-02 1.314830593764781952e-02 5.437834560871124268e-02 2.366462722420692444e-02 1.298186555504798889e-02 4.199656192213296890e-03 2.518139407038688660e-02 1.456939056515693665e-02 1.787857734598219395e-03 3.021942265331745148e-02 1.792505383491516113e-02 5.534806288778781891e-03 1.479776576161384583e-02 1.170944236218929291e-02 1.050171256065368652e-02 2.065227366983890533e-02 7.260573911480605602e-04 9.983826894313097000e-04 3.175416216254234314e-02 1.017323601990938187e-02 1.522511895745992661e-02 4.590574186295270920e-03 2.867133915424346924e-02 2.532943338155746460e-02 2.996359579265117645e-02 2.655791305005550385e-02 9.589048102498054504e-03 8.463340811431407928e-03 2.932880632579326630e-02 1.575030758976936340e-02 1.159921474754810333e-02 1.007376238703727722e-02 2.944964915513992310e-02 3.744135424494743347e-02 2.441187947988510132e-02 4.658920690417289734e-03 8.001927286386489868e-03 2.033190615475177765e-02 4.201570525765419006e-02 2.173709496855735779e-02 4.658996127545833588e-03 4.498852044343948364e-02 4.612820688635110855e-03 3.689715266227722168e-02 3.204719861969351768e-03 2.767420373857021332e-02 6.464343983680009842e-03 3.617950156331062317e-02 5.212439224123954773e-03 2.608620747923851013e-02 1.172372978180646896e-02 3.556092083454132080e-02 9.173129685223102570e-03 1.547025796025991440e-02 2.920993790030479431e-02 2.278653671965003014e-03 2.412671782076358795e-02 5.842540040612220764e-02 9.586372412741184235e-03 7.501449435949325562e-03 3.227949887514114380e-02 4.489587619900703430e-03 3.877780959010124207e-02
3.429634869098663330e-02 1.751303113996982574e-02 1.277613192796707153e-01 3.298529610037803650e-02 4.670558124780654907e-02 1.453907508403062820e-02 1.111667975783348083e-02 1.196399107575416565e-01 2.058926597237586975e-02 1.285067573189735413e-02 1.739942096173763275e-02 4.462903738021850586e-02 1.263635326176881790e-02 2.273195609450340271e-02 5.265459045767784119e-02 1.852113491622731090e-04 2.775030024349689484e-02 5.842155590653419495e-02 2.857245691120624542e-02 2.215084806084632874e-02 1.718616671860218048e-02 3.549259901046752930e-02 2.078462950885295868e-02 1.312549225986003876e-02 8.599733561277389526e-02 4.806313291192054749e-02 4.361169412732124329e-03 2.953212894499301910e-02 3.936888277530670166e-02 2.723226882517337799e-02 3.469799831509590149e-02 5.515762418508529663e-02 8.568450808525085449e-02 1.758263818919658661e-02 3.737257793545722961e-02 4.073548316955566406e-02 4.653473570942878723e-02 2.016913145780563354e-02 1.713912375271320343e-02 5.423844605684280396e-02 2.160163410007953644e-02 3.567449003458023071e-02 1.650132611393928528e-02 3.394075483083724976e-02 6.369160860776901245e-02 3.153813257813453674e-02 9.314826689660549164e-03 3.559423610568046570e-02 2.004388161003589630e-02 7.250462472438812256e-02 5.259518511593341827e-03 9.439607150852680206e-03 2.023659460246562958e-02 1.003944780677556992e-02 4.550061374902725220e-02 3.237269818782806396e-02 2.427102252840995789e-02 1.001177704893052578e-03 3.872253373265266418e-02 2.066291868686676025e-02 3.719824552536010742e-02 1.711330749094486237e-02 4.078284651041030884e-02 1.132488530129194260e-02 2.093330584466457367e-02 4.432149697095155716e-03 1.570689864456653595e-02 1.915674540214240551e-03 7.279452402144670486e-03 8.301028981804847717e-03 1.873234845697879791e-02 3.386709466576576233e-02 3.750063711777329445e-03 1.912085898220539093e-02 2.167011611163616180e-03 5.898695904761552811e-03 2.580562792718410492e-02 1.617668196558952332e-02 6.908190250396728516e-02 3.377362713217735291e-02 1.523235291242599487e-01 1.188251599669456482e-01 2.536132931709289551e-02 5.704501178115606308e-03 3.433355689048767090e-02 3.110085427761077881e-02 7.143589854240417480e-02 3.649670258164405823e-02 3.442593291401863098e-02 3.679664060473442078e-02 8.187768980860710144e-03 9.414363652467727661e-03 5.261332262307405472e-03 4.127233102917671204e-02 9.667524136602878571e-03 2.461472153663635254e-02 2.495023235678672791e-02 8.597912266850471497e-03 5.235198419541120529e-03 6.375311873853206635e-03 7.667551748454570770e-03 2.252115635201334953e-03 3.718986734747886658e-02 2.563014859333634377e-03 1.163315866142511368e-02 4.133251495659351349e-03 3.305739909410476685e-02 5.563998222351074219e-02 5.989885423332452774e-03 9.380607865750789642e-03 5.842889472842216492e-02 6.037957035005092621e-03 1.889095583464950323e-04 3.361120074987411499e-02 4.090154543519020081e-02 1.710864901542663574e-02
2.520417794585227966e-02 3.601346164941787720e-02 3.298529610037803650e-02 2.390584647655487061e-01 3.479334115982055664e-01 2.709525637328624725e-02 1.468889228999614716e-02 7.045441772788763046e-03 9.531262330710887909e-03 7.847246527671813965e-02 1.087854336947202682e-02 1.054186448454856873e-01 1.960967667400836945e-02 4.510822519659996033e-02 2.204919047653675079e-02 1.764967851340770721e-02 5.169964581727981567e-02 3.966302052140235901e-02 4.751382768154144287e-02 1.058562472462654114e-02 6.933923345059156418e-03 2.066351473331451416e-02 3.793044388294219971e-02 5.189097672700881958e-02 3.742284700274467468e-02 3.636479750275611877e-02 4.382554441690444946e-02 4.259210452437400818e-02 3.391891345381736755e-02 4.177526012063026428e-02 8.373559452593326569e-03 6.668647378683090210e-02 9.162812680006027222e-02 4.158531129360198975e-02 1.491567958146333694e-02 3.804099559783935547e-02 1.072882395237684250e-02 1.602531224489212036e-02 1.074970811605453491e-01 7.820330560207366943e-02 1.222189795225858688e-02 4.219771176576614380e-02 2.725790999829769135e-02 2.980867866426706314e-04 6.287177652120590210e-02 6.917730718851089478e-02 2.895923517644405365e-02 5.918639153242111206e-02 3.200502134859561920e-03 4.280020296573638916e-02 4.079195670783519745e-03 5.023145675659179688e-02 1.561013888567686081e-02 6.954495795071125031e-03 1.507724635303020477e-02 6.094506010413169861e-03 7.350552082061767578e-02 1.454224623739719391e-02 2.074160985648632050e-02 9.211098775267601013e-03 8.761589229106903076e-02 1.656027627177536488e-03 2.558897435665130615e-02 7.667482644319534302e-02 5.520337726920843124e-03 4.859348013997077942e-02 1.361097954213619232e-02 1.257309876382350922e-02 1.888346299529075623e-02 5.060398019850254059e-03 3.456068038940429688e-02 8.518415503203868866e-03 2.123923897743225098e-01 1.638198085129261017e-02 1.269976794719696045e-01 2.155731664970517159e-03 8.160428144037723541e-03 5.680836737155914307e-02 5.483546853065490723e-02 9.090299718081951141e-03 2.597898989915847778e-02 3.861724399030208588e-03 1.098307594656944275e-01 1.471794843673706055e-01 4.229389131069183350e-02 4.238272458314895630e-02 3.321726247668266296e-02 1.695637032389640808e-02 3.811459243297576904e-02 3.864177688956260681e-02 6.249253079295158386e-02 1.945033483207225800e-02 2.734280424192547798e-04 1.409558113664388657e-02 8.174244314432144165e-03 4.880109056830406189e-02 1.834908872842788696e-02 6.708004325628280640e-02 2.567486139014363289e-03 3.105358779430389404e-02 2.330649457871913910e-02 3.305013105273246765e-02 1.087408699095249176e-02 4.012085869908332825e-02 1.724546775221824646e-02 2.569735236465930939e-02 4.963953513652086258e-03 4.092791303992271423e-02 4.814583808183670044e-02 3.007288463413715363e-02 2.233709581196308136e-02 2.576585486531257629e-02 6.016438454389572144e-02 7.726938277482986450e-02 2.055905386805534363e-02 2.814909443259239197e-02
4.715682566165924072e-02 1.950176991522312164e-02 4.670558124780654907e-02 3.479334115982055664e-01 2.349792271852493286e-01 5.310425162315368652e-02 1.994812488555908203e-02 1.341037545353174210e-02 6.543505191802978516e-02 7.470697164535522461e-02 1.791484095156192780e-02 5.923228710889816284e-02 1.706517674028873444e-02 3.198627755045890808e-02 3.443189710378646851e-02 4.223728924989700317e-02 3.703713044524192810e-02 2.805968932807445526e-02 1.091322973370552063e-01 2.969004586338996887e-02 3.805304691195487976e-02 1.374592073261737823e-02 5.880857259035110474e-02 5.525371432304382324e-02 2.907888218760490417e-02 2.232553437352180481e-02 5.432666465640068054e-02 3.600177913904190063e-02 2.462025545537471771e-02 5.253356881439685822e-03 3.292552381753921509e-02 1.464281114749610424e-03 1.197715848684310913e-01 5.034238100051879883e-03 2.955857105553150177e-02 2.169106528162956238e-02 3.384769335389137268e-02 3.955100476741790771e-02 7.636903971433639526e-02 1.947910636663436890e-01 2.566984668374061584e-02 3.227295726537704468e-02 6.430095434188842773e-02 3.514610230922698975e-02 4.966405406594276428e-02 8.938644081354141235e-02 1.318062189966440201e-02 6.712912581861019135e-03 3.297654166817665100e-02 3.794378414750099182e-02 4.989531589671969414e-04 4.173868522047996521e-02 4.312654584646224976e-02 3.566789999604225159e-02 6.755208224058151245e-02 2.105089463293552399e-02 9.009686857461929321e-02 1.422521378844976425e-02 1.401051506400108337e-02 4.309970512986183167e-02 9.768612682819366455e-03 1.365339569747447968e-02 7.225426286458969116e-02 2.251921594142913818e-02 4.419865086674690247e-02 1.389204990118741989e-02 2.548151463270187378e-02 4.931538179516792297e-02 1.689096912741661072e-02 1.555820181965827942e-02 6.999988108873367310e-02 2.977192215621471405e-02 1.101118773221969604e-01 1.285061426460742950e-02 1.263809055089950562e-01 2.335422206670045853e-03 5.925770103931427002e-02 7.091537117958068848e-02 5.056712031364440918e-02 3.819747269153594971e-02 3.982021939009428024e-03 2.631391398608684540e-02 1.612569838762283325e-01 1.801744997501373291e-01 1.794156618416309357e-02 7.361683994531631470e-02 1.246844511479139328e-02 4.582360386848449707e-03 3.811054304242134094e-02 4.984423890709877014e-02 3.677910193800926208e-02 2.151322178542613983e-02 1.612657215446233749e-03 1.686184783466160297e-03 3.236350789666175842e-02 7.030936423689126968e-03 6.176980584859848022e-02 8.733546361327171326e-03 4.228385165333747864e-02 2.177501469850540161e-02 1.068119984120130539e-02 1.062149740755558014e-02 5.123350769281387329e-03 2.658650465309619904e-02 2.061007544398307800e-02 3.329715132713317871e-02 3.209285205230116844e-03 3.256056085228919983e-02 1.808447204530239105e-02 2.371701411902904510e-02 3.458495065569877625e-02 2.591227367520332336e-02 4.182533919811248779e-02 1.101559102535247803e-01 5.944493785500526428e-02 1.946991495788097382e-02
1.962163485586643219e-02 7.266221940517425537e-02 1.453907508403062820e-02 2.709525637328624725e-02 5.310425162315368652e-02 1.936704963445663452e-01 1.982376277446746826e-01 3.126361221075057983e-02 5.709896609187126160e-02 1.599662750959396362e-02 6.298281997442245483e-02 5.972712486982345581e-02 5.655752867460250854e-02 1.045493334531784058e-01 1.365773566067218781e-02 2.976540848612785339e-02 3.957981988787651062e-02 1.234372798353433609e-02 3.544577583670616150e-02 2.819586917757987976e-02 3.882342576980590820e-02 1.946863345801830292e-02 2.128162421286106110e-03 1.979478262364864349e-02 7.276233751326799393e-03 7.035458087921142578e-02 6.509562954306602478e-03 9.858591482043266296e-03 8.015424758195877075e-02 4.356637969613075256e-02 4.707520455121994019e-02 6.886879913508892059e-03 2.664840593934059143e-02 1.433714199811220169e-02 2.806262858211994171e-02 5.174426361918449402e-02 3.790051117539405823e-02 1.082054059952497482e-02 3.088827431201934814e-02 2.721988596022129059e-02 4.657009243965148926e-02 2.981283329427242279e-02 5.255391821265220642e-02 3.913722932338714600e-02 5.796507373452186584e-02 4.080366715788841248e-02 2.244970053434371948e-01 8.472076803445816040e-02 3.888920694589614868e-02 3.626006096601486206e-02 7.033115625381469727e-02 5.097817257046699524e-02 1.917485147714614868e-02 1.915580593049526215e-02 1.567775011062622070e-02 3.388768527656793594e-03 3.670174628496170044e-02 1.370497979223728180e-02 6.717505864799022675e-03 2.417032048106193542e-02 1.280030608177185059e-02 6.581742316484451294e-02 3.741927444934844971e-02 7.412473205476999283e-03 4.055137187242507935e-02 2.838562801480293274e-02 4.125463217496871948e-02 2.374213561415672302e-02 4.917581751942634583e-02 5.147201567888259888e-02 2.513988316059112549e-02 2.295818366110324860e-02 2.682271786034107208e-02 2.067996561527252197e-02 3.846178948879241943e-02 3.942668810486793518e-02 1.692341757006943226e-03 4.403857165016233921e-04 4.369176924228668213e-02 5.156842991709709167e-02 1.986026205122470856e-02 5.707625672221183777e-02 3.842355450615286827e-03 5.220163986086845398e-02 5.877426266670227051e-02 1.916768401861190796e-02 2.012068033218383789e-02 3.218533843755722046e-02 1.190607063472270966e-02 1.566415838897228241e-02 7.461505383253097534e-02 2.656626701354980469e-02 4.462024942040443420e-02 6.297773681581020355e-03 5.681422539055347443e-03 3.747834637761116028e-02 4.117796663194894791e-03 2.587205171585083008e-02 1.132643595337867737e-02 1.130233425647020340e-02 4.314739629626274109e-02 1.332079432904720306e-02 2.479279227554798126e-02 3.542426973581314087e-02 8.495688438415527344e-03 9.043775498867034912e-02 1.975866593420505524e-02 5.704767070710659027e-03 9.072680026292800903e-03 2.649630419909954071e-02 3.145310282707214355e-02 1.627973280847072601e-02 3.120004013180732727e-02 2.369252592325210571e-02 2.135164290666580200e-02 1.306201796978712082e-02
2.867799066007137299e-02 9.615442901849746704e-02 1.111667975783348083e-02 1.468889228999614716e-02 1.994812488555908203e-02 1.982376277446746826e-01 2.283514440059661865e-01 1.157633308321237564e-02 3.659059852361679077e-02 2.394551970064640045e-02 7.194736599922180176e-02 3.067720495164394379e-02 1.008692234754562378e-01 7.995887845754623413e-02 4.401881620287895203e-02 1.934996619820594788e-02 3.385140001773834229e-02 2.037692815065383911e-02 5.669892951846122742e-02 2.130276337265968323e-02 2.981407567858695984e-02 2.380513586103916168e-02 1.940706558525562286e-02 1.353417523205280304e-02 9.760927408933639526e-03 5.503119900822639465e-02 4.046344663947820663e-03 2.313963882625102997e-02 8.154205046594142914e-03 1.241434179246425629e-02 4.536030348390340805e-03 1.544011197984218597e-02 7.545790169388055801e-03 2.310000360012054443e-03 1.637817732989788055e-02 1.269752532243728638e-02 3.234363347291946411e-02 2.570937201380729675e-02 1.224315445870161057e-02 2.157523110508918762e-02 7.200850546360015869e-02 7.173111289739608765e-02 4.970060288906097412e-02 8.932336233556270599e-03 3.860366716980934143e-02 6.416641920804977417e-02 1.619400531053543091e-01 1.419600844383239746e-01 2.786573395133018494e-02 3.092469647526741028e-02 8.391861920244991779e-04 4.935462400317192078e-02 1.944697834551334381e-02 5.720965564250946045e-04 5.183716770261526108e-03 2.856052247807383537e-03 1.031118724495172501e-02 3.949765488505363464e-02 3.429638221859931946e-03 8.385496214032173157e-03 3.747466206550598145e-02 9.368126094341278076e-02 8.116926066577434540e-03 2.756979875266551971e-02 3.804785758256912231e-02 5.539515987038612366e-02 1.921292953193187714e-02 2.067485079169273376e-02 2.216358110308647156e-02 5.635062698274850845e-03 2.943301945924758911e-02 4.090420901775360107e-02 5.510542541742324829e-02 2.311184816062450409e-02 6.053401157259941101e-02 4.274368658661842346e-02 3.323980793356895447e-02 1.052707526832818985e-02 3.547513112425804138e-02 4.071871936321258545e-02 8.748209103941917419e-03 4.046108573675155640e-02 6.675174459815025330e-03 2.269803546369075775e-03 1.189443934708833694e-02 2.712530083954334259e-02 5.820661783218383789e-02 3.148580715060234070e-02 6.222561001777648926e-03 1.130535820266231894e-04 4.913966357707977295e-02 4.215211048722267151e-02 4.761702939867973328e-02 3.091216087341308594e-03 1.100939046591520309e-02 5.751010030508041382e-03 5.523771420121192932e-02 1.554760709404945374e-02 2.907716482877731323e-02 1.544515689602121711e-04 2.468721196055412292e-02 7.693138439208269119e-03 3.795105218887329102e-02 1.582984067499637604e-02 2.207219041883945465e-02 2.992846257984638214e-02 6.350846379064023495e-04 3.429682925343513489e-02 1.751871407032012939e-02 5.102084483951330185e-03 4.379948973655700684e-02 2.956617064774036407e-02 7.191946357488632202e-02 1.271438202820718288e-03 5.016091465950012207e-02 1.733674295246601105e-02
5.126247555017471313e-02 1.706968806684017181e-02 1.196399107575416565e-01 7.045441772788763046e-03 1.341037545353174210e-02 3.126361221075057983e-02 1.157633308321237564e-02 1.811282336711883545e-01 7.459822576493024826e-03 4.331693984568119049e-03 1.706533133983612061e-02 2.288479171693325043e-02 1.114283408969640732e-02 1.749687828123569489e-02 1.399683356285095215e-01 2.491943351924419403e-02 1.958799548447132111e-02 1.220054086297750473e-02 3.185944398865103722e-03 1.478857360780239105e-02 1.944082416594028473e-02 2.776181790977716446e-03 2.917119767516851425e-03 8.337298408150672913e-03 3.482961654663085938e-02 3.091580793261528015e-02 5.571105331182479858e-02 1.260553020983934402e-02 4.338436573743820190e-02 3.640879690647125244e-02 5.076486989855766296e-02 2.417049370706081390e-02 5.052596703171730042e-02 6.551346182823181152e-02 4.700940847396850586e-02 4.017906263470649719e-03 2.523289248347282410e-02 6.037769489921629429e-04 4.654074087738990784e-02 2.006702870130538940e-02 4.226103425025939941e-02 2.093109488487243652e-02 1.054893806576728821e-02 7.875225692987442017e-02 1.229485943913459778e-01 1.560242380946874619e-02 7.143289782106876373e-03 2.149909362196922302e-02 1.559135876595973969e-02 4.279213398694992065e-02 3.873502602800726891e-03 3.530198009684681892e-03 5.017642304301261902e-02 3.210133686661720276e-02 3.942561894655227661e-02 3.860270231962203979e-02 2.984470501542091370e-02 3.985466808080673218e-02 4.842748120427131653e-02 2.882351400330662727e-03 3.224152326583862305e-02 6.608062423765659332e-03 5.274935066699981689e-02 2.733062766492366791e-02 7.056063041090965271e-03 1.228951290249824524e-02 2.472486905753612518e-02 2.880563260987401009e-03 5.594334565103054047e-03 9.250215254724025726e-03 3.778294660151004791e-03 1.253954879939556122e-02 6.220491603016853333e-03 1.358035299926996231e-02 2.821385860443115234e-02 1.642787270247936249e-02 6.719185970723628998e-03 7.471257820725440979e-03 5.153682082891464233e-02 1.914137601852416992e-02 1.794966161251068115e-01 9.839150309562683105e-02 2.212144806981086731e-02 2.173877879977226257e-02 1.583074033260345459e-02 7.639500498771667480e-02 7.597971707582473755e-02 4.892519861459732056e-02 6.004583090543746948e-03 1.643037050962448120e-02 4.165687784552574158e-02 3.164906520396471024e-03 8.088413625955581665e-02 2.630622126162052155e-02 9.479333646595478058e-03 2.700190059840679169e-02 5.894216243177652359e-03 4.388667270541191101e-02 8.070229552686214447e-03 4.578842222690582275e-02 4.369298741221427917e-02 5.712197721004486084e-02 9.335465729236602783e-03 3.022398799657821655e-02 4.132444038987159729e-02 2.114318870007991791e-02 5.328073725104331970e-02 1.462325453758239746e-02 4.007560387253761292e-02 2.448349492624402046e-03 6.202442571520805359e-02 3.249585628509521484e-02 2.491192519664764404e-02 1.396614313125610352e-02 4.541964456439018250e-02 3.394992277026176453e-02
3.594122361391782761e-03 3.993148729205131531e-02 2.058926597237586975e-02 9.531262330710887909e-03 6.543505191802978516e-02 5.709896609187126160e-02 3.659059852361679077e-02 7.459822576493024826e-03 1.843622028827667236e-01 9.846234321594238281e-02 1.365895569324493408e-02 1.975935883820056915e-02 2.467827498912811279e-02 1.061789784580469131e-02 2.613283134996891022e-02 6.151450797915458679e-03 2.466436708346009254e-04 8.752121031284332275e-02 7.035299390554428101e-02 2.648066729307174683e-02 5.876952409744262695e-02 2.382958307862281799e-02 5.847355723381042480e-02 1.840944215655326843e-02 3.688394650816917419e-02 4.157281666994094849e-02 9.395922534167766571e-03 2.257477864623069763e-02 7.567307911813259125e-03 4.432846792042255402e-03 1.812854968011379242e-02 8.135219104588031769e-03 1.062690839171409607e-02 1.017897576093673706e-02 4.177241027355194092e-02 1.053178682923316956e-02 3.315813839435577393e-02 4.980511963367462158e-02 1.864023879170417786e-02 1.545374654233455658e-02 1.679930835962295532e-02 7.271771132946014404e-02 1.277938392013311386e-02 3.198339417576789856e-02 2.090302668511867523e-02 7.840828038752079010e-03 1.815524138510227203e-02 1.984693855047225952e-02 1.203083153814077377e-02 4.099739342927932739e-02 1.106102019548416138e-02 1.247202977538108826e-02 1.427027862519025803e-02 3.699981048703193665e-02 6.619172636419534683e-03 2.699577808380126953e-02 1.678277738392353058e-02 4.287099000066518784e-03 3.869857266545295715e-02 1.803806424140930176e-02 3.471746295690536499e-02 2.227195352315902710e-02 1.076192874461412430e-02 5.119881592690944672e-03 2.240944188088178635e-03 3.968976065516471863e-02 2.668526209890842438e-02 4.578848555684089661e-02 7.631836086511611938e-02 2.210617251694202423e-02 1.566919684410095215e-02 2.044526115059852600e-02 8.618080057203769684e-03 5.936846137046813965e-03 1.357467379420995712e-02 1.040423288941383362e-02 1.215901970863342285e-01 5.717909708619117737e-02 1.117818877100944519e-01 4.908896610140800476e-02 2.624743431806564331e-02 5.415095388889312744e-02 6.710345298051834106e-02 3.681581839919090271e-02 9.629324823617935181e-02 5.487358197569847107e-02 4.561519250273704529e-02 3.144556656479835510e-03 6.277320533990859985e-02 1.263125799596309662e-02 2.410140633583068848e-02 7.520683109760284424e-03 1.293815206736326218e-02 7.182609755545854568e-03 5.518169701099395752e-02 8.043671399354934692e-02 4.861539602279663086e-02 6.396160926669836044e-03 2.866871654987335205e-02 2.816650643944740295e-02 2.198057807981967926e-02 3.096354193985462189e-02 3.033980727195739746e-02 4.727186460513621569e-04 8.095354586839675903e-02 5.981980822980403900e-03 7.290428131818771362e-02 3.566354140639305115e-02 4.401282966136932373e-02 1.550351269543170929e-02 4.865097254514694214e-02 2.918656915426254272e-02 3.239374980330467224e-02 9.507113695144653320e-02 2.683406637515872717e-04 4.231099155731499195e-04
4.529143124818801880e-02 2.075708657503128052e-02 1.285067573189735413e-02 7.847246527671813965e-02 7.470697164535522461e-02 1.599662750959396362e-02 2.394551970064640045e-02 4.331693984568119049e-03 9.846234321594238281e-02 2.335571050643920898e-01 3.612669929862022400e-02 6.961130350828170776e-02 4.963098559528589249e-03 2.678445540368556976e-02 1.057706587016582489e-02 3.920551389455795288e-02 4.893563687801361084e-02 5.591892451047897339e-02 1.770869195461273193e-01 1.218924112617969513e-02 1.639148406684398651e-02 2.955303154885768890e-02 7.780110929161310196e-03 3.583925962448120117e-02 1.244919840246438980e-02 2.439871057868003845e-02 6.544739473611116409e-03 2.409672888461500406e-04 1.091097109019756317e-02 3.028346411883831024e-02 1.817791722714900970e-02 2.893478423357009888e-02 4.134526103734970093e-02 1.775451935827732086e-02 5.785965826362371445e-03 2.062528952956199646e-02 1.317832246422767639e-02 5.415584146976470947e-02 5.481158383190631866e-03 5.159249994903802872e-03 7.932161912322044373e-03 1.545302942395210266e-02 4.486865550279617310e-02 7.011873275041580200e-02 3.755988925695419312e-02 1.260180473327636719e-01 2.441640384495258331e-02 4.757807403802871704e-02 2.431701868772506714e-02 8.245947957038879395e-02 1.464095246046781540e-02 7.351148873567581177e-03 3.609677031636238098e-02 3.388401120901107788e-02 3.606844693422317505e-02 8.122155815362930298e-02 3.499820828437805176e-02 4.265775159001350403e-02 3.204214945435523987e-02 8.166971616446971893e-03 5.738802254199981689e-02 1.504418719559907913e-02 1.777578261680901051e-03 2.146652527153491974e-02 9.688105434179306030e-03 2.258613891899585724e-02 4.871330037713050842e-02 2.908994629979133606e-02 3.142884373664855957e-02 1.946161687374114990e-02 7.786799967288970947e-02 4.157441481947898865e-02 5.210738629102706909e-02 3.202869324013590813e-03 1.445854641497135162e-02 5.215061455965042114e-02 2.536027878522872925e-02 1.027709469199180603e-01 8.022393286228179932e-02 1.198635250329971313e-01 4.069898650050163269e-02 2.414822205901145935e-02 2.938727848231792450e-02 7.309409230947494507e-02 2.725920081138610840e-02 7.182036340236663818e-02 1.434509921818971634e-02 8.434657938778400421e-03 1.344668306410312653e-02 2.614490129053592682e-02 1.302492525428533554e-02 2.452318556606769562e-02 2.393731474876403809e-02 1.022769603878259659e-03 1.225275546312332153e-02 2.902136370539665222e-02 1.218391396105289459e-02 1.049944665282964706e-02 1.397403888404369354e-02 1.032442785799503326e-03 3.178681805729866028e-02 2.647491730749607086e-02 3.003592416644096375e-02 4.109596367925405502e-03 1.597519149072468281e-03 5.047375336289405823e-03 1.257773861289024353e-02 2.962382044643163681e-03 4.637890495359897614e-03 7.485101465135812759e-03 3.528825705870985985e-03 1.040535140782594681e-02 4.564331099390983582e-02 3.574462234973907471e-02 3.144054114818572998e-02 3.682738542556762695e-02
1.645109802484512329e-01 1.126068830490112305e-01 1.739942096173763275e-02 1.087854336947202682e-02 1.791484095156192780e-02 6.298281997442245483e-02 7.194736599922180176e-02 1.706533133983612061e-02 1.365895569324493408e-02 3.612669929862022400e-02 2.260560095310211182e-01 4.052019119262695312e-02 1.314328163862228394e-01 3.190291300415992737e-02 3.130067139863967896e-02 3.761583939194679260e-02 4.078454524278640747e-02 1.615675352513790131e-02 4.817927256226539612e-02 1.275977399200201035e-02 1.838883757591247559e-02 6.899423152208328247e-02 8.540057577192783356e-03 3.049205522984266281e-03 8.873505517840385437e-03 4.849405959248542786e-02 6.525225192308425903e-02 1.569637656211853027e-02 8.956984430551528931e-02 1.160161010921001434e-02 6.297932565212249756e-02 2.160054072737693787e-02 9.892733767628669739e-03 3.294019028544425964e-02 3.068638034164905548e-02 3.588818758726119995e-02 9.485798887908458710e-03 2.315915748476982117e-02 1.924705342389643192e-03 1.215651538223028183e-02 2.986889891326427460e-02 3.609094768762588501e-02 7.007824722677469254e-03 6.253500282764434814e-02 1.812348328530788422e-02 1.283315196633338928e-02 4.735798761248588562e-02 1.803625188767910004e-02 1.076277438551187515e-02 5.634454637765884399e-02 1.866896450519561768e-02 4.467239230871200562e-02 1.103351078927516937e-02 5.044496059417724609e-02 3.303854539990425110e-02 9.948819130659103394e-02 9.077152237296104431e-03 3.024962544441223145e-02 1.431625895202159882e-02 2.924422733485698700e-02 2.832089364528656006e-02 8.525815606117248535e-02 1.961025409400463104e-03 1.298420131206512451e-02 7.521756738424301147e-02 4.879874736070632935e-02 1.016190461814403534e-02 3.320040181279182434e-02 1.481819804757833481e-02 1.106887031346559525e-02 2.728219516575336456e-02 3.603561222553253174e-02 7.166681345552206039e-03 4.206549748778343201e-02 9.388925507664680481e-03 1.859838329255580902e-02 3.425758332014083862e-02 2.756965346634387970e-02 4.925578832626342773e-02 4.650267772376537323e-03 5.674633383750915527e-02 2.447328343987464905e-02 4.186731204390525818e-02 2.096677012741565704e-02 2.973063103854656219e-02 3.505191206932067871e-02 4.264489933848381042e-02 7.607702165842056274e-03 7.068743463605642319e-03 4.268628358840942383e-02 5.053578689694404602e-02 5.732087418437004089e-02 4.438102245330810547e-02 2.884545922279357910e-02 5.721083376556634903e-03 1.958150230348110199e-02 4.550442099571228027e-02 4.540041089057922363e-02 3.353562578558921814e-02 5.720600858330726624e-02 5.679822526872158051e-03 3.045165911316871643e-02 4.982651397585868835e-02 2.636366523802280426e-02 9.140403009951114655e-03 3.597037866711616516e-02 3.449028357863426208e-02 5.640353262424468994e-02 3.290485963225364685e-02 5.807771813124418259e-03 2.090386673808097839e-02 9.796298108994960785e-03 2.968382835388183594e-02 8.498881943523883820e-03 1.064192876219749451e-02 1.405056752264499664e-02
5.845629796385765076e-02 5.289075151085853577e-02 4.462903738021850586e-02 1.054186448454856873e-01 5.923228710889816284e-02 5.972712486982345581e-02 3.067720495164394379e-02 2.288479171693325043e-02 1.975935883820056915e-02 6.961130350828170776e-02 4.052019119262695312e-02 1.981358528137207031e-01 3.591513261198997498e-02 1.990925967693328857e-01 5.052521079778671265e-02 1.840718835592269897e-02 5.338026955723762512e-02 5.948929116129875183e-02 4.968591779470443726e-02 3.825006261467933655e-02 2.178177237510681152e-02 5.989053100347518921e-02 5.146860331296920776e-02 2.712245844304561615e-02 2.029406838119029999e-02 4.718325659632682800e-02 6.212930381298065186e-02 1.988533288240432739e-01 1.002284418791532516e-02 1.293468028306961060e-01 1.955549791455268860e-02 4.860252141952514648e-02 3.786410391330718994e-02 3.545096516609191895e-02 6.080903857946395874e-02 2.857348881661891937e-02 7.485589478164911270e-03 2.448119339533150196e-04 4.330568015575408936e-03 4.958504810929298401e-02 4.697068780660629272e-02 9.775616973638534546e-02 7.737353444099426270e-02 3.645893558859825134e-02 1.336130201816558838e-01 6.702250242233276367e-02 2.707882039248943329e-02 2.127587981522083282e-02 8.380271494388580322e-02 3.939939290285110474e-02 9.421895444393157959e-02 1.203548312187194824e-01 1.626367680728435516e-02 4.891502205282449722e-03 9.820533543825149536e-02 7.316846400499343872e-03 2.024652203544974327e-03 5.487557128071784973e-02 4.623782634735107422e-02 2.922904305160045624e-02 4.741783067584037781e-02 2.805505320429801941e-02 1.259880810976028442e-01 7.965996861457824707e-02 3.918429836630821228e-02 4.971558228135108948e-02 3.499478474259376526e-02 3.683984279632568359e-02 1.990048214793205261e-02 2.245287597179412842e-02 1.687520183622837067e-02 3.273853566497564316e-03 8.816659450531005859e-02 2.879162505269050598e-02 4.920794442296028137e-02 2.690064907073974609e-02 5.766975507140159607e-02 1.666792482137680054e-02 1.317268330603837967e-02 6.539315730333328247e-02 3.230679035186767578e-02 5.164276808500289917e-03 3.128850832581520081e-02 2.982256747782230377e-02 9.777569212019443512e-03 1.510654482990503311e-02 4.665038082748651505e-03 5.544252693653106689e-02 3.903943812474608421e-03 2.414330281317234039e-02 3.584879636764526367e-02 2.541458606719970703e-02 1.540589984506368637e-02 9.845050983130931854e-03 4.357526078820228577e-02 7.947696745395660400e-02 3.185442835092544556e-02 3.512521798256784678e-04 3.962884098291397095e-02 1.879723928868770599e-02 2.776140719652175903e-02 1.991564175114035606e-03 8.845743723213672638e-03 3.184643760323524475e-02 4.885175824165344238e-02 9.195216745138168335e-02 1.032624766230583191e-02 2.647468587383627892e-03 2.613565884530544281e-02 7.459738757461309433e-03 7.253291457891464233e-02 1.415212918072938919e-02 9.819358587265014648e-03 8.884152770042419434e-02 4.845631495118141174e-02 1.176222506910562515e-02
1.296051293611526489e-01 1.093198657035827637e-01 1.263635326176881790e-02 1.960967667400836945e-02 1.706517674028873444e-02 5.655752867460250854e-02 1.008692234754562378e-01 1.114283408969640732e-02 2.467827498912811279e-02 4.963098559528589249e-03 1.314328163862228394e-01 3.591513261198997498e-02 2.176267057657241821e-01 3.696022927761077881e-02 4.061958193778991699e-02 2.544111758470535278e-02 3.778426721692085266e-02 1.943862438201904297e-02 5.244968086481094360e-02 4.964769631624221802e-02 5.054523353464901447e-04 6.067421659827232361e-02 2.477386780083179474e-02 5.386481061577796936e-03 2.698986418545246124e-02 2.689248882234096527e-02 3.663764521479606628e-02 1.072511915117502213e-02 6.176002696156501770e-02 1.479350682348012924e-02 5.991976335644721985e-02 6.995941977947950363e-03 1.262945309281349182e-02 2.603057213127613068e-02 1.511845923960208893e-02 2.072531357407569885e-02 5.236376076936721802e-03 3.023174963891506195e-02 8.915775455534458160e-03 1.680624298751354218e-02 2.699436247348785400e-02 1.442193752154707909e-03 2.126880688592791557e-03 1.756479032337665558e-02 2.673779055476188660e-02 3.750516101717948914e-02 3.457076847553253174e-02 3.087980858981609344e-02 2.359583787620067596e-02 4.987715557217597961e-02 2.136226929724216461e-02 2.128330804407596588e-02 1.870676688849925995e-02 1.496221683919429779e-02 2.058661915361881256e-02 7.590072602033615112e-02 3.189124539494514465e-02 2.493567764759063721e-02 2.753931097686290741e-03 3.165624290704727173e-02 1.671943441033363342e-02 8.277337998151779175e-02 5.663451179862022400e-02 4.533022642135620117e-02 4.610626399517059326e-02 6.815180182456970215e-02 4.253012314438819885e-02 1.633530668914318085e-02 7.688752375543117523e-04 1.005513477139174938e-03 1.330965664237737656e-03 2.183137647807598114e-02 1.709092222154140472e-02 2.230530232191085815e-02 2.091572852805256844e-03 7.745556533336639404e-03 1.567824184894561768e-02 2.597917988896369934e-02 5.817312002182006836e-02 1.043236628174781799e-02 1.579439081251621246e-02 8.252045139670372009e-03 3.016009554266929626e-02 4.098603129386901855e-02 2.782150544226169586e-02 8.046586997807025909e-03 3.250233083963394165e-02 3.413743525743484497e-02 1.442367210984230042e-02 2.720265090465545654e-02 3.064909949898719788e-02 4.934046790003776550e-02 3.998201340436935425e-02 3.369599580764770508e-02 2.940075285732746124e-02 1.209411025047302246e-02 1.362071000039577484e-02 3.423360735177993774e-02 3.451306000351905823e-02 5.091065168380737305e-02 5.642430484294891357e-02 2.393913269042968750e-02 2.853420097380876541e-03 4.839530214667320251e-03 2.280780486762523651e-02 3.520769998431205750e-02 5.388789623975753784e-02 6.556989252567291260e-02 2.238355949521064758e-02 3.692842088639736176e-03 1.442798506468534470e-02 1.040531974285840988e-02 2.684154023882001638e-04 1.754311285912990570e-02 3.057137317955493927e-02 3.638621419668197632e-02
