1.605498492717742920e-01 1.258170604705810547e-01 1.260660961270332336e-02 1.320861559361219406e-02 2.972980216145515442e-02 8.806603401899337769e-02 6.471149623394012451e-02 4.793980717658996582e-02 9.227889589965343475e-03 1.034233812242746353e-02 7.388318330049514771e-02 2.686131559312343597e-02 5.655352026224136353e-02 5.428749322891235352e-02 7.028353959321975708e-02 1.685929112136363983e-02 4.858062788844108582e-02 1.924707740545272827e-02 3.315131366252899170e-02 5.842229584231972694e-04 1.518477220088243484e-02 3.209953755140304565e-02 3.750361502170562744e-02 6.512326188385486603e-03 1.597934029996395111e-02 4.546111449599266052e-02 4.120772238820791245e-03 1.593191362917423248e-02 9.141025133430957794e-03 1.142259128391742706e-02 1.504814997315406799e-02 5.547199398279190063e-03 1.219460181891918182e-02 1.593188196420669556e-02 3.677564114332199097e-02 3.312361612915992737e-02 1.924827136099338531e-02 1.389990746974945068e-02 3.003297746181488037e-02 1.959202438592910767e-02 1.938758976757526398e-02 7.356924470514059067e-03 7.670433260500431061e-03 1.174791716039180756e-02 6.199512630701065063e-02 5.793528631329536438e-02 4.364684224128723145e-02 3.751018643379211426e-02 4.122968763113021851e-03 2.490887604653835297e-02 6.169967725872993469e-02 4.742273315787315369e-02 9.230194613337516785e-03 2.425694838166236877e-02 4.396546259522438049e-02 2.171963453292846680e-02 3.586168866604566574e-03 5.046984180808067322e-03 1.867011375725269318e-02 2.381930872797966003e-02 6.086500943638384342e-04 1.383582502603530884e-02 8.594895713031291962e-03 3.850568085908889771e-02 2.146166563034057617e-02 1.000712718814611435e-02 2.228120528161525726e-02 2.584585361182689667e-02 1.072748098522424698e-02 3.078646026551723480e-03 1.215722784399986267e-02 1.722106593661010265e-03 4.585801623761653900e-03 6.555193103849887848e-04 1.301131118088960648e-02 2.043311111629009247e-02 2.671019174158573151e-02 2.300772070884704590e-02 4.050353076308965683e-03 1.579924114048480988e-02 1.789928786456584930e-02 9.484838694334030151e-03 9.002300910651683807e-03 3.523263707756996155e-02 1.784644671715795994e-03 3.759687766432762146e-02 2.613641507923603058e-02 4.950059950351715088e-02 9.623070247471332550e-03 1.045870408415794373e-02 5.049340054392814636e-02 3.734912723302841187e-03 4.093508422374725342e-02 1.482429215684533119e-03 6.586755625903606415e-03 1.011708751320838928e-02 3.038602694869041443e-02 5.370728205889463425e-03 1.413630670867860317e-03 9.554367512464523315e-03 2.417782880365848541e-02 2.209068462252616882e-02 1.986821182072162628e-02 5.205099657177925110e-02 3.744625672698020935e-02 3.585928585380315781e-03 1.471006311476230621e-02 1.288410834968090057e-02 2.329334616661071777e-02 2.509641461074352264e-02 2.041203156113624573e-02 2.844975143671035767e-02 6.766173057258129120e-03 7.192940916866064072e-03 3.218760713934898376e-02 6.437038537114858627e-03
1.258170604705810547e-01 1.651445776224136353e-01 3.239452838897705078e-03 4.318929743021726608e-03 1.841373741626739502e-02 8.071760833263397217e-02 9.296078234910964966e-02 1.591278612613677979e-02 2.374948002398014069e-02 2.229580655694007874e-03 5.265852063894271851e-02 6.321653723716735840e-02 6.833753734827041626e-02 1.476683914661407471e-01 3.741195425391197205e-02 1.148933637887239456e-02 3.453448042273521423e-02 5.896410718560218811e-02 1.488939952105283737e-02 2.190746366977691650e-02 3.183428943157196045e-02 7.257397286593914032e-03 1.864441297948360443e-02 3.062616661190986633e-02 3.092365106567740440e-03 2.195093780755996704e-02 1.294225547462701797e-02 4.170245304703712463e-02 1.561636943370103836e-02 4.059728235006332397e-02 4.518534522503614426e-03 3.423037007451057434e-02 6.494764238595962524e-03 2.454058825969696045e-02 9.813538752496242523e-03 1.266898401081562042e-02 2.323674596846103668e-02 6.712908390909433365e-03 3.630876541137695312e-02 1.791479252278804779e-02 2.586200088262557983e-02 3.544041514396667480e-02 8.882176131010055542e-03 1.262946333736181259e-02 6.904359161853790283e-02 7.634445279836654663e-02 4.558004438877105713e-02 5.445607379078865051e-02 4.222754016518592834e-02 1.504630967974662781e-02 3.300256282091140747e-02 2.896837331354618073e-02 1.429839059710502625e-02 3.415864706039428711e-02 4.026493057608604431e-02 2.051416784524917603e-02 1.009096205234527588e-02 1.208825781941413879e-02 5.635918118059635162e-03 4.872795194387435913e-02 1.488809566944837570e-02 1.310997083783149719e-02 1.025378145277500153e-02 1.398696191608905792e-02 3.880551829934120178e-02 4.042533691972494125e-03 5.494798533618450165e-03 6.409703288227319717e-03 4.365848749876022339e-02 5.227790400385856628e-02 5.196639522910118103e-02 2.442745119333267212e-02 8.010460878722369671e-04 4.019748046994209290e-02 2.089770510792732239e-02 3.182481229305267334e-02 2.163480035960674286e-02 3.420995920896530151e-02 7.761507760733366013e-03 2.913386328145861626e-03 1.980628073215484619e-02 1.022183708846569061e-02 1.388467941433191299e-02 1.034207642078399658e-02 1.562207657843828201e-02 1.801822148263454437e-02 1.212084200233221054e-02 2.221505902707576752e-02 4.764320794492959976e-03 4.399687051773071289e-02 4.256046563386917114e-02 2.247397415339946747e-02 4.107739031314849854e-02 1.420291233807802200e-02 4.177299141883850098e-02 3.554234653711318970e-02 4.891949240118265152e-03 8.228929713368415833e-03 6.498889066278934479e-03 3.461888292804360390e-03 3.348656371235847473e-02 1.611216366291046143e-02 1.854283362627029419e-02 3.092676587402820587e-02 8.363463915884494781e-03 3.867220133543014526e-02 2.973554097115993500e-02 1.552101969718933105e-02 3.572669113054871559e-03 4.780750721693038940e-03 2.748312242329120636e-02 2.026369608938694000e-02 2.322657220065593719e-02 3.358102589845657349e-02 1.699087582528591156e-02 6.371398922055959702e-03
1.260660961270332336e-02 3.239452838897705078e-03 8.932188898324966431e-02 1.533837057650089264e-02 4.780723899602890015e-02 4.330433439463376999e-03 2.152346260845661163e-02 1.600846201181411743e-01 2.302198857069015503e-02 2.727451175451278687e-02 9.069805964827537537e-03 4.426471889019012451e-02 1.476853154599666595e-02 2.116410434246063232e-02 5.859411507844924927e-02 2.647176943719387054e-02 1.093733869493007660e-02 8.573470986448228359e-04 2.596643567085266113e-02 1.960914395749568939e-02 5.245551094412803650e-02 3.172161430120468140e-02 1.829757727682590485e-02 3.163273259997367859e-02 1.708701066672801971e-02 5.428675189614295959e-02 2.450853772461414337e-02 1.703985180938616395e-04 3.095742687582969666e-02 1.848384365439414978e-02 2.000410296022891998e-02 4.708814620971679688e-02 4.031561780720949173e-03 4.823044314980506897e-02 2.693390473723411560e-02 1.528906263411045074e-02 1.281901542097330093e-02 4.190456494688987732e-02 7.242554798722267151e-03 5.254526808857917786e-02 4.627100750803947449e-02 8.846562355756759644e-03 3.504810156300663948e-03 4.096311330795288086e-02 2.011160925030708313e-02 4.861988499760627747e-02 9.941980242729187012e-03 2.140912041068077087e-02 5.040680244565010071e-02 5.003553256392478943e-02 3.330570086836814880e-02 2.123989164829254150e-02 4.588260501623153687e-02 2.934474311769008636e-02 3.495433600619435310e-03 3.986951336264610291e-02 8.174311369657516479e-03 1.817735657095909119e-02 1.183339115232229233e-02 1.595543511211872101e-02 2.041197381913661957e-02 2.159358933568000793e-02 6.016839295625686646e-02 2.244068495929241180e-02 2.945015951991081238e-02 2.759985812008380890e-02 4.393310099840164185e-02 3.374353051185607910e-02 3.006504848599433899e-02 1.148783043026924133e-02 5.628411844372749329e-02 2.452421188354492188e-02 4.902541637420654297e-02 2.098816819489002228e-02 2.301403507590293884e-02 3.298209980130195618e-02 3.913800790905952454e-02 2.831106446683406830e-02 3.999943658709526062e-02 5.077707022428512573e-02 1.049606502056121826e-01 5.137662217020988464e-02 6.586065050214529037e-03 2.718624426051974297e-03 5.807673558592796326e-02 4.482863843441009521e-02 6.935742497444152832e-02 2.733410336077213287e-02 3.561521880328655243e-03 6.465660035610198975e-02 5.341620370745658875e-02 2.591487951576709747e-02 3.658198192715644836e-02 2.315670438110828400e-02 4.237772524356842041e-02 6.239964812994003296e-02 2.669565565884113312e-02 6.007862836122512817e-02 2.955545857548713684e-02 5.071350559592247009e-02 3.733732970431447029e-03 9.822452440857887268e-03 3.373313695192337036e-02 3.185550123453140259e-02 6.124397739768028259e-02 1.163118798285722733e-02 1.350617874413728714e-02 2.404965460300445557e-02 2.770590037107467651e-02 6.436756253242492676e-02 1.596448593772947788e-03 2.851981902495026588e-03 1.696825213730335236e-02 3.901692852377891541e-02 7.898157089948654175e-02 8.363295346498489380e-02
1.320861559361219406e-02 4.318929743021726608e-03 1.533837057650089264e-02 9.658965468406677246e-02 1.885769218206405640e-01 1.629631780087947845e-02 3.432717919349670410e-02 4.242930095642805099e-03 2.745066583156585693e-02 7.782756350934505463e-03 5.634955130517482758e-03 2.322331443428993225e-02 2.880661934614181519e-02 9.025254403240978718e-04 3.584769740700721741e-02 1.400536671280860901e-02 4.945409949868917465e-03 5.803930386900901794e-02 6.968270242214202881e-02 3.930779546499252319e-02 3.209569695172831416e-05 4.947686567902565002e-02 6.596407387405633926e-03 2.867892198264598846e-02 3.561482578516006470e-02 4.402435943484306335e-02 6.037238240242004395e-02 4.235619306564331055e-02 4.666427522897720337e-02 7.166288793087005615e-02 5.134645849466323853e-02 4.655119031667709351e-03 6.470454391092061996e-04 2.512136660516262054e-02 1.821742020547389984e-02 1.921581476926803589e-02 3.095884621143341064e-02 3.016590885818004608e-02 8.712944388389587402e-02 6.188061460852622986e-02 1.075599435716867447e-02 4.271257296204566956e-02 6.168328225612640381e-02 1.111377496272325516e-02 2.705479413270950317e-02 9.285459294915199280e-03 1.643868349492549896e-02 1.212474796921014786e-02 7.950481027364730835e-03 3.249609842896461487e-03 2.390299364924430847e-02 1.879488863050937653e-02 1.832231320440769196e-02 1.436795759946107864e-02 2.353784628212451935e-02 3.992494195699691772e-02 1.474543660879135132e-02 5.340551212430000305e-02 5.247250571846961975e-02 1.055733487010002136e-01 6.636608857661485672e-03 5.520345177501440048e-03 5.033703148365020752e-02 2.785561978816986084e-02 3.109884820878505707e-02 3.616029163822531700e-03 2.404662035405635834e-02 1.890085078775882721e-02 2.561540901660919189e-02 8.556718379259109497e-02 4.911861941218376160e-02 3.893800079822540283e-02 1.265259087085723877e-01 4.870587214827537537e-02 1.168194040656089783e-01 2.634067321196198463e-03 4.610499367117881775e-02 3.685149177908897400e-02 7.557564880698919296e-03 4.411677829921245575e-03 4.041365534067153931e-02 1.676475442945957184e-02 5.816833674907684326e-02 6.256586313247680664e-02 1.851899176836013794e-02 1.937995292246341705e-02 2.638997882604598999e-02 7.976833148859441280e-04 5.968952178955078125e-02 2.005462907254695892e-02 2.663489989936351776e-02 6.788389384746551514e-02 4.913792479783296585e-03 4.753740876913070679e-02 1.017882209271192551e-02 2.661890722811222076e-02 1.254619751125574112e-02 2.556910552084445953e-02 1.090415380895137787e-02 5.130276456475257874e-02 4.477611277252435684e-03 2.186003513634204865e-02 7.079734001308679581e-03 3.637262806296348572e-02 4.579017404466867447e-03 3.278893977403640747e-02 1.308465935289859772e-02 1.925274170935153961e-02 4.459437914192676544e-03 1.874121651053428650e-02 1.047504134476184845e-02 1.397274900227785110e-02 4.236910864710807800e-02 7.982642389833927155e-03 4.304374381899833679e-02 3.377188742160797119e-02
2.972980216145515442e-02 1.841373741626739502e-02 4.780723899602890015e-02 1.885769218206405640e-01 9.779182821512222290e-02 2.944838628172874451e-02 2.539898641407489777e-02 1.990802399814128876e-02 4.506239667534828186e-02 2.343673631548881531e-02 1.872541755437850952e-02 1.444785296916961670e-02 4.134088009595870972e-02 3.786035999655723572e-02 1.110510900616645813e-02 1.639158651232719421e-02 1.236219890415668488e-02 3.212261712178587914e-03 3.223991021513938904e-02 1.073853857815265656e-02 1.561020966619253159e-02 3.126078471541404724e-02 3.991308435797691345e-02 1.168372016400098801e-02 3.297187387943267822e-02 3.524991450831294060e-03 3.870485350489616394e-02 3.642258793115615845e-02 4.917925596237182617e-02 1.047306042164564133e-02 3.411167860031127930e-02 7.844188250601291656e-03 3.753193467855453491e-02 5.706385150551795959e-02 2.483475580811500549e-02 8.921436034142971039e-03 1.569596864283084869e-02 3.357094526290893555e-02 5.376583710312843323e-02 5.195283144712448120e-02 2.172839269042015076e-02 5.360948666930198669e-02 3.319507837295532227e-02 2.251111716032028198e-02 4.158251360058784485e-02 2.945226430892944336e-02 2.391741424798965454e-02 1.487819664180278778e-02 1.557577028870582581e-02 3.260722756385803223e-02 4.543798975646495819e-03 7.500926585635170341e-05 6.558192428201436996e-03 8.056172169744968414e-03 1.282790396362543106e-02 2.758444473147392273e-02 3.941206261515617371e-02 2.464218437671661377e-02 1.941993599757552147e-03 6.892471015453338623e-02 1.912949420511722565e-02 1.188517361879348755e-02 8.574265986680984497e-02 5.449188873171806335e-02 4.474661499261856079e-02 2.099245786666870117e-02 1.429861783981323242e-02 5.928505677729845047e-03 2.830906026065349579e-02 5.834933370351791382e-02 2.317289449274539948e-02 1.911831088364124298e-02 9.900932013988494873e-02 7.621310651302337646e-03 1.337602734565734863e-01 5.959527939558029175e-02 8.238863945007324219e-02 2.264556661248207092e-02 3.009333647787570953e-02 1.523976400494575500e-02 2.282503619790077209e-02 2.511240914463996887e-02 5.810708925127983093e-02 6.456954032182693481e-02 9.952367283403873444e-03 8.649366907775402069e-03 2.496234513819217682e-02 9.370818734169006348e-03 7.534002512693405151e-02 1.837937161326408386e-02 3.912912309169769287e-02 6.983293592929840088e-02 2.770170196890830994e-02 7.151251193135976791e-03 7.501974236220121384e-03 2.005996927618980408e-02 3.127775620669126511e-03 2.646098146215081215e-04 2.729954756796360016e-02 9.650179184973239899e-03 6.120872683823108673e-03 1.512997969985008240e-02 2.429911307990550995e-02 5.668748170137405396e-03 3.301601111888885498e-02 4.735118523240089417e-02 5.300774797797203064e-02 1.657638815231621265e-03 1.411458011716604233e-03 4.396850243210792542e-02 2.651529386639595032e-03 7.788120768964290619e-03 3.484876453876495361e-02 1.231191214174032211e-02 3.028346411883831024e-02 2.723773382604122162e-02
8.806603401899337769e-02 8.071760833263397217e-02 4.330433439463376999e-03 1.629631780087947845e-02 2.944838628172874451e-02 1.616349667310714722e-01 1.056634113192558289e-01 3.371537104249000549e-02 3.677343949675559998e-02 2.981491573154926300e-02 5.737257748842239380e-02 8.533686399459838867e-02 5.827345699071884155e-02 3.236221522092819214e-02 7.393924053758382797e-03 1.821566559374332428e-02 5.955326370894908905e-03 4.415075480937957764e-02 2.381393499672412872e-02 4.127799533307552338e-03 1.607410795986652374e-02 6.833054590970277786e-03 1.299239508807659149e-02 1.143139204941689968e-03 2.266914024949073792e-02 2.542425878345966339e-02 1.683277823030948639e-02 2.141939662396907806e-02 2.957638539373874664e-02 3.677295148372650146e-02 3.656677529215812683e-02 1.360166165977716446e-02 1.584174856543540955e-02 4.288097098469734192e-02 1.774856646079570055e-04 1.256088539958000183e-02 3.143971785902976990e-02 2.190846949815750122e-02 3.642732650041580200e-02 2.555958926677703857e-02 5.648236256092786789e-04 2.216171706095337868e-03 3.700705990195274353e-02 3.224012628197669983e-02 5.718966014683246613e-03 2.698323689401149750e-02 1.087764576077461243e-01 7.883428037166595459e-02 2.380168996751308441e-03 2.483614347875118256e-02 1.011074334383010864e-02 2.818023413419723511e-02 3.286100178956985474e-02 3.988293930888175964e-03 3.578724339604377747e-02 3.206444904208183289e-02 1.172277517616748810e-02 1.266170572489500046e-02 2.862536162137985229e-02 1.064307242631912231e-02 2.810809388756752014e-02 1.561362110078334808e-02 1.295937225222587585e-03 1.329142041504383087e-02 2.776295691728591919e-02 1.818272285163402557e-02 1.219506468623876572e-02 2.590127754956483841e-03 1.175131089985370636e-02 1.261461898684501648e-02 1.763564720749855042e-02 3.193543106317520142e-02 9.981264593079686165e-04 1.015178207308053970e-02 1.104288641363382339e-02 4.684525728225708008e-02 9.683985263109207153e-03 2.177533134818077087e-02 2.403546683490276337e-02 7.214528508484363556e-03 2.287800190970301628e-03 2.408983185887336731e-02 3.165151551365852356e-02 2.784078195691108704e-02 6.071266718208789825e-03 1.786476559937000275e-02 6.894869264215230942e-03 2.818467468023300171e-02 3.120705671608448029e-02 1.527861785143613815e-02 5.802345275878906250e-02 3.739717183634638786e-03 3.179704397916793823e-02 1.794718205928802490e-02 3.428905084729194641e-02 3.643884509801864624e-02 2.501822076737880707e-02 2.288287319242954254e-02 1.836627162992954254e-02 1.813379302620887756e-02 1.754395291209220886e-02 4.946062341332435608e-02 9.790534386411309242e-04 1.572352834045886993e-02 5.232825130224227905e-02 3.925899043679237366e-02 2.924226038157939911e-02 1.971587352454662323e-02 2.452782914042472839e-02 1.644655130803585052e-02 9.327719919383525848e-03 1.577308028936386108e-02 8.359634317457675934e-03 3.210804238915443420e-02 3.039955347776412964e-02 3.931889683008193970e-02
6.471149623394012451e-02 9.296078234910964966e-02 2.152346260845661163e-02 3.432717919349670410e-02 2.539898641407489777e-02 1.056634113192558289e-01 1.732348948717117310e-01 1.075388863682746887e-02 4.792252928018569946e-02 5.870762746781110764e-03 4.479401558637619019e-02 5.755904316902160645e-02 6.994407624006271362e-02 6.120182573795318604e-02 1.609157025814056396e-02 1.460727676749229431e-02 2.739934623241424561e-02 3.034591302275657654e-02 3.387137129902839661e-02 1.787360571324825287e-02 6.875126156955957413e-03 1.425079908221960068e-02 6.463586352765560150e-03 2.171644568443298340e-02 1.829489599913358688e-03 2.216730453073978424e-02 8.001730777323246002e-03 8.234829641878604889e-03 3.986671939492225647e-02 1.487909536808729172e-02 4.026727378368377686e-02 2.107418328523635864e-02 1.648013852536678314e-02 1.432352513074874878e-02 2.900580316781997681e-02 1.411457546055316925e-02 2.043092623353004456e-02 5.819377675652503967e-02 6.027403473854064941e-02 7.496125996112823486e-03 7.457136362791061401e-02 1.288444269448518753e-02 1.877076737582683563e-02 3.270490840077400208e-02 3.472154587507247925e-02 5.300492793321609497e-02 8.257738500833511353e-02 9.304147958755493164e-02 2.277293615043163300e-02 5.082784686237573624e-03 1.443081535398960114e-02 1.878820545971393585e-02 4.241134971380233765e-02 1.483816280961036682e-02 5.980371031910181046e-03 2.488229796290397644e-02 9.442955255508422852e-03 6.353245116770267487e-04 1.561411097645759583e-02 2.283815294504165649e-02 1.692962460219860077e-02 2.543265698477625847e-03 2.331821015104651451e-03 7.958463393151760101e-03 2.354866825044155121e-02 3.611296787858009338e-02 5.619714967906475067e-03 1.085749245248734951e-03 2.200428023934364319e-02 1.761859096586704254e-02 4.987018927931785583e-02 6.311842007562518120e-04 3.614005818963050842e-02 2.086744643747806549e-02 9.935651905834674835e-03 1.007790584117174149e-02 3.015131130814552307e-02 4.038777947425842285e-02 2.640896290540695190e-02 2.631331793963909149e-02 2.822963520884513855e-02 3.578877821564674377e-02 3.056240757359773852e-06 1.994870789349079132e-02 1.640029810369014740e-02 2.529452927410602570e-02 2.656271681189537048e-02 1.020657084882259369e-02 4.366881027817726135e-02 3.324154298752546310e-03 5.433831736445426941e-02 1.184831280261278152e-02 5.075813457369804382e-02 4.716405179351568222e-03 3.280169144272804260e-02 1.879472867585718632e-03 4.757809638977050781e-02 3.700905246660113335e-03 9.663350880146026611e-03 9.454028680920600891e-03 2.023907750844955444e-02 2.356127835810184479e-02 1.058859564363956451e-02 2.231990545988082886e-02 4.842701181769371033e-02 4.458784312009811401e-02 2.735723182559013367e-02 6.861762609332799911e-03 2.629217505455017090e-02 2.102076308801770210e-03 3.195473924279212952e-02 2.478164993226528168e-02 6.402526982128620148e-03 4.384616389870643616e-02 7.146108150482177734e-02 1.660904235905036330e-04
4.793980717658996582e-02 1.591278612613677979e-02 1.600846201181411743e-01 4.242930095642805099e-03 1.990802399814128876e-02 3.371537104249000549e-02 1.075388863682746887e-02 1.014666259288787842e-01 7.756389211863279343e-03 2.772936969995498657e-02 1.121878530830144882e-02 9.959766641259193420e-03 9.228731505572795868e-03 5.231259763240814209e-02 1.508273631334304810e-01 2.348662726581096649e-02 1.976333186030387878e-02 1.241619978100061417e-02 2.529365383088588715e-02 1.666089706122875214e-02 3.286111354827880859e-02 3.293658047914505005e-02 4.172931984066963196e-02 9.860955178737640381e-03 1.644243858754634857e-02 2.724849432706832886e-02 2.539429068565368652e-02 1.024670060724020004e-02 3.305128589272499084e-02 2.338820509612560272e-02 3.656998649239540100e-02 5.094481632113456726e-02 2.707362174987792969e-02 3.347598388791084290e-02 2.725244872272014618e-02 1.400526380166411400e-03 2.446555532515048981e-02 2.648778073489665985e-02 2.712317556142807007e-02 2.533091790974140167e-02 1.996966078877449036e-02 2.783416025340557098e-02 1.403045561164617538e-02 4.234353080391883850e-02 1.310371607542037964e-01 1.170343309640884399e-01 4.029887542128562927e-02 3.494397550821304321e-02 5.030357092618942261e-02 3.849260509014129639e-02 9.156652726233005524e-03 4.375788196921348572e-02 7.696922123432159424e-02 6.375577300786972046e-02 7.473105564713478088e-03 4.001560434699058533e-02 3.240476129576563835e-03 4.662812501192092896e-02 2.050059102475643158e-02 3.799750283360481262e-02 7.583227474242448807e-03 9.527595713734626770e-03 2.596576511859893799e-02 2.898640697821974754e-03 6.156063638627529144e-03 2.359230816364288330e-02 1.462605595588684082e-02 2.726722881197929382e-02 7.233332144096493721e-04 2.227398380637168884e-02 3.639667294919490814e-03 4.015021026134490967e-02 2.667764946818351746e-02 1.895166561007499695e-02 8.901489898562431335e-03 3.857930377125740051e-02 1.566483452916145325e-02 3.130559995770454407e-02 7.272328436374664307e-02 6.121072801761329174e-04 1.425331979990005493e-01 9.154906123876571655e-02 3.858536854386329651e-02 9.737493470311164856e-03 6.720217317342758179e-02 4.879020899534225464e-02 1.207225844264030457e-01 4.941831156611442566e-02 2.781786024570465088e-02 6.609144061803817749e-02 2.583955880254507065e-03 4.093551263213157654e-02 4.414065554738044739e-02 2.837643958628177643e-03 2.693592384457588196e-02 2.034106478095054626e-02 8.682495914399623871e-03 9.486584924161434174e-03 2.610368467867374420e-02 3.877697512507438660e-02 8.716468699276447296e-03 7.283538114279508591e-03 1.516988500952720642e-02 1.308443490415811539e-02 1.813856698572635651e-02 3.309968113899230957e-02 1.169188972562551498e-02 4.829170182347297668e-02 2.340917848050594330e-02 6.019945815205574036e-02 4.910364001989364624e-02 9.351302869617938995e-03 4.631195589900016785e-02 7.323440164327621460e-02 3.459160402417182922e-02 3.832953423261642456e-02
9.227889589965343475e-03 2.374948002398014069e-02 2.302198857069015503e-02 2.745066583156585693e-02 4.506239667534828186e-02 3.677343949675559998e-02 4.792252928018569946e-02 7.756389211863279343e-03 1.809776425361633301e-01 9.090229123830795288e-02 6.323110312223434448e-03 3.416208177804946899e-02 3.731754049658775330e-02 1.203262209892272949e-01 4.676419124007225037e-02 2.622212283313274384e-02 5.716580525040626526e-02 2.151174843311309814e-01 6.673955917358398438e-02 2.926967665553092957e-02 3.093509189784526825e-02 1.932114735245704651e-02 1.040573716163635254e-01 1.797184906899929047e-02 6.343391537666320801e-02 3.362134471535682678e-02 5.256019532680511475e-02 3.885244205594062805e-02 2.835888648405671120e-03 4.908068105578422546e-02 2.999965660274028778e-02 5.128626525402069092e-02 3.593391506001353264e-03 7.502077519893646240e-02 4.361071810126304626e-02 8.456254377961158752e-03 3.894039988517761230e-02 2.482439205050468445e-02 1.397847104817628860e-02 5.439773947000503540e-02 7.610096037387847900e-02 1.301945596933364868e-01 4.755145311355590820e-02 6.151352450251579285e-02 4.495685175061225891e-02 8.901433646678924561e-02 2.401665225625038147e-02 1.796981319785118103e-02 2.371313795447349548e-02 4.435241222381591797e-02 1.193740870803594589e-02 6.379032135009765625e-02 3.778565675020217896e-02 7.350462675094604492e-02 1.071826368570327759e-01 5.563224852085113525e-02 1.488184905610978603e-03 6.358370184898376465e-03 2.048259787261486053e-02 2.169583737850189209e-02 6.833796948194503784e-02 1.851018890738487244e-02 6.148976460099220276e-02 1.719223521649837494e-02 2.357963286340236664e-02 5.517775192856788635e-03 1.178432535380125046e-02 4.381962493062019348e-02 4.325046390295028687e-02 1.900070160627365112e-02 5.776382237672805786e-02 9.784224629402160645e-02 6.628732383251190186e-02 1.162992231547832489e-02 1.018726732581853867e-03 1.102586761116981506e-01 2.735882401466369629e-01 1.198109537363052368e-01 9.335071593523025513e-02 6.983359903097152710e-02 2.944540232419967651e-02 2.214720100164413452e-02 3.058691509068012238e-02 3.410458937287330627e-02 3.913769498467445374e-02 3.554792329668998718e-02 1.429173070937395096e-02 2.717906236648559570e-02 1.396866589784622192e-01 8.839940279722213745e-02 2.297381311655044556e-02 2.466747723519802094e-02 2.379844523966312408e-02 8.513063937425613403e-02 7.867904007434844971e-02 5.337086319923400879e-02 3.226848691701889038e-02 6.587283685803413391e-03 1.571525335311889648e-01 1.166068464517593384e-01 3.232403844594955444e-02 6.190853193402290344e-02 6.553055718541145325e-03 7.660427689552307129e-02 1.664168201386928558e-02 3.886439278721809387e-02 2.107754163444042206e-02 7.137846201658248901e-02 9.660753421485424042e-03 2.246410772204399109e-02 1.856519654393196106e-02 5.436426028609275818e-03 7.226309180259704590e-02 7.239396125078201294e-02 2.045228332281112671e-02 2.188139967620372772e-02
1.034233812242746353e-02 2.229580655694007874e-03 2.727451175451278687e-02 7.782756350934505463e-03 2.343673631548881531e-02 2.981491573154926300e-02 5.870762746781110764e-03 2.772936969995498657e-02 9.090229123830795288e-02 1.255091428756713867e-01 7.345336489379405975e-03 5.346978828310966492e-02 3.310393914580345154e-02 1.368087343871593475e-02 9.818102233111858368e-03 8.590785413980484009e-02 1.946138404309749603e-02 4.869019612669944763e-02 1.024578511714935303e-01 6.074659898877143860e-02 1.483604498207569122e-02 2.036308124661445618e-02 6.739138066768646240e-02 3.569559007883071899e-02 1.310403924435377121e-02 5.120248347520828247e-02 2.549348585307598114e-02 1.236392185091972351e-03 4.514464177191257477e-03 2.494337037205696106e-02 4.111575335264205933e-02 7.562214881181716919e-02 1.425324007868766785e-02 2.714806981384754181e-02 5.166066065430641174e-02 5.750108137726783752e-02 7.185164373368024826e-03 3.318155929446220398e-02 4.645050317049026489e-02 1.465766038745641708e-02 1.563729904592037201e-02 2.788092941045761108e-02 2.591160498559474945e-02 6.885638087987899780e-02 5.101520940661430359e-02 3.003944642841815948e-02 2.188376523554325104e-02 2.279007062315940857e-02 6.651756167411804199e-02 1.020595580339431763e-01 1.407059933990240097e-02 3.807397931814193726e-02 7.761991582810878754e-03 9.569119662046432495e-03 4.402961954474449158e-02 9.631491452455520630e-02 6.800036411732435226e-03 1.472032349556684494e-02 4.358576238155364990e-02 6.160045042634010315e-02 7.607623189687728882e-02 3.491827473044395447e-02 8.969752117991447449e-03 6.220962386578321457e-03 5.896668881177902222e-02 5.913872271776199341e-02 1.703098043799400330e-02 3.830586373805999756e-02 5.447890982031822205e-02 1.003981381654739380e-01 1.913068741559982300e-01 4.258373007178306580e-02 2.968312241137027740e-02 6.115285307168960571e-02 4.850281402468681335e-03 3.693499043583869934e-02 9.047438949346542358e-02 3.171102404594421387e-01 1.495882682502269745e-02 1.721221804618835449e-01 3.583900630474090576e-02 3.681156039237976074e-02 8.839157223701477051e-02 1.092713475227355957e-01 3.959372639656066895e-02 1.159183233976364136e-01 1.489456370472908020e-02 1.315742172300815582e-02 4.511328041553497314e-02 3.590719774365425110e-02 1.843934692442417145e-02 2.597516402602195740e-02 1.989329233765602112e-02 3.665130585432052612e-02 1.568815554492175579e-03 1.642969809472560883e-02 3.275251761078834534e-02 1.305615808814764023e-02 3.720346465706825256e-02 3.208250552415847778e-02 3.443741053342819214e-02 5.282001569867134094e-02 3.141887253150343895e-03 6.061993166804313660e-02 1.134693548083305359e-01 6.335258483886718750e-02 1.443118206225335598e-03 6.832025945186614990e-02 6.997991353273391724e-02 2.443347871303558350e-02 5.838469788432121277e-02 1.156573649495840073e-02 5.355730652809143066e-02 6.869399920105934143e-03 3.673508018255233765e-02 6.352350115776062012e-02
7.388318330049514771e-02 5.265852063894271851e-02 9.069805964827537537e-03 5.634955130517482758e-03 1.872541755437850952e-02 5.737257748842239380e-02 4.479401558637619019e-02 1.121878530830144882e-02 6.323110312223434448e-03 7.345336489379405975e-03 1.568156331777572632e-01 4.666887968778610229e-02 6.185532361268997192e-02 6.567105650901794434e-03 4.314811527729034424e-02 9.748981334269046783e-03 2.620355039834976196e-02 2.723112329840660095e-02 1.362298149615526199e-02 4.803759232163429260e-02 3.082831948995590210e-02 2.721077948808670044e-02 2.967054024338722229e-02 1.263736165128648281e-03 2.836973778903484344e-02 1.200174260884523392e-02 1.187203451991081238e-02 3.057217691093683243e-04 2.520465850830078125e-02 1.363070961087942123e-02 3.231004998087882996e-02 2.511451952159404755e-02 3.774501383304595947e-02 1.234806887805461884e-02 5.341087817214429379e-04 2.685282193124294281e-02 3.336364403367042542e-03 1.538535859435796738e-02 3.870223881676793098e-03 3.553659468889236450e-02 1.559285260736942291e-02 2.795362845063209534e-02 9.737085551023483276e-03 4.480677470564842224e-02 2.409492805600166321e-02 1.832109689712524414e-02 5.232257768511772156e-02 4.837347194552421570e-02 2.675990760326385498e-02 4.046048223972320557e-02 1.255705207586288452e-02 2.120467275381088257e-02 5.499053373932838440e-02 1.332077104598283768e-02 2.334848791360855103e-02 9.386814199388027191e-03 3.202915564179420471e-02 1.387154916301369667e-03 1.485265046358108521e-02 2.330673858523368835e-02 3.375911340117454529e-02 2.505588531494140625e-02 1.760173588991165161e-02 1.169514097273349762e-02 5.856948718428611755e-02 3.619273379445075989e-02 4.148444533348083496e-02 6.502326577901840210e-02 1.214333809912204742e-02 2.136760624125599861e-03 6.022575311362743378e-03 1.645873114466667175e-02 2.159919822588562965e-03 6.157603114843368530e-03 2.863915264606475830e-02 1.468426361680030823e-02 1.611076481640338898e-02 3.775756573304533958e-03 9.660861454904079437e-03 1.078706514090299606e-02 2.016765996813774109e-03 6.576468702405691147e-03 3.639275580644607544e-02 2.701531164348125458e-02 4.267472773790359497e-03 6.866297218948602676e-03 2.791832573711872101e-02 6.687428057193756104e-02 2.200150489807128906e-02 1.340129785239696503e-02 4.037399590015411377e-02 2.149439603090286255e-02 2.561986818909645081e-02 1.974798925220966339e-02 7.995967753231525421e-03 2.135615609586238861e-02 6.656878627836704254e-03 1.162306964397430420e-02 2.820709161460399628e-02 1.035305950790643692e-02 3.561426419764757156e-03 1.814678544178605080e-03 3.007829748094081879e-02 4.850110039114952087e-03 2.991086430847644806e-02 1.521453168243169785e-02 7.463698275387287140e-03 8.323311805725097656e-03 2.391689456999301910e-02 2.558877505362033844e-02 4.915788304060697556e-04 7.305369712412357330e-03 2.328193560242652893e-02 1.263438910245895386e-02 5.995296314358711243e-02 5.601602140814065933e-03
2.686131559312343597e-02 6.321653723716735840e-02 4.426471889019012451e-02 2.322331443428993225e-02 1.444785296916961670e-02 8.533686399459838867e-02 5.755904316902160645e-02 9.959766641259193420e-03 3.416208177804946899e-02 5.346978828310966492e-02 4.666887968778610229e-02 8.522839099168777466e-02 5.255740135908126831e-02 9.795650839805603027e-02 1.367193274199962616e-02 2.119791321456432343e-02 6.727251457050442696e-04 3.002743981778621674e-02 4.838623572140932083e-03 2.299513481557369232e-02 5.560338497161865234e-02 2.861909382045269012e-02 1.888068043626844883e-03 3.517520381137728691e-04 1.812490820884704590e-02 6.173224747180938721e-02 4.551225155591964722e-02 1.435529291629791260e-01 3.331909701228141785e-02 1.192453056573867798e-01 6.608103867620229721e-03 3.392422944307327271e-02 3.480896353721618652e-02 6.660495698451995850e-02 4.189505800604820251e-02 1.596037112176418304e-02 3.458382934331893921e-02 2.281410060822963715e-02 2.432576194405555725e-02 3.051418624818325043e-02 4.659008607268333435e-02 6.709189713001251221e-02 2.789389714598655701e-02 3.431824594736099243e-02 5.340701341629028320e-02 8.455764502286911011e-02 4.422881454229354858e-02 1.315451227128505707e-02 5.536957085132598877e-02 3.246807900723069906e-04 5.310789868235588074e-02 3.201877325773239136e-02 1.441075466573238373e-02 2.418939722701907158e-03 7.260247133672237396e-03 2.084566466510295868e-02 5.840698257088661194e-02 5.965962260961532593e-02 9.539705701172351837e-03 1.273895055055618286e-02 8.872371166944503784e-03 4.792942479252815247e-02 3.043105639517307281e-02 3.982397541403770447e-02 5.360648036003112793e-02 6.541749089956283569e-02 4.575375095009803772e-02 1.965520903468132019e-02 1.326153520494699478e-02 7.065827399492263794e-02 6.259462982416152954e-02 3.292908892035484314e-02 1.182596944272518158e-02 5.607302486896514893e-02 2.941388450562953949e-02 3.744530305266380310e-02 5.096901208162307739e-02 1.000317633152008057e-01 5.429333448410034180e-02 4.027259349822998047e-02 3.537604585289955139e-02 3.430812060832977295e-02 1.276303920894861221e-02 3.641087934374809265e-02 2.294890396296977997e-02 1.898023672401905060e-02 2.452240698039531708e-02 3.688697516918182373e-02 4.406889900565147400e-02 4.304731730371713638e-03 2.144531905651092529e-02 3.942874725908041000e-03 5.451301485300064087e-02 1.189529243856668472e-02 1.200484228320419788e-03 3.692027926445007324e-02 1.337425928795710206e-04 1.989064039662480354e-03 8.562335744500160217e-03 3.522104397416114807e-02 2.410276234149932861e-02 2.406281791627407074e-02 5.622753500938415527e-02 1.691930461674928665e-03 2.342059463262557983e-02 2.459026128053665161e-02 2.896161377429962158e-02 1.262699067592620850e-02 1.622260734438896179e-02 3.402001783251762390e-02 9.778194129467010498e-03 1.419227942824363708e-02 4.290359094738960266e-02 7.492262870073318481e-02 1.427664980292320251e-02 2.975429594516754150e-02
5.655352026224136353e-02 6.833753734827041626e-02 1.476853154599666595e-02 2.880661934614181519e-02 4.134088009595870972e-02 5.827345699071884155e-02 6.994407624006271362e-02 9.228731505572795868e-03 3.731754049658775330e-02 3.310393914580345154e-02 6.185532361268997192e-02 5.255740135908126831e-02 1.477370709180831909e-01 3.575793653726577759e-02 2.518578059971332550e-02 5.494923517107963562e-02 2.912136726081371307e-02 4.202287178486585617e-03 2.578779123723506927e-02 6.160185113549232483e-02 4.260745644569396973e-02 4.430051147937774658e-02 6.361057050526142120e-03 2.345108659937977791e-03 3.514830768108367920e-02 1.303376723080873489e-02 1.918679685331881046e-03 2.779019251465797424e-02 3.747123479843139648e-02 1.014201343059539795e-02 4.800755530595779419e-02 1.846032030880451202e-02 5.499497801065444946e-02 1.851122267544269562e-02 1.513629220426082611e-02 1.754534058272838593e-02 2.971622906625270844e-02 7.092635612934827805e-03 2.637610398232936859e-02 8.773809298872947693e-03 2.328079566359519958e-02 1.590767316520214081e-02 3.246057778596878052e-03 1.714204810559749603e-02 2.433455549180507660e-03 1.534774899482727051e-03 5.443149432539939880e-02 5.330852046608924866e-02 6.033828016370534897e-03 5.321546457707881927e-03 1.065788883715867996e-02 1.298358198255300522e-02 4.454062506556510925e-02 2.961253188550472260e-02 1.822183281183242798e-02 2.918223105370998383e-02 3.628228232264518738e-02 1.505281496793031693e-02 2.315629646182060242e-02 5.076823756098747253e-02 2.477637119591236115e-02 2.309927716851234436e-02 5.150401592254638672e-02 3.259554877877235413e-02 5.643236264586448669e-02 5.572130531072616577e-02 4.595267400145530701e-02 5.308827385306358337e-02 1.952182687819004059e-02 3.330961987376213074e-02 1.628399267792701721e-02 2.099621109664440155e-02 5.163661018013954163e-02 2.661724016070365906e-02 1.035721786320209503e-02 9.787521325051784515e-03 3.436981514096260071e-02 6.527368095703423023e-04 4.955010488629341125e-02 2.405795268714427948e-02 2.386336401104927063e-02 4.331480711698532104e-02 4.742975346744060516e-03 5.063364747911691666e-03 9.771765209734439850e-03 2.951162168756127357e-03 1.884945295751094818e-02 6.124072894454002380e-02 1.578246126882731915e-03 2.232826687395572662e-02 3.135920688509941101e-02 5.122344009578227997e-03 2.095482312142848969e-02 2.681799791753292084e-02 4.597395658493041992e-02 3.474131599068641663e-02 3.472591564059257507e-02 2.089300192892551422e-02 7.572812028229236603e-03 3.564813407137989998e-03 5.062331259250640869e-02 3.434466570615768433e-02 8.889192715287208557e-03 2.031939662992954254e-02 3.409421443939208984e-02 4.758954420685768127e-02 5.730096600018441677e-04 1.543400867376476526e-04 7.609465625137090683e-03 9.923050180077552795e-03 3.928322345018386841e-02 2.869191113859415054e-03 4.464408382773399353e-02 1.583158038556575775e-02 3.305029124021530151e-02 3.306571394205093384e-02
