1.610133796930313110e-01 1.753739267587661743e-01 2.960605733096599579e-02 6.341706216335296631e-02 8.351673372089862823e-03 1.136264428496360779e-01 7.131019234657287598e-02 6.500877439975738525e-03 2.560104941949248314e-03 1.814352348446846008e-02 1.275622397661209106e-01 3.056858852505683899e-02 1.440604776144027710e-01 3.494581580162048340e-02 5.868429318070411682e-02 6.263808812946081161e-03 2.284000068902969360e-02 4.542143642902374268e-02 5.991842597723007202e-03 1.231953874230384827e-02 9.870866313576698303e-03 2.179482579231262207e-02 1.896481588482856750e-02 1.682670041918754578e-02 5.564751569181680679e-03 3.740961104631423950e-02 1.951708458364009857e-02 5.017339065670967102e-02 1.122844871133565903e-02 1.954499445855617523e-02 1.726895384490489960e-02 2.037196420133113861e-02 1.234603580087423325e-03 1.430809777230024338e-02 2.463375218212604523e-02 1.561217568814754486e-02 1.730041950941085815e-02 2.461326308548450470e-02 3.343025594949722290e-02 2.804971672594547272e-02 6.251988932490348816e-03 5.938387475907802582e-03 1.576574333012104034e-02 4.890481010079383850e-03 1.289908587932586670e-02 1.642648875713348389e-02 7.366389781236648560e-02 2.550004422664642334e-02 2.050370536744594574e-02 2.439347654581069946e-02 3.781841835007071495e-03 4.419562965631484985e-02 3.093472309410572052e-02 2.502917125821113586e-02 2.432349137961864471e-02 3.517208853736519814e-03 1.903425715863704681e-02 1.900151744484901428e-02 1.710227318108081818e-02 2.703849785029888153e-02 9.842760860919952393e-03 1.896884851157665253e-02 1.054300647228956223e-02 2.018019370734691620e-02 3.931872081011533737e-03 1.948456652462482452e-02 3.104304336011409760e-02 2.322614379227161407e-02 1.141909603029489517e-02 2.699698321521282196e-02 1.878413558006286621e-02 3.610321553424000740e-03 5.569100752472877502e-02 2.791031636297702789e-02 1.095481403172016144e-02 2.279045991599559784e-02 2.102001942694187164e-02 6.385825108736753464e-03 6.972479168325662613e-03 3.702855482697486877e-02 1.089719869196414948e-02 6.472202390432357788e-02 5.427729804068803787e-03 1.426281780004501343e-02 3.000800264999270439e-03 3.061988204717636108e-02 3.412127494812011719e-02 5.078654736280441284e-03 1.530614029616117477e-02 3.928635641932487488e-02 5.121982470154762268e-02 1.698031835258007050e-02 2.335916832089424133e-02 1.326371356844902039e-02 1.823083870112895966e-02 1.099508535116910934e-02 1.117390580475330353e-02 6.388161331415176392e-02 4.913507401943206787e-02 2.225220948457717896e-02 8.008334785699844360e-03 2.767908619716763496e-03 6.792956846766173840e-04 1.177619304507970810e-02 2.815450727939605713e-02 1.699315384030342102e-02 2.144909463822841644e-02 1.289663743227720261e-02 1.973311882466077805e-03 2.332417480647563934e-02 1.011131238192319870e-02 3.727100556716322899e-03 1.708474196493625641e-02 3.473133221268653870e-02 1.101481914520263672e-02 2.397944591939449310e-02
1.753739267587661743e-01 1.597894281148910522e-01 1.075485348701477051e-02 2.313804440200328827e-02 1.267723180353641510e-02 9.379583597183227539e-02 6.452259421348571777e-02 2.470138855278491974e-02 2.457183785736560822e-03 5.597247742116451263e-03 1.052011549472808838e-01 8.236416615545749664e-03 1.511770784854888916e-01 3.413658589124679565e-02 8.417456597089767456e-02 4.975315649062395096e-03 1.168356277048587799e-03 5.140819028019905090e-02 1.605954393744468689e-02 1.928346231579780579e-02 4.538652021437883377e-03 6.431077141314744949e-03 7.846641354262828827e-03 1.917048916220664978e-02 1.216006837785243988e-02 4.522753134369850159e-02 2.603164874017238617e-02 2.339727804064750671e-02 1.106656435877084732e-02 1.991165243089199066e-02 1.762146316468715668e-02 5.391504615545272827e-03 2.531218715012073517e-02 6.190634449012577534e-04 3.123988024890422821e-02 4.901466891169548035e-04 6.156503222882747650e-03 4.165951162576675415e-02 3.359682485461235046e-02 3.904587030410766602e-02 1.965788751840591431e-02 2.267163246870040894e-02 1.536490581929683685e-02 6.930816918611526489e-02 1.905119232833385468e-02 7.077732123434543610e-03 5.710192397236824036e-02 2.463486790657043457e-02 9.323296137154102325e-03 2.514801220968365669e-03 2.704281732439994812e-02 8.401254191994667053e-03 3.546492382884025574e-02 2.100008353590965271e-02 8.884337148629128933e-04 7.753331679850816727e-03 1.393836643546819687e-02 1.633663848042488098e-02 6.721553858369588852e-03 3.960581123828887939e-02 3.442084044218063354e-02 1.344798598438501358e-03 3.322521969676017761e-02 1.926124282181262970e-02 3.234162461012601852e-03 4.279851913452148438e-02 6.979048252105712891e-03 8.941627107560634613e-03 2.531577274203300476e-02 2.487010136246681213e-02 3.164686635136604309e-02 5.012654000893235207e-04 1.952474005520343781e-02 1.016457937657833099e-02 9.162175469100475311e-03 5.862697493284940720e-03 1.750193350017070770e-02 3.336356207728385925e-02 3.453226014971733093e-02 2.671936713159084320e-02 3.520967438817024231e-02 5.615184456110000610e-02 1.088673621416091919e-02 3.365920856595039368e-02 1.088532246649265289e-02 2.140402421355247498e-02 1.859427429735660553e-02 9.339014068245887756e-03 1.831767521798610687e-02 2.362981438636779785e-02 5.853867530822753906e-02 1.402219850569963455e-02 5.237783864140510559e-02 9.628856554627418518e-03 1.398655399680137634e-02 3.805988654494285583e-02 1.955241337418556213e-02 1.234484836459159851e-02 2.746421657502651215e-02 8.323087356984615326e-03 1.027612388134002686e-02 4.268058575689792633e-03 1.942879147827625275e-02 5.810375139117240906e-02 7.981182425282895565e-04 5.499988328665494919e-03 1.547740306705236435e-02 1.212822739034891129e-02 1.936771674081683159e-03 1.163936033844947815e-02 1.563837565481662750e-02 1.906635984778404236e-02 2.785843797028064728e-02 2.821428515017032623e-02 7.090140599757432938e-03 1.441817358136177063e-02
2.960605733096599579e-02 1.075485348701477051e-02 1.104079484939575195e-01 1.430554222315549850e-02 2.279403805732727051e-02 1.888043247163295746e-02 2.355690347030758858e-03 1.323993504047393799e-01 2.471686713397502899e-02 1.679842732846736908e-02 4.246216267347335815e-03 5.188237875699996948e-02 3.845181688666343689e-02 1.575192622840404510e-02 8.686752989888191223e-03 1.140043884515762329e-02 9.132788516581058502e-03 4.199600964784622192e-02 6.739445030689239502e-03 2.032554009929299355e-03 4.802345857024192810e-02 5.222556367516517639e-02 2.067743800580501556e-02 3.726476058363914490e-02 1.530200336128473282e-02 2.445441111922264099e-02 6.805203109979629517e-02 3.788279742002487183e-02 3.431922569870948792e-02 9.873969107866287231e-02 3.868868947029113770e-02 4.685800522565841675e-03 1.342772599309682846e-02 3.787224367260932922e-02 4.077999852597713470e-03 2.423482947051525116e-02 1.357130333781242371e-02 4.139280319213867188e-02 4.418508708477020264e-02 4.459598660469055176e-02 3.711482137441635132e-02 2.103441581130027771e-02 7.193598430603742599e-03 2.286665886640548706e-01 4.105534031987190247e-02 4.773974418640136719e-03 4.773435648530721664e-03 2.935595996677875519e-02 5.080895125865936279e-02 2.888035774230957031e-02 3.853186499327421188e-04 5.537039041519165039e-02 7.038421928882598877e-02 8.110855706036090851e-03 1.046912651509046555e-02 3.118989057838916779e-02 6.396830826997756958e-02 3.290624171495437622e-02 2.706222049891948700e-02 3.489922359585762024e-02 1.173746213316917419e-01 2.342127077281475067e-02 2.490164525806903839e-02 3.044421784579753876e-02 2.076064003631472588e-03 5.071122571825981140e-02 2.315402217209339142e-02 1.430903561413288116e-02 2.010830305516719818e-02 3.866996243596076965e-02 3.078423999249935150e-02 3.909235075116157532e-02 5.733786895871162415e-02 1.807640120387077332e-02 3.850332275032997131e-02 2.936059422791004181e-02 1.776037737727165222e-02 5.112468451261520386e-02 4.544064030051231384e-02 3.181611374020576477e-02 9.924249351024627686e-02 1.735013276338577271e-01 5.420001596212387085e-02 3.914161026477813721e-02 4.698416590690612793e-02 1.555692311376333237e-02 5.885851755738258362e-02 4.556031897664070129e-03 4.117212072014808655e-02 2.880929410457611084e-02 3.597009554505348206e-02 4.271928593516349792e-02 1.337081310339272022e-03 5.462178587913513184e-02 1.405315287411212921e-02 7.257356308400630951e-03 4.065358638763427734e-02 3.032210841774940491e-02 1.474882755428552628e-02 3.111202642321586609e-02 2.367850206792354584e-02 1.953761279582977295e-02 2.198559232056140900e-02 3.762018680572509766e-02 1.945021748542785645e-02 3.797024860978126526e-02 3.261350095272064209e-02 4.126206506043672562e-03 6.157558877021074295e-03 5.455847457051277161e-02 7.815815508365631104e-02 6.438122596591711044e-03 3.933838743250817060e-04 3.206666326150298119e-03 5.515031982213258743e-03 3.809076547622680664e-02
6.341706216335296631e-02 2.313804440200328827e-02 1.430554222315549850e-02 2.483060956001281738e-01 4.027417302131652832e-01 1.481066923588514328e-02 2.263879776000976562e-02 1.445885049179196358e-03 5.005931854248046875e-02 1.844121888279914856e-02 3.291589021682739258e-02 6.877806782722473145e-02 4.207337275147438049e-02 3.395819664001464844e-02 4.113943129777908325e-02 4.164216807112097740e-04 5.222434177994728088e-02 4.419630020856857300e-02 2.912523597478866577e-02 4.693297669291496277e-03 3.503111749887466431e-02 3.283901885151863098e-02 6.422467064112424850e-03 3.475391864776611328e-02 9.581850841641426086e-03 5.127497762441635132e-02 9.155580191873013973e-04 2.050644531846046448e-02 3.583611920475959778e-03 1.627323776483535767e-02 2.611646894365549088e-03 2.535620890557765961e-02 2.413468994200229645e-02 4.134040325880050659e-03 4.068294912576675415e-02 4.492372274398803711e-02 3.778604418039321899e-02 1.167602953501045704e-03 1.916688680648803711e-01 1.242766603827476501e-01 7.258314639329910278e-03 1.852491311728954315e-02 1.733051054179668427e-02 5.298433452844619751e-02 8.510498702526092529e-02 5.846045538783073425e-02 3.326696157455444336e-02 1.676415093243122101e-02 2.701300196349620819e-02 5.792762749479152262e-05 2.717416174709796906e-02 5.146019905805587769e-02 1.637227088212966919e-02 4.298425745218992233e-03 4.555805027484893799e-02 7.531533483415842056e-03 1.670396304689347744e-03 1.840219460427761078e-02 1.682393625378608704e-02 5.475730821490287781e-02 6.442002207040786743e-02 7.207322865724563599e-02 5.113690346479415894e-02 3.095676191151142120e-02 5.266259238123893738e-02 2.096924744546413422e-02 2.856618724763393402e-02 7.516528666019439697e-02 9.977172128856182098e-03 4.556831344962120056e-02 1.500084344297647476e-02 1.815880089998245239e-02 5.750640109181404114e-02 4.112255573272705078e-02 1.207500249147415161e-01 5.364903435111045837e-02 1.127109117805957794e-02 1.189264748245477676e-02 1.629184000194072723e-02 1.578805223107337952e-02 1.198525168001651764e-02 9.713061898946762085e-02 6.154343858361244202e-02 1.067791357636451721e-01 7.155634462833404541e-02 1.279361313208937645e-03 3.208606690168380737e-02 5.904381163418292999e-03 8.609781973063945770e-03 4.328421782702207565e-03 4.060590267181396484e-02 3.242442011833190918e-02 6.412215530872344971e-02 3.466909378767013550e-02 5.706685036420822144e-02 6.605748832225799561e-02 9.949626028537750244e-02 5.805627256631851196e-02 2.125339210033416748e-02 5.858490243554115295e-02 5.350738763809204102e-02 2.709340117871761322e-02 1.518316916190087795e-03 4.513056483119726181e-03 5.034785135649144650e-04 1.992778107523918152e-02 3.663031011819839478e-02 1.356249153614044189e-01 4.643013328313827515e-02 6.647389382123947144e-02 2.669224143028259277e-02 3.650384023785591125e-02 1.117425262928009033e-01 4.624215885996818542e-02 1.946773193776607513e-02 4.620352759957313538e-02
8.351673372089862823e-03 1.267723180353641510e-02 2.279403805732727051e-02 4.027417302131652832e-01 2.861138284206390381e-01 4.360031709074974060e-02 3.377524390816688538e-02 5.617320421151816845e-04 8.400289341807365417e-03 1.754652895033359528e-02 3.431360796093940735e-02 1.673210412263870239e-02 8.150527719408273697e-04 2.473121276125311852e-03 1.171450363472104073e-03 5.322975665330886841e-02 1.080814655870199203e-02 6.421057134866714478e-02 7.639428973197937012e-02 2.728291973471641541e-02 3.337765112519264221e-02 3.407442942261695862e-02 1.896311901509761810e-02 7.118497509509325027e-03 3.368927165865898132e-02 3.181786090135574341e-02 3.408019617199897766e-02 8.768178522586822510e-03 8.164149709045886993e-03 3.600096330046653748e-02 2.428136207163333893e-02 2.342208847403526306e-02 1.308904308825731277e-02 4.209284856915473938e-02 4.683857783675193787e-02 9.638105519115924835e-03 7.670120336115360260e-03 2.782724238932132721e-02 1.539965271949768066e-01 1.315143555402755737e-01 4.265749454498291016e-02 2.672409825026988983e-02 4.297641664743423462e-02 9.353195875883102417e-02 1.186128985136747360e-02 1.927128992974758148e-02 4.456626251339912415e-02 5.131353810429573059e-02 1.531086768954992294e-02 2.428414672613143921e-02 2.655105479061603546e-02 6.648639589548110962e-02 5.687428265810012817e-02 2.313823997974395752e-02 1.759238773956894875e-03 6.624848116189241409e-03 2.416438236832618713e-02 4.600923135876655579e-02 1.761872507631778717e-02 3.206182271242141724e-02 1.030863169580698013e-02 1.014033481478691101e-01 4.288722574710845947e-02 2.496108040213584900e-02 1.625026576220989227e-02 4.255018383264541626e-02 3.050146065652370453e-02 1.354547962546348572e-02 2.247558534145355225e-02 4.727018997073173523e-02 6.940703094005584717e-02 8.272884413599967957e-03 7.029062509536743164e-02 5.526285618543624878e-02 1.461964845657348633e-01 3.787501528859138489e-02 5.149630829691886902e-02 4.330278187990188599e-02 3.092743083834648132e-02 1.892427355051040649e-02 6.509269587695598602e-03 6.415264308452606201e-02 6.161327287554740906e-02 1.102714091539382935e-01 4.092773888260126114e-03 1.251320540904998779e-02 3.015378117561340332e-02 4.187773447483778000e-03 4.499611631035804749e-02 3.644583001732826233e-02 2.751811780035495758e-02 1.427105627954006195e-02 5.185938905924558640e-03 1.006747968494892120e-02 3.942223731428384781e-03 3.826075047254562378e-02 7.441139966249465942e-02 8.597894012928009033e-02 5.038791894912719727e-02 7.901192456483840942e-02 3.065492399036884308e-02 1.009473577141761780e-02 6.603645533323287964e-02 3.612554818391799927e-02 8.335826918482780457e-03 1.508115418255329132e-02 1.254242006689310074e-02 9.494902193546295166e-02 3.902915492653846741e-02 6.095909327268600464e-02 3.370001539587974548e-02 7.832206785678863525e-03 2.002620510756969452e-02 1.266497746109962463e-02 2.275677770376205444e-02 5.572637915611267090e-02
1.136264428496360779e-01 9.379583597183227539e-02 1.888043247163295746e-02 1.481066923588514328e-02 4.360031709074974060e-02 1.907456368207931519e-01 1.690044552087783813e-01 7.187318522483110428e-03 4.694990348070859909e-03 2.038853056728839874e-02 6.853822618722915649e-02 8.822397142648696899e-02 8.520929515361785889e-02 8.553152531385421753e-02 2.940432541072368622e-02 4.550538212060928345e-02 2.443164773285388947e-02 6.634693592786788940e-03 1.747474446892738342e-02 6.891617085784673691e-03 4.542363435029983521e-02 2.036187425255775452e-02 5.593730509281158447e-02 8.191356062889099121e-02 2.338292822241783142e-02 4.126727581024169922e-03 1.557783968746662140e-02 7.671178877353668213e-02 1.953968778252601624e-02 2.191139012575149536e-02 3.987843543291091919e-02 2.228592336177825928e-02 2.088490128517150879e-02 1.809378527104854584e-02 1.841139979660511017e-02 2.438467741012573242e-02 2.183671109378337860e-02 3.402316011488437653e-03 1.549378689378499985e-02 4.293100442737340927e-03 3.198322281241416931e-02 5.911311507225036621e-02 1.517589855939149857e-02 5.388154022512026131e-06 6.450258661061525345e-03 7.135144900530576706e-03 1.318417042493820190e-01 7.029726356267929077e-02 3.737878054380416870e-02 4.859568551182746887e-03 3.515541553497314453e-02 2.533825486898422241e-02 4.239919781684875488e-02 7.601980119943618774e-03 3.726182878017425537e-02 7.712888997048139572e-03 2.476592920720577240e-02 2.918041124939918518e-02 6.877576932311058044e-03 3.400690155103802681e-03 2.770265378057956696e-02 5.319608747959136963e-02 2.010490978136658669e-03 2.057753689587116241e-02 9.879046119749546051e-03 1.266810204833745956e-02 4.704010114073753357e-02 4.733695834875106812e-02 5.878491327166557312e-03 1.779153570532798767e-02 7.147105410695075989e-03 3.685526177287101746e-02 4.224482923746109009e-02 5.632654763758182526e-03 6.966038607060909271e-03 3.243317827582359314e-03 2.588899247348308563e-02 1.311296038329601288e-02 5.609164945781230927e-03 1.097219251096248627e-02 1.624878123402595520e-02 3.927666693925857544e-02 3.138169646263122559e-02 2.156596258282661438e-02 1.524372398853302002e-02 3.379602730274200439e-02 6.227281410247087479e-03 4.407246038317680359e-02 1.256481558084487915e-02 2.971917018294334412e-02 3.626451641321182251e-02 2.119711227715015411e-02 3.683128580451011658e-02 7.605059538036584854e-03 2.908171527087688446e-02 6.977254059165716171e-03 5.041905120015144348e-02 2.838127687573432922e-02 5.654128640890121460e-02 3.418055549263954163e-02 9.868605062365531921e-03 1.323649287223815918e-02 6.354079395532608032e-02 3.803890570998191833e-02 5.560844764113426208e-02 2.429428277537226677e-03 3.723435848951339722e-02 3.166343271732330322e-02 3.077665343880653381e-03 2.471238560974597931e-02 2.445062436163425446e-02 1.914963871240615845e-02 3.432529047131538391e-02 1.043856982141733170e-02 2.399786002933979034e-02 2.314463071525096893e-02
7.131019234657287598e-02 6.452259421348571777e-02 2.355690347030758858e-03 2.263879776000976562e-02 3.377524390816688538e-02 1.690044552087783813e-01 1.906798928976058960e-01 7.952930405735969543e-03 4.318309482187032700e-03 2.621817588806152344e-02 6.597597897052764893e-02 5.292566493153572083e-02 5.902229249477386475e-02 7.115005701780319214e-02 1.812251284718513489e-03 3.040003962814807892e-02 7.440180052071809769e-03 4.723674617707729340e-03 1.791680045425891876e-02 7.943803444504737854e-03 4.382136836647987366e-02 2.482938766479492188e-02 4.708577692508697510e-02 6.967584043741226196e-02 2.124824374914169312e-02 9.833896532654762268e-03 1.106404815800487995e-03 3.436958417296409607e-02 2.399492077529430389e-02 5.557960830628871918e-04 1.294708810746669769e-02 7.274161092936992645e-03 1.871251128613948822e-02 2.369315735995769501e-02 5.531358532607555389e-03 3.988391906023025513e-02 2.244695276021957397e-02 1.049422752112150192e-02 4.948998987674713135e-02 1.706692576408386230e-02 2.815423347055912018e-02 3.156975284218788147e-02 1.118113636039197445e-03 2.568740956485271454e-02 5.633405968546867371e-02 5.413171276450157166e-02 1.169793531298637390e-01 1.222091168165206909e-01 2.211298607289791107e-02 1.339601818472146988e-02 7.287434488534927368e-02 4.055484384298324585e-02 2.888392843306064606e-02 1.655961386859416962e-02 4.408521577715873718e-02 1.558907702565193176e-02 1.575233880430459976e-03 3.456697613000869751e-02 4.988653585314750671e-03 6.181607954204082489e-03 2.082028053700923920e-02 1.551243383437395096e-02 6.720839068293571472e-03 1.824156753718852997e-02 1.834780722856521606e-02 1.900039426982402802e-02 3.940920811146497726e-03 4.459728673100471497e-02 2.975821495056152344e-03 3.150668740272521973e-02 7.296694675460457802e-04 3.304591402411460876e-02 2.104311250150203705e-02 2.722454816102981567e-02 8.374104276299476624e-03 4.457294195890426636e-02 2.589487656950950623e-02 6.685437634587287903e-03 6.696594064123928547e-04 9.758295491337776184e-03 4.640441387891769409e-03 3.906393796205520630e-02 4.466606769710779190e-03 1.006947457790374756e-02 1.328387297689914703e-02 3.038062155246734619e-02 8.883927017450332642e-03 2.729500271379947662e-02 2.589428797364234924e-02 3.757305070757865906e-02 4.688246920704841614e-02 2.931191399693489075e-02 6.295125931501388550e-02 9.693197906017303467e-03 1.627146266400814056e-02 1.945161074399948120e-02 8.202719688415527344e-02 2.546323277056217194e-02 3.064555674791336060e-02 3.855644492432475090e-03 3.613709472119808197e-03 8.986159227788448334e-03 5.814376100897789001e-02 5.752332136034965515e-02 4.539929702877998352e-02 1.226032059639692307e-02 2.916437387466430664e-02 2.061546035110950470e-02 5.064617726020514965e-04 4.293410573154687881e-03 3.536224737763404846e-02 3.301647678017616272e-02 1.837990619242191315e-02 3.489311086013913155e-03 1.265879720449447632e-03 9.341819211840629578e-03
6.500877439975738525e-03 2.470138855278491974e-02 1.323993504047393799e-01 1.445885049179196358e-03 5.617320421151816845e-04 7.187318522483110428e-03 7.952930405735969543e-03 2.046393305063247681e-01 3.623791853897273540e-04 3.662162926048040390e-03 9.354519657790660858e-03 1.670710183680057526e-02 1.342075970023870468e-02 2.991350833326578140e-03 3.683822602033615112e-02 1.420141756534576416e-02 2.896507503464818001e-03 2.599834091961383820e-02 3.012900613248348236e-02 2.861682884395122528e-02 5.139791406691074371e-03 6.509750336408615112e-02 2.379826642572879791e-02 2.150185219943523407e-02 1.645735837519168854e-02 7.205279078334569931e-03 2.563649788498878479e-02 1.766296476125717163e-02 5.841194186359643936e-03 7.909487932920455933e-03 3.745173662900924683e-02 7.751327939331531525e-03 5.311100743710994720e-03 9.334146161563694477e-04 3.962637111544609070e-02 3.021018020808696747e-02 1.345624029636383057e-02 3.194081410765647888e-02 4.263221845030784607e-02 4.662660881876945496e-02 1.686912029981613159e-02 1.839520968496799469e-02 3.490106388926506042e-02 4.101560451090335846e-03 3.680277441162616014e-04 3.991801291704177856e-03 6.576357409358024597e-03 9.141194634139537811e-03 5.619147326797246933e-03 2.578398585319519043e-02 3.236144548282027245e-03 2.293569222092628479e-02 4.832395166158676147e-02 4.669491574168205261e-02 5.448580253869295120e-03 2.604444278404116631e-03 1.882675103843212128e-02 1.750486530363559723e-02 4.285269603133201599e-02 2.596904151141643524e-02 2.283521927893161774e-02 2.657745219767093658e-02 4.179238528013229370e-02 6.108700763434171677e-04 9.418247267603874207e-03 8.591297082602977753e-03 5.843060556799173355e-03 5.238586105406284332e-03 1.358881779015064240e-02 9.458782151341438293e-03 3.059333376586437225e-02 1.502397935837507248e-02 6.079772138036787510e-04 6.509899348020553589e-02 1.841968856751918793e-02 5.330413579940795898e-02 3.580812364816665649e-02 1.303982734680175781e-02 2.063884772360324860e-02 2.541720168665051460e-03 2.112542390823364258e-01 1.882371157407760620e-01 1.319317612797021866e-02 8.039507083594799042e-03 1.856712438166141510e-02 1.151302177459001541e-02 8.848027139902114868e-02 8.204439282417297363e-02 3.083234839141368866e-02 1.595990359783172607e-02 2.000311389565467834e-02 1.623855158686637878e-02 5.778435617685317993e-03 2.564333193004131317e-02 1.988909766077995300e-02 3.882393985986709595e-02 1.838948205113410950e-02 5.141422152519226074e-03 1.262446213513612747e-02 3.857127577066421509e-02 2.354191988706588745e-02 8.295985870063304901e-03 6.649864464998245239e-02 4.193486180156469345e-03 6.468732655048370361e-02 5.927497893571853638e-02 1.016137190163135529e-02 3.891573473811149597e-02 2.825205214321613312e-02 4.074842482805252075e-02 6.998854130506515503e-02 7.728209020569920540e-04 5.123564973473548889e-03 1.756226457655429840e-02 3.751274943351745605e-02 5.128107964992523193e-03
2.560104941949248314e-03 2.457183785736560822e-03 2.471686713397502899e-02 5.005931854248046875e-02 8.400289341807365417e-03 4.694990348070859909e-03 4.318309482187032700e-03 3.623791853897273540e-04 2.587370276451110840e-01 8.240894228219985962e-02 4.051821772009134293e-03 4.392483457922935486e-02 8.188131265342235565e-03 4.639140516519546509e-02 6.471276748925447464e-03 1.079876557923853397e-03 4.382015205919742584e-03 6.908384617418050766e-03 3.856318444013595581e-02 5.681807175278663635e-02 3.088019555434584618e-03 2.063967846333980560e-02 4.551732540130615234e-02 4.049587622284889221e-02 4.385184869170188904e-02 2.579288184642791748e-02 2.212634868919849396e-02 1.768240146338939667e-02 1.598478667438030243e-02 7.210752926766872406e-03 1.353819295763969421e-02 1.344373263418674469e-02 2.641634270548820496e-02 4.447950422763824463e-02 2.132985368371009827e-02 1.512318197637796402e-02 2.078149467706680298e-02 3.124579228460788727e-02 1.197617407888174057e-02 4.351938609033823013e-03 2.735097147524356842e-02 7.257608324289321899e-02 2.227974310517311096e-02 8.746413514018058777e-03 5.344446003437042236e-02 6.825848482549190521e-03 1.391926873475313187e-02 1.304526999592781067e-02 4.258720204234123230e-02 2.013603597879409790e-02 1.411231793463230133e-02 8.288262784481048584e-02 8.744746446609497070e-03 7.638257928192615509e-03 9.272842109203338623e-02 2.361246570944786072e-02 4.592590965330600739e-03 8.971002884209156036e-03 6.216115783900022507e-03 3.283299738541245461e-03 4.047664627432823181e-02 1.885327138006687164e-02 6.911934912204742432e-02 5.030218511819839478e-02 1.387841720134019852e-02 1.438707113265991211e-03 3.802033141255378723e-02 3.769457340240478516e-02 1.109197661280632019e-01 2.276900195283815265e-04 9.278912842273712158e-02 1.043668482452630997e-02 3.064105845987796783e-02 3.548783436417579651e-02 1.339000649750232697e-02 1.452469732612371445e-02 1.505236178636550903e-01 9.101592004299163818e-02 8.393683284521102905e-02 1.754419878125190735e-02 1.805985532701015472e-02 3.677671775221824646e-02 3.690344095230102539e-02 1.262083556503057480e-02 5.124275758862495422e-02 2.496951259672641754e-02 7.074015215039253235e-03 1.180070638656616211e-02 1.166914179921150208e-01 5.151439830660820007e-02 4.153918009251356125e-03 5.147036164999008179e-03 7.133055012673139572e-03 5.054760258644819260e-03 3.807135298848152161e-02 1.946642645634710789e-03 8.386254310607910156e-03 4.842864722013473511e-02 6.146259605884552002e-02 4.323209077119827271e-02 1.868662191554903984e-03 1.707132346928119659e-02 4.524896387010812759e-03 2.492640400305390358e-03 9.931517764925956726e-03 1.961753703653812408e-02 4.102368839085102081e-03 4.453330114483833313e-02 1.710261963307857513e-02 1.506193261593580246e-02 1.975744590163230896e-02 2.279241569340229034e-02 2.104130573570728302e-02 1.174367778003215790e-02 9.386832825839519501e-03 2.648680470883846283e-02
1.814352348446846008e-02 5.597247742116451263e-03 1.679842732846736908e-02 1.844121888279914856e-02 1.754652895033359528e-02 2.038853056728839874e-02 2.621817588806152344e-02 3.662162926048040390e-03 8.240894228219985962e-02 1.922195553779602051e-01 3.020469471812248230e-02 2.522760443389415741e-02 1.766381040215492249e-02 4.672987014055252075e-02 9.958517737686634064e-03 3.130581974983215332e-02 2.976121753454208374e-02 1.766804046928882599e-02 3.259294480085372925e-02 3.361258190125226974e-03 1.869539148174226284e-03 1.563707739114761353e-02 3.279353678226470947e-02 4.925290867686271667e-02 2.432641945779323578e-02 2.176338247954845428e-02 4.143737722188234329e-03 1.126231346279382706e-02 2.542368602007627487e-03 2.452488616108894348e-02 7.257508113980293274e-03 6.544842384755611420e-03 2.392752468585968018e-02 6.118899676948785782e-03 2.504133619368076324e-02 3.857297269860282540e-05 9.848590008914470673e-03 3.061799891293048859e-02 6.847976148128509521e-02 1.858811266720294952e-02 2.745239544310607016e-05 2.051545679569244385e-02 4.958669468760490417e-02 7.381708920001983643e-02 6.786260753870010376e-02 1.088851969689130783e-02 6.916133686900138855e-03 1.846859976649284363e-02 1.680426485836505890e-02 9.335473179817199707e-02 3.645095974206924438e-02 1.609541126526892185e-03 8.467978797852993011e-03 1.593970879912376404e-02 1.159016136080026627e-02 2.700490131974220276e-02 7.234911434352397919e-03 5.525324377231299877e-04 1.130647398531436920e-02 1.242347992956638336e-02 4.880482703447341919e-02 1.902116695418953896e-03 6.262920051813125610e-02 1.449244376271963120e-02 2.794443257153034210e-02 8.269789628684520721e-03 4.069737717509269714e-02 2.685875166207551956e-03 6.538260728120803833e-02 5.837010219693183899e-02 6.747230887413024902e-02 7.025807164609432220e-03 4.592166095972061157e-02 1.862100884318351746e-02 6.530188024044036865e-03 6.284674257040023804e-02 2.067506499588489532e-02 1.036556139588356018e-01 4.855394735932350159e-02 8.710394799709320068e-02 1.430597156286239624e-02 7.058435678482055664e-02 7.684185169637203217e-03 4.946353286504745483e-02 2.625825256109237671e-02 1.929362863302230835e-02 2.968240901827812195e-02 4.192422702908515930e-02 6.853776425123214722e-02 1.303454786539077759e-01 3.724851459264755249e-02 6.652940064668655396e-02 1.582118798978626728e-03 4.400803521275520325e-02 6.879840977489948273e-03 3.612079843878746033e-02 3.554380685091018677e-02 2.451851498335599899e-03 4.787728656083345413e-03 4.135604016482830048e-03 7.878663949668407440e-03 1.467901002615690231e-02 5.277324933558702469e-03 3.491503000259399414e-02 3.849239647388458252e-02 1.916605047881603241e-02 5.041455850005149841e-02 1.398816704750061035e-03 3.738385438919067383e-02 9.271241724491119385e-03 2.307542366907000542e-03 1.083015091717243195e-02 9.095670655369758606e-03 8.447711006738245487e-04 3.294689208269119263e-02 4.646083340048789978e-02
1.275622397661209106e-01 1.052011549472808838e-01 4.246216267347335815e-03 3.291589021682739258e-02 3.431360796093940735e-02 6.853822618722915649e-02 6.597597897052764893e-02 9.354519657790660858e-03 4.051821772009134293e-03 3.020469471812248230e-02 1.824510991573333740e-01 1.954303495585918427e-02 1.158839836716651917e-01 3.353645280003547668e-02 4.193088412284851074e-02 7.688923738896846771e-03 2.034522779285907745e-02 2.029449678957462311e-02 5.459201056510210037e-03 7.802694570273160934e-03 4.806932806968688965e-02 1.769508793950080872e-02 3.288028761744499207e-02 2.666019089519977570e-02 1.238341792486608028e-03 1.550772320479154587e-02 2.352070063352584839e-02 3.863608464598655701e-02 3.296513482928276062e-02 2.962272986769676208e-02 2.559888176620006561e-03 3.343754215165972710e-03 3.144261427223682404e-03 2.798814512789249420e-02 3.456853330135345459e-03 2.096178755164146423e-02 1.796960644423961639e-02 1.405495125800371170e-02 5.392635986208915710e-02 1.783724315464496613e-02 2.960082143545150757e-03 1.653690822422504425e-03 3.215602785348892212e-02 3.019308298826217651e-02 1.792849972844123840e-02 9.156537242233753204e-03 3.982733935117721558e-02 2.739520929753780365e-02 3.828635811805725098e-02 1.969140581786632538e-02 3.445582464337348938e-03 2.866456657648086548e-02 2.857418172061443329e-02 2.626550011336803436e-02 4.220220725983381271e-03 1.949401944875717163e-02 6.679157260805368423e-03 2.089586853981018066e-02 3.404421359300613403e-02 1.329763978719711304e-02 3.295199200510978699e-02 5.690836347639560699e-03 9.998142719268798828e-03 1.558050978928804398e-03 4.730231314897537231e-02 3.439084067940711975e-02 3.050300106406211853e-02 4.754203557968139648e-02 4.451973829418420792e-03 1.741401292383670807e-02 8.080647327005863190e-03 3.727228613570332527e-03 1.131295878440141678e-02 3.918787988368421793e-04 1.254058349877595901e-02 2.110508270561695099e-02 4.787889122962951660e-02 1.108468696475028992e-02 3.731980687007308006e-03 4.997409880161285400e-03 1.178274862468242645e-02 6.022854894399642944e-02 2.043544314801692963e-02 7.852913811802864075e-03 6.283381488174200058e-03 1.789065822958946228e-02 4.044966399669647217e-02 1.236497191712260246e-03 5.183252505958080292e-03 3.337926929816603661e-03 1.429751981049776077e-02 4.160399734973907471e-02 1.874573645181953907e-03 1.459817122668027878e-02 4.167433455586433411e-02 4.327814280986785889e-02 2.337204478681087494e-02 5.858875811100006104e-02 3.206271678209304810e-02 6.827039178460836411e-03 7.563664577901363373e-03 2.421122230589389801e-02 2.164785936474800110e-02 3.152200952172279358e-02 2.245145849883556366e-02 3.010310977697372437e-02 1.239712908864021301e-02 1.735169626772403717e-02 3.273134678602218628e-02 1.900361664593219757e-02 1.847677305340766907e-02 1.713104732334613800e-02 4.788281861692667007e-03 1.867854408919811249e-02 2.620081417262554169e-02 7.285879459232091904e-03
3.056858852505683899e-02 8.236416615545749664e-03 5.188237875699996948e-02 6.877806782722473145e-02 1.673210412263870239e-02 8.822397142648696899e-02 5.292566493153572083e-02 1.670710183680057526e-02 4.392483457922935486e-02 2.522760443389415741e-02 1.954303495585918427e-02 2.342199981212615967e-01 2.604231704026460648e-03 1.169167906045913696e-01 1.281691715121269226e-03 3.077143430709838867e-02 1.914519816637039185e-02 3.330930322408676147e-02 1.195075828582048416e-02 2.191157266497612000e-02 5.598791409283876419e-03 1.128319650888442993e-02 6.175521761178970337e-02 4.048299416899681091e-02 1.771065592765808105e-02 2.057611942291259766e-02 5.856852512806653976e-03 1.368719041347503662e-01 3.682388737797737122e-02 9.706228226423263550e-02 2.248067781329154968e-02 3.618314489722251892e-02 5.146950110793113708e-02 6.836276035755872726e-03 1.795025728642940521e-02 1.564658991992473602e-02 2.521875128149986267e-02 7.686642464250326157e-03 3.419850766658782959e-02 3.642820194363594055e-02 1.081801950931549072e-02 2.495167963206768036e-02 1.123027503490447998e-02 4.587593302130699158e-02 6.073243916034698486e-02 2.748801559209823608e-02 6.253497302532196045e-02 2.982737869024276733e-02 3.436888009309768677e-02 1.635549962520599365e-02 3.237530961632728577e-02 5.021626129746437073e-03 4.960476420819759369e-03 1.877596601843833923e-02 1.643471978604793549e-02 1.164265268016606569e-04 2.948523312807083130e-02 2.485033497214317322e-02 3.974819555878639221e-03 1.046412810683250427e-02 4.292849451303482056e-02 3.543391451239585876e-02 1.910394430160522461e-02 8.519108407199382782e-03 9.069407358765602112e-03 2.140317484736442566e-02 4.257232695817947388e-02 1.206182036548852921e-02 1.341926027089357376e-02 8.171038702130317688e-03 1.586989150382578373e-03 1.242700149305164814e-03 4.385197907686233521e-02 2.309860289096832275e-02 1.073077134788036346e-02 3.874197602272033691e-02 4.077062755823135376e-02 1.434303075075149536e-02 4.825404286384582520e-02 3.227653726935386658e-02 1.174992322921752930e-02 1.665821671485900879e-02 3.119626198895275593e-04 4.430610686540603638e-02 7.988035678863525391e-03 1.903302222490310669e-02 1.308106700889766216e-03 1.187652908265590668e-02 7.572327554225921631e-02 6.489560008049011230e-02 2.541214413940906525e-02 5.229042144492268562e-04 4.247108846902847290e-02 1.922382228076457977e-02 3.912966698408126831e-02 3.710325062274932861e-02 2.818904072046279907e-02 5.699821561574935913e-02 2.497185766696929932e-02 3.949176147580146790e-02 3.461113432422280312e-03 1.357116270810365677e-02 1.812161691486835480e-02 3.837699070572853088e-02 9.719821624457836151e-03 2.473771572113037109e-02 4.050115868449211121e-02 4.626216366887092590e-02 2.619587257504463196e-02 2.183321863412857056e-02 2.137340046465396881e-02 2.711150795221328735e-02 7.871097885072231293e-03 4.282671585679054260e-02 2.751867286860942841e-02 2.191546000540256500e-02
1.440604776144027710e-01 1.511770784854888916e-01 3.845181688666343689e-02 4.207337275147438049e-02 8.150527719408273697e-04 8.520929515361785889e-02 5.902229249477386475e-02 1.342075970023870468e-02 8.188131265342235565e-03 1.766381040215492249e-02 1.158839836716651917e-01 2.604231704026460648e-03 1.677864640951156616e-01 2.958953566849231720e-02 9.744314104318618774e-02 2.057893201708793640e-02 1.531709637492895126e-02 4.448019713163375854e-02 2.890564268454909325e-03 2.500580996274948120e-02 5.114705767482519150e-03 4.626615345478057861e-02 2.425003796815872192e-02 3.477687388658523560e-02 7.102009840309619904e-03 1.805231161415576935e-02 4.734563082456588745e-02 1.526344567537307739e-02 1.565392687916755676e-02 1.301060523837804794e-02 1.033195201307535172e-02 2.279701875522732735e-03 3.529699891805648804e-02 8.291668258607387543e-03 3.291826928034424782e-03 3.204739885404706001e-03 1.393388863652944565e-02 3.001190721988677979e-03 2.706879191100597382e-02 3.297249600291252136e-02 2.102673985064029694e-02 8.232871070504188538e-03 8.753110654652118683e-03 5.550100654363632202e-02 3.750314563512802124e-02 1.325393281877040863e-02 5.643960088491439819e-02 1.455169357359409332e-02 8.523390628397464752e-03 7.976648397743701935e-03 6.173069775104522705e-02 6.096820812672376633e-03 2.012295089662075043e-02 3.608914092183113098e-02 1.023160945624113083e-02 4.906748887151479721e-03 5.448448937386274338e-03 1.051252149045467377e-02 8.665285073220729828e-03 2.794461324810981750e-02 2.370479144155979156e-02 8.984148502349853516e-03 4.273545742034912109e-02 1.099005807191133499e-02 6.653345655649900436e-03 6.151221692562103271e-02 1.105639152228832245e-02 1.857039518654346466e-02 1.052030455321073532e-02 9.847877547144889832e-03 1.588390022516250610e-02 2.428802289068698883e-02 2.445594780147075653e-02 1.324031222611665726e-02 1.823693886399269104e-02 2.986849471926689148e-02 3.610696643590927124e-02 9.266041219234466553e-03 2.452204190194606781e-02 8.631216362118721008e-03 2.393858879804611206e-02 7.339443080127239227e-03 4.551878664642572403e-03 1.345930248498916626e-02 3.516311524435877800e-03 3.219765424728393555e-02 2.953013218939304352e-02 6.624547392129898071e-02 1.028852630406618118e-02 9.112315252423286438e-03 2.285167574882507324e-02 3.985755145549774170e-02 9.415043517947196960e-03 5.640484392642974854e-02 1.719168387353420258e-02 1.883344538509845734e-02 6.180479191243648529e-03 3.902889788150787354e-02 3.757442906498908997e-02 3.239715006202459335e-03 4.685862921178340912e-03 1.199273765087127686e-02 1.147433277219533920e-02 8.699706755578517914e-03 3.083978372160345316e-04 9.570116177201271057e-03 1.864647492766380310e-02 5.923543591052293777e-03 2.759162103757262230e-03 1.844061352312564850e-02 3.395938314497470856e-03 2.261192351579666138e-02 2.571781538426876068e-02 9.777636267244815826e-03 5.305361002683639526e-03 2.066529542207717896e-02
