2.364011853933334351e-01 2.012283951044082642e-01 4.666497558355331421e-02 1.179583650082349777e-02 3.227326646447181702e-02 1.303088814020156860e-01 9.446574747562408447e-02 1.485444884747266769e-02 2.221129648387432098e-02 2.755231410264968872e-02 1.799796521663665771e-01 1.751059107482433319e-02 1.333951652050018311e-01 2.540330961346626282e-02 4.358401149511337280e-02 5.987318698316812515e-03 1.438987720757722855e-02 6.102452520281076431e-03 4.448912665247917175e-02 1.115341950207948685e-02 1.086580380797386169e-02 6.259254366159439087e-02 4.651842638850212097e-02 1.935417018830776215e-02 1.322474330663681030e-02 9.885143488645553589e-03 2.756375446915626526e-02 2.040036767721176147e-02 3.345961496233940125e-02 5.034350231289863586e-02 2.153488248586654663e-02 1.787178590893745422e-02 3.315340727567672729e-02 1.533160451799631119e-02 1.029914990067481995e-02 5.776945501565933228e-02 2.213531173765659332e-02 2.409935742616653442e-02 4.042188823223114014e-02 1.992497406899929047e-02 4.264089092612266541e-02 2.936748933279886842e-05 4.383655323181301355e-04 4.691119119524955750e-02 1.574251241981983185e-02 3.555385768413543701e-02 1.586720198392868042e-01 1.028553023934364319e-01 3.633636236190795898e-02 2.499874914065003395e-03 3.750807791948318481e-02 4.254742711782455444e-02 1.633082516491413116e-02 3.458565473556518555e-02 6.201457581482827663e-04 1.733887009322643280e-02 1.936530694365501404e-02 8.637636899948120117e-03 2.795872092247009277e-02 4.360275715589523315e-02 5.064992234110832214e-03 1.509194169193506241e-02 1.800959184765815735e-02 3.673886880278587341e-02 3.264176845550537109e-02 2.857559826225042343e-03 2.566883340477943420e-02 5.061088595539331436e-03 9.820404462516307831e-03 4.661389626562595367e-03 6.339210551232099533e-03 1.856856606900691986e-02 3.866288438439369202e-02 1.453378330916166306e-02 2.949583530426025391e-02 2.267086645588278770e-03 5.851822905242443085e-03 6.033871788531541824e-03 2.242604456841945648e-02 2.818212658166885376e-02 2.552024833858013153e-02 3.866520151495933533e-02 1.667567342519760132e-02 4.206388071179389954e-02 1.538210082799196243e-02 5.540331825613975525e-03 3.939209878444671631e-02 1.893500052392482758e-02 1.040760613977909088e-02 8.451732806861400604e-03 3.181549906730651855e-02 2.655460126698017120e-02 5.372730642557144165e-02 1.585451513528823853e-02 3.347061201930046082e-02 1.333103701472282410e-02 6.089731585234403610e-03 1.625475287437438965e-02 3.105260198935866356e-03 2.542674355208873749e-02 2.202645875513553619e-02 2.096781693398952484e-02 3.970214352011680603e-02 9.881027042865753174e-03 4.927303642034530640e-02 4.917332530021667480e-02 4.971432685852050781e-02 1.973081193864345551e-02 4.547828808426856995e-03 8.144256658852100372e-03 2.400803612545132637e-03 1.255123876035213470e-02 2.576167322695255280e-02 1.371495332568883896e-02 2.184886299073696136e-02 3.097029216587543488e-02
2.012283951044082642e-01 2.283220887184143066e-01 3.709619492292404175e-02 3.583031892776489258e-02 3.320940211415290833e-02 9.460960328578948975e-02 1.370052248239517212e-01 2.281644009053707123e-02 2.878558635711669922e-02 2.077254839241504669e-02 1.731691211462020874e-01 7.465278264135122299e-03 1.809695959091186523e-01 1.656815595924854279e-02 2.208361774682998657e-02 3.992941230535507202e-03 5.320172291249036789e-03 2.510630059987306595e-03 5.836781486868858337e-02 1.209830632433295250e-03 2.589342184364795685e-02 5.633684620261192322e-02 3.160214424133300781e-02 6.324175745248794556e-02 1.244297623634338379e-02 3.239811398088932037e-03 1.004708185791969299e-02 3.300128504633903503e-02 8.550637215375900269e-02 4.792715981602668762e-02 7.589682005345821381e-03 2.230264013633131981e-03 3.027137555181980133e-02 2.871039696037769318e-02 1.849984563887119293e-02 3.519523888826370239e-02 2.917130477726459503e-02 2.322391979396343231e-02 1.096061617136001587e-02 1.178815122693777084e-02 4.198488220572471619e-02 8.851206861436367035e-03 3.862286219373345375e-03 4.328217729926109314e-02 4.079144075512886047e-02 6.959632039070129395e-02 9.972234815359115601e-02 9.440296143293380737e-02 1.918946206569671631e-02 4.335947960498742759e-05 7.380145788192749023e-02 1.187805901281535625e-03 1.748714782297611237e-02 3.593830391764640808e-02 1.473814714699983597e-02 8.748629130423069000e-03 9.665613062679767609e-03 1.805495657026767731e-02 1.860812306404113770e-02 3.829991072416305542e-02 1.051784586161375046e-02 9.211780503392219543e-03 2.619963197503238916e-04 2.148254215717315674e-02 3.599485009908676147e-02 1.351565588265657425e-03 6.773568224161863327e-03 9.960711933672428131e-03 1.945498026907444000e-02 3.989372402429580688e-03 1.643249765038490295e-02 1.134178973734378815e-02 3.687494248151779175e-02 2.157297171652317047e-02 3.872195258736610413e-02 2.073284797370433807e-02 2.144789323210716248e-03 1.976371370255947113e-02 2.546279877424240112e-02 2.610611915588378906e-02 3.356252238154411316e-02 4.608913138508796692e-02 2.249811589717864990e-02 3.581656143069267273e-02 6.188626866787672043e-03 1.040227059274911880e-02 3.722652047872543335e-02 3.491569310426712036e-02 1.084329187870025635e-02 6.902219261974096298e-03 6.521475967019796371e-03 3.475840389728546143e-02 3.010077029466629028e-02 2.778751403093338013e-02 3.397688269615173340e-02 1.965706236660480499e-02 9.335920214653015137e-03 8.963078260421752930e-03 3.512150794267654419e-02 5.416629090905189514e-02 7.394201384158805013e-05 2.146542258560657501e-02 3.270197287201881409e-02 4.017573595046997070e-02 3.202128410339355469e-02 4.442641511559486389e-02 4.203731194138526917e-02 3.140737488865852356e-02 1.439851336181163788e-02 4.039597231894731522e-03 4.696051473729312420e-04 1.201315084472298622e-03 1.588604785501956940e-02 3.178684785962104797e-02 1.322639733552932739e-02 4.112883657217025757e-02
4.666497558355331421e-02 3.709619492292404175e-02 3.231944516301155090e-02 1.152837183326482773e-02 5.012679845094680786e-02 1.693484559655189514e-02 2.212448604404926300e-02 1.750900894403457642e-01 1.636458327993750572e-03 8.009484736248850822e-04 2.675353921949863434e-02 9.987755678594112396e-03 2.017908170819282532e-02 4.023618996143341064e-02 1.924140192568302155e-02 1.552186533808708191e-02 1.990395225584506989e-02 6.573319435119628906e-02 8.526396751403808594e-02 1.180540677160024643e-02 4.545750468969345093e-02 4.288259521126747131e-02 8.391955867409706116e-03 6.398842483758926392e-02 8.811567095108330250e-04 2.216955646872520447e-02 5.072652176022529602e-02 1.596507208887487650e-04 3.445769473910331726e-02 8.139035105705261230e-02 1.406488008797168732e-02 6.605728995054960251e-03 7.179922610521316528e-02 1.193935517221689224e-03 3.649348393082618713e-02 8.216707408428192139e-02 1.465658284723758698e-02 5.349170044064521790e-02 2.786860987544059753e-02 7.840409874916076660e-02 1.998855546116828918e-02 3.148133680224418640e-02 5.892234388738870621e-03 8.623743802309036255e-02 2.023813128471374512e-02 3.354506194591522217e-02 7.158137112855911255e-02 4.564552381634712219e-02 1.934071443974971771e-02 3.428853815421462059e-03 1.879691705107688904e-02 3.416685760021209717e-02 7.715202122926712036e-02 1.955796964466571808e-02 1.725370879285037518e-03 1.243204716593027115e-02 2.393837831914424896e-02 2.863641455769538879e-02 2.751027606427669525e-02 1.806327886879444122e-02 5.359689705073833466e-03 4.955242946743965149e-02 1.339084468781948090e-03 7.616341114044189453e-02 2.148102968931198120e-02 4.417415708303451538e-02 2.353339456021785736e-02 3.150876238942146301e-02 4.550393298268318176e-02 4.025892913341522217e-02 6.533820182085037231e-02 6.277532316744327545e-03 4.071829095482826233e-02 5.823465809226036072e-02 1.434709317982196808e-02 9.551177173852920532e-02 3.798771649599075317e-02 1.383831631392240524e-02 3.677298501133918762e-02 3.897700458765029907e-02 2.048767656087875366e-01 1.812148690223693848e-01 7.119642198085784912e-02 5.243613943457603455e-02 3.806155174970626831e-02 7.400460075587034225e-03 1.907738111913204193e-02 3.261097520589828491e-02 2.139853080734610558e-03 2.382850833237171173e-02 4.108970984816551208e-02 1.492202468216419220e-02 1.854621805250644684e-02 4.035464674234390259e-02 2.328908629715442657e-02 3.945404291152954102e-02 8.009416610002517700e-02 1.158395316451787949e-03 4.892473574727773666e-03 3.524201735854148865e-02 3.919153660535812378e-02 4.732482880353927612e-02 3.063635202124714851e-03 3.550587967038154602e-02 2.054878696799278259e-02 5.267120897769927979e-02 4.227244108915328979e-02 2.327977493405342102e-02 3.774694353342056274e-02 1.748183928430080414e-02 4.982006922364234924e-02 2.212782576680183411e-02 2.610023133456707001e-03 5.357503425329923630e-03 3.501886129379272461e-02 3.728982061147689819e-02
1.179583650082349777e-02 3.583031892776489258e-02 1.152837183326482773e-02 1.154243946075439453e-02 1.769303977489471436e-01 1.571777649223804474e-02 2.313301526010036469e-02 1.908930763602256775e-02 4.767753649502992630e-03 1.065148506313562393e-02 2.709939144551753998e-03 4.197763651609420776e-02 2.935652853921055794e-03 1.910532638430595398e-02 7.418773137032985687e-03 3.853563964366912842e-02 3.037268668413162231e-02 8.781913667917251587e-03 5.656467005610466003e-02 2.500774897634983063e-02 1.706261746585369110e-02 2.844239212572574615e-02 3.784818574786186218e-02 1.516177132725715637e-02 2.011445164680480957e-02 3.127661719918251038e-02 2.566627971827983856e-02 3.653281182050704956e-02 3.217416629195213318e-02 8.469670428894460201e-04 2.348966710269451141e-02 3.374793333932757378e-03 4.697095975279808044e-02 2.819818258285522461e-02 5.513947107829153538e-04 1.957289641723036766e-03 4.201482981443405151e-02 2.661661617457866669e-02 5.478001385927200317e-02 6.086886301636695862e-02 4.640536010265350342e-02 3.450630605220794678e-02 6.125191599130630493e-02 4.948191344738006592e-02 1.559820398688316345e-02 1.645739190280437469e-02 2.323161065578460693e-02 6.820916384458541870e-02 5.832215026021003723e-02 1.365306600928306580e-02 3.686507418751716614e-02 4.292174428701400757e-02 2.600672282278537750e-02 3.243555873632431030e-02 5.343222245573997498e-02 7.546431850641965866e-03 5.136717576533555984e-03 1.831663399934768677e-02 4.595380276441574097e-02 9.388534352183341980e-03 5.159029364585876465e-02 6.165288761258125305e-02 4.457477480173110962e-02 3.567818552255630493e-02 3.208648413419723511e-02 1.042297016829252243e-02 4.054069519042968750e-02 2.944944426417350769e-04 3.306009247899055481e-02 1.526295207440853119e-02 2.069038711488246918e-02 2.122256346046924591e-02 8.456505089998245239e-02 2.306719124317169189e-02 3.318833559751510620e-02 3.266913443803787231e-02 8.829383179545402527e-03 2.108133956789970398e-02 1.759224385023117065e-02 5.103080719709396362e-02 2.046702988445758820e-02 9.675716049969196320e-03 1.061231344938278198e-01 1.024096086621284485e-01 6.417167186737060547e-02 1.010288670659065247e-01 2.740057930350303650e-02 2.126104943454265594e-02 6.162899732589721680e-02 7.101368624716997147e-03 6.434140354394912720e-02 2.197880530729889870e-03 4.653709754347801208e-02 1.672611385583877563e-02 5.574070289731025696e-02 1.755044795572757721e-02 4.144907370209693909e-02 3.636070340871810913e-02 2.109670266509056091e-02 5.378264933824539185e-02 2.309923246502876282e-02 1.824231818318367004e-02 4.910594224929809570e-02 1.524761319160461426e-02 1.936293020844459534e-02 1.812826655805110931e-02 4.709945060312747955e-04 8.959524333477020264e-02 4.566886276006698608e-02 1.191452611237764359e-02 3.136438503861427307e-02 3.382592927664518356e-03 7.153294980525970459e-02 2.327274158596992493e-02 3.011005185544490814e-02 3.782178461551666260e-02
3.227326646447181702e-02 3.320940211415290833e-02 5.012679845094680786e-02 1.769303977489471436e-01 3.408135101199150085e-02 2.567997388541698456e-02 2.713984251022338867e-02 1.874617673456668854e-02 1.704743131995201111e-02 4.212526232004165649e-02 8.220796473324298859e-03 1.919632405042648315e-02 3.247097879648208618e-02 4.905146732926368713e-02 1.653633452951908112e-02 7.197749335318803787e-03 1.981037482619285583e-02 1.448106020689010620e-02 1.031723171472549438e-01 4.265633597970008850e-02 6.634782534092664719e-03 2.439105696976184845e-02 3.211040049791336060e-02 1.738066412508487701e-02 8.826221339404582977e-03 3.792354464530944824e-02 3.430444002151489258e-02 2.003671973943710327e-02 5.600577592849731445e-02 2.021960914134979248e-02 6.460828706622123718e-03 3.038994967937469482e-03 3.455331921577453613e-02 2.717454545199871063e-02 1.307345740497112274e-02 3.557841107249259949e-02 4.333237186074256897e-02 1.099435519427061081e-02 1.206120941787958145e-02 7.364504039287567139e-02 2.935721538960933685e-02 1.157143851742148399e-03 3.397522121667861938e-02 3.797089681029319763e-02 4.984854161739349365e-02 3.597357124090194702e-02 2.069555968046188354e-02 4.590475931763648987e-02 2.325058914721012115e-02 6.037377938628196716e-02 1.528985239565372467e-02 1.583965867757797241e-02 3.872451931238174438e-02 1.263192668557167053e-02 2.965849125757813454e-03 1.454627420753240585e-02 4.090554639697074890e-02 1.186364330351352692e-02 4.885774478316307068e-02 1.692196354269981384e-02 9.612285532057285309e-03 8.166433870792388916e-02 9.497087448835372925e-03 5.216007679700851440e-02 6.502156704664230347e-02 3.539124270901083946e-03 5.622778087854385376e-02 1.598238199949264526e-02 2.068618126213550568e-02 4.937469959259033203e-03 3.126541897654533386e-02 6.072389078326523304e-04 4.619982466101646423e-02 3.711232915520668030e-02 3.984837234020233154e-02 1.015775837004184723e-02 7.650291547179222107e-03 1.438008621335029602e-02 1.550362911075353622e-02 4.576872102916240692e-03 1.497487723827362061e-02 9.017867967486381531e-03 5.323931574821472168e-02 1.530198156833648682e-01 4.094837233424186707e-02 2.036616019904613495e-02 1.529402448795735836e-03 3.661217540502548218e-02 1.242264057509601116e-03 3.047909028828144073e-02 3.423860669136047363e-02 2.853004448115825653e-02 6.726491451263427734e-02 4.752677399665117264e-03 3.930458799004554749e-02 3.501395927742123604e-03 5.242418870329856873e-02 6.328568607568740845e-02 1.593741821125149727e-03 2.123385481536388397e-02 9.473247919231653214e-04 1.150411646813154221e-02 1.665148767642676830e-03 1.867971499450504780e-03 1.918663829565048218e-02 3.194063529372215271e-02 8.087539114058017731e-03 7.671853154897689819e-02 2.980524860322475433e-02 3.370822966098785400e-02 2.210042066872119904e-02 5.201271921396255493e-02 5.042650550603866577e-02 3.549455106258392334e-02 1.843385025858879089e-02 1.768034137785434723e-02
1.303088814020156860e-01 9.460960328578948975e-02 1.693484559655189514e-02 1.571777649223804474e-02 2.567997388541698456e-02 1.379030048847198486e-01 1.571772247552871704e-01 8.625262975692749023e-02 7.937397807836532593e-03 6.369910668581724167e-03 6.299702078104019165e-02 5.576777458190917969e-02 4.311204701662063599e-02 2.187596075236797333e-02 2.218921668827533722e-02 2.071573771536350250e-02 4.871661216020584106e-02 3.317721188068389893e-02 2.984374389052391052e-02 6.988846580497920513e-04 2.373503521084785461e-02 7.432366907596588135e-02 5.154265090823173523e-02 4.084651172161102295e-02 7.861170917749404907e-03 2.392382593825459480e-03 4.641746636480093002e-03 7.209480553865432739e-02 4.078749939799308777e-02 2.494683116674423218e-02 9.983835369348526001e-02 1.496912445873022079e-03 2.036730060353875160e-03 1.253855973482131958e-02 2.414000965654850006e-02 7.028559688478708267e-03 8.979151956737041473e-03 8.261231705546379089e-03 4.550867900252342224e-02 2.716939523816108704e-02 6.283762631937861443e-04 6.979842204600572586e-03 4.375400021672248840e-03 3.769229725003242493e-02 7.606603205204010010e-02 5.151999369263648987e-02 1.651558727025985718e-01 8.161337673664093018e-02 5.141775123775005341e-03 3.769626095890998840e-02 2.718946710228919983e-02 7.005295157432556152e-02 1.642829366028308868e-02 1.831700839102268219e-02 8.290167897939682007e-03 3.574170172214508057e-02 3.398899361491203308e-02 2.864253334701061249e-02 7.137206383049488068e-03 1.076777279376983643e-02 2.755314810201525688e-03 4.524334147572517395e-02 1.476345956325531006e-02 1.991295814514160156e-02 2.858956577256321907e-03 2.232525311410427094e-02 7.230659481137990952e-03 1.382049731910228729e-02 5.288732051849365234e-02 5.218438059091567993e-02 2.209538070019334555e-04 7.421942800283432007e-02 2.971234917640686035e-02 1.413037069141864777e-02 2.764617651700973511e-02 2.015186659991741180e-02 2.520137093961238861e-02 1.591384760104119778e-03 4.213354736566543579e-02 4.180114716291427612e-02 6.579805910587310791e-02 4.196085035800933838e-03 1.908233389258384705e-03 2.324962429702281952e-02 4.206495732069015503e-02 1.373207103461027145e-02 7.665417622774839401e-03 2.150924690067768097e-02 4.502940550446510315e-02 4.784031957387924194e-02 2.028079144656658173e-02 1.997821964323520660e-02 1.662936247885227203e-02 1.882783509790897369e-02 2.124267816543579102e-02 3.148866072297096252e-02 1.727007515728473663e-02 7.696819957345724106e-04 9.082505479454994202e-03 1.277039013803005219e-02 1.208212040364742279e-02 1.751130260527133942e-02 2.949153631925582886e-02 1.804145798087120056e-02 6.299728155136108398e-02 3.785588592290878296e-02 7.144485134631395340e-03 6.822264194488525391e-02 3.358379378914833069e-02 8.310635387897491455e-02 1.177796535193920135e-02 1.979124732315540314e-03 2.691224589943885803e-02 1.591273397207260132e-02 2.092597633600234985e-02 3.630297631025314331e-02
9.446574747562408447e-02 1.370052248239517212e-01 2.212448604404926300e-02 2.313301526010036469e-02 2.713984251022338867e-02 1.571772247552871704e-01 1.338791102170944214e-01 6.535246968269348145e-02 1.045850478112697601e-02 3.929057344794273376e-02 5.678003281354904175e-02 2.049112319946289062e-02 8.713440597057342529e-02 5.069033429026603699e-02 4.655926674604415894e-02 3.650033846497535706e-02 6.346744298934936523e-02 2.240308560431003571e-02 9.575182572007179260e-03 1.190334744751453400e-02 1.376735419034957886e-02 1.121526286005973816e-01 7.936473935842514038e-02 7.945694774389266968e-02 8.804791606962680817e-03 4.165513068437576294e-02 1.641967706382274628e-02 3.112092055380344391e-02 5.400330293923616409e-03 3.943567350506782532e-02 8.465474098920822144e-02 4.577979445457458496e-02 2.821634756401181221e-03 2.501852810382843018e-02 6.825642287731170654e-02 1.697404496371746063e-02 3.827443718910217285e-02 7.761186454445123672e-03 6.676612794399261475e-02 4.741396754980087280e-02 2.405916340649127960e-03 1.095684058964252472e-02 4.396566376090049744e-02 3.291239961981773376e-02 8.029023557901382446e-02 1.161760743707418442e-02 8.540355414152145386e-02 1.028716638684272766e-01 3.945832327008247375e-02 1.290816348046064377e-03 3.166795149445533752e-02 7.880851626396179199e-02 1.587159559130668640e-02 3.788997186347842216e-03 1.400519814342260361e-02 4.486231599003076553e-03 6.613601930439472198e-03 4.739060997962951660e-02 1.720583066344261169e-02 4.163945093750953674e-03 9.620226919651031494e-03 3.910441696643829346e-02 4.028588905930519104e-02 1.466113887727260590e-02 2.447313442826271057e-02 4.688317328691482544e-02 4.375660046935081482e-02 2.985956892371177673e-02 1.927324756979942322e-02 7.123368978500366211e-02 1.543651241809129715e-02 7.634758204221725464e-02 4.798100516200065613e-02 8.159736171364784241e-03 7.553078699856996536e-03 3.076070174574851990e-02 3.267329186201095581e-02 1.239162310957908630e-02 2.256463281810283661e-02 5.723309889435768127e-02 6.234708428382873535e-02 2.861737832427024841e-02 5.541520193219184875e-03 5.130637437105178833e-02 7.343985140323638916e-02 6.302256882190704346e-02 1.001383861876092851e-04 2.484472095966339111e-02 2.376632019877433777e-02 6.501791998744010925e-03 3.151873871684074402e-02 2.714774198830127716e-02 3.044924885034561157e-02 1.667676588112954050e-05 1.458387263119220734e-02 2.745067700743675232e-02 3.048555552959442139e-02 6.916461512446403503e-03 4.572432115674018860e-02 5.599076300859451294e-02 2.669168077409267426e-02 1.992835849523544312e-02 1.130150817334651947e-02 2.641482278704643250e-02 4.260888695716857910e-02 2.698638290166854858e-02 8.335366845130920410e-03 7.383722066879272461e-02 4.000404849648475647e-02 4.176133498549461365e-02 3.213691338896751404e-02 1.273734122514724731e-02 3.103159368038177490e-02 5.608216673135757446e-02 9.813233278691768646e-03 1.197571586817502975e-02
1.485444884747266769e-02 2.281644009053707123e-02 1.750900894403457642e-01 1.908930763602256775e-02 1.874617673456668854e-02 8.625262975692749023e-02 6.535246968269348145e-02 7.749769138172268867e-04 3.192335367202758789e-02 2.717725932598114014e-02 7.048455625772476196e-02 1.147314719855785370e-02 1.212829798460006714e-01 5.027030594646930695e-03 1.488309800624847412e-01 3.745570778846740723e-02 4.027175158262252808e-02 3.661729395389556885e-02 3.243340179324150085e-02 1.421411335468292236e-02 5.308436974883079529e-02 4.552859812974929810e-02 2.846076386049389839e-03 1.219477038830518723e-02 8.135829120874404907e-03 1.323047839105129242e-02 2.535288967192173004e-02 1.231935899704694748e-02 3.874291107058525085e-02 6.259268522262573242e-02 4.247528314590454102e-02 2.173782326281070709e-03 1.841917075216770172e-02 1.314720418304204941e-02 2.037486247718334198e-02 3.413163498044013977e-02 4.560296609997749329e-02 4.149039089679718018e-02 1.367683522403240204e-02 2.545496076345443726e-02 5.094260349869728088e-02 9.983452036976814270e-04 1.977946236729621887e-02 9.642063826322555542e-02 1.324024610221385956e-02 2.537166327238082886e-02 6.882027536630630493e-02 2.784651517868041992e-02 3.516887500882148743e-02 4.731709137558937073e-03 2.552246302366256714e-02 1.930996961891651154e-02 2.579296380281448364e-02 7.542986422777175903e-02 6.707648746669292450e-03 6.456339266151189804e-03 1.780318282544612885e-02 5.895664542913436890e-02 5.430496111512184143e-02 1.111630233936011791e-03 8.941603009589016438e-04 7.525027263909578323e-03 2.790632471442222595e-02 7.499753683805465698e-02 3.793704882264137268e-02 1.416280749253928661e-03 3.670246899127960205e-02 1.852927915751934052e-02 2.738186903297901154e-02 2.019284479320049286e-02 1.407544221729040146e-02 1.486595626920461655e-02 2.149363979697227478e-02 1.858369447290897369e-02 4.480118397623300552e-03 4.480712488293647766e-02 2.529413253068923950e-02 1.007865741848945618e-02 3.476813063025474548e-02 2.737979963421821594e-02 1.466541588306427002e-01 7.066964358091354370e-02 2.057120017707347870e-02 3.326956555247306824e-02 1.438405830413103104e-02 1.402859808877110481e-03 1.103630959987640381e-01 6.719270348548889160e-02 1.058998401276767254e-03 3.944388590753078461e-03 5.133961513638496399e-02 9.204166010022163391e-03 3.084867261350154877e-02 3.774499148130416870e-02 6.491671781986951828e-03 8.473070338368415833e-03 1.077950075268745422e-01 6.164361163973808289e-02 2.300422079861164093e-02 9.789005853235721588e-03 4.025907814502716064e-02 1.525019854307174683e-02 1.873631775379180908e-02 1.398637052625417709e-02 1.828793552704155445e-03 1.660980749875307083e-03 6.407452374696731567e-02 1.598572731018066406e-02 4.441927373409271240e-02 2.034365897998213768e-04 6.319437175989151001e-02 1.192399784922599792e-01 6.199660245329141617e-03 2.271306468173861504e-03 8.740941435098648071e-02 5.825604870915412903e-02
2.221129648387432098e-02 2.878558635711669922e-02 1.636458327993750572e-03 4.767753649502992630e-03 1.704743131995201111e-02 7.937397807836532593e-03 1.045850478112697601e-02 3.192335367202758789e-02 5.160722136497497559e-02 1.249563694000244141e-01 2.605741098523139954e-02 7.360111176967620850e-02 8.304313756525516510e-03 4.330928251147270203e-02 1.331486273556947708e-02 3.332835435867309570e-02 2.093844301998615265e-02 1.065050289034843445e-01 1.096063014119863510e-02 9.154640138149261475e-03 3.855514340102672577e-03 3.144092857837677002e-02 7.534055411815643311e-02 5.451174825429916382e-02 3.886636113747954369e-03 7.795972749590873718e-03 1.477428711950778961e-02 1.377127045998349786e-04 2.046937867999076843e-02 2.782095398288220167e-04 4.909604415297508240e-02 4.003676772117614746e-02 6.609927117824554443e-02 2.031669579446315765e-02 5.787640437483787537e-02 3.778051212430000305e-02 6.866518408060073853e-03 4.222420230507850647e-02 5.210308358073234558e-02 3.470849990844726562e-02 3.678296878933906555e-02 3.319878503680229187e-02 2.918329834938049316e-02 2.770904265344142914e-02 7.033949345350265503e-02 3.251920640468597412e-02 8.491336368024349213e-03 2.499491162598133087e-02 3.359244018793106079e-02 2.195208799093961716e-03 4.362547770142555237e-02 7.962077111005783081e-02 2.437266521155834198e-04 5.636991001665592194e-03 1.151517331600189209e-01 3.842062875628471375e-02 5.360049381852149963e-02 7.917227223515510559e-03 7.747704163193702698e-03 1.532329618930816650e-02 2.914663590490818024e-02 5.623257532715797424e-02 1.400673203170299530e-02 3.958548419177532196e-03 4.620083421468734741e-02 2.973407693207263947e-02 3.384536877274513245e-02 5.438906699419021606e-02 2.158015221357345581e-02 1.346027757972478867e-02 3.117465972900390625e-02 3.941210359334945679e-02 2.588168904185295105e-02 9.663637727499008179e-03 3.346777986735105515e-03 7.283508032560348511e-02 1.715391278266906738e-01 5.803181231021881104e-02 8.038104325532913208e-02 1.882565207779407501e-02 8.494630455970764160e-03 1.251182053238153458e-02 5.459369346499443054e-02 1.768445782363414764e-02 2.670563058927655220e-03 6.463279947638511658e-03 2.785337343811988831e-02 5.824361369013786316e-02 1.845171861350536346e-02 2.262904681265354156e-02 1.795518584549427032e-02 1.150635723024606705e-02 2.891908399760723114e-02 1.333874557167291641e-02 5.479902029037475586e-03 1.736385747790336609e-02 2.894204808399081230e-04 7.131540775299072266e-02 2.249964326620101929e-02 3.748290613293647766e-02 2.110099233686923981e-02 1.870230957865715027e-02 8.335391990840435028e-03 8.066185750067234039e-03 2.826102823019027710e-02 3.070267476141452789e-02 1.115439180284738541e-02 6.936449557542800903e-03 1.855650357902050018e-02 2.260678634047508240e-02 1.444086339324712753e-02 6.935174576938152313e-03 4.711567983031272888e-02 3.910771012306213379e-02 7.054697722196578979e-03 4.441396519541740417e-02
2.755231410264968872e-02 2.077254839241504669e-02 8.009484736248850822e-04 1.065148506313562393e-02 4.212526232004165649e-02 6.369910668581724167e-03 3.929057344794273376e-02 2.717725932598114014e-02 1.249563694000244141e-01 6.037455052137374878e-02 4.573128744959831238e-02 1.177434157580137253e-02 3.970955684781074524e-02 3.640170767903327942e-02 4.586051777005195618e-02 8.002356626093387604e-03 1.319413632154464722e-02 5.184389278292655945e-02 6.575863808393478394e-02 2.202160656452178955e-02 8.913955651223659515e-03 7.989862933754920959e-03 3.599284589290618896e-02 8.208732306957244873e-02 2.605429291725158691e-02 4.566508159041404724e-02 3.073739586398005486e-03 5.240434035658836365e-02 5.039542540907859802e-02 3.701493889093399048e-02 3.879568353295326233e-02 4.234659671783447266e-02 2.753959409892559052e-02 4.194079898297786713e-03 5.639680102467536926e-02 3.180858911946415901e-03 2.630870975553989410e-02 8.490954525768756866e-03 4.145740717649459839e-02 1.997292414307594299e-02 1.659340783953666687e-02 3.446358488872647285e-03 2.198086818680167198e-03 3.555316478013992310e-02 5.735337361693382263e-02 8.732310682535171509e-02 4.013991355895996094e-02 5.349268391728401184e-02 5.787520203739404678e-03 1.344602108001708984e-01 2.856258861720561981e-02 4.555712267756462097e-02 3.259724378585815430e-02 2.595207467675209045e-02 1.150193996727466583e-02 8.177530765533447266e-02 2.037980966269969940e-02 1.987005211412906647e-02 3.693388774991035461e-02 1.876146532595157623e-02 3.522602608427405357e-03 5.840785056352615356e-02 9.686087258160114288e-03 4.518369212746620178e-02 1.490074489265680313e-02 3.187134861946105957e-02 2.893500402569770813e-02 2.876279642805457115e-03 4.935207590460777283e-02 2.975594252347946167e-02 1.974898576736450195e-02 5.824449006468057632e-03 3.833166882395744324e-02 3.731795772910118103e-02 3.804879635572433472e-02 2.209695056080818176e-02 6.255611032247543335e-02 1.524500399827957153e-01 6.719853729009628296e-02 1.326638609170913696e-01 1.644421741366386414e-02 7.144549861550331116e-03 3.099480271339416504e-02 2.843770571053028107e-02 2.632288960739970207e-03 1.076303571462631226e-01 2.651881240308284760e-02 7.750913500785827637e-02 9.704004228115081787e-02 1.489593274891376495e-02 3.429983509704470634e-03 4.485660698264837265e-03 3.199048340320587158e-02 2.266876772046089172e-02 8.621420711278915405e-03 1.662268862128257751e-02 3.146052733063697815e-02 2.489016391336917877e-02 4.098181053996086121e-02 2.400457672774791718e-02 9.473656304180622101e-03 2.107120491564273834e-02 1.910934969782829285e-02 1.252048648893833160e-02 7.020971179008483887e-02 4.403563216328620911e-02 2.538273110985755920e-02 6.102878227829933167e-02 7.975900173187255859e-02 2.282102033495903015e-02 9.696598164737224579e-03 2.631447091698646545e-02 4.168068245053291321e-02 2.675292454659938812e-02 2.532448433339595795e-02 2.483072923496365547e-03
1.799796521663665771e-01 1.731691211462020874e-01 2.675353921949863434e-02 2.709939144551753998e-03 8.220796473324298859e-03 6.299702078104019165e-02 5.678003281354904175e-02 7.048455625772476196e-02 2.605741098523139954e-02 4.573128744959831238e-02 1.563667505979537964e-01 6.000332999974489212e-03 1.559404283761978149e-01 2.872508205473423004e-02 7.273110747337341309e-02 5.469433963298797607e-03 2.032014308497309685e-03 2.640862762928009033e-02 9.617734700441360474e-03 1.893917843699455261e-02 1.692329766228795052e-03 1.223532408475875854e-01 2.305797487497329712e-02 4.809357598423957825e-02 8.994036354124546051e-03 1.126351021230220795e-02 3.290935978293418884e-02 1.628297194838523865e-02 3.722878755070269108e-04 1.318206451833248138e-02 6.127573177218437195e-02 1.256411545909941196e-03 4.751973599195480347e-02 3.885644301772117615e-02 2.399783767759799957e-02 5.612000077962875366e-02 3.369359672069549561e-02 1.180287264287471771e-02 1.882007345557212830e-02 3.016505949199199677e-02 1.998969167470932007e-02 3.901358693838119507e-02 1.075237616896629333e-02 3.622175008058547974e-02 2.628590678796172142e-03 2.465449273586273193e-02 9.107179194688796997e-02 8.055187016725540161e-02 1.497331913560628891e-02 4.218998551368713379e-02 5.865617468953132629e-02 4.056724160909652710e-02 1.931593567132949829e-02 1.292270980775356293e-02 1.423482317477464676e-02 2.641793526709079742e-02 1.702421158552169800e-02 3.966562077403068542e-02 2.311052381992340088e-02 1.396418269723653793e-02 1.127680577337741852e-02 6.075069680809974670e-02 1.180845685303211212e-02 7.801594212651252747e-03 4.656695574522018433e-02 6.750345975160598755e-02 1.505801174789667130e-02 9.299561381340026855e-03 1.476683001965284348e-02 7.462529838085174561e-02 1.300722174346446991e-02 6.223174557089805603e-02 8.762410841882228851e-03 3.290313109755516052e-02 1.823778636753559113e-02 2.082715742290019989e-02 3.671434521675109863e-02 3.687749430537223816e-02 1.857888698577880859e-02 1.380002591758966446e-02 6.826222687959671021e-02 3.107337281107902527e-03 1.905961707234382629e-02 1.365472469478845596e-02 2.535227872431278229e-02 9.200097061693668365e-03 2.420443482697010040e-02 8.852276019752025604e-03 1.297854539006948471e-02 1.312589738517999649e-02 2.104364335536956787e-02 7.534783333539962769e-02 3.851417452096939087e-02 6.947960704565048218e-02 4.662867635488510132e-02 4.916023090481758118e-02 1.681704260408878326e-02 9.572673588991165161e-03 2.734360098838806152e-02 4.795755073428153992e-02 3.157062083482742310e-02 6.014971993863582611e-03 1.717367395758628845e-02 2.251260011689737439e-04 1.466738409362733364e-03 2.373330481350421906e-02 5.156755447387695312e-02 7.864497601985931396e-02 3.901239112019538879e-02 3.000422380864620209e-02 2.714566187933087349e-03 1.057649846188724041e-03 1.428909413516521454e-02 3.134207800030708313e-02 1.339098718017339706e-02 1.017514336854219437e-02
1.751059107482433319e-02 7.465278264135122299e-03 9.987755678594112396e-03 4.197763651609420776e-02 1.919632405042648315e-02 5.576777458190917969e-02 2.049112319946289062e-02 1.147314719855785370e-02 7.360111176967620850e-02 1.177434157580137253e-02 6.000332999974489212e-03 8.331735432147979736e-02 1.622822508215904236e-02 2.327733635902404785e-01 7.781193125993013382e-03 8.119822014123201370e-04 1.789200305938720703e-02 3.529886901378631592e-02 3.750547394156455994e-02 4.581202194094657898e-02 3.060168214142322540e-02 1.172134769149124622e-03 7.401167601346969604e-02 6.735786050558090210e-02 1.203318685293197632e-02 3.025069460272789001e-02 2.511709742248058319e-02 1.195166110992431641e-01 8.921013213694095612e-03 1.445441395044326782e-01 1.972309686243534088e-02 4.605345893651247025e-03 2.874379791319370270e-02 2.132982946932315826e-02 2.450268343091011047e-02 7.410012185573577881e-03 1.239619869738817215e-02 4.229985643178224564e-03 2.363839745521545410e-02 2.445937879383563995e-02 7.367273326963186264e-03 2.911132015287876129e-02 3.686311095952987671e-02 9.242989122867584229e-03 8.878279477357864380e-02 6.045480817556381226e-02 3.604714944958686829e-02 4.738927260041236877e-02 4.618560522794723511e-02 5.795115977525711060e-02 6.552595645189285278e-02 1.610777899622917175e-02 2.056154608726501465e-02 1.161903981119394302e-02 1.423057634383440018e-02 1.025396957993507385e-02 3.030335530638694763e-02 1.719788461923599243e-02 4.958289861679077148e-02 2.841641567647457123e-02 2.663244120776653290e-02 3.052599541842937469e-02 1.150019373744726181e-02 4.156448692083358765e-02 1.990669220685958862e-02 2.087282575666904449e-02 6.092729791998863220e-02 6.280961632728576660e-02 1.624650508165359497e-02 1.792015880346298218e-02 2.978931181132793427e-02 5.211379006505012512e-02 1.271441206336021423e-02 9.992786683142185211e-03 3.511809185147285461e-02 6.084089726209640503e-02 3.396622836589813232e-02 1.664226874709129333e-02 3.292435035109519958e-02 1.042426377534866333e-02 4.869258031249046326e-02 2.283442579209804535e-02 3.735537454485893250e-02 2.561012096703052521e-02 3.702565655112266541e-02 3.703165799379348755e-02 3.892523795366287231e-02 1.237223763018846512e-02 7.333805412054061890e-02 7.345229387283325195e-02 5.602309014648199081e-03 1.461464911699295044e-02 6.827950477600097656e-02 1.513269171118736267e-02 1.915950141847133636e-02 5.357854999601840973e-03 2.735964022576808929e-02 2.941319718956947327e-02 1.881856657564640045e-02 2.735871076583862305e-02 2.164008037652820349e-04 1.946316100656986237e-02 9.729521349072456360e-03 2.421618672087788582e-03 2.811327949166297913e-02 1.331699173897504807e-02 1.682957634329795837e-03 1.516661234200000763e-02 1.771425083279609680e-02 4.246699681971222162e-04 4.970628768205642700e-02 2.575912885367870331e-02 2.901562489569187164e-02 4.141492024064064026e-02 5.921249743551015854e-03 1.002348214387893677e-01
1.333951652050018311e-01 1.809695959091186523e-01 2.017908170819282532e-02 2.935652853921055794e-03 3.247097879648208618e-02 4.311204701662063599e-02 8.713440597057342529e-02 1.212829798460006714e-01 8.304313756525516510e-03 3.970955684781074524e-02 1.559404283761978149e-01 1.622822508215904236e-02 1.354581415653228760e-01 5.410197004675865173e-02 8.987585455179214478e-02 1.631097123026847839e-02 2.125566126778721809e-03 2.178607136011123657e-02 7.527443766593933105e-02 1.005417783744633198e-03 1.151924859732389450e-02 1.040193736553192139e-01 4.879803862422704697e-03 2.437988668680191040e-02 5.622428376227617264e-03 1.607202365994453430e-02 4.158926382660865784e-02 1.395882479846477509e-02 2.522508986294269562e-02 1.114028599113225937e-02 7.826768606901168823e-02 1.951045589521527290e-03 3.349681198596954346e-02 3.900233283638954163e-02 2.768390253186225891e-02 3.554405644536018372e-02 5.609717220067977905e-02 2.143371105194091797e-02 1.495088730007410049e-02 4.398928210139274597e-02 4.558061063289642334e-02 7.426005788147449493e-03 6.946684443391859531e-04 5.619343370199203491e-02 5.153018515557050705e-03 4.065103456377983093e-02 3.206815943121910095e-02 7.076898962259292603e-02 1.545223686844110489e-02 8.100990206003189087e-03 3.720452636480331421e-02 1.172313094139099121e-02 3.212594240903854370e-02 3.858672827482223511e-02 3.438015282154083252e-02 2.471917541697621346e-03 4.167580045759677887e-03 4.504700750112533569e-02 2.222605980932712555e-02 2.949275635182857513e-02 3.332779556512832642e-02 3.989418968558311462e-02 2.653628401458263397e-02 2.801766432821750641e-02 4.234076291322708130e-02 9.023115038871765137e-02 4.244222771376371384e-03 1.231865771114826202e-02 7.952573709189891815e-03 6.016708910465240479e-02 1.920939236879348755e-02 6.900872290134429932e-02 5.322509258985519409e-02 2.324785664677619934e-02 5.004283040761947632e-02 2.305172011256217957e-02 4.773620516061782837e-02 2.465301565825939178e-02 2.812168188393115997e-02 1.859284937381744385e-02 7.781669497489929199e-02 2.832816354930400848e-02 5.129128228873014450e-03 2.537661697715520859e-03 3.374259918928146362e-02 5.116644781082868576e-03 3.149810805916786194e-02 6.349135935306549072e-02 2.006197161972522736e-02 3.137513622641563416e-02 1.399879227392375469e-03 7.315138727426528931e-02 4.177722334861755371e-02 5.177871882915496826e-02 3.722904250025749207e-02 4.125306010246276855e-02 1.105353329330682755e-02 1.011294499039649963e-02 1.925380341708660126e-02 3.766693919897079468e-02 1.778729818761348724e-02 3.272207453846931458e-03 2.842230536043643951e-02 3.604748984798789024e-03 9.500699117779731750e-03 2.199945040047168732e-02 5.845195800065994263e-02 5.760653689503669739e-02 5.605870112776756287e-02 3.596864268183708191e-02 5.555099621415138245e-02 2.316563762724399567e-02 1.645635254681110382e-02 1.699663698673248291e-02 1.966161839663982391e-02 2.587352180853486061e-03
