3.750576823949813843e-02 1.426808834075927734e-01 6.102247908711433411e-02 3.517876565456390381e-02 2.942411229014396667e-04 1.087671145796775818e-01 2.775388956069946289e-02 2.342570759356021881e-02 7.861726731061935425e-02 6.692866235971450806e-02 1.141623482108116150e-01 1.427953317761421204e-02 6.956939399242401123e-02 5.340868979692459106e-02 6.509674340486526489e-02 7.045043632388114929e-03 6.786159705370664597e-03 1.516728568822145462e-02 1.033653691411018372e-02 1.760074868798255920e-02 2.328437194228172302e-02 1.979003287851810455e-02 2.127156779170036316e-02 1.380917802453041077e-02 3.556837793439626694e-03 4.978637769818305969e-02 2.124830847606062889e-03 2.906097471714019775e-02 4.270042851567268372e-02 7.052867673337459564e-03 7.270323112607002258e-03 1.581069827079772949e-02 3.291671350598335266e-02 8.605225943028926849e-03 4.710855707526206970e-02 6.388979405164718628e-02 1.146144422818906605e-04 5.394084006547927856e-02 2.026108838617801666e-02 1.865723170340061188e-02 1.395338494330644608e-02 2.155611477792263031e-02 9.600052610039710999e-03 4.483266919851303101e-02 5.140941217541694641e-02 1.858244836330413818e-02 6.071337684988975525e-02 1.460599899291992188e-02 1.497183274477720261e-02 3.937390819191932678e-02 5.665455386042594910e-02 6.794964522123336792e-02 4.695062339305877686e-02 7.845651358366012573e-03 9.009423851966857910e-02 1.534576900303363800e-02 1.464930735528469086e-02 5.895278975367546082e-02 1.675051450729370117e-02 3.523769974708557129e-02 5.655614659190177917e-03 1.117044687271118164e-02 3.460254892706871033e-02 7.425804436206817627e-02 6.092388927936553955e-02 7.769139856100082397e-02 8.703126572072505951e-03 7.936368882656097412e-02 4.575455095618963242e-03 1.147550065070390701e-02 3.613241016864776611e-02 4.099530726671218872e-02 4.231413826346397400e-02 2.133641019463539124e-02 6.146760657429695129e-02 1.989043131470680237e-02 2.003580890595912933e-02 4.741543531417846680e-02 6.249896250665187836e-03 5.842673778533935547e-02 6.219696369953453541e-04 5.913276970386505127e-02 2.506043575704097748e-02 7.061336655169725418e-03 7.548408210277557373e-02 1.096719801425933838e-01 5.303076654672622681e-02 6.508205831050872803e-02 4.827366024255752563e-02 3.116343356668949127e-02 5.143048241734504700e-02 5.463612452149391174e-02 4.939394816756248474e-02 5.082353204488754272e-02 6.965581327676773071e-02 6.455101817846298218e-02 3.980072587728500366e-02 5.421891808509826660e-02 1.578680798411369324e-02 8.636948652565479279e-03 2.410523965954780579e-02 8.663381449878215790e-03 1.918680220842361450e-02 9.905646741390228271e-02 2.389277517795562744e-02 1.877883635461330414e-02 2.761920168995857239e-02 6.362490355968475342e-02 1.589976064860820770e-02 7.861495763063430786e-02 2.474495675414800644e-03 4.518995061516761780e-03 5.773793533444404602e-02 5.591435357928276062e-02 1.702600158751010895e-02 2.361229248344898224e-02
1.426808834075927734e-01 3.547070547938346863e-02 3.003356512635946274e-03 1.870708540081977844e-02 4.086529370397329330e-03 1.376766711473464966e-01 1.052317544817924500e-01 4.176739230751991272e-02 4.344237595796585083e-02 3.573431074619293213e-02 1.088551133871078491e-01 1.760288514196872711e-02 1.933903098106384277e-01 8.909796364605426788e-03 2.299214527010917664e-02 2.446785569190979004e-03 1.976389624178409576e-02 5.461570620536804199e-02 2.447486668825149536e-02 3.370544686913490295e-02 4.188635852187871933e-03 3.444312140345573425e-03 4.426721483469009399e-02 2.665206044912338257e-02 1.275760680437088013e-02 2.709328755736351013e-02 4.839763510972261429e-03 2.131157182157039642e-02 5.862953141331672668e-02 8.748320862650871277e-03 8.967905305325984955e-03 4.347054287791252136e-03 4.988983646035194397e-02 1.501081231981515884e-02 5.202455446124076843e-02 1.289698015898466110e-02 4.353973641991615295e-02 2.192891202867031097e-02 1.012493763118982315e-02 3.035261668264865875e-02 5.513023957610130310e-02 5.068220198154449463e-02 1.211033482104539871e-02 3.995868936181068420e-02 1.688438933342695236e-03 1.559524610638618469e-02 1.076878905296325684e-01 5.195526033639907837e-02 5.370585247874259949e-02 5.807431787252426147e-02 1.965041272342205048e-02 1.620843447744846344e-02 2.087907679378986359e-02 3.945615515112876892e-02 3.485925868153572083e-02 2.185323275625705719e-02 6.260155700147151947e-03 4.115571081638336182e-02 1.959035359323024750e-02 4.260725900530815125e-02 3.964791074395179749e-02 2.941618300974369049e-02 4.096027836203575134e-02 2.403618209064006805e-02 6.522507965564727783e-02 7.045492529869079590e-04 1.736635691486299038e-03 6.788630783557891846e-02 5.179717764258384705e-02 2.510432340204715729e-02 1.933433488011360168e-02 3.796228393912315369e-02 3.241646289825439453e-02 3.519248589873313904e-02 3.555648401379585266e-02 3.239490836858749390e-02 4.156310856342315674e-02 2.202671207487583160e-02 1.086519937962293625e-02 4.707611724734306335e-02 3.063306584954261780e-02 3.166617825627326965e-02 7.188399322330951691e-03 3.803475573658943176e-02 4.161594063043594360e-02 6.773380935192108154e-02 1.343551930040121078e-02 2.763614989817142487e-03 5.248212721198797226e-03 5.028345435857772827e-02 2.791296318173408508e-02 2.194561436772346497e-02 3.342469409108161926e-02 6.313473451882600784e-03 3.024609759449958801e-02 4.712870717048645020e-02 1.277503464370965958e-02 5.802611261606216431e-02 1.578256487846374512e-02 2.228681929409503937e-02 1.039466913789510727e-02 3.562318533658981323e-02 6.769494712352752686e-02 1.008826345205307007e-01 8.027440868318080902e-03 1.219253800809383392e-02 1.687177270650863647e-02 4.034256562590599060e-02 1.424930151551961899e-02 6.534080207347869873e-02 3.956293314695358276e-02 3.218300268054008484e-02 2.233264967799186707e-02 2.511140704154968262e-02 1.454123295843601227e-02 4.895678535103797913e-02
6.102247908711433411e-02 3.003356512635946274e-03 2.620042068883776665e-03 1.203192770481109619e-02 4.709181934595108032e-02 1.300186105072498322e-02 2.755660004913806915e-02 2.309706360101699829e-01 2.423141337931156158e-02 4.290431365370750427e-02 1.314900815486907959e-02 6.417819857597351074e-02 6.855391710996627808e-02 3.560851886868476868e-02 2.727429755032062531e-02 1.590388081967830658e-02 1.444903202354907990e-02 3.365182131528854370e-02 5.510360375046730042e-02 9.179220651276409626e-04 9.098433889448642731e-03 1.657827384769916534e-02 3.388312831521034241e-02 9.875811636447906494e-03 5.291922390460968018e-02 2.327667735517024994e-02 6.756793241947889328e-03 1.232055574655532837e-02 2.978833951056003571e-02 3.484393656253814697e-02 5.198550224304199219e-02 1.960511505603790283e-02 1.638099737465381622e-02 9.395445697009563446e-03 3.599619958549737930e-04 2.928223274648189545e-02 1.565589569509029388e-02 8.068053051829338074e-03 3.000205941498279572e-02 1.870757527649402618e-02 2.112537436187267303e-02 8.680909872055053711e-02 2.819691039621829987e-02 1.650680899620056152e-01 7.166893780231475830e-02 3.041410818696022034e-02 1.210350636392831802e-02 6.501751393079757690e-02 4.149200394749641418e-02 5.090434104204177856e-02 3.705248609185218811e-02 1.156291179358959198e-02 5.985941737890243530e-02 6.115092430263757706e-03 3.228568658232688904e-02 9.361697011627256870e-04 4.298446234315633774e-03 9.672994166612625122e-02 8.777669630944728851e-03 2.711721882224082947e-02 1.229737699031829834e-02 4.577405750751495361e-02 3.760967403650283813e-02 2.226271107792854309e-02 9.708214551210403442e-03 4.533512517809867859e-02 4.083135351538658142e-02 5.684540420770645142e-02 4.350514709949493408e-02 7.465740665793418884e-03 1.256391704082489014e-01 2.601422742009162903e-02 3.868503123521804810e-02 5.437832325696945190e-03 1.402510609477758408e-02 2.775131165981292725e-02 8.410836756229400635e-02 1.147535368800163269e-01 3.227990493178367615e-02 3.840833529829978943e-02 2.435003966093063354e-01 1.118250191211700439e-01 3.182632382959127426e-03 2.542348578572273254e-02 4.057984426617622375e-02 1.354683469980955124e-02 1.093265190720558167e-01 1.428552716970443726e-01 4.761996492743492126e-02 1.176256220787763596e-02 1.207078434526920319e-02 2.556517347693443298e-02 2.529246546328067780e-02 4.871758073568344116e-02 2.040442079305648804e-03 4.436521232128143311e-02 4.274469241499900818e-02 3.981046751141548157e-02 3.701684251427650452e-02 5.545807257294654846e-02 3.431353718042373657e-02 4.066540393978357315e-03 3.063472546637058258e-02 4.103226587176322937e-02 4.362820088863372803e-02 5.962632969021797180e-02 4.953872412443161011e-03 1.010998897254467010e-02 8.115085074678063393e-04 6.634865701198577881e-02 2.313586883246898651e-02 3.850063681602478027e-02 1.691803336143493652e-02 7.628923654556274414e-02 6.741727888584136963e-02 4.976006969809532166e-02
3.517876565456390381e-02 1.870708540081977844e-02 1.203192770481109619e-02 2.207826077938079834e-02 1.662141531705856323e-01 2.225987985730171204e-02 1.233658567070960999e-02 2.914892137050628662e-02 4.724743962287902832e-02 6.494948267936706543e-02 4.038830101490020752e-02 2.774391137063503265e-02 1.383432745933532715e-02 6.562492996454238892e-02 4.496601596474647522e-02 3.871995955705642700e-02 3.153792023658752441e-02 3.619985654950141907e-02 7.679599523544311523e-02 4.304887354373931885e-02 5.242951959371566772e-02 3.319644182920455933e-02 9.035569615662097931e-03 3.769512288272380829e-03 1.289233751595020294e-02 8.195319212973117828e-03 2.738684229552745819e-02 1.877760328352451324e-02 3.019586391746997833e-02 1.498486753553152084e-02 4.955532774329185486e-02 4.720367491245269775e-02 8.487245999276638031e-03 5.590243637561798096e-02 3.867828473448753357e-02 8.233447372913360596e-02 4.185774922370910645e-02 6.463572382926940918e-02 6.497996300458908081e-02 2.609763108193874359e-02 6.939147412776947021e-02 3.687293455004692078e-02 3.677464276552200317e-02 7.854876108467578888e-03 2.161869220435619354e-02 1.092008664272725582e-03 1.138316653668880463e-02 5.124651640653610229e-02 5.821132659912109375e-02 3.811285598203539848e-03 2.570546232163906097e-02 2.624553442001342773e-02 3.031197935342788696e-03 3.664355725049972534e-02 2.739666728302836418e-03 5.391196906566619873e-02 4.063679650425910950e-02 5.606597289443016052e-02 6.210609152913093567e-02 1.032944116741418839e-02 4.568530619144439697e-02 8.610062301158905029e-03 9.664387255907058716e-02 1.411116309463977814e-02 1.586511544883251190e-02 3.099719062447547913e-02 4.273808375000953674e-02 1.959685795009136200e-02 5.454295873641967773e-02 9.338794276118278503e-03 7.373388856649398804e-03 2.270695380866527557e-02 1.433862894773483276e-01 4.149859771132469177e-02 1.180152520537376404e-01 2.776934392750263214e-02 1.001477520912885666e-02 5.587505921721458435e-02 2.917263843119144440e-02 5.104443803429603577e-02 4.909045249223709106e-02 8.350501209497451782e-02 2.453883923590183258e-02 4.644555971026420593e-02 2.202015556395053864e-02 4.618096724152565002e-02 2.858587307855486870e-03 4.904837533831596375e-02 4.322631284594535828e-02 4.259704053401947021e-02 1.267102546989917755e-02 2.307267114520072937e-02 2.484187111258506775e-02 7.021818310022354126e-02 7.809248566627502441e-02 6.559127569198608398e-02 4.675761610269546509e-02 9.013921953737735748e-03 2.355176769196987152e-02 9.027025662362575531e-03 6.538338959217071533e-03 1.003362704068422318e-02 5.272396653890609741e-02 1.820851303637027740e-02 2.612748742103576660e-02 1.713602803647518158e-02 6.606282293796539307e-02 3.443101048469543457e-02 2.439404651522636414e-02 9.501978754997253418e-03 1.245002541691064835e-02 4.475685581564903259e-02 1.471494045108556747e-02 2.766267582774162292e-02 6.630229204893112183e-02 2.911279536783695221e-02
2.942411229014396667e-04 4.086529370397329330e-03 4.709181934595108032e-02 1.662141531705856323e-01 3.217958286404609680e-02 4.266590997576713562e-02 4.506623744964599609e-02 5.981262028217315674e-02 8.351312950253486633e-03 2.048915997147560120e-02 2.462620660662651062e-02 1.849908940494060516e-02 2.643892168998718262e-02 2.972281537950038910e-02 6.235980987548828125e-02 5.283790826797485352e-02 6.625837832689285278e-02 3.648019954562187195e-02 8.908250927925109863e-02 5.691312719136476517e-03 6.758024543523788452e-02 2.188576181652024388e-04 4.287610203027725220e-02 6.761346012353897095e-02 8.188496343791484833e-03 1.520794164389371872e-02 3.696396481245756149e-03 1.522330287843942642e-02 2.925373241305351257e-02 1.061183866113424301e-03 3.160659596323966980e-02 4.390856251120567322e-02 4.811260849237442017e-02 5.001701042056083679e-02 2.247284911572933197e-02 1.010261755436658859e-02 6.342335790395736694e-02 6.138690281659364700e-03 1.346308365464210510e-02 6.055416166782379150e-02 4.616391286253929138e-02 4.102006927132606506e-02 2.292250050231814384e-03 2.066444605588912964e-02 3.212846815586090088e-02 5.407844111323356628e-02 4.789952188730239868e-02 2.144095301628112793e-02 2.887379750609397888e-02 4.346024245023727417e-02 1.434367150068283081e-02 1.646739058196544647e-02 1.912089064717292786e-02 3.587678074836730957e-02 4.834265261888504028e-02 7.695335894823074341e-02 9.085770696401596069e-03 5.555436015129089355e-02 7.813286781311035156e-02 1.736593246459960938e-02 5.453814566135406494e-02 3.631577268242835999e-02 9.363319724798202515e-02 1.706926710903644562e-02 3.148635476827621460e-02 7.083129603415727615e-04 2.116311108693480492e-03 2.558103017508983612e-02 1.749914512038230896e-02 2.647512219846248627e-02 1.871775276958942413e-02 2.623588079586625099e-03 6.536383181810379028e-02 1.782954670488834381e-02 1.144218742847442627e-01 1.606073603034019470e-02 2.684241719543933868e-02 5.045119673013687134e-02 1.170036103576421738e-02 9.248135611414909363e-03 4.440487921237945557e-02 4.729410633444786072e-02 1.276971306651830673e-02 9.899773448705673218e-02 2.263150177896022797e-03 3.438993915915489197e-02 2.709577418863773346e-02 3.098846785724163055e-02 1.554959081113338470e-02 1.821979880332946777e-02 2.386122010648250580e-02 1.568184979259967804e-02 1.494961045682430267e-02 4.797959700226783752e-02 6.853432953357696533e-02 5.228844285011291504e-02 7.560098916292190552e-02 5.028531327843666077e-02 1.317679882049560547e-02 2.426004409790039062e-02 1.910394243896007538e-02 2.816793136298656464e-02 7.314285263419151306e-03 5.535003170371055603e-02 6.576578319072723389e-02 5.948841944336891174e-02 6.085009500384330750e-02 3.863536566495895386e-02 5.470165982842445374e-02 2.160507719963788986e-03 6.120087951421737671e-02 2.284866571426391602e-02 1.972761005163192749e-02 3.505942225456237793e-02 1.720150560140609741e-02 2.866983227431774139e-02
1.087671145796775818e-01 1.376766711473464966e-01 1.300186105072498322e-02 2.225987985730171204e-02 4.266590997576713562e-02 3.560250997543334961e-02 1.458806842565536499e-01 8.957376331090927124e-02 1.704077119939029217e-03 2.984145283699035645e-02 7.878029346466064453e-02 3.038475848734378815e-02 9.470845758914947510e-02 3.357887640595436096e-02 1.774981617927551270e-02 5.964956711977720261e-03 4.533113911747932434e-03 6.871926598250865936e-03 7.023691665381193161e-03 4.992694128304719925e-03 3.687880560755729675e-02 1.405516732484102249e-02 4.604532942175865173e-02 5.572780594229698181e-02 5.006247386336326599e-02 3.308540210127830505e-03 5.192439258098602295e-02 1.267657708376646042e-02 3.521315753459930420e-02 1.278192456811666489e-02 1.157838944345712662e-02 2.279138378798961639e-02 5.075171217322349548e-02 1.792176440358161926e-02 2.907920069992542267e-02 3.207362443208694458e-02 4.485305771231651306e-02 6.308210641145706177e-02 4.779373109340667725e-02 3.939009457826614380e-02 1.404331903904676437e-02 5.267642810940742493e-02 5.982395634055137634e-02 3.990827128291130066e-02 1.470726449042558670e-03 7.632149010896682739e-02 7.655546069145202637e-02 2.959261834621429443e-02 6.661508977413177490e-02 1.904959790408611298e-02 7.141662761569023132e-03 3.813577815890312195e-02 1.055478770285844803e-02 3.529082611203193665e-02 2.707042731344699860e-02 6.470428407192230225e-02 3.766756877303123474e-02 7.734530419111251831e-02 1.401245314627885818e-02 9.268223308026790619e-03 3.464799374341964722e-02 3.519153967499732971e-02 1.600158773362636566e-02 1.120744552463293076e-02 5.679836962372064590e-03 4.786655306816101074e-02 1.399323111400008202e-03 8.671356737613677979e-02 1.602467894554138184e-02 4.671370983123779297e-02 4.537617415189743042e-02 7.024534791707992554e-02 5.159988999366760254e-02 4.637987166643142700e-02 1.107508782297372818e-02 1.115335500799119473e-03 4.359650239348411560e-02 4.071616381406784058e-02 1.278516184538602829e-02 6.879200693219900131e-03 9.287761524319648743e-03 1.273209787905216217e-02 5.432241782546043396e-02 1.889973506331443787e-02 6.550257652997970581e-02 1.488144043833017349e-03 3.830013051629066467e-02 1.786965131759643555e-02 3.669118508696556091e-02 9.609401226043701172e-03 4.050200805068016052e-02 3.013121522963047028e-02 4.827449470758438110e-02 3.100181370973587036e-02 4.118517786264419556e-02 4.261772707104682922e-02 8.220271207392215729e-03 1.968080876395106316e-03 5.622434895485639572e-03 1.616106741130352020e-02 7.307074498385190964e-03 3.856694698333740234e-02 3.187412768602371216e-02 1.740231364965438843e-02 4.666236042976379395e-02 2.875272743403911591e-02 2.007473632693290710e-02 7.278139889240264893e-02 4.385672975331544876e-03 6.722117215394973755e-02 1.404838915914297104e-02 1.896668970584869385e-02 6.498450785875320435e-02 9.973788261413574219e-02 4.985253512859344482e-02 5.674314498901367188e-02
2.775388956069946289e-02 1.052317544817924500e-01 2.755660004913806915e-02 1.233658567070960999e-02 4.506623744964599609e-02 1.458806842565536499e-01 2.803598903119564056e-02 4.559795930981636047e-02 3.697097674012184143e-02 4.818432405591011047e-02 5.033838376402854919e-02 2.707869559526443481e-02 3.704778477549552917e-02 6.785851716995239258e-02 3.792513161897659302e-03 3.643000870943069458e-02 1.547219511121511459e-02 7.383957970887422562e-03 1.424054987728595734e-02 2.524414286017417908e-02 2.503187023103237152e-02 5.315761663950979710e-04 6.359243392944335938e-02 5.298056080937385559e-02 4.293325543403625488e-02 4.103594273328781128e-02 1.533416192978620529e-02 1.363580930046737194e-03 2.717262832447886467e-03 2.208489924669265747e-02 2.021285332739353180e-02 1.209290605038404465e-02 2.199592441320419312e-02 2.562852762639522552e-02 3.453564643859863281e-02 2.400288358330726624e-02 1.651335321366786957e-02 5.275254603475332260e-03 2.323203906416893005e-02 3.378444164991378784e-02 7.095666136592626572e-03 4.521059244871139526e-02 2.599170804023742676e-02 7.372599095106124878e-02 2.752986736595630646e-02 5.177307128906250000e-02 1.124862506985664368e-01 1.409856528043746948e-01 9.444147348403930664e-03 4.603848326951265335e-03 3.721291199326515198e-02 1.043509764713235199e-04 3.258350118994712830e-02 1.615224219858646393e-02 3.015309385955333710e-02 2.698939666152000427e-02 2.720435336232185364e-02 3.133310750126838684e-02 1.681075431406497955e-02 8.956626988947391510e-03 6.453326344490051270e-02 5.703425034880638123e-02 5.015710368752479553e-02 4.137971997261047363e-02 2.204055711627006531e-02 4.961797967553138733e-02 6.456790864467620850e-02 8.376156538724899292e-02 2.266234345734119415e-02 2.268922887742519379e-02 6.748311221599578857e-02 7.276539504528045654e-02 4.630352929234504700e-02 2.345751039683818817e-02 1.107111759483814240e-02 3.406871855258941650e-02 5.391088873147964478e-02 2.382534788921475410e-03 3.267039777711033821e-03 6.194146350026130676e-02 1.296713389456272125e-02 3.763499110937118530e-02 6.191177666187286377e-02 5.242833867669105530e-02 4.821151494979858398e-02 1.155879534780979156e-02 5.335587263107299805e-02 5.662006326019763947e-03 2.271587401628494263e-02 2.950703166425228119e-02 2.588456682860851288e-02 5.492108315229415894e-02 3.807789832353591919e-02 2.747133001685142517e-02 2.543130703270435333e-02 4.697047639638185501e-03 2.816979214549064636e-02 6.661072839051485062e-03 3.223857656121253967e-02 3.144142404198646545e-02 1.110948249697685242e-02 2.908514626324176788e-02 2.436272427439689636e-02 4.693488404154777527e-02 3.012785501778125763e-02 5.351147614419460297e-03 1.165520679205656052e-02 6.925895065069198608e-02 2.030299045145511627e-02 4.460993036627769470e-02 1.732715591788291931e-02 5.449008196592330933e-02 2.087834104895591736e-02 4.581717029213905334e-02 3.429292887449264526e-02 6.867835670709609985e-02
2.342570759356021881e-02 4.176739230751991272e-02 2.309706360101699829e-01 2.914892137050628662e-02 5.981262028217315674e-02 8.957376331090927124e-02 4.559795930981636047e-02 2.705073893594089895e-05 1.103243511170148849e-02 4.763130098581314087e-03 1.632984541356563568e-02 7.386306673288345337e-02 3.400398790836334229e-02 2.653153426945209503e-02 6.275907903909683228e-02 4.525379091501235962e-02 5.080850049853324890e-02 2.820015326142311096e-02 3.516320511698722839e-02 1.279875729233026505e-02 6.368929892778396606e-02 1.431336859241127968e-03 3.794046118855476379e-02 1.336588617414236069e-02 9.975513815879821777e-02 5.287477001547813416e-02 1.266277767717838287e-02 6.239987164735794067e-02 3.578798100352287292e-02 4.287479445338249207e-02 6.436864845454692841e-03 2.516913600265979767e-02 3.332923352718353271e-02 3.999192267656326294e-02 1.720232516527175903e-02 4.599941149353981018e-02 5.301264300942420959e-02 4.910551942884922028e-03 7.398359477519989014e-02 3.760795295238494873e-02 7.089801877737045288e-02 2.920539118349552155e-02 9.862320870161056519e-02 7.629855722188949585e-02 6.473026424646377563e-02 4.250691458582878113e-02 9.641624055802822113e-03 2.486686781048774719e-02 1.676177792251110077e-02 4.518767818808555603e-02 7.598818093538284302e-02 8.711075037717819214e-02 3.648750111460685730e-02 3.120592050254344940e-02 2.043994329869747162e-02 3.973659500479698181e-02 5.423671007156372070e-02 6.821890175342559814e-02 5.108823254704475403e-02 4.853414371609687805e-02 4.609367996454238892e-02 4.646369069814682007e-02 2.975621493533253670e-03 2.103304304182529449e-02 2.540058083832263947e-02 1.589148491621017456e-02 1.743169315159320831e-02 1.047037169337272644e-01 1.006262004375457764e-02 2.137325890362262726e-02 1.066607907414436340e-01 2.797342091798782349e-02 1.589529961347579956e-02 5.220086127519607544e-02 9.061787277460098267e-03 7.656334433704614639e-03 1.356867235153913498e-02 8.164718747138977051e-02 1.518725976347923279e-02 3.660479933023452759e-02 2.283091545104980469e-01 1.050322651863098145e-01 2.377807162702083588e-02 5.681914091110229492e-02 1.049849838018417358e-01 6.680834572762250900e-03 4.346084222197532654e-02 1.448521111160516739e-02 2.758806571364402771e-03 3.205422312021255493e-02 7.179658859968185425e-03 3.603072464466094971e-02 7.684180140495300293e-02 1.488924119621515274e-02 6.799110770225524902e-02 1.303285919129848480e-02 2.240445278584957123e-02 1.529884431511163712e-02 3.706371784210205078e-02 3.872301802039146423e-02 2.606121078133583069e-02 1.077727600932121277e-02 1.866097562015056610e-02 3.176775574684143066e-02 7.014085352420806885e-02 4.785113781690597534e-02 4.678587988018989563e-02 1.735044829547405243e-02 3.152817860245704651e-02 3.105502575635910034e-03 4.466562718152999878e-02 2.441787160933017731e-02 1.139454618096351624e-01 8.412885665893554688e-02 3.126958757638931274e-02 7.524382788687944412e-03
7.861726731061935425e-02 4.344237595796585083e-02 2.423141337931156158e-02 4.724743962287902832e-02 8.351312950253486633e-03 1.704077119939029217e-03 3.697097674012184143e-02 1.103243511170148849e-02 3.047535941004753113e-02 6.906201690435409546e-02 3.668816760182380676e-02 4.960268735885620117e-02 3.203309699892997742e-02 7.331955432891845703e-02 6.663405802100896835e-03 3.841806575655937195e-02 4.069443047046661377e-02 1.129587590694427490e-01 9.888970851898193359e-02 1.969448849558830261e-02 6.561245024204254150e-02 3.179258108139038086e-02 5.613969173282384872e-03 3.759058564901351929e-02 4.980105906724929810e-03 7.923141121864318848e-02 7.325382903218269348e-03 2.497527003288269043e-02 3.360510570928454399e-03 1.051732152700424194e-01 4.651211574673652649e-02 3.502404084429144859e-03 1.283345930278301239e-02 3.519574552774429321e-02 1.307622939348220825e-01 2.176750451326370239e-02 4.714564885944128036e-03 2.077452372759580612e-03 1.161436177790164948e-02 3.870925400406122208e-03 1.004547253251075745e-02 8.293355256319046021e-02 4.383344575762748718e-02 1.829958055168390274e-03 3.641639649868011475e-02 5.444136634469032288e-02 4.577760398387908936e-02 7.280275970697402954e-02 9.489072859287261963e-02 1.418207539245486259e-04 1.870494708418846130e-02 4.821019619703292847e-02 4.069507867097854614e-02 2.757333219051361084e-02 1.188238412141799927e-01 6.724231690168380737e-02 8.419851213693618774e-02 4.540919512510299683e-02 3.054680116474628448e-02 4.841459542512893677e-02 6.279905885457992554e-02 4.279614984989166260e-02 4.713657870888710022e-02 6.240985915064811707e-02 7.563019171357154846e-03 9.074046276509761810e-03 1.400760561227798462e-02 1.152589451521635056e-02 1.041098013520240784e-01 2.892759069800376892e-02 5.841376632452011108e-02 1.269806455820798874e-02 8.533512242138385773e-03 3.402101248502731323e-02 2.143288031220436096e-02 7.577008008956909180e-02 1.959627121686935425e-01 7.325926423072814941e-02 7.815174013376235962e-02 8.672932535409927368e-02 8.931603282690048218e-03 1.125724334269762039e-02 1.427249014377593994e-01 3.200724720954895020e-02 3.654042631387710571e-02 1.394597347825765610e-02 1.598067954182624817e-02 3.095841500908136368e-03 1.072652041912078857e-01 4.486993700265884399e-02 4.475783091038465500e-03 4.741677641868591309e-02 6.637354847043752670e-03 3.229413554072380066e-02 1.874669641256332397e-02 4.356808494776487350e-03 3.693219739943742752e-03 5.650831758975982666e-02 1.470228470861911774e-02 1.315651368349790573e-02 1.051608379930257797e-02 3.334003314375877380e-02 4.063216224312782288e-02 5.175904184579849243e-02 2.694987319409847260e-02 2.454317873343825340e-03 4.813280422240495682e-03 3.749756515026092529e-02 6.189258396625518799e-02 5.001866817474365234e-02 1.358882617205381393e-02 4.011227935552597046e-02 1.260683778673410416e-02 6.779401004314422607e-02 4.351752996444702148e-02 4.739131778478622437e-02
6.692866235971450806e-02 3.573431074619293213e-02 4.290431365370750427e-02 6.494948267936706543e-02 2.048915997147560120e-02 2.984145283699035645e-02 4.818432405591011047e-02 4.763130098581314087e-03 6.906201690435409546e-02 3.492638701573014259e-03 5.763062089681625366e-02 2.482916973531246185e-02 5.938042700290679932e-02 8.705046027898788452e-02 2.964123850688338280e-03 3.247684985399246216e-02 3.587125986814498901e-02 5.127405375242233276e-02 5.742987990379333496e-02 2.781830914318561554e-02 6.055619940161705017e-02 1.390030886977910995e-02 3.307137265801429749e-02 2.140728756785392761e-02 3.261956572532653809e-02 2.566515468060970306e-02 6.877538748085498810e-03 2.836442552506923676e-02 9.154749102890491486e-03 8.249697834253311157e-02 8.265301585197448730e-02 3.927692025899887085e-02 4.882623907178640366e-03 2.309030480682849884e-02 4.928259178996086121e-02 4.857639968395233154e-02 3.995078429579734802e-02 4.271888360381126404e-02 8.718471974134445190e-03 1.309713814407587051e-03 6.208500638604164124e-02 4.184586182236671448e-02 7.040132768452167511e-03 4.307340085506439209e-02 1.005068048834800720e-01 7.563361432403326035e-03 8.189103007316589355e-02 8.514288812875747681e-02 1.423472352325916290e-02 1.078920438885688782e-01 7.987881079316139221e-03 7.371319830417633057e-02 2.545969001948833466e-02 9.045124985277652740e-03 4.267716780304908752e-03 3.635944053530693054e-02 4.947541281580924988e-02 4.826713725924491882e-02 8.257450535893440247e-03 9.767368464963510633e-05 4.110479354858398438e-02 6.288610398769378662e-02 4.083733633160591125e-02 3.574368357658386230e-02 6.491556763648986816e-02 3.967469185590744019e-02 1.331124361604452133e-02 4.798372741788625717e-03 2.691235160455107689e-03 3.778995946049690247e-02 1.787211932241916656e-02 6.894157826900482178e-02 3.034285968169569969e-03 2.095892094075679779e-02 1.965790614485740662e-02 6.607940793037414551e-02 1.324429363012313843e-02 2.138745635747909546e-01 5.264281481504440308e-02 1.538235247135162354e-01 2.084257639944553375e-02 4.406847432255744934e-02 5.153202265501022339e-02 7.807173579931259155e-02 8.407309651374816895e-03 3.205671161413192749e-02 6.639932747930288315e-03 2.684492804110050201e-02 2.771018072962760925e-03 1.646754890680313110e-02 3.720657899975776672e-02 2.756117284297943115e-02 2.848580665886402130e-02 4.543123021721839905e-02 1.495056599378585815e-02 2.583996206521987915e-02 5.874365195631980896e-02 3.934684395790100098e-02 5.126761645078659058e-02 3.983654081821441650e-02 3.723354637622833252e-02 2.708205580711364746e-02 1.815432123839855194e-02 3.724202141165733337e-02 5.524089187383651733e-02 3.116549737751483917e-02 3.052488714456558228e-02 1.708301831968128681e-03 8.081142604351043701e-02 4.724796488881111145e-02 2.001191303133964539e-02 7.609015703201293945e-02 1.316168927587568760e-03 9.865438938140869141e-02 9.875237941741943359e-03 1.988841919228434563e-03
1.141623482108116150e-01 1.088551133871078491e-01 1.314900815486907959e-02 4.038830101490020752e-02 2.462620660662651062e-02 7.878029346466064453e-02 5.033838376402854919e-02 1.632984541356563568e-02 3.668816760182380676e-02 5.763062089681625366e-02 2.684554271399974823e-02 1.380296889692544937e-02 2.315474450588226318e-01 9.112316183745861053e-03 3.171350434422492981e-02 1.164210028946399689e-02 2.109234221279621124e-02 1.019131299108266830e-02 8.668761700391769409e-03 7.119524758309125900e-03 1.830993220210075378e-02 6.032495200634002686e-02 6.247342377901077271e-02 2.866060100495815277e-02 5.227041989564895630e-02 4.517604038119316101e-02 3.739227354526519775e-02 6.187867745757102966e-02 1.424426864832639694e-02 1.326048839837312698e-02 4.217805340886116028e-02 3.641332732513546944e-03 1.254937704652547836e-02 2.549325488507747650e-02 5.837380513548851013e-02 2.330493880435824394e-03 1.890579611063003540e-02 4.651379957795143127e-02 4.562700167298316956e-02 1.160231325775384903e-02 1.885445415973663330e-02 3.210072219371795654e-02 2.860258892178535461e-02 1.258654892444610596e-01 2.378338389098644257e-02 1.346734166145324707e-02 8.207581937313079834e-02 2.428223565220832825e-02 1.602997072041034698e-03 1.195525843650102615e-02 2.111885882914066315e-02 4.884450882673263550e-02 3.105836547911167145e-02 3.669117391109466553e-02 1.437705010175704956e-03 1.199583336710929871e-02 7.589626125991344452e-03 3.942939639091491699e-02 5.205812398344278336e-03 3.008295409381389618e-02 6.170516717247664928e-04 1.219084933400154114e-01 4.034086689352989197e-02 2.936266548931598663e-02 1.268357634544372559e-01 2.893133088946342468e-02 3.056466579437255859e-02 2.948945760726928711e-02 1.307582575827836990e-02 1.436902675777673721e-02 5.500087514519691467e-02 1.358939521014690399e-02 2.255538664758205414e-02 1.103130914270877838e-02 1.226647198200225830e-02 1.187952794134616852e-02 6.593878846615552902e-03 2.135811187326908112e-02 4.536083340644836426e-02 4.517501592636108398e-02 7.977324724197387695e-02 4.939690604805946350e-02 6.174869090318679810e-02 3.194033401086926460e-03 4.884525761008262634e-02 9.644944965839385986e-02 3.374149650335311890e-02 1.404397044098004699e-04 2.322134375572204590e-02 2.260320819914340973e-02 5.567966774106025696e-02 7.958784699440002441e-02 3.311904519796371460e-02 3.179255500435829163e-02 4.454736039042472839e-02 2.218274772167205811e-02 5.255685746669769287e-02 4.957439005374908447e-02 9.626881778240203857e-02 7.605851441621780396e-02 3.241787478327751160e-02 3.357563540339469910e-02 2.955837734043598175e-02 7.264152914285659790e-02 3.126004710793495178e-02 7.398262619972229004e-02 7.928161323070526123e-02 9.470328805036842823e-04 4.725636169314384460e-02 2.990550175309181213e-02 2.567969821393489838e-02 8.527410216629505157e-03 3.031521476805210114e-02 7.124085724353790283e-02 3.352619707584381104e-03 7.080390304327011108e-02
1.427953317761421204e-02 1.760288514196872711e-02 6.417819857597351074e-02 2.774391137063503265e-02 1.849908940494060516e-02 3.038475848734378815e-02 2.707869559526443481e-02 7.386306673288345337e-02 4.960268735885620117e-02 2.482916973531246185e-02 1.380296889692544937e-02 1.884988881647586823e-02 4.803372547030448914e-02 2.763454318046569824e-01 1.263255439698696136e-02 8.813772350549697876e-02 5.504425615072250366e-02 2.481521293520927429e-02 3.114335238933563232e-02 4.179934039711952209e-02 1.769288256764411926e-02 1.906703785061836243e-02 6.533508747816085815e-02 7.441893965005874634e-02 2.648129127919673920e-02 1.127073541283607483e-02 1.482736039906740189e-02 1.504619568586349487e-01 4.050534218549728394e-02 1.205907762050628662e-01 2.749463170766830444e-02 2.938709454610943794e-03 5.975306406617164612e-02 4.529409483075141907e-02 1.031499169766902924e-02 2.738933451473712921e-02 5.495472997426986694e-02 4.233326390385627747e-02 5.502932146191596985e-02 8.708433061838150024e-02 4.678429290652275085e-02 1.195784099400043488e-02 5.821089074015617371e-02 7.092364132404327393e-02 5.857748538255691528e-02 3.611320257186889648e-02 1.783827692270278931e-02 5.993280187249183655e-02 3.901013359427452087e-02 1.313478350639343262e-01 9.583386778831481934e-02 7.216204702854156494e-02 4.199946299195289612e-02 4.155379720032215118e-03 6.060116924345493317e-03 1.661528497934341431e-01 4.817921668291091919e-02 2.425879053771495819e-02 1.669856719672679901e-02 3.107538679614663124e-03 5.129580572247505188e-02 1.945873163640499115e-02 1.497397758066654205e-02 1.513806916773319244e-02 5.390950012952089310e-03 2.974264882504940033e-02 1.832005754113197327e-02 2.672216296195983887e-02 2.961730351671576500e-03 3.139089420437812805e-02 8.169010281562805176e-02 5.597772076725959778e-03 3.063700534403324127e-02 1.846070960164070129e-02 8.318477869033813477e-02 6.404479965567588806e-03 5.822694674134254456e-02 5.034494400024414062e-02 5.972785130143165588e-02 5.743961408734321594e-02 6.658998876810073853e-02 3.901726752519607544e-02 4.531576856970787048e-02 1.164939813315868378e-02 4.841388389468193054e-02 4.550534486770629883e-02 3.460089676082134247e-03 1.750585995614528656e-02 2.461052266880869865e-03 6.116985902190208435e-02 5.289160087704658508e-02 6.518014520406723022e-02 3.227707743644714355e-02 2.223531901836395264e-02 3.110377117991447449e-02 5.403667315840721130e-02 2.530574984848499298e-02 5.488343164324760437e-02 2.976665087044239044e-02 8.045986294746398926e-02 1.963143702596426010e-03 5.445828661322593689e-03 9.748050011694431305e-03 3.697321563959121704e-02 1.696830801665782928e-02 4.053633601870387793e-04 1.141508202999830246e-02 4.622388258576393127e-02 3.355424106121063232e-02 4.159575700759887695e-02 7.586408406496047974e-02 4.962820932269096375e-02 5.801705643534660339e-02 6.999525427818298340e-02 2.402494428679347038e-03 2.076552808284759521e-02
6.956939399242401123e-02 1.933903098106384277e-01 6.855391710996627808e-02 1.383432745933532715e-02 2.643892168998718262e-02 9.470845758914947510e-02 3.704778477549552917e-02 3.400398790836334229e-02 3.203309699892997742e-02 5.938042700290679932e-02 2.315474450588226318e-01 4.803372547030448914e-02 2.592410892248153687e-02 8.168095722794532776e-03 5.688725411891937256e-02 1.339880935847759247e-02 8.953337557613849640e-03 3.786790370941162109e-02 4.403855279088020325e-02 9.231408685445785522e-02 3.656891360878944397e-02 5.056739971041679382e-02 4.352711886167526245e-02 2.648873813450336456e-02 1.098505593836307526e-02 4.552718251943588257e-02 3.411520039662718773e-03 1.231014146469533443e-03 7.056667935103178024e-03 2.811395190656185150e-02 8.427190035581588745e-02 3.047857247292995453e-02 3.135223686695098877e-02 2.070471830666065216e-02 1.955485716462135315e-02 2.283393405377864838e-02 1.722456701099872589e-02 1.640208996832370758e-02 2.808653190732002258e-02 2.187632955610752106e-02 8.837183937430381775e-03 3.295092657208442688e-02 2.332910895347595215e-02 9.237835556268692017e-02 3.545532375574111938e-02 4.546210542321205139e-02 3.730766475200653076e-02 1.786134205758571625e-02 1.130980253219604492e-02 2.553935162723064423e-02 9.510113298892974854e-02 1.168841272592544556e-01 1.276337821036577225e-02 5.950835999101400375e-03 4.350411891937255859e-02 3.858328983187675476e-02 8.677386678755283356e-03 7.905037701129913330e-02 2.227381244301795959e-02 2.744469605386257172e-02 9.935952723026275635e-03 7.934814691543579102e-02 2.311970852315425873e-02 6.842950358986854553e-03 9.119134629145264626e-04 6.110157445073127747e-02 4.269262030720710754e-02 9.089056402444839478e-02 1.006746292114257812e-02 5.577540025115013123e-02 5.589182302355766296e-02 5.102784559130668640e-02 1.974136941134929657e-02 1.495910156518220901e-02 2.968966774642467499e-02 5.358637869358062744e-02 2.477699704468250275e-02 3.511617332696914673e-02 7.242141291499137878e-03 7.902019657194614410e-03 7.821375131607055664e-02 5.968178156763315201e-03 3.517756983637809753e-02 5.194569751620292664e-02 3.621225431561470032e-02 1.351620187051594257e-03 1.697999425232410431e-02 3.062552958726882935e-02 4.311379045248031616e-02 3.870165720582008362e-02 4.152037575840950012e-02 3.221070393919944763e-02 5.577131360769271851e-02 2.023878321051597595e-02 2.127956040203571320e-02 6.519411504268646240e-02 1.127939578145742416e-02 9.404444135725498199e-03 3.797740209847688675e-03 1.249483320862054825e-02 5.973632633686065674e-02 9.992460161447525024e-02 3.185448050498962402e-02 2.939466759562492371e-02 5.898969247937202454e-02 3.366895020008087158e-02 7.021542638540267944e-02 2.876549772918224335e-02 2.886042185127735138e-02 3.635887801647186279e-02 3.761802613735198975e-02 5.124468822032213211e-03 2.859624102711677551e-03 1.022457052022218704e-02 2.656934596598148346e-02 6.914104521274566650e-02
