1.367758363485336304e-01 9.273984283208847046e-02 4.351069405674934387e-02 4.399359598755836487e-02 7.769432384520769119e-03 7.664593309164047241e-02 6.847400218248367310e-02 3.657792136073112488e-02 9.561765007674694061e-03 5.078093707561492920e-02 9.173135459423065186e-02 1.423384156078100204e-02 7.486595958471298218e-02 3.714764863252639771e-02 1.553457230329513550e-02 3.221829608082771301e-02 2.808301523327827454e-02 3.491764515638351440e-02 2.473873784765601158e-03 1.929656229913234711e-02 1.343497168272733688e-02 1.067336928099393845e-02 5.300314724445343018e-02 2.631167508661746979e-02 1.970461942255496979e-02 1.737586408853530884e-02 5.031020566821098328e-02 1.381224207580089569e-02 2.272194437682628632e-02 1.683445461094379425e-02 4.511187598109245300e-02 2.122269012033939362e-02 2.754621766507625580e-02 3.544390201568603516e-02 1.459460426121950150e-02 3.893502801656723022e-02 9.032757021486759186e-03 6.267878343351185322e-04 3.191766887903213501e-02 4.005440697073936462e-02 4.930522292852401733e-02 3.498702775686979294e-03 1.853242889046669006e-02 1.303711067885160446e-02 6.569641642272472382e-03 1.183895673602819443e-02 6.973312795162200928e-02 4.289723560214042664e-02 1.244105026125907898e-02 2.986490912735462189e-02 5.267689749598503113e-02 1.287279278039932251e-02 8.024098351597785950e-03 1.721248403191566467e-02 9.229536168277263641e-03 2.746508456766605377e-02 2.367608435451984406e-02 7.381842937320470810e-03 4.714825190603733063e-03 2.214106731116771698e-02 4.582891613245010376e-02 3.770207613706588745e-02 2.772319503128528595e-02 1.094166841357946396e-02 7.580176461488008499e-03 4.092335328459739685e-02 8.437085896730422974e-03 5.856016278266906738e-02 8.246492594480514526e-03 4.716955870389938354e-02 6.567736715078353882e-02 1.374269556254148483e-02 3.936755005270242691e-03 6.039001420140266418e-02 1.189799606800079346e-02 2.551084011793136597e-02 4.001822322607040405e-02 6.096543278545141220e-03 1.359470468014478683e-02 1.573581621050834656e-02 4.907554015517234802e-02 1.877033337950706482e-02 3.504022955894470215e-02 2.544572949409484863e-02 2.833293285220861435e-03 1.721224375069141388e-02 3.623727709054946899e-03 2.427948638796806335e-02 2.681642398238182068e-02 3.451474383473396301e-02 5.527573078870773315e-02 8.171883225440979004e-02 4.232544824481010437e-02 3.819789737462997437e-03 1.261660945601761341e-03 1.126729231327772141e-02 7.069868594408035278e-02 7.024139910936355591e-02 3.303611651062965393e-02 2.315400727093219757e-02 9.831251576542854309e-03 5.774580687284469604e-02 4.135861992835998535e-02 1.724808476865291595e-02 9.495012462139129639e-03 5.086860805749893188e-02 5.471794866025447845e-03 3.812434617429971695e-03 3.866789862513542175e-02 5.380792543292045593e-02 2.888324856758117676e-02 7.430886477231979370e-02 2.333652414381504059e-02 4.011118318885564804e-03 2.484744042158126831e-02 4.016469232738018036e-03
9.273984283208847046e-02 1.322884410619735718e-01 4.269322380423545837e-02 5.009086802601814270e-02 2.822477743029594421e-02 6.385671347379684448e-02 8.397465199232101440e-02 9.377900278195738792e-04 2.490836568176746368e-02 5.420473590493202209e-02 6.693436205387115479e-02 1.230208296328783035e-02 7.509154826402664185e-02 4.969274625182151794e-02 3.241083025932312012e-02 1.777714863419532776e-02 1.186892762780189514e-02 5.115226656198501587e-02 4.440952837467193604e-02 2.652209019288420677e-03 2.071061357855796814e-02 5.791714880615472794e-03 1.561856362968683243e-02 7.285689469426870346e-03 3.128831833600997925e-02 1.578961312770843506e-02 4.827035591006278992e-02 3.616801649332046509e-02 1.072106324136257172e-02 1.890089549124240875e-02 3.066090680658817291e-02 5.207679048180580139e-02 1.435152720659971237e-02 2.199301496148109436e-02 9.880815632641315460e-03 3.198355063796043396e-02 2.147118374705314636e-02 1.339163258671760559e-02 2.484961412847042084e-02 3.117945417761802673e-02 5.885442718863487244e-03 1.068653538823127747e-02 2.270530164241790771e-02 8.177560567855834961e-02 1.697379862889647484e-03 1.767560839653015137e-02 4.185879975557327271e-02 3.485389426350593567e-02 4.473514109849929810e-02 1.776358671486377716e-02 6.934011727571487427e-02 4.875452443957328796e-02 1.765553839504718781e-02 2.325932309031486511e-02 3.448135778307914734e-02 6.624131649732589722e-02 2.794156596064567566e-02 3.063395852223038673e-03 3.206395311281085014e-03 2.857373654842376709e-02 2.577646262943744659e-02 6.107487250119447708e-03 2.313521318137645721e-02 1.785598509013652802e-02 2.179164066910743713e-02 3.080762922763824463e-02 2.326244721189141273e-04 4.371392354369163513e-02 3.752650320529937744e-02 4.291761294007301331e-02 6.757538765668869019e-02 3.368230164051055908e-02 1.770867593586444855e-02 6.835070252418518066e-02 1.313220150768756866e-02 3.691267920657992363e-03 1.878948323428630829e-02 3.363786265254020691e-02 4.987124819308519363e-03 1.671707443892955780e-02 1.804840564727783203e-02 3.590769693255424500e-02 9.538089856505393982e-03 3.316686674952507019e-02 2.427130704745650291e-03 1.109378691762685776e-02 1.418449357151985168e-02 3.467023745179176331e-02 2.392776869237422943e-02 1.150857191532850266e-02 3.957143425941467285e-02 6.005972251296043396e-02 4.401295632123947144e-02 1.031960546970367432e-02 2.066955715417861938e-02 2.591066993772983551e-02 5.240169167518615723e-02 6.718755513429641724e-02 3.699246793985366821e-02 3.282472491264343262e-02 3.102738223969936371e-02 1.374780572950839996e-02 4.052832350134849548e-02 2.099291980266571045e-02 2.235278673470020294e-02 3.609414771199226379e-02 9.383484721183776855e-03 9.572249837219715118e-03 3.964374214410781860e-02 2.966975048184394836e-02 3.558717668056488037e-02 1.086746230721473694e-01 3.102553822100162506e-02 1.272097416222095490e-02 2.496707439422607422e-02 4.278077743947505951e-03
4.351069405674934387e-02 4.269322380423545837e-02 8.923645317554473877e-02 4.108701273798942566e-02 2.675617812201380730e-03 4.524647444486618042e-02 5.159429856576025486e-04 8.104784786701202393e-02 2.302586846053600311e-02 4.702130332589149475e-02 1.401656307280063629e-02 6.089242920279502869e-02 7.149531040340662003e-03 5.133097991347312927e-03 3.573077544569969177e-02 4.370678588747978210e-02 5.203116685152053833e-02 3.392362594604492188e-02 2.222196198999881744e-02 1.061561889946460724e-02 8.017394691705703735e-03 2.631587162613868713e-02 3.235155483707785606e-03 2.576741762459278107e-02 6.071366951800882816e-04 6.013192981481552124e-02 6.535119563341140747e-02 4.145882278680801392e-02 4.677449166774749756e-02 2.150814421474933624e-02 3.350488469004631042e-02 7.721845759078860283e-04 5.369526520371437073e-02 4.613223299384117126e-02 6.152417883276939392e-02 2.061787527054548264e-03 2.517090179026126862e-02 7.130037993192672729e-02 4.430508613586425781e-02 3.956165909767150879e-02 6.613743305206298828e-02 3.230801224708557129e-02 6.978013366460800171e-02 4.162094742059707642e-02 3.203684836626052856e-02 2.260738256154581904e-04 3.615365549921989441e-02 6.945653818547725677e-03 6.814525276422500610e-02 4.726175591349601746e-02 5.076055228710174561e-02 1.077842083759605885e-03 2.236505039036273956e-02 2.345506101846694946e-02 5.794601514935493469e-03 3.123139590024948120e-02 4.616846144199371338e-02 4.721062257885932922e-02 2.297062985599040985e-02 4.339839145541191101e-02 7.748366147279739380e-02 3.245166502892971039e-03 1.071263477206230164e-02 3.925728425383567810e-02 4.840369895100593567e-02 1.241575274616479874e-02 3.041268698871135712e-02 1.906867697834968567e-02 4.803413152694702148e-02 7.042463123798370361e-02 1.484166271984577179e-02 5.331899970769882202e-02 1.877937838435173035e-02 8.522228896617889404e-02 5.247760564088821411e-03 2.300078235566616058e-02 6.971466820687055588e-03 4.091669619083404541e-02 4.279929399490356445e-02 2.497035078704357147e-02 7.904615998268127441e-02 8.763770759105682373e-02 9.759970940649509430e-03 1.422168407589197159e-02 5.861289054155349731e-02 9.068039804697036743e-02 5.813674256205558777e-02 5.843057483434677124e-02 2.439458109438419342e-02 7.597779389470815659e-03 1.527069695293903351e-02 3.662069514393806458e-02 1.146394666284322739e-02 5.561590567231178284e-02 2.279890328645706177e-02 1.256258692592382431e-02 2.169889956712722778e-02 6.971920281648635864e-02 7.028530538082122803e-02 1.091952398419380188e-01 3.118354640901088715e-02 2.382663264870643616e-02 8.599523454904556274e-03 2.023207396268844604e-02 3.044306533411145210e-03 3.231160715222358704e-02 1.289923302829265594e-02 6.690363585948944092e-02 2.126778662204742432e-02 3.224247694015502930e-02 1.335464715957641602e-01 1.312146782875061035e-01 5.961740761995315552e-02 8.183186501264572144e-02 4.533978551626205444e-02 6.909958273172378540e-02
4.399359598755836487e-02 5.009086802601814270e-02 4.108701273798942566e-02 1.271255910396575928e-01 1.126263067126274109e-01 2.859784662723541260e-02 3.921081498265266418e-02 4.435048997402191162e-02 5.463974177837371826e-02 4.768116027116775513e-02 1.461148727685213089e-02 2.523398259654641151e-03 8.022859692573547363e-03 7.360143214464187622e-02 2.439707750454545021e-03 8.680222928524017334e-02 1.825182000175118446e-03 1.757122389972209930e-02 1.604615338146686554e-02 1.083925459533929825e-02 5.672379583120346069e-02 5.708286166191101074e-02 5.719034373760223389e-02 2.858819067478179932e-02 3.687478974461555481e-02 2.863645553588867188e-03 1.190269272774457932e-02 5.004706606268882751e-02 1.464205910451710224e-03 4.683149233460426331e-02 1.828790083527565002e-02 4.231138899922370911e-02 7.002007216215133667e-03 2.932644821703433990e-02 3.448611125349998474e-02 5.861734598875045776e-02 2.926137298345565796e-02 5.882521346211433411e-02 6.398279964923858643e-02 9.058960527181625366e-02 3.040101379156112671e-02 5.600772798061370850e-02 4.603601247072219849e-02 1.359528210014104843e-02 2.283336035907268524e-02 6.010280922055244446e-02 1.307397894561290741e-02 1.685192994773387909e-02 2.114112861454486847e-02 5.057903006672859192e-02 1.434988575056195259e-03 1.725802011787891388e-02 6.338115781545639038e-02 6.284881383180618286e-03 3.579747676849365234e-02 2.959165722131729126e-02 5.484489351511001587e-02 3.814887022599577904e-04 7.092181593179702759e-02 2.567835152149200439e-02 3.855977905914187431e-03 8.677798509597778320e-02 4.889427684247493744e-03 8.108710497617721558e-02 3.151610493659973145e-02 2.318180724978446960e-02 5.671607330441474915e-02 7.084109634160995483e-02 3.792616352438926697e-02 1.500926073640584946e-02 1.514382287859916687e-02 5.930170789361000061e-02 1.282832175493240356e-01 1.330049987882375717e-02 7.519202679395675659e-02 2.031312696635723114e-02 4.916086420416831970e-02 9.697759896516799927e-02 2.551624551415443420e-03 5.507126823067665100e-02 2.678151987493038177e-02 2.167549915611743927e-02 1.626832783222198486e-02 3.064072318375110626e-02 8.865908719599246979e-03 3.819376602768898010e-02 2.107115089893341064e-02 1.656268723309040070e-02 4.185573384165763855e-02 2.601428888738155365e-02 2.794381976127624512e-02 5.084843933582305908e-02 9.099125862121582031e-03 3.656558925285935402e-03 6.029720231890678406e-02 5.766038969159126282e-02 2.205932326614856720e-02 5.711419880390167236e-02 2.132522687315940857e-02 5.483712628483772278e-02 1.276629418134689331e-02 5.990644171833992004e-02 6.743988487869501114e-03 4.374019801616668701e-02 3.278612345457077026e-02 3.334699664264917374e-03 1.447072811424732208e-02 1.426292117685079575e-02 3.563299030065536499e-02 3.393822908401489258e-02 2.879184857010841370e-02 5.379555746912956238e-02 3.146803379058837891e-02 5.133661255240440369e-02 5.729126743972301483e-03 5.054314061999320984e-02
7.769432384520769119e-03 2.822477743029594421e-02 2.675617812201380730e-03 1.126263067126274109e-01 1.191399171948432922e-01 3.660163283348083496e-02 1.181765459477901459e-03 3.472183272242546082e-02 9.379114210605621338e-02 1.091356389224529266e-02 1.630194857716560364e-02 5.306364223361015320e-02 9.246462141163647175e-04 4.203166440129280090e-02 5.217191204428672791e-02 1.302195992320775986e-02 1.783169433474540710e-02 6.101490557193756104e-02 7.792952470481395721e-03 5.487439781427383423e-02 9.652297943830490112e-02 1.066534593701362610e-02 4.152766615152359009e-02 5.808534100651741028e-02 1.881048269569873810e-02 3.054227679967880249e-03 2.831966616213321686e-02 1.556633505970239639e-03 3.318818286061286926e-02 2.017513848841190338e-02 4.937347490340471268e-03 5.386614240705966949e-03 2.299510687589645386e-02 1.560387481003999710e-02 3.913287073373794556e-02 6.635603308677673340e-02 6.498558819293975830e-02 7.267008721828460693e-02 5.941256880760192871e-02 1.250965148210525513e-01 6.621066480875015259e-03 4.972339794039726257e-02 3.225005418062210083e-02 5.359195172786712646e-02 2.655995078384876251e-02 7.765066344290971756e-03 8.363745175302028656e-03 1.687887683510780334e-02 3.817535191774368286e-02 3.969255089759826660e-02 3.452975675463676453e-02 1.617921702563762665e-02 6.162185687571763992e-03 4.063514247536659241e-02 3.956176713109016418e-02 7.671808451414108276e-02 3.068679198622703552e-02 2.716259658336639404e-02 3.464418230578303337e-03 4.272973909974098206e-02 2.064590714871883392e-02 1.375196278095245361e-01 2.257857122458517551e-04 7.251912355422973633e-02 2.330510690808296204e-02 1.014719158411026001e-02 5.280411615967750549e-02 2.455778047442436218e-02 1.539200264960527420e-02 8.384333550930023193e-02 4.998574033379554749e-02 4.489709809422492981e-02 3.224660083651542664e-02 3.895902261137962341e-02 1.222243085503578186e-01 1.792481727898120880e-02 5.339230969548225403e-02 6.275860220193862915e-02 3.434635326266288757e-02 9.608905762434005737e-02 4.329066351056098938e-02 5.500862747430801392e-02 4.434731230139732361e-02 4.545737057924270630e-02 2.946537919342517853e-02 1.833010651171207428e-02 1.231274753808975220e-02 1.711076241917908192e-03 4.979605972766876221e-02 3.175579756498336792e-02 5.346106365323066711e-02 6.215493381023406982e-02 2.035292237997055054e-02 1.639033295214176178e-02 1.016257237643003464e-02 2.263803780078887939e-02 6.140026822686195374e-02 4.519914835691452026e-02 9.807303547859191895e-03 6.856239587068557739e-02 4.831575602293014526e-02 5.136467516422271729e-02 4.114701598882675171e-02 4.111309722065925598e-02 7.704780250787734985e-02 2.570011280477046967e-02 1.820262148976325989e-02 8.857326954603195190e-02 8.933086879551410675e-03 1.302444934844970703e-01 5.222065839916467667e-03 7.121331058442592621e-03 2.621292881667613983e-02 5.189609900116920471e-02 3.305987268686294556e-02 4.855458438396453857e-02
7.664593309164047241e-02 6.385671347379684448e-02 4.524647444486618042e-02 2.859784662723541260e-02 3.660163283348083496e-02 1.584891378879547119e-01 1.212798357009887695e-01 2.398171834647655487e-02 4.957807436585426331e-02 4.155736044049263000e-02 6.753558665513992310e-02 6.493856012821197510e-02 5.944124609231948853e-02 1.237608864903450012e-02 1.680068299174308777e-02 2.147325873374938965e-02 1.895004324615001678e-02 1.083726529031991959e-02 4.769937694072723389e-02 4.738133773207664490e-02 3.361976519227027893e-02 3.491538390517234802e-02 6.463214010000228882e-02 5.055199563503265381e-02 4.135963693261146545e-02 3.602597489953041077e-02 9.401334449648857117e-03 2.143986709415912628e-02 4.111700877547264099e-02 4.558598622679710388e-02 2.867302298545837402e-02 2.991165965795516968e-03 3.291404992341995239e-02 3.487738594412803650e-02 4.034245386719703674e-02 2.458921074867248535e-02 5.198993161320686340e-02 3.000556677579879761e-02 1.093153282999992371e-02 1.214479282498359680e-02 9.070976637303829193e-03 2.347680926322937012e-02 2.569621615111827850e-02 8.606006391346454620e-03 2.530532330274581909e-02 4.337771236896514893e-02 1.376632302999496460e-01 8.513996005058288574e-02 7.382344920188188553e-03 9.661482181400060654e-04 3.383568953722715378e-03 5.626301281154155731e-03 1.448135264217853546e-02 3.648091573268175125e-03 2.439923398196697235e-02 4.339268803596496582e-02 1.081276591867208481e-02 2.413226664066314697e-02 1.485412940382957458e-03 1.758216996677219868e-03 9.249269962310791016e-03 4.853074625134468079e-02 4.374837502837181091e-03 7.598167285323143005e-03 1.876185834407806396e-02 4.570276290178298950e-02 3.293972089886665344e-02 4.518639296293258667e-02 7.718464359641075134e-03 4.496859759092330933e-02 4.174132645130157471e-02 4.170354455709457397e-03 1.063369307667016983e-02 2.190925180912017822e-02 1.772955060005187988e-02 3.116175532341003418e-02 2.813921868801116943e-02 4.850029200315475464e-02 7.580964360386133194e-03 6.034846976399421692e-02 3.427729010581970215e-02 3.115865029394626617e-02 3.817846300080418587e-03 7.378543168306350708e-02 2.317107841372489929e-02 1.544229686260223389e-02 2.367813512682914734e-02 1.630032062530517578e-02 9.606850147247314453e-02 2.486399374902248383e-03 4.684134200215339661e-02 6.796704232692718506e-02 2.759696356952190399e-02 2.149834297597408295e-02 7.492193486541509628e-03 3.048296086490154266e-02 1.890008896589279175e-02 4.987326916307210922e-03 2.829812699928879738e-03 1.394785847514867783e-02 2.770715206861495972e-02 7.122233510017395020e-02 1.870542578399181366e-02 1.147166546434164047e-02 1.013089064508676529e-02 3.430264815688133240e-02 3.868398442864418030e-02 4.003525152802467346e-02 1.213651746511459351e-01 4.217342659831047058e-02 5.607152730226516724e-02 1.429875288158655167e-02 2.872775122523307800e-02 3.291239589452743530e-02 4.698996245861053467e-02 4.241616278886795044e-02
6.847400218248367310e-02 8.397465199232101440e-02 5.159429856576025486e-04 3.921081498265266418e-02 1.181765459477901459e-03 1.212798357009887695e-01 1.498369127511978149e-01 3.274368867278099060e-02 2.813548222184181213e-02 3.261214494705200195e-02 7.456022500991821289e-02 4.313046485185623169e-02 7.085382938385009766e-02 1.324068289250135422e-02 9.153023362159729004e-03 6.546749267727136612e-03 2.342922054231166840e-02 1.910259760916233063e-02 3.374769911170005798e-02 4.569415375590324402e-02 3.648857399821281433e-02 2.666203863918781281e-02 3.345162607729434967e-03 8.453967049717903137e-03 5.038031935691833496e-02 3.629393130540847778e-02 4.375054314732551575e-02 2.517966926097869873e-02 6.278319656848907471e-02 2.132781222462654114e-02 4.616555571556091309e-02 2.311411499977111816e-02 3.980079665780067444e-03 1.962361112236976624e-02 2.368889935314655304e-02 5.644710268825292587e-03 3.289258480072021484e-02 4.635622724890708923e-02 2.319700643420219421e-02 1.590583845973014832e-02 4.069968312978744507e-02 3.322254493832588196e-02 2.753804437816143036e-02 3.683730214834213257e-02 4.748513456434011459e-03 3.667808324098587036e-02 1.017113775014877319e-01 8.967263996601104736e-02 4.031884297728538513e-02 2.861338481307029724e-02 3.421002533286809921e-03 5.542743578553199768e-02 1.085692550987005234e-02 7.592938840389251709e-03 5.729175638407468796e-03 5.283652991056442261e-02 1.229025330394506454e-02 2.170880697667598724e-02 1.111385296098887920e-03 2.867321250960230827e-03 1.565499417483806610e-02 1.060549691319465637e-01 1.411444228142499924e-02 1.504996325820684433e-02 1.961509510874748230e-02 2.922145649790763855e-02 2.874307148158550262e-02 2.644921094179153442e-02 6.230112537741661072e-02 1.111356308683753014e-03 2.417025156319141388e-02 1.375675434246659279e-03 2.526271343231201172e-02 1.552563509903848171e-03 1.171964313834905624e-02 2.845956571400165558e-02 3.179401904344558716e-02 6.021111039444804192e-04 1.050866115838289261e-02 6.387918442487716675e-02 3.030667267739772797e-02 5.082707479596138000e-02 8.464165963232517242e-03 9.245705604553222656e-02 4.052516445517539978e-02 6.333217024803161621e-02 9.285866282880306244e-03 2.314939536154270172e-02 5.475586280226707458e-02 4.318973049521446228e-03 5.386004224419593811e-02 6.728448439389467239e-03 5.432770773768424988e-02 1.150093972682952881e-02 3.251211717724800110e-02 1.634810678660869598e-02 1.486376300454139709e-02 1.578940078616142273e-02 8.005599491298198700e-03 7.514247205108404160e-03 2.840443700551986694e-02 2.400972507894039154e-02 2.330585382878780365e-02 1.719131134450435638e-03 4.095868207514286041e-03 6.099838763475418091e-03 3.517006337642669678e-02 3.424815461039543152e-02 1.118713617324829102e-01 7.764661312103271484e-02 2.764366939663887024e-02 2.733954414725303650e-02 3.248117864131927490e-02 1.931316405534744263e-02 8.742763102054595947e-02 4.970801621675491333e-02
3.657792136073112488e-02 9.377900278195738792e-04 8.104784786701202393e-02 4.435048997402191162e-02 3.472183272242546082e-02 2.398171834647655487e-02 3.274368867278099060e-02 8.013451844453811646e-02 1.867585629224777222e-02 2.332109771668910980e-02 3.419420216232538223e-03 1.284969970583915710e-02 4.106264561414718628e-02 1.897070743143558502e-02 7.917688041925430298e-02 4.423455893993377686e-02 7.005777209997177124e-02 2.083907090127468109e-02 2.356658224016427994e-03 2.732176147401332855e-02 4.624845832586288452e-02 3.752877563238143921e-02 2.656487561762332916e-02 4.639461264014244080e-02 6.840931624174118042e-02 5.442067235708236694e-02 5.773809552192687988e-02 1.356957200914621353e-02 4.828217625617980957e-02 5.316853150725364685e-02 1.431005448102951050e-02 6.758007407188415527e-02 2.991320937871932983e-02 1.476449891924858093e-02 6.646086275577545166e-02 1.529829204082489014e-02 5.054511129856109619e-02 3.606907092034816742e-03 9.265803964808583260e-04 3.201648360118269920e-03 5.370858684182167053e-02 4.475846886634826660e-02 2.758329920470714569e-02 9.252807125449180603e-03 1.931020617485046387e-02 2.639831043779850006e-02 3.146321699023246765e-02 1.786469668149948120e-02 5.446092784404754639e-02 1.618437096476554871e-02 2.424770034849643707e-02 6.515985727310180664e-02 2.068027481436729431e-02 3.628349304199218750e-02 3.714264929294586182e-02 1.334159076213836670e-02 4.772284999489784241e-02 5.244569852948188782e-02 3.153372323140501976e-03 5.588199570775032043e-02 4.641629382967948914e-02 1.815421879291534424e-02 1.720264740288257599e-02 1.989862695336341858e-02 8.715089410543441772e-03 5.137427709996700287e-03 4.659781232476234436e-02 2.372639998793601990e-02 3.503713384270668030e-02 9.878087788820266724e-03 6.351866573095321655e-02 2.062731608748435974e-02 4.322286322712898254e-02 5.874345079064369202e-02 5.040914565324783325e-02 3.745537996292114258e-02 3.155483677983283997e-02 1.553663145750761032e-02 8.097772300243377686e-02 8.165046572685241699e-02 1.590892374515533447e-01 1.493152976036071777e-01 3.284995630383491516e-02 3.141288459300994873e-02 1.025774888694286346e-02 6.445108354091644287e-02 1.197380945086479187e-01 7.469798624515533447e-02 3.068239614367485046e-02 2.393613196909427643e-02 2.959855273365974426e-02 1.553543005138635635e-02 4.018804430961608887e-02 2.250683307647705078e-02 1.059553772211074829e-02 3.970089554786682129e-02 1.645861659198999405e-03 5.928840860724449158e-02 2.908111922442913055e-02 1.886436343193054199e-02 4.171501845121383667e-02 9.812508523464202881e-02 2.323332428932189941e-02 7.800288498401641846e-02 7.090413011610507965e-03 1.547381933778524399e-02 7.495746016502380371e-02 2.889857254922389984e-02 9.726359695196151733e-02 7.432266324758529663e-02 2.409459836781024933e-02 3.061996959149837494e-02 3.836370538920164108e-03 8.454174385406076908e-04 6.903383880853652954e-02 1.750482060015201569e-02
9.561765007674694061e-03 2.490836568176746368e-02 2.302586846053600311e-02 5.463974177837371826e-02 9.379114210605621338e-02 4.957807436585426331e-02 2.813548222184181213e-02 1.867585629224777222e-02 9.928457438945770264e-02 2.735653705894947052e-02 7.187549490481615067e-03 2.815683186054229736e-02 1.997903175652027130e-02 4.507324099540710449e-02 1.552656572312116623e-02 4.864294081926345825e-02 3.474849462509155273e-02 6.845966726541519165e-02 2.749601006507873535e-02 1.389417913742363453e-03 2.751698344945907593e-02 3.248340636491775513e-02 4.498749598860740662e-02 8.075325936079025269e-02 1.971091330051422119e-02 9.973082924261689186e-04 6.128977984189987183e-02 6.097478792071342468e-02 3.612157329916954041e-02 9.964627027511596680e-02 1.227595144882798195e-03 2.695505321025848389e-02 4.492277745157480240e-03 8.343664556741714478e-02 3.727092221379280090e-02 2.165795862674713135e-02 2.258013933897018433e-02 2.108631283044815063e-02 1.364302355796098709e-03 8.752542198635637760e-04 7.323115319013595581e-02 1.309562847018241882e-02 9.116136468946933746e-03 1.250372547656297684e-02 7.107545435428619385e-02 1.077316179871559143e-01 5.758759751915931702e-02 1.430979091674089432e-02 2.517027594149112701e-02 3.806063160300254822e-02 4.230735078454017639e-02 5.842833966016769409e-02 4.268269520252943039e-03 4.433512687683105469e-02 9.615175426006317139e-02 6.460379064083099365e-02 2.594277448952198029e-02 3.949010279029607773e-03 1.932230079546570778e-03 1.974004693329334259e-02 1.621530763804912567e-02 3.707680106163024902e-02 4.221209790557622910e-03 1.953121833503246307e-02 5.952958390116691589e-02 1.575516723096370697e-02 2.331873774528503418e-02 5.861169658601284027e-03 1.096374820917844772e-02 6.031044293195009232e-03 1.397456787526607513e-02 9.668487310409545898e-02 4.794800654053688049e-03 4.955165460705757141e-02 9.137962758541107178e-02 1.150507628917694092e-01 1.998690068721771240e-01 3.112809918820858002e-02 6.189435347914695740e-02 1.414396055042743683e-02 3.711065510287880898e-03 6.139299646019935608e-02 4.695754870772361755e-02 4.080302640795707703e-02 5.323980748653411865e-02 7.253009825944900513e-02 3.383666276931762695e-02 9.168555960059165955e-03 1.106735244393348694e-01 8.000665158033370972e-02 1.940693520009517670e-02 1.350943371653556824e-02 1.226859167218208313e-02 1.763345487415790558e-02 2.532969228923320770e-02 4.090160876512527466e-02 6.036624312400817871e-03 7.825994491577148438e-02 1.308509032242000103e-03 8.476831950247287750e-03 2.011172659695148468e-02 7.872235029935836792e-03 8.461601100862026215e-03 3.214333578944206238e-02 2.130179293453693390e-02 6.821685284376144409e-02 6.495095789432525635e-02 4.102046042680740356e-02 5.502828210592269897e-02 3.086922317743301392e-02 5.663488060235977173e-02 6.633475422859191895e-02 3.647577017545700073e-02 6.514974683523178101e-02 4.039479792118072510e-02 5.029339715838432312e-02
5.078093707561492920e-02 5.420473590493202209e-02 4.702130332589149475e-02 4.768116027116775513e-02 1.091356389224529266e-02 4.155736044049263000e-02 3.261214494705200195e-02 2.332109771668910980e-02 2.735653705894947052e-02 1.012979447841644287e-01 1.866227760910987854e-02 4.177790880203247070e-02 3.178800269961357117e-02 1.043203007429838181e-02 6.579025834798812866e-02 3.561181575059890747e-02 1.522746984846889973e-03 2.698827534914016724e-02 5.139394477009773254e-02 2.506170608103275299e-02 4.824118223041296005e-03 1.331843342632055283e-02 2.270510233938694000e-02 4.412161931395530701e-02 1.254972629249095917e-02 5.614665802568197250e-03 2.068769931793212891e-02 5.381132662296295166e-02 2.460817620158195496e-02 9.060332551598548889e-03 6.746964063495397568e-03 2.385941147804260254e-02 5.823595449328422546e-02 8.350780233740806580e-03 2.763514406979084015e-02 1.777718029916286469e-02 1.208271365612745285e-02 1.401891186833381653e-02 6.094435229897499084e-02 4.012777470052242279e-03 9.803386405110359192e-03 3.543487191200256348e-02 2.663736976683139801e-02 3.505762666463851929e-02 6.226985529065132141e-02 3.088914416730403900e-02 4.397039860486984253e-02 4.501600936055183411e-02 6.273040082305669785e-03 1.820113323628902435e-02 2.587523125112056732e-02 2.043103333562612534e-03 3.606900572776794434e-02 1.354611385613679886e-02 4.662207141518592834e-02 2.049869857728481293e-02 9.685482829809188843e-03 5.652604252099990845e-02 3.827901929616928101e-02 1.538552995771169662e-02 4.961417615413665771e-02 8.433402329683303833e-02 6.680187582969665527e-02 1.214431319385766983e-02 2.362963184714317322e-02 1.582277007400989532e-02 1.743869297206401825e-02 7.780354353599250317e-04 1.094765402376651764e-02 7.396720349788665771e-02 5.361315235495567322e-02 5.645669251680374146e-02 9.795828908681869507e-02 9.713294357061386108e-02 6.749526411294937134e-02 2.132956497371196747e-02 7.382893469184637070e-03 1.363223344087600708e-01 3.336394950747489929e-02 5.610932782292366028e-02 4.841799661517143250e-02 1.958588510751724243e-02 1.192511618137359619e-02 4.330509155988693237e-02 8.993650786578655243e-03 4.045189358294010162e-03 2.675263956189155579e-02 4.379214346408843994e-02 7.516424357891082764e-02 3.372406959533691406e-02 6.997334212064743042e-02 3.897812962532043457e-02 1.159516349434852600e-02 1.480969693511724472e-02 3.792549297213554382e-02 1.874393224716186523e-02 3.449699655175209045e-02 3.343821503221988678e-03 2.494593337178230286e-02 1.757306978106498718e-02 3.378677880391478539e-03 1.164271775633096695e-02 4.648600146174430847e-02 4.072957381140440702e-04 2.725071087479591370e-02 5.505426228046417236e-02 1.651361584663391113e-02 3.082035295665264130e-02 1.340327039361000061e-02 1.483231410384178162e-02 1.042476296424865723e-02 6.855232268571853638e-02 1.519669033586978912e-02 1.401812210679054260e-02 2.417983114719390869e-02 1.667189598083496094e-02
9.173135459423065186e-02 6.693436205387115479e-02 1.401656307280063629e-02 1.461148727685213089e-02 1.630194857716560364e-02 6.753558665513992310e-02 7.456022500991821289e-02 3.419420216232538223e-03 7.187549490481615067e-03 1.866227760910987854e-02 1.231674924492835999e-01 4.010462388396263123e-02 9.732819348573684692e-02 2.909599104896187782e-03 5.623463541269302368e-03 2.249262295663356781e-02 6.029209587723016739e-03 4.237636178731918335e-02 2.213747799396514893e-02 1.371000800281763077e-02 1.188426837325096130e-02 2.071973495185375214e-02 5.140677466988563538e-02 2.400267636403441429e-03 3.143012151122093201e-02 5.080143455415964127e-04 3.008500486612319946e-02 2.387566864490509033e-02 7.097285240888595581e-02 3.177085146307945251e-02 7.453978806734085083e-02 9.460450150072574615e-03 2.887947484850883484e-03 3.086336888372898102e-02 2.995509421452879906e-03 1.489159651100635529e-02 1.287840772420167923e-02 1.823049224913120270e-02 5.146435461938381195e-03 1.348100230097770691e-02 5.320370197296142578e-03 1.939899101853370667e-02 7.712799124419689178e-03 2.924594795331358910e-03 6.782975106034427881e-05 2.625429257750511169e-02 7.118475437164306641e-02 5.190720036625862122e-02 2.474319376051425934e-02 4.906331375241279602e-02 1.376033760607242584e-02 2.628759830258786678e-04 3.867128165438771248e-03 1.824372261762619019e-02 1.830394379794597626e-02 2.878153510391712189e-02 1.906679011881351471e-02 1.384973246604204178e-02 1.217384170740842819e-02 1.635438762605190277e-02 3.474959358572959900e-02 2.237884793430566788e-03 9.854122065007686615e-03 8.013342507183551788e-03 3.711372241377830505e-02 6.116517260670661926e-02 9.744479320943355560e-03 3.250065818428993225e-02 7.867752574384212494e-03 3.925913013517856598e-03 5.589841306209564209e-02 4.541558213531970978e-03 3.982239589095115662e-02 2.757296152412891388e-02 1.809084415435791016e-02 3.358464315533638000e-02 3.039504773914813995e-02 1.316586229950189590e-02 1.621752232313156128e-02 4.931284114718437195e-03 5.777422920800745487e-04 4.974187910556793213e-02 4.527774173766374588e-03 4.883461445569992065e-02 2.147056721150875092e-02 6.701409816741943359e-02 5.802846979349851608e-03 2.060486376285552979e-02 3.248375281691551208e-02 5.994296818971633911e-02 5.712991207838058472e-02 3.611969202756881714e-02 6.756688654422760010e-02 1.270768046379089355e-02 1.202626340091228485e-02 3.364979289472103119e-03 5.164313688874244690e-02 5.984143167734146118e-02 1.672028214670717716e-03 8.627479895949363708e-03 4.106654226779937744e-02 3.226947411894798279e-02 2.637249883264303207e-03 1.196393650025129318e-02 7.016611285507678986e-03 5.679822713136672974e-02 1.217944454401731491e-02 3.138233907520771027e-03 4.238212108612060547e-02 1.981861144304275513e-02 9.853396564722061157e-03 5.103235319256782532e-02 1.743816956877708435e-02 7.551745977252721786e-03 5.037952214479446411e-02 2.686320804059505463e-02
1.423384156078100204e-02 1.230208296328783035e-02 6.089242920279502869e-02 2.523398259654641151e-03 5.306364223361015320e-02 6.493856012821197510e-02 4.313046485185623169e-02 1.284969970583915710e-02 2.815683186054229736e-02 4.177790880203247070e-02 4.010462388396263123e-02 1.465553194284439087e-01 5.061144381761550903e-02 2.529858648777008057e-01 2.655509673058986664e-02 2.608145587146282196e-02 7.768852170556783676e-03 1.025452911853790283e-01 3.939213976263999939e-02 7.729285955429077148e-02 2.220574207603931427e-02 9.241904318332672119e-02 1.211030259728431702e-01 1.101164296269416809e-01 9.325894713401794434e-02 3.560389857739210129e-03 2.572332695126533508e-02 7.059267908334732056e-02 1.370546640828251839e-03 8.757578581571578979e-02 4.557561501860618591e-02 1.976301148533821106e-02 1.866521872580051422e-02 3.512369841337203979e-02 3.010195796377956867e-04 8.573019504547119141e-02 7.498242706060409546e-02 3.472705185413360596e-02 3.907004371285438538e-02 1.290154270827770233e-02 9.880607947707176208e-03 1.007492002099752426e-02 3.233999386429786682e-02 1.388559304177761078e-02 7.063612341880798340e-02 3.286001831293106079e-02 4.904204979538917542e-02 1.061147078871726990e-02 3.219262138009071350e-02 3.474036231637001038e-02 3.685156628489494324e-02 1.375889964401721954e-02 2.663083747029304504e-02 4.723760485649108887e-02 1.277257315814495087e-02 5.320394411683082581e-03 1.575627364218235016e-02 4.448352754116058350e-02 2.767728082835674286e-02 4.703798517584800720e-02 5.427793413400650024e-02 4.845935106277465820e-02 3.392163291573524475e-02 2.270629815757274628e-02 1.393524929881095886e-02 2.544253878295421600e-02 4.937123041599988937e-03 1.769263669848442078e-02 3.539518639445304871e-02 7.311254739761352539e-02 6.993819773197174072e-02 7.191552966833114624e-02 2.279433794319629669e-02 1.968864165246486664e-02 4.692743998020887375e-03 5.299824103713035583e-02 9.239622205495834351e-02 6.422002613544464111e-02 4.490396473556756973e-03 1.798717975616455078e-01 3.165574045851826668e-03 1.286647561937570572e-02 1.961622945964336395e-02 4.549830779433250427e-02 3.216119715943932533e-03 1.796230673789978027e-02 3.298079594969749451e-02 3.251999849453568459e-03 1.438878476619720459e-01 4.473814368247985840e-02 7.460317760705947876e-02 2.918344549834728241e-02 5.747290328145027161e-02 1.071569044142961502e-02 8.511836826801300049e-02 5.228438973426818848e-02 8.349496126174926758e-02 1.020780950784683228e-01 5.341560114175081253e-03 4.226449131965637207e-02 5.228514224290847778e-02 8.441996574401855469e-02 2.469996549189090729e-02 2.480123564600944519e-02 2.198966406285762787e-02 3.380034863948822021e-02 5.193469300866127014e-02 3.262006863951683044e-02 1.635521836578845978e-02 6.330858916044235229e-02 3.011809103190898895e-02 3.190651535987854004e-02 1.678534969687461853e-02 1.490243617445230484e-02 3.059447184205055237e-02 3.075708076357841492e-02
7.486595958471298218e-02 7.509154826402664185e-02 7.149531040340662003e-03 8.022859692573547363e-03 9.246462141163647175e-04 5.944124609231948853e-02 7.085382938385009766e-02 4.106264561414718628e-02 1.997903175652027130e-02 3.178800269961357117e-02 9.732819348573684692e-02 5.061144381761550903e-02 1.277338415384292603e-01 1.712799258530139923e-02 2.990583516657352448e-02 2.316360361874103546e-02 2.596287801861763000e-02 5.001561716198921204e-02 5.364861339330673218e-03 3.782350197434425354e-02 2.859350992366671562e-03 4.316780250519514084e-03 2.457709610462188721e-02 1.208486501127481461e-02 1.953755505383014679e-02 3.633007290773093700e-04 1.917564310133457184e-02 2.980680577456951141e-02 5.209415033459663391e-02 1.482499111443758011e-02 7.748966664075851440e-02 9.430859237909317017e-03 1.015140488743782043e-02 3.315339609980583191e-02 7.216569501906633377e-03 1.534466166049242020e-02 6.400543265044689178e-03 1.785550639033317566e-02 1.712094061076641083e-02 2.742296457290649414e-02 3.032675385475158691e-02 1.529888808727264404e-02 1.389428973197937012e-02 3.274445980787277222e-02 8.531902130926027894e-05 1.750805787742137909e-02 6.316842883825302124e-02 4.523501917719841003e-02 1.007957477122545242e-02 8.836039341986179352e-03 2.748290635645389557e-02 2.741204947233200073e-02 1.171559840440750122e-02 4.663975909352302551e-03 3.309451043605804443e-02 5.905709695070981979e-03 8.687578141689300537e-03 1.331949420273303986e-02 7.957708090543746948e-03 2.920265309512615204e-02 1.442328374832868576e-02 2.068897709250450134e-02 1.264327298849821091e-02 1.066400576382875443e-02 3.009740076959133148e-02 6.017700582742691040e-02 9.954760782420635223e-03 1.745183952152729034e-02 7.425164949381724000e-05 1.506215985864400864e-02 5.925927311182022095e-02 1.375804468989372253e-02 1.268587540835142136e-02 4.052402824163436890e-02 2.904099225997924805e-02 1.436534430831670761e-02 8.252734318375587463e-03 3.522974997758865356e-02 4.159016162157058716e-02 2.119889855384826660e-02 1.979771815240383148e-02 4.040213767439126968e-03 4.612958058714866638e-02 4.903533682227134705e-02 2.635713852941989899e-02 6.743244081735610962e-02 7.359145674854516983e-03 2.442190982401371002e-02 4.203261062502861023e-02 7.682202756404876709e-02 5.718834325671195984e-02 2.678761072456836700e-02 4.173588752746582031e-02 6.569999735802412033e-03 2.186695672571659088e-02 9.814064949750900269e-03 1.883591711521148682e-02 5.660211294889450073e-02 8.396106772124767303e-03 2.214598236605525017e-03 3.995337709784507751e-02 4.606310650706291199e-02 1.290782354772090912e-03 2.671799808740615845e-02 1.626474317163228989e-03 9.891872294247150421e-03 1.749397441744804382e-02 8.518026210367679596e-03 2.059151418507099152e-02 4.107153788208961487e-02 4.670898243784904480e-02 5.967620387673377991e-02 1.507250219583511353e-02 2.540130401030182838e-03 1.335337758064270020e-02 5.400834977626800537e-02
