3.071120977401733398e-01 2.714519202709197998e-01 5.215006694197654724e-02 1.822203397750854492e-02 1.124470680952072144e-02 2.267947494983673096e-01 8.409629762172698975e-02 2.034513093531131744e-02 5.690445750951766968e-02 2.905149385333061218e-02 1.964356154203414917e-01 5.099282413721084595e-02 1.754391789436340332e-01 5.132653936743736267e-02 2.857973799109458923e-03 2.456408925354480743e-02 2.516842074692249298e-02 4.817457497119903564e-02 3.041973151266574860e-02 3.810429200530052185e-02 2.349126338958740234e-02 6.319678574800491333e-02 9.874798357486724854e-02 4.684018343687057495e-02 1.218679593876004219e-03 2.937134169042110443e-02 5.575669929385185242e-02 3.397043049335479736e-02 8.121864870190620422e-03 1.261918805539608002e-02 5.066015198826789856e-02 2.433688193559646606e-02 2.112202718853950500e-02 4.644685611128807068e-02 4.379664361476898193e-02 3.106090612709522247e-02 4.805776104331016541e-02 1.718649826943874359e-02 4.411846399307250977e-02 7.675502449274063110e-03 2.435930445790290833e-02 6.059341505169868469e-02 7.121600210666656494e-02 2.975701540708541870e-02 7.350251823663711548e-02 4.250115901231765747e-02 1.643876582384109497e-01 4.340966418385505676e-02 2.038771286606788635e-02 4.358761012554168701e-02 4.761546477675437927e-02 6.395390629768371582e-02 1.825085841119289398e-02 4.583233036100864410e-03 3.564157709479331970e-02 1.070199254900217056e-02 8.434108458459377289e-03 1.909573189914226532e-02 1.628142036497592926e-02 1.647909730672836304e-02 4.562953487038612366e-02 2.915619499981403351e-02 1.107335370033979416e-02 1.454798271879553795e-03 1.095092506147921085e-03 4.047309979796409607e-02 2.589375525712966919e-02 8.849035948514938354e-02 2.131797140464186668e-03 2.122338302433490753e-02 1.375750056467950344e-03 1.868842286057770252e-03 2.480015857145190239e-03 5.934600718319416046e-03 1.085997465997934341e-02 5.934225860983133316e-03 2.986015193164348602e-02 2.690539136528968811e-02 6.367632746696472168e-02 2.269090898334980011e-02 3.162339795380830765e-03 2.435437217354774475e-02 8.579513989388942719e-03 4.015235975384712219e-02 4.948792234063148499e-02 9.432209283113479614e-02 2.262176387012004852e-02 4.249257221817970276e-02 2.794106863439083099e-02 3.611825779080390930e-02 3.142131492495536804e-02 5.123363435268402100e-02 2.076697535812854767e-03 4.699444770812988281e-02 6.392014771699905396e-02 4.069844260811805725e-02 4.728610813617706299e-02 1.913432963192462921e-02 1.955250278115272522e-03 5.243563652038574219e-02 1.173081528395414352e-02 4.139353334903717041e-02 4.474861547350883484e-02 3.307536616921424866e-02 3.219860792160034180e-02 1.320425234735012054e-02 3.405134007334709167e-02 1.620652712881565094e-02 8.388753049075603485e-03 2.907221205532550812e-02 3.018347779288887978e-03 5.078827589750289917e-02 1.758293807506561279e-02 4.888078197836875916e-03 1.561156101524829865e-02 9.603413753211498260e-03
2.714519202709197998e-01 2.963593900203704834e-01 5.839492008090019226e-02 4.656079038977622986e-02 2.511482872068881989e-02 1.874227076768875122e-01 1.249951794743537903e-01 3.338473848998546600e-03 2.278432436287403107e-02 1.212048344314098358e-02 1.606766134500503540e-01 4.459036886692047119e-02 2.052328437566757202e-01 2.865033410489559174e-02 3.953206818550825119e-03 2.415322884917259216e-02 4.130583629012107849e-02 2.926850318908691406e-02 3.608238697052001953e-02 5.428719799965620041e-03 4.371621459722518921e-02 6.975326687097549438e-02 6.093421205878257751e-02 5.171869881451129913e-03 4.741936456412076950e-03 7.125171367079019547e-03 9.666653722524642944e-02 4.011199623346328735e-02 6.746874749660491943e-02 3.141386061906814575e-02 1.935603469610214233e-02 9.085210971534252167e-03 2.941281162202358246e-02 5.183812230825424194e-03 1.478684600442647934e-02 6.820323877036571503e-03 2.293756976723670959e-02 3.530703857541084290e-02 4.208508878946304321e-02 3.539595752954483032e-02 5.950265377759933472e-02 9.065682999789714813e-03 1.170768635347485542e-03 8.168091066181659698e-03 4.397366940975189209e-02 4.005913808941841125e-02 1.147302985191345215e-01 7.534930109977722168e-02 6.460145115852355957e-02 1.356275938451290131e-02 4.098757356405258179e-02 1.675309427082538605e-02 8.090810850262641907e-03 2.094966731965541840e-02 9.006059169769287109e-02 1.073585730046033859e-02 2.191323041915893555e-02 3.724435344338417053e-02 4.588856548070907593e-02 3.157693147659301758e-02 1.723159477114677429e-02 3.416812047362327576e-02 3.909840062260627747e-02 1.647666841745376587e-02 7.006797194480895996e-02 4.428046569228172302e-02 8.446825668215751648e-03 2.127315104007720947e-02 2.832051366567611694e-02 1.376211293973028660e-03 2.139221504330635071e-02 3.138388320803642273e-02 2.128873392939567566e-02 7.949975319206714630e-03 1.626784354448318481e-02 1.606669835746288300e-02 3.561037778854370117e-02 3.248817846179008484e-02 2.046771161258220673e-02 1.598605141043663025e-02 2.647807076573371887e-02 1.167422812432050705e-02 2.847515605390071869e-02 1.075999625027179718e-02 2.221252769231796265e-02 6.847357004880905151e-02 4.566715098917484283e-03 4.012247174978256226e-02 4.327680543065071106e-02 2.776608988642692566e-02 2.976530045270919800e-02 4.874983802437782288e-02 4.117133840918540955e-02 8.697196096181869507e-02 4.959274455904960632e-02 1.705289818346500397e-02 9.513575583696365356e-03 5.690829828381538391e-03 2.799955755472183228e-02 1.164099574089050293e-02 2.765876008197665215e-03 1.710477471351623535e-02 1.868328638374805450e-02 3.231604769825935364e-02 1.927843317389488220e-02 4.612061008810997009e-02 1.693172752857208252e-02 3.423111885786056519e-02 3.309651091694831848e-02 1.840936951339244843e-02 2.090909518301486969e-02 7.568292319774627686e-02 2.251077815890312195e-02 1.125849317759275436e-02 8.651126176118850708e-03 7.634401787072420120e-03
5.215006694197654724e-02 5.839492008090019226e-02 1.083222553133964539e-01 2.364156953990459442e-02 5.815209355205297470e-03 1.987284421920776367e-02 5.241557955741882324e-02 1.243667006492614746e-01 2.235652878880500793e-02 2.735074143856763840e-03 4.198675230145454407e-02 1.425304729491472244e-02 4.506541043519973755e-02 5.646408349275588989e-02 6.453000009059906006e-03 2.216238528490066528e-02 3.879494592547416687e-02 5.056665837764739990e-02 1.393767725676298141e-02 3.031810745596885681e-02 6.498014926910400391e-02 5.157030373811721802e-02 1.453795121051371098e-03 6.751832365989685059e-02 5.133818835020065308e-02 5.602022260427474976e-02 7.423941791057586670e-02 6.485388427972793579e-02 2.877829223871231079e-02 1.049494277685880661e-02 1.171533670276403427e-02 7.833615876734256744e-03 3.721787780523300171e-02 3.336055576801300049e-02 5.111524462699890137e-02 1.854434050619602203e-02 3.210103511810302734e-02 3.612652048468589783e-02 3.085008356720209122e-03 4.532954469323158264e-02 7.839614525437355042e-03 2.287949621677398682e-02 4.367230460047721863e-02 3.265315666794776917e-03 6.669689714908599854e-02 5.296938121318817139e-02 3.773372247815132141e-02 5.338927358388900757e-02 3.572187945246696472e-02 9.153188019990921021e-02 2.724217809736728668e-02 6.622210890054702759e-02 1.412404980510473251e-02 1.356201525777578354e-02 2.936518378555774689e-02 7.343528419733047485e-02 2.030491828918457031e-02 3.730863332748413086e-02 6.006939709186553955e-02 1.592645980417728424e-02 4.894569516181945801e-02 2.622334100306034088e-02 6.026618555188179016e-02 2.079758420586585999e-02 3.784530237317085266e-02 1.273917499929666519e-02 4.237577691674232483e-02 7.944756746292114258e-02 2.616278454661369324e-02 4.639799240976572037e-03 5.964281037449836731e-02 4.771242663264274597e-02 7.476183027029037476e-02 2.387824095785617828e-02 8.401536941528320312e-02 5.874918773770332336e-02 1.951014809310436249e-02 1.571173965930938721e-02 4.190592095255851746e-02 5.636826530098915100e-02 3.851839527487754822e-02 3.313302248716354370e-02 1.743436604738235474e-02 2.474863268435001373e-02 1.865428313612937927e-02 5.734023824334144592e-02 4.483472183346748352e-02 1.619129627943038940e-02 3.761301189661026001e-02 6.522390991449356079e-02 1.241431664675474167e-02 2.043214812874794006e-02 1.133061386644840240e-02 4.947094619274139404e-02 5.309709161520004272e-02 5.442614853382110596e-02 7.832689583301544189e-02 4.064224660396575928e-02 1.533785555511713028e-02 7.188402861356735229e-02 5.442385375499725342e-02 2.686365880072116852e-02 5.677789822220802307e-02 5.295686796307563782e-02 7.919912040233612061e-02 1.192535832524299622e-01 1.519328355789184570e-01 1.939622871577739716e-02 1.475951517932116985e-03 3.823226690292358398e-02 1.523089408874511719e-01 2.284778282046318054e-02 3.617042675614356995e-02 2.337988279759883881e-02 6.359415128827095032e-03 3.375007212162017822e-02
1.822203397750854492e-02 4.656079038977622986e-02 2.364156953990459442e-02 1.887291669845581055e-01 1.050350219011306763e-01 6.357959657907485962e-02 2.959467098116874695e-02 3.367713093757629395e-02 4.109192639589309692e-02 1.108477413654327393e-01 3.506800159811973572e-02 4.186010360717773438e-02 3.894865512847900391e-02 2.463585883378982544e-02 2.173525653779506683e-02 7.378863543272018433e-02 2.422882057726383209e-02 8.824700862169265747e-02 2.293332107365131378e-02 1.551516633480787277e-02 1.324198115617036819e-02 6.396283954381942749e-02 5.488200485706329346e-02 1.221493910998106003e-02 8.724354207515716553e-03 8.470394648611545563e-03 1.671647839248180389e-02 2.198785357177257538e-02 2.586262114346027374e-02 2.603357844054698944e-02 9.119927883148193359e-03 8.886425197124481201e-02 3.140373900532722473e-02 6.223214790225028992e-02 7.936319708824157715e-02 3.699543699622154236e-02 2.970950677990913391e-02 1.641309708356857300e-01 1.048385947942733765e-01 4.422127082943916321e-02 7.512807846069335938e-02 4.649036377668380737e-02 2.426650747656822205e-02 2.246401272714138031e-02 5.546084139496088028e-03 3.968256339430809021e-02 8.395641297101974487e-02 5.458888411521911621e-02 4.721226170659065247e-02 5.067608878016471863e-02 4.567797109484672546e-02 1.691167429089546204e-02 4.165247082710266113e-02 4.460166022181510925e-02 6.238939240574836731e-03 2.036012522876262665e-02 3.892093151807785034e-02 2.713743830099701881e-03 6.613101065158843994e-02 7.780473679304122925e-02 2.038962766528129578e-02 5.103976279497146606e-02 1.213763058185577393e-01 9.789378196001052856e-02 4.266778379678726196e-02 1.877779141068458557e-02 5.406517907977104187e-02 1.599088683724403381e-02 6.930826604366302490e-02 5.619446933269500732e-02 1.122129485011100769e-01 3.949159756302833557e-02 2.667051851749420166e-01 6.409589201211929321e-02 5.551094561815261841e-02 5.699547007679939270e-03 4.877102747559547424e-02 3.701398521661758423e-02 1.122522540390491486e-02 1.230429916176944971e-06 2.080185152590274811e-02 2.545721083879470825e-02 7.096952199935913086e-02 3.615986555814743042e-02 8.054959028959274292e-02 5.774570256471633911e-02 4.585228115320205688e-02 2.868186682462692261e-02 6.665176153182983398e-02 4.859949648380279541e-02 4.079201444983482361e-02 4.825446754693984985e-02 3.875257447361946106e-02 3.285676240921020508e-02 4.145397245883941650e-02 1.206482946872711182e-02 1.587293925695121288e-03 2.210186235606670380e-02 1.030198391526937485e-02 1.174161396920681000e-02 9.345973283052444458e-02 9.713172167539596558e-02 6.494130939245223999e-02 2.678504213690757751e-02 5.317327007651329041e-02 8.310762047767639160e-02 6.217536702752113342e-02 7.143000513315200806e-02 5.504210665822029114e-02 3.064149990677833557e-02 4.158089309930801392e-02 1.376786921173334122e-02 1.245380565524101257e-02 5.923884734511375427e-02 4.732285160571336746e-03 3.719472885131835938e-02
1.124470680952072144e-02 2.511482872068881989e-02 5.815209355205297470e-03 1.050350219011306763e-01 1.431063860654830933e-01 2.102866210043430328e-02 2.697445219382643700e-03 2.093736268579959869e-02 1.837470941245555878e-02 1.996578183025121689e-03 6.788427941501140594e-03 1.963562145829200745e-02 2.854006737470626831e-02 6.609040778130292892e-03 2.795493789017200470e-02 6.166335940361022949e-02 4.750829190015792847e-02 6.716523319482803345e-02 6.942182779312133789e-02 7.327460218220949173e-03 1.227873191237449646e-02 9.662460535764694214e-03 5.193435121327638626e-03 6.519189104437828064e-03 3.118871524930000305e-02 3.029093611985445023e-03 2.666439674794673920e-02 2.539598755538463593e-02 4.766600206494331360e-02 1.618014089763164520e-02 1.065870653837919235e-02 6.124700885266065598e-03 2.530566416680812836e-02 3.024049289524555206e-02 5.497604608535766602e-02 3.157612308859825134e-02 1.845777593553066254e-02 3.522010054439306259e-03 6.976235657930374146e-02 9.216763824224472046e-02 4.167325049638748169e-02 1.580528728663921356e-02 2.797559276223182678e-02 6.856715679168701172e-02 1.754808425903320312e-02 1.272126659750938416e-02 2.381145954132080078e-02 1.231338363140821457e-02 2.235429361462593079e-02 4.069224372506141663e-02 6.671281903982162476e-02 1.353463623672723770e-02 2.639758959412574768e-02 9.540664963424205780e-03 1.240834710188210011e-03 1.607724698260426521e-03 3.100355155766010284e-03 2.325928211212158203e-02 8.117920160293579102e-02 2.295174077153205872e-02 2.795050106942653656e-02 1.133369561284780502e-02 3.022671863436698914e-02 6.796835456043481827e-03 5.087805539369583130e-02 1.626895926892757416e-02 1.986374706029891968e-02 8.998183533549308777e-03 2.892741002142429352e-02 3.324660286307334900e-02 3.266352787613868713e-02 4.649850074201822281e-03 7.437302917242050171e-02 4.564683884382247925e-02 1.551166623830795288e-01 2.783823292702436447e-04 6.869406998157501221e-02 2.893707901239395142e-02 4.174009431153535843e-03 1.998643577098846436e-02 3.399432450532913208e-02 5.555771756917238235e-03 4.885608330368995667e-02 8.971441537141799927e-02 1.415196247398853302e-02 1.449798606336116791e-02 3.283169493079185486e-02 5.033130757510662079e-03 5.526293441653251648e-02 2.123022824525833130e-02 2.516853623092174530e-02 1.668570563197135925e-02 1.610574312508106232e-02 3.091371245682239532e-02 8.620972745120525360e-03 6.702443957328796387e-02 5.733549594879150391e-02 6.842050235718488693e-03 2.127353288233280182e-02 1.656548469327390194e-03 2.090885676443576813e-02 1.132229901850223541e-02 9.113469719886779785e-02 5.002446845173835754e-02 3.275562822818756104e-02 5.888941884040832520e-02 7.182355970144271851e-02 5.474456772208213806e-02 3.598486632108688354e-02 2.104073949158191681e-02 5.651037395000457764e-02 6.801439821720123291e-02 9.908367879688739777e-03 3.234976530075073242e-02 7.294156402349472046e-02 3.777369111776351929e-02
2.267947494983673096e-01 1.874227076768875122e-01 1.987284421920776367e-02 6.357959657907485962e-02 2.102866210043430328e-02 2.847149074077606201e-01 1.338957995176315308e-01 1.553907245397567749e-02 5.851422436535358429e-03 1.171762496232986450e-02 1.323413401842117310e-01 5.059536918997764587e-02 1.022487282752990723e-01 5.237451195716857910e-02 2.965553849935531616e-02 4.350639646872878075e-04 8.005032315850257874e-03 1.581465639173984528e-02 2.526290901005268097e-02 1.076079998165369034e-02 7.428146898746490479e-03 5.398290604352951050e-02 6.318238377571105957e-02 1.200444903224706650e-02 1.138431206345558167e-02 1.235688477754592896e-02 2.542548440396785736e-02 2.871197275817394257e-02 3.294498019386082888e-04 2.876849845051765442e-02 5.619398131966590881e-02 1.679418608546257019e-02 2.656664326786994934e-02 9.070972912013530731e-03 2.214076556265354156e-02 4.262462630867958069e-02 2.086379937827587128e-02 1.131903659552335739e-02 2.014263346791267395e-02 2.339043468236923218e-02 1.293370733037590981e-03 1.593569293618202209e-02 6.767287850379943848e-03 2.025712281465530396e-02 2.453637134749442339e-04 1.535612251609563828e-02 1.721451729536056519e-01 6.649234890937805176e-02 3.776996582746505737e-02 1.766737736761569977e-02 8.705792017281055450e-03 2.587140537798404694e-02 2.466659061610698700e-02 2.565111406147480011e-02 1.014439016580581665e-02 2.200851682573556900e-03 2.938458928838372231e-03 1.356213353574275970e-02 1.506119384430348873e-03 2.047250233590602875e-02 2.570971287786960602e-02 8.587008342146873474e-03 4.407818615436553955e-02 5.182074382901191711e-02 4.040390625596046448e-02 2.482605911791324615e-02 5.226352810859680176e-02 4.383413493633270264e-02 4.683594405651092529e-02 3.692504484206438065e-03 2.310285717248916626e-02 1.683241501450538635e-02 8.438703953288495541e-04 1.909161917865276337e-02 3.310783579945564270e-02 3.976267762482166290e-03 2.421487122774124146e-02 2.770169079303741455e-02 2.197374217212200165e-02 1.898380182683467865e-02 3.516506031155586243e-02 3.817058727145195007e-02 2.601283835247159004e-03 7.570363115519285202e-03 3.805278241634368896e-02 5.247278884053230286e-02 5.428132787346839905e-02 9.876385331153869629e-03 2.157241478562355042e-02 8.068056777119636536e-03 6.033099070191383362e-02 5.270824953913688660e-02 1.711607538163661957e-02 1.390701346099376678e-02 3.175809979438781738e-02 1.049715746194124222e-02 4.293619096279144287e-02 2.065961435437202454e-02 1.395916007459163666e-02 8.276727050542831421e-03 2.660091966390609741e-02 2.724047191441059113e-02 2.101592533290386200e-02 4.895184189081192017e-03 4.371834173798561096e-02 3.392429277300834656e-02 1.290588174015283585e-02 6.807377934455871582e-02 4.028457216918468475e-03 3.545129671692848206e-02 1.124693825840950012e-02 1.166909281164407730e-02 3.344782069325447083e-02 2.120460756123065948e-02 1.060963491909205914e-03 2.222915878519415855e-03
8.409629762172698975e-02 1.249951794743537903e-01 5.241557955741882324e-02 2.959467098116874695e-02 2.697445219382643700e-03 1.338957995176315308e-01 1.924440115690231323e-01 2.755502983927726746e-02 3.251607343554496765e-02 2.401257865130901337e-02 7.346548140048980713e-02 5.444828793406486511e-02 5.312260612845420837e-02 6.059517711400985718e-02 6.103154271841049194e-03 2.314846590161323547e-02 2.104972256347537041e-03 2.378535270690917969e-02 2.478497289121150970e-02 2.430308051407337189e-02 3.695158287882804871e-02 2.400410175323486328e-02 1.253656926564872265e-03 2.690876461565494537e-02 1.576378382742404938e-02 1.050323806703090668e-02 7.290392369031906128e-02 3.011721931397914886e-02 3.083037212491035461e-03 3.435396030545234680e-02 1.907151564955711365e-02 5.337707232683897018e-03 2.085097320377826691e-02 2.711012400686740875e-02 1.860090158879756927e-02 4.075721278786659241e-02 3.680378943681716919e-02 8.940422907471656799e-03 2.182593010365962982e-02 3.878717776387929916e-03 6.260275095701217651e-02 2.508678101003170013e-02 3.699233010411262512e-02 2.435054257512092590e-02 1.170561462640762329e-02 2.380414679646492004e-02 8.083878457546234131e-02 9.033139795064926147e-02 1.250890269875526428e-02 2.440747804939746857e-02 5.058275163173675537e-02 8.531291037797927856e-03 2.232785336673259735e-02 8.358730934560298920e-03 1.581332460045814514e-02 1.310833916068077087e-02 2.288594376295804977e-03 9.693101979792118073e-03 1.976537890732288361e-02 1.773511059582233429e-02 6.872383411973714828e-03 5.874223541468381882e-03 4.081797227263450623e-02 7.425682153552770615e-03 2.611812902614474297e-03 2.581311622634530067e-03 1.207290682941675186e-02 3.231287933886051178e-03 2.919904515147209167e-02 1.758415065705776215e-02 4.952050745487213135e-02 1.237729378044605255e-02 1.163735240697860718e-02 2.446173457428812981e-03 2.388953976333141327e-02 3.408461809158325195e-02 9.435126557946205139e-03 1.129198912531137466e-02 2.244169078767299652e-02 2.034745737910270691e-02 2.692314237356185913e-02 3.093172237277030945e-02 2.243242412805557251e-02 1.813260465860366821e-02 3.023562766611576080e-02 3.036110848188400269e-02 1.118081808090209961e-02 9.713832288980484009e-03 2.044580131769180298e-02 5.170116573572158813e-02 3.053393028676509857e-02 3.953061625361442566e-02 3.085820376873016357e-02 1.089793443679809570e-02 1.476647891104221344e-02 3.476899489760398865e-02 3.278213739395141602e-02 8.098035119473934174e-03 2.109221555292606354e-02 3.695486579090356827e-03 1.225079782307147980e-02 5.603771656751632690e-02 2.688965015113353729e-02 1.947607286274433136e-02 1.130188233219087124e-03 1.517284009605646133e-02 1.512095052748918533e-02 2.855330891907215118e-02 8.682316169142723083e-03 1.553559862077236176e-02 9.852119255810976028e-04 7.934514433145523071e-03 1.324671041220426559e-02 1.635636202991008759e-02 6.988154351711273193e-02 3.602565824985504150e-02
2.034513093531131744e-02 3.338473848998546600e-03 1.243667006492614746e-01 3.367713093757629395e-02 2.093736268579959869e-02 1.553907245397567749e-02 2.755502983927726746e-02 1.725343167781829834e-01 5.272096768021583557e-02 1.634918339550495148e-02 1.028362661600112915e-02 6.471778452396392822e-02 1.388415973633527756e-02 4.497449472546577454e-02 1.290277987718582153e-01 3.755742311477661133e-02 2.146168425679206848e-02 2.836795290932059288e-03 3.563559800386428833e-02 2.710602618753910065e-02 2.317667240276932716e-03 5.028194561600685120e-02 3.178382292389869690e-02 2.737368270754814148e-02 3.918594121932983398e-02 6.239871308207511902e-02 7.334224879741668701e-02 2.842558547854423523e-02 2.843395806849002838e-02 4.305012896656990051e-02 3.089462034404277802e-02 1.640371046960353851e-02 3.428021445870399475e-02 1.887939125299453735e-02 2.882389537990093231e-02 2.097002416849136353e-02 2.099958807229995728e-02 6.124562770128250122e-02 3.286958206444978714e-03 1.122470572590827942e-02 3.289654850959777832e-02 2.842676267027854919e-02 2.779206633567810059e-02 2.832595631480216980e-02 1.382647827267646790e-02 8.296106941998004913e-03 8.137503638863563538e-03 2.706513553857803345e-02 9.271389991044998169e-02 1.721518114209175110e-02 7.802844978868961334e-03 5.236722994595766068e-03 2.433652430772781372e-02 3.458580002188682556e-03 1.076864358037710190e-02 4.190758615732192993e-02 5.600701272487640381e-02 8.593488484621047974e-03 2.988822944462299347e-02 3.807185217738151550e-02 5.727094784379005432e-02 1.339404098689556122e-02 1.262644305825233459e-02 1.112307887524366379e-02 2.170513197779655457e-02 5.035550147294998169e-02 2.521215379238128662e-02 2.510910667479038239e-02 3.936368972063064575e-02 3.101215139031410217e-02 1.031823642551898956e-02 4.279093071818351746e-02 1.389609300531446934e-03 2.123104780912399292e-02 2.982888184487819672e-02 8.728185296058654785e-02 3.720683604478836060e-02 3.900680691003799438e-02 4.388872999697923660e-03 2.418411150574684143e-02 1.039207801222801208e-01 1.001606658101081848e-01 6.809587776660919189e-02 2.658925019204616547e-03 2.139760181307792664e-04 1.923515461385250092e-03 1.248809173703193665e-01 8.689451217651367188e-02 7.504763454198837280e-02 1.904966495931148529e-02 1.874811714515089989e-03 1.325404504314064980e-03 3.759172558784484863e-02 5.314608663320541382e-02 5.249485746026039124e-02 2.489636652171611786e-02 1.652778475545346737e-03 5.361474677920341492e-02 3.682585433125495911e-02 1.037493166222702712e-05 4.349222779273986816e-02 5.938598886132240295e-03 2.790823578834533691e-02 3.003261983394622803e-02 8.922480046749114990e-03 4.195826128125190735e-02 3.239969257265329361e-03 2.523038536310195923e-02 3.031842876225709915e-03 4.659268260002136230e-02 2.334719337522983551e-02 5.640649423003196716e-02 1.012727152556180954e-03 1.433634548448026180e-03 1.694366522133350372e-02 6.654445827007293701e-02
5.690445750951766968e-02 2.278432436287403107e-02 2.235652878880500793e-02 4.109192639589309692e-02 1.837470941245555878e-02 5.851422436535358429e-03 3.251607343554496765e-02 5.272096768021583557e-02 1.767908036708831787e-01 5.433649942278862000e-02 1.433773804455995560e-02 2.530162222683429718e-02 6.693375762552022934e-03 6.233789026737213135e-03 4.806236177682876587e-02 1.012930367141962051e-02 2.631970122456550598e-02 1.427198499441146851e-01 6.289363652467727661e-02 1.973214931786060333e-02 4.090303927659988403e-02 4.209490120410919189e-02 7.712737470865249634e-02 4.234251752495765686e-02 4.781085532158613205e-03 2.087113820016384125e-02 5.240062251687049866e-02 8.583585731685161591e-03 5.390021484345197678e-03 1.756553910672664642e-02 6.025556474924087524e-02 4.051554203033447266e-02 6.384067237377166748e-02 5.924665555357933044e-02 8.560674265027046204e-03 2.518952637910842896e-02 1.898461394011974335e-02 6.514634937047958374e-02 3.515452146530151367e-02 3.346889466047286987e-02 3.483463078737258911e-02 2.540761977434158325e-02 1.969154179096221924e-02 3.456671256572008133e-03 1.321525778621435165e-02 2.672558091580867767e-02 1.538656000047922134e-02 5.699015222489833832e-03 1.312942951917648315e-01 5.687224864959716797e-02 3.018699213862419128e-02 3.751706331968307495e-02 1.603877730667591095e-02 6.165612954646348953e-03 5.935317650437355042e-02 6.972874701023101807e-02 2.546377107501029968e-02 7.711400743573904037e-03 3.155080601572990417e-02 3.003766946494579315e-02 7.368823513388633728e-03 4.311864450573921204e-02 1.775511726737022400e-02 1.836811006069183350e-02 1.561937574297189713e-02 2.253980748355388641e-02 5.899395793676376343e-03 4.411335568875074387e-03 1.221252791583538055e-02 2.287108916789293289e-03 6.047898530960083008e-02 1.210631802678108215e-02 3.379586711525917053e-02 1.610797084867954254e-02 4.501258581876754761e-02 4.905934445559978485e-03 8.670696616172790527e-02 1.142378710210323334e-02 5.109461769461631775e-02 3.090333007276058197e-02 3.647020459175109863e-02 1.414070557802915573e-02 1.556019764393568039e-02 2.338774316012859344e-02 1.440106797963380814e-02 5.673557985574007034e-03 1.687554270029067993e-02 2.153825759887695312e-02 7.527419924736022949e-02 3.003720380365848541e-02 1.440136507153511047e-02 1.864530518651008606e-02 1.660621352493762970e-02 1.290214061737060547e-02 1.536501850932836533e-02 1.210145000368356705e-02 3.290867060422897339e-02 4.222518578171730042e-02 4.333899915218353271e-02 1.339792460203170776e-02 1.283681020140647888e-02 1.532933861017227173e-02 6.318616215139627457e-03 3.225736320018768311e-02 2.310796262463554740e-04 4.646801576018333435e-02 2.150466665625572205e-02 2.099168486893177032e-03 3.076738491654396057e-02 5.447500385344028473e-03 3.035450913012027740e-02 3.433237597346305847e-02 1.882061734795570374e-02 4.582798853516578674e-02 2.721963822841644287e-02 4.149010777473449707e-02
2.905149385333061218e-02 1.212048344314098358e-02 2.735074143856763840e-03 1.108477413654327393e-01 1.996578183025121689e-03 1.171762496232986450e-02 2.401257865130901337e-02 1.634918339550495148e-02 5.433649942278862000e-02 1.933048963546752930e-01 2.722288668155670166e-02 7.588611450046300888e-03 1.130191422998905182e-02 5.468781664967536926e-02 2.975383214652538300e-02 2.580368518829345703e-02 4.051427543163299561e-02 7.039992604404687881e-03 1.142436340451240540e-01 3.112500533461570740e-02 1.432346459478139877e-02 5.781080573797225952e-02 1.201141532510519028e-02 3.531663864850997925e-02 1.667705015279352665e-03 7.338336668908596039e-03 4.119244217872619629e-02 1.399144995957612991e-02 2.439771778881549835e-02 2.017080225050449371e-02 2.514471532776951790e-03 2.266571670770645142e-02 1.188541064038872719e-03 2.604061365127563477e-02 3.233157843351364136e-02 1.469613518565893173e-02 3.299266472458839417e-02 4.816953837871551514e-02 4.065245762467384338e-02 2.110128104686737061e-02 2.640685252845287323e-02 9.261405095458030701e-03 1.401006244122982025e-02 3.366334363818168640e-03 2.034170180559158325e-02 5.576424300670623779e-02 1.014265790581703186e-02 6.471965927630662918e-03 4.211441613733768463e-03 1.061795055866241455e-01 2.268684655427932739e-02 3.678743168711662292e-02 4.208717867732048035e-02 2.533943206071853638e-02 3.633963316679000854e-02 1.311972886323928833e-01 4.510729759931564331e-02 7.657300680875778198e-03 2.058324962854385376e-02 2.489358000457286835e-02 9.560284204781055450e-03 4.935067519545555115e-02 4.085964988917112350e-03 4.296230152249336243e-02 5.282245948910713196e-02 2.393406815826892853e-02 5.494932457804679871e-02 5.174973979592323303e-02 2.317756600677967072e-02 6.798007339239120483e-02 5.125796305947005749e-04 1.319414749741554260e-02 2.486449293792247772e-02 7.967146486043930054e-02 3.091920353472232819e-02 5.760570056736469269e-04 3.923831507563591003e-03 1.093276217579841614e-01 2.811220474541187286e-02 1.136094182729721069e-01 1.288828160613775253e-02 1.438831072300672531e-02 2.310189418494701385e-02 1.021872013807296753e-01 4.425474442541599274e-03 2.717642299830913544e-02 2.076585404574871063e-02 1.760748773813247681e-02 1.888686604797840118e-02 9.513927251100540161e-02 4.754109308123588562e-03 1.290952973067760468e-02 2.509906515479087830e-02 6.669602356851100922e-03 3.114753402769565582e-02 2.513424120843410492e-02 4.027433320879936218e-02 2.984678931534290314e-02 1.064815651625394821e-02 2.415451034903526306e-02 1.859412714838981628e-02 4.945608228445053101e-02 3.010473027825355530e-02 2.048943936824798584e-02 3.830681741237640381e-02 6.365159526467323303e-03 4.569962993264198303e-02 2.361724153161048889e-03 2.662220969796180725e-02 2.777735516428947449e-02 2.788223884999752045e-02 1.545452140271663666e-02 2.663749828934669495e-02 3.122775442898273468e-02 1.578367501497268677e-02 4.343515634536743164e-02
1.964356154203414917e-01 1.606766134500503540e-01 4.198675230145454407e-02 3.506800159811973572e-02 6.788427941501140594e-03 1.323413401842117310e-01 7.346548140048980713e-02 1.028362661600112915e-02 1.433773804455995560e-02 2.722288668155670166e-02 2.951326370239257812e-01 3.046914003789424896e-02 1.481358408927917480e-01 2.992964908480644226e-02 8.690074086189270020e-03 2.719554305076599121e-02 3.358142077922821045e-02 4.035293310880661011e-02 2.034181915223598480e-02 2.945451810956001282e-02 7.991545833647251129e-03 4.764297232031822205e-02 6.719244993291795254e-04 6.136412546038627625e-02 1.005623582750558853e-02 4.146999493241310120e-02 3.716958314180374146e-02 2.171761542558670044e-02 7.674825936555862427e-02 4.049116000533103943e-02 1.754214405082166195e-03 7.259961683303117752e-03 1.751655153930187225e-02 1.901733689010143280e-02 1.558802183717489243e-02 2.282316051423549652e-02 1.831704750657081604e-02 9.040547534823417664e-03 1.775226928293704987e-02 2.275429293513298035e-02 5.648297257721424103e-03 7.340364623814821243e-03 5.637307651340961456e-03 5.900095775723457336e-02 1.291067060083150864e-02 3.562398254871368408e-02 1.400406062602996826e-01 8.290665596723556519e-02 2.803735807538032532e-02 2.430712804198265076e-02 2.512161992490291595e-02 2.075618505477905273e-02 8.464662823826074600e-04 2.063584746792912483e-03 9.765429422259330750e-03 2.246919646859169006e-02 4.613929428160190582e-03 1.389773748815059662e-02 3.091462701559066772e-02 9.603325277566909790e-03 8.104576729238033295e-03 3.357985243201255798e-02 8.310724049806594849e-03 4.352899640798568726e-02 3.818820416927337646e-02 5.907290056347846985e-02 1.891643553972244263e-02 6.344777345657348633e-02 5.500873085111379623e-04 2.287076599895954132e-02 9.001042693853378296e-03 1.401309575885534286e-02 1.872876659035682678e-02 2.270968863740563393e-03 2.938670292496681213e-02 2.459143754094839096e-03 1.169118937104940414e-02 1.233512070029973984e-02 2.113364404067397118e-03 5.434527993202209473e-02 1.828861609101295471e-02 1.216281112283468246e-02 2.846981957554817200e-02 7.226290646940469742e-03 2.238276414573192596e-02 1.599830202758312225e-02 1.374745462089776993e-02 9.277253411710262299e-03 1.369149656966328621e-03 2.914055436849594116e-02 6.743207573890686035e-02 4.508706927299499512e-02 2.924195304512977600e-02 5.016221478581428528e-02 3.105060383677482605e-02 1.900799199938774109e-02 2.846384234726428986e-02 9.217311628162860870e-03 2.541976794600486755e-02 2.678310498595237732e-02 3.444688767194747925e-02 1.251396257430315018e-02 1.263076253235340118e-02 1.482164021581411362e-03 2.716708229854702950e-03 3.874026611447334290e-02 1.144243497401475906e-02 2.020901069045066833e-03 1.430339366197586060e-02 2.539497613906860352e-02 1.641577668488025665e-02 5.407990887761116028e-03 5.036368221044540405e-02 1.065069925971329212e-03 4.439957439899444580e-02 9.933791123330593109e-03
5.099282413721084595e-02 4.459036886692047119e-02 1.425304729491472244e-02 4.186010360717773438e-02 1.963562145829200745e-02 5.059536918997764587e-02 5.444828793406486511e-02 6.471778452396392822e-02 2.530162222683429718e-02 7.588611450046300888e-03 3.046914003789424896e-02 2.008648067712783813e-01 1.453753374516963959e-02 1.245959848165512085e-01 2.338581532239913940e-02 5.432278290390968323e-02 3.676136210560798645e-02 3.519694134593009949e-02 5.042707920074462891e-02 3.428918495774269104e-02 1.715070381760597229e-02 2.341973967850208282e-02 9.182118624448776245e-02 6.338965147733688354e-02 7.034379523247480392e-04 4.221932590007781982e-02 4.768548905849456787e-02 9.640913456678390503e-02 2.566814236342906952e-02 9.561006724834442139e-02 2.363318577408790588e-02 1.133120618760585785e-02 9.988521225750446320e-03 4.659361205995082855e-03 3.236882761120796204e-02 8.957517333328723907e-03 1.911029033362865448e-02 5.149045586585998535e-02 3.227195516228675842e-02 2.803636528551578522e-02 3.101147525012493134e-02 6.454998627305030823e-03 3.738743811845779419e-02 2.988120913505554199e-02 4.196598008275032043e-02 1.468501519411802292e-02 2.212472818791866302e-02 1.834780536592006683e-02 1.584064587950706482e-02 3.267826139926910400e-02 1.637452095746994019e-02 4.826496914029121399e-02 1.157735940068960190e-02 2.709875814616680145e-02 1.591203501448035240e-03 1.988546364009380341e-02 1.096507441252470016e-02 4.278293251991271973e-02 5.856931582093238831e-02 3.272857889533042908e-02 2.832169830799102783e-02 2.693530544638633728e-02 7.426244672387838364e-03 4.909908771514892578e-02 1.915293373167514801e-02 2.355068922042846680e-03 1.743073761463165283e-02 1.102584227919578552e-02 6.458793301135301590e-03 8.310685865581035614e-03 1.659796945750713348e-02 2.318760380148887634e-02 6.223309040069580078e-02 8.998193516163155437e-05 1.812997274100780487e-02 3.612561523914337158e-02 6.649513542652130127e-02 2.232873998582363129e-02 3.581294044852256775e-02 2.244898118078708649e-02 2.300971001386642456e-02 9.290930815041065216e-03 5.603051558136940002e-02 2.427186816930770874e-02 1.603661454282701015e-03 1.235332246869802475e-02 3.543292172253131866e-03 4.139688611030578613e-02 4.399887099862098694e-02 2.189047075808048248e-02 4.108292609453201294e-02 1.022117864340543747e-02 2.646649628877639771e-02 1.271919533610343933e-02 1.859127543866634369e-02 1.906593516469001770e-02 1.439044624567031860e-02 7.299403659999370575e-03 1.051430311053991318e-02 1.413789018988609314e-02 3.228625655174255371e-02 2.361442428082227707e-03 3.639482427388429642e-03 1.002137199975550175e-03 3.245123429223895073e-03 8.568071760237216949e-03 8.656060695648193359e-02 2.413638308644294739e-02 6.374523509293794632e-03 1.098957285284996033e-02 2.698992565274238586e-02 7.566071301698684692e-02 1.777586154639720917e-02 3.493329137563705444e-02 2.658583410084247589e-02 6.813697516918182373e-02
1.754391789436340332e-01 2.052328437566757202e-01 4.506541043519973755e-02 3.894865512847900391e-02 2.854006737470626831e-02 1.022487282752990723e-01 5.312260612845420837e-02 1.388415973633527756e-02 6.693375762552022934e-03 1.130191422998905182e-02 1.481358408927917480e-01 1.453753374516963959e-02 2.811587154865264893e-01 2.653731219470500946e-02 1.121465023607015610e-02 3.685765340924263000e-02 3.919500857591629028e-02 4.452148452401161194e-03 1.494516152888536453e-02 3.007184015586972237e-03 2.042595297098159790e-02 3.117905370891094208e-02 2.041142247617244720e-02 4.853927716612815857e-02 3.849092172458767891e-03 1.348836440593004227e-02 5.785757303237915039e-02 1.192483585327863693e-02 3.282378241419792175e-02 1.344905700534582138e-02 3.104688785970211029e-02 1.562376134097576141e-02 1.863565109670162201e-02 3.551552072167396545e-03 3.600431978702545166e-02 1.692330092191696167e-02 9.990947321057319641e-03 3.423338010907173157e-02 8.092904463410377502e-03 2.951935492455959320e-02 3.645635768771171570e-02 2.809317037463188171e-02 6.500230636447668076e-03 1.176448352634906769e-02 3.426883369684219360e-02 1.611346751451492310e-02 9.972345829010009766e-02 9.342093020677566528e-02 5.415941029787063599e-02 2.073087356984615326e-02 3.761956840753555298e-02 3.724956512451171875e-02 1.932056434452533722e-02 1.553047448396682739e-02 7.928951829671859741e-02 3.010125644505023956e-02 6.493523716926574707e-02 2.150172222172841430e-04 3.388394042849540710e-02 6.043023895472288132e-03 2.768019028007984161e-02 3.099095448851585388e-02 2.312620729207992554e-02 3.429916128516197205e-02 2.411911555100232363e-04 1.123977676033973694e-01 1.995203085243701935e-02 9.287853725254535675e-03 2.136740833520889282e-03 4.512509331107139587e-03 5.377083085477352142e-03 4.471118748188018799e-02 2.218061685562133789e-02 1.342767942696809769e-02 2.107551880180835724e-02 8.570441044867038727e-03 3.431914746761322021e-02 3.001602133736014366e-03 1.485550310462713242e-02 1.724732853472232819e-02 1.164761092513799667e-02 2.026160247623920441e-02 3.697584569454193115e-02 8.995672687888145447e-03 1.689161057583987713e-03 2.050482667982578278e-02 1.942480541765689850e-02 7.224732078611850739e-03 3.878299519419670105e-02 6.578588858246803284e-03 2.401625551283359528e-02 3.796221315860748291e-02 8.771507441997528076e-02 8.922769874334335327e-02 3.904295712709426880e-02 1.196821033954620361e-02 3.313419409096240997e-03 4.152816906571388245e-02 1.135585713200271130e-03 2.279763482511043549e-02 1.390009280294179916e-02 1.164611149579286575e-02 1.645841263234615326e-02 4.488961771130561829e-02 2.338634803891181946e-02 2.673042938113212585e-02 9.834097698330879211e-03 1.188790146261453629e-02 1.108144596219062805e-02 3.609264642000198364e-02 2.810424193739891052e-02 1.159953884780406952e-02 7.919261232018470764e-03 2.030540630221366882e-02 4.430096596479415894e-02 2.786674769595265388e-03
