7.994268089532852173e-02 1.392670124769210815e-01 8.256286382675170898e-03 6.486502289772033691e-02 6.650191545486450195e-02 8.440940827131271362e-02 9.709762036800384521e-02 1.272445637732744217e-02 5.889051593840122223e-03 3.289588494226336479e-03 9.518097341060638428e-02 2.949891984462738037e-02 9.004880487918853760e-02 3.359784558415412903e-02 3.020569123327732086e-02 1.545089576393365860e-02 3.483176603913307190e-02 6.073897238820791245e-03 2.255308208987116814e-03 2.774628810584545135e-02 2.119897305965423584e-02 3.579362109303474426e-02 1.344375684857368469e-02 1.272122282534837723e-02 2.211389504373073578e-02 1.712268963456153870e-02 1.636982895433902740e-02 1.416439563035964966e-02 2.382489852607250214e-02 1.296040415763854980e-02 4.465094581246376038e-02 1.455778721719980240e-02 5.950975464656949043e-04 1.640359126031398773e-02 6.202992051839828491e-03 2.969523519277572632e-02 1.478163152933120728e-02 5.102997180074453354e-03 1.392972283065319061e-02 1.332016009837388992e-02 9.387353435158729553e-03 2.517194719985127449e-03 1.173206605017185211e-02 1.194197498261928558e-02 6.773525848984718323e-03 2.073873206973075867e-02 6.268079578876495361e-02 7.320380210876464844e-02 5.694277584552764893e-03 1.055722683668136597e-02 4.557922482490539551e-02 2.052186056971549988e-02 1.352872699499130249e-03 1.549576688557863235e-02 1.037984807044267654e-02 1.476787868887186050e-02 2.077670022845268250e-02 1.723903045058250427e-02 3.819987922906875610e-02 3.622893989086151123e-02 9.219014085829257965e-03 6.248326506465673447e-03 2.639875374734401703e-02 3.313980624079704285e-02 3.110675513744354248e-02 2.812639065086841583e-02 3.042677976191043854e-02 1.754928752779960632e-02 7.701528258621692657e-03 2.541988855227828026e-03 5.943865980952978134e-03 6.883609108626842499e-03 2.206799574196338654e-03 1.258988585323095322e-02 4.127830639481544495e-02 4.769158083945512772e-03 1.122145261615514755e-02 1.065046410076320171e-03 1.678345841355621815e-03 7.175068370997905731e-03 1.339577254839241505e-03 1.345865149050951004e-02 3.359231725335121155e-02 2.268337458372116089e-02 9.041303768754005432e-03 4.469313193112611771e-03 1.930148527026176453e-02 6.935892626643180847e-03 6.698696408420801163e-03 3.207026049494743347e-02 3.713803365826606750e-02 2.982818894088268280e-02 5.414377525448799133e-02 8.925796486437320709e-03 1.240883581340312958e-02 1.706461049616336823e-02 7.671894505620002747e-03 2.152244327589869499e-03 2.603186294436454773e-02 6.104290485382080078e-03 1.891864463686943054e-02 1.207152660936117172e-02 2.336715534329414368e-02 1.100153382867574692e-02 1.234937086701393127e-02 4.649256914854049683e-02 1.611497439444065094e-02 9.857298806309700012e-03 1.275305915623903275e-02 1.302996370941400528e-02 1.115260086953639984e-02 4.560570232570171356e-03 1.417928375303745270e-02 7.282852660864591599e-03 1.002098154276609421e-02 1.486024633049964905e-02
1.392670124769210815e-01 7.576446980237960815e-02 1.967038959264755249e-02 1.080311983823776245e-01 4.421077668666839600e-02 1.194564625620841980e-01 1.577824801206588745e-01 2.299735136330127716e-02 1.188746560364961624e-02 1.633313111960887909e-02 1.129658073186874390e-01 3.429409116506576538e-02 1.425390541553497314e-01 5.198806896805763245e-02 3.602698445320129395e-02 8.048332296311855316e-03 3.702750429511070251e-02 3.198118880391120911e-02 3.013294003903865814e-02 1.059936825186014175e-02 1.575892791152000427e-02 3.765397891402244568e-02 1.799847558140754700e-02 1.347301434725522995e-02 1.981439891096670181e-05 1.084887795150279999e-02 1.805312698706984520e-03 1.401356980204582214e-02 4.257643595337867737e-03 4.487019777297973633e-02 4.252408817410469055e-02 1.487265527248382568e-02 1.743911951780319214e-02 1.054884493350982666e-02 7.375781890004873276e-03 3.713212162256240845e-02 2.127418108284473419e-02 2.254392718896269798e-03 6.575336679816246033e-03 1.553868222981691360e-02 3.263353556394577026e-02 1.771100610494613647e-02 1.171794533729553223e-02 2.458828315138816833e-02 1.102307718247175217e-02 5.403502844274044037e-03 6.753824651241302490e-02 1.065163761377334595e-01 1.773508079349994659e-02 1.202707085758447647e-02 2.347501739859580994e-02 9.964887984097003937e-03 8.949544280767440796e-03 1.909828558564186096e-02 9.734037332236766815e-03 2.001889236271381378e-02 4.278711974620819092e-03 9.305581450462341309e-03 2.599565498530864716e-02 4.692429304122924805e-02 3.199654445052146912e-02 2.205659821629524231e-02 1.902713067829608917e-02 2.100023068487644196e-02 1.268265955150127411e-02 3.203782439231872559e-02 2.909194864332675934e-02 2.085848152637481689e-02 2.541302330791950226e-02 3.632508590817451477e-02 1.051846612244844437e-02 3.316079080104827881e-02 3.543457761406898499e-02 8.703296072781085968e-03 2.665678970515727997e-02 1.884895376861095428e-02 2.168336324393749237e-02 1.611674390733242035e-02 2.819164888933300972e-03 1.536682620644569397e-02 2.595224790275096893e-02 1.232206996064633131e-04 1.414231210947036743e-02 4.346614703536033630e-03 4.695530049502849579e-03 1.378198433667421341e-02 3.108677081763744354e-02 6.349629722535610199e-03 4.323120415210723877e-02 2.854587137699127197e-02 1.770626939833164215e-02 3.704522270709276199e-03 4.676606506109237671e-02 8.289296180009841919e-03 1.949101220816373825e-03 1.396479271352291107e-02 4.563250113278627396e-03 1.453461591154336929e-03 2.421595342457294464e-02 5.262409336864948273e-03 2.497003600001335144e-02 1.523813791573047638e-02 1.842137053608894348e-02 2.848753938451409340e-04 1.414994592778384686e-03 4.457532986998558044e-02 1.885343529284000397e-02 5.673686042428016663e-03 2.231533639132976532e-02 2.556390594691038132e-03 7.932293228805065155e-03 6.140628829598426819e-03 4.231623187661170959e-02 1.541060302406549454e-02 1.331916358321905136e-02 2.458956278860569000e-02
8.256286382675170898e-03 1.967038959264755249e-02 5.343755707144737244e-02 3.231694549322128296e-02 1.049289014190435410e-02 3.442748636007308960e-02 2.255213446915149689e-02 1.130722612142562866e-01 8.514949120581150055e-03 9.931767359375953674e-03 5.126309022307395935e-02 4.702271427959203720e-03 2.484661526978015900e-02 3.982312045991420746e-03 6.773533672094345093e-02 2.039293013513088226e-02 1.344428863376379013e-02 2.229462750256061554e-02 1.719250902533531189e-02 3.905852138996124268e-02 2.630952000617980957e-02 9.877167642116546631e-03 7.370318751782178879e-03 2.793582901358604431e-02 1.438029203563928604e-02 6.967066787183284760e-03 4.230429232120513916e-02 5.206029489636421204e-02 7.745395414531230927e-03 4.100136831402778625e-02 2.819864265620708466e-02 6.359758228063583374e-02 2.898964285850524902e-02 2.364779449999332428e-02 2.786916494369506836e-02 2.029924653470516205e-02 7.884606719017028809e-03 6.308304518461227417e-02 3.973015770316123962e-02 4.393356293439865112e-02 3.743163868784904480e-02 1.761732250452041626e-02 3.952507302165031433e-02 1.699183583259582520e-01 2.428706921637058258e-02 5.514070764183998108e-02 4.016914218664169312e-02 5.279853194952011108e-02 3.200996899977326393e-03 1.114228833466768265e-02 4.870743141509592533e-04 5.187956616282463074e-03 1.477000676095485687e-02 7.061455398797988892e-03 4.150798916816711426e-02 4.360229149460792542e-02 1.943089812994003296e-02 1.336882077157497406e-02 2.125564776360988617e-02 3.053668886423110962e-02 2.624646201729774475e-02 2.099700504913926125e-03 7.529397308826446533e-02 1.220621243119239807e-01 6.376785784959793091e-02 1.623627357184886932e-02 2.041460201144218445e-02 1.655890722759068012e-03 9.242747910320758820e-03 2.346798405051231384e-02 6.750260014086961746e-03 6.059241015464067459e-03 1.501790061593055725e-02 2.363487146794795990e-02 2.351100556552410126e-02 1.025799289345741272e-02 3.791448660194873810e-03 4.251305386424064636e-02 1.240140013396739960e-02 8.984654210507869720e-03 1.421628594398498535e-01 6.536138802766799927e-02 2.703785337507724762e-02 2.369679696857929230e-02 1.318666245788335800e-02 1.712439768016338348e-02 2.595524676144123077e-02 2.776477485895156860e-02 2.453225292265415192e-02 2.719594724476337433e-02 2.142253797501325607e-03 3.333015134558081627e-03 7.733324915170669556e-02 2.049142867326736450e-02 3.589615970849990845e-02 2.147179096937179565e-02 2.031848300248384476e-03 4.987636953592300415e-02 2.213531173765659332e-02 3.391633182764053345e-02 2.079237625002861023e-02 3.380627185106277466e-02 2.399008348584175110e-02 4.103104583919048309e-03 2.362611889839172363e-02 9.162022732198238373e-03 3.140830621123313904e-02 3.820910677313804626e-02 6.383144296705722809e-03 1.183680724352598190e-02 5.817038938403129578e-02 1.331541128456592560e-02 8.157086558640003204e-03 6.025444250553846359e-03 4.760261997580528259e-02 2.585378475487232208e-02
6.486502289772033691e-02 1.080311983823776245e-01 3.231694549322128296e-02 7.643084973096847534e-02 3.728929460048675537e-01 4.977019876241683960e-02 4.279026179574429989e-04 1.824622787535190582e-02 1.300441194325685501e-02 3.506021946668624878e-02 1.198495030403137207e-01 4.616511985659599304e-02 4.951575398445129395e-02 2.906678244471549988e-02 1.431584358215332031e-02 3.857082128524780273e-02 4.509336873888969421e-02 7.751677930355072021e-02 2.383201941847801208e-02 2.325914241373538971e-02 3.430915623903274536e-02 2.785800956189632416e-02 3.184243338182568550e-03 2.603493258357048035e-02 1.132273860275745392e-02 4.401361942291259766e-02 2.829565852880477905e-02 1.670384197495877743e-03 2.766312472522258759e-02 1.808714307844638824e-02 7.817592471837997437e-03 1.951614860445261002e-03 1.831430383026599884e-02 1.846176013350486755e-02 2.138375071808695793e-03 4.319695755839347839e-02 1.770750433206558228e-02 2.730903215706348419e-02 3.695193678140640259e-02 4.608430340886116028e-02 1.087254751473665237e-02 7.391563616693019867e-03 8.032035082578659058e-03 2.771011739969253540e-02 3.159254044294357300e-02 6.473354529589414597e-03 8.134234696626663208e-02 4.641273058950901031e-03 1.485699694603681564e-02 8.544959127902984619e-03 7.876067422330379486e-03 1.086649019271135330e-02 5.699361488223075867e-02 3.144666785374283791e-03 5.983122810721397400e-02 3.907895181328058243e-03 4.354377835988998413e-02 4.286413267254829407e-02 5.877593532204627991e-02 1.625842787325382233e-02 1.925381571054458618e-01 1.040043588727712631e-02 1.082689967006444931e-02 1.174922566860914230e-02 9.675344079732894897e-02 1.299587730318307877e-02 1.995589397847652435e-02 2.630615979433059692e-02 2.397137321531772614e-02 7.020336110144853592e-03 1.681212708353996277e-02 5.181866884231567383e-02 2.653068304061889648e-01 6.901310407556593418e-04 7.710649073123931885e-02 3.812152892351150513e-02 5.593525990843772888e-02 2.095602685585618019e-03 6.988478824496269226e-03 2.651031315326690674e-02 6.342783570289611816e-02 9.365178644657135010e-03 2.017244696617126465e-01 1.605313085019588470e-02 2.693051658570766449e-02 2.137982472777366638e-02 8.778352290391921997e-03 1.367226988077163696e-02 8.945785462856292725e-02 6.830222159624099731e-02 7.364487275481224060e-03 2.798529528081417084e-02 8.358959108591079712e-02 4.199488088488578796e-02 3.121075779199600220e-02 2.685111947357654572e-02 8.427072316408157349e-02 1.320223882794380188e-02 6.505853682756423950e-02 3.013133443892002106e-02 4.979760944843292236e-02 1.242576166987419128e-02 3.162324719596654177e-04 2.465977519750595093e-02 1.987872645258903503e-02 8.963043987751007080e-02 1.323655899614095688e-02 5.360642448067665100e-02 2.129394270014017820e-04 4.902341216802597046e-02 5.321434140205383301e-02 6.040075048804283142e-02 1.609172113239765167e-02 2.829107642173767090e-02 8.541082963347434998e-03 7.300414144992828369e-02
6.650191545486450195e-02 4.421077668666839600e-02 1.049289014190435410e-02 3.728929460048675537e-01 3.602908551692962646e-02 7.599781453609466553e-02 9.571893140673637390e-03 2.151579968631267548e-02 3.004017286002635956e-02 1.972391270101070404e-02 4.970350489020347595e-02 3.792854258790612221e-03 4.359260783530771732e-04 6.116376072168350220e-02 1.107067428529262543e-02 2.338041178882122040e-02 7.183697540313005447e-03 5.952480435371398926e-02 4.119997844099998474e-02 3.097900561988353729e-02 2.100642770528793335e-02 1.063208561390638351e-02 5.729990079998970032e-02 3.407295793294906616e-02 2.804095111787319183e-02 1.643303595483303070e-02 7.733980566263198853e-02 2.317283488810062408e-02 1.143984589725732803e-02 3.465092927217483521e-02 2.119123190641403198e-02 1.614899933338165283e-02 3.481325507164001465e-02 5.876978859305381775e-03 3.067077696323394775e-02 1.640562782995402813e-03 2.386740408837795258e-02 5.806359928101301193e-03 3.244124352931976318e-02 3.898253291845321655e-02 5.464477464556694031e-02 1.124192029237747192e-02 1.718099974095821381e-02 5.879965610802173615e-03 1.359050534665584564e-02 2.898613922297954559e-02 1.214000359177589417e-01 2.879116870462894440e-02 5.440551415085792542e-02 3.446399793028831482e-02 3.660986945033073425e-02 4.965610802173614502e-02 1.821195520460605621e-02 1.999927498400211334e-02 3.478249534964561462e-02 5.640788748860359192e-02 2.167738229036331177e-02 1.674484647810459137e-02 2.082532830536365509e-02 1.249004527926445007e-01 1.503869891166687012e-02 6.785478908568620682e-03 7.227458804845809937e-02 1.463277381844818592e-03 8.128918707370758057e-02 3.262462094426155090e-02 4.455298185348510742e-02 4.199241101741790771e-02 5.033349618315696716e-02 4.847727343440055847e-02 6.131109222769737244e-02 2.086733467876911163e-03 7.561367005109786987e-02 1.235153619199991226e-02 7.402055710554122925e-02 3.553946968168020248e-03 3.897165134549140930e-02 6.819633394479751587e-02 2.209926769137382507e-02 2.907552011311054230e-02 3.105338290333747864e-02 6.851329654455184937e-02 6.649088859558105469e-02 1.589130908250808716e-01 3.012658469378948212e-02 5.669520422816276550e-02 1.169324107468128204e-02 2.153960242867469788e-02 3.295432776212692261e-02 1.447937823832035065e-02 5.020232871174812317e-02 2.746716327965259552e-02 1.772204041481018066e-02 5.869780480861663818e-02 1.711039431393146515e-02 5.794449895620346069e-02 7.171080261468887329e-02 1.372683327645063400e-02 3.338818252086639404e-02 3.750617429614067078e-02 1.454832684248685837e-02 3.139688447117805481e-02 2.834788896143436432e-02 9.347699582576751709e-03 3.174437582492828369e-02 7.304784655570983887e-02 5.054238438606262207e-02 3.301367536187171936e-02 3.447612747550010681e-02 2.126883529126644135e-02 2.550071477890014648e-02 5.208877101540565491e-02 2.224128693342208862e-02 3.562838956713676453e-02 6.147196143865585327e-02 3.093423508107662201e-02
8.440940827131271362e-02 1.194564625620841980e-01 3.442748636007308960e-02 4.977019876241683960e-02 7.599781453609466553e-02 7.852061092853546143e-02 1.739155501127243042e-01 7.998005603440105915e-04 2.572458609938621521e-02 7.397148758172988892e-03 5.454462021589279175e-02 4.324016347527503967e-02 5.725310370326042175e-02 6.274276971817016602e-02 1.368555473163723946e-03 3.495427547022700310e-03 5.505876243114471436e-02 1.270879432559013367e-02 7.415859494358301163e-03 8.354053832590579987e-03 3.847888857126235962e-02 9.325738996267318726e-03 1.081078685820102692e-02 8.240313269197940826e-03 1.710760407149791718e-03 1.505365874618291855e-02 1.064151991158723831e-02 2.812167443335056305e-02 3.426190465688705444e-02 2.360758185386657715e-02 5.229700729250907898e-02 1.069203484803438187e-02 1.209077308885753155e-03 1.673147268593311310e-02 4.406945779919624329e-02 5.728548392653465271e-03 1.907386351376771927e-03 8.794098161160945892e-03 4.390797764062881470e-02 5.822743847966194153e-02 9.574159630574285984e-04 4.790422040969133377e-03 8.913451805710792542e-03 1.697965711355209351e-02 1.800949871540069580e-02 2.806782163679599762e-02 1.100124418735504150e-01 1.202017590403556824e-01 5.464300978928804398e-03 3.686270792968571186e-04 9.787034243345260620e-03 3.628117963671684265e-03 1.957095041871070862e-02 5.100903566926717758e-03 4.195358976721763611e-02 1.167422626167535782e-02 4.600328102242201567e-04 7.597384974360466003e-03 2.897169999778270721e-02 2.275694161653518677e-02 1.175107248127460480e-02 8.381114341318607330e-03 2.199542149901390076e-02 2.727778861299157143e-03 2.567803673446178436e-02 2.281125821173191071e-02 6.957561708986759186e-03 5.212861672043800354e-02 1.821170910261571407e-03 3.546647960320115089e-03 2.797988243401050568e-02 3.603685647249221802e-02 1.732596568763256073e-02 7.047535618767142296e-04 2.121196128427982330e-02 3.362216427922248840e-02 5.432142410427331924e-03 1.225667819380760193e-02 4.785589408129453659e-04 2.703999541699886322e-02 3.472026810050010681e-02 2.301452495157718658e-02 8.252036059275269508e-04 4.645000025629997253e-02 5.565398558974266052e-02 2.000392787158489227e-02 1.655585598200559616e-03 1.287407148629426956e-02 1.746634021401405334e-02 7.931998930871486664e-03 3.768790513277053833e-02 1.902346266433596611e-03 5.224342644214630127e-02 1.859915815293788910e-02 1.672254875302314758e-02 2.000600099563598633e-02 5.992022808641195297e-03 3.057210892438888550e-02 5.718779750168323517e-03 1.080093625932931900e-02 2.200089162215590477e-03 2.404223487246781588e-04 2.345421910285949707e-02 2.550161816179752350e-02 1.602903194725513458e-02 1.661238819360733032e-02 2.151808515191078186e-02 9.520971216261386871e-04 2.903529442846775055e-03 2.676718123257160187e-02 3.050775639712810516e-02 2.013406530022621155e-02 1.865585893392562866e-02 6.586832460016012192e-03 1.018894277513027191e-02 1.233829464763402939e-02
9.709762036800384521e-02 1.577824801206588745e-01 2.255213446915149689e-02 4.279026179574429989e-04 9.571893140673637390e-03 1.739155501127243042e-01 7.100573927164077759e-02 2.090141177177429199e-02 4.590738937258720398e-02 7.884194143116474152e-03 7.333889603614807129e-02 1.100429613143205643e-02 1.055677086114883423e-01 6.225579231977462769e-02 5.434749182313680649e-03 1.259229797869920731e-02 2.950611151754856110e-02 4.970357567071914673e-02 4.750429093837738037e-02 6.490239175036549568e-04 4.192535951733589172e-02 2.156380936503410339e-02 6.184254307299852371e-03 2.053098566830158234e-02 1.798594254069030285e-03 1.872611418366432190e-02 1.449406729079782963e-03 2.191738411784172058e-02 4.029043391346931458e-02 6.727433297783136368e-03 4.247600212693214417e-02 4.329478833824396133e-03 9.499082341790199280e-03 2.465404197573661804e-02 3.103925101459026337e-02 4.486191552132368088e-03 4.114747047424316406e-02 1.120122266001999378e-03 5.671833176165819168e-03 2.374334447085857391e-02 4.234330262988805771e-03 2.147723222151398659e-03 3.257071971893310547e-02 3.692119941115379333e-02 3.423178568482398987e-02 1.921936869621276855e-02 8.291795104742050171e-02 1.512120068073272705e-01 1.075526792556047440e-02 1.273296866565942764e-02 2.606913680210709572e-03 9.079080075025558472e-03 6.401882041245698929e-03 1.387606933712959290e-02 2.482428029179573059e-02 3.235720098018646240e-03 8.569920435547828674e-03 2.883695997297763824e-03 1.390854176133871078e-02 3.092521242797374725e-02 4.191577807068824768e-02 2.665423229336738586e-02 1.866845850599929690e-04 2.104960940778255463e-02 2.008390985429286957e-02 2.359548024833202362e-02 3.142004134133458138e-03 6.122642382979393005e-02 1.778879575431346893e-02 2.159658260643482208e-02 5.290442146360874176e-03 9.537839330732822418e-03 2.207601815462112427e-02 3.887900849804282188e-03 2.838159212842583656e-03 3.363090381026268005e-02 3.637810423970222473e-02 6.681548897176980972e-03 2.916249912232160568e-03 3.965835645794868469e-02 1.389747578650712967e-02 8.296377025544643402e-03 2.094873972237110138e-02 6.891081109642982483e-03 6.607321649789810181e-02 3.158831596374511719e-02 2.048260997980833054e-03 6.577595602720975876e-03 2.276090532541275024e-02 2.689985372126102448e-02 9.738567285239696503e-03 2.243977226316928864e-02 4.255300015211105347e-02 1.337481103837490082e-02 2.160373143851757050e-02 1.809768564999103546e-02 2.751244930550456047e-03 5.031076818704605103e-02 2.433025464415550232e-02 1.087485905736684799e-02 5.778298247605562210e-03 5.735829938203096390e-03 7.265788968652486801e-03 9.054186753928661346e-03 8.985092863440513611e-03 1.316821482032537460e-02 1.826889067888259888e-02 2.765155211091041565e-02 2.156397094950079918e-03 2.954890206456184387e-02 4.942287504673004150e-02 8.710021153092384338e-03 3.806033730506896973e-02 1.052343845367431641e-02 2.334049530327320099e-02 8.373886346817016602e-03
1.272445637732744217e-02 2.299735136330127716e-02 1.130722612142562866e-01 1.824622787535190582e-02 2.151579968631267548e-02 7.998005603440105915e-04 2.090141177177429199e-02 1.058605834841728210e-01 2.844120934605598450e-02 1.448720507323741913e-02 3.158607706427574158e-02 3.747047111392021179e-02 7.635140419006347656e-02 2.781419269740581512e-02 1.294262707233428955e-01 6.799999158829450607e-03 1.271525956690311432e-02 2.091954648494720459e-02 6.017182022333145142e-03 2.318903058767318726e-02 9.764309972524642944e-03 6.362138688564300537e-02 2.240151725709438324e-02 1.908824592828750610e-02 5.247878842055797577e-03 5.305745173245668411e-03 4.060881212353706360e-02 1.651345519348978996e-03 9.076354093849658966e-03 5.831231176853179932e-02 4.197778925299644470e-02 7.052375003695487976e-03 9.852195158600807190e-03 3.525711596012115479e-02 2.231300994753837585e-02 1.306812651455402374e-02 2.003590390086174011e-02 6.194324418902397156e-02 5.716955661773681641e-02 3.643915802240371704e-02 5.808962509036064148e-02 2.184402756392955780e-02 2.630223985761404037e-03 2.271958999335765839e-02 1.615442149341106415e-02 1.727242954075336456e-02 1.464444212615489960e-02 2.599333412945270538e-02 6.710966583341360092e-03 1.361112203449010849e-02 5.970371887087821960e-02 7.587824016809463501e-02 6.559687852859497070e-02 6.103149801492691040e-02 1.974511332809925079e-02 2.836850471794605255e-02 1.769186556339263916e-02 1.370759680867195129e-02 3.504883497953414917e-02 6.320288032293319702e-02 8.461998775601387024e-03 3.763072192668914795e-02 2.840954437851905823e-02 1.495820004492998123e-02 1.713754981756210327e-02 2.987541258335113525e-02 2.948432229459285736e-03 5.079986527562141418e-03 2.855211496353149414e-02 2.083845995366573334e-02 1.504511851817369461e-02 2.764075994491577148e-02 6.198692694306373596e-02 2.498437650501728058e-02 1.043813675642013550e-02 5.056723486632108688e-03 3.126902878284454346e-02 2.664232440292835236e-02 2.919978648424148560e-02 1.105898898094892502e-02 1.235185191035270691e-01 1.218418851494789124e-01 2.981580980122089386e-02 2.123286202549934387e-02 1.259794924408197403e-02 9.059041738510131836e-03 7.974004000425338745e-02 7.605984807014465332e-02 2.543245628476142883e-02 1.428883429616689682e-02 3.041559457778930664e-02 4.893012717366218567e-02 4.082575906068086624e-04 3.027485869824886322e-02 4.910372663289308548e-03 8.769334526732563972e-04 3.972179442644119263e-02 1.188549026846885681e-02 1.435004919767379761e-02 4.110177513211965561e-03 2.107908716425299644e-03 1.286535698454827070e-04 4.411501064896583557e-02 4.139385710004717112e-04 3.387811034917831421e-02 2.384699881076812744e-02 5.713970400393009186e-03 2.573034726083278656e-02 7.103576324880123138e-03 1.905349642038345337e-02 5.571464076638221741e-02 1.470722164958715439e-02 1.059496309608221054e-02 4.354618955403566360e-03 3.646054770797491074e-03 3.576971217989921570e-02
5.889051593840122223e-03 1.188746560364961624e-02 8.514949120581150055e-03 1.300441194325685501e-02 3.004017286002635956e-02 2.572458609938621521e-02 4.590738937258720398e-02 2.844120934605598450e-02 9.919741004705429077e-02 4.264061152935028076e-02 4.082643426954746246e-03 4.323912411928176880e-02 5.159203428775072098e-03 4.147895425558090210e-02 1.070781983435153961e-02 9.483683854341506958e-03 2.217617444694042206e-02 8.838499337434768677e-02 9.859090670943260193e-03 1.203951053321361542e-02 1.000597258098423481e-03 1.031915564090013504e-02 5.115572735667228699e-02 4.738702252507209778e-02 3.084951313212513924e-03 2.485424466431140900e-02 2.112751267850399017e-02 7.879925891757011414e-03 1.636080816388130188e-02 2.866186201572418213e-02 1.520412508398294449e-02 3.376186825335025787e-03 5.927904043346643448e-03 3.562278812751173973e-03 2.268176525831222534e-02 8.506618440151214600e-03 1.991721987724304199e-02 7.495295256376266479e-03 5.941074807196855545e-03 4.123670980334281921e-03 4.026278853416442871e-02 5.912784114480018616e-02 1.003167591989040375e-02 9.379051625728607178e-03 4.480195418000221252e-02 4.588379338383674622e-02 5.925558973103761673e-03 1.031425222754478455e-02 2.615774609148502350e-02 7.195485290139913559e-03 2.332284860312938690e-02 5.687741562724113464e-03 1.013635750859975815e-02 1.231605373322963715e-02 7.911922037601470947e-02 2.947362605482339859e-03 1.243250351399183273e-02 1.680558174848556519e-02 7.508983835577964783e-03 6.528905592858791351e-03 7.319116033613681793e-03 9.143844246864318848e-03 2.891897922381758690e-03 2.159482426941394806e-02 2.073100954294204712e-02 4.932602401822805405e-03 4.683163948357105255e-03 3.996151965111494064e-03 7.269246131181716919e-02 1.044870726764202118e-02 5.692584440112113953e-02 3.979061543941497803e-02 4.093157872557640076e-02 2.774739451706409454e-02 2.331496216356754303e-02 2.249949611723423004e-02 1.217724308371543884e-01 6.152338534593582153e-02 5.608609691262245178e-02 8.641878515481948853e-02 6.591072678565979004e-02 1.351936906576156616e-02 1.454743905924260616e-03 2.265922166407108307e-02 3.960149362683296204e-02 1.316731143742799759e-02 5.658008158206939697e-02 9.106379002332687378e-03 2.942194603383541107e-02 8.215671032667160034e-02 7.257150136865675449e-04 1.995842158794403076e-02 1.526180654764175415e-02 1.632157154381275177e-02 4.719466902315616608e-03 1.716910488903522491e-02 4.190319031476974487e-02 4.130512103438377380e-02 7.470393925905227661e-02 4.144700244069099426e-02 1.973828300833702087e-03 1.999900443479418755e-03 2.427514269948005676e-02 3.530786558985710144e-02 2.118150889873504639e-02 4.407230764627456665e-03 2.013920433819293976e-02 2.189211361110210419e-02 6.507632322609424591e-03 2.133676223456859589e-02 6.810450553894042969e-02 1.297962199896574020e-02 2.759857801720499992e-03 1.260395348072052002e-02 2.880824916064739227e-02 1.730701699852943420e-02
3.289588494226336479e-03 1.633313111960887909e-02 9.931767359375953674e-03 3.506021946668624878e-02 1.972391270101070404e-02 7.397148758172988892e-03 7.884194143116474152e-03 1.448720507323741913e-02 4.264061152935028076e-02 7.044113427400588989e-02 1.955341780558228493e-03 2.734444662928581238e-02 1.104857120662927628e-02 4.164239764213562012e-02 7.684718817472457886e-03 1.626021601259708405e-02 1.249589584767818451e-02 7.061851210892200470e-03 7.380354404449462891e-02 2.611253876239061356e-03 2.502977440599352121e-04 1.446527428925037384e-02 3.378149121999740601e-02 5.268481746315956116e-02 2.429865114390850067e-02 3.646339057013392448e-03 3.115944750607013702e-02 5.278764665126800537e-02 3.315874934196472168e-02 3.651001304388046265e-02 4.420793149620294571e-03 9.077060036361217499e-03 1.526622753590345383e-02 3.556274110451340675e-03 3.693148493766784668e-03 4.989792779088020325e-02 8.337472565472126007e-03 1.021024584770202637e-02 6.199795287102460861e-03 4.683018196374177933e-03 1.650350913405418396e-02 1.761400699615478516e-02 4.410431534051895142e-02 1.540432451292872429e-03 4.913577809929847717e-02 6.248395889997482300e-02 1.690571755170822144e-02 3.411608049646019936e-03 1.823497377336025238e-02 6.882860511541366577e-02 1.497585326433181763e-02 3.076764754951000214e-02 1.162826642394065857e-02 3.956587519496679306e-03 8.466703584417700768e-04 7.203109562397003174e-02 2.193516306579113007e-02 8.743878570385277271e-04 1.873014122247695923e-02 2.135001681745052338e-02 2.624385058879852295e-02 3.308602049946784973e-02 2.659425698220729828e-02 1.936934888362884521e-02 3.843829501420259476e-03 8.365446701645851135e-03 3.036160487681627274e-03 8.761663921177387238e-03 2.123394422233104706e-02 4.038011655211448669e-02 2.985326945781707764e-02 4.131850600242614746e-02 2.752447128295898438e-02 2.478845790028572083e-02 1.460525766015052795e-02 3.860124200582504272e-02 3.287097066640853882e-02 7.136970758438110352e-02 4.808446019887924194e-02 7.816507667303085327e-02 4.757959768176078796e-02 1.958472095429897308e-02 1.011592242866754532e-02 3.750524669885635376e-02 4.076100420206785202e-03 3.286680206656455994e-02 1.721907965838909149e-02 1.079240720719099045e-02 1.040332298725843430e-02 3.294884786009788513e-02 4.098560288548469543e-02 1.816817373037338257e-02 8.112782612442970276e-03 1.759018562734127045e-02 9.221976622939109802e-03 2.409263886511325836e-02 4.233063757419586182e-02 5.130820209160447121e-04 1.578039862215518951e-02 3.176232054829597473e-02 2.928612520918250084e-03 8.501312695443630219e-03 1.946521922945976257e-02 2.474514022469520569e-02 1.902521215379238129e-02 1.587320491671562195e-02 7.886026054620742798e-03 1.963853091001510620e-02 1.265660044737160206e-03 8.783430792391300201e-03 8.721379563212394714e-03 2.028129529207944870e-03 1.720538595691323280e-03 1.651388965547084808e-02 2.353686839342117310e-02 1.334592327475547791e-02
9.518097341060638428e-02 1.129658073186874390e-01 5.126309022307395935e-02 1.198495030403137207e-01 4.970350489020347595e-02 5.454462021589279175e-02 7.333889603614807129e-02 3.158607706427574158e-02 4.082643426954746246e-03 1.955341780558228493e-03 8.582469075918197632e-02 2.373820357024669647e-02 1.216666847467422485e-01 2.674030326306819916e-02 3.676667436957359314e-02 1.372027676552534103e-03 1.517514977604150772e-02 4.169214144349098206e-02 2.424749173223972321e-02 4.334216937422752380e-03 6.960138678550720215e-03 5.398301035165786743e-02 7.179128471761941910e-03 2.332551637664437294e-03 1.893251389265060425e-02 1.004099380224943161e-02 9.482155553996562958e-03 2.640779502689838409e-02 4.143106564879417419e-02 1.808721758425235748e-02 6.015536934137344360e-02 2.010336704552173615e-02 2.234197221696376801e-02 5.708237178623676300e-03 1.117832120507955551e-02 3.543644025921821594e-02 6.157455034554004669e-03 9.860103018581867218e-03 5.237879604101181030e-02 2.565180649980902672e-03 4.837023094296455383e-03 3.642622008919715881e-02 1.646941760554909706e-03 1.406102441251277924e-02 4.242612340021878481e-04 6.862915470264852047e-04 3.446499258279800415e-02 5.275908857583999634e-02 3.033448010683059692e-03 1.080303918570280075e-02 2.352192811667919159e-02 9.674317203462123871e-03 2.805283293128013611e-02 3.726529330015182495e-02 1.680824719369411469e-02 9.716722182929515839e-03 2.624925039708614349e-02 2.201490337029099464e-03 1.248312555253505707e-02 1.581201702356338501e-02 1.071592327207326889e-02 1.228180062025785446e-02 4.359208047389984131e-02 5.080480501055717468e-02 7.414938509464263916e-02 7.567217946052551270e-02 1.315406430512666702e-02 2.807390177622437477e-03 7.904756814241409302e-03 3.141114860773086548e-02 2.429534913972020149e-03 6.385480053722858429e-03 5.528509616851806641e-02 2.745875157415866852e-02 4.457332566380500793e-02 1.038699876517057419e-02 3.122121840715408325e-02 1.811697380617260933e-03 9.636892005801200867e-03 9.370301268063485622e-04 1.676263287663459778e-02 5.284782126545906067e-02 5.307149607688188553e-03 8.324339985847473145e-03 3.723677946254611015e-03 3.547727316617965698e-02 7.199127972126007080e-02 1.979670487344264984e-02 2.558899670839309692e-02 8.124774321913719177e-03 2.656468376517295837e-02 7.259606570005416870e-02 4.352351650595664978e-02 2.329134568572044373e-02 1.035970635712146759e-02 3.501117927953600883e-03 1.081988774240016937e-02 1.003851648420095444e-02 1.719051040709018707e-02 2.506146952509880066e-02 1.757555268704891205e-02 7.107516285032033920e-03 2.755807247012853622e-03 3.821385791525244713e-03 4.296583682298660278e-02 5.298606678843498230e-02 8.379492908716201782e-03 2.657633088529109955e-02 3.178943414241075516e-03 3.385416697710752487e-03 1.350366137921810150e-02 1.542600896209478378e-02 1.097004953771829605e-02 3.105110488831996918e-03 3.276218846440315247e-02 9.069014340639114380e-03
2.949891984462738037e-02 3.429409116506576538e-02 4.702271427959203720e-03 4.616511985659599304e-02 3.792854258790612221e-03 4.324016347527503967e-02 1.100429613143205643e-02 3.747047111392021179e-02 4.323912411928176880e-02 2.734444662928581238e-02 2.373820357024669647e-02 6.200008094310760498e-02 3.436396643519401550e-02 1.555659621953964233e-01 5.108328536152839661e-02 7.714021019637584686e-03 3.365936130285263062e-02 1.916851475834846497e-02 8.427059277892112732e-03 2.196899987757205963e-02 1.795463636517524719e-02 1.943215727806091309e-02 5.955245718359947205e-02 6.808302551507949829e-02 1.670090667903423309e-02 7.077174726873636246e-03 1.526023726910352707e-02 1.027571186423301697e-01 1.838884875178337097e-02 8.381014317274093628e-02 1.312775071710348129e-02 1.823477260768413544e-02 3.545162081718444824e-02 2.647404326125979424e-03 2.162905037403106689e-02 2.784922486171126366e-03 4.331605136394500732e-02 2.846555411815643311e-02 1.776320114731788635e-02 1.256342604756355286e-02 6.267228163778781891e-03 1.841855421662330627e-02 9.726896882057189941e-03 3.906470537185668945e-02 3.820664808154106140e-02 3.666497021913528442e-02 1.315870508551597595e-02 2.644083579070866108e-04 1.366500183939933777e-02 1.114553585648536682e-02 3.515189141035079956e-02 4.053587839007377625e-02 4.202910512685775757e-02 1.443514041602611542e-02 3.594181686639785767e-02 2.621043659746646881e-02 5.753401201218366623e-03 1.463604345917701721e-02 1.205548364669084549e-02 1.514864619821310043e-02 1.707957871258258820e-02 1.180777139961719513e-02 1.123905275017023087e-02 3.142368048429489136e-02 1.041144970804452896e-02 1.048708148300647736e-02 1.860577240586280823e-02 5.740574095398187637e-03 3.395856171846389771e-02 1.272571831941604614e-02 5.224088579416275024e-02 1.191694382578134537e-02 1.166571397334337234e-02 6.174538750201463699e-03 3.592156618833541870e-02 1.353392284363508224e-02 4.175479710102081299e-02 5.769122391939163208e-02 3.648726735264062881e-03 1.808256469666957855e-02 1.134049333631992340e-02 2.000732347369194031e-02 3.673118306323885918e-03 2.908060699701309204e-02 1.540907658636569977e-02 8.162149228155612946e-03 6.832487415522336960e-03 2.490775659680366516e-02 3.869278728961944580e-02 6.523245573043823242e-02 4.608738236129283905e-03 1.799265481531620026e-02 4.411501437425613403e-02 1.479187631048262119e-03 4.275481216609477997e-03 1.146191172301769257e-02 4.397682100534439087e-02 2.539176307618618011e-02 1.647159270942211151e-02 2.489978447556495667e-02 4.797879955731332302e-04 1.533828675746917725e-02 2.510913647711277008e-02 1.157085597515106201e-02 3.006140515208244324e-02 2.091541700065135956e-02 1.937355659902095795e-02 6.098380312323570251e-03 2.059997804462909698e-02 2.954399585723876953e-02 5.584271624684333801e-03 4.049614444375038147e-02 5.323231220245361328e-03 1.614861749112606049e-02 1.035767514258623123e-02 4.224056005477905273e-02
9.004880487918853760e-02 1.425390541553497314e-01 2.484661526978015900e-02 4.951575398445129395e-02 4.359260783530771732e-04 5.725310370326042175e-02 1.055677086114883423e-01 7.635140419006347656e-02 5.159203428775072098e-03 1.104857120662927628e-02 1.216666847467422485e-01 3.436396643519401550e-02 6.470663845539093018e-02 4.082240909337997437e-02 9.044986218214035034e-02 1.550367008894681931e-02 1.100638974457979202e-02 2.075913920998573303e-02 2.381307445466518402e-02 1.247820258140563965e-02 3.658661991357803345e-02 8.485615253448486328e-02 7.089283782988786697e-03 1.172794145531952381e-03 1.109376642853021622e-02 1.006338931620121002e-02 1.486714370548725128e-02 5.179565865546464920e-03 2.959533780813217163e-02 3.356992453336715698e-02 8.817570656538009644e-02 2.881787344813346863e-02 2.388616325333714485e-03 7.893440313637256622e-03 1.068131253123283386e-02 2.854512259364128113e-02 2.146475017070770264e-03 1.920206099748611450e-02 3.067262656986713409e-02 1.312863361090421677e-02 1.062002312391996384e-02 1.573913916945457458e-02 1.673918031156063080e-02 4.089096561074256897e-02 1.298014819622039795e-02 4.510252922773361206e-02 2.011656574904918671e-02 7.620710134506225586e-02 5.843842867761850357e-03 2.937750192359089851e-03 4.114923626184463501e-02 3.384524025022983551e-03 2.554563805460929871e-02 5.393544957041740417e-02 2.448080666363239288e-02 1.580201275646686554e-02 1.258862577378749847e-02 2.684392407536506653e-02 3.033016435801982880e-02 2.532217092812061310e-02 4.587040469050407410e-02 1.086105592548847198e-02 9.924767538905143738e-03 7.969371229410171509e-02 2.227228321135044098e-02 9.147220849990844727e-02 2.108449371007736772e-05 3.320588916540145874e-02 2.221031486988067627e-02 2.336021699011325836e-02 3.473635762929916382e-02 8.768400549888610840e-02 1.292254775762557983e-02 2.556658117100596428e-03 1.252237893640995026e-02 3.419480845332145691e-02 9.360097348690032959e-03 1.946914196014404297e-02 1.798920333385467529e-02 7.761911023408174515e-03 4.259405657649040222e-02 3.816334530711174011e-03 4.124327003955841064e-02 4.195455089211463928e-02 3.333991393446922302e-02 4.460016265511512756e-02 3.178772702813148499e-02 6.144935265183448792e-02 2.215795451775193214e-03 2.006658166646957397e-02 3.213612129911780357e-03 7.073357701301574707e-03 7.392678875476121902e-03 2.811301499605178833e-02 1.708138035610318184e-03 2.797678299248218536e-02 2.242332138121128082e-02 3.129330277442932129e-02 8.329649455845355988e-03 1.167100295424461365e-02 2.938728407025337219e-02 2.819351619109511375e-03 3.876826912164688110e-02 3.234431147575378418e-02 4.739062860608100891e-02 4.312774166464805603e-03 5.653638392686843872e-02 1.438131462782621384e-02 1.407651137560606003e-02 9.147736243903636932e-03 4.015176091343164444e-03 3.720898553729057312e-02 2.013041079044342041e-02 1.603619195520877838e-02 1.978605985641479492e-02 1.832347922027111053e-02
