8.524499088525772095e-02 1.463201344013214111e-01 7.535688579082489014e-02 6.619841326028108597e-03 2.946072723716497421e-03 1.091326847672462463e-01 9.904860705137252808e-02 4.590532928705215454e-02 1.664712838828563690e-02 1.046823337674140930e-02 1.003387048840522766e-01 4.441190138459205627e-02 8.674387633800506592e-02 3.103191219270229340e-02 4.642064124345779419e-02 2.100446261465549469e-02 3.503177314996719360e-02 1.286742463707923889e-02 1.501223258674144745e-02 2.615730650722980499e-02 1.159210037440061569e-02 3.784485394135117531e-03 4.626651294529438019e-03 2.946837246417999268e-02 1.773648709058761597e-02 2.179587446153163910e-02 3.572901710867881775e-02 3.079655021429061890e-02 2.672772854566574097e-02 5.582759156823158264e-03 4.845353588461875916e-02 3.755539655685424805e-03 7.273987401276826859e-03 1.208593323826789856e-02 1.882376335561275482e-02 3.424887359142303467e-02 3.743913024663925171e-02 9.553568437695503235e-03 4.070770740509033203e-02 2.264776825904846191e-02 3.303785249590873718e-02 4.662169516086578369e-02 1.536007132381200790e-02 7.995988242328166962e-03 2.231714548543095589e-03 4.950796812772750854e-02 6.031610816717147827e-02 6.005175039172172546e-02 1.282956916838884354e-02 6.939690560102462769e-03 2.659860625863075256e-02 1.901737297885119915e-03 9.164488874375820160e-03 2.544147707521915436e-02 7.339904084801673889e-03 3.987966105341911316e-02 1.474496629089117050e-02 3.555339202284812927e-02 3.832405805587768555e-02 7.267897482961416245e-03 6.304159294813871384e-03 1.964829489588737488e-02 2.590134274214506149e-03 2.433962002396583557e-02 2.906040102243423462e-02 2.704595588147640228e-02 4.978814162313938141e-03 1.231562718749046326e-02 2.126194769516587257e-03 2.595404861494898796e-03 1.714459620416164398e-02 2.677086181938648224e-02 2.107393369078636169e-02 1.864792197011411190e-03 3.468357771635055542e-02 5.426703020930290222e-02 9.634803049266338348e-03 2.886926755309104919e-03 1.478076074272394180e-02 5.156858265399932861e-02 2.807639911770820618e-02 5.990103818476200104e-03 3.963613882660865784e-03 2.824285998940467834e-02 2.053362689912319183e-02 9.927356615662574768e-03 1.132238842546939850e-02 3.396887332201004028e-02 4.309909883886575699e-03 8.985890075564384460e-03 1.635720953345298767e-02 8.973633521236479282e-05 2.422223426401615143e-02 3.788355737924575806e-03 2.375361695885658264e-02 2.482234500348567963e-03 2.764706034213304520e-03 4.994943365454673767e-02 3.370967134833335876e-02 1.793424785137176514e-02 9.450065903365612030e-03 2.672007307410240173e-02 4.902864992618560791e-02 1.835534907877445221e-02 9.577287361025810242e-03 2.118184603750705719e-02 2.178619988262653351e-02 4.255253076553344727e-02 2.665648423135280609e-02 3.336404450237751007e-03 1.441331114619970322e-02 6.727588828653097153e-03 2.685332484543323517e-02 2.664944715797901154e-02 5.213811062276363373e-03 1.571045443415641785e-02
1.463201344013214111e-01 9.990122914314270020e-02 3.536382317543029785e-02 2.375119924545288086e-02 5.834688432514667511e-03 1.089805364608764648e-01 1.268185526132583618e-01 4.548280686140060425e-02 6.172065064311027527e-02 6.792072672396898270e-03 6.547609716653823853e-02 2.912616543471813202e-02 9.581571817398071289e-02 4.030483961105346680e-02 1.082965545356273651e-02 4.946395754814147949e-03 1.527867373079061508e-02 6.629667710512876511e-03 4.356621950864791870e-02 6.463813595473766327e-03 1.500105112791061401e-02 4.773981496691703796e-02 4.767791926860809326e-02 3.516898304224014282e-02 3.496331349015235901e-02 5.583024583756923676e-03 6.224634591490030289e-03 2.791119739413261414e-02 9.952791966497898102e-03 2.117866463959217072e-02 1.650332473218441010e-02 2.194784954190254211e-02 8.541594259440898895e-03 1.396328862756490707e-02 3.257439704611897469e-03 1.121939625591039658e-02 2.407919056713581085e-02 9.261287632398307323e-04 3.930439800024032593e-02 2.070506662130355835e-02 1.562496926635503769e-02 2.631529048085212708e-02 4.968563094735145569e-03 9.329553693532943726e-03 7.559287827461957932e-03 7.604093104600906372e-02 8.663797378540039062e-02 1.067698150873184204e-01 1.295457314699888229e-02 1.515796757303178310e-03 6.499688606709241867e-03 3.311221254989504814e-03 8.754941634833812714e-03 8.384254761040210724e-03 2.094838395714759827e-02 2.433729730546474457e-02 5.407493561506271362e-03 9.707748889923095703e-03 2.819008938968181610e-02 1.657474227249622345e-02 3.254444105550646782e-03 6.531581282615661621e-03 3.411963954567909241e-02 5.870537832379341125e-03 1.249609235674142838e-02 4.596323147416114807e-02 1.123521942645311356e-03 7.701598573476076126e-03 2.471563965082168579e-02 3.048326075077056885e-02 3.694814071059226990e-02 7.329934090375900269e-02 2.346236072480678558e-02 3.038141876459121704e-02 5.783715471625328064e-02 6.015661731362342834e-02 3.438201919198036194e-02 7.917400449514389038e-03 2.682322636246681213e-03 1.273951865732669830e-02 2.882289700210094452e-02 2.526123309507966042e-03 9.697385132312774658e-03 2.323781326413154602e-02 1.031622104346752167e-02 7.423018570989370346e-03 5.052001401782035828e-02 4.331683740019798279e-03 8.987525943666696548e-04 5.095173139125108719e-03 4.768917709589004517e-02 5.693705379962921143e-02 8.225719630718231201e-02 4.802313446998596191e-02 4.025651514530181885e-02 1.351414062082767487e-02 1.500122807919979095e-02 4.551706090569496155e-02 2.165632508695125580e-02 8.628931827843189240e-03 1.009524893015623093e-02 2.162626385688781738e-02 1.187368761748075485e-02 4.103872179985046387e-02 2.165845595300197601e-02 3.968667611479759216e-02 2.114379405975341797e-02 6.536666303873062134e-02 2.883909968659281731e-03 2.247692458331584930e-02 7.753260899335145950e-03 2.788476087152957916e-02 8.082843385636806488e-03 2.370771951973438263e-02 1.722262054681777954e-02 1.805143058300018311e-02
7.535688579082489014e-02 3.536382317543029785e-02 3.003147989511489868e-02 5.983183626085519791e-03 3.345964848995208740e-02 9.193888981826603413e-04 2.051543630659580231e-02 1.909029334783554077e-01 1.135314162820577621e-02 1.154263503849506378e-02 2.002061344683170319e-02 5.636779591441154480e-02 3.389773517847061157e-02 8.026289753615856171e-03 1.883146911859512329e-02 1.223947666585445404e-02 5.280902609229087830e-03 1.844785735011100769e-02 2.738690562546253204e-02 2.687477692961692810e-02 6.411505490541458130e-02 4.807807132601737976e-02 6.111909076571464539e-02 2.630772767588496208e-03 6.425892561674118042e-02 6.207061558961868286e-02 3.110613673925399780e-02 5.481697246432304382e-02 3.469029814004898071e-02 4.128652438521385193e-02 7.591908331960439682e-03 9.244034066796302795e-03 1.626370847225189209e-02 7.378391455858945847e-03 6.047789752483367920e-02 4.619358107447624207e-03 3.156949579715728760e-02 4.735990241169929504e-02 3.953653387725353241e-03 3.039257414638996124e-02 5.091046914458274841e-02 6.703244149684906006e-02 4.459955915808677673e-02 1.423042863607406616e-01 1.393587887287139893e-02 1.401718053966760635e-02 4.332181997597217560e-03 2.851171232759952545e-02 8.547265082597732544e-03 1.314597576856613159e-02 4.691413789987564087e-02 4.746431950479745865e-03 1.661063544452190399e-02 4.973773658275604248e-02 1.423123525455594063e-03 4.692872986197471619e-03 6.663972977548837662e-03 9.814359992742538452e-02 5.277197342365980148e-04 5.264709144830703735e-02 1.223686523735523224e-02 2.333959564566612244e-02 6.778349168598651886e-03 7.040241360664367676e-02 1.128296833485364914e-02 5.123357288539409637e-03 2.662924304604530334e-02 1.568888314068317413e-02 1.390284858644008636e-02 6.863077729940414429e-02 4.331838805228471756e-03 6.905889511108398438e-02 7.809129543602466583e-03 4.508924204856157303e-03 5.505320429801940918e-02 9.657227434217929840e-03 6.238630507141351700e-03 2.811082080006599426e-02 1.627873256802558899e-02 4.176948685199022293e-03 3.460617363452911377e-01 2.237647771835327148e-01 3.866198658943176270e-02 2.526816679164767265e-04 2.397754415869712830e-02 6.563072651624679565e-02 5.611332878470420837e-02 1.252219267189502716e-02 4.729569330811500549e-02 1.927905529737472534e-02 8.260410279035568237e-03 2.184204570949077606e-02 2.764749340713024139e-02 2.349885553121566772e-02 1.602678373456001282e-02 3.983110189437866211e-02 6.931501440703868866e-03 2.702860534191131592e-02 7.241038233041763306e-02 1.551300846040248871e-02 2.311452105641365051e-02 5.883638933300971985e-02 1.293200626969337463e-02 2.378181181848049164e-02 2.358919382095336914e-02 2.150718495249748230e-02 1.959022693336009979e-02 3.748107329010963440e-02 1.508839335292577744e-02 1.755276881158351898e-02 2.423519082367420197e-02 8.385111391544342041e-02 4.380122572183609009e-02 2.090421505272388458e-02 6.546041369438171387e-02 1.919351890683174133e-02
6.619841326028108597e-03 2.375119924545288086e-02 5.983183626085519791e-03 5.942305177450180054e-02 1.500724405050277710e-01 3.284471854567527771e-02 3.045385330915451050e-02 6.476731039583683014e-03 3.652854636311531067e-02 1.919231563806533813e-02 1.853298582136631012e-02 2.580901607871055603e-02 1.707044057548046112e-02 4.626814275979995728e-02 1.025102916173636913e-03 8.467913721688091755e-04 1.616138778626918793e-02 3.153230249881744385e-02 3.218669071793556213e-02 5.437307432293891907e-02 2.504111267626285553e-02 4.129822831600904465e-03 2.934787608683109283e-02 6.805573590099811554e-03 1.828784239478409290e-03 3.665654361248016357e-02 2.218533866107463837e-02 4.098150134086608887e-02 1.662944816052913666e-02 2.285213768482208252e-02 4.537694156169891357e-02 1.755276694893836975e-02 2.260861918330192566e-03 9.277263889089226723e-04 1.915391162037849426e-02 3.210049495100975037e-02 5.969544500112533569e-02 1.169712096452713013e-02 7.900319248437881470e-02 7.279337942600250244e-02 2.483301050961017609e-02 1.862755790352821350e-02 1.169784832745790482e-02 1.327845547348260880e-02 5.358853191137313843e-02 4.913350939750671387e-02 3.151855990290641785e-02 1.411738246679306030e-02 4.388450458645820618e-02 8.618275023763999343e-05 1.454059127718210220e-02 3.696959093213081360e-02 8.932575583457946777e-03 9.268759191036224365e-02 4.091945290565490723e-02 2.053086459636688232e-02 3.662176430225372314e-02 4.777785018086433411e-02 5.797596275806427002e-02 3.787559270858764648e-02 3.807251155376434326e-02 2.042377553880214691e-02 4.286780953407287598e-02 8.218318223953247070e-03 1.579629816114902496e-02 1.503825187683105469e-02 7.721939589828252792e-03 1.382019743323326111e-02 3.443632647395133972e-02 6.928566843271255493e-03 2.286542579531669617e-02 2.791808918118476868e-02 7.544984668493270874e-02 1.051767636090517044e-02 7.197082042694091797e-02 4.958046972751617432e-02 5.110196024179458618e-02 2.855796553194522858e-02 2.125767990946769714e-02 1.306973397731781006e-02 1.768300682306289673e-02 2.592501789331436157e-02 1.297546327114105225e-01 8.832026273012161255e-02 1.969974860548973083e-02 5.339458957314491272e-02 2.165019139647483826e-02 3.846150636672973633e-02 2.112420462071895599e-02 2.260865457355976105e-02 4.918848164379596710e-03 3.175779059529304504e-02 1.306405290961265564e-02 4.223195835947990417e-02 5.743279680609703064e-02 5.146971717476844788e-02 1.084476429969072342e-02 2.260846830904483795e-02 2.039766125380992889e-02 3.763052821159362793e-02 1.370434300042688847e-03 2.242940478026866913e-02 2.991975098848342896e-02 2.075939811766147614e-02 9.908200241625308990e-03 6.603590212762355804e-03 1.257351227104663849e-02 5.677388980984687805e-02 8.243435062468051910e-03 5.516423657536506653e-02 2.497964352369308472e-02 2.516687847673892975e-02 3.332312451675534248e-03 2.266556769609451294e-02 2.938044257462024689e-02 8.669304661452770233e-03
2.946072723716497421e-03 5.834688432514667511e-03 3.345964848995208740e-02 1.500724405050277710e-01 4.056538268923759460e-02 2.732915990054607391e-02 1.323082204908132553e-02 9.228131733834743500e-03 2.776139415800571442e-02 3.529161587357521057e-02 2.330979332327842712e-02 1.054242067039012909e-02 1.622180640697479248e-02 1.568197272717952728e-02 1.627839729189872742e-02 5.742847919464111328e-02 4.562215507030487061e-02 1.675037667155265808e-02 1.748949289321899414e-03 9.168722899630665779e-04 7.413928862661123276e-03 1.125985197722911835e-02 3.161316365003585815e-02 2.160097286105155945e-02 6.291858851909637451e-03 3.711841627955436707e-02 2.748523256741464138e-04 1.801489479839801788e-02 7.789694704115390778e-03 8.780103176832199097e-03 3.225650638341903687e-02 8.539550006389617920e-03 1.834163069725036621e-02 1.198424398899078369e-02 1.101759541779756546e-02 5.836856365203857422e-02 8.978069573640823364e-02 2.527530863881111145e-02 8.761711418628692627e-02 1.149245575070381165e-01 8.531285449862480164e-03 2.025780826807022095e-02 6.049091462045907974e-03 1.388964429497718811e-02 7.478476502001285553e-03 2.339742891490459442e-02 1.462185569107532501e-02 4.520645306911319494e-04 1.442112401127815247e-02 2.563241869211196899e-02 4.808782250620424747e-04 2.392810024321079254e-02 1.449017040431499481e-02 1.004555225372314453e-01 2.293739281594753265e-02 1.176916062831878662e-02 2.321714535355567932e-02 4.541855305433273315e-02 3.520963713526725769e-02 2.458555623888969421e-02 3.575115650892257690e-02 5.502498522400856018e-02 2.843905426561832428e-02 8.032830432057380676e-03 4.587122239172458649e-03 3.556778281927108765e-02 3.483650460839271545e-02 1.605080440640449524e-02 1.983263157308101654e-02 3.925106674432754517e-02 1.457529142498970032e-02 1.487753470428287983e-03 6.348488479852676392e-02 6.176975090056657791e-03 9.565039724111557007e-02 3.253073617815971375e-02 1.962026581168174744e-02 3.671566396951675415e-02 1.649707369506359100e-02 3.047616593539714813e-02 4.395802691578865051e-02 8.036496117711067200e-03 1.161546856164932251e-01 1.323682367801666260e-01 4.931239038705825806e-02 1.761269196867942810e-02 1.883182488381862640e-02 6.003505084663629532e-03 9.426059201359748840e-03 3.441808372735977173e-02 5.039225332438945770e-03 4.772092774510383606e-02 2.758788876235485077e-02 1.232165750116109848e-02 5.910709500312805176e-03 2.175771817564964294e-02 2.315609529614448547e-02 2.494360692799091339e-02 4.933221638202667236e-02 2.472071535885334015e-02 5.740101449191570282e-03 5.082182958722114563e-02 5.618372932076454163e-02 8.412041701376438141e-03 2.217889996245503426e-03 2.535333624109625816e-03 2.581080608069896698e-02 5.701020732522010803e-02 1.917911320924758911e-02 5.861619114875793457e-02 4.805825278162956238e-02 3.692972287535667419e-02 1.786649599671363831e-02 3.201100043952465057e-03 2.846679999493062496e-04 3.783495351672172546e-02
1.091326847672462463e-01 1.089805364608764648e-01 9.193888981826603413e-04 3.284471854567527771e-02 2.732915990054607391e-02 1.197628006339073181e-01 1.875062286853790283e-01 8.932945318520069122e-03 2.472259849309921265e-02 8.500115945935249329e-03 8.698893338441848755e-02 7.289440929889678955e-02 9.983507543802261353e-02 5.663571506738662720e-02 1.150043317466042936e-04 3.026100806891918182e-02 1.156354509294033051e-02 3.514800220727920532e-02 3.392099589109420776e-02 9.561124024912714958e-04 2.328340522944927216e-02 1.670563779771327972e-02 2.698267996311187744e-02 1.547086425125598907e-02 2.515762485563755035e-02 1.578604243695735931e-02 3.264046087861061096e-02 1.210403046570718288e-03 8.737188763916492462e-03 1.581484079360961914e-02 3.928949311375617981e-02 1.265906076878309250e-02 1.037068013101816177e-02 7.995154708623886108e-03 2.794010378420352936e-02 1.091084443032741547e-02 3.232816979289054871e-02 3.052248619496822357e-02 1.227575540542602539e-02 1.463693566620349884e-02 9.733993560075759888e-03 1.891995966434478760e-02 2.924094907939434052e-03 7.047892361879348755e-02 2.234172262251377106e-02 3.315233811736106873e-02 1.334105432033538818e-01 1.145338118076324463e-01 1.792160049080848694e-02 1.892962306737899780e-02 8.801127783954143524e-03 3.251762315630912781e-02 3.998512402176856995e-02 1.527062803506851196e-02 8.384343236684799194e-03 4.937720950692892075e-03 4.519212816376239061e-04 4.561022797133773565e-05 4.824664443731307983e-03 7.794949226081371307e-03 9.219612926244735718e-03 1.200822554528713226e-02 4.104600474238395691e-02 7.387305144220590591e-03 5.618976429104804993e-03 4.749694839119911194e-02 1.109611243009567261e-02 8.031048811972141266e-03 1.574061810970306396e-02 2.814891189336776733e-02 1.056730467826128006e-02 5.606260523200035095e-02 1.182828191667795181e-02 9.642357937991619110e-03 3.284702077507972717e-03 3.330405429005622864e-02 2.826119214296340942e-02 1.226530130952596664e-02 1.999239437282085419e-03 3.635395318269729614e-02 1.127605140209197998e-02 4.009891767054796219e-03 2.991356886923313141e-02 1.447111368179321289e-02 3.734751045703887939e-02 1.427267305552959442e-02 3.869307413697242737e-02 1.872191019356250763e-02 1.968482136726379395e-02 1.031781267374753952e-02 4.982753191143274307e-03 1.746183075010776520e-02 4.740019887685775757e-02 7.984980009496212006e-03 2.372589334845542908e-02 1.207586261443793774e-03 6.739953532814979553e-04 1.597324386239051819e-02 3.761303797364234924e-02 3.158994391560554504e-02 1.466322783380746841e-02 2.066183649003505707e-02 2.304662950336933136e-02 1.018970925360918045e-02 1.408957596868276596e-02 4.275076207704842091e-04 1.517894584685564041e-02 2.091440185904502869e-02 1.949812471866607666e-02 1.833121292293071747e-02 2.126802317798137665e-02 1.194754964672029018e-03 8.464464917778968811e-03 7.216097787022590637e-03 2.458391338586807251e-02 2.287332527339458466e-02
9.904860705137252808e-02 1.268185526132583618e-01 2.051543630659580231e-02 3.045385330915451050e-02 1.323082204908132553e-02 1.875062286853790283e-01 1.203856915235519409e-01 2.960136346518993378e-02 1.938420720398426056e-02 3.284874185919761658e-02 7.068577408790588379e-02 5.468054488301277161e-02 9.756386280059814453e-02 7.003986090421676636e-02 1.091866055503487587e-03 3.601597249507904053e-02 3.701132535934448242e-02 1.198347937315702438e-02 4.217696189880371094e-02 9.524236433207988739e-03 1.836132630705833435e-02 1.164797649835236371e-04 1.402769889682531357e-02 3.675671294331550598e-02 2.238943614065647125e-02 3.179504722356796265e-02 4.456267878413200378e-02 3.953830897808074951e-02 1.627493090927600861e-02 8.170896209776401520e-03 3.575794398784637451e-02 3.846616484224796295e-03 4.819572903215885162e-03 1.577502302825450897e-02 4.995740018784999847e-03 3.999452292919158936e-02 1.609451323747634888e-02 2.966730156913399696e-03 1.866055838763713837e-02 1.364736072719097137e-02 9.691576473414897919e-03 2.084388770163059235e-02 7.006554864346981049e-03 7.912075519561767578e-02 3.930811956524848938e-02 2.399281039834022522e-02 1.166825369000434875e-01 1.478618085384368896e-01 1.147344894707202911e-02 1.829083263874053955e-02 3.155639627948403358e-03 1.464915368705987930e-02 3.897522389888763428e-02 5.908607039600610733e-03 2.342141792178153992e-02 4.806296899914741516e-03 3.335517272353172302e-02 7.076978217810392380e-03 3.496802970767021179e-02 1.525434548966586590e-03 2.049373835325241089e-02 5.505178589373826981e-03 1.535331830382347107e-02 2.347331307828426361e-02 2.061712369322776794e-02 4.176184535026550293e-02 2.722841501235961914e-02 1.305225305259227753e-02 4.734051879495382309e-03 8.399098180234432220e-03 1.073906756937503815e-02 1.181086059659719467e-02 2.184204384684562683e-02 9.895953349769115448e-03 8.063270710408687592e-03 3.947340697050094604e-02 8.033091202378273010e-03 2.458450384438037872e-03 7.517650257796049118e-03 1.420652680099010468e-02 1.851030997931957245e-02 1.600766368210315704e-02 1.767432689666748047e-02 2.797332033514976501e-02 9.140910208225250244e-02 3.583262115716934204e-02 3.069005161523818970e-02 2.056724764406681061e-02 1.342754717916250229e-02 1.066145859658718109e-02 6.254316307604312897e-03 1.843076385557651520e-02 6.111893802881240845e-02 2.736596949398517609e-02 4.023971036076545715e-02 1.221603062003850937e-02 2.161973714828491211e-02 2.515840344130992889e-02 3.374955058097839355e-02 3.356700390577316284e-02 4.232536070048809052e-03 2.531552873551845551e-02 1.679753512144088745e-02 1.831366494297981262e-02 1.107067801058292389e-02 1.869432860985398293e-03 1.840715855360031128e-02 8.042005822062492371e-03 2.851809933781623840e-02 4.010301083326339722e-02 9.297082200646400452e-03 4.158674925565719604e-02 8.562515489757061005e-03 2.354274317622184753e-02 3.563415259122848511e-02 4.136898368597030640e-02
4.590532928705215454e-02 4.548280686140060425e-02 1.909029334783554077e-01 6.476731039583683014e-03 9.228131733834743500e-03 8.932945318520069122e-03 2.960136346518993378e-02 6.004527211189270020e-02 3.150964155793190002e-02 3.823536634445190430e-02 3.456707671284675598e-02 5.709738656878471375e-02 4.927928000688552856e-02 9.789898991584777832e-02 8.332346379756927490e-02 8.302406407892704010e-03 1.144728809595108032e-02 8.968484401702880859e-02 1.475113332271575928e-01 3.598735481500625610e-02 1.247926987707614899e-02 4.087005928158760071e-02 4.800479800906032324e-04 1.739704236388206482e-02 4.845674708485603333e-02 1.423859596252441406e-02 4.281212016940116882e-02 3.425221145153045654e-02 6.009890139102935791e-02 4.195296391844749451e-02 4.206058569252490997e-03 2.132784947752952576e-02 1.057507656514644623e-02 3.589825471863150597e-03 6.076070293784141541e-02 4.277436062693595886e-02 1.628584600985050201e-02 1.773030846379697323e-03 2.593561634421348572e-02 4.546791315078735352e-02 2.970504201948642731e-02 1.650127023458480835e-02 1.368054375052452087e-02 2.718893578276038170e-03 2.038922160863876343e-02 9.003115445375442505e-02 3.616846352815628052e-02 4.225900047458708286e-04 3.537705168128013611e-02 4.025196656584739685e-03 2.044492959976196289e-02 3.702267259359359741e-02 5.983677878975868225e-02 1.859640888869762421e-02 4.118854179978370667e-02 1.223016151925548911e-04 1.183980982750654221e-02 4.110630974173545837e-02 1.751222088932991028e-02 4.403819888830184937e-02 3.239398356527090073e-04 2.231119386851787567e-02 4.113422334194183350e-02 1.221424713730812073e-02 4.130160436034202576e-02 2.944607660174369812e-02 3.520063683390617371e-02 1.853226684033870697e-02 1.040462125092744827e-02 3.900054469704627991e-02 1.290845684707164764e-02 9.389101527631282806e-03 5.906648188829421997e-02 2.589690964668989182e-03 3.862041514366865158e-03 3.573402063921093941e-04 2.387677133083343506e-02 6.767087616026401520e-03 3.727783635258674622e-02 4.399258270859718323e-02 2.615732252597808838e-01 1.009174212813377380e-01 3.702563419938087463e-02 3.476529195904731750e-02 3.588565625250339508e-03 6.620046682655811310e-03 1.330848783254623413e-01 9.432563185691833496e-02 2.739749848842620850e-02 3.962084278464317322e-02 1.019481942057609558e-02 8.139205724000930786e-02 1.819168590009212494e-02 4.682204499840736389e-02 4.811332002282142639e-02 1.372726168483495712e-02 5.213520489633083344e-04 5.472161248326301575e-02 2.018002234399318695e-02 3.030071035027503967e-02 1.777337118983268738e-02 1.941972784698009491e-02 2.405053749680519104e-02 3.638838976621627808e-02 2.668267302215099335e-02 2.909811586141586304e-02 1.892312616109848022e-02 1.500978972762823105e-02 2.029691450297832489e-02 7.129039615392684937e-03 9.247593581676483154e-03 1.490879338234663010e-02 2.674863487482070923e-02 1.617327891290187836e-02 5.331752821803092957e-02 3.166426345705986023e-02
1.664712838828563690e-02 6.172065064311027527e-02 1.135314162820577621e-02 3.652854636311531067e-02 2.776139415800571442e-02 2.472259849309921265e-02 1.938420720398426056e-02 3.150964155793190002e-02 9.598609805107116699e-02 6.989665329456329346e-02 1.156224589794874191e-02 2.339995279908180237e-02 8.290628902614116669e-03 5.335315689444541931e-02 2.938282862305641174e-02 3.052983246743679047e-02 6.791300605982542038e-03 1.490759253501892090e-01 1.141427755355834961e-01 2.161793410778045654e-02 2.344842627644538879e-02 2.171138860285282135e-02 1.153173018246889114e-02 1.849654130637645721e-02 2.522927336394786835e-02 2.596968784928321838e-02 8.955997414886951447e-03 7.597068697214126587e-02 2.227874845266342163e-02 1.064962670207023621e-01 8.032501675188541412e-03 1.863148249685764313e-02 2.092084661126136780e-02 4.656218923628330231e-03 5.252561718225479126e-02 1.796511560678482056e-02 4.581670835614204407e-02 1.395414234139025211e-03 3.569892048835754395e-02 1.987091265618801117e-02 1.814723946154117584e-02 2.941911108791828156e-02 3.107918426394462585e-02 1.799315330572426319e-03 3.384524211287498474e-02 4.129347577691078186e-02 2.053666859865188599e-02 3.756147250533103943e-02 1.453412987757474184e-04 1.914455741643905640e-02 3.706013783812522888e-02 2.566415257751941681e-02 4.651032760739326477e-02 1.884855516254901886e-02 7.831706851720809937e-02 2.223560772836208344e-02 3.654899075627326965e-02 8.771687280386686325e-04 2.865283749997615814e-02 1.332218851894140244e-02 4.103666171431541443e-02 4.104580357670783997e-02 9.463350288569927216e-03 7.904041558504104614e-03 5.092268437147140503e-02 1.160333747975528240e-03 4.405658319592475891e-02 1.110936328768730164e-02 1.474750936031341553e-01 4.776798561215400696e-02 7.623457163572311401e-02 4.419793561100959778e-02 7.786021102219820023e-03 2.591907978057861328e-02 1.315521262586116791e-02 1.019465271383523941e-02 2.063672989606857300e-01 9.408308565616607666e-02 1.171365752816200256e-01 2.905421657487750053e-03 1.307106460444629192e-03 1.292848866432905197e-02 1.001328900456428528e-01 6.176143512129783630e-02 2.593758516013622284e-02 1.626226864755153656e-02 9.936978109180927277e-03 1.422020234167575836e-02 1.045368164777755737e-01 1.054634246975183487e-02 1.724886940792202950e-03 5.779866129159927368e-02 1.116510108113288879e-02 2.090638317167758942e-02 1.280309259891510010e-02 3.051722422242164612e-02 2.731706947088241577e-02 4.183106496930122375e-02 7.318685948848724365e-02 2.430026791989803314e-02 1.094109728001058102e-03 5.602558609098196030e-03 3.449849039316177368e-02 8.362502604722976685e-02 5.153157562017440796e-02 2.405071817338466644e-02 3.163383901119232178e-02 4.349672794342041016e-02 3.993112593889236450e-02 4.719406832009553909e-03 2.846829406917095184e-02 5.775761231780052185e-02 5.194539949297904968e-02 4.511772841215133667e-02 3.426768258213996887e-02 1.650333404541015625e-02
1.046823337674140930e-02 6.792072672396898270e-03 1.154263503849506378e-02 1.919231563806533813e-02 3.529161587357521057e-02 8.500115945935249329e-03 3.284874185919761658e-02 3.823536634445190430e-02 6.989665329456329346e-02 1.571228206157684326e-01 1.172224245965480804e-02 3.387714270502328873e-03 8.744362741708755493e-03 5.629421398043632507e-02 2.606904879212379456e-02 1.226758677512407303e-02 2.691030316054821014e-02 5.688651651144027710e-02 1.355936676263809204e-01 2.642414532601833344e-02 4.432824207469820976e-04 2.738899178802967072e-02 5.486642196774482727e-02 1.110510751605033875e-01 1.947190053761005402e-02 9.436081745661795139e-04 7.292967289686203003e-02 7.632850110530853271e-02 5.245865788310766220e-03 9.022486954927444458e-02 4.620914813131093979e-03 4.648150131106376648e-02 2.695893868803977966e-02 1.502020098268985748e-02 3.845997899770736694e-02 6.679639220237731934e-02 5.264481902122497559e-02 1.001243479549884796e-02 2.240354195237159729e-02 1.050742622464895248e-02 9.632324799895286560e-03 7.508951425552368164e-02 1.638329587876796722e-02 1.091327238827943802e-02 4.656210914254188538e-02 3.487557917833328247e-02 2.880744822323322296e-02 2.095443010330200195e-02 8.394302427768707275e-02 1.194861009716987610e-01 2.895759604871273041e-02 4.750517383217811584e-02 3.927062079310417175e-02 1.312654744833707809e-02 5.625964328646659851e-02 1.620302349328994751e-01 5.999329313635826111e-02 4.997258260846138000e-02 3.607906773686408997e-02 2.649372443556785583e-02 4.542123991996049881e-03 2.786981128156185150e-02 8.679430931806564331e-02 3.429129347205162048e-02 1.816385239362716675e-02 3.640409931540489197e-02 2.811138518154621124e-02 3.993118926882743835e-02 4.323268309235572815e-02 5.424516275525093079e-02 7.096219062805175781e-02 2.845146507024765015e-02 5.474527925252914429e-02 5.707924813032150269e-02 5.343221127986907959e-02 7.604601792991161346e-03 8.556608855724334717e-02 2.141329795122146606e-01 6.926757842302322388e-02 2.356336861848831177e-01 1.450380194000899792e-03 1.536966487765312195e-02 1.013459544628858566e-02 1.254982501268386841e-01 5.356795340776443481e-02 1.492078900337219238e-01 9.551017545163631439e-03 3.993324004113674164e-03 3.558973968029022217e-02 1.310052275657653809e-01 1.156378816813230515e-02 2.095930650830268860e-02 7.635196670889854431e-03 3.325565904378890991e-02 4.342621192336082458e-02 2.296395227313041687e-02 5.919339880347251892e-02 4.141147062182426453e-02 4.367060586810112000e-02 2.199774980545043945e-02 1.135375816375017166e-02 7.062478456646203995e-03 1.340386085212230682e-02 2.005768381059169769e-02 7.487979531288146973e-02 4.887215793132781982e-03 1.937200501561164856e-02 3.119716048240661621e-02 7.523499894887208939e-03 1.678594201803207397e-02 5.667791888117790222e-02 5.434428900480270386e-02 3.317193826660513878e-03 1.063408330082893372e-02 1.283769402652978897e-02 5.717222765088081360e-02
1.003387048840522766e-01 6.547609716653823853e-02 2.002061344683170319e-02 1.853298582136631012e-02 2.330979332327842712e-02 8.698893338441848755e-02 7.068577408790588379e-02 3.456707671284675598e-02 1.156224589794874191e-02 1.172224245965480804e-02 9.355987608432769775e-02 1.894423738121986389e-02 1.155977621674537659e-01 1.642804034054279327e-02 6.049884855747222900e-02 9.447701275348663330e-03 1.565122231841087341e-02 2.700620330870151520e-03 2.355115115642547607e-02 2.253602724522352219e-03 1.089326571673154831e-03 4.019153863191604614e-02 3.221056610345840454e-02 5.537626333534717560e-03 1.342755276709794998e-02 2.405651146546006203e-03 4.735022038221359253e-02 2.238439396023750305e-02 5.329273268580436707e-02 1.120188459753990173e-02 5.592352524399757385e-02 2.420143596827983856e-02 3.234286233782768250e-02 1.797184906899929047e-02 5.967538803815841675e-02 1.568819209933280945e-02 7.233751006424427032e-03 8.256526663899421692e-03 1.586280763149261475e-02 7.321358192712068558e-03 1.790491677820682526e-02 2.391891181468963623e-02 7.347496226429939270e-03 2.990834601223468781e-02 1.213789568282663822e-03 7.576667703688144684e-03 6.315632164478302002e-02 3.669693693518638611e-02 3.913357853889465332e-03 9.044443257153034210e-03 1.004455015063285828e-01 4.228093102574348450e-02 2.235191501677036285e-02 1.733966171741485596e-02 1.198155153542757034e-02 8.458533324301242828e-03 1.763871684670448303e-02 1.314655318856239319e-02 3.745999885722994804e-03 2.864865958690643311e-02 1.383535447530448437e-03 2.192325703799724579e-02 2.770569361746311188e-02 4.572885110974311829e-02 7.510801404714584351e-02 4.846515879034996033e-02 3.300396725535392761e-03 4.136378876864910126e-03 1.773766800761222839e-02 2.271614223718643188e-02 8.240566239692270756e-04 9.654463268816471100e-03 1.351917628198862076e-03 4.123765975236892700e-03 9.990298189222812653e-03 5.648920312523841858e-02 4.029288142919540405e-02 4.547138232737779617e-03 1.799676939845085144e-02 6.919513107277452946e-04 2.751059830188751221e-02 3.794525191187858582e-02 2.117703482508659363e-02 2.367814257740974426e-02 8.301161229610443115e-03 4.790099803358316422e-03 3.875805065035820007e-02 7.076336443424224854e-02 6.211834028363227844e-03 1.176942605525255203e-02 2.148134447634220123e-02 4.638491570949554443e-02 2.671636408194899559e-03 3.022732399404048920e-02 2.392710559070110321e-02 3.561653569340705872e-02 6.083785556256771088e-03 1.481088902801275253e-02 1.068413630127906799e-02 2.637328393757343292e-02 2.143385820090770721e-02 5.427445285022258759e-03 3.237430006265640259e-02 4.719520360231399536e-02 6.457818299531936646e-02 1.924528367817401886e-02 7.807345129549503326e-03 2.243634872138500214e-02 6.171144195832312107e-04 2.904401160776615143e-03 1.090333890169858932e-02 1.227058097720146179e-02 1.211082283407449722e-02 3.075526282191276550e-02 7.237443234771490097e-03 8.843303658068180084e-03
4.441190138459205627e-02 2.912616543471813202e-02 5.636779591441154480e-02 2.580901607871055603e-02 1.054242067039012909e-02 7.289440929889678955e-02 5.468054488301277161e-02 5.709738656878471375e-02 2.339995279908180237e-02 3.387714270502328873e-03 1.894423738121986389e-02 1.115725710988044739e-01 2.095598541200160980e-02 2.366771548986434937e-01 1.807850599288940430e-02 2.343955636024475098e-02 4.368415474891662598e-02 9.355678223073482513e-03 5.856549739837646484e-02 1.635013706982135773e-02 1.767453039065003395e-03 3.846906358376145363e-03 7.737884670495986938e-02 5.284678563475608826e-02 2.746131969615817070e-03 2.639720682054758072e-03 3.286422044038772583e-02 1.653840392827987671e-01 2.207178995013237000e-02 1.774914413690567017e-01 7.881127297878265381e-03 5.435620248317718506e-02 5.428719148039817810e-02 3.122051805257797241e-02 3.755566850304603577e-02 3.400846570730209351e-02 1.503757666796445847e-02 1.552035100758075714e-02 4.160550422966480255e-03 2.766913734376430511e-03 9.414563537575304508e-04 2.771676518023014069e-02 8.479280397295951843e-03 1.080132089555263519e-02 1.090438216924667358e-01 6.083045527338981628e-02 3.258798271417617798e-02 1.460617780685424805e-02 1.948269270360469818e-02 1.941633969545364380e-02 3.953308984637260437e-02 2.263566665351390839e-02 2.062426880002021790e-02 9.582801139913499355e-04 2.256795950233936310e-02 5.003728717565536499e-02 4.443494603037834167e-02 6.480088829994201660e-02 4.011351615190505981e-02 2.531696483492851257e-02 3.028654307126998901e-02 1.676071062684059143e-02 2.072931081056594849e-02 6.704671680927276611e-02 1.982194371521472931e-02 1.982932165265083313e-02 4.905452579259872437e-02 1.867237128317356110e-02 5.412957631051540375e-03 3.080665878951549530e-02 9.302302263677120209e-03 5.279659852385520935e-02 9.060635231435298920e-03 1.963734813034534454e-02 4.114056751132011414e-02 3.874810785055160522e-02 2.617421559989452362e-03 3.026211075484752655e-02 3.925533220171928406e-02 3.371950238943099976e-02 1.355520635843276978e-02 4.565956071019172668e-03 3.648767247796058655e-02 3.164317831397056580e-02 4.752269014716148376e-02 5.302986502647399902e-02 1.538822893053293228e-02 2.005113475024700165e-02 1.201588436961174011e-01 1.293950527906417847e-01 2.037106826901435852e-02 1.400477718561887741e-02 4.888216033577919006e-03 1.582572050392627716e-02 1.744353026151657104e-02 2.183207497000694275e-02 3.925634920597076416e-02 6.053876131772994995e-02 5.906190350651741028e-02 4.898026213049888611e-02 4.763042088598012924e-03 4.116692021489143372e-02 2.933108992874622345e-02 1.675378181971609592e-03 7.239384204149246216e-02 2.733534947037696838e-02 4.999767616391181946e-02 9.196544997394084930e-03 2.559243701398372650e-02 4.242380335927009583e-02 1.679456792771816254e-02 6.318924576044082642e-02 4.639674909412860870e-03 3.113980870693922043e-03 2.831866219639778137e-02 5.342041701078414917e-02
8.674387633800506592e-02 9.581571817398071289e-02 3.389773517847061157e-02 1.707044057548046112e-02 1.622180640697479248e-02 9.983507543802261353e-02 9.756386280059814453e-02 4.927928000688552856e-02 8.290628902614116669e-03 8.744362741708755493e-03 1.155977621674537659e-01 2.095598541200160980e-02 1.219114363193511963e-01 2.556242607533931732e-02 4.409123957157135010e-02 1.660891063511371613e-02 4.490347579121589661e-03 3.000219538807868958e-02 8.962048217654228210e-03 3.279225900769233704e-02 1.731738913804292679e-03 1.295917574316263199e-02 4.163824766874313354e-02 3.432675823569297791e-02 2.617615088820457458e-02 1.045553479343652725e-02 7.557186298072338104e-03 8.053882629610598087e-04 1.927111297845840454e-02 3.482306376099586487e-02 4.440458491444587708e-02 1.314778532832860947e-02 1.496569486334919930e-03 1.240207627415657043e-02 1.901111193001270294e-02 5.957747995853424072e-02 3.756014257669448853e-02 5.521820858120918274e-03 1.504256483167409897e-02 5.562756210565567017e-03 2.277841418981552124e-02 1.759591139853000641e-02 6.830712314695119858e-03 2.389506809413433075e-02 3.401179239153862000e-02 2.781102992594242096e-02 8.030398190021514893e-02 6.832635402679443359e-02 4.864534828811883926e-03 1.257746014744043350e-02 5.026012286543846130e-02 3.907232359051704407e-02 5.568290501832962036e-02 3.297125548124313354e-02 2.861968986690044403e-02 3.655963391065597534e-02 3.205226967111229897e-03 1.388221792876720428e-02 1.234996970742940903e-02 1.461969688534736633e-02 1.759608858264982700e-03 1.283623836934566498e-02 6.112373992800712585e-02 5.747665185481309891e-03 6.041523441672325134e-02 1.025347188115119934e-01 1.803508773446083069e-02 1.806314103305339813e-02 5.239632446318864822e-04 4.212486092001199722e-03 1.739811152219772339e-03 3.246638923883438110e-02 1.558929402381181717e-02 1.725793350487947464e-03 7.773150689899921417e-03 6.139838602393865585e-03 2.930536307394504547e-02 3.211041912436485291e-02 7.115414366126060486e-03 1.630873233079910278e-02 2.827984280884265900e-03 1.333603286184370518e-03 7.618213072419166565e-03 2.960028499364852905e-02 8.337192237377166748e-03 3.276334702968597412e-02 8.683569729328155518e-03 2.990129403769969940e-02 1.366736181080341339e-02 7.978260400705039501e-04 3.071821760386228561e-03 1.792690716683864594e-02 4.247706755995750427e-02 3.406477719545364380e-02 1.694998121820390224e-03 1.892136968672275543e-02 2.257346361875534058e-02 3.030006587505340576e-02 3.892054781317710876e-02 2.372965915128588676e-03 2.304006554186344147e-02 4.582858830690383911e-02 2.835440076887607574e-02 2.134133130311965942e-02 4.810619354248046875e-02 3.900219500064849854e-02 3.950379416346549988e-02 3.839923441410064697e-02 3.000383079051971436e-02 1.075110211968421936e-02 2.058150479570031166e-03 9.204213507473468781e-03 4.800804331898689270e-02 5.801053717732429504e-02 2.402993850409984589e-02 2.809914387762546539e-02
