1.418417692184448242e-01 1.507215648889541626e-01 5.639787763357162476e-02 4.130827262997627258e-02 2.458969317376613617e-02 1.634268313646316528e-01 1.225746646523475647e-01 4.591197520494461060e-02 9.826593101024627686e-03 2.201613783836364746e-02 1.210789531469345093e-01 2.250812202692031860e-02 9.416629374027252197e-02 5.247356742620468140e-02 4.307886585593223572e-02 4.580468311905860901e-02 6.992224138230085373e-03 1.143448799848556519e-02 1.520350202918052673e-02 5.256637558341026306e-02 5.754062160849571228e-02 5.381299927830696106e-02 7.975609973073005676e-03 6.536231841892004013e-03 1.275825081393122673e-03 1.753891445696353912e-02 2.938831923529505730e-03 7.444355636835098267e-02 8.143566548824310303e-02 6.684619188308715820e-02 1.969107054173946381e-02 3.300326177850365639e-03 2.256254665553569794e-02 1.287183258682489395e-02 7.362627889961004257e-03 2.742459764704108238e-03 2.990796789526939392e-02 4.487820714712142944e-02 1.711355708539485931e-02 3.252629190683364868e-02 2.711493056267499924e-03 3.603404015302658081e-02 2.113746106624603271e-02 4.371862858533859253e-02 2.776206936687231064e-03 5.478141084313392639e-02 1.122869923710823059e-01 5.433155968785285950e-02 5.262060463428497314e-02 2.614077366888523102e-02 1.025591325014829636e-02 5.318299867212772369e-03 1.367678283713757992e-03 3.117832913994789124e-02 1.220608409494161606e-02 7.471068762242794037e-03 5.585694313049316406e-02 3.771979594603180885e-03 3.977397829294204712e-02 3.440050408244132996e-03 3.898369520902633667e-02 1.806389354169368744e-02 1.124693639576435089e-02 1.492756977677345276e-02 1.472904067486524582e-02 2.452621422708034515e-02 9.556392207741737366e-03 3.368099033832550049e-02 2.353624626994132996e-02 1.423679292201995850e-02 1.041111536324024200e-02 1.369971223175525665e-02 3.050341084599494934e-02 2.039938233792781830e-02 3.129660338163375854e-02 1.481937826611101627e-03 1.422806736081838608e-02 2.819508872926235199e-02 2.370740287005901337e-02 1.096805650740861893e-02 8.617968298494815826e-03 1.552707795053720474e-02 6.905936636030673981e-03 6.640308420173823833e-04 3.768012672662734985e-02 6.029989942908287048e-02 3.425724804401397705e-02 7.765148580074310303e-02 4.161036014556884766e-02 5.065805092453956604e-02 4.760184511542320251e-02 4.711629822850227356e-02 2.224959805607795715e-02 2.918590791523456573e-02 3.008612990379333496e-02 2.710949815809726715e-02 2.771850302815437317e-02 2.065144665539264679e-02 4.864525049924850464e-02 5.343333259224891663e-02 2.375997044146060944e-02 1.586386206327006221e-04 4.784282669425010681e-02 4.565522074699401855e-02 1.143925730139017105e-02 1.575826480984687805e-02 2.561529865488409996e-03 5.470303352922201157e-03 3.222527215257287025e-03 3.481876850128173828e-02 4.547529388219118118e-03 3.751280717551708221e-03 4.363248124718666077e-02 1.566009223461151123e-02 2.923430874943733215e-02 7.429088652133941650e-02
1.507215648889541626e-01 1.313413679599761963e-01 2.860670536756515503e-02 2.067216858267784119e-02 1.079059112817049026e-02 1.159499585628509521e-01 1.386050879955291748e-01 5.137832090258598328e-02 1.253151055425405502e-02 4.511711653321981430e-03 9.198869764804840088e-02 2.683230489492416382e-02 9.804408252239227295e-02 8.464189246296882629e-03 3.513551875948905945e-02 1.025675516575574875e-02 4.463613405823707581e-02 3.585359826683998108e-02 1.130466628819704056e-02 1.259601954370737076e-02 5.662874504923820496e-02 5.183459445834159851e-02 6.118932366371154785e-02 5.072577670216560364e-02 2.626972645521163940e-02 3.801257535815238953e-02 4.647469613701105118e-03 6.163249537348747253e-02 8.235520869493484497e-02 3.498964011669158936e-02 2.511708065867424011e-02 2.573315054178237915e-02 2.648331224918365479e-02 3.243909403681755066e-02 2.457093819975852966e-02 1.406306866556406021e-02 4.585231840610504150e-02 3.534216061234474182e-02 4.488603398203849792e-02 1.468921266496181488e-02 1.324532646685838699e-02 2.664627507328987122e-02 3.779245913028717041e-02 2.793730981647968292e-02 1.925971731543540955e-02 1.478763297200202942e-02 7.228183001279830933e-02 7.625970244407653809e-02 3.679202869534492493e-02 3.403451666235923767e-02 6.362486630678176880e-02 5.615073442459106445e-02 3.104897029697895050e-02 3.945329412817955017e-02 6.960176397114992142e-03 8.004908449947834015e-03 6.375598907470703125e-02 1.060881931334733963e-02 2.250581420958042145e-02 7.569140754640102386e-03 1.028839591890573502e-02 8.480188436806201935e-03 5.533305183053016663e-02 1.813263632357120514e-02 4.910611733794212341e-02 2.097341418266296387e-02 3.366561233997344971e-02 1.053331792354583740e-02 6.858769338577985764e-03 1.363775576464831829e-03 5.592302978038787842e-02 2.469694614410400391e-02 2.600424457341432571e-03 2.363713271915912628e-02 4.789384081959724426e-02 3.147501870989799500e-02 2.783081680536270142e-02 5.951744318008422852e-02 6.427288800477981567e-02 1.768055744469165802e-02 3.120001405477523804e-02 4.965182393789291382e-03 4.257281497120857239e-02 6.900755222886800766e-03 4.082778096199035645e-02 3.168130293488502502e-02 6.196594983339309692e-02 6.574693322181701660e-02 1.196155976504087448e-02 5.283752828836441040e-02 3.698290884494781494e-02 3.082114644348621368e-02 3.072214685380458832e-02 9.048317559063434601e-03 5.135569348931312561e-02 5.458130687475204468e-02 3.604567795991897583e-02 4.516346752643585205e-02 1.872179284691810608e-02 9.916908107697963715e-03 1.923436066135764122e-03 7.848194800317287445e-03 2.974294498562812805e-02 4.210463911294937134e-02 3.222527448087930679e-03 2.120509371161460876e-02 2.783088013529777527e-03 4.619755223393440247e-02 8.588527329266071320e-03 4.829104989767074585e-03 1.616058312356472015e-02 1.012423262000083923e-02 2.225401625037193298e-02 5.470642820000648499e-02 4.091693088412284851e-02 9.583385288715362549e-02
5.639787763357162476e-02 2.860670536756515503e-02 3.157981857657432556e-02 3.133289888501167297e-02 1.191033609211444855e-02 1.852396177127957344e-03 2.884791791439056396e-02 8.125182241201400757e-02 1.366100553423166275e-02 1.750253140926361084e-02 2.632293477654457092e-02 1.244845148175954819e-02 5.447148159146308899e-02 5.431517213582992554e-02 1.825638115406036377e-02 5.277794599533081055e-02 5.083684995770454407e-02 5.549444630742073059e-02 6.132389977574348450e-02 8.749765902757644653e-02 2.042200975120067596e-02 1.839000172913074493e-02 6.239977851510047913e-02 1.147190947085618973e-02 2.754605840891599655e-03 1.795411482453346252e-02 4.801885038614273071e-02 1.062898710370063782e-02 1.302687823772430420e-01 4.916829243302345276e-02 4.409904032945632935e-02 2.674103528261184692e-02 1.143343653529882431e-02 2.224141918122768402e-02 3.988892212510108948e-02 4.582085832953453064e-02 7.056769728660583496e-02 6.830947846174240112e-02 1.364565733820199966e-02 4.068411421030759811e-03 8.178992569446563721e-02 4.304592683911323547e-02 6.621734797954559326e-02 5.877783522009849548e-02 1.040359726175665855e-03 3.905547410249710083e-02 3.617710247635841370e-02 9.412705898284912109e-03 3.364475816488265991e-02 2.746123075485229492e-02 4.586685448884963989e-02 3.613623231649398804e-02 7.721652742475271225e-03 4.337238520383834839e-02 1.988131366670131683e-02 4.226316139101982117e-02 1.238898839801549911e-02 5.666539445519447327e-02 2.810631692409515381e-02 4.145543277263641357e-02 4.220124706625938416e-02 6.256077438592910767e-02 7.277049124240875244e-02 4.492319375276565552e-02 4.964357987046241760e-02 6.126434542238712311e-03 4.517055675387382507e-02 4.002536181360483170e-03 3.237055987119674683e-02 2.912765555083751678e-02 1.205041725188493729e-02 6.163911428302526474e-03 5.578639102168381214e-04 3.063798882067203522e-02 3.549885004758834839e-02 5.899847298860549927e-02 3.966743871569633484e-02 3.826844692230224609e-02 2.861083112657070160e-02 6.803013384342193604e-03 1.252848953008651733e-01 4.944713320583105087e-03 3.510885313153266907e-02 1.581372693181037903e-02 5.540770292282104492e-02 1.309640798717737198e-02 4.129564017057418823e-02 1.859261840581893921e-02 3.685011714696884155e-02 2.613201551139354706e-02 3.146024420857429504e-02 3.983984235674142838e-03 9.882391430437564850e-03 1.915557123720645905e-02 5.424121767282485962e-02 4.346393421292304993e-02 2.209182642400264740e-02 7.031403481960296631e-02 1.346563696861267090e-01 6.413602828979492188e-02 1.103256177157163620e-02 2.711268700659275055e-02 3.891497850418090820e-02 2.099592797458171844e-02 2.022040076553821564e-02 6.795024126768112183e-02 2.099870331585407257e-02 2.060469612479209900e-02 5.803271383047103882e-02 4.483311995863914490e-02 1.695477068424224854e-01 7.615125179290771484e-02 4.694734886288642883e-02 6.025309115648269653e-02 8.210365474224090576e-02 1.937227137386798859e-02
4.130827262997627258e-02 2.067216858267784119e-02 3.133289888501167297e-02 6.431715935468673706e-02 9.593709558248519897e-02 2.105530910193920135e-02 3.507756441831588745e-02 2.454482018947601318e-02 2.360322326421737671e-02 2.962059527635574341e-02 2.925630472600460052e-02 6.871212273836135864e-02 3.756249789148569107e-03 6.432528048753738403e-02 3.728846088051795959e-02 4.911278188228607178e-02 7.905534654855728149e-02 3.200179664418101311e-03 5.446757003664970398e-02 1.073809526860713959e-02 9.192835539579391479e-03 9.534406708553433418e-04 8.304128795862197876e-02 6.803283840417861938e-02 1.833160035312175751e-02 4.685487970709800720e-02 1.805859431624412537e-02 3.576284646987915039e-02 3.474015742540359497e-02 4.605887085199356079e-02 1.561923651024699211e-03 9.597056545317173004e-03 5.160202458500862122e-02 7.114633917808532715e-02 5.876905843615531921e-02 4.505174607038497925e-02 4.012432880699634552e-03 2.188818901777267456e-02 9.623901546001434326e-02 8.650887757539749146e-02 3.555067628622055054e-02 4.183721262961626053e-03 6.461589783430099487e-02 2.329390682280063629e-02 4.927993565797805786e-02 8.715415000915527344e-02 7.309346925467252731e-03 6.325192004442214966e-02 6.309843063354492188e-02 5.007951706647872925e-02 1.391138974577188492e-02 2.505664713680744171e-02 9.606776759028434753e-03 3.890677914023399353e-02 2.566745877265930176e-02 4.502231255173683167e-02 9.450800716876983643e-02 3.383399918675422668e-02 4.794873297214508057e-03 2.182981185615062714e-02 6.154787167906761169e-02 3.193444758653640747e-02 4.625744372606277466e-02 3.293908387422561646e-02 9.330783784389495850e-02 7.897224277257919312e-02 4.023259505629539490e-02 3.430130658671259880e-03 1.302485004998743534e-03 1.656029000878334045e-02 2.127302438020706177e-02 5.350388586521148682e-02 1.548378616571426392e-01 1.366428472101688385e-02 7.443716377019882202e-02 4.872963577508926392e-02 2.656472101807594299e-02 4.933631862513720989e-04 5.607583746314048767e-02 3.363685309886932373e-02 3.069484420120716095e-02 1.847143657505512238e-02 7.700676470994949341e-02 2.729660272598266602e-02 2.615038305521011353e-02 8.936783671379089355e-02 3.008292987942695618e-02 4.239932075142860413e-02 2.558832988142967224e-02 1.391502842307090759e-02 4.278328269720077515e-03 4.514862969517707825e-02 5.533840879797935486e-02 3.027821704745292664e-02 5.556801706552505493e-02 7.482823450118303299e-03 1.880062744021415710e-03 8.712066919542849064e-04 1.486510597169399261e-02 2.013328485190868378e-02 2.335823886096477509e-02 3.644665330648422241e-02 5.698470771312713623e-02 1.649232767522335052e-02 3.388170525431632996e-02 2.615222893655300140e-02 4.284550901502370834e-03 6.906029582023620605e-02 4.654617607593536377e-02 5.763153731822967529e-02 6.025340408086776733e-03 2.840488962829113007e-02 2.659303322434425354e-02 4.372604936361312866e-02 3.656404465436935425e-02 3.116415068507194519e-02
2.458969317376613617e-02 1.079059112817049026e-02 1.191033609211444855e-02 9.593709558248519897e-02 6.403854489326477051e-02 1.348652783781290054e-02 1.814152859151363373e-02 2.986738644540309906e-02 2.162963710725307465e-02 9.049502201378345490e-03 1.376203540712594986e-02 1.071450412273406982e-01 3.203351795673370361e-02 1.199626084417104721e-02 2.602350711822509766e-02 3.777381032705307007e-02 6.210914626717567444e-02 2.373234741389751434e-02 3.719849884510040283e-02 2.749271690845489502e-02 7.011763285845518112e-03 4.131935071200132370e-03 2.785126212984323502e-03 4.960423335433006287e-03 1.790433377027511597e-02 5.229303985834121704e-02 4.863106459379196167e-02 5.151569843292236328e-02 3.027702867984771729e-02 3.271772339940071106e-02 3.735729679465293884e-02 4.798888415098190308e-02 6.784457713365554810e-02 6.196466460824012756e-02 7.317727804183959961e-02 2.366597577929496765e-02 1.972960308194160461e-02 1.513164211064577103e-02 3.892676904797554016e-02 9.000734239816665649e-02 6.265734136104583740e-02 3.932710364460945129e-02 7.810574769973754883e-02 7.497424632310867310e-02 5.447157472372055054e-02 1.874880120158195496e-02 9.176122955977916718e-03 4.607095941901206970e-02 3.081474825739860535e-02 1.883943937718868256e-02 4.634558409452438354e-02 8.712437702342867851e-04 9.517651051282882690e-02 1.120251370593905449e-03 2.876744233071804047e-02 7.243428379297256470e-02 8.407855033874511719e-02 8.584780246019363403e-02 6.672146171331405640e-02 6.870681885629892349e-03 3.777015954256057739e-02 1.413836330175399780e-02 8.151810616254806519e-02 1.933915168046951294e-02 2.524443669244647026e-03 3.598146140575408936e-02 1.865930482745170593e-02 4.797313734889030457e-02 6.114222481846809387e-02 1.458065211772918701e-02 5.355633422732353210e-02 3.491593897342681885e-02 1.014755144715309143e-01 2.138000912964344025e-02 1.227103620767593384e-01 1.885845512151718140e-02 5.286439508199691772e-02 1.343611534684896469e-02 3.263653814792633057e-02 2.949293702840805054e-02 5.742231383919715881e-02 3.089016303420066833e-02 3.799934685230255127e-02 5.207161977887153625e-02 2.580436505377292633e-02 8.759423159062862396e-03 8.228671550750732422e-02 1.411329861730337143e-02 4.905971512198448181e-02 5.250819772481918335e-02 2.576325833797454834e-02 4.160859063267707825e-02 4.525760654360055923e-03 2.422218397259712219e-02 7.240460813045501709e-02 4.313912615180015564e-02 6.239764019846916199e-02 4.117626696825027466e-02 4.089229553937911987e-02 5.296166986227035522e-02 4.023432731628417969e-02 1.889532804489135742e-02 3.115229122340679169e-02 2.892258763313293457e-02 7.911682873964309692e-02 5.695505812764167786e-02 1.993603445589542389e-02 2.777970395982265472e-02 3.475842531770467758e-03 4.668787494301795959e-02 2.007372677326202393e-02 4.761740192770957947e-02 5.485123023390769958e-02 3.883854299783706665e-02 1.007354073226451874e-02 5.024547874927520752e-02
1.634268313646316528e-01 1.159499585628509521e-01 1.852396177127957344e-03 2.105530910193920135e-02 1.348652783781290054e-02 1.474209129810333252e-01 1.792357414960861206e-01 4.684295132756233215e-02 2.370803616940975189e-02 4.450345411896705627e-02 1.218219324946403503e-01 3.023743629455566406e-02 7.233632355928421021e-02 3.914523869752883911e-03 5.122287943959236145e-02 4.623404517769813538e-02 7.302928250283002853e-03 1.470481324940919876e-02 1.603262685239315033e-02 2.566390612628310919e-04 1.116332598030567169e-02 1.340555679053068161e-02 4.799986630678176880e-02 1.363869104534387589e-02 3.024360723793506622e-02 2.734182216227054596e-02 9.335630573332309723e-03 3.838256001472473145e-02 4.349318519234657288e-02 4.454219713807106018e-02 3.058131039142608643e-02 3.995114192366600037e-02 1.251472532749176025e-02 1.057138573378324509e-02 1.077610347419977188e-02 3.196128830313682556e-02 8.776482194662094116e-03 1.708832383155822754e-02 3.882662160322070122e-03 2.277300460264086723e-03 4.593057557940483093e-02 4.401822760701179504e-02 5.507664009928703308e-02 2.386820688843727112e-02 2.182224299758672714e-03 9.710541344247758389e-04 1.667276620864868164e-01 8.121427148580551147e-02 2.474821358919143677e-02 1.901354826986789703e-02 8.638081140816211700e-03 5.363794974982738495e-03 2.386518754065036774e-02 3.871890157461166382e-02 4.264706373214721680e-02 7.900320633780211210e-05 4.433010146021842957e-02 5.874484777450561523e-03 3.453196212649345398e-02 9.063236415386199951e-03 1.621701382100582123e-02 8.997249417006969452e-03 2.886940166354179382e-02 4.330661147832870483e-03 1.643133908510208130e-02 1.667314954102039337e-02 1.711616478860378265e-02 2.894524950534105301e-03 1.097956113517284393e-02 1.660761795938014984e-02 2.079367265105247498e-02 7.819839753210544586e-03 3.021709248423576355e-02 2.863240987062454224e-02 4.355879873037338257e-02 2.673339098691940308e-02 2.189374901354312897e-02 6.338423583656549454e-03 7.201497908681631088e-03 7.250234019011259079e-03 4.840157553553581238e-02 1.136008463799953461e-02 1.045344490557909012e-02 3.191073983907699585e-02 3.756583854556083679e-02 1.285020168870687485e-02 6.476177833974361420e-03 7.981725037097930908e-02 5.949476268142461777e-03 2.984901517629623413e-02 7.642975449562072754e-02 2.137032337486743927e-02 2.178070321679115295e-02 6.720189470797777176e-03 4.103473946452140808e-02 2.001155726611614227e-02 2.132147736847400665e-02 1.847579516470432281e-02 1.016291324049234390e-02 4.578854888677597046e-02 2.403530478477478027e-02 3.248194605112075806e-02 3.456478589214384556e-04 1.901837298646569252e-03 1.914578862488269806e-02 2.797924354672431946e-02 2.300516515970230103e-02 1.643416471779346466e-02 3.412799537181854248e-02 8.582160808145999908e-03 2.662982046604156494e-02 2.376622147858142853e-02 6.276777945458889008e-03 3.037118585780262947e-03 2.311092102900147438e-03 5.109545961022377014e-02
1.225746646523475647e-01 1.386050879955291748e-01 2.884791791439056396e-02 3.507756441831588745e-02 1.814152859151363373e-02 1.792357414960861206e-01 1.324120014905929565e-01 2.132282778620719910e-02 2.542435750365257263e-02 1.171000488102436066e-02 1.126510426402091980e-01 1.551153231412172318e-02 9.348702430725097656e-02 1.062158793210983276e-01 6.825425196439027786e-03 1.356157194823026657e-02 3.503939136862754822e-02 3.516181930899620056e-02 4.788675811141729355e-03 8.435064554214477539e-02 1.010454632341861725e-02 4.375467449426651001e-02 3.905456885695457458e-02 3.978192433714866638e-02 3.702993318438529968e-02 1.988976262509822845e-02 4.499538615345954895e-02 2.136152982711791992e-02 4.372732341289520264e-02 1.057871058583259583e-02 1.967965066432952881e-02 3.398429974913597107e-02 1.704028062522411346e-02 1.165056880563497543e-02 2.254743501543998718e-02 2.660707011818885803e-02 5.556740332394838333e-03 7.054392248392105103e-02 1.776478998363018036e-02 2.015526965260505676e-02 2.749977074563503265e-02 5.455124005675315857e-02 7.632338255643844604e-02 2.204442024230957031e-02 6.309859920293092728e-03 6.063004583120346069e-02 1.373783797025680542e-01 1.018637716770172119e-01 2.226108498871326447e-02 2.805231139063835144e-02 3.174636512994766235e-02 1.576500758528709412e-02 2.837356179952621460e-02 2.905864268541336060e-02 3.017673268914222717e-02 2.029971033334732056e-02 2.246646763524040580e-04 3.327870741486549377e-02 2.939200960099697113e-03 4.475953802466392517e-02 2.965022996068000793e-02 2.836905047297477722e-02 2.466828329488635063e-03 3.318341821432113647e-02 6.517461687326431274e-02 1.072055473923683167e-02 2.241023071110248566e-02 1.585742458701133728e-02 1.610003598034381866e-02 4.962565377354621887e-02 7.693780958652496338e-02 3.829283639788627625e-02 2.401436492800712585e-02 1.187514979392290115e-02 4.527389630675315857e-02 6.472402252256870270e-03 8.752888999879360199e-03 5.576688423752784729e-02 1.425975188612937927e-02 4.559728130698204041e-02 9.789559990167617798e-04 4.466269537806510925e-02 3.127629309892654419e-02 4.487526789307594299e-02 2.408220246434211731e-02 4.274413362145423889e-02 3.451307490468025208e-02 1.118595711886882782e-02 7.251626998186111450e-02 7.217522710561752319e-02 6.995432078838348389e-02 3.426829725503921509e-02 3.651988878846168518e-02 5.216760188341140747e-02 4.896456748247146606e-02 6.161663215607404709e-03 7.097448408603668213e-02 1.596209220588207245e-02 4.251715540885925293e-02 2.031806856393814087e-03 3.570565953850746155e-02 2.219804935157299042e-02 6.625211238861083984e-02 6.269627064466476440e-02 2.949798945337533951e-03 1.256385166198015213e-02 9.794548153877258301e-03 4.893078655004501343e-02 3.467205911874771118e-03 3.810894489288330078e-02 3.976111114025115967e-02 3.732030466198921204e-02 4.779689759016036987e-02 9.093524515628814697e-02 1.624748110771179199e-02 1.932584121823310852e-02
4.591197520494461060e-02 5.137832090258598328e-02 8.125182241201400757e-02 2.454482018947601318e-02 2.986738644540309906e-02 4.684295132756233215e-02 2.132282778620719910e-02 7.738091051578521729e-02 2.881974913179874420e-02 3.091406263411045074e-02 3.488381579518318176e-02 4.465509951114654541e-02 3.069868311285972595e-02 1.394477020949125290e-02 1.156595498323440552e-01 3.951144590973854065e-02 2.397488988935947418e-02 2.322631515562534332e-02 3.400043025612831116e-02 6.278211623430252075e-02 5.120735615491867065e-02 8.335551619529724121e-02 5.271891504526138306e-02 1.828615181148052216e-02 4.067666083574295044e-02 1.429951004683971405e-02 1.276339171454310417e-03 5.013471096754074097e-02 4.754219576716423035e-02 4.511701315641403198e-02 3.744541481137275696e-02 4.307760973460972309e-04 9.208981692790985107e-02 5.477336421608924866e-02 2.427456527948379517e-02 1.246298104524612427e-01 1.371699734590947628e-03 7.278093695640563965e-02 5.795316770672798157e-03 3.960855305194854736e-02 1.779674738645553589e-02 5.547095090150833130e-02 1.220234390348196030e-02 6.074447929859161377e-02 1.352456808090209961e-01 6.379993259906768799e-02 5.228431522846221924e-02 1.835239678621292114e-02 8.390508592128753662e-02 2.920853346586227417e-02 1.125083938241004944e-01 1.050819158554077148e-01 6.243777461349964142e-04 5.988094955682754517e-02 1.320101227611303329e-02 4.390258691273629665e-04 2.737499214708805084e-02 1.168804895132780075e-02 2.589460229501128197e-03 1.314170425757765770e-03 1.948604732751846313e-02 3.209647908806800842e-02 4.698572307825088501e-02 1.035752147436141968e-02 5.966544896364212036e-02 3.246026113629341125e-02 3.661049902439117432e-02 2.035282179713249207e-02 3.775251656770706177e-02 2.838124707341194153e-02 2.345226518809795380e-02 1.952807419002056122e-03 1.614693738520145416e-02 2.607067860662937164e-02 9.248415939509868622e-03 2.264863438904285431e-02 4.827307164669036865e-02 4.820754379034042358e-02 2.634554542601108551e-02 4.357886314392089844e-02 7.717636227607727051e-02 1.140475049614906311e-01 1.098643406294286251e-03 3.059080429375171661e-02 2.197953686118125916e-02 7.612789422273635864e-02 7.356676459312438965e-02 8.287420123815536499e-02 6.496468931436538696e-02 2.266632020473480225e-02 3.650622442364692688e-02 1.978932879865169525e-02 1.390403322875499725e-02 1.038421783596277237e-02 3.027893416583538055e-02 1.748565770685672760e-02 8.582669310271739960e-03 3.925224021077156067e-02 1.649279147386550903e-02 5.148516595363616943e-02 7.244183216243982315e-03 5.324688553810119629e-02 7.161274552345275879e-03 6.224372610449790955e-02 2.370312868151813745e-04 1.647859462536871433e-03 6.404805183410644531e-02 1.335677411407232285e-02 2.926647849380970001e-02 1.858353847637772560e-03 3.665941208600997925e-02 2.093864604830741882e-02 1.519248541444540024e-02 3.238163515925407410e-02 3.507145866751670837e-02 7.786666974425315857e-03
9.826593101024627686e-03 1.253151055425405502e-02 1.366100553423166275e-02 2.360322326421737671e-02 2.162963710725307465e-02 2.370803616940975189e-02 2.542435750365257263e-02 2.881974913179874420e-02 7.519174367189407349e-02 3.920149058103561401e-02 1.325060846284031868e-03 5.685515329241752625e-02 2.266502752900123596e-02 1.305267773568630219e-02 8.101634681224822998e-02 1.271338388323783875e-02 2.610915154218673706e-02 1.386487931013107300e-01 5.402086302638053894e-02 1.260672975331544876e-02 5.058006197214126587e-02 7.125418633222579956e-02 5.177238490432500839e-03 3.569481894373893738e-02 2.778913266956806183e-02 1.486918609589338303e-02 9.285531938076019287e-02 5.126152932643890381e-02 9.799800068140029907e-02 5.095799267292022705e-02 1.061750426888465881e-01 9.458106011152267456e-02 4.088629782199859619e-02 4.046585038304328918e-02 2.161779254674911499e-02 3.012618422508239746e-02 5.412961542606353760e-02 3.205284476280212402e-02 7.931216061115264893e-02 8.201438188552856445e-02 1.054740231484174728e-02 1.728832162916660309e-02 4.866411536931991577e-02 7.623162865638732910e-02 6.104436144232749939e-02 2.070854417979717255e-02 1.872245036065578461e-02 2.672992832958698273e-02 6.214855238795280457e-02 1.246283412910997868e-03 3.803276643157005310e-02 2.074370719492435455e-02 2.614411152899265289e-02 3.944543376564979553e-02 7.878571003675460815e-02 1.561212725937366486e-02 3.871083259582519531e-03 4.608296230435371399e-02 1.560005545616149902e-02 5.066806450486183167e-03 7.571171224117279053e-02 5.928671360015869141e-02 4.870058223605155945e-02 3.370203077793121338e-03 4.864337667822837830e-02 1.145706046372652054e-02 1.325403153896331787e-02 3.863465785980224609e-02 9.818453341722488403e-02 4.119668528437614441e-02 6.940194219350814819e-02 4.682601615786552429e-02 1.193046383559703827e-02 5.796719342470169067e-02 9.739779867231845856e-03 6.577273458242416382e-02 1.532794386148452759e-01 4.537603631615638733e-02 7.916852831840515137e-02 4.770305007696151733e-03 5.399711057543754578e-02 2.269962243735790253e-02 4.021038487553596497e-02 9.570846334099769592e-03 3.987652435898780823e-02 6.405454128980636597e-02 2.265580743551254272e-02 1.944983564317226410e-02 4.701800644397735596e-02 4.479785636067390442e-02 6.712866015732288361e-03 4.832728952169418335e-02 5.148170888423919678e-02 1.658790372312068939e-02 8.181733638048171997e-02 1.153964642435312271e-02 3.666505217552185059e-03 3.528308868408203125e-02 2.061325311660766602e-02 4.936197772622108459e-02 3.690753132104873657e-02 6.666672998107969761e-04 3.990211710333824158e-02 2.508166059851646423e-02 4.662517458200454712e-02 6.064401939511299133e-02 3.365220734849572182e-03 5.021841730922460556e-03 3.527211770415306091e-02 5.444953590631484985e-02 4.727279022336006165e-02 5.098217353224754333e-02 8.372412412427365780e-04 4.109563678503036499e-02 1.491845212876796722e-02 1.208641659468412399e-02
2.201613783836364746e-02 4.511711653321981430e-03 1.750253140926361084e-02 2.962059527635574341e-02 9.049502201378345490e-03 4.450345411896705627e-02 1.171000488102436066e-02 3.091406263411045074e-02 3.920149058103561401e-02 7.179550826549530029e-02 3.656960278749465942e-02 1.652709022164344788e-02 3.899139352142810822e-03 3.979993984103202820e-03 2.785521186888217926e-02 7.928080856800079346e-02 8.040817826986312866e-02 6.952649354934692383e-02 7.219675183296203613e-02 4.793407022953033447e-02 8.593496866524219513e-03 3.357847034931182861e-02 5.464876536279916763e-03 1.852755993604660034e-02 6.457047164440155029e-02 4.359880927950143814e-03 1.140345707535743713e-01 4.108632728457450867e-02 3.685458749532699585e-02 6.901887245476245880e-03 1.640223339200019836e-02 9.166750311851501465e-02 1.152149681001901627e-02 8.358483016490936279e-02 1.191647723317146301e-02 6.357800215482711792e-03 2.917382307350635529e-02 4.286155104637145996e-02 5.038407444953918457e-02 5.434801056981086731e-02 2.496609278023242950e-02 9.857705794274806976e-03 2.429977245628833771e-02 3.239975310862064362e-03 7.642757147550582886e-02 2.298534847795963287e-02 2.140071243047714233e-02 3.489582985639572144e-02 1.641509495675563812e-02 1.107293367385864258e-01 9.682959876954555511e-03 2.821457199752330780e-02 1.391419116407632828e-02 2.320423163473606110e-02 7.683961838483810425e-02 9.390094317495822906e-03 3.422615351155400276e-03 2.787640551105141640e-03 8.285885676741600037e-03 1.433854922652244568e-02 6.070183217525482178e-02 6.159279495477676392e-02 3.933868184685707092e-02 2.835764735937118530e-02 1.146525740623474121e-01 8.348908275365829468e-03 2.898523584008216858e-02 5.682298447936773300e-03 5.514932423830032349e-02 4.466884210705757141e-02 1.222556680440902710e-01 4.311174526810646057e-02 1.326140295714139938e-02 4.589724540710449219e-02 4.707034304738044739e-02 7.845837622880935669e-03 5.265656486153602600e-02 1.268998235464096069e-01 2.586169168353080750e-02 1.192387044429779053e-01 7.696669083088636398e-03 7.917592674493789673e-02 3.570618852972984314e-02 2.518607303500175476e-02 5.157099291682243347e-02 5.172113329172134399e-02 3.846776857972145081e-02 4.458442702889442444e-02 1.850356534123420715e-02 4.067444428801536560e-02 2.263139002025127411e-02 6.535451114177703857e-02 1.814767485484480858e-03 4.747393354773521423e-02 5.998354405164718628e-02 8.585058152675628662e-03 5.571004748344421387e-02 9.589668363332748413e-02 3.123777173459529877e-02 4.846289753913879395e-03 3.733875602483749390e-02 2.448698319494724274e-02 9.218576550483703613e-02 5.803944543004035950e-02 6.237227097153663635e-02 3.370276838541030884e-02 6.142222881317138672e-02 6.085162982344627380e-02 9.705023840069770813e-03 4.359828308224678040e-02 5.167268589138984680e-02 8.023960143327713013e-02 5.101995542645454407e-02 6.392648816108703613e-02 1.322953775525093079e-02 3.077451139688491821e-02
1.210789531469345093e-01 9.198869764804840088e-02 2.632293477654457092e-02 2.925630472600460052e-02 1.376203540712594986e-02 1.218219324946403503e-01 1.126510426402091980e-01 3.488381579518318176e-02 1.325060846284031868e-03 3.656960278749465942e-02 1.237878128886222839e-01 4.281067848205566406e-02 1.004070043563842773e-01 6.215424090623855591e-02 8.728762716054916382e-02 1.887282007373869419e-03 1.865679584443569183e-02 3.658050671219825745e-02 4.228840116411447525e-03 2.623636648058891296e-02 1.070957258343696594e-02 6.544281542301177979e-02 3.538671135902404785e-02 4.601124301552772522e-02 8.634384721517562866e-02 6.084111984819173813e-03 3.336900845170021057e-02 3.420839319005608559e-03 1.423105783760547638e-02 8.340907515957951546e-04 1.051799394190311432e-02 3.521660342812538147e-02 3.360784798860549927e-02 6.333585828542709351e-02 1.538739912211894989e-02 7.270395290106534958e-03 2.196550555527210236e-02 1.212132442742586136e-02 4.849204793572425842e-02 6.266536563634872437e-02 1.836885139346122742e-02 2.697844617068767548e-02 3.654043376445770264e-02 6.976865231990814209e-02 4.710712283849716187e-02 1.587693952023983002e-02 7.342505455017089844e-02 7.164547592401504517e-02 2.547803334891796112e-02 1.877803169190883636e-02 1.567903161048889160e-02 2.190402243286371231e-03 1.653846935369074345e-03 1.689804904162883759e-02 3.139385022222995758e-03 5.549259483814239502e-03 8.512721396982669830e-03 2.733598649501800537e-02 7.194988429546356201e-04 1.133452076464891434e-02 2.882788702845573425e-02 1.717720297165215015e-04 3.016592748463153839e-02 2.258864976465702057e-02 1.382693368941545486e-02 2.161302836611866951e-03 3.613416850566864014e-02 2.193312719464302063e-02 3.464324027299880981e-02 1.585755869746208191e-02 8.908819407224655151e-03 3.858282789587974548e-02 4.358664527535438538e-02 5.309729650616645813e-02 4.535554721951484680e-02 9.677583351731300354e-03 4.692477174103260040e-03 1.053072162903845310e-03 7.417952176183462143e-03 5.469829961657524109e-02 3.235980868339538574e-02 3.417097404599189758e-02 1.310000941157341003e-02 2.249075844883918762e-02 5.118803121149539948e-03 6.077250000089406967e-03 2.268120460212230682e-02 4.996171593666076660e-02 6.687162071466445923e-02 7.140964269638061523e-02 5.554349720478057861e-02 5.293237790465354919e-02 3.755497187376022339e-02 2.781521342694759369e-02 1.782716624438762665e-02 4.033271968364715576e-02 1.563328877091407776e-02 6.524784862995147705e-02 2.883474528789520264e-02 5.464740842580795288e-02 1.311720628291368484e-02 2.629304863512516022e-02 1.867805421352386475e-02 1.799148134887218475e-02 8.502383716404438019e-03 1.207346655428409576e-02 5.896526854485273361e-03 3.250920400023460388e-02 4.362734407186508179e-02 4.490178823471069336e-02 1.991163752973079681e-02 3.087599948048591614e-02 4.189656581729650497e-03 5.969393998384475708e-02 2.591991983354091644e-02 3.295049071311950684e-02
2.250812202692031860e-02 2.683230489492416382e-02 1.244845148175954819e-02 6.871212273836135864e-02 1.071450412273406982e-01 3.023743629455566406e-02 1.551153231412172318e-02 4.465509951114654541e-02 5.685515329241752625e-02 1.652709022164344788e-02 4.281067848205566406e-02 5.765163525938987732e-02 6.308767199516296387e-02 1.563370525836944580e-01 8.037870377302169800e-02 4.468772560358047485e-02 5.692771822214126587e-02 3.290667757391929626e-02 3.186085494235157967e-03 2.218703366816043854e-02 2.788054570555686951e-02 1.506323367357254028e-02 7.785018533468246460e-03 3.138600662350654602e-02 2.639021910727024078e-02 3.089379519224166870e-02 3.840402141213417053e-02 2.102712541818618774e-01 4.731345176696777344e-02 1.577805876731872559e-01 4.828666895627975464e-02 5.605622660368680954e-03 3.976327180862426758e-02 1.874873042106628418e-02 1.209862530231475830e-02 6.177016347646713257e-02 4.867232590913772583e-02 1.899494975805282593e-02 4.860695078969001770e-02 8.354885876178741455e-02 1.729740877635776997e-03 5.013683065772056580e-02 3.164528682827949524e-02 2.479847706854343414e-02 1.378854066133499146e-01 1.201621629297733307e-02 2.058888971805572510e-02 4.722509998828172684e-03 7.083772867918014526e-02 2.549557574093341827e-02 6.882029771804809570e-02 5.211126804351806641e-02 3.271260485053062439e-02 4.699097201228141785e-02 1.116198115050792694e-02 2.921479288488626480e-03 6.186334788799285889e-02 2.717310376465320587e-02 1.339676417410373688e-02 5.022194981575012207e-02 4.701856151223182678e-02 3.022876102477312088e-03 4.176009818911552429e-02 8.198985457420349121e-02 4.861642792820930481e-02 3.573988750576972961e-02 4.775848984718322754e-02 1.114650592207908630e-01 6.878264993429183960e-02 3.886900143697857857e-03 3.111745230853557587e-02 5.516756791621446609e-03 4.184883832931518555e-02 3.179088607430458069e-02 3.266703709959983826e-02 9.262902662158012390e-03 7.625526934862136841e-02 8.924636989831924438e-03 4.075478017330169678e-02 1.455631107091903687e-01 5.855761468410491943e-02 2.528585493564605713e-02 2.686800062656402588e-02 5.476392805576324463e-02 1.054832264780998230e-01 4.617541655898094177e-02 1.124936528503894806e-02 2.278730738908052444e-03 3.931576386094093323e-02 5.301109701395034790e-02 6.063417717814445496e-02 4.071359708905220032e-02 4.334672167897224426e-02 2.936248481273651123e-02 5.665671080350875854e-02 1.160621345043182373e-01 1.180137693881988525e-02 2.526741474866867065e-02 4.658953845500946045e-02 5.231111124157905579e-02 6.371253728866577148e-02 6.589820981025695801e-02 2.010215260088443756e-02 2.203133143484592438e-02 2.256910502910614014e-02 6.875518243759870529e-03 7.532935589551925659e-02 2.157482877373695374e-02 8.880574256181716919e-03 3.875222429633140564e-02 3.147687017917633057e-02 7.615668326616287231e-02 1.823941431939601898e-02 6.548894941806793213e-02 4.964330047369003296e-02 4.583262279629707336e-02
9.416629374027252197e-02 9.804408252239227295e-02 5.447148159146308899e-02 3.756249789148569107e-03 3.203351795673370361e-02 7.233632355928421021e-02 9.348702430725097656e-02 3.069868311285972595e-02 2.266502752900123596e-02 3.899139352142810822e-03 1.004070043563842773e-01 6.308767199516296387e-02 1.173892095685005188e-01 2.354107331484556198e-03 7.943589240312576294e-02 2.318839542567729950e-02 3.785410150885581970e-02 5.183631926774978638e-02 6.124179810285568237e-03 3.600089251995086670e-02 3.656704351305961609e-02 7.032317668199539185e-02 4.256667941808700562e-02 2.811784623190760612e-03 6.500209867954254150e-02 8.012893609702587128e-03 4.542814940214157104e-02 5.077396519482135773e-03 1.862411503680050373e-03 3.363724425435066223e-02 6.036910414695739746e-02 1.166269648820161819e-02 1.467068586498498917e-02 7.156518101692199707e-02 2.293692203238606453e-03 1.465989183634519577e-02 9.355109184980392456e-02 2.293497556820511818e-03 2.993940748274326324e-02 7.645893841981887817e-03 2.517109364271163940e-02 4.037962481379508972e-02 1.889307424426078796e-02 3.855073079466819763e-02 1.101312879472970963e-02 4.172099381685256958e-02 3.479493781924247742e-02 8.514396101236343384e-02 4.450651258230209351e-02 1.544309430755674839e-03 2.381862699985504150e-02 3.071437403559684753e-02 3.553639724850654602e-02 2.491063624620437622e-02 2.137441001832485199e-02 3.934211656451225281e-02 5.644068494439125061e-02 2.017229329794645309e-03 3.343825787305831909e-02 3.533442318439483643e-02 1.183972321450710297e-02 1.390324253588914871e-02 3.405807912349700928e-02 1.549867540597915649e-02 2.989145740866661072e-02 2.558257058262825012e-02 6.165284197777509689e-03 1.611113734543323517e-02 2.516188658773899078e-02 2.230544015765190125e-02 4.933323711156845093e-02 4.313012119382619858e-03 1.606287807226181030e-02 9.300433099269866943e-03 6.178889051079750061e-02 3.140572924166917801e-03 4.323914274573326111e-02 7.145818322896957397e-02 5.363978818058967590e-02 7.729810476303100586e-02 4.904161021113395691e-02 2.827140316367149353e-02 3.380447626113891602e-02 3.035035729408264160e-02 2.579077892005443573e-02 1.152737718075513840e-02 2.320800721645355225e-02 7.784188538789749146e-02 7.997700572013854980e-02 1.244749780744314194e-02 3.972230851650238037e-02 1.637950539588928223e-02 6.785022467374801636e-02 4.138817265629768372e-02 2.510180138051509857e-02 3.764252364635467529e-02 7.227879017591476440e-02 6.771041452884674072e-02 6.038842722773551941e-02 2.250343374907970428e-02 9.767051786184310913e-03 1.478599011898040771e-02 4.332871362566947937e-02 2.747087180614471436e-02 1.332049071788787842e-02 6.891701370477676392e-03 3.570008650422096252e-02 3.754381835460662842e-02 2.332545816898345947e-02 1.093654500436969101e-04 1.852772943675518036e-02 2.191928401589393616e-02 1.029299292713403702e-02 4.478669166564941406e-02 1.238846965134143829e-02 4.863703623414039612e-02
