7.061851024627685547e-02 2.235574424266815186e-01 1.269427780061960220e-02 4.729779029730707407e-04 4.495874792337417603e-02 1.734307706356048584e-01 3.284231200814247131e-02 5.463931709527969360e-02 3.265620768070220947e-02 6.599676609039306641e-02 1.718891263008117676e-01 6.642295978963375092e-03 1.493863910436630249e-01 1.638389192521572113e-02 9.817884303629398346e-03 6.792836636304855347e-02 6.126475520431995392e-03 7.639196515083312988e-02 1.994881965219974518e-02 2.300435863435268402e-02 1.474159187637269497e-03 1.244156435132026672e-02 6.866893172264099121e-02 8.232736028730869293e-03 2.995402365922927856e-02 3.758945688605308533e-02 5.345830321311950684e-02 1.402200944721698761e-02 2.613351866602897644e-02 6.876444909721612930e-03 2.935231290757656097e-02 7.775324862450361252e-03 1.630948670208454132e-02 6.734071765094995499e-03 3.538427874445915222e-02 1.079172827303409576e-02 3.250465914607048035e-02 4.490320105105638504e-03 3.476923331618309021e-02 5.550546571612358093e-02 9.468091884627938271e-04 3.610394150018692017e-02 2.914255112409591675e-02 3.716826811432838440e-02 7.369820028543472290e-02 3.272266313433647156e-02 6.281992793083190918e-02 2.827775664627552032e-02 1.653562858700752258e-02 1.279214955866336823e-02 2.652921155095100403e-02 1.476905215531587601e-02 3.871729597449302673e-02 4.379040747880935669e-02 2.813387848436832428e-02 1.037688180804252625e-02 1.222282368689775467e-02 1.573809608817100525e-02 1.578041724860668182e-02 4.778958484530448914e-02 3.774726763367652893e-02 3.916584327816963196e-02 2.286990731954574585e-02 1.934661902487277985e-02 6.385418027639389038e-02 6.631810963153839111e-02 2.318281866610050201e-02 5.983134265989065170e-03 1.571396947838366032e-03 1.523078139871358871e-02 2.617970481514930725e-02 4.429274052381515503e-02 3.201981261372566223e-02 1.368397288024425507e-02 1.596081815659999847e-02 1.440782938152551651e-02 5.746967159211635590e-03 3.745158761739730835e-02 3.649891912937164307e-02 2.986808307468891144e-03 1.554252579808235168e-02 3.642981499433517456e-02 1.353408209979534149e-02 3.064826596528291702e-03 3.711545094847679138e-02 2.661513723433017731e-02 1.969709247350692749e-02 2.142515406012535095e-02 1.047843042761087418e-02 5.441572889685630798e-02 7.227893918752670288e-03 1.900558173656463623e-02 1.110083982348442078e-02 3.193572862073779106e-03 2.501452900469303131e-02 3.802299872040748596e-02 1.756773144006729126e-02 2.035838179290294647e-02 1.974292844533920288e-02 1.348068471997976303e-02 7.049629837274551392e-02 5.570662394165992737e-02 2.486148662865161896e-02 1.609246991574764252e-02 3.326372429728507996e-02 3.807637142017483711e-03 3.015988320112228394e-02 1.915091276168823242e-02 6.802495568990707397e-02 5.382022634148597717e-02 3.356415033340454102e-02 1.957646198570728302e-02 1.409274619072675705e-02 1.210074126720428467e-02 4.644414037466049194e-02 6.922199390828609467e-03
2.235574424266815186e-01 5.244396254420280457e-02 4.721295088529586792e-02 4.047049209475517273e-02 7.185705006122589111e-02 9.504751861095428467e-02 7.828507572412490845e-02 3.075235709547996521e-02 2.239795029163360596e-02 4.887199401855468750e-02 1.265279352664947510e-01 3.553013876080513000e-02 2.256712615489959717e-01 1.759113930165767670e-02 1.464504166506230831e-03 2.682591974735260010e-02 5.680920183658599854e-02 5.081706121563911438e-02 2.909108996391296387e-02 2.878870116546750069e-03 2.142138220369815826e-02 3.837103769183158875e-02 5.435207113623619080e-02 1.101960986852645874e-02 2.748833410441875458e-02 4.383147507905960083e-02 1.357597857713699341e-02 1.022905390709638596e-02 2.344826422631740570e-02 9.524608962237834930e-03 6.064423546195030212e-02 2.043646574020385742e-02 3.058182634413242340e-02 1.216397993266582489e-02 5.802545230835676193e-03 1.057541742920875549e-02 4.451177269220352173e-02 1.068958640098571777e-02 1.282973773777484894e-02 6.134450808167457581e-02 7.527061551809310913e-02 2.190945483744144440e-02 1.483128964900970459e-02 3.174351155757904053e-02 4.666874185204505920e-02 2.264554239809513092e-02 1.732597686350345612e-02 3.630459308624267578e-02 2.838386222720146179e-03 1.178369391709566116e-02 1.839694008231163025e-02 2.289266884326934814e-02 4.337700083851814270e-02 1.654653623700141907e-02 2.329588122665882111e-02 4.344514012336730957e-02 1.781540922820568085e-03 5.733660236001014709e-02 3.405080363154411316e-02 5.722302943468093872e-02 2.076127566397190094e-02 1.751611940562725067e-02 5.962092801928520203e-02 8.301127701997756958e-02 3.673310950398445129e-02 9.904612600803375244e-02 1.363920420408248901e-02 2.030800655484199524e-02 7.478227373212575912e-03 5.843190476298332214e-03 3.568881750106811523e-02 2.739688567817211151e-02 3.263024613261222839e-02 8.002771995961666107e-03 3.349253162741661072e-02 7.762296008877456188e-04 4.319668747484683990e-03 5.395261570811271667e-02 2.156236208975315094e-02 3.313522413372993469e-02 4.943287000060081482e-02 1.517740171402692795e-02 3.212152223568409681e-04 3.965684678405523300e-03 7.121697068214416504e-03 3.211541101336479187e-02 1.707366108894348145e-02 1.880017481744289398e-02 2.005523443222045898e-02 4.730217158794403076e-03 1.318051107227802277e-02 6.634946912527084351e-02 2.031572908163070679e-02 3.064920939505100250e-02 6.862941663712263107e-03 5.832184106111526489e-02 1.318870019167661667e-02 1.256760768592357635e-02 1.139219943434000015e-02 4.176663700491189957e-03 1.458939071744680405e-02 2.663124911487102509e-02 2.181317470967769623e-02 4.687117412686347961e-02 1.847831346094608307e-02 4.268405959010124207e-03 1.461005676537752151e-02 2.335703931748867035e-02 6.536201387643814087e-02 1.132274139672517776e-02 6.230156496167182922e-02 5.114107951521873474e-02 2.456752583384513855e-02 3.414960578083992004e-02 3.877896443009376526e-02 8.027157187461853027e-02
1.269427780061960220e-02 4.721295088529586792e-02 1.001127436757087708e-02 7.383156102150678635e-03 8.522686548531055450e-03 3.687872365117073059e-02 2.360238693654537201e-02 2.089403420686721802e-01 1.926829479634761810e-02 5.891230423003435135e-03 7.303484529256820679e-02 2.894611097872257233e-02 2.308792993426322937e-02 3.662674501538276672e-02 9.030286967754364014e-02 1.381182484328746796e-02 2.463647723197937012e-02 1.842549629509449005e-02 3.201958909630775452e-02 6.618210114538669586e-03 2.401659265160560608e-02 4.927414283156394958e-02 2.165245264768600464e-02 6.482166238129138947e-03 1.218114979565143585e-02 3.852961957454681396e-02 1.484098937362432480e-02 7.187831681221723557e-03 5.800241138786077499e-03 3.820614516735076904e-02 6.286821514368057251e-02 5.073338281363248825e-03 4.068589210510253906e-02 2.343376725912094116e-02 1.748882792890071869e-02 1.053326427936553955e-01 9.773873724043369293e-03 1.197611093521118164e-01 4.155821725726127625e-02 4.793500527739524841e-02 9.097045660018920898e-02 2.824356593191623688e-02 2.074710791930556297e-03 2.381539903581142426e-03 1.885497197508811951e-02 2.867375127971172333e-02 3.249917179346084595e-02 9.533945471048355103e-03 5.981670692563056946e-03 3.155123442411422729e-02 2.747872099280357361e-02 9.380674920976161957e-03 2.320231497287750244e-02 2.733594179153442383e-02 2.200961811468005180e-03 1.949956268072128296e-02 1.499623991549015045e-02 1.429081987589597702e-02 6.218158081173896790e-02 4.231685027480125427e-02 3.689970448613166809e-02 6.838673353195190430e-02 4.292349889874458313e-02 1.440404634922742844e-02 4.787788540124893188e-02 7.422737032175064087e-02 3.806627541780471802e-02 6.188641861081123352e-02 4.773515276610851288e-03 4.016938619315624237e-03 7.966071367263793945e-03 7.101115304976701736e-03 8.109594136476516724e-02 6.479756534099578857e-02 1.022479590028524399e-02 1.862837583757936954e-03 9.315225295722484589e-03 1.920946501195430756e-02 3.187526389956474304e-02 2.860250882804393768e-02 1.997786760330200195e-01 8.287563920021057129e-02 2.522134222090244293e-02 1.102309674024581909e-02 6.835852563381195068e-02 2.939413487911224365e-02 5.977347865700721741e-02 1.306988485157489777e-02 1.068452652543783188e-02 2.757358923554420471e-02 2.040264941751956940e-02 4.011658485978841782e-03 2.061423845589160919e-02 3.270000219345092773e-02 3.044884651899337769e-02 6.608937680721282959e-02 5.681858584284782410e-02 3.904017433524131775e-02 4.564029350876808167e-02 1.200141385197639465e-02 3.245746344327926636e-02 5.878852307796478271e-02 4.595134779810905457e-02 1.028699055314064026e-02 1.005483511835336685e-02 4.503785818815231323e-02 3.949719667434692383e-02 4.263865295797586441e-03 4.363475367426872253e-02 1.836253888905048370e-02 5.015416443347930908e-02 2.970279660075902939e-03 1.894346810877323151e-02 3.747321292757987976e-02 1.136101968586444855e-02 5.667331069707870483e-02
4.729779029730707407e-04 4.047049209475517273e-02 7.383156102150678635e-03 2.238337881863117218e-02 2.289166450500488281e-01 8.288124203681945801e-02 6.905430462211370468e-03 1.443727780133485794e-02 6.731977313756942749e-02 1.898461766541004181e-02 2.551367506384849548e-02 8.289755880832672119e-02 2.153960987925529480e-02 2.867210470139980316e-02 1.374197937548160553e-02 8.965696208178997040e-03 6.443632394075393677e-02 5.688618402928113937e-03 6.451325025409460068e-03 3.803894668817520142e-02 1.585621945559978485e-02 4.202887043356895447e-02 1.070877187885344028e-03 2.002323046326637268e-02 3.126858547329902649e-02 3.843114897608757019e-02 5.498015508055686951e-02 4.601176083087921143e-02 4.939682409167289734e-02 2.513965405523777008e-02 2.560950815677642822e-02 2.616975456476211548e-02 5.498172342777252197e-02 5.478393658995628357e-02 2.153716050088405609e-02 5.509837064892053604e-03 4.656986892223358154e-02 1.576059847138822079e-03 2.215007990598678589e-01 1.338344216346740723e-01 5.349102616310119629e-02 2.147293649613857269e-02 1.119023282080888748e-02 6.621972471475601196e-02 1.353862811811268330e-03 4.152446240186691284e-02 7.449655979871749878e-02 2.586559951305389404e-02 4.083632305264472961e-02 5.235358700156211853e-02 3.635362535715103149e-02 5.846961960196495056e-02 1.239497959613800049e-02 4.966387152671813965e-02 2.563234604895114899e-02 5.961153656244277954e-02 4.023506492376327515e-02 2.164270356297492981e-02 7.994091138243675232e-03 3.314611315727233887e-02 1.262051612138748169e-02 1.666359230875968933e-02 3.758695721626281738e-02 5.480465013533830643e-03 1.821937412023544312e-02 1.466647069901227951e-02 1.606957986950874329e-02 4.489001818001270294e-03 1.236077770590782166e-01 5.980975553393363953e-02 1.081840395927429199e-01 2.049698308110237122e-02 2.507705390453338623e-01 4.391156509518623352e-02 3.350219875574111938e-02 5.231313779950141907e-02 1.187415421009063721e-02 4.909514263272285461e-02 2.487805299460887909e-02 3.303827717900276184e-02 5.426663905382156372e-02 5.490974709391593933e-02 1.028329785913228989e-02 2.221256308257579803e-02 5.711262300610542297e-02 3.963127359747886658e-02 5.857720226049423218e-02 6.282765418291091919e-02 1.519116293638944626e-02 4.462394118309020996e-02 1.817295141518115997e-02 2.753283083438873291e-02 3.221363294869661331e-03 4.035966470837593079e-02 6.794942170381546021e-02 5.457600113004446030e-03 5.258298013359308243e-03 4.814981017261743546e-03 2.500242181122303009e-02 3.889432549476623535e-02 1.242265850305557251e-02 3.978367149829864502e-02 6.507132668048143387e-03 9.621574543416500092e-03 5.960665643215179443e-03 5.885371565818786621e-02 5.614404100924730301e-03 1.861381344497203827e-02 8.974669035524129868e-04 5.793135985732078552e-02 4.828006029129028320e-02 4.343022406101226807e-02 1.111816614866256714e-02 3.097567148506641388e-02 7.554789632558822632e-02 2.188952080905437469e-02
4.495874792337417603e-02 7.185705006122589111e-02 8.522686548531055450e-03 2.289166450500488281e-01 1.364211319014430046e-03 4.501907154917716980e-02 2.101274766027927399e-02 1.282107084989547729e-02 4.320112243294715881e-02 9.676936268806457520e-02 1.954422704875469208e-02 1.731289550662040710e-02 3.153063356876373291e-02 6.735846400260925293e-02 2.076720632612705231e-02 3.564341738820075989e-02 8.688175678253173828e-02 1.172796636819839478e-01 1.247483342885971069e-01 6.653811782598495483e-02 1.049162074923515320e-02 3.535315021872520447e-02 1.119697815738618374e-03 6.404937058687210083e-02 4.769984260201454163e-02 5.329688638448715210e-02 2.304835990071296692e-02 4.720756318420171738e-03 3.792070597410202026e-02 2.909890934824943542e-02 2.100808173418045044e-02 5.250201001763343811e-02 2.012068033218383789e-02 1.376035064458847046e-02 3.481435030698776245e-02 7.119630277156829834e-02 2.592457085847854614e-02 3.394516184926033020e-02 6.251110136508941650e-02 1.970102339982986450e-01 3.010404761880636215e-03 4.426224902272224426e-02 4.587654024362564087e-02 4.877538233995437622e-02 1.124200969934463501e-02 3.993247076869010925e-02 2.043576538562774658e-02 4.132870212197303772e-02 3.177235648036003113e-02 6.207879260182380676e-02 4.410510510206222534e-02 2.710213512182235718e-02 1.210079155862331390e-02 1.530417706817388535e-02 7.263289764523506165e-03 3.340437635779380798e-02 1.054480485618114471e-02 2.483270131051540375e-03 1.140883751213550568e-02 2.031657844781875610e-02 4.297415167093276978e-02 1.592212170362472534e-02 3.801398724317550659e-02 5.392386764287948608e-02 2.176682697609066963e-03 4.578757286071777344e-02 5.645019561052322388e-02 2.049224823713302612e-02 6.623518653213977814e-03 8.142813108861446381e-03 1.088455468416213989e-01 4.503877460956573486e-02 3.940439596772193909e-02 5.454129353165626526e-02 4.768565297126770020e-02 2.315382100641727448e-02 5.323415994644165039e-02 7.318991422653198242e-02 3.931532055139541626e-02 4.268243536353111267e-02 3.483386337757110596e-02 2.248084917664527893e-02 1.292301863431930542e-01 1.263848096132278442e-01 1.934538222849369049e-02 1.926128007471561432e-02 1.845416240394115448e-02 7.071889936923980713e-03 3.348426148295402527e-02 3.768209367990493774e-02 1.095053460448980331e-02 2.014891803264617920e-02 4.288369044661521912e-02 7.992839068174362183e-02 6.255877017974853516e-02 2.219578810036182404e-02 2.145677804946899414e-02 5.328878294676542282e-03 1.344932988286018372e-02 7.533906958997249603e-03 2.190085314214229584e-02 1.048121005296707153e-01 4.311964288353919983e-02 3.431439027190208435e-02 4.557668417692184448e-02 1.936283335089683533e-02 5.716373026371002197e-02 4.402754083275794983e-02 1.747688092291355133e-02 6.495991721749305725e-03 2.219505794346332550e-02 7.197015732526779175e-02 6.841478496789932251e-02 5.938911810517311096e-03 4.930337145924568176e-02 2.556191384792327881e-02
1.734307706356048584e-01 9.504751861095428467e-02 3.687872365117073059e-02 8.288124203681945801e-02 4.501907154917716980e-02 9.646582603454589844e-02 1.276966035366058350e-01 5.607763677835464478e-02 1.159452553838491440e-02 6.103853508830070496e-02 1.375490576028823853e-01 1.891138106584548950e-01 4.731390625238418579e-02 1.171138063073158264e-01 6.505729164928197861e-03 1.699772104620933533e-02 8.112319745123386383e-03 1.030496880412101746e-02 1.257793419063091278e-02 3.107478283345699310e-02 2.090528979897499084e-02 2.201844565570354462e-02 6.438510492444038391e-03 3.285121917724609375e-02 1.642626523971557617e-02 3.211288247257471085e-03 1.285239472053945065e-03 2.449067309498786926e-02 2.518533170223236084e-02 4.554622620344161987e-02 5.343794822692871094e-03 3.144503384828567505e-02 1.394195202738046646e-02 5.230825394392013550e-03 5.981534719467163086e-03 2.981165796518325806e-02 6.436401978135108948e-03 5.479139089584350586e-02 4.533093422651290894e-02 7.056514918804168701e-02 2.879436686635017395e-02 1.680482737720012665e-02 3.578964853659272194e-03 3.562779165804386139e-03 4.182427376508712769e-02 6.595850735902786255e-02 1.670197397470474243e-01 7.065189629793167114e-02 4.225297272205352783e-02 1.398955471813678741e-02 3.380664810538291931e-02 2.282459102571010590e-02 2.480359748005867004e-02 7.359716296195983887e-02 4.644627496600151062e-02 9.364176541566848755e-03 1.855972455814480782e-03 3.742656856775283813e-02 2.525994367897510529e-02 7.082089036703109741e-02 3.934795036911964417e-02 7.302065938711166382e-02 4.442556202411651611e-02 6.143346428871154785e-02 4.733227565884590149e-02 3.679267130792140961e-03 1.909684948623180389e-02 9.634580463171005249e-03 5.956192035228013992e-03 4.094726219773292542e-02 5.577971786260604858e-02 3.188716620206832886e-02 2.052692696452140808e-02 4.161268100142478943e-02 1.544089522212743759e-02 2.537838742136955261e-02 4.087774083018302917e-02 4.711055383086204529e-02 4.619606211781501770e-02 3.501733019948005676e-02 2.759135514497756958e-02 2.923281304538249969e-02 1.018929108977317810e-02 6.203479319810867310e-02 7.141788955777883530e-03 1.169401779770851135e-02 2.148356661200523376e-02 2.390988357365131378e-02 7.767854630947113037e-02 1.929162256419658661e-02 1.363284587860107422e-01 1.530774519778788090e-03 8.074776828289031982e-02 2.008590102195739746e-02 6.538434419780969620e-03 2.603906579315662384e-02 2.428378909826278687e-02 2.826395258307456970e-02 2.023127116262912750e-02 3.920066636055707932e-03 5.094846338033676147e-02 2.066806331276893616e-02 4.193383082747459412e-02 2.483260584995150566e-03 3.128048777580261230e-02 1.437448523938655853e-02 5.709261447191238403e-02 2.515867166221141815e-02 7.860596291720867157e-03 7.162778824567794800e-02 9.615887887775897980e-03 4.414740949869155884e-02 7.113252580165863037e-02 5.342456698417663574e-02 3.655718266963958740e-02 3.398421779274940491e-02
3.284231200814247131e-02 7.828507572412490845e-02 2.360238693654537201e-02 6.905430462211370468e-03 2.101274766027927399e-02 1.276966035366058350e-01 1.010243818163871765e-01 3.324827551841735840e-02 6.690110545605421066e-03 4.096591379493474960e-03 6.175170093774795532e-02 2.048235764959827065e-04 5.454737320542335510e-02 1.166063174605369568e-01 8.959115482866764069e-03 1.513412222266197205e-02 4.285576753318309784e-03 3.791572526097297668e-02 2.328246086835861206e-02 2.170113474130630493e-02 3.103109542280435562e-03 8.199633657932281494e-02 2.463974431157112122e-02 7.377362251281738281e-02 1.348846033215522766e-02 6.667813286185264587e-03 4.367296770215034485e-02 3.513188287615776062e-02 6.888201832771301270e-02 7.023797370493412018e-03 9.325273334980010986e-02 1.408529840409755707e-02 1.129950117319822311e-02 1.034812349826097488e-02 2.387147769331932068e-02 1.021548267453908920e-02 4.467921797186136246e-03 2.168405801057815552e-02 6.068156100809574127e-03 3.643360733985900879e-02 3.766380017623305321e-03 4.915582761168479919e-02 4.243828356266021729e-02 1.019569579511880875e-02 5.763993039727210999e-02 4.818734899163246155e-02 1.092557162046432495e-01 1.676785647869110107e-01 4.937995597720146179e-02 1.751059293746948242e-02 1.480553485453128815e-02 2.637794613838195801e-02 4.505603760480880737e-02 1.515474170446395874e-02 3.132702782750129700e-02 2.039771340787410736e-02 2.916140295565128326e-02 3.837610036134719849e-02 7.357297092676162720e-02 1.448626164346933365e-02 3.433782607316970825e-02 2.553899399936199188e-02 8.150615729391574860e-03 5.047392845153808594e-02 1.490383408963680267e-03 1.712629199028015137e-02 1.670728437602519989e-02 1.699752733111381531e-02 3.853536397218704224e-02 3.976093605160713196e-03 1.374492980539798737e-02 5.031909421086311340e-02 9.822244755923748016e-03 7.929381914436817169e-03 1.371499709784984589e-02 4.501790553331375122e-02 4.926140978932380676e-02 8.244904689490795135e-03 3.217962384223937988e-02 5.317371711134910583e-02 2.525995112955570221e-02 1.151851937174797058e-02 1.884956285357475281e-02 2.603758312761783600e-02 1.613035611808300018e-02 2.139417268335819244e-02 1.295166183263063431e-02 1.847900822758674622e-02 8.292268961668014526e-02 2.419765666127204895e-02 1.181034445762634277e-01 6.679239217191934586e-03 1.102242618799209595e-01 6.509209051728248596e-03 1.909134909510612488e-02 5.415081046521663666e-03 3.493203083053231239e-03 3.688734769821166992e-02 1.075291167944669724e-02 2.993554994463920593e-02 2.790555823594331741e-03 3.166867420077323914e-03 3.770782798528671265e-02 5.142352730035781860e-02 9.831909090280532837e-02 4.829174652695655823e-02 2.388351410627365112e-02 7.126987725496292114e-02 1.879653707146644592e-02 8.912954363040626049e-04 7.622263394296169281e-03 6.644232664257287979e-03 2.802715636789798737e-02 3.714529424905776978e-02 4.190002102404832840e-03 4.468620195984840393e-02
5.463931709527969360e-02 3.075235709547996521e-02 2.089403420686721802e-01 1.443727780133485794e-02 1.282107084989547729e-02 5.607763677835464478e-02 3.324827551841735840e-02 1.840552687644958496e-02 1.767841726541519165e-02 4.006455466151237488e-02 5.197428166866302490e-02 6.379657238721847534e-02 1.058722846210002899e-02 4.020188748836517334e-02 1.219021305441856384e-01 5.477242916822433472e-02 4.815505072474479675e-02 4.799892753362655640e-02 1.526219770312309265e-02 1.051679067313671112e-02 2.272526547312736511e-02 6.937536597251892090e-02 9.121777862310409546e-02 9.638820588588714600e-02 5.242730677127838135e-02 4.770956933498382568e-02 8.281289041042327881e-02 2.169318031519651413e-03 3.047239780426025391e-02 1.223820354789495468e-02 5.227247998118400574e-02 2.350522577762603760e-02 2.009028941392898560e-02 9.278775192797183990e-03 4.322365298867225647e-02 2.162461727857589722e-02 7.996656745672225952e-02 8.556641638278961182e-03 5.068488791584968567e-02 1.574642956256866455e-02 6.212699040770530701e-02 1.726463786326348782e-03 2.964651212096214294e-02 7.182093709707260132e-02 2.321896702051162720e-02 2.850653044879436493e-02 8.579250425100326538e-02 3.070078045129776001e-02 5.466245487332344055e-02 2.142410259693861008e-03 9.356855414807796478e-03 4.913959279656410217e-02 2.352945879101753235e-02 3.410854190587997437e-02 4.816965386271476746e-02 1.985502429306507111e-02 9.902423247694969177e-03 8.776790648698806763e-02 5.059849098324775696e-02 5.425034463405609131e-02 3.535505756735801697e-02 3.198728337883949280e-02 5.519730597734451294e-02 3.230127692222595215e-02 4.447687044739723206e-02 1.636416837573051453e-02 1.509996689856052399e-02 2.105681225657463074e-02 5.004089698195457458e-02 1.532056368887424469e-03 1.679445058107376099e-02 2.480465359985828400e-02 1.507082134485244751e-01 2.854787930846214294e-02 2.741222642362117767e-02 6.829074025154113770e-02 4.155672341585159302e-02 4.541986063122749329e-02 3.497159108519554138e-02 5.030211061239242554e-02 1.935989856719970703e-01 8.447887748479843140e-02 4.948189854621887207e-02 1.849098689854145050e-02 2.684905007481575012e-02 4.834141582250595093e-02 9.403706341981887817e-02 1.697152294218540192e-02 1.694971174001693726e-01 8.717873692512512207e-02 4.776800051331520081e-02 5.531784519553184509e-02 6.170742213726043701e-02 3.459474537521600723e-04 2.596479281783103943e-02 7.254995405673980713e-02 7.028185296803712845e-03 1.089317128062248230e-01 4.100888967514038086e-02 5.440368130803108215e-02 4.700900241732597351e-02 5.207647383213043213e-02 7.411968708038330078e-02 2.803880162537097931e-02 2.728234976530075073e-02 1.257308945059776306e-02 1.240357086062431335e-01 2.514076046645641327e-02 5.066553130745887756e-02 3.770095482468605042e-02 8.389689773321151733e-02 6.541730463504791260e-02 2.307729050517082214e-02 4.550864547491073608e-02 2.821764722466468811e-02 1.216656295582652092e-03
3.265620768070220947e-02 2.239795029163360596e-02 1.926829479634761810e-02 6.731977313756942749e-02 4.320112243294715881e-02 1.159452553838491440e-02 6.690110545605421066e-03 1.767841726541519165e-02 1.402833964675664902e-02 1.040247306227684021e-01 4.045077413320541382e-02 4.831919074058532715e-02 3.145477175712585449e-02 5.363559350371360779e-03 1.647628657519817352e-02 2.084853500127792358e-02 4.289323836565017700e-02 7.351399213075637817e-02 1.171209290623664856e-01 2.893854491412639618e-02 3.776372596621513367e-02 6.155284866690635681e-02 3.740995377302169800e-02 5.397053807973861694e-02 6.052028387784957886e-02 4.958677291870117188e-02 4.659571126103401184e-02 2.562306821346282959e-02 3.393663465976715088e-02 7.039298117160797119e-02 2.333726361393928528e-02 1.747301965951919556e-02 1.333090662956237793e-01 1.743729226291179657e-02 2.219410613179206848e-02 7.445000112056732178e-02 7.243335247039794922e-02 1.321896351873874664e-02 3.405514173209667206e-03 1.963985338807106018e-02 5.011020228266716003e-02 2.870449610054492950e-02 1.202169456519186497e-03 2.489358745515346527e-02 4.261196032166481018e-02 5.301777273416519165e-02 5.534983053803443909e-02 6.134691461920738220e-02 2.081376127898693085e-02 5.951606109738349915e-02 3.819311037659645081e-03 4.178335517644882202e-02 1.677308604121208191e-02 3.698576986789703369e-02 1.328641027212142944e-01 1.977504231035709381e-02 7.787510752677917480e-02 9.139102883636951447e-03 1.314196735620498657e-02 2.903029322624206543e-02 1.014031171798706055e-01 9.295577555894851685e-02 5.437660962343215942e-02 4.848886281251907349e-02 1.006653252989053726e-02 1.009772159159183502e-02 2.096807584166526794e-02 3.818993270397186279e-02 3.988651186227798462e-02 4.096373450011014938e-03 3.443693369626998901e-02 4.804345313459634781e-03 1.855353824794292450e-02 5.567659437656402588e-02 1.102448627352714539e-02 3.878652676939964294e-02 2.234984040260314941e-01 1.043890267610549927e-01 9.638867527246475220e-02 5.099507048726081848e-02 2.107338793575763702e-02 4.652469977736473083e-02 8.961826562881469727e-02 1.009122207760810852e-01 5.382020026445388794e-02 5.234451382420957088e-04 3.178774937987327576e-02 6.678560748696327209e-03 1.004972588270902634e-02 7.103238999843597412e-02 3.801907598972320557e-02 9.644429385662078857e-02 2.251667156815528870e-02 6.815065629780292511e-03 2.031494118273258209e-02 3.982050344347953796e-02 5.112147703766822815e-02 5.060005933046340942e-03 3.115147911012172699e-02 3.192823752760887146e-02 1.934471912682056427e-02 2.784599177539348602e-02 2.204752294346690178e-03 4.227437078952789307e-02 1.517817471176385880e-02 4.160745535045862198e-03 1.546599343419075012e-02 7.214000821113586426e-02 3.371762856841087341e-02 6.159870326519012451e-02 2.366214757785201073e-03 3.084640204906463623e-02 1.660055853426456451e-02 1.566103287041187286e-02 1.663064211606979370e-02 1.283585280179977417e-02
6.599676609039306641e-02 4.887199401855468750e-02 5.891230423003435135e-03 1.898461766541004181e-02 9.676936268806457520e-02 6.103853508830070496e-02 4.096591379493474960e-03 4.006455466151237488e-02 1.040247306227684021e-01 8.041466772556304932e-02 3.327516838908195496e-02 4.859699308872222900e-02 6.681617349386215210e-02 1.284368485212326050e-01 1.747610419988632202e-02 9.062074869871139526e-02 2.429026924073696136e-02 3.532261028885841370e-02 2.019180953502655029e-01 2.373454719781875610e-02 4.151468724012374878e-02 3.610856458544731140e-02 6.570098549127578735e-02 1.445473581552505493e-01 2.084047766402363777e-03 1.159062981605529785e-02 2.896045148372650146e-02 4.644063115119934082e-02 2.847392298281192780e-02 5.921187996864318848e-02 3.373439237475395203e-02 2.706113643944263458e-02 5.461661517620086670e-02 5.054432898759841919e-02 4.282349720597267151e-03 1.805672235786914825e-02 2.847323380410671234e-02 9.882712736725807190e-03 3.643248975276947021e-02 2.392603456974029541e-02 3.616842627525329590e-02 3.532115078996866941e-04 2.106427773833274841e-02 1.165976654738187790e-02 4.432364180684089661e-02 1.487129484303295612e-03 2.710568159818649292e-02 1.830448955297470093e-02 8.553413301706314087e-02 1.687988787889480591e-01 1.892071962356567383e-02 6.382639706134796143e-02 1.694760471582412720e-02 7.523448765277862549e-02 3.211287036538124084e-02 4.475659877061843872e-02 2.223286218941211700e-02 5.965911969542503357e-02 6.070535257458686829e-02 1.968513429164886475e-02 1.432631015777587891e-01 4.576081782579421997e-02 1.745801232755184174e-02 7.349969446659088135e-02 6.544374674558639526e-02 5.205712839961051941e-02 4.907977208495140076e-02 2.860211394727230072e-02 1.051914691925048828e-02 8.604572713375091553e-02 5.907606706023216248e-02 3.543233126401901245e-02 4.202850535511970520e-02 8.091220259666442871e-02 3.565533459186553955e-02 5.850183591246604919e-02 8.666844666004180908e-02 1.849229931831359863e-01 1.319919526576995850e-02 2.496433705091476440e-01 1.108264271169900894e-02 1.150055322796106339e-02 7.450376171618700027e-03 1.238360852003097534e-01 3.041605651378631592e-02 3.261944651603698730e-02 1.803558319807052612e-02 4.166163876652717590e-02 2.612144127488136292e-02 1.712687015533447266e-01 2.560623921453952789e-02 5.384862050414085388e-02 3.154397383332252502e-02 4.519788920879364014e-02 9.623141959309577942e-03 5.348068848252296448e-02 8.034133911132812500e-02 1.373829878866672516e-02 4.351929947733879089e-02 6.141822319477796555e-03 6.453698128461837769e-02 2.328984811902046204e-02 9.472597390413284302e-03 5.196265131235122681e-02 9.793338365852832794e-03 2.576216123998165131e-02 1.372790616005659103e-02 5.579559877514839172e-02 2.771479822695255280e-02 5.838625505566596985e-02 4.743694327771663666e-03 4.364890977740287781e-03 3.910360485315322876e-02 1.457320898771286011e-02 1.448941603302955627e-02 5.667333677411079407e-02
1.718891263008117676e-01 1.265279352664947510e-01 7.303484529256820679e-02 2.551367506384849548e-02 1.954422704875469208e-02 1.375490576028823853e-01 6.175170093774795532e-02 5.197428166866302490e-02 4.045077413320541382e-02 3.327516838908195496e-02 6.012493744492530823e-02 4.536830261349678040e-02 1.207788661122322083e-01 1.429824531078338623e-02 5.302262678742408752e-02 1.584121398627758026e-02 7.448964286595582962e-03 4.300728440284729004e-03 5.758486688137054443e-03 1.160985138267278671e-02 2.189164422452449799e-02 6.168652698397636414e-02 3.241889551281929016e-02 2.920787781476974487e-02 2.169054187834262848e-02 3.404185920953750610e-02 5.008124932646751404e-02 1.208953280001878738e-02 8.120994269847869873e-02 4.564825072884559631e-02 5.199672281742095947e-02 4.267648234963417053e-02 2.452155947685241699e-02 2.233483828604221344e-02 1.855067349970340729e-02 3.945080935955047607e-02 2.665914036333560944e-02 7.834299653768539429e-02 3.411603346467018127e-02 5.812583491206169128e-03 4.816355183720588684e-02 3.701687976717948914e-02 5.212531425058841705e-03 6.590422987937927246e-02 4.814240336418151855e-02 4.923254996538162231e-02 9.301402419805526733e-02 1.826556213200092316e-02 2.159030176699161530e-02 8.279000408947467804e-03 6.714826822280883789e-02 2.200867980718612671e-02 2.132094092667102814e-02 1.787515543401241302e-02 8.663330809213221073e-04 1.270524598658084869e-02 1.351033058017492294e-02 3.496091440320014954e-02 1.468138396739959717e-02 2.696257270872592926e-02 1.592521741986274719e-02 4.928321018815040588e-02 2.814550511538982391e-02 7.155402563512325287e-03 9.934593737125396729e-02 5.135044082999229431e-02 2.229624660685658455e-03 1.792896166443824768e-02 5.027619004249572754e-02 4.188800230622291565e-02 2.014139434322714806e-03 1.055208873003721237e-02 3.550528734922409058e-02 1.349483523517847061e-02 4.560973029583692551e-03 5.155441816896200180e-03 2.343448810279369354e-02 8.219815045595169067e-02 5.286053568124771118e-02 4.672132059931755066e-02 4.737202078104019165e-03 1.904884725809097290e-02 4.229240119457244873e-02 5.040344316512346268e-03 6.460048258304595947e-03 1.317996717989444733e-02 7.755468785762786865e-02 9.639473631978034973e-03 3.829255700111389160e-02 3.221884369850158691e-02 5.703644454479217529e-02 1.018644077703356743e-03 5.894825235009193420e-02 2.768300473690032959e-02 4.299284145236015320e-02 6.602676212787628174e-02 3.423261269927024841e-02 5.473295226693153381e-02 1.280233263969421387e-02 6.807849556207656860e-02 9.224396944046020508e-02 6.657578796148300171e-02 2.805133350193500519e-02 3.377724066376686096e-02 1.190891861915588379e-02 1.380531233735382557e-03 3.172019124031066895e-02 5.411453917622566223e-02 2.327748201787471771e-02 2.800562884658575058e-03 2.274972386658191681e-02 5.976360291242599487e-02 6.561782956123352051e-02 1.464410778135061264e-02 8.398173004388809204e-02 2.856531646102666855e-03
6.642295978963375092e-03 3.553013876080513000e-02 2.894611097872257233e-02 8.289755880832672119e-02 1.731289550662040710e-02 1.891138106584548950e-01 2.048235764959827065e-04 6.379657238721847534e-02 4.831919074058532715e-02 4.859699308872222900e-02 4.536830261349678040e-02 3.311378136277198792e-02 2.745606377720832825e-02 1.909086704254150391e-01 4.986244812607765198e-02 1.683470793068408966e-02 1.235710951732471585e-04 5.695185810327529907e-02 1.775786094367504120e-02 3.143431618809700012e-02 1.755431853234767914e-02 8.280619978904724121e-03 5.988097190856933594e-02 5.764443799853324890e-02 5.596754141151905060e-03 1.578461192548274994e-02 4.038502648472785950e-02 9.891997277736663818e-02 2.424153685569763184e-02 7.775077223777770996e-02 2.202848717570304871e-02 4.860689491033554077e-02 5.502126179635524750e-03 3.106199577450752258e-02 3.780955215916037560e-03 3.777870163321495056e-02 7.059110701084136963e-02 8.494744077324867249e-03 4.046344757080078125e-02 5.168614443391561508e-03 5.008583143353462219e-02 3.278653696179389954e-02 6.188794970512390137e-02 2.379687502980232239e-02 4.791351780295372009e-02 2.547813765704631805e-02 4.684208706021308899e-02 4.644319415092468262e-02 4.049539566040039062e-02 1.804259978234767914e-02 4.899133741855621338e-02 2.444576285779476166e-02 2.331334911286830902e-02 5.683117359876632690e-02 6.723298132419586182e-02 6.344909220933914185e-02 7.430044561624526978e-02 7.005434483289718628e-02 7.178965955972671509e-02 7.130504399538040161e-02 2.203146740794181824e-02 1.927828416228294373e-02 3.498570993542671204e-02 4.681600257754325867e-02 4.737874865531921387e-02 5.666491761803627014e-02 4.029541835188865662e-02 2.498877979815006256e-02 7.938850671052932739e-02 4.143840074539184570e-02 9.090202860534191132e-03 1.138100679963827133e-02 4.649237263947725296e-03 1.899237744510173798e-02 1.089222636073827744e-02 2.124895900487899780e-02 3.973612189292907715e-02 4.749849066138267517e-02 3.749418072402477264e-03 7.790936529636383057e-02 5.327749624848365784e-02 2.693128027021884918e-02 1.597688347101211548e-02 8.876408450305461884e-03 1.620147749781608582e-02 7.148303091526031494e-02 6.170948967337608337e-02 1.802504435181617737e-02 1.158168688416481018e-01 8.510858565568923950e-02 7.424467802047729492e-02 6.620513158850371838e-04 6.349845230579376221e-02 6.015234068036079407e-02 3.256363421678543091e-02 2.086018398404121399e-02 1.446827780455350876e-02 3.443757817149162292e-02 8.330094628036022186e-03 2.404089458286762238e-02 5.745780467987060547e-02 4.565476626157760620e-02 9.579475037753582001e-03 1.646669767796993256e-02 3.196175023913383484e-02 2.444865554571151733e-02 1.477907691150903702e-02 7.320547103881835938e-02 2.719801850616931915e-02 1.031330525875091553e-01 4.809166491031646729e-02 2.096264250576496124e-02 3.827427700161933899e-02 4.719804227352142334e-02 1.130683533847332001e-02 3.058176115155220032e-02
1.493863910436630249e-01 2.256712615489959717e-01 2.308792993426322937e-02 2.153960987925529480e-02 3.153063356876373291e-02 4.731390625238418579e-02 5.454737320542335510e-02 1.058722846210002899e-02 3.145477175712585449e-02 6.681617349386215210e-02 1.207788661122322083e-01 2.745606377720832825e-02 7.844920456409454346e-02 4.019627347588539124e-02 9.428582340478897095e-02 6.163843441754579544e-03 4.432803392410278320e-02 2.085813879966735840e-02 8.918359875679016113e-03 1.481303595937788486e-03 4.449293017387390137e-03 1.415422260761260986e-01 7.497607916593551636e-02 2.938819816336035728e-03 2.557480894029140472e-02 2.256383653730154037e-03 8.143995702266693115e-02 4.452529922127723694e-02 1.199996005743741989e-02 3.657547011971473694e-02 7.832273840904235840e-02 5.804866179823875427e-02 4.639935493469238281e-02 4.017909988760948181e-02 1.064344216138124466e-02 4.917770624160766602e-02 5.924205109477043152e-02 4.157246090471744537e-03 5.146363005042076111e-02 5.903283599764108658e-03 9.537404775619506836e-02 3.128197789192199707e-02 3.780416399240493774e-02 1.234512962400913239e-02 4.433019086718559265e-02 1.088964520022273064e-03 9.006775217130780220e-04 5.099520087242126465e-02 4.083515610545873642e-03 4.377628862857818604e-02 1.812263019382953644e-02 5.190730467438697815e-02 3.147511184215545654e-02 3.706087009049952030e-04 1.010045781731605530e-02 2.302007190883159637e-02 7.545685861259698868e-03 2.262189425528049469e-02 3.859276697039604187e-02 1.709095085971057415e-03 2.408016659319400787e-02 2.340639755129814148e-02 1.235357858240604401e-02 2.657690644264221191e-02 1.175387017428874969e-02 9.126419574022293091e-02 4.579341784119606018e-02 5.131235718727111816e-02 9.973463602364063263e-03 6.177447363734245300e-02 1.154224667698144913e-02 7.718314882367849350e-03 2.567854709923267365e-02 3.000710345804691315e-02 1.126740500330924988e-02 2.135562710464000702e-02 1.270017586648464203e-02 8.555589010939002037e-04 5.443388363346457481e-04 1.474535837769508362e-02 4.079959914088249207e-02 1.890908926725387573e-02 2.524677291512489319e-02 1.942466013133525848e-02 2.353643625974655151e-02 3.456129878759384155e-02 8.060254901647567749e-02 5.111967027187347412e-02 5.306392535567283630e-02 2.771598473191261292e-02 5.865086801350116730e-03 2.494419738650321960e-02 8.621476590633392334e-03 4.241168126463890076e-02 3.480368293821811676e-03 1.441115234047174454e-02 4.851122945547103882e-02 2.171168848872184753e-02 1.995317451655864716e-02 8.645726367831230164e-03 5.183018371462821960e-02 3.837471827864646912e-02 5.335862934589385986e-02 2.990397252142429352e-02 2.676906995475292206e-03 1.091800164431333542e-02 2.465143986046314240e-02 1.082658395171165466e-02 6.624966859817504883e-02 3.909761086106300354e-02 4.919924540445208549e-04 4.971803724765777588e-02 3.391647338867187500e-02 3.838174277916550636e-03 4.704125970602035522e-02 5.249719321727752686e-02
