3.626618161797523499e-02 7.072592526674270630e-02 8.346583694219589233e-03 1.753840409219264984e-02 3.538969322107732296e-04 1.340010017156600952e-01 9.703984111547470093e-02 1.746799610555171967e-02 3.620354458689689636e-03 2.034481242299079895e-02 8.456503599882125854e-02 8.252195268869400024e-02 4.075807705521583557e-02 1.099761575460433960e-02 2.184843644499778748e-02 8.328240946866571903e-04 2.919187583029270172e-02 6.721263751387596130e-03 4.817073047161102295e-02 1.592311635613441467e-02 1.580249704420566559e-02 3.850689157843589783e-02 1.054197084158658981e-02 3.059901855885982513e-02 1.979510486125946045e-02 1.794654875993728638e-02 2.217247150838375092e-02 6.699916720390319824e-02 6.178487092256546021e-03 2.979256026446819305e-02 5.730231478810310364e-02 5.337119847536087036e-02 1.682069338858127594e-02 3.472082316875457764e-02 5.314992740750312805e-04 2.041461644694209099e-03 1.750645600259304047e-02 4.960802942514419556e-02 3.678918816149234772e-03 4.293567035347223282e-03 2.137234434485435486e-02 1.276781084015965462e-03 1.362023223191499710e-02 1.300025824457406998e-02 4.823470115661621094e-02 4.617335274815559387e-02 6.943542510271072388e-02 1.243752799928188324e-02 1.945475675165653229e-02 3.712552413344383240e-02 2.001244015991687775e-02 9.626910090446472168e-03 2.229164354503154755e-02 5.987310037016868591e-02 3.014247398823499680e-03 8.149326778948307037e-03 2.984482422471046448e-02 1.079975161701440811e-02 7.598644122481346130e-03 1.709332689642906189e-02 2.810571156442165375e-02 2.642143517732620239e-02 1.475430186837911606e-02 2.304582484066486359e-02 1.135824015364050865e-03 5.926839634776115417e-02 5.541770905256271362e-02 3.253980726003646851e-02 5.086633027531206608e-04 1.581199094653129578e-02 2.775296568870544434e-02 7.458091527223587036e-02 7.594564929604530334e-03 2.977589145302772522e-02 2.536923252046108246e-02 2.158987081202212721e-05 1.555567700415849686e-02 1.742443814873695374e-02 2.908455953001976013e-02 2.588280104100704193e-02 1.097575668245553970e-02 3.109491430222988129e-03 1.853513345122337341e-02 2.627301029860973358e-02 2.184799872338771820e-02 3.104136139154434204e-02 2.479508519172668457e-02 8.478743955492973328e-03 2.495483867824077606e-02 1.119260583072900772e-02 3.464092686772346497e-02 1.728447340428829193e-02 2.165077067911624908e-02 4.344360157847404480e-02 6.746601779013872147e-03 2.187616564333438873e-02 6.407835986465215683e-03 4.783801734447479248e-02 1.143189333379268646e-02 7.252652663737535477e-03 2.565130218863487244e-02 2.530033513903617859e-02 1.577117480337619781e-02 4.587280750274658203e-02 2.984000183641910553e-02 2.260313555598258972e-02 9.425801783800125122e-02 9.961758740246295929e-03 2.069894038140773773e-02 5.999951623380184174e-03 9.469127282500267029e-03 4.558670520782470703e-02 2.955091558396816254e-02 3.971784934401512146e-02 5.263991188257932663e-04 1.218379195779561996e-02
7.072592526674270630e-02 5.622827634215354919e-02 4.365304484963417053e-03 2.151890285313129425e-02 4.184492398053407669e-03 8.254699409008026123e-02 1.083514094352722168e-01 3.472996130585670471e-02 2.784951962530612946e-02 2.090581133961677551e-02 6.986401975154876709e-02 1.528316410258412361e-03 9.583647549152374268e-02 3.281104937195777893e-02 3.451170399785041809e-02 1.706583570921793580e-04 7.311528082937002182e-03 9.594175033271312714e-03 1.247638091444969177e-02 2.596164867281913757e-02 3.456620126962661743e-02 3.297682851552963257e-03 3.296329453587532043e-02 3.602982964366674423e-03 2.382754161953926086e-02 3.885501995682716370e-02 1.744861900806427002e-02 2.119847759604454041e-02 1.142372470349073410e-02 4.896037653088569641e-02 3.302327170968055725e-02 4.490440245717763901e-03 4.579653032124042511e-03 3.421963751316070557e-02 2.714195661246776581e-02 7.843686267733573914e-03 1.087841927073895931e-03 1.834543794393539429e-02 2.287806570529937744e-02 4.298424720764160156e-02 2.076651901006698608e-02 2.916788123548030853e-02 1.900350116193294525e-02 3.879901394248008728e-02 1.348262652754783630e-02 5.051589105278253555e-03 5.555129051208496094e-02 1.053664237260818481e-01 8.868067525327205658e-03 6.578294094651937485e-03 6.448735948652029037e-03 1.081131584942340851e-02 1.111070252954959869e-02 3.611348196864128113e-02 1.941453665494918823e-02 6.835560197941958904e-04 2.398819103837013245e-02 2.637617476284503937e-02 2.450566366314888000e-02 1.670433208346366882e-02 3.027871996164321899e-02 9.677783586084842682e-03 1.127302646636962891e-02 6.072709336876869202e-03 2.327477373182773590e-02 3.227559849619865417e-02 5.487426649779081345e-03 5.589693412184715271e-02 6.510596722364425659e-03 9.688770398497581482e-03 3.186417743563652039e-02 6.130189634859561920e-03 2.295324020087718964e-02 2.145090606063604355e-03 6.414753850549459457e-03 1.671268790960311890e-02 2.335992082953453064e-02 2.312853932380676270e-02 4.968649707734584808e-03 4.317882284522056580e-02 2.311696112155914307e-02 2.256064862012863159e-02 4.352274537086486816e-02 1.224724017083644867e-02 3.286565840244293213e-02 6.470350176095962524e-02 2.344397082924842834e-02 3.416466340422630310e-02 1.400935556739568710e-02 7.135605905205011368e-03 5.095889419317245483e-02 3.507523797452449799e-03 7.655286788940429688e-02 2.326346933841705322e-02 7.271567825227975845e-03 2.828185446560382843e-02 4.627734422683715820e-03 2.037316560745239258e-02 3.881650744006037712e-03 1.421132683753967285e-02 3.030349267646670341e-03 1.845431700348854065e-02 1.709548378130421042e-04 5.528341353056021035e-05 2.436958439648151398e-02 4.065605811774730682e-03 4.543356131762266159e-03 1.664430834352970123e-03 2.749712392687797546e-02 1.067940425127744675e-02 7.112308405339717865e-03 4.444182291626930237e-02 2.124629728496074677e-02 1.739824563264846802e-02 1.113127637654542923e-02 1.074471976608037949e-02
8.346583694219589233e-03 4.365304484963417053e-03 2.126700244843959808e-02 2.570221200585365295e-02 2.976006083190441132e-02 1.093070488423109055e-02 7.588956970721483231e-03 5.896605923771858215e-02 4.512284696102142334e-02 5.174145568162202835e-03 9.045379236340522766e-03 9.263048996217548847e-04 2.599227614700794220e-02 2.240303345024585724e-02 5.124776065349578857e-02 1.424057781696319580e-02 1.767174899578094482e-02 2.611367776989936829e-02 2.584482543170452118e-02 2.618276141583919525e-02 2.210384607315063477e-02 9.548531472682952881e-02 9.530705399811267853e-03 1.818539947271347046e-02 1.250215806066989899e-02 8.195734582841396332e-03 4.631053656339645386e-02 4.048180952668190002e-02 2.571553550660610199e-02 3.578777611255645752e-02 4.683011770248413086e-02 1.944899745285511017e-02 7.532378192991018295e-03 8.265935815870761871e-03 1.515186298638582230e-02 3.872697800397872925e-02 5.154347978532314301e-03 3.114063106477260590e-02 4.749030806124210358e-03 8.568759076297283173e-03 5.117012187838554382e-02 2.299549756571650505e-03 1.576965674757957458e-02 7.609432935714721680e-02 1.423882134258747101e-02 7.797665428370237350e-03 1.609384268522262573e-02 3.421980515122413635e-02 2.149174176156520844e-02 3.081504814326763153e-02 2.773786149919033051e-02 2.065930888056755066e-02 3.383941715583205223e-03 1.489877328276634216e-02 3.923539817333221436e-02 1.789997518062591553e-02 1.435177517123520374e-03 1.633438840508460999e-02 4.913944751024246216e-03 2.370032295584678650e-02 2.978397347033023834e-02 1.274325791746377945e-02 9.018201380968093872e-03 1.644549146294593811e-02 5.611896049231290817e-03 2.292948216199874878e-02 1.693171635270118713e-02 1.103050913661718369e-02 2.828748710453510284e-02 3.045607544481754303e-02 3.589971363544464111e-02 1.691343262791633606e-03 4.090590775012969971e-02 3.309381753206253052e-02 2.740087918937206268e-02 2.692360989749431610e-02 3.576462622731924057e-03 1.085809990763664246e-02 2.243142388761043549e-02 7.071879808790981770e-04 6.201831996440887451e-02 9.754483401775360107e-02 2.805635705590248108e-02 5.886190570890903473e-03 1.803964260034263134e-03 1.512633450329303741e-02 3.810333460569381714e-02 8.338137716054916382e-02 5.124946683645248413e-02 1.324390433728694916e-02 3.711972385644912720e-02 2.378647960722446442e-02 4.012311995029449463e-02 8.213906735181808472e-02 1.017470192164182663e-02 3.658680710941553116e-03 1.545542385429143906e-02 1.577410474419593811e-02 1.665535941720008850e-02 3.802082967013120651e-03 1.643090695142745972e-02 1.921449974179267883e-02 7.767104543745517731e-04 4.504783451557159424e-02 3.846151055768132210e-03 8.111458271741867065e-03 2.667394839227199554e-02 1.199943711981177330e-03 2.892854623496532440e-02 2.169944904744625092e-02 3.334226831793785095e-02 1.185001246631145477e-02 4.229452461004257202e-03 2.128827758133411407e-02 3.117891610600054264e-04 1.791793666779994965e-02
1.753840409219264984e-02 2.151890285313129425e-02 2.570221200585365295e-02 1.188751682639122009e-01 2.046549320220947266e-01 3.428376838564872742e-02 7.469916250556707382e-03 3.215132653713226318e-02 2.980936877429485321e-02 8.509772014804184437e-04 8.205965161323547363e-03 4.958086647093296051e-03 1.976412534713745117e-02 7.747276220470666885e-03 3.854970261454582214e-02 2.759098075330257416e-02 5.532963946461677551e-02 5.158907175064086914e-02 4.425568133592605591e-02 3.904441744089126587e-02 1.125103444792330265e-03 2.028405480086803436e-02 1.274491753429174423e-02 3.064681403338909149e-02 1.227040542289614677e-03 3.283103927969932556e-02 2.765758335590362549e-02 9.311090409755706787e-02 4.403959959745407104e-02 2.609325014054775238e-02 2.008261904120445251e-02 6.580547988414764404e-02 3.976706415414810181e-02 4.414431378245353699e-02 6.344638764858245850e-02 1.486051594838500023e-03 3.081202879548072815e-02 3.809151425957679749e-02 1.107637509703636169e-01 9.743262827396392822e-02 3.957375511527061462e-02 5.473460536450147629e-03 1.738395309075713158e-03 3.174716979265213013e-02 4.721373692154884338e-02 3.467839851509779692e-04 2.177340164780616760e-02 6.345780100673437119e-03 5.457313265651464462e-03 1.544190291315317154e-02 3.246086835861206055e-02 1.894556568004190922e-03 2.529313974082469940e-02 7.173592597246170044e-02 2.256237529218196869e-02 4.907536879181861877e-02 3.275145962834358215e-02 8.472203277051448822e-03 7.931440137326717377e-03 3.636609017848968506e-02 9.344730526208877563e-02 9.815468639135360718e-02 4.128677397966384888e-02 5.323931109160184860e-03 1.365134492516517639e-02 2.463816665112972260e-02 2.225764840841293335e-02 4.735210444778203964e-03 2.912229858338832855e-02 3.672562912106513977e-02 3.039040416479110718e-02 6.124174688011407852e-03 8.557257801294326782e-02 3.308691084384918213e-02 4.303796216845512390e-02 1.800996251404285431e-02 3.033155575394630432e-03 1.556710619479417801e-02 3.493817057460546494e-03 9.004632011055946350e-03 1.057080342434346676e-03 5.649273283779621124e-03 6.638939678668975830e-02 7.341293990612030029e-02 1.805290579795837402e-02 3.425538539886474609e-02 7.318702526390552521e-03 1.607317710295319557e-03 4.119940847158432007e-02 4.240012913942337036e-02 1.207716576755046844e-02 3.023830242455005646e-02 1.742451824247837067e-02 5.112828314304351807e-02 1.379523426294326782e-02 5.434674210846424103e-03 2.769512869417667389e-02 4.536731168627738953e-03 2.976337447762489319e-02 2.275284379720687866e-02 7.044583559036254883e-02 3.550123423337936401e-02 2.193992398679256439e-02 2.458648383617401123e-02 3.578772395849227905e-02 2.293560281395912170e-02 1.947723561897873878e-03 1.625340618193149567e-02 1.149853225797414780e-02 3.993976861238479614e-03 1.932243071496486664e-02 2.435633353888988495e-02 2.634567394852638245e-02 2.836445905268192291e-02 5.562603473663330078e-03 3.729088231921195984e-02
3.538969322107732296e-04 4.184492398053407669e-03 2.976006083190441132e-02 2.046549320220947266e-01 1.307701021432876587e-01 3.137423470616340637e-02 1.129097957164049149e-02 2.675900049507617950e-02 1.433779206126928329e-02 1.175769139081239700e-02 1.258803531527519226e-02 2.925505116581916809e-02 2.450023032724857330e-02 3.525418043136596680e-02 1.032268628478050232e-02 3.126537799835205078e-02 2.472648583352565765e-02 3.613351657986640930e-02 2.922045812010765076e-02 1.990304701030254364e-02 4.601457342505455017e-02 3.181148320436477661e-02 1.672800630331039429e-03 3.257727716118097305e-03 6.181424949318170547e-03 9.940522722899913788e-03 2.315400913357734680e-02 8.878159523010253906e-02 2.786552719771862030e-02 4.476403817534446716e-02 5.979452282190322876e-02 6.355208158493041992e-02 1.818049699068069458e-02 3.499278798699378967e-02 7.481626421213150024e-02 1.893463358283042908e-02 1.894098147749900818e-02 2.067196182906627655e-02 1.211868599057197571e-01 1.268891990184783936e-01 2.465294860303401947e-02 3.779202233999967575e-03 2.378205582499504089e-02 2.136994525790214539e-02 4.622931033372879028e-02 3.356992080807685852e-02 1.081913360394537449e-03 2.047928608953952789e-02 1.733108237385749817e-02 1.984977535903453827e-02 7.162133697420358658e-03 1.084926445037126541e-02 3.551051765680313110e-02 4.958947002887725830e-02 4.077534377574920654e-02 3.499110043048858643e-02 2.778653614223003387e-02 3.518279641866683960e-02 4.155400395393371582e-02 1.454567350447177887e-02 7.280050963163375854e-02 7.500057667493820190e-02 2.613525465130805969e-02 2.901481091976165771e-02 2.836564369499683380e-02 3.120975103229284286e-03 9.225744754076004028e-03 5.327257793396711349e-03 2.455530920997262001e-03 3.951495140790939331e-02 1.512084621936082840e-02 1.782917790114879608e-02 7.327720522880554199e-02 2.998598106205463409e-02 7.672630250453948975e-02 9.822217747569084167e-03 1.583364605903625488e-02 5.110505968332290649e-03 1.527579035609960556e-02 5.930323898792266846e-02 1.904194988310337067e-02 1.295845117419958115e-02 5.299130827188491821e-02 9.723329544067382812e-02 3.398052603006362915e-02 3.248867392539978027e-02 1.317161973565816879e-02 2.649801038205623627e-02 1.248835772275924683e-02 1.440600608475506306e-03 2.913350239396095276e-02 3.550656884908676147e-02 3.478835104033350945e-03 5.130829289555549622e-02 8.043633773922920227e-03 2.092246711254119873e-02 3.834780305624008179e-02 1.140046212822198868e-02 6.935839541256427765e-03 3.469676524400711060e-02 4.428070783615112305e-02 2.839175797998905182e-02 2.734011411666870117e-02 3.824058175086975098e-02 1.000725664198398590e-02 1.863420568406581879e-02 1.542415656149387360e-02 7.333398796617984772e-03 4.967773333191871643e-02 1.332135871052742004e-02 1.602499186992645264e-02 3.577647439669817686e-04 1.943101920187473297e-02 3.641305491328239441e-02 3.204511478543281555e-03 5.456179380416870117e-03
1.340010017156600952e-01 8.254699409008026123e-02 1.093070488423109055e-02 3.428376838564872742e-02 3.137423470616340637e-02 2.604529447853565216e-02 1.764636933803558350e-01 1.564686070196330547e-03 3.381812945008277893e-02 6.729626655578613281e-02 8.718577772378921509e-02 1.463623493909835815e-01 4.331060126423835754e-02 4.473138228058815002e-02 2.048899419605731964e-02 2.362932451069355011e-02 1.547374110668897629e-02 1.545068342238664627e-02 2.788522839546203613e-02 1.833424530923366547e-02 9.381679818034172058e-03 1.707341335713863373e-02 4.161811247467994690e-02 2.104774676263332367e-02 1.503494381904602051e-02 2.919432520866394043e-02 3.719995543360710144e-02 4.330369085073471069e-02 8.853165432810783386e-03 1.871097832918167114e-02 9.505263529717922211e-03 2.129253931343555450e-02 2.768402360379695892e-02 2.838872931897640228e-02 4.606447648257017136e-03 9.254401549696922302e-03 1.209914311766624451e-02 3.362474963068962097e-02 5.388464033603668213e-02 2.860119938850402832e-02 2.249998040497303009e-02 5.276951706036925316e-04 1.430430077016353607e-02 1.772274961695075035e-03 3.766344860196113586e-02 7.217398285865783691e-02 8.974810689687728882e-02 8.592025190591812134e-02 1.109314244240522385e-02 1.385957002639770508e-02 8.332555182278156281e-03 1.789564499631524086e-03 1.073097623884677887e-02 2.409237809479236603e-02 2.084917761385440826e-02 5.290479399263858795e-03 2.227200753986835480e-02 6.667632609605789185e-03 1.103770174086093903e-02 1.587650366127490997e-02 3.833786398172378540e-02 2.454030141234397888e-02 1.457737851887941360e-02 7.769130170345306396e-03 1.287772413343191147e-02 1.447085570544004440e-02 2.038908656686544418e-03 5.668620765209197998e-02 5.240616947412490845e-02 8.632950484752655029e-04 4.207790829241275787e-03 6.445640325546264648e-02 2.144395746290683746e-02 1.043744012713432312e-02 2.096396125853061676e-02 1.089588040485978127e-03 3.695768862962722778e-02 2.553736045956611633e-02 2.947592549026012421e-02 4.108008462935686111e-03 5.121311638504266739e-03 1.247678697109222412e-02 2.251560986042022705e-02 5.119786597788333893e-03 1.584521122276782990e-02 1.626425422728061676e-02 2.515904977917671204e-02 1.539126690477132797e-02 3.574398159980773926e-02 6.009479239583015442e-02 3.971018642187118530e-02 5.460183601826429367e-03 6.227717676665633917e-06 1.894969120621681213e-02 3.428982570767402649e-02 1.669574528932571411e-02 1.539565343409776688e-02 3.839889913797378540e-02 2.160443551838397980e-02 3.698267042636871338e-02 1.431943755596876144e-02 3.185378620401024818e-03 6.486480706371366978e-04 4.690805450081825256e-02 4.372824355959892273e-02 4.559090360999107361e-03 4.597903788089752197e-02 1.173752639442682266e-02 9.824235923588275909e-03 2.439363161101937294e-03 1.674366556107997894e-02 3.854592144489288330e-02 3.467880934476852417e-02 3.704687952995300293e-02 1.835086196660995483e-02 3.036191686987876892e-02
9.703984111547470093e-02 1.083514094352722168e-01 7.588956970721483231e-03 7.469916250556707382e-03 1.129097957164049149e-02 1.764636933803558350e-01 5.084096267819404602e-02 1.161024998873472214e-02 4.007252305746078491e-02 6.840589642524719238e-02 6.893572211265563965e-02 9.416051954030990601e-02 7.711016386747360229e-02 1.213674247264862061e-01 3.481554612517356873e-02 4.329663515090942383e-02 1.937422528862953186e-02 1.164774782955646515e-02 1.810908503830432892e-02 3.852189751341938972e-03 5.224501714110374451e-02 2.349302358925342560e-02 9.409039281308650970e-03 4.076656326651573181e-02 1.100066769868135452e-02 5.773862823843955994e-02 4.812590777873992920e-02 6.052675098180770874e-02 9.801884181797504425e-03 3.130923956632614136e-02 2.705382881686091423e-03 2.832917682826519012e-02 3.799938783049583435e-02 5.842089280486106873e-02 7.186471018940210342e-03 1.306588016450405121e-02 3.933225199580192566e-02 4.924701643176376820e-04 2.837428078055381775e-02 2.707052044570446014e-02 1.095363032072782516e-02 1.262311544269323349e-02 4.295143112540245056e-02 3.045886382460594177e-02 3.992949053645133972e-02 2.273518592119216919e-02 3.952293470501899719e-02 1.978939324617385864e-01 1.975523680448532104e-02 4.936694726347923279e-02 1.553903799504041672e-02 5.601643025875091553e-02 1.354678254574537277e-02 1.132336631417274475e-02 2.608579210937023163e-02 2.076176367700099945e-02 4.677761346101760864e-03 1.330019813030958176e-02 8.648650837130844593e-04 1.526982057839632034e-02 1.485189609229564667e-02 1.305304747074842453e-02 2.023296989500522614e-02 2.987520955502986908e-02 1.959978230297565460e-02 3.929762169718742371e-03 2.737501449882984161e-02 8.220264688134193420e-03 9.262786246836185455e-03 2.825049497187137604e-02 5.595366284251213074e-02 4.631197080016136169e-02 9.480066597461700439e-03 6.614613812416791916e-03 2.151561435312032700e-03 2.724852040410041809e-02 2.586167538538575172e-03 5.196502432227134705e-02 9.208519943058490753e-03 3.807920217514038086e-02 1.128629036247730255e-02 3.009771928191184998e-02 4.298360273241996765e-02 2.313780784606933594e-02 7.894557900726795197e-03 8.711913228034973145e-02 2.878837287425994873e-02 1.709610596299171448e-02 3.163992078043520451e-04 8.484119176864624023e-02 6.957764271646738052e-03 2.773497253656387329e-03 2.992723323404788971e-02 5.048194155097007751e-02 2.422351576387882233e-02 4.881854727864265442e-02 1.285594422370195389e-02 3.522042930126190186e-02 7.920902222394943237e-03 4.436830058693885803e-02 3.288261219859123230e-02 4.394506104290485382e-03 2.437725849449634552e-02 4.875467717647552490e-02 6.324861943721771240e-02 2.772876620292663574e-02 3.205884993076324463e-02 1.358740963041782379e-02 5.293284542858600616e-03 8.628051728010177612e-03 3.944573178887367249e-02 4.465538263320922852e-02 3.079344891011714935e-02 2.752107381820678711e-02 1.049386803060770035e-02 4.770361259579658508e-02
1.746799610555171967e-02 3.472996130585670471e-02 5.896605923771858215e-02 3.215132653713226318e-02 2.675900049507617950e-02 1.564686070196330547e-03 1.161024998873472214e-02 3.177554532885551453e-02 2.047098986804485321e-02 1.182147860527038574e-02 1.859796978533267975e-02 1.432119682431221008e-02 3.660551458597183228e-02 4.189550504088401794e-02 6.247389689087867737e-02 2.779060602188110352e-02 3.784911707043647766e-02 6.707572378218173981e-03 2.215169556438922882e-02 7.357988040894269943e-03 1.632693223655223846e-02 3.754954040050506592e-02 7.801632862538099289e-03 1.308567263185977936e-02 1.766675896942615509e-02 2.399509027600288391e-02 1.685355789959430695e-02 3.775089979171752930e-02 3.080884739756584167e-02 3.918680828064680099e-03 2.474509552121162415e-02 5.968593177385628223e-04 3.311974555253982544e-02 1.279887836426496506e-02 5.526548624038696289e-02 2.186308242380619049e-02 6.250755395740270615e-03 4.432167857885360718e-03 3.440476208925247192e-02 4.006291925907135010e-02 4.242224153131246567e-03 1.153036952018737793e-02 1.407728251069784164e-02 1.052101049572229385e-02 2.700042724609375000e-02 2.620132640004158020e-02 2.945118583738803864e-03 1.038029044866561890e-02 1.125439349561929703e-02 2.776953950524330139e-02 1.525815669447183609e-02 2.188981883227825165e-02 2.658944204449653625e-02 5.576544255018234253e-02 1.179055962711572647e-02 4.245406389236450195e-02 2.618362009525299072e-02 3.488355129957199097e-02 3.076671250164508820e-02 3.858506679534912109e-02 9.665762074291706085e-03 1.934185251593589783e-02 2.704891562461853027e-02 1.416886877268552780e-02 8.028611191548407078e-04 1.210769917815923691e-02 2.166681364178657532e-02 8.398332633078098297e-03 3.501966968178749084e-02 2.875041030347347260e-02 5.407527834177017212e-02 2.452733367681503296e-02 2.901554480195045471e-02 1.885768398642539978e-02 5.347808077931404114e-02 5.080753937363624573e-03 4.295193590223789215e-03 1.234481204301118851e-02 2.871230710297822952e-03 5.048185214400291443e-02 5.887004733085632324e-02 5.977706611156463623e-02 1.552573777735233307e-02 1.957764290273189545e-02 1.349938102066516876e-02 4.319484531879425049e-02 4.203222319483757019e-02 4.780360683798789978e-02 2.746064402163028717e-02 1.406657043844461441e-02 8.366447291336953640e-04 7.539910729974508286e-03 1.236908510327339172e-02 7.208337541669607162e-03 1.419316831743344665e-04 6.599197164177894592e-03 1.407417096197605133e-02 2.637891797348856926e-03 2.603954076766967773e-02 6.673559080809354782e-03 3.214282542467117310e-02 1.164650544524192810e-02 5.831437651067972183e-03 4.407180100679397583e-02 1.892105862498283386e-02 4.149800911545753479e-02 4.062004759907722473e-02 1.379607274429872632e-04 2.280485071241855621e-02 1.874588802456855774e-02 1.302638207562267780e-03 2.905374392867088318e-02 3.687310591340065002e-02 2.049561589956283569e-02 1.524495985358953476e-02 2.339950442546978593e-04
3.620354458689689636e-03 2.784951962530612946e-02 4.512284696102142334e-02 2.980936877429485321e-02 1.433779206126928329e-02 3.381812945008277893e-02 4.007252305746078491e-02 2.047098986804485321e-02 1.590471416711807251e-01 1.116870939731597900e-01 3.890630602836608887e-02 2.160668931901454926e-02 3.442149609327316284e-02 1.383375097066164017e-02 1.592655107378959656e-02 5.649384576827287674e-03 5.959893018007278442e-02 4.191668704152107239e-02 5.047820881009101868e-02 2.067172899842262268e-02 9.837177582085132599e-03 4.241286590695381165e-02 6.135526578873395920e-03 7.321893703192472458e-03 5.975523591041564941e-02 7.371201063506305218e-04 1.293961424380540848e-02 3.965433686971664429e-02 1.797546073794364929e-02 5.143364518880844116e-02 9.410115331411361694e-02 5.324954539537429810e-02 1.019277703016996384e-02 9.943900629878044128e-03 1.144512556493282318e-02 1.965011842548847198e-02 6.605076044797897339e-02 4.639684222638607025e-03 9.275729767978191376e-03 9.170929901301860809e-03 2.049086056649684906e-02 1.714651435613632202e-01 4.878811538219451904e-02 3.314587101340293884e-02 1.235149279236793518e-01 9.980086982250213623e-02 2.922105789184570312e-02 5.295488238334655762e-02 4.168447852134704590e-02 5.106130987405776978e-02 1.668957062065601349e-02 4.768769070506095886e-02 6.053733173757791519e-03 4.478760063648223877e-03 4.934256896376609802e-02 4.871844500303268433e-02 2.806979976594448090e-02 3.187595307826995850e-02 2.473048516549170017e-04 1.151411328464746475e-02 3.067046403884887695e-02 3.044943325221538544e-03 1.546508818864822388e-02 3.759622573852539062e-03 2.836137451231479645e-02 1.775143854320049286e-02 5.242091789841651917e-02 7.056571543216705322e-03 7.248295098543167114e-02 1.165771111845970154e-02 2.013038098812103271e-02 7.895494811236858368e-03 7.360525429248809814e-02 1.409991923719644547e-02 3.769800812005996704e-02 1.729873940348625183e-02 2.420203834772109985e-01 1.492118686437606812e-01 5.703726783394813538e-03 5.787228792905807495e-02 2.314265444874763489e-02 3.312911093235015869e-02 4.999401792883872986e-02 4.432567954063415527e-02 1.112558692693710327e-02 3.385518491268157959e-02 4.097148310393095016e-03 3.741049021482467651e-02 3.415289148688316345e-02 2.853047102689743042e-02 5.277128517627716064e-02 1.381715876050293446e-03 4.760961048305034637e-03 6.855525542050600052e-03 4.620090767275542021e-04 1.832235045731067657e-02 1.834317483007907867e-02 1.356614194810390472e-02 1.532573401927947998e-01 1.039230674505233765e-01 4.658151790499687195e-02 4.596841335296630859e-02 5.382928065955638885e-03 2.731232438236474991e-03 1.199367549270391464e-02 6.954606156796216965e-03 4.617168102413415909e-03 5.626236088573932648e-04 3.645371645689010620e-02 5.804599449038505554e-02 1.474713627249002457e-02 2.171754464507102966e-02 3.784581273794174194e-02 1.935598067939281464e-02 2.186714299023151398e-02 3.221076354384422302e-02
2.034481242299079895e-02 2.090581133961677551e-02 5.174145568162202835e-03 8.509772014804184437e-04 1.175769139081239700e-02 6.729626655578613281e-02 6.840589642524719238e-02 1.182147860527038574e-02 1.116870939731597900e-01 8.206015080213546753e-02 2.561355009675025940e-02 4.377689212560653687e-02 1.983125507831573486e-02 1.648996584117412567e-02 3.641062974929809570e-02 7.312875241041183472e-02 5.112563073635101318e-02 5.415568500757217407e-02 1.086587086319923401e-01 1.685272715985774994e-02 5.745434388518333435e-02 9.355754591524600983e-03 2.053435891866683960e-02 4.662879928946495056e-02 7.599327713251113892e-02 5.753858014941215515e-02 1.165520120412111282e-02 1.876536570489406586e-02 1.417938270606100559e-03 2.800390683114528656e-02 3.824991360306739807e-02 3.468090668320655823e-02 1.974898763000965118e-02 6.938876956701278687e-02 2.155292220413684845e-02 6.575087457895278931e-02 1.280131749808788300e-03 2.113675139844417572e-02 1.172989141196012497e-03 2.987468801438808441e-02 8.407924324274063110e-03 3.118699043989181519e-02 1.061314120888710022e-01 3.451839834451675415e-02 6.281807553023099899e-03 4.256001487374305725e-02 1.602613180875778198e-02 5.206499993801116943e-02 5.765136331319808960e-02 8.825939148664474487e-02 6.376878917217254639e-02 2.276029624044895172e-02 5.929505918174982071e-03 7.696729619055986404e-03 1.440126299858093262e-01 1.522307544946670532e-01 1.914684474468231201e-02 1.759449392557144165e-02 3.936628624796867371e-02 9.313669055700302124e-03 2.970302710309624672e-03 6.692182272672653198e-02 1.441725809127092361e-02 2.006410434842109680e-02 1.700245216488838196e-02 4.624284058809280396e-02 4.005773738026618958e-02 6.378826498985290527e-02 6.985739618539810181e-02 6.993265356868505478e-03 1.089562922716140747e-01 2.867395058274269104e-03 7.535150647163391113e-02 1.214916352182626724e-03 3.186766803264617920e-02 2.179466001689434052e-02 2.488435618579387665e-02 1.932206898927688599e-01 1.172559335827827454e-01 1.935735344886779785e-01 1.986951008439064026e-02 7.726298179477453232e-03 2.866063639521598816e-02 7.923004031181335449e-02 7.198590040206909180e-02 1.931167952716350555e-02 3.073509037494659424e-02 1.448414288461208344e-02 7.850497961044311523e-02 2.618016302585601807e-02 3.924131393432617188e-02 4.903361201286315918e-03 1.640237460378557444e-04 3.096978738903999329e-02 6.824486702680587769e-02 4.046419635415077209e-02 1.659897039644420147e-03 1.732053980231285095e-02 6.438492238521575928e-02 6.013064086437225342e-02 4.214891698211431503e-03 2.858284674584865570e-02 1.890196278691291809e-02 2.840423490852117538e-03 2.577548846602439880e-03 2.581993583589792252e-03 7.373281288892030716e-03 7.893188856542110443e-03 2.560316957533359528e-02 6.330453604459762573e-02 9.788756258785724640e-03 2.039637602865695953e-02 1.821813173592090607e-02 2.298017265275120735e-03 5.664166528731584549e-03 1.194939762353897095e-02
8.456503599882125854e-02 6.986401975154876709e-02 9.045379236340522766e-03 8.205965161323547363e-03 1.258803531527519226e-02 8.718577772378921509e-02 6.893572211265563965e-02 1.859796978533267975e-02 3.890630602836608887e-02 2.561355009675025940e-02 3.399790078401565552e-02 1.067137252539396286e-02 5.940982699394226074e-02 5.062399059534072876e-02 1.482006534934043884e-02 2.150879427790641785e-02 2.474607154726982117e-02 1.679701358079910278e-02 4.060460254549980164e-02 1.013981737196445465e-02 2.590261958539485931e-02 1.517754700034856796e-02 1.075078360736370087e-02 3.080291673541069031e-02 4.647437017410993576e-03 2.219345793128013611e-02 1.441826391965150833e-02 1.735105551779270172e-02 3.874621167778968811e-02 2.602766454219818115e-02 6.776019930839538574e-03 1.323338598012924194e-02 1.572028361260890961e-02 1.493755169212818146e-02 3.140297904610633850e-02 7.386367302387952805e-03 1.763403974473476410e-02 1.691985130310058594e-02 2.609196584671735764e-03 1.749837212264537811e-02 1.458225888200104237e-03 3.171810135245323181e-02 1.151066739112138748e-03 1.048740558326244354e-02 4.856660217046737671e-02 2.363782934844493866e-02 6.956372410058975220e-02 2.206773310899734497e-02 1.996302790939807892e-02 3.408593684434890747e-02 6.870227516628801823e-04 2.714546956121921539e-02 2.274638041853904724e-02 3.198454156517982483e-02 2.010089717805385590e-02 1.014468446373939514e-02 2.202267572283744812e-02 1.892147120088338852e-03 1.192254479974508286e-02 6.098566111177206039e-03 2.951851673424243927e-02 1.894369535148143768e-02 1.367864385247230530e-02 8.512172847986221313e-03 3.898919373750686646e-02 3.008351847529411316e-02 1.947824470698833466e-02 3.870836645364761353e-02 2.162860147655010223e-02 1.322930119931697845e-02 8.412811905145645142e-03 1.651738584041595459e-02 3.189569804817438126e-03 1.176259364001452923e-03 2.353760972619056702e-02 1.238974649459123611e-02 2.613408118486404419e-02 2.277024090290069580e-03 3.043931163847446442e-02 2.232366986572742462e-02 1.414698269218206406e-02 3.793026553466916084e-03 6.623207125812768936e-03 1.767523400485515594e-02 2.737727202475070953e-02 2.251986972987651825e-02 2.407628111541271210e-02 1.394546683877706528e-02 1.346220821142196655e-02 3.441894054412841797e-02 6.190642341971397400e-02 3.072842024266719818e-02 1.202660053968429565e-02 2.502712048590183258e-02 8.123112842440605164e-03 2.161071635782718658e-03 4.577327985316514969e-03 2.347381412982940674e-02 2.709523029625415802e-02 2.388674952089786530e-02 4.453856963664293289e-03 7.423217874020338058e-03 2.110207220539450645e-03 5.191159248352050781e-02 1.537145674228668213e-02 1.684628799557685852e-02 5.138774588704109192e-02 4.911239258944988251e-03 3.136857971549034119e-02 2.943787537515163422e-02 2.623148029670119286e-04 1.944152754731476307e-03 2.569210156798362732e-02 4.528184072114527225e-04 1.656316034495830536e-02 3.234618529677391052e-02
8.252195268869400024e-02 1.528316410258412361e-03 9.263048996217548847e-04 4.958086647093296051e-03 2.925505116581916809e-02 1.463623493909835815e-01 9.416051954030990601e-02 1.432119682431221008e-02 2.160668931901454926e-02 4.377689212560653687e-02 1.067137252539396286e-02 1.147680357098579407e-01 2.335590496659278870e-02 4.583025574684143066e-01 2.273486927151679993e-02 1.003838796168565750e-02 2.694293111562728882e-02 2.811159007251262665e-02 1.072570495307445526e-02 3.942871000617742538e-03 2.897032350301742554e-02 1.165191736072301865e-02 8.930288255214691162e-02 8.551245182752609253e-02 1.123886834830045700e-02 7.486157119274139404e-03 3.166244179010391235e-02 1.018707379698753357e-01 2.217650786042213440e-02 1.370889693498611450e-01 6.468249484896659851e-03 4.414042830467224121e-02 2.366171032190322876e-02 1.936555281281471252e-02 3.699015825986862183e-03 5.523291882127523422e-03 2.701809257268905640e-02 2.033070847392082214e-02 3.992845304310321808e-03 4.780285060405731201e-02 1.392045896500349045e-02 1.204147096723318100e-02 8.582081645727157593e-03 7.611083798110485077e-03 3.128036484122276306e-02 7.571449968963861465e-03 2.069653943181037903e-02 6.673057377338409424e-02 1.701330952346324921e-02 4.037447646260261536e-02 6.507685035467147827e-02 6.565482914447784424e-02 1.481923833489418030e-02 3.858792409300804138e-02 2.066611871123313904e-02 3.503347514197230339e-03 1.110801380127668381e-02 4.576426371932029724e-02 9.360802359879016876e-03 2.805679291486740112e-02 2.790842764079570770e-02 1.061929971911013126e-03 3.585186088457703590e-03 4.598305560648441315e-03 2.399496920406818390e-02 2.299151569604873657e-02 2.485869266092777252e-02 2.334723994135856628e-02 4.522499069571495056e-02 4.365782253444194794e-03 9.802843444049358368e-03 1.109600532799959183e-02 2.760398387908935547e-02 9.566561318933963776e-03 3.936226665973663330e-02 2.824882976710796356e-02 5.672628432512283325e-02 4.457607120275497437e-02 3.516623005270957947e-02 3.694651275873184204e-02 1.341823581606149673e-02 2.995016798377037048e-02 2.059385925531387329e-02 3.071049228310585022e-02 2.738349698483943939e-02 5.682602524757385254e-02 1.795562170445919037e-02 2.381817623972892761e-02 8.292335271835327148e-02 1.283005625009536743e-01 3.860032930970191956e-02 1.432326808571815491e-02 3.120176121592521667e-02 1.093562506139278412e-02 1.304778270423412323e-02 1.124067604541778564e-02 1.864386908710002899e-02 3.761229291558265686e-02 9.182201325893402100e-02 1.144292876124382019e-01 3.945916518568992615e-02 3.502242267131805420e-03 1.549092959612607956e-02 2.165794186294078827e-02 1.820516400039196014e-02 3.012758307158946991e-02 3.489404916763305664e-02 1.887988485395908356e-02 3.811823204159736633e-02 3.990834951400756836e-02 6.894563324749469757e-03 1.001115050166845322e-02 3.029429353773593903e-02 7.269842177629470825e-02 1.219478901475667953e-02 1.999263763427734375e-01
4.075807705521583557e-02 9.583647549152374268e-02 2.599227614700794220e-02 1.976412534713745117e-02 2.450023032724857330e-02 4.331060126423835754e-02 7.711016386747360229e-02 3.660551458597183228e-02 3.442149609327316284e-02 1.983125507831573486e-02 5.940982699394226074e-02 2.335590496659278870e-02 5.576515197753906250e-02 1.833562366664409637e-02 3.661599382758140564e-02 3.302792902104556561e-04 3.747493319679051638e-04 1.245058141648769379e-02 2.091762050986289978e-02 2.183388732373714447e-02 2.145656617358326912e-03 2.168361656367778778e-02 2.694290503859519958e-02 2.559226471930742264e-03 2.296824008226394653e-02 1.693080924451351166e-02 1.173890288919210434e-02 6.451119482517242432e-02 2.239009924232959747e-02 5.429976736195385456e-04 3.687956556677818298e-02 2.258465625345706940e-02 4.811806604266166687e-03 2.345711365342140198e-02 2.635106071829795837e-02 6.621506530791521072e-03 6.928035989403724670e-03 4.476640373468399048e-03 3.372767940163612366e-03 4.412583261728286743e-02 6.831676233559846878e-03 1.782226003706455231e-02 1.223513297736644745e-02 2.536534331738948822e-02 7.175662554800510406e-03 2.895355457440018654e-03 4.423312842845916748e-02 9.870471060276031494e-02 3.762349719181656837e-03 1.818236894905567169e-03 4.177339840680360794e-03 2.582444809377193451e-02 1.268227118998765945e-03 2.618562802672386169e-02 1.243565976619720459e-02 3.207658301107585430e-04 1.043847296386957169e-02 1.717596687376499176e-02 6.177924107760190964e-03 2.563683129847049713e-02 1.772537827491760254e-02 1.675757579505443573e-02 3.729157848283648491e-03 6.983831059187650681e-03 2.978966571390628815e-02 5.863113701343536377e-02 8.838798850774765015e-03 3.413039445877075195e-02 3.037553653120994568e-02 2.016318496316671371e-03 5.536409467458724976e-02 3.280507773160934448e-02 6.665017921477556229e-03 8.132764138281345367e-03 1.132196933031082153e-02 2.473190613090991974e-02 8.852171711623668671e-03 2.639903500676155090e-02 1.419544569216668606e-03 4.007798433303833008e-02 2.723737061023712158e-02 4.864152148365974426e-02 2.701946720480918884e-02 9.073771536350250244e-03 2.718759886920452118e-02 5.032918974757194519e-02 2.493178471922874451e-02 6.828767806291580200e-02 3.238087520003318787e-02 3.477437421679496765e-02 5.013431981205940247e-02 5.475533194839954376e-03 8.694668114185333252e-02 1.299159321933984756e-02 1.031864807009696960e-02 5.553175881505012512e-02 2.496210858225822449e-03 1.060378458350896835e-02 1.742310635745525360e-02 2.199300006031990051e-02 2.812097035348415375e-02 3.021677769720554352e-02 3.099970286712050438e-03 3.304202482104301453e-02 1.212389860302209854e-02 5.755470134317874908e-03 4.443581029772758484e-02 3.202335210517048836e-03 2.613115310668945312e-02 1.726947491988539696e-03 1.230585388839244843e-02 2.571242488920688629e-02 8.160346187651157379e-03 1.536958850920200348e-02 2.346531301736831665e-02 2.283553592860698700e-02
