7.470155507326126099e-02 2.253096103668212891e-01 1.705383136868476868e-02 3.379771858453750610e-02 4.803001880645751953e-02 1.088779047131538391e-01 2.368425391614437103e-02 1.753347367048263550e-02 5.609960108995437622e-02 7.453358918428421021e-02 1.815472543239593506e-01 2.787522971630096436e-03 1.915222257375717163e-01 3.731113299727439880e-02 4.532060027122497559e-02 3.581789508461952209e-02 1.922381483018398285e-02 3.756822645664215088e-02 7.695570588111877441e-02 7.107918150722980499e-03 5.097175389528274536e-02 1.989038847386837006e-02 7.002639584243297577e-03 2.124863862991333008e-02 3.103076480329036713e-02 2.278954163193702698e-02 1.138251274824142456e-03 3.085760585963726044e-02 3.901733830571174622e-02 7.896571606397628784e-02 1.339089591056108475e-02 1.322514377534389496e-02 8.383939974009990692e-03 3.079659864306449890e-02 6.409472320228815079e-03 1.120389625430107117e-02 4.099386557936668396e-02 1.806871220469474792e-02 4.558361135423183441e-03 1.239094272023066878e-04 2.268752083182334900e-02 5.374813824892044067e-02 2.307583205401897430e-02 4.451378714293241501e-03 1.460763532668352127e-02 1.857362873852252960e-02 8.722821623086929321e-02 1.055478975176811218e-01 6.911923177540302277e-03 3.163045644760131836e-02 2.503226324915885925e-02 2.575231716036796570e-02 1.418704912066459656e-02 6.218658760190010071e-03 1.300005801022052765e-02 4.871610552072525024e-02 2.717488445341587067e-02 2.790964208543300629e-02 1.906475052237510681e-02 1.502080122008919716e-03 2.115743234753608704e-02 4.451939091086387634e-02 1.594542525708675385e-02 7.775021251291036606e-03 6.115847453474998474e-02 2.585327252745628357e-02 1.729333214461803436e-02 5.952207837253808975e-03 1.896488294005393982e-02 2.991012670099735260e-02 1.039940398186445236e-02 2.203888259828090668e-02 9.205967932939529419e-02 4.566888138651847839e-02 6.665629893541336060e-02 4.228696972131729126e-02 2.550051175057888031e-02 4.195133969187736511e-02 2.181879989802837372e-02 9.633230417966842651e-02 3.123302385210990906e-02 2.937081456184387207e-02 1.948625780642032623e-02 9.788266383111476898e-03 1.418932224623858929e-03 4.143864661455154419e-02 1.501182280480861664e-02 3.994332160800695419e-03 5.118799209594726562e-02 2.904228679835796356e-02 8.443680405616760254e-02 2.698979340493679047e-03 5.406105145812034607e-02 4.154828935861587524e-02 5.495301913470029831e-03 1.071293372660875320e-02 3.336139768362045288e-02 5.956980586051940918e-02 5.387547612190246582e-02 2.979521825909614563e-02 3.911650739610195160e-03 3.090779669582843781e-02 1.531148701906204224e-02 3.918138891458511353e-02 3.703472018241882324e-02 6.139376666396856308e-03 9.573985822498798370e-03 3.399758785963058472e-02 1.351451035588979721e-02 8.975647389888763428e-03 1.742216758430004120e-02 1.629457436501979828e-02 1.164952479302883148e-02 2.255423460155725479e-03 1.071780733764171600e-02 1.681082509458065033e-02
2.253096103668212891e-01 6.114897504448890686e-02 2.013677963986992836e-03 7.147599011659622192e-03 1.856269314885139465e-02 6.772884726524353027e-02 8.857776224613189697e-02 3.571161255240440369e-02 3.685977682471275330e-02 4.300353303551673889e-02 9.389347583055496216e-02 2.179388888180255890e-02 1.263466775417327881e-01 9.624675847589969635e-03 9.496832266449928284e-03 7.292585214599967003e-04 7.390074897557497025e-03 3.256346285343170166e-02 5.087073519825935364e-02 2.678447403013706207e-02 4.504925012588500977e-02 5.282885208725929260e-02 2.103091776371002197e-02 6.511698942631483078e-03 1.376735325902700424e-02 3.834332153201103210e-02 2.368616871535778046e-03 2.122759073972702026e-02 3.374153375625610352e-02 3.428198024630546570e-02 1.773509941995143890e-02 4.766167700290679932e-02 1.568187400698661804e-02 1.928476057946681976e-02 2.998030744493007660e-02 5.697499215602874756e-02 6.197253987193107605e-02 2.269061654806137085e-02 1.027173269540071487e-02 1.050552818924188614e-02 5.687468871474266052e-02 7.357992231845855713e-02 2.973387949168682098e-02 1.801927201449871063e-02 1.945458166301250458e-02 2.921482920646667480e-02 1.128083746880292892e-02 7.423397153615951538e-03 1.717789471149444580e-02 3.240098804235458374e-02 6.161620374768972397e-03 3.195326076820492744e-03 4.094874858856201172e-02 2.513736672699451447e-02 9.221620857715606689e-02 5.414158571511507034e-03 1.317200018092989922e-03 2.023001201450824738e-02 5.509079433977603912e-03 5.925057455897331238e-03 3.666479140520095825e-02 3.545788303017616272e-02 3.458919748663902283e-02 2.191261015832424164e-02 3.158486261963844299e-02 1.613886095583438873e-02 7.903575897216796875e-04 7.131758611649274826e-03 4.144037142395973206e-02 4.443205520510673523e-02 6.805509328842163086e-03 4.018439725041389465e-02 6.272887438535690308e-02 1.941586099565029144e-02 8.509966731071472168e-02 2.729210071265697479e-03 1.999995857477188110e-02 1.557293627411127090e-02 3.298815339803695679e-02 3.630551323294639587e-02 5.258361808955669403e-03 6.034320103935897350e-04 1.478344667702913284e-02 9.225682169198989868e-02 2.019052952527999878e-02 4.286414757370948792e-02 9.291566908359527588e-03 2.717930078506469727e-02 4.740139096975326538e-02 2.628944069147109985e-02 3.016179613769054413e-02 5.212525278329849243e-02 4.957973025739192963e-03 3.805221989750862122e-02 2.938969805836677551e-02 1.314486097544431686e-02 2.400864660739898682e-02 3.378864005208015442e-02 8.782027871347963810e-04 1.535953581333160400e-02 2.831655554473400116e-02 2.706703171133995056e-02 2.089779358357191086e-03 9.755403734743595123e-03 3.944893181324005127e-02 2.507138438522815704e-02 2.375933341681957245e-02 1.301842182874679565e-02 2.578412182629108429e-03 2.705867588520050049e-02 2.771090529859066010e-02 1.777981640771031380e-03 3.647778555750846863e-02 1.050122641026973724e-02 5.024761892855167389e-03 6.003404408693313599e-02
1.705383136868476868e-02 2.013677963986992836e-03 1.239061169326305389e-02 3.192811086773872375e-02 4.399056732654571533e-02 4.793520644307136536e-02 7.055766880512237549e-03 1.320474892854690552e-01 8.418123237788677216e-03 4.380656778812408447e-02 1.340082194656133652e-02 7.518715225160121918e-03 4.200976341962814331e-02 5.337929725646972656e-02 2.092942828312516212e-03 4.647259041666984558e-02 1.840228214859962463e-02 1.620648056268692017e-02 7.610283792018890381e-03 1.857652887701988220e-02 5.333516001701354980e-02 3.307765349745750427e-02 4.731743782758712769e-02 4.572094604372978210e-02 6.021090224385261536e-02 2.102978900074958801e-02 3.916550055146217346e-02 2.832298912107944489e-02 1.098358910530805588e-02 5.750170722603797913e-02 1.290583796799182892e-02 5.579427629709243774e-02 5.370543897151947021e-02 1.772230118513107300e-02 7.659906148910522461e-02 1.823611371219158173e-02 5.202906578779220581e-02 3.258429467678070068e-02 3.915515914559364319e-02 3.961254656314849854e-02 2.420287393033504486e-02 4.571796953678131104e-02 2.191133098676800728e-03 2.056179195642471313e-01 2.757370099425315857e-02 8.021392673254013062e-02 4.171431809663772583e-02 1.367315766401588917e-03 1.935681328177452087e-02 1.797580905258655548e-02 3.509009256958961487e-02 4.163850098848342896e-02 8.854728192090988159e-02 7.589749060571193695e-03 1.787917874753475189e-02 6.351627409458160400e-03 8.823114447295665741e-03 2.961361035704612732e-02 7.651212811470031738e-02 1.864222623407840729e-02 4.233781248331069946e-02 4.743732139468193054e-02 9.466262161731719971e-02 7.303738384507596493e-04 2.437833324074745178e-02 5.588901787996292114e-02 5.115698277950286865e-02 4.300252720713615417e-02 7.109563797712326050e-03 3.859104961156845093e-02 3.273402899503707886e-02 6.822995841503143311e-03 6.687148008495569229e-03 5.090037360787391663e-02 3.641001507639884949e-02 1.760871708393096924e-02 4.433070868253707886e-02 9.729119949042797089e-03 3.410848975181579590e-02 1.558167859911918640e-02 2.628002166748046875e-01 1.732775717973709106e-01 4.901318624615669250e-02 1.823958195745944977e-02 4.749277234077453613e-02 5.971583724021911621e-02 7.319744676351547241e-03 2.747430652379989624e-02 3.173101693391799927e-02 2.949873171746730804e-02 3.965736180543899536e-02 1.003515790216624737e-03 4.482406750321388245e-02 6.622469425201416016e-02 5.103757232427597046e-02 4.826951026916503906e-02 9.091870486736297607e-02 4.150083661079406738e-02 1.603541336953639984e-02 1.439247652888298035e-02 1.682127080857753754e-02 5.603305622935295105e-02 4.836430400609970093e-02 5.183114856481552124e-02 2.689622156322002411e-02 3.498257324099540710e-02 5.835141055285930634e-03 8.741664700210094452e-03 9.477813541889190674e-02 2.012843033298850060e-03 1.917910762131214142e-02 3.229163587093353271e-02 1.929484121501445770e-02 8.991499990224838257e-02 2.097350731492042542e-02 2.091743238270282745e-02
3.379771858453750610e-02 7.147599011659622192e-03 3.192811086773872375e-02 6.400083750486373901e-02 2.636945247650146484e-01 3.297150507569313049e-02 3.530757874250411987e-02 4.784861579537391663e-02 7.997824810445308685e-03 4.595539718866348267e-02 6.147290579974651337e-03 4.973390139639377594e-03 7.990274578332901001e-03 3.404274582862854004e-02 2.360385283827781677e-02 1.735553145408630371e-02 4.349115118384361267e-02 4.694291949272155762e-02 8.645660243928432465e-03 3.965679183602333069e-02 6.568656861782073975e-02 5.308968946337699890e-02 1.732670585624873638e-03 2.302362769842147827e-02 1.868676394224166870e-02 3.181930631399154663e-02 9.873201139271259308e-03 5.483508482575416565e-02 2.553294412791728973e-02 2.971004880964756012e-02 8.970454335212707520e-03 4.287480935454368591e-02 1.437382958829402924e-02 2.257664315402507782e-02 4.505863040685653687e-02 8.744497317820787430e-04 1.145040243864059448e-02 6.076867692172527313e-03 1.013744920492172241e-01 9.834113717079162598e-02 6.335316598415374756e-02 9.908664971590042114e-03 3.836616128683090210e-02 2.819244191050529480e-02 1.554416865110397339e-02 2.270072698593139648e-02 4.609686881303787231e-02 7.825858891010284424e-02 5.108981207013130188e-02 5.282570142298936844e-03 1.364295836538076401e-02 3.672822192311286926e-02 3.158171102404594421e-02 2.742497809231281281e-02 6.410816311836242676e-02 2.688566595315933228e-02 4.740089923143386841e-02 2.430483233183622360e-03 4.560400173068046570e-02 1.127046067267656326e-02 2.415823563933372498e-02 4.951192811131477356e-02 1.087344996631145477e-02 2.642757259309291840e-02 8.778468472883105278e-04 2.492532134056091309e-02 9.272729046642780304e-03 1.098283380270004272e-02 7.808208931237459183e-03 1.367505919188261032e-02 3.887868300080299377e-02 4.622506350278854370e-02 1.176696866750717163e-01 2.691654488444328308e-02 7.642176747322082520e-02 3.168591111898422241e-02 1.912111043930053711e-02 4.273303598165512085e-02 7.491955766454339027e-04 3.592878207564353943e-02 4.177526757121086121e-02 4.806295968592166901e-03 1.035235226154327393e-01 9.589075297117233276e-02 9.824254363775253296e-02 6.250387430191040039e-02 1.466256193816661835e-02 3.072456223890185356e-03 4.892142117023468018e-02 3.027252666652202606e-02 5.799363832920789719e-03 5.352751817554235458e-03 2.649364620447158813e-02 2.831434644758701324e-02 7.074221502989530563e-03 2.580769173800945282e-02 5.071816034615039825e-03 6.922095268964767456e-02 3.623827174305915833e-02 3.924627974629402161e-02 5.022407975047826767e-03 9.149814024567604065e-03 5.799613893032073975e-02 7.606037706136703491e-02 1.883983798325061798e-02 3.993737325072288513e-02 3.384720161557197571e-02 2.225638926029205322e-02 5.848833173513412476e-02 5.435394588857889175e-03 1.579423807561397552e-02 4.345768690109252930e-02 1.453813072293996811e-02 2.880960889160633087e-02 5.738145858049392700e-02 1.476149354130029678e-02
4.803001880645751953e-02 1.856269314885139465e-02 4.399056732654571533e-02 2.636945247650146484e-01 5.954410508275032043e-02 4.226493462920188904e-02 2.385446801781654358e-02 3.243006765842437744e-02 3.699711710214614868e-02 9.089285158552229404e-04 6.678839214146137238e-03 1.613249070942401886e-02 4.183536395430564880e-02 3.517919033765792847e-02 3.361538425087928772e-02 7.782677188515663147e-03 4.631319269537925720e-02 2.162113552913069725e-03 6.872830539941787720e-02 3.946791589260101318e-02 4.844037070870399475e-02 7.290870696306228638e-02 3.305939584970474243e-02 1.388631935697048903e-04 2.865373855456709862e-03 8.884100243449211121e-03 1.240939251147210598e-03 2.007736824452877045e-02 1.705288141965866089e-02 2.222581580281257629e-02 1.147639006376266479e-02 2.124870382249355316e-02 4.541341215372085571e-02 8.330320008099079132e-03 3.129815682768821716e-02 1.069100759923458099e-02 3.059934824705123901e-03 1.811105199158191681e-02 8.090463280677795410e-02 1.121995076537132263e-01 4.874266311526298523e-02 1.604714634595438838e-04 8.879874832928180695e-03 7.894431799650192261e-02 2.884840220212936401e-02 4.546384885907173157e-02 4.822612553834915161e-02 7.280922681093215942e-02 5.880700796842575073e-02 4.969300329685211182e-02 1.327366102486848831e-02 1.757892780005931854e-02 7.091434206813573837e-03 2.023568376898765564e-02 8.962109684944152832e-03 4.186151176691055298e-02 2.761150337755680084e-02 5.248691886663436890e-02 6.364371627569198608e-02 5.691669881343841553e-02 6.003516726195812225e-03 9.544087201356887817e-02 3.742875158786773682e-02 8.158629760146141052e-03 5.182626470923423767e-02 7.900077849626541138e-03 1.971191726624965668e-02 2.723092958331108093e-02 3.237314149737358093e-02 1.711797900497913361e-02 4.991247132420539856e-02 4.636350646615028381e-02 7.261753827333450317e-02 5.787506699562072754e-02 5.124678090214729309e-02 4.793951287865638733e-02 2.416670136153697968e-02 3.100410103797912598e-02 1.038542669266462326e-02 6.221375614404678345e-02 2.049467060714960098e-03 3.225850686430931091e-02 1.025359556078910828e-01 1.573174744844436646e-01 1.103315800428390503e-01 5.917375534772872925e-02 9.475744329392910004e-03 5.819134414196014404e-03 6.384115666151046753e-02 3.153482452034950256e-02 3.728447016328573227e-03 3.883844241499900818e-02 3.648221865296363831e-02 1.739045977592468262e-02 2.483311668038368225e-02 4.076512530446052551e-02 6.068336963653564453e-02 2.629048749804496765e-02 4.426616802811622620e-02 1.344833243638277054e-02 4.268398508429527283e-02 2.610858296975493431e-03 4.781363159418106079e-02 3.157797083258628845e-02 9.444491588510572910e-04 5.213467031717300415e-02 2.690704353153705597e-02 5.576077848672866821e-03 6.938467174768447876e-02 1.069818343967199326e-02 3.190926145180128515e-05 2.541754953563213348e-02 5.313446745276451111e-02 4.567557945847511292e-02 1.453190203756093979e-02 1.490964926779270172e-02
1.088779047131538391e-01 6.772884726524353027e-02 4.793520644307136536e-02 3.297150507569313049e-02 4.226493462920188904e-02 5.892740935087203979e-02 1.434865295886993408e-01 2.201541699469089508e-02 3.159606829285621643e-02 5.691250786185264587e-02 8.049089461565017700e-02 1.036115512251853943e-01 4.495632648468017578e-02 1.100162565708160400e-01 2.798091061413288116e-02 2.626820467412471771e-02 5.207616835832595825e-02 2.728900872170925140e-02 3.300745040178298950e-02 6.105086579918861389e-02 4.640692472457885742e-02 7.028363179415464401e-04 4.850645735859870911e-02 5.343900248408317566e-02 2.926175855100154877e-02 3.862334415316581726e-02 7.874809205532073975e-03 8.239533007144927979e-02 4.787648096680641174e-02 4.764798656105995178e-02 2.842332050204277039e-02 2.331230603158473969e-02 8.696840959601104259e-04 6.723274011164903641e-03 5.077807977795600891e-02 2.375509403645992279e-02 4.261706024408340454e-03 1.473675109446048737e-02 2.622575871646404266e-02 2.656857855618000031e-02 4.282908514142036438e-02 1.583717577159404755e-02 3.698798269033432007e-02 3.635464981198310852e-02 6.661015003919601440e-02 2.162886667065322399e-04 1.015528216958045959e-01 1.935101300477981567e-02 5.073444545269012451e-02 1.785938069224357605e-02 1.928044855594635010e-02 1.869754679501056671e-02 9.578045457601547241e-03 1.472590770572423935e-02 2.690081857144832611e-02 2.449002116918563843e-02 4.644267633557319641e-02 4.016194958239793777e-03 1.375367492437362671e-02 3.672678023576736450e-02 3.779760748147964478e-02 3.744732216000556946e-02 6.562117021530866623e-03 3.661039099097251892e-02 2.365997806191444397e-02 3.182291612029075623e-02 1.444335747510194778e-02 9.436259977519512177e-03 9.539052844047546387e-03 2.004459872841835022e-02 2.025629207491874695e-02 1.780071109533309937e-02 1.768190227448940277e-02 1.369793247431516647e-02 5.610918160527944565e-04 1.485689636319875717e-02 2.716282010078430176e-02 3.952226415276527405e-02 6.467901170253753662e-02 1.426749862730503082e-02 2.115616947412490845e-02 4.962037317454814911e-03 4.984540864825248718e-04 1.518553495407104492e-02 1.615822687745094299e-02 2.095119468867778778e-02 3.234018012881278992e-02 6.443426478654146194e-03 1.024115178734064102e-02 5.900792777538299561e-03 1.445642765611410141e-02 8.542396128177642822e-03 4.366097971796989441e-02 7.636717054992914200e-03 3.328508138656616211e-02 1.324448734521865845e-02 2.642875351011753082e-02 2.013427764177322388e-02 6.223702430725097656e-02 4.055814445018768311e-02 2.204012498259544373e-02 5.195621401071548462e-03 4.565056785941123962e-02 4.924651235342025757e-02 3.032823652029037476e-02 2.153484337031841278e-02 2.794823981821537018e-02 2.352877752855420113e-03 4.168249666690826416e-02 7.504019886255264282e-02 1.220807153731584549e-02 1.447896379977464676e-02 4.470312595367431641e-02 2.086245454847812653e-02 3.794310614466667175e-02 2.956069260835647583e-02
2.368425391614437103e-02 8.857776224613189697e-02 7.055766880512237549e-03 3.530757874250411987e-02 2.385446801781654358e-02 1.434865295886993408e-01 3.514302149415016174e-02 5.678438767790794373e-02 5.987979471683502197e-02 4.868275020271539688e-03 7.674443721771240234e-02 8.719353354535996914e-04 6.549946218729019165e-02 4.968043416738510132e-02 1.166066434234380722e-02 2.785314805805683136e-02 1.027299370616674423e-02 3.458958864212036133e-02 3.681918606162071228e-02 4.610144533216953278e-03 2.621036395430564880e-02 4.184960573911666870e-02 9.889791719615459442e-03 1.644992455840110779e-02 3.561134263873100281e-02 2.237564651295542717e-03 2.892109565436840057e-02 5.369864776730537415e-02 2.309839241206645966e-02 2.362400107085704803e-02 2.698855474591255188e-02 3.088032361119985580e-03 1.640809327363967896e-02 3.314898163080215454e-02 4.574159532785415649e-02 3.537128865718841553e-02 2.818090841174125671e-02 1.897110603749752045e-02 1.776532828807830811e-02 4.862896725535392761e-02 4.323206096887588501e-02 4.456940293312072754e-02 3.173612058162689209e-03 7.073213160037994385e-02 5.971067398786544800e-02 7.444180548191070557e-02 8.639820665121078491e-02 1.485932320356369019e-01 1.741085574030876160e-02 3.070085076615214348e-03 1.456447411328554153e-02 3.916175663471221924e-02 3.455580398440361023e-02 1.938904263079166412e-02 7.295760512351989746e-02 2.491011284291744232e-02 3.765140846371650696e-02 3.817003592848777771e-02 1.001471746712923050e-02 3.895460441708564758e-02 1.338366884738206863e-02 1.275500096380710602e-02 2.168887760490179062e-03 2.443650364875793457e-02 3.981459513306617737e-02 1.174021326005458832e-02 4.706984385848045349e-02 5.110478028655052185e-03 4.191187769174575806e-02 1.270889420993626118e-03 1.903161779046058655e-02 2.162218838930130005e-02 1.614824496209621429e-02 1.181995030492544174e-02 1.074787136167287827e-02 2.549316547811031342e-02 2.867801114916801453e-02 2.223726548254489899e-02 1.348345249425619841e-04 4.535352066159248352e-02 3.223393484950065613e-02 5.303373187780380249e-02 5.157947540283203125e-03 1.696286723017692566e-02 1.163051556795835495e-02 7.473327685147523880e-03 5.024468526244163513e-03 3.639408200979232788e-02 2.807918936014175415e-03 2.696087211370468140e-02 4.362848773598670959e-02 4.241065680980682373e-02 1.213727798312902451e-02 9.195837192237377167e-03 2.027305215597152710e-02 4.720310121774673462e-02 3.450207039713859558e-02 1.217983476817607880e-02 7.403412461280822754e-02 5.034788697957992554e-02 8.937614038586616516e-03 4.218152910470962524e-02 3.661046177148818970e-02 4.227413609623908997e-02 6.411976180970668793e-03 1.192438043653964996e-02 6.509962957352399826e-03 1.750708185136318207e-02 9.362735785543918610e-03 1.247479021549224854e-02 2.771381288766860962e-02 6.491153500974178314e-03 4.625463858246803284e-03 4.127125442028045654e-02 3.443733556196093559e-03 2.485004812479019165e-02
1.753347367048263550e-02 3.571161255240440369e-02 1.320474892854690552e-01 4.784861579537391663e-02 3.243006765842437744e-02 2.201541699469089508e-02 5.678438767790794373e-02 2.389174327254295349e-02 4.231641441583633423e-02 8.463476598262786865e-02 3.414026275277137756e-02 3.429963439702987671e-02 9.097566455602645874e-02 4.611755255609750748e-03 3.186631947755813599e-02 3.345754370093345642e-02 6.487520784139633179e-02 5.173902958631515503e-02 1.801807433366775513e-02 4.074471443891525269e-02 2.831191569566726685e-02 9.817169979214668274e-03 9.610366076231002808e-03 3.885920159518718719e-03 5.108207836747169495e-02 5.435255169868469238e-02 1.713304035365581512e-02 5.176251009106636047e-02 8.576368913054466248e-03 3.615439310669898987e-02 1.658922992646694183e-02 3.447677940130233765e-02 7.432869076728820801e-02 5.557156726717948914e-02 6.402770429849624634e-02 3.524524159729480743e-03 4.421913996338844299e-02 9.760349057614803314e-03 5.695433169603347778e-02 2.208660356700420380e-02 3.020539507269859314e-02 4.841351136565208435e-02 4.675093293190002441e-02 1.961473189294338226e-02 1.810010522603988647e-02 4.591910913586616516e-02 9.702132083475589752e-03 2.760200388729572296e-02 5.384319461882114410e-03 3.778260573744773865e-02 2.863054350018501282e-02 2.731657586991786957e-02 3.596645593643188477e-02 3.710493817925453186e-02 3.711448516696691513e-03 3.750531375408172607e-02 4.684802610427141190e-03 5.280321091413497925e-02 3.042197087779641151e-03 3.775575757026672363e-02 8.475058712065219879e-03 4.300568625330924988e-02 2.011282742023468018e-02 8.893694728612899780e-02 1.525052450597286224e-02 1.458479743450880051e-02 6.085710600018501282e-02 2.692398265935480595e-04 9.820462204515933990e-03 2.042997255921363831e-02 6.052166223526000977e-02 1.086252275854349136e-03 2.655206248164176941e-02 1.348156388849020004e-02 3.925774618983268738e-02 3.240767866373062134e-02 3.543702512979507446e-02 8.006807416677474976e-02 3.974598832428455353e-03 5.004777014255523682e-02 1.366244107484817505e-01 6.889416277408599854e-02 4.754064232110977173e-02 3.307655826210975647e-02 4.985236562788486481e-03 1.998259127140045166e-02 6.518428772687911987e-02 5.647658184170722961e-02 2.661705948412418365e-02 4.878518730401992798e-02 5.033775791525840759e-02 6.879725493490695953e-03 3.047248162329196930e-02 3.078068420290946960e-02 2.780268201604485512e-03 3.551820293068885803e-02 5.554834380745887756e-02 5.860272794961929321e-02 2.680273901205509901e-04 1.323947589844465256e-02 2.184163546189665794e-03 2.492911368608474731e-02 1.885674521327018738e-02 1.513237878680229187e-02 3.919034823775291443e-02 1.786289550364017487e-02 1.177849899977445602e-02 5.495186895132064819e-02 2.692131511867046356e-02 3.517789021134376526e-02 4.224713891744613647e-02 3.089715912938117981e-02 3.394012525677680969e-02 4.679752141237258911e-02 3.898727148771286011e-02 4.322138801217079163e-02
5.609960108995437622e-02 3.685977682471275330e-02 8.418123237788677216e-03 7.997824810445308685e-03 3.699711710214614868e-02 3.159606829285621643e-02 5.987979471683502197e-02 4.231641441583633423e-02 7.737530022859573364e-02 9.872878342866897583e-02 2.011860348284244537e-02 2.387697808444499969e-03 6.943882256746292114e-02 4.111250862479209900e-02 2.125978656113147736e-02 7.016976177692413330e-02 2.838134579360485077e-02 8.321638405323028564e-02 1.369098317809402943e-03 5.857643485069274902e-02 5.170516669750213623e-02 3.628978505730628967e-02 1.834357716143131256e-02 5.078907683491706848e-02 2.935266681015491486e-02 4.140753298997879028e-02 2.943501621484756470e-02 1.552775967866182327e-02 1.338500063866376877e-03 4.041710123419761658e-02 7.627969235181808472e-02 3.570184856653213501e-02 2.379628457129001617e-02 6.459857337176799774e-03 5.728921294212341309e-02 3.620480373501777649e-02 5.480773001909255981e-02 1.489861682057380676e-02 2.447826787829399109e-02 3.062969259917736053e-02 1.149183791130781174e-02 8.658442646265029907e-02 3.997812792658805847e-02 5.434567481279373169e-02 1.350485384464263916e-01 9.537962079048156738e-02 1.885088533163070679e-02 5.509009584784507751e-02 1.290257722139358521e-01 4.191460087895393372e-02 3.539339825510978699e-02 5.482898280024528503e-02 8.597900159657001495e-03 8.001574873924255371e-02 1.161005422472953796e-01 4.046191647648811340e-02 7.062464952468872070e-03 2.247802726924419403e-02 3.150631114840507507e-02 1.096070706844329834e-01 5.249828100204467773e-02 3.148584440350532532e-02 2.195421606302261353e-02 2.622018195688724518e-02 4.462499916553497314e-02 9.014706127345561981e-03 2.152246050536632538e-02 2.115212380886077881e-02 1.363893896341323853e-01 1.749747991561889648e-02 3.522257506847381592e-02 6.441360712051391602e-02 6.168150156736373901e-02 6.412822753190994263e-02 6.380808353424072266e-02 2.447235211730003357e-02 2.403700500726699829e-01 6.465971469879150391e-02 7.648285478353500366e-02 5.485037341713905334e-02 4.644548054784536362e-03 4.470225423574447632e-02 1.150315105915069580e-01 4.475329071283340454e-03 3.164440765976905823e-02 2.335187420248985291e-02 7.618500385433435440e-03 3.424197435379028320e-02 2.751658111810684204e-02 2.486569993197917938e-02 4.092537332326173782e-03 8.933659642934799194e-03 1.018515974283218384e-02 3.411722928285598755e-02 7.760126609355211258e-03 5.759071558713912964e-03 1.913502812385559082e-02 3.063178062438964844e-02 7.078465074300765991e-02 5.277721956372261047e-02 2.123397774994373322e-02 6.932852417230606079e-02 2.410231530666351318e-02 8.657747879624366760e-03 1.865945011377334595e-02 3.166551515460014343e-02 1.273590233176946640e-02 2.827102504670619965e-02 3.927121311426162720e-02 1.849500089883804321e-02 2.576525509357452393e-02 3.523032739758491516e-02 4.208776727318763733e-02 9.304448217153549194e-02 2.169365249574184418e-02 2.772003971040248871e-02
7.453358918428421021e-02 4.300353303551673889e-02 4.380656778812408447e-02 4.595539718866348267e-02 9.089285158552229404e-04 5.691250786185264587e-02 4.868275020271539688e-03 8.463476598262786865e-02 9.872878342866897583e-02 1.016402691602706909e-01 6.027355324476957321e-03 4.916226863861083984e-02 2.681324444711208344e-02 7.675128057599067688e-03 2.397129870951175690e-02 5.647596716880798340e-02 4.189871251583099365e-02 7.561878859996795654e-02 1.923925429582595825e-01 9.092121571302413940e-02 5.352089926600456238e-02 5.760534852743148804e-02 2.842128090560436249e-02 5.538001284003257751e-02 2.573595009744167328e-02 1.812576130032539368e-02 2.159710600972175598e-02 1.703054830431938171e-02 1.229306310415267944e-02 4.233583807945251465e-02 3.293793648481369019e-02 1.882157102227210999e-02 2.300729230046272278e-02 3.102673403918743134e-02 2.579033747315406799e-02 3.146864473819732666e-02 6.774610839784145355e-03 1.500066602602601051e-03 6.127236783504486084e-02 3.148959949612617493e-02 2.210018038749694824e-02 6.186471879482269287e-02 4.868170991539955139e-02 1.464439742267131805e-02 5.123416706919670105e-02 3.333811461925506592e-02 2.296343818306922913e-02 3.605741262435913086e-02 3.994798287749290466e-02 1.155654415488243103e-01 5.797556415200233459e-02 1.389045454561710358e-02 4.509102553129196167e-02 9.381992369890213013e-02 2.915710583329200745e-02 7.586240768432617188e-02 7.251141592860221863e-03 6.814132630825042725e-02 1.823334395885467529e-02 3.307368606328964233e-02 1.950444281101226807e-02 1.099607422947883606e-01 8.098579198122024536e-02 4.721069708466529846e-02 4.760287702083587646e-02 6.503988057374954224e-02 2.362698875367641449e-02 1.810803636908531189e-02 6.987066473811864853e-03 2.703687734901905060e-02 7.528144121170043945e-02 2.100238762795925140e-02 1.222817110829055309e-03 5.894562229514122009e-03 4.522194713354110718e-02 5.609781667590141296e-02 4.063348472118377686e-02 2.071095257997512817e-01 6.491579581052064896e-03 2.557574510574340820e-01 1.982102729380130768e-02 4.962055012583732605e-02 3.566218912601470947e-02 9.708987176418304443e-02 1.221155631355941296e-03 1.946105808019638062e-02 6.336344778537750244e-02 9.153350256383419037e-03 6.477195769548416138e-02 8.726155385375022888e-03 7.026262581348419189e-02 2.135645970702171326e-02 1.484876498579978943e-03 3.439578041434288025e-02 4.636947438120841980e-02 3.233420476317405701e-02 2.777726575732231140e-02 6.344426423311233521e-02 9.850381873548030853e-03 9.025467932224273682e-02 3.679672628641128540e-02 1.727082766592502594e-02 1.471660099923610687e-02 6.479199975728988647e-03 9.200873225927352905e-02 1.319162268191576004e-02 2.880796603858470917e-02 2.964091673493385315e-02 1.596895861439406872e-03 6.109889131039381027e-03 2.583932504057884216e-02 8.851852267980575562e-03 2.694958820939064026e-02 2.445775270462036133e-02 4.250541329383850098e-03 1.848715730011463165e-02
1.815472543239593506e-01 9.389347583055496216e-02 1.340082194656133652e-02 6.147290579974651337e-03 6.678839214146137238e-03 8.049089461565017700e-02 7.674443721771240234e-02 3.414026275277137756e-02 2.011860348284244537e-02 6.027355324476957321e-03 9.873750060796737671e-02 2.352477610111236572e-02 2.167954146862030029e-01 2.442363463342189789e-02 2.794228307902812958e-02 1.839466765522956848e-02 1.138658449053764343e-02 5.617661401629447937e-02 4.170100390911102295e-02 6.285940110683441162e-02 4.538578446954488754e-03 1.459865178912878036e-02 1.049854140728712082e-02 2.302666194736957550e-02 5.491208657622337341e-02 2.404570952057838440e-02 5.270264297723770142e-02 7.325533777475357056e-02 9.411367028951644897e-02 1.781552098691463470e-02 1.420836448669433594e-01 6.562347523868083954e-03 1.343659963458776474e-02 5.139423161745071411e-02 3.929520770907402039e-02 6.483307480812072754e-02 2.058717655017971992e-04 3.008104860782623291e-03 6.807579100131988525e-02 4.182609170675277710e-02 2.455676533281803131e-02 5.538829788565635681e-02 1.938440091907978058e-02 1.258915811777114868e-01 3.604095429182052612e-02 3.183316811919212341e-02 1.183045282959938049e-01 8.887936361134052277e-03 2.995547093451023102e-02 3.206313773989677429e-02 4.230026900768280029e-02 1.809227652847766876e-02 8.887525647878646851e-03 4.199215024709701538e-02 4.585801158100366592e-03 9.267248958349227905e-02 4.486926272511482239e-02 2.576036192476749420e-02 1.860766671597957611e-02 2.812270633876323700e-02 3.468248620629310608e-02 2.451946958899497986e-02 1.461719349026679993e-02 4.061171319335699081e-03 1.873962394893169403e-02 3.838883340358734131e-02 2.081009559333324432e-02 2.680150046944618225e-02 3.260272555053234100e-03 4.720677807927131653e-02 4.497485607862472534e-02 2.745973691344261169e-02 7.472004741430282593e-03 1.500272471457719803e-02 1.345497462898492813e-02 6.139341276139020920e-03 2.109028771519660950e-02 5.127018317580223083e-03 8.466901257634162903e-03 2.719226852059364319e-02 2.244334854185581207e-02 1.140209753066301346e-02 3.050137870013713837e-02 3.714009886607527733e-03 1.939854957163333893e-02 3.724657930433750153e-03 7.169111818075180054e-02 3.359512612223625183e-02 3.745512664318084717e-02 2.139356732368469238e-02 2.734942175447940826e-02 1.279411837458610535e-02 4.589302092790603638e-02 4.050094261765480042e-02 9.571081027388572693e-04 4.749134182929992676e-02 3.095190785825252533e-02 5.451295524835586548e-02 2.679549530148506165e-02 3.533505275845527649e-02 8.573218248784542084e-03 2.179900417104363441e-03 1.361714117228984833e-02 5.374848842620849609e-02 3.761031478643417358e-02 5.382575467228889465e-02 5.500391498208045959e-02 3.090294823050498962e-02 4.235309362411499023e-02 2.811977081000804901e-02 5.923662707209587097e-02 7.905579172074794769e-03 1.100706402212381363e-02 4.493782296776771545e-02 4.488177970051765442e-02 6.118497345596551895e-03
2.787522971630096436e-03 2.179388888180255890e-02 7.518715225160121918e-03 4.973390139639377594e-03 1.613249070942401886e-02 1.036115512251853943e-01 8.719353354535996914e-04 3.429963439702987671e-02 2.387697808444499969e-03 4.916226863861083984e-02 2.352477610111236572e-02 4.449879378080368042e-02 1.362725859507918358e-03 2.039740532636642456e-01 1.745639741420745850e-02 1.065820455551147461e-02 1.152920071035623550e-03 7.492380216717720032e-03 2.154075354337692261e-02 2.209325134754180908e-02 3.654691576957702637e-02 8.468112908303737640e-03 3.586959838867187500e-02 4.883330315351486206e-02 1.435970305465161800e-03 2.447849372401833534e-03 3.522460162639617920e-02 1.458309888839721680e-01 2.738589048385620117e-02 1.140185669064521790e-01 6.269021332263946533e-02 1.555060036480426788e-02 1.343904435634613037e-02 3.395339846611022949e-02 7.876088470220565796e-02 2.425126172602176666e-02 4.985827580094337463e-02 2.054431708529591560e-03 5.128439050167798996e-03 1.717890612781047821e-02 1.458843704313039780e-02 1.323588471859693527e-02 1.776093430817127228e-02 6.477353721857070923e-02 6.229533255100250244e-02 2.063221670687198639e-02 6.808242946863174438e-02 3.909031674265861511e-02 2.212128601968288422e-02 1.144867576658725739e-02 3.016314469277858734e-02 2.243233099579811096e-02 3.882115334272384644e-02 2.292457967996597290e-02 5.248121917247772217e-03 1.212617475539445877e-02 2.199269644916057587e-02 5.315076559782028198e-03 3.940670192241668701e-02 3.148089349269866943e-02 4.377086088061332703e-02 4.307447373867034912e-02 2.454303391277790070e-02 2.286900766193866730e-02 3.767759539186954498e-03 1.220072340220212936e-02 4.024923965334892273e-02 2.023636177182197571e-02 1.680549606680870056e-02 3.687316179275512695e-02 1.440087426453828812e-02 1.430257875472307205e-02 9.723474271595478058e-03 3.638534620404243469e-02 1.528323907405138016e-02 2.244647219777107239e-02 3.675036132335662842e-02 1.577196083962917328e-02 2.225878834724426270e-02 3.556375578045845032e-02 2.378600277006626129e-02 1.316387206315994263e-02 1.447193417698144913e-02 6.418380141258239746e-02 1.622094772756099701e-02 2.735009975731372833e-02 2.804877050220966339e-02 1.271123252809047699e-02 5.512385070323944092e-02 1.200773715972900391e-01 6.521926820278167725e-02 1.584255020134150982e-03 3.822655230760574341e-02 6.762773264199495316e-03 4.036252573132514954e-02 1.539069693535566330e-02 8.832305669784545898e-03 1.203796919435262680e-02 1.000575255602598190e-02 3.213262930512428284e-02 1.900166273117065430e-02 1.888122968375682831e-02 2.259106375277042389e-02 2.172024548053741455e-02 8.340023458003997803e-03 5.064730346202850342e-02 4.977937415242195129e-02 3.056107088923454285e-02 7.692891359329223633e-02 3.577914088964462280e-02 2.762494795024394989e-02 4.590674117207527161e-02 1.618873514235019684e-02 1.835253462195396423e-02 7.801758125424385071e-03 1.032801438122987747e-02
1.915222257375717163e-01 1.263466775417327881e-01 4.200976341962814331e-02 7.990274578332901001e-03 4.183536395430564880e-02 4.495632648468017578e-02 6.549946218729019165e-02 9.097566455602645874e-02 6.943882256746292114e-02 2.681324444711208344e-02 2.167954146862030029e-01 1.362725859507918358e-03 1.146460101008415222e-01 3.655427694320678711e-02 4.325200244784355164e-02 5.930040962994098663e-03 3.539470955729484558e-02 5.518917459994554520e-03 3.025070577859878540e-02 4.949419200420379639e-02 4.973645508289337158e-02 1.587720960378646851e-02 7.073715794831514359e-03 1.876576244831085205e-02 1.282403338700532913e-02 3.576586022973060608e-03 4.107718355953693390e-03 2.251936867833137512e-02 5.954515933990478516e-02 2.949144132435321808e-02 6.340997666120529175e-02 1.029351167380809784e-02 1.624166406691074371e-02 3.213940188288688660e-02 9.518301114439964294e-03 6.715444847941398621e-03 2.895180694758892059e-02 1.652145758271217346e-02 1.498111896216869354e-02 3.366172080859541893e-03 7.545096427202224731e-02 5.629768222570419312e-02 1.302882656455039978e-02 6.171455234289169312e-02 6.048918515443801880e-02 6.539282947778701782e-02 8.182796090841293335e-02 3.404043987393379211e-02 1.024550385773181915e-02 6.245381757616996765e-02 7.674445398151874542e-03 7.628444116562604904e-03 9.966196492314338684e-03 2.351994626224040985e-02 4.311672598123550415e-02 1.046019271016120911e-01 3.585936874151229858e-02 3.798097604885697365e-03 3.427817299962043762e-02 1.113757840357720852e-03 1.143952831625938416e-02 2.706591226160526276e-02 2.706810273230075836e-02 2.913657575845718384e-02 4.461226239800453186e-02 6.460385769605636597e-02 3.953848406672477722e-02 8.832013234496116638e-03 2.233174815773963928e-02 5.830645561218261719e-02 2.134815230965614319e-02 1.613544858992099762e-02 3.284296765923500061e-02 2.898266538977622986e-02 3.886526077985763550e-02 3.116700984537601471e-02 5.044573545455932617e-02 4.498702660202980042e-02 2.878724038600921631e-02 3.260668739676475525e-02 2.111241407692432404e-02 2.035328559577465057e-02 3.671847283840179443e-02 4.897971637547016144e-03 4.402134101837873459e-03 6.786669790744781494e-02 2.876342274248600006e-02 4.798832535743713379e-02 4.508140496909618378e-03 1.287912018597126007e-02 7.001131772994995117e-02 2.664470113813877106e-02 9.118008427321910858e-03 3.312816843390464783e-02 7.425367832183837891e-03 1.123696658760309219e-02 1.649422012269496918e-02 3.595506772398948669e-02 5.658074095845222473e-02 2.108445018529891968e-02 5.475583020597696304e-03 5.242169275879859924e-02 6.191506516188383102e-03 4.540169984102249146e-02 1.779457181692123413e-02 1.784577406942844391e-02 3.139518201351165771e-02 2.408526837825775146e-02 1.259504351764917374e-03 5.278847366571426392e-02 8.458344638347625732e-02 3.715652227401733398e-02 2.706969529390335083e-02 2.824248559772968292e-02 5.504607222974300385e-03 1.026448979973793030e-02
