2.289439588785171509e-01 1.277276724576950073e-01 5.285311490297317505e-02 2.590436255559325218e-03 2.068855101242661476e-03 1.069810912013053894e-01 7.445660233497619629e-02 4.960815981030464172e-02 2.746481820940971375e-02 9.044360369443893433e-03 8.768350630998611450e-02 5.310162529349327087e-02 6.439257413148880005e-02 2.967754378914833069e-02 7.019745558500289917e-02 3.676318377256393433e-02 5.582234635949134827e-02 1.042864285409450531e-02 5.401571094989776611e-02 2.257260307669639587e-02 6.880015134811401367e-02 3.209636732935905457e-02 8.045637980103492737e-03 1.300031598657369614e-02 1.353104133158922195e-02 3.799108043313026428e-02 3.494205325841903687e-02 3.793589770793914795e-02 1.196247103507630527e-04 4.130169376730918884e-02 7.708723098039627075e-02 2.058515138924121857e-02 2.453494817018508911e-02 3.973762318491935730e-02 8.183248573914170265e-04 2.202580450102686882e-03 3.719460591673851013e-02 8.941845037043094635e-03 2.115799672901630402e-02 3.022529184818267822e-02 1.425218395888805389e-02 3.028534539043903351e-02 3.513401001691818237e-02 2.959925215691328049e-03 1.025445293635129929e-02 5.115630105137825012e-02 5.861963704228401184e-02 4.335080087184906006e-02 3.798095276579260826e-03 2.301469258964061737e-02 3.954653069376945496e-02 1.338750869035720825e-02 1.486589387059211731e-02 3.826684318482875824e-03 1.131858560256659985e-03 4.127614200115203857e-03 3.931011632084846497e-02 1.692865975201129913e-02 3.880863310769200325e-03 1.689537800848484039e-02 3.278666362166404724e-02 4.029970616102218628e-02 1.044867094606161118e-02 1.616980507969856262e-02 1.811975054442882538e-02 3.669885173439979553e-02 2.211576700210571289e-02 3.275260329246520996e-02 4.857468977570533752e-02 5.534299463033676147e-02 4.184454679489135742e-02 3.207068517804145813e-02 3.061175160109996796e-02 3.349234536290168762e-02 4.202146828174591064e-02 9.398557245731353760e-03 2.777002565562725067e-02 4.398284852504730225e-02 2.053272910416126251e-02 9.816124103963375092e-03 3.745168447494506836e-03 5.871407687664031982e-02 3.254003822803497314e-02 1.720908097922801971e-02 3.208510205149650574e-02 1.097658928483724594e-02 1.368387602269649506e-02 6.342553533613681793e-03 1.190938521176576614e-02 6.519906222820281982e-02 3.885309770703315735e-02 2.317157201468944550e-02 4.590819776058197021e-02 1.357275294139981270e-03 8.689472824335098267e-02 1.165596954524517059e-02 4.774473235011100769e-02 1.120707718655467033e-03 2.002898976206779480e-02 5.686285439878702164e-03 4.784408956766128540e-03 6.392884999513626099e-03 1.359702460467815399e-02 2.549060806632041931e-02 4.583106562495231628e-02 2.525860210880637169e-03 1.468296535313129425e-02 4.743391182273626328e-03 1.674603205174207687e-03 3.283635154366493225e-02 2.143262699246406555e-02 5.040974915027618408e-02 2.093835361301898956e-02 1.860590837895870209e-02 1.646612398326396942e-02 7.610622327774763107e-03
1.277276724576950073e-01 2.374563217163085938e-01 6.611189246177673340e-02 1.195792201906442642e-02 3.102026879787445068e-02 9.414570033550262451e-02 9.832323342561721802e-02 3.675726056098937988e-02 4.064149223268032074e-03 4.736018308904021978e-04 6.035556644201278687e-02 2.739732712507247925e-02 7.950893044471740723e-02 4.469675943255424500e-02 4.386984556913375854e-02 2.889258787035942078e-02 3.416487202048301697e-02 4.873561114072799683e-02 8.121719583868980408e-03 4.560905508697032928e-03 5.838558450341224670e-02 2.043728344142436981e-02 3.422096779104322195e-04 1.387658715248107910e-02 1.918306574225425720e-02 4.346339032053947449e-02 3.852878510951995850e-02 3.063198411837220192e-03 2.269786596298217773e-02 1.492851600050926208e-02 4.448238760232925415e-02 4.050967842340469360e-02 2.641751430928707123e-02 3.282193839550018311e-02 1.555821113288402557e-02 9.645413607358932495e-03 5.150993820279836655e-03 2.240112237632274628e-02 3.119225241243839264e-02 3.537801653146743774e-02 3.390392230357974768e-04 3.176004439592361450e-02 1.902419701218605042e-02 1.165917259640991688e-03 2.551435027271509171e-03 7.751697674393653870e-03 7.113203406333923340e-02 6.882981210947036743e-02 2.581394510343670845e-03 1.189638953655958176e-02 1.682159490883350372e-02 2.575083635747432709e-02 3.342237323522567749e-02 4.238124936819076538e-03 2.162609621882438660e-02 1.923784986138343811e-02 2.741762623190879822e-02 9.334423812106251717e-04 8.003863506019115448e-03 1.204587984830141068e-02 4.015110060572624207e-02 3.117769025266170502e-02 6.832350045442581177e-03 3.359042853116989136e-02 2.025655098259449005e-02 2.628165239002555609e-04 1.341974735260009766e-02 3.260935470461845398e-02 3.109333477914333344e-02 3.156397119164466858e-02 3.671755315735936165e-03 4.302516579627990723e-02 1.075929962098598480e-02 2.855355665087699890e-02 2.129557169973850250e-02 2.585609629750251770e-02 7.823729887604713440e-03 3.246070444583892822e-02 1.682092621922492981e-02 3.733102977275848389e-02 4.007498547434806824e-02 4.235397651791572571e-02 4.196828976273536682e-02 3.680349886417388916e-02 2.574335224926471710e-02 2.291236072778701782e-02 2.649322710931301117e-02 3.083583712577819824e-02 4.790904745459556580e-02 1.054890453815460205e-02 2.191394567489624023e-02 2.453410252928733826e-02 6.569647789001464844e-02 1.280452962964773178e-02 4.050752520561218262e-02 6.763210054486989975e-03 3.521697595715522766e-02 2.019576914608478546e-02 6.889710784889757633e-04 2.410792186856269836e-02 2.239704318344593048e-02 2.395805902779102325e-02 1.165804918855428696e-02 1.477335928939282894e-03 8.128694258630275726e-03 2.473538555204868317e-02 1.055575441569089890e-02 4.001664463430643082e-03 1.068829186260700226e-02 2.787012793123722076e-02 7.082547526806592941e-03 3.488816320896148682e-02 3.990426287055015564e-02 4.008898977190256119e-03 1.121716195484623313e-04 2.322115935385227203e-02
5.285311490297317505e-02 6.611189246177673340e-02 1.412963122129440308e-01 3.433919697999954224e-02 6.929346825927495956e-03 3.421830758452415466e-02 8.848350495100021362e-03 1.859673559665679932e-01 3.644765540957450867e-02 2.148960530757904053e-02 3.053439036011695862e-02 5.757845938205718994e-02 1.729426346719264984e-02 7.727949321269989014e-02 6.094533950090408325e-02 3.081558831036090851e-02 3.808862343430519104e-02 2.730825915932655334e-02 2.000513859093189240e-02 4.405361041426658630e-02 1.025871858000755310e-01 2.915831096470355988e-02 6.439497321844100952e-02 5.469689518213272095e-02 4.052528738975524902e-02 8.569099754095077515e-02 1.546170469373464584e-02 2.694816328585147858e-02 1.625413820147514343e-02 2.838735654950141907e-02 1.211356557905673981e-02 1.975300349295139313e-02 5.318763665854930878e-03 4.260344058275222778e-02 5.639066547155380249e-02 3.001992218196392059e-02 2.606442011892795563e-02 1.657504402101039886e-02 7.612548023462295532e-02 6.910018157213926315e-03 7.103176414966583252e-02 3.917915374040603638e-02 6.350199133157730103e-02 2.346755713224411011e-01 5.317333340644836426e-02 7.211519032716751099e-02 1.395054906606674194e-02 6.299934536218643188e-02 5.963196977972984314e-02 1.777132973074913025e-02 3.791473433375358582e-02 3.874112665653228760e-02 6.057005375623703003e-04 1.271912455558776855e-02 4.873555898666381836e-02 1.090594846755266190e-02 8.626551926136016846e-02 1.920155994594097137e-02 8.779573440551757812e-02 1.439293473958969116e-02 3.300640732049942017e-02 6.098276935517787933e-03 2.673993632197380066e-02 1.291391253471374512e-02 2.147790975868701935e-02 1.636472716927528381e-02 3.230036050081253052e-02 8.568926155567169189e-02 4.096107184886932373e-02 7.136019412428140640e-03 3.551935078576207161e-03 2.203117683529853821e-02 1.148760202340781689e-03 3.427482768893241882e-02 3.077940456569194794e-02 3.202581033110618591e-02 2.719858288764953613e-02 3.338798414915800095e-03 1.511912699788808823e-02 2.115741744637489319e-02 1.978311389684677124e-01 1.232752576470375061e-01 3.929788246750831604e-02 9.949574247002601624e-03 2.409937605261802673e-02 4.415874183177947998e-02 1.114863995462656021e-02 3.238521516323089600e-02 1.221663085743784904e-03 3.308467939496040344e-02 3.624802455306053162e-02 3.253621235489845276e-02 8.979763835668563843e-02 6.064507737755775452e-02 4.228326678276062012e-02 2.438318915665149689e-02 1.912442781031131744e-02 4.693625122308731079e-02 5.588850751519203186e-02 1.140224840492010117e-02 2.735980413854122162e-02 1.493071857839822769e-02 7.119766902178525925e-03 1.758109196089208126e-03 2.687322720885276794e-02 4.348121583461761475e-02 1.886033825576305389e-02 2.327504009008407593e-02 2.643671818077564240e-02 1.600930839776992798e-02 2.262348122894763947e-02 1.405533775687217712e-02 2.563001029193401337e-02 4.867208003997802734e-02 3.246150165796279907e-02 2.737437933683395386e-02
2.590436255559325218e-03 1.195792201906442642e-02 3.433919697999954224e-02 2.331697940826416016e-01 2.368690669536590576e-01 2.966733090579509735e-02 1.446110662072896957e-02 2.208604477345943451e-02 2.423036471009254456e-02 6.623634696006774902e-02 1.955642178654670715e-02 2.116402145475149155e-03 3.672177204862236977e-03 2.159225381910800934e-02 2.778224088251590729e-02 2.527823857963085175e-02 3.202848602086305618e-03 7.061097770929336548e-02 7.898867875337600708e-02 2.111263386905193329e-02 2.107609249651432037e-02 8.671132847666740417e-03 2.274754643440246582e-02 3.023609519004821777e-02 5.902429576963186264e-03 1.776706427335739136e-03 1.899143308401107788e-02 4.936688393354415894e-02 1.339575368911027908e-02 2.720039710402488708e-02 1.199463941156864166e-02 6.497756112366914749e-03 1.980880461633205414e-02 2.748537994921207428e-02 4.248453676700592041e-02 1.873294450342655182e-02 2.517789416015148163e-02 1.866519823670387268e-02 4.792433604598045349e-02 4.074957966804504395e-02 6.138498708605766296e-02 5.203984677791595459e-03 1.877890713512897491e-02 3.450785577297210693e-02 1.767616719007492065e-02 1.921617053449153900e-02 9.709353558719158173e-03 1.523938588798046112e-02 5.830095335841178894e-02 5.605835840106010437e-02 6.005186215043067932e-02 3.803528472781181335e-02 4.554873798042535782e-03 5.215464532375335693e-02 4.202135652303695679e-02 3.493977710604667664e-02 9.295534342527389526e-03 1.162663288414478302e-02 1.891347393393516541e-02 2.386061288416385651e-02 5.483690276741981506e-02 3.072411753237247467e-02 2.291436493396759033e-02 3.130024671554565430e-02 2.906709723174571991e-02 2.596007892861962318e-03 6.595031172037124634e-02 2.031821571290493011e-02 3.590822219848632812e-02 8.280382305383682251e-02 1.538922265172004700e-02 7.488538324832916260e-02 1.807987242937088013e-01 5.360446125268936157e-02 1.387054175138473511e-01 3.143594786524772644e-02 1.742866262793540955e-02 2.698366157710552216e-02 1.037954911589622498e-02 1.767532899975776672e-02 5.132489372044801712e-03 7.771209347993135452e-03 9.871660917997360229e-02 5.029068887233734131e-02 1.995247788727283478e-02 2.385690435767173767e-02 4.136922582983970642e-02 8.450229070149362087e-04 9.490242600440979004e-02 2.815605141222476959e-02 4.232474789023399353e-02 2.204721607267856598e-02 3.077605180442333221e-02 2.246712148189544678e-02 4.458105191588401794e-02 3.869107365608215332e-02 9.926944039762020111e-03 4.158468544483184814e-02 9.370206855237483978e-03 4.069731105118989944e-03 2.339423447847366333e-02 2.730285935103893280e-02 6.215774267911911011e-02 6.069837138056755066e-02 1.452349964529275894e-02 9.720026515424251556e-03 8.356988430023193359e-03 1.781574264168739319e-02 3.821441903710365295e-02 6.348916329443454742e-03 8.312712423503398895e-03 3.265167400240898132e-02 2.718739956617355347e-02 9.103838354349136353e-03 4.079134017229080200e-02 3.209965676069259644e-02
2.068855101242661476e-03 3.102026879787445068e-02 6.929346825927495956e-03 2.368690669536590576e-01 2.381522357463836670e-01 4.330177977681159973e-02 4.914860427379608154e-02 3.172246366739273071e-02 2.352954074740409851e-02 6.225296761840581894e-03 1.838715688791126013e-04 9.638146497309207916e-03 5.125720426440238953e-02 1.543634012341499329e-02 1.457498758099973202e-03 1.440184004604816437e-02 2.805953100323677063e-02 5.233066901564598083e-02 1.012357249855995178e-01 1.841736771166324615e-02 1.283695083111524582e-02 1.922696642577648163e-02 3.298589959740638733e-02 3.981307521462440491e-02 1.761101651936769485e-03 1.670355349779129028e-02 4.569677263498306274e-02 1.814584061503410339e-02 2.889568544924259186e-02 2.824019268155097961e-02 3.085821121931076050e-02 1.354291103780269623e-02 3.538873745128512383e-03 3.579281270503997803e-02 1.452419813722372055e-02 1.888238266110420227e-02 3.336539492011070251e-02 1.800557971000671387e-02 2.564215101301670074e-02 4.379208385944366455e-02 8.483665436506271362e-02 3.746801242232322693e-02 1.099852845072746277e-02 3.454108908772468567e-02 3.974407911300659180e-02 8.421169593930244446e-03 4.813898820430040359e-03 3.470264375209808350e-02 6.424780189990997314e-02 2.606580965220928192e-02 3.854750469326972961e-02 1.745916716754436493e-02 2.983997203409671783e-02 4.728901758790016174e-02 5.885406583547592163e-02 5.732369143515825272e-03 1.689748093485832214e-02 2.558050304651260376e-02 3.809570521116256714e-02 1.284983847290277481e-02 2.667075395584106445e-02 6.130575388669967651e-02 1.485518086701631546e-02 2.618253417313098907e-02 1.237353589385747910e-02 3.062828071415424347e-02 5.218553543090820312e-02 2.851168066263198853e-02 2.465330250561237335e-02 1.122749596834182739e-01 3.686447069048881531e-02 4.461131617426872253e-02 1.375839263200759888e-01 1.167215406894683838e-01 1.375430077314376831e-01 5.676431581377983093e-02 1.610606536269187927e-02 7.008762098848819733e-03 5.323625355958938599e-02 2.967787720263004303e-02 1.159316021949052811e-02 5.945669487118721008e-03 9.012885391712188721e-02 1.465603262186050415e-01 4.223809763789176941e-02 1.839427277445793152e-02 2.867775782942771912e-02 2.278994023799896240e-02 2.824842371046543121e-02 6.608796119689941406e-02 1.400536578148603439e-02 4.984301980584859848e-03 1.790851168334484100e-02 2.129569090902805328e-02 3.465618193149566650e-02 2.483203820884227753e-02 7.640944421291351318e-02 4.033711925148963928e-02 2.408070303499698639e-02 7.910393178462982178e-03 2.243772521615028381e-02 1.615988649427890778e-02 3.146203607320785522e-02 1.322489511221647263e-02 3.374378755688667297e-02 1.595031842589378357e-02 3.361856192350387573e-02 2.293188869953155518e-02 5.637778714299201965e-02 4.605596885085105896e-03 5.678985640406608582e-02 7.746030390262603760e-02 1.372553594410419464e-02 2.418330311775207520e-02 2.099475264549255371e-02 6.679913401603698730e-02
1.069810912013053894e-01 9.414570033550262451e-02 3.421830758452415466e-02 2.966733090579509735e-02 4.330177977681159973e-02 2.451616227626800537e-01 1.244808807969093323e-01 3.859059140086174011e-02 4.518055822700262070e-03 1.013231649994850159e-02 6.477039307355880737e-02 5.494502931833267212e-02 7.401502132415771484e-02 6.987187266349792480e-02 3.892014548182487488e-02 1.848399452865123749e-02 2.636563032865524292e-02 2.525917440652847290e-02 5.647751037031412125e-03 9.631134569644927979e-03 1.457722205668687820e-02 7.508139591664075851e-03 1.382176019251346588e-02 2.757578156888484955e-03 1.409511920064687729e-02 3.667347482405602932e-04 6.089306622743606567e-02 7.708081044256687164e-03 3.585475310683250427e-02 1.168710924685001373e-02 1.979714026674628258e-03 4.748968780040740967e-02 5.545875988900661469e-03 2.213460393249988556e-02 5.650966893881559372e-03 2.610720694065093994e-02 3.449761122465133667e-02 5.850461125373840332e-02 2.119498094543814659e-03 3.415282070636749268e-02 5.365281179547309875e-02 2.483582682907581329e-02 3.383616730570793152e-02 5.337085109204053879e-03 5.702131241559982300e-02 7.173345983028411865e-02 9.836743772029876709e-02 5.253673344850540161e-02 1.655349507927894592e-03 1.542309205979108810e-02 4.155324399471282959e-02 4.893604200333356857e-03 3.441728278994560242e-02 2.126953797414898872e-03 2.099484391510486603e-02 2.392462827265262604e-02 1.207995414733886719e-02 9.044015780091285706e-03 2.141168154776096344e-02 9.303038008511066437e-03 1.623428054153919220e-02 1.778554730117321014e-02 2.453464083373546600e-03 1.325675845146179199e-02 1.676100119948387146e-02 2.051220461726188660e-02 5.112298764288425446e-03 1.065348740667104721e-02 2.306575188413262367e-03 6.902033090591430664e-02 3.460344625636935234e-03 3.438424319028854370e-02 1.085423957556486130e-02 4.973258078098297119e-02 1.816752366721630096e-02 2.584053948521614075e-02 4.095204640179872513e-03 1.911747641861438751e-02 4.747661296278238297e-03 3.404751047492027283e-02 4.013343527913093567e-02 6.057400256395339966e-03 3.797869011759757996e-02 2.553906850516796112e-02 3.251969069242477417e-02 2.442391822114586830e-03 4.552450403571128845e-02 4.285409674048423767e-02 1.438629440963268280e-02 3.630779311060905457e-02 7.639795076102018356e-03 4.026588983833789825e-03 3.095323778688907623e-02 1.348922494798898697e-02 2.078154496848583221e-02 3.236646205186843872e-02 4.214623197913169861e-02 2.169850282371044159e-02 1.736570894718170166e-02 2.514111995697021484e-02 1.711020246148109436e-02 2.952958270907402039e-02 8.898397907614707947e-03 1.372761838138103485e-02 1.916990056633949280e-02 2.472672797739505768e-02 9.494381956756114960e-03 2.975748851895332336e-02 1.404235488735139370e-03 1.456749159842729568e-02 5.444069975055754185e-04 8.988537825644016266e-03 2.879757247865200043e-02 3.747304668650031090e-03 1.347116660326719284e-02 4.615161195397377014e-02
7.445660233497619629e-02 9.832323342561721802e-02 8.848350495100021362e-03 1.446110662072896957e-02 4.914860427379608154e-02 1.244808807969093323e-01 2.605952620506286621e-01 1.155902817845344543e-02 2.477299422025680542e-03 1.401488017290830612e-02 5.139929428696632385e-02 2.452045865356922150e-02 7.795334607362747192e-02 6.880640983581542969e-02 2.135999500751495361e-02 1.047495380043983459e-02 1.848675310611724854e-02 4.683773964643478394e-02 1.999570615589618683e-02 9.640356525778770447e-03 2.225267468020319939e-03 7.983253337442874908e-03 2.686934079974889755e-03 3.885744139552116394e-03 1.537577155977487564e-02 3.666015807539224625e-03 4.383869841694831848e-02 3.665643557906150818e-02 2.423874102532863617e-02 5.153094604611396790e-02 3.683291003108024597e-02 4.544794932007789612e-02 1.319724600762128830e-02 2.571179158985614777e-02 1.026312448084354401e-02 2.890277653932571411e-02 1.881100237369537354e-02 5.743430554866790771e-02 1.121011562645435333e-02 2.250314690172672272e-02 3.522831574082374573e-02 2.300863340497016907e-02 1.436847075819969177e-02 3.061525523662567139e-02 4.812816902995109558e-02 7.746478915214538574e-02 1.041489243507385254e-01 9.809111803770065308e-02 6.221732124686241150e-03 1.162666361778974533e-03 9.493060410022735596e-03 2.115506865084171295e-02 8.070209063589572906e-03 2.403511665761470795e-02 2.879980392754077911e-02 3.481914848089218140e-02 4.822312388569116592e-03 4.562903661280870438e-03 8.487886749207973480e-03 1.350915338844060898e-02 2.621405944228172302e-02 2.589679136872291565e-02 2.499367669224739075e-02 1.060259155929088593e-02 3.909434750676155090e-02 9.435359388589859009e-03 3.961761016398668289e-03 8.109990507364273071e-03 2.088969945907592773e-02 3.607853874564170837e-02 1.441173814237117767e-02 2.515101060271263123e-02 6.404677405953407288e-03 4.295109212398529053e-02 1.291606016457080841e-02 3.048271499574184418e-02 8.112865500152111053e-03 3.730051964521408081e-02 5.464986432343721390e-03 4.299137368798255920e-02 8.319190703332424164e-03 1.843491010367870331e-02 3.647940233349800110e-02 2.941757068037986755e-02 1.728256978094577789e-02 9.420820511877536774e-03 2.041147649288177490e-02 3.361877426505088806e-02 2.293740957975387573e-02 3.202276676893234253e-02 1.022607460618019104e-02 1.519906055182218552e-02 7.200814783573150635e-02 4.421113524585962296e-03 7.245668210089206696e-03 2.906602621078491211e-02 4.889962822198867798e-02 2.710290998220443726e-02 5.534544121474027634e-03 1.291321218013763428e-02 2.621497586369514465e-02 2.381474524736404419e-02 1.335604023188352585e-02 3.178559127263724804e-04 4.794390406459569931e-03 8.128449320793151855e-03 1.016549207270145416e-02 4.716236609965562820e-03 6.240805145353078842e-03 3.558153659105300903e-02 4.481877665966749191e-03 1.623673597350716591e-03 2.070629037916660309e-02 4.031710792332887650e-03 5.099909380078315735e-03 2.501485124230384827e-02
4.960815981030464172e-02 3.675726056098937988e-02 1.859673559665679932e-01 2.208604477345943451e-02 3.172246366739273071e-02 3.859059140086174011e-02 1.155902817845344543e-02 1.459834426641464233e-01 3.050261735916137695e-02 3.208406269550323486e-02 2.702603815123438835e-03 1.702288724482059479e-02 1.968850195407867432e-02 1.073320955038070679e-02 5.758316814899444580e-02 2.679285407066345215e-02 2.016382664442062378e-02 8.643964305520057678e-03 2.148211188614368439e-02 2.963526546955108643e-02 6.826896965503692627e-02 3.931715339422225952e-02 1.591201126575469971e-02 3.387359902262687683e-02 7.397854700684547424e-03 3.688952326774597168e-02 3.078615106642246246e-02 4.369673877954483032e-02 1.267936825752258301e-02 4.816147498786449432e-03 2.110361866652965546e-02 1.050174795091152191e-02 1.438673865050077438e-02 9.333534166216850281e-03 4.493492469191551208e-02 8.724624291062355042e-03 1.834045397117733955e-03 3.863184154033660889e-02 7.471771538257598877e-02 4.150324687361717224e-02 1.527404319494962692e-02 1.696286723017692566e-02 3.993704449385404587e-03 9.943073987960815430e-02 8.209698717109858990e-04 2.830528281629085541e-02 5.399414524435997009e-02 4.321701452136039734e-02 3.279425948858261108e-02 3.833381086587905884e-02 3.234345838427543640e-02 4.114902764558792114e-02 3.066131472587585449e-02 1.797582954168319702e-02 5.171630904078483582e-02 5.128769204020500183e-02 3.521194308996200562e-02 3.207124769687652588e-02 6.244593113660812378e-02 2.759677357971668243e-02 3.072602301836013794e-02 7.875537499785423279e-03 1.837575435638427734e-02 5.089624226093292236e-02 3.517339378595352173e-02 1.396914944052696228e-02 1.660032779909670353e-03 5.588650703430175781e-02 2.464938722550868988e-02 6.133064627647399902e-03 3.254679031670093536e-03 2.263213880360126495e-02 1.999881118535995483e-02 1.510536018759012222e-02 5.150955636054277420e-03 1.180888060480356216e-02 1.087451004423201084e-03 2.522478811442852020e-02 1.785777695477008820e-02 2.866931725293397903e-03 2.162744998931884766e-01 8.748402446508407593e-02 1.480629201978445053e-02 3.820018097758293152e-02 3.768900409340858459e-02 1.570807956159114838e-02 7.494208961725234985e-02 3.580464422702789307e-02 8.919078856706619263e-03 7.738368120044469833e-03 6.652025133371353149e-02 1.481838058680295944e-02 3.740448132157325745e-02 2.067241817712783813e-03 1.987946778535842896e-02 5.791190080344676971e-03 3.460181504487991333e-02 4.819805547595024109e-02 1.750135794281959534e-02 1.845483668148517609e-02 4.682154953479766846e-02 3.772845491766929626e-02 1.986281573772430420e-02 4.857778549194335938e-02 1.216010097414255142e-02 9.323885664343833923e-03 1.197337545454502106e-02 1.512205787003040314e-02 3.315366804599761963e-02 1.323291379958391190e-02 2.143358252942562103e-02 6.121919956058263779e-03 3.075719112530350685e-03 5.508423969149589539e-02 1.398233231157064438e-02 3.605239838361740112e-02
2.746481820940971375e-02 4.064149223268032074e-03 3.644765540957450867e-02 2.423036471009254456e-02 2.352954074740409851e-02 4.518055822700262070e-03 2.477299422025680542e-03 3.050261735916137695e-02 2.147381901741027832e-01 8.971985429525375366e-02 2.927682921290397644e-02 4.680923745036125183e-02 7.894990034401416779e-03 3.719626367092132568e-02 2.328404597938060760e-02 2.826584689319133759e-02 9.856168180704116821e-03 5.724171176552772522e-02 5.603375658392906189e-02 1.171836722642183304e-02 3.107764013111591339e-02 2.125661633908748627e-02 4.088912904262542725e-02 3.662218153476715088e-02 3.799089789390563965e-02 1.320605166256427765e-02 9.424473159015178680e-03 1.041932683438062668e-02 4.042043164372444153e-02 3.540685772895812988e-02 1.113932114094495773e-02 1.698330417275428772e-02 2.349173091351985931e-02 1.510459813289344311e-03 1.228826865553855896e-02 3.538056090474128723e-02 4.906323552131652832e-02 2.950300462543964386e-02 2.356444299221038818e-02 2.073394693434238434e-02 1.830903254449367523e-02 4.494372755289077759e-02 1.874785497784614563e-02 7.602822780609130859e-02 2.256869524717330933e-02 1.044111046940088272e-02 4.094790667295455933e-02 7.347622886300086975e-04 6.999362260103225708e-02 7.465340942144393921e-02 4.982483386993408203e-02 8.014675974845886230e-02 1.548761501908302307e-02 5.874965339899063110e-02 1.181750595569610596e-01 3.136035054922103882e-02 9.782086312770843506e-02 2.814570255577564240e-02 1.988010667264461517e-02 2.226889505982398987e-02 2.889483049511909485e-02 2.607404720038175583e-03 8.303797803819179535e-03 1.003511901944875717e-02 2.526167780160903931e-03 3.607920557260513306e-02 3.582235798239707947e-02 6.993945688009262085e-03 6.211375072598457336e-02 2.888895571231842041e-03 3.341149166226387024e-02 1.115669086575508118e-01 3.958416357636451721e-02 3.113279677927494049e-02 2.745051681995391846e-02 2.491130866110324860e-02 7.347733527421951294e-02 5.384403467178344727e-02 8.190709352493286133e-02 4.559349268674850464e-02 3.886100649833679199e-02 2.560446970164775848e-02 5.373582616448402405e-02 2.060279063880443573e-02 8.253813721239566803e-03 3.957128152251243591e-02 2.308101765811443329e-02 4.007398337125778198e-02 1.232006698846817017e-01 5.523129925131797791e-02 5.329274013638496399e-02 1.165630746982060373e-04 2.247927896678447723e-02 6.068898830562829971e-03 8.792381733655929565e-03 3.000413998961448669e-03 2.098035439848899841e-02 2.623121067881584167e-02 3.478517010807991028e-02 1.418164279311895370e-02 2.123585529625415802e-02 5.156757310032844543e-03 2.076917700469493866e-02 4.180342424660921097e-03 1.432943157851696014e-02 3.268406167626380920e-02 1.865411177277565002e-03 2.068075723946094513e-02 1.619714312255382538e-02 6.372717209160327911e-03 4.105404019355773926e-02 2.354796603322029114e-02 2.499668113887310028e-02 8.075146004557609558e-03 9.880083613097667694e-03 5.272282287478446960e-02
9.044360369443893433e-03 4.736018308904021978e-04 2.148960530757904053e-02 6.623634696006774902e-02 6.225296761840581894e-03 1.013231649994850159e-02 1.401488017290830612e-02 3.208406269550323486e-02 8.971985429525375366e-02 2.291859537363052368e-01 1.865122094750404358e-02 1.887275092303752899e-02 1.238404214382171631e-02 3.279043361544609070e-02 4.745968803763389587e-02 1.982904039323329926e-02 5.998778715729713440e-02 3.306273743510246277e-02 8.978793770074844360e-02 2.632068842649459839e-02 8.299156278371810913e-02 3.619862347841262817e-02 2.091233618557453156e-02 7.678213715553283691e-02 3.611057624220848083e-02 7.062406837940216064e-02 2.026518620550632477e-02 4.300106689333915710e-02 4.006190598011016846e-02 2.987364679574966431e-02 3.347359597682952881e-02 2.359971031546592712e-02 4.124137014150619507e-02 2.363166026771068573e-02 2.361297048628330231e-02 9.807422012090682983e-02 2.078980905935168266e-04 4.502466693520545959e-02 1.054379530251026154e-02 5.736671388149261475e-02 6.190206855535507202e-03 5.269727110862731934e-02 3.599627315998077393e-02 7.578776217997074127e-03 2.504821494221687317e-02 6.838222593069076538e-02 3.158297762274742126e-02 1.289342530071735382e-02 1.325458008795976639e-02 1.293654441833496094e-01 2.101616002619266510e-02 9.050833061337471008e-03 4.147920757532119751e-02 1.454012095928192139e-02 3.638699278235435486e-02 9.976213425397872925e-02 4.148307256400585175e-03 5.656304955482482910e-02 9.445848832001502160e-07 5.327458027750253677e-03 5.264354124665260315e-02 1.880286447703838348e-02 5.690218880772590637e-02 2.436783909797668457e-02 1.721749268472194672e-02 1.191865000873804092e-02 3.244939725846052170e-03 3.298296779394149780e-02 1.471163518726825714e-02 6.803468614816665649e-02 6.623265892267227173e-02 5.753335729241371155e-02 6.871242821216583252e-02 7.715171575546264648e-02 1.175728067755699158e-02 3.770191967487335205e-02 1.262566354125738144e-02 1.699534952640533447e-01 3.836587816476821899e-02 1.384047418832778931e-01 1.793645694851875305e-02 3.274887055158615112e-02 3.533710911870002747e-02 1.056974530220031738e-01 5.039834976196289062e-02 3.339253738522529602e-02 2.510167099535465240e-02 1.316090207546949387e-02 3.600750118494033813e-02 7.482217997312545776e-02 3.853730857372283936e-02 9.947981685400009155e-03 2.310042502358555794e-03 8.041966706514358521e-03 5.564114078879356384e-03 3.150497749447822571e-02 2.265065722167491913e-02 1.322207320481538773e-02 3.180404752492904663e-02 1.594172231853008270e-02 4.321848100516945124e-04 5.902344360947608948e-03 3.515956550836563110e-02 1.407322240993380547e-03 2.179071679711341858e-02 2.401672117412090302e-02 8.273397572338581085e-03 5.914117768406867981e-02 2.007693983614444733e-02 5.875067412853240967e-02 5.890266969799995422e-02 6.387807428836822510e-03 2.869937755167484283e-02 3.574969619512557983e-02 3.583454713225364685e-02 1.038390919566154480e-01
8.768350630998611450e-02 6.035556644201278687e-02 3.053439036011695862e-02 1.955642178654670715e-02 1.838715688791126013e-04 6.477039307355880737e-02 5.139929428696632385e-02 2.702603815123438835e-03 2.927682921290397644e-02 1.865122094750404358e-02 2.786784172058105469e-01 1.563185214763507247e-04 8.202227205038070679e-02 2.375134965404868126e-03 3.666852414608001709e-02 1.012987364083528519e-02 2.164590172469615936e-02 1.303643948631361127e-04 5.606900434941053391e-03 2.576500363647937775e-02 5.347199365496635437e-02 6.430987268686294556e-02 4.639559425413608551e-03 6.044763140380382538e-03 4.448511172086000443e-03 2.341472357511520386e-02 6.825557351112365723e-02 2.748121879994869232e-02 8.230192959308624268e-02 3.196210041642189026e-02 1.634388603270053864e-02 2.328641526401042938e-02 2.982424106448888779e-03 2.737356908619403839e-02 4.121483303606510162e-03 2.511524595320224762e-02 3.332070633769035339e-02 4.901620000600814819e-02 3.525895299389958382e-03 7.739767897874116898e-04 2.913840301334857941e-02 2.435297472402453423e-03 1.953671313822269440e-02 2.454778179526329041e-02 1.957730157300829887e-03 3.542393678799271584e-03 7.865413278341293335e-02 3.820158541202545166e-02 5.324956029653549194e-03 5.276884138584136963e-02 4.273985326290130615e-02 1.514460612088441849e-02 3.065261989831924438e-03 4.204810783267021179e-02 9.405673481523990631e-03 2.327622659504413605e-02 1.825679675675928593e-03 9.264674969017505646e-03 8.047934621572494507e-03 2.954044006764888763e-02 1.496939919888973236e-03 8.815582841634750366e-03 9.988942183554172516e-04 2.877400629222393036e-02 6.654956936836242676e-02 2.873033098876476288e-02 5.883059930056333542e-03 2.985392324626445770e-02 8.016676642000675201e-03 9.792731143534183502e-03 1.341306976974010468e-02 3.186106681823730469e-02 2.335809916257858276e-02 2.701693587005138397e-02 2.477373555302619934e-02 3.639480099081993103e-02 9.470000863075256348e-03 9.032477624714374542e-03 8.982156403362751007e-03 4.449630156159400940e-02 4.027277696877717972e-03 1.557061355561017990e-02 9.806178277358412743e-04 3.150685504078865051e-02 1.295062527060508728e-02 1.796680316329002380e-02 4.561954736709594727e-02 3.105793148279190063e-02 1.901152171194553375e-02 5.855214968323707581e-02 4.638422280550003052e-02 1.070825085043907166e-01 3.861847519874572754e-02 4.659086838364601135e-02 4.542393609881401062e-02 1.604700088500976562e-02 7.724716514348983765e-02 1.004117075353860855e-02 5.586005747318267822e-03 2.033380232751369476e-02 4.488696530461311340e-02 5.791676044464111328e-02 1.983829028904438019e-02 3.162473440170288086e-02 1.614566333591938019e-02 3.721281187608838081e-03 4.703196231275796890e-03 3.197402879595756531e-02 4.593817517161369324e-03 1.640047691762447357e-02 2.741234190762042999e-02 3.330833837389945984e-02 2.789514325559139252e-02 1.382576418109238148e-03 8.204147219657897949e-03 2.478624135255813599e-02
5.310162529349327087e-02 2.739732712507247925e-02 5.757845938205718994e-02 2.116402145475149155e-03 9.638146497309207916e-03 5.494502931833267212e-02 2.452045865356922150e-02 1.702288724482059479e-02 4.680923745036125183e-02 1.887275092303752899e-02 1.563185214763507247e-04 2.150583565235137939e-01 5.642294883728027344e-03 1.629267185926437378e-01 9.887348860502243042e-03 4.668114706873893738e-02 3.725576773285865784e-02 5.623467266559600830e-02 5.874469061382114887e-04 5.800904240459203720e-03 1.781352981925010681e-02 3.258341224864125252e-03 7.536685466766357422e-02 6.618146598339080811e-02 4.627411719411611557e-03 4.489892453420907259e-04 2.931635826826095581e-02 2.130421102046966553e-01 2.940631285309791565e-02 1.707045286893844604e-01 3.631821274757385254e-02 4.802166018635034561e-03 9.558138437569141388e-03 8.682016283273696899e-03 1.522894855588674545e-02 4.668124485760927200e-03 4.215205460786819458e-02 1.819043187424540520e-03 1.913389749825000763e-02 1.339871529489755630e-02 2.442061342298984528e-02 1.281960122287273407e-02 4.955476615577936172e-03 5.101978033781051636e-02 5.946186557412147522e-02 2.473661117255687714e-02 2.807603031396865845e-02 3.834208846092224121e-02 3.123526461422443390e-02 2.673580497503280640e-02 3.583246376365423203e-03 7.655975222587585449e-02 1.193502824753522873e-02 5.420092120766639709e-02 8.515508845448493958e-03 4.712015017867088318e-02 2.139790914952754974e-02 1.560548786073923111e-03 4.365775361657142639e-02 2.032003924250602722e-02 6.795827299356460571e-03 6.385867949575185776e-03 3.103136084973812103e-02 1.057940535247325897e-02 2.640199661254882812e-02 1.688435859978199005e-02 1.293627917766571045e-02 2.924751257523894310e-03 4.265575669705867767e-03 3.375340998172760010e-02 9.899266995489597321e-03 8.755140937864780426e-03 1.439376035705208778e-03 1.049943640828132629e-02 5.161070264875888824e-03 4.676252137869596481e-04 1.750936731696128845e-02 1.238920376636087894e-03 3.112780861556529999e-02 8.614400774240493774e-02 6.681179162114858627e-03 3.619964420795440674e-02 4.256824497133493423e-03 9.387408383190631866e-03 1.419378165155649185e-02 1.840405352413654327e-02 6.142170634120702744e-03 6.366457790136337280e-03 6.308914721012115479e-02 2.968877553939819336e-02 3.369916602969169617e-02 2.000980824232101440e-02 3.726832196116447449e-02 3.081858158111572266e-04 2.659134566783905029e-02 2.782838791608810425e-02 1.926297321915626526e-02 1.025727577507495880e-02 1.310639083385467529e-02 3.040386363863945007e-02 1.393305417150259018e-02 1.501933112740516663e-02 3.265873715281486511e-02 9.701390750706195831e-03 1.024907920509576797e-03 2.072936482727527618e-02 1.487717730924487114e-03 3.639141842722892761e-02 2.571049844846129417e-03 1.209090370684862137e-02 2.656696131452918053e-03 1.277307327836751938e-02 1.109301019459962845e-02 1.350020896643400192e-02 6.076320633292198181e-02 3.273400664329528809e-02
6.439257413148880005e-02 7.950893044471740723e-02 1.729426346719264984e-02 3.672177204862236977e-03 5.125720426440238953e-02 7.401502132415771484e-02 7.795334607362747192e-02 1.968850195407867432e-02 7.894990034401416779e-03 1.238404214382171631e-02 8.202227205038070679e-02 5.642294883728027344e-03 2.573135197162628174e-01 5.074799805879592896e-02 3.541534766554832458e-02 1.083303824998438358e-03 7.740209694020450115e-04 4.638300463557243347e-02 3.444961085915565491e-02 1.529267430305480957e-02 8.980409242212772369e-03 5.599673464894294739e-02 1.474670832976698875e-03 1.621160656213760376e-03 1.430246885865926743e-02 1.848810911178588867e-02 3.368427231907844543e-02 7.887566834688186646e-02 7.935839705169200897e-03 5.245033651590347290e-02 2.595054730772972107e-02 4.884912073612213135e-02 1.088267005980014801e-02 3.688751161098480225e-02 3.115638531744480133e-02 1.866475678980350494e-02 5.946923047304153442e-02 6.617378443479537964e-03 5.487090093083679676e-04 7.304290309548377991e-03 1.726669375784695148e-03 8.533633314073085785e-03 2.768973261117935181e-02 1.688318327069282532e-02 1.717871055006980896e-02 4.267669841647148132e-02 7.474782317876815796e-02 5.897898226976394653e-02 9.628674015402793884e-03 1.520248409360647202e-02 3.220295906066894531e-02 1.317674946039915085e-02 1.582513749599456787e-02 5.923423916101455688e-02 1.780250109732151031e-02 1.129299402236938477e-02 1.161546632647514343e-02 1.398894935846328735e-02 8.298664353787899017e-03 4.958353191614151001e-02 1.615688949823379517e-02 2.509396895766258240e-02 4.933639429509639740e-03 2.819571085274219513e-02 2.680326811969280243e-02 4.321107640862464905e-02 8.748367428779602051e-03 1.390074146911501884e-03 2.530651167035102844e-02 6.652098149061203003e-02 3.045570105314254761e-02 4.201267287135124207e-02 1.882819458842277527e-02 5.821907892823219299e-02 4.995540529489517212e-02 2.998594427481293678e-03 3.317155060358345509e-04 2.755277557298541069e-03 2.258150838315486908e-02 7.767049223184585571e-02 3.520362079143524170e-03 4.006002470850944519e-02 6.608101539313793182e-03 2.311367727816104889e-02 2.874375693500041962e-02 8.125377935357391834e-04 1.214541029185056686e-02 3.483165800571441650e-02 5.097907036542892456e-02 9.191571176052093506e-02 2.315615490078926086e-02 3.425339236855506897e-02 6.059842929244041443e-02 3.080773167312145233e-02 3.148096799850463867e-02 2.379648573696613312e-02 2.095475047826766968e-02 9.640173055231571198e-03 2.243720367550849915e-02 2.687077410519123077e-02 4.907520115375518799e-02 4.392224922776222229e-02 4.175686091184616089e-02 3.010260500013828278e-02 2.388734556734561920e-02 3.642331575974822044e-03 1.031643897294998169e-02 3.277698904275894165e-02 5.620508920401334763e-03 1.531970128417015076e-02 9.060042910277843475e-03 6.489826738834381104e-02 5.146245472133159637e-03 5.050567444413900375e-03 5.897978320717811584e-03 4.518153518438339233e-02
