7.905697077512741089e-02 2.291626781225204468e-01 2.913454314693808556e-03 6.817046552896499634e-03 1.261638104915618896e-01 1.243567168712615967e-01 1.698480919003486633e-02 4.876342415809631348e-02 3.069206327199935913e-02 3.576670587062835693e-02 2.054311037063598633e-01 5.828925594687461853e-02 1.010599732398986816e-01 3.088771365582942963e-02 8.208999410271644592e-03 1.599627174437046051e-02 3.565023653209209442e-03 8.787848055362701416e-02 5.230177659541368484e-03 2.339328080415725708e-02 4.444611445069313049e-02 1.445984281599521637e-02 2.031455188989639282e-02 1.944991014897823334e-02 2.079062536358833313e-02 9.357727319002151489e-02 5.022946000099182129e-02 1.528684422373771667e-02 6.083433702588081360e-02 3.196691349148750305e-02 4.990576952695846558e-02 1.165895164012908936e-02 5.937748402357101440e-02 3.932223655283451080e-03 2.147620730102062225e-02 6.056115403771400452e-02 7.238898426294326782e-02 7.406602613627910614e-03 2.446120791137218475e-02 3.118785284459590912e-02 2.939868532121181488e-02 1.308324187994003296e-02 3.120557777583599091e-02 1.440220046788454056e-02 5.856671370565891266e-03 2.204358018934726715e-02 5.579746514558792114e-02 6.568902172148227692e-03 1.527410652488470078e-02 3.262284770607948303e-02 5.525266751646995544e-02 1.715326867997646332e-02 2.240255661308765411e-02 1.846092753112316132e-03 1.008763629943132401e-02 6.790167652070522308e-03 5.813910067081451416e-02 6.593535840511322021e-02 5.723909940570592880e-03 9.281966090202331543e-02 1.328408904373645782e-02 1.548636425286531448e-02 3.002903424203395844e-02 5.593003332614898682e-02 3.668286278843879700e-02 7.828145287930965424e-03 1.846180064603686333e-03 2.505188621580600739e-02 3.836896270513534546e-02 1.016169860959053040e-01 2.936444990336894989e-02 7.188143581151962280e-02 2.350887982174754143e-03 1.296747755259275436e-02 6.219127401709556580e-02 2.374271862208843231e-03 4.694919288158416748e-02 4.271230846643447876e-02 4.066627472639083862e-02 1.123145036399364471e-02 3.593990206718444824e-02 1.695956476032733917e-02 6.263928115367889404e-02 4.742882400751113892e-02 1.034699454903602600e-01 3.523405175656080246e-03 6.375719327479600906e-03 3.282475098967552185e-02 8.366501890122890472e-03 6.069517880678176880e-02 2.000616118311882019e-02 6.311383843421936035e-02 3.042168542742729187e-02 2.785841934382915497e-02 1.750421896576881409e-02 3.390239551663398743e-02 5.860096961259841919e-02 6.432707607746124268e-02 6.485276389867067337e-03 3.868354856967926025e-02 3.238801658153533936e-02 2.600287459790706635e-02 2.470733597874641418e-02 8.603349328041076660e-03 3.492994979023933411e-02 3.076981939375400543e-02 2.108685672283172607e-02 2.017087489366531372e-02 4.038496688008308411e-02 4.634083807468414307e-02 1.254407595843076706e-02 4.007041826844215393e-02 5.938142538070678711e-02 1.559891737997531891e-02 6.170911714434623718e-02 1.149382535368204117e-02
2.291626781225204468e-01 6.106729060411453247e-02 1.986493356525897980e-02 5.153944715857505798e-02 8.130016922950744629e-02 1.026023551821708679e-02 5.181277915835380554e-02 4.107062704861164093e-03 9.186801500618457794e-03 1.570066809654235840e-02 9.990904480218887329e-02 4.377843067049980164e-02 1.768707782030105591e-01 2.147483639419078827e-02 4.335693083703517914e-03 3.695786744356155396e-02 1.393270492553710938e-02 9.225555509328842163e-02 2.278486033901572227e-03 5.620243246085010469e-05 6.038219202309846878e-03 3.846823424100875854e-02 2.088423632085323334e-02 1.824373379349708557e-02 5.617906898260116577e-02 9.402524679899215698e-02 4.400725662708282471e-02 8.129117079079151154e-03 7.020187098532915115e-03 2.779764821752905846e-03 9.031706489622592926e-03 7.737461011856794357e-03 4.961989447474479675e-02 3.315322473645210266e-02 2.727708406746387482e-02 8.673664182424545288e-02 1.040209531784057617e-01 4.332694783806800842e-02 7.521896623075008392e-03 1.987225934863090515e-02 1.606184430420398712e-02 1.493397168815135956e-02 4.147067666053771973e-03 7.524728775024414062e-02 2.226117253303527832e-02 3.736807778477668762e-02 1.704042404890060425e-02 5.093147978186607361e-03 8.462657034397125244e-02 5.235685408115386963e-02 8.049098402261734009e-02 4.333006218075752258e-02 1.024652346968650818e-01 5.566158890724182129e-02 1.489482074975967407e-02 3.227456286549568176e-02 1.919326744973659515e-02 2.697686105966567993e-02 1.797490194439888000e-02 2.991356141865253448e-02 2.877942472696304321e-02 9.090993553400039673e-03 2.544980309903621674e-02 4.251170158386230469e-02 9.964635595679283142e-03 6.028660014271736145e-02 4.007404297590255737e-02 6.507244426757097244e-03 4.021711274981498718e-02 1.785357668995857239e-02 5.544919986277818680e-03 7.055952399969100952e-02 6.076639983803033829e-03 5.615679174661636353e-02 7.354556769132614136e-02 4.879241809248924255e-02 4.905281588435173035e-02 2.614100836217403412e-02 2.528934553265571594e-02 3.512819856405258179e-02 4.060167819261550903e-02 2.515051513910293579e-02 8.464769273996353149e-02 5.505792796611785889e-02 9.846664033830165863e-03 5.294030997902154922e-03 3.721190243959426880e-02 1.486905664205551147e-02 3.811110556125640869e-02 6.206037104129791260e-02 3.096767328679561615e-02 9.922519093379378319e-04 1.663002418354153633e-03 1.295019686222076416e-01 3.162008896470069885e-02 4.323281720280647278e-02 5.474680569022893906e-03 1.420245505869388580e-02 6.427898537367582321e-03 1.311092264950275421e-02 5.917096138000488281e-02 3.428931161761283875e-02 2.938737906515598297e-02 5.590093880891799927e-02 2.219297923147678375e-02 4.358062893152236938e-02 3.774628043174743652e-02 4.990153387188911438e-02 1.769718900322914124e-02 4.493871331214904785e-02 7.797139231115579605e-03 7.839395664632320404e-03 7.585748285055160522e-02 2.151021175086498260e-02 5.849689245223999023e-02 4.916971176862716675e-02
2.913454314693808556e-03 1.986493356525897980e-02 3.030742146074771881e-02 1.559564378112554550e-02 1.482460461556911469e-02 3.348887339234352112e-02 4.188964143395423889e-02 7.150062918663024902e-02 1.707253977656364441e-02 4.150570929050445557e-02 2.407035790383815765e-02 5.791445821523666382e-02 8.227609097957611084e-03 4.319372400641441345e-02 2.735527418553829193e-02 1.928738318383693695e-02 3.532554209232330322e-02 2.617569081485271454e-02 3.384990245103836060e-02 1.371050067245960236e-02 7.316135615110397339e-02 2.226051501929759979e-02 5.485184956341981888e-03 6.617584824562072754e-02 6.061593070626258850e-02 1.919507607817649841e-02 9.983036667108535767e-02 5.109772086143493652e-02 5.484014749526977539e-03 5.544395372271537781e-02 6.245662923902273178e-03 1.535810064524412155e-03 6.937718391418457031e-02 4.882961884140968323e-02 3.499704599380493164e-02 2.193873748183250427e-02 1.468697004020214081e-02 9.269694983959197998e-02 2.055872604250907898e-02 6.816788017749786377e-02 1.080658659338951111e-01 5.303849279880523682e-02 2.846498414874076843e-02 1.587523072957992554e-01 2.109541930258274078e-02 4.613487049937248230e-02 6.794984638690948486e-02 1.929802447557449341e-02 8.115421980619430542e-03 4.074287414550781250e-02 3.327949345111846924e-02 8.158751577138900757e-02 9.768869727849960327e-03 6.188339740037918091e-02 1.603181660175323486e-02 8.681313693523406982e-02 4.834440350532531738e-02 1.995086111128330231e-02 2.997438982129096985e-02 1.020593661814928055e-02 7.749094814062118530e-02 3.676433116197586060e-02 1.212180126458406448e-02 3.914420679211616516e-02 1.368382759392261505e-02 3.197576105594635010e-02 7.700636982917785645e-02 7.269707322120666504e-02 1.164139248430728912e-02 1.325000636279582977e-02 4.182077199220657349e-02 5.745523795485496521e-02 4.598228633403778076e-02 3.518562391400337219e-02 4.926466383039951324e-03 2.396699972450733185e-02 1.144476141780614853e-02 7.390231639146804810e-02 1.593511551618576050e-02 3.466673567891120911e-02 1.641968041658401489e-01 2.145907580852508545e-01 2.799242362380027771e-02 2.143897302448749542e-02 8.860761299729347229e-03 6.323820352554321289e-02 1.592574827373027802e-02 6.018641591072082520e-02 2.987874671816825867e-02 4.347818344831466675e-02 4.047974199056625366e-02 1.341832336038351059e-02 4.237825796008110046e-02 7.036479655653238297e-03 6.059492006897926331e-02 6.871566642075777054e-03 6.125942617654800415e-02 6.456965208053588867e-02 3.559133037924766541e-02 5.541556980460882187e-03 1.876448281109333038e-02 1.362242642790079117e-02 6.878728419542312622e-02 1.669206656515598297e-02 6.332249194383621216e-02 8.532651513814926147e-02 4.700872581452131271e-03 7.194507867097854614e-02 4.769019782543182373e-02 3.834132477641105652e-02 6.645133346319198608e-02 7.174422591924667358e-02 2.563178725540637970e-02 6.692803651094436646e-02 2.105040475726127625e-03 3.546639159321784973e-02
6.817046552896499634e-03 5.153944715857505798e-02 1.559564378112554550e-02 2.428927645087242126e-02 8.484439551830291748e-02 4.748423025012016296e-02 1.356853079050779343e-02 3.482192009687423706e-02 5.658273026347160339e-02 5.331946164369583130e-02 4.854598548263311386e-03 4.602340236306190491e-02 7.196639664471149445e-03 4.407879710197448730e-02 1.590659283101558685e-02 2.301085554063320160e-02 4.656161740422248840e-02 4.278197512030601501e-02 4.053114354610443115e-02 4.641093686223030090e-02 4.423614963889122009e-02 1.759409159421920776e-02 3.095538122579455376e-03 3.534572897478938103e-03 3.715746849775314331e-02 5.242961458861827850e-03 2.310927584767341614e-02 9.160337597131729126e-02 1.455818652175366879e-03 5.619268119335174561e-02 2.689421735703945160e-02 2.524539455771446228e-02 8.869137614965438843e-02 2.442744001746177673e-02 6.094046868383884430e-03 1.832003518939018250e-02 2.598587237298488617e-02 5.684346333146095276e-02 3.318083658814430237e-02 1.271343883126974106e-02 3.405525907874107361e-02 4.019950330257415771e-02 6.607095897197723389e-02 1.071329228579998016e-02 2.293754927814006805e-02 1.550329849123954773e-02 3.583855926990509033e-02 7.668980862945318222e-03 6.236248835921287537e-02 3.381920605897903442e-02 7.770051714032888412e-03 3.178648650646209717e-02 3.905827552080154419e-02 1.413895469158887863e-02 4.001570120453834534e-02 2.466000430285930634e-02 6.976310629397630692e-03 5.716668092645704746e-04 4.874917864799499512e-02 2.291968651115894318e-02 7.471702992916107178e-02 1.259367540478706360e-02 1.414828840643167496e-02 1.009889226406812668e-02 2.017916925251483917e-02 8.042672649025917053e-03 6.037437124177813530e-04 3.980523720383644104e-02 1.136404424905776978e-01 2.557483687996864319e-02 8.930800110101699829e-02 6.657425314188003540e-02 1.177481859922409058e-01 7.788124680519104004e-02 1.097759082913398743e-01 3.658003732562065125e-02 4.706959053874015808e-02 5.941968411207199097e-02 5.283138155937194824e-02 4.751390218734741211e-02 3.709502052515745163e-03 5.093270540237426758e-02 5.960829183459281921e-02 1.201458182185888290e-02 5.629154294729232788e-02 4.775794968008995056e-02 4.567484837025403976e-03 3.569388762116432190e-02 4.316388815641403198e-02 4.244820401072502136e-02 8.124778978526592255e-04 3.896242007613182068e-02 7.351101376116275787e-03 3.936594352126121521e-02 3.691146522760391235e-02 3.754859790205955505e-02 3.986306488513946533e-02 3.670617192983627319e-02 1.898027770221233368e-02 6.051361095160245895e-03 3.610300645232200623e-02 3.022151812911033630e-02 6.687150802463293076e-03 1.588837429881095886e-02 6.490260362625122070e-02 1.027999795041978359e-03 2.485875599086284637e-02 4.072532802820205688e-02 1.064753811806440353e-02 2.472998388111591339e-02 2.996112219989299774e-03 1.851478219032287598e-02 2.319151908159255981e-02 2.035927958786487579e-02 1.030720304697751999e-02 3.804334206506609917e-03
1.261638104915618896e-01 8.130016922950744629e-02 1.482460461556911469e-02 8.484439551830291748e-02 8.142347633838653564e-02 2.734394371509552002e-02 1.547920797020196915e-02 1.101124659180641174e-02 4.504908993840217590e-02 2.864852175116539001e-02 6.446422543376684189e-03 4.345620109234005213e-04 5.081428587436676025e-02 5.763826426118612289e-03 1.627777330577373505e-02 1.317459042184054852e-03 4.557321593165397644e-02 5.314242094755172729e-02 6.115575879812240601e-02 2.268434688448905945e-02 2.396264672279357910e-02 8.708488196134567261e-02 3.580708429217338562e-02 3.263213485479354858e-02 3.672591224312782288e-02 1.573245599865913391e-02 6.410562200471758842e-04 6.402929127216339111e-02 1.455132756382226944e-02 7.701708376407623291e-02 5.055343732237815857e-03 6.438028812408447266e-02 2.115207351744174957e-02 1.264982298016548157e-02 3.164185583591461182e-02 1.276554819196462631e-02 5.633454397320747375e-02 1.785075850784778595e-02 7.862940430641174316e-02 1.248320117592811584e-01 1.132906135171651840e-02 5.344622582197189331e-02 3.631727024912834167e-02 1.332513522356748581e-02 4.187555983662605286e-02 6.901074200868606567e-02 1.241180486977100372e-02 3.543972596526145935e-02 5.354799702763557434e-02 9.334285743534564972e-03 7.587278634309768677e-02 6.664676964282989502e-02 5.418629199266433716e-02 2.905239351093769073e-02 4.749783128499984741e-02 1.144267246127128601e-02 1.754926890134811401e-02 2.742948196828365326e-02 2.351714298129081726e-02 8.312272280454635620e-02 4.071087017655372620e-02 2.436619997024536133e-02 1.065875440835952759e-01 3.690800070762634277e-02 2.163670398294925690e-02 1.284410245716571808e-02 1.657044887542724609e-02 5.277090892195701599e-02 7.049780339002609253e-02 2.434922195971012115e-02 9.489195793867111206e-02 5.613437294960021973e-02 3.201651200652122498e-02 2.411390841007232666e-02 9.863080456852912903e-03 1.625275053083896637e-02 4.041570704430341721e-03 5.742919072508811951e-02 7.087823003530502319e-02 5.738493427634239197e-02 1.258907932788133621e-02 3.276043012738227844e-02 1.625261306762695312e-01 1.462312489748001099e-01 1.125146821141242981e-01 4.193180054426193237e-02 2.199969813227653503e-02 4.915469884872436523e-02 4.556046798825263977e-02 9.938471019268035889e-03 1.114974636584520340e-02 2.006864175200462341e-02 3.376977518200874329e-02 2.171054296195507050e-02 4.385724663734436035e-02 2.196422964334487915e-02 1.448012050241231918e-02 1.304331980645656586e-02 6.217152625322341919e-02 1.484711281955242157e-02 5.999343842267990112e-02 6.030636280775070190e-02 4.350963514298200607e-03 9.492290765047073364e-02 1.716144010424613953e-02 1.037829071283340454e-01 8.291102200746536255e-02 1.802144013345241547e-02 2.172946231439709663e-03 4.236128646880388260e-03 2.588872797787189484e-02 9.485051035881042480e-03 1.204864159226417542e-01 6.795221939682960510e-03 1.987409591674804688e-02 8.552698045969009399e-02
1.243567168712615967e-01 1.026023551821708679e-02 3.348887339234352112e-02 4.748423025012016296e-02 2.734394371509552002e-02 5.012147128582000732e-02 1.980449855327606201e-01 2.617487311363220215e-02 3.972581773996353149e-02 9.144366718828678131e-03 1.141327694058418274e-01 5.303359776735305786e-02 9.035198390483856201e-02 2.836886607110500336e-02 1.625399664044380188e-02 8.888424932956695557e-02 6.576327234506607056e-02 5.308037251234054565e-02 6.453289091587066650e-02 2.270238474011421204e-02 3.282368183135986328e-02 6.341364234685897827e-02 1.090154517441987991e-02 1.149578671902418137e-02 4.976792726665735245e-03 5.782154574990272522e-02 2.254911884665489197e-02 6.084558367729187012e-02 4.802118521183729172e-03 4.564759880304336548e-02 1.049939077347517014e-03 4.379552975296974182e-02 5.938435904681682587e-03 1.333838887512683868e-02 2.087744139134883881e-02 1.105928327888250351e-02 5.196293070912361145e-02 9.066023677587509155e-02 5.011728778481483459e-02 5.228878557682037354e-02 8.293868042528629303e-03 4.109124839305877686e-02 2.127770520746707916e-02 4.592064768075942993e-02 1.900671049952507019e-02 6.278872489929199219e-02 1.964493691921234131e-01 1.331790834665298462e-01 1.825033687055110931e-02 1.091427728533744812e-02 5.955557525157928467e-02 5.697705596685409546e-02 4.016536846756935120e-02 1.947828335687518120e-03 3.902218490839004517e-02 2.734882384538650513e-02 1.056598732247948647e-03 4.904568940401077271e-02 3.695743856951594353e-03 2.759660035371780396e-02 5.225238949060440063e-02 4.575622081756591797e-02 6.194346025586128235e-02 4.100634530186653137e-02 5.396521091461181641e-02 6.474851816892623901e-02 3.573108837008476257e-02 2.557604014873504639e-02 3.512888029217720032e-02 8.065122179687023163e-03 3.856202354654669762e-03 2.987087145447731018e-02 8.903084322810173035e-03 9.916014969348907471e-03 1.943759620189666748e-02 8.366871625185012817e-02 4.953651875257492065e-02 5.390162696130573750e-04 5.099627003073692322e-02 4.039354249835014343e-02 4.202997684478759766e-02 5.142700392752885818e-03 1.057849545031785965e-02 6.898416578769683838e-02 4.113508760929107666e-02 3.653706982731819153e-02 4.080461710691452026e-02 2.399785816669464111e-02 3.480502218008041382e-02 8.839853852987289429e-02 2.073382772505283356e-02 4.592789802700281143e-03 9.022745303809642792e-03 3.871053829789161682e-02 1.452546119689941406e-01 6.751732528209686279e-02 4.641405865550041199e-02 2.332204394042491913e-02 2.520632464438676834e-03 2.488824538886547089e-02 1.754416897892951965e-02 1.729902625083923340e-02 1.016816198825836182e-01 1.196880359202623367e-02 6.669282913208007812e-02 5.577529594302177429e-02 4.152325540781021118e-02 8.900856599211692810e-03 5.711168632842600346e-04 1.641475223004817963e-02 2.933463081717491150e-02 6.293201353400945663e-03 3.973843157291412354e-02 6.898831576108932495e-02 5.880649760365486145e-02 5.865002516657114029e-03
1.698480919003486633e-02 5.181277915835380554e-02 4.188964143395423889e-02 1.356853079050779343e-02 1.547920797020196915e-02 1.980449855327606201e-01 7.046032696962356567e-02 1.991851814091205597e-02 1.628581620752811432e-02 4.511890187859535217e-02 4.708848893642425537e-02 6.899115443229675293e-02 1.018268391489982605e-01 1.840974763035774231e-02 6.402564793825149536e-02 2.578188665211200714e-02 6.280597764998674393e-03 6.891628354787826538e-02 1.027348414063453674e-01 3.751607378944754601e-03 1.613902859389781952e-02 4.027851670980453491e-02 2.563991397619247437e-02 2.693593036383390427e-03 3.123914450407028198e-02 3.549474477767944336e-02 3.068663878366351128e-03 3.780420171096920967e-03 3.354983031749725342e-02 3.335008397698402405e-02 6.534812599420547485e-02 8.161535859107971191e-02 2.658835239708423615e-02 1.506198011338710785e-02 2.453841641545295715e-02 5.968222767114639282e-02 4.000050574541091919e-02 3.939530253410339355e-02 3.486490622162818909e-02 5.555854737758636475e-02 3.596188127994537354e-02 4.726282134652137756e-02 1.609369763173162937e-03 4.285448789596557617e-02 1.185789518058300018e-02 7.264606188982725143e-03 6.556642055511474609e-02 1.424383223056793213e-01 1.055929251015186310e-02 3.285063803195953369e-02 2.673943340778350830e-02 4.935278370976448059e-02 3.982844064012169838e-04 2.324759401381015778e-02 6.657373160123825073e-02 3.569386899471282959e-03 7.491142302751541138e-02 7.223648577928543091e-02 7.388885319232940674e-02 4.905059933662414551e-02 2.664247527718544006e-02 3.150979429483413696e-02 7.680264860391616821e-02 5.110388621687889099e-03 4.786471650004386902e-02 1.051282882690429688e-01 4.305857792496681213e-02 1.649266295135021210e-02 2.103934437036514282e-02 3.765891073271632195e-03 2.689878270030021667e-02 6.263236701488494873e-02 6.322005391120910645e-02 5.133650731295347214e-03 6.776031851768493652e-02 1.741422340273857117e-03 4.029391799122095108e-03 1.263355743139982224e-02 3.453708067536354065e-02 4.207688942551612854e-02 3.237297758460044861e-02 2.251237817108631134e-02 7.664525881409645081e-03 2.310685440897941589e-02 3.410183265805244446e-02 2.947812899947166443e-02 5.621528998017311096e-02 1.611226052045822144e-02 1.814408041536808014e-02 3.308524936437606812e-02 2.395734004676342010e-02 6.866977363824844360e-02 8.540434390306472778e-02 6.958173215389251709e-02 5.416235327720642090e-02 3.041456453502178192e-02 9.338617324829101562e-02 3.024678444489836693e-03 3.572139830794185400e-04 2.492297999560832977e-02 3.068039892241358757e-03 1.569667272269725800e-02 7.826019078493118286e-03 4.152153059840202332e-02 5.498895794153213501e-02 2.225824445486068726e-02 2.004918176680803299e-03 5.436941981315612793e-02 5.092685576528310776e-03 2.759650908410549164e-02 2.749429829418659210e-02 2.647493407130241394e-02 2.686955593526363373e-02 4.183562006801366806e-03 7.438458036631345749e-03 7.285084109753370285e-03
4.876342415809631348e-02 4.107062704861164093e-03 7.150062918663024902e-02 3.482192009687423706e-02 1.101124659180641174e-02 2.617487311363220215e-02 1.991851814091205597e-02 4.866214096546173096e-02 3.142793104052543640e-02 5.405453592538833618e-02 3.183625265955924988e-02 8.837001398205757141e-03 3.200822323560714722e-02 2.861684188246726990e-02 1.113817393779754639e-01 4.596598073840141296e-02 1.687739044427871704e-02 2.968104369938373566e-02 4.989882558584213257e-02 4.621953144669532776e-02 1.915775984525680542e-02 7.256082445383071899e-02 2.871884033083915710e-02 6.910995580255985260e-03 3.890926763415336609e-02 1.364922337234020233e-02 1.607036031782627106e-02 7.666961103677749634e-02 1.311957556754350662e-02 1.117588486522436142e-02 2.250917255878448486e-02 3.046793863177299500e-02 1.786779612302780151e-02 3.773334622383117676e-02 6.853527575731277466e-02 4.772928543388843536e-03 4.701063781976699829e-02 3.154575824737548828e-02 2.298872219398617744e-03 4.656121134757995605e-02 6.150430813431739807e-02 3.044218383729457855e-02 8.872179314494132996e-03 5.803464725613594055e-02 1.538734696805477142e-02 4.584329947829246521e-02 2.086932957172393799e-02 2.946393750607967377e-02 1.379139139316976070e-03 1.864185184240341187e-02 6.563237309455871582e-02 2.079879865050315857e-03 6.663557142019271851e-02 2.255865000188350677e-02 7.252852898091077805e-03 3.431897982954978943e-02 3.933147341012954712e-02 3.779108868911862373e-03 4.824796691536903381e-02 7.983310148119926453e-03 1.268983911722898483e-02 3.034646250307559967e-02 5.309897474944591522e-03 9.219146519899368286e-02 8.444189094007015228e-03 4.785300698131322861e-03 6.133143603801727295e-02 9.827186167240142822e-02 5.331969261169433594e-02 2.273123897612094879e-02 1.397498510777950287e-02 6.816834211349487305e-04 3.788047656416893005e-02 5.059023201465606689e-02 2.945358492434024811e-02 7.411184906959533691e-02 3.332883864641189575e-02 3.867520485073328018e-03 3.215381130576133728e-02 1.532991975545883179e-02 1.825483292341232300e-01 1.823798418045043945e-01 2.247975021600723267e-02 1.906345598399639130e-02 5.298838019371032715e-02 3.888246044516563416e-02 6.972178816795349121e-02 9.030523896217346191e-02 3.751946613192558289e-03 4.359741881489753723e-02 7.074977736920118332e-03 3.556470200419425964e-02 5.913502071052789688e-03 3.728838264942169189e-02 3.492609784007072449e-02 4.795378074049949646e-02 4.986073821783065796e-02 3.237393498420715332e-02 2.496526390314102173e-02 3.014956600964069366e-02 2.473888359963893890e-02 3.289069980382919312e-02 2.653847075998783112e-02 2.160546742379665375e-02 3.174058347940444946e-02 2.464914135634899139e-02 6.505880155600607395e-04 2.132621593773365021e-02 8.352649211883544922e-02 1.953496225178241730e-02 6.953991949558258057e-02 5.158373713493347168e-02 1.937000826001167297e-02 4.065386578440666199e-02 2.376799657940864563e-02 1.697427406907081604e-02
3.069206327199935913e-02 9.186801500618457794e-03 1.707253977656364441e-02 5.658273026347160339e-02 4.504908993840217590e-02 3.972581773996353149e-02 1.628581620752811432e-02 3.142793104052543640e-02 3.757978975772857666e-02 8.052466809749603271e-02 3.166709840297698975e-02 8.726844936609268188e-02 8.805112447589635849e-04 1.070229429751634598e-02 4.821857437491416931e-02 1.096435356885194778e-02 8.315235376358032227e-02 5.073398817330598831e-03 3.796388953924179077e-02 4.262738861143589020e-03 1.526241749525070190e-02 3.520146012306213379e-02 7.089144736528396606e-02 7.435925770550966263e-03 1.796508207917213440e-02 5.210811644792556763e-02 4.356821253895759583e-02 3.887792304158210754e-02 1.241335459053516388e-02 6.569365411996841431e-02 4.916856437921524048e-02 2.971380203962326050e-02 3.038725256919860840e-02 1.832575537264347076e-02 1.984654553234577179e-02 3.541307523846626282e-02 1.393295079469680786e-02 2.464871108531951904e-02 5.815110355615615845e-02 6.721891462802886963e-02 6.659737322479486465e-03 2.276251837611198425e-02 2.518789842724800110e-02 8.476066589355468750e-02 4.466674104332923889e-02 1.379573717713356018e-02 1.345907710492610931e-02 2.795372158288955688e-02 2.091657370328903198e-02 5.314628034830093384e-02 1.381699839839711785e-04 1.285261660814285278e-01 6.897220015525817871e-02 2.107762545347213745e-02 4.282791540026664734e-02 1.276082694530487061e-01 2.900730259716510773e-02 7.973086088895797729e-02 5.249073728919029236e-03 7.138902693986892700e-02 2.395815774798393250e-02 5.093022808432579041e-02 8.548497408628463745e-02 8.818144351243972778e-02 4.130408540368080139e-02 3.225557133555412292e-02 2.416774630546569824e-02 1.602829992771148682e-02 7.452199608087539673e-02 1.018131449818611145e-01 1.070917919278144836e-01 7.163185626268386841e-02 2.854077890515327454e-02 2.950393036007881165e-02 5.766550824046134949e-02 7.523854076862335205e-02 2.445123493671417236e-01 1.967151276767253876e-02 4.383549839258193970e-02 7.676629722118377686e-02 2.544691972434520721e-02 5.544125661253929138e-02 7.674214988946914673e-02 3.111248277127742767e-02 2.284672111272811890e-02 1.583896577358245850e-02 1.084115169942378998e-02 9.063371457159519196e-03 7.849074155092239380e-02 9.016125649213790894e-02 5.263212602585554123e-03 3.639167919754981995e-02 6.083931773900985718e-02 1.068678312003612518e-02 6.493093445897102356e-03 4.937404021620750427e-02 5.763810127973556519e-02 9.021264314651489258e-02 1.541383312542166095e-06 4.484483972191810608e-02 1.931250444613397121e-03 7.713092025369405746e-03 1.960852183401584625e-02 2.269376255571842194e-02 6.545802205801010132e-02 7.730545848608016968e-02 6.906183809041976929e-02 3.621582314372062683e-02 3.003557585179805756e-02 2.159931464120745659e-03 4.953729454427957535e-03 8.861185982823371887e-03 2.529696561396121979e-02 2.710823900997638702e-02 1.005591475404798985e-03 2.972470410168170929e-02
3.576670587062835693e-02 1.570066809654235840e-02 4.150570929050445557e-02 5.331946164369583130e-02 2.864852175116539001e-02 9.144366718828678131e-03 4.511890187859535217e-02 5.405453592538833618e-02 8.052466809749603271e-02 3.909737989306449890e-02 1.673855818808078766e-02 3.541095927357673645e-02 4.441109672188758850e-02 1.840382441878318787e-02 1.085983496159315109e-02 3.899358585476875305e-02 1.201105564832687378e-01 2.348973602056503296e-02 1.061708852648735046e-02 4.296754195820540190e-05 4.377797245979309082e-02 3.302013874053955078e-02 5.498193204402923584e-02 1.007073968648910522e-01 3.167134523391723633e-02 7.557068020105361938e-03 2.729994617402553558e-02 1.264946535229682922e-02 3.211996704339981079e-02 2.651440212503075600e-03 1.846934109926223755e-02 1.907109282910823822e-02 8.210775442421436310e-03 4.710776358842849731e-02 6.111564487218856812e-02 8.467227220535278320e-03 3.616312146186828613e-02 5.913864448666572571e-02 3.300483897328376770e-02 5.367249250411987305e-02 2.583696506917476654e-02 4.740591719746589661e-02 4.922965914011001587e-02 4.476507008075714111e-02 4.711524024605751038e-02 3.468529134988784790e-02 2.660387894138693810e-03 1.410985016264021397e-03 3.812800347805023193e-02 2.189414808526635170e-03 8.146528154611587524e-02 5.471976473927497864e-02 1.529045403003692627e-02 2.065639756619930267e-02 2.465641126036643982e-02 4.864298924803733826e-02 3.479968383908271790e-02 3.495639562606811523e-02 4.229827597737312317e-02 4.967802390456199646e-02 2.935725729912519455e-03 2.077587135136127472e-02 2.264211699366569519e-02 5.316515639424324036e-02 3.026049816980957985e-04 4.486054182052612305e-03 1.589148771017789841e-03 2.716018632054328918e-02 5.643840506672859192e-02 8.097189664840698242e-02 7.633815705776214600e-02 2.170362882316112518e-02 4.316708818078041077e-02 7.248090207576751709e-02 1.542549766600131989e-02 4.212342202663421631e-03 1.480956748127937317e-02 1.640984714031219482e-01 1.494549494236707687e-02 3.038215450942516327e-02 6.569692492485046387e-02 4.942850675433874130e-03 2.625291049480438232e-02 1.340330578386783600e-02 2.561881765723228455e-02 6.947704404592514038e-02 2.360069565474987030e-02 2.118500508368015289e-02 7.228716462850570679e-02 7.700042426586151123e-02 2.828408591449260712e-02 6.253922730684280396e-02 5.320610851049423218e-02 3.387065138667821884e-03 3.513667732477188110e-02 5.761076137423515320e-02 6.830295082181692123e-03 6.362444907426834106e-02 5.141639616340398788e-03 2.147942222654819489e-02 3.249308094382286072e-02 4.124971851706504822e-02 2.172930352389812469e-02 1.573419012129306793e-02 4.922663792967796326e-02 2.315426804125308990e-02 4.709830973297357559e-03 3.402391914278268814e-03 7.191234827041625977e-02 3.042253432795405388e-03 2.135618962347507477e-02 8.322324603796005249e-03 6.018652347847819328e-04 4.205889534205198288e-03 1.672215200960636139e-02 2.543517760932445526e-02
2.054311037063598633e-01 9.990904480218887329e-02 2.407035790383815765e-02 4.854598548263311386e-03 6.446422543376684189e-03 1.141327694058418274e-01 4.708848893642425537e-02 3.183625265955924988e-02 3.166709840297698975e-02 1.673855818808078766e-02 9.379532188177108765e-02 8.330667018890380859e-02 1.080336570739746094e-01 5.029846727848052979e-02 3.041741251945495605e-02 3.370449319481849670e-02 4.070171341300010681e-02 1.288460195064544678e-01 5.436823889613151550e-02 5.124432966113090515e-03 1.310510840266942978e-02 9.174493700265884399e-02 4.662228375673294067e-02 6.116278842091560364e-02 4.182930663228034973e-02 4.441878572106361389e-02 5.722498148679733276e-02 3.270548954606056213e-02 3.065246902406215668e-02 5.664542317390441895e-02 5.066509917378425598e-02 1.720049791038036346e-02 1.694564707577228546e-03 5.527285393327474594e-03 1.881664618849754333e-02 4.126493632793426514e-02 3.667132556438446045e-02 4.849643260240554810e-02 5.228707566857337952e-02 5.137716606259346008e-02 3.272178769111633301e-02 2.352975495159626007e-02 3.321535768918693066e-04 2.292815968394279480e-02 1.486605964601039886e-02 1.844345591962337494e-02 1.076011955738067627e-01 6.192295998334884644e-02 7.698889239691197872e-04 2.492728643119335175e-02 9.032628498971462250e-03 3.427185118198394775e-02 9.354129433631896973e-03 3.747172653675079346e-02 1.649120077490806580e-02 2.930934913456439972e-02 6.617186218500137329e-02 1.399356126785278320e-02 2.654374763369560242e-02 7.099233567714691162e-02 5.896351486444473267e-02 3.570364415645599365e-02 4.160309955477714539e-02 4.513793811202049255e-02 1.079523041844367981e-01 6.624812632799148560e-02 4.357904568314552307e-02 1.442144531756639481e-02 4.993676207959651947e-03 6.967400014400482178e-02 2.279108623042702675e-03 1.589081436395645142e-02 3.550243377685546875e-02 1.712135411798954010e-02 4.932441283017396927e-03 5.147916823625564575e-02 3.262489289045333862e-02 2.656648680567741394e-02 1.036261324770748615e-03 3.290755301713943481e-02 2.517504058778285980e-02 3.279616311192512512e-02 6.973488256335258484e-03 4.763841629028320312e-02 7.061808370053768158e-03 1.823278889060020447e-02 2.786438539624214172e-02 2.990678697824478149e-02 5.780344828963279724e-02 3.329692035913467407e-02 2.565833367407321930e-02 9.370607882738113403e-02 4.519687220454216003e-02 6.465670187026262283e-03 2.928787097334861755e-02 3.149795113131403923e-03 4.885778948664665222e-02 2.407544851303100586e-02 2.901486121118068695e-02 1.569356070831418037e-03 5.990974605083465576e-02 3.174519166350364685e-02 4.265210404992103577e-02 2.113559097051620483e-02 1.485958322882652283e-02 1.357979793101549149e-02 5.372582469135522842e-03 1.894417963922023773e-02 5.636501125991344452e-03 1.655953354202210903e-03 3.789409622550010681e-02 3.639402985572814941e-02 8.265734463930130005e-02 1.140867359936237335e-02 2.405576594173908234e-02 4.635166004300117493e-02
5.828925594687461853e-02 4.377843067049980164e-02 5.791445821523666382e-02 4.602340236306190491e-02 4.345620109234005213e-04 5.303359776735305786e-02 6.899115443229675293e-02 8.837001398205757141e-03 8.726844936609268188e-02 3.541095927357673645e-02 8.330667018890380859e-02 1.092322021722793579e-01 5.246492102742195129e-02 2.092206031084060669e-01 1.593034155666828156e-02 5.071662738919258118e-02 5.638254061341285706e-02 4.635293781757354736e-02 3.616097196936607361e-02 2.765555307269096375e-02 9.994026273488998413e-03 1.238044817000627518e-02 1.481660306453704834e-01 1.020187586545944214e-01 4.308576136827468872e-02 4.301449283957481384e-02 6.584838032722473145e-03 1.374611854553222656e-01 3.154484927654266357e-02 1.046934276819229126e-01 4.008281603455543518e-02 3.233299776911735535e-02 3.718569874763488770e-02 1.701677776873111725e-02 4.901905357837677002e-02 3.256019204854965210e-02 2.546817623078823090e-02 6.453770399093627930e-02 9.488503448665142059e-03 2.323710173368453979e-02 1.440092362463474274e-02 2.073126472532749176e-02 2.828446403145790100e-02 4.636588692665100098e-02 1.594940945506095886e-02 3.819289058446884155e-02 4.943208023905754089e-02 2.397592924535274506e-02 2.795341657474637032e-03 8.337077498435974121e-02 7.461458444595336914e-02 5.213334411382675171e-02 6.817303597927093506e-02 5.175291001796722412e-02 7.859442383050918579e-02 8.510961383581161499e-02 3.829173743724822998e-02 4.258171096444129944e-02 1.414182502776384354e-02 5.076292157173156738e-02 2.203921414911746979e-02 8.843589574098587036e-02 1.532153412699699402e-02 4.402401298284530640e-02 4.070205241441726685e-02 1.924134977161884308e-02 2.287313714623451233e-02 1.117296889424324036e-02 5.355268716812133789e-02 3.393148363102227449e-04 5.664612352848052979e-02 2.188749425113201141e-02 2.338558994233608246e-02 3.532356023788452148e-02 5.219831946305930614e-04 7.167989015579223633e-02 1.159070208668708801e-01 2.328378707170486450e-02 3.077684901654720306e-02 5.062544718384742737e-02 2.689049579203128815e-02 6.669189780950546265e-03 4.681241512298583984e-02 5.686673149466514587e-02 4.259764775633811951e-02 4.631336405873298645e-02 4.950253292918205261e-02 9.992123581469058990e-03 1.124139055609703064e-01 4.736973345279693604e-02 2.064475789666175842e-02 6.776721775531768799e-02 4.586493968963623047e-02 5.275583267211914062e-02 7.955894619226455688e-02 7.010949403047561646e-02 4.038338735699653625e-02 4.906483367085456848e-02 1.600666530430316925e-02 1.763677224516868591e-02 3.428941965103149414e-02 1.584300212562084198e-02 4.320665448904037476e-02 2.096090279519557953e-02 2.458423189818859100e-02 3.658003360033035278e-02 4.171865805983543396e-02 1.400717999786138535e-02 1.930220797657966614e-02 3.681949526071548462e-02 1.102257799357175827e-02 1.653183624148368835e-02 4.494579881429672241e-02 4.974585026502609253e-04 3.382385894656181335e-02 5.392334423959255219e-03
1.010599732398986816e-01 1.768707782030105591e-01 8.227609097957611084e-03 7.196639664471149445e-03 5.081428587436676025e-02 9.035198390483856201e-02 1.018268391489982605e-01 3.200822323560714722e-02 8.805112447589635849e-04 4.441109672188758850e-02 1.080336570739746094e-01 5.246492102742195129e-02 9.745661914348602295e-02 5.860922485589981079e-02 2.753301337361335754e-02 5.242887139320373535e-02 1.954694278538227081e-02 9.280185401439666748e-02 5.009527876973152161e-02 7.236283738166093826e-03 3.237534314393997192e-02 3.125040605664253235e-02 2.970833517611026764e-02 5.597780272364616394e-02 3.758306428790092468e-02 3.364636376500129700e-02 4.618408903479576111e-02 4.821812734007835388e-03 1.167078763246536255e-01 3.666293108835816383e-03 7.179167866706848145e-02 5.121742188930511475e-02 2.953535690903663635e-02 3.680387511849403381e-02 2.419992908835411072e-02 7.078947126865386963e-02 8.652552962303161621e-02 1.302306633442640305e-02 5.591113492846488953e-02 4.329570382833480835e-02 3.282899037003517151e-02 4.700030665844678879e-03 1.515834592282772064e-02 7.482003420591354370e-02 9.808111935853958130e-03 2.134515531361103058e-02 5.565090104937553406e-02 1.086635068058967590e-01 2.443487197160720825e-02 3.033971227705478668e-02 2.681186795234680176e-02 3.103177761659026146e-03 4.484632518142461777e-03 5.504876608029007912e-04 1.359683834016323090e-02 5.125064030289649963e-02 6.711408495903015137e-02 4.056699573993682861e-02 2.906021103262901306e-02 2.947064116597175598e-02 2.322291955351829529e-02 8.207226172089576721e-03 5.314554087817668915e-03 1.081345137208700180e-02 2.738066762685775757e-02 1.206810623407363892e-01 5.517783015966415405e-02 6.172265857458114624e-02 1.109989732503890991e-02 2.519941423088312149e-03 4.225526377558708191e-02 4.978642240166664124e-02 4.855866357684135437e-02 5.174671486020088196e-02 1.535321492701768875e-02 2.207015873864293098e-03 5.858586728572845459e-02 1.625975407660007477e-02 6.249335128813982010e-04 5.870655179023742676e-03 3.187211975455284119e-02 2.962781302630901337e-02 2.414127625524997711e-02 6.695395708084106445e-02 4.183783754706382751e-02 1.135662663727998734e-02 9.699512273073196411e-03 5.308806523680686951e-02 1.120718941092491150e-01 4.317815974354743958e-02 5.126751214265823364e-02 3.092389553785324097e-02 9.312666207551956177e-02 3.913115337491035461e-02 4.619321599602699280e-02 2.848552912473678589e-02 3.768324106931686401e-02 2.789915166795253754e-02 1.916108466684818268e-02 4.438347532413899899e-04 4.354629293084144592e-02 2.049831673502922058e-02 4.491880908608436584e-02 5.897569935768842697e-03 1.686284132301807404e-02 1.849441439844667912e-03 7.052908651530742645e-03 7.082559634000062943e-03 8.493460714817047119e-03 1.268404070287942886e-02 3.462484572082757950e-03 9.278981946408748627e-03 3.225345909595489502e-02 1.044083107262849808e-02 4.038716480135917664e-02 3.591829910874366760e-02
