1.415484249591827393e-01 1.048794165253639221e-01 2.755326218903064728e-02 1.782171055674552917e-02 1.148245576769113541e-02 1.156214326620101929e-01 7.999966293573379517e-02 2.176235988736152649e-02 2.217880636453628540e-02 3.354583680629730225e-02 1.241087242960929871e-01 3.681262955069541931e-02 9.954874217510223389e-02 2.176105044782161713e-02 3.740962594747543335e-02 4.178059753030538559e-03 7.552839349955320358e-03 1.438760198652744293e-02 3.473325446248054504e-02 3.205636283382773399e-03 1.586632616817951202e-02 2.001851610839366913e-02 1.608529873192310333e-02 1.130764372646808624e-03 2.701940946280956268e-02 4.393386840820312500e-02 1.950797252357006073e-02 4.882803186774253845e-02 4.103104770183563232e-02 1.184423081576824188e-02 3.184105083346366882e-02 1.784928701817989349e-02 1.572941802442073822e-02 1.866843923926353455e-02 3.923556581139564514e-02 2.430174686014652252e-02 2.289312978973612189e-04 2.005306817591190338e-02 1.717707887291908264e-02 7.519834674894809723e-03 2.569390460848808289e-02 1.830578595399856567e-02 5.166946724057197571e-02 6.311769038438796997e-02 6.633297353982925415e-02 6.796549260616302490e-02 1.013362407684326172e-01 6.624942272901535034e-02 1.100939139723777771e-02 2.740285359323024750e-02 3.101544268429279327e-02 6.041193846613168716e-03 6.807990837842226028e-03 4.529357887804508209e-03 4.127479624003171921e-03 4.126165062189102173e-03 4.558514058589935303e-02 2.652358636260032654e-02 3.526224195957183838e-02 1.244673226028680801e-02 7.235005497932434082e-03 2.537140436470508575e-02 1.561992056667804718e-02 3.176597878336906433e-02 4.009711742401123047e-02 3.925850987434387207e-02 3.829101333394646645e-03 1.009983476251363754e-02 3.097030334174633026e-02 3.164691105484962463e-02 6.036316603422164917e-02 1.394575834274291992e-02 1.580777205526828766e-02 4.137774929404258728e-02 6.959813181310892105e-03 3.189756069332361221e-03 3.385930508375167847e-02 3.888483345508575439e-02 5.539269372820854187e-02 2.638749778270721436e-02 4.448559880256652832e-02 3.371726348996162415e-02 1.553883589804172516e-02 2.676578983664512634e-02 1.848360523581504822e-02 1.367818564176559448e-03 7.170778233557939529e-03 4.542956873774528503e-02 1.275004167109727859e-02 5.092660710215568542e-02 6.390658020973205566e-02 3.497951477766036987e-02 2.937610074877738953e-02 4.866619594395160675e-03 4.919907078146934509e-03 4.578762128949165344e-02 2.482186630368232727e-02 1.848309487104415894e-02 3.916682209819555283e-03 2.398312278091907501e-02 5.937926843762397766e-02 2.327052317559719086e-02 8.109683170914649963e-03 5.265114828944206238e-03 1.493889722041785717e-03 5.730088800191879272e-03 4.811935499310493469e-02 3.896113485097885132e-02 2.863703109323978424e-02 4.295857250690460205e-02 4.149999096989631653e-02 5.739211570471525192e-03 1.417501177638769150e-02 5.178759805858135223e-03 3.602023934945464134e-03 3.447584807872772217e-02
1.048794165253639221e-01 1.412345021963119507e-01 1.565519534051418304e-02 3.513063862919807434e-02 2.172419428825378418e-02 1.460336595773696899e-01 1.272966861724853516e-01 4.631391540169715881e-02 2.691632695496082306e-02 5.556131526827812195e-02 8.959152549505233765e-02 3.950437158346176147e-02 9.417255967855453491e-02 1.032473798841238022e-02 9.790377691388130188e-03 4.556967469397932291e-04 1.534875668585300446e-02 3.340597497299313545e-03 1.083100028336048126e-02 6.174513604491949081e-03 2.158880792558193207e-02 3.826074674725532532e-02 2.187654934823513031e-02 1.450492441654205322e-02 1.510398462414741516e-02 2.398606576025485992e-02 2.823171950876712799e-02 6.026088446378707886e-02 2.798727154731750488e-02 2.398960478603839874e-02 3.643367812037467957e-02 2.137631922960281372e-02 1.922309212386608124e-02 3.772819181904196739e-03 2.128860913217067719e-02 3.102992847561836243e-02 1.716625690460205078e-02 2.517673000693321228e-02 3.063178807497024536e-02 1.057981140911579132e-02 3.690700978040695190e-02 1.028318144381046295e-02 5.712001398205757141e-02 2.741158381104469299e-02 7.370346784591674805e-02 3.419107943773269653e-02 1.040745601058006287e-01 3.964192047715187073e-02 5.490819457918405533e-04 6.158460397273302078e-03 6.378834694623947144e-02 2.258087694644927979e-02 1.223705429583787918e-02 2.961072372272610664e-03 6.345759611576795578e-03 2.541486360132694244e-02 4.890854656696319580e-02 2.186230011284351349e-02 4.223645105957984924e-02 6.786025594919919968e-03 2.930528111755847931e-02 1.205993816256523132e-02 1.779812574386596680e-02 4.034911468625068665e-02 2.647081948816776276e-02 2.736973203718662262e-02 5.584249272942543030e-03 2.421629056334495544e-02 2.293805032968521118e-02 7.384848594665527344e-02 5.636640638113021851e-02 3.743270412087440491e-02 1.574119366705417633e-02 4.472707957029342651e-02 1.570320501923561096e-02 4.758359491825103760e-02 2.945358306169509888e-02 3.476952761411666870e-02 4.874438419938087463e-02 2.739753760397434235e-02 3.238377720117568970e-02 1.947480067610740662e-02 6.059150211513042450e-03 2.309836074709892273e-02 1.764116995036602020e-02 1.123903691768646240e-02 1.065234560519456863e-02 4.424270987510681152e-02 1.045831199735403061e-02 7.789413630962371826e-02 4.890625923871994019e-02 2.409600093960762024e-02 7.453455589711666107e-03 3.013239987194538116e-02 8.435120980720967054e-05 4.649398475885391235e-02 6.891543045639991760e-03 3.083287365734577179e-02 3.415419021621346474e-03 1.678583770990371704e-02 4.459378868341445923e-02 2.586559019982814789e-02 3.239776939153671265e-02 1.971806958317756653e-02 2.792206592857837677e-02 2.241232991218566895e-02 4.316585883498191833e-02 4.043093696236610413e-02 8.805648423731327057e-03 3.410084545612335205e-02 5.561466142535209656e-02 1.713595353066921234e-02 1.906180754303932190e-02 5.238208359514828771e-06 9.987796656787395477e-03 3.562157973647117615e-02
2.755326218903064728e-02 1.565519534051418304e-02 3.536615148186683655e-02 3.512369468808174133e-02 7.648298051208257675e-03 1.357202418148517609e-02 3.129663690924644470e-02 2.510482668876647949e-01 4.705224186182022095e-03 1.069804374128580093e-02 6.752659566700458527e-03 1.509426347911357880e-02 1.258841063827276230e-02 3.358469530940055847e-02 8.870267309248447418e-03 2.875602617859840393e-02 9.578038938343524933e-03 8.404716104269027710e-02 4.795852676033973694e-02 1.137584447860717773e-01 5.250700190663337708e-02 4.448219388723373413e-02 9.605899453163146973e-03 4.616750869899988174e-03 7.046866416931152344e-02 4.600097611546516418e-02 3.852451965212821960e-02 2.180010639131069183e-02 7.504431530833244324e-03 2.592270961031317711e-03 2.777041867375373840e-02 4.340752214193344116e-02 3.824444115161895752e-02 3.253428637981414795e-02 3.185945376753807068e-02 1.630392484366893768e-02 1.301959040574729443e-03 2.203025482594966888e-02 1.032829470932483673e-02 3.637151420116424561e-02 3.116352111101150513e-02 4.907109588384628296e-02 4.338467866182327271e-02 4.026837274432182312e-02 5.324351042509078979e-02 3.382389992475509644e-02 1.861306256614625454e-03 3.292239829897880554e-02 4.553643241524696350e-02 1.682170666754245758e-02 4.086880385875701904e-02 4.851224273443222046e-02 5.413963273167610168e-02 3.334462642669677734e-02 6.951398402452468872e-02 1.486459467560052872e-02 2.872677706182003021e-02 1.975389383733272552e-02 3.206973150372505188e-02 3.562091849744319916e-03 5.915872380137443542e-02 3.696426004171371460e-02 1.384465140290558338e-03 5.093274265527725220e-02 1.295115239918231964e-02 4.040084779262542725e-02 1.486047822982072830e-02 1.960121281445026398e-02 1.473879907280206680e-02 1.094292849302291870e-02 3.721595183014869690e-02 8.353029377758502960e-03 2.646241337060928345e-02 6.188189238309860229e-02 1.243986189365386963e-02 2.311152592301368713e-02 5.342486314475536346e-03 7.619399577379226685e-02 2.197315543889999390e-02 1.927326247096061707e-02 2.183262258768081665e-01 1.154043450951576233e-01 1.966736046597361565e-03 4.175186157226562500e-02 4.113841429352760315e-02 3.645737655460834503e-03 6.184692308306694031e-02 2.460966352373361588e-03 4.511784762144088745e-03 5.930531769990921021e-02 1.120186690241098404e-02 6.726861745119094849e-02 1.156770531088113785e-02 2.729814499616622925e-02 1.142697315663099289e-02 7.011951506137847900e-02 7.045128941535949707e-02 3.473640605807304382e-02 1.277352590113878250e-02 1.813462935388088226e-02 4.732492193579673767e-02 1.725527690723538399e-03 1.712845638394355774e-02 4.756609350442886353e-02 3.066609799861907959e-02 1.693700253963470459e-02 3.571405261754989624e-02 4.372092708945274353e-02 3.762713819742202759e-02 4.105344414710998535e-02 6.936217844486236572e-02 3.603805974125862122e-02 7.670043851248919964e-04 1.468791067600250244e-01 4.747620970010757446e-02 1.260093785822391510e-02
1.782171055674552917e-02 3.513063862919807434e-02 3.512369468808174133e-02 8.944690972566604614e-02 1.077906265854835510e-01 4.944739118218421936e-02 3.668761625885963440e-02 8.020897395908832550e-03 1.340889930725097656e-02 4.494783282279968262e-02 1.752364821732044220e-02 1.839531026780605316e-02 2.457466535270214081e-02 1.432037330232560635e-03 1.457461738027632236e-03 6.494769826531410217e-03 1.165361329913139343e-02 5.822945758700370789e-02 6.024049967527389526e-02 3.046098165214061737e-02 1.473687309771776199e-02 1.709367730654776096e-03 3.077390976250171661e-02 4.213122650980949402e-02 2.799441665410995483e-02 3.466565161943435669e-02 3.348406404256820679e-02 2.380373328924179077e-02 2.252910099923610687e-02 7.675512135028839111e-02 2.703563310205936432e-02 2.464097738265991211e-02 5.672823265194892883e-02 2.472750842571258545e-02 2.608506195247173309e-02 7.301709614694118500e-03 2.564536966383457184e-02 3.923154249787330627e-02 1.129317283630371094e-01 3.335918858647346497e-02 7.483612000942230225e-02 1.899397000670433044e-02 2.876759134232997894e-02 5.456477403640747070e-02 1.217133831232786179e-02 4.920438304543495178e-02 1.081068348139524460e-02 1.866920292377471924e-02 6.553176790475845337e-02 3.599714487791061401e-02 8.226556330919265747e-02 2.868536673486232758e-02 1.540988497436046600e-02 3.468014299869537354e-02 2.980927377939224243e-02 3.081689216196537018e-02 1.617935299873352051e-02 5.362528190016746521e-02 3.854946698993444443e-03 1.643966510891914368e-02 1.932783424854278564e-02 2.198775298893451691e-02 4.820500314235687256e-02 3.334236145019531250e-02 1.660164818167686462e-02 2.783037954941391945e-03 2.651921473443508148e-02 9.284794214181602001e-04 6.660421937704086304e-02 5.526553839445114136e-02 5.267013981938362122e-02 6.232760846614837646e-03 1.014800816774368286e-01 3.765760362148284912e-02 7.989841699600219727e-02 1.532075926661491394e-02 4.485207796096801758e-02 3.324586153030395508e-02 6.296492367982864380e-02 1.899457350373268127e-02 1.954540237784385681e-02 3.705544862896203995e-03 9.650147706270217896e-02 1.282272487878799438e-02 4.626282304525375366e-02 4.571557044982910156e-03 3.721047565340995789e-02 4.907999560236930847e-02 5.328547954559326172e-02 5.422387272119522095e-02 7.829213514924049377e-03 1.613740064203739166e-02 3.251934796571731567e-02 2.276592701673507690e-02 5.400494486093521118e-02 4.923002794384956360e-03 1.542284991592168808e-02 3.291134536266326904e-02 4.361410439014434814e-02 3.062134049832820892e-02 7.171881152316927910e-04 2.030907012522220612e-02 3.175880387425422668e-02 2.829829417169094086e-02 1.781722716987133026e-02 2.273760177195072174e-02 4.396617040038108826e-02 7.391154766082763672e-02 3.785565495491027832e-02 4.544981569051742554e-02 5.105949565768241882e-02 4.158430173993110657e-02 1.812732219696044922e-02 7.487810682505369186e-03 1.654311083257198334e-02 3.282631514593958855e-03
1.148245576769113541e-02 2.172419428825378418e-02 7.648298051208257675e-03 1.077906265854835510e-01 6.213367357850074768e-02 1.444967556744813919e-02 2.678241394460201263e-02 1.814956776797771454e-02 1.282114256173372269e-02 2.518403716385364532e-02 3.710372000932693481e-02 2.699497155845165253e-03 2.335576526820659637e-02 4.551633074879646301e-02 3.223108360543847084e-03 3.356491029262542725e-02 4.910519719123840332e-02 6.188837066292762756e-02 1.592830941081047058e-02 2.595102600753307343e-02 7.285146974027156830e-03 3.107029013335704803e-02 9.317048825323581696e-03 9.979312866926193237e-02 4.444900900125503540e-02 3.914155066013336182e-02 2.503614872694015503e-02 4.047338292002677917e-02 9.658748283982276917e-03 3.656913712620735168e-02 2.148562856018543243e-02 2.055283403024077415e-03 6.455545872449874878e-02 3.651014342904090881e-02 1.335209235548973083e-02 3.204097971320152283e-02 1.295987889170646667e-02 3.405995666980743408e-02 8.812696486711502075e-02 1.892737746238708496e-01 3.271127492189407349e-02 2.311900258064270020e-02 6.185386795550584793e-03 8.005479723215103149e-02 7.300917990505695343e-03 6.073256954550743103e-03 1.919495128095149994e-02 4.367523360997438431e-03 3.978982567787170410e-02 7.134910672903060913e-02 5.986535921692848206e-02 6.622678041458129883e-02 3.669954463839530945e-02 3.387270122766494751e-02 7.760650664567947388e-02 1.197412610054016113e-02 4.634004086256027222e-02 2.606102731078863144e-03 1.693502627313137054e-02 5.159141495823860168e-02 4.542927071452140808e-02 5.105452239513397217e-02 1.058590319007635117e-02 1.625875756144523621e-02 6.978651508688926697e-03 2.323424443602561951e-02 4.023657366633415222e-02 9.710961021482944489e-03 5.659208074212074280e-02 1.077195256948471069e-02 3.597372851800173521e-04 4.584119655191898346e-03 6.116402521729469299e-02 1.621455326676368713e-02 9.691663831472396851e-02 4.085947200655937195e-02 2.838119678199291229e-02 5.334959179162979126e-02 3.823464363813400269e-02 2.572710625827312469e-02 2.172036096453666687e-03 4.774903878569602966e-02 1.244528442621231079e-01 1.082558035850524902e-01 2.082919143140316010e-02 5.532302707433700562e-02 3.737179189920425415e-02 1.983083039522171021e-02 8.808337152004241943e-02 3.245435282588005066e-02 2.631939761340618134e-02 5.176796019077301025e-02 1.051365397870540619e-02 4.452859982848167419e-02 6.445699185132980347e-02 1.149005442857742310e-01 2.052741311490535736e-02 2.572448737919330597e-02 2.969453483819961548e-02 4.199421778321266174e-02 6.451629102230072021e-02 3.722022846341133118e-02 3.825194668024778366e-03 2.731206361204385757e-03 1.164141017943620682e-02 3.912792354822158813e-02 3.904021903872489929e-02 4.322715848684310913e-02 2.864794246852397919e-02 3.671678528189659119e-02 2.164786681532859802e-02 9.531673043966293335e-02 2.553544472903013229e-03 3.361963853240013123e-02 7.162283174693584442e-03 1.912395283579826355e-02
1.156214326620101929e-01 1.460336595773696899e-01 1.357202418148517609e-02 4.944739118218421936e-02 1.444967556744813919e-02 1.192937493324279785e-01 2.701497375965118408e-01 2.708711102604866028e-02 1.508359983563423157e-02 7.916385680437088013e-02 1.081539839506149292e-01 5.508479848504066467e-02 8.998890221118927002e-02 1.313474923372268677e-01 4.993019625544548035e-03 5.064367502927780151e-02 3.367907926440238953e-02 4.641113430261611938e-02 2.778214029967784882e-02 4.383919760584831238e-02 5.113242566585540771e-02 5.189568921923637390e-02 5.649945698678493500e-03 9.554142132401466370e-03 6.258059293031692505e-03 3.091464191675186157e-02 4.028024151921272278e-02 1.139371171593666077e-01 5.131616070866584778e-02 2.302194014191627502e-02 5.187658593058586121e-02 6.395920366048812866e-02 2.369795180857181549e-02 4.972876980900764465e-02 1.909108087420463562e-02 4.199827834963798523e-02 2.051556482911109924e-02 3.272245824337005615e-02 1.180579978972673416e-02 3.911328315734863281e-02 1.645132713019847870e-02 3.788287285715341568e-03 5.401032418012619019e-02 3.828639164566993713e-02 3.597551956772804260e-03 2.149114198982715607e-02 1.365928798913955688e-01 5.568929016590118408e-02 3.952207788825035095e-02 3.445980325341224670e-02 1.266829371452331543e-01 4.877774044871330261e-02 2.707290463149547577e-03 4.935448616743087769e-02 3.169835358858108521e-02 4.337687045335769653e-02 2.281489968299865723e-02 4.466917365789413452e-02 1.936976425349712372e-02 7.447064667940139771e-02 3.030428779311478138e-04 5.323517322540283203e-02 3.856587782502174377e-02 2.000147476792335510e-02 9.830850176513195038e-03 5.185123533010482788e-02 5.535373929888010025e-03 7.157726678997278214e-03 1.410949137061834335e-02 3.890265244990587234e-03 3.676237910985946655e-02 2.955938875675201416e-02 2.111641503870487213e-02 5.801519751548767090e-02 4.097075387835502625e-02 2.777407318353652954e-02 2.572146058082580566e-02 8.490130305290222168e-02 4.893215745687484741e-02 5.506415292620658875e-02 7.316922303289175034e-03 1.940944232046604156e-02 7.891225395724177361e-04 6.569151766598224640e-03 2.173501811921596527e-02 4.121303092688322067e-03 2.472852356731891632e-02 5.241111293435096741e-02 3.667993843555450439e-02 5.803989991545677185e-02 4.690354224294424057e-03 7.097523659467697144e-02 2.674197219312191010e-02 2.645323239266872406e-02 3.688975051045417786e-02 1.837501302361488342e-02 2.373377606272697449e-02 2.730651758611202240e-02 1.316611748188734055e-02 4.198811575770378113e-02 4.718761518597602844e-02 6.645094137638807297e-03 7.079405710101127625e-03 1.277543790638446808e-02 1.026244647800922394e-02 5.279538035392761230e-02 3.484043106436729431e-02 7.434464246034622192e-02 1.601264812052249908e-02 1.820637658238410950e-02 2.782342955470085144e-02 7.082536071538925171e-02 2.018354274332523346e-02 7.790518924593925476e-03 4.339103586971759796e-03 3.180538490414619446e-02
7.999966293573379517e-02 1.272966861724853516e-01 3.129663690924644470e-02 3.668761625885963440e-02 2.678241394460201263e-02 2.701497375965118408e-01 1.266310811042785645e-01 1.298552611842751503e-03 5.874183773994445801e-02 5.948972329497337341e-02 9.512452781200408936e-02 4.446046799421310425e-02 7.546561956405639648e-02 1.050862669944763184e-01 2.280424349009990692e-02 5.377494543790817261e-02 2.659204415977001190e-02 3.546830266714096069e-02 4.455369710922241211e-02 4.590143635869026184e-02 2.196239680051803589e-02 3.574384003877639771e-02 4.687083885073661804e-02 3.802058845758438110e-02 1.531386654824018478e-02 1.930941641330718994e-02 4.694549739360809326e-02 4.824358969926834106e-03 8.270038664340972900e-02 3.681030124425888062e-02 2.837375365197658539e-02 7.341073453426361084e-02 9.924885816872119904e-03 3.224216401576995850e-02 3.633838146924972534e-02 3.712932392954826355e-02 1.636040955781936646e-02 4.120941087603569031e-02 4.159780591726303101e-02 4.351935163140296936e-02 1.803412288427352905e-02 3.069266676902770996e-02 4.633859917521476746e-02 6.098949164152145386e-02 1.431555487215518951e-02 7.974351942539215088e-02 1.109060645103454590e-01 1.047595068812370300e-01 2.646761015057563782e-02 5.105165019631385803e-02 3.069767728447914124e-02 2.428451552987098694e-02 1.960472762584686279e-02 4.748543351888656616e-02 5.175007134675979614e-02 5.023585632443428040e-02 1.033842097967863083e-02 4.324330016970634460e-02 1.513865496963262558e-02 1.701220520772039890e-03 1.617030473425984383e-03 5.276884511113166809e-02 4.791406169533729553e-02 4.426875151693820953e-03 4.596371203660964966e-02 4.158660024404525757e-02 1.290745940059423447e-02 4.004260525107383728e-03 3.468455374240875244e-02 1.065167970955371857e-02 3.861815482378005981e-02 1.681738719344139099e-02 2.914336882531642914e-02 2.525353617966175079e-02 4.422234371304512024e-02 1.999582350254058838e-02 3.840011544525623322e-03 4.019622877240180969e-02 1.023950986564159393e-02 2.064136415719985962e-02 1.035238504409790039e-01 1.163227949291467667e-02 3.556834906339645386e-02 3.860646486282348633e-02 1.571579277515411377e-02 4.296299070119857788e-02 2.681821584701538086e-02 1.099726930260658264e-02 1.431750599294900894e-02 5.508371628820896149e-03 7.430145982652902603e-03 5.230816826224327087e-02 1.307034678757190704e-02 3.085500746965408325e-02 5.709925666451454163e-02 2.462607063353061676e-02 1.081415079534053802e-02 2.156998496502637863e-03 3.316864371299743652e-02 3.676765784621238708e-02 4.748304374516010284e-03 2.472702600061893463e-02 4.075500741600990295e-02 3.677570493891835213e-03 7.097600493580102921e-03 3.100183792412281036e-02 8.713326603174209595e-02 5.344489961862564087e-02 1.399119012057781219e-02 8.011610805988311768e-02 1.638399250805377960e-02 6.391596049070358276e-02 3.153707459568977356e-02 2.552652545273303986e-02 3.793983533978462219e-02 1.121843792498111725e-02
2.176235988736152649e-02 4.631391540169715881e-02 2.510482668876647949e-01 8.020897395908832550e-03 1.814956776797771454e-02 2.708711102604866028e-02 1.298552611842751503e-03 7.768454402685165405e-02 5.674134939908981323e-02 4.452293273061513901e-03 4.673486202955245972e-02 4.654396791011095047e-03 3.031439706683158875e-02 6.597667932510375977e-02 1.111112609505653381e-01 1.625349931418895721e-02 5.043499544262886047e-02 4.453371092677116394e-02 1.507752835750579834e-01 8.032093197107315063e-02 2.673056162893772125e-02 6.026326864957809448e-02 3.232927992939949036e-02 2.034193277359008789e-02 4.677905514836311340e-02 3.496566787362098694e-02 3.379099443554878235e-02 4.269500821828842163e-02 1.271790452301502228e-02 5.791505053639411926e-02 1.313352957367897034e-03 2.251714840531349182e-02 6.869569420814514160e-03 3.610289841890335083e-02 3.464864799752831459e-03 3.487001359462738037e-02 1.271452754735946655e-01 6.335368007421493530e-02 3.742266818881034851e-02 4.298773780465126038e-02 5.706939101219177246e-02 3.894196450710296631e-02 3.010107949376106262e-02 9.908364713191986084e-02 1.623415201902389526e-02 3.704049438238143921e-02 1.382634602487087250e-02 1.803906075656414032e-02 4.120227694511413574e-02 2.125140046700835228e-03 3.724870830774307251e-02 5.093758925795555115e-02 1.500408910214900970e-02 3.242233395576477051e-02 4.634336102753877640e-03 7.000236958265304565e-02 4.155158996582031250e-02 3.012949787080287933e-02 2.360702306032180786e-02 3.792713582515716553e-02 4.338388517498970032e-02 4.172355309128761292e-02 3.103969153016805649e-03 2.811775915324687958e-02 3.577457740902900696e-02 2.650649659335613251e-02 2.559634856879711151e-02 2.764303609728813171e-02 3.937820717692375183e-02 1.216630171984434128e-02 8.007642813026905060e-03 5.435777828097343445e-02 1.560838147997856140e-02 9.426459670066833496e-03 1.599711924791336060e-02 5.422110855579376221e-02 2.339551784098148346e-02 3.199860081076622009e-02 1.368147134780883789e-02 1.701429858803749084e-02 1.217286288738250732e-01 1.988460570573806763e-01 1.583391800522804260e-02 9.913977235555648804e-02 5.365016404539346695e-04 3.494142368435859680e-02 8.393115550279617310e-02 4.984301701188087463e-02 3.860570862889289856e-02 3.380448371171951294e-02 1.787546463310718536e-02 2.093754708766937256e-03 3.471291437745094299e-02 2.167520113289356232e-02 2.421869151294231415e-02 1.246281317435204983e-03 7.656905055046081543e-02 4.785896465182304382e-02 2.064986899495124817e-02 7.176959770731627941e-04 2.612503804266452789e-02 1.343866251409053802e-02 6.821820884943008423e-02 3.539283946156501770e-02 4.099793732166290283e-03 1.805731095373630524e-02 6.221627071499824524e-02 2.747078053653240204e-02 1.253598602488636971e-03 1.165490411221981049e-02 8.506689220666885376e-02 3.541813418269157410e-02 9.445723146200180054e-03 5.856158211827278137e-02 1.125593110918998718e-01 5.016186833381652832e-02
2.217880636453628540e-02 2.691632695496082306e-02 4.705224186182022095e-03 1.340889930725097656e-02 1.282114256173372269e-02 1.508359983563423157e-02 5.874183773994445801e-02 5.674134939908981323e-02 8.241875469684600830e-02 1.026034206151962280e-01 2.432859875261783600e-02 3.463168442249298096e-02 2.726189419627189636e-02 4.464862868189811707e-02 3.256620466709136963e-02 7.437638193368911743e-02 6.997543573379516602e-02 1.610137522220611572e-01 3.251475840806961060e-02 3.242774680256843567e-02 5.665326490998268127e-03 4.125283739995211363e-04 2.159715443849563599e-02 1.855005137622356415e-02 9.973693639039993286e-03 1.352949254214763641e-02 5.630834028124809265e-02 3.018151503056287766e-03 4.565993696451187134e-02 1.888984441757202148e-02 1.614224724471569061e-02 3.349182009696960449e-02 1.124250236898660660e-02 2.382163424044847488e-03 1.944956928491592407e-02 7.189338095486164093e-03 3.209836781024932861e-02 2.859980426728725433e-02 5.583673343062400818e-02 4.488798230886459351e-02 5.758671090006828308e-02 3.383168950676918030e-02 4.212020337581634521e-02 3.411502111703157425e-03 1.059067994356155396e-01 7.729096710681915283e-02 1.634306274354457855e-02 1.880777254700660706e-02 3.089466318488121033e-02 3.945790231227874756e-02 2.081149816513061523e-02 1.072721090167760849e-02 3.636598214507102966e-02 1.073096878826618195e-02 9.810297191143035889e-02 5.250452458858489990e-02 4.289972037076950073e-02 9.298741072416305542e-02 1.563479565083980560e-02 3.593238070607185364e-02 6.148480810225009918e-03 6.550210714340209961e-02 1.482482906430959702e-02 2.872118959203362465e-03 1.808797009289264679e-02 1.993216807022690773e-03 1.900779455900192261e-02 2.738501690328121185e-02 5.602715909481048584e-02 7.627689093351364136e-02 3.597525879740715027e-02 6.925787031650543213e-02 4.246776923537254333e-02 1.490918826311826706e-02 7.999644428491592407e-02 4.236303269863128662e-02 1.477895230054855347e-01 4.831701889634132385e-02 5.581048503518104553e-02 5.812778696417808533e-02 4.929549060761928558e-03 1.409954018890857697e-02 4.392293095588684082e-02 1.613733917474746704e-02 1.510782283730804920e-03 4.483270645141601562e-02 1.448806375265121460e-02 8.790419087745249271e-04 4.891279339790344238e-02 9.831006638705730438e-03 6.395480036735534668e-02 3.375422209501266479e-02 8.334180712699890137e-02 2.737610600888729095e-02 1.812521182000637054e-02 5.211610719561576843e-02 1.547351665794849396e-02 6.086906045675277710e-02 5.523691885173320770e-03 1.241743657737970352e-02 8.645565249025821686e-03 4.305831715464591980e-02 8.684918284416198730e-03 6.223090458661317825e-03 2.201249822974205017e-02 3.433806821703910828e-02 2.576205180957913399e-03 2.377686463296413422e-02 9.583720937371253967e-03 3.452073782682418823e-02 3.360515087842941284e-02 3.365123411640524864e-03 7.648287340998649597e-03 9.593017399311065674e-03 1.530598034150898457e-03 4.113624989986419678e-02
3.354583680629730225e-02 5.556131526827812195e-02 1.069804374128580093e-02 4.494783282279968262e-02 2.518403716385364532e-02 7.916385680437088013e-02 5.948972329497337341e-02 4.452293273061513901e-03 1.026034206151962280e-01 1.048367097973823547e-01 5.918680224567651749e-03 3.307651728391647339e-02 4.952616989612579346e-02 3.268668800592422485e-02 3.600932657718658447e-02 1.733318530023097992e-02 6.253028754144906998e-03 4.136330634355545044e-02 1.073016375303268433e-01 3.351767361164093018e-02 1.670266315340995789e-02 5.305247753858566284e-02 1.981606893241405487e-02 1.555591076612472534e-02 1.960319466888904572e-02 4.130088537931442261e-02 2.073800191283226013e-02 2.197508886456489563e-02 3.334447741508483887e-02 3.745861724019050598e-02 1.343659590929746628e-03 2.766637131571769714e-03 3.532054275274276733e-02 4.933432489633560181e-02 3.425087314099073410e-03 3.682640567421913147e-02 7.687197625637054443e-02 1.444428693503141403e-02 1.691563427448272705e-02 2.718726173043251038e-02 5.186958238482475281e-02 6.088990718126296997e-02 6.678911298513412476e-02 5.809801444411277771e-02 9.927505161613225937e-04 4.207719117403030396e-02 6.725522130727767944e-02 5.146556347608566284e-02 4.581575095653533936e-02 1.266395449638366699e-01 1.371553749777376652e-03 2.221022918820381165e-02 2.516449615359306335e-02 1.716942526400089264e-02 3.387569636106491089e-02 1.273204386234283447e-01 3.481858968734741211e-02 1.596695743501186371e-02 2.141259983181953430e-02 7.574674487113952637e-02 2.731833793222904205e-02 4.514843598008155823e-02 3.598684445023536682e-02 2.675365097820758820e-02 1.060257665812969208e-02 6.994389463216066360e-03 5.581722781062126160e-02 3.253120183944702148e-02 4.511398449540138245e-02 2.512243762612342834e-02 6.194039434194564819e-02 1.535330526530742645e-02 5.479126796126365662e-02 3.000256605446338654e-02 1.761078648269176483e-02 9.661729447543621063e-03 7.064913958311080933e-02 1.853302121162414551e-01 6.914559006690979004e-02 1.392827033996582031e-01 6.080188974738121033e-02 3.104503452777862549e-02 8.282611519098281860e-02 3.417815640568733215e-02 1.095702778548002243e-02 4.112702980637550354e-02 6.065829843282699585e-02 2.085375227034091949e-02 1.888448186218738556e-02 8.148650825023651123e-02 6.483722943812608719e-03 2.413326175883412361e-03 3.682444617152214050e-02 6.168209388852119446e-02 2.030173316597938538e-02 1.778917503543198109e-03 3.819897025823593140e-02 3.469382598996162415e-02 8.378006517887115479e-02 6.154702603816986084e-02 1.065962947905063629e-02 6.294467300176620483e-02 4.923683777451515198e-02 1.511499192565679550e-02 1.120817847549915314e-02 4.373604431748390198e-02 1.549709402024745941e-02 4.150382056832313538e-02 2.953164838254451752e-02 7.239788025617599487e-02 8.596214465796947479e-03 6.073235347867012024e-02 6.417384371161460876e-03 2.514211647212505341e-02 3.663041070103645325e-02 5.057557951658964157e-03
1.241087242960929871e-01 8.959152549505233765e-02 6.752659566700458527e-03 1.752364821732044220e-02 3.710372000932693481e-02 1.081539839506149292e-01 9.512452781200408936e-02 4.673486202955245972e-02 2.432859875261783600e-02 5.918680224567651749e-03 1.518765389919281006e-01 9.392343461513519287e-03 1.082007139921188354e-01 4.625160619616508484e-02 1.073515391908586025e-03 1.915521174669265747e-02 2.247080393135547638e-02 6.545897107571363449e-03 1.118323020637035370e-02 1.548627484589815140e-02 3.534724935889244080e-02 4.087902233004570007e-02 1.106758788228034973e-02 5.804440472275018692e-03 8.258105255663394928e-03 4.135927185416221619e-02 6.190968677401542664e-03 3.201391547918319702e-02 3.265822306275367737e-02 3.672180697321891785e-02 3.894060105085372925e-02 1.137071382254362106e-02 8.258543908596038818e-03 3.472621738910675049e-02 2.757393196225166321e-02 7.819770835340023041e-03 1.520976889878511429e-02 6.243092473596334457e-03 9.221847169101238251e-03 4.245791584253311157e-02 3.439196199178695679e-02 1.082329824566841125e-02 3.795876353979110718e-02 2.567451260983943939e-02 4.116659983992576599e-02 7.204758375883102417e-02 1.086735203862190247e-01 6.124434247612953186e-02 1.927375048398971558e-02 2.268094010651111603e-02 5.159541592001914978e-02 9.920062497258186340e-03 1.630918495357036591e-02 1.850104145705699921e-02 3.646593773737549782e-03 1.431754790246486664e-03 1.245144754648208618e-02 3.475945442914962769e-02 4.261008650064468384e-02 6.577208638191223145e-03 3.435455635190010071e-02 3.634662181138992310e-02 2.580605261027812958e-02 3.221089486032724380e-03 6.211768835783004761e-02 5.348914116621017456e-02 1.637178845703601837e-02 6.509153638035058975e-03 5.867110937833786011e-02 3.598927287384867668e-03 4.513267800211906433e-02 1.381773385219275951e-03 3.181988000869750977e-02 2.084708400070667267e-02 7.011759094893932343e-03 2.218561567133292556e-04 3.962622955441474915e-02 1.873454079031944275e-02 4.377587884664535522e-02 3.017435409128665924e-02 4.094951972365379333e-02 1.300163846462965012e-02 5.372705636546015739e-04 4.280301928520202637e-02 1.443709060549736023e-02 7.400739006698131561e-03 2.736369706690311432e-02 5.280905589461326599e-02 6.864339858293533325e-02 6.717626005411148071e-02 6.467121094465255737e-02 7.602030783891677856e-02 2.045011706650257111e-02 1.264980062842369080e-02 3.361278772354125977e-02 3.210242465138435364e-02 4.883076064288616180e-03 2.515483833849430084e-02 3.617178648710250854e-02 1.159778423607349396e-02 1.266733929514884949e-02 9.685576893389225006e-03 2.316845767199993134e-02 6.339168176054954529e-04 1.574028283357620239e-02 2.917791716754436493e-02 4.070046171545982361e-02 1.290985289961099625e-02 7.913789711892604828e-03 2.340690977871417999e-02 2.339616417884826660e-02 1.777556538581848145e-02 1.793064549565315247e-02 8.892749436199665070e-03 5.581374280154705048e-03 2.404355630278587341e-02
3.681262955069541931e-02 3.950437158346176147e-02 1.509426347911357880e-02 1.839531026780605316e-02 2.699497155845165253e-03 5.508479848504066467e-02 4.446046799421310425e-02 4.654396791011095047e-03 3.463168442249298096e-02 3.307651728391647339e-02 9.392343461513519287e-03 1.109528467059135437e-01 6.058840546756982803e-03 1.682373285293579102e-01 3.274852037429809570e-02 4.997764900326728821e-02 4.830504208803176880e-02 4.853528365492820740e-02 1.016397774219512939e-02 1.805755496025085449e-02 3.278577327728271484e-02 1.894197240471839905e-02 7.363500539213418961e-03 1.387134939432144165e-02 6.466825492680072784e-03 2.503504976630210876e-02 2.297775819897651672e-02 1.181104928255081177e-01 7.336118258535861969e-03 8.103070408105850220e-02 4.308927431702613831e-02 2.095502614974975586e-02 3.622352331876754761e-02 4.681117832660675049e-02 4.258077964186668396e-02 2.663297019898891449e-02 1.962479017674922943e-02 5.851690843701362610e-02 4.288803786039352417e-02 3.217097744345664978e-02 5.645162891596555710e-03 3.232898190617561340e-02 3.589415177702903748e-02 1.935806684195995331e-02 1.057723313570022583e-01 1.007165908813476562e-01 8.524958975613117218e-03 2.655902318656444550e-02 3.546440601348876953e-02 4.961869493126869202e-02 3.267628327012062073e-02 4.635045304894447327e-03 1.186017226427793503e-02 6.538727320730686188e-03 3.505649417638778687e-02 1.408873312175273895e-02 6.404572725296020508e-02 3.927287459373474121e-02 5.965030938386917114e-02 1.614659465849399567e-02 1.240315148606896400e-03 3.880860656499862671e-02 2.026847004890441895e-02 4.921142011880874634e-02 2.327478863298892975e-02 6.007122620940208435e-02 4.462844878435134888e-02 2.364799194037914276e-02 6.955814361572265625e-02 3.078513965010643005e-02 1.932864077389240265e-02 6.844803690910339355e-02 2.277041785418987274e-03 5.715921893715858459e-02 2.246014773845672607e-02 5.199068784713745117e-02 8.872380107641220093e-02 4.461876675486564636e-02 2.108777314424514771e-02 7.709457073360681534e-03 1.775960437953472137e-02 6.760802585631608963e-03 2.192197181284427643e-02 5.781669169664382935e-02 6.043859571218490601e-02 1.943436264991760254e-02 4.113284870982170105e-02 2.994841895997524261e-02 1.255733072757720947e-01 8.050931990146636963e-02 3.544570878148078918e-02 1.578766852617263794e-02 4.147722199559211731e-02 4.864457622170448303e-02 4.758098721504211426e-02 4.095941409468650818e-02 5.969236791133880615e-02 2.637697197496891022e-02 1.864797784946858883e-03 2.771856728941202164e-03 2.215145900845527649e-02 1.896311156451702118e-02 6.681048125028610229e-02 1.493223384022712708e-02 2.869147993624210358e-02 7.264748681336641312e-03 2.504649199545383453e-02 4.673833400011062622e-02 1.950648240745067596e-02 6.309802830219268799e-02 4.389715846627950668e-03 6.777391582727432251e-02 7.250827271491289139e-03 4.311962425708770752e-02 3.982368391007184982e-03 2.376910671591758728e-02
9.954874217510223389e-02 9.417255967855453491e-02 1.258841063827276230e-02 2.457466535270214081e-02 2.335576526820659637e-02 8.998890221118927002e-02 7.546561956405639648e-02 3.031439706683158875e-02 2.726189419627189636e-02 4.952616989612579346e-02 1.082007139921188354e-01 6.058840546756982803e-03 1.450755149126052856e-01 7.617362588644027710e-02 1.598036661744117737e-02 1.110379304736852646e-02 9.447213262319564819e-03 2.232000790536403656e-02 1.004334259778261185e-02 3.244530782103538513e-02 1.593197695910930634e-02 4.046799615025520325e-02 2.167703956365585327e-02 2.154177799820899963e-02 1.192795392125844955e-02 2.840812504291534424e-02 4.842605441808700562e-02 4.784531518816947937e-02 3.080377541482448578e-02 3.052559308707714081e-02 5.574564263224601746e-02 3.090707212686538696e-02 1.215629745274782181e-02 2.630647271871566772e-02 1.325010880827903748e-02 1.147380098700523376e-02 8.270127698779106140e-03 5.487567279487848282e-03 2.974623441696166992e-02 3.134875744581222534e-02 4.331053793430328369e-02 1.931440271437168121e-02 2.489664964377880096e-02 9.950219653546810150e-03 5.232908576726913452e-02 5.607915297150611877e-02 1.124189794063568115e-01 6.254123896360397339e-02 4.409800749272108078e-03 3.401271626353263855e-02 5.322720110416412354e-02 4.097724333405494690e-02 3.139762906357645988e-03 4.770423751324415207e-03 2.342884056270122528e-02 4.063966870307922363e-02 5.036528035998344421e-02 2.733769267797470093e-02 1.371734216809272766e-02 1.784134842455387115e-02 2.319727465510368347e-02 6.900745793245732784e-04 1.190738752484321594e-02 6.747089792042970657e-03 5.238178372383117676e-02 6.759285181760787964e-02 1.870847865939140320e-02 2.101697586476802826e-02 1.432402804493904114e-02 5.596073344349861145e-02 2.519129775464534760e-02 1.480471156537532806e-02 1.908437581732869148e-03 5.150022357702255249e-02 1.334178377874195576e-03 2.424492686986923218e-02 1.931005343794822693e-02 3.788437694311141968e-02 3.267790004611015320e-02 5.862541496753692627e-02 5.211612954735755920e-02 2.721712691709399223e-03 4.436962679028511047e-02 2.003789134323596954e-02 2.748476900160312653e-02 1.766270399093627930e-02 5.247542634606361389e-03 6.318969279527664185e-02 4.610602930188179016e-02 8.387400954961776733e-02 6.049087271094322205e-02 2.053205296397209167e-02 2.291569858789443970e-02 4.421514645218849182e-02 6.501500960439443588e-03 3.915527462959289551e-02 2.576633729040622711e-02 1.943023409694433212e-03 2.379942452535033226e-03 9.567394852638244629e-03 5.095156375318765640e-03 9.520533494651317596e-03 4.560646414756774902e-02 9.443528018891811371e-03 3.706754744052886963e-02 3.004253655672073364e-02 4.718458279967308044e-02 1.488898787647485733e-02 3.437024075537919998e-03 1.555215683765709400e-03 5.145287141203880310e-02 1.786588877439498901e-02 1.991045102477073669e-02 6.133627030067145824e-04 3.547378256916999817e-02 1.988941058516502380e-02
