7.457096874713897705e-02 1.410791426897048950e-01 5.346759688109159470e-03 3.354343771934509277e-02 1.157711446285247803e-02 1.152329668402671814e-01 1.108031533658504486e-02 3.766132891178131104e-02 4.992674291133880615e-02 2.762027457356452942e-02 1.220594197511672974e-01 5.216443911194801331e-02 1.540862917900085449e-01 3.245762363076210022e-02 3.371856734156608582e-02 2.052903734147548676e-02 2.006207592785358429e-02 3.941877931356430054e-02 5.423073843121528625e-02 1.890334999188780785e-03 8.454165607690811157e-02 2.620489709079265594e-02 3.075418062508106232e-02 5.602603033185005188e-02 1.849933154881000519e-02 2.018233016133308411e-02 1.181761641055345535e-02 1.089825760573148727e-03 4.381355270743370056e-02 5.381034314632415771e-02 1.923968084156513214e-02 2.653605537489056587e-03 7.698195055127143860e-03 1.821612380445003510e-02 1.456313580274581909e-02 2.945740707218647003e-02 4.009285569190979004e-02 1.429999899119138718e-02 9.723271243274211884e-03 1.693048514425754547e-02 3.619809821248054504e-02 4.086085408926010132e-02 2.703088708221912384e-02 1.448698993772268295e-02 5.904026795178651810e-03 3.194250538945198059e-02 4.713893309235572815e-02 7.571889460086822510e-02 2.352385222911834717e-02 4.571854323148727417e-02 2.776608802378177643e-02 3.288862854242324829e-02 4.618571326136589050e-02 1.834181882441043854e-02 2.233832515776157379e-02 1.214151084423065186e-02 8.474501967430114746e-02 1.230694353580474854e-02 3.136678831651806831e-03 2.960920706391334534e-02 4.661463946104049683e-02 7.378485053777694702e-02 7.861869409680366516e-03 4.517071694135665894e-02 3.173267096281051636e-02 4.173211287707090378e-03 8.853444829583168030e-03 2.662597596645355225e-02 6.130825728178024292e-02 8.181557059288024902e-03 4.695558547973632812e-02 1.165373157709836960e-02 4.387446865439414978e-02 2.986271120607852936e-02 3.802461922168731689e-02 3.574263770133256912e-03 5.218594521284103394e-02 3.668063133955001831e-02 3.736149147152900696e-02 6.756953429430723190e-03 6.366083770990371704e-02 2.057398296892642975e-02 4.353000968694686890e-02 2.374537847936153412e-02 2.871489338576793671e-02 5.042682588100433350e-02 4.939445853233337402e-02 3.154448792338371277e-02 1.597932889126241207e-03 4.711084812879562378e-02 1.702862232923507690e-02 2.944510243833065033e-02 6.472486257553100586e-02 8.259660005569458008e-02 1.332469005137681961e-02 1.928442902863025665e-02 4.482114687561988831e-02 2.464719861745834351e-02 2.909776940941810608e-02 1.139215938746929169e-02 4.722051962744444609e-04 2.931131049990653992e-02 8.863218128681182861e-03 2.729085460305213928e-02 3.353304788470268250e-02 4.711402207612991333e-02 6.682260893285274506e-03 5.524945445358753204e-03 4.497233778238296509e-02 4.078259691596031189e-02 4.675615951418876648e-02 2.150323987007141113e-02 3.771184757351875305e-02 3.024491248652338982e-03 5.373582988977432251e-02 7.359687238931655884e-02
1.410791426897048950e-01 8.144173771142959595e-02 3.970380872488021851e-02 4.051667824387550354e-02 4.610433243215084076e-04 6.775650382041931152e-02 1.164612099528312683e-01 6.149937957525253296e-02 1.509696128778159618e-03 3.279670490883290768e-04 5.147684365510940552e-02 1.029973477125167847e-02 1.307180970907211304e-01 2.252423577010631561e-02 2.938948385417461395e-02 1.921853050589561462e-02 2.519416622817516327e-03 5.645830556750297546e-02 2.243216335773468018e-02 3.162130888085812330e-04 5.892801657319068909e-02 6.521559506654739380e-02 4.339015483856201172e-02 5.828595161437988281e-02 3.292668377980589867e-03 1.754739059833809733e-04 6.255473196506500244e-02 3.611350059509277344e-02 4.611191153526306152e-02 1.390717341564595699e-03 7.523889839649200439e-02 1.104955188930034637e-02 6.426674872636795044e-02 9.866183623671531677e-03 1.647115685045719147e-02 5.126198381185531616e-02 1.262457855045795441e-02 4.358673468232154846e-02 1.646054908633232117e-02 3.206415101885795593e-02 1.047640480101108551e-02 7.387420535087585449e-02 1.537414174526929855e-02 9.321707300841808319e-03 6.051960587501525879e-02 1.825656928122043610e-02 9.013335406780242920e-02 6.520451605319976807e-02 2.529205009341239929e-02 3.771886229515075684e-02 3.155355900526046753e-02 3.778234496712684631e-02 1.372834760695695877e-02 1.671929471194744110e-02 5.112435296177864075e-02 4.598822072148323059e-02 8.240834623575210571e-02 4.156402871012687683e-02 9.056742489337921143e-02 4.972283262759447098e-03 4.507028032094240189e-03 8.298621326684951782e-02 1.931884512305259705e-02 1.689187809824943542e-02 5.504087358713150024e-02 5.305292457342147827e-02 3.779257880523800850e-03 3.406599909067153931e-02 4.901351779699325562e-02 8.915030397474765778e-03 2.045414969325065613e-02 4.857294633984565735e-02 2.593784406781196594e-02 4.727693647146224976e-02 4.001780226826667786e-02 1.533752959221601486e-02 2.652475610375404358e-02 1.375423185527324677e-02 7.597267627716064453e-02 3.241966478526592255e-03 2.101088315248489380e-02 1.766522228717803955e-02 5.217463895678520203e-02 3.169928491115570068e-02 2.333065867424011230e-02 7.401908934116363525e-02 6.834215670824050903e-02 3.200418502092361450e-02 2.248441055417060852e-02 3.989551588892936707e-02 7.242367416620254517e-02 4.106059670448303223e-02 6.464573740959167480e-02 4.426531121134757996e-02 1.153838820755481720e-02 3.942736424505710602e-03 2.766335010528564453e-02 2.097452990710735321e-02 4.094207833986729383e-04 2.077672164887189865e-03 2.639681287109851837e-02 1.822542026638984680e-02 2.656348235905170441e-02 4.517016932368278503e-02 4.575804248452186584e-02 1.732086017727851868e-02 3.910257294774055481e-02 1.576370932161808014e-02 5.963972210884094238e-02 6.714158225804567337e-03 5.260485340841114521e-04 3.297846391797065735e-02 3.259573131799697876e-02 1.430883724242448807e-02 5.239564552903175354e-02 2.559034619480371475e-03
5.346759688109159470e-03 3.970380872488021851e-02 3.175232559442520142e-02 3.915836289525032043e-02 3.236730024218559265e-02 1.851928606629371643e-02 6.886136252433061600e-03 1.466720402240753174e-01 1.302521023899316788e-02 4.312004148960113525e-02 2.345738373696804047e-02 3.433825820684432983e-02 5.540274456143379211e-02 3.295928984880447388e-02 8.283239603042602539e-02 2.523016929626464844e-02 3.515964746475219727e-02 8.015859872102737427e-03 2.268120832741260529e-02 1.029504314064979553e-01 4.157279059290885925e-02 3.605077415704727173e-02 2.002858743071556091e-02 4.097758233547210693e-02 2.955121919512748718e-02 1.249551540240645409e-03 3.124250471591949463e-02 3.823414817452430725e-02 3.646504506468772888e-02 5.534341558814048767e-03 1.441945321857929230e-02 2.547985687851905823e-02 5.105130746960639954e-02 2.829345501959323883e-02 4.189674556255340576e-02 2.175996638834476471e-02 3.006306942552328110e-03 1.361009385436773300e-02 5.500623956322669983e-02 5.063912644982337952e-02 2.681796438992023468e-02 2.998365461826324463e-02 4.050274938344955444e-02 2.885214798152446747e-02 2.057068981230258942e-02 2.751160413026809692e-02 3.281327709555625916e-02 1.767840608954429626e-02 1.029387265443801880e-01 9.733789600431919098e-03 2.336212899535894394e-03 1.884606294333934784e-02 1.120769605040550232e-01 2.769003435969352722e-02 6.929092854261398315e-02 6.806498765945434570e-02 3.278281074017286301e-03 1.862152665853500366e-02 1.282379776239395142e-01 4.202431812882423401e-02 1.381355375051498413e-01 6.714989244937896729e-02 2.941776625812053680e-02 3.552548587322235107e-02 1.346887089312076569e-02 5.462320521473884583e-02 3.661166504025459290e-02 1.976581290364265442e-02 2.009202539920806885e-02 2.480373159050941467e-02 2.849984541535377502e-02 3.943854942917823792e-02 6.665951758623123169e-02 5.191294848918914795e-02 1.675307191908359528e-02 2.790234424173831940e-02 2.420376800000667572e-02 1.769186928868293762e-02 5.819127545692026615e-04 2.357350289821624756e-02 5.615329369902610779e-02 9.197860956192016602e-02 2.086994610726833344e-02 1.795769482851028442e-02 2.670605853199958801e-02 1.811864785850048065e-02 2.937941066920757294e-02 8.426988124847412109e-02 2.161310054361820221e-02 5.298100877553224564e-03 1.563926972448825836e-02 1.330011989921331406e-03 3.605178743600845337e-02 1.411889586597681046e-02 2.841224521398544312e-02 2.678556367754936218e-02 1.018696115352213383e-03 1.097518671303987503e-02 6.294315308332443237e-02 3.076217137277126312e-02 3.755072504281997681e-02 1.813156343996524811e-02 9.974860586225986481e-03 2.641996741294860840e-02 3.160185366868972778e-02 4.093539342284202576e-02 1.715161278843879700e-02 4.496130719780921936e-02 4.874533787369728088e-02 1.703532226383686066e-02 3.331078961491584778e-02 6.286090612411499023e-02 1.540008466690778732e-02 1.230398844927549362e-02 1.211468577384948730e-01 2.503544092178344727e-03
3.354343771934509277e-02 4.051667824387550354e-02 3.915836289525032043e-02 1.209497302770614624e-01 6.446845829486846924e-02 4.031782969832420349e-02 3.917533531785011292e-02 5.434257537126541138e-02 2.398526482284069061e-02 2.513150684535503387e-02 9.870775043964385986e-03 3.571733832359313965e-03 7.371903955936431885e-02 5.045578815042972565e-03 2.039040811359882355e-02 5.330326966941356659e-03 7.803830783814191818e-03 1.883602328598499298e-02 6.650095432996749878e-02 3.354034200310707092e-02 1.936205662786960602e-03 2.750300802290439606e-02 4.068593308329582214e-02 7.004243135452270508e-02 1.598442532122135162e-02 3.611197695136070251e-02 6.495250854641199112e-03 6.503057479858398438e-02 1.353212073445320129e-02 4.002268239855766296e-02 7.907101884484291077e-03 5.301722139120101929e-02 4.718513414263725281e-02 5.047876760363578796e-02 3.793899714946746826e-02 7.723281159996986389e-03 6.235243380069732666e-02 3.457947447896003723e-02 7.753575593233108521e-02 1.598190143704414368e-02 2.075157687067985535e-02 3.989780787378549576e-03 1.962322555482387543e-02 2.877698466181755066e-02 4.353118315339088440e-02 3.352423757314682007e-02 2.078668959438800812e-02 2.984424307942390442e-02 4.414903745055198669e-02 4.218697547912597656e-02 1.865890622138977051e-02 6.036316044628620148e-03 5.557931214570999146e-02 9.143997915089130402e-03 3.940478712320327759e-02 4.457281529903411865e-02 1.892089657485485077e-02 8.818738162517547607e-03 2.725089900195598602e-03 3.593899682164192200e-02 2.779125235974788666e-02 1.373301725834608078e-02 1.245611160993576050e-01 7.914003729820251465e-02 4.203087463974952698e-02 5.171948671340942383e-02 1.089683640748262405e-02 2.143330499529838562e-02 6.239933148026466370e-02 6.857156753540039062e-02 8.072248101234436035e-02 7.654991466552019119e-03 2.675115466117858887e-01 8.367078006267547607e-02 2.148594409227371216e-01 7.480825483798980713e-02 1.825797744095325470e-02 9.369782172143459320e-03 5.738290399312973022e-02 4.967391956597566605e-03 3.767474368214607239e-02 3.441873565316200256e-02 2.011168450117111206e-01 4.430139064788818359e-02 2.435813657939434052e-02 4.799655452370643616e-02 2.127544209361076355e-02 4.864294826984405518e-02 5.937508121132850647e-02 3.861205652356147766e-02 3.506248444318771362e-02 3.502019122242927551e-02 2.788381464779376984e-02 5.049984902143478394e-02 1.552835851907730103e-02 5.917619168758392334e-02 6.043490022420883179e-02 2.852888032793998718e-02 1.485065370798110962e-02 2.586369216442108154e-02 4.209530726075172424e-02 3.849924355745315552e-02 4.095831885933876038e-02 4.029770940542221069e-02 6.312961876392364502e-02 8.917853236198425293e-02 3.238606080412864685e-02 3.862364217638969421e-02 3.375492058694362640e-03 5.983516201376914978e-02 8.628610521554946899e-02 5.109330266714096069e-02 3.460084274411201477e-02 2.274367585778236389e-02 3.604006767272949219e-02 3.047025948762893677e-02
1.157711446285247803e-02 4.610433243215084076e-04 3.236730024218559265e-02 6.446845829486846924e-02 4.384068027138710022e-02 8.082439005374908447e-02 5.355908349156379700e-02 4.028414562344551086e-02 5.875694751739501953e-02 3.302217693999409676e-03 3.404660895466804504e-02 5.795110948383808136e-03 4.960110783576965332e-02 2.789759077131748199e-02 2.247919328510761261e-02 3.531686216592788696e-02 4.746926948428153992e-03 5.035727471113204956e-02 1.696671545505523682e-01 1.870782230980694294e-03 6.776029616594314575e-02 1.075933594256639481e-02 1.937146112322807312e-02 3.561979532241821289e-02 3.941204771399497986e-02 7.590207457542419434e-02 1.790506765246391296e-02 1.878361217677593231e-02 5.307008977979421616e-03 3.685691207647323608e-02 1.478286087512969971e-02 2.343634150747675449e-05 1.212422922253608704e-02 7.951138913631439209e-02 2.505544573068618774e-02 6.427783519029617310e-02 6.431243382394313812e-03 9.506765753030776978e-03 1.297929510474205017e-02 1.206759065389633179e-01 1.725511066615581512e-02 1.705266162753105164e-02 4.869533330202102661e-02 1.731932908296585083e-02 5.492648109793663025e-03 4.107080399990081787e-03 3.586377203464508057e-02 8.721124380826950073e-02 3.988565132021903992e-02 3.878685459494590759e-02 4.724955931305885315e-02 4.295257478952407837e-02 3.997915238142013550e-02 2.319613005965948105e-03 4.589094966650009155e-02 7.320491224527359009e-02 1.253426447510719299e-02 6.828515231609344482e-02 1.101991012692451477e-01 4.936896264553070068e-02 2.107378095388412476e-02 5.263728275895118713e-02 8.044303953647613525e-02 4.692395031452178955e-02 3.417576849460601807e-02 4.877555742859840393e-02 1.526357419788837433e-02 4.670061916112899780e-02 1.114828605204820633e-02 4.881420731544494629e-02 1.682056300342082977e-02 2.873763255774974823e-02 6.726816296577453613e-02 5.950139369815587997e-03 1.837956160306930542e-01 4.127007350325584412e-02 4.957425221800804138e-02 5.379096418619155884e-02 3.820598125457763672e-02 2.551231160759925842e-02 1.219520568847656250e-01 2.142758294939994812e-02 8.010870777070522308e-03 1.771067082881927490e-01 4.510793462395668030e-02 2.039917744696140289e-03 1.029601041227579117e-02 2.311378531157970428e-02 4.786703735589981079e-02 3.798020258545875549e-02 6.267850846052169800e-02 4.768428951501846313e-02 2.209619060158729553e-02 3.069769591093063354e-03 3.819533064961433411e-02 2.226551063358783722e-02 3.825431689620018005e-02 4.276214167475700378e-03 1.610209047794342041e-02 4.052417352795600891e-02 3.316046670079231262e-02 2.724536135792732239e-02 2.554820477962493896e-02 2.458979561924934387e-02 3.377204760909080505e-02 3.672740608453750610e-02 1.734863471938297153e-04 4.549026023596525192e-03 4.654837399721145630e-02 6.267697317525744438e-04 5.954532884061336517e-03 4.095222428441047668e-02 6.735503673553466797e-02 8.572006970643997192e-02 9.388076514005661011e-02 4.668152704834938049e-02
1.152329668402671814e-01 6.775650382041931152e-02 1.851928606629371643e-02 4.031782969832420349e-02 8.082439005374908447e-02 1.225484088063240051e-01 1.794523000717163086e-01 6.269814819097518921e-02 2.042465656995773315e-02 2.972477301955223083e-02 1.013285741209983826e-01 1.131955161690711975e-01 7.031022757291793823e-02 1.578629761934280396e-01 2.368379011750221252e-02 5.575561523437500000e-02 1.359639316797256470e-02 4.953789338469505310e-02 3.570381551980972290e-02 5.694291740655899048e-02 5.610891804099082947e-02 1.538088824599981308e-02 2.548767626285552979e-02 5.001700669527053833e-02 1.574061810970306396e-02 6.341004278510808945e-03 4.954561218619346619e-02 6.711289286613464355e-02 3.422712162137031555e-02 2.983306720852851868e-02 5.646350234746932983e-02 4.889110103249549866e-02 1.854193513281643391e-03 2.427390590310096741e-02 1.785135269165039062e-02 2.457986399531364441e-02 2.788787521421909332e-02 6.725301593542098999e-02 1.643361710011959076e-02 2.601581253111362457e-02 2.727721258997917175e-02 1.012269686907529831e-02 4.152738302946090698e-02 3.127325698733329773e-02 2.540411986410617828e-02 8.865611255168914795e-02 2.079723179340362549e-01 5.326295271515846252e-02 2.138766646385192871e-02 3.880998119711875916e-02 8.822780218906700611e-04 3.910561650991439819e-02 4.647729545831680298e-02 1.452974230051040649e-02 5.254502967000007629e-02 1.494145393371582031e-02 7.969603687524795532e-02 1.772146485745906830e-02 7.039662450551986694e-02 3.799801319837570190e-02 5.562627222388982773e-03 3.709248825907707214e-02 5.757474899291992188e-02 1.010868046432733536e-02 2.233607461676001549e-03 1.822293177247047424e-02 7.252730429172515869e-03 1.288924831897020340e-02 3.015643544495105743e-02 4.194060713052749634e-02 3.492034599184989929e-02 5.785569548606872559e-02 3.295168280601501465e-02 6.582611054182052612e-02 3.652158007025718689e-02 9.743168018758296967e-03 1.784700155258178711e-02 2.495259791612625122e-02 6.341545283794403076e-02 1.242900616489350796e-04 4.596287012100219727e-02 5.726879090070724487e-02 8.137001097202301025e-02 3.967784345149993896e-02 1.501771993935108185e-02 2.400726266205310822e-02 3.554948605597019196e-03 6.908686459064483643e-02 5.788331851363182068e-02 3.729108348488807678e-02 1.608447581529617310e-01 1.653442531824111938e-02 2.059260755777359009e-02 6.285627838224172592e-03 1.063368748873472214e-02 1.193368807435035706e-02 2.063565142452716827e-02 2.856519632041454315e-02 2.789040654897689819e-02 3.993524238467216492e-02 4.091142490506172180e-02 2.930310787633061409e-03 5.404624156653881073e-03 5.448104813694953918e-02 1.927520334720611572e-02 3.343268856406211853e-02 1.871939189732074738e-02 1.300449389964342117e-02 1.299553830176591873e-02 5.132523924112319946e-02 3.377105295658111572e-02 1.133968979120254517e-01 1.660087704658508301e-02 2.523049525916576385e-02 2.219274640083312988e-03 4.334231093525886536e-02
1.108031533658504486e-02 1.164612099528312683e-01 6.886136252433061600e-03 3.917533531785011292e-02 5.355908349156379700e-02 1.794523000717163086e-01 1.308070421218872070e-01 6.802387535572052002e-02 1.036980748176574707e-02 1.283724326640367508e-02 4.341817274689674377e-02 7.090717554092407227e-03 4.651363939046859741e-03 5.873170215636491776e-03 7.217366993427276611e-02 1.847980171442031860e-02 1.030730456113815308e-02 5.611333250999450684e-02 1.114799547940492630e-02 2.451827563345432281e-02 2.551222592592239380e-02 2.851815894246101379e-02 6.244757026433944702e-02 4.852697253227233887e-02 5.301261693239212036e-02 2.058185264468193054e-02 1.554864225909113884e-03 7.027508318424224854e-02 8.695837110280990601e-02 5.863648653030395508e-02 1.102557480335235596e-01 9.169593453407287598e-03 1.236322801560163498e-03 2.369699068367481232e-02 3.484128415584564209e-02 1.148254610598087311e-02 1.810643263161182404e-02 2.343818545341491699e-03 1.114539057016372681e-02 1.231486257165670395e-02 2.234312146902084351e-02 3.780601173639297485e-02 5.997410975396633148e-03 7.115366309881210327e-02 6.206641718745231628e-02 2.343802340328693390e-02 1.613290235400199890e-02 2.395226061344146729e-01 1.197751332074403763e-02 1.351083535701036453e-02 1.537958742119371891e-03 3.390061110258102417e-02 5.593798123300075531e-03 1.193294953554868698e-02 1.353065203875303268e-02 1.845140010118484497e-02 4.502600803971290588e-02 1.995580457150936127e-02 4.079551622271537781e-02 6.827109027653932571e-03 2.779007144272327423e-02 3.341047838330268860e-02 1.711897552013397217e-02 8.418839424848556519e-03 9.280516952276229858e-02 5.144717171788215637e-02 2.522047609090805054e-02 6.941868457943201065e-03 2.085594832897186279e-02 1.902808621525764465e-02 4.390345513820648193e-02 1.776367891579866409e-03 3.979121148586273193e-02 3.671053051948547363e-02 1.604108372703194618e-03 7.282486557960510254e-02 1.039380021393299103e-02 2.846636436879634857e-02 1.788740046322345734e-02 9.709611535072326660e-03 4.195202514529228210e-02 2.912740455940365791e-04 5.686717573553323746e-03 9.056800976395606995e-03 1.365814171731472015e-02 4.078212194144725800e-03 4.488153790589421988e-04 4.735552240163087845e-03 5.967657640576362610e-02 2.682858146727085114e-02 5.551474913954734802e-02 4.375573247671127319e-02 1.629404425621032715e-01 2.708911709487438202e-02 2.541310712695121765e-02 3.840493038296699524e-02 6.318630278110504150e-02 4.220145195722579956e-02 2.506755851209163666e-02 1.823588460683822632e-02 4.107916355133056641e-02 3.661999478936195374e-02 3.914827853441238403e-02 6.794941425323486328e-02 1.621627621352672577e-02 8.707073517143726349e-03 1.000162214040756226e-02 2.492780610918998718e-02 1.092960499227046967e-02 1.919369399547576904e-02 4.491733014583587646e-02 7.123521715402603149e-02 7.257441990077495575e-03 2.466012351214885712e-02 1.230496354401111603e-02 2.484134398400783539e-02
3.766132891178131104e-02 6.149937957525253296e-02 1.466720402240753174e-01 5.434257537126541138e-02 4.028414562344551086e-02 6.269814819097518921e-02 6.802387535572052002e-02 7.935563474893569946e-02 1.326428912580013275e-02 8.188580395653843880e-04 7.442555390298366547e-03 1.793432049453258514e-02 2.478714287281036377e-02 5.805900692939758301e-02 1.152519509196281433e-01 6.450913846492767334e-03 1.717680715955793858e-03 1.325878594070672989e-02 2.170275337994098663e-02 2.613755874335765839e-02 2.508439496159553528e-02 7.466965913772583008e-02 8.068852871656417847e-02 2.091566473245620728e-02 3.065279126167297363e-02 2.620719606056809425e-03 1.501300744712352753e-02 4.521220922470092773e-02 7.088006287813186646e-02 5.800260975956916809e-02 7.849777489900588989e-02 6.398777011781930923e-03 1.049287803471088409e-02 3.850299119949340820e-02 1.125831343233585358e-02 5.490639433264732361e-02 2.578066289424896240e-02 1.820002496242523193e-02 3.950503841042518616e-02 1.550545636564493179e-02 4.834011569619178772e-02 1.677235029637813568e-02 3.081585280597209930e-02 1.048350427299737930e-02 4.208820685744285583e-02 7.425005314871668816e-04 2.127330191433429718e-02 1.446060836315155029e-01 1.216051131486892700e-01 1.556023024022579193e-02 2.322337776422500610e-02 1.610941626131534576e-02 6.695882230997085571e-02 7.569384574890136719e-02 9.390252083539962769e-02 6.090616807341575623e-03 5.854776129126548767e-03 4.877768456935882568e-02 5.815773084759712219e-02 4.815991222858428955e-02 3.127529472112655640e-02 4.358616471290588379e-02 2.931546978652477264e-02 9.997471934184432030e-04 7.155697047710418701e-02 1.456167642027139664e-02 6.621696799993515015e-02 1.330779341515153646e-04 3.307384252548217773e-02 1.141187082976102829e-02 7.482004817575216293e-03 1.630080677568912506e-02 2.134983241558074951e-02 6.992740184068679810e-02 3.935500979423522949e-02 1.723772659897804260e-02 1.057136571034789085e-03 4.202787298709154129e-03 4.048458486795425415e-02 2.403401210904121399e-02 2.065475285053253174e-01 3.334901109337806702e-02 1.991072483360767365e-02 2.488361299037933350e-02 2.464766427874565125e-02 2.927953563630580902e-02 7.318504899740219116e-02 8.050266653299331665e-02 4.354130849242210388e-02 2.263742871582508087e-02 2.842783927917480469e-02 7.817978970706462860e-03 8.852592110633850098e-02 3.883916651830077171e-03 6.894002668559551239e-03 5.425219982862472534e-02 8.304168470203876495e-03 7.040700316429138184e-02 4.855250567197799683e-02 1.877041906118392944e-02 4.852534458041191101e-02 3.039304167032241821e-02 1.027670037001371384e-02 3.395395725965499878e-02 1.030107811093330383e-01 1.204166747629642487e-02 1.018538773059844971e-01 6.089768372476100922e-03 6.814309209585189819e-02 2.708209864795207977e-02 1.642353087663650513e-02 4.531292244791984558e-02 2.675785869359970093e-02 1.353196240961551666e-02 4.679138958454132080e-02 7.625733315944671631e-02
4.992674291133880615e-02 1.509696128778159618e-03 1.302521023899316788e-02 2.398526482284069061e-02 5.875694751739501953e-02 2.042465656995773315e-02 1.036980748176574707e-02 1.326428912580013275e-02 9.022832661867141724e-02 7.664036005735397339e-02 5.837632343173027039e-02 1.226037926971912384e-02 1.269930973649024963e-02 3.713361173868179321e-02 5.277537181973457336e-02 1.137190014123916626e-01 8.098116517066955566e-02 1.035350784659385681e-01 3.762649372220039368e-03 3.165347874164581299e-02 2.810541074723005295e-03 3.019257634878158569e-02 7.748648524284362793e-02 4.613522812724113464e-02 3.815724514424800873e-03 4.050021618604660034e-02 4.547371063381433487e-03 4.840128868818283081e-02 8.289005607366561890e-03 1.299594994634389877e-02 5.640260875225067139e-02 6.694240868091583252e-02 3.037573769688606262e-03 3.434270992875099182e-02 1.021964102983474731e-02 3.083916567265987396e-02 1.888814382255077362e-02 3.313218802213668823e-02 4.604813177138566971e-03 5.136582627892494202e-02 3.094641864299774170e-02 8.350525796413421631e-02 2.974669262766838074e-02 4.774034395813941956e-02 1.263898983597755432e-02 3.668349981307983398e-02 5.030910298228263855e-02 1.135501172393560410e-02 5.928169190883636475e-02 1.044872310012578964e-02 1.438164804130792618e-02 7.100631296634674072e-02 3.229559212923049927e-02 3.464273735880851746e-02 6.422369927167892456e-02 9.702633321285247803e-02 5.058046802878379822e-02 7.956827990710735321e-03 2.641451731324195862e-02 1.756695099174976349e-02 3.313110396265983582e-02 8.967364206910133362e-03 4.441886767745018005e-02 2.365545369684696198e-02 8.693804033100605011e-03 1.044831983745098114e-02 3.779282793402671814e-02 3.155484050512313843e-02 4.300182312726974487e-02 1.969815045595169067e-02 7.638876326382160187e-03 4.677733033895492554e-02 2.401618100702762604e-02 2.799466438591480255e-02 2.808757312595844269e-02 2.820627763867378235e-02 1.306771039962768555e-01 2.200807444751262665e-02 1.086703613400459290e-01 7.837782055139541626e-02 2.584916539490222931e-02 1.542320707812905312e-03 2.102542854845523834e-02 4.111669585108757019e-02 3.590151295065879822e-02 1.864983141422271729e-02 2.243084460496902466e-02 1.883844472467899323e-02 1.398752927780151367e-01 6.745795160531997681e-02 1.844416372478008270e-03 2.721729502081871033e-02 2.133146300911903381e-02 1.084815943613648415e-03 4.543252661824226379e-02 3.577097784727811813e-03 1.719253719784319401e-03 3.968253359198570251e-02 7.613985985517501831e-02 4.937436431646347046e-02 1.558566559106111526e-02 2.540250308811664581e-03 4.038826748728752136e-02 1.730535179376602173e-02 3.142920508980751038e-02 5.112438648939132690e-02 7.029571570456027985e-03 2.434138208627700806e-02 5.475052632391452789e-03 3.228753060102462769e-02 1.709149777889251709e-02 6.153335049748420715e-02 1.818521507084369659e-02 9.692206978797912598e-03 9.538571536540985107e-02 6.675469130277633667e-02
2.762027457356452942e-02 3.279670490883290768e-04 4.312004148960113525e-02 2.513150684535503387e-02 3.302217693999409676e-03 2.972477301955223083e-02 1.283724326640367508e-02 8.188580395653843880e-04 7.664036005735397339e-02 6.336688995361328125e-02 1.597855985164642334e-02 4.463769122958183289e-02 4.814607650041580200e-02 2.278460934758186340e-02 2.639657072722911835e-02 9.299025870859622955e-03 4.427987709641456604e-02 9.134098887443542480e-02 1.273791193962097168e-01 1.722130924463272095e-02 1.858879625797271729e-02 4.278672486543655396e-02 4.006759729236364365e-03 3.221296891570091248e-02 4.169993475079536438e-02 2.010730467736721039e-02 6.327523849904537201e-03 8.704646606929600239e-04 7.153077423572540283e-02 3.271153569221496582e-02 3.398348018527030945e-02 1.213032379746437073e-02 3.862763941287994385e-02 4.634286463260650635e-02 8.988664485514163971e-03 1.849145814776420593e-02 2.423520758748054504e-02 4.335556179285049438e-03 7.377281435765326023e-04 1.980101130902767181e-02 7.403901778161525726e-03 4.016692191362380981e-02 2.546749450266361237e-02 1.973330602049827576e-02 5.933848395943641663e-02 1.281881798058748245e-02 3.841325268149375916e-02 2.774356864392757416e-02 1.687426865100860596e-02 4.647061973810195923e-02 5.437348410487174988e-02 3.561189770698547363e-02 1.028307247906923294e-02 4.157477617263793945e-02 2.579601295292377472e-02 2.130866050720214844e-02 4.753395915031433105e-02 9.732034057378768921e-03 5.414733663201332092e-02 1.184470206499099731e-02 3.812583535909652710e-02 3.162918984889984131e-02 7.932748645544052124e-03 3.582492843270301819e-02 3.968553151935338974e-03 1.695556379854679108e-02 5.096547305583953857e-02 5.698463413864374161e-03 1.438304781913757324e-02 5.253636837005615234e-02 1.199994236230850220e-02 3.766477480530738831e-02 1.275337766855955124e-02 3.298037126660346985e-02 4.916402325034141541e-02 2.364979125559329987e-02 2.853012830018997192e-02 7.774036377668380737e-02 5.460708588361740112e-02 5.830206722021102905e-02 8.513420820236206055e-03 1.557994354516267776e-02 1.778499037027359009e-02 7.308056205511093140e-02 6.679886579513549805e-02 2.447290718555450439e-02 2.013290673494338989e-02 2.163378521800041199e-02 9.891861118376255035e-03 2.547224797308444977e-02 3.932877257466316223e-02 4.065023362636566162e-02 1.274894829839468002e-02 3.156350180506706238e-02 2.866540104150772095e-02 4.520966485142707825e-02 3.570195287466049194e-02 1.129972562193870544e-02 4.541301727294921875e-02 5.190224200487136841e-02 4.044635221362113953e-02 5.123058333992958069e-02 3.253617556765675545e-03 2.210307493805885315e-02 4.412398114800453186e-02 4.832358658313751221e-02 3.160712867975234985e-02 1.857879757881164551e-02 2.380798943340778351e-02 3.118805401027202606e-02 7.584008388221263885e-03 4.877831041812896729e-02 6.721751764416694641e-03 2.555104729253798723e-04 2.913853712379932404e-02 1.598783768713474274e-02
1.220594197511672974e-01 5.147684365510940552e-02 2.345738373696804047e-02 9.870775043964385986e-03 3.404660895466804504e-02 1.013285741209983826e-01 4.341817274689674377e-02 7.442555390298366547e-03 5.837632343173027039e-02 1.597855985164642334e-02 8.982039242982864380e-02 2.329652197659015656e-02 7.833212614059448242e-02 2.679813466966152191e-02 6.261096894741058350e-02 9.967439807951450348e-03 1.119649037718772888e-03 3.659593313932418823e-02 6.794086657464504242e-03 4.907349497079849243e-02 1.222913898527622223e-02 6.397447735071182251e-02 1.420670654624700546e-02 2.872684225440025330e-02 5.748734250664710999e-02 4.381551966071128845e-02 2.450699917972087860e-02 2.319158799946308136e-02 4.948071017861366272e-02 1.966159604489803314e-02 1.495510991662740707e-02 2.677955199033021927e-03 3.768089041113853455e-02 1.492522004991769791e-02 7.096205372363328934e-03 8.634394034743309021e-03 3.711827844381332397e-02 2.622252516448497772e-02 5.482825636863708496e-02 3.744451701641082764e-02 3.258470073342323303e-02 1.810962893068790436e-02 1.188741438090801239e-02 9.028527885675430298e-03 1.771306246519088745e-02 1.512315403670072556e-02 9.605710953474044800e-02 1.729549840092658997e-02 1.738208532333374023e-02 1.829530671238899231e-02 5.088626220822334290e-02 5.515778437256813049e-02 3.505804389715194702e-02 3.010768815875053406e-02 3.744279034435749054e-03 2.145397290587425232e-02 9.338904172182083130e-02 8.624215424060821533e-02 3.901728615164756775e-02 3.655696660280227661e-02 1.092884223908185959e-02 4.817789420485496521e-02 2.358266897499561310e-02 3.427682816982269287e-02 5.205471068620681763e-02 2.472253050655126572e-03 8.776965551078319550e-03 4.610192775726318359e-02 4.055979102849960327e-02 3.235299512743949890e-02 3.057312034070491791e-02 3.633427247405052185e-02 3.626083955168724060e-02 2.399059012532234192e-02 4.262775927782058716e-02 2.206053957343101501e-02 1.412514224648475647e-02 3.517438471317291260e-02 1.031877566128969193e-02 1.285221893340349197e-02 3.753596392925828695e-04 1.948138512670993805e-02 1.049639098346233368e-02 1.516878884285688400e-02 2.879366464912891388e-02 9.095897525548934937e-02 2.667645551264286041e-02 5.873078107833862305e-02 4.468283057212829590e-02 4.392994195222854614e-02 9.163716807961463928e-03 4.000654071569442749e-02 3.781310841441154480e-02 5.030075088143348694e-02 1.613442902453243732e-03 7.920372299849987030e-03 2.422465011477470398e-02 4.557489976286888123e-02 1.808560453355312347e-02 9.123449213802814484e-03 1.252141548320651054e-03 3.268663957715034485e-02 1.453226990997791290e-02 7.712829858064651489e-03 1.766463741660118103e-02 4.010876640677452087e-02 3.171664103865623474e-02 2.469819784164428711e-02 1.953359693288803101e-02 2.249316312372684479e-02 7.153034210205078125e-02 7.027823477983474731e-02 9.010429494082927704e-03 8.541044662706553936e-04 3.284413740038871765e-02 1.739214174449443817e-02
5.216443911194801331e-02 1.029973477125167847e-02 3.433825820684432983e-02 3.571733832359313965e-03 5.795110948383808136e-03 1.131955161690711975e-01 7.090717554092407227e-03 1.793432049453258514e-02 1.226037926971912384e-02 4.463769122958183289e-02 2.329652197659015656e-02 1.144866496324539185e-01 1.650716550648212433e-02 2.659889161586761475e-01 2.665600553154945374e-02 1.172832306474447250e-02 4.289278760552406311e-02 5.215640366077423096e-02 6.152709200978279114e-02 6.632406264543533325e-02 2.414568327367305756e-02 3.080375865101814270e-02 7.159523665904998779e-02 3.051798976957798004e-02 3.580680489540100098e-02 1.516694854944944382e-02 6.680156290531158447e-02 1.510099619626998901e-01 8.748872205615043640e-03 8.182741701602935791e-02 7.462073117494583130e-03 2.864070609211921692e-02 4.060930758714675903e-02 8.511189371347427368e-03 5.319884046912193298e-02 1.227460429072380066e-02 2.056750655174255371e-02 1.511714700609445572e-02 4.493229091167449951e-02 5.493763461709022522e-02 4.275879822671413422e-03 6.890698522329330444e-02 9.369833022356033325e-02 4.438938573002815247e-02 2.186244167387485504e-02 8.795029670000076294e-02 1.081321910023689270e-01 6.011192128062248230e-02 3.714108467102050781e-02 5.522854626178741455e-02 5.003903061151504517e-02 1.093148961663246155e-01 5.061201751232147217e-02 5.614851787686347961e-02 4.606949165463447571e-02 9.435891360044479370e-02 4.574726149439811707e-02 3.575490415096282959e-02 8.466064929962158203e-03 6.099593639373779297e-02 1.353437639772891998e-02 4.366959631443023682e-02 1.668680459260940552e-02 4.758414253592491150e-02 4.476414248347282410e-02 7.205075770616531372e-02 2.310196310281753540e-02 2.193286456167697906e-02 7.424139231443405151e-02 3.942832350730895996e-03 2.447067294269800186e-03 1.214070990681648254e-02 3.923909366130828857e-02 8.412174135446548462e-02 1.747096143662929535e-02 6.709433160722255707e-03 7.409897632896900177e-03 3.116031177341938019e-02 7.402934879064559937e-02 7.346090674400329590e-02 5.411615222692489624e-02 2.052669413387775421e-02 4.733683168888092041e-02 6.993662565946578979e-02 8.146558701992034912e-02 7.041014730930328369e-02 2.127166464924812317e-02 3.807568177580833435e-02 4.086633771657943726e-02 1.273944675922393799e-01 9.205782413482666016e-02 1.296774297952651978e-02 1.357929781079292297e-02 5.234616342931985855e-03 1.452407683245837688e-03 1.429164782166481018e-02 1.495812367647886276e-02 1.202825829386711121e-02 5.578313022851943970e-02 4.900347813963890076e-02 3.185554966330528259e-02 1.358490902930498123e-02 2.415603585541248322e-02 2.969141118228435516e-02 1.367056462913751602e-02 1.430980209261178970e-02 3.310076892375946045e-02 2.036869339644908905e-02 6.812444422394037247e-03 4.183066636323928833e-02 2.152299741283059120e-03 1.410363614559173584e-02 1.715782098472118378e-02 1.382297184318304062e-02 1.285098399966955185e-02 4.578972980380058289e-02
1.540862917900085449e-01 1.307180970907211304e-01 5.540274456143379211e-02 7.371903955936431885e-02 4.960110783576965332e-02 7.031022757291793823e-02 4.651363939046859741e-03 2.478714287281036377e-02 1.269930973649024963e-02 4.814607650041580200e-02 7.833212614059448242e-02 1.650716550648212433e-02 9.089242666959762573e-02 2.716689184308052063e-02 1.204960979521274567e-02 1.496831513941287994e-02 2.442500181496143341e-02 5.229780450463294983e-03 2.548551931977272034e-02 3.774835541844367981e-02 4.045586287975311279e-02 4.249727353453636169e-03 1.695325598120689392e-02 5.008239299058914185e-02 1.772290095686912537e-02 1.705362088978290558e-02 1.738114369800314307e-04 3.403583541512489319e-02 4.865580797195434570e-02 6.821639835834503174e-03 2.230664715170860291e-02 3.290188685059547424e-02 4.809324163943529129e-03 9.815172292292118073e-03 1.892649382352828979e-02 4.388181865215301514e-02 3.373191133141517639e-02 7.269224617630243301e-03 2.817787043750286102e-02 9.428614750504493713e-03 2.818805910646915436e-02 6.028649583458900452e-02 1.819791086018085480e-02 1.876527816057205200e-02 4.911207780241966248e-02 2.871638908982276917e-02 3.946902602910995483e-02 3.840892761945724487e-02 1.836852915585041046e-02 2.384635154157876968e-03 6.429622415453195572e-03 3.909204620867967606e-03 8.104993961751461029e-03 3.669779375195503235e-02 5.198683962225914001e-02 2.639117278158664703e-02 1.117750704288482666e-01 2.736798301339149475e-02 2.456586062908172607e-02 2.282411605119705200e-02 1.031840918585658073e-03 5.701128765940666199e-02 9.502084576524794102e-04 2.979829907417297363e-02 5.416700150817632675e-03 4.587163403630256653e-02 3.218124434351921082e-02 9.302739053964614868e-03 3.006908856332302094e-02 4.637004807591438293e-02 3.925079852342605591e-02 5.110798031091690063e-02 1.475477404892444611e-02 4.868664219975471497e-02 7.478221319615840912e-03 2.615306898951530457e-02 5.905104801058769226e-02 6.456683622673153877e-04 6.538993865251541138e-02 2.654606103897094727e-02 2.073711529374122620e-02 2.496413700282573700e-02 5.709658190608024597e-02 4.543527960777282715e-02 2.379086054861545563e-02 3.716900944709777832e-02 7.223738729953765869e-02 2.405911870300769806e-02 2.206750586628913879e-02 1.803886517882347107e-02 9.689658181741833687e-04 2.898364514112472534e-02 2.622435567900538445e-03 6.533772498369216919e-02 2.585159428417682648e-02 4.365751892328262329e-02 3.572377841919660568e-03 3.877945989370346069e-02 1.419065613299608231e-02 1.523205894045531750e-03 1.494286581873893738e-02 2.014954946935176849e-02 2.674451470375061035e-02 9.685947559773921967e-03 4.675346985459327698e-02 4.203351587057113647e-02 2.061943151056766510e-02 4.826940223574638367e-02 3.744247928261756897e-02 8.845269680023193359e-03 1.153134927153587341e-02 4.792489856481552124e-02 1.970777288079261780e-02 3.389697521924972534e-03 1.690695434808731079e-02 6.078284233808517456e-02
