1.128626242280006409e-01 8.525738120079040527e-02 6.036226078867912292e-02 4.095368832349777222e-02 1.409524120390415192e-02 1.161535531282424927e-01 8.713689446449279785e-02 1.318039000034332275e-02 2.470934065058827400e-03 5.320915207266807556e-02 9.339984506368637085e-02 2.180771157145500183e-02 4.652005806565284729e-02 2.268704213201999664e-02 2.545805461704730988e-02 2.706966735422611237e-02 4.514841828495264053e-03 7.435560971498489380e-02 3.620919957756996155e-02 2.698651805985718966e-04 4.529435560107231140e-02 3.179989382624626160e-02 9.154585190117359161e-03 1.289950311183929443e-02 1.510986499488353729e-02 2.298298478126525879e-02 5.181218497455120087e-03 3.129180520772933960e-02 1.221698001027107239e-01 1.835251925513148308e-03 5.103769153356552124e-02 2.401989419013261795e-03 1.996295712888240814e-02 5.747759714722633362e-03 5.453812773339450359e-04 1.569145475514233112e-03 2.160323929274454713e-04 8.945124223828315735e-03 5.574490409344434738e-03 2.745537832379341125e-02 5.155600607395172119e-02 1.216441742144525051e-03 3.826571255922317505e-02 2.260947413742542267e-02 2.690725773572921753e-02 1.079110056161880493e-02 9.749507158994674683e-02 2.163008973002433777e-02 2.853845432400703430e-02 3.578158793970942497e-03 1.808795705437660217e-02 1.153529807925224304e-02 2.946223877370357513e-02 2.152578905224800110e-02 3.792529692873358727e-03 1.400627195835113525e-02 7.687571924179792404e-03 2.186200115829706192e-03 2.858769521117210388e-02 1.868636347353458405e-02 7.853340357542037964e-03 5.118045024573802948e-03 2.567611634731292725e-02 1.593959331512451172e-02 2.894979342818260193e-02 1.452374178916215897e-02 7.515684235841035843e-03 4.384326282888650894e-03 5.187195166945457458e-02 1.610297523438930511e-02 4.050001129508018494e-02 5.045786965638399124e-03 7.629118859767913818e-02 3.269607201218605042e-02 2.132107876241207123e-02 6.991023663431406021e-03 4.255505278706550598e-02 1.083761267364025116e-02 3.625980764627456665e-02 2.509035635739564896e-03 9.595495648682117462e-03 4.548460245132446289e-02 6.685211509466171265e-02 2.294944040477275848e-02 2.361276652663946152e-03 9.138972498476505280e-03 2.265018410980701447e-02 3.131484240293502808e-02 4.836197569966316223e-02 4.847314953804016113e-02 5.165196955204010010e-02 2.705835923552513123e-02 4.841947928071022034e-02 1.362268999218940735e-02 3.089876100420951843e-02 4.227659665048122406e-03 3.916170448064804077e-02 3.756851889193058014e-03 4.654267337173223495e-03 2.744053304195404053e-02 2.660530386492609978e-03 7.799940183758735657e-03 2.107761614024639130e-02 5.896177608519792557e-04 2.921928837895393372e-02 2.950769104063510895e-02 8.614768274128437042e-03 6.930570583790540695e-03 4.914442077279090881e-03 6.788214668631553650e-03 4.001063853502273560e-02 2.941339835524559021e-02 1.526916120201349258e-02 2.088278159499168396e-02 3.512852126732468605e-03 1.312900893390178680e-02
8.525738120079040527e-02 1.008222326636314392e-01 1.484905090183019638e-02 2.563937101513147354e-03 7.096513290889561176e-04 1.247529536485671997e-01 1.134408786892890930e-01 6.542878225445747375e-03 1.864420250058174133e-02 2.243957482278347015e-02 3.965367749333381653e-02 3.343799151480197906e-03 4.819556698203086853e-02 2.933135442435741425e-02 8.425621315836906433e-03 4.265871644020080566e-02 9.543871507048606873e-03 6.000190600752830505e-02 8.075331337749958038e-03 5.060640629380941391e-03 3.148774430155754089e-02 3.064207267016172409e-03 2.880872925743460655e-03 1.256146654486656189e-02 1.571315154433250427e-02 1.162137184292078018e-02 2.773219347000122070e-02 1.930245198309421539e-02 4.098164290189743042e-02 5.994141101837158203e-02 4.897329211235046387e-02 9.031184017658233643e-03 1.603788323700428009e-02 1.252639852464199066e-02 1.037418842315673828e-02 5.761583335697650909e-03 3.896119538694620132e-03 2.094200626015663147e-02 1.230680849403142929e-03 6.404857616871595383e-03 2.275848202407360077e-02 9.863074868917465210e-03 3.148188441991806030e-02 3.297090157866477966e-02 3.518728166818618774e-02 1.939458400011062622e-02 4.599145427346229553e-02 6.884948909282684326e-02 1.934516592882573605e-03 2.323813363909721375e-02 3.071300499141216278e-02 3.629961982369422913e-02 3.980378061532974243e-02 3.880582377314567566e-02 3.444729838520288467e-03 1.718585751950740814e-02 2.239633724093437195e-02 2.130801230669021606e-02 3.536420408636331558e-03 3.266093507409095764e-02 2.689875662326812744e-02 1.217188593000173569e-02 4.642054904252290726e-03 1.058378070592880249e-02 7.136791013181209564e-03 2.303630858659744263e-02 2.369523048400878906e-02 3.078717179596424103e-02 1.171419396996498108e-02 9.372942149639129639e-03 4.153860732913017273e-02 3.000054694712162018e-02 9.612366557121276855e-03 2.880728617310523987e-02 2.629766985774040222e-02 9.934022091329097748e-03 4.666490852832794189e-02 3.332020342350006104e-02 7.795835845172405243e-03 3.961601480841636658e-02 1.854992471635341644e-02 2.419597283005714417e-02 3.531462699174880981e-02 1.982287131249904633e-02 1.354776415973901749e-02 4.719702061265707016e-03 1.058829948306083679e-02 1.647086627781391144e-02 1.283020246773958206e-02 2.828033268451690674e-02 4.507575556635856628e-02 3.280055243521928787e-03 7.960458844900131226e-02 4.107450600713491440e-03 7.465113885700702667e-03 1.719728694297373295e-03 5.548218637704849243e-02 4.806351661682128906e-02 1.329334336332976818e-03 1.518511679023504257e-03 1.027493085712194443e-02 1.374487020075321198e-02 2.341515198349952698e-02 4.082618281245231628e-03 6.416207551956176758e-02 2.348759770393371582e-02 3.671586886048316956e-02 5.902720149606466293e-03 1.956740580499172211e-02 1.579444296658039093e-02 9.280414320528507233e-03 9.415744803845882416e-03 4.768720827996730804e-03 6.379884202033281326e-03 2.426475659012794495e-02 1.236789394170045853e-03
6.036226078867912292e-02 1.484905090183019638e-02 1.341831982135772705e-01 6.040727254003286362e-03 4.050835594534873962e-02 4.624776914715766907e-02 4.837343096733093262e-02 2.606863081455230713e-01 3.469557315111160278e-02 1.046818774193525314e-02 3.357049822807312012e-02 1.394183374941349030e-02 5.380572006106376648e-02 2.924273163080215454e-02 1.138001307845115662e-01 2.860541455447673798e-02 1.871536299586296082e-02 1.609690859913825989e-02 6.813264638185501099e-02 3.589886799454689026e-02 2.491352520883083344e-02 2.075901441276073456e-02 3.814154863357543945e-02 1.912726089358329773e-02 6.366114318370819092e-02 2.096844092011451721e-02 1.620737835764884949e-02 7.243998348712921143e-03 7.995092310011386871e-03 2.726274356245994568e-02 3.060626611113548279e-02 4.185606911778450012e-02 3.027968481183052063e-02 5.773502867668867111e-03 2.671172842383384705e-02 1.022153813391923904e-02 3.145278617739677429e-02 1.045420467853546143e-01 2.167290821671485901e-02 5.393358878791332245e-03 2.058801241219043732e-02 1.997496373951435089e-02 1.951781660318374634e-02 1.725016087293624878e-01 7.643581926822662354e-02 4.105712473392486572e-02 4.545428790152072906e-03 4.445939883589744568e-02 3.418765589594841003e-02 1.156725082546472549e-02 2.510903589427471161e-02 4.672183468937873840e-02 4.824999347329139709e-02 5.693167075514793396e-02 3.607460111379623413e-02 2.014680020511150360e-02 3.354790853336453438e-03 1.635306514799594879e-02 4.922731965780258179e-02 2.597643621265888214e-02 3.601377829909324646e-02 6.777680665254592896e-02 1.464959830045700073e-01 2.130094729363918304e-02 4.987819120287895203e-02 4.632261395454406738e-02 2.845710143446922302e-02 2.244313247501850128e-02 5.184860900044441223e-02 2.564519818406552076e-04 8.890490047633647919e-03 2.892993576824665070e-02 1.956059969961643219e-02 5.946716666221618652e-02 1.382262166589498520e-02 5.105098336935043335e-02 4.448731243610382080e-02 2.719305269420146942e-02 2.241431735455989838e-02 1.954560633748769760e-03 2.432127296924591064e-01 5.607771873474121094e-02 2.310790121555328369e-03 9.352269582450389862e-03 6.527158617973327637e-02 1.918982714414596558e-02 1.897332817316055298e-01 2.580674551427364349e-02 3.393067512661218643e-03 3.103964030742645264e-02 2.121168561279773712e-02 2.962359599769115448e-02 1.783140562474727631e-02 3.415375202894210815e-02 6.363463401794433594e-02 8.838702924549579620e-04 1.291012577712535858e-02 3.586571663618087769e-02 5.725205410271883011e-03 4.110897425562143326e-03 4.319273307919502258e-02 9.705381467938423157e-03 2.952994965016841888e-02 6.156941503286361694e-02 3.281090781092643738e-02 5.681478232145309448e-02 3.887116163969039917e-02 2.780952956527471542e-03 7.344955950975418091e-02 2.055771648883819580e-02 2.891912125051021576e-02 5.777799338102340698e-02 1.392665505409240723e-02 4.519051313400268555e-02 3.596265334635972977e-03 4.079345241189002991e-02
4.095368832349777222e-02 2.563937101513147354e-03 6.040727254003286362e-03 1.737289279699325562e-01 2.862640023231506348e-01 1.445848494768142700e-03 3.833569958806037903e-02 2.058655768632888794e-02 1.986892335116863251e-02 4.988836869597434998e-02 1.103952620178461075e-02 1.935311406850814819e-02 2.684421278536319733e-02 2.840167284011840820e-02 2.804749086499214172e-02 7.796373683959245682e-03 4.632012173533439636e-02 7.766415178775787354e-02 4.704188555479049683e-02 1.242491137236356735e-02 2.923654951155185699e-02 2.016686601564288139e-03 4.198666289448738098e-02 2.581514418125152588e-02 2.685542404651641846e-02 3.065963461995124817e-02 2.407614327967166901e-02 5.031717196106910706e-02 4.671077057719230652e-02 1.035059895366430283e-02 1.309724524617195129e-02 4.468408226966857910e-02 2.505693584680557251e-02 1.047604437917470932e-02 3.193544968962669373e-02 2.452034037560224533e-03 4.968572780489921570e-02 1.541013736277818680e-02 9.478621184825897217e-02 1.049986854195594788e-01 2.467121370136737823e-02 2.818925492465496063e-02 9.028214961290359497e-03 9.411424398422241211e-02 1.454198360443115234e-02 2.024415880441665649e-03 1.061904802918434143e-02 6.777415052056312561e-03 2.687936089932918549e-02 2.085573505610227585e-03 4.332756157964468002e-03 3.407118096947669983e-02 4.000776261091232300e-02 2.613061480224132538e-02 2.004484087228775024e-02 1.342295110225677490e-02 6.522613111883401871e-03 5.100696813315153122e-03 6.940878927707672119e-02 1.435773354023694992e-02 2.601542696356773376e-02 3.244090080261230469e-02 7.955326139926910400e-02 5.614396557211875916e-02 3.978693112730979919e-02 6.507344078272581100e-03 1.491807197453454137e-04 2.122517116367816925e-02 4.021303728222846985e-02 5.099690053611993790e-03 6.629924476146697998e-02 1.522127073258161545e-02 1.290726214647293091e-01 2.920168079435825348e-02 1.102640405297279358e-01 1.854280568659305573e-02 4.056286066770553589e-03 2.976888231933116913e-02 1.001008879393339157e-02 3.643889352679252625e-02 4.290347173810005188e-02 1.184616237878799438e-02 9.273239970207214355e-02 8.767515420913696289e-02 7.340173237025737762e-03 1.391867827624082565e-02 2.783410996198654175e-02 1.160698570311069489e-02 1.067505329847335815e-01 5.133823305368423462e-02 8.519183844327926636e-03 1.848820783197879791e-02 2.530838362872600555e-03 2.448307815939188004e-03 1.005425862967967987e-02 7.534358650445938110e-03 3.016852587461471558e-02 7.014527916908264160e-02 2.037211321294307709e-02 5.471977405250072479e-03 5.269160494208335876e-03 4.958882462233304977e-03 2.955907583236694336e-02 8.321233093738555908e-02 6.165226921439170837e-02 1.823549903929233551e-02 2.485014125704765320e-02 3.021953999996185303e-02 3.004052303731441498e-02 1.951569132506847382e-02 1.241006143391132355e-02 2.863982692360877991e-03 5.715078674256801605e-03 6.021280772984027863e-03 4.703139886260032654e-02 1.420440990477800369e-02
1.409524120390415192e-02 7.096513290889561176e-04 4.050835594534873962e-02 2.862640023231506348e-01 1.834217756986618042e-01 2.485031075775623322e-02 1.805640989914536476e-03 1.614704541862010956e-02 6.944685243070125580e-03 1.660592854022979736e-02 2.890534931793808937e-03 1.707039214670658112e-02 2.315075322985649109e-02 5.897959228605031967e-03 1.018916163593530655e-02 4.860735964030027390e-03 3.147456794977188110e-03 2.052718214690685272e-02 8.830047398805618286e-02 9.073451161384582520e-03 2.211705315858125687e-03 1.781379431486129761e-02 5.267396196722984314e-02 4.149307310581207275e-02 5.342378839850425720e-02 3.240830078721046448e-02 4.831023514270782471e-02 4.941857233643531799e-02 4.107026755809783936e-02 4.206812009215354919e-02 5.053852871060371399e-02 3.791384398937225342e-02 3.898563608527183533e-02 4.696589894592761993e-03 5.910930037498474121e-02 8.522874675691127777e-03 2.805048227310180664e-02 9.717982262372970581e-03 1.739519983530044556e-01 1.845198422670364380e-01 3.070451691746711731e-02 3.038462437689304352e-02 2.006837632507085800e-03 1.159876883029937744e-01 2.841010689735412598e-02 5.768045783042907715e-03 9.879177436232566833e-03 2.226437674835324287e-03 6.450855173170566559e-03 3.129718825221061707e-02 6.065749097615480423e-03 4.946990311145782471e-02 3.664714843034744263e-02 3.165224567055702209e-02 1.429785694926977158e-02 1.038245949894189835e-02 1.347333844751119614e-02 1.124867983162403107e-02 2.821574918925762177e-03 1.062705088406801224e-02 5.579167976975440979e-03 5.029232706874608994e-03 5.755279958248138428e-02 1.035009920597076416e-01 5.451280996203422546e-02 5.911405663937330246e-03 1.854370720684528351e-02 3.270554542541503906e-02 1.224695146083831787e-02 4.070450365543365479e-02 8.562292903661727905e-03 1.430573314428329468e-02 9.113151580095291138e-02 2.401135861873626709e-03 1.890265345573425293e-01 5.789096001535654068e-03 1.972874999046325684e-02 2.364343963563442230e-02 2.879577502608299255e-02 6.321451067924499512e-02 1.871208474040031433e-02 1.803983934223651886e-03 8.231709897518157959e-02 1.918149739503860474e-01 1.012090221047401428e-02 3.673383593559265137e-02 2.198661863803863525e-02 3.041641227900981903e-02 2.486079372465610504e-02 3.992988541722297668e-02 1.158114057034254074e-03 2.125366590917110443e-02 2.157068811357021332e-02 2.082888595759868622e-02 1.696093677310273051e-04 2.176177501678466797e-02 7.280322257429361343e-03 5.623285844922065735e-02 7.560539990663528442e-02 6.135199218988418579e-02 9.017453528940677643e-03 2.743682637810707092e-02 1.811599172651767731e-02 5.307882279157638550e-02 9.513498842716217041e-02 5.206210166215896606e-02 2.925714850425720215e-02 1.451328303664922714e-02 2.521175332367420197e-02 4.794763028621673584e-02 2.722951024770736694e-02 5.554312840104103088e-02 1.538525708019733429e-02 3.996618557721376419e-03 2.820591907948255539e-03 5.137914046645164490e-02
1.161535531282424927e-01 1.247529536485671997e-01 4.624776914715766907e-02 1.445848494768142700e-03 2.485031075775623322e-02 1.054047420620918274e-01 1.710734814405441284e-01 6.777985394001007080e-02 4.397625476121902466e-02 2.191254682838916779e-02 5.166898295283317566e-02 1.307792365550994873e-01 3.555930405855178833e-02 3.830855013802647591e-03 1.722311414778232574e-02 3.819823637604713440e-02 3.340734168887138367e-02 2.407309412956237793e-02 5.208611860871315002e-02 2.576584182679653168e-02 1.851578056812286377e-02 2.909163758158683777e-02 2.291369251906871796e-03 1.032796408981084824e-02 3.287364233983680606e-05 2.090176008641719818e-02 3.123024478554725647e-02 1.174406707286834717e-02 6.566055119037628174e-03 1.152795366942882538e-02 3.434420377016067505e-02 1.386769814416766167e-03 9.040760924108326435e-04 7.250105962157249451e-03 2.179218269884586334e-02 2.183785662055015564e-02 1.658279448747634888e-02 3.065489418804645538e-02 4.639878123998641968e-02 1.145713310688734055e-02 2.167851850390434265e-02 5.852288380265235901e-02 7.227242924273014069e-03 2.561780624091625214e-02 4.998038057237863541e-03 7.536354009062051773e-03 1.417316943407058716e-01 1.180579215288162231e-01 2.246146788820624352e-03 3.981736674904823303e-02 2.037759113591164351e-04 5.538040772080421448e-02 3.514248505234718323e-02 6.482992321252822876e-03 3.033152408897876740e-02 2.770602330565452576e-02 2.387242391705513000e-02 1.712484285235404968e-02 2.370259026065468788e-03 5.215663695707917213e-04 1.688117533922195435e-02 9.151252917945384979e-03 8.508550934493541718e-03 1.853796094655990601e-02 2.441345015540719032e-03 2.737261354923248291e-02 1.614021137356758118e-02 4.263092577457427979e-02 2.960016392171382904e-02 5.842973664402961731e-02 3.640154376626014709e-02 1.798050478100776672e-02 2.552574872970581055e-02 3.995956853032112122e-02 2.424507029354572296e-02 4.257706552743911743e-02 7.029326632618904114e-03 7.636419497430324554e-03 2.898524049669504166e-03 5.898002535104751587e-03 9.589086403138935566e-04 6.602230668067932129e-02 4.402754828333854675e-03 3.936984762549400330e-02 3.988192602992057800e-02 1.510184351354837418e-02 5.058599635958671570e-02 2.079974859952926636e-02 2.937330305576324463e-02 4.298279434442520142e-02 8.009445667266845703e-02 3.617919608950614929e-02 8.751148730516433716e-02 1.366223394870758057e-02 5.193260032683610916e-03 2.383561618626117706e-02 5.950419604778289795e-02 6.770630180835723877e-02 1.432540919631719589e-02 2.034087106585502625e-02 3.683132678270339966e-02 1.911381632089614868e-02 3.585830330848693848e-02 6.868752650916576385e-03 7.971888780593872070e-02 2.677508071064949036e-02 1.000764686614274979e-02 6.336198747158050537e-02 7.364223897457122803e-02 9.156247600913047791e-03 2.160770259797573090e-02 3.489821776747703552e-02 7.908414117991924286e-03 2.210240252315998077e-02 4.754446819424629211e-02 7.729870826005935669e-02
8.713689446449279785e-02 1.134408786892890930e-01 4.837343096733093262e-02 3.833569958806037903e-02 1.805640989914536476e-03 1.710734814405441284e-01 1.164068207144737244e-01 7.009684108197689056e-03 1.062066876329481602e-03 2.145658060908317566e-02 5.069613829255104065e-02 6.714117713272571564e-03 3.158313035964965820e-02 7.363040000200271606e-03 2.685063518583774567e-02 5.650298669934272766e-02 4.167955741286277771e-02 2.641609869897365570e-02 7.879019528627395630e-02 1.997687295079231262e-02 7.738674059510231018e-03 2.740190178155899048e-02 2.573861740529537201e-02 1.701459847390651703e-02 4.820551723241806030e-03 2.436664886772632599e-03 1.956962421536445618e-02 4.793282970786094666e-02 1.672752015292644501e-02 4.151011630892753601e-02 1.044621225446462631e-02 2.151610096916556358e-03 1.020003855228424072e-02 1.007862229016609490e-04 2.632512897253036499e-02 2.706220559775829315e-02 8.702158927917480469e-03 2.633349224925041199e-02 6.282452493906021118e-03 6.076281424611806870e-03 6.024326384067535400e-02 1.423899270594120026e-02 1.107540540397167206e-02 1.631852984428405762e-02 1.501292828470468521e-02 5.131532624363899231e-02 1.206723749637603760e-01 1.580356061458587646e-01 7.118564564734697342e-03 8.932868018746376038e-03 2.096274308860301971e-02 3.354053944349288940e-02 4.687013849616050720e-02 1.001027692109346390e-02 1.647126115858554840e-02 2.850933931767940521e-03 2.645302377641201019e-02 3.765694797039031982e-02 1.552455779165029526e-02 1.008429215289652348e-03 2.405404113233089447e-02 2.136647142469882965e-02 7.213899865746498108e-03 7.747750263661146164e-03 1.217795629054307938e-02 6.267065182328224182e-03 1.795928808860480785e-03 1.683962903916835785e-02 1.238706056028604507e-02 3.066220786422491074e-03 2.429514192044734955e-03 2.357175573706626892e-03 1.244102697819471359e-02 1.945525035262107849e-02 2.467840164899826050e-02 3.514481475576758385e-03 2.362495847046375275e-02 6.139629986137151718e-03 1.943328604102134705e-02 2.081843325868248940e-03 2.096897922456264496e-02 1.171243749558925629e-02 1.160322595387697220e-02 4.128434881567955017e-02 7.808917434886097908e-04 4.327216651290655136e-03 7.577733602374792099e-03 1.552640367299318314e-02 1.378452591598033905e-02 4.566078260540962219e-02 7.075754553079605103e-02 4.667385015636682510e-03 1.193530336022377014e-01 8.293816819787025452e-03 3.411360085010528564e-02 1.865406706929206848e-02 5.522790923714637756e-02 2.077192068099975586e-03 2.849370986223220825e-02 3.618128970265388489e-02 2.606398425996303558e-02 1.420044526457786560e-02 2.289266698062419891e-02 2.720045298337936401e-02 7.884958386421203613e-02 3.716769570019096136e-04 3.622786328196525574e-02 1.760275335982441902e-03 2.388422377407550812e-02 3.791229682974517345e-04 8.489392930641770363e-04 1.725852303206920624e-02 4.213768523186445236e-03 1.036626379936933517e-02 4.508424084633588791e-03 8.141579106450080872e-03
1.318039000034332275e-02 6.542878225445747375e-03 2.606863081455230713e-01 2.058655768632888794e-02 1.614704541862010956e-02 6.777985394001007080e-02 7.009684108197689056e-03 9.519661962985992432e-02 2.608524635434150696e-03 3.780090436339378357e-02 2.587341517210006714e-02 6.345470249652862549e-02 1.994321355596184731e-03 2.539246343076229095e-02 1.365347504615783691e-01 3.934416919946670532e-02 3.039600327610969543e-03 2.582052908837795258e-02 1.010591909289360046e-01 6.404404342174530029e-02 1.108930166810750961e-02 6.621288508176803589e-02 2.562670502811670303e-03 1.288157980889081955e-02 3.202327992767095566e-03 3.586349636316299438e-02 4.000032693147659302e-02 5.786500498652458191e-02 1.363464910537004471e-02 3.951443359255790710e-03 1.490032579749822617e-02 1.258451957255601883e-02 4.376689344644546509e-02 2.691198699176311493e-02 3.918224573135375977e-02 3.904780000448226929e-02 1.254166942089796066e-02 5.243721231818199158e-02 7.919182069599628448e-03 6.538857519626617432e-02 5.716191232204437256e-02 1.745132543146610260e-02 2.778553590178489685e-02 5.525621026754379272e-02 3.337469696998596191e-02 4.702335968613624573e-02 1.968129165470600128e-02 1.130648050457239151e-02 2.230572048574686050e-03 2.164399996399879456e-02 3.659539669752120972e-02 5.271320044994354248e-02 2.314497716724872589e-02 2.241411246359348297e-02 3.914531692862510681e-02 6.372572388499975204e-03 1.228580903261899948e-02 6.387441419064998627e-03 9.053221438080072403e-04 2.077258937060832977e-02 5.051564797759056091e-02 4.032932221889495850e-02 5.017613992094993591e-02 3.029587119817733765e-02 6.117947865277528763e-03 1.765943318605422974e-02 3.214041888713836670e-02 9.587164968252182007e-03 4.983031377196311951e-02 1.799693331122398376e-02 2.180379116907715797e-03 1.761760748922824860e-02 2.172240987420082092e-03 1.348781306296586990e-02 4.342041537165641785e-02 6.218484044075012207e-02 4.500216990709304810e-02 1.807395555078983307e-02 1.636956259608268738e-02 2.946392400190234184e-03 1.521480083465576172e-01 2.532994560897350311e-02 5.328040942549705505e-02 4.059833288192749023e-02 4.534212127327919006e-02 1.564202271401882172e-02 1.175893247127532959e-01 4.113017581403255463e-03 2.842817455530166626e-02 4.499078169465065002e-02 3.155890852212905884e-02 3.779326379299163818e-02 6.279590539634227753e-03 1.701881550252437592e-02 4.441335797309875488e-02 1.586452685296535492e-02 2.003521658480167389e-04 8.020467124879360199e-03 2.704647183418273926e-02 9.968385566025972366e-04 3.512809285894036293e-03 6.110568065196275711e-03 4.254653584212064743e-03 8.958354592323303223e-04 5.848561879247426987e-03 4.270265623927116394e-02 8.767364919185638428e-02 2.205095626413822174e-02 2.593603217974305153e-03 9.430099278688430786e-03 2.604702487587928772e-02 1.086885482072830200e-02 9.354691952466964722e-03 5.561632663011550903e-02 6.306974589824676514e-02 2.036883495748043060e-02
2.470934065058827400e-03 1.864420250058174133e-02 3.469557315111160278e-02 1.986892335116863251e-02 6.944685243070125580e-03 4.397625476121902466e-02 1.062066876329481602e-03 2.608524635434150696e-03 1.453478485345840454e-01 1.002496480941772461e-01 1.679496094584465027e-02 6.077995523810386658e-02 3.851202875375747681e-02 4.259900003671646118e-02 1.448034774512052536e-02 6.383802741765975952e-03 1.983356662094593048e-02 9.407474845647811890e-02 7.446818519383668900e-03 5.382711812853813171e-02 1.903568208217620850e-02 3.257102891802787781e-02 1.905787177383899689e-02 2.834615996107459068e-03 1.399311888962984085e-02 2.690113894641399384e-02 1.495644217357039452e-03 5.391223728656768799e-02 1.379259489476680756e-02 5.742268264293670654e-02 2.923627197742462158e-02 3.567257896065711975e-02 2.585998363792896271e-02 5.886157974600791931e-03 3.000404313206672668e-02 5.379931256175041199e-02 1.984260231256484985e-02 1.519208122044801712e-02 1.944207586348056793e-02 1.210568938404321671e-02 5.578152090311050415e-02 2.633166499435901642e-02 4.209417477250099182e-02 5.916557740420103073e-03 7.596775144338607788e-02 7.571221888065338135e-02 3.573036566376686096e-02 3.034536167979240417e-02 6.994299590587615967e-02 1.731331460177898407e-02 1.889063790440559387e-02 1.822830922901630402e-02 2.085687778890132904e-02 3.739953413605690002e-02 1.437704861164093018e-01 4.433351755142211914e-02 1.150652114301919937e-02 6.348492950201034546e-02 2.480649016797542572e-02 2.240658551454544067e-02 1.591663621366024017e-02 2.341919206082820892e-02 4.084275290369987488e-02 9.859614074230194092e-03 3.194928914308547974e-02 3.543727472424507141e-02 2.117960527539253235e-02 3.336545825004577637e-02 6.047970056533813477e-02 6.805913150310516357e-02 2.149749547243118286e-02 6.691257655620574951e-02 2.994615118950605392e-03 7.318916916847229004e-02 7.879176735877990723e-02 1.166798323392868042e-01 1.486908793449401855e-01 8.855412900447845459e-02 1.559640616178512573e-01 8.936438709497451782e-02 1.190421078354120255e-02 3.860060870647430420e-02 5.226674489676952362e-03 4.403167590498924255e-02 1.418159343302249908e-02 1.044664159417152405e-02 1.412172522395849228e-02 5.468921735882759094e-02 9.693941473960876465e-02 2.072094706818461418e-03 2.673351578414440155e-02 4.593604803085327148e-02 2.389508532360196114e-03 2.227249369025230408e-02 9.089819341897964478e-02 4.975540190935134888e-02 2.190283685922622681e-02 8.608809113502502441e-02 3.415197879076004028e-02 1.354743540287017822e-01 9.247144684195518494e-03 2.438092604279518127e-02 1.284683030098676682e-02 1.024216786026954651e-02 4.060043022036552429e-02 1.479012519121170044e-02 6.277110427618026733e-02 4.729210957884788513e-02 2.761219628155231476e-02 4.203393682837486267e-02 9.212045930325984955e-03 3.113170899450778961e-02 2.585554122924804688e-02 8.627814240753650665e-03 7.987909018993377686e-03 8.979220874607563019e-03
5.320915207266807556e-02 2.243957482278347015e-02 1.046818774193525314e-02 4.988836869597434998e-02 1.660592854022979736e-02 2.191254682838916779e-02 2.145658060908317566e-02 3.780090436339378357e-02 1.002496480941772461e-01 1.158717647194862366e-01 1.355921756476163864e-02 5.612533539533615112e-02 1.902667246758937836e-02 3.335640206933021545e-02 3.712747246026992798e-02 4.299235530197620392e-03 3.812457621097564697e-02 4.175720363855361938e-02 8.421768248081207275e-02 3.286288306117057800e-02 1.317830104380846024e-02 3.873319178819656372e-02 4.382191970944404602e-02 7.209603209048509598e-04 2.900483831763267517e-02 1.303349155932664871e-02 1.481954567134380341e-02 9.213076531887054443e-02 1.812500879168510437e-02 2.210216596722602844e-02 2.634563297033309937e-02 2.463097916916012764e-03 1.739153452217578888e-02 2.775570936501026154e-02 1.067648734897375107e-02 7.465056329965591431e-02 4.889202862977981567e-02 1.628426648676395416e-02 1.847144588828086853e-02 4.601417109370231628e-02 6.612788885831832886e-02 5.532759241759777069e-03 6.117129325866699219e-02 9.229488670825958252e-03 1.487876288592815399e-03 9.023004770278930664e-02 1.622922904789447784e-02 3.695816174149513245e-02 1.728621311485767365e-02 4.644016921520233154e-02 5.267862603068351746e-02 1.134475751314312220e-04 1.601327583193778992e-02 4.205686226487159729e-02 3.421077132225036621e-02 8.191562443971633911e-02 7.984649389982223511e-03 6.295620929449796677e-03 1.975932158529758453e-02 4.969058930873870850e-02 6.629763171076774597e-03 2.938595041632652283e-02 4.599298536777496338e-02 4.715715348720550537e-02 3.961864858865737915e-03 1.161033567041158676e-02 3.187899477779865265e-03 5.080401524901390076e-02 8.214827626943588257e-02 2.796588093042373657e-02 2.256417460739612579e-02 3.868933394551277161e-02 7.113172858953475952e-02 1.924710348248481750e-02 3.247682005167007446e-02 4.041199758648872375e-02 6.216593831777572632e-02 2.107947468757629395e-01 5.319089069962501526e-02 1.253845095634460449e-01 2.876961417496204376e-02 2.825992926955223083e-02 5.448015034198760986e-02 4.414049908518791199e-02 1.425728481262922287e-02 1.066167000681161880e-02 5.471476167440414429e-02 3.522089868783950806e-02 5.556765478104352951e-03 2.164092473685741425e-02 6.048399023711681366e-03 1.349413953721523285e-02 2.322800830006599426e-02 1.320904400199651718e-02 5.473300814628601074e-02 5.030145123600959778e-02 4.978556931018829346e-02 4.018656536936759949e-02 3.141054650768637657e-03 7.425601780414581299e-02 1.588919013738632202e-02 1.497176848351955414e-02 1.358400657773017883e-02 5.434236023575067520e-03 5.052625760436058044e-02 5.345393717288970947e-02 2.584985643625259399e-02 1.811644993722438812e-02 2.761655487120151520e-04 3.762759268283843994e-02 2.102288603782653809e-02 8.503489079885184765e-04 2.500426955521106720e-03 1.725671999156475067e-02 4.469129815697669983e-02 5.247408989816904068e-04
9.339984506368637085e-02 3.965367749333381653e-02 3.357049822807312012e-02 1.103952620178461075e-02 2.890534931793808937e-03 5.166898295283317566e-02 5.069613829255104065e-02 2.587341517210006714e-02 1.679496094584465027e-02 1.355921756476163864e-02 1.256137639284133911e-01 3.896746784448623657e-02 6.742930412292480469e-02 1.535723172128200531e-02 3.664565505459904671e-03 1.708333194255828857e-02 2.627292275428771973e-02 6.062212865799665451e-03 7.095324993133544922e-02 4.933199658989906311e-02 1.868500560522079468e-02 3.714092448353767395e-02 2.090946026146411896e-02 2.516334876418113708e-02 1.990460045635700226e-02 2.870940417051315308e-02 2.578998170793056488e-02 3.011427633464336395e-02 1.062485426664352417e-01 3.619519621133804321e-02 5.962694063782691956e-02 2.981127053499221802e-02 2.625110559165477753e-02 3.652464365586638451e-03 1.623811759054660797e-02 1.665406487882137299e-02 1.188459433615207672e-02 1.374484412372112274e-02 1.480449642986059189e-02 2.572997659444808960e-02 1.017619669437408447e-02 4.322578315623104572e-04 1.740299165248870850e-02 5.814968049526214600e-02 5.037658847868442535e-03 2.448526956140995026e-02 1.041740179061889648e-01 4.524365067481994629e-02 2.149180974811315536e-03 3.439129143953323364e-02 4.450761154294013977e-02 8.447120897471904755e-03 6.595527287572622299e-03 1.466484926640987396e-02 1.636333949863910675e-02 3.797539323568344116e-02 9.356357157230377197e-03 1.475891098380088806e-03 1.293888967484235764e-02 3.373478353023529053e-02 6.023028399795293808e-03 1.021571923047304153e-02 9.304383769631385803e-03 3.743888065218925476e-02 6.630584597587585449e-02 6.544389575719833374e-02 8.038181811571121216e-03 1.071156840771436691e-02 4.452199675142765045e-03 8.126916363835334778e-03 3.355479985475540161e-02 7.059486117213964462e-03 5.770480260252952576e-03 6.861196458339691162e-02 3.276664763689041138e-02 1.413566991686820984e-02 2.961179800331592560e-02 2.451743558049201965e-02 3.406095318496227264e-03 1.519740466028451920e-02 5.479574948549270630e-02 9.458922781050205231e-03 3.882668539881706238e-02 2.514982223510742188e-02 1.704909279942512512e-02 1.803901419043540955e-02 5.078893154859542847e-02 5.226796865463256836e-02 1.977387815713882446e-02 1.688651926815509796e-02 6.820404529571533203e-02 2.537610940635204315e-02 5.530713498592376709e-02 2.101835235953330994e-02 5.749230459332466125e-02 2.805172000080347061e-03 4.405610729008913040e-03 2.909824484959244728e-03 3.001943416893482208e-02 1.792868040502071381e-02 9.674811735749244690e-03 1.097683212719857693e-03 2.442034892737865448e-03 4.662330448627471924e-02 6.763181183487176895e-03 3.613770008087158203e-03 4.743947833776473999e-02 2.103480324149131775e-02 4.724981263279914856e-04 5.873389542102813721e-03 2.388913370668888092e-02 1.089598890393972397e-02 1.223312923684716225e-03 2.548256702721118927e-02 4.237538948655128479e-02 1.432483177632093430e-02
2.180771157145500183e-02 3.343799151480197906e-03 1.394183374941349030e-02 1.935311406850814819e-02 1.707039214670658112e-02 1.307792365550994873e-01 6.714117713272571564e-03 6.345470249652862549e-02 6.077995523810386658e-02 5.612533539533615112e-02 3.896746784448623657e-02 1.078468784689903259e-01 4.428775608539581299e-02 3.026784062385559082e-01 2.878815867006778717e-02 8.390383422374725342e-02 5.069386679679155350e-03 1.486953906714916229e-02 1.999149657785892487e-02 3.329665213823318481e-02 5.042363423854112625e-03 8.196987211704254150e-02 8.767482638359069824e-02 3.138249367475509644e-02 9.399573318660259247e-03 2.459891326725482941e-02 8.012524247169494629e-02 2.007427960634231567e-01 3.642151877284049988e-02 3.349202685058116913e-03 6.683649867773056030e-02 1.461094059050083160e-02 1.537056080996990204e-02 2.553611993789672852e-02 3.205814212560653687e-02 6.937304139137268066e-02 7.910273969173431396e-02 2.988396212458610535e-02 2.604492940008640289e-02 3.497863560914993286e-02 3.850322961807250977e-02 4.407664388418197632e-02 5.405056849122047424e-02 1.745975017547607422e-02 8.742009848356246948e-02 6.829503457993268967e-03 3.565319254994392395e-02 1.628671586513519287e-02 4.771421477198600769e-02 1.229735556989908218e-02 4.133414104580879211e-02 4.218950122594833374e-02 1.153586618602275848e-02 7.979560643434524536e-02 6.050632148981094360e-02 4.173429682850837708e-03 4.516496136784553528e-02 3.203869611024856567e-02 3.378378227353096008e-02 5.853385478258132935e-02 5.060943774878978729e-03 1.699017547070980072e-02 3.139008209109306335e-02 6.433501839637756348e-02 3.057423233985900879e-02 6.063702329993247986e-02 1.822586543858051300e-02 5.885721370577812195e-02 8.374702185392379761e-02 1.018220856785774231e-01 3.183859959244728088e-02 2.693551592528820038e-03 5.430991947650909424e-02 1.573256403207778931e-01 4.958489164710044861e-02 5.580360814929008484e-02 2.578357234597206116e-02 2.225873433053493500e-02 6.070170179009437561e-02 1.753448857925832272e-03 7.419525831937789917e-02 4.225815832614898682e-02 1.245324984192848206e-01 1.395321730524301529e-02 2.995046973228454590e-02 2.663363120518624783e-04 6.058746948838233948e-02 6.122293323278427124e-02 4.844848811626434326e-02 1.689682528376579285e-02 7.693490944802761078e-03 3.940722439438104630e-03 5.629769712686538696e-02 4.950619861483573914e-02 3.878882527351379395e-02 3.886958956718444824e-02 1.244532316923141479e-01 4.203771427273750305e-02 5.673904344439506531e-02 4.933904111385345459e-02 3.251511231064796448e-02 1.645788142923265696e-04 4.129299521446228027e-02 5.605949461460113525e-02 3.103392384946346283e-02 3.018059767782688141e-02 3.215665370225906372e-02 5.006021261215209961e-02 7.481195777654647827e-02 1.320554502308368683e-02 1.284151431173086166e-02 1.970705389976501465e-02 2.360649406909942627e-02 1.384086906909942627e-02 3.271910920739173889e-02 3.131584823131561279e-02
4.652005806565284729e-02 4.819556698203086853e-02 5.380572006106376648e-02 2.684421278536319733e-02 2.315075322985649109e-02 3.555930405855178833e-02 3.158313035964965820e-02 1.994321355596184731e-03 3.851202875375747681e-02 1.902667246758937836e-02 6.742930412292480469e-02 4.428775608539581299e-02 1.155100390315055847e-01 5.152019858360290527e-02 8.401023223996162415e-03 5.015671718865633011e-03 6.988795474171638489e-03 3.082069568336009979e-02 3.815158456563949585e-02 3.918715938925743103e-02 5.175843462347984314e-02 2.248351089656352997e-02 3.620911017060279846e-02 1.182350050657987595e-02 1.619394123554229736e-02 3.182701766490936279e-02 1.132385525852441788e-02 2.167156524956226349e-02 1.168018952012062073e-02 7.488608825951814651e-04 9.839253500103950500e-03 1.754788449034094810e-03 1.492208149284124374e-02 3.071918711066246033e-02 2.365449257194995880e-02 3.048577532172203064e-02 2.173708379268646240e-02 6.380847655236721039e-03 1.856341399252414703e-02 5.057993158698081970e-02 6.913015618920326233e-03 1.063123438507318497e-02 2.750824391841888428e-02 4.489109665155410767e-02 2.147428318858146667e-02 9.688623249530792236e-03 6.159552931785583496e-02 5.842350050806999207e-02 4.829598963260650635e-02 4.910712316632270813e-02 1.705281995236873627e-02 1.948964037001132965e-02 1.386557798832654953e-02 1.557859964668750763e-02 4.080590326339006424e-03 1.693259924650192261e-02 8.010459132492542267e-03 1.206345390528440475e-02 4.426922183483839035e-03 3.800117643550038338e-03 6.454961840063333511e-03 9.117183275520801544e-03 3.283457830548286438e-02 9.154285653494298458e-04 2.150868996977806091e-02 4.420465975999832153e-02 1.247209683060646057e-02 3.909825161099433899e-02 3.358433768153190613e-02 3.968493267893791199e-02 9.011938236653804779e-03 2.495134063065052032e-02 9.777638129889965057e-03 2.945979684591293335e-02 3.962797671556472778e-02 1.502244826406240463e-02 3.135846182703971863e-02 3.535634279251098633e-02 1.082366239279508591e-02 3.791557252407073975e-02 1.961177401244640350e-02 4.303779080510139465e-02 2.973464503884315491e-02 8.055699057877063751e-03 1.905282773077487946e-02 1.671985909342765808e-02 3.425171831622719765e-03 4.988584201782941818e-03 3.899106383323669434e-02 2.693830756470561028e-03 4.187182709574699402e-02 1.507901772856712341e-02 8.085065335035324097e-02 4.068895801901817322e-02 3.838418796658515930e-02 9.463469497859477997e-03 9.798591025173664093e-03 1.515614613890647888e-02 2.689244039356708527e-02 1.456100773066282272e-02 1.549379341304302216e-02 1.158434804528951645e-02 2.534141018986701965e-02 6.120432633906602859e-03 5.994066596031188965e-03 2.555608935654163361e-02 3.622909635305404663e-02 2.343922108411788940e-02 9.723488241434097290e-03 2.915104664862155914e-02 2.036759629845619202e-02 4.571651294827461243e-02 1.097061950713396072e-02 2.038227580487728119e-02 3.534604981541633606e-02 4.094634950160980225e-02
