1.664324551820755005e-01 6.383579224348068237e-02 5.166610330343246460e-02 3.780530020594596863e-02 8.230043575167655945e-03 4.175768420100212097e-02 4.994007945060729980e-02 3.152788057923316956e-02 1.698894612491130829e-02 9.557367302477359772e-03 6.721851974725723267e-02 1.466289395466446877e-03 3.362429887056350708e-02 1.645971648395061493e-02 1.657602563500404358e-02 4.280125722289085388e-02 4.630371555685997009e-02 4.312201589345932007e-02 4.573025926947593689e-02 1.411446835845708847e-02 1.272928249090909958e-02 6.385728716850280762e-03 3.812691941857337952e-02 1.548965089023113251e-02 1.994113065302371979e-02 4.576542414724826813e-03 2.893612161278724670e-02 4.458500538021326065e-03 5.270862951874732971e-02 4.720204696059226990e-02 1.138839218765497208e-02 3.765254467725753784e-02 4.958378896117210388e-02 1.855477318167686462e-02 4.184638336300849915e-02 6.793840229511260986e-02 5.427892319858074188e-04 2.566480822861194611e-02 3.823343664407730103e-02 6.415197998285293579e-02 1.238949410617351532e-02 1.592184416949748993e-02 1.683580689132213593e-02 6.152276694774627686e-02 3.288317471742630005e-02 8.574391715228557587e-03 5.332228913903236389e-02 3.472752124071121216e-02 7.102595176547765732e-03 5.730127450078725815e-03 5.043104756623506546e-03 4.045282490551471710e-03 3.185290098190307617e-02 6.173742562532424927e-02 7.602068595588207245e-03 1.357384957373142242e-03 7.904259115457534790e-02 1.704891026020050049e-02 8.134211413562297821e-03 1.889488846063613892e-02 5.089244246482849121e-02 2.377517521381378174e-03 3.011583909392356873e-02 4.697894304990768433e-02 4.747138917446136475e-02 2.547739259898662567e-02 1.130675897002220154e-03 1.503167150076478720e-04 8.917550742626190186e-02 3.444762155413627625e-02 1.576140150427818298e-02 1.128834765404462814e-02 6.159056350588798523e-02 3.626411780714988708e-02 2.136280573904514313e-02 2.578090690076351166e-02 1.566896401345729828e-02 2.458437718451023102e-02 3.307717666029930115e-02 3.395389020442962646e-02 3.633542358875274658e-02 1.705610379576683044e-02 3.503876179456710815e-02 2.128967642784118652e-02 4.275274649262428284e-02 2.346582897007465363e-02 2.481293398886919022e-03 2.666117437183856964e-02 4.320387914776802063e-02 3.225502371788024902e-02 6.999566406011581421e-02 2.688326500356197357e-02 4.649190604686737061e-02 4.769272636622190475e-03 7.729835808277130127e-02 2.795885317027568817e-02 6.191080063581466675e-02 8.565179072320461273e-03 2.810006029903888702e-02 8.458321099169552326e-04 2.675532549619674683e-02 1.720050349831581116e-02 4.457635805010795593e-02 4.901814088225364685e-02 3.116132505238056183e-02 1.938044652342796326e-02 5.134172737598419189e-02 1.666260696947574615e-02 1.128490082919597626e-02 1.582611165940761566e-02 4.509622976183891296e-02 6.656753830611705780e-03 8.406110107898712158e-03 4.456529277376830578e-04 2.267924137413501740e-02 5.985454097390174866e-02
6.383579224348068237e-02 1.451628804206848145e-01 6.016352400183677673e-02 4.475736990571022034e-03 4.038038849830627441e-02 1.712187379598617554e-02 2.736300602555274963e-02 6.021477282047271729e-02 9.712173487059772015e-04 1.241825148463249207e-02 3.475598990917205811e-02 2.501385286450386047e-02 4.339806735515594482e-02 3.884128108620643616e-02 1.089967880398035049e-02 3.694148734211921692e-02 1.284901797771453857e-02 5.130202695727348328e-02 1.341256685554981232e-02 1.323952432721853256e-02 1.642883755266666412e-02 7.815782725811004639e-02 3.956416249275207520e-02 5.242320708930492401e-03 4.497811198234558105e-02 1.855456084012985229e-02 1.531091239303350449e-02 2.238466776907444000e-02 1.514594163745641708e-02 5.571679770946502686e-02 1.254265289753675461e-02 1.150413323193788528e-02 2.588900178670883179e-02 5.740497726947069168e-03 9.176198393106460571e-03 7.703054696321487427e-02 4.513937979936599731e-02 9.378816001117229462e-03 2.195135690271854401e-02 3.899063915014266968e-02 2.878831885755062103e-02 1.739040762186050415e-02 1.864922046661376953e-02 9.015180170536041260e-03 1.003523543477058411e-02 1.126605924218893051e-02 4.330790787935256958e-02 3.186146169900894165e-02 4.286295175552368164e-02 2.079380117356777191e-02 4.101408179849386215e-03 1.880552386865019798e-03 2.624631300568580627e-02 6.739850342273712158e-02 1.307575870305299759e-02 1.767127215862274170e-02 1.352131739258766174e-02 4.616560414433479309e-02 4.454818740487098694e-02 5.418436229228973389e-02 4.663624987006187439e-02 5.893419310450553894e-02 8.049421012401580811e-02 7.064198702573776245e-02 4.692175239324569702e-02 3.003480657935142517e-02 3.524501621723175049e-02 9.727111086249351501e-03 1.381528656929731369e-02 2.270561410114169121e-03 1.717108488082885742e-02 8.640007115900516510e-03 3.398986905813217163e-02 5.013342201709747314e-02 1.005541719496250153e-02 3.221205621957778931e-02 8.961079269647598267e-02 4.013658314943313599e-02 2.929943241178989410e-02 2.115413732826709747e-02 1.489408686757087708e-02 5.336538329720497131e-02 1.857342571020126343e-02 3.662505745887756348e-02 5.033471621572971344e-03 1.184547971934080124e-02 3.825965523719787598e-02 1.850661635398864746e-02 4.080228134989738464e-02 2.423989772796630859e-02 7.926337420940399170e-02 2.482642885297536850e-03 3.137823939323425293e-02 2.952245064079761505e-02 1.057856436818838120e-02 3.076321631669998169e-02 1.650134660303592682e-02 2.001364156603813171e-02 3.764338791370391846e-02 2.154977060854434967e-02 5.077591165900230408e-03 1.536253141239285469e-03 4.300949722528457642e-02 2.830030210316181183e-02 3.884342685341835022e-02 1.385986898094415665e-02 9.009379893541336060e-03 2.088007517158985138e-02 4.189302772283554077e-02 1.981900259852409363e-02 2.023629285395145416e-02 6.166167091578245163e-03 3.146281465888023376e-02 1.552006229758262634e-02 1.489179115742444992e-02 2.387466840445995331e-02
5.166610330343246460e-02 6.016352400183677673e-02 1.324736773967742920e-01 1.436064485460519791e-03 4.210883751511573792e-03 4.345379304140806198e-03 7.682059705257415771e-02 1.055614054203033447e-01 8.849322050809860229e-02 1.840239576995372772e-02 1.917673833668231964e-02 1.825077808462083340e-03 4.356591962277889252e-03 4.254966974258422852e-03 1.831473968923091888e-02 5.041718482971191406e-02 4.479152709245681763e-02 6.202055886387825012e-02 3.294527530670166016e-02 1.939549110829830170e-02 4.543931409716606140e-02 8.885362185537815094e-03 3.645314276218414307e-02 2.442449331283569336e-02 5.599508807063102722e-02 5.046093836426734924e-02 4.162776097655296326e-02 5.036814603954553604e-03 7.889313623309135437e-03 5.377563089132308960e-02 2.646074816584587097e-02 5.519962683320045471e-02 4.377404972910881042e-02 1.218097750097513199e-02 6.066989153623580933e-02 6.338484585285186768e-02 3.352340310811996460e-02 6.183465942740440369e-02 4.040568321943283081e-02 3.729132562875747681e-02 8.677928149700164795e-02 4.053631424903869629e-02 3.218202851712703705e-03 1.663940995931625366e-01 2.521387673914432526e-02 3.948423638939857483e-02 6.138661876320838928e-02 2.808474563062191010e-02 5.717336386442184448e-02 9.487286210060119629e-03 6.021637842059135437e-02 1.290579587221145630e-01 4.984119441360235214e-03 1.279713306576013565e-02 1.128749102354049683e-01 7.244769483804702759e-02 5.063558369874954224e-02 5.942868441343307495e-02 6.466103345155715942e-02 1.150378137826919556e-01 3.328568488359451294e-02 8.415503054857254028e-02 3.426493704319000244e-02 3.529226407408714294e-02 3.823295980691909790e-02 2.369434107095003128e-03 5.369180813431739807e-03 2.438614703714847565e-02 2.818934805691242218e-02 1.105793938040733337e-02 2.701011300086975098e-02 1.034524571150541306e-02 7.097732275724411011e-02 4.789923503994941711e-02 1.789025403559207916e-02 3.512757271528244019e-02 5.111369863152503967e-02 6.113764643669128418e-02 5.238422006368637085e-02 4.572481662034988403e-02 2.665898799896240234e-01 6.542783975601196289e-02 8.744027465581893921e-02 8.191512897610664368e-03 3.046385943889617920e-02 5.081601440906524658e-03 1.976197212934494019e-02 2.860734052956104279e-02 4.364677146077156067e-02 6.318371742963790894e-02 6.334007531404495239e-02 4.023586865514516830e-03 4.908599331974983215e-02 3.465476632118225098e-02 6.423453986644744873e-02 1.107945442199707031e-01 2.797159925103187561e-02 7.345070689916610718e-02 7.185454666614532471e-02 5.826141685247421265e-02 4.630998522043228149e-02 1.777473464608192444e-02 4.699722304940223694e-02 9.696908295154571533e-02 4.686897620558738708e-02 6.713281036354601383e-04 2.077281102538108826e-02 1.239717099815607071e-02 1.083781421184539795e-01 5.979505367577075958e-03 3.807461634278297424e-02 1.187260299921035767e-01 4.785104468464851379e-02 2.338957600295543671e-02 5.458025634288787842e-02 2.732784487307071686e-03
3.780530020594596863e-02 4.475736990571022034e-03 1.436064485460519791e-03 1.860708594322204590e-01 1.141470074653625488e-01 4.553012549877166748e-02 2.633870020508766174e-02 4.122271668165922165e-03 5.679833516478538513e-02 3.144503757357597351e-02 3.713856637477874756e-02 6.563492119312286377e-02 2.854925952851772308e-02 7.206498831510543823e-02 4.992536827921867371e-02 2.626702375710010529e-02 7.016531378030776978e-02 2.337079204153269529e-04 5.879250820726156235e-03 3.326245397329330444e-02 2.609417773783206940e-02 7.745634764432907104e-03 6.782957911491394043e-02 2.515981532633304596e-02 1.721257343888282776e-02 2.783867157995700836e-02 3.181660920381546021e-02 6.211632117629051208e-02 2.718285471200942993e-02 2.531719021499156952e-02 3.413291275501251221e-02 9.668229147791862488e-03 5.800765380263328552e-02 7.183201145380735397e-03 3.071213141083717346e-02 4.780928138643503189e-03 4.295641183853149414e-02 3.535943850874900818e-02 2.110062912106513977e-02 5.157288163900375366e-02 2.906307578086853027e-02 4.855744540691375732e-02 1.349201798439025879e-02 2.458876185119152069e-02 7.392892241477966309e-02 1.965930499136447906e-02 3.779464215040206909e-02 3.172294795513153076e-02 8.052133023738861084e-02 2.500962652266025543e-02 1.779393106698989868e-02 1.675712689757347107e-02 2.939468249678611755e-02 4.501741006970405579e-02 1.530561223626136780e-02 3.228919580578804016e-02 4.291618615388870239e-02 5.288403108716011047e-02 1.403068192303180695e-02 4.902698099613189697e-02 9.931354224681854248e-02 4.225234314799308777e-02 6.585690379142761230e-02 3.163106739521026611e-02 1.414658967405557632e-02 2.826071530580520630e-02 9.317759424448013306e-03 2.930408343672752380e-02 1.037383452057838440e-01 2.103933878242969513e-02 7.586359977722167969e-02 3.137714415788650513e-02 1.703143864870071411e-01 2.284063026309013367e-02 1.335760354995727539e-01 1.847082935273647308e-02 4.499924369156360626e-03 7.789189368486404419e-02 4.592455923557281494e-02 2.933344058692455292e-02 9.500286541879177094e-03 3.117272863164544106e-03 4.378015547990798950e-02 9.126960486173629761e-02 6.790431588888168335e-02 1.643259637057781219e-02 8.049573004245758057e-02 3.118593804538249969e-02 5.352916195988655090e-02 1.861736364662647247e-02 3.189818561077117920e-02 2.018746547400951385e-02 3.603439033031463623e-02 6.581169366836547852e-02 4.547175392508506775e-02 1.131333503872156143e-02 1.043132040649652481e-03 2.020268142223358154e-02 5.567059665918350220e-02 2.562880516052246094e-02 4.553465638309717178e-03 3.246887773275375366e-02 2.106764912605285645e-02 5.748649686574935913e-02 5.724389851093292236e-02 9.848750196397304535e-03 4.056320060044527054e-03 5.429389700293540955e-02 3.305790945887565613e-02 1.045424770563840866e-02 3.244645893573760986e-02 5.403613299131393433e-02 4.181364551186561584e-02 3.340861201286315918e-02 6.829896569252014160e-02 3.674681065604090691e-03
8.230043575167655945e-03 4.038038849830627441e-02 4.210883751511573792e-03 1.141470074653625488e-01 1.639349460601806641e-01 9.953687898814678192e-03 1.230260450392961502e-02 3.888862440362572670e-03 1.003931276500225067e-02 6.306967884302139282e-02 5.719047621823847294e-04 2.865654043853282928e-02 5.610910803079605103e-02 3.426783904433250427e-02 7.013243436813354492e-02 4.746989905834197998e-02 2.456499263644218445e-02 4.751001670956611633e-02 5.051447451114654541e-02 5.157512053847312927e-02 3.772053122520446777e-02 2.127034217119216919e-02 8.412504196166992188e-02 2.002885565161705017e-02 6.325825303792953491e-02 3.532846271991729736e-02 5.414051935076713562e-02 3.123925765976309776e-03 5.149534717202186584e-02 6.978125893510878086e-04 2.373369224369525909e-02 1.282562501728534698e-02 3.883291408419609070e-02 2.694369666278362274e-02 3.176278434693813324e-03 1.505179423838853836e-02 2.787431515753269196e-02 8.818307891488075256e-03 6.347360461950302124e-02 3.129842132329940796e-02 1.490271929651498795e-02 3.933911770582199097e-02 4.233934357762336731e-02 1.191110350191593170e-02 8.235570788383483887e-02 8.231587707996368408e-02 8.819195441901683807e-03 1.243582181632518768e-02 5.282134190201759338e-02 2.154583297669887543e-02 8.445938001386821270e-04 2.438069507479667664e-02 7.416050881147384644e-02 2.465443313121795654e-02 8.393520861864089966e-02 1.478593330830335617e-02 8.456543087959289551e-03 1.085541862994432449e-02 2.210405841469764709e-02 3.959866613149642944e-02 4.363895952701568604e-02 1.444943621754646301e-02 8.677130192518234253e-02 1.072545722126960754e-01 3.212877735495567322e-02 3.379686549305915833e-02 5.872716382145881653e-02 6.261274684220552444e-03 3.918115422129631042e-02 6.413086503744125366e-02 7.988993823528289795e-02 9.709167294204235077e-03 5.114817991852760315e-02 1.829238794744014740e-02 1.779292374849319458e-01 5.179593339562416077e-02 7.781757973134517670e-03 3.797027468681335449e-02 9.605722874402999878e-02 3.729384392499923706e-02 4.422198608517646790e-02 3.343779966235160828e-02 2.885185182094573975e-02 1.830998621881008148e-02 1.337569393217563629e-02 4.864845890551805496e-03 1.012668665498495102e-02 1.769336499273777008e-02 1.522778905928134918e-02 7.772612571716308594e-02 5.167479440569877625e-02 2.220868319272994995e-02 5.183395370841026306e-02 5.023561045527458191e-02 1.498048007488250732e-02 4.126602783799171448e-02 9.515010169707238674e-04 5.398218706250190735e-02 2.214717492461204529e-02 1.267297193408012390e-02 3.396363183856010437e-02 3.571699559688568115e-02 4.612789303064346313e-02 1.209479663521051407e-02 3.174495359417051077e-04 7.255481183528900146e-02 6.534064561128616333e-02 3.745010867714881897e-02 1.551053486764431000e-02 4.940150771290063858e-03 2.400902844965457916e-02 4.750438779592514038e-02 1.866219192743301392e-02 4.870612174272537231e-02 5.133399739861488342e-02 1.525605618953704834e-01
4.175768420100212097e-02 1.712187379598617554e-02 4.345379304140806198e-03 4.553012549877166748e-02 9.953687898814678192e-03 1.550588905811309814e-01 1.000558659434318542e-01 1.299688476137816906e-03 3.518695384263992310e-02 4.465818870812654495e-03 2.793800458312034607e-02 2.172997407615184784e-02 4.900387674570083618e-02 4.311605542898178101e-02 2.536682598292827606e-02 1.761613646522164345e-03 5.028697475790977478e-02 4.233511164784431458e-02 4.288739990442991257e-03 1.315024308860301971e-02 1.024573203176259995e-02 2.302921377122402191e-02 3.032701648771762848e-02 1.832199655473232269e-02 6.590031553059816360e-04 1.219152286648750305e-02 1.240162923932075500e-02 3.141853213310241699e-02 2.321190945804119110e-02 2.634196542203426361e-02 2.789916843175888062e-02 4.889267683029174805e-02 8.776443079113960266e-03 2.822663262486457825e-02 1.006353553384542465e-02 8.682657964527606964e-03 7.457448169589042664e-03 1.962098525837063789e-03 2.160716429352760315e-02 4.768503457307815552e-02 4.785658791661262512e-02 2.098165918141603470e-03 1.865795999765396118e-02 1.324137672781944275e-02 4.300273954868316650e-02 4.558791592717170715e-02 8.186031877994537354e-02 5.938006564974784851e-02 1.031645294278860092e-02 1.372443512082099915e-02 2.963010966777801514e-02 1.342488452792167664e-02 4.719581827521324158e-02 1.831171475350856781e-02 4.552527889609336853e-02 3.108270652592182159e-02 3.987577557563781738e-02 4.686343949288129807e-03 3.775113495066761971e-03 1.606544014066457748e-03 9.823317639529705048e-03 5.881424993276596069e-02 3.023370355367660522e-02 6.254869047552347183e-03 1.520425546914339066e-02 2.575122378766536713e-02 3.745017200708389282e-02 2.357111545279622078e-03 5.826273560523986816e-02 5.870546214282512665e-03 2.983114495873451233e-02 1.464723795652389526e-02 3.595136106014251709e-02 3.549324721097946167e-02 2.543601393699645996e-02 5.559596046805381775e-02 3.618655726313591003e-02 2.085996977984905243e-02 5.169054865837097168e-02 2.607175149023532867e-02 2.076148055493831635e-02 4.587478190660476685e-02 1.689059846103191376e-02 2.836842462420463562e-02 3.009730763733386993e-02 5.492877587676048279e-02 4.612429440021514893e-02 5.305237323045730591e-02 2.139313332736492157e-02 4.244719073176383972e-02 1.229302119463682175e-02 3.341793641448020935e-02 5.881280079483985901e-02 2.067016810178756714e-02 5.013240501284599304e-02 1.804037205874919891e-02 2.480858191847801208e-02 4.236807674169540405e-02 2.338131889700889587e-02 5.646766629070043564e-03 4.234024882316589355e-02 1.960570365190505981e-02 6.677717715501785278e-02 1.313556823879480362e-02 1.693735644221305847e-02 2.436749450862407684e-02 4.714028909802436829e-02 1.803708821535110474e-02 2.018685452640056610e-02 7.064838893711566925e-03 4.651834070682525635e-02 6.437902338802814484e-03 1.266248337924480438e-02 5.595839582383632660e-03 5.958176404237747192e-02 6.702293455600738525e-02
4.994007945060729980e-02 2.736300602555274963e-02 7.682059705257415771e-02 2.633870020508766174e-02 1.230260450392961502e-02 1.000558659434318542e-01 1.472016721963882446e-01 2.649826928973197937e-02 7.097193039953708649e-03 4.054942727088928223e-02 6.271570920944213867e-02 1.576496986672282219e-03 4.633367061614990234e-02 1.751017011702060699e-02 7.996871136128902435e-03 1.612129248678684235e-02 4.009625688195228577e-02 4.537868872284889221e-02 3.459800034761428833e-02 2.853342704474925995e-02 2.554481476545333862e-02 2.127294242382049561e-02 1.757890102453529835e-03 1.931411586701869965e-02 2.159418724477291107e-02 3.375358507037162781e-02 1.110096275806427002e-02 2.410805411636829376e-02 2.034324407577514648e-02 3.220606222748756409e-02 6.137542426586151123e-02 6.396976113319396973e-02 3.213743865489959717e-02 9.099298767978325486e-05 4.738328978419303894e-03 4.470126703381538391e-02 1.807028613984584808e-02 3.002936020493507385e-02 6.761626899242401123e-02 4.843617230653762817e-02 6.500870734453201294e-02 3.496516868472099304e-02 6.278553511947393417e-03 4.375808313488960266e-02 2.270268835127353668e-02 5.131106451153755188e-02 5.685652792453765869e-02 1.147417649626731873e-01 2.732989843934774399e-03 3.006243705749511719e-02 2.658042125403881073e-02 1.007802039384841919e-02 9.882154874503612518e-03 1.607881672680377960e-02 2.457698807120323181e-02 4.714824724942445755e-03 1.385127310641109943e-03 2.209069393575191498e-02 6.781572941690683365e-03 6.076221354305744171e-03 2.713146805763244629e-02 7.338866591453552246e-02 6.157689541578292847e-02 3.667347878217697144e-02 3.006988670676946640e-03 4.956510663032531738e-02 2.798217907547950745e-02 7.659421768039464951e-03 9.377002716064453125e-02 4.477802198380231857e-03 4.990514740347862244e-02 9.477371349930763245e-04 3.518068790435791016e-02 5.555664538405835629e-04 1.535178255289793015e-02 2.582699619233608246e-02 5.702653154730796814e-02 5.471423268318176270e-02 9.385824203491210938e-02 2.677429467439651489e-02 3.142414242029190063e-02 6.246353732421994209e-04 6.381282955408096313e-02 6.892444938421249390e-02 3.410218283534049988e-02 4.604627937078475952e-02 1.671382971107959747e-02 2.759074978530406952e-02 7.155945058912038803e-03 1.793927326798439026e-02 6.667265668511390686e-03 3.431026637554168701e-02 6.823714077472686768e-02 4.164165630936622620e-02 1.771458238363265991e-02 4.655381664633750916e-02 8.006882667541503906e-02 2.717236056923866272e-02 2.519714832305908203e-02 1.166569814085960388e-02 3.614682704210281372e-02 3.955667093396186829e-02 6.638421863317489624e-02 2.857218869030475616e-02 2.806008234620094299e-02 1.492312178015708923e-02 2.368061989545822144e-02 2.835758961737155914e-02 5.216972157359123230e-02 3.936216980218887329e-02 1.215805392712354660e-02 3.820711746811866760e-02 2.826121449470520020e-02 7.937870919704437256e-03 3.255541622638702393e-02 2.776029147207736969e-02
3.152788057923316956e-02 6.021477282047271729e-02 1.055614054203033447e-01 4.122271668165922165e-03 3.888862440362572670e-03 1.299688476137816906e-03 2.649826928973197937e-02 1.334709972143173218e-01 3.990010917186737061e-02 4.722672514617443085e-03 7.123147137463092804e-03 3.528057783842086792e-02 5.448125302791595459e-02 3.245324641466140747e-02 5.962644889950752258e-02 5.325486510992050171e-02 1.932108029723167419e-02 3.802489861845970154e-02 1.479903887957334518e-02 5.426147254183888435e-04 1.216296665370464325e-02 1.157056540250778198e-02 5.301685258746147156e-02 2.374715730547904968e-02 2.850543521344661713e-02 3.525463491678237915e-02 8.411744609475135803e-03 2.037155069410800934e-02 4.800284281373023987e-02 1.045662444084882736e-02 4.060664679855108261e-03 2.947997860610485077e-02 5.177906528115272522e-02 2.783539332449436188e-02 4.050894826650619507e-02 4.516622051596641541e-02 9.377820789813995361e-02 1.708016172051429749e-02 6.006309390068054199e-02 6.135671585798263550e-02 3.680249676108360291e-02 6.302454322576522827e-02 8.348026312887668610e-03 9.136439859867095947e-02 1.703533227555453777e-03 2.226226776838302612e-02 3.059116564691066742e-02 3.098426386713981628e-03 7.414808031171560287e-03 6.426566280424594879e-03 2.541857399046421051e-02 2.979086246341466904e-03 1.797080598771572113e-02 3.742908127605915070e-03 3.829963505268096924e-02 2.756794542074203491e-02 2.648618631064891815e-02 6.244262307882308960e-02 4.484464600682258606e-02 1.110357977449893951e-02 9.247013367712497711e-03 3.392738476395606995e-02 6.752739846706390381e-02 2.586307562887668610e-02 2.966195531189441681e-02 1.508735492825508118e-02 8.989745378494262695e-02 1.946259173564612865e-03 2.386948652565479279e-02 2.369660325348377228e-02 2.871338464319705963e-02 4.628038033843040466e-02 3.626230359077453613e-02 1.968003995716571808e-02 2.645746245980262756e-02 6.266635376960039139e-03 4.206584766507148743e-02 2.572269644588232040e-03 9.255918674170970917e-03 4.529041796922683716e-02 1.211383342742919922e-01 1.154128760099411011e-01 4.562956094741821289e-02 3.677424043416976929e-02 5.055009201169013977e-02 5.030989274382591248e-02 8.843525499105453491e-02 6.635731458663940430e-02 6.245160102844238281e-02 1.323271077126264572e-02 4.975659772753715515e-02 1.376103330403566360e-02 3.309430903755128384e-04 2.799510955810546875e-02 2.954028733074665070e-02 1.646540185902267694e-04 6.084588170051574707e-02 1.118190214037895203e-02 1.023195777088403702e-02 1.805825158953666687e-02 1.304289698600769043e-02 1.937861181795597076e-02 5.508027970790863037e-02 8.736990392208099365e-03 1.342395134270191193e-02 2.707105886656790972e-04 2.530308999121189117e-02 9.445395320653915405e-02 2.918606996536254883e-02 5.503509193658828735e-03 4.301069304347038269e-02 4.175062477588653564e-02 6.333290785551071167e-02 2.728998474776744843e-02 2.460854686796665192e-02 3.753862157464027405e-02
1.698894612491130829e-02 9.712173487059772015e-04 8.849322050809860229e-02 5.679833516478538513e-02 1.003931276500225067e-02 3.518695384263992310e-02 7.097193039953708649e-03 3.990010917186737061e-02 1.971887201070785522e-01 8.868891000747680664e-02 2.789593301713466644e-02 5.585725978016853333e-02 2.667394699528813362e-03 3.713575750589370728e-02 1.653540879487991333e-02 5.719876661896705627e-02 5.004194006323814392e-02 1.001013666391372681e-01 9.828665293753147125e-03 8.514574170112609863e-02 5.547053180634975433e-03 1.620796509087085724e-02 5.674254149198532104e-02 4.006869718432426453e-02 2.849765308201313019e-02 4.070190340280532837e-02 3.905504941940307617e-02 5.226479470729827881e-02 3.274283185601234436e-02 8.919284678995609283e-03 2.454342134296894073e-02 3.386225551366806030e-02 2.184622175991535187e-02 3.626070544123649597e-02 4.866950958967208862e-02 1.180737558752298355e-02 2.323130145668983459e-02 1.027617231011390686e-02 1.158075779676437378e-02 7.369717210531234741e-02 2.120162360370159149e-02 3.733595088124275208e-02 4.896944388747215271e-02 2.598061040043830872e-02 1.291393190622329712e-01 4.774310812354087830e-02 4.195633810013532639e-03 4.924372583627700806e-02 1.322597712278366089e-01 8.645446039736270905e-03 2.387535572052001953e-02 2.431939356029033661e-03 5.115423724055290222e-02 2.708094008266925812e-02 1.960582584142684937e-01 4.054336994886398315e-02 2.200764790177345276e-02 3.270011022686958313e-02 2.020903676748275757e-02 1.946599595248699188e-02 2.902898006141185760e-03 3.552288189530372620e-02 1.333639472723007202e-01 8.027324825525283813e-02 4.538043215870857239e-02 1.441240869462490082e-02 1.770467497408390045e-02 1.506188511848449707e-02 9.342338144779205322e-02 3.064619936048984528e-02 6.238751579076051712e-03 6.565364077687263489e-03 6.326075643301010132e-02 2.022021822631359100e-02 1.447304431349039078e-02 9.267224930226802826e-03 2.505572736263275146e-01 1.055798307061195374e-01 1.385553330183029175e-01 4.190269112586975098e-02 1.117971241474151611e-01 1.182529050856828690e-02 4.336379934102296829e-03 3.289221599698066711e-02 8.314474485814571381e-03 2.720213867723941803e-02 4.046689427923411131e-04 5.673534050583839417e-02 3.920237347483634949e-02 2.637493982911109924e-02 2.217259071767330170e-02 2.183506824076175690e-02 2.646896056830883026e-02 1.500097569078207016e-02 3.639748319983482361e-05 2.904796786606311798e-02 3.015564754605293274e-02 1.980939647182822227e-03 3.666513413190841675e-02 2.307781978743150830e-04 2.590000070631504059e-02 1.094288658350706100e-03 5.270477384328842163e-02 4.014089331030845642e-02 7.290325313806533813e-02 4.778987169265747070e-02 1.285737496800720692e-03 3.354547917842864990e-02 8.222945965826511383e-03 3.953044116497039795e-02 2.894964255392551422e-02 8.364618569612503052e-02 6.333122029900550842e-03 2.059342525899410248e-02 1.484604086726903915e-02 7.189797610044479370e-02
9.557367302477359772e-03 1.241825148463249207e-02 1.840239576995372772e-02 3.144503757357597351e-02 6.306967884302139282e-02 4.465818870812654495e-03 4.054942727088928223e-02 4.722672514617443085e-03 8.868891000747680664e-02 1.469474136829376221e-01 2.600592561066150665e-02 5.258355662226676941e-02 1.976136490702629089e-02 5.551384016871452332e-02 3.558722138404846191e-02 3.342929109930992126e-02 1.030112965963780880e-03 1.216107793152332306e-02 5.412298068404197693e-02 9.370115003548562527e-04 8.627792820334434509e-03 5.587567389011383057e-02 5.465456098318099976e-02 5.333780869841575623e-02 4.533026739954948425e-02 1.565038599073886871e-02 4.647772386670112610e-02 3.345850482583045959e-02 3.516504773870110512e-03 2.665191330015659332e-02 2.500402275472879410e-03 2.478219009935855865e-02 2.716097980737686157e-02 4.966542124748229980e-02 1.493168529123067856e-03 3.436213824898004532e-03 3.738173842430114746e-02 2.762561850249767303e-02 5.524032190442085266e-02 2.001154934987425804e-03 6.353959441184997559e-02 3.301411867141723633e-02 1.918005943298339844e-02 3.599241375923156738e-02 3.434741497039794922e-02 7.976287603378295898e-02 9.472453035414218903e-03 1.820866949856281281e-02 2.470463886857032776e-02 4.354459419846534729e-02 2.897755242884159088e-03 6.420666817575693130e-03 3.767587617039680481e-02 2.696548774838447571e-02 1.861485466361045837e-02 5.553577095270156860e-02 5.714241415262222290e-02 6.511969864368438721e-02 6.179870688356459141e-04 5.315499380230903625e-03 6.340710446238517761e-03 2.890803851187229156e-02 2.572702057659626007e-02 2.976249437779188156e-03 2.296804450452327728e-02 2.243928983807563782e-02 3.027639351785182953e-02 2.156382799148559570e-02 6.877878308296203613e-02 5.302431434392929077e-02 3.985395189374685287e-03 3.957588225603103638e-02 5.964905023574829102e-02 2.437735721468925476e-02 7.109128683805465698e-02 3.842870704829692841e-03 3.635486215353012085e-02 9.519147872924804688e-02 1.043746545910835266e-01 1.091750785708427429e-01 1.701920107007026672e-02 2.955555683001875877e-03 5.301965866237878799e-03 3.416877985000610352e-02 3.147521615028381348e-02 3.429489955306053162e-02 5.337787792086601257e-02 7.638415787369012833e-03 4.655567556619644165e-02 7.779378443956375122e-02 4.171020165085792542e-02 3.135162964463233948e-02 4.809883236885070801e-02 2.507141977548599243e-02 6.858656555414199829e-02 5.460359156131744385e-03 1.775908167473971844e-03 2.524139359593391418e-02 1.724916510283946991e-02 3.462955355644226074e-02 3.852881118655204773e-02 3.138030692934989929e-02 1.354483701288700104e-02 2.185945771634578705e-02 9.574408829212188721e-02 1.504766847938299179e-02 1.227074023336172104e-02 2.946760132908821106e-02 1.292013376951217651e-02 4.131311085075139999e-03 1.627862267196178436e-02 2.935073897242546082e-02 8.506198413670063019e-03 2.510954253375530243e-02 1.002190448343753815e-02 7.081060111522674561e-02
6.721851974725723267e-02 3.475598990917205811e-02 1.917673833668231964e-02 3.713856637477874756e-02 5.719047621823847294e-04 2.793800458312034607e-02 6.271570920944213867e-02 7.123147137463092804e-03 2.789593301713466644e-02 2.600592561066150665e-02 1.416711062192916870e-01 2.116165868937969208e-02 1.689733751118183136e-02 6.852775346487760544e-03 5.918146111071109772e-03 1.554034370929002762e-02 1.976322196424007416e-02 1.143813040107488632e-02 4.123336076736450195e-02 6.653747521340847015e-03 3.434812184423208237e-03 4.823592025786638260e-03 4.139716923236846924e-02 3.576458245515823364e-02 2.905467990785837173e-03 2.791245933622121811e-03 6.764348596334457397e-03 2.127530053257942200e-02 5.447005853056907654e-02 5.011191964149475098e-02 3.511070832610130310e-02 4.088863357901573181e-02 2.995580434799194336e-02 2.055879682302474976e-02 1.766254939138889313e-02 5.761190131306648254e-02 1.400670036673545837e-02 2.973546041175723076e-03 2.095062658190727234e-02 2.087931707501411438e-02 3.910312801599502563e-02 9.765980765223503113e-03 1.693547703325748444e-02 4.718536138534545898e-02 7.977577857673168182e-03 3.987520560622215271e-02 3.339226171374320984e-02 7.139077037572860718e-02 1.615420356392860413e-02 5.675737280398607254e-03 2.564863115549087524e-02 8.639458566904067993e-03 1.271398086100816727e-02 2.305055223405361176e-02 1.677062176167964935e-02 3.070207498967647552e-02 5.645224824547767639e-02 9.295622818171977997e-03 4.026607051491737366e-02 7.241535186767578125e-02 7.417099550366401672e-03 2.428295649588108063e-02 3.199128806591033936e-02 1.868788152933120728e-02 4.637064412236213684e-02 1.459161657840013504e-02 2.729856781661510468e-02 4.967647138983011246e-03 2.970425970852375031e-02 3.631030023097991943e-02 8.934383280575275421e-03 5.183039233088493347e-03 2.581513114273548126e-02 3.429807350039482117e-02 2.037641033530235291e-02 4.525446519255638123e-02 4.086806997656822205e-02 4.262499511241912842e-02 3.950602188706398010e-02 6.825904711149632931e-04 2.514868974685668945e-02 1.939443871378898621e-02 4.203386232256889343e-02 4.609797894954681396e-02 2.198858000338077545e-02 7.169904187321662903e-03 1.368117425590753555e-02 1.403435133397579193e-02 3.036576323211193085e-02 1.872052997350692749e-02 6.339649111032485962e-02 3.190642967820167542e-02 7.236218452453613281e-02 2.323110774159431458e-02 1.159165892750024796e-02 2.363878302276134491e-02 5.880425125360488892e-02 2.127044461667537689e-02 2.141217701137065887e-02 3.496864112094044685e-03 1.092622336000204086e-02 1.118735317140817642e-02 5.772113054990768433e-02 9.425045922398567200e-03 1.413171365857124329e-02 3.796108439564704895e-02 2.166766673326492310e-02 5.973261967301368713e-02 4.447288811206817627e-03 4.642684385180473328e-02 5.856181681156158447e-02 1.529038697481155396e-02 9.047394618391990662e-03 3.724440466612577438e-03 3.346052020788192749e-02 5.368398874998092651e-02
1.466289395466446877e-03 2.501385286450386047e-02 1.825077808462083340e-03 6.563492119312286377e-02 2.865654043853282928e-02 2.172997407615184784e-02 1.576496986672282219e-03 3.528057783842086792e-02 5.585725978016853333e-02 5.258355662226676941e-02 2.116165868937969208e-02 1.942356973886489868e-01 6.007354706525802612e-02 2.040499448776245117e-01 6.193062663078308105e-02 5.177763849496841431e-02 2.068723924458026886e-02 2.204729802906513214e-02 3.151000663638114929e-02 5.676447413861751556e-03 3.134335391223430634e-03 2.696235291659832001e-02 1.153571903705596924e-01 9.565819799900054932e-02 1.740337722003459930e-02 4.452531784772872925e-02 2.169522456824779510e-02 1.248272508382797241e-01 3.234646469354629517e-02 1.198568493127822876e-01 1.944635808467864990e-02 1.276806648820638657e-02 8.232849650084972382e-03 4.482445120811462402e-02 3.878719732165336609e-02 1.806649565696716309e-02 4.246755689382553101e-02 2.991151064634323120e-02 3.936966508626937866e-02 4.178707674145698547e-02 1.168908998370170593e-01 3.860690072178840637e-02 3.318274393677711487e-02 4.216575250029563904e-02 7.067259866744279861e-03 3.136827610433101654e-03 3.929094877094030380e-03 4.963875934481620789e-02 2.074623107910156250e-02 4.495918750762939453e-03 1.757519785314798355e-03 7.464634627103805542e-02 2.610437758266925812e-02 8.577279746532440186e-02 1.460248976945877075e-01 4.062262363731861115e-03 4.631999507546424866e-02 3.671972453594207764e-02 1.909650117158889771e-02 2.348764799535274506e-02 4.080633446574211121e-02 7.713485509157180786e-02 3.174858540296554565e-02 1.344933081418275833e-02 2.267302200198173523e-02 1.200045458972454071e-02 2.440060488879680634e-02 4.100907593965530396e-02 1.662522181868553162e-02 3.000306524336338043e-02 4.409753158688545227e-02 4.458727315068244934e-02 4.372536391019821167e-02 3.886142745614051819e-02 2.954839692392852157e-05 6.000068411231040955e-02 8.546217530965805054e-02 8.431054651737213135e-02 4.117822274565696716e-02 6.824546027928590775e-03 4.753307625651359558e-02 2.297791279852390289e-02 2.391502261161804199e-02 6.851068884134292603e-02 1.311708055436611176e-02 4.880164936184883118e-02 2.568647265434265137e-02 8.056276291608810425e-02 7.042346149682998657e-02 8.062388747930526733e-02 4.100855812430381775e-02 2.686416357755661011e-02 4.310803487896919250e-02 5.820181686431169510e-03 2.286610752344131470e-02 2.516865171492099762e-02 2.633420191705226898e-02 1.042584516108036041e-02 2.949093841016292572e-02 4.734550043940544128e-02 5.255663767457008362e-02 3.357440000399947166e-03 6.116650532931089401e-03 4.402320832014083862e-02 4.943243041634559631e-02 4.351035505533218384e-02 3.964682668447494507e-02 2.323938533663749695e-02 1.951996237039566040e-02 2.769454941153526306e-02 3.341897577047348022e-02 7.649938762187957764e-02 4.537241905927658081e-02 2.530184388160705566e-02 3.558261692523956299e-02 2.805123291909694672e-02
3.362429887056350708e-02 4.339806735515594482e-02 4.356591962277889252e-03 2.854925952851772308e-02 5.610910803079605103e-02 4.900387674570083618e-02 4.633367061614990234e-02 5.448125302791595459e-02 2.667394699528813362e-03 1.976136490702629089e-02 1.689733751118183136e-02 6.007354706525802612e-02 1.507988274097442627e-01 6.255998462438583374e-02 6.406067311763763428e-02 4.518803954124450684e-02 2.762379497289657593e-02 1.541981287300586700e-02 6.663391739130020142e-02 5.664466693997383118e-02 1.792932115495204926e-02 3.598308190703392029e-03 2.530968189239501953e-02 5.345267709344625473e-03 4.677011456806212664e-04 7.009758614003658295e-03 6.933616846799850464e-02 4.959746450185775757e-02 3.981280326843261719e-02 1.915226690471172333e-02 5.071926489472389221e-02 2.780177257955074310e-02 7.615262176841497421e-03 6.376489531248807907e-03 1.083649042993783951e-02 5.096436012536287308e-03 2.103661932051181793e-02 4.568938538432121277e-02 9.033648297190666199e-03 2.779626101255416870e-02 6.469933688640594482e-02 1.042022369801998138e-02 9.574638679623603821e-04 6.088568642735481262e-02 3.102226182818412781e-03 1.117476262152194977e-02 3.967554122209548950e-02 3.309083729982376099e-02 2.366322465240955353e-02 2.757489914074540138e-03 2.952102944254875183e-02 3.042489849030971527e-02 5.395412445068359375e-02 5.337854474782943726e-02 2.719630254432559013e-03 2.727986499667167664e-02 5.512596573680639267e-03 9.894149377942085266e-03 1.493867207318544388e-02 7.127327471971511841e-02 1.154110184870660305e-03 2.200667932629585266e-02 2.209519408643245697e-02 2.831502445042133331e-02 1.706213131546974182e-02 6.179831176996231079e-02 1.277503906749188900e-03 1.843407750129699707e-03 5.553433671593666077e-03 3.084406629204750061e-02 4.131185263395309448e-02 1.988355070352554321e-02 2.503669261932373047e-02 3.605955839157104492e-02 4.200413078069686890e-02 3.328697383403778076e-02 6.819371879100799561e-02 1.906452700495719910e-02 2.824448607861995697e-02 1.900904066860675812e-02 4.452781379222869873e-02 2.591775543987751007e-02 6.645539402961730957e-02 2.843651687726378441e-03 2.695704810321331024e-03 1.190527342259883881e-02 3.243917599320411682e-02 5.686592683196067810e-02 3.957803174853324890e-02 8.495225571095943451e-03 3.741278126835823059e-02 2.325219288468360901e-02 5.325962230563163757e-02 2.510036900639533997e-02 2.914733067154884338e-02 1.384298969060182571e-02 7.309218868613243103e-03 1.474365685135126114e-02 4.946068394929170609e-03 6.534107495099306107e-03 3.699683584272861481e-03 7.440788205713033676e-03 5.548885092139244080e-04 1.059571374207735062e-02 3.394324332475662231e-02 1.818256266415119171e-02 2.913612499833106995e-02 2.874977886676788330e-02 1.497639692388474941e-03 1.690151728689670563e-02 8.833179599605500698e-04 4.572766274213790894e-02 5.377506837248802185e-03 2.265209332108497620e-02 1.784773357212543488e-02 2.168924733996391296e-02
