8.343958854675292969e-01 7.963534444570541382e-02 7.714931387454271317e-03 4.309946671128273010e-03 7.063802797347307205e-03 6.460054218769073486e-02 6.063347682356834412e-02 2.129258122295141220e-03 2.458567544817924500e-02 3.653065999969840050e-03 7.121011614799499512e-02 1.153502333909273148e-02 6.486894935369491577e-02 3.133032470941543579e-02 3.548746928572654724e-02 1.330134738236665726e-02 9.333500638604164124e-03 2.148694172501564026e-02 1.098545175045728683e-02 3.214663127437233925e-03 3.074296750128269196e-03 4.027268290519714355e-02 8.868123404681682587e-03 8.386237546801567078e-03 2.821078989654779434e-03 7.713844999670982361e-03 3.928677365183830261e-02 7.815223187208175659e-03 1.310807466506958008e-02 1.635598205029964447e-02 1.942394301295280457e-02 1.497106812894344330e-02 2.593390271067619324e-02 6.087705027312040329e-03 3.437721403315663338e-03 7.358505390584468842e-03 8.347109891474246979e-03 1.283062715083360672e-02 2.686212770640850067e-02 2.296168170869350433e-02 4.451999440789222717e-03 2.718025119975209236e-03 5.934827961027622223e-03 1.592723652720451355e-02 7.086947094649076462e-03 2.502135001122951508e-03 4.421359300613403320e-02 3.101365268230438232e-02 1.739980839192867279e-02 1.593698863871395588e-03 1.812910102307796478e-02 1.224678289145231247e-02 2.058321423828601837e-02 1.265565678477287292e-02 2.036765776574611664e-02 1.075384858995676041e-02 2.223967202007770538e-02 1.915666088461875916e-02 2.316101919859647751e-03 2.184832468628883362e-03 1.895124092698097229e-02 3.267831634730100632e-03 1.661754027009010315e-02 1.118237432092428207e-02 2.683305740356445312e-02 3.512084484100341797e-02 1.515297451987862587e-03 3.627011028584092855e-04 1.399929542094469070e-02 2.664727717638015747e-02 5.681347101926803589e-04 5.008732434362173080e-03 6.717971991747617722e-03 9.667613543570041656e-03 2.325274515897035599e-03 2.665543183684349060e-02 7.625104859471321106e-03 7.326629944145679474e-03 1.452976744621992111e-02 3.483233042061328888e-03 1.327544357627630234e-02 5.031545180827379227e-03 5.745361559092998505e-03 1.449618954211473465e-03 9.901070035994052887e-03 1.521245343610644341e-03 2.165947109460830688e-02 2.404765784740447998e-02 1.952163130044937134e-02 1.004755310714244843e-02 1.290903240442276001e-02 4.231059923768043518e-02 8.882809430360794067e-03 4.045361652970314026e-02 1.322212535887956619e-02 1.356566324830055237e-02 2.011922560632228851e-02 1.738410815596580505e-02 7.291572634130716324e-03 7.038848008960485458e-03 1.773934997618198395e-02 8.572129532694816589e-03 2.930130623281002045e-02 1.813679700717329979e-03 2.511155977845191956e-02 6.218141410499811172e-03 6.219507195055484772e-03 2.614044398069381714e-02 4.087909590452909470e-03 2.203406579792499542e-02 2.906666696071624756e-02 6.626267451792955399e-03 6.705658510327339172e-03 8.403249084949493408e-04 8.672103867866098881e-04 1.198718138039112091e-02
7.963534444570541382e-02 8.343958854675292969e-01 1.530432328581809998e-02 4.930216236971318722e-04 1.116782985627651215e-02 5.846623703837394714e-02 6.014819070696830750e-02 3.423484740778803825e-03 1.170224044471979141e-02 1.476445980370044708e-02 6.500740349292755127e-02 1.608342677354812622e-02 6.985320895910263062e-02 3.880660608410835266e-02 3.598485141992568970e-02 1.067623402923345566e-02 4.283017478883266449e-03 5.895104259252548218e-03 1.925150630995631218e-03 9.110990795306861401e-04 8.641611784696578979e-03 4.133743420243263245e-02 1.257271505892276764e-02 1.023506186902523041e-02 8.025114424526691437e-03 4.949287045747041702e-03 3.769711032509803772e-02 2.014825493097305298e-02 1.398020423948764801e-02 8.176012896001338959e-03 2.031986229121685028e-02 1.371520292013883591e-02 2.654741704463958740e-02 9.614213369786739349e-03 1.447293441742658615e-03 7.197274826467037201e-03 4.391174763441085815e-03 2.159288153052330017e-02 2.504995279014110565e-02 1.524899806827306747e-02 4.707598127424716949e-03 8.972260984592139721e-04 7.513760589063167572e-03 1.148580852895975113e-02 1.291630417108535767e-02 1.329629775136709213e-02 3.728052973747253418e-02 3.233302757143974304e-02 1.482354290783405304e-02 5.900509422644972801e-04 1.561351586133241653e-02 1.139243785291910172e-02 1.237038336694240570e-02 6.602878216654062271e-03 1.687850430607795715e-02 1.821804419159889221e-02 2.031620405614376068e-02 2.570369280874729156e-02 2.569583244621753693e-03 3.382822906132787466e-04 1.282797195017337799e-02 5.542102735489606857e-03 6.235961802303791046e-03 3.300070296972990036e-03 2.280905656516551971e-02 3.661408647894859314e-02 2.710101660341024399e-03 4.193110391497612000e-03 6.638856139034032822e-03 2.583914995193481445e-02 9.076057933270931244e-03 1.199532859027385712e-02 6.001763045787811279e-03 2.083077654242515564e-02 2.402651356533169746e-03 1.672201417386531830e-02 4.700688179582357407e-03 2.451118826866149902e-02 1.810591435059905052e-03 1.100429054349660873e-02 6.234376691281795502e-03 1.623302348889410496e-03 1.068849395960569382e-02 1.133482251316308975e-02 1.398101449012756348e-02 5.756291102443356067e-06 2.657075412571430206e-02 3.091868385672569275e-02 1.270794402807950974e-02 2.401546761393547058e-02 1.244255155324935913e-02 3.698572143912315369e-02 1.418360136449337006e-02 3.745959699153900146e-02 1.110287010669708252e-02 1.365065202116966248e-02 2.812997251749038696e-02 9.412821382284164429e-03 3.741414286196231842e-03 1.649123034439980984e-03 1.827624440193176270e-02 6.600743625313043594e-03 2.484630420804023743e-02 3.103991039097309113e-03 1.888127624988555908e-02 6.753976456820964813e-03 4.222915449645370245e-04 1.401692815124988556e-02 7.111723534762859344e-03 9.687037207186222076e-03 2.745578438043594360e-02 8.347592316567897797e-03 8.955880999565124512e-03 4.198134876787662506e-03 6.723352707922458649e-03 9.251736104488372803e-03
7.714931387454271317e-03 1.530432328581809998e-02 8.343958854675292969e-01 1.491741649806499481e-02 3.003617376089096069e-02 9.590946137905120850e-03 4.077652469277381897e-03 6.513646990060806274e-02 5.511930212378501892e-03 5.007793195545673370e-03 4.208492580801248550e-03 6.968046538531780243e-03 1.178871956653892994e-03 1.662324182689189911e-02 1.377708860673010349e-03 1.280647888779640198e-02 3.797289915382862091e-03 1.166427694261074066e-02 9.422456845641136169e-03 7.717811968177556992e-03 1.999905332922935486e-02 6.710528861731290817e-03 3.235640935599803925e-03 1.182393636554479599e-03 1.188633218407630920e-02 6.519094575196504593e-03 8.586154319345951080e-03 9.283160790801048279e-03 2.071265690028667450e-02 8.191532455384731293e-03 2.216852456331253052e-02 5.303537007421255112e-03 9.945200756192207336e-03 2.226384356617927551e-02 6.845838390290737152e-03 3.985989838838577271e-03 9.822987020015716553e-03 2.823646366596221924e-02 1.531681045889854431e-02 6.199873518198728561e-03 7.763402070850133896e-03 5.892513319849967957e-03 1.887395419180393219e-02 3.447370603680610657e-02 4.893925972282886505e-03 1.842346158809959888e-03 7.857979275286197662e-03 2.000642195343971252e-02 8.296119049191474915e-04 2.938091289252042770e-03 2.692503482103347778e-02 1.164007652550935745e-02 3.565529594197869301e-03 5.240271799266338348e-03 4.285165574401617050e-03 7.626701146364212036e-03 1.396553963422775269e-02 9.358802810311317444e-03 1.930718659423291683e-03 1.361537910997867584e-02 1.710432581603527069e-02 2.700551412999629974e-02 1.108280383050441742e-02 8.460528217256069183e-03 2.351098693907260895e-02 2.103546075522899628e-02 4.460462369024753571e-04 6.728991866111755371e-03 1.493693143129348755e-02 8.968979120254516602e-03 1.070545334368944168e-02 1.993898069486021996e-03 1.532357465475797653e-02 1.426491327583789825e-02 1.026606373488903046e-02 5.657714325934648514e-03 4.263955052010715008e-04 2.037671394646167755e-02 2.490709768608212471e-03 4.525159485638141632e-03 5.496492981910705566e-02 4.222089424729347229e-02 1.905196346342563629e-02 1.424224488437175751e-02 5.921696312725543976e-03 1.212600059807300568e-02 1.818897575139999390e-02 3.079566732048988342e-02 1.507323421537876129e-02 1.902286312542855740e-03 1.304077543318271637e-02 1.915309950709342957e-02 2.234727516770362854e-02 1.623259298503398895e-02 1.195976138114929199e-02 1.483713975176215172e-03 5.536884418688714504e-04 3.314396599307656288e-03 2.856430597603321075e-03 5.418781656771898270e-03 1.202369108796119690e-02 5.594910122454166412e-03 5.490461364388465881e-03 1.715846545994281769e-02 2.229764498770236969e-02 5.359344067983329296e-04 7.690254598855972290e-03 2.716416725888848305e-03 2.843676775228232145e-04 2.037802897393703461e-02 2.267426252365112305e-02 5.443572532385587692e-03 9.422435425221920013e-03 1.295985095202922821e-02 1.920800842344760895e-02 1.417048368602991104e-02
4.309946671128273010e-03 4.930216236971318722e-04 1.491741649806499481e-02 8.343958854675292969e-01 5.810480192303657532e-02 7.960310205817222595e-03 5.871048197150230408e-03 1.149285770952701569e-02 3.926225937902927399e-03 2.830996178090572357e-03 1.880610734224319458e-02 1.868399791419506073e-02 1.653780974447727203e-02 1.856315322220325470e-02 4.062781110405921936e-03 7.504018954932689667e-03 8.856961503624916077e-03 3.052046895027160645e-02 1.687995716929435730e-02 2.094030380249023438e-02 1.322892401367425919e-02 1.064864452928304672e-02 1.591538893990218639e-03 1.275669666938483715e-03 1.113806758075952530e-02 8.174335234798491001e-04 8.967790752649307251e-03 2.093558758497238159e-02 2.731162309646606445e-02 1.252414076589047909e-03 8.383170701563358307e-03 1.534658949822187424e-02 1.881772466003894806e-02 4.781109746545553207e-03 1.266305893659591675e-02 1.568880304694175720e-02 3.310371655970811844e-03 5.094954278320074081e-03 2.072280831634998322e-02 1.431391760706901550e-02 3.684021066874265671e-03 3.367890790104866028e-02 2.842243015766143799e-02 9.873871458694338799e-04 2.645897679030895233e-02 1.417158171534538269e-02 1.046246103942394257e-02 7.121453061699867249e-03 2.976061776280403137e-02 1.745518110692501068e-02 1.981406472623348236e-02 2.243337966501712799e-02 1.946929655969142914e-02 2.680974826216697693e-02 2.032792381942272186e-02 3.502368694171309471e-03 2.397544682025909424e-02 3.284555350546725094e-05 1.747446134686470032e-02 2.848380617797374725e-02 2.280029840767383575e-02 1.374874450266361237e-02 2.373749390244483948e-02 6.399296224117279053e-03 1.503821928054094315e-03 1.493656821548938751e-02 2.323376387357711792e-02 1.594307832419872284e-02 5.009202752262353897e-03 1.622577011585235596e-02 7.293365430086851120e-03 7.716117426753044128e-03 7.240293174982070923e-02 6.546743679791688919e-03 6.074619665741920471e-02 1.393483486026525497e-02 7.429460529237985611e-03 3.419164931983686984e-05 2.256050705909729004e-02 7.347542792558670044e-03 1.809318177402019501e-02 2.565979771316051483e-02 3.659617155790328979e-02 2.655046246945858002e-02 5.850272718816995621e-03 4.551990423351526260e-03 1.117356028407812119e-02 1.087398361414670944e-02 3.956825006753206253e-03 2.777864970266819000e-02 1.464904472231864929e-02 1.161089166998863220e-02 5.810805130749940872e-03 1.491384953260421753e-02 8.915563113987445831e-03 1.226572878658771515e-02 2.292001061141490936e-02 2.996113151311874390e-03 1.261379290372133255e-02 1.378360297530889511e-02 8.171811699867248535e-03 5.426124669611454010e-03 2.113078348338603973e-02 1.367136742919683456e-02 1.827033981680870056e-02 1.351203396916389465e-02 9.636305039748549461e-04 3.231984004378318787e-02 1.155181205831468105e-03 2.709606848657131195e-02 3.471892327070236206e-02 1.637518405914306641e-02 2.761856652796268463e-02 2.638879604637622833e-02 1.692763157188892365e-02 1.061616465449333191e-02
7.063802797347307205e-03 1.116782985627651215e-02 3.003617376089096069e-02 5.810480192303657532e-02 8.343958854675292969e-01 1.007046643644571304e-02 8.789258077740669250e-03 2.471408993005752563e-02 2.760487841442227364e-03 2.501176670193672180e-03 1.963300444185733795e-02 1.114553119987249374e-02 1.849887892603874207e-02 1.271437108516693115e-02 1.547957072034478188e-03 1.765331439673900604e-02 1.476436108350753784e-02 1.022250112146139145e-02 7.880431599915027618e-03 2.646614611148834229e-02 2.672964148223400116e-02 6.133964285254478455e-03 1.505583617836236954e-02 1.323217339813709259e-02 2.009574882686138153e-02 1.109400577843189240e-02 1.339763961732387543e-02 1.832338981330394745e-02 1.790368929505348206e-02 8.235977147705852985e-04 7.834237068891525269e-03 2.308617904782295227e-02 1.676999777555465698e-02 2.054806984961032867e-02 1.574637182056903839e-02 1.762345246970653534e-02 3.214046359062194824e-03 1.536849420517683029e-02 3.486826270818710327e-02 2.871487103402614594e-02 1.439722999930381775e-02 3.168055787682533264e-02 2.959187701344490051e-02 1.548278052359819412e-02 1.364777609705924988e-02 1.477397885173559189e-02 5.979360081255435944e-03 2.097145654261112213e-03 1.983988657593727112e-02 1.620290055871009827e-02 2.326118014752864838e-02 2.183874323964118958e-02 1.856773346662521362e-02 1.811149157583713531e-02 6.500178948044776917e-03 2.427458064630627632e-03 1.694607548415660858e-02 9.298454970121383667e-04 1.533620245754718781e-02 2.933493442833423615e-02 2.367750182747840881e-02 1.003477256745100021e-02 1.279182638972997665e-02 6.367689464241266251e-03 4.160440526902675629e-03 6.020152475684881210e-03 2.413442730903625488e-02 2.027193456888198853e-02 1.240975596010684967e-02 1.110822148621082306e-02 8.236428722739219666e-03 1.979368366301059723e-02 6.195430457592010498e-02 3.814276074990630150e-03 6.101737916469573975e-02 1.097193267196416855e-02 4.113829229027032852e-03 1.555809576530009508e-04 1.472889166325330734e-02 1.676663523539900780e-03 2.693046629428863525e-02 3.730258345603942871e-02 1.158512942492961884e-02 7.216115947812795639e-03 1.029793359339237213e-02 8.665428496897220612e-03 9.641635231673717499e-03 1.735062338411808014e-02 1.323638483881950378e-02 4.039576277136802673e-02 6.702665705233812332e-03 3.524217754602432251e-03 1.488714944571256638e-03 2.671062480658292770e-03 1.559420954436063766e-02 2.713267132639884949e-02 1.311359461396932602e-02 1.808343641459941864e-02 1.730543747544288635e-02 1.692756451666355133e-02 2.172303944826126099e-02 2.101331017911434174e-02 1.410668250173330307e-02 1.986175961792469025e-02 2.240427397191524506e-02 5.205789580941200256e-03 6.551359547302126884e-04 1.954454742372035980e-02 5.994148552417755127e-03 1.987598650157451630e-02 4.001135006546974182e-02 2.657113783061504364e-02 2.702862210571765900e-02 2.196226827800273895e-02 2.291599102318286896e-02 1.855158060789108276e-02
6.460054218769073486e-02 5.846623703837394714e-02 9.590946137905120850e-03 7.960310205817222595e-03 1.007046643644571304e-02 8.343958854675292969e-01 8.501025289297103882e-02 1.135371904820203781e-02 1.244406029582023621e-02 1.572493091225624084e-02 6.755783408880233765e-02 1.693970710039138794e-02 5.541256070137023926e-02 4.290561750531196594e-02 1.302228029817342758e-02 4.151738248765468597e-04 2.396526746451854706e-03 1.241241581737995148e-02 1.392510440200567245e-02 7.193940225988626480e-03 9.278174838982522488e-04 3.421193361282348633e-02 1.684185862541198730e-02 2.292420528829097748e-02 7.672694628126919270e-04 1.144311297684907913e-02 2.968548983335494995e-02 1.545701269060373306e-02 5.597300827503204346e-03 2.931729145348072052e-02 9.304807172156870365e-04 1.023076754063367844e-02 7.897741161286830902e-03 5.880516255274415016e-04 9.172226302325725555e-03 7.936512120068073273e-03 8.027000352740287781e-03 2.609642036259174347e-02 2.607488818466663361e-02 2.252358570694923401e-02 1.419937703758478165e-02 8.742118370719254017e-05 1.226802263408899307e-02 7.608655141666531563e-04 2.459858777001500130e-03 8.595683611929416656e-03 6.680238246917724609e-02 5.145560950040817261e-02 2.400617487728595734e-02 3.401769325137138367e-03 1.226755417883396149e-02 5.406911019235849380e-03 1.652580313384532928e-02 1.416879799216985703e-02 2.123804017901420593e-02 1.566840521991252899e-02 7.164957933127880096e-03 2.962432056665420532e-02 3.295381320640444756e-04 1.592326350510120392e-02 8.085746318101882935e-03 1.144104637205600739e-03 5.238803569227457047e-03 6.379944272339344025e-03 2.541500516235828400e-02 4.284986108541488647e-02 9.753901395015418530e-05 3.765840083360671997e-03 6.578861502930521965e-04 1.975821331143379211e-02 1.381454896181821823e-02 3.884752281010150909e-03 9.364580735564231873e-03 2.426815219223499298e-03 2.665962325409054756e-03 2.079948037862777710e-02 7.955878973007202148e-03 9.026971645653247833e-03 2.242576144635677338e-02 4.562785848975181580e-03 1.444991864264011383e-02 1.017063390463590622e-02 7.166871335357427597e-03 7.442774251103401184e-03 4.245344549417495728e-03 1.350675057619810104e-02 2.770661143586039543e-03 9.567949920892715454e-03 1.695325248874723911e-03 3.022689931094646454e-02 2.623994834721088409e-02 3.087808936834335327e-02 2.401162497699260712e-02 2.880922146141529083e-02 9.822700172662734985e-03 1.322310417890548706e-02 1.599099673330783844e-02 1.957202330231666565e-02 8.443602360785007477e-03 3.677400993183255196e-03 1.478223595768213272e-02 6.207451224327087402e-03 1.282239705324172974e-02 5.756304599344730377e-03 1.815928146243095398e-02 2.393515780568122864e-03 4.153117537498474121e-03 2.157160639762878418e-02 4.853697028011083603e-03 1.701318472623825073e-02 1.060451008379459381e-02 1.593563891947269440e-02 1.862866629380732775e-04 2.039048122242093086e-03 3.851342480629682541e-03 1.575133390724658966e-02
6.063347682356834412e-02 6.014819070696830750e-02 4.077652469277381897e-03 5.871048197150230408e-03 8.789258077740669250e-03 8.501025289297103882e-02 8.343958854675292969e-01 1.094130857381969690e-05 1.154398173093795776e-02 1.749474927783012390e-02 6.400531530380249023e-02 3.163825895171612501e-04 5.637702718377113342e-02 4.007648676633834839e-02 1.759593375027179718e-02 1.009890620480291545e-04 9.880493162199854851e-04 9.830246679484844208e-03 7.717149332165718079e-03 8.191828615963459015e-03 3.226425731554627419e-03 4.038189724087715149e-02 3.246152540668845177e-03 1.885656267404556274e-02 2.725493395701050758e-03 1.749418862164020538e-02 3.730727732181549072e-02 1.583142671734094620e-03 6.958848331123590469e-03 1.571132428944110870e-02 4.988412838429212570e-03 7.824648171663284302e-03 3.111012512817978859e-03 1.766037079505622387e-03 9.819656610488891602e-03 9.995760396122932434e-03 3.719346830621361732e-03 3.746975958347320557e-02 2.077178284525871277e-02 2.006960287690162659e-02 4.797386471182107925e-03 6.769829429686069489e-03 1.760533638298511505e-02 1.480870996601879597e-03 6.091563496738672256e-03 1.918452046811580658e-02 7.463577389717102051e-02 6.612799316644668579e-02 1.996807567775249481e-02 9.686769917607307434e-03 7.262554951012134552e-03 3.696624116855673492e-05 9.649930521845817566e-03 1.322338823229074478e-02 1.360798906534910202e-02 2.667986974120140076e-02 2.292288845637813210e-04 3.973983600735664368e-02 2.400006866082549095e-03 9.978833608329296112e-03 9.343736455775797367e-04 2.649014117196202278e-03 2.621682826429605484e-03 1.730810850858688354e-02 3.135553747415542603e-02 5.184990912675857544e-02 1.261545694433152676e-03 3.726043272763490677e-03 2.155951689928770065e-03 2.853402309119701385e-02 1.697869785130023956e-02 1.743869669735431671e-02 1.013125199824571609e-02 1.642176322638988495e-02 4.004602786153554916e-03 8.247334510087966919e-03 6.394880823791027069e-03 1.253821607679128647e-02 2.189683914184570312e-02 1.502003287896513939e-03 3.837639931589365005e-03 2.833547187037765980e-04 7.062024902552366257e-03 4.346226342022418976e-03 7.104687392711639404e-03 1.342497579753398895e-02 1.219668053090572357e-02 2.129475027322769165e-02 2.110742498189210892e-03 2.652397751808166504e-02 3.751407563686370850e-02 3.789469599723815918e-02 3.953463211655616760e-02 3.620414435863494873e-02 1.134562306106090546e-02 1.074779964983463287e-02 3.357841819524765015e-02 4.956951364874839783e-03 8.189472369849681854e-03 8.242585696280002594e-03 1.208140980452299118e-02 1.688727992586791515e-03 2.088437788188457489e-02 2.712101908400654793e-03 6.765075027942657471e-03 7.011074107140302658e-03 4.964750260114669800e-04 1.235752087086439133e-02 2.541047520935535431e-03 1.184430788271129131e-03 1.291268318891525269e-02 1.533626485615968704e-02 3.455029800534248352e-03 1.622235984541475773e-03 2.428991865599527955e-04 1.255255006253719330e-02
2.129258122295141220e-03 3.423484740778803825e-03 6.513646990060806274e-02 1.149285770952701569e-02 2.471408993005752563e-02 1.135371904820203781e-02 1.094130857381969690e-05 8.343958854675292969e-01 1.019922565319575369e-04 1.563864643685519695e-03 3.895175643265247345e-03 3.529553767293691635e-03 4.367830231785774231e-03 1.334873726591467857e-03 4.257540404796600342e-02 9.920158423483371735e-03 4.891080316156148911e-03 7.322564255446195602e-03 1.327924057841300964e-02 1.866966858506202698e-02 2.219118922948837280e-02 8.638856932520866394e-03 6.798737216740846634e-03 1.441410370171070099e-02 2.259470149874687195e-02 1.724832132458686829e-02 7.743052206933498383e-03 7.637133356183767319e-03 1.598351448774337769e-02 3.400837769731879234e-03 2.352769114077091217e-02 2.568743564188480377e-02 2.227956242859363556e-02 2.363466285169124603e-02 2.052885107696056366e-02 2.268348122015595436e-03 1.524238381534814835e-02 1.906383596360683441e-02 2.503377199172973633e-02 9.166678413748741150e-03 1.088095549494028091e-02 1.346760243177413940e-02 2.204632945358753204e-02 6.530214450322091579e-04 1.240531582880066708e-05 9.811040945351123810e-03 5.888429004698991776e-03 8.331473916769027710e-03 1.455599907785654068e-02 1.363539136946201324e-02 2.525578252971172333e-02 2.078707143664360046e-02 2.221304690465331078e-03 2.657441189512610435e-03 9.414808824658393860e-03 1.235229801386594772e-02 1.083068270236253738e-02 1.101968903094530106e-02 5.115770734846591949e-03 1.900664344429969788e-02 1.497382391244173050e-02 8.263571187853813171e-03 2.979875775054097176e-03 3.513966919854283333e-03 2.809324674308300018e-02 1.546282134950160980e-02 1.181333139538764954e-02 1.292253285646438599e-02 1.089459471404552460e-02 8.212220855057239532e-03 1.317200809717178345e-02 2.667466877028346062e-03 1.072339247912168503e-02 8.717362768948078156e-03 4.300397355109453201e-03 3.598414186853915453e-04 2.413470996543765068e-03 6.766370497643947601e-03 8.691357448697090149e-03 8.781578391790390015e-03 6.105187162756919861e-02 4.698065295815467834e-02 1.989743858575820923e-02 2.187292091548442841e-02 2.089409157633781433e-02 5.026010330766439438e-03 5.904200300574302673e-02 4.476651921868324280e-02 9.959066286683082581e-03 7.811755407601594925e-03 6.733977701514959335e-03 1.258965022861957550e-02 1.920045726001262665e-02 1.193100865930318832e-02 4.183461889624595642e-03 1.038902439177036285e-02 2.900397405028343201e-03 4.817465320229530334e-03 8.990791626274585724e-03 1.104414369910955429e-02 1.839556545019149780e-02 1.695539057254791260e-02 7.510065101087093353e-03 1.471879798918962479e-02 3.548060357570648193e-02 5.802194122225046158e-03 4.782335890922695398e-04 1.399988308548927307e-02 6.217608228325843811e-03 1.274863723665475845e-02 2.501920983195304871e-02 2.749511040747165680e-02 1.328806485980749130e-02 1.520002074539661407e-02 7.447700947523117065e-03 1.703805173747241497e-03
2.458567544817924500e-02 1.170224044471979141e-02 5.511930212378501892e-03 3.926225937902927399e-03 2.760487841442227364e-03 1.244406029582023621e-02 1.154398173093795776e-02 1.019922565319575369e-04 8.343958854675292969e-01 3.875111043453216553e-02 2.265976183116436005e-02 6.171387154608964920e-03 2.392211556434631348e-02 7.685984950512647629e-03 7.838828489184379578e-03 2.638801466673612595e-03 1.327524310909211636e-03 4.967560991644859314e-02 3.354506939649581909e-02 1.620551757514476776e-02 1.715178950689733028e-03 1.070715114474296570e-02 2.428811788558959961e-02 2.031056769192218781e-02 1.298725884407758713e-02 8.100723847746849060e-03 2.479335991665720940e-03 2.992630703374743462e-03 1.845086365938186646e-02 1.609858870506286621e-02 1.729129999876022339e-02 2.159379236400127411e-02 1.432430464774370193e-02 7.894797250628471375e-03 1.172520406544208527e-02 1.801655068993568420e-02 2.149583585560321808e-02 9.554728749208152294e-04 1.100606401450932026e-03 1.280964538455009460e-02 4.400200676172971725e-03 2.142846956849098206e-02 1.461979467421770096e-02 3.328928491100668907e-03 1.916357316076755524e-02 1.806234382092952728e-02 1.647930184844881296e-05 2.410816028714179993e-03 3.619882091879844666e-02 1.836284622550010681e-02 1.372060924768447876e-02 1.521546859294176102e-02 1.685842312872409821e-02 1.501716766506433487e-02 4.441856592893600464e-02 1.595733314752578735e-02 3.710370883345603943e-02 6.717653945088386536e-03 6.563388276845216751e-03 9.313452057540416718e-03 2.281891740858554840e-02 8.889267221093177795e-03 1.697220280766487122e-02 1.586185954511165619e-02 9.002511389553546906e-03 1.918635517358779907e-02 1.455006934702396393e-02 1.092620100826025009e-02 3.233648836612701416e-02 1.693048514425754547e-02 1.801148615777492523e-02 6.264402065426111221e-03 2.427702303975820541e-03 8.804673328995704651e-03 1.718471059575676918e-03 2.382008358836174011e-02 6.102784723043441772e-02 3.574105724692344666e-02 2.815597690641880035e-02 2.123090438544750214e-02 1.367620541714131832e-03 2.711783628910779953e-03 3.545721992850303650e-02 3.696599230170249939e-02 2.094255946576595306e-02 1.720011606812477112e-02 1.588593982160091400e-02 1.448063738644123077e-02 5.340913683176040649e-02 1.696260832250118256e-02 1.572143472731113434e-02 1.293014828115701675e-02 1.537521742284297943e-02 1.726733893156051636e-02 1.914860680699348450e-02 1.154673192650079727e-02 8.305276744067668915e-03 1.580365188419818878e-02 2.583813853561878204e-02 2.825506962835788727e-02 1.925817690789699554e-02 1.909073442220687866e-02 2.048462629318237305e-02 1.415440719574689865e-02 3.196878591552376747e-03 4.916184116154909134e-03 1.931858807802200317e-02 3.330971673130989075e-02 1.710847578942775726e-02 2.038365695625543594e-03 8.844074793159961700e-03 3.641728311777114868e-03 8.231499232351779938e-03 1.376603171229362488e-02 6.768965162336826324e-03 6.705567357130348682e-04
3.653065999969840050e-03 1.476445980370044708e-02 5.007793195545673370e-03 2.830996178090572357e-03 2.501176670193672180e-03 1.572493091225624084e-02 1.749474927783012390e-02 1.563864643685519695e-03 3.875111043453216553e-02 8.343958854675292969e-01 9.078253060579299927e-03 3.681308822706341743e-03 9.575407020747661591e-03 1.511697378009557724e-02 1.115616597235202789e-02 2.597457543015480042e-02 3.231037408113479614e-02 2.122765034437179565e-02 2.945913560688495636e-02 2.574598975479602814e-02 1.032766606658697128e-02 7.130045443773269653e-03 3.079052083194255829e-02 3.309939056634902954e-02 3.420160338282585144e-02 3.207887336611747742e-02 1.166300941258668900e-02 7.539883255958557129e-03 1.827279478311538696e-02 9.436124004423618317e-03 1.861142739653587341e-02 1.694905199110507965e-02 3.300379263237118721e-03 1.933967880904674530e-02 1.926328800618648529e-02 2.073035761713981628e-02 2.973905019462108612e-02 5.203819368034601212e-03 7.735151797533035278e-03 1.013469137251377106e-02 1.565494760870933533e-02 2.255971357226371765e-02 2.954707480967044830e-02 9.930541738867759705e-03 9.393037296831607819e-03 3.589102625846862793e-02 1.630522124469280243e-02 1.739512197673320770e-02 1.600838452577590942e-02 4.343762993812561035e-02 2.075986377894878387e-02 1.578635908663272858e-02 3.448628587648272514e-03 6.298653781414031982e-03 2.192879468202590942e-02 4.432012885808944702e-02 1.467414665967226028e-02 2.709666825830936432e-02 3.323765238747000694e-03 1.363682374358177185e-02 2.640913473442196846e-03 1.355224847793579102e-02 6.615040358155965805e-03 1.200534310191869736e-02 3.636221634224057198e-03 5.789035931229591370e-03 2.472465671598911285e-02 1.966938562691211700e-02 3.031787648797035217e-02 1.606030575931072235e-02 4.470760747790336609e-02 2.683494472876191139e-03 2.056317607639357448e-04 3.054224140942096710e-02 6.527548655867576599e-03 1.185787748545408249e-02 2.397630177438259125e-02 5.359082296490669250e-02 1.924992911517620087e-02 5.514795333147048950e-02 7.338663563132286072e-04 1.397584099322557449e-03 1.893445104360580444e-02 3.141627460718154907e-02 2.757147327065467834e-02 2.756823413074016571e-02 3.066743374802172184e-04 5.257851444184780121e-03 1.290056575089693069e-02 4.575565457344055176e-02 2.562034502625465393e-02 1.205844245851039886e-02 2.142778411507606506e-02 2.332948613911867142e-03 1.698812283575534821e-02 1.811787486076354980e-02 1.812369748950004578e-02 2.113342098891735077e-02 2.228757180273532867e-02 2.002133987843990326e-02 1.888987794518470764e-02 2.987230196595191956e-02 8.167263003997504711e-04 1.895535923540592194e-02 8.837877539917826653e-04 2.012772951275110245e-03 2.417778037488460541e-02 1.348376274108886719e-03 2.632019855082035065e-02 5.246608983725309372e-03 3.451920812949538231e-03 1.577034406363964081e-02 2.541477605700492859e-02 2.308027073740959167e-02 1.146500650793313980e-02 2.414881624281406403e-02
7.121011614799499512e-02 6.500740349292755127e-02 4.208492580801248550e-03 1.880610734224319458e-02 1.963300444185733795e-02 6.755783408880233765e-02 6.400531530380249023e-02 3.895175643265247345e-03 2.265976183116436005e-02 9.078253060579299927e-03 8.343958854675292969e-01 1.060251239687204361e-02 7.176866382360458374e-02 3.663137182593345642e-02 3.222548961639404297e-02 3.035198198631405830e-03 4.095083277206867933e-04 1.485362648963928223e-02 6.163660436868667603e-03 1.128644682466983795e-02 1.735042897053062916e-03 3.496360033750534058e-02 2.139178570359945297e-03 1.974318642169237137e-03 2.655848860740661621e-03 1.296188682317733765e-02 3.444031625986099243e-02 2.039954997599124908e-04 2.952517243102192879e-03 2.517081797122955322e-02 9.655820205807685852e-03 1.557845994830131531e-02 1.820977404713630676e-02 3.562386846169829369e-03 5.004773265682160854e-04 1.190873445011675358e-03 3.904576878994703293e-04 1.628959737718105316e-02 2.069265022873878479e-02 2.428517863154411316e-02 4.574931692332029343e-03 8.598374202847480774e-03 2.830490237101912498e-03 1.014161109924316406e-02 7.562562823295593262e-03 1.031498238444328308e-02 4.184203967452049255e-02 3.976612910628318787e-02 1.726141199469566345e-02 1.220797072164714336e-03 1.323174126446247101e-02 6.591025739908218384e-03 1.239415630698204041e-02 1.029272470623254776e-02 1.568116992712020874e-02 1.405854616314172745e-02 2.360256761312484741e-02 1.377238053828477859e-02 5.937627051025629044e-03 3.400832647457718849e-03 1.524636801332235336e-02 2.812828170135617256e-03 2.488677948713302612e-02 1.275538466870784760e-02 4.189134016633033752e-02 4.540488868951797485e-02 7.871130481362342834e-03 3.678794251754879951e-03 4.895659629255533218e-03 2.450480125844478607e-02 1.176012400537729263e-02 1.873068744316697121e-03 1.684984192252159119e-02 1.261139661073684692e-02 1.055131945759057999e-02 2.876869775354862213e-02 1.539059448987245560e-02 8.524283766746520996e-03 1.192503049969673157e-02 1.217915955930948257e-02 3.936730325222015381e-03 3.833226859569549561e-03 5.762929096817970276e-03 2.921930979937314987e-03 5.162781570106744766e-03 2.941679442301392555e-03 2.748717181384563446e-02 2.763842232525348663e-02 1.073987875133752823e-02 2.834257856011390686e-02 1.552362740039825439e-02 3.907618671655654907e-02 1.739846728742122650e-02 3.314968198537826538e-02 9.301039390265941620e-03 7.935346104204654694e-03 1.969501376152038574e-02 2.327369153499603271e-02 7.831933908164501190e-03 9.269412606954574585e-03 1.396544743329286575e-02 5.928519181907176971e-03 2.260763384401798248e-02 2.237399574369192123e-03 1.249732542783021927e-02 2.709544030949473381e-03 1.190538518130779266e-03 2.418404072523117065e-02 1.927863013406749815e-05 2.041594684123992920e-02 3.438912704586982727e-02 5.000825040042400360e-03 1.049684826284646988e-03 2.494986634701490402e-03 1.141597749665379524e-03 1.637817919254302979e-02
1.153502333909273148e-02 1.608342677354812622e-02 6.968046538531780243e-03 1.868399791419506073e-02 1.114553119987249374e-02 1.693970710039138794e-02 3.163825895171612501e-04 3.529553767293691635e-03 6.171387154608964920e-03 3.681308822706341743e-03 1.060251239687204361e-02 8.343958854675292969e-01 1.053182594478130341e-02 8.523309230804443359e-02 1.240832731127738953e-02 7.539361831732094288e-04 4.167309030890464783e-03 2.527005039155483246e-02 1.787835732102394104e-02 1.687353104352951050e-02 1.910990290343761444e-02 9.836992248892784119e-03 2.507804520428180695e-02 9.298726916313171387e-03 2.165320888161659241e-02 2.239800430834293365e-02 5.828315392136573792e-03 3.820368275046348572e-02 9.149252437055110931e-03 4.369367659091949463e-02 1.326286979019641876e-02 1.316977571696043015e-02 2.435525879263877869e-02 1.968816854059696198e-02 8.136501535773277283e-03 3.243685932829976082e-03 1.088834833353757858e-02 8.407539688050746918e-03 1.403232570737600327e-02 7.128142751753330231e-03 1.740826107561588287e-02 1.089754886925220490e-02 1.264213491231203079e-02 1.572210900485515594e-02 3.147714585065841675e-02 1.303618587553501129e-02 7.693326566368341446e-03 4.858119878917932510e-03 2.361066266894340515e-02 2.643193677067756653e-02 8.290376514196395874e-03 5.105612799525260925e-03 1.536199264228343964e-02 1.027008518576622009e-02 3.950238972902297974e-02 2.878932468593120575e-02 2.452503517270088196e-02 8.990010246634483337e-03 1.779715716838836670e-02 3.178268438205122948e-03 3.080883808434009552e-02 2.013902179896831512e-02 5.339760798960924149e-03 5.733616650104522705e-03 1.427566912025213242e-02 7.964874617755413055e-03 1.899333298206329346e-02 2.073157764971256256e-02 6.458795163780450821e-03 1.148946117609739304e-02 2.812865423038601875e-03 8.365952409803867340e-03 5.656431894749403000e-03 3.193989396095275879e-02 7.263825740665197372e-03 1.923228055238723755e-02 2.154230512678623199e-02 1.905556023120880127e-02 9.617164731025695801e-03 1.057463884353637695e-02 2.200129907578229904e-03 1.351242512464523315e-02 4.490363411605358124e-03 1.240010559558868408e-02 1.464654691517353058e-02 6.081159226596355438e-03 6.991705857217311859e-03 8.651470765471458435e-03 1.406597532331943512e-02 2.463147789239883423e-02 3.360066097229719162e-03 1.942856237292289734e-03 9.218718856573104858e-03 7.916375063359737396e-03 1.508467923849821091e-02 1.849123835563659668e-02 1.093791052699089050e-02 4.761498421430587769e-03 3.009938634932041168e-03 4.495298489928245544e-04 1.958890073001384735e-02 1.855749636888504028e-02 9.058710187673568726e-03 2.772916108369827271e-03 3.085549920797348022e-02 3.228742629289627075e-03 1.927076140418648720e-03 1.584448479115962982e-02 1.300549786537885666e-02 9.320531040430068970e-03 2.103278413414955139e-02 6.874832324683666229e-03 8.540862239897251129e-03 6.817795801907777786e-03 3.954135347157716751e-03 5.281505174934864044e-03
6.486894935369491577e-02 6.985320895910263062e-02 1.178871956653892994e-03 1.653780974447727203e-02 1.849887892603874207e-02 5.541256070137023926e-02 5.637702718377113342e-02 4.367830231785774231e-03 2.392211556434631348e-02 9.575407020747661591e-03 7.176866382360458374e-02 1.053182594478130341e-02 8.343958854675292969e-01 3.496245294809341431e-02 3.845996037125587463e-02 7.996048778295516968e-03 5.959596019238233566e-03 1.821705140173435211e-02 7.788449525833129883e-03 1.262395456433296204e-02 5.675471853464841843e-03 4.146212711930274963e-02 1.180817466229200363e-02 8.363493718206882477e-03 7.956078276038169861e-03 3.367919940501451492e-03 3.651949018239974976e-02 1.143741235136985779e-02 1.230337563902139664e-02 1.741557754576206207e-02 1.729497686028480530e-02 1.869745180010795593e-02 2.794490382075309753e-02 5.884960293769836426e-03 7.427869830280542374e-03 6.805770099163055420e-03 6.243886891752481461e-03 1.404027920216321945e-02 2.850374393165111542e-02 2.356499806046485901e-02 6.798093207180500031e-03 1.299757324159145355e-02 2.567825838923454285e-03 1.481638383120298386e-02 2.107748063281178474e-03 5.441934335976839066e-03 2.917684242129325867e-02 3.279500827193260193e-02 1.684973947703838348e-02 3.293583402410149574e-03 2.069326117634773254e-02 1.734952628612518311e-02 1.849633455276489258e-02 1.308789569884538651e-02 1.689109019935131073e-02 1.396697666496038437e-02 2.606566064059734344e-02 1.437666080892086029e-02 1.940819434821605682e-03 6.127507891505956650e-03 1.591469347476959229e-02 4.162733443081378937e-03 2.318968623876571655e-02 7.422192022204399109e-03 2.513813786208629608e-02 4.006885737180709839e-02 1.144005823880434036e-02 9.985029697418212891e-03 7.258519995957612991e-03 3.082019463181495667e-02 5.927641410380601883e-03 1.617578789591789246e-02 1.820200122892856598e-02 2.570667676627635956e-02 1.278398837894201279e-02 1.899058558046817780e-02 1.524413097649812698e-02 1.215656939893960953e-02 3.704769304022192955e-03 1.396832056343555450e-02 1.672577578574419022e-03 5.312751163728535175e-04 7.283564656972885132e-03 1.271129469387233257e-03 1.283256802707910538e-02 2.201029332354664803e-03 2.737447246909141541e-02 3.122434392571449280e-02 1.435296423733234406e-02 2.578651160001754761e-02 5.596723873168230057e-03 3.540926426649093628e-02 1.060776785016059875e-02 3.918974474072456360e-02 1.428317371755838394e-02 1.199923548847436905e-02 3.215425834059715271e-02 1.180503517389297485e-02 1.494906190782785416e-02 1.416469737887382507e-02 1.999896951019763947e-02 1.040324848145246506e-02 2.963570505380630493e-02 6.599011830985546112e-03 2.290638349950313568e-02 3.924788441509008408e-03 5.186907481402158737e-03 2.366018295288085938e-02 9.458460845053195953e-03 1.616519130766391754e-02 3.083137050271034241e-02 1.961721107363700867e-03 4.783254582434892654e-03 8.193486370146274567e-03 1.017534406855702400e-03 1.039524562656879425e-02
