8.265569210052490234e-01 6.331586837768554688e-02 1.222797483205795288e-02 1.150446198880672455e-02 2.588439546525478363e-02 2.474679984152317047e-02 1.265332009643316269e-02 1.143473759293556213e-02 7.513010408729314804e-03 1.804555580019950867e-02 3.692121803760528564e-02 2.824402414262294769e-02 2.984605729579925537e-02 3.553287312388420105e-02 4.321774467825889587e-02 1.166000589728355408e-02 1.860459148883819580e-02 3.462605550885200500e-02 8.912479388527572155e-04 8.361187763512134552e-03 4.567291587591171265e-03 6.936161313205957413e-03 1.045748591423034668e-02 6.394775584340095520e-03 2.697721589356660843e-03 1.651235669851303101e-02 1.279664342291653156e-03 2.825982868671417236e-02 6.116204429417848587e-03 3.636264055967330933e-02 3.027176856994628906e-02 2.901389449834823608e-02 1.203373912721872330e-02 1.835528574883937836e-02 1.528070773929357529e-02 1.545094046741724014e-02 2.729802206158638000e-02 3.881594631820917130e-03 1.953826099634170532e-02 3.656289353966712952e-02 8.034014143049716949e-03 8.790235035121440887e-03 1.559099182486534119e-02 1.178945321589708328e-02 2.871685894206166267e-03 2.051076479256153107e-02 7.664977572858333588e-03 1.761894207447767258e-03 1.885709539055824280e-02 1.373041793704032898e-02 2.203229442238807678e-02 1.944990083575248718e-02 1.150753255933523178e-02 1.446059788577258587e-03 1.601697504520416260e-02 1.468016766011714935e-02 2.144710905849933624e-02 9.613296948373317719e-03 3.893717750906944275e-02 2.685223519802093506e-02 1.693337038159370422e-02 1.439986005425453186e-02 2.803429402410984039e-02 2.339983731508255005e-02 2.288654819130897522e-02 2.016001008450984955e-02 1.648309826850891113e-02 2.122471295297145844e-02 1.906733401119709015e-02 4.660293052438646555e-05 2.783756330609321594e-02 2.336448989808559418e-02 6.329434923827648163e-03 4.290628712624311447e-03 9.090510196983814240e-03 2.260406129062175751e-02 2.747336775064468384e-02 4.647475481033325195e-02 9.892167523503303528e-03 1.531588938087224960e-02 1.006291247904300690e-02 1.405312772840261459e-02 7.541784550994634628e-03 1.804046891629695892e-02 5.025019869208335876e-03 2.296770550310611725e-02 3.449755162000656128e-02 2.675262466073036194e-02 9.550332091748714447e-03 3.550487756729125977e-02 1.223277393728494644e-02 5.428194068372249603e-03 1.176382135599851608e-02 5.674534942954778671e-03 3.887101309373974800e-03 2.291626296937465668e-03 8.007680065929889679e-03 1.164206489920616150e-02 1.456445734947919846e-02 2.725830068811774254e-03 1.009745616465806961e-02 6.685764063149690628e-03 9.651482105255126953e-03 2.398898359388113022e-03 7.274164352566003799e-03 1.878406293690204620e-02 1.226288266479969025e-02 1.299160253256559372e-02 2.555134939029812813e-03 3.644804703071713448e-03 3.859647363424301147e-02 2.067546546459197998e-02 3.917852882295846939e-03 3.424052381888031960e-03 1.121706329286098480e-02 1.323113404214382172e-02
6.331586837768554688e-02 8.265569210052490234e-01 6.088216789066791534e-03 5.279646255075931549e-03 1.139328349381685257e-02 3.889540210366249084e-02 4.545609280467033386e-02 1.204508589580655098e-03 8.146543055772781372e-03 1.379250083118677139e-02 4.832828789949417114e-02 2.226971462368965149e-02 5.536112934350967407e-02 3.784647211432456970e-02 3.136883676052093506e-02 1.270047575235366821e-02 1.890392974019050598e-02 2.788752689957618713e-02 1.600125688128173351e-03 1.790561218513175845e-04 1.238771155476570129e-02 1.403946429491043091e-02 1.501198206096887589e-02 1.596561260521411896e-02 3.597670001909136772e-03 1.980277709662914276e-03 6.610582116991281509e-03 2.547934465110301971e-02 5.112337530590593815e-04 3.868919610977172852e-02 1.666043139994144440e-02 2.741669490933418274e-02 5.208636168390512466e-03 1.912104152143001556e-02 1.309824176132678986e-02 8.361280895769596100e-03 2.419628389179706573e-02 2.422034973278641701e-03 1.251939125359058380e-02 2.956761978566646576e-02 8.045177906751632690e-03 7.037185598164796829e-03 6.827727891504764557e-03 1.575868204236030579e-02 1.252587512135505676e-02 9.621264412999153137e-03 3.482335433363914490e-02 3.391248732805252075e-02 2.304674126207828522e-02 6.209104787558317184e-03 2.400629036128520966e-02 2.298916317522525787e-02 4.118084907531738281e-03 2.948410576209425926e-03 1.498502306640148163e-02 1.318166777491569519e-02 2.383068948984146118e-02 3.060959652066230774e-02 2.424022182822227478e-02 2.152762003242969513e-02 6.080283317714929581e-03 9.553940966725349426e-03 1.497130841016769409e-02 1.172680966556072235e-02 2.567949332296848297e-02 2.929364144802093506e-02 2.259963005781173706e-02 2.374706231057643890e-02 1.215542573481798172e-02 1.281469035893678665e-02 2.215030975639820099e-02 2.903410233557224274e-02 1.457731239497661591e-02 6.654826924204826355e-03 1.781822182238101959e-02 2.354443818330764771e-02 2.385491691529750824e-02 4.366853833198547363e-02 2.309433370828628540e-02 4.083452280610799789e-03 6.086305715143680573e-03 1.672495529055595398e-02 1.308158412575721741e-02 1.990876160562038422e-02 1.454914268106222153e-02 2.536403387784957886e-02 2.753890305757522583e-02 3.358843177556991577e-02 1.333916280418634415e-02 3.532278165221214294e-02 2.832661755383014679e-02 8.360620588064193726e-03 2.960242889821529388e-02 1.430422719568014145e-02 6.784371566027402878e-03 5.031517706811428070e-03 1.464367844164371490e-03 3.956558182835578918e-03 1.130986865609884262e-02 6.770514883100986481e-04 1.356637198477983475e-02 9.417143883183598518e-05 1.414492819458246231e-02 6.897131912410259247e-03 2.227233722805976868e-03 1.750531420111656189e-02 1.442439621314406395e-03 3.704808652400970459e-03 7.481241598725318909e-03 2.818614942952990532e-03 2.821413800120353699e-02 1.811462081968784332e-02 4.857493695453740656e-05 1.307018939405679703e-02 1.133944559842348099e-02 1.646122522652149200e-02
1.222797483205795288e-02 6.088216789066791534e-03 8.265569210052490234e-01 1.379039976745843887e-02 2.905543521046638489e-02 2.833502553403377533e-02 1.034278143197298050e-02 6.960035860538482666e-02 9.408557089045643806e-04 3.185526700690388680e-03 1.805323548614978790e-02 1.668436452746391296e-02 1.419901475310325623e-02 1.847559586167335510e-02 2.278179675340652466e-02 9.759862907230854034e-03 1.008873246610164642e-02 2.290969341993331909e-02 2.988304942846298218e-03 6.046392489224672318e-03 9.726914577186107635e-03 1.858731918036937714e-02 1.797959581017494202e-02 1.073568128049373627e-02 1.831607334315776825e-02 2.571438439190387726e-02 2.275962941348552704e-02 6.003668531775474548e-03 7.149186916649341583e-03 1.988320611417293549e-02 9.424519725143909454e-03 1.140849757939577103e-02 6.947190500795841217e-03 4.405391402542591095e-03 1.617180532775819302e-03 3.100574016571044922e-02 7.030852138996124268e-03 2.208434790372848511e-02 4.645139724016189575e-02 3.691016137599945068e-02 2.735970541834831238e-02 7.690056227147579193e-03 1.428118557669222355e-03 4.496353492140769958e-02 3.418859327211976051e-03 1.232479512691497803e-02 2.107888832688331604e-02 5.098576075397431850e-04 1.726468093693256378e-02 2.951610460877418518e-02 1.674242131412029266e-02 1.516372431069612503e-02 1.535952184349298477e-02 2.905863896012306213e-02 1.678355270996689796e-03 2.487455680966377258e-02 1.267311070114374161e-02 1.420352980494499207e-02 8.259380236268043518e-03 5.425528623163700104e-03 2.298779785633087158e-02 3.562384983524680138e-03 1.627513580024242401e-02 8.218054659664630890e-03 4.965992178767919540e-03 3.599221352487802505e-03 2.826196141541004181e-03 3.258910728618502617e-03 1.133754290640354156e-02 1.109817624092102051e-02 3.280329983681440353e-03 9.112200932577252388e-04 1.269437558948993683e-02 2.456659078598022461e-02 1.987091451883316040e-02 1.942112809047102928e-03 2.610111841931939125e-03 8.318587206304073334e-03 8.676606230437755585e-03 1.418311893939971924e-02 7.565923035144805908e-02 6.286768615245819092e-02 3.856192575767636299e-03 5.863197613507509232e-03 1.466542109847068787e-02 8.094171993434429169e-03 2.797210030257701874e-02 2.177975885570049286e-02 1.116594532504677773e-03 1.645654812455177307e-02 7.497415412217378616e-03 6.907432340085506439e-03 1.251844223588705063e-03 9.338253177702426910e-03 8.032570593059062958e-03 2.613060921430587769e-02 1.948159374296665192e-02 1.007890515029430389e-02 2.245025476440787315e-03 2.000186592340469360e-03 2.043165825307369232e-02 5.398777313530445099e-03 5.071692168712615967e-03 1.283222809433937073e-03 3.827864304184913635e-02 2.803624607622623444e-02 1.241670921444892883e-02 1.357253640890121460e-02 7.759504951536655426e-03 1.178061938844621181e-03 9.044870734214782715e-03 8.717936907487455755e-06 1.276050694286823273e-02 1.183025073260068893e-03 1.728380630083847791e-05 4.164101555943489075e-02
1.150446198880672455e-02 5.279646255075931549e-03 1.379039976745843887e-02 8.265569210052490234e-01 8.010693639516830444e-02 1.176330260932445526e-02 1.683776825666427612e-02 2.150156162679195404e-02 5.219249869696795940e-04 4.046623036265373230e-02 6.945441011339426041e-03 1.939652115106582642e-02 1.845798827707767487e-02 3.887084545567631721e-03 6.136717740446329117e-03 7.275932934135198593e-03 1.551939640194177628e-02 2.742287470027804375e-03 8.329172618687152863e-03 1.208905410021543503e-02 7.820994593203067780e-03 7.481827866286039352e-03 5.667834775522351265e-04 1.235007029026746750e-02 6.868482101708650589e-03 1.036104466766119003e-02 1.453967532142996788e-03 1.892901957035064697e-02 1.960845291614532471e-02 9.718634188175201416e-03 1.583068817853927612e-02 4.342984873801469803e-03 1.567300595343112946e-02 1.177600305527448654e-02 2.466916665434837341e-02 4.821369890123605728e-03 1.039119996130466461e-02 9.300886653363704681e-03 2.994278259575366974e-02 2.907895296812057495e-02 8.275850676000118256e-03 7.939825765788555145e-03 1.227850932627916336e-02 5.120248999446630478e-03 4.308552667498588562e-02 1.663665100932121277e-02 2.585528604686260223e-02 3.001232817769050598e-02 8.347475901246070862e-03 2.722191810607910156e-02 1.280889194458723068e-02 7.663398049771785736e-03 8.685936219990253448e-03 1.951126009225845337e-02 4.150886088609695435e-03 3.517515584826469421e-02 1.166575588285923004e-02 1.603998988866806030e-02 3.964405506849288940e-03 9.213889017701148987e-03 1.567156426608562469e-02 3.558438038453459740e-03 2.566656796261668205e-03 1.887212565634399652e-04 2.662817202508449554e-02 2.132271602749824524e-02 3.944061230868101120e-03 3.758401144295930862e-03 6.311363540589809418e-03 2.033745497465133667e-02 2.368001826107501984e-02 1.184198074042797089e-02 7.180932164192199707e-02 8.309417404234409332e-03 5.071306228637695312e-02 2.466034330427646637e-02 1.883558579720556736e-03 1.423244364559650421e-02 7.342902943491935730e-03 3.869147598743438721e-02 1.652717776596546173e-02 9.787126909941434860e-04 1.717913150787353516e-02 1.530616544187068939e-03 1.925875665619969368e-03 1.923713460564613342e-02 1.122931949794292450e-02 2.230675425380468369e-03 3.561578923836350441e-03 1.745738647878170013e-02 3.917068988084793091e-02 3.126017050817608833e-03 2.465661428868770599e-02 2.202898636460304260e-02 1.125306077301502228e-02 9.798038750886917114e-03 9.930386207997798920e-03 3.434840962290763855e-02 2.280543185770511627e-02 2.017302066087722778e-02 5.380060523748397827e-03 1.256041135638952255e-02 1.809586770832538605e-02 2.987486869096755981e-02 1.942742429673671722e-02 1.925700344145298004e-02 8.068196475505828857e-03 6.984211970120668411e-03 3.550261259078979492e-03 1.045973692089319229e-02 1.152027584612369537e-02 3.300547972321510315e-02 1.160564715974032879e-03 9.838670492172241211e-03 1.983202621340751648e-02 2.513614669442176819e-02
2.588439546525478363e-02 1.139328349381685257e-02 2.905543521046638489e-02 8.010693639516830444e-02 8.265569210052490234e-01 1.438248716294765472e-02 1.437739748507738113e-02 3.389789909124374390e-02 3.443314461037516594e-03 3.613866865634918213e-02 1.236074883490800858e-02 1.731461100280284882e-02 8.755037561058998108e-03 7.314971298910677433e-05 1.587326265871524811e-02 7.517848629504442215e-03 4.531832877546548843e-03 1.650513894855976105e-02 1.614738069474697113e-02 6.512971594929695129e-03 8.373980410397052765e-03 2.164977602660655975e-03 7.436050567775964737e-03 6.276290863752365112e-03 9.410573169589042664e-03 1.504871621727943420e-02 8.714229799807071686e-03 2.538314322009682655e-03 1.790965534746646881e-02 1.569247455336153507e-03 1.435496099293231964e-02 7.420800160616636276e-03 1.180635020136833191e-02 1.789806038141250610e-02 1.269332133233547211e-02 1.107342634350061417e-02 3.404588438570499420e-03 1.768114627338945866e-03 3.332745283842086792e-02 4.021541029214859009e-02 1.019323244690895081e-02 6.237809429876506329e-04 6.090206559747457504e-03 2.907455340027809143e-02 3.761580213904380798e-02 1.199964713305234909e-02 2.256141416728496552e-02 2.124357223510742188e-02 1.383185293525457382e-02 3.901391476392745972e-02 1.186874229460954666e-02 4.063602536916732788e-03 8.526742458343505859e-03 1.113897655159235001e-02 1.569259166717529297e-02 5.201049521565437317e-02 3.638996277004480362e-03 1.728308387100696564e-02 3.527741355355829000e-04 1.357592525891959667e-03 1.853058580309152603e-03 5.556961055845022202e-03 2.008957380894571543e-04 3.462278516963124275e-03 9.181416593492031097e-03 9.836305864155292511e-03 2.723492681980133057e-03 2.756003057584166527e-03 1.256079506129026413e-02 2.098486386239528656e-02 1.756673865020275116e-02 3.417924046516418457e-03 5.219395831227302551e-02 1.924060843884944916e-02 5.279233306646347046e-02 1.635461486876010895e-02 2.837393665686249733e-03 1.148908957839012146e-02 1.650274172425270081e-02 2.716707065701484680e-02 3.568334504961967468e-02 1.576122827827930450e-02 2.199970558285713196e-02 4.949438851326704025e-03 1.240798644721508026e-02 7.493662182241678238e-03 2.286320179700851440e-02 7.200334221124649048e-03 1.085180556401610374e-03 1.547509524971246719e-02 2.847707085311412811e-02 5.055248271673917770e-03 1.316668558865785599e-02 1.146109867841005325e-02 1.111609209328889847e-02 9.735343977808952332e-03 4.703240003436803818e-03 2.106492780148983002e-02 1.737690158188343048e-02 1.005593780428171158e-02 5.847690626978874207e-03 2.125607430934906006e-02 1.319146342575550079e-02 5.672027356922626495e-03 2.253862284123897552e-02 1.215643808245658875e-02 7.268292829394340515e-03 9.222450898960232735e-04 1.315196696668863297e-02 1.243157405406236649e-02 6.833630613982677460e-03 7.905133068561553955e-03 5.455839913338422775e-03 7.244074251502752304e-03 7.495444733649492264e-03 4.953031893819570541e-03
2.474679984152317047e-02 3.889540210366249084e-02 2.833502553403377533e-02 1.176330260932445526e-02 1.438248716294765472e-02 8.265569210052490234e-01 6.555966287851333618e-02 1.829018071293830872e-02 1.661508157849311829e-02 1.400414109230041504e-02 2.803944423794746399e-02 4.175523295998573303e-02 3.369194641709327698e-02 4.692333936691284180e-02 8.147303946316242218e-03 1.938975998200476170e-03 5.757192615419626236e-03 9.933562017977237701e-03 6.137887481600046158e-03 1.720307767391204834e-02 2.505744621157646179e-02 3.798310877755284309e-03 3.490034863352775574e-02 3.001358360052108765e-02 1.674797618761658669e-03 2.059071138501167297e-02 1.448810193687677383e-02 9.840040467679500580e-03 6.817757617682218552e-03 2.765370160341262817e-02 1.250762119889259338e-02 1.726720854640007019e-02 4.606466682162135839e-04 1.527559943497180939e-02 8.414237760007381439e-03 1.430719066411256790e-02 1.314673852175474167e-02 2.287746407091617584e-03 1.662397570908069611e-02 3.455824218690395355e-03 1.463409233838319778e-02 1.883024722337722778e-02 1.888506300747394562e-02 2.280706353485584259e-02 1.820722408592700958e-02 9.414474479854106903e-03 6.750029325485229492e-02 4.550825804471969604e-02 1.211812067776918411e-02 2.055196964647620916e-04 4.080067947506904602e-02 3.219930455088615417e-02 2.314831130206584930e-03 8.993454277515411377e-03 9.842400439083576202e-03 1.974818063899874687e-03 1.771066710352897644e-02 4.830934107303619385e-02 4.295099060982465744e-03 1.237193867564201355e-02 1.028524339199066162e-02 1.749658258631825447e-04 1.000734232366085052e-02 2.761490875855088234e-03 1.883791759610176086e-02 2.171302773058414459e-02 1.909384317696094513e-02 1.729522459208965302e-02 2.712935442104935646e-03 2.693622000515460968e-02 1.823731325566768646e-02 2.645428292453289032e-02 1.792860031127929688e-02 2.531867288053035736e-02 2.279762364923954010e-02 1.932694576680660248e-02 2.016673795878887177e-02 3.165610879659652710e-02 1.429624855518341064e-02 3.157993545755743980e-03 1.909316703677177429e-02 1.909964159131050110e-02 1.233818382024765015e-02 1.495147775858640671e-02 2.215008623898029327e-02 6.646001129411160946e-04 1.865051500499248505e-02 1.691942475736141205e-02 9.738015942275524139e-03 2.209901250898838043e-02 4.011883214116096497e-02 9.266250766813755035e-03 3.455351665616035461e-02 3.876373637467622757e-03 1.213704422116279602e-02 4.383529070764780045e-03 5.341367796063423157e-03 2.934723161160945892e-03 2.000362984836101532e-02 1.841050758957862854e-02 3.886733204126358032e-03 1.077863015234470367e-02 7.014427101239562035e-04 5.207956768572330475e-03 1.200437452644109726e-02 5.015193601138889790e-04 7.855735719203948975e-03 2.079284377396106720e-02 2.157743554562330246e-03 5.200687330216169357e-03 3.682615933939814568e-03 2.660364378243684769e-03 1.236079167574644089e-02 8.659817278385162354e-03 4.492697771638631821e-03 1.324360538274049759e-02
1.265332009643316269e-02 4.545609280467033386e-02 1.034278143197298050e-02 1.683776825666427612e-02 1.437739748507738113e-02 6.555966287851333618e-02 8.265569210052490234e-01 6.597752217203378677e-03 1.474867761135101318e-02 2.652714727446436882e-03 4.724330082535743713e-02 1.476985495537519455e-02 6.127003952860832214e-02 2.872863225638866425e-02 8.341020904481410980e-03 8.667126297950744629e-03 7.076603826135396957e-03 6.685076281428337097e-03 6.208304781466722488e-03 1.082506496459245682e-02 1.475173979997634888e-02 2.385858818888664246e-02 3.217455372214317322e-02 3.555841743946075439e-02 1.019331440329551697e-02 3.155598044395446777e-02 9.144186042249202728e-03 1.486686873249709606e-03 1.457352563738822937e-02 1.628370583057403564e-02 1.996022090315818787e-02 7.896634750068187714e-03 3.054077969864010811e-03 4.658565390855073929e-03 1.466611400246620178e-02 4.714145325124263763e-03 2.010159008204936981e-02 9.936789982020854950e-03 5.805360618978738785e-03 1.380779501050710678e-02 1.217016205191612244e-02 1.660340651869773865e-02 1.140004396438598633e-02 1.329642254859209061e-02 2.620023675262928009e-02 1.974682882428169250e-02 7.021790742874145508e-02 6.862844526767730713e-02 4.998311633244156837e-04 5.077166482806205750e-03 3.332783281803131104e-02 2.413578145205974579e-02 1.536612026393413544e-02 6.528581492602825165e-03 1.617498230189085007e-03 9.248542599380016327e-03 1.365873776376247406e-02 4.741965979337692261e-02 1.147801335901021957e-02 1.653205137699842453e-03 1.302604842931032181e-02 3.294019261375069618e-03 1.149284001439809799e-02 6.442098412662744522e-03 1.921322382986545563e-02 2.834356389939785004e-02 1.365729887038469315e-02 9.132508188486099243e-03 1.437833649106323719e-03 2.477041818201541901e-02 3.781735431402921677e-03 2.215196192264556885e-02 1.460377871990203857e-02 2.173154987394809723e-02 9.961041621863842010e-03 1.439702510833740234e-02 1.322517916560173035e-02 2.163468301296234131e-02 1.675274595618247986e-02 1.015202607959508896e-02 3.777049016207456589e-03 6.832552026025950909e-04 2.144773863255977631e-02 1.792944967746734619e-02 1.030371338129043579e-02 4.779509268701076508e-03 1.544319000095129013e-02 3.003247827291488647e-02 1.197924185544252396e-02 4.789701662957668304e-03 4.049050435423851013e-02 1.585308648645877838e-02 4.337436705827713013e-02 1.853075623512268066e-02 1.694875396788120270e-02 3.928928170353174210e-03 4.694936214946210384e-04 1.010722108185291290e-02 1.925767585635185242e-02 1.840721815824508667e-02 6.813247222453355789e-03 6.168202031403779984e-03 1.410007593221962452e-03 1.543639414012432098e-02 1.318817608989775181e-03 1.774926553480327129e-03 5.388300400227308273e-03 2.391185797750949860e-02 1.250726054422557354e-03 1.043610461056232452e-02 4.395083524286746979e-03 2.412470057606697083e-03 5.796844139695167542e-03 1.266787014901638031e-02 3.161281812936067581e-03 2.014639321714639664e-03
1.143473759293556213e-02 1.204508589580655098e-03 6.960035860538482666e-02 2.150156162679195404e-02 3.389789909124374390e-02 1.829018071293830872e-02 6.597752217203378677e-03 8.265569210052490234e-01 2.132939553121104836e-04 2.630522241815924644e-03 1.603651046752929688e-02 1.243929937481880188e-02 1.230094488710165024e-02 8.691738359630107880e-03 4.513411596417427063e-02 1.449970714747905731e-02 1.914974115788936615e-02 2.785097807645797729e-03 1.073516998440027237e-02 1.791412383317947388e-02 2.554887905716896057e-02 2.905672602355480194e-02 8.043454959988594055e-03 1.087304297834634781e-02 7.763708941638469696e-03 6.084125488996505737e-03 2.597204037010669708e-02 3.318289993330836296e-03 8.170442306436598301e-04 1.120997685939073563e-02 8.299805223941802979e-03 2.906185691244900227e-04 7.897810079157352448e-03 2.031286060810089111e-02 4.202142299618571997e-04 4.162329807877540588e-02 2.828984707593917847e-02 2.136811427772045135e-02 3.232036158442497253e-02 2.637490630149841309e-02 3.468053042888641357e-02 1.547163445502519608e-02 1.948387734591960907e-02 4.240637645125389099e-02 9.583605569787323475e-04 1.570333354175090790e-02 1.701157540082931519e-02 5.270970868878066540e-04 2.468137815594673157e-02 4.026918113231658936e-02 5.320881959050893784e-03 1.173953432589769363e-02 1.304481923580169678e-02 9.723694995045661926e-03 1.239951793104410172e-02 2.932131662964820862e-02 9.700811468064785004e-03 1.545540709048509598e-02 1.124495919793844223e-02 8.635431528091430664e-03 8.950428105890750885e-03 1.139668747782707214e-02 1.975801307708024979e-03 1.983257243409752846e-03 9.780989959836006165e-03 1.092309411615133286e-02 1.901113800704479218e-02 1.457171235233545303e-02 6.604136433452367783e-03 6.282061338424682617e-03 1.014014473184943199e-03 5.117424298077821732e-03 1.158000901341438293e-02 2.459166757762432098e-02 2.029878832399845123e-02 1.923948992043733597e-03 5.865441635251045227e-03 5.359512870199978352e-04 2.610014192759990692e-02 1.142129953950643539e-02 6.905955076217651367e-02 5.487129092216491699e-02 1.080162241123616695e-03 7.308619096875190735e-03 3.416275233030319214e-02 1.802431233227252960e-02 4.880733415484428406e-02 3.898441046476364136e-02 4.868288058787584305e-03 2.125166170299053192e-02 1.285739417653530836e-04 1.590471714735031128e-02 8.377594873309135437e-03 1.319659594446420670e-02 1.771557435858994722e-04 2.505657076835632324e-02 2.304849214851856232e-02 1.072330027818679810e-02 1.100725680589675903e-02 1.524854265153408051e-02 3.738555824384093285e-03 3.022471256554126740e-02 6.888027768582105637e-03 5.846353713423013687e-03 2.560418285429477692e-02 1.654972694814205170e-02 2.192634530365467072e-02 1.344619411975145340e-02 2.748820185661315918e-02 1.784614287316799164e-04 1.584249176084995270e-02 3.919557202607393265e-03 8.747939951717853546e-03 1.018456369638442993e-02 3.333888249471783638e-03 2.741773612797260284e-02
7.513010408729314804e-03 8.146543055772781372e-03 9.408557089045643806e-04 5.219249869696795940e-04 3.443314461037516594e-03 1.661508157849311829e-02 1.474867761135101318e-02 2.132939553121104836e-04 8.265569210052490234e-01 4.297357797622680664e-02 1.736881025135517120e-02 7.806458743289113045e-04 1.137530338019132614e-02 9.221402928233146667e-03 1.418825704604387283e-02 1.790393702685832977e-02 1.588226668536663055e-02 3.094881214201450348e-02 3.869481151923537254e-03 7.643356919288635254e-03 1.889568520709872246e-04 6.466113962233066559e-03 3.121802583336830139e-02 1.660631224513053894e-02 3.549717366695404053e-03 3.151777433231472969e-03 6.637158803641796112e-03 1.630118303000926971e-02 1.108674146234989166e-02 2.182618901133537292e-02 2.172731794416904449e-02 2.011716924607753754e-02 1.114235259592533112e-02 7.132928818464279175e-03 8.257815497927367687e-04 1.031039468944072723e-02 3.451281460002064705e-03 4.432499408721923828e-03 1.945248804986476898e-02 4.495456814765930176e-03 3.273558570072054863e-03 3.261586278676986694e-02 1.559052895754575729e-02 1.408307906240224838e-02 5.166439339518547058e-03 1.777014508843421936e-02 1.355712115764617920e-02 5.701961461454629898e-03 4.859262704849243164e-02 2.749105216935276985e-03 2.836968004703521729e-02 1.335634198039770126e-02 2.142211608588695526e-02 1.822778023779392242e-02 4.335543513298034668e-02 3.386416006833314896e-03 1.998029276728630066e-02 2.945868764072656631e-03 1.830098405480384827e-02 2.271074987947940826e-02 4.466105252504348755e-02 1.763141714036464691e-02 1.492843381129205227e-03 8.912542834877967834e-03 8.489239029586315155e-03 4.670635680668056011e-04 1.777197467163205147e-03 5.565153434872627258e-03 5.148097500205039978e-02 5.017310380935668945e-03 2.504433132708072662e-02 1.659535616636276245e-02 1.104409573599696159e-03 1.001439522951841354e-02 2.144831232726573944e-03 2.391337184235453606e-03 7.867722958326339722e-02 3.905282169580459595e-02 4.267677664756774902e-02 2.531753666698932648e-02 1.779715158045291901e-02 1.109519856981933117e-03 4.058148711919784546e-02 9.092392399907112122e-03 3.387098258826881647e-04 4.709210246801376343e-03 2.025840338319540024e-03 1.067271456122398376e-02 6.068700924515724182e-02 1.615297794342041016e-02 4.005859605967998505e-03 6.791504565626382828e-03 1.996907405555248260e-03 3.269390435889363289e-03 3.463572263717651367e-02 2.808421105146408081e-02 1.205923967063426971e-02 1.612528972327709198e-02 5.782129615545272827e-02 3.714616596698760986e-02 1.294114626944065094e-02 1.560177095234394073e-02 9.805304929614067078e-03 1.649761945009231567e-02 5.048517603427171707e-03 1.058206893503665924e-02 2.303546294569969177e-02 6.620470900088548660e-03 1.762317493557929993e-02 1.316841039806604385e-02 1.537091750651597977e-02 2.333800774067640305e-03 1.118776947259902954e-02 5.460320971906185150e-03 4.908610600978136063e-03 2.132449531927704811e-03
1.804555580019950867e-02 1.379250083118677139e-02 3.185526700690388680e-03 4.046623036265373230e-02 3.613866865634918213e-02 1.400414109230041504e-02 2.652714727446436882e-03 2.630522241815924644e-03 4.297357797622680664e-02 8.265569210052490234e-01 1.921663805842399597e-02 1.132929138839244843e-02 5.217609927058219910e-03 1.411706209182739258e-02 8.237162604928016663e-03 7.617980707436800003e-03 4.995100200176239014e-03 3.240025043487548828e-02 5.129957199096679688e-02 4.188913386315107346e-03 7.516731973737478256e-03 7.907372899353504181e-03 1.314894109964370728e-02 2.006380073726177216e-02 1.582011464051902294e-03 6.327520823106169701e-04 1.952877268195152283e-02 2.400261163711547852e-02 5.870494991540908813e-03 1.174733042716979980e-02 5.902797449380159378e-03 1.430710218846797943e-02 2.427482279017567635e-03 1.194167137145996094e-02 1.130243111401796341e-02 2.556762890890240669e-03 6.874939426779747009e-03 7.211497984826564789e-03 1.074108574539422989e-02 4.677581600844860077e-03 4.626961424946784973e-03 5.285297083901241422e-05 8.168306201696395874e-03 2.338437363505363464e-03 3.480824828147888184e-02 3.044623008463531733e-04 4.884928464889526367e-03 1.381866075098514557e-02 1.011195685714483261e-02 3.052182681858539581e-02 2.088680630549788475e-03 9.090284816920757294e-03 5.184799898415803909e-03 2.027867885772138834e-04 1.614617556333541870e-02 4.547398909926414490e-02 3.996979910880327225e-03 1.191412098705768585e-02 3.284609410911798477e-03 4.710217006504535675e-03 2.720768377184867859e-02 5.347050726413726807e-02 3.291514469310641289e-03 6.353625096380710602e-03 1.425192225724458694e-02 1.356816478073596954e-02 9.436970576643943787e-03 1.875169947743415833e-02 2.552267536520957947e-02 2.384774386882781982e-02 3.219184651970863342e-02 7.928519509732723236e-03 3.908899053931236267e-02 3.317219088785350323e-04 1.563356071710586548e-02 3.273487463593482971e-02 4.075044021010398865e-02 5.807692185044288635e-02 2.213010936975479126e-02 5.965482071042060852e-02 4.226326011121273041e-03 1.195402350276708603e-03 2.331614680588245392e-02 4.378324747085571289e-02 1.943816989660263062e-02 1.150146033614873886e-02 4.715630784630775452e-03 1.565404818393290043e-03 5.982217844575643539e-03 3.212681040167808533e-02 1.418355014175176620e-02 3.096950473263859749e-03 1.021298766136169434e-02 1.562154479324817657e-02 1.157378591597080231e-02 5.615136586129665375e-03 2.426403202116489410e-02 4.676339402794837952e-02 4.460737854242324829e-02 2.363729290664196014e-02 1.554992236196994781e-02 1.338828541338443756e-02 2.430156804621219635e-02 3.134969621896743774e-02 1.136836130172014236e-03 2.513168146833777428e-03 7.537686731666326523e-03 1.219936273992061615e-02 1.191056333482265472e-02 6.448618136346340179e-03 8.453603833913803101e-03 1.530067902058362961e-02 1.500968448817729950e-02 1.788701862096786499e-02 2.333717793226242065e-02 1.876075379550457001e-02
3.692121803760528564e-02 4.832828789949417114e-02 1.805323548614978790e-02 6.945441011339426041e-03 1.236074883490800858e-02 2.803944423794746399e-02 4.724330082535743713e-02 1.603651046752929688e-02 1.736881025135517120e-02 1.921663805842399597e-02 8.265569210052490234e-01 6.713307928293943405e-03 6.762714684009552002e-02 4.625957924872636795e-03 2.676051855087280273e-02 4.398367833346128464e-03 1.494888495653867722e-02 1.444551348686218262e-02 1.968576572835445404e-02 1.883119530975818634e-02 6.757629569619894028e-03 4.159673303365707397e-02 1.810723915696144104e-02 2.437310852110385895e-02 2.562659326940774918e-03 9.108011610805988312e-03 2.012311294674873352e-02 7.351289037615060806e-03 3.949873894453048706e-02 9.592868387699127197e-03 1.556003745645284653e-02 1.498165074735879898e-03 1.391610689461231232e-02 2.159308874979615211e-03 2.146391943097114563e-02 1.931980438530445099e-02 2.264188043773174286e-02 1.706643030047416687e-02 2.426609210669994354e-02 3.291960805654525757e-02 8.837136439979076385e-03 7.206872571259737015e-03 4.563217982649803162e-03 1.989556621992960572e-04 1.045371033251285553e-02 6.544897798448801041e-03 3.687006980180740356e-02 4.154447838664054871e-02 2.003945875912904739e-03 8.814015425741672516e-03 1.492070406675338745e-02 7.429776014760136604e-04 1.026949379593133926e-02 4.557918291538953781e-03 3.149783238768577576e-03 1.776607148349285126e-02 1.493196189403533936e-02 2.347933687269687653e-02 1.553885731846094131e-02 8.034859783947467804e-03 3.438392886891961098e-03 1.482554804533720016e-02 1.398697588592767715e-02 1.369718462228775024e-02 3.195553272962570190e-02 3.657213225960731506e-02 1.400791457854211330e-03 6.081808824092149734e-03 1.031661313027143478e-02 1.033411547541618347e-02 6.734840106219053268e-03 4.894188139587640762e-03 3.342652227729558945e-03 5.794664379209280014e-03 1.060144230723381042e-02 9.110297076404094696e-03 2.104819938540458679e-02 3.351183980703353882e-02 1.130572613328695297e-02 9.755099192261695862e-03 1.648091152310371399e-02 1.630731113255023956e-02 1.884316466748714447e-02 1.390072889626026154e-02 6.938036531209945679e-03 1.204372383654117584e-02 3.563474863767623901e-02 3.928390145301818848e-02 1.109334267675876617e-02 1.394932996481657028e-02 2.770524099469184875e-02 2.938595414161682129e-02 2.648942545056343079e-02 3.059763461351394653e-02 1.424951292574405670e-02 1.201132964342832565e-02 5.575427319854497910e-03 1.420489978045225143e-03 2.314619161188602448e-02 1.847417466342449188e-02 5.331085994839668274e-04 9.525840170681476593e-03 3.698790096677839756e-04 6.500889081507921219e-03 2.969004679471254349e-03 3.553681774064898491e-03 8.766056038439273834e-03 8.078160462900996208e-04 1.109348144382238388e-02 5.110935308039188385e-03 1.812567934393882751e-02 1.542561408132314682e-02 5.364562850445508957e-03 1.750855147838592529e-02 6.419639103114604950e-03 1.397623028606176376e-02
2.824402414262294769e-02 2.226971462368965149e-02 1.668436452746391296e-02 1.939652115106582642e-02 1.731461100280284882e-02 4.175523295998573303e-02 1.476985495537519455e-02 1.243929937481880188e-02 7.806458743289113045e-04 1.132929138839244843e-02 6.713307928293943405e-03 8.265569210052490234e-01 1.603842596523463726e-03 6.290139257907867432e-02 1.937622576951980591e-02 8.029529824852943420e-03 1.385780144482851028e-02 1.063314732164144516e-02 2.693339996039867401e-02 2.538979798555374146e-02 1.386636309325695038e-02 2.045082487165927887e-02 2.907178364694118500e-02 1.577746123075485229e-02 1.169830001890659332e-02 2.648431574925780296e-03 1.720077358186244965e-02 4.484749957919120789e-02 2.258714847266674042e-02 5.222614109516143799e-02 2.343965321779251099e-02 3.553705662488937378e-02 8.820760995149612427e-04 2.958276867866516113e-02 6.596128456294536591e-03 7.353200111538171768e-03 1.338618062436580658e-02 9.380173869431018829e-03 4.003142938017845154e-03 6.943087559193372726e-03 1.540627703070640564e-02 1.225539162987843156e-04 1.830627769231796265e-02 1.464324165135622025e-02 2.506583184003829956e-02 2.244768664240837097e-03 2.310934104025363922e-02 6.045921240001916885e-03 2.054198831319808960e-02 2.534172125160694122e-02 1.346331275999546051e-02 1.154325064271688461e-02 8.991447277367115021e-03 6.242015399038791656e-03 1.844927668571472168e-02 2.389924786984920502e-02 2.617561630904674530e-02 2.991968579590320587e-02 2.493128925561904907e-02 2.237986214458942413e-02 1.083924807608127594e-02 7.303272839635610580e-03 2.580810338258743286e-03 4.547700285911560059e-03 2.100791223347187042e-02 1.382364425808191299e-02 2.832658961415290833e-02 1.943144761025905609e-02 3.037325106561183929e-03 2.790103293955326080e-02 1.268965005874633789e-02 1.894388720393180847e-02 3.575591742992401123e-02 1.390847098082304001e-02 3.344355896115303040e-02 4.851679317653179169e-03 8.315100334584712982e-03 1.174260210245847702e-02 6.962233223021030426e-03 1.589254662394523621e-02 1.462414115667343140e-02 6.384739652276039124e-03 1.465889532119035721e-02 2.770015411078929901e-02 1.551252137869596481e-02 1.865806989371776581e-02 1.622279360890388489e-02 4.192919470369815826e-03 1.721219345927238464e-02 3.322352841496467590e-02 2.450602501630783081e-02 1.002698019146919250e-02 1.242518518120050430e-02 7.068807724863290787e-03 6.152276415377855301e-03 5.431348690763115883e-04 1.175952982157468796e-02 3.398941829800605774e-03 6.602603476494550705e-03 7.706520147621631622e-03 2.769813872873783112e-02 2.631684392690658569e-02 4.553904756903648376e-03 9.915634989738464355e-03 1.002193777821958065e-03 6.940981373190879822e-03 1.320478599518537521e-02 1.781416242010891438e-03 2.195808291435241699e-02 8.179931901395320892e-03 6.753071676939725876e-03 2.247161697596311569e-03 5.591477733105421066e-03 1.606733165681362152e-02 5.584565922617912292e-03 1.265017408877611160e-02
2.984605729579925537e-02 5.536112934350967407e-02 1.419901475310325623e-02 1.845798827707767487e-02 8.755037561058998108e-03 3.369194641709327698e-02 6.127003952860832214e-02 1.230094488710165024e-02 1.137530338019132614e-02 5.217609927058219910e-03 6.762714684009552002e-02 1.603842596523463726e-03 8.265569210052490234e-01 7.395748980343341827e-03 3.246513754129409790e-02 3.527701832354068756e-03 9.891227819025516510e-04 1.516170799732208252e-02 3.225183172617107630e-04 1.300608366727828979e-02 8.583237417042255402e-03 4.147563129663467407e-02 2.110913023352622986e-02 2.547484077513217926e-02 4.983450286090373993e-03 1.752276532351970673e-02 6.231411360204219818e-03 6.593302357941865921e-03 3.105172701179981232e-02 1.396608073264360428e-02 2.012839727103710175e-02 3.027524100616574287e-03 1.284154364839196205e-03 6.257479544728994370e-04 1.242421753704547882e-02 2.330334298312664032e-02 3.206109255552291870e-02 1.683565974235534668e-02 4.719055257737636566e-03 3.055787086486816406e-02 3.317841328680515289e-03 1.999016851186752319e-02 1.605249382555484772e-02 1.516632153652608395e-03 2.100038342177867889e-03 2.875547390431165695e-03 4.673063382506370544e-02 5.781440064311027527e-02 1.514259958639740944e-03 1.325684785842895508e-02 2.731836028397083282e-02 2.048899978399276733e-02 5.711522535420954227e-04 1.836008625105023384e-03 2.444789977744221687e-03 1.934473402798175812e-02 8.354584686458110809e-03 2.966235578060150146e-02 9.473463520407676697e-03 9.161911904811859131e-03 2.044839551672339439e-03 7.128864992409944534e-03 9.571791160851716995e-04 3.638016059994697571e-04 2.869901247322559357e-02 4.208337888121604919e-02 2.635348122566938400e-03 2.439061790937557817e-04 1.039615483023226261e-03 1.342658512294292450e-02 5.772928241640329361e-03 1.462431624531745911e-02 1.107899378985166550e-02 1.054238155484199524e-02 5.382823757827281952e-03 1.570489443838596344e-02 1.006724219769239426e-02 2.662215568125247955e-02 8.777359500527381897e-03 1.146869384683668613e-03 1.388981938362121582e-02 2.527826093137264252e-02 2.951470017433166504e-02 1.809948310256004333e-02 8.142540231347084045e-03 1.026291027665138245e-02 3.071633353829383850e-02 4.505408555269241333e-02 1.018126588314771652e-02 6.574855186045169830e-03 3.767703473567962646e-02 2.297260239720344543e-02 4.187783226370811462e-02 3.360053896903991699e-02 2.062659524381160736e-02 1.714193145744502544e-03 7.204138091765344143e-04 3.597360802814364433e-03 2.106450498104095459e-02 2.288553863763809204e-02 2.190038561820983887e-03 1.324142981320619583e-02 3.541118232533335686e-03 7.045838516205549240e-03 3.995026927441358566e-03 2.501135459169745445e-03 1.506723370403051376e-02 1.055792719125747681e-02 3.458204679191112518e-03 2.790054772049188614e-03 1.388158649206161499e-02 1.817365363240242004e-02 7.083254400640726089e-03 6.317690946161746979e-03 1.255214121192693710e-02 2.681978791952133179e-02
