8.412916660308837891e-01 6.205149739980697632e-02 1.630995422601699829e-02 2.199761755764484406e-02 8.854287676513195038e-03 5.336534604430198669e-02 5.027247220277786255e-02 1.216119527816772461e-02 2.310712449252605438e-02 3.074240498244762421e-02 6.525366753339767456e-02 1.164478133432567120e-03 6.136381998658180237e-02 8.617569692432880402e-03 5.226269364356994629e-03 1.737136021256446838e-02 1.734952814877033234e-02 1.544575393199920654e-02 1.873350329697132111e-02 9.372185915708541870e-03 1.030903868377208710e-02 2.143692970275878906e-02 1.671672612428665161e-02 9.914455935359001160e-03 1.062902528792619705e-02 1.451522484421730042e-02 2.054887264966964722e-02 1.592385000549256802e-03 3.412845730781555176e-02 7.851147092878818512e-03 3.712262213230133057e-02 3.020999021828174591e-03 1.728481613099575043e-02 9.040625765919685364e-03 3.109237365424633026e-02 2.125011524185538292e-03 6.559118162840604782e-03 9.630700573325157166e-03 9.552984498441219330e-03 1.463271584361791611e-02 1.544783357530832291e-02 2.129664353560656309e-04 1.760850660502910614e-02 2.162701264023780823e-02 2.393733942881226540e-03 2.440873533487319946e-03 5.927934870123863220e-02 4.852251335978507996e-02 1.304258313030004501e-02 1.912826858460903168e-02 8.830149658024311066e-03 1.306909509003162384e-02 2.722764760255813599e-02 2.352453581988811493e-02 1.473513524979352951e-02 1.172848138958215714e-02 1.342088915407657623e-03 7.490815129131078720e-03 3.428980708122253418e-02 2.263039164245128632e-02 1.041296869516372681e-02 2.171316556632518768e-02 1.905185915529727936e-02 2.718023024499416351e-02 4.417499899864196777e-02 4.355636984109878540e-02 5.025215446949005127e-03 8.887575007975101471e-03 6.871257908642292023e-03 6.287402473390102386e-03 3.825377905741333961e-03 8.827142417430877686e-03 1.626203022897243500e-02 1.532084494829177856e-02 1.706382445991039276e-02 8.059819228947162628e-03 1.533800363540649414e-02 2.024654857814311981e-02 2.951745316386222839e-02 2.749188989400863647e-02 2.139491401612758636e-02 3.742093918845057487e-03 4.747029393911361694e-03 5.593484733253717422e-03 2.010709722526371479e-04 3.714700695127248764e-03 1.540386304259300232e-02 2.706290408968925476e-02 1.054431684315204620e-02 2.059370465576648712e-02 4.396641999483108521e-02 2.756091021001338959e-02 3.045540302991867065e-02 7.267883047461509705e-03 6.690183654427528381e-03 1.829069852828979492e-02 5.185035523027181625e-03 2.037480939179658890e-03 5.727708339691162109e-03 4.947684356011450291e-04 1.651645638048648834e-02 7.405109703540802002e-03 1.434188056737184525e-02 6.531499791890382767e-03 2.069802768528461456e-02 1.597336679697036743e-02 7.479811902157962322e-04 9.541647508740425110e-03 3.263928927481174469e-03 8.667326532304286957e-03 3.901896998286247253e-03 1.180073712021112442e-02 6.028917850926518440e-04 2.208282239735126495e-03 1.843408867716789246e-02 2.709176205098628998e-02
6.205149739980697632e-02 8.412916660308837891e-01 1.427788939327001572e-02 2.326175943017005920e-02 3.138240426778793335e-03 5.822230875492095947e-02 5.795021727681159973e-02 2.024465473368763924e-03 2.590332739055156708e-02 3.507634997367858887e-02 5.970250442624092102e-02 2.033523283898830414e-03 6.066317111253738403e-02 1.459834910929203033e-02 9.285386651754379272e-03 1.726635918021202087e-02 2.028432115912437439e-02 1.444035582244396210e-02 1.638656854629516602e-02 7.273566443473100662e-03 1.093926094472408295e-02 2.403954230248928070e-02 1.798357442021369934e-02 8.174533955752849579e-03 8.685375563800334930e-03 1.104582846164703369e-02 2.210528403520584106e-02 6.643023807555437088e-04 2.966492064297199249e-02 6.325616966933012009e-03 3.561045601963996887e-02 2.403352875262498856e-03 1.690639182925224304e-02 6.997336167842149734e-03 2.782726101577281952e-02 1.309511484578251839e-03 4.512314219027757645e-03 1.663374900817871094e-02 1.705496758222579956e-02 1.201481837779283524e-02 5.092522129416465759e-03 1.621269388124346733e-03 1.814124360680580139e-02 1.611906476318836212e-02 3.058105939999222755e-03 8.368674665689468384e-03 5.967598408460617065e-02 4.391104727983474731e-02 1.188962720334529877e-02 1.544916536659002304e-02 3.180029103532433510e-03 7.999406196177005768e-03 2.802591398358345032e-02 2.239623665809631348e-02 1.725775375962257385e-02 1.695520617067813873e-02 1.888871309347450733e-03 7.612172514200210571e-03 3.536670655012130737e-02 2.409120649099349976e-02 6.671698763966560364e-03 1.545611862093210220e-02 1.892316713929176331e-02 2.793722786009311676e-02 4.086573049426078796e-02 4.055490717291831970e-02 5.222152918577194214e-03 1.123467832803726196e-02 7.604385260492563248e-03 5.462484550662338734e-04 2.946493215858936310e-03 1.453089434653520584e-02 1.461563725024461746e-02 1.718310639262199402e-02 1.425984129309654236e-02 1.671682856976985931e-02 1.619335263967514038e-02 2.038205787539482117e-02 2.914219908416271210e-02 2.849213965237140656e-02 2.039419487118721008e-02 1.196083705872297287e-02 6.623048335313796997e-03 1.342496834695339203e-02 5.814812029711902142e-04 1.798582845367491245e-03 1.798506639897823334e-02 2.727221138775348663e-02 1.153958775103092194e-02 2.573898062109947205e-02 4.024939611554145813e-02 2.603130787611007690e-02 2.601266466081142426e-02 4.811597988009452820e-03 8.332408964633941650e-03 1.898334547877311707e-02 8.550067432224750519e-03 1.123106200248003006e-02 5.663312040269374847e-03 1.853745430707931519e-03 1.439466979354619980e-02 8.021456189453601837e-03 1.794251613318920135e-02 4.247095901519060135e-03 2.472057193517684937e-02 1.780757866799831390e-02 2.117490395903587341e-03 9.566492401063442230e-03 6.371672265231609344e-03 9.745903313159942627e-03 1.566468621604144573e-03 1.029529049992561340e-02 4.395080613903701305e-04 3.730366472154855728e-03 1.690095104277133942e-02 2.693761885166168213e-02
1.630995422601699829e-02 1.427788939327001572e-02 8.412916660308837891e-01 1.832616142928600311e-02 1.195963658392429352e-02 1.061870064586400986e-02 3.984968643635511398e-03 6.369523704051971436e-02 1.657692529261112213e-02 1.232176367193460464e-02 1.144384965300559998e-02 8.230484090745449066e-03 1.403083279728889465e-02 1.579039730131626129e-02 1.246388815343379974e-02 1.568369753658771515e-02 1.264526508748531342e-02 2.684975229203701019e-02 2.933555841445922852e-02 3.350302577018737793e-02 1.259423326700925827e-03 1.898466236889362335e-02 8.246175944805145264e-03 8.612880483269691467e-03 2.088342048227787018e-02 1.723911613225936890e-02 6.487732287496328354e-03 1.546241901814937592e-02 8.488960564136505127e-03 1.361231319606304169e-02 1.378786750137805939e-02 3.182144137099385262e-03 2.792458049952983856e-03 4.415297880768775940e-03 1.780898310244083405e-02 1.689410209655761719e-02 1.627599261701107025e-02 2.027495391666889191e-02 1.239018514752388000e-02 5.465418100357055664e-03 1.679250411689281464e-02 2.627251902595162392e-03 1.959132589399814606e-02 4.825243260711431503e-03 2.699224976822733879e-03 5.535519216209650040e-03 8.073651231825351715e-03 1.400396786630153656e-02 2.283155731856822968e-02 1.521408557891845703e-02 6.201860029250383377e-03 7.041445933282375336e-03 2.384061925113201141e-03 6.747770123183727264e-03 2.880479209125041962e-02 1.593806222081184387e-02 8.143647573888301849e-03 5.692277569323778152e-03 3.481228137388825417e-03 8.460110053420066833e-03 1.958367787301540375e-02 5.448134150356054306e-03 9.953621774911880493e-03 2.108057588338851929e-02 6.425425875931978226e-03 1.591645181179046631e-02 7.519725710153579712e-03 1.382506266236305237e-02 6.744516082108020782e-03 1.697426103055477142e-02 1.626595295965671539e-02 1.273064035922288895e-02 1.619454473257064819e-02 2.697455883026123047e-02 1.481913775205612183e-02 1.975635625422000885e-02 1.105054747313261032e-02 8.457361400360241532e-05 2.010842785239219666e-02 1.462989300489425659e-02 5.652621388435363770e-02 3.618215024471282959e-02 1.385239046066999435e-02 2.864980697631835938e-02 3.274652408435940742e-03 1.112927682697772980e-02 2.752922661602497101e-02 1.585870608687400818e-02 1.345383189618587494e-02 2.631770819425582886e-02 6.519571412354707718e-03 2.354207244934514165e-04 5.476446822285652161e-03 1.970052532851696014e-02 1.373949646949768066e-02 1.602947246283292770e-03 9.094790439121425152e-04 8.531836792826652527e-03 8.082960732281208038e-03 1.357647497206926346e-02 6.030585500411689281e-04 8.983360603451728821e-03 1.689458638429641724e-02 4.313597455620765686e-03 5.910438019782304764e-03 1.150262355804443359e-02 5.632295273244380951e-03 3.118726890534162521e-04 1.767390407621860504e-02 1.386205293238162994e-02 2.908565849065780640e-02 1.652865856885910034e-02 9.673994034528732300e-03 3.412216529250144958e-02 6.110897287726402283e-03 7.914193905889987946e-03
2.199761755764484406e-02 2.326175943017005920e-02 1.832616142928600311e-02 8.412916660308837891e-01 3.683297336101531982e-02 3.755936399102210999e-03 3.410143312066793442e-03 7.242498453706502914e-03 2.312079444527626038e-02 2.220775559544563293e-02 1.418741047382354736e-02 9.332377463579177856e-03 2.330792695283889771e-02 1.177558489143848419e-02 1.439205091446638107e-02 3.408006578683853149e-02 3.513231873512268066e-02 6.558049935847520828e-03 2.262873016297817230e-02 1.607221178710460663e-02 5.473494995385408401e-03 1.436795573681592941e-02 3.255802765488624573e-02 3.172564506530761719e-02 1.550238113850355148e-02 1.822878047823905945e-02 2.281958423554897308e-02 2.456932887434959412e-02 3.346894308924674988e-02 3.608211874961853027e-02 3.078265674412250519e-02 1.512143202126026154e-02 3.075172938406467438e-02 4.851014353334903717e-03 3.142268583178520203e-02 7.034030277281999588e-03 1.096633169800043106e-02 3.961174283176660538e-03 3.974566608667373657e-02 2.470784261822700500e-02 2.677877061069011688e-02 5.911417771130800247e-03 1.572732813656330109e-02 2.149428240954875946e-02 1.146636717021465302e-02 3.868571016937494278e-03 1.055270433425903320e-02 1.933974400162696838e-02 2.967675775289535522e-02 2.641045302152633667e-02 4.080181568861007690e-02 2.873678132891654968e-02 2.207788638770580292e-02 1.799136586487293243e-02 2.903693914413452148e-02 9.051176719367504120e-03 1.309053506702184677e-02 3.339674323797225952e-02 2.045135200023651123e-02 2.244291454553604126e-02 2.020364627242088318e-02 9.792736731469631195e-03 3.981397300958633423e-02 3.649056330323219299e-02 1.882904767990112305e-02 2.166448533535003662e-02 2.832463942468166351e-03 8.836794644594192505e-03 3.514642640948295593e-02 2.699869917705655098e-03 3.789719566702842712e-02 7.274356670677661896e-03 5.400786921381950378e-02 3.044818993657827377e-03 4.899885132908821106e-02 1.039270404726266861e-02 4.011930432170629501e-03 6.458119954913854599e-03 3.128564357757568359e-02 2.129167877137660980e-02 4.545332398265600204e-03 8.205643855035305023e-03 3.090860880911350250e-02 1.619858853518962860e-02 1.274431939236819744e-03 9.948905557394027710e-03 5.891158245503902435e-03 2.372691780328750610e-02 3.432057332247495651e-03 1.470299204811453819e-03 2.054506354033946991e-02 4.791478626430034637e-03 2.327306754887104034e-02 1.146049983799457550e-02 2.126064617186784744e-03 6.771148648113012314e-03 1.004129741340875626e-02 1.314165536314249039e-02 2.983209677040576935e-03 1.349316351115703583e-02 1.045560277998447418e-02 3.191892290487885475e-03 1.551178004592657089e-02 1.222242414951324463e-02 2.117072604596614838e-02 8.904145099222660065e-03 1.757320947945117950e-02 2.796310465782880783e-03 9.508485090918838978e-04 2.755847014486789703e-02 1.059877758962102234e-04 1.237574382685124874e-03 9.819684550166130066e-03 7.011884357780218124e-03 5.226411856710910797e-03 1.331742666661739349e-02
8.854287676513195038e-03 3.138240426778793335e-03 1.195963658392429352e-02 3.683297336101531982e-02 8.412916660308837891e-01 3.386035561561584473e-03 2.127716550603508949e-03 1.240847632288932800e-02 1.612533256411552429e-02 3.121048444882035255e-03 1.186222955584526062e-02 6.952934898436069489e-03 1.103749591857194901e-02 5.012791370972990990e-04 1.607365161180496216e-02 2.381697483360767365e-02 2.523621544241905212e-02 6.334216333925724030e-03 6.126258056610822678e-03 2.355827949941158295e-02 2.112361043691635132e-02 9.037654846906661987e-03 2.323490008711814880e-02 3.573085740208625793e-02 3.280347958207130432e-02 3.136705607175827026e-02 7.158820517361164093e-03 7.891830988228321075e-03 9.934727102518081665e-03 2.019890956580638885e-02 4.275735467672348022e-03 1.928009837865829468e-02 2.929266542196273804e-02 2.710966020822525024e-02 2.141995169222354889e-02 1.133215799927711487e-02 1.222831103950738907e-02 1.249798294156789780e-02 4.238446429371833801e-02 5.699208378791809082e-02 4.411287140101194382e-03 1.587267592549324036e-02 2.311838977038860321e-02 2.312426269054412842e-02 6.555585190653800964e-03 9.794008918106555939e-03 6.059041712433099747e-03 2.933518029749393463e-03 4.746251273900270462e-03 1.748700160533189774e-03 3.045236691832542419e-02 3.013690747320652008e-02 8.942837826907634735e-03 6.903835572302341461e-03 7.799309678375720978e-04 1.046053599566221237e-02 1.770912087522447109e-03 1.148169860243797302e-02 3.271602327004075050e-03 1.562046119943261147e-03 2.045322023332118988e-02 2.331750281155109406e-02 1.351871620863676071e-02 1.097197923809289932e-02 3.454125486314296722e-03 1.376031199470162392e-03 1.282778196036815643e-02 2.387092448770999908e-02 2.188553335145115852e-03 5.770850926637649536e-03 1.301630958914756775e-02 6.840718910098075867e-03 2.748806029558181763e-02 6.130444817245006561e-03 3.662676364183425903e-02 1.510254573076963425e-03 1.506867446005344391e-02 6.666553672403097153e-04 1.722884550690650940e-02 3.799968399107456207e-03 1.223495788872241974e-02 2.981558209285140038e-03 2.970689162611961365e-02 2.625234797596931458e-02 1.784553751349449158e-02 8.568718098104000092e-03 2.214603126049041748e-02 1.403106655925512314e-02 2.685836702585220337e-02 5.579775199294090271e-03 1.328916696365922689e-04 1.916508073918521404e-03 4.709092900156974792e-03 1.528561464510858059e-03 2.939009293913841248e-02 3.554894402623176575e-02 3.893707878887653351e-03 6.304570939391851425e-03 2.175274491310119629e-02 2.970055304467678070e-02 3.544004634022712708e-02 2.860708907246589661e-02 6.741201505064964294e-03 8.391591720283031464e-03 2.601567469537258148e-02 2.609150111675262451e-02 2.934628352522850037e-02 1.265467703342437744e-02 1.569962874054908752e-02 3.061852883547544479e-03 9.698619134724140167e-03 1.905518397688865662e-02 1.759719103574752808e-02 2.384459041059017181e-02 4.440390039235353470e-03 2.639539772644639015e-03
5.336534604430198669e-02 5.822230875492095947e-02 1.061870064586400986e-02 3.755936399102210999e-03 3.386035561561584473e-03 8.412916660308837891e-01 8.003366738557815552e-02 1.302272267639636993e-02 1.801730506122112274e-02 3.152557462453842163e-02 5.337949842214584351e-02 1.939566060900688171e-02 4.835567995905876160e-02 3.643405064940452576e-02 1.077786646783351898e-02 3.376109059900045395e-03 7.046210579574108124e-03 1.960552111268043518e-02 1.352454815059900284e-02 1.538091164547950029e-04 1.740817353129386902e-02 2.575384266674518585e-02 1.376939844340085983e-02 1.142255030572414398e-02 7.546827197074890137e-03 4.072556737810373306e-03 2.199577912688255310e-02 2.756143175065517426e-02 9.407597593963146210e-03 1.346006430685520172e-02 1.400435343384742737e-02 1.657647266983985901e-02 7.982770912349224091e-03 1.648113504052162170e-02 2.186255902051925659e-02 1.283487118780612946e-02 4.124699160456657410e-03 1.438484806567430496e-02 1.159252319484949112e-02 1.897071301937103271e-02 5.522393621504306793e-03 3.146952949464321136e-03 2.220926107838749886e-03 1.495158858597278595e-02 1.450685318559408188e-02 1.927207596600055695e-02 5.842312797904014587e-02 4.112116247415542603e-02 1.077850931324064732e-03 3.853630274534225464e-03 2.698670513927936554e-02 1.539952587336301804e-02 2.052115648984909058e-02 8.199336007237434387e-03 1.256904564797878265e-02 2.306876005604863167e-03 2.610063180327415466e-03 2.709157532081007957e-03 2.728038467466831207e-02 6.126477848738431931e-03 1.044711284339427948e-02 2.446014434099197388e-02 2.938910154625773430e-03 1.170635502785444260e-02 2.740016207098960876e-02 1.831898093223571777e-02 6.982024759054183960e-03 8.880588226020336151e-03 1.077632606029510498e-02 1.145555917173624039e-02 1.451961416751146317e-02 2.352121053263545036e-03 7.696590851992368698e-03 2.275711158290505409e-03 4.911923315376043320e-03 2.449646824970841408e-03 1.772234216332435608e-02 3.040540963411331177e-02 6.421038880944252014e-03 8.566456846892833710e-03 1.629264466464519501e-02 1.090280711650848389e-02 7.685570511966943741e-03 5.220064893364906311e-03 1.410120166838169098e-03 2.135010669007897377e-03 1.816027238965034485e-02 6.931912619620561600e-03 3.757706610485911369e-03 6.273790262639522552e-03 2.633096463978290558e-02 3.164415434002876282e-02 1.793405227363109589e-02 1.480557024478912354e-03 9.187267278321087360e-04 6.689924281090497971e-03 2.110408851876854897e-03 7.653246866539120674e-04 2.736524213105440140e-03 1.207733154296875000e-02 5.127911572344601154e-05 2.485927660018205643e-03 9.639183990657329559e-03 1.797718810848891735e-03 1.866984926164150238e-02 2.266295067965984344e-02 1.298434101045131683e-02 2.238727174699306488e-03 4.802769050002098083e-03 9.825546294450759888e-03 3.961363807320594788e-03 2.565434761345386505e-02 7.296644151210784912e-03 6.457367446273565292e-03 1.664655841886997223e-02 2.362960763275623322e-02
5.027247220277786255e-02 5.795021727681159973e-02 3.984968643635511398e-03 3.410143312066793442e-03 2.127716550603508949e-03 8.003366738557815552e-02 8.412916660308837891e-01 7.193066645413637161e-03 2.461338229477405548e-02 2.850716747343540192e-02 5.335704609751701355e-02 4.065969493240118027e-03 4.850098490715026855e-02 3.078304417431354523e-02 4.331445787101984024e-03 4.378080484457314014e-05 5.442474503070116043e-03 1.798485405743122101e-02 1.520330831408500671e-02 1.764049404300749302e-03 1.433438435196876526e-02 9.461129084229469299e-03 1.759997755289077759e-02 1.289989985525608063e-02 7.371080107986927032e-03 6.218935828655958176e-03 6.673236377537250519e-03 8.236804977059364319e-03 4.504900425672531128e-03 1.689272583462297916e-03 1.752518862485885620e-02 1.842966675758361816e-02 1.304266043007373810e-02 1.520984992384910583e-02 2.426610328257083893e-02 4.487049009185284376e-04 3.728217212483286858e-03 1.578130573034286499e-02 1.681111939251422882e-02 1.906018145382404327e-02 3.436079714447259903e-03 9.261542931199073792e-03 1.861923933029174805e-02 9.636994218453764915e-04 1.639600284397602081e-02 2.782712690532207489e-02 5.723499506711959839e-02 5.128267779946327209e-02 2.635843819007277489e-03 5.912588094361126423e-04 1.306313462555408478e-02 4.689960274845361710e-03 2.250127680599689484e-02 7.723978254944086075e-03 4.459373885765671730e-04 7.655384251847863197e-04 4.604452289640903473e-03 1.349062775261700153e-03 2.639635093510150909e-02 1.621381752192974091e-02 1.045998465269804001e-02 2.442071400582790375e-02 9.145347867161035538e-04 1.214949134737253189e-02 3.738711774349212646e-02 3.450076654553413391e-02 1.163458172231912613e-02 1.060008071362972260e-02 1.271109562367200851e-02 6.708766799420118332e-03 1.220945734530687332e-02 9.735612198710441589e-03 4.381055478006601334e-03 1.276932377368211746e-02 1.879504416137933731e-03 4.603954963386058807e-03 1.600004732608795166e-02 2.302783913910388947e-02 1.243740878999233246e-02 1.381462439894676208e-02 3.185803815722465515e-02 7.351394742727279663e-03 1.150694582611322403e-02 1.247921900358051062e-04 9.413636289536952972e-03 1.076583843678236008e-02 1.044146250933408737e-02 1.631205528974533081e-02 7.646525278687477112e-03 1.564846932888031006e-02 2.763574756681919098e-02 2.838101610541343689e-02 2.526199258863925934e-02 1.116695464588701725e-03 1.639298163354396820e-02 1.573027856647968292e-02 4.678869154304265976e-03 5.526399705559015274e-03 1.138837775215506554e-03 2.090968657284975052e-03 9.283729828894138336e-03 2.139837481081485748e-03 3.278425196185708046e-03 3.713346784934401512e-03 1.980795525014400482e-02 1.914760842919349670e-02 2.269209921360015869e-02 5.451659206300973892e-03 8.494399487972259521e-03 1.580445561558008194e-03 4.949633497744798660e-03 2.423962764441967010e-02 1.614603330381214619e-03 1.099995523691177368e-02 2.176550589501857758e-02 1.702963933348655701e-02
1.216119527816772461e-02 2.024465473368763924e-03 6.369523704051971436e-02 7.242498453706502914e-03 1.240847632288932800e-02 1.302272267639636993e-02 7.193066645413637161e-03 8.412916660308837891e-01 3.183247754350304604e-03 1.354657951742410660e-02 8.227142971009016037e-04 1.219340693205595016e-02 3.518905490636825562e-03 2.120581082999706268e-02 3.627375140786170959e-02 5.618878640234470367e-03 1.193765783682465553e-03 1.850593090057373047e-02 4.454621300101280212e-02 2.349364012479782104e-02 4.053757525980472565e-03 2.474125847220420837e-02 1.056733424775302410e-03 4.901878070086240768e-03 1.612662221305072308e-03 2.272137673571705818e-03 7.225461769849061966e-03 1.839380525052547455e-02 4.355877637863159180e-03 2.185365185141563416e-02 6.122536957263946533e-03 4.899315070360898972e-03 4.327094182372093201e-03 2.505975076928734779e-03 8.816744200885295868e-03 2.537281438708305359e-02 4.413246735930442810e-02 2.721776627004146576e-02 1.386922784149646759e-03 1.618422009050846100e-02 3.713922342285513878e-03 1.762299053370952606e-02 5.553000606596469879e-03 2.585367858409881592e-02 6.233144551515579224e-03 1.810060697607696056e-03 4.751025699079036713e-03 9.242782369256019592e-03 2.183071523904800415e-02 1.233612094074487686e-02 4.256762098520994186e-03 2.155931852757930756e-02 9.340067394077777863e-03 1.791008189320564270e-02 1.308690756559371948e-02 2.397295786067843437e-03 4.761827643960714340e-03 3.117002546787261963e-03 6.140020210295915604e-03 1.735740527510643005e-02 4.535008047241717577e-04 1.320304255932569504e-02 5.813388619571924210e-03 1.348620932549238205e-02 1.541708246804773808e-03 1.076713390648365021e-02 3.661108901724219322e-03 4.859821405261754990e-03 1.128723938018083572e-02 1.851023733615875244e-02 1.030574832111597061e-02 8.177382871508598328e-03 6.473125424236059189e-03 2.119902893900871277e-02 6.778954528272151947e-03 1.118495315313339233e-02 6.179332267493009567e-03 1.609378494322299957e-02 1.735191978514194489e-02 1.872803457081317902e-02 4.490732029080390930e-02 5.364578217267990112e-02 1.250664982944726944e-02 3.620025515556335449e-02 8.617518469691276550e-03 1.383599359542131424e-02 3.678318113088607788e-02 2.628607116639614105e-02 7.118563167750835419e-03 2.065191976726055145e-02 3.516554832458496094e-03 1.503279153257608414e-02 1.323382894042879343e-04 1.895836181938648224e-02 2.058227546513080597e-02 1.552020013332366943e-02 8.577785338275134563e-04 1.037214603275060654e-02 1.497857738286256790e-02 1.320785004645586014e-02 1.428865268826484680e-02 1.095063611865043640e-02 2.586071006953716278e-02 1.835817843675613403e-02 9.583927690982818604e-03 1.431719586253166199e-02 2.510770922526717186e-03 5.156121682375669479e-03 1.263987272977828979e-02 4.528677091002464294e-03 3.574335575103759766e-02 1.843356341123580933e-02 8.998924866318702698e-03 3.598322626203298569e-03 3.623647242784500122e-02 2.525579417124390602e-03
2.310712449252605438e-02 2.590332739055156708e-02 1.657692529261112213e-02 2.312079444527626038e-02 1.612533256411552429e-02 1.801730506122112274e-02 2.461338229477405548e-02 3.183247754350304604e-03 8.412916660308837891e-01 4.446500167250633240e-02 2.304419502615928650e-02 2.424992807209491730e-02 2.559529244899749756e-02 1.176395174115896225e-02 1.631543971598148346e-02 3.405418246984481812e-02 3.263704851269721985e-02 4.892091825604438782e-02 3.435795754194259644e-02 1.776970736682415009e-02 8.750086650252342224e-03 1.049409992992877960e-02 2.175497636198997498e-02 1.977552287280559540e-02 1.384484395384788513e-02 1.420172769576311111e-02 3.226435743272304535e-03 1.427603699266910553e-02 2.171948365867137909e-02 1.219260599464178085e-02 1.636186242103576660e-02 4.905394278466701508e-03 1.040109340101480484e-02 1.055715512484312057e-02 2.342201210558414459e-02 1.221721246838569641e-02 1.757290214300155640e-02 1.728843711316585541e-02 2.633494324982166290e-02 2.363522909581661224e-02 5.497856182046234608e-04 2.274928381666541100e-03 1.903203688561916351e-02 1.959138177335262299e-02 4.102510958909988403e-02 3.474840149283409119e-02 1.282989885658025742e-02 1.210728194564580917e-02 2.184343710541725159e-02 2.807334437966346741e-02 1.275644451379776001e-02 1.194207929074764252e-02 2.240100316703319550e-02 1.273807510733604431e-02 4.524042457342147827e-02 3.164340555667877197e-02 2.760954946279525757e-02 6.981294136494398117e-04 1.198569219559431076e-02 8.913700468838214874e-03 1.442557200789451599e-02 3.260342869907617569e-03 2.143583074212074280e-02 1.858806796371936798e-02 1.739975996315479279e-02 1.491467747837305069e-02 1.305031031370162964e-02 1.644327118992805481e-02 7.403279654681682587e-03 1.329979510046541691e-03 1.081932708621025085e-02 2.977372333407402039e-02 2.778644300997257233e-02 1.441672444343566895e-02 3.412520885467529297e-02 2.600473538041114807e-02 4.893685877323150635e-02 2.955135703086853027e-02 4.177944362163543701e-02 3.868395462632179260e-02 1.053283363580703735e-02 1.387112028896808624e-02 2.532733604311943054e-02 2.707648463547229767e-02 8.654141798615455627e-03 8.655565761728212237e-05 1.226698420941829681e-02 1.417198404669761658e-02 2.896158583462238312e-02 2.214468270540237427e-02 4.067759495228528976e-03 4.365332890301942825e-03 1.302125980146229267e-03 1.726599037647247314e-02 7.647443562746047974e-03 1.520598307251930237e-03 5.843045189976692200e-03 2.332326024770736694e-02 8.311673998832702637e-03 6.775081157684326172e-03 1.069796178489923477e-02 2.345340326428413391e-03 8.707481436431407928e-03 1.199811790138483047e-02 1.708359085023403168e-02 3.387346398085355759e-03 1.319916546344757080e-02 2.003585174679756165e-02 8.830480277538299561e-03 1.156728900969028473e-02 4.460435360670089722e-03 1.077011879533529282e-02 6.726963445544242859e-03 7.445663679391145706e-03 8.222335018217563629e-03 6.424818187952041626e-03
3.074240498244762421e-02 3.507634997367858887e-02 1.232176367193460464e-02 2.220775559544563293e-02 3.121048444882035255e-03 3.152557462453842163e-02 2.850716747343540192e-02 1.354657951742410660e-02 4.446500167250633240e-02 8.412916660308837891e-01 2.439618296921253204e-02 8.126859553158283234e-03 3.428778797388076782e-02 1.224655006080865860e-02 1.817442360334098339e-03 1.707902736961841583e-02 1.403658464550971985e-02 2.361344359815120697e-02 4.724352806806564331e-02 2.238294808194041252e-03 5.437796935439109802e-03 7.017434691078960896e-04 7.545979227870702744e-03 1.072527375072240829e-02 5.980540066957473755e-03 2.051101299002766609e-03 1.141860801726579666e-02 4.766297526657581329e-03 1.839273050427436829e-02 3.062579315155744553e-03 1.393076498061418533e-02 1.205144077539443970e-02 1.824064878746867180e-03 3.536970820277929306e-03 1.369581557810306549e-02 1.876872405409812927e-02 2.979969047009944916e-02 1.745994016528129578e-02 1.292401086539030075e-02 1.384260691702365875e-02 1.753823366016149521e-03 2.156564220786094666e-02 1.228385721333324909e-03 2.657054178416728973e-02 2.021823264658451080e-02 1.167786493897438049e-02 3.271887078881263733e-02 2.718414925038814545e-02 2.930941432714462280e-02 4.820336401462554932e-02 1.026826072484254837e-02 5.462014582008123398e-03 1.625037565827369690e-02 7.562913000583648682e-03 3.395627066493034363e-02 4.630572348833084106e-02 2.075045742094516754e-02 1.364772859960794449e-02 1.810764148831367493e-02 3.266807761974632740e-04 6.788717582821846008e-03 7.111657876521348953e-03 1.824918948113918304e-02 9.180712513625621796e-03 1.894021779298782349e-02 1.626074500381946564e-02 1.555403141537681222e-04 5.616190377622842789e-03 4.097844008356332779e-03 1.711941696703433990e-02 1.788719790056347847e-03 1.167433615773916245e-02 2.499812468886375427e-02 2.271395921707153320e-02 1.696852035820484161e-02 1.331323012709617615e-02 2.889041230082511902e-02 5.062240362167358398e-02 4.432795569300651550e-02 5.796094238758087158e-02 1.002230797894299030e-03 1.488808169960975647e-02 3.757187805604189634e-04 3.239294141530990601e-02 8.769558742642402649e-03 1.715479791164398193e-02 1.541155623272061348e-03 1.014550495892763138e-02 2.180706337094306946e-02 3.741044178605079651e-02 1.554854679852724075e-02 1.277262810617685318e-02 1.044587977230548859e-02 2.334977686405181885e-02 9.547851048409938812e-03 1.281183026731014252e-02 1.861830428242683411e-02 4.928361158818006516e-03 2.776695601642131805e-02 2.105967327952384949e-02 1.237402390688657761e-02 2.136779576539993286e-02 2.395612746477127075e-02 1.050083898007869720e-02 1.204132009297609329e-02 1.383218797855079174e-03 1.198808941990137100e-02 7.331302389502525330e-03 7.033722009509801865e-03 7.062253425829112530e-04 1.334308180958032608e-02 5.886493017897009850e-04 9.939831681549549103e-03 1.306567527353763580e-02 5.273970309644937515e-03 1.061631552875041962e-02
6.525366753339767456e-02 5.970250442624092102e-02 1.144384965300559998e-02 1.418741047382354736e-02 1.186222955584526062e-02 5.337949842214584351e-02 5.335704609751701355e-02 8.227142971009016037e-04 2.304419502615928650e-02 2.439618296921253204e-02 8.412916660308837891e-01 5.555848591029644012e-03 6.322416663169860840e-02 5.019198171794414520e-03 1.121887844055891037e-02 2.036131359636783600e-02 2.154380083084106445e-02 1.308547332882881165e-02 9.569523856043815613e-03 1.148708350956439972e-02 1.397370453923940659e-02 2.668548002839088440e-02 1.617655530571937561e-02 8.435518480837345123e-03 8.645229972898960114e-03 1.466961670666933060e-02 2.007786557078361511e-02 3.938046284019947052e-03 3.220813348889350891e-02 4.048535600304603577e-03 3.828471526503562927e-02 7.619386538863182068e-03 1.384737621992826462e-02 1.269274950027465820e-02 2.886889874935150146e-02 4.168639425188302994e-03 2.924749394878745079e-03 1.250824704766273499e-02 1.297148689627647400e-02 2.094804123044013977e-02 5.774890538305044174e-03 2.466025995090603828e-03 1.634123362600803375e-02 1.527889352291822433e-02 6.399371661245822906e-03 2.353522926568984985e-03 6.178496405482292175e-02 4.804170876741409302e-02 6.805128883570432663e-03 1.529181562364101410e-02 3.985505551099777222e-03 9.297294542193412781e-03 2.949306555092334747e-02 2.620318531990051270e-02 1.356745883822441101e-02 1.018549967557191849e-02 5.937975365668535233e-03 5.890768487006425858e-03 3.665080294013023376e-02 2.611376903951168060e-02 5.821077618747949600e-03 2.364148944616317749e-02 1.102957502007484436e-02 2.102949842810630798e-02 4.889725893735885620e-02 4.641069099307060242e-02 8.210773579776287079e-03 9.801678359508514404e-03 2.067338209599256516e-03 1.220119744539260864e-02 5.037470255047082901e-03 6.887573283165693283e-03 1.173384860157966614e-02 1.173429004848003387e-02 1.562293060123920441e-02 7.304186001420021057e-03 1.687259972095489502e-02 1.678936742246150970e-02 2.596038579940795898e-02 2.585781179368495941e-02 2.036406472325325012e-02 1.111888326704502106e-02 5.788884125649929047e-03 4.594578931573778391e-04 1.901845447719097137e-03 2.087450353428721428e-03 2.221775427460670471e-02 2.979442477226257324e-02 1.898899301886558533e-02 2.271204628050327301e-02 4.458365216851234436e-02 3.648967668414115906e-02 2.928005345165729523e-02 1.035108603537082672e-02 1.220898237079381943e-03 5.940744653344154358e-03 1.048354431986808777e-02 1.091087469831109047e-03 1.538767362944781780e-03 2.513095503672957420e-03 8.840129710733890533e-03 1.603649929165840149e-03 1.633358374238014221e-02 7.152196019887924194e-03 2.444348298013210297e-02 2.064284309744834900e-02 1.512423157691955566e-03 1.509100850671529770e-02 4.772302228957414627e-03 1.158123463392257690e-02 6.628184579312801361e-03 1.195000205188989639e-02 1.692501245997846127e-03 2.858565421774983406e-03 2.065771073102951050e-02 2.672706171870231628e-02
1.164478133432567120e-03 2.033523283898830414e-03 8.230484090745449066e-03 9.332377463579177856e-03 6.952934898436069489e-03 1.939566060900688171e-02 4.065969493240118027e-03 1.219340693205595016e-02 2.424992807209491730e-02 8.126859553158283234e-03 5.555848591029644012e-03 8.412916660308837891e-01 6.252743769437074661e-03 5.921551957726478577e-02 1.768167316913604736e-02 3.261786187067627907e-03 5.294832866638898849e-03 5.934742745012044907e-03 1.753783784806728363e-02 4.868406802415847778e-03 3.698074026033282280e-03 1.423019729554653168e-02 1.375065837055444717e-02 1.696138828992843628e-02 1.067745126783847809e-02 1.406411081552505493e-02 1.756177656352519989e-02 4.287911579012870789e-02 1.015725638717412949e-02 3.859419748187065125e-02 4.140723962336778641e-03 1.771103218197822571e-02 1.796633750200271606e-02 2.237508632242679596e-02 4.190314561128616333e-03 1.611701771616935730e-02 1.783133856952190399e-02 2.972441725432872772e-03 2.365416614338755608e-03 3.939792979508638382e-03 1.508018001914024353e-02 1.393716875463724136e-02 1.648746058344841003e-02 1.965840533375740051e-02 4.506250098347663879e-02 4.098477959632873535e-02 7.462589070200920105e-03 1.801485568284988403e-02 1.806643791496753693e-02 3.634266322478652000e-03 4.330877214670181274e-03 9.653032757341861725e-03 1.418652012944221497e-02 1.161846797913312912e-02 8.328705094754695892e-03 1.879685185849666595e-02 4.230936244130134583e-02 3.546847030520439148e-02 2.384366840124130249e-02 1.887178234755992889e-02 1.645739004015922546e-02 3.041071351617574692e-03 1.878546737134456635e-02 2.127713523805141449e-02 8.854520507156848907e-03 9.278066572733223438e-04 2.320726774632930756e-02 1.803051494061946869e-02 3.956863656640052795e-02 2.728104405105113983e-02 2.304580807685852051e-02 3.720195591449737549e-02 1.566363126039505005e-02 3.381015732884407043e-02 9.306863881647586823e-03 3.362680226564407349e-02 4.821151122450828552e-02 3.604153171181678772e-02 1.924714818596839905e-02 1.684003695845603943e-02 5.200866609811782837e-03 1.405660901218652725e-02 2.628991752862930298e-02 6.633857265114784241e-03 2.478365972638130188e-02 1.137482468038797379e-02 1.949385739862918854e-03 1.154351327568292618e-02 5.075114220380783081e-02 3.884473443031311035e-02 2.323882095515727997e-02 7.008018903434276581e-03 3.047571517527103424e-02 5.911217071115970612e-03 1.507434435188770294e-02 2.937490353360772133e-03 1.009761821478605270e-03 2.000578865408897400e-02 9.540962055325508118e-03 9.697756730020046234e-03 3.712914185598492622e-03 5.543569102883338928e-03 3.387924807611852884e-04 9.724869392812252045e-03 4.103397484868764877e-03 1.078221946954727173e-02 6.352081429213285446e-03 3.367577120661735535e-02 9.574575349688529968e-03 3.807661682367324829e-02 1.776609756052494049e-02 3.362132981419563293e-02 1.360507868230342865e-02 3.592580556869506836e-03 1.218996196985244751e-02 1.875268295407295227e-02
6.136381998658180237e-02 6.066317111253738403e-02 1.403083279728889465e-02 2.330792695283889771e-02 1.103749591857194901e-02 4.835567995905876160e-02 4.850098490715026855e-02 3.518905490636825562e-03 2.559529244899749756e-02 3.428778797388076782e-02 6.322416663169860840e-02 6.252743769437074661e-03 8.412916660308837891e-01 6.898857536725699902e-04 8.422770537436008453e-03 2.127339318394660950e-02 2.126201987266540527e-02 9.396488778293132782e-03 1.561854779720306396e-02 1.391609571874141693e-02 1.066242437809705734e-02 2.509241178631782532e-02 1.878803223371505737e-02 7.008517626672983170e-03 9.151419624686241150e-03 1.255236472934484482e-02 2.579913102090358734e-02 1.578295486979186535e-03 3.229247778654098511e-02 5.206620786339044571e-03 4.057359322905540466e-02 2.434203168377280235e-03 1.684493944048881531e-02 1.151294633746147156e-02 2.680759504437446594e-02 4.506158176809549332e-03 7.971023209393024445e-03 1.123505551367998123e-02 1.748456805944442749e-02 1.927417516708374023e-02 4.024874884635210037e-03 1.911341911181807518e-03 1.411846745759248734e-02 1.361522264778614044e-02 6.050262134522199631e-03 5.468603689223527908e-03 6.166850402951240540e-02 4.820722714066505432e-02 1.220938842743635178e-02 2.116226404905319214e-02 5.403006449341773987e-03 5.894311238080263138e-03 2.603161707520484924e-02 2.356585115194320679e-02 2.044540457427501678e-02 1.966080442070960999e-02 1.830053981393575668e-03 8.375287055969238281e-03 3.151254355907440186e-02 2.164852619171142578e-02 8.395396173000335693e-03 1.825834624469280243e-02 1.554823480546474457e-02 2.391808852553367615e-02 4.646554216742515564e-02 4.851980134844779968e-02 8.134503848850727081e-03 1.161674782633781433e-02 1.037426572293043137e-02 3.136159386485815048e-03 9.221141226589679718e-03 9.750121273100376129e-03 1.875272952020168304e-02 1.748604327440261841e-02 1.832990720868110657e-02 1.154181454330682755e-02 1.429221872240304947e-02 2.049318142235279083e-02 2.684015035629272461e-02 3.324864804744720459e-02 2.282346040010452271e-02 8.892227895557880402e-03 5.653706612065434456e-04 6.516573950648307800e-03 3.160105843562632799e-04 1.931117498315870762e-03 1.764721423387527466e-02 3.064703196287155151e-02 1.679826527833938599e-02 2.637615986168384552e-02 4.356834664940834045e-02 2.556174807250499725e-02 2.979674562811851501e-02 2.331957453861832619e-03 6.902966182678937912e-03 1.829217746853828430e-02 1.375750266015529633e-02 5.386638920754194260e-03 8.405416272580623627e-03 3.835854353383183479e-03 9.453392587602138519e-03 6.138892378658056259e-03 2.009979635477066040e-02 6.103858817368745804e-03 2.718622237443923950e-02 1.943573355674743652e-02 1.266251900233328342e-03 1.467939279973506927e-02 7.688050623983144760e-03 1.628592424094676971e-02 1.926483702845871449e-03 1.009459421038627625e-02 1.595642650499939919e-03 4.629293456673622131e-03 1.279533747583627701e-02 2.454831637442111969e-02
