8.555048108100891113e-01 8.234526962041854858e-02 1.050735637545585632e-02 2.089069923385977745e-03 3.498403821140527725e-03 7.764510810375213623e-02 7.471386343240737915e-02 1.348717976361513138e-02 2.251051180064678192e-02 2.802587812766432762e-03 7.212936133146286011e-02 1.225350890308618546e-02 7.026440650224685669e-02 1.627807389013469219e-03 1.134401932358741760e-02 2.744019217789173126e-02 1.704121381044387817e-02 3.235233249142765999e-03 1.096586789935827255e-02 6.967341993004083633e-03 2.190025337040424347e-02 2.035369351506233215e-02 1.954012550413608551e-02 2.071555890142917633e-02 4.118564072996377945e-03 1.416459796018898487e-03 1.468666456639766693e-02 4.922325722873210907e-03 3.453817963600158691e-02 1.307257357984781265e-02 2.240933477878570557e-02 8.366732858121395111e-03 1.403667405247688293e-02 2.421937650069594383e-03 4.488453734666109085e-03 4.581148270517587662e-03 1.394971646368503571e-02 1.621849462389945984e-02 6.074455566704273224e-03 4.955264739692211151e-03 2.453919034451246262e-03 6.265403702855110168e-03 3.806124208495020866e-03 1.173662673681974411e-02 6.336519028991460800e-03 1.113270036876201630e-02 6.091952323913574219e-02 3.581575676798820496e-02 8.890778757631778717e-03 1.104801520705223083e-02 2.857499930541962385e-04 5.917813396081328392e-04 6.979165133088827133e-03 1.781572401523590088e-02 6.563542992807924747e-04 8.577245287597179413e-03 1.086256746202707291e-02 4.636831115931272507e-03 9.444089606404304504e-03 1.858781464397907257e-02 1.539616659283638000e-02 6.288909818977117538e-03 1.252141222357749939e-02 3.639814676716923714e-03 2.565264143049716949e-02 1.947747729718685150e-02 9.577505989000201225e-04 2.095316722989082336e-02 3.161843493580818176e-02 1.420027296990156174e-02 2.581102587282657623e-02 7.018809672445058823e-03 2.355260029435157776e-02 7.013541762717068195e-04 2.379980124533176422e-02 6.785145960748195648e-03 2.467106655240058899e-02 1.486260327510535717e-03 1.302350685000419617e-02 9.076311253011226654e-03 1.244792435318231583e-02 1.434957236051559448e-02 3.363193571567535400e-02 1.822256948798894882e-03 2.570458222180604935e-03 1.271330256713554263e-04 1.554158632643520832e-03 1.719846017658710480e-02 7.283768616616725922e-03 7.113674189895391464e-03 3.731287270784378052e-02 2.142678946256637573e-02 2.283773943781852722e-02 3.279613563790917397e-03 1.169745158404111862e-02 4.748751875013113022e-03 2.117958618327975273e-03 5.431330762803554535e-03 2.194277010858058929e-02 1.363923400640487671e-02 5.832379218190908432e-03 2.784953266382217407e-02 3.209329588571563363e-05 2.367063891142606735e-03 6.477118935436010361e-03 3.067965246737003326e-02 3.852366935461759567e-03 8.884238079190254211e-03 3.674553334712982178e-02 7.454633712768554688e-03 6.788323633372783661e-03 4.107043147087097168e-03 1.416073180735111237e-03 1.241657696664333344e-02 5.062254145741462708e-03 9.127904660999774933e-03
8.234526962041854858e-02 8.555048108100891113e-01 6.429228931665420532e-03 8.737584576010704041e-03 6.734428461641073227e-03 7.110992819070816040e-02 8.308995515108108521e-02 4.955728538334369659e-03 7.083097007125616074e-03 9.152907878160476685e-03 6.620627641677856445e-02 1.427776878699660301e-03 8.206701278686523438e-02 4.138873424381017685e-03 2.518052933737635612e-03 2.191515639424324036e-02 2.397502772510051727e-02 1.311297994107007980e-02 1.332479901611804962e-02 8.821814320981502533e-03 1.129050180315971375e-02 1.211519259959459305e-02 1.646208390593528748e-02 1.940630003809928894e-02 8.610079064965248108e-03 1.245042309165000916e-02 2.402391517534852028e-03 1.970128342509269714e-02 1.590261049568653107e-02 2.215653425082564354e-03 7.299744989722967148e-03 9.618782438337802887e-03 8.695355616509914398e-03 1.380903366953134537e-02 9.047076455317437649e-04 3.369955113157629967e-03 6.520112045109272003e-03 2.930272836238145828e-03 1.571073429659008980e-03 1.021355483680963516e-02 5.415249615907669067e-03 5.749583709985017776e-03 7.379821036010980606e-03 7.520202081650495529e-03 1.380132860504090786e-03 2.198076574131846428e-03 4.838753864169120789e-02 3.132631257176399231e-02 1.096522435545921326e-03 3.643288975581526756e-03 5.654816981405019760e-03 4.093403404112905264e-04 1.186504215002059937e-02 1.028458494693040848e-02 1.263910159468650818e-02 1.611462794244289398e-02 7.733180187642574310e-03 7.040526252239942551e-03 1.147324685007333755e-02 1.126080751419067383e-02 3.900499548763036728e-03 1.148359104990959167e-02 2.690264955163002014e-03 5.256274249404668808e-03 1.864004880189895630e-02 2.205584198236465454e-02 1.158206141553819180e-03 4.416109528392553329e-03 1.463687419891357422e-02 1.254041306674480438e-02 1.761533133685588837e-02 1.451367512345314026e-02 5.376402405090630054e-04 2.336913160979747772e-02 5.081309471279382706e-03 8.027162402868270874e-03 8.393612690269947052e-03 7.099841255694627762e-03 8.436195552349090576e-03 8.802302181720733643e-03 1.389975007623434067e-02 1.219727843999862671e-02 1.790254376828670502e-02 5.207259891903959215e-05 2.274597529321908951e-03 1.227982342243194580e-02 8.318904438056051731e-04 1.284194178879261017e-03 9.552892297506332397e-03 4.625404253602027893e-03 2.227737195789813995e-02 1.439147628843784332e-02 2.855271473526954651e-02 3.902169410139322281e-03 8.177708834409713745e-03 5.627002567052841187e-03 1.715623540803790092e-03 4.060284234583377838e-03 1.659552380442619324e-02 1.114635355770587921e-02 3.872741479426622391e-03 1.024319790303707123e-02 2.038407837972044945e-03 1.167210401035845280e-03 5.904716439545154572e-03 3.301507979631423950e-02 1.513565541245043278e-03 1.870879158377647400e-02 3.078115917742252350e-02 1.454291865229606628e-02 7.379959337413311005e-03 9.921449236571788788e-03 3.197484184056520462e-03 8.077004924416542053e-03 1.262299343943595886e-02 7.275427225977182388e-03
1.050735637545585632e-02 6.429228931665420532e-03 8.555048108100891113e-01 1.368650142103433609e-02 2.801080606877803802e-02 1.570599898695945740e-02 1.096755173057317734e-02 5.282402783632278442e-02 4.300444852560758591e-03 6.296382285654544830e-03 1.443567918613553047e-03 3.860980505123734474e-03 3.911930136382579803e-03 4.323569126427173615e-03 2.967803739011287689e-02 4.582301771733909845e-04 7.639364805072546005e-03 1.494630239903926849e-02 1.907164603471755981e-02 2.339608222246170044e-02 4.686380270868539810e-03 2.405737526714801788e-02 9.659798233769834042e-04 1.618220820091664791e-03 1.848028041422367096e-02 7.662339136004447937e-03 2.416717447340488434e-02 6.606196518987417221e-03 7.120875641703605652e-03 2.202062634751200676e-03 8.795457892119884491e-03 2.175494097173213959e-02 1.415417436510324478e-02 9.567040950059890747e-03 1.090305950492620468e-02 2.319390699267387390e-02 2.216704562306404114e-02 1.955174095928668976e-02 2.312491275370121002e-02 2.127455174922943115e-02 3.541797772049903870e-02 1.644431985914707184e-02 1.750200800597667694e-02 4.130027815699577332e-02 7.740548811852931976e-03 6.465100217610597610e-03 1.090851612389087677e-02 5.950219201622530818e-05 1.367413066327571869e-02 2.163915336132049561e-02 6.566958501935005188e-03 9.414386935532093048e-03 2.711013704538345337e-02 3.206036612391471863e-02 1.289127022027969360e-02 4.595894366502761841e-03 9.059725329279899597e-03 1.335457898676395416e-02 2.830847539007663727e-02 3.287923708558082581e-02 6.999625358730554581e-03 1.627861894667148590e-02 9.437577798962593079e-03 3.912807442247867584e-03 2.418526634573936462e-02 2.406758442521095276e-02 2.595579437911510468e-02 1.305944100022315979e-02 6.454635877162218094e-03 9.383343160152435303e-03 2.378900768235325813e-03 2.433716505765914917e-02 7.794246543198823929e-03 1.798943243920803070e-02 2.452195622026920319e-03 2.662582322955131531e-02 2.105979016050696373e-03 6.460220087319612503e-03 1.095428410917520523e-02 1.395312487147748470e-03 5.241142213344573975e-02 4.556192085146903992e-02 3.607901162467896938e-04 1.678912714123725891e-02 2.370873466134071350e-02 8.833860047161579132e-03 3.784444555640220642e-02 3.627301380038261414e-02 1.252332422882318497e-02 3.315316746011376381e-03 6.522881332784891129e-03 2.341786026954650879e-02 5.305003374814987183e-03 3.860549256205558777e-02 7.284623105078935623e-03 2.367515489459037781e-02 3.168429434299468994e-02 2.790110558271408081e-02 3.887144848704338074e-03 8.970483206212520599e-03 2.280879393219947815e-02 2.183688059449195862e-02 3.206770867109298706e-02 3.128679469227790833e-02 3.124020062386989594e-02 1.411324273794889450e-02 2.557840943336486816e-02 2.249126322567462921e-02 1.890867203474044800e-02 1.920897699892520905e-02 3.451685234904289246e-02 3.262015804648399353e-02 2.101480029523372650e-02 4.118755925446748734e-03 2.146623469889163971e-02 3.526709228754043579e-02
2.089069923385977745e-03 8.737584576010704041e-03 1.368650142103433609e-02 8.555048108100891113e-01 3.559097275137901306e-02 4.566474352031946182e-03 3.129020333290100098e-03 1.428896095603704453e-02 1.739499717950820923e-02 2.145810984075069427e-02 8.141922764480113983e-03 1.962220296263694763e-02 2.984965918585658073e-03 1.054683793336153030e-02 2.643607556819915771e-03 1.466008741408586502e-02 9.296509437263011932e-03 2.001209370791912079e-02 1.242613419890403748e-02 9.428586810827255249e-03 8.714091964066028595e-03 1.743156835436820984e-02 1.325575821101665497e-02 9.683294221758842468e-03 2.009347081184387207e-02 3.292238339781761169e-03 2.046708576381206512e-02 2.081015706062316895e-02 9.364267461933195591e-04 1.344448979943990707e-02 1.295936480164527893e-02 1.748170331120491028e-02 1.724936626851558685e-02 1.399768143892288208e-02 1.997233927249908447e-02 1.831863634288311005e-02 1.881291344761848450e-02 1.184472534805536270e-02 3.421995416283607483e-02 2.204326726496219635e-02 1.577241159975528717e-02 1.159262843430042267e-02 9.493755176663398743e-03 2.113470807671546936e-02 4.000424407422542572e-03 4.241444170475006104e-03 5.011348985135555267e-03 1.619175425730645657e-03 1.729584299027919769e-02 8.803419768810272217e-03 1.928444765508174896e-02 1.658535748720169067e-02 2.273990958929061890e-02 2.211667597293853760e-02 1.843248866498470306e-02 1.334303244948387146e-02 2.228694409132003784e-02 2.068490348756313324e-02 2.525436133146286011e-02 2.170808985829353333e-02 2.146526426076889038e-02 1.872394979000091553e-02 1.751546002924442291e-02 2.685307525098323822e-02 2.169071882963180542e-02 4.275233950465917587e-03 1.729747653007507324e-02 1.736091915518045425e-03 1.417990587651729584e-02 1.731127873063087463e-02 1.785420440137386322e-02 2.492181956768035889e-02 3.237256780266761780e-02 1.959047652781009674e-02 2.424564771354198456e-02 2.769870683550834656e-02 2.181997708976268768e-02 2.054555155336856842e-02 9.038996882736682892e-03 9.332936024293303490e-04 2.168874442577362061e-02 1.467205211520195007e-02 1.850253529846668243e-02 2.027566917240619659e-02 2.131807990372180939e-02 1.101854606531560421e-03 1.472068950533866882e-02 6.545810028910636902e-03 7.771887816488742828e-03 1.662300713360309601e-02 5.115577019751071930e-03 1.726078428328037262e-02 7.226233370602130890e-03 1.989904046058654785e-02 2.840468287467956543e-02 8.369378745555877686e-03 2.028333768248558044e-02 2.871123515069484711e-02 1.887472346425056458e-02 1.768861711025238037e-02 1.872515305876731873e-02 1.759265922009944916e-02 2.280990779399871826e-02 2.670713514089584351e-02 2.114271558821201324e-02 2.602318488061428070e-02 2.066434361040592194e-02 1.697221957147121429e-02 4.571496974676847458e-04 1.763687282800674438e-02 2.172215096652507782e-02 2.424338832497596741e-02 1.728846691548824310e-02 1.237339805811643600e-02 3.838891279883682728e-04 1.712173409759998322e-02
3.498403821140527725e-03 6.734428461641073227e-03 2.801080606877803802e-02 3.559097275137901306e-02 8.555048108100891113e-01 1.870020991191267967e-03 9.008900378830730915e-04 2.247181907296180725e-02 5.982464645057916641e-03 2.259779162704944611e-02 7.474980666302144527e-04 3.499728394672274590e-03 6.122923921793699265e-03 2.826896728947758675e-03 1.022757776081562042e-02 6.848096963949501514e-04 2.530322817619889975e-04 1.721840165555477142e-02 3.723135590553283691e-02 8.827443234622478485e-03 1.545599382370710373e-02 2.199408784508705139e-02 1.211228547617793083e-03 6.768828257918357849e-03 2.214719541370868683e-02 6.786284036934375763e-03 2.199475653469562531e-02 1.189316622912883759e-02 1.530899666249752045e-03 5.401475355029106140e-03 6.072690244764089584e-03 1.880258321762084961e-02 1.386814843863248825e-02 2.224368415772914886e-02 1.258124969899654388e-02 1.671392843127250671e-02 9.408804588019847870e-03 1.027557253837585449e-02 2.556332573294639587e-02 4.488794878125190735e-02 2.464276552200317383e-02 1.012610737234354019e-02 5.933784414082765579e-03 2.889685146510601044e-02 9.121083654463291168e-03 6.092851981520652771e-03 1.423874287866055965e-03 3.489094087854027748e-03 2.018717676401138306e-02 9.385720826685428619e-03 3.837388474494218826e-03 2.700844779610633850e-03 3.245832771062850952e-02 3.409630432724952698e-02 1.879178918898105621e-02 1.617829874157905579e-02 1.436391565948724747e-02 2.121438831090927124e-02 3.416247665882110596e-02 3.507232666015625000e-02 1.109389681369066238e-02 3.879904747009277344e-02 5.465826019644737244e-03 5.863833241164684296e-03 2.535445056855678558e-02 1.889606751501560211e-02 1.263400912284851074e-02 6.208185106515884399e-03 3.196619218215346336e-03 1.700689271092414856e-02 9.860415011644363403e-03 2.098511159420013428e-02 8.534070104360580444e-03 1.900917664170265198e-02 1.454159524291753769e-02 2.612634934484958649e-02 7.040524389594793320e-03 1.780912093818187714e-02 1.424192916601896286e-02 1.333792880177497864e-02 2.621613256633281708e-02 1.831268705427646637e-02 1.061348989605903625e-02 3.707897663116455078e-02 1.908463984727859497e-02 1.438985764980316162e-02 1.465443149209022522e-02 1.057999674230813980e-02 1.833957619965076447e-03 1.189260277897119522e-02 3.250892914365977049e-04 2.038994990289211273e-02 5.971932318061590195e-03 2.861078828573226929e-02 1.910863630473613739e-02 5.838306155055761337e-03 2.079509571194648743e-02 2.833186462521553040e-02 1.232775161042809486e-03 3.766749752685427666e-03 1.811705343425273895e-02 2.065192535519599915e-02 2.762643620371818542e-02 3.066316060721874237e-02 2.770706638693809509e-02 2.387748658657073975e-02 1.666150428354740143e-02 2.782284468412399292e-02 4.668413661420345306e-03 1.810916885733604431e-02 2.986327558755874634e-02 2.964286692440509796e-02 9.014109149575233459e-03 3.667346900328993797e-03 1.183739863336086273e-02 2.034093067049980164e-02
7.764510810375213623e-02 7.110992819070816040e-02 1.570599898695945740e-02 4.566474352031946182e-03 1.870020991191267967e-03 8.555048108100891113e-01 8.355150371789932251e-02 1.889209076762199402e-02 1.945123635232448578e-02 1.076794415712356567e-02 6.399127095937728882e-02 1.145641412585973740e-02 6.295185536146163940e-02 1.520626596175134182e-03 1.775245927274227142e-02 2.418295666575431824e-02 1.378128863871097565e-02 8.330097189173102379e-04 6.403741892427206039e-03 1.778938435018062592e-02 2.051098085939884186e-02 1.614681817591190338e-02 1.679746806621551514e-02 2.440534718334674835e-02 6.941630039364099503e-03 3.173559904098510742e-03 1.091658044606447220e-02 1.146199181675910950e-03 2.164498530328273773e-02 1.063032541424036026e-02 8.439125493168830872e-03 6.837795954197645187e-03 9.321994148194789886e-03 6.560176145285367966e-03 2.493352396413683891e-03 1.155307516455650330e-02 2.494423836469650269e-02 1.450669858604669571e-02 2.026464790105819702e-03 2.570744603872299194e-03 7.143424358218908310e-03 1.158744934946298599e-02 1.051656901836395264e-02 1.837682165205478668e-02 2.383895218372344971e-03 9.521936997771263123e-03 6.932656466960906982e-02 3.595008328557014465e-02 5.422844551503658295e-03 7.481480948626995087e-03 9.814444929361343384e-03 7.945222780108451843e-03 1.390631124377250671e-02 2.204864099621772766e-02 2.264760900288820267e-03 1.077505480498075485e-02 2.798771485686302185e-03 7.416624110192060471e-03 2.019467391073703766e-02 2.544631808996200562e-02 5.389384459704160690e-03 5.333579611033201218e-03 3.301045624539256096e-03 5.766008514910936356e-03 1.575495861470699310e-02 9.590576402842998505e-03 8.741530589759349823e-03 1.446525473147630692e-02 2.531943097710609436e-02 1.093609258532524109e-02 2.369474805891513824e-02 2.216397784650325775e-03 1.462776958942413330e-02 5.226138164289295673e-04 1.684316620230674744e-02 1.733837416395545006e-04 1.846350729465484619e-02 2.562135457992553711e-03 1.293274480849504471e-02 3.549802815541625023e-03 2.105120383203029633e-02 2.093566022813320160e-02 3.616701439023017883e-02 5.573034286499023438e-03 8.353475481271743774e-03 1.825649663805961609e-02 1.159352250397205353e-02 2.079492062330245972e-02 4.942191764712333679e-03 4.721181001514196396e-03 3.978138417005538940e-02 1.806787215173244476e-02 2.301118709146976471e-02 3.258960787206888199e-04 4.058454185724258423e-03 1.415361277759075165e-02 3.074580337852239609e-03 1.244502142071723938e-03 1.576934382319450378e-02 8.231825195252895355e-03 2.761693438515067101e-03 3.174561634659767151e-02 5.644741468131542206e-03 2.666788408532738686e-03 1.441405341029167175e-02 2.785297483205795288e-02 5.728508811444044113e-03 1.311379857361316681e-02 3.821374103426933289e-02 1.288437657058238983e-02 1.226171012967824936e-02 8.206750266253948212e-03 8.739538490772247314e-03 2.071457169950008392e-02 6.934391334652900696e-03 1.457200013101100922e-02
7.471386343240737915e-02 8.308995515108108521e-02 1.096755173057317734e-02 3.129020333290100098e-03 9.008900378830730915e-04 8.355150371789932251e-02 8.555048108100891113e-01 1.221533678472042084e-02 1.750717125833034515e-02 8.806525729596614838e-03 6.847651302814483643e-02 9.956978261470794678e-03 7.079714536666870117e-02 6.346761714667081833e-03 1.496435515582561493e-02 2.509045787155628204e-02 1.460721809417009354e-02 5.906343460083007812e-03 1.065174117684364319e-02 1.354096457362174988e-02 1.177855487912893295e-02 1.560356188565492630e-02 2.572921104729175568e-02 2.784858830273151398e-02 1.250285306014120579e-03 1.789731322787702084e-03 1.040638890117406845e-02 4.779616836458444595e-03 2.397730760276317596e-02 7.963713258504867554e-03 1.682748273015022278e-02 1.535284705460071564e-02 1.200411282479763031e-02 1.399540062993764877e-02 2.711291890591382980e-03 1.060823327861726284e-03 1.313891634345054626e-02 1.232244912534952164e-02 4.252919927239418030e-03 7.588563486933708191e-03 9.280132944695651531e-04 1.247513457201421261e-03 6.113176234066486359e-03 3.867208957672119141e-03 7.280891295522451401e-03 1.964979805052280426e-03 7.102083414793014526e-02 5.396486818790435791e-02 6.549675483256578445e-03 7.493081502616405487e-03 1.400965033099055290e-03 1.579192816279828548e-03 7.735129911452531815e-03 1.264731492847204208e-02 1.468052854761481285e-03 5.496335681527853012e-03 2.184417564421892166e-03 1.006180606782436371e-02 1.628000289201736450e-02 1.922454684972763062e-02 3.682042704895138741e-03 8.481299504637718201e-03 2.655070275068283081e-03 8.180612348951399326e-04 2.313893847167491913e-02 2.126139402389526367e-02 8.003114489838480949e-04 1.178461592644453049e-02 2.216386422514915466e-02 4.290135577321052551e-03 2.094792388379573822e-02 6.104181986302137375e-03 8.270358666777610779e-03 5.636840593069791794e-03 7.482859771698713303e-03 7.289851782843470573e-04 1.624148339033126831e-02 2.951633650809526443e-04 6.036425940692424774e-03 1.111268531531095505e-02 1.720169745385646820e-02 2.118431031703948975e-02 2.731546573340892792e-02 3.674505569506436586e-04 1.700063003227114677e-03 2.465499937534332275e-02 7.095034699887037277e-03 1.644940301775932312e-02 2.465942641720175743e-03 3.329452127218246460e-03 4.849717766046524048e-02 2.263785712420940399e-02 4.730791598558425903e-02 3.796268720179796219e-03 9.690196020528674126e-04 1.000870391726493835e-02 5.855928175151348114e-03 1.460131024941802025e-03 2.370756678283214569e-02 1.604574918746948242e-02 5.158265586942434311e-03 2.203080430626869202e-02 1.140714506618678570e-03 4.300599102862179279e-04 7.190930191427469254e-03 2.268217317759990692e-02 4.074983298778533936e-03 1.014522463083267212e-02 3.534355014562606812e-02 1.111594121903181076e-02 1.121181715279817581e-02 9.232321754097938538e-03 5.210961215198040009e-03 4.414878785610198975e-03 7.285891566425561905e-03 1.479026488959789276e-02
1.348717976361513138e-02 4.955728538334369659e-03 5.282402783632278442e-02 1.428896095603704453e-02 2.247181907296180725e-02 1.889209076762199402e-02 1.221533678472042084e-02 8.555048108100891113e-01 6.561493035405874252e-03 8.974893018603324890e-03 6.626392132602632046e-04 3.583191195502877235e-03 3.698272164911031723e-03 1.441091299057006836e-04 4.898415505886077881e-02 1.155958045274019241e-03 1.210520230233669281e-02 3.777021309360861778e-03 4.992579575628042221e-03 2.163080498576164246e-02 8.289925754070281982e-04 1.832935214042663574e-02 1.978677930310368538e-03 4.407084081321954727e-03 1.186383143067359924e-02 5.941205192357301712e-03 1.914197579026222229e-02 1.047678408212959766e-03 1.511810347437858582e-03 1.929479069076478481e-03 1.090802717953920364e-02 1.525531709194183350e-02 1.201626565307378769e-02 9.749406017363071442e-03 2.379195997491478920e-03 2.672734111547470093e-02 2.779452688992023468e-02 1.049185916781425476e-02 2.098218910396099091e-02 1.647751778364181519e-02 3.711207211017608643e-02 1.009991019964218140e-02 2.114125899970531464e-02 4.217795282602310181e-02 1.427881506970152259e-04 8.291570702567696571e-05 2.242654189467430115e-02 9.534151293337345123e-03 9.452654048800468445e-03 1.469676755368709564e-02 4.143943544477224350e-03 5.217978730797767639e-03 2.583326771855354309e-02 3.778848424553871155e-02 7.624963764101266861e-04 1.213131938129663467e-02 1.447733025997877121e-03 4.546702839434146881e-03 3.135814145207405090e-02 3.545635566115379333e-02 1.812294940464198589e-03 5.283151287585496902e-03 6.136028561741113663e-03 1.008576527237892151e-02 1.936353556811809540e-02 2.454822696745395660e-02 2.304216660559177399e-02 7.662350777536630630e-03 1.036054547876119614e-02 1.843681791797280312e-03 1.121945306658744812e-02 1.724993251264095306e-02 6.969046778976917267e-03 9.788965806365013123e-03 8.497639559209346771e-03 2.065153792500495911e-02 5.632717162370681763e-03 5.186345428228378296e-03 1.770523143932223320e-03 1.685198512859642506e-03 5.130248144268989563e-02 4.927240684628486633e-02 1.274619437754154205e-02 6.993606220930814743e-03 1.752446591854095459e-02 1.605254411697387695e-02 4.773418605327606201e-02 5.083490163087844849e-02 1.299481093883514404e-02 7.176396320573985577e-05 1.776713877916336060e-02 1.959656178951263428e-02 1.994157908484339714e-03 3.698109090328216553e-02 2.473367145285010338e-03 2.826123312115669250e-02 2.545474655926227570e-02 2.623478695750236511e-02 4.197359550744295120e-03 8.298495784401893616e-03 1.401295885443687439e-02 1.897643506526947021e-02 3.096883185207843781e-02 3.538160026073455811e-02 2.895051240921020508e-02 5.107823759317398071e-03 2.021129429340362549e-02 1.166513096541166306e-02 2.324507385492324829e-02 1.068318635225296021e-02 3.990586847066879272e-02 3.649426624178886414e-02 1.719766855239868164e-02 6.503758952021598816e-03 2.064339071512222290e-02 3.894606605172157288e-02
2.251051180064678192e-02 7.083097007125616074e-03 4.300444852560758591e-03 1.739499717950820923e-02 5.982464645057916641e-03 1.945123635232448578e-02 1.750717125833034515e-02 6.561493035405874252e-03 8.555048108100891113e-01 2.152446657419204712e-02 2.144046686589717865e-02 1.869805529713630676e-02 7.801772560924291611e-03 2.822773298248648643e-03 9.416009299457073212e-03 4.265511035919189453e-02 3.416040539741516113e-02 3.632120043039321899e-02 1.794265955686569214e-02 1.520431507378816605e-02 3.436601953580975533e-03 2.321127615869045258e-02 3.414208069443702698e-02 2.838802523910999298e-02 2.566045708954334259e-02 9.974393993616104126e-03 2.191032096743583679e-02 2.018020488321781158e-02 1.932186260819435120e-02 1.575580239295959473e-02 2.614183165132999420e-02 3.204769641160964966e-02 2.857500314712524414e-02 2.262183651328086853e-02 1.868057809770107269e-02 1.240092609077692032e-02 1.892265863716602325e-03 2.102115750312805176e-02 1.418151613324880600e-02 1.120750140398740768e-02 1.078820787370204926e-02 2.475163899362087250e-02 1.187859755009412766e-02 2.259528497233986855e-03 9.025788749568164349e-04 4.054499324411153793e-03 1.976008526980876923e-02 6.997580174356698990e-03 3.533460572361946106e-02 4.312171135097742081e-03 2.307322435081005096e-02 1.849913038313388824e-02 1.371344644576311111e-02 1.107496907934546471e-03 3.991460427641868591e-02 1.623393036425113678e-02 3.734586387872695923e-02 1.665170863270759583e-02 2.788104116916656494e-03 6.495629902929067612e-03 4.264101386070251465e-02 2.305334247648715973e-02 2.379468083381652832e-02 1.485513616353273392e-02 7.307743187993764877e-03 2.058589598163962364e-03 1.863132789731025696e-02 1.700256392359733582e-02 4.630393162369728088e-02 2.816826850175857544e-02 3.932632505893707275e-02 2.956767007708549500e-02 3.153061494231224060e-02 2.276660129427909851e-02 2.691418677568435669e-02 2.579976245760917664e-02 5.070496723055839539e-02 1.871656067669391632e-02 1.529459282755851746e-02 9.332668967545032501e-03 4.451833199709653854e-03 2.120390301570296288e-03 4.400441423058509827e-02 2.145131863653659821e-02 2.045360207557678223e-02 8.127104490995407104e-03 4.495786037296056747e-03 2.174424752593040466e-02 3.184872120618820190e-02 1.626642607152462006e-02 1.838367618620395660e-02 2.070649713277816772e-02 5.225603934377431870e-03 1.660013385117053986e-02 3.389719128608703613e-02 1.902652718126773834e-02 1.048787031322717667e-02 1.771517470479011536e-02 3.557290136814117432e-02 2.400771901011466980e-02 2.001741901040077209e-02 6.117247976362705231e-03 8.672822266817092896e-03 9.795357473194599152e-03 8.614836260676383972e-03 7.028793916106224060e-03 1.815421134233474731e-02 1.657468825578689575e-02 1.485528796911239624e-02 1.034741569310426712e-02 5.883097648620605469e-03 7.670169230550527573e-03 2.013637684285640717e-02 2.893793163821101189e-03 6.336009595543146133e-03 3.624113742262125015e-03
2.802587812766432762e-03 9.152907878160476685e-03 6.296382285654544830e-03 2.145810984075069427e-02 2.259779162704944611e-02 1.076794415712356567e-02 8.806525729596614838e-03 8.974893018603324890e-03 2.152446657419204712e-02 8.555048108100891113e-01 3.245114814490079880e-03 2.653307653963565826e-02 9.997536428272724152e-03 2.555612660944461823e-02 1.921895705163478851e-02 3.531706752255558968e-03 3.844795748591423035e-03 2.718364633619785309e-02 3.691485524177551270e-02 9.589756838977336884e-03 3.986306115984916687e-02 2.094817347824573517e-02 1.571105793118476868e-02 3.141634166240692139e-02 1.385346334427595139e-02 2.406203001737594604e-02 2.452133037149906158e-02 1.310246437788009644e-02 1.279774494469165802e-02 1.559079717844724655e-02 5.055730696767568588e-03 1.227462757378816605e-02 3.041463787667453289e-04 1.525390427559614182e-02 4.734035755973309278e-04 1.280571799725294113e-03 1.548783853650093079e-02 1.083161961287260056e-02 1.135493977926671505e-03 1.565920934081077576e-02 4.987773951143026352e-03 2.222399041056632996e-02 7.388107478618621826e-03 6.503418553620576859e-03 2.861378900706768036e-02 3.043036721646785736e-02 1.396958436816930771e-02 1.188002340495586395e-02 1.702541857957839966e-02 1.666064374148845673e-02 1.089727412909269333e-02 1.948756352066993713e-02 4.954480566084384918e-03 6.268796045333147049e-03 2.047136425971984863e-02 5.150755867362022400e-02 1.552248932421207428e-02 3.378188610076904297e-02 2.193594118580222130e-03 5.620452575385570526e-03 1.094923634082078934e-02 2.786556631326675415e-02 7.061549928039312363e-03 2.293670782819390297e-03 2.121109748259186745e-03 1.493288297206163406e-02 7.999638095498085022e-03 2.508514188230037689e-02 3.810754511505365372e-03 3.710048273205757141e-02 2.467798627912998199e-02 1.626342535018920898e-02 3.600739873945713043e-04 3.723861277103424072e-02 1.221513282507658005e-02 1.861448027193546295e-02 1.677553169429302216e-02 5.922403186559677124e-02 3.041224740445613861e-02 3.824876621365547180e-02 1.014245324768126011e-03 2.852442907169461250e-03 2.524610050022602081e-02 3.237660601735115051e-02 1.477088499814271927e-02 2.605518512427806854e-02 1.294900011271238327e-02 2.068532072007656097e-02 8.860928006470203400e-03 2.961284853518009186e-02 6.240438669919967651e-03 1.711519248783588409e-02 1.194939110428094864e-02 1.127787679433822632e-02 2.089032530784606934e-02 2.899525687098503113e-03 1.769215427339076996e-02 1.268131844699382782e-02 1.419330574572086334e-02 2.149178460240364075e-02 1.473935320973396301e-02 8.252409286797046661e-03 1.504609547555446625e-02 9.076949208974838257e-03 2.301017520949244499e-03 2.731250412762165070e-02 1.630228012800216675e-02 1.416457351297140121e-02 9.600270423106849194e-04 2.215041406452655792e-02 7.315988186746835709e-03 2.371770096942782402e-03 2.162912860512733459e-02 1.246273238211870193e-02 1.544408686459064484e-02 9.256550110876560211e-04
7.212936133146286011e-02 6.620627641677856445e-02 1.443567918613553047e-03 8.141922764480113983e-03 7.474980666302144527e-04 6.399127095937728882e-02 6.847651302814483643e-02 6.626392132602632046e-04 2.144046686589717865e-02 3.245114814490079880e-03 8.555048108100891113e-01 6.563151255249977112e-03 7.469600439071655273e-02 5.596628878265619278e-03 5.066270474344491959e-03 2.950085513293743134e-02 1.690855436027050018e-02 3.896521171554923058e-03 1.299246028065681458e-02 5.678865709342062473e-04 1.201010867953300476e-02 2.689407765865325928e-02 2.493965253233909607e-02 2.687256783246994019e-02 6.244129501283168793e-03 1.525302766822278500e-03 2.342201024293899536e-02 4.416335839778184891e-03 3.324721753597259521e-02 1.219177525490522385e-02 2.151379361748695374e-02 1.787148043513298035e-02 2.492948807775974274e-02 1.220320723950862885e-02 9.738493710756301880e-03 1.239619031548500061e-02 7.680321112275123596e-03 1.887563802301883698e-02 1.224734541028738022e-02 9.319827891886234283e-03 8.988446556031703949e-03 1.239843782968819141e-03 1.461195107549428940e-02 2.108637010678648949e-03 1.161146719823591411e-04 8.469496853649616241e-03 6.133034080266952515e-02 4.373233392834663391e-02 1.622290723025798798e-02 7.365074008703231812e-03 4.689848516136407852e-03 1.038949284702539444e-02 9.833350777626037598e-03 1.798273646272718906e-03 6.089579313993453979e-03 9.428179822862148285e-03 1.197848096489906311e-02 1.034702919423580170e-02 5.757602048106491566e-04 9.611321613192558289e-03 1.960731856524944305e-02 5.664436146616935730e-03 2.117048576474189758e-02 1.056018937379121780e-02 3.394673764705657959e-02 2.510965988039970398e-02 6.264495663344860077e-03 2.191876061260700226e-02 3.227947279810905457e-02 1.426434051245450974e-02 2.748258784413337708e-02 1.233093906193971634e-02 2.242092788219451904e-02 4.802285693585872650e-03 1.842836663126945496e-02 1.295339688658714294e-02 2.265103906393051147e-02 1.829123240895569324e-03 1.122926454991102219e-02 8.260974660515785217e-03 3.732750425115227699e-03 9.155760519206523895e-03 3.329630941152572632e-02 2.928801346570253372e-03 3.837824333459138870e-03 2.770038088783621788e-03 1.455765124410390854e-02 8.683565072715282440e-03 4.639092367142438889e-03 7.237921468913555145e-03 4.134116321802139282e-02 3.259228542447090149e-02 3.464416787028312683e-02 1.497369073331356049e-02 1.307802554219961166e-02 6.109639536589384079e-03 1.162470504641532898e-02 1.000358257442712784e-02 2.543466351926326752e-02 2.218560501933097839e-02 1.411816198378801346e-02 1.869411580264568329e-02 8.652151562273502350e-03 8.300414308905601501e-03 6.227992940694093704e-03 2.704677172005176544e-02 8.109397254884243011e-03 2.506519667804241180e-03 4.385818913578987122e-02 4.767395555973052979e-03 2.424837788566946983e-03 1.529783476144075394e-03 5.859572440385818481e-03 9.603288024663925171e-03 4.043674562126398087e-03 2.877175575122237206e-03
1.225350890308618546e-02 1.427776878699660301e-03 3.860980505123734474e-03 1.962220296263694763e-02 3.499728394672274590e-03 1.145641412585973740e-02 9.956978261470794678e-03 3.583191195502877235e-03 1.869805529713630676e-02 2.653307653963565826e-02 6.563151255249977112e-03 8.555048108100891113e-01 1.703426940366625786e-03 8.014774322509765625e-02 7.351301610469818115e-03 1.293941400945186615e-02 1.461337413638830185e-02 5.018700845539569855e-03 6.759382318705320358e-03 1.496605109423398972e-02 2.071787894237786531e-04 1.677086949348449707e-02 2.835317142307758331e-02 2.733787149190902710e-02 1.133766863495111465e-02 1.258640177547931671e-02 1.358676794916391373e-02 5.475135520100593567e-02 2.801046241074800491e-03 6.169935315847396851e-02 8.366224355995655060e-03 6.058238446712493896e-03 9.238410741090774536e-03 5.486992187798023224e-03 1.031722966581583023e-02 2.392084337770938873e-02 1.452199835330247879e-02 1.017070747911930084e-02 1.249756943434476852e-02 1.550708990544080734e-02 1.823735656216740608e-03 1.401780918240547180e-02 1.033975929021835327e-02 5.596815608441829681e-04 3.786883130669593811e-02 2.557133883237838745e-02 9.508527000434696674e-04 5.164181347936391830e-04 2.617821563035249710e-03 7.465148810297250748e-03 3.051622398197650909e-02 3.531473875045776367e-02 1.176279503852128983e-02 1.374841295182704926e-02 1.071971608325839043e-03 1.662362832576036453e-03 2.917567454278469086e-02 4.157988354563713074e-02 1.528329588472843170e-02 1.249311957508325577e-02 8.757224306464195251e-03 6.387804634869098663e-03 1.434917934238910675e-02 9.115751832723617554e-03 1.638159970752894878e-03 1.323955971747636795e-02 6.479854229837656021e-03 2.029327489435672760e-02 1.520881336182355881e-02 2.574704587459564209e-02 2.738674357533454895e-02 1.330577209591865540e-02 3.252251073718070984e-02 3.032225370407104492e-02 3.616407513618469238e-02 1.198077853769063950e-02 2.585003711283206940e-02 3.867403417825698853e-02 2.715042047202587128e-02 2.359059453010559082e-02 2.760275499895215034e-03 5.632569547742605209e-03 2.880007028579711914e-03 1.672109821811318398e-03 9.567266330122947693e-03 1.940923626534640789e-03 4.761512391269207001e-03 2.364991977810859680e-02 4.872622340917587280e-02 5.870186164975166321e-02 4.368986934423446655e-03 1.392104197293519974e-02 6.597884930670261383e-03 3.100860863924026489e-03 2.107876166701316833e-02 2.448429353535175323e-03 5.720274522900581360e-03 2.098605036735534668e-03 1.640993542969226837e-02 2.527503482997417450e-02 1.245266664773225784e-02 8.328547701239585876e-03 1.213738508522510529e-02 6.966270972043275833e-03 1.124220341444015503e-02 1.029142271727323532e-02 2.121280506253242493e-02 1.331408880650997162e-02 1.716517843306064606e-02 1.053485088050365448e-02 1.511400006711483002e-02 1.160091254860162735e-02 1.456522103399038315e-02 7.696972228586673737e-03 9.934471920132637024e-03 4.853869322687387466e-03
7.026440650224685669e-02 8.206701278686523438e-02 3.911930136382579803e-03 2.984965918585658073e-03 6.122923921793699265e-03 6.295185536146163940e-02 7.079714536666870117e-02 3.698272164911031723e-03 7.801772560924291611e-03 9.997536428272724152e-03 7.469600439071655273e-02 1.703426940366625786e-03 8.555048108100891113e-01 4.699269775301218033e-03 2.745495736598968506e-02 2.234783023595809937e-02 3.433091565966606140e-02 1.066709961742162704e-02 1.533369906246662140e-02 6.038564722985029221e-03 1.857525669038295746e-02 2.186773903667926788e-02 1.128933764994144440e-02 2.312705665826797485e-02 1.320441253483295441e-02 1.362066064029932022e-02 1.729130372405052185e-02 1.115513499826192856e-02 3.130764514207839966e-02 9.178249165415763855e-03 1.384316664189100266e-02 2.950624329969286919e-03 1.112364977598190308e-02 1.764855347573757172e-02 8.178233169019222260e-03 1.083294395357370377e-02 7.494173478335142136e-03 6.251655053347349167e-03 1.121736248023808002e-03 2.973875263705849648e-03 4.986172076314687729e-03 1.019509974867105484e-02 8.105522021651268005e-03 9.674896486103534698e-03 1.935986801981925964e-03 2.565546659752726555e-03 5.445280298590660095e-02 4.321612045168876648e-02 1.948474207893013954e-03 1.026339642703533173e-02 5.313886795192956924e-03 4.876338876783847809e-03 3.160073421895503998e-03 1.982571557164192200e-03 1.062828116118907928e-02 1.044689491391181946e-02 1.395030645653605461e-03 1.287294831126928329e-02 7.276026066392660141e-03 5.918385460972785950e-03 4.361256025731563568e-03 1.413803268224000931e-02 8.575974963605403900e-03 8.653309196233749390e-04 2.545543015003204346e-02 1.853708177804946899e-02 3.757567610591650009e-03 1.666571199893951416e-02 1.906016096472740173e-02 3.347346326336264610e-03 2.300416491925716400e-02 2.298570005223155022e-03 1.189632923342287540e-03 5.297762341797351837e-03 6.553659681230783463e-03 1.483708154410123825e-03 6.332897581160068512e-03 9.883428923785686493e-03 1.489999704062938690e-02 1.554096350446343422e-03 5.049045663326978683e-03 3.660718910396099091e-03 2.280508540570735931e-02 8.048490621149539948e-03 5.291473586112260818e-03 4.182308912277221680e-03 1.578376255929470062e-02 1.361919194459915161e-02 8.083262480795383453e-03 5.440019071102142334e-03 3.102783672511577606e-02 2.555793337523937225e-02 3.243506327271461487e-02 7.861434482038021088e-03 1.025551697239279747e-03 1.281703356653451920e-02 9.592013433575630188e-03 1.433409284800291061e-03 1.870679296553134918e-02 2.113069966435432434e-02 3.367923200130462646e-03 9.011567570269107819e-03 5.797902122139930725e-03 1.354009611532092094e-03 9.092414402402937412e-04 3.079870529472827911e-02 1.111163059249520302e-03 1.516807172447443008e-02 4.050373286008834839e-02 7.020509801805019379e-03 2.631721086800098419e-03 5.829972680658102036e-03 1.221485435962677002e-03 1.169994007796049118e-02 1.305462094023823738e-03 2.719122683629393578e-03
