8.470176458358764648e-01 8.121900260448455811e-02 7.728929631412029266e-04 1.822980353608727455e-03 1.271503325551748276e-02 7.602487504482269287e-02 7.606248557567596436e-02 1.502533070743083954e-02 6.059452425688505173e-03 1.061469316482543945e-03 8.036957681179046631e-02 2.387765608727931976e-02 7.095953822135925293e-02 3.096864186227321625e-02 3.779687732458114624e-02 9.882086887955665588e-03 4.224736243486404419e-03 2.250160789117217064e-03 5.581152625381946564e-03 1.474893838167190552e-02 8.062582463026046753e-03 2.822678536176681519e-02 7.819228805601596832e-03 1.262778602540493011e-02 1.747329533100128174e-02 1.226902124471962452e-03 2.334579452872276306e-02 1.001211721450090408e-02 4.929303750395774841e-02 8.325070142745971680e-03 4.376882687211036682e-02 1.111017260700464249e-02 8.061257191002368927e-03 4.015311598777770996e-03 1.303972094319760799e-03 2.421571314334869385e-02 2.350261621177196503e-02 1.105294935405254364e-02 2.771714236587285995e-03 2.636588411405682564e-03 7.983103278093039989e-04 1.443582121282815933e-02 2.377025969326496124e-02 1.923628849908709526e-03 2.764790691435337067e-02 1.603970304131507874e-02 6.522690504789352417e-02 6.352285295724868774e-02 1.744753681123256683e-02 6.348543334752321243e-03 8.771159686148166656e-03 1.568007841706275940e-02 4.798042122274637222e-03 1.877979375422000885e-02 1.610199175775051117e-02 7.690817001275718212e-04 5.621328484266996384e-03 5.217440892010927200e-03 2.164480648934841156e-02 2.306324057281017303e-02 6.533759180456399918e-03 8.686882443726062775e-03 1.026708167046308517e-02 1.114042662084102631e-02 4.237164556980133057e-02 4.737252742052078247e-02 8.702592924237251282e-03 3.758123610168695450e-03 9.332338813692331314e-04 9.058130905032157898e-03 7.006703875958919525e-03 9.460150264203548431e-03 1.663364702835679054e-03 1.589256711304187775e-02 8.247599937021732330e-03 1.328675635159015656e-02 4.003049340099096298e-03 7.086299825459718704e-03 6.927772192284464836e-04 3.383949166163802147e-03 1.521177589893341064e-02 1.086638309061527252e-02 5.178514984436333179e-04 1.043166685849428177e-02 4.894796875305473804e-04 1.232605893164873123e-02 2.635082602500915527e-02 1.518541388213634491e-02 3.554617753252387047e-03 1.005388144403696060e-02 4.865256696939468384e-02 2.744976989924907684e-02 4.288917034864425659e-02 1.775364950299263000e-02 2.580075059086084366e-03 8.686175569891929626e-03 3.719219006597995758e-03 8.745881728827953339e-03 1.378623861819505692e-02 1.701409369707107544e-02 1.389379892498254776e-02 7.445726543664932251e-03 1.334478333592414856e-02 1.171654649078845978e-02 5.817436613142490387e-04 6.313131656497716904e-03 2.085950970649719238e-02 6.921454798430204391e-03 8.047254756093025208e-03 7.017735857516527176e-03 7.493110373616218567e-03 1.506481412798166275e-02 5.642972420901060104e-03 1.237079035490751266e-03 5.435881670564413071e-03 4.903187509626150131e-03
8.121900260448455811e-02 8.470176458358764648e-01 3.869947744533419609e-03 2.648289315402507782e-03 6.103720515966415405e-03 7.391853630542755127e-02 7.607368379831314087e-02 1.217895373702049255e-02 2.832426456734538078e-03 5.138278007507324219e-03 7.610686868429183960e-02 3.023387677967548370e-02 7.213893532752990723e-02 3.863139450550079346e-02 3.905340284109115601e-02 1.479673665016889572e-02 1.214458514004945755e-02 1.163158100098371506e-03 6.711221300065517426e-03 1.311257388442754745e-02 1.001359522342681885e-02 2.641402184963226318e-02 1.167854573577642441e-02 1.697537302970886230e-02 1.662945747375488281e-02 6.099103484302759171e-03 2.146056294441223145e-02 1.831754297018051147e-02 4.335081204771995544e-02 1.689994707703590393e-02 4.174815863370895386e-02 1.127074379473924637e-02 7.973588071763515472e-03 6.748985964804887772e-03 4.510109312832355499e-03 2.666101977229118347e-02 2.702213078737258911e-02 9.980201721191406250e-03 2.053144155070185661e-03 4.404670326039195061e-04 3.813258372247219086e-03 1.572769880294799805e-02 2.904581278562545776e-02 6.382720544934272766e-03 2.612214349210262299e-02 1.850397139787673950e-02 6.063760071992874146e-02 6.305625289678573608e-02 1.831900700926780701e-02 1.021924149245023727e-02 4.454660229384899139e-03 1.993027143180370331e-02 1.066631823778152466e-02 2.297557145357131958e-02 1.897512562572956085e-02 3.629094455391168594e-03 5.756061989814043045e-03 1.637834007851779461e-03 2.410541847348213196e-02 2.535660378634929657e-02 4.579019267112016678e-03 7.188996765762567520e-03 4.142011981457471848e-03 7.533057592809200287e-03 4.168167337775230408e-02 4.566033557057380676e-02 9.708418510854244232e-03 7.145818788558244705e-03 5.587147548794746399e-03 1.207887940108776093e-02 3.750051837414503098e-04 1.640231721103191376e-02 5.635095294564962387e-03 1.595053263008594513e-02 3.838863223791122437e-03 1.307168975472450256e-02 3.481728024780750275e-03 1.981729641556739807e-03 1.301478914683684707e-04 2.956610638648271561e-03 1.608351059257984161e-02 1.043343544006347656e-02 4.824423522222787142e-04 9.939877316355705261e-03 4.968449502484872937e-05 6.783077027648687363e-03 2.858913876116275787e-02 1.732343807816505432e-02 7.130333688110113144e-04 5.414388608187437057e-03 4.434832558035850525e-02 2.104817703366279602e-02 4.260038211941719055e-02 1.218891702592372894e-02 8.620470180176198483e-04 8.756492286920547485e-03 2.081705955788493156e-03 1.428885944187641144e-02 1.850129105150699615e-02 2.050147205591201782e-02 1.408539246767759323e-02 9.152406826615333557e-03 1.075077056884765625e-02 1.416045706719160080e-02 7.086750702001154423e-05 6.553520914167165756e-03 1.893189921975135803e-02 3.810674883425235748e-03 8.459050208330154419e-03 1.012140139937400818e-02 3.375130705535411835e-03 1.178938709199428558e-02 3.308192593976855278e-03 6.299331784248352051e-03 5.847815889865159988e-03 5.200499668717384338e-03
7.728929631412029266e-04 3.869947744533419609e-03 8.470176458358764648e-01 1.723410096019506454e-03 7.541502127423882484e-04 3.624034870881587267e-04 1.307836617343127728e-03 5.654440075159072876e-02 1.847619004547595978e-02 1.555485185235738754e-02 5.663082934916019440e-03 7.434742059558629990e-03 6.991360336542129517e-03 3.779107239097356796e-03 1.896105706691741943e-02 8.450133726000785828e-03 1.008353289216756821e-02 2.575475536286830902e-02 3.322716057300567627e-02 2.068219892680644989e-02 2.627907693386077881e-02 9.081100579351186752e-04 2.841358073055744171e-02 2.142924442887306213e-02 2.849991619586944580e-02 1.799722947180271149e-02 4.901854321360588074e-03 5.773237906396389008e-03 1.255181618034839630e-03 2.353023272007703781e-03 1.315845060162246227e-03 1.883334666490554810e-02 9.085850790143013000e-03 1.709645986557006836e-02 7.121185772120952606e-03 9.403251111507415771e-03 3.323126875329762697e-04 9.466730989515781403e-03 1.365689747035503387e-02 8.307919837534427643e-03 1.953746937215328217e-02 1.614096201956272125e-02 2.006540820002555847e-02 1.227855309844017029e-02 1.506287697702646255e-02 1.279497612267732620e-02 4.329364281147718430e-03 8.154573850333690643e-03 1.113347988575696945e-02 1.552382484078407288e-02 2.886343188583850861e-02 1.983839832246303558e-02 1.220116857439279556e-02 3.634145949035882950e-03 1.386020798236131668e-02 4.054717253893613815e-03 1.749804243445396423e-02 1.242701429873704910e-02 6.734034046530723572e-03 1.422323565930128098e-02 3.863147227093577385e-03 1.206605043262243271e-02 9.939763695001602173e-03 9.257468394935131073e-03 4.897133912891149521e-03 7.328620180487632751e-03 1.923251897096633911e-02 2.027106843888759613e-02 3.540774807333946228e-03 2.998063527047634125e-02 7.831304334104061127e-03 2.594109997153282166e-02 3.281996818259358406e-03 1.965128816664218903e-02 2.454127557575702667e-02 1.203115563839673996e-02 7.829660549759864807e-03 1.189836673438549042e-02 1.022062264382839203e-02 1.868538558483123779e-02 4.326451569795608521e-02 4.434732347726821899e-02 8.153156377375125885e-03 2.570235729217529297e-02 2.308585308492183685e-02 2.384464070200920105e-02 2.541302703320980072e-02 3.709163144230842590e-02 1.402718131430447102e-03 2.672952832654118538e-03 6.263543851673603058e-03 2.705052495002746582e-02 5.979672074317932129e-03 7.307333406060934067e-03 1.795685477554798126e-02 6.394145544618368149e-03 2.516666054725646973e-02 1.007905881851911545e-02 3.004883043467998505e-02 2.461237087845802307e-02 2.544946968555450439e-02 2.513684146106243134e-02 1.486326474696397781e-02 9.987016208469867706e-03 6.148661952465772629e-03 1.229162141680717468e-02 2.767388522624969482e-02 5.697561893612146378e-03 1.593297533690929413e-02 1.235154573805630207e-03 1.188095472753047943e-02 6.111499387770891190e-03 5.697570741176605225e-03 1.133447885513305664e-02 6.814910098910331726e-03 3.477851161733269691e-03
1.822980353608727455e-03 2.648289315402507782e-03 1.723410096019506454e-03 8.470176458358764648e-01 8.998556435108184814e-02 9.687635465525090694e-04 4.483862780034542084e-03 1.418351102620363235e-02 7.381775416433811188e-03 3.477539401501417160e-03 3.016495844349265099e-03 2.115699835121631622e-02 5.461628083139657974e-03 1.991715654730796814e-02 1.539284596219658852e-03 2.574581094086170197e-02 2.919527515769004822e-02 3.003701567649841309e-02 2.583508193492889404e-02 8.172276429831981659e-03 1.341540273278951645e-02 9.610775858163833618e-03 7.236076518893241882e-03 1.785868033766746521e-02 1.317773759365081787e-02 2.545740082859992981e-02 3.946805081795901060e-04 4.456043988466262817e-02 2.384346211329102516e-03 4.748063161969184875e-02 1.798916421830654144e-02 3.496324876323342323e-03 3.629484027624130249e-02 3.348993777763098478e-04 3.091547638177871704e-02 2.738202922046184540e-03 7.951810024678707123e-03 3.981772810220718384e-03 2.872022055089473724e-02 2.114170417189598083e-02 2.830830402672290802e-03 5.049109458923339844e-03 3.675147891044616699e-04 2.798342891037464142e-02 1.287380815483629704e-03 3.437305800616741180e-03 1.647261204198002815e-03 3.612149739637970924e-03 1.493946090340614319e-02 1.973085745703428984e-04 1.525716943433508277e-04 1.428302959538996220e-03 2.853546291589736938e-02 2.773443236947059631e-02 9.050547145307064056e-03 7.496954407542943954e-03 2.911886572837829590e-02 3.553219884634017944e-02 2.833398990333080292e-02 2.328402362763881683e-02 3.739078715443611145e-02 3.333035483956336975e-02 4.695188626646995544e-02 3.862564265727996826e-02 1.205000095069408417e-02 1.310336310416460037e-02 4.513814579695463181e-03 2.883655950427055359e-03 3.726588189601898193e-02 7.339551113545894623e-03 2.796309068799018860e-02 2.750377170741558075e-03 6.417596340179443359e-02 7.993817329406738281e-03 4.999417066574096680e-02 1.994723640382289886e-02 3.525790572166442871e-02 2.140463888645172119e-02 4.106563981622457504e-03 1.935339649207890034e-03 8.884506300091743469e-03 8.027632720768451691e-03 3.097482398152351379e-02 2.854802645742893219e-02 6.509895436465740204e-03 4.221912968205288053e-05 2.437719609588384628e-03 3.139795153401792049e-04 5.070351064205169678e-02 4.958312585949897766e-02 1.351055689156055450e-02 7.187821902334690094e-03 1.180953998118638992e-02 1.441177818924188614e-02 2.112099155783653259e-02 8.256048895418643951e-03 1.631003571674227715e-03 1.582799479365348816e-02 1.098395884037017822e-02 1.006697956472635269e-02 1.403679343638941646e-04 3.557329764589667320e-03 3.934070002287626266e-03 3.138617612421512604e-03 1.463050674647092819e-02 1.920016668736934662e-02 1.232259906828403473e-02 4.937171004712581635e-03 9.460644796490669250e-03 1.979033462703227997e-02 8.800967596471309662e-03 1.549199223518371582e-02 5.444609560072422028e-04 1.020902860909700394e-02 1.697872206568717957e-02 1.225319341756403446e-03
1.271503325551748276e-02 6.103720515966415405e-03 7.541502127423882484e-04 8.998556435108184814e-02 8.470176458358764648e-01 1.312690041959285736e-02 1.332221273332834244e-02 2.457295544445514679e-02 9.586387313902378082e-03 2.627317234873771667e-02 1.502292323857545853e-02 1.027740724384784698e-02 1.754924072884023190e-03 1.136742904782295227e-02 9.133848361670970917e-03 1.973632164299488068e-02 2.953483164310455322e-02 1.785193942487239838e-02 3.283588960766792297e-02 8.977079764008522034e-03 1.310737617313861847e-02 1.435925439000129700e-02 2.173178829252719879e-03 1.791712455451488495e-02 9.986494667828083038e-03 2.441016212105751038e-02 5.677911918610334396e-03 3.656982257962226868e-02 1.538468245416879654e-02 3.920461609959602356e-02 7.983408868312835693e-03 6.403265055269002914e-03 2.644896879792213440e-02 4.638271871954202652e-03 2.771593630313873291e-02 5.916023161262273788e-03 1.953621394932270050e-03 1.441954076290130615e-02 1.412957068532705307e-02 1.496366132050752640e-02 6.963577121496200562e-03 5.446153692901134491e-03 1.113131525926291943e-03 2.250429801642894745e-02 3.156263381242752075e-03 4.397726617753505707e-03 1.144316699355840683e-02 2.830875338986515999e-03 1.719484105706214905e-02 1.474186033010482788e-02 5.048568826168775558e-03 5.270936060696840286e-03 1.709267310798168182e-02 2.253001742064952850e-02 9.644518606364727020e-03 1.837544888257980347e-02 2.001191116869449615e-02 4.198618233203887939e-02 1.497392542660236359e-02 1.338395662605762482e-02 3.425392881035804749e-02 4.042233899235725403e-02 3.981412574648857117e-02 3.119057416915893555e-02 4.248714074492454529e-03 9.165833762381225824e-05 1.014431705698370934e-03 4.541838075965642929e-03 3.859172388911247253e-02 4.657317884266376495e-03 3.571878001093864441e-02 3.115300321951508522e-03 5.021379888057708740e-02 1.120338309556245804e-02 5.384779348969459534e-02 1.174300536513328552e-02 3.283385187387466431e-02 3.029284067451953888e-02 1.215873053297400475e-03 1.348371524363756180e-02 1.428896840661764145e-02 4.563653841614723206e-03 1.759072020649909973e-02 4.025525972247123718e-02 1.350461319088935852e-02 3.124365117400884628e-03 8.426838554441928864e-03 3.127433825284242630e-03 4.131543263792991638e-02 5.311505123972892761e-02 3.656385466456413269e-03 9.190761484205722809e-03 2.331818453967571259e-03 9.751549921929836273e-03 1.646761968731880188e-02 6.480338051915168762e-03 3.038991941139101982e-03 1.266182865947484970e-02 7.646058220416307449e-03 6.884322967380285263e-03 3.378737601451575756e-04 1.722574583254754543e-03 4.212764091789722443e-03 2.998022129759192467e-03 5.656375549733638763e-03 1.755197905004024506e-02 1.340629998594522476e-02 7.640029303729534149e-03 1.662696339190006256e-02 1.498041767627000809e-02 1.690338249318301678e-03 3.327079117298126221e-03 1.159603241831064224e-03 1.003340352326631546e-02 1.011467073112726212e-02 6.082264240831136703e-03
7.602487504482269287e-02 7.391853630542755127e-02 3.624034870881587267e-04 9.687635465525090694e-04 1.312690041959285736e-02 8.470176458358764648e-01 8.013697713613510132e-02 5.329404957592487335e-03 2.117800293490290642e-03 5.751123651862144470e-03 6.929825246334075928e-02 3.971941769123077393e-02 6.394319236278533936e-02 4.792959988117218018e-02 3.797780349850654602e-02 2.175471559166908264e-02 1.489221584051847458e-02 2.506564604118466377e-03 1.292094774544239044e-02 1.243778597563505173e-02 1.028246153146028519e-02 2.864150330424308777e-02 2.030663006007671356e-02 2.563241124153137207e-02 1.779562979936599731e-02 1.432241406291723251e-03 2.207992970943450928e-02 2.887830324470996857e-02 3.580075502395629883e-02 2.516764402389526367e-02 2.910195104777812958e-02 1.441221591085195541e-02 1.058004144579172134e-02 5.708919372409582138e-03 5.206776782870292664e-03 2.290843240916728973e-02 2.045176737010478973e-02 8.225172758102416992e-03 3.458882201812230051e-05 1.692927675321698189e-03 7.809519302099943161e-03 1.271854341030120850e-02 1.777993515133857727e-02 1.425743452273309231e-03 2.419535815715789795e-02 1.193676888942718506e-02 6.155396997928619385e-02 5.707544088363647461e-02 1.511414442211389542e-02 3.501311643049120903e-03 1.735992729663848877e-02 8.509897626936435699e-03 7.638416253030300140e-03 1.514261122792959213e-02 1.349837146699428558e-02 6.731273140758275986e-03 7.871090434491634369e-03 5.246352404356002808e-03 2.193545922636985779e-02 2.365614660084247589e-02 7.718976587057113647e-03 1.124180573970079422e-02 1.081496104598045349e-02 8.224640972912311554e-03 3.777453675866127014e-02 3.847145289182662964e-02 1.514738798141479492e-02 6.401970982551574707e-03 5.222471081651747227e-04 1.634521409869194031e-02 5.527690052986145020e-03 1.503577735275030136e-02 4.492429550737142563e-03 1.891454309225082397e-02 4.489448852837085724e-03 1.796359755098819733e-02 5.854055751115083694e-03 5.190294701606035233e-03 3.588474588468670845e-03 8.175070397555828094e-03 1.495616789907217026e-02 1.265320554375648499e-02 2.081138780340552330e-03 1.247377414256334305e-02 1.129803899675607681e-02 1.231729635037481785e-03 2.642852067947387695e-02 1.570734754204750061e-02 3.196295001544058323e-04 9.760015644133090973e-03 3.898780047893524170e-02 2.475148625671863556e-02 3.266377002000808716e-02 1.853196136653423309e-02 5.276539828628301620e-03 1.183992996811866760e-02 3.165630856528878212e-03 1.024772319942712784e-02 1.201465073972940445e-02 1.285705622285604477e-02 1.875957101583480835e-02 1.022871304303407669e-02 9.555401280522346497e-03 8.613401092588901520e-03 1.709694624878466129e-03 7.599696516990661621e-03 2.284555137157440186e-02 3.246699343435466290e-04 9.973155334591865540e-03 2.124516293406486511e-02 5.988496355712413788e-03 1.100209075957536697e-02 3.937548026442527771e-03 8.167242049239575863e-04 5.705553572624921799e-03 8.725135587155818939e-03
7.606248557567596436e-02 7.607368379831314087e-02 1.307836617343127728e-03 4.483862780034542084e-03 1.332221273332834244e-02 8.013697713613510132e-02 8.470176458358764648e-01 6.471798755228519440e-03 1.071236096322536469e-03 4.499393980950117111e-03 6.920022517442703247e-02 3.638143837451934814e-02 6.631715595722198486e-02 4.679369181394577026e-02 3.635074198246002197e-02 1.849515922367572784e-02 1.392794493585824966e-02 1.476643490605056286e-03 1.310910284519195557e-02 1.329417992383241653e-02 1.075467746704816818e-02 2.676012925803661346e-02 1.961242407560348511e-02 2.655435726046562195e-02 1.657759398221969604e-02 2.254714258015155792e-03 1.959580555558204651e-02 2.551502734422683716e-02 3.777075931429862976e-02 2.320299297571182251e-02 3.015199303627014160e-02 1.350328419357538223e-02 6.872523110359907150e-03 7.063892204314470291e-03 2.391287125647068024e-03 2.285673469305038452e-02 2.276772819459438324e-02 9.985080920159816742e-03 5.145652219653129578e-03 5.770007846876978874e-04 7.574346382170915604e-03 1.411969866603612900e-02 2.034709043800830841e-02 2.830024110153317451e-03 2.595166862010955811e-02 1.512706000357866287e-02 6.146340817213058472e-02 6.108353659510612488e-02 1.582440733909606934e-02 1.583045814186334610e-03 1.046702265739440918e-02 1.322295051068067551e-02 6.020102184265851974e-03 1.478688139468431473e-02 1.442286651581525803e-02 3.610718529671430588e-03 5.294559057801961899e-03 4.617501050233840942e-03 1.740639284253120422e-02 2.194005623459815979e-02 8.961364626884460449e-03 1.076951250433921814e-02 1.127159316092729568e-02 1.178630534559488297e-02 3.684711828827857971e-02 3.891614452004432678e-02 1.486038696020841599e-02 6.878774613142013550e-03 2.062429557554423809e-04 1.452048309147357941e-02 2.922220621258020401e-03 1.708496734499931335e-02 4.073726478964090347e-03 1.911132968962192535e-02 3.949831239879131317e-03 1.740159839391708374e-02 3.588260849937796593e-03 2.173325512558221817e-03 2.552692021708935499e-04 3.638508263975381851e-03 1.177107822149991989e-02 1.315066590905189514e-02 1.152876531705260277e-03 1.181684155017137527e-02 8.559628389775753021e-03 1.534270950287464075e-06 2.501751668751239777e-02 1.743434742093086243e-02 5.788911599665880203e-03 1.194021385163068771e-02 3.939730301499366760e-02 2.306117489933967590e-02 3.515479713678359985e-02 1.700285077095031738e-02 1.005089143291115761e-03 1.139572355896234512e-02 3.670543897897005081e-03 1.043753605335950851e-02 1.464905962347984314e-02 1.533215492963790894e-02 1.650587655603885651e-02 9.990449994802474976e-03 1.089684478938579559e-02 1.105781272053718567e-02 3.877924056723713875e-03 3.489266848191618919e-03 2.219017036259174347e-02 1.055288244970142841e-03 9.204071946442127228e-03 1.816820912063121796e-02 5.813194438815116882e-03 1.517478749155998230e-02 7.850676774978637695e-03 2.865290734916925430e-03 5.409676581621170044e-03 9.588558226823806763e-03
1.502533070743083954e-02 1.217895373702049255e-02 5.654440075159072876e-02 1.418351102620363235e-02 2.457295544445514679e-02 5.329404957592487335e-03 6.471798755228519440e-03 8.470176458358764648e-01 2.461452595889568329e-02 1.760727539658546448e-02 1.573406904935836792e-02 3.240841906517744064e-03 1.630694977939128876e-02 6.895893719047307968e-03 4.340412095189094543e-02 3.899036440998315811e-03 1.209887024015188217e-02 1.520671602338552475e-02 1.018404588103294373e-02 4.193811677396297455e-03 1.399123761802911758e-02 2.544739656150341034e-02 5.335310008376836777e-03 4.230175632983446121e-03 1.780361123383045197e-02 1.865251176059246063e-02 2.499900013208389282e-02 1.817018724977970123e-02 6.449392996728420258e-03 1.692647859454154968e-02 4.481438547372817993e-03 1.333145773969590664e-03 9.070779196918010712e-05 5.602510180324316025e-03 3.612360917031764984e-03 1.328666973859071732e-02 2.109315991401672363e-02 2.082943171262741089e-02 1.323500089347362518e-02 1.048426702618598938e-02 2.714228816330432892e-02 1.532366126775741577e-02 1.789060048758983612e-02 4.125078674405813217e-03 2.014852501451969147e-02 1.771589927375316620e-02 6.458734162151813507e-03 7.959413342177867889e-03 6.199630443006753922e-03 1.653203554451465607e-02 3.640377894043922424e-02 2.446538023650646210e-02 8.809369755908846855e-04 2.457678690552711487e-02 9.969311766326427460e-03 9.174139238893985748e-03 1.295392028987407684e-02 9.659183211624622345e-03 1.132426876574754715e-02 2.953462488949298859e-02 2.004855312407016754e-03 2.323690569028258324e-03 1.828208565711975098e-02 1.102272048592567444e-02 1.387002225965261459e-02 2.335806190967559814e-02 2.013478660956025124e-03 8.089126087725162506e-03 4.182743374258279800e-03 6.393469404429197311e-03 3.461536020040512085e-03 8.938161656260490417e-03 1.515700388699769974e-02 1.033220998942852020e-02 1.458456274121999741e-02 7.265628082677721977e-04 5.373151041567325592e-03 8.397314697504043579e-03 9.476854465901851654e-03 2.247038856148719788e-02 7.505229860544204712e-02 4.324066266417503357e-02 7.225616835057735443e-03 2.372244838625192642e-03 1.007046457380056381e-02 1.826577004976570606e-03 4.853655397891998291e-02 4.258342087268829346e-02 2.666970540303736925e-04 7.222189451567828655e-04 6.328220479190349579e-03 2.510641235858201981e-03 4.583294037729501724e-03 1.497789565473794937e-02 3.732473356649279594e-03 1.165999379009008408e-02 5.072276573628187180e-03 1.254508085548877716e-02 1.456285826861858368e-02 1.850722171366214752e-02 7.205573376268148422e-03 1.382010336965322495e-02 8.719073608517646790e-03 8.659888990223407745e-03 8.166237734258174896e-03 6.223138421773910522e-03 2.493684552609920502e-02 2.484430745244026184e-02 2.478908933699131012e-02 2.033974789083003998e-02 1.033117342740297318e-02 1.297377864830195904e-03 2.588648349046707153e-03 8.796939626336097717e-03 9.518529288470745087e-03 6.784141995012760162e-03
6.059452425688505173e-03 2.832426456734538078e-03 1.847619004547595978e-02 7.381775416433811188e-03 9.586387313902378082e-03 2.117800293490290642e-03 1.071236096322536469e-03 2.461452595889568329e-02 8.470176458358764648e-01 4.671904444694519043e-02 3.598338458687067032e-03 2.542822808027267456e-02 5.644797813147306442e-03 1.211808901280164719e-02 1.561229582875967026e-02 2.227802015841007233e-02 1.583395153284072876e-02 3.854725137352943420e-02 2.605569735169410706e-02 1.893281377851963043e-02 2.496693655848503113e-02 1.593367382884025574e-02 4.626647382974624634e-02 3.870351985096931458e-02 1.632185839116573334e-02 7.941660471260547638e-03 7.416458334773778915e-03 4.043741151690483093e-03 5.419930908828973770e-03 2.991164801642298698e-03 4.876275081187486649e-03 2.149058133363723755e-02 6.840261048637330532e-04 2.315530180931091309e-02 8.739344775676727295e-03 1.680288836359977722e-02 5.912159103900194168e-03 1.161070540547370911e-02 2.675522863864898682e-02 2.274336665868759155e-02 1.506659202277660370e-02 2.475033327937126160e-02 1.129141636192798615e-02 1.078999368473887444e-03 3.087226860225200653e-02 1.397708058357238770e-02 7.498414255678653717e-03 6.698376499116420746e-03 2.910428680479526520e-02 1.306349225342273712e-02 3.290292248129844666e-02 3.411678224802017212e-02 3.677489003166556358e-03 1.181916147470474243e-02 4.424858838319778442e-02 7.191661745309829712e-03 1.947006955742835999e-02 4.355614073574542999e-03 3.205855842679738998e-03 2.179105998948216438e-03 1.673812977969646454e-02 3.633609972894191742e-03 1.525994576513767242e-02 9.850883856415748596e-03 3.933291882276535034e-03 1.118330564349889755e-02 1.007279846817255020e-02 1.608364470303058624e-02 2.607489377260208130e-02 9.656552225351333618e-03 8.585109375417232513e-03 1.110491249710321426e-02 1.963349990546703339e-02 1.902891881763935089e-02 2.300918288528919220e-02 1.621636748313903809e-02 5.858542025089263916e-02 2.313334494829177856e-02 4.583174735307693481e-02 4.899069666862487793e-02 2.697336487472057343e-03 1.130508072674274445e-02 5.204890295863151550e-02 3.121688589453697205e-02 7.558232638984918594e-03 1.943078637123107910e-02 1.432630233466625214e-02 1.538140047341585159e-02 1.653156615793704987e-02 9.497878141701221466e-03 9.124610573053359985e-03 6.449664942920207977e-03 1.151253702118992805e-03 1.855251565575599670e-02 1.996278297156095505e-03 8.485439233481884003e-03 9.825896471738815308e-03 3.089810907840728760e-02 1.511675678193569183e-02 1.865333691239356995e-02 4.571079276502132416e-03 1.554232556372880936e-02 4.086480941623449326e-03 7.361576892435550690e-03 1.082389708608388901e-02 5.199031438678503036e-03 1.086150179617106915e-03 2.339923754334449768e-02 6.319609237834811211e-04 1.716623082756996155e-02 1.267825532704591751e-02 8.673284202814102173e-03 4.851879086345434189e-03 1.481151022017002106e-02 1.905319839715957642e-02 9.878741577267646790e-03
1.061469316482543945e-03 5.138278007507324219e-03 1.555485185235738754e-02 3.477539401501417160e-03 2.627317234873771667e-02 5.751123651862144470e-03 4.499393980950117111e-03 1.760727539658546448e-02 4.671904444694519043e-02 8.470176458358764648e-01 8.202366530895233154e-03 1.119675114750862122e-03 1.320008747279644012e-02 6.067056208848953247e-03 4.050541669130325317e-03 1.307579223066568375e-02 3.294670209288597107e-02 1.149967685341835022e-02 3.705053031444549561e-02 4.214081855025142431e-04 8.357588201761245728e-03 1.316311769187450409e-02 1.707289367914199829e-02 3.172044828534126282e-02 8.856276050209999084e-03 1.499709952622652054e-02 1.774738729000091553e-02 7.560261990875005722e-03 4.850977100431919098e-03 6.369583774358034134e-03 9.584974497556686401e-03 9.063520468771457672e-03 1.781253702938556671e-02 2.127424813807010651e-02 1.180456113070249557e-02 2.330340212211012840e-03 1.040975283831357956e-02 2.647333312779664993e-03 3.073603846132755280e-03 9.188976138830184937e-03 1.118406653404235840e-02 9.070310741662979126e-03 2.346133813261985779e-02 4.337486810982227325e-03 2.059398684650659561e-03 2.701995335519313812e-02 5.525935906916856766e-03 1.058877725154161453e-02 2.568358369171619415e-02 6.520125269889831543e-02 1.578140445053577423e-02 1.713781803846359253e-02 7.510007359087467194e-03 1.322456542402505875e-02 2.400864288210868835e-02 4.501647129654884338e-02 2.587417839094996452e-03 3.039384819567203522e-02 1.000631321221590042e-02 9.985070675611495972e-03 3.633814631029963493e-04 1.295449770987033844e-02 1.370114739984273911e-02 1.187160052359104156e-02 1.554248447064310312e-04 6.943381857126951218e-03 1.073894649744033813e-02 7.309952750802040100e-03 3.925305232405662537e-02 1.425460726022720337e-02 4.434443637728691101e-02 1.582365948706865311e-03 7.022793404757976532e-03 1.105970330536365509e-02 1.944012194871902466e-02 3.534695599228143692e-03 3.736048191785812378e-02 7.809443026781082153e-02 1.585822924971580505e-02 5.873274430632591248e-02 4.880669992417097092e-03 1.629864610731601715e-02 1.023600064218044281e-02 3.804076835513114929e-02 1.873531006276607513e-02 1.504434086382389069e-02 6.560535170137882233e-03 1.137142907828092575e-02 1.484726928174495697e-02 3.505622968077659607e-02 2.900065155699849129e-03 4.809942911379039288e-04 1.046216301620006561e-02 2.035271376371383667e-03 1.160827465355396271e-02 2.817845344543457031e-02 1.613961346447467804e-02 5.255699623376131058e-03 1.745469868183135986e-02 2.669938653707504272e-02 5.841938313096761703e-03 2.218394912779331207e-02 3.189779585227370262e-03 1.055983640253543854e-02 8.247495628893375397e-03 9.257948026061058044e-03 1.204622630029916763e-02 2.899942919611930847e-03 1.314121950417757034e-02 1.848183013498783112e-02 5.324288737028837204e-03 1.674694754183292389e-02 9.541811421513557434e-03 8.196731097996234894e-03 1.444441638886928558e-02 8.892089128494262695e-03
8.036957681179046631e-02 7.610686868429183960e-02 5.663082934916019440e-03 3.016495844349265099e-03 1.502292323857545853e-02 6.929825246334075928e-02 6.920022517442703247e-02 1.573406904935836792e-02 3.598338458687067032e-03 8.202366530895233154e-03 8.470176458358764648e-01 2.238829433917999268e-02 7.190245389938354492e-02 2.864969149231910706e-02 3.441132977604866028e-02 1.430641743354499340e-03 3.242582781240344048e-03 1.320894341915845871e-03 1.233144081197679043e-03 1.169842295348644257e-02 4.449228290468454361e-03 2.501666359603404999e-02 8.868922479450702667e-03 1.560459751635789871e-02 1.226830855011940002e-02 1.830126508139073849e-03 2.755699492990970612e-02 5.869789980351924896e-03 5.967537313699722290e-02 6.186617072671651840e-03 4.573754593729972839e-02 9.772158227860927582e-03 5.003273952752351761e-03 6.824631709605455399e-03 6.308341980911791325e-04 2.139637432992458344e-02 2.196910232305526733e-02 1.564415171742439270e-02 1.890756376087665558e-02 1.344478782266378403e-02 4.364646971225738525e-03 1.184690184891223907e-02 2.101445570588111877e-02 1.211344148032367229e-03 2.864011935889720917e-02 2.423537150025367737e-02 6.850694864988327026e-02 6.409381330013275146e-02 2.024617046117782593e-02 1.386260893195867538e-02 1.349111832678318024e-02 1.718208566308021545e-02 7.723527960479259491e-04 1.908758841454982758e-02 1.620374061167240143e-02 3.327997867017984390e-03 1.917457790113985538e-03 5.735336802899837494e-03 2.314403094351291656e-02 2.642090991139411926e-02 9.237971156835556030e-03 8.455571718513965607e-03 7.309032138437032700e-03 1.177876256406307220e-02 5.244638398289680481e-02 4.957788810133934021e-02 7.537956815212965012e-03 5.101950373500585556e-03 3.124821814708411694e-04 1.206565182656049728e-03 5.155117250978946686e-03 2.458940958604216576e-03 2.387551590800285339e-03 5.710362456738948822e-03 9.896431118249893188e-03 5.855209194123744965e-03 2.302860608324408531e-03 1.011863583698868752e-03 5.445227492600679398e-03 8.487270679324865341e-04 1.592982932925224304e-02 1.438964903354644775e-02 1.861014985479414463e-03 9.136438369750976562e-03 7.479808991774916649e-04 5.965679883956909180e-03 2.957289479672908783e-02 1.056914404034614563e-02 5.352739710360765457e-03 1.426780596375465393e-02 4.968063160777091980e-02 3.175325319170951843e-02 4.718524590134620667e-02 8.415011689066886902e-03 3.998606465756893158e-03 8.856527507305145264e-03 3.329999279230833054e-03 8.502938784658908844e-03 1.126482244580984116e-02 1.634000986814498901e-02 1.219665259122848511e-02 1.214755512773990631e-02 7.714672014117240906e-03 1.654767245054244995e-02 4.658890422433614731e-03 6.522393785417079926e-03 1.999748311936855316e-02 9.420572780072689056e-03 1.371240336447954178e-02 5.408082506619393826e-04 5.627633654512465000e-04 1.006395649164915085e-02 1.895161578431725502e-03 5.235899705439805984e-03 1.917050592601299286e-02 2.008874667808413506e-03
2.387765608727931976e-02 3.023387677967548370e-02 7.434742059558629990e-03 2.115699835121631622e-02 1.027740724384784698e-02 3.971941769123077393e-02 3.638143837451934814e-02 3.240841906517744064e-03 2.542822808027267456e-02 1.119675114750862122e-03 2.238829433917999268e-02 8.470176458358764648e-01 2.352809533476829529e-02 8.228196203708648682e-02 3.090837411582469940e-02 2.667584829032421112e-02 1.962905004620552063e-02 1.363359298557043076e-02 6.640209816396236420e-03 1.827116007916629314e-03 6.643041968345642090e-03 1.974882744252681732e-02 4.613048955798149109e-02 4.183306172490119934e-02 1.338726747781038284e-02 4.572102800011634827e-03 1.770356856286525726e-02 5.614982917904853821e-02 1.063309982419013977e-02 5.821260437369346619e-02 3.656087908893823624e-03 1.844749227166175842e-02 1.706208102405071259e-02 5.969484336674213409e-03 1.448435243219137192e-02 2.198365330696105957e-02 1.594946719706058502e-02 1.071296073496341705e-02 2.082724869251251221e-02 2.256531640887260437e-02 6.735723465681076050e-03 2.741087414324283600e-02 1.197095401585102081e-02 1.353525090962648392e-02 3.318675979971885681e-02 2.953924238681793213e-02 2.564963884651660919e-02 2.839620411396026611e-02 6.297614891082048416e-04 1.975250616669654846e-02 1.384002156555652618e-02 3.412510082125663757e-02 2.520977891981601715e-02 1.897478848695755005e-02 6.652258336544036865e-03 2.085171639919281006e-02 5.730835720896720886e-03 7.570769172161817551e-03 3.144716471433639526e-02 2.137415483593940735e-02 3.725879127159714699e-03 1.416771090589463711e-03 1.884585712105035782e-03 3.146213712170720100e-03 2.246003970503807068e-02 1.328040286898612976e-02 1.539505925029516220e-02 3.483700565993785858e-03 2.937186509370803833e-03 2.227025106549263000e-02 3.045979654416441917e-03 8.345535025000572205e-03 2.752468362450599670e-02 1.544958166778087616e-02 2.204235456883907318e-02 3.043566131964325905e-03 1.386834681034088135e-02 1.929871924221515656e-02 2.318762056529521942e-02 1.676793769001960754e-02 1.240984816104173660e-02 9.406277909874916077e-03 9.945983067154884338e-03 1.073195971548557281e-02 2.796224318444728851e-02 1.792233064770698547e-02 2.262882143259048462e-02 1.469176448881626129e-02 2.298332005739212036e-02 1.872668787837028503e-02 1.909129135310649872e-02 7.869794964790344238e-03 1.658541522920131683e-02 1.074920408427715302e-02 2.809610159602016211e-04 1.075138524174690247e-02 4.109283909201622009e-03 8.422340615652501583e-04 1.801005378365516663e-02 1.982218399643898010e-02 1.285025756806135178e-02 8.876200765371322632e-03 4.604267887771129608e-03 7.185183931142091751e-03 1.269371248781681061e-02 1.741394400596618652e-02 3.182725980877876282e-03 2.881753956899046898e-03 5.501315463334321976e-04 8.805410936474800110e-03 5.421730689704418182e-03 1.691825874149799347e-02 1.883618161082267761e-02 2.154725603759288788e-02 9.346550330519676208e-03 7.900404743850231171e-03
7.095953822135925293e-02 7.213893532752990723e-02 6.991360336542129517e-03 5.461628083139657974e-03 1.754924072884023190e-03 6.394319236278533936e-02 6.631715595722198486e-02 1.630694977939128876e-02 5.644797813147306442e-03 1.320008747279644012e-02 7.190245389938354492e-02 2.352809533476829529e-02 8.470176458358764648e-01 3.157816454768180847e-02 4.092732444405555725e-02 1.727816276252269745e-02 1.833990216255187988e-02 7.521349936723709106e-03 3.216586774215102196e-04 1.793911680579185486e-02 1.562918350100517273e-02 3.252401947975158691e-02 1.311863027513027191e-02 2.078865282237529755e-02 2.064019255340099335e-02 1.195926312357187271e-02 2.779721096158027649e-02 1.258845720440149307e-02 4.245739057660102844e-02 1.387264207005500793e-02 4.377153888344764709e-02 1.307437382638454437e-02 1.027076784521341324e-02 1.362840086221694946e-02 6.311734672635793686e-03 2.770254388451576233e-02 3.000521846115589142e-02 1.652575656771659851e-02 6.964458734728395939e-04 1.843331963755190372e-03 5.277991294860839844e-03 1.689891144633293152e-02 2.380501292645931244e-02 4.037532489746809006e-04 2.717660181224346161e-02 2.082476392388343811e-02 5.826449394226074219e-02 5.927601084113121033e-02 2.498392388224601746e-02 1.736444421112537384e-02 4.293744452297687531e-03 1.884157769381999969e-02 1.111877616494894028e-02 2.560359798371791840e-02 2.242611348628997803e-02 8.812434971332550049e-03 1.107288245111703873e-02 4.268862307071685791e-03 2.204609289765357971e-02 2.785718813538551331e-02 1.934249768964946270e-03 2.211728831753134727e-03 2.378357108682394028e-03 5.878805648535490036e-03 4.393440485000610352e-02 5.028315633535385132e-02 1.253847870975732803e-02 1.043080817908048630e-02 1.333081535995006561e-02 7.848998531699180603e-03 5.948820151388645172e-03 1.102077774703502655e-02 7.907791063189506531e-03 1.132026314735412598e-02 2.866915659978985786e-03 1.020537316799163818e-02 9.163081645965576172e-03 8.121401071548461914e-03 3.510035341605544090e-03 4.492301028221845627e-03 1.610248163342475891e-02 1.958250999450683594e-02 3.574360860511660576e-03 1.476238598115742207e-03 1.738190039759501815e-04 1.570720924064517021e-03 3.266637772321701050e-02 2.589798532426357269e-02 3.974820952862501144e-03 8.647547103464603424e-03 4.052795469760894775e-02 2.699161879718303680e-02 4.105447605252265930e-02 1.903794333338737488e-02 1.307525765150785446e-02 1.951169222593307495e-02 3.415117040276527405e-03 1.208477653563022614e-02 1.945622824132442474e-02 2.037653885781764984e-02 1.795271970331668854e-02 1.507431454956531525e-02 6.964955478906631470e-03 7.970844395458698273e-03 1.954811858013272285e-03 7.493521086871623993e-03 2.494908496737480164e-02 8.823253214359283447e-03 1.450169552117586136e-02 4.847063682973384857e-03 6.030415184795856476e-03 2.766644116491079330e-03 2.016879152506589890e-03 7.108046673238277435e-03 9.848534129559993744e-03 2.301062457263469696e-03
