8.325148224830627441e-01 1.006739884614944458e-01 5.683614406734704971e-03 1.283412985503673553e-02 1.237511914223432541e-02 6.640741229057312012e-02 6.233743205666542053e-02 1.037636306136846542e-02 1.401803642511367798e-02 1.257729344069957733e-02 7.221803069114685059e-02 1.627288572490215302e-02 4.777216911315917969e-02 1.564696058630943298e-02 1.267623901367187500e-02 5.986174102872610092e-03 1.227270532399415970e-02 4.981366917490959167e-03 1.396463345736265182e-02 1.151556381955742836e-03 1.866910723038017750e-03 2.376045286655426025e-02 7.781476713716983795e-03 5.933859385550022125e-03 4.581167362630367279e-03 3.262592072132974863e-04 2.237297222018241882e-02 1.201278623193502426e-02 8.938464336097240448e-03 1.297202333807945251e-02 1.092557888478040695e-02 1.280885655432939529e-03 1.862255274318158627e-03 1.318346941843628883e-03 3.073068335652351379e-03 3.272375324741005898e-03 1.612707390449941158e-03 5.291258916258811951e-03 5.081715993583202362e-03 3.996613435447216034e-03 4.037631303071975708e-02 2.539560198783874512e-03 6.492520682513713837e-03 3.082025051116943359e-02 2.172561734914779663e-02 7.092513144016265869e-03 2.269823104143142700e-02 7.710454054176807404e-03 6.917349994182586670e-03 6.873036269098520279e-03 7.560314610600471497e-03 1.157941576093435287e-02 1.325639896094799042e-02 1.244043838232755661e-02 8.664939552545547485e-03 2.079857047647237778e-03 9.732726961374282837e-03 2.250539138913154602e-03 9.678631089627742767e-03 1.472002360969781876e-02 9.311689063906669617e-03 1.178398076444864273e-02 2.529181772843003273e-03 5.730897188186645508e-03 1.803298853337764740e-02 1.041586417704820633e-02 1.723537780344486237e-02 1.570059545338153839e-02 1.069021690636873245e-02 1.828753948211669922e-02 1.117886044085025787e-02 2.415785007178783417e-02 3.537052311003208160e-03 1.082912646234035492e-02 2.421130426228046417e-03 1.992030628025531769e-02 9.019719436764717102e-03 8.083759807050228119e-03 7.842063903808593750e-03 8.450398221611976624e-03 8.512668311595916748e-03 3.552514361217617989e-03 5.376205779612064362e-03 3.799289930611848831e-03 2.910850010812282562e-02 1.183244120329618454e-02 2.137033082544803619e-02 2.141586877405643463e-02 1.860710047185420990e-02 1.417375169694423676e-02 3.903403878211975098e-03 1.944303698837757111e-02 8.435882627964019775e-03 1.996913924813270569e-02 6.239090114831924438e-03 8.647508919239044189e-03 2.305275993421673775e-03 1.351630035787820816e-02 1.128087192773818970e-02 1.347747072577476501e-02 1.221163570880889893e-02 1.157333701848983765e-02 1.041125226765871048e-02 8.862867951393127441e-03 8.166533894836902618e-03 5.789905786514282227e-03 7.857171585783362389e-04 3.198605496436357498e-03 9.156714193522930145e-03 1.826261432142928243e-04 1.404785178601741791e-02 1.946630515158176422e-02 2.439491264522075653e-02 2.722546271979808807e-02 3.526723012328147888e-02 7.262463681399822235e-03
1.006739884614944458e-01 8.325148224830627441e-01 7.782895117998123169e-03 1.135259773582220078e-02 9.670859202742576599e-03 5.667845159769058228e-02 7.944771647453308105e-02 2.259297296404838562e-02 3.702442627400159836e-04 6.171982735395431519e-03 5.614830926060676575e-02 2.520680427551269531e-04 6.219796463847160339e-02 6.092759780585765839e-03 5.617490038275718689e-03 5.936252418905496597e-03 1.194332353770732880e-02 1.301558222621679306e-02 1.596548967063426971e-02 1.227183174341917038e-02 6.888901814818382263e-03 2.394896186888217926e-02 3.101375419646501541e-03 5.287793930619955063e-03 1.697114109992980957e-02 4.595144651830196381e-03 2.095076814293861389e-02 2.104790881276130676e-03 2.182260341942310333e-02 3.429565986152738333e-04 1.136543229222297668e-02 2.495917724445462227e-04 1.217058207839727402e-02 5.789292510598897934e-03 4.414474125951528549e-03 3.389226272702217102e-03 6.130330264568328857e-03 7.976441644132137299e-03 2.008848590776324272e-03 5.348949693143367767e-03 4.507692903280258179e-02 8.381209336221218109e-03 1.088478788733482361e-02 2.067055180668830872e-02 3.561690822243690491e-02 1.118096895515918732e-02 7.701915455982089043e-04 3.388715209439396858e-03 8.012768812477588654e-03 2.676006988622248173e-04 9.066507220268249512e-03 2.092740125954151154e-02 4.967743996530771255e-03 8.021363057196140289e-03 2.455063629895448685e-03 3.681450616568326950e-03 2.252563368529081345e-03 2.929235808551311493e-03 5.928910803049802780e-03 2.983841346576809883e-03 6.735907401889562607e-03 1.816638931632041931e-02 4.726076964288949966e-03 6.884261965751647949e-03 7.985612377524375916e-03 6.258835550397634506e-03 1.838143914937973022e-02 2.012088522315025330e-02 8.782129734754562378e-03 4.450998734682798386e-03 1.287573948502540588e-02 9.419691748917102814e-03 1.923113944940268993e-03 6.106266286224126816e-03 5.926957819610834122e-04 7.015269715338945389e-03 2.600390929728746414e-03 4.662364255636930466e-03 1.901211403310298920e-02 4.960953723639249802e-03 3.097434295341372490e-03 1.945699099451303482e-03 4.263876471668481827e-03 8.388410322368144989e-03 2.357183396816253662e-02 4.443364683538675308e-03 1.692165993154048920e-02 2.395235747098922729e-02 1.078587677329778671e-02 1.204967702506110072e-04 2.243788167834281921e-02 1.148411259055137634e-02 1.123598124831914902e-02 1.220718398690223694e-02 5.744152702391147614e-03 5.006934050470590591e-03 3.836791031062602997e-03 7.799558225087821484e-04 6.603462155908346176e-03 7.714754901826381683e-03 5.882934201508760452e-03 2.732003340497612953e-03 3.583271987736225128e-03 1.120936870574951172e-02 2.449135063216090202e-03 3.583658253774046898e-04 8.650804869830608368e-03 1.464431360363960266e-02 9.275458869524300098e-04 1.002714503556489944e-02 1.913237944245338440e-02 2.708441205322742462e-02 3.539431840181350708e-02 2.976437099277973175e-02 5.094947665929794312e-02 4.428572487086057663e-03
5.683614406734704971e-03 7.782895117998123169e-03 8.325148224830627441e-01 3.190313652157783508e-02 1.957043260335922241e-02 2.692962810397148132e-02 1.102990843355655670e-02 1.875746063888072968e-02 1.577916927635669708e-02 4.345755558460950851e-03 9.107566438615322113e-03 1.233401801437139511e-02 1.732445904053747654e-03 1.811295934021472931e-02 3.519402584061026573e-03 2.063486911356449127e-02 1.462188269942998886e-02 8.532522479072213173e-04 2.799235749989748001e-03 2.077997662127017975e-02 1.273720525205135345e-02 2.890888368710875511e-03 2.068720525130629539e-03 4.759627860039472580e-03 1.253229286521673203e-02 1.177302212454378605e-03 9.685551747679710388e-03 2.350794151425361633e-02 6.848922464996576309e-03 1.322347018867731094e-02 1.744447089731693268e-02 3.823734121397137642e-03 4.609505180269479752e-03 7.157419458962976933e-04 1.494711823761463165e-02 1.375397853553295135e-02 8.262638933956623077e-03 5.651441868394613266e-03 8.568207267671823502e-04 6.157434545457363129e-03 4.801698494702577591e-03 7.448013871908187866e-03 1.256473828107118607e-02 4.283364117145538330e-02 5.554182454943656921e-03 1.114447508007287979e-02 1.171229220926761627e-02 2.394193224608898163e-02 2.026297897100448608e-02 1.368038542568683624e-02 2.248506806790828705e-02 2.344705536961555481e-02 1.223143935203552246e-02 1.665937900543212891e-02 1.312970649451017380e-02 2.311387332156300545e-03 1.372406072914600372e-02 1.000495813786983490e-02 3.451121971011161804e-03 1.714586466550827026e-02 4.681934602558612823e-03 1.428140886127948761e-02 1.011085696518421173e-02 5.152774509042501450e-03 1.555173005908727646e-02 2.372731082141399384e-02 3.808069741353392601e-04 2.998993266373872757e-03 5.206992849707603455e-03 1.263373345136642456e-02 1.040060888044536114e-03 1.901089213788509369e-02 2.292910963296890259e-02 1.036727149039506912e-02 1.935363933444023132e-02 2.408426068723201752e-02 1.863728836178779602e-02 7.953207939863204956e-03 1.060458132997155190e-03 1.502234861254692078e-02 2.932528965175151825e-03 4.188489634543657303e-03 1.146029680967330933e-02 1.011772197671234608e-03 2.038421109318733215e-02 1.351392734795808792e-02 5.000609904527664185e-03 3.498231060802936554e-03 7.461708039045333862e-03 1.418085955083370209e-02 8.604996837675571442e-03 2.547204028815031052e-03 4.119888413697481155e-03 1.464191731065511703e-02 6.284448318183422089e-03 5.362356896512210369e-04 9.188589639961719513e-03 9.067217819392681122e-03 3.913039690814912319e-04 3.567759646102786064e-03 1.838402124121785164e-03 6.166731473058462143e-03 1.191870681941509247e-02 7.779501378536224365e-03 3.011939115822315216e-03 6.877248175442218781e-03 1.185444928705692291e-02 5.922473035752773285e-03 4.530015867203474045e-03 4.620241466909646988e-03 4.958109464496374130e-03 3.607307793572545052e-03 9.870532900094985962e-03 1.896591274999082088e-04 2.525618858635425568e-02 1.843837089836597443e-04
1.283412985503673553e-02 1.135259773582220078e-02 3.190313652157783508e-02 8.325148224830627441e-01 7.770500332117080688e-02 3.453663364052772522e-02 1.719132438302040100e-02 1.902353763580322266e-02 6.220342125743627548e-03 2.892868360504508018e-03 7.691682316362857819e-03 1.495754718780517578e-02 8.567770011723041534e-03 1.556551456451416016e-02 9.283448569476604462e-03 4.556948784738779068e-03 3.257353790104389191e-03 1.815874129533767700e-02 1.321249437751248479e-04 1.480887643992900848e-02 1.581490971148014069e-02 8.783668279647827148e-03 2.242516493424773216e-03 2.064607804641127586e-03 2.623634412884712219e-02 1.072625536471605301e-02 2.549019875004887581e-03 3.559693694114685059e-02 1.803523115813732147e-02 1.694712042808532715e-02 2.085714600980281830e-02 2.779259812086820602e-03 4.426634311676025391e-02 1.998036401346325874e-03 1.653227582573890686e-02 5.629124352708458900e-04 6.946547655388712883e-04 7.746635004878044128e-03 5.119068548083305359e-02 3.893206268548965454e-02 1.034235302358865738e-02 3.883410710841417313e-03 2.770059974864125252e-03 1.205880846828222275e-02 8.464309386909008026e-03 3.002386307343840599e-03 1.958930119872093201e-02 1.011072564870119095e-02 3.003201214596629143e-03 4.101741593331098557e-03 2.021099813282489777e-02 2.372637204825878143e-02 2.571559324860572815e-02 2.622782252728939056e-02 1.101678889244794846e-02 1.634323853068053722e-03 2.488893456757068634e-02 1.649714447557926178e-02 1.923884078860282898e-02 1.966609433293342590e-02 3.103962354362010956e-02 8.717760443687438965e-03 2.953852340579032898e-02 1.624295674264431000e-02 1.553756278008222580e-02 2.006065286695957184e-02 3.749741008505225182e-03 5.959925241768360138e-03 1.522549893707036972e-02 6.212546955794095993e-03 1.207914203405380249e-02 5.599904689006507397e-04 7.126530259847640991e-02 6.491171196103096008e-03 4.996117576956748962e-02 3.759212559089064598e-03 2.194612286984920502e-02 1.231612730771303177e-02 7.776809390634298325e-03 3.491726005449891090e-03 1.422759145498275757e-02 9.199935942888259888e-03 2.660107798874378204e-02 1.509203016757965088e-02 8.383872918784618378e-03 1.403838209807872772e-02 1.171914162114262581e-03 4.102324601262807846e-03 2.340888604521751404e-02 1.022779941558837891e-02 6.010124925523996353e-04 1.588706113398075104e-02 8.438738062977790833e-03 2.026338130235671997e-03 1.897321082651615143e-02 1.541720889508724213e-02 2.096278913086280227e-04 1.020013261586427689e-02 2.734130714088678360e-03 8.001221576705574989e-04 1.627004239708185196e-04 4.428823885973542929e-04 7.433441001921892166e-03 1.038129813969135284e-02 2.507467009127140045e-02 2.540814317762851715e-02 1.032182294875383377e-02 2.094768360257148743e-02 4.081034101545810699e-03 2.139600692316889763e-03 9.933031164109706879e-03 9.686942212283611298e-03 1.160116679966449738e-02 5.726255476474761963e-04 1.095046289265155792e-03 1.255103200674057007e-02
1.237511914223432541e-02 9.670859202742576599e-03 1.957043260335922241e-02 7.770500332117080688e-02 8.325148224830627441e-01 1.713936589658260345e-02 3.281870158389210701e-03 1.632814481854438782e-02 6.429972127079963684e-03 5.046111997216939926e-03 1.557506248354911804e-02 1.359142456203699112e-02 6.303869653493165970e-03 2.013747580349445343e-02 6.982550024986267090e-03 1.492571923881769180e-02 1.489482726901769638e-02 2.082231827080249786e-02 3.395409090444445610e-03 2.034678310155868530e-02 1.371186785399913788e-02 1.257905550301074982e-02 6.107135210186243057e-03 7.412729784846305847e-03 1.979498192667961121e-02 1.942668110132217407e-02 4.380190279334783554e-03 2.790229953825473785e-02 1.705949194729328156e-02 2.226328849792480469e-02 1.913037709891796112e-02 1.012486056424677372e-03 3.481840714812278748e-02 1.473286189138889313e-02 3.199903666973114014e-02 1.187026384286582470e-03 9.464634931646287441e-04 3.893009386956691742e-03 4.798034206032752991e-02 4.642387107014656067e-02 8.387078531086444855e-03 1.725152287690434605e-05 5.827669985592365265e-03 7.022731471806764603e-03 2.995682414621114731e-03 1.125667709857225418e-02 8.189047686755657196e-03 8.591998484916985035e-04 3.572822024580091238e-04 1.029423344880342484e-02 5.630975589156150818e-03 1.108649931848049164e-02 1.947893947362899780e-02 2.505034394562244415e-02 8.278545923531055450e-03 7.915941067039966583e-03 1.414175704121589661e-02 2.205771952867507935e-02 1.278357580304145813e-02 2.064036764204502106e-02 2.178393118083477020e-02 2.615996822714805603e-02 2.081700786948204041e-02 2.427603118121623993e-02 1.322644669562578201e-02 2.365684136748313904e-02 1.261685043573379517e-03 6.822916213423013687e-03 1.511921081691980362e-02 1.014353148639202118e-02 1.798924431204795837e-02 8.771694265305995941e-03 5.746666714549064636e-02 2.622981322929263115e-03 4.861149564385414124e-02 8.534345775842666626e-03 1.460892893373966217e-02 1.557757612317800522e-02 6.816061213612556458e-03 9.517043828964233398e-03 1.286250259727239609e-02 8.230622857809066772e-03 3.526167571544647217e-02 3.488450869917869568e-02 7.899974472820758820e-03 4.537745844572782516e-04 4.066890105605125427e-03 3.966937656514346600e-04 2.086593583226203918e-02 1.574365980923175812e-02 2.981315134093165398e-03 1.883546821773052216e-02 1.078230701386928558e-02 2.990816719830036163e-03 8.872266858816146851e-03 1.017070841044187546e-02 5.760927218943834305e-03 1.681162603199481964e-02 1.853983732871711254e-03 4.125080537050962448e-03 1.283069432247430086e-04 4.535151238087564707e-04 1.475686579942703247e-02 1.762473210692405701e-02 1.381418015807867050e-02 1.506763044744729996e-02 7.888438180088996887e-03 1.096014212816953659e-02 7.151381578296422958e-03 1.141851954162120819e-02 1.140617765486240387e-02 6.403768435120582581e-03 5.112846847623586655e-03 6.453382782638072968e-03 2.023420383920893073e-04 2.962306328117847443e-02
6.640741229057312012e-02 5.667845159769058228e-02 2.692962810397148132e-02 3.453663364052772522e-02 1.713936589658260345e-02 8.325148224830627441e-01 1.106527745723724365e-01 2.370608039200305939e-02 2.778134541586041451e-03 9.062124416232109070e-03 3.674221038818359375e-02 1.861392334103584290e-02 2.626934088766574860e-02 1.998432539403438568e-02 7.478278712369501591e-04 1.387703418731689453e-02 1.536386739462614059e-02 1.846112863859161735e-04 2.540279878303408623e-03 6.756854709237813950e-03 8.094979450106620789e-03 6.020487751811742783e-03 8.164628408849239349e-03 1.208519376814365387e-02 1.077785994857549667e-02 1.211265334859490395e-03 5.311072338372468948e-03 3.249791334383189678e-04 1.880521012935787439e-04 5.084922071546316147e-03 1.021439954638481140e-02 8.269269019365310669e-03 9.281640872359275818e-03 5.369892809540033340e-03 8.415969088673591614e-03 2.982109319418668747e-03 8.155056275427341461e-03 1.173430867493152618e-02 3.621387877501547337e-04 2.159079303964972496e-03 1.737875677645206451e-02 1.395839353790506721e-04 1.408464042469859123e-03 1.694092527031898499e-02 6.369201466441154480e-03 3.150768578052520752e-02 6.994631886482238770e-02 8.360648900270462036e-02 2.339225029572844505e-03 2.114308066666126251e-03 9.653078392148017883e-03 1.167119480669498444e-02 1.762963272631168365e-02 5.794984288513660431e-03 9.086414240300655365e-03 9.849381167441606522e-04 2.785773482173681259e-03 6.372049916535615921e-03 1.985772885382175446e-02 7.269184105098247528e-03 3.192487172782421112e-03 1.258785277605056763e-02 4.118538927286863327e-03 3.370728809386491776e-03 5.847170017659664154e-03 7.203199435025453568e-03 1.467778440564870834e-02 2.048446796834468842e-02 1.011421345174312592e-02 2.268155571073293686e-03 6.617832463234663010e-03 2.925842301920056343e-03 1.538208872079849243e-02 6.192774046212434769e-03 9.059710428118705750e-03 7.267207372933626175e-03 7.740782573819160461e-03 4.891512915492057800e-03 1.836829818785190582e-02 5.426542367786169052e-03 1.968221971765160561e-03 5.346728954464197159e-03 1.228881906718015671e-02 1.505398470908403397e-02 1.602322421967983246e-02 2.890463219955563545e-03 2.070360584184527397e-03 1.269932254217565060e-04 1.455427031032741070e-03 3.002434736117720604e-03 2.013293653726577759e-02 3.738238883670419455e-04 3.127846866846084595e-02 2.592716133221983910e-03 1.457219012081623077e-03 1.547925453633069992e-02 7.858638651669025421e-03 1.242868229746818542e-02 2.771422266960144043e-03 2.528618555516004562e-03 2.081082202494144440e-02 1.605545356869697571e-02 7.800773717463016510e-03 1.530581060796976089e-02 2.114124130457639694e-03 1.040194067172706127e-03 4.948124289512634277e-03 6.610841490328311920e-03 6.771597079932689667e-03 6.259434390813112259e-03 1.320675481110811234e-02 8.889645338058471680e-03 1.754137873649597168e-02 2.182546257972717285e-02 1.106164325028657913e-02 8.477672934532165527e-03
6.233743205666542053e-02 7.944771647453308105e-02 1.102990843355655670e-02 1.719132438302040100e-02 3.281870158389210701e-03 1.106527745723724365e-01 8.325148224830627441e-01 2.261485531926155090e-02 1.893701148219406605e-03 5.472112447023391724e-03 4.188177362084388733e-02 1.426735427230596542e-02 5.321796983480453491e-02 2.548637241125106812e-02 4.866416100412607193e-03 9.084597229957580566e-03 1.345726195722818375e-02 6.620388943701982498e-03 3.185280947946012020e-04 1.306633092463016510e-02 1.429951656609773636e-02 2.387747634202241898e-03 5.471506156027317047e-03 9.466586634516716003e-03 1.429620478302240372e-02 2.120116259902715683e-03 2.604937180876731873e-03 8.273793384432792664e-03 1.151820644736289978e-02 1.111180800944566727e-02 4.427168052643537521e-03 1.435921899974346161e-02 1.435067388229072094e-03 7.875738083384931087e-04 1.395826134830713272e-02 1.928972895257174969e-03 9.133180603384971619e-03 1.060294336639344692e-03 2.769644139334559441e-03 6.833416991867125034e-04 2.875920198857784271e-02 6.607730872929096222e-03 4.486001562327146530e-03 1.912938989698886871e-02 6.084599997848272324e-03 1.868254318833351135e-02 4.515758156776428223e-02 7.597281783819198608e-02 1.181720569729804993e-02 2.396200317889451981e-03 4.254603292793035507e-03 9.548583067953586578e-03 1.438348181545734406e-02 1.983171794563531876e-03 1.509031560271978378e-02 3.072067629545927048e-03 6.592649500817060471e-03 5.002879537642002106e-03 1.299404911696910858e-02 4.137712065130472183e-03 1.474329736083745956e-03 1.787429489195346832e-02 7.694510277360677719e-03 9.363141842186450958e-03 1.004831306636333466e-02 3.521566977724432945e-03 2.456984296441078186e-02 3.106865286827087402e-02 8.355554193258285522e-03 1.215451490134000778e-02 1.171040628105401993e-02 1.308318879455327988e-02 1.495670760050415993e-03 5.271928384900093079e-03 4.113208968192338943e-03 1.324363425374031067e-02 9.306867606937885284e-03 7.518876343965530396e-03 2.282223291695117950e-02 6.673501338809728622e-04 2.550464589148759842e-03 6.424311432056128979e-04 1.223336905241012573e-02 1.882582902908325195e-02 2.012814581394195557e-02 5.815639626234769821e-03 1.848285784944891930e-03 7.649605628103017807e-03 8.008500561118125916e-03 2.303352375747635961e-04 4.608674906194210052e-03 1.163933891803026199e-02 2.437902241945266724e-02 1.768215792253613472e-03 9.528797119855880737e-03 1.661794842220842838e-03 8.871695026755332947e-03 2.136074006557464600e-02 1.586031139595434070e-04 3.110271412879228592e-03 7.175819482654333115e-03 2.193041611462831497e-03 1.122104842215776443e-02 2.081298828125000000e-02 2.226035576313734055e-03 1.173779950477182865e-03 7.378549315035343170e-03 1.497793104499578476e-02 2.526578959077596664e-03 8.551407605409622192e-03 1.796840876340866089e-02 9.470927529036998749e-03 2.779205515980720520e-02 2.989963628351688385e-02 1.692526601254940033e-02 2.068430744111537933e-02
1.037636306136846542e-02 2.259297296404838562e-02 1.875746063888072968e-02 1.902353763580322266e-02 1.632814481854438782e-02 2.370608039200305939e-02 2.261485531926155090e-02 8.325148224830627441e-01 6.113383919000625610e-03 1.959585817530751228e-03 1.167865702882409096e-03 1.178326737135648727e-02 1.842274097725749016e-03 1.622154843062162399e-03 2.991473861038684845e-02 1.099195051938295364e-02 8.006651885807514191e-03 4.677401389926671982e-03 1.237696502357721329e-03 1.133398246020078659e-02 1.723717153072357178e-02 5.102044087834656239e-04 1.077834703028202057e-02 1.044870447367429733e-02 1.255888678133487701e-02 1.110590249300003052e-02 4.267142794560641050e-04 1.943841762840747833e-02 8.124926127493381500e-03 1.394875347614288330e-02 3.477800637483596802e-03 8.696212433278560638e-03 3.465619171038269997e-03 8.529690094292163849e-03 8.088859030976891518e-04 2.933820337057113647e-02 2.238667383790016174e-02 9.864802472293376923e-03 6.461488548666238785e-03 6.574032362550497055e-03 8.201861754059791565e-03 9.191011078655719757e-03 1.958506740629673004e-02 3.353339806199073792e-02 9.687890298664569855e-03 1.243721810169517994e-03 9.197785519063472748e-03 1.491421274840831757e-02 3.984596580266952515e-03 6.972081959247589111e-03 4.272983595728874207e-02 3.908435255289077759e-02 1.559911947697401047e-02 8.817854337394237518e-03 1.839865115471184254e-03 7.730328012257814407e-03 1.451183203607797623e-02 3.831303445622324944e-03 3.285006433725357056e-02 1.748047210276126862e-02 2.722375327721238136e-03 5.236400291323661804e-03 2.156739309430122375e-02 1.413322705775499344e-02 1.469880808144807816e-02 6.295992992818355560e-03 7.318422198295593262e-03 1.345044653862714767e-02 5.930933635681867599e-03 7.858520373702049255e-03 4.315393976867198944e-03 7.927177473902702332e-03 1.557512208819389343e-02 6.222799420356750488e-03 1.165141444653272629e-02 1.040792465209960938e-02 1.832030527293682098e-02 5.697821266949176788e-03 3.257126314565539360e-03 5.640547256916761398e-03 9.295414388179779053e-02 8.924685418605804443e-02 1.986026205122470856e-02 7.732281461358070374e-03 1.590955187566578388e-03 5.423678085207939148e-03 3.169741109013557434e-02 3.630676493048667908e-02 1.105662342160940170e-02 9.195436723530292511e-03 7.618832867592573166e-03 3.489587223157286644e-03 1.171610690653324127e-02 7.853506132960319519e-03 2.244489267468452454e-02 1.970344968140125275e-02 4.193544853478670120e-03 1.182313542813062668e-03 2.010345831513404846e-02 1.872231252491474152e-02 9.295598603785037994e-03 1.346028223633766174e-02 3.366469172760844231e-03 2.056352328509092331e-03 1.318105962127447128e-03 1.596066518686711788e-03 1.237958762794733047e-02 1.169250253587961197e-02 1.862428337335586548e-02 6.741331424564123154e-03 1.275381306186318398e-03 1.167451962828636169e-03 2.207065559923648834e-02 1.361748855561017990e-02 1.046359539031982422e-03 5.260495934635400772e-03
1.401803642511367798e-02 3.702442627400159836e-04 1.577916927635669708e-02 6.220342125743627548e-03 6.429972127079963684e-03 2.778134541586041451e-03 1.893701148219406605e-03 6.113383919000625610e-03 8.325148224830627441e-01 4.370672255754470825e-02 4.419920034706592560e-03 3.529453650116920471e-02 1.634604670107364655e-02 2.933602035045623779e-02 2.004137821495532990e-02 8.187736384570598602e-03 1.729730889201164246e-02 2.481514587998390198e-02 3.403147682547569275e-02 1.694789528846740723e-02 2.110915631055831909e-02 1.776162721216678619e-02 2.097903378307819366e-02 2.456055395305156708e-02 1.673460379242897034e-02 2.734244056046009064e-02 2.416515909135341644e-02 2.576379664242267609e-02 9.431285783648490906e-03 2.582935057580471039e-02 1.340952352620661259e-03 1.251286361366510391e-02 7.646121084690093994e-03 1.267183944582939148e-02 2.211654745042324066e-02 1.399694941937923431e-02 1.300831139087677002e-02 5.786495283246040344e-03 8.033053949475288391e-03 9.007079526782035828e-03 1.683302596211433411e-02 2.942754514515399933e-02 2.486396580934524536e-02 8.857578970491886139e-03 1.380473002791404724e-02 8.747179992496967316e-03 9.264215826988220215e-03 3.903418313711881638e-03 2.889758907258510590e-02 3.100791014730930328e-02 6.958310026675462723e-03 7.526104804128408432e-03 2.225144952535629272e-02 2.086506038904190063e-02 3.248041868209838867e-02 2.759688720107078552e-02 3.180205821990966797e-02 3.085734695196151733e-02 2.081812918186187744e-02 2.094863727688789368e-02 6.409146822988986969e-03 1.906875148415565491e-02 2.178892679512500763e-02 2.488162741065025330e-02 2.135645784437656403e-02 1.652481034398078918e-02 2.241791225969791412e-03 1.284089311957359314e-02 2.863941341638565063e-02 2.958971448242664337e-02 3.181627020239830017e-02 3.459002822637557983e-02 7.428154814988374710e-03 2.922762744128704071e-02 1.434720400720834732e-02 3.284287452697753906e-02 4.262328147888183594e-02 3.743625804781913757e-02 2.939126454293727875e-02 3.853997960686683655e-02 6.410326343029737473e-03 8.295115549117326736e-04 2.710755355656147003e-02 2.886176854372024536e-02 1.092808815883472562e-04 1.589095219969749451e-02 1.380463689565658569e-02 3.114860737696290016e-03 2.893310785293579102e-02 3.549953922629356384e-02 1.458189543336629868e-02 1.755816861987113953e-02 2.544236602261662483e-03 2.096229419112205505e-02 1.348677556961774826e-02 1.838309317827224731e-02 2.830497734248638153e-02 3.399175778031349182e-02 1.712629571557044983e-02 1.362334098666906357e-02 1.533096190541982651e-02 2.012049593031406403e-02 9.411198087036609650e-03 2.454236149787902832e-02 9.082851931452751160e-03 6.241118535399436951e-03 1.906098797917366028e-02 3.078564070165157318e-02 2.225315943360328674e-02 3.511212766170501709e-02 1.970724202692508698e-02 1.258087623864412308e-02 2.533253980800509453e-03 1.253269263543188572e-03 4.781856667250394821e-03 2.292663790285587311e-02
1.257729344069957733e-02 6.171982735395431519e-03 4.345755558460950851e-03 2.892868360504508018e-03 5.046111997216939926e-03 9.062124416232109070e-03 5.472112447023391724e-03 1.959585817530751228e-03 4.370672255754470825e-02 8.325148224830627441e-01 5.218143109232187271e-03 2.502560615539550781e-02 1.693468913435935974e-02 2.809795178472995758e-02 1.894429326057434082e-02 1.352997496724128723e-02 2.347877062857151031e-02 2.504050359129905701e-02 4.319487139582633972e-02 2.102149277925491333e-02 2.248324640095233917e-02 1.994760707020759583e-02 2.107005938887596130e-02 2.621752582490444183e-02 1.509287953376770020e-02 3.035112470388412476e-02 2.768002450466156006e-02 1.854743622243404388e-02 1.734859542921185493e-03 2.331733889877796173e-02 5.858218297362327576e-03 1.872669719159603119e-02 7.825631648302078247e-03 2.190800011157989502e-02 2.813070453703403473e-02 1.005872152745723724e-02 1.321148220449686050e-02 1.388950552791357040e-02 6.412256043404340744e-03 1.219753175973892212e-02 1.854719966650009155e-02 2.674341201782226562e-02 2.398761548101902008e-02 9.198255836963653564e-03 6.874925922602415085e-03 1.242396887391805649e-02 1.152007840573787689e-02 4.376301541924476624e-03 2.479740232229232788e-02 3.587013483047485352e-02 1.384533592499792576e-03 2.821260597556829453e-03 1.813448965549468994e-02 1.801705360412597656e-02 2.902869693934917450e-02 3.658348321914672852e-02 2.529568411409854889e-02 3.237490355968475342e-02 1.429482828825712204e-02 1.634520106017589569e-02 2.027719048783183098e-03 2.757616713643074036e-02 1.971707306802272797e-02 2.403777465224266052e-02 1.493145246058702469e-02 1.140210777521133423e-02 6.708250846713781357e-03 1.785641722381114960e-02 2.749202772974967957e-02 3.089651837944984436e-02 3.540019690990447998e-02 2.974990382790565491e-02 4.219022230245172977e-05 3.042504191398620605e-02 1.205503754317760468e-02 2.561815455555915833e-02 3.429298102855682373e-02 4.136095196008682251e-02 2.505376189947128296e-02 4.179513454437255859e-02 8.341291104443371296e-04 5.824853666126728058e-03 2.109131962060928345e-02 3.782987222075462341e-02 3.736154409125447273e-03 2.688853815197944641e-02 1.193299051374197006e-02 1.571661327034235001e-03 2.442226372659206390e-02 3.690952062606811523e-02 1.125157251954078674e-02 2.258524112403392792e-02 5.722519475966691971e-03 1.964682154357433319e-02 8.898035623133182526e-03 1.504751760512590408e-02 2.905723825097084045e-02 2.704213745892047882e-02 1.726968586444854736e-02 1.503090839833021164e-02 1.270489208400249481e-02 1.778045669198036194e-02 1.194674614816904068e-02 2.077705040574073792e-02 1.070921681821346283e-02 1.004871819168329239e-02 1.548664830625057220e-02 2.080263011157512665e-02 2.199926972389221191e-02 3.682069107890129089e-02 2.049058489501476288e-02 7.354061584919691086e-03 5.315389716997742653e-04 3.431258955970406532e-03 5.603164900094270706e-03 1.399838924407958984e-02
7.221803069114685059e-02 5.614830926060676575e-02 9.107566438615322113e-03 7.691682316362857819e-03 1.557506248354911804e-02 3.674221038818359375e-02 4.188177362084388733e-02 1.167865702882409096e-03 4.419920034706592560e-03 5.218143109232187271e-03 8.325148224830627441e-01 3.966445103287696838e-03 8.038285374641418457e-02 8.252874016761779785e-03 1.010977197438478470e-02 8.804723620414733887e-03 8.858538232743740082e-03 1.218747493112459779e-04 1.029474195092916489e-02 1.858988963067531586e-02 1.531651057302951813e-02 8.402111008763313293e-03 1.113192364573478699e-02 1.774358912371098995e-03 1.413895096629858017e-02 1.182877807877957821e-03 3.122733032796531916e-04 9.028748609125614166e-03 4.360794648528099060e-02 4.450657288543879986e-04 4.992954432964324951e-02 2.328830305486917496e-03 2.096956595778465271e-02 2.582941669970750809e-03 1.364861987531185150e-02 1.924694282934069633e-03 3.250338835641741753e-03 3.844274906441569328e-03 1.655428903177380562e-03 5.403843242675065994e-03 1.609747670590877533e-02 1.590808108448982239e-02 1.778858364559710026e-03 3.080527484416961670e-02 1.985946670174598694e-02 3.329621860757470131e-03 3.617561608552932739e-02 2.263085357844829559e-02 5.065808654762804508e-04 2.541378838941454887e-03 9.306732565164566040e-03 1.385029219090938568e-02 2.010894753038883209e-02 2.176298014819622040e-02 3.623764961957931519e-03 5.125442112330347300e-05 6.242093630135059357e-03 7.209232077002525330e-03 2.684352919459342957e-02 3.053872287273406982e-02 8.505703881382942200e-03 1.157685276120901108e-02 4.480874631553888321e-03 1.561409607529640198e-02 3.943582251667976379e-02 4.246677458286285400e-02 4.725712817162275314e-03 1.807546475902199745e-03 1.566049829125404358e-02 3.718628780916333199e-03 1.251500658690929413e-02 1.818500342778861523e-03 6.192205939441919327e-03 4.246978089213371277e-03 1.565840066177770495e-04 2.985873958095908165e-03 1.111292280256748199e-02 8.180686272680759430e-03 2.091600559651851654e-02 6.677397526800632477e-03 1.642584241926670074e-02 1.044296193867921829e-02 2.412972971796989441e-03 1.241969503462314606e-02 1.380485761910676956e-02 1.099141128361225128e-02 2.416289411485195160e-02 2.332550659775733948e-02 1.316690910607576370e-02 2.730449661612510681e-03 3.219624981284141541e-02 9.218157269060611725e-03 4.748778417706489563e-02 7.189333438873291016e-03 2.492088126018643379e-03 5.752306897193193436e-04 7.918086834251880646e-03 7.463760673999786377e-03 2.069622650742530823e-02 1.127537805587053299e-02 5.235404241830110550e-03 3.514771349728107452e-03 9.367646649479866028e-03 1.333182211965322495e-02 1.038618478924036026e-02 2.378596365451812744e-02 1.226617302745580673e-02 1.329984981566667557e-03 6.869801785796880722e-03 8.766139857470989227e-03 3.990519791841506958e-03 2.309411996975541115e-03 1.098647247999906540e-02 1.433729566633701324e-02 3.059753216803073883e-03 1.157657243311405182e-02
1.627288572490215302e-02 2.520680427551269531e-04 1.233401801437139511e-02 1.495754718780517578e-02 1.359142456203699112e-02 1.861392334103584290e-02 1.426735427230596542e-02 1.178326737135648727e-02 3.529453650116920471e-02 2.502560615539550781e-02 3.966445103287696838e-03 8.325148224830627441e-01 1.118660904467105865e-02 4.603832215070724487e-02 2.416049130260944366e-02 1.246133074164390564e-02 1.881523802876472473e-02 1.063896343111991882e-02 1.156092900782823563e-02 2.901476342231035233e-03 7.828668691217899323e-03 1.249612215906381607e-02 2.724174223840236664e-02 2.650164999067783356e-02 6.092223338782787323e-03 1.443232875317335129e-02 1.684286072850227356e-02 4.300280660390853882e-02 1.654965989291667938e-02 4.142359271645545959e-02 5.715781357139348984e-03 2.193098407587967813e-05 2.969790948554873466e-03 3.979014232754707336e-03 1.386080309748649597e-02 1.962849125266075134e-02 1.728111878037452698e-02 2.509241458028554916e-03 1.773625612258911133e-02 1.199883688241243362e-02 1.867820508778095245e-02 1.959806680679321289e-02 1.665733009576797485e-02 1.727429032325744629e-02 2.115998044610023499e-02 9.505617432296276093e-03 1.603778824210166931e-02 1.063708681613206863e-02 1.942869089543819427e-02 1.879058033227920532e-02 2.237336151301860809e-02 1.530188322067260742e-02 2.112379670143127441e-02 2.377063967287540436e-02 1.486136484891176224e-02 1.161669380962848663e-02 2.696826495230197906e-02 2.515647560358047485e-02 2.119114995002746582e-02 2.140689827501773834e-02 1.072104368358850479e-02 1.710125245153903961e-02 1.859177649021148682e-02 2.205095253884792328e-02 2.279165759682655334e-02 1.894636452198028564e-02 8.355387486517429352e-03 6.578078493475914001e-03 3.137109428644180298e-02 2.013737894594669342e-02 3.092784248292446136e-02 2.120652236044406891e-02 2.457119151949882507e-02 2.194944769144058228e-02 2.594062685966491699e-02 2.251010574400424957e-02 3.551854938268661499e-02 3.289002552628517151e-02 2.088351920247077942e-02 2.502688579261302948e-02 1.742629893124103546e-02 8.106493391096591949e-03 2.698575146496295929e-02 1.309335324913263321e-02 6.182654760777950287e-03 1.312294625677168369e-03 1.272827666252851486e-02 1.558602671138942242e-03 3.538109734654426575e-02 3.287430107593536377e-02 2.294671721756458282e-02 5.867203697562217712e-03 1.446397416293621063e-02 7.438776548951864243e-03 1.813221909105777740e-02 2.725623734295368195e-02 1.852838136255741119e-02 1.976882107555866241e-02 1.735964603722095490e-02 1.545927673578262329e-02 2.033717930316925049e-02 2.255071140825748444e-02 3.556933952495455742e-03 4.857869353145360947e-03 6.770493462681770325e-03 1.023375149816274643e-02 1.978131197392940521e-02 2.686659991741180420e-02 2.216205932199954987e-02 2.438611350953578949e-02 1.654072478413581848e-02 1.834349147975444794e-02 8.691853727214038372e-04 8.611646480858325958e-03 2.956630429252982140e-03 1.308310776948928833e-02
4.777216911315917969e-02 6.219796463847160339e-02 1.732445904053747654e-03 8.567770011723041534e-03 6.303869653493165970e-03 2.626934088766574860e-02 5.321796983480453491e-02 1.842274097725749016e-03 1.634604670107364655e-02 1.693468913435935974e-02 8.038285374641418457e-02 1.118660904467105865e-02 8.325148224830627441e-01 5.177236162126064301e-03 6.406129105016589165e-04 5.127868149429559708e-03 8.766810409724712372e-03 5.120810121297836304e-03 1.642535254359245300e-02 7.457823492586612701e-03 1.888079219497740269e-03 9.760166518390178680e-03 4.426096566021442413e-04 8.182472549378871918e-03 1.327061443589627743e-03 6.260815542191267014e-03 1.294275466352701187e-02 8.024995215237140656e-03 2.485437877476215363e-02 3.532465314492583275e-03 4.209527745842933655e-02 6.275141611695289612e-03 5.297605879604816437e-03 1.405469993187580258e-05 6.980028469115495682e-03 7.455940824002027512e-03 6.713996175676584244e-03 9.688557125627994537e-03 1.072304602712392807e-02 8.614336140453815460e-03 1.190622989088296890e-02 2.987872436642646790e-02 1.820808835327625275e-02 1.193633396178483963e-02 3.627431392669677734e-02 2.415613085031509399e-02 1.244626287370920181e-02 1.835973002016544342e-02 1.738553307950496674e-02 8.524880744516849518e-03 1.426477683708071709e-03 2.661774633452296257e-03 2.119884127750992775e-03 4.553525242954492569e-03 1.417333539575338364e-02 1.132720336318016052e-02 1.082211546599864960e-02 5.860345903784036636e-03 1.553191244602203369e-02 2.173367515206336975e-02 3.853916656225919724e-03 2.831223653629422188e-03 2.878665691241621971e-03 8.739627897739410400e-03 1.894980482757091522e-02 3.836565837264060974e-02 9.168197400867938995e-03 1.479435525834560394e-02 1.294886134564876556e-02 1.706197299063205719e-02 1.018767151981592178e-02 1.566364802420139313e-02 9.016789495944976807e-03 1.375182252377271652e-02 9.833972901105880737e-03 1.207158900797367096e-02 1.860572397708892822e-02 1.685597375035285950e-02 3.277060016989707947e-02 1.755820959806442261e-02 4.016067367047071457e-03 9.641788899898529053e-03 3.093139966949820518e-03 5.490565206855535507e-03 2.301377058029174805e-02 2.175292186439037323e-02 5.740990163758397102e-04 1.522734668105840683e-02 1.571921259164810181e-02 1.582971774041652679e-02 1.388206239789724350e-02 1.972373761236667633e-02 3.233166411519050598e-02 7.037982810288667679e-03 6.685410626232624054e-03 6.873092614114284515e-03 2.031658589839935303e-02 2.180876210331916809e-02 2.337999455630779266e-02 1.755546592175960541e-02 8.718630298972129822e-03 9.623508900403976440e-03 2.477156557142734528e-02 2.689524367451667786e-02 4.084104206413030624e-03 1.175792887806892395e-02 1.021645683795213699e-02 1.226918864995241165e-02 1.220900565385818481e-02 1.716673560440540314e-02 9.042154997587203979e-03 1.133908634074032307e-03 2.787319384515285492e-02 3.331848606467247009e-02 5.295035429298877716e-03 2.840167284011840820e-02
