8.302907943725585938e-01 9.781335294246673584e-02 1.880064420402050018e-02 8.470947854220867157e-03 3.064179560169577599e-03 2.895336598157882690e-02 2.559569291770458221e-02 7.727741729468107224e-03 1.207336434163153172e-03 5.931797437369823456e-03 6.304249167442321777e-02 1.565834507346153259e-02 3.412096574902534485e-02 5.902206525206565857e-03 2.900298498570919037e-02 2.102876314893364906e-03 4.853863269090652466e-03 3.234057500958442688e-02 5.476470687426626682e-04 1.270623615710064769e-04 9.280897211283445358e-04 2.620836906135082245e-02 1.404620520770549774e-02 1.856033131480216980e-02 1.764635369181632996e-02 4.573369398713111877e-03 2.369959466159343719e-02 7.828562520444393158e-03 2.496098913252353668e-02 1.755198836326599121e-02 6.640836596488952637e-03 1.902728341519832611e-02 3.090073587372899055e-03 1.762930490076541901e-02 2.726659411564469337e-03 1.854975707828998566e-02 2.440093830227851868e-02 7.639302406460046768e-03 5.740313325077295303e-03 3.389813471585512161e-03 2.319059334695339203e-02 4.246861673891544342e-03 1.213549543172121048e-02 1.311452407389879227e-02 3.008201718330383301e-02 8.865975774824619293e-03 2.261293306946754456e-02 1.516906078904867172e-02 2.808812074363231659e-02 1.136186160147190094e-02 6.328008021228015423e-04 3.931610379368066788e-03 1.639724895358085632e-02 6.273605395108461380e-03 2.359703183174133301e-02 3.023003414273262024e-02 4.518501926213502884e-03 7.148584118112921715e-04 5.342725198715925217e-04 4.110406152904033661e-03 2.430811338126659393e-02 2.069141529500484467e-02 4.064349457621574402e-03 2.616359386593103409e-03 2.340471185743808746e-02 7.646017707884311676e-03 1.799896918237209320e-02 1.385080162435770035e-02 2.607606584206223488e-03 1.489756442606449127e-02 4.726716782897710800e-03 2.359264902770519257e-02 2.265416085720062256e-03 2.561667375266551971e-02 5.348290782421827316e-03 1.942744106054306030e-02 6.650222931057214737e-03 4.557255189865827560e-03 6.192388478666543961e-03 6.948402733542025089e-04 1.502060703933238983e-02 8.571790531277656555e-03 1.812979578971862793e-02 4.494396969676017761e-03 1.230746135115623474e-02 3.204693552106618881e-03 1.766451075673103333e-02 6.294656079262495041e-03 4.557535052299499512e-03 5.627413280308246613e-03 1.971687935292720795e-02 1.728367432951927185e-02 9.937527589499950409e-03 1.773343235254287720e-02 1.385645475238561630e-02 1.529635116457939148e-02 1.807890832424163818e-03 9.284180589020252228e-03 8.899772365111857653e-05 2.670764224603772163e-04 2.461376227438449860e-02 2.894314005970954895e-02 1.333115529268980026e-02 8.701925165951251984e-03 8.211778476834297180e-04 5.386250093579292297e-03 1.282786764204502106e-02 3.286277642473578453e-03 1.476747263222932816e-02 8.712805807590484619e-03 6.122485268861055374e-03 8.598441258072853088e-03 2.270196273457258940e-04 8.535052649676799774e-03 1.009965129196643829e-02 1.602145098149776459e-02
9.781335294246673584e-02 8.302907943725585938e-01 5.559067241847515106e-03 4.967686254531145096e-03 1.009720750153064728e-02 3.479391336441040039e-02 4.994283989071846008e-02 8.114909869618713856e-04 4.200377035886049271e-03 2.989766933023929596e-02 6.084151193499565125e-02 1.179683580994606018e-02 5.863602831959724426e-02 1.765688881278038025e-02 1.069031376391649246e-02 1.670916937291622162e-02 1.268492545932531357e-02 2.080641314387321472e-02 1.395474653691053391e-02 4.798697773367166519e-03 5.817371886223554611e-03 1.733475923538208008e-02 6.005003815516829491e-04 2.296033315360546112e-03 1.697857514955103397e-03 1.428801659494638443e-02 3.147221356630325317e-02 1.924642920494079590e-02 6.709152366966009140e-03 1.573923975229263306e-02 1.619920716620981693e-03 3.407523501664400101e-03 5.849646404385566711e-03 1.041636685840785503e-03 1.059324713423848152e-03 1.046475209295749664e-02 2.146144956350326538e-02 1.152557320892810822e-02 1.609393511898815632e-03 7.668764446862041950e-04 1.849877648055553436e-02 2.192428521811962128e-02 2.287892997264862061e-02 3.709044307470321655e-02 1.174609456211328506e-02 1.546385046094655991e-02 1.859796047210693359e-02 2.826104126870632172e-02 1.174420863389968872e-02 1.650185137987136841e-02 6.717308890074491501e-03 1.238289661705493927e-02 1.120790280401706696e-02 1.960397511720657349e-02 6.642753258347511292e-03 5.040752235800027847e-03 4.831655882298946381e-03 1.431813649833202362e-02 2.214418724179267883e-03 2.850225009024143219e-02 4.643866792321205139e-03 6.836163811385631561e-05 6.250160280615091324e-03 8.105520828394219279e-05 1.782940514385700226e-02 2.501683495938777924e-02 4.181148018687963486e-03 4.344688728451728821e-03 1.301642414182424545e-02 9.181761182844638824e-03 6.074103992432355881e-03 1.897600106894969940e-02 1.911570550873875618e-03 2.845221385359764099e-02 5.961010232567787170e-03 1.744351722300052643e-02 3.260590368881821632e-03 1.883212663233280182e-02 1.050630180543521419e-05 3.959919791668653488e-03 7.019219337962567806e-04 3.551837755367159843e-03 2.759821014478802681e-03 8.033187128603458405e-03 4.804318770766258240e-03 2.172262594103813171e-02 8.626076392829418182e-03 1.641043648123741150e-02 2.210898324847221375e-03 1.628714427351951599e-02 4.181902389973402023e-03 1.421895530074834824e-02 2.466574683785438538e-02 2.499878965318202972e-02 1.633762195706367493e-02 9.051967412233352661e-03 1.044784579426050186e-02 7.866855710744857788e-03 5.724771879613399506e-03 1.598483882844448090e-02 1.701164245605468750e-02 1.997606456279754639e-02 6.943968590348958969e-03 2.136463858187198639e-02 2.992319641634821892e-03 5.827010027132928371e-04 1.016369555145502090e-02 1.313918922096490860e-02 2.214192645624279976e-03 2.437361329793930054e-02 2.881003729999065399e-02 7.834308780729770660e-03 1.309402752667665482e-02 1.471605338156223297e-02 2.506723441183567047e-02 2.794391289353370667e-02
1.880064420402050018e-02 5.559067241847515106e-03 8.302907943725585938e-01 1.016741991043090820e-02 1.205849368125200272e-02 5.965070798993110657e-03 1.433358807116746902e-02 7.145672291517257690e-02 1.325510721653699875e-02 1.058694720268249512e-02 2.124758809804916382e-02 1.927261706441640854e-03 1.520180050283670425e-02 1.464043650776147842e-02 4.573886469006538391e-02 1.175174303352832794e-02 3.792621893808245659e-03 8.215002715587615967e-03 1.410918426699936390e-03 2.213961258530616760e-02 1.266313437372446060e-02 1.574108004570007324e-02 8.811020292341709137e-03 3.777013160288333893e-03 2.235267870128154755e-02 1.257583149708807468e-03 9.552713483572006226e-03 9.397287503816187382e-04 3.433758765459060669e-02 1.502591557800769806e-02 2.953458949923515320e-02 4.265247378498315811e-03 8.048176765441894531e-03 1.657593064010143280e-02 2.307043643668293953e-03 2.963859215378761292e-02 1.470083184540271759e-02 6.718274671584367752e-03 3.747141454368829727e-03 3.016998758539557457e-03 1.395628694444894791e-02 2.475419826805591583e-02 1.241791341453790665e-02 7.256339304149150848e-03 2.755298092961311340e-02 1.488584745675325394e-02 2.648707013577222824e-04 6.363031454384326935e-03 1.677860319614410400e-02 1.095091179013252258e-02 2.769067883491516113e-02 2.926568873226642609e-02 2.235588803887367249e-02 1.985105685889720917e-02 2.046763151884078979e-02 2.070661401376128197e-03 2.437485381960868835e-03 9.127364493906497955e-03 1.381183508783578873e-02 1.613773219287395477e-02 3.336861496791243553e-03 8.232074789702892303e-03 1.196767669171094894e-02 2.161855809390544891e-03 1.133801043033599854e-02 2.717298455536365509e-02 1.675768382847309113e-02 8.862108225002884865e-04 7.446845993399620056e-04 2.522863075137138367e-02 9.119730442762374878e-03 1.516158226877450943e-02 6.070692557841539383e-03 9.847603505477309227e-04 2.863025059923529625e-03 2.647042972967028618e-03 1.317936088889837265e-02 2.068843925371766090e-03 2.024793997406959534e-02 6.908666808158159256e-03 6.777039915323257446e-02 4.988995194435119629e-02 1.899674348533153534e-02 1.297603920102119446e-02 1.630876027047634125e-02 1.112070027738809586e-02 3.581214323639869690e-02 2.385739050805568695e-02 2.381183439865708351e-03 7.015590090304613113e-03 9.601662750355899334e-04 1.355292554944753647e-02 3.054443979635834694e-03 1.832342147827148438e-02 9.763776324689388275e-03 2.350078336894512177e-02 1.929848082363605499e-02 7.029382511973381042e-03 1.397077925503253937e-03 7.415206171572208405e-03 1.459651975892484188e-03 4.485476762056350708e-03 8.830711245536804199e-03 5.855385679751634598e-03 4.154913593083620071e-03 1.069008465856313705e-02 2.178730908781290054e-03 1.200029347091913223e-02 4.794495645910501480e-03 5.203499458730220795e-03 2.168757095932960510e-02 2.842031884938478470e-03 1.368969213217496872e-02 2.863256959244608879e-04 1.390956807881593704e-03 1.127575337886810303e-02
8.470947854220867157e-03 4.967686254531145096e-03 1.016741991043090820e-02 8.302907943725585938e-01 7.992376387119293213e-02 2.874095691367983818e-03 8.304174058139324188e-03 1.321442145854234695e-02 2.860301919281482697e-02 1.321106310933828354e-02 4.851018078625202179e-03 9.470780380070209503e-03 3.657277440652251244e-03 3.366065910086035728e-03 1.412617694586515427e-02 1.552891358733177185e-02 1.727143302559852600e-02 2.889782190322875977e-02 4.039466008543968201e-02 4.940410144627094269e-04 3.360146190971136093e-03 1.249356567859649658e-02 6.384504958987236023e-03 8.565499447286128998e-03 9.086499921977519989e-03 9.588698856532573700e-03 3.828454762697219849e-03 2.441009692847728729e-02 2.822983078658580780e-03 2.812121761962771416e-03 1.249608700163662434e-03 5.879759788513183594e-03 1.838485337793827057e-02 1.142168184742331505e-03 2.205107733607292175e-02 2.085072733461856842e-02 2.062490209937095642e-03 3.143791342154145241e-03 4.477499425411224365e-02 4.689371213316917419e-02 3.712109988555312157e-03 1.844337768852710724e-02 1.263169664889574051e-02 7.781871128827333450e-03 1.505870558321475983e-02 1.540354825556278229e-02 1.550246682018041611e-02 2.133431611582636833e-03 1.668767258524894714e-02 8.020657114684581757e-03 1.869928278028964996e-02 1.543377619236707687e-02 2.291990630328655243e-02 1.123692374676465988e-02 1.842407695949077606e-02 7.772793062031269073e-03 3.395579010248184204e-02 1.832569576799869537e-02 1.406049448996782303e-02 1.234854012727737427e-02 1.774045452475547791e-02 5.487876478582620621e-03 3.718866780400276184e-02 2.552971988916397095e-02 1.786123029887676239e-02 5.139556713402271271e-03 1.054852269589900970e-02 7.399421650916337967e-03 3.520544990897178650e-02 1.441944506950676441e-03 3.950710967183113098e-02 7.677471265196800232e-03 6.252767145633697510e-02 9.734449908137321472e-03 6.986092776060104370e-02 2.744027180597186089e-03 4.099350050091743469e-02 2.980322949588298798e-02 7.726451847702264786e-03 2.217335626482963562e-03 6.654422264546155930e-03 4.665971267968416214e-03 2.723255939781665802e-02 3.831657022237777710e-02 6.833324674516916275e-03 1.188386231660842896e-02 1.105327997356653214e-02 2.548797638155519962e-04 5.030243843793869019e-02 1.715236343443393707e-02 2.049512788653373718e-02 6.210647057741880417e-03 1.161621999926865101e-03 1.868165913037955761e-03 7.075579924276098609e-05 3.031985461711883545e-02 7.904308848083019257e-03 1.141416281461715698e-02 1.724601909518241882e-02 1.711292564868927002e-02 2.519506029784679413e-02 1.863278634846210480e-02 9.600055054761469364e-04 7.180606480687856674e-03 1.907006651163101196e-02 1.022116001695394516e-02 1.056529115885496140e-02 2.276380546391010284e-02 5.050746258348226547e-03 2.501073479652404785e-02 9.155241772532463074e-03 7.669448386877775192e-03 9.544891654513776302e-04 5.578726995736360550e-04 1.050078496336936951e-02 1.328491512686014175e-02
3.064179560169577599e-03 1.009720750153064728e-02 1.205849368125200272e-02 7.992376387119293213e-02 8.302907943725585938e-01 4.571899306029081345e-03 1.848946558311581612e-03 2.885689027607440948e-02 1.578206755220890045e-02 1.757704094052314758e-02 2.435234561562538147e-02 8.653522469103336334e-03 1.245632488280534744e-02 3.917305264621973038e-03 6.714449264109134674e-03 4.904607776552438736e-03 1.490144710987806320e-02 2.748878113925457001e-02 3.579763695597648621e-02 1.962217967957258224e-03 3.272251691669225693e-03 1.520962733775377274e-02 2.937913406640291214e-03 5.404056049883365631e-03 1.546890242025256157e-03 3.899772418662905693e-03 8.931984775699675083e-04 7.390714250504970551e-03 1.267897244542837143e-02 9.592447429895401001e-03 4.771478008478879929e-03 2.395560033619403839e-02 5.652299616485834122e-03 7.240152917802333832e-03 2.132743969559669495e-02 2.257818542420864105e-02 1.148644555360078812e-02 2.704586135223507881e-03 5.709465965628623962e-02 7.431077957153320312e-02 4.481597337871789932e-03 1.974377036094665527e-02 1.260875607840716839e-03 2.527205040678381920e-03 2.613449841737747192e-02 1.281346753239631653e-02 8.850918151438236237e-03 1.438975054770708084e-02 1.807632157579064369e-03 1.796437893062829971e-03 1.991506107151508331e-02 1.196577958762645721e-02 7.894713431596755981e-03 1.020677853375673294e-02 7.113520056009292603e-03 7.850824622437357903e-04 1.087740715593099594e-02 1.172829885035753250e-02 1.406921306625008583e-03 1.132686249911785126e-02 4.972624126821756363e-03 6.561748683452606201e-03 2.328476496040821075e-02 2.509826980531215668e-02 4.310431890189647675e-03 6.743339356034994125e-03 8.716865442693233490e-03 2.510158810764551163e-03 1.258814474567770958e-03 1.106926240026950836e-02 1.759095676243305206e-02 3.520879661664366722e-03 2.590592205524444580e-02 4.896522033959627151e-03 6.412500888109207153e-02 1.610575272934511304e-04 1.447753980755805969e-02 1.562096364796161652e-02 1.814308762550354004e-02 9.024703758768737316e-04 1.844671927392482758e-02 7.015228737145662308e-03 1.401283033192157745e-02 8.078645169734954834e-02 9.172502905130386353e-03 4.598650615662336349e-03 2.437979215756058693e-03 6.661316379904747009e-03 2.995871007442474365e-02 7.593052461743354797e-03 1.765505224466323853e-02 5.164865287952125072e-04 3.615072695538401604e-03 7.325058337301015854e-03 2.994615118950605392e-03 1.467876136302947998e-02 3.029563697054982185e-03 2.828769944608211517e-02 7.594733033329248428e-03 5.839882418513298035e-03 3.793390095233917236e-02 1.898490265011787415e-02 2.138113137334585190e-03 4.629336297512054443e-03 8.625632151961326599e-03 5.224946420639753342e-03 2.488572895526885986e-02 2.268612757325172424e-02 1.597663760185241699e-02 3.029166907072067261e-02 1.090078987181186676e-02 3.770860377699136734e-03 1.431368477642536163e-02 1.839497475884854794e-03 2.244618162512779236e-02 1.549906469881534576e-02
2.895336598157882690e-02 3.479391336441040039e-02 5.965070798993110657e-03 2.874095691367983818e-03 4.571899306029081345e-03 8.302907943725585938e-01 7.147541642189025879e-02 1.360918395221233368e-03 1.788272336125373840e-02 3.486431390047073364e-02 3.770513460040092468e-02 4.567407071590423584e-02 1.744818687438964844e-02 5.643296614289283752e-02 1.968999858945608139e-03 1.871633529663085938e-02 1.897855475544929504e-02 7.866659201681613922e-03 4.592670593410730362e-03 1.622841134667396545e-02 2.809786424040794373e-02 6.700541824102401733e-03 1.716010086238384247e-02 2.988496422767639160e-02 3.198238462209701538e-02 3.864004090428352356e-02 1.084215124137699604e-03 3.107689879834651947e-02 6.869437638670206070e-03 2.815338782966136932e-02 6.533776759169995785e-04 8.408100344240665436e-03 2.014989964663982391e-02 1.992117799818515778e-02 1.759311184287071228e-02 4.031430929899215698e-03 1.868131104856729507e-03 7.734482642263174057e-03 2.180030755698680878e-02 9.040860459208488464e-03 2.031264360994100571e-03 1.783321797847747803e-02 1.718472503125667572e-02 1.626680791378021240e-02 2.049707993865013123e-02 3.061438445001840591e-03 3.968229889869689941e-02 2.144607715308666229e-03 1.013789698481559753e-02 1.774340122938156128e-02 8.310599252581596375e-03 1.513443887233734131e-02 9.628443978726863861e-03 7.662408985197544098e-03 1.413494814187288284e-02 1.011646632105112076e-02 1.930400542914867401e-02 1.984085328876972198e-02 6.672867573797702789e-03 1.512439362704753876e-02 3.776113502681255341e-03 1.777069270610809326e-02 1.891544647514820099e-02 1.511707715690135956e-02 1.115711685270071030e-02 9.711483493447303772e-03 9.982055053114891052e-03 1.806660555303096771e-02 1.977981068193912506e-03 7.607063744217157364e-03 5.719462875276803970e-03 1.945750089362263680e-03 6.187205202877521515e-03 1.254949532449245453e-02 1.623722142539918423e-03 1.120809093117713928e-02 1.327133923768997192e-02 2.062076143920421600e-02 1.871984824538230896e-02 1.721414178609848022e-02 2.101284451782703400e-02 1.052421610802412033e-02 1.810161210596561432e-02 5.039954558014869690e-03 3.153381869196891785e-02 4.489437490701675415e-02 7.685986813157796860e-03 1.409711199812591076e-03 2.228096360340714455e-03 3.056960413232445717e-03 2.842820482328534126e-03 3.347189864143729210e-03 5.174196790903806686e-03 1.195672899484634399e-03 3.694417420774698257e-03 5.051232408732175827e-03 1.716346666216850281e-02 1.217419188469648361e-02 8.557558991014957428e-03 1.336446125060319901e-02 3.240147838369011879e-03 2.084934385493397713e-03 7.249688263982534409e-03 5.245480686426162720e-03 2.195996791124343872e-02 1.356063224375247955e-02 1.385228801518678665e-02 1.901736482977867126e-02 4.419046919792890549e-03 1.167413964867591858e-02 2.188768051564693451e-02 2.779771341010928154e-03 7.963017560541629791e-03 2.982732281088829041e-02 1.171360071748495102e-02 8.188572712242603302e-03
2.559569291770458221e-02 4.994283989071846008e-02 1.433358807116746902e-02 8.304174058139324188e-03 1.848946558311581612e-03 7.147541642189025879e-02 8.302907943725585938e-01 1.967766880989074707e-02 1.997708156704902649e-02 2.589754760265350342e-02 2.095410786569118500e-02 2.709018811583518982e-02 1.111519406549632549e-03 5.180037021636962891e-02 2.293652482330799103e-02 1.021657418459653854e-02 1.059033442288637161e-02 1.157300267368555069e-02 4.239590838551521301e-03 1.967553980648517609e-02 1.073268894106149673e-02 1.043880265206098557e-02 1.376125589013099670e-02 1.629840023815631866e-02 4.137329012155532837e-02 3.124783374369144440e-02 7.826699875295162201e-03 1.314279064536094666e-02 9.867006912827491760e-03 1.662101480178534985e-03 2.944600768387317657e-03 1.720791123807430267e-02 2.274775691330432892e-02 1.289116777479648590e-02 7.592368405312299728e-03 2.034482546150684357e-02 1.504044327884912491e-02 1.680042967200279236e-02 1.734182354994118214e-03 3.349718172103166580e-03 5.915447603911161423e-03 4.300286248326301575e-02 2.039158716797828674e-02 1.302086189389228821e-02 3.010201826691627502e-02 2.090137451887130737e-02 2.802755311131477356e-02 4.461124911904335022e-02 2.064299024641513824e-02 2.041697315871715546e-02 1.488586608320474625e-02 4.170915577560663223e-03 1.900103408843278885e-03 1.243850030004978180e-02 3.018020838499069214e-02 9.969815611839294434e-03 8.433435112237930298e-03 6.694849580526351929e-03 2.140036318451166153e-03 2.101063029840588570e-03 8.393832482397556305e-03 1.591224037110805511e-02 1.685152389109134674e-02 5.412698257714509964e-03 4.601620312314480543e-04 1.244532968848943710e-02 1.543361227959394455e-02 6.771612446755170822e-03 5.182549823075532913e-03 4.306683782488107681e-03 1.001590397208929062e-03 4.135192371904850006e-03 3.288087667897343636e-03 4.236676730215549469e-03 6.324930582195520401e-03 1.700115762650966644e-02 1.615308225154876709e-02 7.861535996198654175e-03 2.281332202255725861e-02 5.231574177742004395e-03 3.094740957021713257e-02 3.965655341744422913e-02 1.478351093828678131e-02 8.193656802177429199e-03 3.936969116330146790e-02 3.878965601325035095e-02 1.006362773478031158e-02 1.703869365155696869e-02 6.207506638020277023e-03 1.639820635318756104e-02 8.662792854011058807e-03 2.045915753114968538e-04 2.103444002568721771e-02 3.397108521312475204e-04 1.803886890411376953e-02 3.453340753912925720e-02 2.645338419824838638e-03 4.926419351249933243e-03 1.166945230215787888e-02 2.281494624912738800e-02 7.056026253849267960e-03 1.071010529994964600e-02 1.480011828243732452e-02 7.859743200242519379e-03 8.598101325333118439e-03 4.660015925765037537e-03 4.276484251022338867e-03 3.339248523116111755e-02 1.254148781299591064e-03 1.544926688075065613e-02 2.013006806373596191e-02 5.328582599759101868e-03 1.365294773131608963e-02 1.899757608771324158e-02 7.166185881942510605e-03 1.933057978749275208e-02
7.727741729468107224e-03 8.114909869618713856e-04 7.145672291517257690e-02 1.321442145854234695e-02 2.885689027607440948e-02 1.360918395221233368e-03 1.967766880989074707e-02 8.302907943725585938e-01 9.633056819438934326e-03 1.110255485400557518e-03 1.480678562074899673e-02 1.007259474135935307e-03 1.591041497886180878e-02 9.275295888073742390e-04 6.399370729923248291e-02 1.366395875811576843e-02 9.230180643498897552e-03 5.089784506708383560e-03 3.218082012608647346e-03 2.513447962701320648e-02 3.894348163157701492e-03 3.698029369115829468e-02 8.309326134622097015e-03 1.313745975494384766e-02 1.738472282886505127e-02 3.002425888553261757e-03 9.223952889442443848e-03 8.069982752203941345e-03 2.094718068838119507e-02 2.560006640851497650e-02 2.022716589272022247e-02 7.381128612905740738e-03 1.348759280517697334e-03 1.434976235032081604e-02 1.475604018196463585e-03 3.815162926912307739e-02 2.765620313584804535e-02 3.740063868463039398e-03 2.357925986871123314e-03 1.739478437229990959e-03 4.084129352122545242e-03 3.923596441745758057e-02 1.053401082754135132e-02 2.640795195475220680e-03 3.443318605422973633e-02 2.300761453807353973e-02 9.386595338582992554e-03 1.513940840959548950e-02 1.252972055226564407e-02 1.625153236091136932e-03 2.607092633843421936e-02 2.384458668529987335e-02 2.625463902950286865e-02 1.565042324364185333e-02 2.357878163456916809e-02 1.138244755566120148e-02 1.154055725783109665e-02 1.546860858798027039e-02 5.334038287401199341e-03 2.140219556167721748e-03 3.236426971852779388e-03 1.687426306307315826e-02 4.437241237610578537e-03 6.289002951234579086e-03 4.789389204233884811e-03 2.751313149929046631e-02 1.514547131955623627e-02 4.545595220406539738e-05 3.474934259429574013e-03 3.739406540989875793e-02 7.048361003398895264e-03 1.047174818813800812e-02 2.030749106779694557e-03 8.469717577099800110e-03 6.921623367816209793e-03 3.349385922774672508e-03 1.120405644178390503e-02 1.941844075918197632e-02 2.641536667943000793e-02 1.118186768144369125e-02 8.012729883193969727e-02 6.941971182823181152e-02 2.840562164783477783e-02 7.393794599920511246e-03 7.660733535885810852e-03 5.780745763331651688e-03 5.247130990028381348e-02 4.579154774546623230e-02 2.380541809543501586e-05 2.347294799983501434e-02 2.412487752735614777e-02 2.885528095066547394e-02 2.163713052868843079e-02 3.099465183913707733e-02 5.759967491030693054e-03 1.841122098267078400e-02 2.898071659728884697e-03 1.039928756654262543e-02 3.676157910376787186e-03 1.232409197837114334e-02 6.657567806541919708e-03 4.407342639751732349e-04 3.339879913255572319e-03 4.588281270116567612e-03 1.839464902877807617e-02 1.547465194016695023e-02 3.363682422786951065e-03 1.189469825476408005e-02 3.080670023337006569e-03 1.849147141911089420e-03 2.125817537307739258e-02 4.564565606415271759e-03 1.472213771194219589e-03 3.662433300632983446e-04 1.544579514302313328e-03 1.749845105223357677e-03
1.207336434163153172e-03 4.200377035886049271e-03 1.325510721653699875e-02 2.860301919281482697e-02 1.578206755220890045e-02 1.788272336125373840e-02 1.997708156704902649e-02 9.633056819438934326e-03 8.302907943725585938e-01 2.985584177076816559e-02 1.781842112541198730e-02 4.412035271525382996e-02 1.239450462162494659e-02 2.823966182768344879e-02 1.293370593339204788e-02 1.810644753277301788e-02 1.170592755079269409e-02 5.596020817756652832e-02 1.916201785206794739e-02 7.932775188237428665e-04 2.909346716478466988e-03 1.105581037700176239e-02 2.126727998256683350e-02 2.728592976927757263e-02 7.669992744922637939e-03 5.826971493661403656e-03 4.077620687894523144e-04 3.475455939769744873e-02 1.329047512263059616e-02 1.273177284747362137e-02 2.644330263137817383e-02 1.573285460472106934e-02 2.272197976708412170e-02 4.210661165416240692e-03 7.614637142978608608e-04 6.245449185371398926e-03 3.750857431441545486e-03 6.233918014913797379e-03 1.665152795612812042e-02 3.340701805427670479e-03 1.199490390717983246e-03 4.298632591962814331e-02 4.103890154510736465e-03 2.538052620366215706e-03 2.752425521612167358e-02 1.446775905787944794e-02 1.848517917096614838e-02 5.669462494552135468e-03 3.637896105647087097e-02 3.344500670209527016e-03 1.419681403785943985e-02 2.440931741148233414e-03 1.908270828425884247e-02 3.031344152987003326e-03 4.373387247323989868e-02 2.856739331036806107e-03 2.640934102237224579e-02 6.822363473474979401e-03 2.449265308678150177e-02 1.444919221103191376e-02 2.072077617049217224e-02 7.936317473649978638e-03 3.061979636549949646e-02 2.486642217263579369e-03 3.126967698335647583e-02 1.428949274122714996e-02 7.710650563240051270e-03 2.067866269499063492e-03 4.463040456175804138e-02 1.258449396118521690e-03 1.687836088240146637e-02 3.534928429871797562e-03 3.582289814949035645e-02 3.137478977441787720e-02 1.844596862792968750e-02 3.233185037970542908e-03 7.442409545183181763e-02 2.875759080052375793e-02 1.591069810092449188e-02 1.193798799067735672e-02 1.622296497225761414e-02 8.750337176024913788e-03 2.331535331904888153e-02 2.053799293935298920e-02 1.292790193110704422e-02 3.517227305565029383e-04 5.512954667210578918e-04 1.776525750756263733e-02 5.402559787034988403e-02 1.076157484203577042e-02 3.315259888768196106e-02 9.266713634133338928e-03 2.258553402498364449e-03 1.594500499777495861e-03 1.175866695120930672e-03 4.331561550498008728e-02 1.232972741127014160e-02 4.326219495851546526e-04 3.922121226787567139e-02 1.235943753272294998e-02 1.339568383991718292e-02 2.399751730263233185e-02 8.588890545070171356e-03 8.755525574088096619e-03 1.379030663520097733e-02 9.381386451423168182e-03 5.216161720454692841e-03 3.286908939480781555e-02 1.918996497988700867e-02 1.428848830983042717e-03 1.941067283041775227e-03 6.492276675999164581e-03 1.164524909108877182e-02 2.769364742562174797e-03 2.367307618260383606e-02 1.022341288626194000e-02
5.931797437369823456e-03 2.989766933023929596e-02 1.058694720268249512e-02 1.321106310933828354e-02 1.757704094052314758e-02 3.486431390047073364e-02 2.589754760265350342e-02 1.110255485400557518e-03 2.985584177076816559e-02 8.302907943725585938e-01 1.356136612594127655e-02 4.184683319181203842e-03 2.066462114453315735e-02 3.663039207458496094e-02 1.671738736331462860e-02 1.801555790007114410e-02 2.903304249048233032e-02 1.547708082944154739e-02 4.935626685619354248e-02 9.717464447021484375e-03 1.678186701610684395e-03 1.567212678492069244e-02 9.134868159890174866e-03 2.321395091712474823e-02 1.398218236863613129e-02 2.530836500227451324e-02 2.451855130493640900e-02 1.987352780997753143e-02 1.610240712761878967e-02 2.103781141340732574e-02 1.234897319227457047e-02 1.032350491732358932e-02 1.663983426988124847e-02 1.612165942788124084e-02 2.062425203621387482e-02 2.693681232631206512e-02 2.730136970058083534e-03 1.101312343962490559e-03 6.435188930481672287e-03 2.532924339175224304e-02 1.094362698495388031e-02 1.626894809305667877e-02 1.969878748059272766e-02 3.337115794420242310e-02 1.958728022873401642e-02 2.043529041111469269e-02 1.765634864568710327e-02 1.260374113917350769e-02 5.014651920646429062e-03 4.915838688611984253e-02 2.997582219541072845e-02 2.498531900346279144e-02 4.212745465338230133e-03 4.593529272824525833e-03 1.703278161585330963e-02 3.157031536102294922e-02 3.009889740496873856e-03 1.381127163767814636e-02 3.774106502532958984e-03 2.593824267387390137e-02 3.116112202405929565e-04 2.481946535408496857e-02 1.828703656792640686e-02 5.227160640060901642e-03 1.364738121628761292e-02 1.065585110336542130e-02 1.164425071328878403e-02 2.289678435772657394e-03 1.623140089213848114e-02 7.634512148797512054e-03 2.681455761194229126e-02 3.804780077189207077e-03 1.029982417821884155e-02 1.691918261349201202e-02 2.506190910935401917e-02 1.180196646600961685e-02 1.943352632224559784e-02 6.390240043401718140e-02 1.170281600207090378e-02 3.652140498161315918e-02 1.068133302032947540e-02 4.044070839881896973e-03 1.840166747570037842e-02 5.975400656461715698e-02 1.639890857040882111e-02 2.774756960570812225e-02 4.786290228366851807e-03 1.295437105000019073e-02 1.226285193115472794e-02 3.054277040064334869e-02 6.858119741082191467e-03 2.384828636422753334e-03 1.168962218798696995e-03 3.684102790430188179e-03 9.825399145483970642e-03 7.937836460769176483e-03 5.421361885964870453e-03 5.230586975812911987e-04 8.827584097161889076e-04 3.794269403442740440e-03 2.965194731950759888e-02 1.523413974791765213e-02 6.519523449242115021e-04 8.940261788666248322e-03 7.534606382250785828e-03 1.208711788058280945e-02 2.262327447533607483e-02 1.856649853289127350e-02 7.580897770822048187e-03 1.532975863665342331e-02 3.498521074652671814e-02 1.179611310362815857e-02 6.748951505869626999e-03 5.185842979699373245e-03 1.329622883349657059e-02 7.203628774732351303e-03
6.304249167442321777e-02 6.084151193499565125e-02 2.124758809804916382e-02 4.851018078625202179e-03 2.435234561562538147e-02 3.770513460040092468e-02 2.095410786569118500e-02 1.480678562074899673e-02 1.781842112541198730e-02 1.356136612594127655e-02 8.302907943725585938e-01 1.636643521487712860e-02 7.371243834495544434e-02 2.605462633073329926e-02 9.908270090818405151e-03 5.298100411891937256e-03 4.693328868597745895e-03 3.030399559065699577e-03 9.127006866037845612e-03 1.977784186601638794e-02 2.567792870104312897e-02 2.355369739234447479e-02 1.115593966096639633e-02 1.214357838034629822e-02 1.538787875324487686e-02 1.227519288659095764e-02 1.638791710138320923e-02 3.237807657569646835e-03 9.392178617417812347e-03 4.876609891653060913e-03 5.563648417592048645e-03 2.011510357260704041e-02 1.456181518733501434e-02 1.850978471338748932e-02 6.666053086519241333e-03 2.820566482841968536e-02 1.823591068387031555e-02 1.031467923894524574e-03 2.066914178431034088e-02 2.976916264742612839e-03 1.530389883555471897e-03 3.537973389029502869e-03 1.547218300402164459e-02 2.746010571718215942e-02 6.271326448768377304e-03 1.344010140746831894e-02 4.957324266433715820e-02 2.478837966918945312e-02 4.595148842781782150e-03 1.354208588600158691e-02 1.277646608650684357e-02 1.819740794599056244e-02 1.973807625472545624e-02 2.155734039843082428e-02 6.458699936047196388e-04 9.078109636902809143e-03 4.695368930697441101e-03 1.925891032442450523e-03 2.847154624760150909e-02 3.751845657825469971e-02 5.994037259370088577e-03 3.497342579066753387e-03 1.512739341706037521e-02 8.393300697207450867e-03 4.579149186611175537e-02 3.893186524510383606e-02 1.722867786884307861e-02 2.400765754282474518e-02 1.113372309191618115e-05 3.032814012840390205e-03 2.837426261976361275e-03 4.883873276412487030e-03 5.055057816207408905e-03 1.488407328724861145e-02 1.259243208914995193e-02 1.560745388269424438e-02 2.751093590632081032e-03 5.348011851310729980e-03 6.485388614237308502e-03 3.587171435356140137e-02 1.740538142621517181e-02 2.162191271781921387e-02 5.139234475791454315e-03 2.057446725666522980e-02 1.666867733001708984e-02 3.260800242424011230e-02 2.151379361748695374e-02 9.025260806083679199e-03 2.638230798766016960e-03 1.682941801846027374e-02 2.943862043321132660e-02 2.181890234351158142e-02 1.969768106937408447e-02 1.673593558371067047e-02 6.850642617791891098e-03 2.975563285872340202e-03 4.234927706420421600e-03 8.011959493160247803e-03 8.278545574285089970e-04 1.130251679569482803e-02 1.083204615861177444e-02 3.929375670850276947e-03 2.084043575450778008e-03 1.615701185073703527e-04 2.048655040562152863e-02 2.441525459289550781e-02 2.179035544395446777e-02 5.645169876515865326e-03 1.131130568683147430e-02 1.511554582975804806e-03 1.472496613860130310e-02 3.661588998511433601e-03 1.468471065163612366e-02 1.378358621150255203e-02 4.475782625377178192e-03 1.965466886758804321e-02
1.565834507346153259e-02 1.179683580994606018e-02 1.927261706441640854e-03 9.470780380070209503e-03 8.653522469103336334e-03 4.567407071590423584e-02 2.709018811583518982e-02 1.007259474135935307e-03 4.412035271525382996e-02 4.184683319181203842e-03 1.636643521487712860e-02 8.302907943725585938e-01 4.899678751826286316e-03 4.883756488561630249e-02 7.719170302152633667e-03 1.009769551455974579e-02 8.169290609657764435e-03 3.622404485940933228e-02 1.105048879981040955e-02 2.764713205397129059e-02 1.798121072351932526e-02 9.035317227244377136e-03 3.344140574336051941e-02 3.025081381201744080e-02 2.796596474945545197e-02 1.339358277618885040e-02 6.784046534448862076e-03 3.358357772231101990e-02 8.965532295405864716e-03 1.365403831005096436e-02 1.644846983253955841e-02 1.935602910816669464e-02 2.611208148300647736e-02 1.633833907544612885e-02 1.032333076000213623e-02 1.486581657081842422e-02 8.780255913734436035e-03 8.901822380721569061e-03 2.226574160158634186e-02 7.944643497467041016e-03 5.782093649031594396e-05 2.388243936002254486e-02 1.737915351986885071e-02 7.246288936585187912e-03 3.816606849431991577e-02 1.454505231231451035e-02 3.148978203535079956e-02 8.373138844035565853e-04 1.938740536570549011e-02 3.809941990766674280e-04 2.173083648085594177e-02 3.413312882184982300e-02 1.722381077706813812e-02 1.283428398892283440e-03 2.243949286639690399e-02 2.969687106087803841e-03 3.547261282801628113e-02 9.688426740467548370e-03 2.640857733786106110e-02 1.517689414322376251e-02 7.763537112623453140e-03 1.803334103897213936e-03 3.037445433437824249e-02 2.280387841165065765e-02 3.106453455984592438e-02 2.455470897257328033e-02 2.941976301372051239e-02 2.442085556685924530e-02 1.415537111461162567e-02 6.827287375926971436e-03 1.194981974549591541e-03 2.007518662139773369e-03 2.515659853816032410e-02 1.747251115739345551e-02 1.051681302487850189e-02 7.966749370098114014e-03 3.722927719354629517e-02 1.586971455253660679e-03 2.063016779720783234e-02 5.414057523012161255e-03 1.920941658318042755e-02 5.164413712918758392e-03 2.874089637771248817e-03 8.695411495864391327e-03 3.115769103169441223e-02 2.080927602946758270e-02 1.873484067618846893e-02 3.531633410602807999e-03 2.039415016770362854e-02 3.253996837884187698e-03 4.256315529346466064e-02 1.949531026184558868e-02 7.980470545589923859e-03 9.502701461315155029e-03 8.317141793668270111e-03 3.013806045055389404e-02 2.661983296275138855e-02 1.655129529535770416e-02 1.384080108255147934e-02 2.529652602970600128e-02 1.695673540234565735e-02 1.260518096387386322e-02 1.094442140311002731e-02 9.490946540609002113e-04 1.328816916793584824e-02 1.621523406356573105e-03 3.047502040863037109e-02 3.557476401329040527e-02 1.015038322657346725e-02 6.222309893928468227e-04 4.906686954200267792e-03 1.133082993328571320e-02 1.508507225662469864e-02 2.546019107103347778e-02 3.008057549595832825e-02 2.045347914099693298e-02
3.412096574902534485e-02 5.863602831959724426e-02 1.520180050283670425e-02 3.657277440652251244e-03 1.245632488280534744e-02 1.744818687438964844e-02 1.111519406549632549e-03 1.591041497886180878e-02 1.239450462162494659e-02 2.066462114453315735e-02 7.371243834495544434e-02 4.899678751826286316e-03 8.302907943725585938e-01 1.855855807662010193e-02 1.561580132693052292e-02 1.456002984195947647e-02 1.331436634063720703e-02 1.486246008425951004e-03 6.498591974377632141e-03 9.528382681310176849e-03 2.215773239731788635e-02 3.620043024420738220e-02 3.489712020382285118e-03 1.606821641325950623e-02 2.258379012346267700e-03 8.793348446488380432e-03 2.919957600533962250e-02 1.306147314608097076e-02 1.015731319785118103e-02 9.099291637539863586e-03 1.682843267917633057e-02 1.444933656603097916e-02 1.712673576548695564e-03 1.573293469846248627e-02 1.712439022958278656e-02 2.299174852669239044e-02 1.500194054096937180e-02 2.561699599027633667e-03 2.103701420128345490e-02 4.809788428246974945e-03 7.923239842057228088e-03 5.346972495317459106e-03 4.510354250669479370e-03 3.494101017713546753e-02 4.571499768644571304e-03 1.412223838269710541e-02 2.812401391565799713e-02 1.373455487191677094e-02 8.942518383264541626e-03 1.685540005564689636e-02 6.552638020366430283e-03 5.278074182569980621e-03 8.125702850520610809e-03 2.695074304938316345e-02 8.676837198436260223e-03 5.843803752213716507e-03 1.101632229983806610e-02 1.513833925127983093e-02 1.898921653628349304e-02 4.550703987479209900e-02 1.094932202249765396e-02 1.148007716983556747e-02 5.581735167652368546e-03 1.288776751607656479e-02 3.251058980822563171e-02 5.867130681872367859e-02 1.338037755340337753e-02 2.530704066157341003e-02 2.878094965126365423e-04 1.993121346458792686e-03 2.720055636018514633e-04 1.407013181596994400e-02 1.850167172960937023e-03 2.558563090860843658e-02 9.862420149147510529e-03 1.702107489109039307e-02 7.208554889075458050e-04 1.311844494193792343e-02 2.668608911335468292e-03 2.862573228776454926e-02 1.713485457003116608e-02 3.799077495932579041e-02 1.390220946632325649e-03 2.306320704519748688e-03 1.104709878563880920e-02 2.774954959750175476e-02 1.886114478111267090e-02 3.754325583577156067e-02 5.904431920498609543e-03 2.893604524433612823e-02 1.380103547126054764e-02 2.316855080425739288e-02 2.003813534975051880e-02 3.090638294816017151e-02 8.040371350944042206e-03 8.362797088921070099e-03 4.161700606346130371e-03 1.619025878608226776e-02 9.686392731964588165e-03 4.487107507884502411e-03 2.496962901204824448e-03 2.397452248260378838e-03 5.171850789338350296e-04 2.731645479798316956e-03 7.493117824196815491e-03 3.028811886906623840e-02 1.128012780100107193e-03 8.639221079647541046e-03 4.632421303540468216e-03 1.633101515471935272e-02 2.117783948779106140e-02 8.718091063201427460e-03 1.017975062131881714e-02 6.609393749386072159e-03 8.018641732633113861e-03 2.451455220580101013e-02
