8.361595869064331055e-01 5.441236868500709534e-02 9.270606678910553455e-04 1.220314763486385345e-02 2.739637903869152069e-02 6.009843572974205017e-02 4.360904172062873840e-02 1.885688304901123047e-02 2.418388240039348602e-02 1.891139522194862366e-02 5.982145667076110840e-02 1.366619486361742020e-02 5.933691933751106262e-02 2.912343107163906097e-02 4.799998365342617035e-03 4.421788267791271210e-03 1.008843816816806793e-02 1.381903979927301407e-02 5.653380416333675385e-03 1.994331181049346924e-02 1.247092150151729584e-02 1.297128293663263321e-02 2.226211503148078918e-02 1.487307902425527573e-02 2.569647273048758507e-03 6.150737404823303223e-03 5.199550185352563858e-03 2.753052487969398499e-02 1.254838332533836365e-02 2.006005868315696716e-02 2.953824587166309357e-02 9.388833306729793549e-03 1.422283146530389786e-02 1.361259259283542633e-02 8.681927807629108429e-03 6.212475243955850601e-03 3.970821853727102280e-03 1.778855919837951660e-03 9.143266826868057251e-03 6.410520873032510281e-04 4.246581345796585083e-03 1.780368201434612274e-02 2.591135166585445404e-02 5.217266734689474106e-03 3.218830749392509460e-02 3.124779462814331055e-02 5.834000557661056519e-02 4.318540543317794800e-02 1.456046197563409805e-02 5.502055864781141281e-03 7.936905138194561005e-03 2.666410803794860840e-02 2.415413595736026764e-02 1.640849374234676361e-02 2.195531316101551056e-02 5.835307296365499496e-03 1.683325320482254028e-02 9.828156791627407074e-03 2.944430708885192871e-02 3.379205986857414246e-02 3.332179971039295197e-03 1.050343969836831093e-03 2.074480056762695312e-02 2.156041376292705536e-02 3.924505412578582764e-02 3.921708464622497559e-02 1.417714171111583710e-02 9.886546060442924500e-03 3.106426913291215897e-03 3.886419348418712616e-03 7.800491992384195328e-03 9.741663001477718353e-03 7.905613747425377369e-04 7.131279562599956989e-04 5.765198729932308197e-03 1.821827329695224762e-02 9.410938248038291931e-03 8.131869137287139893e-03 2.214125171303749084e-02 1.217379327863454819e-02 1.674297265708446503e-02 6.421786732971668243e-03 1.536211371421813965e-02 8.593359030783176422e-03 4.177835304290056229e-03 1.804534904658794403e-02 2.544554881751537323e-02 2.456969209015369415e-02 1.729603298008441925e-02 1.590835116803646088e-02 3.503169119358062744e-02 2.237310446798801422e-02 6.274749524891376495e-03 1.654593832790851593e-02 6.038775201886892319e-03 1.369262021034955978e-02 1.750390790402889252e-02 1.351321488618850708e-02 1.072798855602741241e-02 2.026928216218948364e-02 1.766941626556217670e-03 2.544889866840094328e-04 1.181448157876729965e-02 2.464990317821502686e-02 1.277240272611379623e-02 1.737788692116737366e-02 2.227578777819871902e-03 2.066671848297119141e-02 1.418008469045162201e-03 2.340917848050594330e-02 1.508239074610173702e-03 1.611832715570926666e-02 2.172399684786796570e-02 3.112641908228397369e-02 1.226148847490549088e-02 3.726941300556063652e-03
5.441236868500709534e-02 8.361595869064331055e-01 1.753564341925084591e-03 1.259677018970251083e-02 1.439366396516561508e-02 5.233350768685340881e-02 5.922658741474151611e-02 1.625150255858898163e-02 2.370255254209041595e-02 2.508576028048992157e-02 4.439701884984970093e-02 1.050876453518867493e-03 6.135512515902519226e-02 1.622089557349681854e-02 1.810931973159313202e-02 5.495650693774223328e-03 4.018829669803380966e-03 1.766289584338665009e-02 2.037946507334709167e-02 2.798629738390445709e-02 2.207791246473789215e-02 6.447033956646919250e-03 2.663383260369300842e-02 1.898663304746150970e-02 4.486293531954288483e-03 1.587857678532600403e-02 4.358347970992326736e-03 2.464075759053230286e-02 4.016750957816839218e-03 2.811436168849468231e-02 9.120869450271129608e-03 1.544211618602275848e-02 1.364183332771062851e-02 2.171996049582958221e-02 1.077722012996673584e-02 1.433979067951440811e-02 8.343888446688652039e-03 5.884367972612380981e-03 8.881803601980209351e-03 1.728186616674065590e-03 2.451213542371988297e-03 1.870142854750156403e-02 2.506843395531177521e-02 3.613011678680777550e-03 3.379156440496444702e-02 2.720708027482032776e-02 4.517058655619621277e-02 5.516821518540382385e-02 1.364612206816673279e-02 1.288527343422174454e-02 1.907573454082012177e-02 2.390846610069274902e-02 2.433314919471740723e-02 1.800626702606678009e-02 1.638541929423809052e-02 1.144268922507762909e-02 1.102365460246801376e-02 1.348475273698568344e-02 2.712479792535305023e-02 3.586693108081817627e-02 2.071934053674340248e-03 4.859902430325746536e-03 1.494524441659450531e-02 1.234290190041065216e-02 2.917199209332466125e-02 4.740742966532707214e-02 2.204634062945842743e-02 1.691422052681446075e-02 2.351962029933929443e-03 9.124830365180969238e-03 4.865701775997877121e-03 1.261198520660400391e-02 1.962365815415978432e-03 4.785581491887569427e-03 1.693409169092774391e-03 1.598800718784332275e-02 1.156419143080711365e-02 1.412946917116641998e-02 2.714379318058490753e-02 2.434950694441795349e-02 9.471676312386989594e-03 5.902634467929601669e-03 1.450522243976593018e-02 1.547033782117068768e-03 1.195876579731702805e-02 2.663526684045791626e-02 1.479166559875011444e-02 2.808473631739616394e-02 1.782685145735740662e-02 2.134286984801292419e-02 2.483886852860450745e-02 8.401586674153804779e-03 2.863865718245506287e-02 3.925959020853042603e-02 7.639451883733272552e-03 6.223242264240980148e-03 9.835587814450263977e-03 7.754162419587373734e-03 1.647901907563209534e-02 2.121664024889469147e-02 2.979082288220524788e-03 9.646447375416755676e-03 1.278841774910688400e-02 1.395122893154621124e-02 1.261746603995561600e-02 1.744238659739494324e-02 8.243008516728878021e-03 1.055623311549425125e-02 3.638519439846277237e-03 1.634646393358707428e-02 1.684906193986535072e-03 1.707423292100429535e-02 2.253977023065090179e-02 1.965684257447719574e-02 2.439465746283531189e-02 1.311383792199194431e-03
9.270606678910553455e-04 1.753564341925084591e-03 8.361595869064331055e-01 1.894513377919793129e-03 1.382324378937482834e-02 2.424447564408183098e-03 5.835613235831260681e-03 2.069304138422012329e-02 8.287029340863227844e-03 1.643795892596244812e-02 6.899943575263023376e-03 7.094860076904296875e-03 1.219961699098348618e-02 1.393959275446832180e-03 8.505829027853906155e-04 3.623965755105018616e-02 2.771715261042118073e-02 1.147235091775655746e-02 4.262739792466163635e-03 3.930732980370521545e-02 3.911039233207702637e-02 1.262436527758836746e-02 1.098730321973562241e-02 1.587114855647087097e-02 2.701767161488533020e-02 2.005677111446857452e-02 2.262374386191368103e-02 1.248760242015123367e-02 1.543765421956777573e-02 3.461983054876327515e-03 7.614409551024436951e-04 1.513249706476926804e-02 2.351950667798519135e-02 1.792153157293796539e-02 2.432014048099517822e-02 6.337874568998813629e-03 9.201329201459884644e-03 4.160043783485889435e-03 9.610818699002265930e-03 1.140878628939390182e-02 7.912173867225646973e-03 1.835655793547630310e-02 9.798173792660236359e-03 6.140263751149177551e-03 1.545542734675109386e-03 3.691288875415921211e-03 2.411226043477654457e-03 6.037878338247537613e-03 1.101619098335504532e-03 1.415688544511795044e-02 3.696054045576602221e-04 4.448755644261837006e-03 4.460108932107686996e-03 1.321237068623304367e-03 5.002744273951975629e-06 3.715349826961755753e-03 5.120879970490932465e-03 1.134654134511947632e-02 1.570053864270448685e-03 1.893053413368761539e-03 6.066439207643270493e-03 1.211121305823326111e-02 2.409336902201175690e-02 1.632913202047348022e-02 6.132081616669893265e-03 1.210484933108091354e-02 2.761138044297695160e-02 2.031265199184417725e-02 1.525667868554592133e-02 2.382396906614303589e-02 1.910910196602344513e-02 1.275390759110450745e-02 2.622150816023349762e-02 3.940846025943756104e-02 4.082860052585601807e-02 1.817254349589347839e-02 1.027223933488130569e-02 2.196157909929752350e-02 1.893394254148006439e-02 1.401992281898856163e-03 2.631936222314834595e-02 8.376155979931354523e-03 3.825249522924423218e-02 1.100454665720462799e-02 4.757602291647344828e-04 1.788288936950266361e-03 2.333569154143333435e-02 7.693231105804443359e-03 2.304625324904918671e-02 2.500734850764274597e-02 1.389690116047859192e-02 1.902104355394840240e-02 8.936171419918537140e-03 5.787169095128774643e-03 1.338442321866750717e-02 3.078354522585868835e-03 4.119999648537486792e-04 4.653577227145433426e-03 1.175883691757917404e-02 1.195471175014972687e-02 8.189240470528602600e-03 1.702514849603176117e-02 1.343883480876684189e-02 3.509568748995661736e-03 8.700233884155750275e-03 1.110996701754629612e-03 1.221661921590566635e-02 4.840061068534851074e-03 1.938884891569614410e-02 1.652817800641059875e-02 7.244757842272520065e-03 9.801968000829219818e-03 1.132908463478088379e-02 1.664070971310138702e-02 1.960057765245437622e-02 4.053036682307720184e-03
1.220314763486385345e-02 1.259677018970251083e-02 1.894513377919793129e-03 8.361595869064331055e-01 3.232574835419654846e-02 1.565849035978317261e-02 1.449321862310171127e-02 1.197491120547056198e-02 1.998164504766464233e-02 1.884802989661693573e-02 1.154862530529499054e-02 1.242249272763729095e-02 2.567402273416519165e-02 1.391621539369225502e-03 6.640648469328880310e-03 1.060376409441232681e-02 1.188453473150730133e-02 4.879043903201818466e-03 2.956057339906692505e-02 1.278729271143674850e-02 1.087259128689765930e-02 2.130620740354061127e-02 1.185842230916023254e-02 2.109006233513355255e-02 6.131145637482404709e-03 1.245282962918281555e-02 2.320844866335391998e-02 1.598518155515193939e-02 8.827839046716690063e-03 2.371633052825927734e-02 3.212660085409879684e-03 4.066272638738155365e-03 1.724570617079734802e-02 8.706049062311649323e-03 1.312852837145328522e-02 7.420015987008810043e-03 1.788150332868099213e-02 2.713777869939804077e-02 5.354720354080200195e-02 3.440516442060470581e-02 1.645643264055252075e-02 4.497496876865625381e-03 3.749587573111057281e-03 5.278768949210643768e-03 1.368426019325852394e-03 1.956496573984622955e-02 1.124997716397047043e-02 1.086648437194526196e-03 4.213477484881877899e-03 1.037986297160387039e-02 4.665618762373924255e-03 1.459351833909749985e-02 3.658806090243160725e-04 6.606945767998695374e-03 7.768230279907584190e-04 1.328947581350803375e-02 8.074886165559291840e-03 1.336030475795269012e-02 2.560128271579742432e-02 5.910754669457674026e-03 1.023364625871181488e-02 1.591786043718457222e-03 2.205037698149681091e-02 3.220866620540618896e-02 2.952786628156900406e-03 2.396346244495362043e-04 1.926187984645366669e-02 4.293062724173069000e-03 8.884668350219726562e-03 2.831612480804324150e-03 2.144871652126312256e-02 1.681935228407382965e-02 6.649453192949295044e-02 1.446613948792219162e-02 4.972233623266220093e-02 1.630167849361896515e-02 4.345948807895183563e-03 2.366947941482067108e-02 2.927881106734275818e-02 3.040063381195068359e-02 9.319986216723918915e-03 1.616607978940010071e-02 3.849763050675392151e-02 1.884333603084087372e-02 3.337940899655222893e-03 2.925442904233932495e-02 1.037763524800539017e-02 1.159570831805467606e-02 2.556902123615145683e-03 8.431709371507167816e-03 2.514696388971060514e-04 3.221367951482534409e-03 3.303655423223972321e-03 2.205687388777732849e-02 2.031154558062553406e-02 3.331262990832328796e-02 5.882409401237964630e-03 1.450497284531593323e-02 2.771441591903567314e-03 3.158069448545575142e-03 6.350180599838495255e-03 1.166267599910497665e-02 5.256683565676212311e-03 2.669797092676162720e-02 2.754876017570495605e-02 4.399706376716494560e-04 9.092575870454311371e-03 1.206928491592407227e-02 7.801439613103866577e-03 1.093903789296746254e-03 1.412202604115009308e-02 5.810761358588933945e-03 1.109760627150535583e-02 2.267414703965187073e-02 1.803750917315483093e-02 2.531285025179386139e-02
2.739637903869152069e-02 1.439366396516561508e-02 1.382324378937482834e-02 3.232574835419654846e-02 8.361595869064331055e-01 1.528375968337059021e-02 1.581960171461105347e-02 2.550215460360050201e-02 1.911679282784461975e-02 7.477233186364173889e-03 2.255033142864704132e-02 5.213635042309761047e-03 1.321779098361730576e-02 9.332076297141611576e-04 2.139469608664512634e-03 8.437699638307094574e-03 9.354292415082454681e-03 7.961284369230270386e-03 4.476552829146385193e-03 4.082860890775918961e-03 1.249004900455474854e-02 1.233267784118652344e-02 9.109935723245143890e-03 1.051118317991495132e-02 6.628559436649084091e-03 1.106822025030851364e-02 1.233245432376861572e-02 2.609091997146606445e-02 9.143107570707798004e-03 3.396728262305259705e-02 1.463449932634830475e-02 1.025540474802255630e-02 8.345530368387699127e-03 2.818081993609666824e-03 1.308270916342735291e-02 1.517989113926887512e-02 2.121647354215383530e-03 8.878249675035476685e-03 8.450587280094623566e-03 4.565001279115676880e-02 9.847834706306457520e-03 1.418475247919559479e-02 4.539310466498136520e-03 8.064702153205871582e-03 5.305826663970947266e-03 2.398681826889514923e-02 1.972567848861217499e-02 6.917972583323717117e-03 2.150157839059829712e-02 7.437208201736211777e-03 9.406290948390960693e-03 4.092276562005281448e-03 8.931471034884452820e-03 1.284655183553695679e-02 2.975575998425483704e-02 1.544374879449605942e-02 2.316766045987606049e-02 8.136547170579433441e-03 7.669702172279357910e-03 3.817938966676592827e-03 6.360344123095273972e-04 1.117424108088016510e-04 3.260188270360231400e-03 6.330586504191160202e-03 8.239897899329662323e-03 2.830021316185593605e-03 3.016593400388956070e-03 1.269704103469848633e-02 5.091730039566755295e-03 7.467505987733602524e-03 9.203914552927017212e-03 5.300331860780715942e-03 3.961333259940147400e-02 1.900779828429222107e-02 4.746255278587341309e-02 5.330066196620464325e-03 7.556391647085547447e-04 2.526652533560991287e-03 2.171416953206062317e-02 2.725806459784507751e-02 2.853865362703800201e-02 3.097617067396640778e-03 3.567473962903022766e-02 4.068244993686676025e-02 4.742826335132122040e-03 2.555334009230136871e-02 1.628151629120111465e-03 5.209919996559619904e-03 3.980146721005439758e-03 2.276227250695228577e-02 3.269233508035540581e-03 9.530044160783290863e-03 1.362796314060688019e-02 1.374998223036527634e-02 1.099353097379207611e-02 2.587811462581157684e-02 2.075802069157361984e-03 3.139702021144330502e-04 8.444865234196186066e-03 4.083249077666550875e-04 6.095485296100378036e-03 8.981457795016467571e-04 1.039387285709381104e-02 1.242262218147516251e-02 2.127655968070030212e-02 4.650521557778120041e-03 1.287368778139352798e-02 1.400754787027835846e-02 3.379141679033637047e-03 1.482704654335975647e-03 2.329958975315093994e-02 2.825781702995300293e-03 4.556517116725444794e-03 3.770669549703598022e-02 7.229185663163661957e-03 6.068057846277952194e-03
6.009843572974205017e-02 5.233350768685340881e-02 2.424447564408183098e-03 1.565849035978317261e-02 1.528375968337059021e-02 8.361595869064331055e-01 7.529505342245101929e-02 2.106595970690250397e-02 1.406017411500215530e-02 8.646967820823192596e-03 5.327766388654708862e-02 2.981190569698810577e-02 5.310350283980369568e-02 5.060646682977676392e-02 3.243442624807357788e-02 4.405169747769832611e-03 1.388909760862588882e-03 7.583579048514366150e-03 2.138525247573852539e-03 1.576382294297218323e-02 1.162489596754312515e-02 4.535271786153316498e-03 2.323989570140838623e-02 2.754797600209712982e-02 3.264998085796833038e-03 3.129546763375401497e-03 1.483017578721046448e-02 4.997240102966316044e-05 5.204096436500549316e-03 4.186977166682481766e-03 3.764668479561805725e-02 1.690092845819890499e-03 2.131980285048484802e-02 1.105859782546758652e-02 2.571301884017884731e-04 7.801055908203125000e-03 1.747230067849159241e-03 5.910895764827728271e-03 1.119648292660713196e-02 1.649994775652885437e-02 9.978940710425376892e-03 8.585644536651670933e-04 1.405036076903343201e-02 1.646041520871222019e-03 3.188752755522727966e-02 2.892306074500083923e-02 6.293762475252151489e-02 3.998323157429695129e-02 5.070440471172332764e-03 2.305419649928808212e-03 4.834390711039304733e-03 1.615065522491931915e-02 6.083776243031024933e-03 1.089931186288595200e-02 3.853857051581144333e-03 6.703613325953483582e-03 9.029270149767398834e-03 6.699331104755401611e-03 9.866133332252502441e-03 1.678564213216304779e-02 4.030058160424232483e-03 3.294279100373387337e-03 1.192565262317657471e-02 1.070658909156918526e-03 3.093348257243633270e-02 2.144424431025981903e-02 1.592442765831947327e-02 4.184545483440160751e-03 9.878618642687797546e-03 1.118767308071255684e-03 1.026793662458658218e-02 6.426360458135604858e-03 3.090221062302589417e-02 5.638506263494491577e-03 1.149104628711938858e-02 1.690577901899814606e-02 1.273699803277850151e-03 1.884003286249935627e-03 2.854046039283275604e-02 1.839912682771682739e-02 8.493818342685699463e-03 1.385949086397886276e-02 9.225063025951385498e-03 1.860363641753792763e-03 1.575917587615549564e-03 1.660615392029285431e-02 2.969953417778015137e-02 2.137187868356704712e-02 1.879399828612804413e-02 2.081091515719890594e-03 2.085797302424907684e-02 1.906975358724594116e-02 2.964674204122275114e-04 1.269672159105539322e-02 2.223723754286766052e-02 1.866472885012626648e-02 2.089185826480388641e-02 1.922510191798210144e-02 4.169930703938007355e-03 7.568281143903732300e-03 1.980005577206611633e-02 1.302710734307765961e-02 4.427398554980754852e-03 1.911911368370056152e-02 3.574885893613100052e-03 4.491009283810853958e-03 3.970240242779254913e-03 4.523618263192474842e-04 1.105978502891957760e-03 1.832161215133965015e-04 2.656575758010149002e-03 2.311320975422859192e-02 1.214045006781816483e-02 2.498252503573894501e-02 2.161528728902339935e-02 1.690275594592094421e-02
4.360904172062873840e-02 5.922658741474151611e-02 5.835613235831260681e-03 1.449321862310171127e-02 1.581960171461105347e-02 7.529505342245101929e-02 8.361595869064331055e-01 2.179205231368541718e-02 1.106719858944416046e-02 1.829122193157672882e-02 4.936952143907546997e-02 3.998700994998216629e-03 5.593712627887725830e-02 3.000938519835472107e-02 4.387727007269859314e-02 5.993586499243974686e-03 4.967900458723306656e-04 4.893078468739986420e-03 1.478080917149782181e-02 2.380074746906757355e-02 1.950975507497787476e-02 1.137939281761646271e-02 1.454619131982326508e-02 1.289501041173934937e-02 2.323417458683252335e-03 8.098397403955459595e-03 2.550069242715835571e-02 1.288663130253553391e-02 2.933379495516419411e-03 9.543284773826599121e-03 2.576670795679092407e-02 7.136884145438671112e-03 1.529203355312347412e-02 1.084427814930677414e-02 5.722968489862978458e-04 1.037189643830060959e-02 3.122856141999363899e-03 1.535469666123390198e-02 1.021067728288471699e-03 7.680790964514017105e-03 2.426499128341674805e-02 7.528533227741718292e-03 2.266094647347927094e-02 5.144705530256032944e-03 2.997513301670551300e-02 3.642306104302406311e-02 5.236073210835456848e-02 6.294902414083480835e-02 1.661069545662030578e-04 7.672479841858148575e-03 8.387238718569278717e-03 6.859342567622661591e-03 1.074494328349828720e-02 7.773329969495534897e-03 1.045602140948176384e-03 2.786563942208886147e-03 8.065918460488319397e-03 6.475739646703004837e-03 1.086314674466848373e-02 2.450778894126415253e-02 7.136762607842683792e-03 8.309096301672980189e-05 9.972919709980487823e-03 2.557202940806746483e-03 3.355196863412857056e-02 3.170134872198104858e-02 1.292690355330705643e-02 5.435477942228317261e-03 1.072066929191350937e-02 2.215067856013774872e-03 5.032936111092567444e-03 2.817222615703940392e-03 2.062910422682762146e-02 2.697594929486513138e-03 7.075089961290359497e-03 5.149263422936201096e-03 5.096498876810073853e-03 4.883636720478534698e-03 2.957768365740776062e-02 3.568163141608238220e-02 5.896752700209617615e-03 6.114798132330179214e-03 9.748894721269607544e-03 9.419537149369716644e-03 4.942633677273988724e-04 2.357797138392925262e-02 3.082556650042533875e-02 2.194319292902946472e-02 6.360379979014396667e-03 2.608095854520797729e-02 2.473775856196880341e-02 1.358792372047901154e-02 2.007766813039779663e-02 2.240543067455291748e-02 1.965379156172275543e-02 1.422554068267345428e-02 1.414526998996734619e-02 2.067875582724809647e-03 7.576154894195497036e-05 2.179676666855812073e-03 1.739686727523803711e-02 9.389318525791168213e-03 1.154540386050939560e-02 8.685349486768245697e-03 9.024972096085548401e-03 8.457786403596401215e-03 7.733634207397699356e-03 2.993061440065503120e-03 2.100014127790927887e-03 3.251213347539305687e-03 6.870510522276163101e-03 1.273416914045810699e-02 2.087934315204620361e-02 2.214953117072582245e-02 2.953076735138893127e-02 1.134622283279895782e-02
1.885688304901123047e-02 1.625150255858898163e-02 2.069304138422012329e-02 1.197491120547056198e-02 2.550215460360050201e-02 2.106595970690250397e-02 2.179205231368541718e-02 8.361595869064331055e-01 1.629738137125968933e-02 2.741049975156784058e-02 1.768217980861663818e-02 1.188196591101586819e-03 1.269820984452962875e-02 3.397411666810512543e-03 2.818963862955570221e-02 2.060968056321144104e-02 1.803083904087543488e-02 7.784805260598659515e-03 1.945299841463565826e-02 1.319760736078023911e-02 4.746147431433200836e-03 1.086802501231431961e-02 5.404998082667589188e-03 1.961495168507099152e-02 4.031753633171319962e-03 3.847352694720029831e-03 4.583371803164482117e-03 1.620028726756572723e-02 6.509972736239433289e-03 1.147155463695526123e-02 5.830674432218074799e-03 8.820672519505023956e-03 4.045167937874794006e-03 5.118389613926410675e-03 5.692146252840757370e-03 9.332982823252677917e-03 1.443430781364440918e-03 4.376388620585203171e-03 1.219983492046594620e-02 3.546166000887751579e-03 7.863671053200960159e-04 2.279185876250267029e-02 1.465865038335323334e-02 1.456930115818977356e-02 1.400992274284362793e-02 3.219231963157653809e-02 2.156416140496730804e-02 1.310658361762762070e-02 1.614793017506599426e-02 3.019949980080127716e-02 6.755944341421127319e-03 2.853207290172576904e-03 3.290164284408092499e-03 3.224845975637435913e-03 1.819073781371116638e-02 2.575780451297760010e-02 1.418482605367898941e-02 6.247998215258121490e-03 9.421530179679393768e-03 1.526232156902551651e-02 6.769494153559207916e-03 5.733968224376440048e-03 1.156154274940490723e-02 1.072911359369754791e-02 7.396749686449766159e-03 1.100704725831747055e-02 5.297630559653043747e-03 1.147519331425428391e-03 5.706877447664737701e-03 1.799562014639377594e-02 1.124488934874534607e-02 9.639758616685867310e-03 1.007627230137586594e-02 6.818658672273159027e-03 2.137822844088077545e-02 2.017594687640666962e-02 7.310918997973203659e-03 4.760830197483301163e-03 3.630066663026809692e-02 3.890181332826614380e-02 2.190752513706684113e-02 2.203170955181121826e-02 1.638515619561076164e-03 5.116014741361141205e-03 1.560886297374963760e-02 2.997593022882938385e-02 4.119467455893754959e-03 5.718382075428962708e-03 1.592635735869407654e-02 4.959333688020706177e-03 8.399694226682186127e-03 1.647518388926982880e-02 6.369905080646276474e-03 1.279786694794893265e-03 1.078524533659219742e-02 2.811769489198923111e-03 1.716010086238384247e-02 2.642309293150901794e-02 1.175403036177158356e-02 1.784642226994037628e-02 7.275823038071393967e-03 2.207118086516857147e-03 1.279331278055906296e-02 4.020228609442710876e-02 7.746634073555469513e-03 9.489002637565135956e-03 1.097968034446239471e-02 2.669713459908962250e-02 1.696943491697311401e-02 2.890264801681041718e-02 1.765962131321430206e-02 4.024435207247734070e-02 1.814995892345905304e-02 3.196046128869056702e-02 1.484678033739328384e-02 8.496998809278011322e-03
2.418388240039348602e-02 2.370255254209041595e-02 8.287029340863227844e-03 1.998164504766464233e-02 1.911679282784461975e-02 1.406017411500215530e-02 1.106719858944416046e-02 1.629738137125968933e-02 8.361595869064331055e-01 3.389137983322143555e-02 1.937073655426502228e-02 2.489893324673175812e-02 1.834706030786037445e-02 1.230689045041799545e-02 7.077074609696865082e-03 1.037449203431606293e-02 9.564663283526897430e-03 3.192270919680595398e-02 3.039910458028316498e-02 2.318434044718742371e-02 1.469615101814270020e-02 1.828332617878913879e-02 3.849336132407188416e-02 3.492687270045280457e-02 7.882739417254924774e-03 1.568619720637798309e-02 2.080039121210575104e-02 9.135999716818332672e-03 2.496613189578056335e-03 1.651358045637607574e-02 2.496888628229498863e-03 2.769272215664386749e-02 1.303685829043388367e-02 2.374044805765151978e-02 1.782551407814025879e-02 2.097072079777717590e-02 7.642877288162708282e-03 1.601786166429519653e-02 1.290040789172053337e-03 3.460406791418790817e-03 1.051310449838638306e-02 3.122130222618579865e-02 2.493500709533691406e-02 2.095342427492141724e-02 1.623750291764736176e-02 1.192646566778421402e-02 1.752098277211189270e-02 8.307021111249923706e-03 2.795736491680145264e-02 2.111315727233886719e-02 2.763382159173488617e-02 3.102783486247062683e-02 1.681532524526119232e-02 1.326771359890699387e-02 3.813808038830757141e-02 1.654567755758762360e-02 2.600393630564212799e-02 2.184592373669147491e-02 1.544485706835985184e-02 1.807126775383949280e-02 2.679160796105861664e-02 2.239938080310821533e-02 2.119182422757148743e-02 1.657671481370925903e-02 1.485187187790870667e-02 2.083768136799335480e-02 2.132239006459712982e-02 2.628885954618453979e-02 2.941650524735450745e-02 7.162973750382661819e-03 1.916818693280220032e-02 2.478914521634578705e-02 7.500274572521448135e-03 8.942333050072193146e-03 1.562107237987220287e-03 1.808298192918300629e-02 5.445706471800804138e-02 4.078227654099464417e-02 3.916902840137481689e-02 1.234120689332485199e-02 3.517312929034233093e-03 1.834941562265157700e-03 6.020781584084033966e-03 1.051038596779108047e-02 3.260366246104240417e-02 3.462892025709152222e-02 9.943245910108089447e-03 1.395836472511291504e-02 3.713487833738327026e-02 1.084075402468442917e-02 3.680990310385823250e-03 9.789972566068172455e-03 4.577851796057075262e-04 1.730860769748687744e-02 9.866938926279544830e-03 4.344762302935123444e-03 6.379190366715192795e-03 1.304232329130172729e-02 3.995807841420173645e-02 3.645395115017890930e-02 1.959436573088169098e-02 1.731762476265430450e-02 8.042830973863601685e-03 2.779705263674259186e-02 2.755889901891350746e-03 1.346062496304512024e-02 1.773601211607456207e-02 2.303869463503360748e-02 2.455455996096134186e-02 2.870973944664001465e-02 5.040351767092943192e-03 1.019984018057584763e-02 2.409447170794010162e-02 2.198811061680316925e-02 1.019100937992334366e-02 3.233405528590083122e-03
1.891139522194862366e-02 2.508576028048992157e-02 1.643795892596244812e-02 1.884802989661693573e-02 7.477233186364173889e-03 8.646967820823192596e-03 1.829122193157672882e-02 2.741049975156784058e-02 3.389137983322143555e-02 8.361595869064331055e-01 2.290109544992446899e-02 4.497324116528034210e-03 2.372798509895801544e-02 4.486894700676202774e-03 9.534175507724285126e-03 1.451412774622440338e-02 1.722234115004539490e-02 3.223729506134986877e-02 4.226266592741012573e-02 2.752173319458961487e-02 2.025510370731353760e-02 7.618178147822618484e-03 1.496656611561775208e-02 3.005741164088249207e-02 1.369679812341928482e-02 2.095775678753852844e-02 1.121556200087070465e-02 1.928468048572540283e-02 1.593107171356678009e-02 1.701369322836399078e-02 8.510804735124111176e-03 1.668968610465526581e-02 3.672396996989846230e-04 2.307199500501155853e-02 1.093182899057865143e-02 9.587747976183891296e-03 2.087113447487354279e-02 1.405389513820409775e-02 5.311076529324054718e-03 1.317077595740556717e-02 1.217394322156906128e-02 3.218063339591026306e-02 2.500915527343750000e-02 2.003244869410991669e-02 2.444041334092617035e-02 3.522805869579315186e-02 2.207092754542827606e-02 2.326012402772903442e-02 1.308788545429706573e-02 3.677107766270637512e-02 2.811641432344913483e-02 2.034499682486057281e-02 1.672594621777534485e-02 1.865051873028278351e-02 1.325151324272155762e-02 3.096568398177623749e-02 7.176171056926250458e-04 3.220831230282783508e-02 2.404955588281154633e-02 2.920933812856674194e-02 5.458816420286893845e-03 4.063514061272144318e-03 1.301528979092836380e-02 2.565215574577450752e-03 3.013040870428085327e-02 3.040217608213424683e-02 1.825152710080146790e-02 2.002978324890136719e-02 1.565239392220973969e-02 2.455648779869079590e-02 1.335440576076507568e-02 3.181081963703036308e-03 5.083336727693676949e-04 1.831523701548576355e-02 9.633725858293473721e-04 8.495727553963661194e-03 2.927090413868427277e-02 5.140442028641700745e-02 3.139166161417961121e-02 4.776584357023239136e-02 1.177775580435991287e-02 1.028811838477849960e-02 1.570323482155799866e-02 4.046934098005294800e-02 1.145989913493394852e-02 3.552229329943656921e-02 1.447620522230863571e-02 1.585543155670166016e-02 2.025476424023509026e-03 3.850616142153739929e-02 2.793391980230808258e-02 1.725181192159652710e-02 1.970740593969821930e-02 1.743032597005367279e-02 5.791474133729934692e-03 1.530417799949645996e-02 1.219008676707744598e-02 2.072465140372514725e-03 1.947327144443988800e-02 2.589186280965805054e-02 2.763448655605316162e-02 2.469095587730407715e-02 1.376692298799753189e-02 1.640753820538520813e-02 1.002818997949361801e-02 1.108879502862691879e-02 2.174581959843635559e-02 2.044592797756195068e-02 2.383294142782688141e-02 2.841172739863395691e-02 2.755663730204105377e-02 1.961202174425125122e-02 2.642396464943885803e-02 2.323692291975021362e-02 1.878020167350769043e-02 2.194595523178577423e-02
5.982145667076110840e-02 4.439701884984970093e-02 6.899943575263023376e-03 1.154862530529499054e-02 2.255033142864704132e-02 5.327766388654708862e-02 4.936952143907546997e-02 1.768217980861663818e-02 1.937073655426502228e-02 2.290109544992446899e-02 8.361595869064331055e-01 5.229487549513578415e-03 5.188779532909393311e-02 3.228423744440078735e-02 1.787254959344863892e-02 8.166117593646049500e-03 7.807420479366555810e-05 1.163890305906534195e-02 8.448733016848564148e-03 1.962737739086151123e-02 1.451950613409280777e-02 1.554299611598253250e-02 1.569509692490100861e-02 1.618295162916183472e-02 5.581789184361696243e-03 1.201491244137287140e-02 6.756762042641639709e-03 2.984102256596088409e-02 2.746176160871982574e-02 2.719926461577415466e-02 2.385731227695941925e-02 1.390549540519714355e-02 1.436098944395780563e-02 1.846939884126186371e-02 8.646070025861263275e-03 5.222016479820013046e-03 1.830778783187270164e-03 2.869168063625693321e-03 1.487704273313283920e-02 1.098901033401489258e-02 1.012406032532453537e-02 1.874722726643085480e-02 2.563095837831497192e-02 1.386510860174894333e-02 2.974537387490272522e-02 3.898824751377105713e-02 6.144334375858306885e-02 4.486870393157005310e-02 1.144069246947765350e-02 1.130647957324981689e-02 1.366316992789506912e-02 1.899597235023975372e-02 2.110248990356922150e-02 1.660985313355922699e-02 9.924042969942092896e-03 7.382718846201896667e-03 1.739818602800369263e-02 1.419624034315347672e-02 2.714530751109123230e-02 3.254822269082069397e-02 7.204703870229423046e-04 3.995460458099842072e-03 2.006647363305091858e-02 1.584945432841777802e-02 4.982247203588485718e-02 3.506463021039962769e-02 1.905866526067256927e-02 9.936296381056308746e-03 6.097535137087106705e-03 1.414292771369218826e-02 6.769609637558460236e-03 3.041723277419805527e-03 3.823927603662014008e-03 1.620753173483535647e-04 6.199645809829235077e-03 1.502149389125406742e-03 7.969149388372898102e-03 1.336639374494552612e-02 2.253985591232776642e-02 2.096191234886646271e-02 2.561052888631820679e-02 6.546286400407552719e-03 6.983372848480939865e-03 2.551357029005885124e-03 8.370469440706074238e-04 2.188571915030479431e-02 4.159215465188026428e-02 2.548351138830184937e-02 1.062007900327444077e-02 2.463167347013950348e-02 4.801713302731513977e-02 3.366654738783836365e-02 8.534297347068786621e-03 5.277570802718400955e-03 9.303494356572628021e-03 1.596334762871265411e-02 1.618910208344459534e-02 4.448919557034969330e-03 7.422705180943012238e-03 1.528349798172712326e-02 5.264571867883205414e-03 1.137521350756287575e-03 9.592464193701744080e-03 2.087395638227462769e-02 1.795153319835662842e-02 2.016908116638660431e-02 9.010253474116325378e-03 1.823345385491847992e-02 3.527638968080282211e-03 2.305628545582294464e-02 5.772890523076057434e-03 1.654587313532829285e-02 2.429233491420745850e-02 3.093871660530567169e-02 1.542850490659475327e-02 5.153372883796691895e-03
1.366619486361742020e-02 1.050876453518867493e-03 7.094860076904296875e-03 1.242249272763729095e-02 5.213635042309761047e-03 2.981190569698810577e-02 3.998700994998216629e-03 1.188196591101586819e-03 2.489893324673175812e-02 4.497324116528034210e-03 5.229487549513578415e-03 8.361595869064331055e-01 7.743260823190212250e-03 6.660337001085281372e-02 9.676509536802768707e-03 3.239794168621301651e-03 1.491390285082161427e-03 1.832986483350396156e-03 2.877265401184558868e-02 2.866126596927642822e-03 6.963456049561500549e-03 2.921295911073684692e-02 3.361542895436286926e-02 2.563078887760639191e-02 1.012447290122509003e-02 1.393602113239467144e-03 1.450159400701522827e-02 3.088150918483734131e-02 3.205528855323791504e-02 1.776123233139514923e-02 2.565156482160091400e-02 2.463142760097980499e-02 3.465405106544494629e-02 1.282781828194856644e-02 1.145333237946033478e-02 7.655330002307891846e-03 4.292486701160669327e-03 7.501714862883090973e-03 2.326076151803135872e-03 5.948017351329326630e-03 3.181024454534053802e-03 7.839994505047798157e-03 5.404453258961439133e-03 1.438597310334444046e-02 3.011419624090194702e-02 1.515462063252925873e-02 7.212272845208644867e-03 3.127743303775787354e-02 2.291109040379524231e-02 1.213419623672962189e-02 1.180868968367576599e-02 2.539160847663879395e-02 1.240198500454425812e-02 2.320222556591033936e-02 9.692769497632980347e-03 4.221029579639434814e-03 1.341531146317720413e-02 1.991160679608583450e-03 1.451918855309486389e-02 8.619422093033790588e-03 3.030880726873874664e-02 8.299014531075954437e-03 3.859880194067955017e-02 1.633865945041179657e-02 3.839225275442004204e-03 8.971855975687503815e-03 1.401160005480051041e-02 1.799737662076950073e-02 6.283652968704700470e-03 1.295276172459125519e-02 3.045823657885193825e-03 7.957849651575088501e-03 4.873858299106359482e-03 4.362570587545633316e-03 8.267725817859172821e-03 1.010710000991821289e-02 2.862115949392318726e-02 6.850695703178644180e-03 1.619645021855831146e-02 2.681644074618816376e-02 1.121386978775262833e-02 1.059780269861221313e-02 2.196571789681911469e-02 1.117772515863180161e-02 3.305707499384880066e-02 3.217230318114161491e-03 1.261922158300876617e-02 4.989979424863122404e-05 2.600962482392787933e-02 1.687781885266304016e-02 2.182089723646640778e-02 7.823396474123001099e-03 4.208971187472343445e-02 5.972573999315500259e-03 4.939447622746229172e-03 9.441809728741645813e-03 1.988175883889198303e-02 3.438401222229003906e-02 2.024782635271549225e-02 1.892862282693386078e-02 8.830347098410129547e-03 2.537490334361791611e-03 8.246967568993568420e-03 2.771048620343208313e-02 2.493550768122076988e-03 1.385197136551141739e-02 3.084373660385608673e-02 2.364212274551391602e-02 1.256246026605367661e-02 1.089973724447190762e-03 1.402103574946522713e-03 1.449333736672997475e-03 2.296283654868602753e-02 1.409329939633607864e-02 9.337874129414558411e-03 2.148731844499707222e-03
5.933691933751106262e-02 6.135512515902519226e-02 1.219961699098348618e-02 2.567402273416519165e-02 1.321779098361730576e-02 5.310350283980369568e-02 5.593712627887725830e-02 1.269820984452962875e-02 1.834706030786037445e-02 2.372798509895801544e-02 5.188779532909393311e-02 7.743260823190212250e-03 8.361595869064331055e-01 1.650439761579036713e-02 8.986679022200405598e-04 8.703320287168025970e-03 5.516987876035273075e-04 1.755580306053161621e-02 1.503327116370201111e-02 3.032884746789932251e-02 2.336865849792957306e-02 3.614912508055567741e-03 2.080507017672061920e-02 1.966740749776363373e-02 2.875098725780844688e-03 1.438370347023010254e-02 1.677172956988215446e-03 2.652906440198421478e-02 1.814947091042995453e-02 2.472044155001640320e-02 6.950465962290763855e-03 1.292222365736961365e-02 5.614164751023054123e-03 1.709582656621932983e-02 9.007927030324935913e-03 7.747468072921037674e-03 8.742631413042545319e-03 4.099165089428424835e-03 5.333620589226484299e-03 6.501326803117990494e-03 2.170214196667075157e-03 1.277556829154491425e-02 2.707986161112785339e-02 2.968299086205661297e-04 3.012398816645145416e-02 3.301216661930084229e-02 5.181026086211204529e-02 5.952719226479530334e-02 4.398192279040813446e-03 9.241287596523761749e-03 1.264467276632785797e-02 2.655828371644020081e-02 2.308923006057739258e-02 2.061248570680618286e-02 6.465811748057603836e-03 3.768670430872589350e-04 3.365790005773305893e-03 1.319236308336257935e-02 2.267101779580116272e-02 3.742082417011260986e-02 1.655327342450618744e-02 9.360156022012233734e-03 1.128590572625398636e-02 1.062843389809131622e-02 3.338473662734031677e-02 4.792203754186630249e-02 2.408211492002010345e-02 1.192115340381860733e-02 8.975078351795673370e-03 1.012140139937400818e-02 7.729354314506053925e-03 6.559934001415967941e-03 3.500842722132802010e-03 9.276812896132469177e-03 1.419964991509914398e-02 8.883526548743247986e-03 4.960364662110805511e-03 1.563422568142414093e-02 2.671486325562000275e-02 2.809312194585800171e-02 2.360703656449913979e-03 7.363465614616870880e-03 6.401279941201210022e-03 1.859023934230208397e-03 7.013467838987708092e-04 1.881413720548152924e-02 1.827387884259223938e-02 3.515573590993881226e-02 7.456090301275253296e-03 2.073303796350955963e-02 3.402362018823623657e-02 1.013232115656137466e-02 2.647222578525543213e-02 3.856805711984634399e-02 1.666656509041786194e-02 2.056699991226196289e-02 1.191965118050575256e-02 2.684947801753878593e-03 1.127862557768821716e-02 1.889395900070667267e-02 9.079583105631172657e-04 6.992617272771894932e-04 3.287604544311761856e-03 1.748930104076862335e-02 6.266261450946331024e-03 1.833722740411758423e-02 1.542259939014911652e-03 8.900852408260107040e-04 3.878910792991518974e-03 1.839141920208930969e-02 4.656170960515737534e-03 1.160336937755346298e-02 1.625017076730728149e-02 2.142331562936306000e-02 2.606086060404777527e-02 2.738964278250932693e-03
