8.335303664207458496e-01 6.366287916898727417e-02 1.955486461520195007e-02 4.559490829706192017e-03 1.334478054195642471e-02 5.557928606867790222e-02 4.841980338096618652e-02 1.047972124069929123e-02 1.597129972651600838e-03 1.893145218491554260e-02 6.016706302762031555e-02 5.930208135396242142e-03 5.748473107814788818e-02 2.270098542794585228e-03 1.368918176740407944e-02 1.257943804375827312e-03 1.263258326798677444e-02 5.487500689923763275e-03 2.061093226075172424e-02 1.957667060196399689e-03 3.055489808320999146e-02 1.467086933553218842e-02 1.667653955519199371e-02 4.590928554534912109e-03 2.299177460372447968e-02 1.074211858212947845e-02 3.317790804430842400e-03 9.220877662301063538e-03 2.091993950307369232e-02 3.812107723206281662e-03 2.004194632172584534e-02 1.802694238722324371e-02 2.613076008856296539e-02 2.995375730097293854e-02 2.107159607112407684e-02 1.615899056196212769e-02 2.008808590471744537e-02 1.371113117784261703e-02 2.419846691191196442e-02 1.904731057584285736e-02 4.923679865896701813e-03 2.059097960591316223e-02 2.124344930052757263e-02 1.474587013944983482e-03 2.592589939013123512e-03 1.406516507267951965e-02 5.738484114408493042e-02 3.161530941724777222e-02 3.282256051898002625e-02 2.958387508988380432e-02 8.441337384283542633e-03 5.747951567173004150e-03 8.118380792438983917e-03 7.087767124176025391e-03 2.533694542944431305e-02 2.773930877447128296e-02 1.622400246560573578e-02 8.734432049095630646e-03 4.049580078572034836e-03 1.679024472832679749e-02 6.701805628836154938e-03 1.245658472180366516e-02 4.380897618830204010e-03 1.463292748667299747e-03 3.840136528015136719e-02 4.053278639912605286e-02 9.063263423740863800e-03 2.189684286713600159e-02 4.766422323882579803e-03 2.629549009725451469e-03 2.134471200406551361e-03 9.582281112670898438e-03 1.129871379816904664e-04 9.075947105884552002e-03 4.804298747330904007e-03 1.846793852746486664e-02 1.001200056634843349e-03 1.001860713586211205e-03 1.801092922687530518e-02 2.207393944263458252e-02 1.474923803471028805e-03 1.176109816879034042e-02 8.276742883026599884e-03 6.238746922463178635e-03 9.635846130549907684e-03 2.788762003183364868e-02 2.620621118694543839e-03 2.139235846698284149e-03 1.375561859458684921e-02 6.553179118782281876e-03 2.321261912584304810e-02 1.151223201304674149e-02 1.790425553917884827e-02 4.361572489142417908e-02 2.538916096091270447e-02 1.430783513933420181e-02 2.978195436298847198e-03 1.969262585043907166e-02 2.005968429148197174e-02 2.710276655852794647e-02 2.111492305994033813e-02 2.981078997254371643e-02 1.655503921210765839e-02 3.336540982127189636e-02 2.163634262979030609e-02 3.481583297252655029e-02 1.776926219463348389e-02 2.286636084318161011e-02 2.094542421400547028e-02 2.541378512978553772e-02 2.204889664426445961e-03 9.612881578505039215e-03 7.971754297614097595e-03 1.364934910088777542e-02 1.633326523005962372e-03 1.061325147747993469e-02
6.366287916898727417e-02 8.335303664207458496e-01 8.507297374308109283e-03 1.519689988344907761e-02 1.139969751238822937e-02 5.068710446357727051e-02 6.336467713117599487e-02 3.512180177494883537e-03 3.329262835904955864e-03 4.000889137387275696e-03 5.614846572279930115e-02 1.120658591389656067e-02 7.383172959089279175e-02 7.372596301138401031e-03 1.289313565939664841e-02 5.341033102013170719e-04 5.183435860089957714e-04 1.486488804221153259e-02 9.078011848032474518e-03 1.301345787942409515e-02 1.168544031679630280e-02 2.864368259906768799e-02 2.263776399195194244e-02 7.759732659906148911e-03 2.101100794970989227e-02 6.052275188267230988e-03 6.977508310228586197e-03 2.016513608396053314e-03 4.846676252782344818e-03 9.057120769284665585e-05 2.757893130183219910e-02 1.481712237000465393e-02 2.775169909000396729e-02 1.214297115802764893e-02 1.625147648155689240e-02 1.229142956435680389e-02 3.139522857964038849e-03 2.211906015872955322e-03 1.618278026580810547e-02 1.650700718164443970e-02 1.490971725434064865e-02 1.439238432794809341e-02 1.045832410454750061e-02 1.451535988599061966e-02 1.399091724306344986e-02 7.723705843091011047e-03 4.020439088344573975e-02 3.853133693337440491e-02 2.227406576275825500e-02 2.030901610851287842e-02 6.742076948285102844e-03 5.398381035774946213e-03 2.353431843221187592e-02 1.353005040436983109e-02 2.145566232502460480e-02 1.470754668116569519e-02 1.259805914014577866e-02 6.164953578263521194e-03 1.435662899166345596e-02 1.074127270840108395e-03 1.458946149796247482e-02 1.462392229586839676e-02 3.921917639672756195e-03 6.932274438440799713e-03 3.702403232455253601e-02 4.174570366740226746e-02 2.995906863361597061e-03 5.731703247874975204e-03 1.095427293330430984e-02 1.623474434018135071e-02 1.380249485373497009e-02 2.040989347733557224e-04 1.269825641065835953e-02 7.007244974374771118e-03 5.768071394413709641e-03 1.866573840379714966e-02 1.312438305467367172e-02 2.641609753482043743e-04 1.392397843301296234e-02 1.438596658408641815e-02 1.439072471112012863e-02 7.804705528542399406e-04 7.168107200413942337e-03 5.907212849706411362e-03 3.652400802820920944e-03 1.754161529242992401e-02 1.563985715620219707e-03 1.879770075902342796e-03 3.897036658599972725e-03 8.108131587505340576e-03 1.050967024639248848e-03 2.063659764826297760e-02 2.630262449383735657e-02 2.667470462620258331e-02 1.745385676622390747e-02 2.759675029665231705e-03 4.440038464963436127e-03 9.152404963970184326e-03 1.779770664870738983e-02 2.415029890835285187e-02 1.725879684090614319e-02 2.650233358144760132e-02 1.289872732013463974e-02 2.055493555963039398e-02 1.279690954834222794e-02 2.508403919637203217e-02 1.404667738825082779e-02 1.483963150531053543e-02 2.079090662300586700e-02 1.601811870932579041e-02 6.312274839729070663e-03 2.377683296799659729e-02 3.609100356698036194e-03 1.412021834403276443e-02 7.678247522562742233e-03 5.962895229458808899e-03
1.955486461520195007e-02 8.507297374308109283e-03 8.335303664207458496e-01 5.906059406697750092e-03 1.949388906359672546e-02 2.893110038712620735e-03 3.849513828754425049e-03 3.795050457119941711e-02 1.877203211188316345e-02 1.721993274986743927e-02 2.082940749824047089e-02 9.917723014950752258e-03 1.724793389439582825e-02 6.638976745307445526e-03 2.521134540438652039e-02 2.545502409338951111e-02 4.044616129249334335e-03 1.390026602894067764e-02 9.444028139114379883e-03 2.113650552928447723e-02 1.603805576451122761e-04 7.168854121118783951e-03 3.500326722860336304e-02 3.319806605577468872e-02 2.268655225634574890e-02 1.740629598498344421e-02 1.538471877574920654e-02 8.261508774012327194e-04 4.878009669482707977e-03 2.363633597269654274e-03 3.778146055992692709e-04 3.459334373474121094e-02 2.079429104924201965e-02 3.932469710707664490e-02 2.547483704984188080e-02 2.796792797744274139e-02 7.043079007416963577e-03 2.856097184121608734e-02 3.172852843999862671e-02 3.756606206297874451e-02 2.559806453064084053e-03 1.204954460263252258e-02 1.759666763246059418e-02 2.780602686107158661e-02 5.168225150555372238e-03 1.634065993130207062e-02 1.175807137042284012e-02 6.440432742238044739e-03 1.736480370163917542e-02 1.977889798581600189e-02 1.395877450704574585e-02 1.446724403649568558e-02 4.606349859386682510e-03 1.487901667132973671e-03 4.142996389418840408e-03 2.305118739604949951e-02 2.653126046061515808e-02 1.441740430891513824e-02 4.617722705006599426e-03 9.511513635516166687e-03 2.088392898440361023e-02 1.261372119188308716e-02 8.542763069272041321e-03 1.887991651892662048e-02 1.067781820893287659e-02 1.715576462447643280e-02 1.757535710930824280e-02 8.501320146024227142e-03 2.567862905561923981e-02 1.325116399675607681e-02 1.589130423963069916e-02 2.981263026595115662e-02 3.663711016997694969e-03 1.564511656761169434e-02 3.226954489946365356e-03 4.771396517753601074e-03 4.672514740377664566e-03 1.244891667738556862e-03 7.698902394622564316e-03 1.013071183115243912e-02 2.180202864110469818e-02 2.638685703277587891e-02 1.019989885389804840e-02 2.221663482487201691e-02 1.897653006017208099e-02 2.092790976166725159e-02 2.051019482314586639e-02 1.067539956420660019e-02 6.040296982973814011e-03 7.657360285520553589e-03 7.156017702072858810e-03 9.428692981600761414e-03 6.486692931503057480e-03 7.285658270120620728e-03 2.354939095675945282e-02 1.315345242619514465e-02 1.735327206552028656e-02 4.304924048483371735e-03 3.311145678162574768e-02 3.118845820426940918e-02 4.147163592278957367e-03 1.171627454459667206e-02 9.736971929669380188e-03 1.411238498985767365e-02 1.080867089331150055e-02 1.419292390346527100e-02 4.751800559461116791e-03 2.531605772674083710e-02 1.267623621970415115e-02 8.952986449003219604e-03 1.939950883388519287e-02 8.761673234403133392e-03 1.311257481575012207e-02 2.135127969086170197e-02 1.548928022384643555e-02 1.085987687110900879e-02
4.559490829706192017e-03 1.519689988344907761e-02 5.906059406697750092e-03 8.335303664207458496e-01 2.016861923038959503e-02 2.056908234953880310e-02 2.457444928586483002e-02 1.215653494000434875e-02 4.143648315221071243e-03 9.009970352053642273e-03 2.100012637674808502e-02 2.158224768936634064e-02 1.418625190854072571e-02 1.735333912074565887e-02 2.073685638606548309e-02 1.857534423470497131e-02 9.578951285220682621e-04 2.530733682215213776e-02 1.301433332264423370e-02 2.724187076091766357e-02 7.827859371900558472e-03 1.642580516636371613e-02 4.591118078678846359e-03 8.776058675721287727e-04 2.759635820984840393e-02 2.467440068721771240e-02 6.079334300011396408e-03 1.974151097238063812e-02 3.286018967628479004e-03 1.720409467816352844e-02 1.867385767400264740e-02 9.174048900604248047e-03 1.247748173773288727e-02 9.415155276656150818e-03 2.519845776259899139e-02 8.228881284594535828e-03 1.636314578354358673e-02 3.512768307700753212e-05 1.683207973837852478e-02 9.677466936409473419e-03 6.976500619202852249e-03 6.403431762009859085e-03 9.096447378396987915e-03 1.528777834028005600e-02 5.585150327533483505e-03 1.711408421397209167e-02 1.917950063943862915e-02 6.808026693761348724e-03 5.038869567215442657e-03 8.239540271461009979e-03 2.000140398740768433e-02 3.895501419901847839e-02 3.574457764625549316e-02 3.263989463448524475e-02 1.392654702067375183e-02 1.509536756202578545e-03 1.564649492502212524e-02 2.409873157739639282e-02 3.481715172529220581e-02 3.025660058483481407e-03 2.740158326923847198e-02 1.601819694042205811e-02 2.925091795623302460e-02 1.662180759012699127e-02 1.953454501926898956e-02 2.676993422210216522e-02 1.892000809311866760e-02 1.579735614359378815e-02 1.102929282933473587e-02 8.830909617245197296e-03 1.829519309103488922e-02 1.414564065635204315e-02 4.977882653474807739e-02 9.660987183451652527e-03 7.329918444156646729e-03 1.097445469349622726e-02 2.713674306869506836e-02 3.384547680616378784e-02 1.622102595865726471e-02 1.297319680452346802e-02 1.659270562231540680e-02 5.707063712179660797e-03 1.056847721338272095e-02 6.132580805569887161e-03 1.255872566252946854e-02 8.002787828445434570e-03 3.042420186102390289e-02 1.896514731924980879e-04 3.094025515019893646e-02 4.308140650391578674e-02 6.302134133875370026e-03 3.402506001293659210e-03 1.540275849401950836e-02 1.539263688027858734e-02 1.028535887598991394e-02 7.555384188890457153e-03 1.179374568164348602e-02 1.482409238815307617e-02 3.786124056205153465e-03 1.830700598657131195e-02 2.479865681380033493e-03 1.563168503344058990e-02 1.492097135633230209e-02 1.029579993337392807e-02 1.114255469292402267e-02 2.477034553885459900e-02 1.204872597008943558e-02 1.455166470259428024e-02 5.710725672543048859e-03 3.469299757853150368e-03 1.338317431509494781e-02 5.204999353736639023e-03 2.263901010155677795e-02 3.690936043858528137e-02 2.586866170167922974e-02 6.563974078744649887e-03
1.334478054195642471e-02 1.139969751238822937e-02 1.949388906359672546e-02 2.016861923038959503e-02 8.335303664207458496e-01 1.008308399468660355e-02 1.137876696884632111e-02 8.588737808167934418e-03 5.159995984286069870e-03 1.517315581440925598e-02 1.781881670467555523e-03 1.184896659106016159e-02 9.785841219127178192e-03 2.400543913245201111e-02 1.553574111312627792e-02 3.482429310679435730e-02 2.579567022621631622e-02 2.435778640210628510e-02 1.090750470757484436e-02 2.007962204515933990e-02 1.789979578461498022e-04 1.330000907182693481e-02 2.884035930037498474e-02 2.680735290050506592e-02 8.682359009981155396e-03 4.016439896076917648e-03 1.228079572319984436e-02 1.972469687461853027e-02 1.536105666309595108e-02 1.626726589165627956e-04 1.743724755942821503e-02 5.475639365613460541e-03 1.893861102871596813e-03 1.870065694674849510e-03 1.358980499207973480e-02 1.210877671837806702e-02 8.973867632448673248e-03 7.546173408627510071e-03 1.655660453252494335e-03 6.039162725210189819e-02 4.468597006052732468e-03 8.523025549948215485e-03 1.242715120315551758e-02 4.298008978366851807e-03 5.128839518874883652e-03 1.096789073199033737e-02 3.324945224449038506e-03 1.156780286692082882e-03 1.704446389339864254e-03 1.416272297501564026e-02 1.304919645190238953e-02 2.008543722331523895e-02 1.455187145620584488e-02 6.084926892071962357e-03 8.269839920103549957e-03 8.877711370587348938e-03 2.724546566605567932e-02 1.887539401650428772e-02 7.756466511636972427e-03 3.881374141201376915e-03 1.104410388506948948e-03 8.036672137677669525e-03 3.042453667148947716e-03 1.065121591091156006e-02 7.239305879920721054e-03 2.403531456366181374e-03 1.250920351594686508e-02 3.349770558997988701e-03 7.175928447395563126e-03 3.549429029226303101e-02 7.542651612311601639e-03 2.295186556875705719e-02 9.923540987074375153e-03 3.513165935873985291e-02 1.176036428660154343e-02 1.845764741301536560e-02 9.142971597611904144e-03 9.549813345074653625e-03 5.314448848366737366e-03 1.586090959608554840e-02 4.428104497492313385e-03 3.360901772975921631e-02 1.461748126894235611e-02 4.531196132302284241e-02 8.415958844125270844e-03 3.393579972907900810e-03 1.728572184219956398e-03 9.198574349284172058e-03 3.471956355497241020e-03 1.074726134538650513e-02 3.911634441465139389e-03 1.548413839191198349e-02 9.236344136297702789e-03 2.073992602527141571e-02 2.119340375065803528e-02 2.226717770099639893e-02 4.201037436723709106e-02 1.902184635400772095e-02 1.683933846652507782e-02 1.027379371225833893e-02 6.101968232542276382e-03 1.105743087828159332e-02 1.718520931899547577e-02 1.260493788868188858e-02 3.424269845709204674e-03 5.392759572714567184e-03 9.175322018563747406e-03 1.846498809754848480e-02 3.031710395589470863e-03 3.688985854387283325e-02 3.487046808004379272e-03 2.035743556916713715e-02 1.142415497452020645e-02 6.585347466170787811e-03 2.289546281099319458e-02 1.295327860862016678e-02
5.557928606867790222e-02 5.068710446357727051e-02 2.893110038712620735e-03 2.056908234953880310e-02 1.008308399468660355e-02 8.335303664207458496e-01 7.742740958929061890e-02 6.920113228261470795e-04 1.843890734016895294e-02 1.039346959441900253e-02 5.002572387456893921e-02 2.469096705317497253e-02 4.790998995304107666e-02 1.698338240385055542e-02 1.722673140466213226e-02 2.451440505683422089e-02 2.654596231877803802e-02 3.284861333668231964e-03 1.731538027524948120e-02 1.090984675101935863e-03 1.423842739313840866e-02 3.027902171015739441e-02 1.068646088242530823e-02 2.588257566094398499e-02 1.534077152609825134e-02 8.126267232000827789e-03 2.108001522719860077e-02 2.011428400874137878e-02 3.988013602793216705e-03 1.416781358420848846e-02 1.890535466372966766e-02 7.187734823673963547e-03 1.557540055364370346e-02 6.575505714863538742e-03 1.231531985104084015e-02 1.432409696280956268e-02 2.359701693058013916e-02 1.455555669963359833e-02 1.921898126602172852e-02 6.440028548240661621e-03 2.684001810848712921e-03 1.318276207894086838e-02 1.684121415019035339e-02 5.241397768259048462e-03 3.003675490617752075e-03 1.606968604028224945e-02 6.638353317975997925e-02 9.007730521261692047e-03 1.349669136106967926e-02 1.564551703631877899e-02 3.312091575935482979e-03 5.242285784333944321e-03 3.950043115764856339e-03 1.251951698213815689e-02 1.427557040005922318e-02 5.951234605163335800e-03 1.838484313338994980e-03 9.433644823729991913e-03 1.115179806947708130e-02 1.066475920379161835e-02 5.108925397507846355e-04 9.305595420300960541e-03 6.926304660737514496e-03 1.556246448308229446e-02 2.337640896439552307e-02 3.421433642506599426e-02 8.781921118497848511e-03 2.399031538516283035e-03 1.646824367344379425e-02 2.581658074632287025e-03 3.164533758535981178e-03 1.006596721708774567e-02 3.431451041251420975e-03 3.654673695564270020e-03 1.055662892758846283e-02 2.869690023362636566e-02 2.197666181018576026e-04 7.625557947903871536e-03 1.827966421842575073e-02 2.756590023636817932e-02 2.371108566876500845e-04 4.708496853709220886e-03 8.983331732451915741e-03 1.530433166772127151e-02 7.750328164547681808e-03 1.894253492355346680e-02 9.179726243019104004e-03 1.786783710122108459e-02 1.695784703770186752e-05 2.008319459855556488e-02 1.893158187158405781e-03 1.740957982838153839e-02 1.868708641268312931e-03 5.032050609588623047e-02 1.058790087699890137e-02 9.964763186872005463e-03 1.251844782382249832e-02 3.665416035801172256e-03 4.299938213080167770e-03 1.623067446053028107e-02 1.061868388205766678e-02 1.793354377150535583e-02 3.154496953357011080e-04 7.742819376289844513e-03 5.745872389525175095e-03 3.480482101440429688e-02 5.891295149922370911e-03 1.081309467554092407e-02 1.320083253085613251e-02 1.411435194313526154e-02 4.566242860164493322e-04 9.075839072465896606e-03 5.742379929870367050e-03 5.110565572977066040e-03 4.660221748054027557e-03 2.632802119478583336e-03
4.841980338096618652e-02 6.336467713117599487e-02 3.849513828754425049e-03 2.457444928586483002e-02 1.137876696884632111e-02 7.742740958929061890e-02 8.335303664207458496e-01 4.453179644769988954e-05 1.557409204542636871e-02 4.727158229798078537e-03 5.687247216701507568e-02 9.035960771143436432e-03 5.796945467591285706e-02 9.828519076108932495e-03 2.440080977976322174e-02 1.407337561249732971e-02 1.318291854113340378e-02 1.676401821896433830e-03 1.688116928562521935e-03 9.590701200067996979e-03 1.977432146668434143e-02 3.624786809086799622e-02 3.048664657399058342e-03 1.439911127090454102e-02 2.633472345769405365e-02 8.770239539444446564e-03 2.129783853888511658e-02 8.971074596047401428e-03 8.540853857994079590e-03 5.018989089876413345e-03 4.199651628732681274e-02 4.203995689749717712e-03 1.544517558068037033e-02 1.793095376342535019e-03 1.272144541144371033e-02 1.398567575961351395e-02 1.626123115420341492e-02 1.340747252106666565e-02 1.609607599675655365e-02 9.663121774792671204e-03 7.430758327245712280e-03 1.101375743746757507e-02 1.013949140906333923e-02 1.717773964628577232e-03 9.799316525459289551e-03 1.071035582572221756e-02 4.613739252090454102e-02 4.621066525578498840e-02 1.371535751968622208e-02 1.828884705901145935e-02 5.363752716220915318e-04 1.722048223018646240e-02 1.111329346895217896e-02 2.041215822100639343e-02 1.260873768478631973e-02 9.854080155491828918e-03 9.477606043219566345e-03 1.122434437274932861e-02 1.893648505210876465e-02 7.741133216768503189e-03 9.560707025229930878e-03 1.655129157006740570e-02 5.066999234259128571e-03 4.790069069713354111e-03 4.068132489919662476e-02 4.498641565442085266e-02 1.004011486656963825e-03 4.037870559841394424e-03 5.427407566457986832e-03 3.653348982334136963e-02 1.144803874194622040e-02 3.130338620394468307e-03 1.748176664113998413e-02 1.819566637277603149e-02 8.681843057274818420e-03 1.955287531018257141e-02 7.869833149015903473e-03 1.456796191632747650e-03 1.192614436149597168e-02 5.571205634623765945e-03 1.941335969604551792e-03 8.952841162681579590e-04 1.667118817567825317e-02 2.464721351861953735e-02 1.556399278342723846e-03 1.326264906674623489e-02 8.852779865264892578e-03 3.009966341778635979e-03 7.506507914513349533e-03 1.018471270799636841e-02 4.063124768435955048e-03 3.920491412281990051e-02 3.738784417510032654e-02 3.946398943662643433e-02 6.964406464248895645e-03 2.461423398926854134e-03 1.386398263275623322e-02 7.292425725609064102e-03 2.493127714842557907e-03 2.062463574111461639e-02 1.354904286563396454e-02 1.961335912346839905e-02 3.333124099299311638e-03 6.399929989129304886e-03 5.664545111358165741e-03 2.428669854998588562e-02 1.870014332234859467e-02 7.493582554161548615e-03 1.191692519932985306e-02 6.122326478362083435e-03 7.853962481021881104e-03 4.959112964570522308e-03 1.921016490086913109e-03 8.744858205318450928e-03 3.578302217647433281e-03 3.592564724385738373e-03
1.047972124069929123e-02 3.512180177494883537e-03 3.795050457119941711e-02 1.215653494000434875e-02 8.588737808167934418e-03 6.920113228261470795e-04 4.453179644769988954e-05 8.335303664207458496e-01 1.065481547266244888e-02 1.312680821865797043e-02 7.853711023926734924e-03 6.216192618012428284e-03 6.768955849111080170e-03 6.112395785748958588e-03 3.916096687316894531e-02 9.844872169196605682e-03 4.506922326982021332e-03 1.295527257025241852e-02 1.947615854442119598e-02 2.180526778101921082e-02 2.555364044383168221e-03 2.532298304140567780e-02 2.242982387542724609e-02 1.989722996950149536e-02 2.232792787253856659e-02 2.036867104470729828e-02 9.678444825112819672e-03 5.019566975533962250e-03 8.941054344177246094e-03 1.479878835380077362e-02 6.795238703489303589e-03 2.820447832345962524e-02 9.543461725115776062e-03 2.747677266597747803e-02 2.544628828763961792e-02 2.422980219125747681e-02 6.956650409847497940e-03 2.709368430078029633e-02 2.784041687846183777e-02 1.415468286722898483e-02 2.077941782772541046e-02 2.031781338155269623e-02 2.430504001677036285e-02 2.512251958250999451e-02 2.098881825804710388e-02 2.961706742644309998e-02 2.718919189646840096e-03 2.537488704547286034e-03 2.549689821898937225e-02 2.191012352705001831e-02 1.590848341584205627e-02 2.322495914995670319e-02 2.919495105743408203e-02 1.565033756196498871e-02 1.184840593487024307e-02 2.625612169504165649e-02 2.513621561229228973e-02 1.972201047465205193e-03 1.021840795874595642e-02 1.197636406868696213e-02 2.398131601512432098e-02 1.396350096911191940e-02 6.995073636062443256e-04 1.305731013417243958e-02 2.327368594706058502e-03 2.011018805205821991e-03 2.966593019664287567e-02 1.690670102834701538e-02 1.603267341852188110e-02 6.325022317469120026e-03 5.864641861990094185e-04 3.566172672435641289e-03 6.055219098925590515e-03 7.560561411082744598e-03 5.354695022106170654e-03 7.916728965938091278e-03 2.504751551896333694e-03 1.285699254367500544e-04 1.764187403023242950e-02 2.999369800090789795e-02 3.950001671910285950e-02 3.880331292748451233e-02 3.171442775055766106e-03 2.793926000595092773e-02 3.111249767243862152e-02 2.573275379836559296e-02 3.956139087677001953e-02 2.973544597625732422e-02 9.621498174965381622e-03 1.308121159672737122e-02 1.781571190804243088e-04 1.989528909325599670e-02 2.210071252193301916e-04 1.404576096683740616e-02 1.556086447089910507e-02 9.872282389551401138e-04 4.059481434524059296e-03 1.627801102586090565e-03 2.937504462897777557e-02 2.209988608956336975e-02 1.759232953190803528e-02 2.023228816688060760e-02 2.396756038069725037e-02 9.851912036538124084e-03 3.109426237642765045e-02 1.675056666135787964e-02 9.002372622489929199e-03 3.116555884480476379e-02 1.633409224450588226e-02 3.217463567852973938e-02 1.993353664875030518e-02 1.572092249989509583e-02 2.317848242819309235e-02 2.329532057046890259e-02 2.553588338196277618e-02 2.967150416225194931e-03
1.597129972651600838e-03 3.329262835904955864e-03 1.877203211188316345e-02 4.143648315221071243e-03 5.159995984286069870e-03 1.843890734016895294e-02 1.557409204542636871e-02 1.065481547266244888e-02 8.335303664207458496e-01 3.062015213072299957e-02 2.735526533797383308e-03 3.236299008131027222e-02 1.096177566796541214e-02 8.722092956304550171e-03 9.427624754607677460e-03 1.398120447993278503e-02 1.720713451504707336e-02 4.658985882997512817e-02 2.684728801250457764e-02 9.430588223040103912e-03 4.609806463122367859e-03 2.423426881432533264e-02 4.645477980375289917e-02 3.058784268796443939e-02 2.173689426854252815e-03 1.292149815708398819e-02 1.371450070291757584e-02 2.273367159068584442e-02 8.443390019237995148e-03 4.669101035688072443e-04 5.331052001565694809e-03 1.872060447931289673e-02 7.311341352760791779e-03 9.700204245746135712e-03 3.501971485093235970e-03 1.105458196252584457e-02 5.259599536657333374e-03 6.136293988674879074e-03 8.494524285197257996e-03 4.467954859137535095e-03 3.470876952633261681e-03 2.024611458182334900e-02 6.030423566699028015e-03 1.585814543068408966e-02 2.671166730578988791e-04 1.462065801024436951e-02 6.556679960340261459e-03 7.536009419709444046e-03 2.544647082686424255e-03 2.471103507559746504e-04 1.650164718739688396e-03 1.237514428794384003e-02 1.245744340121746063e-02 1.178286690264940262e-02 3.009572438895702362e-02 3.818739438429474831e-03 3.318632394075393677e-02 2.225541323423385620e-02 1.175917685031890869e-02 3.939324989914894104e-02 3.950038179755210876e-02 2.332338318228721619e-02 1.566815073601901531e-03 2.397286705672740936e-03 1.891465485095977783e-02 1.891216635704040527e-02 4.363990388810634613e-03 2.226504264399409294e-03 4.078399762511253357e-02 1.968575455248355865e-02 2.731905132532119751e-02 3.776741027832031250e-02 1.405364833772182465e-02 1.567403972148895264e-02 1.197034865617752075e-02 3.527547791600227356e-02 7.296052575111389160e-02 2.883028797805309296e-02 2.391314506530761719e-02 1.603213255293667316e-03 1.319120451807975769e-02 2.825092815328389406e-04 4.008801653981208801e-02 3.529292345046997070e-02 2.158600650727748871e-02 7.437653839588165283e-03 3.441889770328998566e-03 1.692776335403323174e-03 3.322873637080192566e-02 1.082786638289690018e-02 3.139863535761833191e-02 2.550893404986709356e-04 1.610773801803588867e-02 2.141700126230716705e-02 2.230571582913398743e-02 4.136628005653619766e-03 1.446308940649032593e-02 4.401220008730888367e-02 3.263412788510322571e-02 1.233858335763216019e-02 1.133661624044179916e-02 5.014316178858280182e-03 1.485229935497045517e-03 1.310806535184383392e-02 1.392012182623147964e-02 2.116081677377223969e-02 2.330413786694407463e-03 2.358975820243358612e-03 9.938541799783706665e-03 4.920183680951595306e-03 1.246488559991121292e-02 1.782400719821453094e-02 6.786446087062358856e-03 2.301617059856653214e-03 1.355122542008757591e-03 2.127146348357200623e-02
1.893145218491554260e-02 4.000889137387275696e-03 1.721993274986743927e-02 9.009970352053642273e-03 1.517315581440925598e-02 1.039346959441900253e-02 4.727158229798078537e-03 1.312680821865797043e-02 3.062015213072299957e-02 8.335303664207458496e-01 2.020462974905967712e-02 1.026522181928157806e-02 1.608550362288951874e-02 2.190829999744892120e-02 7.839857600629329681e-03 1.953126862645149231e-02 2.160968724638223648e-03 2.629094012081623077e-02 5.217341333627700806e-02 1.631718594580888748e-03 1.097563002258539200e-02 2.032985165715217590e-02 1.355993561446666718e-02 1.931684836745262146e-02 9.866097941994667053e-03 7.845306769013404846e-03 2.047615684568881989e-02 1.204391010105609894e-03 2.525082789361476898e-03 1.253689988516271114e-04 1.118121016770601273e-02 1.045643445104360580e-02 3.250378882512450218e-03 1.880759187042713165e-02 1.272563636302947998e-02 1.475522760301828384e-02 1.237136311829090118e-02 2.504405332729220390e-03 1.198254432529211044e-02 7.185197900980710983e-03 1.122848223894834518e-02 3.590945154428482056e-02 2.795533463358879089e-02 4.402486141771078110e-03 3.061893954873085022e-02 2.423045597970485687e-02 9.531393647193908691e-03 2.219499088823795319e-02 2.220040932297706604e-02 3.570048511028289795e-02 2.529126405715942383e-02 2.070869505405426025e-02 2.394137205556035042e-03 1.777685992419719696e-02 2.885834686458110809e-02 3.565771877765655518e-02 2.155669033527374268e-02 3.153223916888237000e-02 5.300328135490417480e-03 2.636834105942398310e-04 7.972728461027145386e-03 2.878634631633758545e-02 1.390667911618947983e-02 1.241340488195419312e-02 3.161599859595298767e-03 6.155010778456926346e-03 1.618087850511074066e-02 1.051413547247648239e-02 3.146986244246363640e-03 3.558844700455665588e-02 2.066270634531974792e-02 3.235036507248878479e-02 8.838390000164508820e-03 4.625731334090232849e-02 1.225610170513391495e-02 3.746161982417106628e-02 1.931339129805564880e-02 4.693356901407241821e-02 3.989019244909286499e-02 3.983247652649879456e-02 1.048299949616193771e-02 1.823082193732261658e-02 2.264775335788726807e-02 3.077726252377033234e-02 8.953958749771118164e-03 2.192694880068302155e-02 2.440160140395164490e-03 8.427729830145835876e-03 1.008403487503528595e-02 3.564183786511421204e-02 8.225621655583381653e-03 2.168807387351989746e-02 2.297537215054035187e-02 1.219651009887456894e-02 1.443734019994735718e-02 3.036795742809772491e-02 1.471961569041013718e-02 2.462545968592166901e-02 2.909341827034950256e-02 2.853521704673767090e-02 9.757752530276775360e-03 1.394425332546234131e-02 1.411516778171062469e-02 1.113454625010490417e-02 6.986973807215690613e-03 9.725665673613548279e-03 2.135264920070767403e-03 2.542510256171226501e-02 2.875674283131957054e-03 2.629596367478370667e-02 8.798222057521343231e-03 5.403797142207622528e-03 2.531388588249683380e-02 1.016017608344554901e-02 2.152764424681663513e-02 2.164831850677728653e-03
6.016706302762031555e-02 5.614846572279930115e-02 2.082940749824047089e-02 2.100012637674808502e-02 1.781881670467555523e-03 5.002572387456893921e-02 5.687247216701507568e-02 7.853711023926734924e-03 2.735526533797383308e-03 2.020462974905967712e-02 8.335303664207458496e-01 1.250991690903902054e-02 5.793274566531181335e-02 1.121312286704778671e-02 2.439689636230468750e-02 4.509088583290576935e-03 5.142112262547016144e-03 6.235803011804819107e-03 1.886511407792568207e-02 1.119367312639951706e-02 2.123236842453479767e-02 2.017278410494327545e-02 1.828275434672832489e-02 8.082998916506767273e-03 2.857266925275325775e-02 1.582209393382072449e-02 1.397390197962522507e-02 1.414503622800111771e-02 3.305401280522346497e-02 1.744760386645793915e-02 3.019155003130435944e-02 8.246861398220062256e-03 1.521210744976997375e-02 1.735634543001651764e-02 1.587101444602012634e-02 1.903243921697139740e-02 1.669318974018096924e-02 1.564699783921241760e-02 3.068092279136180878e-02 1.771899312734603882e-02 6.903662811964750290e-03 1.065788418054580688e-02 9.195780381560325623e-03 4.119184799492359161e-03 6.857908330857753754e-03 8.548793382942676544e-03 5.252495780587196350e-02 4.078017547726631165e-02 2.302743308246135712e-02 1.906259357929229736e-02 6.713221315294504166e-03 1.969461143016815186e-02 2.095510438084602356e-02 1.817175000905990601e-02 1.738589443266391754e-02 2.284462936222553253e-02 2.129146829247474670e-02 1.989052258431911469e-02 7.770927157253026962e-03 9.289015084505081177e-03 7.361974567174911499e-03 1.073714438825845718e-02 9.644484147429466248e-03 4.004717804491519928e-03 5.067643895745277405e-02 5.043350532650947571e-02 1.017652731388807297e-02 5.047694779932498932e-03 4.370719660073518753e-03 2.013556100428104401e-02 7.827911525964736938e-03 1.445692870765924454e-02 1.744800247251987457e-02 2.825653413310647011e-03 1.619694754481315613e-02 1.347133331000804901e-02 6.526037119328975677e-03 1.067797653377056122e-02 1.885986328125000000e-02 1.529040373861789703e-02 8.911124896258115768e-04 1.107797678560018539e-02 2.636531833559274673e-03 8.686617948114871979e-03 2.229493344202637672e-03 1.513873226940631866e-02 4.370682581793516874e-04 2.509537851437926292e-03 4.924572422169148922e-04 2.127398923039436340e-02 2.966638468205928802e-02 3.186855837702751160e-02 3.165533766150474548e-02 4.901862516999244690e-02 2.060628496110439301e-02 7.962950505316257477e-03 3.654720727354288101e-03 8.531571365892887115e-03 9.611423127353191376e-03 2.392722479999065399e-02 1.693021506071090698e-02 1.914888061583042145e-02 7.365966681391000748e-03 1.588038727641105652e-02 1.786150224506855011e-02 3.063205443322658539e-02 1.836149767041206360e-02 1.723247393965721130e-02 9.316742420196533203e-03 1.341288443654775620e-02 3.850042121484875679e-03 1.042670197784900665e-02 9.196260012686252594e-03 1.250707637518644333e-02 3.270107554271817207e-03 6.293073296546936035e-03
5.930208135396242142e-03 1.120658591389656067e-02 9.917723014950752258e-03 2.158224768936634064e-02 1.184896659106016159e-02 2.469096705317497253e-02 9.035960771143436432e-03 6.216192618012428284e-03 3.236299008131027222e-02 1.026522181928157806e-02 1.250991690903902054e-02 8.335303664207458496e-01 7.251121569424867630e-03 6.786456704139709473e-02 1.083766669034957886e-02 2.092896774411201477e-02 1.695841550827026367e-02 4.648396279662847519e-03 5.362621508538722992e-03 1.295159477740526199e-02 7.939770817756652832e-03 5.671944818459451199e-04 2.727568149566650391e-02 2.299212850630283356e-02 1.327576022595167160e-02 2.896545454859733582e-02 6.921741645783185959e-03 5.029121041297912598e-02 4.565294459462165833e-02 5.567478016018867493e-02 2.606432512402534485e-02 3.626460907980799675e-03 2.294576726853847504e-03 1.111176423728466034e-02 3.857892239466309547e-03 1.213786751031875610e-02 1.974467001855373383e-02 1.274171005934476852e-02 2.836904488503932953e-02 2.389433607459068298e-02 9.194319136440753937e-03 3.988071810454130173e-03 1.105044875293970108e-02 1.937943627126514912e-03 5.493357311934232712e-03 5.770286079496145248e-03 2.326764725148677826e-02 1.813198067247867584e-02 8.995830081403255463e-03 1.167690940201282501e-02 1.765809021890163422e-02 1.737865619361400604e-02 1.881152391433715820e-02 2.554131299257278442e-02 2.229654928669333458e-03 2.501938026398420334e-03 3.286914899945259094e-02 3.807438910007476807e-02 1.837004348635673523e-02 1.446763612329959869e-02 5.338485818356275558e-03 7.079326314851641655e-04 1.043730042874813080e-02 1.841895282268524170e-02 2.614177390933036804e-02 2.580201812088489532e-02 1.105316076427698135e-02 1.946006203070282936e-03 1.707445085048675537e-02 1.383850164711475372e-02 2.601807750761508942e-02 1.071665994822978973e-02 4.741384461522102356e-02 1.543310564011335373e-02 4.017028585076332092e-02 5.103246308863162994e-03 3.297245875000953674e-02 4.345357790589332581e-02 9.560109116137027740e-03 9.634518064558506012e-03 1.939392089843750000e-02 6.686247070319950581e-04 1.067509222775697708e-02 2.183661051094532013e-02 2.378053590655326843e-02 6.095148157328367233e-03 2.038542740046977997e-02 2.364242076873779297e-02 3.194946795701980591e-02 4.392936825752258301e-02 4.623269662261009216e-02 1.509153563529253006e-02 1.044005341827869415e-02 8.495738729834556580e-04 2.968504093587398529e-03 6.361846346408128738e-03 2.395184477791190147e-03 7.147781434468924999e-04 6.875421386212110519e-04 4.984560073353350163e-04 8.551167557016015053e-04 8.812920190393924713e-03 5.595245398581027985e-03 1.086407690308988094e-03 9.265735745429992676e-03 2.856561681255698204e-03 1.760722324252128601e-02 8.540466427803039551e-03 1.369899790734052658e-02 1.191870681941509247e-02 2.224689535796642303e-02 2.589832991361618042e-02 1.047158427536487579e-02 1.560397446155548096e-02 8.816380868665874004e-04 2.277468331158161163e-02
5.748473107814788818e-02 7.383172959089279175e-02 1.724793389439582825e-02 1.418625190854072571e-02 9.785841219127178192e-03 4.790998995304107666e-02 5.796945467591285706e-02 6.768955849111080170e-03 1.096177566796541214e-02 1.608550362288951874e-02 5.793274566531181335e-02 7.251121569424867630e-03 8.335303664207458496e-01 2.670324640348553658e-03 1.783126033842563629e-02 4.420795477926731110e-03 3.531585680320858955e-03 9.853841736912727356e-03 1.662428118288516998e-02 1.427928684279322624e-03 9.062435477972030640e-03 2.655977196991443634e-02 2.643805928528308868e-02 1.418094895780086517e-02 2.611344493925571442e-02 1.309822313487529755e-02 7.117753848433494568e-03 6.013453938066959381e-03 6.633022334426641464e-03 1.226209104061126709e-02 4.196729511022567749e-02 6.772562861442565918e-03 1.822609081864356995e-02 1.304983999580144882e-02 1.526496093720197678e-02 1.241673994809389114e-02 8.994145318865776062e-03 1.635426096618175507e-02 2.023888193070888519e-02 2.347483113408088684e-02 2.088003326207399368e-03 1.439407933503389359e-02 8.260541595518589020e-03 1.749902847222983837e-03 7.712696678936481476e-03 9.767456911504268646e-03 4.568369686603546143e-02 3.798764571547508240e-02 2.068448439240455627e-02 2.004161477088928223e-02 3.708654083311557770e-03 1.319744903594255447e-02 1.766158826649188995e-02 8.586223237216472626e-03 1.748854666948318481e-02 1.686873659491539001e-02 2.440495043992996216e-02 2.068687416613101959e-02 3.774697193875908852e-03 7.447502110153436661e-03 8.292557671666145325e-03 1.513500977307558060e-02 1.991237280890345573e-03 1.213267259299755096e-02 4.600860550999641418e-02 5.437444150447845459e-02 5.875505972653627396e-03 7.371452637016773224e-03 9.548726491630077362e-03 1.422278769314289093e-02 1.511746738106012344e-02 2.570650540292263031e-03 1.033000275492668152e-02 7.328127394430339336e-04 1.795490458607673645e-02 2.369776926934719086e-02 2.081293426454067230e-02 1.334595680236816406e-02 2.086917310953140259e-02 1.530239544808864594e-02 6.982450373470783234e-03 1.211125869303941727e-02 1.744668232277035713e-03 3.346318611875176430e-03 1.001986954361200333e-02 1.894021965563297272e-02 1.467786030843853951e-03 3.508464898914098740e-03 1.600602269172668457e-02 2.175608091056346893e-02 1.225734222680330276e-02 2.257813327014446259e-02 3.004622645676136017e-02 3.323721140623092651e-02 1.947353035211563110e-02 3.902065334841609001e-03 1.361285452730953693e-03 1.917443424463272095e-02 1.518920809030532837e-02 2.029534056782722473e-02 1.892859302461147308e-02 2.485752291977405548e-02 1.228311564773321152e-02 2.949122339487075806e-02 1.809140667319297791e-02 2.211138233542442322e-02 1.612722873687744141e-02 1.525412127375602722e-02 1.730581186711788177e-02 9.714621119201183319e-03 1.401816774159669876e-02 3.147379495203495026e-03 1.632048748433589935e-03 1.579918712377548218e-02 5.771118681877851486e-03 5.376923363655805588e-03
