8.737974166870117188e-01 3.881325945258140564e-02 1.446741912513971329e-02 9.262737818062305450e-03 1.929458416998386383e-02 3.509635850787162781e-02 3.238580003380775452e-02 2.040804736316204071e-02 8.386976085603237152e-03 1.113618444651365280e-02 3.761542588472366333e-02 1.240476500242948532e-02 3.463596105575561523e-02 1.255345344543457031e-02 2.796694263815879822e-02 7.914639078080654144e-03 9.900039993226528168e-03 8.972108364105224609e-03 4.134670831263065338e-03 2.442516386508941650e-02 2.201043069362640381e-02 2.699949219822883606e-02 1.551874633878469467e-02 1.455798372626304626e-02 1.971881277859210968e-02 1.858103089034557343e-02 2.417693287134170532e-02 6.475908216089010239e-03 3.862461820244789124e-02 7.849824614822864532e-03 3.067804127931594849e-02 1.748668216168880463e-02 1.855621300637722015e-02 1.871112175285816193e-02 1.615932956337928772e-02 2.523733302950859070e-02 2.698985487222671509e-02 1.918656937777996063e-02 1.329788286238908768e-02 1.311710476875305176e-02 2.381371520459651947e-02 1.382958423346281052e-02 1.755154877901077271e-02 5.356756504625082016e-03 1.966374740004539490e-02 1.768202334642410278e-02 3.329038992524147034e-02 3.161977976560592651e-02 1.059368718415498734e-02 1.483848039060831070e-02 2.082166448235511780e-02 2.207781374454498291e-02 2.179436199367046356e-02 2.843922562897205353e-02 7.477621547877788544e-03 9.213506244122982025e-03 1.766479387879371643e-02 1.253113802522420883e-02 1.744930073618888855e-02 2.745325863361358643e-02 9.040874429047107697e-03 1.038556173443794250e-02 1.591077819466590881e-02 8.840708993375301361e-03 2.816722355782985687e-02 2.940212562680244446e-02 2.344917692244052887e-02 2.471386268734931946e-02 1.000299025326967239e-02 1.741683669388294220e-02 1.225890219211578369e-02 2.350948378443717957e-02 6.749310996383428574e-03 1.640653237700462341e-02 1.323751173913478851e-02 1.152099668979644775e-02 1.209305971860885620e-02 1.426592934876680374e-02 1.087999716401100159e-02 1.203655265271663666e-02 2.132328413426876068e-02 1.738400571048259735e-02 1.450810581445693970e-02 7.375127635896205902e-03 1.512529421597719193e-02 1.966854743659496307e-02 2.520766295492649078e-02 2.480001188814640045e-02 6.574900820851325989e-03 4.890345502644777298e-03 3.072165325284004211e-02 1.986392028629779816e-02 2.628104761242866516e-02 2.250857651233673096e-02 9.848118759691715240e-03 1.120884250849485397e-02 3.285775659605860710e-03 1.042428333312273026e-02 1.823699474334716797e-02 1.961895264685153961e-02 2.419545687735080719e-02 2.618936076760292053e-02 6.537758745253086090e-03 1.281757093966007233e-02 1.828043162822723389e-02 2.355296537280082703e-02 1.757565885782241821e-02 2.181087806820869446e-02 2.192490361630916595e-02 2.526403404772281647e-02 2.031055837869644165e-02 2.494999393820762634e-02 1.864307932555675507e-02 2.566310949623584747e-02 8.228283375501632690e-03 5.593481939285993576e-03
3.881325945258140564e-02 8.737974166870117188e-01 9.012769907712936401e-03 2.779371803626418114e-03 1.240024436265230179e-02 3.391753137111663818e-02 3.402296081185340881e-02 1.629042997956275940e-02 1.002972759306430817e-02 1.291134487837553024e-02 3.481099382042884827e-02 2.149058692157268524e-02 3.847116231918334961e-02 2.489174157381057739e-02 3.180473670363426208e-02 1.212310791015625000e-02 1.594305038452148438e-02 6.327981594949960709e-03 9.486440569162368774e-03 2.302299253642559052e-02 2.155004069209098816e-02 2.734930068254470825e-02 2.078421600162982941e-02 1.992854103446006775e-02 1.911701448261737823e-02 1.451498176902532578e-02 1.925905980169773102e-02 1.429065875709056854e-02 2.037994563579559326e-02 1.818843372166156769e-02 2.824334986507892609e-02 1.797726750373840332e-02 1.647851057350635529e-02 2.136638760566711426e-02 1.444410532712936401e-02 2.262633293867111206e-02 2.416498586535453796e-02 1.891068741679191589e-02 1.702892966568470001e-02 2.047697454690933228e-02 1.358441729098558426e-02 1.395939104259014130e-02 2.048351801931858063e-02 4.039317369461059570e-03 2.591700665652751923e-02 2.030021697282791138e-02 3.034419938921928406e-02 3.311705589294433594e-02 1.172447204589843750e-02 1.514983549714088440e-02 1.902091875672340393e-02 1.806133426725864410e-02 2.071825601160526276e-02 2.270870283246040344e-02 5.718680098652839661e-03 9.487641043961048126e-03 1.050207670778036118e-02 1.795248314738273621e-02 1.835690997540950775e-02 2.428906597197055817e-02 4.437228664755821228e-03 9.564521722495555878e-03 1.196172088384628296e-02 7.973707281053066254e-03 2.671712264418601990e-02 2.742080017924308777e-02 2.253582328557968140e-02 2.380459010601043701e-02 1.242458075284957886e-02 1.911286450922489166e-02 1.611584983766078949e-02 1.866346783936023712e-02 3.860566997900605202e-03 9.587857872247695923e-03 1.119176298379898071e-02 5.796700250357389450e-03 1.228012330830097198e-02 1.555788982659578323e-02 1.305411383509635925e-02 1.240272074937820435e-02 1.616198755800724030e-02 2.016045339405536652e-02 1.313875708729028702e-02 7.877865806221961975e-03 1.729742623865604401e-02 1.969670690596103668e-02 2.586962282657623291e-02 2.767361141741275787e-02 4.494716413319110870e-03 1.163941342383623123e-02 3.113337792456150055e-02 2.632533386349678040e-02 3.146896883845329285e-02 2.454861626029014587e-02 1.621719449758529663e-02 1.793892867863178253e-02 1.980830170214176178e-02 1.379604730755090714e-02 1.745474897325038910e-02 1.936037465929985046e-02 2.273260988295078278e-02 2.407929673790931702e-02 2.258421666920185089e-02 2.058907411992549896e-02 8.535254746675491333e-03 1.975048705935478210e-02 1.641834713518619537e-02 1.458651293069124222e-02 1.910750195384025574e-02 2.514470554888248444e-02 1.713783480226993561e-02 1.571455970406532288e-02 1.865361630916595459e-02 2.464672923088073730e-02 1.808139961212873459e-03 1.298323646187782288e-02
1.446741912513971329e-02 9.012769907712936401e-03 8.737974166870117188e-01 1.746231317520141602e-02 1.797322067432105541e-03 1.992601901292800903e-02 1.836322434246540070e-02 5.344123393297195435e-02 1.837448030710220337e-02 1.562162209302186966e-02 1.164380647242069244e-02 1.525374688208103180e-02 1.157592609524726868e-02 1.176012028008699417e-02 2.687832713127136230e-02 1.183748245239257812e-02 1.331748627126216888e-02 2.005932852625846863e-02 9.526894427835941315e-03 1.392796076834201813e-02 6.130525143817067146e-04 1.684983633458614349e-02 2.611978538334369659e-02 2.506960183382034302e-02 6.340038962662220001e-03 6.878869025968015194e-04 1.019218005239963531e-02 1.771529577672481537e-02 1.466574985533952713e-02 8.829920552670955658e-03 1.496498100459575653e-02 3.723908215761184692e-03 9.567103348672389984e-03 7.752978708595037460e-03 3.122969064861536026e-03 5.121669732034206390e-03 4.912965930998325348e-03 1.136863604187965393e-02 2.227561781182885170e-03 1.413484010845422745e-02 2.397998981177806854e-02 1.822828873991966248e-02 1.308923773467540741e-02 2.104878192767500877e-03 1.332832127809524536e-02 1.739429123699665070e-02 1.985360309481620789e-02 1.312117744237184525e-02 5.341717507690191269e-03 1.847459236159920692e-03 2.421415783464908600e-02 2.416763827204704285e-02 2.069942420348525047e-03 8.239069953560829163e-03 9.619012475013732910e-03 2.767865546047687531e-03 1.064999014488421381e-04 7.054841145873069763e-03 2.076832205057144165e-02 5.620341747999191284e-03 5.666062701493501663e-03 9.575846605002880096e-03 1.107059698551893234e-02 7.086344528943300247e-03 8.895217441022396088e-03 1.458120439201593399e-02 2.190876286476850510e-03 2.529125660657882690e-03 2.019497007131576538e-02 9.186562150716781616e-03 2.023288235068321228e-02 1.239739917218685150e-02 1.407099771313369274e-03 2.271082252264022827e-03 4.358509089797735214e-03 6.077507045120000839e-03 2.513026259839534760e-02 2.022019028663635254e-02 2.347254380583763123e-02 1.786347664892673492e-02 3.847761824727058411e-02 2.542730979621410370e-02 3.471750300377607346e-03 3.812217852100729942e-03 1.261715125292539597e-02 1.588092371821403503e-02 2.789186872541904449e-02 2.175381965935230255e-02 1.670127175748348236e-02 1.045149844139814377e-02 1.457392331212759018e-02 7.276769261807203293e-03 9.755334816873073578e-03 1.298339013010263443e-02 3.000635188072919846e-03 5.064037628471851349e-03 5.940655246376991272e-03 7.207034621387720108e-03 1.546950638294219971e-02 1.529129780828952789e-02 2.485124627128243446e-03 3.835501382127404213e-03 2.471194369718432426e-03 9.593199938535690308e-03 1.026367489248514175e-02 8.950508781708776951e-04 7.340439129620790482e-03 7.560211699455976486e-03 5.550880450755357742e-03 5.400349386036396027e-03 7.374626118689775467e-03 1.528919953852891922e-02 9.677665308117866516e-03 1.467801071703433990e-02 1.678993925452232361e-02 3.825551597401499748e-03
9.262737818062305450e-03 2.779371803626418114e-03 1.746231317520141602e-02 8.737974166870117188e-01 6.216486543416976929e-02 9.680183604359626770e-03 1.587088452652096748e-03 6.031879223883152008e-03 1.280800066888332367e-02 8.668147027492523193e-03 1.157731935381889343e-02 1.800786331295967102e-02 1.103331055492162704e-02 1.119297090917825699e-02 8.743713609874248505e-03 6.047713104635477066e-03 2.870559401344507933e-04 4.886569827795028687e-02 4.908785596489906311e-02 1.714509725570678711e-02 1.187223102897405624e-02 3.682860638946294785e-03 4.276623949408531189e-04 9.026093408465385437e-03 1.852976158261299133e-02 2.227316051721572876e-02 5.122982896864414215e-03 1.978676952421665192e-02 2.196807600557804108e-02 1.710168085992336273e-02 1.430389937013387680e-02 1.580955833196640015e-02 1.492049451917409897e-02 1.785159111022949219e-02 2.748677320778369904e-02 9.330008178949356079e-03 1.464398577809333801e-02 6.684808991849422455e-03 4.249892011284828186e-02 2.616743929684162140e-02 1.913413405418395996e-02 4.922328982502222061e-03 6.478716153651475906e-03 2.932786010205745697e-03 7.427353993989527225e-04 4.309525247663259506e-03 2.994562266394495964e-03 6.612281780689954758e-03 1.644541136920452118e-02 1.244717929512262344e-02 6.258226931095123291e-03 5.570695735514163971e-03 1.783554255962371826e-02 1.385043654590845108e-02 1.801613136194646358e-03 8.017607033252716064e-03 1.998016797006130219e-02 1.433025114238262177e-02 2.172979526221752167e-02 1.853448711335659027e-02 2.713650278747081757e-02 3.165391087532043457e-02 1.044320873916149139e-02 3.043089807033538818e-02 1.610674522817134857e-02 1.522021833807229996e-02 1.360835414379835129e-02 7.533202413469552994e-03 2.238665893673896790e-02 4.862328525632619858e-03 1.650890707969665527e-02 8.248222991824150085e-03 4.920154437422752380e-02 1.381154404953122139e-03 4.011673852801322937e-02 1.101119443774223328e-02 2.066502347588539124e-02 1.482940465211868286e-02 3.991730045527219772e-03 4.271484911441802979e-03 1.112189888954162598e-02 1.764726452529430389e-02 5.264370143413543701e-02 4.542495310306549072e-02 8.360471576452255249e-03 1.504447543993592262e-03 8.264746516942977905e-03 1.406362093985080719e-02 3.026573359966278076e-02 2.249111048877239227e-02 1.673523522913455963e-02 3.456936683505773544e-03 1.603801175951957703e-02 5.077552981674671173e-03 9.735336527228355408e-03 1.486776769161224365e-02 7.954308763146400452e-03 8.283802308142185211e-04 7.107852026820182800e-03 1.020533498376607895e-02 7.236710749566555023e-03 6.336606573313474655e-03 7.540851831436157227e-03 1.373556791804730892e-03 8.095473051071166992e-03 3.182350192219018936e-03 1.852518878877162933e-02 2.810690179467201233e-02 1.101630739867687225e-02 1.465583220124244690e-02 1.499331742525100708e-02 1.757604815065860748e-02 1.329613756388425827e-02 1.083019934594631195e-02 2.832034137099981308e-03 3.665597876533865929e-03
1.929458416998386383e-02 1.240024436265230179e-02 1.797322067432105541e-03 6.216486543416976929e-02 8.737974166870117188e-01 1.628375053405761719e-02 1.047112792730331421e-02 1.701148971915245056e-02 1.107306685298681259e-02 1.110280491411685944e-02 1.989454776048660278e-02 1.677389256656169891e-02 1.789155602455139160e-02 9.157205931842327118e-03 1.518507394939661026e-02 7.615066133439540863e-03 1.170290168374776840e-03 4.630053415894508362e-02 4.275523126125335693e-02 1.547654625028371811e-03 2.068117260932922363e-03 9.925887919962406158e-03 1.079300884157419205e-02 3.422881243750452995e-03 2.944872016087174416e-03 1.543125021271407604e-03 1.401117630302906036e-02 1.297248061746358871e-02 3.069244697690010071e-02 9.906504303216934204e-03 2.072177827358245850e-02 2.636500576045364141e-04 2.072161622345447540e-02 1.580358948558568954e-03 3.233308717608451843e-02 2.385505242273211479e-03 2.152853412553668022e-03 1.350162830203771591e-02 4.318574815988540649e-02 3.439244627952575684e-02 2.275760471820831299e-02 5.663855001330375671e-03 4.643378313630819321e-03 3.278643824160099030e-03 1.026052795350551605e-02 7.103935815393924713e-03 1.427959185093641281e-02 1.572114974260330200e-02 1.226157415658235550e-03 1.769871101714670658e-03 9.982978925108909607e-03 1.270095724612474442e-02 1.726655475795269012e-02 2.326914109289646149e-02 2.037262544035911560e-03 2.521480899304151535e-03 3.303181752562522888e-02 2.154490165412425995e-02 1.708845607936382294e-02 2.519424818456172943e-02 3.697296231985092163e-02 3.851588442921638489e-02 1.083316002041101456e-02 2.612838894128799438e-02 2.101908437907695770e-02 2.195245400071144104e-02 8.671454270370304585e-04 3.482384607195854187e-03 1.802809908986091614e-02 1.736373640596866608e-03 1.177623216062784195e-02 1.674118824303150177e-02 3.994429484009742737e-02 4.621715284883975983e-03 3.686841577291488647e-02 1.540471985936164856e-02 1.621410623192787170e-02 1.250435505062341690e-02 1.346980687230825424e-02 4.722724203020334244e-03 2.155907452106475830e-02 1.266263611614704132e-02 4.985239356756210327e-02 4.289227351546287537e-02 7.654813118278980255e-03 7.614023052155971527e-03 1.645486615598201752e-02 1.746835187077522278e-02 2.473610825836658478e-02 1.634615287184715271e-02 2.459579706192016602e-02 1.542195328511297703e-03 1.787120290100574493e-02 1.068977825343608856e-02 4.279565066099166870e-03 6.709298584610223770e-03 4.773514345288276672e-03 1.752373948693275452e-02 5.415894556790590286e-03 2.823664341121912003e-03 2.982543781399726868e-03 5.187611561268568039e-03 1.049062237143516541e-03 1.228859089314937592e-02 1.391452085226774216e-02 1.517114881426095963e-02 9.802325628697872162e-03 3.218510374426841736e-02 5.617009475827217102e-03 1.737065613269805908e-02 2.196297980844974518e-02 2.444970421493053436e-02 2.999585587531328201e-03 3.375296946614980698e-03 1.254867669194936752e-02 4.418284632265567780e-03
3.509635850787162781e-02 3.391753137111663818e-02 1.992601901292800903e-02 9.680183604359626770e-03 1.628375053405761719e-02 8.737974166870117188e-01 4.177732393145561218e-02 1.435202173888683319e-02 1.969034783542156219e-02 2.244202978909015656e-02 3.174811601638793945e-02 3.162911161780357361e-02 3.249496221542358398e-02 3.051721490919589996e-02 2.767714112997055054e-02 2.000793255865573883e-02 2.072167582809925079e-02 1.325892470777034760e-02 8.279541507363319397e-03 1.888494566082954407e-02 1.635438203811645508e-02 2.469940669834613800e-02 2.295986376702785492e-02 2.263828366994857788e-02 1.439198479056358337e-02 9.907201863825321198e-03 2.301788702607154846e-02 2.482471987605094910e-02 2.705473639070987701e-02 2.625126764178276062e-02 3.121064230799674988e-02 7.671978324651718140e-03 7.363694719970226288e-03 1.065817475318908691e-02 1.284587848931550980e-02 1.315099839121103287e-02 1.534577831625938416e-02 2.060458809137344360e-02 1.554930116981267929e-02 1.059340499341487885e-02 2.164591476321220398e-02 1.309895422309637070e-02 1.527919899672269821e-02 7.375010289251804352e-03 2.220025099813938141e-02 1.744847185909748077e-02 4.279899597167968750e-02 3.640455007553100586e-02 7.675798144191503525e-03 1.681058295071125031e-02 1.556372176855802536e-02 1.569262333214282990e-02 1.721236668527126312e-02 1.642451062798500061e-02 5.796659272164106369e-03 8.083548396825790405e-03 1.749363727867603302e-02 1.338714547455310822e-02 1.368946954607963562e-02 2.327155508100986481e-02 1.441343803890049458e-03 6.534232292324304581e-03 5.264431238174438477e-03 5.214490462094545364e-03 2.423036471009254456e-02 2.660176344215869904e-02 1.382608432322740555e-02 1.547164749354124069e-02 1.814884878695011139e-02 1.831916533410549164e-02 2.175581827759742737e-02 2.397837862372398376e-02 9.153533726930618286e-03 1.658543944358825684e-02 1.712420955300331116e-02 1.445764303207397461e-02 2.119563333690166473e-02 2.424597926437854767e-02 1.290673017501831055e-02 1.713965460658073425e-02 1.605159975588321686e-02 1.853702776134014130e-02 2.277750521898269653e-02 1.759048923850059509e-02 9.920294396579265594e-03 1.328318938612937927e-02 2.391415461897850037e-02 2.522497437894344330e-02 2.050873450934886932e-02 2.549272589385509491e-02 3.756156936287879944e-02 2.046403475105762482e-02 3.278315812349319458e-02 2.206908166408538818e-02 1.122760493308305740e-02 9.425676427781581879e-03 8.937173523008823395e-03 1.440528407692909241e-02 1.367497444152832031e-02 1.298309117555618286e-02 1.136324740946292877e-02 1.215936429798603058e-02 1.021549943834543228e-02 1.435505691915750504e-02 1.078498200513422489e-03 1.106354873627424240e-02 5.835731048136949539e-03 1.221428066492080688e-02 8.032090961933135986e-03 1.940917968750000000e-02 1.795365102589130402e-02 2.112958580255508423e-02 1.353150792419910431e-02 2.083621546626091003e-02 1.565079903230071068e-03 6.845218129456043243e-03
3.238580003380775452e-02 3.402296081185340881e-02 1.836322434246540070e-02 1.587088452652096748e-03 1.047112792730331421e-02 4.177732393145561218e-02 8.737974166870117188e-01 1.188388932496309280e-02 1.638662815093994141e-02 2.802633866667747498e-02 3.001035563647747040e-02 2.291521616280078888e-02 3.231755644083023071e-02 2.808302454650402069e-02 2.514642849564552307e-02 1.971140690147876740e-02 2.086879499256610870e-02 9.440387599170207977e-03 1.213797554373741150e-02 2.316624112427234650e-02 1.989100128412246704e-02 2.667380496859550476e-02 2.521865069866180420e-02 2.624817751348018646e-02 1.591153629124164581e-02 6.054948549717664719e-03 2.693914249539375305e-02 1.783305220305919647e-02 2.385255508124828339e-02 1.964876987040042877e-02 2.839404344558715820e-02 1.518083829432725906e-02 6.556841079145669937e-03 1.958161778748035431e-02 4.314305260777473450e-03 2.145799994468688965e-02 2.482938766479492188e-02 2.295713499188423157e-02 1.384126860648393631e-02 1.103304978460073471e-02 2.213808521628379822e-02 1.856392249464988708e-02 2.077371999621391296e-02 2.489347010850906372e-03 2.790932729840278625e-02 2.731546945869922638e-02 3.886094316840171814e-02 3.926711529493331909e-02 7.524542976170778275e-03 2.088269963860511780e-02 1.470423862338066101e-02 1.343439705669879913e-02 1.049304567277431488e-02 1.564028672873973846e-02 1.258946285815909505e-04 3.257718402892351151e-03 3.736892947927117348e-03 2.418967895209789276e-03 1.087819971144199371e-02 2.384041808545589447e-02 8.428004570305347443e-03 1.301934476941823959e-03 4.998651333153247833e-03 8.248048834502696991e-04 2.294855378568172455e-02 2.715381421148777008e-02 1.907423511147499084e-02 2.216900512576103210e-02 1.038701832294464111e-02 2.436887100338935852e-02 1.500156056135892868e-02 2.558979205787181854e-02 4.013792611658573151e-03 2.298664301633834839e-02 8.752959780395030975e-03 1.532037649303674698e-02 1.629713736474514008e-02 2.660801075398921967e-02 2.018629759550094604e-02 2.838747575879096985e-02 1.234562415629625320e-02 1.861949823796749115e-02 1.774463243782520294e-02 1.267684251070022583e-02 1.500078197568655014e-02 2.251945063471794128e-02 2.172201871871948242e-02 2.489368990063667297e-02 1.062413118779659271e-02 2.237845398485660553e-02 3.090741857886314392e-02 2.398096583783626556e-02 3.411822393536567688e-02 2.569935098290443420e-02 1.239966601133346558e-02 1.653306186199188232e-02 1.289745047688484192e-02 1.139597408473491669e-02 1.916721276938915253e-02 1.982746459543704987e-02 1.722515746951103210e-02 1.973074302077293396e-02 1.319625601172447205e-02 1.448804046958684921e-02 1.262783305719494820e-03 1.063947658985853195e-02 1.291729882359504700e-02 8.185416460037231445e-03 1.590100862085819244e-02 1.983607001602649689e-02 1.767582073807716370e-02 2.144378051161766052e-02 1.885961182415485382e-02 2.043309062719345093e-02 6.268324796110391617e-03 6.819372065365314484e-03
2.040804736316204071e-02 1.629042997956275940e-02 5.344123393297195435e-02 6.031879223883152008e-03 1.701148971915245056e-02 1.435202173888683319e-02 1.188388932496309280e-02 8.737974166870117188e-01 5.664331372827291489e-03 4.078372439835220575e-04 2.797207981348037720e-02 2.204783668275922537e-04 2.690644748508930206e-02 4.026439040899276733e-03 4.213741794228553772e-02 4.780650197062641382e-04 3.703338792547583580e-03 2.455638241372071207e-05 1.893564825877547264e-03 1.053528673946857452e-02 5.194467492401599884e-03 2.116203680634498596e-02 8.690843358635902405e-03 7.465958129614591599e-03 4.910910967737436295e-03 1.006238348782062531e-02 1.346713211387395859e-02 6.626956630498170853e-03 2.591986209154129028e-02 8.120196871459484100e-03 2.142462320625782013e-02 8.401122875511646271e-03 6.131663452833890915e-03 1.035840623080730438e-02 2.900144271552562714e-02 1.011731661856174469e-02 1.328236423432826996e-02 7.608477491885423660e-03 2.814980410039424896e-02 1.921440847218036652e-02 1.723646745085716248e-02 3.593313274905085564e-03 7.054041605442762375e-03 6.355002988129854202e-03 4.069768358021974564e-03 2.645902801305055618e-03 1.505400706082582474e-02 9.407359175384044647e-03 3.028197170351631939e-05 5.935050547122955322e-03 6.657711695879697800e-03 1.044364087283611298e-02 3.296737372875213623e-02 3.645302355289459229e-02 1.777056837454438210e-03 1.111681479960680008e-02 1.642743311822414398e-02 2.647848241031169891e-02 1.791527308523654938e-02 3.566954284906387329e-02 3.036836162209510803e-03 2.128159068524837494e-02 1.148062176071107388e-03 7.630627602338790894e-03 2.718755230307579041e-02 2.939835563302040100e-02 7.038529496639966965e-03 4.132975824177265167e-03 6.008816882967948914e-03 4.042599815875291824e-03 9.950458072125911713e-03 8.501521311700344086e-03 6.205398240126669407e-04 2.766704186797142029e-03 4.390588146634399891e-04 9.551440598443150520e-04 1.737607526592910290e-03 4.435613285750150681e-03 8.622460998594760895e-03 1.621319330297410488e-03 6.517079472541809082e-02 3.950543329119682312e-02 1.342505775392055511e-02 5.407294258475303650e-03 1.476061646826565266e-03 9.023584425449371338e-03 4.154588654637336731e-02 2.949723415076732635e-02 1.004668511450290680e-02 9.861800353974103928e-04 1.479754690080881119e-02 9.413769468665122986e-03 1.155350450426340103e-02 1.437085121870040894e-02 1.124800182878971100e-02 4.933193791657686234e-03 7.785288151353597641e-03 1.892887521535158157e-04 4.230321384966373444e-03 8.994717150926589966e-03 8.164097554981708527e-03 3.987136296927928925e-03 8.158401586115360260e-03 4.295888822525739670e-03 2.204486541450023651e-02 2.274532243609428406e-02 3.457987448200583458e-03 3.274480625987052917e-02 1.488579157739877701e-02 2.570799924433231354e-02 5.780197214335203171e-03 7.342571858316659927e-03 5.088924430310726166e-03 6.542139686644077301e-03 2.289296314120292664e-02 1.097974833101034164e-02
8.386976085603237152e-03 1.002972759306430817e-02 1.837448030710220337e-02 1.280800066888332367e-02 1.107306685298681259e-02 1.969034783542156219e-02 1.638662815093994141e-02 5.664331372827291489e-03 8.737974166870117188e-01 3.749772533774375916e-02 8.258498273789882660e-03 3.093013912439346313e-02 1.029298547655344009e-02 2.176852710545063019e-02 6.545620039105415344e-03 4.149441421031951904e-02 3.797541186213493347e-02 2.546901069581508636e-02 1.949981413781642914e-02 8.517968468368053436e-03 8.709637448191642761e-03 9.999094530940055847e-03 3.135618567466735840e-02 3.104392439126968384e-02 6.137118209153413773e-03 1.067038159817457199e-03 1.584766432642936707e-02 1.948988251388072968e-02 2.470138249918818474e-03 1.402581576257944107e-02 1.531986333429813385e-02 8.820846676826477051e-03 7.843955419957637787e-03 4.160937853157520294e-03 7.779344916343688965e-03 5.763188470155000687e-03 1.497309567639604211e-04 2.098341286182403564e-02 6.462776800617575645e-04 3.563017817214131355e-03 1.888273470103740692e-02 2.771798335015773773e-02 1.484320871531963348e-02 2.121281437575817108e-02 1.191913429647684097e-02 8.585027419030666351e-03 1.495557744055986404e-02 1.576255075633525848e-02 2.421269193291664124e-02 2.189578674733638763e-02 1.585345342755317688e-02 1.335684582591056824e-02 1.167818438261747360e-03 1.283886842429637909e-02 4.439388588070869446e-02 2.205762080848217010e-02 1.762567088007926941e-02 1.083273719996213913e-02 2.954274648800492287e-03 3.747462760657072067e-03 3.159524872899055481e-02 2.046062611043453217e-02 1.932720839977264404e-02 2.139208652079105377e-02 1.208114996552467346e-02 9.509687311947345734e-03 3.117007901892066002e-03 2.845739945769309998e-03 4.750039055943489075e-02 2.057096175849437714e-02 3.728119656443595886e-02 2.554743923246860504e-02 1.806107163429260254e-02 1.861311122775077820e-02 1.315927878022193909e-02 2.401260100305080414e-02 5.363878235220909119e-02 3.820293024182319641e-02 2.144956029951572418e-02 1.641268841922283173e-02 3.180852858349680901e-03 8.882070891559123993e-03 2.734506316483020782e-02 2.046146430075168610e-02 1.120560336858034134e-02 4.364691674709320068e-03 1.198578625917434692e-02 1.376808527857065201e-02 4.104806110262870789e-02 3.688609600067138672e-02 1.787113584578037262e-02 1.531831081956624985e-02 1.554111018776893616e-02 1.899778470396995544e-02 2.122432366013526917e-02 1.233905181288719177e-02 2.178238704800605774e-02 2.752423286437988281e-02 2.832276187837123871e-02 2.261092513799667358e-02 3.081445582211017609e-03 2.479566959664225578e-03 1.841603964567184448e-02 2.243047580122947693e-02 2.257869392633438110e-02 4.680734127759933472e-03 5.518082180060446262e-04 1.640164293348789215e-02 1.877443282864987850e-03 1.133339665830135345e-02 1.063763909041881561e-02 1.450749952346086502e-02 1.022147946059703827e-02 1.563039794564247131e-02 1.610067859292030334e-02 1.968717575073242188e-02
1.113618444651365280e-02 1.291134487837553024e-02 1.562162209302186966e-02 8.668147027492523193e-03 1.110280491411685944e-02 2.244202978909015656e-02 2.802633866667747498e-02 4.078372439835220575e-04 3.749772533774375916e-02 8.737974166870117188e-01 1.259163115173578262e-02 2.069202624261379242e-02 1.485223416239023209e-02 2.331206947565078735e-02 1.084222272038459778e-02 3.228956088423728943e-02 3.406999260187149048e-02 2.195623703300952911e-02 3.930057212710380554e-02 2.007506601512432098e-02 1.452912762761116028e-02 1.752288639545440674e-02 2.686755172908306122e-02 2.964366227388381958e-02 1.291220914572477341e-02 5.265136132948100567e-04 2.742731757462024689e-02 9.889428503811359406e-03 4.284969996660947800e-03 1.170811150223016739e-02 1.697827130556106567e-02 1.448915526270866394e-02 5.345532204955816269e-03 1.618881337344646454e-02 6.747360457666218281e-04 1.243888959288597107e-02 1.108741108328104019e-02 2.677481994032859802e-02 5.259587196633219719e-04 4.766603524331003428e-04 1.981674320995807648e-02 2.603054605424404144e-02 2.201797068119049072e-02 2.032740227878093719e-02 2.265983819961547852e-02 2.307469770312309265e-02 2.061265707015991211e-02 2.401745319366455078e-02 1.176973711699247360e-02 3.331416472792625427e-02 1.352581847459077835e-02 8.780571632087230682e-03 1.085061207413673401e-02 9.076217189431190491e-03 1.469260733574628830e-02 1.539110019803047180e-02 2.028302842518314719e-04 9.712541359476745129e-04 5.371501203626394272e-03 6.568672601133584976e-03 8.887255564332008362e-03 1.213832199573516846e-02 7.917904295027256012e-03 7.611167617142200470e-03 1.302622910588979721e-02 1.414758805185556412e-02 1.403464935719966888e-02 1.257733535021543503e-02 2.588431164622306824e-02 3.268435224890708923e-02 2.832178398966789246e-02 2.785488590598106384e-02 2.779724774882197380e-03 3.049071505665779114e-02 5.034183152019977570e-03 2.130783163011074066e-02 3.129549697041511536e-02 4.748626425862312317e-02 2.692430466413497925e-02 3.867723420262336731e-02 2.434797119349241257e-03 1.521741412580013275e-02 2.197953313589096069e-02 1.651872508227825165e-02 1.622612588107585907e-02 1.822075434029102325e-02 1.238720584660768509e-02 1.772779040038585663e-02 2.688726782798767090e-02 3.959963098168373108e-02 1.422737073153257370e-02 2.210173569619655609e-02 1.999193802475929260e-02 2.542886510491371155e-02 1.773133873939514160e-02 2.056082151830196381e-02 1.926883123815059662e-02 1.802679896354675293e-02 2.410744875669479370e-02 2.425960078835487366e-02 8.945038542151451111e-03 1.108747906982898712e-02 1.665916107594966888e-02 2.098027430474758148e-02 2.220928855240345001e-02 5.730211269110441208e-03 4.233129322528839111e-03 6.540143862366676331e-03 7.671436294913291931e-03 1.289095077663660049e-02 8.179014548659324646e-03 1.463195960968732834e-02 1.471396815031766891e-02 1.133086439222097397e-02 1.211899425834417343e-02 1.281792297959327698e-02
3.761542588472366333e-02 3.481099382042884827e-02 1.164380647242069244e-02 1.157731935381889343e-02 1.989454776048660278e-02 3.174811601638793945e-02 3.001035563647747040e-02 2.797207981348037720e-02 8.258498273789882660e-03 1.259163115173578262e-02 8.737974166870117188e-01 1.184716448187828064e-02 3.942643478512763977e-02 1.514191925525665283e-02 3.697648644447326660e-02 6.015690974891185760e-03 1.096245180815458298e-02 1.340648438781499863e-02 3.559396369382739067e-03 1.849578693509101868e-02 1.352330483496189117e-02 3.532158955931663513e-02 1.232653576880693436e-02 1.260983385145664215e-02 1.606130599975585938e-02 1.240599527955055237e-02 3.065935522317886353e-02 5.474904552102088928e-03 3.642686456441879272e-02 9.650757536292076111e-03 3.096749261021614075e-02 1.387734711170196533e-02 1.897524110972881317e-02 1.645462587475776672e-02 2.137430571019649506e-02 1.491886936128139496e-02 1.854680292308330536e-02 2.513759955763816833e-02 2.015566267073154449e-02 2.083274349570274353e-02 2.323582023382186890e-02 1.275348942726850510e-02 1.712988875806331635e-02 6.696664262562990189e-03 2.223983593285083771e-02 1.757027767598628998e-02 2.989465929567813873e-02 2.993134781718254089e-02 7.342639844864606857e-03 1.849761418998241425e-02 1.095900405198335648e-02 1.277165673673152924e-02 1.967834122478961945e-02 2.586228772997856140e-02 4.466364160180091858e-03 1.211338676512241364e-02 1.738722063601016998e-02 2.009893395006656647e-02 1.728011108934879303e-02 3.078947961330413818e-02 4.592569544911384583e-03 1.715043000876903534e-02 1.062665414065122604e-02 1.330500654876232147e-02 3.692162409424781799e-02 3.629496321082115173e-02 1.733614318072795868e-02 2.059859409928321838e-02 8.820193819701671600e-03 2.453848905861377716e-02 1.446308754384517670e-02 2.492928318679332733e-02 4.105403786525130272e-04 1.897605508565902710e-02 6.894401274621486664e-03 1.710007339715957642e-02 9.593703784048557281e-03 1.548427250236272812e-02 1.364301610738039017e-02 1.387216057628393173e-02 2.813462726771831512e-02 2.237958647310733795e-02 1.780509948730468750e-02 1.687511056661605835e-02 1.370588131248950958e-02 1.717998087406158447e-02 3.410253301262855530e-02 3.155640512704849243e-02 2.145051490515470505e-03 9.481510147452354431e-03 3.074614703655242920e-02 3.049502149224281311e-02 2.756339311599731445e-02 3.026919066905975342e-02 9.494133293628692627e-03 1.445040851831436157e-02 1.462019141763448715e-02 1.618288829922676086e-02 1.470129098743200302e-02 1.652377098798751831e-02 1.748622581362724304e-02 1.971962302923202515e-02 1.506901532411575317e-02 1.995167508721351624e-02 1.492095552384853363e-02 2.528433315455913544e-02 7.671944331377744675e-03 2.527962066233158112e-02 1.497569214552640915e-02 3.158054873347282410e-02 1.992333307862281799e-02 2.547478303313255310e-02 1.535053551197052002e-02 1.859718561172485352e-02 1.169828930869698524e-03 1.049051526933908463e-03
1.240476500242948532e-02 2.149058692157268524e-02 1.525374688208103180e-02 1.800786331295967102e-02 1.677389256656169891e-02 3.162911161780357361e-02 2.291521616280078888e-02 2.204783668275922537e-04 3.093013912439346313e-02 2.069202624261379242e-02 1.184716448187828064e-02 8.737974166870117188e-01 1.948498375713825226e-02 5.638698861002922058e-02 2.259500883519649506e-02 2.665082924067974091e-02 2.541930042207241058e-02 5.780017469078302383e-03 4.075587261468172073e-03 3.884429810568690300e-03 3.631808096542954445e-03 7.420532871037721634e-03 2.886853739619255066e-02 2.385741844773292542e-02 5.551043432205915451e-03 4.656187258660793304e-03 5.803638603538274765e-03 5.449879541993141174e-02 6.492867833003401756e-04 5.479427799582481384e-02 1.776710897684097290e-02 1.603545248508453369e-02 2.361700870096683502e-03 1.060308236628770828e-02 1.045369077473878860e-02 4.030386044178158045e-04 2.121728379279375076e-03 1.064699050039052963e-02 1.131496485322713852e-02 9.427435696125030518e-03 1.517258584499359131e-02 7.994230836629867554e-03 1.696671475656330585e-03 1.870960928499698639e-02 1.261947769671678543e-02 7.401973474770784378e-03 1.914486847817897797e-02 1.660155132412910461e-02 6.115684751421213150e-03 3.890148829668760300e-03 2.209022082388401031e-02 2.520440705120563507e-02 2.004439570009708405e-02 1.213951036334037781e-02 2.405326347798109055e-03 1.181247457861900330e-02 2.224321663379669189e-02 2.779261767864227295e-02 1.784862764179706573e-02 1.295762322843074799e-02 2.682081889361143112e-03 1.319706439971923828e-02 1.789043284952640533e-02 2.459675446152687073e-02 1.561317965388298035e-02 1.565628871321678162e-02 7.740289438515901566e-03 3.896431298926472664e-03 4.145487397909164429e-02 1.230518240481615067e-02 4.095906764268875122e-02 1.307544484734535217e-02 3.532543405890464783e-02 1.649160310626029968e-02 3.462008014321327209e-02 1.569629646837711334e-02 3.934753313660621643e-02 3.210373222827911377e-02 6.350341252982616425e-03 3.268754342570900917e-03 1.388757256790995598e-03 1.489971298724412918e-02 2.659401111304759979e-02 2.535890415310859680e-02 7.357220165431499481e-04 2.275916747748851776e-03 1.336115039885044098e-02 1.624596491456031799e-02 4.870360344648361206e-02 4.457884281873703003e-02 2.849685586988925934e-02 6.464979145675897598e-03 2.749078348278999329e-02 8.363656699657440186e-03 2.186427591368556023e-04 3.207761794328689575e-03 2.319442480802536011e-02 1.681068167090415955e-02 6.579204462468624115e-03 3.357121720910072327e-03 9.480737149715423584e-03 9.796922095119953156e-03 1.745292171835899353e-02 1.472227647900581360e-02 1.923346519470214844e-02 1.417841762304306030e-03 1.618257723748683929e-02 1.018912903964519501e-02 1.192934717983007431e-02 1.955692283809185028e-02 1.991571672260761261e-02 1.291966717690229416e-02 1.575894188135862350e-03 9.502998553216457367e-03 2.593499049544334412e-02 3.767537698149681091e-02
3.463596105575561523e-02 3.847116231918334961e-02 1.157592609524726868e-02 1.103331055492162704e-02 1.789155602455139160e-02 3.249496221542358398e-02 3.231755644083023071e-02 2.690644748508930206e-02 1.029298547655344009e-02 1.485223416239023209e-02 3.942643478512763977e-02 1.948498375713825226e-02 8.737974166870117188e-01 2.423075027763843536e-02 3.764305263757705688e-02 9.701461531221866608e-03 1.249601319432258606e-02 1.244876161217689514e-02 1.222479040734469891e-03 1.622076518833637238e-02 1.086435187608003616e-02 3.464008495211601257e-02 1.879508048295974731e-02 1.791498996317386627e-02 1.248561963438987732e-02 6.882649380713701248e-03 2.638578042387962341e-02 1.420882344245910645e-02 2.909907139837741852e-02 1.786810718476772308e-02 3.492395207285881042e-02 1.195416413247585297e-02 1.495939679443836212e-02 1.487149484455585480e-02 2.052497863769531250e-02 1.435721106827259064e-02 1.695264503359794617e-02 2.286827936768531799e-02 1.979627460241317749e-02 1.913837343454360962e-02 1.771610230207443237e-02 1.486787386238574982e-02 1.982519403100013733e-02 1.630637911148369312e-03 2.493138797581195831e-02 2.185039967298507690e-02 2.973191253840923309e-02 3.224425390362739563e-02 6.148793734610080719e-03 1.542650535702705383e-02 1.581274159252643585e-02 1.632626913487911224e-02 1.976309716701507568e-02 2.314433082938194275e-02 2.523581497371196747e-03 9.400551207363605499e-03 1.234630215913057327e-02 2.113873697817325592e-02 1.782617717981338501e-02 2.896345779299736023e-02 5.618722061626613140e-04 1.520953420549631119e-02 1.002804283052682877e-02 1.467164326459169388e-02 3.285526484251022339e-02 3.622570633888244629e-02 1.434582192450761795e-02 1.757729612290859222e-02 1.152107119560241699e-02 2.002516947686672211e-02 1.630728691816329956e-02 2.345792390406131744e-02 1.378828426823019981e-03 1.343406736850738525e-02 7.544327992945909500e-03 1.328502316027879715e-02 1.326620299369096756e-02 1.729997061192989349e-02 1.626518554985523224e-02 1.652343571186065674e-02 2.500563673675060272e-02 2.547534741461277008e-02 1.971827447414398193e-02 1.736424490809440613e-02 1.330735720694065094e-02 1.976652629673480988e-02 3.265383839607238770e-02 3.454316034913063049e-02 3.644014941528439522e-03 1.383789535611867905e-02 3.178770467638969421e-02 2.830098383128643036e-02 3.215818107128143311e-02 3.011589869856834412e-02 9.127204306423664093e-03 1.289111655205488205e-02 1.909511163830757141e-02 1.591184362769126892e-02 1.608997024595737457e-02 1.802832819521427155e-02 1.644290238618850708e-02 1.783976517617702484e-02 2.058112807571887970e-02 2.022628113627433777e-02 9.896141476929187775e-03 2.051704935729503632e-02 5.615552887320518494e-03 2.124257013201713562e-02 1.223387755453586578e-02 3.199089691042900085e-02 1.871351338922977448e-02 2.018493786454200745e-02 1.615486480295658112e-02 1.940039545297622681e-02 2.466766163706779480e-03 8.299188688397407532e-03
