8.360823392868041992e-01 8.290855586528778076e-02 1.874095946550369263e-02 6.419775076210498810e-03 5.409034900367259979e-03 2.227361313998699188e-02 2.063596993684768677e-02 7.763446774333715439e-03 7.644670084118843079e-03 8.066096343100070953e-03 5.444092676043510437e-02 2.564735710620880127e-02 3.310569329187273979e-03 1.343951746821403503e-02 3.066162206232547760e-02 1.119198277592658997e-02 8.586407639086246490e-03 9.334336034953594208e-03 9.700126945972442627e-03 3.043537493795156479e-03 1.088444422930479050e-02 1.517947390675544739e-02 1.386828487738966942e-03 5.281336605548858643e-03 2.112984284758567810e-02 5.738541483879089355e-03 2.457105927169322968e-02 1.231313683092594147e-03 4.794616717845201492e-03 5.467594019137322903e-05 3.278805688023567200e-02 1.634971052408218384e-02 2.072880603373050690e-02 1.693625375628471375e-02 9.162004105746746063e-03 2.026901021599769592e-02 2.867789193987846375e-02 1.827353797852993011e-02 2.182437106966972351e-03 2.247086167335510254e-02 5.113408714532852173e-02 2.969358116388320923e-03 2.374409697949886322e-03 3.197678923606872559e-02 1.193858101032674313e-03 1.736620790325105190e-03 4.654024669434875250e-04 9.772334247827529907e-03 2.259834110736846924e-02 1.447912491858005524e-02 9.520629420876502991e-03 2.425181493163108826e-02 1.186359021812677383e-02 1.615930162370204926e-02 1.283802744001150131e-02 1.442026067525148392e-02 1.787085644900798798e-02 1.368559431284666061e-02 2.664503175765275955e-03 7.466259412467479706e-03 1.133467443287372589e-02 1.154591701924800873e-02 6.763588171452283859e-03 9.030887740664184093e-04 1.462493743747472763e-02 1.946459710597991943e-02 1.154845766723155975e-02 6.184197030961513519e-03 6.235160399228334427e-03 2.571593737229704857e-03 3.063418203964829445e-03 1.835876889526844025e-02 3.340669500175863504e-04 1.636379957199096680e-02 2.338521415367722511e-03 2.804513834416866302e-02 1.315926294773817062e-02 2.357472432777285576e-03 1.630656793713569641e-02 3.242070088163018227e-03 1.599962078034877777e-02 2.232593018561601639e-03 4.673969000577926636e-03 3.535679541528224945e-03 2.407679148018360138e-02 1.747910305857658386e-02 1.720974803902208805e-03 1.573992893099784851e-02 7.338193245232105255e-03 1.333785429596900940e-02 6.293492857366800308e-03 3.856253111734986305e-03 6.787589751183986664e-03 9.481993503868579865e-03 1.407756749540567398e-02 1.409335248172283173e-02 8.961540646851062775e-03 8.842309005558490753e-03 3.309521824121475220e-03 2.073475625365972519e-03 6.570021505467593670e-04 9.524359367787837982e-03 2.984224818646907806e-03 2.514025010168552399e-02 2.448791405186057091e-03 6.231428589671850204e-03 1.615055836737155914e-02 2.781284227967262268e-02 1.216132659465074539e-03 8.791368454694747925e-03 4.672491550445556641e-02 3.035872615873813629e-02 2.783593023195862770e-03 4.849107470363378525e-03 3.909251466393470764e-02 1.428410410881042480e-02
8.290855586528778076e-02 8.360823392868041992e-01 2.020534127950668335e-02 8.686302229762077332e-03 3.246971173211932182e-03 3.818427026271820068e-02 5.713696032762527466e-02 2.058397745713591576e-03 2.767237368971109390e-03 1.558217965066432953e-02 3.335195407271385193e-02 2.649223245680332184e-02 3.731980919837951660e-02 1.053578802384436131e-03 2.252284996211528778e-02 1.820026710629463196e-02 2.027875930070877075e-02 3.303234279155731201e-02 2.986836060881614685e-02 1.854058937169611454e-03 6.688258727081120014e-04 1.463943533599376678e-02 8.509529288858175278e-04 2.819571178406476974e-03 1.259238738566637039e-02 1.268640998750925064e-02 2.489997632801532745e-02 2.496456354856491089e-02 1.767116226255893707e-02 6.898773834109306335e-03 2.276763319969177246e-02 5.346896126866340637e-03 1.014330517500638962e-02 4.455484158825129271e-04 8.363065309822559357e-03 1.406071893870830536e-02 2.634879574179649353e-02 1.859076321125030518e-02 6.325188558548688889e-03 1.157673075795173645e-02 2.912916988134384155e-02 1.930673420429229736e-02 7.968401536345481873e-03 6.334087345749139786e-03 1.019775960594415665e-02 1.865246891975402832e-02 3.112360835075378418e-03 2.659803442656993866e-02 4.619139805436134338e-02 3.518669307231903076e-02 1.179478596895933151e-02 2.032087370753288269e-02 5.263605620712041855e-03 1.745747216045856476e-02 2.358887158334255219e-02 2.341404557228088379e-02 1.761026680469512939e-02 3.570260945707559586e-03 8.251314982771873474e-03 6.661750841885805130e-03 2.369691152125597000e-03 6.554657593369483948e-04 1.312216091901063919e-02 2.508933190256357193e-03 2.458761632442474365e-02 8.616300299763679504e-03 1.979286549612879753e-03 3.346322337165474892e-03 1.153229549527168274e-02 1.256323978304862976e-02 2.806798554956912994e-03 6.036640610545873642e-03 1.068811397999525070e-02 1.280226372182369232e-02 6.870077457278966904e-03 1.332938764244318008e-02 8.865915238857269287e-03 1.033363398164510727e-02 3.145443648099899292e-02 2.011306583881378174e-02 2.094782702624797821e-02 1.609968394041061401e-02 2.160612121224403381e-02 2.559452317655086517e-02 7.325510028749704361e-03 9.964752011001110077e-03 7.569069042801856995e-03 1.003519538789987564e-02 2.147090248763561249e-02 9.371249936521053314e-03 2.127664629369974136e-03 7.089980877935886383e-03 1.364193111658096313e-02 7.403180468827486038e-03 2.060878090560436249e-02 7.895012386143207550e-03 8.485116064548492432e-03 1.479824353009462357e-02 3.403656184673309326e-03 1.600872259587049484e-03 5.028537008911371231e-03 2.904204186052083969e-03 9.982068091630935669e-03 4.801480099558830261e-03 7.350113242864608765e-03 3.941906616091728210e-03 1.190988160669803619e-02 2.561672031879425049e-02 9.131292812526226044e-03 2.153540775179862976e-02 2.517049200832843781e-02 4.980556201189756393e-03 9.886827319860458374e-03 2.759532617346849293e-05 2.544827759265899658e-02 6.746098864823579788e-03
1.874095946550369263e-02 2.020534127950668335e-02 8.360823392868041992e-01 5.122125614434480667e-03 1.560160517692565918e-02 9.968985803425312042e-03 5.921928212046623230e-03 3.027567826211452484e-02 2.185297198593616486e-03 2.517859451472759247e-03 2.524938806891441345e-02 1.484464202076196671e-02 1.678747870028018951e-02 2.401410602033138275e-03 2.303298935294151306e-02 7.262859959155321121e-03 4.766965750604867935e-03 3.303630650043487549e-02 1.828761585056781769e-02 2.998829819262027740e-02 1.618422567844390869e-02 1.997702196240425110e-02 9.653507731854915619e-03 7.984554395079612732e-03 5.293453112244606018e-03 6.612726487219333649e-03 6.826221477240324020e-03 1.169273443520069122e-02 1.805598102509975433e-02 1.581608131527900696e-02 1.457363739609718323e-02 6.929835304617881775e-03 2.010422386229038239e-02 6.787957157939672470e-03 8.959380909800529480e-03 4.024242982268333435e-03 8.083045482635498047e-03 2.116076275706291199e-02 4.541210364550352097e-03 1.750010880641639233e-03 3.496621549129486084e-02 1.962997764348983765e-02 2.337575331330299377e-02 1.927429810166358948e-02 5.020665004849433899e-03 1.126863621175289154e-02 1.079692691564559937e-02 2.013963833451271057e-02 2.409697277471423149e-03 9.672582382336258888e-05 1.516473200172185898e-02 1.549087557941675186e-02 1.787292771041393280e-02 1.661409437656402588e-02 1.097564119845628738e-02 8.774316869676113129e-03 7.626145612448453903e-03 1.063480135053396225e-02 1.967120915651321411e-02 1.049728412181138992e-02 1.369931362569332123e-02 9.097314439713954926e-03 1.472096238285303116e-02 3.124441718682646751e-04 2.471463009715080261e-02 2.270332165062427521e-02 2.938791178166866302e-03 1.090854778885841370e-02 5.161621607840061188e-03 1.962481066584587097e-02 8.793682791292667389e-03 2.118134871125221252e-03 3.190268995240330696e-03 1.382965687662363052e-02 9.681778028607368469e-03 3.937798086553812027e-03 3.215081756934523582e-03 5.082953255623579025e-03 9.566274471580982208e-03 5.508354865014553070e-03 5.756696313619613647e-02 2.073793485760688782e-02 1.880298741161823273e-02 1.344198361039161682e-02 7.535133045166730881e-03 1.236192602664232254e-02 1.945382542908191681e-02 1.765809953212738037e-02 8.080651983618736267e-03 1.277935132384300232e-02 1.371981925331056118e-03 5.023353151045739651e-04 1.128921937197446823e-02 4.755467642098665237e-03 2.068983949720859528e-02 1.376398373395204544e-02 9.699334390461444855e-03 6.068682414479553699e-04 8.761975914239883423e-03 4.561319947242736816e-03 5.059954244643449783e-03 6.676479708403348923e-03 2.544764720369130373e-04 3.908165264874696732e-03 2.197647094726562500e-02 1.798825152218341827e-02 1.327142002992331982e-03 8.771532215178012848e-03 4.736641887575387955e-03 3.117712400853633881e-02 7.948156446218490601e-03 1.468221750110387802e-02 1.684239692986011505e-02 2.230753935873508453e-02 1.409429387422278523e-04 1.526413485407829285e-02
6.419775076210498810e-03 8.686302229762077332e-03 5.122125614434480667e-03 8.360823392868041992e-01 5.549080669879913330e-02 3.601331496611237526e-03 2.355341101065278053e-03 9.833275340497493744e-03 7.987933233380317688e-03 1.572788879275321960e-02 7.599628064781427383e-03 9.933373890817165375e-03 5.190438125282526016e-03 1.057330612093210220e-02 1.101764570921659470e-02 2.555650658905506134e-02 1.976467855274677277e-02 1.081598177552223206e-02 6.085775326937437057e-03 3.136739134788513184e-03 1.492892298847436905e-02 1.552059082314372063e-03 1.640746742486953735e-02 4.295247141271829605e-03 1.481595542281866074e-02 3.275690600275993347e-02 1.462802849709987640e-02 2.578773722052574158e-02 2.575088478624820709e-02 2.240237034857273102e-02 1.910087093710899353e-02 6.894137710332870483e-03 3.383755683898925781e-02 1.402905909344553947e-03 3.466875851154327393e-02 3.923089243471622467e-03 3.000607527792453766e-02 1.893715816549956799e-03 3.180194646120071411e-02 2.183941006660461426e-02 6.960063707083463669e-03 9.725496172904968262e-03 2.071047760546207428e-02 2.033537719398736954e-03 1.635121181607246399e-02 2.991468831896781921e-02 1.047013420611619949e-02 1.883085817098617554e-02 1.091950398404151201e-04 1.322635821998119354e-02 2.803854085505008698e-02 2.228997461497783661e-02 2.661355584859848022e-02 1.141088735312223434e-02 2.542459219694137573e-02 1.164910034276545048e-03 3.266490623354911804e-02 3.417925536632537842e-02 4.241864662617444992e-03 3.235078183934092522e-03 3.807855024933815002e-02 2.079950645565986633e-02 3.776543214917182922e-02 4.407091438770294189e-02 1.387376151978969574e-02 9.442169219255447388e-03 3.952751867473125458e-03 1.796943508088588715e-02 4.059312865138053894e-02 3.287154017016291618e-03 3.553174063563346863e-02 2.143907546997070312e-02 5.108733102679252625e-02 1.029495382681488991e-03 4.296306148171424866e-02 1.718806102871894836e-03 2.103957906365394592e-02 1.154466997832059860e-02 1.321648806333541870e-02 3.211960196495056152e-02 6.882264744490385056e-03 6.230748258531093597e-03 1.242473255842924118e-02 2.796293236315250397e-03 1.155308354645967484e-02 7.248269394040107727e-03 1.428938936442136765e-03 9.103966876864433289e-04 2.805911935865879059e-02 4.705357830971479416e-03 1.226033084094524384e-02 9.349841857329010963e-04 1.527612796053290367e-03 5.447281058877706528e-03 2.480270108208060265e-03 8.961641229689121246e-03 1.970222964882850647e-02 1.616398431360721588e-02 1.053446531295776367e-02 5.309968255460262299e-03 2.613165415823459625e-03 1.644813339225947857e-03 9.857373312115669250e-03 1.794585376046597958e-03 4.031866043806076050e-02 2.798119373619556427e-02 1.959167188033461571e-03 3.477025777101516724e-02 2.891857002396136522e-04 1.891712099313735962e-02 1.291747670620679855e-02 1.993585005402565002e-02 1.185909379273653030e-02 4.134186077862977982e-03 2.694347128272056580e-02 2.317263558506965637e-02
5.409034900367259979e-03 3.246971173211932182e-03 1.560160517692565918e-02 5.549080669879913330e-02 8.360823392868041992e-01 1.845258846879005432e-02 8.894442580640316010e-03 2.870854921638965607e-02 7.873060181736946106e-03 2.371359150856733322e-03 8.116716053336858749e-04 1.967360824346542358e-02 3.219129284843802452e-03 9.550539776682853699e-03 3.820994636043906212e-03 3.059335798025131226e-02 3.576258197426795959e-02 9.962746873497962952e-03 1.116732973605394363e-02 1.701219379901885986e-02 9.468993172049522400e-03 9.217705577611923218e-03 1.840082369744777679e-02 1.632473058998584747e-02 1.621617376804351807e-02 3.679097071290016174e-02 3.138046013191342354e-03 8.978495374321937561e-03 1.268159598112106323e-02 1.342761144042015076e-02 1.108114793896675110e-02 1.008654572069644928e-02 1.640329696238040924e-02 4.050496499985456467e-03 3.979177400469779968e-02 2.178019843995571136e-03 1.260195672512054443e-02 5.075229797512292862e-03 2.586771547794342041e-02 3.364599123597145081e-02 8.474063128232955933e-03 4.874938167631626129e-03 1.333693414926528931e-02 2.244677860289812088e-03 8.538099937140941620e-03 2.151005528867244720e-02 7.814100943505764008e-03 9.858681820333003998e-03 5.733889527618885040e-03 5.269067827612161636e-03 1.485099550336599350e-02 6.586021278053522110e-03 2.647500671446323395e-02 1.429401710629463196e-02 2.005372010171413422e-02 2.306849323213100433e-02 2.626487426459789276e-02 3.796859830617904663e-02 2.108325483277440071e-03 9.039754979312419891e-03 2.718820422887802124e-02 3.339467570185661316e-02 1.811361499130725861e-02 3.365474939346313477e-02 6.255545653402805328e-03 5.399080924689769745e-03 1.261714752763509750e-02 1.875315047800540924e-02 3.292514011263847351e-02 2.550903707742691040e-02 4.759906232357025146e-02 1.771961338818073273e-02 4.406524822115898132e-02 2.304991148412227631e-02 5.421269312500953674e-02 8.190247230231761932e-03 1.363493222743272781e-02 7.141458801925182343e-03 1.702210679650306702e-02 2.084622904658317566e-02 3.046835027635097504e-02 6.908920593559741974e-03 1.410136930644512177e-02 2.327002771198749542e-02 1.318871695548295975e-02 2.935496391728520393e-03 9.488647920079529285e-04 4.851368255913257599e-03 2.330191619694232941e-02 2.175184711813926697e-02 8.771031163632869720e-03 1.160319149494171143e-02 2.689794055186212063e-04 9.653078392148017883e-03 6.858232431113719940e-03 1.318715605884790421e-02 1.078614033758640289e-02 1.260977331548929214e-02 9.569773450493812561e-03 9.078055620193481445e-03 4.563792143017053604e-03 8.120584301650524139e-03 1.358910463750362396e-02 8.154299110174179077e-03 3.394875302910804749e-02 2.687695808708667755e-02 1.022655889391899109e-02 2.633216232061386108e-02 1.377957873046398163e-02 6.881500594317913055e-03 2.827426418662071228e-02 2.134172432124614716e-02 1.066548563539981842e-02 1.617766567505896091e-03 4.788243211805820465e-03 1.316362712532281876e-02
2.227361313998699188e-02 3.818427026271820068e-02 9.968985803425312042e-03 3.601331496611237526e-03 1.845258846879005432e-02 8.360823392868041992e-01 5.828552320599555969e-02 2.188374660909175873e-02 1.570240780711174011e-02 1.230066549032926559e-02 3.230366483330726624e-02 2.441836334764957428e-02 3.849072381854057312e-02 3.642014786601066589e-02 1.465567015111446381e-02 2.155685238540172577e-02 2.271589078009128571e-02 1.529726758599281311e-02 1.548807322978973389e-02 2.417921647429466248e-02 1.363074034452438354e-02 7.279773708432912827e-03 1.775948330760002136e-02 2.074869163334369659e-02 2.061017416417598724e-02 1.943906024098396301e-02 5.590673070400953293e-03 1.026266813278198242e-02 3.394745290279388428e-02 2.082911692559719086e-02 2.584481425583362579e-02 1.907426677644252777e-02 7.661370094865560532e-03 1.474354695528745651e-02 1.315714605152606964e-02 1.689300313591957092e-02 1.573120243847370148e-02 7.572365459054708481e-03 9.883602149784564972e-03 2.386615797877311707e-02 2.494618296623229980e-03 9.226175025105476379e-03 1.383805181831121445e-02 1.654243282973766327e-02 8.879737928509712219e-03 7.576252100989222527e-04 2.447537705302238464e-02 1.007307413965463638e-02 2.697870321571826935e-02 2.929512970149517059e-02 1.360759953968226910e-03 4.732435103505849838e-03 7.199885323643684387e-03 1.108037400990724564e-02 1.929326169192790985e-02 2.777125872671604156e-02 7.549235131591558456e-03 1.133923884481191635e-02 3.385986434295773506e-03 5.748251918703317642e-03 7.731587626039981842e-03 1.350406743586063385e-02 7.454764563590288162e-04 1.263910904526710510e-02 2.661825902760028839e-02 2.002248167991638184e-02 1.938329264521598816e-02 2.173095010221004486e-02 9.521539323031902313e-03 9.528925642371177673e-03 2.189889177680015564e-02 4.406324122101068497e-03 1.214450504630804062e-02 1.662116125226020813e-02 1.657677628099918365e-02 1.484122709371149540e-03 8.310715667903423309e-03 1.156096812337636948e-02 2.361390274018049240e-03 1.497629215009510517e-03 2.051844820380210876e-02 1.972885802388191223e-02 1.430812291800975800e-02 2.244784869253635406e-02 8.399798534810543060e-03 4.182563163340091705e-03 2.669548382982611656e-03 1.048897486180067062e-02 5.208914633840322495e-03 2.377170510590076447e-02 1.551768276840448380e-02 3.835783805698156357e-03 1.506605464965105057e-02 2.041646046563982964e-03 4.021814838051795959e-02 2.523075230419635773e-02 1.594570465385913849e-02 3.794130170717835426e-03 1.725842244923114777e-02 1.393290888518095016e-02 2.212406508624553680e-02 1.682530157268047333e-02 4.351476673036813736e-03 9.534015320241451263e-03 5.165860056877136230e-03 8.399771526455879211e-03 3.106532804667949677e-02 6.574382539838552475e-03 1.901303417980670929e-02 1.380880083888769150e-02 9.292425587773323059e-03 5.343143828213214874e-03 9.806575253605842590e-03 3.704149276018142700e-03 1.634138636291027069e-02 2.765150181949138641e-02
2.063596993684768677e-02 5.713696032762527466e-02 5.921928212046623230e-03 2.355341101065278053e-03 8.894442580640316010e-03 5.828552320599555969e-02 8.360823392868041992e-01 1.412329822778701782e-02 3.232883289456367493e-02 3.780763968825340271e-02 1.865301653742790222e-02 1.019535027444362640e-02 5.266045778989791870e-02 1.529545336961746216e-02 8.788359351456165314e-03 1.077989675104618073e-02 1.202879007905721664e-02 3.295534104108810425e-02 3.561738133430480957e-02 2.980279736220836639e-03 6.478208117187023163e-03 1.760915480554103851e-02 3.330087056383490562e-03 9.333531372249126434e-03 2.313691191375255585e-03 4.596969578415155411e-03 2.009968645870685577e-02 2.496640011668205261e-02 2.655155770480632782e-02 1.098457816988229752e-02 2.904570661485195160e-02 2.056698780506849289e-03 6.143999285995960236e-03 2.487391233444213867e-03 6.242285482585430145e-03 7.059993688017129898e-03 5.691781407222151756e-04 6.107370834797620773e-03 7.083861157298088074e-03 1.350605161860585213e-03 1.121753547340631485e-02 2.878799289464950562e-02 1.776286028325557709e-02 1.436318922787904739e-02 2.409844473004341125e-02 2.966213971376419067e-02 3.294834494590759277e-02 3.930562734603881836e-02 4.193225875496864319e-02 3.871699795126914978e-02 7.101085968315601349e-03 1.033219136297702789e-02 9.970963001251220703e-03 8.749863132834434509e-03 1.583590172231197357e-02 2.913124114274978638e-02 1.200858131051063538e-02 1.528716553002595901e-02 2.167850174009799957e-02 7.512142416089773178e-03 3.283367725089192390e-03 8.315006271004676819e-03 1.921760290861129761e-02 4.901990760117769241e-03 3.510450571775436401e-02 2.437477186322212219e-02 3.433150472119450569e-03 3.372916020452976227e-03 6.520313210785388947e-03 3.503479296341538429e-03 6.085802335292100906e-03 1.624046638607978821e-02 1.262741629034280777e-02 2.217306755483150482e-02 6.941134110093116760e-03 1.784694008529186249e-02 2.493797056376934052e-02 3.168628364801406860e-02 3.981121629476547241e-02 2.966125309467315674e-02 2.468592673540115356e-02 1.077004708349704742e-02 2.916127257049083710e-02 3.172488883137702942e-02 5.806839559227228165e-03 2.395987696945667267e-02 1.273952145129442215e-02 1.874337787739932537e-03 1.999671384692192078e-02 6.391815841197967529e-03 8.147696964442729950e-03 6.538841989822685719e-04 5.858450196683406830e-03 1.315075159072875977e-02 2.925935946404933929e-02 2.292595058679580688e-02 7.872940041124820709e-03 2.719459496438503265e-02 1.304480712860822678e-02 1.408369839191436768e-02 1.949463225901126862e-02 2.277237176895141602e-02 1.077737379819154739e-02 2.745510311797261238e-03 4.608714021742343903e-03 5.729726515710353851e-03 8.678024634718894958e-03 7.902053184807300568e-03 1.268595643341541290e-02 4.024181049317121506e-03 2.642018953338265419e-03 1.017299760133028030e-02 1.296914368867874146e-02 6.622205954045057297e-03 4.471376538276672363e-03 2.358849858865141869e-03
7.763446774333715439e-03 2.058397745713591576e-03 3.027567826211452484e-02 9.833275340497493744e-03 2.870854921638965607e-02 2.188374660909175873e-02 1.412329822778701782e-02 8.360823392868041992e-01 5.242751445621252060e-03 1.277812058106064796e-03 1.014312170445919037e-02 1.703312806785106659e-02 7.546967361122369766e-03 1.730128005146980286e-02 3.420223295688629150e-02 2.252636011689901352e-03 5.209895782172679901e-03 1.385845988988876343e-02 9.295664494857192039e-04 1.189999002963304520e-02 1.111631374806165695e-02 1.286451425403356552e-02 6.344695575535297394e-04 2.637324854731559753e-03 3.015701193362474442e-03 4.956406075507402420e-03 7.450638804584741592e-03 1.265445072203874588e-02 4.133364185690879822e-02 1.297538354992866516e-02 3.044766187667846680e-02 1.920187380164861679e-03 8.026786148548126221e-03 1.959063578397035599e-03 9.934758767485618591e-03 6.128745153546333313e-03 1.776804402470588684e-02 2.716902084648609161e-02 1.437912043184041977e-02 1.160191558301448822e-02 3.813699260354042053e-02 7.403816562145948410e-04 2.780216280370950699e-03 2.756092138588428497e-02 2.213399624451994896e-03 3.101914422586560249e-03 2.241112664341926575e-02 2.406799234449863434e-02 1.900275819934904575e-03 4.014996346086263657e-03 8.188011124730110168e-03 2.271461300551891327e-03 1.773798721842467785e-03 8.646127767860889435e-03 9.086752310395240784e-03 3.352499799802899361e-03 1.247289311140775681e-02 1.002219505608081818e-02 1.382004562765359879e-02 3.300601383671164513e-04 2.195168053731322289e-03 5.654823500663042068e-03 6.006972398608922958e-03 1.506744138896465302e-02 4.001956060528755188e-02 2.694449573755264282e-02 6.343209650367498398e-03 7.415462285280227661e-03 2.758647315204143524e-03 1.397739071398973465e-02 1.207630708813667297e-02 9.307689033448696136e-03 1.364966109395027161e-02 6.195392459630966187e-03 1.572199165821075439e-02 6.570862606167793274e-03 3.141626366414129734e-04 8.690639398992061615e-03 6.511210463941097260e-03 2.622354077175259590e-03 5.964947119355201721e-02 5.674643442034721375e-02 3.064445336349308491e-04 2.781198825687170029e-03 1.046247314661741257e-02 7.594661321491003036e-03 3.527668863534927368e-02 4.485825449228286743e-02 6.980122532695531845e-03 2.645105868577957153e-02 2.961640991270542145e-02 1.765801012516021729e-02 2.196402661502361298e-02 1.547770295292139053e-02 1.524297427386045456e-02 1.836771331727504730e-02 5.723203532397747040e-03 1.567251794040203094e-02 1.143844705075025558e-02 9.242646396160125732e-03 2.242988673970103264e-03 7.057600189000368118e-03 9.349122643470764160e-03 5.074940994381904602e-02 4.514653937803814188e-06 1.459586084820330143e-03 7.115618791431188583e-03 6.479771807789802551e-03 5.043520941399037838e-04 7.408041972666978836e-03 9.352285414934158325e-03 2.417772822082042694e-02 6.996386218816041946e-03 6.635210476815700531e-03 2.169330790638923645e-02 2.808438241481781006e-02
7.644670084118843079e-03 2.767237368971109390e-03 2.185297198593616486e-03 7.987933233380317688e-03 7.873060181736946106e-03 1.570240780711174011e-02 3.232883289456367493e-02 5.242751445621252060e-03 8.360823392868041992e-01 3.270749002695083618e-02 4.337999038398265839e-03 4.087787121534347534e-02 1.827866025269031525e-02 2.956847473978996277e-02 9.032969363033771515e-03 9.479963220655918121e-03 8.150044013746082783e-04 4.548520594835281372e-02 2.737394534051418304e-02 1.160803716629743576e-02 6.507240468636155128e-04 2.196818962693214417e-02 3.180688992142677307e-02 3.056328929960727692e-02 2.872446086257696152e-03 1.851797336712479591e-03 3.080540150403976440e-02 9.681543335318565369e-03 1.453020889312028885e-02 1.083964714780449867e-03 1.301901694387197495e-02 1.946802716702222824e-03 4.500081762671470642e-03 1.149285305291414261e-02 3.841436002403497696e-03 1.379677280783653259e-02 8.324765600264072418e-03 2.417673822492361069e-03 7.269884925335645676e-03 1.372140552848577499e-02 2.518665511161088943e-03 3.681555390357971191e-02 1.836192421615123749e-02 1.960265263915061951e-02 3.977165371179580688e-02 1.985960081219673157e-02 2.699191309511661530e-02 2.184230275452136993e-02 2.698937058448791504e-02 3.096691332757472992e-03 2.440052665770053864e-02 2.812364697456359863e-02 1.428993884474039078e-03 1.925515756011009216e-02 3.239125385880470276e-02 3.691831137984991074e-03 1.954258419573307037e-02 1.801640726625919342e-02 1.900194771587848663e-02 1.909721083939075470e-02 2.785286307334899902e-02 1.111713121645152569e-03 7.309822831302881241e-03 1.998998050112277269e-05 1.131529361009597778e-02 1.759124547243118286e-02 1.094477996230125427e-02 6.785085424780845642e-03 2.816215530037879944e-02 1.751275733113288879e-02 1.640955545008182526e-02 4.683491215109825134e-02 8.990606293082237244e-03 1.215821690857410431e-02 5.104408483020961285e-04 4.125619307160377502e-02 6.913788616657257080e-02 4.186458140611648560e-02 3.809964656829833984e-02 1.480099558830261230e-02 4.010982811450958252e-03 2.268225507577881217e-04 3.614965826272964478e-02 3.063769079744815826e-02 1.062332000583410263e-02 6.743097212165594101e-03 7.184007205069065094e-03 2.046573907136917114e-03 2.789852395653724670e-02 9.006485342979431152e-03 1.806877367198467255e-02 2.251534722745418549e-02 1.578696537762880325e-03 3.601261973381042480e-02 5.607800092548131943e-03 1.794406399130821228e-02 1.087808515876531601e-02 2.273753099143505096e-02 3.243526443839073181e-02 2.986376360058784485e-02 9.583299048244953156e-03 1.189860142767429352e-02 1.842916943132877350e-02 5.366262514144182205e-03 4.936706274747848511e-03 1.877183653414249420e-02 1.820234768092632294e-02 8.894360624253749847e-03 8.258242160081863403e-03 8.525655604898929596e-03 8.966900408267974854e-03 1.404675189405679703e-02 7.851565256714820862e-03 1.289055310189723969e-02 1.188014750368893147e-03 9.147759526968002319e-03
8.066096343100070953e-03 1.558217965066432953e-02 2.517859451472759247e-03 1.572788879275321960e-02 2.371359150856733322e-03 1.230066549032926559e-02 3.780763968825340271e-02 1.277812058106064796e-03 3.270749002695083618e-02 8.360823392868041992e-01 1.830239081755280495e-03 1.551097375340759754e-03 2.914922870695590973e-02 2.642372250556945801e-02 2.601668471470475197e-03 1.702257804572582245e-02 8.327366784214973450e-03 3.198805078864097595e-02 5.101989209651947021e-02 7.567586377263069153e-03 7.754196878522634506e-03 1.601230539381504059e-02 4.349588882178068161e-03 1.843271218240261078e-02 5.846408195793628693e-03 9.800445288419723511e-03 3.044913522899150848e-02 3.494896739721298218e-02 7.485606707632541656e-03 1.990466564893722534e-02 1.059048902243375778e-02 3.010774031281471252e-03 2.008455805480480194e-02 4.051242955029010773e-03 1.515603438019752502e-02 2.310460247099399567e-02 3.417917061597108841e-03 5.241809412837028503e-03 1.523324754089117050e-02 2.069927938282489777e-02 1.900295726954936981e-02 2.005712874233722687e-02 1.286825165152549744e-02 7.037534844130277634e-03 3.256241232156753540e-02 4.105439409613609314e-02 2.745564654469490051e-02 1.951937749981880188e-02 3.705145418643951416e-02 4.824138060212135315e-02 5.937881069257855415e-04 1.286104135215282440e-02 2.352704852819442749e-02 2.191722951829433441e-02 1.199283543974161148e-02 3.733373805880546570e-02 1.731298305094242096e-02 2.730449289083480835e-02 1.377202942967414856e-02 1.680507697165012360e-02 1.228266581892967224e-02 1.038764510303735733e-02 3.829590976238250732e-02 2.534481510519981384e-02 1.253828499466180801e-02 1.771239005029201508e-02 9.838678874075412750e-03 1.269963104277849197e-02 1.479288656264543533e-02 3.976264223456382751e-02 3.428609110414981842e-03 1.577286981046199799e-02 2.648827061057090759e-02 4.603205248713493347e-02 7.313920184969902039e-03 2.059452049434185028e-02 1.549162808805704117e-02 5.603978782892227173e-02 3.798049315810203552e-02 5.327230691909790039e-02 2.687678206712007523e-03 3.866567567456513643e-04 2.559950016438961029e-02 4.287137836217880249e-02 7.128647994250059128e-03 3.911746665835380554e-02 9.700573980808258057e-03 4.895773716270923615e-03 2.202627994120121002e-02 2.318226546049118042e-02 1.754403859376907349e-02 1.635006070137023926e-02 1.583394780755043030e-02 1.369123626500368118e-02 1.100779324769973755e-02 4.208398051559925079e-03 4.080836847424507141e-02 2.754590474069118500e-02 4.817028995603322983e-03 1.211315020918846130e-02 1.134815509431064129e-03 1.849974878132343292e-02 1.406842283904552460e-02 4.573574755340814590e-03 1.099285297095775604e-02 1.904817298054695129e-02 6.236542947590351105e-03 1.043046452105045319e-02 6.920860148966312408e-03 5.933756474405527115e-03 8.922166191041469574e-03 1.558535173535346985e-02 3.163577988743782043e-03 7.726205047219991684e-03 7.869889028370380402e-03 1.287706382572650909e-02
5.444092676043510437e-02 3.335195407271385193e-02 2.524938806891441345e-02 7.599628064781427383e-03 8.116716053336858749e-04 3.230366483330726624e-02 1.865301653742790222e-02 1.014312170445919037e-02 4.337999038398265839e-03 1.830239081755280495e-03 8.360823392868041992e-01 1.233166269958019257e-02 5.019451305270195007e-02 1.264015026390552521e-02 3.995753824710845947e-02 2.272505080327391624e-03 3.362179733812808990e-03 1.556214131414890289e-02 8.697001263499259949e-03 2.041880274191498756e-03 1.935828104615211487e-02 2.408841438591480255e-02 1.389512233436107635e-02 2.485039271414279938e-02 1.180014200508594513e-02 1.634609140455722809e-02 1.902763382531702518e-03 6.444021593779325485e-03 2.191034518182277679e-02 1.730767078697681427e-02 2.688722312450408936e-02 2.258432842791080475e-02 2.345425076782703400e-02 3.189595416188240051e-02 2.091920189559459686e-02 7.131421472877264023e-03 2.516771294176578522e-02 1.561587490141391754e-02 1.780611462891101837e-02 7.852620445191860199e-03 1.138568762689828873e-02 6.188367959111928940e-03 6.953609641641378403e-03 2.814401872456073761e-03 1.770907826721668243e-02 1.841236022301018238e-03 1.216255035251379013e-02 2.701101126149296761e-03 2.102136146277189255e-03 6.544979754835367203e-03 3.604005789384245872e-03 3.214991185814142227e-03 7.927103899419307709e-03 1.794521324336528778e-02 5.493320990353822708e-03 4.426044411957263947e-03 2.352812793105840683e-03 1.120551768690347672e-02 2.821522066369652748e-04 1.382939517498016357e-02 4.521865397691726685e-03 9.495561942458152771e-03 1.168072130531072617e-02 6.860957015305757523e-03 6.056359969079494476e-03 7.457815576344728470e-03 9.480896405875682831e-03 1.498455367982387543e-02 4.287440329790115356e-03 8.095766417682170868e-03 1.954433973878622055e-03 7.047183811664581299e-03 1.069035287946462631e-02 9.951235726475715637e-03 1.004983391612768173e-02 3.664950418169610202e-05 1.714286045171320438e-03 3.236693737562745810e-04 1.450559211662039161e-04 2.132345456629991531e-03 2.591462619602680206e-02 2.412160672247409821e-02 8.308167569339275360e-03 1.331399427726864815e-03 3.316731192171573639e-03 5.157113075256347656e-03 2.629501745104789734e-02 2.949163690209388733e-02 7.615270093083381653e-03 7.504514651373028755e-04 1.154604181647300720e-02 1.514877565205097198e-02 2.124645560979843140e-02 6.711313035339117050e-03 2.540603280067443848e-02 3.260267153382301331e-02 3.931387793272733688e-03 1.632598810829222202e-03 1.935400255024433136e-02 2.188239805400371552e-02 2.277724072337150574e-02 1.626789942383766174e-02 5.596099887043237686e-03 7.765925023704767227e-03 2.171706594526767731e-02 1.771540008485317230e-02 2.824231609702110291e-02 9.038801304996013641e-03 1.534266956150531769e-02 2.373340725898742676e-02 6.757689639925956726e-03 8.848437108099460602e-03 5.510382354259490967e-03 5.638049915432929993e-03 1.212514284998178482e-02 1.558120269328355789e-02
2.564735710620880127e-02 2.649223245680332184e-02 1.484464202076196671e-02 9.933373890817165375e-03 1.967360824346542358e-02 2.441836334764957428e-02 1.019535027444362640e-02 1.703312806785106659e-02 4.087787121534347534e-02 1.551097375340759754e-03 1.233166269958019257e-02 8.360823392868041992e-01 1.724742352962493896e-03 7.578644901514053345e-02 7.520553190261125565e-03 3.831682354211807251e-02 3.366267681121826172e-02 1.068630721420049667e-03 9.123826399445533752e-03 1.288515329360961914e-02 1.664536818861961365e-02 8.954484947025775909e-03 3.551053628325462341e-02 3.662782534956932068e-02 1.102414261549711227e-02 1.715361326932907104e-02 6.845748052000999451e-03 4.926509037613868713e-02 1.528376620262861252e-02 4.689979553222656250e-02 4.105185798835009336e-04 9.591722860932350159e-03 8.790569379925727844e-03 3.728292649611830711e-03 1.047383248805999756e-02 2.934518642723560333e-02 3.392220940440893173e-03 6.130497436970472336e-03 1.214172504842281342e-02 2.059318497776985168e-02 3.299262141808867455e-03 2.613338176161050797e-03 8.304445073008537292e-04 1.305950526148080826e-02 1.147188991308212280e-02 6.574625615030527115e-03 2.648228779435157776e-03 9.359373711049556732e-03 1.334833819419145584e-02 3.153613582253456116e-02 1.583566702902317047e-02 2.885758318006992340e-02 1.777664199471473694e-02 8.998782373964786530e-03 5.617656745016574860e-03 1.900122314691543579e-02 3.315461054444313049e-02 2.467781864106655121e-02 7.950838655233383179e-03 1.048826705664396286e-02 1.565611548721790314e-02 5.773333832621574402e-03 1.047050394117832184e-02 1.789968274533748627e-02 4.941816441714763641e-03 6.714398041367530823e-03 3.429053816944360733e-03 8.077179081737995148e-03 3.358628600835800171e-02 8.335152640938758850e-03 2.922297269105911255e-02 1.524275727570056915e-02 2.715786546468734741e-02 9.082126431167125702e-03 3.486483171582221985e-02 1.918608509004116058e-02 3.597541525959968567e-02 1.999217830598354340e-02 9.881447767838835716e-04 1.502085197716951370e-02 9.572692215442657471e-04 1.083834934979677200e-02 1.092422660440206528e-02 1.756469719111919403e-02 8.102281950414180756e-03 2.126020565629005432e-02 1.535741239786148071e-02 1.233196089742705226e-04 4.353164881467819214e-02 3.803921118378639221e-02 2.871872391551733017e-03 1.183720491826534271e-02 6.440137512981891632e-03 1.699799671769142151e-02 9.286629036068916321e-03 2.314119134098291397e-03 5.285784602165222168e-03 3.117007901892066002e-03 1.706569828093051910e-02 1.157282199710607529e-02 3.663905896246433258e-03 8.983510546386241913e-03 1.447591185569763184e-02 1.692793914116919041e-03 1.022187247872352600e-02 9.287793189287185669e-03 2.239574678242206573e-02 8.060347288846969604e-03 2.461091848090291023e-03 5.613105371594429016e-03 1.486430130898952484e-02 2.789851278066635132e-02 1.125617651268839836e-03 6.883412133902311325e-03 1.044768095016479492e-02 1.135212928056716919e-02
3.310569329187273979e-03 3.731980919837951660e-02 1.678747870028018951e-02 5.190438125282526016e-03 3.219129284843802452e-03 3.849072381854057312e-02 5.266045778989791870e-02 7.546967361122369766e-03 1.827866025269031525e-02 2.914922870695590973e-02 5.019451305270195007e-02 1.724742352962493896e-03 8.360823392868041992e-01 3.941269591450691223e-02 3.298695385456085205e-02 1.618395186960697174e-02 5.940048024058341980e-03 1.980903185904026031e-02 2.521276660263538361e-02 4.082365892827510834e-03 7.541306316852569580e-03 2.571396343410015106e-02 2.115200972184538841e-03 1.147375721484422684e-02 2.587550319731235504e-03 9.105061180889606476e-03 2.151455171406269073e-02 2.124164626002311707e-02 1.366621442139148712e-02 1.006149221211671829e-02 2.029923256486654282e-03 1.207170862471684813e-04 7.114086765795946121e-03 1.335591170936822891e-02 1.548424083739519119e-02 6.515820510685443878e-03 3.131250850856304169e-04 1.231976132839918137e-02 6.668375572189688683e-04 6.626483052968978882e-03 3.110961755737662315e-03 3.486343473196029663e-02 6.502253003418445587e-03 1.152878254652023315e-02 1.579560153186321259e-02 2.555796876549720764e-02 3.567395731806755066e-02 3.048114851117134094e-02 3.261333703994750977e-02 2.938110008835792542e-02 1.106300391256809235e-02 1.004158239811658859e-02 9.883888997137546539e-03 1.292598433792591095e-02 2.210838533937931061e-02 2.701701968908309937e-02 1.234816270880401134e-03 2.315511554479598999e-02 9.165085852146148682e-03 9.277631528675556183e-03 5.401707720011472702e-03 8.525326848030090332e-03 1.221312792040407658e-03 1.149389147758483887e-02 1.542394980788230896e-03 2.186576090753078461e-02 8.471383713185787201e-03 6.422570906579494476e-03 6.685975939035415649e-03 5.098122172057628632e-03 1.216045487672090530e-02 1.015144865959882736e-02 1.200266461819410324e-02 1.735972613096237183e-02 1.007602084428071976e-02 1.580797135829925537e-02 9.382102638483047485e-03 3.013606555759906769e-02 1.881832070648670197e-02 2.056142501533031464e-02 1.020853291265666485e-03 1.867798157036304474e-02 2.716185525059700012e-02 2.358428016304969788e-02 8.238759473897516727e-04 1.424801629036664963e-02 2.335884841158986092e-03 4.409348592162132263e-02 6.007327232509851456e-03 2.841396257281303406e-02 1.088348776102066040e-02 8.115478791296482086e-03 1.242215279489755630e-02 2.496172115206718445e-02 9.756959043443202972e-04 6.368781439960002899e-03 1.655768044292926788e-02 1.668622344732284546e-02 1.976418495178222656e-02 1.270912960171699524e-02 6.744599435478448868e-03 1.606679894030094147e-02 2.534685481805354357e-04 1.693550380878150463e-03 7.545325905084609985e-03 6.534952670335769653e-03 1.114939153194427490e-02 1.374091021716594696e-03 1.147765014320611954e-02 3.935114014893770218e-03 8.373106829822063446e-03 1.466802321374416351e-03 2.666006237268447876e-02 3.625292563810944557e-03 5.111976992338895798e-03 3.977203159593045712e-04
