8.347739577293395996e-01 8.207837492227554321e-02 1.406347379088401794e-02 2.200014889240264893e-02 1.180720236152410507e-02 7.774592190980911255e-02 6.299084424972534180e-02 2.436575293540954590e-02 6.242337170988321304e-03 2.291458658874034882e-03 7.300326228141784668e-02 1.817149604903534055e-04 5.592352524399757385e-02 5.787502042949199677e-03 1.099667698144912720e-02 1.872201077640056610e-02 8.557912893593311310e-03 1.691272296011447906e-02 1.130349282175302505e-02 1.661249250173568726e-02 2.075850404798984528e-02 1.963107474148273468e-02 4.588920157402753830e-03 5.040590185672044754e-04 1.502183731645345688e-02 1.201763190329074860e-02 2.399419806897640228e-02 1.424447353929281235e-02 2.722858078777790070e-02 1.135254092514514923e-02 3.711948636919260025e-03 5.659666203428059816e-05 1.073471549898386002e-02 4.396783653646707535e-03 3.387304488569498062e-03 6.620102096349000931e-03 8.311660028994083405e-03 1.628658617846667767e-03 4.493262618780136108e-03 1.767468824982643127e-02 1.311912480741739273e-02 1.031036023050546646e-02 5.761559004895389080e-04 6.163341924548149109e-03 8.452513255178928375e-03 2.170834317803382874e-02 5.575904622673988342e-02 3.569215536117553711e-02 1.143670175224542618e-02 5.048544611781835556e-03 4.183053039014339447e-03 6.055504854884929955e-05 2.969853579998016357e-03 2.884894609451293945e-03 1.242749858647584915e-02 9.649934247136116028e-03 2.646138705313205719e-02 6.789431907236576080e-03 1.020146068185567856e-02 9.702468290925025940e-03 3.249380970373749733e-03 2.445194637402892113e-03 1.115398202091455460e-02 7.749764714390039444e-03 1.739413850009441376e-02 5.317432340234518051e-03 3.216464538127183914e-03 6.221534218639135361e-03 1.845347881317138672e-02 1.868283934891223907e-02 1.656950102187693119e-03 1.490727812051773071e-02 3.460644744336605072e-03 2.344589307904243469e-02 2.746916841715574265e-03 1.639500260353088379e-02 9.177107363939285278e-03 1.174922217614948750e-03 9.967682883143424988e-03 1.831005443818867207e-03 1.647701673209667206e-02 2.502906601876020432e-03 1.492268755100667477e-03 1.669159904122352600e-02 6.083001848310232162e-03 3.282580152153968811e-02 3.184420987963676453e-03 4.662603139877319336e-03 5.918615497648715973e-04 1.601326093077659607e-02 3.633742406964302063e-02 1.946357823908329010e-02 9.542049840092658997e-03 1.188966166228055954e-02 3.667474910616874695e-02 3.378864005208015442e-02 2.055333694443106651e-03 1.713512931019067764e-03 3.388749202713370323e-03 6.094685290008783340e-03 8.431229740381240845e-03 1.400375086814165115e-02 4.624830558896064758e-03 1.717584789730608463e-03 1.225276105105876923e-02 5.564637016505002975e-03 1.118310261517763138e-03 4.049013368785381317e-03 2.904991246759891510e-02 1.727444492280483246e-02 1.890946296043694019e-03 2.638093661516904831e-03 2.950166817754507065e-03 1.919931918382644653e-02 1.948450133204460144e-02 1.220718986587598920e-04
8.207837492227554321e-02 8.347739577293395996e-01 4.126776009798049927e-03 1.121730892919003963e-03 2.301936782896518707e-02 4.958807677030563354e-02 7.621197402477264404e-02 1.376432552933692932e-02 1.396807469427585602e-02 1.411461154930293560e-03 4.440717399120330811e-02 2.682311832904815674e-02 6.636489927768707275e-02 7.122312206774950027e-03 4.226701334118843079e-03 6.742509547621011734e-03 3.883773228153586388e-03 2.792735584080219269e-02 1.560916192829608917e-02 1.298930402845144272e-02 1.103432662785053253e-02 2.978167030960321426e-03 8.943154476583003998e-03 4.329022485762834549e-03 5.867530591785907745e-03 3.601700300350785255e-03 4.301783628761768341e-03 1.410411577671766281e-02 3.344202181324362755e-03 1.195412408560514450e-02 7.789749186486005783e-03 4.647864028811454773e-03 4.780570510774850845e-03 1.461083884350955486e-03 5.783728789538145065e-03 3.248041728511452675e-03 7.930452935397624969e-03 1.436702534556388855e-02 9.574556024745106697e-04 9.439257904887199402e-03 6.504346616566181183e-03 2.288055839017033577e-03 9.603813290596008301e-03 1.217139139771461487e-02 1.941541582345962524e-02 1.720737479627132416e-02 4.323335364460945129e-02 2.663826942443847656e-02 4.511729814112186432e-03 2.013024175539612770e-03 4.366941284388303757e-03 7.508326321840286255e-03 8.862559683620929718e-03 1.632734946906566620e-02 7.059756200760602951e-03 2.511222381144762039e-03 8.553436957299709320e-03 2.366416389122605324e-03 1.543314009904861450e-02 2.561022900044918060e-02 1.200373750180006027e-02 2.127342158928513527e-03 1.407363638281822205e-02 6.680119782686233521e-03 1.406166120432317257e-03 4.261014983057975769e-03 2.090667374432086945e-03 4.005942028015851974e-04 4.430229775607585907e-03 7.063474971801042557e-03 1.452965289354324341e-02 3.923858981579542160e-03 1.278107892721891403e-02 4.599960055202245712e-03 9.517450816929340363e-03 8.773171342909336090e-03 2.411582693457603455e-02 1.646887627430260181e-03 2.140890061855316162e-02 1.666344702243804932e-02 9.087527170777320862e-03 6.202367134392261505e-03 2.791504003107547760e-02 1.886831410229206085e-02 1.761260256171226501e-02 2.315813675522804260e-02 6.267733406275510788e-03 2.024963870644569397e-02 1.619267649948596954e-02 2.728562103584408760e-03 2.023419551551342010e-02 6.528941448777914047e-03 4.709765315055847168e-03 6.865439354442059994e-04 2.112545445561408997e-02 1.480466499924659729e-02 8.133222348988056183e-03 8.475523442029953003e-03 8.602865855209529400e-04 5.106124095618724823e-03 1.391629874706268311e-02 1.865870691835880280e-02 5.857755895704030991e-04 1.481227576732635498e-03 1.930066850036382675e-03 1.775633357465267181e-02 4.133957903832197189e-03 1.696900278329849243e-02 3.180735185742378235e-02 2.477558702230453491e-02 1.888085622340440750e-03 9.890586137771606445e-03 5.537580233067274094e-03 2.330162562429904938e-02 1.583955064415931702e-02 1.646520011126995087e-02
1.406347379088401794e-02 4.126776009798049927e-03 8.347739577293395996e-01 6.049690302461385727e-03 1.578948111273348331e-03 1.832376979291439056e-02 1.838583312928676605e-02 6.262057274580001831e-02 2.480175904929637909e-02 7.343952544033527374e-03 8.398492820560932159e-03 3.801024286076426506e-04 1.437685359269380569e-02 6.767132319509983063e-03 5.250402539968490601e-02 1.338373962789773941e-02 2.040065359324216843e-03 5.148474592715501785e-03 5.259201861917972565e-04 4.433545283973217010e-03 2.918705577030777931e-03 1.829105988144874573e-02 2.297406643629074097e-02 2.232347987592220306e-02 6.295029306784272194e-04 1.039603073149919510e-02 3.605208767112344503e-04 8.553533814847469330e-03 1.314449030905961990e-02 7.448496762663125992e-03 8.544809184968471527e-03 9.523025946691632271e-04 6.580242421478033066e-03 1.099073234945535660e-02 2.564800158143043518e-02 2.956810034811496735e-02 1.590313017368316650e-02 1.365525089204311371e-02 2.283770032227039337e-02 2.803057059645652771e-02 1.092256698757410049e-02 2.285305224359035492e-02 1.210592407733201981e-02 6.530748307704925537e-02 2.181575074791908264e-02 9.690129198133945465e-03 3.373534232378005981e-02 2.735435776412487030e-02 1.622921787202358246e-02 2.436201786622405052e-03 9.010856039822101593e-03 2.705045510083436966e-03 6.618658546358346939e-03 2.193565294146537781e-02 5.465713329613208771e-04 7.083169650286436081e-03 4.577080719172954559e-03 1.066447049379348755e-02 3.728320356458425522e-03 8.655861951410770416e-03 4.883149173110723495e-03 1.403556577861309052e-02 8.683803491294384003e-03 1.785604283213615417e-02 6.419767159968614578e-03 1.600157283246517181e-02 7.281169528141617775e-04 2.998088020831346512e-03 1.438275258988142014e-02 5.562381818890571594e-03 3.512268420308828354e-03 2.441772259771823883e-03 4.640058614313602448e-03 1.490827277302742004e-02 7.688671816140413284e-03 6.706245709210634232e-03 2.509126812219619751e-02 5.504747852683067322e-03 8.156724274158477783e-03 8.034759666770696640e-04 7.945705950260162354e-02 3.571974858641624451e-02 1.303391903638839722e-02 1.553540397435426712e-02 1.347880112007260323e-03 1.760104857385158539e-02 3.118332847952842712e-02 2.844931557774543762e-02 2.374032884836196899e-02 1.796951703727245331e-02 2.068928442895412445e-02 1.882084994576871395e-03 7.077206857502460480e-03 9.444493800401687622e-03 8.336469181813299656e-04 1.044689584523439407e-02 2.078876830637454987e-02 4.548506811261177063e-03 2.605949901044368744e-02 6.109954323619604111e-03 3.791886148974299431e-03 4.166624974459409714e-03 1.045131683349609375e-02 6.082047708332538605e-03 1.573515310883522034e-02 1.894801482558250427e-02 1.740798912942409515e-02 2.490918850526213646e-03 1.931114867329597473e-02 8.496819995343685150e-03 4.897873848676681519e-03 3.727601142600178719e-03 5.465623922646045685e-03 1.739974948577582836e-03 5.313077010214328766e-03 3.143557906150817871e-02
2.200014889240264893e-02 1.121730892919003963e-03 6.049690302461385727e-03 8.347739577293395996e-01 6.889925897121429443e-02 2.400740236043930054e-02 2.795823384076356888e-03 3.196043893694877625e-02 1.187117886729538441e-03 2.580214105546474457e-02 4.123511724174022675e-03 2.319139987230300903e-02 8.706676773726940155e-03 2.667813934385776520e-02 2.168009616434574127e-02 9.593194350600242615e-03 1.573195680975914001e-02 3.147334605455398560e-02 2.077928371727466583e-02 9.828659705817699432e-03 1.887833699584007263e-02 1.444679405540227890e-02 1.554197538644075394e-02 1.671768166124820709e-02 1.148666720837354660e-02 1.173505838960409164e-02 2.126601524651050568e-02 1.821631379425525665e-02 3.392522630747407675e-04 9.335991489933803678e-05 6.979364436119794846e-03 4.045415669679641724e-03 1.236272603273391724e-02 1.740187592804431915e-02 1.154941972345113754e-02 1.146433036774396896e-02 8.062580600380897522e-03 3.065264597535133362e-02 2.105587534606456757e-02 2.625763043761253357e-02 1.295481063425540924e-02 1.337555330246686935e-02 1.061636372469365597e-03 1.094516646116971970e-02 2.066709101200103760e-02 1.416495814919471741e-02 1.524086669087409973e-02 1.007662247866392136e-02 2.293906640261411667e-03 2.094391360878944397e-02 1.458734367042779922e-02 1.064024027436971664e-02 2.434683265164494514e-03 1.713855308480560780e-03 1.246841810643672943e-02 2.557671628892421722e-02 1.925779692828655243e-02 2.017476363107562065e-03 1.542857941240072250e-02 3.942547831684350967e-03 3.053712472319602966e-02 6.807276513427495956e-03 2.083181962370872498e-02 3.235698863863945007e-02 3.467066446319222450e-03 4.247553180903196335e-03 1.049315556883811951e-02 1.621897704899311066e-02 1.328884810209274292e-02 9.570695459842681885e-03 2.687544748187065125e-02 8.626278722658753395e-04 3.984590619802474976e-02 1.187505479902029037e-02 2.000384218990802765e-02 1.504158787429332733e-02 1.309842802584171295e-02 6.805688142776489258e-03 1.866157911717891693e-02 7.873529568314552307e-03 2.114001102745532990e-02 1.690484583377838135e-02 4.797549173235893250e-02 1.629627868533134460e-02 1.250095851719379425e-02 2.170666586607694626e-03 1.705917716026306152e-02 1.798594743013381958e-02 2.005417458713054657e-02 2.615108620375394821e-03 1.007949002087116241e-02 5.369479767978191376e-04 7.408733014017343521e-03 1.226089522242546082e-02 2.619788423180580139e-02 3.260019421577453613e-02 2.474950253963470459e-02 3.523880615830421448e-03 3.593440167605876923e-03 1.151590980589389801e-02 7.416618522256612778e-03 2.280925773084163666e-02 5.404486786574125290e-03 8.675182238221168518e-03 9.732496924698352814e-03 3.372462000697851181e-03 2.556836116127669811e-04 8.350280113518238068e-03 7.474597077816724777e-04 7.186363451182842255e-03 7.601751131005585194e-04 4.665006883442401886e-03 7.164368871599435806e-03 1.397987361997365952e-02 9.214323945343494415e-03 2.121850289404392242e-02
1.180720236152410507e-02 2.301936782896518707e-02 1.578948111273348331e-03 6.889925897121429443e-02 8.347739577293395996e-01 6.838877685368061066e-03 8.247031830251216888e-03 2.027082629501819611e-02 3.543144324794411659e-03 8.034974336624145508e-03 2.011757530272006989e-02 2.207955159246921539e-02 1.294459961354732513e-02 2.224772423505783081e-02 5.563034676015377045e-03 4.166170954704284668e-03 1.934597641229629517e-02 1.607981137931346893e-02 7.384405005723237991e-03 1.735137775540351868e-02 1.371309347450733185e-02 1.084755267947912216e-02 2.457966469228267670e-02 1.627771556377410889e-02 8.033275604248046875e-03 1.102998480200767517e-02 5.560161545872688293e-03 1.919952966272830963e-02 1.048989407718181610e-02 3.744540270417928696e-03 1.226811297237873077e-02 3.828477580100297928e-03 9.886601939797401428e-03 9.753568097949028015e-03 1.720212027430534363e-02 2.084831334650516510e-02 1.956053636968135834e-02 2.169439382851123810e-02 7.693236693739891052e-03 4.561128839850425720e-02 2.311338357685599476e-05 2.347894571721553802e-02 7.874765433371067047e-03 3.269584616646170616e-03 2.347469516098499298e-02 1.019015163183212280e-02 4.508993122726678848e-03 2.292477525770664215e-02 1.274797413498163223e-02 1.215532980859279633e-02 2.375116385519504547e-02 1.734616048634052277e-02 4.171192180365324020e-03 2.793620573356747627e-03 2.079860493540763855e-02 9.808907285332679749e-03 2.492546290159225464e-02 5.854371120221912861e-04 2.209523878991603851e-02 1.181022450327873230e-02 2.200921997427940369e-02 1.312239654362201691e-02 2.365174517035484314e-02 3.213883936405181885e-02 1.288888603448867798e-02 4.901816137135028839e-03 4.640390165150165558e-03 1.390678808093070984e-02 2.215667255222797394e-02 1.529211364686489105e-02 1.376605965197086334e-02 1.374743878841400146e-02 3.271201625466346741e-02 1.214830949902534485e-02 2.533747628331184387e-02 2.817761711776256561e-02 8.081391453742980957e-03 9.014059789478778839e-03 2.487439662218093872e-02 7.895271293818950653e-03 1.556196901947259903e-02 1.742455363273620605e-02 3.904477134346961975e-02 4.957157745957374573e-02 2.256578020751476288e-02 2.436206303536891937e-02 1.331074256449937820e-02 8.024279959499835968e-03 1.747033186256885529e-02 3.993545193225145340e-03 2.211731672286987305e-02 1.738969609141349792e-02 1.274398062378168106e-02 4.781599272973835468e-04 1.880058832466602325e-02 2.427875809371471405e-02 7.476339116692543030e-03 2.306704409420490265e-02 1.198612432926893234e-02 1.725011132657527924e-02 3.442925168201327324e-03 1.936650648713111877e-02 1.203914079815149307e-02 9.870611131191253662e-03 1.687302067875862122e-02 2.252022037282586098e-03 1.243804302066564560e-02 1.754753477871417999e-02 2.510226890444755554e-02 1.187811489216983318e-03 2.140683121979236603e-02 1.830819994211196899e-02 1.868592947721481323e-02 7.494557183235883713e-03 2.359117195010185242e-02 6.838455796241760254e-03
7.774592190980911255e-02 4.958807677030563354e-02 1.832376979291439056e-02 2.400740236043930054e-02 6.838877685368061066e-03 8.347739577293395996e-01 8.351039141416549683e-02 2.045770175755023956e-02 5.135284736752510071e-03 6.392149953171610832e-04 2.211411669850349426e-02 7.475151214748620987e-03 3.113040700554847717e-03 8.832783438265323639e-03 2.274674922227859497e-02 3.776624426245689392e-02 4.451375827193260193e-02 1.571623422205448151e-02 6.799583788961172104e-03 4.021463450044393539e-03 2.334235981106758118e-02 7.109538419172167778e-04 7.500624749809503555e-03 2.555667236447334290e-02 2.273219265043735504e-02 1.990762539207935333e-02 1.076661888509988785e-02 1.706578023731708527e-02 7.948318496346473694e-03 1.259641163051128387e-02 1.046047359704971313e-02 1.898029120638966560e-03 1.410232484340667725e-02 4.709169268608093262e-03 9.687413694337010384e-04 1.864060945808887482e-02 9.562957100570201874e-03 6.117951590567827225e-03 4.073210060596466064e-03 9.158232249319553375e-03 1.382392458617687225e-02 3.194535151124000549e-03 1.054113171994686127e-02 4.554162733256816864e-03 2.061576768755912781e-02 1.459651906043291092e-02 6.013652682304382324e-02 3.003260493278503418e-02 4.405491519719362259e-03 1.861153286881744862e-03 3.213578835129737854e-03 2.332709264010190964e-03 9.460785426199436188e-03 4.385036882013082504e-03 1.536346273496747017e-03 3.190282033756375313e-03 2.014533802866935730e-02 1.388364192098379135e-02 2.735402062535285950e-02 1.196992024779319763e-02 5.420097149908542633e-03 1.866403967142105103e-03 6.814658641815185547e-03 1.925566792488098145e-02 1.033147331327199936e-02 6.236979272216558456e-03 1.093387138098478317e-02 8.078298531472682953e-03 1.860022172331809998e-02 2.266888914164155722e-04 2.100058831274509430e-02 1.460953429341316223e-02 9.954076958820223808e-04 3.167251870036125183e-02 1.121939998120069504e-02 1.825793180614709854e-03 1.450323592871427536e-02 2.223309688270092010e-02 1.119086425751447678e-02 1.403230987489223480e-02 1.785788312554359436e-02 8.936362341046333313e-03 1.369697786867618561e-02 6.070340517908334732e-03 3.810793627053499222e-03 9.355163201689720154e-03 1.373690925538539886e-02 1.095383055508136749e-02 1.137306354939937592e-02 2.581515582278370857e-03 1.797060295939445496e-02 3.563146805390715599e-03 5.605351179838180542e-03 2.478942507877945900e-03 1.930801942944526672e-02 1.047965046018362045e-02 9.139718487858772278e-03 3.824767190963029861e-03 1.228356617502868176e-03 3.678738139569759369e-03 4.861942958086729050e-03 6.153780966997146606e-03 6.900412961840629578e-03 1.248260121792554855e-02 9.034666582010686398e-04 1.188008231110870838e-03 1.897803135216236115e-02 4.672051407396793365e-03 8.112557698041200638e-04 1.212581992149353027e-02 2.564461901783943176e-02 2.056834101676940918e-02 3.553836722858250141e-04 1.266488805413246155e-02 3.014481253921985626e-02 3.510806709527969360e-02
6.299084424972534180e-02 7.621197402477264404e-02 1.838583312928676605e-02 2.795823384076356888e-03 8.247031830251216888e-03 8.351039141416549683e-02 8.347739577293395996e-01 2.048242464661598206e-02 6.413255468942224979e-04 8.154303766787052155e-03 3.368284180760383606e-02 4.855803679674863815e-03 2.800563350319862366e-02 2.511070296168327332e-02 2.304919064044952393e-02 1.700419746339321136e-02 3.660364821553230286e-02 9.855323471128940582e-03 5.883915349841117859e-03 7.390689570456743240e-03 2.535798400640487671e-02 1.535414997488260269e-02 7.131313905119895935e-03 3.241505473852157593e-02 1.930004172027111053e-02 1.967955194413661957e-02 1.201576786115765572e-03 1.571849547326564789e-02 1.270462106913328171e-02 6.946505978703498840e-03 1.471753697842359543e-02 3.805911168456077576e-03 1.921959407627582550e-02 4.673380870372056961e-03 1.205841894261538982e-03 2.025413140654563904e-02 1.772449538111686707e-02 1.033076550811529160e-02 1.490511279553174973e-02 5.237656179815530777e-03 1.412402931600809097e-02 1.270211208611726761e-02 8.070056326687335968e-03 9.264467284083366394e-03 1.213760231621563435e-03 5.571939982473850250e-03 6.259894371032714844e-02 4.567690938711166382e-02 1.406547613441944122e-03 1.104291342198848724e-02 1.718564424663782120e-03 7.043163292109966278e-03 6.825263146311044693e-03 8.247493766248226166e-03 1.621913746930658817e-03 1.225228607654571533e-02 2.173515222966670990e-02 1.620790548622608185e-02 1.840824820101261139e-02 1.622525788843631744e-02 7.219676394015550613e-03 3.925397060811519623e-03 1.127394195646047592e-02 1.262866985052824020e-02 2.315120538696646690e-03 3.428065450862050056e-03 5.268156994134187698e-03 7.688841782510280609e-03 2.319230511784553528e-02 1.708253845572471619e-02 1.825373247265815735e-02 9.076654532691463828e-05 4.944249056279659271e-03 3.374990820884704590e-02 1.329331006854772568e-02 1.432313583791255951e-02 1.493370044045150280e-03 2.942678984254598618e-03 1.468056533485651016e-02 2.438817918300628662e-02 1.298627443611621857e-02 1.370072551071643829e-02 5.413962644524872303e-04 2.304193563759326935e-02 8.927289396524429321e-03 3.508083522319793701e-03 5.878362338989973068e-03 1.073016785085201263e-02 2.626640489324927330e-03 1.618046662770211697e-03 2.523844689130783081e-02 5.240455735474824905e-03 1.014717482030391693e-02 3.538533346727490425e-03 1.644007116556167603e-02 1.504637999460101128e-03 2.197067812085151672e-02 4.827383439987897873e-03 4.144851118326187134e-03 8.268756791949272156e-03 3.757197177037596703e-03 5.467328242957592010e-03 1.224454492330551147e-02 1.213809475302696228e-03 3.107838798314332962e-03 2.594561781734228134e-03 6.618186831474304199e-03 1.334581337869167328e-02 5.707976873964071274e-03 1.551199518144130707e-02 7.268293295055627823e-03 1.193073764443397522e-02 1.423056144267320633e-02 4.798264708369970322e-03 2.067597210407257080e-02 3.136314079165458679e-02
2.436575293540954590e-02 1.376432552933692932e-02 6.262057274580001831e-02 3.196043893694877625e-02 2.027082629501819611e-02 2.045770175755023956e-02 2.048242464661598206e-02 8.347739577293395996e-01 2.188486792147159576e-02 1.983060315251350403e-02 9.756234474480152130e-03 6.048297975212335587e-03 1.580219157040119171e-02 7.462306879460811615e-03 7.443919032812118530e-02 3.818818833678960800e-03 1.325572188943624496e-02 1.629826985299587250e-02 2.330292761325836182e-02 6.646294612437486649e-03 5.837226752191781998e-03 2.712331712245941162e-02 5.411561578512191772e-03 1.062717940658330917e-02 3.106548916548490524e-03 7.531621027737855911e-03 8.960374630987644196e-03 5.320680327713489532e-03 1.297196932137012482e-02 1.040552975609898567e-03 5.735969636589288712e-03 3.111160360276699066e-03 8.348096162080764771e-03 9.146215394139289856e-03 2.607156336307525635e-02 3.214871883392333984e-02 4.101192951202392578e-02 1.138270553201436996e-02 1.177389640361070633e-02 2.668895386159420013e-02 6.489034276455640793e-03 2.375168958678841591e-03 5.332889850251376629e-04 2.426015399396419525e-02 7.374844513833522797e-03 1.104586292058229446e-02 4.373214021325111389e-02 2.587492205202579498e-02 9.942595846951007843e-03 7.209688774310052395e-04 2.140156459063291550e-03 1.339566311798989773e-03 1.295482506975531578e-03 1.888876408338546753e-02 9.416890679858624935e-04 9.718820452690124512e-03 8.860926143825054169e-03 6.466519553214311600e-03 2.424487844109535217e-03 1.554191019386053085e-02 2.119958959519863129e-02 1.932487078011035919e-02 8.439802564680576324e-03 3.118057735264301300e-02 9.150272817350924015e-04 1.075713615864515305e-02 8.702923543751239777e-03 5.744305439293384552e-03 3.557804040610790253e-03 4.157743882387876511e-03 1.001594308763742447e-02 7.920470088720321655e-04 1.529368665069341660e-02 6.042544730007648468e-03 2.689550630748271942e-03 7.921187789179384708e-04 1.590663567185401917e-02 8.977854624390602112e-03 4.598503001034259796e-03 3.036724636331200600e-03 6.814793497323989868e-02 5.089593678712844849e-02 5.705830175429582596e-03 3.830722998827695847e-03 9.247764013707637787e-03 1.889814250171184540e-02 5.144301801919937134e-02 4.949783161282539368e-02 1.986113563179969788e-02 1.387943234294652939e-02 2.018040046095848083e-02 1.076828502118587494e-02 1.081655640155076981e-02 6.608875002712011337e-03 3.310663625597953796e-02 3.983357921242713928e-02 1.101673021912574768e-02 2.744183293543756008e-04 1.545610092580318451e-02 4.268983379006385803e-03 1.180371455848217010e-02 3.478361666202545166e-02 5.891386885195970535e-03 3.925593569874763489e-03 1.442210096865892410e-02 1.941582001745700836e-02 1.695369184017181396e-02 4.689760971814393997e-03 1.920234411954879761e-02 1.950619369745254517e-02 4.156317096203565598e-03 1.838387455791234970e-03 2.409651177003979683e-03 1.720785722136497498e-02 1.708413287997245789e-02 1.270279474556446075e-02
6.242337170988321304e-03 1.396807469427585602e-02 2.480175904929637909e-02 1.187117886729538441e-03 3.543144324794411659e-03 5.135284736752510071e-03 6.413255468942224979e-04 2.188486792147159576e-02 8.347739577293395996e-01 4.132476076483726501e-02 2.173982933163642883e-02 1.147257257252931595e-02 3.059874987229704857e-03 5.360843148082494736e-03 1.955315470695495605e-02 3.629828337579965591e-03 1.426869351416826248e-02 3.996102511882781982e-02 2.609623037278652191e-02 2.175422618165612221e-03 3.349572652950882912e-03 4.519997630268335342e-03 1.508292648941278458e-02 1.263814419507980347e-02 5.195664707571268082e-03 3.176295431330800056e-03 2.077623456716537476e-02 5.850731860846281052e-03 2.197848260402679443e-02 2.911155298352241516e-02 8.088022470474243164e-03 9.369109757244586945e-03 2.263169502839446068e-03 3.488685702905058861e-03 1.539431139826774597e-02 4.252198617905378342e-03 2.889479137957096100e-02 2.712209522724151611e-02 1.369949895888566971e-02 1.690420694649219513e-02 1.576377451419830322e-02 2.044341340661048889e-02 1.403760630637407303e-02 1.721956022083759308e-02 3.687685355544090271e-02 1.899162679910659790e-02 2.044708468019962311e-02 2.294765785336494446e-02 2.998339943587779999e-02 9.297788143157958984e-03 5.084343254566192627e-03 3.662924980744719505e-03 1.336573623120784760e-04 5.351896863430738449e-03 3.913113847374916077e-02 2.000827342271804810e-02 1.190875377506017685e-02 8.001514710485935211e-03 6.843752693384885788e-03 2.397572388872504234e-03 1.733099296689033508e-02 1.361881964839994907e-03 2.753120660781860352e-02 9.115952067077159882e-03 1.553458999842405319e-02 1.264968886971473694e-02 1.468274183571338654e-02 1.240142714232206345e-02 2.914481982588768005e-02 2.528407797217369080e-02 1.933728693984448910e-03 3.773054108023643494e-02 3.188926493749022484e-03 1.152465119957923889e-02 1.353883277624845505e-02 3.706837072968482971e-02 6.333178281784057617e-02 3.266850858926773071e-02 5.183061212301254272e-02 1.653193309903144836e-02 9.984983131289482117e-03 7.024050224572420120e-03 5.111536011099815369e-02 2.281945198774337769e-02 1.494780741631984711e-02 3.112072125077247620e-03 7.575313095003366470e-03 5.213555879890918732e-03 2.273684134706854820e-03 1.171478163450956345e-02 3.279685974121093750e-02 2.021667361259460449e-02 1.718781702220439911e-02 2.652542106807231903e-02 1.284381374716758728e-03 1.084811426699161530e-02 9.953808039426803589e-03 3.552762418985366821e-02 3.789094090461730957e-02 1.235819701105356216e-02 1.436094101518392563e-02 8.946181274950504303e-03 9.632709436118602753e-03 2.070600725710391998e-02 3.860980970785021782e-03 3.086161334067583084e-03 1.010734122246503830e-02 3.495270013809204102e-02 1.143022254109382629e-02 4.086756671313196421e-04 1.904896646738052368e-02 3.314204886555671692e-02 5.454106256365776062e-03 4.971951711922883987e-03 4.322465043514966965e-03 9.163818322122097015e-03
2.291458658874034882e-03 1.411461154930293560e-03 7.343952544033527374e-03 2.580214105546474457e-02 8.034974336624145508e-03 6.392149953171610832e-04 8.154303766787052155e-03 1.983060315251350403e-02 4.132476076483726501e-02 8.347739577293395996e-01 4.399432335048913956e-03 1.983982324600219727e-02 1.855773106217384338e-02 1.019694656133651733e-02 2.832610346376895905e-02 8.766220882534980774e-03 1.265564002096652985e-02 1.844605244696140289e-02 6.313599646091461182e-02 6.452968344092369080e-03 1.134033314883708954e-02 1.581699214875698090e-02 1.501704473048448563e-02 5.713152233511209488e-03 9.987846948206424713e-03 3.845769213512539864e-03 2.466390375047922134e-03 3.375273570418357849e-02 6.578610744327306747e-03 2.058556117117404938e-02 9.484015405178070068e-03 1.859573785623069853e-05 7.326028775423765182e-03 1.110341493040323257e-02 2.421469800174236298e-02 1.765851490199565887e-02 1.271247956901788712e-02 1.556920073926448822e-02 3.159043146297335625e-03 2.189880050718784332e-02 5.323241930454969406e-03 1.139607932418584824e-02 1.139683555811643600e-02 1.534542348235845566e-02 5.282021593302488327e-03 2.262726891785860062e-03 1.749058067798614502e-02 1.708063110709190369e-02 9.376926347613334656e-03 4.267764091491699219e-02 8.185122162103652954e-03 1.107717584818601608e-02 7.239108905196189880e-03 1.691472530364990234e-02 1.391335763037204742e-02 5.598760768771171570e-02 1.334355119615793228e-02 1.427110470831394196e-02 1.078030001372098923e-02 1.884778402745723724e-02 7.425966206938028336e-03 3.366414085030555725e-02 2.380055747926235199e-02 2.161196433007717133e-02 6.111981812864542007e-03 6.517536472529172897e-03 2.438365668058395386e-02 1.704428158700466156e-02 2.922199200838804245e-03 3.634935244917869568e-02 3.170438483357429504e-02 1.527360826730728149e-02 3.562429174780845642e-02 1.880651153624057770e-02 2.428520470857620239e-02 8.531685918569564819e-03 1.468081679195165634e-02 6.194157153367996216e-02 2.816994674503803253e-02 6.417796760797500610e-02 8.519323542714118958e-03 1.337904669344425201e-02 1.803525164723396301e-02 3.222228214144706726e-02 1.228188164532184601e-02 3.520013764500617981e-02 9.282208047807216644e-03 2.050549536943435669e-02 3.315043076872825623e-02 2.212913520634174347e-02 6.449396722018718719e-03 7.393690291792154312e-03 3.408423159271478653e-03 5.044979974627494812e-03 1.241572666913270950e-02 7.795466575771570206e-03 2.010797709226608276e-02 2.014299109578132629e-02 1.235315948724746704e-02 3.083613701164722443e-03 3.282942576333880424e-03 5.828669760376214981e-03 9.674994274973869324e-03 1.395382359623908997e-02 1.493745949119329453e-02 1.703816652297973633e-02 5.642974283546209335e-03 9.389939717948436737e-03 5.600227159447968006e-04 1.613265462219715118e-02 1.808682456612586975e-02 1.370367407798767090e-02 1.779501140117645264e-02 1.917288079857826233e-02 1.121203694492578506e-02 8.770243264734745026e-03
7.300326228141784668e-02 4.440717399120330811e-02 8.398492820560932159e-03 4.123511724174022675e-03 2.011757530272006989e-02 2.211411669850349426e-02 3.368284180760383606e-02 9.756234474480152130e-03 2.173982933163642883e-02 4.399432335048913956e-03 8.347739577293395996e-01 1.446417882107198238e-03 6.332721561193466187e-02 1.102803274989128113e-02 2.923712017945945263e-04 2.157952403649687767e-03 9.086250327527523041e-03 6.384249776601791382e-03 1.469812635332345963e-02 2.561122179031372070e-02 1.179052609950304031e-02 3.365875408053398132e-02 7.189617957919836044e-03 3.724276029970496893e-04 5.606519989669322968e-03 3.431571181863546371e-03 2.874444238841533661e-02 1.008235570043325424e-02 3.654236346483230591e-02 4.064203531015664339e-04 8.523639407940208912e-04 1.105648558586835861e-02 1.996052451431751251e-02 6.263284012675285339e-03 1.707710558548569679e-03 1.434044819325208664e-02 2.277559135109186172e-03 1.775124296545982361e-02 1.092942897230386734e-02 3.005989082157611847e-02 3.694346919655799866e-02 1.322060823440551758e-02 4.612239543348550797e-03 5.049755331128835678e-03 6.928375456482172012e-03 5.335524212568998337e-03 3.466813266277313232e-02 2.890397235751152039e-02 7.027184590697288513e-03 4.099547397345304489e-03 9.778627194464206696e-03 2.985233999788761139e-02 1.651603356003761292e-02 1.134706102311611176e-02 1.659802161157131195e-02 5.200381390750408173e-03 2.629488892853260040e-02 8.271417580544948578e-03 1.095832977443933487e-02 6.832383223809301853e-04 1.368047669529914856e-02 2.422042598482221365e-04 3.598882118239998817e-03 4.601939115673303604e-03 2.202585898339748383e-02 7.510234601795673370e-03 3.839221317321062088e-03 8.889847667887806892e-04 2.069532871246337891e-02 3.448764234781265259e-02 5.194955505430698395e-03 3.641236945986747742e-02 2.090644557029008865e-03 1.924584619700908661e-02 5.291691632010042667e-04 3.085520863533020020e-02 1.110639236867427826e-02 2.760624140501022339e-02 3.499446203932166100e-03 1.969200326129794121e-03 3.026428166776895523e-03 2.965047955513000488e-03 2.479037269949913025e-02 2.506263181567192078e-02 1.014835014939308167e-02 2.196975797414779663e-02 2.156047895550727844e-02 7.462052162736654282e-03 2.490784099791198969e-04 1.778108254075050354e-02 3.361864760518074036e-02 3.623109683394432068e-02 8.849660865962505341e-03 2.802205085754394531e-02 9.094454348087310791e-03 1.404238282702863216e-03 1.054379390552639961e-03 7.968229241669178009e-03 4.095077514648437500e-03 3.682884620502591133e-03 2.909728093072772026e-03 1.053024549037218094e-02 6.551804021000862122e-03 1.577796787023544312e-02 2.482309937477111816e-02 9.293843060731887817e-03 1.398771652020514011e-03 2.294968813657760620e-02 7.994838058948516846e-03 1.815622486174106598e-02 3.467842936515808105e-02 3.245829790830612183e-02 5.501703359186649323e-03 1.301900204271078110e-02 3.472805488854646683e-03 3.441036969888955355e-04
1.817149604903534055e-04 2.682311832904815674e-02 3.801024286076426506e-04 2.319139987230300903e-02 2.207955159246921539e-02 7.475151214748620987e-03 4.855803679674863815e-03 6.048297975212335587e-03 1.147257257252931595e-02 1.983982324600219727e-02 1.446417882107198238e-03 8.347739577293395996e-01 2.072563953697681427e-02 7.094250619411468506e-02 9.431798942387104034e-03 2.686542458832263947e-02 1.934230327606201172e-02 8.805018849670886993e-03 2.292706444859504700e-02 2.858296968042850494e-03 1.439030515030026436e-03 2.164852921850979328e-04 3.970015794038772583e-02 5.056461319327354431e-02 2.787748817354440689e-03 6.188058760017156601e-03 2.600761363282799721e-04 6.170629337430000305e-02 5.044101853854954243e-04 4.754268005490303040e-02 6.145959254354238510e-03 2.008032752200961113e-03 1.323687657713890076e-02 1.335092168301343918e-02 7.906449958682060242e-03 1.300444733351469040e-02 9.330339729785919189e-03 1.069059781730175018e-02 6.641611456871032715e-03 1.475422084331512451e-02 1.072608865797519684e-03 2.498927712440490723e-02 1.320135872811079025e-02 3.574494970962405205e-03 2.811765484511852264e-02 1.342512900009751320e-03 1.178175210952758789e-02 1.483722240664064884e-03 9.515512734651565552e-03 3.731843829154968262e-02 2.922718040645122528e-02 2.231726981699466705e-02 9.230018593370914459e-03 1.695048809051513672e-02 5.691081751137971878e-03 3.018769808113574982e-02 2.419562079012393951e-02 3.704401897266507149e-03 2.460080757737159729e-02 2.458607219159603119e-02 8.343588560819625854e-03 1.929730921983718872e-02 1.220175530761480331e-02 2.708899555727839470e-03 3.088947050855495036e-05 4.784979391843080521e-03 1.881757285445928574e-03 2.271668752655386925e-03 3.296037390828132629e-02 1.824197534006088972e-04 1.841184683144092560e-02 4.488493141252547503e-05 5.402866378426551819e-02 1.844920404255390167e-02 5.220231786370277405e-02 1.677714660763740540e-02 3.861904144287109375e-02 9.545442648231983185e-03 2.523791603744029999e-02 1.247751619666814804e-02 1.336013246327638626e-02 2.335684187710285187e-02 2.122668921947479248e-02 5.086533725261688232e-03 1.449298206716775894e-02 8.635235019028186798e-03 2.057223767042160034e-02 8.734855800867080688e-03 5.679408088326454163e-02 2.449591644108295441e-02 6.283716298639774323e-03 4.405694198794662952e-04 6.597847212105989456e-03 5.663110874593257904e-03 3.155484795570373535e-03 1.097631175071001053e-02 9.997555986046791077e-03 1.177028287202119827e-02 1.364475116133689880e-02 2.117838151752948761e-02 1.394557487219572067e-02 2.330528944730758667e-02 7.505896035581827164e-03 5.749073345214128494e-03 7.969022728502750397e-03 1.225693896412849426e-02 4.689419176429510117e-03 1.483733765780925751e-03 2.149093523621559143e-02 1.680566184222698212e-02 2.892556833103299141e-03 1.889360323548316956e-02 2.417866140604019165e-02 9.536808356642723083e-03 9.209108538925647736e-03 2.057845145463943481e-02
5.592352524399757385e-02 6.636489927768707275e-02 1.437685359269380569e-02 8.706676773726940155e-03 1.294459961354732513e-02 3.113040700554847717e-03 2.800563350319862366e-02 1.580219157040119171e-02 3.059874987229704857e-03 1.855773106217384338e-02 6.332721561193466187e-02 2.072563953697681427e-02 8.347739577293395996e-01 2.677475288510322571e-02 2.463201619684696198e-02 3.157711122184991837e-03 5.131904035806655884e-03 6.807096768170595169e-03 5.633900873363018036e-03 1.057768426835536957e-02 2.840602397918701172e-02 3.501444309949874878e-02 8.242514915764331818e-03 4.540127702057361603e-03 9.751931764185428619e-03 1.003650482743978500e-02 2.372142113745212555e-02 6.810395978391170502e-03 2.725740894675254822e-02 1.059906277805566788e-02 2.299584075808525085e-02 6.582326255738735199e-03 1.134451571851968765e-02 2.062413375824689865e-03 1.051202230155467987e-02 2.549433335661888123e-02 1.224131695926189423e-02 6.884243339300155640e-03 4.006080329418182373e-03 1.773441396653652191e-02 3.470761328935623169e-02 1.002542581409215927e-02 2.113037044182419777e-03 2.304680272936820984e-02 3.701207693666219711e-03 3.275811905041337013e-03 2.730030193924903870e-02 2.958512492477893829e-02 6.375465076416730881e-03 3.196302102878689766e-03 9.214223362505435944e-03 4.379113670438528061e-03 1.830117776989936829e-03 2.927663736045360565e-03 1.270989049226045609e-02 9.270631708204746246e-03 2.177833765745162964e-02 6.999005563557147980e-04 7.560558733530342579e-04 5.762487649917602539e-03 8.812606334686279297e-03 6.259593646973371506e-03 1.388366799801588058e-02 8.996400050818920135e-03 9.457977488636970520e-03 1.848375052213668823e-02 8.469983004033565521e-03 1.509586069732904434e-02 2.429079264402389526e-02 2.046876028180122375e-02 6.397610995918512344e-03 3.426317870616912842e-02 8.207182399928569794e-03 1.625314471311867237e-03 3.879739670082926750e-03 1.607926376163959503e-02 6.113621406257152557e-03 5.548906046897172928e-03 1.537777576595544815e-02 3.063540719449520111e-02 1.036093384027481079e-02 1.681940630078315735e-02 3.049569204449653625e-03 1.180213293991982937e-03 1.553990785032510757e-02 1.921079121530056000e-02 1.932511664927005768e-02 4.139903187751770020e-02 1.010899245738983154e-02 3.897184506058692932e-02 2.739106304943561554e-02 2.284300886094570160e-02 2.097451314330101013e-02 2.653762511909008026e-02 2.454915549606084824e-03 3.460382285993546247e-04 3.577279625460505486e-03 3.703586524352431297e-03 6.172006018459796906e-03 1.067530550062656403e-02 4.842821042984724045e-03 1.864048279821872711e-02 9.617857635021209717e-03 1.332333125174045563e-02 1.313280873000621796e-02 3.027673810720443726e-03 1.341364812105894089e-03 3.968127537518739700e-03 6.405236199498176575e-03 1.396929495967924595e-03 2.264916151762008667e-02 1.535891462117433548e-02 1.223331410437822342e-02 6.197500042617321014e-04 2.094223164021968842e-03 2.231666259467601776e-02
