8.300977349281311035e-01 6.740437448024749756e-02 8.380167186260223389e-03 3.420798480510711670e-02 4.274770151823759079e-03 5.463003739714622498e-02 4.325066506862640381e-02 1.083553861826658249e-02 1.490764785557985306e-02 3.388821147382259369e-03 7.037360221147537231e-02 6.641818676143884659e-03 6.434706598520278931e-02 1.397086400538682938e-02 2.981062419712543488e-02 1.173884514719247818e-02 2.355460263788700104e-02 3.404627740383148193e-02 3.052152134478092194e-02 3.183293715119361877e-02 2.299589477479457855e-02 3.220979496836662292e-02 2.337772957980632782e-02 1.112104952335357666e-02 3.037188202142715454e-02 1.955122500658035278e-02 8.842029608786106110e-03 6.765170954167842865e-03 7.010919973254203796e-03 1.712527940981090069e-03 1.173342578113079071e-02 2.279816195368766785e-02 5.955237895250320435e-03 1.713859476149082184e-02 9.596278890967369080e-03 1.587814837694168091e-02 1.164966262876987457e-02 5.231330171227455139e-03 8.487273938953876495e-03 1.885509304702281952e-02 7.510593160986900330e-03 8.408159948885440826e-03 2.359073050320148468e-02 1.257633697241544724e-02 1.619291305541992188e-02 4.651513881981372833e-03 4.637793079018592834e-02 3.097843937575817108e-02 1.452043466269969940e-02 6.291475147008895874e-03 9.807844180613756180e-04 4.480258561670780182e-03 1.250769826583564281e-03 1.733515970408916473e-02 1.335718948394060135e-02 4.778836388140916824e-03 9.005967527627944946e-03 6.663782522082328796e-03 5.018764175474643707e-03 1.593079045414924622e-02 5.031949840486049652e-03 1.249743904918432236e-02 9.397231042385101318e-03 1.506482902914285660e-02 1.640347018837928772e-02 3.739228844642639160e-02 2.379843406379222870e-02 2.648099698126316071e-02 2.979007331305183470e-05 9.704639203846454620e-03 7.485444191843271255e-03 6.188285537064075470e-03 1.575256884098052979e-02 1.937947422266006470e-02 1.104076579213142395e-02 2.247632294893264771e-02 8.831076323986053467e-03 5.814038449898362160e-04 2.832318656146526337e-02 1.872566156089305878e-02 1.746602356433868408e-02 2.661921456456184387e-02 2.737197652459144592e-02 6.331335753202438354e-03 8.479771204292774200e-04 6.968684960156679153e-03 3.201613202691078186e-02 2.393088117241859436e-02 3.053914755582809448e-03 1.027231384068727493e-02 2.592557854950428009e-02 3.313689678907394409e-02 9.626446291804313660e-03 1.645798049867153168e-02 1.136433891952037811e-02 4.004009533673524857e-03 1.873000152409076691e-02 1.809230446815490723e-02 1.160785835236310959e-02 1.813307777047157288e-02 7.226545712910592556e-04 1.769706420600414276e-02 8.620596490800380707e-03 2.839895896613597870e-03 1.326845493167638779e-02 1.800523721612989902e-03 3.393418737687170506e-04 2.997670695185661316e-02 1.826190622523427010e-03 3.675932064652442932e-02 2.570863813161849976e-03 2.396230585873126984e-02 9.683961048722267151e-03 1.098478678613901138e-02 1.347330119460821152e-02 2.427355572581291199e-02
6.740437448024749756e-02 8.300977349281311035e-01 1.448043342679738998e-02 3.018054552376270294e-02 2.645287022460252047e-04 4.959652945399284363e-02 4.846545681357383728e-02 4.032681696116924286e-03 1.374415308237075806e-02 1.804324332624673843e-03 6.662060320377349854e-02 1.192453876137733459e-02 6.333448737859725952e-02 2.617456577718257904e-02 2.560467086732387543e-02 1.079977303743362427e-02 2.220301143825054169e-02 3.826873749494552612e-02 2.400145865976810455e-02 2.743298932909965515e-02 2.218100056052207947e-02 2.042035572230815887e-02 2.798944339156150818e-02 2.226993441581726074e-02 3.229000419378280640e-02 2.119862474501132965e-02 1.259118691086769104e-02 7.030114065855741501e-03 9.003827348351478577e-03 1.357635762542486191e-02 1.877542957663536072e-02 2.506788261234760284e-02 8.067819289863109589e-04 2.187753655016422272e-02 4.707326646894216537e-03 2.100330404937267303e-02 9.823299944400787354e-03 3.730007447302341461e-03 9.142525959759950638e-05 1.982795074582099915e-02 5.814422387629747391e-03 6.322503089904785156e-03 1.272103004157543182e-02 5.281484220176935196e-03 1.413418096490204334e-03 8.806372061371803284e-03 5.131116881966590881e-02 3.843909502029418945e-02 1.352467946708202362e-02 8.908906020224094391e-03 9.987021330744028091e-04 2.011891081929206848e-02 2.096358221024274826e-03 1.794107072055339813e-02 2.146446704864501953e-02 1.959390705451369286e-03 5.171487107872962952e-03 2.793760795611888170e-04 8.079325780272483826e-03 2.149703167378902435e-02 2.056172117590904236e-02 5.944109056144952774e-03 3.226943081244826317e-03 2.501334762200713158e-03 2.483609691262245178e-02 3.856139257550239563e-02 2.465412765741348267e-02 2.951077930629253387e-02 1.458311546593904495e-02 1.301936618983745575e-02 4.917571204714477062e-04 2.822994247253518552e-05 1.662611588835716248e-02 1.778364926576614380e-02 1.514105498790740967e-02 2.435996383428573608e-02 1.259947102516889572e-02 6.768396124243736267e-03 2.120787464082241058e-02 6.978181656450033188e-03 2.818545326590538025e-03 2.566049620509147644e-02 2.741494216024875641e-02 6.777938688173890114e-04 2.392449969192966819e-04 1.590017788112163544e-02 1.809889450669288635e-02 1.702681742608547211e-02 1.228102110326290131e-02 1.703107263892889023e-03 3.318484127521514893e-02 3.926091268658638000e-02 2.435002103447914124e-02 1.790097169578075409e-02 1.253266260027885437e-02 1.984779257327318192e-03 4.284300841391086578e-03 1.797126978635787964e-02 1.858550868928432465e-02 2.760422788560390472e-02 9.035291150212287903e-03 1.123401429504156113e-02 3.678783541545271873e-04 4.111472517251968384e-03 3.610944375395774841e-03 2.330107847228646278e-03 4.646109882742166519e-03 2.842907980084419250e-02 5.287428386509418488e-03 3.336291387677192688e-02 1.106843817979097366e-02 1.259786728769540787e-02 1.107305660843849182e-02 2.418939722701907158e-03 8.578727953135967255e-03 2.569800987839698792e-02
8.380167186260223389e-03 1.448043342679738998e-02 8.300977349281311035e-01 1.310230419039726257e-02 1.127551309764385223e-02 9.502436150796711445e-04 1.553297741338610649e-03 6.931205093860626221e-02 3.118840744718909264e-03 1.391773112118244171e-03 2.921076025813817978e-03 1.474049873650074005e-02 3.675210988149046898e-03 1.346355304121971130e-02 1.477027777582406998e-02 8.819206617772579193e-03 1.227619592100381851e-02 6.773095577955245972e-03 1.308797951787710190e-02 1.796310301870107651e-03 1.960854977369308472e-02 3.059942834079265594e-02 1.261448021978139877e-02 1.579505950212478638e-02 5.183564033359289169e-03 1.124022807925939560e-02 3.620865195989608765e-02 2.555254846811294556e-03 1.043802127242088318e-03 6.375040393322706223e-03 8.034494705498218536e-03 7.211455143988132477e-03 5.458778236061334610e-03 1.364959497004747391e-02 4.387571942061185837e-03 2.509979996830224991e-03 2.280776761472225189e-02 3.933560475707054138e-02 1.450689323246479034e-02 2.757848706096410751e-03 5.488140881061553955e-02 1.125294435769319534e-02 8.981177583336830139e-03 3.980132937431335449e-02 1.919536106288433075e-02 3.479383303783833981e-05 7.603705744259059429e-04 1.420677639544010162e-03 1.658571325242519379e-02 1.306662056595087051e-02 1.322006806731224060e-03 8.255197666585445404e-03 8.453416638076305389e-03 4.668781999498605728e-03 2.176570333540439606e-02 1.229204889386892319e-02 2.897541271522641182e-03 1.176048070192337036e-02 3.210235387086868286e-03 8.653459139168262482e-03 1.188722811639308929e-02 1.428832393139600754e-02 5.942827090620994568e-03 1.826532743871212006e-02 5.193959455937147141e-03 6.672705523669719696e-03 1.788714900612831116e-02 1.639290712773799896e-02 1.726631261408329010e-02 2.452156506478786469e-02 7.886003586463630199e-04 2.873848937451839447e-02 2.037840150296688080e-02 2.784070186316967010e-02 2.045182045549154282e-03 3.524184226989746094e-02 7.387669174931943417e-04 1.160935498774051666e-02 2.218808420002460480e-02 1.750090904533863068e-02 3.361035510897636414e-02 1.190792303532361984e-02 2.215717546641826630e-02 2.596296556293964386e-02 8.526014862582087517e-04 2.830216102302074432e-02 3.907712176442146301e-02 9.715238586068153381e-03 1.542762765893712640e-04 1.097322162240743637e-02 1.228661555796861649e-02 5.075305700302124023e-03 1.824719086289405823e-02 2.107229270040988922e-02 5.184291861951351166e-03 4.883977118879556656e-03 8.210212923586368561e-03 2.306326664984226227e-02 3.650760976597666740e-03 2.716918708756566048e-03 1.096137240529060364e-02 1.430440228432416916e-02 1.743022911250591278e-02 3.820557892322540283e-02 2.180247101932764053e-03 1.256483700126409531e-02 2.356741391122341156e-02 1.034135837107896805e-02 4.748016595840454102e-03 9.231868898496031761e-05 2.906849794089794159e-02 2.168519981205463409e-02 1.549719716422259808e-03 1.729987794533371925e-03 2.074347250163555145e-02 2.163286134600639343e-02
3.420798480510711670e-02 3.018054552376270294e-02 1.310230419039726257e-02 8.300977349281311035e-01 5.186313018202781677e-02 3.098432719707489014e-02 2.740872465074062347e-02 9.235777892172336578e-03 7.850036956369876862e-03 1.728819683194160461e-02 3.012949414551258087e-02 6.020178087055683136e-03 2.615818381309509277e-02 4.801026545464992523e-03 1.972190663218498230e-02 1.581937260925769806e-02 8.184185251593589783e-03 2.951020747423171997e-02 4.259734973311424255e-02 2.604576572775840759e-02 1.407589949667453766e-02 1.823278702795505524e-02 6.198750343173742294e-03 8.985620923340320587e-03 1.125197391957044601e-02 1.243224460631608963e-02 3.661291440948843956e-03 1.953219249844551086e-02 1.173068489879369736e-02 1.241398602724075317e-02 1.296475646086037159e-03 1.554223615676164627e-02 9.442854672670364380e-03 1.920451968908309937e-02 8.066146401688456535e-04 1.679862849414348602e-02 6.869974080473184586e-03 3.308265702798962593e-03 3.343403339385986328e-02 6.044191308319568634e-03 2.203144691884517670e-02 3.035131376236677170e-03 1.707448810338973999e-02 2.070048125460743904e-03 3.322481410577893257e-03 1.081056147813796997e-02 2.347314357757568359e-02 2.301030233502388000e-02 1.357317250221967697e-02 1.700315857306122780e-03 4.381987266242504120e-03 8.085608482360839844e-03 2.864210866391658783e-02 1.951932162046432495e-02 1.677943393588066101e-02 2.036654949188232422e-02 6.240991875529289246e-03 3.875611722469329834e-02 2.920766733586788177e-02 9.632538072764873505e-03 1.863190904259681702e-02 2.130353637039661407e-02 2.053786069154739380e-02 1.905603706836700439e-02 7.436120416969060898e-03 1.719663850963115692e-02 1.664584688842296600e-02 2.260269224643707275e-02 2.981684170663356781e-02 1.666624913923442364e-03 3.125334531068801880e-02 8.709777146577835083e-03 5.536555498838424683e-02 1.912973634898662567e-02 3.813562914729118347e-02 7.498725783079862595e-03 8.329859701916575432e-04 9.896374307572841644e-03 7.432372309267520905e-03 3.326620906591415405e-03 1.410021650372073054e-04 3.639472648501396179e-02 1.420937478542327881e-02 2.906006202101707458e-02 1.282067503780126572e-02 2.241742610931396484e-02 1.928562112152576447e-02 5.453722085803747177e-03 2.300308272242546082e-02 2.785793319344520569e-02 1.455574110150337219e-02 1.846174150705337524e-02 1.956778578460216522e-02 1.088134944438934326e-02 3.700190922245383263e-03 7.397084962576627731e-03 1.029329560697078705e-02 1.888844533823430538e-03 3.964609932154417038e-03 7.280104793608188629e-03 5.271518137305974960e-03 1.421759650111198425e-02 1.123257353901863098e-02 6.853630300611257553e-03 1.838957332074642181e-02 1.136112026870250702e-02 2.333889156579971313e-02 2.087399922311306000e-02 7.330090738832950592e-03 3.140375390648841858e-02 1.797894202172756195e-02 3.869858011603355408e-02 1.334733236581087112e-02 6.134123541414737701e-03 1.256471872329711914e-02 3.553223982453346252e-02
4.274770151823759079e-03 2.645287022460252047e-04 1.127551309764385223e-02 5.186313018202781677e-02 8.300977349281311035e-01 1.868304237723350525e-02 1.795549504458904266e-02 6.155716720968484879e-03 1.567606627941131592e-02 4.125975072383880615e-02 1.279056654311716557e-03 1.535357069224119186e-02 1.367062912322580814e-03 1.384159270673990250e-02 2.032345905900001526e-02 1.751316711306571960e-02 3.023752756416797638e-02 2.678862586617469788e-02 4.246887192130088806e-02 1.069656852632761002e-02 6.349265575408935547e-03 6.942433305084705353e-03 2.538977423682808876e-03 3.896833863109350204e-03 3.022871678695082664e-03 8.290699683129787445e-03 7.019940298050642014e-03 1.346872467547655106e-02 5.460109678097069263e-04 2.093803510069847107e-02 1.059729699045419693e-02 3.463193774223327637e-03 1.383429113775491714e-02 2.412750618532299995e-04 7.122881244868040085e-03 1.003343611955642700e-02 7.960822433233261108e-03 1.347116567194461823e-02 3.638045489788055420e-02 3.951603919267654419e-02 2.241600118577480316e-02 2.387626469135284424e-02 2.385913627222180367e-03 1.494145579636096954e-02 3.528298577293753624e-03 6.185438018292188644e-03 2.378418721491470933e-04 1.817380078136920929e-02 2.055295626632869244e-04 1.891957595944404602e-02 2.747209509834647179e-03 2.267489023506641388e-02 2.793186530470848083e-02 7.078010588884353638e-03 9.358529001474380493e-03 2.947201579809188843e-02 4.282010719180107117e-03 1.759734004735946655e-02 2.059372141957283020e-02 5.769684445112943649e-03 1.231189165264368057e-02 2.181988395750522614e-02 2.176474779844284058e-02 1.749465428292751312e-02 1.529118744656443596e-03 1.728416653349995613e-03 7.621699478477239609e-04 1.409817952662706375e-02 2.071299776434898376e-02 7.746571209281682968e-03 2.761208638548851013e-02 7.193476893007755280e-03 2.981084398925304413e-02 1.013837195932865143e-02 3.516381606459617615e-02 1.764905988238751888e-03 1.382998190820217133e-03 2.868946827948093414e-02 1.008469332009553909e-02 1.987972483038902283e-02 9.991392493247985840e-03 5.685126408934593201e-03 7.535993121564388275e-03 5.852486938238143921e-02 3.104344941675662994e-04 1.307085249572992325e-02 9.425547905266284943e-03 6.547987926751375198e-03 9.792869910597801208e-03 2.011633291840553284e-02 2.917019417509436607e-03 1.608810387551784515e-03 1.689669676125049591e-02 4.731545224785804749e-03 1.313405204564332962e-02 1.629173569381237030e-02 1.439952570945024490e-02 7.390022277832031250e-03 1.648652739822864532e-02 1.735054142773151398e-02 2.464720979332923889e-03 8.050495758652687073e-03 4.191542975604534149e-03 7.810175418853759766e-03 4.108390584588050842e-02 5.111625883728265762e-03 9.366684593260288239e-03 8.717210963368415833e-03 2.731788717210292816e-02 3.048768453299999237e-02 2.597489207983016968e-02 3.578630834817886353e-02 9.063581004738807678e-03 8.270382881164550781e-03 1.064597256481647491e-02 1.186171174049377441e-02
5.463003739714622498e-02 4.959652945399284363e-02 9.502436150796711445e-04 3.098432719707489014e-02 1.868304237723350525e-02 8.300977349281311035e-01 5.384731292724609375e-02 1.203015912324190140e-02 1.235952973365783691e-02 1.467900909483432770e-02 5.022466555237770081e-02 2.866237983107566833e-02 5.221540853381156921e-02 3.820043057203292847e-02 2.431432902812957764e-02 6.832884624600410461e-03 1.590696349740028381e-02 4.046202823519706726e-02 3.593897074460983276e-02 2.146620675921440125e-02 1.238678116351366043e-02 2.645809389650821686e-02 2.480025775730609894e-02 2.895055152475833893e-02 2.118807472288608551e-02 1.696832478046417236e-02 9.667453356087207794e-03 1.818629913032054901e-02 1.524015609174966812e-02 2.957434020936489105e-02 1.155446376651525497e-02 2.094020694494247437e-02 2.446858212351799011e-03 2.139539457857608795e-02 1.671840250492095947e-02 1.512687187641859055e-02 7.261982653290033340e-03 9.189898148179054260e-03 1.641624723561108112e-03 1.663098298013210297e-02 6.404133979231119156e-03 5.397133994847536087e-03 2.700889296829700470e-02 1.986978948116302490e-02 5.775564815849065781e-03 2.133120596408843994e-02 5.548585951328277588e-02 3.900719806551933289e-02 6.180723663419485092e-03 5.237630568444728851e-03 3.145728493109345436e-03 1.762455562129616737e-03 2.465322148054838181e-03 2.145504765212535858e-02 5.805320106446743011e-03 1.185786072164773941e-02 8.830205537378787994e-03 2.000803826376795769e-03 1.349942013621330261e-02 1.710292696952819824e-02 9.941213764250278473e-03 4.707782529294490814e-03 6.827470846474170685e-03 9.495352394878864288e-03 2.850757725536823273e-02 3.784505277872085571e-02 2.310421131551265717e-02 2.524617314338684082e-02 1.145177613943815231e-02 2.964718500152230263e-03 1.148151885718107224e-02 6.344922818243503571e-03 2.297161705791950226e-02 2.540604025125503540e-02 5.086849560029804707e-04 1.736643724143505096e-02 1.302974019199609756e-02 8.436609059572219849e-03 1.854484900832176208e-02 2.300519309937953949e-02 1.722386106848716736e-02 1.480035483837127686e-02 2.123065851628780365e-02 1.336372923105955124e-02 1.636451482772827148e-02 2.168967202305793762e-02 2.509812079370021820e-02 9.874949231743812561e-03 6.412209477275609970e-03 2.023460529744625092e-02 4.129644855856895447e-02 2.721426822245121002e-02 1.986279338598251343e-02 1.573476940393447876e-02 1.428539492189884186e-02 1.031395222526043653e-04 1.119589805603027344e-02 2.238065190613269806e-02 1.482824608683586121e-02 2.391630411148071289e-02 3.109639510512351990e-03 1.502816379070281982e-02 4.506721161305904388e-03 1.604366675019264221e-02 1.304561272263526917e-02 1.645869761705398560e-02 6.486778613179922104e-03 1.156126242130994797e-02 1.144299050793051720e-03 3.126136213541030884e-02 4.357511643320322037e-03 1.867510005831718445e-02 1.354646030813455582e-02 8.537891320884227753e-03 1.435002405196428299e-02 3.104373253881931305e-02
4.325066506862640381e-02 4.846545681357383728e-02 1.553297741338610649e-03 2.740872465074062347e-02 1.795549504458904266e-02 5.384731292724609375e-02 8.300977349281311035e-01 5.226830486208200455e-03 2.107985317707061768e-02 1.757238432765007019e-02 5.313960090279579163e-02 4.091258626431226730e-03 4.845835641026496887e-02 2.602198347449302673e-02 3.321187943220138550e-02 1.701584784314036369e-03 6.521430332213640213e-03 4.258031770586967468e-02 3.301910310983657837e-02 2.280388399958610535e-02 8.203177712857723236e-03 2.671757526695728302e-02 1.852436922490596771e-02 3.251060470938682556e-02 2.801794558763504028e-02 2.147888578474521637e-02 6.579364649951457977e-03 3.276165574789047241e-03 2.764367684721946716e-02 2.083746902644634247e-02 7.788185495883226395e-03 2.522815391421318054e-02 1.189634017646312714e-02 2.594622038304805756e-02 1.537474244832992554e-02 1.799098774790763855e-02 7.671690080314874649e-03 2.190457656979560852e-02 7.482740096747875214e-03 1.815090072341263294e-03 8.352464996278285980e-03 1.030632760375738144e-02 1.873008534312248230e-02 2.367549389600753784e-02 4.118274897336959839e-03 1.535792276263237000e-02 4.733476042747497559e-02 5.647997558116912842e-02 1.893723674584180117e-05 5.529333837330341339e-03 1.135632512159645557e-03 8.400652557611465454e-03 7.426465395838022232e-03 4.361678380519151688e-03 3.280371660366654396e-03 7.143622264266014099e-03 6.925583817064762115e-03 5.280014593154191971e-03 4.869957454502582550e-03 6.009060423821210861e-03 1.135490648448467255e-02 4.518835805356502533e-03 3.916842979378998280e-04 3.978575405199080706e-04 2.854156680405139923e-02 3.747003152966499329e-02 2.758983708918094635e-02 2.926340885460376740e-02 2.090000919997692108e-02 8.054618723690509796e-03 2.077723480761051178e-02 2.893748751375824213e-04 2.907245233654975891e-02 2.229746244847774506e-02 8.306627161800861359e-03 6.607105489820241928e-03 2.690119482576847076e-02 1.591620221734046936e-02 3.076227009296417236e-02 1.891033351421356201e-02 5.695052444934844971e-03 1.712174154818058014e-02 2.392632514238357544e-02 2.151435473933815956e-03 6.833699066191911697e-03 2.358051948249340057e-02 2.134985849261283875e-02 7.750214543193578720e-03 2.971365861594676971e-02 2.451307512819766998e-02 1.488269213587045670e-02 2.970326505601406097e-02 2.533116191625595093e-02 2.894547022879123688e-02 2.684916928410530090e-02 1.339613180607557297e-02 1.331203710287809372e-02 1.206016540527343750e-02 1.165508199483156204e-02 2.927611768245697021e-02 4.956895951181650162e-03 1.309024915099143982e-02 1.556137204170227051e-02 1.214261166751384735e-03 5.247300490736961365e-03 2.512533217668533325e-02 1.480321134295081720e-05 2.523692324757575989e-02 1.538815093226730824e-03 2.773700281977653503e-02 8.174391463398933411e-03 2.681635878980159760e-02 1.088230498135089874e-02 5.847733002156019211e-03 1.155501790344715118e-02 3.238282352685928345e-02
1.083553861826658249e-02 4.032681696116924286e-03 6.931205093860626221e-02 9.235777892172336578e-03 6.155716720968484879e-03 1.203015912324190140e-02 5.226830486208200455e-03 8.300977349281311035e-01 1.006489805877208710e-02 2.720155287533998489e-03 1.442551147192716599e-02 7.537118624895811081e-03 1.637704670429229736e-02 1.708956202492117882e-03 4.165890067815780640e-02 1.347392052412033081e-02 1.425894070416688919e-02 1.185580808669328690e-02 7.322749122977256775e-03 7.776943966746330261e-03 8.858541958034038544e-03 1.667775399982929230e-02 1.851586624979972839e-03 6.590334232896566391e-03 6.441224832087755203e-03 2.907631685957312584e-03 2.764208428561687469e-02 1.036826707422733307e-02 2.215494960546493530e-02 1.007056562229990959e-03 6.960836239159107208e-03 2.430710010230541229e-03 1.082333736121654510e-02 9.350693784654140472e-03 3.391841426491737366e-02 7.692839717492461205e-04 8.059446699917316437e-03 1.794048957526683807e-02 1.671301014721393585e-02 1.333797536790370941e-02 1.736547425389289856e-02 9.265862405300140381e-03 2.839770168066024780e-03 4.167581722140312195e-02 1.590770669281482697e-02 9.398659691214561462e-03 1.308478228747844696e-02 4.619865212589502335e-04 2.400986850261688232e-02 3.537776647135615349e-03 1.548635074868798256e-03 1.147315744310617447e-02 3.370267525315284729e-02 1.655897125601768494e-03 3.063362557440996170e-03 1.112588401883840561e-02 7.741943933069705963e-03 1.880005188286304474e-02 1.244577765464782715e-02 1.155545469373464584e-02 4.057101032231003046e-04 1.057850848883390427e-02 1.817579939961433411e-02 3.176997974514961243e-02 8.583211340010166168e-03 1.940660178661346436e-03 2.285471186041831970e-02 2.718462608754634857e-03 6.007939809933304787e-04 1.991044357419013977e-02 4.966434556990861893e-03 2.142017334699630737e-02 1.264438778162002563e-02 3.466359153389930725e-02 7.651044987142086029e-03 2.083532698452472687e-02 2.192557556554675102e-03 3.690423676744103432e-03 2.834750572219491005e-03 1.158012170344591141e-02 6.539546698331832886e-02 1.051142066717147827e-02 1.374195911921560764e-03 1.647447980940341949e-02 1.331258192658424377e-02 1.848966069519519806e-02 6.500124931335449219e-02 4.649132862687110901e-02 6.510218139737844467e-03 6.901505868881940842e-03 5.109478719532489777e-03 1.427143812179565430e-02 1.841723918914794922e-02 1.520508993417024612e-02 2.307839691638946533e-03 1.141196233220398426e-03 1.238846965134143829e-02 1.321966107934713364e-02 2.710261847823858261e-03 7.419141940772533417e-03 1.004495751112699509e-02 6.033186335116624832e-03 2.220997028052806854e-02 1.874411664903163910e-02 4.109941888600587845e-03 9.839151753112673759e-04 1.768287183949723840e-04 1.231178524903953075e-03 1.288388948887586594e-02 1.982511719688773155e-03 1.993938162922859192e-02 7.099821232259273529e-04 5.805512191727757454e-04 1.266705687157809734e-03 2.763956226408481598e-02 3.508738474920392036e-03
1.490764785557985306e-02 1.374415308237075806e-02 3.118840744718909264e-03 7.850036956369876862e-03 1.567606627941131592e-02 1.235952973365783691e-02 2.107985317707061768e-02 1.006489805877208710e-02 8.300977349281311035e-01 5.249134451150894165e-02 2.451770007610321045e-02 4.250230640172958374e-02 2.835395000874996185e-02 2.716663666069507599e-02 6.543297320604324341e-03 1.067350897938013077e-02 1.003147661685943604e-02 3.848316147923469543e-02 2.142106741666793823e-02 1.900618895888328552e-02 7.072392036207020283e-04 4.500679671764373779e-03 2.072417363524436951e-02 1.930964551866054535e-02 2.642439212650060654e-03 8.858238346874713898e-03 1.563233137130737305e-02 1.779809407889842987e-02 1.193832326680421829e-02 9.853142313659191132e-03 2.776790643110871315e-03 6.611812859773635864e-03 2.398248016834259033e-02 1.056072488427162170e-02 1.943560503423213959e-02 2.022551186382770538e-02 1.861821301281452179e-02 1.246867049485445023e-02 2.504118892829865217e-04 8.151521906256675720e-03 7.007296197116374969e-03 3.612254559993743896e-02 5.750987213104963303e-03 2.224081009626388550e-02 3.299311548471450806e-02 7.781386375427246094e-03 8.579713292419910431e-03 2.121710032224655151e-02 2.242129109799861908e-02 1.593606360256671906e-02 2.994533628225326538e-02 1.637534797191619873e-02 1.135448459535837173e-02 1.547230035066604614e-02 1.049113832414150238e-02 7.342677563428878784e-03 4.468014929443597794e-03 4.969861824065446854e-03 8.710962138138711452e-04 2.451748354360461235e-03 1.582719199359416962e-02 1.401786506175994873e-02 6.088622845709323883e-03 2.248334139585494995e-02 1.396300271153450012e-02 2.564640343189239502e-02 1.464123255573213100e-03 1.010452490299940109e-02 7.775479461997747421e-03 2.038423670455813408e-03 2.303874120116233826e-02 1.251641567796468735e-02 4.033200442790985107e-03 2.181539684534072876e-02 7.266733795404434204e-03 1.596640795469284058e-02 6.497517228126525879e-02 5.417776852846145630e-02 5.365966632962226868e-02 4.010341316461563110e-02 3.420999273657798767e-02 1.906010694801807404e-02 2.912537753582000732e-02 2.565011195838451385e-02 1.776268333196640015e-02 6.159730255603790283e-03 9.271580725908279419e-03 7.822945481166243553e-04 3.276012465357780457e-02 3.301790729165077209e-02 1.711874082684516907e-02 3.918294794857501984e-03 8.914424106478691101e-03 1.800222322344779968e-03 3.065769746899604797e-02 4.090289026498794556e-02 1.472442038357257843e-02 1.323469355702400208e-02 1.344637386500835419e-02 1.651393435895442963e-02 4.338737111538648605e-03 1.482624653726816177e-02 1.271784957498311996e-02 8.832934312522411346e-03 1.783570088446140289e-02 1.722732372581958771e-02 6.679977755993604660e-03 2.042843215167522430e-02 7.324092090129852295e-03 9.204472415149211884e-03 2.087906002998352051e-02 1.906996965408325195e-02 1.170913223177194595e-02 2.067242003977298737e-02 1.819285750389099121e-02 2.162712439894676208e-02
3.388821147382259369e-03 1.804324332624673843e-03 1.391773112118244171e-03 1.728819683194160461e-02 4.125975072383880615e-02 1.467900909483432770e-02 1.757238432765007019e-02 2.720155287533998489e-03 5.249134451150894165e-02 8.300977349281311035e-01 3.823434002697467804e-03 5.648802500218153000e-03 7.823538035154342651e-03 4.789951257407665253e-03 7.570114103145897388e-04 2.150056324899196625e-02 2.818078733980655670e-02 3.554454073309898376e-02 4.317107051610946655e-02 6.268586032092571259e-03 7.904984988272190094e-03 9.822067804634571075e-03 1.737416163086891174e-02 1.578395813703536987e-02 1.217669155448675156e-02 1.007839012891054153e-02 1.092027686536312103e-02 9.294294286519289017e-04 2.650234661996364594e-02 1.743556000292301178e-02 5.060552153736352921e-03 3.345457836985588074e-03 1.513341907411813736e-02 1.287984848022460938e-02 1.433224789798259735e-02 1.935046166181564331e-02 1.709752157330513000e-02 7.829143665730953217e-03 2.049671299755573273e-02 2.683999761939048767e-02 1.121103763580322266e-02 2.815349400043487549e-02 5.646633449941873550e-03 1.844109408557415009e-02 8.119893260300159454e-03 4.205886274576187134e-03 3.506181994453072548e-03 2.359680086374282837e-02 2.511366829276084900e-02 3.464126586914062500e-02 2.885558828711509705e-02 1.350076310336589813e-02 2.300010528415441513e-03 1.823492348194122314e-02 2.983759623020887375e-03 3.595774993300437927e-02 1.935111504280939698e-04 2.955891191959381104e-02 1.113561727106571198e-02 1.617209287360310555e-03 1.314531918615102768e-02 4.941406659781932831e-03 8.428514003753662109e-03 2.387903630733489990e-03 1.856975816190242767e-02 1.904006116092205048e-02 6.996890064328908920e-03 1.195752900093793869e-02 1.217467617243528366e-02 1.897015608847141266e-02 4.808394238352775574e-02 2.096162177622318268e-02 6.594508304260671139e-04 2.258211374282836914e-02 1.689933799207210541e-02 1.040060538798570633e-02 3.899665176868438721e-02 6.899245083332061768e-02 4.314264282584190369e-02 5.969223380088806152e-02 2.867086417973041534e-02 1.028116885572671890e-02 2.582684904336929321e-02 4.910384118556976318e-02 1.546033751219511032e-02 3.367700846865773201e-04 8.671709336340427399e-03 1.110569806769490242e-03 2.702329307794570923e-02 5.830153822898864746e-02 4.940827842801809311e-03 2.782126888632774353e-03 1.470257062464952469e-02 8.300362242152914405e-05 2.808585762977600098e-02 3.252554684877395630e-02 8.148368448019027710e-03 1.014691311866044998e-02 1.757478900253772736e-02 1.929246634244918823e-02 3.756624646484851837e-03 3.601155243813991547e-03 6.896737962961196899e-03 2.367457491345703602e-04 8.369252085685729980e-03 1.013073371723294258e-03 2.763977041468024254e-03 5.956151522696018219e-03 1.650052331387996674e-02 2.868781052529811859e-02 6.887739058583974838e-03 6.320733577013015747e-03 1.306588668376207352e-02 1.827037334442138672e-02 2.143701305612921715e-03 1.806395873427391052e-02
7.037360221147537231e-02 6.662060320377349854e-02 2.921076025813817978e-03 3.012949414551258087e-02 1.279056654311716557e-03 5.022466555237770081e-02 5.313960090279579163e-02 1.442551147192716599e-02 2.451770007610321045e-02 3.823434002697467804e-03 8.300977349281311035e-01 9.303157217800617218e-03 7.268177717924118042e-02 1.425191061571240425e-03 3.823120892047882080e-02 1.297541800886392593e-02 2.268293313682079315e-02 3.616158664226531982e-02 2.280140481889247894e-02 2.301562391221523285e-02 1.054084114730358124e-02 3.104474022984504700e-02 1.625291630625724792e-02 1.072662044316530228e-02 2.594631165266036987e-02 1.204885076731443405e-02 1.312223449349403381e-02 2.010635100305080414e-02 4.766469355672597885e-03 5.325102247297763824e-03 3.405566792935132980e-03 2.066350355744361877e-02 7.923589088022708893e-03 1.712249405682086945e-02 1.272347010672092438e-02 2.560454979538917542e-02 1.073041744530200958e-02 1.210120785981416702e-02 1.046016253530979156e-02 1.393673382699489594e-02 1.031180005520582199e-02 1.003750693053007126e-02 1.137840934097766876e-02 1.454253215342760086e-02 1.505889836698770523e-02 2.749001607298851013e-03 4.842751473188400269e-02 3.941412270069122314e-02 1.067840401083230972e-02 7.200045045465230942e-03 1.461303210817277431e-03 1.414172630757093430e-02 1.036911853589117527e-03 1.217241305857896805e-02 1.968912221491336823e-02 2.811912680044770241e-03 7.052154396660625935e-04 2.979514654725790024e-03 1.347446627914905548e-02 1.611898280680179596e-02 5.049157422035932541e-03 1.476302091032266617e-02 9.112657979130744934e-03 1.311406400054693222e-02 2.748110331594944000e-02 4.408533126115798950e-02 2.013585716485977173e-02 2.241567708551883698e-02 2.446604892611503601e-03 1.717413030564785004e-02 7.646552287042140961e-03 8.884257636964321136e-03 1.643936708569526672e-02 1.646883040666580200e-02 7.135532330721616745e-03 2.282864972949028015e-02 2.143087796866893768e-02 5.412190221250057220e-03 3.268441557884216309e-02 1.155268773436546326e-02 1.780983060598373413e-02 2.258524857461452484e-02 3.552583977580070496e-02 8.804022218100726604e-04 2.475110581144690514e-03 5.656700115650892258e-03 3.174561262130737305e-02 1.319453306496143341e-02 1.192575134336948395e-02 8.663176558911800385e-03 1.481210812926292419e-02 3.960833698511123657e-02 1.037113089114427567e-02 2.168651670217514038e-02 1.914212666451931000e-02 2.062387065961956978e-03 5.624393466860055923e-03 1.805924437940120697e-02 1.073576509952545166e-02 1.966249570250511169e-02 6.687439978122711182e-03 1.781618595123291016e-02 2.060406040982343256e-05 4.810888785868883133e-03 2.447712700814008713e-03 9.652091190218925476e-03 2.434659050777554512e-03 3.325828909873962402e-02 1.572020933963358402e-03 2.700714394450187683e-02 5.832514259964227676e-03 2.513156644999980927e-02 7.425259333103895187e-03 4.210599698126316071e-03 1.244638022035360336e-02 2.639272063970565796e-02
6.641818676143884659e-03 1.192453876137733459e-02 1.474049873650074005e-02 6.020178087055683136e-03 1.535357069224119186e-02 2.866237983107566833e-02 4.091258626431226730e-03 7.537118624895811081e-03 4.250230640172958374e-02 5.648802500218153000e-03 9.303157217800617218e-03 8.300977349281311035e-01 7.085722871124744415e-03 8.128826320171356201e-02 1.064998190850019455e-02 1.961504109203815460e-02 1.736789010465145111e-02 8.273497223854064941e-03 2.244176715612411499e-02 9.101489558815956116e-03 1.838707015849649906e-03 2.948093926534056664e-03 3.566100820899009705e-02 3.730286285281181335e-02 8.506512269377708435e-03 1.206370769068598747e-03 1.223774254322052002e-02 5.628119409084320068e-02 4.949929192662239075e-03 5.258188396692276001e-02 3.045763820409774780e-03 6.202245131134986877e-03 2.096268162131309509e-02 8.895772509276866913e-03 1.277103554457426071e-02 1.625866629183292389e-02 1.074095349758863449e-02 8.853689767420291901e-03 4.739282652735710144e-03 3.715347032994031906e-03 1.680729724466800690e-02 1.242007315158843994e-02 2.306097187101840973e-02 1.231598667800426483e-02 4.882687330245971680e-02 3.882579877972602844e-02 2.763652428984642029e-02 7.629926316440105438e-03 1.164655201137065887e-02 1.461816718801856041e-03 9.769109077751636505e-03 1.569821871817111969e-02 2.365968376398086548e-02 2.928091585636138916e-02 8.549317717552185059e-03 2.158765494823455811e-02 1.561488956212997437e-02 1.434786152094602585e-02 2.840608544647693634e-02 2.945569157600402832e-02 2.521497756242752075e-02 9.077065624296665192e-03 6.141261197626590729e-03 4.193722270429134369e-03 8.430055342614650726e-03 2.084056148305535316e-03 1.000205869786441326e-03 2.602565102279186249e-03 6.269033765420317650e-04 6.630800198763608932e-03 8.825356140732765198e-03 7.468923926353454590e-03 3.143445588648319244e-03 1.593389897607266903e-03 2.132748626172542572e-02 1.364034786820411682e-02 4.579696804285049438e-02 3.267792239785194397e-02 4.139301180839538574e-02 7.447441108524799347e-03 1.617387495934963226e-02 1.270357146859169006e-02 1.215039566159248352e-02 9.716605767607688904e-03 2.004019916057586670e-02 2.198954112827777863e-02 1.670387201011180878e-02 1.169304642826318741e-02 3.441565856337547302e-02 1.378099434077739716e-02 5.802332609891891479e-02 4.524197429418563843e-03 2.525196969509124756e-02 7.667378522455692291e-03 1.941067725419998169e-02 9.995659813284873962e-03 1.022652536630630493e-02 1.264225877821445465e-02 3.551777219399809837e-03 9.856966324150562286e-03 2.361749531701207161e-03 4.318220075219869614e-03 9.590451605618000031e-03 2.206211909651756287e-02 2.446240745484828949e-02 4.692608956247568130e-03 4.510872531682252884e-03 1.940925233066082001e-02 1.381274312734603882e-02 1.251784618943929672e-02 6.664281710982322693e-03 2.233872562646865845e-02 2.097643166780471802e-02 1.331729441881179810e-02 9.719631634652614594e-03 3.417581552639603615e-03
6.434706598520278931e-02 6.333448737859725952e-02 3.675210988149046898e-03 2.615818381309509277e-02 1.367062912322580814e-03 5.221540853381156921e-02 4.845835641026496887e-02 1.637704670429229736e-02 2.835395000874996185e-02 7.823538035154342651e-03 7.268177717924118042e-02 7.085722871124744415e-03 8.300977349281311035e-01 3.730333875864744186e-03 3.697781264781951904e-02 1.079375389963388443e-02 1.927031576633453369e-02 3.805406391620635986e-02 1.684796996414661407e-02 1.697278581559658051e-02 1.282129250466823578e-02 2.316899783909320831e-02 1.997533440589904785e-02 1.293068006634712219e-02 2.546523325145244598e-02 1.281555555760860443e-02 1.543196756392717361e-02 1.221031136810779572e-02 2.933198586106300354e-03 3.846030682325363159e-03 1.588809303939342499e-02 2.086999639868736267e-02 9.418296627700328827e-03 2.172551490366458893e-02 2.103003486990928650e-02 2.457026951014995575e-02 9.876335039734840393e-03 1.217336487025022507e-02 1.379368733614683151e-02 1.274065580219030380e-02 9.137464687228202820e-03 9.536053054034709930e-03 1.316773146390914917e-02 1.482131984084844589e-02 1.184036675840616226e-02 5.407533608376979828e-03 5.118541046977043152e-02 3.631982207298278809e-02 6.157240364700555801e-03 1.007870491594076157e-02 4.663752857595682144e-03 1.201706286519765854e-02 2.609798917546868324e-03 1.529166754335165024e-02 1.320419553667306900e-02 4.471273161470890045e-03 1.310627092607319355e-03 6.927961483597755432e-03 1.499332208186388016e-02 2.237178571522235870e-02 4.527233075350522995e-03 1.699522510170936584e-02 5.667869467288255692e-03 1.663828268647193909e-02 2.927834168076515198e-02 4.781849682331085205e-02 1.714303158223628998e-02 2.230480127036571503e-02 1.902871881611645222e-03 7.806492038071155548e-03 4.283647518604993820e-03 1.500857248902320862e-02 1.793212816119194031e-02 2.182910963892936707e-02 6.999936886131763458e-03 2.727358229458332062e-02 2.514893561601638794e-02 9.572912007570266724e-03 3.153039142489433289e-02 1.491529028862714767e-02 1.955377496778964996e-02 1.330830156803131104e-02 3.488492965698242188e-02 1.063228934071958065e-03 3.316598711535334587e-03 4.732596222311258316e-03 2.797775529325008392e-02 1.536193396896123886e-02 1.484844274818897247e-02 1.393006183207035065e-02 2.247598022222518921e-02 3.301028907299041748e-02 1.092664152383804321e-02 1.434766128659248352e-02 1.781226880848407745e-02 5.034476518630981445e-03 1.740639656782150269e-02 2.384622581303119659e-02 1.364153996109962463e-02 2.017387561500072479e-02 8.694239659234881401e-04 2.074642851948738098e-02 2.224734489573165774e-04 2.968731336295604706e-03 2.135057933628559113e-03 1.451110094785690308e-02 5.916381720453500748e-03 3.000992536544799805e-02 2.467517741024494171e-03 2.606977894902229309e-02 9.564062580466270447e-03 2.668468095362186432e-02 4.802018869668245316e-03 4.307747585698962212e-04 1.266407500952482224e-02 2.853794954717159271e-02
