8.303345441818237305e-01 8.566950261592864990e-02 6.976646836847066879e-03 3.810209035873413086e-02 2.407786063849925995e-02 8.142779022455215454e-02 7.597712427377700806e-02 8.362019434571266174e-03 1.808657892979681492e-03 4.396562580950558186e-04 7.614674419164657593e-02 3.295052738394588232e-04 7.080763578414916992e-02 9.178939275443553925e-03 4.948603920638561249e-03 1.784798805601894855e-03 4.587901290506124496e-03 9.382743388414382935e-03 1.628602109849452972e-02 1.783630577847361565e-03 4.953191149979829788e-03 1.323746144771575928e-02 8.373251184821128845e-03 2.630703849717974663e-03 4.350428469479084015e-03 1.101655699312686920e-02 1.223593857139348984e-02 3.779623191803693771e-03 3.985546901822090149e-02 4.944548476487398148e-03 3.384587541222572327e-02 1.402362063527107239e-02 3.734724363312125206e-03 6.461616605520248413e-03 1.080195605754852295e-02 1.575532183051109314e-02 1.480269618332386017e-02 7.006335537880659103e-03 1.215746439993381500e-02 9.977661073207855225e-03 5.982855334877967834e-03 1.194685138761997223e-02 1.379039697349071503e-02 5.826960783451795578e-03 1.527002826333045959e-02 1.152138877660036087e-02 7.113938778638839722e-02 6.067567691206932068e-02 2.275283262133598328e-02 5.716626066714525223e-03 1.022626738995313644e-02 1.200076285749673843e-02 5.898932926356792450e-03 6.746680941432714462e-03 1.071573328226804733e-02 1.889858581125736237e-02 7.949784398078918457e-03 9.066306985914707184e-03 6.914605386555194855e-03 6.849878001958131790e-03 9.359791874885559082e-03 2.919002994894981384e-02 6.813528947532176971e-03 1.182640204206109047e-03 3.191075846552848816e-02 2.242734655737876892e-02 7.999462541192770004e-04 5.363633390516042709e-03 5.702927708625793457e-03 2.625094726681709290e-03 5.282986443489789963e-03 5.309692583978176117e-03 1.398591604083776474e-02 2.092850022017955780e-02 5.933038890361785889e-03 1.186159439384937286e-02 9.430445730686187744e-03 1.038457732647657394e-02 1.001952216029167175e-02 1.794812828302383423e-02 1.085571246221661568e-03 8.027885109186172485e-03 6.581499241292476654e-03 5.996190942823886871e-03 5.337129812687635422e-03 2.173805236816406250e-02 5.519389174878597260e-03 6.264681462198495865e-03 1.806549727916717529e-02 1.680745929479598999e-02 5.348489060997962952e-02 1.764609105885028839e-02 3.994648531079292297e-02 1.630813814699649811e-02 1.608134061098098755e-02 7.127847638912498951e-04 1.230679079890251160e-02 1.584923081099987030e-02 9.931786917150020599e-03 2.251879870891571045e-02 1.111085247248411179e-02 2.390950359404087067e-02 8.658888749778270721e-03 6.226977333426475525e-03 1.202209386974573135e-02 4.372878931462764740e-03 6.676202639937400818e-03 2.976609393954277039e-02 2.431972324848175049e-02 2.253316901624202728e-02 9.403161704540252686e-03 1.944510824978351593e-02 2.059065178036689758e-02 1.354786008596420288e-02 4.846715368330478668e-03 2.284430665895342827e-03
8.566950261592864990e-02 8.303345441818237305e-01 6.036209408193826675e-03 3.461670875549316406e-02 2.600740268826484680e-02 7.326952368021011353e-02 7.440575212240219116e-02 3.635862376540899277e-03 7.652327418327331543e-03 4.102733917534351349e-03 7.657697051763534546e-02 5.996450781822204590e-03 7.458697259426116943e-02 9.279829449951648712e-03 3.806438529863953590e-03 1.231324626132845879e-03 5.016666837036609650e-03 9.055322036147117615e-03 1.910322904586791992e-02 5.120685324072837830e-03 4.945546388626098633e-03 6.219732575118541718e-03 5.912473425269126892e-03 9.174741804599761963e-03 7.133481092751026154e-03 1.579333469271659851e-02 8.628565818071365356e-03 5.169826094061136246e-03 4.511431977152824402e-02 5.166355054825544357e-03 3.872181102633476257e-02 1.255040708929300308e-02 6.416380405426025391e-03 5.405342672020196915e-03 1.253935974091291428e-02 1.054493989795446396e-02 8.621871471405029297e-03 4.216244909912347794e-03 1.305657532066106796e-02 1.340694352984428406e-02 1.639476977288722992e-03 5.915995221585035324e-03 1.187437213957309723e-02 3.667375771328806877e-03 5.577105097472667694e-03 2.117117866873741150e-02 6.621862947940826416e-02 5.600588396191596985e-02 2.692366018891334534e-02 1.256396993994712830e-03 8.506877347826957703e-03 1.336344238370656967e-02 9.947244077920913696e-03 8.981697261333465576e-03 5.023963749408721924e-03 1.884179934859275818e-02 1.150091644376516342e-02 2.075327746570110321e-02 1.343223638832569122e-02 7.647298276424407959e-03 1.591293327510356903e-02 2.322393469512462616e-02 7.966525852680206299e-03 9.339345619082450867e-03 2.783277072012424469e-02 2.622904255986213684e-02 1.197190838865935802e-03 1.346995937637984753e-03 8.880944922566413879e-03 4.618341568857431412e-03 7.311052642762660980e-03 1.780978217720985413e-02 1.669767685234546661e-02 2.781874872744083405e-02 8.769618347287178040e-03 1.971302367746829987e-02 1.174665172584354877e-03 1.228111912496387959e-03 1.330615580081939697e-02 2.132512629032135010e-02 8.264565840363502502e-03 2.306593116372823715e-03 1.427847798913717270e-02 4.503315431065857410e-04 3.125639705103822052e-05 1.384042482823133469e-02 1.119172316975891590e-03 5.233875941485166550e-03 1.733166724443435669e-02 2.370347827672958374e-02 5.399060621857643127e-02 1.038319617509841919e-02 3.911443427205085754e-02 1.288942527025938034e-02 1.635176129639148712e-02 1.509480061940848827e-03 1.298510748893022537e-02 2.302819304168224335e-02 7.185733877122402191e-03 1.925943233072757721e-02 1.065631676465272903e-02 2.198050171136856079e-02 8.701371029019355774e-03 4.781733732670545578e-03 9.325662627816200256e-03 8.289223536849021912e-03 6.190235726535320282e-03 2.625215239822864532e-02 2.492852136492729187e-02 1.530270092189311981e-02 1.644119992852210999e-02 2.427008002996444702e-02 1.730473525822162628e-02 8.515411987900733948e-03 4.637447636923752725e-05 4.982931423000991344e-04
6.976646836847066879e-03 6.036209408193826675e-03 8.303345441818237305e-01 3.820969257503747940e-03 3.380881156772375107e-03 1.148414146155118942e-02 6.742663215845823288e-03 6.862762570381164551e-02 1.436119806021451950e-02 1.917842891998589039e-03 1.068842317909002304e-02 3.038210980594158173e-02 1.541015412658452988e-02 2.377292700111865997e-02 1.979746483266353607e-02 1.420591771602630615e-02 1.769156754016876221e-02 3.175577893853187561e-02 1.334264781326055527e-02 4.285084083676338196e-03 2.849678974598646164e-03 1.602919399738311768e-02 9.189563803374767303e-03 3.082470735535025597e-03 4.072578158229589462e-03 5.123080220073461533e-03 4.496448114514350891e-02 1.499526482075452805e-02 2.753659384325146675e-03 2.470902912318706512e-02 4.814807791262865067e-03 1.361352275125682354e-03 8.795976173132658005e-04 2.668052911758422852e-03 2.954719960689544678e-02 7.919023744761943817e-03 6.259404122829437256e-03 3.968659415841102600e-02 1.097425073385238647e-02 5.718424916267395020e-03 2.365357428789138794e-02 5.308450665324926376e-03 1.182629447430372238e-02 5.520905181765556335e-02 2.537334337830543518e-02 2.708545513451099396e-02 1.764403283596038818e-02 1.072240062057971954e-02 6.120056379586458206e-03 2.040928415954113007e-02 3.021657653152942657e-02 3.601095452904701233e-02 9.073210880160331726e-03 1.367002818733453751e-02 1.233735587447881699e-02 1.488097850233316422e-02 1.562243443913757801e-03 9.077062830328941345e-03 1.516481861472129822e-02 1.534780114889144897e-02 3.071888349950313568e-02 7.076551555655896664e-04 1.132085453718900681e-02 2.176941186189651489e-02 5.591859109699726105e-03 1.266598049551248550e-02 2.204258227720856667e-03 5.170466843992471695e-03 1.068181809387169778e-04 3.013032674789428711e-02 2.593961358070373535e-02 2.125638164579868317e-02 8.977408520877361298e-03 2.808816544711589813e-02 9.825517423450946808e-03 2.985875494778156281e-02 3.579759970307350159e-03 2.073560468852519989e-02 2.351139113306999207e-02 6.781498435884714127e-03 6.019367650151252747e-02 5.072870850563049316e-02 7.491140160709619522e-03 1.555901835672557354e-03 7.260633632540702820e-03 1.355526223778724670e-02 2.458279393613338470e-02 1.977005228400230408e-02 4.143988713622093201e-03 1.785308588296175003e-03 1.642047800123691559e-02 1.745697669684886932e-02 3.115933388471603394e-03 1.670129410922527313e-02 9.448719210922718048e-03 1.548617030493915081e-03 2.984945103526115417e-02 2.156572788953781128e-02 9.579102508723735809e-03 1.694969716481864452e-03 1.126881316304206848e-02 1.209000311791896820e-02 2.665612287819385529e-02 2.850287407636642456e-02 9.836978279054164886e-03 1.025534979999065399e-02 3.516823519021272659e-03 9.290957823395729065e-03 9.649103740230202675e-04 1.292443089187145233e-02 3.705795109272003174e-02 3.576011955738067627e-02 7.265482563525438309e-03 8.085099048912525177e-03 2.677080221474170685e-02 1.029561832547187805e-02
3.810209035873413086e-02 3.461670875549316406e-02 3.820969257503747940e-03 8.303345441818237305e-01 6.944108009338378906e-02 4.166782647371292114e-02 4.053001105785369873e-02 1.380476262420415878e-02 8.421392180025577545e-03 1.236053556203842163e-02 2.968408167362213135e-02 1.287212781608104706e-02 2.473737299442291260e-02 2.004815824329853058e-02 1.622602343559265137e-02 8.027094416320323944e-03 6.450418732129037380e-04 3.592224791646003723e-03 1.821519108489155769e-03 1.262921607121825218e-03 2.067046007141470909e-03 2.669591922312974930e-03 1.681758090853691101e-03 9.094736538827419281e-03 3.504119580611586571e-03 1.819987967610359192e-02 8.526967838406562805e-03 1.728020422160625458e-02 1.010484341531991959e-02 1.769110560417175293e-02 2.383376006036996841e-03 2.942475257441401482e-03 7.056669332087039948e-03 8.179508149623870850e-03 1.624535210430622101e-02 7.274514064192771912e-03 1.542433816939592361e-02 4.999592900276184082e-03 1.670311763882637024e-02 2.695030905306339264e-02 9.570994880050420761e-04 1.852827263064682484e-03 6.144609767943620682e-03 1.463307254016399384e-02 7.122658193111419678e-03 1.929435320198535919e-02 3.974974900484085083e-02 3.798469156026840210e-02 3.394169732928276062e-03 3.794358926825225353e-04 9.138613822869956493e-04 8.351276628673076630e-03 1.801850646734237671e-02 1.436189189553260803e-02 1.054836157709360123e-02 1.307145785540342331e-02 1.532603520900011063e-02 5.213741213083267212e-03 2.510198391973972321e-02 2.066085673868656158e-02 1.159599609673023224e-02 2.424788847565650940e-02 2.006281726062297821e-02 2.486710809171199799e-02 8.500668220221996307e-03 6.577866151928901672e-03 1.745628565549850464e-02 1.106365304440259933e-02 1.535572297871112823e-02 2.534446772187948227e-03 1.237128861248493195e-02 5.164108239114284515e-03 1.935788616538047791e-02 1.775841414928436279e-02 1.409938465803861618e-02 2.353766234591603279e-03 3.133926913142204285e-02 8.000101894140243530e-03 2.457920834422111511e-02 2.913268841803073883e-02 1.421785634011030197e-02 2.128005959093570709e-02 2.888289745897054672e-03 1.896425522863864899e-02 1.164314057677984238e-02 2.994039794430136681e-03 1.879012025892734528e-02 1.007961668074131012e-02 3.119658865034580231e-02 1.605640165507793427e-02 3.394132852554321289e-02 1.348556950688362122e-02 1.529854070395231247e-02 2.423369325697422028e-02 1.560371165396645665e-04 9.949534200131893158e-03 3.938263747841119766e-03 2.218193374574184418e-03 6.272220518440008163e-03 9.008117951452732086e-03 1.497492752969264984e-02 1.369310426525771618e-03 6.343765184283256531e-03 1.654925569891929626e-02 7.946440018713474274e-03 1.823325827717781067e-02 9.763227775692939758e-03 2.149460650980472565e-02 3.168358234688639641e-03 1.974265836179256439e-02 3.529818728566169739e-03 3.108744975179433823e-03 6.624569650739431381e-03 7.833989337086677551e-03 1.814595796167850494e-02 1.790493726730346680e-02
2.407786063849925995e-02 2.600740268826484680e-02 3.380881156772375107e-03 6.944108009338378906e-02 8.303345441818237305e-01 2.922354452311992645e-02 2.680995501577854156e-02 1.041179802268743515e-02 2.131103537976741791e-02 9.315076749771833420e-04 1.741819269955158234e-02 3.718808526173233986e-03 1.399128604680299759e-02 7.888001273386180401e-04 1.537573616951704025e-02 1.322754193097352982e-03 2.082020789384841919e-02 6.225956603884696960e-03 1.601587608456611633e-02 1.908601634204387665e-02 9.591859765350818634e-03 1.493355724960565567e-02 1.500882324762642384e-03 9.494325495325028896e-04 1.176116243004798889e-02 8.455345407128334045e-03 6.381186656653881073e-03 2.578189130872488022e-03 7.521788589656352997e-03 7.101767230778932571e-03 3.798109944909811020e-03 4.636980593204498291e-03 1.832676306366920471e-02 1.001198962330818176e-02 1.983957365155220032e-02 3.239267272874712944e-03 5.025538615882396698e-03 1.015204843133687973e-02 5.510072037577629089e-02 6.480536609888076782e-02 1.388566661626100540e-02 1.149377436377108097e-03 1.393383834511041641e-02 5.467668175697326660e-03 6.919009028933942318e-04 3.545855870470404625e-03 2.261403761804103851e-02 1.694676652550697327e-02 1.891805976629257202e-02 6.099872291088104248e-03 5.380245391279459000e-03 1.178204361349344254e-02 2.016819315031170845e-03 5.017918068915605545e-03 1.811966113746166229e-02 1.759904250502586365e-02 2.387219853699207306e-02 1.083668880164623260e-02 6.519379559904336929e-03 7.765455520711839199e-04 1.161662116646766663e-02 2.090924791991710663e-02 2.249361574649810791e-02 1.975884288549423218e-02 7.026637904345989227e-03 1.056311652064323425e-02 1.926700584590435028e-02 8.106554858386516571e-03 1.235743891447782516e-02 5.998047534376382828e-03 2.896307781338691711e-02 7.605021353811025620e-03 4.634593799710273743e-02 1.031035650521516800e-02 4.975743219256401062e-02 5.141266155987977982e-03 4.216968081891536713e-03 1.226009987294673920e-02 2.100279182195663452e-02 1.112520508468151093e-02 5.814875941723585129e-03 9.162442758679389954e-03 4.774089530110359192e-02 3.714812919497489929e-02 1.443184446543455124e-02 8.562755538150668144e-04 1.003974955528974533e-02 9.951000101864337921e-03 2.980514429509639740e-02 6.278804503381252289e-03 1.283536199480295181e-02 1.909664086997509003e-02 3.759134560823440552e-03 3.395215794444084167e-02 6.758381612598896027e-03 2.939970791339874268e-02 1.003024261444807053e-02 6.459376309067010880e-03 1.334676612168550491e-02 7.520048529841005802e-04 3.098332509398460388e-02 1.533252187073230743e-02 2.067064493894577026e-02 1.796284504234790802e-02 1.551365759223699570e-02 4.586995579302310944e-03 6.703933700919151306e-03 2.482939139008522034e-02 1.833236659877002239e-03 2.383880317211151123e-02 2.725695259869098663e-03 9.217534214258193970e-03 1.180058065801858902e-02 1.190835330635309219e-02 2.038617432117462158e-02 2.459266595542430878e-02
8.142779022455215454e-02 7.326952368021011353e-02 1.148414146155118942e-02 4.166782647371292114e-02 2.922354452311992645e-02 8.303345441818237305e-01 8.658450096845626831e-02 1.196707319468259811e-02 1.566997496411204338e-03 1.240235054865479469e-03 6.147797778248786926e-02 1.949867047369480133e-02 6.140594184398651123e-02 2.696037665009498596e-02 1.534116454422473907e-03 7.668248144909739494e-05 5.296086310409009457e-04 2.213113242760300636e-03 2.018725126981735229e-02 3.089302685111761093e-03 5.612332373857498169e-03 3.968697506934404373e-03 1.308278995566070080e-03 8.278075605630874634e-03 6.225028075277805328e-03 9.815008379518985748e-04 1.539354026317596436e-02 1.899223215878009796e-02 2.415672875940799713e-02 7.589348591864109039e-03 1.874413527548313141e-02 1.209875661879777908e-02 8.713400922715663910e-03 7.929541170597076416e-03 4.347581882029771805e-03 1.049783080816268921e-02 4.795346874743700027e-03 9.206848219037055969e-03 1.078957691788673401e-02 1.076051313430070877e-02 7.848042063415050507e-03 1.412003580480813980e-02 1.779907383024692535e-02 1.089336071163415909e-02 1.933185383677482605e-02 1.528989896178245544e-02 7.574043422937393188e-02 6.240399926900863647e-02 1.550071034580469131e-02 8.498732931911945343e-03 7.844148203730583191e-03 1.335209701210260391e-02 7.425465155392885208e-03 5.738221574574708939e-03 1.338359713554382324e-02 2.554732747375965118e-02 3.720578970387578011e-03 5.273502320051193237e-04 1.201189868152141571e-02 8.307031355798244476e-03 1.813570410013198853e-02 3.532364219427108765e-02 1.501016551628708839e-03 8.630507625639438629e-03 2.441945113241672516e-02 2.054643258452415466e-02 4.243850999046117067e-04 7.547301705926656723e-03 2.570797922089695930e-03 5.820251069962978363e-03 1.493246760219335556e-02 3.230677451938390732e-03 7.384805008769035339e-03 1.103870011866092682e-02 3.527388907968997955e-03 1.621264964342117310e-03 1.645432598888874054e-02 1.934945955872535706e-02 1.309725176542997360e-02 2.252817712724208832e-02 2.974608680233359337e-03 8.477336727082729340e-03 1.147670671343803406e-03 9.231504052877426147e-03 4.178015515208244324e-03 2.141732536256313324e-02 5.949888844043016434e-03 2.053055539727210999e-02 1.743272691965103149e-02 7.356685120612382889e-03 4.849788546562194824e-02 7.842230610549449921e-03 3.619638457894325256e-02 1.019846741110086441e-02 1.377240568399429321e-02 5.101295653730630875e-03 5.540679674595594406e-03 7.842286489903926849e-03 5.273142596706748009e-04 1.220251526683568954e-02 1.081547886133193970e-02 2.174449525773525238e-02 9.856765158474445343e-03 1.115005649626255035e-02 9.926316328346729279e-03 3.710275515913963318e-03 1.049973908811807632e-02 3.443372249603271484e-02 2.621618844568729401e-02 2.387041412293910980e-02 8.439526893198490143e-03 1.980299875140190125e-02 2.439329773187637329e-02 1.570521108806133270e-02 3.078810172155499458e-03 1.236533280462026596e-02
7.597712427377700806e-02 7.440575212240219116e-02 6.742663215845823288e-03 4.053001105785369873e-02 2.680995501577854156e-02 8.658450096845626831e-02 8.303345441818237305e-01 5.367490462958812714e-03 7.639139425009489059e-03 1.229834044352173805e-03 6.681999564170837402e-02 1.882655173540115356e-02 6.847917288541793823e-02 3.056282922625541687e-02 7.809530012309551239e-03 1.104230619966983795e-02 8.280819281935691833e-03 3.834131639450788498e-03 1.746091246604919434e-02 5.319621879607439041e-03 8.051251061260700226e-04 5.067424499429762363e-04 4.572071775328367949e-04 4.831980448216199875e-03 1.087910495698451996e-02 2.870541065931320190e-04 1.255196612328290939e-02 9.906937368214130402e-03 3.238728642463684082e-02 1.833340938901528716e-04 3.029145859181880951e-02 5.284537095576524734e-03 1.125396881252527237e-02 2.294803038239479065e-03 8.760094642639160156e-03 9.653462097048759460e-03 4.074742551892995834e-03 9.791716933250427246e-03 1.598354615271091461e-02 1.347523462027311325e-02 9.478196501731872559e-03 1.548645086586475372e-02 1.851266622543334961e-02 6.033923476934432983e-03 9.353975765407085419e-03 2.137766219675540924e-02 7.809317857027053833e-02 7.189209014177322388e-02 7.777968421578407288e-03 5.342898424714803696e-03 1.815041759982705116e-03 2.063375897705554962e-02 6.774517707526683807e-03 4.294488579034805298e-03 3.052177373319864273e-03 2.445298060774803162e-02 6.489389110356569290e-03 3.627919359132647514e-03 1.162187568843364716e-02 4.170157480984926224e-03 2.224568277597427368e-02 2.801249176263809204e-02 6.158313248306512833e-03 2.743484685197472572e-03 3.504366800189018250e-02 3.295657783746719360e-02 6.715996656566858292e-03 8.880881359800696373e-04 1.506897807121276855e-02 6.314276717603206635e-03 1.075414661318063736e-02 3.068896767217665911e-04 8.318972773849964142e-03 1.469038147479295731e-02 6.120881531387567520e-03 6.550936028361320496e-03 2.119980379939079285e-02 1.257730741053819656e-02 9.744988754391670227e-03 1.832969859242439270e-02 3.221615683287382126e-03 1.075122877955436707e-02 1.040831441059708595e-03 9.138684719800949097e-03 1.104791741818189621e-02 2.275498583912849426e-02 7.392451167106628418e-03 2.207352034747600555e-02 1.050818897783756256e-02 2.157630398869514465e-03 5.796055123209953308e-02 1.197459828108549118e-02 4.960963129997253418e-02 1.224558334797620773e-02 7.567762862890958786e-03 9.596064686775207520e-03 5.058956332504749298e-03 1.255849190056324005e-02 3.024778794497251511e-03 1.059221383184194565e-02 7.184769958257675171e-03 1.511688623577356339e-02 9.812276810407638550e-03 1.562753878533840179e-02 9.587431326508522034e-03 2.683195518329739571e-03 9.180453605949878693e-03 2.555674314498901367e-02 2.096916548907756805e-02 1.723117753863334656e-02 1.239832211285829544e-02 2.315280213952064514e-02 2.984813600778579712e-02 1.883269473910331726e-02 3.092925995588302612e-03 7.691693492233753204e-03
8.362019434571266174e-03 3.635862376540899277e-03 6.862762570381164551e-02 1.380476262420415878e-02 1.041179802268743515e-02 1.196707319468259811e-02 5.367490462958812714e-03 8.303345441818237305e-01 9.171683341264724731e-03 6.500303279608488083e-03 1.251805853098630905e-02 2.916147932410240173e-02 1.090522203594446182e-02 1.573349535465240479e-02 5.002520978450775146e-02 1.450407505035400391e-02 7.002704311162233353e-03 1.306138932704925537e-02 2.038668654859066010e-02 3.768747206777334213e-03 2.852571662515401840e-03 3.306842967867851257e-02 1.059962809085845947e-02 3.392483107745647430e-03 1.141082961112260818e-02 2.552406629547476768e-03 4.138357192277908325e-02 1.274236571043729782e-02 6.513777654618024826e-03 2.549670077860355377e-02 1.134825055487453938e-03 4.172840155661106110e-03 7.467533461749553680e-03 7.453967817127704620e-03 3.048400208353996277e-02 1.065711583942174911e-02 6.525524891912937164e-03 4.448792710900306702e-02 1.556289475411176682e-02 7.244090083986520767e-03 3.336320072412490845e-02 1.419346220791339874e-02 1.046460121870040894e-03 4.822387918829917908e-02 1.824521459639072418e-02 3.841782454401254654e-03 1.462151855230331421e-02 9.715612395666539669e-04 6.723464000970125198e-03 9.494269266724586487e-03 4.687826335430145264e-02 4.235304892063140869e-02 1.125548779964447021e-02 9.031978435814380646e-03 7.414850872009992599e-03 7.245582528412342072e-03 9.597375057637691498e-03 3.445091657340526581e-03 1.884078048169612885e-02 1.193145010620355606e-02 1.391835603863000870e-02 3.621004521846771240e-03 1.198401208966970444e-03 1.101890113204717636e-02 8.809464052319526672e-03 4.918936174362897873e-03 7.911597378551959991e-03 1.394364284351468086e-03 1.510807429440319538e-03 3.564122691750526428e-02 4.682604223489761353e-03 2.418907731771469116e-02 1.186216436326503754e-02 2.447595074772834778e-02 3.696250962093472481e-03 2.487551793456077576e-02 1.247767941094934940e-03 7.700997404754161835e-03 1.811794191598892212e-02 7.782332831993699074e-04 6.824728846549987793e-02 6.975439190864562988e-02 1.230521942488849163e-03 6.033978424966335297e-03 5.538112483918666840e-03 3.972035367041826248e-03 4.693916812539100647e-02 4.043928533792495728e-02 9.700748138129711151e-03 8.246738463640213013e-03 1.624371111392974854e-02 2.867817692458629608e-02 3.355580847710371017e-03 2.377195656299591064e-02 7.028528954833745956e-03 9.005237370729446411e-04 2.852517925202846527e-02 1.300395000725984573e-02 1.956975460052490234e-02 1.813855580985546112e-02 1.429866813123226166e-02 1.530402805656194687e-02 2.698289044201374054e-02 3.482476249337196350e-02 9.268044494092464447e-03 1.150364987552165985e-02 6.255586165934801102e-03 9.625163860619068146e-03 1.296371500939130783e-02 2.938546007499098778e-03 3.818894922733306885e-02 4.563305154442787170e-02 1.239828113466501236e-02 3.211499890312552452e-03 3.994131088256835938e-02 2.925772592425346375e-02
1.808657892979681492e-03 7.652327418327331543e-03 1.436119806021451950e-02 8.421392180025577545e-03 2.131103537976741791e-02 1.566997496411204338e-03 7.639139425009489059e-03 9.171683341264724731e-03 8.303345441818237305e-01 2.369141206145286560e-02 3.409688826650381088e-03 1.720230467617511749e-02 3.367704572156071663e-03 2.040968975052237511e-03 8.886629715561866760e-03 3.971477597951889038e-02 3.012107312679290771e-02 2.557043917477130890e-02 2.222504280507564545e-02 4.397036973387002945e-03 1.698452979326248169e-02 1.397881284356117249e-02 2.795708738267421722e-02 2.792466059327125549e-02 1.040365081280469894e-02 8.555760607123374939e-03 8.624015375971794128e-03 1.005698740482330322e-02 1.497446093708276749e-03 4.179779905825853348e-03 7.368800230324268341e-03 3.026435337960720062e-02 1.051075384020805359e-02 2.761345542967319489e-02 1.053911913186311722e-02 1.791560836136341095e-02 6.079147104173898697e-03 1.192872878164052963e-02 2.205208584200590849e-04 1.114459335803985596e-02 7.704509887844324112e-03 2.852847985923290253e-02 7.204691413789987564e-03 1.176152005791664124e-02 2.501558978110551834e-03 1.244801189750432968e-02 1.079835090786218643e-02 1.711869798600673676e-02 3.192052245140075684e-02 8.959787664934992790e-04 1.841311343014240265e-02 2.048159763216972351e-02 3.050477243959903717e-03 4.912647418677806854e-03 2.513387426733970642e-02 9.996913373470306396e-03 1.956634595990180969e-02 5.782272666692733765e-03 4.084836225956678391e-03 6.645949091762304306e-03 1.031262427568435669e-02 1.310408674180507660e-02 1.154519338160753250e-02 2.774481475353240967e-02 6.384258158504962921e-03 1.736182905733585358e-02 2.571203559637069702e-02 2.246647700667381287e-02 4.066764935851097107e-02 4.103834275156259537e-03 8.951487950980663300e-03 2.504262514412403107e-02 1.906031928956508636e-02 8.005780167877674103e-03 2.428215928375720978e-03 2.032173424959182739e-02 7.321303337812423706e-02 2.653863653540611267e-02 3.039523027837276459e-02 1.074994448572397232e-02 9.293866343796253204e-03 5.883562844246625900e-03 4.329675436019897461e-02 4.078742489218711853e-02 2.498864009976387024e-02 1.793942064978182316e-03 1.006877981126308441e-02 1.045981794595718384e-02 4.360669851303100586e-02 1.500725746154785156e-02 6.355075165629386902e-03 7.639169343747198582e-04 2.482197619974613190e-02 1.031666155904531479e-02 8.823326788842678070e-03 2.585746534168720245e-02 1.144466735422611237e-02 2.015778608620166779e-02 3.679751977324485779e-02 2.033242769539356232e-02 1.568285189568996429e-02 2.503555826842784882e-02 2.320251893252134323e-03 5.515751894563436508e-03 5.945363547652959824e-03 3.583374666050076485e-03 7.593686459586024284e-04 1.034537702798843384e-02 1.353870518505573273e-02 3.737447410821914673e-02 2.962310332804918289e-03 1.893555163405835629e-03 1.986156776547431946e-02 6.222983356565237045e-03 1.192707195878028870e-02 8.501934818923473358e-03
4.396562580950558186e-04 4.102733917534351349e-03 1.917842891998589039e-03 1.236053556203842163e-02 9.315076749771833420e-04 1.240235054865479469e-03 1.229834044352173805e-03 6.500303279608488083e-03 2.369141206145286560e-02 8.303345441818237305e-01 6.591864861547946930e-03 1.337703783065080643e-02 6.765472702682018280e-03 3.291810676455497742e-02 2.016082592308521271e-02 2.360418625175952911e-02 4.071914777159690857e-02 1.937268674373626709e-02 4.207484051585197449e-02 2.490142360329627991e-02 2.203771471977233887e-02 3.975100815296173096e-02 2.578888088464736938e-02 3.971491381525993347e-02 2.267634682357311249e-02 3.584133088588714600e-02 2.367464639246463776e-02 2.076907083392143250e-02 2.197203598916530609e-02 1.586660183966159821e-02 1.337081938982009888e-02 1.142483204603195190e-02 1.093996223062276840e-02 2.232988178730010986e-02 1.211425475776195526e-02 9.019372984766960144e-03 2.332828938961029053e-02 1.328017376363277435e-02 1.096079777926206589e-02 8.850601501762866974e-03 6.951685063540935516e-03 1.028836145997047424e-02 9.696771390736103058e-03 6.859510671347379684e-03 2.030958421528339386e-02 2.922608982771635056e-03 1.175628043711185455e-02 2.755059686023741961e-04 1.335471589118242264e-02 4.265356808900833130e-02 5.338656250387430191e-03 5.184108740650117397e-04 1.731912489049136639e-03 1.739800674840807915e-03 3.623376414179801941e-02 4.117508605122566223e-02 6.102527491748332977e-03 9.815209545195102692e-03 9.578084573149681091e-03 8.305349387228488922e-03 1.312852557748556137e-02 2.662294358015060425e-02 3.017409937456250191e-03 1.744803972542285919e-03 3.076101653277873993e-03 2.758068498224020004e-03 9.348710998892784119e-03 1.817369461059570312e-02 1.587938517332077026e-02 1.169519778341054916e-02 3.085505776107311249e-02 2.500163577497005463e-02 4.504728130996227264e-03 5.875464994460344315e-03 1.640970073640346527e-02 1.516881305724382401e-02 1.185829751193523407e-02 7.423119246959686279e-02 2.184065803885459900e-02 4.599151760339736938e-02 5.610817112028598785e-03 1.409786473959684372e-02 1.516365329734981060e-03 3.037937730550765991e-02 1.917228510137647390e-04 3.139239922165870667e-02 1.865766942501068115e-02 2.460202574729919434e-02 3.970143443439155817e-04 2.256767824292182922e-02 5.817615892738103867e-03 1.576471142470836639e-02 9.834972210228443146e-03 1.984824985265731812e-02 3.687638090923428535e-03 2.138078957796096802e-02 1.046588830649852753e-02 1.511483546346426010e-02 1.694867573678493500e-02 3.400833159685134888e-02 4.748242907226085663e-03 2.173506841063499451e-02 5.416227038949728012e-03 1.175813656300306320e-02 1.011490821838378906e-02 4.734059330075979233e-03 7.272867485880851746e-03 4.188997671008110046e-03 8.235990069806575775e-03 1.161046791821718216e-02 8.863131515681743622e-03 1.860233768820762634e-02 7.408711593598127365e-03 1.151369698345661163e-02 2.251521125435829163e-02 1.960084028542041779e-02
7.614674419164657593e-02 7.657697051763534546e-02 1.068842317909002304e-02 2.968408167362213135e-02 1.741819269955158234e-02 6.147797778248786926e-02 6.681999564170837402e-02 1.251805853098630905e-02 3.409688826650381088e-03 6.591864861547946930e-03 8.303345441818237305e-01 3.738801751751452684e-04 8.153756707906723022e-02 9.090938605368137360e-03 8.780364878475666046e-03 9.967410936951637268e-03 1.009103097021579742e-02 1.070832181721925735e-02 1.913720555603504181e-02 4.975541378371417522e-04 4.809683654457330704e-03 2.037922665476799011e-02 8.536336012184619904e-03 5.461770109832286835e-03 6.597793195396661758e-03 8.446346037089824677e-03 1.735920459032058716e-02 3.275288501754403114e-03 5.919235944747924805e-02 7.875125855207443237e-03 5.365886911749839783e-02 7.848897017538547516e-03 5.081525538116693497e-03 1.082612317986786366e-03 2.411598339676856995e-02 1.422666013240814209e-02 8.717956952750682831e-03 4.642109852284193039e-03 1.312911417335271835e-02 1.100555062294006348e-02 1.518463599495589733e-03 5.737165454775094986e-03 8.839697577059268951e-03 1.104488410055637360e-02 3.986111842095851898e-03 1.825189217925071716e-02 7.352644950151443481e-02 6.345421820878982544e-02 2.115830406546592712e-02 2.213787753134965897e-03 9.847182809608057141e-06 2.002954669296741486e-02 2.023336477577686310e-03 6.408263929188251495e-03 5.685694050043821335e-03 9.276250377297401428e-03 1.393490936607122421e-02 6.014031823724508286e-03 8.466569706797599792e-04 1.494846888817846775e-03 8.254031650722026825e-03 1.124161668121814728e-02 8.226623758673667908e-03 1.785353384912014008e-02 5.491710454225540161e-02 3.812935203313827515e-02 1.492183888331055641e-03 1.943798153661191463e-03 1.001802831888198853e-02 1.786079816520214081e-02 5.875179078429937363e-03 1.518182805739343166e-03 2.631948515772819519e-02 1.223218627274036407e-02 1.663034223020076752e-02 6.096196360886096954e-03 8.967590518295764923e-03 1.205995865166187286e-02 1.422059256583452225e-02 1.721520535647869110e-02 8.423135615885257721e-03 1.768607459962368011e-02 1.385533437132835388e-02 5.637208931148052216e-03 7.981893606483936310e-03 2.119518071413040161e-02 1.477941777557134628e-02 7.816111901775002480e-04 6.210698746144771576e-03 7.519082166254520416e-03 6.948866695165634155e-02 3.593153879046440125e-02 5.253388732671737671e-02 2.518988028168678284e-02 9.683391079306602478e-03 7.055338006466627121e-03 3.445049806032329798e-04 9.462879970669746399e-03 7.632745429873466492e-03 1.460156217217445374e-02 4.886920563876628876e-03 7.459355052560567856e-03 2.307365881279110909e-03 1.307616708800196648e-03 6.315506529062986374e-03 1.806879066862165928e-03 4.055118188261985779e-03 1.213432662189006805e-02 9.668524377048015594e-03 1.711049675941467285e-02 2.136366674676537514e-03 8.606133982539176941e-03 2.145246788859367371e-02 1.338487491011619568e-02 1.593474298715591431e-02 7.205413654446601868e-03
3.295052738394588232e-04 5.996450781822204590e-03 3.038210980594158173e-02 1.287212781608104706e-02 3.718808526173233986e-03 1.949867047369480133e-02 1.882655173540115356e-02 2.916147932410240173e-02 1.720230467617511749e-02 1.337703783065080643e-02 3.738801751751452684e-04 8.303345441818237305e-01 4.619053564965724945e-03 8.441409468650817871e-02 1.349412743002176285e-02 9.867746382951736450e-03 4.928857553750276566e-03 3.186608850955963135e-02 2.989350445568561554e-02 2.636485442053526640e-04 9.288835339248180389e-03 1.169692445546388626e-02 2.868010476231575012e-02 1.523808576166629791e-02 8.377637714147567749e-04 9.629727341234683990e-03 2.609389461576938629e-02 3.479233756661415100e-02 9.353104047477245331e-03 4.555907100439071655e-02 9.094214066863059998e-03 5.194841418415307999e-03 1.558891404420137405e-02 4.886149428784847260e-03 3.839134937152266502e-03 1.737693138420581818e-02 9.042507968842983246e-03 1.107729971408843994e-02 1.263686735183000565e-02 1.441984996199607849e-02 6.475211121141910553e-04 1.257064286619424820e-02 3.221052000299096107e-03 2.913404814898967743e-02 2.826191112399101257e-02 1.583865471184253693e-02 1.530501525849103928e-02 2.143500745296478271e-02 2.484974451363086700e-02 1.288436818867921829e-03 2.391390502452850342e-02 2.924894355237483978e-02 1.502914540469646454e-02 2.466649748384952545e-02 7.822016254067420959e-03 1.790948212146759033e-03 9.253686293959617615e-03 9.005685569718480110e-04 1.720544137060642242e-02 1.925504952669143677e-02 3.020127117633819580e-02 1.440617721527814865e-02 2.703700400888919830e-02 4.109327681362628937e-03 1.436965260654687881e-02 3.064287267625331879e-02 2.462657168507575989e-03 3.095781663432717323e-03 2.929718792438507080e-02 2.099612914025783539e-02 1.928339712321758270e-02 1.318122167140245438e-02 9.966682642698287964e-03 2.137073874473571777e-02 1.380804460495710373e-02 1.572671718895435333e-02 6.922039669007062912e-03 2.117825299501419067e-02 1.313880737870931625e-02 2.134815976023674011e-02 2.200690098106861115e-02 1.833053119480609894e-02 2.539429580792784691e-03 1.137979142367839813e-02 1.625164411962032318e-02 1.111470069736242294e-02 1.648723892867565155e-02 6.139780743978917599e-04 1.209296751767396927e-02 2.147116139531135559e-02 2.148403972387313843e-02 1.081956457346677780e-02 2.053463645279407501e-02 1.421030703932046890e-02 2.161479555070400238e-02 7.764954585582017899e-03 2.238113991916179657e-02 6.890796124935150146e-03 1.270737126469612122e-02 2.445066347718238831e-02 3.358060261234641075e-03 3.003517165780067444e-03 1.362828444689512253e-02 4.529737867414951324e-03 2.001445554196834564e-02 1.553359720855951309e-02 3.980733919888734818e-03 2.077496424317359924e-02 1.259414013475179672e-03 1.136836688965559006e-02 2.617483027279376984e-02 2.596429176628589630e-02 3.879685536958277225e-04 5.765700712800025940e-03 2.090354636311531067e-02 6.265906617045402527e-03
7.080763578414916992e-02 7.458697259426116943e-02 1.541015412658452988e-02 2.473737299442291260e-02 1.399128604680299759e-02 6.140594184398651123e-02 6.847917288541793823e-02 1.090522203594446182e-02 3.367704572156071663e-03 6.765472702682018280e-03 8.153756707906723022e-02 4.619053564965724945e-03 8.303345441818237305e-01 1.372264325618743896e-02 9.095356217585504055e-04 1.350670494139194489e-02 1.120234932750463486e-02 1.072845770977437496e-03 2.132045663893222809e-02 1.395691465586423874e-02 1.768838055431842804e-02 1.704854331910610199e-02 1.201470196247100830e-02 6.884479429572820663e-03 1.830617152154445648e-02 2.027815440669655800e-03 2.299576252698898315e-02 5.216955207288265228e-03 5.596870183944702148e-02 7.035283837467432022e-03 5.379787087440490723e-02 1.040271949023008347e-03 5.914180073887109756e-03 5.839291028678417206e-03 1.962667331099510193e-02 8.818638511002063751e-03 6.363707594573497772e-03 4.907134454697370529e-03 9.097657166421413422e-03 1.102798990905284882e-02 3.868098603561520576e-03 1.097474433481693268e-02 1.475170068442821503e-02 4.397427197545766830e-03 1.231044251471757889e-02 2.474304474890232086e-02 7.042200863361358643e-02 6.371920555830001831e-02 1.522289216518402100e-02 9.604108636267483234e-04 4.687692853622138500e-04 1.959089934825897217e-02 6.371716503053903580e-03 9.321026504039764404e-03 2.175812609493732452e-03 9.480155073106288910e-03 7.939410395920276642e-03 1.585087738931179047e-03 8.475582115352153778e-03 4.752350505441427231e-03 1.591794937849044800e-02 1.172890141606330872e-02 1.160672679543495178e-02 1.900583691895008087e-02 5.171015486121177673e-02 4.392917454242706299e-02 1.273985393345355988e-02 1.410617399960756302e-02 1.262394897639751434e-02 1.618859544396400452e-02 2.281321445479989052e-03 4.133278038352727890e-03 2.370290085673332214e-02 1.330264378339052200e-02 1.535349711775779724e-02 1.126196235418319702e-02 5.100289825350046158e-03 7.880305871367454529e-03 1.580550149083137512e-02 1.025589834898710251e-02 1.121842797147110105e-04 1.232600025832653046e-02 1.456114370375871658e-02 5.366534925997257233e-03 1.731660030782222748e-02 2.761676162481307983e-02 3.178876126185059547e-03 1.689281547442078590e-03 2.122280784533359110e-05 8.362095104530453682e-04 6.860815733671188354e-02 2.879562042653560638e-02 5.265387520194053650e-02 2.352012880146503448e-02 9.937324561178684235e-03 3.344064345583319664e-03 1.574006862938404083e-03 1.643488556146621704e-02 1.375989336520433426e-02 1.862862519919872284e-02 8.603079244494438171e-03 1.008378528058528900e-02 3.111257450655102730e-03 4.037170670926570892e-03 7.872066460549831390e-03 5.906762089580297470e-03 4.339644219726324081e-03 9.653152897953987122e-03 1.228433102369308472e-02 1.234351657330989838e-02 6.682205013930797577e-03 1.186522748321294785e-02 2.692516706883907318e-02 1.588512025773525238e-02 7.870703004300594330e-03 1.007341314107179642e-02
