8.376755118370056152e-01 9.305419027805328369e-02 1.556652132421731949e-02 1.312918029725551605e-02 1.212471351027488708e-02 7.651689648628234863e-02 6.942271441221237183e-02 8.285434916615486145e-03 7.019179407507181168e-03 2.001684345304965973e-02 7.633505016565322876e-02 1.697230152785778046e-02 6.448277831077575684e-02 2.509227767586708069e-02 1.145217102020978928e-02 1.133492868393659592e-02 8.990224450826644897e-03 4.818699322640895844e-03 8.560442947782576084e-04 8.874615887179970741e-04 4.011186305433511734e-03 6.406256463378667831e-03 1.333196554332971573e-02 8.767471648752689362e-03 4.737010691314935684e-03 6.137402262538671494e-03 1.024810131639242172e-02 1.980031095445156097e-02 4.300606250762939453e-02 1.410130225121974945e-02 2.851637080311775208e-02 3.018276067450642586e-03 5.641889292746782303e-03 3.701091511175036430e-03 1.589141204021871090e-03 5.936166271567344666e-03 1.846423931419849396e-02 1.464009401388466358e-03 6.262430455535650253e-03 8.914899080991744995e-03 1.554068829864263535e-02 1.155885402113199234e-03 4.625845700502395630e-03 1.417810842394828796e-02 2.012513019144535065e-02 1.303102634847164154e-02 6.257796287536621094e-02 4.651201516389846802e-02 1.166334562003612518e-02 4.077362827956676483e-03 9.443676099181175232e-03 7.516813464462757111e-03 1.613794825971126556e-02 2.125187776982784271e-03 1.267951261252164841e-02 1.419578492641448975e-02 5.355976987630128860e-03 3.288315376266837120e-03 1.014600321650505066e-02 1.462395861744880676e-02 5.818066187202930450e-03 4.321275744587182999e-03 2.378365956246852875e-03 2.422585152089595795e-03 3.323565050959587097e-02 2.643880434334278107e-02 4.573218524456024170e-03 4.467484541237354279e-03 1.654280908405780792e-02 5.073203239589929581e-03 9.414295665919780731e-03 1.352682895958423615e-02 1.825603656470775604e-02 1.672026701271533966e-02 2.267663925886154175e-02 2.253036759793758392e-02 1.255568023771047592e-02 6.597759202122688293e-03 6.226855795830488205e-03 5.860305391252040863e-03 1.741853728890419006e-02 1.509990636259317398e-02 2.365207998082041740e-03 2.399070654064416885e-03 1.677133492194116116e-03 1.088265608996152878e-02 2.744381688535213470e-02 1.392620615661144257e-02 2.154264599084854126e-03 7.934445515275001526e-03 5.521543696522712708e-02 1.238723006099462509e-02 4.828167334198951721e-02 1.148872077465057373e-03 1.033938582986593246e-02 1.674681529402732849e-02 1.570479758083820343e-02 1.909051835536956787e-02 1.359712611883878708e-02 1.954928971827030182e-02 1.360414177179336548e-02 8.637911640107631683e-03 1.470594084821641445e-03 5.533653777092695236e-03 2.978567499667406082e-03 1.554274745285511017e-02 1.536008995026350021e-02 2.266960591077804565e-02 3.113679355010390282e-03 9.240607731044292450e-03 3.199480706825852394e-03 1.750616123899817467e-03 5.271479021757841110e-03 1.042572315782308578e-03 5.893743596971035004e-03 1.246516313403844833e-02
9.305419027805328369e-02 8.376755118370056152e-01 1.095095835626125336e-02 1.391847431659698486e-02 1.541914884001016617e-02 7.532659173011779785e-02 7.691100984811782837e-02 9.049043059349060059e-03 1.269623637199401855e-02 1.714176312088966370e-02 7.523187249898910522e-02 8.946166373789310455e-03 7.504627853631973267e-02 2.145322039723396301e-02 1.326780300587415695e-02 4.478611052036285400e-03 2.250851597636938095e-03 3.995728038717061281e-04 6.010539364069700241e-03 4.925222136080265045e-03 3.418171079829335213e-03 8.277832530438899994e-03 1.101397164165973663e-02 7.696525659412145615e-03 6.318107713013887405e-03 8.835154585540294647e-03 1.190549926832318306e-03 1.818996667861938477e-02 4.085490852594375610e-02 4.660785198211669922e-03 2.631098963320255280e-02 3.840638091787695885e-03 1.181203126907348633e-02 1.828502863645553589e-03 1.216876786202192307e-03 1.275736954994499683e-03 1.504274737089872360e-02 6.979462690651416779e-03 8.369459770619869232e-03 9.282729588449001312e-03 2.266803942620754242e-02 4.459952004253864288e-03 7.482528220862150192e-03 2.565397322177886963e-02 1.283772103488445282e-02 5.723256617784500122e-03 5.742408335208892822e-02 4.520449414849281311e-02 6.739260163158178329e-03 6.397339981049299240e-03 1.671154797077178955e-02 1.021072082221508026e-02 1.460564881563186646e-02 6.467691273428499699e-04 8.101603947579860687e-03 1.506620459258556366e-02 6.974235642701387405e-03 2.040666993707418442e-03 6.944286637008190155e-03 1.335598528385162354e-02 9.203041903674602509e-03 6.305008195340633392e-03 5.416514817625284195e-03 1.842887839302420616e-03 3.409458696842193604e-02 3.194274380803108215e-02 2.244327217340469360e-03 2.757617738097906113e-03 6.579215638339519501e-03 3.954023588448762894e-03 6.212254054844379425e-03 3.814930561929941177e-03 1.337374094873666763e-02 1.656670868396759033e-02 1.964164339005947113e-02 9.217700920999050140e-03 1.515016518533229828e-02 2.585595706477761269e-03 8.347799303010106087e-04 2.904067747294902802e-03 1.305541209876537323e-02 7.901034317910671234e-03 4.587525967508554459e-03 4.113318864256143570e-03 1.994337886571884155e-03 1.465219166129827499e-02 2.142721600830554962e-02 1.455781329423189163e-02 7.075544446706771851e-03 2.337750047445297241e-03 5.442011356353759766e-02 1.904359459877014160e-02 4.143916815519332886e-02 1.071981713175773621e-02 1.296653039753437042e-02 1.211189012974500656e-02 2.163145318627357483e-02 4.612300079315900803e-03 1.387176662683486938e-02 1.845289021730422974e-02 1.020508166402578354e-02 1.454821089282631874e-03 1.558231562376022339e-02 5.632532294839620590e-03 7.119805559341330081e-06 1.240984071046113968e-02 1.519936602562665939e-02 1.980088837444782257e-02 4.880488384515047073e-03 1.069950219243764877e-02 8.584390394389629364e-03 1.432317029684782028e-02 3.103912808001041412e-03 1.377407810650765896e-03 1.424495567334815860e-04 2.349213173147290945e-04
1.556652132421731949e-02 1.095095835626125336e-02 8.376755118370056152e-01 2.260876633226871490e-02 2.576878294348716736e-02 1.167709822766482830e-03 3.735896432772278786e-03 4.439415410161018372e-02 4.828072618693113327e-03 1.898378878831863403e-02 1.023956295102834702e-02 8.112603798508644104e-03 1.127518434077501297e-02 1.646994054317474365e-02 1.975120604038238525e-02 1.916348561644554138e-02 2.343294769525527954e-02 3.441796638071537018e-03 7.619793992489576340e-03 1.603404432535171509e-02 1.282686553895473480e-02 2.257101796567440033e-02 1.444795075803995132e-02 4.804180003702640533e-03 1.182542275637388229e-02 1.115369051694869995e-02 1.154449954628944397e-02 3.287340514361858368e-03 9.472470730543136597e-03 2.208643034100532532e-02 2.514426829293370247e-03 1.383831351995468140e-02 5.530568771064281464e-03 1.144373230636119843e-02 1.796524156816303730e-03 2.096919715404510498e-02 1.605932787060737610e-02 2.409485727548599243e-02 2.003472298383712769e-02 1.737075299024581909e-02 3.042800910770893097e-02 2.395864948630332947e-02 2.852202951908111572e-02 3.868809714913368225e-02 5.505447741597890854e-03 1.056931796483695507e-03 8.781029842793941498e-03 9.230107069015502930e-03 8.628001436591148376e-03 1.761817838996648788e-03 7.964804768562316895e-03 5.278739612549543381e-03 2.777793444693088531e-02 2.151026017963886261e-02 7.702425587922334671e-03 2.959056990221142769e-03 1.193499751389026642e-02 5.277910968288779259e-04 3.177713975310325623e-02 2.795066684484481812e-02 7.069425191730260849e-03 1.451841369271278381e-02 5.886751692742109299e-03 1.635224441997706890e-03 2.080979384481906891e-02 1.663618907332420349e-02 3.090201131999492645e-02 2.934485115110874176e-02 2.470565401017665863e-02 9.535334073007106781e-03 1.754702627658843994e-02 2.110389526933431625e-03 6.017473991960287094e-03 1.653424580581486225e-03 2.013427903875708580e-03 5.244375206530094147e-03 2.182630263268947601e-02 2.851650491356849670e-02 1.436686608940362930e-02 1.729364972561597824e-03 6.273067742586135864e-02 4.791568219661712646e-02 9.015858173370361328e-03 1.361644640564918518e-02 1.906736940145492554e-02 1.740080118179321289e-02 3.261256963014602661e-02 3.032197430729866028e-02 1.110689528286457062e-02 3.670481964945793152e-03 3.720947541296482086e-03 1.815111562609672546e-02 1.069087302312254906e-03 1.689646393060684204e-02 3.362727817147970200e-03 3.148807678371667862e-03 2.090461365878582001e-02 1.307254005223512650e-02 1.720706559717655182e-02 5.977399181574583054e-03 1.521321851760149002e-02 1.745354756712913513e-02 2.405024878680706024e-02 1.878309808671474457e-02 1.895692199468612671e-02 1.691511832177639008e-02 2.127695456147193909e-02 1.730900630354881287e-02 2.428471483290195465e-02 9.994762949645519257e-03 1.716430485248565674e-02 3.199835121631622314e-02 2.266147546470165253e-02 2.959679812192916870e-02 2.901742048561573029e-02 1.958830282092094421e-02
1.312918029725551605e-02 1.391847431659698486e-02 2.260876633226871490e-02 8.376755118370056152e-01 9.068678319454193115e-02 1.280621998012065887e-02 7.512976415455341339e-03 3.178914543241262436e-03 2.799908863380551338e-03 2.529144054278731346e-03 1.925647445023059845e-02 1.479076221585273743e-02 1.426052860915660858e-02 1.569075509905815125e-02 9.752849116921424866e-03 1.273590046912431717e-02 2.166034653782844543e-02 2.230266481637954712e-02 3.066667728126049042e-02 8.617544081062078476e-04 5.883378908038139343e-03 9.902829769998788834e-04 3.664221987128257751e-02 2.900489605963230133e-02 4.287802148610353470e-03 6.085247267037630081e-03 1.900601387023925781e-02 2.424838766455650330e-02 1.742653362452983856e-02 1.035417197272181511e-03 9.356894530355930328e-03 5.637518130242824554e-03 1.321575604379177094e-02 1.167351286858320236e-02 3.263340145349502563e-02 4.744519537780433893e-04 2.043914515525102615e-03 1.367785502225160599e-02 2.908448502421379089e-02 3.318425267934799194e-02 1.260914187878370285e-02 5.862657912075519562e-03 1.719892374239861965e-03 8.039981126785278320e-03 1.765666529536247253e-02 1.113948994316160679e-03 2.052919566631317139e-02 5.479366984218358994e-03 1.318087801337242126e-02 2.936827018857002258e-03 2.762462536338716745e-04 9.285273961722850800e-03 1.798817701637744904e-02 2.195549756288528442e-02 1.569245010614395142e-02 1.315495814196765423e-03 1.063841115683317184e-02 5.205022636801004410e-03 3.124835342168807983e-02 2.953205816447734833e-02 1.252640690654516220e-02 1.889728382229804993e-02 1.296761166304349899e-02 2.921193651854991913e-02 1.575679518282413483e-03 5.185522604733705521e-03 1.142809912562370300e-02 1.700771972537040710e-02 8.055916056036949158e-03 1.026859041303396225e-02 1.059163268655538559e-02 3.745841095224022865e-03 4.296116530895233154e-02 2.096036449074745178e-02 3.248365223407745361e-02 1.478030532598495483e-02 1.347914617508649826e-02 6.544323172420263290e-03 3.102905675768852234e-02 7.856850512325763702e-03 1.340624596923589706e-02 1.764665730297565460e-02 3.085819259285926819e-02 5.526817589998245239e-02 1.144454441964626312e-02 6.375301163643598557e-03 4.109578148927539587e-04 7.909862324595451355e-03 1.180026587098836899e-02 3.661400871351361275e-03 2.508994191884994507e-02 8.209809660911560059e-03 1.385563146322965622e-02 2.174877095967531204e-03 1.207339670509099960e-02 1.452687382698059082e-02 2.761648735031485558e-03 4.171753767877817154e-03 2.770194411277770996e-02 2.728038467466831207e-02 1.741437055170536041e-02 2.167710103094577789e-02 4.867101088166236877e-03 1.997286919504404068e-03 2.750447129074018449e-05 1.629307121038436890e-02 2.537177503108978271e-02 1.689847745001316071e-02 2.441691234707832336e-02 5.838683340698480606e-03 1.593690738081932068e-02 2.034639380872249603e-02 7.186828879639506340e-04 7.553800009191036224e-03 1.168798096477985382e-02 8.695106953382492065e-03
1.212471351027488708e-02 1.541914884001016617e-02 2.576878294348716736e-02 9.068678319454193115e-02 8.376755118370056152e-01 1.176273077726364136e-02 7.712019607424736023e-03 3.189674345776438713e-03 5.919358227401971817e-03 1.541875209659337997e-02 1.334502268582582474e-02 1.708098873496055603e-02 1.694714836776256561e-02 9.652481414377689362e-03 1.641559228301048279e-02 1.477553229779005051e-02 1.185066718608140945e-02 1.934386417269706726e-02 2.182786166667938232e-02 5.430052056908607483e-03 1.214664150029420853e-02 6.742402329109609127e-04 3.377733752131462097e-02 2.631684020161628723e-02 7.874367758631706238e-03 9.830701164901256561e-03 2.697733975946903229e-02 2.109413221478462219e-02 1.502280775457620621e-02 8.836871944367885590e-03 2.629044698551297188e-03 8.728952147066593170e-03 1.079102605581283569e-02 1.288103591650724411e-02 2.387489750981330872e-02 1.031698472797870636e-02 2.939558820798993111e-03 1.715993136167526245e-02 8.876800537109375000e-03 1.496316678822040558e-02 1.206929050385951996e-02 4.735181108117103577e-03 3.870384243782609701e-04 5.997803993523120880e-03 1.572950184345245361e-02 1.536888629198074341e-02 1.336918398737907410e-02 4.632165189832448959e-03 2.379611693322658539e-02 1.582683064043521881e-02 1.391601096838712692e-02 1.545721944421529770e-02 1.376517582684755325e-03 5.471088923513889313e-03 2.802753821015357971e-02 1.113312598317861557e-02 1.819374971091747284e-02 8.981106802821159363e-03 8.284959010779857635e-03 1.737919263541698456e-02 5.760268773883581161e-03 1.185914408415555954e-02 2.128480933606624603e-02 2.273019775748252869e-02 8.085594512522220612e-03 1.263064239174127579e-02 1.204525586217641830e-02 1.928824931383132935e-02 6.782963406294584274e-03 2.386739104986190796e-02 6.194593384861946106e-03 6.865140981972217560e-03 3.273689001798629761e-02 3.472959995269775391e-02 2.924666553735733032e-02 1.583660021424293518e-02 9.285044856369495392e-03 2.345578186213970184e-02 3.584080561995506287e-02 1.701246388256549835e-02 1.538258884102106094e-02 1.202913746237754822e-02 2.522672340273857117e-02 5.300614982843399048e-02 5.650875973515212536e-04 7.566738640889525414e-04 1.424355665221810341e-03 7.629307219758629799e-04 1.969116926193237305e-02 1.971656642854213715e-02 2.491971850395202637e-02 1.258609443902969360e-02 9.830747731029987335e-03 9.805543231777846813e-05 3.006185404956340790e-02 4.622180014848709106e-03 1.389523781836032867e-02 2.801568014547228813e-03 2.301127091050148010e-02 2.275928668677806854e-02 9.832050651311874390e-03 1.110540330410003662e-02 1.283270400017499924e-02 2.501762239262461662e-03 1.300877612084150314e-02 3.779153572395443916e-03 1.711571775376796722e-02 1.259587053209543228e-02 2.281516790390014648e-02 2.146517625078558922e-03 2.497746050357818604e-02 2.622854150831699371e-02 9.295055642724037170e-03 1.656479085795581341e-03 9.010397829115390778e-03 1.115944609045982361e-02
7.651689648628234863e-02 7.532659173011779785e-02 1.167709822766482830e-03 1.280621998012065887e-02 1.176273077726364136e-02 8.376755118370056152e-01 8.158521354198455811e-02 7.586551830172538757e-03 1.464025489985942841e-02 2.867379970848560333e-02 5.633100867271423340e-02 3.663267195224761963e-02 4.933057352900505066e-02 3.477581590414047241e-02 4.928846843540668488e-03 1.131785940378904343e-02 8.978722617030143738e-03 2.148838154971599579e-02 1.043078023940324783e-02 1.256054500117897987e-03 6.350912153720855713e-03 1.071919407695531845e-02 2.175066992640495300e-02 5.837013479322195053e-03 4.017184954136610031e-03 4.866179544478654861e-03 2.001571096479892731e-02 1.158917229622602463e-02 2.989877760410308838e-02 1.236890535801649094e-02 3.028267621994018555e-02 4.851338453590869904e-03 8.488807827234268188e-03 3.053782274946570396e-03 1.013474818319082260e-02 5.231259390711784363e-03 2.459381520748138428e-02 8.230396546423435211e-03 7.922931574285030365e-03 5.804677493870258331e-03 7.171039003878831863e-03 9.716669097542762756e-03 2.047223271802067757e-03 6.510491482913494110e-03 3.507449105381965637e-02 1.241237949579954147e-02 7.110979408025741577e-02 5.185654759407043457e-02 1.510155852884054184e-02 8.477548253722488880e-04 4.544506315141916275e-03 8.556166663765907288e-03 8.523296564817428589e-03 1.140167191624641418e-02 1.712048612534999847e-02 7.619394920766353607e-03 1.049854885786771774e-02 2.560399007052183151e-03 5.515370052307844162e-03 1.782168168574571609e-03 7.281376048922538757e-03 7.661528885364532471e-03 1.921451650559902191e-02 9.808174334466457367e-03 2.469857968389987946e-02 1.598622649908065796e-02 8.830982260406017303e-03 5.838831420987844467e-03 1.594297646079212427e-05 1.089560613036155701e-02 2.273945137858390808e-03 9.103323332965373993e-03 6.997935008257627487e-03 2.226093970239162445e-02 8.006740361452102661e-03 1.311136875301599503e-02 1.443754881620407104e-02 1.072317454963922501e-02 1.677479036152362823e-02 4.472916945815086365e-03 6.436656694859266281e-04 7.922606542706489563e-03 1.303638145327568054e-02 5.937548819929361343e-03 8.881011977791786194e-03 1.207352802157402039e-02 9.504389949142932892e-03 8.857010863721370697e-03 1.854248717427253723e-02 6.110241170972585678e-03 5.726795271039009094e-02 5.383815150707960129e-03 4.239522293210029602e-02 1.290556415915489197e-02 8.260076865553855896e-03 1.638616994023323059e-02 3.736874321475625038e-03 2.150654606521129608e-02 1.001750770956277847e-02 1.816751062870025635e-02 2.603014372289180756e-02 2.428677119314670563e-02 8.567804470658302307e-03 2.024387568235397339e-02 7.241579238325357437e-03 2.411785721778869629e-02 1.515898574143648148e-02 1.880068518221378326e-02 1.082579698413610458e-02 7.977234199643135071e-03 1.986451260745525360e-02 6.802056916058063507e-03 1.509133353829383850e-02 2.882049186155200005e-03 1.461076270788908005e-02 2.303045056760311127e-02
6.942271441221237183e-02 7.691100984811782837e-02 3.735896432772278786e-03 7.512976415455341339e-03 7.712019607424736023e-03 8.158521354198455811e-02 8.376755118370056152e-01 4.045973997563123703e-03 1.613385602831840515e-02 3.375472873449325562e-02 5.518265813589096069e-02 2.672807499766349792e-02 5.588584020733833313e-02 3.271441161632537842e-02 5.019673611968755722e-03 8.954543620347976685e-03 6.902566645294427872e-03 2.073056809604167938e-02 1.008365768939256668e-02 1.300887297838926315e-02 1.401137653738260269e-02 8.163259364664554596e-03 9.673694148659706116e-03 1.466818246990442276e-02 1.629637740552425385e-02 1.309403404593467712e-02 1.454297918826341629e-02 8.624214679002761841e-03 2.690341696143150330e-02 8.457533083856105804e-03 3.246656060218811035e-02 6.922338623553514481e-03 1.498532481491565704e-02 1.444439496845006943e-02 1.928366348147392273e-02 3.482602187432348728e-04 1.838961616158485413e-02 7.019402924925088882e-03 8.175739087164402008e-03 6.987137719988822937e-03 6.707165855914354324e-03 5.188564769923686981e-03 6.001228466629981995e-03 4.628728609532117844e-03 3.485162556171417236e-02 1.252719480544328690e-02 6.676021218299865723e-02 5.906223133206367493e-02 1.236156746745109558e-02 2.083261730149388313e-03 3.563530743122100830e-03 4.759826697409152985e-03 7.172359153628349304e-03 3.372231265529990196e-03 1.587601006031036377e-02 1.272197067737579346e-02 1.686641573905944824e-02 6.491539068520069122e-03 8.379656821489334106e-03 6.474787369370460510e-03 6.856381893157958984e-03 1.161341276019811630e-02 1.890771836042404175e-02 1.686581596732139587e-02 2.345475368201732635e-02 1.511045452207326889e-02 4.746963270008563995e-03 7.108345162123441696e-03 1.312119420617818832e-02 6.058618891984224319e-03 6.719688419252634048e-03 5.926577840000391006e-03 2.088350476697087288e-03 2.025079354643821716e-02 2.268968848511576653e-03 6.930658593773841858e-03 1.728823781013488770e-02 1.691257394850254059e-02 1.183662377297878265e-02 3.254427865613251925e-04 1.491910894401371479e-03 9.280619211494922638e-03 1.379926409572362900e-02 7.217315025627613068e-03 1.942030526697635651e-02 2.542821317911148071e-02 4.837225656956434250e-03 8.416268043220043182e-03 1.315935980528593063e-02 4.442799836397171021e-03 5.626969784498214722e-02 2.930524060502648354e-03 4.542069509625434875e-02 1.127029396593570709e-02 1.373913325369358063e-02 1.415055058896541595e-02 6.825306918472051620e-03 2.023935876786708832e-02 4.780416493304073811e-04 6.823927629739046097e-03 1.913541182875633240e-02 1.249244064092636108e-02 2.327784430235624313e-03 1.484175771474838257e-02 4.383785417303442955e-04 1.262281090021133423e-02 1.522181089967489243e-02 2.301393635571002960e-02 3.862775862216949463e-03 8.632672950625419617e-03 1.364354230463504791e-02 2.320064464583992958e-03 5.629916675388813019e-03 7.813915610313415527e-03 1.631645485758781433e-02 2.550048008561134338e-02
8.285434916615486145e-03 9.049043059349060059e-03 4.439415410161018372e-02 3.178914543241262436e-03 3.189674345776438713e-03 7.586551830172538757e-03 4.045973997563123703e-03 8.376755118370056152e-01 5.598152056336402893e-03 5.300277378410100937e-03 1.572594977915287018e-02 1.260606665164232254e-02 2.750537171959877014e-02 1.562950946390628815e-02 5.283359438180923462e-02 2.209942601621150970e-02 1.985317282378673553e-02 1.124203484505414963e-02 6.620649248361587524e-03 5.871449830010533333e-04 2.217081375420093536e-03 4.922029376029968262e-02 3.941088449209928513e-03 5.323906894773244858e-03 9.078611619770526886e-03 2.058585919439792633e-02 1.745579019188880920e-02 4.549828357994556427e-03 1.445841975510120392e-03 2.436228562146425247e-03 1.137694716453552246e-02 1.764953136444091797e-02 8.107420057058334351e-03 1.704309135675430298e-02 9.963868185877799988e-03 3.116690181195735931e-02 3.501024842262268066e-02 3.050404042005538940e-02 2.328603528439998627e-02 9.492632932960987091e-03 3.959706053137779236e-02 7.034408394247293472e-03 1.960218884050846100e-02 3.397154808044433594e-02 1.196169201284646988e-02 1.126406528055667877e-02 1.022018585354089737e-02 1.484072767198085785e-02 6.206786725670099258e-03 1.491205208003520966e-02 7.052932400256395340e-03 1.754802418872714043e-03 2.688832394778728485e-02 3.280229493975639343e-02 9.125156328082084656e-03 8.815477485768496990e-04 1.870694011449813843e-02 1.671184599399566650e-02 3.349516168236732483e-02 2.577701769769191742e-02 1.102643087506294250e-02 1.197130326181650162e-02 4.490965045988559723e-03 2.938966732472181320e-03 1.612334325909614563e-02 2.101788297295570374e-02 1.403958909213542938e-02 1.093381643295288086e-02 7.151284255087375641e-03 9.029943030327558517e-04 6.888810545206069946e-03 1.071627717465162277e-02 7.662581279873847961e-03 7.309866603463888168e-03 6.797646638005971909e-03 7.677970454096794128e-03 2.112937346100807190e-02 2.111891284584999084e-02 7.381495088338851929e-03 1.172003336250782013e-03 5.833966657519340515e-02 6.363563239574432373e-02 9.876467287540435791e-03 5.027311388403177261e-03 4.244095180183649063e-03 8.427821099758148193e-03 5.287830159068107605e-02 5.105789005756378174e-02 1.887595513835549355e-03 1.167465117760002613e-03 1.312126591801643372e-02 2.494951896369457245e-02 1.569585874676704407e-02 3.229315206408500671e-02 2.162114344537258148e-02 1.422515790909528732e-02 1.248014438897371292e-02 2.489368803799152374e-02 1.147459633648395538e-02 1.244523655623197556e-02 2.313395030796527863e-02 2.792096138000488281e-02 1.473471801728010178e-02 2.775727957487106323e-02 2.166552282869815826e-02 2.313181199133396149e-02 1.820153929293155670e-02 1.107648108154535294e-02 2.686053887009620667e-02 1.183913671411573887e-03 1.328211557120084763e-02 3.018269129097461700e-02 1.401004660874605179e-02 9.463134221732616425e-03 2.351181395351886749e-02 9.756732732057571411e-03
7.019179407507181168e-03 1.269623637199401855e-02 4.828072618693113327e-03 2.799908863380551338e-03 5.919358227401971817e-03 1.464025489985942841e-02 1.613385602831840515e-02 5.598152056336402893e-03 8.376755118370056152e-01 1.888971403241157532e-02 7.743799593299627304e-03 3.779370337724685669e-02 8.068902418017387390e-03 5.857804790139198303e-03 2.701143966987729073e-03 2.164780348539352417e-02 2.453951165080070496e-02 2.863627858459949493e-02 2.158132568001747131e-02 5.491574294865131378e-03 4.896576050668954849e-03 5.707002128474414349e-04 3.861094126477837563e-03 1.558370143175125122e-02 1.219539158046245575e-02 2.747566206380724907e-03 1.344439201056957245e-02 1.212491467595100403e-02 1.198182348161935806e-03 1.527342130430042744e-03 6.103545427322387695e-03 3.106233663856983185e-02 2.418981306254863739e-02 1.668279059231281281e-02 1.950889080762863159e-02 2.966797910630702972e-02 2.331553958356380463e-03 4.204087890684604645e-03 1.458492223173379898e-02 1.135569345206022263e-02 4.709865897893905640e-03 3.037541732192039490e-02 3.869023639708757401e-03 2.807217836380004883e-02 5.024600028991699219e-02 1.790807582437992096e-02 8.876596577465534210e-03 1.154376938939094543e-02 4.000657796859741211e-02 1.359527744352817535e-02 1.702356711030006409e-02 2.312007360160350800e-02 4.016087390482425690e-03 6.540385074913501740e-03 4.709883779287338257e-02 8.128164336085319519e-03 1.878053508698940277e-02 1.617940887808799744e-02 1.948863826692104340e-02 7.855684496462345123e-03 2.681219391524791718e-02 1.497974712401628494e-02 2.892264164984226227e-02 1.958565600216388702e-02 7.932927459478378296e-03 2.350869763176888227e-04 8.746085688471794128e-03 3.387798788025975227e-03 2.110949531197547913e-02 2.086507715284824371e-02 6.259621120989322662e-03 1.054304186254739761e-02 1.215969026088714600e-02 1.515819318592548370e-02 1.010162383317947388e-02 1.780815795063972473e-02 8.462823182344436646e-02 1.029608398675918579e-02 4.824799299240112305e-02 1.489418093115091324e-02 1.943167299032211304e-03 1.370946969836950302e-02 2.670067735016345978e-02 3.294513328000903130e-03 2.266843616962432861e-02 9.946223348379135132e-03 5.925313569605350494e-03 7.776267360895872116e-03 4.279680550098419189e-02 9.425771422684192657e-03 1.347055006772279739e-02 1.214624103158712387e-02 9.617729112505912781e-03 4.404266364872455597e-03 1.052502263337373734e-02 4.344818647950887680e-03 1.194328442215919495e-02 3.804351727012544870e-04 1.801831834018230438e-02 1.229177601635456085e-02 2.598220249637961388e-03 1.066435314714908600e-02 1.182976085692644119e-02 2.228946983814239502e-02 1.111381687223911285e-02 1.147703267633914948e-02 3.655128553509712219e-02 1.036066655069589615e-02 1.224981341511011124e-02 3.884993726387619972e-03 1.046129129827022552e-02 1.366525888442993164e-03 7.034558802843093872e-03 1.939103193581104279e-02 3.840483026579022408e-03 1.675563491880893707e-02
2.001684345304965973e-02 1.714176312088966370e-02 1.898378878831863403e-02 2.529144054278731346e-03 1.541875209659337997e-02 2.867379970848560333e-02 3.375472873449325562e-02 5.300277378410100937e-03 1.888971403241157532e-02 8.376755118370056152e-01 7.036292925477027893e-03 6.132379174232482910e-03 6.478149443864822388e-03 3.355290368199348450e-02 1.602611690759658813e-02 5.377350607886910439e-04 1.348481886088848114e-02 3.047485090792179108e-02 1.976412720978260040e-02 8.941930718719959259e-03 2.009716816246509552e-03 1.734869927167892456e-02 9.903129190206527710e-03 1.637959480285644531e-02 2.592186210677027702e-03 1.407264452427625656e-02 1.663996651768684387e-02 9.409973397850990295e-03 4.680384881794452667e-03 9.178530890494585037e-04 9.954693727195262909e-03 1.353811472654342651e-02 2.152031287550926208e-02 1.429365668445825577e-02 2.767416834831237793e-02 1.185976341366767883e-02 4.461152711883187294e-04 1.268312335014343262e-02 9.416316635906696320e-03 1.774220354855060577e-02 3.087998367846012115e-03 1.650325022637844086e-02 1.980269327759742737e-03 2.515099244192242622e-03 1.081722415983676910e-02 4.031853377819061279e-02 2.238911762833595276e-02 1.847803406417369843e-02 1.001720549538731575e-03 4.748878255486488342e-02 3.030070569366216660e-03 5.773684475570917130e-03 2.439756505191326141e-02 1.651282189413905144e-03 1.331841479986906052e-02 4.467263817787170410e-02 1.613412983715534210e-02 2.920276857912540436e-02 8.909747935831546783e-03 6.697901058942079544e-03 1.930898986756801605e-02 3.771187365055084229e-02 3.332751989364624023e-02 3.659069165587425232e-02 1.306503452360630035e-02 1.738578639924526215e-02 1.895216107368469238e-02 8.395892567932605743e-03 3.026554174721240997e-02 1.407400704920291901e-02 5.181105062365531921e-02 1.362365670502185822e-02 3.489599112072028220e-05 4.907246213406324387e-03 1.235767081379890442e-02 1.689863204956054688e-02 3.114617057144641876e-02 6.482186913490295410e-02 1.422637514770030975e-02 4.144411906599998474e-02 6.183344870805740356e-03 1.351169659756124020e-03 2.039195783436298370e-02 1.602576673030853271e-02 7.996685802936553955e-03 2.183507196605205536e-03 1.440835557878017426e-02 8.432225324213504791e-03 2.952887490391731262e-02 5.230470746755599976e-02 1.584952324628829956e-02 2.190711162984371185e-02 1.037214975804090500e-02 2.753499895334243774e-02 2.782752178609371185e-02 6.386138498783111572e-03 8.666746318340301514e-03 2.925541251897811890e-02 6.112452596426010132e-03 9.053668938577175140e-03 1.168408151715993881e-02 6.335874088108539581e-03 1.942628808319568634e-02 2.868292480707168579e-02 2.493029832839965820e-02 7.250447757542133331e-03 1.283195242285728455e-02 7.853439077734947205e-03 8.735613897442817688e-03 3.902363823726773262e-03 3.269206499680876732e-03 1.645741984248161316e-02 1.995654776692390442e-02 1.046584546566009521e-02 1.106558740139007568e-02 2.997290529310703278e-02
7.633505016565322876e-02 7.523187249898910522e-02 1.023956295102834702e-02 1.925647445023059845e-02 1.334502268582582474e-02 5.633100867271423340e-02 5.518265813589096069e-02 1.572594977915287018e-02 7.743799593299627304e-03 7.036292925477027893e-03 8.376755118370056152e-01 9.766984730958938599e-03 7.373895496129989624e-02 1.517271529883146286e-02 2.520324476063251495e-02 5.320544354617595673e-03 3.944160416722297668e-03 1.065080706030130386e-02 2.112434804439544678e-02 1.391409430652856827e-02 2.464769175276160240e-03 2.613746933639049530e-02 9.103210642933845520e-03 1.288192719221115112e-02 9.005401283502578735e-03 9.233070537447929382e-03 7.925933226943016052e-03 8.640726096928119659e-03 4.366903007030487061e-02 4.816173575818538666e-03 4.502711445093154907e-02 2.950157504528760910e-03 4.021728876978158951e-03 1.116103399544954300e-02 4.097868688404560089e-03 3.423128742724657059e-03 9.597180411219596863e-03 4.641923122107982635e-03 1.673420146107673645e-02 6.018847692757844925e-03 1.829033903777599335e-02 1.201399695128202438e-02 2.867632778361439705e-03 9.104666300117969513e-03 1.305068936198949814e-02 3.361698938533663750e-03 5.581492558121681213e-02 4.806162044405937195e-02 3.947611548937857151e-04 5.768531002104282379e-03 1.358474977314472198e-02 4.529798869043588638e-03 2.161738649010658264e-02 7.289501954801380634e-04 2.094785450026392937e-03 1.419537467882037163e-03 1.560089411213994026e-03 3.354107262566685677e-03 6.684634368866682053e-03 1.355442125350236893e-02 1.774751581251621246e-02 1.838511973619461060e-02 2.868021372705698013e-03 1.005183998495340347e-02 4.513535276055335999e-02 3.675672411918640137e-02 1.894842367619276047e-03 8.791060536168515682e-04 1.511454116553068161e-02 1.242898497730493546e-02 1.402379386126995087e-02 6.090344395488500595e-03 2.186872065067291260e-02 9.838874684646725655e-04 2.717873081564903259e-02 8.472895715385675430e-04 1.588713377714157104e-02 5.038241390138864517e-03 4.649454727768898010e-03 1.132662780582904816e-02 2.098133973777294159e-02 1.873797178268432617e-02 1.495568081736564636e-02 9.077092632651329041e-03 5.113064777106046677e-03 1.421767473220825195e-02 3.919498622417449951e-02 2.149428986012935638e-02 4.509333055466413498e-03 9.246775880455970764e-03 5.744576081633567810e-02 2.983738109469413757e-02 5.682843178510665894e-02 1.826196908950805664e-02 1.157388556748628616e-02 1.862982288002967834e-02 2.789455093443393707e-02 6.348202936351299286e-03 1.324142795056104660e-02 1.792669296264648438e-02 2.627780660986900330e-03 1.676211250014603138e-03 8.030480705201625824e-03 2.946099964901804924e-03 3.489741589874029160e-03 7.380064576864242554e-03 5.054088309407234192e-03 2.814094722270965576e-02 2.854631748050451279e-03 1.174506265670061111e-02 8.469065651297569275e-03 2.163024246692657471e-02 5.984433460980653763e-03 1.583925564773380756e-03 9.841423016041517258e-04 1.225571031682193279e-03
1.697230152785778046e-02 8.946166373789310455e-03 8.112603798508644104e-03 1.479076221585273743e-02 1.708098873496055603e-02 3.663267195224761963e-02 2.672807499766349792e-02 1.260606665164232254e-02 3.779370337724685669e-02 6.132379174232482910e-03 9.766984730958938599e-03 8.376755118370056152e-01 5.479603074491024017e-03 4.715266078710556030e-02 1.382484938949346542e-02 2.594676043372601271e-04 1.938310568220913410e-03 9.153439663350582123e-03 6.864665076136589050e-03 1.311171706765890121e-02 9.900499135255813599e-03 2.131386846303939819e-02 6.536825560033321381e-03 2.402737736701965332e-03 1.984030194580554962e-02 2.371241711080074310e-02 3.701774403452873230e-02 2.918112836778163910e-02 8.266566321253776550e-03 2.030102908611297607e-02 6.751398555934429169e-03 1.414576638489961624e-02 1.053678151220083237e-02 7.167161442339420319e-03 2.640583785250782967e-03 2.126953564584255219e-02 3.724089637398719788e-02 1.930231787264347076e-02 5.952598061412572861e-03 2.669205423444509506e-04 1.851446367800235748e-02 1.609583757817745209e-02 2.562110498547554016e-02 2.489481866359710693e-02 3.813877329230308533e-02 1.096652168780565262e-02 2.671122364699840546e-02 1.115860696882009506e-02 8.441222831606864929e-03 4.246344044804573059e-02 1.277932617813348770e-02 4.238641820847988129e-03 8.964521810412406921e-03 2.006253600120544434e-02 9.596295654773712158e-03 3.676164895296096802e-02 1.379649434238672256e-02 7.124718744307756424e-03 4.311538301408290863e-03 9.815294295549392700e-03 2.586170099675655365e-03 2.719433046877384186e-03 2.767308801412582397e-02 1.976713538169860840e-03 5.596199072897434235e-03 1.026009209454059601e-02 2.180383913218975067e-02 2.259238809347152710e-02 9.443112649023532867e-03 2.060448564589023590e-02 2.524713752791285515e-03 7.712789811193943024e-03 1.208292320370674133e-02 3.643145784735679626e-02 1.734635978937149048e-02 1.221607811748981476e-02 4.312774166464805603e-02 8.328961208462715149e-03 2.668423764407634735e-02 5.417997483164072037e-03 1.068891678005456924e-02 1.247601583600044250e-02 3.785453736782073975e-03 2.004515193402767181e-02 1.525417901575565338e-02 8.862895891070365906e-03 3.238413715735077858e-03 2.177113108336925507e-02 4.659272730350494385e-02 1.853333599865436554e-02 2.291176468133926392e-02 2.268966846168041229e-02 1.769711077213287354e-02 2.410878986120223999e-02 2.201552735641598701e-03 2.368683367967605591e-02 1.806715130805969238e-02 2.202325128018856049e-02 1.026116125285625458e-02 1.814060471951961517e-02 3.415979444980621338e-02 3.927095979452133179e-02 2.334337681531906128e-02 2.789201214909553528e-02 1.785461418330669403e-02 2.591601945459842682e-02 1.131035480648279190e-02 1.252117217518389225e-03 2.217538096010684967e-02 1.694056950509548187e-02 3.392085060477256775e-02 1.506144180893898010e-02 1.804183796048164368e-02 8.254667744040489197e-03 2.588658221065998077e-02 2.635980956256389618e-02
6.448277831077575684e-02 7.504627853631973267e-02 1.127518434077501297e-02 1.426052860915660858e-02 1.694714836776256561e-02 4.933057352900505066e-02 5.588584020733833313e-02 2.750537171959877014e-02 8.068902418017387390e-03 6.478149443864822388e-03 7.373895496129989624e-02 5.479603074491024017e-03 8.376755118370056152e-01 1.006810739636421204e-02 3.386120125651359558e-02 3.551725763827562332e-03 1.184656377881765366e-02 1.181048993021249771e-02 1.847363077104091644e-02 1.544184423983097076e-02 4.819263704121112823e-03 3.267537429928779602e-02 1.637563295662403107e-02 5.486006848514080048e-03 1.693710125982761383e-02 1.864611543715000153e-02 1.289102248847484589e-02 2.129484899342060089e-02 3.558440506458282471e-02 7.452863734215497971e-03 3.205608949065208435e-02 1.156016439199447632e-02 5.891927052289247513e-03 1.626988500356674194e-02 3.095388237852603197e-04 2.144253067672252655e-02 9.487305767834186554e-03 4.847264382988214493e-03 4.343491746112704277e-04 5.270809866487979889e-03 2.368060313165187836e-02 1.095050480216741562e-03 1.296026911586523056e-02 1.432815380394458771e-02 8.669484406709671021e-03 7.299294229596853256e-03 4.068472608923912048e-02 3.840086236596107483e-02 3.867038525640964508e-03 6.704655475914478302e-03 2.325391862541437149e-03 2.329885493963956833e-03 1.992573589086532593e-02 1.249799039214849472e-02 9.695776738226413727e-03 5.546883679926395416e-03 6.844933610409498215e-03 1.636552507989108562e-03 1.582340151071548462e-02 1.945122331380844116e-02 1.310073304921388626e-02 1.168851926922798157e-02 6.734715308994054794e-03 8.172169327735900879e-03 3.922532871365547180e-02 3.958016261458396912e-02 1.050090976059436798e-02 1.048288214951753616e-02 6.105972453951835632e-03 4.916375502943992615e-03 1.097255852073431015e-02 8.006481453776359558e-03 8.916490711271762848e-03 6.009575445204973221e-03 1.320770382881164551e-02 6.438727956265211105e-03 1.683794520795345306e-02 2.733649918809533119e-03 6.722732912749052048e-03 9.966251440346240997e-03 2.170137315988540649e-02 1.987367682158946991e-02 1.067310851067304611e-02 6.104188039898872375e-03 5.024715792387723923e-03 2.235816791653633118e-02 3.696740046143531799e-02 3.283523768186569214e-02 1.808188855648040771e-02 5.466233007609844208e-03 4.258486256003379822e-02 2.729309536516666412e-02 4.195807874202728271e-02 2.415792457759380341e-02 5.189358722418546677e-03 9.160657413303852081e-03 2.097224630415439606e-02 3.977574408054351807e-03 3.975851461291313171e-03 4.707276821136474609e-03 1.347696688026189804e-02 2.115774713456630707e-02 1.397201698273420334e-02 1.222692616283893585e-02 1.025782059878110886e-02 5.065127741545438766e-03 7.193561177700757980e-03 1.917725801467895508e-02 2.030215598642826080e-02 1.152197830379009247e-02 1.071800664067268372e-02 2.071085944771766663e-02 7.931440137326717377e-03 1.046818774193525314e-02 1.268489565700292587e-02 7.970069535076618195e-03
