8.379850387573242188e-01 8.431600779294967651e-02 2.666788175702095032e-02 1.021265424787998199e-02 4.840674810111522675e-03 2.766394615173339844e-02 1.080569159239530563e-02 1.560624875128269196e-02 5.044409539550542831e-03 2.529804967343807220e-02 2.517293766140937805e-02 1.192799862474203110e-02 1.990004442632198334e-03 3.685785050038248301e-04 1.716637425124645233e-02 4.535295441746711731e-02 4.010622575879096985e-02 5.332384258508682251e-03 3.128088265657424927e-02 3.446967899799346924e-02 1.267018448561429977e-02 2.476567169651389122e-03 1.394078414887189865e-02 3.467739326879382133e-03 1.073701772838830948e-02 1.342588383704423904e-02 1.906094024889171124e-03 3.908562939614057541e-03 5.450904835015535355e-03 1.341589522780850530e-04 2.198141813278198242e-02 2.301447093486785889e-02 1.955009996891021729e-02 2.027529478073120117e-02 8.255737484432756901e-04 3.007538616657257080e-02 2.759275585412979126e-02 4.793420433998107910e-03 3.259569033980369568e-02 4.350485280156135559e-02 9.765359573066234589e-03 1.203609281219542027e-03 2.138999756425619125e-03 1.981483213603496552e-02 7.819871418178081512e-03 1.501778326928615570e-02 7.443505804985761642e-03 1.929221325553953648e-03 5.090964492410421371e-03 2.661279402673244476e-02 1.012624800205230713e-02 1.119453553110361099e-02 1.639327034354209900e-02 1.695834659039974213e-02 2.358648926019668579e-02 7.775962585583329201e-04 6.576691288501024246e-03 9.158738888800144196e-03 3.926995024085044861e-02 2.334870211780071259e-02 2.880102396011352539e-02 3.178565239068120718e-04 1.254767924547195435e-02 1.458731293678283691e-02 1.676872721873223782e-03 3.067523939535021782e-03 7.077016402035951614e-03 1.258575730025768280e-02 2.218633145093917847e-02 1.555053703486919403e-02 2.211814559996128082e-02 8.511842228472232819e-03 2.395625412464141846e-02 2.362239919602870941e-02 2.574060671031475067e-02 1.077390741556882858e-03 9.333449415862560272e-03 1.484951749444007874e-02 1.092408038675785065e-02 3.405338525772094727e-02 1.761315949261188507e-02 1.625818386673927307e-02 5.795002914965152740e-03 3.100404888391494751e-02 1.327532995492219925e-02 2.355040423572063446e-02 1.928068697452545166e-02 9.363733232021331787e-03 5.757735576480627060e-03 2.204214408993721008e-02 8.663721382617950439e-03 1.158737461082637310e-03 4.156649578362703323e-03 2.533133374527096748e-03 1.794904819689691067e-03 1.116846804507076740e-03 2.621011575683951378e-03 3.052026033401489258e-03 3.700469620525836945e-03 1.288495212793350220e-02 6.733470596373081207e-03 1.062848698347806931e-02 3.865999868139624596e-03 5.155572667717933655e-03 2.670084591954946518e-03 3.452952951192855835e-04 1.309146732091903687e-02 1.063177827745676041e-02 2.027402445673942566e-02 1.402530632913112640e-02 1.294093020260334015e-02 4.240808077156543732e-03 5.383490584790706635e-03 1.433781906962394714e-02 6.592769641429185867e-03 1.676583662629127502e-02
8.431600779294967651e-02 8.379850387573242188e-01 4.075901117175817490e-03 1.112372614443302155e-02 1.123657356947660446e-02 3.123488835990428925e-02 5.580363795161247253e-03 5.368801299482584000e-03 1.018824428319931030e-02 2.399746514856815338e-02 2.535502798855304718e-02 2.731715328991413116e-02 1.932963728904724121e-02 2.143644914031028748e-02 1.403835788369178772e-02 3.951859846711158752e-02 3.478171676397323608e-02 2.209487557411193848e-02 3.635068610310554504e-02 1.315888389945030212e-02 1.216359529644250870e-02 1.008450612425804138e-02 1.827654615044593811e-02 9.563591331243515015e-03 8.878282271325588226e-03 1.662522205151617527e-03 2.027181349694728851e-02 1.730653643608093262e-02 1.402988005429506302e-02 1.321131736040115356e-02 1.654618419706821442e-02 1.748632267117500305e-02 1.514029409736394882e-02 9.246892295777797699e-03 2.649104222655296326e-03 2.124656364321708679e-02 1.760283298790454865e-02 1.103822886943817139e-02 3.800520300865173340e-02 4.009745642542839050e-02 1.217818632721900940e-02 7.913389243185520172e-03 7.446493837051093578e-04 2.255228906869888306e-02 7.720672991126775742e-03 9.473433718085289001e-03 2.668663859367370605e-03 1.654816733207553625e-04 4.178815521299839020e-03 1.844161748886108398e-02 1.833842508494853973e-02 7.913897745311260223e-03 1.006536744534969330e-02 1.771394349634647369e-02 3.503132984042167664e-02 1.677664741873741150e-02 8.646380156278610229e-03 1.053685322403907776e-02 3.207606822252273560e-02 2.036566659808158875e-02 2.574785985052585602e-02 1.556906732730567455e-03 1.316890586167573929e-02 1.420129276812076569e-02 4.538409411907196045e-03 6.688718218356370926e-03 3.539062803611159325e-03 2.064273925498127937e-03 2.286943607032299042e-02 1.906262151896953583e-02 1.977192796766757965e-02 2.323125116527080536e-02 2.712702564895153046e-02 2.959921024739742279e-02 1.477857865393161774e-02 1.374237472191452980e-03 6.076591555029153824e-03 6.544054485857486725e-03 7.589485961943864822e-03 3.082202933728694916e-02 6.120820762589573860e-04 4.891482531093060970e-04 3.629925101995468140e-02 4.874842986464500427e-02 5.639571696519851685e-03 8.539622649550437927e-03 2.387073263525962830e-02 7.072577718645334244e-03 1.337933540344238281e-02 8.695683442056179047e-03 6.544675678014755249e-03 2.333456417545676231e-03 1.079322956502437592e-02 4.383923485875129700e-03 5.342814140021800995e-03 4.937815479934215546e-03 4.063632804900407791e-03 1.085601467639207840e-02 6.411977112293243408e-03 4.455407615751028061e-03 1.011262927204370499e-02 2.390065789222717285e-02 1.821275218389928341e-03 1.695507392287254333e-02 6.987427826970815659e-03 7.040920900180935860e-04 3.627208294346928596e-03 3.421309229452162981e-04 2.958437241613864899e-02 1.696647144854068756e-02 1.856015995144844055e-02 1.477039139717817307e-02 1.288825529627501965e-03 1.179822813719511032e-02 5.144110415130853653e-03 2.867579460144042969e-02
2.666788175702095032e-02 4.075901117175817490e-03 8.379850387573242188e-01 4.867310635745525360e-03 9.675889275968074799e-03 1.126567274332046509e-02 5.331731401383876801e-03 7.148715108633041382e-02 8.999885059893131256e-03 5.999617278575897217e-03 1.018911972641944885e-02 1.018455345183610916e-02 2.795669250190258026e-03 1.346365828067064285e-02 3.286500275135040283e-02 5.443239584565162659e-03 1.189047377556562424e-02 2.991349808871746063e-02 2.323957532644271851e-02 6.109315901994705200e-03 3.686845302581787109e-03 4.037244990468025208e-02 1.037416886538267136e-02 1.727001741528511047e-02 1.127369794994592667e-02 1.424480602145195007e-02 1.547313854098320007e-02 1.635787636041641235e-02 1.468529086560010910e-02 1.419934816658496857e-02 7.963098585605621338e-03 4.497727379202842712e-03 1.342593226581811905e-02 8.198788389563560486e-03 3.931389655917882919e-03 2.435445226728916168e-02 2.278238907456398010e-02 1.453787740319967270e-02 3.729020431637763977e-02 3.685972094535827637e-02 2.266863919794559479e-02 2.695643051993101835e-04 7.064986508339643478e-03 3.775369748473167419e-02 1.641647331416606903e-02 7.118075620383024216e-03 4.885435570031404495e-03 1.085396390408277512e-02 1.685097999870777130e-02 7.351501379162073135e-03 1.567660458385944366e-02 1.992019265890121460e-02 9.822087362408638000e-03 3.342260420322418213e-02 5.814542528241872787e-04 1.070933789014816284e-02 8.625774644315242767e-03 1.471627620048820972e-03 5.354489199817180634e-03 1.413171179592609406e-02 1.514515094459056854e-02 2.642762288451194763e-02 1.058996305800974369e-03 9.778522886335849762e-03 9.941252879798412323e-03 1.234872732311487198e-02 7.952851243317127228e-03 5.653223488479852676e-03 6.296815816313028336e-03 1.273225620388984680e-02 1.084637269377708435e-02 7.761680521070957184e-03 2.682575024664402008e-03 1.715407270239666104e-04 6.170932669192552567e-03 1.966322772204875946e-03 1.252389792352914810e-02 9.351536631584167480e-03 1.319793611764907837e-02 3.268448170274496078e-03 9.243577718734741211e-02 7.505636662244796753e-02 1.357700768858194351e-02 8.355753496289253235e-03 1.298209279775619507e-02 1.413350924849510193e-02 4.658657684922218323e-02 4.013390466570854187e-02 1.464275876060128212e-03 1.304449420422315598e-02 1.243225857615470886e-02 2.584967948496341705e-02 6.737473420798778534e-03 1.802445575594902039e-02 2.951424568891525269e-03 4.688820336014032364e-03 1.010930538177490234e-02 7.781814783811569214e-03 1.134863682091236115e-02 7.472274359315633774e-03 7.212660741060972214e-03 4.969801753759384155e-03 3.587040351703763008e-03 2.123859012499451637e-03 5.546149332076311111e-03 2.853912673890590668e-02 2.929519303143024445e-02 1.910459832288324833e-03 6.862751208245754242e-03 5.283195525407791138e-03 2.505765855312347412e-02 9.868829511106014252e-03 5.741806235164403915e-03 1.587606035172939301e-03 6.783537101000547409e-03 1.156104914844036102e-02
1.021265424787998199e-02 1.112372614443302155e-02 4.867310635745525360e-03 8.379850387573242188e-01 7.772868126630783081e-02 1.307812053710222244e-02 1.408596802502870560e-02 8.872469887137413025e-03 2.358918264508247375e-02 2.386016957461833954e-02 2.329077385365962982e-02 1.548307668417692184e-02 1.059326529502868652e-02 2.029035985469818115e-02 3.426381573081016541e-02 1.911957189440727234e-02 1.689655706286430359e-02 1.567600481212139130e-02 8.378674276173114777e-03 1.675886451266705990e-03 6.727467756718397141e-03 6.226026918739080429e-03 5.892109591513872147e-03 9.841941297054290771e-03 1.330119790509343147e-03 2.158125629648566246e-03 2.037591859698295593e-02 8.619881235063076019e-03 6.763315293937921524e-03 9.554835036396980286e-03 5.862562684342265129e-04 4.953187890350818634e-03 1.955827139317989349e-02 1.108304713852703571e-03 9.872007183730602264e-03 1.178028713911771774e-02 2.410903573036193848e-02 1.028702966868877411e-02 5.639887601137161255e-02 4.015906527638435364e-02 2.407644875347614288e-02 8.183307363651692867e-04 1.648408360779285431e-02 9.991247206926345825e-03 1.411048509180545807e-02 1.596476882696151733e-02 2.554884366691112518e-02 8.290543220937252045e-03 1.211964292451739311e-03 1.880614832043647766e-02 1.584947854280471802e-02 8.184194564819335938e-03 1.411995198577642441e-02 1.608887501060962677e-02 2.232125960290431976e-02 1.273912098258733749e-02 3.682090342044830322e-02 1.687004044651985168e-02 1.597120310179889202e-03 2.459854120388627052e-03 3.849060833454132080e-02 2.832917682826519012e-02 1.813228800892829895e-02 1.684110052883625031e-02 1.021458883769810200e-04 5.272319074720144272e-03 1.049337536096572876e-02 3.793297801166772842e-03 4.166016727685928345e-02 4.585820250213146210e-03 4.443546384572982788e-02 1.231270190328359604e-02 6.055790930986404419e-02 9.612197056412696838e-03 5.699941515922546387e-02 3.844334557652473450e-02 5.895781330764293671e-03 1.231808122247457504e-02 2.802820503711700439e-02 1.653332635760307312e-02 7.000104058533906937e-03 1.265021972358226776e-02 1.986457593739032745e-02 1.086067687720060349e-02 5.766746588051319122e-03 2.473425818607211113e-03 1.453931909054517746e-02 1.128378789871931076e-02 4.142954200506210327e-02 7.135139312595129013e-03 1.930950023233890533e-02 1.422281377017498016e-02 1.481079775840044022e-02 2.789546502754092216e-03 2.573765441775321960e-02 1.689637638628482819e-02 2.507115155458450317e-02 3.388069942593574524e-02 1.217610109597444534e-02 1.188252028077840805e-02 2.585192443802952766e-03 5.538831464946269989e-03 2.035309560596942902e-02 3.038406558334827423e-02 9.214914403855800629e-03 1.556437555700540543e-02 8.840353228151798248e-03 7.172944024205207825e-04 9.045571088790893555e-03 6.680323742330074310e-03 1.932410523295402527e-02 2.091406658291816711e-02 1.226099580526351929e-02 2.387040527537465096e-03 8.042829111218452454e-03 8.227678015828132629e-03
4.840674810111522675e-03 1.123657356947660446e-02 9.675889275968074799e-03 7.772868126630783081e-02 8.379850387573242188e-01 6.268159486353397369e-04 1.443834276869893074e-03 1.494453754276037216e-03 3.780483081936836243e-02 1.649387367069721222e-02 1.878797449171543121e-02 3.011502511799335480e-02 2.967222593724727631e-03 2.623181417584419250e-02 2.347905561327934265e-02 2.716034185141324997e-03 5.223237443715333939e-03 6.964836269617080688e-03 3.568270243704319000e-03 1.149385143071413040e-02 4.142986610531806946e-03 8.943500928580760956e-03 5.896920803934335709e-03 1.667702943086624146e-02 2.489481354132294655e-03 5.771405529230833054e-03 1.108816824853420258e-02 9.360717609524726868e-03 2.232031896710395813e-03 1.766547560691833496e-02 2.468787599354982376e-03 1.186102163046598434e-02 1.379001792520284653e-02 1.517224311828613281e-02 2.874481491744518280e-03 8.108972571790218353e-03 2.309179306030273438e-02 5.015044589526951313e-04 3.212497755885124207e-02 3.297977894544601440e-02 2.807758934795856476e-02 4.918777383863925934e-03 2.239217236638069153e-02 1.035533379763364792e-02 2.782500907778739929e-02 2.328084595501422882e-02 1.617573760449886322e-02 7.598454598337411880e-03 1.518024038523435593e-02 6.465400103479623795e-03 1.390745118260383606e-02 5.839674267917871475e-03 2.284403657540678978e-03 1.183781586587429047e-02 2.374226460233330727e-03 1.700318232178688049e-02 1.844630576670169830e-02 4.943288397043943405e-03 1.583499275147914886e-02 2.394846267998218536e-02 2.436742186546325684e-02 3.487920761108398438e-02 2.081068418920040131e-02 1.614932529628276825e-02 9.389745071530342102e-03 1.838124589994549751e-03 1.153669413179159164e-02 1.473827566951513290e-02 3.237013518810272217e-02 7.675341912545263767e-04 4.219684004783630371e-02 1.313018798828125000e-02 5.633303150534629822e-02 2.683129161596298218e-03 5.475754663348197937e-02 2.576722204685211182e-02 1.266666874289512634e-02 1.608036458492279053e-02 2.870828099548816681e-02 5.637772381305694580e-03 1.043434534221887589e-02 2.042863983660936356e-03 2.159623894840478897e-03 6.860976573079824448e-03 3.490147879347205162e-03 4.717920091934502125e-04 4.820152651518583298e-03 3.798332298174500465e-03 3.866259381175041199e-02 1.856456883251667023e-02 2.962161228060722351e-02 1.162283401936292648e-02 3.278283774852752686e-02 6.899727042764425278e-03 1.092683617025613785e-02 1.511869207024574280e-02 8.654549717903137207e-03 2.844930626451969147e-02 1.067271456122398376e-02 5.332240834832191467e-03 1.095420680940151215e-02 4.571329802274703979e-03 3.944855125155299902e-04 1.963476277887821198e-02 3.195882076397538185e-03 3.712165355682373047e-02 3.848094274871982634e-05 1.818168535828590393e-02 4.256558022461831570e-04 1.284075155854225159e-02 1.912204176187515259e-02 1.196888647973537445e-02 1.538606267422437668e-02 9.189134463667869568e-03 2.405510051175951958e-03 5.543048959225416183e-03
2.766394615173339844e-02 3.123488835990428925e-02 1.126567274332046509e-02 1.307812053710222244e-02 6.268159486353397369e-04 8.379850387573242188e-01 6.857370585203170776e-02 2.784768864512443542e-02 5.751013755798339844e-03 2.796113956719636917e-03 4.760278761386871338e-02 1.396948657929897308e-02 4.782495275139808655e-02 6.855424027889966965e-03 4.414792358875274658e-02 5.460201762616634369e-03 6.804686505347490311e-03 3.646316239610314369e-03 6.500515621155500412e-03 1.533155329525470734e-02 1.571966335177421570e-02 2.067353017628192902e-02 2.993100136518478394e-02 2.229397557675838470e-02 2.703843638300895691e-04 9.725706651806831360e-03 1.041504461318254471e-02 1.349276304244995117e-02 5.931206978857517242e-03 1.710119284689426422e-02 1.166132651269435883e-02 4.019990097731351852e-03 1.471024006605148315e-02 1.573454216122627258e-02 2.671705186367034912e-02 9.555621072649955750e-03 2.566687390208244324e-02 2.993061440065503120e-03 1.581199094653129578e-02 3.515134449116885662e-04 1.126113533973693848e-02 4.516622051596641541e-03 3.102684393525123596e-03 1.985797891393303871e-03 3.878510789945721626e-03 5.127827171236276627e-03 6.210770085453987122e-02 3.075524978339672089e-02 6.388884037733078003e-03 4.609577357769012451e-03 5.204192362725734711e-03 1.217171177268028259e-02 4.387867823243141174e-02 2.413758076727390289e-02 3.863872261717915535e-03 7.819767110049724579e-03 1.602579466998577118e-02 3.963247872889041901e-03 3.521661087870597839e-02 3.627544268965721130e-02 3.033396322280168533e-03 2.346481662243604660e-03 2.345515042543411255e-02 2.660918422043323517e-02 2.235795836895704269e-03 1.634723506867885590e-02 1.321972534060478210e-02 1.327098347246646881e-02 6.734247785061597824e-03 8.888832293450832367e-03 2.520640147849917412e-03 5.794543772935867310e-03 3.804201027378439903e-03 5.014697089791297913e-03 1.120787765830755234e-02 8.677737787365913391e-03 1.635401695966720581e-02 8.379719220101833344e-03 3.398473141714930534e-03 2.894835080951452255e-03 1.125185098499059677e-02 2.304125949740409851e-02 1.626036502420902252e-02 1.502693910151720047e-02 1.342958025634288788e-02 1.343556214123964310e-03 3.815791010856628418e-02 3.859112784266471863e-02 7.416739128530025482e-03 1.202667504549026489e-02 3.802923252806067467e-03 1.447709649801254272e-02 9.404593147337436676e-03 2.081736549735069275e-02 2.760494127869606018e-02 1.657875999808311462e-02 1.110141049139201641e-03 1.037639472633600235e-02 1.249403785914182663e-02 1.369451545178890228e-02 1.022943854331970215e-02 1.791452243924140930e-02 1.141189597547054291e-03 9.577543474733829498e-03 2.168217673897743225e-02 3.578341379761695862e-02 5.111318081617355347e-03 1.518941298127174377e-02 3.566797450184822083e-02 7.683633826673030853e-03 2.113856375217437744e-02 7.611175999045372009e-03 1.445344183593988419e-02 9.175541810691356659e-03 1.044956035912036896e-02 8.409939706325531006e-03
1.080569159239530563e-02 5.580363795161247253e-03 5.331731401383876801e-03 1.408596802502870560e-02 1.443834276869893074e-03 6.857370585203170776e-02 8.379850387573242188e-01 1.690611243247985840e-02 7.509501185268163681e-03 2.209255471825599670e-02 4.403671249747276306e-02 2.476598136126995087e-02 5.347317084670066833e-02 2.241760678589344025e-02 3.662547469139099121e-02 1.477085240185260773e-02 1.964034140110015869e-02 6.836177781224250793e-03 1.453681662678718567e-02 2.344998344779014587e-02 1.488996203988790512e-02 1.991925574839115143e-02 3.500907495617866516e-02 3.671099990606307983e-02 5.236060358583927155e-03 1.118843071162700653e-02 1.410871651023626328e-02 7.782751694321632385e-03 1.620937138795852661e-02 1.600212790071964264e-02 2.180289849638938904e-02 1.104839798063039780e-02 1.390297524631023407e-02 1.372857112437486649e-02 1.274819672107696533e-02 4.806343000382184982e-03 2.510525099933147430e-02 5.225568544119596481e-03 1.664730347692966461e-02 2.660944010131061077e-04 5.287761334329843521e-03 3.818010911345481873e-03 1.523419935256242752e-02 7.408909033983945847e-03 1.210619881749153137e-02 1.622646115720272064e-02 6.303675472736358643e-02 4.781152680516242981e-02 1.098697818815708160e-02 1.395614910870790482e-02 1.725936122238636017e-02 2.266007848083972931e-02 4.168872162699699402e-02 2.177900634706020355e-02 1.237034611403942108e-02 6.404659245163202286e-03 1.372597925364971161e-02 8.654741570353507996e-03 3.908923268318176270e-02 2.753532677888870239e-02 5.561180412769317627e-03 6.255425512790679932e-03 2.858946286141872406e-02 7.535903714597225189e-03 4.871477372944355011e-03 2.503077685832977295e-02 6.695446092635393143e-03 1.311443559825420380e-02 1.336589641869068146e-02 2.305201627314090729e-02 1.342756301164627075e-02 9.323337115347385406e-03 1.438763923943042755e-02 1.796819642186164856e-02 1.914614625275135040e-02 1.864616759121417999e-02 1.363141695037484169e-03 1.591470651328563690e-02 8.488222025334835052e-03 1.510662026703357697e-02 2.479250309988856316e-03 9.363300167024135590e-03 5.759872030466794968e-03 6.229389458894729614e-03 2.683826163411140442e-02 1.938622072339057922e-02 3.123592957854270935e-02 3.329782187938690186e-02 1.663005352020263672e-02 9.647958911955356598e-03 2.059743925929069519e-02 2.140232548117637634e-02 6.159279029816389084e-03 2.227564528584480286e-02 2.393520809710025787e-02 1.577153801918029785e-02 1.299080532044172287e-02 1.006802450865507126e-02 1.153926271945238113e-02 1.818362623453140259e-02 2.252180129289627075e-03 4.429849330335855484e-03 1.009082142263650894e-02 6.327459122985601425e-03 2.146581932902336121e-02 2.467838115990161896e-02 1.829636399634182453e-03 5.762572400271892548e-03 1.741659268736839294e-02 3.662790870293974876e-03 1.115419063717126846e-02 7.081849966198205948e-03 1.721347495913505554e-02 1.155853457748889923e-02 2.282613143324851990e-02 6.343145389109849930e-03
1.560624875128269196e-02 5.368801299482584000e-03 7.148715108633041382e-02 8.872469887137413025e-03 1.494453754276037216e-03 2.784768864512443542e-02 1.690611243247985840e-02 8.379850387573242188e-01 9.562527760863304138e-03 8.386153727769851685e-03 2.991247549653053284e-02 1.334772910922765732e-03 2.859142050147056580e-02 9.766344912350177765e-03 6.043446809053421021e-02 5.252168513834476471e-03 7.572317030280828476e-03 1.823288388550281525e-02 1.438328158110380173e-02 1.282048970460891724e-02 9.309428744018077850e-03 3.971565514802932739e-02 1.680790074169635773e-02 1.073922589421272278e-02 4.647295922040939331e-03 5.712715908885002136e-03 3.419063985347747803e-02 2.284141443669795990e-02 2.323167957365512848e-02 2.074414864182472229e-02 7.191319018602371216e-03 2.018741099163889885e-03 1.498316135257482529e-02 1.294758869335055351e-03 5.239877500571310520e-04 7.334869820624589920e-03 8.599395863711833954e-03 5.699540954083204269e-03 2.083327993750572205e-02 2.307988703250885010e-02 1.264081336557865143e-02 1.252552401274442673e-02 7.109790109097957611e-03 3.797167912125587463e-02 2.202360145747661591e-02 6.335873156785964966e-03 1.751030609011650085e-02 6.829100660979747772e-03 7.405951153486967087e-03 3.879149910062551498e-03 2.895865775644779205e-02 2.170244604349136353e-02 8.975680917501449585e-03 1.732099428772926331e-02 9.524635970592498779e-03 6.734605995006859303e-04 2.534391824156045914e-03 2.462668810039758682e-03 3.925667144358158112e-03 1.200339570641517639e-02 1.685036928392946720e-03 4.943712148815393448e-03 7.933301851153373718e-03 2.154307207092642784e-03 2.296492084860801697e-02 2.230528183281421661e-02 4.839600529521703720e-03 1.556937023997306824e-02 1.288550253957509995e-02 1.166187692433595657e-02 1.129417866468429565e-02 4.752047825604677200e-03 3.712628735229372978e-03 1.318858005106449127e-03 5.126434378325939178e-03 1.027088332921266556e-02 1.501606684178113937e-02 1.604031398892402649e-02 2.028979174792766571e-02 8.336049504578113556e-03 7.372774183750152588e-02 6.869737058877944946e-02 2.357917604967951775e-03 6.773580797016620636e-03 4.192038439214229584e-03 5.247555091045796871e-04 6.215459108352661133e-02 4.229779541492462158e-02 1.436562463641166687e-02 1.525392476469278336e-02 2.276794286444783211e-03 2.679997310042381287e-02 1.569800451397895813e-02 1.876522600650787354e-02 7.358866743743419647e-03 3.699620487168431282e-03 3.376650623977184296e-03 4.544589202851057053e-03 2.569514326751232147e-02 2.119292132556438446e-02 1.249997410923242569e-02 1.304397638887166977e-02 5.009211134165525436e-03 5.441437941044569016e-03 1.282018143683671951e-03 2.030798234045505524e-02 2.682101540267467499e-02 1.849012624006718397e-04 1.945112831890583038e-02 1.362057286314666271e-03 2.466224506497383118e-02 1.274772826582193375e-02 1.819573715329170227e-02 2.477666735649108887e-02 7.014748640358448029e-03 2.246083132922649384e-02
5.044409539550542831e-03 1.018824428319931030e-02 8.999885059893131256e-03 2.358918264508247375e-02 3.780483081936836243e-02 5.751013755798339844e-03 7.509501185268163681e-03 9.562527760863304138e-03 8.379850387573242188e-01 4.089424386620521545e-02 2.865775488317012787e-03 3.239437937736511230e-02 5.258619319647550583e-03 1.941419392824172974e-02 1.042870897799730301e-02 2.238942543044686317e-04 1.200320571660995483e-02 3.500748053193092346e-02 3.781828796491026878e-03 2.947476692497730255e-02 1.592472195625305176e-02 8.241918985731899738e-04 1.811869628727436066e-02 2.431772835552692413e-02 4.360523074865341187e-03 7.098924252204596996e-04 2.125920355319976807e-02 1.963473670184612274e-02 1.690706983208656311e-02 2.190750092267990112e-02 1.528266910463571548e-02 1.448063924908638000e-02 4.725024569779634476e-03 5.333566572517156601e-03 1.058274041861295700e-02 1.138259842991828918e-02 3.579499432817101479e-03 5.938173271715641022e-04 4.912259522825479507e-03 3.421566914767026901e-03 1.326279249042272568e-02 2.850492484867572784e-02 1.321792416274547577e-02 1.558173634111881256e-02 3.264024853706359863e-02 2.515137568116188049e-02 2.274923957884311676e-02 2.824858017265796661e-02 3.699813038110733032e-02 1.536091044545173645e-02 2.919635502621531487e-03 2.834077749866992235e-04 1.822950877249240875e-02 1.072843000292778015e-02 2.553646080195903778e-02 4.937382414937019348e-03 1.686681620776653290e-02 6.631045602262020111e-03 5.067577585577964783e-03 8.124234154820442200e-03 2.903135027736425400e-03 1.896314509212970734e-02 3.671210259199142456e-02 2.529238723218441010e-02 1.489388849586248398e-02 9.777530096471309662e-03 2.279245667159557343e-02 8.291862905025482178e-03 2.555129304528236389e-02 1.555897668004035950e-02 3.271736577153205872e-02 3.704408928751945496e-02 2.663802355527877808e-02 1.773685333319008350e-03 3.133576363325119019e-02 5.973649211227893829e-03 5.955428257584571838e-02 3.218450397253036499e-02 5.113531649112701416e-02 1.802846416831016541e-02 2.482371171936392784e-03 7.457111496478319168e-03 4.996231198310852051e-02 1.723108440637588501e-02 1.408219058066606522e-02 5.241595208644866943e-03 3.814300056546926498e-03 3.731904551386833191e-03 1.565119810402393341e-02 4.083557520061731339e-03 3.686212003231048584e-02 1.762669160962104797e-02 2.550975605845451355e-02 1.135148014873266220e-02 7.923999801278114319e-03 1.461480092257261276e-02 1.232909876853227615e-02 4.765146411955356598e-03 1.204367913305759430e-02 1.119102234952151775e-03 2.609087154269218445e-02 3.846834227442741394e-02 1.463502994738519192e-04 2.854688791558146477e-03 3.046752326190471649e-02 2.600982319563627243e-03 1.609928731340914965e-04 2.511823549866676331e-02 1.818179711699485779e-02 2.414916083216667175e-02 6.489762570708990097e-03 7.235755678266286850e-03 6.221007788553833961e-04 1.392066664993762970e-02 2.969273831695318222e-03 1.502157934010028839e-02
2.529804967343807220e-02 2.399746514856815338e-02 5.999617278575897217e-03 2.386016957461833954e-02 1.649387367069721222e-02 2.796113956719636917e-03 2.209255471825599670e-02 8.386153727769851685e-03 4.089424386620521545e-02 8.379850387573242188e-01 7.817402482032775879e-03 1.036226190626621246e-02 4.926505032926797867e-03 2.565092965960502625e-02 9.717914275825023651e-03 1.255380269140005112e-02 1.789391972124576569e-02 1.685089245438575745e-02 4.085389897227287292e-02 1.100586447864770889e-02 7.502098451368510723e-04 1.510194130241870880e-02 8.810831233859062195e-03 1.958819106221199036e-02 1.607740111649036407e-02 1.191844139248132706e-02 9.848849847912788391e-03 1.890023984014987946e-02 1.699877716600894928e-02 9.509619325399398804e-03 9.569445624947547913e-03 2.183661563321948051e-04 1.396748889237642288e-02 4.612461198121309280e-03 1.521896850317716599e-02 2.056819014251232147e-02 5.913927685469388962e-03 1.254404429346323013e-02 1.387777179479598999e-02 1.602208591066300869e-03 7.481326349079608917e-03 1.564969122409820557e-02 3.192199021577835083e-02 1.154844928532838821e-02 1.734149083495140076e-02 4.045156016945838928e-02 2.684802561998367310e-02 2.945429272949695587e-02 2.165473438799381256e-02 5.069583281874656677e-02 1.149535551667213440e-02 4.148721229285001755e-03 2.497026510536670685e-02 1.150471903383731842e-02 1.782437227666378021e-02 1.692730560898780823e-02 3.854462504386901855e-02 3.503709798678755760e-03 1.942201517522335052e-02 3.098055254667997360e-03 1.975679583847522736e-02 9.696103632450103760e-03 3.097084350883960724e-02 1.285072322934865952e-02 6.343632121570408344e-04 6.492259446531534195e-03 5.102986935526132584e-03 7.576270727440714836e-04 2.869326062500476837e-02 3.765817359089851379e-02 2.228422090411186218e-02 2.004868537187576294e-02 3.382056206464767456e-02 3.728067874908447266e-02 2.149554714560508728e-02 5.942713469266891479e-03 8.849571458995342255e-03 5.382868647575378418e-02 4.074489325284957886e-02 6.389221549034118652e-02 3.993700258433818817e-03 1.239618659019470215e-02 1.925151236355304718e-02 4.440246894955635071e-02 2.139921300113201141e-02 2.699280157685279846e-02 7.114057894796133041e-03 1.651261001825332642e-02 2.582474797964096069e-02 3.591520339250564575e-02 2.362481318414211273e-02 1.933548413217067719e-02 3.233132511377334595e-02 1.097785681486129761e-02 2.329854853451251984e-02 4.332503769546747208e-03 3.093431890010833740e-02 5.784569308161735535e-03 2.606427529826760292e-03 6.145163439214229584e-03 1.748231984674930573e-02 1.362218987196683884e-02 5.578471813350915909e-03 2.029879484325647354e-03 2.203766815364360809e-02 5.180680193006992340e-03 1.450697053223848343e-02 1.185372844338417053e-02 7.525281980633735657e-03 3.574452921748161316e-02 7.710730191320180893e-03 6.275718100368976593e-03 1.352770626544952393e-02 1.308447867631912231e-02 1.900424808263778687e-02 2.243379363790154457e-03
2.517293766140937805e-02 2.535502798855304718e-02 1.018911972641944885e-02 2.329077385365962982e-02 1.878797449171543121e-02 4.760278761386871338e-02 4.403671249747276306e-02 2.991247549653053284e-02 2.865775488317012787e-03 7.817402482032775879e-03 8.379850387573242188e-01 1.012173853814601898e-02 7.103446125984191895e-02 7.180718705058097839e-03 6.043203920125961304e-02 5.530111026018857956e-03 1.030644029378890991e-02 7.344255223870277405e-03 7.631290704011917114e-03 5.769223906099796295e-03 1.170537713915109634e-02 2.265537157654762268e-02 2.428074367344379425e-02 2.248644083738327026e-02 3.035126626491546631e-02 3.025154210627079010e-02 1.743322424590587616e-02 5.431587342172861099e-03 3.025788627564907074e-02 2.429866697639226913e-03 2.700336091220378876e-02 6.281542591750621796e-04 3.553026355803012848e-03 3.028261708095669746e-03 3.355895634740591049e-03 2.643957175314426422e-02 3.557961806654930115e-02 1.737299375236034393e-02 1.337617263197898865e-02 1.081683114171028137e-02 5.678537301719188690e-03 4.499253118410706520e-04 1.902645826339721680e-02 1.135787181556224823e-02 2.262228226754814386e-04 9.231339208781719208e-03 4.852971062064170837e-02 2.744951844215393066e-02 6.496224086731672287e-03 3.150089876726269722e-03 2.835177630186080933e-02 2.833437360823154449e-02 2.036457322537899017e-02 1.030299972626380622e-04 2.325074747204780579e-02 1.148124784231185913e-02 3.024281002581119537e-03 1.283560693264007568e-02 1.105470862239599228e-02 1.438302337191998959e-03 1.139145437628030777e-02 1.509076170623302460e-02 2.013930818066000938e-03 3.899784060195088387e-03 4.408918693661689758e-02 4.714932292699813843e-02 2.848430071026086807e-03 3.486794186756014824e-03 1.139018786489032209e-04 1.759241335093975067e-02 3.755690995603799820e-03 2.618372905999422073e-03 1.439034123905003071e-03 3.205007174983620644e-03 1.585276215337216854e-03 5.409756209701299667e-03 8.814584463834762573e-03 2.056653983891010284e-02 4.989763721823692322e-03 5.804901476949453354e-03 2.038630843162536621e-02 3.476421535015106201e-02 1.683820970356464386e-02 5.396097432821989059e-03 2.172272279858589172e-02 8.547870442271232605e-03 5.687369406223297119e-02 4.280741885304450989e-02 1.273399591445922852e-02 9.210773743689060211e-03 1.803749427199363708e-02 3.141651302576065063e-02 7.677037734538316727e-03 2.930042892694473267e-02 2.066593803465366364e-02 6.768372841179370880e-03 2.014651196077466011e-03 1.092571485787630081e-02 5.908573046326637268e-03 1.452173106372356415e-02 2.659425511956214905e-02 2.524996176362037659e-02 9.257446974515914917e-03 9.718134067952632904e-03 9.327782317996025085e-03 9.095733403228223324e-04 2.887191018089652061e-03 1.868411432951688766e-03 3.157362341880798340e-02 1.571089774370193481e-02 1.712723448872566223e-02 7.112219929695129395e-03 1.724890246987342834e-02 2.530041895806789398e-02 7.118386216461658478e-03 1.421383023262023926e-02
1.192799862474203110e-02 2.731715328991413116e-02 1.018455345183610916e-02 1.548307668417692184e-02 3.011502511799335480e-02 1.396948657929897308e-02 2.476598136126995087e-02 1.334772910922765732e-03 3.239437937736511230e-02 1.036226190626621246e-02 1.012173853814601898e-02 8.379850387573242188e-01 1.116883661597967148e-02 6.549403071403503418e-02 1.062088645994663239e-02 1.805660314857959747e-02 8.820645511150360107e-03 2.107911370694637299e-02 3.836362063884735107e-02 3.108137752860784531e-03 2.031717635691165924e-02 1.051661279052495956e-02 3.768077492713928223e-02 5.020585283637046814e-02 1.220899447798728943e-02 1.344321575015783310e-02 6.180598400533199310e-03 2.983997017145156860e-02 1.581453345715999603e-02 1.874747127294540405e-02 5.061289761215448380e-03 8.804923854768276215e-03 1.595209166407585144e-02 3.053826745599508286e-03 1.850494183599948883e-02 1.631000265479087830e-02 2.155773900449275970e-02 1.771860755980014801e-02 1.026297733187675476e-02 1.756721921265125275e-02 1.185425743460655212e-02 7.101290393620729446e-03 2.223842963576316833e-02 2.491128630936145782e-02 4.084176570177078247e-02 3.774287179112434387e-02 2.145623788237571716e-02 1.734990626573562622e-02 2.203518524765968323e-02 3.635048167780041695e-03 4.941188730299472809e-03 2.732238359749317169e-02 4.250368569046258926e-03 1.204461208544671535e-03 1.337053719907999039e-02 8.243200369179248810e-03 1.392887160181999207e-02 2.266585454344749451e-02 4.241663496941328049e-03 2.426370419561862946e-02 2.116337185725569725e-03 2.495881542563438416e-02 2.939820289611816406e-02 2.625145576894283295e-02 9.024692699313163757e-03 7.581759244203567505e-03 7.580143399536609650e-03 8.320435881614685059e-03 8.108186535537242889e-03 2.024409128352999687e-03 2.317794971168041229e-02 7.436809595674276352e-03 1.073436625301837921e-02 3.477673744782805443e-04 2.345772832632064819e-02 2.006333321332931519e-02 3.748792037367820740e-02 2.046062424778938293e-02 3.204564750194549561e-02 1.193164498545229435e-03 5.002727266401052475e-03 9.061976335942745209e-03 5.826638080179691315e-03 1.839599758386611938e-02 2.885992638766765594e-02 3.311052173376083374e-02 8.011894300580024719e-03 8.978123776614665985e-03 1.520933303982019424e-02 4.100129473954439163e-03 3.618172556161880493e-02 1.223628409206867218e-02 4.107370227575302124e-02 1.179401017725467682e-02 1.734324730932712555e-02 2.118713594973087311e-02 2.063598670065402985e-02 2.001052536070346832e-02 1.345474272966384888e-02 2.495901100337505341e-02 1.467128563672304153e-02 9.614840149879455566e-03 2.481844276189804077e-02 2.760596759617328644e-02 1.702249981462955475e-02 8.416874334216117859e-03 9.127357974648475647e-03 1.944105513393878937e-02 2.194300293922424316e-02 8.828612044453620911e-03 6.669281516224145889e-03 3.159731393679976463e-03 8.255812339484691620e-03 3.344784677028656006e-02 1.267748232930898666e-02 2.941369079053401947e-02
1.990004442632198334e-03 1.932963728904724121e-02 2.795669250190258026e-03 1.059326529502868652e-02 2.967222593724727631e-03 4.782495275139808655e-02 5.347317084670066833e-02 2.859142050147056580e-02 5.258619319647550583e-03 4.926505032926797867e-03 7.103446125984191895e-02 1.116883661597967148e-02 8.379850387573242188e-01 3.892659442499279976e-03 5.700834095478057861e-02 1.419325452297925949e-02 1.398251764476299286e-02 5.589424166828393936e-03 1.277176383882761002e-02 1.724152080714702606e-02 8.131602080538868904e-04 2.719977498054504395e-02 2.569998055696487427e-02 2.043802291154861450e-02 2.709203399717807770e-02 3.630425781011581421e-02 1.644194871187210083e-02 2.896961523219943047e-03 2.486154437065124512e-02 3.517144126817584038e-03 3.378461301326751709e-02 1.931716571561992168e-03 1.562005127198062837e-05 9.573768475092947483e-04 6.236620713025331497e-03 1.566155627369880676e-02 2.107570879161357880e-02 1.439046673476696014e-02 4.871096927672624588e-03 1.475712906540138647e-05 1.559318602085113525e-02 2.999644028022885323e-03 1.680716127157211304e-02 1.139154192060232162e-02 3.611733671277761459e-03 7.007540552876889706e-04 4.942088946700096130e-02 2.186322212219238281e-02 5.280748941004276276e-03 2.528557088226079941e-03 2.756214328110218048e-02 2.840020321309566498e-02 3.101286105811595917e-02 6.385262589901685715e-03 2.510021626949310303e-02 7.404938805848360062e-03 4.158676601946353912e-03 2.315647527575492859e-02 3.027796000242233276e-02 8.354119025170803070e-03 1.538410782814025879e-02 4.713291767984628677e-03 2.746630925685167313e-03 9.340334683656692505e-03 3.454177454113960266e-02 4.962066933512687683e-02 4.085542634129524231e-03 4.507252015173435211e-03 6.521985400468111038e-03 1.348588149994611740e-02 2.044029766693711281e-03 3.218926955014467239e-03 1.254310132935643196e-03 7.615182548761367798e-03 5.541954305954277515e-04 8.466838044114410877e-04 4.942945088259875774e-04 1.732891425490379333e-02 9.293089620769023895e-03 5.737622268497943878e-03 1.834574528038501740e-02 3.848811239004135132e-02 1.771576143801212311e-02 2.613615477457642555e-03 3.218599408864974976e-02 2.144990861415863037e-02 5.320621654391288757e-02 4.968938976526260376e-02 6.311026867479085922e-03 4.973447648808360100e-04 1.150380261242389679e-02 3.149387240409851074e-02 1.297388132661581039e-02 3.260260820388793945e-02 2.302186004817485809e-02 6.971544120460748672e-03 7.246591616421937943e-03 7.465995382517576218e-03 7.439997512847185135e-03 1.410644315183162689e-02 2.845694683492183685e-02 2.433267608284950256e-02 7.322482299059629440e-03 1.155419740825891495e-02 1.505357027053833008e-02 1.306354720145463943e-02 3.913159482181072235e-03 6.661892984993755817e-04 3.307495266199111938e-02 6.049987860023975372e-03 1.827344298362731934e-02 9.653409011662006378e-03 2.422021143138408661e-02 2.500885725021362305e-02 1.685294508934020996e-02 1.507844589650630951e-02
