8.446636795997619629e-01 7.671311497688293457e-02 1.093602273613214493e-02 1.317498926073312759e-02 3.941180650144815445e-03 6.317694485187530518e-02 7.030202448368072510e-02 1.091504283249378204e-02 1.880870945751667023e-02 1.476820278912782669e-02 6.868626922369003296e-02 5.336051806807518005e-03 6.216492131352424622e-02 1.928314939141273499e-02 2.364391461014747620e-02 9.680625051259994507e-03 8.893209509551525116e-03 2.087907493114471436e-02 7.763899397104978561e-03 1.365180034190416336e-02 1.467096526175737381e-02 1.722577959299087524e-02 6.205021403729915619e-03 1.390582474414259195e-04 1.470986008644104004e-02 2.405106835067272186e-02 1.037993095815181732e-02 1.631515286862850189e-02 4.371157288551330566e-02 1.659493707120418549e-02 4.511262103915214539e-02 6.584255024790763855e-03 1.775028742849826813e-02 2.286396222189068794e-03 2.038737200200557709e-02 2.765503711998462677e-03 7.904834114015102386e-03 3.147812793031334877e-03 8.044702932238578796e-03 1.271399576216936111e-02 1.621289364993572235e-02 7.118689827620983124e-03 8.764232508838176727e-03 1.393569633364677429e-02 4.694305360317230225e-03 3.129927674308419228e-03 7.103456556797027588e-02 6.636980175971984863e-02 1.547234691679477692e-02 7.117283530533313751e-03 1.415837369859218597e-02 2.075266093015670776e-02 9.575097821652889252e-03 1.414806488901376724e-02 1.802408834919333458e-03 2.502961084246635437e-03 1.744620501995086670e-02 1.030090916901826859e-02 1.416158676147460938e-02 1.799432560801506042e-02 3.192135132849216461e-03 1.050524227321147919e-02 1.186958048492670059e-02 1.830671727657318115e-02 4.876457154750823975e-02 4.025281965732574463e-02 5.727720446884632111e-03 7.946581579744815826e-03 2.315695025026798248e-02 1.396500132977962494e-02 2.133624069392681122e-02 3.195868805050849915e-03 1.787041686475276947e-02 9.006015025079250336e-03 1.704455725848674774e-02 3.230950096622109413e-03 2.597237704321742058e-03 1.178483944386243820e-02 1.706907339394092560e-02 1.607569120824337006e-02 7.848449982702732086e-03 1.351779699325561523e-02 1.569986715912818909e-02 6.655361037701368332e-03 1.726580550894141197e-03 5.372302606701850891e-03 2.139657922089099884e-02 2.058991044759750366e-02 4.718934185802936554e-03 4.365053493529558182e-03 6.104930117726325989e-02 1.112812850624322891e-02 6.068507954478263855e-02 1.521995570510625839e-02 8.896645158529281616e-03 4.462883807718753815e-04 1.621951535344123840e-02 2.155038714408874512e-02 1.410951372236013412e-03 3.725196002051234245e-03 4.214760381728410721e-03 3.488102694973349571e-03 1.064609084278345108e-02 1.048817951232194901e-02 6.001605186611413956e-03 9.720866568386554718e-03 2.737919567152857780e-03 8.942461572587490082e-03 4.873959347605705261e-03 1.320527121424674988e-02 1.673099584877490997e-02 2.183188684284687042e-02 9.449697099626064301e-03 3.340735565871000290e-04 6.566878873854875565e-03 9.423913434147834778e-03
7.671311497688293457e-02 8.446636795997619629e-01 1.407517772167921066e-02 4.300029948353767395e-03 3.779963299166411161e-04 6.454150378704071045e-02 8.271829038858413696e-02 8.435492403805255890e-03 1.973134092986583710e-02 1.457311771810054779e-02 6.889787316322326660e-02 1.247811713255941868e-03 6.658441573381423950e-02 1.989464275538921356e-02 2.195417508482933044e-02 1.337911933660507202e-02 1.526027265936136246e-02 2.041736431419849396e-02 8.366270922124385834e-03 1.035641040652990341e-02 2.072081528604030609e-02 1.366618834435939789e-02 5.144534632563591003e-03 1.984197442652657628e-04 1.209928561002016068e-02 1.951481588184833527e-02 2.969553926959633827e-03 1.285909581929445267e-02 3.352418914437294006e-02 1.379361934959888458e-02 4.209458082914352417e-02 1.908985315822064877e-03 1.532740984112024307e-02 2.100758254528045654e-03 1.611966453492641449e-02 4.232761915773153305e-03 3.707191906869411469e-03 1.245950348675251007e-03 4.965898580849170685e-03 1.059830375015735626e-02 1.436361484229564667e-02 7.681143470108509064e-03 3.232761053368449211e-03 2.138586714863777161e-02 4.288316631573252380e-05 7.258528494276106358e-04 7.146628201007843018e-02 7.649706304073333740e-02 4.684437066316604614e-03 9.551335126161575317e-03 1.566318608820438385e-02 2.445537783205509186e-02 8.407381363213062286e-03 8.566104806959629059e-03 6.523330230265855789e-03 2.674343530088663101e-03 1.170229725539684296e-02 7.671662140637636185e-03 1.721073128283023834e-02 1.985352113842964172e-02 1.268716761842370033e-03 2.614944241940975189e-03 5.970441270619630814e-03 1.021072641015052795e-02 3.974182903766632080e-02 3.719637170433998108e-02 3.238647477701306343e-04 1.207800954580307007e-02 1.815061271190643311e-02 2.363141253590583801e-02 1.852193102240562439e-02 7.315893191844224930e-03 1.235474552959203720e-02 1.920139230787754059e-02 1.587185263633728027e-02 1.188134122639894485e-02 5.487042944878339767e-03 1.535744126886129379e-02 1.007693819701671600e-02 1.604603230953216553e-02 7.848470471799373627e-03 1.477900426834821701e-02 1.042618323117494583e-02 4.932722542434930801e-03 6.078114267438650131e-03 1.047891005873680115e-02 2.089207991957664490e-02 2.334357611835002899e-02 2.522477647289633751e-03 2.475767163559794426e-03 5.604824423789978027e-02 3.044321201741695404e-04 6.005264446139335632e-02 1.042008958756923676e-02 1.673091761767864227e-02 5.727434065192937851e-03 1.623759977519512177e-02 1.823563314974308014e-02 2.492213621735572815e-03 2.084001753246411681e-04 7.801652885973453522e-03 2.774564549326896667e-03 1.064053270965814590e-02 4.848399199545383453e-03 5.903164856135845184e-04 8.311159908771514893e-04 9.514104574918746948e-03 2.156042464775964618e-04 2.966684522107243538e-03 6.338603561744093895e-04 1.286373753100633621e-02 1.760726235806941986e-02 1.294707227498292923e-02 6.715859752148389816e-03 7.776042446494102478e-03 1.386179472319781780e-03
1.093602273613214493e-02 1.407517772167921066e-02 8.446636795997619629e-01 1.904955320060253143e-02 1.645533740520477295e-02 7.082392694428563118e-04 5.885169957764446735e-04 3.503414988517761230e-02 1.888768374919891357e-02 2.329565584659576416e-02 5.180226173251867294e-03 2.045056317001581192e-03 1.059025898575782776e-02 2.634181175380945206e-03 1.948908716440200806e-02 1.495773065835237503e-02 1.444042008370161057e-02 7.745425682514905930e-04 9.408994577825069427e-03 8.224043063819408417e-03 1.472699339501559734e-03 1.168706733733415604e-02 2.400696277618408203e-03 1.215537358075380325e-02 3.766517154872417450e-03 1.250836183317005634e-03 1.024813950061798096e-02 1.553389523178339005e-02 5.559902638196945190e-03 7.875468581914901733e-03 6.760780233889818192e-04 1.752536278218030930e-03 2.837842330336570740e-02 4.278137814253568649e-03 2.077901177108287811e-02 2.556731924414634705e-03 2.481276635080575943e-03 7.591142319142818451e-03 2.675466425716876984e-02 3.243215754628181458e-02 3.073328360915184021e-02 4.419704899191856384e-03 1.327674090862274170e-02 4.772080853581428528e-02 3.189044073224067688e-02 3.112347982823848724e-02 2.019647741690278053e-03 4.387327469885349274e-03 1.589901745319366455e-03 2.138908952474594116e-02 2.599439024925231934e-02 2.030532248318195343e-02 1.713622361421585083e-02 1.848830655217170715e-02 1.483251573517918587e-03 1.364509575068950653e-02 1.714003272354602814e-02 6.464956328272819519e-03 3.172216564416885376e-02 3.164388611912727356e-02 2.557213418185710907e-02 9.027895517647266388e-03 2.980173937976360321e-02 2.845452912151813507e-02 4.410411231219768524e-03 1.333581376820802689e-02 6.020031287334859371e-04 5.835966207087039948e-03 1.808316260576248169e-02 1.560656912624835968e-02 1.579183712601661682e-02 9.240296669304370880e-03 1.407543290406465530e-02 1.485054846853017807e-02 1.766105927526950836e-02 3.083333140239119530e-03 3.298839088529348373e-03 3.147978708148002625e-02 1.761616021394729614e-02 2.629859559237957001e-02 5.633466318249702454e-02 5.023121461272239685e-02 8.026090450584888458e-03 5.775656085461378098e-03 2.101689390838146210e-02 2.984948083758354187e-02 2.242490090429782867e-02 3.354344144463539124e-02 4.925935994833707809e-03 1.060961838811635971e-02 1.254076953046023846e-03 1.508357841521501541e-02 4.993446636945009232e-04 1.026526466012001038e-02 1.956024952232837677e-02 1.148573122918605804e-02 7.681613322347402573e-03 3.909476567059755325e-03 7.491257507354021072e-03 1.347715687006711960e-02 1.680840738117694855e-02 4.660165868699550629e-03 3.683732822537422180e-03 8.617213927209377289e-03 3.678967803716659546e-02 2.250807546079158783e-02 1.597049087285995483e-02 7.491110824048519135e-03 7.279907818883657455e-03 2.550784731283783913e-03 1.567981764674186707e-02 3.866899013519287109e-02 1.333766151219606400e-02 2.785020880401134491e-02 1.223775325343012810e-03 9.523520246148109436e-03
1.317498926073312759e-02 4.300029948353767395e-03 1.904955320060253143e-02 8.446636795997619629e-01 6.990719586610794067e-02 8.824316784739494324e-03 3.234501695260405540e-03 1.218028087168931961e-02 3.458388149738311768e-02 3.781908005475997925e-02 4.056375008076429367e-03 8.790678344666957855e-03 9.229623712599277496e-03 9.728561271913349628e-04 7.210575975477695465e-03 1.471687573939561844e-02 1.314308028668165207e-02 1.580190658569335938e-02 2.036327496170997620e-02 1.824551145546138287e-03 7.811663672327995300e-03 6.356281694024801254e-03 7.384644821286201477e-03 1.102194469422101974e-02 3.358705900609493256e-03 1.352027058601379395e-02 3.290044376626610756e-03 4.419526457786560059e-02 1.200367603451013565e-02 4.251062870025634766e-02 6.507515907287597656e-03 1.751647517085075378e-02 2.656805701553821564e-02 1.393814291805028915e-02 1.631267182528972626e-02 9.733181446790695190e-03 9.206307120621204376e-03 5.577749107033014297e-03 3.931513801217079163e-02 3.431362658739089966e-02 2.515652216970920563e-02 2.254207059741020203e-02 2.194816479459404945e-03 6.667407229542732239e-03 3.785735368728637695e-02 3.570056334137916565e-02 2.895616227760910988e-03 4.284968599677085876e-03 3.780157491564750671e-02 2.955038100481033325e-02 1.019178330898284912e-02 7.507109548896551132e-03 2.372501604259014130e-02 1.939804479479789734e-02 3.144181147217750549e-02 1.798612624406814575e-02 2.591646276414394379e-02 5.779872881248593330e-04 2.714940905570983887e-02 2.464733831584453583e-02 1.929710991680622101e-02 1.793678104877471924e-02 3.264183923602104187e-02 2.278802171349525452e-02 1.590171270072460175e-02 1.427243277430534363e-02 1.478578802198171616e-02 2.620915183797478676e-04 2.938749641180038452e-02 1.187006756663322449e-02 1.758109219372272491e-02 9.591636247932910919e-03 5.773269385099411011e-02 1.064047124236822128e-02 4.704750701785087585e-02 7.662630174309015274e-03 1.013213861733675003e-02 2.629579789936542511e-02 2.687234431505203247e-02 3.220568224787712097e-02 2.124891988933086395e-02 2.210758812725543976e-02 7.633845787495374680e-03 6.544292438775300980e-03 1.790025085210800171e-02 2.479749731719493866e-02 1.565442979335784912e-02 1.280200108885765076e-02 1.686065457761287689e-02 3.160811262205243111e-03 4.861112218350172043e-03 6.733769550919532776e-03 1.054626051336526871e-02 3.575596027076244354e-03 7.406004704535007477e-03 4.348800051957368851e-03 3.110301494598388672e-02 2.584594674408435822e-02 5.284113809466362000e-03 1.176075078547000885e-02 1.403313130140304565e-03 2.672000322490930557e-03 9.582121856510639191e-03 8.492180146276950836e-03 1.180952321738004684e-02 4.461723729036748409e-04 3.684644121676683426e-03 1.354455575346946716e-02 5.044190678745508194e-03 1.696425862610340118e-02 1.586331054568290710e-02 2.661503292620182037e-02 1.607809402048587799e-02 1.044831704348325729e-02 1.827824302017688751e-02 1.409416738897562027e-02
3.941180650144815445e-03 3.779963299166411161e-04 1.645533740520477295e-02 6.990719586610794067e-02 8.446636795997619629e-01 1.125612296164035797e-02 1.343319192528724670e-03 1.896387711167335510e-02 3.366049006581306458e-02 3.095707856118679047e-02 4.921610816381871700e-04 8.481394499540328979e-03 6.833048071712255478e-03 9.177965112030506134e-04 1.255840808153152466e-02 3.733516903594136238e-03 8.263040333986282349e-03 1.150361914187669754e-02 2.411908702924847603e-03 1.052599307149648666e-02 9.546711109578609467e-03 1.843044185079634190e-03 1.133072748780250549e-02 1.283491216599941254e-02 4.785585217177867889e-03 1.169862411916255951e-02 2.746557118371129036e-03 3.570752963423728943e-02 8.773293346166610718e-03 3.509256988763809204e-02 7.864105515182018280e-03 2.422630041837692261e-02 1.160532422363758087e-02 1.148711517453193665e-02 1.324907783418893814e-02 1.464291848242282867e-02 1.104781869798898697e-02 2.938355319201946259e-03 3.525053709745407104e-02 4.458280652761459351e-02 1.632269844412803650e-02 1.925553753972053528e-02 1.957927888724952936e-04 2.289556199684739113e-03 3.277793526649475098e-02 3.135162219405174255e-02 6.109766196459531784e-03 2.986103063449263573e-03 3.482067584991455078e-02 3.061002120375633240e-02 8.260707370936870575e-03 3.218662692233920097e-03 2.315153926610946655e-02 2.340401895344257355e-02 3.339835628867149353e-02 2.609162032604217529e-02 1.690230146050453186e-02 2.487106481567025185e-03 2.903306111693382263e-02 2.405973710119724274e-02 1.008920930325984955e-02 1.503087487071752548e-02 2.722695097327232361e-02 2.804665639996528625e-02 1.010324712842702866e-02 8.660309948027133942e-03 1.371960528194904327e-02 4.895146121270954609e-04 1.774041540920734406e-02 1.956246420741081238e-02 8.185385726392269135e-03 2.381608821451663971e-03 4.829972237348556519e-02 1.658293418586254120e-02 4.305525869131088257e-02 1.374081894755363464e-02 7.112378254532814026e-03 1.873428560793399811e-02 1.984014920890331268e-02 2.833102270960807800e-02 2.353692986071109772e-02 1.931350305676460266e-02 9.472742676734924316e-03 3.224552422761917114e-02 1.675465144217014313e-02 2.596944756805896759e-02 1.660501211881637573e-02 1.026035659015178680e-02 1.677885837852954865e-02 1.422060653567314148e-03 8.717644959688186646e-03 1.506106369197368622e-02 2.526277443394064903e-03 6.427179090678691864e-03 1.989976502954959869e-03 2.987511921674013138e-03 3.414919599890708923e-02 2.680607698857784271e-02 6.018626503646373749e-03 1.353816036134958267e-02 8.083359338343143463e-03 1.346216653473675251e-03 6.549289915710687637e-03 6.446144543588161469e-03 9.773818310350179672e-04 1.577615388669073582e-03 2.390561392530798912e-03 1.536253839731216431e-02 5.765155889093875885e-03 1.793569140136241913e-02 1.042139809578657150e-02 1.899509504437446594e-02 1.360528264194726944e-02 8.876485750079154968e-03 1.435571908950805664e-02 1.159243565052747726e-02
6.317694485187530518e-02 6.454150378704071045e-02 7.082392694428563118e-04 8.824316784739494324e-03 1.125612296164035797e-02 8.446636795997619629e-01 9.249327331781387329e-02 8.654297329485416412e-03 1.501885615289211273e-02 1.014909707009792328e-02 5.244024842977523804e-02 2.611128799617290497e-02 4.456380754709243774e-02 4.617049917578697205e-02 1.565750688314437866e-02 6.975829135626554489e-03 4.113583359867334366e-03 3.417539596557617188e-02 1.678124256432056427e-02 2.282486995682120323e-03 9.725103154778480530e-03 9.078341536223888397e-03 5.314532201737165451e-03 6.146102678030729294e-03 1.559155993163585663e-02 2.382461167871952057e-02 6.204969715327024460e-03 1.169480197131633759e-02 2.820406481623649597e-02 1.886037178337574005e-02 2.088715694844722748e-02 1.984098181128501892e-02 7.745399139821529388e-03 9.757219813764095306e-03 1.643592678010463715e-02 1.600461779162287712e-03 1.216123625636100769e-02 1.400883775204420090e-03 6.130398716777563095e-03 1.332602836191654205e-02 1.006220746785402298e-02 2.310197800397872925e-03 8.880103006958961487e-03 1.342916488647460938e-02 9.991685859858989716e-03 3.204109845682978630e-03 7.404146343469619751e-02 6.944011896848678589e-02 1.788970269262790680e-02 8.428298868238925934e-03 5.160253960639238358e-03 1.033875998109579086e-02 4.324413370341062546e-03 1.295346487313508987e-02 1.457889098674058914e-02 8.772565983235836029e-03 1.521859783679246902e-02 3.819635603576898575e-03 5.396319087594747543e-03 1.697255112230777740e-02 1.379016321152448654e-02 1.554796937853097916e-03 6.980243488214910030e-04 1.595731824636459351e-02 3.126839175820350647e-02 2.183640375733375549e-02 1.176290214061737061e-02 7.146299467422068119e-04 1.355081144720315933e-02 1.939810067415237427e-02 1.224892307072877884e-02 1.925033144652843475e-02 1.586486212909221649e-02 1.984853483736515045e-02 1.143151521682739258e-02 2.138315141201019287e-02 1.002795714884996414e-02 2.092991257086396217e-03 1.640185713768005371e-02 4.720170050859451294e-03 5.302656441926956177e-03 8.519872091710567474e-03 3.146015107631683350e-02 1.359528116881847382e-02 6.710512097924947739e-03 1.766637549735605717e-03 1.718140952289104462e-02 1.697251945734024048e-02 5.158220417797565460e-03 1.487427763640880585e-02 4.525630921125411987e-02 3.434621030464768410e-03 4.649565368890762329e-02 5.970621015876531601e-03 8.418938145041465759e-03 3.583893878385424614e-03 2.204802259802818298e-02 3.052919916808605194e-02 1.812259666621685028e-03 7.052431348711252213e-03 4.634238779544830322e-03 8.318098261952400208e-03 1.873547770082950592e-02 1.645270735025405884e-02 2.039011335000395775e-03 1.335757598280906677e-02 4.427305888384580612e-03 5.428254138678312302e-03 3.777089063078165054e-03 4.766029771417379379e-03 1.694545149803161621e-02 1.339382492005825043e-02 5.171047057956457138e-03 4.589727614074945450e-03 4.541127011179924011e-03 5.402215756475925446e-03
7.030202448368072510e-02 8.271829038858413696e-02 5.885169957764446735e-04 3.234501695260405540e-03 1.343319192528724670e-03 9.249327331781387329e-02 8.446636795997619629e-01 7.379382848739624023e-03 9.251031093299388885e-03 1.719179446808993816e-03 6.309482455253601074e-02 1.052049547433853149e-02 5.732054635882377625e-02 3.139756247401237488e-02 1.376666594296693802e-02 4.177175462245941162e-03 1.827609143219888210e-03 2.013423666357994080e-02 7.671134546399116516e-03 3.708330215886235237e-03 1.530644670128822327e-02 1.432182267308235168e-02 7.603065576404333115e-03 1.009017229080200195e-02 1.425949018448591232e-02 1.876741088926792145e-02 1.324772834777832031e-02 6.111287511885166168e-03 3.507069498300552368e-02 7.962709292769432068e-03 3.166752308607101440e-02 1.048077177256345749e-02 1.787099405191838741e-03 2.229540375992655754e-03 9.699838235974311829e-03 7.430421654134988785e-03 5.607956089079380035e-03 2.660268917679786682e-03 3.883970202878117561e-04 6.323211360722780228e-03 1.504471059888601303e-02 3.611677093431353569e-03 9.222600609064102173e-03 1.305390242487192154e-02 3.910998813807964325e-03 8.960508741438388824e-03 8.822839707136154175e-02 9.405124932527542114e-02 4.085327032953500748e-03 3.194259013980627060e-03 1.098114531487226486e-02 2.095782198011875153e-02 5.580964032560586929e-03 3.798302204813808203e-04 4.341684747487306595e-03 1.082618534564971924e-02 1.059800945222377777e-02 4.636038560420274734e-03 4.057916812598705292e-03 7.954902015626430511e-03 1.139280758798122406e-02 7.562738377600908279e-03 2.393458038568496704e-03 1.120141614228487015e-02 3.529121726751327515e-02 2.600330859422683716e-02 4.236249718815088272e-03 9.485173039138317108e-03 8.758654817938804626e-03 1.983124017715454102e-02 5.698964465409517288e-03 9.676022455096244812e-03 4.826212767511606216e-03 2.041433565318584442e-02 2.639763988554477692e-05 1.375147979706525803e-02 8.556546643376350403e-03 4.595795646309852600e-03 5.149623379111289978e-03 3.739675776159856468e-06 6.028775591403245926e-03 5.438906606286764145e-03 1.743774861097335815e-02 8.782271295785903931e-03 5.560103803873062134e-03 4.868404939770698547e-04 1.658472791314125061e-02 1.701773889362812042e-02 5.836094729602336884e-03 3.624527249485254288e-03 5.461530014872550964e-02 6.920136976987123489e-03 5.806008353829383850e-02 1.449734717607498169e-02 4.269630182534456253e-03 2.294215839356184006e-03 1.879113540053367615e-02 2.207381464540958405e-02 1.032835152000188828e-02 1.112172193825244904e-02 1.663980889134109020e-03 5.055169109255075455e-03 1.526087708771228790e-02 4.482272546738386154e-03 1.079533156007528305e-02 5.338237155228853226e-03 2.932341594714671373e-04 5.005518905818462372e-03 5.336883012205362320e-03 9.193872683681547642e-04 6.567325908690690994e-03 1.407416351139545441e-02 2.348779235035181046e-03 2.023090608417987823e-03 6.862252485007047653e-03 7.565855979919433594e-03
1.091504283249378204e-02 8.435492403805255890e-03 3.503414988517761230e-02 1.218028087168931961e-02 1.896387711167335510e-02 8.654297329485416412e-03 7.379382848739624023e-03 8.446636795997619629e-01 1.298113819211721420e-02 5.591599270701408386e-03 1.741234399378299713e-02 4.049008246511220932e-03 2.046868391335010529e-02 6.373340729624032974e-03 5.315960198640823364e-02 1.482087466865777969e-02 2.573960833251476288e-02 9.683223441243171692e-03 2.372520975768566132e-04 1.908088661730289459e-02 1.877785287797451019e-02 3.541282564401626587e-02 2.388851903378963470e-02 1.980259455740451813e-02 1.418994367122650146e-02 1.599278114736080170e-02 1.782726123929023743e-02 1.663028961047530174e-03 1.254276745021343231e-02 2.761453622952103615e-03 9.561706334352493286e-03 1.453948207199573517e-02 1.394353806972503662e-02 2.108359709382057190e-02 2.368555963039398193e-02 3.474603965878486633e-02 2.179245837032794952e-02 2.137535624206066132e-02 4.337805882096290588e-02 4.517938196659088135e-02 2.094284258782863617e-02 1.815656572580337524e-02 1.762911118566989899e-02 2.150749973952770233e-02 1.314621791243553162e-02 1.379232294857501984e-02 8.743230253458023071e-03 4.915930330753326416e-03 1.208241283893585205e-02 6.258231122046709061e-03 2.865533530712127686e-02 1.549628283828496933e-02 2.817174978554248810e-02 4.018160328269004822e-02 1.629042625427246094e-02 2.067544963210821152e-03 2.031134907156229019e-03 8.345486596226692200e-03 2.768403105437755585e-02 3.674823045730590820e-02 2.580645726993680000e-03 1.404736377298831940e-02 1.664728042669594288e-03 2.634568884968757629e-02 1.015240326523780823e-02 2.463485673069953918e-02 1.836901903152465820e-02 2.099657617509365082e-02 3.760560415685176849e-03 1.861641998402774334e-03 8.737953379750251770e-03 5.293913185596466064e-03 3.997949417680501938e-03 7.480965461581945419e-03 1.220115926116704941e-02 9.001976810395717621e-03 1.145081501454114914e-02 6.925227120518684387e-03 4.629425704479217529e-03 1.060990034602582455e-03 4.954991117119789124e-02 4.292857646942138672e-02 6.970299873501062393e-03 1.249602995812892914e-02 1.244200952351093292e-02 8.228479884564876556e-03 5.185807496309280396e-02 4.933039471507072449e-02 8.960945531725883484e-03 7.147503551095724106e-03 3.891282947733998299e-03 1.240483392030000687e-02 4.336454905569553375e-03 2.772489376366138458e-02 2.138333953917026520e-02 2.741770632565021515e-02 7.435164414346218109e-03 5.353568587452173233e-03 2.378699183464050293e-02 2.290449477732181549e-02 3.180359676480293274e-02 3.583893552422523499e-02 8.354573510587215424e-03 1.118916179984807968e-02 3.150432184338569641e-02 3.891932964324951172e-02 2.511954866349697113e-02 1.881442591547966003e-02 3.344405442476272583e-02 1.353997830301523209e-02 1.334829069674015045e-02 1.800938881933689117e-02 1.905390061438083649e-02 9.470197372138500214e-03 9.677692432887852192e-04 1.776846311986446381e-02
1.880870945751667023e-02 1.973134092986583710e-02 1.888768374919891357e-02 3.458388149738311768e-02 3.366049006581306458e-02 1.501885615289211273e-02 9.251031093299388885e-03 1.298113819211721420e-02 8.446636795997619629e-01 4.388836771249771118e-02 2.180901356041431427e-02 1.492603961378335953e-02 2.533449791371822357e-02 6.977965123951435089e-03 1.624990627169609070e-02 1.737739192321896553e-03 4.929670831188559532e-04 3.946964442729949951e-02 2.129689790308475494e-02 9.749265387654304504e-03 1.001644134521484375e-02 1.355125941336154938e-02 2.185107022523880005e-02 2.494437992572784424e-02 4.812051076442003250e-03 6.007332354784011841e-03 4.840085282921791077e-03 1.919672824442386627e-02 2.219467051327228546e-02 1.585377939045429230e-02 1.241237204521894455e-02 1.121623534709215164e-02 2.732735686004161835e-02 3.249284112825989723e-03 1.762661896646022797e-02 5.975700914859771729e-03 1.597989816218614578e-03 1.436250936239957809e-02 1.737520284950733185e-02 1.705538667738437653e-02 2.089060097932815552e-02 4.073888435959815979e-02 1.181960478425025940e-02 2.010146342217922211e-02 4.022363945841789246e-02 2.379669062793254852e-02 1.330643985420465469e-02 1.594675704836845398e-02 4.376088082790374756e-02 2.350645884871482849e-02 5.925625097006559372e-03 5.349177401512861252e-03 2.468439005315303802e-02 1.961165107786655426e-02 4.403386265039443970e-02 1.781187951564788818e-02 7.962052710354328156e-03 5.765464622527360916e-03 2.329183556139469147e-02 2.404814399778842926e-02 4.906801041215658188e-03 9.327625855803489685e-03 1.483595743775367737e-02 2.402154356241226196e-02 2.620134316384792328e-02 2.375204674899578094e-02 7.790165953338146210e-03 1.076341373845934868e-03 2.166384365409612656e-03 8.892227895557880402e-03 8.558215922676026821e-04 1.442052237689495087e-02 2.831100672483444214e-02 5.401127506047487259e-03 2.418302185833454132e-02 1.481009367853403091e-02 5.090069770812988281e-02 5.489968135952949524e-02 5.588089302182197571e-02 3.330962732434272766e-02 1.616624742746353149e-02 2.231372706592082977e-02 2.618617005646228790e-02 2.233948907814919949e-04 2.088978141546249390e-02 1.765375584363937378e-02 1.785724237561225891e-02 1.563855819404125214e-02 2.114024572074413300e-02 2.832623198628425598e-02 1.554078888148069382e-02 2.801695954985916615e-04 1.803649403154850006e-02 2.434139372780919075e-03 7.503249682486057281e-03 3.103689989075064659e-03 5.531294271349906921e-03 2.047439292073249817e-02 2.126556076109409332e-02 1.626048050820827484e-02 3.232014365494251251e-03 2.412343630567193031e-03 1.868322142399847507e-03 6.302847526967525482e-03 1.652964763343334198e-02 6.988833192735910416e-03 1.326064765453338623e-02 4.863700363785028458e-03 3.597399452701210976e-03 1.010140031576156616e-02 2.204472944140434265e-02 2.235492505133152008e-02 2.446964569389820099e-02 1.850603893399238586e-02 3.473331034183502197e-02 1.182139664888381958e-02
1.476820278912782669e-02 1.457311771810054779e-02 2.329565584659576416e-02 3.781908005475997925e-02 3.095707856118679047e-02 1.014909707009792328e-02 1.719179446808993816e-03 5.591599270701408386e-03 4.388836771249771118e-02 8.446636795997619629e-01 6.767513696104288101e-03 9.122953750193119049e-03 7.045607082545757294e-03 1.561483019031584263e-03 2.011635107919573784e-03 4.266285803169012070e-03 6.770869251340627670e-03 3.616752848029136658e-02 4.622549563646316528e-02 1.285980455577373505e-02 7.585366256535053253e-03 6.306543480604887009e-03 1.615945808589458466e-02 3.072629682719707489e-02 2.564596198499202728e-02 1.065356284379959106e-02 1.758359745144844055e-02 4.085063561797142029e-02 3.512417664751410484e-03 3.060402162373065948e-02 6.035029422491788864e-03 2.651719935238361359e-02 1.730546727776527405e-02 2.635167911648750305e-02 1.018780283629894257e-02 1.002120086923241615e-03 1.170895341783761978e-02 7.907919585704803467e-03 6.079505197703838348e-03 7.171916309744119644e-03 9.332925081253051758e-03 4.002942517399787903e-02 2.928954921662807465e-02 1.070041861385107040e-02 2.820573560893535614e-02 3.199114650487899780e-02 1.585541293025016785e-03 1.849614549428224564e-03 2.992792427539825439e-02 5.063489824533462524e-02 8.516135276295244694e-04 4.259778186678886414e-03 2.410408295691013336e-02 8.126692846417427063e-03 2.331785112619400024e-02 4.406502842903137207e-02 1.019041799008846283e-02 2.011790126562118530e-02 2.111340127885341644e-02 1.704544015228748322e-02 4.813523497432470322e-03 8.394349366426467896e-03 2.811471745371818542e-02 1.489186007529497147e-02 6.432509049773216248e-03 5.255184601992368698e-03 3.037285245954990387e-02 2.159536443650722504e-02 1.747486740350723267e-02 3.154654428362846375e-02 1.487649045884609222e-03 3.169008996337652206e-03 4.466179013252258301e-02 2.479286864399909973e-02 3.677541017532348633e-02 9.842009283602237701e-03 3.217804478481411934e-03 4.894572123885154724e-02 3.425087779760360718e-02 5.625190213322639465e-02 6.269249599426984787e-03 1.097766403108835220e-02 1.654743961989879608e-02 2.494833059608936310e-02 3.888368234038352966e-02 4.530371725559234619e-02 3.025007434189319611e-03 1.655991305597126484e-03 2.075436711311340332e-02 1.776366308331489563e-02 2.255349652841687202e-03 2.391046471893787384e-02 5.421217996627092361e-03 1.591089367866516113e-02 1.103270333260297775e-02 1.967662945389747620e-02 2.899378538131713867e-02 2.752199955284595490e-02 2.780314162373542786e-02 3.383353352546691895e-02 1.526077929884195328e-02 1.939667947590351105e-02 1.854595355689525604e-02 2.337680570781230927e-02 2.641030354425311089e-03 4.677817225456237793e-03 2.320356853306293488e-02 6.992654409259557724e-03 1.853652112185955048e-02 1.290849223732948303e-02 6.628096103668212891e-03 2.198979817330837250e-02 3.386848792433738708e-02 3.180587664246559143e-02 4.175324924290180206e-03 5.648144520819187164e-03
6.868626922369003296e-02 6.889787316322326660e-02 5.180226173251867294e-03 4.056375008076429367e-03 4.921610816381871700e-04 5.244024842977523804e-02 6.309482455253601074e-02 1.741234399378299713e-02 2.180901356041431427e-02 6.767513696104288101e-03 8.446636795997619629e-01 1.181457098573446274e-02 6.804018467664718628e-02 5.877948366105556488e-03 3.519672527909278870e-02 7.986159995198249817e-03 7.075049448758363724e-03 1.573170721530914307e-02 2.659321064129471779e-03 1.972718909382820129e-02 1.820997707545757294e-02 2.713663317263126373e-02 8.992286399006843567e-03 7.813731208443641663e-03 2.167142555117607117e-02 2.113343961536884308e-02 1.813981123268604279e-02 5.709751276299357414e-04 4.946012049913406372e-02 2.868927782401442528e-03 5.086652934551239014e-02 6.795887835323810577e-03 1.395970210433006287e-02 8.546699769794940948e-03 1.845321804285049438e-02 8.854620158672332764e-03 1.524163782596588135e-02 9.066836908459663391e-03 1.049483101814985275e-02 1.638898812234401703e-02 1.566084846854209900e-02 3.960470203310251236e-03 1.104279328137636185e-02 1.336084585636854172e-02 4.196333698928356171e-03 6.742469267919659615e-04 6.659913063049316406e-02 6.428163498640060425e-02 2.954363357275724411e-03 4.295716993510723114e-03 1.079240906983613968e-02 2.082960866391658783e-02 1.795331388711929321e-02 2.187293767929077148e-02 3.778844373300671577e-03 3.880820702761411667e-03 5.010546650737524033e-03 8.527095429599285126e-03 1.411067601293325424e-02 2.282321266829967499e-02 2.602568594738841057e-03 1.161367818713188171e-02 1.950153848156332970e-03 1.771894842386245728e-02 5.337189137935638428e-02 4.801612347364425659e-02 1.143978442996740341e-02 1.529927551746368408e-02 1.439811661839485168e-02 7.782519795000553131e-03 1.396185252815485001e-02 1.380017027258872986e-03 5.399435292929410934e-03 6.017247214913368225e-03 3.683873685076832771e-03 6.032222416251897812e-03 1.899079233407974243e-02 1.414739247411489487e-02 1.534223649650812149e-02 8.432307280600070953e-03 5.334915593266487122e-03 1.740052178502082825e-02 9.941014461219310760e-03 9.580596350133419037e-03 7.609523367136716843e-03 4.465757403522729874e-03 2.912170998752117157e-02 2.967340126633644104e-02 1.992212235927581787e-02 1.245846692472696304e-02 5.952597409486770630e-02 2.374657429754734039e-02 5.725605785846710205e-02 2.142495103180408478e-02 1.384130492806434631e-02 5.645961035043001175e-03 3.745672060176730156e-03 1.010836660861968994e-02 9.576796554028987885e-03 1.020698435604572296e-02 1.373078674077987671e-02 1.267152931541204453e-02 7.940521463751792908e-04 1.687769661657512188e-03 1.019604224711656570e-02 1.963981240987777710e-02 1.422067265957593918e-02 6.275589577853679657e-03 1.289496663957834244e-02 1.781313307583332062e-02 1.564733311533927917e-02 1.315628271549940109e-02 2.670038491487503052e-03 3.102296497672796249e-03 1.194863859564065933e-02 1.629789918661117554e-02
5.336051806807518005e-03 1.247811713255941868e-03 2.045056317001581192e-03 8.790678344666957855e-03 8.481394499540328979e-03 2.611128799617290497e-02 1.052049547433853149e-02 4.049008246511220932e-03 1.492603961378335953e-02 9.122953750193119049e-03 1.181457098573446274e-02 8.446636795997619629e-01 1.381766982376575470e-02 8.651462942361831665e-02 6.735016591846942902e-03 1.191620249301195145e-02 1.045498065650463104e-02 3.527097404003143311e-02 4.036098718643188477e-02 1.674703136086463928e-02 5.488944239914417267e-03 2.129327319562435150e-02 2.685246802866458893e-02 1.140419300645589828e-02 1.185152214020490646e-02 1.478541176766157150e-02 2.899648621678352356e-02 4.600034281611442566e-02 1.100218482315540314e-02 5.187966302037239075e-02 1.329748891294002533e-02 3.383476287126541138e-02 3.664825111627578735e-03 2.783417329192161560e-02 6.667064968496561050e-03 1.084870379418134689e-02 1.170425396412611008e-02 1.747125200927257538e-02 2.277360064908862114e-03 1.185087766498327255e-02 6.722214631736278534e-03 4.856243263930082321e-03 3.042034339159727097e-03 6.327094160951673985e-04 9.219974279403686523e-03 1.285279355943202972e-02 5.717060994356870651e-03 3.269370645284652710e-03 2.174654416739940643e-02 2.703853510320186615e-02 3.935875836759805679e-03 2.043890533968806267e-03 1.473462581634521484e-02 7.105334661900997162e-03 2.048677951097488403e-02 1.114750001579523087e-02 3.338740393519401550e-02 1.933921501040458679e-02 2.085347287356853485e-02 1.816190034151077271e-02 3.220186755061149597e-02 1.938310079276561737e-02 1.995993405580520630e-02 1.257009152323007584e-02 3.444076050072908401e-03 1.038504485040903091e-02 2.437367103993892670e-02 1.932812854647636414e-02 9.687747806310653687e-03 2.391000464558601379e-02 1.190387737005949020e-02 2.165588177740573883e-02 2.370011061429977417e-02 2.784956805408000946e-02 3.001118451356887817e-02 2.702272683382034302e-02 3.846494108438491821e-02 2.615991234779357910e-02 1.007560640573501587e-02 2.503654919564723969e-03 6.319537642411887646e-04 2.237890847027301788e-03 1.895346119999885559e-02 1.808273978531360626e-02 4.580805078148841858e-03 8.288820274174213409e-03 3.334699664264917374e-03 2.393463160842657089e-03 5.315549299120903015e-02 5.089109018445014954e-02 3.916829824447631836e-03 2.862299606204032898e-02 2.145726932212710381e-03 1.699291355907917023e-02 1.325078308582305908e-02 1.238187029957771301e-02 2.136375196278095245e-02 3.028751909732818604e-02 1.132770814001560211e-02 5.348845850676298141e-03 1.235182676464319229e-02 1.616331934928894043e-02 1.874442212283611298e-02 1.574618741869926453e-02 2.881090389564633369e-03 2.899054205045104027e-03 7.134741172194480896e-03 2.221170580014586449e-03 3.920986317098140717e-03 3.465257352218031883e-03 1.470041554421186447e-02 1.017891336232423782e-02 3.694605315104126930e-03 1.597022637724876404e-02 1.015170663595199585e-02 2.390736341476440430e-02
6.216492131352424622e-02 6.658441573381423950e-02 1.059025898575782776e-02 9.229623712599277496e-03 6.833048071712255478e-03 4.456380754709243774e-02 5.732054635882377625e-02 2.046868391335010529e-02 2.533449791371822357e-02 7.045607082545757294e-03 6.804018467664718628e-02 1.381766982376575470e-02 8.446636795997619629e-01 1.884899800643324852e-03 3.476152941584587097e-02 1.104539819061756134e-02 9.948899038136005402e-03 1.237966865301132202e-02 1.781131373718380928e-03 2.155873924493789673e-02 2.139122225344181061e-02 3.093856945633888245e-02 1.002207025885581970e-02 6.268982309848070145e-03 2.253105863928794861e-02 1.925367303192615509e-02 2.149944752454757690e-02 2.651135902851819992e-03 4.775527864694595337e-02 2.161961980164051056e-03 5.574511364102363586e-02 9.401284158229827881e-03 1.873734220862388611e-02 1.138616725802421570e-02 1.862052828073501587e-02 7.893189787864685059e-03 1.309757493436336517e-02 1.508849114179611206e-02 1.400936115533113480e-02 1.742663420736789703e-02 2.222378365695476532e-02 2.568025374785065651e-03 9.563970379531383514e-03 2.111179009079933167e-02 1.016892120242118835e-02 7.583369035273790359e-03 5.961676314473152161e-02 6.417921185493469238e-02 6.619026884436607361e-03 3.172708442434668541e-03 1.717799529433250427e-02 2.336565405130386353e-02 1.179029326885938644e-02 1.948390528559684753e-02 4.341919440776109695e-03 1.030308078043162823e-03 8.370942086912691593e-04 1.092114951461553574e-03 1.266463752835988998e-02 2.255341224372386932e-02 6.281994748860597610e-03 1.152446679770946503e-02 6.430107634514570236e-03 1.778063178062438965e-02 4.892063513398170471e-02 4.921973496675491333e-02 1.388948503881692886e-02 1.985592767596244812e-02 1.642424985766410828e-02 6.216468289494514465e-03 1.435009669512510300e-02 3.185460445820353925e-05 9.706255048513412476e-03 8.306025527417659760e-03 8.917692117393016815e-03 8.253360167145729065e-03 1.879884116351604462e-02 2.238030731678009033e-02 1.732650212943553925e-02 9.201775304973125458e-03 1.254034042358398438e-02 2.238374575972557068e-02 7.600200828164815903e-03 1.079403213225305080e-03 1.633755746297538280e-03 1.929135411046445370e-03 2.744780853390693665e-02 3.238629549741744995e-02 2.038681507110595703e-02 1.891394518315792084e-02 5.698635056614875793e-02 2.014087140560150146e-02 5.774451419711112976e-02 2.453547716140747070e-02 1.302193943411111832e-02 6.610285025089979172e-03 5.664355121552944183e-03 1.347248721867799759e-02 1.520676631480455399e-02 1.227694842964410782e-02 1.739777065813541412e-02 1.365820784121751785e-02 3.122663125395774841e-03 4.451436921954154968e-03 1.168316602706909180e-02 1.326962467283010483e-02 1.678821630775928497e-02 4.464872647076845169e-03 1.225021760910749435e-02 1.792280189692974091e-02 1.706911064684391022e-02 1.517236046493053436e-02 4.439324140548706055e-03 4.556044470518827438e-03 1.166789419949054718e-02 1.350755151361227036e-02
