8.295484185218811035e-01 7.528800517320632935e-02 1.806162111461162567e-02 3.417899832129478455e-02 3.184059262275695801e-02 6.934898346662521362e-02 6.313873827457427979e-02 1.110699027776718140e-03 9.967648424208164215e-03 1.378110609948635101e-02 5.992218479514122009e-02 8.702630177140235901e-03 6.475502997636795044e-02 9.705065749585628510e-03 1.081208325922489166e-02 1.437707431614398956e-02 1.411078497767448425e-02 1.720614172518253326e-02 7.197447586804628372e-03 1.337183266878128052e-02 2.124836482107639313e-02 1.697012223303318024e-02 4.832631966564804316e-04 9.354225359857082367e-03 2.399017848074436188e-02 1.677703112363815308e-02 5.765134701505303383e-04 3.938992973417043686e-03 1.127398107200860977e-02 5.933131556957960129e-03 1.003090385347604752e-02 1.697446103207767010e-03 7.154163904488086700e-03 5.719475913792848587e-03 1.192496344447135925e-02 4.513402935117483139e-03 2.394792390987277031e-03 9.274632669985294342e-03 2.146979421377182007e-02 2.479100227355957031e-02 4.626384936273097992e-03 8.120306767523288727e-03 1.221156399697065353e-02 2.267821691930294037e-03 1.137619651854038239e-02 9.778261184692382812e-03 6.943774968385696411e-02 5.271037295460700989e-02 2.631970681250095367e-03 1.262374501675367355e-02 1.141377352178096771e-02 3.484132932499051094e-03 9.761267341673374176e-03 4.553547114483080804e-05 6.994238588958978653e-03 3.413237864151597023e-03 5.593653768301010132e-03 1.058130618184804916e-02 7.593309506773948669e-03 1.186497136950492859e-02 3.687308635562658310e-03 3.013684879988431931e-03 1.641165837645530701e-02 2.461716718971729279e-02 2.971011213958263397e-02 4.278345406055450439e-02 8.836645632982254028e-03 1.747217029333114624e-02 2.822139300405979156e-02 6.776181635359534994e-06 3.285643085837364197e-02 8.826685138046741486e-03 4.700728505849838257e-02 1.597939059138298035e-02 4.113882407546043396e-02 2.183863520622253418e-02 9.676013141870498657e-03 2.773372689262032509e-04 9.251184761524200439e-03 2.441662130877375603e-03 4.517546389251947403e-03 3.342210780829191208e-03 3.332820162177085876e-02 2.459272742271423340e-02 7.512199692428112030e-03 4.313753917813301086e-03 1.009576395153999329e-02 7.340970914810895920e-03 1.018549595028162003e-02 9.920872747898101807e-03 5.114942789077758789e-02 2.262629568576812744e-02 2.540606632828712463e-02 2.921687252819538116e-02 2.815461994032375515e-05 3.946407232433557510e-03 2.249140106141567230e-02 2.862945385277271271e-02 3.404190298169851303e-03 3.199414350092411041e-03 6.127336062490940094e-03 4.755775909870862961e-03 2.433699555695056915e-02 2.895340323448181152e-02 4.498946014791727066e-03 3.043912583962082863e-03 7.330881897360086441e-03 1.212862879037857056e-02 5.394311621785163879e-03 6.493865512311458588e-03 1.194405462592840195e-02 1.360324583947658539e-02 4.705919884145259857e-03 4.139943514019250870e-03 2.212469931691884995e-03 1.845062826760113239e-03
7.528800517320632935e-02 8.295484185218811035e-01 7.394831161946058273e-03 3.660897538065910339e-02 3.394745662808418274e-02 6.855463236570358276e-02 7.311470806598663330e-02 5.773701705038547516e-03 1.029279828071594238e-02 1.146422233432531357e-02 6.698110699653625488e-02 1.405658852308988571e-02 7.127313315868377686e-02 1.713570766150951385e-02 8.159819059073925018e-03 1.402699854224920273e-02 1.205830089747905731e-02 2.712123841047286987e-02 1.277885865420103073e-02 1.516456250101327896e-02 1.842611655592918396e-02 1.650048606097698212e-02 2.820675494149327278e-03 9.706665761768817902e-03 1.995902694761753082e-02 1.245076581835746765e-02 7.815584540367126465e-03 1.805354841053485870e-02 1.244218461215496063e-02 1.834600418806076050e-02 1.345100719481706619e-02 1.523339655250310898e-03 7.190785836428403854e-03 5.387494340538978577e-03 7.164633832871913910e-03 7.834240794181823730e-03 5.614479538053274155e-03 1.628609187901020050e-02 1.717036962509155273e-02 2.131177298724651337e-02 1.504362374544143677e-02 7.239561819005757570e-05 3.992710728198289871e-03 3.220471262466162443e-04 1.022056210786104202e-02 1.411375124007463455e-02 7.456441968679428101e-02 5.801296234130859375e-02 3.239998128265142441e-03 1.654599606990814209e-02 1.240771543234586716e-02 7.503787055611610413e-04 6.224352866411209106e-03 7.390365935862064362e-03 9.836009703576564789e-03 7.811028626747429371e-05 4.327020607888698578e-03 1.568956486880779266e-02 8.415831252932548523e-03 7.713343482464551926e-03 1.109912246465682983e-02 6.913696881383657455e-03 1.294926274567842484e-02 2.239458262920379639e-02 3.556811064481735229e-02 5.039163678884506226e-02 7.697761524468660355e-03 7.788075134158134460e-03 1.719627901911735535e-02 1.633931323885917664e-02 1.981070637702941895e-02 1.411216217093169689e-04 3.746148198843002319e-02 4.714467097073793411e-03 3.321298956871032715e-02 1.537652220577001572e-02 3.303526435047388077e-03 6.347286514937877655e-03 1.291083730757236481e-02 6.315208156593143940e-04 3.484896151348948479e-03 3.568080719560384750e-03 2.873468399047851562e-02 2.450335212051868439e-02 9.850183501839637756e-03 8.453488349914550781e-03 9.678451344370841980e-03 7.182968780398368835e-03 9.483487345278263092e-03 1.272156927734613419e-02 5.927595496177673340e-02 2.089398913085460663e-02 2.472797594964504242e-02 2.780706062912940979e-02 3.020702628418803215e-03 1.093499246053397655e-03 1.215675473213195801e-02 3.056010045111179352e-02 3.594017471186816692e-04 2.345755929127335548e-03 5.750540178269147873e-03 6.636983016505837440e-04 1.440431084483861923e-02 2.306114137172698975e-02 4.459052346646785736e-03 8.953034877777099609e-03 1.511598238721489906e-03 1.538988016545772552e-02 6.202663294970989227e-03 1.692628138698637486e-03 2.648088382557034492e-03 6.678150966763496399e-03 2.750585088506340981e-03 5.045677535235881805e-03 6.306131370365619659e-03 1.136546954512596130e-02
1.806162111461162567e-02 7.394831161946058273e-03 8.295484185218811035e-01 1.012215390801429749e-03 2.633549971505999565e-03 1.196724246256053448e-03 8.255237713456153870e-03 3.998321294784545898e-02 1.580186374485492706e-02 1.961535308510065079e-03 1.497356407344341278e-02 1.087430212646722794e-02 1.416013296693563461e-02 1.881150715053081512e-02 1.027437509037554264e-03 6.265573203563690186e-03 2.823324175551533699e-03 1.901262439787387848e-03 7.345660589635372162e-03 2.120596170425415039e-02 1.548068970441818237e-02 7.038900628685951233e-03 1.945576444268226624e-02 1.358747202903032303e-02 6.628861650824546814e-03 1.461305748671293259e-02 5.654274951666593552e-03 3.163658455014228821e-02 1.323284348472952843e-03 2.133240550756454468e-02 9.667896665632724762e-03 9.028302505612373352e-03 1.975621283054351807e-02 3.796495730057358742e-03 6.838840898126363754e-03 1.311174035072326660e-02 6.946223322302103043e-03 6.685132626444101334e-03 1.262181438505649567e-02 2.281152270734310150e-02 1.392681989818811417e-02 6.102271378040313721e-03 1.361682917922735214e-02 2.606147155165672302e-02 2.117443457245826721e-02 1.594793424010276794e-02 1.115339808166027069e-02 1.923881098628044128e-02 7.934765890240669250e-03 1.273337053135037422e-03 4.108379129320383072e-03 1.833081943914294243e-03 3.557786718010902405e-02 3.611923381686210632e-02 3.634433448314666748e-02 1.085020415484905243e-02 1.799964159727096558e-02 1.386940199881792068e-02 4.968568310141563416e-02 4.576438665390014648e-02 2.208882197737693787e-02 7.280574180185794830e-03 1.158609427511692047e-02 1.012086588889360428e-02 7.644230965524911880e-03 5.029515828937292099e-03 1.070336066186428070e-02 1.250213012099266052e-02 1.125249918550252914e-02 2.636929601430892944e-02 4.275538027286529541e-03 8.829972706735134125e-03 2.031078375875949860e-02 2.184648998081684113e-02 1.876660995185375214e-02 8.655230514705181122e-03 1.685844175517559052e-02 4.546954296529293060e-03 1.491970196366310120e-02 1.553481351584196091e-02 6.248899921774864197e-02 7.741640508174896240e-02 6.420535035431385040e-03 8.698161691427230835e-03 9.992100298404693604e-03 5.920100957155227661e-03 2.305752038955688477e-02 1.066846214234828949e-02 2.844284102320671082e-02 1.091932225972414017e-02 1.470454782247543335e-02 2.262379415333271027e-02 2.856952697038650513e-02 4.014679230749607086e-03 2.841918729245662689e-02 8.451492525637149811e-03 1.858333824202418327e-03 8.448436856269836426e-03 5.868060514330863953e-03 7.372192107141017914e-03 1.337530091404914856e-02 4.579443484544754028e-03 6.378633435815572739e-03 5.773041862994432449e-03 3.521746397018432617e-02 3.798144310712814331e-02 1.026901323348283768e-02 1.788881258107721806e-03 6.864050403237342834e-03 1.694108918309211731e-02 2.372393570840358734e-02 1.129946950823068619e-02 8.217636495828628540e-03 4.424032755196094513e-03 1.179851591587066650e-02 1.837544701993465424e-02
3.417899832129478455e-02 3.660897538065910339e-02 1.012215390801429749e-03 8.295484185218811035e-01 8.012869209051132202e-02 1.901903562247753143e-02 2.743048779666423798e-02 1.848868653178215027e-02 1.390892080962657928e-02 1.815554127097129822e-02 3.715889528393745422e-02 1.192400883883237839e-02 2.603033557534217834e-02 1.562893390655517578e-02 1.881963759660720825e-02 1.230130787007510662e-03 7.594991620862856507e-05 4.211129993200302124e-02 3.391478210687637329e-02 6.056456826627254486e-03 7.657455280423164368e-03 4.646315705031156540e-03 1.668708957731723785e-02 1.671169325709342957e-02 8.387568406760692596e-03 1.864027581177651882e-04 6.642762105911970139e-03 1.366257108747959137e-02 1.004528068006038666e-02 1.149609126150608063e-02 2.903899922966957092e-02 8.523033931851387024e-03 1.870332472026348114e-02 1.278232596814632416e-02 3.589972155168652534e-03 2.319831028580665588e-02 2.217823453247547150e-02 1.868770457804203033e-02 5.326975136995315552e-02 5.472991988062858582e-02 1.099871564656496048e-02 4.782836884260177612e-03 5.685307085514068604e-03 1.316248159855604172e-02 9.703706018626689911e-03 1.566272787749767303e-02 3.221637383103370667e-02 3.377651423215866089e-02 5.331630236469209194e-04 1.219448912888765335e-02 3.236010903492569923e-03 1.690879091620445251e-02 5.700418259948492050e-03 1.233596634119749069e-02 8.716602460481226444e-04 3.303956007584929466e-03 1.778385415673255920e-02 1.432086527347564697e-02 1.358579378575086594e-02 4.381059668958187103e-03 1.626606332138180733e-03 1.182063762098550797e-02 5.421113688498735428e-03 8.244716562330722809e-03 2.132755331695079803e-02 1.679462753236293793e-02 8.559212088584899902e-03 3.407859243452548981e-03 2.414310351014137268e-03 1.415769103914499283e-03 1.254543475806713104e-02 7.026469800621271133e-03 6.205945089459419250e-02 1.563242264091968536e-02 6.308852136135101318e-02 1.895894855260848999e-02 2.376144984737038612e-04 9.246999397873878479e-03 6.890848278999328613e-03 1.094650593586266041e-03 4.072599112987518311e-03 2.171309664845466614e-02 6.441678106784820557e-02 6.848741322755813599e-02 8.822356350719928741e-03 1.569905318319797516e-02 6.855681538581848145e-03 1.230365969240665436e-02 3.452609525993466377e-03 1.447150669991970062e-02 3.025088272988796234e-02 1.192713249474763870e-02 7.397089153528213501e-03 1.654670014977455139e-02 2.465360052883625031e-02 2.408872731029987335e-02 1.882783882319927216e-02 2.606842666864395142e-02 6.682391744107007980e-03 4.520053509622812271e-03 3.175614634528756142e-03 4.972909577190876007e-03 1.483628246933221817e-02 1.395733933895826340e-02 8.191602304577827454e-03 1.195077970623970032e-02 1.328228693455457687e-02 2.366339229047298431e-02 6.734480615705251694e-03 4.352809395641088486e-03 1.216941699385643005e-02 1.908787526190280914e-02 1.822290383279323578e-02 6.488075014203786850e-03 2.228924073278903961e-03 5.584318190813064575e-03
3.184059262275695801e-02 3.394745662808418274e-02 2.633549971505999565e-03 8.012869209051132202e-02 8.295484185218811035e-01 1.539709139615297318e-02 2.346788719296455383e-02 1.494702417403459549e-02 2.122518792748451233e-02 1.438746787607669830e-02 3.634544089436531067e-02 1.682952605187892914e-02 2.515455149114131927e-02 1.715153641998767853e-02 1.917239651083946228e-02 1.179055660031735897e-03 2.667157677933573723e-04 3.673923388123512268e-02 4.084448516368865967e-02 2.974326955154538155e-03 2.050845650956034660e-03 8.022607304155826569e-03 2.389613538980484009e-02 2.336042746901512146e-02 2.674816641956567764e-03 6.791045423597097397e-03 1.412105374038219452e-02 1.854254305362701416e-02 7.226407062262296677e-03 1.340833120048046112e-02 2.865681983530521393e-02 1.509791426360607147e-02 2.197686024010181427e-02 1.553582958877086639e-02 1.043376047164201736e-03 2.496187575161457062e-02 2.636698074638843536e-02 2.274009771645069122e-02 5.091634765267372131e-02 5.822752416133880615e-02 6.435796152800321579e-03 1.037647202610969543e-02 1.073133945465087891e-02 1.136593986302614212e-02 6.714699789881706238e-03 1.225145719945430756e-02 2.864631824195384979e-02 3.372621536254882812e-02 5.875907838344573975e-03 7.951917126774787903e-03 4.285346716642379761e-03 5.331157241016626358e-03 6.420824676752090454e-03 7.774890400469303131e-03 6.893537007272243500e-03 5.887384992092847824e-03 5.236037541180849075e-03 9.862621314823627472e-03 1.305705029517412186e-02 1.480877981521189213e-03 7.645700592547655106e-03 1.408753544092178345e-02 8.400292135775089264e-03 7.701592054218053818e-03 1.717787422239780426e-02 1.385066751390695572e-02 1.151733566075563431e-02 9.439957328140735626e-03 5.560426041483879089e-03 2.964483574032783508e-03 1.159260049462318420e-02 3.540861187502741814e-03 6.252700835466384888e-02 1.534593012183904648e-02 6.726338714361190796e-02 1.254360284656286240e-02 1.241589337587356567e-02 6.326932925730943680e-03 1.824575592763721943e-03 1.322869095019996166e-03 2.172549022361636162e-03 1.702513918280601501e-02 6.110453605651855469e-02 7.196047157049179077e-02 1.250523887574672699e-02 1.584410667419433594e-02 8.973117917776107788e-03 1.331281382590532303e-02 1.190471928566694260e-02 1.465472858399152756e-02 2.714441157877445221e-02 1.038337778300046921e-02 5.254422314465045929e-03 7.875717245042324066e-03 2.706010453402996063e-02 2.830692008137702942e-02 1.659639179706573486e-02 2.171356789767742157e-02 6.493906257674098015e-04 5.926478770561516285e-04 6.781311240047216415e-03 3.765351837500929832e-03 9.515107609331607819e-03 9.425435215234756470e-03 8.204729296267032623e-03 1.139652729034423828e-02 1.873209141194820404e-02 1.444274745881557465e-02 9.352612309157848358e-03 6.426302716135978699e-03 1.250494364649057388e-02 1.556498836725950241e-02 2.153223007917404175e-02 1.210608892142772675e-02 3.046408819500356913e-04 7.306166458874940872e-03
6.934898346662521362e-02 6.855463236570358276e-02 1.196724246256053448e-03 1.901903562247753143e-02 1.539709139615297318e-02 8.295484185218811035e-01 7.695489376783370972e-02 4.618917126208543777e-03 5.402050446718931198e-03 1.856317161582410336e-03 3.910497948527336121e-02 3.511815145611763000e-02 5.372045934200286865e-02 3.974908217787742615e-02 2.103539183735847473e-03 1.343192066997289658e-02 1.272049918770790100e-02 1.186450198292732239e-02 2.877092454582452774e-03 1.010341290384531021e-02 1.729891635477542877e-02 2.650667168200016022e-02 1.640581712126731873e-02 2.429615519940853119e-02 1.615128479897975922e-02 2.093588374555110931e-02 1.923276856541633606e-02 2.818015590310096741e-02 8.915086276829242706e-03 2.673999406397342682e-02 6.116049364209175110e-03 3.752993652597069740e-04 2.222852781414985657e-03 8.918448351323604584e-03 3.511963644996285439e-03 4.703859332948923111e-03 1.177369523793458939e-02 8.857881766743957996e-04 7.921832613646984100e-03 5.983905401080846786e-03 2.285319380462169647e-02 1.971774734556674957e-02 1.645261794328689575e-02 1.068773772567510605e-02 2.729436196386814117e-02 6.361200008541345596e-03 7.370695471763610840e-02 5.501978844404220581e-02 6.677894853055477142e-03 7.966397330164909363e-03 6.108812987804412842e-03 3.444041125476360321e-03 4.094972740858793259e-03 1.799735426902770996e-02 1.531539112329483032e-02 3.878541756421327591e-03 7.060462608933448792e-03 3.998653963208198547e-03 8.244994096457958221e-04 7.895270362496376038e-03 3.764341352507472038e-03 1.769580296240746975e-03 6.241789087653160095e-03 1.279923133552074432e-02 1.352697331458330154e-02 4.434114322066307068e-02 1.284818723797798157e-02 1.549473591148853302e-02 2.287795022130012512e-02 1.805318333208560944e-02 2.204590477049350739e-02 7.075162138789892197e-03 2.837972901761531830e-02 9.987705561798065901e-05 1.926911249756813049e-02 1.791684702038764954e-02 1.744193397462368011e-02 3.669915953651070595e-03 2.081016264855861664e-02 2.853653626516461372e-03 6.955501157790422440e-03 9.449464268982410431e-03 1.645040512084960938e-02 4.885792266577482224e-03 3.909149672836065292e-03 2.133311238139867783e-03 5.797062534838914871e-03 9.804078377783298492e-03 1.931773684918880463e-02 2.053070440888404846e-02 4.635415971279144287e-02 1.557484176009893417e-02 4.428117349743843079e-02 3.091194666922092438e-02 4.972462542355060577e-03 3.489963710308074951e-03 1.453991141170263290e-02 2.748527005314826965e-02 3.241644240915775299e-03 2.787019591778516769e-03 7.361792027950286865e-03 1.479911268688738346e-03 2.278766781091690063e-02 3.175099566578865051e-02 9.631563909351825714e-03 1.557256467640399933e-02 1.686653471551835537e-03 1.724875532090663910e-03 1.001744344830513000e-02 5.898096598684787750e-03 1.086631207726895809e-03 1.124204974621534348e-02 1.290754228830337524e-02 7.457699161022901535e-03 1.061389222741127014e-02 8.576292544603347778e-03
6.313873827457427979e-02 7.311470806598663330e-02 8.255237713456153870e-03 2.743048779666423798e-02 2.346788719296455383e-02 7.695489376783370972e-02 8.295484185218811035e-01 1.124043855816125870e-02 3.919037524610757828e-03 7.806358858942985535e-03 4.874506965279579163e-02 2.590429596602916718e-02 5.974999070167541504e-02 3.495592996478080750e-02 1.241295947693288326e-03 8.869998157024383545e-03 1.016527134925127029e-02 2.313047833740711212e-02 6.173763889819383621e-03 1.050176844000816345e-02 1.359167136251926422e-02 2.146986126899719238e-02 1.277390774339437485e-02 1.912425830960273743e-02 1.561819668859243393e-02 1.344414334744215012e-02 1.528849918395280838e-02 2.922871708869934082e-02 6.107130087912082672e-03 2.907339669764041901e-02 5.076054949313402176e-03 3.216556506231427193e-03 1.592233078554272652e-03 5.642800591886043549e-03 6.350968033075332642e-04 1.403966103680431843e-03 1.371922437101602554e-02 8.636868558824062347e-03 1.098871324211359024e-02 1.327412948012351990e-02 2.686185948550701141e-02 8.944844827055931091e-03 6.336047779768705368e-03 9.301986545324325562e-03 2.168416790664196014e-02 1.382635207846760750e-03 7.872550934553146362e-02 6.712339818477630615e-02 1.638438785448670387e-03 1.712015457451343536e-02 1.023144181817770004e-02 4.073269665241241455e-03 3.318980336189270020e-03 2.041042223572731018e-02 1.632519066333770752e-02 6.247735116630792618e-03 8.590928278863430023e-03 9.587896056473255157e-03 2.573301084339618683e-03 6.977659184485673904e-03 6.330047734081745148e-03 3.985571209341287613e-03 3.537698881700634956e-03 1.508314907550811768e-02 2.971130423247814178e-02 5.244264006614685059e-02 8.833141997456550598e-03 5.913239438086748123e-03 1.312236022204160690e-02 1.751446910202503204e-02 1.342379022389650345e-02 6.255048792809247971e-04 2.866468019783496857e-02 3.164418041706085205e-03 2.365294657647609711e-02 1.004532538354396820e-02 8.198916912078857422e-03 5.779479630291461945e-03 1.587957702577114105e-02 1.602349337190389633e-03 1.447173114866018295e-02 1.728298701345920563e-02 2.133255079388618469e-02 1.311710756272077560e-02 9.775657206773757935e-03 6.553682964295148849e-03 2.000846434384584427e-03 6.454127840697765350e-03 1.068797148764133453e-02 1.323903910815715790e-02 6.112515181303024292e-02 1.720049977302551270e-02 4.249374940991401672e-02 2.771214582026004791e-02 9.859920479357242584e-03 3.585763042792677879e-03 1.451734267175197601e-02 2.300918102264404297e-02 3.113088430836796761e-03 3.687138669192790985e-03 8.517585694789886475e-03 1.352410530671477318e-03 1.876416057348251343e-02 2.450161799788475037e-02 1.092847250401973724e-02 1.586133055388927460e-02 3.284666454419493675e-03 1.285371463745832443e-02 1.342875417321920395e-02 5.716565065085887909e-03 2.308815717697143555e-03 5.630872678011655807e-03 3.162634326145052910e-03 4.147000145167112350e-03 9.791358374059200287e-03 1.299477275460958481e-02
1.110699027776718140e-03 5.773701705038547516e-03 3.998321294784545898e-02 1.848868653178215027e-02 1.494702417403459549e-02 4.618917126208543777e-03 1.124043855816125870e-02 8.295484185218811035e-01 2.745292847976088524e-03 1.860321685671806335e-02 5.329732783138751984e-03 2.426479710265994072e-03 1.363549474626779556e-02 3.593747969716787338e-03 4.157783463597297668e-02 2.833753637969493866e-02 2.944103255867958069e-02 1.521761622279882431e-02 6.172007415443658829e-03 2.090978808701038361e-02 1.458119973540306091e-02 3.496678173542022705e-02 1.561736501753330231e-02 1.325164269655942917e-02 2.563707344233989716e-02 8.655467070639133453e-03 1.657021790742874146e-02 1.665130630135536194e-02 7.768864743411540985e-04 1.879874803125858307e-02 2.186077646911144257e-02 6.321649532765150070e-03 2.454695478081703186e-02 3.421413153409957886e-02 8.441717363893985748e-03 3.802810609340667725e-02 2.623806707561016083e-02 2.897755242884159088e-02 1.576806418597698212e-02 1.383899617940187454e-02 1.565491594374179840e-02 1.449471339583396912e-02 2.917768806219100952e-02 2.539684250950813293e-02 1.270709559321403503e-02 3.225191612727940083e-04 1.694561913609504700e-02 2.533395029604434967e-02 1.517678331583738327e-02 2.808266691863536835e-02 1.268693991005420685e-02 1.175469020381569862e-03 2.261362969875335693e-02 2.941216155886650085e-02 1.186515111476182938e-02 2.081256546080112457e-02 2.409411221742630005e-02 8.931536227464675903e-03 2.993126772344112396e-02 3.027529083192348480e-02 6.687758956104516983e-03 5.594254005700349808e-03 4.086700268089771271e-03 5.642109550535678864e-03 3.647885518148541451e-03 3.742513712495565414e-03 2.990599721670150757e-02 2.772679366171360016e-02 1.555845607072114944e-02 2.183795347809791565e-02 4.630095208995044231e-04 4.541409201920032501e-03 2.062403364107012749e-03 2.294971235096454620e-02 1.243043225258588791e-03 4.816529690288007259e-04 1.781680807471275330e-02 7.961221039295196533e-03 2.163375960662961006e-03 1.929696591105312109e-04 4.882581904530525208e-02 4.337281361222267151e-02 8.316501043736934662e-03 2.727439627051353455e-03 8.714159950613975525e-03 2.438800409436225891e-02 4.954338446259498596e-02 4.143027216196060181e-02 2.430532686412334442e-02 2.789343008771538734e-03 1.829716749489307404e-02 3.483712673187255859e-02 7.276284508407115936e-03 1.073654182255268097e-02 5.200684536248445511e-03 9.817343205213546753e-03 2.100762352347373962e-02 1.103916671127080917e-02 2.131709456443786621e-02 1.672908663749694824e-02 1.046772813424468040e-03 2.255196869373321533e-02 2.234516665339469910e-03 1.295072841458022594e-03 2.715528942644596100e-02 3.166263550519943237e-02 6.974336225539445877e-03 9.180085733532905579e-03 1.551662478595972061e-02 1.318354066461324692e-02 1.120594795793294907e-03 1.548114512115716934e-02 3.114808723330497742e-02 1.816831342875957489e-02 6.472418550401926041e-03 1.225079060532152653e-03
9.967648424208164215e-03 1.029279828071594238e-02 1.580186374485492706e-02 1.390892080962657928e-02 2.122518792748451233e-02 5.402050446718931198e-03 3.919037524610757828e-03 2.745292847976088524e-03 8.295484185218811035e-01 3.326521068811416626e-02 2.016622945666313171e-02 2.118237130343914032e-02 1.618405058979988098e-02 1.006913743913173676e-02 2.059434726834297180e-02 1.101022958755493164e-02 1.828551851212978363e-02 8.377312682569026947e-03 4.521253984421491623e-03 1.007915753871202469e-02 1.961821317672729492e-02 1.776781119406223297e-02 3.322668746113777161e-02 3.269910067319869995e-02 8.038311265408992767e-03 2.710004523396492004e-02 2.726941742002964020e-02 1.519819349050521851e-02 6.537600886076688766e-03 3.553856862708926201e-03 1.244541816413402557e-02 2.078674733638763428e-02 5.581686273217201233e-03 6.420311518013477325e-03 9.125173091888427734e-03 1.860311254858970642e-02 1.657281629741191864e-02 1.759150624275207520e-02 9.263204410672187805e-03 3.094965778291225433e-02 9.993932209908962250e-03 3.347413614392280579e-02 2.607735432684421539e-02 2.480789087712764740e-02 2.295654453337192535e-02 1.189482212066650391e-02 5.763108842074871063e-03 1.532375533133745193e-02 1.430677622556686401e-02 1.272768992930650711e-02 2.799442224204540253e-02 2.534125931560993195e-02 1.627455092966556549e-02 2.377126365900039673e-02 3.901552781462669373e-02 1.002680696547031403e-02 2.558626234531402588e-02 1.938578672707080841e-02 1.297691650688648224e-02 2.443269826471805573e-02 2.218870446085929871e-02 1.040708087384700775e-02 7.698375266045331955e-03 2.078833058476448059e-02 1.395424548536539078e-02 9.569670073688030243e-03 2.561230910941958427e-03 1.609447970986366272e-02 2.299082279205322266e-02 1.838074182160198689e-03 3.926396835595369339e-03 1.363084558397531509e-02 1.403331290930509567e-02 7.056748494505882263e-03 2.239509485661983490e-02 1.883850432932376862e-02 5.150992423295974731e-02 2.792404964566230774e-02 3.973747789859771729e-02 2.861081808805465698e-02 3.799824509769678116e-03 5.924408789724111557e-03 6.755690556019544601e-03 1.014512684196233749e-02 2.887690439820289612e-02 2.536884136497974396e-02 1.524038705974817276e-02 1.864687167108058929e-02 2.692886069416999817e-02 2.647186256945133209e-02 1.203017309308052063e-02 3.477555466815829277e-03 6.610217504203319550e-03 2.107714861631393433e-02 2.062176726758480072e-02 1.159422099590301514e-02 1.913962536491453648e-03 1.352034229785203934e-02 2.361763827502727509e-02 2.175670117139816284e-02 3.636771067976951599e-02 2.023400925099849701e-02 5.128591437824070454e-04 1.716913282871246338e-02 1.472198311239480972e-02 1.315300818532705307e-02 1.085611991584300995e-03 2.452440094202756882e-03 2.056845277547836304e-02 4.683807957917451859e-03 3.328423947095870972e-02 7.195467595010995865e-03 2.456683479249477386e-02 2.817693166434764862e-02 3.100884519517421722e-02 2.887705713510513306e-02
1.378110609948635101e-02 1.146422233432531357e-02 1.961535308510065079e-03 1.815554127097129822e-02 1.438746787607669830e-02 1.856317161582410336e-03 7.806358858942985535e-03 1.860321685671806335e-02 3.326521068811416626e-02 8.295484185218811035e-01 1.721465028822422028e-02 3.334010485559701920e-03 1.353560853749513626e-02 1.861468306742608547e-03 2.380240149796009064e-02 1.726119033992290497e-02 2.618450298905372620e-02 5.557834170758724213e-03 2.498358488082885742e-02 1.369579602032899857e-02 3.515669843181967735e-03 1.700939796864986420e-02 2.285273745656013489e-02 2.563368156552314758e-02 4.008661024272441864e-03 2.346773631870746613e-02 1.209235843271017075e-02 4.135407507419586182e-03 5.666113924235105515e-03 1.106853689998388290e-02 2.198524773120880127e-02 1.361304521560668945e-02 1.552044134587049484e-02 2.478683553636074066e-02 2.761131711304187775e-02 1.815080642700195312e-02 1.612440124154090881e-02 1.258158031851053238e-02 7.147789467126131058e-03 5.762004759162664413e-03 2.339106425642967224e-02 2.257238700985908508e-02 1.918634772300720215e-02 2.903366088867187500e-02 1.861692219972610474e-02 3.840313479304313660e-02 6.554414518177509308e-03 5.344998091459274292e-03 6.023589055985212326e-03 4.240482300519943237e-02 1.010258309543132782e-02 4.188918683212250471e-04 2.255641482770442963e-02 1.273197866976261139e-02 9.232945740222930908e-03 2.752673067152500153e-02 9.252683259546756744e-03 3.554685413837432861e-02 6.184277124702930450e-03 7.159778848290443420e-03 7.010480854660272598e-03 9.082932025194168091e-03 2.237515710294246674e-02 2.149413339793682098e-02 1.646757870912551880e-02 5.723714362829923630e-03 3.351009683683514595e-03 1.575541310012340546e-02 6.356379017233848572e-03 3.616170026361942291e-03 4.076245706528425217e-03 2.955680899322032928e-02 1.139138545840978622e-02 4.919424187391996384e-03 1.090276800096035004e-02 2.442096173763275146e-02 9.300593519583344460e-04 4.762667044997215271e-02 2.184795401990413666e-02 4.624590650200843811e-02 1.904323138296604156e-02 1.575136370956897736e-02 4.855270031839609146e-03 1.186003629118204117e-02 2.651680447161197662e-02 4.070931300520896912e-02 2.190889790654182434e-02 2.455093339085578918e-02 1.799688488245010376e-02 2.239018306136131287e-02 8.495953865349292755e-03 1.314229797571897507e-02 2.017787843942642212e-02 1.101184077560901642e-02 9.451720863580703735e-03 2.349594794213771820e-02 2.036158181726932526e-02 4.489370621740818024e-03 2.648060955107212067e-02 3.242128342390060425e-02 6.915213540196418762e-03 3.098414652049541473e-02 3.317021066322922707e-03 2.280983462696895003e-04 1.516424305737018585e-02 4.049765877425670624e-03 1.872290112078189850e-02 1.228344533592462540e-02 2.383579500019550323e-02 2.032565325498580933e-02 2.729553915560245514e-02 3.208618611097335815e-02 2.124910429120063782e-02 2.115197107195854187e-02 3.304282948374748230e-02 4.203054681420326233e-02
5.992218479514122009e-02 6.698110699653625488e-02 1.497356407344341278e-02 3.715889528393745422e-02 3.634544089436531067e-02 3.910497948527336121e-02 4.874506965279579163e-02 5.329732783138751984e-03 2.016622945666313171e-02 1.721465028822422028e-02 8.295484185218811035e-01 3.270792774856090546e-03 7.516042143106460571e-02 6.043023429811000824e-03 1.494990661740303040e-02 7.701667491346597672e-03 1.166731305420398712e-02 2.472332492470741272e-02 1.500768121331930161e-02 1.248250715434551239e-02 1.631179242394864559e-03 4.225249402225017548e-03 4.114726092666387558e-03 1.676013926044106483e-03 1.269199419766664505e-02 9.188115363940596581e-04 2.581621054559946060e-03 4.115772899240255356e-03 2.844565361738204956e-02 4.831462632864713669e-03 1.545115094631910324e-02 6.116302683949470520e-03 1.447303034365177155e-02 2.428176579996943474e-03 1.948493905365467072e-02 1.162735000252723694e-02 2.542110625654459000e-03 2.216676436364650726e-02 2.502704784274101257e-02 3.268359228968620300e-02 6.643426604568958282e-04 1.733622513711452484e-02 3.648930229246616364e-03 7.132882717996835709e-03 1.441992726176977158e-02 3.281522542238235474e-02 5.415043979883193970e-02 3.963933140039443970e-02 1.019942015409469604e-02 2.189731225371360779e-02 7.795816753059625626e-03 2.204027026891708374e-03 1.389541290700435638e-02 6.238854490220546722e-03 7.672507315874099731e-03 5.208637565374374390e-03 2.001985907554626465e-03 1.573023200035095215e-02 2.283507399260997772e-02 2.988594584167003632e-02 7.985305041074752808e-03 1.815985701978206635e-02 2.404029294848442078e-02 3.728823736310005188e-02 4.986147955060005188e-02 4.669927433133125305e-02 1.160047017037868500e-03 6.093937903642654419e-03 1.372216641902923584e-02 1.052611041814088821e-02 2.730494178831577301e-02 7.665659300982952118e-03 3.594952449202537537e-02 1.319056749343872070e-02 3.758142516016960144e-02 1.729348115622997284e-02 8.840415626764297485e-03 3.421352012082934380e-03 6.125864572823047638e-03 9.291144087910652161e-03 1.154556404799222946e-02 1.382596418261528015e-02 2.529917843639850616e-02 3.065610304474830627e-02 1.478774659335613251e-02 1.950346492230892181e-02 1.303500309586524963e-02 3.048584563657641411e-03 3.053326392546296120e-03 7.661262061446905136e-03 4.750032722949981689e-02 2.667598240077495575e-02 3.745666705071926117e-03 2.489594742655754089e-02 5.532261915504932404e-03 4.627391695976257324e-03 7.362887728959321976e-03 1.834994181990623474e-02 1.638445770367980003e-03 1.289878564421087503e-04 2.456856193020939827e-03 3.837581025436520576e-03 3.624789416790008545e-03 8.348552510142326355e-03 7.734655402600765228e-03 7.464431226253509521e-03 6.003491580486297607e-03 2.336177416145801544e-02 3.563684877008199692e-03 8.299766341224312782e-04 1.102438848465681076e-02 8.536836132407188416e-03 1.462454628199338913e-02 1.886576972901821136e-02 1.112599275074899197e-03 2.652926836162805557e-03
8.702630177140235901e-03 1.405658852308988571e-02 1.087430212646722794e-02 1.192400883883237839e-02 1.682952605187892914e-02 3.511815145611763000e-02 2.590429596602916718e-02 2.426479710265994072e-03 2.118237130343914032e-02 3.334010485559701920e-03 3.270792774856090546e-03 8.295484185218811035e-01 1.152975577861070633e-02 8.499224483966827393e-02 6.705692037940025330e-03 5.759187042713165283e-03 3.888070350512862206e-03 1.497467514127492905e-02 1.076690107583999634e-02 2.946257591247558594e-03 1.175213605165481567e-03 1.016273908317089081e-02 2.727613039314746857e-02 2.542585693299770355e-02 1.567756873555481434e-03 1.100563630461692810e-02 1.695987582206726074e-02 6.560737639665603638e-02 2.045640349388122559e-02 6.716805696487426758e-02 1.388139557093381882e-02 1.763555780053138733e-02 1.996985077857971191e-02 1.172738120658323169e-04 3.583510965108871460e-02 1.766918785870075226e-02 1.094166282564401627e-02 5.516126751899719238e-03 9.391155326738953590e-04 1.929572783410549164e-02 1.441732887178659439e-02 1.795659959316253662e-02 1.343256141990423203e-02 2.070562355220317841e-02 2.117292955517768860e-02 8.106481283903121948e-03 7.056018337607383728e-03 7.015870884060859680e-03 2.401794679462909698e-02 1.175739988684654236e-02 1.519281137734651566e-02 1.055578235536813736e-02 1.878810115158557892e-02 1.121776737272739410e-02 1.213707309216260910e-02 1.709700003266334534e-02 3.489519655704498291e-02 1.463348791003227234e-02 1.676880009472370148e-02 5.579800345003604889e-03 1.583236455917358398e-02 6.463999394327402115e-03 3.577753528952598572e-02 2.504594437777996063e-02 6.863441318273544312e-03 6.884790491312742233e-03 2.070634393021464348e-03 6.543396739289164543e-04 2.110636048018932343e-02 9.027036838233470917e-03 3.007942624390125275e-02 2.452820353209972382e-02 5.597799372480949387e-06 1.069531589746475220e-02 8.882730267941951752e-03 2.976180985569953918e-02 3.872419521212577820e-02 3.775553032755851746e-02 2.361554466187953949e-02 1.730727776885032654e-02 1.248990558087825775e-02 9.466337971389293671e-03 2.819572389125823975e-02 2.514792978763580322e-02 5.807123146951198578e-03 3.628693753853440285e-03 4.405392333865165710e-03 1.977514009922742844e-03 5.930441617965698242e-02 4.495347291231155396e-02 2.345983870327472687e-03 1.015081163495779037e-02 1.284431107342243195e-02 2.520920149981975555e-02 1.418206281960010529e-02 6.017021834850311279e-03 1.945137791335582733e-02 1.691005751490592957e-02 8.094983175396919250e-03 2.077086130157113075e-03 8.580311201512813568e-03 1.045641861855983734e-02 1.388009078800678253e-02 2.576610259711742401e-02 2.205878961831331253e-03 8.731061097932979465e-05 6.311137112788856030e-04 7.465734612196683884e-03 3.144366899505257607e-03 1.522593200206756592e-02 8.578191511332988739e-03 3.563325852155685425e-02 9.731687605381011963e-03 1.063501555472612381e-02 6.841245107352733612e-03 3.968482371419668198e-03
6.475502997636795044e-02 7.127313315868377686e-02 1.416013296693563461e-02 2.603033557534217834e-02 2.515455149114131927e-02 5.372045934200286865e-02 5.974999070167541504e-02 1.363549474626779556e-02 1.618405058979988098e-02 1.353560853749513626e-02 7.516042143106460571e-02 1.152975577861070633e-02 8.295484185218811035e-01 1.650550216436386108e-02 1.932599843712523580e-05 1.349990908056497574e-02 1.251554302871227264e-02 1.372429728507995605e-02 5.327855236828327179e-03 1.926832646131515503e-02 1.116229034960269928e-02 2.100689336657524109e-02 4.237397108227014542e-03 1.029600016772747040e-02 2.122100442647933960e-02 1.965257572010159492e-03 9.090228006243705750e-03 1.370192319154739380e-02 2.326931618154048920e-02 1.418515294790267944e-02 1.658644760027527809e-03 1.979239983484148979e-03 2.168697491288185120e-02 9.207402355968952179e-03 1.549445092678070068e-02 5.426073912531137466e-03 1.381938066333532333e-02 9.877697564661502838e-03 2.023671753704547882e-02 2.552465163171291351e-02 3.459084313362836838e-03 3.865657141432166100e-03 9.332057088613510132e-03 5.030327476561069489e-03 7.500780746340751648e-03 1.937725953757762909e-02 6.131785362958908081e-02 4.403130710124969482e-02 3.207327332347631454e-03 1.004762947559356689e-02 1.269826572388410568e-02 2.668909030035138130e-03 2.140998095273971558e-02 1.133074611425399780e-02 8.766397833824157715e-03 6.235997192561626434e-03 6.563621107488870621e-03 1.980033516883850098e-02 2.796203643083572388e-02 3.083683550357818604e-02 9.448492899537086487e-03 1.126786693930625916e-02 2.585417218506336212e-02 3.071518801152706146e-02 4.927208274602890015e-02 6.024535745382308960e-02 1.306961011141538620e-02 5.823844578117132187e-03 1.827159710228443146e-02 2.192727552028372884e-04 2.268755808472633362e-02 7.873040623962879181e-03 2.764644660055637360e-02 5.566845182329416275e-03 2.662514708936214447e-02 1.508303359150886536e-02 9.822729974985122681e-03 4.984316881746053696e-03 4.540171939879655838e-03 5.264598410576581955e-03 8.007293567061424255e-03 9.882543236017227173e-03 1.414277125149965286e-02 1.762945950031280518e-02 1.508024893701076508e-02 1.154659967869520187e-02 1.664785854518413544e-02 1.487783621996641159e-02 1.556036411784589291e-03 7.477656472474336624e-03 4.886983335018157959e-02 3.430061042308807373e-02 1.320896483957767487e-02 3.352456167340278625e-02 1.482157967984676361e-03 2.613783814013004303e-03 9.465558454394340515e-03 1.585514098405838013e-02 9.072324028238654137e-04 1.620773924514651299e-03 3.235783660784363747e-03 3.336415858939290047e-03 3.701881039887666702e-03 7.493479177355766296e-03 1.562529616057872772e-02 1.218766812235116959e-02 9.001525118947029114e-03 2.105537988245487213e-02 9.685567580163478851e-03 1.044297497719526291e-02 6.406598724424839020e-03 2.254162449389696121e-03 1.008691149763762951e-03 6.162078119814395905e-03 3.533747512847185135e-03 3.079578280448913574e-03
