8.444541096687316895e-01 5.063879862427711487e-02 5.566099192947149277e-03 6.122239399701356888e-03 1.237408258020877838e-02 4.498401284217834473e-02 3.761333227157592773e-02 2.256294153630733490e-02 1.589854247868061066e-02 6.362358573824167252e-03 5.273948982357978821e-02 3.174510225653648376e-02 4.716135933995246887e-02 3.122843243181705475e-02 3.234773874282836914e-02 9.683373384177684784e-03 5.489631090313196182e-03 2.007481828331947327e-02 7.748325355350971222e-03 7.184425834566354752e-03 1.378986425697803497e-02 3.169265016913414001e-02 1.004285551607608795e-02 1.151124015450477600e-02 1.473537553101778030e-02 1.169624924659729004e-02 2.899949811398983002e-02 2.250817045569419861e-02 1.185519341379404068e-02 2.101326361298561096e-02 6.341154221445322037e-03 1.814032904803752899e-02 2.024207450449466705e-02 1.544107310473918915e-02 7.099959068000316620e-03 8.212957764044404030e-04 7.168147247284650803e-03 2.775060012936592102e-02 2.029836177825927734e-02 2.111883368343114853e-03 2.076133899390697479e-02 1.555792242288589478e-02 5.982089322060346603e-03 1.266772672533988953e-02 1.522214151918888092e-02 1.219287328422069550e-02 4.613617062568664551e-02 3.758313134312629700e-02 1.840077526867389679e-02 5.020808894187211990e-03 8.786302059888839722e-03 1.218172442167997360e-02 5.459311883896589279e-03 2.744566882029175758e-03 2.040023356676101685e-02 6.692633964121341705e-03 1.712879724800586700e-02 2.570840343832969666e-02 2.478138729929924011e-02 2.191526815295219421e-02 9.512600488960742950e-03 7.351634092628955841e-03 2.163022570312023163e-02 8.298597298562526703e-03 2.875155583024024963e-02 2.096047811210155487e-02 1.058271271176636219e-03 1.532636955380439758e-02 2.241558954119682312e-02 2.582271397113800049e-02 2.454959601163864136e-02 2.381836250424385071e-02 1.176685746759176254e-02 2.988767251372337341e-02 2.530965255573391914e-03 2.356372028589248657e-02 2.167159505188465118e-02 1.478031184524297714e-02 8.975361473858356476e-03 2.234605606645345688e-03 1.299964357167482376e-02 2.339048223802819848e-04 2.114120498299598694e-02 1.165572926402091980e-02 1.027347333729267120e-02 6.302332039922475815e-03 2.879021130502223969e-02 2.214765362441539764e-02 9.498526342213153839e-03 1.198787894099950790e-02 4.470619186758995056e-02 3.208170086145401001e-02 3.196784853935241699e-02 2.593277394771575928e-02 1.819958724081516266e-02 1.825736463069915771e-02 2.983767725527286530e-02 2.356546744704246521e-02 3.661449300125241280e-03 6.359242834150791168e-03 1.552275381982326508e-02 1.575050293467938900e-03 2.972235903143882751e-02 2.952687442302703857e-02 1.444125175476074219e-02 4.547717981040477753e-03 2.629471942782402039e-03 1.736309193074703217e-02 7.817824371159076691e-03 1.642367430031299591e-02 2.347604371607303619e-02 2.317425236105918884e-02 1.647981815040111542e-03 3.127287141978740692e-03 1.361302006989717484e-02 7.283630315214395523e-03
5.063879862427711487e-02 8.444541096687316895e-01 3.948224708437919617e-03 1.017162343487143517e-03 1.658247411251068115e-02 4.327965527772903442e-02 4.030556604266166687e-02 2.079063095152378082e-02 1.902179606258869171e-02 3.202502382919192314e-03 4.879284650087356567e-02 3.006063960492610931e-02 4.715079814195632935e-02 3.519499674439430237e-02 3.242403268814086914e-02 1.492896210402250290e-02 1.261222362518310547e-02 2.535195089876651764e-02 4.568177741020917892e-03 7.782438769936561584e-03 6.370191927999258041e-03 3.577350825071334839e-02 1.058820914477109909e-02 1.590814255177974701e-02 8.255927823483943939e-03 1.486109383404254913e-02 3.140098601579666138e-02 1.582691818475723267e-02 1.719293929636478424e-02 1.961912028491497040e-02 1.290262956172227859e-02 2.131651714444160461e-02 2.013718523085117340e-02 1.108469627797603607e-02 6.070879753679037094e-03 3.041820134967565536e-03 1.356082968413829803e-02 3.173947334289550781e-02 1.988960988819599152e-02 7.759669329971075058e-03 2.671167626976966858e-02 1.254947483539581299e-02 1.050015725195407867e-02 1.411531586199998856e-02 1.657754369080066681e-02 1.566882617771625519e-02 4.544695094227790833e-02 4.251357167959213257e-02 1.685473881661891937e-02 6.852367892861366272e-03 1.140841189771890640e-02 8.426792919635772705e-03 4.165900172665715218e-04 6.268455763347446918e-04 2.237675525248050690e-02 4.862677305936813354e-03 1.216067001223564148e-02 2.891266532242298126e-02 2.397858910262584686e-02 2.219187282025814056e-02 1.626017875969409943e-02 7.677579298615455627e-03 2.455401420593261719e-02 9.360948577523231506e-03 3.245520964264869690e-02 2.611591853201389313e-02 3.189786220900714397e-04 1.166290324181318283e-02 2.758963406085968018e-02 2.635507844388484955e-02 3.011370636522769928e-02 2.464425563812255859e-02 8.090533316135406494e-03 2.960118465125560760e-02 2.975434996187686920e-03 2.372881025075912476e-02 2.398162893950939178e-02 2.023961022496223450e-02 9.607564657926559448e-03 7.802383974194526672e-03 1.335505675524473190e-02 3.784906584769487381e-03 2.492336928844451904e-02 4.967693239450454712e-03 6.851598154753446579e-03 1.666380837559700012e-02 3.157417848706245422e-02 2.694935165345668793e-02 5.744910798966884613e-03 1.677303388714790344e-02 4.338201135396957397e-02 3.567897900938987732e-02 3.748345375061035156e-02 3.026381321251392365e-02 5.837836768478155136e-03 1.039557252079248428e-02 2.991317026317119598e-02 2.363963052630424500e-02 3.379236906766891479e-03 9.785549715161323547e-03 1.687827333807945251e-02 3.004247089847922325e-03 3.200607374310493469e-02 3.064541891217231750e-02 1.568565517663955688e-02 1.061102011590264738e-04 8.468549698591232300e-03 1.398079376667737961e-02 1.982903340831398964e-03 2.106921374797821045e-02 2.705004625022411346e-02 2.774936147034168243e-02 1.955799089046195149e-04 5.917716305702924728e-03 1.686048507690429688e-02 9.577290154993534088e-03
5.566099192947149277e-03 3.948224708437919617e-03 8.444541096687316895e-01 2.891512960195541382e-02 7.974644191563129425e-03 3.892234060913324356e-03 5.735666025429964066e-03 6.520778685808181763e-02 2.375903166830539703e-02 2.149853110313415527e-02 1.363395340740680695e-02 1.372792851179838181e-02 1.090854406356811523e-02 1.311785820871591568e-02 1.400878187268972397e-02 3.561297897249460220e-03 3.593173460103571415e-04 5.640781484544277191e-03 8.622344466857612133e-04 5.191070027649402618e-03 8.457464282400906086e-04 4.275044426321983337e-03 5.068243481218814850e-03 5.285630933940410614e-03 1.582056470215320587e-02 1.873220317065715790e-02 5.390002392232418060e-03 2.926413202658295631e-03 1.551624760031700134e-02 6.326579488813877106e-03 1.764076016843318939e-02 3.128203796222805977e-03 7.665852550417184830e-03 8.330759592354297638e-03 1.504777092486619949e-02 2.048303559422492981e-02 2.852902561426162720e-02 2.761159325018525124e-03 4.298655316233634949e-03 1.657177321612834930e-02 3.125012444797903299e-04 1.658930256962776184e-02 1.740430109202861786e-02 4.119469784200191498e-03 2.658378565683960915e-03 1.832092553377151489e-02 3.415018552914261818e-03 5.153756355866789818e-04 2.098981291055679321e-02 2.221423201262950897e-02 2.651852928102016449e-02 1.236532535403966904e-02 8.218906819820404053e-03 3.155448287725448608e-02 2.654929412528872490e-03 1.856670901179313660e-02 2.421776577830314636e-02 4.366683773696422577e-03 8.291869424283504486e-03 1.351999212056398392e-02 9.950967505574226379e-03 1.838228479027748108e-02 4.739560186862945557e-03 8.498665411025285721e-04 2.165980869904160500e-03 5.383453797549009323e-03 1.992479711771011353e-02 1.010581292212009430e-02 8.826150558888912201e-03 2.303694607689976692e-03 1.867451705038547516e-02 8.440541569143533707e-05 1.382805407047271729e-02 1.485973317176103592e-02 8.478482253849506378e-03 5.684529896825551987e-03 1.554136443883180618e-02 3.444791585206985474e-02 1.619953289628028870e-02 7.272477727383375168e-03 7.091768085956573486e-02 5.533184111118316650e-02 1.474968623369932175e-02 1.605224097147583961e-04 1.109542045742273331e-02 9.305614046752452850e-03 2.785469405353069305e-02 1.808606460690498352e-02 7.798057980835437775e-03 7.821504957973957062e-03 1.665679505094885826e-03 1.627852767705917358e-02 9.375110268592834473e-03 8.220489136874675751e-03 2.180757373571395874e-02 8.386137895286083221e-03 1.927090063691139221e-02 5.367776378989219666e-03 9.874540381133556366e-03 4.861087538301944733e-03 6.021955516189336777e-03 5.287366919219493866e-03 1.005993131548166275e-02 1.883496181108057499e-03 1.016103848814964294e-02 5.836721975356340408e-04 7.996873930096626282e-03 3.715567290782928467e-02 2.197735570371150970e-02 2.379037067294120789e-02 8.866093121469020844e-03 2.228028373792767525e-03 1.034520193934440613e-02 1.821593008935451508e-02 1.456565875560045242e-02 2.187369577586650848e-02
6.122239399701356888e-03 1.017162343487143517e-03 2.891512960195541382e-02 8.444541096687316895e-01 4.473425447940826416e-02 3.987953066825866699e-03 2.007376402616500854e-03 2.659846795722842216e-03 1.083470508456230164e-02 1.424864027649164200e-02 1.857835915870964527e-03 7.869699038565158844e-04 8.577561937272548676e-03 2.192414598539471626e-03 1.627007126808166504e-02 8.030180819332599640e-03 3.784781787544488907e-03 6.446123588830232620e-03 8.383202366530895233e-03 1.337238121777772903e-02 1.988861337304115295e-02 2.224116772413253784e-02 1.840786426328122616e-03 5.267396569252014160e-03 3.502992168068885803e-02 2.124179899692535400e-02 2.510804682970046997e-02 1.881613209843635559e-02 2.181190252304077148e-02 8.790594525635242462e-03 3.077735938131809235e-02 5.050164647400379181e-03 2.511624619364738464e-02 6.574828643351793289e-03 1.856802590191364288e-02 2.692619152367115021e-02 2.407383732497692108e-02 2.088890969753265381e-02 2.342501468956470490e-02 3.835996612906455994e-02 1.654382050037384033e-02 2.562215179204940796e-02 1.368346810340881348e-02 2.671950031071901321e-03 1.505986507982015610e-02 1.163091044872999191e-02 4.435582552105188370e-03 3.613325767219066620e-03 1.733046770095825195e-02 1.255190931260585785e-03 7.193118333816528320e-03 1.862445613369345665e-03 1.585463620722293854e-02 2.561736851930618286e-02 7.662273943424224854e-03 1.678539067506790161e-02 1.369173824787139893e-02 1.456023426726460457e-03 1.277662115171551704e-03 2.592777274549007416e-02 5.794914904981851578e-03 1.054186373949050903e-02 2.417664416134357452e-02 2.549295313656330109e-04 1.458336506038904190e-02 1.776311732828617096e-02 1.186253596097230911e-02 2.041240967810153961e-02 2.773658372461795807e-03 7.221878506243228912e-03 1.851183362305164337e-02 2.015568874776363373e-02 4.371733218431472778e-02 2.555098617449402809e-03 4.893257841467857361e-02 2.356484346091747284e-02 2.854518825188279152e-03 2.358311973512172699e-02 1.004363968968391418e-02 9.301208890974521637e-03 1.079386658966541290e-02 8.913322351872920990e-03 6.127725820988416672e-03 9.692857041954994202e-03 7.334034424275159836e-03 4.310891032218933105e-03 6.811946164816617966e-03 1.285179518163204193e-02 1.447743084281682968e-02 1.255859853699803352e-03 4.777580499649047852e-03 7.598786614835262299e-03 1.593392714858055115e-02 1.942954771220684052e-02 4.416675120592117310e-02 2.943218126893043518e-02 8.185349404811859131e-03 2.502079308032989502e-02 1.103265490382909775e-02 8.285331539809703827e-03 1.439784560352563858e-02 1.318030059337615967e-02 3.089996054768562317e-03 2.146340347826480865e-02 1.964453421533107758e-02 3.128147125244140625e-02 2.468548901379108429e-02 2.497191540896892548e-02 2.441410720348358154e-02 1.917382329702377319e-02 5.766788497567176819e-03 1.397345773875713348e-02 1.586980931460857391e-02 1.176012959331274033e-02 9.935892187058925629e-03 8.113422431051731110e-03
1.237408258020877838e-02 1.658247411251068115e-02 7.974644191563129425e-03 4.473425447940826416e-02 8.444541096687316895e-01 9.383545257151126862e-03 1.348523516207933426e-02 9.705912088975310326e-04 5.120725370943546295e-03 1.111022103577852249e-02 4.874602425843477249e-03 8.424432948231697083e-03 3.883524041157215834e-04 5.255019757896661758e-03 3.249926725402474403e-03 4.849338904023170471e-03 1.368922274559736252e-02 1.826998032629489899e-02 4.433392081409692764e-03 3.272342495620250702e-03 1.508112438023090363e-02 4.821589216589927673e-03 1.272027846425771713e-03 2.821986796334385872e-03 2.140522748231887817e-02 5.574291106313467026e-03 1.162539888173341751e-02 3.123937174677848816e-03 2.572483150288462639e-03 1.871357904747128487e-03 1.059448067098855972e-02 7.236791425384581089e-04 8.713304996490478516e-03 1.134721096605062485e-03 9.771831333637237549e-03 2.618082799017429352e-02 2.033696137368679047e-02 6.894818507134914398e-03 9.850390255451202393e-03 3.216206282377243042e-02 6.821550428867340088e-03 9.301181882619857788e-03 7.321713492274284363e-03 4.458762239664793015e-03 2.539419755339622498e-02 1.972731761634349823e-02 1.311107259243726730e-02 1.198884285986423492e-02 4.806815180927515030e-03 6.134836003184318542e-03 3.391788527369499207e-02 3.859748318791389465e-02 2.684961509658023715e-05 2.883915416896343231e-02 1.440239837393164635e-03 2.367859892547130585e-02 1.940017752349376678e-02 1.295113377273082733e-02 7.504377048462629318e-03 1.043785735964775085e-02 1.761495880782604218e-02 1.724882237613201141e-02 1.847989670932292938e-02 3.680858016014099121e-02 8.077792823314666748e-03 1.452785544097423553e-02 2.577301114797592163e-02 3.435065504163503647e-03 2.146795205771923065e-02 1.707293465733528137e-02 1.748005300760269165e-02 6.065058987587690353e-03 4.100821539759635925e-02 5.605294834822416306e-03 6.546103209257125854e-02 5.589252803474664688e-03 9.399590082466602325e-03 7.066400256007909775e-03 1.364722661674022675e-02 1.186606008559465408e-02 9.860766120254993439e-03 1.598480506800115108e-03 1.179892942309379578e-02 2.607384324073791504e-02 1.742978394031524658e-02 6.884751375764608383e-03 1.039621070958673954e-03 4.645752254873514175e-03 1.116884592920541763e-02 7.338360883295536041e-03 1.809444092214107513e-02 5.873959977179765701e-03 1.088798046112060547e-02 1.507256878539919853e-03 3.734995797276496887e-02 2.766587957739830017e-02 6.074740551412105560e-03 5.722000729292631149e-03 6.349231116473674774e-03 8.059058338403701782e-03 2.385564707219600677e-02 3.403909131884574890e-02 1.284174714237451553e-02 7.365885190665721893e-03 1.425058208405971527e-02 1.346991304308176041e-02 2.936131693422794342e-02 2.487290091812610626e-02 3.587519749999046326e-02 1.005524769425392151e-02 9.424302726984024048e-03 1.277917996048927307e-02 1.380428485572338104e-02 1.764753274619579315e-02 3.660686546936631203e-03 1.955018937587738037e-02
4.498401284217834473e-02 4.327965527772903442e-02 3.892234060913324356e-03 3.987953066825866699e-03 9.383545257151126862e-03 8.444541096687316895e-01 5.200082808732986450e-02 1.617020927369594574e-02 2.268924005329608917e-02 1.092511322349309921e-02 4.710071906447410583e-02 3.304159268736839294e-02 4.128235206007957458e-02 3.872379660606384277e-02 2.500998228788375854e-02 9.681941010057926178e-03 9.774692356586456299e-03 1.925068907439708710e-02 8.892702753655612469e-04 1.174694206565618515e-02 4.525297321379184723e-03 3.446539491415023804e-02 1.810838468372821808e-02 2.531574107706546783e-02 9.604736231267452240e-03 1.399092655628919601e-02 2.817438915371894836e-02 3.423634544014930725e-02 1.781100407242774963e-02 3.711860626935958862e-02 1.232019253075122833e-02 2.429127134382724762e-02 1.639592088758945465e-02 2.585805486887693405e-03 1.798811485059559345e-03 6.736119976267218590e-04 8.297779597342014313e-03 2.784541249275207520e-02 2.112279646098613739e-02 1.095611229538917542e-02 2.029288746416568756e-02 1.993078924715518951e-02 1.607265137135982513e-02 1.408330071717500687e-02 1.577951759099960327e-02 1.193935703486204147e-02 4.895544797182083130e-02 4.064036905765533447e-02 1.804660074412822723e-02 4.423839505761861801e-03 1.917834579944610596e-02 1.277687959372997284e-02 1.417708676308393478e-02 1.146255061030387878e-02 2.044050395488739014e-02 4.290291108191013336e-04 7.711851038038730621e-03 1.927984133362770081e-02 2.258211374282836914e-02 1.539789419621229172e-02 3.188668517395853996e-03 1.666650548577308655e-02 1.498518511652946472e-02 2.010350348427891731e-03 3.207013383507728577e-02 2.409205026924610138e-02 7.860348559916019440e-03 9.117733687162399292e-03 1.910841278731822968e-02 2.513297833502292633e-02 1.542190276086330414e-02 2.319482900202274323e-02 2.454322995617985725e-03 3.338116779923439026e-02 8.180312812328338623e-03 2.460501901805400848e-02 1.585868559777736664e-02 1.813029684126377106e-02 1.359813380986452103e-02 1.472118403762578964e-02 9.357878006994724274e-03 2.693626098334789276e-03 2.314059436321258545e-02 3.799148835241794586e-03 1.503312401473522186e-02 1.867422275245189667e-02 2.469051443040370941e-02 2.351792342960834503e-02 1.637720502912998199e-02 1.224921643733978271e-02 3.667821735143661499e-02 3.350905328989028931e-02 2.923905104398727417e-02 2.731289528310298920e-02 2.944243373349308968e-03 5.139306187629699707e-03 3.245868906378746033e-02 2.703137323260307312e-02 1.671336032450199127e-02 1.846187561750411987e-02 1.679656654596328735e-02 3.614140732679516077e-04 3.183615952730178833e-02 2.986835129559040070e-02 1.004760060459375381e-02 6.730567663908004761e-03 1.766907051205635071e-02 6.899410800542682409e-05 3.350644139572978020e-03 9.969973005354404449e-03 1.689250394701957703e-02 1.617778837680816650e-02 3.102777292951941490e-03 5.608982406556606293e-03 1.845239661633968353e-02 5.936496891081333160e-03
3.761333227157592773e-02 4.030556604266166687e-02 5.735666025429964066e-03 2.007376402616500854e-03 1.348523516207933426e-02 5.200082808732986450e-02 8.444541096687316895e-01 1.335535850375890732e-02 2.741217426955699921e-02 1.800933293998241425e-02 4.214276745915412903e-02 3.121286071836948395e-02 3.747537732124328613e-02 4.019563645124435425e-02 2.152715995907783508e-02 1.094580534845590591e-02 1.458388008177280426e-02 2.255676873028278351e-02 6.793799344450235367e-03 1.163854263722896576e-02 5.489027127623558044e-03 3.463227301836013794e-02 1.902386732399463654e-02 3.019466996192932129e-02 7.108638994395732880e-03 1.652769558131694794e-02 2.956871129572391510e-02 3.004659526050090790e-02 1.370819192379713058e-02 3.725612536072731018e-02 1.149144954979419708e-02 2.492500841617584229e-02 1.471582241356372833e-02 2.430138178169727325e-03 2.145297592505812645e-03 1.560720738780219108e-05 9.418446570634841919e-03 2.968836948275566101e-02 1.990561559796333313e-02 1.293664518743753433e-02 2.302737161517143250e-02 2.006679959595203400e-02 1.787182502448558807e-02 1.496872957795858383e-02 1.650183089077472687e-02 1.111448742449283600e-02 4.523958265781402588e-02 4.029588401317596436e-02 1.673082262277603149e-02 6.257550790905952454e-03 2.252116240561008453e-02 1.124568469822406769e-02 1.474173180758953094e-02 1.298983395099639893e-02 2.149367704987525940e-02 1.219234545715153217e-03 6.065837573260068893e-03 1.966106705367565155e-02 2.172335796058177948e-02 1.502574607729911804e-02 6.522784940898418427e-03 1.991449669003486633e-02 1.438492536544799805e-02 2.734813606366515160e-03 2.977255545556545258e-02 2.364335767924785614e-02 1.066943351179361343e-02 3.333824686706066132e-03 2.016512304544448853e-02 2.265983819961547852e-02 1.488925237208604813e-02 2.235364913940429688e-02 9.208668954670429230e-03 3.232878446578979492e-02 1.325633283704519272e-02 2.261832170188426971e-02 1.772264949977397919e-02 2.185456268489360809e-02 1.870213821530342102e-02 2.340868860483169556e-02 1.037706714123487473e-02 6.761355791240930557e-03 2.490478008985519409e-02 1.027069520205259323e-02 1.555238012224435806e-02 2.537382766604423523e-02 2.213198319077491760e-02 2.322068810462951660e-02 1.355242170393466949e-02 1.951622404158115387e-02 3.342640399932861328e-02 3.240226209163665771e-02 2.926684170961380005e-02 2.822072617709636688e-02 1.042443700134754181e-02 3.928218036890029907e-03 2.942381240427494049e-02 2.400812320411205292e-02 1.754059828817844391e-02 2.089389972388744354e-02 1.343794073909521103e-02 3.754955949261784554e-03 3.209929913282394409e-02 2.839398942887783051e-02 1.176117919385433197e-02 6.938322912901639938e-03 1.682988740503787994e-02 2.223192248493432999e-03 5.735301412642002106e-03 8.889636024832725525e-03 1.752996072173118591e-02 1.733473688364028931e-02 5.561640020459890366e-03 4.973124247044324875e-03 1.888904720544815063e-02 5.042153410613536835e-03
2.256294153630733490e-02 2.079063095152378082e-02 6.520778685808181763e-02 2.659846795722842216e-03 9.705912088975310326e-04 1.617020927369594574e-02 1.335535850375890732e-02 8.444541096687316895e-01 9.707314893603324890e-03 3.792938776314258575e-03 2.190069854259490967e-02 1.550085376948118210e-02 2.678569965064525604e-02 2.179958485066890717e-02 4.222534224390983582e-02 8.450643159449100494e-03 1.908965036273002625e-02 1.604888774454593658e-02 6.667529698461294174e-03 2.129170484840869904e-02 2.199487760663032532e-02 2.229519933462142944e-02 1.569706387817859650e-02 1.582181453704833984e-02 7.229565177112817764e-03 4.644648637622594833e-03 2.528143301606178284e-02 3.380548732820898294e-04 6.528155878186225891e-03 8.299765177071094513e-03 1.087689027190208435e-02 2.475150540703907609e-05 9.560428559780120850e-03 2.145067788660526276e-02 8.635771460831165314e-03 1.435554306954145432e-02 1.089446246623992920e-02 1.478490792214870453e-02 1.248572766780853271e-02 9.950722567737102509e-03 1.724689640104770660e-02 2.819058485329151154e-03 3.793251700699329376e-03 1.386318076401948929e-02 7.419794797897338867e-03 9.783964604139328003e-03 1.759476587176322937e-02 1.787598803639411926e-02 3.565313993021845818e-03 1.271168515086174011e-02 8.936055935919284821e-03 1.043327525258064270e-02 9.687945246696472168e-03 2.284635417163372040e-02 1.513142883777618408e-02 1.068984903395175934e-02 4.779484588652849197e-03 2.499328553676605225e-02 3.353601496201008558e-04 2.626626193523406982e-02 9.396039880812168121e-03 3.068139543756842613e-03 1.103839837014675140e-02 1.155781373381614685e-02 1.454684138298034668e-02 2.286620251834392548e-02 4.370677750557661057e-03 2.468661032617092133e-02 8.884458802640438080e-03 2.485412918031215668e-02 1.067899819463491440e-02 2.340554818511009216e-02 8.336338214576244354e-03 2.139674872159957886e-02 2.796363784000277519e-03 2.054079622030258179e-02 1.572002656757831573e-02 1.714324951171875000e-02 4.100635997019708157e-04 3.337251720950007439e-03 6.456253677606582642e-02 4.679918661713600159e-02 1.472749002277851105e-02 1.056828070431947708e-02 6.218046415597200394e-03 2.684087085071951151e-04 4.643351584672927856e-02 3.797193989157676697e-02 1.678114640526473522e-03 1.029440853744745255e-02 1.885157264769077301e-02 3.133665770292282104e-02 2.294916287064552307e-02 2.898799255490303040e-02 1.164758950471878052e-02 9.942669421434402466e-04 2.528757974505424500e-02 2.124737016856670380e-02 9.218799881637096405e-03 1.835728436708450317e-02 1.017644754028879106e-04 2.640021033585071564e-03 2.078745700418949127e-02 2.077484689652919769e-02 1.022544223815202713e-02 1.482340157963335514e-04 1.116534229367971420e-03 4.629649920389056206e-04 2.686084248125553131e-03 1.901584863662719727e-02 1.858686096966266632e-02 1.458870433270931244e-02 4.506560042500495911e-03 3.664032323285937309e-03 2.004124782979488373e-02 3.141790255904197693e-02
1.589854247868061066e-02 1.902179606258869171e-02 2.375903166830539703e-02 1.083470508456230164e-02 5.120725370943546295e-03 2.268924005329608917e-02 2.741217426955699921e-02 9.707314893603324890e-03 8.444541096687316895e-01 3.913707286119461060e-02 1.274431217461824417e-02 3.554913401603698730e-02 9.565618820488452911e-03 2.939105778932571411e-02 5.655329441651701927e-04 2.144625410437583923e-02 1.940874196588993073e-02 4.486879706382751465e-02 9.672421030700206757e-03 1.064509432762861252e-02 1.539393141865730286e-02 1.033320371061563492e-02 2.946343086659908295e-02 3.789095208048820496e-02 2.837918233126401901e-03 2.330776676535606384e-02 1.351688243448734283e-02 5.563023965805768967e-03 1.854453422129154205e-02 4.178317263722419739e-03 1.947146467864513397e-02 3.457654640078544617e-02 6.787375081330537796e-03 1.263766735792160034e-02 8.801888674497604370e-03 8.117508143186569214e-03 5.823494400829076767e-03 1.407902035862207413e-02 5.651441402733325958e-03 9.526526555418968201e-03 8.187004365026950836e-03 3.358580544590950012e-02 1.398723851889371872e-02 1.377864927053451538e-02 2.385965175926685333e-02 4.569137468934059143e-03 1.647870987653732300e-02 2.159924805164337158e-02 1.920178532600402832e-02 4.580793436616659164e-03 1.733147473714780062e-05 7.201968692243099213e-03 3.206433355808258057e-02 1.383191347122192383e-02 3.724452480673789978e-02 1.385100302286446095e-03 1.851887442171573639e-02 1.685405522584915161e-02 1.744981855154037476e-02 4.062749794684350491e-04 1.990217156708240509e-02 3.032516874372959137e-02 4.688467015512287617e-04 1.656996272504329681e-02 9.601999190635979176e-04 2.600365784019231796e-03 2.882190421223640442e-02 6.065468769520521164e-04 3.275329619646072388e-02 7.605663035064935684e-03 1.093042176216840744e-02 1.273310184478759766e-02 1.888939004857093096e-04 1.730986498296260834e-02 8.354043588042259216e-03 8.131914772093296051e-03 5.061367899179458618e-02 3.866015747189521790e-02 5.840498954057693481e-02 3.681542351841926575e-02 1.459234673529863358e-02 1.460270676761865616e-02 4.496046528220176697e-02 1.867301948368549347e-02 3.972062468528747559e-02 3.354593366384506226e-02 1.217125076800584793e-02 1.809790544211864471e-02 3.423375636339187622e-02 2.786715701222419739e-02 1.589079760015010834e-02 1.390219107270240784e-02 1.175382919609546661e-02 1.692367531359195709e-02 1.074785739183425903e-02 2.184039767598733306e-04 2.160661621019244194e-03 8.597875013947486877e-03 2.623754926025867462e-02 1.772898808121681213e-02 2.845444343984127045e-02 4.570537712424993515e-03 9.157811291515827179e-03 1.107264589518308640e-02 4.223989322781562805e-03 2.051788009703159332e-02 1.853127218782901764e-02 6.733783986419439316e-03 1.991612836718559265e-02 1.121727190911769867e-02 3.279816126450896263e-03 8.194942027330398560e-03 2.061128802597522736e-02 8.377266116440296173e-03 1.570911845192313194e-04 8.063198067247867584e-03
6.362358573824167252e-03 3.202502382919192314e-03 2.149853110313415527e-02 1.424864027649164200e-02 1.111022103577852249e-02 1.092511322349309921e-02 1.800933293998241425e-02 3.792938776314258575e-03 3.913707286119461060e-02 8.444541096687316895e-01 1.722954097203910351e-03 1.370879635214805603e-02 7.121133618056774139e-03 1.897073525469750166e-05 2.217796631157398224e-02 2.697723684832453728e-03 2.818784676492214203e-02 7.786355912685394287e-03 6.303265690803527832e-02 3.622797876596450806e-02 2.476825006306171417e-02 7.822910323739051819e-03 5.474234931170940399e-03 3.256723284721374512e-02 1.326353941112756729e-02 1.365049369633197784e-02 3.537500509992241859e-03 2.053927630186080933e-02 1.160433981567621231e-02 1.981051452457904816e-02 2.654931694269180298e-02 2.711489237844944000e-02 2.796939760446548462e-02 4.371393099427223206e-02 1.237774081528186798e-02 9.514166973531246185e-03 5.532555282115936279e-03 3.252642927691340446e-03 5.919808521866798401e-03 1.719848951324820518e-03 6.839862558990716934e-03 2.338392287492752075e-02 1.683723367750644684e-02 9.507849812507629395e-03 3.000210737809538841e-03 4.065095912665128708e-03 3.584422520361840725e-04 3.545362036675214767e-03 4.158531315624713898e-03 4.048117995262145996e-02 3.736472921445965767e-03 7.458706852048635483e-03 4.027898982167243958e-02 2.414093166589736938e-02 8.726249448955059052e-03 3.346606716513633728e-02 2.012537419795989990e-02 1.020530611276626587e-02 5.162107292562723160e-03 1.068806368857622147e-02 1.658036187291145325e-02 8.263735100626945496e-03 3.252814710140228271e-02 2.581671252846717834e-02 8.116052486002445221e-03 1.463905256241559982e-02 4.262650758028030396e-02 1.046938914805650711e-02 5.643161479383707047e-03 6.253649014979600906e-03 9.157560765743255615e-03 7.384865079075098038e-03 3.463483974337577820e-02 1.887487992644309998e-02 1.704936847090721130e-02 8.167290128767490387e-03 4.498442634940147400e-03 4.504821822047233582e-02 3.674036636948585510e-02 6.861779838800430298e-02 2.623932436108589172e-03 3.676980966702103615e-03 1.200485695153474808e-02 4.264891892671585083e-02 3.231259807944297791e-02 3.829422965645790100e-02 9.337812662124633789e-03 1.837103045545518398e-03 1.156033575534820557e-02 4.199122637510299683e-02 6.334488745778799057e-03 3.584715072065591812e-03 7.282796781510114670e-03 3.449392272159457207e-03 2.378406934440135956e-02 5.579538177698850632e-03 1.548542547971010208e-02 1.642682589590549469e-03 3.527162596583366394e-02 3.096647374331951141e-02 4.490089137107133865e-03 7.957566995173692703e-04 5.618565250188112259e-03 2.992865163832902908e-03 2.302046492695808411e-02 1.130810379981994629e-02 3.968610428273677826e-03 3.065124340355396271e-02 7.885144092142581940e-03 2.571120858192443848e-02 5.777396261692047119e-03 1.443860866129398346e-02 5.400112830102443695e-03 4.141481127589941025e-03 3.718124469742178917e-03 1.815654337406158447e-02
5.273948982357978821e-02 4.879284650087356567e-02 1.363395340740680695e-02 1.857835915870964527e-03 4.874602425843477249e-03 4.710071906447410583e-02 4.214276745915412903e-02 2.190069854259490967e-02 1.274431217461824417e-02 1.722954097203910351e-03 8.444541096687316895e-01 2.854480035603046417e-02 5.244076251983642578e-02 3.467363864183425903e-02 3.098948299884796143e-02 8.881545625627040863e-03 1.271354220807552338e-02 9.961924515664577484e-03 5.752557888627052307e-03 1.816476508975028992e-02 1.128547079861164093e-02 3.176479414105415344e-02 1.270319242030382156e-02 2.015428990125656128e-02 1.659387163817882538e-02 1.117428299039602280e-02 2.391604706645011902e-02 1.952007412910461426e-02 1.461794413626194000e-02 2.546857483685016632e-02 1.931680948473513126e-03 2.201244980096817017e-02 1.579720713198184967e-02 1.067071408033370972e-02 1.993473852053284645e-03 3.279278753325343132e-03 6.718855351209640503e-03 2.585493773221969604e-02 2.004222013056278229e-02 6.332889664918184280e-03 1.902750320732593536e-02 1.266612112522125244e-02 1.217750087380409241e-02 1.378405373543500900e-02 1.383618265390396118e-02 1.303486898541450500e-02 4.691913351416587830e-02 3.805713728070259094e-02 8.575786836445331573e-03 9.788502007722854614e-03 1.269899122416973114e-02 5.399352870881557465e-03 5.131702637299895287e-04 7.401743787340819836e-04 1.293451059609651566e-02 1.002276595681905746e-02 3.336266090627759695e-04 1.730691641569137573e-02 2.370782941579818726e-02 1.942087337374687195e-02 1.244099112227559090e-03 7.494689896702766418e-03 1.887184381484985352e-02 5.880002863705158234e-03 3.701741993427276611e-02 2.309125475585460663e-02 8.618395775556564331e-03 1.557924970984458923e-02 1.756277494132518768e-02 2.049970626831054688e-02 2.549223788082599640e-02 1.714992523193359375e-02 3.178936894983053207e-03 2.293511480093002319e-02 1.298269256949424744e-03 1.738638803362846375e-02 1.002867706120014191e-02 1.946423575282096863e-02 6.250656209886074066e-03 8.869594894349575043e-03 1.527237705886363983e-02 4.198193084448575974e-03 1.668053306639194489e-02 3.394659608602523804e-03 5.978821776807308197e-03 8.752120658755302429e-03 3.161500394344329834e-02 2.400662377476692200e-02 2.208838239312171936e-02 6.338826846331357956e-03 3.993563726544380188e-02 3.720605373382568359e-02 2.705221995711326599e-02 2.496863342821598053e-02 7.688472047448158264e-03 1.136019453406333923e-02 3.095565736293792725e-02 1.875506341457366943e-02 5.274273455142974854e-03 1.619615778326988220e-02 1.712851040065288544e-02 5.626247730106115341e-03 3.162248432636260986e-02 2.651590667665004730e-02 1.213147770613431931e-02 2.277044113725423813e-04 5.737984087318181992e-03 2.179015427827835083e-03 6.064453627914190292e-03 1.303023938089609146e-02 2.192239463329315186e-02 2.010405249893665314e-02 3.958933986723423004e-03 3.133385209366679192e-03 1.804670691490173340e-02 1.068249624222517014e-02
3.174510225653648376e-02 3.006063960492610931e-02 1.372792851179838181e-02 7.869699038565158844e-04 8.424432948231697083e-03 3.304159268736839294e-02 3.121286071836948395e-02 1.550085376948118210e-02 3.554913401603698730e-02 1.370879635214805603e-02 2.854480035603046417e-02 8.444541096687316895e-01 3.036205284297466278e-02 5.219741165637969971e-02 2.663390897214412689e-02 1.264611072838306427e-02 3.772584488615393639e-03 3.253958746790885925e-02 3.214973956346511841e-02 9.399515576660633087e-03 3.701837267726659775e-03 2.500754594802856445e-02 1.642858795821666718e-02 1.238556765019893646e-02 2.693341579288244247e-03 1.258939784020185471e-02 1.222576666623353958e-02 3.279027715325355530e-02 1.663758233189582825e-02 3.218378871679306030e-02 7.559307385236024857e-03 9.654486551880836487e-03 1.903523132205009460e-02 2.142395637929439545e-02 2.600774168968200684e-03 4.174090921878814697e-03 5.237214732915163040e-03 1.145440153777599335e-02 1.575263962149620056e-02 1.969634182751178741e-02 1.196869183331727982e-02 1.078155357390642166e-02 2.276955405250191689e-03 2.168402262032032013e-02 3.453541174530982971e-02 6.156283896416425705e-03 2.957836166024208069e-02 2.606480382382869720e-02 1.149425003677606583e-02 3.324574977159500122e-02 1.440779585391283035e-02 5.329254548996686935e-03 5.969134508632123470e-04 6.546215736307203770e-04 2.911158651113510132e-02 2.248773537576198578e-02 2.436987869441509247e-02 2.904050052165985107e-02 3.436583653092384338e-02 1.944423653185367584e-02 1.808150485157966614e-02 3.697601333260536194e-02 1.964713446795940399e-02 1.452655531466007233e-03 1.456979196518659592e-02 9.344260208308696747e-03 4.313776735216379166e-03 1.385566312819719315e-02 2.913997322320938110e-02 6.927395588718354702e-05 2.036260999739170074e-02 2.170906029641628265e-02 2.562473900616168976e-02 1.151766441762447357e-02 7.281814701855182648e-03 1.989554055035114288e-02 4.420029371976852417e-02 1.791545003652572632e-02 3.155490383505821228e-02 4.255636129528284073e-03 1.928574964404106140e-02 1.622360572218894958e-02 4.082998633384704590e-02 4.902325104922056198e-03 2.444037981331348419e-02 2.810885198414325714e-03 2.575289644300937653e-02 2.412703074514865875e-02 2.600046433508396149e-02 7.783716544508934021e-03 2.738595008850097656e-02 2.367605827748775482e-02 2.115662209689617157e-02 2.078317664563655853e-02 8.214899338781833649e-03 1.267694402486085892e-02 2.923079999163746834e-03 1.658812351524829865e-02 7.503160741180181503e-03 6.833646446466445923e-03 2.120973728597164154e-02 4.450374748557806015e-03 1.219268236309289932e-02 1.630621403455734253e-02 8.437093347311019897e-03 1.549593172967433929e-02 2.025942504405975342e-02 5.227847723290324211e-04 1.907176151871681213e-02 8.050391450524330139e-03 7.420809473842382431e-03 2.120732702314853668e-02 8.305736817419528961e-03 7.903429679572582245e-03 6.476970389485359192e-03 1.727871783077716827e-02
4.716135933995246887e-02 4.715079814195632935e-02 1.090854406356811523e-02 8.577561937272548676e-03 3.883524041157215834e-04 4.128235206007957458e-02 3.747537732124328613e-02 2.678569965064525604e-02 9.565618820488452911e-03 7.121133618056774139e-03 5.244076251983642578e-02 3.036205284297466278e-02 8.444541096687316895e-01 3.649857267737388611e-02 3.867178782820701599e-02 1.044187042862176895e-02 9.688320569694042206e-03 1.409747172147035599e-02 1.074707321822643280e-02 7.267771288752555847e-03 5.759623833000659943e-03 3.667461872100830078e-02 3.580794902518391609e-03 1.043351367115974426e-02 1.495619025081396103e-02 1.355223823338747025e-02 2.866839617490768433e-02 1.718404889106750488e-02 1.975660771131515503e-02 2.540057152509689331e-02 1.876151189208030701e-02 1.877191476523876190e-02 1.943027973175048828e-02 1.670804806053638458e-02 3.504939610138535500e-03 1.562775461934506893e-03 7.891242392361164093e-03 2.715401723980903625e-02 2.446243353188037872e-02 5.538269877433776855e-03 2.653188072144985199e-02 1.078094355762004852e-02 8.025922812521457672e-03 1.587516441941261292e-02 2.185643836855888367e-02 1.765774190425872803e-02 4.334138333797454834e-02 3.845208883285522461e-02 1.470745727419853210e-02 1.489666639827191830e-03 8.220525458455085754e-03 1.000614720396697521e-03 3.267545020207762718e-03 4.649836104363203049e-03 1.884859614074230194e-02 2.012544311583042145e-03 5.902750417590141296e-03 2.175845950841903687e-02 2.224618382751941681e-02 2.521863579750061035e-02 8.270437829196453094e-03 6.757545750588178635e-03 2.031558379530906677e-02 4.645905923098325729e-03 3.401103988289833069e-02 3.030144423246383667e-02 4.545412026345729828e-03 1.876458339393138885e-02 1.863338425755500793e-02 2.850924059748649597e-02 2.557041682302951813e-02 2.465306036174297333e-02 1.313730981200933456e-02 2.469095587730407715e-02 1.048692315816879272e-02 2.312723174691200256e-02 1.309601869434118271e-02 1.830564066767692566e-02 4.974003415554761887e-03 1.751108211465179920e-04 1.781839691102504730e-02 1.007378473877906799e-02 2.297824434936046600e-02 9.545017965137958527e-04 7.357929833233356476e-03 3.863773774355649948e-03 3.594714030623435974e-02 2.981088869273662567e-02 1.533844694495201111e-02 9.110881015658378601e-03 3.839514404535293579e-02 3.959988802671432495e-02 3.581331297755241394e-02 3.225011005997657776e-02 1.854187622666358948e-02 1.124810520559549332e-02 3.033757582306861877e-02 2.325532771646976471e-02 1.780667109414935112e-03 8.545265533030033112e-03 1.309381518512964249e-02 5.193898105062544346e-04 2.992869913578033447e-02 3.088204748928546906e-02 1.209354959428310394e-02 3.778945654630661011e-03 9.862616658210754395e-03 1.873855944722890854e-03 1.694477214186917990e-05 1.889876648783683777e-02 2.556667104363441467e-02 2.473052032291889191e-02 1.833316870033740997e-03 5.771378520876169205e-03 1.750396564602851868e-02 1.703791320323944092e-02
