8.264608383178710938e-01 9.398747235536575317e-02 8.751168847084045410e-03 1.924987696111202240e-02 1.377233862876892090e-02 5.267976224422454834e-02 3.409099206328392029e-02 2.610518131405115128e-03 1.652447879314422607e-02 1.351906172931194305e-02 5.069399997591972351e-02 6.599118001759052277e-03 4.603083804249763489e-02 2.383929677307605743e-03 2.044282853603363037e-02 1.321191620081663132e-02 1.327826362103223801e-02 8.903637528419494629e-03 9.119271300733089447e-03 7.780994288623332977e-03 9.559784084558486938e-03 1.217116788029670715e-02 5.930474959313869476e-03 1.054637134075164795e-02 8.374920114874839783e-03 6.327467039227485657e-03 8.453711867332458496e-03 1.500341668725013733e-02 3.489787876605987549e-02 1.309554558247327805e-02 3.361268341541290283e-02 2.909180184360593557e-04 1.127600762993097305e-02 4.067677538841962814e-03 9.673090651631355286e-03 1.395950466394424438e-02 6.690560257993638515e-04 1.605760678648948669e-02 1.878884993493556976e-02 2.083721943199634552e-02 3.910438623279333115e-03 2.154446206986904144e-02 1.812197268009185791e-02 7.912864908576011658e-03 8.598618209362030029e-03 1.244360581040382385e-03 3.952906280755996704e-02 2.860754914581775665e-02 7.339786272495985031e-03 2.482271008193492889e-02 5.313803907483816147e-03 5.658762995153665543e-03 1.825539767742156982e-02 2.444278262555599213e-02 5.964181385934352875e-03 8.139103651046752930e-03 2.530751517042517662e-03 1.315216161310672760e-02 2.528022276237607002e-03 5.444699432700872421e-03 1.636854931712150574e-02 3.291449043899774551e-03 1.347669400274753571e-02 3.384574502706527710e-02 2.534210309386253357e-02 1.993855461478233337e-02 9.232309646904468536e-03 1.180044841021299362e-03 5.251130205579102039e-04 1.110302377492189407e-02 9.771207347512245178e-03 2.313363924622535706e-02 8.392939344048500061e-03 2.075551636517047882e-02 1.200172211974859238e-02 3.441096469759941101e-02 1.127371564507484436e-02 6.091951858252286911e-03 1.254966575652360916e-02 6.741439923644065857e-03 1.365543063730001450e-02 2.009883522987365723e-03 2.589209750294685364e-02 2.689439803361892700e-03 4.067086614668369293e-03 1.064289972418919206e-04 1.235975045710802078e-02 7.597144227474927902e-03 5.607891827821731567e-03 1.950724236667156219e-02 3.469387441873550415e-02 1.059705577790737152e-02 3.772023320198059082e-02 3.764434251934289932e-03 1.945240050554275513e-02 9.952920489013195038e-03 4.764541052281856537e-03 2.768505550920963287e-02 1.239898428320884705e-02 1.690646819770336151e-02 1.630029990337789059e-03 9.824578650295734406e-03 4.863447044044733047e-03 1.270938105881214142e-02 2.969346381723880768e-02 3.015713021159172058e-02 3.158551175147294998e-03 4.259379638824611902e-04 3.819579491391777992e-03 3.663878655061125755e-03 8.380304090678691864e-03 1.434993837028741837e-02 8.076470694504678249e-04 4.069849848747253418e-03 2.062073163688182831e-02 2.187600918114185333e-02
9.398747235536575317e-02 8.264608383178710938e-01 6.898174993693828583e-03 1.151913963258266449e-02 2.195420820498839021e-04 5.707553401589393616e-02 4.158987849950790405e-02 1.829257351346313953e-03 2.561745233833789825e-02 4.828067496418952942e-03 4.781682416796684265e-02 8.434009738266468048e-03 5.257239565253257751e-02 9.468105854466557503e-04 1.860452070832252502e-02 9.720294736325740814e-03 1.194395963102579117e-02 4.202086944133043289e-03 1.130276173353195190e-02 1.213209331035614014e-02 3.077627625316381454e-03 1.139964535832405090e-02 1.013198867440223694e-02 9.706761687994003296e-03 8.914929814636707306e-03 2.151519525796175003e-03 3.192317672073841095e-03 2.259653992950916290e-02 3.257526084780693054e-02 1.615178398787975311e-02 3.048522956669330597e-02 6.552540231496095657e-03 1.197189278900623322e-02 1.368143479339778423e-03 7.274520117789506912e-03 1.900011673569679260e-02 6.631844211369752884e-03 1.147590298205614090e-02 1.774803735315799713e-02 1.018531341105699539e-02 1.072759740054607391e-02 1.494898367673158646e-02 1.712508313357830048e-02 7.594801136292517185e-04 3.273966256529092789e-03 9.788601659238338470e-03 3.993573412299156189e-02 3.073110803961753845e-02 6.313386838883161545e-03 2.349416725337505341e-02 1.871345681138336658e-03 1.856758317444473505e-04 1.237421482801437378e-02 1.590518094599246979e-02 1.788003428373485804e-04 2.189529361203312874e-03 9.324294514954090118e-03 7.783337496221065521e-03 2.664968778844922781e-04 4.645404871553182602e-03 1.159070059657096863e-02 1.922785118222236633e-02 1.604607701301574707e-02 3.253989294171333313e-02 2.286604046821594238e-02 2.106855995953083038e-02 2.905753906816244125e-03 1.294652000069618225e-02 8.849124424159526825e-03 2.495554648339748383e-02 3.705599345266819000e-03 3.364244848489761353e-02 7.662785355933010578e-04 2.746509015560150146e-02 2.354877506149932742e-04 3.952676057815551758e-02 1.862031407654285431e-02 3.768484573811292648e-03 1.084283087402582169e-02 4.609421361237764359e-03 8.622759021818637848e-03 3.826307656709104776e-04 1.740383170545101166e-02 6.414762698113918304e-03 3.508883062750101089e-03 2.201099880039691925e-03 1.121576316654682159e-02 1.089221052825450897e-02 1.166497357189655304e-02 2.120949514210224152e-02 3.189603984355926514e-02 1.972305122762918472e-03 3.805034980177879333e-02 2.165115904062986374e-03 1.342308335006237030e-02 7.039641961455345154e-03 1.294711977243423462e-02 3.243269771337509155e-02 1.574861444532871246e-02 1.443154644221067429e-02 6.653661785094300285e-06 2.588986186310648918e-03 1.005623303353786469e-02 1.511535886675119400e-02 2.768387645483016968e-02 2.758403308689594269e-02 9.169458411633968353e-03 4.715855233371257782e-03 1.510897534899413586e-03 8.658714359626173973e-04 9.744114242494106293e-03 1.734111830592155457e-02 5.065241828560829163e-03 5.570829845964908600e-03 3.112673759460449219e-02 2.230127900838851929e-02
8.751168847084045410e-03 6.898174993693828583e-03 8.264608383178710938e-01 1.115259435027837753e-02 2.070874907076358795e-02 1.459163054823875427e-02 1.325241848826408386e-02 4.374437779188156128e-02 8.096959441900253296e-03 7.826087065041065216e-03 1.428245939314365387e-02 2.871794626116752625e-02 9.914558380842208862e-03 4.261649027466773987e-02 1.200489047914743423e-02 3.493122523650527000e-03 1.119951531291007996e-02 1.167604979127645493e-02 5.126444739289581776e-05 9.263774380087852478e-03 1.901826122775673866e-03 1.604337990283966064e-02 5.403192713856697083e-03 1.068469602614641190e-02 1.636244996916502714e-04 2.201302908360958099e-02 1.865548081696033478e-03 3.175884485244750977e-02 8.143911138176918030e-03 3.188274055719375610e-02 8.416042663156986237e-03 5.989527329802513123e-03 7.572992239147424698e-03 5.122459493577480316e-03 4.629588220268487930e-03 3.864517435431480408e-02 2.850390970706939697e-02 3.687205724418163300e-03 1.437812577933073044e-03 5.083858966827392578e-03 1.148811355233192444e-02 8.711990900337696075e-03 1.376177533529698849e-03 5.834341421723365784e-02 5.822929553687572479e-03 1.135822385549545288e-02 8.220558054745197296e-03 1.349686272442340851e-02 4.684111569076776505e-03 1.112650055438280106e-02 3.106025280430912971e-03 4.198188427835702896e-03 5.743140820413827896e-03 1.139697342296130955e-04 3.205739427357912064e-03 1.457232702523469925e-02 2.775198966264724731e-02 2.616231516003608704e-02 2.313834801316261292e-02 3.022771561518311501e-03 1.328936312347650528e-02 1.062895264476537704e-02 6.002181209623813629e-03 1.104176416993141174e-02 2.240610541775822639e-03 2.353366697207093239e-03 1.583801349624991417e-03 1.899975351989269257e-03 1.126950513571500778e-02 5.982630886137485504e-03 2.349014766514301300e-02 1.553377602249383926e-03 1.280654128640890121e-02 1.006345171481370926e-02 1.361238770186901093e-02 5.980136920697987080e-04 3.003974212333559990e-03 8.176181465387344360e-03 4.884392023086547852e-03 1.035054121166467667e-02 6.467247754335403442e-02 2.189952321350574493e-02 2.491305582225322723e-03 3.934214822947978973e-03 1.140641514211893082e-02 1.476756669580936432e-02 1.802841201424598694e-02 1.734100095927715302e-02 2.083422429859638214e-02 3.283349052071571350e-02 1.600773632526397705e-02 7.687448989599943161e-03 1.952899619936943054e-02 1.016249973326921463e-02 2.282998757436871529e-03 2.459568902850151062e-03 9.354488924145698547e-03 2.652431794558651745e-05 1.286594849079847336e-02 1.474891789257526398e-02 3.429325297474861145e-03 7.016674615442752838e-03 9.789142757654190063e-03 1.094118319451808929e-02 1.731626107357442379e-03 1.614138670265674591e-02 9.726555086672306061e-03 1.001494564116001129e-02 2.516581676900386810e-02 9.974298067390918732e-03 4.300324991345405579e-02 1.726886443793773651e-02 4.231876693665981293e-03 4.128910135477781296e-03 3.209219500422477722e-02 6.631138268858194351e-03
1.924987696111202240e-02 1.151913963258266449e-02 1.115259435027837753e-02 8.264608383178710938e-01 6.216990947723388672e-02 4.981487523764371872e-03 1.473083533346652985e-02 6.246032193303108215e-03 2.210225909948348999e-02 2.591107226908206940e-02 5.717420717701315880e-04 1.008055452257394791e-02 5.896568298339843750e-03 6.455169059336185455e-03 2.151145599782466888e-02 2.530396357178688049e-02 1.989477500319480896e-02 1.003075577318668365e-02 2.696327166631817818e-03 1.026090583764016628e-03 1.944778673350811005e-02 1.125120650976896286e-02 7.341212127357721329e-03 1.392899360507726669e-02 9.687558485893532634e-05 1.188221853226423264e-02 4.666478373110294342e-03 2.395977638661861420e-02 9.896183386445045471e-03 1.589362509548664093e-02 1.308723352849483490e-02 1.156673580408096313e-02 3.257007524371147156e-02 1.627957634627819061e-02 3.058288246393203735e-02 5.163682159036397934e-03 1.925437711179256439e-03 1.151254586875438690e-02 5.183976516127586365e-02 5.688878521323204041e-02 3.655184525996446609e-03 5.781074985861778259e-03 1.567260734736919403e-02 1.698123849928379059e-02 2.192430198192596436e-03 4.316980019211769104e-03 1.165569201111793518e-02 7.166317198425531387e-03 6.347117014229297638e-03 2.517069689929485321e-02 3.220942616462707520e-02 2.488574385643005371e-02 3.870603442192077637e-02 3.745492547750473022e-02 5.652028601616621017e-03 3.902575746178627014e-02 3.051849268376827240e-02 1.767951063811779022e-02 3.596270456910133362e-02 3.335079178214073181e-02 7.298022508621215820e-03 1.691637001931667328e-02 2.960699610412120819e-02 2.581802755594253540e-02 1.493611279875040054e-02 1.010217797011137009e-02 2.502181194722652435e-02 1.381288003176450729e-02 1.125681400299072266e-02 9.199977852404117584e-03 8.399378508329391479e-03 6.053813267499208450e-03 3.470070660114288330e-02 2.829512581229209900e-03 2.931440435349941254e-02 1.119455602020025253e-02 3.575106617063283920e-03 1.002439297735691071e-02 1.807084307074546814e-02 2.449709735810756683e-02 9.061885997653007507e-03 1.811517588794231415e-02 2.494055591523647308e-02 4.380914382636547089e-03 6.283696275204420090e-03 2.363641001284122467e-02 4.820456262677907944e-03 1.578591763973236084e-02 2.107675001025199890e-02 1.515067648142576218e-03 8.953672833740711212e-03 1.481720595620572567e-03 3.170900046825408936e-03 8.294035680592060089e-03 2.937916480004787445e-02 9.065639227628707886e-03 6.697899661958217621e-03 5.575860850512981415e-03 5.014316178858280182e-03 2.113696886226534843e-03 9.097608737647533417e-03 5.220546852797269821e-03 3.852984169498085976e-03 7.890610024333000183e-03 2.926378697156906128e-02 3.666349872946739197e-02 1.713904179632663727e-02 2.031979151070117950e-02 1.287452317774295807e-02 2.457443252205848694e-02 1.969379140064120293e-03 1.101365126669406891e-02 3.030611388385295868e-02 2.350698970258235931e-02 3.901201533153653145e-03 6.124256644397974014e-03
1.377233862876892090e-02 2.195420820498839021e-04 2.070874907076358795e-02 6.216990947723388672e-02 8.264608383178710938e-01 1.487851794809103012e-02 2.721490152180194855e-02 3.943828865885734558e-03 1.887030713260173798e-02 6.145252846181392670e-03 9.604383260011672974e-03 1.282612327486276627e-02 1.140019111335277557e-02 1.607899740338325500e-02 1.227253302931785583e-02 1.776215806603431702e-02 2.086907625198364258e-02 3.541564941406250000e-02 4.725397005677223206e-02 2.256661280989646912e-02 7.422652561217546463e-04 1.037277001887559891e-02 1.099354494363069534e-02 1.408850494772195816e-02 1.036964450031518936e-02 5.875540897250175476e-03 3.184935543686151505e-03 1.119514275342226028e-02 1.219701301306486130e-02 1.469683554023504257e-02 1.031642034649848938e-02 6.626979913562536240e-03 1.208603661507368088e-02 2.313202712684869766e-03 9.424037300050258636e-03 1.917731016874313354e-02 1.645955070853233337e-02 1.515605207532644272e-02 4.536014422774314880e-02 5.933870375156402588e-02 2.997871115803718567e-02 6.827275734394788742e-03 1.348200533539056778e-02 5.889774765819311142e-03 1.346086896955966949e-02 2.836109511554241180e-02 1.844003982841968536e-02 1.842227019369602203e-02 1.170899625867605209e-02 1.460030209273099899e-02 2.145765721797943115e-02 1.781726814806461334e-02 2.493588440120220184e-02 1.827642880380153656e-02 1.747689209878444672e-02 1.693167164921760559e-02 1.396397501230239868e-02 8.517662063241004944e-03 1.950383745133876801e-02 2.979003824293613434e-02 1.824313588440418243e-02 1.246539410203695297e-03 1.938249543309211731e-02 1.995176635682582855e-02 1.720069162547588348e-02 1.653903536498546600e-02 2.568616066128015518e-03 4.244759038556367159e-04 2.901152474805712700e-03 5.473717581480741501e-03 3.707526411744765937e-05 6.290351506322622299e-03 5.648278445005416870e-02 2.503369469195604324e-03 6.471094489097595215e-02 4.051946452818810940e-04 5.414936691522598267e-03 5.081948358565568924e-03 7.761548738926649094e-03 9.202982764691114426e-04 1.547642238438129425e-02 1.971817761659622192e-02 5.114845186471939087e-02 5.340072885155677795e-02 1.730288192629814148e-02 2.258575148880481720e-02 4.408984910696744919e-03 2.270276891067624092e-03 6.683233659714460373e-04 9.427784942090511322e-03 9.684800170361995697e-03 1.422364078462123871e-02 8.975600823760032654e-03 5.773639306426048279e-03 2.116501517593860626e-02 2.605106309056282043e-02 7.545683067291975021e-03 6.439809221774339676e-04 2.831337042152881622e-03 3.182364394888281822e-03 7.153980899602174759e-03 1.609084568917751312e-02 1.136937085539102554e-02 3.602481679990887642e-03 4.434311762452125549e-03 1.523029152303934097e-02 9.153771214187145233e-03 1.853051595389842987e-02 1.960671320557594299e-02 2.298956923186779022e-02 2.145588630810379982e-03 1.398554537445306778e-02 2.168724127113819122e-02 1.807659305632114410e-02 4.862773697823286057e-03 9.717069915495812893e-04
5.267976224422454834e-02 5.707553401589393616e-02 1.459163054823875427e-02 4.981487523764371872e-03 1.487851794809103012e-02 8.264608383178710938e-01 6.195863708853721619e-02 1.326880650594830513e-03 8.640391752123832703e-03 3.680440597236156464e-03 5.342914536595344543e-02 2.263564430177211761e-02 5.606351047754287720e-02 2.052152343094348907e-02 1.027365401387214661e-02 1.030077878385782242e-02 1.431394182145595551e-02 4.648039117455482483e-03 1.153174228966236115e-02 7.620743475854396820e-03 2.131195506080985069e-03 1.451060175895690918e-02 3.518246114253997803e-03 2.485329983755946159e-03 1.440149731934070587e-02 1.450797636061906815e-02 7.385234348475933075e-03 1.631087972782552242e-03 4.894934967160224915e-02 3.816877724602818489e-03 4.624576866626739502e-02 3.093754174187779427e-03 5.143578164279460907e-03 5.820443388074636459e-03 8.745369501411914825e-03 3.005283698439598083e-02 2.044521458446979523e-02 1.657699793577194214e-02 4.525830503553152084e-03 1.756968535482883453e-02 1.340683642774820328e-02 1.011713314801454544e-02 2.270120382308959961e-02 6.419097073376178741e-03 3.150511160492897034e-02 3.263055160641670227e-02 6.014666333794593811e-02 5.506719648838043213e-02 8.550603874027729034e-03 8.226183243095874786e-03 2.245315909385681152e-02 2.633766829967498779e-02 8.297944441437721252e-03 5.271212663501501083e-03 1.282299030572175980e-02 1.795048080384731293e-02 6.799376569688320160e-03 2.527435496449470520e-02 2.118117734789848328e-02 2.119830064475536346e-02 6.916735786944627762e-03 1.446878351271152496e-02 8.110542781651020050e-03 1.664845831692218781e-02 4.031280800700187683e-02 4.006262868642807007e-02 9.268218651413917542e-03 9.469578042626380920e-03 1.748766191303730011e-02 1.478839293122291565e-02 1.310668606311082840e-02 1.600744202733039856e-02 7.814803160727024078e-03 2.385317906737327576e-02 9.195955470204353333e-03 2.183039672672748566e-02 2.190167549997568130e-03 9.930070489645004272e-03 7.990620099008083344e-03 1.029663439840078354e-02 4.965366329997777939e-03 2.347685582935810089e-02 2.909783972427248955e-03 6.252868566662073135e-03 1.802585757104679942e-04 6.780812516808509827e-03 2.458606660366058350e-02 3.408192470669746399e-02 2.260316978208720684e-04 6.348334252834320068e-03 5.547910928726196289e-02 1.794470846652984619e-02 5.536250770092010498e-02 2.020264975726604462e-02 1.665248349308967590e-02 1.962681300938129425e-02 2.933565760031342506e-03 7.485963869839906693e-03 1.319265691563487053e-03 2.896288060583174229e-04 9.017009288072586060e-03 6.297927815467119217e-03 1.284530013799667358e-02 9.758593514561653137e-03 2.766993129625916481e-03 5.832897964864969254e-03 1.284561119973659515e-03 1.814163289964199066e-02 8.082173764705657959e-03 1.873248629271984100e-02 7.314876653254032135e-03 1.171392505057156086e-03 2.688679099082946777e-02 2.987958863377571106e-02 1.938184723258018494e-02 1.363823842257261276e-02
3.409099206328392029e-02 4.158987849950790405e-02 1.325241848826408386e-02 1.473083533346652985e-02 2.721490152180194855e-02 6.195863708853721619e-02 8.264608383178710938e-01 1.542814727872610092e-02 9.109186939895153046e-03 3.706421004608273506e-03 5.387477576732635498e-02 1.725935004651546478e-02 5.475434288382530212e-02 2.568357437849044800e-02 7.780584506690502167e-03 4.652263596653938293e-03 7.330262567847967148e-03 6.249077850952744484e-04 2.379094995558261871e-02 1.305449171923100948e-03 9.763331036083400249e-04 8.182629011571407318e-03 2.622834290377795696e-04 7.918054237961769104e-03 1.233887765556573868e-02 1.492802426218986511e-02 6.214561872184276581e-03 7.674600929021835327e-04 5.552627146244049072e-02 4.545261617749929428e-04 5.388319864869117737e-02 4.221783019602298737e-03 7.017166353762149811e-03 1.118459971621632576e-03 8.472697809338569641e-03 2.658520825207233429e-02 1.823130249977111816e-02 1.577802933752536774e-02 1.471732370555400848e-02 2.451830916106700897e-02 1.938898116350173950e-02 1.088148681446909904e-03 2.244549058377742767e-02 3.745808964595198631e-03 3.696411103010177612e-02 4.211036115884780884e-02 6.349639594554901123e-02 5.998638272285461426e-02 1.537489704787731171e-02 1.390666607767343521e-02 3.357542306184768677e-02 4.026054963469505310e-02 4.888518713414669037e-03 6.355315912514925003e-03 1.986997574567794800e-02 1.233401522040367126e-02 1.313574891537427902e-02 3.011945262551307678e-02 1.486002746969461441e-02 2.269347384572029114e-02 8.608167991042137146e-03 6.332455202937126160e-03 1.012829039245843887e-02 3.829101566225290298e-03 4.503095895051956177e-02 4.801745712757110596e-02 8.554877713322639465e-03 5.571192596107721329e-03 2.179383859038352966e-02 3.079400630667805672e-03 1.517910603433847427e-02 8.922602981328964233e-03 1.003050338476896286e-02 1.051242649555206299e-02 2.025390975177288055e-02 1.496372371912002563e-02 9.534421376883983612e-03 1.201799418777227402e-02 7.886175997555255890e-03 4.398597870022058487e-03 6.751206237822771072e-03 2.833656780421733856e-02 7.963371463119983673e-03 1.631057262420654297e-02 2.466187346726655960e-03 7.196304854005575180e-03 2.722905389964580536e-02 2.900066785514354706e-02 1.067573111504316330e-02 7.137307897210121155e-03 5.575773119926452637e-02 1.615844480693340302e-02 5.678189173340797424e-02 1.685836166143417358e-02 1.243407092988491058e-02 9.545949287712574005e-03 6.879640277475118637e-03 3.043704899027943611e-03 5.730577977374196053e-04 2.639501122757792473e-03 8.986128494143486023e-03 4.099101293832063675e-03 1.181087270379066467e-02 6.575237028300762177e-03 2.868054900318384171e-03 3.699754830449819565e-03 2.053258009254932404e-03 2.116972766816616058e-02 1.125211920589208603e-02 3.172988072037696838e-02 4.058930557221174240e-03 1.019086595624685287e-02 2.931010350584983826e-02 3.378532826900482178e-02 1.013499498367309570e-02 5.809378344565629959e-03
2.610518131405115128e-03 1.829257351346313953e-03 4.374437779188156128e-02 6.246032193303108215e-03 3.943828865885734558e-03 1.326880650594830513e-03 1.542814727872610092e-02 8.264608383178710938e-01 2.529320074245333672e-03 5.004533100873231888e-03 1.894962228834629059e-02 1.518930494785308838e-02 1.682525128126144409e-02 1.702410727739334106e-02 3.479543700814247131e-02 1.982708647847175598e-02 9.485893882811069489e-03 9.250348433852195740e-03 1.337319146841764450e-02 2.235622145235538483e-02 2.473246119916439056e-02 1.361625362187623978e-02 2.434082515537738800e-02 2.476012334227561951e-02 3.006407804787158966e-02 2.076493203639984131e-02 1.965433126315474510e-03 9.862744249403476715e-03 2.360268868505954742e-02 2.560257352888584137e-02 2.257312834262847900e-02 1.717344485223293304e-02 2.480477280914783478e-02 3.593081235885620117e-02 9.227511473000049591e-03 1.915073394775390625e-02 2.394447661936283112e-02 1.247683353722095490e-02 2.111596986651420593e-02 6.777264643460512161e-03 6.526954937726259232e-03 6.894610356539487839e-03 1.260872185230255127e-02 7.726544048637151718e-03 2.420654753223061562e-03 1.017084997147321701e-02 1.537292357534170151e-02 1.447721384465694427e-02 1.410876121371984482e-02 2.345697721466422081e-03 1.738572679460048676e-02 1.705433614552021027e-02 5.496689118444919586e-03 1.026256382465362549e-02 5.495367571711540222e-03 1.600443571805953979e-02 1.866154023446142673e-03 9.837894700467586517e-03 1.200849562883377075e-02 1.089600380510091782e-02 1.145185530185699463e-02 2.436751127243041992e-02 1.405609119683504105e-02 1.523305490991333500e-05 1.557284966111183167e-02 2.573314681649208069e-02 1.846944168210029602e-02 1.478164363652467728e-02 1.224121823906898499e-02 1.306342892348766327e-02 1.444916799664497375e-02 6.662846542894840240e-03 2.037033811211585999e-02 1.514262752607464790e-03 7.791029289364814758e-03 8.936913800425827503e-04 4.814082756638526917e-03 1.210105605423450470e-02 1.444873306900262833e-02 1.626561023294925690e-02 5.326103791594505310e-02 4.611282423138618469e-02 1.081336941570043564e-02 9.588307584635913372e-04 2.339659072458744049e-02 1.435084082186222076e-02 4.486754164099693298e-02 3.444039076566696167e-02 2.624776959419250488e-02 2.528030984103679657e-02 7.917318493127822876e-03 1.811724901199340820e-02 1.328699290752410889e-02 1.244651433080434799e-02 3.671530401334166527e-03 2.009483287110924721e-03 8.537432178854942322e-03 3.462860360741615295e-03 2.637340687215328217e-02 2.277240529656410217e-02 1.239006128162145615e-02 3.392042964696884155e-02 2.109289355576038361e-02 1.492876559495925903e-02 1.828777231276035309e-02 3.249117871746420860e-03 2.750747092068195343e-02 1.068720314651727676e-02 3.286540880799293518e-02 2.241970039904117584e-02 8.454832248389720917e-03 1.317680533975362778e-02 1.094302255660295486e-02 8.785214275121688843e-03 1.627216488122940063e-02 1.510368194431066513e-02
1.652447879314422607e-02 2.561745233833789825e-02 8.096959441900253296e-03 2.210225909948348999e-02 1.887030713260173798e-02 8.640391752123832703e-03 9.109186939895153046e-03 2.529320074245333672e-03 8.264608383178710938e-01 5.560635030269622803e-02 7.304772734642028809e-04 3.336132736876606941e-03 6.957413163036108017e-03 4.145845596212893724e-04 1.431429060176014900e-03 2.222629636526107788e-02 2.147786878049373627e-02 2.040192298591136932e-02 1.377349835820496082e-03 3.325908211991190910e-03 1.163195539265871048e-02 1.005571335554122925e-02 3.281508758664131165e-02 1.961573027074337006e-02 6.001131143420934677e-03 1.101666968315839767e-02 2.182487398386001587e-02 1.502464804798364639e-02 3.706267569214105606e-03 1.789471507072448730e-02 5.250440910458564758e-03 2.074786089360713959e-02 1.878507062792778015e-02 6.084178108721971512e-03 1.751504465937614441e-02 1.056058239191770554e-02 5.135261453688144684e-03 3.241346683353185654e-03 7.751376368105411530e-03 5.550950299948453903e-04 9.776396676898002625e-03 1.085109356790781021e-02 2.062004804611206055e-02 3.901018528267741203e-03 3.021533042192459106e-02 1.849814690649509430e-02 8.557628840208053589e-03 8.924040594138205051e-04 2.623857371509075165e-02 1.602794602513313293e-02 2.151558175683021545e-02 1.634563878178596497e-02 1.122843846678733826e-02 1.546026766300201416e-02 3.908685967326164246e-02 2.781826816499233246e-02 1.266119070351123810e-02 7.156613282859325409e-03 8.153501898050308228e-03 7.142941467463970184e-03 1.225375197827816010e-02 1.508010271936655045e-02 1.981675624847412109e-03 5.064727272838354111e-03 3.713273676112294197e-03 1.478172489441931248e-03 4.470724612474441528e-03 1.609132066369056702e-02 2.290008030831813812e-02 3.617963939905166626e-02 1.197134796530008316e-02 4.319635406136512756e-02 1.248096674680709839e-02 2.918407879769802094e-02 9.180120192468166351e-03 3.160069882869720459e-02 6.112888827919960022e-02 3.736361116170883179e-02 6.242935359477996826e-02 3.880427405238151550e-02 4.942672327160835266e-03 8.577851578593254089e-03 1.938384771347045898e-02 7.258794270455837250e-03 2.539673820137977600e-02 3.607401996850967407e-02 4.029375966638326645e-03 7.354511035373434424e-05 5.039250478148460388e-03 1.431209128350019455e-02 1.851632026955485344e-03 1.500429492443799973e-02 3.211276140064001083e-03 2.447051554918289185e-02 5.050750914961099625e-03 1.189444400370121002e-02 2.633820846676826477e-02 4.103513807058334351e-02 2.877345541492104530e-03 1.445697061717510223e-02 3.039817325770854950e-02 1.698868721723556519e-02 1.498102676123380661e-02 2.813385613262653351e-02 8.484634570777416229e-03 1.499079982750117779e-03 1.519574876874685287e-02 1.622576825320720673e-02 1.291879452764987946e-02 9.940033778548240662e-03 4.204935859888792038e-03 2.110026217997074127e-02 1.582230441272258759e-02 9.248248301446437836e-03 1.294276153203099966e-04 1.989432983100414276e-02
1.351906172931194305e-02 4.828067496418952942e-03 7.826087065041065216e-03 2.591107226908206940e-02 6.145252846181392670e-03 3.680440597236156464e-03 3.706421004608273506e-03 5.004533100873231888e-03 5.560635030269622803e-02 8.264608383178710938e-01 5.480889230966567993e-03 5.316380411386489868e-03 4.077919758856296539e-03 1.003194600343704224e-02 9.876267053186893463e-03 5.567380227148532867e-03 1.473498251289129257e-02 1.447412278503179550e-02 4.003091901540756226e-02 2.683126134797930717e-03 1.993293687701225281e-02 8.411080576479434967e-03 2.566831372678279877e-02 2.766825072467327118e-02 1.139514520764350891e-02 1.556400489062070847e-02 1.798824034631252289e-02 2.294343896210193634e-02 9.372558997711166739e-05 1.286607142537832260e-02 8.740372024476528168e-03 1.478745322674512863e-02 1.574749010615050793e-03 1.159335393458604813e-02 1.063604257069528103e-03 6.810003425925970078e-03 1.670563942752778530e-04 8.717203512787818909e-03 2.081531472504138947e-02 1.874875277280807495e-02 5.395150743424892426e-03 1.879301667213439941e-02 4.505559802055358887e-03 5.436121486127376556e-03 1.969269849359989166e-02 2.737788110971450806e-02 2.788606252579484135e-05 6.979026366025209427e-04 2.940005622804164886e-02 5.937454104423522949e-02 3.959158435463905334e-03 4.318091087043285370e-03 2.755096554756164551e-02 3.016401454806327820e-02 3.883898258209228516e-02 5.893703922629356384e-02 1.703527756035327911e-02 1.400545425713062286e-02 2.258881740272045135e-02 1.458585914224386215e-02 6.664881948381662369e-03 2.605185098946094513e-02 8.064847439527511597e-03 7.564091123640537262e-03 3.592429449781775475e-03 1.362500595860183239e-03 6.838943809270858765e-03 8.610812015831470490e-03 1.093588210642337799e-02 3.780559450387954712e-02 2.516215480864048004e-02 1.721313409507274628e-02 8.911254815757274628e-03 4.108316823840141296e-02 3.689435543492436409e-03 1.355108246207237244e-02 2.198819071054458618e-02 6.830946356058120728e-02 4.369528591632843018e-02 6.991242617368698120e-02 6.213013548403978348e-03 1.436727400869131088e-02 1.103344955481588840e-03 3.245683759450912476e-02 1.370103750377893448e-02 4.589321091771125793e-02 5.134553182870149612e-03 4.281200002878904343e-03 5.363591481000185013e-03 2.822194807231426239e-02 3.746613394469022751e-03 8.232629857957363129e-03 1.000384800136089325e-03 5.194823825149796903e-05 1.674736291170120239e-02 1.114136166870594025e-02 2.288932912051677704e-02 2.042151615023612976e-02 1.935599185526371002e-02 1.811347529292106628e-02 1.807896420359611511e-02 2.420714125037193298e-02 2.403719583526253700e-03 1.014436595141887665e-02 1.463338453322649002e-02 9.379608556628227234e-03 5.464874673634767532e-03 1.616023108363151550e-02 1.251563243567943573e-02 1.074606645852327347e-02 9.883283637464046478e-03 6.703608669340610504e-03 1.442162226885557175e-02 6.690119393169879913e-03 6.831104401499032974e-03 9.099849499762058258e-03
5.069399997591972351e-02 4.781682416796684265e-02 1.428245939314365387e-02 5.717420717701315880e-04 9.604383260011672974e-03 5.342914536595344543e-02 5.387477576732635498e-02 1.894962228834629059e-02 7.304772734642028809e-04 5.480889230966567993e-03 8.264608383178710938e-01 2.379076555371284485e-03 6.331080943346023560e-02 5.179220810532569885e-03 2.280678413808345795e-02 1.078901346772909164e-02 1.622790284454822540e-02 7.323634810745716095e-03 1.178635843098163605e-02 6.400946993380784988e-03 2.433493966236710548e-03 1.783988252282142639e-02 4.211319144815206528e-03 1.919650472700595856e-03 2.174829691648483276e-02 2.083262428641319275e-02 1.008383277803659439e-02 2.247899025678634644e-02 6.014607846736907959e-02 2.454103529453277588e-02 5.554461479187011719e-02 1.583148958161473274e-03 8.983052335679531097e-03 3.437543986365199089e-03 1.713628135621547699e-02 2.306268550455570221e-02 1.685942709445953369e-02 2.312183566391468048e-02 8.480449207127094269e-03 6.508156657218933105e-03 1.576756685972213745e-02 1.374559849500656128e-02 2.876001968979835510e-02 1.238643843680620193e-02 1.754939183592796326e-02 2.825584448873996735e-02 5.571648851037025452e-02 5.402645096182823181e-02 2.598173450678586960e-03 1.039259717799723148e-03 2.679358422756195068e-02 3.256542980670928955e-02 3.302088705822825432e-03 3.334806533530354500e-03 1.103388518095016479e-02 1.043839938938617706e-02 1.432236377149820328e-02 3.639910370111465454e-02 1.641461811959743500e-02 2.430275827646255493e-02 5.447639152407646179e-03 4.028468858450651169e-03 9.979510679841041565e-03 2.594222547486424446e-03 5.132672935724258423e-02 5.102071911096572876e-02 9.471531957387924194e-03 1.022178214043378830e-02 1.867108605802059174e-02 8.009537705220282078e-04 1.343650650233030319e-02 1.100953482091426849e-02 5.060002207756042480e-03 1.314616389572620392e-02 1.878363196738064289e-03 2.205629646778106689e-02 1.318849739618599415e-03 2.136263763532042503e-03 3.433119272813200951e-03 1.087875757366418839e-02 1.399039570242166519e-02 2.073070593178272247e-02 7.588793523609638214e-03 3.940617665648460388e-03 7.153996266424655914e-03 1.522777951322495937e-03 3.739683330059051514e-02 2.898882329463958740e-02 1.177353598177433014e-02 1.946132257580757141e-02 5.474406853318214417e-02 2.746313810348510742e-02 5.440175533294677734e-02 2.212445251643657684e-02 1.811471022665500641e-02 1.249606627970933914e-02 4.536530002951622009e-03 9.724274277687072754e-03 1.444836705923080444e-02 1.094787288457155228e-02 7.083860691636800766e-04 7.935129106044769287e-03 1.145233586430549622e-02 3.803480183705687523e-03 4.449421074241399765e-03 4.413921851664781570e-03 2.290978794917464256e-03 1.896042376756668091e-02 7.627659942954778671e-04 3.154227137565612793e-02 7.664109114557504654e-03 1.110941730439662933e-02 2.569508738815784454e-02 3.355925530195236206e-02 8.544700220227241516e-03 3.249422588851302862e-04
6.599118001759052277e-03 8.434009738266468048e-03 2.871794626116752625e-02 1.008055452257394791e-02 1.282612327486276627e-02 2.263564430177211761e-02 1.725935004651546478e-02 1.518930494785308838e-02 3.336132736876606941e-03 5.316380411386489868e-03 2.379076555371284485e-03 8.264608383178710938e-01 2.366819651797413826e-03 7.532913237810134888e-02 1.923613063991069794e-02 2.051860559731721878e-03 6.347306072711944580e-03 1.667418889701366425e-02 4.057507496327161789e-03 2.948245499283075333e-03 5.114791449159383774e-03 4.928087349981069565e-03 1.849612407386302948e-02 5.608718376606702805e-03 3.899920964613556862e-03 1.150092948228120804e-02 6.368729751557111740e-03 6.754429638385772705e-02 3.987835720181465149e-03 6.822385638952255249e-02 4.704477731138467789e-03 3.734934842213988304e-03 1.711878925561904907e-02 2.459703758358955383e-02 7.317793555557727814e-03 1.818692497909069061e-02 1.995841041207313538e-02 5.986690055578947067e-03 5.733101163059473038e-03 9.169857949018478394e-03 1.755988411605358124e-02 1.555587630718946457e-02 1.075607072561979294e-02 9.838379919528961182e-03 2.864174358546733856e-02 1.150409318506717682e-02 9.227238595485687256e-03 1.290768384933471680e-02 1.906178705394268036e-02 2.437892742455005646e-02 2.437046915292739868e-02 2.039409242570400238e-02 3.266435861587524414e-02 1.824222877621650696e-02 7.778195431455969810e-04 2.185469307005405426e-02 3.452893346548080444e-02 2.875418215990066528e-02 2.606225945055484772e-02 2.065881341695785522e-02 1.682488434016704559e-02 2.813689177855849266e-03 2.314973808825016022e-02 1.394918654114007950e-02 9.793535806238651276e-03 6.859561428427696228e-03 2.449839375913143158e-03 4.951447248458862305e-03 2.525142766535282135e-02 1.533288788050413132e-02 3.008680604398250580e-02 1.395475352182984352e-03 3.569412976503372192e-02 6.542001385241746902e-03 2.407829277217388153e-02 9.407453238964080811e-03 3.261835500597953796e-02 1.459660194814205170e-02 1.287393737584352493e-02 1.811274699866771698e-02 1.503732893615961075e-02 2.365895546972751617e-02 1.967372931540012360e-02 1.348085515201091766e-02 1.793787255883216858e-02 2.600769512355327606e-02 4.450394771993160248e-03 1.741998642683029175e-02 5.054049566388130188e-02 5.596552789211273193e-02 1.259272918105125427e-02 4.553379490971565247e-03 1.033205911517143250e-02 7.843133644200861454e-04 3.020507842302322388e-02 4.265617206692695618e-02 8.438059128820896149e-03 2.076163887977600098e-03 1.126235164701938629e-02 1.216801255941390991e-02 3.414858505129814148e-02 2.913236804306507111e-02 5.684387870132923126e-04 6.315797101706266403e-03 3.289897285867482424e-04 1.079557463526725769e-03 1.848402433097362518e-02 2.695874683558940887e-02 3.178082033991813660e-02 1.250108797103166580e-02 1.870284043252468109e-02 2.418796531856060028e-02 1.914723031222820282e-02 1.431625150144100189e-02 5.512169096618890762e-03 8.457485586404800415e-03
4.603083804249763489e-02 5.257239565253257751e-02 9.914558380842208862e-03 5.896568298339843750e-03 1.140019111335277557e-02 5.606351047754287720e-02 5.475434288382530212e-02 1.682525128126144409e-02 6.957413163036108017e-03 4.077919758856296539e-03 6.331080943346023560e-02 2.366819651797413826e-03 8.264608383178710938e-01 4.990887828171253204e-03 1.962254196405410767e-02 1.322102639824151993e-02 1.860609278082847595e-02 5.330099724233150482e-03 9.296583943068981171e-03 3.967164084315299988e-03 5.533237010240554810e-03 2.024413086473941803e-02 5.796247161924839020e-03 4.040126223117113113e-03 1.951169595122337341e-02 1.810224354267120361e-02 1.208370365202426910e-02 1.830985955893993378e-02 5.673874542117118835e-02 2.141872793436050415e-02 5.500933527946472168e-02 1.771530718542635441e-03 8.729990571737289429e-03 6.878589629195630550e-04 1.894824206829071045e-02 2.792663499712944031e-02 2.307836711406707764e-02 2.424573153257369995e-02 7.688025943934917450e-03 1.073973253369331360e-02 1.411918923258781433e-02 1.355700846761465073e-02 3.000130504369735718e-02 4.043311346322298050e-03 1.943162456154823303e-02 2.908024005591869354e-02 5.428931862115859985e-02 5.335903912782669067e-02 3.908858634531497955e-04 4.582229536026716232e-03 2.554241195321083069e-02 3.016998246312141418e-02 8.406141772866249084e-03 6.594370119273662567e-03 1.500546280294656754e-02 1.746393553912639618e-02 1.119323540478944778e-02 3.562423214316368103e-02 2.055034227669239044e-02 2.687113545835018158e-02 2.791329054161906242e-03 1.163980737328529358e-02 1.310312934219837189e-02 2.654708689078688622e-03 4.967937618494033813e-02 5.207049846649169922e-02 1.200936641544103622e-02 1.410785410553216934e-02 2.059287391602993011e-02 7.870933040976524353e-03 1.721859723329544067e-02 1.355658844113349915e-02 2.168762293877080083e-04 1.614322699606418610e-02 4.947181325405836105e-03 2.182009816169738770e-02 8.896985673345625401e-04 8.805027231574058533e-03 3.351334249600768089e-03 1.321118045598268509e-02 1.565052382647991180e-02 1.948859542608261108e-02 5.569761153310537338e-03 2.113139489665627480e-03 5.759433843195438385e-03 4.768801853060722351e-03 3.588920086622238159e-02 3.303394094109535217e-02 9.970925748348236084e-03 1.980960555374622345e-02 5.347420275211334229e-02 2.240254729986190796e-02 5.536628887057304382e-02 2.279247716069221497e-02 2.130988985300064087e-02 1.834934204816818237e-02 2.581749344244599342e-03 1.165104564279317856e-02 1.403216179460287094e-02 1.058238558471202850e-02 5.056020803749561310e-03 1.104629714973270893e-03 1.123760268092155457e-02 3.910724073648452759e-03 6.040476262569427490e-03 6.377384997904300690e-03 4.442347679287195206e-03 1.991465128958225250e-02 5.816776771098375320e-03 3.228302299976348877e-02 1.062569557689130306e-03 6.039355881512165070e-03 2.869781292974948883e-02 3.514345735311508179e-02 1.406708825379610062e-02 8.454890921711921692e-03
