8.201401233673095703e-01 3.765153139829635620e-02 5.246358457952737808e-03 6.577793974429368973e-03 1.300615258514881134e-03 6.686469912528991699e-02 3.966762125492095947e-02 7.996691390872001648e-03 1.890122657641768456e-03 7.877971045672893524e-03 8.786372095346450806e-02 2.327875606715679169e-02 4.119712114334106445e-02 2.688444033265113831e-02 6.049084011465311050e-03 1.226023118942975998e-02 1.553658582270145416e-02 2.842470072209835052e-03 1.429896429181098938e-02 5.311493761837482452e-03 9.524265304207801819e-03 4.120281897485256195e-03 2.899874001741409302e-03 4.305129870772361755e-03 7.357196882367134094e-03 1.215252373367547989e-02 1.574976556003093719e-02 2.811598032712936401e-02 2.158882329240441322e-03 3.663158416748046875e-02 1.359616871923208237e-02 2.699742617551237345e-04 3.157595917582511902e-02 1.042131334543228149e-02 4.309315700083971024e-03 2.267555519938468933e-02 5.630390252918004990e-03 3.311145305633544922e-02 1.252558897249400616e-03 2.676893025636672974e-03 1.454052422195672989e-02 9.545257315039634705e-03 9.742165915668010712e-03 1.461065112380310893e-04 1.933450996875762939e-02 2.577174641191959381e-02 3.309346362948417664e-02 8.872172795236110687e-03 3.193611046299338341e-03 1.266817213036119938e-03 1.676147803664207458e-02 1.847373903729021549e-03 3.159208223223686218e-03 9.617391973733901978e-03 6.018564570695161819e-03 9.559129364788532257e-03 1.867627538740634918e-02 2.705752849578857422e-02 8.229886181652545929e-03 2.479889895766973495e-03 3.703549969941377640e-03 1.204941328614950180e-02 2.554783783853054047e-02 1.722198165953159332e-02 3.249789820984005928e-03 3.891241969540715218e-03 3.088267054408788681e-03 8.559282869100570679e-03 2.296019159257411957e-02 1.825887709856033325e-02 9.302290156483650208e-03 6.313836202025413513e-03 5.931770429015159607e-03 3.594098612666130066e-02 1.277516130357980728e-02 1.804675161838531494e-02 1.655025407671928406e-02 3.894127672538161278e-03 1.559217739850282669e-02 2.765186689794063568e-02 2.619083737954497337e-03 3.562710480764508247e-03 2.179198525846004486e-02 2.047777920961380005e-02 9.170005796477198601e-05 2.395774051547050476e-02 6.243837997317314148e-03 2.568838745355606079e-02 3.175225481390953064e-02 2.123825065791606903e-02 3.524462133646011353e-02 1.145017147064208984e-02 3.736828640103340149e-02 8.081867359578609467e-03 1.121014636009931564e-02 1.401538681238889694e-02 8.913546800613403320e-03 1.352977473288774490e-02 1.741405948996543884e-02 1.054387819021940231e-02 2.158179506659507751e-02 3.658771142363548279e-02 2.031596936285495758e-02 1.238747732713818550e-03 9.956866502761840820e-03 1.141370832920074463e-02 5.487341899424791336e-03 1.441448647528886795e-02 1.325639709830284119e-02 2.346258424222469330e-02 9.107115678489208221e-03 2.961133234202861786e-02 6.036520469933748245e-03 2.261732146143913269e-02 9.132360108196735382e-03 6.975165102630853653e-03
3.765153139829635620e-02 8.201401233673095703e-01 2.467945218086242676e-03 1.359271118417382240e-03 7.766438182443380356e-03 2.348521724343299866e-02 4.352540150284767151e-02 1.199372461996972561e-03 5.316049791872501373e-03 2.174547873437404633e-02 1.908656582236289978e-02 6.248034071177244186e-03 6.650496274232864380e-02 6.198640447109937668e-03 8.897678344510495663e-04 2.730206400156021118e-02 1.889916881918907166e-02 7.509237155318260193e-03 2.000879868865013123e-02 4.892334342002868652e-03 2.050019428133964539e-02 3.576077055186033249e-03 9.467284195125102997e-03 2.740934723988175392e-03 1.938970200717449188e-02 1.827706955373287201e-02 1.853676699101924896e-02 1.544830668717622757e-02 1.777908764779567719e-02 6.870060693472623825e-03 2.438108064234256744e-02 3.249506279826164246e-02 2.496240660548210144e-02 2.769534476101398468e-02 7.227369118481874466e-03 1.737053133547306061e-02 4.632482770830392838e-03 8.593323640525341034e-03 2.328539034351706505e-03 1.795482123270630836e-03 1.643536379560828209e-03 3.114250861108303070e-02 2.309132739901542664e-02 1.439674943685531616e-02 1.513293199241161346e-02 2.952600643038749695e-02 4.982603713870048523e-03 3.567660972476005554e-02 1.434652134776115417e-02 4.404184967279434204e-02 6.591013167053461075e-03 8.318421430885791779e-03 3.302463097497820854e-03 1.385563984513282776e-02 2.253889292478561401e-02 9.570911061018705368e-04 3.155179321765899658e-03 5.549293477088212967e-03 3.832845017313957214e-03 1.283035427331924438e-02 1.907804422080516815e-02 7.430223748087882996e-03 1.632644794881343842e-02 7.860982790589332581e-03 1.040351483970880508e-02 1.974595338106155396e-02 3.080515749752521515e-02 3.093165531754493713e-02 1.970309950411319733e-02 2.135596238076686859e-02 2.691721078008413315e-03 2.148531930288299918e-04 7.936472073197364807e-03 2.772179804742336273e-02 5.056487862020730972e-03 7.565116044133901596e-03 5.214898847043514252e-03 1.461033709347248077e-02 5.237266048789024353e-02 3.798559773713350296e-03 3.118159808218479156e-02 2.195285400375723839e-03 6.678823847323656082e-03 1.097204256802797318e-02 2.846200764179229736e-02 1.020871195942163467e-02 5.751003045588731766e-03 2.300001215189695358e-03 1.550625823438167572e-02 7.921838201582431793e-03 3.854194656014442444e-02 5.696294829249382019e-03 4.067384451627731323e-02 1.573432050645351410e-02 1.889379136264324188e-02 5.059197545051574707e-03 1.118339225649833679e-02 1.889142394065856934e-02 2.722981013357639313e-02 1.470734551548957825e-02 1.664556562900543213e-02 7.873834110796451569e-03 6.595322396606206894e-03 2.999531105160713196e-02 1.512014865875244141e-02 8.747755549848079681e-03 1.260811742395162582e-02 7.219864521175622940e-03 3.995617385953664780e-03 1.498567219823598862e-02 6.925535388290882111e-03 1.834029518067836761e-02 3.269376605749130249e-02 5.431882105767726898e-03 1.113640051335096359e-02 1.812884933315217495e-03
5.246358457952737808e-03 2.467945218086242676e-03 8.201401233673095703e-01 1.847337931394577026e-02 1.064496953040361404e-02 6.811116472817957401e-04 2.320772502571344376e-03 3.977762162685394287e-02 1.340066897682845592e-03 2.531418390572071075e-02 6.292046047747135162e-03 1.399300340563058853e-02 9.815242141485214233e-03 2.425952628254890442e-02 1.678950525820255280e-02 1.225357176735997200e-03 1.001801900565624237e-02 1.516404468566179276e-02 1.081369444727897644e-02 1.056028530001640320e-02 1.101126987487077713e-02 1.263299304991960526e-02 1.215691026300191879e-02 1.200440805405378342e-02 8.087485097348690033e-03 2.677863836288452148e-02 1.874938420951366425e-02 1.261733565479516983e-02 1.668574847280979156e-02 2.271067816764116287e-03 1.842787954956293106e-03 9.876376017928123474e-03 2.241740003228187561e-02 3.353652358055114746e-02 2.268936485052108765e-02 1.772828050889074802e-03 9.420143440365791321e-03 2.568495832383632660e-02 3.496219636872410774e-03 8.090451359748840332e-03 2.115800278261303902e-03 2.687667496502399445e-02 7.632553577423095703e-03 4.069836810231208801e-03 2.813239581882953644e-03 4.346032161265611649e-03 1.608479884453117847e-03 1.817877590656280518e-02 2.397020161151885986e-02 1.884974422864615917e-03 2.958936989307403564e-02 3.204828873276710510e-02 2.696483582258224487e-02 1.330501772463321686e-02 3.777366131544113159e-02 9.814983233809471130e-03 1.939253509044647217e-02 1.188171189278364182e-02 3.703017160296440125e-02 2.892960049211978912e-02 4.162891581654548645e-02 1.533232629299163818e-02 1.149615971371531487e-03 7.603184785693883896e-03 2.041648607701063156e-03 1.254857704043388367e-02 3.252480179071426392e-03 3.715237230062484741e-02 1.621877215802669525e-02 1.009340956807136536e-02 3.752801567316055298e-03 3.454848378896713257e-02 1.796075701713562012e-02 1.889463700354099274e-02 6.099406629800796509e-03 1.375053636729717255e-02 9.831879287958145142e-03 1.327426824718713760e-02 1.374807488173246384e-02 6.350668147206306458e-03 5.438736826181411743e-02 3.620131313800811768e-02 7.907419465482234955e-03 1.230950839817523956e-02 1.936792396008968353e-02 2.265723794698715210e-02 1.556271594017744064e-02 1.675262674689292908e-02 4.148251377046108246e-03 1.825642655603587627e-03 1.254776609130203724e-03 1.893047243356704712e-02 2.951702103018760681e-03 1.386067923158407211e-02 1.397224701941013336e-02 5.229691043496131897e-03 1.693191565573215485e-02 3.381741233170032501e-03 1.717670634388923645e-02 4.787889774888753891e-03 1.321256626397371292e-02 1.820764504373073578e-02 3.229242935776710510e-02 2.337594889104366302e-02 1.570531539618968964e-02 2.646204549819231033e-03 2.816265448927879333e-02 1.350557710975408554e-02 1.392566692084074020e-02 4.788044898305088282e-04 2.360203862190246582e-02 9.446899406611919403e-03 1.296544540673494339e-02 3.530140966176986694e-02 3.961269930005073547e-02 1.140413340181112289e-02
6.577793974429368973e-03 1.359271118417382240e-03 1.847337931394577026e-02 8.201401233673095703e-01 4.965145140886306763e-02 1.291153859347105026e-02 1.273903809487819672e-02 7.586852647364139557e-03 9.980722330510616302e-03 7.194521371275186539e-03 5.312420427799224854e-03 1.875898614525794983e-02 1.658807694911956787e-02 1.281064189970493317e-02 1.001719105988740921e-02 7.901167497038841248e-03 9.188227355480194092e-03 3.528810106217861176e-03 1.585651747882366180e-02 1.360215619206428528e-02 1.839007809758186340e-02 2.115218713879585266e-02 4.368679132312536240e-03 6.046994589269161224e-03 3.133410215377807617e-02 6.476882379502058029e-03 1.639519818127155304e-02 1.717873848974704742e-02 1.780028687790036201e-03 3.055331110954284668e-02 1.204076968133449554e-02 1.657101139426231384e-02 2.626207098364830017e-02 3.504718840122222900e-02 1.737716794013977051e-02 1.808182522654533386e-02 2.290349826216697693e-02 1.553352363407611847e-02 2.651379816234111786e-02 1.510232035070657730e-02 6.230597849935293198e-03 2.798556583002209663e-03 3.034557402133941650e-02 4.251908138394355774e-02 2.540629543364048004e-02 2.883080858737230301e-03 1.742386072874069214e-02 7.933587185107171535e-04 9.091086103580892086e-04 2.022570371627807617e-02 5.716896150261163712e-03 6.005401257425546646e-03 2.340373350307345390e-03 1.116257999092340469e-02 2.120821550488471985e-02 2.131238766014575958e-02 8.459288626909255981e-03 1.481081079691648483e-02 1.374729792587459087e-03 5.860124714672565460e-03 3.103487007319927216e-02 2.434639818966388702e-02 1.900807395577430725e-02 1.439329236745834351e-02 8.602527901530265808e-03 1.278536487370729446e-02 4.390769172459840775e-03 2.167845517396926880e-02 2.426009438931941986e-02 4.214518703520298004e-03 3.654233738780021667e-02 1.442753523588180542e-02 3.376381471753120422e-02 7.485460489988327026e-03 3.604481369256973267e-02 2.703954931348562241e-03 1.884241210063919425e-04 1.473976764827966690e-03 2.211316674947738647e-02 1.946872659027576447e-02 1.588713563978672028e-02 2.895181300118565559e-03 7.566014304757118225e-03 2.137803100049495697e-02 1.176952477544546127e-02 1.087049138732254505e-03 1.060148421674966812e-02 6.859166547656059265e-03 1.279109343886375427e-02 1.368722040206193924e-02 1.991997100412845612e-02 2.971864119172096252e-02 3.847115440294146538e-04 8.547078468836843967e-04 2.104639261960983276e-02 5.542570259422063828e-03 6.052117329090833664e-03 1.754579367116093636e-03 1.130341738462448120e-02 1.959258876740932465e-02 1.673692464828491211e-02 2.284044586122035980e-02 4.985478706657886505e-03 2.283996529877185822e-02 4.606061615049839020e-03 2.127764001488685608e-02 2.373202890157699585e-02 2.864511311054229736e-02 2.404034323990345001e-02 7.916842587292194366e-04 2.240572124719619751e-03 1.227331999689340591e-02 8.629024028778076172e-03 1.197452470660209656e-02 2.574553526937961578e-02 2.141727833077311516e-03
1.300615258514881134e-03 7.766438182443380356e-03 1.064496953040361404e-02 4.965145140886306763e-02 8.201401233673095703e-01 1.447628624737262726e-02 2.767642214894294739e-02 6.438383366912603378e-03 1.637867838144302368e-02 2.954606339335441589e-02 1.640461012721061707e-02 4.314300138503313065e-03 7.810927461832761765e-03 3.134869271889328957e-03 2.301466651260852814e-03 1.770298182964324951e-02 1.813901774585247040e-02 1.757747307419776917e-02 4.698751494288444519e-02 4.337588697671890259e-02 9.308977983891963959e-03 1.400137878954410553e-02 3.629861632362008095e-03 1.271320786327123642e-02 3.502798965200781822e-03 1.869875751435756683e-02 1.199453487060964108e-03 6.475989241153001785e-03 6.754925940185785294e-03 1.555914897471666336e-02 2.247283980250358582e-02 9.391446597874164581e-03 3.737128153443336487e-02 7.309870794415473938e-03 1.110548805445432663e-02 1.697209663689136505e-02 6.370680872350931168e-03 7.249464280903339386e-03 6.401255261152982712e-03 2.601684071123600006e-02 6.180437281727790833e-03 1.008799485862255096e-02 1.610920764505863190e-02 5.651891115121543407e-04 2.418862842023372650e-02 7.232028059661388397e-03 1.014783792197704315e-02 1.948872953653335571e-02 1.278945058584213257e-02 1.126298587769269943e-02 4.172068554908037186e-03 7.503648288547992706e-03 7.588366512209177017e-03 1.645433157682418823e-02 5.043712910264730453e-03 4.498681798577308655e-02 1.185846631415188313e-03 1.280698087066411972e-02 5.056447349488735199e-03 9.431367740035057068e-03 1.064834278076887131e-02 3.578283265233039856e-02 5.456150043755769730e-03 3.867612406611442566e-02 9.197375737130641937e-03 3.139744279906153679e-03 1.332506816834211349e-02 2.383814007043838501e-02 1.767409592866897583e-02 1.882075518369674683e-02 4.021985456347465515e-02 7.512683048844337463e-03 2.609340846538543701e-02 8.164565078914165497e-03 5.703909695148468018e-02 5.876694805920124054e-03 5.714299157261848450e-03 3.577427193522453308e-02 2.958062849938869476e-02 1.560660265386104584e-02 1.137350499629974365e-02 1.644566841423511505e-02 9.007833898067474365e-03 6.506581604480743408e-02 2.391509711742401123e-02 2.850973606109619141e-02 1.541433855891227722e-02 6.528942380100488663e-03 9.520008228719234467e-03 1.109729986637830734e-02 4.113516304641962051e-03 2.312639728188514709e-02 1.172469090670347214e-02 1.907351240515708923e-02 1.552648755023255944e-04 1.516223885118961334e-02 5.260111764073371887e-03 4.059461876749992371e-03 2.422094158828258514e-02 2.029556967318058014e-02 8.389653638005256653e-03 3.063536249101161957e-03 1.515984628349542618e-02 6.255589891225099564e-03 6.454309448599815369e-03 1.160657312721014023e-02 8.366533555090427399e-03 1.976616121828556061e-02 9.049962274730205536e-03 2.877601608633995056e-02 2.479861676692962646e-02 4.780204501003026962e-03 1.334037724882364273e-02 1.217273529618978500e-02 2.511176280677318573e-02 5.188310984522104263e-03
6.686469912528991699e-02 2.348521724343299866e-02 6.811116472817957401e-04 1.291153859347105026e-02 1.447628624737262726e-02 8.201401233673095703e-01 6.822459399700164795e-02 1.820559054613113403e-02 6.421587895601987839e-03 1.038266532123088837e-02 6.675061583518981934e-02 8.275862783193588257e-03 3.337796777486801147e-02 1.436343882232904434e-02 2.679664827883243561e-02 4.437900613993406296e-03 9.598176926374435425e-03 1.946654543280601501e-02 3.231808310374617577e-03 1.618188247084617615e-02 2.393583208322525024e-02 1.897044107317924500e-02 8.780912496149539948e-03 1.071444858098402619e-04 9.981743991374969482e-03 4.902186803519725800e-03 1.350457221269607544e-02 5.716474261134862900e-03 1.813826337456703186e-02 7.073308806866407394e-03 2.156719192862510681e-02 7.143795490264892578e-03 1.636729203164577484e-02 1.405175309628248215e-02 2.894614124670624733e-03 2.858133288100361824e-03 1.241752039641141891e-02 4.873234778642654419e-02 7.502359338104724884e-03 1.328640058636665344e-02 4.461888968944549561e-02 4.246452823281288147e-03 2.960319444537162781e-02 2.258114516735076904e-02 1.953527098521590233e-03 1.634548418223857880e-03 5.945257842540740967e-02 2.780457958579063416e-02 2.053214982151985168e-02 1.198862027376890182e-02 3.444657847285270691e-02 1.180562283843755722e-02 7.173146586865186691e-03 2.806411939673125744e-04 7.564618252217769623e-03 1.848091185092926025e-02 3.906184062361717224e-02 7.618139963597059250e-03 7.557833567261695862e-03 6.005584262311458588e-03 2.769539598375558853e-03 8.864141069352626801e-03 2.196565456688404083e-02 7.283422164618968964e-03 1.396651286631822586e-02 1.023846212774515152e-02 2.115845307707786560e-02 1.094428822398185730e-02 1.463787630200386047e-02 3.054794156923890114e-03 6.174842827022075653e-03 1.037934515625238419e-02 1.243646908551454544e-02 2.252287976443767548e-02 1.213382836431264877e-02 1.103593967854976654e-02 1.122311782091856003e-02 8.971378207206726074e-03 9.529609233140945435e-03 2.380607184022665024e-03 1.142209675163030624e-02 1.990006864070892334e-02 5.533631891012191772e-03 1.804644986987113953e-02 7.370851933956146240e-03 6.781208328902721405e-03 3.306282311677932739e-02 6.406902335584163666e-03 2.653476409614086151e-02 3.409213945269584656e-02 3.253025934100151062e-02 1.620103418827056885e-02 2.708414755761623383e-02 1.088634249754250050e-03 1.233971118927001953e-02 6.629297975450754166e-03 2.466411516070365906e-02 2.280157618224620819e-02 1.047258824110031128e-02 1.427402999252080917e-02 2.841791510581970215e-02 2.602816745638847351e-02 3.486179560422897339e-02 1.454904302954673767e-02 1.860695332288742065e-02 1.587651320733129978e-03 3.112948872148990631e-02 2.083458751440048218e-02 2.294549718499183655e-02 1.905818656086921692e-02 1.520324870944023132e-02 1.560364267788827419e-03 3.124239854514598846e-03 1.827882975339889526e-02 4.927827045321464539e-03 1.457889471203088760e-02
3.966762125492095947e-02 4.352540150284767151e-02 2.320772502571344376e-03 1.273903809487819672e-02 2.767642214894294739e-02 6.822459399700164795e-02 8.201401233673095703e-01 2.995002828538417816e-02 4.821693524718284607e-03 4.629767965525388718e-03 5.740997195243835449e-02 3.150246571749448776e-03 5.352055653929710388e-03 1.164950337260961533e-02 3.060504607856273651e-02 6.081254687160253525e-03 1.677510677836835384e-03 2.326077036559581757e-02 6.032144185155630112e-03 3.155198879539966583e-03 2.680733567103743553e-03 1.138123963028192520e-02 1.843107491731643677e-02 5.654065404087305069e-03 2.797620370984077454e-03 1.772130094468593597e-02 4.918753169476985931e-03 2.336244797334074974e-03 4.962750896811485291e-02 5.762475120718590915e-05 1.599430665373802185e-02 2.677263459190726280e-03 1.001578196883201599e-02 5.845655221492052078e-03 1.868741586804389954e-03 7.938005146570503712e-04 1.568563655018806458e-02 2.149534784257411957e-02 4.113677889108657837e-03 2.582835219800472260e-02 2.645394951105117798e-02 2.352457866072654724e-02 4.605349525809288025e-02 3.135708859190344810e-03 1.024266798049211502e-02 7.048563100397586823e-03 3.989183157682418823e-02 7.264441996812820435e-02 1.240191864781081676e-03 1.030201278626918793e-02 1.204363070428371429e-02 3.462824504822492599e-03 2.968166023492813110e-03 1.193369645625352859e-02 1.169308554381132126e-02 1.264178659766912460e-02 3.348281234502792358e-02 2.292466163635253906e-02 7.578195538371801376e-03 1.022813096642494202e-02 7.211621850728988647e-03 1.123320125043392181e-02 1.995438151061534882e-02 8.988512854557484388e-05 4.618084430694580078e-02 4.205954261124134064e-03 3.951676655560731888e-03 6.098098121583461761e-03 1.610800065100193024e-02 3.038201481103897095e-03 1.139876432716846466e-02 8.379422128200531006e-03 2.991033834405243397e-04 1.776188053190708160e-02 1.211225427687168121e-02 9.553711861371994019e-03 8.971216157078742981e-03 1.078360620886087418e-02 1.325979270040988922e-02 4.480530042201280594e-03 7.502945605665445328e-03 2.251685038208961487e-02 2.272091992199420929e-02 2.841513790190219879e-02 1.670121960341930389e-02 3.264891216531395912e-03 2.773512154817581177e-02 2.753089927136898041e-02 1.081808004528284073e-02 1.299100555479526520e-02 1.162559539079666138e-02 6.453156005591154099e-03 2.243163250386714935e-02 2.825276739895343781e-02 1.303561218082904816e-02 6.353279575705528259e-03 2.213904261589050293e-02 2.253472246229648590e-02 1.321891322731971741e-02 1.200382411479949951e-02 4.894458688795566559e-03 4.039067309349775314e-03 1.774494908750057220e-02 1.852350868284702301e-02 2.694653347134590149e-02 5.642301402986049652e-03 5.348792765289545059e-03 3.071168623864650726e-02 1.451836805790662766e-02 2.926586009562015533e-02 1.618895307183265686e-02 5.239371210336685181e-03 2.434297464787960052e-02 9.135377476923167706e-04 2.043962106108665466e-02 2.178641967475414276e-02
7.996691390872001648e-03 1.199372461996972561e-03 3.977762162685394287e-02 7.586852647364139557e-03 6.438383366912603378e-03 1.820559054613113403e-02 2.995002828538417816e-02 8.201401233673095703e-01 1.630772836506366730e-02 1.673498377203941345e-02 8.909746538847684860e-04 5.371910985559225082e-03 1.075251400470733643e-02 1.289255730807781219e-02 4.866700246930122375e-02 1.173653732985258102e-02 1.372223533689975739e-02 1.469786092638969421e-02 1.583771221339702606e-02 8.582085371017456055e-03 1.715990900993347168e-02 3.159572929143905640e-02 1.029850915074348450e-03 3.605987643823027611e-03 7.366728503257036209e-03 2.191930636763572693e-02 3.207826241850852966e-02 1.221175584942102432e-02 1.248693652451038361e-02 1.434781495481729507e-02 1.185198687016963959e-02 2.686053887009620667e-02 4.809776321053504944e-03 2.635440230369567871e-02 2.434167824685573578e-02 6.295247469097375870e-03 2.988491393625736237e-02 1.941625773906707764e-02 8.764799684286117554e-03 1.662169396877288818e-02 2.229096740484237671e-02 1.777246966958045959e-02 7.756074890494346619e-03 2.713477611541748047e-02 1.372400671243667603e-02 2.240915596485137939e-02 1.839976012706756592e-02 3.546017035841941833e-02 1.590934582054615021e-02 6.856889463961124420e-03 2.658986672759056091e-02 3.890694677829742432e-02 1.107026264071464539e-02 1.977611519396305084e-02 9.633666835725307465e-03 2.085810154676437378e-02 9.843870066106319427e-03 1.116499071940779686e-03 1.269380375742912292e-02 9.993451385525986552e-05 2.231690101325511932e-02 6.942548323422670364e-03 2.074428601190447807e-03 2.425365848466753960e-03 1.173523347824811935e-02 1.808026991784572601e-02 1.471264939755201340e-02 3.219491615891456604e-02 1.420744881033897400e-02 2.387196436757221818e-04 1.948607712984085083e-02 2.969411946833133698e-02 1.119327638298273087e-02 2.267488278448581696e-02 4.988868255168199539e-03 2.482018247246742249e-02 2.721928805112838745e-02 2.394213341176509857e-02 8.958753198385238647e-03 6.532563827931880951e-03 4.477236792445182800e-02 4.944204539060592651e-02 2.020715177059173584e-02 9.029396809637546539e-03 9.691148065030574799e-03 2.107167243957519531e-02 3.408394381403923035e-02 4.665653780102729797e-02 5.929428618401288986e-03 1.508431322872638702e-02 8.230271749198436737e-03 7.959738373756408691e-03 1.793809421360492706e-02 3.547851368784904480e-02 2.810419164597988129e-02 1.481969095766544342e-02 1.826583221554756165e-02 1.431860774755477905e-02 1.664710789918899536e-02 2.122830413281917572e-02 1.250901352614164352e-02 1.487195026129484177e-02 1.652614213526248932e-02 1.123828999698162079e-02 2.008502371609210968e-02 1.253825705498456955e-02 2.431314997375011444e-02 5.860613193362951279e-03 2.463317662477493286e-02 1.055744849145412445e-02 1.449158508330583572e-02 9.209740906953811646e-03 7.695136126130819321e-03 2.171474508941173553e-02 3.416713699698448181e-02 3.373311087489128113e-02
1.890122657641768456e-03 5.316049791872501373e-03 1.340066897682845592e-03 9.980722330510616302e-03 1.637867838144302368e-02 6.421587895601987839e-03 4.821693524718284607e-03 1.630772836506366730e-02 8.201401233673095703e-01 3.270326927304267883e-02 1.890581473708152771e-02 9.975974448025226593e-03 1.082464866340160370e-02 7.415596395730972290e-03 1.880187168717384338e-02 2.501219697296619415e-02 6.052499637007713318e-03 4.281154274940490723e-02 2.123559080064296722e-02 1.472734007984399796e-02 2.577029913663864136e-02 1.189261209219694138e-02 3.834609687328338623e-02 3.977530449628829956e-02 1.430993154644966125e-02 2.754796855151653290e-02 2.627266757190227509e-02 1.342731993645429611e-02 1.187042333185672760e-02 9.831923991441726685e-03 1.228152588009834290e-02 3.922148048877716064e-02 2.391420677304267883e-02 3.385261818766593933e-02 2.345046401023864746e-02 1.104169338941574097e-02 1.618005149066448212e-02 2.007235400378704071e-02 1.300785318017005920e-02 3.293442307040095329e-03 2.199383825063705444e-02 2.695588953793048859e-02 1.444211322814226151e-02 1.008440833538770676e-02 2.113172784447669983e-02 3.147534281015396118e-02 3.125360002741217613e-03 7.473910693079233170e-03 4.282177891582250595e-03 2.413993002846837044e-03 2.435842901468276978e-02 3.436499834060668945e-02 1.264882087707519531e-02 1.546284649521112442e-02 1.295880228281021118e-02 3.299098089337348938e-02 1.637491211295127869e-02 7.381429895758628845e-04 1.499367412179708481e-02 1.134516391903162003e-02 2.002655994147062302e-03 1.960867457091808319e-02 2.418852038681507111e-02 6.490503437817096710e-03 2.556804940104484558e-02 5.020246375352144241e-03 3.419233020395040512e-03 2.029830962419509888e-02 2.080513536930084229e-02 1.407237444072961807e-02 1.898818649351596832e-02 3.116302751004695892e-02 7.374652661383152008e-03 1.126612070947885513e-02 7.599348202347755432e-03 3.782734274864196777e-02 5.162245780229568481e-02 1.754350773990154266e-02 9.818837046623229980e-03 2.575360937044024467e-03 1.329222321510314941e-02 1.697998493909835815e-02 2.425380423665046692e-02 2.849554456770420074e-02 1.219757646322250366e-02 1.619864813983440399e-02 2.341780625283718109e-02 1.011939253658056259e-02 1.779982447624206543e-02 5.797403864562511444e-03 1.122401468455791473e-02 2.019004896283149719e-02 2.200715942308306694e-03 2.029040828347206116e-02 1.943966932594776154e-02 9.461272507905960083e-03 1.025495305657386780e-02 3.453440964221954346e-02 2.540802583098411560e-02 3.217959031462669373e-02 2.477724105119705200e-02 7.893662899732589722e-03 8.167504332959651947e-03 1.412336714565753937e-02 2.856622915714979172e-03 2.821676665917038918e-03 3.851769957691431046e-03 1.473020669072866440e-02 3.920810122508555651e-04 1.739937998354434967e-02 7.030203938484191895e-03 1.817536167800426483e-02 2.534758672118186951e-02 3.441914170980453491e-02 7.541905622929334641e-03 1.006352994590997696e-02
7.877971045672893524e-03 2.174547873437404633e-02 2.531418390572071075e-02 7.194521371275186539e-03 2.954606339335441589e-02 1.038266532123088837e-02 4.629767965525388718e-03 1.673498377203941345e-02 3.270326927304267883e-02 8.201401233673095703e-01 4.479649476706981659e-03 2.229358814656734467e-02 1.748116500675678253e-02 2.112640440464019775e-02 4.289150238037109375e-03 8.987342007458209991e-03 2.016690187156200409e-02 4.445137892616912723e-05 2.942153625190258026e-02 1.546826213598251343e-02 1.790097728371620178e-02 1.749749854207038879e-02 4.285490605980157852e-03 2.721789479255676270e-02 2.255193330347537994e-02 5.833027418702840805e-03 3.218794614076614380e-02 1.819430291652679443e-02 3.801797516644001007e-03 1.117424946278333664e-02 3.576108813285827637e-02 2.627084590494632721e-02 7.135186810046434402e-03 1.444361917674541473e-02 1.034495700150728226e-02 4.584965296089649200e-03 7.954106666147708893e-03 1.785979047417640686e-02 7.683650124818086624e-03 2.804085379466414452e-03 1.115062460303306580e-02 5.379165057092905045e-03 1.480888482183218002e-02 4.895115736871957779e-03 2.071923017501831055e-02 1.540473476052284241e-02 8.455803617835044861e-03 4.859548527747392654e-03 1.428925246000289917e-02 1.696442440152168274e-02 9.549883194267749786e-03 1.522378250956535339e-02 1.091500837355852127e-02 5.611669737845659256e-03 1.393722835928201675e-02 2.293075248599052429e-02 5.256106611341238022e-03 1.250713597983121872e-03 8.317205123603343964e-03 6.674247793853282928e-03 1.994775608181953430e-03 3.185043111443519592e-02 1.434524729847908020e-02 1.484807347878813744e-03 1.624536700546741486e-02 3.345302492380142212e-02 1.425837446004152298e-02 3.565591294318437576e-03 3.705698472913354635e-04 4.156309738755226135e-02 2.187141403555870056e-02 2.198535203933715820e-02 5.559867713600397110e-03 3.494701907038688660e-02 9.074322297237813473e-04 3.569192066788673401e-02 2.301236242055892944e-02 6.215146556496620178e-02 2.115689404308795929e-02 2.215838618576526642e-02 1.938403933309018612e-03 4.443082027137279510e-03 1.964070461690425873e-02 2.879561297595500946e-02 2.272654382977634668e-04 2.069992199540138245e-02 9.968686848878860474e-03 5.126226693391799927e-03 2.305849641561508179e-02 5.514367017894983292e-03 5.867473315447568893e-03 2.409274317324161530e-02 1.487780082970857620e-02 3.390695899724960327e-02 2.690880931913852692e-02 3.261719644069671631e-02 3.101878240704536438e-02 2.297488413751125336e-02 2.252707257866859436e-02 3.208409994840621948e-02 2.398036420345306396e-02 7.790590170770883560e-03 3.020253963768482208e-02 4.513286519795656204e-03 3.671220503747463226e-03 1.689673867076635361e-03 1.910926215350627899e-02 1.073200255632400513e-02 5.186796654015779495e-03 1.678890734910964966e-02 2.499156072735786438e-02 6.493213732028380036e-05 7.451798766851425171e-03 8.179645985364913940e-03 2.106373757123947144e-02 1.548179541714489460e-03
8.786372095346450806e-02 1.908656582236289978e-02 6.292046047747135162e-03 5.312420427799224854e-03 1.640461012721061707e-02 6.675061583518981934e-02 5.740997195243835449e-02 8.909746538847684860e-04 1.890581473708152771e-02 4.479649476706981659e-03 8.201401233673095703e-01 9.713349863886833191e-03 2.854157797992229462e-02 1.437434460967779160e-02 4.215991590172052383e-03 1.632314361631870270e-02 2.678821608424186707e-02 1.819136179983615875e-02 1.598942466080188751e-02 8.020192384719848633e-03 9.315926581621170044e-03 3.713688813149929047e-03 6.808290490880608559e-04 5.470810458064079285e-03 1.077585201710462570e-02 2.274733036756515503e-02 1.141134649515151978e-02 1.161490939557552338e-02 3.189844638109207153e-02 2.158251591026782990e-02 2.567819878458976746e-02 7.632597349584102631e-03 1.583631709218025208e-02 8.841839618980884552e-03 1.918157376348972321e-02 2.313376218080520630e-02 1.586765609681606293e-02 2.327288687229156494e-02 5.515525117516517639e-03 7.984555326402187347e-03 3.402465023100376129e-03 2.341900765895843506e-02 1.424772012978792191e-02 9.133183397352695465e-03 1.268202904611825943e-02 3.912614192813634872e-03 4.738548398017883301e-02 2.264328859746456146e-02 1.017274893820285797e-02 1.310927234590053558e-02 1.122787222266197205e-02 1.033742818981409073e-02 4.568723030388355255e-03 3.127757227048277855e-03 1.585900783538818359e-02 1.040070597082376480e-02 3.863482922315597534e-02 2.796694403514266014e-03 2.325964346528053284e-02 6.929651834070682526e-03 8.972188457846641541e-03 6.790556479245424271e-03 2.803492546081542969e-02 1.229103095829486847e-02 2.854920551180839539e-02 7.989161647856235504e-03 8.340015076100826263e-03 1.260609924793243408e-02 2.825342863798141479e-02 3.029388142749667168e-03 8.807485923171043396e-03 3.046848345547914505e-03 1.378804817795753479e-02 2.142731472849845886e-02 5.201654508709907532e-03 1.018960773944854736e-02 2.856367081403732300e-02 7.836330682039260864e-03 1.479973737150430679e-02 6.921993568539619446e-03 5.369030986912548542e-04 4.272922407835721970e-03 1.895840652287006378e-02 2.974708005785942078e-02 5.260846577584743500e-03 2.056466881185770035e-03 5.053980741649866104e-03 1.742032356560230255e-02 1.031349226832389832e-02 1.874252222478389740e-02 4.676086828112602234e-02 1.970838522538542747e-03 3.337739035487174988e-02 7.955161854624748230e-03 9.643488563597202301e-03 2.424252405762672424e-02 1.610474474728107452e-02 1.344190631061792374e-02 1.902913860976696014e-02 1.541102118790149689e-02 5.666306242346763611e-03 3.269028617069125175e-03 1.386493165045976639e-02 2.952109789475798607e-03 8.997694589197635651e-03 3.900995478034019470e-03 4.165746737271547318e-03 8.693236857652664185e-03 6.582950241863727570e-03 2.679216489195823669e-02 1.000145636498928070e-02 2.234324254095554352e-02 1.184483431279659271e-02 9.950859472155570984e-03 1.382952556014060974e-02 6.245701573789119720e-03
2.327875606715679169e-02 6.248034071177244186e-03 1.399300340563058853e-02 1.875898614525794983e-02 4.314300138503313065e-03 8.275862783193588257e-03 3.150246571749448776e-03 5.371910985559225082e-03 9.975974448025226593e-03 2.229358814656734467e-02 9.713349863886833191e-03 8.201401233673095703e-01 1.908530946820974350e-03 7.840143889188766479e-02 6.968352012336254120e-03 1.137519627809524536e-02 4.338382743299007416e-03 2.032616734504699707e-02 2.667725831270217896e-02 1.663599535822868347e-02 3.262679558247327805e-03 4.691002890467643738e-03 2.969784662127494812e-02 1.945907063782215118e-02 3.055284358561038971e-02 7.878804579377174377e-03 1.210607867687940598e-02 5.783742666244506836e-02 1.037614420056343079e-02 6.065380200743675232e-02 2.251210995018482208e-02 9.155877865850925446e-03 5.247166263870894909e-04 1.805516704916954041e-02 1.282080914825201035e-02 1.665098965167999268e-02 1.163412001915276051e-03 1.054876297712326050e-02 1.158931385725736618e-02 2.431794069707393646e-02 7.304978556931018829e-03 2.134341187775135040e-02 2.959413081407546997e-02 7.155560888350009918e-03 4.241006448864936829e-02 5.992999766021966934e-03 4.793279338628053665e-03 1.023844443261623383e-02 7.670609746128320694e-03 3.022310696542263031e-02 1.640990190207958221e-02 1.441747788339853287e-02 3.672640025615692139e-02 4.327363893389701843e-02 5.330630578100681305e-03 1.982452161610126495e-02 4.948259796947240829e-03 2.502493793144822121e-03 3.736880049109458923e-02 4.571049660444259644e-02 3.173057734966278076e-02 3.823626786470413208e-02 6.688544061034917831e-03 2.289395965635776520e-02 3.826995613053441048e-03 1.000007148832082748e-02 2.222039550542831421e-02 4.156891256570816040e-03 2.341165393590927124e-02 2.000807970762252808e-02 2.280452521517872810e-03 1.407836563885211945e-02 4.889312386512756348e-02 1.189926359802484512e-02 3.159531950950622559e-02 3.339982125908136368e-03 1.929668337106704712e-02 8.773510344326496124e-03 6.441286765038967133e-03 4.442676901817321777e-02 6.503487937152385712e-03 5.278804339468479156e-03 7.937319576740264893e-03 1.233021169900894165e-02 7.799888961017131805e-03 2.192526869475841522e-02 2.066516503691673279e-02 4.200845956802368164e-03 1.178657729178667068e-02 1.494335476309061050e-02 2.671954035758972168e-02 1.685281656682491302e-02 3.736343234777450562e-03 4.109859466552734375e-03 1.233592722564935684e-02 2.199244312942028046e-02 1.706540788291022182e-04 5.377579946070909500e-03 2.209974452853202820e-03 9.245190769433975220e-03 5.817002151161432266e-03 1.532790251076221466e-02 6.362852174788713455e-03 9.568033274263143539e-04 1.468222029507160187e-02 3.714193589985370636e-04 4.456479102373123169e-03 2.513701282441616058e-02 3.399703651666641235e-03 2.046790206804871559e-03 1.135079190135002136e-02 3.651970624923706055e-02 3.454354032874107361e-02 7.626643404364585876e-03 2.641174360178411007e-04 3.522197948768734932e-03
4.119712114334106445e-02 6.650496274232864380e-02 9.815242141485214233e-03 1.658807694911956787e-02 7.810927461832761765e-03 3.337796777486801147e-02 5.352055653929710388e-03 1.075251400470733643e-02 1.082464866340160370e-02 1.748116500675678253e-02 2.854157797992229462e-02 1.908530946820974350e-03 8.201401233673095703e-01 9.919110685586929321e-03 6.982580292969942093e-03 2.440180815756320953e-02 7.998176850378513336e-03 7.722640410065650940e-03 1.189834903925657272e-02 1.315176952630281448e-02 3.015196183696389198e-03 1.520258188247680664e-02 1.158326282165944576e-03 1.703794114291667938e-03 9.050305932760238647e-03 6.406528875231742859e-03 1.568768359720706940e-02 7.527998648583889008e-03 5.417931079864501953e-02 3.481823951005935669e-03 2.735090628266334534e-02 1.938253268599510193e-02 2.190467528998851776e-02 1.299024187028408051e-02 2.679290948435664177e-03 1.687865704298019409e-02 2.413640357553958893e-02 1.550721377134323120e-02 1.521794404834508896e-02 6.761149968951940536e-03 5.655142478644847870e-03 1.248338166624307632e-02 5.934523418545722961e-03 2.886106260120868683e-03 5.115197505801916122e-03 1.185538433492183685e-02 2.865610830485820770e-02 1.175853796303272247e-02 2.131798071786761284e-03 3.738853707909584045e-02 6.787068676203489304e-03 7.384839002043008804e-03 3.941324539482593536e-03 1.790111511945724487e-02 6.105614826083183289e-03 8.955455385148525238e-03 3.473432734608650208e-03 1.054201554507017136e-02 1.291083078831434250e-02 3.763315267860889435e-03 1.509020943194627762e-02 8.654957637190818787e-03 2.308583445847034454e-02 1.824373193085193634e-02 1.893894746899604797e-02 7.501167058944702148e-02 8.412444964051246643e-03 7.759402971714735031e-03 1.598588190972805023e-02 2.629717998206615448e-02 6.497350521385669708e-03 1.798542682081460953e-03 2.273000963032245636e-02 2.772057428956031799e-02 7.676524575799703598e-03 7.949690334498882294e-03 2.616274636238813400e-03 2.549892477691173553e-02 2.773368917405605316e-02 3.936061169952154160e-03 1.384440436959266663e-02 1.842980622313916683e-03 1.279766671359539032e-02 8.926097303628921509e-03 2.189092338085174561e-02 1.216834224760532379e-02 9.098346345126628876e-03 3.391272202134132385e-02 3.689926490187644958e-02 1.631174795329570770e-02 1.172784995287656784e-02 2.186445705592632294e-02 1.531414967030286789e-02 2.425850927829742432e-02 6.873193662613630295e-03 5.344884935766458511e-03 2.873317524790763855e-02 4.570708610117435455e-03 1.754329353570938110e-02 1.450320798903703690e-02 1.158753037452697754e-02 1.332906261086463928e-02 1.278612203896045685e-02 3.152919188141822815e-02 1.007572840899229050e-02 3.807976376265287399e-03 1.291698869317770004e-02 1.818806678056716919e-02 2.011530101299285889e-02 1.418297830969095230e-02 7.625909522175788879e-03 1.548609416931867599e-02 1.046173507347702980e-03 1.269278675317764282e-02 9.283795952796936035e-03 8.309857919812202454e-03
