8.245936036109924316e-01 6.928756833076477051e-02 3.156913071870803833e-02 3.051650151610374451e-02 2.851145341992378235e-02 8.895976468920707703e-03 1.748429238796234131e-02 2.625934779644012451e-02 1.405576523393392563e-02 1.286241319030523300e-02 2.465013973414897919e-02 2.017146535217761993e-02 6.868887227028608322e-03 6.224309559911489487e-03 2.148539386689662933e-02 1.881495118141174316e-03 1.034075301140546799e-02 3.559784963726997375e-02 2.049330249428749084e-02 1.113034412264823914e-02 1.111348159611225128e-02 8.501454256474971771e-03 3.890778636559844017e-03 2.856252016499638557e-03 1.127794664353132248e-02 2.202863059937953949e-02 1.311106327921152115e-02 8.464728482067584991e-03 2.505824156105518341e-02 2.356455428525805473e-03 1.746156252920627594e-02 2.472064923495054245e-03 2.874380908906459808e-02 1.249847561120986938e-02 1.103432197123765945e-02 2.201872318983078003e-02 1.964798010885715485e-02 1.612812094390392303e-02 2.352540567517280579e-02 2.276620641350746155e-02 1.348264608532190323e-02 1.417921390384435654e-02 2.158403210341930389e-02 2.522067725658416748e-02 2.225524559617042542e-02 8.104782551527023315e-03 1.127716246992349625e-02 4.149432759732007980e-03 1.946337334811687469e-02 7.695270702242851257e-03 1.215430535376071930e-02 1.485649403184652328e-02 1.680397242307662964e-02 3.377183456905186176e-04 8.797062560915946960e-03 1.149362605065107346e-02 9.394788183271884918e-03 2.598913200199604034e-02 3.521476686000823975e-02 3.541793674230575562e-02 2.374386880546808243e-03 2.029366604983806610e-02 2.720352262258529663e-03 1.982146687805652618e-02 4.663426429033279419e-02 3.888429701328277588e-02 2.768216421827673912e-03 8.905780501663684845e-03 1.170310191810131073e-02 1.274617388844490051e-02 1.673111319541931152e-02 3.900830401107668877e-03 4.727090708911418915e-03 3.770107869058847427e-03 2.190325595438480377e-02 1.389034278690814972e-02 2.858166396617889404e-02 7.122947834432125092e-03 1.062337402254343033e-02 1.375415083020925522e-02 3.054215200245380402e-02 4.267382249236106873e-02 1.013994868844747543e-02 7.646455895155668259e-03 6.566322874277830124e-03 1.209386251866817474e-02 2.866847068071365356e-02 3.058968111872673035e-02 2.105933800339698792e-02 8.882557041943073273e-03 2.741208299994468689e-02 2.755342796444892883e-02 2.267788164317607880e-02 1.909526623785495758e-02 7.862322963774204254e-03 3.395326435565948486e-03 2.702940441668033600e-02 3.754757577553391457e-03 2.913922435254789889e-05 6.214559078216552734e-03 5.427626427263021469e-03 9.946049249265342951e-05 1.317054219543933868e-02 1.679096370935440063e-02 1.968311844393610954e-03 2.271207747980952263e-03 2.394753508269786835e-02 1.268475502729415894e-02 5.076406057924032211e-03 2.987221069633960724e-02 1.993976160883903503e-02 2.346230857074260712e-02 6.593775469809770584e-03 1.062909420579671860e-02 2.766262926161289215e-02 9.363052435219287872e-03
6.928756833076477051e-02 8.245936036109924316e-01 2.497042715549468994e-02 2.359992451965808868e-02 1.047166995704174042e-02 3.632006794214248657e-02 6.521119177341461182e-02 2.170645631849765778e-02 1.921137981116771698e-02 1.006459537893533707e-02 2.122198045253753662e-02 1.653458923101425171e-02 2.151105739176273346e-02 1.895740441977977753e-02 1.804933138191699982e-02 4.291699267923831940e-03 1.357134617865085602e-02 3.825494647026062012e-02 1.913575083017349243e-02 8.971037343144416809e-03 2.667077817022800446e-03 1.493240334093570709e-02 1.269913092255592346e-02 7.883597165346145630e-03 8.915551938116550446e-03 4.383470397442579269e-03 1.908025145530700684e-02 1.322682201862335205e-02 4.006085218861699104e-04 1.010329183191061020e-02 1.529360655695199966e-02 9.728962555527687073e-03 2.578488551080226898e-02 2.465461613610386848e-03 8.697281591594219208e-03 2.586091309785842896e-02 1.174568943679332733e-02 1.963146962225437164e-02 4.606193397194147110e-03 1.539407949894666672e-02 1.860161125659942627e-02 7.005441468209028244e-03 1.318485103547573090e-02 2.266841381788253784e-02 2.157745324075222015e-02 2.606121357530355453e-03 1.622027158737182617e-02 2.721715904772281647e-02 1.116390898823738098e-02 6.840237416326999664e-03 1.695369929075241089e-02 1.602320373058319092e-02 3.884901991114020348e-03 2.710541943088173866e-03 8.411864750087261200e-03 5.823869258165359497e-03 1.274880021810531616e-02 2.888129325583577156e-03 1.808325573801994324e-02 8.381785824894905090e-03 9.289258159697055817e-03 4.839063156396150589e-03 1.603017933666706085e-02 2.822312526404857635e-02 4.028479754924774170e-02 1.870184764266014099e-02 1.471985690295696259e-02 2.347214706242084503e-02 1.305378100369125605e-04 2.680519968271255493e-02 1.691605150699615479e-02 6.821799557656049728e-03 6.506707519292831421e-03 1.457834150642156601e-02 4.649386275559663773e-03 3.202000167220830917e-03 4.316501319408416748e-02 3.230979433283209801e-03 1.475938875228166580e-02 2.704875543713569641e-02 1.446091104298830032e-02 3.122847341001033783e-02 5.833759205415844917e-04 4.022187553346157074e-03 9.214830584824085236e-03 7.014045491814613342e-03 2.445578575134277344e-02 9.261758066713809967e-03 4.871194250881671906e-03 1.146173453889787197e-03 1.106839254498481750e-02 2.497827447950839996e-02 5.877190269529819489e-03 2.482276409864425659e-02 7.862996309995651245e-03 6.665657274425029755e-03 2.148280479013919830e-02 5.218083388172090054e-04 1.450718473643064499e-02 2.243194729089736938e-02 2.276023663580417633e-02 1.341460086405277252e-02 2.055448293685913086e-02 1.678436435759067535e-02 1.171263679862022400e-02 4.188043065369129181e-03 1.558857690542936325e-02 5.110832396894693375e-03 1.040344685316085815e-02 9.884884580969810486e-03 2.266454696655273438e-02 1.690620183944702148e-02 1.803794503211975098e-02 1.333641353994607925e-02 3.360423073172569275e-02 1.867248117923736572e-02
3.156913071870803833e-02 2.497042715549468994e-02 8.245936036109924316e-01 4.338787402957677841e-03 1.148918550461530685e-02 2.277323417365550995e-02 1.958996057510375977e-02 6.842754781246185303e-02 1.149737555533647537e-02 3.375483211129903793e-04 1.170203462243080139e-02 1.997967995703220367e-02 3.219958394765853882e-03 1.285252347588539124e-02 3.974437713623046875e-02 1.410286407917737961e-02 3.430539509281516075e-04 1.166560593992471695e-02 1.229584589600563049e-02 1.094656251370906830e-02 1.092464197427034378e-02 4.529985040426254272e-02 5.625111982226371765e-03 2.081965282559394836e-02 1.871757395565509796e-02 1.701733842492103577e-02 3.223528340458869934e-02 1.270748907700181007e-03 1.361352391541004181e-02 1.723580295220017433e-03 1.284840237349271774e-02 8.106598397716879845e-04 8.742168545722961426e-03 4.865310620516538620e-03 1.734848506748676300e-02 3.037122450768947601e-02 1.589487306773662567e-02 3.615931421518325806e-02 3.162265755236148834e-03 1.336389407515525818e-02 2.489876002073287964e-02 5.046087782829999924e-03 4.179527983069419861e-03 4.270531237125396729e-02 9.679881623014807701e-04 1.096618734300136566e-02 2.253095991909503937e-02 3.448793431743979454e-04 1.220941194333136082e-03 8.591832593083381653e-03 2.444395096972584724e-03 1.141270529478788376e-02 4.101714119315147400e-03 8.375458419322967529e-03 4.382310435175895691e-03 8.975974284112453461e-03 1.791506889276206493e-03 2.624963177368044853e-03 8.972339332103729248e-03 1.626177690923213959e-03 2.610218524932861328e-02 5.798669531941413879e-03 1.734079793095588684e-02 7.460099179297685623e-03 2.736097201704978943e-02 1.212691329419612885e-02 2.945071086287498474e-02 2.109080925583839417e-02 9.363473393023014069e-03 2.400340698659420013e-02 3.222913946956396103e-04 2.104799635708332062e-02 2.060150727629661560e-02 1.478338148444890976e-02 7.912233471870422363e-03 1.616352051496505737e-02 8.459452539682388306e-03 6.686578504741191864e-03 8.923434652388095856e-03 1.323323231190443039e-04 7.181507349014282227e-02 5.681456252932548523e-02 1.509329490363597870e-02 1.712766592390835285e-03 8.895589038729667664e-03 4.619156476110219955e-03 6.022233888506889343e-02 4.296797141432762146e-02 1.485146395862102509e-02 1.376461796462535858e-02 5.016907583922147751e-03 3.431144729256629944e-02 1.635782234370708466e-02 3.635584935545921326e-02 1.017404627054929733e-02 1.038902904838323593e-02 3.046935424208641052e-02 1.697689108550548553e-02 2.326001413166522980e-02 2.178960666060447693e-02 4.502056632190942764e-03 5.720325745642185211e-03 4.108403250575065613e-02 3.592391684651374817e-02 1.096751727163791656e-02 6.038981024175882339e-03 1.255383342504501343e-02 6.583524373127147555e-05 1.881513744592666626e-02 1.690301112830638885e-02 3.373873233795166016e-02 2.694790251553058624e-02 3.294137073680758476e-03 1.270841574296355247e-03 2.865840122103691101e-02 2.625159174203872681e-02
3.051650151610374451e-02 2.359992451965808868e-02 4.338787402957677841e-03 8.245936036109924316e-01 7.006493210792541504e-02 2.066363813355565071e-03 2.794139785692095757e-03 1.540083810687065125e-02 1.043912023305892944e-02 2.851262222975492477e-03 3.299076342955231667e-03 1.228548702783882618e-03 2.091064350679516792e-03 8.324623922817409039e-04 1.906057074666023254e-02 1.570949889719486237e-02 1.055708341300487518e-02 6.189978215843439102e-03 5.084376037120819092e-02 7.386378012597560883e-03 1.419331226497888565e-02 1.267838664352893829e-02 1.485439203679561615e-02 7.283615879714488983e-03 2.202594839036464691e-02 1.613027229905128479e-02 4.594479687511920929e-03 1.485788729041814804e-02 2.149996347725391388e-02 2.253870293498039246e-02 2.723955363035202026e-02 1.694712229073047638e-02 1.180173084139823914e-02 1.813246496021747589e-02 3.230311349034309387e-02 1.465770881623029709e-02 3.735785372555255890e-03 1.630128175020217896e-02 5.896892026066780090e-02 4.599043726921081543e-02 6.288150791078805923e-03 4.935325589030981064e-03 3.791433293372392654e-03 3.245532885193824768e-02 3.607953200116753578e-03 1.521778572350740433e-02 3.103536926209926605e-02 2.299006842076778412e-02 5.871516186743974686e-03 5.512327421456575394e-03 1.581860333681106567e-02 1.980604231357574463e-02 2.724551782011985779e-02 6.698662415146827698e-03 8.313970640301704407e-03 3.076649038121104240e-03 2.177396789193153381e-02 2.944006398320198059e-02 4.592513665556907654e-02 2.656544372439384460e-02 3.183852182701230049e-03 2.449689991772174835e-02 3.240930149331688881e-03 1.891171187162399292e-02 4.174625501036643982e-02 2.704151533544063568e-02 1.245521474629640579e-02 7.425973191857337952e-03 1.825313456356525421e-02 4.731297027319669724e-03 1.856832765042781830e-02 1.922628842294216156e-02 3.952198475599288940e-02 1.395636051893234253e-02 1.556502655148506165e-02 2.127494290471076965e-02 4.275695420801639557e-03 1.219326537102460861e-02 1.321534346789121628e-02 2.656580507755279541e-02 4.666313529014587402e-03 1.930423267185688019e-02 1.693205162882804871e-02 3.230030462145805359e-02 2.233271487057209015e-02 2.048308216035366058e-02 5.134829320013523102e-03 7.605928694829344749e-04 1.812746934592723846e-02 1.063221320509910583e-02 3.320972993969917297e-02 2.053645998239517212e-02 3.358490020036697388e-02 1.249443646520376205e-02 1.803228864446282387e-03 1.637130044400691986e-02 9.013391099870204926e-03 1.715766079723834991e-02 3.778062993660569191e-03 2.888835500925779343e-03 5.934651941061019897e-03 6.425620988011360168e-03 6.623269058763980865e-03 1.677958108484745026e-02 1.596036553382873535e-02 1.025668624788522720e-02 1.384252123534679413e-02 2.703988924622535706e-02 8.585310541093349457e-03 2.348406985402107239e-02 5.745614413172006607e-03 7.748569361865520477e-03 6.744194310158491135e-03 1.040976494550704956e-02 2.549470029771327972e-02 1.380647253245115280e-02
2.851145341992378235e-02 1.047166995704174042e-02 1.148918550461530685e-02 7.006493210792541504e-02 8.245936036109924316e-01 2.253459300845861435e-03 3.968899603933095932e-03 5.328560713678598404e-03 1.178807951509952545e-02 1.646799594163894653e-02 1.325526461005210876e-02 1.491375919431447983e-02 6.201019277796149254e-04 1.352570950984954834e-02 1.473112311214208603e-02 1.201360113918781281e-02 5.182814784348011017e-03 3.213218180462718010e-03 3.414145857095718384e-02 5.680411122739315033e-04 2.672487869858741760e-03 1.353573403321206570e-03 1.186535786837339401e-02 2.450009342283010483e-03 1.081407535821199417e-02 4.711232613772153854e-03 3.463545581325888634e-03 3.012478165328502655e-02 1.660817675292491913e-02 2.168113179504871368e-02 1.747705275192856789e-03 1.102524064481258392e-02 2.882554661482572556e-03 3.446008311584591866e-03 2.242929860949516296e-02 1.163156609982252121e-02 1.190652721561491489e-03 1.179119199514389038e-02 4.478301852941513062e-02 6.084939837455749512e-02 4.425661638379096985e-03 5.193429533392190933e-03 5.495006218552589417e-03 3.059327602386474609e-02 1.630355371162295341e-03 1.012889388948678970e-02 2.423888072371482849e-02 1.883344911038875580e-02 1.348121371120214462e-02 2.172888629138469696e-02 1.717770099639892578e-02 2.290493622422218323e-02 2.234813384711742401e-02 5.988895893096923828e-03 2.431674487888813019e-02 8.299507200717926025e-03 3.766632173210382462e-03 1.760071329772472382e-02 4.760244116187095642e-02 3.625073656439781189e-02 1.159142609685659409e-02 2.373512275516986847e-02 1.306996028870344162e-02 7.184559479355812073e-03 4.018599912524223328e-02 1.371210534125566483e-02 9.677299298346042633e-03 4.481283016502857208e-03 1.463201735168695450e-02 5.572605412453413010e-03 1.145010534673929214e-02 1.022720709443092346e-02 3.483947366476058960e-02 8.573817089200019836e-03 3.924718499183654785e-02 1.035771425813436508e-02 6.255555432289838791e-03 1.975402608513832092e-02 2.816445892676711082e-03 1.690234057605266571e-02 9.665970690548419952e-03 1.388096995651721954e-02 1.928636990487575531e-02 4.253917187452316284e-02 8.924637921154499054e-03 1.646522246301174164e-02 1.518879178911447525e-02 2.178477123379707336e-03 8.232308900915086269e-04 9.891145862638950348e-03 3.423701971769332886e-02 1.959622651338577271e-02 2.433011122047901154e-02 1.758087240159511566e-02 1.263812463730573654e-02 1.993780583143234253e-02 1.811129972338676453e-02 8.876727952156215906e-05 2.609658287838101387e-03 2.816978842020034790e-03 1.136576104909181595e-02 2.610782859846949577e-03 8.969453163444995880e-03 1.222999952733516693e-02 1.679356209933757782e-02 1.184656936675310135e-02 1.593421585857868195e-02 3.607060760259628296e-02 1.140904147177934647e-02 3.373987600207328796e-02 2.803403884172439575e-03 2.689368790015578270e-03 7.533762603998184204e-03 7.924459874629974365e-03 2.656716853380203247e-02 9.345639497041702271e-03
8.895976468920707703e-03 3.632006794214248657e-02 2.277323417365550995e-02 2.066363813355565071e-03 2.253459300845861435e-03 8.245936036109924316e-01 5.961296334862709045e-02 1.826294325292110443e-02 1.195969432592391968e-02 8.140522986650466919e-03 1.143577974289655685e-02 2.751446515321731567e-02 1.441447297111153603e-03 3.315889462828636169e-02 3.428221913054585457e-03 1.060463953763246536e-02 8.730000816285610199e-03 2.015399001538753510e-02 5.346235819160938263e-03 1.540461927652359009e-02 7.847104221582412720e-03 3.062600502744317055e-03 1.030839979648590088e-02 1.388817932456731796e-02 2.184600196778774261e-02 1.663366891443729401e-02 9.833811782300472260e-03 7.101757917553186417e-03 1.222847308963537216e-02 1.029412262141704559e-02 1.652578637003898621e-02 1.905389130115509033e-02 8.109207265079021454e-03 2.041401108726859093e-03 2.106679975986480713e-02 4.882675129920244217e-03 8.334884420037269592e-03 1.713280007243156433e-02 5.017013754695653915e-03 1.760425977408885956e-02 5.697176675312221050e-04 2.853640355169773102e-02 3.015878796577453613e-02 6.335734855383634567e-03 3.074507229030132294e-02 3.113607689738273621e-02 2.731351368129253387e-02 1.171074341982603073e-02 1.783877052366733551e-02 1.953268609941005707e-02 2.335790917277336121e-02 2.985147014260292053e-02 5.569583270698785782e-03 7.825870998203754425e-03 1.976798847317695618e-02 1.218692399561405182e-02 6.015906576067209244e-03 2.772897295653820038e-02 3.975596278905868530e-03 5.661717150360345840e-03 6.577125750482082367e-03 1.428109500557184219e-02 2.814352279528975487e-03 1.272899284958839417e-02 1.972790062427520752e-02 2.245958894491195679e-03 3.013699315488338470e-02 2.409733273088932037e-02 7.516967598348855972e-03 9.747553616762161255e-03 1.112480834126472473e-02 2.878966974094510078e-03 9.097866714000701904e-03 4.001223947852849960e-03 9.537829086184501648e-03 1.020802836865186691e-02 2.308163233101367950e-02 2.923566661775112152e-02 1.519384235143661499e-02 1.613538525998592377e-02 1.361664035357534885e-03 4.410564899444580078e-03 1.437156274914741516e-02 8.237200789153575897e-03 2.957337722182273865e-02 3.509820625185966492e-02 4.423751030117273331e-03 4.315869882702827454e-03 1.446727849543094635e-02 4.329205304384231567e-02 7.031715009361505508e-03 3.278857097029685974e-03 1.573034375905990601e-02 7.955041714012622833e-03 1.680746488273143768e-02 7.399815134704113007e-03 6.230286788195371628e-03 1.480007776990532875e-03 3.357942774891853333e-02 3.398459032177925110e-02 3.153640031814575195e-02 2.836469188332557678e-02 7.488886360079050064e-03 5.874075926840305328e-03 3.024718910455703735e-02 7.535884622484445572e-03 1.902708411216735840e-02 6.392780691385269165e-03 1.511383801698684692e-02 2.336145937442779541e-02 8.529449696652591228e-04 3.847094194497913122e-04 3.340458869934082031e-02 3.178647533059120178e-02 2.611481398344039917e-02 1.768036372959613800e-02
1.748429238796234131e-02 6.521119177341461182e-02 1.958996057510375977e-02 2.794139785692095757e-03 3.968899603933095932e-03 5.961296334862709045e-02 8.245936036109924316e-01 1.283250935375690460e-02 7.642866112291812897e-04 4.427434876561164856e-03 2.124049887061119080e-02 2.475150115787982941e-02 3.556409850716590881e-02 3.658019751310348511e-02 6.785394623875617981e-03 6.052821408957242966e-04 3.082977840676903725e-03 2.129618823528289795e-02 2.263965550810098648e-03 6.859892746433615685e-04 4.974349867552518845e-03 1.499075163155794144e-02 1.314283907413482666e-02 2.644789032638072968e-02 1.521314587444067001e-02 9.329397231340408325e-03 1.744393445551395416e-02 6.934402510523796082e-03 3.268381208181381226e-02 2.841977775096893311e-02 1.918775402009487152e-02 1.851793751120567322e-02 5.921001080423593521e-03 1.376077439635992050e-02 1.128242630511522293e-02 9.605134837329387665e-03 1.387761905789375305e-02 9.591207839548587799e-03 6.772215943783521652e-03 4.483218304812908173e-03 9.977620095014572144e-03 1.723832823336124420e-02 2.848575636744499207e-02 7.682908792048692703e-03 1.677559502422809601e-02 2.311756089329719543e-02 3.364000469446182251e-02 5.575307086110115051e-02 6.148989778012037277e-03 7.215093821287155151e-03 1.714432798326015472e-02 2.477817982435226440e-02 4.258594475686550140e-03 1.475625857710838318e-02 3.276997478678822517e-03 2.236593328416347504e-02 2.585520036518573761e-03 1.587054505944252014e-02 1.255659386515617371e-02 7.864980958402156830e-03 9.460577741265296936e-03 2.613944234326481819e-03 1.470507867634296417e-02 1.948742428794503212e-03 1.049625501036643982e-02 1.403797604143619537e-02 1.881513930857181549e-02 2.192976139485836029e-02 6.534855812788009644e-03 1.703160814940929413e-02 1.117065642029047012e-02 7.174537051469087601e-03 1.495115086436271667e-02 5.910099949687719345e-03 1.024313457310199738e-02 2.512121805921196938e-03 2.264365181326866150e-02 1.757250353693962097e-02 1.316649187356233597e-02 6.425928324460983276e-03 7.251293936860747635e-06 2.194796875119209290e-02 1.038376986980438232e-02 2.372846193611621857e-02 6.821982096880674362e-03 1.838978007435798645e-02 1.148418895900249481e-02 7.535869255661964417e-03 3.275421040598303080e-04 2.444676123559474945e-02 2.661679498851299286e-02 1.687557087279856205e-03 1.012596581131219864e-02 4.358906298875808716e-03 2.340400533284991980e-04 5.258673802018165588e-03 1.531316991895437241e-02 1.280609425157308578e-02 2.026509866118431091e-02 2.315780706703662872e-02 2.595039270818233490e-02 2.746810019016265869e-02 2.200884371995925903e-02 2.490691607818007469e-03 1.330886501818895340e-02 1.308696693740785122e-03 5.307389888912439346e-03 8.378226310014724731e-03 2.066566050052642822e-02 2.480691485106945038e-02 5.747276358306407928e-03 1.194567047059535980e-02 1.702200993895530701e-02 2.521705068647861481e-02 1.520171295851469040e-02 1.588151231408119202e-02
2.625934779644012451e-02 2.170645631849765778e-02 6.842754781246185303e-02 1.540083810687065125e-02 5.328560713678598404e-03 1.826294325292110443e-02 1.283250935375690460e-02 8.245936036109924316e-01 1.324157137423753738e-02 6.528086028993129730e-03 1.552843861281871796e-02 6.793584674596786499e-03 1.070605684071779251e-02 3.267175052314996719e-03 5.402297526597976685e-02 1.655121147632598877e-02 7.159264292567968369e-03 8.511880412697792053e-03 1.660382258705794811e-03 2.529617166146636009e-03 7.966127246618270874e-03 4.949621856212615967e-02 3.875020425766706467e-03 2.122763689840212464e-04 1.379992440342903137e-02 1.222859788686037064e-02 3.226372599601745605e-02 2.742810174822807312e-02 1.943164132535457611e-02 2.979932911694049835e-02 1.381452567875385284e-02 2.711559413000941277e-03 8.210591040551662445e-03 8.042768458835780621e-04 9.853412397205829620e-03 4.289147630333900452e-02 3.433624655008316040e-02 2.780638262629508972e-02 1.122131478041410446e-02 1.324527524411678314e-02 2.998476289212703705e-02 2.000850252807140350e-02 4.012362624052911997e-04 3.875986859202384949e-02 9.590400382876396179e-03 1.886600442230701447e-02 2.851762995123863220e-02 2.076898235827684402e-03 1.896897680126130581e-03 3.166521433740854263e-03 1.212985813617706299e-02 1.503889076411724091e-02 1.385414320975542068e-02 8.402951993048191071e-03 6.146440748125314713e-03 3.115163417533040047e-03 8.422467857599258423e-03 9.132504928857088089e-04 6.960188969969749451e-03 5.314227659255266190e-03 1.311065629124641418e-02 1.614375738427042961e-03 3.849138505756855011e-03 5.544312443817034364e-05 2.290791831910610199e-02 1.056738942861557007e-02 2.331312559545040131e-02 9.959500283002853394e-03 4.867931827902793884e-03 2.519497089087963104e-02 1.098183821886777878e-02 2.367473952472209930e-02 2.952818013727664948e-02 2.437343075871467590e-02 8.438671007752418518e-03 1.626018807291984558e-02 1.147742383182048798e-02 1.484412467107176781e-03 1.170442719012498856e-02 3.918207716196775436e-03 7.475828379392623901e-02 5.287684500217437744e-02 3.031705040484666824e-03 3.865247126668691635e-03 4.151604603976011276e-03 4.137573298066854477e-03 6.361456960439682007e-02 5.471120029687881470e-02 1.451145857572555542e-02 5.297014489769935608e-03 6.978177698329091072e-04 3.770383819937705994e-02 3.127944422885775566e-03 3.962325304746627808e-02 6.321388296782970428e-03 1.776127517223358154e-02 2.834302745759487152e-02 1.644783467054367065e-02 7.239867467433214188e-03 8.235272020101547241e-03 2.393410541117191315e-03 6.100145168602466583e-03 3.545818105340003967e-02 2.750595100224018097e-02 6.815765518695116043e-03 2.029686467722058296e-03 3.594075562432408333e-03 1.250308356247842312e-03 3.788662608712911606e-03 3.614515531808137894e-03 3.315677866339683533e-02 2.975599281489849091e-02 1.197100244462490082e-02 6.524393334984779358e-03 2.294832281768321991e-02 2.335513569414615631e-02
1.405576523393392563e-02 1.921137981116771698e-02 1.149737555533647537e-02 1.043912023305892944e-02 1.178807951509952545e-02 1.195969432592391968e-02 7.642866112291812897e-04 1.324157137423753738e-02 8.245936036109924316e-01 2.898801490664482117e-02 7.209505885839462280e-03 2.349728532135486603e-02 1.249301247298717499e-02 3.378786146640777588e-02 1.091402582824230194e-02 2.896082820370793343e-03 3.542447928339242935e-03 4.216569662094116211e-02 6.298274733126163483e-03 7.167581468820571899e-03 1.864204066805541515e-03 9.198731742799282074e-03 1.961787231266498566e-02 1.460132561624050140e-02 6.669099908322095871e-03 1.695173792541027069e-02 8.249267935752868652e-03 3.796386066824197769e-03 3.652825951576232910e-03 1.191640459001064301e-02 4.298888519406318665e-02 9.103228338062763214e-03 2.591465786099433899e-02 1.874581724405288696e-02 1.559902913868427277e-02 1.536331512033939362e-02 1.811396144330501556e-02 1.306352205574512482e-02 8.885628543794155121e-03 3.625332377851009369e-03 1.779589219950139523e-03 7.972028106451034546e-03 3.665341297164559364e-03 5.225627683103084564e-03 5.111998692154884338e-02 2.130562812089920044e-02 7.280311081558465958e-03 2.743673743680119514e-03 3.417966887354850769e-02 5.890931352041661739e-04 7.517881225794553757e-03 4.208743572235107422e-03 2.445718506351113319e-03 5.309632513672113419e-03 3.070800937712192535e-02 6.424997933208942413e-03 6.594616454094648361e-03 1.508416887372732162e-02 9.043386206030845642e-03 2.143342746421694756e-03 3.478057682514190674e-02 1.804436929523944855e-02 1.301152352243661880e-02 1.278546825051307678e-02 1.027970202267169952e-02 2.923816815018653870e-02 5.898962263017892838e-04 4.675452597439289093e-03 8.900195360183715820e-03 1.390932966023683548e-02 2.605159301310777664e-03 1.992371305823326111e-02 8.399239741265773773e-03 9.572302922606468201e-03 1.692174188792705536e-02 1.410966087132692337e-02 9.384532272815704346e-02 2.968659251928329468e-02 6.124964356422424316e-02 8.516834117472171783e-03 5.474625155329704285e-03 8.687630295753479004e-03 2.856422774493694305e-02 2.621109597384929657e-02 2.669781073927879333e-02 4.031031858175992966e-03 1.320181321352720261e-02 9.411944076418876648e-03 1.250268518924713135e-02 2.872625179588794708e-02 2.141232136636972427e-03 6.092822877690196037e-04 1.781720109283924103e-02 6.131156696937978268e-04 4.293560516089200974e-03 9.699283167719841003e-03 1.443059276789426804e-02 3.092329204082489014e-02 1.783777377568185329e-03 8.750432170927524567e-03 2.770224586129188538e-03 3.847080515697598457e-04 1.152389962226152420e-02 2.424981817603111267e-02 6.091318093240261078e-03 1.190534606575965881e-02 2.797582373023033142e-02 2.044203318655490875e-02 1.596195250749588013e-02 7.141981273889541626e-03 1.307752332650125027e-03 4.879637621343135834e-03 1.637308299541473389e-02 5.870627705007791519e-03 5.047913175076246262e-03 1.086195744574069977e-02
1.286241319030523300e-02 1.006459537893533707e-02 3.375483211129903793e-04 2.851262222975492477e-03 1.646799594163894653e-02 8.140522986650466919e-03 4.427434876561164856e-03 6.528086028993129730e-03 2.898801490664482117e-02 8.245936036109924316e-01 1.982541941106319427e-02 1.928278617560863495e-02 2.317566424608230591e-02 2.849245443940162659e-02 1.640379987657070160e-02 1.607825234532356262e-02 3.363080695271492004e-02 3.046117955818772316e-03 3.391236811876296997e-02 1.253845077008008957e-02 5.482654552906751633e-03 1.281115971505641937e-02 1.037253532558679581e-02 3.265684470534324646e-02 1.857434585690498352e-02 1.636978611350059509e-02 9.547808207571506500e-03 1.443016435950994492e-02 1.496272068470716476e-02 1.010714378207921982e-02 8.532191626727581024e-03 1.975229009985923767e-02 2.606286481022834778e-02 2.220189012587070465e-02 2.712635323405265808e-02 2.062621526420116425e-02 3.316861018538475037e-02 1.558573544025421143e-02 3.763449843972921371e-03 1.820718124508857727e-02 2.247031033039093018e-02 2.697871997952461243e-02 2.150608412921428680e-02 1.479280740022659302e-02 2.074109949171543121e-02 4.785619303584098816e-02 3.273437032476067543e-03 1.649598404765129089e-02 4.736591596156358719e-03 3.930659964680671692e-02 9.789553470909595490e-03 1.564624905586242676e-02 3.769389120861887932e-03 7.181104738265275955e-03 7.487025111913681030e-03 4.122119769454002380e-02 1.792266219854354858e-02 1.783038675785064697e-02 9.891396621242165565e-04 1.146658696234226227e-02 1.716242171823978424e-02 1.908313669264316559e-02 1.703075133264064789e-02 1.521675847470760345e-02 1.942196860909461975e-03 5.386620759963989258e-03 2.054011262953281403e-02 1.316223479807376862e-02 1.197771355509757996e-02 3.051012381911277771e-02 3.887403383851051331e-02 1.632325164973735809e-02 2.572862990200519562e-02 3.470750153064727783e-02 3.582896292209625244e-02 1.090513309463858604e-03 1.552344206720590591e-02 5.954722687602043152e-02 2.355105802416801453e-02 4.714540019631385803e-02 1.048258272930979729e-03 8.744859136641025543e-03 1.457587466575205326e-03 4.499753937125205994e-02 1.820487901568412781e-02 1.769594475626945496e-02 8.712993934750556946e-03 1.198241673409938812e-02 2.851541154086589813e-02 2.318248152732849121e-02 3.757668891921639442e-03 2.356979064643383026e-02 4.731493536382913589e-03 2.460433728992938995e-02 5.974265281111001968e-03 3.688783198595046997e-02 2.281710505485534668e-02 6.746139377355575562e-03 2.547889016568660736e-02 1.660561002790927887e-02 2.287300676107406616e-02 3.529622033238410950e-02 1.285117678344249725e-02 8.496993221342563629e-03 1.735113095492124557e-03 1.286320760846138000e-02 1.320743840187788010e-02 9.690039791166782379e-03 3.018859028816223145e-02 1.191153749823570251e-02 2.399066649377346039e-02 1.899260096251964569e-02 1.951009035110473633e-02 2.721432596445083618e-02 1.906772516667842865e-02 1.518746092915534973e-02
2.465013973414897919e-02 2.122198045253753662e-02 1.170203462243080139e-02 3.299076342955231667e-03 1.325526461005210876e-02 1.143577974289655685e-02 2.124049887061119080e-02 1.552843861281871796e-02 7.209505885839462280e-03 1.982541941106319427e-02 8.245936036109924316e-01 1.421071123331785202e-02 5.780823901295661926e-02 9.714468382298946381e-03 1.789359003305435181e-02 1.305403001606464386e-02 2.893784269690513611e-02 2.772633545100688934e-02 2.105938643217086792e-02 1.685631833970546722e-02 6.719200406223535538e-03 3.488885238766670227e-03 1.445718389004468918e-02 1.535317488014698029e-02 9.557714685797691345e-03 1.145069021731615067e-02 5.179491126909852028e-04 1.179051771759986877e-02 3.299868106842041016e-02 4.166592843830585480e-03 4.018107801675796509e-02 1.972894370555877686e-02 1.490986533463001251e-02 3.002304770052433014e-02 7.988396100699901581e-03 1.466840319335460663e-02 2.979528903961181641e-02 7.135669700801372528e-03 1.011719740927219391e-02 1.474428642541170120e-02 2.596670202910900116e-02 2.722712233662605286e-03 1.414302387274801731e-03 2.122478745877742767e-02 4.657583194784820080e-04 1.587042585015296936e-02 1.098225638270378113e-02 4.910245165228843689e-02 1.103134825825691223e-03 7.824321277439594269e-03 1.504625193774700165e-02 8.147537708282470703e-03 1.781990565359592438e-02 7.321703247725963593e-03 2.849323302507400513e-02 1.512557733803987503e-02 2.628732286393642426e-02 1.498645055107772350e-03 1.140943448990583420e-02 1.784357358701527119e-03 3.513244166970252991e-02 6.812701933085918427e-03 7.981920614838600159e-03 4.014234058558940887e-03 1.285821292549371719e-02 2.586130239069461823e-02 1.302736159414052963e-02 1.876561343669891357e-02 1.761803962290287018e-02 4.850977100431919098e-03 2.016485296189785004e-02 9.877651929855346680e-03 7.587097585201263428e-03 6.333829369395971298e-03 5.123164504766464233e-03 4.213530570268630981e-03 4.511937033385038376e-03 5.057196132838726044e-03 1.276572234928607941e-02 4.157029557973146439e-03 1.476052310317754745e-02 8.432026021182537079e-03 7.809634320437908173e-03 2.429370395839214325e-02 1.300475932657718658e-02 6.285133305937051773e-03 1.528641860932111740e-02 1.864519342780113220e-02 1.252727396786212921e-02 1.539625664008781314e-04 2.214420586824417114e-02 1.460296660661697388e-02 3.075624257326126099e-02 1.430703606456518173e-02 1.117600593715906143e-02 1.829168386757373810e-02 5.233585834503173828e-03 1.373509131371974945e-02 7.721906527876853943e-03 2.444359846413135529e-02 1.921053417026996613e-02 2.668351307511329651e-02 3.759048180654644966e-03 1.029262226074934006e-02 5.565857049077749252e-03 6.690308451652526855e-03 1.167602837085723877e-02 3.508422896265983582e-02 1.051959209144115448e-02 4.437969531863927841e-03 1.830396940931677818e-03 1.548486202955245972e-02 3.231126349419355392e-03 2.726118080317974091e-03 9.231950156390666962e-03 7.436044979840517044e-03
2.017146535217761993e-02 1.653458923101425171e-02 1.997967995703220367e-02 1.228548702783882618e-03 1.491375919431447983e-02 2.751446515321731567e-02 2.475150115787982941e-02 6.793584674596786499e-03 2.349728532135486603e-02 1.928278617560863495e-02 1.421071123331785202e-02 8.245936036109924316e-01 8.873542770743370056e-03 6.175977364182472229e-02 8.444992825388908386e-03 2.446224726736545563e-02 2.231293357908725739e-02 2.891947980970144272e-03 3.137914091348648071e-02 1.357416436076164246e-02 1.662860065698623657e-02 1.013373769819736481e-02 1.490214467048645020e-02 1.480384357273578644e-02 1.775396242737770081e-02 1.382653485052287579e-03 2.992391120642423630e-03 5.774946883320808411e-02 6.472732406109571457e-03 4.914398491382598877e-02 1.796826347708702087e-02 2.667652256786823273e-02 4.550090990960597992e-03 2.517932094633579254e-02 1.011793967336416245e-02 1.203501783311367035e-02 9.903204627335071564e-03 1.029458362609148026e-02 1.086371764540672302e-02 1.561269070953130722e-02 1.438023988157510757e-02 1.346590276807546616e-02 2.480742987245321274e-03 1.863447390496730804e-02 1.576119288802146912e-02 8.162649348378181458e-03 5.795822478830814362e-03 6.674126256257295609e-03 1.560465898364782333e-02 2.137679234147071838e-02 2.119736187160015106e-02 2.250261604785919189e-03 1.016541291028261185e-02 9.264711290597915649e-03 9.849076159298419952e-03 2.709912508726119995e-02 3.328240290284156799e-02 1.621244288980960846e-02 4.038458690047264099e-03 1.578178815543651581e-02 3.844661638140678406e-02 4.576036706566810608e-02 3.852705657482147217e-02 1.704949513077735901e-02 7.758935447782278061e-03 1.807150430977344513e-02 8.138496428728103638e-03 7.399181835353374481e-03 2.780300751328468323e-02 4.657249897718429565e-03 2.470902353525161743e-02 1.633513718843460083e-02 1.084780134260654449e-02 1.349609997123479843e-02 3.269125521183013916e-02 3.306494280695915222e-02 9.251479990780353546e-03 4.998436197638511658e-04 2.438464760780334473e-02 1.622435078024864197e-02 4.360725171864032745e-03 1.301898900419473648e-02 9.300915524363517761e-03 2.106118761003017426e-02 3.725398331880569458e-02 1.532811205834150314e-02 8.168695494532585144e-03 9.102489799261093140e-03 3.841984644532203674e-02 2.686680480837821960e-02 2.229551086202263832e-03 8.428096771240234375e-03 2.273697592318058014e-02 4.240230191498994827e-03 5.294948816299438477e-03 5.255484487861394882e-03 1.993704587221145630e-02 2.911062352359294891e-02 1.321328803896903992e-02 1.015460118651390076e-02 1.674355007708072662e-02 8.138997509377077222e-05 1.126020774245262146e-02 1.494005974382162094e-02 7.986793294548988342e-03 5.243051797151565552e-03 2.809142693877220154e-03 2.736611664295196533e-02 6.767327897250652313e-03 1.237866585142910480e-03 5.925865843892097473e-03 7.445726543664932251e-03 6.150419358164072037e-03 1.096048043109476566e-03 1.913784816861152649e-02 1.507794484496116638e-03
6.868887227028608322e-03 2.151105739176273346e-02 3.219958394765853882e-03 2.091064350679516792e-03 6.201019277796149254e-04 1.441447297111153603e-03 3.556409850716590881e-02 1.070605684071779251e-02 1.249301247298717499e-02 2.317566424608230591e-02 5.780823901295661926e-02 8.873542770743370056e-03 8.245936036109924316e-01 2.685467340052127838e-02 2.215937897562980652e-02 1.502371020615100861e-02 1.075861416757106781e-02 8.476002141833305359e-03 6.848401855677366257e-03 7.369613740593194962e-03 7.405485492199659348e-03 2.695973590016365051e-02 2.303897589445114136e-02 1.586162112653255463e-02 7.774181663990020752e-03 1.309758238494396210e-02 1.830691657960414886e-02 6.174016278237104416e-03 4.981308057904243469e-02 1.733599789440631866e-02 5.379487946629524231e-02 2.710215374827384949e-02 1.090751495212316513e-03 3.024207614362239838e-02 1.020573358982801437e-02 8.017995394766330719e-03 3.033990785479545593e-02 2.019871398806571960e-02 2.603505039587616920e-03 1.039403211325407028e-02 2.821699902415275574e-02 1.602569222450256348e-02 1.531096175312995911e-02 1.384735852479934692e-02 1.325491722673177719e-02 9.885190986096858978e-03 2.295613521710038185e-04 3.750966489315032959e-02 2.132106805220246315e-03 2.432467974722385406e-02 1.188397407531738281e-02 1.572345383465290070e-02 7.493207231163978577e-03 5.238496232777833939e-03 1.599515601992607117e-02 3.337873518466949463e-02 3.279920667409896851e-02 1.311526983045041561e-03 7.609059102833271027e-03 1.716312952339649200e-02 1.843907311558723450e-02 1.801901147700846195e-03 4.570797551423311234e-03 1.785683818161487579e-02 1.711539179086685181e-02 3.818959742784500122e-02 2.317713759839534760e-02 2.267716452479362488e-02 7.532362826168537140e-03 1.467856485396623611e-02 4.679727833718061447e-03 1.154623646289110184e-02 1.413444522768259048e-03 8.791560307145118713e-03 2.538978878874331713e-04 1.247627940028905869e-02 5.508647882379591465e-04 1.174923218786716461e-02 8.637142367660999298e-03 2.487859223037958145e-03 4.878265317529439926e-03 4.575363826006650925e-03 3.300901036709547043e-03 1.176473777741193771e-02 4.495449364185333252e-03 1.494712382555007935e-02 1.433525327593088150e-02 3.289717063307762146e-02 2.334484085440635681e-02 1.301243621855974197e-02 2.290084399282932281e-02 1.639766246080398560e-02 1.993595622479915619e-02 2.395086549222469330e-02 1.383140217512845993e-02 1.810964196920394897e-02 2.543021226301789284e-03 2.979918010532855988e-02 3.207376971840858459e-02 3.335376083850860596e-02 3.669618815183639526e-02 4.440548270940780640e-02 1.982598332688212395e-03 4.379848018288612366e-03 6.270631682127714157e-03 2.800041111186146736e-03 1.437691878527402878e-02 4.475990775972604752e-03 3.296032920479774475e-02 2.158218063414096832e-02 8.538650348782539368e-03 2.493412047624588013e-02 9.936433285474777222e-03 1.583724841475486755e-02 7.059025112539529800e-03 1.713280752301216125e-02
