8.260432481765747070e-01 6.172605231404304504e-02 2.509693615138530731e-02 5.535043776035308838e-03 1.637891307473182678e-02 5.221905186772346497e-02 2.159306034445762634e-02 7.474767044186592102e-03 4.245885647833347321e-03 8.030244149267673492e-03 7.239271700382232666e-02 1.708260364830493927e-02 6.648984551429748535e-02 1.458166446536779404e-02 2.630148455500602722e-02 4.846755880862474442e-03 4.701991565525531769e-03 1.594234630465507507e-02 4.636504687368869781e-03 5.989745724946260452e-03 3.824479877948760986e-03 2.018419653177261353e-02 1.182710658758878708e-02 8.676071651279926300e-03 8.465643972158432007e-03 2.405130118131637573e-02 1.528353430330753326e-02 2.287247963249683380e-02 2.238230407238006592e-02 1.554434653371572495e-02 3.809947147965431213e-02 7.440080400556325912e-03 3.489693161100149155e-03 1.415188191458582878e-03 8.217592723667621613e-03 2.347100153565406799e-02 4.057804495096206665e-02 5.388207733631134033e-03 1.132409553974866867e-02 4.663858097046613693e-03 1.545432489365339279e-03 8.347799070179462433e-03 5.389029160141944885e-03 7.957992143929004669e-03 6.977869197726249695e-03 5.557337775826454163e-03 5.842275172472000122e-02 4.098634701222181320e-03 1.043689344078302383e-02 2.190851978957653046e-02 5.007110070437192917e-03 4.440388642251491547e-03 7.582232356071472168e-03 7.375474553555250168e-03 6.393491290509700775e-03 2.103002555668354034e-02 4.187485668808221817e-03 1.961331069469451904e-02 9.922233410179615021e-03 2.538176439702510834e-02 2.054096385836601257e-02 2.494751103222370148e-02 9.635607711970806122e-03 1.035175845026969910e-02 1.681495271623134613e-02 1.565785892307758331e-02 1.015850249677896500e-02 4.170498810708522797e-03 1.404145546257495880e-02 1.906715519726276398e-02 1.278282515704631805e-02 1.329041831195354462e-02 2.032772451639175415e-02 3.183606080710887909e-03 8.974007330834865570e-03 8.688699454069137573e-03 2.883624052628874779e-03 9.898533113300800323e-03 1.920876465737819672e-02 8.627464994788169861e-03 4.714766517281532288e-03 3.501063585281372070e-02 2.859344473108649254e-03 9.427580051124095917e-03 6.621207110583782196e-03 1.584085449576377869e-02 1.183106750249862671e-02 4.756991937756538391e-02 2.741454914212226868e-02 2.031564712524414062e-02 1.482645515352487564e-02 1.192441675812005997e-03 5.096338689327239990e-03 3.005383163690567017e-02 9.360888972878456116e-03 1.396470144391059875e-02 1.808349974453449249e-03 7.710292469710111618e-03 1.129408553242683411e-02 5.344293545931577682e-03 6.861298810690641403e-03 6.472115404903888702e-03 2.937534824013710022e-03 3.695442900061607361e-02 1.128349977079778910e-04 2.544704824686050415e-03 1.607304089702665806e-03 3.744651097804307938e-03 2.438056748360395432e-03 1.696429960429668427e-02 1.144872978329658508e-02 4.387956112623214722e-03 1.388700446113944054e-03 8.335360325872898102e-04 8.774881251156330109e-03 1.237303297966718674e-02
6.172605231404304504e-02 8.260432481765747070e-01 3.269520401954650879e-02 6.945109926164150238e-03 7.786287460476160049e-03 7.445780187845230103e-02 7.558172941207885742e-02 2.435741713270545006e-03 2.396718919044360518e-04 8.384055458009243011e-03 2.410941570997238159e-02 2.529050037264823914e-02 7.986915856599807739e-02 8.444897830486297607e-03 4.398567602038383484e-03 1.944157760590314865e-03 1.666198484599590302e-02 1.996722631156444550e-02 1.858186349272727966e-02 2.601336501538753510e-02 1.994752790778875351e-03 5.083676660433411598e-04 1.266683358699083328e-02 7.272399961948394775e-03 2.290119789540767670e-02 1.276431139558553696e-02 1.084538269788026810e-02 4.552540369331836700e-03 3.606533259153366089e-02 4.604182671755552292e-03 3.906405530869960785e-03 3.750080242753028870e-03 1.705325022339820862e-02 2.512885723263025284e-03 1.550433505326509476e-02 5.301195662468671799e-03 2.058103121817111969e-02 6.960544735193252563e-03 1.246473658829927444e-02 7.598578464239835739e-03 2.904631383717060089e-02 1.593567058444023132e-02 2.110265381634235382e-02 2.821768261492252350e-02 4.111287742853164673e-02 1.568657346069812775e-02 4.991942644119262695e-02 3.149567916989326477e-02 1.439592218957841396e-03 5.800217855721712112e-03 7.821826147846877575e-04 8.989714086055755615e-03 2.934903278946876526e-02 2.414250932633876801e-02 6.841276772320270538e-03 9.365351870656013489e-03 1.648087054491043091e-02 2.304371213540434837e-03 1.076691877096891403e-02 2.015902101993560791e-02 2.644730499014258385e-03 1.351290266029536724e-03 1.482917182147502899e-02 2.401065081357955933e-02 1.409893762320280075e-02 3.304441273212432861e-02 6.722580175846815109e-03 1.890968997031450272e-04 7.924564182758331299e-03 4.317391198128461838e-03 9.765382856130599976e-03 3.596727037802338600e-03 9.103710763156414032e-03 1.002460252493619919e-02 2.633759006857872009e-02 4.915178287774324417e-03 1.774824922904372215e-03 1.244130893610417843e-03 6.126009859144687653e-03 1.346781849861145020e-02 1.050298288464546204e-02 2.375572919845581055e-03 8.523634169250726700e-04 6.870596553198993206e-04 1.771296374499797821e-02 1.306197419762611389e-02 8.241621777415275574e-03 5.267724860459566116e-03 1.411150954663753510e-02 7.410286460071802139e-03 9.422472678124904633e-03 1.611185073852539062e-02 3.115412406623363495e-02 1.997322961688041687e-02 8.949246694101020694e-05 8.801522199064493179e-04 2.909756824374198914e-02 3.977640997618436813e-03 1.570258289575576782e-02 1.506766490638256073e-02 7.446441333740949631e-03 1.267959736287593842e-02 3.273090720176696777e-02 6.266979500651359558e-03 1.721344888210296631e-03 3.067447058856487274e-02 9.671350941061973572e-03 1.026582159101963043e-02 1.214323751628398895e-02 5.860404577106237411e-03 1.362934708595275879e-02 1.813844032585620880e-02 1.009504543617367744e-03 4.112344235181808472e-03 5.737950559705495834e-03 1.887044683098793030e-02
2.509693615138530731e-02 3.269520401954650879e-02 8.260432481765747070e-01 1.819187076762318611e-03 1.407467853277921677e-02 3.674599155783653259e-02 2.572471834719181061e-02 5.596458911895751953e-02 2.937240526080131531e-02 1.767370104789733887e-02 3.018207475543022156e-02 3.047981113195419312e-02 2.230590395629405975e-02 3.117685951292514801e-02 7.758927065879106522e-03 8.000974543392658234e-03 1.495666103437542915e-03 3.060097619891166687e-02 9.315739385783672333e-03 7.584759499877691269e-03 1.494551636278629303e-02 1.487718243151903152e-02 2.635466493666172028e-02 1.666138134896755219e-02 1.276931166648864746e-02 4.040460102260112762e-03 4.934445954859256744e-03 2.404146268963813782e-02 9.012296795845031738e-03 2.392127364873886108e-02 5.287541076540946960e-03 9.529472328722476959e-03 7.104396936483681202e-04 3.564398502930998802e-03 5.969492718577384949e-03 1.598276756703853607e-02 2.054394781589508057e-02 1.661252812482416630e-03 5.597782321274280548e-03 1.925694942474365234e-02 2.318442799150943756e-02 1.127503695897758007e-03 2.109211310744285583e-02 2.948807179927825928e-02 1.450842805206775665e-02 5.816904362291097641e-03 1.977273076772689819e-02 1.494727097451686859e-03 2.046877332031726837e-02 9.291618131101131439e-03 8.438923396170139313e-03 1.164367608726024628e-02 4.686872940510511398e-03 1.074130740016698837e-02 2.666376158595085144e-02 1.546767633408308029e-02 3.192137810401618481e-04 1.396808307617902756e-02 2.219284884631633759e-02 6.275038467720150948e-04 1.997428573668003082e-02 2.720580063760280609e-02 4.508283454924821854e-03 2.435167087242007256e-03 3.089376352727413177e-02 1.973437145352363586e-02 1.304701436311006546e-03 1.030433084815740585e-02 1.406680047512054443e-02 2.741740085184574127e-03 1.916619762778282166e-02 5.985707975924015045e-03 5.701687186956405640e-03 8.921781554818153381e-03 1.346783153712749481e-02 1.698158448562026024e-03 3.251076489686965942e-02 2.494149468839168549e-02 1.386538986116647720e-02 3.516976954415440559e-03 5.607307329773902893e-02 2.327238023281097412e-02 2.897215262055397034e-02 1.400842610746622086e-02 1.729178614914417267e-02 2.089064940810203552e-02 1.685945317149162292e-02 5.484537221491336823e-03 5.559050478041172028e-03 1.311178971081972122e-02 4.629382397979497910e-03 3.955667838454246521e-03 2.510682214051485062e-03 5.033587105572223663e-03 1.343234535306692123e-02 6.609726231545209885e-03 1.464262604713439941e-02 1.317781209945678711e-02 1.777900010347366333e-02 1.234241947531700134e-02 2.731608401518315077e-04 8.870108285918831825e-04 1.213916018605232239e-02 1.247003860771656036e-02 6.956703029572963715e-03 8.519368246197700500e-03 7.623493205755949020e-03 4.645548295229673386e-03 1.032047439366579056e-02 6.243542768061161041e-03 1.559147052466869354e-02 1.989889657124876976e-03 9.847630281001329422e-04 1.031979569233953953e-03 2.776098623871803284e-02 4.505034594330936670e-04
5.535043776035308838e-03 6.945109926164150238e-03 1.819187076762318611e-03 8.260432481765747070e-01 3.641176596283912659e-02 8.042425615713000298e-04 3.657493740320205688e-03 3.978568688035011292e-02 1.282361615449190140e-02 1.120196841657161713e-02 1.112621650099754333e-02 7.554140407592058182e-03 2.093351795338094234e-04 1.293390151113271713e-02 3.670633211731910706e-02 5.170768592506647110e-03 1.822331221774220467e-03 5.693073850125074387e-03 1.304286811500787735e-02 1.870294474065303802e-02 5.560520221479237080e-04 1.570508815348148346e-02 2.632681978866457939e-03 9.904730832204222679e-04 1.868303632363677025e-03 9.862787090241909027e-03 2.426720457151532173e-03 8.400283753871917725e-03 2.103772759437561035e-02 1.287130359560251236e-02 1.053661573678255081e-02 4.325594287365674973e-03 1.624111831188201904e-02 1.231204252690076828e-02 2.620173059403896332e-02 7.461698725819587708e-03 9.128319099545478821e-03 2.977686375379562378e-02 4.813183844089508057e-02 2.593656815588474274e-02 1.769314287230372429e-03 1.054895948618650436e-02 4.881963133811950684e-03 2.168058604001998901e-02 7.610094267874956131e-03 9.582319296896457672e-03 6.553098559379577637e-03 1.864045672118663788e-02 7.484185625799000263e-04 5.455192294903099537e-04 3.854733332991600037e-02 2.869037725031375885e-02 3.688138676807284355e-03 2.265509776771068573e-02 1.254103425890207291e-02 2.613570541143417358e-03 1.349949277937412262e-02 1.837878674268722534e-02 1.343262661248445511e-02 1.946786604821681976e-02 2.746814116835594177e-02 1.266567502170801163e-02 1.179192680865526199e-02 2.047169394791126251e-02 2.415980026125907898e-02 3.291023522615432739e-02 7.659044116735458374e-03 1.370563916862010956e-02 2.727899141609668732e-02 2.971076406538486481e-02 2.265964075922966003e-02 5.351079162210226059e-04 1.301535405218601227e-02 3.583411127328872681e-02 1.570990122854709625e-02 2.092961966991424561e-02 2.358347177505493164e-02 2.248047292232513428e-02 1.464957837015390396e-02 1.744975708425045013e-02 2.015953697264194489e-02 3.549285978078842163e-02 2.473522908985614777e-02 1.473926752805709839e-02 8.781213313341140747e-03 7.802823558449745178e-03 3.409469500184059143e-02 4.646839201450347900e-02 1.831508241593837738e-02 1.797174848616123199e-02 1.586670801043510437e-02 1.932761445641517639e-02 1.198026817291975021e-02 3.053950704634189606e-02 1.735505089163780212e-02 1.974732242524623871e-02 2.792969578877091408e-03 7.919190451502799988e-03 1.199102727696299553e-03 6.549892132170498371e-04 2.199556864798069000e-02 2.435692958533763885e-02 1.591048575937747955e-02 1.677914150059223175e-02 3.285582875832915306e-03 5.269511020742356777e-04 1.354404632002115250e-02 1.175507670268416405e-03 2.589664049446582794e-02 3.136985003948211670e-03 9.901871904730796814e-03 2.656065858900547028e-02 1.344859227538108826e-02 6.135975942015647888e-03 2.574251033365726471e-02 1.532008871436119080e-02
1.637891307473182678e-02 7.786287460476160049e-03 1.407467853277921677e-02 3.641176596283912659e-02 8.260432481765747070e-01 7.513842079788446426e-03 2.475830726325511932e-03 3.258231282234191895e-02 5.447759293019771576e-03 2.271691337227821350e-02 1.130829937756061554e-02 2.007782459259033203e-02 1.123420149087905884e-02 2.606968767940998077e-02 7.550891954451799393e-03 1.017661858350038528e-02 6.150743458420038223e-03 1.381362695246934891e-02 4.379402473568916321e-02 1.567523740231990814e-02 5.442137829959392548e-03 6.994467694312334061e-03 5.431246012449264526e-03 7.760521490126848221e-03 6.117726676166057587e-03 7.081460673362016678e-03 3.786169458180665970e-03 1.129882782697677612e-02 1.575146429240703583e-02 1.539765950292348862e-02 7.804767694324254990e-03 3.284157952293753624e-03 2.289216965436935425e-02 1.513944845646619797e-02 1.599418185651302338e-02 6.588493939489126205e-03 7.654651999473571777e-03 3.448805585503578186e-02 3.623897954821586609e-02 4.063089191913604736e-02 2.183478325605392456e-02 1.811361126601696014e-02 8.443688042461872101e-03 2.305790036916732788e-02 3.770111594349145889e-03 1.002844050526618958e-02 7.313909009099006653e-03 6.280664354562759399e-03 7.814921555109322071e-04 3.043285571038722992e-02 5.123759619891643524e-04 1.641621068120002747e-02 1.949565112590789795e-02 1.137508824467658997e-02 1.231097429990768433e-02 1.131610106676816940e-02 6.678992882370948792e-03 7.775318343192338943e-03 1.675833575427532196e-02 2.491890219971537590e-03 2.403671154752373695e-03 3.362242830917239189e-03 2.622558921575546265e-02 2.314069308340549469e-03 1.238552387803792953e-02 7.338583003729581833e-03 1.711468398571014404e-02 1.227269321680068970e-02 1.116796396672725677e-02 1.009264215826988220e-02 6.519666058011353016e-04 1.227258704602718353e-03 2.120136097073554993e-02 8.157276897691190243e-04 4.094075784087181091e-02 3.143961541354656219e-03 5.776414647698402405e-03 5.393349565565586090e-03 2.944182604551315308e-03 1.192659325897693634e-02 1.530271768569946289e-02 1.406389474868774414e-02 3.342289477586746216e-02 6.050868704915046692e-02 3.102039918303489685e-02 3.053815290331840515e-02 1.235731784254312515e-02 7.120184134691953659e-03 2.651277929544448853e-02 4.255453590303659439e-03 9.574657306075096130e-03 8.820830844342708588e-04 1.649192068725824356e-03 2.805203013122081757e-02 3.534873714670538902e-03 2.719749696552753448e-02 2.108098752796649933e-02 3.121350333094596863e-02 1.145416684448719025e-02 1.087914779782295227e-02 1.795209199190139771e-02 2.497190795838832855e-02 3.075777925550937653e-02 3.437447920441627502e-02 1.674800924956798553e-02 1.079769921489059925e-03 5.078206304460763931e-03 2.304681111127138138e-03 1.872298866510391235e-02 3.496261686086654663e-02 2.093251235783100128e-02 7.255943492054939270e-03 6.648287642747163773e-03 1.149756368249654770e-02 1.110399141907691956e-02 3.034344408661127090e-03
5.221905186772346497e-02 7.445780187845230103e-02 3.674599155783653259e-02 8.042425615713000298e-04 7.513842079788446426e-03 8.260432481765747070e-01 8.404864370822906494e-02 8.159024640917778015e-03 1.346088852733373642e-02 2.484452910721302032e-03 3.257011249661445618e-02 4.091864824295043945e-02 6.430899351835250854e-02 2.454869076609611511e-02 9.107699152082204819e-04 3.379337489604949951e-03 2.212358266115188599e-02 8.581549860537052155e-03 1.962705515325069427e-02 2.972557581961154938e-02 1.251663081347942352e-02 1.776074618101119995e-02 1.903773285448551178e-02 9.627357358112931252e-04 5.286204628646373749e-03 3.273262409493327141e-03 1.887062378227710724e-02 3.083503432571887970e-02 4.451216384768486023e-02 2.792366594076156616e-02 7.521038874983787537e-03 6.973211653530597687e-03 1.887943595647811890e-03 2.781106159090995789e-03 3.410007630009204149e-04 1.492988667450845242e-03 1.886961236596107483e-02 3.612221218645572662e-03 7.129532750695943832e-03 1.642280258238315582e-02 3.682566061615943909e-02 1.078309398144483566e-02 1.488952431827783585e-02 3.092165477573871613e-02 2.596565894782543182e-02 6.443635094910860062e-03 6.775225698947906494e-02 3.275911137461662292e-02 3.130922326818108559e-03 3.788920585066080093e-03 1.778938993811607361e-02 3.005304839462041855e-03 1.809376850724220276e-02 1.890020444989204407e-02 2.999211195856332779e-03 1.454049814492464066e-02 2.211152808740735054e-03 8.422719547525048256e-04 1.013918966054916382e-02 4.739794414490461349e-03 1.062033465132117271e-03 7.869989611208438873e-03 1.887530088424682617e-04 1.781033538281917572e-02 1.586269773542881012e-02 1.566034741699695587e-02 2.282033907249569893e-03 7.233904674649238586e-03 1.954267267137765884e-03 2.558869682252407074e-02 9.799836203455924988e-03 6.709831301122903824e-03 8.351380936801433563e-03 3.032072447240352631e-03 2.819102630019187927e-02 1.952771469950675964e-02 1.276919990777969360e-02 2.343507483601570129e-03 6.163757760077714920e-03 3.011908940970897675e-02 5.179634317755699158e-03 2.955419709905982018e-03 1.834293454885482788e-02 4.608114541042596102e-04 2.539336122572422028e-02 1.631701923906803131e-02 6.779273971915245056e-03 9.264978580176830292e-03 2.675833238754421473e-04 1.647455617785453796e-02 1.398854795843362808e-02 2.116419561207294464e-02 1.341335661709308624e-02 1.681489124894142151e-02 6.737564224749803543e-03 8.016445674002170563e-03 2.856857515871524811e-02 2.197303622961044312e-02 3.920716699212789536e-03 1.045829150825738907e-02 7.275194860994815826e-03 8.215263485908508301e-03 2.032565884292125702e-02 2.060164883732795715e-02 1.353160012513399124e-03 1.997946575284004211e-02 1.040982268750667572e-02 6.224247161298990250e-03 1.178999338299036026e-02 2.424906939268112183e-02 8.037801831960678101e-03 8.435326744802296162e-04 2.954106777906417847e-03 3.858821466565132141e-03 1.140637043863534927e-02 1.511427201330661774e-02
2.159306034445762634e-02 7.558172941207885742e-02 2.572471834719181061e-02 3.657493740320205688e-03 2.475830726325511932e-03 8.404864370822906494e-02 8.260432481765747070e-01 8.265515789389610291e-03 1.354593038558959961e-02 3.599327290430665016e-03 1.709758676588535309e-02 3.775537386536598206e-02 4.215638712048530579e-02 3.184126317501068115e-02 1.626518368721008301e-02 6.283146329224109650e-03 1.536798477172851562e-02 6.250654347240924835e-03 1.452710386365652084e-02 2.041096799075603485e-02 1.091371756047010422e-03 5.613903049379587173e-03 1.288686413317918777e-02 3.082755021750926971e-03 7.616839371621608734e-03 3.086176235228776932e-03 9.774022735655307770e-03 1.323577947914600372e-02 4.296342656016349792e-02 2.503747679293155670e-02 1.087552029639482498e-02 6.241445429623126984e-03 2.319961553439497948e-03 4.526730626821517944e-04 6.790896411985158920e-03 3.671049838885664940e-03 1.066113449633121490e-02 5.145516712218523026e-03 3.088852856308221817e-03 1.650561019778251648e-02 2.861830964684486389e-02 1.503500714898109436e-02 6.560184992849826813e-03 3.137725219130516052e-02 3.640849515795707703e-02 1.698883809149265289e-02 4.658671841025352478e-02 7.173775136470794678e-02 5.084936507046222687e-03 3.378186607733368874e-03 6.949970498681068420e-03 6.304234266281127930e-03 3.063060715794563293e-02 3.099174238741397858e-02 2.831984602380543947e-04 1.421591639518737793e-02 2.877987571991980076e-04 1.943752169609069824e-03 1.401764247566461563e-02 2.188002876937389374e-02 7.977943867444992065e-03 4.273226950317621231e-03 1.315556466579437256e-02 2.374537661671638489e-02 1.929186098277568817e-02 2.946442551910877228e-02 8.059999905526638031e-03 6.043793633580207825e-03 1.484994078055024147e-03 5.471698939800262451e-03 8.081742562353610992e-03 2.018748968839645386e-02 4.545919131487607956e-03 1.146757230162620544e-02 3.783838078379631042e-02 1.466523739509284496e-03 1.976037211716175079e-02 3.326985461171716452e-04 1.255467440932989120e-02 1.004248764365911484e-02 2.392050810158252716e-02 1.700657047331333160e-02 1.196102984249591827e-02 6.789253558963537216e-03 2.268303371965885162e-02 2.612107805907726288e-02 1.682004332542419434e-02 7.344025187194347382e-03 1.561537571251392365e-02 7.897970266640186310e-03 1.371490862220525742e-02 3.220430761575698853e-02 4.337263479828834534e-02 1.795452437363564968e-03 9.417991153895854950e-03 1.081348396837711334e-03 3.750754892826080322e-02 1.481281127780675888e-02 6.782186217606067657e-03 6.128278560936450958e-03 6.706635933369398117e-03 6.260155700147151947e-03 2.830026298761367798e-02 3.501833649352192879e-03 9.068546351045370102e-04 2.705988474190235138e-02 5.022352095693349838e-03 1.818071934394538403e-03 1.168312225490808487e-02 1.504128985106945038e-02 1.831508008763194084e-03 4.643547348678112030e-03 7.370857521891593933e-03 4.922464489936828613e-03 1.780402031727135181e-03 2.163764834403991699e-02
7.474767044186592102e-03 2.435741713270545006e-03 5.596458911895751953e-02 3.978568688035011292e-02 3.258231282234191895e-02 8.159024640917778015e-03 8.265515789389610291e-03 8.260432481765747070e-01 8.829500526189804077e-03 5.030296277254819870e-03 7.066524587571620941e-03 1.073789549991488457e-03 1.388753019273281097e-02 8.756186813116073608e-03 3.874426707625389099e-02 1.683416659943759441e-03 1.067645498551428318e-03 3.383301431313157082e-03 7.345495745539665222e-03 3.944917581975460052e-03 8.638922125101089478e-03 2.013160660862922668e-02 9.524070657789707184e-03 7.058529183268547058e-03 9.996112436056137085e-03 1.427789777517318726e-02 1.350927818566560745e-02 2.745662815868854523e-02 1.786860451102256775e-02 2.444926276803016663e-02 1.185174845159053802e-02 6.002126261591911316e-03 2.944841515272855759e-03 1.046518608927726746e-02 1.698967814445495605e-02 5.054768640547990799e-03 1.261410396546125412e-02 2.262182533740997314e-02 4.985377937555313110e-02 2.245507389307022095e-02 2.225307002663612366e-02 1.624439842998981476e-02 1.531639043241739273e-02 6.751969922333955765e-03 1.108863763511180878e-02 2.093036659061908722e-02 1.759448461234569550e-02 8.475033566355705261e-03 5.235869437456130981e-03 8.900240994989871979e-03 7.111587561666965485e-03 2.449303865432739258e-02 3.439974039793014526e-03 3.061325522139668465e-03 2.244726521894335747e-03 9.617599658668041229e-03 1.055917004123330116e-03 2.075678110122680664e-02 2.081976272165775299e-04 2.324722893536090851e-02 1.452551130205392838e-02 1.669070869684219360e-02 8.431195281445980072e-03 2.290407661348581314e-03 7.275572512298822403e-03 2.910961210727691650e-02 1.415598089806735516e-03 4.693357739597558975e-03 7.585227023810148239e-03 1.160082686692476273e-02 2.463566884398460388e-02 1.955392584204673767e-02 1.002184301614761353e-02 1.812384463846683502e-02 1.530961226671934128e-02 1.263904199004173279e-02 2.969194576144218445e-02 2.282932773232460022e-02 8.003022521734237671e-03 4.853063262999057770e-03 6.636756658554077148e-02 4.283219948410987854e-02 1.129861548542976379e-02 6.800806149840354919e-03 2.197483554482460022e-02 4.775578621774911880e-03 3.624711558222770691e-02 4.273533076047897339e-02 4.766014171764254570e-04 1.627870835363864899e-02 8.422010578215122223e-03 5.781167419627308846e-04 1.162566244602203369e-02 3.637151047587394714e-02 1.407970115542411804e-02 1.133342366665601730e-02 4.179857671260833740e-03 1.468325499445199966e-02 1.865981891751289368e-02 1.949791051447391510e-02 1.696909219026565552e-02 1.476103160530328751e-02 2.949007786810398102e-02 2.328605204820632935e-02 9.795341640710830688e-03 1.351823471486568451e-02 1.553202327340841293e-02 2.347269328311085701e-03 2.092956937849521637e-02 3.420355031266808510e-03 4.896949045360088348e-03 9.278129786252975464e-03 1.653170585632324219e-02 1.184173044748604298e-03 8.918367093428969383e-04 1.514301728457212448e-02
4.245885647833347321e-03 2.396718919044360518e-04 2.937240526080131531e-02 1.282361615449190140e-02 5.447759293019771576e-03 1.346088852733373642e-02 1.354593038558959961e-02 8.829500526189804077e-03 8.260432481765747070e-01 5.506482347846031189e-02 1.795717835193499923e-04 2.944562211632728577e-02 1.537732547149062157e-03 2.131403796374797821e-02 7.265371270477771759e-03 4.388068616390228271e-02 3.715716674923896790e-02 4.094105958938598633e-02 3.241949528455734253e-02 2.741693751886487007e-03 2.247904241085052490e-02 9.482757188379764557e-03 4.436022788286209106e-02 3.613770008087158203e-02 9.376988746225833893e-03 1.206497661769390106e-02 1.417813636362552643e-02 3.336217254400253296e-02 1.468994561582803726e-02 1.853080838918685913e-02 1.125235762447118759e-02 2.320672385394573212e-02 1.268405560404062271e-02 2.685133740305900574e-02 1.749747991561889648e-02 1.960396580398082733e-02 1.845194399356842041e-02 4.692225251346826553e-03 6.517456844449043274e-03 1.270965393632650375e-02 3.873347537592053413e-03 1.808716729283332825e-02 1.995396567508578300e-03 1.935251429677009583e-02 3.784680739045143127e-03 3.772168885916471481e-03 4.411693662405014038e-03 1.923800446093082428e-03 4.494189098477363586e-02 2.569606155157089233e-02 2.276617800816893578e-03 1.253092661499977112e-02 1.162323914468288422e-02 3.270829794928431511e-03 4.480673000216484070e-02 2.246809378266334534e-02 1.335171051323413849e-02 1.496993121691048145e-03 1.218335889279842377e-02 4.270783625543117523e-03 1.794501394033432007e-02 1.793495751917362213e-02 1.268676482141017914e-03 1.253699767403304577e-03 4.145031329244375229e-03 9.396126493811607361e-03 1.122971065342426300e-02 1.485067140311002731e-02 4.043651372194290161e-02 3.796182107180356979e-03 3.036328777670860291e-02 2.239375188946723938e-02 2.443418838083744049e-02 3.870025509968400002e-03 2.683559805154800415e-02 1.835574582219123840e-02 5.152111873030662537e-02 4.365081712603569031e-02 4.427680745720863342e-02 1.967803388833999634e-02 2.931797504425048828e-02 2.037385851144790649e-02 3.094714134931564331e-02 3.590294718742370605e-02 3.569945693016052246e-02 3.335359692573547363e-02 2.444707974791526794e-02 1.747645251452922821e-02 1.592867635190486908e-02 7.491199299693107605e-03 8.695201016962528229e-03 7.711413782089948654e-03 8.152438327670097351e-03 3.222993807867169380e-03 3.667905926704406738e-02 3.003777749836444855e-02 1.005315338261425495e-03 4.366308078169822693e-02 2.377035282552242279e-02 1.542609557509422302e-02 2.611414343118667603e-02 2.752441167831420898e-02 2.245509997010231018e-03 7.881361991167068481e-03 2.377585135400295258e-02 5.671481601893901825e-03 2.165697328746318817e-02 6.880834698677062988e-03 1.291253976523876190e-02 7.598666474223136902e-03 2.354889735579490662e-02 3.658423572778701782e-02 5.544839892536401749e-03 1.428615767508745193e-03 9.987250814447179437e-05 1.259433291852474213e-02
8.030244149267673492e-03 8.384055458009243011e-03 1.767370104789733887e-02 1.120196841657161713e-02 2.271691337227821350e-02 2.484452910721302032e-03 3.599327290430665016e-03 5.030296277254819870e-03 5.506482347846031189e-02 8.260432481765747070e-01 1.587688177824020386e-02 1.152639184147119522e-02 1.473455486120656133e-04 2.151014097034931183e-02 4.669574089348316193e-03 3.302622213959693909e-02 3.723764792084693909e-02 3.020865097641944885e-02 5.578083917498588562e-02 6.178862880915403366e-03 2.128830179572105408e-02 1.591799966990947723e-02 2.956695668399333954e-02 3.762103617191314697e-02 6.901764310896396637e-03 9.139692410826683044e-03 2.611144678667187691e-03 2.419410459697246552e-02 6.715714000165462494e-03 1.468168757855892181e-02 2.239501476287841797e-02 2.353128977119922638e-02 1.461882516741752625e-02 2.879176847636699677e-02 2.782259136438369751e-02 1.495139580219984055e-02 1.837470754981040955e-02 9.666586411185562611e-04 1.157326903194189072e-02 1.098960917443037033e-02 4.385571926832199097e-03 2.309096232056617737e-02 4.710635170340538025e-03 2.389983041211962700e-03 3.153801895678043365e-03 9.612795896828174591e-03 3.075378481298685074e-03 4.594635684043169022e-03 3.403741866350173950e-02 3.897646069526672363e-02 7.614252157509326935e-03 4.009101074188947678e-03 7.799326907843351364e-03 5.484138149768114090e-03 4.059127718210220337e-02 4.598353058099746704e-02 9.717705659568309784e-03 3.288147272542119026e-03 9.917017072439193726e-03 8.791105821728706360e-03 2.890306897461414337e-02 3.563687577843666077e-02 9.987195953726768494e-03 1.449210196733474731e-02 2.577987732365727425e-03 3.031488740816712379e-03 1.136535219848155975e-02 1.353224180638790131e-02 3.832523152232170105e-02 4.319272469729185104e-03 4.285184293985366821e-02 4.803744144737720490e-03 1.886898837983608246e-02 8.701949380338191986e-03 2.031276561319828033e-02 5.704150069504976273e-03 3.928450867533683777e-02 5.284161120653152466e-02 3.466162085533142090e-02 3.705556690692901611e-02 1.658107154071331024e-02 1.001357566565275192e-02 3.832611069083213806e-02 5.407709255814552307e-02 2.107367850840091705e-02 3.323074802756309509e-02 1.861484907567501068e-02 9.748679585754871368e-03 1.048308704048395157e-02 2.372495457530021667e-02 4.864283371716737747e-03 1.051127444952726364e-02 6.012764759361743927e-03 3.672147635370492935e-03 2.287481911480426788e-02 2.638068608939647675e-02 9.403512813150882721e-03 4.091307893395423889e-02 2.100466564297676086e-02 1.654822006821632385e-02 1.641426980495452881e-02 1.846435479819774628e-02 7.873187772929668427e-03 1.696287095546722412e-02 2.280306816101074219e-02 1.443075574934482574e-02 1.482744794338941574e-02 1.375196408480405807e-02 5.245406646281480789e-03 7.157930172979831696e-03 3.282668069005012512e-02 2.465565875172615051e-02 1.643859082832932472e-03 6.959939841181039810e-03 9.942248463630676270e-03 6.119754631072282791e-03
7.239271700382232666e-02 2.410941570997238159e-02 3.018207475543022156e-02 1.112621650099754333e-02 1.130829937756061554e-02 3.257011249661445618e-02 1.709758676588535309e-02 7.066524587571620941e-03 1.795717835193499923e-04 1.587688177824020386e-02 8.260432481765747070e-01 1.516368798911571503e-02 4.596424847841262817e-02 7.472421973943710327e-03 2.782676555216312408e-02 9.114927379414439201e-04 9.034456685185432434e-03 1.047288416884839535e-03 3.695794846862554550e-03 4.228713456541299820e-03 1.074298191815614700e-02 2.135845459997653961e-02 4.841132613364607096e-04 1.053020451217889786e-02 5.592988338321447372e-03 2.239456772804260254e-02 7.435296429321169853e-04 4.477631766349077225e-03 1.048454735428094864e-02 2.539773238822817802e-03 2.437458001077175140e-02 2.269012853503227234e-02 7.547338958829641342e-03 1.571484655141830444e-02 5.800103535875678062e-04 1.945017091929912567e-02 3.871925547719001770e-02 2.118373988196253777e-03 2.917909005191177130e-04 1.524731051176786423e-02 6.653872318565845490e-03 1.317863166332244873e-02 1.675062440335750580e-02 9.099656715989112854e-03 1.506895478814840317e-02 2.769098430871963501e-02 4.329000040888786316e-02 2.119360305368900299e-02 1.505026593804359436e-02 3.511981666088104248e-02 1.265813969075679779e-02 5.814447533339262009e-03 5.132534075528383255e-03 8.234500885009765625e-03 8.506173267960548401e-03 2.566796541213989258e-02 1.400497555732727051e-02 1.753726229071617126e-02 1.928513124585151672e-02 2.406921982765197754e-02 8.267030119895935059e-03 1.872393675148487091e-02 7.737298496067523956e-03 9.400255046784877777e-03 4.370360448956489563e-02 3.078654594719409943e-02 1.325850654393434525e-02 2.069608308374881744e-02 1.257423218339681625e-02 2.053765766322612762e-02 6.427972111850976944e-03 3.285719081759452820e-02 1.033923029899597168e-02 1.231214869767427444e-02 1.045882329344749451e-02 1.491799391806125641e-02 1.618835143744945526e-02 2.986155450344085693e-03 6.604644935578107834e-03 3.084596991539001465e-02 8.433258160948753357e-03 2.482303231954574585e-02 4.120619967579841614e-03 8.094324730336666107e-03 3.426070092245936394e-03 2.841183915734291077e-03 2.465731650590896606e-02 4.606351628899574280e-02 1.165702380239963531e-02 3.613954875618219376e-03 2.643984369933605194e-02 3.630735352635383606e-02 1.941401138901710510e-02 7.885568775236606598e-03 2.270486904308199883e-03 5.669391248375177383e-03 6.247790530323982239e-03 2.102866710629314184e-04 1.333604659885168076e-02 8.370378054678440094e-03 7.378167472779750824e-03 8.223268203437328339e-03 4.259502980858087540e-03 3.214436024427413940e-02 7.964736782014369965e-03 7.418147753924131393e-03 4.827397875487804413e-03 8.948625996708869934e-03 1.893135160207748413e-02 1.496260333806276321e-02 1.549988891929388046e-02 3.059042850509285927e-03 1.697373017668724060e-02 1.711196452379226685e-02 1.846584491431713104e-02 1.464985497295856476e-02
1.708260364830493927e-02 2.529050037264823914e-02 3.047981113195419312e-02 7.554140407592058182e-03 2.007782459259033203e-02 4.091864824295043945e-02 3.775537386536598206e-02 1.073789549991488457e-03 2.944562211632728577e-02 1.152639184147119522e-02 1.516368798911571503e-02 8.260432481765747070e-01 9.081292897462844849e-03 7.601016759872436523e-02 4.730868968181312084e-04 2.831302955746650696e-02 1.999029330909252167e-02 1.276556029915809631e-02 1.476802863180637360e-02 1.499431859701871872e-02 7.509902119636535645e-03 3.294206981081515551e-04 3.187524899840354919e-02 2.142352424561977386e-02 2.283851429820060730e-02 2.490500546991825104e-02 3.331889165565371513e-03 5.227828770875930786e-02 3.730054199695587158e-02 6.239537522196769714e-02 1.192520000040531158e-02 1.491721346974372864e-02 1.727115362882614136e-02 4.389447160065174103e-03 2.006033249199390411e-02 1.326602511107921600e-02 1.081836782395839691e-02 3.136638924479484558e-02 3.446871181949973106e-03 1.343995239585638046e-02 3.355674445629119873e-02 1.334355957806110382e-02 1.750123128294944763e-02 3.175900131464004517e-02 2.267884090542793274e-02 6.595597602427005768e-03 2.413515746593475342e-02 1.330647035501897335e-03 5.402079317718744278e-03 2.016529627144336700e-02 4.951457958668470383e-03 9.890064829960465431e-04 1.060001458972692490e-02 4.315385129302740097e-03 1.416496839374303818e-02 1.727744936943054199e-02 3.358573466539382935e-02 1.365710515528917313e-02 9.683609008789062500e-03 2.083753468468785286e-03 1.457711774855852127e-02 6.683608982712030411e-03 1.348478253930807114e-02 9.312631562352180481e-03 1.432602200657129288e-02 1.323693548329174519e-03 9.380878880620002747e-03 7.583948783576488495e-03 3.326775506138801575e-02 5.629726219922304153e-04 1.119750645011663437e-02 1.898300834000110626e-02 3.543215990066528320e-02 2.444393467158079147e-03 2.180216647684574127e-02 2.080436237156391144e-02 4.297509416937828064e-02 2.066862583160400391e-02 2.947469055652618408e-02 9.980074129998683929e-03 1.013682130724191666e-02 4.985310602933168411e-03 8.335460908710956573e-03 9.070269763469696045e-03 1.226544287055730820e-02 1.923424936830997467e-02 1.413627807050943375e-02 6.160489283502101898e-03 4.875394701957702637e-02 2.799375355243682861e-02 2.698465250432491302e-03 6.941944360733032227e-03 4.335703793913125992e-03 4.184369172435253859e-04 8.381411433219909668e-03 1.546409621369093657e-04 1.032971963286399841e-02 2.168847993016242981e-02 4.236017353832721710e-03 6.878531072288751602e-03 1.342413295060396194e-02 7.505066692829132080e-03 6.742297206073999405e-03 7.787054404616355896e-03 1.277644280344247818e-02 7.210674230009317398e-03 2.434378548059612513e-04 2.465562662109732628e-03 1.755767874419689178e-02 2.411481365561485291e-02 8.788083796389400959e-04 1.560297794640064240e-02 3.028302453458309174e-02 1.547400187700986862e-02 2.937003970146179199e-03 2.122377417981624603e-02
6.648984551429748535e-02 7.986915856599807739e-02 2.230590395629405975e-02 2.093351795338094234e-04 1.123420149087905884e-02 6.430899351835250854e-02 4.215638712048530579e-02 1.388753019273281097e-02 1.537732547149062157e-03 1.473455486120656133e-04 4.596424847841262817e-02 9.081292897462844849e-03 8.260432481765747070e-01 5.043515935540199280e-03 2.347807772457599640e-02 1.424739137291908264e-03 1.213212963193655014e-02 1.183722540736198425e-02 1.858647353947162628e-02 2.014079317450523376e-02 1.793433097191154957e-03 1.733363047242164612e-02 4.012738354504108429e-03 6.281521636992692947e-03 1.663366705179214478e-02 2.475851960480213165e-02 3.494274988770484924e-02 7.310362532734870911e-03 1.848637871444225311e-02 4.224416334182024002e-03 9.491390548646450043e-03 8.358693681657314301e-03 4.360742866992950439e-03 9.210967458784580231e-03 5.081855691969394684e-03 4.798871930688619614e-03 2.754820697009563446e-02 1.932847313582897186e-02 2.144800731912255287e-03 8.960878476500511169e-03 6.184551864862442017e-03 1.992983371019363403e-02 1.739617437124252319e-02 2.523705828934907913e-03 4.087566956877708435e-02 2.347316779196262360e-02 6.211748346686363220e-02 1.530451606959104538e-02 1.520336023531854153e-03 7.357334252446889877e-03 6.310970056802034378e-03 7.469735573977231979e-04 1.351237855851650238e-02 1.443244889378547668e-02 1.859835581853985786e-03 6.482167169451713562e-03 2.010375633835792542e-02 2.356057241559028625e-02 6.098979152739048004e-03 9.176357649266719818e-03 1.206912333145737648e-03 7.228695321828126907e-03 1.871306798420846462e-03 1.960586756467819214e-02 1.331595703959465027e-02 4.709313437342643738e-02 3.499338403344154358e-03 2.383069135248661041e-03 6.877503357827663422e-03 1.375672593712806702e-02 1.646909303963184357e-02 2.269382588565349579e-02 8.138389326632022858e-03 7.190437056124210358e-03 8.606339804828166962e-03 2.225756086409091949e-02 8.736671879887580872e-03 2.228638390079140663e-03 1.251381263136863708e-02 1.327209360897541046e-02 7.615983951836824417e-03 2.622725628316402435e-02 2.742645330727100372e-03 3.959767520427703857e-03 1.462191110476851463e-03 1.263981964439153671e-02 3.010533750057220459e-03 2.763268724083900452e-02 1.644531078636646271e-02 3.004457056522369385e-02 1.314905751496553421e-02 1.558890938758850098e-02 2.500668913125991821e-02 3.549425303936004639e-02 2.333367429673671722e-02 3.932031337171792984e-03 2.581624872982501984e-02 2.035484462976455688e-02 9.466062299907207489e-03 8.610970340669155121e-03 1.772070885635912418e-03 1.351433340460062027e-02 2.369193919003009796e-02 3.216368332505226135e-02 1.732176518999040127e-03 1.980293355882167816e-02 1.160972472280263901e-02 3.683934919536113739e-03 5.971170030534267426e-03 4.209872800856828690e-03 6.346181966364383698e-03 1.493353192927315831e-05 3.825070336461067200e-03 1.025874074548482895e-02 3.293172642588615417e-02 1.376284658908843994e-02
