8.305591344833374023e-01 8.767727762460708618e-02 7.753808982670307159e-03 5.448426119983196259e-03 7.552160415798425674e-03 8.049327880144119263e-02 7.197230309247970581e-02 1.622460037469863892e-02 4.730789456516504288e-03 8.520521223545074463e-03 7.904563844203948975e-02 1.210652105510234833e-02 7.366369664669036865e-02 1.576024107635021210e-03 2.022239565849304199e-02 3.642009571194648743e-03 1.601463416591286659e-03 1.110501587390899658e-02 1.434577279724180698e-04 5.025363061577081680e-03 9.264008142054080963e-03 8.432261645793914795e-03 2.661611652001738548e-04 1.244316995143890381e-02 3.394373226910829544e-03 9.049390791915357113e-04 1.288280170410871506e-02 1.144411507993936539e-02 1.616887561976909637e-02 1.101137138903141022e-02 5.263070575892925262e-03 1.541485544294118881e-03 1.088854763656854630e-02 1.252591982483863831e-02 3.941961098462343216e-03 3.495015436783432961e-03 1.162983197718858719e-02 7.285701110959053040e-03 2.059515379369258881e-02 6.369469687342643738e-03 3.444520011544227600e-02 6.329202093183994293e-03 2.282058261334896088e-02 3.672805801033973694e-02 1.110840030014514923e-02 1.948851160705089569e-02 5.672024562954902649e-02 5.108128488063812256e-02 8.428588509559631348e-03 2.052780054509639740e-02 1.600644923746585846e-02 1.026075333356857300e-02 1.273490581661462784e-02 1.249774708412587643e-03 2.066852292045950890e-03 1.060520112514495850e-02 8.431454189121723175e-03 5.551645532250404358e-03 3.819664940237998962e-03 7.594118826091289520e-03 1.991062890738248825e-03 1.351141463965177536e-02 2.164178993552923203e-03 5.420578178018331528e-03 2.129290997982025146e-02 1.778297126293182373e-02 1.179487723857164383e-02 1.436505932360887527e-02 1.683237962424755096e-02 2.090507373213768005e-02 1.859004236757755280e-02 2.738028066232800484e-03 1.968948915600776672e-02 1.208792626857757568e-02 5.447641480714082718e-03 2.384889638051390648e-03 1.491057965904474258e-02 2.743182145059108734e-02 1.470312476158142090e-02 1.343587692826986313e-02 1.895638741552829742e-02 2.904576435685157776e-02 7.491458207368850708e-03 4.529388155788183212e-03 1.411283109337091446e-02 2.054441906511783600e-02 1.152890175580978394e-02 9.758041240274906158e-03 6.316649727523326874e-03 4.016931634396314621e-03 1.920964382588863373e-02 3.717565443366765976e-03 2.153618820011615753e-02 1.243380550295114517e-02 1.563472114503383636e-02 1.272771786898374557e-02 5.161441862583160400e-03 1.089696492999792099e-02 1.378440670669078827e-02 2.078764326870441437e-02 8.183285593986511230e-03 6.065283436328172684e-03 1.983400247991085052e-02 3.969696816056966782e-03 2.650995552539825439e-02 3.829323686659336090e-03 3.650456434115767479e-03 3.048412268981337547e-03 2.731008920818567276e-03 7.121386937797069550e-03 2.577996067702770233e-02 3.141400590538978577e-02 1.246204320341348648e-02 2.107288315892219543e-02 7.847333326935768127e-03 2.694363519549369812e-02
8.767727762460708618e-02 8.305591344833374023e-01 1.738981157541275024e-02 1.334476191550493240e-02 1.094573177397251129e-02 7.274693995714187622e-02 7.331042736768722534e-02 2.507434599101543427e-02 9.299836121499538422e-03 2.738964576565194875e-05 6.327072530984878540e-02 2.537307096645236015e-03 6.859643757343292236e-02 8.132316172122955322e-03 4.998466465622186661e-03 4.400503356009721756e-03 9.256935678422451019e-03 3.545427927747368813e-03 1.213407027535140514e-03 1.056263502687215805e-02 6.079762708395719528e-03 2.505067503079771996e-03 5.467997398227453232e-04 1.231181994080543518e-02 4.808945581316947937e-03 7.600564509630203247e-03 6.099333520978689194e-03 2.793663181364536285e-02 7.977123605087399483e-04 2.416963130235671997e-02 7.374752778559923172e-03 3.435611957684159279e-03 1.045089587569236755e-02 1.398499310016632080e-02 5.692923907190561295e-03 7.512824144214391708e-03 1.590679399669170380e-02 6.926662754267454147e-03 3.029293194413185120e-02 8.874221704900264740e-03 3.252388909459114075e-02 2.998499665409326553e-03 6.436937954276800156e-03 2.789109386503696442e-02 8.374124765396118164e-03 1.192565355449914932e-02 3.825198113918304443e-02 3.998083248734474182e-02 9.549901820719242096e-03 1.463363412767648697e-02 1.789918914437294006e-02 1.782378740608692169e-02 2.109522186219692230e-02 5.805099848657846451e-03 8.193180896341800690e-03 1.080341916531324387e-02 7.705511059612035751e-03 1.468439470045268536e-03 9.958431124687194824e-03 1.844459446147084236e-03 5.209757480770349503e-03 1.608764566481113434e-02 1.128977281041443348e-03 1.005371939390897751e-02 7.027725223451852798e-03 6.933051627129316330e-03 1.225076615810394287e-02 9.900009259581565857e-03 2.543586865067481995e-02 2.496053278446197510e-02 2.438819035887718201e-02 8.137519471347332001e-03 2.562745660543441772e-02 1.506108231842517853e-02 9.582070633769035339e-03 4.567646887153387070e-03 1.809350959956645966e-02 2.549050189554691315e-02 1.069780159741640091e-02 1.140282768756151199e-02 2.197636291384696960e-02 2.289202623069286346e-02 2.232001908123493195e-02 1.168604847043752670e-02 1.546168606728315353e-02 1.905251666903495789e-02 2.160047367215156555e-02 6.063353270292282104e-03 1.127321925014257431e-02 1.467610616236925125e-02 1.328898477368056774e-03 2.532342448830604553e-03 9.132110513746738434e-03 1.634540408849716187e-02 2.145533636212348938e-02 2.069754898548126221e-02 1.275335066020488739e-02 2.713397331535816193e-02 6.503059528768062592e-03 1.404719427227973938e-02 5.605215672403573990e-03 1.135261170566082001e-02 2.376568503677845001e-02 8.379765786230564117e-03 3.274970501661300659e-02 1.061512064188718796e-02 7.166751660406589508e-03 9.682199917733669281e-03 5.440101027488708496e-03 9.936542250216007233e-03 3.462411835789680481e-02 3.243237361311912537e-02 6.543833762407302856e-03 1.057793945074081421e-02 2.690966427326202393e-02 2.196129225194454193e-02
7.753808982670307159e-03 1.738981157541275024e-02 8.305591344833374023e-01 2.539992891252040863e-02 1.986241154372692108e-02 2.656257711350917816e-03 2.913861768320202827e-03 5.278628319501876831e-02 1.164416782557964325e-02 1.722854003310203552e-02 1.949058100581169128e-02 1.399193052202463150e-02 1.169515587389469147e-02 1.358490530401468277e-02 3.009336814284324646e-02 6.277986685745418072e-04 1.644974201917648315e-02 8.056165650486946106e-03 7.374375127255916595e-03 1.314032077789306641e-02 4.676419310271739960e-03 1.051468309015035629e-02 1.138776913285255432e-02 1.278494950383901596e-02 1.716442755423486233e-03 4.174257162958383560e-03 1.293223630636930466e-02 1.717174239456653595e-02 1.083778403699398041e-02 2.193035744130611420e-02 1.582088507711887360e-02 2.071961946785449982e-02 2.825316600501537323e-02 6.086817476898431778e-03 8.250237442553043365e-03 1.215101033449172974e-02 2.188580483198165894e-02 5.721190944314002991e-03 1.832266338169574738e-02 2.556557953357696533e-02 1.882371120154857635e-02 1.054486818611621857e-02 3.774402663111686707e-03 1.877201907336711884e-02 6.015180610120296478e-03 4.617237020283937454e-03 7.795289158821105957e-03 5.364904645830392838e-04 1.224846346303820610e-03 5.829110275954008102e-03 7.759117987006902695e-03 6.704829283989965916e-04 1.281038485467433929e-02 4.794298857450485229e-02 6.131505127996206284e-03 9.166197560261934996e-05 1.008137688040733337e-02 1.835229806602001190e-02 4.072689265012741089e-02 3.756006062030792236e-02 1.223623845726251602e-02 1.329791080206632614e-02 2.710268087685108185e-02 1.593054644763469696e-02 2.308119460940361023e-02 3.384974971413612366e-02 5.991397425532341003e-03 2.470883540809154510e-03 5.876805633306503296e-03 3.783843945711851120e-03 4.922791384160518646e-03 1.574746146798133850e-02 2.307146787643432617e-03 8.720182813704013824e-03 2.038074471056461334e-02 6.696786731481552124e-03 1.533903088420629501e-02 7.852654904127120972e-03 1.732842065393924713e-04 1.795301958918571472e-02 6.761298328638076782e-02 6.176539137959480286e-02 1.823304407298564911e-02 1.917986571788787842e-02 5.613274988718330860e-04 8.977564983069896698e-03 2.855403162539005280e-02 3.506277874112129211e-02 1.758449524641036987e-02 2.067263238131999969e-02 6.280863308347761631e-04 7.283959072083234787e-03 2.961285412311553955e-03 9.986267425119876862e-03 9.949123486876487732e-03 1.195625588297843933e-02 8.449511602520942688e-03 1.038855127990245819e-02 1.493431860581040382e-03 1.758366823196411133e-03 1.361103449016809464e-02 3.123471885919570923e-02 4.180003888905048370e-03 6.735655013471841812e-03 2.780303545296192169e-02 2.870498970150947571e-02 2.298807352781295776e-02 3.559290990233421326e-02 3.492965549230575562e-02 2.575405873358249664e-02 2.475915104150772095e-02 1.375298202037811279e-02 1.026713754981756210e-02 5.025830585509538651e-03 1.689844531938433647e-03 6.760751362890005112e-03
5.448426119983196259e-03 1.334476191550493240e-02 2.539992891252040863e-02 8.305591344833374023e-01 6.081139668822288513e-02 7.353751454502344131e-03 1.514437422156333923e-02 9.128518402576446533e-03 3.427365329116582870e-03 2.095816470682621002e-02 2.758755348622798920e-03 1.856771856546401978e-02 1.423589419573545456e-03 1.317633595317602158e-02 1.105280779302120209e-02 3.824983723461627960e-03 6.610276643186807632e-03 1.440805010497570038e-02 2.059882506728172302e-02 7.406934630125761032e-03 7.859978824853897095e-03 2.713646041229367256e-03 3.123439848423004150e-03 7.461691275238990784e-03 9.874080307781696320e-03 4.172037821263074875e-03 9.433823637664318085e-03 3.680866956710815430e-02 8.088398724794387817e-03 2.801026403903961182e-02 1.880653202533721924e-02 7.994808256626129150e-03 5.291931665851734579e-05 1.893035694956779480e-02 7.856028154492378235e-03 2.228859625756740570e-02 1.342839561402797699e-02 8.019715547561645508e-03 5.279294401407241821e-02 4.274095967411994934e-02 1.999417319893836975e-03 1.119210943579673767e-02 1.300292741507291794e-02 7.866383530199527740e-03 2.599307335913181305e-02 1.976776123046875000e-02 2.367630368098616600e-04 2.212715568020939827e-03 2.260048314929008484e-02 2.565911039710044861e-02 1.596555672585964203e-02 1.269106869585812092e-03 3.326271101832389832e-02 4.418156296014785767e-02 1.349555049091577530e-02 1.167886238545179367e-02 1.645291410386562347e-02 2.689053677022457123e-02 3.356678038835525513e-02 4.193456470966339111e-02 1.292928773909807205e-02 3.812457621097564697e-02 1.749327778816223145e-02 2.390278689563274384e-02 2.689247764647006989e-02 3.059270605444908142e-02 7.310142740607261658e-03 1.579218776896595955e-03 2.688275277614593506e-02 2.801136870402842760e-04 1.580169051885604858e-02 2.587145753204822540e-02 4.912480339407920837e-02 8.957946673035621643e-03 3.920385241508483887e-02 1.375632174313068390e-02 3.139730170369148254e-02 1.271250192075967789e-02 2.095190249383449554e-02 1.109678670763969421e-02 6.007539108395576477e-03 1.103612012229859829e-03 5.719921365380287170e-02 1.148244272917509079e-02 9.720085188746452332e-03 4.040973726660013199e-03 5.300968419760465622e-03 5.104763433337211609e-03 2.388773486018180847e-02 2.421162277460098267e-02 1.801871694624423981e-02 1.132318284362554550e-02 9.143316186964511871e-03 1.016108784824609756e-02 3.982248716056346893e-03 3.289925400167703629e-03 1.612897217273712158e-02 1.352061424404382706e-02 1.347971148788928986e-02 1.825978234410285950e-02 3.962243441492319107e-03 7.087609264999628067e-03 3.744315181393176317e-04 1.932791247963905334e-02 3.627587109804153442e-02 3.652756661176681519e-02 7.733898237347602844e-03 4.197610169649124146e-02 1.982764899730682373e-02 3.466759249567985535e-02 1.097845472395420074e-02 9.596563875675201416e-03 2.290471829473972321e-02 3.340995637699961662e-03 3.182844445109367371e-02 8.339378982782363892e-03
7.552160415798425674e-03 1.094573177397251129e-02 1.986241154372692108e-02 6.081139668822288513e-02 8.305591344833374023e-01 1.042102091014385223e-02 5.510239861905574799e-03 1.572055369615554810e-02 1.677938550710678101e-02 2.251568716019392014e-03 8.446760475635528564e-03 1.878765970468521118e-02 4.414869938045740128e-03 2.640637569129467010e-02 1.397621631622314453e-02 3.140947781503200531e-03 1.169740967452526093e-02 1.824474520981311798e-02 3.659265860915184021e-02 1.422987319529056549e-02 4.995512310415506363e-03 5.666843615472316742e-03 1.144108828157186508e-02 1.894180290400981903e-02 4.798107780516147614e-03 1.571921445429325104e-02 3.982802387326955795e-03 2.648839540779590607e-02 5.525823682546615601e-03 2.465706318616867065e-02 5.549183581024408340e-03 6.530337122967466712e-05 7.648264057934284210e-03 2.847100375220179558e-03 1.076535228639841080e-02 2.562664076685905457e-02 2.460331656038761139e-02 7.400719448924064636e-03 3.706321492791175842e-02 4.421722516417503357e-02 1.521246135234832764e-02 1.461457367986440659e-02 1.096988096833229065e-02 1.040573697537183762e-03 1.521051768213510513e-02 1.746251061558723450e-02 2.085816860198974609e-02 9.966069832444190979e-03 2.969186287373304367e-03 6.985692889429628849e-04 1.239646505564451218e-02 5.314065143465995789e-03 3.746754676103591919e-02 3.148940950632095337e-02 3.786779008805751801e-03 9.748176671564579010e-03 1.234681997448205948e-02 2.952406927943229675e-02 4.169015958905220032e-02 2.969943359494209290e-02 1.215981226414442062e-02 3.904474899172782898e-02 1.894302293658256531e-02 2.074463665485382080e-02 8.809682913124561310e-03 2.389834821224212646e-02 4.635964985936880112e-03 9.328760206699371338e-03 1.587713882327079773e-02 9.115421213209629059e-03 2.200944535434246063e-02 2.548274770379066467e-02 2.323560602962970734e-02 4.672709852457046509e-03 4.215771704912185669e-02 1.026311796158552170e-02 1.903035677969455719e-02 2.424144744873046875e-02 1.965833269059658051e-02 2.239098958671092987e-02 1.380555704236030579e-02 1.204838510602712631e-02 4.518456384539604187e-02 3.138493001461029053e-02 6.761291064321994781e-03 1.233208458870649338e-02 1.887837611138820648e-02 2.142055705189704895e-02 1.546118687838315964e-02 2.319659478962421417e-02 6.864743307232856750e-03 1.717013679444789886e-02 3.218575846403837204e-03 1.060031633824110031e-02 1.165764685720205307e-02 9.868482127785682678e-03 7.378893904387950897e-03 1.424320787191390991e-02 1.939740031957626343e-02 2.431844174861907959e-02 1.196928904391825199e-03 5.400656722486019135e-03 1.434876024723052979e-02 2.877435917980619706e-06 3.013782761991024017e-02 3.372215852141380310e-02 2.371984533965587616e-03 2.940759621560573578e-02 2.825524657964706421e-02 2.355796471238136292e-02 2.430541440844535828e-02 3.126844530925154686e-03 2.117433957755565643e-02 6.170033157104626298e-05 2.943084575235843658e-02 3.101219190284609795e-03
8.049327880144119263e-02 7.274693995714187622e-02 2.656257711350917816e-03 7.353751454502344131e-03 1.042102091014385223e-02 8.305591344833374023e-01 9.611849486827850342e-02 2.112148096784949303e-03 2.690689172595739365e-03 2.853306010365486145e-03 6.558530777692794800e-02 9.661535732448101044e-03 6.353427469730377197e-02 1.059455983340740204e-02 1.051469426602125168e-02 1.298542367294430733e-03 6.832100450992584229e-03 4.271771758794784546e-03 8.278788067400455475e-03 2.143475227057933807e-03 1.188023481518030167e-02 1.176528458017855883e-04 5.796424578875303268e-03 2.170705236494541168e-03 3.590076928958296776e-03 7.335652131587266922e-03 8.040990680456161499e-03 1.315170060843229294e-02 4.670389927923679352e-03 1.822203584015369415e-02 9.394339285790920258e-03 2.539440291002392769e-03 2.410048851743340492e-03 1.098090410232543945e-02 3.887427970767021179e-03 1.012698840349912643e-02 1.271749101579189301e-02 4.453198518604040146e-03 1.641102507710456848e-02 3.383802948519587517e-03 3.891697153449058533e-02 2.331071998924016953e-03 8.946117013692855835e-03 1.865659840404987335e-02 2.288125827908515930e-02 2.282350324094295502e-02 6.251771748065948486e-02 6.998725980520248413e-02 1.191893313080072403e-02 1.825588010251522064e-02 3.316238522529602051e-02 2.098327502608299255e-02 2.840063162147998810e-02 1.742072217166423798e-02 6.249638972803950310e-04 2.065194584429264069e-02 5.800258368253707886e-04 1.435797475278377533e-02 1.935977116227149963e-02 9.555277414619922638e-03 6.799811031669378281e-03 1.310271956026554108e-02 1.206123852171003819e-03 1.554219331592321396e-02 1.632171496748924255e-02 6.134898867458105087e-03 9.592744521796703339e-03 1.433875784277915955e-02 8.386341854929924011e-03 2.096960507333278656e-02 1.161822769790887833e-02 1.239544129930436611e-03 2.304831333458423615e-02 2.613809704780578613e-02 1.297531183809041977e-02 1.112509169615805149e-03 1.048834994435310364e-02 1.710327155888080597e-02 2.254425548017024994e-02 5.295945797115564346e-03 1.005247514694929123e-02 1.444402989000082016e-02 1.011328771710395813e-02 5.307774059474468231e-03 1.085615158081054688e-02 1.532824058085680008e-02 1.461374573409557343e-02 7.365102879703044891e-03 1.570688327774405479e-03 1.271113753318786621e-02 8.810537838144227862e-05 2.124853053828701377e-04 2.178724296391010284e-02 9.455614723265171051e-03 1.512213516980409622e-02 1.582911051809787750e-02 1.431725081056356430e-02 1.708131656050682068e-02 5.617169663310050964e-03 1.117168646305799484e-02 6.811976432800292969e-03 4.935129545629024506e-03 2.687816321849822998e-02 1.253073383122682571e-02 1.978814229369163513e-02 1.229159347712993622e-02 5.271434318274259567e-03 1.220568548887968063e-02 3.235340118408203125e-03 1.951547525823116302e-02 2.601837553083896637e-02 3.800059109926223755e-02 1.037399005144834518e-02 2.482958324253559113e-02 2.279280498623847961e-02 3.351249173283576965e-02
7.197230309247970581e-02 7.331042736768722534e-02 2.913861768320202827e-03 1.514437422156333923e-02 5.510239861905574799e-03 9.611849486827850342e-02 8.305591344833374023e-01 5.509421229362487793e-03 5.233859643340110779e-03 1.692174002528190613e-02 5.019558966159820557e-02 9.715833002701401711e-04 5.553976446390151978e-02 6.608563009649515152e-03 8.205433376133441925e-03 1.538177602924406528e-03 6.067201495170593262e-03 9.160102345049381256e-03 6.301762070506811142e-03 1.558474637567996979e-02 4.159673582762479782e-03 2.566902432590723038e-03 1.412029657512903214e-02 9.102458134293556213e-03 9.436218999326229095e-03 7.491219788789749146e-03 6.466393359005451202e-03 1.479905191808938980e-02 2.141683362424373627e-02 1.587194204330444336e-02 3.051066398620605469e-02 1.061179861426353455e-02 1.509774825535714626e-03 7.241001003421843052e-04 8.330922573804855347e-03 2.852127421647310257e-03 7.856444455683231354e-03 3.352142171934247017e-03 1.951177604496479034e-02 9.723035036586225033e-04 4.001660645008087158e-02 7.485368754714727402e-03 2.662027254700660706e-03 2.273887768387794495e-02 2.161492966115474701e-02 1.920797117054462433e-02 3.825555369257926941e-02 5.056351795792579651e-02 1.529545173980295658e-03 1.180056016892194748e-02 1.973425596952438354e-02 8.914019912481307983e-03 1.485546492040157318e-02 2.454630285501480103e-02 5.035556387156248093e-03 1.957507990300655365e-02 1.863807672634720802e-03 8.718890137970447540e-03 1.677832193672657013e-02 1.848562620580196381e-02 8.112029172480106354e-03 1.192143838852643967e-02 6.134672439657151699e-04 1.464637089520692825e-02 8.233797736465930939e-03 8.910939097404479980e-03 1.586046535521745682e-03 2.490560058504343033e-03 1.613139174878597260e-02 2.564987353980541229e-02 1.719811186194419861e-02 7.244075182825326920e-03 3.395071998238563538e-02 2.659034542739391327e-02 1.899608038365840912e-02 4.897858481854200363e-03 1.429868489503860474e-02 1.027544867247343063e-02 1.803871802985668182e-02 8.924279361963272095e-03 5.451344419270753860e-03 1.019006781280040741e-02 1.484589651226997375e-02 9.550029411911964417e-03 2.866178192198276520e-02 2.279123524203896523e-03 5.828836932778358459e-03 8.506119251251220703e-03 3.913650754839181900e-03 1.610012724995613098e-02 2.706374041736125946e-02 3.283236583229154348e-04 5.332265980541706085e-03 1.390169747173786163e-02 2.085807174444198608e-02 5.263291765004396439e-03 7.556108757853507996e-03 2.093450911343097687e-02 3.764268243685364723e-03 8.957625832408666611e-04 2.316744066774845123e-03 2.290676115080714226e-03 2.022676914930343628e-02 1.510776346549391747e-04 2.673734165728092194e-02 1.453319005668163300e-02 6.123774219304323196e-03 2.500519156455993652e-02 7.111176382750272751e-03 2.175133861601352692e-02 3.211150690913200378e-02 3.730535879731178284e-02 3.741787979379296303e-03 1.538187172263860703e-02 1.967984437942504883e-02 2.627898380160331726e-02
1.622460037469863892e-02 2.507434599101543427e-02 5.278628319501876831e-02 9.128518402576446533e-03 1.572055369615554810e-02 2.112148096784949303e-03 5.509421229362487793e-03 8.305591344833374023e-01 1.663283072412014008e-02 1.189776789397001266e-02 9.028962813317775726e-03 1.831292361021041870e-02 4.423208534717559814e-03 1.967051811516284943e-02 4.935583099722862244e-02 1.434579212218523026e-02 1.896240934729576111e-02 1.414269860833883286e-02 2.739504538476467133e-02 3.040503524243831635e-02 7.288680411875247955e-03 8.940120227634906769e-03 1.127598993480205536e-02 1.154375076293945312e-02 1.401459332555532455e-02 1.883288286626338959e-02 8.468117564916610718e-03 2.158470638096332550e-02 2.758156508207321167e-03 1.494311820715665817e-02 1.198758836835622787e-02 1.577742770314216614e-02 1.538001094013452530e-02 1.125283259898424149e-02 6.363657303154468536e-03 1.975650712847709656e-02 2.643499523401260376e-02 1.404541917145252228e-02 3.032742440700531006e-02 2.853577584028244019e-02 4.441156052052974701e-03 2.456656284630298615e-02 9.134958498179912567e-03 1.311646541580557823e-03 3.167293732985854149e-03 2.576805651187896729e-03 3.109779907390475273e-03 5.080603528767824173e-03 3.444333851803094149e-04 8.790905587375164032e-03 1.437276229262351990e-02 1.199758611619472504e-02 1.584991440176963806e-02 1.347243599593639374e-02 8.094341494143009186e-03 1.075038872659206390e-02 1.152507867664098740e-02 2.472662599757313728e-03 3.374405577778816223e-02 1.330653391778469086e-02 6.951725808903574944e-04 4.357249941676855087e-03 1.535977050662040710e-02 1.703381072729825974e-03 4.509235732257366180e-03 1.318491157144308090e-02 9.913598187267780304e-03 4.718416836112737656e-03 5.332876928150653839e-03 1.556706521660089493e-02 1.031123660504817963e-02 8.603600785136222839e-03 1.157597824931144714e-02 1.793183572590351105e-02 2.214648295193910599e-03 2.504210174083709717e-02 8.303525857627391815e-03 7.650617044419050217e-03 1.001166272908449173e-02 1.318344101309776306e-02 6.248379498720169067e-02 4.975447803735733032e-02 1.261051837354898453e-02 1.886954344809055328e-02 3.782218787819147110e-03 5.047058220952749252e-03 5.645745620131492615e-02 2.145507186651229858e-02 1.886346377432346344e-03 1.791817718185484409e-03 9.626031853258609772e-03 8.283999748528003693e-03 1.418554410338401794e-02 7.581419195048511028e-04 1.083302963525056839e-02 2.727339975535869598e-03 1.533905044198036194e-02 1.741629466414451599e-02 1.123622059822082520e-02 1.788594946265220642e-02 1.126140728592872620e-02 1.526765618473291397e-02 1.037559285759925842e-02 8.849433623254299164e-03 2.560385875403881073e-02 2.206000871956348419e-02 1.746381260454654694e-02 1.610843610251322389e-04 2.052300237119197845e-02 2.508502220734953880e-03 2.369327470660209656e-02 1.623231545090675354e-02 1.415211800485849380e-02 4.157313611358404160e-03 1.260546501725912094e-02 1.078931801021099091e-02
4.730789456516504288e-03 9.299836121499538422e-03 1.164416782557964325e-02 3.427365329116582870e-03 1.677938550710678101e-02 2.690689172595739365e-03 5.233859643340110779e-03 1.663283072412014008e-02 8.305591344833374023e-01 4.279539361596107483e-02 7.850841619074344635e-03 3.543687239289283752e-02 1.428356487303972244e-02 3.917423635721206665e-02 3.338570240885019302e-03 4.539624229073524475e-02 5.128858238458633423e-02 2.031252719461917877e-02 3.369566518813371658e-03 7.031274493783712387e-03 1.005553454160690308e-02 9.414238855242729187e-03 5.139664933085441589e-02 4.824896156787872314e-02 1.997987367212772369e-02 3.033968992531299591e-02 1.232818327844142914e-02 2.408139221370220184e-02 1.586943678557872772e-02 1.960128732025623322e-02 1.398291252553462982e-02 2.029539644718170166e-02 2.667719870805740356e-02 1.704791374504566193e-02 1.460316311568021774e-02 1.654042489826679230e-02 2.093729563057422638e-02 7.772541604936122894e-03 9.999601170420646667e-03 1.868624240159988403e-02 3.320637333672493696e-04 4.287724941968917847e-02 1.493239868432283401e-02 6.003603804856538773e-03 1.811483688652515411e-02 2.513696439564228058e-02 1.100169681012630463e-02 1.414522621780633926e-02 2.739024162292480469e-02 1.679256185889244080e-02 2.091916650533676147e-02 4.017178341746330261e-02 1.507172919809818268e-02 2.202281495556235313e-03 3.558241203427314758e-02 6.751202046871185303e-03 3.283425047993659973e-02 1.675414294004440308e-02 5.530237220227718353e-03 5.642925389111042023e-03 2.299983426928520203e-02 9.562323801219463348e-03 1.130958646535873413e-02 3.567184321582317352e-03 9.974282234907150269e-03 1.289918436668813229e-03 5.234725540503859520e-04 1.072381343692541122e-02 4.716334864497184753e-02 2.986820181831717491e-03 3.375185281038284302e-02 1.403479371219873428e-02 1.109753455966711044e-02 2.591555239632725716e-03 2.008831873536109924e-02 8.741611614823341370e-03 5.333752185106277466e-02 4.403758049011230469e-02 2.952191606163978577e-02 2.980530075728893280e-02 2.680899389088153839e-02 5.765133071690797806e-03 2.079351432621479034e-02 4.028841480612754822e-02 1.876641251146793365e-02 3.741555288434028625e-02 2.176040038466453552e-02 2.229293435811996460e-02 3.969568759202957153e-02 4.699268843978643417e-03 1.477566268295049667e-02 4.224884323775768280e-03 1.596996933221817017e-02 7.252837996929883957e-03 1.513946894556283951e-02 3.591725975275039673e-02 4.677103832364082336e-03 9.447884745895862579e-03 3.407234326004981995e-02 3.512432798743247986e-02 1.422044914215803146e-02 1.253257691860198975e-02 1.009066123515367508e-03 1.939191296696662903e-02 3.194902092218399048e-03 1.152637414634227753e-02 1.454580016434192657e-02 3.360700793564319611e-04 1.926497928798198700e-02 1.570160384289920330e-03 8.524206932634115219e-04 1.069211494177579880e-02 2.208684012293815613e-02 1.795997098088264465e-02 3.017453709617257118e-03 2.846131566911935806e-03
8.520521223545074463e-03 2.738964576565194875e-05 1.722854003310203552e-02 2.095816470682621002e-02 2.251568716019392014e-03 2.853306010365486145e-03 1.692174002528190613e-02 1.189776789397001266e-02 4.279539361596107483e-02 8.305591344833374023e-01 8.201251737773418427e-03 1.736083504511043429e-04 6.720209494233131409e-03 1.065833680331707001e-02 9.734403342008590698e-03 1.652279868721961975e-02 7.773458026349544525e-03 1.369580719619989395e-02 2.143481932580471039e-02 3.004355914890766144e-02 4.045241698622703552e-02 1.301380898803472519e-02 3.141248598694801331e-02 3.497972711920738220e-02 3.465314954519271851e-02 3.603545576333999634e-02 6.492058746516704559e-03 8.768692612648010254e-03 1.069897972047328949e-02 3.568657906726002693e-03 2.664526691660284996e-03 4.164328798651695251e-02 2.629400230944156647e-02 3.413550555706024170e-02 3.832161054015159607e-02 1.649089157581329346e-02 1.753502525389194489e-02 4.194131121039390564e-03 1.605070568621158600e-02 1.310941297560930252e-03 3.490853123366832733e-03 3.098666109144687653e-02 3.860255703330039978e-02 1.018097740598022938e-03 4.807123448699712753e-03 6.083385553210973740e-03 1.012377068400382996e-02 4.227361176162958145e-03 3.915330022573471069e-02 4.946548119187355042e-02 1.597313955426216125e-02 2.651991695165634155e-02 2.999963937327265739e-03 1.043875701725482941e-03 2.563716471195220947e-02 3.938563540577888489e-02 1.913903653621673584e-02 8.200169540941715240e-03 2.708201995119452477e-03 5.889525637030601501e-03 1.717772707343101501e-02 1.369748730212450027e-02 1.341788657009601593e-02 8.588167838752269745e-03 1.672165282070636749e-02 1.694406149908900261e-03 2.620900794863700867e-02 4.458494111895561218e-02 1.142686605453491211e-02 8.210736326873302460e-03 6.212359759956598282e-03 2.079952042549848557e-03 2.426826208829879761e-02 5.321463569998741150e-03 9.212447330355644226e-03 3.792249597609043121e-03 1.571690849959850311e-02 2.631236985325813293e-02 1.148247066885232925e-02 3.277589008212089539e-02 2.145240642130374908e-02 7.532943505793809891e-03 5.410261452198028564e-03 2.291283570230007172e-02 3.018424846231937408e-02 3.011295571923255920e-02 1.473319157958030701e-02 2.622247487306594849e-02 4.553579201456159353e-04 8.203574456274509430e-03 1.852131076157093048e-02 8.130364120006561279e-03 7.318032439798116684e-03 9.838614612817764282e-03 1.679103448987007141e-02 2.883955091238021851e-02 2.289490308612585068e-03 5.952055798843502998e-04 2.030019648373126984e-02 2.246886491775512695e-02 3.069443628191947937e-02 4.078649356961250305e-02 4.696711897850036621e-03 3.278086334466934204e-02 1.537700090557336807e-02 8.508305065333843231e-03 2.552341669797897339e-02 4.808568861335515976e-03 3.009206429123878479e-02 7.026983425021171570e-03 7.161671237554401159e-05 1.421232707798480988e-02 1.899267733097076416e-02 2.799781784415245056e-02 1.907445676624774933e-02 1.608462189324200153e-03
7.904563844203948975e-02 6.327072530984878540e-02 1.949058100581169128e-02 2.758755348622798920e-03 8.446760475635528564e-03 6.558530777692794800e-02 5.019558966159820557e-02 9.028962813317775726e-03 7.850841619074344635e-03 8.201251737773418427e-03 8.305591344833374023e-01 6.851892685517668724e-04 8.297527581453323364e-02 2.375494688749313354e-02 3.316318243741989136e-02 6.209788261912763119e-04 5.774463526904582977e-03 7.443965412676334381e-03 9.701916016638278961e-03 1.551174209453165531e-03 6.524594034999608994e-03 6.264061201363801956e-03 2.759361173957586288e-03 1.724077574908733368e-02 3.412724938243627548e-03 6.452050060033798218e-03 4.920127335935831070e-03 2.080797031521797180e-02 2.978425100445747375e-02 2.053119800984859467e-02 2.173918299376964569e-02 1.673892722465097904e-03 2.191440574824810028e-02 1.638861186802387238e-02 1.263958169147372246e-03 9.402622468769550323e-03 1.640105992555618286e-02 3.050702624022960663e-03 1.902091503143310547e-02 2.722903387621045113e-03 2.291366457939147949e-02 4.599662497639656067e-03 1.917698234319686890e-02 1.512333005666732788e-02 7.993507198989391327e-03 2.018694393336772919e-02 6.666840612888336182e-02 5.471299588680267334e-02 1.426832471042871475e-02 2.423710003495216370e-02 1.476048771291971207e-02 1.731525734066963196e-02 1.763020642101764679e-02 9.400399401783943176e-03 8.199876174330711365e-03 3.190153744071722031e-03 3.609483828768134117e-03 8.802993223071098328e-03 1.574256457388401031e-03 1.489557698369026184e-02 9.132679551839828491e-03 5.754375364631414413e-03 1.167786176665686071e-04 3.976922947913408279e-03 3.961356356739997864e-02 3.869461640715599060e-02 1.222101692110300064e-02 1.356282364577054977e-02 5.357434041798114777e-03 5.642921663820743561e-03 1.369669567793607712e-02 9.702369570732116699e-03 1.309364382177591324e-02 1.712412573397159576e-02 3.785636276006698608e-03 2.541569527238607407e-03 1.005901140160858631e-03 2.769033238291740417e-02 1.714935898780822754e-02 1.891992613673210144e-02 4.282719455659389496e-04 1.093781460076570511e-02 2.207905345130711794e-04 1.239648927003145218e-02 1.495456788688898087e-02 2.320274710655212402e-02 1.326816063374280930e-02 1.675050891935825348e-02 6.400184705853462219e-03 1.468657050281763077e-02 2.869404107332229614e-02 9.590451605618000031e-03 3.174166008830070496e-02 2.703995443880558014e-02 1.334315352141857147e-02 1.573008112609386444e-02 1.563277654349803925e-02 1.010437496006488800e-02 5.527126137167215347e-03 1.328949909657239914e-02 9.594110772013664246e-03 8.442704565823078156e-03 2.747271955013275146e-02 7.036015857011079788e-03 2.485577762126922607e-02 7.776760496199131012e-03 4.924745764583349228e-03 8.249097503721714020e-03 2.375015988945960999e-03 4.525053955148905516e-04 1.224472094327211380e-02 1.964626461267471313e-02 1.550512574613094330e-02 2.245511673390865326e-02 1.269144704565405846e-03 8.157043717801570892e-03
1.210652105510234833e-02 2.537307096645236015e-03 1.399193052202463150e-02 1.856771856546401978e-02 1.878765970468521118e-02 9.661535732448101044e-03 9.715833002701401711e-04 1.831292361021041870e-02 3.543687239289283752e-02 1.736083504511043429e-04 6.851892685517668724e-04 8.305591344833374023e-01 1.299826148897409439e-02 7.745157927274703979e-02 4.026843700557947159e-03 1.403588522225618362e-02 2.029982954263687134e-02 3.738018870353698730e-02 3.311821026727557182e-03 6.346632726490497589e-03 7.953735999763011932e-03 3.715909318998456001e-03 2.679323218762874603e-02 1.638569496572017670e-02 2.545409137383103371e-03 1.068424526602029800e-02 2.235784195363521576e-02 4.367824643850326538e-02 9.105538018047809601e-03 3.987909108400344849e-02 1.474925223737955093e-02 9.136726293945685029e-05 7.161224726587533951e-03 4.062710329890251160e-03 6.940721068531274796e-03 2.431783080101013184e-02 2.857460640370845795e-02 3.216923214495182037e-04 2.166151627898216248e-02 1.435813028365373611e-02 8.385345339775085449e-03 2.707893401384353638e-02 4.646628629416227341e-03 2.498953230679035187e-02 5.783945694565773010e-02 4.674502089619636536e-02 7.469647680409252644e-04 2.683342993259429932e-02 3.976640291512012482e-03 6.828713696449995041e-03 3.438440337777137756e-02 3.520280122756958008e-02 2.194435708224773407e-02 1.804604008793830872e-02 1.526392996311187744e-03 1.492619281634688377e-03 1.443445775657892227e-02 2.267081290483474731e-02 2.389112673699855804e-02 1.170475687831640244e-02 2.508688485249876976e-03 9.833813644945621490e-03 8.094026707112789154e-03 6.569208111613988876e-03 8.667445741593837738e-03 1.005396805703639984e-02 6.531933788210153580e-03 3.694841638207435608e-03 2.829646226018667221e-03 3.600733727216720581e-02 1.091883052140474319e-02 2.445010235533118248e-03 1.516699604690074921e-02 2.165993116796016693e-02 2.802764438092708588e-02 5.313226021826267242e-03 2.559023536741733551e-02 2.221892587840557098e-02 4.826276749372482300e-02 3.147836774587631226e-02 3.316200524568557739e-02 1.999469706788659096e-03 3.529889881610870361e-02 7.595673203468322754e-03 2.492671483196318150e-04 1.658958382904529572e-02 2.023758180439472198e-02 1.394399069249629974e-02 3.764535114169120789e-02 4.494561627507209778e-02 1.067471317946910858e-02 1.232469081878662109e-02 1.394535321742296219e-02 5.581495352089405060e-03 5.710578523576259613e-03 6.633222103118896484e-03 1.584177464246749878e-02 1.018815208226442337e-03 1.259156502783298492e-02 1.632714085280895233e-02 9.846447966992855072e-03 1.038283295929431915e-02 1.340287621133029461e-03 2.121158642694354057e-03 4.402059130370616913e-03 1.000416278839111328e-02 7.094269152730703354e-03 2.044943533837795258e-02 3.602186450734734535e-03 7.794142700731754303e-03 1.470995042473077774e-02 4.294414829928427935e-04 2.094979211688041687e-02 2.717985026538372040e-02 9.662788361310958862e-03 1.348925102502107620e-02
7.366369664669036865e-02 6.859643757343292236e-02 1.169515587389469147e-02 1.423589419573545456e-03 4.414869938045740128e-03 6.353427469730377197e-02 5.553976446390151978e-02 4.423208534717559814e-03 1.428356487303972244e-02 6.720209494233131409e-03 8.297527581453323364e-02 1.299826148897409439e-02 8.305591344833374023e-01 3.029713220894336700e-02 2.010976709425449371e-02 3.106891643255949020e-03 1.367634907364845276e-02 3.427098738029599190e-03 2.906316192820668221e-03 1.386244688183069229e-02 8.615449070930480957e-03 1.629643328487873077e-02 2.810111269354820251e-03 1.584734395146369934e-02 1.838242402300238609e-03 6.453951355069875717e-03 1.010435353964567184e-02 2.605509199202060699e-02 3.590117394924163818e-02 2.890248969197273254e-02 2.245761081576347351e-02 1.403463259339332581e-02 3.982827533036470413e-03 1.257660519331693649e-02 6.009752396494150162e-03 3.082912182435393333e-03 1.303478982299566269e-02 1.389959454536437988e-02 1.279585529118776321e-02 6.614893674850463867e-03 9.528626687824726105e-03 2.632471499964594841e-03 8.353167213499546051e-03 5.168960778973996639e-04 1.576783880591392517e-02 2.485762536525726318e-02 5.701487138867378235e-02 5.729833990335464478e-02 8.130088099278509617e-04 1.772643253207206726e-02 8.135474286973476410e-03 2.117994800209999084e-02 2.065098285675048828e-02 6.635826081037521362e-03 1.680719316937029362e-03 1.144648063927888870e-02 1.366438716650009155e-02 1.098685711622238159e-02 2.648410387337207794e-03 2.381427958607673645e-02 6.965319626033306122e-03 3.783972002565860748e-03 1.241400465369224548e-02 4.106796346604824066e-03 3.562087938189506531e-02 4.417447745800018311e-02 1.510023837909102440e-03 5.413613282144069672e-03 1.614421047270298004e-02 7.765263319015502930e-03 2.581930160522460938e-02 1.519165746867656708e-02 2.744646556675434113e-02 1.653144881129264832e-02 7.697074208408594131e-03 1.576907117851078510e-03 1.078400108963251114e-02 3.194835409522056580e-02 2.193240635097026825e-02 2.293643914163112640e-02 1.058326289057731628e-02 9.731039404869079590e-03 9.880342520773410797e-03 1.918150298297405243e-02 2.857111394405364990e-02 2.144658192992210388e-02 9.558646939694881439e-03 1.421427726745605469e-02 1.462898589670658112e-02 2.440170012414455414e-02 2.228003554046154022e-02 1.393368374556303024e-02 3.009293787181377411e-02 4.688310995697975159e-02 1.786860823631286621e-02 8.529257029294967651e-03 1.219972781836986542e-02 8.190923370420932770e-03 2.577269333414733410e-04 8.886586874723434448e-03 8.947276510298252106e-04 4.678596742451190948e-03 9.319027885794639587e-03 6.312692072242498398e-03 4.685119725763797760e-03 6.242031231522560120e-03 7.603612728416919708e-03 1.881969720125198364e-02 6.855331826955080032e-03 1.575260795652866364e-02 1.388760574627667665e-04 1.408272143453359604e-02 3.717559156939387321e-03 1.909611001610755920e-02 1.060488750226795673e-03 2.029870636761188507e-03
