8.292612433433532715e-01 9.098599106073379517e-02 6.077921483665704727e-03 1.572345942258834839e-02 3.596533555537462234e-03 6.361743062734603882e-02 5.696161091327667236e-02 1.940223947167396545e-02 7.265743333846330643e-03 6.798201706260442734e-03 7.772163301706314087e-02 2.986633032560348511e-02 5.342324450612068176e-02 4.081314802169799805e-02 3.490791469812393188e-02 2.090696990489959717e-02 1.414458081126213074e-02 6.530272308737039566e-03 7.009596098214387894e-03 3.628202481195330620e-03 8.773450739681720734e-03 2.518452703952789307e-02 1.476362464018166065e-03 1.545986859127879143e-03 2.569524571299552917e-03 2.879699692130088806e-02 2.371758967638015747e-02 2.486568503081798553e-02 1.050018984824419022e-02 2.554533816874027252e-02 3.702405956573784351e-04 7.447676733136177063e-03 6.871595047414302826e-03 1.507732644677162170e-02 5.712441168725490570e-03 2.972445823252201080e-02 2.302828244864940643e-02 8.540045469999313354e-03 1.347930729389190674e-02 6.999723147600889206e-03 8.943962864577770233e-03 1.018599886447191238e-02 2.156010642647743225e-02 4.156072624027729034e-03 8.901886641979217529e-03 8.072893135249614716e-03 3.380533307790756226e-02 3.267696872353553772e-02 1.323619973845779896e-03 9.571990929543972015e-03 1.812160946428775787e-03 9.089995874091982841e-04 1.581712067127227783e-02 1.526338513940572739e-02 1.175499404780566692e-03 1.689853705465793610e-02 4.219082649797201157e-03 1.423534378409385681e-02 2.072916366159915924e-02 1.816334202885627747e-02 2.559127658605575562e-02 1.099553517997264862e-02 3.839695636997930706e-05 2.641836879774928093e-03 2.717102691531181335e-02 2.899407967925071716e-02 6.295922212302684784e-04 1.350021921098232269e-02 1.401922479271888733e-02 3.627324011176824570e-03 1.493477541953325272e-02 4.394923802465200424e-03 9.170256555080413818e-03 4.170894389972090721e-04 2.317496761679649353e-02 9.513955563306808472e-03 1.233761943876743317e-02 1.799222081899642944e-02 5.393749102950096130e-03 6.582898553460836411e-03 1.426239125430583954e-02 1.377839222550392151e-02 5.601662676781415939e-03 2.171701192855834961e-02 9.655157104134559631e-03 8.824603632092475891e-03 2.359201014041900635e-02 2.621690742671489716e-02 6.570773664861917496e-03 1.151491980999708176e-02 1.720266602933406830e-02 2.580796927213668823e-02 2.869852632284164429e-02 2.556912042200565338e-02 3.777720965445041656e-03 6.540854927152395248e-03 2.983519516419619322e-05 1.301630027592182159e-02 1.245441567152738571e-02 5.569873377680778503e-03 1.169212255626916885e-02 8.836065535433590412e-04 3.962706308811903000e-03 1.188724488019943237e-02 6.309044081717729568e-03 1.518263743491843343e-04 2.112834341824054718e-02 1.412070472724735737e-03 3.923223353922367096e-03 1.329102646559476852e-02 1.265157666057348251e-02 8.436371572315692902e-03 1.370650436729192734e-02 1.393659133464097977e-02 2.712447196245193481e-03 8.004325442016124725e-03
9.098599106073379517e-02 8.292612433433532715e-01 2.422396792098879814e-03 5.936350207775831223e-03 7.806225912645459175e-04 6.183116137981414795e-02 6.090572848916053772e-02 9.800443425774574280e-03 6.269163452088832855e-03 1.048821676522493362e-02 7.148741930723190308e-02 2.491546794772148132e-02 4.894483834505081177e-02 3.260753303766250610e-02 2.321081608533859253e-02 2.287449501454830170e-02 2.063747122883796692e-02 9.152797982096672058e-03 1.320045441389083862e-02 7.033513393253087997e-03 3.919511102139949799e-03 2.909807674586772919e-02 5.565765313804149628e-03 9.542290121316909790e-03 1.921732677146792412e-03 2.030868828296661377e-02 2.647531591355800629e-02 1.988434977829456329e-02 2.242579590529203415e-03 1.830828189849853516e-02 8.426336571574211121e-03 1.277680415660142899e-02 1.116988342255353928e-02 9.267674759030342102e-03 5.528064910322427750e-03 1.719899103045463562e-02 1.153622474521398544e-02 1.359025109559297562e-02 7.810296025127172470e-03 9.274176321923732758e-03 1.262905262410640717e-02 6.054747849702835083e-03 9.765033610165119171e-03 6.598934065550565720e-03 1.254380214959383011e-02 1.421276479959487915e-02 3.911940753459930420e-02 3.541265055537223816e-02 1.830185763537883759e-03 5.134463310241699219e-03 4.762872122228145599e-03 8.990922011435031891e-03 5.433063954114913940e-03 1.020346488803625107e-02 7.031420711427927017e-03 1.111021265387535095e-02 9.827808476984500885e-03 6.754207890480756760e-03 1.429898664355278015e-02 1.203102711588144302e-02 2.760900370776653290e-02 1.443153526633977890e-02 9.298418299295008183e-04 1.392742153257131577e-03 2.848754078149795532e-02 2.890535444021224976e-02 7.112391293048858643e-03 1.135673001408576965e-02 1.278526615351438522e-02 2.699662465602159500e-03 1.689837500452995300e-02 1.266813278198242188e-02 1.527558360248804092e-02 3.130904166027903557e-03 3.071652352809906006e-02 1.560224313288927078e-02 9.887634776532649994e-03 1.555421669036149979e-02 1.240507932379841805e-03 6.059150677174329758e-03 1.074059493839740753e-02 1.032878644764423370e-02 1.138571090996265411e-02 2.150197885930538177e-02 2.278336090967059135e-03 3.293398534879088402e-03 1.594231463968753815e-02 2.229674346745014191e-02 3.312604036182165146e-03 1.678164489567279816e-02 2.242476865649223328e-02 3.261032328009605408e-02 3.075535222887992859e-02 2.869298122823238373e-02 1.583765144459903240e-03 3.801753045991063118e-04 9.713185019791126251e-03 1.828806661069393158e-02 4.406939260661602020e-03 3.694392042234539986e-03 8.010371588170528412e-03 3.211679868400096893e-03 1.709314249455928802e-02 2.008348517119884491e-02 6.428965134546160698e-04 1.472675590775907040e-03 1.445227582007646561e-02 1.197972218506038189e-03 5.151093937456607819e-04 1.340156421065330505e-02 1.075790170580148697e-02 1.160609908401966095e-02 9.480058215558528900e-03 3.911305684596300125e-03 4.299451597034931183e-03 1.984109729528427124e-02
6.077921483665704727e-03 2.422396792098879814e-03 8.292612433433532715e-01 2.150168176740407944e-03 1.390909776091575623e-02 7.261753082275390625e-03 8.712873794138431549e-03 3.795198723673820496e-02 1.173094566911458969e-02 4.660384263843297958e-03 1.058776676654815674e-02 1.558939577080309391e-03 2.010715007781982422e-02 3.726800496224313974e-04 3.921981900930404663e-02 1.279843971133232117e-02 1.290593645535409451e-03 7.848966866731643677e-03 1.814549602568149567e-02 1.458278275094926357e-03 6.274288753047585487e-04 4.226991534233093262e-02 8.599936962127685547e-03 1.118368748575448990e-02 7.893056026659905910e-04 8.948823437094688416e-03 4.378368705511093140e-02 8.582337759435176849e-04 2.864012494683265686e-03 4.856401588767766953e-03 5.918422713875770569e-03 1.801517792046070099e-02 1.794333942234516144e-02 7.579063996672630310e-03 2.107499726116657257e-02 2.446594089269638062e-02 2.970832027494907379e-02 2.477901242673397064e-02 2.617921680212020874e-02 2.142791450023651123e-02 1.999227143824100494e-02 2.397517673671245575e-03 1.927207689732313156e-03 1.383254677057266235e-02 3.285062033683061600e-03 6.249640864552929997e-05 1.299181254580616951e-03 5.216437857598066330e-04 5.335037130862474442e-03 3.278659656643867493e-03 9.538037120364606380e-04 8.946596790337935090e-05 3.487706929445266724e-02 3.873639553785324097e-02 8.801598101854324341e-03 2.910654060542583466e-03 1.101526082493364811e-03 8.588744327425956726e-03 2.024517022073268890e-02 3.212713450193405151e-02 8.486218750476837158e-03 7.734376005828380585e-03 2.967575797811150551e-03 1.186533924192190170e-02 1.245317142456769943e-02 2.264281548559665680e-02 1.037443988025188446e-02 1.408481225371360779e-02 9.434951469302177429e-03 2.244572713971138000e-02 1.010040869005024433e-03 2.179992385208606720e-02 3.833004273474216461e-03 2.273424342274665833e-02 2.182146301493048668e-03 1.597151160240173340e-02 3.356756409630179405e-03 7.871777750551700592e-03 6.964873988181352615e-03 1.609991071745753288e-03 5.669149756431579590e-02 5.682060867547988892e-02 1.719509437680244446e-02 1.431255321949720383e-02 2.897248044610023499e-02 2.814787253737449646e-02 4.863677918910980225e-02 4.956165328621864319e-02 2.914690412580966949e-03 5.868334555998444557e-04 1.405799121130257845e-04 3.376130014657974243e-02 9.444477967917919159e-03 4.036625847220420837e-02 1.129636657424271107e-03 1.096304040402173996e-02 1.163412071764469147e-02 1.205086894333362579e-02 5.303194280713796616e-03 6.164618767797946930e-03 3.932230640202760696e-03 1.758893020451068878e-02 1.556232850998640060e-02 1.652277819812297821e-02 2.408052049577236176e-02 3.229560330510139465e-02 2.490698546171188354e-02 4.050072748214006424e-03 9.687299607321619987e-04 6.869760807603597641e-03 1.386006642132997513e-02 1.505072694271802902e-02 5.991883575916290283e-03 2.412592060863971710e-03 1.971263997256755829e-02 8.849083445966243744e-03
1.572345942258834839e-02 5.936350207775831223e-03 2.150168176740407944e-03 8.292612433433532715e-01 4.917171970009803772e-02 9.828233160078525543e-03 1.447363058105111122e-03 1.290891226381063461e-02 2.494311193004250526e-03 1.290086936205625534e-02 2.120957896113395691e-02 5.732047371566295624e-03 1.248872745782136917e-02 2.524688141420483589e-03 1.251738052815198898e-02 8.625517599284648895e-03 1.439832383766770363e-03 1.268870104104280472e-02 5.563944112509489059e-03 1.205270271748304367e-02 1.137193944305181503e-02 1.982074603438377380e-02 6.510968785732984543e-03 2.669903263449668884e-02 8.287527598440647125e-04 3.239647485315799713e-03 2.115530520677566528e-02 3.381682559847831726e-03 7.638977374881505966e-03 4.153715912252664566e-03 3.826861968263983727e-03 1.384159177541732788e-02 1.624261960387229919e-02 5.312412045896053314e-03 1.013471372425556183e-02 1.420321036130189896e-02 1.855551265180110931e-02 2.050062874332070351e-03 5.729208141565322876e-02 2.410095371305942535e-02 7.099497132003307343e-03 1.988254673779010773e-02 1.405889913439750671e-02 3.872248111292719841e-03 1.067534182220697403e-02 2.538261833251453936e-05 6.664075888693332672e-03 5.575973540544509888e-03 1.852412708103656769e-02 2.205401100218296051e-02 3.157558385282754898e-03 2.811676822602748871e-03 2.474283799529075623e-02 1.996003277599811554e-02 5.227992311120033264e-03 1.245763152837753296e-02 1.530445180833339691e-03 1.472072023898363113e-02 2.328374981880187988e-02 1.909687370061874390e-02 5.863681901246309280e-03 2.333125798031687737e-03 7.167342118918895721e-03 9.884333238005638123e-03 1.634287089109420776e-02 1.221418101340532303e-02 1.563391648232936859e-02 4.282243084162473679e-03 1.306538842618465424e-02 5.922534968703985214e-03 1.310755033046007156e-02 1.336365099996328354e-02 1.651203632354736328e-02 1.356308069080114365e-02 1.818637922406196594e-02 1.696210168302059174e-02 4.616586957126855850e-03 1.990601606667041779e-02 9.405905380845069885e-03 1.686739735305309296e-02 6.457786075770854950e-03 8.157707750797271729e-03 2.365522831678390503e-02 1.093456149101257324e-02 3.049462474882602692e-02 3.135212883353233337e-02 1.581021770834922791e-02 1.439242064952850342e-02 1.554000540636479855e-03 7.708549965173006058e-03 3.664201358333230019e-03 1.353594008833169937e-02 3.428546478971838951e-03 1.757257618010044098e-02 3.079468756914138794e-02 2.465399168431758881e-02 1.412200555205345154e-02 1.669973321259021759e-02 1.193739660084247589e-02 1.656202599406242371e-02 2.906718477606773376e-02 1.401971932500600815e-02 3.762047737836837769e-03 1.427882630378007889e-02 1.890575699508190155e-02 7.216028869152069092e-03 3.494864329695701599e-02 2.649055095389485359e-03 1.774665340781211853e-02 3.449889598414301872e-03 9.104029159061610699e-04 1.565065234899520874e-02 2.808416960760951042e-03 8.520371280610561371e-03 4.506292752921581268e-03 1.357937604188919067e-02
3.596533555537462234e-03 7.806225912645459175e-04 1.390909776091575623e-02 4.917171970009803772e-02 8.292612433433532715e-01 4.556147381663322449e-03 8.892873302102088928e-03 2.774413675069808960e-02 1.609662361443042755e-02 3.242691745981574059e-03 4.107588436454534531e-03 1.056549232453107834e-02 3.327917540445923805e-03 4.382475744932889938e-03 1.251152623444795609e-02 1.204968616366386414e-02 1.857568509876728058e-02 3.711585327982902527e-02 1.351518463343381882e-02 3.450365364551544189e-02 1.861750893294811249e-02 2.059705369174480438e-02 8.218673756346106529e-04 1.000840589404106140e-02 1.304834242910146713e-02 3.081634175032377243e-03 1.523232180625200272e-02 1.159683056175708771e-02 1.090963743627071381e-02 1.594912447035312653e-02 1.140072825364768505e-03 2.905275113880634308e-02 1.637060940265655518e-02 8.712042123079299927e-03 5.800214130431413651e-03 1.626962795853614807e-03 1.751006697304546833e-03 6.591064855456352234e-03 2.637913823127746582e-02 4.037947207689285278e-02 8.799683302640914917e-03 2.255049906671047211e-02 4.437437746673822403e-03 1.515289023518562317e-02 5.036691203713417053e-03 1.541724894195795059e-02 4.003651440143585205e-03 1.672534085810184479e-02 4.064636770635843277e-03 5.664309486746788025e-03 4.429236985743045807e-03 1.422543427906930447e-03 1.107396907173097134e-03 5.542964208871126175e-03 1.239979756064713001e-04 3.366938093677163124e-03 9.262230247259140015e-03 3.966393705923110247e-04 3.843201557174324989e-03 7.828014902770519257e-03 2.101418795064091682e-04 1.595860812813043594e-03 3.954373300075531006e-03 1.851120614446699619e-04 9.019749239087104797e-03 7.022824138402938843e-03 1.860415562987327576e-02 2.681868337094783783e-02 1.125767361372709274e-03 7.683028234168887138e-04 2.864105161279439926e-03 1.685242541134357452e-02 1.347952429205179214e-02 8.873505517840385437e-03 3.442752873525023460e-03 1.568958722054958344e-02 1.329058315604925156e-02 1.397796627134084702e-02 1.025416329503059387e-02 1.345504913479089737e-02 9.805569425225257874e-03 2.567005343735218048e-02 4.910308495163917542e-02 2.634670585393905640e-02 6.224359385669231415e-03 8.805014076642692089e-04 1.134167984127998352e-02 2.028302848339080811e-02 1.147268433123826981e-02 4.053450189530849457e-03 7.234442513436079025e-03 1.693923771381378174e-02 3.727751318365335464e-03 1.864448189735412598e-02 7.226847577840089798e-03 2.363785402849316597e-03 1.754536665976047516e-02 2.303572930395603180e-02 1.934784697368741035e-03 1.813557697460055351e-03 1.412029005587100983e-02 1.202835235744714737e-03 3.225018968805670738e-03 1.393969729542732239e-02 9.687430225312709808e-03 1.577421650290489197e-02 3.125492716208100319e-03 8.022747933864593506e-03 3.222629427909851074e-03 4.991088993847370148e-03 1.580887287855148315e-02 6.201889482326805592e-04 3.605744859669357538e-04 9.174628183245658875e-03 5.399828311055898666e-03 1.910180784761905670e-02
6.361743062734603882e-02 6.183116137981414795e-02 7.261753082275390625e-03 9.828233160078525543e-03 4.556147381663322449e-03 8.292612433433532715e-01 7.704655826091766357e-02 8.523289114236831665e-03 7.721647270955145359e-04 2.385223284363746643e-02 5.022129416465759277e-02 4.407353699207305908e-02 2.938197180628776550e-02 4.651343822479248047e-02 7.590640801936388016e-03 2.522822283208370209e-02 3.351741284132003784e-02 1.052239630371332169e-02 2.705148234963417053e-02 2.649167180061340332e-02 2.648872137069702148e-02 8.875590749084949493e-03 2.266708947718143463e-02 1.305961608886718750e-02 3.527149930596351624e-02 1.321290526539087296e-02 4.682791419327259064e-03 4.583270847797393799e-02 8.717484306544065475e-04 3.209515288472175598e-02 3.756558755412697792e-03 5.223485641181468964e-04 2.150857355445623398e-03 2.817861037328839302e-03 7.652111817151308060e-03 3.717090934514999390e-03 1.110882591456174850e-02 2.226209500804543495e-03 1.020444277673959732e-02 1.356631983071565628e-02 4.773496184498071671e-03 2.979915589094161987e-03 2.201355993747711182e-03 1.858916506171226501e-02 1.889669336378574371e-02 9.943798184394836426e-03 5.359797552227973938e-02 4.467800632119178772e-02 5.818949430249631405e-04 1.523256208747625351e-02 1.138385385274887085e-03 4.578165244311094284e-03 2.613512566313147545e-03 7.196057587862014771e-03 5.065449513494968414e-03 1.628118008375167847e-02 1.365154981613159180e-02 8.949724142439663410e-04 1.239637564867734909e-02 3.428657073527574539e-04 2.290491573512554169e-02 2.822276577353477478e-02 1.003704499453306198e-02 3.649038961157202721e-03 2.419277839362621307e-02 1.714208722114562988e-02 2.747111395001411438e-02 2.250267565250396729e-02 2.450781501829624176e-02 6.086067762225866318e-03 3.332813084125518799e-02 3.125469665974378586e-03 5.093786865472793579e-03 1.269576326012611389e-02 2.692201733589172363e-02 6.609628908336162567e-03 1.165331806987524033e-02 3.438075259327888489e-02 1.316141802817583084e-02 2.255425788462162018e-02 3.745614551007747650e-03 1.405747514218091965e-02 1.363087166100740433e-02 2.486568875610828400e-02 2.063395082950592041e-02 4.251748789101839066e-03 1.003949623554944992e-02 3.944545984268188477e-03 1.110264658927917480e-02 2.003357186913490295e-02 2.670279704034328461e-02 1.644993945956230164e-02 3.414476662874221802e-02 1.399049628525972366e-02 2.789292111992835999e-02 2.394906803965568542e-02 5.310355685651302338e-03 1.617974415421485901e-02 1.417030487209558487e-02 1.354512386023998260e-02 1.035516150295734406e-02 2.531121671199798584e-02 1.268652081489562988e-02 6.768880411982536316e-03 1.027250476181507111e-02 1.089951139874756336e-03 5.684421397745609283e-03 7.525173947215080261e-03 2.386543154716491699e-02 6.017801351845264435e-03 1.719675725325942039e-03 3.963179420679807663e-03 1.134164631366729736e-02 4.825824871659278870e-03 4.988119937479496002e-03 7.399089168757200241e-03
5.696161091327667236e-02 6.090572848916053772e-02 8.712873794138431549e-03 1.447363058105111122e-03 8.892873302102088928e-03 7.704655826091766357e-02 8.292612433433532715e-01 1.185260526835918427e-02 2.592171309515833855e-03 2.387810125946998596e-02 4.449320212006568909e-02 3.617039322853088379e-02 2.740444988012313843e-02 4.821658506989479065e-02 1.547620981000363827e-03 2.791426144540309906e-02 3.422512114048004150e-02 2.338102494832128286e-04 1.918299868702888489e-02 1.966668106615543365e-02 2.191665023565292358e-02 8.549320511519908905e-03 2.430380880832672119e-02 2.060257457196712494e-02 3.351674973964691162e-02 1.758851855993270874e-02 5.316554568707942963e-03 3.692937642335891724e-02 1.749681250657886267e-04 2.942837215960025787e-02 5.516879260540008545e-03 2.128043677657842636e-03 3.688924480229616165e-03 4.183404613286256790e-03 6.589946802705526352e-03 1.873503089882433414e-03 1.379848551005125046e-02 6.448356434702873230e-03 5.193213466554880142e-03 1.053554099053144455e-02 8.097401820123195648e-03 5.199173465371131897e-03 2.537460997700691223e-03 1.509136054664850235e-02 2.107826247811317444e-02 2.731256186962127686e-02 5.351135507225990295e-02 5.580487474799156189e-02 7.462962996214628220e-03 8.119938895106315613e-03 9.549521841108798981e-03 1.832539215683937073e-02 5.772038362920284271e-03 9.652226231992244720e-03 7.049162406474351883e-03 1.076954323798418045e-02 1.476538274437189102e-02 1.271426305174827576e-02 7.349847815930843353e-03 1.863029028754681349e-04 2.094159089028835297e-02 2.494146674871444702e-02 8.420636877417564392e-03 7.796616759151220322e-03 2.565274201333522797e-02 2.359881624579429626e-02 2.750102244317531586e-02 2.208051830530166626e-02 2.196681499481201172e-02 7.232014322653412819e-04 3.048217110335826874e-02 1.202935539186000824e-02 8.689808659255504608e-03 5.349194165319204330e-03 2.368582971394062042e-02 1.736208423972129822e-02 6.263355258852243423e-03 2.277031354606151581e-02 4.287193994969129562e-03 8.127504028379917145e-03 3.401977708563208580e-03 8.012074045836925507e-03 4.270469769835472107e-03 1.497553940862417221e-02 2.547847107052803040e-02 1.837280206382274628e-02 2.738947048783302307e-03 5.448773037642240524e-03 1.384551636874675751e-03 2.245734073221683502e-02 2.815846540033817291e-02 1.770726963877677917e-02 4.101969674229621887e-02 1.683086715638637543e-02 3.642569109797477722e-02 3.137390315532684326e-02 1.555868517607450485e-02 2.161925099790096283e-02 2.010627649724483490e-03 3.508019959554076195e-03 1.501219812780618668e-02 2.301526628434658051e-02 1.772051304578781128e-02 1.094328518956899643e-02 7.123207207769155502e-03 6.791636697016656399e-04 7.673993706703186035e-03 1.048803795129060745e-02 2.321920543909072876e-02 1.331472489982843399e-02 2.322989515960216522e-03 2.495272783562541008e-03 1.079082768410444260e-02 1.029801554977893829e-02 1.247445028275251389e-02 1.248888950794935226e-02
1.940223947167396545e-02 9.800443425774574280e-03 3.795198723673820496e-02 1.290891226381063461e-02 2.774413675069808960e-02 8.523289114236831665e-03 1.185260526835918427e-02 8.292612433433532715e-01 1.016666530631482601e-03 2.018942125141620636e-02 3.398843854665756226e-02 1.362457033246755600e-02 4.179389402270317078e-02 3.478454891592264175e-03 5.515036731958389282e-02 1.475701481103897095e-02 9.499957668595016003e-04 1.579361781477928162e-02 2.387194707989692688e-02 4.070751368999481201e-03 1.298539713025093079e-02 3.793194144964218140e-02 2.446252107620239258e-02 9.077900089323520660e-03 1.214155927300453186e-02 1.842597685754299164e-02 3.548788651823997498e-02 1.276037096977233887e-02 6.019074004143476486e-03 1.482693711295723915e-03 2.926641609519720078e-03 6.644973531365394592e-03 2.861387096345424652e-03 2.375358343124389648e-02 7.336368435062468052e-04 3.560742735862731934e-02 4.517376422882080078e-02 1.819257996976375580e-02 1.576467603445053101e-02 1.274999510496854782e-02 2.212252095341682434e-02 3.755216486752033234e-03 1.199330575764179230e-02 2.464610897004604340e-02 1.276626810431480408e-02 5.536955781280994415e-03 9.879228658974170685e-03 5.007849540561437607e-03 7.087427657097578049e-04 1.613905653357505798e-02 9.627321735024452209e-03 1.658873818814754486e-02 2.784318476915359497e-02 4.183844476938247681e-02 4.854192666243761778e-04 2.308435924351215363e-02 5.759584717452526093e-03 1.365295611321926117e-02 1.778822205960750580e-02 3.330558538436889648e-02 2.600654028356075287e-03 9.510842151939868927e-03 2.388612134382128716e-03 4.818322136998176575e-03 1.376575976610183716e-02 2.822057157754898071e-02 1.512893848121166229e-02 2.137288916856050491e-03 8.966239169239997864e-03 1.757020317018032074e-02 8.746776729822158813e-04 1.606222614645957947e-02 1.019101310521364212e-02 2.031513117253780365e-02 6.679225713014602661e-03 1.254131179302930832e-02 1.160202641040086746e-02 2.363404491916298866e-03 4.823549184948205948e-03 1.213230285793542862e-02 3.727721795439720154e-02 4.448254778981208801e-02 1.081781089305877686e-02 7.629971019923686981e-03 2.488108724355697632e-02 7.213348522782325745e-03 4.779770225286483765e-02 4.894923418760299683e-02 6.546604447066783905e-03 1.461101695895195007e-02 7.210119627416133881e-03 3.015547059476375580e-02 9.194122627377510071e-03 3.396297991275787354e-02 2.259490452706813812e-02 2.519457601010799408e-02 4.714918322861194611e-03 8.690174669027328491e-03 1.388246100395917892e-02 9.196300059556961060e-03 2.576675266027450562e-02 3.166290372610092163e-02 3.274716902524232864e-03 1.629674993455410004e-02 2.037988603115081787e-02 1.735417358577251434e-02 4.421685263514518738e-02 8.999764104373753071e-04 3.052177838981151581e-02 1.242776773869991302e-02 2.502145618200302124e-02 2.033136785030364990e-02 7.996100001037120819e-03 1.927676610648632050e-02 4.145424347370862961e-03 5.309848114848136902e-03
7.265743333846330643e-03 6.269163452088832855e-03 1.173094566911458969e-02 2.494311193004250526e-03 1.609662361443042755e-02 7.721647270955145359e-04 2.592171309515833855e-03 1.016666530631482601e-03 8.292612433433532715e-01 2.461912110447883606e-02 7.601195480674505234e-03 2.297139540314674377e-02 1.103167049586772919e-02 5.197985097765922546e-03 1.112629566341638565e-02 4.969717189669609070e-02 3.032139688730239868e-02 6.017139554023742676e-02 4.350858274847269058e-03 1.744169369339942932e-02 4.623186774551868439e-03 5.294451490044593811e-03 2.110568434000015259e-02 2.744264528155326843e-02 3.150731092318892479e-03 7.686093449592590332e-04 8.736838586628437042e-03 9.444736875593662262e-03 1.321461517363786697e-02 9.867115877568721771e-03 7.079164031893014908e-03 2.467160113155841827e-02 1.137945451773703098e-03 1.039662305265665054e-02 1.057482045143842697e-02 1.184752117842435837e-02 1.035089590004645288e-04 9.908855892717838287e-03 8.472929708659648895e-03 2.232188358902931213e-02 4.356397257652133703e-04 1.789938472211360931e-02 1.946717128157615662e-02 2.574634039774537086e-03 1.592769287526607513e-03 6.950199138373136520e-03 9.913278743624687195e-03 5.571926012635231018e-03 2.843228541314601898e-02 6.923887878656387329e-03 2.280967868864536285e-02 1.936036720871925354e-02 7.725215516984462738e-03 1.084993686527013779e-02 2.984199672937393188e-02 6.308163050562143326e-03 1.105699688196182251e-02 1.398509647697210312e-02 6.766697857528924942e-03 2.001670561730861664e-02 2.316605299711227417e-02 9.778226725757122040e-03 7.517629303038120270e-03 5.735667073167860508e-04 1.804982684552669525e-02 1.770062744617462158e-02 2.162453159689903259e-02 8.216322399675846100e-03 4.950376227498054504e-02 9.044738486409187317e-03 2.215873636305332184e-02 8.160233497619628906e-03 4.037282615900039673e-02 1.938372664153575897e-02 1.045355387032032013e-02 5.030408035963773727e-03 6.975238770246505737e-02 1.780995912849903107e-02 3.296031430363655090e-02 7.967985235154628754e-03 1.765913330018520355e-02 1.608536392450332642e-02 6.794211268424987793e-02 1.370641868561506271e-02 3.350712591782212257e-03 1.377249229699373245e-02 1.064859703183174133e-02 1.395490299910306931e-02 5.785611271858215332e-02 1.193273440003395081e-02 7.178975269198417664e-03 1.478843484073877335e-02 5.368192680180072784e-03 1.276513841003179550e-02 3.716987371444702148e-02 2.628476917743682861e-02 7.034643553197383881e-03 5.012281471863389015e-04 1.636365242302417755e-02 1.436955644749104977e-03 8.748423424549400806e-04 8.459185250103473663e-03 4.527569748461246490e-03 4.631706979125738144e-04 1.337087992578744888e-02 1.693902723491191864e-02 1.418557856231927872e-02 5.529243964701890945e-03 5.159796215593814850e-03 1.567935757339000702e-02 4.210901446640491486e-03 7.750740740448236465e-03 2.453031763434410095e-02 1.471904199570417404e-02 1.739229820668697357e-02 1.109541021287441254e-02
6.798201706260442734e-03 1.048821676522493362e-02 4.660384263843297958e-03 1.290086936205625534e-02 3.242691745981574059e-03 2.385223284363746643e-02 2.387810125946998596e-02 2.018942125141620636e-02 2.461912110447883606e-02 8.292612433433532715e-01 2.715341979637742043e-03 1.549648866057395935e-02 2.201321149186696857e-05 1.590003818273544312e-02 1.306917984038591385e-02 1.374867133563384414e-04 2.250144258141517639e-02 2.527237124741077423e-02 4.811460524797439575e-02 1.769516803324222565e-02 1.163434796035289764e-02 8.138224482536315918e-03 2.536203898489475250e-02 2.055108360946178436e-02 9.659673087298870087e-03 1.567046530544757843e-02 9.833109797909855843e-04 2.876041084527969360e-02 3.995533287525177002e-02 7.866315543651580811e-03 3.152648732066154480e-02 9.983102791011333466e-03 1.239790767431259155e-02 2.240229398012161255e-02 3.355438355356454849e-03 1.374450977891683578e-03 1.840966008603572845e-02 1.456441590562462807e-03 3.106340207159519196e-02 2.136231772601604462e-02 2.907508285716176033e-03 1.255791168659925461e-02 1.080121379345655441e-02 1.345051918178796768e-02 4.051672294735908508e-02 1.843192614614963531e-02 4.031693562865257263e-02 3.542552143335342407e-02 1.907631196081638336e-02 3.470522910356521606e-02 1.824516430497169495e-02 1.671490259468555450e-02 1.134629268199205399e-02 6.268031429499387741e-03 2.611897140741348267e-02 2.724974602460861206e-02 2.387588843703269958e-02 1.383472140878438950e-02 1.659682579338550568e-02 2.743443241342902184e-03 1.366924587637186050e-02 2.831521816551685333e-02 1.652061380445957184e-02 1.558652706444263458e-02 2.717225253582000732e-02 1.260759681463241577e-02 1.294264197349548340e-02 8.769536390900611877e-03 1.513508986681699753e-02 3.716675937175750732e-02 4.664326831698417664e-02 5.143854301422834396e-03 1.386495959013700485e-02 2.845473773777484894e-02 1.304005854763090611e-03 1.265593431890010834e-02 5.158331710845232010e-03 5.878067761659622192e-02 1.196186244487762451e-02 4.096896946430206299e-02 1.733596669510006905e-03 4.081712570041418076e-03 3.362170979380607605e-02 3.755290061235427856e-02 7.014384958893060684e-03 3.474759683012962341e-02 6.449759472161531448e-03 4.455773159861564636e-03 1.028323266655206680e-02 5.623286589980125427e-02 4.145862534642219543e-02 1.130319293588399887e-02 3.359943255782127380e-02 1.796105294488370419e-03 2.497107908129692078e-02 3.563640639185905457e-02 2.136881276965141296e-02 1.686913147568702698e-02 1.558370306156575680e-03 9.452602826058864594e-03 2.645807573571801186e-03 2.186503447592258453e-02 1.408307580277323723e-03 9.352648630738258362e-03 2.113216929137706757e-02 1.742605678737163544e-02 4.583171103149652481e-03 3.441741690039634705e-02 7.897577248513698578e-03 2.135287411510944366e-02 5.675405263900756836e-03 1.129960920661687851e-02 1.816567033529281616e-02 1.783323846757411957e-02 8.178718388080596924e-03 1.060209237039089203e-02
7.772163301706314087e-02 7.148741930723190308e-02 1.058776676654815674e-02 2.120957896113395691e-02 4.107588436454534531e-03 5.022129416465759277e-02 4.449320212006568909e-02 3.398843854665756226e-02 7.601195480674505234e-03 2.715341979637742043e-03 8.292612433433532715e-01 1.970384269952774048e-02 6.595503538846969604e-02 2.272941358387470245e-02 4.897332191467285156e-02 2.551888488233089447e-02 1.773995906114578247e-02 9.876306168735027313e-03 8.069901377893984318e-04 1.351480255834758282e-03 7.436384446918964386e-03 3.180154412984848022e-02 4.594221711158752441e-03 1.619186019524931908e-03 7.619643583893775940e-04 2.783605642616748810e-02 2.381901815533638000e-02 1.983867399394512177e-02 7.654441520571708679e-03 1.964085549116134644e-02 6.401848513633012772e-03 7.719731889665126801e-03 3.784127067774534225e-03 1.368389185518026352e-02 1.494897762313485146e-03 3.981479629874229431e-02 3.503805026412010193e-02 1.155061554163694382e-02 1.563750207424163818e-02 1.919121597893536091e-03 1.290019787847995758e-02 1.560954842716455460e-02 1.488677784800529480e-02 8.613959886133670807e-03 1.540968194603919983e-03 5.901011754758656025e-04 2.911747246980667114e-02 2.499007806181907654e-02 6.524940486997365952e-03 1.061564777046442032e-03 2.572061261162161827e-03 1.838213182054460049e-03 2.332313358783721924e-02 2.556696720421314240e-02 6.270235404372215271e-03 1.041892915964126587e-02 2.294537378475070000e-03 1.402626652270555496e-02 1.759822666645050049e-02 2.348336018621921539e-02 2.453772351145744324e-02 6.352956406772136688e-03 5.967740900814533234e-03 3.577369498088955879e-04 2.780237421393394470e-02 3.208455815911293030e-02 3.584634745493531227e-03 1.680255867540836334e-02 1.440189871937036514e-02 1.541132456623017788e-03 1.216761860996484756e-02 8.015021681785583496e-03 1.105165388435125351e-02 3.959459427278488874e-04 2.227775380015373230e-02 1.178903877735137939e-02 8.190124295651912689e-03 1.056317053735256195e-02 3.109511220827698708e-03 1.106769125908613205e-02 1.598094962537288666e-02 1.827548816800117493e-02 2.028079936280846596e-03 1.548210345208644867e-02 1.102478522807359695e-02 1.351850572973489761e-02 3.704035654664039612e-02 3.423561528325080872e-02 1.261452399194240570e-02 6.475734058767557144e-03 1.237272191792726517e-02 3.270144760608673096e-02 1.949974335730075836e-02 2.988898754119873047e-02 5.721617955714464188e-03 1.592141389846801758e-02 3.955311607569456100e-03 9.606886655092239380e-03 8.867463096976280212e-03 2.935030497610569000e-03 2.567917294800281525e-02 1.599915139377117157e-02 6.700205616652965546e-03 1.096393354237079620e-02 9.516978636384010315e-03 4.502042196691036224e-03 3.087179549038410187e-02 1.731228403514251113e-04 2.404204756021499634e-02 1.197900809347629547e-02 1.521540619432926178e-02 8.857287466526031494e-03 1.044000964611768723e-02 1.266734302043914795e-02 4.183913115411996841e-03 7.180194370448589325e-03
2.986633032560348511e-02 2.491546794772148132e-02 1.558939577080309391e-03 5.732047371566295624e-03 1.056549232453107834e-02 4.407353699207305908e-02 3.617039322853088379e-02 1.362457033246755600e-02 2.297139540314674377e-02 1.549648866057395935e-02 1.970384269952774048e-02 8.292612433433532715e-01 2.639699960127472878e-03 7.139664888381958008e-02 2.473771804943680763e-03 1.861155964434146881e-02 7.988328114151954651e-03 1.698496751487255096e-02 2.821595035493373871e-02 2.293146215379238129e-02 2.785738930106163025e-02 1.144496444612741470e-02 4.016874358057975769e-02 1.734556630253791809e-02 3.291884437203407288e-02 2.449782565236091614e-02 2.956452372018247843e-04 5.497883260250091553e-02 2.329778071725741029e-04 5.009120330214500427e-02 6.014556158334016800e-03 1.108700688928365707e-02 1.199253089725971222e-02 1.023595966398715973e-02 1.099314633756875992e-02 1.183783449232578278e-02 1.272681285627186298e-03 1.660998794250190258e-03 1.439647376537322998e-02 9.400311857461929321e-03 5.578615237027406693e-03 3.106096014380455017e-02 1.165940798819065094e-02 9.202650748193264008e-03 4.311814159154891968e-02 3.022661991417407990e-02 2.800074033439159393e-02 2.693485654890537262e-02 1.591411605477333069e-02 1.121759042143821716e-02 2.988092415034770966e-02 3.644858300685882568e-02 1.716061681509017944e-02 3.328976919874548912e-03 2.379818633198738098e-02 1.859077997505664825e-02 3.336611017584800720e-02 1.884860545396804810e-02 1.703200861811637878e-02 5.499335005879402161e-03 7.739377673715353012e-03 2.324427664279937744e-02 1.665698736906051636e-02 1.752000860869884491e-02 1.675636135041713715e-02 5.876629147678613663e-03 2.000932209193706512e-02 2.285513095557689667e-02 4.330219700932502747e-03 1.765133254230022430e-02 8.995410054922103882e-03 2.038561971858143806e-03 3.790795058012008667e-02 1.373422145843505859e-02 1.251285336911678314e-02 8.575767278671264648e-03 3.015825338661670685e-02 1.047727838158607483e-02 4.537194594740867615e-02 1.121105975471436977e-03 3.555237082764506340e-03 7.982028648257255554e-03 4.133377689868211746e-03 1.048367284238338470e-02 7.242014165967702866e-03 2.590607618913054466e-03 7.235804223455488682e-04 5.105456220917403698e-04 2.982279285788536072e-02 6.306927185505628586e-03 1.970680803060531616e-02 1.144414301961660385e-02 2.558040246367454529e-02 6.011663936078548431e-04 1.709745638072490692e-02 1.226968690752983093e-02 1.191132888197898865e-02 2.141534723341464996e-02 2.491263300180435181e-02 1.433694921433925629e-02 2.441343478858470917e-02 2.997242100536823273e-02 4.285019356757402420e-03 8.013775572180747986e-03 1.146417856216430664e-02 9.121558396145701408e-04 6.169888190925121307e-03 2.306306734681129456e-02 2.542118355631828308e-02 7.869629189372062683e-03 4.700986202806234360e-03 7.976100780069828033e-03 2.014757879078388214e-02 2.406714856624603271e-02 3.594796871766448021e-03 4.285964649170637131e-03
5.342324450612068176e-02 4.894483834505081177e-02 2.010715007781982422e-02 1.248872745782136917e-02 3.327917540445923805e-03 2.938197180628776550e-02 2.740444988012313843e-02 4.179389402270317078e-02 1.103167049586772919e-02 2.201321149186696857e-05 6.595503538846969604e-02 2.639699960127472878e-03 8.292612433433532715e-01 9.714588522911071777e-03 5.413381010293960571e-02 2.865406870841979980e-02 1.923518441617488861e-02 7.044134195894002914e-03 7.853986695408821106e-03 6.552753038704395294e-03 9.970763698220252991e-03 3.447627276182174683e-02 9.907560423016548157e-03 1.272295974195003510e-02 7.494366727769374847e-04 3.230611607432365417e-02 2.717295102775096893e-02 6.298615597188472748e-03 5.309924948960542679e-03 7.771078031510114670e-03 2.682733163237571716e-02 1.581800729036331177e-02 1.185750705190002918e-03 1.026374474167823792e-02 2.220310969278216362e-03 4.463984072208404541e-02 4.627282544970512390e-02 1.696071773767471313e-02 1.052499469369649887e-02 2.632942283526062965e-03 1.731520332396030426e-02 1.313311979174613953e-02 3.198933787643909454e-03 1.446677185595035553e-02 1.153762801550328732e-03 6.994852330535650253e-03 2.281601540744304657e-02 2.438320033252239227e-02 1.131561584770679474e-02 3.373750485479831696e-03 9.458128362894058228e-03 3.204493550583720207e-03 2.271499671041965485e-02 3.441588580608367920e-02 1.564290747046470642e-02 1.261081919074058533e-02 3.371888538822531700e-03 3.021935001015663147e-02 1.841133646667003632e-02 3.168477490544319153e-02 2.137213572859764099e-02 2.678756834939122200e-03 9.058969095349311829e-03 5.097378045320510864e-03 3.014905378222465515e-02 4.335252195596694946e-02 1.031179260462522507e-02 2.324179559946060181e-02 1.884547993540763855e-02 1.115941815078258514e-02 1.016019005328416824e-02 1.855518296360969543e-02 1.668382808566093445e-02 1.645586453378200531e-02 1.808916591107845306e-02 1.739832386374473572e-02 1.527852471917867661e-02 5.461835302412509918e-03 3.054202301427721977e-03 3.397153224796056747e-03 2.421813644468784332e-02 2.765955217182636261e-02 6.587782874703407288e-03 1.401250436902046204e-02 9.359473362565040588e-03 8.112918585538864136e-03 4.080137610435485840e-02 4.112790524959564209e-02 8.957118843682110310e-04 4.045542329549789429e-03 1.776776649057865143e-02 3.353268653154373169e-02 2.377692610025405884e-02 3.398944437503814697e-02 6.201603449881076813e-03 1.542812678962945938e-02 8.904801681637763977e-03 1.000607106834650040e-02 1.349508389830589294e-02 4.098913166671991348e-03 3.286251053214073181e-02 2.950751222670078278e-02 1.061077229678630829e-02 1.053195167332887650e-02 1.458665821701288223e-02 1.904497481882572174e-02 3.961139172315597534e-02 5.549114663153886795e-03 2.709214575588703156e-02 2.730345353484153748e-02 2.496482804417610168e-02 1.181340962648391724e-02 1.565013430081307888e-03 4.761185031384229660e-03 1.350925583392381668e-02 7.587172091007232666e-03
