8.400964736938476562e-01 6.910990923643112183e-02 1.653093472123146057e-02 4.284305498003959656e-03 1.199600007385015488e-02 6.520295888185501099e-02 6.364247947931289673e-02 1.234298385679721832e-02 1.270037051290273666e-02 2.432705136016011238e-03 6.926238536834716797e-02 4.739183001220226288e-03 6.503777951002120972e-02 2.210426144301891327e-02 7.525937166064977646e-03 1.635092869400978088e-02 1.530874054878950119e-02 1.658889092504978180e-02 5.898387171328067780e-03 7.175460457801818848e-03 8.751840330660343170e-03 2.996907755732536316e-02 7.719513494521379471e-03 9.096646681427955627e-03 7.968756835907697678e-04 2.590567339211702347e-03 2.905558235943317413e-02 1.906017959117889404e-02 4.030922055244445801e-02 1.552472263574600220e-02 3.851542621850967407e-02 8.279176428914070129e-03 4.625144880264997482e-03 3.207880770787596703e-03 1.775695942342281342e-03 1.998022897168993950e-03 9.978209855034947395e-04 1.801753975450992584e-02 1.221525948494672775e-03 2.358830720186233521e-02 3.064459655433893204e-03 8.035972714424133301e-03 2.250040695071220398e-02 2.992442250251770020e-02 1.433081272989511490e-02 1.908515393733978271e-02 7.011324912309646606e-02 6.505548208951950073e-02 1.123325247317552567e-02 9.763147681951522827e-03 1.840696670114994049e-03 6.851048208773136139e-03 3.802780061960220337e-03 3.460063133388757706e-03 2.027052454650402069e-02 3.913176711648702621e-03 1.456896401941776276e-02 5.692501435987651348e-04 5.930262152105569839e-03 6.956543074920773506e-04 2.101698331534862518e-02 2.264962997287511826e-03 6.389220245182514191e-03 1.239712256938219070e-02 4.007486253976821899e-02 4.861493408679962158e-02 1.254827994853258133e-02 2.361132530495524406e-03 1.421901118010282516e-02 2.221962623298168182e-02 1.044357661157846451e-02 1.713393442332744598e-02 2.103744819760322571e-02 6.188025698065757751e-03 1.975177554413676262e-03 4.556157160550355911e-03 2.147566899657249451e-02 3.855169517919421196e-03 6.163127254694700241e-03 7.472842000424861908e-03 1.313825976103544235e-02 7.066375575959682465e-03 2.606314606964588165e-02 1.992619410157203674e-02 1.625736616551876068e-02 1.918149879202246666e-03 2.254053764045238495e-02 3.572417050600051880e-02 1.496955845504999161e-02 4.607016162481158972e-04 5.128302052617073059e-02 4.285503923892974854e-02 5.808024853467941284e-02 4.423364251852035522e-02 7.615852169692516327e-03 1.285662874579429626e-03 1.034801080822944641e-02 1.102038472890853882e-02 6.798219867050647736e-03 3.521914826706051826e-03 1.129147224128246307e-02 3.384015057235956192e-03 1.194949448108673096e-02 1.099862530827522278e-02 3.598829731345176697e-03 4.342002794146537781e-03 1.167755201458930969e-02 1.085672900080680847e-02 1.008187048137187958e-02 1.401106920093297958e-02 4.988088272511959076e-03 1.761906780302524567e-02 1.328349951654672623e-02 4.994750488549470901e-03 2.292488329112529755e-02 1.877363398671150208e-02
6.910990923643112183e-02 8.400964736938476562e-01 1.979241706430912018e-02 1.246888190507888794e-02 1.181662082672119141e-02 7.094585895538330078e-02 7.047633081674575806e-02 1.194839365780353546e-02 1.173466816544532776e-02 3.727272560354322195e-04 6.800711154937744141e-02 5.952892825007438660e-03 6.798664480447769165e-02 2.399441227316856384e-02 4.226893186569213867e-03 8.328270167112350464e-03 6.549611687660217285e-03 2.259912714362144470e-02 5.593319889158010483e-03 6.527572870254516602e-03 1.183231174945831299e-02 2.672073245048522949e-02 2.223846502602100372e-03 5.458339117467403412e-03 3.913432359695434570e-03 1.376320375129580498e-03 2.705632708966732025e-02 2.798358909785747528e-02 4.563041031360626221e-02 1.624264754354953766e-02 2.419696003198623657e-02 4.173534980509430170e-04 1.605560444295406342e-02 2.531378297135233879e-03 9.961307048797607422e-03 1.283499877899885178e-02 1.581148803234100342e-02 9.455107152462005615e-03 8.695458993315696716e-03 2.424200065433979034e-02 8.189572021365165710e-03 1.886120997369289398e-02 2.619793266057968140e-02 3.493850305676460266e-02 2.327237464487552643e-02 1.923791691660881042e-02 6.703371554613113403e-02 6.156628578901290894e-02 6.196159520186483860e-04 1.306280586868524551e-02 2.565435599535703659e-03 7.005829829722642899e-03 1.095985528081655502e-03 2.551750047132372856e-03 1.919328793883323669e-02 7.970737060531973839e-04 1.558157056570053101e-02 1.159128383733332157e-03 1.118958275765180588e-02 6.561809685081243515e-03 1.736271753907203674e-02 2.557182684540748596e-03 5.241129547357559204e-03 1.065196935087442398e-03 4.246840626001358032e-02 4.823292419314384460e-02 1.773307472467422485e-02 6.284886039793491364e-03 1.088640186935663223e-02 1.947720162570476532e-02 4.269568249583244324e-03 7.986844517290592194e-03 6.087283603847026825e-03 4.542958922684192657e-03 1.209189184010028839e-02 2.040129154920578003e-03 1.719898357987403870e-02 6.474896799772977829e-04 4.688066896051168442e-03 3.454516117926687002e-04 1.516281627118587494e-02 1.321476045995950699e-02 1.684027351438999176e-02 2.004277519881725311e-02 7.733710575848817825e-03 7.173660676926374435e-03 1.899374276399612427e-02 3.737925738096237183e-02 2.856023050844669342e-02 9.644090197980403900e-03 4.422103241086006165e-02 4.441490769386291504e-02 4.488996788859367371e-02 4.000374302268028259e-02 6.849883939139544964e-04 5.490772891789674759e-03 2.404354512691497803e-03 1.122106891125440598e-02 1.418039854615926743e-02 1.047843694686889648e-02 4.868557734880596399e-04 3.242497798055410385e-03 4.889933858066797256e-03 6.047347094863653183e-03 5.768069531768560410e-04 5.247290711849927902e-03 7.748271455056965351e-04 9.418674744665622711e-03 2.251098491251468658e-02 8.305862545967102051e-03 5.677382927387952805e-03 6.869053933769464493e-03 2.345581725239753723e-02 1.239034067839384079e-02 1.229894161224365234e-02 1.686860062181949615e-02
1.653093472123146057e-02 1.979241706430912018e-02 8.400964736938476562e-01 7.224948611110448837e-03 1.027742214500904083e-02 2.312006987631320953e-02 2.598426491022109985e-02 7.134114205837249756e-02 4.470069427043199539e-03 4.636383615434169769e-03 2.012130431830883026e-02 1.032740995287895203e-02 1.119777746498584747e-02 1.704334467649459839e-02 6.495625711977481842e-03 5.345210433006286621e-03 2.080771839246153831e-03 5.063399672508239746e-03 7.453422993421554565e-03 1.062320172786712646e-02 8.343738503754138947e-03 3.357128007337450981e-03 1.803068444132804871e-02 3.196003288030624390e-02 3.654564730823040009e-03 1.875490765087306499e-03 9.219542145729064941e-03 1.639672089368104935e-03 1.667568832635879517e-02 5.935229128226637840e-04 2.178070135414600372e-02 2.850686898455023766e-03 5.876302719116210938e-03 2.410037210211157799e-03 4.693448543548583984e-03 9.296624921262264252e-03 7.220549043267965317e-03 9.875002317130565643e-03 4.060146864503622055e-03 8.864003233611583710e-03 1.073441468179225922e-02 6.035840138792991638e-03 2.105162013322114944e-03 2.933217585086822510e-02 6.143142469227313995e-03 1.825461513362824917e-03 1.654829271137714386e-02 1.849795505404472351e-02 9.106522426009178162e-03 4.112846218049526215e-03 5.789412651211023331e-03 3.167156828567385674e-03 4.573321435600519180e-03 8.580962195992469788e-03 1.584512740373611450e-02 5.473966244608163834e-03 1.510572992265224457e-02 2.787953056395053864e-02 3.142836736515164375e-03 4.584394861012697220e-03 4.228279460221529007e-03 1.433803699910640717e-02 2.154007926583290100e-02 2.212457172572612762e-02 1.300678309053182602e-02 1.042417064309120178e-02 1.065389253199100494e-03 4.029775038361549377e-03 5.504234228283166885e-03 4.246262833476066589e-03 1.575321331620216370e-02 4.862923640757799149e-03 1.328967511653900146e-02 1.637870562262833118e-03 1.535460539162158966e-02 4.719191696494817734e-03 2.436074195429682732e-03 2.333836862817406654e-03 1.859824545681476593e-02 1.490895915776491165e-02 5.631762370467185974e-02 3.901842609047889709e-02 7.606146391481161118e-03 2.265750989317893982e-02 1.779705658555030823e-02 3.144341707229614258e-02 1.371473725885152817e-02 1.319858897477388382e-02 3.959108609706163406e-03 1.527912728488445282e-02 7.701004855334758759e-03 8.449654094874858856e-03 1.271148491650819778e-02 9.554423391819000244e-03 1.220664754509925842e-02 4.573446232825517654e-03 1.489451713860034943e-02 3.806979162618517876e-03 3.488609101623296738e-03 1.450875680893659592e-02 4.740708507597446442e-03 1.649558835197240114e-04 1.723045110702514648e-02 5.674478132277727127e-03 3.355456981807947159e-03 1.371999178081750870e-02 2.972497837617993355e-03 1.022917311638593674e-02 2.316358685493469238e-02 7.236220408231019974e-03 2.440662309527397156e-02 8.709025569260120392e-03 4.223816562443971634e-03 1.010825857520103455e-02 3.696182277053594589e-03 2.464113943278789520e-02
4.284305498003959656e-03 1.246888190507888794e-02 7.224948611110448837e-03 8.400964736938476562e-01 4.132022336125373840e-02 2.182839671149849892e-03 4.751787055283784866e-03 1.235947106033563614e-02 3.553666919469833374e-02 1.630867272615432739e-02 2.389622619375586510e-03 2.285745553672313690e-02 1.918256049975752831e-03 9.305627085268497467e-03 1.354742422699928284e-02 8.805016987025737762e-03 1.544408407062292099e-02 1.188089977949857712e-02 3.259039018303155899e-03 3.065110649913549423e-03 1.089148595929145813e-02 3.637697314843535423e-03 2.316753752529621124e-02 1.117087155580520630e-02 7.323317695409059525e-03 5.287698470056056976e-03 5.017076618969440460e-03 2.134119533002376556e-02 9.020771831274032593e-04 4.147564526647329330e-03 2.868038043379783630e-02 1.089026033878326416e-02 5.653937812894582748e-03 3.104430390521883965e-03 1.152819208800792694e-02 5.187983624637126923e-03 2.605505473911762238e-02 1.404449250549077988e-02 2.935062535107135773e-02 2.060882560908794403e-02 2.231360226869583130e-02 1.083091925829648972e-02 1.575420424342155457e-02 9.142585098743438721e-03 1.080836821347475052e-02 2.049127966165542603e-02 1.534922514110803604e-03 7.823329418897628784e-03 1.573690213263034821e-02 9.882591664791107178e-03 2.332653105258941650e-02 2.175917476415634155e-02 5.883297882974147797e-03 2.370501495897769928e-02 8.090644143521785736e-03 4.601028747856616974e-03 1.276402361690998077e-02 2.260794304311275482e-02 1.455913949757814407e-02 2.290391735732555389e-02 1.333981566131114960e-02 2.422712510451674461e-03 1.497603580355644226e-02 2.007779106497764587e-02 8.001826936379075050e-04 2.205237280577421188e-03 1.172269042581319809e-02 1.759028621017932892e-02 1.366732735186815262e-02 7.448964286595582962e-03 5.337567534297704697e-03 1.812753640115261078e-02 8.098191767930984497e-02 2.740063332021236420e-02 5.756160244345664978e-02 3.192465752363204956e-02 2.282731980085372925e-02 7.630133186466991901e-04 2.258050628006458282e-02 3.981325775384902954e-02 4.707230720669031143e-03 1.164735108613967896e-02 4.531888663768768311e-02 7.983827963471412659e-03 1.537854410707950592e-02 3.621888346970081329e-03 2.940663136541843414e-03 7.276440504938364029e-03 2.239089086651802063e-02 2.372756600379943848e-02 7.258696015924215317e-03 1.127089373767375946e-02 1.931586116552352905e-02 2.761494833976030350e-03 4.668859764933586121e-03 5.089280311949551105e-04 1.691323146224021912e-02 2.653696760535240173e-02 2.343558735447004437e-04 1.793322153389453888e-03 1.995683880522847176e-03 5.555984098464250565e-03 2.096383832395076752e-02 3.386966139078140259e-02 1.661742851138114929e-02 3.047896176576614380e-02 4.520761314779520035e-03 5.804894026368856430e-03 5.571906920522451401e-03 2.754041925072669983e-02 1.983115263283252716e-02 4.046093299984931946e-02 2.924859151244163513e-02 1.691401563584804535e-02 7.188016315922141075e-04 1.788412407040596008e-02
1.199600007385015488e-02 1.181662082672119141e-02 1.027742214500904083e-02 4.132022336125373840e-02 8.400964736938476562e-01 2.948141889646649361e-03 5.856499075889587402e-03 1.184811070561408997e-02 5.007621832191944122e-03 2.208217978477478027e-02 1.251168735325336456e-02 2.844516374170780182e-02 5.862217396497726440e-03 3.108595684170722961e-02 2.092994563281536102e-02 2.183079160749912262e-02 2.455594390630722046e-02 4.755291156470775604e-03 2.236063405871391296e-02 5.930003244429826736e-03 6.279483437538146973e-03 2.186862751841545105e-02 1.375322602689266205e-02 2.304007112979888916e-02 9.178888984024524689e-03 7.808861788362264633e-03 1.378184836357831955e-02 9.650149149820208549e-04 1.486201677471399307e-02 1.512225437909364700e-02 8.852835744619369507e-03 1.293948478996753693e-02 1.291103381663560867e-02 6.335938232950866222e-04 3.905035089701414108e-03 9.761622175574302673e-03 3.899316536262631416e-03 1.326824072748422623e-02 2.077042870223522186e-02 3.523460403084754944e-02 5.055816378444433212e-03 6.739305797964334488e-03 1.516323443502187729e-02 1.321601960808038712e-02 7.291842252016067505e-03 3.204049915075302124e-02 1.584650389850139618e-02 8.604322560131549835e-03 1.026356592774391174e-02 9.943699464201927185e-03 9.803866967558860779e-03 8.433058857917785645e-03 8.894381113350391388e-03 6.489938125014305115e-03 5.578456446528434753e-03 9.342944249510765076e-03 8.090114220976829529e-03 9.333510883152484894e-03 7.446957752108573914e-03 2.593945479020476341e-03 1.585271582007408142e-02 1.947885192930698395e-02 3.948257304728031158e-03 2.780747599899768829e-02 6.602017208933830261e-03 1.154982112348079681e-02 1.079462002962827682e-02 2.074418216943740845e-02 9.897892363369464874e-03 1.268692314624786377e-03 2.145344205200672150e-02 1.122828689403831959e-03 2.206658199429512024e-02 5.354035180062055588e-03 4.251803830265998840e-02 2.866268903017044067e-02 5.815264303237199783e-03 2.643002010881900787e-02 1.018438395112752914e-02 3.791602794080972672e-03 1.472029741853475571e-02 3.674601437523961067e-03 9.527564048767089844e-03 5.015292763710021973e-02 1.108757685869932175e-02 2.786651253700256348e-02 2.574061043560504913e-03 6.592138670384883881e-04 7.147090509533882141e-03 1.626651547849178314e-02 1.121375244110822678e-02 6.619106978178024292e-03 2.680574776604771614e-03 3.389255842193961143e-03 1.161384582519531250e-02 8.507829159498214722e-03 1.342976652085781097e-02 1.918716914951801300e-02 1.501234062016010284e-02 6.197313778102397919e-03 1.674477243795990944e-03 3.530310234054923058e-03 2.017594873905181885e-02 3.685472905635833740e-02 6.776452995836734772e-03 8.264118805527687073e-03 3.992623649537563324e-03 2.814891922753304243e-05 2.224850933998823166e-03 9.035005234181880951e-03 2.719255723059177399e-02 3.171837329864501953e-02 5.884092766791582108e-03 2.756924927234649658e-02 1.352087408304214478e-02 1.415264885872602463e-02
6.520295888185501099e-02 7.094585895538330078e-02 2.312006987631320953e-02 2.182839671149849892e-03 2.948141889646649361e-03 8.400964736938476562e-01 7.359474152326583862e-02 1.924390718340873718e-02 1.594015955924987793e-02 1.886065467260777950e-03 6.362368911504745483e-02 1.969813928008079529e-02 6.252238154411315918e-02 3.722599521279335022e-02 1.096487231552600861e-02 1.470725797116756439e-02 1.108612585812807083e-02 2.049024216830730438e-02 8.476336486637592316e-03 5.557710770517587662e-03 1.069672871381044388e-02 1.900836639106273651e-02 4.991470836102962494e-03 6.628206931054592133e-03 4.159358795732259750e-03 9.882078738883137703e-04 1.290772110223770142e-02 1.924111135303974152e-02 4.914479330182075500e-02 6.195966619998216629e-03 3.425835445523262024e-02 2.881366293877363205e-03 2.028342336416244507e-02 2.953430870547890663e-03 9.496693499386310577e-03 1.305088400840759277e-02 9.586658328771591187e-03 6.929946830496191978e-04 2.465978497639298439e-03 1.283705513924360275e-02 8.821737952530384064e-03 1.652937009930610657e-02 2.379882149398326874e-02 3.331789001822471619e-02 2.360707335174083710e-02 2.490695379674434662e-02 6.943651288747787476e-02 6.022988632321357727e-02 3.421208821237087250e-03 2.703841309994459152e-03 2.598461462184786797e-03 6.402668077498674393e-03 9.008576162159442902e-03 2.867367118597030640e-03 1.770789735019207001e-02 5.476583610288798809e-04 1.358481124043464661e-02 4.967151209712028503e-03 6.246082950383424759e-03 1.105765905231237411e-02 1.717061363160610199e-02 4.598713945597410202e-03 8.808498270809650421e-03 4.632134921848773956e-03 3.871544823050498962e-02 5.062324553728103638e-02 1.472969166934490204e-02 1.840069657191634178e-03 1.333573367446660995e-02 1.479486376047134399e-02 5.028574261814355850e-03 1.720506697893142700e-03 5.504633765667676926e-03 1.446695160120725632e-02 7.390290964394807816e-03 2.246178453788161278e-03 2.071293815970420837e-02 6.562201306223869324e-03 1.821547979488968849e-03 3.469746094197034836e-03 2.148803882300853729e-02 7.974205538630485535e-03 1.824998483061790466e-02 1.804186031222343445e-02 1.341177523136138916e-02 4.004663322120904922e-03 1.109880581498146057e-02 2.970146574079990387e-02 2.151692844927310944e-02 4.896699101664125919e-04 4.540188983082771301e-02 3.912323340773582458e-02 5.038835480809211731e-02 2.938285470008850098e-02 2.015659585595130920e-03 6.038025603629648685e-04 8.683670312166213989e-03 6.154830567538738251e-03 4.999087192118167877e-03 1.111883786506950855e-03 1.962782815098762512e-03 8.581614238210022449e-04 2.377880737185478210e-03 6.639668252319097519e-03 4.620364867150783539e-03 2.757042646408081055e-03 3.513936419039964676e-03 1.097549311816692352e-02 1.385222747921943665e-02 1.185561437159776688e-02 9.955044835805892944e-03 9.878003038465976715e-03 2.061771415174007416e-02 1.125901564955711365e-02 2.458177320659160614e-02 1.327883172780275345e-02
6.364247947931289673e-02 7.047633081674575806e-02 2.598426491022109985e-02 4.751787055283784866e-03 5.856499075889587402e-03 7.359474152326583862e-02 8.400964736938476562e-01 2.427177131175994873e-02 5.673544015735387802e-03 3.971509635448455811e-03 7.017084956169128418e-02 1.211228407919406891e-02 6.169724091887474060e-02 2.994996309280395508e-02 1.488900370895862579e-02 1.615738612599670887e-03 8.664710330776870251e-04 2.805541642010211945e-02 1.172318216413259506e-02 9.494242840446531773e-04 7.326822262257337570e-03 2.464301884174346924e-02 5.454677622765302658e-03 2.180204028263688087e-03 2.604051260277628899e-03 3.360890084877610207e-03 1.762107014656066895e-02 2.340887486934661865e-02 4.576971754431724548e-02 1.062413584440946579e-02 2.927230671048164368e-02 2.443579258397221565e-03 1.240019593387842178e-02 6.419715471565723419e-03 8.956724777817726135e-03 1.659494265913963318e-02 1.436294987797737122e-02 2.675779629498720169e-03 3.155187238007783890e-03 1.299134641885757446e-02 6.676941178739070892e-03 1.655042730271816254e-02 2.242367528378963470e-02 3.786335140466690063e-02 3.419469669461250305e-02 1.916598342359066010e-02 6.810528039932250977e-02 6.957981735467910767e-02 1.509061781689524651e-03 9.865540778264403343e-04 2.622818865347653627e-04 6.710027810186147690e-03 9.896359406411647797e-03 1.656576641835272312e-03 1.336721237748861313e-02 1.529567874968051910e-03 1.439150515943765640e-02 1.596192363649606705e-03 7.994368672370910645e-03 8.669118396937847137e-03 2.106594666838645935e-02 6.187426042743027210e-04 5.936922039836645126e-03 9.277547709643840790e-03 4.511706531047821045e-02 4.869344457983970642e-02 1.003861054778099060e-02 6.065376568585634232e-03 6.622081156820058823e-03 1.227250695228576660e-02 3.802248043939471245e-03 6.024896167218685150e-03 4.190374747850000858e-04 7.472936529666185379e-03 2.121927775442600250e-02 3.196419216692447662e-03 9.205991402268409729e-03 2.406419487670063972e-03 4.870865494012832642e-03 8.257359266281127930e-03 1.485665421932935715e-02 1.957298628985881805e-02 2.088557370007038116e-02 2.750962972640991211e-02 8.908887393772602081e-03 4.143184050917625427e-03 2.249632403254508972e-02 3.095812909305095673e-02 2.768737077713012695e-02 2.004697220399975777e-03 4.845008254051208496e-02 4.284617304801940918e-02 5.223060026764869690e-02 3.181114420294761658e-02 1.739180879667401314e-03 4.519243724644184113e-03 3.069072030484676361e-03 1.567554473876953125e-02 1.287624798715114594e-02 2.153471345081925392e-03 2.193567052017897367e-04 5.024128127843141556e-03 1.845936640165746212e-03 9.097255766391754150e-03 4.409504588693380356e-03 7.310407818295061588e-04 3.081324277445673943e-03 1.066667307168245316e-02 1.510427799075841904e-02 8.005494251847267151e-03 8.009937591850757599e-03 3.376604989171028137e-03 2.123236842453479767e-02 4.582138732075691223e-03 1.221626996994018555e-02 1.029333379119634628e-02
1.234298385679721832e-02 1.194839365780353546e-02 7.134114205837249756e-02 1.235947106033563614e-02 1.184811070561408997e-02 1.924390718340873718e-02 2.427177131175994873e-02 8.400964736938476562e-01 4.705778788775205612e-03 7.049367297440767288e-03 2.261228300631046295e-02 4.413040820509195328e-03 6.552069447934627533e-03 1.104772277176380157e-02 4.433196783065795898e-02 1.229198463261127472e-02 1.771453185938298702e-03 1.126004755496978760e-02 7.377344183623790741e-03 2.582321316003799438e-02 1.942989975214004517e-02 2.422234043478965759e-02 1.397608546540141106e-03 6.206232123076915741e-03 2.246245928108692169e-02 1.540340483188629150e-02 2.079854719340801239e-02 5.887972190976142883e-03 1.702383719384670258e-02 3.461097599938511848e-03 1.758851483464241028e-02 1.855354942381381989e-02 1.534399203956127167e-02 1.586403697729110718e-02 7.588528678752481937e-04 1.902840100228786469e-02 2.489590831100940704e-02 2.265522256493568420e-02 2.666638977825641632e-02 1.272653602063655853e-02 1.813215762376785278e-02 6.591614335775375366e-03 4.343031905591487885e-03 1.427945098839700222e-04 1.153372228145599365e-02 2.954421332105994225e-03 1.575309410691261292e-02 1.813946664333343506e-02 3.142719855532050133e-03 1.051587052643299103e-02 2.149362117052078247e-02 3.391616418957710266e-02 3.404414281249046326e-02 3.081789426505565643e-02 3.294732596259564161e-04 1.901499927043914795e-03 1.404893584549427032e-03 1.841586898081004620e-03 2.367225848138332367e-02 1.621819287538528442e-02 1.893444359302520752e-02 3.663512179628014565e-03 8.694727905094623566e-03 1.572312787175178528e-02 4.245829302817583084e-03 2.584299771115183830e-03 1.574115082621574402e-02 1.895586773753166199e-02 3.099841298535466194e-03 1.791037246584892273e-02 5.209019407629966736e-03 1.114735752344131470e-02 6.597642204724252224e-04 3.475435078144073486e-03 9.428766206838190556e-04 8.746779523789882660e-03 7.351477164775133133e-03 2.255366649478673935e-03 2.209265902638435364e-02 1.839389791712164879e-03 7.414569705724716187e-02 7.445361465215682983e-02 7.563208695501089096e-03 4.486088175326585770e-03 1.705365837551653385e-03 3.271680092439055443e-03 4.168656095862388611e-02 3.428509458899497986e-02 1.090975827537477016e-03 6.247441750019788742e-03 1.022566203027963638e-02 5.149098578840494156e-03 1.006484590470790863e-02 1.626409590244293213e-02 2.414476126432418823e-02 6.063126493245363235e-04 1.384328398853540421e-02 1.257425756193697453e-03 3.942053765058517456e-03 9.339435957372188568e-03 5.913977045565843582e-03 1.168858539313077927e-02 1.852167770266532898e-02 1.341325882822275162e-02 3.492097184062004089e-02 2.087907493114471436e-02 2.577652037143707275e-02 5.028975661844015121e-03 5.322135519236326218e-03 3.808586625382304192e-03 2.669562399387359619e-02 3.142778528854250908e-03 1.340837683528661728e-03 9.487808565609157085e-04 2.730096457526087761e-03 1.468875072896480560e-02
1.270037051290273666e-02 1.173466816544532776e-02 4.470069427043199539e-03 3.553666919469833374e-02 5.007621832191944122e-03 1.594015955924987793e-02 5.673544015735387802e-03 4.705778788775205612e-03 8.400964736938476562e-01 5.004808679223060608e-02 8.785405196249485016e-03 1.409703865647315979e-02 1.280575990676879883e-02 5.593299865722656250e-03 7.588576991111040115e-03 3.580166772007942200e-02 4.091093316674232483e-02 2.288685739040374756e-02 2.777528949081897736e-02 6.267837248742580414e-03 6.435089278966188431e-03 3.137004328891634941e-03 4.972038418054580688e-02 4.479695111513137817e-02 4.515965934842824936e-03 8.725531399250030518e-03 1.201817300170660019e-02 2.043572627007961273e-02 2.198741072788834572e-03 3.212516661733388901e-03 4.028529394418001175e-03 2.665694057941436768e-02 5.380144342780113220e-03 1.251104753464460373e-02 2.950771944597363472e-03 1.644769124686717987e-02 3.430976939853280783e-04 1.155910547822713852e-02 8.730565197765827179e-03 3.223128151148557663e-03 1.087823882699012756e-03 1.324965432286262512e-02 8.267446421086788177e-03 1.188667770475149155e-02 3.622799739241600037e-02 1.154636777937412262e-02 7.552353665232658386e-03 4.558132961392402649e-03 1.303135603666305542e-02 3.050071420148015022e-03 2.201219648122787476e-02 2.999528124928474426e-02 6.569658871740102768e-04 1.620045863091945648e-02 2.718766219913959503e-02 2.190402336418628693e-02 2.683347649872303009e-02 2.493267133831977844e-02 1.216221135109663010e-02 1.046034600585699081e-02 2.030671946704387665e-02 2.940817363560199738e-02 8.935469202697277069e-03 1.221102662384510040e-02 2.203589538112282753e-03 6.979024503380060196e-03 8.055186830461025238e-03 1.415499113500118256e-02 4.976246505975723267e-02 2.416346408426761627e-02 4.364185035228729248e-02 3.700076043605804443e-02 2.687193639576435089e-02 3.440771624445915222e-02 1.093701925128698349e-02 3.988979756832122803e-02 6.513722985982894897e-02 5.345842987298965454e-02 4.774271696805953979e-02 3.512845933437347412e-02 1.041037775576114655e-02 1.250648871064186096e-02 1.830226741731166840e-02 2.228376455605030060e-02 3.580813063308596611e-03 4.655364900827407837e-03 6.649371702224016190e-03 1.041493192315101624e-02 2.253378182649612427e-02 8.072628639638423920e-03 2.893418539315462112e-03 4.254452884197235107e-03 3.160761843901127577e-04 4.006786271929740906e-03 2.923221886157989502e-02 3.036808036267757416e-02 1.120122056454420090e-02 3.635244444012641907e-02 3.639124333858489990e-02 2.651419863104820251e-02 1.835932210087776184e-02 1.082276459783315659e-02 8.148481138050556183e-04 1.375591848045587540e-02 1.423924416303634644e-02 1.652912423014640808e-02 1.762741804122924805e-02 2.318243868649005890e-02 2.268729265779256821e-03 1.547113619744777679e-02 7.189169060438871384e-03 3.901745891198515892e-03 9.829528629779815674e-03 1.233999058604240417e-02 4.738310351967811584e-03 7.136358879506587982e-03
2.432705136016011238e-03 3.727272560354322195e-04 4.636383615434169769e-03 1.630867272615432739e-02 2.208217978477478027e-02 1.886065467260777950e-03 3.971509635448455811e-03 7.049367297440767288e-03 5.004808679223060608e-02 8.400964736938476562e-01 3.944588359445333481e-03 2.025089459493756294e-03 4.071306902915239334e-03 1.134650036692619324e-02 7.739787921309471130e-03 3.600280359387397766e-02 4.099294170737266541e-02 1.827080547809600830e-02 4.326263815164566040e-02 2.296708896756172180e-02 1.699656061828136444e-02 3.633991116657853127e-03 4.292114451527595520e-02 5.043675750494003296e-02 1.222162507474422455e-02 8.033307269215583801e-03 6.657200399786233902e-03 1.898071379400789738e-03 3.779298393055796623e-03 8.439474040642380714e-04 4.805151838809251785e-03 3.504626825451850891e-02 2.817348809912800789e-03 3.238202258944511414e-02 4.235976841300725937e-03 1.630331017076969147e-02 1.224215142428874969e-02 2.105347439646720886e-02 4.943219479173421860e-03 1.120938546955585480e-02 1.246639341115951538e-02 2.165230922400951385e-02 6.900237407535314560e-03 5.850928835570812225e-03 2.122364006936550140e-02 2.562689222395420074e-02 4.912273958325386047e-03 2.577026898507028818e-04 1.144631579518318176e-02 2.441930770874023438e-02 1.605538092553615570e-02 2.213230729103088379e-02 1.799099706113338470e-02 1.710500754415988922e-02 1.901467889547348022e-02 3.955733403563499451e-02 4.742354154586791992e-03 1.749234646558761597e-02 2.071847952902317047e-02 3.999236971139907837e-03 1.091569941490888596e-02 3.567208349704742432e-02 2.603838220238685608e-04 1.049284357577562332e-02 1.078076311387121677e-03 3.585361875593662262e-03 1.157360058277845383e-02 3.869300999213010073e-04 3.529173508286476135e-02 2.618195489048957825e-02 3.717137128114700317e-02 1.661344617605209351e-02 1.948894187808036804e-02 2.351619675755500793e-02 3.394850762560963631e-03 1.106937322765588760e-02 4.941400513052940369e-02 5.717471241950988770e-02 4.055221751332283020e-02 4.810670390725135803e-02 2.910317154601216316e-03 1.585007831454277039e-02 1.634852960705757141e-02 4.539920017123222351e-02 1.752539724111557007e-02 1.172698941081762314e-02 1.027332735247910023e-03 1.489860378205776215e-02 6.850880890851840377e-05 4.938286263495683670e-03 1.157068880274891853e-03 3.837501863017678261e-03 2.764762146398425102e-03 6.662250962108373642e-03 2.954252064228057861e-02 4.103747382760047913e-02 1.964830607175827026e-02 1.429779641330242157e-02 4.097594693303108215e-02 4.288127645850181580e-02 3.094892762601375580e-02 2.524578943848609924e-02 2.662128768861293793e-03 1.653954386711120605e-02 1.460269093513488770e-02 1.291017793118953705e-02 1.910422183573246002e-02 1.456022448837757111e-02 1.739909872412681580e-02 1.883820071816444397e-02 2.066709659993648529e-02 4.808636382222175598e-03 1.553506404161453247e-02 1.121499761939048767e-02 2.595501253381371498e-03 3.294088877737522125e-03
6.926238536834716797e-02 6.800711154937744141e-02 2.012130431830883026e-02 2.389622619375586510e-03 1.251168735325336456e-02 6.362368911504745483e-02 7.017084956169128418e-02 2.261228300631046295e-02 8.785405196249485016e-03 3.944588359445333481e-03 8.400964736938476562e-01 1.263440790353342891e-04 6.750211119651794434e-02 1.663690805435180664e-02 1.603351440280675888e-03 1.314938440918922424e-02 1.142910029739141464e-02 1.959934271872043610e-02 6.954232230782508850e-03 1.913075102493166924e-03 1.582489581778645515e-03 3.428865224123001099e-02 3.968688659369945526e-03 7.361655589193105698e-03 4.865903407335281372e-03 6.333831697702407837e-03 2.763932757079601288e-02 2.435297518968582153e-02 4.519889131188392639e-02 1.938489638268947601e-02 3.583739325404167175e-02 5.890499800443649292e-03 3.125248011201620102e-03 5.162470042705535889e-03 5.639441311359405518e-03 3.163963090628385544e-03 7.001242600381374359e-03 2.243232354521751404e-02 3.863061720039695501e-04 1.845862157642841339e-02 7.418210618197917938e-03 1.197393797338008881e-02 2.465036697685718536e-02 2.349480427801609039e-02 2.210853993892669678e-02 1.624858938157558441e-02 6.828688085079193115e-02 7.043290138244628906e-02 6.314265541732311249e-03 3.312751650810241699e-03 8.465593564324080944e-04 2.590637654066085815e-03 3.389113349840044975e-03 4.808033350855112076e-03 1.641444489359855652e-02 3.325744532048702240e-03 1.298197824507951736e-02 5.102729890495538712e-03 7.653934881091117859e-03 1.386389776598662138e-04 2.255556359887123108e-02 1.665957621298730373e-03 7.433874532580375671e-03 1.042317482642829418e-03 5.182392522692680359e-02 5.431842431426048279e-02 8.447527885437011719e-03 5.817346274852752686e-03 1.446948293596506119e-02 1.705513894557952881e-02 7.492545060813426971e-03 1.279552560299634933e-02 1.684962771832942963e-02 3.986948635429143906e-03 7.258616387844085693e-03 3.347420599311590195e-03 1.697252131998538971e-02 5.220963619649410248e-03 1.888207858428359032e-03 9.444623254239559174e-03 1.256692968308925629e-02 1.811484806239604950e-02 2.498397789895534515e-02 2.198530547320842743e-02 1.385039277374744415e-02 4.792412742972373962e-03 2.898520790040493011e-02 3.812347352504730225e-02 2.422427386045455933e-02 3.823781851679086685e-03 5.162785574793815613e-02 4.879700392484664917e-02 5.418676510453224182e-02 4.277105629444122314e-02 6.632001604884862900e-03 1.185475732199847698e-03 1.058928575366735458e-02 1.784609444439411163e-02 8.295999839901924133e-03 4.782884207088500261e-05 4.505601711571216583e-03 5.806777160614728928e-03 1.220341399312019348e-02 1.352982968091964722e-02 5.709507968276739120e-03 5.240928148850798607e-04 5.733400117605924606e-03 6.855210755020380020e-03 7.926044985651969910e-03 1.584127917885780334e-02 3.623643191531300545e-03 1.048908010125160217e-02 1.628277823328971863e-02 5.538821220397949219e-03 1.351515389978885651e-02 1.645089313387870789e-02
4.739183001220226288e-03 5.952892825007438660e-03 1.032740995287895203e-02 2.285745553672313690e-02 2.844516374170780182e-02 1.969813928008079529e-02 1.211228407919406891e-02 4.413040820509195328e-03 1.409703865647315979e-02 2.025089459493756294e-03 1.263440790353342891e-04 8.400964736938476562e-01 3.345069941133260727e-03 8.121128380298614502e-02 1.925289444625377655e-02 6.444262340664863586e-03 1.169616705738008022e-03 9.192854166030883789e-03 1.186160650104284286e-02 8.739537559449672699e-03 2.116328105330467224e-02 4.831127822399139404e-03 3.223014622926712036e-02 8.980043232440948486e-03 1.908525265753269196e-02 3.655289858579635620e-02 2.187319798395037651e-03 5.257210507988929749e-02 2.733733691275119781e-02 5.716620013117790222e-02 1.181438658386468887e-02 1.397908665239810944e-03 2.832534722983837128e-02 9.376097470521926880e-03 3.836927562952041626e-02 1.856326498091220856e-02 3.181706648319959641e-03 6.771182641386985779e-03 2.476345375180244446e-02 1.037914026528596878e-02 3.197766374796628952e-03 5.289579741656780243e-03 1.443929225206375122e-02 3.655518963932991028e-02 4.210866242647171021e-02 1.701920293271541595e-02 6.633806508034467697e-03 3.075446467846632004e-03 1.612652849871665239e-04 1.304602529853582382e-02 4.022622480988502502e-02 3.400048241019248962e-02 1.546753011643886566e-02 1.489924360066652298e-02 1.625497080385684967e-02 1.834467239677906036e-02 4.134703427553176880e-02 3.296702727675437927e-02 2.211301401257514954e-02 1.615145616233348846e-02 2.105851657688617706e-02 2.541878633201122284e-02 2.359911426901817322e-02 1.930818893015384674e-02 1.558231934905052185e-02 5.006160121411085129e-03 2.123187761753797531e-03 3.725744085386395454e-03 3.519204631447792053e-02 1.050919480621814728e-02 3.257903829216957092e-02 1.735791377723217010e-02 1.131160371005535126e-02 1.038824208080768585e-02 1.724477671086788177e-02 2.878228202462196350e-02 1.345289777964353561e-02 1.315709389746189117e-02 1.034105382859706879e-02 5.717000458389520645e-04 5.252551636658608913e-05 1.249213702976703644e-03 6.028972100466489792e-03 3.179257269948720932e-03 1.453917939215898514e-02 3.902150550857186317e-03 2.101496560499072075e-03 3.580090822651982307e-03 3.569096699357032776e-02 4.892592877149581909e-02 2.660737931728363037e-02 1.977264648303389549e-03 1.959864608943462372e-02 5.032105371356010437e-03 5.330579355359077454e-03 3.548692679032683372e-03 1.322060637176036835e-02 1.180150918662548065e-02 1.519319135695695877e-03 8.157158270478248596e-03 7.383388001471757889e-03 8.524110540747642517e-03 9.453826583921909332e-03 7.673175074160099030e-03 1.543588936328887939e-03 4.879784304648637772e-03 3.045847173780202866e-03 1.391669362783432007e-02 7.051310967653989792e-03 2.202138863503932953e-02 1.188859716057777405e-02 1.770347170531749725e-02 1.679098047316074371e-02 1.781795173883438110e-02 1.316613052040338516e-02 2.599895000457763672e-02
6.503777951002120972e-02 6.798664480447769165e-02 1.119777746498584747e-02 1.918256049975752831e-03 5.862217396497726440e-03 6.252238154411315918e-02 6.169724091887474060e-02 6.552069447934627533e-03 1.280575990676879883e-02 4.071306902915239334e-03 6.750211119651794434e-02 3.345069941133260727e-03 8.400964736938476562e-01 1.843285933136940002e-02 1.010284759104251862e-02 1.347343716770410538e-02 1.258474960923194885e-02 1.997720450162887573e-02 7.869547232985496521e-03 1.158608775585889816e-02 8.101145736873149872e-03 3.932210430502891541e-02 3.177113831043243408e-04 7.174217607825994492e-03 2.990800887346267700e-03 9.845614113146439195e-05 3.177446871995925903e-02 2.346170321106910706e-02 4.190097749233245850e-02 1.788580417633056641e-02 3.639355674386024475e-02 1.563572906889021397e-03 1.383248157799243927e-02 2.801990136504173279e-03 5.851734895259141922e-03 7.612859364598989487e-03 1.173438038676977158e-02 2.454470470547676086e-02 1.848643296398222446e-03 1.468442939221858978e-02 5.062310956418514252e-03 1.192895974963903427e-02 2.662598527967929840e-02 2.371793426573276520e-02 1.833378896117210388e-02 2.447216957807540894e-02 6.703016906976699829e-02 6.331989169120788574e-02 5.210439208894968033e-03 7.701331749558448792e-03 4.282931913621723652e-04 5.772024858742952347e-03 4.692314658313989639e-03 1.148319919593632221e-03 1.832047663629055023e-02 7.884439080953598022e-03 1.051030401140451431e-02 3.191334893926978111e-03 1.353928260505199432e-02 3.883372992277145386e-03 1.920590922236442566e-02 6.248616613447666168e-03 8.239118382334709167e-03 5.922151729464530945e-03 4.847931861877441406e-02 5.698275938630104065e-02 1.289740297943353653e-02 5.619070958346128464e-03 1.340372115373611450e-02 2.141637727618217468e-02 1.064959540963172913e-02 1.414875872433185577e-02 1.223855093121528625e-02 3.148150164633989334e-03 7.210382726043462753e-03 5.056619411334395409e-04 1.791853643953800201e-02 4.172776360064744949e-03 4.987328778952360153e-03 8.305979892611503601e-03 6.735640577971935272e-03 7.830882444977760315e-03 2.004468068480491638e-02 1.907539367675781250e-02 9.748081676661968231e-03 1.028384827077388763e-02 2.930798754096031189e-02 4.226111993193626404e-02 2.115989662706851959e-02 4.553495440632104874e-03 4.821662232279777527e-02 4.858745634555816650e-02 5.362829566001892090e-02 4.812382906675338745e-02 6.936695892363786697e-03 2.778946422040462494e-03 1.342732924968004227e-02 1.064628176391124725e-02 9.813601151108741760e-03 6.347068119794130325e-03 2.836566884070634842e-03 1.225378015078604221e-03 2.071172557771205902e-02 1.266214344650506973e-02 7.475520251318812370e-04 8.088407921604812145e-04 5.683001130819320679e-03 5.513733718544244766e-03 1.175778917968273163e-02 1.353291980922222137e-02 1.010312605649232864e-02 1.735306717455387115e-02 1.855558902025222778e-02 1.281399093568325043e-02 1.948977634310722351e-02 2.132911421358585358e-02
