8.356597423553466797e-01 6.203381717205047607e-02 9.907664498314261436e-04 6.653640884906053543e-03 1.697438023984432220e-02 4.652447998523712158e-02 2.812550589442253113e-02 3.066951595246791840e-02 6.059677340090274811e-03 4.841111134737730026e-03 6.291291862726211548e-02 8.107852190732955933e-03 4.694310948252677917e-02 1.417660154402256012e-02 4.057637229561805725e-02 2.114337682723999023e-02 1.977092958986759186e-02 2.503003366291522980e-02 1.556068006902933121e-02 5.055114626884460449e-03 2.842692472040653229e-02 3.776227310299873352e-02 1.748252473771572113e-02 6.870351731777191162e-03 1.397450640797615051e-02 2.860156819224357605e-02 2.223585359752178192e-02 3.101618727669119835e-03 2.685373276472091675e-02 1.189218647778034210e-02 2.001838758587837219e-02 1.419927459210157394e-03 2.896365011110901833e-03 2.050320245325565338e-02 1.650358363986015320e-02 8.179641736205667257e-05 3.726038848981261253e-03 1.972971856594085693e-02 1.550469268113374710e-02 1.730639487504959106e-02 1.140551455318927765e-02 2.375330217182636261e-02 2.998603321611881256e-02 1.514985598623752594e-02 1.607238315045833588e-02 8.565700612962245941e-03 3.264542296528816223e-02 1.313838455826044083e-02 3.397654974833130836e-03 5.929283797740936279e-03 8.181972429156303406e-03 2.784510375931859016e-03 1.216660253703594208e-02 2.193190157413482666e-02 4.150144290179014206e-03 6.792557891458272934e-03 1.619918644428253174e-02 1.636857539415359497e-02 1.508794631808996201e-02 2.857561595737934113e-02 2.425736980512738228e-03 6.687866058200597763e-03 1.894213608466088772e-03 1.066902931779623032e-02 3.668567910790443420e-02 2.814334630966186523e-02 1.176343392580747604e-02 2.028525061905384064e-02 1.721568964421749115e-02 1.337303873151540756e-02 2.465720288455486298e-02 1.011045370250940323e-02 1.112377643585205078e-02 1.679704897105693817e-02 3.288508579134941101e-02 1.203765254467725754e-02 9.491503238677978516e-03 1.200940739363431931e-02 1.539257634431123734e-02 1.111618941649794579e-03 3.557083429768681526e-03 2.511442266404628754e-02 2.172368951141834259e-02 4.087648354470729828e-03 1.508366782218217850e-02 1.267865020781755447e-02 3.482011333107948303e-02 2.904745936393737793e-02 2.791696751955896616e-04 5.082958377897739410e-03 2.372575551271438599e-02 2.822076156735420227e-02 6.019938271492719650e-03 1.683649793267250061e-02 1.715596951544284821e-02 2.233258448541164398e-02 1.575563848018646240e-02 1.210083439946174622e-02 1.543534174561500549e-02 1.906680501997470856e-02 1.546213869005441666e-02 2.483164891600608826e-02 2.791880257427692413e-02 3.334188368171453476e-03 6.112377159297466278e-03 2.054929360747337341e-02 2.309418283402919769e-03 2.024964429438114166e-02 2.421223744750022888e-02 7.485882379114627838e-03 6.144712213426828384e-03 5.367961246520280838e-03 2.428640797734260559e-02 2.165685035288333893e-02 2.143843285739421844e-02 1.086953748017549515e-02
6.203381717205047607e-02 8.356597423553466797e-01 4.157129675149917603e-03 3.977266605943441391e-03 4.311494063585996628e-03 4.447662085294723511e-02 3.869014605879783630e-02 2.736819162964820862e-02 7.182717788964509964e-03 2.900463994592428207e-03 4.222822189331054688e-02 1.294344011694192886e-02 5.712600052356719971e-02 3.754547797143459320e-03 3.312112018465995789e-02 1.036782562732696533e-02 7.085722405463457108e-03 1.808880455791950226e-02 3.815163392573595047e-03 1.232614088803529739e-02 3.845437988638877869e-02 3.192315250635147095e-02 8.555762469768524170e-03 5.847888533025979996e-04 1.651925034821033478e-02 3.334426507353782654e-02 1.944767311215400696e-02 1.459356304258108139e-02 2.336572296917438507e-02 9.454989805817604065e-03 3.064601682126522064e-02 9.510811418294906616e-03 1.319451071321964264e-02 2.025398612022399902e-02 2.623135037720203400e-02 8.711565285921096802e-03 8.795712143182754517e-03 2.220266871154308319e-02 2.635602094233036041e-02 5.721947178244590759e-03 1.522240974009037018e-02 2.491626702249050140e-02 3.820070251822471619e-02 2.020261436700820923e-02 1.739596831612288952e-03 1.762180356308817863e-03 3.122193180024623871e-02 2.343118004500865936e-02 1.205918006598949432e-02 1.190157327800989151e-02 1.712113735266029835e-03 1.170241739600896835e-02 1.269608736038208008e-02 2.803293801844120026e-02 1.238936465233564377e-02 4.225896671414375305e-03 1.254718657582998276e-02 2.100893855094909668e-02 1.080689765512943268e-02 3.832744061946868896e-02 5.920756142586469650e-03 6.126088090240955353e-03 7.792395772412419319e-04 1.950252242386341095e-02 1.630889251828193665e-02 3.891663998365402222e-02 1.625432074069976807e-02 3.969673812389373779e-02 1.127181854099035263e-02 1.866986043751239777e-03 1.754184067249298096e-02 1.163760665804147720e-02 3.427813353482633829e-04 9.216001257300376892e-03 2.353433705866336823e-02 2.049372904002666473e-02 1.197915431112051010e-02 8.121679536998271942e-03 6.716892239637672901e-04 7.122144452296197414e-04 5.225035361945629120e-03 1.585602946579456329e-02 1.785091310739517212e-02 4.293465055525302887e-03 1.649217307567596436e-02 2.220492623746395111e-02 1.596200838685035706e-02 2.781924605369567871e-02 1.313939876854419708e-02 6.240208167582750320e-03 1.265387888997793198e-02 1.563515164889395237e-03 2.397642284631729126e-02 2.032359503209590912e-02 1.747563667595386505e-02 1.537650637328624725e-02 7.369954138994216919e-03 1.428769435733556747e-02 1.167063508182764053e-02 1.648190245032310486e-02 2.235093526542186737e-02 2.341461367905139923e-02 1.954320259392261505e-02 8.264409378170967102e-03 2.400146238505840302e-02 3.284047544002532959e-02 1.280948612838983536e-02 1.151438616216182709e-02 2.160441502928733826e-02 1.942834444344043732e-02 5.787143949419260025e-03 8.622537367045879364e-03 2.550707757472991943e-02 2.937816828489303589e-02 1.508201193064451218e-02 5.007474217563867569e-03
9.907664498314261436e-04 4.157129675149917603e-03 8.356597423553466797e-01 1.085716020315885544e-02 1.585422642529010773e-02 4.181433003395795822e-03 1.370419654995203018e-02 3.479688614606857300e-02 3.432029625400900841e-03 2.719547972083091736e-02 3.202699823305010796e-03 3.385468572378158569e-02 2.083710953593254089e-02 3.940762951970100403e-02 1.404061634093523026e-02 9.950985200703144073e-03 2.173073031008243561e-02 9.486383758485317230e-03 2.060872316360473633e-02 6.554900901392102242e-04 7.016857853159308434e-04 2.022830583155155182e-02 2.713502570986747742e-02 3.384796530008316040e-02 6.040302105247974396e-03 7.968139834702014923e-03 7.756439968943595886e-03 3.909798711538314819e-02 3.565696999430656433e-03 4.093992337584495544e-02 7.796087447786703706e-05 7.264616899192333221e-03 1.121691311709582806e-03 1.271409820765256882e-02 7.331945467740297318e-03 2.142763882875442505e-02 1.145467814058065414e-02 2.531824074685573578e-02 9.015913121402263641e-03 1.998008601367473602e-02 4.188361018896102905e-02 1.378714013844728470e-02 1.308158040046691895e-02 6.272025406360626221e-03 2.225126326084136963e-02 2.378821745514869690e-02 2.003914304077625275e-02 9.600891731679439545e-03 1.764008589088916779e-02 7.756047416478395462e-03 5.634258268401026726e-04 8.187520317733287811e-03 1.590671576559543610e-02 3.079607151448726654e-02 3.538899909472092986e-05 9.161609224975109100e-03 9.776161983609199524e-03 1.608656533062458038e-02 5.455742124468088150e-03 1.339028403162956238e-02 5.291934590786695480e-03 2.979241684079170227e-02 9.142315015196800232e-03 1.367733813822269440e-02 6.730369757860898972e-03 6.872710306197404861e-03 1.302745100110769272e-02 4.810360260307788849e-03 1.497746817767620087e-02 1.765408553183078766e-02 2.412263862788677216e-02 4.097172990441322327e-03 1.701575890183448792e-02 1.451027113944292068e-02 1.435407344251871109e-02 6.208715494722127914e-03 1.064235926605761051e-03 2.043900452554225922e-02 5.107292439788579941e-03 3.767461329698562622e-02 5.487223342061042786e-02 1.705875806510448456e-02 1.391943637281656265e-02 1.393982302397489548e-02 3.149924101307988167e-03 2.453378634527325630e-03 1.155894808471202850e-02 3.833238966763019562e-03 1.550010498613119125e-02 3.375675529241561890e-02 2.732935361564159393e-03 1.414134725928306580e-02 1.713506691157817841e-02 7.610478787682950497e-04 1.800147118046879768e-03 1.935312710702419281e-02 1.435748022049665451e-02 2.412072382867336273e-02 7.413676939904689789e-03 1.140530314296483994e-02 1.047646813094615936e-02 2.862632507458329201e-03 2.602357231080532074e-02 3.219485282897949219e-03 1.250880025327205658e-02 1.721531152725219727e-02 5.626626778393983841e-03 6.530295591801404953e-03 9.915943257510662079e-03 3.352972446009516716e-03 1.233938988298177719e-02 2.017559669911861420e-02 2.458048751577734947e-03 1.529713481431826949e-04 2.828307449817657471e-02 7.400927599519491196e-03
6.653640884906053543e-03 3.977266605943441391e-03 1.085716020315885544e-02 8.356597423553466797e-01 7.066316157579421997e-02 2.808937430381774902e-02 2.707194536924362183e-02 1.722023822367191315e-02 2.717880532145500183e-03 3.273117542266845703e-02 6.947522051632404327e-03 2.455296181142330170e-02 5.420556291937828064e-03 3.868169337511062622e-02 1.390226767398416996e-03 2.402265928685665131e-02 2.867348864674568176e-02 2.994819171726703644e-02 2.304220013320446014e-02 1.021800097078084946e-02 4.009456839412450790e-03 2.002760069444775581e-03 4.878216423094272614e-03 1.800553407520055771e-03 6.670501083135604858e-03 4.932697629556059837e-04 9.503520093858242035e-03 1.006017718464136124e-02 7.424013689160346985e-03 1.947438716888427734e-02 1.119203120470046997e-02 4.102459643036127090e-03 1.730172708630561829e-02 1.103053987026214600e-02 2.166158333420753479e-02 8.337439037859439850e-03 1.476704142987728119e-02 1.275229919701814651e-02 4.098353534936904907e-02 5.333891138434410095e-02 7.194568403065204620e-03 2.017325907945632935e-02 8.089409209787845612e-03 2.185203600674867630e-03 1.042896974831819534e-02 1.245791371911764145e-02 3.353708237409591675e-02 4.678275436162948608e-03 1.068915706127882004e-02 1.934368396177887917e-03 2.202424779534339905e-02 2.185397036373615265e-02 1.035402808338403702e-02 9.940606541931629181e-04 1.855666935443878174e-02 3.217555582523345947e-03 2.532284334301948547e-02 3.782335901632905006e-03 1.097331941127777100e-02 2.602521330118179321e-03 2.785872295498847961e-02 2.295281551778316498e-02 3.547149524092674255e-02 3.113993257284164429e-02 6.895209196954965591e-03 1.159346755594015121e-02 1.314454711973667145e-02 9.886872430797666311e-05 3.197976201772689819e-02 2.409313805401325226e-02 2.297309041023254395e-02 5.527168512344360352e-03 7.522888481616973877e-02 4.287816118448972702e-03 4.656069353222846985e-02 7.161660585552453995e-03 2.324706874787807465e-02 1.305738929659128189e-02 3.438927466049790382e-03 3.244657814502716064e-02 4.654890391975641251e-03 1.900037284940481186e-03 2.816069871187210083e-02 4.094488103874027729e-04 3.122618049383163452e-02 1.307347847614437342e-04 1.072901953011751175e-02 1.323352847248315811e-02 1.474589947611093521e-02 2.132522501051425934e-02 3.905872348695993423e-03 1.556713785976171494e-02 4.696585703641176224e-03 1.761228893883526325e-03 1.625547558069229126e-02 1.935906335711479187e-02 1.756233163177967072e-02 3.751790616661310196e-03 1.898375153541564941e-02 1.734343543648719788e-02 1.802869513630867004e-02 3.062148764729499817e-02 5.140576045960187912e-03 5.608683568425476551e-04 1.184624060988426208e-02 2.060905285179615021e-02 9.598549455404281616e-03 1.765983365476131439e-02 1.888127997517585754e-02 3.352255327627062798e-03 1.221738848835229874e-02 2.277442999184131622e-02 3.234903886914253235e-02 7.035941351205110550e-03 1.254570670425891876e-02 3.876840695738792419e-03
1.697438023984432220e-02 4.311494063585996628e-03 1.585422642529010773e-02 7.066316157579421997e-02 8.356597423553466797e-01 6.020009983330965042e-03 5.670662503689527512e-03 1.136889029294252396e-02 1.066356524825096130e-02 1.795136928558349609e-02 2.372292568907141685e-03 7.333005312830209732e-03 5.315636750310659409e-03 2.049298956990242004e-02 4.675385542213916779e-03 1.234324276447296143e-02 2.060530520975589752e-02 2.246788144111633301e-02 2.334736101329326630e-02 1.359577570110559464e-02 4.165225662291049957e-03 2.725624246522784233e-03 5.849163979291915894e-03 7.573178038001060486e-03 1.378674712032079697e-02 1.085866987705230713e-02 7.967867888510227203e-03 1.047603879123926163e-02 5.509408190846443176e-03 1.004341244697570801e-02 4.367451183497905731e-04 9.746990166604518890e-03 2.603881992399692535e-02 1.457695662975311279e-02 3.751324862241744995e-02 1.660174876451492310e-02 2.184999734163284302e-02 1.076770666986703873e-02 4.174504056572914124e-02 5.403788015246391296e-02 2.084397943690419197e-03 9.611889719963073730e-03 5.816926714032888412e-03 5.242518149316310883e-03 2.544424496591091156e-03 1.151660364121198654e-02 1.446814648807048798e-02 6.257025990635156631e-03 1.058695558458566666e-02 1.173600088804960251e-02 2.441921085119247437e-02 1.506680808961391449e-02 1.840761862695217133e-02 1.992888050153851509e-03 1.107896771281957626e-02 1.069981884211301804e-02 3.235080465674400330e-02 1.901981234550476074e-02 1.715202257037162781e-02 1.378820743411779404e-02 2.864810451865196228e-02 2.958592958748340607e-02 3.474416583776473999e-02 3.679570183157920837e-02 1.763393171131610870e-02 6.123220548033714294e-03 1.857958734035491943e-02 1.351391198113560677e-03 1.355013530701398849e-02 1.835927553474903107e-02 2.715703658759593964e-02 1.757325418293476105e-02 6.133479624986648560e-02 4.964840132743120193e-03 5.008234456181526184e-02 5.862670484930276871e-03 4.077486693859100342e-03 2.183353295549750328e-03 4.232942126691341400e-03 1.413917634636163712e-02 5.332050845026969910e-03 2.283856505528092384e-03 2.433012798428535461e-02 2.878036163747310638e-02 3.507619351148605347e-02 1.336412131786346436e-02 1.107517816126346588e-02 1.020728889852762222e-02 1.270505785942077637e-02 1.088480232283473015e-03 1.088610757142305374e-02 1.316238380968570709e-02 2.810314763337373734e-03 9.486118331551551819e-03 1.307898107916116714e-02 2.360459789633750916e-02 3.134959144517779350e-03 6.083041895180940628e-03 9.339464828372001648e-03 2.002530731260776520e-02 2.563881129026412964e-02 2.889512479305267334e-02 6.502180825918912888e-03 9.451434016227722168e-03 5.205036140978336334e-03 3.130554407835006714e-02 1.584995165467262268e-02 1.330201979726552963e-02 2.599466033279895782e-02 1.063429471105337143e-02 3.856354742310941219e-04 9.011287242174148560e-03 2.621078304946422577e-02 3.137313527986407280e-03 3.244661202188581228e-04 3.928420133888721466e-03
4.652447998523712158e-02 4.447662085294723511e-02 4.181433003395795822e-03 2.808937430381774902e-02 6.020009983330965042e-03 8.356597423553466797e-01 6.507460027933120728e-02 9.415945969521999359e-03 6.696554366499185562e-03 2.118748612701892853e-02 4.232166707515716553e-02 3.395872190594673157e-02 2.799336239695549011e-02 3.074774704873561859e-02 1.367892045527696609e-02 3.764227265492081642e-03 2.556125167757272720e-03 2.988036163151264191e-02 2.687280438840389252e-02 8.573736413381993771e-04 8.730974979698657990e-03 2.304010838270187378e-02 3.745277354028075933e-04 3.936671186238527298e-03 5.813512485474348068e-03 2.718765847384929657e-02 2.913395315408706665e-02 1.128576882183551788e-02 1.362876500934362411e-03 1.292502135038375854e-02 2.262315014377236366e-03 7.800467777997255325e-03 9.576004929840564728e-03 1.549880020320415497e-03 2.293793251737952232e-03 1.480081584304571152e-03 1.443865243345499039e-02 2.214150875806808472e-02 2.087013330310583115e-03 2.873808145523071289e-03 1.103418879210948944e-02 1.107198651880025864e-02 1.979214698076248169e-02 1.178852003067731857e-02 9.632261469960212708e-03 9.300816804170608521e-03 6.922879815101623535e-02 1.604444906115531921e-02 1.751421578228473663e-02 1.270271278917789459e-02 8.733497816137969494e-04 2.291625179350376129e-02 1.051807217299938202e-02 2.339604077860713005e-03 7.388834375888109207e-03 2.372687216848134995e-03 8.322100155055522919e-03 1.971790380775928497e-02 2.089533582329750061e-02 2.263795584440231323e-02 1.451690681278705597e-02 1.584930717945098877e-02 3.061728924512863159e-02 6.322307977825403214e-03 2.578609064221382141e-02 1.614943519234657288e-02 1.581827178597450256e-02 2.215170301496982574e-02 5.651548970490694046e-03 1.279393490403890610e-02 1.320301182568073273e-02 6.760430987924337387e-04 1.198195759207010269e-02 1.765184849500656128e-02 1.547490991652011871e-02 8.880289271473884583e-03 1.487436518073081970e-02 3.194765001535415649e-02 4.286853596568107605e-03 1.346712373197078705e-02 5.026735831052064896e-03 1.498404610902070999e-02 1.945950277149677277e-02 4.610590636730194092e-03 2.085429383441805840e-03 2.830525673925876617e-02 8.925012312829494476e-03 1.535212527960538864e-02 2.248270437121391296e-02 1.365828700363636017e-02 8.530054241418838501e-03 2.510717138648033142e-02 7.986498996615409851e-03 8.397450670599937439e-03 5.368636455386877060e-03 6.813782732933759689e-03 2.129022777080535889e-02 3.906875848770141602e-03 1.311335363425314426e-03 8.656602352857589722e-03 1.157499942928552628e-02 4.878432489931583405e-03 2.119556069374084473e-02 1.811521314084529877e-02 8.795538917183876038e-03 3.821482183411717415e-03 1.834976137615740299e-03 1.040541660040616989e-02 1.522452849894762039e-02 1.006066799163818359e-03 3.119863010942935944e-02 2.095982804894447327e-02 5.349894519895315170e-03 9.103932417929172516e-03 3.691786667332053185e-03 1.689276657998561859e-03
2.812550589442253113e-02 3.869014605879783630e-02 1.370419654995203018e-02 2.707194536924362183e-02 5.670662503689527512e-03 6.507460027933120728e-02 8.356597423553466797e-01 9.682445786893367767e-03 1.160193234682083130e-02 1.448773406445980072e-02 2.037379331886768341e-02 1.456655748188495636e-02 3.605961054563522339e-02 3.224780783057212830e-02 1.753359287977218628e-02 1.408466696739196777e-02 1.129781361669301987e-02 9.696483612060546875e-03 8.222149685025215149e-03 5.493329372256994247e-04 1.727563887834548950e-02 2.195072360336780548e-02 1.345545053482055664e-02 7.625536993145942688e-03 1.325211301445960999e-02 3.739431872963905334e-02 3.976671397686004639e-02 9.146872907876968384e-03 8.646636269986629486e-03 1.982437074184417725e-02 2.859234809875488281e-02 9.337727911770343781e-03 1.476562861353158951e-02 7.898173294961452484e-03 2.206786535680294037e-02 6.905256304889917374e-03 3.892775857821106911e-03 2.742867916822433472e-02 9.160852059721946716e-04 1.382244052365422249e-03 7.597615011036396027e-03 2.170880790799856186e-03 1.820486038923263550e-02 2.060410566627979279e-02 1.333580724895000458e-02 1.483723521232604980e-02 4.698892682790756226e-02 4.465545341372489929e-02 1.443777885288000107e-02 1.993547379970550537e-02 7.902807556092739105e-03 7.146295625716447830e-03 2.540134638547897339e-02 2.857122570276260376e-03 6.787115125916898251e-04 1.824370957911014557e-02 8.550210040993988514e-04 2.631982788443565369e-02 1.848248066380620003e-04 2.020419575273990631e-02 6.847713142633438110e-03 7.367304060608148575e-03 1.676384359598159790e-03 1.395865157246589661e-02 1.111023966223001480e-02 3.120068646967411041e-02 1.887646876275539398e-02 3.104001283645629883e-02 1.272875443100929260e-02 2.531195431947708130e-02 1.389323826879262924e-02 1.284132432192564011e-02 2.119412086904048920e-02 2.536197751760482788e-02 9.275957010686397552e-03 2.024584216997027397e-03 3.730936348438262939e-02 1.822660863399505615e-02 1.493737008422613144e-02 1.861182972788810730e-02 7.794718258082866669e-03 1.455792784690856934e-02 1.139331795275211334e-02 1.622079499065876007e-02 8.568632416427135468e-03 4.316904395818710327e-02 3.529167966917157173e-03 1.716404967010021210e-02 6.509225349873304367e-03 2.214613929390907288e-02 6.612373515963554382e-03 1.926930993795394897e-02 3.058340027928352356e-02 2.544069662690162659e-02 9.766602888703346252e-03 5.633527878671884537e-03 2.087656967341899872e-02 1.482928637415170670e-02 1.114374771714210510e-02 2.672641305252909660e-03 8.563335053622722626e-03 7.954600267112255096e-03 3.006833605468273163e-02 2.136482857167720795e-02 2.734340168535709381e-02 2.302489615976810455e-02 2.467951970174908638e-03 9.851578623056411743e-03 5.395235028117895126e-03 1.979292184114456177e-02 2.668661065399646759e-02 8.315348997712135315e-03 1.322929398156702518e-03 1.579835638403892517e-02 2.554500475525856018e-02 7.666830904781818390e-03
3.066951595246791840e-02 2.736819162964820862e-02 3.479688614606857300e-02 1.722023822367191315e-02 1.136889029294252396e-02 9.415945969521999359e-03 9.682445786893367767e-03 8.356597423553466797e-01 3.912950400263071060e-03 2.171890111640095711e-03 3.045772574841976166e-02 1.193407457321882248e-02 3.719488531351089478e-02 5.998376756906509399e-03 5.480641499161720276e-02 1.834557577967643738e-02 2.153781056404113770e-02 5.918497685343027115e-03 6.106639280915260315e-03 1.292971242219209671e-02 2.755246125161647797e-02 3.814325481653213501e-02 1.801718212664127350e-02 1.683846488595008850e-02 2.714826166629791260e-02 2.315300889313220978e-02 2.418818511068820953e-02 2.865748666226863861e-02 1.319015491753816605e-02 7.965939119458198547e-03 1.835598051548004150e-02 1.091366261243820190e-02 2.434819750487804413e-02 1.825447566807270050e-02 3.014692477881908417e-02 1.377603970468044281e-02 9.219315834343433380e-03 7.822642102837562561e-03 7.785146124660968781e-03 2.623536810278892517e-02 1.431909156963229179e-03 8.956963196396827698e-03 6.203409750014543533e-03 8.082445710897445679e-03 6.575132720172405243e-03 4.183566197752952576e-03 7.804452907294034958e-03 2.626258181408047676e-03 7.448234129697084427e-03 9.375113993883132935e-03 4.331281408667564392e-03 1.407583337277173996e-02 5.551985464990139008e-03 2.485820557922124863e-03 1.171039044857025146e-02 2.800148446112871170e-03 1.540565025061368942e-02 1.705917343497276306e-02 1.151099987328052521e-02 1.635264046490192413e-02 2.082481607794761658e-02 2.929826453328132629e-02 3.242026641964912415e-02 3.192390128970146179e-02 2.763964980840682983e-02 3.577302768826484680e-02 1.447545643895864487e-02 1.377794798463582993e-02 2.019340358674526215e-02 9.351765736937522888e-03 2.312532812356948853e-02 5.618652794510126114e-03 5.483609624207019806e-03 6.947438232600688934e-03 1.340761967003345490e-02 1.644394360482692719e-02 4.050780087709426880e-03 7.746306713670492172e-03 2.669114852324128151e-03 2.467983635142445564e-03 5.318865552544593811e-02 5.311108753085136414e-02 1.133228768594563007e-03 2.997668692842125893e-03 2.363914251327514648e-02 8.148392662405967712e-03 5.512073636054992676e-02 5.878728255629539490e-02 8.976485580205917358e-03 4.824934061616659164e-03 1.032151374965906143e-02 1.692861318588256836e-02 2.085921354591846466e-03 2.066306583583354950e-02 1.041740272194147110e-02 6.925362162292003632e-03 1.244183443486690521e-02 2.100527286529541016e-02 1.874398440122604370e-02 1.773031242191791534e-02 1.930079981684684753e-02 3.053935430943965912e-02 3.596608713269233704e-02 6.409413181245326996e-03 7.611646316945552826e-03 2.166919782757759094e-02 5.627871491014957428e-03 3.887650964315980673e-04 1.120219472795724869e-02 1.581368781626224518e-02 7.898903451859951019e-03 2.229139953851699829e-02 9.710800368338823318e-04 5.113801453262567520e-03 2.755881100893020630e-02 1.142607070505619049e-02
6.059677340090274811e-03 7.182717788964509964e-03 3.432029625400900841e-03 2.717880532145500183e-03 1.066356524825096130e-02 6.696554366499185562e-03 1.160193234682083130e-02 3.912950400263071060e-03 8.356597423553466797e-01 3.645886853337287903e-02 6.145101040601730347e-03 1.904088445007801056e-02 2.561029104981571436e-04 3.189209476113319397e-02 9.220693260431289673e-03 2.029775269329547882e-02 1.449463237076997757e-02 1.136386301368474960e-02 9.394212625920772552e-03 1.546931080520153046e-02 2.458326285704970360e-03 2.929031616076827049e-03 2.980997227132320404e-02 2.498587407171726227e-02 8.331228978931903839e-03 2.758087124675512314e-03 7.414824329316616058e-03 8.450146764516830444e-03 1.742567308247089386e-02 3.721407428383827209e-02 6.952302996069192886e-03 1.889266073703765869e-02 1.950090983882546425e-03 5.126924719661474228e-03 6.699182558804750443e-04 1.166171301156282425e-02 1.663015410304069519e-02 1.252892706543207169e-02 2.655788091942667961e-03 6.582824513316154480e-03 1.374255865812301636e-02 4.410196468234062195e-02 1.809688284993171692e-02 4.346222616732120514e-03 2.259273082017898560e-02 3.687444701790809631e-02 6.461774930357933044e-03 2.603825740516185760e-02 5.456250533461570740e-02 1.913527026772499084e-02 8.997881785035133362e-03 3.579832147806882858e-03 1.756816729903221130e-02 2.231266349554061890e-03 5.431427806615829468e-02 5.263051949441432953e-03 3.223334252834320068e-02 1.944983750581741333e-02 2.356125041842460632e-02 4.469453822821378708e-03 9.853801690042018890e-03 1.213634666055440903e-02 6.063494831323623657e-03 2.368902321904897690e-03 1.382456533610820770e-02 1.058109756559133530e-02 1.164100714959204197e-03 2.927600871771574020e-03 4.500587284564971924e-02 6.179281976073980331e-03 2.868751809000968933e-02 2.335039153695106506e-02 4.672574345022439957e-03 1.380596659146249294e-03 2.528007898945361376e-04 2.263676002621650696e-02 7.440324872732162476e-02 1.594298146665096283e-02 3.579594194889068604e-02 4.633839242160320282e-03 1.148137357085943222e-02 1.288537960499525070e-02 2.375042624771595001e-02 1.658400706946849823e-02 6.756261456757783890e-03 2.242266386747360229e-02 1.492142397910356522e-02 5.685614887624979019e-03 5.011189728975296021e-02 3.770191920921206474e-03 3.123574517667293549e-02 1.373844780027866364e-02 3.925458714365959167e-02 1.489722821861505508e-02 1.195558998733758926e-02 8.583680726587772369e-03 7.898259209468960762e-04 6.368612404912710190e-03 4.060762003064155579e-02 2.430638112127780914e-02 1.962863281369209290e-02 2.967502735555171967e-02 2.464802935719490051e-03 1.626830734312534332e-02 7.704539690166711807e-03 3.007874824106693268e-03 1.788560883142054081e-03 1.312585640698671341e-02 1.391738373786211014e-02 1.292461249977350235e-02 2.082103304564952850e-02 1.759190112352371216e-02 5.790703464299440384e-03 2.551626972854137421e-02 5.209975875914096832e-03 1.009657606482505798e-02
4.841111134737730026e-03 2.900463994592428207e-03 2.719547972083091736e-02 3.273117542266845703e-02 1.795136928558349609e-02 2.118748612701892853e-02 1.448773406445980072e-02 2.171890111640095711e-03 3.645886853337287903e-02 8.356597423553466797e-01 9.739884175360202789e-03 1.796004176139831543e-02 1.099738059565424919e-03 2.970313094556331635e-02 1.025824714452028275e-02 1.608233898878097534e-03 6.133956485427916050e-04 4.227261990308761597e-03 1.169352419674396515e-02 1.354470942169427872e-02 1.354473177343606949e-03 2.982111647725105286e-03 3.582881763577461243e-02 4.337998479604721069e-02 1.747454330325126648e-02 1.841462403535842896e-02 3.050677478313446045e-03 3.972448408603668213e-03 8.954498916864395142e-03 4.236510023474693298e-03 5.443951580673456192e-03 2.161194756627082825e-02 1.654003374278545380e-02 2.684452570974826813e-03 2.610324183478951454e-03 1.560627575963735580e-02 2.479818649590015411e-03 9.481425397098064423e-03 1.351208426058292389e-02 9.819056838750839233e-03 2.631679177284240723e-02 7.754738442599773407e-03 1.725062914192676544e-02 1.107188686728477478e-02 1.455967873334884644e-02 1.046465337276458740e-02 3.300847485661506653e-02 1.931034028530120850e-02 2.487874589860439301e-02 5.008099600672721863e-02 1.344936341047286987e-02 1.698114722967147827e-02 4.626498091965913773e-03 5.493719596415758133e-03 1.553678419440984726e-02 3.735112026333808899e-02 1.852230541408061981e-02 3.453486785292625427e-02 1.108926534652709961e-02 3.949136938899755478e-03 1.451593451201915741e-02 2.307166531682014465e-02 7.709298282861709595e-03 3.257659496739506721e-03 2.193195978179574013e-03 6.297550164163112640e-03 1.118658855557441711e-02 4.673165269196033478e-03 1.174667011946439743e-02 2.896794490516185760e-02 2.868808060884475708e-02 5.212184973061084747e-03 2.610798738896846771e-02 1.823421567678451538e-02 1.787900365889072418e-02 7.569096051156520844e-03 3.667192999273538589e-03 6.055008992552757263e-02 2.940065693110227585e-03 6.926508992910385132e-02 8.745783939957618713e-03 7.175321807153522968e-04 1.049012131989002228e-02 2.899597026407718658e-02 1.476692873984575272e-02 1.679774257354438305e-03 7.290130946785211563e-03 3.397984895855188370e-03 1.736345328390598297e-02 5.253298580646514893e-02 2.107051387429237366e-02 3.303840011358261108e-02 3.064752183854579926e-02 9.527789428830146790e-03 7.837377488613128662e-03 2.213596738874912262e-02 2.212103269994258881e-02 6.525884848088026047e-03 2.620702795684337616e-02 2.873681485652923584e-02 9.763700887560844421e-03 1.579760760068893433e-02 2.261076122522354126e-02 4.781446885317564011e-03 2.287879772484302521e-02 8.014077320694923401e-03 5.303772632032632828e-03 2.969099208712577820e-02 1.553514692932367325e-02 2.573420060798525810e-03 1.821430958807468414e-02 8.743996731936931610e-03 5.573614500463008881e-03 1.095897331833839417e-02 1.020195893943309784e-02 1.293757651001214981e-02
6.291291862726211548e-02 4.222822189331054688e-02 3.202699823305010796e-03 6.947522051632404327e-03 2.372292568907141685e-03 4.232166707515716553e-02 2.037379331886768341e-02 3.045772574841976166e-02 6.145101040601730347e-03 9.739884175360202789e-03 8.356597423553466797e-01 4.374885174911469221e-04 4.433465749025344849e-02 8.015243336558341980e-03 5.804823711514472961e-02 2.119611203670501709e-02 1.567371375858783722e-02 3.587139025330543518e-02 3.479743376374244690e-02 8.481170050799846649e-03 1.833554729819297791e-02 4.620387032628059387e-02 1.874960027635097504e-02 1.564822718501091003e-02 1.548780594021081924e-02 1.889530755579471588e-02 2.511063590645790100e-02 1.413138583302497864e-02 3.187292069196701050e-02 5.262761260382831097e-04 1.052175648510456085e-02 8.319234475493431091e-04 5.460164044052362442e-03 8.048371411859989166e-03 3.263082122430205345e-03 2.714080270379781723e-03 5.778450518846511841e-03 2.026073820888996124e-02 3.552292706444859505e-03 1.141048595309257507e-02 7.293595932424068451e-03 1.855270378291606903e-02 1.983338408172130585e-02 8.909088559448719025e-03 3.048739954829216003e-02 9.816210716962814331e-03 4.184371232986450195e-02 2.518039429560303688e-03 5.673529580235481262e-03 6.339210085570812225e-04 2.930882619693875313e-04 2.487391699105501175e-03 1.201365701854228973e-02 1.056930050253868103e-02 3.021130571141839027e-03 1.856888830661773682e-02 1.311413757503032684e-02 7.991753518581390381e-04 2.430999279022216797e-02 1.555773243308067322e-02 1.119335182011127472e-02 3.526434069499373436e-03 9.617964737117290497e-03 1.207515524583868682e-04 4.578385502099990845e-02 1.720128580927848816e-02 4.457388538867235184e-03 1.107623521238565445e-02 9.556593373417854309e-03 1.908922195434570312e-02 9.807806462049484253e-03 1.266752649098634720e-02 4.179338924586772919e-03 1.322826091200113297e-02 8.020478300750255585e-03 8.978993631899356842e-03 9.830497438088059425e-04 1.402441691607236862e-02 2.632036060094833374e-02 5.778421182185411453e-03 1.816962612792849541e-03 1.708978973329067230e-02 3.187323734164237976e-02 1.778708398342132568e-02 1.520640030503273010e-02 9.935284033417701721e-03 5.155377089977264404e-02 2.100221067667007446e-02 2.274208003655076027e-03 1.380335260182619095e-02 2.122376486659049988e-02 5.081105604767799377e-02 9.867498651146888733e-03 1.246275193989276886e-02 2.093389630317687988e-02 2.879649028182029724e-02 2.229566685855388641e-02 1.128752343356609344e-02 1.443843543529510498e-02 1.160696055740118027e-02 1.142503786832094193e-02 2.053646743297576904e-02 4.174315556883811951e-02 5.380121525377035141e-03 4.440965596586465836e-03 4.351784475147724152e-03 7.444773800671100616e-04 1.005699485540390015e-02 2.153715305030345917e-02 9.569786489009857178e-03 1.633473299443721771e-02 1.827279629651457071e-04 8.545848540961742401e-03 1.064258348196744919e-02 2.130476385354995728e-02 1.394575182348489761e-02
8.107852190732955933e-03 1.294344011694192886e-02 3.385468572378158569e-02 2.455296181142330170e-02 7.333005312830209732e-03 3.395872190594673157e-02 1.456655748188495636e-02 1.193407457321882248e-02 1.904088445007801056e-02 1.796004176139831543e-02 4.374885174911469221e-04 8.356597423553466797e-01 2.829682081937789917e-02 7.234377413988113403e-02 2.584710309747606516e-04 1.850003749132156372e-02 1.444500219076871872e-02 2.082743449136614799e-03 1.505505759268999100e-03 1.443308219313621521e-02 1.091695856302976608e-02 2.269342914223670959e-02 1.281933300197124481e-02 1.781842857599258423e-02 6.287889555096626282e-03 2.241259673610329628e-03 1.918837660923600197e-03 1.618525572121143341e-02 1.308075245469808578e-02 3.358204662799835205e-02 2.877932786941528320e-02 1.444717985577881336e-03 3.717124462127685547e-03 1.968113891780376434e-02 1.500463765114545822e-02 2.201587427407503128e-03 8.292840793728828430e-03 1.297968532890081406e-02 1.758093573153018951e-02 8.916509337723255157e-03 1.171236857771873474e-02 2.389966510236263275e-02 2.111837640404701233e-02 1.398111879825592041e-02 1.510411035269498825e-02 4.419227596372365952e-03 3.183127939701080322e-02 2.963396534323692322e-02 3.252771869301795959e-02 9.304927662014961243e-03 2.176626771688461304e-02 1.169047690927982330e-02 1.565025560557842255e-02 1.243257243186235428e-02 4.387652501463890076e-02 4.400745499879121780e-03 9.925037622451782227e-03 5.692403763532638550e-03 1.542874705046415329e-02 1.520446618087589741e-03 1.328153628855943680e-02 9.378226473927497864e-03 1.411175634711980820e-02 1.585005968809127808e-02 3.366519464179873466e-03 3.087566792964935303e-02 1.372256665490567684e-03 1.571065746247768402e-02 3.555782139301300049e-02 1.024634018540382385e-02 1.468130853027105331e-03 3.182187676429748535e-02 2.370062470436096191e-02 1.215031184256076813e-02 2.392618916928768158e-02 3.146374970674514771e-02 2.140274271368980408e-02 3.434181585907936096e-02 1.605292037129402161e-02 1.967610232532024384e-02 3.616796806454658508e-02 1.047540269792079926e-02 3.044679760932922363e-03 1.417248696088790894e-02 1.073327194899320602e-02 2.855346538126468658e-03 9.406262077391147614e-03 4.793695174157619476e-03 3.020627656951546669e-03 2.441147901117801666e-02 1.580953598022460938e-03 4.239191766828298569e-03 2.549483999609947205e-02 3.151597455143928528e-02 3.723164275288581848e-02 1.895808242261409760e-02 2.353060990571975708e-02 1.557509764097630978e-03 9.646716527640819550e-03 2.582332119345664978e-03 1.039408147335052490e-02 2.314854785799980164e-02 1.215329952538013458e-02 1.939407736063003540e-02 2.702121564652770758e-04 1.198342256247997284e-02 4.447394749149680138e-04 1.178041193634271622e-02 5.896089598536491394e-03 1.623599044978618622e-02 1.673263497650623322e-02 2.062358334660530090e-02 5.343754775822162628e-03 7.031259592622518539e-03 2.855306304991245270e-02 1.411912776529788971e-02
4.694310948252677917e-02 5.712600052356719971e-02 2.083710953593254089e-02 5.420556291937828064e-03 5.315636750310659409e-03 2.799336239695549011e-02 3.605961054563522339e-02 3.719488531351089478e-02 2.561029104981571436e-04 1.099738059565424919e-03 4.433465749025344849e-02 2.829682081937789917e-02 8.356597423553466797e-01 1.436155010014772415e-02 5.573658272624015808e-02 2.716474002227187157e-03 4.973772447556257248e-03 2.661232277750968933e-02 1.862984523177146912e-02 1.109724119305610657e-02 3.961281105875968933e-02 5.970624461770057678e-02 1.023911591619253159e-02 1.703670364804565907e-03 1.970673352479934692e-02 3.253036364912986755e-02 3.758043050765991211e-02 2.591603202745318413e-03 2.743615582585334778e-02 5.950958933681249619e-03 3.678838536143302917e-02 2.222324954345822334e-03 8.273901417851448059e-03 1.305003743618726730e-02 1.615737937390804291e-02 4.814979620277881622e-03 4.489381797611713409e-03 3.586339578032493591e-02 2.233878523111343384e-02 1.220048405230045319e-03 1.933616399765014648e-02 1.913734152913093567e-02 2.901246212422847748e-02 2.554627507925033569e-02 2.877178194466978312e-04 3.915956243872642517e-03 1.882755942642688751e-02 2.383859083056449890e-02 1.804580353200435638e-02 7.390286773443222046e-03 7.429281249642372131e-03 8.685907348990440369e-03 4.415256902575492859e-03 2.091238833963871002e-02 1.095696631819009781e-02 5.837868433445692062e-03 2.888435730710625648e-03 6.197439040988683701e-03 1.029163878411054611e-02 2.729423902928829193e-02 1.397799816913902760e-03 4.224491305649280548e-03 2.822081325575709343e-03 9.900444187223911285e-03 1.099060103297233582e-02 4.784044623374938965e-02 1.362552866339683533e-02 3.882355615496635437e-02 5.370384082198143005e-03 1.576318405568599701e-02 7.989619858562946320e-03 2.841609716415405273e-02 6.675392854958772659e-03 1.447090413421392441e-02 1.619935221970081329e-02 2.400018833577632904e-02 1.239561848342418671e-02 2.265971852466464043e-04 1.194098871201276779e-02 4.086497705429792404e-03 8.812195621430873871e-03 1.807501539587974548e-02 2.743379957973957062e-02 5.275433417409658432e-03 2.000486105680465698e-02 2.751456014811992645e-02 1.697908900678157806e-02 4.185653850436210632e-02 2.052334323525428772e-02 1.510855183005332947e-02 4.903519875369966030e-04 1.914528198540210724e-02 2.006067149341106415e-02 4.148531705141067505e-02 1.005245745182037354e-02 2.028029179200530052e-03 1.398859731853008270e-02 1.540679670870304108e-02 1.305474806576967239e-02 1.045709755271673203e-02 2.188328094780445099e-02 2.563299052417278290e-02 3.498167917132377625e-02 6.023555994033813477e-03 1.746571436524391174e-02 2.621530182659626007e-02 5.613258108496665955e-03 6.439965218305587769e-03 1.424214523285627365e-02 1.029067020863294601e-02 6.472222041338682175e-03 2.714057918637990952e-04 7.439597975462675095e-03 1.508167199790477753e-02 1.876529864966869354e-02 5.041634431108832359e-04
