8.281677961349487305e-01 6.762407720088958740e-02 2.655783668160438538e-02 5.453984718769788742e-03 9.097102098166942596e-03 6.268515437841415405e-02 4.831023886799812317e-02 1.525601930916309357e-02 1.605427637696266174e-02 2.299235761165618896e-02 7.023090124130249023e-02 1.706638000905513763e-02 6.048300862312316895e-02 1.658279262483119965e-02 2.798782847821712494e-02 1.902239583432674408e-02 1.578819192945957184e-02 1.210800558328628540e-02 1.092372182756662369e-02 1.324211712926626205e-02 7.466915994882583618e-03 2.827141620218753815e-02 4.633778706192970276e-03 7.782649248838424683e-03 4.102779086679220200e-03 1.293514575809240341e-02 1.226111501455307007e-02 5.728145595639944077e-03 3.061728365719318390e-02 7.841524668037891388e-03 2.727606892585754395e-02 1.418751012533903122e-02 1.805384829640388489e-02 2.890913048759102821e-03 1.519991317763924599e-03 2.316197613254189491e-03 1.492604427039623260e-02 1.370984315872192383e-02 1.538798958063125610e-02 2.359005338803399354e-05 2.051856555044651031e-02 4.461413715034723282e-03 1.703294180333614349e-02 1.941419765353202820e-02 3.804821288213133812e-03 2.041166462004184723e-02 5.729587748646736145e-02 3.505093604326248169e-02 8.413007482886314392e-03 6.067154463380575180e-04 1.709236647002398968e-03 9.684070013463497162e-03 2.355473488569259644e-02 2.903415076434612274e-02 9.018441662192344666e-03 3.852860754705034196e-05 1.547081302851438522e-02 6.757096853107213974e-03 1.094542458304204047e-04 1.251550670713186264e-02 2.252561412751674652e-02 1.294220890849828720e-02 1.726218312978744507e-02 5.128019489347934723e-03 3.752844408154487610e-02 2.988282591104507446e-02 1.741987536661326885e-03 1.820054603740572929e-03 5.489543545991182327e-03 3.938955254852771759e-03 2.330046263523399830e-04 4.577046725898981094e-03 2.896217256784439087e-02 1.876175031065940857e-02 2.561037614941596985e-02 2.341088466346263885e-02 4.875389859080314636e-03 3.477790160104632378e-03 6.318851839751005173e-03 5.066821351647377014e-03 2.191165834665298462e-02 2.836928144097328186e-02 1.262383349239826202e-02 2.449246123433113098e-02 7.086448371410369873e-03 4.863527603447437286e-03 2.867421694099903107e-02 2.578014321625232697e-02 1.331446971744298935e-02 1.837215758860111237e-02 4.093882441520690918e-02 3.398875892162322998e-02 3.255320340394973755e-02 2.510555274784564972e-02 4.852006386499851942e-04 1.373742893338203430e-02 5.218556616455316544e-03 1.166375022876309231e-05 5.228736903518438339e-03 9.622092358767986298e-03 1.986270211637020111e-02 1.826555468142032623e-02 1.120197121053934097e-02 1.124226488173007965e-02 5.705225747078657150e-03 8.882794529199600220e-03 6.277941633015871048e-03 2.965198655147105455e-04 1.703773997724056244e-02 1.756222918629646301e-02 1.170260179787874222e-02 1.078677829355001450e-02 9.479803964495658875e-03 1.206165272742509842e-02 1.305991085246205330e-03 1.115214824676513672e-02
6.762407720088958740e-02 8.281677961349487305e-01 3.142948448657989502e-02 2.692148322239518166e-03 4.996749572455883026e-03 4.410522058606147766e-02 6.502043455839157104e-02 1.877421140670776367e-02 5.713735707104206085e-03 2.655566111207008362e-02 5.284524708986282349e-02 1.229205541312694550e-02 6.775028258562088013e-02 7.793009281158447266e-03 2.222686819732189178e-02 1.211032085120677948e-02 2.598838182166218758e-03 3.894560504704713821e-03 1.392430067062377930e-02 2.448819577693939209e-02 8.394261822104454041e-03 2.308168075978755951e-02 5.688834935426712036e-03 5.451758857816457748e-03 1.888155238702893257e-03 1.802758313715457916e-02 1.251303870230913162e-02 8.461723919026553631e-04 2.712391316890716553e-02 7.847866974771022797e-03 3.175087273120880127e-02 1.979046314954757690e-02 1.954509504139423370e-02 3.110324032604694366e-04 3.442653920501470566e-03 1.282920781522989273e-02 2.728836052119731903e-02 1.568270288407802582e-02 1.488948240876197815e-03 3.485610475763678551e-03 1.798043772578239441e-02 1.166794728487730026e-02 1.423466112464666367e-02 6.834307685494422913e-03 7.749682292342185974e-03 3.201263025403022766e-02 3.314882889389991760e-02 5.043780431151390076e-02 1.797723816707730293e-04 1.018635695800185204e-03 7.445872761309146881e-03 1.618645526468753815e-02 2.808173187077045441e-02 3.089419566094875336e-02 4.646360175684094429e-04 2.018220955505967140e-03 4.864350892603397369e-03 4.956899676471948624e-03 5.965997479506768286e-05 1.431269664317369461e-02 1.674028113484382629e-02 1.925234124064445496e-02 3.118814527988433838e-02 1.758187077939510345e-02 3.039456531405448914e-02 2.929455973207950592e-02 2.746604848653078079e-03 5.186906084418296814e-03 1.091543771326541901e-02 3.753853263333439827e-03 1.157428696751594543e-02 3.407484386116266251e-03 2.157856337726116180e-02 2.372798509895801544e-02 1.226964220404624939e-02 1.609230227768421173e-02 7.114444393664598465e-03 7.549695670604705811e-03 3.218861296772956848e-03 5.633166991174221039e-03 2.116741053760051727e-02 2.038058266043663025e-02 6.466329563409090042e-03 1.190113183110952377e-02 4.928808193653821945e-04 5.605672486126422882e-03 2.317028678953647614e-02 2.567627280950546265e-02 3.978295717388391495e-03 1.632176712155342102e-02 3.720542415976524353e-02 2.711888588964939117e-02 4.667906463146209717e-02 2.570143155753612518e-02 1.630963757634162903e-03 1.113541703671216965e-02 1.524261757731437683e-02 9.689897706266492605e-05 5.972211714833974838e-03 5.567691288888454437e-03 2.035874873399734497e-02 1.783626526594161987e-02 3.021945431828498840e-02 1.359318569302558899e-02 1.141958637163043022e-03 1.948960125446319580e-03 5.393222440034151077e-03 9.321325458586215973e-03 1.318309269845485687e-02 1.939010992646217346e-02 1.410168316215276718e-02 9.089506231248378754e-03 9.701822884380817413e-03 8.926642127335071564e-03 6.586030358448624611e-04 9.971035644412040710e-03
2.655783668160438538e-02 3.142948448657989502e-02 8.281677961349487305e-01 2.074522152543067932e-02 8.928177412599325180e-04 8.592239581048488617e-03 7.085247430950403214e-03 3.614780306816101074e-02 3.314298810437321663e-03 1.228085532784461975e-02 6.220018491148948669e-03 5.821317245136015117e-06 1.339885406196117401e-02 6.043747998774051666e-03 1.905477978289127350e-02 1.362583599984645844e-02 4.938003141433000565e-03 2.544403076171875000e-02 1.859010010957717896e-02 2.158745378255844116e-02 1.556921377778053284e-02 1.298911217600107193e-02 2.661258168518543243e-02 2.462571114301681519e-02 1.653818599879741669e-02 3.165232250466942787e-03 1.366226002573966980e-02 2.049434115178883076e-04 1.715793088078498840e-02 2.755991928279399872e-02 1.972473728528711945e-05 9.885938838124275208e-03 8.081799373030662537e-03 8.829145372146740556e-05 5.664005409926176071e-03 1.383837033063173294e-02 2.061068639159202576e-02 2.496725134551525116e-02 2.663034386932849884e-02 2.643991634249687195e-02 7.041206117719411850e-03 1.201517879962921143e-02 1.291867997497320175e-02 8.651766693219542503e-04 6.687866058200597763e-03 4.314170219004154205e-03 9.128413163125514984e-03 5.010974593460559845e-03 4.922112450003623962e-03 9.680695831775665283e-03 4.919077735394239426e-03 8.407372049987316132e-03 1.465719379484653473e-02 3.085792250931262970e-02 5.448891781270503998e-03 3.266806947067379951e-03 1.383059658110141754e-02 1.275340002030134201e-02 3.068618010729551315e-03 2.420261036604642868e-03 1.689612120389938354e-02 1.142561249434947968e-02 1.695646718144416809e-02 7.875802926719188690e-03 1.811412535607814789e-02 1.505817286670207977e-02 9.298326447606086731e-03 6.428459659218788147e-03 2.575158700346946716e-02 2.201552130281925201e-02 2.552814036607742310e-02 1.837503351271152496e-02 1.373647060245275497e-02 4.556988365948200226e-03 9.581043384969234467e-03 6.085318746045231819e-04 2.350438386201858521e-02 1.721633970737457275e-02 1.393786165863275528e-03 8.608116768300533295e-03 3.355535864830017090e-02 1.490333024412393570e-02 1.180260721594095230e-02 1.069994643330574036e-02 2.289559505879878998e-02 1.340379193425178528e-02 8.665949106216430664e-03 2.272590622305870056e-02 6.013627629727125168e-03 2.679438097402453423e-03 2.340291440486907959e-02 1.771693676710128784e-02 1.661832630634307861e-02 2.530310302972793579e-02 1.564476266503334045e-02 1.927158795297145844e-02 4.332484677433967590e-02 1.923358812928199768e-02 1.912902295589447021e-02 2.032152190804481506e-02 2.032222226262092590e-02 2.479742094874382019e-02 1.975631527602672577e-02 1.130367722362279892e-02 1.398592349141836166e-02 1.401525689288973808e-03 1.907288824440911412e-04 5.203074775636196136e-03 3.161508124321699142e-03 7.885456085205078125e-03 1.047532632946968079e-02 2.342216856777667999e-02 2.518745698034763336e-02 1.567170023918151855e-02 1.169743598438799381e-03 3.310880810022354126e-02
5.453984718769788742e-03 2.692148322239518166e-03 2.074522152543067932e-02 8.281677961349487305e-01 7.894869893789291382e-02 1.497380249202251434e-02 7.959424518048763275e-03 1.296483329497277737e-03 3.163673356175422668e-02 8.581397123634815216e-03 1.134161651134490967e-02 1.601513125933706760e-03 5.807030014693737030e-03 1.755694858729839325e-02 9.866425767540931702e-03 8.322466164827346802e-03 1.863232254981994629e-02 2.567218802869319916e-02 2.051991410553455353e-02 1.202260982245206833e-02 4.873540252447128296e-03 3.034094348549842834e-03 5.882869940251111984e-03 6.721665617078542709e-03 4.372225608676671982e-03 1.695918734185397625e-03 7.652252912521362305e-03 1.360070705413818359e-02 6.771255284547805786e-03 8.084220811724662781e-03 8.824755437672138214e-03 4.819228779524564743e-03 1.713495887815952301e-02 1.692713121883571148e-03 4.033772274851799011e-02 2.682600729167461395e-02 1.504534971900284290e-03 4.989029839634895325e-04 3.944124653935432434e-02 3.545137122273445129e-02 3.248971886932849884e-03 1.262112054973840714e-02 8.559001144021749496e-04 1.022471208125352859e-02 3.340823575854301453e-02 6.729924120008945465e-03 1.125960517674684525e-02 1.580546144396066666e-03 3.767660818994045258e-03 4.677018616348505020e-03 2.791997045278549194e-03 3.771944902837276459e-03 4.610321018844842911e-03 9.563834755681455135e-04 5.753135774284601212e-03 1.478935708291828632e-03 1.521500572562217712e-02 2.676028572022914886e-02 8.707222528755664825e-03 2.949318848550319672e-02 3.975752741098403931e-02 4.693621024489402771e-02 3.005659207701683044e-02 3.663876652717590332e-02 1.020806957967579365e-03 1.282266620546579361e-02 2.706688537728041410e-04 2.921786217484623194e-04 1.072730403393507004e-02 5.946788936853408813e-03 2.317889779806137085e-02 1.594746112823486328e-02 4.982144385576248169e-02 7.417954504489898682e-03 4.170482605695724487e-02 8.904404006898403168e-03 1.019744854420423508e-02 2.106716297566890717e-02 3.955671936273574829e-02 1.606125384569168091e-02 2.456504665315151215e-02 7.856225594878196716e-03 2.716088853776454926e-02 1.903161033987998962e-02 8.374420925974845886e-03 7.888254709541797638e-03 1.940345950424671173e-02 7.689862977713346481e-03 1.185811217874288559e-02 1.503840554505586624e-02 8.162448182702064514e-03 4.534643143415451050e-03 1.170189003460109234e-03 1.280621998012065887e-02 1.786686107516288757e-02 1.235572528094053268e-02 1.447604317218065262e-02 6.511402316391468048e-03 3.441589418798685074e-03 3.272550646215677261e-03 3.028762293979525566e-03 2.658154442906379700e-02 6.094326265156269073e-03 1.374592166393995285e-02 1.085635088384151459e-02 4.845319315791130066e-03 3.029802255332469940e-02 4.867539741098880768e-03 1.375383790582418442e-02 6.908756680786609650e-03 1.601625420153141022e-02 2.733925939537584782e-04 5.992956925183534622e-03 1.915279659442603588e-03 9.622396901249885559e-03 2.474318817257881165e-02
9.097102098166942596e-03 4.996749572455883026e-03 8.928177412599325180e-04 7.894869893789291382e-02 8.281677961349487305e-01 1.135129947215318680e-02 1.909233443439006805e-02 1.085004769265651703e-02 3.398956358432769775e-02 1.574788056313991547e-02 1.648965640924870968e-03 1.619549654424190521e-02 6.833759602159261703e-03 2.692664274945855141e-03 2.888820320367813110e-02 1.925599947571754456e-02 2.801174297928810120e-02 1.614420861005783081e-02 2.634003199636936188e-02 1.323531940579414368e-02 6.532499101012945175e-03 6.120442878454923630e-03 1.498101651668548584e-02 1.879552751779556274e-02 4.798645619302988052e-03 9.186593815684318542e-03 3.908307116944342852e-04 9.175904095172882080e-03 4.259488196112215519e-04 9.300293750129640102e-04 1.414965279400348663e-02 5.978172994218766689e-04 1.039298344403505325e-02 4.293589154258370399e-04 3.875110670924186707e-02 2.921094559133052826e-02 6.698683835566043854e-03 3.380436217412352562e-03 4.028866440057754517e-02 3.346021473407745361e-02 3.097824053838849068e-03 9.458924760110676289e-04 1.083068083971738815e-02 6.936356890946626663e-03 2.260556258261203766e-02 1.912434771656990051e-02 2.131123794242739677e-03 8.987111039459705353e-03 4.965121624991297722e-04 1.152784377336502075e-02 2.531638555228710175e-02 2.252121642231941223e-02 2.472804160788655281e-03 1.356373261660337448e-02 4.291788674890995026e-03 1.576886698603630066e-02 1.820202171802520752e-02 3.156697005033493042e-02 1.433809660375118256e-02 2.574734948575496674e-02 1.701806858181953430e-02 4.006209969520568848e-02 1.155295781791210175e-02 2.698597498238086700e-02 1.793384924530982971e-02 2.562936954200267792e-02 1.059263478964567184e-02 3.391877515241503716e-03 1.699502393603324890e-02 1.713030599057674408e-02 3.648766875267028809e-02 7.824223488569259644e-03 5.115458369255065918e-02 2.806206932291388512e-03 5.954506620764732361e-02 2.084048837423324585e-02 2.697818563319742680e-04 3.557160496711730957e-02 3.547077625989913940e-02 1.804594416171312332e-03 4.371113609522581100e-03 9.225131012499332428e-03 1.780361868441104889e-02 3.467100486159324646e-02 9.200554632116109133e-05 1.094716228544712067e-02 2.064433647319674492e-03 1.131135039031505585e-02 2.653760835528373718e-02 2.274109981954097748e-02 7.925477810204029083e-03 8.517614565789699554e-03 1.778408139944076538e-02 2.242459217086434364e-03 3.976992145180702209e-02 7.686087395995855331e-03 1.549262274056673050e-02 1.109992060810327530e-02 8.066442795097827911e-03 1.677745394408702850e-02 1.862866245210170746e-02 1.094215642660856247e-02 3.584765829145908356e-03 4.069691989570856094e-03 8.507541380822658539e-03 1.938262209296226501e-02 3.171532228589057922e-02 1.953990431502461433e-03 1.973619946511462331e-04 2.369789592921733856e-02 2.131357230246067047e-02 8.679863996803760529e-03 6.504250224679708481e-03 4.746600054204463959e-03 9.553118608891963959e-03 1.594853959977626801e-02
6.268515437841415405e-02 4.410522058606147766e-02 8.592239581048488617e-03 1.497380249202251434e-02 1.135129947215318680e-02 8.281677961349487305e-01 7.101690024137496948e-02 8.033595047891139984e-03 1.670960895717144012e-02 1.801170967519283295e-02 5.903674289584159851e-02 3.328865626826882362e-03 4.100310057401657104e-02 1.360485213808715343e-03 1.582901552319526672e-02 1.361635234206914902e-02 1.300073880702257156e-02 2.713350579142570496e-02 1.587112993001937866e-02 1.410913281142711639e-02 7.775469217449426651e-03 2.565010217949748039e-03 1.139099523425102234e-02 1.061644311994314194e-02 1.783001795411109924e-02 3.823513397946953773e-03 6.786949466913938522e-03 9.961090981960296631e-03 1.087753474712371826e-02 9.097905422095209360e-05 2.346184337511658669e-03 8.346047834493219852e-04 2.260794676840305328e-02 4.226758144795894623e-03 1.239162683486938477e-02 1.874581538140773773e-02 8.333232253789901733e-03 4.600854124873876572e-03 1.087444461882114410e-02 1.248805597424507141e-02 8.952991105616092682e-03 1.362808234989643097e-02 4.979892633855342865e-03 4.107095673680305481e-02 6.844182033091783524e-03 1.156097091734409332e-02 7.771059870719909668e-02 3.260454908013343811e-02 2.143295668065547943e-02 7.402004674077033997e-03 2.128560654819011688e-02 2.107463777065277100e-02 1.512017939239740372e-02 8.417911827564239502e-03 1.747074909508228302e-02 6.603430956602096558e-03 2.034010551869869232e-02 1.997509412467479706e-02 6.535624153912067413e-03 7.290093344636261463e-04 2.723353728652000427e-02 1.436353754252195358e-02 1.103664282709360123e-02 1.682280376553535461e-02 1.277485582977533340e-02 7.772647310048341751e-03 2.323401533067226410e-02 1.027563121169805527e-02 3.014813410118222237e-03 8.757177740335464478e-03 4.641897976398468018e-03 1.723188348114490509e-02 2.078175731003284454e-02 1.978789456188678741e-02 1.735448464751243591e-02 3.325784578919410706e-02 1.614155806601047516e-02 1.030412036925554276e-02 2.367627341300249100e-03 2.178198774345219135e-04 8.582152426242828369e-03 1.298104412853717804e-02 1.331642270088195801e-02 2.660241723060607910e-02 1.266498304903507233e-02 8.600411238148808479e-04 7.195201236754655838e-03 2.417734824120998383e-03 1.635136455297470093e-02 1.733099855482578278e-02 3.620574623346328735e-02 8.081662468612194061e-03 1.730472221970558167e-02 9.345369762741029263e-04 6.974691990762948990e-03 5.415514577180147171e-03 3.379806410521268845e-03 2.501444332301616669e-02 1.825056597590446472e-02 1.682802289724349976e-02 7.169010583311319351e-03 4.310049582272768021e-03 4.640543367713689804e-03 1.725297421216964722e-02 7.448060903698205948e-03 1.144715864211320877e-02 1.675557158887386322e-02 2.009752206504344940e-02 1.540979463607072830e-02 4.843697417527437210e-03 2.155434899032115936e-02 1.858920603990554810e-02 2.312227152287960052e-03 6.661258637905120850e-03 1.021311804652214050e-02 8.403550833463668823e-03
4.831023886799812317e-02 6.502043455839157104e-02 7.085247430950403214e-03 7.959424518048763275e-03 1.909233443439006805e-02 7.101690024137496948e-02 8.281677961349487305e-01 3.567561740055680275e-03 4.327397793531417847e-03 2.057797275483608246e-02 4.245584458112716675e-02 6.401928258128464222e-04 5.821823701262474060e-02 3.336440306156873703e-03 9.191024117171764374e-03 8.361277170479297638e-03 5.088210105895996094e-03 4.898763727396726608e-03 1.119679119437932968e-02 1.109902630560100079e-03 2.802438335493206978e-03 1.408668700605630875e-03 7.694959640502929688e-03 1.093605253845453262e-02 7.600101642310619354e-03 4.996663192287087440e-04 1.326685212552547455e-02 9.347712621092796326e-03 1.431070454418659210e-02 2.330934396013617516e-03 1.078942976891994476e-02 5.942802876234054565e-03 2.337775938212871552e-02 3.211757168173789978e-03 1.408603135496377945e-02 6.928847637027502060e-03 1.190934423357248306e-02 5.023711360991001129e-03 7.505635730922222137e-03 1.053803018294274807e-03 1.872088946402072906e-02 8.171861059963703156e-03 1.218519732356071472e-02 3.680549934506416321e-02 1.413130434229969978e-03 1.260063610970973969e-02 4.362489283084869385e-02 6.054210290312767029e-02 8.178516291081905365e-03 3.617217065766453743e-03 1.883726008236408234e-02 2.162360399961471558e-02 1.152208540588617325e-02 7.882063277065753937e-03 1.104635884985327721e-05 5.157590378075838089e-03 4.758126568049192429e-03 1.066005975008010864e-02 1.422250270843505859e-02 6.951726041734218597e-03 1.198661327362060547e-02 1.569686271250247955e-02 3.786861896514892578e-02 2.135436609387397766e-02 2.456254558637738228e-03 4.455963149666786194e-03 1.922055333852767944e-02 1.395653281360864639e-02 1.045709755271673203e-02 1.660120859742164612e-02 1.923391968011856079e-02 1.743655093014240265e-02 8.972026407718658447e-03 3.388068079948425293e-02 4.121887497603893280e-03 3.019953705370426178e-02 2.169309183955192566e-02 2.869776450097560883e-02 9.747120551764965057e-03 8.211528765968978405e-04 1.488198060542345047e-02 1.091832201927900314e-02 1.505424734205007553e-02 1.002518180757761002e-02 8.947058580815792084e-03 8.274443447589874268e-03 6.177625153213739395e-03 1.011483836919069290e-03 3.761508269235491753e-03 2.665527164936065674e-02 2.928345650434494019e-02 2.559799177106469870e-04 3.177024796605110168e-02 3.670512232929468155e-03 6.796823348850011826e-03 2.221646020188927650e-03 1.184766087681055069e-02 9.279681369662284851e-03 1.700786873698234558e-02 1.975156739354133606e-02 2.212423831224441528e-03 3.209297312423586845e-03 1.445917226374149323e-02 3.400183469057083130e-02 1.069547049701213837e-02 1.511227618902921677e-02 1.411603391170501709e-02 1.120719593018293381e-02 1.110980659723281860e-02 3.233824099879711866e-04 3.036588802933692932e-02 1.603507623076438904e-02 7.385048549622297287e-03 1.843814365565776825e-02 1.045832410454750061e-03 7.839810103178024292e-03
1.525601930916309357e-02 1.877421140670776367e-02 3.614780306816101074e-02 1.296483329497277737e-03 1.085004769265651703e-02 8.033595047891139984e-03 3.567561740055680275e-03 8.281677961349487305e-01 9.963818825781345367e-03 2.139156311750411987e-02 1.368933822959661484e-02 2.202127315104007721e-02 2.024176530539989471e-02 1.297979429364204407e-02 1.963498443365097046e-02 9.667616337537765503e-03 2.662729239091277122e-03 7.150868885219097137e-03 2.339883008971810341e-03 2.659763395786285400e-02 2.614669688045978546e-02 3.112545982003211975e-02 2.351098321378231049e-02 2.745381742715835571e-02 3.277098014950752258e-02 1.606005802750587463e-02 2.135483920574188232e-02 1.262784563004970551e-02 2.636733092367649078e-02 2.217870019376277924e-02 2.314197458326816559e-02 2.191398479044437408e-02 8.872751146554946899e-03 2.931031957268714905e-02 1.548400428146123886e-02 2.078353241086006165e-02 3.010319545865058899e-02 7.316015195101499557e-03 2.357142604887485504e-02 2.434572763741016388e-02 6.720128934830427170e-03 2.546473406255245209e-02 2.418864890933036804e-02 9.198928251862525940e-03 8.340060710906982422e-03 5.321017000824213028e-03 4.846958909183740616e-03 1.208460237830877304e-02 2.320997416973114014e-02 3.291815146803855896e-02 1.798763684928417206e-02 1.049215439707040787e-02 2.885827608406543732e-02 3.264113515615463257e-02 2.084814012050628662e-02 2.802035957574844360e-02 1.369279064238071442e-02 2.627114951610565186e-02 7.494995370507240295e-03 1.105142943561077118e-02 1.184976194053888321e-02 1.328277122229337692e-02 2.038097009062767029e-02 8.319427259266376495e-03 2.573429048061370850e-02 2.500513754785060883e-02 2.672194316983222961e-02 2.659821696579456329e-02 7.359446492046117783e-03 2.350290305912494659e-02 1.317132636904716492e-02 1.648584567010402679e-02 4.150066990405321121e-03 1.142134144902229309e-02 6.144085898995399475e-03 8.183828322216868401e-04 1.933115534484386444e-02 1.708395406603813171e-02 6.297573912888765335e-03 9.018470533192157745e-03 4.127288237214088440e-02 4.081929847598075867e-02 3.855590184684842825e-04 8.764685131609439850e-03 3.180224820971488953e-02 2.817186340689659119e-02 3.283619508147239685e-02 3.537750244140625000e-02 8.882816880941390991e-03 1.051276177167892456e-02 2.827085554599761963e-02 2.714016661047935486e-02 2.424675226211547852e-02 2.649988979101181030e-02 1.869953610002994537e-02 2.443010360002517700e-02 8.311098441481590271e-03 1.058530714362859726e-02 2.462176792323589325e-02 2.751567214727401733e-02 2.190783619880676270e-02 2.883304841816425323e-02 7.905704900622367859e-03 1.723277033306658268e-03 2.343308739364147186e-02 2.136689797043800354e-02 1.438490394502878189e-02 1.110184006392955780e-02 8.807816542685031891e-03 1.747351512312889099e-02 2.516238717362284660e-03 3.584959078580141068e-03 3.266784176230430603e-02 2.344205603003501892e-02 3.032056987285614014e-02 3.637273237109184265e-02
1.605427637696266174e-02 5.713735707104206085e-03 3.314298810437321663e-03 3.163673356175422668e-02 3.398956358432769775e-02 1.670960895717144012e-02 4.327397793531417847e-03 9.963818825781345367e-03 8.281677961349487305e-01 1.638972572982311249e-02 1.480958983302116394e-02 7.514035329222679138e-03 5.773546174168586731e-03 1.736054569482803345e-02 1.799863949418067932e-02 8.749609813094139099e-03 1.190123241394758224e-02 3.614002838730812073e-02 9.296533651649951935e-03 4.108846653252840042e-03 8.613620884716510773e-03 6.520553957670927048e-03 1.427480112761259079e-02 1.428781892172992229e-03 3.237013937905430794e-03 8.841604925692081451e-03 1.475476659834384918e-02 1.530580804683268070e-03 9.295471012592315674e-03 1.171545404940843582e-02 1.606750302016735077e-02 2.179748937487602234e-02 2.069231495261192322e-02 1.733103394508361816e-02 2.532183565199375153e-02 1.872465247288346291e-03 9.145349264144897461e-03 1.828726194798946381e-02 2.678004093468189240e-02 7.419105153530836105e-03 2.025822922587394714e-02 3.779187425971031189e-02 7.778777740895748138e-03 1.647704280912876129e-02 4.600861296057701111e-02 1.440128311514854431e-02 2.010971494019031525e-02 1.137540955096483231e-02 3.920423611998558044e-02 1.702796667814254761e-02 5.700479261577129364e-03 4.248438868671655655e-03 7.299180608242750168e-03 4.710374865680932999e-03 4.241315275430679321e-02 9.751792065799236298e-03 4.057944938540458679e-02 1.098759006708860397e-02 3.125440701842308044e-02 2.967808768153190613e-02 2.741320431232452393e-02 9.561896324157714844e-03 2.246698923408985138e-02 2.803520299494266510e-02 7.129144854843616486e-03 4.605010151863098145e-03 7.637068629264831543e-03 7.280499674379825592e-03 1.642690598964691162e-02 5.348600447177886963e-03 2.268091030418872833e-02 3.298475593328475952e-02 2.336691692471504211e-02 1.529080048203468323e-02 3.308828920125961304e-02 4.260565340518951416e-02 4.502946138381958008e-02 1.309172622859477997e-02 6.554316729307174683e-02 2.681806311011314392e-02 9.139358066022396088e-03 1.378279994241893291e-04 2.387175895273685455e-02 6.359919440001249313e-03 3.131135553121566772e-02 1.305519044399261475e-02 2.305981470271945000e-04 7.999140652827918530e-04 4.128735139966011047e-02 7.756446953862905502e-03 1.514929695986211300e-03 3.012583823874592781e-03 3.490738454274833202e-04 1.782923564314842224e-02 5.251605063676834106e-03 2.141920849680900574e-02 1.109502185136079788e-02 4.358087200671434402e-03 3.272676467895507812e-02 1.228764466941356659e-02 4.021763335913419724e-03 7.544521242380142212e-03 1.111892610788345337e-02 1.645364682190120220e-03 8.847383782267570496e-03 2.327848598361015320e-02 2.095557749271392822e-02 2.840215340256690979e-02 1.752015389502048492e-02 1.299457275308668613e-03 1.072274893522262573e-02 1.002352312207221985e-02 1.196782477200031281e-02 1.319010462611913681e-02 1.001437846571207047e-02 9.909666143357753754e-03
2.299235761165618896e-02 2.655566111207008362e-02 1.228085532784461975e-02 8.581397123634815216e-03 1.574788056313991547e-02 1.801170967519283295e-02 2.057797275483608246e-02 2.139156311750411987e-02 1.638972572982311249e-02 8.281677961349487305e-01 1.963286660611629486e-02 2.661830559372901917e-02 2.459921687841415405e-02 1.154529117047786713e-02 7.546909619122743607e-03 1.574691757559776306e-02 1.897090114653110504e-02 2.073313295841217041e-02 3.828615695238113403e-02 1.201642118394374847e-02 8.093226701021194458e-03 4.583474714308977127e-03 1.797659136354923248e-02 2.864321880042552948e-02 1.446097716689109802e-02 1.910511776804924011e-02 1.473860442638397217e-02 1.038188580423593521e-02 1.820058445446193218e-03 6.566902622580528259e-03 9.741156245581805706e-04 7.681653369218111038e-03 2.184382453560829163e-02 1.795472018420696259e-02 1.156981848180294037e-02 7.564133964478969574e-03 3.651567094493657351e-04 1.082041580229997635e-02 4.042966756969690323e-03 4.710676148533821106e-03 5.860428791493177414e-04 9.247455163858830929e-04 3.998154308646917343e-03 1.203698292374610901e-02 1.704422384500503540e-02 8.613838814198970795e-03 8.321183733642101288e-03 8.437062613666057587e-03 1.815501786768436432e-02 4.181272163987159729e-02 1.301318779587745667e-02 1.267688348889350891e-02 1.632135547697544098e-02 1.947408891282975674e-04 2.607915550470352173e-02 3.978229314088821411e-02 2.010067924857139587e-02 4.651033133268356323e-02 2.260940708220005035e-02 1.619776524603366852e-02 3.058823756873607635e-02 3.540445864200592041e-02 3.978384658694267273e-03 1.683274656534194946e-02 1.331816893070936203e-02 8.315699175000190735e-03 1.035422738641500473e-02 5.984927527606487274e-03 4.066151753067970276e-02 4.019718989729881287e-02 4.566844925284385681e-02 1.213318016380071640e-02 1.011979952454566956e-02 4.878587648272514343e-02 6.738014519214630127e-03 1.496122125536203384e-02 8.459773845970630646e-03 4.149774461984634399e-02 4.311327938921749592e-04 5.437557771801948547e-02 6.989483721554279327e-03 5.392196471802890301e-04 1.884729228913784027e-02 2.872865088284015656e-02 1.958988979458808899e-02 3.068411350250244141e-02 1.216346491128206253e-02 5.252360366284847260e-03 1.426924020051956177e-02 5.462990328669548035e-02 1.549195614643394947e-03 3.071252955123782158e-03 1.397072151303291321e-02 1.605499302968382835e-03 1.572204753756523132e-02 1.554044615477323532e-02 5.536210723221302032e-03 4.465093079488724470e-04 1.920969597995281219e-02 1.874796301126480103e-02 1.325756963342428207e-02 1.176884863525629044e-02 6.521293893456459045e-03 1.790355890989303589e-02 7.899860851466655731e-03 2.694318071007728577e-03 1.337103662081062794e-03 6.856761407107114792e-03 6.055331323295831680e-03 1.220854837447404861e-02 2.253476344048976898e-02 1.377906091511249542e-02 1.747427042573690414e-03 6.958710029721260071e-03 1.075997576117515564e-02 8.572765626013278961e-03
7.023090124130249023e-02 5.284524708986282349e-02 6.220018491148948669e-03 1.134161651134490967e-02 1.648965640924870968e-03 5.903674289584159851e-02 4.245584458112716675e-02 1.368933822959661484e-02 1.480958983302116394e-02 1.963286660611629486e-02 8.281677961349487305e-01 2.888292446732521057e-02 6.569628417491912842e-02 2.830669470131397247e-02 2.738582342863082886e-02 1.488343812525272369e-02 1.399605534970760345e-02 1.402316708117723465e-02 1.436418015509843826e-02 8.471342734992504120e-03 7.781304884701967239e-03 3.490068763494491577e-02 6.858847569674253464e-03 1.028149574995040894e-02 1.540692057460546494e-03 1.197964139282703400e-02 1.657075807452201843e-02 1.449332851916551590e-02 3.497844561934471130e-02 1.731169223785400391e-02 3.096557036042213440e-02 1.092932745814323425e-02 1.390645559877157211e-02 1.406209543347358704e-02 5.270443507470190525e-04 4.115383140742778778e-03 1.505209039896726608e-02 1.330207847058773041e-02 1.961639337241649628e-02 2.496858593076467514e-03 1.369032636284828186e-02 3.800430102273821831e-03 1.943095214664936066e-02 1.558593939989805222e-02 8.035209029912948608e-03 1.877804286777973175e-02 6.185562908649444580e-02 3.329462185502052307e-02 7.774088997393846512e-03 1.181444618850946426e-03 9.396013920195400715e-04 9.881511330604553223e-03 2.217837236821651459e-02 2.402181550860404968e-02 8.644510991871356964e-03 2.113083610311150551e-03 9.878381155431270599e-03 8.961933664977550507e-03 4.070695023983716965e-03 9.562444873154163361e-03 1.490488741546869278e-02 1.560326013714075089e-02 1.020312216132879257e-02 3.360446542501449585e-03 4.417084157466888428e-02 3.093580342829227448e-02 4.598274244926869869e-04 6.545430049300193787e-03 1.144146826118230820e-02 4.571063909679651260e-03 6.573460996150970459e-03 5.666002631187438965e-03 1.408700179308652878e-02 1.463262550532817841e-02 1.180095039308071136e-02 2.169041521847248077e-02 1.062392955645918846e-03 3.024831530638039112e-04 4.867400042712688446e-03 1.393793034367263317e-03 1.636281237006187439e-02 2.842612192034721375e-02 2.220043214038014412e-03 1.388396881520748138e-02 7.393774576485157013e-03 5.538416095077991486e-03 3.364737331867218018e-02 2.869821526110172272e-02 1.412254106253385544e-02 5.750405602157115936e-03 4.495639726519584656e-02 3.726745024323463440e-02 2.578435093164443970e-02 2.737537957727909088e-02 2.120740478858351707e-03 3.584577701985836029e-03 9.792936034500598907e-03 1.926617696881294250e-03 7.811478571966290474e-04 3.792015835642814636e-03 1.801104657351970673e-02 2.174812927842140198e-02 3.458812134340405464e-03 1.358521729707717896e-02 5.342515185475349426e-03 1.393166370689868927e-02 1.130871288478374481e-02 2.264837268739938736e-03 2.244451455771923065e-02 1.482687611132860184e-02 2.521673915907740593e-03 7.010080851614475250e-03 7.887522689998149872e-03 1.472177449613809586e-02 1.923306961543858051e-03 7.395931519567966461e-03
1.706638000905513763e-02 1.229205541312694550e-02 5.821317245136015117e-06 1.601513125933706760e-03 1.619549654424190521e-02 3.328865626826882362e-03 6.401928258128464222e-04 2.202127315104007721e-02 7.514035329222679138e-03 2.661830559372901917e-02 2.888292446732521057e-02 8.281677961349487305e-01 2.154319547116756439e-02 6.021605059504508972e-02 9.149741381406784058e-03 2.132634865120053291e-03 1.525860466063022614e-02 2.954887785017490387e-02 3.990934044122695923e-02 1.233761105686426163e-02 5.922708660364151001e-03 2.465854585170745850e-02 9.368108585476875305e-03 1.446793787181377411e-02 1.916188001632690430e-02 3.160513471812009811e-03 1.999817229807376862e-02 2.757951803505420685e-02 2.337783947587013245e-02 2.283044531941413879e-02 2.216299623250961304e-02 2.144551277160644531e-02 2.126794075593352318e-03 2.049212716519832611e-02 1.406349893659353256e-02 1.654451526701450348e-02 1.964267343282699585e-02 3.008032590150833130e-02 5.737082567065954208e-03 4.363216459751129150e-03 3.687587752938270569e-02 1.187772024422883987e-02 2.398553863167762756e-02 2.361292717978358269e-03 1.161017105914652348e-03 1.818505302071571350e-02 2.341760322451591492e-02 1.958221383392810822e-02 2.360535413026809692e-02 3.811552748084068298e-02 1.033072359859943390e-02 3.507977351546287537e-03 1.090476382523775101e-02 2.287386171519756317e-02 2.192084491252899170e-02 3.009991906583309174e-02 7.741406559944152832e-03 1.988583244383335114e-02 9.843431413173675537e-03 1.518339477479457855e-02 1.360125560313463211e-02 9.770136326551437378e-03 1.267331372946500778e-02 8.801270276308059692e-03 1.901888288557529449e-02 1.770447567105293274e-02 2.118617855012416840e-02 2.002188935875892639e-02 2.149606589227914810e-03 2.904105372726917267e-02 1.151111815124750137e-02 1.871562935411930084e-02 1.383013371378183365e-02 2.481149137020111084e-02 6.799484137445688248e-03 2.345183747820556164e-05 1.666996255517005920e-02 1.550466287881135941e-03 1.095012575387954712e-02 4.883295297622680664e-02 2.265481464564800262e-02 2.045677043497562408e-02 1.268721558153629303e-02 5.671592429280281067e-03 1.008219271898269653e-02 3.258765488862991333e-02 2.241706848144531250e-02 2.139230072498321533e-02 3.838996216654777527e-02 2.178665809333324432e-02 2.261364087462425232e-02 2.906415425240993500e-02 1.709739677608013153e-02 2.047793753445148468e-02 1.597306504845619202e-02 6.292873527854681015e-03 9.663800708949565887e-03 1.577898301184177399e-02 1.227347925305366516e-02 8.811115287244319916e-03 2.088990807533264160e-02 2.868229150772094727e-02 9.173688013106584549e-04 1.072349678725004196e-02 1.229639863595366478e-03 2.925307676196098328e-02 2.253417484462261200e-02 2.656340040266513824e-02 2.127177640795707703e-02 3.863690048456192017e-02 6.242728792130947113e-03 2.301335893571376801e-02 1.093788351863622665e-02 1.588869467377662659e-02 1.354506704956293106e-02 4.512840881943702698e-03
6.048300862312316895e-02 6.775028258562088013e-02 1.339885406196117401e-02 5.807030014693737030e-03 6.833759602159261703e-03 4.100310057401657104e-02 5.821823701262474060e-02 2.024176530539989471e-02 5.773546174168586731e-03 2.459921687841415405e-02 6.569628417491912842e-02 2.154319547116756439e-02 8.281677961349487305e-01 1.905008219182491302e-02 2.807049266993999481e-02 1.275773253291845322e-02 1.011383160948753357e-02 4.337310965638607740e-04 1.002118736505508423e-02 9.668678045272827148e-03 5.493764299899339676e-03 3.100939095020294189e-02 8.111404255032539368e-03 1.166843902319669724e-02 4.625754081644117832e-04 1.980387978255748749e-02 1.270847208797931671e-02 1.245068199932575226e-02 2.998933009803295135e-02 7.697956170886754990e-03 3.649644926190376282e-02 1.529593486338853836e-02 1.546601392328739166e-02 5.499862134456634521e-03 1.314146793447434902e-03 1.659566909074783325e-02 2.655028365552425385e-02 1.400810480117797852e-02 1.648455671966075897e-02 4.824113857466727495e-04 2.138487994670867920e-02 1.203964184969663620e-02 1.635779067873954773e-02 1.624777540564537048e-02 9.513122029602527618e-03 2.655860595405101776e-02 3.763254359364509583e-02 4.666017740964889526e-02 3.085330827161669731e-03 2.098488388583064079e-03 2.836430910974740982e-03 6.648519542068243027e-03 2.839327976107597351e-02 2.977256476879119873e-02 2.617391692183446139e-05 8.000608067959547043e-04 5.199898499995470047e-03 5.319597199559211731e-03 3.296138951554894447e-03 1.471140235662460327e-02 1.426770724356174469e-02 1.863281056284904480e-02 2.802709490060806274e-02 1.415494643151760101e-02 3.646325320005416870e-02 3.558135405182838440e-02 1.398538734065368772e-04 1.656326465308666229e-03 1.589108072221279144e-02 1.247504493221640587e-03 1.137454435229301453e-02 4.514104221016168594e-03 1.328223012387752533e-02 2.334663271903991699e-02 1.093402784317731857e-02 2.419312857091426849e-02 9.810690535232424736e-04 1.089694537222385406e-02 7.314782124012708664e-03 3.531960304826498032e-03 2.352667972445487976e-02 3.360847011208534241e-02 3.056901041418313980e-03 9.172114543616771698e-03 1.408175914548337460e-03 9.247925132513046265e-03 2.965011447668075562e-02 3.177387267351150513e-02 7.877874188125133514e-03 1.407577469944953918e-02 3.864554315805435181e-02 2.902674116194248199e-02 3.866885975003242493e-02 2.937508560717105865e-02 5.499155377037823200e-04 9.959902614355087280e-03 1.043173298239707947e-02 8.761846460402011871e-03 2.046051202341914177e-03 2.338392194360494614e-03 1.481604669243097305e-02 1.072441227734088898e-02 2.240323834121227264e-02 2.180248126387596130e-02 5.671964492648839951e-03 1.125265192240476608e-02 1.062127668410539627e-02 1.338331773877143860e-02 1.768983155488967896e-02 2.328565716743469238e-02 9.586021304130554199e-03 3.936683759093284607e-03 1.215429976582527161e-02 1.258741412311792374e-02 9.023096412420272827e-03 1.002594246529042721e-03
