8.173217773437500000e-01 1.712327264249324799e-02 2.220951765775680542e-02 1.933494210243225098e-02 7.897051982581615448e-03 1.714795455336570740e-02 3.583568334579467773e-02 1.958620361983776093e-02 6.744961719959974289e-03 3.562467545270919800e-02 5.188214406371116638e-02 9.413836523890495300e-03 1.916318386793136597e-02 1.456984085962176323e-03 4.616281483322381973e-03 1.215214841067790985e-02 5.965585354715585709e-03 1.972213946282863617e-02 2.226409874856472015e-02 1.960193365812301636e-02 6.746519822627305984e-03 1.602564007043838501e-02 4.424130078405141830e-03 5.940834991633892059e-03 3.410043893381953239e-03 3.649526089429855347e-02 3.526569530367851257e-02 1.045423094183206558e-02 1.256783772259950638e-02 6.751279812306165695e-03 1.074678078293800354e-02 2.047793939709663391e-03 1.411425322294235229e-02 1.048024371266365051e-02 8.606977760791778564e-03 1.480625849217176437e-02 1.548170391470193863e-02 1.556422095745801926e-02 3.255204483866691589e-02 1.633257232606410980e-02 1.209449861198663712e-02 9.474551305174827576e-03 2.054580487310886383e-02 1.925382576882839203e-02 1.466820854693651199e-02 2.485749870538711548e-02 2.152866870164871216e-02 1.581470109522342682e-02 9.822437539696693420e-03 2.636164054274559021e-02 7.553122472018003464e-03 3.366648452356457710e-03 1.360479742288589478e-03 2.425118815153837204e-03 1.189790200442075729e-02 2.260101027786731720e-02 1.751991175115108490e-02 2.326789870858192444e-02 1.429588906466960907e-02 5.695072468370199203e-03 8.192460052669048309e-03 1.581576094031333923e-02 3.990218043327331543e-02 8.707026019692420959e-03 1.363836880773305893e-02 1.005865726619958878e-02 8.616771548986434937e-03 1.288820058107376099e-02 6.731706205755472183e-03 1.428442634642124176e-02 5.650796461850404739e-03 3.631305694580078125e-02 7.235785946249961853e-03 1.385850924998521805e-02 1.036563888192176819e-02 1.471237279474735260e-02 4.441865254193544388e-03 1.080722734332084656e-02 1.428734231740236282e-02 7.835568860173225403e-03 8.380941115319728851e-03 2.141611650586128235e-02 8.598820306360721588e-03 7.615782786160707474e-03 2.191827818751335144e-02 1.529057882726192474e-02 1.164694689214229584e-02 2.425777353346347809e-02 6.762626115232706070e-03 3.788177296519279480e-02 6.643441971391439438e-03 9.719987399876117706e-03 3.432268043980002403e-03 2.391317486763000488e-02 2.058709785342216492e-02 1.689495332539081573e-02 1.827996410429477692e-02 1.915188506245613098e-02 1.038466766476631165e-02 1.121337641961872578e-03 2.032839879393577576e-02 1.830571331083774567e-02 1.205170620232820511e-02 1.631590723991394043e-02 2.279239706695079803e-02 2.677498012781143188e-02 2.327227406203746796e-02 2.319713821634650230e-03 1.987957023084163666e-02 7.521928288042545319e-03 3.297575190663337708e-02 1.508122123777866364e-02 3.155305236577987671e-02 1.775610260665416718e-02 2.628716640174388885e-02 3.950247482862323523e-04
1.712327264249324799e-02 8.173217773437500000e-01 1.070715603418648243e-03 2.560293488204479218e-02 1.336252968758344650e-02 2.004391513764858246e-02 3.987852856516838074e-02 1.132096257060766220e-02 1.318427175283432007e-02 7.432505488395690918e-03 1.027990877628326416e-02 4.148118942975997925e-02 6.272445619106292725e-02 3.274007514119148254e-02 1.520227920264005661e-02 2.212456613779067993e-02 1.254751696251332760e-03 6.318949162960052490e-03 1.076245401054620743e-02 4.793595522642135620e-03 2.268861606717109680e-02 1.299676299095153809e-02 1.457071397453546524e-02 2.120880782604217529e-02 3.670363454148173332e-03 2.879899926483631134e-02 2.101243287324905396e-02 1.617963425815105438e-02 1.185103692114353180e-02 1.816215924918651581e-02 3.466269001364707947e-02 2.766341716051101685e-02 3.244527382776141167e-03 3.884018631651997566e-03 3.744973242282867432e-02 1.371173770166933537e-03 3.919654991477727890e-03 1.437431573867797852e-02 1.664025150239467621e-02 1.581574976444244385e-02 4.465842247009277344e-02 1.104675885289907455e-02 1.388011220842599869e-02 4.125754535198211670e-02 1.670094951987266541e-02 1.381385233253240585e-02 7.174284663051366806e-03 1.078867702744901180e-03 8.000808767974376678e-03 6.331140175461769104e-03 2.046157047152519226e-02 9.467201307415962219e-03 8.964474312961101532e-03 1.400369219481945038e-03 7.405341137200593948e-03 8.483947567583527416e-06 6.269819103181362152e-03 3.869687393307685852e-02 9.147426462732255459e-04 1.556844450533390045e-02 8.170188404619693756e-03 9.757118299603462219e-03 2.059328928589820862e-02 2.287046611309051514e-02 1.563878543674945831e-02 3.182829916477203369e-02 4.318363219499588013e-02 2.985046431422233582e-02 5.693510174751281738e-03 2.051134966313838959e-02 6.798305548727512360e-03 2.783136256039142609e-02 5.771168041974306107e-03 3.766645211726427078e-03 2.034384757280349731e-03 5.774714052677154541e-03 1.288136094808578491e-02 9.588172659277915955e-03 1.554326061159372330e-02 1.320668123662471771e-02 7.582269608974456787e-03 7.313598878681659698e-03 1.472576893866062164e-02 6.607382674701511860e-04 1.018525939434766769e-02 1.085329614579677582e-02 2.564472705125808716e-02 1.726676709949970245e-02 2.974451705813407898e-02 2.727092802524566650e-02 2.540186792612075806e-02 3.495613113045692444e-02 3.912746906280517578e-03 4.133797436952590942e-02 9.088773280382156372e-03 3.802295774221420288e-03 1.510965265333652496e-02 7.213241886347532272e-03 1.931180059909820557e-02 7.178976200520992279e-03 1.495751272886991501e-02 1.405437383800745010e-02 1.385371945798397064e-02 1.660574972629547119e-02 5.132036283612251282e-03 3.269938519224524498e-03 7.487012073397636414e-03 6.385522894561290741e-03 1.636452414095401764e-02 8.858147077262401581e-03 8.340702624991536140e-04 2.932483144104480743e-02 1.964747719466686249e-02 2.285474445670843124e-03 7.866097614169120789e-03 1.559581421315670013e-02
2.220951765775680542e-02 1.070715603418648243e-03 8.173217773437500000e-01 9.913686662912368774e-03 9.234051220118999481e-03 2.144236583262681961e-03 2.402211306616663933e-03 1.485032681375741959e-02 6.402724422514438629e-03 7.231340277940034866e-03 1.118766516447067261e-02 6.299850996583700180e-03 5.876965355128049850e-03 1.466489210724830627e-02 2.497590705752372742e-02 1.216378994286060333e-02 5.008173640817403793e-03 1.670604385435581207e-02 5.087563768029212952e-03 1.108474843204021454e-02 2.197305858135223389e-02 1.373980287462472916e-02 7.978833164088428020e-04 1.017135847359895706e-02 1.379716210067272186e-02 2.050289697945117950e-02 2.111249603331089020e-02 8.927126415073871613e-03 1.180735882371664047e-02 5.110197816975414753e-04 1.692767068743705750e-02 4.729949403554201126e-03 2.221824042499065399e-02 1.654903590679168701e-02 3.515114542096853256e-03 4.347201436758041382e-03 1.429805997759103775e-03 7.733975071460008621e-03 1.746275811456143856e-03 1.209570444189012051e-03 4.935952019877731800e-04 3.614800050854682922e-02 2.033617238339502364e-05 4.253519233316183090e-03 5.269092041999101639e-03 4.987747874110937119e-03 2.318968065083026886e-02 1.559355109930038452e-02 5.619526375085115433e-03 2.798065170645713806e-02 1.389602664858102798e-02 1.390769239515066147e-02 2.301313169300556183e-02 2.349173091351985931e-02 7.699772715568542480e-03 2.634789794683456421e-02 4.987272433936595917e-03 9.682261385023593903e-03 4.118010029196739197e-02 1.225341111421585083e-02 1.627153903245925903e-02 7.234380580484867096e-03 6.510573439300060272e-03 1.853566803038120270e-02 5.749333184212446213e-03 7.467101328074932098e-03 3.309796331450343132e-03 5.791496019810438156e-03 1.046756561845541000e-02 6.869538920000195503e-04 6.233375053852796555e-03 1.884014718234539032e-02 2.416338305920362473e-03 1.107432413846254349e-02 3.184887114912271500e-03 5.223272601142525673e-04 2.149567566812038422e-02 2.060782350599765778e-02 6.525121163576841354e-03 3.253616020083427429e-02 1.287402678281068802e-02 2.994905598461627960e-02 6.312923505902290344e-03 2.913820557296276093e-03 6.183762568980455399e-03 2.677156124264001846e-03 9.916627779603004456e-03 3.012120909988880157e-02 3.152452409267425537e-02 1.488487143069505692e-02 6.976123899221420288e-03 1.268880534917116165e-02 1.090666651725769043e-02 2.123217564076185226e-03 1.923766359686851501e-02 2.581546641886234283e-02 9.569003246724605560e-03 2.096297917887568474e-03 1.258597057312726974e-02 1.349886134266853333e-02 1.157220173627138138e-02 1.714001409709453583e-02 4.914295393973588943e-03 1.474391203373670578e-02 4.500762745738029480e-02 2.167046070098876953e-02 1.404468622058629990e-02 1.537662744522094727e-02 8.376250043511390686e-03 4.029739648103713989e-03 8.343415334820747375e-03 1.833295822143554688e-02 2.103156596422195435e-02 2.674588002264499664e-03 1.624085754156112671e-02 1.849836669862270355e-02
1.933494210243225098e-02 2.560293488204479218e-02 9.913686662912368774e-03 8.173217773437500000e-01 2.620327100157737732e-02 1.721645519137382507e-02 1.334895659238100052e-02 3.144877031445503235e-03 8.522307500243186951e-03 3.566749219316989183e-04 4.236516077071428299e-03 1.890470623038709164e-03 2.611495740711688995e-02 9.723076596856117249e-03 2.227573096752166748e-02 4.007092677056789398e-03 3.316440153867006302e-03 1.973423548042774200e-02 3.024430200457572937e-02 1.770190335810184479e-02 5.717829801142215729e-03 1.246142387390136719e-02 1.001270022243261337e-02 8.614907041192054749e-03 9.906931780278682709e-03 1.281526347156614065e-04 3.441633656620979309e-03 1.962392032146453857e-02 9.259495884180068970e-03 1.314481813460588455e-02 1.981915533542633057e-02 5.067584570497274399e-03 2.779418416321277618e-02 2.853384939953684807e-03 2.972082421183586121e-02 1.577616087161004543e-03 8.132160641252994537e-03 7.581356912851333618e-03 3.303009271621704102e-02 2.166054770350456238e-02 6.771574262529611588e-03 3.782272338867187500e-02 2.514895796775817871e-02 8.465377613902091980e-03 2.296250872313976288e-02 1.845974940806627274e-03 5.518306512385606766e-03 8.514387882314622402e-04 2.656862884759902954e-02 2.534641139209270477e-02 2.418322488665580750e-03 1.607919298112392426e-02 9.431201033294200897e-04 6.606022361665964127e-03 6.767008453607559204e-03 7.641272153705358505e-03 1.393583882600069046e-02 1.606310345232486725e-02 6.343986839056015015e-03 7.343221455812454224e-03 2.950464189052581787e-02 2.358283288776874542e-02 1.799012720584869385e-02 2.112753689289093018e-02 3.664924064651131630e-03 1.824286580085754395e-02 2.983149513602256775e-02 3.733273968100547791e-02 4.910723492503166199e-02 1.065843156538903713e-03 4.134528711438179016e-02 2.338045509532094002e-03 7.440679520368576050e-02 1.594964182004332542e-03 4.190896637737751007e-03 1.108748183469288051e-04 1.818600110709667206e-02 2.991242799907922745e-04 3.598069772124290466e-02 3.021323308348655701e-02 6.633698940277099609e-03 7.876916788518428802e-03 3.755687922239303589e-02 2.399289608001708984e-02 2.703941427171230316e-02 4.591806977987289429e-02 1.739605516195297241e-02 7.484390400350093842e-03 6.372254341840744019e-03 2.530505135655403137e-02 9.863942861557006836e-03 2.238010056316852570e-02 1.581134460866451263e-02 4.795735701918601990e-03 4.394236020743846893e-03 5.265550687909126282e-03 3.845676779747009277e-03 2.788674784824252129e-03 2.531371824443340302e-02 1.535736676305532455e-02 1.054713502526283264e-02 1.042864983901381493e-03 3.437817096710205078e-03 7.894966751337051392e-03 7.125454954802989960e-03 1.618278096430003643e-03 7.872289046645164490e-03 1.123244874179363251e-02 8.882660418748855591e-03 1.052741147577762604e-02 1.209635566920042038e-02 4.195000976324081421e-03 2.459892816841602325e-02 1.628169417381286621e-02 2.908887341618537903e-03 2.438932284712791443e-02
7.897051982581615448e-03 1.336252968758344650e-02 9.234051220118999481e-03 2.620327100157737732e-02 8.173217773437500000e-01 3.767660260200500488e-02 6.205769721418619156e-03 2.083780989050865173e-02 1.185931451618671417e-02 4.201901610940694809e-03 1.988777890801429749e-02 2.317482419312000275e-02 2.790827071294188499e-03 1.393351983278989792e-02 6.648316048085689545e-03 2.291932702064514160e-02 1.713080890476703644e-02 6.433443631976842880e-03 1.908013410866260529e-02 1.054575480520725250e-02 9.200219064950942993e-03 1.113319583237171173e-02 1.168136764317750931e-02 8.145432919263839722e-03 1.697041839361190796e-02 1.337458938360214233e-02 1.451378874480724335e-02 1.553860772401094437e-02 3.976472094655036926e-02 7.285646162927150726e-03 3.585602389648556709e-03 1.451094914227724075e-02 1.551683992147445679e-02 3.490648232400417328e-03 2.892582491040229797e-02 6.651121657341718674e-04 1.118784211575984955e-02 2.664224430918693542e-02 1.944954693317413330e-02 4.181093722581863403e-02 1.177402026951313019e-02 1.055852882564067841e-02 2.697433345019817352e-02 6.643246859312057495e-03 1.647154800593852997e-03 6.931348703801631927e-03 1.919537899084389210e-03 2.189568057656288147e-02 3.355785040184855461e-03 5.583867896348237991e-03 3.754333034157752991e-02 4.052396118640899658e-02 5.182948894798755646e-03 4.949292633682489395e-04 1.638159342110157013e-02 3.343366086483001709e-03 6.760565564036369324e-03 1.713346317410469055e-02 4.990614484995603561e-03 1.841751858592033386e-02 7.553641684353351593e-03 6.438045762479305267e-03 2.308755367994308472e-02 3.110569529235363007e-02 2.621170505881309509e-02 4.907240625470876694e-03 1.588109880685806274e-02 2.098108408972620964e-03 2.946008369326591492e-02 2.554214186966419220e-02 2.408391237258911133e-02 1.627971604466438293e-02 3.104175440967082977e-02 9.487346746027469635e-03 1.981517672538757324e-02 1.716666854918003082e-02 1.709277392365038395e-03 8.892683312296867371e-03 3.816277254372835159e-03 1.258919294923543930e-02 1.923862472176551819e-02 2.174178510904312134e-02 3.714019665494561195e-03 4.517992958426475525e-02 9.414234082214534283e-04 5.434310529381036758e-03 2.753257006406784058e-02 6.807833909988403320e-03 2.963371947407722473e-02 1.118443626910448074e-02 2.332686632871627808e-02 2.430352009832859039e-02 2.249259874224662781e-02 6.920550484210252762e-03 1.209243386983871460e-02 8.273542625829577446e-04 2.685382403433322906e-02 2.421536110341548920e-02 2.725404687225818634e-02 3.089254349470138550e-02 1.473354990594089031e-03 2.261426299810409546e-03 2.740438282489776611e-02 1.891907490789890289e-02 5.099824164062738419e-03 2.134806290268898010e-02 7.232638075947761536e-03 1.685249432921409607e-02 1.310975849628448486e-02 2.108695544302463531e-02 9.145244024693965912e-03 8.462361060082912445e-03 1.226999145001173019e-02 1.878977753221988678e-02 1.186439953744411469e-02 9.487395174801349640e-03
1.714795455336570740e-02 2.004391513764858246e-02 2.144236583262681961e-03 1.721645519137382507e-02 3.767660260200500488e-02 8.173217773437500000e-01 3.946223109960556030e-02 2.409433946013450623e-02 7.019151933491230011e-03 8.025757037103176117e-03 2.742872014641761780e-02 2.567106857895851135e-02 9.484335780143737793e-03 1.952361874282360077e-02 2.084221690893173218e-02 2.246139012277126312e-02 1.629195362329483032e-02 7.036390248686075211e-03 1.166739128530025482e-02 4.632394295185804367e-03 3.962488844990730286e-03 2.210295759141445160e-02 5.345532670617103577e-03 1.177900470793247223e-02 4.088471643626689911e-03 1.313284877687692642e-02 5.533271934837102890e-03 5.809328518807888031e-03 3.599278628826141357e-02 1.270019263029098511e-02 4.833749029785394669e-03 1.700875349342823029e-02 2.914973534643650055e-02 1.780699752271175385e-02 6.125260144472122192e-03 9.448301047086715698e-03 2.169551141560077667e-02 2.817708067595958710e-02 2.013699524104595184e-02 3.111078590154647827e-02 2.683561481535434723e-02 1.811043825000524521e-03 1.854009367525577545e-02 1.009151153266429901e-02 1.222475897520780563e-03 3.759262384846806526e-03 2.905371971428394318e-02 2.404201589524745941e-02 6.590590812265872955e-03 1.627388969063758850e-02 9.986785240471363068e-03 1.585197262465953827e-02 1.775274053215980530e-02 2.244289033114910126e-02 8.971228264272212982e-03 1.964676566421985626e-02 4.840249195694923401e-03 1.505636982619762421e-02 2.691410190891474485e-04 2.989595383405685425e-02 7.003562059253454208e-04 1.993527263402938843e-02 1.060219132341444492e-03 2.007597871124744415e-02 2.749488689005374908e-02 7.734400220215320587e-03 1.523484848439693451e-02 1.108834706246852875e-02 2.523332275450229645e-02 4.682893306016921997e-02 1.975464075803756714e-02 7.891936227679252625e-03 1.855863071978092194e-02 1.251162029802799225e-02 3.266056533902883530e-03 8.423434570431709290e-03 7.952972315251827240e-03 2.391007030382752419e-03 2.050988934934139252e-02 4.853637889027595520e-03 8.808040060102939606e-03 2.363681420683860779e-02 7.163760019466280937e-04 2.416768111288547516e-02 2.265231870114803314e-02 6.203375756740570068e-03 2.475876547396183014e-02 2.031427621841430664e-02 3.100593574345111847e-02 1.869671791791915894e-02 3.309775143861770630e-02 3.946572169661521912e-02 2.598714455962181091e-02 8.224698714911937714e-03 2.779965475201606750e-02 1.272780727595090866e-02 1.855945773422718048e-02 4.206763114780187607e-03 9.329733438789844513e-03 9.194343350827693939e-03 2.043135464191436768e-02 2.319608442485332489e-02 2.831013686954975128e-02 2.040506899356842041e-02 2.358334884047508240e-02 1.582991518080234528e-02 1.731047034263610840e-02 1.795124378986656666e-03 3.087306208908557892e-02 5.100590176880359650e-03 3.209177637472748756e-03 2.205119468271732330e-02 6.704073399305343628e-03 7.551359012722969055e-03 1.995359174907207489e-02 2.780864387750625610e-02
3.583568334579467773e-02 3.987852856516838074e-02 2.402211306616663933e-03 1.334895659238100052e-02 6.205769721418619156e-03 3.946223109960556030e-02 8.173217773437500000e-01 9.696704335510730743e-03 6.672004703432321548e-03 9.522510692477226257e-03 1.157533936202526093e-02 9.564981795847415924e-03 2.878345176577568054e-02 1.033067051321268082e-02 2.829271927475929260e-02 2.512203529477119446e-02 1.751270890235900879e-02 1.997799612581729889e-02 1.005629077553749084e-02 8.396097458899021149e-03 1.446267124265432358e-02 1.013209111988544464e-02 5.218094214797019958e-03 3.111141035333275795e-03 2.162602730095386505e-03 2.272305311635136604e-03 6.068604066967964172e-03 5.859391298145055771e-03 3.388900542631745338e-03 1.038775499910116196e-02 1.127380970865488052e-02 3.064866736531257629e-02 2.032111026346683502e-02 2.526400424540042877e-02 2.747945254668593407e-03 9.934405796229839325e-03 5.066008772701025009e-03 1.929329335689544678e-02 1.935528591275215149e-02 1.513938512653112411e-02 1.678189076483249664e-02 1.414179895073175430e-02 3.228633105754852295e-02 1.397303026169538498e-02 3.213695064187049866e-02 2.648866921663284302e-02 1.082729082554578781e-02 4.221884533762931824e-02 3.838418051600456238e-02 7.962625473737716675e-03 3.048138320446014404e-02 2.774059539660811424e-03 2.026529051363468170e-02 3.393021225929260254e-02 2.539845649152994156e-03 8.554863743484020233e-03 9.683128446340560913e-03 1.465119421482086182e-02 1.575330458581447601e-02 4.259080812335014343e-02 1.852378062903881073e-02 1.681960374116897583e-02 2.473096549510955811e-02 9.506238624453544617e-03 4.740806296467781067e-03 2.173853479325771332e-02 4.482727497816085815e-02 4.718446359038352966e-02 2.936524711549282074e-02 1.542055699974298477e-02 1.657048612833023071e-02 1.629513688385486603e-02 4.205418284982442856e-03 2.486551966285333037e-05 3.461655229330062866e-02 1.115224882960319519e-02 1.168786548078060150e-03 5.612378474324941635e-03 3.879137337207794189e-03 7.850579917430877686e-03 1.884653978049755096e-02 2.960268408060073853e-03 1.373698562383651733e-02 9.282259270548820496e-03 1.185916457325220108e-02 5.452737212181091309e-03 2.431356348097324371e-02 3.352456493303179741e-03 3.025698708370327950e-03 3.124374523758888245e-02 2.423718199133872986e-02 3.171591786667704582e-03 1.312454231083393097e-02 2.378010563552379608e-02 2.423948235809803009e-02 1.444793213158845901e-02 1.648348942399024963e-02 7.058854680508375168e-03 2.593142539262771606e-02 5.012686830013990402e-03 1.811204664409160614e-02 1.457268954254686832e-03 2.418851363472640514e-04 1.735724136233329773e-02 2.177806012332439423e-02 1.686288788914680481e-02 1.886978745460510254e-03 4.088466521352529526e-03 1.412366051226854324e-02 8.543527685105800629e-03 2.637926116585731506e-02 9.470021352171897888e-03 2.177509479224681854e-02 1.610425859689712524e-02 2.310551237314939499e-03 1.109299156814813614e-02
1.958620361983776093e-02 1.132096257060766220e-02 1.485032681375741959e-02 3.144877031445503235e-03 2.083780989050865173e-02 2.409433946013450623e-02 9.696704335510730743e-03 8.173217773437500000e-01 1.917821005918085575e-03 5.103898234665393829e-03 8.637250284664332867e-04 7.550054229795932770e-03 4.669370129704475403e-03 5.740826483815908432e-03 4.096307605504989624e-02 1.819173619151115417e-02 2.353303134441375732e-02 5.319598130881786346e-03 4.910949064651504159e-05 9.138655848801136017e-03 1.456560473889112473e-02 3.643298521637916565e-02 2.690482884645462036e-03 1.201087702065706253e-02 8.110851049423217773e-03 9.843196719884872437e-03 2.804915606975555420e-02 2.755326963961124420e-02 5.531429313123226166e-03 1.199511997401714325e-02 8.767850697040557861e-03 2.047084504738450050e-03 2.580761536955833435e-02 1.027843449264764786e-02 7.641017436981201172e-04 3.689298033714294434e-02 4.150805994868278503e-02 5.086017027497291565e-02 7.094715721905231476e-03 2.466212213039398193e-02 2.727739699184894562e-02 5.954755470156669617e-03 3.126040566712617874e-03 1.181359961628913879e-02 1.717373670544475317e-04 3.526392159983515739e-03 9.242459200322628021e-03 5.506204906851053238e-03 4.238304682075977325e-04 3.009341307915747166e-04 2.865622052922844887e-03 9.112698957324028015e-03 1.439048722386360168e-02 2.903267182409763336e-02 1.177195739001035690e-02 1.595621433807536960e-04 5.425723269581794739e-03 1.459640334360301495e-03 5.249754991382360458e-03 3.076888620853424072e-02 8.094055578112602234e-03 5.530923604965209961e-03 2.041520178318023682e-02 2.521530725061893463e-03 1.742905750870704651e-02 8.056851802393794060e-04 5.391811951994895935e-03 6.640789099037647247e-03 6.112664937973022461e-03 2.384030818939208984e-02 4.303222056478261948e-03 2.701752120628952980e-03 4.629252478480339050e-03 4.021973535418510437e-02 1.927025057375431061e-02 2.646321989595890045e-02 2.176985144615173340e-03 5.375818349421024323e-03 7.275382988154888153e-03 2.393429353833198547e-02 4.805925488471984863e-02 4.679394513368606567e-02 9.910770459100604057e-04 1.623298786580562592e-02 9.195134975016117096e-03 1.867428421974182129e-02 4.547820612788200378e-02 3.850011155009269714e-02 6.909848656505346298e-03 2.402384765446186066e-02 8.925698697566986084e-03 3.388651832938194275e-02 2.926884451881051064e-03 2.091878093779087067e-02 3.779710829257965088e-02 3.266049176454544067e-02 4.235444962978363037e-02 2.227174304425716400e-02 8.703905041329562664e-04 1.405083015561103821e-02 3.293502330780029297e-02 2.649659849703311920e-02 3.172677010297775269e-02 2.749228663742542267e-02 2.022558450698852539e-02 8.982915431261062622e-03 2.662964165210723877e-02 1.620079763233661652e-02 3.597182035446166992e-02 1.764195039868354797e-02 3.248771280050277710e-02 2.040419913828372955e-02 1.907225139439105988e-02 3.561463207006454468e-03 1.674824953079223633e-02 1.497699785977602005e-02
6.744961719959974289e-03 1.318427175283432007e-02 6.402724422514438629e-03 8.522307500243186951e-03 1.185931451618671417e-02 7.019151933491230011e-03 6.672004703432321548e-03 1.917821005918085575e-03 8.173217773437500000e-01 5.052864179015159607e-02 1.150945387780666351e-02 1.459037046879529953e-02 5.690580233931541443e-03 1.360971480607986450e-02 7.334683323279023170e-04 8.490455802530050278e-04 1.305735204368829727e-02 6.086384132504463196e-02 4.720140993595123291e-02 8.541677379980683327e-04 5.110288038849830627e-03 7.452004589140415192e-03 9.837783873081207275e-04 1.121387723833322525e-02 7.578297518193721771e-03 7.341964635998010635e-03 8.346124552190303802e-03 1.633273810148239136e-02 1.838214229792356491e-03 1.279025152325630188e-02 6.932415999472141266e-03 1.372579298913478851e-02 4.821619077119976282e-04 1.444317866116762161e-02 1.689895871095359325e-03 1.641467958688735962e-02 1.304106507450342178e-02 1.302862167358398438e-02 3.345048800110816956e-02 2.783572115004062653e-02 1.831980608403682709e-02 3.496295213699340820e-02 1.080826018005609512e-02 1.533068157732486725e-02 2.874063700437545776e-02 1.792858541011810303e-02 1.205713674426078796e-02 1.147755142301321030e-02 5.219212174415588379e-02 1.407381054013967514e-02 5.749307572841644287e-03 1.046764850616455078e-02 6.718526856275275350e-05 1.362492609769105911e-02 7.237116992473602295e-02 3.700635209679603577e-02 5.334186833351850510e-03 2.086967462673783302e-03 6.792409811168909073e-03 1.910949870944023132e-02 3.849357366561889648e-02 2.130663953721523285e-03 1.113097881898283958e-03 1.204818021506071091e-02 6.135415285825729370e-03 4.866627510637044907e-03 3.321287222206592560e-03 1.587851345539093018e-02 2.266408316791057587e-02 1.271812338382005692e-02 2.080559171736240387e-02 1.569129712879657745e-02 3.488856181502342224e-02 2.058998914435505867e-03 3.858001157641410828e-02 2.053810283541679382e-02 8.747462928295135498e-02 5.720325559377670288e-02 3.509767726063728333e-02 9.315996430814266205e-03 2.290718257427215576e-02 6.014838349074125290e-03 6.537545472383499146e-02 4.081634059548377991e-02 3.035803511738777161e-02 1.206145249307155609e-02 6.444198079407215118e-03 1.152484491467475891e-02 2.515656640753149986e-03 2.093022502958774567e-02 1.054322905838489532e-02 4.889875184744596481e-03 3.944608848541975021e-03 5.115545820444822311e-03 1.752959936857223511e-02 1.517571974545717239e-02 2.767465543001890182e-03 6.461949087679386139e-03 2.592500485479831696e-02 6.690909620374441147e-03 4.152627661824226379e-03 1.980782113969326019e-02 1.808765903115272522e-02 3.892989130690693855e-03 1.527837757021188736e-02 8.815642446279525757e-03 5.791014991700649261e-03 2.163480035960674286e-03 6.806919351220130920e-03 8.199284784495830536e-03 1.865210011601448059e-03 1.697833836078643799e-02 6.470147054642438889e-03 5.997272673994302750e-03 4.045822657644748688e-03 1.876525767147541046e-02
3.562467545270919800e-02 7.432505488395690918e-03 7.231340277940034866e-03 3.566749219316989183e-04 4.201901610940694809e-03 8.025757037103176117e-03 9.522510692477226257e-03 5.103898234665393829e-03 5.052864179015159607e-02 8.173217773437500000e-01 1.889795623719692230e-02 6.533546373248100281e-03 1.459371019154787064e-02 3.556044027209281921e-02 7.840761914849281311e-03 2.208091132342815399e-02 1.986061222851276398e-02 3.626715019345283508e-02 4.677132517099380493e-02 1.672869920730590820e-02 7.077524787746369839e-04 1.850470714271068573e-02 1.985990442335605621e-02 2.368667721748352051e-02 4.303822293877601624e-03 8.319336338900029659e-04 1.411529816687107086e-02 2.698202058672904968e-02 1.398727856576442719e-02 8.231376996263861656e-04 4.901407752186059952e-03 3.080575726926326752e-02 1.039949152618646622e-02 2.461806125938892365e-02 6.977844983339309692e-03 2.655288390815258026e-02 1.538757793605327606e-02 2.321936655789613724e-03 9.500996209681034088e-03 9.246288798749446869e-03 2.000649645924568176e-02 6.664872635155916214e-03 1.897477079182863235e-03 6.359076593071222305e-03 1.877046888694167137e-03 1.066038198769092560e-02 8.552303537726402283e-03 3.879230003803968430e-03 1.536989212036132812e-02 5.239931866526603699e-02 7.057087030261754990e-03 1.253001857548952103e-03 9.551486000418663025e-04 9.739003144204616547e-03 3.721502050757408142e-02 5.498134717345237732e-02 3.652408346533775330e-02 7.905394770205020905e-03 4.644078668206930161e-03 1.211800891906023026e-02 1.479373220354318619e-02 2.889342978596687317e-02 2.038154192268848419e-02 1.670606061816215515e-02 1.080902200192213058e-02 7.010035216808319092e-03 8.457058109343051910e-03 7.997169159352779388e-03 1.922237686812877655e-02 1.416297350078821182e-02 4.240864515304565430e-02 6.035535596311092377e-03 2.881539799273014069e-02 2.561417594552040100e-02 2.569633349776268005e-02 1.336489059031009674e-02 3.509535267949104309e-02 6.719101965427398682e-02 5.047101061791181564e-03 2.129340171813964844e-02 2.575683174654841423e-03 2.062264131382107735e-03 4.713446646928787231e-02 4.097822308540344238e-02 9.247826412320137024e-03 1.192197389900684357e-02 7.923960685729980469e-03 1.672198437154293060e-02 2.961485087871551514e-02 1.706215320155024529e-03 2.002721093595027924e-02 2.002416923642158508e-02 1.556401140987873077e-03 2.238053083419799805e-02 3.493164898827672005e-03 1.182938180863857269e-02 2.413613907992839813e-02 4.474558518268167973e-04 8.337955921888351440e-03 1.769890263676643372e-02 1.120012626051902771e-02 2.823534887284040451e-03 1.032414846122264862e-02 1.439259201288223267e-02 3.577282186597585678e-03 4.135614261031150818e-03 3.043327853083610535e-02 3.099404089152812958e-02 1.563675515353679657e-02 2.329464443027973175e-02 2.950725890696048737e-02 2.469971030950546265e-02 1.924422010779380798e-02 1.197305507957935333e-02 2.845559641718864441e-02 1.084295194596052170e-02
5.188214406371116638e-02 1.027990877628326416e-02 1.118766516447067261e-02 4.236516077071428299e-03 1.988777890801429749e-02 2.742872014641761780e-02 1.157533936202526093e-02 8.637250284664332867e-04 1.150945387780666351e-02 1.889795623719692230e-02 8.173217773437500000e-01 3.875996218994259834e-03 3.203070536255836487e-02 3.262733109295368195e-03 9.244107641279697418e-04 1.520537585020065308e-02 1.328242477029561996e-02 2.622717618942260742e-02 3.084456920623779297e-02 3.043748997151851654e-02 4.967865534126758575e-03 1.401743851602077484e-03 1.113805570639669895e-03 1.486430224031209946e-02 9.289282374083995819e-03 2.110507339239120483e-02 8.137139491736888885e-03 7.756544742733240128e-03 2.678487077355384827e-02 1.709011197090148926e-02 2.984757767990231514e-03 2.095820941030979156e-02 9.139268659055233002e-03 2.430953457951545715e-02 2.971008885651826859e-03 9.299349971115589142e-03 1.386032439768314362e-02 3.206514986231923103e-03 1.662213355302810669e-02 4.055791534483432770e-03 1.667976006865501404e-02 1.368489768356084824e-02 1.020623650401830673e-02 1.184083707630634308e-02 4.735575057566165924e-03 1.001492980867624283e-02 4.036145657300949097e-02 3.572168573737144470e-02 7.876066491007804871e-03 3.650686517357826233e-02 3.771734423935413361e-03 6.925216875970363617e-03 5.527242086827754974e-03 1.361835468560457230e-02 2.810766547918319702e-02 3.251994401216506958e-02 2.875855751335620880e-02 1.920805126428604126e-02 1.902160607278347015e-02 6.857256870716810226e-03 4.649372771382331848e-03 2.479053288698196411e-02 4.891306161880493164e-03 9.021325036883354187e-03 5.748631060123443604e-02 1.736373454332351685e-02 2.083695307374000549e-02 1.014356594532728195e-02 4.999523051083087921e-03 1.254798937588930130e-02 1.658968441188335419e-02 1.532205101102590561e-02 1.054644677788019180e-02 7.848739041946828365e-04 2.144581079483032227e-02 3.950166702270507812e-02 1.224395725876092911e-02 1.198075246065855026e-02 5.872917827218770981e-03 1.614413573406636715e-03 1.372833829373121262e-02 3.102878853678703308e-02 9.533489122986793518e-03 8.593501523137092590e-03 6.107804831117391586e-03 1.462490763515233994e-02 2.275151386857032776e-02 1.141638867557048798e-02 7.825797423720359802e-03 1.755606755614280701e-02 3.312128782272338867e-02 1.905736885964870453e-02 1.691629365086555481e-02 2.039639977738261223e-03 7.037905510514974594e-03 9.828550741076469421e-03 5.430583842098712921e-03 9.231252595782279968e-03 1.781147532165050507e-02 2.985040890052914619e-03 1.547331223264336586e-03 6.250925362110137939e-03 5.334069021046161652e-03 2.399118529865518212e-04 1.290729641914367676e-02 4.398044198751449585e-03 7.249084766954183578e-03 1.632516644895076752e-02 4.781294614076614380e-03 2.818897133693099022e-03 1.338896714150905609e-02 1.168834418058395386e-02 1.972681842744350433e-02 2.424102276563644409e-02 2.693904377520084381e-02 3.045548684895038605e-03
9.413836523890495300e-03 4.148118942975997925e-02 6.299850996583700180e-03 1.890470623038709164e-03 2.317482419312000275e-02 2.567106857895851135e-02 9.564981795847415924e-03 7.550054229795932770e-03 1.459037046879529953e-02 6.533546373248100281e-03 3.875996218994259834e-03 8.173217773437500000e-01 3.073732368648052216e-02 9.029897302389144897e-02 1.532193738967180252e-03 1.551339030265808105e-02 3.381234710104763508e-04 1.382675580680370331e-02 1.525274012237787247e-02 7.556703407317399979e-03 1.619172096252441406e-02 5.898778326809406281e-03 2.900240384042263031e-02 2.181134186685085297e-02 1.022038608789443970e-02 3.579007834196090698e-02 1.736331544816493988e-02 2.885445207357406616e-02 2.076065726578235626e-02 2.456684969365596771e-02 1.261421106755733490e-02 2.299455925822257996e-02 6.002801470458507538e-03 1.147614419460296631e-02 2.329249493777751923e-02 7.450653705745935440e-03 1.690016128122806549e-03 4.843247588723897934e-03 2.816719003021717072e-02 1.582857221364974976e-02 2.524283900856971741e-02 1.619250886142253876e-02 2.450224757194519043e-02 6.809404585510492325e-04 3.677120059728622437e-02 3.047010675072669983e-02 6.655215285718441010e-03 5.903722718358039856e-03 1.357624400407075882e-02 1.119293458759784698e-02 9.175519458949565887e-03 3.055733628571033478e-03 1.225631684064865112e-02 2.661124989390373230e-02 4.429779946804046631e-03 1.252737082540988922e-02 5.810459144413471222e-03 2.728104218840599060e-02 3.280084952712059021e-02 1.489155739545822144e-02 2.261329069733619690e-02 2.987501583993434906e-02 3.601054847240447998e-02 1.719225011765956879e-02 8.059423416852951050e-03 2.623433433473110199e-02 3.277533128857612610e-02 1.559110172092914581e-02 5.064073950052261353e-03 5.753993522375822067e-03 4.789311904460191727e-03 1.171058416366577148e-02 1.611243747174739838e-02 1.135335117578506470e-02 1.143263769336044788e-03 8.149304776452481747e-04 2.393654361367225647e-02 2.149668522179126740e-02 2.056356891989707947e-02 1.453473418951034546e-02 6.904070731252431870e-03 1.060189306735992432e-02 2.005419693887233734e-02 1.088711991906166077e-02 3.160033142194151878e-03 7.541032973676919937e-03 1.304518338292837143e-02 1.369936950504779816e-02 2.936494722962379456e-02 6.205213256180286407e-03 8.697980083525180817e-03 1.962575688958168030e-02 1.493398286402225494e-02 2.195539325475692749e-02 1.568350940942764282e-03 3.766326117329299450e-04 1.261402573436498642e-02 3.078424837440252304e-03 2.019236271735280752e-04 1.641565002501010895e-03 2.159363124519586563e-03 4.376859214971773326e-05 2.766906109172850847e-04 8.025140501558780670e-03 6.126631516963243484e-03 1.560564246028661728e-02 3.130403812974691391e-03 2.634408883750438690e-03 1.804199628531932831e-02 2.396884607151150703e-03 8.357501588761806488e-03 3.742197761312127113e-03 6.916241254657506943e-03 1.696674153208732605e-03 7.527119945734739304e-03 1.177412923425436020e-02
1.916318386793136597e-02 6.272445619106292725e-02 5.876965355128049850e-03 2.611495740711688995e-02 2.790827071294188499e-03 9.484335780143737793e-03 2.878345176577568054e-02 4.669370129704475403e-03 5.690580233931541443e-03 1.459371019154787064e-02 3.203070536255836487e-02 3.073732368648052216e-02 8.173217773437500000e-01 3.423075005412101746e-02 2.318570204079151154e-02 2.446333132684230804e-02 1.316827256232500076e-02 6.639266852289438248e-03 7.358626928180456161e-03 1.187652815133333206e-02 1.629828847944736481e-02 9.413815103471279144e-03 3.184525063261389732e-03 5.090691047371365130e-05 7.159025408327579498e-03 2.742010354995727539e-02 5.139544140547513962e-03 6.180368829518556595e-03 2.044242108240723610e-03 2.079158835113048553e-02 5.777744948863983154e-02 3.136671707034111023e-02 1.957618445158004761e-02 1.552693452686071396e-02 1.147242728620767593e-02 4.463322460651397705e-03 2.099147439002990723e-02 2.575538307428359985e-02 6.433031521737575531e-03 2.132214978337287903e-02 4.637474194169044495e-02 2.700796118006110191e-03 3.529704699758440256e-04 1.499589346349239349e-02 1.472282037138938904e-02 4.401807114481925964e-02 3.820014744997024536e-02 2.960652485489845276e-02 5.614857655018568039e-03 2.181339186790864915e-05 2.361863851547241211e-03 2.423682715743780136e-03 3.535853698849678040e-03 1.046363264322280884e-02 1.300027128309011459e-02 3.340839641168713570e-03 1.574030518531799316e-02 2.198852226138114929e-02 1.076073478907346725e-02 6.755316164344549179e-03 7.404230535030364990e-03 2.046627923846244812e-02 1.779341697692871094e-02 5.842185579240322113e-03 2.057693898677825928e-02 5.103182047605514526e-02 4.239510744810104370e-02 3.278230130672454834e-02 2.792375162243843079e-03 1.644694618880748749e-02 7.773133460432291031e-03 2.238297089934349060e-02 1.413754560053348541e-02 8.659728802740573883e-03 5.257228855043649673e-03 2.711034938693046570e-02 7.303729187697172165e-03 3.546664491295814514e-02 2.742288925219327211e-04 3.810746595263481140e-03 1.741138054057955742e-03 1.051682792603969574e-02 1.182202808558940887e-02 3.636459819972515106e-03 3.154770936816930771e-03 9.703208692371845245e-03 2.445592358708381653e-02 1.172531396150588989e-02 2.791259624063968658e-02 2.298157662153244019e-02 2.411612682044506073e-02 3.458802402019500732e-02 5.581142846494913101e-03 2.579648233950138092e-02 1.380072440952062607e-02 9.965240955352783203e-03 8.509168401360511780e-03 1.442111376672983170e-02 7.077557966113090515e-03 2.799810376018285751e-03 1.272878143936395645e-02 3.666128963232040405e-03 2.997504360973834991e-02 1.287798024713993073e-02 8.326752111315727234e-03 5.054883193224668503e-03 4.754336085170507431e-03 6.726502906531095505e-03 1.577071845531463623e-02 2.153452672064304352e-02 3.961527720093727112e-03 2.261002361774444580e-02 8.701916784048080444e-03 1.947681978344917297e-02 1.140556391328573227e-02 1.530035305768251419e-02
