8.639203310012817383e-01 5.217917636036872864e-02 1.516906637698411942e-02 1.556895149406045675e-04 9.576638229191303253e-03 4.271056130528450012e-02 3.578866273164749146e-02 1.277898345142602921e-02 1.455424912273883820e-02 1.278204843401908875e-02 4.417152330279350281e-02 2.484619431197643280e-02 4.584206640720367432e-02 2.742218784987926483e-02 2.797323837876319885e-02 1.631123386323451996e-02 1.128062792122364044e-02 6.355102959787473083e-05 1.367054507136344910e-02 1.291902083903551102e-02 1.733763702213764191e-02 1.322715729475021362e-02 2.241333760321140289e-02 2.333022840321063995e-02 9.355640970170497894e-03 2.427921816706657410e-02 1.861924305558204651e-02 2.527502737939357758e-02 1.443632785230875015e-02 2.022508159279823303e-02 1.924770511686801910e-02 9.692129679024219513e-03 1.612470299005508423e-02 1.318794768303632736e-02 1.812217570841312408e-02 1.338717248290777206e-02 2.162140980362892151e-02 8.264590986073017120e-03 1.805943436920642853e-02 2.045170776546001434e-02 1.574448309838771820e-02 9.113877080380916595e-03 1.677951589226722717e-02 9.201234206557273865e-03 1.387667190283536911e-02 1.854756101965904236e-02 3.482786938548088074e-02 2.546027861535549164e-02 4.761644173413515091e-03 1.236942131072282791e-02 8.351949043571949005e-03 5.789465503767132759e-04 2.306826785206794739e-02 2.314703352749347687e-02 1.567455381155014038e-02 1.686322689056396484e-02 2.270383201539516449e-02 2.493042871356010437e-02 2.012936212122440338e-02 2.170948311686515808e-02 9.072081185877323151e-03 1.149819605052471161e-02 1.512436848133802414e-02 1.954947784543037415e-02 1.997214369475841522e-02 2.344761416316032410e-02 2.426473191007971764e-03 1.893544010818004608e-02 1.812282018363475800e-02 9.754894301295280457e-03 1.808652468025684357e-02 1.376490574330091476e-02 2.518883533775806427e-02 8.048622868955135345e-03 2.035906538367271423e-02 1.567528955638408661e-02 1.638292334973812103e-02 1.489604637026786804e-02 1.107481680810451508e-02 8.148887194693088531e-03 1.042579393833875656e-02 3.889369836542755365e-04 1.136786025017499924e-02 1.645872928202152252e-02 9.377356618642807007e-03 2.221844159066677094e-02 2.194218523800373077e-02 1.461797021329402924e-02 1.855924353003501892e-02 1.117330789566040039e-02 2.889420278370380402e-02 2.176009677350521088e-02 2.562474645674228668e-02 1.466884184628725052e-02 1.730343699455261230e-02 1.445145625621080399e-02 1.397890970110893250e-02 1.024276483803987503e-03 1.192532596178352833e-03 6.044373381882905960e-03 1.420489326119422913e-02 1.528721209615468979e-02 1.357723213732242584e-02 1.094009168446063995e-02 2.304894663393497467e-02 2.024376392364501953e-02 2.098081819713115692e-02 1.868158206343650818e-02 1.530078426003456116e-02 1.401619333773851395e-02 1.240292843431234360e-02 1.506068091839551926e-02 5.201602354645729065e-03 2.055205591022968292e-02 1.398503035306930542e-02 7.999821566045284271e-03
5.217917636036872864e-02 8.639203310012817383e-01 1.260808482766151428e-02 8.036443032324314117e-03 1.609104685485363007e-02 3.847073391079902649e-02 3.341601043939590454e-02 9.211633354425430298e-03 1.473756786435842514e-02 1.719835028052330017e-02 3.885206207633018494e-02 1.998852379620075226e-02 4.698205739259719849e-02 2.584959380328655243e-02 3.295398876070976257e-02 1.795270666480064392e-02 1.719670370221138000e-02 1.111722202040255070e-03 1.142656616866588593e-02 1.764631085097789764e-02 1.785104535520076752e-02 1.695069484412670135e-02 1.994418725371360779e-02 2.321412228047847748e-02 1.563000492751598358e-02 2.823974750936031342e-02 1.746243052184581757e-02 1.944311521947383881e-02 1.812213286757469177e-02 1.847906224429607391e-02 2.023546583950519562e-02 1.394489873200654984e-02 1.193800661712884903e-02 1.663648337125778198e-02 2.176954038441181183e-02 1.720450632274150848e-02 2.011013031005859375e-02 4.696255549788475037e-03 2.093876153230667114e-02 2.473319694399833679e-02 9.778187610208988190e-03 7.738727144896984100e-03 1.729385368525981903e-02 2.154567651450634003e-02 1.004787068814039230e-02 1.794970408082008362e-02 3.217504173517227173e-02 2.478879317641258240e-02 1.300919149070978165e-02 1.646626368165016174e-02 5.423503927886486053e-03 6.818805821239948273e-03 2.412391453981399536e-02 2.191601693630218506e-02 1.356651075184345245e-02 1.785452105104923248e-02 2.269184030592441559e-02 2.330741845071315765e-02 1.686053164303302765e-02 2.335334196686744690e-02 5.861510057002305984e-03 1.455758698284626007e-02 8.228310383856296539e-03 1.874190010130405426e-02 1.804805919528007507e-02 2.758686244487762451e-02 1.002585794776678085e-02 1.828958280384540558e-02 2.110427618026733398e-02 8.408979512751102448e-03 2.114378847181797028e-02 1.299540232867002487e-02 2.016461081802845001e-02 8.223653770983219147e-03 2.114053443074226379e-02 1.108761131763458252e-02 1.703530922532081604e-02 2.033741772174835205e-02 7.814617827534675598e-03 1.109070051461458206e-02 6.237514782696962357e-03 7.885669474489986897e-04 1.503646373748779297e-02 2.322511002421379089e-02 1.084328722208738327e-02 2.280971966683864594e-02 1.850462704896926880e-02 1.724202558398246765e-02 1.201159413903951645e-02 1.262341905385255814e-02 3.061203844845294952e-02 2.002517506480216980e-02 3.008690662682056427e-02 1.743561215698719025e-02 2.004124224185943604e-02 2.252331934869289398e-02 8.494844660162925720e-03 8.570774458348751068e-03 6.931224372237920761e-03 1.254508644342422485e-02 1.595000363886356354e-02 1.641984097659587860e-02 1.535502169281244278e-02 2.490856917575001717e-03 1.872954145073890686e-02 1.589366607367992401e-02 2.115069702267646790e-02 1.893778704106807709e-02 1.571025326848030090e-02 1.591664366424083710e-02 8.525694720447063446e-03 9.579054079949855804e-03 5.368560552597045898e-03 2.088204026222229004e-02 1.205861475318670273e-02 1.039662025868892670e-02
1.516906637698411942e-02 1.260808482766151428e-02 8.639203310012817383e-01 9.675750508904457092e-03 4.265864845365285873e-03 1.495656184852123260e-02 1.176553778350353241e-02 2.827875129878520966e-02 9.185884147882461548e-03 1.159380842000246048e-02 1.161706447601318359e-02 2.409879304468631744e-02 3.584818914532661438e-03 1.700861193239688873e-02 9.154951199889183044e-03 1.677355356514453888e-02 1.407766900956630707e-02 1.914431713521480560e-02 1.012414507567882538e-02 1.311542093753814697e-02 1.716980338096618652e-02 1.559559628367424011e-02 1.028077490627765656e-02 6.594968494027853012e-03 1.557817962020635605e-02 1.452165655791759491e-02 1.764702983200550079e-02 2.188363112509250641e-02 1.994369784370064735e-03 3.019118681550025940e-02 2.585962181910872459e-03 1.369440555572509766e-02 1.507168915122747421e-02 1.748055592179298401e-02 1.081811822950839996e-02 1.588107645511627197e-02 1.365253049880266190e-02 1.199086313135921955e-03 1.806296641007065773e-03 1.543298363685607910e-03 3.622445976361632347e-03 1.360191404819488525e-02 1.108250860124826431e-02 4.444910958409309387e-02 1.722082123160362244e-02 1.146190147846937180e-02 1.199930533766746521e-02 1.490770932286977768e-02 5.064372438937425613e-03 1.683187857270240784e-02 7.184526417404413223e-03 9.297983488067984581e-04 2.208740077912807465e-02 7.155002560466527939e-03 1.210672874003648758e-02 1.802721060812473297e-02 2.456893771886825562e-02 1.722305640578269958e-02 4.956101533025503159e-03 2.266133902594447136e-03 3.003402613103389740e-02 1.465685293078422546e-02 4.458478651940822601e-03 3.688926575705409050e-03 1.101792603731155396e-02 2.039703074842691422e-03 7.699126377701759338e-03 1.155562885105609894e-02 1.938838884234428406e-02 1.666282769292593002e-03 1.955873705446720123e-02 3.632956882938742638e-03 2.014171890914440155e-02 4.430842120200395584e-03 1.827326603233814240e-02 6.465298589318990707e-03 1.543173752725124359e-02 4.494389519095420837e-03 2.082655578851699829e-02 1.700014807283878326e-02 2.374026365578174591e-02 3.505589067935943604e-02 1.807617954909801483e-03 2.814458217471837997e-03 3.444902598857879639e-03 9.003420360386371613e-03 1.029873033985495567e-03 8.331544697284698486e-03 2.231927774846553802e-02 1.946875639259815216e-02 1.658761315047740936e-02 3.007250139489769936e-03 1.120651140809059143e-02 2.846466377377510071e-04 1.178840268403291702e-02 1.051288470625877380e-02 1.193695119582116604e-03 1.244412735104560852e-02 1.167048420757055283e-02 4.125576000660657883e-03 1.435751933604478836e-02 1.285942457616329193e-02 1.159702893346548080e-02 1.879286370240151882e-03 6.115338765084743500e-03 2.365438267588615417e-03 3.946289420127868652e-03 7.457306608557701111e-03 8.641720749437808990e-03 9.319414966739714146e-04 2.127210982143878937e-02 1.097397878766059875e-02 1.020786259323358536e-02 1.120670139789581299e-02 8.007477037608623505e-03 1.631730981171131134e-02
1.556895149406045675e-04 8.036443032324314117e-03 9.675750508904457092e-03 8.639203310012817383e-01 9.382672607898712158e-02 9.463320486247539520e-03 1.043930742889642715e-02 1.734690181910991669e-02 1.861445838585495949e-03 1.082529686391353607e-02 1.065814774483442307e-02 1.744956895709037781e-02 2.371556591242551804e-03 2.289053052663803101e-03 3.733420046046376228e-03 8.337425999343395233e-03 1.235028728842735291e-03 1.645628362894058228e-02 9.376738220453262329e-03 7.221003063023090363e-03 1.376515068113803864e-02 4.306122194975614548e-03 5.427664611488580704e-03 2.006958937272429466e-03 5.634880624711513519e-03 8.055813610553741455e-03 7.669475395232439041e-03 1.094219833612442017e-02 1.590617001056671143e-02 4.030389711260795593e-03 1.695439778268337250e-02 9.711788967251777649e-03 6.601571105420589447e-03 6.780954077839851379e-03 2.028844133019447327e-02 2.227835357189178467e-04 3.180843079462647438e-03 5.891090724617242813e-03 6.020995602011680603e-02 4.943085461854934692e-02 6.702407263219356537e-03 5.558938719332218170e-03 1.000239979475736618e-02 2.155313827097415924e-02 2.317221835255622864e-02 5.808528512716293335e-04 1.115534920245409012e-02 9.918714873492717743e-03 5.429462064057588577e-03 6.284075323492288589e-03 4.838887136429548264e-03 1.859048753976821899e-02 1.487196888774633408e-02 1.953506469726562500e-02 1.199754886329174042e-03 7.119670975953340530e-03 1.394344493746757507e-02 1.239912398159503937e-02 1.670431718230247498e-02 2.982947230339050293e-02 4.577779036480933428e-04 2.477553859353065491e-02 2.489388175308704376e-02 1.956145837903022766e-02 1.192696276120841503e-03 1.944026537239551544e-02 3.412055782973766327e-03 1.843723282217979431e-02 8.659477345645427704e-03 1.463452586904168129e-03 1.471006125211715698e-02 6.380042992532253265e-03 2.898970618844032288e-02 1.971761696040630341e-03 4.002131149172782898e-02 1.242329482920467854e-03 1.386508159339427948e-02 1.279329881072044373e-02 9.722096845507621765e-03 8.604310452938079834e-03 1.932156272232532501e-02 3.537487238645553589e-02 3.084311075508594513e-02 4.143043607473373413e-02 1.474928483366966248e-02 7.044909056276082993e-03 2.808982972055673599e-03 1.125592086464166641e-02 6.823121570050716400e-03 6.341569591313600540e-03 3.195295808836817741e-03 1.532906549982726574e-03 1.504391984781250358e-04 1.571117318235337734e-03 7.361789233982563019e-03 4.809128120541572571e-03 2.493808045983314514e-02 2.413443848490715027e-02 1.397384516894817352e-02 2.084207534790039062e-02 2.169747138395905495e-03 5.003921221941709518e-03 8.047914132475852966e-03 1.016670279204845428e-02 2.054276689887046814e-02 1.286795455962419510e-02 9.600808843970298767e-03 4.693896695971488953e-02 3.171314019709825516e-03 2.956634201109409332e-02 8.411504328250885010e-03 2.974814502522349358e-03 2.388250268995761871e-02 2.675691153854131699e-03 9.569072164595127106e-03 1.621515862643718719e-02
9.576638229191303253e-03 1.609104685485363007e-02 4.265864845365285873e-03 9.382672607898712158e-02 8.639203310012817383e-01 1.234185416251420975e-03 2.211219631135463715e-03 1.837041601538658142e-02 7.421763613820075989e-03 4.615059122443199158e-03 1.806424930691719055e-03 4.053032025694847107e-03 1.041813660413026810e-02 6.464804988354444504e-03 1.197102665901184082e-02 2.558154519647359848e-03 1.152404025197029114e-02 3.019617637619376183e-03 2.621328644454479218e-02 3.287863451987504959e-03 4.524026997387409210e-03 4.790353123098611832e-03 2.844116417691111565e-03 7.269804365932941437e-03 3.372556995600461960e-03 2.354995720088481903e-02 3.875544760376214981e-03 6.468705367296934128e-03 1.803208142518997192e-02 1.931070350110530853e-03 2.483581937849521637e-02 2.909705508500337601e-03 1.402982417494058609e-02 7.013762369751930237e-04 2.603257261216640472e-02 9.522898122668266296e-03 1.122204493731260300e-02 8.614806458353996277e-03 5.844943970441818237e-02 5.522342398762702942e-02 3.025971585884690285e-03 3.584657097235321999e-03 5.900309770368039608e-04 2.873902581632137299e-02 1.130834966897964478e-02 1.041497662663459778e-02 7.452028803527355194e-04 8.131313370540738106e-04 1.303162612020969391e-02 2.937466604635119438e-03 4.598809871822595596e-03 2.072661370038986206e-02 2.412484027445316315e-02 2.630467154085636139e-02 8.872898295521736145e-03 8.246149867773056030e-03 2.064382657408714294e-02 2.474162355065345764e-02 1.851553656160831451e-02 3.033880144357681274e-02 9.225377812981605530e-03 3.255729004740715027e-02 2.602843008935451508e-02 2.180649898946285248e-02 7.217375561594963074e-03 2.570062130689620972e-02 4.413629882037639618e-03 9.397517889738082886e-03 1.455854717642068863e-02 2.334292978048324585e-03 2.408019825816154480e-02 1.213512476533651352e-02 3.303289785981178284e-02 5.195498670218512416e-05 4.820935428142547607e-02 2.775799948722124100e-03 2.069570869207382202e-02 1.796750165522098541e-02 1.343601848930120468e-03 2.432942157611250877e-03 1.857428252696990967e-02 3.151391819119453430e-02 3.287364169955253601e-02 4.678850248456001282e-02 4.951871465891599655e-03 5.533210933208465576e-03 4.083285573869943619e-03 1.298919599503278732e-02 7.177881343523040414e-05 8.603935129940509796e-04 7.395286113023757935e-03 4.223232623189687729e-03 1.000436209142208099e-02 5.923229269683361053e-03 1.951856538653373718e-02 2.360768802464008331e-02 2.090219594538211823e-02 2.818338014185428619e-02 1.857784576714038849e-02 2.396599575877189636e-02 7.254519499838352203e-03 8.799413219094276428e-03 9.833944204729050398e-05 1.295871380716562271e-02 2.200470492243766785e-02 1.626312918961048126e-02 1.629652082920074463e-02 4.493672773241996765e-02 5.171733908355236053e-03 3.271947056055068970e-02 3.231735026929527521e-04 7.527432870119810104e-03 9.505487978458404541e-03 1.018851995468139648e-02 2.805567812174558640e-03 1.876541040837764740e-02
4.271056130528450012e-02 3.847073391079902649e-02 1.495656184852123260e-02 9.463320486247539520e-03 1.234185416251420975e-03 8.639203310012817383e-01 5.493626743555068970e-02 1.185219921171665192e-02 1.614324003458023071e-02 2.264522202312946320e-02 3.471137955784797668e-02 3.989216685295104980e-02 3.495415672659873962e-02 4.060896486043930054e-02 2.071186155080795288e-02 2.785497158765792847e-02 2.068389020860195160e-02 1.025180518627166748e-02 1.562128216028213501e-02 1.302088797092437744e-02 2.262580022215843201e-02 1.730853319168090820e-02 3.244793787598609924e-02 3.695782274007797241e-02 6.985301617532968521e-03 1.544132642447948456e-02 1.627208292484283447e-02 3.348377719521522522e-02 9.454989805817604065e-03 2.395433187484741211e-02 5.824143532663583755e-03 1.648368127644062042e-02 1.753358542919158936e-02 1.712103374302387238e-02 8.504060097038745880e-03 9.503423236310482025e-03 2.042156457901000977e-02 1.171316672116518021e-02 9.411700069904327393e-03 1.221104059368371964e-02 8.219708688557147980e-03 9.060707525350153446e-04 1.169377844780683517e-02 7.613379042595624924e-03 1.574371941387653351e-02 1.984789036214351654e-02 4.768369719386100769e-02 3.559924662113189697e-02 9.710191516205668449e-04 1.544871367514133453e-02 1.469936314970254898e-02 5.350624676793813705e-03 7.185717113316059113e-03 1.585857383906841278e-02 4.269505385309457779e-03 1.428962778300046921e-02 2.416953071951866150e-02 2.496553584933280945e-02 1.228577177971601486e-02 1.091488730162382126e-02 5.435992497950792313e-03 2.934876363724470139e-03 9.115123189985752106e-03 9.240251965820789337e-03 1.703205704689025879e-02 1.811258494853973389e-02 2.142185403499752283e-04 2.207875065505504608e-02 1.915494352579116821e-02 1.246809028089046478e-02 1.768894307315349579e-02 7.176721468567848206e-03 2.425892092287540436e-02 1.456764806061983109e-02 1.701404340565204620e-02 1.581561565399169922e-02 1.274954155087471008e-02 1.537798997014760971e-02 1.392214372754096985e-02 1.572835072875022888e-02 5.735189188271760941e-03 1.264332095161080360e-03 1.535661704838275909e-02 1.609584689140319824e-02 8.660896681249141693e-03 2.363724634051322937e-02 1.356434356421232224e-02 2.026301994919776917e-02 2.079786546528339386e-02 2.679082192480564117e-02 2.814685925841331482e-02 2.098300680518150330e-02 2.901847660541534424e-02 1.501667033880949020e-02 1.903812400996685028e-02 1.329967193305492401e-02 2.451879158616065979e-02 1.548365224152803421e-02 6.664589163847267628e-04 4.986272659152746201e-03 1.575828529894351959e-02 1.085275784134864807e-02 2.037195255979895592e-03 2.180508524179458618e-02 2.354268729686737061e-02 1.201782282441854477e-02 2.133623138070106506e-02 1.731812395155429840e-02 1.191082596778869629e-02 9.350481443107128143e-03 4.476935602724552155e-03 8.428435772657394409e-03 2.958296099677681923e-03 1.344323065131902695e-02 6.731276400387287140e-03 5.983406677842140198e-03
3.578866273164749146e-02 3.341601043939590454e-02 1.176553778350353241e-02 1.043930742889642715e-02 2.211219631135463715e-03 5.493626743555068970e-02 8.639203310012817383e-01 1.413937658071517944e-02 1.877591013908386230e-02 2.603063546121120453e-02 3.595426678657531738e-02 3.452063351869583130e-02 3.093402460217475891e-02 3.912783041596412659e-02 1.459952630102634430e-02 2.316660806536674500e-02 1.634669862687587738e-02 5.219242069870233536e-03 1.736829802393913269e-02 9.584646672010421753e-03 2.159506455063819885e-02 1.997525058686733246e-02 3.154106065630912781e-02 3.616330400109291077e-02 6.527172401547431946e-03 1.656844466924667358e-02 1.582703366875648499e-02 2.465826645493507385e-02 1.794777624309062958e-02 1.864757016301155090e-02 1.226636487990617752e-02 1.337456516921520233e-02 1.793212071061134338e-02 1.830561272799968719e-02 9.915921837091445923e-03 8.130001835525035858e-03 2.220414392650127411e-02 1.506791170686483383e-02 1.799834310077130795e-03 8.266432210803031921e-03 1.112886238843202591e-02 8.828086778521537781e-03 1.844153739511966705e-02 2.729011699557304382e-03 2.549562416970729828e-02 3.088451176881790161e-02 4.765358194708824158e-02 4.686021432280540466e-02 2.231438411399722099e-03 2.164790220558643341e-02 1.240487676113843918e-03 5.201380699872970581e-03 1.038841996341943741e-02 1.798599772155284882e-02 3.378977999091148376e-03 2.076290920376777649e-02 1.782520487904548645e-02 2.718905173242092133e-02 1.556208170950412750e-02 1.248127780854701996e-02 4.527266602963209152e-03 1.095489691942930222e-02 1.285093463957309723e-02 1.171896513551473618e-02 2.490444481372833252e-02 2.160576730966567993e-02 5.318987183272838593e-03 2.193853259086608887e-02 1.999250426888465881e-02 2.224417589604854584e-02 2.005497924983501434e-02 8.926455862820148468e-03 1.719887368381023407e-02 1.869759894907474518e-02 1.587396301329135895e-02 8.746689185500144958e-03 1.468262355774641037e-02 2.146449871361255646e-02 1.797588914632797241e-02 2.185408212244510651e-02 9.873046539723873138e-03 3.129412420094013214e-03 6.001192145049571991e-03 1.288851629942655563e-02 9.982840158045291901e-03 2.425387129187583923e-02 1.349620521068572998e-02 1.816070452332496643e-02 1.449529733508825302e-02 2.859995327889919281e-02 3.049614652991294861e-02 2.549126185476779938e-02 3.511274233460426331e-02 1.846058294177055359e-02 1.316042616963386536e-02 6.054405588656663895e-03 2.855675667524337769e-02 7.588507141917943954e-03 7.504091132432222366e-03 1.334070786833763123e-02 1.399446185678243637e-02 1.287932228296995163e-02 3.354988293722271919e-03 2.459159865975379944e-02 2.197898924350738525e-02 1.708790101110935211e-02 1.934774033725261688e-02 1.642007753252983093e-02 1.430747658014297485e-02 1.718001067638397217e-02 3.667938057333230972e-03 7.472851313650608063e-03 8.369026705622673035e-03 1.788834854960441589e-02 1.228673383593559265e-02 1.305611990392208099e-02
1.277898345142602921e-02 9.211633354425430298e-03 2.827875129878520966e-02 1.734690181910991669e-02 1.837041601538658142e-02 1.185219921171665192e-02 1.413937658071517944e-02 8.639203310012817383e-01 4.178080242127180099e-03 7.642601151019334793e-03 2.071531116962432861e-02 1.997691579163074493e-03 2.114859223365783691e-02 6.526686716824769974e-03 2.412722818553447723e-02 2.238190034404397011e-03 3.529347013682126999e-03 7.651477120816707611e-03 2.265963330864906311e-02 6.581714260391891003e-04 1.638556085526943207e-02 3.712543845176696777e-02 1.176084205508232117e-02 1.314858812838792801e-02 2.071995288133621216e-03 1.499379239976406097e-02 2.771858125925064087e-02 8.205143734812736511e-03 2.069681510329246521e-02 4.539492074400186539e-03 2.895681560039520264e-02 9.154197759926319122e-03 1.472029928117990494e-02 1.481492072343826294e-02 4.848057869821786880e-03 9.168444201350212097e-03 2.188740298151969910e-02 2.558059617877006531e-02 2.257968671619892120e-02 2.878399007022380829e-02 2.568355202674865723e-02 1.233071554452180862e-02 1.780533231794834137e-02 8.999970741569995880e-03 6.660982035100460052e-03 5.945533979684114456e-03 7.330001797527074814e-03 8.895715698599815369e-03 2.481946954503655434e-03 1.751040853559970856e-02 7.602447643876075745e-03 8.865287527441978455e-03 9.968518279492855072e-03 3.462360054254531860e-02 3.759030718356370926e-03 1.044826488941907883e-02 5.961279850453138351e-03 2.251432649791240692e-02 3.455784171819686890e-02 3.438302129507064819e-02 2.556194784119725227e-03 1.131147518754005432e-02 2.937240712344646454e-02 2.013658173382282257e-02 1.854267343878746033e-02 2.660391293466091156e-02 3.464860841631889343e-03 1.433450076729059219e-02 6.268767639994621277e-03 1.914229616522789001e-02 9.391892701387405396e-03 1.593039184808731079e-02 9.176191873848438263e-03 2.808322012424468994e-02 9.401450864970684052e-03 1.199776073917746544e-03 1.009973790496587753e-02 2.574681537225842476e-03 3.291028784587979317e-03 8.064300753176212311e-03 6.437169015407562256e-02 5.793447420001029968e-02 3.618440125137567520e-03 1.091538555920124054e-02 8.488156832754611969e-03 1.297850068658590317e-02 3.853574022650718689e-02 3.713310137391090393e-02 1.857106224633753300e-03 4.808234050869941711e-03 2.910956507548689842e-03 2.568917535245418549e-02 7.670810446143150330e-03 2.865199372172355652e-02 4.551787395030260086e-03 4.312349483370780945e-04 7.057930342853069305e-03 1.073543448001146317e-02 4.169865977019071579e-03 1.487140636891126633e-02 9.191402234137058258e-03 1.697698980569839478e-02 1.313268323428928852e-03 1.619171351194381714e-02 3.543325513601303101e-02 3.846974298357963562e-02 1.978114247322082520e-02 2.943586185574531555e-02 2.630048617720603943e-02 3.281505778431892395e-02 2.887820126488804817e-03 2.072975039482116699e-02 8.866430260241031647e-03 1.299060881137847900e-02 6.500897463411092758e-03 1.698079705238342285e-02
1.455424912273883820e-02 1.473756786435842514e-02 9.185884147882461548e-03 1.861445838585495949e-03 7.421763613820075989e-03 1.614324003458023071e-02 1.877591013908386230e-02 4.178080242127180099e-03 8.639203310012817383e-01 4.326630011200904846e-02 1.190637610852718353e-02 3.732821345329284668e-02 6.592315621674060822e-03 3.812839463353157043e-02 3.751226933673024178e-03 1.786344125866889954e-02 1.945512369275093079e-02 9.103997610509395599e-03 3.093556500971317291e-03 6.794444634579122066e-04 6.169368512928485870e-03 2.011057222262024879e-03 3.212216123938560486e-02 3.173295035958290100e-02 2.154852030798792839e-03 5.094273481518030167e-03 2.023606793954968452e-03 2.400565519928932190e-02 8.565475232899188995e-03 2.156309783458709717e-02 9.734976105391979218e-03 6.906437687575817108e-03 4.208407830446958542e-03 9.804049041122198105e-04 3.238913370296359062e-03 1.577617041766643524e-02 6.561924703419208527e-03 9.980216855183243752e-04 6.268952507525682449e-03 2.461920026689767838e-03 1.238018646836280823e-02 4.104483127593994141e-02 2.875586412847042084e-02 4.732332192361354828e-03 3.789570182561874390e-02 3.329066559672355652e-02 2.088563889265060425e-02 2.374862134456634521e-02 1.777295395731925964e-02 2.103176526725292206e-02 2.504068613052368164e-02 4.041262343525886536e-02 8.162731304764747620e-03 8.202203898690640926e-04 3.220218047499656677e-02 2.529283799231052399e-02 1.537604536861181259e-02 1.727040112018585205e-02 6.075109820812940598e-03 1.598095754161477089e-03 2.350068651139736176e-03 1.717236079275608063e-02 2.268741093575954437e-02 2.034093067049980164e-02 1.966605894267559052e-02 8.523346856236457825e-03 1.110334787517786026e-02 2.022202359512448311e-03 5.168959498405456543e-02 8.439065888524055481e-03 5.131871625781059265e-02 1.027154643088579178e-02 6.374683231115341187e-03 2.788079204037785530e-03 2.157569304108619690e-02 1.501353178173303604e-02 6.019501015543937683e-02 5.253012105822563171e-02 4.337384924292564392e-02 2.781867235898971558e-02 1.891547464765608311e-03 1.337101496756076813e-02 1.255631726235151291e-02 9.880561381578445435e-03 4.037387203425168991e-03 1.197440922260284424e-02 7.429886609315872192e-03 1.383516704663634300e-03 4.500117897987365723e-02 3.647140040993690491e-02 2.060476318001747131e-02 1.029915735125541687e-02 2.361385710537433624e-02 7.784514222294092178e-03 4.535251355264335871e-04 4.763084929436445236e-03 1.127529051154851913e-02 2.603299217298626900e-03 4.014008492231369019e-02 3.432676196098327637e-02 8.018548600375652313e-03 5.485450383275747299e-03 1.425673253834247589e-02 7.383155170828104019e-03 3.452362259849905968e-03 7.432225160300731659e-03 7.670816034078598022e-03 1.444934215396642685e-02 1.010975614190101624e-02 1.161184255033731461e-02 2.673772862181067467e-03 1.049590483307838440e-02 2.522278949618339539e-02 2.775432541966438293e-02 1.057194173336029053e-02 1.342221349477767944e-02
1.278204843401908875e-02 1.719835028052330017e-02 1.159380842000246048e-02 1.082529686391353607e-02 4.615059122443199158e-03 2.264522202312946320e-02 2.603063546121120453e-02 7.642601151019334793e-03 4.326630011200904846e-02 8.639203310012817383e-01 2.181961573660373688e-02 3.194465115666389465e-02 1.610433124005794525e-02 3.598568215966224670e-02 8.573363535106182098e-03 2.286391705274581909e-02 2.315091714262962341e-02 1.229566615074872971e-02 1.675386168062686920e-02 1.272421143949031830e-02 1.209576241672039032e-02 1.364790741354227066e-02 3.024089708924293518e-02 3.355262055993080139e-02 1.474019605666399002e-02 9.195548482239246368e-03 1.020164135843515396e-02 2.046447992324829102e-02 9.374471381306648254e-03 2.236445061862468719e-02 8.920359425246715546e-03 1.356613542884588242e-02 5.909656174480915070e-03 1.403368636965751648e-02 5.299087613821029663e-03 1.557645201683044434e-02 1.330771576613187790e-02 1.610506325960159302e-02 1.527053769677877426e-02 8.076781406998634338e-03 1.197873242199420929e-02 2.756264247000217438e-02 3.099276684224605560e-02 1.997662335634231567e-02 3.426823765039443970e-02 2.898141741752624512e-02 2.354084514081478119e-02 2.670322917401790619e-02 1.419021375477313995e-02 3.617952764034271240e-02 1.089338306337594986e-02 1.873650215566158295e-02 1.020778343081474304e-02 3.044302109628915787e-03 1.413924992084503174e-02 2.576265297830104828e-02 1.336208730936050415e-02 1.622251607477664948e-02 1.227321755141019821e-02 3.292496781796216965e-03 7.115216576494276524e-04 1.565019972622394562e-02 8.893136400729417801e-04 9.738325141370296478e-03 2.317348495125770569e-02 1.204155664891004562e-02 2.288436749950051308e-03 1.339065283536911011e-02 3.849028423428535461e-02 2.047695405781269073e-02 3.901068493723869324e-02 1.242596842348575592e-02 2.663938328623771667e-03 1.219674013555049896e-02 1.542964670807123184e-02 3.357082838192582130e-03 2.500190772116184235e-02 4.552285373210906982e-02 3.607122227549552917e-02 4.025926440954208374e-02 5.214639473706483841e-03 1.872555166482925415e-02 7.879916578531265259e-03 1.728649623692035675e-02 1.061357650905847549e-02 2.267015166580677032e-02 1.567516662180423737e-02 3.068163292482495308e-03 3.480768576264381409e-02 4.835810884833335876e-02 1.225983165204524994e-02 2.609139122068881989e-02 2.110278047621250153e-02 2.031629718840122223e-02 4.959813784807920456e-03 1.823226106353104115e-03 7.598337717354297638e-03 1.038812566548585892e-02 2.248521521687507629e-02 2.254963479936122894e-02 9.721820242702960968e-03 1.544495765119791031e-02 1.323624607175588608e-02 7.191623095422983170e-03 1.698709966149181128e-04 5.122301168739795685e-03 1.245742547325789928e-03 7.232432719320058823e-03 1.745187491178512573e-02 1.039137318730354309e-02 1.031339541077613831e-02 8.728929795324802399e-03 1.853875443339347839e-02 2.312245592474937439e-02 5.726976320147514343e-03 2.049251273274421692e-02
4.417152330279350281e-02 3.885206207633018494e-02 1.161706447601318359e-02 1.065814774483442307e-02 1.806424930691719055e-03 3.471137955784797668e-02 3.595426678657531738e-02 2.071531116962432861e-02 1.190637610852718353e-02 2.181961573660373688e-02 8.639203310012817383e-01 2.231991663575172424e-02 4.388778656721115112e-02 2.713517472147941589e-02 2.726663649082183838e-02 1.272861845791339874e-02 7.768128532916307449e-03 2.105098450556397438e-03 1.970445178449153900e-02 1.153651718050241470e-02 2.669069357216358185e-02 2.615693956613540649e-02 2.610885724425315857e-02 2.627642452716827393e-02 9.585225954651832581e-03 2.056385390460491180e-02 2.660631760954856873e-02 2.267303876578807831e-02 2.339512668550014496e-02 2.180656790733337402e-02 1.959874853491783142e-02 1.511551067233085632e-02 1.813581585884094238e-02 2.461542561650276184e-02 1.302489731460809708e-02 1.552794594317674637e-02 2.699660323560237885e-02 2.322603017091751099e-02 3.329924074932932854e-04 9.603884071111679077e-03 2.292895317077636719e-02 1.276734936982393265e-02 2.364686131477355957e-02 2.889373339712619781e-03 1.323930546641349792e-02 1.672745868563652039e-02 2.776869013905525208e-02 2.518352866172790527e-02 4.442554200068116188e-04 2.451843395829200745e-02 7.357057649642229080e-03 2.054817276075482368e-03 2.518866024911403656e-02 2.539539895951747894e-02 1.176510192453861237e-02 2.222331613302230835e-02 1.690745912492275238e-02 2.681907452642917633e-02 2.982419915497303009e-02 2.311179228127002716e-02 1.511336304247379303e-02 1.740658096969127655e-02 1.509295776486396790e-02 1.996304094791412354e-02 3.350516036152839661e-02 2.982845343649387360e-02 1.385478535667061806e-03 2.751111052930355072e-02 1.222053356468677521e-02 2.220834232866764069e-02 1.080464944243431091e-02 2.031083218753337860e-02 1.279944740235805511e-02 1.836402900516986847e-02 1.209562830626964569e-02 1.851516216993331909e-02 2.835634630173444748e-03 1.051120366901159286e-02 1.446941588073968887e-02 1.709186658263206482e-02 2.019859477877616882e-02 4.732703324407339096e-03 1.222757389768958092e-03 8.271153084933757782e-03 1.123747974634170532e-02 2.307705208659172058e-02 3.115570917725563049e-02 2.008279785513877869e-02 1.793793588876724243e-02 1.955297216773033142e-02 1.819281280040740967e-02 3.427390381693840027e-02 1.863208971917629242e-02 2.803976088762283325e-02 1.126965042203664780e-03 2.428364678053185344e-04 1.874847523868083954e-02 4.075903911143541336e-03 3.311842447146773338e-03 9.584578685462474823e-03 1.635930500924587250e-02 2.462222054600715637e-02 2.089697495102882385e-02 2.394742891192436218e-02 2.297289296984672546e-02 2.801247313618659973e-02 1.805237121880054474e-02 1.294564921408891678e-02 2.659687772393226624e-02 1.903147995471954346e-02 2.048352360725402832e-02 2.446287870407104492e-02 1.037702523171901703e-02 1.971359364688396454e-02 2.206115797162055969e-02 1.850461959838867188e-02
2.484619431197643280e-02 1.998852379620075226e-02 2.409879304468631744e-02 1.744956895709037781e-02 4.053032025694847107e-03 3.989216685295104980e-02 3.452063351869583130e-02 1.997691579163074493e-03 3.732821345329284668e-02 3.194465115666389465e-02 2.231991663575172424e-02 8.639203310012817383e-01 1.284932810813188553e-02 5.348126217722892761e-02 8.656416088342666626e-03 2.727334201335906982e-02 2.298663184046745300e-02 1.776861585676670074e-02 9.744508191943168640e-03 1.433021295815706253e-02 7.662801072001457214e-03 5.452729295939207077e-03 3.794139251112937927e-02 3.283905610442161560e-02 1.310466323047876358e-02 5.797743331640958786e-03 1.240854058414697647e-02 5.109577625989913940e-02 8.559789275750517845e-04 4.449185356497764587e-02 4.359490703791379929e-03 1.802817732095718384e-02 2.149552479386329651e-02 9.553513489663600922e-03 7.515411358326673508e-03 1.601210981607437134e-02 1.616078242659568787e-02 7.278559729456901550e-03 1.123642455786466599e-02 9.219949133694171906e-03 1.328991353511810303e-02 1.546453405171632767e-02 2.022625133395195007e-02 8.940860279835760593e-04 3.275420889258384705e-02 2.985174022614955902e-02 3.651871532201766968e-02 3.055079840123653412e-02 5.734163802117109299e-03 1.492721680551767349e-02 1.073054131120443344e-02 1.833356916904449463e-02 1.158471312373876572e-02 2.089106012135744095e-03 1.994512230157852173e-02 1.973557285964488983e-02 2.548893541097640991e-02 2.310278639197349548e-02 9.194973856210708618e-03 4.232253413647413254e-03 1.904686167836189270e-02 9.330813772976398468e-03 6.676085293292999268e-03 1.424364745616912842e-02 2.035510167479515076e-02 6.922189146280288696e-03 1.066439435817301273e-03 7.298806216567754745e-03 3.268448263406753540e-02 1.701621152460575104e-02 3.047168254852294922e-02 1.487337145954370499e-02 2.399476245045661926e-02 1.799497380852699280e-02 2.290356531739234924e-02 2.975863032042980194e-02 3.407976776361465454e-02 3.145873174071311951e-02 3.219549357891082764e-02 2.678533084690570831e-02 1.058849273249506950e-03 9.523606859147548676e-03 8.962915278971195221e-03 1.934776781126856804e-03 1.289730053395032883e-02 1.902386546134948730e-02 7.464506197720766068e-03 4.216051194816827774e-03 4.165488854050636292e-02 4.134255647659301758e-02 2.738074585795402527e-02 1.327434834092855453e-02 3.124235570430755615e-02 5.870403721928596497e-03 3.160304855555295944e-03 1.495960750617086887e-03 2.607050538063049316e-02 2.359545230865478516e-02 1.504647172987461090e-02 1.199933327734470367e-02 9.466784074902534485e-03 5.593259353190660477e-03 1.216479483991861343e-02 2.267522737383842468e-02 3.679957706481218338e-03 5.801305524073541164e-04 8.872726466506719589e-04 1.605242490768432617e-03 1.728498842567205429e-03 6.241517607122659683e-03 4.945693071931600571e-03 1.466809678822755814e-02 1.633726060390472412e-02 2.555847726762294769e-02 1.667209900915622711e-02 6.838284898549318314e-03
4.584206640720367432e-02 4.698205739259719849e-02 3.584818914532661438e-03 2.371556591242551804e-03 1.041813660413026810e-02 3.495415672659873962e-02 3.093402460217475891e-02 2.114859223365783691e-02 6.592315621674060822e-03 1.610433124005794525e-02 4.388778656721115112e-02 1.284932810813188553e-02 8.639203310012817383e-01 2.097406052052974701e-02 3.928656131029129028e-02 1.123436819761991501e-02 1.059040706604719162e-02 1.571594912093132734e-04 1.659725792706012726e-02 1.862706243991851807e-02 2.146786823868751526e-02 3.091829270124435425e-02 2.052492834627628326e-02 2.397562749683856964e-02 1.444173604249954224e-02 2.382658794522285461e-02 2.787848003208637238e-02 1.022111810743808746e-02 1.617036387324333191e-02 1.413381099700927734e-02 2.121676504611968994e-02 1.661643572151660919e-02 1.078843511641025543e-02 2.193483896553516388e-02 1.568865962326526642e-02 1.965847425162792206e-02 2.577026933431625366e-02 2.003952860832214355e-02 1.739165931940078735e-02 2.225735411047935486e-02 1.692877523601055145e-02 8.864969946444034576e-03 1.639294810593128204e-02 1.925797760486602783e-02 3.285469720140099525e-03 1.429349090903997421e-02 2.736713923513889313e-02 1.916860044002532959e-02 1.134550198912620544e-02 1.934103481471538544e-02 1.641331985592842102e-02 4.137291107326745987e-03 2.230551838874816895e-02 2.737509645521640778e-02 1.180146634578704834e-02 1.432885229587554932e-02 1.703855209052562714e-02 2.203464694321155548e-02 2.315975725650787354e-02 2.591649256646633148e-02 5.847728345543146133e-03 1.371754240244626999e-02 8.853450417518615723e-03 1.537977531552314758e-02 2.235068939626216888e-02 3.450620546936988831e-02 1.319170091301202774e-02 2.369071729481220245e-02 8.054327219724655151e-03 1.502803526818752289e-02 6.399411242455244064e-03 2.207867056131362915e-02 7.972495630383491516e-03 1.365814544260501862e-02 1.058681681752204895e-02 1.541986782103776932e-02 1.645750366151332855e-03 9.740542620420455933e-03 6.429239176213741302e-03 1.227589044719934464e-02 1.478951796889305115e-02 1.218931190669536591e-02 9.498398751020431519e-03 1.605685614049434662e-02 1.442228350788354874e-02 2.553941495716571808e-02 2.791649475693702698e-02 3.304344788193702698e-02 9.711966849863529205e-03 1.207675784826278687e-02 1.892649568617343903e-02 3.123955614864826202e-02 1.832687668502330780e-02 3.356917202472686768e-02 1.136396452784538269e-02 1.670213788747787476e-02 1.193725224584341049e-02 5.359094124287366867e-03 1.085805823095142841e-03 8.295306935906410217e-03 1.850166730582714081e-02 2.287187986075878143e-02 1.617306284606456757e-02 1.594041474163532257e-02 2.101659029722213745e-02 2.074065431952476501e-02 2.127239480614662170e-02 1.576480455696582794e-02 2.040768228471279144e-02 1.786526478826999664e-02 1.700212806463241577e-02 2.276450209319591522e-02 5.951256956905126572e-03 1.638420484960079193e-02 1.410221122205257416e-02 1.992655172944068909e-02
