8.305198550224304199e-01 6.834965944290161133e-02 2.680395916104316711e-02 4.749815445393323898e-03 1.265399716794490814e-02 5.867530032992362976e-02 4.824612289667129517e-02 1.985595189034938812e-02 8.979257196187973022e-03 9.171498939394950867e-03 6.098282709717750549e-02 1.645614020526409149e-02 5.337463319301605225e-02 1.741002127528190613e-02 2.080755494534969330e-02 2.557492442429065704e-02 2.262954786419868469e-02 1.687784306704998016e-02 1.707777380943298340e-02 4.605894442647695541e-03 1.192613621242344379e-03 2.645266428589820862e-02 9.897180832922458649e-03 6.902761757373809814e-03 1.279738266021013260e-03 2.307842019945383072e-03 2.932887896895408630e-02 2.618541568517684937e-02 1.467511709779500961e-02 3.074963577091693878e-02 1.753810793161392212e-02 1.403030939400196075e-03 1.272577419877052307e-02 4.016854800283908844e-03 2.141193300485610962e-02 2.081849984824657440e-02 7.224231027066707611e-03 1.004516519606113434e-02 1.933064311742782593e-03 4.733113455586135387e-04 4.332818556576967239e-03 1.110367942601442337e-02 6.212523672729730606e-03 8.619521744549274445e-03 4.783238749951124191e-03 2.288389578461647034e-02 4.895403981208801270e-02 3.823084756731987000e-02 3.515519900247454643e-03 2.147044753655791283e-03 7.620475720614194870e-03 9.004876017570495605e-03 1.501037552952766418e-02 1.586632430553436279e-02 5.832338705658912659e-03 1.495957188308238983e-02 1.028945576399564743e-02 9.725101408548653126e-04 2.443001419305801392e-02 1.436126604676246643e-02 1.433668774552643299e-03 5.010823253542184830e-03 6.774601060897111893e-03 4.692501854151487350e-03 2.927432581782341003e-02 2.400455437600612640e-02 1.388168241828680038e-02 1.270647905766963959e-02 2.748356573283672333e-02 2.927311696112155914e-02 2.526669949293136597e-02 1.991552300751209259e-02 1.885206997394561768e-02 2.705001831054687500e-02 2.995919436216354370e-02 8.150044828653335571e-03 1.989542879164218903e-02 2.575747668743133545e-02 1.371584553271532059e-02 1.701209321618080139e-02 2.280032634735107422e-02 2.272092178463935852e-02 9.102396667003631592e-03 3.336147172376513481e-03 2.580138109624385834e-02 1.585846953094005585e-02 2.793628163635730743e-02 1.902719400823116302e-02 1.544683892279863358e-02 3.373925341293215752e-03 3.469450026750564575e-02 2.158589474856853485e-02 2.692028880119323730e-02 2.216763794422149658e-02 2.485643140971660614e-02 1.199318934231996536e-02 9.859743528068065643e-03 5.301176570355892181e-04 3.817148040980100632e-03 1.399432774633169174e-02 4.434823524206876755e-03 1.678563188761472702e-03 1.038849633187055588e-02 1.455353340134024620e-03 3.672452876344323158e-03 1.021071430295705795e-02 1.674994453787803650e-02 5.966871976852416992e-03 1.227512955665588379e-02 1.070909760892391205e-02 1.675706915557384491e-02 3.797663142904639244e-03 1.204727496951818466e-02 1.043578237295150757e-02 1.330790203064680099e-02 1.824566163122653961e-02
6.834965944290161133e-02 8.305198550224304199e-01 2.764913998544216156e-02 1.916832290589809418e-03 2.201719582080841064e-02 5.188972875475883484e-02 6.314878165721893311e-02 2.376601845026016235e-02 4.622886772267520428e-04 2.526848344132304192e-03 4.559304565191268921e-02 1.694703474640846252e-02 6.342733651399612427e-02 1.706614531576633453e-02 1.455599069595336914e-02 2.578322403132915497e-02 1.393579877912998199e-02 6.035903468728065491e-03 5.836624652147293091e-03 9.219237603247165680e-03 9.235203266143798828e-03 7.931058295071125031e-03 2.035188861191272736e-02 1.456556655466556549e-02 1.294342335313558578e-02 1.221768278628587723e-02 2.082150056958198547e-02 4.259190056473016739e-03 1.548815052956342697e-03 1.196657679975032806e-02 1.455857418477535248e-02 1.715742237865924835e-02 6.779805757105350494e-03 6.762827746570110321e-03 2.284746803343296051e-02 1.724149100482463837e-02 5.166165647096931934e-04 2.120426157489418983e-03 2.713961526751518250e-03 2.164674922823905945e-03 1.966332271695137024e-02 7.928203791379928589e-03 7.182405330240726471e-03 1.815901021473109722e-03 1.590263098478317261e-02 3.160990774631500244e-02 4.406391084194183350e-02 4.887781664729118347e-02 1.528909057378768921e-02 5.948561709374189377e-03 1.091191777959465981e-03 1.642655115574598312e-03 8.924642577767372131e-03 6.460418459028005600e-03 1.290053478442132473e-03 1.142827700823545456e-02 2.823071554303169250e-02 4.148294683545827866e-03 1.251145265996456146e-02 5.084867370896972716e-05 3.832303453236818314e-03 2.708822721615433693e-03 1.048186048865318298e-02 8.956412784755229950e-03 1.662187837064266205e-02 9.864383377134799957e-03 4.514248110353946686e-03 8.243948221206665039e-03 2.261975780129432678e-02 2.549375593662261963e-02 1.633589342236518860e-02 1.207494549453258514e-02 3.700059140101075172e-03 1.868457905948162079e-02 1.795564778149127960e-02 2.366569358855485916e-03 1.266502961516380310e-02 9.042861871421337128e-03 3.140532877296209335e-03 1.110750134103000164e-03 1.976955495774745941e-02 2.271807938814163208e-02 6.057247519493103027e-04 4.157907329499721527e-03 1.972352527081966400e-02 1.178767532110214233e-02 1.173253543674945831e-02 5.389205645769834518e-03 2.560929395258426666e-02 1.170668844133615494e-02 3.101987019181251526e-02 1.138184219598770142e-03 3.814137727022171021e-02 4.031217191368341446e-03 2.723104879260063171e-02 1.384527981281280518e-02 2.249241247773170471e-02 8.060122840106487274e-03 8.581664413213729858e-03 9.898491203784942627e-03 1.093486510217189789e-02 1.348513178527355194e-03 2.878183126449584961e-02 1.737666875123977661e-02 2.044221619144082069e-03 9.846645407378673553e-03 3.413508646190166473e-03 8.889704011380672455e-03 3.193188458681106567e-02 2.051411569118499756e-02 3.911778796464204788e-03 6.064983317628502846e-04 7.524992804974317551e-03 2.144561894237995148e-02 4.729340318590402603e-03 2.022064290940761566e-02
2.680395916104316711e-02 2.764913998544216156e-02 8.305198550224304199e-01 1.150203309953212738e-02 1.155891083180904388e-02 3.524167090654373169e-02 3.165699169039726257e-02 4.396443068981170654e-02 1.443174574524164200e-02 4.189027938991785049e-03 2.015744708478450775e-02 1.654881797730922699e-02 1.093563716858625412e-02 1.115336734801530838e-02 2.011357806622982025e-03 3.558164462447166443e-02 3.067506104707717896e-02 1.472236681729555130e-02 1.625669747591018677e-02 1.740112341940402985e-02 8.605094626545906067e-03 9.531295858323574066e-03 1.701262593269348145e-02 1.587643846869468689e-02 2.519412711262702942e-02 1.965852640569210052e-02 1.876665651798248291e-02 1.608109846711158752e-02 2.834262140095233917e-02 8.510250598192214966e-03 1.340284664183855057e-02 2.806192636489868164e-02 1.986783556640148163e-02 1.742000877857208252e-02 7.138548418879508972e-03 2.174879983067512512e-02 1.157219335436820984e-02 7.459355518221855164e-03 2.889085561037063599e-03 3.862365614622831345e-03 9.123248048126697540e-03 9.443834424018859863e-03 8.467104285955429077e-03 4.374418780207633972e-02 1.813043141737580299e-03 1.236973982304334641e-02 4.145969077944755554e-02 3.550947085022926331e-02 5.646712146699428558e-03 2.612461149692535400e-02 2.173243835568428040e-02 1.510762609541416168e-02 7.711710873991250992e-03 5.018911324441432953e-03 1.100278738886117935e-02 9.181635454297065735e-03 2.821691520512104034e-02 1.248034462332725525e-02 3.314425470307469368e-03 1.355180516839027405e-02 7.306057028472423553e-03 1.534376200288534164e-02 1.063235849142074585e-02 1.906881853938102722e-02 2.009529620409011841e-02 1.379416789859533310e-02 1.629098114790394902e-04 1.643132301978766918e-03 3.005893155932426453e-02 9.233888238668441772e-03 2.609142102301120758e-02 2.972190501168370247e-03 2.667887136340141296e-02 1.228008186444640160e-03 2.973779477179050446e-02 1.024681050330400467e-02 1.165869832038879395e-02 1.784675568342208862e-02 3.220604266971349716e-03 7.619529496878385544e-03 4.134234786033630371e-02 8.934089913964271545e-03 1.167841162532567978e-02 1.734972745180130005e-02 3.275342751294374466e-03 9.137749671936035156e-03 1.396704930812120438e-02 5.621030461043119431e-03 3.120729513466358185e-02 1.120812166482210159e-02 4.209844022989273071e-02 1.499030622653663158e-03 2.837756276130676270e-02 2.998073119670152664e-03 2.863876894116401672e-02 2.002738043665885925e-02 2.139190211892127991e-02 1.660710573196411133e-02 2.000172436237335205e-02 1.474881637841463089e-02 2.739944495260715485e-02 1.909267529845237732e-02 1.922869123518466949e-02 2.276635542511940002e-02 1.791107282042503357e-02 4.954631440341472626e-03 6.118245422840118408e-03 1.665107673034071922e-03 2.119773440062999725e-02 5.242954008281230927e-03 2.308940328657627106e-02 4.224546719342470169e-03 8.468188461847603321e-04 9.076240472495555878e-03 3.293377085356041789e-05 2.359687723219394684e-02
4.749815445393323898e-03 1.916832290589809418e-03 1.150203309953212738e-02 8.305198550224304199e-01 7.297300547361373901e-02 1.835655188187956810e-03 9.089036611840128899e-04 1.825626753270626068e-02 3.729801392182707787e-04 1.585499569773674011e-02 1.432572025805711746e-02 1.112732104957103729e-02 1.512494683265686035e-02 3.684563271235674620e-04 2.492451108992099762e-02 7.871073670685291290e-03 1.667647995054721832e-02 1.253943890333175659e-02 1.061450876295566559e-02 4.442809615284204483e-03 3.393715480342507362e-03 1.321462262421846390e-02 2.910293638706207275e-03 8.515549823641777039e-03 1.071084383875131607e-02 7.916093803942203522e-03 1.497930940240621567e-02 9.095610119402408600e-03 3.121863305568695068e-02 2.423010021448135376e-02 2.511267736554145813e-02 2.476434689015150070e-03 2.635600278154015541e-03 3.002156445290893316e-04 9.903321973979473114e-03 1.328203640878200531e-02 1.663366518914699554e-02 1.812256127595901489e-02 3.783665597438812256e-02 4.808348789811134338e-02 2.240807935595512390e-02 1.316552609205245972e-02 2.125147916376590729e-02 2.764532342553138733e-02 2.329016290605068207e-02 2.595654875040054321e-02 2.097734622657299042e-02 1.892987266182899475e-02 4.014125093817710876e-03 3.946977201849222183e-03 2.443562634289264679e-02 1.895807497203350067e-02 4.912598058581352234e-03 5.649649072438478470e-03 3.671135753393173218e-03 1.192320510745048523e-02 1.517342031002044678e-02 3.044386021792888641e-02 3.887407947331666946e-03 6.836693733930587769e-03 6.705622654408216476e-03 2.841629832983016968e-02 2.677897550165653229e-02 5.100833252072334290e-03 1.951709575951099396e-02 1.842634193599224091e-02 1.453150156885385513e-02 1.707858406007289886e-02 1.574917323887348175e-02 2.010079799219965935e-03 1.936327107250690460e-02 1.011613290756940842e-03 4.713729023933410645e-02 2.665630541741847992e-03 3.314702212810516357e-02 9.939562529325485229e-03 1.121592242270708084e-02 1.332086697220802307e-02 4.393772687762975693e-03 9.666046127676963806e-03 1.732873031869530678e-03 5.725381895899772644e-03 7.654458750039339066e-03 7.215830031782388687e-03 3.767276927828788757e-02 4.425303265452384949e-02 2.014765143394470215e-02 2.124968171119689941e-02 1.996244071051478386e-03 2.296715416014194489e-02 2.987706474959850311e-02 1.752057299017906189e-02 2.425392158329486847e-02 2.168736606836318970e-02 1.191741041839122772e-02 1.350057125091552734e-02 1.799962483346462250e-02 1.063483301550149918e-02 8.513521403074264526e-03 1.819335669279098511e-02 1.313468161970376968e-02 1.004501827992498875e-03 2.384992316365242004e-02 1.587985083460807800e-02 4.760182462632656097e-03 1.171013899147510529e-02 1.996302790939807892e-02 1.474775746464729309e-02 3.496982157230377197e-03 2.847200445830821991e-02 1.641864515841007233e-02 1.670569926500320435e-02 2.997181378304958344e-02 3.867645189166069031e-02 5.873897112905979156e-03 1.185598969459533691e-02
1.265399716794490814e-02 2.201719582080841064e-02 1.155891083180904388e-02 7.297300547361373901e-02 8.305198550224304199e-01 3.642973490059375763e-03 8.380167186260223389e-03 1.309598237276077271e-02 6.602773908525705338e-03 7.263007573783397675e-03 1.054088212549686432e-02 2.598794735968112946e-02 1.261844672262668610e-02 2.449663914740085602e-02 5.133464466780424118e-03 1.990190148353576660e-02 3.065099567174911499e-02 4.735508468002080917e-03 8.885223418474197388e-03 9.036267292685806751e-04 5.769575014710426331e-03 7.904610596597194672e-03 1.900240965187549591e-02 2.305702678859233856e-02 9.300072677433490753e-03 1.166921481490135193e-02 3.077723784372210503e-03 5.223912186920642853e-03 7.546735461801290512e-03 2.481893450021743774e-02 1.769136264920234680e-02 6.468751002103090286e-03 8.626530878245830536e-03 8.299808949232101440e-03 9.232977405190467834e-03 1.854249625466763973e-03 1.281272061169147491e-02 8.603195892646908760e-04 5.435014516115188599e-02 6.423313915729522705e-02 9.408483281731605530e-03 4.212123807519674301e-03 1.456116791814565659e-02 1.567661762237548828e-02 2.452055737376213074e-02 2.824967540800571442e-02 3.261652961373329163e-02 3.561012819409370422e-02 1.680750772356987000e-02 1.195237692445516586e-02 2.668237872421741486e-02 2.284592576324939728e-02 3.056729957461357117e-02 2.190153114497661591e-02 1.511244755238294601e-02 7.634506095200777054e-03 1.623018062673509121e-03 2.249261364340782166e-02 1.886847801506519318e-02 1.723470538854598999e-02 3.915886394679546356e-03 2.620637789368629456e-02 2.132526598870754242e-02 2.174729108810424805e-02 2.546106697991490364e-03 7.761437445878982544e-03 1.811972353607416153e-03 3.502495819702744484e-03 5.149031057953834534e-03 7.664280012249946594e-03 1.543424371629953384e-02 1.077468227595090866e-02 2.404998615384101868e-02 3.960335161536931992e-03 4.160118475556373596e-02 1.111003011465072632e-02 1.196521148085594177e-02 1.405020523816347122e-02 2.917634556069970131e-03 1.997601054608821869e-02 1.431219652295112610e-02 2.965461928397417068e-03 9.635912254452705383e-03 2.673477632924914360e-03 2.979002706706523895e-02 3.930244222283363342e-02 1.182739273644983768e-03 5.857544601894915104e-04 1.448479015380144119e-02 2.385473623871803284e-02 2.282631769776344299e-02 2.009763411479070783e-04 4.282848909497261047e-02 3.360641887411475182e-03 3.012220561504364014e-02 2.718226797878742218e-02 5.119156558066606522e-03 5.207356065511703491e-03 5.908381659537553787e-03 2.342728711664676666e-02 7.966747507452964783e-03 4.915689118206501007e-03 1.410930138081312180e-02 1.349736191332340240e-02 9.412596002221107483e-03 5.230327369645237923e-04 1.986805722117424011e-02 5.780888721346855164e-03 2.733150310814380646e-02 1.172594353556632996e-02 3.994537517428398132e-03 3.623936558142304420e-03 8.611201308667659760e-03 2.612928114831447601e-02 7.400590926408767700e-03 2.363685891032218933e-02
5.867530032992362976e-02 5.188972875475883484e-02 3.524167090654373169e-02 1.835655188187956810e-03 3.642973490059375763e-03 8.305198550224304199e-01 8.083985745906829834e-02 2.920239232480525970e-02 6.762675009667873383e-03 8.948611095547676086e-03 3.278727829456329346e-02 3.716688975691795349e-02 2.049912139773368835e-02 3.795598819851875305e-02 1.289993338286876678e-02 3.185695037245750427e-02 2.731512300670146942e-02 1.230941712856292725e-02 1.782795786857604980e-02 2.554026141297072172e-04 1.983586233109235764e-03 3.518593963235616684e-03 2.594660595059394836e-02 2.442896552383899689e-02 1.216023229062557220e-02 1.081716269254684448e-02 2.169170603156089783e-02 3.596882149577140808e-02 7.066589314490556717e-03 3.516021370887756348e-02 1.244150009006261826e-02 9.504348970949649811e-03 9.639103896915912628e-03 7.456485647708177567e-03 3.071027621626853943e-02 1.781109720468521118e-02 1.164157874882221222e-02 8.641596883535385132e-03 7.825421169400215149e-03 5.587415304034948349e-03 8.041173219680786133e-03 2.066615782678127289e-02 1.113377604633569717e-02 9.389169514179229736e-03 3.537873970344662666e-03 1.390711497515439987e-02 6.547913700342178345e-02 5.071093142032623291e-02 3.456388600170612335e-03 5.616575479507446289e-03 1.139807980507612228e-03 2.878650790080428123e-03 2.495355147402733564e-04 2.533493563532829285e-03 1.384322345256805420e-02 1.683903741650283337e-03 5.034824367612600327e-03 9.921324439346790314e-03 6.158993113785982132e-03 9.692027233541011810e-03 5.543058738112449646e-03 1.577341370284557343e-02 5.297573283314704895e-03 1.076891785487532616e-03 1.622639968991279602e-02 1.121234241873025894e-02 2.214085869491100311e-02 1.410356350243091583e-02 1.640235632658004761e-02 8.901953697204589844e-03 1.266506873071193695e-02 2.152878791093826294e-03 9.449253790080547333e-03 1.484950538724660873e-02 1.760094426572322845e-02 3.510657697916030884e-03 7.211771328002214432e-03 9.617105126380920410e-03 1.352786365896463394e-02 1.570361317135393620e-03 3.670921549201011658e-02 1.488821394741535187e-02 1.837914623320102692e-02 4.641499835997819901e-03 2.836552076041698456e-02 1.245062984526157379e-02 2.030077390372753143e-02 6.222302094101905823e-03 5.844138562679290771e-03 4.244589246809482574e-03 2.086042799055576324e-02 2.037535421550273895e-03 2.568270452320575714e-02 9.171786950901150703e-04 1.152617204934358597e-02 5.298093426972627640e-03 1.293850690126419067e-02 1.206348370760679245e-02 4.214403685182332993e-03 9.494961239397525787e-03 7.769304793328046799e-03 3.599083982408046722e-03 1.706758514046669006e-02 1.065305061638355255e-02 1.514855958521366119e-02 2.381644397974014282e-02 7.747136522084474564e-03 1.986153796315193176e-02 1.449513807892799377e-02 2.485928311944007874e-02 2.701520733535289764e-02 1.005034148693084717e-02 1.800443418323993683e-02 1.730227842926979065e-02 1.274431217461824417e-02 1.819675602018833160e-02
4.824612289667129517e-02 6.314878165721893311e-02 3.165699169039726257e-02 9.089036611840128899e-04 8.380167186260223389e-03 8.083985745906829834e-02 8.305198550224304199e-01 3.070668689906597137e-02 7.254113908857107162e-03 4.544882569462060928e-03 1.997403614223003387e-02 4.134826734662055969e-02 3.035460971295833588e-02 4.382650926709175110e-02 5.679965019226074219e-03 2.995870634913444519e-02 2.242004498839378357e-02 9.844660758972167969e-03 1.336653018370270729e-03 1.446727756410837173e-02 2.205006545409560204e-03 4.311103839427232742e-03 3.007909841835498810e-02 3.141539916396141052e-02 1.143483910709619522e-02 1.971987262368202209e-02 1.187369599938392639e-02 1.757840253412723541e-02 1.106492895632982254e-02 2.107022516429424286e-02 4.752850160002708435e-03 2.498299255967140198e-02 1.184066757559776306e-02 1.920325122773647308e-02 3.019720502197742462e-02 1.712427847087383270e-02 9.071511216461658478e-03 9.606129489839076996e-03 1.386988162994384766e-02 3.615376306697726250e-03 1.498547848314046860e-02 5.920269992202520370e-03 8.323037764057517052e-04 8.620924316346645355e-03 6.425497587770223618e-03 3.755947109311819077e-03 5.593439191579818726e-02 6.298736482858657837e-02 7.012486923485994339e-03 5.481636617332696915e-03 1.712483167648315430e-02 1.300501357764005661e-02 9.247980080544948578e-03 1.330807432532310486e-02 1.067211758345365524e-02 1.747056143358349800e-03 7.965759374201297760e-03 1.133516198024153709e-03 5.142219830304384232e-03 3.813328221440315247e-03 9.229513234458863735e-04 4.232976585626602173e-03 2.981064899358898401e-04 5.160583183169364929e-03 1.040672045201063156e-02 8.949547074735164642e-03 3.088416764512658119e-03 1.008845982141792774e-03 1.761744171380996704e-02 2.775589935481548309e-03 1.318610366433858871e-02 1.147341355681419373e-02 4.042081069201231003e-03 1.060038525611162186e-02 9.410492144525051117e-03 1.595323532819747925e-02 8.979783393442630768e-03 1.168374158442020416e-02 5.781650077551603317e-03 1.526921056210994720e-02 3.179610893130302429e-02 1.432280894368886948e-02 3.941539674997329712e-03 9.725413983687758446e-04 1.355860754847526550e-02 4.446610808372497559e-03 5.121513269841670990e-03 2.302893670275807381e-03 1.648031175136566162e-02 2.453556843101978302e-02 2.015983872115612030e-02 1.385245751589536667e-02 3.842843696475028992e-02 1.081431005150079727e-02 1.608444936573505402e-02 4.604412708431482315e-03 2.071253396570682526e-02 1.513987686485052109e-02 8.512319065630435944e-03 3.218596102669835091e-03 1.671375334262847900e-02 2.589222043752670288e-03 2.301251329481601715e-02 1.066295802593231201e-02 1.160236634314060211e-02 1.340948045253753662e-02 3.022280288860201836e-03 2.435235120356082916e-02 2.547613345086574554e-02 3.074852935969829559e-02 1.317681651562452316e-02 9.681119583547115326e-03 5.561928264796733856e-03 1.049795467406511307e-02 1.869817497208714485e-03 1.478072721511125565e-02
1.985595189034938812e-02 2.376601845026016235e-02 4.396443068981170654e-02 1.825626753270626068e-02 1.309598237276077271e-02 2.920239232480525970e-02 3.070668689906597137e-02 8.305198550224304199e-01 1.650117337703704834e-02 3.236346319317817688e-02 1.256476063281297684e-02 3.684108704328536987e-02 3.133983910083770752e-02 2.500311657786369324e-02 4.695920273661613464e-02 7.095593027770519257e-04 4.187518730759620667e-03 3.600389137864112854e-02 1.410232204943895340e-02 1.797806704416871071e-03 6.988050416111946106e-03 1.281345542520284653e-02 9.756370447576045990e-03 8.110081776976585388e-03 7.502895779907703400e-03 6.369345821440219879e-03 7.167940493673086166e-03 2.791354618966579437e-02 1.797532849013805389e-02 3.113684058189392090e-02 1.608270779252052307e-02 1.045612711459398270e-02 8.098249323666095734e-03 2.439825795590877533e-03 9.378341957926750183e-03 9.037615731358528137e-03 3.591341199353337288e-03 1.681158784776926041e-03 4.942232277244329453e-03 4.508425772655755281e-04 2.782258018851280212e-02 8.060519583523273468e-03 4.272707737982273102e-03 5.715224146842956543e-02 3.032827004790306091e-02 1.175749208778142929e-02 3.950709104537963867e-02 3.912320733070373535e-02 2.103767544031143188e-02 1.153730787336826324e-02 1.233537960797548294e-02 1.640547881834208965e-03 8.812157437205314636e-03 1.009429991245269775e-02 4.469535499811172485e-02 2.774735726416110992e-02 1.755243283696472645e-03 2.063974924385547638e-02 4.959380719810724258e-03 2.950460417196154594e-03 3.245523571968078613e-02 1.572547294199466705e-02 2.304449677467346191e-02 1.228064647875726223e-03 1.374317426234483719e-02 6.311685778200626373e-03 2.794175408780574799e-03 1.134827360510826111e-02 3.188834292814135551e-03 7.497453130781650543e-03 1.621612464077770710e-03 7.040873169898986816e-03 4.531701561063528061e-03 1.071896590292453766e-02 7.941100746393203735e-03 1.597695867531001568e-03 9.348728694021701813e-03 7.351172389462590218e-04 2.439661882817745209e-03 9.246417321264743805e-03 4.030573368072509766e-02 3.115444071590900421e-02 2.303827926516532898e-02 1.260001398622989655e-02 3.509973175823688507e-03 6.407268345355987549e-03 4.033649340271949768e-02 2.873639389872550964e-02 1.050456054508686066e-02 1.689306460320949554e-02 2.701057866215705872e-02 4.021144995931535959e-04 3.849615529179573059e-02 6.872446276247501373e-03 1.188071910291910172e-02 1.219845563173294067e-02 5.983422975987195969e-03 4.114929120987653732e-03 5.526278167963027954e-03 1.027319580316543579e-02 1.441160449758172035e-03 1.955749001353979111e-03 3.965815063565969467e-03 2.690051216632127762e-03 1.226532040163874626e-03 2.036385471001267433e-03 2.369517926126718521e-03 1.725120097398757935e-02 2.185059338808059692e-02 3.296294482424855232e-03 1.875104010105133057e-02 7.340495008975267410e-03 1.689889654517173767e-02 3.589874366298317909e-03 2.614319510757923126e-02 1.351034455001354218e-02
8.979257196187973022e-03 4.622886772267520428e-04 1.443174574524164200e-02 3.729801392182707787e-04 6.602773908525705338e-03 6.762675009667873383e-03 7.254113908857107162e-03 1.650117337703704834e-02 8.305198550224304199e-01 2.587044425308704376e-02 6.702166516333818436e-03 2.803552662953734398e-03 3.909595310688018799e-03 1.626615040004253387e-02 1.620039716362953186e-02 1.941642910242080688e-02 1.224989350885152817e-02 5.652457475662231445e-02 6.848468910902738571e-04 9.338797070086002350e-03 6.713709328323602676e-03 4.784642253071069717e-03 1.295627094805240631e-02 5.040145944803953171e-03 1.045813405653461814e-05 4.059780854731798172e-03 4.061322193592786789e-03 1.480760239064693451e-02 7.144098635762929916e-03 1.633195020258426666e-02 6.820190232247114182e-03 2.481968514621257782e-02 2.397715300321578979e-02 3.096340224146842957e-03 1.925580762326717377e-02 2.448217757046222687e-02 8.948234841227531433e-03 2.526436932384967804e-02 8.755315095186233521e-03 1.853914372622966766e-02 3.708293661475181580e-02 5.007588118314743042e-02 9.217888116836547852e-03 1.557264104485511780e-02 6.220798008143901825e-03 1.012490317225456238e-02 1.153718307614326477e-02 5.434927530586719513e-03 4.279605671763420105e-02 3.188799368217587471e-03 1.360651664435863495e-02 1.878379494883120060e-03 7.887964136898517609e-03 2.289521880447864532e-02 5.093687400221824646e-02 2.386901527643203735e-03 2.913727238774299622e-02 8.556841872632503510e-03 3.089360892772674561e-03 2.204585075378417969e-02 4.656115174293518066e-02 5.064263474196195602e-03 1.041060034185647964e-02 2.210167795419692993e-02 5.874143680557608604e-04 1.514440984465181828e-03 2.000673860311508179e-02 1.609210972674190998e-03 4.216591641306877136e-02 2.233341103419661522e-03 2.638411708176136017e-02 2.435200475156307220e-02 1.807232946157455444e-02 1.188388932496309280e-02 2.680336870253086090e-02 1.256914157420396805e-02 5.661556497216224670e-02 2.916863374412059784e-02 3.869990259408950806e-02 9.435416199266910553e-03 1.836688898038119078e-04 1.916903071105480194e-02 4.671022295951843262e-02 5.711510893888771534e-04 6.634048186242580414e-03 2.971246431116014719e-04 1.664373907260596752e-03 1.446613459847867489e-03 2.282768115401268005e-02 7.893851026892662048e-03 8.097578771412372589e-03 3.757023485377430916e-03 1.658245176076889038e-02 5.898418370634317398e-03 8.990143425762653351e-03 3.347454592585563660e-03 1.891433447599411011e-02 2.056930446997284889e-03 3.646558150649070740e-02 1.459339726716279984e-02 2.022770792245864868e-02 6.079900194890797138e-04 1.781908422708511353e-02 1.692283153533935547e-02 1.490851864218711853e-02 2.397607639431953430e-02 2.205622568726539612e-02 2.433988451957702637e-02 1.585877873003482819e-02 2.669754321686923504e-04 2.764414623379707336e-02 6.840838585048913956e-03 3.469285368919372559e-02 1.184116862714290619e-02 1.024222373962402344e-02 1.061433088034391403e-02
9.171498939394950867e-03 2.526848344132304192e-03 4.189027938991785049e-03 1.585499569773674011e-02 7.263007573783397675e-03 8.948611095547676086e-03 4.544882569462060928e-03 3.236346319317817688e-02 2.587044425308704376e-02 8.305198550224304199e-01 1.531082089059054852e-03 5.920905619859695435e-03 8.050744421780109406e-03 2.651447989046573639e-02 2.709019742906093597e-02 1.021493505686521530e-02 2.476955205202102661e-02 5.069153755903244019e-02 6.004833802580833435e-02 8.962456136941909790e-03 2.080434700474143028e-03 1.014969660900533199e-03 7.910131476819515228e-03 2.220611833035945892e-02 4.316372796893119812e-03 1.833577826619148254e-02 8.730912581086158752e-03 4.009767994284629822e-02 4.507342353463172913e-03 2.609371580183506012e-02 3.734959755092859268e-03 1.890458911657333374e-02 5.225652363151311874e-03 1.975913159549236298e-02 1.304847188293933868e-02 8.829732425510883331e-03 1.687470450997352600e-02 1.317498926073312759e-02 1.109678484499454498e-02 5.889357533305883408e-03 1.590202189981937408e-02 9.931786917150020599e-03 7.853781804442405701e-03 2.423221059143543243e-02 1.495934836566448212e-02 1.179774478077888489e-02 2.063797554001212120e-03 1.688706979621201754e-04 1.011107303202152252e-02 5.647966638207435608e-02 6.157573312520980835e-03 1.364330761134624481e-02 3.473983088042587042e-04 1.024038437753915787e-02 1.725536584854125977e-02 4.574185609817504883e-02 4.159389995038509369e-03 1.106842514127492905e-02 1.188039081171154976e-03 1.097753085196018219e-02 1.759823784232139587e-02 3.035724535584449768e-02 9.043389931321144104e-03 1.662684418261051178e-02 6.782991345971822739e-03 5.862368736416101456e-03 2.922690706327557564e-03 1.854246854782104492e-02 3.875495167449116707e-03 1.839598082005977631e-02 3.002065047621726990e-02 9.619254618883132935e-03 1.488744094967842102e-02 2.362298220396041870e-02 1.170941349118947983e-02 1.788431964814662933e-02 4.464606754481792450e-03 4.380832612514495850e-02 2.319854311645030975e-02 5.814369395375251770e-02 1.460677478462457657e-02 8.665120229125022888e-03 3.276754170656204224e-02 5.306338891386985779e-02 4.470500163733959198e-03 9.075850248336791992e-03 2.560886740684509277e-02 1.756788417696952820e-02 2.289492636919021606e-02 4.669753462076187134e-02 1.947396085597574711e-03 9.724607691168785095e-03 2.658647252246737480e-03 5.364885553717613220e-03 2.283024415373802185e-02 3.158445656299591064e-02 2.303561661392450333e-03 1.356089767068624496e-02 1.317290868610143661e-02 1.246431935578584671e-02 2.357696369290351868e-02 2.060164883732795715e-02 2.315439283847808838e-03 4.956013988703489304e-03 5.375965964049100876e-03 1.807939261198043823e-02 3.777536004781723022e-02 9.095339104533195496e-03 1.549261156469583511e-02 5.739520303905010223e-03 2.331266412511467934e-03 1.212113164365291595e-02 5.408877041190862656e-03 1.564098522067070007e-02 2.292210794985294342e-02 3.064808063209056854e-02
6.098282709717750549e-02 4.559304565191268921e-02 2.015744708478450775e-02 1.432572025805711746e-02 1.054088212549686432e-02 3.278727829456329346e-02 1.997403614223003387e-02 1.256476063281297684e-02 6.702166516333818436e-03 1.531082089059054852e-03 8.305198550224304199e-01 8.289144374430179596e-03 6.140558794140815735e-02 1.593134948052465916e-03 2.592699229717254639e-02 1.786389201879501343e-02 2.394263818860054016e-02 1.291402149945497513e-02 4.521564580500125885e-03 8.671318180859088898e-03 1.767002232372760773e-02 4.278795421123504639e-02 7.157912477850914001e-04 2.192257670685648918e-04 1.309977285563945770e-02 2.243701135739684105e-03 3.975692018866539001e-02 1.083984505385160446e-02 3.450643271207809448e-02 1.723938435316085815e-02 3.279330581426620483e-02 1.514950767159461975e-03 9.046099148690700531e-03 8.925509639084339142e-03 9.798171930015087128e-03 2.982504479587078094e-02 2.340541407465934753e-02 1.267967280000448227e-02 1.433702372014522552e-02 9.164895862340927124e-03 1.131501863710582256e-03 1.280956435948610306e-03 6.793243344873189926e-03 5.888983141630887985e-04 2.156836679205298424e-03 1.552554033696651459e-02 3.930272534489631653e-02 2.107914909720420837e-02 1.182383019477128983e-02 4.690032452344894409e-03 8.163040038198232651e-04 1.229313551448285580e-03 1.658317632973194122e-02 1.432393211871385574e-02 8.681833860464394093e-04 1.791915483772754669e-02 1.652961596846580505e-02 8.688359521329402924e-03 2.405875921249389648e-02 1.835120283067226410e-02 7.004207000136375427e-03 9.804783388972282410e-03 5.696872249245643616e-03 1.926027983427047729e-02 5.107855051755905151e-02 3.816765919327735901e-02 5.530389957129955292e-03 1.884561846964061260e-03 2.571941167116165161e-02 3.078576736152172089e-02 3.067614883184432983e-02 2.786691114306449890e-02 2.367733046412467957e-02 2.300928719341754913e-02 3.658777847886085510e-02 2.044581808149814606e-02 2.520278654992580414e-02 2.865408360958099365e-02 1.119046472012996674e-02 1.490030065178871155e-02 2.565276809036731720e-02 1.539653819054365158e-02 4.994457121938467026e-03 2.426394261419773102e-03 1.192161906510591507e-02 4.784263670444488525e-03 4.083308950066566467e-02 2.276223152875900269e-02 1.706250011920928955e-02 3.897320013493299484e-03 4.114253446459770203e-02 3.924739360809326172e-02 1.636341959238052368e-02 3.421298041939735413e-02 2.539184503257274628e-02 2.503366395831108093e-02 2.316338708624243736e-03 8.316454477608203888e-03 5.961845628917217255e-03 3.645828459411859512e-03 1.296744495630264282e-02 1.240243762731552124e-02 1.191880204714834690e-03 4.742164746858179569e-04 1.191556546837091446e-02 1.219177991151809692e-02 1.400963665219023824e-04 1.157535985112190247e-02 1.700648292899131775e-02 1.076895464211702347e-02 2.241433225572109222e-02 2.940182806923985481e-03 3.057234687730669975e-03 9.350668988190591335e-04 1.781111024320125580e-02 1.326957996934652328e-02
1.645614020526409149e-02 1.694703474640846252e-02 1.654881797730922699e-02 1.112732104957103729e-02 2.598794735968112946e-02 3.716688975691795349e-02 4.134826734662055969e-02 3.684108704328536987e-02 2.803552662953734398e-03 5.920905619859695435e-03 8.289144374430179596e-03 8.305198550224304199e-01 1.617270894348621368e-02 7.359619438648223877e-02 1.704940013587474823e-02 1.408286672085523605e-02 2.300181798636913300e-02 6.209365557879209518e-03 7.624806836247444153e-03 2.492056693881750107e-03 3.623055759817361832e-03 1.064406242221593857e-04 4.635601118206977844e-02 4.749129340052604675e-02 1.593922032043337822e-03 1.663304516114294529e-03 5.407252319855615497e-05 4.599836841225624084e-02 2.400501834927126765e-04 4.671484231948852539e-02 1.054788567125797272e-02 1.600739359855651855e-02 1.067086402326822281e-02 9.284727275371551514e-03 2.030019462108612061e-02 6.428949534893035889e-03 1.103149075061082840e-02 1.148975733667612076e-02 2.622409956529736519e-03 1.383443176746368408e-02 1.763000967912375927e-03 7.130674785003066063e-04 8.398192934691905975e-03 1.361367478966712952e-02 4.625821486115455627e-02 3.924196958541870117e-02 3.042561188340187073e-02 3.417600691318511963e-02 2.721868455410003662e-02 5.265515297651290894e-03 3.136014938354492188e-02 3.169877454638481140e-02 1.475655939429998398e-02 5.348484410205855966e-05 3.372696787118911743e-02 1.640345901250839233e-02 1.867082342505455017e-02 7.262639235705137253e-03 7.731343153864145279e-03 3.101204708218574524e-02 3.739078715443611145e-02 1.999728381633758545e-02 2.270621247589588165e-02 1.094692200422286987e-02 1.043496001511812210e-02 2.066439762711524963e-02 3.297432791441679001e-03 9.132054983638226986e-04 2.262920897919684649e-04 1.486984547227621078e-02 1.453159656375646591e-02 2.182866632938385010e-02 6.282079033553600311e-03 5.869349464774131775e-03 7.622807286679744720e-03 2.374025993049144745e-02 5.089410580694675446e-03 2.047345601022243500e-02 1.863673329353332520e-02 4.071851074695587158e-02 2.431654371321201324e-02 2.595689147710800171e-02 1.627196557819843292e-02 2.521497081033885479e-04 3.522516461089253426e-03 2.122229151427745819e-02 1.454929541796445847e-02 9.630531072616577148e-03 5.492319352924823761e-03 3.402768075466156006e-02 5.024291574954986572e-03 9.117716923356056213e-03 2.503346838057041168e-02 5.149123724550008774e-03 1.047222036868333817e-02 6.693659815937280655e-03 1.209538988769054413e-02 3.519223537296056747e-03 4.741060547530651093e-03 1.385064516216516495e-02 1.134415809065103531e-02 1.525875274091959000e-02 2.141749486327171326e-03 1.004109811037778854e-02 1.974332332611083984e-02 2.754950197413563728e-03 1.394780445843935013e-02 1.180752180516719818e-02 3.179568052291870117e-02 8.326222188770771027e-03 1.082421280443668365e-02 1.016450487077236176e-02 1.462374068796634674e-02 1.612562872469425201e-02 4.073575139045715332e-03 6.421043537557125092e-03
5.337463319301605225e-02 6.342733651399612427e-02 1.093563716858625412e-02 1.512494683265686035e-02 1.261844672262668610e-02 2.049912139773368835e-02 3.035460971295833588e-02 3.133983910083770752e-02 3.909595310688018799e-03 8.050744421780109406e-03 6.140558794140815735e-02 1.617270894348621368e-02 8.305198550224304199e-01 9.759894572198390961e-03 4.340203478932380676e-02 9.520300664007663727e-04 2.322695218026638031e-03 7.114744279533624649e-03 4.117690492421388626e-03 8.837052620947360992e-03 1.243296358734369278e-02 5.380071327090263367e-02 6.045584101229906082e-03 5.811225157231092453e-03 2.816662658005952835e-03 4.389461595565080643e-03 4.273096099495887756e-02 5.850038491189479828e-03 2.352358214557170868e-02 1.346465479582548141e-02 5.100795626640319824e-02 2.935721306130290031e-03 8.684644475579261780e-03 1.767036272212862968e-03 2.646449953317642212e-03 2.234006859362125397e-02 1.201975066214799881e-02 1.333052758127450943e-02 4.626542329788208008e-03 2.984455786645412445e-03 2.928209025412797928e-03 4.255060106515884399e-03 8.547502511646598577e-05 8.147284388542175293e-03 2.736737485975027084e-03 2.058784849941730499e-02 2.655035816133022308e-02 2.516581118106842041e-02 6.149958353489637375e-03 1.738307531923055649e-03 7.633341476321220398e-03 1.353854220360517502e-02 6.229619961231946945e-03 8.459844626486301422e-03 1.247248053550720215e-02 5.533372052013874054e-03 6.623209454119205475e-03 5.389322061091661453e-03 1.967421174049377441e-02 2.257856540381908417e-02 7.473043631762266159e-03 3.982352092862129211e-03 1.043047569692134857e-02 8.316155523061752319e-03 3.807001560926437378e-02 4.763135313987731934e-02 1.025052368640899658e-02 3.938326146453619003e-03 1.088808011263608932e-02 4.157828539609909058e-02 1.093720644712448120e-02 3.709812834858894348e-02 8.028060197830200195e-03 2.800281718373298645e-02 1.741867698729038239e-02 2.320644445717334747e-02 1.278817094862461090e-02 5.660292692482471466e-03 1.040606293827295303e-02 1.478688698261976242e-02 1.634466275572776794e-02 3.182028979063034058e-02 4.393938463181257248e-03 1.163251791149377823e-02 6.370586808770895004e-03 2.459434093907475471e-03 3.231202811002731323e-02 3.904667869210243225e-02 1.418904215097427368e-02 1.989742508158087730e-03 2.943059802055358887e-02 4.281185567378997803e-02 3.143995255231857300e-02 4.475869238376617432e-02 1.444824878126382828e-02 7.528679445385932922e-03 3.769390052184462547e-03 2.245277166366577148e-02 2.745387377217411995e-03 1.207212079316377640e-02 5.079807247966527939e-03 1.018381118774414062e-02 7.468873169273138046e-03 1.280533801764249802e-02 1.521724835038185120e-02 5.673713050782680511e-03 2.351992297917604446e-03 1.885279314592480659e-03 3.068681061267852783e-02 3.058960195630788803e-03 8.884925395250320435e-03 1.236467901617288589e-02 1.214315742254257202e-02 1.081868307664990425e-03 1.645596139132976532e-02 9.856815449893474579e-03
