8.342276215553283691e-01 7.955647259950637817e-02 2.579201711341738701e-03 1.150868833065032959e-02 1.294026430696249008e-02 5.978412181138992310e-02 5.093234032392501831e-02 3.930868580937385559e-03 5.046541802585124969e-03 1.127456221729516983e-02 5.186902359127998352e-02 1.991781592369079590e-02 4.712986201047897339e-02 1.777360588312149048e-02 4.368762485682964325e-03 3.326154872775077820e-02 2.724660001695156097e-02 2.041592635214328766e-02 6.227362900972366333e-03 3.448414430022239685e-02 3.980587795376777649e-02 1.016647461801767349e-02 1.895435526967048645e-02 1.395781617611646652e-02 4.761563986539840698e-02 4.183776676654815674e-02 4.795287735760211945e-03 4.208403173834085464e-03 7.153318729251623154e-03 1.737908896757289767e-04 1.216096803545951843e-02 3.697213903069496155e-02 2.351358905434608459e-02 3.521108627319335938e-02 2.620718907564878464e-03 1.289607770740985870e-02 2.179971896111965179e-02 6.494372151792049408e-03 2.606586553156375885e-02 2.098914468660950661e-03 1.760468073189258575e-02 4.708018619567155838e-03 1.522673666477203369e-02 4.877985920757055283e-03 1.709112524986267090e-02 7.700402755290269852e-03 5.393166095018386841e-02 3.428620472550392151e-02 1.462016836740076542e-03 1.981012895703315735e-02 2.174351923167705536e-02 7.219608407467603683e-03 1.154121104627847672e-02 2.713823923841118813e-03 1.510943192988634109e-02 5.959524773061275482e-03 3.407571837306022644e-02 2.387954294681549072e-02 4.573360551148653030e-03 9.625967359170317650e-04 1.414023427059873939e-04 3.447876777499914169e-03 4.429464228451251984e-03 8.345584385097026825e-03 7.486912421882152557e-03 2.881670137867331505e-03 3.877156227827072144e-02 3.857400640845298767e-02 1.968893222510814667e-02 9.236251935362815857e-03 1.336996909230947495e-02 1.546001061797142029e-02 2.985642931889742613e-04 2.005477901548147202e-03 2.659487072378396988e-03 9.277258999645709991e-03 1.918656635098159313e-03 1.151879783719778061e-02 8.571314625442028046e-03 1.130671612918376923e-02 8.885108865797519684e-03 4.592420067638158798e-03 2.614574134349822998e-02 1.504551246762275696e-02 3.392438590526580811e-02 2.676557749509811401e-02 1.015430199913680553e-03 4.006028641015291214e-03 1.909698732197284698e-02 6.664648186415433884e-03 3.396517410874366760e-02 2.006189338862895966e-02 1.756469160318374634e-02 1.215400174260139465e-02 1.692986581474542618e-03 8.584127761423587799e-03 1.173407072201371193e-03 3.545857733115553856e-03 1.449841912835836411e-02 1.229074597358703613e-02 2.168226614594459534e-02 2.517411112785339355e-02 8.152510970830917358e-03 9.463049471378326416e-03 9.882696904242038727e-03 5.035590846091508865e-03 2.990963310003280640e-02 1.391055155545473099e-02 2.059950493276119232e-02 3.477573394775390625e-03 4.411053843796253204e-03 9.120818227529525757e-03 1.821341738104820251e-02 1.405137684196233749e-02 9.945984929800033569e-03 9.945099242031574249e-03
7.955647259950637817e-02 8.342276215553283691e-01 1.400497858412563801e-03 8.513761684298515320e-03 1.913644932210445404e-02 6.739139556884765625e-02 6.407991796731948853e-02 3.399271226953715086e-04 8.135644719004631042e-03 6.873789709061384201e-03 5.159014463424682617e-02 2.412697300314903259e-02 4.847957938909530640e-02 2.914456278085708618e-02 1.811703108251094818e-02 2.401152439415454865e-02 1.529784873127937317e-02 1.144454348832368851e-02 2.705124206840991974e-03 3.192127123475074768e-02 3.392188623547554016e-02 7.197225466370582581e-03 1.961787603795528412e-02 1.695656776428222656e-02 4.678541794419288635e-02 4.346831515431404114e-02 7.617846713401377201e-04 5.361781921237707138e-03 4.216894973069429398e-03 4.520414397120475769e-03 8.320433087646961212e-03 2.943136170506477356e-02 2.959608100354671478e-02 2.731587365269660950e-02 1.732867531245574355e-04 7.678372319787740707e-03 2.315546385943889618e-02 4.671872127801179886e-03 2.619092538952827454e-02 1.012691576033830643e-02 6.165152881294488907e-03 2.880667801946401596e-03 1.512022223323583603e-02 1.014711894094944000e-02 1.372755505144596100e-02 4.762426018714904785e-03 5.765961483120918274e-02 3.852505609393119812e-02 2.529051154851913452e-03 1.481174584478139877e-02 1.919083483517169952e-02 4.060331266373395920e-03 1.018905919045209885e-02 9.062198922038078308e-03 2.072544023394584656e-02 2.987576415762305260e-03 3.179501742124557495e-02 3.464868664741516113e-02 4.480300005525350571e-03 1.895276946015655994e-03 2.764943754300475121e-03 7.284476887434720993e-04 1.493465248495340347e-02 1.401759963482618332e-02 1.460207812488079071e-02 6.076923571527004242e-03 4.117859154939651489e-02 3.188845515251159668e-02 2.039950899779796600e-02 1.272042980417609215e-03 1.886645704507827759e-02 8.003987371921539307e-03 7.969054393470287323e-03 1.115299668163061142e-02 1.405880507081747055e-02 2.048924943665042520e-04 1.481558079831302166e-03 6.509838160127401352e-03 5.514458753168582916e-03 8.402789011597633362e-03 3.762056818231940269e-03 6.107593071646988392e-04 1.387338154017925262e-02 1.729016378521919250e-02 2.537759207189083099e-02 2.900332771241664886e-02 1.287687290459871292e-02 5.293117836117744446e-03 1.279334817081689835e-02 1.571277156472206116e-02 3.043413348495960236e-02 9.416262619197368622e-03 2.150110714137554169e-02 2.621392253786325455e-03 1.020547468215227127e-02 1.064873300492763519e-02 1.220013201236724854e-02 7.142220158129930496e-03 1.073989365249872208e-02 1.608124189078807831e-02 1.314424537122249603e-02 2.035042271018028259e-02 8.164569590007886291e-05 1.083905226550996304e-03 9.867952205240726471e-03 9.842392988502979279e-03 2.892186678946018219e-02 1.952444016933441162e-02 1.734873652458190918e-02 7.187935523688793182e-03 3.658149158582091331e-03 1.357027678750455379e-03 1.505165640264749527e-02 9.047351777553558350e-03 1.971016824245452881e-02 1.228208281099796295e-02
2.579201711341738701e-03 1.400497858412563801e-03 8.342276215553283691e-01 7.395406719297170639e-03 1.347962953150272369e-02 1.995989680290222168e-02 1.475832983851432800e-02 5.811364576220512390e-02 1.898705586791038513e-02 2.179177477955818176e-02 5.322010722011327744e-03 1.772115565836429596e-02 1.181797869503498077e-02 1.625221781432628632e-02 2.403937093913555145e-02 1.395675539970397949e-02 7.878833450376987457e-03 2.200672030448913574e-02 1.570077240467071533e-02 2.637062454596161842e-03 3.315633628517389297e-03 4.207483679056167603e-02 4.125787818338721991e-04 1.738237799145281315e-03 3.353521693497896194e-03 8.299163542687892914e-03 3.954301029443740845e-02 1.198275573551654816e-02 1.115408446639776230e-02 1.299106143414974213e-02 1.157135888934135437e-02 1.092305127531290054e-02 8.383998647332191467e-03 9.063094854354858398e-03 1.353403832763433456e-02 7.728018332272768021e-03 1.217443868517875671e-02 3.097037225961685181e-02 9.829377755522727966e-03 2.475159429013729095e-02 3.206200897693634033e-02 1.260617189109325409e-02 5.068895872682332993e-03 2.240220084786415100e-02 1.725333393551409245e-03 8.903719717636704445e-04 1.101273577660322189e-02 8.508423343300819397e-03 2.815735340118408203e-02 2.180308662354946136e-02 6.894677411764860153e-03 6.112737464718520641e-04 3.218724578619003296e-02 2.787494100630283356e-02 1.231578923761844635e-02 2.520309947431087494e-02 1.323354523628950119e-02 1.500521507114171982e-02 2.206039056181907654e-02 2.024640515446662903e-02 1.665623113512992859e-02 2.593952417373657227e-02 3.528784727677702904e-03 4.666493274271488190e-03 3.116614557802677155e-02 3.386644273996353149e-02 7.470403332263231277e-03 2.243799157440662384e-03 1.942699961364269257e-02 2.852312102913856506e-02 1.711362972855567932e-02 1.862898282706737518e-02 9.975608438253402710e-03 2.516881376504898071e-02 9.276113705709576607e-04 1.735112816095352173e-02 6.998488213866949081e-03 8.232633583247661591e-03 7.387914694845676422e-03 1.667900010943412781e-02 6.440928578376770020e-02 4.885375499725341797e-02 1.010441686958074570e-03 8.795027621090412140e-03 3.370664489921182394e-04 2.077775076031684875e-03 4.483447968959808350e-02 4.547240957617759705e-02 5.364387296140193939e-03 1.059426367282867432e-02 1.160046085715293884e-03 3.418352827429771423e-02 1.439992454834282398e-03 4.014817997813224792e-02 9.754262864589691162e-03 1.416018418967723846e-02 1.737408526241779327e-02 2.122870832681655884e-02 7.445339113473892212e-03 6.476899143308401108e-03 2.078901976346969604e-02 2.123562060296535492e-02 2.566565573215484619e-02 3.023676760494709015e-02 2.813256345689296722e-02 1.351639814674854279e-02 9.829293936491012573e-03 2.180109918117523193e-02 1.616495847702026367e-02 2.425500191748142242e-02 1.606410369277000427e-02 1.852931454777717590e-02 1.067270338535308838e-02 4.045558162033557892e-03 1.674571447074413300e-02 1.448279619216918945e-02
1.150868833065032959e-02 8.513761684298515320e-03 7.395406719297170639e-03 8.342276215553283691e-01 1.087722182273864746e-01 7.785870693624019623e-03 1.087029837071895599e-02 9.555406868457794189e-03 9.821956045925617218e-03 6.863796734251081944e-04 1.800769753754138947e-02 1.976553164422512054e-02 1.897729746997356415e-02 2.228648774325847626e-02 3.078418085351586342e-03 1.034278329461812973e-02 1.326779741793870926e-02 2.845523320138454437e-02 5.895719863474369049e-03 7.081117946654558182e-03 1.166814472526311874e-02 1.131711644120514393e-03 5.167341325432062149e-03 8.377938065677881241e-04 8.112877607345581055e-03 1.956945098936557770e-02 7.471980061382055283e-03 3.127002716064453125e-02 2.000672370195388794e-02 2.908483706414699554e-02 7.064002100378274918e-03 1.888719270937144756e-03 1.320563722401857376e-02 5.298898555338382721e-03 1.038347557187080383e-02 7.123296149075031281e-03 1.196548528969287872e-02 4.129426961299031973e-04 7.829543948173522949e-02 3.641374409198760986e-02 1.933157327584922314e-03 5.024429876357316971e-03 2.492088126018643379e-03 2.300047548487782478e-03 1.786397420801222324e-03 6.259793415665626526e-03 9.834214113652706146e-03 1.291722245514392853e-02 7.449367083609104156e-03 1.033934485167264938e-02 9.587703389115631580e-04 9.798049926757812500e-03 1.877396367490291595e-02 2.761115320026874542e-03 2.802904928103089333e-03 7.196159102022647858e-03 6.877957843244075775e-03 4.276713356375694275e-03 3.374561667442321777e-03 7.639193441718816757e-03 5.793034285306930542e-02 2.280462905764579773e-02 6.422366481274366379e-03 9.490211494266986847e-03 2.544579282402992249e-02 2.031817473471164703e-02 1.535242423415184021e-03 4.197728121653199196e-04 4.080661106854677200e-03 1.481100451201200485e-03 1.526190550066530704e-03 1.581019908189773560e-02 9.192892163991928101e-02 4.821455106139183044e-03 4.870924353599548340e-02 1.337542850524187088e-02 5.370230879634618759e-03 1.660489663481712341e-02 2.091952972114086151e-02 2.579145319759845734e-02 1.048371079377830029e-03 8.789910934865474701e-03 4.142934456467628479e-02 4.229589179158210754e-02 1.717482460662722588e-03 3.802091116085648537e-03 1.209018868394196033e-03 5.320831667631864548e-03 1.977511122822761536e-02 4.150200635194778442e-02 1.563433371484279633e-02 2.525663236156105995e-03 1.326992083340883255e-02 4.146056715399026871e-03 4.188771918416023254e-02 2.048637159168720245e-02 6.854413542896509171e-03 9.522907435894012451e-03 7.940668612718582153e-03 1.927930279634892941e-03 3.416766179725527763e-03 5.537569988518953323e-03 1.127478294074535370e-02 6.472941488027572632e-03 2.071653120219707489e-02 1.891070976853370667e-02 3.093113191425800323e-04 1.031872257590293884e-02 2.386529929935932159e-02 3.758031642064452171e-03 7.796174613758921623e-04 1.125212572515010834e-02 1.610021106898784637e-03 8.504957077093422413e-04 6.638385821133852005e-03 1.521158125251531601e-02
1.294026430696249008e-02 1.913644932210445404e-02 1.347962953150272369e-02 1.087722182273864746e-01 8.342276215553283691e-01 9.412439540028572083e-03 1.673828065395355225e-02 3.685041330754756927e-03 1.296578440815210342e-02 1.005042693577706814e-03 4.769093357026576996e-03 9.100195951759815216e-03 4.229804966598749161e-03 5.961738061159849167e-03 1.075587049126625061e-02 6.153312511742115021e-03 1.106180530041456223e-02 1.672220416367053986e-02 1.175722386687994003e-02 1.356352958828210831e-02 2.418415062129497528e-02 8.002792485058307648e-03 3.578102914616465569e-03 1.567592727951705456e-03 6.213126704096794128e-03 2.575774490833282471e-02 1.373099815100431442e-02 3.295167163014411926e-02 2.455101162195205688e-02 4.083922132849693298e-02 3.507444169372320175e-03 9.019975550472736359e-03 6.551913917064666748e-03 1.320650987327098846e-02 5.653269472531974316e-04 6.627188064157962799e-03 1.259633712470531464e-02 4.315057769417762756e-03 5.579174682497978210e-02 4.169712960720062256e-02 1.372896879911422729e-02 7.364542689174413681e-03 1.538483705371618271e-02 7.571885827928781509e-03 5.445400718599557877e-03 9.865744039416313171e-03 5.767563357949256897e-03 3.280581673607230186e-03 2.604362787678837776e-03 5.159183405339717865e-03 1.929185725748538971e-02 2.953834831714630127e-02 2.768495352938771248e-03 1.186147145926952362e-02 1.287469733506441116e-02 1.017980976030230522e-03 1.392939314246177673e-02 4.018362145870923996e-03 7.965216063894331455e-04 1.757582835853099823e-02 3.620857372879981995e-02 1.085484679788351059e-02 1.170635456219315529e-03 7.680767681449651718e-03 1.353426557034254074e-02 7.145285489968955517e-04 1.421529613435268402e-02 1.120566762983798981e-02 4.246650729328393936e-03 8.507897146046161652e-04 2.571377903223037720e-03 2.264263108372688293e-02 6.537815183401107788e-02 3.738045459613204002e-03 5.818386748433113098e-02 5.563519895076751709e-03 6.191129214130342007e-04 8.422410464845597744e-04 2.290679141879081726e-02 2.029238454997539520e-02 8.770853281021118164e-03 1.402667537331581116e-02 3.024196811020374298e-02 4.872334003448486328e-02 1.161140948534011841e-02 9.549385868012905121e-04 4.830185323953628540e-03 7.475669961422681808e-03 2.809899859130382538e-02 4.054646193981170654e-02 8.395664626732468605e-04 5.947642028331756592e-03 3.191966330632567406e-03 1.813589222729206085e-02 2.904503978788852692e-02 1.647379063069820404e-02 6.122138816863298416e-03 5.706785246729850769e-03 1.554902456700801849e-02 1.009122468531131744e-02 2.219956833869218826e-03 5.568365100771188736e-03 3.688308876007795334e-03 5.760732106864452362e-03 3.102605463936924934e-03 1.322445739060640335e-02 7.552691735327243805e-03 9.235289762727916241e-04 1.727133430540561676e-02 1.170835923403501511e-02 5.722407717257738113e-03 1.142744254320859909e-02 1.793037727475166321e-02 1.486935419961810112e-03 2.087471308186650276e-03 2.108287811279296875e-02
5.978412181138992310e-02 6.739139556884765625e-02 1.995989680290222168e-02 7.785870693624019623e-03 9.412439540028572083e-03 8.342276215553283691e-01 7.048682123422622681e-02 1.337997615337371826e-02 1.826830022037029266e-02 1.833134889602661133e-02 3.399279341101646423e-02 3.799119964241981506e-02 3.283219411969184875e-02 4.018485173583030701e-02 2.317331917583942413e-02 2.299582585692405701e-02 1.689958386123180389e-02 2.469314262270927429e-02 1.445025391876697540e-02 2.937843836843967438e-02 3.266969323158264160e-02 1.251090504229068756e-02 2.650890871882438660e-02 2.197480201721191406e-02 3.848425671458244324e-02 3.675897419452667236e-02 1.339843310415744781e-02 2.120842225849628448e-02 4.106970503926277161e-03 1.258354075253009796e-02 3.219045931473374367e-03 1.663401909172534943e-02 2.159773744642734528e-02 2.026335895061492920e-02 7.784774061292409897e-03 5.161034874618053436e-03 1.046772673726081848e-02 1.408006716519594193e-02 1.144269760698080063e-02 5.849232897162437439e-03 8.166116662323474884e-03 2.607157919555902481e-03 1.625608652830123901e-02 1.319827511906623840e-02 1.545282267034053802e-02 6.061187013983726501e-03 6.486335396766662598e-02 3.862963244318962097e-02 1.593065261840820312e-02 4.374362528324127197e-03 1.410245336592197418e-02 1.668389886617660522e-02 9.476073086261749268e-03 2.751631895080208778e-03 4.396738950163125992e-03 1.106679812073707581e-02 2.065551280975341797e-02 1.849404536187648773e-02 4.706620238721370697e-03 6.028744392096996307e-03 1.000068709254264832e-02 1.099930889904499054e-02 1.333013456314802170e-02 6.617608945816755295e-03 1.246574241667985916e-02 5.278963129967451096e-03 2.810322307050228119e-02 3.238390386104583740e-02 8.987951092422008514e-03 1.544872485101222992e-02 1.064035668969154358e-02 6.531080231070518494e-03 4.360589955467730761e-04 2.325043641030788422e-02 2.057952573522925377e-03 1.175442710518836975e-02 3.106398042291402817e-03 2.015090920031070709e-02 8.833233267068862915e-03 1.423579547554254532e-02 1.778237894177436829e-02 1.859436370432376862e-02 1.352721266448497772e-02 1.743843592703342438e-02 1.247800327837467194e-02 1.852520555257797241e-02 2.578357048332691193e-02 2.354039810597896576e-02 1.505490578711032867e-02 9.019708260893821716e-03 2.986305579543113708e-02 7.640220224857330322e-03 1.721131429076194763e-02 1.169789023697376251e-02 3.608172060921788216e-03 6.253272760659456253e-03 2.558323927223682404e-02 1.931584440171718597e-02 9.180819615721702576e-03 9.282106533646583557e-03 1.087542250752449036e-02 1.257515605539083481e-02 1.440798677504062653e-02 1.346652768552303314e-02 2.156414557248353958e-03 1.430092193186283112e-02 2.170250378549098969e-02 2.203351072967052460e-02 1.059427298605442047e-02 1.922852173447608948e-02 1.712730526924133301e-02 1.316147949546575546e-02 1.766895689070224762e-02 6.845366675406694412e-03 2.642155438661575317e-02 1.626006700098514557e-02
5.093234032392501831e-02 6.407991796731948853e-02 1.475832983851432800e-02 1.087029837071895599e-02 1.673828065395355225e-02 7.048682123422622681e-02 8.342276215553283691e-01 1.496377959847450256e-02 2.649410255253314972e-02 1.035717688500881195e-02 3.773086145520210266e-02 2.695160172879695892e-02 4.073730111122131348e-02 3.518098220229148865e-02 2.600881084799766541e-02 1.274715829640626907e-02 7.979611866176128387e-03 2.584092505276203156e-02 8.257898502051830292e-03 2.863982878625392914e-02 3.261193633079528809e-02 1.028527226299047470e-02 2.542528510093688965e-02 2.118241786956787109e-02 3.508490324020385742e-02 3.548038378357887268e-02 5.195484030991792679e-03 8.560123853385448456e-03 7.788469083607196808e-03 2.462437842041254044e-03 9.971094317734241486e-03 1.783643662929534912e-02 1.603462919592857361e-02 1.806025207042694092e-02 6.827793084084987640e-03 6.230116821825504303e-03 1.580394618213176727e-02 1.375637669116258621e-02 1.634441688656806946e-02 2.531294012442231178e-03 3.881477285176515579e-03 1.111640036106109619e-02 3.195207566022872925e-02 1.254843734204769135e-02 2.256988734006881714e-02 1.161115057766437531e-02 6.985147297382354736e-02 5.498667806386947632e-02 3.856980707496404648e-03 1.539085898548364639e-02 3.806108376011252403e-03 3.192675486207008362e-02 7.422163616865873337e-03 1.255393144674599171e-03 1.021597161889076233e-02 5.014408379793167114e-03 2.054390683770179749e-02 2.434188500046730042e-02 7.391984574496746063e-03 6.921717431396245956e-04 9.137420915067195892e-03 6.431723944842815399e-03 1.848503388464450836e-02 1.313701458275318146e-02 2.465151250362396240e-03 6.222014781087636948e-03 3.376452997326850891e-02 3.669630363583564758e-02 1.087468396872282028e-02 5.691294558346271515e-03 8.930118754506111145e-03 1.172943739220499992e-03 8.269448764622211456e-03 1.380297262221574783e-02 1.599401235580444336e-02 2.269558608531951904e-03 1.088600419461727142e-02 1.696206629276275635e-02 5.079573020339012146e-04 7.255719974637031555e-03 2.106984704732894897e-02 1.435532607138156891e-02 8.091048337519168854e-03 1.862573809921741486e-02 1.288936007767915726e-02 3.043580986559391022e-02 3.069405816495418549e-02 1.991591788828372955e-02 1.130514685064554214e-02 1.958971843123435974e-02 3.413455933332443237e-02 1.537302276119589806e-03 3.003923222422599792e-02 5.463067907840013504e-03 3.150197444483637810e-03 3.410206409171223640e-03 2.143274992704391479e-02 1.314912084490060806e-02 1.223167777061462402e-02 1.715943031013011932e-02 3.637493588030338287e-03 1.321299374103546143e-02 8.288539946079254150e-03 8.104535751044750214e-03 2.931024879217147827e-03 2.736405469477176666e-02 1.835420168936252594e-02 1.312924828380346298e-02 7.525295484811067581e-03 3.773949574679136276e-03 1.513592991977930069e-02 4.685449879616498947e-03 2.572408318519592285e-02 1.877319253981113434e-02 1.778497733175754547e-02 1.663956232368946075e-02
3.930868580937385559e-03 3.399271226953715086e-04 5.811364576220512390e-02 9.555406868457794189e-03 3.685041330754756927e-03 1.337997615337371826e-02 1.496377959847450256e-02 8.342276215553283691e-01 2.910635666921734810e-03 1.687882281839847565e-02 2.791689522564411163e-02 4.520080983638763428e-03 2.807934768497943878e-02 5.402767565101385117e-03 5.774781480431556702e-02 1.099593006074428558e-02 7.051700260490179062e-03 1.007304340600967407e-02 1.027413271367549896e-02 1.024797465652227402e-02 5.952362436801195145e-03 4.489393159747123718e-02 4.598337225615978241e-03 7.882227189838886261e-03 3.044457116629928350e-04 1.597294956445693970e-02 2.704800479114055634e-02 1.057580113410949707e-02 2.272958494722843170e-02 2.954660216346383095e-03 1.362008787691593170e-02 1.590502075850963593e-02 4.853616468608379364e-03 1.865182258188724518e-02 2.067846618592739105e-02 1.543885190039873123e-02 1.183362305164337158e-02 3.066884726285934448e-02 8.944626897573471069e-03 2.923566149547696114e-03 1.969812065362930298e-02 7.575319148600101471e-03 1.350869704037904739e-02 9.890091605484485626e-03 1.743429526686668396e-02 1.569394581019878387e-02 4.244802054017782211e-03 6.236492190510034561e-04 1.086267549544572830e-02 2.440825663506984711e-02 9.035249240696430206e-03 3.858852433040738106e-03 3.214451298117637634e-02 3.195635974407196045e-02 3.980742767453193665e-03 2.744921110570430756e-02 7.663203403353691101e-03 1.668696664273738861e-02 4.099449887871742249e-02 3.030437603592872620e-02 1.447063311934471130e-02 2.239564992487430573e-02 9.582608618075028062e-05 6.639617960900068283e-03 3.778151050209999084e-02 2.871072292327880859e-02 4.848674405366182327e-03 6.119461264461278915e-03 7.299402263015508652e-03 2.016912028193473816e-02 4.097960889339447021e-03 8.355829864740371704e-03 1.395824365317821503e-02 2.029567956924438477e-02 1.802140474319458008e-02 8.772001601755619049e-03 5.795028991997241974e-04 3.105843439698219299e-03 1.512912847101688385e-02 1.622906886041164398e-02 7.479549944400787354e-02 5.690043047070503235e-02 3.123258473351597786e-03 2.019460499286651611e-02 6.393975112587213516e-03 1.228547887876629829e-03 6.085065752267837524e-02 4.987588524818420410e-02 5.581723991781473160e-03 7.031743880361318588e-03 7.194395642727613449e-03 3.707113489508628845e-02 9.186403825879096985e-03 2.424396947026252747e-02 1.344157150015234947e-03 2.878777496516704559e-02 2.221759967505931854e-02 9.181337431073188782e-03 5.036461632698774338e-03 3.711606841534376144e-03 2.753228135406970978e-02 2.979668229818344116e-02 2.019018121063709259e-02 1.796245388686656952e-02 2.514179050922393799e-02 3.587712347507476807e-02 2.212584204971790314e-02 1.908622123301029205e-02 2.062898315489292145e-02 1.636089384555816650e-02 1.497165020555257797e-02 1.153913885354995728e-02 1.640487834811210632e-02 1.595553569495677948e-02 1.362619735300540924e-02 4.232130013406276703e-03
5.046541802585124969e-03 8.135644719004631042e-03 1.898705586791038513e-02 9.821956045925617218e-03 1.296578440815210342e-02 1.826830022037029266e-02 2.649410255253314972e-02 2.910635666921734810e-03 8.342276215553283691e-01 4.871962219476699829e-02 1.384387142024934292e-03 2.523105219006538391e-02 1.591206155717372894e-02 4.044105764478445053e-03 8.155209943652153015e-03 1.337621943093836308e-03 2.524049952626228333e-02 5.062293633818626404e-02 2.299406193196773529e-02 2.190776867792010307e-03 7.920459844172000885e-03 2.395498333498835564e-03 1.974741742014884949e-02 2.526688016951084137e-02 1.388243399560451508e-03 8.708680979907512665e-03 5.849068402312695980e-04 1.746393926441669464e-02 2.650913037359714508e-02 2.656917786225676537e-03 2.321640786249190569e-04 1.767562143504619598e-02 1.111186947673559189e-02 1.169170904904603958e-02 2.357650548219680786e-02 3.411631286144256592e-02 8.308344520628452301e-03 1.217275508679449558e-03 2.092191018164157867e-02 2.813960053026676178e-02 1.796873635612428188e-03 4.675864055752754211e-02 2.044023573398590088e-02 3.392230952158570290e-03 6.257711909711360931e-03 1.911456231027841568e-03 4.038188979029655457e-02 2.841178886592388153e-02 3.316478431224822998e-02 5.127958138473331928e-04 3.672225028276443481e-02 1.400913950055837631e-02 2.459793351590633392e-03 1.756159705109894276e-03 3.762651979923248291e-02 1.309616584330797195e-02 1.002498436719179153e-02 1.899412460625171661e-02 2.764910459518432617e-03 8.511505089700222015e-03 1.778872217983007431e-03 3.679656423628330231e-03 1.769025810062885284e-02 1.134896464645862579e-02 6.173871457576751709e-03 1.013837847858667374e-02 7.629534695297479630e-03 2.794380066916346550e-03 1.717818714678287506e-02 1.249315775930881500e-02 1.818522997200489044e-02 1.858938951045274734e-03 8.477888070046901703e-03 9.994756430387496948e-03 9.432340040802955627e-03 8.453567512333393097e-03 8.378832787275314331e-02 6.517347693443298340e-02 3.536675497889518738e-02 1.166593190282583237e-02 4.835597239434719086e-03 7.621967233717441559e-04 7.606892846524715424e-03 9.030838496983051300e-03 3.782376181334257126e-03 5.429976154118776321e-03 1.222783979028463364e-02 1.921200426295399666e-03 3.615416586399078369e-02 1.169668976217508316e-02 2.441125549376010895e-02 6.315443199127912521e-03 1.127526350319385529e-02 1.830422552302479744e-03 3.090325510129332542e-03 1.517153810709714890e-03 2.986725885421037674e-03 1.863463781774044037e-02 4.755732044577598572e-02 4.029416665434837341e-02 2.169752120971679688e-02 1.899766549468040466e-02 1.851718989200890064e-03 1.102981530129909515e-02 4.055568948388099670e-03 9.268164634704589844e-03 4.051907453685998917e-03 2.868792042136192322e-03 2.235529758036136627e-02 1.212991075590252876e-03 6.839372683316469193e-03 5.909532308578491211e-03 1.106889825314283371e-02 1.269961521029472351e-02 1.196884270757436752e-02 1.919358409941196442e-02
1.127456221729516983e-02 6.873789709061384201e-03 2.179177477955818176e-02 6.863796734251081944e-04 1.005042693577706814e-03 1.833134889602661133e-02 1.035717688500881195e-02 1.687882281839847565e-02 4.871962219476699829e-02 8.342276215553283691e-01 8.465095888823270798e-04 9.160039946436882019e-03 9.061409160494804382e-03 2.773571526631712914e-03 3.373523708432912827e-03 4.084490705281496048e-03 1.419010479003190994e-02 8.527726866304874420e-03 5.610731244087219238e-02 1.469809561967849731e-02 2.005770429968833923e-02 7.011041976511478424e-03 1.086411252617835999e-02 3.015486709773540497e-02 1.478862483054399490e-02 7.393205072730779648e-03 2.798586152493953705e-03 3.526875050738453865e-03 1.829605433158576488e-03 1.029439270496368408e-02 1.779534481465816498e-02 9.241855703294277191e-03 2.394864894449710846e-02 1.402189373038709164e-03 3.878722898662090302e-03 1.598819904029369354e-02 9.030906483530998230e-03 7.256581913679838181e-03 1.709768176078796387e-02 9.327778592705726624e-03 8.840838447213172913e-03 3.929253667593002319e-02 2.966466546058654785e-02 1.016343012452125549e-02 3.560126351658254862e-04 1.617510430514812469e-02 1.868993416428565979e-02 1.155467983335256577e-02 2.861347980797290802e-02 5.234454944729804993e-02 1.006520166993141174e-02 3.839657874777913094e-03 5.081698298454284668e-03 7.462289649993181229e-03 1.939927972853183746e-02 7.132649421691894531e-02 1.244151033461093903e-02 3.372164815664291382e-02 1.130654010921716690e-03 8.076312020421028137e-03 1.541232969611883163e-02 2.523803897202014923e-02 2.500419504940509796e-02 6.592496763914823532e-03 1.281188987195491791e-02 5.151420366019010544e-03 3.691144986078143120e-03 1.023511402308940887e-02 1.274766772985458374e-02 1.188687980175018311e-02 3.187342733144760132e-02 1.193050201982259750e-02 1.658240891993045807e-02 1.092457305639982224e-02 1.091344840824604034e-02 9.389494545757770538e-03 1.413035672158002853e-02 8.442477881908416748e-02 2.165688574314117432e-02 6.377090513706207275e-02 1.050850935280323029e-02 3.898796567227691412e-04 1.600572094321250916e-02 2.540558949112892151e-02 8.925457485020160675e-03 3.016210533678531647e-02 1.912114210426807404e-03 3.709807526320219040e-03 2.434372669085860252e-03 4.324113577604293823e-02 5.870101507753133774e-03 9.210770367644727230e-04 5.355961155146360397e-03 9.236788027919828892e-04 1.369849429465830326e-03 3.147068619728088379e-02 3.726260736584663391e-03 5.008957814425230026e-03 3.071011044085025787e-02 3.311660513281822205e-02 2.661526761949062347e-02 2.108585648238658905e-02 1.201910804957151413e-02 3.392413258552551270e-03 5.358522757887840271e-03 6.714874412864446640e-03 3.387526609003543854e-03 8.694217540323734283e-03 2.428009547293186188e-02 3.570880508050322533e-04 1.026799529790878296e-02 1.049642730504274368e-02 2.202044473960995674e-03 1.961000636219978333e-02 9.118049405515193939e-03 1.459937077015638351e-02
5.186902359127998352e-02 5.159014463424682617e-02 5.322010722011327744e-03 1.800769753754138947e-02 4.769093357026576996e-03 3.399279341101646423e-02 3.773086145520210266e-02 2.791689522564411163e-02 1.384387142024934292e-03 8.465095888823270798e-04 8.342276215553283691e-01 2.564430609345436096e-02 6.687937676906585693e-02 1.690689660608768463e-02 2.137789316475391388e-02 2.480836212635040283e-02 1.878264732658863068e-02 4.720164928585290909e-03 6.210886873304843903e-03 2.816385403275489807e-02 3.162108361721038818e-02 2.103237807750701904e-02 2.044700831174850464e-02 1.991643384099006653e-02 3.866430744528770447e-02 3.281140699982643127e-02 4.489991348236799240e-03 1.151340268552303314e-02 3.298870474100112915e-02 6.540935020893812180e-03 3.717580810189247131e-02 2.952553518116474152e-02 1.302325259894132614e-02 2.660804614424705505e-02 1.295522507280111313e-02 1.318778563290834427e-02 9.949782863259315491e-03 8.758387528359889984e-03 3.786427434533834457e-03 1.647736062295734882e-03 1.519551128149032593e-02 1.003499981015920639e-02 2.796785533428192139e-02 5.707039497792720795e-03 3.301066160202026367e-02 1.920331083238124847e-02 4.587792977690696716e-02 4.544028267264366150e-02 5.009250249713659286e-03 1.336887199431657791e-02 1.127546560019254684e-02 9.346472099423408508e-03 2.050821296870708466e-02 9.139422327280044556e-03 6.091563962399959564e-03 3.595768939703702927e-04 2.763281576335430145e-02 2.685643173754215240e-02 9.598989970982074738e-03 1.109827659092843533e-03 1.089968904852867126e-02 4.506546538323163986e-03 2.341811312362551689e-03 6.887144409120082855e-04 2.852730266749858856e-02 2.840247750282287598e-02 3.209193423390388489e-02 2.602867223322391510e-02 1.934818178415298462e-02 1.074762176722288132e-02 8.286204189062118530e-03 1.316123548895120621e-02 1.425865199416875839e-02 6.677230820059776306e-03 6.310364697128534317e-03 8.264559321105480194e-03 1.022516377270221710e-02 9.474979597143828869e-04 7.514919154345989227e-03 2.131625544279813766e-03 1.948138885200023651e-02 1.333713997155427933e-02 4.506286233663558960e-03 1.153006311506032944e-02 1.816130615770816803e-02 1.766489259898662567e-02 2.054972574114799500e-02 1.806272380053997040e-02 1.695041358470916748e-02 1.254209055332466960e-04 4.734176769852638245e-02 2.790828049182891846e-02 4.205134510993957520e-02 1.227108947932720184e-02 1.741709746420383453e-02 1.872910931706428528e-02 1.433225814253091812e-02 1.053993357345461845e-03 9.589330293238162994e-03 2.196696400642395020e-02 1.198307424783706665e-02 2.019934728741645813e-02 9.450134821236133575e-03 5.493647884577512741e-03 7.332165259867906570e-03 1.078510284423828125e-02 3.220781683921813965e-02 1.388898491859436035e-02 2.672309987246990204e-02 1.279587973840534687e-03 8.330982178449630737e-03 4.654136952012777328e-03 2.339372783899307251e-02 1.986312121152877808e-02 7.714510895311832428e-03 5.203030537813901901e-03
1.991781592369079590e-02 2.412697300314903259e-02 1.772115565836429596e-02 1.976553164422512054e-02 9.100195951759815216e-03 3.799119964241981506e-02 2.695160172879695892e-02 4.520080983638763428e-03 2.523105219006538391e-02 9.160039946436882019e-03 2.564430609345436096e-02 8.342276215553283691e-01 1.569174416363239288e-02 6.784272193908691406e-02 4.759279545396566391e-03 1.715367101132869720e-02 2.520459331572055817e-02 1.112652383744716644e-02 1.706139184534549713e-02 2.008823864161968231e-02 2.518319524824619293e-02 6.999917794018983841e-03 4.572626203298568726e-02 4.117638245224952698e-02 2.392892539501190186e-02 2.427373267710208893e-02 2.338296547532081604e-02 4.345998167991638184e-02 4.975398071110248566e-03 2.702886611223220825e-02 2.490194886922836304e-02 1.290281215915456414e-04 1.727596856653690338e-02 1.086070574820041656e-02 1.360406726598739624e-02 6.264246068894863129e-03 9.030618704855442047e-03 1.202759984880685806e-02 8.545018499717116356e-04 1.977587817236781120e-03 1.184666715562343597e-02 1.954418234527111053e-02 2.848197519779205322e-02 2.114067040383815765e-02 4.729364812374114990e-02 3.309638053178787231e-02 1.981604658067226410e-02 1.793031208217144012e-02 2.509336546063423157e-02 2.074563689529895782e-02 3.722793608903884888e-02 3.872353211045265198e-02 3.064424265176057816e-03 5.240196362137794495e-03 6.416344083845615387e-03 3.128893300890922546e-02 8.362007327377796173e-03 8.941145613789558411e-03 7.893140427768230438e-03 8.504276163876056671e-03 1.803454943001270294e-02 3.356273099780082703e-02 8.129375055432319641e-03 6.452544592320919037e-03 7.007123203948140144e-04 3.771397285163402557e-03 8.511474356055259705e-03 1.456368435174226761e-02 2.373448340222239494e-03 3.640766069293022156e-02 2.273235237225890160e-03 1.505620684474706650e-02 1.051613828167319298e-03 3.110122308135032654e-02 1.696415804326534271e-02 8.994895964860916138e-03 3.387297317385673523e-02 1.099355705082416534e-02 2.818453870713710785e-02 1.371663762256503105e-03 1.557253766804933548e-02 1.144842430949211121e-02 2.935769734904170036e-03 1.185174565762281418e-03 9.486850351095199585e-03 6.598784122616052628e-03 3.114809282124042511e-03 8.067097514867782593e-03 4.590026289224624634e-02 1.764143817126750946e-02 2.511980384588241577e-02 1.361423451453447342e-02 2.735316753387451172e-02 1.466828957200050354e-02 4.265009425580501556e-03 2.142051933333277702e-03 8.593890815973281860e-03 1.911538466811180115e-02 1.630989834666252136e-02 2.197034470736980438e-02 3.444464178755879402e-03 8.855983032844960690e-04 8.473939262330532074e-03 1.525399740785360336e-02 1.751914061605930328e-02 8.640957064926624298e-03 1.245954353362321854e-02 3.226990625262260437e-02 4.110576584935188293e-03 1.652591116726398468e-02 1.594023965299129486e-02 1.520709134638309479e-02 2.651974558830261230e-02 2.885704301297664642e-02 1.106715761125087738e-02 1.011918857693672180e-02
4.712986201047897339e-02 4.847957938909530640e-02 1.181797869503498077e-02 1.897729746997356415e-02 4.229804966598749161e-03 3.283219411969184875e-02 4.073730111122131348e-02 2.807934768497943878e-02 1.591206155717372894e-02 9.061409160494804382e-03 6.687937676906585693e-02 1.569174416363239288e-02 8.342276215553283691e-01 1.260123215615749359e-02 2.265973016619682312e-02 2.337258309125900269e-02 9.804989211261272430e-03 1.061731670051813126e-02 6.665468681603670120e-03 1.912067085504531860e-02 2.109619043767452240e-02 2.738071605563163757e-02 1.172878593206405640e-02 8.741897530853748322e-03 2.657173573970794678e-02 2.606508508324623108e-02 1.041393447667360306e-02 9.131207130849361420e-03 4.328211396932601929e-02 1.180031150579452515e-02 4.755123332142829895e-02 1.826169714331626892e-02 6.421647034585475922e-03 2.304584719240665436e-02 9.071155451238155365e-03 8.186691557057201862e-04 1.556099951267242432e-02 9.918964467942714691e-03 4.546714480966329575e-03 1.035035029053688049e-02 2.065311186015605927e-02 4.395757801830768585e-03 1.918173953890800476e-02 7.739894208498299122e-04 3.446407988667488098e-02 2.501662075519561768e-02 5.289649218320846558e-02 5.618500337004661560e-02 3.714366815984249115e-03 1.019078120589256287e-02 1.151123922318220139e-02 1.466271933168172836e-02 2.319507859647274017e-02 1.663115248084068298e-02 5.332274362444877625e-03 5.387423560023307800e-03 2.514549903571605682e-02 2.386901900172233582e-02 7.314518559724092484e-03 1.226722169667482376e-02 4.387866239994764328e-03 1.758903497830033302e-03 7.452526595443487167e-03 5.533816292881965637e-03 2.211295440793037415e-02 4.033640772104263306e-02 2.328313142061233521e-02 1.911653764545917511e-02 2.136759832501411438e-02 1.755074411630630493e-02 1.321051549166440964e-02 1.699564792215824127e-02 1.882148347795009613e-02 1.154561899602413177e-02 8.492001332342624664e-03 1.003749109804630280e-02 1.018961309455335140e-03 1.474206522107124329e-02 1.118616014719009399e-02 1.283113961108028889e-03 1.873691007494926453e-02 1.926163397729396820e-02 7.034133654087781906e-03 5.452029407024383545e-03 1.396409887820482254e-02 9.186048991978168488e-03 1.513570733368396759e-02 2.136313728988170624e-02 8.463046513497829437e-03 4.095954354852437973e-03 5.359302461147308350e-02 2.721705660223960876e-02 5.240062251687049866e-02 2.208825573325157166e-02 3.559344331733882427e-04 8.761762641370296478e-03 1.022934541106224060e-02 1.875328598544001579e-04 1.003306242637336254e-03 1.298422273248434067e-02 1.543267723172903061e-02 2.219779603183269501e-02 1.379203423857688904e-02 7.834188640117645264e-03 1.172514259815216064e-02 2.346758497878909111e-03 2.649690024554729462e-02 6.213351618498563766e-03 2.513156086206436157e-02 1.061478909105062485e-02 5.959009286016225815e-03 7.686201483011245728e-03 2.531698904931545258e-02 1.712377555668354034e-02 9.677602909505367279e-03 7.712595630437135696e-03
