8.389300107955932617e-01 5.863784626126289368e-02 2.507041022181510925e-02 4.208219703286886215e-03 1.661278773099184036e-03 5.506378784775733948e-02 4.914866015315055847e-02 2.671964839100837708e-02 2.382072620093822479e-03 1.156648248434066772e-02 6.215286627411842346e-02 3.941749688237905502e-03 5.745832249522209167e-02 7.243467494845390320e-03 3.379995748400688171e-02 5.211153533309698105e-03 5.035176407545804977e-03 7.929700426757335663e-03 1.014469098299741745e-02 1.194188278168439865e-02 4.218600224703550339e-03 3.339137509465217590e-02 3.531318623572587967e-03 5.221277009695768356e-03 1.346711628139019012e-02 1.898216083645820618e-02 4.298622906208038330e-02 1.841038092970848083e-02 1.556397974491119385e-02 3.687147109303623438e-04 2.220219373703002930e-02 1.157595589756965637e-02 1.458292547613382339e-02 8.195156231522560120e-03 1.028460729867219925e-02 3.411262482404708862e-02 2.994690835475921631e-02 2.351655252277851105e-02 3.224050626158714294e-03 2.306570066139101982e-03 7.910365238785743713e-03 3.067627316340804100e-03 8.578968234360218048e-03 2.240054681897163391e-02 1.974164694547653198e-02 2.055233903229236603e-02 4.796932265162467957e-02 2.930067293345928192e-02 3.929107915610074997e-03 3.014008747413754463e-03 1.687302067875862122e-02 1.525909733027219772e-02 1.139472331851720810e-02 1.094280183315277100e-02 5.767909344285726547e-03 2.972851507365703583e-02 3.888444276526570320e-03 1.798743009567260742e-02 7.752231322228908539e-03 5.858975462615489960e-03 4.836598411202430725e-03 1.082784496247768402e-03 3.500051330775022507e-03 9.824849665164947510e-03 1.971765980124473572e-02 1.870477572083473206e-02 1.226508431136608124e-02 2.827749121934175491e-03 6.598904146812856197e-04 1.626174151897430420e-02 5.958919879049062729e-03 1.407773233950138092e-02 6.105515174567699432e-03 8.341521956026554108e-03 1.188184879720211029e-02 1.319750794209539890e-03 2.165994839742779732e-03 1.024183467961847782e-03 9.100243449211120605e-03 8.398736827075481415e-03 1.935633830726146698e-03 2.222844585776329041e-02 1.639891602098941803e-02 1.218606717884540558e-02 2.711357176303863525e-02 7.118519861251115799e-03 2.527446299791336060e-02 2.887499332427978516e-02 2.971916925162076950e-03 2.291211858391761780e-03 3.077943995594978333e-02 3.455489128828048706e-02 1.648189313709735870e-02 3.752922639250755310e-02 3.040219843387603760e-02 2.627229504287242889e-02 1.962912455201148987e-02 8.679309859871864319e-03 8.679122664034366608e-03 1.206663670018315315e-03 1.501507498323917389e-02 3.490650095045566559e-03 2.417380176484584808e-02 1.598892733454704285e-02 6.120998878031969070e-03 5.682070739567279816e-03 1.179040037095546722e-02 2.995987655594944954e-03 9.769004769623279572e-03 1.761920936405658722e-02 2.639765851199626923e-02 2.064894698560237885e-02 1.885592751204967499e-02 8.580853231251239777e-03 3.523153439164161682e-02 4.998927470296621323e-03
5.863784626126289368e-02 8.389300107955932617e-01 2.695386298000812531e-02 8.195740170776844025e-03 1.907999813556671143e-02 4.445561766624450684e-02 5.345473811030387878e-02 1.439949870109558105e-02 1.484018517658114433e-03 2.073419280350208282e-02 6.602162122726440430e-02 5.133888684213161469e-03 6.466834992170333862e-02 1.872881129384040833e-02 3.469162434339523315e-02 7.759782020002603531e-03 1.649006269872188568e-02 8.133024908602237701e-03 1.581718586385250092e-02 3.095029108226299286e-02 2.195209451019763947e-02 2.809817157685756683e-02 1.800341717898845673e-02 1.341793499886989594e-02 1.743180304765701294e-02 2.249035425484180450e-02 2.347245626151561737e-02 2.366843819618225098e-02 9.942580014467239380e-03 1.454594079405069351e-02 1.387071516364812851e-02 7.475676247850060463e-04 1.209632307291030884e-02 1.670143567025661469e-03 8.622509427368640900e-03 3.268202394247055054e-02 3.230404108762741089e-02 6.364855915307998657e-03 5.426245043054223061e-04 5.214685574173927307e-03 3.615395398810505867e-03 6.640873849391937256e-03 1.094399485737085342e-02 1.374931167811155319e-02 1.332088746130466461e-02 7.898344658315181732e-03 4.461410269141197205e-02 3.262241929769515991e-02 1.365575473755598068e-02 1.730607077479362488e-02 3.782754996791481972e-03 7.947575300931930542e-03 9.402793832123279572e-03 2.237800695002079010e-02 5.804139655083417892e-03 3.293458605185151100e-03 1.021732389926910400e-02 1.658520475029945374e-02 1.763646863400936127e-02 2.122572250664234161e-02 8.505872450768947601e-03 6.987202912569046021e-03 1.280014403164386749e-04 6.036455277353525162e-03 2.173520065844058990e-02 2.300988323986530304e-02 2.620639465749263763e-02 1.696605049073696136e-02 4.837398009840399027e-04 1.334478240460157394e-02 2.012945711612701416e-02 1.518331002444028854e-02 5.505834706127643585e-03 2.144871093332767487e-02 9.724991396069526672e-03 1.808733120560646057e-02 1.064870785921812057e-02 4.701551049947738647e-03 1.868207822553813457e-03 1.528839208185672760e-02 2.336916746571660042e-03 1.868488034233450890e-04 9.686281904578208923e-03 1.249004621058702469e-02 1.552739553153514862e-02 6.051282398402690887e-03 2.718493901193141937e-02 8.446797728538513184e-03 5.729762837290763855e-03 6.257970351725816727e-03 2.383877709507942200e-02 2.481899969279766083e-02 1.244023349136114120e-02 3.383900225162506104e-02 1.112376898527145386e-02 4.581815097481012344e-03 2.315085381269454956e-02 2.468510530889034271e-02 4.644337575882673264e-03 9.071663953363895416e-04 2.688746433705091476e-03 5.469497409649193287e-04 1.527595985680818558e-02 1.667708903551101685e-02 8.665504865348339081e-03 3.904727054759860039e-03 4.195721354335546494e-03 6.138587836176156998e-03 7.478510960936546326e-03 2.464761026203632355e-03 1.869871467351913452e-02 3.473954647779464722e-02 2.194912545382976532e-02 1.957059092819690704e-02 7.667927537113428116e-03 4.217869136482477188e-03
2.507041022181510925e-02 2.695386298000812531e-02 8.389300107955932617e-01 5.585214239545166492e-04 4.353073891252279282e-03 1.550322677940130234e-02 1.884378306567668915e-02 6.155648082494735718e-02 1.381616387516260147e-02 2.955585252493619919e-03 1.412468962371349335e-02 2.148979110643267632e-03 1.421292312443256378e-02 1.435224898159503937e-02 7.570860907435417175e-04 4.338213708251714706e-03 1.011627260595560074e-02 2.316373400390148163e-03 1.751511357724666595e-02 3.258595615625381470e-02 1.829235255718231201e-02 1.432096702046692371e-03 1.908588781952857971e-02 1.866547390818595886e-02 1.366838533431291580e-02 2.034161984920501709e-02 3.246799809858202934e-03 1.144912838935852051e-02 9.352495893836021423e-03 1.982291415333747864e-02 4.445331171154975891e-03 8.054418489336967468e-03 1.857016980648040771e-02 1.290265005081892014e-02 1.602136716246604919e-02 2.972566150128841400e-02 3.386997058987617493e-02 7.508216891437768936e-03 1.755223795771598816e-02 7.530765607953071594e-03 6.153500173240900040e-03 1.504111476242542267e-02 2.917257137596607208e-02 1.402212493121623993e-02 1.222524675540626049e-03 6.900073960423469543e-03 6.584013812243938446e-03 1.047661248594522476e-02 8.271319791674613953e-03 1.366641186177730560e-02 1.253053266555070877e-02 1.940958388149738312e-02 9.135934524238109589e-03 7.834117859601974487e-03 7.812471129000186920e-03 7.924431934952735901e-03 4.440623160917311907e-04 2.045318856835365295e-02 2.626245096325874329e-02 9.508297662250697613e-04 7.574067451059818268e-03 1.759639196097850800e-02 1.079155877232551575e-02 1.201303210109472275e-02 9.194110520184040070e-03 8.637127466499805450e-03 2.275402098894119263e-02 2.555694989860057831e-02 1.627145335078239441e-02 8.946293964982032776e-03 1.808509975671768188e-02 7.592704612761735916e-03 7.160139270126819611e-03 1.262173335999250412e-02 1.467770052840933204e-04 5.158869549632072449e-03 1.305787730962038040e-02 1.858546584844589233e-02 4.674346651881933212e-03 9.072035551071166992e-03 5.439841747283935547e-02 6.683422625064849854e-02 2.008489146828651428e-02 3.049043240025639534e-03 2.237312309443950653e-02 1.942970231175422668e-02 2.703545987606048584e-02 2.353330142796039581e-02 5.671195685863494873e-03 1.542103663086891174e-02 1.655770093202590942e-02 1.844011805951595306e-02 2.111014723777770996e-02 1.270794216543436050e-02 1.816616207361221313e-02 1.424057874828577042e-02 2.357494458556175232e-02 2.080477215349674225e-02 2.187054790556430817e-02 2.472261711955070496e-02 1.278164796531200409e-02 1.301161199808120728e-02 2.027891390025615692e-02 2.224154770374298096e-02 7.510416326113045216e-04 7.407838478684425354e-03 1.902222051285207272e-03 1.386235374957323074e-02 5.644627846777439117e-03 7.384069263935089111e-03 1.591897197067737579e-02 2.820843458175659180e-02 1.931148767471313477e-02 3.032095171511173248e-02 2.278076671063899994e-02 5.074584856629371643e-03
4.208219703286886215e-03 8.195740170776844025e-03 5.585214239545166492e-04 8.389300107955932617e-01 6.863803416490554810e-02 2.806574804708361626e-03 8.574834093451499939e-03 1.963762566447257996e-03 1.323562860488891602e-02 5.618710536509752274e-03 2.728317631408572197e-03 9.628397412598133087e-03 6.807437748648226261e-04 1.198016013950109482e-02 2.017461881041526794e-02 1.843406818807125092e-02 2.608504146337509155e-02 2.802237682044506073e-02 3.045557439327239990e-02 2.567986398935317993e-02 3.227301687002182007e-02 4.876469261944293976e-03 8.011402562260627747e-03 5.408154800534248352e-03 2.482080645859241486e-02 1.834421046078205109e-02 1.512345112860202789e-02 1.349310670047998428e-02 1.934328675270080566e-02 2.065640315413475037e-02 1.104061771184206009e-02 3.007502108812332153e-02 2.064359560608863831e-02 2.924995496869087219e-02 2.031980641186237335e-02 1.437384076416492462e-02 1.201438810676336288e-02 1.961661316454410553e-02 3.203451260924339294e-02 4.650536179542541504e-02 2.073466964066028595e-02 2.069187350571155548e-02 2.389502339065074921e-02 8.144754916429519653e-03 1.788283139467239380e-02 1.106847450137138367e-02 1.473976764827966690e-02 9.352784603834152222e-03 2.971549145877361298e-02 2.133144065737724304e-02 1.528017409145832062e-02 2.003055252134799957e-02 5.621409509330987930e-03 1.265431009232997894e-02 3.320911154150962830e-02 2.308446541428565979e-02 2.100109308958053589e-02 9.986528195440769196e-03 2.942796610295772552e-02 2.943489700555801392e-02 4.125286266207695007e-02 4.070778936147689819e-02 1.696406677365303040e-02 3.653433872386813164e-03 1.300260890275239944e-02 1.180798280984163284e-02 2.105131000280380249e-02 2.531779929995536804e-02 1.874332875013351440e-02 6.276101805269718170e-03 1.506013236939907074e-02 6.009344477206468582e-03 5.298753082752227783e-02 1.250525377690792084e-02 4.351707547903060913e-02 1.510861609131097794e-02 1.030315458774566650e-02 6.523041985929012299e-03 1.255290582776069641e-02 6.526915822178125381e-03 1.895280292956158519e-04 1.440571341663599014e-02 5.353939160704612732e-02 3.611331805586814880e-02 4.770735744386911392e-03 7.475338410586118698e-03 1.878802850842475891e-02 1.669864170253276825e-02 3.103706985712051392e-02 1.598802767693996429e-02 1.856792904436588287e-02 9.115278720855712891e-03 1.570729725062847137e-02 8.797398768365383148e-03 1.399263553321361542e-02 1.897894777357578278e-02 5.737937986850738525e-03 1.890401914715766907e-02 2.913944423198699951e-02 2.979968860745429993e-02 1.100447401404380798e-02 1.518412027508020401e-02 3.981723915785551071e-03 1.174622587859630585e-02 4.340467508882284164e-03 9.148453362286090851e-03 3.448708914220333099e-03 9.230799041688442230e-03 1.712914370000362396e-02 1.185351051390171051e-03 6.452273577451705933e-03 9.849208872765302658e-04 1.508589461445808411e-02 2.019577473402023315e-02 9.262632578611373901e-03 3.479273058474063873e-03
1.661278773099184036e-03 1.907999813556671143e-02 4.353073891252279282e-03 6.863803416490554810e-02 8.389300107955932617e-01 1.175202196463942528e-04 3.875677008181810379e-03 1.359892921755090356e-04 7.649295963346958160e-03 4.538750741630792618e-03 7.936494424939155579e-03 9.921665332512930036e-05 9.291900321841239929e-03 4.330642987042665482e-04 2.928558550775051117e-02 2.674182131886482239e-02 3.171363100409507751e-02 3.126428648829460144e-02 3.085306100547313690e-02 2.393918111920356750e-02 2.921559102833271027e-02 7.586933672428131104e-03 2.058234252035617828e-02 1.550193596631288528e-02 9.777174331247806549e-03 1.475025713443756104e-02 1.505066920071840286e-02 7.341621909290552139e-03 1.682739332318305969e-02 1.428261213004589081e-02 1.098428107798099518e-02 2.593117021024227142e-02 3.349666716530919075e-03 2.693066745996475220e-02 1.620445027947425842e-02 8.213041350245475769e-03 1.531718298792839050e-02 2.719013579189777374e-02 3.137314692139625549e-02 5.046806856989860535e-02 2.630725502967834473e-02 1.835872791707515717e-02 2.376329526305198669e-02 1.000962965190410614e-02 9.963564574718475342e-03 1.128431409597396851e-02 2.659891732037067413e-03 2.394595416262745857e-03 2.441308088600635529e-02 1.435015071183443069e-02 1.904218643903732300e-02 2.426285855472087860e-02 3.436197992414236069e-03 6.865975446999073029e-03 2.063082344830036163e-02 2.378324791789054871e-02 8.202152326703071594e-03 1.062512118369340897e-02 3.105990216135978699e-02 3.217028826475143433e-02 3.107113018631935120e-02 3.642405569553375244e-02 1.097923086490482092e-04 1.289144624024629593e-03 1.299784425646066666e-02 8.227929472923278809e-03 1.384641975164413452e-02 1.755008287727832794e-02 1.377351209521293640e-02 8.492075838148593903e-03 7.079113740473985672e-03 6.697399541735649109e-03 6.526906788349151611e-02 1.009693928062915802e-02 6.135957688093185425e-02 1.487293746322393417e-02 9.406815283000469208e-03 8.832512423396110535e-03 3.214890137314796448e-03 1.644052192568778992e-02 5.200412590056657791e-03 1.977619715034961700e-02 5.521438643336296082e-02 4.063968360424041748e-02 6.144028156995773315e-03 3.971118479967117310e-03 1.953431591391563416e-02 1.667974703013896942e-02 4.486340284347534180e-02 2.966257557272911072e-02 7.920428179204463959e-03 7.452246267348527908e-03 6.825178861618041992e-03 5.047182086855173111e-03 6.978355813771486282e-03 2.009631693363189697e-02 7.973128813318908215e-04 2.515859529376029968e-02 2.342425845563411713e-02 2.542470768094062805e-02 6.845864932984113693e-03 2.065925672650337219e-02 2.887752372771501541e-03 1.862196438014507294e-02 1.002373173832893372e-02 5.758552812039852142e-03 6.972954608500003815e-03 8.957533864304423332e-04 1.604127697646617889e-02 9.148698300123214722e-03 9.728439152240753174e-03 7.693768478929996490e-03 6.971283815801143646e-03 1.800712943077087402e-02 1.358109340071678162e-02 2.340333070605993271e-03
5.506378784775733948e-02 4.445561766624450684e-02 1.550322677940130234e-02 2.806574804708361626e-03 1.175202196463942528e-04 8.389300107955932617e-01 6.192097440361976624e-02 1.892114616930484772e-02 8.338469080626964569e-03 2.019483596086502075e-02 3.464948385953903198e-02 3.485388681292533875e-02 3.934037685394287109e-02 2.785773389041423798e-02 2.706771530210971832e-02 5.419860128313302994e-03 2.348450012505054474e-03 1.649942435324192047e-02 2.227738266810774803e-03 2.096637710928916931e-02 1.518364250659942627e-02 2.512100525200366974e-02 2.872313186526298523e-02 2.227421291172504425e-02 2.033416926860809326e-02 2.175749465823173523e-02 3.257839009165763855e-02 3.596656955778598785e-03 6.273212842643260956e-03 1.651239395141601562e-02 8.680167607963085175e-03 1.600349438376724720e-03 1.402098312973976135e-02 7.969974540174007416e-03 1.495129428803920746e-02 3.016508556902408600e-02 2.852782234549522400e-02 2.372456155717372894e-02 1.414630748331546783e-02 1.328808255493640900e-03 6.101046223193407059e-03 3.398507134988903999e-03 1.297578308731317520e-02 4.739396274089813232e-03 2.651421353220939636e-02 2.043732628226280212e-02 2.667557261884212494e-02 3.061610506847500801e-03 3.327883081510663033e-03 1.129000354558229446e-02 1.111714635044336319e-02 1.268125884234905243e-02 2.012374624609947205e-02 1.092554349452257156e-02 5.324266967363655567e-04 8.147401735186576843e-03 7.419250905513763428e-03 1.397931203246116638e-02 1.527445577085018158e-02 2.572951652109622955e-02 2.341732615604996681e-03 1.438650069758296013e-03 7.179865613579750061e-03 2.004401013255119324e-02 1.875036209821701050e-02 2.454514615237712860e-02 2.251592092216014862e-02 1.430619228631258011e-02 1.512520131655037403e-03 7.869639433920383453e-03 8.263335912488400936e-04 3.643376287072896957e-03 3.466996829956769943e-03 1.661572605371475220e-02 3.679337212815880775e-03 3.179413964971899986e-03 3.263687016442418098e-03 1.048607751727104187e-02 9.746848605573177338e-03 5.293527618050575256e-03 1.465505221858620644e-03 2.737210365012288094e-03 6.307146977633237839e-03 1.549007650464773178e-02 2.300051413476467133e-02 1.221811398863792419e-02 2.233061566948890686e-02 1.271339785307645798e-02 5.630386061966419220e-03 5.349157378077507019e-03 1.695887534879148006e-03 2.015923894941806793e-02 1.275725569576025009e-02 2.930851839482784271e-02 1.897789165377616882e-02 1.965443231165409088e-02 2.272583544254302979e-02 2.244391851127147675e-02 2.642788225784897804e-03 1.176746096462011337e-03 2.906670607626438141e-02 1.967685669660568237e-02 3.113132901489734650e-02 2.004847675561904907e-02 2.592207631096243858e-03 1.304563786834478378e-02 4.096899554133415222e-02 4.616249352693557739e-03 2.039205655455589294e-02 1.586553640663623810e-02 1.835726760327816010e-02 2.452289126813411713e-02 1.933093741536140442e-02 1.418605912476778030e-02 2.288380078971385956e-02 6.862079259008169174e-03
4.914866015315055847e-02 5.345473811030387878e-02 1.884378306567668915e-02 8.574834093451499939e-03 3.875677008181810379e-03 6.192097440361976624e-02 8.389300107955932617e-01 1.396330259740352631e-02 7.124334573745727539e-03 3.645988553762435913e-02 3.946454077959060669e-02 1.741794869303703308e-02 5.183727666735649109e-02 4.192482307553291321e-02 2.773075550794601440e-02 4.950884031131863594e-04 3.108472097665071487e-03 9.712341241538524628e-03 1.034142356365919113e-02 1.119862217456102371e-02 2.077718265354633331e-03 2.258735522627830505e-02 1.425662077963352203e-02 1.224691607058048248e-02 4.952723160386085510e-03 3.774159122258424759e-03 3.262578323483467102e-02 8.994037285447120667e-03 2.080612443387508392e-02 3.557573538273572922e-03 3.119878843426704407e-02 1.603870838880538940e-02 1.276390999555587769e-02 1.241009030491113663e-02 6.653580348938703537e-03 9.038698859512805939e-03 1.935776136815547943e-02 1.953012193553149700e-03 7.470558397471904755e-03 7.658720132894814014e-04 1.075053587555885315e-02 3.296196926385164261e-03 4.371524322777986526e-03 1.614402607083320618e-02 4.654683917760848999e-02 3.888698294758796692e-02 6.111758202314376831e-02 5.033875256776809692e-02 6.590535864233970642e-03 2.480433322489261627e-02 4.660829436033964157e-03 5.661897361278533936e-03 2.033327147364616394e-02 7.896442897617816925e-03 1.559965498745441437e-02 4.392725881189107895e-03 1.315821334719657898e-02 1.502174418419599533e-04 1.090629864484071732e-02 1.682364754378795624e-02 1.436847634613513947e-02 1.533129159361124039e-02 1.633556932210922241e-02 2.416753675788640976e-03 2.824624814093112946e-02 3.017686121165752411e-02 1.005753595381975174e-02 4.583572037518024445e-03 1.687079109251499176e-02 1.294369343668222427e-02 3.205037862062454224e-02 6.542845163494348526e-03 8.952233009040355682e-03 1.827176660299301147e-02 2.061603590846061707e-03 7.292490918189287186e-03 7.163808681070804596e-03 1.270773354917764664e-02 1.181974541395902634e-02 1.325486414134502411e-02 1.454244647175073624e-02 2.056589350104331970e-03 1.026003900915384293e-02 1.062377705238759518e-03 6.417493801563978195e-03 8.008407428860664368e-03 1.336233317852020264e-02 3.232623217627406120e-03 2.147395722568035126e-02 1.791836507618427277e-02 4.401418939232826233e-02 1.692831516265869141e-02 4.013810306787490845e-02 2.651289664208889008e-02 4.196087364107370377e-03 5.093533545732498169e-03 2.926561050117015839e-02 1.925385929644107819e-02 6.204670760780572891e-03 1.413334626704454422e-02 1.306117326021194458e-02 6.089758127927780151e-03 1.572349667549133301e-02 1.477647386491298676e-02 1.576249301433563232e-02 1.001085503958165646e-03 2.483392506837844849e-02 5.714308936148881912e-03 1.656713895499706268e-02 1.985016278922557831e-03 6.492613814771175385e-03 2.471285685896873474e-02 1.056273933500051498e-02 5.640109069645404816e-03 1.077272277325391769e-02 9.669986553490161896e-03
2.671964839100837708e-02 1.439949870109558105e-02 6.155648082494735718e-02 1.963762566447257996e-03 1.359892921755090356e-04 1.892114616930484772e-02 1.396330259740352631e-02 8.389300107955932617e-01 2.230216190218925476e-02 1.489156577736139297e-02 2.261064760386943817e-02 1.123198121786117554e-02 2.475332655012607574e-02 1.273530768230557442e-03 2.242645248770713806e-02 5.253001581877470016e-03 7.567783817648887634e-03 1.188186835497617722e-02 2.020030468702316284e-02 1.975318789482116699e-02 6.212219130247831345e-03 2.137348428368568420e-02 9.821892715990543365e-03 4.577958956360816956e-03 6.858279230073094368e-04 1.222960837185382843e-02 2.083276025950908661e-02 1.524496171623468399e-02 2.268072031438350677e-02 1.659349724650382996e-02 1.396638806909322739e-02 1.205711858347058296e-03 1.904574036598205566e-02 8.258085697889328003e-03 1.839581504464149475e-02 2.137657441198825836e-02 2.678978070616722107e-02 2.752127312123775482e-02 9.892781265079975128e-03 1.684793457388877869e-02 1.564462296664714813e-02 1.880119368433952332e-02 1.891187578439712524e-02 8.480526506900787354e-03 1.282228808850049973e-02 8.020875044167041779e-03 6.072262767702341080e-03 1.847101520979776978e-04 2.549816854298114777e-03 1.320432685315608978e-02 1.477394159883260727e-02 1.307227369397878647e-02 3.797136992216110229e-02 2.050651796162128448e-02 6.409164052456617355e-03 4.546014126390218735e-03 3.422212554141879082e-03 2.466385625302791595e-02 2.757059037685394287e-02 3.254681825637817383e-03 6.661616731435060501e-03 7.404291536659002304e-03 8.002175949513912201e-03 1.791569776833057404e-02 3.127038478851318359e-02 2.391338907182216644e-02 1.488936692476272583e-02 1.278924103826284409e-02 1.769812032580375671e-02 9.125563316047191620e-03 8.000080473721027374e-03 1.388333458453416824e-02 3.942647948861122131e-03 1.154270255938172340e-03 1.226787269115447998e-02 5.135548417456448078e-04 1.612157002091407776e-02 7.684680167585611343e-03 9.083307348191738129e-03 3.028115956112742424e-03 5.188529938459396362e-02 5.028349533677101135e-02 1.760590821504592896e-02 1.939378678798675537e-03 5.669761449098587036e-03 5.062968935817480087e-03 3.136565908789634705e-02 4.117473959922790527e-02 1.722517306916415691e-03 2.756332978606224060e-02 8.342153392732143402e-03 3.393041715025901794e-02 4.731332417577505112e-03 2.561284415423870087e-02 2.365682460367679596e-02 1.103747356683015823e-02 2.371581457555294037e-02 2.939697168767452240e-02 1.873565651476383209e-02 1.953166909515857697e-02 1.310245017521083355e-03 5.964086856693029404e-03 2.665652334690093994e-02 3.038618899881839752e-02 2.231677994132041931e-02 1.713198423385620117e-02 8.612902835011482239e-03 1.634642481803894043e-02 1.363547402434051037e-03 2.138620056211948395e-02 7.959690876305103302e-03 1.832391321659088135e-02 1.927533186972141266e-02 1.029470842331647873e-02 2.554246410727500916e-02 1.427113078534603119e-02
2.382072620093822479e-03 1.484018517658114433e-03 1.381616387516260147e-02 1.323562860488891602e-02 7.649295963346958160e-03 8.338469080626964569e-03 7.124334573745727539e-03 2.230216190218925476e-02 8.389300107955932617e-01 3.964096307754516602e-02 1.710320636630058289e-02 2.171737886965274811e-02 4.882510751485824585e-03 3.618720546364784241e-02 1.459116116166114807e-03 4.746853839606046677e-03 2.022230811417102814e-02 4.441807395778596401e-04 1.777064800262451172e-02 1.221615821123123169e-02 9.057753719389438629e-03 1.217846386134624481e-02 5.478629842400550842e-03 1.365046110004186630e-02 8.616785635240375996e-05 3.380049485713243484e-03 5.542082712054252625e-03 4.126324877142906189e-02 1.674893498420715332e-02 4.574090614914894104e-02 2.066956460475921631e-02 1.381103135645389557e-02 1.127361203543841839e-03 9.751061908900737762e-03 3.547027241438627243e-03 1.527025364339351654e-02 5.024152807891368866e-03 5.861620884388685226e-03 9.696896187961101532e-03 1.224253047257661819e-02 4.957164637744426727e-03 1.512340083718299866e-02 6.328890565782785416e-03 1.964180357754230499e-02 8.444944396615028381e-03 4.622478969395160675e-03 1.665886305272579193e-02 3.791635856032371521e-02 3.121298179030418396e-02 3.916288260370492935e-03 1.627277955412864685e-02 1.095468830317258835e-02 1.565477810800075531e-02 4.018011316657066345e-02 2.886526286602020264e-02 6.232812069356441498e-03 2.409625425934791565e-02 1.344772428274154663e-02 6.842160597443580627e-03 2.067307941615581512e-03 1.116955652832984924e-02 4.621905274689197540e-03 1.339424215257167816e-02 1.594690047204494476e-02 3.431529505178332329e-03 7.768490817397832870e-03 1.178221497684717178e-02 4.797988571226596832e-03 4.444796964526176453e-02 2.824921905994415283e-02 3.803895041346549988e-02 1.265950780361890793e-02 6.715599913150072098e-03 2.033628895878791809e-02 1.786841894499957561e-04 1.607311517000198364e-02 8.755011856555938721e-02 3.711764141917228699e-02 8.605193346738815308e-03 1.622623391449451447e-02 7.833140902221202850e-03 7.970266975462436676e-03 1.741582155227661133e-02 1.301666023209691048e-03 4.472169559448957443e-03 3.589267376810312271e-03 1.735522598028182983e-02 3.024059114977717400e-03 6.828371901065111160e-03 1.894305832684040070e-02 2.755052782595157623e-02 4.397477023303508759e-03 2.903833985328674316e-02 9.270889684557914734e-03 2.494947612285614014e-02 9.667232632637023926e-03 1.676974701695144176e-03 2.882158756256103516e-02 2.348247356712818146e-02 1.500663999468088150e-02 1.230515632778406143e-02 8.996197953820228577e-03 9.201013483107089996e-03 2.141048433259129524e-03 1.590363308787345886e-02 3.778347373008728027e-02 2.235364867374300957e-03 1.160795055329799652e-02 6.199017207109136507e-06 1.718194596469402313e-02 7.194246631115674973e-03 1.081819646060466766e-02 4.572625737637281418e-03 5.412715487182140350e-03 2.036209590733051300e-02 1.491716969758272171e-02
1.156648248434066772e-02 2.073419280350208282e-02 2.955585252493619919e-03 5.618710536509752274e-03 4.538750741630792618e-03 2.019483596086502075e-02 3.645988553762435913e-02 1.489156577736139297e-02 3.964096307754516602e-02 8.389300107955932617e-01 5.652992520481348038e-03 3.583701327443122864e-02 1.682017743587493896e-02 3.359549120068550110e-02 6.419678218662738800e-03 6.875202525407075882e-03 9.871452348306775093e-04 2.214251831173896790e-02 2.840792201459407806e-02 1.706388033926486969e-02 3.044256009161472321e-03 1.092512905597686768e-02 3.104774095118045807e-02 2.392786741256713867e-02 9.269881062209606171e-03 6.482782773673534393e-04 3.052735468372702599e-03 6.056409794837236404e-03 9.759520180523395538e-03 1.281158439815044403e-02 2.205918543040752411e-03 9.483883157372474670e-03 1.961015537381172180e-02 1.306820195168256760e-02 9.765007998794317245e-04 7.226674817502498627e-03 1.041665300726890564e-02 1.274601463228464127e-02 2.903589606285095215e-02 2.501042746007442474e-02 2.658966742455959320e-02 1.547991577535867691e-02 1.216884469613432884e-03 8.311724290251731873e-03 1.002924796193838120e-02 5.449655000120401382e-03 2.023994922637939453e-02 2.084461785852909088e-02 3.129534050822257996e-02 6.428763270378112793e-02 2.577140694484114647e-03 6.425580475479364395e-03 9.165718220174312592e-03 1.584243960678577423e-02 3.380213305354118347e-02 3.666248172521591187e-02 1.798588037490844727e-02 1.859324425458908081e-02 7.461452390998601913e-03 1.760700717568397522e-02 1.029422041028738022e-02 8.297898806631565094e-03 2.237235754728317261e-02 2.498365647625178099e-04 8.227517828345298767e-03 2.456101588904857635e-03 4.832792095839977264e-03 5.978975445032119751e-03 4.074582085013389587e-02 1.639146590605378151e-03 5.561010167002677917e-02 3.134469268843531609e-03 3.252735361456871033e-03 1.071609277278184891e-02 1.347226556390523911e-02 8.858144283294677734e-03 3.689019381999969482e-02 7.474102824926376343e-02 7.320367731153964996e-03 5.088887736201286316e-02 1.365097239613533020e-02 1.351826358586549759e-02 9.236885234713554382e-03 8.133383467793464661e-03 7.405684795230627060e-03 8.385725319385528564e-03 5.353900138288736343e-03 6.587053649127483368e-03 1.239729952067136765e-02 3.394359350204467773e-02 2.272389456629753113e-02 6.138190510682761669e-04 2.430340088903903961e-02 1.198187004774808884e-03 1.580431684851646423e-02 1.017170306295156479e-02 8.539162576198577881e-03 7.133959326893091202e-03 1.831597648561000824e-02 1.792003214359283447e-02 9.394560940563678741e-03 7.668863050639629364e-03 5.873142275959253311e-03 4.264491144567728043e-04 2.960641635581851006e-03 2.692131139338016510e-02 6.989653687924146652e-03 1.472149603068828583e-02 1.184669975191354752e-02 1.733147911727428436e-02 5.980140529572963715e-03 1.161803118884563446e-02 9.465752169489860535e-03 1.777476258575916290e-02 1.463268231600522995e-02 1.917578466236591339e-02
6.215286627411842346e-02 6.602162122726440430e-02 1.412468962371349335e-02 2.728317631408572197e-03 7.936494424939155579e-03 3.464948385953903198e-02 3.946454077959060669e-02 2.261064760386943817e-02 1.710320636630058289e-02 5.652992520481348038e-03 8.389300107955932617e-01 2.122689597308635712e-02 6.889019906520843506e-02 1.347259432077407837e-02 3.598881885409355164e-02 3.124834969639778137e-03 1.054244861006736755e-02 8.985229767858982086e-03 1.638896018266677856e-02 2.145498432219028473e-02 1.213348377496004105e-02 3.035495616495609283e-02 6.279976223595440388e-04 4.315748810768127441e-03 5.409756675362586975e-03 1.265129074454307556e-02 3.434511646628379822e-02 3.719116002321243286e-02 2.820295281708240509e-02 2.756950445473194122e-02 2.512425370514392853e-02 6.714039482176303864e-03 2.043717913329601288e-02 6.320853717625141144e-03 7.194061763584613800e-03 2.402966655790805817e-02 2.808865532279014587e-02 2.510937396436929703e-03 2.542711561545729637e-03 1.112708705477416515e-03 3.484588116407394409e-03 1.223546359688043594e-02 9.391975589096546173e-03 2.710014954209327698e-02 2.057936973869800568e-02 1.707411929965019226e-02 4.500229284167289734e-02 2.053607068955898285e-02 1.191587001085281372e-02 3.241941332817077637e-03 7.584063801914453506e-03 1.600257121026515961e-02 1.001166179776191711e-03 1.313094608485698700e-02 9.727716445922851562e-03 7.555569987744092941e-03 1.431507989764213562e-02 1.991267502307891846e-02 2.147278748452663422e-02 2.128047123551368713e-02 1.369543001055717468e-02 2.049322472885251045e-03 1.115258783102035522e-02 1.711095310747623444e-02 4.067982733249664307e-02 2.758159302175045013e-02 1.640117913484573364e-02 8.390380069613456726e-03 1.257766596972942352e-02 4.857596941292285919e-03 7.692571380175650120e-04 1.461381465196609497e-02 1.742134802043437958e-03 4.284172784537076950e-03 4.039644263684749603e-03 2.780968090519309044e-03 2.203523181378841400e-02 7.702197181060910225e-04 1.214604359120130539e-03 3.189192852005362511e-03 2.807210548780858517e-04 1.614932715892791748e-02 5.418038344942033291e-04 6.436583935283124447e-04 4.365944187156856060e-04 9.807742200791835785e-03 3.750038892030715942e-02 2.319392003118991852e-02 4.469668027013540268e-03 7.204351946711540222e-03 2.108845859766006470e-02 3.629503771662712097e-02 1.217479584738612175e-03 3.463478758931159973e-02 2.275043725967407227e-02 1.431372854858636856e-02 8.497229777276515961e-03 1.141675096005201340e-02 8.799594826996326447e-03 2.790463855490088463e-03 8.879093453288078308e-03 4.730461165308952332e-03 1.071361918002367020e-02 3.795482218265533447e-03 1.412704028189182281e-02 8.517107926309108734e-03 5.016875453293323517e-03 1.348036341369152069e-02 1.281402911990880966e-02 1.599358394742012024e-02 1.739685237407684326e-02 5.415097810328006744e-03 1.022614259272813797e-02 8.105694316327571869e-03 3.631054982542991638e-02 5.801388062536716461e-03
3.941749688237905502e-03 5.133888684213161469e-03 2.148979110643267632e-03 9.628397412598133087e-03 9.921665332512930036e-05 3.485388681292533875e-02 1.741794869303703308e-02 1.123198121786117554e-02 2.171737886965274811e-02 3.583701327443122864e-02 2.122689597308635712e-02 8.389300107955932617e-01 7.858236320316791534e-03 7.876350730657577515e-02 6.851115263998508453e-03 4.203103948384523392e-03 8.304246701300144196e-03 2.878353698179125786e-03 3.417378664016723633e-02 1.396448584273457527e-03 6.563950795680284500e-03 4.565274342894554138e-03 4.691354185342788696e-02 4.455363005399703979e-02 4.454314243048429489e-03 2.242296934127807617e-03 2.124259807169437408e-02 6.422272324562072754e-02 3.537222370505332947e-02 5.677013471722602844e-02 3.107112273573875427e-02 4.260478541254997253e-03 7.987124845385551453e-03 5.389479454606771469e-03 2.779945544898509979e-02 4.934227559715509415e-03 5.292543675750494003e-03 1.951389200985431671e-02 1.574517041444778442e-02 9.827086701989173889e-03 1.844323799014091492e-02 1.870181784033775330e-02 2.104018442332744598e-02 1.714871451258659363e-02 3.548609791323542595e-03 2.783384546637535095e-02 1.201750058680772781e-02 4.695178940892219543e-03 8.838123641908168793e-03 2.544145658612251282e-02 8.499247953295707703e-03 1.060629962012171745e-03 1.492336392402648926e-02 1.877557300031185150e-02 2.137982286512851715e-02 1.798040233552455902e-02 8.226187899708747864e-03 3.006379585713148117e-03 7.787514477968215942e-04 1.827988587319850922e-02 2.462361007928848267e-02 1.838413067162036896e-02 1.399783603847026825e-02 1.847198233008384705e-02 2.275761589407920837e-02 9.691085666418075562e-03 1.690158853307366371e-03 6.424502003937959671e-03 2.582296356558799744e-02 7.253961171954870224e-03 3.080752678215503693e-02 1.436936855316162109e-02 5.688921664841473103e-04 5.669908132404088974e-03 7.591031491756439209e-03 4.307906143367290497e-03 2.499262336641550064e-04 1.774354465305805206e-02 1.074220892041921616e-02 3.035016916692256927e-02 5.950579419732093811e-03 7.539525628089904785e-03 7.496520411223173141e-03 2.453297190368175507e-02 8.925379952415823936e-04 6.002650596201419830e-03 1.365482341498136520e-02 9.395797736942768097e-03 7.671846076846122742e-03 7.870675064623355865e-03 4.527447279542684555e-03 2.000730112195014954e-02 1.315680705010890961e-02 7.397598586976528168e-03 1.132217049598693848e-02 5.567610729485750198e-03 1.273416075855493546e-02 1.782676088623702526e-03 1.361929811537265778e-02 8.291477337479591370e-03 6.230501458048820496e-03 1.954092644155025482e-02 1.311165187507867813e-02 2.219932153820991516e-03 1.170465257018804550e-02 1.462285500019788742e-02 2.607592195272445679e-02 2.314337529242038727e-02 7.164815440773963928e-03 2.268964610993862152e-02 4.957433324307203293e-03 2.298730611801147461e-02 1.208574231714010239e-02 5.498433019965887070e-03 1.400731876492500305e-02 6.760843563824892044e-03
5.745832249522209167e-02 6.466834992170333862e-02 1.421292312443256378e-02 6.807437748648226261e-04 9.291900321841239929e-03 3.934037685394287109e-02 5.183727666735649109e-02 2.475332655012607574e-02 4.882510751485824585e-03 1.682017743587493896e-02 6.889019906520843506e-02 7.858236320316791534e-03 8.389300107955932617e-01 7.986442185938358307e-03 4.468024149537086487e-02 1.898420043289661407e-02 1.924474537372589111e-02 1.378623861819505692e-02 1.089653372764587402e-02 1.519742980599403381e-02 7.400611881166696548e-03 5.067196860909461975e-02 8.383419364690780640e-03 4.957089200615882874e-03 7.354147965088486671e-05 8.572497405111789703e-03 4.764401167631149292e-02 1.515493262559175491e-02 2.465008944272994995e-02 3.223455278202891350e-04 3.933709487318992615e-02 1.338237151503562927e-02 4.660245496779680252e-03 6.570038851350545883e-03 6.261549890041351318e-03 3.121829591691493988e-02 3.569529205560684204e-02 1.787356287240982056e-02 1.685132447164505720e-04 1.630706683499738574e-04 1.172463130205869675e-02 1.901638926938176155e-03 5.125297699123620987e-03 6.551751866936683655e-03 1.820201613008975983e-02 1.917347311973571777e-02 4.800136014819145203e-02 3.275686874985694885e-02 5.735820159316062927e-03 1.276052091270685196e-02 4.338216036558151245e-03 4.363717511296272278e-03 1.499979197978973389e-02 2.665782906115055084e-02 4.753106739372014999e-03 2.344124251976609230e-03 2.483935793861746788e-03 4.468639846891164780e-03 2.419271692633628845e-02 2.618465572595596313e-02 2.182697877287864685e-03 6.885285984026268125e-05 4.060833714902400970e-03 1.481038890779018402e-02 3.880299255251884460e-02 4.564141482114791870e-02 8.654450066387653351e-03 2.217042725533246994e-03 3.705404931679368019e-03 1.228005159646272659e-02 2.987528452649712563e-03 2.083484455943107605e-02 5.621719174087047577e-03 9.473385289311408997e-03 3.949094563722610474e-03 5.245640408247709274e-03 8.694932796061038971e-03 1.674750121310353279e-03 8.317332714796066284e-03 1.702713035047054291e-02 7.955283857882022858e-03 1.622267253696918488e-02 3.866515820845961571e-03 1.391393877565860748e-02 1.449712202884256840e-03 1.469791121780872345e-02 3.196259215474128723e-02 3.355206176638603210e-02 3.963035531342029572e-03 1.264814753085374832e-02 2.635289728641510010e-02 4.152899608016014099e-02 9.265139698982238770e-03 4.960653930902481079e-02 1.491666119545698166e-02 1.390081597492098808e-03 2.811073325574398041e-02 1.343368273228406906e-02 1.776839373633265495e-03 1.520700519904494286e-03 6.363183259963989258e-03 3.813268849626183510e-03 2.528480626642704010e-02 1.817580126225948334e-02 9.689022786915302277e-03 1.796756125986576080e-02 1.062557348632253706e-04 1.061956211924552917e-02 1.115319970995187759e-02 1.303847134113311768e-02 2.432934008538722992e-02 2.470488660037517548e-02 1.421641651540994644e-02 6.443449296057224274e-03 1.849805377423763275e-02 3.903499804437160492e-03
