8.454844951629638672e-01 6.846332550048828125e-02 3.006616979837417603e-02 2.727984078228473663e-02 1.311385631561279297e-02 4.974466189742088318e-02 3.221522644162178040e-02 3.702545166015625000e-02 7.592367008328437805e-03 8.884572423994541168e-03 5.118487775325775146e-02 2.432287670671939850e-03 4.022330045700073242e-02 6.226053461432456970e-03 4.569852352142333984e-02 4.053492564707994461e-03 9.203086956404149532e-04 6.898716092109680176e-04 5.304258316755294800e-03 9.362094104290008545e-03 1.691093668341636658e-02 3.754096850752830505e-02 1.778755523264408112e-02 1.385945547372102737e-02 1.805491186678409576e-02 1.457197219133377075e-02 2.567427605390548706e-02 7.694071624428033829e-03 3.748948872089385986e-02 9.325736202299594879e-03 2.907097712159156799e-02 6.950824521481990814e-03 5.854273680597543716e-03 6.585639901459217072e-03 2.266222145408391953e-05 8.878560736775398254e-03 1.677815243601799011e-02 2.109006047248840332e-02 7.470133714377880096e-03 1.482352707535028458e-02 2.615557797253131866e-02 1.393619738519191742e-02 1.964193396270275116e-02 1.754006184637546539e-02 1.156787853688001633e-02 7.530645933002233505e-03 3.301262110471725464e-02 2.224953100085258484e-02 6.129548884928226471e-03 4.375622607767581940e-03 6.693269591778516769e-03 7.926492020487785339e-03 2.833088301122188568e-02 2.055959589779376984e-02 2.960735931992530823e-03 1.497200410813093185e-02 2.582809142768383026e-02 2.757300995290279388e-02 2.582468651235103607e-02 1.908435299992561340e-02 8.572121732868254185e-04 4.470005165785551071e-03 1.399470958858728409e-02 1.122262235730886459e-02 3.142191842198371887e-02 2.984244003891944885e-02 8.642563596367835999e-03 1.534751243889331818e-02 5.538484547287225723e-04 2.455605193972587585e-02 4.379002377390861511e-03 2.063239179551601410e-02 2.044928492978215218e-03 2.273379638791084290e-02 2.981234574690461159e-03 2.329591102898120880e-02 4.554763727355748415e-04 1.183778140693902969e-02 7.993516512215137482e-03 2.087050583213567734e-03 3.560166060924530029e-02 1.581813581287860870e-02 1.714112237095832825e-02 7.295615971088409424e-03 3.659873967990279198e-03 8.000834845006465912e-03 3.631149977445602417e-02 3.363519906997680664e-02 9.954809211194515228e-03 1.410571672022342682e-02 2.683799713850021362e-02 2.903452701866626740e-02 2.207324095070362091e-02 2.668680623173713684e-02 1.670662459218874574e-04 2.888742834329605103e-03 2.190898917615413666e-02 2.591097168624401093e-02 4.678841680288314819e-03 5.157803185284137726e-03 1.859689690172672272e-02 1.423850655555725098e-02 1.706687547266483307e-02 2.398163639008998871e-02 1.369686610996723175e-02 1.007370930165052414e-02 2.310673007741570473e-03 1.658041216433048248e-02 9.936030954122543335e-03 1.999068818986415863e-02 1.377950236201286316e-02 1.314744818955659866e-02 1.412214711308479309e-02 9.646262973546981812e-03 6.046509835869073868e-03 5.944653530605137348e-04
6.846332550048828125e-02 8.454844951629638672e-01 2.365036495029926300e-02 1.910230144858360291e-02 1.331759430468082428e-02 4.762814939022064209e-02 3.414027765393257141e-02 2.926107868552207947e-02 4.132624249905347824e-03 7.428380195051431656e-03 4.913952201604843140e-02 1.016862690448760986e-02 4.325821995735168457e-02 1.034174766391515732e-02 4.144232720136642456e-02 4.908748436719179153e-03 1.177239697426557541e-03 1.240029232576489449e-03 4.189451690763235092e-03 1.400357577949762344e-02 2.038045041263103485e-02 3.449202701449394226e-02 2.234497852623462677e-02 1.868566311895847321e-02 1.829177141189575195e-02 1.909522898495197296e-02 2.405348606407642365e-02 1.934069953858852386e-02 3.533221036195755005e-02 1.614859700202941895e-02 3.272450715303421021e-02 6.675993558019399643e-03 5.435862578451633453e-03 9.259918704628944397e-03 6.159197539091110229e-03 9.417931549251079559e-03 1.981398463249206543e-02 1.640694215893745422e-02 6.521131377667188644e-03 1.297745574265718460e-02 2.326501347124576569e-02 1.414301712065935135e-02 2.145218662917613983e-02 1.719890907406806946e-02 1.628856174647808075e-02 1.161527633666992188e-02 3.263852000236511230e-02 2.466548420488834381e-02 3.098065033555030823e-03 6.927771028131246567e-03 7.165805902332067490e-03 1.171120442450046539e-02 2.494788169860839844e-02 2.356897667050361633e-02 3.998534288257360458e-03 1.665685512125492096e-02 2.707507647573947906e-02 3.262152150273323059e-02 2.517777495086193085e-02 1.962381601333618164e-02 5.959412665106356144e-04 3.130835946649312973e-03 1.750974915921688080e-02 1.772005297243595123e-02 3.165215253829956055e-02 3.131081163883209229e-02 1.039067748934030533e-02 1.842312887310981750e-02 2.087169414153322577e-04 2.096488699316978455e-02 3.657250199466943741e-03 2.082808502018451691e-02 2.387864980846643448e-03 1.981066353619098663e-02 4.429640248417854309e-03 2.252476289868354797e-02 2.479852875694632530e-03 9.047313593327999115e-03 1.375745702534914017e-02 3.805971355177462101e-04 3.143996745347976685e-02 1.210474036633968353e-02 1.350929681211709976e-02 6.093810778111219406e-03 7.213199045509099960e-03 7.721355184912681580e-03 3.193716332316398621e-02 3.054989501833915710e-02 6.963066291064023972e-03 1.163958851248025894e-02 2.732256241142749786e-02 2.612568810582160950e-02 2.444270066916942596e-02 2.951799333095550537e-02 5.946029908955097198e-03 2.007515635341405869e-03 2.351462841033935547e-02 2.016448229551315308e-02 2.723169047385454178e-03 2.440252806991338730e-03 1.506512612104415894e-02 1.079453714191913605e-02 1.743471994996070862e-02 1.812049373984336853e-02 1.494354661554098129e-02 1.222007162868976593e-02 7.445048540830612183e-03 1.552889216691255569e-02 7.619930431246757507e-03 2.688200958073139191e-02 1.535810530185699463e-02 1.451794337481260300e-02 1.573438383638858795e-02 1.358300726860761642e-02 6.890779826790094376e-03 1.955235842615365982e-03
3.006616979837417603e-02 2.365036495029926300e-02 8.454844951629638672e-01 2.702388353645801544e-02 1.557899825274944305e-02 2.395970374345779419e-02 2.505842596292495728e-02 5.281929671764373779e-02 9.810983203351497650e-03 1.212604623287916183e-02 1.909058168530464172e-02 6.339728366583585739e-03 2.368383668363094330e-02 5.500818369910120964e-04 2.535948902368545532e-02 1.491838600486516953e-02 1.146104745566844940e-02 1.233927346765995026e-02 4.754372872412204742e-03 8.750695735216140747e-03 1.165894418954849243e-02 1.780371740460395813e-02 1.645904779434204102e-02 6.547042168676853180e-03 1.568679435877129436e-04 1.011615339666604996e-02 7.941059768199920654e-03 2.860057633370161057e-03 9.091206826269626617e-03 7.809245958924293518e-03 1.006828993558883667e-02 1.075981464236974716e-02 6.109877955168485641e-03 5.569513421505689621e-03 1.835353299975395203e-02 2.403464913368225098e-02 1.066847331821918488e-02 1.117612794041633606e-02 3.317159041762351990e-02 1.997617445886135101e-02 1.769971288740634918e-02 3.168110735714435577e-03 5.054377950727939606e-03 2.350392006337642670e-02 1.804111339151859283e-02 5.813638214021921158e-03 1.729512959718704224e-02 1.696004346013069153e-02 1.187492511235177517e-03 7.459231186658143997e-03 7.745670154690742493e-03 1.404497190378606319e-03 2.442385628819465637e-02 1.627378165721893311e-02 1.082512270659208298e-02 2.196682326029986143e-04 7.596231997013092041e-03 1.298903673887252808e-02 1.571631245315074921e-02 1.968671940267086029e-02 2.206213958561420441e-02 2.812581881880760193e-02 5.491705611348152161e-03 1.800903305411338806e-02 1.909389393404126167e-03 1.058591250330209732e-02 3.708827542141079903e-03 5.572645924985408783e-03 2.464875765144824982e-02 1.229597022756934166e-03 1.733184978365898132e-02 1.160677522420883179e-03 2.467486262321472168e-02 1.269153412431478500e-02 2.256911061704158783e-02 7.445751689374446869e-03 2.773073688149452209e-02 6.877296138554811478e-03 1.797501184046268463e-02 5.877846386283636093e-03 4.361560195684432983e-02 3.729045763611793518e-02 1.999768055975437164e-02 8.058147504925727844e-03 2.229456044733524323e-02 2.121924981474876404e-02 3.213870525360107422e-02 3.049007058143615723e-02 5.484015680849552155e-03 1.893800124526023865e-02 1.218137796968221664e-02 1.013726647943258286e-02 1.158282905817031860e-02 4.095785319805145264e-03 1.646295748651027679e-02 6.867117714136838913e-03 8.967064321041107178e-03 1.639808900654315948e-02 1.819236968003679067e-05 1.692748744972050190e-03 4.043899476528167725e-03 8.217083290219306946e-03 9.914385154843330383e-03 1.328142546117305756e-02 1.882513239979743958e-02 1.383337005972862244e-02 1.164001692086458206e-02 8.737572468817234039e-03 2.808541292324662209e-03 1.839238591492176056e-02 1.605156064033508301e-02 1.172708719968795776e-02 1.431241864338517189e-03 7.246097084134817123e-03 2.738780807703733444e-03 2.574018202722072601e-03
2.727984078228473663e-02 1.910230144858360291e-02 2.702388353645801544e-02 8.454844951629638672e-01 4.781683534383773804e-02 8.529033511877059937e-03 7.015367969870567322e-03 1.977158337831497192e-02 4.446125123649835587e-03 1.434099487960338593e-02 2.053316310048103333e-02 1.760616898536682129e-02 7.241871207952499390e-03 1.474565360695123672e-02 2.310640178620815277e-02 2.620410919189453125e-02 1.476194709539413452e-02 6.762397009879350662e-03 8.483212441205978394e-03 1.671438664197921753e-02 9.441485628485679626e-03 1.395696308463811874e-04 1.919005252420902252e-02 1.816877909004688263e-02 1.799233816564083099e-02 2.014237642288208008e-02 3.391997888684272766e-04 1.417203107848763466e-03 3.273578127846121788e-03 1.536740805022418499e-03 5.493103060871362686e-03 1.265757624059915543e-02 3.680594637989997864e-02 2.071007527410984039e-02 2.176531776785850525e-02 2.838776819407939911e-02 9.504592977464199066e-03 1.153717469424009323e-02 3.273443505167961121e-02 6.529998499900102615e-03 5.016957875341176987e-03 4.379746038466691971e-03 7.701546885073184967e-03 9.279628284275531769e-03 1.450986973941326141e-02 9.606630541384220123e-03 4.196788184344768524e-03 5.911316839046776295e-04 1.071891933679580688e-02 3.416758961975574493e-03 1.903822086751461029e-02 1.931877806782722473e-02 6.495380774140357971e-03 1.772177219390869141e-02 4.846958443522453308e-03 8.360287174582481384e-03 1.479521114379167557e-02 8.069070056080818176e-03 2.259732224047183990e-02 2.381784096360206604e-02 2.888408862054347992e-02 9.257116355001926422e-03 2.937176823616027832e-02 3.384874388575553894e-02 9.096635505557060242e-03 3.279178403317928314e-03 1.264885067939758301e-02 9.831210598349571228e-03 1.260462217032909393e-02 5.417895503342151642e-03 6.755845155566930771e-03 4.426877712830901146e-04 5.523531883955001831e-02 6.853696890175342560e-03 5.054184049367904663e-02 1.059893332421779633e-02 1.453170645982027054e-02 2.245091134682297707e-03 1.555576571263372898e-03 5.006247200071811676e-03 1.201881794258952141e-03 2.223261632025241852e-02 3.760949894785881042e-02 2.678675390779972076e-02 5.211550742387771606e-03 1.292847096920013428e-02 7.363977842032909393e-03 5.361919291317462921e-03 8.683459833264350891e-03 7.279107812792062759e-04 5.965337550151161849e-05 2.546116476878523827e-03 4.798391892109066248e-04 1.419684384018182755e-03 1.367950532585382462e-02 5.370079888962209225e-04 6.728213746100664139e-03 1.899573206901550293e-02 5.021069664508104324e-03 4.397641401737928391e-03 5.085984012112021446e-04 1.347856596112251282e-02 5.100974813103675842e-03 2.132132649421691895e-02 1.525475550442934036e-02 1.618111878633499146e-02 1.428315415978431702e-02 1.322203129529953003e-02 1.706487312912940979e-02 1.186053361743688583e-02 8.472844026982784271e-03 4.665359854698181152e-03 4.993384238332509995e-03 1.891463622450828552e-02 1.241344027221202850e-02 1.843077503144741058e-02
1.311385631561279297e-02 1.331759430468082428e-02 1.557899825274944305e-02 4.781683534383773804e-02 8.454844951629638672e-01 1.158738974481821060e-02 7.295649964362382889e-03 7.745306007564067841e-03 1.839416287839412689e-02 1.500499807298183441e-02 4.161170218139886856e-03 2.298350445926189423e-02 5.546461790800094604e-03 2.748508378863334656e-02 3.053384134545922279e-03 2.179353684186935425e-02 1.704698614776134491e-02 3.479890292510390282e-03 1.498524844646453857e-02 1.977900229394435883e-02 1.773459650576114655e-02 1.743908412754535675e-02 2.325311489403247833e-02 2.014922536909580231e-02 1.883202232420444489e-02 2.360606752336025238e-02 1.919552311301231384e-02 4.137000441551208496e-02 7.166595896705985069e-04 3.133488819003105164e-02 1.483508106321096420e-02 1.402088254690170288e-02 2.726127952337265015e-02 1.472337730228900909e-02 1.458465959876775742e-02 1.105301361531019211e-02 1.159047707915306091e-02 1.027493178844451904e-02 6.083135958760976791e-03 2.358613722026348114e-02 9.619827382266521454e-03 1.751538924872875214e-02 7.072351872920989990e-03 1.991340890526771545e-02 2.439009025692939758e-03 4.126994870603084564e-03 1.014094520360231400e-02 9.811356663703918457e-03 5.457570776343345642e-03 1.001748256385326385e-02 7.938144728541374207e-03 6.005948875099420547e-03 3.923854790627956390e-03 3.572015557438135147e-03 1.470325421541929245e-02 1.430675387382507324e-02 1.162775792181491852e-02 8.774106390774250031e-03 2.274898998439311981e-02 1.654843427240848541e-02 4.341332986950874329e-02 3.451097756624221802e-02 1.561460178345441818e-02 2.448347397148609161e-02 2.678883029147982597e-03 3.171539632603526115e-03 2.016697637736797333e-02 2.268682979047298431e-02 1.835749670863151550e-02 1.693991944193840027e-02 3.251085802912712097e-02 1.750890165567398071e-02 3.567136824131011963e-02 1.303533557802438736e-02 4.705957695841789246e-02 9.852183982729911804e-03 3.445916110649704933e-03 1.829373836517333984e-02 1.452486868947744370e-02 1.649700105190277100e-02 9.657944319769740105e-04 2.644548006355762482e-02 9.603037498891353607e-03 2.044191956520080566e-02 1.302309986203908920e-02 1.765308901667594910e-02 1.678147353231906891e-02 6.772090215235948563e-03 7.316322997212409973e-03 5.080736707895994186e-03 6.189311388880014420e-03 2.191232331097126007e-02 1.326118037104606628e-02 1.805173233151435852e-02 6.615394726395606995e-03 2.365953696426004171e-04 1.054775062948465347e-02 4.074878524988889694e-03 1.314626261591911316e-02 2.710539149120450020e-03 1.211506128311157227e-02 1.231561787426471710e-02 7.472929544746875763e-03 3.319950075820088387e-03 4.903593100607395172e-03 9.545830544084310532e-04 7.857407443225383759e-03 5.978361237794160843e-03 4.266053438186645508e-03 5.605317652225494385e-03 2.244068123400211334e-02 4.479215946048498154e-03 1.055458374321460724e-02 6.897853687405586243e-03 1.335349213331937790e-02 1.482727937400341034e-02
4.974466189742088318e-02 4.762814939022064209e-02 2.395970374345779419e-02 8.529033511877059937e-03 1.158738974481821060e-02 8.454844951629638672e-01 6.444070488214492798e-02 2.185241691768169403e-02 1.080990675836801529e-02 5.737830419093370438e-03 3.845255449414253235e-02 1.785846427083015442e-02 4.396761953830718994e-02 1.485489774495363235e-02 2.387288399040699005e-02 3.530262503772974014e-03 5.676309578120708466e-03 1.159357931464910507e-02 1.789712719619274139e-02 1.480711437761783600e-02 1.128567568957805634e-02 2.350371330976486206e-02 8.502298034727573395e-03 2.937827724963426590e-03 2.083071321249008179e-02 1.558346394449472427e-02 1.406973786652088165e-02 7.087855599820613861e-03 3.670609369874000549e-02 4.027926363050937653e-03 3.536709025502204895e-02 1.405663695186376572e-02 1.353639736771583557e-02 5.991418380290269852e-03 5.376973189413547516e-03 8.898584172129631042e-03 1.619702763855457306e-02 1.696327514946460724e-02 1.543797086924314499e-02 2.490963041782379150e-02 2.275431342422962189e-02 2.315083704888820648e-02 2.652238868176937103e-02 1.994528621435165405e-02 3.789628623053431511e-03 5.641384632326662540e-04 6.159874051809310913e-02 4.828628525137901306e-02 1.011539343744516373e-02 4.703925456851720810e-03 6.088522728532552719e-03 9.504825808107852936e-03 2.771986834704875946e-02 3.073693253099918365e-02 1.545570557937026024e-03 4.028667695820331573e-03 2.925543859601020813e-02 2.286336012184619904e-02 1.936876401305198669e-02 1.952283643186092377e-02 4.547914024442434311e-03 1.985175535082817078e-02 1.226758956909179688e-02 5.316021852195262909e-03 2.869256399571895599e-02 3.673198819160461426e-02 8.217601105570793152e-03 1.596955768764019012e-02 2.449861960485577583e-03 6.479150149971246719e-03 1.655334373936057091e-03 1.030366774648427963e-02 4.362089093774557114e-03 6.066150497645139694e-03 8.678137091919779778e-04 8.769561536610126495e-03 1.782483304850757122e-03 5.731261335313320160e-03 1.181857846677303314e-02 1.483670552261173725e-03 1.764017902314662933e-02 1.022111609927378595e-04 6.204239558428525925e-03 9.643555618822574615e-03 2.337867161259055138e-03 9.354648180305957794e-03 1.843624003231525421e-02 2.552090398967266083e-02 2.766709215939044952e-02 1.659291051328182220e-02 4.313299432396888733e-02 1.764946617186069489e-02 3.850309923291206360e-02 2.237028814852237701e-02 1.191695779561996460e-02 3.394408849999308586e-03 1.308401953428983688e-02 1.178175397217273712e-02 1.231894083321094513e-02 9.866156615316867828e-03 3.203636035323143005e-02 1.364732161164283752e-02 1.070543192327022552e-02 1.998493261635303497e-02 2.375084348022937775e-02 2.569278702139854431e-02 3.206003224477171898e-03 8.343646302819252014e-03 2.317807450890541077e-02 2.194660343229770660e-02 1.347176078706979752e-02 1.152881514281034470e-02 2.312955074012279510e-02 2.280475944280624390e-02 1.249249326065182686e-03 3.533876501023769379e-03
3.221522644162178040e-02 3.414027765393257141e-02 2.505842596292495728e-02 7.015367969870567322e-03 7.295649964362382889e-03 6.444070488214492798e-02 8.454844951629638672e-01 1.184214185923337936e-02 1.074588205665349960e-02 5.962035618722438812e-03 3.064996935427188873e-02 8.313378319144248962e-03 4.665107280015945435e-02 1.843388751149177551e-02 1.536680292338132858e-02 1.199836656451225281e-02 1.047387160360813141e-02 1.394625008106231689e-02 1.230750046670436859e-02 8.965940214693546295e-03 9.267730638384819031e-03 1.522047538310289383e-02 1.113672181963920593e-02 3.353477688506245613e-03 1.838393136858940125e-02 1.433343812823295593e-02 1.065168809145689011e-02 1.057905796915292740e-02 3.826117515563964844e-02 1.387473754584789276e-02 4.947352781891822815e-02 1.467052381485700607e-02 2.238186774775385857e-03 4.649605602025985718e-03 5.854461342096328735e-03 5.022923927754163742e-03 1.554586831480264664e-02 1.311203371733427048e-02 8.325221948325634003e-03 1.104429922997951508e-02 1.597762107849121094e-02 7.367615122348070145e-03 1.737583056092262268e-02 1.991224847733974457e-02 3.110482357442378998e-03 5.007683299481868744e-03 7.140094041824340820e-02 7.303474843502044678e-02 2.441591583192348480e-03 3.573930007405579090e-04 3.272646339610219002e-03 1.136435009539127350e-02 2.053331770002841949e-02 2.506298758089542389e-02 1.038373447954654694e-02 4.325829911977052689e-03 1.874908432364463806e-02 1.805620081722736359e-02 8.802033029496669769e-03 2.054034918546676636e-02 1.630923524498939514e-02 1.507544890046119690e-02 4.222122486680746078e-03 7.440520916134119034e-03 2.700480073690414429e-02 4.492896422743797302e-02 5.088940262794494629e-03 1.034657005220651627e-02 2.361944131553173065e-02 2.663813997060060501e-03 1.871243678033351898e-02 1.134331105276942253e-03 2.263700030744075775e-02 1.252316171303391457e-03 1.335016731172800064e-02 2.326972316950559616e-03 2.047967538237571716e-02 1.594323478639125824e-02 7.823756313882768154e-04 1.730198971927165985e-03 6.219614762812852859e-03 2.607569564133882523e-03 2.141321543604135513e-03 4.325224086642265320e-03 7.437803433276712894e-04 7.006738334894180298e-03 1.265291869640350342e-02 2.028923481702804565e-02 1.496414537541568279e-03 8.864078670740127563e-03 6.088105961680412292e-02 1.126882527023553848e-02 5.574260652065277100e-02 1.973463967442512512e-02 3.034189809113740921e-03 1.438825298100709915e-02 9.005361236631870270e-03 9.182550013065338135e-03 7.616980932652950287e-03 7.348726037889719009e-03 3.107802383601665497e-02 7.140196859836578369e-03 7.956134155392646790e-03 1.043942850083112717e-02 2.058092691004276276e-02 2.683964557945728302e-02 2.700757002457976341e-03 2.362956525757908821e-03 2.481297962367534637e-02 2.274877205491065979e-02 1.835856400430202484e-02 1.371613703668117523e-02 2.035594917833805084e-02 2.309660427272319794e-02 1.201905496418476105e-02 6.957196630537509918e-03
3.702545166015625000e-02 2.926107868552207947e-02 5.281929671764373779e-02 1.977158337831497192e-02 7.745306007564067841e-03 2.185241691768169403e-02 1.184214185923337936e-02 8.454844951629638672e-01 5.121344700455665588e-03 1.493973843753337860e-02 3.259580954909324646e-02 9.737366810441017151e-03 3.081888519227504730e-02 1.153091900050640106e-02 5.855254828929901123e-02 3.099398221820592880e-03 1.725800335407257080e-03 1.119340956211090088e-02 1.298146508634090424e-02 2.385958796367049217e-03 1.197793241590261459e-02 2.717283554375171661e-02 2.496619243174791336e-03 7.272036280483007431e-03 1.085498742759227753e-02 1.902707736007869244e-03 1.921058259904384613e-02 1.266877073794603348e-02 1.716156117618083954e-02 1.454835198819637299e-02 4.234691441524773836e-04 5.327858496457338333e-03 1.088208798319101334e-02 1.098609715700149536e-02 5.525628570467233658e-03 2.397088101133704185e-03 1.139007229357957840e-02 2.235512621700763702e-02 3.777358308434486389e-02 1.710748113691806793e-02 1.661903038620948792e-02 1.623501814901828766e-02 1.488786656409502029e-02 5.503687076270580292e-03 1.331948093138635159e-03 1.050136145204305649e-02 1.218850910663604736e-02 9.444163180887699127e-03 1.183158601634204388e-03 8.493617177009582520e-03 8.770738728344440460e-03 1.704642362892627716e-02 3.810025006532669067e-02 3.575972095131874084e-02 7.163729518651962280e-03 1.227068807929754257e-02 1.562253758311271667e-02 1.134461071342229843e-02 3.360433876514434814e-02 2.923223003745079041e-02 3.610087558627128601e-03 1.655724714510142803e-03 9.040141478180885315e-03 8.309457451105117798e-03 1.594611629843711853e-02 9.531725198030471802e-03 8.225905708968639374e-03 8.507507853209972382e-03 9.809989482164382935e-03 2.082659490406513214e-02 1.565098296850919724e-03 7.312207482755184174e-03 2.529475092887878418e-02 2.459475956857204437e-02 1.147480495274066925e-02 1.331396494060754776e-02 1.503362879157066345e-02 1.330521702766418457e-02 2.243835711851716042e-03 1.215554960072040558e-02 4.883929714560508728e-02 4.333632439374923706e-02 2.151397988200187683e-02 2.882981905713677406e-03 5.025694612413644791e-03 7.025866303592920303e-03 5.005878582596778870e-02 3.805775195360183716e-02 7.288770866580307484e-04 1.999882049858570099e-02 8.811816573143005371e-03 1.937685161828994751e-02 1.180004328489303589e-03 9.169739671051502228e-03 1.531377993524074554e-02 7.142229587770998478e-04 1.513809058815240860e-02 2.734961733222007751e-02 1.136245951056480408e-02 1.760854572057723999e-02 6.690339650958776474e-03 2.383784763514995575e-02 2.081876993179321289e-02 1.880523562431335449e-02 1.841260306537151337e-02 2.088599093258380890e-02 1.491826151323039085e-05 8.302696049213409424e-03 8.343946188688278198e-03 7.863614708185195923e-03 1.533816475421190262e-02 1.204293686896562576e-02 1.835781522095203400e-02 1.378664467483758926e-02 1.608506031334400177e-02 5.483658052980899811e-03
7.592367008328437805e-03 4.132624249905347824e-03 9.810983203351497650e-03 4.446125123649835587e-03 1.839416287839412689e-02 1.080990675836801529e-02 1.074588205665349960e-02 5.121344700455665588e-03 8.454844951629638672e-01 4.109967127442359924e-02 6.218037568032741547e-03 2.329055592417716980e-02 1.719494903227314353e-04 1.788830384612083435e-02 6.333575118333101273e-03 2.151793614029884338e-02 1.040027663111686707e-02 3.280350193381309509e-02 2.512511610984802246e-02 2.895704470574855804e-03 4.266511648893356323e-03 8.338922634720802307e-05 3.067247569561004639e-02 2.120770514011383057e-02 4.259290639311075211e-03 6.517554167658090591e-03 8.620311506092548370e-03 8.994704694487154484e-04 1.512191491201519966e-03 1.146085746586322784e-02 1.082751806825399399e-02 1.616893522441387177e-02 1.772470958530902863e-02 5.062084179371595383e-03 2.232575789093971252e-04 2.104386687278747559e-02 1.791411451995372772e-02 1.327504497021436691e-02 1.017135754227638245e-02 3.749064356088638306e-02 7.170043420046567917e-03 5.015356838703155518e-02 3.374067693948745728e-02 9.659361094236373901e-03 3.335677459836006165e-02 1.586718484759330750e-02 8.936651982367038727e-03 5.390132311731576920e-03 4.298189654946327209e-02 1.643412560224533081e-02 1.133594661951065063e-02 6.992403417825698853e-03 2.230802364647388458e-02 1.410801149904727936e-02 3.608193248510360718e-02 2.481212373822927475e-03 1.406294107437133789e-02 9.616228751838207245e-03 3.830985631793737411e-03 1.281061209738254547e-03 3.513778327032923698e-03 2.978753298521041870e-02 6.140219513326883316e-03 1.681426912546157837e-02 9.925539605319499969e-03 5.902680568397045135e-03 2.780117793008685112e-03 2.608073409646749496e-03 3.084904886782169342e-02 6.680530495941638947e-04 2.920241653919219971e-02 2.210519276559352875e-02 1.523926854133605957e-03 1.618734677322208881e-03 2.913604723289608955e-03 5.281336139887571335e-03 7.550994306802749634e-02 5.568187311291694641e-02 5.079264938831329346e-02 8.855043910443782806e-03 1.015146728605031967e-02 1.341889495961368084e-03 1.713333278894424438e-02 3.875991562381386757e-03 1.632357016205787659e-02 3.497053869068622589e-03 3.637515474110841751e-03 5.141270812600851059e-03 4.038338735699653625e-02 2.002202346920967102e-02 7.460794411599636078e-03 4.817284643650054932e-03 1.668934337794780731e-02 5.961573682725429535e-03 3.063820302486419678e-02 1.717675291001796722e-02 4.658369347453117371e-03 8.590002544224262238e-03 5.902285501360893250e-02 3.412779420614242554e-02 9.006922133266925812e-03 6.384059321135282516e-03 2.013219054788351059e-03 8.484658785164356232e-03 2.885595709085464478e-02 2.571659162640571594e-02 7.306170184165239334e-03 1.528709568083286285e-02 8.386353962123394012e-03 8.895272389054298401e-03 1.128423493355512619e-02 4.079853184521198273e-03 1.436724420636892319e-02 7.595925126224756241e-03 1.228316500782966614e-02 5.074487533420324326e-03
8.884572423994541168e-03 7.428380195051431656e-03 1.212604623287916183e-02 1.434099487960338593e-02 1.500499807298183441e-02 5.737830419093370438e-03 5.962035618722438812e-03 1.493973843753337860e-02 4.109967127442359924e-02 8.454844951629638672e-01 1.755117252469062805e-02 1.731107570230960846e-02 1.009166240692138672e-02 1.212651375681161880e-03 1.747497543692588806e-02 1.114926859736442566e-02 2.223139861598610878e-03 5.319661274552345276e-02 5.377280712127685547e-02 2.739611081779003143e-02 1.150452997535467148e-02 3.126238472759723663e-03 9.565061889588832855e-03 5.803506355732679367e-03 1.611962914466857910e-02 9.129126556217670441e-03 3.233915427699685097e-03 1.268528588116168976e-02 9.378297254443168640e-03 4.055480472743511200e-03 8.051711134612560272e-03 1.145060919225215912e-02 1.217870973050594330e-02 9.213467128574848175e-04 6.246853619813919067e-03 1.579101942479610443e-02 6.049418356269598007e-03 1.860884018242359161e-03 4.150467459112405777e-03 1.923915557563304901e-02 1.736885984428226948e-03 8.511670865118503571e-03 2.723750192672014236e-03 4.276836407370865345e-04 2.038799226284027100e-03 1.061191968619823456e-02 3.693079575896263123e-03 8.669207803905010223e-03 2.384364977478981018e-02 5.802261829376220703e-02 1.943049393594264984e-02 2.885634079575538635e-02 1.816835999488830566e-02 1.058787759393453598e-02 8.798325434327125549e-03 2.612431533634662628e-02 1.214485429227352142e-02 1.800965890288352966e-02 8.956924080848693848e-03 1.230137702077627182e-02 2.461107634007930756e-02 2.071612747386097908e-03 1.578012667596340179e-02 1.435553841292858124e-02 4.590070806443691254e-03 4.824506584554910660e-03 1.436501741409301758e-02 1.094470173120498657e-02 1.939259469509124756e-02 1.700058393180370331e-02 6.464443169534206390e-03 9.508744813501834869e-03 3.496970981359481812e-02 2.964561246335506439e-02 2.495936490595340729e-02 2.084876596927642822e-02 1.215929863974452019e-03 2.412887103855609894e-02 3.269740194082260132e-02 7.578017562627792358e-02 1.349441614001989365e-02 1.800635829567909241e-02 8.466189727187156677e-03 5.835768952965736389e-02 1.604562252759933472e-02 9.158245287835597992e-03 1.276139169931411743e-02 1.343683805316686630e-02 1.259484142065048218e-02 6.800330430269241333e-02 1.002736855298280716e-02 1.368041848763823509e-03 1.087065879255533218e-02 2.384511986747384071e-03 9.427628479897975922e-03 4.422390833497047424e-03 2.094752900302410126e-02 1.453828066587448120e-02 2.025889791548252106e-02 4.546519834548234940e-03 1.433997508138418198e-02 8.062052540481090546e-03 3.054030705243349075e-03 2.241891343146562576e-03 2.465117350220680237e-02 3.537580836564302444e-03 2.359581738710403442e-02 2.857848815619945526e-02 4.908605478703975677e-03 2.051387168467044830e-02 1.032865140587091446e-02 1.124477945268154144e-02 6.220514886081218719e-03 1.830001547932624817e-02 1.212405506521463394e-03 2.887884899973869324e-02
5.118487775325775146e-02 4.913952201604843140e-02 1.909058168530464172e-02 2.053316310048103333e-02 4.161170218139886856e-03 3.845255449414253235e-02 3.064996935427188873e-02 3.259580954909324646e-02 6.218037568032741547e-03 1.755117252469062805e-02 8.454844951629638672e-01 6.394303403794765472e-03 5.189953744411468506e-02 4.750704858452081680e-03 5.089453607797622681e-02 1.730596646666526794e-02 1.091630570590496063e-02 4.400898236781358719e-03 8.253470994532108307e-03 1.805409556254744530e-03 9.973562322556972504e-03 3.625927865505218506e-02 1.777358539402484894e-02 2.007527090609073639e-02 1.116359140723943710e-02 1.761750504374504089e-02 2.561484277248382568e-02 1.004924438893795013e-02 4.522646218538284302e-02 1.465997193008661270e-02 3.265826776623725891e-02 3.317462047562003136e-03 7.577780634164810181e-03 6.013534031808376312e-03 1.153940241783857346e-02 1.236395910382270813e-03 1.904657483100891113e-02 2.387041971087455750e-02 7.264757994562387466e-03 1.841395744122564793e-03 2.461183816194534302e-02 1.838116347789764404e-02 2.087963186204433441e-02 1.905517652630805969e-02 1.133015844970941544e-02 4.951941780745983124e-03 3.768427670001983643e-02 3.043998032808303833e-02 8.861065143719315529e-04 1.700679585337638855e-02 8.003557100892066956e-03 1.006247196346521378e-02 3.421192988753318787e-02 2.479209750890731812e-02 8.769440464675426483e-03 1.748785004019737244e-02 2.734513953328132629e-02 3.204323351383209229e-02 3.138227015733718872e-02 2.814087457954883575e-02 3.945676609873771667e-03 8.559083566069602966e-03 4.498890135437250137e-03 1.349220145493745804e-02 4.040259495377540588e-02 4.019867256283760071e-02 2.692838665097951889e-03 9.898740798234939575e-03 1.188468094915151596e-02 2.012944221496582031e-02 4.890045151114463806e-03 1.836952194571495056e-02 1.346603967249393463e-02 2.374505251646041870e-02 1.038798969238996506e-02 2.249160595238208771e-02 5.372261628508567810e-03 8.970621973276138306e-03 1.314459485001862049e-03 1.295951846987009048e-02 3.035145439207553864e-02 1.081406231969594955e-02 1.602931879460811615e-02 1.204469241201877594e-02 8.271737955510616302e-03 1.001143269240856171e-02 3.942834213376045227e-02 3.605009987950325012e-02 8.424841798841953278e-03 1.894181407988071442e-02 3.552072867751121521e-02 2.439090982079505920e-02 2.980102784931659698e-02 2.787547186017036438e-02 2.733975416049361229e-03 7.860335521399974823e-03 2.430034801363945007e-02 2.411449328064918518e-02 7.349812425673007965e-03 6.244607269763946533e-03 1.796519197523593903e-02 1.091753132641315460e-02 1.897546276450157166e-02 2.616694197058677673e-02 2.246302179992198944e-02 1.839813776314258575e-02 1.500692870467901230e-02 1.675548590719699860e-02 1.318764779716730118e-02 2.676675468683242798e-02 1.544762402772903442e-02 1.888069696724414825e-02 1.785657368600368500e-02 1.382995210587978363e-02 1.025253348052501678e-02 8.769888430833816528e-03
2.432287670671939850e-03 1.016862690448760986e-02 6.339728366583585739e-03 1.760616898536682129e-02 2.298350445926189423e-02 1.785846427083015442e-02 8.313378319144248962e-03 9.737366810441017151e-03 2.329055592417716980e-02 1.731107570230960846e-02 6.394303403794765472e-03 8.454844951629638672e-01 1.035740133374929428e-02 7.288896292448043823e-02 9.369262261316180229e-04 3.100746311247348785e-02 2.142215706408023834e-02 1.827939972281455994e-02 2.921095304191112518e-02 2.826149761676788330e-02 2.380810491740703583e-02 2.144996105926111341e-04 5.496728420257568359e-02 5.206067487597465515e-02 1.934381760656833649e-02 1.647818833589553833e-02 3.246333682909607887e-03 6.947459280490875244e-02 3.926367964595556259e-03 5.733743309974670410e-02 1.643490605056285858e-02 3.771024942398071289e-02 3.404140472412109375e-02 2.502407692372798920e-02 3.112323815003037453e-03 1.795466803014278412e-02 1.645091734826564789e-02 3.598796669393777847e-03 2.156696841120719910e-02 2.190769836306571960e-02 3.601489355787634850e-03 2.217166498303413391e-02 1.814516261219978333e-02 6.366681191138923168e-04 6.036446616053581238e-02 5.576431751251220703e-02 1.157644391059875488e-02 2.891223703045397997e-04 1.344412285834550858e-02 1.907670684158802032e-02 2.145267091691493988e-02 1.897926442325115204e-02 2.207820769399404526e-03 3.210682189092040062e-03 1.431608665734529495e-02 1.160271815024316311e-03 1.884705945849418640e-02 1.089163869619369507e-02 7.113149389624595642e-03 5.742303095757961273e-03 1.868927851319313049e-02 1.516631804406642914e-02 1.856764429248869419e-03 8.279489353299140930e-03 1.489283167757093906e-03 8.246642537415027618e-03 2.314541488885879517e-02 2.863877452909946442e-02 1.624293439090251923e-02 1.437974045984447002e-03 2.287623658776283264e-02 8.459429256618022919e-03 8.809912949800491333e-03 3.420461667701601982e-03 3.129052370786666870e-02 7.179950829595327377e-03 2.562157064676284790e-02 3.388417884707450867e-02 4.115235805511474609e-02 1.722720800898969173e-03 6.546761840581893921e-03 1.683917455375194550e-02 5.629613064229488373e-03 1.821218244731426239e-02 4.156132042407989502e-02 2.646341174840927124e-02 1.124811731278896332e-02 5.590424407273530960e-03 5.226361006498336792e-02 1.079715136438608170e-02 6.804003380239009857e-03 6.166478153318166733e-03 3.778508631512522697e-03 1.121949637308716774e-03 4.407318774610757828e-03 2.759097842499613762e-03 2.792250306811183691e-04 2.925501903519034386e-04 1.847705245018005371e-02 2.807634510099887848e-02 1.971592381596565247e-02 2.583181485533714294e-02 6.027633789926767349e-04 1.371182384900748730e-03 4.442475619725883007e-04 1.155767031013965607e-02 2.221453003585338593e-02 7.460850756615400314e-04 2.174256183207035065e-02 8.810698054730892181e-03 2.956505399197340012e-03 2.875412115827202797e-03 3.047509677708148956e-02 3.189434483647346497e-02 4.260912071913480759e-03 2.285024709999561310e-02
4.022330045700073242e-02 4.325821995735168457e-02 2.368383668363094330e-02 7.241871207952499390e-03 5.546461790800094604e-03 4.396761953830718994e-02 4.665107280015945435e-02 3.081888519227504730e-02 1.719494903227314353e-04 1.009166240692138672e-02 5.189953744411468506e-02 1.035740133374929428e-02 8.454844951629638672e-01 5.840211641043424606e-03 4.151964560151100159e-02 2.075000852346420288e-02 1.991851255297660828e-02 1.040584407746791840e-02 1.871441840194165707e-03 8.228729479014873505e-03 1.651623984798789024e-03 3.090355172753334045e-02 2.000779472291469574e-02 2.019136957824230194e-02 6.129602435976266861e-03 7.404957897961139679e-03 1.860162988305091858e-02 1.503782346844673157e-02 5.139350891113281250e-02 2.029809914529323578e-02 4.879113286733627319e-02 8.599231950938701630e-03 1.949670840986073017e-03 5.699071916751563549e-04 5.546554923057556152e-03 5.419752094894647598e-03 1.805615983903408051e-02 1.990530639886856079e-02 1.953497156500816345e-02 4.076083656400442123e-03 2.213851921260356903e-02 1.943651773035526276e-02 2.390534244477748871e-02 1.626538299024105072e-02 1.521716918796300888e-02 8.365176618099212646e-03 4.506848752498626709e-02 4.847596585750579834e-02 1.072208490222692490e-02 9.358040988445281982e-03 1.202938146889209747e-02 1.635392196476459503e-02 3.315832093358039856e-02 3.304098173975944519e-02 2.221878990530967712e-02 6.895917002111673355e-03 1.725263707339763641e-02 2.345016971230506897e-02 2.827095426619052887e-02 3.117833100259304047e-02 1.658980548381805420e-02 3.023724537342786789e-03 5.590204615145921707e-03 1.516072265803813934e-02 4.066194966435432434e-02 5.080869793891906738e-02 1.185332238674163818e-02 1.359905116260051727e-03 2.081528306007385254e-02 7.962143979966640472e-03 1.914820447564125061e-02 1.221552677452564240e-02 1.646837778389453888e-02 1.013966463506221771e-02 1.340804062783718109e-02 1.062443479895591736e-02 1.050655543804168701e-02 5.274320021271705627e-03 8.407444693148136139e-03 4.510115366429090500e-03 2.598437666893005371e-02 9.325011633336544037e-03 1.462069805711507797e-02 2.479925518855452538e-03 1.785398088395595551e-02 1.934100314974784851e-02 3.058311901986598969e-02 3.490656241774559021e-02 3.962998744100332260e-03 1.293673645704984665e-02 4.542870074510574341e-02 1.391940936446189880e-02 4.647007584571838379e-02 2.354698441922664642e-02 3.197249956429004669e-03 4.024793393909931183e-03 1.419074833393096924e-02 1.411259453743696213e-02 5.623601377010345459e-03 6.839547422714531422e-04 1.949254050850868225e-02 6.230204831808805466e-03 1.518247835338115692e-02 1.780952885746955872e-02 2.236394397914409637e-02 2.331067249178886414e-02 1.051298901438713074e-02 6.655194330960512161e-03 1.527773588895797729e-02 2.713235653936862946e-02 1.554000191390514374e-02 1.680444926023483276e-02 1.950095966458320618e-02 1.712338067591190338e-02 8.960888721048831940e-03 8.038131520152091980e-03
