8.377306461334228516e-01 6.975593417882919312e-02 1.178870163857936859e-02 4.444926511496305466e-03 4.215734545141458511e-03 6.582465022802352905e-02 5.347716808319091797e-02 2.680900134146213531e-02 1.781170070171356201e-02 1.918774656951427460e-02 6.413273513317108154e-02 3.787630796432495117e-02 6.218913570046424866e-02 3.214159235358238220e-02 3.465256839990615845e-02 1.367817819118499756e-02 9.904198348522186279e-03 9.319069795310497284e-03 5.847200751304626465e-03 1.568888314068317413e-02 1.922605931758880615e-02 3.131422400474548340e-02 2.352835051715373993e-02 2.245170436799526215e-02 1.664838008582592010e-02 2.422308735549449921e-02 1.791900396347045898e-02 2.373216487467288971e-02 2.269408898428082466e-03 2.228281646966934204e-02 1.030030753463506699e-02 1.837898977100849152e-02 8.825129829347133636e-03 2.216391079127788544e-02 1.005224324762821198e-02 2.089188247919082642e-02 2.478192932903766632e-02 1.998611725866794586e-02 4.958253353834152222e-03 1.004585344344377518e-02 2.247581258416175842e-03 1.792529039084911346e-02 1.833089999854564667e-02 4.426215775310993195e-03 1.138616167008876801e-02 4.533868748694658279e-03 5.588351190090179443e-02 3.440978750586509705e-02 8.127956534735858440e-04 5.090951919555664062e-03 2.401566877961158752e-02 2.716505341231822968e-02 1.216682326048612595e-02 1.623164117336273193e-02 2.826087642461061478e-03 8.470898494124412537e-03 1.227371022105216980e-02 1.646364107728004456e-02 2.097500674426555634e-02 1.342411246150732040e-02 3.099842462688684464e-03 1.763978507369756699e-03 5.670361686497926712e-03 2.532097510993480682e-03 2.292448095977306366e-02 2.282387763261795044e-02 1.915507577359676361e-02 2.223020419478416443e-02 9.645908139646053314e-03 3.857961157336831093e-03 4.467500839382410049e-03 2.157803066074848175e-02 1.506321132183074951e-02 7.739511784166097641e-03 1.537485513836145401e-02 1.232111826539039612e-02 2.153101563453674316e-02 1.884304732084274292e-02 7.417384535074234009e-03 2.197469351813197136e-03 1.645553484559059143e-02 1.124616153538227081e-02 3.140285378322005272e-03 2.516390755772590637e-03 6.300543434917926788e-03 1.518576871603727341e-02 3.064968250691890717e-02 2.711704373359680176e-02 1.750510535202920437e-03 4.361191298812627792e-03 2.484735473990440369e-02 3.102379105985164642e-02 2.422244846820831299e-02 1.740308664739131927e-02 1.697349175810813904e-02 1.616610772907733917e-02 8.296616142615675926e-04 7.535900454968214035e-03 1.772486604750156403e-02 2.256252057850360870e-02 1.495283003896474838e-02 2.021017856895923615e-02 1.679667155258357525e-03 2.035806654021143913e-03 9.642419172450900078e-04 1.151297055184841156e-02 1.794246025383472443e-02 1.149156223982572556e-02 2.778371982276439667e-02 6.761077325791120529e-03 8.151263929903507233e-03 1.715607754886150360e-02 1.437740679830312729e-02 1.228316314518451691e-02 5.991364363580942154e-03 7.597524207085371017e-03
6.975593417882919312e-02 8.377306461334228516e-01 2.538350410759449005e-03 1.310485228896141052e-02 1.078725513070821762e-02 5.992591753602027893e-02 5.591075494885444641e-02 2.083701267838478088e-02 1.704309508204460144e-02 2.163123711943626404e-02 6.339690089225769043e-02 2.501800842583179474e-02 6.473538279533386230e-02 2.796921692788600922e-02 3.285021334886550903e-02 1.339978817850351334e-02 9.044118225574493408e-03 1.063668727874755859e-02 8.069971576333045959e-03 1.908486522734165192e-02 2.288285084068775177e-02 3.110126033425331116e-02 2.186358161270618439e-02 2.342049591243267059e-02 2.098313532769680023e-02 2.522407099604606628e-02 1.827644929289817810e-02 1.473136898130178452e-02 2.980249933898448944e-03 1.289660111069679260e-02 8.237438276410102844e-03 2.522039413452148438e-02 9.219011291861534119e-03 2.765899337828159332e-02 7.072193548083305359e-03 2.401834353804588318e-02 2.573614194989204407e-02 2.289331890642642975e-02 5.700001027435064316e-03 9.130826219916343689e-03 4.724664147943258286e-03 2.043404057621955872e-02 2.215289697051048279e-02 2.671517198905348778e-03 7.173250429332256317e-03 5.936786066740751266e-03 5.176063254475593567e-02 3.165122121572494507e-02 1.073008216917514801e-02 9.458911605179309845e-03 2.118927985429763794e-02 2.138380333781242371e-02 7.236444856971502304e-03 1.307893451303243637e-02 6.226196885108947754e-03 1.140987407416105270e-02 8.709650486707687378e-03 1.491459552198648453e-02 1.556742843240499496e-02 9.293423034250736237e-03 9.863797575235366821e-03 6.385659333318471909e-03 1.324713695794343948e-03 1.456320052966475487e-03 2.222351543605327606e-02 2.618980407714843750e-02 2.607979066669940948e-02 2.873120456933975220e-02 4.824506118893623352e-03 2.145346254110336304e-03 5.192751996219158173e-04 1.588592678308486938e-02 1.745600748108699918e-04 1.103291101753711700e-02 5.950012244284152985e-03 1.316430605947971344e-02 1.706396415829658508e-02 1.603606529533863068e-02 2.269278746098279953e-03 6.689686328172683716e-03 8.486326783895492554e-03 6.331291981041431427e-03 4.951449111104011536e-03 1.683094887994229794e-03 1.658026501536369324e-02 2.407676354050636292e-02 2.665362879633903503e-02 2.642273902893066406e-02 3.698708256706595421e-03 6.629748735576868057e-03 2.101173996925354004e-02 3.179495409131050110e-02 2.205536328256130219e-02 2.075720578432083130e-02 2.291979268193244934e-02 1.815417781472206116e-02 4.231208935379981995e-03 9.768295101821422577e-03 1.952904462814331055e-02 2.620826475322246552e-02 2.347063645720481873e-02 2.519686333835124969e-02 7.971203885972499847e-03 8.474498754367232323e-04 1.271402114070951939e-03 1.216241065412759781e-02 2.238006144762039185e-02 1.220889855176210403e-02 3.340828046202659607e-02 5.483236629515886307e-03 1.271554268896579742e-02 1.513869874179363251e-02 1.947948895394802094e-02 1.361520402133464813e-02 8.487190119922161102e-03 1.358569366857409477e-03
1.178870163857936859e-02 2.538350410759449005e-03 8.377306461334228516e-01 4.317605053074657917e-04 7.336628157645463943e-03 1.973351091146469116e-02 1.934370398521423340e-02 7.633271813392639160e-02 3.507996210828423500e-03 3.935616929084062576e-03 8.034256286919116974e-03 1.071886252611875534e-02 6.363370455801486969e-03 7.625214289873838425e-03 2.606593538075685501e-03 1.784114539623260498e-02 1.836222037672996521e-02 9.664945304393768311e-03 5.612945649772882462e-03 1.002605422399938107e-03 7.661482086405158043e-04 1.724137738347053528e-02 5.309018306434154510e-03 1.455008704215288162e-02 2.065120497718453407e-03 9.935148060321807861e-03 6.401892751455307007e-03 9.971161372959613800e-03 1.322425808757543564e-02 8.892430923879146576e-03 2.106472104787826538e-02 3.310334403067827225e-03 8.270923048257827759e-03 5.696150008589029312e-03 4.260723013430833817e-03 1.055481284856796265e-02 1.780508668161928654e-03 6.666268687695264816e-03 3.792264498770236969e-03 2.038867212831974030e-03 8.790182881057262421e-03 7.025580853223800659e-03 1.006108708679676056e-03 4.438549280166625977e-02 4.953728988766670227e-03 6.414213217794895172e-03 1.351514086127281189e-02 2.221731096506118774e-02 4.954573232680559158e-03 1.594498404301702976e-03 2.010843344032764435e-02 1.496574841439723969e-02 2.937988750636577606e-02 2.997874980792403221e-03 6.270246230997145176e-04 1.934062456712126732e-03 1.706622890196740627e-03 2.283231820911169052e-03 3.173234872519969940e-03 3.338668495416641235e-02 5.540681537240743637e-03 6.179557647556066513e-03 1.482206583023071289e-02 1.444391999393701553e-02 1.558810379356145859e-02 2.051355876028537750e-02 8.279029279947280884e-03 1.151924487203359604e-02 1.642429269850254059e-02 7.589921820908784866e-03 7.056501228362321854e-03 2.481637988239526749e-03 1.046372205018997192e-02 2.910241018980741501e-03 9.954988025128841400e-03 1.757736131548881531e-02 3.844608552753925323e-03 7.337224669754505157e-03 1.481862086802721024e-02 6.767292972654104233e-03 7.443019747734069824e-02 6.218553334474563599e-02 7.489046081900596619e-03 4.780552349984645844e-03 2.135017894033808261e-05 3.761497093364596367e-03 1.920550502836704254e-02 3.817234188318252563e-02 1.546608633361756802e-03 6.863945163786411285e-04 9.740520268678665161e-03 1.679807528853416443e-02 1.291337329894304276e-02 2.179094031453132629e-02 1.601961813867092133e-02 8.656050078570842743e-03 1.411546673625707626e-02 7.388715632259845734e-03 9.386451914906501770e-03 1.183076482266187668e-02 9.174451231956481934e-03 4.970679059624671936e-03 1.193702965974807739e-02 1.544855476822704077e-04 2.724485471844673157e-03 1.884282566606998444e-02 1.715241931378841400e-02 3.327194834128022194e-03 5.448604002594947815e-03 1.259507983922958374e-02 2.592257037758827209e-02 8.414410986006259918e-03 1.481841783970594406e-02 9.250046685338020325e-03 1.316081732511520386e-02 1.952394843101501465e-03
4.444926511496305466e-03 1.310485228896141052e-02 4.317605053074657917e-04 8.377306461334228516e-01 9.195326268672943115e-02 6.396015174686908722e-03 7.641261443495750427e-03 3.727179719135165215e-03 1.703802868723869324e-02 5.743932444602251053e-03 6.339392624795436859e-03 1.609403267502784729e-02 1.436243765056133270e-02 3.827018197625875473e-03 5.301367491483688354e-03 8.888648822903633118e-03 9.744231589138507843e-03 1.818351261317729950e-02 3.701792657375335693e-02 7.629189640283584595e-03 5.593871697783470154e-03 1.229314692318439484e-02 3.789307549595832825e-03 5.188262090086936951e-03 4.664539825171232224e-03 5.522526334971189499e-03 8.438044227659702301e-03 7.513357326388359070e-03 1.634751819074153900e-02 1.609487459063529968e-03 1.914356835186481476e-02 1.317161880433559418e-02 2.526048384606838226e-02 4.151985049247741699e-03 4.288569092750549316e-02 1.711362786591053009e-02 1.456642244011163712e-02 1.891031675040721893e-02 5.418105423450469971e-02 4.941857606172561646e-02 1.656199432909488678e-02 7.569590234197676182e-04 7.664799690246582031e-03 5.754574085585772991e-04 1.890652230940759182e-03 8.225196041166782379e-03 9.007376618683338165e-03 7.051800843328237534e-03 6.209576531546190381e-05 4.843472503125667572e-03 1.562195084989070892e-02 2.103057689964771271e-02 3.258595243096351624e-02 1.608622446656227112e-02 1.160969026386737823e-03 1.657325425185263157e-03 5.127823725342750549e-02 3.915672376751899719e-02 6.201764568686485291e-03 1.668363437056541443e-02 3.914783895015716553e-02 3.898623213171958923e-02 4.717084020376205444e-02 2.013018168509006500e-02 7.682326715439558029e-03 4.518371075391769409e-03 1.599697954952716827e-02 1.759537495672702789e-02 1.753720827400684357e-02 1.946345786564052105e-03 1.029096916317939758e-02 8.575777523219585419e-03 5.789053440093994141e-02 5.176093429327011108e-03 5.297238379716873169e-02 4.801267758011817932e-03 1.995787397027015686e-02 4.634651821106672287e-03 3.785997396335005760e-03 1.003427058458328247e-02 1.604375243186950684e-02 1.492776721715927124e-02 3.812761232256889343e-02 3.684025630354881287e-02 9.685519151389598846e-03 1.147647667676210403e-02 1.661850884556770325e-02 4.255563486367464066e-03 3.269905969500541687e-02 1.062025316059589386e-02 9.250145405530929565e-03 1.783420518040657043e-02 1.247703749686479568e-02 2.284864895045757294e-02 6.272919476032257080e-03 1.018320117145776749e-02 3.014038782566785812e-03 9.270398877561092377e-03 1.019805087707936764e-03 7.684991229325532913e-03 8.890933357179164886e-03 1.147988019511103630e-03 8.369079791009426117e-03 1.147932186722755432e-02 2.467722073197364807e-02 1.126088295131921768e-02 1.128166727721691132e-02 5.463659390807151794e-02 1.717512868344783783e-02 2.949675172567367554e-02 5.009667016565799713e-03 3.617319976910948753e-03 1.446622610092163086e-02 1.251374743878841400e-02 6.016917759552598000e-04 5.510767921805381775e-03
4.215734545141458511e-03 1.078725513070821762e-02 7.336628157645463943e-03 9.195326268672943115e-02 8.377306461334228516e-01 5.003196420148015022e-04 2.805239288136363029e-03 6.807119585573673248e-03 3.026037104427814484e-02 5.996892694383859634e-03 4.618840757757425308e-03 1.205271948128938675e-02 1.021526753902435303e-02 1.864334772108122706e-04 1.298746746033430099e-02 1.294111926108598709e-02 1.416014973074197769e-02 2.845330350100994110e-02 4.882768169045448303e-02 6.908011622726917267e-03 8.556823013350367546e-04 7.134915795177221298e-03 8.421437814831733704e-04 1.385519048199057579e-03 7.531445589847862720e-04 8.957156911492347717e-03 3.968860488384962082e-03 5.697275046259164810e-03 1.661646552383899689e-02 3.267964639235287905e-04 2.098426222801208496e-02 7.602280471473932266e-03 2.258274890482425690e-02 1.441476773470640182e-02 4.538445919752120972e-02 2.157572843134403229e-02 6.923963781446218491e-03 1.764140464365482330e-02 5.675593018531799316e-02 5.765474960207939148e-02 1.365313027054071426e-02 3.352914471179246902e-03 3.413161030039191246e-03 3.602140117436647415e-03 7.912095752544701099e-04 3.204565728083252907e-03 2.386831212788820267e-03 1.429713889956474304e-02 7.252304349094629288e-03 1.438089739531278610e-02 1.444506458938121796e-02 1.785199344158172607e-02 2.135467901825904846e-02 2.059620618820190430e-02 1.309805177152156830e-02 8.983588777482509613e-03 5.057729780673980713e-02 4.343286156654357910e-02 4.037913866341114044e-03 1.801770739257335663e-02 3.588161617517471313e-02 4.112593457102775574e-02 4.104853048920631409e-02 1.944644190371036530e-02 6.073302589356899261e-03 8.868267759680747986e-03 1.003408338874578476e-02 1.081717479974031448e-02 1.696226745843887329e-02 1.230291090905666351e-02 8.943322114646434784e-03 1.150019560009241104e-02 4.786293581128120422e-02 1.119396276772022247e-02 5.703853443264961243e-02 5.113792605698108673e-03 2.402484230697154999e-02 5.816914141178131104e-03 1.396816316992044449e-02 3.244630759581923485e-03 8.993299677968025208e-03 8.354579098522663116e-03 4.687504470348358154e-02 4.808862507343292236e-02 2.573639387264847755e-03 2.632786054164171219e-03 1.016386412084102631e-02 2.027409849688410759e-03 3.043179027736186981e-02 1.616222597658634186e-02 9.296734817326068878e-03 1.180468313395977020e-02 1.577721349895000458e-02 1.171014457941055298e-02 5.447948205983266234e-05 5.025544203817844391e-03 1.343422336503863335e-03 7.015008945018053055e-03 6.274991203099489212e-03 4.233681131154298782e-03 8.204763755202293396e-03 3.536099102348089218e-03 4.632482014130800962e-04 5.804379936307668686e-03 2.376426756381988525e-02 1.796298660337924957e-02 1.537562720477581024e-02 5.337017402052879333e-02 1.307213399559259415e-02 3.724750503897666931e-02 3.147885669022798538e-03 1.834463793784379959e-03 1.142077054828405380e-02 9.430040605366230011e-03 1.400515786372125149e-03 8.721989579498767853e-03
6.582465022802352905e-02 5.992591753602027893e-02 1.973351091146469116e-02 6.396015174686908722e-03 5.003196420148015022e-04 8.377306461334228516e-01 6.293762475252151489e-02 2.728229388594627380e-02 1.934631355106830597e-02 2.182786911725997925e-02 5.403368920087814331e-02 4.927513375878334045e-02 5.410106107592582703e-02 4.489229992032051086e-02 3.023947216570377350e-02 1.928421109914779663e-02 1.749173924326896667e-02 1.526274369098246098e-03 5.735444370657205582e-03 1.583110354840755463e-02 1.564663834869861603e-02 3.068460710346698761e-02 2.311204932630062103e-02 2.558893896639347076e-02 1.659623347222805023e-02 2.379262447357177734e-02 1.914356276392936707e-02 4.258446022868156433e-02 3.026470076292753220e-03 3.960797190666198730e-02 1.064471807330846786e-02 1.345305982977151871e-02 2.669562352821230888e-03 1.887234114110469818e-02 1.249004248529672623e-02 6.399726495146751404e-03 2.036873996257781982e-02 1.692661456763744354e-02 7.072689943015575409e-03 1.486630830913782120e-02 2.098266268149018288e-03 1.796240685507655144e-03 8.812181651592254639e-03 3.261966397985816002e-03 1.451244391500949860e-02 6.779144518077373505e-03 6.159165874123573303e-02 3.848550841212272644e-02 1.094553247094154358e-02 7.911182474344968796e-04 1.427360530942678452e-02 2.079390175640583038e-02 6.723041646182537079e-03 1.267896313220262527e-02 6.479517556726932526e-03 8.006213232874870300e-03 1.556143164634704590e-02 2.364761754870414734e-02 1.032310910522937775e-02 9.654627181589603424e-03 9.667886421084403992e-03 9.711891179904341698e-04 4.142543300986289978e-03 6.260005291551351547e-03 1.430211495608091354e-02 1.928579062223434448e-02 1.273406203836202621e-02 1.580393873155117035e-02 1.334641315042972565e-02 1.102679967880249023e-02 1.308543421328067780e-02 8.194580674171447754e-03 1.601012237370014191e-02 1.016797218471765518e-02 2.222708612680435181e-02 2.852541627362370491e-03 1.815283671021461487e-02 2.110965736210346222e-02 7.684929762035608292e-03 3.418572247028350830e-03 1.707518473267555237e-02 1.395888905972242355e-02 1.109129749238491058e-02 1.318697631359100342e-02 3.302621655166149139e-03 1.398157700896263123e-02 2.786467410624027252e-02 2.145834825932979584e-02 7.662275340408086777e-03 1.733068004250526428e-02 2.442480251193046570e-02 3.390774875879287720e-02 2.730332873761653900e-02 2.001945860683917999e-02 1.234779600054025650e-02 8.816650137305259705e-03 1.268875412642955780e-02 1.342183910310268402e-02 7.411505095660686493e-03 1.265223696827888489e-02 3.361440962180495262e-03 1.214497536420822144e-02 1.481303479522466660e-02 2.278905827552080154e-03 1.025983691215515137e-02 1.307663228362798691e-02 7.032050751149654388e-03 1.775015518069267273e-02 1.565998606383800507e-02 4.070458468049764633e-03 8.303108625113964081e-03 1.589052751660346985e-02 5.429259035736322403e-03 8.723138831555843353e-03 7.549487985670566559e-03 4.535198677331209183e-03
5.347716808319091797e-02 5.591075494885444641e-02 1.934370398521423340e-02 7.641261443495750427e-03 2.805239288136363029e-03 6.293762475252151489e-02 8.377306461334228516e-01 1.469979993999004364e-02 1.462419610470533371e-02 2.789550460875034332e-02 4.810651019215583801e-02 2.876124158501625061e-02 4.894275590777397156e-02 4.041468352079391479e-02 2.389920130372047424e-02 1.808978430926799774e-02 1.746479235589504242e-02 2.436056034639477730e-03 9.934918023645877838e-03 2.346493676304817200e-02 2.723082341253757477e-02 2.770694717764854431e-02 2.005893364548683167e-02 2.455936558544635773e-02 2.706686221063137054e-02 2.847787365317344666e-02 2.230302244424819946e-02 2.315584383904933929e-02 1.541499979794025421e-02 2.320229820907115936e-02 1.947462186217308044e-02 2.206001989543437958e-02 7.259567268192768097e-03 2.662416920065879822e-02 1.508170925080776215e-02 8.623096160590648651e-03 2.457148581743240356e-02 2.584797888994216919e-02 1.133607048541307449e-02 1.775660179555416107e-02 1.200033724308013916e-02 1.655699126422405243e-02 2.342709898948669434e-02 9.881393052637577057e-03 7.894575595855712891e-03 2.596652321517467499e-02 5.752412974834442139e-02 5.079871416091918945e-02 5.482924636453390121e-03 1.165394391864538193e-02 1.612927019596099854e-02 2.180580981075763702e-02 5.774729419499635696e-03 3.935528453439474106e-03 2.304184949025511742e-03 1.517167594283819199e-02 2.113038673996925354e-02 2.357222139835357666e-02 4.261844325810670853e-03 1.892846892587840557e-03 9.797099046409130096e-03 3.508620196953415871e-03 7.308602798730134964e-04 4.982379614375531673e-04 1.621844619512557983e-02 2.271989360451698303e-02 2.254408225417137146e-02 2.974687330424785614e-02 2.635158365592360497e-03 5.388248246163129807e-03 5.365011747926473618e-03 1.005156431347131729e-02 4.169300198554992676e-03 1.822701538912951946e-03 1.949772611260414124e-02 1.024310849606990814e-02 1.326655782759189606e-02 1.980305649340152740e-02 9.793577715754508972e-03 2.167927101254463196e-02 8.087958209216594696e-03 1.017369143664836884e-02 1.475791074335575104e-02 1.520323939621448517e-02 2.139286510646343231e-02 3.091358952224254608e-02 1.929403096437454224e-02 1.891790144145488739e-02 6.819047965109348297e-03 1.667014509439468384e-02 3.331077471375465393e-02 3.111370652914047241e-02 4.099291563034057617e-02 2.141136676073074341e-02 1.503822579979896545e-02 1.552282553166151047e-02 7.209938950836658478e-03 8.278510533273220062e-03 1.522061321884393692e-02 2.059280499815940857e-02 1.106057502329349518e-02 1.833798922598361969e-02 1.066892966628074646e-02 6.219055503606796265e-03 1.989542273804545403e-03 1.364603731781244278e-02 1.189087331295013428e-02 3.018592949956655502e-03 1.793284527957439423e-02 8.444036357104778290e-03 8.305450901389122009e-03 1.066424511373043060e-02 1.727104187011718750e-02 2.097377926111221313e-02 5.255521973595023155e-04 4.547346383333206177e-03
2.680900134146213531e-02 2.083701267838478088e-02 7.633271813392639160e-02 3.727179719135165215e-03 6.807119585573673248e-03 2.728229388594627380e-02 1.469979993999004364e-02 8.377306461334228516e-01 1.105635333806276321e-02 4.271675832569599152e-03 3.006085380911827087e-02 4.133492242544889450e-03 3.428854793310165405e-02 3.919973038136959076e-03 5.398683249950408936e-02 1.350941881537437439e-02 1.439414080232381821e-02 4.311095923185348511e-03 5.837274249643087387e-03 1.300447247922420502e-02 1.683467440307140350e-02 3.230531513690948486e-02 1.535830367356538773e-02 1.431563775986433029e-02 8.144310675561428070e-03 5.428571021184325218e-04 8.100381121039390564e-03 1.954585779458284378e-03 8.833817206323146820e-03 3.970187623053789139e-03 6.738386116921901703e-03 9.517002850770950317e-03 9.656926617026329041e-03 8.951473049819469452e-03 1.239600591361522675e-02 8.765241364017128944e-05 1.756407693028450012e-02 7.375875953584909439e-03 2.586510265246033669e-03 1.040732301771640778e-02 6.785964127629995346e-03 1.019083242863416672e-02 4.212959203869104385e-03 2.273050323128700256e-02 9.763683192431926727e-03 5.695838015526533127e-03 1.793376915156841278e-02 9.216628968715667725e-03 8.683609776198863983e-03 6.852302700281143188e-03 9.491051547229290009e-03 1.515365764498710632e-02 9.345996193587779999e-03 3.450234234333038330e-02 2.213567495346069336e-03 7.181107066571712494e-04 2.291178097948431969e-03 7.661145180463790894e-03 2.916212379932403564e-02 4.665422439575195312e-02 5.113488994538784027e-03 1.062383758835494518e-03 9.772088378667831421e-03 1.425935141742229462e-02 2.093472518026828766e-02 2.668382972478866577e-02 1.342793554067611694e-02 8.144559338688850403e-03 1.172393839806318283e-02 1.499745156615972519e-02 5.609228275716304779e-03 3.067396115511655807e-03 3.399244509637355804e-03 1.016385667026042938e-02 9.826177731156349182e-03 1.448502577841281891e-02 4.289417527616024017e-03 2.171678934246301651e-03 3.640126204118132591e-03 1.133055705577135086e-02 8.757344633340835571e-02 7.175072282552719116e-02 7.333978544920682907e-03 1.771367387846112251e-03 3.716927021741867065e-03 4.830481018871068954e-03 6.080818548798561096e-02 6.247773393988609314e-02 7.989909499883651733e-03 4.197895992547273636e-03 3.359049325808882713e-03 2.543765679001808167e-02 2.280419925227761269e-03 3.033821284770965576e-02 5.474915960803627968e-04 6.620930042117834091e-03 1.459777634590864182e-02 1.364557724446058273e-02 6.339097395539283752e-03 2.277004998177289963e-03 6.162071600556373596e-03 5.505297333002090454e-03 2.047730796039104462e-02 1.418186072260141373e-02 1.622072607278823853e-02 3.393882140517234802e-02 8.169034495949745178e-03 4.239116329699754715e-03 1.240720320492982864e-02 8.616359904408454895e-03 6.882519926875829697e-03 1.079965010285377502e-02 1.552155148237943649e-02 3.358602989464998245e-03 2.380807127337902784e-04 1.142485346645116806e-02
1.781170070171356201e-02 1.704309508204460144e-02 3.507996210828423500e-03 1.703802868723869324e-02 3.026037104427814484e-02 1.934631355106830597e-02 1.462419610470533371e-02 1.105635333806276321e-02 8.377306461334228516e-01 3.773685172200202942e-02 1.156152505427598953e-02 2.688799425959587097e-02 1.166071277111768723e-02 5.395873449742794037e-04 1.694425381720066071e-02 2.212943322956562042e-02 2.394085004925727844e-02 6.973351538181304932e-02 3.530719503760337830e-02 2.132550580427050591e-03 7.398996967822313309e-03 1.435546576976776123e-02 3.030202351510524750e-02 2.189218252897262573e-02 6.555214989930391312e-03 7.472132332623004913e-03 1.214453112334012985e-02 1.472581736743450165e-02 4.598642233759164810e-03 3.166076203342527151e-04 2.314259298145771027e-03 6.806279998272657394e-03 1.601928728632628918e-03 1.209893450140953064e-02 1.512973848730325699e-02 6.875020917505025864e-03 6.693196948617696762e-03 7.501612883061170578e-03 4.342161584645509720e-03 9.500930085778236389e-03 1.499556843191385269e-02 2.378992550075054169e-02 2.711978508159518242e-03 1.790932938456535339e-02 1.101746130734682083e-02 1.300732046365737915e-02 6.608967203646898270e-03 8.864268660545349121e-03 4.402742534875869751e-02 6.549298763275146484e-03 9.354121051728725433e-03 4.345068882685154676e-04 1.435254700481891632e-02 4.323386587202548981e-03 7.002662122249603271e-02 6.118637509644031525e-03 2.192561142146587372e-02 4.292389377951622009e-03 4.785479046404361725e-03 1.014253310859203339e-02 2.627995237708091736e-02 1.263733208179473877e-02 2.409766893833875656e-03 3.799072932451963425e-03 6.320899352431297302e-03 1.008803490549325943e-03 7.088398095220327377e-03 3.439672058448195457e-03 4.801190271973609924e-02 6.375262048095464706e-03 2.073379606008529663e-02 1.174616720527410507e-02 1.059629302471876144e-02 2.789294230751693249e-04 2.077199146151542664e-02 5.843585822731256485e-03 8.659692108631134033e-02 2.184477075934410095e-02 4.609096422791481018e-02 9.986485354602336884e-03 4.415584728121757507e-03 6.359863094985485077e-03 5.957336723804473877e-02 2.230567298829555511e-02 2.018349943682551384e-03 9.907020255923271179e-03 5.936488043516874313e-03 3.793871961534023285e-03 5.702067539095878601e-02 2.024447172880172729e-02 3.790768561884760857e-03 8.516310481354594231e-04 1.614742213860154152e-04 1.246018521487712860e-02 2.368620038032531738e-02 2.605763264000415802e-02 1.411650609225034714e-02 6.547421799041330814e-04 4.613438248634338379e-02 6.506216246634721756e-03 1.038495823740959167e-02 5.348111502826213837e-03 9.551722556352615356e-03 1.037585083395242691e-02 1.200461946427822113e-02 1.245989464223384857e-02 3.068101592361927032e-03 5.789604503661394119e-03 2.704344922676682472e-03 1.053317729383707047e-02 1.595853827893733978e-02 2.707308623939752579e-03 5.530689842998981476e-03 7.410848978906869888e-03 1.444789767265319824e-02 4.444897174835205078e-03
1.918774656951427460e-02 2.163123711943626404e-02 3.935616929084062576e-03 5.743932444602251053e-03 5.996892694383859634e-03 2.182786911725997925e-02 2.789550460875034332e-02 4.271675832569599152e-03 3.773685172200202942e-02 8.377306461334228516e-01 1.216731686145067215e-02 9.961751289665699005e-03 1.335815433412790298e-02 3.304639831185340881e-02 1.235877256840467453e-02 1.907334662973880768e-02 3.771878033876419067e-02 1.603469997644424438e-02 3.862459957599639893e-02 2.170178294181823730e-02 2.112560346722602844e-02 8.800537325441837311e-03 3.133023157715797424e-02 3.955999016761779785e-02 2.285420149564743042e-02 3.165274485945701599e-02 6.757387425750494003e-03 7.822406478226184845e-03 4.091596230864524841e-03 1.643446832895278931e-02 2.299858257174491882e-03 2.160707861185073853e-02 1.263711974024772644e-02 2.658558450639247894e-02 1.645568758249282837e-02 1.274736318737268448e-02 1.948828063905239105e-02 3.984921495430171490e-04 1.041164342314004898e-02 1.957569271326065063e-02 8.379637263715267181e-03 1.881859451532363892e-02 2.926133014261722565e-02 5.439796019345521927e-03 9.357204660773277283e-03 1.836315356194972992e-02 1.584361121058464050e-02 8.084199391305446625e-03 2.133380807936191559e-02 3.905239701271057129e-02 9.555862285196781158e-03 1.638346537947654724e-02 8.306189440190792084e-03 8.091696538031101227e-03 2.770870737731456757e-02 5.001745000481605530e-02 9.289650246500968933e-03 2.923670224845409393e-02 1.302792783826589584e-02 6.282084621489048004e-03 1.376721542328596115e-03 2.674919553101062775e-02 1.442532287910580635e-03 7.279460318386554718e-03 3.749523311853408813e-03 3.893360495567321777e-03 1.605990156531333923e-02 2.063791267573833466e-02 1.133569143712520599e-02 9.053009562194347382e-04 3.087803721427917480e-02 2.106487564742565155e-02 4.539856687188148499e-03 1.505213882774114609e-02 2.017289772629737854e-02 1.974497921764850616e-02 1.523770205676555634e-02 4.896287992596626282e-02 2.779567614197731018e-02 5.223473161458969116e-02 1.031307503581047058e-02 7.664470467716455460e-03 2.205563522875308990e-02 4.553239792585372925e-02 2.338190376758575439e-02 3.117212280631065369e-02 2.653586270753294230e-04 3.728390254309488228e-07 1.276219822466373444e-02 5.219160392880439758e-02 1.111675426363945007e-02 8.110933005809783936e-03 1.373803988099098206e-02 2.695961855351924896e-03 2.492852695286273956e-02 3.737455978989601135e-02 1.046090852469205856e-02 2.145413868129253387e-02 1.667192764580249786e-02 3.094662725925445557e-02 2.020262554287910461e-02 2.039458788931369781e-02 1.534062065184116364e-02 1.257653068751096725e-02 1.134645566344261169e-02 6.558047141879796982e-03 1.611112989485263824e-02 5.073226522654294968e-03 2.112464047968387604e-02 1.940604299306869507e-03 7.510087452828884125e-03 1.671225950121879578e-02 1.643466576933860779e-02 1.235048845410346985e-02 2.746304869651794434e-02 1.755672134459018707e-02
6.413273513317108154e-02 6.339690089225769043e-02 8.034256286919116974e-03 6.339392624795436859e-03 4.618840757757425308e-03 5.403368920087814331e-02 4.810651019215583801e-02 3.006085380911827087e-02 1.156152505427598953e-02 1.216731686145067215e-02 8.377306461334228516e-01 1.449884288012981415e-02 6.776221096515655518e-02 1.533873379230499268e-02 3.819686546921730042e-02 1.175209507346153259e-02 4.144406877458095551e-03 6.000572349876165390e-03 4.683499690145254135e-03 1.725421845912933350e-02 1.847122609615325928e-02 4.121497273445129395e-02 1.901035383343696594e-02 1.764956116676330566e-02 1.865770854055881500e-02 1.895074360072612762e-02 2.549588121473789215e-02 6.723426282405853271e-03 1.740532740950584412e-02 1.244648010469973087e-03 2.095487155020236969e-02 2.443831041455268860e-02 1.493800804018974304e-02 2.844902314245700836e-02 1.600225083529949188e-02 2.336461469531059265e-02 2.095200307667255402e-02 2.130209095776081085e-02 5.298718810081481934e-03 1.102421712130308151e-02 2.011502161622047424e-03 2.016620524227619171e-02 2.077380381524562836e-02 1.941793411970138550e-02 9.617498726584017277e-04 5.378289148211479187e-03 5.200537294149398804e-02 3.727661073207855225e-02 8.874999359250068665e-03 9.977087378501892090e-03 2.325760200619697571e-02 2.595422044396400452e-02 2.750843390822410583e-02 2.704013511538505554e-02 7.104587741196155548e-03 7.771536242216825485e-03 7.740769069641828537e-03 9.447844699025154114e-03 2.513680048286914825e-02 2.267274819314479828e-02 6.495221168734133244e-05 4.453449218999594450e-04 1.303091831505298615e-02 8.713815361261367798e-03 3.844270110130310059e-02 3.768976032733917236e-02 2.276848629117012024e-02 2.213858626782894135e-02 7.455300074070692062e-03 1.232893019914627075e-02 9.515997953712940216e-04 5.680058151483535767e-03 3.049342776648700237e-04 7.170129101723432541e-03 3.535022260621190071e-03 5.765316076576709747e-03 1.583345979452133179e-02 6.851609796285629272e-03 3.531831025611609221e-04 2.491155872121453285e-03 1.125242747366428375e-02 1.437500491738319397e-02 4.426573868840932846e-03 1.151596894487738609e-03 1.077894587069749832e-02 1.454488839954137802e-02 3.782230988144874573e-02 3.689744696021080017e-02 9.047357365489006042e-03 6.759013980627059937e-03 2.514285407960414886e-02 3.698095306754112244e-02 2.410034835338592529e-02 2.189268730580806732e-02 1.396256964653730392e-02 5.028264597058296204e-03 6.692965980619192123e-03 1.424916833639144897e-02 2.278910391032695770e-02 2.658885158598423004e-02 1.843447051942348480e-02 2.504839934408664703e-02 3.669628174975514412e-03 7.362170144915580750e-03 8.322132751345634460e-03 2.358887344598770142e-02 2.298030443489551544e-02 2.034702571108937263e-03 3.325131908059120178e-02 3.327212762087583542e-03 1.173630077391862869e-02 1.373817119747400284e-02 1.417399011552333832e-02 1.077000796794891357e-02 4.186291247606277466e-03 1.438692770898342133e-02
3.787630796432495117e-02 2.501800842583179474e-02 1.071886252611875534e-02 1.609403267502784729e-02 1.205271948128938675e-02 4.927513375878334045e-02 2.876124158501625061e-02 4.133492242544889450e-03 2.688799425959587097e-02 9.961751289665699005e-03 1.449884288012981415e-02 8.377306461334228516e-01 1.377149485051631927e-02 7.195404171943664551e-02 1.533997803926467896e-02 1.729964651167392731e-02 2.419423870742321014e-02 1.025498472154140472e-02 7.490805350244045258e-03 1.417557243257761002e-03 8.749043336138129234e-04 2.126313978806138039e-03 2.680962719023227692e-02 2.379385568201541901e-02 3.506216220557689667e-03 1.221844740211963654e-02 1.108440454117953777e-03 7.645675539970397949e-02 2.824317431077361107e-03 8.165001124143600464e-02 2.662692219018936157e-03 1.374357007443904877e-02 8.949606679379940033e-03 1.088743936270475388e-02 7.853196002542972565e-03 1.629031263291835785e-02 9.638062678277492523e-03 1.457748375833034515e-02 9.192828088998794556e-03 6.085217930376529694e-03 2.420469973003491759e-04 7.925860583782196045e-03 1.074263080954551697e-02 1.764281332725659013e-04 4.718227311968803406e-03 1.522669289261102676e-02 2.667039632797241211e-02 1.457240805029869080e-02 2.790998481214046478e-02 2.384730428457260132e-02 2.050211187452077866e-03 1.493569556623697281e-02 9.158982895314693451e-03 7.993250153958797455e-03 9.656795300543308258e-03 6.265098229050636292e-03 2.636312693357467651e-02 2.481665648519992828e-02 8.329446427524089813e-03 7.883519865572452545e-03 6.007841788232326508e-03 2.399542834609746933e-03 1.400057319551706314e-02 4.509878926910459995e-04 4.363288171589374542e-03 7.910095737315714359e-04 1.741986162960529327e-02 1.354172918945550919e-02 3.026116266846656799e-02 4.551208112388849258e-03 2.588051743805408478e-02 1.587110385298728943e-02 5.427227914333343506e-02 1.314506493508815765e-02 4.411345720291137695e-02 4.298639018088579178e-03 3.524157032370567322e-02 3.962054103612899780e-02 7.061851210892200470e-03 7.988187484443187714e-03 1.086466014385223389e-03 7.964370772242546082e-03 2.955436240881681442e-03 1.327750924974679947e-02 1.140926498919725418e-02 8.626985363662242889e-03 5.827418528497219086e-03 3.255948540754616261e-04 4.670811071991920471e-02 3.098360449075698853e-02 3.149209916591644287e-02 5.935751367360353470e-03 2.340880408883094788e-02 4.299696069210767746e-03 5.530568305402994156e-03 1.015254529193043709e-03 2.984874881803989410e-03 9.844829328358173370e-04 6.038554478436708450e-03 8.347815833985805511e-03 1.714900694787502289e-02 7.423486560583114624e-03 4.513480525929480791e-04 1.226794440299272537e-02 2.452503517270088196e-02 1.060536224395036697e-02 2.122154692187905312e-03 2.089977642754092813e-04 3.958776593208312988e-03 3.919341179425828159e-05 1.428241375833749771e-02 1.932502607814967632e-03 1.226602401584386826e-02 4.833467246498912573e-04 5.176480393856763840e-03 8.010999299585819244e-03
6.218913570046424866e-02 6.473538279533386230e-02 6.363370455801486969e-03 1.436243765056133270e-02 1.021526753902435303e-02 5.410106107592582703e-02 4.894275590777397156e-02 3.428854793310165405e-02 1.166071277111768723e-02 1.335815433412790298e-02 6.776221096515655518e-02 1.377149485051631927e-02 8.377306461334228516e-01 1.751043833792209625e-02 4.332245513796806335e-02 9.544859640300273895e-03 2.955694915726780891e-03 6.193622481077909470e-03 5.004313308745622635e-03 1.740439794957637787e-02 1.382047962397336960e-02 4.152643680572509766e-02 1.420856732875108719e-02 1.394685450941324234e-02 1.522991899400949478e-02 1.414658408612012863e-02 2.959822118282318115e-02 8.161782752722501755e-04 1.474104076623916626e-02 1.005140948109328747e-03 2.555105276405811310e-02 2.361680194735527039e-02 7.682995870709419250e-03 2.357129752635955811e-02 8.539504371583461761e-03 1.971612684428691864e-02 2.134440280497074127e-02 2.141048014163970947e-02 4.156291950494050980e-03 9.673257358372211456e-03 3.772810567170381546e-03 1.987006515264511108e-02 1.939172483980655670e-02 1.708459109067916870e-02 5.873952526599168777e-03 1.195901073515415192e-02 5.493269860744476318e-02 3.869072347879409790e-02 9.906623512506484985e-03 8.893526159226894379e-03 2.073018625378608704e-02 2.710999548435211182e-02 2.057318575680255890e-02 2.565905451774597168e-02 9.311703033745288849e-03 1.116958446800708771e-02 1.352158375084400177e-03 8.135880343616008759e-03 2.585440129041671753e-02 2.408238686621189117e-02 8.418815210461616516e-03 4.997107665985822678e-03 6.069392431527376175e-03 5.064980126917362213e-03 3.881034627556800842e-02 4.535397514700889587e-02 2.459250763058662415e-02 2.212153933942317963e-02 7.636618101969361305e-04 9.957725182175636292e-03 4.868390969932079315e-03 7.033343426883220673e-03 6.504034623503684998e-03 7.725412957370281219e-03 1.636370201595127583e-03 7.341580465435981750e-03 1.247116457670927048e-02 6.008763331919908524e-03 8.070874959230422974e-03 4.772832617163658142e-03 2.204849384725093842e-02 1.907108910381793976e-02 5.355256143957376480e-03 4.220560949761420488e-04 1.257831510156393051e-02 1.492190174758434296e-02 4.206137359142303467e-02 4.124876484274864197e-02 6.987189408391714096e-03 2.047980437055230141e-03 2.474650926887989044e-02 3.758538514375686646e-02 2.778291702270507812e-02 2.902051620185375214e-02 1.250582840293645859e-02 2.959009027108550072e-03 3.292633686214685440e-03 1.582648791372776031e-02 1.333830878138542175e-02 2.159706316888332367e-02 1.407179981470108032e-02 1.907873712480068207e-02 2.317755483090877533e-03 1.156531274318695068e-02 5.193554330617189407e-03 2.124447375535964966e-02 2.160253003239631653e-02 5.476442165672779083e-03 2.923669666051864624e-02 8.118691854178905487e-03 6.245729047805070877e-03 5.455611273646354675e-03 1.777688227593898773e-02 1.199847087264060974e-02 4.355148703325539827e-04 1.501857023686170578e-02
