8.361237645149230957e-01 7.784068584442138672e-02 2.297957241535186768e-02 1.055429596453905106e-02 9.179769083857536316e-03 6.254848092794418335e-02 3.848294168710708618e-02 1.790324226021766663e-02 1.794986310414969921e-03 5.452415905892848969e-03 7.888445258140563965e-02 2.729172445833683014e-02 3.811881691217422485e-02 9.067204780876636505e-03 1.487496774643659592e-02 1.439374685287475586e-02 7.764001842588186264e-03 1.584564149379730225e-02 1.700286520645022392e-03 3.198407124727964401e-03 1.276573049835860729e-03 2.332956343889236450e-02 1.852992735803127289e-02 9.313565678894519806e-03 6.201846525073051453e-03 1.313931308686733246e-02 3.262051614001393318e-03 2.180343121290206909e-02 5.665624514222145081e-03 1.994713768362998962e-02 3.308670595288276672e-02 8.072720840573310852e-03 1.334203593432903290e-02 2.460568910464644432e-03 4.071566741913557053e-03 7.698921952396631241e-03 5.540500860661268234e-03 1.017581764608621597e-02 5.534842144697904587e-03 1.140446052886545658e-03 2.583670057356357574e-02 1.441105850972235203e-03 1.537907496094703674e-02 2.392715960741043091e-02 1.834523631259799004e-03 2.883990528061985970e-03 3.210404887795448303e-02 2.760277315974235535e-02 1.266376581043004990e-02 3.328858874738216400e-03 1.295715104788541794e-02 1.100321393460035324e-02 1.241995673626661301e-02 2.498426940292119980e-03 2.301546745002269745e-02 3.717995015904307365e-03 8.233672007918357849e-03 4.545111209154129028e-03 2.367600612342357635e-02 1.043550577014684677e-02 1.077975425869226456e-02 5.771255586296319962e-03 6.553689483553171158e-03 4.767461505252867937e-04 2.224203385412693024e-02 5.377601366490125656e-03 8.244426921010017395e-03 1.500690355896949768e-02 2.022390486672520638e-03 1.280215010046958923e-02 6.045684218406677246e-03 2.304701879620552063e-02 5.967530887573957443e-03 1.669752411544322968e-02 7.293600356206297874e-04 3.057316131889820099e-02 2.136498922482132912e-03 1.142768561840057373e-02 1.315503660589456558e-02 3.252657828852534294e-03 2.531163580715656281e-02 1.603266410529613495e-02 1.244968455284833908e-02 3.165934700518846512e-03 5.428855773061513901e-03 7.545055355876684189e-03 1.926459930837154388e-02 1.439911872148513794e-02 1.905843056738376617e-02 4.166211932897567749e-02 1.168196368962526321e-02 2.186745405197143555e-02 3.818557411432266235e-02 1.501877978444099426e-02 1.492770737968385220e-03 7.778951432555913925e-03 1.502808649092912674e-02 1.194895897060632706e-02 8.394426666200160980e-03 1.050063315778970718e-02 7.343776058405637741e-03 7.220614701509475708e-03 2.409734204411506653e-02 1.670416072010993958e-02 3.648628247901797295e-03 6.898879073560237885e-03 5.676618777215480804e-03 4.386961925774812698e-03 8.971141651272773743e-03 1.140631642192602158e-02 2.648940682411193848e-02 2.271526865661144257e-02 5.386298056691884995e-03 5.859631113708019257e-03 1.438998244702816010e-02 1.201285421848297119e-02
7.784068584442138672e-02 8.361237645149230957e-01 1.599366031587123871e-02 5.696805194020271301e-03 1.451096031814813614e-04 6.121205538511276245e-02 6.609021872282028198e-02 1.582342758774757385e-02 7.949929684400558472e-03 3.239334095269441605e-03 6.926823407411575317e-02 4.823933821171522141e-03 6.012377142906188965e-02 2.894690260291099548e-03 8.027502335608005524e-03 1.661548949778079987e-02 1.238162536174058914e-02 3.022021241486072540e-02 2.350247465074062347e-03 5.518910940736532211e-03 2.966285450384020805e-03 7.375726941972970963e-03 1.016638521105051041e-02 4.095595329999923706e-03 4.706537816673517227e-03 7.505230139940977097e-03 1.354676438495516777e-03 1.583771593868732452e-02 4.443175159394741058e-03 2.387068420648574829e-02 4.384239669889211655e-03 1.242216303944587708e-02 3.844231832772493362e-03 2.749379491433501244e-03 1.142736710608005524e-02 8.313719183206558228e-03 2.902564883697777987e-04 1.606060564517974854e-02 3.830249886959791183e-03 1.358259003609418869e-02 1.854632794857025146e-02 1.548150833696126938e-02 2.431831881403923035e-02 8.998262695968151093e-03 3.177552297711372375e-02 2.069525793194770813e-02 4.324604570865631104e-02 1.695733331143856049e-02 2.280364185571670532e-02 5.841237958520650864e-03 1.779737137258052826e-02 2.140332944691181183e-02 7.085050921887159348e-03 2.795961918309330940e-03 3.090908378362655640e-02 9.906610473990440369e-03 1.159692183136940002e-02 9.391746483743190765e-03 1.959409005939960480e-02 1.121567282825708389e-02 1.402422878891229630e-02 9.426077827811241150e-03 3.303477074950933456e-03 8.149095810949802399e-03 1.783484220504760742e-02 1.641537807881832123e-02 1.334686670452356339e-02 1.659736968576908112e-02 7.405830547213554382e-03 6.585948285646736622e-04 1.770278066396713257e-02 2.236568741500377655e-02 2.506667282432317734e-03 1.106083206832408905e-02 1.474905759096145630e-02 1.963760517537593842e-02 1.186025678180158138e-03 9.327451698482036591e-03 2.231282368302345276e-02 6.069298367947340012e-03 2.446922473609447479e-02 2.156623825430870056e-02 3.163563786074519157e-03 8.856930769979953766e-03 1.222645957022905350e-02 6.700150202959775925e-03 2.083446457982063293e-02 2.120359987020492554e-02 1.247448287904262543e-02 2.753246948122978210e-02 3.206766210496425629e-03 7.785200607031583786e-03 1.927553792484104633e-03 2.330854907631874084e-02 2.836300118360668421e-04 1.557514164596796036e-02 1.668359525501728058e-02 1.370633952319622040e-02 1.846533454954624176e-02 2.548537217080593109e-02 3.786086337640881538e-03 4.286609124392271042e-03 2.029962278902530670e-02 1.048393640667200089e-02 4.365589004009962082e-03 1.296222908422350883e-03 4.203089629299938679e-04 1.814859732985496521e-02 1.774559845216572285e-03 2.393221668899059296e-02 1.251622382551431656e-02 1.716432720422744751e-02 1.843096315860748291e-02 2.549138665199279785e-02 1.560974493622779846e-02 1.301548257470130920e-02
2.297957241535186768e-02 1.599366031587123871e-02 8.361237645149230957e-01 1.592463813722133636e-02 1.778658479452133179e-02 2.062052721157670021e-03 5.019489210098981857e-03 5.915842950344085693e-02 1.156959962099790573e-02 8.493040688335895538e-03 2.150530181825160980e-02 8.662821725010871887e-03 1.957856677472591400e-02 2.056650072336196899e-02 2.395279332995414734e-02 1.338754501193761826e-02 2.504470199346542358e-02 9.388927370309829712e-03 1.525603700429201126e-03 7.426680531352758408e-03 2.308043092489242554e-02 2.731122449040412903e-02 4.684938583523035049e-03 3.782829036936163902e-03 3.094706684350967407e-02 2.745721861720085144e-02 3.176064044237136841e-02 4.318530671298503876e-03 2.126937545835971832e-02 1.532717235386371613e-02 2.952789701521396637e-02 5.419522989541292191e-03 1.292193215340375900e-02 1.051824446767568588e-02 1.310537476092576981e-02 1.439639949239790440e-03 1.586595899425446987e-03 3.066537156701087952e-02 2.315524965524673462e-02 1.217870973050594330e-02 2.912849932909011841e-02 4.568077623844146729e-03 1.369219645857810974e-02 2.278755605220794678e-02 6.545284762978553772e-03 8.375589386560022831e-04 2.418048307299613953e-02 7.286525797098875046e-03 2.894673729315400124e-03 1.365728303790092468e-02 3.268699860200285912e-03 6.182661280035972595e-03 3.531778929755091667e-03 6.128197070211172104e-03 8.509773761034011841e-03 2.950948895886540413e-03 3.101491555571556091e-02 3.508148714900016785e-02 1.106677390635013580e-02 1.271404977887868881e-02 2.407683990895748138e-02 7.996481843292713165e-03 1.361720915883779526e-02 4.997541196644306183e-03 9.514320641756057739e-03 1.021678932011127472e-02 1.891618967056274414e-02 1.094865519553422928e-02 2.729613566771149635e-03 1.250774506479501724e-02 1.751849800348281860e-02 1.629292219877243042e-02 1.072917226701974869e-02 1.696034148335456848e-02 2.035904303193092346e-02 2.546017989516258240e-02 1.944902911782264709e-02 5.278850439935922623e-03 1.774767041206359863e-02 7.140299305319786072e-03 5.401774495840072632e-02 4.368368163704872131e-02 2.962757460772991180e-02 8.805755525827407837e-03 8.438962511718273163e-03 4.588521551340818405e-03 4.336134716868400574e-02 2.059406600892543793e-02 6.750630680471658707e-03 1.721682213246822357e-02 1.466923020780086517e-02 1.812535338103771210e-02 1.461011637002229691e-02 1.956932432949542999e-02 1.449232269078493118e-02 3.152739955112338066e-04 3.054637927561998367e-03 1.343540847301483154e-02 8.895348757505416870e-03 1.452912390232086182e-02 6.462223362177610397e-03 1.174389012157917023e-02 6.621062289923429489e-03 1.595354638993740082e-02 1.143234409391880035e-02 1.467061322182416916e-02 3.382675116881728172e-03 5.451862234622240067e-03 2.191722393035888672e-03 2.504075132310390472e-02 1.561420504003763199e-02 1.140301581472158432e-02 4.300711210817098618e-03 1.392982085235416889e-03 1.573401875793933868e-02 9.409263730049133301e-03
1.055429596453905106e-02 5.696805194020271301e-03 1.592463813722133636e-02 8.361237645149230957e-01 6.483948230743408203e-02 1.462560519576072693e-02 1.570739224553108215e-02 8.739775046706199646e-03 2.143213152885437012e-02 3.685785830020904541e-02 2.403203397989273071e-02 1.483001396991312504e-03 2.102836780250072479e-02 3.177613543812185526e-04 3.822111990302801132e-03 2.542037889361381531e-02 2.398179471492767334e-02 1.652630604803562164e-02 2.441593073308467865e-02 2.101973630487918854e-02 1.755927503108978271e-02 1.069785677827894688e-03 1.378296595066785812e-02 7.428676355630159378e-03 1.717019639909267426e-02 8.618477731943130493e-03 8.200035430490970612e-03 4.210861399769783020e-02 2.761446498334407806e-02 2.036067470908164978e-02 2.530580386519432068e-02 8.840424008667469025e-03 3.159619867801666260e-02 1.013926137238740921e-02 3.022104315459728241e-02 1.197822857648134232e-02 1.123416703194379807e-02 1.107166334986686707e-02 4.917325079441070557e-02 4.497367143630981445e-02 4.570054821670055389e-03 3.015954280272126198e-03 1.069356966763734818e-02 1.006588432937860489e-02 9.977369569242000580e-03 1.223672740161418915e-02 3.114596940577030182e-02 2.062611840665340424e-02 1.411917502991855145e-03 3.024638397619128227e-03 1.221516402438282967e-03 1.618620706722140312e-03 4.633304104208946228e-02 2.859912812709808350e-02 6.187375169247388840e-03 4.653368145227432251e-03 1.580375619232654572e-02 3.294378751888871193e-03 2.808100357651710510e-02 2.814612910151481628e-02 3.402340412139892578e-02 8.210928179323673248e-03 1.991802640259265900e-02 2.991918288171291351e-02 2.552514523267745972e-02 1.594105921685695648e-02 1.349344104528427124e-02 1.000544615089893341e-02 7.451112382113933563e-03 6.488767452538013458e-03 1.285512093454599380e-02 1.785706612281501293e-03 6.419368833303451538e-02 1.772108487784862518e-02 5.091937631368637085e-02 4.304152447730302811e-03 7.114356849342584610e-03 5.078950896859169006e-03 3.035368584096431732e-02 2.302869036793708801e-02 8.530886261723935604e-04 2.460172772407531738e-02 2.635565213859081268e-02 3.743231296539306641e-03 1.453431043773889542e-02 2.363322488963603973e-02 7.504473906010389328e-03 2.322120033204555511e-02 6.507093086838722229e-03 2.603511139750480652e-02 2.135819755494594574e-02 2.467882353812456131e-03 2.048950083553791046e-02 1.343426015228033066e-02 2.863211371004581451e-02 1.415362488478422165e-02 1.914134621620178223e-02 1.984699815511703491e-02 5.078097339719533920e-03 3.253241069614887238e-03 1.734780520200729370e-02 9.587208740413188934e-03 7.741946727037429810e-03 1.508812140673398972e-02 3.835671767592430115e-02 1.826033182442188263e-02 8.712094277143478394e-03 1.567280502058565617e-03 8.860190398991107941e-03 1.687214942649006844e-03 5.548879038542509079e-03 1.362662063911557198e-03 2.356808865442872047e-03 5.550266359932720661e-04 9.088366292417049408e-03 1.371366903185844421e-03
9.179769083857536316e-03 1.451096031814813614e-04 1.778658479452133179e-02 6.483948230743408203e-02 8.361237645149230957e-01 4.810902755707502365e-03 1.925681903958320618e-02 1.891238428652286530e-02 2.966958284378051758e-02 2.884932421147823334e-02 2.442939393222332001e-02 1.016586273908615112e-02 2.272904850542545319e-02 3.008475294336676598e-03 3.962141461670398712e-03 1.832681149244308472e-02 2.373662404716014862e-02 6.660753861069679260e-03 1.504407264292240143e-02 2.153603732585906982e-02 1.468925178050994873e-02 1.496347598731517792e-02 7.102303206920623779e-03 4.046067595481872559e-03 2.240177430212497711e-02 1.244099996984004974e-02 6.817772053182125092e-03 3.260046616196632385e-02 2.806844748556613922e-02 3.049822896718978882e-02 2.680708654224872589e-02 1.180144120007753372e-02 2.352787926793098450e-02 1.660553738474845886e-02 3.059486113488674164e-02 1.011135429143905640e-02 8.992347866296768188e-03 2.471865387633442879e-03 5.080822855234146118e-02 5.026403814554214478e-02 1.056704390794038773e-02 1.097101951017975807e-03 9.587846696376800537e-03 1.938702538609504700e-02 1.066825818270444870e-02 1.641413383185863495e-02 2.505657449364662170e-02 1.840459555387496948e-02 8.874957566149532795e-04 7.301724515855312347e-03 4.934356547892093658e-03 8.454530499875545502e-03 3.884068503975868225e-02 2.967736683785915375e-02 1.317904912866652012e-03 1.125386636704206467e-02 1.780663244426250458e-02 4.420892801135778427e-03 1.720162108540534973e-02 2.300386689603328705e-02 1.941500231623649597e-02 1.161263510584831238e-02 6.523743271827697754e-03 1.688915304839611053e-02 2.342708408832550049e-02 1.177752763032913208e-02 1.974455267190933228e-02 1.745269820094108582e-02 5.961607210338115692e-03 5.442983820103108883e-04 1.813126541674137115e-02 1.784062711521983147e-03 5.740314722061157227e-02 1.012305449694395065e-02 5.506022647023200989e-02 2.215499443991575390e-05 1.528201252222061157e-02 3.614272223785519600e-03 2.761547826230525970e-02 7.434689439833164215e-03 3.682928159832954407e-03 2.271905355155467987e-02 3.110202401876449585e-02 1.614466868340969086e-02 1.571601815521717072e-02 2.195537462830543518e-02 8.874516934156417847e-03 1.741084270179271698e-02 2.113856608048081398e-03 4.095363896340131760e-03 2.473063953220844269e-02 5.723412148654460907e-03 1.693699322640895844e-02 6.348349153995513916e-03 2.597185224294662476e-02 2.027354016900062561e-02 3.053274750709533691e-02 1.168951485306024551e-02 1.304376963526010513e-02 1.127322670072317123e-02 1.504714693874120712e-02 1.039582397788763046e-02 1.361748203635215759e-02 5.517400801181793213e-03 3.568958491086959839e-02 1.738937944173812866e-02 8.494096808135509491e-03 4.609604831784963608e-03 9.848558343946933746e-03 1.040724851191043854e-02 3.808983834460377693e-03 5.529667250812053680e-04 2.117679687216877937e-03 6.003215443342924118e-03 1.210906635969877243e-02 2.506428165361285210e-03
6.254848092794418335e-02 6.121205538511276245e-02 2.062052721157670021e-03 1.462560519576072693e-02 4.810902755707502365e-03 8.361237645149230957e-01 6.304703652858734131e-02 9.817101061344146729e-03 6.485534366220235825e-03 4.124351311475038528e-03 4.948865622282028198e-02 1.936313323676586151e-02 3.265395015478134155e-02 8.278985507786273956e-03 6.154227536171674728e-03 6.828389596194028854e-03 9.021170437335968018e-03 1.032011117786169052e-02 2.772514708340167999e-03 6.136758252978324890e-03 5.523647647351026535e-03 7.635469082742929459e-03 3.875134047120809555e-03 1.142652705311775208e-03 3.440002677962183952e-03 4.652108997106552124e-03 2.987020462751388550e-02 1.476873829960823059e-02 2.673625713214278221e-03 1.081029605120420456e-02 1.020934246480464935e-02 5.779217462986707687e-03 9.219357743859291077e-03 7.846798747777938843e-03 1.167601090855896473e-03 1.656289584934711456e-02 1.486254204064607620e-02 4.173507448285818100e-03 4.008688498288393021e-03 1.245137676596641541e-02 1.301432214677333832e-02 5.549907218664884567e-03 2.286466397345066071e-02 1.779933646321296692e-02 1.397607754915952682e-02 1.494202297180891037e-02 4.501528665423393250e-02 6.094790995121002197e-03 2.257833071053028107e-02 3.701071720570325851e-03 1.190925389528274536e-02 1.389094162732362747e-02 1.641252310946583748e-03 1.869763247668743134e-02 2.301778458058834076e-02 7.382939802482724190e-04 1.478900201618671417e-02 1.801115646958351135e-02 1.188015844672918320e-02 8.954373188316822052e-03 7.658084388822317123e-03 2.868400653824210167e-03 1.470040902495384216e-02 1.240284461528062820e-02 6.874441169202327728e-03 1.603385084308683872e-03 3.286469727754592896e-03 1.493670511990785599e-02 8.735712617635726929e-03 4.910495597869157791e-03 4.644019994884729385e-03 1.876516826450824738e-02 2.830780344083905220e-03 4.221501294523477554e-03 1.041372772306203842e-02 8.606485789641737938e-04 3.744385670870542526e-03 2.343279868364334106e-02 3.432893753051757812e-02 2.842971822246909142e-03 9.678278118371963501e-03 2.012407220900058746e-02 2.643632330000400543e-02 2.531772293150424957e-02 2.944715321063995361e-02 3.512744605541229248e-02 2.294913679361343384e-02 1.163299474865198135e-02 5.877448711544275284e-03 2.174275927245616913e-02 1.873676665127277374e-02 9.118775837123394012e-03 2.573996223509311676e-02 7.442647591233253479e-03 1.230120193213224411e-02 2.755306847393512726e-02 3.463997319340705872e-02 1.256958115845918655e-02 1.890387013554573059e-02 2.663094177842140198e-02 1.038621459156274796e-02 9.562255814671516418e-03 3.911200910806655884e-02 6.792276166379451752e-03 1.842719269916415215e-03 1.473642885684967041e-02 2.372478507459163666e-02 1.599467359483242035e-02 2.062767744064331055e-02 3.453108295798301697e-02 5.563626531511545181e-03 4.690069705247879028e-03 2.065515518188476562e-02 3.232029452919960022e-02 5.197447724640369415e-03 1.042214501649141312e-02
3.848294168710708618e-02 6.609021872282028198e-02 5.019489210098981857e-03 1.570739224553108215e-02 1.925681903958320618e-02 6.304703652858734131e-02 8.361237645149230957e-01 1.134242163971066475e-03 1.075320690870285034e-02 6.118583027273416519e-03 5.555011332035064697e-02 1.789437793195247650e-02 4.625054076313972473e-02 1.964350417256355286e-02 7.622500415891408920e-03 2.349362894892692566e-02 2.200611494481563568e-02 3.184169903397560120e-02 9.480588138103485107e-03 8.992496877908706665e-03 3.433986799791455269e-03 1.258725021034479141e-02 9.331542067229747772e-03 9.046720340847969055e-03 5.182483699172735214e-03 8.591101504862308502e-03 1.795471645891666412e-02 1.400389242917299271e-03 7.100239396095275879e-03 3.668566932901740074e-03 9.899576194584369659e-03 5.485705914907157421e-04 8.704882115125656128e-03 1.374518219381570816e-02 2.048112824559211731e-02 2.262646891176700592e-02 2.268893457949161530e-02 6.416472606360912323e-03 6.726812105625867844e-03 1.553239114582538605e-02 1.261945161968469620e-02 7.153221871703863144e-03 1.440010499209165573e-02 3.152593970298767090e-02 3.914475068449974060e-02 2.239003218710422516e-02 5.514830723404884338e-02 5.230590701103210449e-02 2.716475166380405426e-02 7.502962369471788406e-03 1.993365213274955750e-02 2.110874466598033905e-02 5.578699056059122086e-03 1.472700759768486023e-02 2.919158525764942169e-02 1.242308039218187332e-02 6.933485157787799835e-03 4.752044565975666046e-03 2.515770960599184036e-03 4.505502060055732727e-03 3.368682693690061569e-03 2.088871784508228302e-02 7.168184965848922729e-03 1.203203015029430389e-02 1.235076412558555603e-02 1.162419654428958893e-02 1.711355726001784205e-04 7.027505431324243546e-03 1.964389532804489136e-02 7.886261679232120514e-03 2.070387080311775208e-02 4.855562001466751099e-04 7.561989594250917435e-03 3.499324433505535126e-03 7.914887741208076477e-03 2.085147425532341003e-03 4.275739192962646484e-03 1.189022976905107498e-02 3.162608295679092407e-02 8.481467142701148987e-03 5.715473555028438568e-03 1.546743977814912796e-02 4.566804040223360062e-03 3.834365634247660637e-03 1.657203026115894318e-02 1.582545042037963867e-02 1.832790672779083252e-02 1.525258086621761322e-02 4.025169648230075836e-03 2.179430099204182625e-03 3.958126064389944077e-03 1.522383000701665878e-02 1.759124919772148132e-02 6.974247284233570099e-03 1.522339601069688797e-02 2.737287990748882294e-02 1.205240283161401749e-02 8.504583500325679779e-03 3.566598519682884216e-03 1.380643807351589203e-02 8.422233164310455322e-03 8.528217673301696777e-03 1.452192291617393494e-02 2.437733113765716553e-03 1.847298466600477695e-03 1.827615872025489807e-02 1.453608553856611252e-02 1.996832340955734253e-02 8.846945129334926605e-03 2.061062306165695190e-02 3.393157618120312691e-03 5.801390856504440308e-03 1.821644790470600128e-02 2.198631130158901215e-02 7.808456197381019592e-03 1.804915256798267365e-02
1.790324226021766663e-02 1.582342758774757385e-02 5.915842950344085693e-02 8.739775046706199646e-03 1.891238428652286530e-02 9.817101061344146729e-03 1.134242163971066475e-03 8.361237645149230957e-01 9.858338162302970886e-03 1.078583393245935440e-02 2.420867234468460083e-02 4.154232796281576157e-03 1.085095014423131943e-02 1.805395260453224182e-02 3.451336175203323364e-02 3.446860471740365028e-03 2.359730377793312073e-02 1.690629310905933380e-02 1.627137325704097748e-02 2.056220173835754395e-02 1.383695751428604126e-02 2.969636581838130951e-02 1.883590966463088989e-02 1.722504384815692902e-02 5.278290715068578720e-03 1.364212017506361008e-03 3.302856534719467163e-02 4.014726728200912476e-03 5.642166361212730408e-03 1.293511409312486649e-02 1.218210067600011826e-02 1.456638611853122711e-02 2.654346404597163200e-03 1.470533292740583420e-02 2.602071734145283699e-03 1.100208889693021774e-02 5.329807288944721222e-03 1.820044405758380890e-02 8.469492197036743164e-03 2.081050071865320206e-03 1.199154835194349289e-02 7.439897395670413971e-03 4.035077523440122604e-03 9.986737743020057678e-03 9.683114476501941681e-03 2.735337475314736366e-03 2.520320191979408264e-02 1.202116254717111588e-02 2.649797499179840088e-02 2.035404555499553680e-02 3.567238105461001396e-03 5.153937265276908875e-03 6.781799718737602234e-03 1.583374477922916412e-02 1.422304008156061172e-02 8.801258169114589691e-03 3.009221516549587250e-02 1.346510462462902069e-02 9.848527610301971436e-03 9.978001005947589874e-03 1.980361761525273323e-03 7.240626960992813110e-03 1.110697351396083832e-02 1.201449311338365078e-03 3.059995127841830254e-03 5.084766075015068054e-03 2.651676535606384277e-03 1.044400501996278763e-02 1.085851620882749557e-02 2.134769037365913391e-02 3.475470840930938721e-02 3.589013591408729553e-02 1.151710469275712967e-02 2.722505293786525726e-02 1.923587545752525330e-02 3.422938287258148193e-02 1.320747286081314087e-02 1.548158354125916958e-03 1.787676103413105011e-02 6.407665554434061050e-03 6.189044192433357239e-02 4.729634895920753479e-02 1.789891347289085388e-02 2.589173149317502975e-03 1.921196654438972473e-02 2.460860274732112885e-02 5.918662622570991516e-02 1.279490254819393158e-02 1.377694774419069290e-02 9.182932786643505096e-03 1.929047331213951111e-02 1.572575233876705170e-02 1.306311320513486862e-02 3.705644980072975159e-02 4.635970573872327805e-03 8.494421839714050293e-03 5.394968669861555099e-03 7.008967921137809753e-03 1.899969391524791718e-02 2.623719722032546997e-02 2.781189233064651489e-02 2.962725982069969177e-02 1.725018210709095001e-02 6.438216194510459900e-03 5.406213458627462387e-03 6.495920009911060333e-03 1.480832509696483612e-02 4.497102345339953899e-04 1.149735227227210999e-02 1.920838025398552418e-03 3.106571966782212257e-03 5.342234391719102859e-03 5.449329502880573273e-03 2.392032649368047714e-03 8.723309263586997986e-03 1.533757243305444717e-02
1.794986310414969921e-03 7.949929684400558472e-03 1.156959962099790573e-02 2.143213152885437012e-02 2.966958284378051758e-02 6.485534366220235825e-03 1.075320690870285034e-02 9.858338162302970886e-03 8.361237645149230957e-01 8.455513045191764832e-03 3.586241044104099274e-03 2.326462604105472565e-02 9.883914142847061157e-03 1.488124299794435501e-02 2.389020286500453949e-02 2.600979758426547050e-03 1.391386520117521286e-02 3.764510154724121094e-02 2.546099759638309479e-02 6.336822640150785446e-03 6.140787620097398758e-03 3.046490624547004700e-02 6.653641350567340851e-03 5.965893622487783432e-03 8.374744094908237457e-03 2.982538193464279175e-03 2.313769981265068054e-02 6.941009196452796459e-04 4.615703597664833069e-02 1.898913457989692688e-02 4.651001840829849243e-02 9.468207717873156071e-04 1.860842457972466946e-03 2.032157219946384430e-02 2.063257619738578796e-02 1.523271854966878891e-02 2.942763082683086395e-02 5.165374372154474258e-03 2.525521442294120789e-02 3.306416049599647522e-02 5.334150511771440506e-03 1.537241321057081223e-02 1.099456846714019775e-02 6.742170080542564392e-03 2.021029964089393616e-02 8.276270702481269836e-03 2.689136425033211708e-03 1.484393980354070663e-02 2.843531407415866852e-02 1.339882984757423401e-02 3.968208096921443939e-03 3.795451950281858444e-03 2.894709818065166473e-02 3.977109864354133606e-02 3.615548461675643921e-02 7.502907421439886093e-03 3.028561593964695930e-03 1.461169123649597168e-02 1.347383717074990273e-03 2.138828858733177185e-02 4.944995511323213577e-03 1.253701187670230865e-02 7.241461426019668579e-03 8.738887496292591095e-03 1.342850364744663239e-02 5.016756709665060043e-03 2.008584793657064438e-03 2.288450486958026886e-04 4.885183274745941162e-02 2.751595526933670044e-02 8.681332692503929138e-03 8.448007516562938690e-03 1.410506293177604675e-02 2.022158168256282806e-02 2.685043029487133026e-02 1.390460506081581116e-02 7.339336723089218140e-02 1.047748886048793793e-02 4.249144718050956726e-02 4.673692863434553146e-03 1.821670494973659515e-02 4.956355318427085876e-03 1.141950301826000214e-02 1.305208541452884674e-02 3.031588718295097351e-02 2.950783818960189819e-02 2.295829355716705322e-03 1.354139531031250954e-03 2.512263320386409760e-02 2.018613554537296295e-02 2.830310352146625519e-02 3.666059672832489014e-02 1.020500063896179199e-02 6.965312175452709198e-03 7.779617328196763992e-03 2.599542774260044098e-02 1.204406563192605972e-02 1.733276620507240295e-02 2.528981305658817291e-02 1.195590943098068237e-02 5.775711964815855026e-03 6.982958409935235977e-03 6.797074340283870697e-03 6.453825160861015320e-03 1.506434381008148193e-02 3.124533593654632568e-02 6.605477072298526764e-03 5.113900639116764069e-03 8.468668907880783081e-03 9.548285161145031452e-04 2.745157107710838318e-03 1.424717064946889877e-02 2.939020749181509018e-03 4.428677726536989212e-03 3.100125864148139954e-02 9.908991865813732147e-03
5.452415905892848969e-03 3.239334095269441605e-03 8.493040688335895538e-03 3.685785830020904541e-02 2.884932421147823334e-02 4.124351311475038528e-03 6.118583027273416519e-03 1.078583393245935440e-02 8.455513045191764832e-03 8.361237645149230957e-01 5.774113349616527557e-03 6.806359160691499710e-03 1.850501983426511288e-03 2.537736110389232635e-02 3.410396724939346313e-02 1.153032854199409485e-02 8.398665115237236023e-03 6.717607844620943069e-03 4.331070184707641602e-02 4.732653324026614428e-04 3.962278366088867188e-03 1.815523952245712280e-02 9.734740480780601501e-03 8.867803961038589478e-03 1.925589167512953281e-03 9.048695676028728485e-03 4.167621955275535583e-03 6.978838355280458927e-04 3.371459990739822388e-02 2.933277282863855362e-03 2.279381640255451202e-02 7.188744377344846725e-03 1.187211181968450546e-02 7.905356585979461670e-03 1.882260665297508240e-02 1.297628972679376602e-02 4.048222210258245468e-03 3.497322089970111847e-03 2.221789583563804626e-02 3.266866318881511688e-03 1.726867817342281342e-02 2.019946090877056122e-02 1.469473727047443390e-02 1.100450661033391953e-02 2.695619128644466400e-02 3.597611188888549805e-02 1.401781290769577026e-02 1.958256034413352609e-04 1.502464618533849716e-02 4.189793020486831665e-02 2.429313899483531713e-04 2.733798697590827942e-03 3.094939328730106354e-02 1.639691554009914398e-02 7.470592390745878220e-03 4.250021278858184814e-02 4.516169056296348572e-02 9.087925776839256287e-03 1.267286203801631927e-02 9.996412321925163269e-03 1.685899496078491211e-02 2.792741172015666962e-03 3.807255625724792480e-02 4.699157550930976868e-02 7.798625621944665909e-03 2.528404584154486656e-03 4.626328591257333755e-03 3.309569321572780609e-03 1.350902486592531204e-02 1.473938021808862686e-02 2.632200950756669044e-03 1.454477850347757339e-02 1.550222095102071762e-02 3.028632327914237976e-02 1.642412040382623672e-03 4.088127985596656799e-03 7.106751203536987305e-03 6.297972798347473145e-02 1.463071722537279129e-02 4.694585502147674561e-02 2.173701673746109009e-02 1.215416938066482544e-02 6.242378614842891693e-03 3.332540392875671387e-02 4.715131130069494247e-03 2.962210029363632202e-02 2.085727825760841370e-02 3.602301236242055893e-03 3.233227133750915527e-02 8.515466935932636261e-03 1.712064817547798157e-02 7.913895882666110992e-03 6.839712150394916534e-03 3.627544501796364784e-03 1.461367215961217880e-02 7.470116019248962402e-03 1.653901860117912292e-02 7.143043447285890579e-03 1.008755899965763092e-02 1.339350081980228424e-02 4.727217368781566620e-03 1.435885392129421234e-02 5.670667160302400589e-03 8.023153059184551239e-03 1.772123761475086212e-02 2.814341336488723755e-03 3.917846828699111938e-03 2.902141399681568146e-02 1.250053755939006805e-02 1.609431020915508270e-02 5.504060070961713791e-03 2.201813831925392151e-02 6.736495066434144974e-03 3.543984203133732080e-04 4.846263909712433815e-04 7.406722288578748703e-03
7.888445258140563965e-02 6.926823407411575317e-02 2.150530181825160980e-02 2.403203397989273071e-02 2.442939393222332001e-02 4.948865622282028198e-02 5.555011332035064697e-02 2.420867234468460083e-02 3.586241044104099274e-03 5.774113349616527557e-03 8.361237645149230957e-01 1.241757068783044815e-02 4.901226982474327087e-02 1.847330364398658276e-03 3.029658645391464233e-02 1.017247699201107025e-02 7.184313610196113586e-03 1.504167728126049042e-02 5.888289771974086761e-03 1.012053573504090309e-03 7.534904871135950089e-03 2.221334353089332581e-02 1.181783340871334076e-02 6.287124473601579666e-03 1.372438622638583183e-03 1.549798808991909027e-02 4.766363184899091721e-03 1.177268195897340775e-02 1.250140182673931122e-02 1.774911768734455109e-02 1.311091054230928421e-02 1.695182360708713531e-02 1.167468074709177017e-02 1.014625071547925472e-03 2.231027698144316673e-03 3.006531624123454094e-03 9.884950704872608185e-03 2.867293776944279671e-03 9.670886211097240448e-03 1.561296754516661167e-03 9.107887744903564453e-03 1.809799112379550934e-02 2.240236289799213409e-02 6.423715036362409592e-03 1.865704730153083801e-02 1.408560946583747864e-02 6.132794916629791260e-02 1.104568503797054291e-02 2.450852841138839722e-02 1.412202138453722000e-02 1.300833374261856079e-02 1.410990580916404724e-02 1.453788578510284424e-02 5.821664235554635525e-04 3.665204718708992004e-02 2.223369851708412170e-02 1.276556868106126785e-02 1.582155376672744751e-02 1.919825002551078796e-02 9.335317648947238922e-03 1.927797123789787292e-02 5.206194706261157990e-03 3.132184501737356186e-03 9.131752885878086090e-03 3.348027169704437256e-02 9.188457392156124115e-03 1.199279073625802994e-02 1.521260198205709457e-02 7.964297197759151459e-03 5.868969485163688660e-03 6.561854854226112366e-03 6.828480400145053864e-03 2.101797051727771759e-02 5.114372819662094116e-03 4.824155010282993317e-03 5.011850036680698395e-03 6.788859143853187561e-03 5.320464260876178741e-03 1.174487452954053879e-02 9.832069277763366699e-03 1.722813583910465240e-02 2.177276834845542908e-02 1.606250554323196411e-02 4.232637584209442139e-03 3.380218404345214367e-04 5.354720167815685272e-03 2.903615869581699371e-02 2.497013285756111145e-02 1.240544207394123077e-02 3.713508695363998413e-02 1.795648597180843353e-02 2.102640643715858459e-02 4.424978978931903839e-03 8.275979198515415192e-03 1.179238082841038704e-03 4.489127546548843384e-03 1.361914165318012238e-02 7.604818325489759445e-03 8.335458114743232727e-03 1.334501523524522781e-02 2.324003027752041817e-03 3.146518254652619362e-03 5.329727428033947945e-04 4.089252091944217682e-03 1.150033809244632721e-02 2.163783414289355278e-03 7.862635888159275055e-03 7.312442176043987274e-03 2.199619077146053314e-03 4.099907819181680679e-03 1.110253669321537018e-02 9.165522642433643341e-03 1.554323639720678329e-02 1.163745205849409103e-02 1.830725581385195255e-03 1.295062829740345478e-03
2.729172445833683014e-02 4.823933821171522141e-03 8.662821725010871887e-03 1.483001396991312504e-03 1.016586273908615112e-02 1.936313323676586151e-02 1.789437793195247650e-02 4.154232796281576157e-03 2.326462604105472565e-02 6.806359160691499710e-03 1.241757068783044815e-02 8.361237645149230957e-01 4.073454998433589935e-03 4.976397007703781128e-02 2.066824026405811310e-02 8.445040322840213776e-03 3.269793931394815445e-03 1.942187361419200897e-02 2.665313147008419037e-02 1.559918001294136047e-02 1.519615855067968369e-02 3.269091248512268066e-02 3.065779805183410645e-02 2.113294415175914764e-02 1.613753847777843475e-02 1.901392452418804169e-02 2.736207284033298492e-02 2.694535069167613983e-02 1.892825588583946228e-02 2.513951249420642853e-02 6.409020163118839264e-03 6.199196446686983109e-03 7.224019616842269897e-03 1.459774677641689777e-03 2.319050487130880356e-03 1.032008440233767033e-03 1.700666919350624084e-02 2.663997700437903404e-03 1.211886014789342880e-02 1.775977388024330139e-02 1.658347994089126587e-02 1.406872086226940155e-02 1.740535162389278412e-02 2.541266009211540222e-02 2.186821773648262024e-02 1.596589572727680206e-02 1.036892924457788467e-02 2.147915586829185486e-02 1.230868510901927948e-02 1.225451380014419556e-02 5.194005370140075684e-02 4.268988594412803650e-02 4.400868434458971024e-03 1.379138324409723282e-02 8.874027989804744720e-03 1.183613110333681107e-02 2.799654006958007812e-02 2.481682971119880676e-02 1.056884881108999252e-02 5.694402847439050674e-03 1.729982323013246059e-03 1.486666593700647354e-02 4.608070850372314453e-02 2.394372224807739258e-02 2.696190029382705688e-03 1.499961502850055695e-02 6.384301465004682541e-03 9.187758900225162506e-03 1.691495999693870544e-02 2.329167537391185760e-02 9.851062670350074768e-03 1.896072924137115479e-02 5.845994455739855766e-04 1.585963554680347443e-02 1.190831046551465988e-02 1.331556960940361023e-02 3.785581141710281372e-02 6.680810358375310898e-03 1.689922064542770386e-02 1.635156199336051941e-02 7.901320233941078186e-03 1.888845115900039673e-02 3.671894967555999756e-02 4.025549069046974182e-02 2.113551087677478790e-02 2.160020172595977783e-02 1.169619522988796234e-02 1.955097354948520660e-02 2.347587421536445618e-02 5.272241774946451187e-03 1.079232338815927505e-02 1.890797354280948639e-02 3.172969073057174683e-02 6.532766856253147125e-04 4.773364402353763580e-03 2.252110652625560760e-02 2.200932428240776062e-02 6.052066106349229813e-03 2.072907797992229462e-02 2.341608516871929169e-02 2.488641184754669666e-04 1.031111739575862885e-02 1.729439198970794678e-02 7.083901204168796539e-03 3.463226370513439178e-03 1.260749716311693192e-02 5.169776268303394318e-03 1.885248348116874695e-02 1.052219886332750320e-02 2.373220957815647125e-02 6.908912677317857742e-03 1.416064612567424774e-02 2.927700988948345184e-02 4.421665146946907043e-02 1.900343969464302063e-02 1.316194050014019012e-02
3.811881691217422485e-02 6.012377142906188965e-02 1.957856677472591400e-02 2.102836780250072479e-02 2.272904850542545319e-02 3.265395015478134155e-02 4.625054076313972473e-02 1.085095014423131943e-02 9.883914142847061157e-03 1.850501983426511288e-03 4.901226982474327087e-02 4.073454998433589935e-03 8.361237645149230957e-01 2.040108374785631895e-04 1.600877381861209869e-02 1.691960496827960014e-03 1.144474721513688564e-03 8.501518168486654758e-04 4.904226516373455524e-04 1.540876459330320358e-02 2.185494638979434967e-02 2.472255192697048187e-02 6.884288042783737183e-03 4.087936133146286011e-03 1.307432074099779129e-02 1.549223437905311584e-02 1.208547968417406082e-02 2.896744990721344948e-03 2.315413393080234528e-02 8.774640969932079315e-03 2.297782152891159058e-02 1.329395081847906113e-02 1.310706976801156998e-02 9.377697482705116272e-03 2.720823045819997787e-03 2.024019602686166763e-03 1.303160097450017929e-02 2.561249770224094391e-02 1.438062731176614761e-02 9.149860590696334839e-03 2.073409780859947205e-02 2.047147601842880249e-02 3.306610882282257080e-02 1.285436563193798065e-02 3.626574575901031494e-02 3.002792224287986755e-02 3.728865832090377808e-02 3.407878428697586060e-02 1.177768222987651825e-02 9.952791966497898102e-03 1.862035878002643585e-02 2.086376957595348358e-02 2.177554368972778320e-02 1.828943379223346710e-02 1.541717257350683212e-02 1.848792098462581635e-02 1.758149825036525726e-03 3.918000147677958012e-04 2.283424511551856995e-02 2.452449314296245575e-02 1.642016135156154633e-02 3.030391177162528038e-03 2.856093691661953926e-03 1.235203910619020462e-02 3.134372085332870483e-02 3.953335806727409363e-02 2.638308703899383545e-02 2.815533056855201721e-02 1.899460889399051666e-02 1.011468470096588135e-02 1.837081834673881531e-02 1.691709831357002258e-02 1.296863239258527756e-02 9.835232980549335480e-03 1.191188395023345947e-02 8.737889118492603302e-03 1.329813338816165924e-02 3.968687262386083603e-03 5.505586508661508560e-03 6.444749422371387482e-03 9.860536083579063416e-04 8.672025054693222046e-03 3.630365943536162376e-03 9.847370907664299011e-03 6.674836855381727219e-03 1.850586500950157642e-03 2.519284607842564583e-04 2.354472130537033081e-02 1.232923939824104309e-02 9.719564579427242279e-03 2.467217668890953064e-02 1.969084329903125763e-02 2.487454935908317566e-02 3.527906909584999084e-02 7.476745638996362686e-03 1.513961586169898510e-03 1.417141314595937729e-02 1.423471979796886444e-02 1.738129649311304092e-03 1.049127522855997086e-02 1.388377742841839790e-03 1.447524409741163254e-03 2.275849133729934692e-02 1.603184267878532410e-02 1.614272035658359528e-02 2.297784201800823212e-02 7.274974137544631958e-03 1.721971109509468079e-02 9.082422591745853424e-03 2.050938084721565247e-02 1.541744638234376907e-02 1.454285252839326859e-02 3.217845037579536438e-02 3.555485606193542480e-02 2.863464690744876862e-02 1.646679267287254333e-02
