8.447899818420410156e-01 4.200335592031478882e-02 4.752925131469964981e-03 2.383443526923656464e-02 2.691835165023803711e-02 2.917542122304439545e-02 2.246440201997756958e-02 2.319988235831260681e-02 9.109645150601863861e-03 2.901914296671748161e-03 4.116100445389747620e-02 3.405532613396644592e-02 3.550736978650093079e-02 3.416391089558601379e-02 3.206854686141014099e-02 2.071674540638923645e-02 2.252587862312793732e-02 1.044272072613239288e-02 1.367512531578540802e-02 1.686429791152477264e-02 1.287847664207220078e-02 2.130831964313983917e-02 2.632014080882072449e-02 1.360628008842468262e-02 1.507120486348867416e-02 2.363115549087524414e-02 1.435684692114591599e-02 2.200228162109851837e-02 2.473537623882293701e-02 2.591685764491558075e-02 1.156526431441307068e-02 2.199416048824787140e-03 2.532737143337726593e-02 1.029591774567961693e-03 1.510489499196410179e-03 1.217307057231664658e-02 1.886526122689247131e-02 1.195430196821689606e-02 3.976616263389587402e-02 2.173017151653766632e-02 1.288065221160650253e-02 1.270059263333678246e-03 4.364321473985910416e-03 2.593335323035717010e-02 3.117426065728068352e-03 1.713316887617111206e-02 1.777281239628791809e-02 2.237946726381778717e-02 1.169781759381294250e-02 3.625290235504508018e-03 1.222585909999907017e-03 1.095171552151441574e-03 4.315336421132087708e-02 3.983746096491813660e-02 1.312688738107681274e-02 6.878063431940972805e-04 2.369818650186061859e-02 1.746569015085697174e-02 4.091943800449371338e-02 3.429916873574256897e-02 7.424184121191501617e-03 9.159411303699016571e-03 1.110535766929388046e-02 8.939611725509166718e-04 3.031814470887184143e-02 2.806056663393974304e-02 1.080594304949045181e-02 1.170794107019901276e-02 3.499883459880948067e-03 3.484159940853714943e-03 1.059278473258018494e-02 1.686012744903564453e-02 3.575423359870910645e-02 1.638336479663848877e-02 2.938148193061351776e-02 1.858552545309066772e-02 5.820635240525007248e-03 2.218493958935141563e-03 1.946957036852836609e-02 1.908914186060428619e-03 1.116683986037969589e-02 2.607512660324573517e-02 4.554813262075185776e-03 1.477738376706838608e-02 7.260837126523256302e-03 8.354321122169494629e-03 2.606781199574470520e-02 2.404663525521755219e-02 1.827560551464557648e-02 2.369940280914306641e-02 3.704097494482994080e-02 7.995998486876487732e-03 2.411164715886116028e-02 1.658354327082633972e-02 2.745900675654411316e-02 1.714966818690299988e-02 5.533856339752674103e-03 1.840401440858840942e-02 4.318248946219682693e-03 1.372434431686997414e-03 5.293030757457017899e-03 1.170487515628337860e-02 1.392375444993376732e-03 7.276092190295457840e-03 3.219906240701675415e-02 2.397005259990692139e-02 1.765685528516769409e-02 2.336367219686508179e-02 1.846708357334136963e-02 1.226650085300207138e-02 7.853548973798751831e-03 1.570809073746204376e-02 1.466496661305427551e-02 1.445395592600107193e-02 1.078295172192156315e-03 1.650936552323400974e-03
4.200335592031478882e-02 8.447899818420410156e-01 7.976877503097057343e-03 1.479808986186981201e-02 1.553998887538909912e-02 2.789133787155151367e-02 3.723222762346267700e-02 2.429363690316677094e-02 2.079545333981513977e-02 2.168499678373336792e-02 3.805517777800559998e-02 2.376086078584194183e-02 4.431534558534622192e-02 3.576401248574256897e-02 3.273442760109901428e-02 2.549051714595407248e-04 1.166157703846693039e-02 1.653540134429931641e-02 2.082924358546733856e-02 1.868461631238460541e-02 1.169572677463293076e-02 2.678332477807998657e-02 1.138288807123899460e-02 8.521328680217266083e-03 9.997752495110034943e-03 3.276072815060615540e-02 1.413919217884540558e-02 2.281605079770088196e-02 3.028655052185058594e-02 3.161995857954025269e-02 3.204875439405441284e-02 4.777166526764631271e-03 1.674370281398296356e-02 1.193729229271411896e-02 7.239192724227905273e-03 1.607786118984222412e-02 2.411918342113494873e-02 8.308039978146553040e-03 2.136285416781902313e-02 2.349570393562316895e-02 7.633827161043882370e-03 1.128303911536931992e-02 1.928536407649517059e-02 1.878666691482067108e-02 6.168153486214578152e-04 1.328878011554479599e-02 1.971923746168613434e-02 3.782669082283973694e-02 1.798275276087224483e-03 1.245882641524076462e-02 1.028336118906736374e-02 9.186681360006332397e-03 2.914649248123168945e-02 3.519207239151000977e-02 9.734714403748512268e-03 9.604858234524726868e-03 2.084769681096076965e-02 3.336250409483909607e-02 2.090669423341751099e-02 3.076419793069362640e-02 1.265577040612697601e-02 1.303258072584867477e-02 1.142824883572757244e-03 9.252216666936874390e-03 2.587205544114112854e-02 3.257830813527107239e-02 1.144308783113956451e-02 1.011160109192132950e-02 6.753660738468170166e-03 2.049613930284976959e-02 1.959683187305927277e-02 1.821449026465415955e-02 1.249020639806985855e-02 2.692710421979427338e-02 1.069424673914909363e-02 1.581318862736225128e-02 3.994236700236797333e-03 2.095989882946014404e-02 5.995939020067453384e-03 2.194507606327533722e-02 3.314962843433022499e-03 1.476602815091609955e-02 1.254569180309772491e-02 1.789571344852447510e-02 5.397893488407135010e-03 7.855991832911968231e-03 2.173149771988391876e-02 2.393190562725067139e-02 1.515087578445672989e-02 3.556585311889648438e-02 3.348383679986000061e-02 2.334050089120864868e-02 3.618251159787178040e-02 2.285665273666381836e-02 9.342134930193424225e-03 4.933570045977830887e-03 1.951506547629833221e-02 2.203649654984474182e-02 1.969515532255172729e-02 2.154252119362354279e-02 1.224933750927448273e-02 1.755407452583312988e-02 1.427300274372100830e-02 1.429934334009885788e-02 2.970589883625507355e-02 2.147307619452476501e-02 1.157820876687765121e-02 1.536845974624156952e-02 1.942712254822254181e-02 2.336002327501773834e-02 8.588466793298721313e-03 6.074856035411357880e-03 1.967468857765197754e-02 1.503500435501337051e-02 7.971830666065216064e-03 5.738480947911739349e-03
4.752925131469964981e-03 7.976877503097057343e-03 8.447899818420410156e-01 1.262427028268575668e-02 1.213834434747695923e-02 1.182084344327449799e-02 2.845270931720733643e-02 2.735431864857673645e-02 1.562341582030057907e-03 3.508990863338112831e-03 4.883794579654932022e-03 6.655140314251184464e-03 2.858693478628993034e-03 7.774586789309978485e-03 1.503675524145364761e-02 1.301876176148653030e-02 3.006805200129747391e-03 1.094252336770296097e-02 1.143901702016592026e-02 2.925394801422953606e-03 1.230506412684917450e-02 1.509811449795961380e-02 1.323279645293951035e-02 1.717828586697578430e-02 3.409980097785592079e-03 8.895529899746179581e-04 1.297499611973762512e-02 5.844898056238889694e-03 7.505687535740435123e-04 6.813899381086230278e-04 8.140132413245737553e-04 1.352111063897609711e-02 1.689544320106506348e-02 8.774471469223499298e-03 2.481878618709743023e-04 2.158892713487148285e-02 1.456259936094284058e-02 5.104893445968627930e-02 2.033839374780654907e-02 2.736726775765419006e-02 5.199111998081207275e-02 1.555055147036910057e-03 6.276810541749000549e-03 4.552781209349632263e-02 4.129197448492050171e-03 1.857978350017219782e-04 1.079512108117341995e-02 1.406771503388881683e-02 1.933075720444321632e-03 2.131443284451961517e-02 3.123106993734836578e-02 3.943441063165664673e-02 9.115028195083141327e-03 1.345287635922431946e-02 2.007332164794206619e-03 5.863257683813571930e-03 3.973491024225950241e-03 1.362291350960731506e-02 1.534742955118417740e-02 1.537721324712038040e-02 1.106442324817180634e-02 5.882818717509508133e-03 3.524681180715560913e-02 1.163917034864425659e-02 1.638303324580192566e-02 1.974020525813102722e-02 1.359036564826965332e-02 1.665851287543773651e-02 1.920571434311568737e-03 1.137174107134342194e-02 1.309108547866344452e-02 1.572455652058124542e-02 2.104225568473339081e-02 2.305074129253625870e-03 1.806352660059928894e-02 9.807919152081012726e-03 6.447231862694025040e-03 3.766366280615329742e-03 1.370929676340892911e-04 7.085622288286685944e-03 5.283831804990768433e-02 5.155610293149948120e-02 1.029562484472990036e-02 2.176061831414699554e-02 1.502309832721948624e-02 3.013851121068000793e-02 3.217785805463790894e-02 2.219966426491737366e-02 2.979263663291931152e-03 3.986933734267950058e-03 1.082532224245369434e-03 1.517760939896106720e-02 4.953272175043821335e-03 1.290758047252893448e-02 3.381581918802112341e-04 7.882125792093575001e-04 1.744876150041818619e-03 2.238986082375049591e-03 8.508381433784961700e-03 6.565258372575044632e-03 2.350012771785259247e-02 1.490284223109483719e-02 1.596023887395858765e-02 1.027688197791576385e-02 1.428849902004003525e-02 3.540368750691413879e-02 1.905535161495208740e-02 8.589019998908042908e-03 1.710203103721141815e-02 1.222955528646707535e-02 2.182488702237606049e-02 2.163507789373397827e-02 5.784493987448513508e-04 2.335041575133800507e-02 1.810535602271556854e-02 3.437272040173411369e-03
2.383443526923656464e-02 1.479808986186981201e-02 1.262427028268575668e-02 8.447899818420410156e-01 7.967616617679595947e-02 7.416779175400733948e-03 4.251697100698947906e-03 6.047704257071018219e-03 2.904586959630250931e-03 5.684012547135353088e-03 2.517238818109035492e-02 1.238280627876520157e-02 2.547715231776237488e-02 6.669745314866304398e-03 1.904913783073425293e-02 5.076326429843902588e-03 4.461467266082763672e-03 3.647854551672935486e-03 7.277063559740781784e-03 5.542607512325048447e-03 1.102862693369388580e-02 6.644429638981819153e-03 1.895703747868537903e-02 2.331424877047538757e-02 1.214204635471105576e-02 7.096278946846723557e-03 1.442060456611216068e-03 5.096495617181062698e-03 1.459542848169803619e-02 1.048921048641204834e-02 1.667615771293640137e-02 2.174601331353187561e-02 3.724867478013038635e-02 2.531404606997966766e-02 2.628440968692302704e-03 2.117249183356761932e-03 1.675397902727127075e-02 6.354803685098886490e-03 2.645543217658996582e-02 2.012147195637226105e-02 2.989702159538865089e-03 1.817602477967739105e-02 8.911977522075176239e-03 1.861210563220083714e-03 2.075962908565998077e-02 4.741747397929430008e-03 8.441760437563061714e-04 6.604270543903112411e-03 4.122120887041091919e-02 2.032035961747169495e-02 1.547129941172897816e-03 1.119587291032075882e-02 3.887400031089782715e-02 1.955470256507396698e-02 2.821134775876998901e-02 1.765785180032253265e-02 1.887759938836097717e-02 7.967473939061164856e-03 3.602402657270431519e-02 2.244366332888603210e-02 1.136112865060567856e-02 1.204482838511466980e-02 1.516903098672628403e-02 5.337063688784837723e-03 1.794283278286457062e-02 1.008492708206176758e-02 2.254265360534191132e-02 1.384513545781373978e-02 1.822355017066001892e-02 9.988363599404692650e-04 1.366768684238195419e-02 1.542010810226202011e-02 4.487604275345802307e-02 2.223552577197551727e-02 3.952956944704055786e-02 1.552304811775684357e-02 1.212214119732379913e-02 8.092916570603847504e-03 7.882861420512199402e-03 1.830101571977138519e-02 5.850236397236585617e-03 1.119253970682621002e-02 2.159163542091846466e-02 1.474039396271109581e-03 1.468150224536657333e-02 1.058487500995397568e-02 7.677487097680568695e-03 1.355646364390850067e-02 1.204877719283103943e-02 2.307260781526565552e-02 1.877621747553348541e-02 7.150263059884309769e-03 7.785910274833440781e-03 9.229952469468116760e-03 2.503099478781223297e-02 3.019538335502147675e-02 5.273464135825634003e-03 1.163836661726236343e-02 1.779305189847946167e-02 8.098732680082321167e-03 4.723148420453071594e-03 1.929230988025665283e-02 1.073292642831802368e-02 2.680262783542275429e-03 1.396009884774684906e-02 1.623159646987915039e-02 1.180109102278947830e-02 2.104361169040203094e-02 1.291413232684135437e-02 1.467602327466011047e-02 7.380930241197347641e-03 1.079990435391664505e-02 1.208586269058287144e-03 7.352515589445829391e-03 2.102681435644626617e-02 1.827893964946269989e-02
2.691835165023803711e-02 1.553998887538909912e-02 1.213834434747695923e-02 7.967616617679595947e-02 8.447899818420410156e-01 3.126278519630432129e-02 2.278476022183895111e-02 7.464073132723569870e-03 6.224881391972303391e-03 6.357953418046236038e-03 1.947185397148132324e-02 8.161447010934352875e-03 1.257942616939544678e-02 3.744787303730845451e-03 6.684270687401294708e-03 6.284962873905897141e-03 1.743590226396918297e-03 1.658825902268290520e-03 1.253825332969427109e-02 1.156875863671302795e-02 2.432425320148468018e-02 4.767742357216775417e-04 1.551734469830989838e-02 1.914742775261402130e-02 2.750783227384090424e-02 3.238026518374681473e-03 1.189132104627788067e-03 1.513375435024499893e-02 1.780214160680770874e-02 1.613508648006245494e-04 1.315426919609308243e-02 2.886945940554141998e-02 1.834462024271488190e-02 3.124723769724369049e-02 3.168149152770638466e-03 1.067994255572557449e-02 1.175655797123908997e-02 4.187324084341526031e-04 3.610340878367424011e-02 4.110869392752647400e-02 3.630643477663397789e-03 1.920046843588352203e-02 1.324876770377159119e-02 1.289434637874364853e-02 8.206184022128582001e-03 1.276775356382131577e-02 2.159132249653339386e-02 2.005154266953468323e-02 4.014671966433525085e-02 1.318578701466321945e-02 6.111380644142627716e-04 1.259894575923681259e-02 3.055064380168914795e-02 9.064423851668834686e-03 2.503472939133644104e-02 2.139750868082046509e-03 6.329520139843225479e-03 1.018308196216821671e-02 2.559882029891014099e-02 1.579843088984489441e-02 1.702902279794216156e-02 1.050715148448944092e-02 6.076433346606791019e-04 5.207410547882318497e-03 2.238208986818790436e-02 9.015976451337337494e-03 2.775954455137252808e-02 2.630462311208248138e-02 2.276390604674816132e-02 6.461529061198234558e-03 2.935537369921803474e-03 9.845725260674953461e-03 4.401732608675956726e-02 2.186603657901287079e-02 5.464630946516990662e-02 8.113424293696880341e-03 8.408102206885814667e-03 4.629879258573055267e-03 2.460339479148387909e-02 1.801121421158313751e-02 9.790180251002311707e-03 1.620064256712794304e-03 1.965651661157608032e-02 1.903763040900230408e-02 1.750623062252998352e-02 1.463426370173692703e-02 2.790228929370641708e-03 4.476652015000581741e-03 3.099478548392653465e-03 3.160198777914047241e-02 3.145318478345870972e-02 8.853315375745296478e-03 2.104497142136096954e-02 1.821254380047321320e-03 2.425298839807510376e-02 3.622339293360710144e-02 5.740446969866752625e-03 4.295005928725004196e-03 1.039847731590270996e-02 4.884840920567512512e-03 1.887060236185789108e-03 1.377618405967950821e-02 9.183282032608985901e-03 7.358513306826353073e-03 2.914856653660535812e-03 1.074312720447778702e-02 7.731885649263858795e-03 1.903335563838481903e-02 5.513435098691843450e-05 2.037459611892700195e-02 8.419627323746681213e-03 2.160560525953769684e-02 3.553183050826191902e-03 5.287494044750928879e-03 1.414059288799762726e-02 1.706783473491668701e-02
2.917542122304439545e-02 2.789133787155151367e-02 1.182084344327449799e-02 7.416779175400733948e-03 3.126278519630432129e-02 8.447899818420410156e-01 5.954661965370178223e-02 2.669196343049407005e-03 7.155254948884248734e-03 9.073655121028423309e-03 1.050289720296859741e-02 2.678461372852325439e-02 6.619799416512250900e-03 3.339563310146331787e-02 5.409637466073036194e-03 7.956362329423427582e-03 2.641330240294337273e-03 7.886709645390510559e-03 2.766118384897708893e-03 2.095858380198478699e-02 3.634795546531677246e-02 3.836919320747256279e-03 4.584119655191898346e-03 7.551204413175582886e-03 2.001107484102249146e-02 3.329161321744322777e-03 1.884336769580841064e-02 3.850161563605070114e-03 3.372701257467269897e-02 3.339988179504871368e-03 2.525735460221767426e-02 3.381114453077316284e-02 2.285506576299667358e-03 4.358716309070587158e-02 1.036419998854398727e-02 1.487278006970882416e-02 2.633146010339260101e-03 2.663729013875126839e-03 3.250457718968391418e-02 3.901460021734237671e-02 7.022285368293523788e-03 1.014892663806676865e-02 4.529969766736030579e-03 1.836526091210544109e-03 2.319955453276634216e-02 3.221209347248077393e-02 6.222968548536300659e-02 4.830031841993331909e-02 1.418521720916032791e-02 2.781252376735210419e-03 6.544311181642115116e-04 5.418625194579362869e-03 4.869309253990650177e-03 1.373930834233760834e-02 6.772875320166349411e-03 1.894522830843925476e-02 2.222868427634239197e-02 2.732861600816249847e-02 8.044836111366748810e-03 1.932060532271862030e-02 1.521770493127405643e-03 1.115226093679666519e-02 8.617582730948925018e-03 5.899326875805854797e-03 2.650482207536697388e-02 2.224453911185264587e-02 2.160231582820415497e-02 3.302961960434913635e-02 1.569023728370666504e-02 2.027919888496398926e-02 2.801740309223532677e-03 2.427762560546398163e-02 1.748428121209144592e-02 2.474956214427947998e-02 2.053045853972434998e-02 2.941439300775527954e-02 9.980867616832256317e-03 3.017871640622615814e-04 7.610526867210865021e-03 1.107116136699914932e-02 8.340812288224697113e-03 2.600735519081354141e-03 6.875062361359596252e-03 1.917883404530584812e-03 1.239464152604341507e-02 1.047554239630699158e-02 1.040238421410322189e-02 1.835272065363824368e-03 1.526563428342342377e-02 3.100117295980453491e-02 4.304934293031692505e-02 1.739886030554771423e-02 3.708747029304504395e-02 1.176796760410070419e-02 3.813383635133504868e-03 7.663746364414691925e-03 1.184409298002719879e-02 2.582187391817569733e-02 1.295110210776329041e-03 5.198600774747319520e-05 1.124399527907371521e-02 1.936366036534309387e-02 7.252887822687625885e-03 1.810977980494499207e-02 3.248725831508636475e-02 1.749920099973678589e-02 3.216090844944119453e-03 2.430211380124092102e-02 1.186177972704172134e-02 3.029229491949081421e-02 1.019411906599998474e-02 5.109073128551244736e-03 7.509376388043165207e-03 1.109976135194301605e-02 1.807350479066371918e-02 5.774351302534341812e-03
2.246440201997756958e-02 3.723222762346267700e-02 2.845270931720733643e-02 4.251697100698947906e-03 2.278476022183895111e-02 5.954661965370178223e-02 8.447899818420410156e-01 1.720913127064704895e-02 9.517047554254531860e-03 2.503925934433937073e-02 6.039287894964218140e-03 2.503555640578269958e-02 1.112398412078619003e-02 4.366451874375343323e-02 4.978673998266458511e-03 1.218472421169281006e-02 2.369614318013191223e-03 2.393405593466013670e-04 4.904051311314105988e-03 2.149031683802604675e-02 2.522195316851139069e-02 5.139430053532123566e-03 2.014502184465527534e-03 4.661854822188615799e-03 2.060445584356784821e-02 2.707520965486764908e-03 1.284179929643869400e-02 1.756135025061666965e-03 3.141427040100097656e-02 1.190522499382495880e-02 3.255809471011161804e-02 3.698732331395149231e-02 2.315716352313756943e-03 3.574605286121368408e-02 1.361654256470501423e-03 1.799154467880725861e-02 4.141241777688264847e-03 1.811039261519908905e-02 2.803292311728000641e-02 4.183785244822502136e-02 1.667686179280281067e-02 1.919824443757534027e-02 1.290599163621664047e-02 7.184860296547412872e-03 2.378991618752479553e-02 3.730524331331253052e-02 4.640964418649673462e-02 6.668113917112350464e-02 1.123013347387313843e-02 9.308978915214538574e-03 8.985675522126257420e-04 4.904489964246749878e-03 2.535555278882384300e-03 4.604583140462636948e-03 2.792540704831480980e-03 2.356330677866935730e-02 8.532417938113212585e-03 2.567077241837978363e-02 5.018460564315319061e-03 7.167961914092302322e-03 9.023388847708702087e-03 8.492202498018741608e-03 7.118859328329563141e-03 5.484977737069129944e-03 7.992527447640895844e-03 1.568872667849063873e-02 2.320947498083114624e-02 3.146653994917869568e-02 3.536361502483487129e-03 2.266397885978221893e-02 1.722740195691585541e-02 2.399968542158603668e-02 1.456024125218391418e-02 2.297637425363063812e-02 1.238901074975728989e-02 1.757147163152694702e-02 5.731720011681318283e-04 1.885699480772018433e-02 9.458264685235917568e-04 3.803860023617744446e-02 2.512915059924125671e-02 1.477223355323076248e-02 1.508217654190957546e-03 1.254900242201983929e-03 1.359441317617893219e-02 2.157479710876941681e-02 1.838716864585876465e-02 4.723014775663614273e-03 7.151571102440357208e-03 3.992997109889984131e-02 2.955358847975730896e-02 1.739878766238689423e-02 4.119393229484558105e-02 7.302162237465381622e-03 1.305355253862217069e-04 4.435684066265821457e-03 5.123064853250980377e-03 1.136277336627244949e-02 1.975428499281406403e-02 7.426312193274497986e-03 9.154068306088447571e-03 8.557499386370182037e-03 5.312340799719095230e-03 1.517029386013746262e-02 9.015783667564392090e-03 1.184611115604639053e-03 4.078777041286230087e-03 4.495378583669662476e-03 7.844574749469757080e-03 2.634694986045360565e-02 1.316949841566383839e-03 1.167397759854793549e-02 1.077655237168073654e-02 9.320665150880813599e-03 9.685189463198184967e-03 2.005625516176223755e-03
2.319988235831260681e-02 2.429363690316677094e-02 2.735431864857673645e-02 6.047704257071018219e-03 7.464073132723569870e-03 2.669196343049407005e-03 1.720913127064704895e-02 8.447899818420410156e-01 8.726580068469047546e-03 3.833863884210586548e-03 3.872150182723999023e-02 2.424139674985781312e-04 3.776089474558830261e-02 4.788287915289402008e-03 4.063849151134490967e-02 3.141028108075261116e-03 1.483199652284383774e-02 1.835627667605876923e-02 1.533064898103475571e-02 2.943831682205200195e-02 2.111185155808925629e-02 3.456384688615798950e-02 2.842249348759651184e-03 7.439491804689168930e-03 2.510779723525047302e-02 3.214918822050094604e-02 2.155409939587116241e-02 1.251889113336801529e-02 1.658552139997482300e-02 1.095992606133222580e-02 1.960448548197746277e-02 1.336535718291997910e-02 5.127388983964920044e-03 6.069427356123924255e-03 1.311258226633071899e-02 3.398096933960914612e-02 2.524429187178611755e-02 3.150690719485282898e-02 8.928547613322734833e-03 1.169444993138313293e-02 3.360811620950698853e-02 2.386045409366488457e-03 8.472890593111515045e-03 2.073310129344463348e-02 1.386136189103126526e-02 1.297935377806425095e-02 3.815909381955862045e-03 1.639178209006786346e-02 3.951781429350376129e-03 9.742754511535167694e-03 2.494144067168235779e-02 2.144681103527545929e-02 1.935841701924800873e-02 2.921381592750549316e-02 6.356971804052591324e-03 7.307714549824595451e-04 1.084464043378829956e-02 1.475261431187391281e-02 1.300444174557924271e-02 2.483397908508777618e-02 7.000420242547988892e-03 1.135815586894750595e-02 1.412632782012224197e-02 2.494740858674049377e-02 2.872300520539283752e-02 3.011433407664299011e-02 2.575722150504589081e-02 2.736599370837211609e-02 1.130124786868691444e-03 1.825650967657566071e-02 3.731724340468645096e-03 1.854999549686908722e-02 1.041644066572189331e-02 1.583361998200416565e-02 7.307544816285371780e-03 1.841511018574237823e-02 4.767077043652534485e-03 4.498275462538003922e-03 2.232000231742858887e-03 2.647278830409049988e-03 3.584537655115127563e-02 3.420252352952957153e-02 1.194782461971044540e-02 1.186360139399766922e-02 1.314097549766302109e-02 2.132436074316501617e-02 4.644845426082611084e-02 3.522959351539611816e-02 7.185115478932857513e-03 5.790606955997645855e-04 1.553811505436897278e-02 2.194930799305438995e-02 5.285925231873989105e-03 3.032766282558441162e-02 8.990342030301690102e-04 1.339640934020280838e-03 2.973206900060176849e-02 2.193323150277137756e-02 6.586344912648200989e-03 2.252837270498275757e-02 2.786698564887046814e-02 1.541904173791408539e-02 2.229654975235462189e-02 1.638397015631198883e-02 3.630464896559715271e-02 3.068297728896141052e-02 1.272221561521291733e-02 1.554829534143209457e-02 2.647643722593784332e-02 9.235036559402942657e-03 1.532530970871448517e-02 1.777271926403045654e-02 1.173608843237161636e-02 2.031137701123952866e-03 1.841133274137973785e-02 7.298943586647510529e-03
9.109645150601863861e-03 2.079545333981513977e-02 1.562341582030057907e-03 2.904586959630250931e-03 6.224881391972303391e-03 7.155254948884248734e-03 9.517047554254531860e-03 8.726580068469047546e-03 8.447899818420410156e-01 3.189985826611518860e-02 1.912257634103298187e-02 1.889942213892936707e-02 1.303028035908937454e-02 2.744541317224502563e-02 2.136879228055477142e-02 2.578248502686619759e-03 1.840296015143394470e-02 1.339725591242313385e-02 2.050923794740810990e-04 1.153609063476324081e-02 7.937720045447349548e-03 2.224794216454029083e-02 1.321627013385295868e-02 1.784336753189563751e-02 6.041285232640802860e-04 2.284264378249645233e-02 1.004548650234937668e-02 1.027910038828849792e-02 1.486228313297033310e-03 1.190941501408815384e-02 1.488305744715034962e-03 6.241638679057359695e-03 6.485572084784507751e-03 7.710507139563560486e-03 2.121855504810810089e-02 1.423177774995565414e-02 2.305060438811779022e-02 2.036866545677185059e-02 1.312046684324741364e-02 5.485847126692533493e-03 1.341227255761623383e-02 2.222338877618312836e-02 2.757307514548301697e-02 1.690060715191066265e-03 2.897456660866737366e-02 1.605391316115856171e-02 4.439958371222019196e-03 4.446624312549829483e-03 3.097786754369735718e-02 1.644505932927131653e-02 4.539752844721078873e-03 3.203075903002172709e-04 2.063180692493915558e-02 1.512796152383089066e-02 1.939514651894569397e-02 2.225764840841293335e-02 1.878332532942295074e-02 1.976922713220119476e-02 1.428775489330291748e-02 1.031981036067008972e-02 4.218732472509145737e-03 1.019177213311195374e-02 1.160715240985155106e-03 2.243648096919059753e-02 1.838047429919242859e-02 1.123308390378952026e-02 1.487847696989774704e-02 3.362652845680713654e-03 2.870456129312515259e-02 1.542561315000057220e-02 3.379733487963676453e-02 1.168090384453535080e-02 1.705633825622498989e-03 1.501127332448959351e-02 3.147040260955691338e-03 1.034296397119760513e-02 5.490605160593986511e-02 3.730535507202148438e-02 2.542370930314064026e-02 2.510415390133857727e-02 1.101189013570547104e-02 6.555532570928335190e-03 5.051372107118368149e-03 6.277839187532663345e-03 6.273723207414150238e-03 1.553098298609256744e-02 1.921761035919189453e-02 2.725937962532043457e-02 3.108751587569713593e-02 3.859521448612213135e-02 2.156496234238147736e-02 2.343332394957542419e-02 1.190007477998733521e-02 2.027768641710281372e-02 3.861718578264117241e-03 6.466941558755934238e-04 2.211920917034149170e-02 9.944183751940727234e-03 1.676979288458824158e-02 1.531091611832380295e-02 3.116073086857795715e-03 7.612371118739247322e-04 3.025496006011962891e-02 2.310314774513244629e-02 2.029245160520076752e-02 1.014713197946548462e-04 1.169742550700902939e-03 1.177717838436365128e-02 2.251821756362915039e-02 2.748230239376425743e-03 2.748005278408527374e-02 2.155210077762603760e-02 3.264645859599113464e-02 2.479850873351097107e-02 2.734034880995750427e-02 3.603747114539146423e-02
2.901914296671748161e-03 2.168499678373336792e-02 3.508990863338112831e-03 5.684012547135353088e-03 6.357953418046236038e-03 9.073655121028423309e-03 2.503925934433937073e-02 3.833863884210586548e-03 3.189985826611518860e-02 8.447899818420410156e-01 1.220667641609907150e-02 1.310625579208135605e-02 3.441362874582409859e-03 1.114692911505699158e-02 4.163900855928659439e-03 2.830763719975948334e-02 7.587686181068420410e-03 1.556528545916080475e-02 2.267649583518505096e-02 5.149602075107395649e-04 1.214908994734287262e-02 1.779904775321483612e-02 2.133800275623798370e-02 1.118307467550039291e-02 1.627506688237190247e-02 1.133260899223387241e-03 1.768636889755725861e-02 1.028816029429435730e-02 2.577454783022403717e-02 2.806969685479998589e-03 1.734950207173824310e-02 1.958660408854484558e-02 7.290866225957870483e-03 1.203948073089122772e-02 2.519059926271438599e-02 1.151217147707939148e-03 1.479534432291984558e-02 8.988191373646259308e-03 1.147669460624456406e-02 1.177389547228813171e-02 1.074759755283594131e-02 3.757966682314872742e-02 4.782331362366676331e-02 7.179444655776023865e-04 2.382119745016098022e-02 3.321509808301925659e-02 1.670573465526103973e-02 3.322166576981544495e-02 2.657456323504447937e-02 5.771997198462486267e-02 2.473080158233642578e-02 1.410382892936468124e-02 8.749520056881010532e-04 2.447567880153656006e-03 2.540243417024612427e-02 5.135863274335861206e-02 7.459335029125213623e-04 3.328631073236465454e-02 8.733253926038742065e-03 3.222576109692454338e-03 3.233441850170493126e-03 3.293689340353012085e-02 1.050939504057168961e-02 1.928502507507801056e-02 1.148217730224132538e-02 7.308552041649818420e-03 2.835278166458010674e-03 1.606202498078346252e-02 1.374992635101079941e-02 4.174205660820007324e-02 3.814391046762466431e-02 8.434672839939594269e-03 5.222538020461797714e-03 3.157103806734085083e-02 5.695614963769912720e-03 5.223363172262907028e-03 1.076624263077974319e-02 5.594881251454353333e-02 1.664984971284866333e-02 4.513765498995780945e-02 2.984292805194854736e-04 2.106530126184225082e-03 1.131983194500207901e-02 2.728220075368881226e-02 1.528551522642374039e-02 1.155955996364355087e-02 1.028806157410144806e-02 6.392402108758687973e-03 9.510912932455539703e-03 3.781037032604217529e-02 2.266027405858039856e-02 3.501202166080474854e-02 3.923732787370681763e-02 1.542767975479364395e-02 1.082750037312507629e-02 4.506302066147327423e-03 3.398061916232109070e-02 2.123535843566060066e-03 3.469918668270111084e-02 3.071739897131919861e-02 3.569696331396698952e-03 1.175029855221509933e-02 1.896163448691368103e-02 8.485948666930198669e-03 8.586425334215164185e-03 5.240953527390956879e-03 1.069065276533365250e-02 1.567263156175613403e-02 5.778813268989324570e-03 3.515180200338363647e-02 1.678299158811569214e-02 7.120065391063690186e-03 1.696344465017318726e-02 2.984494715929031372e-02 1.117640733718872070e-02 1.304116379469633102e-02
4.116100445389747620e-02 3.805517777800559998e-02 4.883794579654932022e-03 2.517238818109035492e-02 1.947185397148132324e-02 1.050289720296859741e-02 6.039287894964218140e-03 3.872150182723999023e-02 1.912257634103298187e-02 1.220667641609907150e-02 8.447899818420410156e-01 5.437401589006185532e-03 4.923895373940467834e-02 6.812473759055137634e-03 4.329651594161987305e-02 9.161931229755282402e-04 9.584859013557434082e-03 3.939308691769838333e-03 1.027897745370864868e-02 3.677671402692794800e-02 1.695345528423786163e-02 3.266894072294235229e-02 4.431562963873147964e-03 4.244346171617507935e-03 2.495661005377769470e-02 3.102442994713783264e-02 1.459398400038480759e-02 1.081675011664628983e-02 2.738563530147075653e-02 2.253694459795951843e-02 3.181377798318862915e-02 4.739828873425722122e-03 2.425426803529262543e-02 1.397435087710618973e-03 8.847467601299285889e-03 2.562788687646389008e-02 3.038050048053264618e-02 1.890450343489646912e-02 5.890524014830589294e-03 6.678915233351290226e-04 1.890600286424160004e-02 2.305622026324272156e-02 1.981479302048683167e-02 1.423701830208301544e-02 5.974795669317245483e-03 3.809785237535834312e-03 1.032716967165470123e-02 1.076444517821073532e-02 7.385642384178936481e-04 4.044630099087953568e-03 1.458025537431240082e-02 9.288390167057514191e-03 3.794148936867713928e-02 3.871742263436317444e-02 1.424223184585571289e-03 4.901607055217027664e-03 2.809689752757549286e-02 2.568845823407173157e-02 2.945689298212528229e-02 3.162801638245582581e-02 5.473732482641935349e-03 5.093859042972326279e-03 1.798771135509014130e-02 4.776539281010627747e-03 3.525215014815330505e-02 3.438726812601089478e-02 2.576593123376369476e-02 1.506365276873111725e-02 2.708131447434425354e-03 1.713329739868640900e-02 8.805896155536174774e-03 2.129607833921909332e-02 1.782212965190410614e-02 2.154316380620002747e-02 1.198336016386747360e-02 1.721630245447158813e-02 1.176549587398767471e-02 1.554740685969591141e-02 7.358655333518981934e-03 8.685210719704627991e-03 1.887629181146621704e-02 2.205659635365009308e-02 4.699804703705012798e-04 8.500620722770690918e-03 5.409948993474245071e-03 2.776210894808173180e-03 3.939570114016532898e-02 3.676849603652954102e-02 1.278212945908308029e-02 2.113798819482326508e-02 3.276683762669563293e-02 2.303867787122726440e-02 2.232783101499080658e-02 3.351245447993278503e-02 1.096357218921184540e-02 5.937375593930482864e-03 2.527692727744579315e-02 1.997177489101886749e-02 1.609065011143684387e-02 2.090832963585853577e-02 1.712258346378803253e-02 1.549990661442279816e-02 1.870060153305530548e-02 1.424158830195665359e-02 2.777693048119544983e-02 2.054808847606182098e-02 2.094265446066856384e-02 2.479756623506546021e-02 2.927100472152233124e-02 1.980222761631011963e-02 1.381834875792264938e-02 1.453653350472450256e-02 2.815454266965389252e-02 1.383036095649003983e-02 1.052864175289869308e-02 1.663902401924133301e-02
3.405532613396644592e-02 2.376086078584194183e-02 6.655140314251184464e-03 1.238280627876520157e-02 8.161447010934352875e-03 2.678461372852325439e-02 2.503555640578269958e-02 2.424139674985781312e-04 1.889942213892936707e-02 1.310625579208135605e-02 5.437401589006185532e-03 8.447899818420410156e-01 1.157976407557725906e-02 7.490809261798858643e-02 1.288257073611021042e-02 2.354420907795429230e-02 2.362516894936561584e-02 4.743251018226146698e-03 1.765911281108856201e-02 2.835552208125591278e-03 1.207343488931655884e-02 1.486124191433191299e-02 5.578965693712234497e-02 4.328988119959831238e-02 2.976368181407451630e-03 1.663212291896343231e-02 5.122202914208173752e-03 4.594106227159500122e-02 1.807808876037597656e-03 3.025648184120655060e-02 1.669063931331038475e-03 9.407130070030689240e-03 3.878164105117321014e-03 6.664724089205265045e-03 1.190926507115364075e-02 1.815190166234970093e-02 3.872725879773497581e-03 4.232221748679876328e-03 3.408791497349739075e-02 8.640841580927371979e-03 5.839563440531492233e-03 2.385511808097362518e-02 4.615502839442342520e-04 1.802624575793743134e-02 4.746809974312782288e-02 3.464643284678459167e-02 6.740325130522251129e-03 1.895178109407424927e-02 1.118364091962575912e-02 1.104063447564840317e-02 3.660716488957405090e-02 9.956086985766887665e-03 1.997106708586215973e-02 1.441233698278665543e-02 8.956740610301494598e-03 4.671745467931032181e-03 2.562436275184154510e-02 9.011577814817428589e-03 2.498963288962841034e-02 1.143576670438051224e-02 6.727009313181042671e-04 1.162557769566774368e-02 2.358125522732734680e-02 1.373775955289602280e-02 4.418012220412492752e-03 8.497576229274272919e-03 9.574851021170616150e-03 1.545414049178361893e-02 2.097225002944469452e-02 1.997952349483966827e-02 4.605764523148536682e-03 4.032005090266466141e-03 2.893900126218795776e-02 9.667312726378440857e-03 1.668701507151126862e-02 8.899882435798645020e-03 2.384653687477111816e-02 8.563240407966077328e-04 3.297027945518493652e-02 1.673489622771739960e-02 2.313829399645328522e-02 2.280419692397117615e-03 9.166788309812545776e-03 1.906321942806243896e-02 1.309095043689012527e-02 3.233123570680618286e-03 1.332181156612932682e-03 3.154884092509746552e-03 3.464585542678833008e-02 1.394194364547729492e-02 9.093333035707473755e-03 1.126080285757780075e-02 1.446570176631212234e-02 3.267341526225209236e-03 1.650935737416148186e-03 1.948114857077598572e-02 1.242315024137496948e-02 1.222188118845224380e-03 3.125475719571113586e-02 2.111953496932983398e-02 2.198275551199913025e-02 1.242708135396242142e-02 4.461408127099275589e-03 1.685456256382167339e-03 2.146684564650058746e-02 2.090659691020846367e-03 1.292449049651622772e-02 9.072296321392059326e-03 4.637445323169231415e-03 8.011922473087906837e-04 2.042071521282196045e-02 3.070010058581829071e-02 2.169915102422237396e-02 2.238553017377853394e-02 1.906035467982292175e-02 3.123254282400012016e-03
3.550736978650093079e-02 4.431534558534622192e-02 2.858693478628993034e-03 2.547715231776237488e-02 1.257942616939544678e-02 6.619799416512250900e-03 1.112398412078619003e-02 3.776089474558830261e-02 1.303028035908937454e-02 3.441362874582409859e-03 4.923895373940467834e-02 1.157976407557725906e-02 8.447899818420410156e-01 1.472193468362092972e-02 4.758859425783157349e-02 6.970054470002651215e-03 1.342143304646015167e-02 1.872228644788265228e-02 2.704760059714317322e-02 3.331918641924858093e-02 2.598200365900993347e-02 3.019093535840511322e-02 7.747468072921037674e-03 7.199076004326343536e-03 2.537656947970390320e-02 4.078839346766471863e-02 8.651474490761756897e-03 2.238428033888339996e-02 1.639010012149810791e-02 3.649580106139183044e-02 3.350350260734558105e-02 1.029035728424787521e-02 1.996658183634281158e-02 4.639984108507633209e-03 7.051730528473854065e-03 3.214518353343009949e-02 3.628923371434211731e-02 1.668146438896656036e-02 1.213198155164718628e-02 5.188469775021076202e-03 1.459006592631340027e-02 1.225354336202144623e-02 7.069876883178949356e-03 1.755306497216224670e-02 1.587650552392005920e-02 9.607270359992980957e-03 2.995536196976900101e-03 1.050643902271986008e-02 6.400713231414556503e-03 5.993102211505174637e-03 5.161493085324764252e-03 4.302614368498325348e-03 3.460058569908142090e-02 3.744610399007797241e-02 1.609852164983749390e-02 1.037207338958978653e-02 1.782258786261081696e-02 1.871642842888832092e-02 2.807580307126045227e-02 3.400608152151107788e-02 1.928559318184852600e-02 2.752728201448917389e-02 5.599069409072399139e-03 7.838901132345199585e-03 2.604173682630062103e-02 3.596867620944976807e-02 1.926717348396778107e-02 2.240122854709625244e-02 2.826821524649858475e-03 7.349384017288684845e-03 5.301933735609054565e-03 1.532107312232255936e-02 1.492927968502044678e-02 1.815313659608364105e-02 3.422363661229610443e-03 1.225995365530252457e-02 2.858248772099614143e-03 1.100036688148975372e-02 3.592004301026463509e-03 8.650292642414569855e-03 9.519692510366439819e-03 1.951329968869686127e-02 1.314816251397132874e-02 2.446472272276878357e-02 7.751882541924715042e-03 2.747222315520048141e-03 3.399063646793365479e-02 3.595778718590736389e-02 1.605296321213245392e-02 2.075923793017864227e-02 1.761066727340221405e-02 1.559192780405282974e-02 1.660058274865150452e-02 2.689995057880878448e-02 1.670004241168498993e-02 8.399863727390766144e-03 1.612527482211589813e-02 1.676153577864170074e-02 1.932398788630962372e-02 2.042728476226329803e-02 2.266107685863971710e-02 2.075953409075737000e-02 1.247771736234426498e-02 1.240429561585187912e-02 2.519026584923267365e-02 1.580624096095561981e-02 2.130905725061893463e-02 1.212812680751085281e-02 2.637796290218830109e-02 8.890819735825061798e-03 1.264992076903581619e-02 1.572937145829200745e-02 1.719260402023792267e-02 5.975367967039346695e-04 4.414211027324199677e-03 2.735662972554564476e-03
