8.232885599136352539e-01 6.010134890675544739e-02 1.564918272197246552e-02 4.024296067655086517e-03 6.343786371871829033e-04 6.573099642992019653e-02 5.355593934655189514e-02 1.350176986306905746e-02 1.872387528419494629e-02 1.373060978949069977e-02 6.087008118629455566e-02 4.978278186172246933e-03 3.531091287732124329e-02 9.938022121787071228e-03 2.486718632280826569e-02 3.723587840795516968e-02 3.353204578161239624e-02 4.810381215065717697e-03 2.061487175524234772e-03 1.141775399446487427e-02 1.788042858242988586e-02 3.308817744255065918e-02 3.136688098311424255e-02 2.318238653242588043e-02 1.024338509887456894e-02 6.414887029677629471e-03 1.314237830229103565e-03 6.537253968417644501e-03 5.480244872160255909e-04 1.226689666509628296e-02 8.209116756916046143e-03 2.789963223040103912e-02 1.075047440826892853e-02 3.147530183196067810e-02 3.386967349797487259e-03 2.816755697131156921e-02 1.019390486180782318e-02 1.625265926122665405e-02 1.610114611685276031e-02 1.136564742773771286e-02 4.593957681208848953e-03 2.908612228929996490e-02 2.224861178547143936e-03 8.255240507423877716e-03 1.299162767827510834e-02 2.843551523983478546e-02 4.273118823766708374e-02 1.704629883170127869e-02 2.451850473880767822e-02 2.182820579037070274e-03 8.597992360591888428e-03 1.984479092061519623e-02 2.708624303340911865e-02 1.903240196406841278e-02 1.161518413573503494e-02 1.948917633853852749e-03 3.567695990204811096e-02 7.014112081378698349e-03 3.032824583351612091e-02 1.808421872556209564e-02 2.462116070091724396e-03 1.385627896524965763e-03 2.203427866334095597e-04 2.516312710940837860e-02 1.606332138180732727e-02 1.139546278864145279e-02 2.218135818839073181e-02 1.691307500004768372e-02 1.285918243229389191e-02 5.493732169270515442e-03 3.002481767907738686e-03 4.095549229532480240e-03 2.416668832302093506e-02 1.637222804129123688e-02 2.942470833659172058e-02 2.712441608309745789e-03 1.722571626305580139e-02 1.814747578464448452e-03 4.880431573837995529e-03 2.122077904641628265e-02 1.524233957752585411e-03 1.789455302059650421e-02 5.771420896053314209e-03 7.904221303761005402e-03 5.171230528503656387e-03 9.616821072995662689e-03 1.620706543326377869e-02 3.592103021219372749e-03 3.883103653788566589e-02 3.004157729446887970e-02 8.691549301147460938e-03 1.032536383718252182e-03 1.180352061055600643e-03 2.309413067996501923e-02 2.277216874063014984e-02 1.740510948002338409e-02 1.965105906128883362e-02 1.300478726625442505e-02 1.039369590580463409e-02 8.099104277789592743e-03 3.550664288923144341e-03 6.548618897795677185e-03 1.310443272814154625e-03 1.720285392366349697e-03 2.281840145587921143e-02 1.075030583888292313e-02 8.512319764122366905e-04 5.124485585838556290e-03 2.609143266454339027e-03 1.775758899748325348e-02 3.230179194360971451e-03 1.978579722344875336e-02 1.751696504652500153e-02 4.897497594356536865e-03 9.262518957257270813e-03 2.792881987988948822e-02
6.010134890675544739e-02 8.232885599136352539e-01 2.240474522113800049e-02 8.470750413835048676e-03 1.953478902578353882e-03 5.771826952695846558e-02 6.486492604017257690e-02 1.707755029201507568e-02 9.120437316596508026e-03 2.666179463267326355e-02 5.793692544102668762e-02 1.731016114354133606e-02 5.859702453017234802e-02 1.620611734688282013e-02 2.286993898451328278e-02 3.072585724294185638e-02 2.914958633482456207e-02 1.806433661840856075e-03 1.061318535357713699e-02 4.126047249883413315e-03 8.341508219018578529e-04 3.319830074906349182e-02 2.976851724088191986e-02 2.604490146040916443e-02 7.311646360903978348e-03 1.252542342990636826e-02 4.645715933293104172e-03 1.021275389939546585e-02 1.022244431078433990e-02 1.244272477924823761e-02 3.337066620588302612e-03 1.640127599239349365e-02 5.414143670350313187e-04 2.014646306633949280e-02 2.466070698574185371e-03 2.471398003399372101e-02 8.814164437353610992e-03 1.188766118139028549e-02 1.512490306049585342e-02 1.431341469287872314e-02 4.564641043543815613e-03 1.714074052870273590e-02 4.601301625370979309e-03 1.904070004820823669e-02 2.219008654356002808e-02 2.650339715182781219e-02 2.553191222250461578e-02 3.063236922025680542e-02 1.509406138211488724e-02 8.392211981117725372e-03 5.184623412787914276e-03 1.765123941004276276e-02 2.427601069211959839e-02 1.491101738065481186e-02 4.758296068757772446e-03 1.557190116727724671e-04 2.180796302855014801e-02 3.902602242305874825e-03 1.923714019358158112e-02 9.778404608368873596e-03 1.513214199803769588e-03 3.583433805033564568e-03 9.196840226650238037e-03 3.423167020082473755e-02 1.359867583960294724e-02 2.338866144418716431e-02 8.734985254704952240e-03 6.820464041084051132e-03 5.676898173987865448e-03 4.619622195605188608e-04 1.255144271999597549e-02 3.351489780470728874e-03 1.815705001354217529e-02 1.985163055360317230e-02 1.256843004375696182e-02 3.682494629174470901e-03 5.639864131808280945e-03 2.097628265619277954e-02 6.231734296306967735e-04 1.631397381424903870e-02 3.380655311048030853e-03 6.671584211289882660e-03 1.066958718001842499e-02 1.917704008519649506e-02 1.096632145345211029e-02 1.032140455208718777e-03 1.803503744304180145e-02 1.206131186336278915e-02 2.655432373285293579e-02 3.513296321034431458e-02 6.163915153592824936e-03 2.158792503178119659e-02 2.004971727728843689e-03 4.464408382773399353e-02 2.337444387376308441e-02 1.070416998118162155e-02 4.043281543999910355e-03 2.862624824047088623e-02 1.067429129034280777e-02 2.536394260823726654e-02 2.767656696960330009e-03 7.649779319763183594e-03 3.918683156371116638e-03 6.040577776730060577e-03 1.308664120733737946e-02 3.791504539549350739e-03 1.249397732317447662e-02 2.088702749460935593e-03 6.663661915808916092e-03 1.082108076661825180e-02 1.654045283794403076e-02 2.543753758072853088e-02 2.068077772855758667e-02 8.222409524023532867e-03 1.762152649462223053e-02 2.193420007824897766e-02
1.564918272197246552e-02 2.240474522113800049e-02 8.232885599136352539e-01 3.042449988424777985e-02 1.409946568310260773e-02 1.891346089541912079e-02 1.060739625245332718e-02 3.222252801060676575e-02 2.548978477716445923e-02 1.015364471822977066e-02 4.879781976342201233e-03 2.094628661870956421e-02 1.567562110722064972e-02 4.477494861930608749e-03 1.550885662436485291e-02 2.289416827261447906e-02 1.633432134985923767e-02 2.156428061425685883e-02 5.418678745627403259e-03 1.491411309689283371e-02 3.230798989534378052e-03 4.382867366075515747e-03 2.157486043870449066e-02 3.054485842585563660e-02 1.144477538764476776e-02 8.998104371130466461e-03 2.872433513402938843e-03 3.341333940625190735e-02 2.377470768988132477e-02 9.705071337521076202e-03 1.374950073659420013e-02 9.865676052868366241e-03 2.750125341117382050e-02 3.692986210808157921e-03 8.782536722719669342e-03 3.104088082909584045e-02 1.025463826954364777e-02 7.891084998846054077e-03 2.485318481922149658e-02 2.215760573744773865e-02 1.069846097379922867e-02 1.669877767562866211e-02 8.179851807653903961e-03 1.878749206662178040e-02 7.744875270873308182e-03 1.519550383090972900e-02 5.072863772511482239e-03 6.245501805096864700e-03 1.280035544186830521e-02 2.423342131078243256e-02 1.443362794816493988e-02 1.974931918084621429e-02 2.227465063333511353e-02 1.047283131629228592e-02 2.346869371831417084e-02 3.730032593011856079e-03 2.011022297665476799e-03 1.149171311408281326e-02 1.526157744228839874e-02 7.076653651893138885e-03 2.026043646037578583e-02 7.462192792445421219e-03 1.811286248266696930e-02 2.183941937983036041e-02 2.051225164905190468e-03 9.756287909112870693e-04 9.412189945578575134e-03 8.622363209724426270e-03 1.668968424201011658e-02 4.999388009309768677e-03 1.252528838813304901e-02 1.893501728773117065e-02 3.022412769496440887e-02 1.217692904174327850e-02 9.893080219626426697e-03 4.585243295878171921e-04 2.360114827752113342e-02 7.505776360630989075e-03 2.598617458716034889e-03 2.770253829658031464e-02 2.881294861435890198e-02 1.292651239782571793e-02 2.132963016629219055e-02 1.976552978157997131e-02 3.830717760138213634e-04 8.719259873032569885e-03 2.159830648452043533e-03 2.813756931573152542e-03 8.478407980874180794e-04 1.749158278107643127e-02 1.311460230499505997e-02 3.774582175537943840e-03 9.885740466415882111e-03 2.552207745611667633e-02 3.071116097271442413e-02 2.360882423818111420e-02 2.866672724485397339e-02 2.035381458699703217e-02 9.575704112648963928e-03 6.363438908010721207e-03 2.245999686419963837e-02 1.577188633382320404e-02 3.475488396361470222e-03 1.296599674969911575e-02 2.713998779654502869e-02 1.077267713844776154e-02 3.180172992870211601e-03 1.312561798840761185e-02 1.318062096834182739e-02 1.313877850770950317e-02 1.821462064981460571e-02 1.512318104505538940e-02 2.058728784322738647e-02 9.280840866267681122e-03 1.172850956209003925e-03 1.913678459823131561e-02
4.024296067655086517e-03 8.470750413835048676e-03 3.042449988424777985e-02 8.232885599136352539e-01 6.123622506856918335e-02 3.111693367827683687e-04 2.353129908442497253e-03 9.825866669416427612e-03 2.162192948162555695e-02 1.496911235153675079e-02 1.797807775437831879e-02 1.962302066385746002e-02 3.197486279532313347e-03 1.047187368385493755e-03 2.184294909238815308e-02 5.684732925146818161e-03 4.764338489621877670e-03 4.259285703301429749e-02 3.057762235403060913e-02 1.148560084402561188e-02 4.626195877790451050e-03 1.134389545768499374e-02 5.543095059692859650e-03 3.741439431905746460e-03 3.141836961731314659e-03 2.310258150100708008e-02 2.936729229986667633e-02 3.371932730078697205e-02 4.206846933811903000e-03 1.410363148897886276e-02 1.741288974881172180e-02 6.875630933791399002e-03 4.175060614943504333e-02 1.056544389575719833e-02 2.816474996507167816e-02 1.789296418428421021e-02 2.552453614771366119e-02 1.969772763550281525e-02 3.395731374621391296e-02 1.745214872062206268e-02 2.984301187098026276e-02 5.597227718681097031e-03 2.329142531380057335e-03 2.559527941048145294e-02 5.752150900661945343e-03 1.869602501392364502e-02 8.414974436163902283e-03 2.993393875658512115e-02 9.846343658864498138e-03 4.975468618795275688e-04 1.511561870574951172e-02 6.236939691007137299e-03 2.845631167292594910e-02 2.756908908486366272e-02 8.504936471581459045e-03 1.520835421979427338e-02 2.939096651971340179e-02 3.439442813396453857e-02 4.065055400133132935e-03 3.772411961108446121e-03 4.111601039767265320e-02 4.077059403061866760e-02 4.529855027794837952e-02 1.990335434675216675e-02 6.234916858375072479e-03 2.087590098381042480e-02 7.119135698303580284e-04 8.325346745550632477e-03 1.486406940966844559e-02 1.655242219567298889e-02 5.405824631452560425e-03 1.657025702297687531e-02 4.521494358777999878e-02 6.469314452260732651e-03 3.031658194959163666e-02 3.466577269136905670e-03 1.698887348175048828e-02 1.882955245673656464e-02 4.062472842633724213e-03 2.379114972427487373e-03 2.118754759430885315e-02 6.736140232533216476e-03 4.180115088820457458e-02 3.891619667410850525e-02 1.359172281809151173e-03 1.429592911154031754e-02 9.867475368082523346e-03 1.631267601624131203e-03 6.851676385849714279e-03 1.339076831936836243e-02 4.434300586581230164e-03 1.607976108789443970e-02 3.634416311979293823e-02 6.973206996917724609e-03 1.743054948747158051e-02 2.112863212823867798e-02 3.044410608708858490e-02 7.406155345961451530e-04 7.374349050223827362e-03 5.500548984855413437e-03 2.988524548709392548e-02 1.854112930595874786e-02 6.010692100971937180e-03 2.461145818233489990e-02 2.973433397710323334e-02 2.375738508999347687e-02 2.638011472299695015e-03 1.521495403721928596e-03 1.103406865149736404e-02 1.095022913068532944e-02 1.266403216868638992e-02 4.697346594184637070e-03 6.020061206072568893e-03 1.453235372900962830e-02 2.890696376562118530e-02 1.868388801813125610e-02
6.343786371871829033e-04 1.953478902578353882e-03 1.409946568310260773e-02 6.123622506856918335e-02 8.232885599136352539e-01 7.323844358325004578e-03 1.681552967056632042e-03 4.705337341874837875e-03 3.431721823289990425e-03 1.478050928562879562e-02 2.022822201251983643e-02 1.110981125384569168e-02 9.811753407120704651e-03 3.839132376015186310e-03 1.170233171433210373e-02 1.032754685729742050e-02 4.691245499998331070e-03 2.592603862285614014e-02 3.887837007641792297e-02 6.245204131118953228e-04 5.648692604154348373e-03 2.172998851165175438e-03 4.959624260663986206e-03 7.273851428180932999e-03 4.902255721390247345e-03 2.258566766977310181e-02 1.651036739349365234e-02 3.384903073310852051e-02 2.793599152937531471e-03 1.124040875583887100e-02 2.539654262363910675e-03 4.575144033879041672e-03 4.828157648444175720e-02 1.041387207806110382e-02 3.255490958690643311e-02 1.654182188212871552e-02 2.803124301135540009e-02 2.071935596177354455e-04 2.697504684329032898e-02 2.290074340999126434e-02 2.437455207109451294e-02 6.984166800975799561e-03 1.426586764864623547e-03 2.429773285984992981e-02 1.255831029266119003e-02 1.744949072599411011e-02 4.954730626195669174e-03 1.115069538354873657e-02 1.878945529460906982e-02 1.306610833853483200e-02 2.488864026963710785e-02 4.698900738731026649e-05 1.892651431262493134e-02 4.004095122218132019e-02 4.357082303613424301e-03 2.338105253875255585e-02 3.269251808524131775e-02 3.562488779425621033e-02 3.809310030192136765e-03 6.518634967505931854e-03 3.694045171141624451e-02 5.015256628394126892e-02 4.922835901379585266e-02 2.099861577153205872e-02 7.864414714276790619e-03 6.292889825999736786e-03 6.149612367153167725e-03 5.494840297615155578e-05 6.191270891577005386e-03 3.630356164649128914e-03 6.506369449198246002e-03 1.587164215743541718e-02 4.233391955494880676e-02 4.629745148122310638e-03 4.106958955526351929e-02 1.192343188449740410e-03 2.168723847717046738e-03 2.216372266411781311e-02 1.292914804071187973e-02 1.227718219161033630e-02 9.186594747006893158e-03 1.027724333107471466e-02 3.621662035584449768e-02 5.065835639834403992e-02 1.333501003682613373e-02 1.307118870317935944e-02 1.123513747006654739e-02 8.428873494267463684e-03 1.418031868524849415e-03 2.648842334747314453e-02 1.106737833470106125e-02 1.355809532105922699e-02 3.073346428573131561e-02 9.047814644873142242e-03 1.987905800342559814e-02 3.066249005496501923e-02 3.947092592716217041e-02 1.321788877248764038e-02 1.457120478153228760e-02 3.780267201364040375e-03 2.590418793261051178e-02 1.915208622813224792e-02 1.486769760958850384e-03 2.767001278698444366e-02 1.849228143692016602e-02 2.391922287642955780e-02 1.093952078372240067e-02 5.560669582337141037e-03 9.779807180166244507e-03 1.270920410752296448e-02 5.831168964505195618e-03 3.065550932660698891e-03 9.105520322918891907e-03 5.598006770014762878e-03 2.066234685480594635e-02 1.522723003290593624e-03
6.573099642992019653e-02 5.771826952695846558e-02 1.891346089541912079e-02 3.111693367827683687e-04 7.323844358325004578e-03 8.232885599136352539e-01 6.012932956218719482e-02 1.621207594871520996e-02 1.290137413889169693e-02 1.707882061600685120e-02 5.678938329219818115e-02 1.712452620267868042e-02 4.345153272151947021e-02 1.402532868087291718e-02 3.624667972326278687e-02 2.911992371082305908e-02 2.029060386121273041e-02 4.408877808600664139e-03 2.406334504485130310e-03 1.898426003754138947e-02 1.733489707112312317e-02 3.282603994011878967e-02 2.965313009917736053e-02 2.214806899428367615e-02 1.522937789559364319e-02 6.553228478878736496e-03 1.296604610979557037e-02 1.086962502449750900e-02 6.746056955307722092e-03 2.413621358573436737e-02 1.106329448521137238e-02 2.223576791584491730e-02 7.274426519870758057e-03 2.810290455818176270e-02 1.873063971288502216e-03 2.760807983577251434e-02 2.874631900340318680e-03 8.220416493713855743e-03 9.010442532598972321e-03 1.242099888622760773e-02 6.109202746301889420e-03 2.752364426851272583e-02 6.409049965441226959e-03 5.024980753660202026e-03 1.046624593436717987e-02 2.705880999565124512e-02 3.683537244796752930e-02 1.381322368979454041e-02 2.409365214407444000e-02 9.421817958354949951e-03 8.379091508686542511e-03 5.932240281254053116e-03 2.198835089802742004e-02 1.499474979937076569e-02 7.851799950003623962e-03 7.655150257050991058e-04 3.117100894451141357e-02 3.016983973793685436e-04 2.973719500005245209e-02 1.899524033069610596e-02 1.339753856882452965e-03 7.223006337881088257e-03 5.868068896234035492e-03 1.899030432105064392e-02 1.593934558331966400e-02 1.070164330303668976e-02 1.814268715679645538e-02 1.950560882687568665e-02 2.032702090218663216e-03 6.516409106552600861e-03 6.445568054914474487e-03 3.247539512813091278e-03 1.777367666363716125e-02 1.268580649048089981e-02 1.871822401881217957e-02 4.185304045677185059e-03 1.337900757789611816e-02 3.779679536819458008e-03 1.446888130158185959e-02 2.581959776580333710e-02 3.853939939290285110e-03 1.917441934347152710e-02 6.818341556936502457e-03 1.469547580927610397e-02 1.141906622797250748e-02 5.860786419361829758e-03 2.785683609545230865e-02 5.289899185299873352e-03 3.420670330524444580e-02 2.746237069368362427e-02 8.306318894028663635e-03 7.993441075086593628e-03 2.953767543658614159e-03 3.199597448110580444e-02 1.826395094394683838e-02 3.464619629085063934e-03 1.653107069432735443e-02 2.437034249305725098e-02 8.347210474312305450e-03 4.622375126928091049e-03 2.200383169110864401e-04 8.537406101822853088e-03 5.486194044351577759e-03 2.282016212120652199e-03 1.922608353197574615e-02 7.388454861938953400e-03 1.304291468113660812e-02 1.786199957132339478e-02 7.315173745155334473e-03 1.578424870967864990e-02 5.207656417042016983e-03 1.756207086145877838e-02 1.623933203518390656e-02 7.081297226250171661e-03 1.632849127054214478e-02 2.709548920392990112e-02
5.355593934655189514e-02 6.486492604017257690e-02 1.060739625245332718e-02 2.353129908442497253e-03 1.681552967056632042e-03 6.012932956218719482e-02 8.232885599136352539e-01 2.606499474495649338e-03 1.072446117177605629e-03 2.379252575337886810e-02 5.653762444853782654e-02 1.143834833055734634e-02 5.113141238689422607e-02 1.797965541481971741e-02 4.352018609642982483e-02 3.245064243674278259e-02 3.130745515227317810e-02 7.945209741592407227e-03 2.263057278469204903e-03 7.624424993991851807e-03 7.430733647197484970e-03 4.022803530097007751e-02 2.907875739037990570e-02 2.151243202388286591e-02 2.994878916069865227e-03 7.428435608744621277e-03 2.684118691831827164e-03 7.112890016287565231e-03 9.051990695297718048e-03 1.347539480775594711e-02 2.242199704051017761e-02 2.202818542718887329e-02 5.357130430638790131e-03 2.208004146814346313e-02 5.973681109026074409e-04 2.426207251846790314e-02 1.015224307775497437e-02 7.151038851588964462e-03 3.930602222681045532e-03 2.318404056131839752e-02 1.580642350018024445e-02 2.084521390497684479e-02 7.452451623976230621e-03 6.175976246595382690e-03 4.101710394024848938e-03 2.146126329898834229e-02 4.282013699412345886e-02 3.760089725255966187e-02 1.465903874486684799e-02 6.730132270604372025e-03 6.785422563552856445e-03 7.554568350315093994e-03 1.582649908959865570e-02 2.942249737679958344e-02 7.178595289587974548e-03 1.108774077147245407e-02 1.893809251487255096e-02 1.001367345452308655e-02 2.578625641763210297e-02 2.461489289999008179e-02 2.847750438377261162e-03 4.101454745978116989e-03 6.860004272311925888e-03 2.368229627609252930e-02 2.454635500907897949e-02 2.336689457297325134e-02 1.034192461520433426e-02 1.315149758011102676e-02 5.426074378192424774e-03 1.647332916036248207e-03 1.124867517501115799e-02 4.757268354296684265e-03 1.089923549443483353e-02 1.429397705942392349e-02 1.012185122817754745e-02 2.002248773351311684e-03 2.035514917224645615e-03 1.524023804813623428e-02 3.650690196081995964e-04 1.529059372842311859e-02 1.579924114048480988e-02 4.286164185032248497e-04 1.531337574124336243e-02 9.989809244871139526e-03 7.101319730281829834e-03 1.288400846533477306e-03 3.651155903935432434e-02 2.081941068172454834e-02 2.812665887176990509e-02 1.969210058450698853e-02 6.334746722131967545e-03 2.743172273039817810e-02 3.805338405072689056e-03 4.767314344644546509e-02 2.292075008153915405e-02 1.922420971095561981e-02 2.654093783348798752e-03 3.097185492515563965e-02 2.554396400228142738e-03 1.854589954018592834e-02 2.696824492886662483e-03 9.129852987825870514e-03 3.247624263167381287e-04 6.728768814355134964e-03 8.642260916531085968e-03 4.669310990720987320e-03 2.554508624598383904e-03 7.191509008407592773e-03 4.961482249200344086e-03 8.881159126758575439e-03 1.417397428303956985e-02 3.523329272866249084e-02 2.643707580864429474e-02 9.737548418343067169e-03 6.540353409945964813e-03 1.837478019297122955e-02
1.350176986306905746e-02 1.707755029201507568e-02 3.222252801060676575e-02 9.825866669416427612e-03 4.705337341874837875e-03 1.621207594871520996e-02 2.606499474495649338e-03 8.232885599136352539e-01 2.997672744095325470e-02 1.273013278841972351e-02 2.625727560371160507e-03 3.784839063882827759e-02 7.125378586351871490e-03 1.741319894790649414e-02 1.699609123170375824e-02 6.066629197448492050e-03 9.383391588926315308e-03 3.214687807485461235e-03 1.465002819895744324e-02 2.094116527587175369e-03 1.099058799445629120e-02 1.232072431594133377e-02 1.414330210536718369e-02 1.120479218661785126e-02 1.059035398066043854e-02 5.851070862263441086e-03 3.407269017770886421e-03 5.247663706541061401e-02 1.749902963638305664e-02 1.734008640050888062e-02 1.035793405026197433e-02 1.717134378850460052e-02 5.833558272570371628e-03 1.580365747213363647e-02 7.244092877954244614e-03 4.825679119676351547e-03 8.903644979000091553e-03 2.836419153027236462e-04 1.738241640850901604e-03 1.728174090385437012e-02 1.743616070598363876e-03 1.433202880434691906e-03 5.239570513367652893e-03 1.682541891932487488e-02 1.909159123897552490e-02 1.311031077057123184e-02 1.174408197402954102e-02 1.200444530695676804e-02 1.088947709649801254e-02 3.582227230072021484e-02 5.654024891555309296e-03 3.311952110379934311e-03 1.933159190230071545e-03 5.759373307228088379e-03 2.222590334713459015e-02 4.374418407678604126e-02 1.848696731030941010e-02 2.478223480284214020e-02 3.259219927713274956e-03 1.393904164433479309e-02 1.695836335420608521e-02 2.859698422253131866e-02 1.224148366600275040e-02 9.850637055933475494e-03 1.409348472952842712e-02 6.232512183487415314e-03 1.382026821374893188e-02 9.361046366393566132e-03 1.384983304888010025e-03 1.443500723689794540e-02 6.520516704767942429e-03 4.619033634662628174e-02 1.840989664196968079e-02 3.068096237257122993e-03 1.177144516259431839e-02 2.730759978294372559e-02 1.987119019031524658e-02 8.142265491187572479e-03 1.226085238158702850e-02 1.616156287491321564e-02 5.312320962548255920e-02 4.335861280560493469e-02 5.574022419750690460e-03 1.810466288588941097e-03 1.817270182073116302e-02 2.168622426688671112e-02 2.966234460473060608e-02 4.319904744625091553e-02 2.061198279261589050e-02 4.453322850167751312e-03 1.019814889878034592e-02 1.103226561099290848e-02 4.160004667937755585e-03 8.364201523363590240e-03 1.463582087308168411e-02 7.407193537801504135e-03 3.059244342148303986e-02 1.599589362740516663e-03 1.219805423170328140e-02 2.118874574080109596e-03 3.082732204347848892e-03 1.748060993850231171e-02 4.309453535825014114e-03 5.188131704926490784e-03 1.598383672535419464e-02 1.215134095400571823e-02 7.537689525634050369e-03 1.949256099760532379e-02 2.530308067798614502e-02 1.983524113893508911e-02 1.299701258540153503e-02 4.618358332663774490e-03 3.941580653190612793e-03 7.906471379101276398e-03 2.523455023765563965e-02 2.495740912854671478e-02
1.872387528419494629e-02 9.120437316596508026e-03 2.548978477716445923e-02 2.162192948162555695e-02 3.431721823289990425e-03 1.290137413889169693e-02 1.072446117177605629e-03 2.997672744095325470e-02 8.232885599136352539e-01 1.399685908108949661e-02 1.225786656141281128e-02 3.282043710350990295e-02 1.898026466369628906e-02 9.572380222380161285e-04 1.242035254836082458e-02 1.144348271191120148e-02 5.899626761674880981e-03 2.611725404858589172e-02 1.274061296135187149e-02 3.093548491597175598e-02 2.229382283985614777e-02 1.120984926819801331e-02 2.480475604534149170e-02 1.506694592535495758e-02 2.577419020235538483e-02 2.483095042407512665e-02 2.131356857717037201e-02 3.015218861401081085e-02 1.435851212590932846e-02 1.364225335419178009e-02 9.554645046591758728e-03 2.541740424931049347e-02 2.141313254833221436e-02 1.371893472969532013e-02 2.224032022058963776e-02 2.299244329333305359e-02 2.112309448421001434e-02 1.486354041844606400e-02 2.899002470076084137e-02 9.988941019400954247e-04 7.163856644183397293e-03 2.613899298012256622e-02 1.478832121938467026e-02 1.508558262139558792e-02 1.549817528575658798e-02 2.162886410951614380e-02 3.997444175183773041e-03 3.250366717111319304e-04 3.644453361630439758e-02 1.454250700771808624e-02 2.124760858714580536e-02 1.074560638517141342e-02 2.583596296608448029e-02 2.280913293361663818e-03 3.160187974572181702e-02 4.799258895218372345e-03 1.007591024972498417e-03 6.935407873243093491e-03 1.849113591015338898e-02 3.032072680070996284e-03 9.975050576031208038e-03 5.955384578555822372e-03 1.841794885694980621e-02 1.023537572473287582e-02 2.323169447481632233e-02 2.784650214016437531e-02 3.410229831933975220e-02 2.989670261740684509e-02 3.051936253905296326e-02 1.915138773620128632e-02 1.537987403571605682e-02 2.416686899960041046e-02 3.148073703050613403e-02 1.072451844811439514e-02 2.017909660935401917e-02 1.662377081811428070e-02 5.728636309504508972e-02 1.339083909988403320e-02 1.263462007045745850e-02 3.751120343804359436e-02 1.206148788332939148e-02 5.245392094366252422e-04 2.027369663119316101e-02 4.967621061950922012e-04 2.060349471867084503e-02 1.910892874002456665e-02 1.901964424178004265e-03 9.066619910299777985e-03 1.015249546617269516e-02 2.113957144320011139e-02 9.858404286205768585e-03 9.231221862137317657e-03 6.495644338428974152e-03 5.973801482468843460e-03 8.839107118546962738e-03 2.256784588098526001e-03 2.207719907164573669e-02 1.583732478320598602e-02 2.640809491276741028e-02 2.739666402339935303e-02 3.278886899352073669e-02 8.804116398096084595e-03 1.872778171673417091e-03 6.178019568324089050e-03 3.653195872902870178e-02 2.458284609019756317e-02 1.287804264575242996e-02 1.597003266215324402e-02 6.486172322183847427e-03 4.225120879709720612e-03 1.399298012256622314e-02 1.199323404580354691e-02 2.180726081132888794e-02 1.729909889400005341e-02 8.790280669927597046e-03 1.356235705316066742e-02
1.373060978949069977e-02 2.666179463267326355e-02 1.015364471822977066e-02 1.496911235153675079e-02 1.478050928562879562e-02 1.707882061600685120e-02 2.379252575337886810e-02 1.273013278841972351e-02 1.399685908108949661e-02 8.232885599136352539e-01 2.086080797016620636e-02 1.435676775872707367e-02 2.116828225553035736e-02 5.266390740871429443e-03 2.631034515798091888e-02 3.741608466953039169e-03 8.392166346311569214e-03 7.960525341331958771e-03 2.931840531527996063e-02 1.459269039332866669e-02 1.136961299926042557e-02 2.877952344715595245e-02 2.305035013705492020e-03 6.515348330140113831e-03 2.112717367708683014e-02 3.808752447366714478e-02 5.341452546417713165e-03 1.031495071947574615e-02 3.230217099189758301e-02 2.682780474424362183e-02 2.272898145020008087e-02 3.942823968827724457e-03 1.468915399163961411e-02 2.062221057713031769e-03 1.751326769590377808e-02 8.407704532146453857e-03 1.635967381298542023e-02 2.267715055495500565e-03 6.488540209829807281e-03 2.099506789818406105e-03 1.283918693661689758e-02 4.387072753161191940e-03 2.745155990123748779e-02 1.733844168484210968e-03 1.072994899004697800e-02 3.520414978265762329e-02 5.607526749372482300e-03 8.959238417446613312e-03 5.023212637752294540e-03 3.393365442752838135e-02 1.590895093977451324e-02 1.951378025114536285e-02 6.917845457792282104e-04 1.220013760030269623e-02 1.283026300370693207e-02 2.450348064303398132e-02 3.092663735151290894e-02 2.453007176518440247e-02 7.072321604937314987e-03 6.921122781932353973e-03 1.885825768113136292e-02 2.175550535321235657e-02 2.304531447589397430e-02 1.215550582855939865e-02 1.034550648182630539e-02 1.894019544124603271e-02 1.306177303194999695e-02 6.936932913959026337e-03 3.880533576011657715e-02 3.240326885133981705e-03 3.611931577324867249e-02 1.659983955323696136e-02 1.117285341024398804e-02 1.858853735029697418e-02 7.525724358856678009e-03 1.218336820602416992e-02 8.400516584515571594e-03 4.556931555271148682e-02 9.339369833469390869e-03 2.735274657607078552e-02 7.704055868089199066e-03 1.572664827108383179e-02 1.408927701413631439e-02 2.966156415641307831e-02 1.252210792154073715e-02 1.669725589454174042e-02 2.395799197256565094e-02 1.273580174893140793e-02 4.580145236104726791e-03 3.948484733700752258e-02 3.715472668409347534e-02 1.581476256251335144e-02 3.955665975809097290e-02 3.004854358732700348e-02 4.701327066868543625e-03 1.121080573648214340e-02 1.568319648504257202e-02 3.038008511066436768e-02 2.671473659574985504e-02 3.001379407942295074e-02 2.409668453037738800e-02 1.428130920976400375e-02 6.128718145191669464e-03 1.041840389370918274e-02 1.712952367961406708e-02 1.676823198795318604e-02 2.230882644653320312e-03 3.786931978538632393e-03 2.493323199450969696e-02 2.762058377265930176e-02 1.883949339389801025e-02 1.258871518075466156e-02 9.869959903880953789e-04 1.774253137409687042e-02 3.854973707348108292e-03 1.867559552192687988e-02
6.087008118629455566e-02 5.793692544102668762e-02 4.879781976342201233e-03 1.797807775437831879e-02 2.022822201251983643e-02 5.678938329219818115e-02 5.653762444853782654e-02 2.625727560371160507e-03 1.225786656141281128e-02 2.086080797016620636e-02 8.232885599136352539e-01 5.697689019143581390e-03 5.289275571703910828e-02 1.347148045897483826e-02 3.606020659208297729e-02 2.229262702167034149e-02 2.500903233885765076e-02 3.093612845987081528e-03 1.707968302071094513e-02 1.328415982425212860e-02 2.247007191181182861e-02 3.543156385421752930e-02 3.319519385695457458e-02 2.290491759777069092e-02 1.697791181504726410e-02 6.831417325884103775e-03 3.768162336200475693e-03 9.394302964210510254e-03 5.420590750873088837e-03 1.612771861255168915e-02 8.644445799291133881e-03 2.553696557879447937e-02 4.994198679924011230e-03 3.283421322703361511e-02 4.359309095889329910e-03 2.319447696208953857e-02 1.012779423035681248e-03 3.192651784047484398e-03 4.465696401894092560e-03 1.943899434991180897e-03 2.872450277209281921e-04 2.936976961791515350e-02 5.417650565505027771e-03 1.632033474743366241e-02 2.146456763148307800e-02 3.590827062726020813e-02 3.304155915975570679e-02 1.302194409072399139e-02 2.762023545801639557e-02 9.519129060208797455e-03 3.252963069826364517e-03 4.523018375039100647e-03 1.517560705542564392e-02 9.115028195083141327e-03 1.318166032433509827e-02 4.726267419755458832e-03 3.376215323805809021e-02 1.267520152032375336e-02 2.188678458333015442e-02 1.867749169468879700e-02 3.250011708587408066e-03 1.020335685461759567e-02 1.440549455583095551e-02 3.573461994528770447e-02 3.006096370518207550e-02 2.354912459850311279e-02 2.322690933942794800e-02 1.950908824801445007e-02 5.766250193119049072e-03 1.068527810275554657e-02 9.109064005315303802e-03 9.492754936218261719e-03 1.596274669282138348e-03 1.578152924776077271e-02 1.279033371247351170e-03 9.210338816046714783e-03 1.424368005245923996e-02 1.684423163533210754e-02 1.500746002420783043e-03 2.799803763628005981e-02 9.799765422940254211e-03 3.213118994608521461e-03 5.786495748907327652e-03 3.042427264153957367e-02 4.663389176130294800e-03 1.240878045791760087e-04 3.308013454079627991e-02 1.874851435422897339e-02 3.061681427061557770e-02 3.726162761449813843e-02 3.439968219026923180e-03 2.900921553373336792e-02 1.286460738629102707e-02 3.414431959390640259e-02 3.805450396612286568e-03 5.788580529042519629e-05 8.243177086114883423e-03 2.327521517872810364e-02 1.162642799317836761e-02 2.038753358647227287e-03 1.592991990037262440e-03 9.628119878470897675e-03 1.854791189543902874e-03 8.053430356085300446e-03 1.988427247852087021e-03 9.210466523654758930e-04 2.654071198776364326e-03 7.976586930453777313e-03 7.524870801717042923e-03 1.481580920517444611e-02 2.173070795834064484e-03 2.377463877201080322e-02 2.439288236200809479e-02 5.728800315409898758e-03 2.593186916783452034e-03 1.115326769649982452e-02
4.978278186172246933e-03 1.731016114354133606e-02 2.094628661870956421e-02 1.962302066385746002e-02 1.110981125384569168e-02 1.712452620267868042e-02 1.143834833055734634e-02 3.784839063882827759e-02 3.282043710350990295e-02 1.435676775872707367e-02 5.697689019143581390e-03 8.232885599136352539e-01 1.919285953044891357e-02 7.640172541141510010e-02 2.619659062474966049e-03 8.211095118895173073e-04 1.330311293713748455e-03 7.339210715144872665e-03 3.457922860980033875e-02 1.243020640686154366e-03 1.495009660720825195e-02 9.164281189441680908e-03 1.602561585605144501e-02 1.561524439603090286e-02 3.136071376502513885e-03 3.003525082021951675e-03 1.867607049643993378e-02 5.461362004280090332e-02 4.354993253946304321e-02 3.474330529570579529e-02 2.258996479213237762e-02 2.904947148635983467e-03 1.544691901654005051e-02 4.455052316188812256e-03 7.859476841986179352e-03 8.494957350194454193e-03 4.261871334165334702e-03 1.859347149729728699e-02 1.378065254539251328e-02 1.126898359507322311e-02 1.024410501122474670e-02 8.360047941096127033e-04 6.097067613154649734e-03 2.625203924253582954e-03 6.638837512582540512e-03 1.266765594482421875e-02 2.872396260499954224e-02 3.284301143139600754e-03 1.142822112888097763e-02 2.372380718588829041e-02 2.463574521243572235e-02 1.763447374105453491e-02 1.666204258799552917e-02 2.072904631495475769e-02 1.625924184918403625e-02 1.256566960364580154e-02 1.049801055341959000e-02 2.358582802116870880e-03 9.521988220512866974e-03 6.468026898801326752e-03 3.301152214407920837e-02 1.989531144499778748e-02 9.302611462771892548e-03 2.255457639694213867e-02 1.137536671012639999e-02 8.210154250264167786e-03 8.181696757674217224e-03 1.107013900764286518e-03 1.746667921543121338e-02 3.724864497780799866e-02 3.397938981652259827e-02 2.558320015668869019e-02 1.439103391021490097e-02 1.873095892369747162e-02 1.300996541976928711e-02 2.624540030956268311e-02 1.345308218151330948e-02 5.979454610496759415e-03 2.111513912677764893e-02 2.405059337615966797e-02 1.101125404238700867e-02 2.739657647907733917e-02 1.129096653312444687e-02 8.882342837750911713e-03 1.340711954981088638e-02 1.590526290237903595e-02 3.938052759622223675e-05 1.021290291100740433e-02 1.007841248065233231e-02 3.042363934218883514e-02 3.977868705987930298e-02 8.001385256648063660e-03 1.656950078904628754e-02 1.038080453872680664e-02 4.123565740883350372e-03 1.591929583810269833e-03 2.186593040823936462e-02 2.872118726372718811e-02 2.039484493434429169e-02 3.981288522481918335e-03 6.672189570963382721e-03 7.078438997268676758e-03 1.174112875014543533e-02 2.295784652233123779e-02 3.257552906870841980e-02 6.033935584127902985e-03 1.339964289218187332e-02 1.264054735656827688e-04 1.074985228478908539e-02 1.869179680943489075e-02 3.554835217073559761e-03 9.845663793385028839e-03 1.109414920210838318e-02 7.496634963899850845e-03 1.912444829940795898e-03 2.568986080586910248e-02
3.531091287732124329e-02 5.859702453017234802e-02 1.567562110722064972e-02 3.197486279532313347e-03 9.811753407120704651e-03 4.345153272151947021e-02 5.113141238689422607e-02 7.125378586351871490e-03 1.898026466369628906e-02 2.116828225553035736e-02 5.289275571703910828e-02 1.919285953044891357e-02 8.232885599136352539e-01 1.683416962623596191e-02 3.017509728670120239e-02 1.195518113672733307e-02 7.038661744445562363e-03 1.707055140286684036e-03 1.953970082104206085e-02 9.169247932732105255e-03 1.212140824645757675e-02 3.026077337563037872e-02 2.522827871143817902e-02 2.252186648547649384e-02 1.684782281517982483e-02 7.284132763743400574e-03 1.733337342739105225e-02 1.158605329692363739e-02 1.971299946308135986e-02 2.342203445732593536e-02 1.032840460538864136e-03 1.408275403082370758e-02 4.705538449343293905e-04 1.628411374986171722e-02 7.258472032845020294e-03 2.474467270076274872e-02 5.535482428967952728e-03 2.129760198295116425e-02 1.563757099211215973e-02 7.963645271956920624e-03 1.710362173616886139e-02 1.858386956155300140e-02 1.942646875977516174e-02 2.602564729750156403e-02 2.724260836839675903e-02 2.266875840723514557e-02 9.565617889165878296e-03 3.245715051889419556e-02 2.381870336830615997e-02 1.630298048257827759e-02 5.084717413410544395e-04 4.180186078883707523e-04 2.451030723750591278e-02 9.682996198534965515e-03 1.207859907299280167e-02 7.430340163409709930e-03 1.218995265662670135e-02 1.232448033988475800e-03 1.878882385790348053e-02 8.918654173612594604e-03 8.828098070807754993e-04 1.100876834243535995e-02 7.635190151631832123e-03 3.358808159828186035e-02 2.224503085017204285e-02 4.192549735307693481e-02 1.333842147141695023e-02 1.710186712443828583e-02 4.256468731909990311e-03 1.495364587754011154e-02 2.386374212801456451e-02 5.705323535948991776e-03 1.029441133141517639e-02 3.330045938491821289e-02 4.438126052264124155e-04 7.613549008965492249e-03 2.201379463076591492e-02 1.438525598496198654e-02 1.278443913906812668e-02 2.446705661714076996e-02 9.966865181922912598e-04 1.077025383710861206e-02 7.754951715469360352e-03 2.878131158649921417e-02 3.791131544858217239e-03 1.349760219454765320e-02 3.426347300410270691e-02 3.018026798963546753e-02 1.899176463484764099e-02 3.334107622504234314e-02 2.169398218393325806e-02 3.141267970204353333e-02 6.597426254302263260e-03 4.487865045666694641e-02 1.941651455126702785e-03 7.410466670989990234e-03 6.961354054510593414e-03 1.516098529100418091e-02 1.320216897875070572e-02 2.985567087307572365e-03 8.086956106126308441e-03 1.762440428137779236e-02 1.028621289879083633e-02 1.773487217724323273e-02 1.262817159295082092e-02 1.984718022868037224e-03 1.866872073151171207e-03 9.450467303395271301e-03 9.932258166372776031e-03 1.127575896680355072e-02 4.541730042546987534e-03 2.251012437045574188e-02 2.148118428885936737e-02 2.162587828934192657e-02 1.545066828839480877e-03 2.122349664568901062e-02
