8.219994306564331055e-01 8.914227783679962158e-02 1.896781730465590954e-03 7.817188277840614319e-03 4.516377113759517670e-03 5.861444026231765747e-02 2.554841712117195129e-02 3.982176131103187799e-04 1.276254653930664062e-02 1.307281944900751114e-02 6.893996149301528931e-02 4.897391423583030701e-03 6.307507306337356567e-02 2.697972767055034637e-02 8.685285225510597229e-03 2.338598016649484634e-03 4.047887865453958511e-03 1.697306521236896515e-02 6.172526627779006958e-04 1.921140821650624275e-03 1.557234860956668854e-02 1.285214629024267197e-02 9.301375597715377808e-03 1.525900606065988541e-02 4.245765507221221924e-03 1.065751817077398300e-02 1.047926954925060272e-02 1.333470735698938370e-02 3.070644289255142212e-02 1.625208929181098938e-02 3.211622685194015503e-02 9.823120199143886566e-03 1.504869107156991959e-02 1.193842384964227676e-02 1.527360174804925919e-03 1.621261984109878540e-02 9.046670049428939819e-03 1.214588433504104614e-02 3.499374724924564362e-03 1.059051416814327240e-02 1.696646399796009064e-02 3.064858913421630859e-02 9.237205609679222107e-03 1.011662092059850693e-02 5.055187642574310303e-02 1.022629532963037491e-02 5.381833016872406006e-02 2.938075549900531769e-02 3.542379708960652351e-03 9.061714634299278259e-03 1.141641195863485336e-02 8.170790039002895355e-03 2.507280372083187103e-02 2.444653026759624481e-02 1.683059334754943848e-02 2.771541941910982132e-03 8.424696512520313263e-03 2.280531683936715126e-03 2.511109784245491028e-02 2.357085235416889191e-02 1.513021718710660934e-02 3.284778445959091187e-03 1.828378625214099884e-02 6.278896704316139221e-03 3.078077919781208038e-02 4.572289809584617615e-02 9.563166648149490356e-03 2.314278297126293182e-02 2.071298426017165184e-03 1.652533560991287231e-02 2.777970395982265472e-03 1.340641733258962631e-02 8.483760990202426910e-03 2.214339375495910645e-02 2.153672976419329643e-03 6.368501577526330948e-03 1.506859902292490005e-02 8.134696399793028831e-04 2.107072249054908752e-02 6.765878759324550629e-03 1.856112852692604065e-02 6.522560026496648788e-03 5.833350587636232376e-03 4.888148978352546692e-03 5.008837673813104630e-03 2.054377831518650055e-02 2.960997819900512695e-02 1.863296329975128174e-02 9.939295239746570587e-03 1.292480807751417160e-02 3.645827248692512512e-02 7.751315832138061523e-03 3.469994291663169861e-02 2.574397623538970947e-02 9.653077460825443268e-03 1.535267196595668793e-02 2.123841783031821251e-03 2.357254177331924438e-02 1.433963538147509098e-03 5.968528334051370621e-03 4.275251179933547974e-03 6.552125792950391769e-03 1.387609913945198059e-02 1.433082018047571182e-02 1.872055977582931519e-02 1.064461097121238708e-02 7.337939925491809845e-03 1.993892155587673187e-02 7.387426216155290604e-03 2.757889032363891602e-02 4.807129874825477600e-02 4.357208963483572006e-03 1.352542638778686523e-02 3.715516300871968269e-03 1.556394621729850769e-02 4.505081567913293839e-03
8.914227783679962158e-02 8.219994306564331055e-01 6.348961498588323593e-03 1.619265181943774223e-03 1.172171160578727722e-02 5.057387053966522217e-02 2.323748543858528137e-02 5.503270775079727173e-03 1.168642565608024597e-02 8.895143866539001465e-03 5.990355089306831360e-02 3.192917443811893463e-03 6.975901126861572266e-02 2.320662140846252441e-02 9.424283169209957123e-03 4.243411123752593994e-03 3.051558509469032288e-03 1.389001496136188507e-02 2.676852745935320854e-03 3.975876141339540482e-03 1.694923266768455505e-02 3.259929944761097431e-04 2.012361958622932434e-02 2.528126165270805359e-02 1.238305959850549698e-02 2.248973771929740906e-02 1.187427341938018799e-02 2.076211385428905487e-02 1.304189953953027725e-02 1.919068209826946259e-02 2.166928723454475403e-02 5.589945707470178604e-03 3.484406508505344391e-03 1.173336990177631378e-02 6.853955332189798355e-03 2.004680223762989044e-03 8.427135646343231201e-03 1.910500228404998779e-02 6.513779051601886749e-03 7.919584400951862335e-03 1.169838756322860718e-02 4.221004992723464966e-02 6.965104956179857254e-03 6.483940524049103260e-04 5.183978751301765442e-02 8.009910583496093750e-03 4.703343287110328674e-02 1.850774884223937988e-02 1.973915845155715942e-02 3.261431353166699409e-03 2.704907674342393875e-03 1.949926838278770447e-02 1.246280781924724579e-02 1.022540777921676636e-02 2.429529651999473572e-02 6.615788210183382034e-03 1.583617180585861206e-03 1.184198353439569473e-02 2.948540449142456055e-02 1.394027378410100937e-02 1.430015265941619873e-02 7.919626310467720032e-03 2.124127699062228203e-03 1.585732214152812958e-02 2.433192171156406403e-02 4.192116484045982361e-02 4.338932223618030548e-03 2.370561845600605011e-02 1.989369047805666924e-03 1.722060516476631165e-02 2.382285019848495722e-04 1.528887730091810226e-02 9.802358690649271011e-04 2.467892505228519440e-02 5.685170646756887436e-03 7.804865948855876923e-03 1.552230492234230042e-02 1.682577189058065414e-03 2.380763739347457886e-02 7.814545184373855591e-03 1.407009270042181015e-02 1.568227261304855347e-02 1.594024244695901871e-03 3.554187132976949215e-04 1.224091625772416592e-03 2.407187223434448242e-02 2.436057664453983307e-02 1.876681670546531677e-02 2.001279266551136971e-03 1.334574818611145020e-02 2.194417640566825867e-02 4.055306315422058105e-03 2.340097911655902863e-02 2.948190644383430481e-02 1.162710977951064706e-04 6.815959699451923370e-03 1.123612746596336365e-03 2.356746420264244080e-02 6.202489021234214306e-04 1.088088098913431168e-02 6.824922282248735428e-03 3.634419059380888939e-03 1.118771638721227646e-02 1.152193266898393631e-02 7.440732792019844055e-03 4.172017797827720642e-03 1.507308147847652435e-02 2.744673006236553192e-02 1.212393399327993393e-02 1.525709219276905060e-02 4.433663561940193176e-02 5.903347861021757126e-03 1.128817070275545120e-02 5.628254264593124390e-03 1.453438773751258850e-02 1.264818385243415833e-02
1.896781730465590954e-03 6.348961498588323593e-03 8.219994306564331055e-01 1.323619112372398376e-02 1.443567103706300259e-03 2.695678849704563618e-04 7.101627066731452942e-03 4.602760076522827148e-02 4.037457983940839767e-03 1.559388916939496994e-02 1.962221786379814148e-02 1.116075646132230759e-02 1.484932377934455872e-02 1.355809532105922699e-02 3.437458351254463196e-02 2.506084740161895752e-02 2.673788741230964661e-02 5.555339623242616653e-03 2.098228782415390015e-02 2.531489823013544083e-03 4.808408673852682114e-03 2.958532422780990601e-02 4.160883836448192596e-03 8.574772073188796639e-05 1.154141849838197231e-03 8.766615763306617737e-03 9.339573793113231659e-03 8.824147284030914307e-03 2.021492645144462585e-02 1.317889150232076645e-02 1.949645392596721649e-02 5.533137009479105473e-04 1.516640186309814453e-02 7.368421647697687149e-03 2.665789611637592316e-02 5.769789218902587891e-03 1.160617917776107788e-02 2.316896617412567139e-02 2.347361668944358826e-02 2.089297398924827576e-02 3.177634626626968384e-02 9.873813018202781677e-03 4.797849338501691818e-03 2.047693543136119843e-02 2.973099937662482262e-03 1.016927883028984070e-02 1.927197538316249847e-02 7.943840697407722473e-03 2.929368056356906891e-03 6.299110129475593567e-03 1.351500628516077995e-03 4.682976752519607544e-03 9.728034958243370056e-03 1.057302579283714294e-02 5.225376691669225693e-03 1.570399850606918335e-03 6.282731890678405762e-03 6.117948796600103378e-03 3.291643410921096802e-02 2.361795864999294281e-02 1.364637352526187897e-02 7.621717173606157303e-03 1.134007889777421951e-02 1.678525283932685852e-02 1.993393711745738983e-02 3.216499462723731995e-02 5.795619916170835495e-03 6.172334775328636169e-03 2.007069997489452362e-02 1.539413630962371826e-02 1.528773549944162369e-02 2.038907632231712341e-02 1.554808299988508224e-02 2.583949454128742218e-02 1.862817257642745972e-02 2.126623876392841339e-02 1.484506111592054367e-02 5.032120738178491592e-03 1.097999140620231628e-02 1.924945600330829620e-02 5.541609600186347961e-02 6.170596554875373840e-02 2.929256530478596687e-03 8.027690455492120236e-06 9.388532489538192749e-03 2.417816594243049622e-02 4.015805944800376892e-02 3.746833279728889465e-02 2.120974846184253693e-02 8.039750158786773682e-03 2.318008244037628174e-02 2.699721790850162506e-02 2.300634048879146576e-02 2.029580995440483093e-02 1.448505930602550507e-02 1.405445951968431473e-02 9.327196516096591949e-03 1.681497134268283844e-02 4.217077046632766724e-03 8.460252429358661175e-04 8.107096888124942780e-03 2.648315858095884323e-03 1.765752583742141724e-02 2.676595561206340790e-02 6.783553399145603180e-03 1.572460122406482697e-02 1.655224896967411041e-02 5.859599448740482330e-03 6.849266588687896729e-03 2.141879126429557800e-02 1.944629661738872528e-02 2.877384983003139496e-02 5.331710446625947952e-03 6.361756008118391037e-03 3.207765694241970778e-04 2.526534534990787506e-02
7.817188277840614319e-03 1.619265181943774223e-03 1.323619112372398376e-02 8.219994306564331055e-01 5.869604647159576416e-02 2.320951595902442932e-02 1.576981134712696075e-02 1.433873455971479416e-02 1.374769490212202072e-02 1.271309982985258102e-02 2.360319159924983978e-02 1.136082690209150314e-03 1.046087220311164856e-02 1.213322044350206852e-03 1.979500986635684967e-02 1.430170889943838120e-02 4.075720906257629395e-03 1.096878107637166977e-02 2.326830755919218063e-03 1.796839386224746704e-02 1.583182066679000854e-02 2.097665332257747650e-03 7.141761016100645065e-03 6.253998726606369019e-03 2.538269944489002228e-02 2.572959475219249725e-02 1.759992167353630066e-02 2.332087047398090363e-02 3.015369549393653870e-02 2.472891472280025482e-02 3.024380467832088470e-02 1.025214511901140213e-02 3.629786521196365356e-02 1.664231717586517334e-02 3.270106762647628784e-02 1.936224871315062046e-03 6.793820299208164215e-03 8.508780971169471741e-03 2.666444145143032074e-02 2.178200706839561462e-02 9.549056994728744030e-05 4.587476432789117098e-04 2.553624100983142853e-02 1.139118149876594543e-02 1.460851635783910751e-02 1.181532721966505051e-02 1.694813370704650879e-02 2.576426230370998383e-02 2.120588533580303192e-02 2.380443038418889046e-03 1.821740530431270599e-02 1.841099001467227936e-02 2.467056550085544586e-02 3.201611712574958801e-02 1.104186661541461945e-02 1.666456460952758789e-03 2.774841897189617157e-02 2.675558626651763916e-02 1.381530985236167908e-02 2.193816751241683960e-02 3.205080330371856689e-02 1.555244158953428268e-02 3.591822087764739990e-02 2.633117511868476868e-02 2.690066397190093994e-02 2.480330877006053925e-02 1.059950608760118484e-02 2.045542933046817780e-02 2.748120948672294617e-02 2.416765084490180016e-03 1.720385812222957611e-02 7.736142142675817013e-04 4.542913660407066345e-02 2.895157667808234692e-04 3.532993793487548828e-02 4.688346758484840393e-03 2.212643995881080627e-02 7.283402956090867519e-04 3.055964224040508270e-02 6.627336144447326660e-03 8.392277173697948456e-03 1.319775939919054508e-03 2.773405797779560089e-02 1.829545013606548309e-03 1.091927662491798401e-02 1.348259206861257553e-02 1.152539253234863281e-02 1.980791427195072174e-02 6.773756351321935654e-03 4.906011279672384262e-03 2.287106215953826904e-02 3.080542385578155518e-02 2.706870995461940765e-02 3.534877672791481018e-03 7.554849609732627869e-03 1.317789312452077866e-03 8.848783560097217560e-03 1.335106324404478073e-02 2.356274612247943878e-02 2.554975822567939758e-02 3.049446735531091690e-03 8.616977371275424957e-03 5.195629782974720001e-03 4.050948657095432281e-03 7.132563740015029907e-03 1.833801902830600739e-02 1.142693962901830673e-02 4.845450166612863541e-03 1.186993252485990524e-02 2.348528988659381866e-02 9.147790260612964630e-03 6.730888970196247101e-03 1.374633889645338058e-02 2.952681481838226318e-02 2.015995047986507416e-02 1.819651573896408081e-02
4.516377113759517670e-03 1.172171160578727722e-02 1.443567103706300259e-03 5.869604647159576416e-02 8.219994306564331055e-01 5.122468806803226471e-03 1.569716446101665497e-02 1.166462711989879608e-02 1.565343886613845825e-02 7.342264521867036819e-03 1.861626864410936832e-03 3.223071340471506119e-03 1.044537872076034546e-02 2.055576816201210022e-02 4.007133096456527710e-02 5.717652384191751480e-03 5.179109983146190643e-03 2.133757434785366058e-02 1.921348087489604950e-02 3.075798600912094116e-02 8.633874356746673584e-03 2.209561131894588470e-02 1.568644493818283081e-02 2.056547626852989197e-02 2.184063568711280823e-02 1.610119640827178955e-02 7.785205263644456863e-03 1.481695659458637238e-02 1.759925298392772675e-02 1.985335908830165863e-02 1.410990953445434570e-02 2.071068808436393738e-02 8.619895204901695251e-03 2.451765164732933044e-02 1.281221490353345871e-02 2.389583503827452660e-03 1.206280663609504700e-02 1.662561437115073204e-03 7.522476837038993835e-03 3.064292483031749725e-02 2.951610134914517403e-03 1.093237753957509995e-02 1.658051460981369019e-02 4.344351589679718018e-03 4.018624313175678253e-03 3.160591050982475281e-02 1.773710479028522968e-03 1.852278597652912140e-02 5.470995325595140457e-03 3.243121504783630371e-02 1.090417709201574326e-02 3.845300758257508278e-03 7.266661617904901505e-03 9.861979633569717407e-03 2.062769635813310742e-04 3.287461027503013611e-02 1.585370302200317383e-02 3.079168684780597687e-02 7.175165694206953049e-03 2.746731508523225784e-03 1.417801436036825180e-02 2.371064387261867523e-02 1.209916546940803528e-02 7.096351124346256256e-03 1.261143572628498077e-02 9.145021438598632812e-03 1.353107485920190811e-02 1.498412247747182846e-02 5.909570027142763138e-03 1.680109836161136627e-02 1.811520755290985107e-02 5.651301471516489983e-04 2.597166225314140320e-02 1.157966349273920059e-02 3.956537693738937378e-02 1.851357752457261086e-03 4.962528124451637268e-03 1.010893005877733231e-02 1.687435619533061981e-02 1.377565041184425354e-02 6.254175677895545959e-03 2.560520358383655548e-02 4.496623203158378601e-02 4.845845699310302734e-02 6.485727149993181229e-03 3.120962902903556824e-02 7.313505746424198151e-03 7.287553977221250534e-03 2.105960063636302948e-02 1.050316914916038513e-02 1.227958779782056808e-02 8.723149076104164124e-03 1.890425197780132294e-02 9.581309743225574493e-03 8.066632784903049469e-03 1.587441540323197842e-03 4.409556742757558823e-03 8.978978730738162994e-03 4.690824542194604874e-03 1.238287147134542465e-02 6.565948016941547394e-03 1.237786561250686646e-02 1.148208603262901306e-02 5.229210015386343002e-03 1.397698745131492615e-02 3.260324476286768913e-03 7.874917238950729370e-03 9.476286359131336212e-03 9.599964134395122528e-03 2.051359601318836212e-02 1.455704588443040848e-02 1.852927729487419128e-02 8.257125504314899445e-03 1.571650244295597076e-02 3.300816053524613380e-03 2.201490104198455811e-02
5.861444026231765747e-02 5.057387053966522217e-02 2.695678849704563618e-04 2.320951595902442932e-02 5.122468806803226471e-03 8.219994306564331055e-01 8.757903426885604858e-02 6.110315211117267609e-03 4.360758233815431595e-03 1.489201840013265610e-02 4.890727251768112183e-02 1.620835810899734497e-02 4.067600518465042114e-02 2.366296248510479927e-04 1.910636760294437408e-02 1.334404293447732925e-02 8.182676509022712708e-03 2.502735296729952097e-04 6.176197435706853867e-03 3.886738326400518417e-03 7.192986551672220230e-03 6.241971626877784729e-03 3.369545564055442810e-03 4.376675933599472046e-03 2.621164731681346893e-02 1.472962461411952972e-02 1.494176872074604034e-02 6.561919581145048141e-03 1.745141297578811646e-02 1.092707924544811249e-02 2.546844817698001862e-02 4.526892211288213730e-03 1.601650193333625793e-02 3.328303107991814613e-03 1.194673683494329453e-02 3.083385340869426727e-02 1.660656742751598358e-02 1.172739663161337376e-03 4.188088234513998032e-03 5.251293536275625229e-03 2.118241786956787109e-02 1.692607998847961426e-02 2.676620706915855408e-02 1.919659972190856934e-02 3.225300088524818420e-02 9.584273211658000946e-03 6.799831241369247437e-02 7.575293630361557007e-02 4.428865853697061539e-03 1.487569883465766907e-02 2.116024680435657501e-02 1.440598163753747940e-02 2.237731032073497772e-02 1.913098804652690887e-02 4.720085125882178545e-04 1.191403251141309738e-02 2.792751044034957886e-02 2.959114871919155121e-02 1.802360825240612030e-02 1.568497344851493835e-02 2.122131118085235357e-04 8.633252233266830444e-03 2.875265479087829590e-02 1.443592831492424011e-02 2.150790952146053314e-02 3.882922232151031494e-02 6.790322717279195786e-03 5.863757338374853134e-03 8.172228001058101654e-03 1.532113738358020782e-02 1.334362756460905075e-02 2.890601987019181252e-03 8.622347377240657806e-03 1.800434105098247528e-02 6.847320590168237686e-03 3.570368047803640366e-03 8.076824247837066650e-03 1.025673002004623413e-02 5.179086700081825256e-03 6.618062499910593033e-03 6.324885878711938858e-03 2.943231258541345596e-03 8.453680202364921570e-03 3.018021350726485252e-03 1.332403905689716339e-02 1.610836386680603027e-02 1.342170126736164093e-02 1.917857676744461060e-02 2.626761328428983688e-03 6.967931520193815231e-03 2.751389890909194946e-02 9.555131196975708008e-03 4.340989515185356140e-02 1.333311013877391815e-02 2.129477821290493011e-02 2.597134932875633240e-02 7.551672868430614471e-03 1.403156947344541550e-02 6.153087597340345383e-03 1.348706521093845367e-02 1.459347642958164215e-02 1.006649807095527649e-02 9.750863537192344666e-04 1.293296087533235550e-02 1.670063100755214691e-02 1.760635338723659515e-02 1.283854525536298752e-02 2.460378687828779221e-03 1.127893803641200066e-03 2.604965306818485260e-02 2.434051223099231720e-02 3.240474266931414604e-03 3.260474279522895813e-02 1.846382208168506622e-02 2.355224685743451118e-03 9.794501587748527527e-03
2.554841712117195129e-02 2.323748543858528137e-02 7.101627066731452942e-03 1.576981134712696075e-02 1.569716446101665497e-02 8.757903426885604858e-02 8.219994306564331055e-01 9.071375243365764618e-03 1.058430224657058716e-02 4.749248619191348553e-04 1.636065542697906494e-02 1.806671731173992157e-02 1.694503799080848694e-02 1.383990794420242310e-02 3.479948639869689941e-02 1.434690598398447037e-02 6.550492253154516220e-03 1.961684552952647209e-03 5.013715010136365891e-03 1.887106709182262421e-02 1.084595336578786373e-03 5.046767764724791050e-04 1.663336530327796936e-02 1.691924221813678741e-02 4.493888095021247864e-02 2.581837028264999390e-02 5.782489664852619171e-03 5.735089653171598911e-04 1.810379442758858204e-03 6.745785009115934372e-03 1.484790351241827011e-02 1.011445932090282440e-02 1.471215300261974335e-02 1.432869676500558853e-02 2.196669764816761017e-02 2.949476614594459534e-02 7.743720896542072296e-03 6.072336807847023010e-03 3.173625096678733826e-03 5.622203461825847626e-03 1.861043088138103485e-02 3.354098415002226830e-03 2.911072224378585815e-02 1.779653690755367279e-02 1.547465845942497253e-02 3.870256943628191948e-03 4.769170284271240234e-02 7.840636372566223145e-02 3.695078659802675247e-03 2.278214553371071815e-03 1.158506423234939575e-02 1.782564446330070496e-02 1.693196408450603485e-02 1.104127522557973862e-02 3.948347177356481552e-03 7.059684721753001213e-04 3.378203883767127991e-02 4.406176134943962097e-02 4.005131777375936508e-03 3.087310586124658585e-03 1.488751173019409180e-02 6.735257804393768311e-03 2.747127227485179901e-02 1.708695851266384125e-02 4.360642749816179276e-03 2.446294762194156647e-02 2.213793434202671051e-02 2.898357622325420380e-02 1.613747701048851013e-02 4.798360168933868408e-03 1.439236477017402649e-02 6.773485336452722549e-03 1.334900589426979423e-04 8.131423033773899078e-03 1.046874839812517166e-02 8.305940777063369751e-03 5.709532182663679123e-03 8.816904388368129730e-03 8.344666101038455963e-03 1.689423224888741970e-03 2.743347082287073135e-03 1.176804676651954651e-02 1.764351874589920044e-02 1.729408651590347290e-02 2.921783551573753357e-02 4.001371935009956360e-02 9.273387840948998928e-04 9.054257534444332123e-03 4.490179009735584259e-03 1.041006948798894882e-02 2.252751961350440979e-03 1.748787937685847282e-03 2.888030372560024261e-02 1.157417986541986465e-02 1.671679504215717316e-02 1.924407482147216797e-02 1.503392308950424194e-02 1.568594761192798615e-02 9.104021824896335602e-03 2.379570156335830688e-02 1.221660152077674866e-02 4.601960070431232452e-03 8.127769455313682556e-03 1.593590527772903442e-02 8.236935362219810486e-03 9.515308775007724762e-03 1.243453286588191986e-02 1.787718269042670727e-03 1.499580801464617252e-03 1.691518537700176239e-02 2.000586874783039093e-02 5.849915905855596066e-04 4.195519164204597473e-02 1.350944302976131439e-02 5.764311645179986954e-04 5.516859237104654312e-03
3.982176131103187799e-04 5.503270775079727173e-03 4.602760076522827148e-02 1.433873455971479416e-02 1.166462711989879608e-02 6.110315211117267609e-03 9.071375243365764618e-03 8.219994306564331055e-01 1.630382426083087921e-02 6.172018474899232388e-04 5.597935058176517487e-03 1.064585638232529163e-03 1.152248773723840714e-02 2.651908900588750839e-03 4.825837165117263794e-02 4.157185927033424377e-02 3.286790475249290466e-02 8.240527473390102386e-03 3.578257514163851738e-03 3.930606879293918610e-03 8.450407534837722778e-03 2.005018480122089386e-02 2.351311594247817993e-02 2.221465297043323517e-02 2.863502129912376404e-03 1.293155178427696228e-02 3.620660863816738129e-03 1.517482195049524307e-02 1.631379500031471252e-02 3.052523173391819000e-02 1.156178954988718033e-02 1.797316712327301502e-03 2.793144248425960541e-02 1.075113471597433090e-02 6.334126926958560944e-03 1.711021549999713898e-02 1.140793971717357635e-02 8.924726396799087524e-03 3.090702369809150696e-02 2.891154401004314423e-02 1.830491609871387482e-02 1.605396345257759094e-02 1.986820437014102936e-02 1.136912871152162552e-02 6.474220193922519684e-03 1.398601569235324860e-02 4.943751264363527298e-03 6.202787626534700394e-03 1.054588705301284790e-02 3.798906225711107254e-03 1.871374994516372681e-02 2.622338756918907166e-02 3.105444088578224182e-02 2.577653154730796814e-02 1.972347032278776169e-03 3.378872293978929520e-03 1.347174402326345444e-02 1.290148496627807617e-02 2.357965335249900818e-02 2.790414541959762573e-02 1.018141768872737885e-02 1.030179113149642944e-02 2.376487106084823608e-02 1.371960714459419250e-02 1.555236056447029114e-02 1.628588326275348663e-02 1.010896451771259308e-02 1.819010241888463497e-03 3.668780997395515442e-02 3.665880998596549034e-03 3.017355501651763916e-02 1.414543576538562775e-02 2.392870001494884491e-02 7.167865987867116928e-03 3.026043437421321869e-02 1.307112630456686020e-02 2.648261748254299164e-02 2.299541421234607697e-02 2.761244308203458786e-03 4.744453355669975281e-03 5.891392007470130920e-02 3.630031272768974304e-02 8.101124316453933716e-03 2.742254408076405525e-03 6.030987016856670380e-03 8.758387528359889984e-03 4.923277720808982849e-02 4.141752049326896667e-02 5.885418038815259933e-03 5.081996321678161621e-03 1.678881607949733734e-02 8.829569444060325623e-03 1.046802476048469543e-02 1.551223918795585632e-02 1.724829897284507751e-02 1.766524277627468109e-02 4.572326317429542542e-03 5.663377698510885239e-03 2.428325451910495758e-02 2.440256066620349884e-02 6.957117468118667603e-03 8.025012910366058350e-03 9.462251910008490086e-04 8.967866189777851105e-03 1.370089873671531677e-02 2.609333954751491547e-02 2.355932630598545074e-02 1.030896604061126709e-02 3.188813850283622742e-02 7.539275102317333221e-03 2.592005999758839607e-03 2.119335718452930450e-02 3.260202473029494286e-03 6.752910092473030090e-03 9.566294960677623749e-03 1.091331522911787033e-02
1.276254653930664062e-02 1.168642565608024597e-02 4.037457983940839767e-03 1.374769490212202072e-02 1.565343886613845825e-02 4.360758233815431595e-03 1.058430224657058716e-02 1.630382426083087921e-02 8.219994306564331055e-01 2.678404934704303741e-02 7.312158704735338688e-04 3.851853683590888977e-02 3.534348681569099426e-03 6.091969553381204605e-04 1.720272935926914215e-02 2.984729036688804626e-02 2.844041027128696442e-02 3.865318000316619873e-02 1.345040556043386459e-02 8.543914183974266052e-03 1.129693002440035343e-03 9.666995145380496979e-03 4.262062534689903259e-02 2.850180864334106445e-02 7.945417426526546478e-03 1.554408227093517780e-03 2.774841524660587311e-02 8.156606927514076233e-03 1.957503519952297211e-02 4.207671736367046833e-04 3.125838236883282661e-03 1.354824658483266830e-02 6.671399809420108795e-03 1.933090738020837307e-03 8.918540552258491516e-03 2.694073878228664398e-02 1.162304915487766266e-02 3.650977276265621185e-03 3.050756058655679226e-04 9.151665144599974155e-04 9.783918969333171844e-03 4.394660890102386475e-02 3.550845663994550705e-03 2.334139868617057800e-02 1.304073538631200790e-02 1.193793304264545441e-02 6.378045305609703064e-03 9.276843629777431488e-03 4.036981984972953796e-02 2.186799189075827599e-03 1.429070439189672470e-02 1.176687423139810562e-02 2.828814904205501080e-04 6.882736925035715103e-03 5.053638294339179993e-02 2.334364398848265409e-04 1.922839879989624023e-02 1.004555448889732361e-02 8.627765811979770660e-03 3.092294558882713318e-03 2.522943727672100067e-02 1.318245474249124527e-02 9.296871721744537354e-03 3.907002042979001999e-03 7.925949757918715477e-04 3.340708091855049133e-03 3.421905916184186935e-03 1.840171590447425842e-02 4.654841125011444092e-02 1.967251487076282501e-02 3.560367226600646973e-02 2.525689266622066498e-02 5.459509338834322989e-06 1.611959934234619141e-02 3.824527084361761808e-04 2.599661611020565033e-02 6.297300010919570923e-02 3.702225163578987122e-02 5.436967685818672180e-02 1.567545719444751740e-02 2.396091818809509277e-02 4.185061901807785034e-03 3.570479899644851685e-02 7.493229582905769348e-03 3.207749873399734497e-02 1.924195792526006699e-03 1.966452412307262421e-02 1.594670303165912628e-02 5.696860328316688538e-02 2.292855456471443176e-02 8.828438818454742432e-03 5.400785245001316071e-03 1.255876943469047546e-02 3.716344386339187622e-02 2.679734118282794952e-02 2.321520820260047913e-02 2.223209850490093231e-02 2.153961174190044403e-02 3.044917434453964233e-02 1.715916395187377930e-02 2.349541895091533661e-02 1.150889787822961807e-02 2.339544147253036499e-02 1.135469600558280945e-02 7.394914864562451839e-04 1.877992227673530579e-02 3.083557449281215668e-02 2.833894267678260803e-02 2.381483837962150574e-02 2.378098870394751430e-04 9.750620462000370026e-03 1.578176394104957581e-02 1.476406678557395935e-02 6.529704201966524124e-03 2.331655239686369896e-03 7.603352889418601990e-03
1.307281944900751114e-02 8.895143866539001465e-03 1.559388916939496994e-02 1.271309982985258102e-02 7.342264521867036819e-03 1.489201840013265610e-02 4.749248619191348553e-04 6.172018474899232388e-04 2.678404934704303741e-02 8.219994306564331055e-01 2.533994615077972412e-02 4.565555136650800705e-04 2.801761589944362640e-02 3.068579547107219696e-02 8.523751050233840942e-03 3.926984500139951706e-03 1.151955220848321915e-02 1.553498767316341400e-02 5.571945384144783020e-02 1.769592054188251495e-02 3.488944377750158310e-03 9.061169810593128204e-03 1.948627829551696777e-02 3.144932910799980164e-02 2.138580428436398506e-03 8.613159880042076111e-04 2.390544116497039795e-02 1.194612774997949600e-02 1.518409792333841324e-02 1.198208704590797424e-02 1.050424855202436447e-02 3.140282630920410156e-02 2.623126783873885870e-04 2.485696971416473389e-02 1.490077003836631775e-02 2.283342555165290833e-02 2.529622241854667664e-02 3.014379879459738731e-03 3.057111753150820732e-04 2.519093919545412064e-03 1.191047299653291702e-02 2.273757010698318481e-03 8.718525059521198273e-03 2.246789447963237762e-02 1.316774263978004456e-02 1.096475124359130859e-02 1.773088797926902771e-02 1.914395950734615326e-02 2.694180235266685486e-02 5.469155684113502502e-02 1.027066074311733246e-02 1.618684083223342896e-02 1.964149810373783112e-02 1.815253868699073792e-02 2.131154201924800873e-02 5.432975292205810547e-02 7.427606731653213501e-03 1.963594555854797363e-02 1.635319180786609650e-02 1.013233698904514313e-02 5.325570236891508102e-03 3.987962380051612854e-02 1.792343519628047943e-02 2.432985417544841766e-02 2.618435211479663849e-02 1.826156675815582275e-02 2.163372933864593506e-02 4.406462889164686203e-03 1.010918524116277695e-02 1.758420094847679138e-02 4.245966300368309021e-02 1.723463088274002075e-02 3.085339069366455078e-02 1.491565816104412079e-02 1.497737877070903778e-02 1.255358476191759109e-02 4.763588774949312210e-03 6.621129065752029419e-02 2.471200749278068542e-02 5.764452368021011353e-02 1.263391133397817612e-02 2.297124639153480530e-02 1.326641626656055450e-02 4.485563188791275024e-02 3.086458146572113037e-02 3.930897265672683716e-02 1.445445325225591660e-02 9.576495736837387085e-03 8.422913029789924622e-03 4.684806615114212036e-02 1.927560381591320038e-02 2.218382060527801514e-02 2.031823433935642242e-02 6.528002209961414337e-03 2.553521841764450073e-02 3.174578025937080383e-02 4.627537913620471954e-03 1.369406189769506454e-02 1.502648694440722466e-03 1.272708177566528320e-02 2.595790475606918335e-02 2.955307997763156891e-02 2.578736282885074615e-03 1.882680505514144897e-02 5.012752488255500793e-03 1.019419729709625244e-02 2.289065904915332794e-02 7.580436649732291698e-04 1.978738233447074890e-02 3.294807625934481621e-03 1.337535306811332703e-02 3.133125137537717819e-03 2.185281133279204369e-03 1.107424404472112656e-02 1.191894756630063057e-03 1.255676383152604103e-03
6.893996149301528931e-02 5.990355089306831360e-02 1.962221786379814148e-02 2.360319159924983978e-02 1.861626864410936832e-03 4.890727251768112183e-02 1.636065542697906494e-02 5.597935058176517487e-03 7.312158704735338688e-04 2.533994615077972412e-02 8.219994306564331055e-01 1.579119358211755753e-03 6.710771471261978149e-02 2.598776482045650482e-02 9.770914912223815918e-03 4.672041104640811682e-04 3.789077047258615494e-03 3.954173531383275986e-03 7.334240246564149857e-03 1.035764114931225777e-03 1.361559703946113586e-02 1.557319518178701401e-02 1.051266118884086609e-02 1.859175227582454681e-02 3.834985662251710892e-03 7.999595254659652710e-04 8.613641373813152313e-03 3.871733788400888443e-03 3.745026141405105591e-02 6.532893981784582138e-03 4.257986322045326233e-02 1.549571845680475235e-02 2.788436226546764374e-02 1.289849169552326202e-02 1.393972057849168777e-02 1.017974968999624252e-02 1.123983063735067844e-03 6.409176276065409184e-04 4.953289870172739029e-03 1.055305916815996170e-02 6.710794754326343536e-03 1.877691969275474548e-02 9.183212183415889740e-03 1.060196943581104279e-02 3.890434652566909790e-02 1.315662171691656113e-02 5.610261484980583191e-02 3.471524268388748169e-02 7.811772637069225311e-03 1.861147955060005188e-02 2.059576287865638733e-02 5.868544336408376694e-03 3.777698427438735962e-02 3.170702233910560608e-02 3.190750721842050552e-03 1.408313401043415070e-02 1.404545176774263382e-02 2.651500981301069260e-03 3.065261431038379669e-02 3.280252590775489807e-02 1.989674940705299377e-02 7.658949587494134903e-03 3.082562237977981567e-02 1.219128165394067764e-02 5.181123688817024231e-02 5.215133726596832275e-02 1.431761588901281357e-02 1.782735809683799744e-02 4.658844321966171265e-03 2.328917384147644043e-03 3.524055646266788244e-04 1.415825448930263519e-02 1.720250770449638367e-02 1.132885552942752838e-02 5.856784409843385220e-04 8.868185803294181824e-03 1.521990541368722916e-02 1.182836480438709259e-02 4.516411572694778442e-03 5.028102546930313110e-03 1.915730722248554230e-02 1.217944640666246414e-02 5.428293719887733459e-03 8.970510214567184448e-03 1.488581486046314240e-02 2.455443702638149261e-02 2.807041257619857788e-02 2.136186324059963226e-02 1.200803648680448532e-02 5.653262604027986526e-03 4.601269587874412537e-02 2.873701974749565125e-02 4.375026375055313110e-02 1.522099226713180542e-02 1.544864661991596222e-02 2.101417072117328644e-02 4.922360181808471680e-03 2.272764965891838074e-02 4.492251900956034660e-04 6.919310428202152252e-03 1.404680963605642319e-02 1.090678386390209198e-02 3.012345172464847565e-03 2.048663608729839325e-02 1.329950243234634399e-02 1.287499535828828812e-02 4.887966904789209366e-03 1.172939687967300415e-02 2.939994214102625847e-03 3.400294110178947449e-02 2.268648892641067505e-02 1.916494453325867653e-03 4.354037810117006302e-04 1.044296380132436752e-02 1.853366382420063019e-02 4.108766093850135803e-03
4.897391423583030701e-03 3.192917443811893463e-03 1.116075646132230759e-02 1.136082690209150314e-03 3.223071340471506119e-03 1.620835810899734497e-02 1.806671731173992157e-02 1.064585638232529163e-03 3.851853683590888977e-02 4.565555136650800705e-04 1.579119358211755753e-03 8.219994306564331055e-01 7.021676283329725266e-04 6.667391210794448853e-02 4.127343185245990753e-03 1.011426839977502823e-02 9.747084230184555054e-03 3.975484985858201981e-03 1.469867583364248276e-02 1.064348034560680389e-02 1.593978703022003174e-02 7.742381654679775238e-03 4.508790746331214905e-02 2.233197726309299469e-02 1.383169181644916534e-02 1.801520586013793945e-02 4.507788456976413727e-03 6.084320694208145142e-02 1.901798695325851440e-02 4.185321554541587830e-02 1.372112799435853958e-02 9.968926198780536652e-03 1.823838334530591965e-03 3.937008325010538101e-03 1.008429564535617828e-02 1.957193575799465179e-02 1.438819454051554203e-03 8.241350762546062469e-03 7.488082163035869598e-03 2.622155239805579185e-03 1.787738315761089325e-02 3.598412498831748962e-02 8.355590514838695526e-03 3.322347532957792282e-03 2.243865467607975006e-02 8.068139664828777313e-03 6.691493326798081398e-04 2.816349966451525688e-03 1.506299898028373718e-02 2.784952335059642792e-02 3.241430595517158508e-02 1.752546243369579315e-02 1.647632755339145660e-02 8.010735735297203064e-03 3.127625957131385803e-02 2.263950556516647339e-02 3.150521963834762573e-02 1.459007337689399719e-02 1.756130717694759369e-02 1.366441324353218079e-02 5.175083875656127930e-03 1.523343753069639206e-02 2.367837168276309967e-02 9.155474603176116943e-03 1.407749671489000320e-02 9.711505845189094543e-03 1.583959534764289856e-02 1.285970583558082581e-02 8.879566565155982971e-03 2.198014035820960999e-02 7.850153371691703796e-03 1.425437070429325104e-02 2.396657504141330719e-02 1.665158383548259735e-02 1.027429848909378052e-02 1.455201953649520874e-02 3.363411501049995422e-02 7.526365574449300766e-03 2.281613275408744812e-02 1.501979306340217590e-02 6.741280201822519302e-03 5.599246826022863388e-03 1.984312571585178375e-02 1.538892555981874466e-02 1.716565154492855072e-02 1.684096455574035645e-02 1.178458239883184433e-02 1.659099571406841278e-02 5.673645436763763428e-02 5.581720732152462006e-03 5.134315695613622665e-03 3.773298580199480057e-03 1.464231312274932861e-02 1.576470211148262024e-02 1.956901105586439371e-04 5.112801678478717804e-03 8.577627158956602216e-05 7.124133873730897903e-03 1.153313275426626205e-02 8.503931574523448944e-03 1.824268884956836700e-02 6.328194867819547653e-03 6.444837432354688644e-03 2.176915062591433525e-03 9.449498727917671204e-03 1.475261058658361435e-02 1.656082645058631897e-02 2.761397138237953186e-02 1.475389674305915833e-02 1.303872093558311462e-02 7.097621913999319077e-03 2.021206310018897057e-03 3.033470548689365387e-02 2.391643635928630829e-02 4.956918302923440933e-03 2.495358698070049286e-02
6.307507306337356567e-02 6.975901126861572266e-02 1.484932377934455872e-02 1.046087220311164856e-02 1.044537872076034546e-02 4.067600518465042114e-02 1.694503799080848694e-02 1.152248773723840714e-02 3.534348681569099426e-03 2.801761589944362640e-02 6.710771471261978149e-02 7.021676283329725266e-04 8.219994306564331055e-01 3.122509270906448364e-02 3.513154387474060059e-02 3.848598105832934380e-03 5.943272728472948074e-03 4.318096674978733063e-03 1.323335990309715271e-02 1.471330970525741577e-02 1.900425925850868225e-02 2.144091017544269562e-02 1.232703868299722672e-02 2.319583669304847717e-02 5.070662125945091248e-03 1.065506786108016968e-02 1.115215290337800980e-02 6.933925207704305649e-03 1.953204534947872162e-02 4.427804145961999893e-03 3.142356872558593750e-02 1.687887497246265411e-02 2.316996268928050995e-02 1.165125798434019089e-02 2.026201784610748291e-02 9.156538173556327820e-03 7.198156323283910751e-03 2.162789693102240562e-03 4.670043941587209702e-03 1.305873412638902664e-02 9.078610688447952271e-03 2.712948806583881378e-02 4.611894546542316675e-04 8.103578002192080021e-04 3.445668518543243408e-02 3.936522640287876129e-03 4.377519711852073669e-02 2.724476158618927002e-02 5.344871897250413895e-04 2.127359807491302490e-02 1.390885934233665466e-02 6.412492133677005768e-03 3.414644673466682434e-02 2.292326465249061584e-02 1.121271494776010513e-02 1.301261689513921738e-02 1.073511131107807159e-02 8.148507215082645416e-03 3.410023823380470276e-02 2.730070240795612335e-02 1.555745862424373627e-02 2.123094745911657810e-04 2.968924120068550110e-02 6.951889488846063614e-03 3.731632977724075317e-02 5.028075352311134338e-02 1.447271462529897690e-02 1.944887638092041016e-02 1.250052358955144882e-03 5.070138256996870041e-03 6.651896983385086060e-03 3.078815527260303497e-02 1.498292759060859680e-02 1.478658337146043777e-02 2.386808628216385841e-03 1.590921916067600250e-02 1.612000726163387299e-02 1.958596147596836090e-02 1.222493778914213181e-02 7.300245109945535660e-03 2.261946909129619598e-02 2.862204611301422119e-02 3.374740117578767240e-05 1.105798128992319107e-02 1.099907886236906052e-02 3.026323206722736359e-02 3.582751378417015076e-02 3.621799126267433167e-02 1.107550971210002899e-02 3.636468900367617607e-03 2.744167484343051910e-02 2.955931611359119415e-02 3.065648861229419708e-02 3.963023796677589417e-02 1.638556458055973053e-02 2.011899836361408234e-02 3.655215026810765266e-03 2.359969541430473328e-02 3.346000565215945244e-03 1.040183007717132568e-02 1.368745043873786926e-02 1.951627992093563080e-02 1.800543745048344135e-03 2.329830639064311981e-02 1.025247294455766678e-02 1.327119860798120499e-02 3.297123825177550316e-03 2.403535693883895874e-02 2.283208072185516357e-03 1.638391427695751190e-02 3.027871809899806976e-02 4.015492275357246399e-03 1.447782269679009914e-03 3.193765878677368164e-03 1.837127469480037689e-02 1.096705347299575806e-02
