8.270803093910217285e-01 9.213930368423461914e-02 6.805864162743091583e-03 1.378903072327375412e-02 1.541594415903091431e-02 6.400609761476516724e-02 5.958839133381843567e-02 6.810822524130344391e-03 4.371611401438713074e-03 1.726080477237701416e-02 8.012237399816513062e-02 1.633909530937671661e-02 6.609365344047546387e-02 3.811646485701203346e-03 1.965984888374805450e-02 1.707372628152370453e-02 1.352527923882007599e-02 1.010382547974586487e-02 1.803870685398578644e-02 6.799190305173397064e-05 3.466289257630705833e-03 2.763036079704761505e-02 1.236802432686090469e-02 2.420211909338831902e-03 8.491802727803587914e-04 1.734016113914549351e-03 2.460077777504920959e-02 2.569879591464996338e-02 2.363561652600765228e-03 2.351700700819492340e-02 1.532649062573909760e-02 1.036644820123910904e-02 1.418624259531497955e-02 5.314538255333900452e-03 4.448055755347013474e-03 2.772129513323307037e-02 4.334289208054542542e-02 1.772522809915244579e-03 4.888782743364572525e-03 2.222465910017490387e-02 1.097819674760103226e-02 1.349299272987991571e-04 1.749012968502938747e-03 1.800027303397655487e-02 1.133491867221891880e-03 2.911615651100873947e-03 4.040982201695442200e-02 2.958403341472148895e-02 8.396989665925502777e-03 1.149536017328500748e-02 4.659739788621664047e-03 1.179549656808376312e-02 1.019625365734100342e-02 4.296199884265661240e-03 8.129593916237354279e-03 6.789300241507589817e-04 1.657688803970813751e-02 9.299301891587674618e-04 2.577585866674780846e-03 1.180281583219766617e-02 3.405420109629631042e-03 5.951685016043484211e-04 3.964209929108619690e-03 9.725350886583328247e-03 3.818166255950927734e-02 1.993004232645034790e-02 9.281574748456478119e-03 3.262129845097661018e-03 2.003050409257411957e-03 3.050669468939304352e-02 1.962089911103248596e-02 9.796989150345325470e-03 3.879471216350793839e-03 1.678369939327239990e-02 7.291662506759166718e-03 3.288593376055359840e-03 7.340483833104372025e-03 1.855167443864047527e-03 7.716631516814231873e-03 2.197540551424026489e-02 1.485349703580141068e-02 1.645839959383010864e-02 1.924352720379829407e-03 9.437180124223232269e-03 8.818163536489009857e-03 5.839139688760042191e-03 2.617328800261020660e-02 2.520344592630863190e-02 7.852516137063503265e-03 1.926067844033241272e-02 1.002702210098505020e-02 4.567243158817291260e-02 5.749241914600133896e-03 2.536051161587238312e-02 8.531412109732627869e-03 2.139406092464923859e-02 1.509928423911333084e-02 1.281213667243719101e-02 1.169845927506685257e-02 6.401881575584411621e-03 1.303332205861806870e-02 1.997178606688976288e-02 2.885959297418594360e-02 9.321424178779125214e-03 3.462151857092976570e-03 1.246671541593968868e-03 1.860484294593334198e-02 9.152446291409432888e-04 1.696770265698432922e-02 1.624194532632827759e-02 1.881046593189239502e-02 1.629044488072395325e-02 1.142693101428449154e-03 8.225006982684135437e-03 1.358326058834791183e-02 2.270634286105632782e-02
9.213930368423461914e-02 8.270803093910217285e-01 3.875734750181436539e-03 1.689097471535205841e-02 4.735815455205738544e-04 6.105706468224525452e-02 6.618671119213104248e-02 1.333409105427563190e-03 3.998366184532642365e-03 9.971037507057189941e-03 6.627458333969116211e-02 2.314611710608005524e-02 7.647497206926345825e-02 1.430609961971640587e-03 1.394428592175245285e-02 4.688167478889226913e-03 2.668809844180941582e-03 5.420422530733048916e-04 2.999807475134730339e-03 1.103313919156789780e-02 7.400481496006250381e-03 3.139533102512359619e-02 2.533455146476626396e-03 3.063531359657645226e-03 6.661340594291687012e-03 7.345579098910093307e-03 2.221495099365711212e-02 1.819887012243270874e-02 1.107008475810289383e-02 1.527974195778369904e-02 2.830432355403900146e-02 4.357637371867895126e-03 7.522789528593420982e-04 1.692837453447282314e-03 1.052638329565525055e-02 4.075801372528076172e-02 4.737643525004386902e-02 8.377290330827236176e-03 4.976391326636075974e-03 1.654936932027339935e-02 1.374278217554092407e-02 7.657212205231189728e-03 3.218052443116903305e-03 1.680549792945384979e-02 8.095895871520042419e-03 1.298047322779893875e-02 4.608918726444244385e-02 4.298026487231254578e-02 4.173567984253168106e-03 1.924232393503189087e-02 9.010183624923229218e-03 2.020201832056045532e-02 4.504397977143526077e-03 6.869354285299777985e-03 2.901929430663585663e-03 7.332689594477415085e-03 1.791886053979396820e-02 5.204092594794929028e-04 9.352693334221839905e-03 5.660021211951971054e-03 2.027032198384404182e-03 1.478864112868905067e-03 1.529339607805013657e-02 1.911443471908569336e-02 3.035315498709678650e-02 1.996732130646705627e-02 6.407945416867733002e-03 6.383266765624284744e-03 9.516148827970027924e-03 2.925752289593219757e-02 1.791986869648098946e-03 7.617992348968982697e-03 1.924144220538437366e-03 1.872161775827407837e-02 1.392479892820119858e-02 1.261140801943838596e-03 2.963312435895204544e-03 1.067510060966014862e-02 6.730955792590975761e-04 1.832886412739753723e-02 2.700077928602695465e-02 1.931287720799446106e-02 4.773893393576145172e-03 3.073505067732185125e-04 3.245151601731777191e-03 4.166886676102876663e-03 2.907313406467437744e-02 2.779030799865722656e-02 1.343567855656147003e-03 2.733540488407015800e-03 1.400419976562261581e-02 4.393601045012474060e-02 2.278675697743892670e-02 2.581517770886421204e-02 7.630853913724422455e-03 1.551595516502857208e-02 1.843446493148803711e-02 6.047572474926710129e-03 4.204940050840377808e-03 1.163060683757066727e-02 9.287822060286998749e-03 1.689362712204456329e-02 1.919306628406047821e-02 1.210455223917961121e-02 2.248992212116718292e-03 7.823024876415729523e-03 1.308407727628946304e-02 4.010707605630159378e-03 1.217326847836375237e-03 2.652973053045570850e-04 1.624938845634460449e-02 1.857822947204113007e-02 1.739312137942761183e-04 1.246621180325746536e-02 8.108306210488080978e-04 1.632264629006385803e-02
6.805864162743091583e-03 3.875734750181436539e-03 8.270803093910217285e-01 1.200286112725734711e-02 9.873613715171813965e-03 1.113048475235700607e-02 2.172398753464221954e-02 8.827216923236846924e-02 3.657368198037147522e-02 1.886277273297309875e-02 9.547289460897445679e-03 2.623074501752853394e-02 4.714520036941394210e-05 6.949213799089193344e-03 2.776890434324741364e-02 1.676423475146293640e-02 1.375239691697061062e-03 7.839626632630825043e-03 2.150439284741878510e-02 1.432628091424703598e-02 4.753562621772289276e-03 7.516751997172832489e-03 9.497010149061679840e-03 8.500938303768634796e-03 1.532251574099063873e-02 6.096169352531433105e-03 8.883285336196422577e-03 1.090028975158929825e-02 2.482517808675765991e-02 3.935971762984991074e-03 3.871801542118191719e-03 1.081097777932882309e-02 1.763898320496082306e-02 2.206466160714626312e-02 3.919109702110290527e-03 5.779915023595094681e-03 1.313185133039951324e-02 1.764355809427797794e-03 1.100389636121690273e-03 1.453635282814502716e-02 1.783227780833840370e-03 7.642368320375680923e-03 1.663224957883358002e-02 1.392896007746458054e-02 6.735450588166713715e-03 1.299724075943231583e-02 1.408129185438156128e-02 5.391148850321769714e-03 6.376039236783981323e-03 1.625129021704196930e-03 9.417973458766937256e-03 3.944970201700925827e-03 3.423983696848154068e-03 2.270967140793800354e-02 8.432458154857158661e-03 6.205413024872541428e-03 9.232299053110182285e-04 5.325261969119310379e-03 8.676650933921337128e-03 5.533418618142604828e-03 1.697716303169727325e-02 1.935959421098232269e-02 1.039898954331874847e-02 1.676774583756923676e-02 1.350939925760030746e-02 1.174653600901365280e-02 4.664273932576179504e-03 3.106540301814675331e-03 1.702487654983997345e-02 1.045274827629327774e-02 1.258584391325712204e-02 1.251817494630813599e-02 1.891324669122695923e-02 1.575919915921986103e-03 2.078305743634700775e-02 1.657465845346450806e-02 1.383770350366830826e-02 1.330865267664194107e-02 5.808918271213769913e-03 4.552423022687435150e-03 6.230696290731430054e-02 5.227173492312431335e-02 1.854530349373817444e-02 1.744604669511318207e-02 3.682246897369623184e-04 8.942714892327785492e-03 1.362034119665622711e-02 7.566987536847591400e-03 3.261641412973403931e-02 1.693709753453731537e-02 1.031719427555799484e-02 1.023211795836687088e-02 1.953450497239828110e-03 8.468301966786384583e-03 6.275054998695850372e-03 1.641125767491757870e-03 1.384423300623893738e-02 2.743341587483882904e-02 2.067397581413388252e-03 1.508546806871891022e-02 5.723873618990182877e-04 5.248335655778646469e-03 1.135807298123836517e-02 1.515509909950196743e-03 7.125057280063629150e-03 1.451373286545276642e-02 2.311601201654411852e-05 8.473945781588554382e-03 5.000250879675149918e-03 1.610821345821022987e-04 7.552823517471551895e-03 5.489853210747241974e-03 5.452831741422414780e-03 7.899792864918708801e-03 1.485312078148126602e-02 1.896902569569647312e-03
1.378903072327375412e-02 1.689097471535205841e-02 1.200286112725734711e-02 8.270803093910217285e-01 6.620410084724426270e-02 1.917332038283348083e-02 7.542187348008155823e-03 3.071895986795425415e-02 4.946650005877017975e-03 1.842718012630939484e-02 1.137776672840118408e-02 1.012449967674911022e-03 1.244382187724113464e-02 3.692249767482280731e-03 1.826127618551254272e-02 2.749656699597835541e-02 2.954185567796230316e-02 2.928239107131958008e-02 1.443658117204904556e-02 1.227176096290349960e-02 2.165979531127959490e-04 9.939293377101421356e-03 7.540602236986160278e-03 1.093417289666831493e-03 1.057406887412071228e-02 5.602957680821418762e-03 8.411452174186706543e-03 1.088976021856069565e-02 3.237155824899673462e-02 4.920872859656810760e-03 3.128058463335037231e-02 1.993182348087430000e-03 2.898218296468257904e-02 4.779259208589792252e-03 9.521593339741230011e-03 1.952521316707134247e-02 2.687116898596286774e-02 3.277787938714027405e-03 4.718441143631935120e-02 5.435221642255783081e-02 8.233549073338508606e-03 1.057795714586973190e-02 5.770819261670112610e-03 8.761232718825340271e-03 2.624056674540042877e-02 1.824125647544860840e-02 2.867867052555084229e-02 2.154507488012313843e-02 1.603296212852001190e-02 8.563403040170669556e-03 7.819935679435729980e-03 8.941073901951313019e-03 2.932635322213172913e-02 1.434231828898191452e-02 1.482281833887100220e-02 1.245545502752065659e-02 2.627952583134174347e-02 9.350096806883811951e-03 1.715029776096343994e-02 2.755971625447273254e-02 2.623487636446952820e-02 4.744389094412326813e-03 4.899558797478675842e-02 1.125807873904705048e-02 1.836889982223510742e-02 1.844965107738971710e-02 4.691968671977519989e-03 6.041769403964281082e-03 2.054689824581146240e-02 5.515057182492455468e-06 2.184358797967433929e-02 1.200213283300399780e-02 1.785253174602985382e-02 1.160105131566524506e-02 9.293832816183567047e-03 4.657453391700983047e-03 6.956659490242600441e-04 2.826414257287979126e-02 2.578760497272014618e-02 1.997448876500129700e-02 1.409612130373716354e-02 8.184514939785003662e-03 7.007225602865219116e-02 5.926848948001861572e-02 1.323768682777881622e-02 1.308932621031999588e-02 1.599327474832534790e-02 1.775602251291275024e-02 3.557439660653471947e-03 1.710082963109016418e-02 2.533010952174663544e-02 2.648796420544385910e-03 1.448966935276985168e-02 6.286826916038990021e-03 1.401029992848634720e-03 2.789216814562678337e-03 8.254459127783775330e-03 7.732407655566930771e-03 6.888256873935461044e-03 1.825305866077542305e-03 5.128277931362390518e-03 5.821184458909556270e-05 1.684588193893432617e-02 2.702824771404266357e-02 1.789857074618339539e-02 1.503975875675678253e-02 2.441824646666646004e-03 3.676532208919525146e-02 1.119606895372271538e-03 1.812424138188362122e-02 2.308406867086887360e-02 1.449947478249669075e-03 2.368097752332687378e-02 1.563188992440700531e-02 1.356702391058206558e-02 1.161079946905374527e-02
1.541594415903091431e-02 4.735815455205738544e-04 9.873613715171813965e-03 6.620410084724426270e-02 8.270803093910217285e-01 3.018069081008434296e-02 1.580035686492919922e-02 6.995026487857103348e-03 9.837736375629901886e-03 5.665086675435304642e-03 1.468151062726974487e-02 2.541397698223590851e-02 8.615124039351940155e-03 1.723319478332996368e-02 1.246120128780603409e-02 6.316254381090402603e-03 1.297902408987283707e-02 4.788796231150627136e-02 2.123806811869144440e-02 1.160953473299741745e-02 4.628650844097137451e-03 2.571474760770797729e-03 9.801706299185752869e-03 8.942393586039543152e-03 6.618192419409751892e-03 1.311750430613756180e-02 4.445588565431535244e-04 8.329243399202823639e-03 1.842498220503330231e-02 1.112067140638828278e-02 1.137688755989074707e-02 8.893498219549655914e-03 1.670448482036590576e-02 7.378362119197845459e-03 5.779839586466550827e-03 1.703072898089885712e-02 1.519241742789745331e-02 1.981377601623535156e-03 4.681663215160369873e-02 5.886209011077880859e-02 2.257315441966056824e-03 6.385676533682271838e-05 1.543580205179750919e-03 1.209398731589317322e-02 3.627294301986694336e-02 2.973719500005245209e-02 2.386924438178539276e-02 1.892226375639438629e-02 1.508548576384782791e-02 1.237429957836866379e-02 4.150948021560907364e-03 1.050295867025852203e-02 2.669351175427436829e-02 1.258016098290681839e-02 4.549539182335138321e-03 1.758792623877525330e-02 1.310663670301437378e-02 2.357600256800651550e-03 2.216481603682041168e-02 3.074589557945728302e-02 3.011431917548179626e-02 2.291821874678134918e-03 4.066092520952224731e-02 5.526455584913492203e-03 1.943873241543769836e-02 2.222951687872409821e-02 6.219906732439994812e-03 4.949924536049365997e-03 1.685409806668758392e-02 1.019286550581455231e-02 1.443678792566061020e-02 1.023015566170215607e-02 1.411239150911569595e-02 2.514970302581787109e-02 1.732454821467399597e-02 3.793891286477446556e-03 1.360759045928716660e-02 1.663590967655181885e-02 2.501712553203105927e-02 2.505471557378768921e-02 6.986710242927074432e-03 7.747886236757040024e-03 6.685768812894821167e-02 7.354495674371719360e-02 8.929600007832050323e-03 3.826717613264918327e-03 7.900846190750598907e-03 1.637261919677257538e-02 1.267105247825384140e-02 3.389784833416342735e-03 2.220815978944301605e-02 7.346204482018947601e-03 1.282383687794208527e-03 5.799314938485622406e-03 2.462882315739989281e-03 1.056133303791284561e-02 1.396853104233741760e-02 2.081031678244471550e-03 1.939728856086730957e-02 1.372319273650646210e-02 3.964283969253301620e-03 3.424202790483832359e-03 5.943462718278169632e-03 9.896431118249893188e-03 2.253603190183639526e-02 8.092936128377914429e-03 7.960564689710736275e-04 2.929356694221496582e-02 1.169893704354763031e-02 2.513961121439933777e-02 2.242083102464675903e-02 1.371485413983464241e-04 2.171278931200504303e-02 1.899598725140094757e-02 2.824029186740517616e-03 9.099574759602546692e-03
6.400609761476516724e-02 6.105706468224525452e-02 1.113048475235700607e-02 1.917332038283348083e-02 3.018069081008434296e-02 8.270803093910217285e-01 7.910136878490447998e-02 6.896669510751962662e-04 2.221231907606124878e-02 2.273600734770298004e-02 5.736880376935005188e-02 1.229241583496332169e-02 5.003021657466888428e-02 3.205426037311553955e-02 1.557996682822704315e-02 4.576629027724266052e-03 1.037435512989759445e-02 1.257428247481584549e-02 1.650734245777130127e-02 6.107360124588012695e-03 1.018098089843988419e-02 2.640139870345592499e-02 1.101446896791458130e-02 1.042254362255334854e-02 3.750075586140155792e-03 2.908422611653804779e-03 1.283868122845888138e-02 5.662067793309688568e-03 1.765063777565956116e-02 3.335199784487485886e-03 1.708688773214817047e-02 1.056849956512451172e-02 6.473381072282791138e-03 8.617196232080459595e-03 9.392368607223033905e-03 1.445365417748689651e-02 1.608642004430294037e-02 4.122748970985412598e-03 1.548278518021106720e-02 3.465607389807701111e-02 2.457721391692757607e-03 2.450783737003803253e-03 7.205582223832607269e-03 2.995460666716098785e-02 2.625090256333351135e-02 2.416964247822761536e-02 6.639616936445236206e-02 5.075811222195625305e-02 9.973179548978805542e-03 3.020146861672401428e-03 1.904669683426618576e-03 8.154475130140781403e-03 6.706104148179292679e-03 8.681464940309524536e-03 6.032019387930631638e-03 3.540181322023272514e-03 9.402988478541374207e-03 1.078840345144271851e-02 1.247291732579469681e-02 1.919114403426647186e-02 4.583865811582654715e-04 2.305409684777259827e-02 1.770670339465141296e-02 3.705028444528579712e-03 3.467679023742675781e-02 2.652756683528423309e-02 6.406537722796201706e-03 8.550225757062435150e-03 2.073303237557411194e-02 1.454663346521556377e-03 1.587009057402610779e-02 6.335888989269733429e-03 5.713942460715770721e-03 3.892505075782537460e-03 5.027642473578453064e-04 6.101826671510934830e-03 1.778717339038848877e-02 2.596883568912744522e-03 2.239724434912204742e-02 3.501502797007560730e-02 1.999423839151859283e-03 1.644888333976268768e-02 2.280886657536029816e-02 1.793228834867477417e-02 3.154971171170473099e-03 4.484075121581554413e-03 1.336723379790782928e-02 2.483618631958961487e-02 2.047624439001083374e-03 1.426177285611629486e-02 4.165992140769958496e-02 2.252510190010070801e-02 2.652424946427345276e-02 1.605954207479953766e-02 1.721768453717231750e-02 4.208947531878948212e-03 1.509586535394191742e-02 2.563612535595893860e-03 1.983830519020557404e-02 1.896117627620697021e-02 8.423717692494392395e-03 3.639755304902791977e-03 2.708042971789836884e-03 4.664925858378410339e-03 8.828846737742424011e-03 7.280079182237386703e-03 9.769082535058259964e-04 9.546435438096523285e-03 1.302191987633705139e-03 1.964566297829151154e-02 6.318929139524698257e-03 9.879199787974357605e-03 6.728996057063341141e-03 7.974749431014060974e-03 2.991307526826858521e-03 2.920333063229918480e-04
5.958839133381843567e-02 6.618671119213104248e-02 2.172398753464221954e-02 7.542187348008155823e-03 1.580035686492919922e-02 7.910136878490447998e-02 8.270803093910217285e-01 1.973167527467012405e-03 2.251709811389446259e-02 2.554245665669441223e-02 5.614146962761878967e-02 1.818580436520278454e-03 5.040639638900756836e-02 2.529463917016983032e-02 8.839214220643043518e-03 1.218829886056482792e-03 1.692033372819423676e-02 1.642556302249431610e-02 1.668205484747886658e-02 9.345592930912971497e-03 1.731751114130020142e-02 2.577191591262817383e-02 9.023771621286869049e-03 6.592082791030406952e-03 1.498533505946397781e-02 1.149946730583906174e-02 1.235135179013013840e-02 1.891787908971309662e-02 1.681248657405376434e-02 6.474371999502182007e-03 1.866506785154342651e-02 1.479577459394931793e-02 3.698761865962296724e-04 1.213878113776445389e-02 1.647962629795074463e-02 1.852197200059890747e-02 1.379347499459981918e-02 5.585998762398958206e-03 7.020513992756605148e-03 1.551972888410091400e-02 1.240758574567735195e-03 1.290794555097818375e-02 2.365343738347291946e-03 2.757237106561660767e-02 2.851115353405475616e-02 1.866495236754417419e-02 5.693203583359718323e-02 5.946440622210502625e-02 4.318919498473405838e-03 7.143452763557434082e-03 4.357504658401012421e-03 1.547534520796034485e-05 2.511285012587904930e-03 1.514287665486335754e-02 8.811668492853641510e-03 1.683621108531951904e-02 4.689472261816263199e-03 2.126615680754184723e-02 2.634457079693675041e-03 1.893561333417892456e-02 5.848780740052461624e-03 6.906153168529272079e-03 1.812138780951499939e-02 1.124638970941305161e-02 3.416558355093002319e-02 3.519041463732719421e-02 9.496486745774745941e-03 9.570386260747909546e-03 1.478222664445638657e-02 1.706289593130350113e-03 4.982259997632354498e-05 5.239877384155988693e-03 1.814574748277664185e-02 4.105303902179002762e-03 1.183019019663333893e-02 8.741698227822780609e-03 1.450641360133886337e-02 2.155953785404562950e-03 2.641020342707633972e-02 3.383970633149147034e-02 8.878191933035850525e-03 2.368391491472721100e-02 1.716290973126888275e-02 4.903309047222137451e-03 9.459365159273147583e-03 1.132318004965782166e-02 1.520940847694873810e-02 2.908726409077644348e-02 6.209135521203279495e-03 2.173477411270141602e-02 3.684915229678153992e-02 1.837235130369663239e-02 3.495863452553749084e-02 2.330818399786949158e-02 7.697821594774723053e-03 2.477434696629643440e-03 3.303209668956696987e-04 6.569881457835435867e-03 1.613816432654857635e-02 1.439672242850065231e-02 1.644102274440228939e-03 7.438924163579940796e-03 4.523065406829118729e-03 3.451966447755694389e-03 1.324928738176822662e-02 6.953698582947254181e-03 3.541940124705433846e-03 1.605711132287979126e-02 4.013474099338054657e-03 2.619834057986736298e-02 5.328316707164049149e-03 1.652001217007637024e-02 5.293509922921657562e-03 1.337426342070102692e-02 8.390381932258605957e-03 8.308116346597671509e-03
6.810822524130344391e-03 1.333409105427563190e-03 8.827216923236846924e-02 3.071895986795425415e-02 6.995026487857103348e-03 6.896669510751962662e-04 1.973167527467012405e-03 8.270803093910217285e-01 4.555192717816680670e-04 9.047434432432055473e-04 8.416181430220603943e-03 1.414799783378839493e-02 1.553351711481809616e-02 2.873330377042293549e-03 4.669308662414550781e-02 3.281593555584549904e-03 2.908221911638975143e-03 4.085700958967208862e-03 1.834922842681407928e-02 7.250743452459573746e-03 2.063526539131999016e-03 1.804761402308940887e-02 1.139247417449951172e-02 7.416218519210815430e-03 2.863811329007148743e-03 2.389946207404136658e-02 1.316450256854295731e-02 1.641850831219926476e-04 5.488445982336997986e-03 1.340684294700622559e-02 1.794354990124702454e-02 1.460271049290895462e-02 1.415325049310922623e-02 1.787786558270454407e-02 1.988048106431961060e-02 4.652535077184438705e-03 1.590188033878803253e-02 8.735135197639465332e-03 2.541912533342838287e-02 2.476058527827262878e-02 1.576556637883186340e-02 1.357342861592769623e-02 3.481898922473192215e-03 1.052768621593713760e-02 2.307762159034609795e-03 1.011503301560878754e-02 1.317124161869287491e-02 6.919935345649719238e-03 2.819447545334696770e-03 1.574083464220166206e-03 3.649380756542086601e-03 1.854054746218025684e-03 1.642136275768280029e-02 2.979238145053386688e-02 1.766667352057993412e-03 4.451279528439044952e-03 1.013809535652399063e-02 5.771144758909940720e-03 1.718441210687160492e-02 2.510509267449378967e-02 2.772025763988494873e-04 2.135235816240310669e-02 1.493336516432464123e-03 1.302419882267713547e-02 1.608436182141304016e-02 9.077272989088669419e-05 1.464460324496030807e-02 1.002364605665206909e-02 3.996299928985536098e-04 1.193970907479524612e-02 4.532682243734598160e-03 1.972442306578159332e-02 3.534597903490066528e-02 1.089057512581348419e-02 2.065538428723812103e-02 1.241793856024742126e-02 8.108566515147686005e-03 6.159538868814706802e-03 8.331259014084935188e-04 8.141903206706047058e-03 7.292162626981735229e-02 5.929177626967430115e-02 1.559887453913688660e-02 1.422293484210968018e-02 5.638709757477045059e-03 6.909898482263088226e-03 4.864935576915740967e-02 2.849249541759490967e-02 7.654036860913038254e-03 1.589230820536613464e-02 1.124426629394292831e-02 1.312532182782888412e-02 1.302840840071439743e-02 2.266425825655460358e-02 1.501503027975559235e-02 1.060340367257595062e-02 2.440260536968708038e-02 2.048889175057411194e-02 7.356292568147182465e-03 7.483269087970256805e-03 2.271257527172565460e-02 1.052247826009988785e-02 1.872082799673080444e-02 1.578775793313980103e-02 3.167170565575361252e-03 2.499021030962467194e-02 1.161355618387460709e-02 6.105614011175930500e-04 1.390252355486154556e-02 1.231838110834360123e-02 6.826963741332292557e-03 1.462672278285026550e-02 1.812392473220825195e-02 1.174041070044040680e-02 1.297040283679962158e-02 2.982379868626594543e-03
4.371611401438713074e-03 3.998366184532642365e-03 3.657368198037147522e-02 4.946650005877017975e-03 9.837736375629901886e-03 2.221231907606124878e-02 2.251709811389446259e-02 4.555192717816680670e-04 8.270803093910217285e-01 3.896621242165565491e-02 7.327962201088666916e-03 2.507249638438224792e-02 6.842105649411678314e-03 2.764719910919666290e-02 1.619224436581134796e-02 8.324163034558296204e-03 7.316306233406066895e-03 3.381369262933731079e-02 3.747011534869670868e-03 2.141929417848587036e-02 2.549043670296669006e-02 1.214209944009780884e-02 3.194725885987281799e-02 2.953631430864334106e-02 2.501228265464305878e-02 9.943628683686256409e-03 3.502606996335089207e-04 9.487080387771129608e-03 9.598081931471824646e-03 2.219062857329845428e-02 4.808033350855112076e-03 3.476559743285179138e-02 2.501019043847918510e-03 3.239056468009948730e-02 1.982963178306818008e-03 1.716669090092182159e-02 2.035596640780568123e-03 1.822907291352748871e-02 3.101781476289033890e-03 1.034198701381683350e-02 1.139745116233825684e-02 2.274186350405216217e-02 1.615731790661811829e-02 2.412809990346431732e-02 2.482889220118522644e-02 1.440317463129758835e-02 1.335611159447580576e-04 6.121508777141571045e-03 1.341834943741559982e-02 1.335848402231931686e-02 2.163742110133171082e-02 2.955486997961997986e-02 7.981291040778160095e-03 5.196522921323776245e-03 3.124490194022655487e-02 1.029254170134663582e-03 1.282300148159265518e-02 1.122631132602691650e-02 1.365766115486621857e-02 6.453114096075296402e-03 1.163401873782277107e-03 3.804931882768869400e-03 1.745506888255476952e-03 1.772939600050449371e-02 7.821429520845413208e-03 2.913491916842758656e-04 2.793409675359725952e-02 2.329854667186737061e-02 1.535083749331533909e-03 4.554678220301866531e-03 6.228086072951555252e-03 9.607713669538497925e-03 1.665828190743923187e-02 2.443929202854633331e-03 4.862390458583831787e-03 1.930743083357810974e-02 5.467163026332855225e-02 3.944182023406028748e-02 4.038791730999946594e-02 1.812213473021984100e-02 4.602891858667135239e-04 4.450385924428701401e-03 3.147643059492111206e-02 1.523922104388475418e-02 4.646139591932296753e-02 3.644187375903129578e-02 2.562230802141129971e-04 1.001350465230643749e-03 1.417666207998991013e-02 9.970883838832378387e-04 4.461584147065877914e-03 2.415648923488333821e-04 5.237707402557134628e-03 1.232771296054124832e-02 1.073901634663343430e-02 9.758798405528068542e-03 8.822683244943618774e-03 1.030619814991950989e-02 2.638879604637622833e-02 2.171888761222362518e-02 2.080901339650154114e-02 2.561767213046550751e-02 1.550431456416845322e-02 1.245356351137161255e-02 2.071081288158893585e-02 9.376572445034980774e-03 1.267493050545454025e-02 1.508627645671367645e-02 2.242112904787063599e-02 3.236771794036030769e-03 7.280534133315086365e-03 6.376142613589763641e-03 2.119912765920162201e-02 1.890427060425281525e-02 1.361508015543222427e-02 4.984372761100530624e-03
1.726080477237701416e-02 9.971037507057189941e-03 1.886277273297309875e-02 1.842718012630939484e-02 5.665086675435304642e-03 2.273600734770298004e-02 2.554245665669441223e-02 9.047434432432055473e-04 3.896621242165565491e-02 8.270803093910217285e-01 1.327695697546005249e-02 1.349324738839641213e-04 7.342931348830461502e-04 2.753081731498241425e-02 3.361831419169902802e-03 9.782271459698677063e-03 2.426250092685222626e-02 6.633966229856014252e-03 3.155044093728065491e-02 9.304337203502655029e-03 5.372923798859119415e-03 7.741342298686504364e-03 5.343767814338207245e-03 2.309879474341869354e-02 5.573371890932321548e-03 1.541010010987520218e-02 4.296817351132631302e-03 2.505283243954181671e-02 9.535290300846099854e-03 9.768281131982803345e-03 1.109440997242927551e-02 1.738124340772628784e-02 3.124779276549816132e-02 2.405553124845027924e-02 7.955602370202541351e-03 3.393728518858551979e-03 1.620008610188961029e-02 2.051854692399501801e-02 3.060611709952354431e-02 1.777995750308036804e-02 1.209156867116689682e-02 8.090194314718246460e-03 9.960141964256763458e-03 9.930831380188465118e-03 7.857781834900379181e-03 2.228214405477046967e-02 6.855131359770894051e-04 9.866732172667980194e-03 2.847504802048206329e-02 5.321759730577468872e-02 1.520413556136190891e-03 1.033338066190481186e-02 1.920659095048904419e-02 8.016900159418582916e-03 4.581493325531482697e-03 5.884917452931404114e-02 5.389648489654064178e-03 1.943136192858219147e-02 9.417608380317687988e-03 8.980743587017059326e-03 4.072880372405052185e-02 7.960228249430656433e-03 3.546690195798873901e-02 1.535770948976278305e-02 2.228441881015896797e-03 9.327748790383338928e-03 1.007152348756790161e-02 9.832848794758319855e-03 5.755897145718336105e-03 2.783272229135036469e-02 5.112886056303977966e-02 1.515723578631877899e-02 7.831039838492870331e-03 1.521767117083072662e-02 2.769797667860984802e-02 1.477956026792526245e-02 1.063253358006477356e-02 7.565241307020187378e-02 1.845636963844299316e-02 5.589953437447547913e-02 3.031593747437000275e-03 6.148920394480228424e-03 5.995364394038915634e-03 3.051853552460670471e-02 1.946119032800197601e-02 2.417647652328014374e-02 1.017692126333713531e-02 9.241579100489616394e-03 3.714348748326301575e-02 2.499955892562866211e-02 1.536500640213489532e-02 5.418712738901376724e-03 2.511403150856494904e-02 3.184163942933082581e-03 6.429612636566162109e-03 7.908896659500896931e-04 2.289843000471591949e-02 3.869490465149283409e-03 9.585501626133918762e-03 2.040796168148517609e-02 5.035464419052004814e-04 8.809738792479038239e-04 1.136692985892295837e-02 1.138448063284158707e-02 1.050764787942171097e-02 2.221831120550632477e-03 4.849500954151153564e-03 8.081380277872085571e-03 4.644488450139760971e-03 8.948606438934803009e-03 5.600759759545326233e-03 3.564213635399937630e-03 2.635399112477898598e-03 6.882072426378726959e-03 8.548725396394729614e-03 8.463854901492595673e-03
8.012237399816513062e-02 6.627458333969116211e-02 9.547289460897445679e-03 1.137776672840118408e-02 1.468151062726974487e-02 5.736880376935005188e-02 5.614146962761878967e-02 8.416181430220603943e-03 7.327962201088666916e-03 1.327695697546005249e-02 8.270803093910217285e-01 1.228803582489490509e-02 7.826033234596252441e-02 2.976678777486085892e-03 3.291067853569984436e-02 7.604700978845357895e-03 8.141892030835151672e-03 1.213375665247440338e-02 1.872299425303936005e-02 1.805522362701594830e-03 7.191342767328023911e-03 3.588979691267013550e-02 1.102999784052371979e-02 8.482882753014564514e-03 4.480258561670780182e-03 8.361845277249813080e-03 2.662074938416481018e-02 2.932994998991489410e-02 2.474738657474517822e-02 2.871017716825008392e-02 3.670784831047058105e-02 2.669187029823660851e-03 6.441920064389705658e-03 2.008396433666348457e-03 8.584661409258842468e-03 1.450910605490207672e-02 2.604431100189685822e-02 1.148099731653928757e-02 7.845548680052161217e-04 7.079323288053274155e-03 1.227204035967588425e-02 4.878913983702659607e-03 3.413124242797493935e-03 2.565292268991470337e-02 1.584637537598609924e-02 1.185498666018247604e-02 4.180002585053443909e-02 3.685473650693893433e-02 7.500186562538146973e-03 2.620602957904338837e-03 1.167487818747758865e-03 8.778324350714683533e-03 1.285114884376525879e-02 5.695099942386150360e-03 4.108541179448366165e-03 3.923468291759490967e-03 1.071381382644176483e-02 1.575707807205617428e-03 1.039703655987977982e-02 2.137061767280101776e-02 1.123885740526020527e-04 2.829247750923968852e-05 6.493066903203725815e-03 8.508439175784587860e-03 5.075723305344581604e-02 4.653967544436454773e-02 3.921818919479846954e-03 2.983130514621734619e-03 1.177954766899347305e-02 1.997629366815090179e-02 7.500410545617341995e-03 1.218002848327159882e-02 9.844522923231124878e-03 5.635701585561037064e-03 2.263354836031794548e-03 3.760112216696143150e-03 1.340482733212411404e-03 6.635158322751522064e-03 1.929858140647411346e-02 2.415066212415695190e-02 2.042537555098533630e-02 3.524292260408401489e-02 6.674530915915966034e-03 4.464231431484222412e-03 2.548615448176860809e-03 5.820955615490674973e-03 3.404194861650466919e-02 4.048221930861473083e-02 7.089035585522651672e-03 2.235984196886420250e-03 2.317175269126892090e-02 5.036000162363052368e-02 1.712340116500854492e-02 3.889032453298568726e-02 2.939676400274038315e-03 7.907648570835590363e-03 2.996107505168765783e-04 9.654126130044460297e-03 1.652220077812671661e-02 1.089909765869379044e-02 8.233946748077869415e-03 1.509973965585231781e-02 1.738472841680049896e-02 8.443138562142848969e-03 9.017855860292911530e-03 3.587178187444806099e-03 1.612510904669761658e-02 2.883849432691931725e-03 1.794184930622577667e-02 2.972862869501113892e-02 2.041780762374401093e-02 2.471366338431835175e-02 1.813585171476006508e-03 3.129147517029196024e-04 3.031700325664132833e-04 3.853468224406242371e-03
1.633909530937671661e-02 2.314611710608005524e-02 2.623074501752853394e-02 1.012449967674911022e-03 2.541397698223590851e-02 1.229241583496332169e-02 1.818580436520278454e-03 1.414799783378839493e-02 2.507249638438224792e-02 1.349324738839641213e-04 1.228803582489490509e-02 8.270803093910217285e-01 1.025272533297538757e-02 7.029838114976882935e-02 3.460557665675878525e-03 1.233435049653053284e-02 4.261882510036230087e-03 4.315661266446113586e-03 2.229074388742446899e-02 1.682898961007595062e-02 1.754302345216274261e-02 2.472200989723205566e-02 3.331241756677627563e-02 3.760805353522300720e-02 1.503381878137588501e-02 3.670515725389122963e-03 1.750472187995910645e-02 5.913993343710899353e-02 1.032594498246908188e-02 5.140579119324684143e-02 2.010165899991989136e-02 1.331184152513742447e-02 7.182816974818706512e-03 3.806190989052993245e-06 1.879238989204168320e-03 2.688361331820487976e-02 1.214648829773068428e-03 2.814041916280984879e-03 1.988713443279266357e-02 1.932532154023647308e-02 3.529052482917904854e-03 1.255275029689073563e-02 8.725593797862529755e-03 4.981522448360919952e-03 3.498333320021629333e-02 2.489525638520717621e-02 7.327646482735872269e-03 2.089529996737837791e-03 3.891822323203086853e-02 2.577903866767883301e-02 1.961452886462211609e-02 2.085167355835437775e-02 2.036127634346485138e-02 1.473123207688331604e-02 2.760112518444657326e-03 2.806063368916511536e-02 9.713604114949703217e-03 4.910937044769525528e-03 2.604880556464195251e-02 2.229021862149238586e-02 2.077735587954521179e-02 3.885919600725173950e-02 1.555928960442543030e-02 3.172337077558040619e-03 1.455101743340492249e-02 1.821076124906539917e-02 1.121512614190578461e-02 1.310838107019662857e-02 6.489529740065336227e-03 2.995366416871547699e-02 2.008161135017871857e-02 2.152908220887184143e-02 2.289551310241222382e-02 3.212793916463851929e-02 2.644224837422370911e-02 1.453639380633831024e-02 2.294256165623664856e-02 5.698540917364880443e-06 2.841753512620925903e-02 1.174656581133604050e-02 3.021071478724479675e-02 1.555236056447029114e-02 2.498040674254298210e-03 1.232665311545133591e-02 2.324549108743667603e-02 1.877238228917121887e-02 7.891651475802063942e-04 3.658942878246307373e-03 2.743586339056491852e-02 1.194046437740325928e-02 1.791642978787422180e-02 3.057530522346496582e-02 1.386351417750120163e-03 1.245647110044956207e-02 2.402228070423007011e-03 1.295754872262477875e-02 3.673818334937095642e-02 1.829777657985687256e-02 4.319203071645461023e-05 3.988695330917835236e-03 6.467148661613464355e-03 1.030130498111248016e-02 1.609084382653236389e-02 3.536648815497756004e-03 2.439079061150550842e-02 2.083970047533512115e-02 2.904801629483699799e-03 2.049503661692142487e-02 9.385786950588226318e-03 7.895724847912788391e-03 2.093760063871741295e-03 1.498961262404918671e-02 2.412739768624305725e-02 2.485962398350238800e-02 6.055209320038557053e-03 2.227262966334819794e-02
6.609365344047546387e-02 7.647497206926345825e-02 4.714520036941394210e-05 1.244382187724113464e-02 8.615124039351940155e-03 5.003021657466888428e-02 5.040639638900756836e-02 1.553351711481809616e-02 6.842105649411678314e-03 7.342931348830461502e-04 7.826033234596252441e-02 1.025272533297538757e-02 8.270803093910217285e-01 5.977664142847061157e-03 3.745659068226814270e-02 8.404592052102088928e-03 6.101057399064302444e-03 8.760810829699039459e-03 1.771261915564537048e-02 9.282804094254970551e-03 1.541190431453287601e-03 4.145392403006553650e-02 1.499552093446254730e-02 3.910134546458721161e-03 8.730497211217880249e-03 2.143883146345615387e-03 1.689189113676548004e-02 1.187296397984027863e-02 1.927918754518032074e-02 1.050606090575456619e-02 4.404591768980026245e-02 3.501126484479755163e-04 1.318791764788329601e-03 4.495221655815839767e-03 1.248972397297620773e-02 3.020458668470382690e-02 3.321264311671257019e-02 5.758426152169704437e-03 3.906221129000186920e-03 8.290065452456474304e-03 2.211885899305343628e-02 1.000327337533235550e-02 8.976861834526062012e-03 2.728169225156307220e-02 1.054077781736850739e-02 3.743367735296487808e-03 4.344670847058296204e-02 4.407442733645439148e-02 1.134446263313293457e-02 9.646873513702303171e-05 2.968535525724291801e-03 1.384816132485866547e-02 1.560106966644525528e-02 6.365874782204627991e-03 1.434239093214273453e-02 8.487692102789878845e-03 1.386987417936325073e-02 2.948828274384140968e-03 4.990139510482549667e-03 2.546569518744945526e-02 3.705890383571386337e-03 6.153105292469263077e-03 1.481124665588140488e-02 2.462019957602024078e-02 3.947534784674644470e-02 5.150419846177101135e-02 2.557194791734218597e-03 4.545130301266908646e-03 5.380287300795316696e-03 1.240155193954706192e-02 1.237718737684190273e-03 6.465347483754158020e-03 4.250540398061275482e-03 3.588093444705009460e-03 4.018213599920272827e-03 3.662800882011651993e-03 5.081841722130775452e-03 3.990598488599061966e-03 7.875558920204639435e-03 1.958218403160572052e-02 2.923207357525825500e-02 3.759992495179176331e-02 1.062319031916558743e-03 1.187595189549028873e-03 1.245182706043124199e-03 1.310669118538498878e-03 3.887139633297920227e-02 5.264398828148841858e-02 4.223495721817016602e-03 2.112828660756349564e-03 2.641227655112743378e-02 4.392039030790328979e-02 2.788643166422843933e-02 3.765751048922538757e-02 4.618820734322071075e-03 3.615018213167786598e-03 1.039656694047152996e-03 2.103906357660889626e-03 1.583634875714778900e-02 1.282324269413948059e-02 9.380312985740602016e-04 9.396958164870738983e-03 1.565260998904705048e-02 9.696145541965961456e-03 1.017125137150287628e-02 3.846072824671864510e-03 2.112138317897915840e-03 1.389962155371904373e-03 2.395167481154203415e-03 2.069537714123725891e-02 2.675964683294296265e-02 3.824940696358680725e-02 7.182731293141841888e-03 2.827568096108734608e-04 4.686335567384958267e-03 3.641180694103240967e-03
