8.362948298454284668e-01 6.000958383083343506e-02 6.004598457366228104e-03 2.816735766828060150e-02 2.624068781733512878e-02 2.922088280320167542e-02 9.975777007639408112e-03 1.305336598306894302e-02 1.208834536373615265e-02 1.676163286902010441e-03 4.979332163929939270e-02 1.748614711686968803e-03 4.721868783235549927e-02 1.025090343318879604e-03 3.085052408277988434e-02 1.026859320700168610e-02 2.656033262610435486e-02 3.567652311176061630e-03 1.014927309006452560e-02 2.205119840800762177e-02 2.298420667648315430e-02 2.293170802295207977e-02 7.806457113474607468e-03 1.860522478818893433e-02 1.813308149576187134e-02 2.361104637384414673e-02 2.721841679885983467e-03 1.748190633952617645e-02 2.817819267511367798e-02 2.752159908413887024e-02 2.454416640102863312e-02 9.768032468855381012e-03 7.561226375401020050e-03 1.987543143332004547e-02 2.941072918474674225e-03 2.070000208914279938e-02 2.883576788008213043e-02 8.698299527168273926e-03 1.123391091823577881e-02 2.425859216600656509e-03 1.882339827716350555e-02 7.984192110598087311e-03 1.971870660781860352e-02 1.930420659482479095e-02 6.669615395367145538e-03 8.599109714850783348e-04 2.301697991788387299e-02 2.151210792362689972e-02 5.195905920118093491e-03 6.413761526346206665e-03 1.667557097971439362e-02 2.273527532815933228e-02 2.300946973264217377e-02 3.281220793724060059e-02 1.371157728135585785e-02 1.156831439584493637e-02 1.841603778302669525e-02 1.860911212861537933e-02 2.313480339944362640e-02 3.108115121722221375e-02 2.036271058022975922e-02 9.839227423071861267e-03 2.372613921761512756e-02 1.576256752014160156e-02 2.783009968698024750e-02 2.508166804909706116e-02 2.408479899168014526e-02 2.110463753342628479e-02 2.638438157737255096e-02 2.406905405223369598e-03 2.258360013365745544e-02 1.184615399688482285e-02 2.827148884534835815e-02 5.944995791651308537e-04 2.323528006672859192e-02 2.038031117990612984e-03 1.891973800957202911e-02 2.363656461238861084e-02 3.473894903436303139e-03 4.411064554005861282e-03 6.064062938094139099e-03 2.779899165034294128e-02 1.471410132944583893e-02 2.108226763084530830e-03 2.454368164762854576e-03 5.075435619801282883e-04 2.889831550419330597e-02 2.704408019781112671e-02 3.259246796369552612e-02 2.010139822959899902e-02 2.028416842222213745e-02 1.105368975549936295e-02 1.966491341590881348e-02 4.080355633050203323e-03 1.434495206922292709e-02 1.338230725377798080e-02 7.478378829546272755e-04 3.311113687232136726e-03 1.210721023380756378e-02 1.253037806600332260e-02 1.460574287921190262e-02 2.138162963092327118e-02 1.529074553400278091e-02 3.112126141786575317e-04 2.292687632143497467e-02 3.044636175036430359e-02 3.088621236383914948e-02 1.631091162562370300e-02 2.871751599013805389e-02 2.666061557829380035e-02 5.472288932651281357e-03 6.926927715539932251e-03 2.466480992734432220e-02 1.541309896856546402e-02 1.337684225291013718e-03 8.773939334787428379e-04
6.000958383083343506e-02 8.362948298454284668e-01 1.074520684778690338e-02 2.419495768845081329e-02 2.218376472592353821e-02 2.925181947648525238e-02 2.809681743383407593e-02 2.970261033624410629e-03 2.378038130700588226e-02 2.816087100654840469e-03 5.281203985214233398e-02 7.546670269221067429e-03 5.159838870167732239e-02 1.587434858083724976e-02 3.044200688600540161e-02 9.425373747944831848e-03 2.719619311392307281e-02 2.919983118772506714e-03 1.107960380613803864e-02 1.067844219505786896e-02 9.120143018662929535e-03 2.520741336047649384e-02 1.581696420907974243e-02 3.232031315565109253e-02 1.620573893887922168e-04 8.665644563734531403e-03 4.869652912020683289e-03 2.771525830030441284e-02 4.080216400325298309e-03 4.010931402444839478e-02 2.154868841171264648e-02 3.875119844451546669e-03 9.969004895538091660e-04 1.153559796512126923e-02 3.553328104317188263e-03 2.198442071676254272e-02 2.814142592251300812e-02 1.663424074649810791e-02 1.216255128383636475e-03 7.491253782063722610e-03 2.882752195000648499e-02 7.934834808111190796e-03 1.786552742123603821e-02 5.528063513338565826e-03 6.442782003432512283e-03 3.190839895978569984e-03 3.281263262033462524e-02 2.589559182524681091e-02 1.531765609979629517e-02 6.865934934467077255e-03 1.847681775689125061e-02 2.643810771405696869e-02 3.015293739736080170e-02 3.220852464437484741e-02 5.012519191950559616e-03 7.003383710980415344e-03 1.159211853519082069e-03 1.423798035830259323e-02 2.968332357704639435e-02 2.972407080233097076e-02 3.738596802577376366e-03 7.927148602902889252e-03 2.697510644793510437e-02 1.388673484325408936e-02 1.583280600607395172e-02 2.066587470471858978e-02 1.655785180628299713e-02 9.612115100026130676e-03 1.218771561980247498e-02 4.288867115974426270e-03 1.998107321560382843e-02 1.785894669592380524e-02 2.174420095980167389e-02 6.753976922482252121e-03 3.447374328970909119e-02 5.534899886697530746e-03 2.871441189199686050e-03 2.644246630370616913e-02 8.132250979542732239e-03 1.092160679399967194e-02 1.023707445710897446e-02 1.641875877976417542e-02 1.199157256633043289e-02 8.204071782529354095e-03 1.820640079677104950e-02 5.965378135442733765e-03 2.331932634115219116e-02 1.243141666054725647e-02 1.516689453274011612e-02 2.699200250208377838e-02 1.889661327004432678e-02 8.275425061583518982e-03 2.922518178820610046e-02 3.288495121523737907e-03 1.225487142801284790e-02 7.660533301532268524e-03 1.138597377575933933e-03 1.792505010962486267e-02 1.281926035881042480e-02 1.868188194930553436e-02 1.007910724729299545e-02 1.520519051700830460e-02 3.234388772398233414e-03 8.125280961394309998e-03 1.794015988707542419e-02 2.226720936596393585e-02 3.515531495213508606e-02 1.954915001988410950e-03 2.511546015739440918e-02 7.988329976797103882e-03 4.665256477892398834e-03 5.518158432096242905e-03 1.192747429013252258e-02 1.420995593070983887e-02 2.150667365640401840e-03 1.325014792382717133e-02
6.004598457366228104e-03 1.074520684778690338e-02 8.362948298454284668e-01 1.540250796824693680e-02 2.104611136019229889e-02 1.152595039457082748e-02 8.953964570537209511e-04 5.004127696156501770e-02 1.054795645177364349e-02 9.362989105284214020e-03 2.147456631064414978e-03 1.118169259279966354e-02 8.211520500481128693e-03 1.458547892980277538e-03 6.091473042033612728e-04 4.363045096397399902e-03 3.379239002242684364e-03 2.328080870211124420e-02 1.889787614345550537e-02 1.734561659395694733e-02 7.287922315299510956e-03 1.451514661312103271e-02 3.336237743496894836e-03 1.372598111629486084e-03 1.744166389107704163e-02 1.593073457479476929e-02 2.842127718031406403e-02 5.724822636693716049e-03 1.448111701756715775e-02 3.823220729827880859e-03 2.175342105329036713e-02 6.355070043355226517e-03 1.219520159065723419e-02 1.532531436532735825e-02 3.754401952028274536e-02 2.864365838468074799e-02 1.168774440884590149e-02 5.691975355148315430e-03 2.246692776679992676e-02 3.918254747986793518e-02 9.711488150060176849e-03 1.467897742986679077e-02 1.292003970593214035e-02 1.066196151077747345e-02 9.050100110471248627e-03 9.487171191722154617e-04 9.705012664198875427e-03 1.096110790967941284e-02 7.470190525054931641e-03 9.408931247889995575e-03 1.388703566044569016e-02 5.836701486259698868e-03 1.347293984144926071e-02 1.430458296090364456e-02 5.782677908428013325e-04 2.198003791272640228e-02 2.097385004162788391e-02 1.261467114090919495e-02 1.135215442627668381e-02 2.572787739336490631e-02 3.415710059925913811e-03 9.797175414860248566e-03 5.135544110089540482e-03 2.988992258906364441e-02 1.898154430091381073e-02 2.151009067893028259e-02 1.627928018569946289e-02 7.783125154674053192e-03 9.496642276644706726e-03 1.733465120196342468e-02 8.996757678687572479e-03 1.424214337021112442e-02 1.642059907317161560e-02 1.874572038650512695e-02 1.670845411717891693e-02 6.802171003073453903e-03 7.510041352361440659e-03 1.107636094093322754e-02 1.714339479804039001e-02 1.919149607419967651e-02 5.707415565848350525e-02 3.328020870685577393e-02 1.650520600378513336e-02 1.214888878166675568e-03 1.037573162466287613e-02 2.098924294114112854e-02 3.501709084957838058e-03 8.966352790594100952e-03 1.640048250555992126e-02 6.786462850868701935e-03 8.515264838933944702e-03 2.732129581272602081e-02 1.366535481065511703e-02 2.868275716900825500e-02 1.770191639661788940e-02 7.287916261702775955e-03 9.597858879715204239e-04 2.050306648015975952e-02 4.319261759519577026e-03 4.614379256963729858e-03 1.357016712427139282e-02 1.600633561611175537e-02 2.980356849730014801e-02 2.941963635385036469e-02 1.892600092105567455e-03 2.501041069626808167e-02 9.465901181101799011e-03 7.695515174418687820e-03 8.958303369581699371e-03 2.578512765467166901e-02 2.073344029486179352e-02 2.006165497004985809e-02 2.997158444486558437e-04 4.005807917565107346e-03 8.444678969681262970e-03 7.942286320030689240e-03
2.816735766828060150e-02 2.419495768845081329e-02 1.540250796824693680e-02 8.362948298454284668e-01 7.606380432844161987e-02 1.732476241886615753e-02 4.067074041813611984e-03 2.351340139284729958e-03 1.153735164552927017e-02 1.245477143675088882e-02 1.130148395895957947e-02 1.474315300583839417e-02 4.710080102086067200e-03 9.948944672942161560e-03 1.166496891528367996e-02 5.685651674866676331e-03 1.217789854854345322e-02 4.052857402712106705e-03 2.626425214111804962e-02 1.929251290857791901e-02 1.060090959072113037e-02 7.676727138459682465e-03 1.187713444232940674e-02 3.438043873757123947e-03 2.198966406285762787e-02 1.729006506502628326e-02 1.559038553386926651e-02 1.679090037941932678e-02 4.538638750091195107e-04 6.399345584213733673e-04 3.530718386173248291e-02 1.179769355803728104e-02 2.310663834214210510e-02 1.048882119357585907e-02 1.330127846449613571e-02 1.896665059030056000e-02 1.390872243791818619e-02 2.826636191457509995e-03 3.565341979265213013e-02 4.019153863191604614e-02 2.248303964734077454e-03 2.296766266226768494e-02 2.450976707041263580e-02 2.895266748964786530e-03 7.079986855387687683e-03 7.227728143334388733e-03 3.159257583320140839e-03 3.481518011540174484e-03 1.633805222809314728e-02 2.438810281455516815e-02 1.949280127882957458e-02 1.313239056617021561e-02 3.227719664573669434e-02 3.810272365808486938e-02 1.167202834039926529e-02 1.539838034659624100e-03 7.026520557701587677e-03 1.479579601436853409e-02 9.654480963945388794e-03 1.943720690906047821e-02 2.740512602031230927e-02 1.078853663057088852e-02 3.197429329156875610e-02 1.038460992276668549e-02 2.424120670184493065e-03 3.740901825949549675e-03 2.356476895511150360e-02 1.181074138730764389e-02 1.962565444409847260e-02 1.390194706618785858e-02 2.782224863767623901e-02 2.186541818082332611e-02 6.146993860602378845e-02 1.415313407778739929e-02 4.914258792996406555e-02 3.115850873291492462e-02 2.027858980000019073e-02 2.364518865942955017e-02 1.551016699522733688e-02 1.702723652124404907e-02 1.596354134380817413e-02 9.038083255290985107e-03 9.482003748416900635e-03 3.165850415825843811e-02 8.097813464701175690e-03 9.010420180857181549e-03 1.253646239638328552e-02 2.700104843825101852e-03 2.800071053206920624e-02 1.127265486866235733e-02 7.682573632337152958e-04 5.934414919465780258e-03 2.479515597224235535e-02 3.324806457385420799e-03 2.151081897318363190e-02 1.408468838781118393e-02 1.667715050280094147e-02 2.589112520217895508e-02 9.510981850326061249e-03 1.267199125140905380e-02 1.448293309658765793e-02 1.459291204810142517e-02 2.204821258783340454e-02 3.535858588293194771e-03 9.250957518815994263e-03 2.330001443624496460e-02 2.247678488492965698e-02 5.851023830473423004e-03 9.740126552060246468e-04 3.469314891844987869e-03 1.913326792418956757e-02 7.848178036510944366e-03 2.538186497986316681e-02 1.456213835626840591e-02 1.532446965575218201e-02 8.754672599025070667e-04
2.624068781733512878e-02 2.218376472592353821e-02 2.104611136019229889e-02 7.606380432844161987e-02 8.362948298454284668e-01 1.768049411475658417e-02 5.667444318532943726e-03 5.136400461196899414e-03 1.795287430286407471e-02 2.318425849080085754e-02 1.942072995007038116e-02 7.256412878632545471e-03 9.687438607215881348e-03 3.151808865368366241e-03 7.162471767514944077e-03 9.703767485916614532e-03 3.453339450061321259e-03 1.354353036731481552e-03 5.062566604465246201e-03 7.219488266855478287e-03 5.342879332602024078e-03 1.747186644934117794e-03 1.388400048017501831e-02 2.041597384959459305e-03 1.757013425230979919e-02 1.380710862576961517e-02 1.224065851420164108e-02 1.288342382758855820e-02 1.494829449802637100e-02 2.004346344619989395e-03 5.098151415586471558e-02 1.957031199708580971e-03 2.225713990628719330e-02 5.128030199557542801e-03 1.498302351683378220e-02 1.778587885200977325e-02 1.654625870287418365e-02 5.082412157207727432e-03 3.272766247391700745e-02 4.236068576574325562e-02 2.061844104900956154e-03 2.102879993617534637e-02 2.495236881077289581e-02 7.764698937535285950e-03 3.066183766350150108e-03 8.837247267365455627e-03 9.693935513496398926e-03 1.045076549053192139e-02 1.637836918234825134e-02 3.364984318614006042e-02 1.934239268302917480e-02 1.208770088851451874e-02 2.723408304154872894e-02 3.546057641506195068e-02 1.559717860072851181e-02 2.121748402714729309e-03 3.737573744729161263e-03 1.869846321642398834e-02 9.771088371053338051e-04 2.428858540952205658e-02 1.592371240258216858e-02 3.408991731703281403e-03 2.583827450871467590e-02 2.070420607924461365e-02 1.655261404812335968e-02 2.000932022929191589e-02 1.553882844746112823e-02 7.236609235405921936e-03 1.215910911560058594e-02 8.840354159474372864e-03 2.063564956188201904e-02 1.417246088385581970e-02 5.805891379714012146e-02 6.291077472269535065e-03 5.147046595811843872e-02 1.678129658102989197e-02 1.193854864686727524e-02 1.434468384832143784e-02 1.407241076231002808e-02 3.068478219211101532e-02 1.665806770324707031e-02 8.614338934421539307e-03 9.260143851861357689e-04 2.133648283779621124e-02 2.921278821304440498e-03 1.595217362046241760e-02 1.254467573016881943e-02 1.143318018876016140e-03 1.990495994687080383e-02 1.590739004313945770e-02 9.047402068972587585e-03 1.071127410978078842e-02 2.818958275020122528e-02 4.610124044120311737e-03 1.247844565659761429e-02 5.180943291634321213e-03 2.161601558327674866e-02 1.104032993316650391e-02 5.440245382487773895e-03 1.445178315043449402e-02 1.633566245436668396e-02 1.695308461785316467e-02 2.652034349739551544e-02 1.719888299703598022e-02 1.386314257979393005e-02 3.147115930914878845e-02 1.848919875919818878e-02 1.158065162599086761e-03 4.792414620169438422e-05 1.527430303394794464e-02 4.662242252379655838e-03 1.232710573822259903e-02 2.646460756659507751e-02 1.429790258407592773e-02 2.750855055637657642e-04 5.939013790339231491e-03
2.922088280320167542e-02 2.925181947648525238e-02 1.152595039457082748e-02 1.732476241886615753e-02 1.768049411475658417e-02 8.362948298454284668e-01 8.153185993432998657e-02 6.825393065810203552e-03 1.611087843775749207e-02 1.397524145431816578e-03 2.265673130750656128e-02 4.511765390634536743e-02 2.880585938692092896e-02 3.516866639256477356e-02 4.678549885284155607e-04 1.151530537754297256e-03 2.030168194323778152e-03 7.130378391593694687e-03 2.151117287576198578e-02 1.719002611935138702e-02 5.194233264774084091e-03 1.368162920698523521e-04 1.250269915908575058e-02 1.318621076643466949e-02 7.121335715055465698e-03 5.189100556890480220e-05 8.085861802101135254e-03 2.590305637568235397e-03 1.496947463601827621e-02 1.784670632332563400e-03 3.540844842791557312e-02 2.189406380057334900e-02 4.639143589884042740e-03 1.538329944014549255e-02 8.828036370687186718e-04 8.553683757781982422e-03 1.325392257422208786e-02 7.522237952798604965e-03 5.002784309908747673e-04 1.677085645496845245e-02 1.009268406778573990e-02 7.138931541703641415e-04 1.441428810358047485e-02 1.250744331628084183e-02 2.025610208511352539e-02 6.232785992324352264e-03 7.580415904521942139e-02 5.261810496449470520e-02 1.583917066454887390e-02 2.718674205243587494e-02 3.626665845513343811e-02 4.715657606720924377e-02 1.059628650546073914e-02 2.478412119671702385e-03 7.136228028684854507e-03 4.439011681824922562e-04 1.247692480683326721e-02 1.369756273925304413e-02 1.530643552541732788e-02 1.790400967001914978e-02 4.673509392887353897e-03 8.584970608353614807e-03 3.454030491411685944e-03 6.203103112056851387e-05 1.761477626860141754e-02 2.182487770915031433e-02 1.096763834357261658e-02 1.660337112843990326e-02 7.360413204878568649e-03 1.076992880553007126e-02 1.852169632911682129e-02 8.723121136426925659e-03 2.971332892775535583e-02 6.744119804352521896e-03 3.406813368201255798e-02 9.805236943066120148e-03 2.398133091628551483e-02 3.336096927523612976e-02 9.241754189133644104e-03 4.459717310965061188e-03 1.926529570482671261e-03 1.514145918190479279e-02 2.098951488733291626e-02 1.658656820654869080e-02 7.480724249035120010e-03 1.466829050332307816e-02 9.587913751602172852e-03 1.509061176329851151e-02 2.633355930447578430e-02 2.880966663360595703e-02 3.962999209761619568e-02 3.000936470925807953e-03 4.566887021064758301e-02 9.158539585769176483e-03 1.528544351458549500e-03 8.336735889315605164e-03 4.987823776900768280e-03 1.422882638871669769e-02 3.934379201382398605e-03 3.664374584332108498e-03 1.447158283554017544e-04 7.541367318481206894e-03 4.057188052684068680e-03 9.003333747386932373e-03 8.410610258579254150e-03 1.504733343608677387e-03 3.167419927194714546e-03 1.566825248301029205e-02 3.111785510554909706e-03 1.162609644234180450e-02 8.118890225887298584e-03 2.355302916839718819e-03 1.620886102318763733e-02 4.343620501458644867e-03 5.035808775573968887e-03 2.166899479925632477e-02
9.975777007639408112e-03 2.809681743383407593e-02 8.953964570537209511e-04 4.067074041813611984e-03 5.667444318532943726e-03 8.153185993432998657e-02 8.362948298454284668e-01 9.333478286862373352e-03 6.566945463418960571e-03 1.142231281846761703e-02 2.407429367303848267e-02 3.911216557025909424e-02 3.096967935562133789e-02 3.873835504055023193e-02 6.283068563789129257e-03 8.881368674337863922e-03 2.662692219018936157e-03 6.422751117497682571e-03 1.631521992385387421e-02 1.827799715101718903e-02 8.226270787417888641e-03 8.651238866150379181e-03 1.698491908609867096e-02 6.280853878706693649e-03 9.965707547962665558e-03 4.019896965473890305e-03 1.952277682721614838e-02 1.817994751036167145e-03 1.320811361074447632e-02 1.056801341474056244e-02 3.303746506571769714e-02 2.537681162357330322e-02 4.583525471389293671e-03 1.766121201217174530e-02 2.771420113276690245e-04 2.321735490113496780e-03 8.417994715273380280e-03 1.894501596689224243e-02 1.586167886853218079e-02 2.634679339826107025e-02 8.312528952956199646e-03 1.393742579966783524e-02 1.782902702689170837e-02 1.078834477812051773e-02 2.316529862582683563e-02 1.388079114258289337e-02 8.244901150465011597e-02 5.562866479158401489e-02 1.421631313860416412e-02 2.109653688967227936e-02 2.945474907755851746e-02 4.437248036265373230e-02 1.542241964489221573e-02 1.096879411488771439e-02 7.247554138302803040e-03 9.768290910869836807e-04 4.359345883131027222e-03 1.186123210936784744e-02 3.426111303269863129e-03 9.457330219447612762e-03 2.935854345560073853e-02 1.528231054544448853e-02 1.696949708275496960e-03 3.146662842482328415e-03 1.281611807644367218e-02 2.297747321426868439e-02 9.289097040891647339e-03 1.210778858512639999e-02 1.627769507467746735e-02 2.261083573102951050e-02 5.783097818493843079e-03 2.055138349533081055e-02 1.248238049447536469e-02 1.993824727833271027e-02 2.949009463191032410e-02 1.300741266459226608e-02 3.116540377959609032e-03 2.471644431352615356e-02 2.565395319834351540e-03 9.716854430735111237e-03 1.638319226913154125e-03 4.820579662919044495e-03 1.601540483534336090e-02 5.336969159543514252e-03 2.731116488575935364e-03 3.866165177896618843e-03 1.073101069778203964e-02 6.540990900248289108e-03 1.066499762237071991e-02 2.386355400085449219e-02 3.867680579423904419e-02 5.192445591092109680e-03 3.769307211041450500e-02 1.947277411818504333e-02 5.125286988914012909e-03 1.752215251326560974e-02 1.372350286692380905e-02 1.151437778025865555e-02 3.326392034068703651e-03 4.474338202271610498e-04 1.386309158988296986e-03 4.717315081506967545e-03 2.538047498092055321e-03 1.634212024509906769e-02 2.537148306146264076e-03 4.522520117461681366e-03 4.463037941604852676e-03 1.997432112693786621e-02 8.991588838398456573e-03 1.471241656690835953e-02 4.411573987454175949e-03 1.219137478619813919e-02 1.005765888839960098e-02 1.434976700693368912e-02 1.492636743932962418e-02 2.643993869423866272e-02
1.305336598306894302e-02 2.970261033624410629e-03 5.004127696156501770e-02 2.351340139284729958e-03 5.136400461196899414e-03 6.825393065810203552e-03 9.333478286862373352e-03 8.362948298454284668e-01 8.532310836017131805e-03 1.701157353818416595e-02 2.286481298506259918e-02 1.094042323529720306e-02 2.805461920797824860e-02 1.453639660030603409e-02 4.696218669414520264e-02 3.812280716374516487e-03 1.360781583935022354e-02 2.308818511664867401e-02 1.644485816359519958e-02 2.348042838275432587e-02 2.355201356112957001e-02 3.005650453269481659e-02 1.830612868070602417e-02 1.622494868934154510e-02 3.162776678800582886e-02 3.347177803516387939e-02 2.399475313723087311e-02 1.983732450753450394e-03 9.967194870114326477e-03 1.588411815464496613e-02 4.979394376277923584e-03 7.116502150893211365e-03 1.734294928610324860e-02 1.923845708370208740e-02 3.564922884106636047e-02 3.854054957628250122e-02 3.460425138473510742e-02 1.131800655275583267e-02 1.621314510703086853e-02 1.069530379027128220e-02 1.521058008074760437e-02 1.127880066633224487e-02 1.764614507555961609e-02 2.168024331331253052e-02 1.221400685608386993e-02 3.956405445933341980e-03 2.443957608193159103e-03 1.049901731312274933e-02 9.821577696129679680e-04 8.096240460872650146e-03 4.591624252498149872e-03 9.505365975201129913e-03 9.393864311277866364e-03 2.418297529220581055e-02 1.478127436712384224e-03 2.773035131394863129e-02 6.259601213969290257e-04 2.269836701452732086e-02 2.418498694896697998e-02 3.469152376055717468e-02 6.127915810793638229e-03 2.504066331312060356e-03 1.185657829046249390e-02 2.747501619160175323e-02 2.191247045993804932e-02 1.878737099468708038e-02 2.418053895235061646e-02 2.438157238066196442e-02 1.673150807619094849e-03 1.191932521760463715e-02 3.010953078046441078e-03 8.480997639708220959e-04 1.556230988353490829e-02 7.939610630273818970e-03 2.406642585992813110e-02 1.258680224418640137e-02 8.952377364039421082e-03 1.341197825968265533e-02 1.919692754745483398e-02 4.467110149562358856e-03 6.596565991640090942e-02 4.462035372853279114e-02 3.207935765385627747e-02 1.517294347286224365e-02 1.700757257640361786e-02 2.581270970404148102e-02 5.293934047222137451e-02 4.608691483736038208e-02 2.381111029535531998e-03 1.319601107388734818e-02 7.289648987352848053e-03 1.990740559995174408e-02 6.013225298374891281e-03 1.536791305989027023e-02 1.711572706699371338e-02 2.143667079508304596e-02 2.024153480306267738e-03 2.479501999914646149e-03 1.494784001260995865e-02 1.490551326423883438e-02 2.893733605742454529e-02 3.378373757004737854e-02 2.065850235521793365e-02 3.070296486839652061e-03 2.221303246915340424e-02 2.961205504834651947e-02 2.097992599010467529e-02 7.629568222910165787e-03 2.396013215184211731e-02 1.372396294027566910e-02 1.245293859392404556e-02 4.754898138344287872e-03 6.289599463343620300e-03 9.668165817856788635e-03 5.096830893307924271e-03 5.239863879978656769e-03
1.208834536373615265e-02 2.378038130700588226e-02 1.054795645177364349e-02 1.153735164552927017e-02 1.795287430286407471e-02 1.611087843775749207e-02 6.566945463418960571e-03 8.532310836017131805e-03 8.362948298454284668e-01 2.016418613493442535e-02 1.932650245726108551e-02 9.379291906952857971e-03 2.426925487816333771e-02 9.243494831025600433e-03 1.155320461839437485e-02 1.809158734977245331e-02 7.386162760667502880e-04 1.622229069471359253e-02 1.221883483231067657e-02 1.058823056519031525e-02 1.935567823238670826e-03 2.873622067272663116e-02 8.988155750557780266e-04 2.178134396672248840e-02 1.288172602653503418e-02 8.371260017156600952e-03 7.360371295362710953e-03 1.644374988973140717e-02 2.284354995936155319e-03 1.734302751719951630e-02 1.414066459983587265e-02 6.435713148675858974e-04 9.319148957729339600e-03 6.164624821394681931e-03 2.896624384447932243e-03 1.358383428305387497e-02 2.778417058289051056e-02 1.795157231390476227e-02 9.186864830553531647e-03 2.413634769618511200e-02 2.538345567882061005e-02 2.355718985199928284e-03 2.638761326670646667e-02 5.682889837771654129e-03 2.509184181690216064e-02 3.006753511726856232e-03 7.995021296665072441e-04 4.869352560490369797e-03 3.245748952031135559e-02 2.723748050630092621e-02 1.243102550506591797e-02 2.116002514958381653e-02 1.114838849753141403e-02 1.941283978521823883e-02 4.615022614598274231e-02 3.664680116344243288e-04 2.698514051735401154e-02 2.037088619545102119e-03 1.206899341195821762e-02 2.027065493166446686e-02 1.754311285912990570e-02 4.829627461731433868e-03 2.245919546112418175e-03 1.706722006201744080e-02 1.973263733088970184e-02 3.121515177190303802e-02 1.242187432944774628e-02 1.031275279819965363e-02 3.219945728778839111e-02 2.051403513178229332e-03 1.769428141415119171e-02 2.249638736248016357e-02 4.895536112599074841e-04 5.397795699536800385e-03 7.495144382119178772e-03 1.607931405305862427e-02 5.813238397240638733e-02 1.820581220090389252e-02 5.266801640391349792e-02 3.489009290933609009e-02 2.735031535848975182e-03 2.993418136611580849e-03 2.969440072774887085e-02 5.325805861502885818e-03 1.234043762087821960e-02 1.471445662900805473e-03 5.819912999868392944e-03 8.660545572638511658e-03 3.583768382668495178e-02 1.242330204695463181e-02 8.056590333580970764e-03 3.798552975058555603e-02 1.533177588135004044e-02 1.422712206840515137e-02 8.262791670858860016e-03 8.631310425698757172e-03 8.769155479967594147e-03 1.086683943867683411e-02 9.599407203495502472e-03 1.133495126850903034e-03 4.689114575739949942e-04 1.166119799017906189e-02 3.025168552994728088e-02 1.609053649008274078e-02 1.447824668139219284e-02 3.366393223404884338e-02 1.770006492733955383e-02 2.724131941795349121e-02 2.378123067319393158e-02 9.835462085902690887e-03 1.603651419281959534e-02 2.735572122037410736e-02 1.880402490496635437e-02 2.154291234910488129e-02 3.764033084735274315e-03 2.820074325427412987e-03
1.676163286902010441e-03 2.816087100654840469e-03 9.362989105284214020e-03 1.245477143675088882e-02 2.318425849080085754e-02 1.397524145431816578e-03 1.142231281846761703e-02 1.701157353818416595e-02 2.016418613493442535e-02 8.362948298454284668e-01 1.243424974381923676e-02 9.572214446961879730e-03 1.056856010109186172e-02 2.132343873381614685e-02 2.890429086983203888e-02 6.861636880785226822e-03 2.936084056273102760e-04 2.049025148153305054e-02 4.587181285023689270e-02 1.207859534770250320e-02 6.502568139694631100e-04 2.057961374521255493e-02 6.741794757544994354e-03 1.253493689000606537e-02 5.595996510237455368e-03 5.545259919017553329e-03 1.978922821581363678e-02 3.550307883415371180e-04 1.604018919169902802e-02 2.729218080639839172e-02 2.275672182440757751e-02 1.441818755120038986e-02 2.198269963264465332e-02 1.134343910962343216e-02 1.452055387198925018e-02 2.695325296372175217e-03 2.221164322691038251e-04 1.375079434365034103e-02 1.430328655987977982e-02 2.318584918975830078e-02 5.437971558421850204e-03 2.376206405460834503e-02 7.425968069583177567e-04 1.394286565482616425e-02 1.996974460780620575e-02 4.168176651000976562e-02 6.107910070568323135e-03 2.542693912982940674e-02 1.382541563361883163e-02 3.126278519630432129e-02 1.035247277468442917e-02 1.565480232238769531e-02 2.188904955983161926e-02 1.999945752322673798e-02 2.966684056445956230e-03 3.603453561663627625e-02 1.789108477532863617e-02 9.711279533803462982e-03 1.873914850875735283e-03 3.239611629396677017e-03 2.121807821094989777e-02 1.617165654897689819e-02 1.980820437893271446e-03 1.877470687031745911e-02 4.826990887522697449e-03 8.921111002564430237e-03 2.628814196214079857e-03 6.679418962448835373e-03 1.001831144094467163e-02 2.865234576165676117e-02 7.945219054818153381e-03 1.277381274849176407e-02 9.716819971799850464e-03 2.064592204988002777e-02 2.607627830002456903e-04 9.921533986926078796e-03 1.007445994764566422e-02 5.761415138840675354e-02 5.368368234485387802e-03 5.490653961896896362e-02 2.263015136122703552e-02 1.250316854566335678e-02 1.433218014426529408e-03 3.055453486740589142e-02 3.240130608901381493e-03 1.307651586830615997e-02 2.637780457735061646e-02 2.517888322472572327e-02 5.946918390691280365e-04 3.670609742403030396e-02 2.672205120325088501e-02 1.317813433706760406e-02 9.931984357535839081e-03 1.948119327425956726e-02 1.807696744799613953e-02 4.533066414296627045e-03 3.226189687848091125e-02 8.374452590942382812e-03 1.982053741812705994e-02 1.124246604740619659e-02 1.995779387652873993e-02 1.150453835725784302e-02 3.494249191135168076e-03 1.453083381056785583e-02 1.046557538211345673e-02 8.565713651478290558e-03 3.499744925647974014e-04 5.840507801622152328e-03 2.228057757019996643e-02 8.022336289286613464e-03 1.027832925319671631e-02 9.413935244083404541e-03 9.938013739883899689e-03 2.763093914836645126e-03 2.157427556812763214e-02 8.486143313348293304e-03
4.979332163929939270e-02 5.281203985214233398e-02 2.147456631064414978e-03 1.130148395895957947e-02 1.942072995007038116e-02 2.265673130750656128e-02 2.407429367303848267e-02 2.286481298506259918e-02 1.932650245726108551e-02 1.243424974381923676e-02 8.362948298454284668e-01 5.497416481375694275e-03 6.292266398668289185e-02 3.812675713561475277e-04 4.879161715507507324e-02 1.043368782848119736e-02 2.591578476130962372e-02 1.532006449997425079e-02 1.343640126287937164e-02 1.190235558897256851e-02 1.327093318104743958e-02 4.573849216103553772e-02 2.356189675629138947e-02 3.630372509360313416e-02 1.028621289879083633e-02 1.254581473767757416e-02 1.542238611727952957e-02 3.730471804738044739e-02 1.793693937361240387e-02 3.751122578978538513e-02 2.794521674513816833e-02 8.309552446007728577e-03 6.086691282689571381e-03 1.243515498936176300e-02 5.868320818990468979e-03 2.036216109991073608e-02 2.929304540157318115e-02 1.823744736611843109e-02 4.333336371928453445e-03 9.601169265806674957e-03 1.736510917544364929e-02 6.251533050090074539e-03 1.873374730348587036e-02 2.638393454253673553e-02 1.249770913273096085e-02 5.876163486391305923e-03 3.557538241147994995e-02 1.863744482398033142e-02 1.307508349418640137e-02 5.196832586079835892e-03 1.490167994052171707e-02 1.718590408563613892e-02 2.138262800872325897e-02 2.560777030885219574e-02 6.046715658158063889e-03 8.539298549294471741e-03 1.199229387566447258e-03 1.473986078053712845e-02 1.364265568554401398e-02 2.696487493813037872e-02 3.553700866177678108e-03 6.379258818924427032e-03 2.480429969727993011e-02 2.129651419818401337e-02 3.067452087998390198e-02 2.700579911470413208e-02 2.243491634726524353e-02 1.874279789626598358e-02 1.611246727406978607e-02 3.846201812848448753e-03 1.785034872591495514e-02 1.796253491193056107e-03 2.885467559099197388e-02 1.071150880306959152e-02 3.130009025335311890e-02 8.657723665237426758e-03 3.580729244276881218e-03 2.470541745424270630e-02 9.907255880534648895e-03 1.239968277513980865e-02 7.514057215303182602e-03 1.908121816813945770e-02 2.003468573093414307e-02 1.683642505668103695e-03 9.728365577757358551e-03 1.048317411914467812e-03 4.065955057740211487e-02 3.149107471108436584e-02 3.721058834344148636e-03 1.589331775903701782e-02 1.927510462701320648e-02 2.316817268729209900e-02 8.610065095126628876e-03 1.190294418483972549e-02 9.054126217961311340e-03 4.738050047308206558e-03 2.420124365016818047e-03 5.695134401321411133e-03 1.536256819963455200e-02 1.795222237706184387e-02 1.977692358195781708e-02 2.021177485585212708e-02 2.498819492757320404e-03 1.420371118001639843e-03 1.534636318683624268e-02 2.575655654072761536e-02 3.936556726694107056e-02 3.167491871863603592e-03 2.340949699282646179e-02 1.724421419203281403e-02 1.368109509348869324e-02 1.124604168580844998e-04 2.524887397885322571e-02 1.488182041794061661e-02 1.521688699722290039e-02 7.323547615669667721e-04
1.748614711686968803e-03 7.546670269221067429e-03 1.118169259279966354e-02 1.474315300583839417e-02 7.256412878632545471e-03 4.511765390634536743e-02 3.911216557025909424e-02 1.094042323529720306e-02 9.379291906952857971e-03 9.572214446961879730e-03 5.497416481375694275e-03 8.362948298454284668e-01 2.267620293423533440e-03 9.153999388217926025e-02 1.549487747251987457e-02 7.073651533573865891e-03 1.417485764250159264e-03 1.342177297919988632e-02 3.345064818859100342e-02 1.557579170912504196e-02 1.092252880334854126e-02 3.630203893408179283e-03 9.237374179065227509e-03 9.688100777566432953e-03 6.457598414272069931e-03 3.532427130267024040e-03 9.058379568159580231e-03 1.618572510778903961e-02 3.985539078712463379e-03 2.710768580436706543e-02 2.295067999511957169e-03 2.894713729619979858e-02 6.062519736588001251e-03 2.286928147077560425e-02 3.969115205109119415e-03 7.455639541149139404e-03 2.967785112559795380e-03 5.967108998447656631e-03 8.074466022662818432e-04 7.016534917056560516e-03 1.365369651466608047e-02 2.798929624259471893e-02 1.794992759823799133e-02 1.385040301829576492e-02 4.019897803664207458e-02 3.540305048227310181e-02 7.176424376666545868e-03 3.817245364189147949e-02 1.998755335807800293e-02 7.292018271982669830e-03 5.205483641475439072e-03 2.489841356873512268e-02 2.315361797809600830e-02 1.212504412978887558e-02 1.701940037310123444e-02 1.339082326740026474e-02 1.683481782674789429e-02 1.395323406904935837e-02 1.901215873658657074e-02 2.235690131783485413e-02 2.523975446820259094e-02 5.670253187417984009e-03 1.496040727943181992e-03 6.602608133107423782e-03 1.645065099000930786e-02 2.145948074758052826e-02 2.848487161099910736e-02 2.809979207813739777e-02 1.858152262866497040e-02 2.198848687112331390e-02 4.901445005089044571e-03 1.704854145646095276e-02 1.411525066941976547e-02 6.205223500728607178e-03 9.106539655476808548e-04 6.367243826389312744e-03 3.147825133055448532e-03 1.558698713779449463e-02 8.715156465768814087e-03 9.514247067272663116e-03 7.759220432490110397e-03 1.860567927360534668e-02 1.081881020218133926e-02 2.491984888911247253e-02 3.401060821488499641e-04 4.730055574327707291e-03 2.327188104391098022e-02 1.493322011083364487e-02 2.670398354530334473e-02 4.246781766414642334e-02 2.485739625990390778e-02 1.111866626888513565e-02 4.050774872303009033e-02 5.433602724224328995e-03 1.789222471415996552e-02 1.151333749294281006e-02 4.779174458235502243e-03 1.652004197239875793e-02 1.538820751011371613e-02 8.066057227551937103e-03 8.475916460156440735e-03 1.770047470927238464e-03 3.408363554626703262e-03 6.623153109103441238e-03 2.538484707474708557e-02 1.262107281945645809e-03 8.509394712746143341e-03 9.956574998795986176e-03 3.813349874690175056e-03 5.789389368146657944e-03 9.044932201504707336e-03 2.334673888981342316e-03 2.418340556323528290e-02 1.042309124022722244e-02 9.192953817546367645e-03 2.313832752406597137e-02
4.721868783235549927e-02 5.159838870167732239e-02 8.211520500481128693e-03 4.710080102086067200e-03 9.687438607215881348e-03 2.880585938692092896e-02 3.096967935562133789e-02 2.805461920797824860e-02 2.426925487816333771e-02 1.056856010109186172e-02 6.292266398668289185e-02 2.267620293423533440e-03 8.362948298454284668e-01 1.012487988919019699e-02 4.662163928151130676e-02 5.258265882730484009e-03 2.238529920578002930e-02 1.114825531840324402e-02 9.833632502704858780e-04 6.074327975511550903e-03 9.694308042526245117e-03 4.692881181836128235e-02 1.520491484552621841e-02 2.730419114232063293e-02 8.764263242483139038e-03 1.218322198837995529e-02 2.378616109490394592e-02 3.544598072767257690e-02 1.924944296479225159e-02 3.914573043584823608e-02 2.825388312339782715e-02 1.670743920840322971e-03 2.815382322296500206e-04 9.707914665341377258e-03 7.024086080491542816e-03 2.413422241806983948e-02 3.217513114213943481e-02 2.880391851067543030e-02 4.316353704780340195e-03 1.621551066637039185e-02 2.885297499597072601e-02 1.514075556769967079e-03 1.587248221039772034e-02 1.873022690415382385e-02 7.649064529687166214e-03 3.392707090824842453e-03 4.227081313729286194e-02 3.047804348170757294e-02 1.422204822301864624e-02 8.296559564769268036e-03 1.261732820421457291e-02 2.251080237329006195e-02 2.047581411898136139e-02 2.618368528783321381e-02 1.009397394955158234e-02 2.428887179121375084e-03 9.177526459097862244e-03 8.362282998859882355e-03 2.164415270090103149e-02 3.543310984969139099e-02 7.250108290463685989e-03 1.649138634093105793e-03 1.612176187336444855e-02 2.003837935626506805e-02 3.457598760724067688e-02 3.507138788700103760e-02 1.687742955982685089e-02 1.766963861882686615e-02 3.293626476079225540e-03 6.657796911895275116e-03 6.138639524579048157e-03 1.236415700986981392e-03 2.122487314045429230e-02 1.561943907290697098e-02 3.102384507656097412e-02 1.037108339369297028e-02 8.171517401933670044e-03 1.833062246441841125e-02 1.142468862235546112e-02 5.215546581894159317e-03 1.333978772163391113e-02 2.640676684677600861e-02 2.799361757934093475e-02 4.900893196463584900e-03 1.134432759135961533e-02 1.403803704306483269e-03 3.982168063521385193e-02 3.957042098045349121e-02 7.731753867119550705e-03 1.558469049632549286e-02 2.528940141201019287e-02 2.437812834978103638e-02 1.807336695492267609e-02 1.838686317205429077e-02 4.928199108690023422e-03 1.527367741800844669e-03 5.525101441890001297e-03 2.703122328966856003e-03 4.933177027851343155e-03 6.026796996593475342e-03 1.712217926979064941e-02 2.040170691907405853e-02 9.119004942476749420e-03 8.402073755860328674e-03 1.749362982809543610e-02 2.698302082717418671e-02 3.719388693571090698e-02 6.096586119383573532e-03 2.723555266857147217e-02 1.549437455832958221e-02 1.055237720720469952e-03 1.627326942980289459e-02 2.143015898764133453e-02 1.446866523474454880e-02 1.312828436493873596e-02 1.200884394347667694e-02
