8.546127676963806152e-01 9.593205153942108154e-02 7.812077645212411880e-03 1.373165845870971680e-02 1.510121766477823257e-02 5.758064240217208862e-02 2.392622455954551697e-02 1.285497564822435379e-02 6.619606632739305496e-03 1.515620388090610504e-02 6.540735810995101929e-02 6.797426380217075348e-03 4.775894060730934143e-02 2.212248276919126511e-03 1.353661064058542252e-03 5.389009136706590652e-03 2.061843639239668846e-03 1.847729831933975220e-02 3.024886734783649445e-02 1.475113350898027420e-02 2.440217137336730957e-02 1.302123419009149075e-03 4.515778273344039917e-03 1.910812716232612729e-04 2.526908181607723236e-03 2.002089750021696091e-03 2.236984670162200928e-02 3.583225188776850700e-03 3.577392315492033958e-03 9.989424608647823334e-03 2.257083775475621223e-03 8.446733467280864716e-03 1.936534047126770020e-02 9.287536377087235451e-04 2.255319990217685699e-02 3.265392035245895386e-02 3.124470077455043793e-02 2.236676402390003204e-02 9.532636962831020355e-03 1.463619899004697800e-02 1.552675757557153702e-02 1.255030091851949692e-02 7.502760272473096848e-03 1.085645612329244614e-02 1.075392868369817734e-02 2.545028552412986755e-02 1.125891413539648056e-02 1.313784904778003693e-02 1.159373391419649124e-02 1.510804146528244019e-02 6.277099251747131348e-03 1.109941047616302967e-03 1.326532801613211632e-03 1.796615496277809143e-02 2.776607871055603027e-02 2.384751848876476288e-02 1.224395260214805603e-02 1.267286296933889389e-02 1.078479341231286526e-03 4.292626399546861649e-03 2.015442401170730591e-02 2.808317169547080994e-02 1.170361042022705078e-02 3.083913587033748627e-03 2.496710605919361115e-02 2.073895419016480446e-03 1.175997499376535416e-02 2.070759423077106476e-02 4.557677544653415680e-03 2.828505076467990875e-02 7.237092591822147369e-03 2.426195889711380005e-02 6.236130837351083755e-03 3.091285564005374908e-02 8.678090758621692657e-03 2.278048731386661530e-02 5.267265252768993378e-03 5.742241628468036652e-03 2.572720684111118317e-02 2.978577651083469391e-02 2.167961373925209045e-02 9.627943858504295349e-03 9.781228378415107727e-03 2.245996892452239990e-02 2.730954904109239578e-03 1.700918935239315033e-02 1.201274991035461426e-02 8.751047775149345398e-03 4.623091779649257660e-03 2.021581307053565979e-02 2.149912063032388687e-03 7.628052262589335442e-04 1.461085863411426544e-02 1.917293108999729156e-02 1.072444394230842590e-02 1.341003645211458206e-02 3.040365874767303467e-02 2.029009908437728882e-02 4.660177975893020630e-03 1.892690896056592464e-03 6.990842986851930618e-03 5.015941336750984192e-03 2.507142722606658936e-02 1.153132691979408264e-02 1.678627915680408478e-02 1.881100423634052277e-02 8.251425810158252716e-03 2.103792130947113037e-02 1.593859167769551277e-03 3.513154760003089905e-02 1.136506069451570511e-02 3.887225408107042313e-03 2.530195983126759529e-03 1.046879868954420090e-02 1.680141873657703400e-02 1.718916371464729309e-02
9.593205153942108154e-02 8.546127676963806152e-01 6.550512742251157761e-03 8.374707773327827454e-03 1.228110771626234055e-02 5.502767860889434814e-02 2.232867293059825897e-02 1.004923973232507706e-02 2.787057077512145042e-03 1.176221575587987900e-02 6.052922829985618591e-02 8.615893311798572540e-03 4.442094638943672180e-02 4.114223178476095200e-03 4.784324672073125839e-03 1.092619076371192932e-02 7.696224842220544815e-03 1.648077555000782013e-02 2.908883988857269287e-02 1.311464700847864151e-02 2.304139174520969391e-02 6.473790388554334641e-03 4.547286313027143478e-03 1.663697767071425915e-03 5.309216794557869434e-04 7.450482342392206192e-03 2.548755705356597900e-02 8.065603673458099365e-03 1.599214621819555759e-03 5.106964614242315292e-03 1.145168906077742577e-03 9.955154731869697571e-03 1.434178464114665985e-02 8.039450040087103844e-04 1.731382310390472412e-02 3.037596121430397034e-02 3.214816376566886902e-02 1.992806047201156616e-02 2.181311370804905891e-03 7.670636288821697235e-03 1.451433729380369186e-02 1.472881808876991272e-02 1.093266438692808151e-02 6.654136348515748978e-03 1.523814909160137177e-02 2.734881080687046051e-02 9.617556817829608917e-03 1.253181882202625275e-02 1.547431666404008865e-02 1.263712905347347260e-02 9.312400594353675842e-03 3.282211720943450928e-03 2.896283054724335670e-03 1.614125631749629974e-02 3.187832236289978027e-02 2.372352406382560730e-02 1.189981680363416672e-02 3.361238632351160049e-03 6.574649014510214329e-04 1.989964861422777176e-03 1.695923320949077606e-02 2.073381468653678894e-02 5.850951187312602997e-03 2.627901500090956688e-03 2.585587464272975922e-02 2.485095174051821232e-04 9.607394225895404816e-03 1.968969963490962982e-02 3.147447714582085609e-03 2.519979327917098999e-02 1.565675134770572186e-03 2.145411074161529541e-02 9.322896949015557766e-05 2.703299373388290405e-02 4.596333019435405731e-03 2.283559367060661316e-02 1.902664662338793278e-03 4.659927450120449066e-03 3.553829714655876160e-02 3.286683186888694763e-02 2.194049023091793060e-02 5.975247360765933990e-03 3.322515636682510376e-03 1.646987162530422211e-02 2.447612117975950241e-03 1.657151244580745697e-02 1.321370154619216919e-02 5.456445738673210144e-03 2.797803143039345741e-03 1.848963275551795959e-02 4.272918158676475286e-04 6.053474731743335724e-03 1.015138905495405197e-02 2.155322954058647156e-02 2.204122720286250114e-03 5.659430753439664841e-03 2.581339515745639801e-02 1.861281134188175201e-02 5.499463994055986404e-03 2.681321464478969574e-03 8.953806944191455841e-03 8.595355786383152008e-03 2.493970096111297607e-02 1.204887498170137405e-02 1.228121016174554825e-02 1.462336070835590363e-02 2.812026999890804291e-03 2.082090079784393311e-02 4.650182556360960007e-03 3.132848814129829407e-02 9.126592427492141724e-03 3.280651755630970001e-03 4.736015107482671738e-03 1.329307910054922104e-02 1.478311326354742050e-02 1.624882221221923828e-02
7.812077645212411880e-03 6.550512742251157761e-03 8.546127676963806152e-01 1.807991787791252136e-02 2.043446153402328491e-02 1.106745190918445587e-02 7.078157737851142883e-03 1.290183514356613159e-02 4.356470890343189240e-03 1.691517303697764874e-03 1.526203379034996033e-02 8.455211296677589417e-03 1.814763434231281281e-02 6.738908588886260986e-03 1.279392372816801071e-02 1.986450701951980591e-02 1.939579471945762634e-02 5.003004334867000580e-03 2.171272877603769302e-03 2.124400436878204346e-02 1.914248242974281311e-02 3.489883244037628174e-02 1.559998653829097748e-02 1.369758881628513336e-02 2.351841703057289124e-02 1.702648587524890900e-02 4.933502152562141418e-02 2.609133720397949219e-03 1.555523183196783066e-02 8.688443340361118317e-04 1.214752532541751862e-02 2.920939959585666656e-02 2.797887288033962250e-02 1.960243098437786102e-02 2.404312789440155029e-02 1.100360788404941559e-02 7.567218504846096039e-03 2.456885948777198792e-02 2.792765758931636810e-02 2.633159421384334564e-02 1.154075097292661667e-02 8.290548808872699738e-03 3.976324107497930527e-03 5.023859441280364990e-03 9.980391478165984154e-04 3.009697888046503067e-03 9.555233642458915710e-03 1.566354744136333466e-02 8.931386284530162811e-03 3.780822968110442162e-03 8.420667611062526703e-03 1.409270986914634705e-02 2.741133607923984528e-02 2.607942745089530945e-02 4.990326240658760071e-03 9.921899763867259026e-04 1.269513554871082306e-02 1.679548807442188263e-02 2.113915421068668365e-02 1.417395286262035370e-02 2.013291418552398682e-02 2.122723869979381561e-02 1.644550263881683350e-02 1.573930680751800537e-02 2.444660058245062828e-03 1.005756575614213943e-02 1.655559428036212921e-02 1.587806828320026398e-02 1.625603437423706055e-02 2.391378581523895264e-02 1.232997793704271317e-02 2.262247353792190552e-02 8.871993049979209900e-03 1.462732721120119095e-02 1.116551086306571960e-02 5.556277930736541748e-03 8.782279677689075470e-03 4.922483116388320923e-03 4.126799292862415314e-03 9.478147141635417938e-03 5.720673501491546631e-02 5.618388578295707703e-02 4.417658783495426178e-03 3.576864954084157944e-03 1.790014468133449554e-02 8.609566837549209595e-03 3.258865326642990112e-02 2.864476665854454041e-02 3.641621442511677742e-03 3.408570308238267899e-03 1.140946708619594574e-02 2.970943227410316467e-02 1.287442538887262344e-02 3.457742184400558472e-02 2.623685821890830994e-02 1.809591613709926605e-02 5.331274587661027908e-03 9.152770042419433594e-03 9.843314066529273987e-03 6.506271660327911377e-03 2.660454064607620239e-02 1.972339116036891937e-02 5.271163769066333771e-03 1.058245450258255005e-02 4.101409390568733215e-02 3.760662302374839783e-02 1.219751592725515366e-02 1.537591032683849335e-02 1.480468921363353729e-02 7.201354485005140305e-03 1.014639716595411301e-02 1.286066882312297821e-02 8.327922783792018890e-03 1.692660734988749027e-03 1.194868795573711395e-02 6.006076931953430176e-03
1.373165845870971680e-02 8.374707773327827454e-03 1.807991787791252136e-02 8.546127676963806152e-01 4.843545705080032349e-02 1.744961179792881012e-02 9.071405045688152313e-03 1.711134240031242371e-02 2.441296353936195374e-02 2.043084613978862762e-02 1.564342528581619263e-02 3.309641033411026001e-02 1.562067680060863495e-02 2.583332918584346771e-02 2.099970355629920959e-02 3.140854462981224060e-02 2.872252464294433594e-02 3.742115944623947144e-02 2.990231290459632874e-02 1.512746093794703484e-03 3.389859106391668320e-03 2.261570421978831291e-03 2.313241921365261078e-02 1.772556826472282410e-02 1.082486473023891449e-02 1.969284936785697937e-02 2.191411145031452179e-02 2.234334126114845276e-02 8.852788247168064117e-03 1.740073226392269135e-02 5.179462023079395294e-04 9.855255484580993652e-04 2.696595340967178345e-02 8.102808496914803982e-04 2.199627459049224854e-02 5.394815001636743546e-03 5.133044440299272537e-03 1.022774726152420044e-02 4.286623001098632812e-02 4.113386571407318115e-02 5.602876190096139908e-03 8.424246683716773987e-03 1.379616372287273407e-02 5.953307263553142548e-03 4.349088994786143303e-04 7.095197215676307678e-03 1.070467196404933929e-02 4.356768447905778885e-03 1.340747252106666565e-02 1.197661366313695908e-02 2.265810407698154449e-02 1.894325390458106995e-02 1.007343269884586334e-02 1.736811012960970402e-03 5.580981727689504623e-03 5.159566178917884827e-03 3.404708951711654663e-02 2.682301402091979980e-02 1.702639460563659668e-02 1.222699880599975586e-02 3.686532005667686462e-02 2.999892272055149078e-02 3.089179843664169312e-02 2.466052398085594177e-02 3.325367346405982971e-03 1.043475046753883362e-02 7.597317453473806381e-03 7.470854092389345169e-03 3.914666175842285156e-02 2.104243077337741852e-02 3.958829864859580994e-02 2.402630262076854706e-02 5.122576281428337097e-02 2.861023880541324615e-02 5.107061564922332764e-02 2.386176213622093201e-02 4.195575788617134094e-02 2.981569059193134308e-02 2.594485180452466011e-03 1.897509582340717316e-02 1.395965926349163055e-02 1.940486393868923187e-02 4.332674667239189148e-02 4.138415306806564331e-02 3.912399057298898697e-03 5.313572473824024200e-03 2.446097205393016338e-04 9.613349684514105320e-04 3.357333689928054810e-02 3.047901205718517303e-02 6.253942381590604782e-03 2.885633381083607674e-03 2.741407661233097315e-04 1.469987072050571442e-02 3.334628790616989136e-02 2.585992403328418732e-02 9.109705686569213867e-03 1.501569058746099472e-02 2.167791128158569336e-02 1.382900867611169815e-02 6.426280364394187927e-03 3.589610336348414421e-03 2.192297950387001038e-03 2.490139333531260490e-03 1.606229692697525024e-02 7.491989061236381531e-03 1.331777125597000122e-02 2.222310937941074371e-02 9.353689849376678467e-03 1.330690085887908936e-02 9.121901355683803558e-03 1.909536658786237240e-03 1.061395276337862015e-02 7.660603616386651993e-03 2.369428053498268127e-03 9.176100604236125946e-03
1.510121766477823257e-02 1.228110771626234055e-02 2.043446153402328491e-02 4.843545705080032349e-02 8.546127676963806152e-01 1.704241149127483368e-02 1.506105344742536545e-02 1.064324751496315002e-02 2.435732632875442505e-02 1.827333122491836548e-02 2.133798412978649139e-02 2.761537395417690277e-02 2.674027904868125916e-02 1.959632895886898041e-02 1.601522602140903473e-02 2.694376930594444275e-02 2.624701149761676788e-02 2.840706892311573029e-02 2.212424017488956451e-02 1.708510681055486202e-03 4.050841380376368761e-04 3.392789803911000490e-04 2.345464564859867096e-02 1.854633726179599762e-02 1.355436723679304123e-02 1.895509660243988037e-02 2.257367409765720367e-02 1.950414292514324188e-02 8.546962402760982513e-03 8.062955923378467560e-03 1.771284267306327820e-02 1.518779026810079813e-04 2.475388161838054657e-02 4.889164585620164871e-03 1.776324212551116943e-02 5.103631876409053802e-03 1.133870054036378860e-02 1.397826336324214935e-02 3.697867318987846375e-02 4.473140463232994080e-02 7.054314482957124710e-03 9.372067637741565704e-03 9.249248541891574860e-03 3.814782947301864624e-03 2.416629344224929810e-03 2.093654591590166092e-03 1.731574907898902893e-02 1.154039520770311356e-02 5.079444963485002518e-03 1.101965736597776413e-02 1.329188887029886246e-02 1.134800259023904800e-02 6.921723484992980957e-03 5.648296792060136795e-03 1.155786216259002686e-02 5.517125595360994339e-03 2.636857330799102783e-02 1.712789572775363922e-02 1.540563348680734634e-02 1.654659211635589600e-02 3.236984834074974060e-02 2.654208987951278687e-02 2.570773474872112274e-02 1.817282289266586304e-02 6.302846129983663559e-03 1.121564116328954697e-02 3.297179238870739937e-03 7.805223111063241959e-03 3.256800770759582520e-02 2.052947692573070526e-02 3.317075967788696289e-02 2.508752979338169098e-02 4.475206881761550903e-02 2.266358397901058197e-02 4.453019797801971436e-02 1.888087205588817596e-02 3.606655821204185486e-02 2.503349632024765015e-02 8.909923955798149109e-03 1.539637427777051926e-02 2.093418873846530914e-02 1.631436869502067566e-02 4.056250303983688354e-02 4.052053019404411316e-02 1.110219210386276245e-02 2.745175501331686974e-03 8.121963590383529663e-03 1.382735092192888260e-02 3.119838610291481018e-02 2.504096925258636475e-02 8.816610090434551239e-03 5.494790966622531414e-04 5.610979627817869186e-03 1.577975600957870483e-02 3.428516164422035217e-02 3.195796161890029907e-02 5.921545904129743576e-03 9.473837912082672119e-03 1.863079518079757690e-02 1.008119154721498489e-02 6.670132745057344437e-03 6.588670890778303146e-03 5.340161267668008804e-03 1.724421279504895210e-03 1.394571177661418915e-02 8.508654311299324036e-03 5.618588998913764954e-03 1.942072622478008270e-02 6.130429916083812714e-03 7.711337879300117493e-03 1.252364926040172577e-02 1.049305195920169353e-03 1.109513081610202789e-02 3.124610288068652153e-03 1.454572775401175022e-03 8.515678346157073975e-03
5.758064240217208862e-02 5.502767860889434814e-02 1.106745190918445587e-02 1.744961179792881012e-02 1.704241149127483368e-02 8.546127676963806152e-01 5.190915986895561218e-02 2.160345017910003662e-02 1.030743028968572617e-02 1.822817698121070862e-02 4.766102880239486694e-02 9.039551950991153717e-03 3.774221614003181458e-02 5.708341021090745926e-03 1.957229105755686760e-03 7.361035328358411789e-03 8.623222820460796356e-03 2.459700219333171844e-02 2.733488753437995911e-02 9.798241779208183289e-03 4.781357012689113617e-03 1.302248705178499222e-02 8.174126036465167999e-03 8.896989747881889343e-03 1.735207624733448029e-02 1.765432022511959076e-02 2.081436663866043091e-02 1.678486354649066925e-02 3.866488113999366760e-03 1.733963377773761749e-02 4.744527395814657211e-03 2.291573211550712585e-03 2.101697959005832672e-02 1.861765049397945404e-02 2.986314333975315094e-02 7.437849035341059789e-06 3.386460477486252785e-03 1.678658835589885712e-02 1.635352149605751038e-02 2.466871403157711029e-02 1.018587965518236160e-02 3.891344182193279266e-03 8.044311776757240295e-03 4.290318582206964493e-03 1.161205291282385588e-04 1.291776727885007858e-02 3.748731315135955811e-02 1.132788322865962982e-02 7.940579205751419067e-03 1.332932896912097931e-02 5.585975479334592819e-03 5.565166939049959183e-03 1.983978040516376495e-02 2.654082700610160828e-02 2.225152961909770966e-02 2.685900963842868805e-02 2.629098668694496155e-02 2.306730300188064575e-02 1.082720234990119934e-02 1.753181219100952148e-02 2.418918348848819733e-02 2.729284390807151794e-02 1.909527927637100220e-02 1.000257208943367004e-02 1.447930745780467987e-02 1.134504913352429867e-03 1.970015931874513626e-03 3.925384953618049622e-03 1.417914684861898422e-02 2.537315152585506439e-02 1.827334798872470856e-02 1.751498505473136902e-02 1.638793013989925385e-02 2.856635861098766327e-02 1.533782016485929489e-02 1.899229921400547028e-02 1.363947242498397827e-02 1.456217560917139053e-02 2.281337231397628784e-02 2.303881198167800903e-02 2.247082442045211792e-02 1.617384841665625572e-03 1.384373474866151810e-02 2.036929130554199219e-02 1.221818849444389343e-02 2.188391052186489105e-02 1.564965769648551941e-02 8.551627397537231445e-03 2.104391343891620636e-02 2.303689345717430115e-02 7.955123670399188995e-03 2.576962346211075783e-03 6.026468472555279732e-04 1.353508327156305313e-02 2.498509548604488373e-02 2.671629935503005981e-02 2.335238829255104065e-02 1.727989502251148224e-02 4.689292516559362411e-03 1.200552287627942860e-04 6.685936357825994492e-03 7.508445531129837036e-03 1.071666739881038666e-02 1.171857584267854691e-03 1.491048466414213181e-02 1.248654723167419434e-02 1.639544591307640076e-02 2.491570450365543365e-02 1.377613225486129522e-04 2.946451492607593536e-02 2.360306214541196823e-03 7.886656560003757477e-03 8.048019371926784515e-03 1.074410602450370789e-02 1.802967116236686707e-02 1.231337990611791611e-02
2.392622455954551697e-02 2.232867293059825897e-02 7.078157737851142883e-03 9.071405045688152313e-03 1.506105344742536545e-02 5.190915986895561218e-02 8.546127676963806152e-01 1.853085309267044067e-02 2.561076171696186066e-02 1.205081399530172348e-02 2.650352939963340759e-02 6.977265700697898865e-03 2.540471777319908142e-02 9.564449079334735870e-03 4.738816060125827789e-03 2.006088383495807648e-02 1.796722225844860077e-02 2.075283229351043701e-02 7.404234725981950760e-03 1.917070709168910980e-02 9.773988276720046997e-03 1.289379782974720001e-02 3.786112414672970772e-03 1.692608580924570560e-03 1.533260941505432129e-02 2.756144106388092041e-02 1.398612838238477707e-02 2.068888396024703979e-02 1.969261653721332550e-02 1.583571359515190125e-02 2.290679328143596649e-02 1.381058013066649437e-03 1.995353214442729950e-02 8.390721864998340607e-03 2.590659074485301971e-02 8.196071721613407135e-03 4.417188465595245361e-03 3.503080690279603004e-03 6.103191524744033813e-03 1.510113198310136795e-02 3.130699042230844498e-03 2.915462851524353027e-02 2.963772974908351898e-02 1.048258040100336075e-02 2.971444837749004364e-02 2.507936023175716400e-02 5.128148570656776428e-02 5.239471420645713806e-02 4.615330137312412262e-03 1.015087706036865711e-03 2.724117040634155273e-02 2.680158801376819611e-02 2.135082893073558807e-02 1.982210017740726471e-02 5.729006603360176086e-03 1.202930882573127747e-02 2.495579421520233154e-02 2.284090779721736908e-02 1.510609779506921768e-02 2.285447344183921814e-02 1.647808961570262909e-02 1.672056131064891815e-02 9.979295544326305389e-03 1.219425257295370102e-02 2.350382879376411438e-02 2.592277713119983673e-02 4.172076005488634109e-03 4.234113264828920364e-03 2.388535812497138977e-02 2.032481506466865540e-02 2.374419756233692169e-02 2.172606624662876129e-02 1.889832876622676849e-02 1.911230944097042084e-02 1.570702344179153442e-02 2.295704744756221771e-02 2.020457386970520020e-02 8.297631517052650452e-03 1.644861302338540554e-03 1.092183683067560196e-02 1.077849324792623520e-02 4.344082437455654144e-03 1.851801387965679169e-02 1.084854174405336380e-02 2.026259526610374451e-02 3.084635827690362930e-03 8.813228458166122437e-03 7.890486740507185459e-04 2.291639149188995361e-02 1.028899010270833969e-02 3.382761403918266296e-02 4.971059039235115051e-03 3.131727129220962524e-02 9.863756131380796432e-04 2.225488424301147461e-02 2.023737877607345581e-02 7.355599664151668549e-03 6.919956300407648087e-03 2.482984028756618500e-02 3.636651858687400818e-02 4.678236320614814758e-03 3.251074303989298642e-05 8.714028634130954742e-03 1.546785701066255569e-02 1.164447609335184097e-02 8.010831661522388458e-03 5.373298656195402145e-03 5.206610076129436493e-03 5.322490818798542023e-03 9.482224704697728157e-04 1.673949137330055237e-02 1.933845505118370056e-02 1.229779608547687531e-02 2.366509474813938141e-02 1.364504825323820114e-02 5.820149555802345276e-03
1.285497564822435379e-02 1.004923973232507706e-02 1.290183514356613159e-02 1.711134240031242371e-02 1.064324751496315002e-02 2.160345017910003662e-02 1.853085309267044067e-02 8.546127676963806152e-01 1.167416665703058243e-02 8.842989802360534668e-03 4.509472288191318512e-03 2.422028407454490662e-02 1.380550581961870193e-02 2.093983069062232971e-02 6.586480140686035156e-02 6.074163597077131271e-03 1.117657520808279514e-03 2.186797559261322021e-03 4.447172395884990692e-03 1.284086331725120544e-02 1.411673519760370255e-02 5.076894536614418030e-02 1.520069409161806107e-02 1.014365162700414658e-02 1.077502407133579254e-02 1.645283401012420654e-02 5.282472353428602219e-03 7.627794519066810608e-03 1.225681276991963387e-03 1.249363645911216736e-02 1.852381601929664612e-02 1.620523631572723389e-02 4.584915935993194580e-03 3.215225040912628174e-02 4.562249407172203064e-03 2.229824475944042206e-02 2.007515914738178253e-02 2.132399240508675575e-03 2.059115283191204071e-02 1.242481078952550888e-02 1.643705740571022034e-02 7.402674760669469833e-03 1.000220421701669693e-03 3.037418797612190247e-02 1.554088294506072998e-02 3.670406527817249298e-03 1.257326267659664154e-02 9.453613311052322388e-03 1.685990579426288605e-02 3.653035685420036316e-02 7.800854742527008057e-03 4.953436087816953659e-03 1.242938544601202011e-02 2.965778484940528870e-02 4.196071531623601913e-03 3.126427903771400452e-02 2.524145413190126419e-03 1.644746214151382446e-02 4.007183481007814407e-03 1.586146838963031769e-02 2.800034999381750822e-04 1.033111196011304855e-02 4.490126739256083965e-04 8.501131087541580200e-03 1.258990634232759476e-02 2.789937332272529602e-02 1.243003457784652710e-02 2.035191468894481659e-02 8.828517049551010132e-03 3.444173373281955719e-03 4.794563166797161102e-03 7.638424169272184372e-03 1.065440289676189423e-02 5.286279483698308468e-04 1.334094069898128510e-02 8.179955184459686279e-03 1.885606721043586731e-02 1.004974357783794403e-02 5.531142931431531906e-03 5.703521892428398132e-03 2.767937257885932922e-02 1.561944186687469482e-02 2.184374257922172546e-03 1.371837919577956200e-03 1.719906926155090332e-02 2.133169770240783691e-02 4.756122455000877380e-02 5.113038793206214905e-02 1.559068728238344193e-02 1.539373025298118591e-02 6.282384973019361496e-03 1.126703340560197830e-02 5.148461554199457169e-03 9.276387281715869904e-03 6.079087499529123306e-03 3.022229298949241638e-03 1.141091110184788704e-03 1.370201446115970612e-02 1.008007861673831940e-02 7.114587351679801941e-03 6.370348855853080750e-04 4.006058443337678909e-03 6.853556260466575623e-03 1.197247393429279327e-02 1.474971044808626175e-02 1.264222990721464157e-02 6.335568614304065704e-03 8.526121382601559162e-04 1.566454768180847168e-02 2.223367989063262939e-02 3.028712980449199677e-02 3.115588799118995667e-02 1.438015839084982872e-03 6.068630027584731579e-04 2.924765646457672119e-02 2.978800237178802490e-02
6.619606632739305496e-03 2.787057077512145042e-03 4.356470890343189240e-03 2.441296353936195374e-02 2.435732632875442505e-02 1.030743028968572617e-02 2.561076171696186066e-02 1.167416665703058243e-02 8.546127676963806152e-01 3.707186877727508545e-02 1.996697485446929932e-02 2.788087166845798492e-02 2.084081806242465973e-02 1.507919374853372574e-02 2.397277951240539551e-02 3.769406303763389587e-02 3.447104617953300476e-02 4.291639104485511780e-02 1.503830868750810623e-02 1.580577529966831207e-02 8.917895145714282990e-03 5.079307127743959427e-03 3.236110135912895203e-02 2.598427049815654755e-02 2.382669597864151001e-02 1.686159148812294006e-02 1.496960315853357315e-02 2.609957009553909302e-02 1.116270758211612701e-02 1.106556411832571030e-02 1.439862791448831558e-02 2.013067528605461121e-02 2.567374706268310547e-02 1.235138345509767532e-02 2.481430023908615112e-02 3.005433361977338791e-03 9.703567251563072205e-03 1.407425478100776672e-02 2.566806413233280182e-02 2.396974340081214905e-02 9.875314310193061829e-03 8.683918975293636322e-03 9.321091347374022007e-04 1.643844507634639740e-02 5.803506821393966675e-03 2.217557281255722046e-03 2.546221949160099030e-02 2.415359020233154297e-02 1.815232448279857635e-02 2.584843430668115616e-03 6.792737403884530067e-04 1.802728220354765654e-04 1.901475340127944946e-02 4.203590797260403633e-04 3.330314904451370239e-02 9.385159239172935486e-03 3.045698255300521851e-02 1.258983928710222244e-02 3.387692570686340332e-02 2.120946720242500305e-02 3.066018223762512207e-02 1.597720757126808167e-02 1.138803455978631973e-02 1.920895650982856750e-03 1.090802066028118134e-02 2.683505788445472717e-02 1.326665095984935760e-02 6.136162672191858292e-03 3.678943216800689697e-02 1.555532589554786682e-02 2.863724529743194580e-02 2.377098798751831055e-02 2.365711331367492676e-02 1.833539456129074097e-02 2.548020519316196442e-02 2.937211655080318451e-02 4.524530470371246338e-02 1.491343043744564056e-02 2.782351523637771606e-02 9.159974753856658936e-03 6.735254079103469849e-03 1.154868211597204208e-02 3.640183433890342712e-02 1.735760457813739777e-02 3.839748352766036987e-02 1.675617694854736328e-02 6.198009941726922989e-03 1.607530936598777771e-02 3.083470650017261505e-02 1.842246390879154205e-02 1.740665547549724579e-02 1.635330170392990112e-02 1.750231720507144928e-02 1.882701297290623188e-03 1.938934251666069031e-02 1.883529126644134521e-02 5.980561021715402603e-03 1.420452166348695755e-02 1.862623146735131741e-03 5.047000944614410400e-03 2.075387723743915558e-02 1.784118451178073883e-02 1.784874824807047844e-03 4.611529875546693802e-03 1.941050216555595398e-02 1.412559300661087036e-02 1.013254374265670776e-02 1.479487773030996323e-02 2.248115651309490204e-02 6.455272523453459144e-05 4.974702373147010803e-03 7.379097864031791687e-03 1.657101325690746307e-02 2.515549538657069206e-03 1.607251167297363281e-02 1.295102178119122982e-03
1.515620388090610504e-02 1.176221575587987900e-02 1.691517303697764874e-03 2.043084613978862762e-02 1.827333122491836548e-02 1.822817698121070862e-02 1.205081399530172348e-02 8.842989802360534668e-03 3.707186877727508545e-02 8.546127676963806152e-01 1.488768216222524643e-02 2.080107852816581726e-02 1.432119403034448624e-02 2.825838141143321991e-02 2.663662191480398178e-03 1.553329266607761383e-02 2.073780819773674011e-02 2.741048112511634827e-02 3.779985755681991577e-02 9.629088453948497772e-03 5.223157349973917007e-03 1.583459204994142056e-03 2.788589149713516235e-02 2.917721122503280640e-02 1.842964626848697662e-02 1.816556043922901154e-02 1.040205080062150955e-02 1.307860855013132095e-02 5.046192556619644165e-03 1.226581633090972900e-02 3.638289868831634521e-03 1.999037154018878937e-02 1.980821043252944946e-02 2.710095606744289398e-02 2.379537373781204224e-02 5.750806070864200592e-03 9.838460944592952728e-03 1.797927357256412506e-02 1.767933927476406097e-02 2.187929674983024597e-02 9.003344923257827759e-03 1.689431630074977875e-02 3.409377485513687134e-02 8.694867603480815887e-03 8.251010440289974213e-03 2.016150578856468201e-02 1.261538639664649963e-02 5.964157171547412872e-03 1.156233251094818115e-02 3.486225754022598267e-02 2.908230386674404144e-02 2.888266742229461670e-02 1.319036539644002914e-02 4.113536328077316284e-03 2.743268199265003204e-02 4.605936259031295776e-02 2.001332119107246399e-02 2.702400274574756622e-02 1.817914843559265137e-02 2.102445624768733978e-02 2.539560757577419281e-02 3.406504914164543152e-02 1.189212314784526825e-02 2.472884953022003174e-03 7.892816793173551559e-04 3.326209262013435364e-03 1.180193480104207993e-02 1.085599046200513840e-02 2.084722556173801422e-02 2.527984231710433960e-02 2.824785746634006500e-02 1.786291971802711487e-02 1.678870245814323425e-02 3.257900476455688477e-02 1.941098459064960480e-02 1.612684130668640137e-02 2.645662613213062286e-02 4.441425204277038574e-02 1.927079260349273682e-02 4.065828397870063782e-02 4.134141374379396439e-03 1.162660773843526840e-02 2.720523998141288757e-02 3.819325938820838928e-02 2.411986328661441803e-02 4.219022393226623535e-02 1.170665863901376724e-02 2.022745553404092789e-03 2.168007194995880127e-02 3.213191404938697815e-02 6.792268715798854828e-03 2.219258109107613564e-03 4.265956580638885498e-03 6.996619980782270432e-03 1.315087825059890747e-02 2.250695973634719849e-02 2.526319958269596100e-02 6.951853632926940918e-03 2.742940559983253479e-02 3.144175559282302856e-02 1.201552711427211761e-02 1.871670968830585480e-02 1.020985934883356094e-02 9.230055147781968117e-04 1.035301759839057922e-02 1.712548919022083282e-02 1.324224937707185745e-02 1.376085914671421051e-02 1.783687062561511993e-02 2.148508094251155853e-02 2.503399970009922981e-03 9.631098248064517975e-03 2.909610792994499207e-02 3.054689057171344757e-02 5.759893450886011124e-03 7.539687678217887878e-03
6.540735810995101929e-02 6.052922829985618591e-02 1.526203379034996033e-02 1.564342528581619263e-02 2.133798412978649139e-02 4.766102880239486694e-02 2.650352939963340759e-02 4.509472288191318512e-03 1.996697485446929932e-02 1.488768216222524643e-02 8.546127676963806152e-01 1.191255287267267704e-03 6.587142497301101685e-02 2.114820061251521111e-03 2.450226247310638428e-02 3.944868687540292740e-03 3.089345758780837059e-03 2.621759660542011261e-02 1.814348436892032623e-02 1.083416026085615158e-02 2.862218953669071198e-02 3.592285327613353729e-03 5.808562971651554108e-03 7.188761141151189804e-03 2.570767188444733620e-03 3.066863864660263062e-03 2.219129726290702820e-02 3.494787961244583130e-03 2.247301675379276276e-02 1.653338433243334293e-03 2.493151649832725525e-02 3.642454044893383980e-03 2.503619901835918427e-02 4.574374761432409286e-03 2.693044207990169525e-02 4.104428738355636597e-02 4.575191438198089600e-02 3.080216981470584869e-02 1.588290557265281677e-02 1.809327304363250732e-02 2.544924989342689514e-02 1.170973945409059525e-02 2.853169105947017670e-03 1.053746440447866917e-03 4.847336560487747192e-03 1.281730551272630692e-02 2.617951110005378723e-02 3.750853938981890678e-03 7.358911447227001190e-03 1.415746985003352165e-03 3.838289994746446609e-03 2.034310717135667801e-03 2.622320607770234346e-04 1.671917364001274109e-02 2.068805135786533356e-02 2.415441209450364113e-03 1.503773964941501617e-02 4.409399349242448807e-03 5.420916248112916946e-03 9.092127904295921326e-03 2.461097203195095062e-02 2.472798340022563934e-02 1.265694107860326767e-02 1.091850548982620239e-02 4.862799122929573059e-02 2.196446619927883148e-02 7.129970006644725800e-03 1.813500002026557922e-02 1.652721129357814789e-02 2.365558780729770660e-02 1.399324648082256317e-02 2.748897857964038849e-02 1.014936342835426331e-02 2.659738063812255859e-02 1.081171724945306778e-02 2.682320959866046906e-02 1.881337352097034454e-02 7.502332795411348343e-03 2.056490257382392883e-02 1.414652820676565170e-02 1.945197954773902893e-02 1.611578464508056641e-02 1.989123038947582245e-02 1.664359495043754578e-02 1.716229878365993500e-02 1.261663436889648438e-02 6.129150860942900181e-04 1.189051195979118347e-03 8.162038400769233704e-03 1.277816016227006912e-02 1.711543090641498566e-02 1.661404967308044434e-02 9.688174352049827576e-03 1.465519983321428299e-02 1.942002959549427032e-02 1.948717422783374786e-02 2.673710137605667114e-02 2.257342450320720673e-02 9.253431111574172974e-03 3.113193437457084656e-03 1.643338240683078766e-02 8.302034810185432434e-03 2.616363763809204102e-02 1.097712479531764984e-02 2.280317805707454681e-02 2.300255931913852692e-02 1.854066178202629089e-02 2.016424015164375305e-02 5.612939130514860153e-03 1.786071993410587311e-02 1.893992908298969269e-02 8.035656064748764038e-03 8.237956091761589050e-03 7.006290834397077560e-03 2.420199476182460785e-02 1.610502041876316071e-02
6.797426380217075348e-03 8.615893311798572540e-03 8.455211296677589417e-03 3.309641033411026001e-02 2.761537395417690277e-02 9.039551950991153717e-03 6.977265700697898865e-03 2.422028407454490662e-02 2.788087166845798492e-02 2.080107852816581726e-02 1.191255287267267704e-03 8.546127676963806152e-01 1.242013461887836456e-02 5.779401585459709167e-02 1.257812324911355972e-02 3.149653226137161255e-02 2.778465114533901215e-02 1.872039982117712498e-03 6.760884076356887817e-03 1.419852860271930695e-02 1.064721774309873581e-02 2.076099161058664322e-03 4.510052874684333801e-02 4.131723940372467041e-02 2.142723463475704193e-02 2.942613139748573303e-02 1.778200827538967133e-02 4.809108003973960876e-02 1.990164443850517273e-02 4.242816194891929626e-02 1.947622932493686676e-02 2.025941386818885803e-03 1.732484064996242523e-02 2.074257005006074905e-03 1.450161170214414597e-02 9.904940612614154816e-03 3.780320752412080765e-03 5.596484523266553879e-03 3.120879642665386200e-02 2.972077764570713043e-02 6.994175491854548454e-04 4.312376491725444794e-03 1.794883236289024353e-02 1.035349443554878235e-02 1.007210370153188705e-02 1.096368860453367233e-02 2.293867990374565125e-02 1.491641812026500702e-02 2.233820594847202301e-02 2.352259308099746704e-02 1.949752308428287506e-02 2.627461403608322144e-02 1.870941743254661560e-02 1.258529629558324814e-02 1.756976358592510223e-02 3.029847284778952599e-03 3.703125193715095520e-02 2.551505900919437408e-02 2.674649842083454132e-02 2.816937118768692017e-02 2.134088054299354553e-02 8.258072659373283386e-03 2.688481658697128296e-02 2.722400240600109100e-02 3.465398680418729782e-03 1.019583642482757568e-02 2.493885112926363945e-03 1.085681142285466194e-03 3.030146099627017975e-02 9.154058061540126801e-03 3.142157569527626038e-02 1.608403772115707397e-02 4.121762886643409729e-02 1.851663924753665924e-02 3.797464072704315186e-02 1.844011992216110229e-02 4.130985960364341736e-02 3.591372817754745483e-02 1.820481149479746819e-03 1.770756021142005920e-02 1.522353384643793106e-02 1.640934310853481293e-02 1.821280457079410553e-02 2.349161729216575623e-02 1.299847103655338287e-02 6.251535844057798386e-03 1.337746810168027878e-02 8.987881010398268700e-04 4.991118982434272766e-02 4.208702594041824341e-02 1.391680445522069931e-02 8.096165955066680908e-03 5.228973925113677979e-03 5.105361808091402054e-03 2.342877909541130066e-02 1.876171119511127472e-02 3.081482136622071266e-03 9.616920724511146545e-03 2.226494997739791870e-02 1.494537293910980225e-02 7.961087860167026520e-03 4.038721788674592972e-03 2.289407420903444290e-03 2.070769201964139938e-03 2.054526656866073608e-02 1.560967694967985153e-02 2.435404574498534203e-03 1.691904664039611816e-02 8.723628707230091095e-03 2.677655313163995743e-03 1.494662743061780930e-02 2.598400460556149483e-03 1.942341215908527374e-02 1.727548614144325256e-02 5.485262721776962280e-03 2.529093762859702110e-04
4.775894060730934143e-02 4.442094638943672180e-02 1.814763434231281281e-02 1.562067680060863495e-02 2.674027904868125916e-02 3.774221614003181458e-02 2.540471777319908142e-02 1.380550581961870193e-02 2.084081806242465973e-02 1.432119403034448624e-02 6.587142497301101685e-02 1.242013461887836456e-02 8.546127676963806152e-01 7.341363932937383652e-03 2.748697623610496521e-02 4.035763442516326904e-03 2.695648618100676686e-05 1.943674497306346893e-02 1.511655468493700027e-02 1.032751984894275665e-02 2.884345129132270813e-02 5.958237685263156891e-03 8.956591598689556122e-03 1.085908245295286179e-02 3.359497990459203720e-03 4.262757953256368637e-03 2.761793136596679688e-02 8.595627732574939728e-03 2.260234579443931580e-02 5.205987021327018738e-03 4.530512169003486633e-02 6.361107807606458664e-03 1.876594312489032745e-02 8.332240395247936249e-03 2.288469485938549042e-02 5.750657618045806885e-02 6.388278305530548096e-02 3.051013685762882233e-02 1.805854961276054382e-02 2.191205136477947235e-02 2.326698228716850281e-02 7.515777833759784698e-03 3.254821524024009705e-03 7.143592927604913712e-03 8.958577178418636322e-03 1.423332374542951584e-02 2.433248981833457947e-02 1.152695994824171066e-02 4.298239946365356445e-03 1.244969945400953293e-02 7.869010791182518005e-03 4.276927094906568527e-03 4.772789310663938522e-03 2.695494797080755234e-03 1.187826413661241531e-02 9.056041017174720764e-03 1.023742277175188065e-02 2.150239655748009682e-03 9.195526130497455597e-03 5.986104719340801239e-03 1.933129876852035522e-02 2.031546086072921753e-02 1.409923285245895386e-02 1.272525172680616379e-02 3.578044846653938293e-02 3.488513082265853882e-02 5.187405738979578018e-03 1.590226218104362488e-02 1.495384238660335541e-02 2.355163358151912689e-02 1.498690061271190643e-02 2.488975599408149719e-02 1.214380469173192978e-02 2.543568983674049377e-02 1.392457447946071625e-02 2.456987649202346802e-02 1.859546266496181488e-02 9.275201708078384399e-03 1.785165444016456604e-02 8.613102138042449951e-03 2.876158617436885834e-02 2.112919464707374573e-02 2.025706507265567780e-02 1.953566074371337891e-02 1.445263717323541641e-02 8.395245298743247986e-03 4.122546408325433731e-03 8.897521533071994781e-03 1.200080942362546921e-02 1.437856629490852356e-02 1.425344590097665787e-02 4.031064920127391815e-03 1.115492824465036392e-02 1.108207181096076965e-02 1.662100292742252350e-02 1.914256066083908081e-02 2.580558322370052338e-02 1.974810473620891571e-02 5.387576762586832047e-03 1.202858402393758297e-03 1.266246940940618515e-02 3.771045245230197906e-03 2.898584306240081787e-02 1.282375399023294449e-02 2.401775121688842773e-02 2.458699978888034821e-02 8.500170893967151642e-03 1.010435912758111954e-02 4.059603437781333923e-03 5.152232479304075241e-03 2.402574568986892700e-02 1.419927552342414856e-02 1.129168085753917694e-02 7.296379655599594116e-03 2.312004193663597107e-02 2.450793981552124023e-02
