8.513171672821044922e-01 5.149791389703750610e-02 5.649673286825418472e-03 1.116395462304353714e-02 1.119752414524555206e-02 5.602505803108215332e-02 4.576661810278892517e-02 3.405400784686207771e-03 1.578496210277080536e-02 2.071041613817214966e-02 6.421741098165512085e-02 2.374978549778461456e-02 5.599399283528327942e-02 2.394448034465312958e-02 2.406821213662624359e-02 1.840082369744777679e-02 9.909805841743946075e-03 4.383620806038379669e-03 1.715493388473987579e-02 2.197293378412723541e-02 1.408671680837869644e-02 3.012415021657943726e-02 2.297377400100231171e-02 2.521323785185813904e-02 1.135869789868593216e-02 1.198919676244258881e-02 2.519656345248222351e-02 1.097428984940052032e-02 1.663481071591377258e-02 3.875690279528498650e-03 5.980108864605426788e-03 2.529627643525600433e-02 5.837839096784591675e-03 1.391538791358470917e-02 5.386001430451869965e-03 2.353026159107685089e-02 1.399391889572143555e-02 1.623529754579067230e-02 1.498822402209043503e-02 1.341369654983282089e-02 1.580103486776351929e-02 1.575127802789211273e-02 2.453559637069702148e-02 1.888773590326309204e-02 1.318572927266359329e-02 1.533232815563678741e-02 3.602099418640136719e-02 2.284088544547557831e-02 2.330968901515007019e-02 2.515984326601028442e-02 1.313775312155485153e-02 1.551707554608583450e-02 2.691244892776012421e-02 2.632236853241920471e-02 5.564121063798666000e-03 7.987756282091140747e-03 3.049510996788740158e-03 1.393814012408256531e-02 2.209046855568885803e-02 2.497515082359313965e-02 1.274995040148496628e-02 6.630333373323082924e-04 1.330518815666437149e-02 1.524144690483808517e-02 2.851177752017974854e-02 2.467360906302928925e-02 1.924599148333072662e-02 1.810772903263568878e-02 1.374307181686162949e-02 7.778900675475597382e-03 5.151964724063873291e-03 1.667222008109092712e-02 5.205696914345026016e-03 2.856402192264795303e-03 5.806169472634792328e-03 3.510637907311320305e-03 2.954395720735192299e-03 7.762373890727758408e-03 1.560173090547323227e-02 1.329175569117069244e-02 2.818257315084338188e-03 1.305187586694955826e-02 1.070213271304965019e-03 7.204184308648109436e-03 1.827611215412616730e-02 1.572971418499946594e-02 1.766376011073589325e-02 1.671670936048030853e-02 1.280608703382313251e-03 1.096997689455747604e-02 2.437097206711769104e-02 3.141293302178382874e-02 1.828168705105781555e-02 2.605505660176277161e-02 3.509616712108254433e-03 7.023150101304054260e-03 1.289898436516523361e-02 1.016933191567659378e-02 1.274028886109590530e-02 2.399728260934352875e-02 1.479300297796726227e-02 1.148571819067001343e-02 1.406146679073572159e-02 1.001956965774297714e-02 1.259114127606153488e-02 2.243796549737453461e-02 1.499748509377241135e-02 2.063340879976749420e-02 1.981502398848533630e-02 1.820642501115798950e-02 1.971042528748512268e-02 1.434971392154693604e-02 1.535477675497531891e-02 9.540242142975330353e-03 1.466654799878597260e-02 1.188444998115301132e-02
5.149791389703750610e-02 8.513171672821044922e-01 2.660991623997688293e-03 1.501605939120054245e-02 8.533894084393978119e-03 4.820866510272026062e-02 5.702240392565727234e-02 3.655822249129414558e-03 2.380601316690444946e-02 2.257495373487472534e-02 4.505918174982070923e-02 2.206087298691272736e-02 5.426448211073875427e-02 2.591680549085140228e-02 1.212497241795063019e-02 7.670029997825622559e-03 1.045746961608529091e-03 1.247855741530656815e-02 2.052161842584609985e-02 2.992600388824939728e-02 1.548474561423063278e-02 2.018805593252182007e-02 7.503979373723268509e-03 1.593268476426601410e-02 7.983579300343990326e-03 1.003620959818363190e-02 2.369564399123191833e-02 6.613037083297967911e-03 3.157566860318183899e-02 1.378526649205014110e-04 3.146271407604217529e-02 2.265123091638088226e-02 7.883852347731590271e-03 1.317793782800436020e-02 3.406982636079192162e-03 1.772466674447059631e-02 7.824219763278961182e-03 1.446607336401939392e-02 8.644706569612026215e-03 3.142573637887835503e-03 1.598627679049968719e-02 1.709723845124244690e-02 2.278948947787284851e-02 3.966129384934902191e-03 2.272594906389713287e-02 2.498270571231842041e-02 3.641586378216743469e-02 3.962918743491172791e-02 2.597305364906787872e-02 3.064182400703430176e-02 5.343441851437091827e-03 5.818217527121305466e-03 1.539789512753486633e-02 1.985234022140502930e-02 1.201715786010026932e-03 9.499262087047100067e-03 1.792159513570368290e-03 1.313348859548568726e-02 1.718893647193908691e-02 2.205832302570343018e-02 1.796317170374095440e-03 9.470769437029957771e-04 1.094281300902366638e-02 9.225156158208847046e-03 3.329009190201759338e-02 3.638577461242675781e-02 2.106400020420551300e-02 2.179383486509323120e-02 8.047513663768768311e-03 2.174254879355430603e-02 5.430317833088338375e-05 1.735317148268222809e-02 7.096084766089916229e-03 1.523329969495534897e-02 5.155230406671762466e-03 4.653413314372301102e-03 7.647853344678878784e-03 6.484458688646554947e-03 1.998544298112392426e-02 1.048551313579082489e-02 1.156079955399036407e-02 1.957056811079382896e-03 6.030677817761898041e-03 8.522219955921173096e-03 2.160611934959888458e-02 1.034078840166330338e-02 1.052574906498193741e-02 8.599628694355487823e-03 8.033597841858863831e-03 4.659560043364763260e-03 1.987202093005180359e-02 4.009339213371276855e-02 3.993155807256698608e-02 2.392042055726051331e-02 1.477709971368312836e-03 6.774365901947021484e-03 3.273647278547286987e-02 1.946406252682209015e-02 5.525075830519199371e-03 1.334082987159490585e-02 1.182456314563751221e-02 1.082860957831144333e-02 1.718516275286674500e-02 8.716423995792865753e-03 6.620229687541723251e-03 1.390136592090129852e-02 1.265622954815626144e-02 2.552162297070026398e-02 2.001893334090709686e-02 3.052138909697532654e-02 2.906163781881332397e-02 2.051011286675930023e-02 1.653162389993667603e-02 5.370471626520156860e-03 1.761863566935062408e-02 1.356564927846193314e-02
5.649673286825418472e-03 2.660991623997688293e-03 8.513171672821044922e-01 6.379450205713510513e-04 4.872256517410278320e-02 5.244660656899213791e-03 9.303423576056957245e-03 5.608587712049484253e-02 9.662255644798278809e-03 1.288072671741247177e-02 1.281750947237014771e-02 9.614499285817146301e-03 8.815363980829715729e-03 1.461333129554986954e-02 1.099760178476572037e-02 2.115019597113132477e-02 2.288296259939670563e-02 2.151604183018207550e-02 1.687021739780902863e-02 1.949106156826019287e-02 3.303941711783409119e-02 2.213447727262973785e-02 1.184721197932958603e-02 5.213025026023387909e-03 2.865297719836235046e-02 2.417338266968727112e-02 2.633292227983474731e-03 7.188933086581528187e-04 2.976181451231241226e-03 9.658203460276126862e-03 6.204639095813035965e-03 1.686364412307739258e-02 1.966030336916446686e-02 2.670370228588581085e-02 5.506283137947320938e-03 9.055544622242450714e-03 1.663560606539249420e-02 2.541525464039295912e-04 6.418040138669312000e-04 9.810509160161018372e-03 8.675551041960716248e-03 1.067587989382445812e-03 1.911550946533679962e-02 8.837467059493064880e-03 2.024541981518268585e-02 1.136352214962244034e-02 1.058938633650541306e-02 1.444742828607559204e-02 3.769367467612028122e-03 1.434639189392328262e-02 2.810420468449592590e-02 9.896186180412769318e-03 1.809283718466758728e-02 2.061774767935276031e-02 4.432831483427435160e-04 8.145207539200782776e-03 7.562200771644711494e-04 3.520076395943760872e-03 2.187747322022914886e-02 1.961984671652317047e-02 7.916038855910301208e-03 4.866062663495540619e-03 1.178968464955687523e-03 1.842053723521530628e-03 4.133135080337524414e-03 3.422067267820239067e-03 3.179918602108955383e-02 3.028581663966178894e-02 1.726779900491237640e-02 1.308093778789043427e-02 2.482240833342075348e-02 3.410594770684838295e-03 1.298862334806472063e-04 1.685636676847934723e-02 1.593035459518432617e-02 2.435350092127919197e-03 6.215207744389772415e-03 2.047903370112180710e-03 2.117653377354145050e-02 6.588939577341079712e-03 5.605608969926834106e-02 4.444745555520057678e-02 1.538280164822936058e-03 2.157024107873439789e-02 1.722118817269802094e-02 2.818551100790500641e-02 3.720592707395553589e-02 3.210045024752616882e-02 9.325685910880565643e-03 1.976022869348526001e-02 1.838646130636334419e-03 4.721360164694488049e-04 1.783407293260097504e-02 4.155237227678298950e-03 6.324129644781351089e-03 5.614858586341142654e-03 3.965869545936584473e-03 2.249011158710345626e-04 1.007561478763818741e-02 1.638717018067836761e-02 1.667955890297889709e-02 2.215612120926380157e-02 2.148627862334251404e-02 7.646996527910232544e-03 2.056997641921043396e-02 1.304207462817430496e-02 3.859705291688442230e-03 7.586131803691387177e-03 2.868506871163845062e-02 9.659723378717899323e-03 1.361144124530255795e-03 6.948133814148604870e-04 1.180793717503547668e-02 2.791453897953033447e-02 7.976512424647808075e-04 3.958155284635722637e-04
1.116395462304353714e-02 1.501605939120054245e-02 6.379450205713510513e-04 8.513171672821044922e-01 5.319363437592983246e-03 2.220902964472770691e-02 7.262245751917362213e-03 8.117550751194357872e-04 6.130842957645654678e-03 6.062880158424377441e-03 2.568519441410899162e-03 1.856695488095283508e-02 5.438886117190122604e-03 1.161753106862306595e-02 8.158120326697826385e-03 1.957636512815952301e-02 1.327834557741880417e-02 1.701416634023189545e-02 3.699399239849299192e-04 7.235238328576087952e-03 7.041175849735736847e-03 1.144910044968128204e-02 2.026784978806972504e-02 2.047512121498584747e-02 1.167074684053659439e-02 1.823954284191131592e-02 3.751085314434021711e-04 6.367853283882141113e-02 1.127786934375762939e-02 4.833794385194778442e-02 1.650377176702022552e-03 4.524129442870616913e-03 2.710180124267935753e-03 1.001592073589563370e-02 9.057709947228431702e-03 5.085768178105354309e-03 7.620230317115783691e-04 4.589460790157318115e-03 5.103590339422225952e-02 3.491109982132911682e-02 3.530718386173248291e-02 3.880036761984229088e-03 1.783062907634302974e-04 9.956144727766513824e-03 9.072041139006614685e-03 2.303000306710600853e-03 1.303655374795198441e-02 6.070998962968587875e-03 2.188281156122684479e-02 1.583744771778583527e-02 6.349625065922737122e-03 1.112986635416746140e-02 1.894541899673640728e-03 8.566352538764476776e-03 9.014784358441829681e-03 2.385343577770981938e-06 1.480060257017612457e-02 1.862261816859245300e-02 1.596570387482643127e-02 3.795069642364978790e-03 5.759770050644874573e-03 1.232221350073814392e-02 1.967161707580089569e-02 2.072678320109844208e-02 1.738631911575794220e-02 1.374479569494724274e-02 3.598133102059364319e-03 8.833553642034530640e-03 1.484485622495412827e-02 2.366836415603756905e-03 2.919913455843925476e-02 9.594891220331192017e-03 7.687598466873168945e-02 9.501561522483825684e-03 5.245100334286689758e-02 8.597209118306636810e-03 1.732480153441429138e-02 1.198838278651237488e-02 7.721679285168647766e-03 1.435654330998659134e-02 2.672688849270343781e-02 1.644755899906158447e-02 5.592438206076622009e-02 1.809255965054035187e-02 5.775852128863334656e-03 1.312117185443639755e-02 1.220149546861648560e-02 7.603631820529699326e-03 2.160523273050785065e-02 1.622543111443519592e-02 1.557936798781156540e-02 5.754448473453521729e-03 7.253236137330532074e-03 5.199577193707227707e-03 3.139956295490264893e-02 2.736432105302810669e-02 1.065309997648000717e-02 1.400718651711940765e-02 4.205585457384586334e-03 1.839500851929187775e-02 1.153947785496711731e-02 9.124567732214927673e-03 1.362223876640200615e-03 6.811882834881544113e-03 8.113038726150989532e-03 4.937052726745605469e-03 1.531630195677280426e-02 4.853669553995132446e-03 5.899461451917886734e-03 2.140296157449483871e-03 5.266555584967136383e-03 6.100598722696304321e-03 7.650469895452260971e-03 7.981636561453342438e-03 7.513009477406740189e-03 1.213201135396957397e-02
1.119752414524555206e-02 8.533894084393978119e-03 4.872256517410278320e-02 5.319363437592983246e-03 8.513171672821044922e-01 1.247276552021503448e-02 1.184651255607604980e-02 3.027864173054695129e-02 6.466201040893793106e-03 1.175187714397907257e-02 1.207997556775808334e-03 1.565138995647430420e-02 6.643581204116344452e-03 2.652200683951377869e-02 2.681898651644587517e-03 1.238724775612354279e-02 1.688935421407222748e-02 9.113195352256298065e-03 1.394011545926332474e-02 2.068669348955154419e-02 1.320571452379226685e-02 1.387056056410074234e-02 5.008846055716276169e-04 5.468111019581556320e-03 2.608071826398372650e-02 1.850221864879131317e-02 5.925530102103948593e-03 5.205060821026563644e-03 2.954731462523341179e-03 2.395459217950701714e-03 3.234391333535313606e-03 1.533630210906267166e-02 9.002378210425376892e-03 1.685717143118381500e-02 6.685336120426654816e-03 3.817502176389098167e-03 2.703966805711388588e-03 2.478157170116901398e-02 8.308434858918190002e-03 3.590713441371917725e-02 8.944882079958915710e-03 8.620500564575195312e-03 1.042793970555067062e-03 1.996769942343235016e-02 1.953875087201595306e-02 2.592338062822818756e-02 2.712751179933547974e-02 2.423048950731754303e-02 1.359713356941938400e-02 2.105510607361793518e-02 2.563362382352352142e-02 9.297571144998073578e-03 4.300726111978292465e-03 1.171613577753305435e-02 2.019058214500546455e-03 2.152659371495246887e-02 2.692102454602718353e-03 2.336364705115556717e-03 6.861680652946233749e-03 6.108778994530439377e-03 1.864079735241830349e-03 3.648927668109536171e-03 3.417095402255654335e-03 3.005193779245018959e-03 6.965194363147020340e-03 6.120739504694938660e-03 2.710623294115066528e-02 1.432052813470363617e-02 1.796708442270755768e-02 1.715961657464504242e-02 2.083354815840721130e-02 2.342469803988933563e-02 1.115952804684638977e-02 2.128517813980579376e-02 1.912701316177845001e-02 1.442513614892959595e-02 7.851920090615749359e-03 7.979107089340686798e-03 1.322772726416587830e-02 2.109059505164623260e-02 2.524280548095703125e-02 2.570109628140926361e-02 1.342978607863187790e-02 1.772012002766132355e-02 9.854881092905998230e-03 1.822062395513057709e-02 2.730129286646842957e-02 1.290295459330081940e-02 4.152999608777463436e-04 2.131064049899578094e-02 1.238146424293518066e-02 5.469617899507284164e-03 1.803977601230144501e-02 5.514336284250020981e-03 7.496436126530170441e-03 2.731765806674957275e-02 8.191853761672973633e-03 6.493314169347286224e-03 9.097417816519737244e-03 2.921855542808771133e-03 6.718885619193315506e-03 5.708546377718448639e-03 3.031445899978280067e-03 1.264102663844823837e-02 1.376001257449388504e-02 1.774360775016248226e-03 5.963044241070747375e-03 9.190578944981098175e-03 3.938693553209304810e-03 1.403377391397953033e-02 1.492543239146471024e-02 4.509757272899150848e-03 2.383022947469726205e-04 1.296052243560552597e-02 6.221701856702566147e-03 6.595615297555923462e-03
5.602505803108215332e-02 4.820866510272026062e-02 5.244660656899213791e-03 2.220902964472770691e-02 1.247276552021503448e-02 8.513171672821044922e-01 5.170006304979324341e-02 2.175698522478342056e-03 1.516968477517366409e-02 1.192263048142194748e-02 5.160922184586524963e-02 3.094567917287349701e-02 4.845914989709854126e-02 2.811856195330619812e-02 2.266220003366470337e-02 2.868225239217281342e-02 1.562871597707271576e-02 1.956098712980747223e-03 1.439801603555679321e-02 1.707227714359760284e-02 7.733607199043035507e-03 2.348314598202705383e-02 2.456987276673316956e-02 3.077645972371101379e-02 1.004226692020893097e-02 1.150073297321796417e-02 1.960220560431480408e-02 2.029510028660297394e-02 1.975153945386409760e-02 1.085606031119823456e-02 8.742753416299819946e-03 3.040369786322116852e-02 9.204584173858165741e-03 2.041806280612945557e-02 1.228708191774785519e-03 2.680144459009170532e-02 1.539276912808418274e-02 2.020853199064731598e-02 2.208333276212215424e-02 1.693643815815448761e-02 1.163952983915805817e-03 9.529003873467445374e-03 2.198227308690547943e-02 1.609863154590129852e-02 1.772422902286052704e-02 1.157117448747158051e-02 3.560281544923782349e-02 2.493890002369880676e-02 1.959758810698986053e-02 1.976086385548114777e-02 8.108753710985183716e-03 6.643043830990791321e-03 1.913607865571975708e-02 2.591834403574466705e-02 6.940880324691534042e-03 1.654713880270719528e-03 2.313762437552213669e-03 1.163093466311693192e-02 1.726004108786582947e-02 1.943008042871952057e-02 1.586822792887687683e-03 4.833214450627565384e-03 2.495377324521541595e-03 1.838916353881359100e-02 2.708162926137447357e-02 2.491090260446071625e-02 1.631285622715950012e-02 2.316129021346569061e-02 9.660815820097923279e-03 5.020063370466232300e-03 3.236307064071297646e-03 1.346766389906406403e-02 2.016966789960861206e-02 4.085337743163108826e-03 2.101802267134189606e-02 5.535180214792490005e-03 4.341212566941976547e-03 1.349635538645088673e-03 2.290399558842182159e-02 1.515247765928506851e-02 8.864445611834526062e-03 7.373915286734700203e-04 5.278557655401527882e-04 4.224572330713272095e-03 2.054073289036750793e-02 2.524782903492450714e-02 1.062069367617368698e-02 1.787052303552627563e-02 5.669982638210058212e-03 9.761319495737552643e-03 2.279407158493995667e-02 2.919074147939682007e-02 2.454911172389984131e-02 2.388404496014118195e-02 5.544759333133697510e-03 1.575880311429500580e-02 1.325522642582654953e-02 1.381943840533494949e-02 1.479523442685604095e-02 1.664154604077339172e-02 2.406585402786731720e-02 1.965128816664218903e-02 1.727552898228168488e-02 2.213671058416366577e-02 1.199972908943891525e-02 1.871355809271335602e-02 2.528157830238342285e-02 2.007704786956310272e-02 2.369468659162521362e-02 1.480533089488744736e-02 1.995882019400596619e-02 1.650231517851352692e-02 2.503855153918266296e-02 1.732659898698329926e-02 1.503384113311767578e-02 7.837434299290180206e-03
4.576661810278892517e-02 5.702240392565727234e-02 9.303423576056957245e-03 7.262245751917362213e-03 1.184651255607604980e-02 5.170006304979324341e-02 8.513171672821044922e-01 1.005152706056833267e-02 1.996174827218055725e-02 2.467755228281021118e-02 4.873763397336006165e-02 1.405564229935407639e-02 4.686641320586204529e-02 2.419096231460571289e-02 6.851991172879934311e-03 1.848644949495792389e-02 5.551766604185104370e-03 2.298266254365444183e-02 2.454031631350517273e-02 1.276328600943088531e-02 1.846378436312079430e-03 1.937894523143768311e-02 1.281697477679699659e-04 1.321284752339124680e-02 4.951479379087686539e-03 4.757660441100597382e-03 3.428435698151588440e-02 7.367071812041103840e-04 4.184646531939506531e-02 6.972127128392457962e-03 3.431255742907524109e-02 1.852587796747684479e-02 2.104571275413036346e-02 1.150537282228469849e-02 4.943923093378543854e-03 9.564401581883430481e-03 1.960004447028040886e-03 2.964637242257595062e-02 2.873672638088464737e-03 5.872629117220640182e-03 1.398356258869171143e-02 8.308280259370803833e-03 8.208990097045898438e-03 7.707388140261173248e-03 2.486417628824710846e-02 2.814704179763793945e-02 3.049781918525695801e-02 6.279560923576354980e-02 2.858982607722282410e-02 3.660218045115470886e-02 4.129585810005664825e-03 6.013581994920969009e-03 4.002877685707062483e-04 1.193552277982234955e-02 9.917948395013809204e-03 1.247117109596729279e-02 3.572096116840839386e-03 9.157591499388217926e-03 4.216090892441570759e-04 8.895341306924819946e-03 1.414460316300392151e-02 1.109937950968742371e-02 2.544221095740795135e-02 1.450286898761987686e-02 3.529892489314079285e-02 3.901962190866470337e-02 4.010664764791727066e-03 9.319192729890346527e-03 1.237193308770656586e-02 2.137978561222553253e-02 5.066798068583011627e-03 2.262586541473865509e-02 1.955458195880055428e-03 1.956197805702686310e-02 7.064661942422389984e-03 1.320242788642644882e-02 3.900326555594801903e-03 1.490097213536500931e-02 1.298222970217466354e-02 2.037461102008819580e-02 1.411949936300516129e-02 3.395935927983373404e-04 6.000157911330461502e-03 1.291390508413314819e-02 2.043454675003886223e-03 7.900386117398738861e-03 2.220916096121072769e-03 1.540180877782404423e-03 2.200016751885414124e-02 6.715478841215372086e-03 1.787966862320899963e-02 4.943637922406196594e-02 5.876235291361808777e-02 2.197100967168807983e-02 6.663438398391008377e-03 7.865937426686286926e-03 2.639423310756683350e-02 1.341153960675001144e-02 1.059504938893951476e-04 2.191807376220822334e-03 5.790241062641143799e-03 8.742155041545629501e-04 1.218265388160943985e-02 1.427484210580587387e-02 1.869149855338037014e-03 8.238393813371658325e-03 1.151763927191495895e-02 1.602089777588844299e-02 1.221244689077138901e-02 2.466284483671188354e-02 3.177031502127647400e-02 1.294358167797327042e-02 8.124691434204578400e-03 3.746496280655264854e-03 1.958565227687358856e-02 5.764883942902088165e-03
3.405400784686207771e-03 3.655822249129414558e-03 5.608587712049484253e-02 8.117550751194357872e-04 3.027864173054695129e-02 2.175698522478342056e-03 1.005152706056833267e-02 8.513171672821044922e-01 2.404456492513418198e-03 1.448476104997098446e-03 7.195008452981710434e-03 5.556929856538772583e-03 3.866264829412102699e-03 4.301708191633224487e-03 3.800367563962936401e-02 2.422001212835311890e-03 4.306918010115623474e-03 3.827899461612105370e-03 4.327668808400630951e-03 5.169971846044063568e-03 2.300313301384449005e-02 1.786726526916027069e-02 2.349100261926651001e-02 2.381801418960094452e-02 3.047788888216018677e-02 2.545543015003204346e-02 6.238345522433519363e-03 1.133963465690612793e-02 3.261547302827239037e-03 8.080676198005676270e-03 1.509581413120031357e-02 2.792467549443244934e-02 1.885665394365787506e-02 3.923216462135314941e-02 1.601188816130161285e-02 2.081358432769775391e-02 3.172475472092628479e-02 2.187702246010303497e-02 2.051461488008499146e-02 2.255367487668991089e-02 4.715172573924064636e-03 1.166775450110435486e-02 2.449353784322738647e-02 3.231575014069676399e-03 1.629467308521270752e-02 1.400405354797840118e-02 1.509821787476539612e-02 1.835855282843112946e-02 8.957284735515713692e-04 4.659377504140138626e-03 3.298025950789451599e-02 3.190412744879722595e-02 4.436469636857509613e-03 6.501422263681888580e-03 4.459854215383529663e-03 4.579580563586205244e-04 6.654650904238224030e-03 2.739581745117902756e-03 1.984174177050590515e-02 1.737773232161998749e-02 8.918569074012339115e-05 3.432894591242074966e-03 5.378553178161382675e-03 2.809341298416256905e-03 1.564920064993202686e-03 5.143978167325258255e-03 3.277830407023429871e-02 3.579527139663696289e-02 4.455299116671085358e-03 2.667801454663276672e-03 4.443001933395862579e-03 2.326346468180418015e-03 1.689860783517360687e-02 2.423528349027037621e-03 1.444925460964441299e-02 1.199205312877893448e-02 8.946916088461875916e-03 4.668445326387882233e-03 5.430664401501417160e-03 8.961965329945087433e-03 4.484526440501213074e-02 4.096116870641708374e-02 8.610921795479953289e-04 8.182580582797527313e-03 2.088744193315505981e-02 2.855983190238475800e-02 5.277975648641586304e-02 3.601378202438354492e-02 1.435377541929483414e-02 1.662381924688816071e-03 4.356709308922290802e-03 5.007433239370584488e-03 1.750184223055839539e-02 8.454469032585620880e-03 1.007370743900537491e-02 2.385786175727844238e-02 6.691945600323379040e-04 4.267073702067136765e-03 3.182862326502799988e-02 3.948343172669410706e-02 3.386617451906204224e-02 3.537874296307563782e-02 2.365101128816604614e-02 2.150945179164409637e-02 2.940233424305915833e-02 1.454253494739532471e-02 3.323483094573020935e-02 1.186046563088893890e-02 3.743343055248260498e-02 5.459440406411886215e-03 8.248427882790565491e-03 1.389932632446289062e-02 2.432855963706970215e-02 1.825816929340362549e-02 1.670823618769645691e-02 2.648699795827269554e-03
1.578496210277080536e-02 2.380601316690444946e-02 9.662255644798278809e-03 6.130842957645654678e-03 6.466201040893793106e-03 1.516968477517366409e-02 1.996174827218055725e-02 2.404456492513418198e-03 8.513171672821044922e-01 3.810947015881538391e-02 1.443073153495788574e-02 3.082568198442459106e-02 2.113497443497180939e-02 3.131664916872978210e-02 2.048851735889911652e-02 2.299647592008113861e-02 1.725180633366107941e-02 4.978408664464950562e-02 3.823468461632728577e-02 1.347685139626264572e-02 2.244483679533004761e-02 2.197487838566303253e-02 2.736151404678821564e-02 2.364263124763965607e-02 3.741596359759569168e-03 1.328362431377172470e-02 2.750364132225513458e-02 1.180047634989023209e-02 1.725684106349945068e-02 3.560949582606554031e-03 1.934244483709335327e-02 2.466548606753349304e-02 9.806134738028049469e-03 1.377333304844796658e-03 3.759715473279356956e-03 1.791334524750709534e-02 5.330364685505628586e-03 1.426826603710651398e-02 1.290952600538730621e-02 9.173746220767498016e-03 1.332644838839769363e-02 3.848148509860038757e-02 1.921107806265354156e-02 9.119994007050991058e-03 2.454612031579017639e-02 2.135753445327281952e-02 2.058299258351325989e-02 1.572543941438198090e-02 4.252897948026657104e-02 2.486140094697475433e-02 1.922926306724548340e-02 2.953468263149261475e-02 8.048507384955883026e-03 6.965377833694219589e-03 3.887155652046203613e-02 2.400107681751251221e-02 1.663423515856266022e-02 1.408125925809144974e-02 1.799230836331844330e-02 9.383366443216800690e-03 1.803633756935596466e-02 5.518723744899034500e-03 2.833048347383737564e-03 1.425509341061115265e-02 1.997081190347671509e-02 1.488635595887899399e-02 1.550982426851987839e-02 1.293055340647697449e-02 3.019714169204235077e-02 4.326242953538894653e-03 1.492736767977476120e-02 2.867670357227325439e-02 1.760390703566372395e-03 1.158317830413579941e-02 1.167253963649272919e-02 3.953150287270545959e-02 4.402752965688705444e-02 1.560246758162975311e-02 4.037761315703392029e-02 2.425282821059226990e-02 7.178429048508405685e-03 8.597146719694137573e-03 1.408663112670183182e-02 2.720285393297672272e-02 8.406994747929275036e-04 4.126675426959991455e-03 1.125343702733516693e-02 1.091525610536336899e-02 8.839596062898635864e-03 1.840260438621044159e-02 1.362788490951061249e-02 1.680710166692733765e-02 2.323347888886928558e-02 2.857290580868721008e-02 7.023440412012860179e-05 6.200484000146389008e-03 2.689371630549430847e-02 4.021618515253067017e-02 3.215276077389717102e-02 1.871989853680133820e-02 9.449988603591918945e-03 1.519686914980411530e-02 8.356741629540920258e-03 1.503434870392084122e-02 2.244144305586814880e-02 1.475544180721044540e-02 8.435890078544616699e-03 4.019642248749732971e-02 1.571777835488319397e-02 3.393323346972465515e-02 1.176210213452577591e-02 1.391388196498155594e-02 1.755839399993419647e-02 6.173500791192054749e-03 9.914458496496081352e-04 2.980482066050171852e-03
2.071041613817214966e-02 2.257495373487472534e-02 1.288072671741247177e-02 6.062880158424377441e-03 1.175187714397907257e-02 1.192263048142194748e-02 2.467755228281021118e-02 1.448476104997098446e-03 3.810947015881538391e-02 8.513171672821044922e-01 1.869568042457103729e-02 2.772117219865322113e-02 2.421918511390686035e-02 4.252125695347785950e-02 2.794487215578556061e-02 1.304293889552354813e-02 2.421080321073532104e-02 3.221008554100990295e-02 5.145908147096633911e-02 1.292324531823396683e-02 1.192751992493867874e-02 2.291558310389518738e-02 1.146903820335865021e-02 2.246086485683917999e-02 6.337339989840984344e-03 1.442921068519353867e-02 2.947287820279598236e-02 1.415496971458196640e-02 1.471313554793596268e-02 1.289999857544898987e-02 7.032029330730438232e-03 8.338688872754573822e-03 1.797556062228977680e-03 3.593857865780591965e-03 3.940218128263950348e-03 5.883831996470689774e-03 5.636475514620542526e-03 1.325464341789484024e-02 3.016326343640685081e-03 3.030855907127261162e-03 3.163872659206390381e-02 1.256156526505947113e-02 1.271924749016761780e-02 2.551240287721157074e-02 2.488040737807750702e-02 3.957068547606468201e-02 2.799828723073005676e-02 2.825141698122024536e-02 1.519970782101154327e-02 2.245024777948856354e-02 8.329238742589950562e-03 1.587897725403308868e-02 9.504772722721099854e-03 1.631516404449939728e-02 1.418153475970029831e-02 3.008714877068996429e-02 2.098938077688217163e-02 3.305833414196968079e-02 1.465530786663293839e-02 1.157248765230178833e-02 9.034606628119945526e-03 8.937485516071319580e-03 6.616625003516674042e-03 6.876931060105562210e-03 1.488124020397663116e-02 1.545452792197465897e-02 5.583310034126043320e-03 3.698216984048485756e-03 2.811790071427822113e-02 2.766321972012519836e-02 2.599270269274711609e-02 2.183953672647476196e-02 8.166290936060249805e-04 2.729945071041584015e-02 1.633888483047485352e-02 2.492722310125827789e-02 2.180613204836845398e-02 3.742108121514320374e-02 2.436397597193717957e-02 3.669167682528495789e-02 6.718771532177925110e-03 7.016546558588743210e-03 1.562721095979213715e-02 4.376669228076934814e-02 8.263741619884967804e-03 1.435984857380390167e-02 1.553895231336355209e-02 1.978743448853492737e-02 2.130953222513198853e-02 4.518814012408256531e-02 1.781577616930007935e-02 3.246299549937248230e-02 2.609952539205551147e-02 2.624406665563583374e-02 1.113576628267765045e-02 9.679098613560199738e-03 2.786530368030071259e-02 1.713750511407852173e-02 1.171481516212224960e-02 1.130990684032440186e-02 6.804708391427993774e-03 1.236524246633052826e-02 1.519372127950191498e-02 1.292900927364826202e-02 4.023599904030561447e-03 6.647160276770591736e-03 2.616097219288349152e-03 1.524772960692644119e-02 1.298350933939218521e-02 3.415754437446594238e-02 2.869348600506782532e-02 1.743673533201217651e-02 2.607319271191954613e-03 8.954559452831745148e-03 2.012566849589347839e-02 1.587489619851112366e-03
6.421741098165512085e-02 4.505918174982070923e-02 1.281750947237014771e-02 2.568519441410899162e-03 1.207997556775808334e-03 5.160922184586524963e-02 4.873763397336006165e-02 7.195008452981710434e-03 1.443073153495788574e-02 1.869568042457103729e-02 8.513171672821044922e-01 1.814916916191577911e-02 5.554489418864250183e-02 1.964577846229076385e-02 1.875509880483150482e-02 1.401015091687440872e-02 7.152003701776266098e-03 1.131418719887733459e-02 1.025734469294548035e-02 1.059642527252435684e-02 8.657783269882202148e-03 3.802079334855079651e-02 1.913250423967838287e-02 2.366753481328487396e-02 5.275681149214506149e-03 1.108271814882755280e-02 3.885358572006225586e-02 2.240631962195038795e-03 2.551567554473876953e-02 8.457394316792488098e-03 1.100933738052845001e-02 2.553931996226310730e-02 2.185430750250816345e-02 1.577712222933769226e-02 8.730927947908639908e-04 1.919693313539028168e-02 1.071728020906448364e-02 2.436469309031963348e-02 9.724711067974567413e-03 7.406733464449644089e-03 1.812821626663208008e-02 1.039473433047533035e-02 1.903687790036201477e-02 2.208831533789634705e-02 1.093163061887025833e-02 1.611921377480030060e-02 3.393247351050376892e-02 2.734138816595077515e-02 2.658531256020069122e-02 2.786337025463581085e-02 7.481867913156747818e-03 7.850805297493934631e-03 1.764485798776149750e-02 2.053096145391464233e-02 1.665649004280567169e-02 1.253561675548553467e-02 2.437845570966601372e-03 1.018257625401020050e-02 1.417407579720020294e-02 1.889974996447563171e-02 1.961271837353706360e-02 3.993106074631214142e-03 1.924068317748606205e-03 2.352261357009410858e-02 3.326153755187988281e-02 2.935449220240116119e-02 1.377143617719411850e-02 1.171058416366577148e-02 1.032097358256578445e-02 1.212002057582139969e-02 1.464881701394915581e-03 2.467081137001514435e-02 3.689839213620871305e-04 9.191274642944335938e-03 2.269452903419733047e-03 1.323983166366815567e-02 3.443851892370730639e-04 6.515484303236007690e-03 1.152027957141399384e-02 1.292773708701133728e-02 2.163166878744959831e-03 2.253895811736583710e-02 2.953324699774384499e-03 2.204493153840303421e-03 1.122784987092018127e-02 1.714012026786804199e-02 2.391155250370502472e-02 1.265438925474882126e-02 3.470474388450384140e-03 7.977962493896484375e-03 2.707455866038799286e-02 4.089067503809928894e-02 1.898544654250144958e-02 3.505077585577964783e-02 6.056574638932943344e-03 4.624914377927780151e-03 1.694322004914283752e-02 1.565822400152683258e-02 1.165364310145378113e-02 2.085979096591472626e-02 1.039344258606433868e-02 6.121302023530006409e-03 2.338299900293350220e-02 2.152829244732856750e-02 7.102969102561473846e-03 1.630177907645702362e-02 1.230943948030471802e-02 1.449795067310333252e-02 1.571784727275371552e-02 1.436587143689393997e-02 2.203091606497764587e-02 1.439387444406747818e-02 8.648198097944259644e-03 3.732256358489394188e-03 2.177241630852222443e-02 5.262243095785379410e-03
2.374978549778461456e-02 2.206087298691272736e-02 9.614499285817146301e-03 1.856695488095283508e-02 1.565138995647430420e-02 3.094567917287349701e-02 1.405564229935407639e-02 5.556929856538772583e-03 3.082568198442459106e-02 2.772117219865322113e-02 1.814916916191577911e-02 8.513171672821044922e-01 2.227031439542770386e-02 4.884486645460128784e-02 3.257334977388381958e-02 1.733758859336376190e-02 1.217953022569417953e-02 8.466953411698341370e-03 2.186885848641395569e-02 1.640655659139156342e-02 1.366434618830680847e-02 1.972229592502117157e-02 3.340554609894752502e-02 3.000611625611782074e-02 1.101538725197315216e-02 1.288298610597848892e-02 1.185716688632965088e-02 4.025861248373985291e-02 5.504904314875602722e-03 3.513054549694061279e-02 3.774894867092370987e-03 2.036727778613567352e-02 1.019762363284826279e-02 8.763109333813190460e-03 9.738534688949584961e-03 2.754995226860046387e-02 1.379350200295448303e-02 2.016542293131351471e-02 2.978254295885562897e-02 2.209936082363128662e-02 1.264023128896951675e-02 1.942906714975833893e-02 2.927749417722225189e-02 5.323291290551424026e-03 3.747271001338958740e-02 2.451254986226558685e-02 2.858660370111465454e-02 4.322237335145473480e-03 1.614779420197010040e-02 1.245277281850576401e-02 2.505465038120746613e-02 2.466139756143093109e-02 1.432981714606285095e-02 2.423053607344627380e-02 1.418240717612206936e-04 1.281972508877515793e-02 1.481084525585174561e-02 2.275301888585090637e-02 2.778245322406291962e-02 2.932622283697128296e-02 1.702482067048549652e-02 1.461680419743061066e-02 9.825986810028553009e-03 1.275887992233037949e-02 1.812420226633548737e-02 1.153972186148166656e-02 1.470493152737617493e-02 1.715095527470111847e-02 8.062313310801982880e-03 1.512706279754638672e-03 3.489759517833590508e-03 4.592243116348981857e-03 1.963923312723636627e-02 6.592887453734874725e-03 2.275307662785053253e-02 2.154078707098960876e-02 1.771925389766693115e-02 5.343289580196142197e-03 4.066727310419082642e-02 3.108538500964641571e-02 6.588513962924480438e-03 4.515176897257333621e-06 8.908021263778209686e-03 2.380353771150112152e-02 1.701029576361179352e-02 1.722901500761508942e-02 1.121649425476789474e-02 2.111366949975490570e-02 1.778962835669517517e-02 3.330301493406295776e-02 2.376112714409828186e-02 1.400150451809167862e-02 1.154575776308774948e-02 1.658487133681774139e-02 9.213107638061046600e-03 1.314042601734399796e-02 2.168055251240730286e-02 3.031404316425323486e-02 2.345535159111022949e-02 2.081459201872348785e-02 2.099486440420150757e-02 2.407846227288246155e-02 1.936313696205615997e-02 2.852536924183368683e-02 1.933423802256584167e-02 1.711644604802131653e-02 1.750508509576320648e-02 3.089253976941108704e-02 1.885547861456871033e-02 2.934249304234981537e-02 2.233973331749439240e-02 1.818998716771602631e-02 2.945220842957496643e-02 2.526168525218963623e-02 5.524694453924894333e-03 8.833333849906921387e-03
5.599399283528327942e-02 5.426448211073875427e-02 8.815363980829715729e-03 5.438886117190122604e-03 6.643581204116344452e-03 4.845914989709854126e-02 4.686641320586204529e-02 3.866264829412102699e-03 2.113497443497180939e-02 2.421918511390686035e-02 5.554489418864250183e-02 2.227031439542770386e-02 8.513171672821044922e-01 2.647880464792251587e-02 2.005325444042682648e-02 1.205927133560180664e-02 1.232599001377820969e-02 1.029930822551250458e-02 1.782796345651149750e-02 2.051881700754165649e-02 1.647904887795448303e-02 3.024647943675518036e-02 1.854376122355461121e-02 2.138379216194152832e-02 1.043592672795057297e-02 1.230950839817523956e-02 2.473002858459949493e-02 4.535341635346412659e-03 3.088448755443096161e-02 2.652809023857116699e-03 2.690989710390567780e-02 2.449323982000350952e-02 1.290246471762657166e-02 1.414639223366975784e-02 1.112831523641943932e-03 1.877434365451335907e-02 1.619960367679595947e-02 1.266054064035415649e-02 3.750356845557689667e-03 1.623505144380033016e-03 1.567802019417285919e-02 1.709196530282497406e-02 1.999681070446968079e-02 5.755929742008447647e-03 1.961820200085639954e-02 2.453175373375415802e-02 4.135257750749588013e-02 3.260289877653121948e-02 2.832465246319770813e-02 3.470742702484130859e-02 1.019030436873435974e-02 4.083981271833181381e-03 1.877188310027122498e-02 2.306099794805049896e-02 1.104889623820781708e-02 1.429256703704595566e-02 4.854803904891014099e-03 1.022221613675355911e-02 2.251280471682548523e-02 2.505215816199779510e-02 1.235280279070138931e-02 2.428777050226926804e-03 4.809167701750993729e-03 1.931172795593738556e-02 3.142426908016204834e-02 4.565209150314331055e-02 1.968643255531787872e-02 1.549369748681783676e-02 1.305089145898818970e-02 1.705563254654407501e-02 5.814744625240564346e-03 2.577727474272251129e-02 3.066739300265908241e-03 1.186239346861839294e-02 5.132857710123062134e-03 9.416578337550163269e-03 5.551771726459264755e-03 1.021764334291219711e-02 1.587908528745174408e-02 1.263182982802391052e-02 1.012402493506669998e-02 1.059301942586898804e-02 4.287342075258493423e-03 2.838655374944210052e-03 1.414187625050544739e-02 7.261942140758037567e-03 1.508394815027713776e-02 1.819692552089691162e-02 5.891910986974835396e-04 9.290278889238834381e-03 2.768899314105510712e-02 3.481708839535713196e-02 3.032501600682735443e-02 3.427062928676605225e-02 2.054876182228326797e-03 1.164176966995000839e-02 2.436193078756332397e-02 1.234065834432840347e-02 1.640944369137287140e-02 2.054965682327747345e-02 1.306433975696563721e-02 1.605582050979137421e-02 2.051652967929840088e-02 1.609480381011962891e-02 1.098095253109931946e-02 1.473973225802183151e-02 8.924888446927070618e-03 1.846833154559135437e-02 2.433555759489536285e-02 2.549289166927337646e-02 2.631539478898048401e-02 1.397332642227411270e-02 1.328618824481964111e-02 3.061666619032621384e-03 2.148032002151012421e-02 1.070441212505102158e-02
