8.491877913475036621e-01 4.788842052221298218e-02 2.343001775443553925e-02 1.461390964686870575e-02 1.247615274041891098e-02 6.048124656081199646e-02 5.508770048618316650e-02 3.167171729728579521e-03 1.109158433973789215e-02 8.458803407847881317e-03 5.438756570219993591e-02 2.353357709944248199e-02 4.175778105854988098e-02 2.321113459765911102e-02 2.903883159160614014e-02 3.830744884908199310e-03 2.184483921155333519e-03 3.322657197713851929e-03 5.984126590192317963e-03 3.332216059789061546e-03 1.314136851578950882e-02 2.114926837384700775e-02 1.760214939713478088e-02 1.172401476651430130e-02 2.546922303736209869e-03 1.475092675536870956e-02 8.324090391397476196e-03 1.382844615727663040e-02 1.394540444016456604e-02 1.233883295208215714e-02 2.182672545313835144e-02 3.627714002504944801e-03 2.417470142245292664e-02 4.881143104285001755e-03 1.257053948938846588e-02 1.948000304400920868e-02 2.150930278003215790e-02 4.723821766674518585e-03 2.593210153281688690e-02 1.464505214244127274e-02 8.147593587636947632e-03 2.612927556037902832e-02 2.468754723668098450e-02 1.665604487061500549e-02 5.589915439486503601e-03 4.168335290160030127e-04 4.430480301380157471e-02 3.974064812064170837e-02 2.394557744264602661e-02 8.426632732152938843e-03 1.487598009407520294e-02 1.240933500230312347e-02 1.449849642813205719e-02 1.651678048074245453e-02 3.823114326223731041e-03 1.164658111520111561e-03 2.270605601370334625e-02 2.013599127531051636e-02 1.584899611771106720e-02 6.950654089450836182e-03 1.701188273727893829e-02 1.043347362428903580e-02 2.368964627385139465e-02 1.027450338006019592e-02 2.801894210278987885e-02 2.387658692896366119e-02 1.211736584082245827e-03 6.193028762936592102e-03 2.283709496259689331e-02 7.039827294647693634e-03 2.698058821260929108e-02 4.870361648499965668e-03 1.912032254040241241e-02 1.156678330153226852e-02 1.797024719417095184e-02 3.131639445200562477e-03 2.286928705871105194e-02 2.964458800852298737e-02 1.191361155360937119e-02 2.622709609568119049e-03 1.563343591988086700e-02 2.941181883215904236e-02 1.611580699682235718e-02 1.854665577411651611e-02 5.312257446348667145e-03 2.952936571091413498e-03 1.777038723230361938e-02 1.472690328955650330e-02 1.515486743301153183e-02 1.811563037335872650e-02 2.647018805146217346e-02 1.504410617053508759e-02 3.113860636949539185e-02 3.729918680619448423e-04 1.846520788967609406e-02 2.331506088376045227e-02 1.208383031189441681e-02 8.766230195760726929e-03 3.375896066427230835e-02 2.862965129315853119e-02 1.276541315019130707e-02 8.513152599334716797e-03 9.821630083024501801e-03 3.614578628912568092e-03 2.404963970184326172e-02 1.938964053988456726e-02 1.744291558861732483e-02 1.893678866326808929e-02 3.120269160717725754e-03 1.844978891313076019e-02 6.591597106307744980e-03 7.009973283857107162e-03 2.265037968754768372e-03 2.255985047668218613e-03 2.519423374906182289e-03 1.141086500138044357e-02
4.788842052221298218e-02 8.491877913475036621e-01 1.661865226924419403e-02 1.750427111983299255e-02 1.929856836795806885e-02 4.055213928222656250e-02 4.653892293572425842e-02 8.541562710888683796e-04 8.974052034318447113e-03 3.777976380661129951e-03 4.259221628308296204e-02 1.637666486203670502e-02 4.115859419107437134e-02 1.639403775334358215e-02 1.912274211645126343e-02 8.224478922784328461e-03 7.244527805596590042e-03 1.078458875417709351e-02 6.016381550580263138e-03 1.719897426664829254e-02 2.824923768639564514e-02 5.147840362042188644e-03 1.588758267462253571e-02 7.045007310807704926e-03 2.285184338688850403e-02 2.516888268291950226e-02 1.306951418519020081e-02 1.214937493205070496e-02 3.107392787933349609e-02 1.400503236800432205e-02 3.117679618299007416e-02 2.010103780776262283e-03 2.511234581470489502e-02 1.092905923724174500e-02 1.102891471236944199e-02 1.945329457521438599e-02 1.428268011659383774e-02 1.664232276380062103e-02 2.406972460448741913e-02 1.605270057916641235e-02 6.900393869727849960e-03 3.387365490198135376e-02 2.938771806657314301e-02 1.111072022467851639e-02 2.115700021386146545e-02 1.719806343317031860e-02 2.509019151329994202e-02 3.038473241031169891e-02 1.202112063765525818e-02 9.280123631469905376e-04 1.208970602601766586e-02 3.374690655618906021e-03 1.098570972681045532e-02 1.547346264123916626e-02 5.240439786575734615e-04 1.863173791207373142e-03 2.386278659105300903e-02 2.388867922127246857e-02 1.449037529528141022e-02 1.540808100253343582e-02 1.685525849461555481e-02 1.157018449157476425e-02 1.546724047511816025e-02 1.094103697687387466e-02 3.548698127269744873e-02 3.246236965060234070e-02 1.909249089658260345e-02 2.418991550803184509e-02 2.233480289578437805e-02 1.365702599287033081e-02 2.607499435544013977e-02 1.503033190965652466e-02 1.712633110582828522e-02 2.311906218528747559e-02 1.880697906017303467e-02 1.548714004456996918e-02 1.973788812756538391e-02 1.553696673363447189e-02 1.199478469789028168e-02 1.040689367800951004e-02 5.184011533856391907e-03 1.414807420223951340e-02 1.303052902221679688e-02 1.613946072757244110e-02 9.351850487291812897e-03 2.354254946112632751e-03 1.086000911891460419e-02 1.920818537473678589e-02 1.462817564606666565e-02 1.146912947297096252e-02 2.969452366232872009e-02 1.869879779405891895e-03 3.647031262516975403e-02 1.002941001206636429e-02 1.437224447727203369e-02 2.823115698993206024e-02 2.327435091137886047e-02 2.427943609654903412e-02 3.327232599258422852e-02 2.601465769112110138e-02 1.797758787870407104e-02 1.293202023953199387e-02 1.981349661946296692e-02 1.882938854396343231e-02 2.104809880256652832e-02 1.574208959937095642e-02 1.789562590420246124e-02 1.744642853736877441e-02 6.584172137081623077e-03 1.389159448444843292e-02 6.071345414966344833e-03 4.032238852232694626e-03 1.310652587562799454e-02 1.348858233541250229e-02 1.231782604008913040e-02 1.921814493834972382e-02
2.343001775443553925e-02 1.661865226924419403e-02 8.491877913475036621e-01 1.766442134976387024e-02 3.124848566949367523e-02 1.583175547420978546e-02 6.314991507679224014e-03 3.975379094481468201e-02 2.575077814981341362e-03 4.104776235180906951e-05 1.138210482895374298e-02 1.306499470956623554e-03 3.093014238402247429e-04 3.034958383068442345e-03 1.347118639387190342e-03 1.857642456889152527e-02 1.069747284054756165e-02 1.034982129931449890e-02 1.618965994566679001e-03 1.434093061834573746e-02 7.595675531774759293e-03 1.591360196471214294e-02 3.749833558686077595e-04 9.100113995373249054e-03 1.995097286999225616e-02 9.023905731737613678e-03 1.872927881777286530e-02 1.352151390165090561e-03 1.284366380423307419e-02 9.826868772506713867e-04 1.386582944542169571e-02 3.988761454820632935e-02 2.067215740680694580e-02 3.331328183412551880e-02 1.086239051073789597e-02 2.341829240322113037e-03 4.896783269941806793e-03 2.204133011400699615e-02 4.493350628763437271e-03 8.035346865653991699e-03 1.996290870010852814e-02 2.584567666053771973e-02 3.618324873968958855e-03 5.737472698092460632e-02 8.081337437033653259e-03 1.033542677760124207e-02 6.497329566627740860e-03 1.296270824968814850e-02 8.638276718556880951e-03 3.762884996831417084e-03 1.317979674786329269e-02 3.064473625272512436e-03 1.514558400958776474e-02 1.090521365404129028e-02 1.017787028104066849e-02 2.146974019706249237e-02 3.376905573531985283e-03 1.203182432800531387e-02 2.507068961858749390e-02 5.223703105002641678e-03 1.684370078146457672e-02 1.955560594797134399e-02 9.286860004067420959e-03 1.497096009552478790e-02 1.568223000504076481e-03 1.905347919091582298e-03 1.951866596937179565e-02 1.132131367921829224e-02 7.804616354405879974e-03 1.081352587789297104e-02 1.507375738583505154e-03 2.799674868583679199e-02 8.016543462872505188e-03 1.612177491188049316e-02 1.746605895459651947e-02 2.342587709426879883e-02 1.518072001636028290e-02 3.622100129723548889e-02 1.809044973924756050e-03 2.130438107997179031e-03 5.738265439867973328e-02 4.166664928197860718e-02 1.299247145652770996e-02 1.438354142010211945e-02 2.373274601995944977e-02 3.248488530516624451e-02 1.679913699626922607e-02 1.059657195582985878e-03 1.125966315157711506e-03 2.813490573316812515e-03 1.496653072535991669e-02 4.799043294042348862e-03 1.298375241458415985e-02 1.664241217076778412e-02 2.726188302040100098e-02 1.870880275964736938e-02 2.506547234952449799e-02 1.620537415146827698e-02 2.809443697333335876e-02 1.289686746895313263e-02 3.207262605428695679e-02 3.812543675303459167e-02 2.618151344358921051e-02 1.516567263752222061e-02 2.451096661388874054e-02 1.975510083138942719e-02 2.140243723988533020e-02 1.138438377529382706e-02 3.288540989160537720e-02 2.907919115386903286e-04 2.891271188855171204e-02 1.559455133974552155e-02 2.869633957743644714e-02 9.359635412693023682e-03 1.018349733203649521e-02 1.076922565698623657e-02
1.461390964686870575e-02 1.750427111983299255e-02 1.766442134976387024e-02 8.491877913475036621e-01 6.178637593984603882e-02 9.496819227933883667e-03 8.947189897298812866e-03 1.982667297124862671e-02 2.114669419825077057e-02 9.604317136108875275e-03 1.877441629767417908e-02 2.409785054624080658e-02 1.586136780679225922e-02 2.921689767390489578e-03 1.792017370462417603e-02 2.536233980208635330e-03 5.259959027171134949e-03 2.050591446459293365e-02 1.360347680747509003e-02 1.167353591881692410e-03 2.274253219366073608e-02 1.426645740866661072e-02 1.529745012521743774e-02 4.246531985700130463e-03 5.370285362005233765e-03 2.338652871549129486e-02 4.518905188888311386e-03 2.379367128014564514e-02 9.714723564684391022e-03 1.769737713038921356e-02 1.789657771587371826e-02 2.721423469483852386e-02 1.812716759741306305e-02 1.331349555402994156e-02 7.525868248194456100e-03 1.805966161191463470e-02 1.590426079928874969e-02 1.165113295428454876e-03 3.898509591817855835e-02 3.349379450082778931e-02 1.216375641524791718e-02 2.517028898000717163e-02 3.163656964898109436e-02 1.972456835210323334e-02 1.226674206554889679e-02 2.129947580397129059e-02 1.175184035673737526e-03 1.037708949297666550e-03 2.058523334562778473e-02 2.239234745502471924e-02 3.533308580517768860e-02 2.354773133993148804e-02 1.319777406752109528e-02 7.047533057630062103e-03 1.059472188353538513e-02 1.735077425837516785e-02 2.990469895303249359e-02 2.427321486175060272e-02 1.764370128512382507e-02 1.568012870848178864e-02 2.532533183693885803e-02 9.599327109754085541e-03 3.037974797189235687e-02 2.172086201608181000e-02 2.372649498283863068e-02 2.075563929975032806e-02 9.061729651875793934e-04 1.452216878533363342e-02 2.219401113688945770e-02 7.173760794103145599e-03 2.818819507956504822e-02 1.868709735572338104e-02 5.005358159542083740e-02 2.102436032146215439e-03 5.390784144401550293e-02 1.848629489541053772e-02 4.263959452509880066e-02 9.971650317311286926e-03 1.115114078857004642e-03 2.491040341556072235e-02 3.044651122763752937e-03 7.810148410499095917e-03 4.646620526909828186e-02 4.729163274168968201e-02 1.807054877281188965e-02 5.030629690736532211e-03 2.021110057830810547e-02 1.194138545542955399e-02 3.568878397345542908e-02 2.294812910258769989e-02 2.797636436298489571e-03 8.238782174885272980e-03 7.154481019824743271e-03 1.684122905135154724e-02 2.864760579541325569e-03 9.835861623287200928e-03 1.042650546878576279e-02 1.094708312302827835e-02 1.236315164715051651e-02 1.425588037818670273e-02 2.585476031526923180e-04 4.321786575019359589e-03 1.036867965012788773e-02 1.427190261892974377e-03 1.014681439846754074e-02 1.384371280437335372e-04 4.031597170978784561e-03 2.525924518704414368e-02 7.015155162662267685e-03 1.516004931181669235e-02 1.617809012532234192e-02 1.437776838429272175e-03 3.352062404155731201e-02 3.808626532554626465e-02 2.216791501268744469e-03 1.081910543143749237e-02
1.247615274041891098e-02 1.929856836795806885e-02 3.124848566949367523e-02 6.178637593984603882e-02 8.491877913475036621e-01 6.966844666749238968e-04 8.046567672863602638e-04 6.933438591659069061e-03 1.987801492214202881e-02 2.892086013162042946e-05 1.380601245909929276e-02 1.105182338505983353e-02 1.243765372782945633e-02 1.216590753756463528e-03 1.182056218385696411e-02 3.231075825169682503e-03 1.039815507829189301e-02 2.074215188622474670e-02 1.989477686583995819e-02 4.099444486200809479e-03 2.332526259124279022e-02 7.171363104134798050e-03 8.597163483500480652e-03 3.380473470315337181e-03 3.788015339523553848e-03 1.354537717998027802e-02 5.203232634812593460e-03 6.699828431010246277e-03 7.395454682409763336e-03 8.199549280107021332e-03 1.723223738372325897e-02 3.536008670926094055e-02 7.749350741505622864e-03 1.858700811862945557e-02 5.473645403981208801e-03 1.704473234713077545e-02 1.037338655441999435e-02 1.167791523039340973e-02 3.662357851862907410e-02 3.539187461137771606e-02 1.101449248380959034e-03 2.219118364155292511e-02 2.230439893901348114e-02 3.158229589462280273e-02 5.891748704016208649e-03 1.862257532775402069e-02 1.022305898368358612e-02 8.223412558436393738e-03 1.805873960256576538e-02 1.956796646118164062e-02 2.850443124771118164e-02 1.453203335404396057e-02 6.190867861732840538e-04 3.162597073242068291e-03 8.259547874331474304e-03 1.313641946762800217e-02 2.105653285980224609e-02 2.094867080450057983e-02 4.292569588869810104e-03 6.058319471776485443e-03 1.712372340261936188e-02 9.999567642807960510e-03 1.709732785820960999e-02 1.286020036786794662e-02 2.238271385431289673e-02 1.540603209286928177e-02 2.165745710954070091e-03 1.194229908287525177e-02 1.772361434996128082e-02 4.155467264354228973e-03 2.725623920559883118e-02 2.407447434961795807e-03 4.687286540865898132e-02 1.809796551242470741e-03 6.014296784996986389e-02 5.857467651367187500e-03 3.051325306296348572e-02 1.281125005334615707e-02 6.579152308404445648e-03 1.295781414955854416e-02 1.776915043592453003e-02 1.440954022109508514e-02 5.059447139501571655e-02 6.148388981819152832e-02 2.145397290587425232e-02 7.498919963836669922e-03 1.270627882331609726e-02 1.198158692568540573e-02 2.795491367578506470e-02 1.824625581502914429e-02 4.041764885187149048e-03 2.142844605259597301e-04 2.315860940143465996e-03 5.213128402829170227e-03 2.300562569871544838e-03 8.913129568099975586e-03 1.461108773946762085e-02 1.451253239065408707e-02 7.767800241708755493e-03 3.794189542531967163e-03 1.574998535215854645e-02 1.666072383522987366e-02 1.976498961448669434e-02 1.220033317804336548e-02 7.647392340004444122e-03 1.265652477741241455e-02 1.777011156082153320e-02 1.112288795411586761e-02 2.198034711182117462e-02 7.908700034022331238e-03 2.533195167779922485e-02 1.151647698134183884e-02 3.221183642745018005e-02 3.134794533252716064e-02 8.612686651758849621e-04 1.078526116907596588e-02
6.048124656081199646e-02 4.055213928222656250e-02 1.583175547420978546e-02 9.496819227933883667e-03 6.966844666749238968e-04 8.491877913475036621e-01 5.841205641627311707e-02 5.080587696284055710e-03 4.468251019716262817e-03 2.232289640232920647e-03 5.237069353461265564e-02 2.993497811257839203e-02 3.658089041709899902e-02 2.706269919872283936e-02 2.546089515089988708e-02 4.110839683562517166e-03 3.324199700728058815e-03 2.789862919598817825e-03 8.749548345804214478e-03 2.919935155659914017e-03 1.104870531708002090e-02 2.725616283714771271e-02 2.457278408110141754e-02 2.155874297022819519e-02 2.261618617922067642e-03 1.193706411868333817e-02 1.386805064976215363e-02 2.318776771426200867e-02 2.702518831938505173e-04 1.840172149240970612e-02 1.064972952008247375e-02 6.687644869089126587e-03 2.538592182099819183e-02 8.089806884527206421e-03 1.589499600231647491e-02 2.132239937782287598e-02 2.097743190824985504e-02 1.445860136300325394e-03 2.326217293739318848e-02 1.442030910402536392e-02 2.683633829292375594e-05 2.925016358494758606e-02 2.243505977094173431e-02 1.195549685508012772e-02 2.811791375279426575e-03 8.402163162827491760e-03 5.178539082407951355e-02 4.301681742072105408e-02 2.178093232214450836e-02 2.652826951816678047e-03 1.479506772011518478e-02 1.657672040164470673e-02 2.299458719789981842e-02 2.280381880700588226e-02 3.007911378517746925e-03 1.306354766711592674e-03 1.713268831372261047e-02 1.501303911209106445e-02 1.944436877965927124e-02 1.518609840422868729e-02 1.742226444184780121e-02 8.515984751284122467e-03 2.598606981337070465e-02 1.327432226389646530e-02 1.875303313136100769e-02 2.070504799485206604e-02 2.389545319601893425e-03 4.832169972360134125e-03 2.048669755458831787e-02 4.338347353041172028e-03 2.300873026251792908e-02 2.705154474824666977e-03 1.414556801319122314e-02 1.049223542213439941e-02 1.116133108735084534e-02 1.744984911056235433e-04 2.093409374356269836e-02 2.125141583383083344e-02 1.174390595406293869e-02 5.946878227405250072e-04 1.471460331231355667e-02 3.524184599518775940e-02 9.056379087269306183e-03 8.831460960209369659e-03 4.020960535854101181e-03 1.812380622141063213e-03 1.573525741696357727e-02 1.055761612951755524e-02 1.123149693012237549e-02 1.660799793899059296e-02 2.125891856849193573e-02 1.693517528474330902e-02 2.266438864171504974e-02 3.592008724808692932e-03 2.079650759696960449e-02 2.312159538269042969e-02 7.261583581566810608e-03 5.860063247382640839e-03 3.533223271369934082e-02 3.132567927241325378e-02 2.143041417002677917e-02 1.608193106949329376e-02 4.620277322828769684e-03 6.183548364788293839e-03 3.440322726964950562e-02 2.731794863939285278e-02 3.007894754409790039e-02 1.931752264499664307e-02 8.998204022645950317e-03 1.676643267273902893e-02 5.560649558901786804e-03 4.733608569949865341e-03 2.203071024268865585e-03 2.333431970328092575e-03 3.650424070656299591e-03 8.587358519434928894e-03
5.508770048618316650e-02 4.653892293572425842e-02 6.314991507679224014e-03 8.947189897298812866e-03 8.046567672863602638e-04 5.841205641627311707e-02 8.491877913475036621e-01 2.024949528276920319e-03 1.138093881309032440e-02 1.188381575047969818e-02 5.062391236424446106e-02 2.310799434781074524e-02 3.983912989497184753e-02 2.331608533859252930e-02 1.680717058479785919e-02 5.657808855175971985e-03 7.981671951711177826e-03 2.938072429969906807e-03 1.745992340147495270e-03 4.746787250041961670e-03 1.292876526713371277e-02 2.223628945648670197e-02 2.052758634090423584e-02 1.714934408664703369e-02 7.372858934104442596e-03 1.473398413509130478e-02 7.129115052521228790e-03 1.927058584988117218e-02 1.446553971618413925e-02 9.655810892581939697e-03 1.085907779633998871e-02 1.736536808311939240e-02 2.088397555053234100e-02 1.652788743376731873e-02 1.987251825630664825e-02 2.096010930836200714e-02 1.830146461725234985e-02 9.185072849504649639e-04 1.745049655437469482e-02 1.279187947511672974e-02 2.499149413779377937e-03 2.556161209940910339e-02 2.086036652326583862e-02 2.536217682063579559e-03 2.764231525361537933e-03 8.603777736425399780e-03 4.739518463611602783e-02 5.170651152729988098e-02 1.119563169777393341e-02 2.935926662757992744e-03 8.560894988477230072e-03 5.776714533567428589e-03 1.779164001345634460e-02 1.928362622857093811e-02 5.863974802196025848e-03 1.214636210352182388e-02 1.298974454402923584e-02 1.257199514657258987e-02 1.647757552564144135e-02 1.223573461174964905e-02 1.900269836187362671e-02 1.398098468780517578e-02 1.829453930258750916e-02 1.348945591598749161e-02 1.988333836197853088e-02 2.296136878430843353e-02 8.514858782291412354e-03 9.546217508614063263e-03 2.444566972553730011e-02 1.795977237634360790e-03 2.384443022310733795e-02 2.539319451898336411e-03 1.208784617483615875e-02 5.763739347457885742e-03 1.221916358917951584e-02 5.347635131329298019e-03 1.730596087872982025e-02 1.871011219918727875e-02 1.033034175634384155e-02 5.608417093753814697e-03 1.066111400723457336e-02 2.603187970817089081e-02 1.107013784348964691e-02 1.418445352464914322e-02 7.053386885672807693e-03 1.570401340723037720e-02 1.069807913154363632e-02 3.832813585177063942e-03 4.906923044472932816e-03 8.019423112273216248e-03 3.300714865326881409e-02 1.546708494424819946e-02 3.144596889615058899e-02 2.972600981593132019e-03 3.244518861174583435e-02 3.156866878271102905e-02 7.999008521437644958e-03 1.275558769702911377e-02 3.202993050217628479e-02 2.626146562397480011e-02 3.688170388340950012e-02 2.779740281403064728e-02 1.231954549439251423e-03 1.183208660222589970e-03 3.262329101562500000e-02 2.298064529895782471e-02 3.794990107417106628e-02 1.413989532738924026e-02 2.166578359901905060e-02 1.324848551303148270e-02 4.790827166289091110e-03 9.862516890279948711e-05 4.830911639146506786e-04 7.434615399688482285e-03 3.512330353260040283e-03 9.705475531518459320e-03
3.167171729728579521e-03 8.541562710888683796e-04 3.975379094481468201e-02 1.982667297124862671e-02 6.933438591659069061e-03 5.080587696284055710e-03 2.024949528276920319e-03 8.491877913475036621e-01 1.525255013257265091e-02 2.324804663658142090e-03 9.898853488266468048e-03 1.412947475910186768e-02 2.145126089453697205e-02 6.710364948958158493e-03 2.316812798380851746e-02 2.111916057765483856e-02 9.979820810258388519e-03 7.271131500601768494e-03 2.072020620107650757e-02 1.467510219663381577e-02 2.603368461132049561e-02 1.704270951449871063e-02 1.366361230611801147e-02 1.465182192623615265e-02 1.682969182729721069e-02 1.951706968247890472e-02 2.868729829788208008e-02 1.846432499587535858e-02 2.664619497954845428e-02 1.889428123831748962e-02 8.234555833041667938e-03 1.031202729791402817e-02 2.809577435255050659e-02 2.003140375018119812e-02 1.420491095632314682e-02 1.983758993446826935e-02 2.515739947557449341e-02 3.106695227324962616e-02 2.219672501087188721e-02 2.641404978930950165e-02 3.849220648407936096e-02 3.060363233089447021e-03 2.172994799911975861e-02 3.224686160683631897e-02 1.254628784954547882e-02 3.884992795065045357e-03 6.703641265630722046e-03 1.176816783845424652e-02 4.771677777171134949e-03 7.317550480365753174e-03 1.856420375406742096e-02 1.852967031300067902e-02 2.735579572618007660e-02 1.772128231823444366e-02 7.943774107843637466e-04 4.959353245794773102e-03 2.258582599461078644e-02 1.234700810164213181e-02 4.020386561751365662e-02 1.958042569458484650e-02 2.612676657736301422e-02 2.172457985579967499e-02 2.377787232398986816e-02 1.668053562752902508e-03 3.012996166944503784e-02 2.318705804646015167e-02 1.934940554201602936e-02 2.193572558462619781e-02 2.006106637418270111e-02 1.210310403257608414e-02 1.661265455186367035e-02 2.951822057366371155e-02 2.310745231807231903e-02 1.070678792893886566e-02 1.425724290311336517e-02 3.010722622275352478e-02 1.286882162094116211e-02 1.899706386029720306e-02 5.922141950577497482e-03 7.329593878239393234e-03 5.520183965563774109e-02 4.160946235060691833e-02 1.624106802046298981e-02 7.294731680303812027e-03 9.363826364278793335e-03 5.425316281616687775e-03 3.745074942708015442e-02 2.869759500026702881e-02 2.230040542781352997e-02 1.512246951460838318e-02 2.170899696648120880e-02 1.968418061733245850e-02 1.916315034031867981e-02 3.134751319885253906e-02 1.597694307565689087e-02 5.543210543692111969e-03 1.405527116730809212e-03 1.038530655205249786e-02 9.745410643517971039e-03 5.191288422793149948e-03 6.721173413097858429e-03 1.090234238654375076e-02 1.246458664536476135e-02 1.618982106447219849e-02 2.310719341039657593e-02 1.521764229983091354e-02 2.925567328929901123e-03 2.495656907558441162e-02 6.716942414641380310e-03 1.726308092474937439e-02 2.379620261490345001e-02 3.201925009489059448e-02 1.056854147464036942e-03 2.032826654613018036e-02 1.555519551038742065e-02 7.929233834147453308e-03
1.109158433973789215e-02 8.974052034318447113e-03 2.575077814981341362e-03 2.114669419825077057e-02 1.987801492214202881e-02 4.468251019716262817e-03 1.138093881309032440e-02 1.525255013257265091e-02 8.491877913475036621e-01 3.168857470154762268e-02 1.736735180020332336e-02 1.987595669925212860e-02 1.241707615554332733e-02 9.012998081743717194e-03 1.911990530788898468e-02 4.347060341387987137e-03 9.927775245159864426e-04 4.555141553282737732e-02 1.452661212533712387e-02 2.356336638331413269e-02 8.230759762227535248e-03 1.365484111011028290e-02 6.312492769211530685e-03 3.728000679984688759e-03 1.686681993305683136e-02 9.618200361728668213e-03 2.160686627030372620e-02 1.614412106573581696e-02 1.141665875911712646e-02 1.345262117683887482e-02 4.539501853287220001e-03 6.412669899873435497e-04 8.925100788474082947e-03 5.542435683310031891e-03 1.073218695819377899e-02 3.072876296937465668e-02 2.176137268543243408e-02 7.614669390022754669e-03 7.507565431296825409e-03 4.386681132018566132e-03 2.021015249192714691e-02 5.696323700249195099e-03 1.371397729963064194e-02 1.579742413014173508e-03 1.260052435100078583e-02 7.826048531569540501e-04 4.979980643838644028e-03 1.417635474354028702e-03 2.381165884435176849e-02 4.349822644144296646e-03 1.901147328317165375e-02 1.067653018981218338e-02 1.427000481635332108e-02 8.018198423087596893e-03 3.593898564577102661e-02 6.369214970618486404e-03 1.731249503791332245e-02 1.240196172147989273e-02 2.127753105014562607e-03 8.643059991300106049e-03 2.957714535295963287e-02 1.606507040560245514e-02 4.931043833494186401e-03 8.438179269433021545e-03 1.255301199853420258e-02 1.502399146556854248e-02 6.384157110005617142e-03 6.660723127424716949e-03 3.663822263479232788e-02 4.648097231984138489e-02 3.144565597176551819e-02 3.904753923416137695e-02 1.965454593300819397e-02 3.976257145404815674e-02 2.034424990415573120e-02 3.806171938776969910e-02 4.025303944945335388e-02 2.329561300575733185e-02 3.299632668495178223e-02 6.457660347223281860e-03 3.258167766034603119e-03 3.883498953655362129e-03 3.278962522745132446e-02 2.217614464461803436e-02 7.088904269039630890e-03 3.119365777820348740e-03 1.673574745655059814e-02 9.330388857051730156e-04 3.120061941444873810e-02 3.064471669495105743e-02 6.499222479760646820e-03 1.897608861327171326e-02 1.087334356270730495e-03 3.463459014892578125e-02 2.082785591483116150e-02 2.635132707655429840e-02 1.624288782477378845e-02 3.435543552041053772e-02 2.590521704405546188e-03 2.537287073209881783e-03 9.355952031910419464e-03 6.499061826616525650e-03 1.421328354626893997e-02 9.951146319508552551e-03 2.198089379817247391e-03 9.497169230598956347e-05 1.942277699708938599e-02 9.102639742195606232e-03 4.829941317439079285e-03 3.649065969511866570e-03 1.945621706545352936e-02 1.484073791652917862e-02 2.117631584405899048e-02 1.369496714323759079e-02 1.865505240857601166e-02 1.461487822234630585e-02
8.458803407847881317e-03 3.777976380661129951e-03 4.104776235180906951e-05 9.604317136108875275e-03 2.892086013162042946e-05 2.232289640232920647e-03 1.188381575047969818e-02 2.324804663658142090e-03 3.168857470154762268e-02 8.491877913475036621e-01 9.439044632017612457e-03 7.905047386884689331e-03 1.163249742239713669e-02 2.977469377219676971e-02 1.748974062502384186e-02 1.773110777139663696e-02 3.046265617012977600e-02 1.208259537816047668e-02 3.692126274108886719e-02 2.154584042727947235e-02 3.890688065439462662e-03 1.765805296599864960e-02 6.070177070796489716e-03 1.921186968684196472e-02 3.296972438693046570e-02 5.962913390249013901e-03 1.531670894473791122e-02 8.623157045803964138e-04 6.549011450260877609e-03 1.147155277431011200e-02 1.833210885524749756e-02 1.415284816175699234e-02 1.629575714468955994e-02 2.031653933227062225e-02 7.755068130791187286e-03 1.116686407476663589e-02 1.656453497707843781e-02 4.120864439755678177e-03 1.699660788290202618e-03 2.153701893985271454e-02 1.790660462575033307e-05 2.066106721758842468e-02 2.023262530565261841e-02 1.148371305316686630e-02 2.266668342053890228e-02 3.464129194617271423e-02 1.079589035362005234e-02 1.605413667857646942e-02 1.954637654125690460e-02 2.998202480375766754e-02 1.550207566469907761e-02 1.278476091101765633e-03 8.044712245464324951e-03 1.430774200707674026e-02 3.506609797477722168e-02 4.779168590903282166e-02 1.479059271514415741e-02 8.788810111582279205e-03 3.387834643945097923e-03 2.251385012641549110e-03 5.605604033917188644e-03 3.740338608622550964e-02 9.703420102596282959e-03 8.840554393827915192e-03 1.016750931739807129e-02 5.312974564731121063e-03 2.691524289548397064e-02 1.884892955422401428e-02 2.777992188930511475e-02 4.087895527482032776e-02 3.527443110942840576e-02 9.339955635368824005e-03 2.460501855239272118e-03 3.787932544946670532e-02 1.001809723675251007e-02 4.962074104696512222e-03 2.278126776218414307e-03 4.623617604374885559e-02 1.080321520566940308e-02 3.079857490956783295e-02 1.673414930701255798e-02 1.019554212689399719e-02 7.213566452264785767e-03 3.345559537410736084e-02 2.623653039336204529e-02 1.072573475539684296e-03 6.350806448608636856e-03 6.942744366824626923e-04 7.277708500623703003e-03 2.690123580396175385e-02 1.200052909553050995e-02 2.327319979667663574e-02 1.029211562126874924e-02 7.672863546758890152e-03 2.796197682619094849e-02 3.146041184663772583e-02 1.802653260529041290e-02 1.158399507403373718e-02 1.510677766054868698e-02 1.708329655230045319e-02 8.953485121310222894e-06 9.267566725611686707e-03 2.922455593943595886e-02 1.227382104843854904e-02 1.999574946239590645e-03 3.794523421674966812e-03 1.451083272695541382e-02 1.593420468270778656e-02 4.794866777956485748e-03 8.254427462816238403e-03 2.492794953286647797e-02 1.248961966484785080e-02 2.942445501685142517e-02 3.755797445774078369e-02 1.925481297075748444e-02 2.690242975950241089e-02
5.438756570219993591e-02 4.259221628308296204e-02 1.138210482895374298e-02 1.877441629767417908e-02 1.380601245909929276e-02 5.237069353461265564e-02 5.062391236424446106e-02 9.898853488266468048e-03 1.736735180020332336e-02 9.439044632017612457e-03 8.491877913475036621e-01 2.512738667428493500e-02 4.530019685626029968e-02 2.326799929141998291e-02 3.120558336377143860e-02 1.506910100579261780e-02 1.338503789156675339e-02 5.538067780435085297e-03 5.012889858335256577e-03 5.161210894584655762e-03 1.932250708341598511e-02 2.692370489239692688e-02 2.312544919550418854e-02 1.895091496407985687e-02 9.452059864997863770e-03 1.510729081928730011e-02 1.876855269074440002e-02 2.039027959108352661e-02 1.941946521401405334e-02 1.781505346298217773e-02 1.864821836352348328e-02 4.882737062871456146e-03 2.802596054971218109e-02 1.043145451694726944e-02 1.419099606573581696e-02 2.904061786830425262e-02 2.665105275809764862e-02 6.256748456507921219e-03 2.889788150787353516e-02 2.228355035185813904e-02 1.429611910134553909e-02 2.565380558371543884e-02 2.598506398499011993e-02 7.215393707156181335e-03 3.943340387195348740e-03 3.677475731819868088e-03 4.299425333738327026e-02 4.194052144885063171e-02 2.304878272116184235e-02 6.233730353415012360e-03 1.678381487727165222e-02 1.737458072602748871e-02 2.353155985474586487e-02 1.978243142366409302e-02 3.872722620144486427e-03 2.761936280876398087e-03 2.063954249024391174e-02 1.664084196090698242e-02 2.210371568799018860e-02 1.152081042528152466e-02 2.367583662271499634e-02 1.667698659002780914e-02 2.303275279700756073e-02 8.311271667480468750e-03 3.071305528283119202e-02 3.168232366442680359e-02 6.033943034708499908e-03 1.205427758395671844e-02 3.026995807886123657e-02 2.384654013440012932e-03 3.044503927230834961e-02 9.334093891084194183e-03 2.237149700522422791e-02 4.092038609087467194e-03 2.145028114318847656e-02 6.832731887698173523e-03 2.552783116698265076e-02 2.217855490744113922e-02 9.525060653686523438e-03 1.933292514877393842e-04 3.346428507938981056e-03 1.612761802971363068e-02 2.387654967606067657e-02 1.996531523764133453e-02 3.082055598497390747e-03 3.557533258572220802e-03 2.261859178543090820e-02 2.237099409103393555e-02 1.355999521911144257e-02 1.550006214529275894e-02 2.585410699248313904e-02 1.984679326415061951e-02 3.076660633087158203e-02 1.299255155026912689e-02 2.185520157217979431e-02 2.423362247645854950e-02 2.868119627237319946e-03 3.210672410205006599e-03 3.203669562935829163e-02 2.670536562800407410e-02 1.405798550695180893e-02 1.286779344081878662e-02 2.644675842020660639e-04 9.236951358616352081e-03 3.043341450393199921e-02 1.860132813453674316e-02 2.173585817217826843e-02 1.713714003562927246e-02 4.365080501884222031e-03 1.665286533534526825e-02 1.194230467081069946e-02 1.428885571658611298e-02 6.212414242327213287e-03 3.764903871342539787e-03 6.746614351868629456e-03 7.139170338632538915e-05
2.353357709944248199e-02 1.637666486203670502e-02 1.306499470956623554e-03 2.409785054624080658e-02 1.105182338505983353e-02 2.993497811257839203e-02 2.310799434781074524e-02 1.412947475910186768e-02 1.987595669925212860e-02 7.905047386884689331e-03 2.512738667428493500e-02 8.491877913475036621e-01 2.031719312071800232e-02 4.958286136388778687e-02 2.502769976854324341e-02 3.189291339367628098e-03 3.457908518612384796e-03 9.122413466684520245e-04 1.256229472346603870e-03 4.049418028444051743e-03 7.921722717583179474e-03 1.829958148300647736e-02 3.008859790861606598e-02 2.037537284195423126e-02 5.934725049883127213e-04 2.524100244045257568e-02 8.743455633521080017e-03 3.693324699997901917e-02 1.414451468735933304e-02 3.200139105319976807e-02 2.011729590594768524e-02 1.029595267027616501e-02 2.383944764733314514e-02 2.301697153598070145e-03 2.821239270269870758e-02 1.420555263757705688e-02 1.456738635897636414e-02 8.732873946428298950e-03 2.913040295243263245e-02 2.608866803348064423e-02 7.052150554955005646e-03 2.554464526474475861e-02 1.542412582784891129e-02 1.148021128028631210e-02 2.069252950605005026e-04 8.401987142860889435e-03 2.867783233523368835e-02 1.780844293534755707e-02 2.278587780892848969e-02 1.565528661012649536e-02 3.874775022268295288e-02 4.341848194599151611e-02 3.362233191728591919e-02 4.190567135810852051e-02 5.094440188258886337e-03 6.293954327702522278e-03 3.319574147462844849e-02 3.121211752295494080e-02 2.556476183235645294e-02 3.509600460529327393e-02 2.458527125418186188e-02 1.970543153584003448e-02 2.739178948104381561e-02 2.671230584383010864e-02 1.885174028575420380e-02 2.595675922930240631e-02 1.006065402179956436e-02 3.237109165638685226e-03 1.757290400564670563e-02 1.357401069253683090e-02 2.372728101909160614e-02 1.296121440827846527e-02 2.792858704924583435e-02 9.705697186291217804e-03 2.193522080779075623e-02 1.872712187469005585e-02 3.164861351251602173e-02 2.612992934882640839e-02 1.128818653523921967e-02 1.651200093328952789e-02 4.081710241734981537e-03 2.245662361383438110e-02 1.124547794461250305e-02 1.791263930499553680e-02 1.173172029666602612e-03 4.305157344788312912e-03 1.412600278854370117e-02 7.079635281115770340e-03 3.285494819283485413e-02 4.077468812465667725e-02 2.002146840095520020e-02 1.744184992276132107e-03 1.773804053664207458e-02 1.509108580648899078e-02 1.163367088884115219e-02 1.411731727421283722e-02 1.240852288901805878e-03 4.836495500057935715e-04 2.304456382989883423e-02 3.070393390953540802e-02 1.826374977827072144e-02 7.525402586907148361e-03 2.373830880969762802e-03 6.740877404808998108e-03 2.996954135596752167e-02 2.927671372890472412e-02 1.860404573380947113e-02 3.047904558479785919e-02 4.476832109503448009e-04 2.733590453863143921e-02 1.597348455106839538e-04 2.167478669434785843e-03 5.269534885883331299e-03 4.097694065421819687e-03 5.615500733256340027e-03 6.496674381196498871e-03
4.175778105854988098e-02 4.115859419107437134e-02 3.093014238402247429e-04 1.586136780679225922e-02 1.243765372782945633e-02 3.658089041709899902e-02 3.983912989497184753e-02 2.145126089453697205e-02 1.241707615554332733e-02 1.163249742239713669e-02 4.530019685626029968e-02 2.031719312071800232e-02 8.491877913475036621e-01 2.104987576603889465e-02 2.980341948568820953e-02 2.419131062924861908e-02 1.836241781711578369e-02 6.544540636241436005e-03 1.010397728532552719e-02 1.574717834591865540e-02 2.443195879459381104e-02 2.661088481545448303e-02 2.405216731131076813e-02 1.975062862038612366e-02 1.751066371798515320e-02 1.651947945356369019e-02 1.968620158731937408e-02 1.890122145414352417e-02 3.683227300643920898e-02 1.939892396330833435e-02 2.925185300409793854e-02 5.539391655474901199e-03 2.822420187294483185e-02 1.851218380033969879e-02 1.527535449713468552e-02 2.607883326709270477e-02 2.681584842503070831e-02 7.040677592158317566e-03 3.034052625298500061e-02 2.845957130193710327e-02 1.655909977853298187e-02 1.756834611296653748e-02 2.396991290152072906e-02 4.959140205755829811e-04 1.091022510081529617e-02 6.779076065868139267e-03 3.721568360924720764e-02 4.488147050142288208e-02 2.616743184626102448e-02 7.027674466371536255e-03 1.383868604898452759e-02 1.570355333387851715e-02 2.202708646655082703e-02 2.218795381486415863e-02 8.766884915530681610e-03 7.322694174945354462e-03 2.101044543087482452e-02 2.022813633084297180e-02 2.779140323400497437e-02 1.692044362425804138e-02 2.125043235719203949e-02 2.188809029757976532e-02 1.427738834172487259e-02 5.234900861978530884e-03 4.119413346052169800e-02 3.788303583860397339e-02 1.207598391920328140e-02 1.884341053664684296e-02 2.804191969335079193e-02 9.645911632105708122e-04 2.546031773090362549e-02 5.732383113354444504e-03 2.131886035203933716e-02 8.647382259368896484e-03 1.726836711168289185e-02 4.640323109924793243e-03 1.780839450657367706e-02 1.123811118304729462e-02 1.433728542178869247e-02 1.602601114427670836e-04 8.264039643108844757e-03 3.019998082891106606e-03 1.730999536812305450e-02 1.327088102698326111e-02 5.139430519193410873e-03 3.983542323112487793e-03 2.676931209862232208e-02 3.196107968688011169e-02 1.271278224885463715e-02 1.434433925896883011e-02 3.367525339126586914e-02 2.085561677813529968e-02 4.410948231816291809e-02 1.392575632780790329e-02 2.123400568962097168e-02 2.578842639923095703e-02 5.425301380455493927e-03 4.919053521007299423e-03 2.062038332223892212e-02 2.171700820326805115e-02 1.040364708751440048e-02 1.392650045454502106e-02 4.693830385804176331e-03 1.072640810161828995e-02 2.629778720438480377e-02 1.524621993303298950e-02 1.006270013749599457e-02 1.688207499682903290e-02 2.904505468904972076e-03 1.943626627326011658e-02 1.467397622764110565e-02 1.856702938675880432e-02 1.180488499812781811e-03 6.629400886595249176e-03 2.074729185551404953e-03 7.215195335447788239e-03
