8.299589157104492188e-01 8.244350552558898926e-02 8.999868296086788177e-03 3.636535257101058960e-03 2.059549465775489807e-02 2.449698932468891144e-02 4.304619506001472473e-02 6.445856764912605286e-03 3.477108851075172424e-02 1.780563965439796448e-02 7.079989463090896606e-02 1.192123815417289734e-02 4.800290241837501526e-02 3.705831477418541908e-03 3.901317343115806580e-02 1.317016780376434326e-02 1.087823882699012756e-02 6.542846094816923141e-03 7.009414955973625183e-03 7.414760999381542206e-03 1.283171400427818298e-02 3.650431707501411438e-02 1.364389783702790737e-03 4.243819043040275574e-03 1.565033569931983948e-02 2.431186847388744354e-02 2.988087479025125504e-03 5.131386220455169678e-03 1.071047969162464142e-03 1.097855251282453537e-02 1.912032719701528549e-03 1.429416239261627197e-03 3.826033789664506912e-03 1.540259178727865219e-02 4.946096800267696381e-03 5.396482301875948906e-04 1.109173987060785294e-03 1.673440262675285339e-02 1.983354054391384125e-02 2.687267586588859558e-02 2.302325889468193054e-02 1.319027505815029144e-02 3.209691960364580154e-03 3.696766216307878494e-04 2.192837744951248169e-02 2.577715180814266205e-02 1.592479087412357330e-02 1.783161237835884094e-02 1.981682889163494110e-02 1.380361337214708328e-02 9.167928248643875122e-03 1.251093950122594833e-02 2.489228360354900360e-02 3.207018971443176270e-02 4.785807337611913681e-03 5.117069464176893234e-03 1.355321891605854034e-02 1.099189743399620056e-02 2.366840653121471405e-02 2.411214262247085571e-02 1.048823632299900055e-02 1.964220032095909119e-02 4.054891411215066910e-03 1.119357999414205551e-02 2.051760070025920868e-02 1.101692020893096924e-02 1.265144720673561096e-02 1.656589657068252563e-02 8.591619320213794708e-03 5.036118673160672188e-04 7.660988252609968185e-03 5.892659537494182587e-03 2.197547256946563721e-02 1.186053361743688583e-02 3.039674647152423859e-02 7.918090559542179108e-03 8.862941525876522064e-03 1.039825007319450378e-02 3.963125497102737427e-02 3.608870133757591248e-02 2.195808338001370430e-03 1.148266252130270004e-02 4.087276291102170944e-03 1.119401585310697556e-02 2.847534231841564178e-02 2.836275286972522736e-02 1.937356777489185333e-02 1.409318018704652786e-02 1.322771701961755753e-02 2.599626779556274414e-02 1.182972919195890427e-02 2.646229602396488190e-02 6.318707484751939774e-03 8.255633525550365448e-03 1.646883413195610046e-02 1.470952015370130539e-02 7.170006167143583298e-03 1.846368191763758659e-03 1.181461103260517120e-02 3.032642998732626438e-04 1.836600340902805328e-02 7.423505652695894241e-03 1.719991443678736687e-03 6.313753314316272736e-03 9.544051252305507660e-03 2.723059616982936859e-02 1.334074325859546661e-02 5.631566978991031647e-03 5.204096902161836624e-03 2.153416350483894348e-02 4.419378936290740967e-03 1.423916313797235489e-02 7.877924479544162750e-03 5.929335951805114746e-03 4.085345659404993057e-03 9.310135617852210999e-03
8.244350552558898926e-02 8.299589157104492188e-01 1.844699843786656857e-03 1.435974985361099243e-02 2.992354892194271088e-02 2.744893170893192291e-02 5.983299016952514648e-02 1.951121026650071144e-03 3.335653990507125854e-02 2.031945623457431793e-02 6.377712637186050415e-02 8.430876769125461578e-03 6.015839427709579468e-02 2.433310262858867645e-03 3.284386917948722839e-02 1.973623968660831451e-02 1.589668355882167816e-02 1.615094719454646111e-03 1.644059550017118454e-03 5.078168120235204697e-03 6.194753572344779968e-03 4.110085591673851013e-02 7.642500102519989014e-03 4.010822158306837082e-03 7.256099022924900055e-03 1.245741732418537140e-02 9.976997040212154388e-03 1.821801415644586086e-03 1.036715973168611526e-02 9.871126152575016022e-03 7.659052032977342606e-03 6.386858876794576645e-04 1.063246373087167740e-02 9.865121915936470032e-03 7.265149150043725967e-03 6.252393592149019241e-03 1.025145035237073898e-02 1.698063500225543976e-02 3.248196840286254883e-02 3.229273110628128052e-02 9.300947189331054688e-03 8.280165493488311768e-03 8.466315455734729767e-03 1.336629036813974380e-02 1.302742026746273041e-02 1.300850324332714081e-02 2.763880044221878052e-02 3.969674184918403625e-02 2.345805987715721130e-02 1.327949669212102890e-02 1.645206473767757416e-03 5.157716572284698486e-03 2.878186106681823730e-02 3.498573973774909973e-02 1.079156249761581421e-02 1.850245986133813858e-03 4.203043878078460693e-03 5.242485785856842995e-04 2.583280205726623535e-02 2.818379178643226624e-02 8.154971525073051453e-03 2.224624343216419220e-02 7.579454220831394196e-03 2.921985462307929993e-03 1.639532484114170074e-02 1.795730553567409515e-03 7.044861093163490295e-03 1.830854453146457672e-02 9.408895857632160187e-03 3.661704482510685921e-03 1.125144213438034058e-02 6.513330619782209396e-03 2.720787562429904938e-02 4.180358722805976868e-03 3.232648596167564392e-02 1.119370106607675552e-02 4.672806244343519211e-03 9.768226183950901031e-03 2.688943035900592804e-02 3.146540746092796326e-02 9.698774665594100952e-03 1.390024926513433456e-02 1.617730781435966492e-02 1.293072663247585297e-02 2.555033750832080841e-02 2.471076883375644684e-02 1.506579760462045670e-02 2.195542305707931519e-02 9.237072430551052094e-03 2.143396437168121338e-02 1.964762248098850250e-02 2.040500007569789886e-02 1.627830788493156433e-02 5.677813664078712463e-03 2.418715693056583405e-02 2.419361844658851624e-02 4.771281499415636063e-03 1.314276922494173050e-02 1.347159594297409058e-02 1.965187489986419678e-03 5.618347786366939545e-03 3.276767209172248840e-03 3.108860924839973450e-03 6.734365597367286682e-03 2.131713740527629852e-02 3.575584664940834045e-02 1.748224720358848572e-02 5.608934443444013596e-03 8.389979600906372070e-03 1.327462401241064072e-02 2.945638028904795647e-03 1.014031749218702316e-02 3.009251086041331291e-03 3.442613407969474792e-03 8.330975659191608429e-03 9.268364869058132172e-03
8.999868296086788177e-03 1.844699843786656857e-03 8.299589157104492188e-01 1.157486811280250549e-02 2.914874348789453506e-03 3.112285630777478218e-03 5.624366458505392075e-03 7.913833111524581909e-02 8.283498696982860565e-03 1.079609710723161697e-02 9.004358202219009399e-03 2.726948820054531097e-03 1.216461881995201111e-02 2.417375333607196808e-03 3.382282704114913940e-02 9.261975996196269989e-03 6.341536529362201691e-03 9.776291437447071075e-03 1.117457263171672821e-02 8.199446601793169975e-04 1.526459213346242905e-02 3.419751068577170372e-03 1.044209767132997513e-02 1.395874563604593277e-02 6.540530361235141754e-03 2.742236480116844177e-03 3.439540043473243713e-02 1.002048701047897339e-02 1.686443760991096497e-02 4.601861350238323212e-03 5.457472288981080055e-04 7.674213702557608485e-05 9.916570270434021950e-04 6.944526918232440948e-03 1.691552926786243916e-03 9.614904411137104034e-03 2.924043219536542892e-03 7.109434343874454498e-03 1.136442925781011581e-02 1.035553961992263794e-02 9.492473909631371498e-04 5.409548990428447723e-03 1.244374364614486694e-02 2.579084224998950958e-02 8.157304488122463226e-03 8.126142434775829315e-03 4.777101799845695496e-03 1.041909586638212204e-02 1.499946042895317078e-02 1.230617868714034557e-03 3.053104132413864136e-02 2.118457481265068054e-02 1.114170625805854797e-02 1.246275752782821655e-02 8.047299459576606750e-03 7.282160688191652298e-03 2.061934582889080048e-02 2.759597729891538620e-03 9.302565827965736389e-03 6.589743774384260178e-03 7.469769334420561790e-04 1.966834440827369690e-02 1.496517378836870193e-02 1.089593116194009781e-02 2.381987497210502625e-02 7.440939079970121384e-03 1.692685857415199280e-02 1.747237704694271088e-02 3.511950373649597168e-03 1.979352533817291260e-02 1.562486309558153152e-02 1.521997246891260147e-02 5.544527433812618256e-03 2.785573527216911316e-02 7.923511788249015808e-03 6.162817589938640594e-03 3.481085877865552902e-03 2.271155593916773796e-03 4.205733537673950195e-03 3.286060644313693047e-03 9.843394160270690918e-02 2.397362142801284790e-02 2.027695253491401672e-02 3.177682869136333466e-03 1.065763761289417744e-03 5.497819278389215469e-03 3.252137452363967896e-02 3.496941179037094116e-02 8.191346190869808197e-03 5.363042873796075583e-05 2.320839092135429382e-03 9.068503044545650482e-03 7.052359636873006821e-03 3.186973044648766518e-03 3.546883584931492805e-03 8.542236872017383575e-03 1.181572675704956055e-03 2.563501475378870964e-03 4.039111081510782242e-03 1.072697807103395462e-02 9.557355660945177078e-04 1.075161620974540710e-02 4.437694151420146227e-04 2.238262817263603210e-02 6.128012202680110931e-03 1.144585665315389633e-02 1.045826915651559830e-02 2.510669082403182983e-02 1.044490654021501541e-02 1.891595195047557354e-03 1.340190228074789047e-02 7.132558617740869522e-03 8.514959365129470825e-03 1.261281408369541168e-02 1.504514552652835846e-02 2.882848121225833893e-02
3.636535257101058960e-03 1.435974985361099243e-02 1.157486811280250549e-02 8.299589157104492188e-01 5.489669740200042725e-02 2.847746200859546661e-02 1.371855847537517548e-02 1.406593807041645050e-02 1.411335915327072144e-02 2.257315814495086670e-02 1.355729158967733383e-02 2.279113978147506714e-02 2.070113830268383026e-02 2.787879854440689087e-02 1.434202585369348526e-02 3.140221815556287766e-03 4.682453349232673645e-03 2.018640190362930298e-02 2.048481255769729614e-02 3.136418061330914497e-03 7.570979651063680649e-03 1.459027989767491817e-03 1.135873980820178986e-02 2.697206288576126099e-02 1.487407274544239044e-02 1.399291399866342545e-02 1.514398725703358650e-03 1.532404683530330658e-02 1.626126840710639954e-02 1.349719986319541931e-02 4.177976865321397781e-03 6.709544453769922256e-03 2.971646748483181000e-02 7.106950506567955017e-03 4.357720538973808289e-02 1.129768416285514832e-02 9.123655967414379120e-03 1.380582619458436966e-02 4.138632863759994507e-02 1.566775515675544739e-02 2.524557895958423615e-02 1.936343964189291000e-03 1.910967193543910980e-02 7.549401372671127319e-03 1.735465228557586670e-02 1.630933023989200592e-02 1.486542355269193649e-02 1.373052829876542091e-03 1.209139823913574219e-03 1.447049900889396667e-03 2.357533387839794159e-02 3.043672535568475723e-03 2.555366605520248413e-02 1.973071508109569550e-02 1.287154946476221085e-02 1.123807672411203384e-02 2.131356671452522278e-02 1.819857023656368256e-02 2.581508643925189972e-02 2.492824569344520569e-02 3.561758622527122498e-02 2.818759530782699585e-02 3.753733634948730469e-02 1.842753402888774872e-02 2.929152175784111023e-02 1.217626873403787613e-02 6.444299942813813686e-04 1.958583947271108627e-03 1.070227567106485367e-02 1.562439557164907455e-02 5.698607768863439560e-03 1.331307366490364075e-02 4.281808435916900635e-02 1.093744765967130661e-02 2.438511140644550323e-02 2.637199312448501587e-02 7.048910949379205704e-03 5.590692162513732910e-03 1.834044605493545532e-02 2.793729491531848907e-02 2.478271722793579102e-03 1.078002154827117920e-03 1.596296951174736023e-02 5.298536270856857300e-03 1.546968054026365280e-02 2.195875532925128937e-02 2.110410854220390320e-02 1.777072809636592865e-02 7.333902176469564438e-03 3.028623759746551514e-03 1.161568332463502884e-02 1.654725708067417145e-02 9.099309332668781281e-03 1.196393393911421299e-03 3.202535212039947510e-02 2.706621773540973663e-02 1.310195960104465485e-02 1.086110621690750122e-02 1.592358946800231934e-02 1.845291256904602051e-02 1.936578191816806793e-02 1.523732859641313553e-02 2.354814484715461731e-02 1.347270235419273376e-02 2.873709984123706818e-02 1.179595943540334702e-02 1.174982520751655102e-03 2.599486149847507477e-02 1.538259536027908325e-02 1.347040571272373199e-02 2.728940919041633606e-02 3.181140497326850891e-02 5.858544027432799339e-04 3.922074101865291595e-03 9.359164163470268250e-03 1.014523860067129135e-02
2.059549465775489807e-02 2.992354892194271088e-02 2.914874348789453506e-03 5.489669740200042725e-02 8.299589157104492188e-01 1.772360503673553467e-02 2.253006678074598312e-03 8.387465961277484894e-03 2.279811538755893707e-02 2.006681263446807861e-02 2.635836601257324219e-02 2.654466219246387482e-02 2.563598193228244781e-02 2.170221693813800812e-02 3.478710353374481201e-02 5.644657183438539505e-03 8.692408446222543716e-04 1.782795786857604980e-02 3.371578082442283630e-02 4.194812849164009094e-03 2.679122146219015121e-03 2.196653978899121284e-03 1.811577379703521729e-02 1.794779114425182343e-02 9.667227976024150848e-03 9.359354153275489807e-03 4.927349276840686798e-03 7.626224309206008911e-03 8.266689255833625793e-03 5.402541719377040863e-04 1.791887544095516205e-02 6.369313923642039299e-04 1.563511416316032410e-02 7.896412163972854614e-03 2.462189830839633942e-02 9.937392547726631165e-03 2.753309207037091255e-03 1.145086530596017838e-02 3.832113370299339294e-02 5.260743573307991028e-02 2.093887701630592346e-02 3.490617498755455017e-03 1.134464144706726074e-02 2.238783519715070724e-03 1.067551691085100174e-02 8.558793342672288418e-04 3.306281054392457008e-03 1.563932164572179317e-03 6.082282401621341705e-03 3.311926964670419693e-03 1.860942877829074860e-02 5.611829459667205811e-03 2.162186987698078156e-02 2.623683214187622070e-02 4.374758806079626083e-03 1.797075569629669189e-02 1.195191219449043274e-02 4.110485780984163284e-03 2.539257146418094635e-02 2.164730615913867950e-02 2.207696437835693359e-02 2.730928175151348114e-02 1.556231454014778137e-02 1.107315253466367722e-02 2.598292194306850433e-02 3.740064334124326706e-03 6.374768912792205811e-03 7.184172514826059341e-03 1.008679624646902084e-02 7.841183803975582123e-03 8.399353362619876862e-03 9.813248179852962494e-03 3.121925704181194305e-02 2.485221717506647110e-03 3.778832405805587769e-02 2.246663346886634827e-02 2.527408301830291748e-03 4.087447188794612885e-03 1.507751364260911942e-02 1.427019760012626648e-02 5.985910538583993912e-03 4.354347474873065948e-03 4.711776506155729294e-03 1.673238724470138550e-02 1.172421127557754517e-02 1.675721071660518646e-02 2.306651696562767029e-02 1.632755249738693237e-02 2.146938256919384003e-02 7.737883366644382477e-03 5.698366090655326843e-03 1.092259120196104050e-02 4.320760723203420639e-03 6.619274616241455078e-03 3.791598975658416748e-02 3.337977826595306396e-02 2.536371466703712940e-04 1.385657582432031631e-02 5.922032985836267471e-03 1.174790598452091217e-02 1.783248409628868103e-02 1.679909415543079376e-02 7.999206893146038055e-03 1.787713170051574707e-02 1.202723011374473572e-02 1.241100486367940903e-02 5.413290928117930889e-04 8.367392234504222870e-03 6.485733203589916229e-03 7.722287438809871674e-03 2.570110373198986053e-02 2.196142636239528656e-02 4.375430755317211151e-03 6.262411363422870636e-03 2.204902283847332001e-02 2.645015344023704529e-02
2.449698932468891144e-02 2.744893170893192291e-02 3.112285630777478218e-03 2.847746200859546661e-02 1.772360503673553467e-02 8.299589157104492188e-01 7.193181663751602173e-02 5.602934863418340683e-03 5.121803842484951019e-04 6.592726334929466248e-03 1.953065744601190090e-03 5.932447314262390137e-02 2.342327265068888664e-03 5.960074439644813538e-02 1.395821012556552887e-02 3.177853301167488098e-02 3.073753044009208679e-02 1.341355033218860626e-02 9.248278103768825531e-03 5.308230174705386162e-04 8.109669201076030731e-03 1.531614549458026886e-02 4.588381573557853699e-02 4.625862091779708862e-02 1.394613645970821381e-02 4.461513366550207138e-03 3.677705768495798111e-03 5.630099028348922729e-02 7.150811608880758286e-03 4.677934199571609497e-02 1.488319132477045059e-02 1.511325244791805744e-04 7.704567629843950272e-03 1.314464956521987915e-02 7.599736098200082779e-03 3.367485944181680679e-03 2.744947094470262527e-03 3.168996423482894897e-03 2.267864998430013657e-03 1.052888110280036926e-02 1.874583959579467773e-02 2.053814753890037537e-02 2.104391530156135559e-02 9.360153228044509888e-03 1.421210169792175293e-02 6.328309420496225357e-03 7.007106393575668335e-02 3.778363019227981567e-02 2.591748163104057312e-02 3.623382374644279480e-02 2.001016400754451752e-02 8.877901360392570496e-03 1.504946313798427582e-02 1.306187827140092850e-03 3.325856849551200867e-02 3.545105084776878357e-02 7.400439586490392685e-03 6.070669740438461304e-03 1.366800907999277115e-02 1.396119594573974609e-02 1.030861586332321167e-02 2.307705581188201904e-03 2.564621716737747192e-02 3.599859483074396849e-04 2.630353905260562897e-02 2.373503148555755615e-02 1.977477036416530609e-02 2.536069042980670929e-02 2.216816693544387817e-02 1.466897130012512207e-02 1.873542927205562592e-02 5.172138102352619171e-03 5.320753902196884155e-03 1.620434783399105072e-02 3.317350754514336586e-03 1.728392019867897034e-02 2.611736534163355827e-03 2.933741547167301178e-03 7.527593057602643967e-03 4.196272231638431549e-03 1.177859865128993988e-02 2.229715697467327118e-02 3.037356212735176086e-02 2.609037049114704132e-02 1.166635309346020222e-03 6.098021985962986946e-04 1.535959076136350632e-02 1.668669283390045166e-02 1.537455804646015167e-02 1.087189465761184692e-02 2.971069701015949249e-02 1.281805709004402161e-02 1.819975301623344421e-02 7.595188217237591743e-04 1.452869269996881485e-03 5.395966582000255585e-03 2.485265769064426422e-02 3.585540689527988434e-03 9.309154935181140900e-03 2.746065706014633179e-02 2.676846273243427277e-02 2.243949659168720245e-02 1.562788896262645721e-02 1.041990704834461212e-02 1.347689051181077957e-02 2.138333395123481750e-03 6.734554190188646317e-03 1.623363606631755829e-02 1.665819808840751648e-02 2.358882687985897064e-02 1.303693372756242752e-02 1.273593399673700333e-02 2.461071126163005829e-03 1.879497780464589596e-03 2.375373989343643188e-02 7.348584476858377457e-04
4.304619506001472473e-02 5.983299016952514648e-02 5.624366458505392075e-03 1.371855847537517548e-02 2.253006678074598312e-03 7.193181663751602173e-02 8.299589157104492188e-01 4.908460658043622971e-03 6.226371042430400848e-04 4.430448170751333237e-03 2.778904326260089874e-02 3.635383024811744690e-02 4.156919941306114197e-02 4.559647664427757263e-02 1.277367817237973213e-03 2.614874020218849182e-02 2.242006920278072357e-02 9.121343493461608887e-03 6.570502184331417084e-03 8.190433494746685028e-03 6.320537533611059189e-03 3.313938155770301819e-02 3.814350813627243042e-02 3.299052640795707703e-02 5.592926871031522751e-03 9.187657386064529419e-03 1.319057308137416840e-02 2.652437426149845123e-02 2.592164464294910431e-02 2.902719564735889435e-02 3.301115706562995911e-02 1.656880602240562439e-02 8.841159753501415253e-03 1.284363446757197380e-03 2.536086365580558777e-03 4.749118350446224213e-03 9.021205827593803406e-03 1.527293864637613297e-02 7.807922083884477615e-03 1.792302727699279785e-02 1.135972514748573303e-02 6.086327601224184036e-03 5.972987972199916840e-03 8.454130031168460846e-03 2.371489070355892181e-02 2.005205489695072174e-02 7.688596099615097046e-02 7.945548743009567261e-02 1.339428778737783432e-02 1.825592480599880219e-02 6.942864041775465012e-03 5.127153708599507809e-04 5.898538045585155487e-03 6.060935556888580322e-03 2.221375890076160431e-02 2.467298507690429688e-02 1.280029769986867905e-02 1.243211794644594193e-02 3.696414642035961151e-03 4.903992637991905212e-03 1.133396849036216736e-02 2.250569406896829605e-03 1.401319727301597595e-02 8.429442532360553741e-03 3.938621084671467543e-04 4.620326217263936996e-03 2.056575752794742584e-02 2.249359525740146637e-02 1.488112099468708038e-02 6.442027515731751919e-04 1.499732024967670441e-02 2.258045366033911705e-03 9.974448010325431824e-03 5.419204477220773697e-03 1.340368017554283142e-02 6.903253961354494095e-03 2.778765745460987091e-03 1.120177912525832653e-03 1.132392976433038712e-02 5.522377323359251022e-03 1.107324380427598953e-02 2.153664594516158104e-03 2.355976030230522156e-02 2.033088542520999908e-02 2.810938050970435143e-03 4.593321122229099274e-03 2.555009210482239723e-03 8.532722480595111847e-03 4.990902962163090706e-04 1.234106626361608505e-02 5.128330364823341370e-02 8.930026553571224213e-03 4.369308426976203918e-02 1.233061961829662323e-02 8.997809141874313354e-03 1.002223230898380280e-02 1.915429718792438507e-02 3.836979856714606285e-03 6.572280544787645340e-03 1.520776655524969101e-02 1.598050445318222046e-02 6.164195481687784195e-03 1.010764762759208679e-02 4.771612118929624557e-03 1.264130929484963417e-03 1.667560264468193054e-02 1.130389422178268433e-02 1.507056644186377525e-03 3.164429916068911552e-03 1.599315670318901539e-03 9.455614723265171051e-03 9.796897647902369499e-04 2.180204354226589203e-02 2.307108230888843536e-02 9.936388581991195679e-03 8.185802958905696869e-03
6.445856764912605286e-03 1.951121026650071144e-03 7.913833111524581909e-02 1.406593807041645050e-02 8.387465961277484894e-03 5.602934863418340683e-03 4.908460658043622971e-03 8.299589157104492188e-01 4.968376364558935165e-03 8.587990887463092804e-03 1.821546256542205811e-02 3.661205526441335678e-03 2.569020353257656097e-02 1.649711281061172485e-03 3.065057471394538879e-02 7.899937219917774200e-03 6.864236784167587757e-04 1.158871129155158997e-02 2.710070647299289703e-02 2.952725160866975784e-03 1.112507190555334091e-02 5.127172451466321945e-03 7.402109913527965546e-03 1.587556325830519199e-03 2.097959164530038834e-03 9.683932177722454071e-03 2.603208459913730621e-02 6.357739213854074478e-03 1.813851669430732727e-02 2.332138596102595329e-03 5.132345017045736313e-03 7.484232075512409210e-03 1.335112756351009011e-04 8.125260472297668457e-03 4.146369174122810364e-03 1.398883946239948273e-02 1.766458712518215179e-02 1.215827837586402893e-02 1.644305139780044556e-02 9.569910354912281036e-03 1.458756346255540848e-02 2.459609322249889374e-02 2.697494067251682281e-02 1.426502014510333538e-03 1.230767741799354553e-02 7.279148325324058533e-03 9.805817157030105591e-03 1.379123609513044357e-02 2.440033107995986938e-02 1.593149080872535706e-02 3.085422702133655548e-02 2.562128007411956787e-02 1.466275774873793125e-03 1.636072807013988495e-02 1.955972798168659210e-02 1.875860430300235748e-02 1.986757852137088776e-02 1.360084861516952515e-02 1.947347074747085571e-02 1.108408253639936447e-02 8.156318217515945435e-03 1.588667929172515869e-02 1.772266812622547150e-02 1.225341693498194218e-03 3.000332228839397430e-02 2.179125510156154633e-02 9.565266780555248260e-03 2.790172817185521126e-03 7.464533671736717224e-03 1.245561428368091583e-02 4.816026426851749420e-03 1.797688566148281097e-02 6.589608732610940933e-03 1.235457416623830795e-02 3.868651343509554863e-03 5.615740155917592347e-05 1.818396709859371185e-02 1.082629710435867310e-02 4.243560135364532471e-03 5.874280352145433426e-03 7.292705029249191284e-02 4.141539707779884338e-02 3.775583580136299133e-03 4.535910673439502716e-03 6.449169944971799850e-03 8.032686077058315277e-03 6.303047388792037964e-02 4.090185090899467468e-02 1.420821156352758408e-02 2.288950048387050629e-02 2.051312662661075592e-02 4.715950693935155869e-03 5.029436666518449783e-03 1.410247571766376495e-02 8.618002757430076599e-03 5.388037767261266708e-03 1.776880025863647461e-02 1.973322592675685883e-02 1.378617808222770691e-02 2.193757519125938416e-02 1.373273413628339767e-02 6.971780676394701004e-03 1.923384517431259155e-02 2.252584323287010193e-02 2.460227580741047859e-03 6.580195040442049503e-04 1.380367483943700790e-02 2.124865725636482239e-02 7.118425128282979131e-05 1.696100272238254547e-02 5.997694097459316254e-03 1.733118109405040741e-02 2.849663794040679932e-02 2.497549913823604584e-02 7.803790271282196045e-03 1.097941026091575623e-02
3.477108851075172424e-02 3.335653990507125854e-02 8.283498696982860565e-03 1.411335915327072144e-02 2.279811538755893707e-02 5.121803842484951019e-04 6.226371042430400848e-04 4.968376364558935165e-03 8.299589157104492188e-01 4.735577106475830078e-02 2.109602838754653931e-02 3.359020501375198364e-02 1.429724600166082382e-02 1.123163197189569473e-02 1.353669445961713791e-02 6.134286522865295410e-03 4.362616222351789474e-03 2.162857167422771454e-02 7.679093163460493088e-03 4.761354066431522369e-03 1.804997026920318604e-02 6.990240886807441711e-03 2.327759191393852234e-02 1.270050089806318283e-02 1.330225728452205658e-02 3.199747577309608459e-02 1.370095298625528812e-03 1.794667798094451427e-03 2.812773361802101135e-02 8.935373276472091675e-03 1.620214805006980896e-02 6.638141348958015442e-03 1.031913515180349350e-02 1.233275327831506729e-02 6.253356696106493473e-04 1.231643091887235641e-02 4.188652150332927704e-03 9.197340346872806549e-03 1.190445758402347565e-02 2.310280315577983856e-02 7.999470457434654236e-03 3.409279510378837585e-02 2.065538801252841949e-02 5.507035646587610245e-03 3.962018340826034546e-02 2.258930541574954987e-02 2.158515341579914093e-02 1.098863128572702408e-02 3.424716368317604065e-02 1.266649365425109863e-02 1.078297663480043411e-02 1.776135875843465328e-03 2.381845749914646149e-02 3.046698868274688721e-02 3.979148715734481812e-02 1.806324720382690430e-02 4.195721819996833801e-02 1.458068098872900009e-02 1.087152119725942612e-02 2.731084823608398438e-02 1.429373770952224731e-02 1.285602618008852005e-02 3.917100373655557632e-03 7.811770308762788773e-03 1.362162409350275993e-03 1.244660560041666031e-02 6.248693913221359253e-03 1.243952382355928421e-02 2.780284173786640167e-02 1.788064255379140377e-03 2.146613784134387970e-02 1.114774961024522781e-02 9.804655797779560089e-03 1.186620071530342102e-02 1.977738738059997559e-02 1.068390253931283951e-02 6.397829204797744751e-02 3.909484669566154480e-02 5.956845730543136597e-02 3.425011038780212402e-02 8.074874989688396454e-03 5.843649618327617645e-03 2.160029858350753784e-02 1.375782885588705540e-04 4.018221050500869751e-02 2.615474909543991089e-02 5.540437065064907074e-03 7.836112636141479015e-04 4.128466919064521790e-02 3.394670411944389343e-02 2.809401787817478180e-02 1.326020248234272003e-02 1.629275083541870117e-02 9.247896261513233185e-03 2.708501182496547699e-03 5.105053540319204330e-03 8.121360093355178833e-03 1.290237717330455780e-02 1.174682378768920898e-02 5.779181607067584991e-03 1.257255580276250839e-02 1.654037274420261383e-03 3.243561135604977608e-03 6.635376252233982086e-03 1.378194242715835571e-02 1.943018101155757904e-02 2.708500251173973083e-02 3.537457063794136047e-02 2.943535335361957550e-03 1.503693778067827225e-02 6.549930549226701260e-04 6.566968280822038651e-03 2.531485632061958313e-02 2.714123204350471497e-02 2.618682803586125374e-03 2.030760422348976135e-02
1.780563965439796448e-02 2.031945623457431793e-02 1.079609710723161697e-02 2.257315814495086670e-02 2.006681263446807861e-02 6.592726334929466248e-03 4.430448170751333237e-03 8.587990887463092804e-03 4.735577106475830078e-02 8.299589157104492188e-01 5.799265578389167786e-03 4.294363781809806824e-03 2.883783774450421333e-03 2.363711223006248474e-02 1.470930129289627075e-02 6.337037775665521622e-03 1.137880608439445496e-03 1.837396621704101562e-02 9.564784355461597443e-03 2.257583476603031158e-02 9.175891056656837463e-03 1.360802166163921356e-02 5.778127815574407578e-03 2.587188594043254852e-02 2.962455153465270996e-03 2.836670726537704468e-02 7.846948690712451935e-03 2.083293162286281586e-02 2.138033322989940643e-02 8.773721754550933838e-03 4.521979950368404388e-03 2.066132239997386932e-02 1.509265229105949402e-02 1.554674655199050903e-02 2.223372086882591248e-02 1.004873216152191162e-02 3.361402777954936028e-03 7.019306067377328873e-03 2.276188507676124573e-02 2.243638783693313599e-02 4.139101132750511169e-03 3.577212244272232056e-02 2.149146609008312225e-02 1.342612225562334061e-02 3.626122325658798218e-02 4.291931539773941040e-02 1.603177003562450409e-02 5.495900753885507584e-03 2.782575413584709167e-02 4.323729872703552246e-02 1.009122561663389206e-02 2.240874059498310089e-02 2.940144762396812439e-02 1.705947518348693848e-02 2.037185709923505783e-03 3.062508068978786469e-02 1.157932169735431671e-02 3.135699033737182617e-02 7.498160470277070999e-03 1.244697999209165573e-02 2.627048082649707794e-02 1.559970993548631668e-02 1.850275695323944092e-02 4.823134746402502060e-03 8.621606044471263885e-03 1.024402771145105362e-02 5.806410685181617737e-03 1.704543363302946091e-03 1.175874262116849422e-03 1.156615745276212692e-02 1.492830086499452591e-02 1.252266112715005875e-02 2.293826080858707428e-02 8.641731925308704376e-03 1.685830950736999512e-02 7.418126333504915237e-03 1.790023781359195709e-02 6.996729969978332520e-02 3.890929743647575378e-02 7.103154063224792480e-02 9.383791126310825348e-03 1.140060555189847946e-02 1.394017226994037628e-02 4.551200545392930508e-04 2.224598824977874756e-02 4.526265710592269897e-02 4.059755243360996246e-03 6.423028185963630676e-03 1.027592830359935760e-02 5.339220166206359863e-02 2.554495818912982941e-02 3.890594001859426498e-03 1.545478403568267822e-02 7.071847096085548401e-03 2.225453266873955727e-03 4.581466782838106155e-03 1.442470354959368706e-03 6.851296871900558472e-03 1.854883134365081787e-02 1.824255473911762238e-02 4.797271976713091135e-04 6.434871815145015717e-03 5.664241034537553787e-03 1.036588940769433975e-02 2.917687781155109406e-02 1.453752163797616959e-02 6.744796410202980042e-04 9.475457482039928436e-03 2.836325205862522125e-03 1.417784206569194794e-02 8.636620827019214630e-03 7.416635751724243164e-03 2.074198611080646515e-02 2.662050351500511169e-02 7.250362541526556015e-04 1.451220922172069550e-02
7.079989463090896606e-02 6.377712637186050415e-02 9.004358202219009399e-03 1.355729158967733383e-02 2.635836601257324219e-02 1.953065744601190090e-03 2.778904326260089874e-02 1.821546256542205811e-02 2.109602838754653931e-02 5.799265578389167786e-03 8.299589157104492188e-01 2.871612273156642914e-02 6.737006455659866333e-02 2.148300409317016602e-02 3.917088732123374939e-02 2.444947371259331703e-03 3.801298560574650764e-03 1.098231691867113113e-02 3.791320370510220528e-03 3.592668334022164345e-03 1.439187396317720413e-02 3.726581484079360962e-02 1.809167116880416870e-02 1.806974969804286957e-02 7.003339473158121109e-03 7.555656600743532181e-03 5.303186830133199692e-03 1.320898998528718948e-02 2.176682464778423309e-02 1.051058620214462280e-02 3.206835826858878136e-03 1.732939854264259338e-03 1.485809311270713806e-02 1.608564890921115875e-02 1.476415432989597321e-02 5.288824322633445263e-04 7.990541867911815643e-03 1.770889945328235626e-02 3.460332378745079041e-02 2.251199074089527130e-02 2.376276254653930664e-02 1.370217534713447094e-03 1.989298686385154724e-02 2.333108894526958466e-02 2.265344001352787018e-02 1.943214051425457001e-02 6.743180565536022186e-03 2.982254140079021454e-02 4.196711815893650055e-03 2.937047742307186127e-03 1.949428813531994820e-03 8.740521967411041260e-03 3.342270106077194214e-02 2.413515560328960419e-02 1.485528051853179932e-02 1.041786745190620422e-02 1.548596657812595367e-03 1.314847171306610107e-02 4.396685585379600525e-02 3.951261192560195923e-02 2.009269222617149353e-02 1.913465186953544617e-02 2.437956072390079498e-02 8.059984073042869568e-03 4.116298258304595947e-02 9.853375144302845001e-03 1.200558897107839584e-02 2.739446936175227165e-03 6.040384992957115173e-03 6.205020006746053696e-03 1.053954567760229111e-02 2.466582693159580231e-03 2.125391550362110138e-02 3.264906117692589760e-03 2.567155659198760986e-02 1.208396721631288528e-02 3.124798880890011787e-03 2.662484766915440559e-03 3.107673861086368561e-02 2.594801969826221466e-02 8.573001250624656677e-03 3.088429756462574005e-02 8.823399432003498077e-03 5.173659883439540863e-03 2.556099370121955872e-02 2.340972796082496643e-02 2.928306721150875092e-02 3.791614994406700134e-02 4.017952596768736839e-04 8.640982210636138916e-03 1.008006744086742401e-02 3.136945515871047974e-02 6.911711767315864563e-03 1.608777977526187897e-02 2.711976319551467896e-02 2.486855909228324890e-02 6.954215001314878464e-03 1.440319977700710297e-02 5.547947715967893600e-03 5.973691586405038834e-03 5.755168851464986801e-03 1.066694315522909164e-02 1.276892889291048050e-02 2.332943491637706757e-02 2.385957911610603333e-02 3.415522351861000061e-02 1.250739116221666336e-02 9.132517501711845398e-03 7.085941266268491745e-03 1.459975540637969971e-02 4.306989721953868866e-04 1.667409017682075500e-02 9.309732355177402496e-03 8.355185389518737793e-03 1.734696701169013977e-02 4.436872433871030807e-03
1.192123815417289734e-02 8.430876769125461578e-03 2.726948820054531097e-03 2.279113978147506714e-02 2.654466219246387482e-02 5.932447314262390137e-02 3.635383024811744690e-02 3.661205526441335678e-03 3.359020501375198364e-02 4.294363781809806824e-03 2.871612273156642914e-02 8.299589157104492188e-01 2.553530409932136536e-02 6.713234633207321167e-02 1.703917607665061951e-02 3.445344790816307068e-02 2.861236035823822021e-02 2.133975271135568619e-03 1.786208339035511017e-02 7.038749754428863525e-03 6.419589743018150330e-03 2.776732435449957848e-03 4.997000843286514282e-02 4.039743542671203613e-02 1.223668176680803299e-02 3.927198238670825958e-03 2.078872348647564650e-04 5.847711488604545593e-02 1.451634522527456284e-02 4.616203531622886658e-02 1.526687107980251312e-02 4.934606142342090607e-03 1.480173692107200623e-02 1.190768205560743809e-03 4.958948120474815369e-03 9.533235803246498108e-03 2.614724449813365936e-03 4.509269725531339645e-03 8.619583211839199066e-03 6.779069080948829651e-03 1.656156592071056366e-02 1.571138761937618256e-02 1.790793053805828094e-02 2.624874375760555267e-02 3.365631774067878723e-02 1.541578769683837891e-02 5.099856108427047729e-02 1.725097186863422394e-02 1.885263808071613312e-02 3.697234392166137695e-02 5.522227846086025238e-03 5.113704246468842030e-04 2.341401018202304840e-02 1.199087221175432205e-02 1.895106211304664612e-02 2.620447613298892975e-02 2.485479414463043213e-02 9.284096769988536835e-03 1.349946483969688416e-02 1.728072389960289001e-02 1.571736647747457027e-03 1.168656442314386368e-02 1.647219806909561157e-02 8.735525421798229218e-03 2.296547964215278625e-02 2.052993886172771454e-02 9.671134874224662781e-03 1.499823667109012604e-02 3.085921332240104675e-02 1.194991264492273331e-02 2.630708366632461548e-02 2.009438117966055870e-03 1.183694461360573769e-03 8.916360326111316681e-03 1.989786047488451004e-03 1.069678179919719696e-02 3.036615625023841858e-02 2.216531336307525635e-02 2.269748970866203308e-02 5.564488237723708153e-04 2.628218149766325951e-03 1.584005914628505707e-02 3.920957818627357483e-02 2.374761365354061127e-02 1.313943229615688324e-02 8.871907368302345276e-03 2.521225484088063240e-03 1.357474643737077713e-02 4.507242143154144287e-02 2.328058518469333649e-02 4.054019600152969360e-02 2.138765156269073486e-02 1.617626473307609558e-02 2.841708017513155937e-03 2.954745199531316757e-03 4.517558496445417404e-03 1.195233874022960663e-02 2.043216256424784660e-03 1.729710842482745647e-03 1.461879443377256393e-02 1.560671441256999969e-02 2.271385677158832550e-02 6.374172400683164597e-03 8.501357398927211761e-03 1.751967705786228180e-02 1.215958595275878906e-02 1.306630577892065048e-02 2.686583669856190681e-03 1.117370743304491043e-02 1.216446887701749802e-02 2.361403545364737511e-03 1.137693598866462708e-02 5.931211053393781185e-04 3.343249671161174774e-03 2.680906467139720917e-02 5.890497050131671131e-05
4.800290241837501526e-02 6.015839427709579468e-02 1.216461881995201111e-02 2.070113830268383026e-02 2.563598193228244781e-02 2.342327265068888664e-03 4.156919941306114197e-02 2.569020353257656097e-02 1.429724600166082382e-02 2.883783774450421333e-03 6.737006455659866333e-02 2.553530409932136536e-02 8.299589157104492188e-01 1.827478781342506409e-02 4.357573017477989197e-02 3.095543244853615761e-03 4.212390631437301636e-03 6.002255715429782867e-03 2.457923488691449165e-03 6.542047020047903061e-03 1.463054679334163666e-02 2.280499972403049469e-02 1.434941310435533524e-02 2.252481691539287567e-02 9.998657740652561188e-03 6.325832102447748184e-03 9.448373690247535706e-03 2.094523981213569641e-02 3.337549418210983276e-02 1.625106669962406158e-02 2.290034852921962738e-02 1.709889993071556091e-02 9.038385935127735138e-03 4.684347659349441528e-03 1.366045139729976654e-02 9.836456738412380219e-03 1.087198033928871155e-02 1.757167093455791473e-02 3.013525344431400299e-02 1.116032060235738754e-02 8.370200172066688538e-03 1.225331705063581467e-02 2.530877105891704559e-02 3.421774134039878845e-02 1.270040590316057205e-02 3.770593786612153053e-03 1.235319301486015320e-02 5.107390135526657104e-02 1.023733988404273987e-02 6.047073751688003540e-03 2.213820628821849823e-02 1.246403623372316360e-02 1.235168706625699997e-02 9.499978274106979370e-03 1.413089688867330551e-02 1.943338662385940552e-02 7.811137475073337555e-03 5.235640332102775574e-03 2.900638803839683533e-02 3.044690750539302826e-02 7.425384595990180969e-03 2.472044434398412704e-03 1.905823312699794769e-02 3.643678035587072372e-03 4.186210781335830688e-02 2.955272048711776733e-02 7.994840852916240692e-03 3.377208020538091660e-03 3.154223551973700523e-03 5.603752564638853073e-03 8.992792572826147079e-04 3.512421622872352600e-03 1.684196293354034424e-02 6.984447594732046127e-03 1.758014969527721405e-02 5.410305224359035492e-03 4.174924921244382858e-03 7.470084354281425476e-03 1.287303026765584946e-02 2.041484974324703217e-02 4.385657142847776413e-03 2.799520827829837799e-02 1.746299327351152897e-03 2.320798346772789955e-03 1.033777743577957153e-02 1.121601834893226624e-02 2.934613823890686035e-02 4.097440838813781738e-02 7.407420780509710312e-03 9.019996970891952515e-03 2.036465145647525787e-02 2.055143751204013824e-02 2.153235673904418945e-02 1.619533076882362366e-02 1.289124879986047745e-02 1.216751057654619217e-02 6.348771043121814728e-03 1.166242826730012894e-02 1.276592258363962173e-02 7.389299571514129639e-03 5.911874584853649139e-03 9.974185377359390259e-03 1.298081316053867340e-02 1.219239458441734314e-02 1.047410722821950912e-02 1.903558522462844849e-02 1.863079890608787537e-02 1.185674685984849930e-02 2.651277463883161545e-04 1.947295968420803547e-03 7.630457170307636261e-03 9.860296733677387238e-03 2.028960362076759338e-02 2.284024842083454132e-02 8.931584656238555908e-03 5.278934258967638016e-03
