8.321012258529663086e-01 9.054000675678253174e-02 1.493752747774124146e-02 7.931469008326530457e-03 5.824623629450798035e-03 5.764076113700866699e-02 3.965303674340248108e-02 1.975238509476184845e-02 2.766385115683078766e-02 2.688553929328918457e-02 6.327047944068908691e-02 1.523446477949619293e-02 5.553855374455451965e-02 1.047089230269193649e-02 4.308117926120758057e-02 8.180575445294380188e-03 1.958842622116208076e-03 4.735616035759449005e-03 2.063718158751726151e-03 4.993226379156112671e-03 9.916936978697776794e-03 4.653723165392875671e-02 2.481560595333576202e-02 2.606853656470775604e-02 2.180229872465133667e-03 1.242434326559305191e-02 1.374265458434820175e-02 2.439041249454021454e-02 1.085429079830646515e-02 2.141266874969005585e-02 4.100197926163673401e-03 7.923073717392981052e-04 1.442910358309745789e-02 5.444027949124574661e-03 1.361711509525775909e-02 4.512961953878402710e-03 1.483656093478202820e-02 2.452376764267683029e-03 3.615923598408699036e-02 3.559090197086334229e-02 1.722326315939426422e-02 2.985400380566716194e-03 1.041061128489673138e-03 1.462245732545852661e-02 1.682898029685020447e-02 9.630866348743438721e-03 2.797716856002807617e-02 2.158513665199279785e-02 3.971674945205450058e-03 5.270781926810741425e-03 1.448218524456024170e-02 9.052107110619544983e-03 2.190973237156867981e-02 1.796560548245906830e-02 1.640000147745013237e-03 8.689735084772109985e-03 1.366213895380496979e-02 1.491250470280647278e-02 2.904983982443809509e-02 5.163597874343395233e-03 6.797107402235269547e-03 2.559269778430461884e-03 1.126007549464702606e-02 7.361625786870718002e-03 2.962305955588817596e-02 1.634304039180278778e-02 8.141672238707542419e-03 8.640569634735584259e-03 1.491824071854352951e-02 1.246342086233198643e-03 2.930453279986977577e-03 1.413149293512105942e-04 2.991255372762680054e-02 4.216478206217288971e-03 1.427837088704109192e-02 5.002947524189949036e-03 5.143842194229364395e-03 1.351865474134683609e-02 8.050701580941677094e-03 2.616382949054241180e-02 2.351138368248939514e-02 7.293026428669691086e-03 2.924354746937751770e-03 7.722411304712295532e-03 1.067673787474632263e-02 7.284469902515411377e-03 4.565183445811271667e-02 1.045948080718517303e-02 1.248190528713166714e-03 7.948028855025768280e-03 2.397370524704456329e-02 2.795144543051719666e-02 2.352775447070598602e-02 1.000634301453828812e-02 8.563230745494365692e-03 6.506987847387790680e-03 2.604579785838723183e-03 9.987058583647012711e-04 1.258092746138572693e-02 9.173543192446231842e-03 3.484726184979081154e-03 1.301528769545257092e-03 1.451807003468275070e-02 2.193612605333328247e-02 6.617536768317222595e-03 5.070701707154512405e-03 4.713863134384155273e-03 7.238592370413243771e-04 2.332938089966773987e-02 9.023683145642280579e-03 1.411296427249908447e-02 4.913312848657369614e-03 1.257356069982051849e-02 1.342468801885843277e-02 3.603770630434155464e-03 0.000000000000000000e+00
9.054000675678253174e-02 8.321012258529663086e-01 2.113794721662998199e-02 6.664487067610025406e-03 1.684496738016605377e-02 5.569670721888542175e-02 4.819447174668312073e-02 1.839374564588069916e-02 2.499056234955787659e-02 2.746122889220714569e-02 6.627544015645980835e-02 7.622209377586841583e-03 6.064296141266822815e-02 6.645287852734327316e-03 4.812381789088249207e-02 9.018335840664803982e-04 1.045283954590559006e-02 3.217500634491443634e-04 6.632257718592882156e-03 9.588298387825489044e-03 2.612411044538021088e-03 4.362588003277778625e-02 2.582889422774314880e-02 2.680718339979648590e-02 7.713941857218742371e-03 4.610855598002672195e-03 1.700746454298496246e-02 1.747745461761951447e-02 1.748066022992134094e-02 1.863706298172473907e-02 4.942826461046934128e-03 1.072740647941827774e-02 1.523028127849102020e-02 1.918683177791535854e-03 6.438590586185455322e-03 1.209601294249296188e-02 2.428251085802912712e-03 3.362246323376893997e-03 3.348262235522270203e-02 3.189190477132797241e-02 1.573503203690052032e-02 1.103731524199247360e-02 6.626131478697061539e-03 1.230145338922739029e-02 2.011963911354541779e-02 1.479260530322790146e-02 3.704245761036872864e-02 3.379835560917854309e-02 7.419120054692029953e-03 1.531761838123202324e-03 5.277002230286598206e-03 1.204130006954073906e-03 2.921765856444835663e-02 7.790223229676485062e-03 2.834681363310664892e-04 4.660422448068857193e-03 1.794872805476188660e-02 5.733832251280546188e-03 3.104852512478828430e-02 1.086218864656984806e-03 1.055480819195508957e-02 6.596706807613372803e-03 1.544206403195858002e-02 1.663988828659057617e-02 3.381308913230895996e-02 1.014769636094570160e-02 1.436792593449354172e-02 1.188846887089312077e-03 1.087193936109542847e-02 5.007565021514892578e-03 1.282820128835737705e-03 3.066108096390962601e-03 2.926164120435714722e-02 7.783854380249977112e-03 1.437624264508485794e-02 7.762362249195575714e-03 1.617268542759120464e-03 1.282192859798669815e-02 7.200877647846937180e-03 2.625909075140953064e-02 1.837108284235000610e-02 6.593394558876752853e-03 5.965598393231630325e-03 4.428747575730085373e-03 5.113400518894195557e-03 2.865531714633107185e-03 4.546698555350303650e-02 8.695666678249835968e-03 1.886117970570921898e-03 1.207028329372406006e-02 3.466217219829559326e-02 3.472617268562316895e-02 3.411296010017395020e-02 1.232320535928010941e-02 1.030574459582567215e-02 8.157339878380298615e-03 7.773382822051644325e-04 1.938427798449993134e-03 6.781544536352157593e-03 3.723745001479983330e-03 6.335529498755931854e-03 1.962483162060379982e-03 1.508743967860937119e-02 3.266079723834991455e-02 7.095749489963054657e-03 1.143163349479436874e-02 1.139010768383741379e-02 4.140740260481834412e-03 1.498507615178823471e-02 8.380054496228694916e-03 1.283179689198732376e-02 1.370997820049524307e-02 1.955348253250122070e-02 2.322021685540676117e-02 8.171249181032180786e-03 0.000000000000000000e+00
1.493752747774124146e-02 2.113794721662998199e-02 8.321012258529663086e-01 4.114931449294090271e-03 1.892226375639438629e-02 3.233113093301653862e-03 2.152950316667556763e-02 4.239172115921974182e-02 8.988585323095321655e-03 4.342956468462944031e-03 2.903044596314430237e-02 1.218216959387063980e-02 1.920806244015693665e-02 2.089584479108452797e-03 1.259464491158723831e-02 9.203500114381313324e-03 5.926937796175479889e-03 1.423092093318700790e-02 2.627435885369777679e-02 5.980361253023147583e-03 1.232907641679048538e-02 1.990348286926746368e-02 1.128348615020513535e-02 7.379161543212831020e-04 1.552951335906982422e-02 2.141509205102920532e-02 2.440356276929378510e-02 1.503380481153726578e-02 2.826943434774875641e-02 5.846465472131967545e-03 2.253491804003715515e-02 2.304471097886562347e-02 5.550940521061420441e-03 2.251002006232738495e-02 1.181956287473440170e-02 1.177310850471258163e-02 2.085285447537899017e-02 1.604289561510086060e-02 1.400064211338758469e-03 4.087484267074614763e-04 1.783367991447448730e-02 2.167333662509918213e-02 2.691806480288505554e-02 2.728970907628536224e-02 1.553698442876338959e-02 1.887093298137187958e-02 1.612887345254421234e-02 1.902412064373493195e-02 9.755828417837619781e-03 2.055441774427890778e-02 2.070110663771629333e-02 2.319318801164627075e-02 5.944818258285522461e-03 1.693314127624034882e-02 5.039276555180549622e-03 1.009355392307043076e-02 4.736279603093862534e-03 1.639658026397228241e-02 2.415359485894441605e-03 9.504779241979122162e-03 1.097435131669044495e-02 1.443988364189863205e-02 1.179914083331823349e-02 1.819674071157351136e-04 1.870806142687797546e-02 1.623251661658287048e-02 7.976973429322242737e-03 1.272704079747200012e-02 1.772265322506427765e-02 2.710378542542457581e-02 1.050968468189239502e-02 1.676397584378719330e-02 1.235996605828404427e-03 2.437792904675006866e-02 4.092719871550798416e-03 2.151787281036376953e-02 1.050820667296648026e-02 7.753897923976182938e-03 5.699878092855215073e-04 4.976884461939334869e-03 1.373093761503696442e-02 3.556297346949577332e-02 2.204763330519199371e-02 3.065786324441432953e-02 1.298769097775220871e-02 2.242478914558887482e-02 1.265374384820461273e-02 1.415448356419801712e-02 9.382143616676330566e-03 1.648889109492301941e-02 2.229245379567146301e-02 2.830882743000984192e-02 2.268674783408641815e-02 2.257940173149108887e-02 2.805590629577636719e-03 1.202995236963033676e-02 3.033271245658397675e-02 4.741121083498001099e-03 1.534617412835359573e-02 1.199141796678304672e-02 7.993319304659962654e-04 2.403833717107772827e-02 2.241578884422779083e-03 9.499249979853630066e-03 2.266388572752475739e-02 1.363124139606952667e-02 2.656572032719850540e-03 2.290502376854419708e-02 7.462633773684501648e-03 5.993208847939968109e-03 2.675496973097324371e-02 2.257636934518814087e-02 2.712133899331092834e-02 3.639939939603209496e-03 3.073680587112903595e-02 0.000000000000000000e+00
7.931469008326530457e-03 6.664487067610025406e-03 4.114931449294090271e-03 8.321012258529663086e-01 5.155943334102630615e-02 4.976776428520679474e-03 2.330991253256797791e-02 1.021914836019277573e-02 1.610738039016723633e-02 2.126652188599109650e-02 1.404121518135070801e-03 3.235832788050174713e-03 1.162317208945751190e-02 2.567069232463836670e-02 2.208443172276020050e-02 1.853150315582752228e-03 6.094894371926784515e-03 3.587747365236282349e-02 2.734356559813022614e-02 1.341704558581113815e-02 6.572525948286056519e-03 9.452300146222114563e-04 1.286176033318042755e-02 2.977169305086135864e-02 3.642024938017129898e-03 1.095867902040481567e-02 1.134603866375982761e-03 1.737018860876560211e-02 1.707368716597557068e-02 5.501422565430402756e-03 2.094434201717376709e-02 2.108862064778804779e-02 2.152838557958602905e-02 8.367475122213363647e-03 3.112903796136379242e-02 2.376462519168853760e-02 5.292161833494901657e-03 3.893067128956317902e-03 3.220238164067268372e-02 2.130025811493396759e-02 1.065362244844436646e-02 4.019461106508970261e-03 1.017396058887243271e-02 1.837318949401378632e-02 7.509728893637657166e-03 7.588658481836318970e-03 7.123407558538019657e-04 5.509318783879280090e-03 4.820203874260187149e-03 2.579556591808795929e-02 2.910583512857556343e-03 6.958239711821079254e-03 3.786738589406013489e-02 2.606129273772239685e-02 1.254263706505298615e-02 2.187627553939819336e-02 3.581919148564338684e-02 1.102819014340639114e-02 3.605777025222778320e-02 3.779755532741546631e-02 3.766642510890960693e-02 1.793874986469745636e-02 4.766437038779258728e-02 4.316505044698715210e-02 1.499780640006065369e-02 2.078759297728538513e-02 1.313228905200958252e-02 6.974483374506235123e-03 3.639362007379531860e-02 9.163894690573215485e-03 2.360479347407817841e-02 1.968744769692420959e-02 5.914837121963500977e-02 1.427868381142616272e-02 5.353949591517448425e-02 6.778175476938486099e-03 3.605682402849197388e-02 1.432757358998060226e-02 1.130647584795951843e-02 8.010833524167537689e-03 4.992930189473554492e-05 1.227490417659282684e-02 6.175889074802398682e-02 3.049428015947341919e-02 4.553560167551040649e-03 2.319426834583282471e-02 2.370168920606374741e-03 7.285921834409236908e-03 3.281770646572113037e-02 5.107144359499216080e-03 1.563701219856739044e-02 7.537784986197948456e-04 7.536979392170906067e-03 1.372523978352546692e-02 4.236877895891666412e-03 8.732520043849945068e-03 4.448527470231056213e-03 1.357757672667503357e-02 1.624242961406707764e-02 6.572037003934383392e-03 7.399739843094721437e-05 8.855450898408889771e-03 1.340071321465075016e-04 2.772067300975322723e-02 1.050943229347467422e-02 7.209999952465295792e-03 3.773569688200950623e-02 4.298675805330276489e-03 2.097592130303382874e-02 2.141967043280601501e-02 1.197219267487525940e-02 3.330580424517393112e-03 7.587892469018697739e-04 5.407297518104314804e-03 3.261332167312502861e-03 0.000000000000000000e+00
5.824623629450798035e-03 1.684496738016605377e-02 1.892226375639438629e-02 5.155943334102630615e-02 8.321012258529663086e-01 3.579741678549908102e-05 5.031235516071319580e-03 3.308967221528291702e-03 3.742326283827424049e-03 1.279789209365844727e-02 3.390088677406311035e-03 6.428011693060398102e-03 1.654340513050556183e-02 1.600906997919082642e-02 1.027314178645610809e-02 1.257558586075901985e-03 7.674401625990867615e-03 1.599919423460960388e-02 1.115393545478582382e-02 6.049179472029209137e-03 1.208011340349912643e-02 1.558286603540182114e-03 1.667296048253774643e-03 5.912225227802991867e-03 7.005742285400629044e-03 6.387302186340093613e-03 4.421521443873643875e-03 1.774231530725955963e-02 1.275942940264940262e-02 2.188472636044025421e-02 2.111975848674774170e-02 7.664934732019901276e-03 1.816767081618309021e-02 7.319857366383075714e-03 2.892269939184188843e-02 2.191407419741153717e-02 2.940875291824340820e-02 1.390319410711526871e-02 3.174031153321266174e-02 2.093344740569591522e-02 5.780167877674102783e-03 3.237952943891286850e-03 2.836166182532906532e-03 1.241312734782695770e-02 6.330408621579408646e-03 1.059732958674430847e-02 1.605146750807762146e-02 1.403392199426889420e-02 7.949957624077796936e-03 1.227142661809921265e-02 1.278080698102712631e-02 1.150817028246819973e-03 3.028472512960433960e-02 3.062307834625244141e-02 6.233436870388686657e-04 3.981353715062141418e-03 1.875795423984527588e-02 1.978114247322082520e-02 1.684777438640594482e-02 3.933069854974746704e-02 1.774391345679759979e-02 2.435597963631153107e-02 2.552647143602371216e-02 5.160654708743095398e-02 1.286168023943901062e-02 1.809567771852016449e-02 8.976143435575067997e-04 4.978655837476253510e-03 2.517187222838401794e-02 2.008685842156410217e-03 4.132867977023124695e-02 1.004813984036445618e-02 4.970295727252960205e-02 9.818361140787601471e-03 5.756757780909538269e-02 1.940042711794376373e-03 2.227764204144477844e-02 1.527851913124322891e-03 7.317817304283380508e-03 9.762764908373355865e-03 1.263871695846319199e-02 1.628485624678432941e-03 2.808259800076484680e-02 2.939061261713504791e-02 4.645822569727897644e-03 1.214154250919818878e-02 2.993308706209063530e-03 4.218454938381910324e-03 1.515665184706449509e-02 4.938522819429636002e-03 1.839498616755008698e-02 3.504149615764617920e-03 1.379153970628976822e-02 3.831325564533472061e-03 1.590605452656745911e-02 1.974589377641677856e-02 4.140108823776245117e-03 8.429368608631193638e-04 2.929814858362078667e-03 4.664932494051754475e-04 9.908780455589294434e-03 1.266324892640113831e-02 8.949021808803081512e-03 3.486135974526405334e-02 4.229807853698730469e-02 1.286420971155166626e-02 2.184870652854442596e-02 6.956037599593400955e-03 2.034730277955532074e-02 9.878607466816902161e-03 2.450048690661787987e-03 1.026082504540681839e-02 4.751204513013362885e-03 5.872590467333793640e-03 3.585147857666015625e-02 0.000000000000000000e+00
5.764076113700866699e-02 5.569670721888542175e-02 3.233113093301653862e-03 4.976776428520679474e-03 3.579741678549908102e-05 8.321012258529663086e-01 6.991231441497802734e-02 9.754379279911518097e-03 2.731031738221645355e-02 1.564869843423366547e-02 4.335636273026466370e-02 3.348175063729286194e-02 4.196258634328842163e-02 3.612622246146202087e-02 2.074602246284484863e-02 2.473069122061133385e-03 9.784734807908535004e-03 2.579134656116366386e-03 8.024361915886402130e-03 1.082262955605983734e-02 5.603143479675054550e-03 3.695558384060859680e-02 1.733453013002872467e-02 1.917698606848716736e-02 9.958953596651554108e-04 1.010853238403797150e-02 1.572322845458984375e-02 4.114389792084693909e-02 2.214007452130317688e-02 3.076174110174179077e-02 6.181010045111179352e-03 1.058840658515691757e-02 4.738342016935348511e-03 1.174591667950153351e-02 8.034486323595046997e-03 4.697864875197410583e-03 1.004337519407272339e-02 1.150575838983058929e-02 1.974404789507389069e-02 2.347022108733654022e-02 1.288362033665180206e-02 8.831754326820373535e-03 2.878483850508928299e-03 1.735639199614524841e-02 1.466215867549180984e-02 1.511802617460489273e-02 4.839683324098587036e-02 4.381110146641731262e-02 2.156930603086948395e-02 1.191104762256145477e-02 1.785741746425628662e-02 5.978286266326904297e-03 1.891621015965938568e-02 5.496690981090068817e-03 2.350841090083122253e-02 1.861931383609771729e-02 4.988508298993110657e-03 6.462223362177610397e-03 1.864111982285976410e-02 2.750290732365101576e-04 1.781035028398036957e-02 1.365184783935546875e-02 1.852273009717464447e-02 1.426605973392724991e-02 3.144286200404167175e-02 5.087880883365869522e-03 6.709323730319738388e-03 7.326316088438034058e-03 2.043818589299917221e-03 3.663848387077450752e-03 1.357446331530809402e-02 3.563510952517390251e-03 3.003656491637229919e-02 6.482062395662069321e-03 2.255769073963165283e-02 1.290573971346020699e-03 1.402725838124752045e-02 1.066540647298097610e-02 1.219786889851093292e-02 1.247798558324575424e-02 7.335722446441650391e-03 4.174199420958757401e-03 5.980171263217926025e-03 7.118777837604284286e-03 2.579460106790065765e-02 1.030943449586629868e-02 2.327209524810314178e-02 5.985498894006013870e-03 9.817045181989669800e-03 5.321604665368795395e-03 3.532414510846138000e-02 3.060905262827873230e-02 3.379459679126739502e-02 1.154586300253868103e-02 7.339200470596551895e-03 7.059123367071151733e-03 1.731316908262670040e-03 2.204613946378231049e-02 2.083973400294780731e-02 3.961426205933094025e-03 1.577760791406035423e-03 3.612946718931198120e-03 1.002943795174360275e-02 2.525126934051513672e-02 1.075240131467580795e-02 3.094015410169959068e-03 2.371249953284859657e-03 1.530944602563977242e-03 1.238916907459497452e-02 1.361557934433221817e-02 7.062283344566822052e-03 2.884708344936370850e-03 6.995449773967266083e-03 1.399414800107479095e-02 4.514843691140413284e-03 0.000000000000000000e+00
3.965303674340248108e-02 4.819447174668312073e-02 2.152950316667556763e-02 2.330991253256797791e-02 5.031235516071319580e-03 6.991231441497802734e-02 8.321012258529663086e-01 2.442206256091594696e-03 2.299865521490573883e-02 9.692636667750775814e-04 4.804047569632530212e-02 2.696015127003192902e-02 3.795307502150535583e-02 4.564432799816131592e-02 2.840447425842285156e-02 9.203877300024032593e-03 9.654399007558822632e-03 5.868999287486076355e-03 1.643513701856136322e-02 2.833395451307296753e-02 1.093342527747154236e-02 3.403120115399360657e-02 5.141472443938255310e-03 5.813321098685264587e-03 2.148867584764957428e-02 1.395589206367731094e-02 2.518986910581588745e-02 1.907648891210556030e-02 2.600090205669403076e-02 2.936178259551525116e-02 1.507741026580333710e-02 1.650884374976158142e-02 6.212383974343538284e-03 8.100703358650207520e-03 4.078449681401252747e-03 3.336501540616154671e-03 9.738127700984477997e-03 1.040703617036342621e-03 2.560046501457691193e-03 4.999210126698017120e-03 1.242428272962570190e-02 1.195433735847473145e-02 2.139213308691978455e-02 1.774327829480171204e-02 3.555520623922348022e-02 3.550796210765838623e-02 5.704313889145851135e-02 5.619005486369132996e-02 1.196620892733335495e-02 1.225460972636938095e-02 1.196727529168128967e-02 2.110972814261913300e-02 4.340142477303743362e-04 5.224911961704492569e-03 1.856076158583164215e-02 9.602162055671215057e-03 2.698450582101941109e-03 8.648652583360671997e-03 7.887728279456496239e-04 1.259503141045570374e-02 1.115030422806739807e-02 5.600082688033580780e-03 2.065711189061403275e-03 7.247813045978546143e-03 2.854219824075698853e-02 5.569764878600835800e-03 2.637558244168758392e-02 1.040352974086999893e-02 1.339003071188926697e-02 2.359835989773273468e-02 7.022001780569553375e-03 5.134647246450185776e-03 6.367292720824480057e-03 2.396644651889801025e-02 3.567408770322799683e-03 1.005188375711441040e-02 1.507237646728754044e-02 1.061009522527456284e-02 7.154631894081830978e-03 3.752828575670719147e-03 3.036855487152934074e-03 5.058017093688249588e-03 1.214934140443801880e-02 8.847930468618869781e-03 2.670427551493048668e-03 1.772994920611381531e-02 2.281343936920166016e-02 1.370160607621073723e-03 5.576283205300569534e-03 5.879269447177648544e-03 3.842837363481521606e-02 3.645523637533187866e-02 4.228925704956054688e-02 9.563174098730087280e-03 4.144313745200634003e-03 4.902804736047983170e-03 3.730606753379106522e-03 1.914120977744460106e-03 7.710806559771299362e-03 1.439402112737298012e-03 1.159099774667993188e-04 9.642243967391550541e-04 4.348583053797483444e-03 1.486653182655572891e-02 1.673959777690470219e-03 1.055939309298992157e-02 6.072247866541147232e-03 1.719730906188488007e-03 9.261053986847400665e-03 3.713488811627030373e-03 7.185059133917093277e-03 2.572669275104999542e-02 3.066943772137165070e-02 6.606498733162879944e-03 1.381800975650548935e-02 0.000000000000000000e+00
1.975238509476184845e-02 1.839374564588069916e-02 4.239172115921974182e-02 1.021914836019277573e-02 3.308967221528291702e-03 9.754379279911518097e-03 2.442206256091594696e-03 8.321012258529663086e-01 1.194187439978122711e-02 1.619241386651992798e-02 2.582854218780994415e-02 3.741291875485330820e-04 3.253942728042602539e-02 3.442528191953897476e-03 3.933461010456085205e-02 1.159146614372730255e-02 1.141211297363042831e-02 5.510670132935047150e-03 7.092518731951713562e-03 4.646392073482275009e-03 2.482966519892215729e-03 1.006288360804319382e-02 1.719591766595840454e-02 9.257524274289608002e-03 1.149234175682067871e-02 1.163700316101312637e-02 1.162942592054605484e-02 3.153341356664896011e-03 9.004149585962295532e-03 3.471394302323460579e-03 2.853635232895612717e-04 3.093101456761360168e-02 2.116183005273342133e-02 1.769347116351127625e-02 4.442514851689338684e-03 2.628635056316852570e-02 1.429423689842224121e-02 1.758112758398056030e-02 1.836380176246166229e-02 8.352496661245822906e-03 2.074357122182846069e-03 2.826576866209506989e-02 1.397821679711341858e-02 2.289190702140331268e-02 1.346815470606088638e-02 1.974097685888409615e-04 1.366035779938101768e-03 7.855913601815700531e-03 4.356012493371963501e-02 1.263419166207313538e-02 1.496633514761924744e-02 2.803567564114928246e-03 1.505110785365104675e-02 1.148955244570970535e-02 2.308786101639270782e-02 3.797025419771671295e-03 1.149476319551467896e-02 4.224541131407022476e-03 8.214273490011692047e-03 2.301302272826433182e-03 3.364474978297948837e-03 4.640729632228612900e-03 1.147528644651174545e-02 1.416784245520830154e-02 1.175600010901689529e-02 9.208722040057182312e-04 1.812012749724090099e-03 3.489410271868109703e-03 2.169776521623134613e-02 9.148903191089630127e-03 2.879186347126960754e-02 1.074260566383600235e-03 7.665986195206642151e-03 6.565500050783157349e-03 1.580546995683107525e-05 1.069303229451179504e-02 9.846584871411323547e-03 1.324468199163675308e-02 2.035354450345039368e-02 6.236175540834665298e-03 6.143532693386077881e-02 3.783113136887550354e-02 3.936507564503699541e-04 1.250322721898555756e-02 2.109592221677303314e-02 4.584943410009145737e-03 4.965884983539581299e-02 2.162010408937931061e-02 4.968431312590837479e-03 1.655248180031776428e-02 1.390888006426393986e-03 1.157286018133163452e-02 1.996924169361591339e-03 1.832945388741791248e-03 1.313522644340991974e-02 1.498671434819698334e-02 2.432983368635177612e-02 2.339743636548519135e-02 1.761990226805210114e-02 9.484865702688694000e-03 4.347871057689189911e-03 2.084674127399921417e-02 2.015226054936647415e-03 1.531733945012092590e-02 9.185605682432651520e-03 8.032401092350482941e-03 3.521292936056852341e-03 3.036250732839107513e-02 2.533206716179847717e-03 4.142682068049907684e-03 2.768455771729350090e-03 1.164778787642717361e-02 4.380785860121250153e-03 1.243404205888509750e-02 1.346053206361830235e-03 0.000000000000000000e+00
2.766385115683078766e-02 2.499056234955787659e-02 8.988585323095321655e-03 1.610738039016723633e-02 3.742326283827424049e-03 2.731031738221645355e-02 2.299865521490573883e-02 1.194187439978122711e-02 8.321012258529663086e-01 3.853204473853111267e-02 8.345737121999263763e-03 2.033229917287826538e-03 3.428088733926415443e-03 1.702085137367248535e-02 1.590006612241268158e-02 1.682545989751815796e-02 8.418018929660320282e-03 4.576660320162773132e-02 2.857892774045467377e-02 3.350477432832121849e-03 8.288813754916191101e-03 1.470740139484405518e-02 4.129667580127716064e-02 2.143726311624050140e-02 3.362694988027215004e-04 7.468924857676029205e-03 1.845844089984893799e-02 1.742365024983882904e-02 9.821395389735698700e-03 2.549714967608451843e-02 1.542272977530956268e-02 2.742259239312261343e-04 1.376722287386655807e-02 6.464601028710603714e-03 9.635629132390022278e-03 6.487491540610790253e-03 3.406097879633307457e-03 6.445382256060838699e-03 9.862087666988372803e-03 2.805525995790958405e-02 9.441341971978545189e-04 3.299863636493682861e-02 1.191281713545322418e-02 1.740919426083564758e-02 1.175657473504543304e-02 1.309671811759471893e-02 1.024486590176820755e-02 2.630933420732617378e-03 2.912632189691066742e-02 4.653828218579292297e-03 1.894210651516914368e-02 1.261673960834741592e-02 2.750091254711151123e-03 2.013316936790943146e-02 4.671503603458404541e-02 1.577567495405673981e-02 2.983736060559749603e-02 1.942912675440311432e-02 6.378680001944303513e-03 1.696421951055526733e-02 3.637543693184852600e-02 2.302698604762554169e-02 2.119504287838935852e-02 1.316074840724468231e-02 3.999970387667417526e-03 2.114076353609561920e-02 5.198380909860134125e-03 7.578326854854822159e-03 2.367274649441242218e-02 1.421779301017522812e-02 2.634430117905139923e-02 3.246687725186347961e-02 5.805382970720529556e-04 1.470227818936109543e-02 3.988354932516813278e-03 3.811178356409072876e-02 6.695578247308731079e-02 4.094488173723220825e-02 5.374410748481750488e-02 3.817341476678848267e-02 1.454984955489635468e-02 6.792281637899577618e-04 2.792702987790107727e-02 2.551523037254810333e-02 2.096431516110897064e-02 4.616827704012393951e-03 7.031863788142800331e-05 2.213353058323264122e-03 4.350018128752708435e-02 3.335778042674064636e-02 8.315281942486763000e-03 9.794048964977264404e-03 8.475933223962783813e-03 1.584240235388278961e-02 2.848208649083971977e-03 6.918136496096849442e-03 4.279955290257930756e-03 1.793223619461059570e-02 1.917964965105056763e-02 6.816480774432420731e-03 4.856144543737173080e-03 1.749773160554468632e-03 2.442351076751947403e-03 9.477922692894935608e-03 7.060417439788579941e-03 2.599727362394332886e-03 3.313620015978813171e-02 7.731956895440816879e-03 2.959236875176429749e-02 1.221934519708156586e-02 5.170553456991910934e-03 6.623859051614999771e-03 7.973235100507736206e-03 1.845328696072101593e-02 1.497103460133075714e-02 0.000000000000000000e+00
2.688553929328918457e-02 2.746122889220714569e-02 4.342956468462944031e-03 2.126652188599109650e-02 1.279789209365844727e-02 1.564869843423366547e-02 9.692636667750775814e-04 1.619241386651992798e-02 3.853204473853111267e-02 8.321012258529663086e-01 1.607960462570190430e-02 1.378513313829898834e-02 2.402708865702152252e-02 2.067992463707923889e-02 1.793476752936840057e-02 2.372802555328235030e-04 1.410412229597568512e-02 1.674023643136024475e-02 4.256908968091011047e-02 2.279917476698756218e-03 3.779199207201600075e-03 1.453963632229715586e-04 3.042394295334815979e-02 4.899693652987480164e-02 5.721709690988063812e-03 2.178420871496200562e-02 1.190319936722517014e-02 3.251567110419273376e-02 1.687042415142059326e-03 2.226045727729797363e-02 4.803348798304796219e-03 9.349115192890167236e-03 1.439936552196741104e-02 1.172339264303445816e-02 6.216519046574831009e-03 2.436820231378078461e-02 8.996785618364810944e-03 1.673656702041625977e-02 3.066590055823326111e-02 1.694817468523979187e-02 2.452563121914863586e-02 6.240795366466045380e-03 1.681050099432468414e-02 2.320129715371876955e-04 3.289523534476757050e-03 3.216279298067092896e-02 3.875024383887648582e-03 4.765769932419061661e-03 1.649535726755857468e-03 2.714863419532775879e-02 9.614748880267143250e-03 2.159557677805423737e-02 3.434853255748748779e-02 4.416213370859622955e-03 5.730438977479934692e-03 4.025834426283836365e-02 1.231534034013748169e-02 2.155640721321105957e-02 2.345579676330089569e-02 3.790745977312326431e-03 1.317170390393584967e-04 2.905482612550258636e-02 1.033795159310102463e-02 2.304043248295783997e-02 1.108969468623399734e-02 9.773397818207740784e-03 3.395901876501739025e-04 3.029500832781195641e-03 2.295350283384323120e-02 2.812986634671688080e-02 9.773226454854011536e-03 1.067142654210329056e-02 3.367461264133453369e-02 2.923364378511905670e-02 2.355977334082126617e-02 1.725117117166519165e-02 2.070420188829302788e-03 8.053365349769592285e-02 2.044367976486682892e-02 7.452990114688873291e-02 2.067925781011581421e-02 6.381412502378225327e-03 1.812309637898579240e-04 3.197254613041877747e-02 8.085132576525211334e-03 3.142578899860382080e-02 1.714563183486461639e-02 3.088055877014994621e-03 4.760650452226400375e-03 5.263974890112876892e-02 2.474187873303890228e-03 2.978997537866234779e-03 3.174818994011729956e-05 1.194750145077705383e-02 1.770993880927562714e-02 1.491831033490598202e-03 3.702697576954960823e-03 5.805256776511669159e-03 2.202516980469226837e-02 9.550648974254727364e-04 5.918386857956647873e-03 2.175263129174709320e-03 7.320051081478595734e-03 2.971825003623962402e-02 1.335551775991916656e-02 7.343556266278028488e-03 3.976239357143640518e-03 6.171558052301406860e-04 2.429815940558910370e-02 3.844543127343058586e-03 2.297157980501651764e-02 1.165014109574258327e-03 3.592656226828694344e-03 2.227728813886642456e-02 9.855944663286209106e-03 0.000000000000000000e+00
6.327047944068908691e-02 6.627544015645980835e-02 2.903044596314430237e-02 1.404121518135070801e-03 3.390088677406311035e-03 4.335636273026466370e-02 4.804047569632530212e-02 2.582854218780994415e-02 8.345737121999263763e-03 1.607960462570190430e-02 8.321012258529663086e-01 5.313798319548368454e-03 6.131156906485557556e-02 5.116539075970649719e-03 4.677905514836311340e-02 7.604468148201704025e-03 3.846132196485996246e-03 4.281054250895977020e-03 6.682060193270444870e-03 2.054630592465400696e-02 4.081306513398885727e-03 4.097456857562065125e-02 3.876549657434225082e-03 5.464294925332069397e-03 1.212858129292726517e-02 4.236263688653707504e-03 2.866164222359657288e-02 3.312453161925077438e-03 2.423010393977165222e-02 7.190457545220851898e-03 1.018909458070993423e-02 2.127487957477569580e-02 1.528381742537021637e-02 8.491522632539272308e-03 3.389974823221564293e-03 8.796272799372673035e-03 1.119809411466121674e-02 6.686923559755086899e-03 1.846794225275516510e-02 1.352243311703205109e-02 1.020407304167747498e-03 2.291501127183437347e-02 1.323056314140558243e-02 2.370201237499713898e-02 2.044544182717800140e-02 1.258429978042840958e-02 3.116574324667453766e-02 3.293073177337646484e-02 1.452147681266069412e-02 8.047693409025669098e-03 2.950951224192976952e-03 4.408970009535551071e-03 2.146207727491855621e-02 2.391749527305364609e-03 9.062785655260086060e-03 2.667288063094019890e-03 1.925322040915489197e-02 2.857696264982223511e-03 2.747037447988986969e-02 2.415208145976066589e-03 1.388068962842226028e-02 6.129318499006330967e-04 1.054221298545598984e-02 1.762579008936882019e-02 3.922076150774955750e-02 9.926450438797473907e-04 2.115897461771965027e-02 1.123190112411975861e-02 7.167547941207885742e-03 2.557854168117046356e-02 3.911260515451431274e-03 1.973962225019931793e-02 1.639406941831111908e-02 2.474396303296089172e-02 3.603464923799037933e-03 2.816002629697322845e-02 7.629707921296358109e-03 3.593687899410724640e-03 4.303631372749805450e-03 1.511837169528007507e-02 1.874952390789985657e-02 1.085094269365072250e-02 8.564927615225315094e-03 1.387609168887138367e-03 5.843387451022863388e-03 8.122456260025501251e-03 5.310059711337089539e-02 9.852812625467777252e-03 7.845344021916389465e-03 6.699514109641313553e-03 3.410784527659416199e-02 4.652429372072219849e-02 3.824345394968986511e-02 2.275076322257518768e-02 1.063362229615449905e-02 1.105819828808307648e-02 1.287690829485654831e-02 1.360256876796483994e-02 6.232886109501123428e-03 1.223058253526687622e-02 9.283876046538352966e-03 1.598498411476612091e-02 1.687977276742458344e-02 2.796740271151065826e-02 1.466402970254421234e-02 1.221229694783687592e-02 8.489152416586875916e-03 1.755200512707233429e-02 1.083971280604600906e-02 1.118962466716766357e-02 5.180836189538240433e-03 1.968973316252231598e-02 2.166545018553733826e-02 1.143310964107513428e-02 1.686968654394149780e-02 0.000000000000000000e+00
1.523446477949619293e-02 7.622209377586841583e-03 1.218216959387063980e-02 3.235832788050174713e-03 6.428011693060398102e-03 3.348175063729286194e-02 2.696015127003192902e-02 3.741291875485330820e-04 2.033229917287826538e-03 1.378513313829898834e-02 5.313798319548368454e-03 8.321012258529663086e-01 8.128792047500610352e-03 6.690879911184310913e-02 6.375052966177463531e-03 2.667563268914818764e-03 9.178932756185531616e-03 8.143533486872911453e-04 2.970013301819562912e-03 1.115136127918958664e-02 2.208364196121692657e-02 1.010893750935792923e-02 2.874470781534910202e-03 3.088256809860467911e-03 2.129722945392131805e-02 2.789557725191116333e-02 1.225834712386131287e-02 5.070285871624946594e-02 2.563808993727434427e-05 4.686372727155685425e-02 8.552970364689826965e-03 2.105232700705528259e-02 2.459964901208877563e-02 3.943120315670967102e-02 2.332377806305885315e-02 1.219863072037696838e-02 1.791462115943431854e-02 4.373010713607072830e-03 2.374390605837106705e-03 5.690398626029491425e-03 3.098310530185699463e-02 1.931475359015166759e-03 1.224250625818967819e-02 1.763476431369781494e-02 2.875323779881000519e-02 1.632881723344326019e-02 3.069068072363734245e-03 1.170844491571187973e-02 1.928110234439373016e-02 2.570285089313983917e-02 3.362574614584445953e-03 1.578215509653091431e-03 8.584490045905113220e-03 9.844512678682804108e-03 1.926521211862564087e-02 3.527478501200675964e-02 8.311204146593809128e-04 2.186254039406776428e-02 1.384670007973909378e-02 2.435616403818130493e-02 2.233894914388656616e-02 2.737824805080890656e-02 5.950476042926311493e-03 1.360782701522111893e-02 1.333799771964550018e-02 2.739005349576473236e-02 1.853779703378677368e-02 2.724071778357028961e-02 4.363426938652992249e-03 1.308726239949464798e-02 1.008323766291141510e-02 1.421234197914600372e-02 2.515244297683238983e-02 7.605907041579484940e-03 2.727385424077510834e-02 6.893860641866922379e-03 9.407550096511840820e-03 2.146034734323620796e-03 1.238392200320959091e-02 1.814104500226676464e-03 2.737411297857761383e-03 2.544668316841125488e-02 3.365775104612112045e-03 1.454495731741189957e-02 9.403973817825317383e-03 1.225038059055805206e-02 1.458369288593530655e-02 2.586042881011962891e-02 3.551359474658966064e-02 2.537199296057224274e-02 7.019722834229469299e-03 3.779181744903326035e-03 6.604621186852455139e-03 1.917448826134204865e-02 1.932864822447299957e-02 2.497868239879608154e-02 3.895108122378587723e-03 2.231111936271190643e-02 1.715877465903759003e-02 2.828961238265037537e-02 1.843483187258243561e-02 1.183987315744161606e-02 5.116278305649757385e-03 8.017886430025100708e-03 2.809793315827846527e-02 2.246651239693164825e-02 2.090354217216372490e-03 3.653346747159957886e-02 2.401981130242347717e-02 2.499896101653575897e-02 3.252876177430152893e-02 3.210145281627774239e-03 4.964827676303684711e-04 8.098958060145378113e-03 1.455696858465671539e-02 0.000000000000000000e+00
5.553855374455451965e-02 6.064296141266822815e-02 1.920806244015693665e-02 1.162317208945751190e-02 1.654340513050556183e-02 4.196258634328842163e-02 3.795307502150535583e-02 3.253942728042602539e-02 3.428088733926415443e-03 2.402708865702152252e-02 6.131156906485557556e-02 8.128792047500610352e-03 8.321012258529663086e-01 4.863622132688760757e-03 3.497718274593353271e-02 7.802241481840610504e-03 1.452193595468997955e-03 8.191903121769428253e-03 1.351881213486194611e-02 1.788466982543468475e-02 7.549948990345001221e-03 1.917206496000289917e-02 1.040430087596178055e-02 2.295311354100704193e-02 1.068168133497238159e-02 9.813484502956271172e-04 1.896008662879467010e-02 9.818322956562042236e-03 2.617441304028034210e-02 1.005447842180728912e-02 2.554062940180301666e-02 1.562747545540332794e-02 1.640465110540390015e-02 6.286924704909324646e-03 3.568143351003527641e-03 1.958654448390007019e-02 5.496179684996604919e-03 4.405099898576736450e-03 2.595132775604724884e-02 1.486084703356027603e-02 9.540410712361335754e-03 1.796797662973403931e-02 9.133021347224712372e-03 9.070808067917823792e-03 2.063033170998096466e-02 1.632300205528736115e-02 3.441603481769561768e-02 3.967817872762680054e-02 1.509078498929738998e-02 4.937232472002506256e-03 6.786094978451728821e-03 6.642923108302056789e-05 3.289102390408515930e-02 2.101846039295196533e-02 1.310969237238168716e-02 5.219811573624610901e-03 2.267836965620517731e-02 3.588003106415271759e-03 2.700468897819519043e-02 1.374181266874074936e-02 1.613489724695682526e-02 7.947861216962337494e-03 1.546583697199821472e-02 2.302558533847332001e-02 3.484412282705307007e-02 1.097875460982322693e-02 1.826144941151142120e-02 8.341056294739246368e-03 1.649322733283042908e-02 1.530705206096172333e-02 4.729796200990676880e-03 2.309318445622920990e-02 2.938667125999927521e-02 1.692186295986175537e-02 1.727102883160114288e-02 2.652083523571491241e-02 1.526517607271671295e-02 7.532451301813125610e-03 1.200437173247337341e-02 1.406374108046293259e-02 1.323709962889552116e-03 8.794825524091720581e-03 1.483081653714179993e-02 2.818025415763258934e-03 3.586108796298503876e-04 6.287564989179372787e-03 3.668310865759849548e-02 1.096219848841428757e-02 1.869805902242660522e-02 2.769586397334933281e-03 3.744852170348167419e-02 2.460331656038761139e-02 4.378426074981689453e-02 1.849401183426380157e-02 1.646552793681621552e-02 5.110624246299266815e-03 1.042227726429700851e-02 7.661622948944568634e-03 1.479167258366942406e-03 1.128127891570329666e-02 1.563537865877151489e-02 9.189147502183914185e-03 1.568593271076679230e-02 3.260647505521774292e-02 1.677899993956089020e-02 2.201675251126289368e-02 1.497818250209093094e-02 2.106020413339138031e-02 8.200709125958383083e-04 8.549914491595700383e-05 5.867455620318651199e-03 1.831758022308349609e-02 2.228226512670516968e-02 2.059891633689403534e-02 3.405146766453981400e-03 0.000000000000000000e+00
