8.316978812217712402e-01 8.416518568992614746e-02 1.703021116554737091e-03 2.712290547788143158e-02 2.168665826320648193e-02 6.774485856294631958e-02 5.061134696006774902e-02 5.415874999016523361e-03 1.156853884458541870e-02 2.356326021254062653e-02 6.522697955369949341e-02 4.284035414457321167e-02 5.115512385964393616e-02 3.915664181113243103e-02 4.340949817560613155e-04 1.637636101804673672e-03 3.420596243813633919e-03 2.582668326795101166e-02 3.372148796916007996e-02 7.414868101477622986e-03 4.684827756136655807e-03 8.621000684797763824e-03 1.528312265872955322e-02 1.220191456377506256e-02 1.227036118507385254e-03 4.049725364893674850e-03 5.792051088064908981e-04 1.326604466885328293e-02 2.503372915089130402e-02 1.627016998827457428e-02 2.827781997621059418e-02 5.971012637019157410e-03 1.157462969422340393e-02 3.152057761326432228e-03 3.124399343505501747e-03 4.983067046850919724e-03 1.519901398569345474e-02 3.489799331873655319e-03 1.615202985703945160e-02 1.123820897191762924e-02 3.555750939995050430e-03 7.096096873283386230e-03 4.867205861955881119e-03 1.789713744074106216e-03 2.528024837374687195e-02 2.361697144806385040e-02 5.188383907079696655e-02 3.094336949288845062e-02 1.089943386614322662e-02 1.773178204894065857e-02 4.932268988341093063e-03 9.019519784487783909e-04 2.377131022512912750e-02 6.329729221761226654e-03 2.891328651458024979e-03 8.295205188915133476e-04 1.218553552462253720e-05 2.320311032235622406e-02 2.740579284727573395e-02 3.142715990543365479e-02 2.323680324479937553e-03 8.527765050530433655e-03 1.434493809938430786e-02 2.309485152363777161e-02 3.444579243659973145e-02 4.026858881115913391e-02 7.093596505001187325e-04 2.886690432205796242e-03 3.444761736318469048e-03 1.941681839525699615e-02 8.901657536625862122e-03 1.188146602362394333e-02 1.798428036272525787e-02 1.864434778690338135e-02 4.595129750669002533e-03 4.521373193711042404e-03 5.235950462520122528e-03 2.024365967372432351e-04 2.398457843810319901e-03 2.927656099200248718e-02 9.003328159451484680e-03 6.324619753286242485e-04 7.991208694875240326e-03 2.321437560021877289e-02 2.448639366775751114e-03 6.709738954668864608e-05 7.830610498785972595e-03 1.765299402177333832e-02 1.747254282236099243e-02 3.719284897670149803e-03 3.802490234375000000e-02 6.558752153068780899e-03 4.382013157010078430e-02 3.909644670784473419e-03 1.253772410564124584e-03 6.405953317880630493e-03 7.405821233987808228e-03 2.729636849835515022e-03 1.526698935776948929e-03 3.883941099047660828e-03 3.355120075866580009e-03 2.396532567217946053e-03 1.722470670938491821e-02 5.189426708966493607e-03 1.907926239073276520e-02 2.079888246953487396e-03 5.770157556980848312e-03 7.469933014363050461e-03 4.821932874619960785e-03 3.347797028254717588e-04 8.643111214041709900e-03 2.158059738576412201e-02 2.301167405676096678e-04 4.954565782099962234e-03 1.475446019321680069e-02 6.973962299525737762e-03
8.416518568992614746e-02 8.316978812217712402e-01 9.454239159822463989e-03 2.602006308734416962e-02 2.600602060556411743e-02 6.022275611758232117e-02 5.342835932970046997e-02 3.989445976912975311e-03 2.990699373185634613e-03 8.077051490545272827e-03 5.968181788921356201e-02 2.477267943322658539e-02 5.388748273253440857e-02 3.265183046460151672e-02 4.216103814542293549e-03 5.886090919375419617e-03 2.433167974231764674e-04 1.691608875989913940e-02 1.998780108988285065e-02 2.312782406806945801e-02 8.807857520878314972e-03 9.189105592668056488e-03 1.648058928549289703e-02 1.530199428088963032e-03 1.605350896716117859e-02 8.500828407704830170e-03 5.113459774293005466e-04 7.481506559997797012e-03 2.540424093604087830e-02 1.335699763149023056e-02 2.501734346151351929e-02 1.222416851669549942e-02 1.683172024786472321e-02 1.385039743036031723e-02 1.210320647805929184e-02 1.332445815205574036e-02 2.019480802118778229e-02 2.044177381321787834e-03 1.260091830044984818e-02 1.446379721164703369e-02 3.824258688837289810e-03 1.741712354123592377e-02 1.369785983115434647e-02 1.606942852959036827e-03 3.434992581605911255e-02 3.074554912745952606e-02 5.056031420826911926e-02 3.264176473021507263e-02 6.022335030138492584e-03 5.173753015697002411e-03 1.868263469077646732e-03 9.998789057135581970e-03 2.634337730705738068e-02 1.307983137667179108e-02 7.643115241080522537e-03 1.115253008902072906e-02 5.923321470618247986e-03 2.608914300799369812e-02 2.564089186489582062e-02 3.173131495714187622e-02 6.713434122502803802e-03 1.062517613172531128e-02 1.488523185253143311e-02 1.953857764601707458e-02 3.112427331507205963e-02 3.636252135038375854e-02 1.244042254984378815e-02 1.292855292558670044e-02 1.024502050131559372e-02 2.408465929329395294e-02 6.545167416334152222e-04 8.448485285043716431e-03 8.091119118034839630e-03 1.498482096940279007e-02 3.915103152394294739e-03 2.823997288942337036e-03 9.372581727802753448e-03 1.187214441597461700e-02 1.479946356266736984e-02 1.224648766219615936e-02 1.086802408099174500e-02 1.843012636527419090e-03 1.357009354978799820e-02 3.006804920732975006e-02 1.134260650724172592e-02 1.501531433314085007e-02 6.000075489282608032e-03 1.864627376198768616e-02 2.217625267803668976e-02 2.919471589848399162e-03 3.868617117404937744e-02 3.785354550927877426e-03 4.108049720525741577e-02 4.430270288139581680e-03 2.228990197181701660e-03 7.351110223680734634e-03 1.960357185453176498e-04 6.146676023490726948e-04 5.957519635558128357e-03 6.100222002714872360e-03 7.155359489843249321e-04 5.108007695525884628e-03 1.087352633476257324e-02 2.854853868484497070e-03 2.342090010643005371e-02 1.203402224928140640e-02 3.437547944486141205e-03 2.108177542686462402e-02 5.378865171223878860e-03 1.262253336608409882e-02 6.841762922704219818e-03 2.285325154662132263e-02 9.812385775148868561e-03 1.492646243423223495e-02 1.357181649655103683e-02 8.121498860418796539e-03
1.703021116554737091e-03 9.454239159822463989e-03 8.316978812217712402e-01 5.009855609387159348e-03 3.483455162495374680e-03 9.067382663488388062e-03 7.956313900649547577e-03 6.318171322345733643e-02 1.513438206166028976e-02 1.741847582161426544e-02 1.455779653042554855e-02 1.124484930187463760e-03 4.622283857315778732e-03 6.265091244131326675e-03 8.892512880265712738e-03 3.656124230474233627e-03 1.400383538566529751e-03 1.199704781174659729e-02 1.249402668327093124e-02 1.236931513994932175e-02 5.587726831436157227e-03 7.332029286772012711e-03 1.136562693864107132e-02 7.344350218772888184e-03 7.819528691470623016e-03 7.320209406316280365e-03 2.824851078912615776e-03 3.972573205828666687e-03 5.212469957768917084e-03 1.239277794957160950e-02 9.891838766634464264e-03 6.905693560838699341e-03 7.325021084398031235e-03 3.209868911653757095e-03 2.113489061594009399e-02 1.310985907912254333e-02 8.994731120765209198e-03 1.307464297860860825e-02 1.613239012658596039e-02 3.198860958218574524e-02 2.648097090423107147e-02 2.343086991459131241e-03 7.964233867824077606e-03 6.439250707626342773e-02 1.783588784746825695e-03 6.875202525407075882e-03 2.639671787619590759e-03 8.374293684028089046e-04 2.354446053504943848e-02 1.552009955048561096e-02 2.073244377970695496e-02 1.241652946919202805e-02 1.767646148800849915e-02 1.841633021831512451e-02 1.658658869564533234e-02 1.575076952576637268e-02 4.867256211582571268e-04 9.755696170032024384e-03 2.848167158663272858e-02 2.320917136967182159e-02 4.015197046101093292e-03 1.393216103315353394e-02 1.145550236105918884e-02 1.075580436736345291e-02 1.631105877459049225e-02 1.599242724478244781e-02 6.953404285013675690e-03 7.986892946064472198e-03 8.693140931427478790e-03 1.214668713510036469e-02 3.412553109228610992e-03 1.033678185194730759e-02 1.288471836596727371e-02 1.140581723302602768e-02 8.921073749661445618e-03 9.921367280185222626e-03 5.520443664863705635e-04 1.166312582790851593e-02 1.244320534169673920e-02 1.075281947851181030e-02 7.320108264684677124e-02 5.672184377908706665e-02 1.394337229430675507e-02 9.448057971894741058e-03 1.894672028720378876e-02 2.397244237363338470e-02 3.869182243943214417e-02 2.375088259577751160e-02 3.438445739448070526e-03 1.002542395144701004e-02 1.376456115394830704e-03 1.088544074445962906e-02 1.768681919202208519e-03 1.099453307688236237e-02 1.602975651621818542e-02 1.890911906957626343e-02 2.039496088400483131e-03 1.090798899531364441e-02 2.102079987525939941e-02 1.622735150158405304e-02 2.499330602586269379e-02 1.687315665185451508e-02 1.211572252213954926e-02 2.789128338918089867e-03 4.021040163934230804e-03 9.997312910854816437e-03 3.453833237290382385e-02 6.117735058069229126e-03 1.850118674337863922e-02 4.767854698002338409e-03 6.656530895270407200e-04 3.369649872183799744e-03 3.202913329005241394e-03 1.340092974714934826e-03 2.149043139070272446e-03 6.296078208833932877e-03
2.712290547788143158e-02 2.602006308734416962e-02 5.009855609387159348e-03 8.316978812217712402e-01 5.447770655155181885e-02 2.282548882067203522e-02 2.285293489694595337e-02 2.959482837468385696e-03 1.656862092204391956e-03 8.702842518687248230e-03 2.325426600873470306e-02 7.378744892776012421e-03 1.890156231820583344e-02 2.296464890241622925e-02 5.216000601649284363e-03 2.069052308797836304e-02 1.124461833387613297e-02 1.840224303305149078e-02 3.150102868676185608e-02 6.550182588398456573e-03 1.611310057342052460e-02 8.545176126062870026e-03 6.394361145794391632e-03 2.728963503614068031e-03 2.642691135406494141e-02 2.599594742059707642e-02 9.267778135836124420e-03 4.746745806187391281e-03 3.025376051664352417e-02 9.259079582989215851e-03 1.616640202701091766e-02 2.526434138417243958e-02 1.019269786775112152e-02 1.279434096068143845e-02 8.387852576561272144e-04 4.777443129569292068e-03 1.743039861321449280e-02 4.507793637458235025e-04 6.043504551053047180e-02 4.977654293179512024e-02 5.545679014176130295e-03 1.289558783173561096e-02 2.053119707852602005e-03 7.135686930269002914e-03 1.390367932617664337e-02 6.591733545064926147e-03 2.060596458613872528e-02 1.422711089253425598e-02 1.131014898419380188e-02 7.372506428509950638e-03 8.665162138640880585e-03 7.479622028768062592e-03 8.117415010929107666e-03 3.396042855456471443e-03 2.159130387008190155e-02 2.033167332410812378e-02 3.777243895456194878e-03 7.425790186971426010e-03 2.328529953956604004e-03 5.057045258581638336e-03 1.446938980370759964e-02 2.380838617682456970e-02 3.670071717351675034e-03 1.442435942590236664e-02 1.745879836380481720e-02 1.778825744986534119e-02 1.475812494754791260e-02 1.946016028523445129e-02 2.044362761080265045e-02 1.714668236672878265e-02 1.051822770386934280e-02 2.009696140885353088e-02 1.237823814153671265e-02 5.156045779585838318e-03 1.831979490816593170e-02 1.138956286013126373e-02 7.826782763004302979e-03 2.226832509040832520e-02 1.556470431387424469e-02 2.990999259054660797e-03 1.108747720718383789e-02 1.194353494793176651e-02 4.192814230918884277e-02 1.686025783419609070e-02 2.054801397025585175e-02 1.713514141738414764e-02 5.563305690884590149e-03 5.974553059786558151e-03 2.136772871017456055e-02 9.837701916694641113e-03 2.620265819132328033e-02 7.414411753416061401e-03 2.389979362487792969e-02 1.765014370903372765e-03 3.900421038269996643e-02 2.260827645659446716e-02 1.199483312666416168e-02 1.249039825052022934e-02 1.007846649736166000e-02 1.212347857654094696e-02 8.148182183504104614e-03 4.558594897389411926e-03 1.648802682757377625e-02 9.974185377359390259e-03 6.493689026683568954e-03 9.623092599213123322e-03 1.864055544137954712e-02 7.238314952701330185e-03 1.881179399788379669e-02 5.567532964050769806e-03 1.563619449734687805e-02 2.201989293098449707e-02 1.303438749164342880e-02 1.290998887270689011e-02 5.263469065539538860e-04 5.847698543220758438e-03
2.168665826320648193e-02 2.600602060556411743e-02 3.483455162495374680e-03 5.447770655155181885e-02 8.316978812217712402e-01 1.542971283197402954e-02 1.751974783837795258e-02 8.937416598200798035e-03 1.668994501233100891e-02 1.273649279028177261e-02 1.382757164537906647e-02 1.043054740875959396e-02 1.035118754953145981e-02 2.447566203773021698e-02 6.988721899688243866e-03 2.119853161275386810e-02 8.883459493517875671e-03 9.334029629826545715e-03 2.718246728181838989e-02 1.005166675895452499e-02 3.823612350970506668e-03 1.637118053622543812e-03 1.470907242037355900e-03 1.133988332003355026e-02 1.367349363863468170e-02 1.790594309568405151e-03 1.565914973616600037e-02 2.392877795500680804e-04 2.127216756343841553e-02 7.830117247067391872e-04 1.979399658739566803e-02 1.230697892606258392e-02 1.410710439085960388e-02 5.971609149128198624e-03 1.396041549742221832e-02 6.784914061427116394e-03 1.498752832412719727e-02 1.456599310040473938e-02 4.157816991209983826e-02 5.381979793310165405e-02 9.264355525374412537e-03 1.279483735561370850e-02 2.686767606064677238e-03 1.065821154043078423e-03 1.551062986254692078e-02 1.486386358737945557e-02 2.952379873022437096e-03 1.237926911562681198e-02 1.263577025383710861e-02 7.735542953014373779e-03 2.193358493968844414e-03 3.758980601560324430e-04 6.027036812156438828e-03 5.868645384907722473e-04 2.371761389076709747e-02 2.380071766674518585e-02 2.628794638440012932e-03 6.006206385791301727e-03 1.403713785111904144e-02 1.429360546171665192e-02 1.297692209482192993e-02 1.743089966475963593e-02 2.195490337908267975e-02 1.851300336420536041e-02 9.835445322096347809e-03 1.473249960690736771e-02 1.681518554687500000e-02 1.674671098589897156e-02 1.655491627752780914e-02 3.253730759024620056e-02 1.218292489647865295e-02 3.023333102464675903e-02 1.586404442787170410e-02 2.832202240824699402e-02 2.534342370927333832e-02 1.974292099475860596e-02 1.535344030708074570e-02 1.942982152104377747e-02 1.823685318231582642e-02 3.875670256093144417e-03 1.999100903049111366e-03 1.553575857542455196e-03 2.861445024609565735e-02 2.999860979616641998e-02 1.384894736111164093e-02 1.841833442449569702e-02 1.242321799509227276e-03 2.348717767745256424e-03 1.517799124121665955e-02 1.353803928941488266e-02 1.354724355041980743e-02 6.198851391673088074e-03 3.119222819805145264e-02 1.262016315013170242e-02 2.032892964780330658e-02 2.224037423729896545e-02 1.715061441063880920e-02 1.659306511282920837e-02 1.701844669878482819e-02 1.135079655796289444e-02 5.238652229309082031e-03 8.053400553762912750e-03 2.908657677471637726e-02 2.538238652050495148e-02 1.361268013715744019e-02 2.284604997839778662e-04 2.195990644395351410e-02 1.867085695266723633e-02 2.119023166596889496e-02 1.508060749620199203e-02 1.007391326129436493e-02 2.760798484086990356e-02 9.751987643539905548e-03 1.428088452666997910e-02 2.713108062744140625e-02 8.450414054095745087e-03
6.774485856294631958e-02 6.022275611758232117e-02 9.067382663488388062e-03 2.282548882067203522e-02 1.542971283197402954e-02 8.316978812217712402e-01 6.411392986774444580e-02 2.130441833287477493e-03 9.320142678916454315e-03 1.283615175634622574e-02 6.143962964415550232e-02 4.896259680390357971e-02 5.281636863946914673e-02 3.790662810206413269e-02 6.177803035825490952e-03 1.367059256881475449e-02 1.396328303962945938e-02 1.741394586861133575e-02 2.988672442734241486e-02 1.033519115298986435e-02 3.103737719357013702e-03 2.438497357070446014e-02 1.177280768752098083e-02 1.185283064842224121e-03 8.791889995336532593e-03 3.661959199234843254e-03 1.701279170811176300e-02 4.440596792846918106e-03 3.005157411098480225e-02 5.000037606805562973e-03 2.823137305676937103e-02 1.940183690749108791e-03 1.357662957161664963e-02 3.215046599507331848e-04 5.024736281484365463e-03 6.515220738947391510e-03 1.007765252143144608e-02 7.975178770720958710e-03 2.038939110934734344e-02 1.374868582934141159e-02 2.728202147409319878e-03 2.196038514375686646e-02 1.625993661582469940e-02 1.997858285903930664e-03 3.113436698913574219e-02 2.456531114876270294e-02 6.131284683942794800e-02 3.711418062448501587e-02 1.385755720548331738e-03 1.017490774393081665e-02 9.924259968101978302e-03 1.836721412837505341e-02 2.525973692536354065e-02 1.407635398209095001e-02 1.452921889722347260e-02 3.842945909127593040e-03 1.659904979169368744e-02 2.924752607941627502e-02 2.262733504176139832e-02 2.860894054174423218e-02 7.442472968250513077e-03 1.873851567506790161e-02 1.632928475737571716e-02 1.266219932585954666e-02 3.743069246411323547e-02 4.194745048880577087e-02 7.925947196781635284e-03 3.214448690414428711e-03 1.251988485455513000e-02 1.356940902769565582e-02 9.564514271914958954e-03 3.420813241973519325e-03 6.789787672460079193e-03 2.927038585767149925e-03 1.449537649750709534e-02 1.006986759603023529e-02 1.065525878220796585e-02 1.552601344883441925e-03 1.405470259487628937e-02 2.197290770709514618e-02 2.109384222421795130e-04 7.064714096486568451e-03 2.114783972501754761e-02 2.702886424958705902e-02 1.305211149156093597e-02 8.005592972040176392e-03 1.689872704446315765e-02 2.642454579472541809e-02 1.223704591393470764e-02 9.245464578270912170e-03 4.514898359775543213e-02 1.974841579794883728e-02 4.185748845338821411e-02 2.194995805621147156e-02 9.943065233528614044e-03 5.304723512381315231e-03 2.988068154081702232e-03 1.686249114573001862e-02 1.063701976090669632e-02 9.875766932964324951e-03 2.515960950404405594e-03 1.883672230178490281e-04 2.715486800298094749e-03 6.541253533214330673e-03 1.546329073607921600e-02 4.806279670447111130e-03 3.944012278225272894e-04 1.835286989808082581e-02 2.851504366844892502e-03 8.211606182157993317e-03 3.588288091123104095e-03 1.880870573222637177e-02 1.213645003736019135e-02 1.508114580065011978e-02 2.301306230947375298e-03 4.414482042193412781e-03
5.061134696006774902e-02 5.342835932970046997e-02 7.956313900649547577e-03 2.285293489694595337e-02 1.751974783837795258e-02 6.411392986774444580e-02 8.316978812217712402e-01 1.020455267280340195e-02 1.590411737561225891e-02 7.534058764576911926e-03 5.697689577937126160e-02 1.659847795963287354e-02 5.889133363962173462e-02 1.992328837513923645e-02 6.856658030301332474e-03 1.763137988746166229e-02 1.029345020651817322e-02 3.791887138504534960e-04 7.709931116551160812e-03 1.594879291951656342e-02 1.734943245537579060e-03 3.072247467935085297e-02 1.152565144002437592e-02 7.792544551193714142e-03 1.254926249384880066e-02 2.017531776800751686e-03 1.800942793488502502e-02 1.622524671256542206e-02 3.744653612375259399e-02 6.752838846296072006e-03 3.226328641176223755e-02 4.161410965025424957e-03 1.057563256472349167e-02 6.794102024286985397e-03 8.627950213849544525e-03 8.300106972455978394e-03 1.315652951598167419e-02 1.176054589450359344e-02 1.849080622196197510e-02 1.508497446775436401e-02 3.642364172264933586e-03 2.889262884855270386e-02 2.722717449069023132e-02 1.501969899982213974e-02 3.497514873743057251e-02 3.300267457962036133e-02 6.439230591058731079e-02 5.184295773506164551e-02 9.181172586977481842e-03 4.349955823272466660e-03 1.969197206199169159e-02 2.425611764192581177e-02 2.504380978643894196e-02 1.950843818485736847e-02 1.511007267981767654e-02 8.687797002494335175e-03 1.835288852453231812e-02 2.091461792588233948e-02 2.100918628275394440e-02 2.930387668311595917e-02 4.646431189030408859e-03 1.779970526695251465e-02 2.302491478621959686e-02 8.254805579781532288e-03 3.813812136650085449e-02 4.252152517437934875e-02 1.412108633667230606e-02 9.747492149472236633e-03 8.114762604236602783e-03 1.548331230878829956e-02 5.990359000861644745e-03 6.911839824169874191e-03 6.266416516155004501e-03 2.378893783316016197e-03 1.289532054215669632e-02 1.192977465689182281e-02 1.934217102825641632e-02 1.633038558065891266e-02 2.303836122155189514e-02 3.620830364525318146e-03 1.981998793780803680e-03 8.320813998579978943e-03 1.634499244391918182e-02 1.580314151942729950e-02 1.092284265905618668e-02 1.511305756866931915e-02 1.379603147506713867e-02 2.648458071053028107e-02 1.188026927411556244e-02 3.915924578905105591e-03 4.780338332056999207e-02 1.713546179234981537e-02 4.439198598265647888e-02 2.120176516473293304e-02 4.204907920211553574e-03 5.501458887010812759e-03 4.263447131961584091e-03 1.159293949604034424e-02 2.317434363067150116e-02 2.081811800599098206e-02 5.461578257381916046e-03 9.301806800067424774e-03 2.954816212877631187e-03 1.641026348806917667e-03 1.672701910138130188e-02 1.218741480261087418e-02 2.606535796076059341e-03 2.794921025633811951e-02 4.251023638062179089e-04 1.851141452789306641e-02 3.749152179807424545e-03 1.667461358010768890e-02 2.111411094665527344e-02 2.223151177167892456e-02 2.059004502370953560e-03 2.547545009292662144e-04
5.415874999016523361e-03 3.989445976912975311e-03 6.318171322345733643e-02 2.959482837468385696e-03 8.937416598200798035e-03 2.130441833287477493e-03 1.020455267280340195e-02 8.316978812217712402e-01 1.097231730818748474e-02 6.823370233178138733e-03 2.322022989392280579e-02 7.239507045596837997e-03 1.542389299720525742e-02 8.567382581532001495e-03 3.403501585125923157e-02 8.528284961357712746e-04 6.699388381093740463e-03 1.478364691138267517e-02 7.540486287325620651e-03 4.443392157554626465e-03 3.843708196654915810e-03 2.068614587187767029e-02 9.714877232909202576e-03 1.357957627624273300e-02 6.118131801486015320e-03 1.141463126987218857e-02 1.710714772343635559e-02 1.091406680643558502e-02 2.025551907718181610e-02 1.243386045098304749e-02 2.734984271228313446e-02 7.334749680012464523e-03 4.337396938353776932e-03 3.795601427555084229e-03 2.272666990756988525e-02 2.185545302927494049e-02 2.328104898333549500e-02 1.828867197036743164e-02 1.520123891532421112e-02 1.907708309590816498e-02 1.709633320569992065e-02 7.194656413048505783e-03 2.573091350495815277e-02 1.547385659068822861e-02 1.373380050063133240e-02 2.411909028887748718e-02 1.824393984861671925e-03 2.169424667954444885e-02 5.438124295324087143e-03 2.273986488580703735e-02 2.741375379264354706e-02 2.048821188509464264e-02 2.493091672658920288e-02 1.412639953196048737e-02 7.718603126704692841e-03 1.430973038077354431e-02 1.670379936695098877e-02 1.669391174800693989e-03 3.235078975558280945e-02 2.569644339382648468e-02 2.344118664041161537e-03 1.986149884760379791e-02 1.446082442998886108e-02 2.836370468139648438e-02 2.815861999988555908e-02 2.333385683596134186e-02 1.691538025625050068e-03 2.329357666894793510e-03 7.578588556498289108e-03 4.708230495452880859e-03 8.773418143391609192e-03 5.959305912256240845e-03 6.052602548152208328e-03 9.929643012583255768e-03 8.615314145572483540e-04 1.187536306679248810e-02 1.711930264718830585e-03 7.134834770113229752e-03 3.457819810137152672e-03 1.725825853645801544e-02 6.047280877828598022e-02 3.934364765882492065e-02 9.131100028753280640e-03 7.156275212764739990e-03 1.094806566834449768e-02 3.314612666144967079e-03 4.285986721515655518e-02 2.754181623458862305e-02 2.325355075299739838e-03 6.340162362903356552e-03 6.992087233811616898e-03 1.519518811255693436e-02 2.110152877867221832e-02 9.515496902167797089e-03 2.703191526234149933e-02 1.392451766878366470e-02 1.667798683047294617e-02 2.429771469905972481e-03 2.422627620398998260e-02 2.170397154986858368e-02 3.485553711652755737e-02 3.083426132798194885e-02 2.152462117373943329e-02 9.562578052282333374e-03 1.604596711695194244e-02 1.300553791224956512e-02 3.298417106270790100e-02 1.133091375231742859e-02 2.927563525736331940e-02 1.944484747946262360e-02 8.378516882658004761e-03 8.856079541146755219e-03 1.210041157901287079e-02 1.526489667594432831e-02 4.023350309580564499e-03 4.761323332786560059e-03
1.156853884458541870e-02 2.990699373185634613e-03 1.513438206166028976e-02 1.656862092204391956e-03 1.668994501233100891e-02 9.320142678916454315e-03 1.590411737561225891e-02 1.097231730818748474e-02 8.316978812217712402e-01 5.929270386695861816e-02 1.260700868442654610e-03 5.226445384323596954e-03 4.589117132127285004e-03 1.441700616851449013e-03 1.866439171135425568e-02 1.107152085751295090e-02 2.090349589707329869e-04 6.491111963987350464e-02 3.279069811105728149e-02 2.254723338410258293e-03 9.848858229815959930e-03 2.085580199491232634e-04 1.398248132318258286e-02 2.664392814040184021e-02 1.012535672634840012e-02 1.820030622184276581e-02 2.237980812788009644e-02 2.665483765304088593e-02 1.308223581872880459e-03 2.908294275403022766e-02 1.242470229044556618e-03 1.593051129020750523e-03 2.456367947161197662e-02 1.316128484904766083e-02 2.361594326794147491e-02 5.205788183957338333e-03 1.207974739372730255e-02 1.099262107163667679e-02 1.887593418359756470e-02 2.279225736856460571e-02 1.834615506231784821e-02 1.969538815319538116e-02 1.135926228016614914e-03 1.405295450240373611e-02 1.011116709560155869e-02 7.253087125718593597e-03 8.550520054996013641e-03 2.461241791024804115e-03 2.791341021656990051e-02 9.139370173215866089e-03 1.304827746935188770e-03 1.232113782316446304e-02 6.575911771506071091e-03 3.560690209269523621e-03 4.792178049683570862e-02 9.888662025332450867e-04 4.727209918200969696e-03 1.003524567931890488e-02 1.548225525766611099e-02 9.795609861612319946e-03 5.197294522076845169e-03 3.331640735268592834e-02 2.264235168695449829e-03 2.152255363762378693e-02 1.395840477198362350e-02 1.530875358730554581e-02 2.434418303892016411e-03 1.271184254437685013e-02 1.452928292565047741e-03 1.244101766496896744e-02 1.274501904845237732e-02 3.133317455649375916e-02 1.664622314274311066e-02 7.149302400648593903e-03 9.394566528499126434e-03 2.271135151386260986e-02 7.560239732265472412e-02 2.591486275196075439e-02 5.206430703401565552e-02 3.417029976844787598e-02 1.804125495254993439e-02 2.451859042048454285e-02 1.441444084048271179e-02 1.470084115862846375e-02 1.463264878839254379e-02 5.073246546089649200e-03 1.613485813140869141e-02 1.018195878714323044e-02 3.371754288673400879e-02 1.853191480040550232e-02 3.540009027346968651e-03 1.037539727985858917e-02 4.518277419265359640e-04 8.051550015807151794e-03 1.100176014006137848e-02 1.987130613997578621e-03 1.539651118218898773e-02 3.405590355396270752e-02 1.428073365241289139e-02 2.588736591860651970e-03 6.159792188555002213e-03 1.031148154288530350e-02 1.852393150329589844e-02 5.192629061639308929e-03 1.922373101115226746e-02 8.395537734031677246e-03 2.593400189653038979e-03 1.023680903017520905e-03 2.086436934769153595e-02 6.654654163867235184e-03 1.990146702155470848e-03 8.237084373831748962e-03 4.723018500953912735e-03 1.260849239770323038e-04 1.066178316250443459e-03 5.908331368118524551e-04
2.356326021254062653e-02 8.077051490545272827e-03 1.741847582161426544e-02 8.702842518687248230e-03 1.273649279028177261e-02 1.283615175634622574e-02 7.534058764576911926e-03 6.823370233178138733e-03 5.929270386695861816e-02 8.316978812217712402e-01 6.279499735683202744e-03 3.568353131413459778e-02 4.925106652081012726e-03 1.930902013555169106e-03 1.274886447936296463e-02 2.041890984401106834e-03 2.356267161667346954e-02 4.257209226489067078e-02 4.720933362841606140e-02 7.504336070269346237e-03 1.597656309604644775e-02 5.768448463641107082e-04 5.927885882556438446e-03 3.655510395765304565e-02 6.010853685438632965e-03 1.317292172461748123e-02 3.030699444934725761e-03 1.582734845578670502e-02 5.804876331239938736e-03 6.212375592440366745e-03 2.324845176190137863e-03 1.501973811537027359e-02 2.799481153488159180e-02 1.786817796528339386e-02 2.695259870961308479e-03 6.219764240086078644e-03 1.261618267744779587e-02 1.016502361744642258e-02 2.087672613561153412e-02 1.508575584739446640e-02 2.551304921507835388e-02 1.435672584921121597e-02 2.017548121511936188e-02 2.078622579574584961e-02 5.621729884296655655e-03 2.586004091426730156e-03 4.877908620983362198e-03 1.619181595742702484e-02 3.181748837232589722e-02 5.691114440560340881e-02 1.324198395013809204e-02 1.742875762283802032e-02 9.331400506198406219e-03 1.003638375550508499e-02 1.865659654140472412e-02 3.341634944081306458e-02 1.618536747992038727e-02 6.275823805481195450e-03 1.666906848549842834e-02 6.440234836190938950e-03 2.329666726291179657e-02 2.003634907305240631e-02 1.367353368550539017e-02 1.979145407676696777e-02 1.476037222892045975e-02 1.472409907728433609e-02 8.090843446552753448e-03 1.226815953850746155e-02 1.093238033354282379e-02 4.445516038686037064e-03 1.173113123513758183e-03 2.379088400630280375e-04 7.319299504160881042e-03 9.413690306246280670e-03 1.665981672704219818e-02 1.350233610719442368e-02 2.589688450098037720e-02 5.137066915631294250e-02 4.261515662074089050e-02 7.786979526281356812e-02 1.625787094235420227e-02 2.737973444163799286e-02 7.239338941872119904e-03 3.245710209012031555e-02 1.597885275259613991e-03 2.584872953593730927e-02 1.424869708716869354e-02 1.383302081376314163e-02 6.558872759342193604e-03 4.224400222301483154e-02 1.526134088635444641e-03 1.459440961480140686e-02 3.289905842393636703e-03 1.349151041358709335e-02 1.358348410576581955e-02 9.289308451116085052e-03 4.113700706511735916e-03 4.598306026309728622e-03 4.205266013741493225e-03 1.193923223763704300e-02 1.843064092099666595e-02 1.558028161525726318e-02 1.467507798224687576e-02 1.618716679513454437e-02 2.030828781425952911e-02 1.137561630457639694e-03 5.485560279339551926e-03 7.132313214242458344e-03 1.188623253256082535e-02 3.151625860482454300e-03 1.988592930138111115e-02 2.693198993802070618e-02 1.305212173610925674e-02 1.066057197749614716e-02 1.611138880252838135e-02 1.042944286018610001e-02
6.522697955369949341e-02 5.968181788921356201e-02 1.455779653042554855e-02 2.325426600873470306e-02 1.382757164537906647e-02 6.143962964415550232e-02 5.697689577937126160e-02 2.322022989392280579e-02 1.260700868442654610e-03 6.279499735683202744e-03 8.316978812217712402e-01 2.344649843871593475e-02 6.991248577833175659e-02 1.501629408448934555e-02 2.051809057593345642e-02 2.096875337883830070e-03 8.692318224348127842e-04 1.355418562889099121e-02 2.193287760019302368e-02 7.683514617383480072e-03 1.626870478503406048e-03 3.290745243430137634e-02 1.134022790938615799e-02 8.169822394847869873e-03 1.951735815964639187e-03 5.305239930748939514e-03 1.586800068616867065e-02 7.024003192782402039e-03 3.985265642404556274e-02 1.161005906760692596e-02 3.429865092039108276e-02 6.569132674485445023e-04 5.571355577558279037e-03 6.968685192987322807e-04 6.140845362097024918e-03 9.591570124030113220e-03 1.290139742195606232e-02 1.095444802194833755e-02 1.444983109831809998e-02 5.765480455011129379e-03 1.139306579716503620e-03 1.581984385848045349e-02 2.493959665298461914e-02 1.485429238528013229e-03 2.906345948576927185e-02 2.892477810382843018e-02 6.071195378899574280e-02 4.615966230630874634e-02 9.282960090786218643e-04 2.661614853423088789e-04 1.495914347469806671e-02 1.565524190664291382e-02 2.810384891927242279e-02 1.616820879280567169e-02 4.877647385001182556e-03 3.923959564417600632e-03 1.179823093116283417e-02 1.752732321619987488e-02 2.804103866219520569e-02 3.148242086172103882e-02 1.092131435871124268e-02 9.563642553985118866e-03 1.409434340894222260e-02 2.150789089500904083e-02 4.384429007768630981e-02 4.407959431409835815e-02 5.300201475620269775e-03 1.098784385249018669e-03 1.681126013863831758e-04 1.333108358085155487e-02 4.336093552410602570e-03 5.765415728092193604e-03 7.768199313431978226e-03 1.372109632939100266e-03 1.142672612331807613e-03 9.279400110244750977e-03 1.349277980625629425e-02 1.024685706943273544e-02 1.315914280712604523e-02 6.439115386456251144e-03 1.117697823792695999e-02 1.083996612578630447e-02 8.452249690890312195e-03 2.672517485916614532e-02 3.953390114475041628e-04 6.627733819186687469e-05 2.514696680009365082e-02 2.990408055484294891e-02 9.895584546029567719e-03 1.090319245122373104e-03 4.310636222362518311e-02 2.268005535006523132e-02 3.849653899669647217e-02 1.696421019732952118e-02 6.662287283688783646e-03 4.787362180650234222e-03 6.496289279311895370e-03 3.832450602203607559e-03 1.137466635555028915e-02 1.128904893994331360e-02 4.618281032890081406e-03 8.675871416926383972e-03 5.778487771749496460e-03 2.199132228270173073e-03 1.562076434493064880e-02 7.543390151113271713e-03 8.641504682600498199e-03 1.432997826486825943e-02 1.057032682001590729e-02 1.262008864432573318e-02 6.800127215683460236e-03 1.556507218629121780e-02 1.104767713695764542e-02 1.246073562651872635e-02 8.664159104228019714e-03 7.686599157750606537e-03
4.284035414457321167e-02 2.477267943322658539e-02 1.124484930187463760e-03 7.378744892776012421e-03 1.043054740875959396e-02 4.896259680390357971e-02 1.659847795963287354e-02 7.239507045596837997e-03 5.226445384323596954e-03 3.568353131413459778e-02 2.344649843871593475e-02 8.316978812217712402e-01 9.613565169274806976e-03 6.079199165105819702e-02 5.516401492059230804e-03 1.939671637956053019e-04 2.181956171989440918e-02 4.091154038906097412e-02 4.515093937516212463e-02 8.351165801286697388e-03 1.328368298709392548e-02 1.218989677727222443e-02 3.120252117514610291e-02 5.642035044729709625e-03 2.325420966371893883e-03 1.184500753879547119e-02 2.360118925571441650e-02 3.353546932339668274e-02 5.964931100606918335e-03 2.823268808424472809e-02 7.177826948463916779e-03 9.556625038385391235e-03 8.408955298364162445e-03 5.239065736532211304e-03 7.753868121653795242e-03 2.026876993477344513e-02 1.249446999281644821e-02 1.611744239926338196e-02 8.685076609253883362e-03 5.245950073003768921e-03 1.198863703757524490e-02 2.950719790533185005e-03 5.470322212204337120e-04 3.637949749827384949e-02 1.539515424519777298e-02 4.022311477456241846e-04 1.970505900681018829e-02 4.176412767264991999e-04 4.189396742731332779e-03 1.521315332502126694e-02 8.065418340265750885e-03 9.295216761529445648e-03 1.528066862374544144e-02 3.010671120136976242e-03 2.005611360073089600e-02 4.689125809818506241e-03 2.095891349017620087e-02 4.613875970244407654e-02 1.370432227849960327e-02 8.546265773475170135e-03 3.509067930281162262e-03 7.837141864001750946e-03 6.481045274995267391e-04 1.310226880013942719e-02 2.549905702471733093e-02 2.356928214430809021e-02 5.333428736776113510e-03 7.726142182946205139e-03 1.493722293525934219e-02 1.724485121667385101e-02 1.411892008036375046e-02 1.498762145638465881e-02 1.129230111837387085e-02 1.027146470732986927e-03 1.541031710803508759e-02 1.396714989095926285e-02 1.474046614021062851e-03 1.944246888160705566e-02 7.441638736054301262e-04 5.193583667278289795e-02 1.798498095013201237e-03 3.104576375335454941e-03 1.059960853308439255e-02 1.538262423127889633e-02 1.624174788594245911e-02 2.202388597652316093e-03 1.615860313177108765e-02 1.239880919456481934e-02 1.011784479487687349e-04 8.709247224032878876e-03 2.199714817106723785e-02 2.408316545188426971e-02 1.739918440580368042e-02 2.803472056984901428e-02 1.833976246416568756e-02 4.192363005131483078e-03 1.057255920022726059e-02 3.015591576695442200e-02 4.357444588094949722e-03 5.737398751080036163e-03 4.556397441774606705e-03 8.871307596564292908e-03 1.192345749586820602e-02 2.792721241712570190e-02 1.521585509181022644e-02 2.573553938418626785e-03 7.596261799335479736e-03 6.629418581724166870e-03 2.244733273983001709e-03 9.896218776702880859e-03 3.625080455094575882e-03 9.182569570839405060e-03 2.558854641392827034e-03 1.549902139231562614e-03 4.099495708942413330e-03 6.388298235833644867e-03
5.115512385964393616e-02 5.388748273253440857e-02 4.622283857315778732e-03 1.890156231820583344e-02 1.035118754953145981e-02 5.281636863946914673e-02 5.889133363962173462e-02 1.542389299720525742e-02 4.589117132127285004e-03 4.925106652081012726e-03 6.991248577833175659e-02 9.613565169274806976e-03 8.316978812217712402e-01 9.177175350487232208e-03 2.355495840311050415e-02 1.489800401031970978e-03 5.209803581237792969e-03 3.992406651377677917e-03 8.097294718027114868e-03 1.661643385887145996e-02 7.087130565196275711e-03 3.209884837269783020e-02 6.708201952278614044e-03 1.145950332283973694e-02 8.774987421929836273e-03 3.028601873666048050e-03 1.083549950271844864e-02 3.059022827073931694e-03 4.123155400156974792e-02 9.802728891372680664e-03 3.957131505012512207e-02 7.069380488246679306e-03 1.039950922131538391e-02 1.245399005711078644e-02 5.206197034567594528e-03 2.101169666275382042e-03 1.438386179506778717e-02 9.567240253090858459e-03 9.775264188647270203e-03 8.409713394939899445e-03 5.628815852105617523e-03 1.724174991250038147e-02 3.108719922602176666e-02 1.401160750538110733e-02 2.494451776146888733e-02 2.911476790904998779e-02 6.112306192517280579e-02 5.380339920520782471e-02 1.939523615874350071e-03 9.211572818458080292e-03 2.016849629580974579e-02 2.181132510304450989e-02 2.929865010082721710e-02 2.580919861793518066e-02 2.161527052521705627e-03 8.593837730586528778e-03 1.236003171652555466e-02 1.898382790386676788e-02 2.407644130289554596e-02 3.368409723043441772e-02 4.208866506814956665e-03 6.469951011240482330e-03 1.324408315122127533e-02 1.231607515364885330e-02 4.093991965055465698e-02 4.877081513404846191e-02 9.609387256205081940e-03 7.960911840200424194e-03 2.170459774788469076e-04 1.703181676566600800e-02 5.619653034955263138e-03 9.029120206832885742e-03 1.321733091026544571e-02 3.216245750081725419e-05 3.395973471924662590e-03 1.132919266819953918e-02 1.666825264692306519e-02 1.670683920383453369e-02 1.416287384927272797e-02 7.268017157912254333e-03 5.215837154537439346e-03 1.571457833051681519e-02 6.047096569091081619e-03 1.950275897979736328e-02 4.886205308139324188e-03 4.181767813861370087e-03 2.191985584795475006e-02 3.462911769747734070e-02 8.142302744090557098e-03 2.945029875263571739e-03 4.513840377330780029e-02 1.503029558807611465e-02 3.849393501877784729e-02 1.702849566936492920e-02 5.533411167562007904e-03 4.727704916149377823e-03 2.419494558125734329e-03 2.126125909853726625e-04 1.475108601152896881e-02 1.565047912299633026e-02 1.262807752937078476e-03 1.011459808796644211e-02 3.198742400854825974e-03 7.212107535451650620e-03 1.589803211390972137e-02 1.397598441690206528e-02 6.496044225059449673e-04 2.145530842244625092e-02 3.952166996896266937e-03 2.040391415357589722e-02 2.498487010598182678e-03 1.649019494652748108e-02 1.396664604544639587e-02 1.867875829339027405e-02 8.231406100094318390e-03 1.129904575645923615e-02
