8.433861136436462402e-01 7.044459879398345947e-02 2.875795122236013412e-03 1.034678332507610321e-02 1.740250177681446075e-02 5.349342525005340576e-02 4.511080309748649597e-02 7.921740412712097168e-03 1.520792022347450256e-02 7.908623665571212769e-03 5.587721616029739380e-02 2.154369838535785675e-03 5.286870896816253662e-02 1.049557141959667206e-02 2.952383086085319519e-02 1.001235563308000565e-02 9.619780816137790680e-03 1.497375313192605972e-02 8.569652214646339417e-03 2.979622781276702881e-02 3.405741602182388306e-02 1.619961299002170563e-02 3.962114453315734863e-03 2.988491905853152275e-03 3.748842328786849976e-02 3.405700623989105225e-02 5.808992777019739151e-03 2.862684661522507668e-03 1.889775693416595459e-02 1.537826610729098320e-03 1.122165936976671219e-02 2.662772312760353088e-02 8.009593002498149872e-03 2.431712485849857330e-02 2.266879379749298096e-02 1.114961411803960800e-02 9.015403687953948975e-03 1.122346729971468449e-03 8.437235839664936066e-03 9.794308803975582123e-03 6.471290718764066696e-03 1.211961731314659119e-02 2.137138880789279938e-02 2.895811572670936584e-02 5.669094971381127834e-04 2.899170387536287308e-03 3.409382700920104980e-02 1.411090418696403503e-02 2.150558494031429291e-02 2.864135615527629852e-02 9.940917603671550751e-03 6.443327292799949646e-03 1.644179411232471466e-02 2.311671711504459381e-02 2.588211558759212494e-03 1.523183099925518036e-02 1.883491314947605133e-02 1.059003639966249466e-02 3.336212830618023872e-03 1.709061115980148315e-02 3.005789767485111952e-04 6.584439892321825027e-03 4.379623103886842728e-03 2.381793921813368797e-03 6.568847689777612686e-03 1.664613187313079834e-02 2.253390289843082428e-02 2.419962920248508453e-02 1.407108968123793602e-03 5.670633632689714432e-03 3.695731749758124352e-03 1.641932316124439240e-02 5.882570520043373108e-03 1.388900820165872574e-02 8.679258637130260468e-03 2.755428850650787354e-02 5.513440817594528198e-03 3.872264642268419266e-03 1.859082491137087345e-03 7.043333258479833603e-03 6.585325580090284348e-03 1.113119907677173615e-02 1.078019291162490845e-02 8.919753134250640869e-03 3.424687683582305908e-02 3.103228472173213959e-02 1.636980846524238586e-02 1.571705006062984467e-02 1.231356989592313766e-02 1.393667701631784439e-02 1.506802905350923538e-02 1.335350330919027328e-02 4.752808250486850739e-03 1.171970181167125702e-02 1.962533593177795410e-02 2.755625732243061066e-02 1.377245970070362091e-02 2.066435478627681732e-02 1.136242970824241638e-02 1.918165944516658783e-02 1.883780211210250854e-02 1.395296398550271988e-02 4.514318425208330154e-03 5.166964605450630188e-03 1.772147417068481445e-02 1.492007635533809662e-02 2.093980275094509125e-02 1.229871716350317001e-02 8.821060881018638611e-03 3.714866703376173973e-03 9.040104225277900696e-03 1.375289633870124817e-02 1.551591046154499054e-02 1.997765898704528809e-02 1.804039999842643738e-02 2.353838644921779633e-02
7.044459879398345947e-02 8.433861136436462402e-01 3.082106122747063637e-04 1.357343140989542007e-02 1.645916700363159180e-02 5.300840362906455994e-02 5.943153798580169678e-02 9.521339088678359985e-03 2.309241890907287598e-02 8.347596041858196259e-03 4.924784973263740540e-02 1.090170908719301224e-02 6.137045845389366150e-02 1.591615029610693455e-03 2.910023927688598633e-02 3.290495136752724648e-03 1.941764261573553085e-03 1.876290142536163330e-02 8.442088030278682709e-03 2.255472354590892792e-02 2.988063730299472809e-02 1.026480086147785187e-02 5.826985463500022888e-03 6.901744287461042404e-03 3.037998639047145844e-02 3.399820625782012939e-02 1.228778716176748276e-02 1.256868615746498108e-02 1.328665949404239655e-02 3.205569926649332047e-03 2.058243378996849060e-02 2.642101794481277466e-02 4.881078843027353287e-03 2.945604361593723297e-02 2.527634799480438232e-02 7.807762827724218369e-03 1.305145118385553360e-02 8.589374832808971405e-03 9.640880860388278961e-03 9.196842089295387268e-03 4.587125964462757111e-03 4.846631549298763275e-03 1.790494844317436218e-02 2.184792235493659973e-02 2.787840785458683968e-03 2.595039550215005875e-03 3.356575220823287964e-02 3.188587352633476257e-02 1.282449718564748764e-02 2.333345264196395874e-02 5.017825867980718613e-03 6.344523280858993530e-03 1.603226736187934875e-02 2.833852171897888184e-02 1.027526892721652985e-02 1.413567457348108292e-02 2.144788391888141632e-02 1.113393902778625488e-02 9.852824732661247253e-03 2.078890614211559296e-02 4.114840179681777954e-03 1.058486290276050568e-02 2.769758924841880798e-03 1.346708275377750397e-02 1.272242236882448196e-02 2.489358000457286835e-02 2.170182392001152039e-02 2.521378174424171448e-02 5.047032609581947327e-03 4.670835565775632858e-03 7.337141782045364380e-03 1.665555685758590698e-02 5.571709014475345612e-03 1.381065230816602707e-02 4.660435020923614502e-03 3.388467431068420410e-02 1.423492934554815292e-02 3.984348382800817490e-03 2.614884870126843452e-03 6.855748128145933151e-03 3.028937848284840584e-03 6.838625296950340271e-03 1.103822235018014908e-02 4.109073895961046219e-03 3.070637211203575134e-02 2.623445726931095123e-02 1.735018566250801086e-02 1.945688948035240173e-02 1.130987051874399185e-02 1.214860193431377411e-02 9.376789443194866180e-03 1.047970540821552277e-02 1.171208731830120087e-02 1.609863154590129852e-02 1.844395697116851807e-02 1.851264014840126038e-02 9.586318396031856537e-03 2.638346888124942780e-02 5.922775249928236008e-03 1.953238993883132935e-02 1.792056672275066376e-02 1.661771908402442932e-02 4.626518115401268005e-03 5.290843080729246140e-03 2.040052227675914764e-02 2.779128961265087128e-02 2.905310131609439850e-02 1.609315723180770874e-02 1.629847288131713867e-02 3.132875077426433563e-03 5.777726415544748306e-03 8.417434990406036377e-03 2.012888714671134949e-02 1.782274991273880005e-02 8.841810747981071472e-03 1.585303619503974915e-02
2.875795122236013412e-03 3.082106122747063637e-04 8.433861136436462402e-01 1.267784927040338516e-02 3.040330775547772646e-04 5.956584936939179897e-04 5.680889822542667389e-03 5.086959525942802429e-02 1.761888340115547180e-02 3.288828535005450249e-03 1.527625042945146561e-02 3.707669675350189209e-02 1.007682457566261292e-02 3.746682405471801758e-02 3.325667977333068848e-02 1.340887276455760002e-03 5.938628688454627991e-03 9.886852465569972992e-03 8.020950481295585632e-03 2.053975872695446014e-02 1.887036673724651337e-02 2.328287623822689056e-02 1.489729247987270355e-02 1.187289599329233170e-02 7.605150807648897171e-03 4.936865065246820450e-03 3.573018126189708710e-03 6.347442977130413055e-03 2.733718836680054665e-03 4.733213223516941071e-03 1.842202764237299562e-04 1.528207957744598389e-02 3.154854988679289818e-03 1.614129543304443359e-02 1.738606579601764679e-02 4.817019216716289520e-04 7.083826698362827301e-03 2.999289333820343018e-02 8.381686173379421234e-03 5.771935451775789261e-03 3.097759746015071869e-02 8.004909381270408630e-03 9.621817618608474731e-03 2.745555341243743896e-02 1.349944062530994415e-02 6.735851522535085678e-03 5.956889130175113678e-03 6.928762421011924744e-03 2.674120012670755386e-03 9.883132763206958771e-03 1.930938847362995148e-02 1.556648593395948410e-02 3.067698143422603607e-02 3.069579042494297028e-02 8.300169371068477631e-03 3.752133809030056000e-03 1.676927506923675537e-02 1.345459744334220886e-02 1.282959803938865662e-02 2.328359149396419525e-02 4.184343852102756500e-04 9.623409248888492584e-03 6.535706110298633575e-03 1.066962070763111115e-02 5.525579676032066345e-03 6.536733359098434448e-03 1.291211321949958801e-02 1.703833416104316711e-02 5.018465220928192139e-03 6.946562789380550385e-03 1.689357683062553406e-03 1.301288325339555740e-02 5.064271856099367142e-03 9.219528175890445709e-03 1.693339901976287365e-03 2.152420766651630402e-02 2.551306970417499542e-02 1.059222407639026642e-02 1.096266438253223896e-03 6.396412383764982224e-03 6.629449874162673950e-02 6.097165122628211975e-02 2.103365026414394379e-02 3.793264739215373993e-03 1.233792491257190704e-02 9.296552278101444244e-03 3.576551750302314758e-02 3.266659751534461975e-02 1.325934473425149918e-02 1.098838727921247482e-02 9.565863758325576782e-03 1.617780327796936035e-02 1.859704032540321350e-02 2.427714690566062927e-02 1.192350778728723526e-02 9.995344094932079315e-03 7.414061110466718674e-03 1.043531671166419983e-02 1.329760998487472534e-02 4.440585616976022720e-03 3.609014209359884262e-03 2.622954314574599266e-03 2.100537158548831940e-02 8.750338107347488403e-03 3.062390955165028572e-03 3.676740219816565514e-03 7.735271472483873367e-03 5.503768566995859146e-03 1.418918836861848831e-02 2.864304464310407639e-03 1.177830155938863754e-02 4.400857258588075638e-03 2.217151923105120659e-03 1.163442432880401611e-02 6.366510409861803055e-03 1.277368701994419098e-02
1.034678332507610321e-02 1.357343140989542007e-02 1.267784927040338516e-02 8.433861136436462402e-01 6.197452172636985779e-02 1.286696759052574635e-03 7.433583959937095642e-03 1.653752662241458893e-02 3.220273414626717567e-03 3.718157066032290459e-03 7.330424152314662933e-03 2.136859670281410217e-02 1.302423328161239624e-02 2.725720172747969627e-03 1.341391913592815399e-02 2.940316684544086456e-02 2.591843530535697937e-02 4.256340861320495605e-02 2.512327209115028381e-02 1.155175827443599701e-02 9.280466474592685699e-03 7.753431797027587891e-03 3.473952785134315491e-02 1.954383030533790588e-02 1.804275251924991608e-02 9.618429467082023621e-03 4.589668940752744675e-03 4.351628944277763367e-02 9.325049817562103271e-03 3.125156462192535400e-02 9.351506829261779785e-03 1.728669553995132446e-02 1.210585236549377441e-02 5.290237255394458771e-03 1.870107604190707207e-03 1.290678419172763824e-02 1.680612191557884216e-02 2.094223018502816558e-04 4.224222898483276367e-02 2.792457677423954010e-02 1.720581203699111938e-02 3.176286409143358469e-04 1.726070791482925415e-02 1.166105270385742188e-02 3.377248300239443779e-03 7.980558089911937714e-03 5.390531383454799652e-03 1.924923155456781387e-03 2.468306571245193481e-02 1.669969409704208374e-02 1.736505515873432159e-02 2.007346041500568390e-02 5.301990080624818802e-03 1.036472991108894348e-02 2.850303193554282188e-03 4.998671356588602066e-03 1.066343300044536591e-02 1.387169864028692245e-02 4.668413195759057999e-03 1.194972731173038483e-02 2.510112337768077850e-02 1.584859564900398254e-02 9.192345663905143738e-03 3.132421697955578566e-04 4.176612943410873413e-03 1.834010891616344452e-02 2.041898109018802643e-02 1.548463199287652969e-02 3.427427262067794800e-02 2.081778831779956818e-02 3.318662941455841064e-02 2.270167320966720581e-02 6.497686356306076050e-02 3.288125619292259216e-02 5.631053447723388672e-02 2.369955554604530334e-02 3.801703825592994690e-02 2.819141000509262085e-02 2.662010025233030319e-03 1.919260015711188316e-03 1.064453925937414169e-02 2.638672851026058197e-02 2.788527682423591614e-02 2.053684368729591370e-02 2.158555667847394943e-03 2.431553089991211891e-03 1.839732564985752106e-02 2.080050669610500336e-02 4.145937412977218628e-02 2.764447592198848724e-02 6.170252338051795959e-03 5.973752558929845691e-05 6.065186578780412674e-03 1.387092750519514084e-02 2.034403150901198387e-03 9.317116811871528625e-03 4.537283442914485931e-03 4.551799036562442780e-03 5.216649733483791351e-03 5.151432938873767853e-03 1.299201324582099915e-02 1.871619001030921936e-02 9.571247734129428864e-03 4.506472032517194748e-03 1.120654027909040451e-02 7.438405416905879974e-03 9.744418784976005554e-03 6.857412401586771011e-03 1.738662086427211761e-02 1.363414572551846504e-03 8.896693587303161621e-03 3.238974511623382568e-02 1.667056046426296234e-02 6.556491833180189133e-03 4.913601558655500412e-03 1.250736042857170105e-02
1.740250177681446075e-02 1.645916700363159180e-02 3.040330775547772646e-04 6.197452172636985779e-02 8.433861136436462402e-01 5.031603854149580002e-03 1.173378527164459229e-02 8.677350357174873352e-03 1.048173848539590836e-02 1.905979774892330170e-02 1.207340694963932037e-02 1.215529628098011017e-02 1.764693297445774078e-02 4.238401539623737335e-03 1.257969718426465988e-02 2.124040946364402771e-02 2.598394639790058136e-02 3.941306099295616150e-02 3.655072301626205444e-02 1.962713710963726044e-02 8.075597696006298065e-03 1.177021581679582596e-02 2.647827193140983582e-02 1.652591302990913391e-02 1.788457110524177551e-02 1.173291075974702835e-02 1.508482825011014938e-02 2.306144870817661285e-02 1.548693701624870300e-02 1.582213863730430603e-02 1.359582040458917618e-02 1.650101505219936371e-02 2.052515745162963867e-02 1.271405839361250401e-03 1.352788787335157394e-02 1.057778764516115189e-02 1.456662360578775406e-02 2.546064555644989014e-03 2.610215358436107635e-02 4.088496789336204529e-02 1.754100993275642395e-02 7.895736023783683777e-03 8.841458708047866821e-03 1.315110642462968826e-02 1.232416834682226181e-02 1.060055103152990341e-02 1.789212226867675781e-02 8.780671283602714539e-03 1.865888759493827820e-02 6.746355444192886353e-03 2.707914635539054871e-02 2.552671730518341064e-02 9.942526929080486298e-03 1.274945866316556931e-02 6.893832702189683914e-03 1.737203332595527172e-03 3.491240553557872772e-03 1.833938062191009521e-02 7.502542342990636826e-03 4.312256351113319397e-03 2.132267691195011139e-02 2.270407229661941528e-02 1.623380556702613831e-02 2.108166180551052094e-02 8.082936517894268036e-03 3.920683637261390686e-03 2.001748047769069672e-02 1.386444084346294403e-02 1.456048432737588882e-02 1.840076968073844910e-02 2.414807863533496857e-02 2.146105095744132996e-02 5.025234073400497437e-02 3.063055686652660370e-02 5.651152878999710083e-02 2.514932118356227875e-02 3.329677134752273560e-02 3.228107094764709473e-02 1.329271029680967331e-02 1.812350936233997345e-02 5.847590509802103043e-03 1.262385956943035126e-02 3.526577353477478027e-02 3.220503777265548706e-02 6.392406299710273743e-03 5.214445758610963821e-03 9.435904212296009064e-03 9.521252475678920746e-03 2.993511222302913666e-02 2.698476053774356842e-02 2.582947164773941040e-02 6.013330537825822830e-03 1.680782623589038849e-02 8.448265492916107178e-03 1.944463700056076050e-03 7.271897513419389725e-03 1.666248589754104614e-02 6.483096629381179810e-03 4.221044946461915970e-03 4.174381028860807419e-03 1.473576854914426804e-02 1.234257128089666367e-02 8.124744636006653309e-04 1.313086319714784622e-02 2.179078059270977974e-03 8.774959482252597809e-03 1.863929256796836853e-02 1.485728006809949875e-02 1.274195965379476547e-02 1.896173320710659027e-02 2.220196276903152466e-02 3.131123632192611694e-02 9.488874115049839020e-03 1.101329457014799118e-02 1.075213216245174408e-02 1.274636888410896063e-04
5.349342525005340576e-02 5.300840362906455994e-02 5.956584936939179897e-04 1.286696759052574635e-03 5.031603854149580002e-03 8.433861136436462402e-01 9.388507157564163208e-02 5.087304860353469849e-03 1.314890850335359573e-02 2.457198919728398323e-03 4.856351763010025024e-02 1.494694594293832779e-02 4.563391208648681641e-02 2.398802712559700012e-02 2.018171548843383789e-02 8.556939661502838135e-03 1.220464240759611130e-02 7.093959022313356400e-03 6.893362849950790405e-03 1.770889200270175934e-02 2.861918322741985321e-02 1.040121354162693024e-02 2.331082522869110107e-02 2.878989838063716888e-02 2.337908372282981873e-02 2.908255159854888916e-02 4.525747615844011307e-03 2.826811373233795166e-02 1.102283410727977753e-02 3.863549977540969849e-02 2.602891996502876282e-02 1.488376967608928680e-02 7.627287413924932480e-03 2.169326506555080414e-02 1.590386405587196350e-02 1.992417033761739731e-03 2.616269979625940323e-03 4.413363058120012283e-03 7.407730445265769958e-03 5.119353532791137695e-03 3.834998467937111855e-03 6.174460984766483307e-03 7.874123752117156982e-03 1.570375449955463409e-02 6.533016450703144073e-03 1.128422841429710388e-02 5.893040075898170471e-02 3.665575757622718811e-02 6.503714248538017273e-03 3.359475405886769295e-03 5.906555801630020142e-03 6.651420146226882935e-03 4.623339045792818069e-03 7.535307668149471283e-03 3.626791294664144516e-03 2.210947684943675995e-02 3.590609645470976830e-03 1.143401395529508591e-02 1.301812380552291870e-02 7.757649756968021393e-03 3.250541863963007927e-03 1.203888002783060074e-02 1.837440207600593567e-02 9.074347093701362610e-03 8.651748299598693848e-03 3.152196761220693588e-03 1.079306658357381821e-02 2.054432965815067291e-02 5.874682217836380005e-03 3.210181137546896935e-03 1.583332754671573639e-02 1.082694530487060547e-02 8.650220115669071674e-04 1.854314701631665230e-03 3.464857582002878189e-03 1.532307732850313187e-02 6.651069968938827515e-03 1.180721796117722988e-03 1.414211466908454895e-02 1.537987962365150452e-03 1.157876104116439819e-02 1.056835986673831940e-02 1.865396508947014809e-03 7.206414360553026199e-03 5.724081303924322128e-03 1.804115995764732361e-02 1.018825825303792953e-02 1.183796022087335587e-02 1.942796818912029266e-02 1.838341541588306427e-02 3.811651840806007385e-03 1.871389150619506836e-02 1.604052260518074036e-02 1.798926293849945068e-02 2.695956826210021973e-02 2.419278025627136230e-02 2.108449116349220276e-03 2.123351953923702240e-02 2.105545951053500175e-03 1.420349162071943283e-02 2.952057111542671919e-04 1.797720673494040966e-03 2.155105816200375557e-03 5.332398228347301483e-03 3.668231191113591194e-03 1.191482413560152054e-02 1.273297984153032303e-02 3.185205906629562378e-02 4.135425202548503876e-03 2.375762723386287689e-02 2.386664599180221558e-02 1.805903948843479156e-02 1.800109073519706726e-02 6.392351817339658737e-03 2.122028730809688568e-02 2.639914676547050476e-02
4.511080309748649597e-02 5.943153798580169678e-02 5.680889822542667389e-03 7.433583959937095642e-03 1.173378527164459229e-02 9.388507157564163208e-02 8.433861136436462402e-01 9.158069267868995667e-03 1.419798936694860458e-02 9.980941191315650940e-03 4.315948858857154846e-02 1.357274316251277924e-02 4.909399524331092834e-02 3.641065210103988647e-02 1.609227061271667480e-02 4.033736418932676315e-03 9.557818062603473663e-03 4.337070509791374207e-03 5.921717733144760132e-03 1.662529259920120239e-02 2.692020311951637268e-02 7.131042890250682831e-03 2.418622747063636780e-02 3.523416444659233093e-02 2.153699845075607300e-02 2.755770273506641388e-02 3.737527003977447748e-04 1.590760797262191772e-02 9.894070215523242950e-03 3.104119934141635895e-02 2.026429586112499237e-02 1.684124954044818878e-02 9.093604981899261475e-03 2.092581056058406830e-02 1.350635848939418793e-02 1.778903650119900703e-03 6.379323545843362808e-03 8.528506383299827576e-03 1.083389110863208771e-02 7.762946654111146927e-03 4.112804774194955826e-03 3.858568146824836731e-03 6.308502051979303360e-03 1.738203130662441254e-02 1.787504996173083782e-03 6.379400379955768585e-03 5.722257122397422791e-02 4.697820544242858887e-02 1.443351246416568756e-02 6.479401607066392899e-03 1.024944614619016647e-02 3.354844870045781136e-03 2.270588418468832970e-03 1.423765439540147781e-02 5.042224656790494919e-03 2.023348957300186157e-02 2.688367152586579323e-03 8.666763082146644592e-03 2.968998160213232040e-03 4.254112718626856804e-04 6.293643265962600708e-03 5.460173822939395905e-03 1.526860613375902176e-02 8.234131149947643280e-03 3.096412401646375656e-03 4.434358328580856323e-03 1.292590983211994171e-02 2.041558921337127686e-02 5.752183962613344193e-03 3.383510047569870949e-03 1.120157074183225632e-02 9.199613705277442932e-03 1.202156301587820053e-02 4.347094800323247910e-03 7.864869199693202972e-03 1.578940823674201965e-02 1.361133437603712082e-02 1.501105842180550098e-03 1.267787069082260132e-02 7.466280367225408554e-03 9.620440192520618439e-03 1.227021962404251099e-02 4.595739766955375671e-03 7.099098060280084610e-03 4.713865928351879120e-03 1.378607936203479767e-02 9.873638860881328583e-03 1.162238512188196182e-02 6.124941632151603699e-03 1.335955038666725159e-02 1.284910365939140320e-03 1.486406661570072174e-02 3.284708946011960506e-04 1.946154609322547913e-02 2.598904073238372803e-02 2.749224007129669189e-02 8.668973110616207123e-03 1.181092672049999237e-02 5.351890809834003448e-03 8.343606255948543549e-03 7.920357398688793182e-03 3.487785870674997568e-04 6.018416024744510651e-03 6.000426132231950760e-03 1.538208313286304474e-02 2.493052184581756592e-02 1.934473775327205658e-02 2.600843645632266998e-02 6.418231874704360962e-03 2.115958556532859802e-02 1.927569136023521423e-02 1.829107478260993958e-02 1.687491126358509064e-02 8.549180347472429276e-04 1.469501946121454239e-02 1.984668709337711334e-02
7.921740412712097168e-03 9.521339088678359985e-03 5.086959525942802429e-02 1.653752662241458893e-02 8.677350357174873352e-03 5.087304860353469849e-03 9.158069267868995667e-03 8.433861136436462402e-01 9.972785599529743195e-03 8.839628659188747406e-03 2.758161351084709167e-02 2.894737385213375092e-02 2.867796644568443298e-02 2.812388166785240173e-02 3.999926149845123291e-02 9.847077541053295135e-03 1.550906058400869370e-02 3.368126926943659782e-03 2.133220434188842773e-03 1.603187993168830872e-02 1.510186307132244110e-02 2.184154465794563293e-02 1.772860065102577209e-02 1.212275214493274689e-02 1.356905978173017502e-02 6.966312881559133530e-03 1.520304847508668900e-02 1.934240572154521942e-02 1.659541594563052058e-04 1.809894479811191559e-02 1.680351677350699902e-03 3.459970653057098389e-02 1.619565114378929138e-02 2.467554435133934021e-02 1.275218557566404343e-02 1.718582212924957275e-02 2.032507024705410004e-02 2.101310715079307556e-02 8.162867277860641479e-03 9.360557422041893005e-03 8.784716948866844177e-03 4.727505613118410110e-03 1.084658876061439514e-02 3.140549233648926020e-04 7.216994185000658035e-03 4.772993270307779312e-03 1.485112821683287621e-03 3.301322460174560547e-03 1.961251161992549896e-02 1.456650346517562866e-02 1.403388194739818573e-02 1.524765230715274811e-02 3.213705867528915405e-02 4.107317328453063965e-02 1.477771159261465073e-02 9.339448995888233185e-03 5.904027726501226425e-03 5.387988872826099396e-03 2.737918123602867126e-02 3.381478041410446167e-02 2.794631943106651306e-02 1.664711162447929382e-02 5.157961510121822357e-03 1.494473684579133987e-02 2.295595034956932068e-02 2.746546827256679535e-02 2.019726485013961792e-02 1.411008834838867188e-02 4.973252303898334503e-03 2.969654276967048645e-03 6.470174062997102737e-03 8.781938813626766205e-04 1.565987616777420044e-02 7.997754029929637909e-03 1.632605493068695068e-02 3.660010406747460365e-03 1.831695996224880219e-02 1.505251321941614151e-02 6.117574404925107956e-03 4.482484422624111176e-03 7.065075635910034180e-02 6.086396798491477966e-02 1.893248967826366425e-02 1.188861113041639328e-02 5.376604851335287094e-03 1.029220875352621078e-02 4.872128367424011230e-02 3.939248248934745789e-02 1.652750000357627869e-02 2.166463062167167664e-02 1.451865769922733307e-02 1.778369396924972534e-02 1.789430156350135803e-02 2.113029360771179199e-02 1.170194358564913273e-03 1.256260089576244354e-03 1.828937238315120339e-04 3.147225361317396164e-04 6.093981675803661346e-03 6.318470463156700134e-03 1.541095599532127380e-02 1.643519662320613861e-02 8.935240097343921661e-03 6.251654704101383686e-04 2.140237949788570404e-02 1.462909951806068420e-02 1.684003509581089020e-02 1.462392695248126984e-02 1.995422132313251495e-02 1.343819126486778259e-02 1.159470062702894211e-02 1.112443208694458008e-02 8.589449571445584297e-04 1.003154739737510681e-02 3.877446055412292480e-03 3.702830290421843529e-03
1.520792022347450256e-02 2.309241890907287598e-02 1.761888340115547180e-02 3.220273414626717567e-03 1.048173848539590836e-02 1.314890850335359573e-02 1.419798936694860458e-02 9.972785599529743195e-03 8.433861136436462402e-01 4.440505430102348328e-02 2.227543294429779053e-02 3.437674790620803833e-02 2.057296596467494965e-02 3.027588687837123871e-02 1.406065933406352997e-02 1.658277399837970734e-02 1.471610087901353836e-02 4.569907486438751221e-02 3.712827712297439575e-02 1.340840104967355728e-02 1.613987796008586884e-02 1.534024812281131744e-02 2.341016940772533417e-02 1.600583456456661224e-02 1.152209937572479248e-02 1.372673548758029938e-02 1.322318334132432938e-02 7.346335332840681076e-03 1.805534400045871735e-02 1.006457582116127014e-02 1.671076193451881409e-02 1.226533856242895126e-02 1.255907677114009857e-02 2.064983919262886047e-02 7.926488295197486877e-03 3.628448816016316414e-03 2.308160811662673950e-02 7.561636157333850861e-03 2.274951711297035217e-02 1.733546517789363861e-02 1.053919363766908646e-02 1.681541837751865387e-02 6.662845611572265625e-03 1.201649848371744156e-02 6.412887480109930038e-03 5.903929704800248146e-04 5.311670247465372086e-03 1.745794154703617096e-02 2.466856688261032104e-02 4.224430304020643234e-03 5.638657137751579285e-03 1.259585563093423843e-02 3.071643225848674774e-02 3.252252191305160522e-02 4.861201345920562744e-02 8.625029586255550385e-03 1.267887558788061142e-02 2.415607683360576630e-03 2.002429403364658356e-02 1.849893666803836823e-02 1.605463959276676178e-02 1.842530327849090099e-03 1.726828515529632568e-02 1.365557964891195297e-02 1.761303469538688660e-02 7.761228363960981369e-03 1.080660801380872726e-02 1.464530639350414276e-02 2.363259700359776616e-04 2.171638980507850647e-02 5.462468136101961136e-03 2.852051146328449249e-02 1.414809841662645340e-02 1.928854919970035553e-02 1.116950996220111847e-02 3.645689412951469421e-02 5.558234453201293945e-02 2.853098139166831970e-02 3.218893334269523621e-02 1.745259575545787811e-02 5.771426018327474594e-03 2.360903657972812653e-03 5.239480361342430115e-02 2.499080263078212738e-02 3.565018763765692711e-03 7.471941877156496048e-03 1.192885451018810272e-02 2.988513093441724777e-03 3.359541296958923340e-02 2.075830660760402679e-02 1.153562869876623154e-02 7.146008283598348498e-05 3.396237967535853386e-03 2.986370818689465523e-03 1.458133570849895477e-02 1.207148469984531403e-02 1.988975331187248230e-02 3.227321803569793701e-02 6.667879875749349594e-03 1.156313996762037277e-02 1.660280488431453705e-02 1.479203999042510986e-02 3.579381853342056274e-03 2.187322097597643733e-04 4.352828487753868103e-02 4.069980606436729431e-02 2.235462330281734467e-02 3.170536598190665245e-03 1.606908440589904785e-02 7.152037229388952255e-03 2.666257321834564209e-03 5.260670557618141174e-03 6.976489443331956863e-03 1.515778619796037674e-02 1.069528516381978989e-02 9.272677823901176453e-03
7.908623665571212769e-03 8.347596041858196259e-03 3.288828535005450249e-03 3.718157066032290459e-03 1.905979774892330170e-02 2.457198919728398323e-03 9.980941191315650940e-03 8.839628659188747406e-03 4.440505430102348328e-02 8.433861136436462402e-01 6.121113896369934082e-03 1.464754343032836914e-02 6.654747761785984039e-03 3.270468488335609436e-02 9.243178181350231171e-03 2.472142456099390984e-03 1.639708131551742554e-02 4.633035883307456970e-02 7.009404152631759644e-02 1.497808843851089478e-02 2.782788069453090429e-04 5.892008077353239059e-03 4.676995798945426941e-03 3.017866052687168121e-02 1.095388270914554596e-02 1.236439868807792664e-02 3.332835435867309570e-02 1.469533774070441723e-03 1.031980034895241261e-03 4.754488356411457062e-03 7.663811091333627701e-03 1.087474357336759567e-02 1.631202176213264465e-02 8.769152685999870300e-03 8.839217945933341980e-03 1.324038393795490265e-02 7.387799676507711411e-03 1.546491286717355251e-03 2.115467190742492676e-02 3.375325351953506470e-03 8.833470754325389862e-03 4.036414902657270432e-03 1.293616276234388351e-02 7.305710110813379288e-03 7.436476647853851318e-03 1.769451238214969635e-02 1.488097663968801498e-02 8.985964581370353699e-03 8.478349074721336365e-03 3.076650016009807587e-02 1.224976871162652969e-02 2.607647888362407684e-02 1.709595881402492523e-02 1.228507142513990402e-02 3.057802468538284302e-02 2.837495505809783936e-02 3.103809989988803864e-02 1.469725091010332108e-02 1.914856582880020142e-02 8.073041215538978577e-03 2.167397178709506989e-03 1.778005622327327728e-02 2.604015357792377472e-02 8.790570311248302460e-03 1.012374833226203918e-02 4.430213943123817444e-03 5.920921918004751205e-03 7.550989976152777672e-04 6.963213905692100525e-03 4.735441878437995911e-02 2.641323395073413849e-02 2.204076014459133148e-02 1.659643650054931641e-02 4.647213220596313477e-02 8.679635822772979736e-03 2.594196051359176636e-02 2.085113711655139923e-02 5.811220407485961914e-02 2.844376303255558014e-02 6.508567184209823608e-02 1.781595055945217609e-03 3.249779809266328812e-03 4.626868292689323425e-02 6.105654314160346985e-02 4.268140066415071487e-03 2.562008425593376160e-02 9.684404358267784119e-03 1.206252444535493851e-02 2.571427449584007263e-02 4.466250166296958923e-02 1.881015114486217499e-02 1.806819066405296326e-02 1.864842884242534637e-02 3.879834897816181183e-03 1.736702211201190948e-02 1.201076246798038483e-02 5.379155650734901428e-02 2.055137604475021362e-02 7.489645853638648987e-03 8.466660045087337494e-03 6.299702916294336319e-03 1.146997907198965549e-03 1.146623678505420685e-02 2.451009582728147507e-03 2.086565271019935608e-02 3.393274033442139626e-03 7.369382772594690323e-03 1.568757370114326477e-02 3.013839945197105408e-03 1.481777802109718323e-02 4.406314808875322342e-03 4.412254784256219864e-03 2.075081691145896912e-03 1.384715316817164421e-03 2.085651457309722900e-02 8.536459645256400108e-04
5.587721616029739380e-02 4.924784973263740540e-02 1.527625042945146561e-02 7.330424152314662933e-03 1.207340694963932037e-02 4.856351763010025024e-02 4.315948858857154846e-02 2.758161351084709167e-02 2.227543294429779053e-02 6.121113896369934082e-03 8.433861136436462402e-01 1.807462051510810852e-02 5.562096834182739258e-02 7.227445952594280243e-03 4.142227768898010254e-02 1.340505434200167656e-03 1.328661164734512568e-04 1.094728987663984299e-02 1.243334845639765263e-03 2.560991793870925903e-02 3.437742963433265686e-02 3.271709010004997253e-02 1.132004708051681519e-02 1.496147830039262772e-02 2.985938824713230133e-02 3.156679868698120117e-02 1.067886129021644592e-02 9.548282250761985779e-03 3.306689858436584473e-02 6.171135231852531433e-03 2.961680293083190918e-02 3.494738042354583740e-02 1.460631005465984344e-02 3.620338812470436096e-02 2.866906113922595978e-02 1.938587613403797150e-02 2.085091173648834229e-02 1.325962692499160767e-02 1.466620597057044506e-03 3.345473960507661104e-04 3.598964773118495941e-03 4.823246505111455917e-03 2.531877346336841583e-02 1.447167340666055679e-02 3.060453105717897415e-03 1.715353340841829777e-03 3.517152741551399231e-02 2.627797424793243408e-02 1.283441111445426941e-02 2.431945130228996277e-02 4.208333324640989304e-03 8.134301751852035522e-03 2.682821452617645264e-02 3.214452788233757019e-02 6.125925574451684952e-03 2.213382348418235779e-02 1.703914441168308258e-02 1.450208202004432678e-02 1.197998877614736557e-02 2.317621186375617981e-02 1.461861561983823776e-02 2.479367703199386597e-02 6.720700766891241074e-04 1.312414463609457016e-02 2.727600187063217163e-02 3.092075139284133911e-02 2.532130293548107147e-02 3.098520636558532715e-02 1.053554005920886993e-02 1.123962644487619400e-02 1.423296052962541580e-02 3.817987395450472832e-03 8.247297257184982300e-03 2.341427374631166458e-03 8.676249533891677856e-03 1.263986621052026749e-02 1.228825002908706665e-02 2.772775478661060333e-03 1.268750242888927460e-02 7.461656350642442703e-03 3.176945075392723083e-02 2.576331235468387604e-02 9.243459440767765045e-03 4.030273761600255966e-03 1.867660507559776306e-02 2.936087362468242645e-02 3.612174466252326965e-02 2.789360657334327698e-02 1.398161705583333969e-02 1.406545937061309814e-02 9.428614750504493713e-03 3.479038923978805542e-02 4.073227173648774624e-04 2.809442393481731415e-02 8.926615118980407715e-03 1.448363438248634338e-02 4.003366455435752869e-03 9.088512510061264038e-03 1.714174635708332062e-02 3.032198920845985413e-02 2.245054766535758972e-02 1.934430003166198730e-02 1.051205024123191833e-02 4.958306439220905304e-03 2.203874103724956512e-02 1.934113353490829468e-02 2.461250126361846924e-02 4.266059026122093201e-03 1.785140484571456909e-02 7.007729262113571167e-03 7.599254604429006577e-03 8.968944661319255829e-03 1.804772578179836273e-02 2.215302735567092896e-02 2.948746550828218460e-03 9.613218717277050018e-03
2.154369838535785675e-03 1.090170908719301224e-02 3.707669675350189209e-02 2.136859670281410217e-02 1.215529628098011017e-02 1.494694594293832779e-02 1.357274316251277924e-02 2.894737385213375092e-02 3.437674790620803833e-02 1.464754343032836914e-02 1.807462051510810852e-02 8.433861136436462402e-01 2.156801894307136536e-02 6.756828725337982178e-02 3.142081573605537415e-02 4.495679400861263275e-03 1.614720211364328861e-03 2.593034692108631134e-02 1.211245078593492508e-02 1.478079427033662796e-02 2.039172500371932983e-02 2.588079124689102173e-02 1.693736575543880463e-02 1.667573489248752594e-02 1.435345225036144257e-02 2.103374339640140533e-02 4.914902616292238235e-03 2.873087301850318909e-02 1.028705667704343796e-02 2.919940464198589325e-02 2.229924127459526062e-02 2.604391425848007202e-02 2.336589805781841278e-02 2.756832726299762726e-02 2.550650946795940399e-02 6.609243340790271759e-03 1.828941702842712402e-02 9.546781890094280243e-03 3.980770241469144821e-03 5.695706699043512344e-03 1.538072898983955383e-02 6.335305515676736832e-04 2.754579111933708191e-02 7.711075246334075928e-03 2.544527314603328705e-02 2.159739471971988678e-02 1.097996253520250320e-02 1.030228845775127411e-02 2.601087791845202446e-03 2.339496091008186340e-02 2.473873831331729889e-02 2.340871840715408325e-02 2.088957093656063080e-02 2.493314445018768311e-02 6.186611484736204147e-03 2.126357331871986389e-02 1.933737657964229584e-02 1.570504624396562576e-03 8.693125098943710327e-03 1.318848226219415665e-02 1.494060456752777100e-02 2.691126987338066101e-02 1.912836730480194092e-02 2.679611556231975555e-02 2.473147399723529816e-02 2.122862823307514191e-02 2.598139457404613495e-02 2.901255339384078979e-02 1.606294699013233185e-02 8.156055118888616562e-04 8.943264372646808624e-03 8.880908600986003876e-03 5.745877977460622787e-03 1.995238009840250015e-03 5.059458315372467041e-03 1.624068059027194977e-02 4.094729572534561157e-02 2.576780505478382111e-02 1.560677774250507355e-02 1.402200665324926376e-02 2.931525930762290955e-02 2.390236780047416687e-02 2.543244510889053345e-02 1.045020576566457748e-02 1.209533866494894028e-02 1.987101882696151733e-02 2.849149890244007111e-02 2.189034596085548401e-02 3.162179142236709595e-02 2.617312967777252197e-02 1.037874259054660797e-02 1.960628852248191833e-02 1.225826423615217209e-02 1.520126126706600189e-02 2.234293892979621887e-02 2.536986954510211945e-02 7.075943052768707275e-03 6.546999327838420868e-03 1.443765312433242798e-02 1.249678060412406921e-02 1.901305839419364929e-02 2.382914349436759949e-02 9.528232738375663757e-03 4.970096517354249954e-03 1.224415935575962067e-02 1.919337920844554901e-02 1.760074310004711151e-02 6.929110269993543625e-03 3.154373168945312500e-02 7.238312624394893646e-03 7.992964820004999638e-04 2.740873955190181732e-03 1.498360559344291687e-02 1.468209736049175262e-02 4.742747172713279724e-03 1.292756013572216034e-02
5.286870896816253662e-02 6.137045845389366150e-02 1.007682457566261292e-02 1.302423328161239624e-02 1.764693297445774078e-02 4.563391208648681641e-02 4.909399524331092834e-02 2.867796644568443298e-02 2.057296596467494965e-02 6.654747761785984039e-03 5.562096834182739258e-02 2.156801894307136536e-02 8.433861136436462402e-01 9.779943153262138367e-03 4.265682026743888855e-02 6.771909538656473160e-03 6.116067990660667419e-03 1.332976203411817551e-02 1.524174353107810020e-03 2.445621415972709656e-02 3.566002100706100464e-02 2.482938021421432495e-02 1.096507185138761997e-03 6.065381690859794617e-03 3.300993517041206360e-02 3.395433723926544189e-02 5.301107652485370636e-03 1.443612854927778244e-02 1.953119784593582153e-02 8.512820117175579071e-03 3.138860315084457397e-02 3.627550601959228516e-02 9.614556096494197845e-03 3.759210556745529175e-02 2.802006900310516357e-02 1.767615787684917450e-02 2.144620195031166077e-02 1.361213997006416321e-02 9.429353289306163788e-03 6.324672605842351913e-03 6.514954846352338791e-03 5.255500320345163345e-03 2.490426041185855865e-02 2.231605723500251770e-02 7.417930755764245987e-04 1.376761356368660927e-03 3.227166458964347839e-02 3.420785814523696899e-02 1.737702451646327972e-02 2.394234016537666321e-02 2.613567048683762550e-04 4.875638056546449661e-03 2.647181227803230286e-02 3.431062027812004089e-02 6.679009646177291870e-03 2.195106260478496552e-02 2.082672528922557831e-02 9.945579804480075836e-03 1.136406045407056808e-02 2.403231523931026459e-02 1.031190436333417892e-02 2.106406725943088531e-02 3.579167881980538368e-03 1.461975090205669403e-02 2.054214105010032654e-02 3.261530399322509766e-02 2.641584537923336029e-02 3.240038827061653137e-02 9.290899150073528290e-03 7.678810041397809982e-03 1.112770941108465195e-02 3.658588277176022530e-03 8.520719595253467560e-03 3.287578700110316277e-03 1.215858664363622665e-02 1.867626048624515533e-02 1.515454892069101334e-02 9.134189225733280182e-03 7.108558900654315948e-03 8.844230324029922485e-03 2.824490517377853394e-02 2.565165981650352478e-02 1.284033618867397308e-02 8.645785041153430939e-03 2.227682620286941528e-02 2.625257521867752075e-02 3.402556478977203369e-02 3.088832274079322815e-02 1.375239249318838120e-02 1.556133944541215897e-02 1.969597535207867622e-03 2.749050781130790710e-02 2.355022355914115906e-03 3.172890469431877136e-02 1.086123287677764893e-02 7.322469726204872131e-03 2.634413307532668114e-03 1.227748114615678787e-02 1.465205382555723190e-02 2.603239379823207855e-02 2.167320251464843750e-02 2.035726606845855713e-02 1.057669054716825485e-02 2.667943481355905533e-03 1.963153854012489319e-02 1.962527073919773102e-02 3.078792989253997803e-02 2.661809325218200684e-03 1.957503706216812134e-02 6.015003193169832230e-03 1.064271852374076843e-02 1.284520141780376434e-02 2.147670462727546692e-02 2.149419113993644714e-02 2.110982546582818031e-03 1.182374916970729828e-02
