8.404443860054016113e-01 6.911285221576690674e-02 3.183761145919561386e-03 1.058522611856460571e-02 8.893229998648166656e-03 5.179331451654434204e-02 2.698954381048679352e-02 2.820134395733475685e-03 1.954833976924419403e-02 3.298521414399147034e-02 5.969851836562156677e-02 4.752995911985635757e-03 4.706651717424392700e-02 1.275499351322650909e-02 1.206843275576829910e-02 1.225296035408973694e-02 4.512078594416379929e-03 2.285891212522983551e-02 3.360369801521301270e-02 8.322468027472496033e-03 1.416332204826176167e-03 8.308903314173221588e-03 3.716195933520793915e-03 2.706200117245316505e-03 1.094615180045366287e-02 1.801352389156818390e-02 7.047676946967840195e-03 1.268607657402753830e-02 1.261056959629058838e-02 1.257157046347856522e-02 1.221158634871244431e-02 2.211811579763889313e-02 7.708340417593717575e-03 2.004101127386093140e-02 1.036747079342603683e-02 1.940133050084114075e-02 1.470328029245138168e-02 1.037430483847856522e-02 9.848188608884811401e-03 4.328241571784019470e-03 3.472714917734265327e-03 2.739336527884006500e-02 3.202644735574722290e-02 2.036290057003498077e-02 1.794552616775035858e-02 1.509834732860326767e-02 2.449452318251132965e-02 2.506573311984539032e-02 2.728318050503730774e-02 3.151547536253929138e-02 2.609446085989475250e-02 2.266440726816654205e-02 1.212878152728080750e-02 5.108265904709696770e-04 2.033706381916999817e-02 2.175726182758808136e-02 1.663167029619216919e-02 1.664253138005733490e-02 8.963518775999546051e-03 1.960330456495285034e-02 2.127232402563095093e-02 2.373196743428707123e-02 5.158791318535804749e-03 7.906192913651466370e-03 3.309470415115356445e-02 3.272933140397071838e-02 1.534717716276645660e-02 1.919587329030036926e-02 4.085917607881128788e-04 1.055179722607135773e-02 8.468414656817913055e-03 5.581683362834155560e-04 1.627857424318790436e-02 1.285145711153745651e-02 3.607431659474968910e-03 1.581902266480028629e-03 3.963287454098463058e-03 1.553805824369192123e-02 3.105485253036022186e-02 2.922452241182327271e-02 3.568166284821927547e-04 4.786900710314512253e-03 2.023576572537422180e-02 2.205682173371315002e-02 1.744063757359981537e-02 2.183453366160392761e-02 7.273897062987089157e-05 3.628171980381011963e-03 3.010389395058155060e-03 1.783463917672634125e-02 2.606466226279735565e-02 1.816255412995815277e-02 3.127279505133628845e-02 1.941031217575073242e-02 1.022794097661972046e-02 1.546148676425218582e-02 1.816253736615180969e-02 1.390748471021652222e-02 1.826454512774944305e-02 3.094720840454101562e-02 7.492972072213888168e-03 2.162118442356586456e-02 1.913261972367763519e-02 3.483440494164824486e-03 3.777420613914728165e-03 1.855270122177898884e-03 1.218454726040363312e-02 1.163165271282196045e-02 8.848457364365458488e-04 1.365929841995239258e-02 2.524182666093111038e-03 9.035272523760795593e-03 1.730995811522006989e-02 2.654019370675086975e-02 6.745172198861837387e-03 1.347571890801191330e-02
6.911285221576690674e-02 8.404443860054016113e-01 4.352273244876414537e-04 7.935339584946632385e-03 8.374138735234737396e-03 4.253566265106201172e-02 3.556103631854057312e-02 1.590518630109727383e-03 2.056423015892505646e-02 2.700474858283996582e-02 4.760487377643585205e-02 8.612371981143951416e-03 5.191037431359291077e-02 3.270773962140083313e-02 1.620681956410408020e-02 6.586794275790452957e-03 2.749169943854212761e-03 2.605335228145122528e-02 3.216580301523208618e-02 1.520034766144817695e-05 5.323792342096567154e-03 1.942564733326435089e-03 1.098637469112873077e-03 3.247704589739441872e-03 1.581878215074539185e-02 1.897323876619338989e-02 8.611893281340599060e-03 6.225718185305595398e-03 4.846115130931138992e-03 1.246609259396791458e-02 3.649187041446566582e-03 2.409418299794197083e-02 1.331154908984899521e-02 2.164475247263908386e-02 1.312906574457883835e-02 1.059399638324975967e-02 1.284310873597860336e-02 1.011097896844148636e-02 8.711835369467735291e-03 4.239790141582489014e-04 1.440934464335441589e-02 2.429674565792083740e-02 2.660846337676048279e-02 2.083946950733661652e-02 1.464166399091482162e-02 3.901305375620722771e-03 2.461039647459983826e-02 3.027918376028537750e-02 3.609307855367660522e-02 2.701146900653839111e-02 2.560464479029178619e-02 1.731127500534057617e-02 1.890198327600955963e-02 7.813747040927410126e-03 2.584788016974925995e-02 1.770824566483497620e-02 1.736894063651561737e-02 4.158201627433300018e-03 1.497267466038465500e-02 2.910212799906730652e-02 2.915317565202713013e-02 2.617193199694156647e-02 2.985409460961818695e-03 6.369524635374546051e-03 3.066807612776756287e-02 3.692945837974548340e-02 1.600149460136890411e-02 2.017303928732872009e-02 9.068575687706470490e-03 1.481168903410434723e-02 1.111988257616758347e-02 4.621966741979122162e-03 6.947960238903760910e-03 9.272480383515357971e-03 9.900977835059165955e-03 6.131044123321771622e-03 1.089476142078638077e-02 1.100937090814113617e-02 3.189826756715774536e-02 2.072190679609775543e-02 1.064700656570494175e-03 3.872492117807269096e-03 2.765190601348876953e-02 2.570612542331218719e-02 2.155367657542228699e-02 1.662222295999526978e-02 3.647792153060436249e-03 1.521846745163202286e-02 1.145636942237615585e-02 1.194350514560937881e-02 3.243520855903625488e-02 9.753254242241382599e-03 3.958801552653312683e-02 1.281267032027244568e-02 1.753671281039714813e-02 1.939922198653221130e-02 3.386560361832380295e-03 1.424813736230134964e-02 1.763535849750041962e-02 2.883750759065151215e-02 1.069356407970190048e-02 2.373424917459487915e-02 1.032666582614183426e-02 9.123721974901854992e-04 4.968721885234117508e-03 7.480645552277565002e-03 1.878511160612106323e-02 1.843488775193691254e-02 6.864183116704225540e-03 1.053426135331392288e-02 5.830227746628224850e-04 2.144486177712678909e-03 6.656590849161148071e-03 2.547646313905715942e-02 2.220645081251859665e-03 5.816523451358079910e-03
3.183761145919561386e-03 4.352273244876414537e-04 8.404443860054016113e-01 1.142051815986633301e-02 1.323410868644714355e-02 3.653428982943296432e-03 6.314356811344623566e-03 5.563142895698547363e-02 1.057766657322645187e-02 1.377944368869066238e-03 1.654188148677349091e-02 1.552431751042604446e-02 1.650339923799037933e-02 1.359775103628635406e-02 1.062372513115406036e-02 1.127425767481327057e-02 7.136555388569831848e-03 1.823215372860431671e-02 9.925382211804389954e-03 2.357525937259197235e-02 6.880453787744045258e-03 2.000765874981880188e-02 2.346977777779102325e-02 6.689354311674833298e-03 2.013455517590045929e-02 1.236835587769746780e-02 2.295780368149280548e-02 8.785962127149105072e-03 1.952469721436500549e-02 1.142994780093431473e-02 2.526597306132316589e-02 3.356982488185167313e-04 7.332974113523960114e-03 7.304144091904163361e-03 3.499819198623299599e-03 1.626821979880332947e-02 2.625721506774425507e-03 2.132622059434652328e-03 6.011907942593097687e-03 1.876318268477916718e-02 1.127822604030370712e-02 1.630084961652755737e-02 1.135555282235145569e-02 3.383842483162879944e-02 2.405107766389846802e-02 3.078512661159038544e-02 1.916913501918315887e-02 1.176162529736757278e-02 2.299894578754901886e-02 1.054072100669145584e-02 9.780000895261764526e-03 5.948739126324653625e-03 2.798666991293430328e-02 6.158428732305765152e-03 1.748922094702720642e-02 7.118712645024061203e-03 3.015852300450205803e-03 2.541346941143274307e-03 2.401991374790668488e-02 1.685491763055324554e-02 9.867699816823005676e-03 4.298496525734663010e-03 5.812014918774366379e-03 6.915412377566099167e-03 2.177594788372516632e-02 1.958868466317653656e-02 6.391248665750026703e-03 1.016885973513126373e-03 4.555138293653726578e-03 5.702974740415811539e-03 2.858384279534220695e-03 9.032505564391613007e-03 1.417033467441797256e-02 6.634154357016086578e-03 9.678462520241737366e-03 6.154081784188747406e-03 1.305799745023250580e-02 1.033298950642347336e-02 2.555967494845390320e-02 4.604304209351539612e-03 7.294380664825439453e-02 3.927836194634437561e-02 1.601368002593517303e-02 1.742092147469520569e-02 9.133615531027317047e-03 1.689272373914718628e-02 3.615427762269973755e-02 2.383232116699218750e-02 1.709311828017234802e-02 1.457248721271753311e-02 7.234399206936359406e-03 3.298540413379669189e-02 1.112257782369852066e-02 1.153827179223299026e-02 2.810890413820743561e-02 5.325264297425746918e-03 3.722979919984936714e-03 1.670271158218383789e-02 2.065353281795978546e-02 1.429027784615755081e-02 9.307085536420345306e-03 1.919760555028915405e-02 3.058345988392829895e-03 1.000330434180796146e-03 1.355649065226316452e-02 5.689540877938270569e-03 2.303676214069128036e-03 1.413908507674932480e-02 1.449511479586362839e-02 1.827041245996952057e-02 1.135397423058748245e-02 1.364889787510037422e-03 4.438812844455242157e-03 1.920869946479797363e-02 1.652302965521812439e-02 1.033210381865501404e-02
1.058522611856460571e-02 7.935339584946632385e-03 1.142051815986633301e-02 8.404443860054016113e-01 5.677596852183341980e-02 7.126266136765480042e-03 2.301483601331710815e-02 2.003708481788635254e-02 2.028263360261917114e-02 1.147146057337522507e-02 9.417114779353141785e-03 3.482206165790557861e-02 5.403239745646715164e-03 2.447215653955936432e-02 1.359648257493972778e-02 1.445529051125049591e-02 2.696959301829338074e-03 1.868324354290962219e-02 2.554749080445617437e-04 1.005925424396991730e-02 5.581170320510864258e-03 1.136021036654710770e-02 1.673530042171478271e-02 1.538187824189662933e-02 1.971636526286602020e-02 2.038313448429107666e-02 5.099317524582147598e-03 3.159423545002937317e-02 3.480715211480855942e-03 3.186459094285964966e-02 8.893448859453201294e-03 5.925029050558805466e-03 3.559555485844612122e-02 1.208280026912689209e-02 2.603352628648281097e-02 1.443645171821117401e-02 1.483597140759229660e-02 3.185454290360212326e-03 2.375180833041667938e-02 1.312497910112142563e-02 2.528043929487466812e-03 1.434380561113357544e-02 1.950353733263909817e-03 1.764694601297378540e-02 9.548394940793514252e-03 3.752818098291754723e-03 2.028192393481731415e-02 1.528094988316297531e-02 7.816357538104057312e-03 1.286667492240667343e-02 1.357558649033308029e-02 2.723816432990133762e-04 9.494628757238388062e-03 2.146067470312118530e-02 1.760446280241012573e-02 2.239032415673136711e-03 3.512841090559959412e-02 2.609454840421676636e-02 1.926507102325558662e-03 1.298664323985576630e-02 3.028131276369094849e-02 1.592243276536464691e-02 4.716269299387931824e-02 4.237981140613555908e-02 1.067120209336280823e-02 1.924658752977848053e-02 2.263909904286265373e-03 3.001993056386709213e-03 3.559653833508491516e-02 1.330721098929643631e-02 2.547446824610233307e-02 3.007843345403671265e-02 5.762366577982902527e-02 1.340700685977935791e-02 3.277724608778953552e-02 3.118830174207687378e-02 3.927427530288696289e-02 1.696236245334148407e-02 3.431083634495735168e-03 2.139746211469173431e-02 1.757699809968471527e-02 1.185547932982444763e-02 2.864860184490680695e-02 2.334741316735744476e-02 2.004887722432613373e-02 4.309747368097305298e-03 8.369158953428268433e-03 7.457208354026079178e-03 3.327303752303123474e-02 1.055440958589315414e-02 7.933753542602062225e-03 6.039356812834739685e-04 6.657327525317668915e-03 1.998600736260414124e-02 2.499911375343799591e-02 1.819065888412296772e-03 1.574290357530117035e-02 1.310488861054182053e-02 1.982875354588031769e-02 5.574070382863283157e-04 2.236782759428024292e-02 4.670543130487203598e-03 5.011071451008319855e-03 6.952160038053989410e-03 9.316960349678993225e-03 4.083383828401565552e-03 1.635590568184852600e-03 2.879087068140506744e-02 1.771866902709007263e-02 1.470677834004163742e-02 2.145921252667903900e-02 2.143256366252899170e-02 1.930957892909646034e-03 9.736527688801288605e-03 6.656374316662549973e-03 1.733555272221565247e-02
8.893229998648166656e-03 8.374138735234737396e-03 1.323410868644714355e-02 5.677596852183341980e-02 8.404443860054016113e-01 1.995228603482246399e-02 2.962531335651874542e-02 5.596233531832695007e-03 2.668265067040920258e-02 1.023213751614093781e-02 1.104913093149662018e-02 2.445452287793159485e-02 1.177896559238433838e-02 2.217212691903114319e-02 1.597242057323455811e-02 2.329451404511928558e-02 2.204353362321853638e-02 3.561135381460189819e-02 2.199669182300567627e-02 6.879725493490695953e-03 1.576196984387934208e-03 1.274545304477214813e-02 1.922180503606796265e-02 7.914002053439617157e-03 1.951929181814193726e-02 1.821153797209262848e-02 3.208017209544777870e-03 1.845338381826877594e-02 3.741044783964753151e-04 1.739359274506568909e-02 8.205188438296318054e-03 1.243469864130020142e-02 2.874015644192695618e-02 3.554675495252013206e-03 2.813501469790935516e-02 8.507769554853439331e-03 2.425445243716239929e-02 1.122570596635341644e-02 2.149246074259281158e-02 2.883469872176647186e-02 1.028943620622158051e-02 8.701646700501441956e-03 4.536438733339309692e-03 1.056144107133150101e-02 6.600309163331985474e-03 1.598764327354729176e-03 3.325387090444564819e-02 2.914612181484699249e-02 1.295581832528114319e-02 2.489988459274172783e-03 3.594983834773302078e-03 8.656536228954792023e-03 1.530617382377386093e-02 2.214383892714977264e-02 2.255260944366455078e-02 1.348329149186611176e-02 2.753273956477642059e-02 3.202642872929573059e-02 7.928689941763877869e-03 1.744879595935344696e-02 2.452674135565757751e-02 3.134421631693840027e-02 3.318563848733901978e-02 2.858038805425167084e-02 1.207791827619075775e-02 1.738999411463737488e-02 4.488304723054170609e-03 2.462512347847223282e-03 3.353421017527580261e-02 1.945093274116516113e-02 3.843589872121810913e-02 1.889578066766262054e-02 4.772095382213592529e-02 1.998859457671642303e-02 4.562284424901008606e-02 1.642834953963756561e-02 3.639762848615646362e-02 3.007372841238975525e-02 6.975689320825040340e-04 3.880310105159878731e-03 6.767559796571731567e-03 7.934767752885818481e-03 3.384531289339065552e-02 3.649950027465820312e-02 1.977341808378696442e-02 9.801606647670269012e-03 2.202136442065238953e-03 1.353029534220695496e-02 2.319796942174434662e-02 2.128224447369575500e-02 1.325560361146926880e-02 6.267193704843521118e-03 1.167561486363410950e-02 1.187473535537719727e-02 2.845316752791404724e-02 1.332574430853128433e-02 2.922583837062120438e-03 1.481592934578657150e-02 2.373038418591022491e-02 9.076209738850593567e-03 3.044701367616653442e-02 1.033314410597085953e-02 9.183853864669799805e-03 8.511321619153022766e-03 1.229460537433624268e-02 1.598556526005268097e-02 8.434906485490500927e-04 2.009153738617897034e-02 9.798288345336914062e-03 1.779260672628879547e-02 2.108294144272804260e-02 1.488510146737098694e-02 5.495893768966197968e-03 1.426137750968337059e-03 6.916809361428022385e-03 1.147328317165374756e-02
5.179331451654434204e-02 4.253566265106201172e-02 3.653428982943296432e-03 7.126266136765480042e-03 1.995228603482246399e-02 8.404443860054016113e-01 4.968132078647613525e-02 4.929400980472564697e-03 1.839916035532951355e-02 3.170837089419364929e-02 4.555623233318328857e-02 5.628961138427257538e-03 3.467999771237373352e-02 8.269685320556163788e-03 1.945641939528286457e-03 6.234827451407909393e-04 7.602841127663850784e-03 2.213246934115886688e-02 3.576307371258735657e-02 1.535272109322249889e-03 9.889464825391769409e-03 5.285940715111792088e-04 1.098145730793476105e-02 5.159832653589546680e-04 2.235367894172668457e-02 2.857287228107452393e-02 2.522717928513884544e-03 1.119924057275056839e-02 2.058006124570965767e-03 1.502229832112789154e-02 5.954538471996784210e-03 3.096755594015121460e-02 2.401700988411903381e-02 3.157427906990051270e-02 3.021937608718872070e-02 2.227850072085857391e-02 1.737364567816257477e-02 4.929973743855953217e-03 1.910542510449886322e-02 1.445996575057506561e-02 2.047224203124642372e-03 1.661418937146663666e-02 1.554669346660375595e-02 5.082628689706325531e-03 2.281251922249794006e-02 2.774859406054019928e-02 4.736319184303283691e-02 3.618297353386878967e-02 3.415908664464950562e-02 3.898130729794502258e-02 2.596328500658273697e-03 1.945540308952331543e-03 1.228077919222414494e-03 1.527661457657814026e-02 3.467566892504692078e-02 3.451086953282356262e-02 2.395136840641498566e-02 2.666231058537960052e-02 1.144762337207794189e-02 7.498634979128837585e-03 2.906046621501445770e-02 4.499122127890586853e-02 7.430555764585733414e-03 7.151497993618249893e-03 7.194474339485168457e-03 6.115032825618982315e-03 1.513647846877574921e-02 1.827527582645416260e-02 7.476059719920158386e-03 2.357830107212066650e-02 1.826225221157073975e-02 5.645828321576118469e-03 2.542371395975351334e-03 2.229657396674156189e-02 7.339622825384140015e-03 2.605154179036617279e-03 1.041694730520248413e-02 1.694121956825256348e-02 2.800798229873180389e-02 2.978041954338550568e-02 9.415266686119139194e-04 2.728330437093973160e-03 1.656099222600460052e-02 2.460286952555179596e-02 2.508503943681716919e-02 3.100684657692909241e-02 1.893834909424185753e-03 3.466893918812274933e-03 7.951539941132068634e-03 2.473288215696811676e-02 2.136136777698993683e-02 2.170893130823969841e-03 2.030132152140140533e-02 6.558172870427370071e-03 2.414456382393836975e-02 2.868923172354698181e-02 1.531143672764301300e-02 2.152572944760322571e-02 2.155370265245437622e-02 1.922712102532386780e-02 2.093651518225669861e-02 3.181295096874237061e-02 1.774107571691274643e-03 3.609294304624199867e-03 2.648419328033924103e-02 1.647028140723705292e-02 1.975769363343715668e-02 3.204135969281196594e-02 1.967955939471721649e-02 3.222514316439628601e-02 1.091767754405736923e-02 6.273118313401937485e-03 7.327874191105365753e-03 4.684792365878820419e-03 7.618495728820562363e-03 3.119737142696976662e-03
2.698954381048679352e-02 3.556103631854057312e-02 6.314356811344623566e-03 2.301483601331710815e-02 2.962531335651874542e-02 4.968132078647613525e-02 8.404443860054016113e-01 4.282424633856862783e-04 2.167352661490440369e-02 1.418033707886934280e-02 3.784627839922904968e-02 1.655745320022106171e-02 3.816862404346466064e-02 2.524922310840338469e-04 1.270111836493015289e-02 3.471035277470946312e-03 9.132585488259792328e-03 1.737389527261257172e-02 1.968988776206970215e-02 5.429080338217318058e-04 1.076007247320376337e-04 1.284285727888345718e-02 1.237308885902166367e-02 1.452530082315206528e-02 1.556792017072439194e-02 2.298771962523460388e-02 4.726690531242638826e-04 1.975037716329097748e-02 8.899898268282413483e-03 1.551803387701511383e-02 7.876532152295112610e-03 1.710230484604835510e-02 2.870726399123668671e-02 9.652626700699329376e-03 2.605670318007469177e-02 8.885548450052738190e-03 2.164473058655858040e-03 3.608351806178689003e-03 1.262363977730274200e-02 2.020103624090552330e-03 3.824092447757720947e-03 1.862749829888343811e-02 1.363733690232038498e-02 3.904929850250482559e-03 5.040711723268032074e-03 3.723519155755639076e-03 6.001911312341690063e-02 5.164802446961402893e-02 3.029071912169456482e-02 1.633153110742568970e-02 1.410481706261634827e-02 7.756451144814491272e-03 6.639434490352869034e-03 4.867120645940303802e-03 3.786957636475563049e-02 1.840205118060112000e-02 3.563565388321876526e-02 2.880450338125228882e-02 1.994593767449259758e-03 1.929972204379737377e-03 4.025719314813613892e-02 3.807978704571723938e-02 1.969533972442150116e-02 1.961969770491123199e-02 1.330819725990295410e-02 7.949328050017356873e-03 2.494027139618992805e-03 8.647806011140346527e-03 3.001170046627521515e-02 2.779173478484153748e-02 3.023767098784446716e-02 2.175014466047286987e-02 2.189234644174575806e-02 2.457794919610023499e-02 1.544488873332738876e-02 2.011580020189285278e-02 3.096695244312286377e-02 2.469141967594623566e-02 1.333232782781124115e-02 2.914852229878306389e-03 4.516644403338432312e-04 5.570407025516033173e-03 2.143811248242855072e-02 3.016928210854530334e-02 2.862671390175819397e-02 1.558231841772794724e-02 3.472247160971164703e-03 3.088259138166904449e-03 3.455418348312377930e-02 2.648252248764038086e-02 3.966062143445014954e-02 3.687461721710860729e-04 3.603844344615936279e-02 5.825659609399735928e-04 3.179858252406120300e-02 2.468486502766609192e-02 7.541866973042488098e-03 2.104642800986766815e-02 2.937966398894786835e-02 1.867526583373546600e-02 2.089535072445869446e-02 2.097474597394466400e-02 1.015531457960605621e-02 2.511186758056282997e-03 1.138011924922466278e-02 7.832112605683505535e-04 1.492592599242925644e-02 3.242182731628417969e-02 2.090647583827376366e-03 2.504381909966468811e-02 1.444507949054241180e-02 3.079605521634221077e-03 9.553616866469383240e-03 8.034150116145610809e-03 1.608323492109775543e-02 4.379971418529748917e-03
2.820134395733475685e-03 1.590518630109727383e-03 5.563142895698547363e-02 2.003708481788635254e-02 5.596233531832695007e-03 4.929400980472564697e-03 4.282424633856862783e-04 8.404443860054016113e-01 2.234749030321836472e-03 6.061714608222246170e-03 1.265646424144506454e-02 1.863489975221455097e-03 1.914308220148086548e-02 3.541171783581376076e-03 5.506640300154685974e-02 4.287324845790863037e-03 8.643577457405626774e-04 1.090505626052618027e-02 9.427189826965332031e-03 1.515371911227703094e-02 1.137509010732173920e-02 4.318241775035858154e-02 1.226521097123622894e-02 1.315003167837858200e-02 4.409363493323326111e-03 1.904366654343903065e-04 2.654776163399219513e-02 1.609799452126026154e-02 2.029432170093059540e-02 1.303697004914283752e-02 1.314443815499544144e-02 1.178568461909890175e-03 1.848164759576320648e-02 3.956668544560670853e-03 2.425348153337836266e-03 2.007809467613697052e-03 3.978073596954345703e-03 2.800256386399269104e-02 2.559536136686801910e-03 4.474844317883253098e-03 2.090604417026042938e-02 5.838868208229541779e-03 8.469210006296634674e-03 2.139914780855178833e-02 6.838560802862048149e-04 4.608347080647945404e-03 1.864328747615218163e-03 1.165631134063005447e-02 1.340905670076608658e-02 1.258563436567783356e-02 1.578663126565515995e-03 2.304813824594020844e-03 5.026001110672950745e-02 1.809616014361381531e-02 3.390450263395905495e-03 5.500748520717024803e-04 6.469671614468097687e-03 8.335477672517299652e-03 3.931667283177375793e-02 2.745141834020614624e-02 6.167926359921693802e-03 6.137006916105747223e-03 4.994702059775590897e-03 7.989953272044658661e-03 2.648684941232204437e-02 2.605838328599929810e-02 1.163451839238405228e-02 1.540236547589302063e-02 1.447376678697764874e-03 1.569867320358753204e-02 5.238135810941457748e-03 1.423321664333343506e-03 6.674982607364654541e-03 1.428854744881391525e-02 1.084331236779689789e-02 2.187947742640972137e-03 3.283689031377434731e-03 7.760815205983817577e-04 7.918878458440303802e-03 9.527300484478473663e-03 1.000432744622230530e-01 6.883943825960159302e-02 1.184255257248878479e-02 5.937251262366771698e-03 4.661737475544214249e-03 1.197229698300361633e-02 8.705702424049377441e-02 5.288988724350929260e-02 4.845522809773683548e-03 3.292432520538568497e-03 1.000408269464969635e-02 3.868490085005760193e-02 1.529365591704845428e-02 1.475120801478624344e-02 2.783412346616387367e-03 4.511594772338867188e-03 9.504289366304874420e-03 6.518332753330469131e-03 8.190560154616832733e-03 9.834774769842624664e-03 2.255812520161271095e-03 2.608212409541010857e-03 9.198977611958980560e-03 1.403034292161464691e-02 1.101105008274316788e-02 2.308808639645576477e-02 1.281915977597236633e-02 1.694520469754934311e-04 1.706510037183761597e-02 7.190747186541557312e-03 1.989471912384033203e-02 8.279833942651748657e-03 6.040961481630802155e-03 1.261198986321687698e-02 1.587983453646302223e-03 2.342448011040687561e-02
1.954833976924419403e-02 2.056423015892505646e-02 1.057766657322645187e-02 2.028263360261917114e-02 2.668265067040920258e-02 1.839916035532951355e-02 2.167352661490440369e-02 2.234749030321836472e-03 8.404443860054016113e-01 3.180932626128196716e-02 2.356063947081565857e-02 3.284823149442672729e-02 2.424225211143493652e-02 2.271561324596405029e-02 1.241837907582521439e-02 2.030461654067039490e-02 1.494001038372516632e-02 4.159888252615928650e-02 2.486817166209220886e-02 4.996569361537694931e-03 1.081105414777994156e-02 1.185493543744087219e-02 2.366038039326667786e-02 1.318271085619926453e-02 2.039900980889797211e-02 2.397591806948184967e-02 1.568805053830146790e-02 1.202033553272485733e-02 6.407714448869228363e-03 8.697626180946826935e-03 5.502371932379901409e-04 2.761458232998847961e-02 3.343869373202323914e-02 1.388668920844793320e-02 2.357684075832366943e-02 1.161181135103106499e-03 8.842055685818195343e-03 2.098845504224300385e-02 1.970703527331352234e-02 2.159261703491210938e-02 1.999324746429920197e-02 3.186529874801635742e-02 1.776431128382682800e-02 8.020400069653987885e-03 2.696016058325767517e-02 1.724986918270587921e-02 1.944684796035289764e-02 1.909510418772697449e-02 2.863865904510021210e-02 1.894444413483142853e-02 1.581991836428642273e-02 5.868087988346815109e-03 1.652645529247820377e-03 5.748839117586612701e-03 3.755231201648712158e-02 1.819995418190956116e-02 3.707093745470046997e-02 3.287525475025177002e-02 8.820074726827442646e-04 9.004863910377025604e-03 3.346245363354682922e-02 1.964497938752174377e-02 1.457147113978862762e-02 2.028786204755306244e-02 1.412705401889979839e-03 9.198979823850095272e-04 1.548381336033344269e-02 9.752380661666393280e-03 2.650981955230236053e-02 2.433525584638118744e-02 2.793585322797298431e-02 2.473734132945537567e-02 2.273542806506156921e-02 2.054217830300331116e-02 2.999969385564327240e-02 2.021544612944126129e-02 4.258658364415168762e-02 4.090298712253570557e-02 3.379788249731063843e-02 1.268862979486584663e-03 9.671257808804512024e-03 1.162917260080575943e-02 3.986154496669769287e-02 2.979715727269649506e-02 2.762943878769874573e-02 2.339407987892627716e-02 4.635374061763286591e-03 1.335532288067042828e-03 2.580212242901325226e-02 2.667556144297122955e-02 8.831749670207500458e-03 7.045936770737171173e-03 9.384986013174057007e-03 1.225648913532495499e-02 2.708707936108112335e-02 2.024707756936550140e-02 2.828019205480813980e-03 2.704802155494689941e-02 3.452616930007934570e-02 2.750411257147789001e-02 2.246025390923023224e-02 1.515450328588485718e-02 2.669638954102993011e-03 2.096172794699668884e-02 6.986841559410095215e-03 1.180864754132926464e-03 1.312750158831477165e-03 2.364761754870414734e-02 4.099011421203613281e-03 2.894197031855583191e-02 5.753793753683567047e-03 1.683187671005725861e-02 6.501820404082536697e-03 1.677743345499038696e-02 6.975611206144094467e-03 1.374206319451332092e-02
3.298521414399147034e-02 2.700474858283996582e-02 1.377944368869066238e-03 1.147146057337522507e-02 1.023213751614093781e-02 3.170837089419364929e-02 1.418033707886934280e-02 6.061714608222246170e-03 3.180932626128196716e-02 8.404443860054016113e-01 2.559965848922729492e-02 9.361949749290943146e-03 2.861997671425342560e-02 4.851758945733308792e-03 8.308648131787776947e-03 2.654982544481754303e-02 3.954067453742027283e-02 3.288400173187255859e-02 5.699183791875839233e-02 9.352209046483039856e-03 7.575992029160261154e-03 2.053057542070746422e-03 1.112193521112203598e-02 3.627467900514602661e-02 2.637021243572235107e-02 2.968106418848037720e-02 7.635632995516061783e-03 2.340944856405258179e-02 1.225182437337934971e-03 1.907193474471569061e-02 6.415885407477617264e-03 3.203137964010238647e-02 8.473317138850688934e-03 4.479091614484786987e-02 1.931386254727840424e-02 2.563264593482017517e-02 8.502976037561893463e-03 2.596696838736534119e-03 7.161682937294244766e-03 9.057649411261081696e-03 3.591909306123852730e-03 8.411996066570281982e-03 2.044575102627277374e-02 8.117602206766605377e-03 8.917804807424545288e-03 2.701149135828018188e-02 1.699375733733177185e-02 1.994047686457633972e-02 2.329623699188232422e-02 4.859586805105209351e-02 7.136601023375988007e-03 1.089652534574270248e-02 1.164914388209581375e-02 1.450462266802787781e-02 1.529221143573522568e-02 4.746405035257339478e-02 1.201062556356191635e-02 2.480420656502246857e-02 3.600350813940167427e-03 8.389716036617755890e-03 6.841938942670822144e-03 3.600472584366798401e-02 8.445573039352893829e-03 8.753462694585323334e-03 5.527795292437076569e-03 1.104630623012781143e-02 2.760995365679264069e-02 2.359213680028915405e-02 9.412209503352642059e-03 1.976272091269493103e-02 3.290449827909469604e-02 1.444408018141984940e-02 1.191881205886602402e-02 1.622878946363925934e-02 3.113696910440921783e-02 2.151896245777606964e-02 2.635768847540020943e-03 3.818025067448616028e-02 3.178562223911285400e-02 4.955507814884185791e-02 1.377256400883197784e-02 1.649251021444797516e-02 2.264860644936561584e-02 3.208523616194725037e-02 1.971247419714927673e-02 3.046078793704509735e-02 3.719281870871782303e-03 1.625174842774868011e-02 7.794117555022239685e-03 4.002602398395538330e-02 9.777400642633438110e-03 2.606986323371529579e-03 1.302669569849967957e-02 1.685048639774322510e-02 2.038336358964443207e-03 2.139676362276077271e-02 1.314474083483219147e-02 3.228596877306699753e-03 1.396217010915279388e-02 2.480431273579597473e-02 1.838630437850952148e-02 3.641229122877120972e-02 8.450279943645000458e-03 3.491256153210997581e-03 1.106320042163133621e-02 1.782641280442476273e-03 1.106900908052921295e-02 6.842833478003740311e-03 3.596534207463264465e-02 1.816220581531524658e-02 4.483172670006752014e-03 1.919013075530529022e-02 4.293699748814105988e-03 2.227712189778685570e-03 1.244138181209564209e-02 1.267363131046295166e-02
5.969851836562156677e-02 4.760487377643585205e-02 1.654188148677349091e-02 9.417114779353141785e-03 1.104913093149662018e-02 4.555623233318328857e-02 3.784627839922904968e-02 1.265646424144506454e-02 2.356063947081565857e-02 2.559965848922729492e-02 8.404443860054016113e-01 1.240507885813713074e-02 5.653176084160804749e-02 1.201529055833816528e-02 1.171458326280117035e-02 1.281375437974929810e-02 6.210537161678075790e-03 2.366032637655735016e-02 2.657037228345870972e-02 1.126063428819179535e-02 4.769414197653532028e-03 2.306672185659408569e-02 7.877162657678127289e-03 6.927555892616510391e-03 5.035741720348596573e-03 1.361473277211189270e-02 1.150335278362035751e-02 2.102282829582691193e-03 3.302094712853431702e-02 3.490973031148314476e-03 2.996899932622909546e-02 1.690177060663700104e-02 1.278387103229761124e-02 9.245599620044231415e-03 1.510527078062295914e-02 1.927695237100124359e-02 2.108459360897541046e-02 2.439854899421334267e-03 5.551378242671489716e-03 5.705979187041521072e-03 1.034907414577901363e-03 2.909024432301521301e-02 2.759592235088348389e-02 3.246021457016468048e-03 1.419106405228376389e-02 1.416236534714698792e-02 4.627174884080886841e-02 4.340321198105812073e-02 3.274258226156234741e-02 2.675183862447738647e-02 1.981046795845031738e-02 8.470433764159679413e-03 1.455222908407449722e-02 8.105675806291401386e-04 2.440525591373443604e-02 1.554202381521463394e-02 2.604697830975055695e-02 2.818089537322521210e-02 4.152048844844102859e-03 9.356076829135417938e-03 2.243168465793132782e-02 2.266688086092472076e-02 4.315848462283611298e-03 5.426391493529081345e-03 3.617873042821884155e-02 2.936460822820663452e-02 1.111614331603050232e-02 1.891011185944080353e-02 8.364364504814147949e-03 3.313652239739894867e-03 1.606448180973529816e-02 3.578879870474338531e-03 3.968054428696632385e-03 1.015334669500589371e-02 1.148393936455249786e-02 7.307555992156267166e-03 1.770385354757308960e-02 2.540314383804798126e-02 2.783646807074546814e-02 1.936234906315803528e-02 9.103121235966682434e-03 3.701149020344018936e-03 2.145417965948581696e-02 2.673105709254741669e-02 2.662376873195171356e-02 2.503732033073902130e-02 1.427613571286201477e-02 6.895881146192550659e-03 1.914429664611816406e-02 3.278611972928047180e-02 3.719098493456840515e-02 3.028360940515995026e-02 3.743882477283477783e-02 2.205688133835792542e-02 1.755909435451030731e-02 1.323702093213796616e-02 2.784442622214555740e-03 1.529925409704446793e-02 2.544689364731311798e-02 2.840035222470760345e-02 5.996877793222665787e-03 1.753168180584907532e-02 1.809175009839236736e-03 7.380929775536060333e-03 3.626613644883036613e-03 3.267553402110934258e-03 2.657948294654488564e-03 1.862006261944770813e-02 8.181921206414699554e-03 2.086080610752105713e-02 1.228041015565395355e-02 1.628251164220273495e-03 6.068970542401075363e-03 2.325702644884586334e-02 3.644160169642418623e-04 1.698316819965839386e-02
4.752995911985635757e-03 8.612371981143951416e-03 1.552431751042604446e-02 3.482206165790557861e-02 2.445452287793159485e-02 5.628961138427257538e-03 1.655745320022106171e-02 1.863489975221455097e-03 3.284823149442672729e-02 9.361949749290943146e-03 1.240507885813713074e-02 8.404443860054016113e-01 7.695138454437255859e-03 6.431391090154647827e-02 2.252062968909740448e-02 3.616461995989084244e-03 5.439702887088060379e-03 9.554749354720115662e-03 1.042562257498502731e-02 2.422479167580604553e-02 3.474967554211616516e-02 6.628033239394426346e-03 3.359311074018478394e-02 7.024716469459235668e-04 2.044232242042198777e-04 9.182915091514587402e-03 1.247105188667774200e-02 4.807128012180328369e-02 1.351450849324464798e-02 4.971177130937576294e-02 1.283765886910259724e-03 1.753176096826791763e-03 2.347822673618793488e-02 2.629313617944717407e-02 1.110570039600133896e-02 1.116545870900154114e-02 1.167376991361379623e-02 1.628454960882663727e-02 3.030009334906935692e-03 2.465394500177353621e-04 4.338903352618217468e-03 2.988788671791553497e-02 4.882746376097202301e-03 1.997718773782253265e-02 2.612886019051074982e-02 9.802020154893398285e-03 1.754511147737503052e-02 8.524473756551742554e-03 6.457294803112745285e-03 2.312049269676208496e-02 2.898381464183330536e-02 2.131238766014575958e-02 9.450508514419198036e-04 4.328738432377576828e-03 1.629047095775604248e-02 1.594272442162036896e-02 3.668463975191116333e-02 3.776353970170021057e-02 6.864044698886573315e-04 4.767111386172473431e-04 2.752133272588253021e-02 1.358672394417226315e-03 2.547395974397659302e-02 3.735414519906044006e-02 8.201294578611850739e-03 1.370547991245985031e-02 6.214472465217113495e-03 2.185296267271041870e-02 3.199857100844383240e-02 1.517135743051767349e-02 2.388706989586353302e-02 3.305450454354286194e-02 4.133804887533187866e-02 2.027845010161399841e-02 2.193897403776645660e-02 3.598329797387123108e-02 4.360344633460044861e-02 3.380659222602844238e-02 2.203343622386455536e-02 2.680604159832000732e-02 1.048820372670888901e-02 8.608078584074974060e-03 2.124044671654701233e-02 2.144954539835453033e-02 1.677148416638374329e-02 6.883614696562290192e-04 5.617167335003614426e-03 1.317495200783014297e-02 4.209533333778381348e-02 2.687654271721839905e-02 5.127667463966645300e-06 5.370610742829740047e-04 1.794143463484942913e-03 1.557749882340431213e-02 1.691658608615398407e-02 7.579418364912271500e-03 1.016338169574737549e-02 2.352598868310451508e-02 2.451999671757221222e-02 1.333030592650175095e-02 4.956386983394622803e-03 2.150888927280902863e-02 5.564554594457149506e-03 2.079172991216182709e-02 1.279823575168848038e-02 1.660099066793918610e-02 1.410889718681573868e-02 2.303496003150939941e-02 2.991583757102489471e-02 2.499089390039443970e-02 6.620613858103752136e-03 3.223934397101402283e-02 1.722713001072406769e-02 2.008180692791938782e-02 4.052187781780958176e-03 1.379222143441438675e-02
4.706651717424392700e-02 5.191037431359291077e-02 1.650339923799037933e-02 5.403239745646715164e-03 1.177896559238433838e-02 3.467999771237373352e-02 3.816862404346466064e-02 1.914308220148086548e-02 2.424225211143493652e-02 2.861997671425342560e-02 5.653176084160804749e-02 7.695138454437255859e-03 8.404443860054016113e-01 2.342239022254943848e-04 2.057850547134876251e-02 2.419254276901483536e-03 1.042930874973535538e-02 2.526061236858367920e-02 3.099729120731353760e-02 2.424474805593490601e-03 1.248278422281146049e-03 1.905772835016250610e-02 1.321496255695819855e-02 3.383863950148224831e-03 1.060570869594812393e-02 1.424289401620626450e-02 1.124026440083980560e-02 2.084727864712476730e-03 4.101663455367088318e-02 2.941703889518976212e-03 4.152772948145866394e-02 1.949496194720268250e-02 9.766767732799053192e-03 1.691249012947082520e-02 1.357014663517475128e-02 2.065506530925631523e-03 5.683213239535689354e-04 2.541778841987252235e-03 2.115057548508048058e-03 1.359463320113718510e-03 6.875254679471254349e-03 2.046985551714897156e-02 2.355927042663097382e-02 8.713167160749435425e-03 1.110684825107455254e-03 4.034397134091705084e-04 4.254456609487533569e-02 5.298275873064994812e-02 3.095107898116111755e-02 2.644541487097740173e-02 1.588582992553710938e-02 3.622822929173707962e-03 2.667347714304924011e-02 1.672232523560523987e-02 2.288361266255378723e-02 1.057410053908824921e-02 2.324409410357475281e-02 1.588329300284385681e-02 1.589371450245380402e-02 2.502683922648429871e-02 2.243490889668464661e-02 2.526976168155670166e-02 2.748734783381223679e-03 2.328341128304600716e-03 4.421088472008705139e-02 4.669129103422164917e-02 6.105190142989158630e-03 2.031186036765575409e-02 1.641016639769077301e-02 3.619087859988212585e-03 2.074251323938369751e-02 4.318477876950055361e-04 4.662246443331241608e-03 1.970655051991343498e-03 2.236170507967472076e-02 1.366363954730331898e-03 1.818999648094177246e-02 2.551408484578132629e-02 2.226347289979457855e-02 1.898649334907531738e-02 1.375969685614109039e-02 1.680900901556015015e-02 2.656140364706516266e-02 2.973516285419464111e-02 2.358507178723812103e-02 1.822808757424354553e-02 1.930329017341136932e-02 2.262678556144237518e-02 1.717939972877502441e-02 2.668753825128078461e-02 5.007022246718406677e-02 3.017712011933326721e-02 5.127015337347984314e-02 2.807985246181488037e-02 1.819091476500034332e-02 1.838303916156291962e-02 6.402650382369756699e-03 8.391492068767547607e-03 2.469354309141635895e-02 3.118895553052425385e-02 9.802723303437232971e-03 1.979809068143367767e-02 2.015637233853340149e-03 9.163003414869308472e-03 5.665216594934463501e-03 1.477791927754878998e-02 3.162042470648884773e-03 9.232055395841598511e-03 8.216667629312723875e-05 1.082090381532907486e-02 1.247896440327167511e-02 6.280327215790748596e-03 1.411668956279754639e-03 2.006325870752334595e-02 3.796138567849993706e-03 6.010237149894237518e-03
