8.362810015678405762e-01 7.388980686664581299e-02 1.762176491320133209e-02 1.889933715574443340e-03 6.316853221505880356e-03 8.307249844074249268e-02 5.702963098883628845e-02 1.980634406208992004e-03 2.061060816049575806e-02 9.137460961937904358e-03 8.145897835493087769e-02 1.066479086875915527e-02 5.766618624329566956e-02 2.015708573162555695e-02 4.800582770258188248e-03 1.191478408873081207e-02 1.823952794075012207e-02 5.055209156125783920e-03 1.470157504081726074e-02 3.201178275048732758e-03 7.053883280605077744e-03 2.461148612201213837e-02 1.338954828679561615e-02 8.824444375932216644e-03 1.074484549462795258e-02 4.252216313034296036e-03 2.961257100105285645e-02 4.310402087867259979e-03 7.846941240131855011e-03 1.960570551455020905e-02 9.633980691432952881e-03 1.949715660884976387e-03 1.253330148756504059e-02 3.497522789984941483e-03 3.620937932282686234e-03 6.328318733721971512e-03 6.518748588860034943e-03 2.316281571984291077e-02 4.785245284438133240e-03 1.123185083270072937e-02 1.531394105404615402e-02 8.489275351166725159e-03 2.136211283504962921e-02 4.278088919818401337e-03 1.031672023236751556e-02 2.458481490612030029e-02 7.454439997673034668e-02 5.066022276878356934e-02 1.114311628043651581e-02 1.741879619657993317e-02 1.140111475251615047e-03 1.114637404680252075e-02 9.747071191668510437e-03 1.419410761445760727e-02 1.922443136572837830e-02 1.821369491517543793e-02 1.088988315314054489e-02 9.056468494236469269e-03 1.807439839467406273e-03 9.046348743140697479e-03 5.908477032789960504e-05 5.393678322434425354e-03 8.988354355096817017e-03 1.163621153682470322e-02 1.571892201900482178e-02 3.683956339955329895e-02 1.418398506939411163e-02 1.694216951727867126e-02 1.965287700295448303e-02 5.390327423810958862e-03 2.268871758133172989e-03 1.039707753807306290e-02 8.605442941188812256e-03 4.998215474188327789e-03 1.524715218693017960e-02 4.855506587773561478e-03 9.572117123752832413e-04 8.855434134602546692e-03 6.247982848435640335e-03 1.048677507787942886e-02 2.535961195826530457e-02 1.984692737460136414e-02 5.627194885164499283e-03 9.468910866416990757e-04 2.623091218993067741e-03 8.817835710942745209e-03 1.315189804881811142e-02 2.055955678224563599e-02 7.767643779516220093e-03 2.384605817496776581e-03 1.557779312133789062e-02 1.549551822245121002e-02 8.949631825089454651e-03 3.503322228789329529e-02 3.528339322656393051e-03 4.922642372548580170e-03 2.298242645338177681e-03 1.423862413503229618e-03 1.598471961915493011e-02 2.394632995128631592e-02 2.202436886727809906e-02 1.726650446653366089e-02 1.528024673461914062e-02 1.699539646506309509e-02 4.212127532809972763e-03 4.908891394734382629e-03 1.151520665735006332e-02 2.366539090871810913e-03 3.739124513231217861e-04 1.946528628468513489e-02 1.223802287131547928e-02 6.574953906238079071e-03 1.759743690490722656e-02 3.283726423978805542e-02 8.678506128489971161e-03 5.027912557125091553e-04
7.388980686664581299e-02 8.362810015678405762e-01 4.219573456794023514e-03 1.283539179712533951e-02 1.276823692023754120e-02 6.813498586416244507e-02 7.241019606590270996e-02 1.018316578119993210e-02 2.262907847762107849e-02 1.532417628914117813e-02 6.654941290616989136e-02 5.491520278155803680e-03 7.187590003013610840e-02 1.511082705110311508e-02 1.539496239274740219e-02 1.565572619438171387e-02 1.862371712923049927e-02 8.520994335412979126e-03 1.256046164780855179e-02 4.706344567239284515e-03 1.787171815522015095e-03 3.118637949228286743e-02 8.896469138562679291e-03 4.478287592064589262e-04 2.098882803693413734e-03 9.609164670109748840e-03 3.230473399162292480e-02 3.104970790445804596e-03 4.310532938688993454e-03 1.792719028890132904e-02 7.819567807018756866e-03 2.294995589181780815e-03 1.925831101834774017e-02 2.348840236663818359e-03 2.273341640830039978e-02 1.220595184713602066e-02 5.222699604928493500e-03 2.530726045370101929e-02 4.504792392253875732e-03 9.718713350594043732e-03 6.421580445021390915e-03 1.480511203408241272e-02 1.577465981245040894e-02 4.415419884026050568e-03 1.604552567005157471e-02 2.181971073150634766e-02 6.047926098108291626e-02 5.968171730637550354e-02 8.224495686590671539e-03 2.034688368439674377e-02 2.834533574059605598e-03 5.291069392114877701e-04 1.809197105467319489e-02 2.196332626044750214e-02 2.083495631814002991e-02 2.250847406685352325e-02 7.681272458285093307e-03 8.917991071939468384e-03 1.318051479756832123e-02 1.541635673493146896e-02 3.148889401927590370e-03 5.770244169980287552e-03 1.676236465573310852e-02 2.120680920779705048e-02 1.287698093801736832e-02 4.344324395060539246e-02 9.174111299216747284e-03 1.474889647215604782e-02 2.400285378098487854e-02 7.701000664383172989e-03 1.643595844507217407e-02 2.585322828963398933e-03 2.934726886451244354e-03 5.257335025817155838e-03 3.539625788107514381e-03 1.833576359786093235e-03 1.049246452748775482e-02 1.884113065898418427e-03 1.003225054591894150e-02 1.793069392442703247e-02 8.273823914350941777e-05 2.193755097687244415e-02 1.076599117368459702e-02 1.016635261476039886e-02 3.790251910686492920e-03 2.811051206663250923e-03 3.083465807139873505e-02 2.886663377285003662e-02 2.024361863732337952e-02 1.178329158574342728e-02 1.569929998368024826e-03 1.832368783652782440e-02 9.170783683657646179e-03 2.293066680431365967e-02 2.417271584272384644e-02 2.145037427544593811e-02 3.618947230279445648e-03 4.944297252222895622e-04 6.484985817223787308e-03 1.209695171564817429e-02 1.447791326791048050e-02 7.878040894865989685e-03 6.221211515367031097e-03 1.781365601345896721e-03 1.319870539009571075e-02 1.623834669589996338e-02 1.437895931303501129e-02 1.931730657815933228e-03 5.753631703555583954e-03 1.054182462394237518e-02 1.676086452789604664e-03 6.539738737046718597e-03 2.548623271286487579e-02 2.841832488775253296e-02 1.955026760697364807e-03 4.954134114086627960e-03
1.762176491320133209e-02 4.219573456794023514e-03 8.362810015678405762e-01 3.469871822744607925e-03 9.865965694189071655e-03 1.343337073922157288e-02 2.249876037240028381e-03 6.524892151355743408e-02 8.147542364895343781e-03 3.127022413536906242e-03 2.198692038655281067e-02 2.203497476875782013e-02 5.603020545095205307e-03 1.832264661788940430e-02 2.267094515264034271e-02 9.314833208918571472e-03 2.017923258244991302e-02 7.789420895278453827e-03 7.692430168390274048e-03 3.821981954388320446e-04 8.704432286322116852e-03 3.343570977449417114e-03 6.103027844801545143e-04 1.037519704550504684e-02 2.628727257251739502e-02 5.286705214530229568e-03 1.321656443178653717e-02 1.000061724334955215e-02 2.195656672120094299e-02 5.995379295200109482e-03 1.558085437864065170e-02 5.413217004388570786e-03 1.354130636900663376e-02 3.174347220920026302e-04 1.351757813245058060e-02 1.046107616275548935e-02 1.865802332758903503e-02 4.714650567620992661e-03 1.048493385314941406e-02 1.514708530157804489e-02 8.704970590770244598e-03 1.367997657507658005e-02 2.262766472995281219e-02 4.869140312075614929e-02 1.072913687676191330e-02 8.815265260636806488e-03 2.632013335824012756e-02 1.287504378706216812e-02 2.569871209561824799e-02 7.676721434108912945e-04 2.000693231821060181e-03 1.140865404158830643e-02 7.112971507012844086e-03 3.802748396992683411e-03 1.366672758013010025e-02 1.604183204472064972e-02 3.277730895206332207e-03 4.297659732401371002e-03 4.207240417599678040e-03 6.007181014865636826e-03 2.914805198088288307e-03 1.828153617680072784e-02 4.207510501146316528e-03 1.433763373643159866e-02 8.348754607141017914e-03 1.247540209442377090e-02 5.848891101777553558e-03 1.734827086329460144e-02 1.087939366698265076e-02 1.776563562452793121e-02 1.529713999480009079e-02 6.226533092558383942e-03 1.681973598897457123e-02 2.551476284861564636e-02 1.340456120669841766e-02 6.210449151694774628e-03 5.357010290026664734e-03 3.025876358151435852e-03 6.001600529998540878e-03 1.563464477658271790e-02 3.032241575419902802e-02 3.272752836346626282e-02 2.969404449686408043e-03 5.470268893986940384e-03 1.440175902098417282e-02 8.590170182287693024e-03 2.097066864371299744e-02 1.983933709561824799e-02 7.160612149164080620e-04 3.502395935356616974e-03 3.152792900800704956e-02 7.109418045729398727e-03 2.287960983812808990e-02 1.782863400876522064e-02 2.917413366958498955e-03 1.314661931246519089e-02 1.783408597111701965e-02 1.112349331378936768e-02 2.329566283151507378e-03 5.098978523164987564e-03 5.733100231736898422e-03 7.106317789293825626e-04 1.395290018990635872e-05 1.575217209756374359e-02 1.812407979741692543e-03 6.646305322647094727e-03 7.383649790426716208e-05 6.032773759216070175e-03 5.653082393109798431e-03 1.829842664301395416e-02 4.563634749501943588e-03 8.857371867634356022e-04 1.269282400608062744e-02 2.413445338606834412e-02 2.485916391015052795e-02 1.964911632239818573e-02
1.889933715574443340e-03 1.283539179712533951e-02 3.469871822744607925e-03 8.362810015678405762e-01 6.092999130487442017e-02 7.547385059297084808e-03 1.079094596207141876e-02 2.088131569325923920e-02 2.841117419302463531e-02 2.403374202549457550e-02 9.120011702179908752e-03 3.912764787673950195e-02 5.917042028158903122e-03 2.559876441955566406e-02 1.424480695277452469e-02 1.614111289381980896e-02 1.669574901461601257e-02 2.737382240593433380e-02 1.123618241399526596e-02 2.091188216581940651e-03 7.052821572870016098e-03 1.658575050532817841e-02 1.787215098738670349e-02 2.312083728611469269e-02 1.224252278916537762e-03 9.403328411281108856e-03 1.208864431828260422e-02 2.506141178309917450e-02 1.593147963285446167e-02 1.469422318041324615e-02 1.480088918469846249e-03 6.588517688214778900e-03 4.713909234851598740e-03 2.287441864609718323e-03 2.062925882637500763e-02 6.846003816463053226e-04 5.568585824221372604e-03 1.288136001676321030e-02 3.909675404429435730e-02 2.268162183463573456e-02 1.467612944543361664e-02 1.782446540892124176e-02 8.894976228475570679e-03 5.212292075157165527e-03 1.738400757312774658e-02 1.701081357896327972e-02 3.141877474263310432e-03 1.924032345414161682e-02 1.559746265411376953e-02 2.068374305963516235e-02 2.527697198092937469e-02 2.467241510748863220e-02 4.011918324977159500e-03 5.839131772518157959e-03 2.285048179328441620e-02 1.611348800361156464e-02 6.669300608336925507e-03 3.946801647543907166e-03 4.862910602241754532e-03 9.925562888383865356e-03 1.515018288046121597e-02 2.765557263046503067e-03 1.761452993378043175e-03 3.961936105042695999e-03 4.091987386345863342e-03 4.702894017100334167e-03 8.402828127145767212e-03 1.687567494809627533e-02 3.014189936220645905e-02 1.312535908073186874e-02 2.374897524714469910e-02 2.414103224873542786e-02 5.143942683935165405e-02 1.997989369556307793e-03 5.554804950952529907e-02 1.792252808809280396e-02 4.056689515709877014e-02 2.891146019101142883e-02 2.986574731767177582e-02 2.750937640666961670e-02 2.045301347970962524e-02 1.968745142221450806e-02 4.325774684548377991e-02 2.466166578233242035e-02 1.024862844496965408e-02 3.252222016453742981e-02 1.178338751196861267e-02 1.699808053672313690e-02 1.070002373307943344e-02 1.484589464962482452e-02 2.174535766243934631e-03 3.895876230672001839e-03 4.044256173074245453e-03 1.742993108928203583e-02 1.451409421861171722e-02 7.568269968032836914e-03 9.958388283848762512e-03 2.116995677351951599e-02 1.958494447171688080e-02 1.496309787034988403e-02 3.355609369464218616e-04 5.407392513006925583e-03 2.212986908853054047e-02 1.908989250659942627e-02 1.340549904853105545e-02 1.806986518204212189e-02 1.085994206368923187e-02 1.426501851528882980e-02 8.005362935364246368e-03 8.309437893331050873e-03 3.320939093828201294e-02 2.663521282374858856e-02 1.896424219012260437e-02 1.467921026051044464e-02 2.287932299077510834e-02 2.245863433927297592e-03
6.316853221505880356e-03 1.276823692023754120e-02 9.865965694189071655e-03 6.092999130487442017e-02 8.362810015678405762e-01 1.194895897060632706e-02 8.289042860269546509e-03 1.561293262057006359e-03 2.866222150623798370e-02 2.948409318923950195e-02 8.765396662056446075e-03 1.169609092175960541e-02 1.298502646386623383e-02 7.699501235038042068e-03 1.854167133569717407e-02 1.284974440932273865e-02 1.704373769462108612e-02 2.882452309131622314e-02 2.005118504166603088e-02 6.214376538991928101e-03 2.683202736079692841e-03 1.704191206954419613e-03 1.266611646860837936e-02 2.636474557220935822e-02 4.909558221697807312e-03 2.891591750085353851e-02 4.693168681114912033e-03 6.540281465277075768e-04 2.712672762572765350e-02 4.945639520883560181e-03 1.467715762555599213e-02 1.524692401289939880e-03 5.839671939611434937e-04 1.162159242085181177e-05 1.013717614114284515e-02 1.462082471698522568e-02 3.453749930486083031e-03 2.133254660293459892e-03 3.971647471189498901e-02 6.673445552587509155e-02 4.694274161010980606e-03 8.890258148312568665e-03 5.915741901844739914e-03 2.201713249087333679e-02 1.156454440206289291e-02 1.062358357012271881e-02 8.878441527485847473e-03 2.219656482338905334e-02 1.579192653298377991e-02 2.154109440743923187e-02 3.983444534242153168e-03 1.022560801357030869e-02 9.562709368765354156e-03 1.038562413305044174e-02 1.013129297643899918e-02 1.126491464674472809e-02 2.054151613265275955e-03 5.813405849039554596e-03 4.684135317802429199e-03 1.003531273454427719e-02 2.012008801102638245e-03 1.092449948191642761e-02 1.465012133121490479e-02 9.261976927518844604e-03 2.570670843124389648e-02 2.080583386123180389e-02 2.563009271398186684e-03 8.314771577715873718e-03 2.280396223068237305e-02 6.323346868157386780e-03 3.397688642144203186e-02 1.214196532964706421e-02 3.280670568346977234e-02 5.030138883739709854e-03 6.078461557626724243e-02 1.102143246680498123e-02 4.196306690573692322e-02 4.009452834725379944e-02 1.490025781095027924e-02 1.882312074303627014e-02 5.001242272555828094e-03 1.974089257419109344e-02 3.687289729714393616e-02 4.239789023995399475e-02 1.606187224388122559e-02 2.678528986871242523e-02 8.577734231948852539e-03 2.132622059434652328e-03 5.639685317873954773e-03 9.441155940294265747e-03 1.291450392454862595e-02 5.028135143220424652e-03 2.163132466375827789e-02 1.523621729575097561e-03 1.313908305019140244e-02 2.669534273445606232e-02 9.919296018779277802e-03 1.360281649976968765e-02 1.790228113532066345e-02 1.641895435750484467e-02 2.877345541492104530e-03 1.012128079310059547e-03 1.216228865087032318e-02 2.172785997390747070e-02 1.414212211966514587e-02 1.107968389987945557e-02 1.593968458473682404e-02 3.605144564062356949e-03 1.244206354022026062e-02 2.388624241575598717e-03 3.018715791404247284e-02 1.957866922020912170e-02 6.723318714648485184e-03 4.867718089371919632e-03 1.111714728176593781e-02 7.263485807925462723e-03
8.307249844074249268e-02 6.813498586416244507e-02 1.343337073922157288e-02 7.547385059297084808e-03 1.194895897060632706e-02 8.362810015678405762e-01 7.291366904973983765e-02 9.494083933532238007e-03 1.245298050343990326e-02 1.387689728289842606e-03 6.355317682027816772e-02 3.425240889191627502e-02 5.771141871809959412e-02 4.018015414476394653e-02 8.318255422636866570e-04 7.099022623151540756e-03 1.463043782860040665e-02 4.418623633682727814e-03 1.314047258347272873e-02 1.186189590953290462e-03 3.928076475858688354e-03 3.217516466975212097e-02 2.628843113780021667e-02 2.057027630507946014e-02 7.926840335130691528e-03 1.990261254832148552e-03 3.824263811111450195e-02 2.877167984843254089e-02 5.998574197292327881e-03 3.842245042324066162e-02 3.897746792063117027e-03 2.596095204353332520e-03 1.052527874708175659e-02 7.255949079990386963e-03 1.574314665049314499e-04 1.416578236967325211e-02 9.613709407858550549e-04 3.070288337767124176e-02 6.193779874593019485e-03 1.713163219392299652e-02 1.106198690831661224e-02 8.892306126654148102e-03 1.401763595640659332e-02 6.513267289847135544e-03 2.665113471448421478e-02 3.015534579753875732e-02 6.884788721799850464e-02 4.449592530727386475e-02 4.066919442266225815e-03 1.404444966465234756e-02 6.879157153889536858e-04 1.243614312261343002e-02 4.353141877800226212e-03 1.131481397897005081e-02 1.506062131375074387e-02 1.176520343869924545e-02 1.353509631007909775e-02 6.603997666388750076e-03 4.198660142719745636e-03 1.138528995215892792e-02 7.101046852767467499e-03 4.452384746400639415e-05 9.881342761218547821e-03 1.066884119063615799e-02 3.850355744361877441e-03 2.970352582633495331e-02 7.788615301251411438e-03 8.310381323099136353e-03 1.594159938395023346e-02 3.458983032032847404e-03 7.509378716349601746e-03 1.054880023002624512e-02 1.241824030876159668e-02 1.896629575639963150e-03 1.927783712744712830e-02 7.241765502840280533e-03 7.120480295270681381e-03 1.240391656756401062e-02 7.392225321382284164e-03 3.466068068519234657e-03 3.823630046099424362e-03 2.695374889299273491e-03 7.628583814948797226e-03 9.159299544990062714e-03 4.047687165439128876e-03 1.914773695170879364e-02 1.895211637020111084e-02 3.305678814649581909e-02 7.755953818559646606e-03 7.193955825641751289e-04 5.672978702932596207e-03 1.192799955606460571e-02 1.935480686370283365e-04 3.850849345326423645e-02 2.095634583383798599e-03 7.154091726988554001e-03 1.722018234431743622e-03 1.171815767884254456e-02 1.208906341344118118e-02 2.053224854171276093e-02 1.547455601394176483e-02 1.156857609748840332e-02 1.430292706936597824e-02 1.145212072879076004e-02 5.628462531603872776e-04 3.855491522699594498e-03 8.705646730959415436e-03 5.203742184676229954e-04 1.522872480563819408e-03 1.038621924817562103e-02 1.267312560230493546e-02 8.973585441708564758e-03 1.661269925534725189e-02 2.403449453413486481e-02 6.625892128795385361e-03 9.598202304914593697e-04
5.702963098883628845e-02 7.241019606590270996e-02 2.249876037240028381e-03 1.079094596207141876e-02 8.289042860269546509e-03 7.291366904973983765e-02 8.362810015678405762e-01 8.641357533633708954e-03 1.724484935402870178e-02 5.916129797697067261e-03 6.013562157750129700e-02 2.197772264480590820e-02 5.756776034832000732e-02 3.510422632098197937e-02 1.329821627587080002e-02 1.169401872903108597e-02 1.828489638864994049e-02 1.541404798626899719e-02 5.034600617364048958e-04 2.551462268456816673e-03 7.607224397361278534e-03 3.278989344835281372e-02 1.897039078176021576e-02 1.368672680109739304e-02 1.317975297570228577e-02 3.124182112514972687e-03 2.542586438357830048e-02 5.712184123694896698e-03 5.259591154754161835e-03 3.027625940740108490e-02 7.210801821202039719e-03 7.360295858234167099e-03 1.414574496448040009e-02 9.655895642936229706e-03 1.127854548394680023e-02 2.098929323256015778e-02 8.330592885613441467e-03 1.486540120095014572e-02 1.244231034070253372e-02 3.025913843885064125e-03 2.020263811573386192e-03 1.730926148593425751e-02 1.103008911013603210e-02 4.261406138539314270e-03 3.065097518265247345e-02 2.806328609585762024e-02 5.277474224567413330e-02 6.883331388235092163e-02 2.823174290824681520e-04 3.720646491274237633e-03 9.065242484211921692e-03 9.551866911351680756e-03 1.278565358370542526e-02 1.754770427942276001e-02 2.239449508488178253e-02 1.023645326495170593e-02 1.006938327918760478e-04 7.554300129413604736e-03 9.036828763782978058e-03 1.587710529565811157e-02 3.276998468209058046e-04 8.100556209683418274e-03 3.381041577085852623e-03 6.097560748457908630e-03 1.682091876864433289e-02 2.896443754434585571e-02 4.454331938177347183e-03 1.565425656735897064e-02 2.962755784392356873e-02 5.285710212774574757e-04 2.594313211739063263e-02 1.457166112959384918e-02 4.385010339319705963e-03 2.862176857888698578e-03 8.642232045531272888e-03 1.101653836667537689e-02 9.559355676174163818e-03 2.273626625537872314e-03 1.354939490556716919e-02 1.837060414254665375e-02 1.183908991515636444e-02 3.352952189743518829e-03 5.069528240710496902e-03 8.494804613292217255e-03 4.224207717925310135e-03 7.489372976124286652e-03 3.094327077269554138e-02 2.417395636439323425e-02 3.012549877166748047e-02 3.131206706166267395e-02 2.254911232739686966e-03 2.164322510361671448e-02 1.669672131538391113e-02 5.500234197825193405e-03 1.509739831089973450e-02 7.812073919922113419e-03 4.769801627844572067e-03 7.671470753848552704e-03 5.673964507877826691e-03 1.714473403990268707e-02 2.027828618884086609e-02 1.815077662467956543e-02 3.781573148444294930e-03 5.555476527661085129e-03 7.515741977840662003e-03 1.521052978932857513e-02 1.261289138346910477e-02 3.195495344698429108e-03 9.529177099466323853e-03 5.319059826433658600e-03 2.249816898256540298e-03 2.478097099810838699e-03 1.529749948531389236e-02 8.957733400166034698e-03 1.995088066905736923e-03 1.022159121930599213e-02
1.980634406208992004e-03 1.018316578119993210e-02 6.524892151355743408e-02 2.088131569325923920e-02 1.561293262057006359e-03 9.494083933532238007e-03 8.641357533633708954e-03 8.362810015678405762e-01 1.423044409602880478e-02 1.661516912281513214e-02 1.259641163051128387e-02 2.518093213438987732e-02 7.861671969294548035e-03 1.421572361141443253e-02 4.850829765200614929e-02 1.638301461935043335e-02 8.925702422857284546e-03 6.010573823004961014e-03 9.483548812568187714e-03 4.378763027489185333e-03 6.897951010614633560e-03 1.882977783679962158e-02 1.677602715790271759e-02 1.822064816951751709e-02 1.238489989191293716e-02 1.936416327953338623e-02 2.606661804020404816e-02 2.053247764706611633e-02 1.763078197836875916e-02 1.716213487088680267e-02 2.062376961112022400e-02 1.965466421097517014e-03 1.067712344229221344e-02 9.171813726425170898e-04 3.784154308959841728e-03 8.011962287127971649e-03 2.724329754710197449e-02 7.042300421744585037e-03 2.976800501346588135e-02 1.572828553617000580e-02 3.781999228522181511e-03 1.111864019185304642e-02 4.811347462236881256e-03 3.671567142009735107e-02 1.650252006947994232e-02 1.712671481072902679e-02 6.432387162931263447e-04 4.544780123978853226e-03 7.191874086856842041e-03 1.776858232915401459e-02 1.958919689059257507e-02 2.137222141027450562e-02 1.058739423751831055e-02 1.462386280763894320e-04 1.086453720927238464e-02 1.439837832003831863e-02 1.248770859092473984e-02 1.546010561287403107e-02 4.169950261712074280e-03 5.190575495362281799e-03 5.585299804806709290e-03 1.101473532617092133e-02 1.180290430784225464e-02 1.100517623126506805e-02 8.940073661506175995e-03 8.909207768738269806e-03 2.681042824406176805e-04 1.763759553432464600e-02 1.644228212535381317e-02 1.705992780625820160e-02 3.513940377160906792e-03 1.594637520611286163e-02 9.934836998581886292e-04 6.794085726141929626e-03 9.017524309456348419e-03 1.516453735530376434e-02 2.355380356311798096e-02 1.927495189011096954e-02 2.024698257446289062e-02 1.865637302398681641e-02 6.288564205169677734e-02 3.839548304677009583e-02 1.276997476816177368e-02 7.861480116844177246e-03 1.198207680135965347e-02 7.281321100890636444e-03 6.088973209261894226e-02 1.913246698677539825e-02 9.967906400561332703e-03 1.075404230505228043e-02 3.412190359085798264e-03 1.368400827050209045e-02 5.943046417087316513e-03 1.575955562293529510e-02 3.030243143439292908e-02 1.793976314365863800e-02 1.970338262617588043e-02 1.933377422392368317e-02 9.858588688075542450e-03 1.533884368836879730e-02 6.624978501349687576e-03 2.909719711169600487e-03 1.144487597048282623e-02 4.464453086256980896e-03 7.838347664801403880e-05 5.185182671993970871e-03 1.470496412366628647e-03 1.434512902051210403e-02 4.438216332346200943e-03 1.845047692768275738e-03 1.738961227238178253e-02 7.952775806188583374e-03 9.998762048780918121e-03 4.904927220195531845e-03 3.807641193270683289e-02 1.026514824479818344e-02
2.061060816049575806e-02 2.262907847762107849e-02 8.147542364895343781e-03 2.841117419302463531e-02 2.866222150623798370e-02 1.245298050343990326e-02 1.724484935402870178e-02 1.423044409602880478e-02 8.362810015678405762e-01 5.065054818987846375e-02 2.492712624371051788e-02 2.542148344218730927e-02 2.598490379750728607e-02 1.283230073750019073e-02 1.557809859514236450e-02 4.394160059746354818e-04 4.822140093892812729e-03 4.991745203733444214e-02 4.490310326218605042e-02 7.249931804835796356e-03 2.335777273401618004e-03 1.307428721338510513e-02 1.384604070335626602e-02 1.621199771761894226e-02 6.459739990532398224e-03 1.011497247964143753e-02 1.593759283423423767e-02 2.578441798686981201e-02 3.628785256296396255e-03 3.020034544169902802e-02 1.763405278325080872e-02 1.735107041895389557e-02 7.362220436334609985e-03 1.139143574982881546e-02 1.705741509795188904e-02 1.152788288891315460e-02 1.159796956926584244e-02 8.874188177287578583e-03 9.301661513745784760e-03 4.799206275492906570e-03 1.219552475959062576e-02 3.332494571805000305e-02 2.183867990970611572e-02 7.868069224059581757e-03 3.853226825594902039e-02 3.317697718739509583e-02 2.024227380752563477e-02 1.852688752114772797e-02 3.168761357665061951e-02 5.053622275590896606e-02 2.187834121286869049e-02 2.742611244320869446e-02 9.198732674121856689e-03 2.860030857846140862e-03 5.127035081386566162e-02 4.074952378869056702e-02 7.821553386747837067e-03 3.914980334229767323e-04 1.774201082298532128e-04 3.682216629385948181e-03 2.161072939634323120e-02 7.941214367747306824e-03 1.633463427424430847e-02 1.873833499848842621e-02 1.101394742727279663e-02 4.962845239788293839e-03 1.143260858952999115e-02 8.357574231922626495e-03 2.287425287067890167e-02 1.647602766752243042e-02 6.134776864200830460e-03 2.038203924894332886e-02 9.069997817277908325e-03 5.462026689201593399e-03 5.348965525627136230e-03 2.164342254400253296e-02 4.911744222044944763e-02 2.912061847746372223e-02 5.331518873572349548e-02 4.440174996852874756e-02 3.289042413234710693e-02 2.222580276429653168e-02 4.988983646035194397e-02 4.086954519152641296e-02 9.801588021218776703e-03 3.259583190083503723e-02 1.397904660552740097e-02 7.942566648125648499e-03 3.694917773827910423e-03 4.197158385068178177e-03 1.317448448389768600e-02 1.323718763887882233e-02 1.855075359344482422e-02 1.751612313091754913e-02 2.593360468745231628e-02 1.628345996141433716e-02 1.583479717373847961e-02 2.726896107196807861e-02 2.855580300092697144e-02 1.013754308223724365e-02 3.320866730064153671e-03 4.074488766491413116e-03 1.554440241307020187e-02 1.844039559364318848e-02 1.088917953893542290e-03 8.711765520274639130e-03 1.172929257154464722e-02 9.267522022128105164e-03 2.399460645392537117e-03 4.385943524539470673e-03 1.878966763615608215e-02 8.265168406069278717e-03 6.504086311906576157e-03 7.631115149706602097e-03 2.445602789521217346e-02 2.271297946572303772e-02
9.137460961937904358e-03 1.532417628914117813e-02 3.127022413536906242e-03 2.403374202549457550e-02 2.948409318923950195e-02 1.387689728289842606e-03 5.916129797697067261e-03 1.661516912281513214e-02 5.065054818987846375e-02 8.362810015678405762e-01 1.659313589334487915e-02 1.636073365807533264e-02 2.544007264077663422e-02 1.882207952439785004e-02 7.479374762624502182e-03 9.207722730934619904e-03 2.230742713436484337e-03 3.292875364422798157e-02 5.696413666009902954e-02 9.239492006599903107e-03 1.658780674915760756e-04 1.195699721574783325e-02 4.603723995387554169e-03 2.874810248613357544e-02 7.144540548324584961e-03 2.407790161669254303e-02 1.710733771324157715e-02 3.300686553120613098e-02 1.232063304632902145e-02 2.749334089457988739e-02 4.716001916676759720e-03 4.192343913018703461e-03 4.690957255661487579e-03 1.237699855118989944e-02 2.088573947548866272e-02 1.597695751115679741e-03 9.797892533242702484e-03 4.151051398366689682e-03 3.723929636180400848e-03 1.023939624428749084e-02 1.471892558038234711e-02 2.480801008641719818e-02 1.832605712115764618e-02 1.448196731507778168e-02 3.253202885389328003e-02 3.641005977988243103e-02 1.154218055307865143e-02 1.774496585130691528e-02 7.312962319701910019e-03 5.371928215026855469e-02 1.625778526067733765e-02 1.951836608350276947e-02 1.857287995517253876e-02 9.420971386134624481e-03 2.285424992442131042e-02 4.404228553175926208e-02 2.545989304780960083e-02 3.129128599539399147e-03 6.937616970390081406e-03 3.261243924498558044e-03 3.619479539338499308e-04 1.187262311577796936e-02 2.699720300734043121e-02 2.328201197087764740e-02 3.950563259422779083e-03 7.977274246513843536e-03 2.301055751740932465e-02 1.776124350726604462e-02 8.387441746890544891e-03 2.531039528548717499e-02 1.716882549226284027e-02 2.569827809929847717e-02 1.481161639094352722e-02 1.658270694315433502e-02 1.786942034959793091e-02 2.639126032590866089e-02 3.907548636198043823e-02 5.554038658738136292e-02 3.391468897461891174e-02 5.362981185317039490e-02 2.550973743200302124e-02 2.970619872212409973e-02 4.827295243740081787e-02 6.140063330531120300e-02 5.672047846019268036e-03 3.607359156012535095e-02 9.340107440948486328e-03 5.725290160626173019e-03 2.473723515868186951e-02 1.139667467214167118e-03 4.712330177426338196e-03 1.820514723658561707e-02 1.121196663007140160e-03 1.750761456787586212e-02 1.323978230357170105e-02 1.584060490131378174e-02 2.104537561535835266e-02 1.775290071964263916e-02 2.638201974332332611e-02 1.707683131098747253e-02 1.012193690985441208e-02 2.314820419996976852e-03 1.977867446839809418e-02 1.975405029952526093e-02 9.099490009248256683e-03 1.086498238146305084e-02 1.116994954645633698e-02 1.473256037570536137e-03 5.240270984359085560e-04 9.145550429821014404e-03 1.725813373923301697e-02 1.468634512275457382e-02 7.517781108617782593e-03 3.243577899411320686e-03 2.412399463355541229e-02 1.702251285314559937e-02
8.145897835493087769e-02 6.654941290616989136e-02 2.198692038655281067e-02 9.120011702179908752e-03 8.765396662056446075e-03 6.355317682027816772e-02 6.013562157750129700e-02 1.259641163051128387e-02 2.492712624371051788e-02 1.659313589334487915e-02 8.362810015678405762e-01 2.174762543290853500e-03 5.527182668447494507e-02 5.317262839525938034e-03 5.998424254357814789e-03 1.671439036726951599e-02 1.778280548751354218e-02 8.781068958342075348e-03 1.035231817513704300e-02 4.065878223627805710e-03 4.755872301757335663e-03 2.811874821782112122e-02 5.021690391004085541e-03 2.121636178344488144e-03 6.213010754436254501e-03 1.027676276862621307e-02 2.540801838040351868e-02 8.336558006703853607e-03 2.972948923707008362e-02 1.189721748232841492e-02 2.902728156186640263e-04 3.158502804581075907e-04 1.037274114787578583e-02 7.548890542238950729e-03 4.647720139473676682e-03 1.146040856838226318e-02 7.217445876449346542e-03 2.045347355306148529e-02 5.939600057899951935e-03 6.967560853809118271e-03 2.433521486818790436e-02 1.366637181490659714e-02 1.868580095469951630e-02 1.197959645651280880e-03 6.855369079858064651e-03 1.705248840153217316e-02 7.487149536609649658e-02 6.702630221843719482e-02 1.381356548517942429e-02 1.093446929007768631e-02 5.246477667242288589e-03 6.015022285282611847e-03 1.277481578290462494e-02 1.036081183701753616e-02 1.756009086966514587e-02 9.655271656811237335e-03 8.589617908000946045e-03 5.980985239148139954e-03 2.879988169297575951e-03 1.092902105301618576e-02 1.977117732167243958e-03 3.669933881610631943e-03 1.417442318052053452e-02 1.304576639086008072e-02 3.439301624894142151e-02 4.028984159231185913e-02 1.395104452967643738e-02 1.993854157626628876e-02 1.965899206697940826e-02 4.803770221769809723e-03 1.184671465307474136e-02 1.869366737082600594e-03 1.377922203391790390e-02 2.046409528702497482e-03 5.530517548322677612e-03 5.836192984133958817e-03 1.014818437397480011e-02 5.817470140755176544e-03 1.196970138698816299e-02 1.625046320259571075e-02 1.968559436500072479e-02 1.963880471885204315e-02 8.379193022847175598e-03 4.193077329546213150e-03 9.701731614768505096e-03 3.861366712953895330e-04 1.941145583987236023e-02 2.264718525111675262e-02 1.063470635563135147e-02 1.727893389761447906e-02 2.729083411395549774e-02 3.163124620914459229e-02 2.095361426472663879e-02 2.188939973711967468e-02 1.815809868276119232e-02 5.565434228628873825e-03 2.131698187440633774e-03 9.468750096857547760e-03 1.519020274281501770e-02 1.655707508325576782e-02 2.588349208235740662e-02 1.897579245269298553e-02 1.436637435108423233e-02 1.062954496592283249e-02 6.649890448898077011e-03 1.027458999305963516e-02 1.207939628511667252e-02 1.051413360983133316e-02 3.239149693399667740e-03 2.009831555187702179e-02 8.166954852640628815e-03 8.334904909133911133e-03 1.746495440602302551e-02 2.515524998307228088e-02 1.019768184050917625e-03 1.445695408619940281e-03
1.066479086875915527e-02 5.491520278155803680e-03 2.203497476875782013e-02 3.912764787673950195e-02 1.169609092175960541e-02 3.425240889191627502e-02 2.197772264480590820e-02 2.518093213438987732e-02 2.542148344218730927e-02 1.636073365807533264e-02 2.174762543290853500e-03 8.362810015678405762e-01 1.592050120234489441e-02 7.080986350774765015e-02 2.416442148387432098e-02 1.266950182616710663e-02 6.983459927141666412e-03 7.468568626791238785e-03 6.330232601612806320e-03 1.876460039056837559e-03 2.674144459888339043e-03 2.298320643603801727e-02 3.189252689480781555e-02 2.220218628644943237e-02 1.220544148236513138e-02 8.685135981068015099e-04 2.050406113266944885e-02 4.189261049032211304e-02 3.211769741028547287e-03 3.014886379241943359e-02 2.150133438408374786e-02 2.245590090751647949e-03 2.873044693842530251e-03 1.111086457967758179e-02 1.510789524763822556e-02 2.156189642846584320e-02 1.165765337646007538e-02 1.799654401838779449e-02 3.006380610167980194e-02 3.849297994747757912e-03 1.219401508569717407e-02 1.833859644830226898e-02 1.228996459394693375e-02 5.175474565476179123e-03 4.630919173359870911e-02 4.081370308995246887e-02 1.817818544805049896e-02 5.386455450206995010e-03 1.847884990274906158e-02 2.240480855107307434e-02 2.471464313566684723e-02 3.904451057314872742e-02 1.614177017472684383e-03 8.601695299148559570e-03 2.650788612663745880e-02 1.226240955293178558e-02 1.333215367048978806e-02 1.660024002194404602e-02 1.128454040735960007e-02 4.342769272625446320e-03 1.944128982722759247e-02 1.844153180718421936e-02 7.859173230826854706e-03 8.536125533282756805e-03 1.303788833320140839e-02 1.728589646518230438e-02 1.771947485394775867e-03 4.845838993787765503e-03 5.024888552725315094e-03 1.316506788134574890e-02 1.589423790574073792e-02 1.470968499779701233e-02 3.215874731540679932e-02 6.849952973425388336e-03 2.383922785520553589e-02 1.137749571353197098e-02 2.271384559571743011e-02 1.281668990850448608e-02 1.968513056635856628e-02 2.850595163181424141e-03 1.556151174008846283e-02 2.291580103337764740e-02 2.339495159685611725e-02 9.682118892669677734e-03 1.322433259338140488e-02 3.964849561452865601e-02 2.230560779571533203e-02 3.099410049617290497e-02 5.123581271618604660e-03 3.877463517710566521e-03 2.665142901241779327e-02 9.402980096638202667e-03 3.406491503119468689e-02 2.400939166545867920e-02 2.668472193181514740e-02 1.803846471011638641e-02 9.095263667404651642e-03 2.574083209037780762e-02 1.478956453502178192e-02 2.274218201637268066e-02 5.365964490920305252e-03 9.088519145734608173e-04 1.811487600207328796e-02 1.360375341027975082e-02 2.764539094641804695e-03 5.150006152689456940e-03 3.866658371407538652e-04 1.784533262252807617e-02 3.485629567876458168e-03 2.649216214194893837e-03 2.180046774446964264e-02 2.425623685121536255e-02 2.294585108757019043e-03 1.250611245632171631e-02 1.668627746403217316e-02 3.267846256494522095e-02
5.766618624329566956e-02 7.187590003013610840e-02 5.603020545095205307e-03 5.917042028158903122e-03 1.298502646386623383e-02 5.771141871809959412e-02 5.756776034832000732e-02 7.861671969294548035e-03 2.598490379750728607e-02 2.544007264077663422e-02 5.527182668447494507e-02 1.592050120234489441e-02 8.362810015678405762e-01 2.725256048142910004e-02 2.069074660539627075e-02 3.630607621744275093e-03 1.178167760372161865e-02 1.535498350858688354e-02 2.770741470158100128e-02 4.261777212377637625e-04 5.725334864109754562e-03 3.571576252579689026e-02 1.679659634828567505e-02 5.798541009426116943e-03 1.011592522263526917e-02 5.590848159044981003e-03 2.330254949629306793e-02 1.381244696676731110e-02 6.143933162093162537e-03 2.296249009668827057e-02 1.546890661120414734e-02 3.184511791914701462e-03 2.019773051142692566e-02 2.300567692145705223e-03 2.020149305462837219e-02 1.561995502561330795e-02 7.290214300155639648e-03 2.565736323595046997e-02 1.880881260149180889e-03 6.689221132546663284e-03 6.003405898809432983e-03 5.251833703368902206e-03 1.121525466442108154e-02 1.860778080299496651e-03 1.192746218293905258e-02 1.878174394369125366e-02 5.552336573600769043e-02 5.206242203712463379e-02 1.444104127585887909e-02 2.164323441684246063e-02 1.078578643500804901e-02 1.271177455782890320e-02 2.301806025207042694e-02 2.059580013155937195e-02 1.617910899221897125e-02 3.092052787542343140e-02 1.095492579042911530e-02 7.402489893138408661e-03 1.725577935576438904e-02 1.793112978339195251e-02 8.508998900651931763e-03 1.340354606509208679e-02 2.049742825329303741e-02 2.262105233967304230e-02 1.768514700233936310e-02 4.812922328710556030e-02 2.095512486994266510e-02 1.811003312468528748e-02 2.228862047195434570e-02 6.455259863287210464e-03 2.143422514200210571e-02 1.289486070163547993e-03 3.758560633286833763e-03 1.028484664857387543e-02 3.385522635653614998e-03 1.419447711668908596e-03 8.516171015799045563e-03 5.979401059448719025e-03 1.899386569857597351e-02 3.021096438169479370e-02 8.982656523585319519e-03 2.049760892987251282e-02 1.083716563880443573e-02 2.011739090085029602e-02 4.814119543880224228e-03 2.673316514119505882e-03 2.831328660249710083e-02 3.700264915823936462e-02 2.012296766042709351e-02 1.916283555328845978e-02 1.224905997514724731e-02 1.866492815315723419e-02 2.023864164948463440e-02 2.479726821184158325e-02 1.106107514351606369e-02 6.523462943732738495e-03 1.042724587023258209e-02 1.313724322244524956e-03 8.892650716006755829e-03 1.859887689352035522e-02 1.193426549434661865e-02 1.074811164289712906e-02 7.667594589293003082e-03 3.750707488507032394e-03 1.292663626372814178e-02 1.596013270318508148e-02 1.905927434563636780e-02 8.974198251962661743e-03 1.278045587241649628e-02 4.948003217577934265e-03 3.410462522879242897e-03 3.148945048451423645e-03 1.897467114031314850e-02 2.813935279846191406e-02 2.365414518862962723e-03 8.811992593109607697e-03
