8.627023100852966309e-01 8.543718606233596802e-02 1.923814765177667141e-03 1.837058924138545990e-02 1.758605055510997772e-02 6.249833106994628906e-02 6.164653599262237549e-02 1.267288252711296082e-02 3.161826869472861290e-03 1.015014015138149261e-02 7.147835940122604370e-02 2.990327402949333191e-02 6.089240685105323792e-02 3.453126922249794006e-02 2.186620049178600311e-02 7.268632762134075165e-04 2.388874301686882973e-03 7.520839571952819824e-03 9.109711274504661560e-03 1.660317927598953247e-02 6.300114560872316360e-03 2.651072479784488678e-02 5.456516053527593613e-03 2.167232596548274159e-04 6.608616095036268234e-03 1.143313664942979813e-02 1.225021015852689743e-02 3.284687409177422523e-03 2.492730133235454559e-02 2.025007968768477440e-03 1.735472120344638824e-02 1.114112325012683868e-02 1.968180947005748749e-02 1.069234218448400497e-02 2.734462916851043701e-02 3.725274233147501945e-03 8.223916403949260712e-03 3.720347303897142410e-03 2.012274228036403656e-02 2.927567064762115479e-02 3.886382794007658958e-03 1.021641073748469353e-03 1.832481939345598221e-03 1.791313104331493378e-02 1.546536013484001160e-02 2.690662257373332977e-02 5.788731947541236877e-02 5.681299418210983276e-02 7.399836555123329163e-03 9.144025854766368866e-03 1.638327492401003838e-03 1.286802534013986588e-02 6.254643667489290237e-03 7.403906434774398804e-03 2.319498686119914055e-03 1.001047622412443161e-02 1.792815327644348145e-02 1.698270067572593689e-02 1.123462338000535965e-02 1.932342909276485443e-02 8.316847495734691620e-03 1.045609172433614731e-02 9.316056966781616211e-03 2.130033634603023529e-02 3.667649254202842712e-02 3.032478690147399902e-02 6.081563769839704037e-04 6.748524960130453110e-03 1.187346293590962887e-03 1.524686254560947418e-02 2.821334172040224075e-03 3.299274016171693802e-03 6.924969609826803207e-03 4.703156184405088425e-03 9.034366346895694733e-03 5.694528575986623764e-03 3.563626669347286224e-03 7.071609608829021454e-03 1.180364657193422318e-02 7.678812369704246521e-03 7.580422796308994293e-03 1.103566121309995651e-02 2.385299094021320343e-02 1.884899102151393890e-02 9.398013353347778320e-03 8.140499121509492397e-04 1.637463457882404327e-02 8.453352376818656921e-03 9.643270634114742279e-03 1.239710673689842224e-02 3.596549108624458313e-02 3.041061945259571075e-02 3.926950320601463318e-02 8.712051436305046082e-03 3.791904542595148087e-03 2.532776677981019020e-03 1.267477590590715408e-02 1.869397424161434174e-02 2.158357994630932808e-03 1.164044078905135393e-04 6.196095142513513565e-03 1.217761542648077011e-02 2.335830777883529663e-02 9.084388613700866699e-03 1.898799836635589600e-02 2.104379236698150635e-02 1.173743512481451035e-02 1.703458093106746674e-02 1.278757490217685699e-02 1.332473661750555038e-02 3.744177229236811399e-04 1.180701050907373428e-02 9.688826277852058411e-03 5.122276488691568375e-03 2.825075015425682068e-02 2.036111429333686829e-02
8.543718606233596802e-02 8.627023100852966309e-01 1.308368402533233166e-03 8.132467046380043030e-03 6.312202196568250656e-03 6.637974083423614502e-02 6.901066005229949951e-02 9.327780455350875854e-03 3.583000507205724716e-03 5.725267343223094940e-03 7.346090674400329590e-02 2.450412511825561523e-02 7.648497819900512695e-02 2.927472256124019623e-02 2.032878436148166656e-02 5.120037123560905457e-03 3.781089792028069496e-03 4.645969718694686890e-03 3.901270683854818344e-03 1.244009006768465042e-02 1.398527622222900391e-02 2.389394678175449371e-02 2.508695004507899284e-03 2.144142286852002144e-03 6.116611883044242859e-03 1.604171656072139740e-02 7.654527202248573303e-03 6.897165440022945404e-03 1.007639337331056595e-02 2.354948315769433975e-03 1.345941051840782166e-02 1.179701928049325943e-02 1.491597667336463928e-02 5.285297520458698273e-03 2.183771505951881409e-02 1.512333098798990250e-02 1.682013645768165588e-02 9.399776346981525421e-03 3.840120276436209679e-03 1.278415042906999588e-02 5.196291487663984299e-03 2.855710918083786964e-03 4.236397333443164825e-03 7.562586106359958649e-03 6.951220333576202393e-03 1.688295789062976837e-02 5.626950412988662720e-02 6.059840321540832520e-02 2.183235483244061470e-03 6.718220189213752747e-03 1.474159117788076401e-02 1.519451761851087213e-04 5.264232750050723553e-04 1.494048349559307098e-02 1.881688833236694336e-02 4.675772041082382202e-03 1.543916482478380203e-02 1.916419342160224915e-02 6.084644701331853867e-03 1.732835918664932251e-02 7.276188116520643234e-03 2.873940393328666687e-03 2.161346201319247484e-04 1.143155712634325027e-02 3.846739977598190308e-02 3.473192825913429260e-02 4.345273599028587341e-03 1.295793522149324417e-02 2.203129697591066360e-03 2.451855456456542015e-03 1.173207419924438000e-03 1.019815565086901188e-03 3.928191494196653366e-03 3.162795212119817734e-03 8.565453812479972839e-03 8.828050456941127777e-03 2.886418253183364868e-03 3.931705432478338480e-04 3.334776032716035843e-03 1.201614504680037498e-03 5.837654694914817810e-03 1.352939172647893429e-03 2.050950564444065094e-02 1.650616154074668884e-02 7.022244855761528015e-03 1.292285014642402530e-04 1.827745698392391205e-02 7.696459535509347916e-03 6.545266136527061462e-03 1.432697521522641182e-03 2.758225426077842712e-02 2.820562943816184998e-02 4.275220632553100586e-02 1.005278155207633972e-02 4.327749367803335190e-03 3.919429611414670944e-03 1.291881594806909561e-02 2.205030620098114014e-02 5.808996036648750305e-03 7.386467419564723969e-03 4.930627066642045975e-03 8.399231359362602234e-03 1.674067042768001556e-02 1.607795245945453644e-02 1.091490127146244049e-02 1.268956530839204788e-02 9.486913681030273438e-03 2.172146458178758621e-03 8.077315054833889008e-03 1.870797364972531796e-03 8.095636963844299316e-03 5.247872322797775269e-04 1.035329978913068771e-02 4.008793737739324570e-03 9.884051978588104248e-03 1.946109905838966370e-02
1.923814765177667141e-03 1.308368402533233166e-03 8.627023100852966309e-01 3.647964447736740112e-03 7.985902484506368637e-04 1.550639513880014420e-03 2.390651061432436109e-04 2.356298640370368958e-02 7.960123941302299500e-03 4.283193964511156082e-03 5.178479012101888657e-03 8.020209148526191711e-03 1.260419096797704697e-02 3.054064465686678886e-03 1.218824274837970734e-02 8.120734244585037231e-03 9.852491319179534912e-03 1.975310035049915314e-02 1.466200500726699829e-02 8.965627290308475494e-03 6.211925297975540161e-03 3.280068188905715942e-02 1.586068607866764069e-02 1.675871387124061584e-02 3.946610726416110992e-03 2.577600535005331039e-03 2.724865823984146118e-02 2.807274833321571350e-02 1.350837876088917255e-03 1.222813595086336136e-02 1.870599202811717987e-02 1.208023168146610260e-03 1.204049028456211090e-02 1.339896675199270248e-02 5.710584577172994614e-03 5.344079807400703430e-03 6.162165198475122452e-03 1.464317087084054947e-02 7.244368549436330795e-03 6.387094967067241669e-03 1.076760515570640564e-02 9.935696609318256378e-03 2.069055568426847458e-03 1.508579961955547333e-02 4.500025883316993713e-03 7.895132526755332947e-03 2.724698279052972794e-04 6.905244663357734680e-03 5.134700797498226166e-03 3.581967204809188843e-03 1.806176081299781799e-02 1.006543170660734177e-02 7.090863306075334549e-03 1.029530353844165802e-02 4.537079017609357834e-03 5.885113961994647980e-03 4.791280720382928848e-03 1.291497331112623215e-02 1.888087764382362366e-02 1.899919239804148674e-03 2.436896320432424545e-03 9.700481779873371124e-03 7.720903959125280380e-03 1.151254214346408844e-02 2.037816680967807770e-03 7.739386986941099167e-03 3.134201280772686005e-03 5.799835547804832458e-03 1.319282315671443939e-02 2.394619025290012360e-02 5.716316401958465576e-03 2.800488844513893127e-02 6.422963924705982208e-03 1.404138561338186264e-02 4.173032008111476898e-03 2.227171324193477631e-02 3.840538905933499336e-03 1.227804343216121197e-03 3.597663249820470810e-03 1.535235438495874405e-02 4.254365712404251099e-02 3.983017057180404663e-02 6.613980978727340698e-03 4.532640799880027771e-03 1.606408506631851196e-03 3.067877143621444702e-03 1.999551989138126373e-02 1.656061038374900818e-02 2.047735825181007385e-02 7.538917940109968185e-03 7.920649833977222443e-03 2.843291684985160828e-02 2.126164268702268600e-03 2.547788619995117188e-02 1.665992103517055511e-02 1.346003916114568710e-02 1.387751568108797073e-02 3.568285703659057617e-02 3.464764740783721209e-04 3.378323046490550041e-03 8.407658897340297699e-03 2.418641699478030205e-03 2.211982011795043945e-02 1.911411993205547333e-02 1.602053991518914700e-03 1.645323634147644043e-02 3.886457532644271851e-03 2.309206873178482056e-02 2.055033110082149506e-03 6.507779471576213837e-03 3.076891414821147919e-02 2.581398934125900269e-02 5.002141464501619339e-03 2.298909006640315056e-03 3.337773680686950684e-02 3.372973948717117310e-02
1.837058924138545990e-02 8.132467046380043030e-03 3.647964447736740112e-03 8.627023100852966309e-01 6.240152195096015930e-02 1.123637985438108444e-02 4.122814629226922989e-03 1.971654221415519714e-02 5.856207571923732758e-03 1.869807019829750061e-02 4.840134351979941130e-04 2.396211959421634674e-03 4.231318016536533833e-04 4.690519999712705612e-03 1.583058759570121765e-02 1.758786290884017944e-02 1.446576789021492004e-02 3.849527239799499512e-02 3.377244248986244202e-02 1.120588555932044983e-02 2.397643169388175011e-03 1.123712863773107529e-02 8.303833194077014923e-03 7.248101290315389633e-03 1.664958707988262177e-02 1.757417432963848114e-02 1.432165410369634628e-02 2.430618740618228912e-02 3.607027232646942139e-02 2.124418318271636963e-02 2.287141978740692139e-02 1.334951259195804596e-02 1.748035661876201630e-02 1.419253740459680557e-02 1.998043619096279144e-02 2.911583287641406059e-03 1.711083203554153442e-02 4.054389428347349167e-03 3.784466534852981567e-02 3.390413522720336914e-02 1.820971444249153137e-02 1.174067799001932144e-02 9.780950844287872314e-03 1.840787194669246674e-02 8.141712285578250885e-03 7.241081912070512772e-03 8.770553395152091980e-03 1.655725762248039246e-02 6.042737979441881180e-03 1.245951559394598007e-02 1.119458675384521484e-02 1.088445913046598434e-02 3.237412311136722565e-03 1.167902722954750061e-02 8.447473868727684021e-03 1.880249008536338806e-02 3.763290867209434509e-02 2.679588645696640015e-02 8.397699333727359772e-03 1.384238991886377335e-02 3.039321675896644592e-02 1.972712948918342590e-02 2.393003925681114197e-02 2.005273848772048950e-02 2.282782271504402161e-02 1.742929220199584961e-02 7.624725345522165298e-03 7.398188114166259766e-03 1.732733286917209625e-02 2.682222425937652588e-02 2.176695875823497772e-02 1.440138276666402817e-02 5.058617889881134033e-02 1.820076070725917816e-02 5.256262049078941345e-02 6.259403657168149948e-03 1.714007556438446045e-02 9.181984700262546539e-03 9.091307409107685089e-03 1.495046634227037430e-02 7.537054363638162613e-03 6.165087223052978516e-03 4.311606287956237793e-02 3.909635543823242188e-02 6.769650150090456009e-03 3.262706566601991653e-03 2.258703578263521194e-03 2.664051717147231102e-03 1.545336004346609116e-02 3.105165250599384308e-02 2.747827768325805664e-02 6.677338387817144394e-03 2.376906760036945343e-02 1.312657352536916733e-02 1.948759704828262329e-02 1.870981976389884949e-02 1.932343351654708385e-03 3.982496913522481918e-03 6.393229588866233826e-03 4.999747965484857559e-03 1.983080990612506866e-02 1.425828598439693451e-02 1.056778244674205780e-02 5.055293440818786621e-03 1.894856244325637817e-02 1.621036976575851440e-02 1.770848222076892853e-02 4.794836416840553284e-02 2.489749155938625336e-02 2.946385368704795837e-02 4.082314670085906982e-03 1.333880051970481873e-02 1.297637913376092911e-02 1.254073437303304672e-02 7.497531827539205551e-03 1.416399492882192135e-03
1.758605055510997772e-02 6.312202196568250656e-03 7.985902484506368637e-04 6.240152195096015930e-02 8.627023100852966309e-01 1.607642509043216705e-02 1.037131994962692261e-02 1.551937218755483627e-02 1.010508555918931961e-02 2.299327775835990906e-02 3.287400351837277412e-03 8.634062483906745911e-03 1.939209643751382828e-03 1.027389615774154663e-02 1.158409751951694489e-02 2.036516927182674408e-02 2.319081127643585205e-02 4.075332731008529663e-02 4.240183159708976746e-02 1.567326672375202179e-02 8.971743518486618996e-04 8.641937747597694397e-03 1.213764026761054993e-02 1.457352750003337860e-02 1.940014399588108063e-02 1.879469305276870728e-02 1.314538810402154922e-02 2.056354656815528870e-02 3.471464663743972778e-02 1.516459975391626358e-02 1.939423382282257080e-02 1.476764585822820663e-02 1.571509055793285370e-02 1.700171269476413727e-02 1.835855841636657715e-02 1.954562030732631683e-03 1.714867167174816132e-02 1.934768166393041611e-03 3.107788972556591034e-02 2.812678925693035126e-02 1.485600695013999939e-02 1.105904579162597656e-02 1.110601238906383514e-02 1.247100438922643661e-02 7.461993955075740814e-03 5.695886444300413132e-03 1.266214624047279358e-02 1.570726186037063599e-02 9.215469472110271454e-03 1.572683639824390411e-02 1.939256489276885986e-02 1.702312752604484558e-02 5.314489244483411312e-04 8.151548914611339569e-03 1.013689953833818436e-02 2.146897464990615845e-02 3.690556436777114868e-02 2.721712924540042877e-02 2.425089245662093163e-03 9.067245759069919586e-03 2.641438134014606476e-02 2.416744455695152283e-02 1.489602401852607727e-02 2.247122488915920258e-02 2.431838959455490112e-02 1.333181746304035187e-02 1.122959423810243607e-02 7.719086483120918274e-03 1.805041916668415070e-02 3.206394612789154053e-02 2.392150834202766418e-02 1.276877243071794510e-02 3.862852975726127625e-02 2.181762643158435822e-02 5.315041914582252502e-02 4.314142279326915741e-03 1.639495603740215302e-02 1.320341601967811584e-02 1.268747076392173767e-02 2.157373167574405670e-02 7.057220209389925003e-03 8.408728986978530884e-03 4.342655092477798462e-02 5.014860257506370544e-02 1.049390062689781189e-02 7.983883842825889587e-03 5.453592166304588318e-04 3.347561694681644440e-03 1.800000481307506561e-02 2.851246856153011322e-02 2.189165726304054260e-02 9.417041204869747162e-03 1.761519350111484528e-02 1.336998399347066879e-02 1.951014436781406403e-02 2.022914960980415344e-02 4.901417065411806107e-03 2.797444583848118782e-03 7.174519822001457214e-03 8.050204254686832428e-03 1.969787664711475372e-02 1.688919030129909515e-02 9.935690090060234070e-03 6.260623224079608917e-03 1.402856409549713135e-02 1.249851845204830170e-02 1.708171144127845764e-02 4.622923582792282104e-02 2.432872913777828217e-02 2.835872769355773926e-02 6.663570646196603775e-03 1.443332061171531677e-02 1.256613340228796005e-02 1.366614457219839096e-02 2.577060367912054062e-03 3.025503130629658699e-03
6.249833106994628906e-02 6.637974083423614502e-02 1.550639513880014420e-03 1.123637985438108444e-02 1.607642509043216705e-02 8.627023100852966309e-01 8.507491648197174072e-02 1.378373429179191589e-02 1.986645162105560303e-02 1.723475009202957153e-02 5.695885419845581055e-02 4.529833421111106873e-02 5.258022248744964600e-02 4.834490641951560974e-02 1.090386137366294861e-02 1.198204141110181808e-02 1.317647472023963928e-02 1.646419242024421692e-02 1.030466239899396896e-02 1.553809270262718201e-02 6.717456039041280746e-03 2.228547818958759308e-02 1.049236208200454712e-02 1.710626110434532166e-02 1.154326926916837692e-02 6.802253425121307373e-03 9.778777137398719788e-03 1.911853253841400146e-02 2.359773591160774231e-02 1.597182475961744785e-03 1.536396984010934830e-02 1.598496362566947937e-02 1.017878390848636627e-02 1.060647238045930862e-02 1.480068359524011612e-02 2.800455549731850624e-04 2.352444687858223915e-03 3.450306830927729607e-03 1.552364137023687363e-02 2.077824994921684265e-02 7.962437346577644348e-03 1.278638094663619995e-02 1.163260079920291901e-02 2.403598651289939880e-02 2.447070740163326263e-02 3.231452777981758118e-02 7.231845706701278687e-02 7.053776830434799194e-02 1.177543029189109802e-02 1.038281712681055069e-02 3.948654979467391968e-03 2.301404252648353577e-02 1.582730188965797424e-02 3.043151926249265671e-03 2.037410624325275421e-02 9.760431945323944092e-03 1.701366342604160309e-02 1.349201984703540802e-02 8.374558761715888977e-03 7.762070745229721069e-03 1.139107812196016312e-02 4.804395139217376709e-03 1.393889193423092365e-03 1.111562363803386688e-02 2.647463977336883545e-02 2.222622185945510864e-02 7.370699662715196609e-03 4.776349291205406189e-03 1.443476974964141846e-02 2.157630166038870811e-03 5.452415440231561661e-03 3.770120441913604736e-03 3.192079020664095879e-03 1.467563328333199024e-03 9.215779602527618408e-03 3.509906120598316193e-03 1.688362844288349152e-02 1.333092246204614639e-02 1.871997304260730743e-02 1.593249849975109100e-02 3.211587900295853615e-03 7.413152605295181274e-03 3.101027756929397583e-02 2.531079947948455811e-02 1.891397312283515930e-02 1.456357352435588837e-02 1.270733308047056198e-02 1.169385667890310287e-02 1.705156266689300537e-02 8.465963415801525116e-03 3.409137949347496033e-02 1.667802035808563232e-02 4.310233891010284424e-02 9.698576293885707855e-03 1.028349157422780991e-03 4.069979302585124969e-03 1.408285461366176605e-03 5.154506769031286240e-03 1.534017827361822128e-02 9.992273524403572083e-03 7.288104854524135590e-03 7.588031236082315445e-03 1.914762775413691998e-03 2.210916019976139069e-03 4.200251307338476181e-03 6.010762415826320648e-03 5.764503031969070435e-03 6.939725019037723541e-03 5.842546001076698303e-03 6.801523733884096146e-03 5.933191627264022827e-03 1.111237797886133194e-02 1.884918310679495335e-03 6.241782102733850479e-03 9.830779395997524261e-03 1.028739195317029953e-02
6.164653599262237549e-02 6.901066005229949951e-02 2.390651061432436109e-04 4.122814629226922989e-03 1.037131994962692261e-02 8.507491648197174072e-02 8.627023100852966309e-01 1.236595027148723602e-02 2.024836465716362000e-02 1.551625877618789673e-02 5.963661894202232361e-02 4.510121420025825500e-02 5.898974090814590454e-02 4.938483983278274536e-02 7.217120844870805740e-03 8.571071550250053406e-03 8.323719725012779236e-03 1.377287320792675018e-02 5.948324687778949738e-03 1.095659099519252777e-02 4.377576988190412521e-03 2.575357444584369659e-02 1.256588753312826157e-02 2.168409153819084167e-02 6.287526339292526245e-03 3.028640057891607285e-03 1.328433677554130554e-02 2.486148290336132050e-02 1.637928560376167297e-02 2.326956928300205618e-05 1.760801300406455994e-02 1.133291982114315033e-02 5.363893695175647736e-03 6.419922690838575363e-03 1.311381626874208450e-02 1.916940324008464813e-03 6.130950059741735458e-04 4.715171176940202713e-03 1.129389926791191101e-02 2.084502764046192169e-02 8.325700648128986359e-03 1.267038099467754364e-02 1.468965504318475723e-02 2.841406315565109253e-02 1.820506714284420013e-02 3.034409321844577789e-02 7.453094422817230225e-02 7.854575663805007935e-02 9.807521477341651917e-03 8.016745559871196747e-03 4.214347340166568756e-03 1.942427456378936768e-02 1.447767950594425201e-02 5.852796137332916260e-03 1.925133913755416870e-02 4.136606119573116302e-03 9.557903744280338287e-03 8.268134668469429016e-03 8.907839655876159668e-03 3.822037717327475548e-03 5.672873929142951965e-03 6.970085087232291698e-04 1.748796785250306129e-03 7.767291273921728134e-03 2.557707019150257111e-02 2.481510303914546967e-02 3.358958521857857704e-03 8.191591128706932068e-03 1.397277414798736572e-02 1.161125604994595051e-03 3.316143527626991272e-03 1.254488900303840637e-02 3.842387348413467407e-03 7.134501356631517410e-04 2.910249866545200348e-03 9.939617477357387543e-03 1.505381520837545395e-02 1.155502442270517349e-02 1.718171313405036926e-02 1.688977144658565521e-02 4.393399693071842194e-03 5.340019706636667252e-03 2.650173194706439972e-02 2.185164205729961395e-02 1.674586348235607147e-02 1.694834977388381958e-02 1.523823011666536331e-02 8.780542761087417603e-03 1.531100459396839142e-02 8.048735908232629299e-04 3.069697506725788116e-02 2.198969572782516479e-02 4.611912369728088379e-02 1.447124034166336060e-02 5.344165838323533535e-04 1.775232842192053795e-03 3.829060820862650871e-03 3.199546132236719131e-03 1.687540672719478607e-02 1.103810034692287445e-02 6.266257259994745255e-03 6.676457356661558151e-03 2.079146914184093475e-03 2.136414637789130211e-03 1.934532774612307549e-03 5.903660785406827927e-03 3.987934440374374390e-03 3.445968963205814362e-03 9.934321278706192970e-04 2.805754542350769043e-03 5.581730511039495468e-03 1.123277191072702408e-02 8.260077447630465031e-04 4.231086000800132751e-03 4.117914941161870956e-03 1.022618822753429413e-02
1.267288252711296082e-02 9.327780455350875854e-03 2.356298640370368958e-02 1.971654221415519714e-02 1.551937218755483627e-02 1.378373429179191589e-02 1.236595027148723602e-02 8.627023100852966309e-01 1.598617807030677795e-02 2.085968293249607086e-02 1.702274009585380554e-02 1.473201625049114227e-02 1.963294483721256256e-02 1.850430108606815338e-02 3.966687619686126709e-02 2.519107982516288757e-02 1.921213045716285706e-02 3.689079312607645988e-03 1.454291772097349167e-02 1.726575754582881927e-02 2.220034413039684296e-02 2.947715669870376587e-02 1.402539759874343872e-02 1.586890779435634613e-02 1.865571551024913788e-02 3.210018947720527649e-02 2.140417695045471191e-02 2.795252948999404907e-02 1.792082190513610840e-02 2.313291095197200775e-02 2.699581347405910492e-02 1.998373679816722870e-02 3.056191094219684601e-02 3.049416095018386841e-02 2.811884880065917969e-02 1.722565293312072754e-02 2.933975495398044586e-02 1.883427985012531281e-02 2.872722595930099487e-02 2.996522746980190277e-02 2.111461013555526733e-02 1.442716922610998154e-02 2.333012409508228302e-02 1.496521756052970886e-02 1.404941175132989883e-02 1.327406428754329681e-02 8.162471465766429901e-03 6.016438361257314682e-03 8.871144615113735199e-03 2.591755799949169159e-02 1.476840674877166748e-02 1.324578560888767242e-02 1.651467569172382355e-02 3.085733391344547272e-02 1.569295488297939301e-02 1.896198093891143799e-02 2.091468125581741333e-02 2.915194071829319000e-02 2.327748388051986694e-02 2.097328752279281616e-02 2.138113602995872498e-02 2.344044111669063568e-02 2.942450530827045441e-02 2.351724915206432343e-02 9.383562952280044556e-03 1.529473252594470978e-02 1.027907058596611023e-02 2.316750213503837585e-02 2.238966152071952820e-02 1.062863692641258240e-02 2.338310144841670990e-02 1.384877134114503860e-02 2.952335402369499207e-02 3.090399783104658127e-03 2.213318273425102234e-02 8.987428620457649231e-03 2.050985023379325867e-02 1.960904896259307861e-02 1.204737927764654160e-02 1.255331840366125107e-02 3.894729539752006531e-02 3.477419912815093994e-02 5.362469237297773361e-03 1.105728838592767715e-02 1.051326375454664230e-02 1.835152320563793182e-02 4.298712685704231262e-02 3.203470632433891296e-02 1.762547530233860016e-02 1.483365986496210098e-02 1.785496436059474945e-02 2.035717293620109558e-02 1.790992356836795807e-02 1.689927279949188232e-02 3.304071724414825439e-02 3.245360031723976135e-02 6.544379517436027527e-03 6.127858068794012070e-03 1.599871926009654999e-02 1.787433587014675140e-02 1.764516346156597137e-02 2.734689600765705109e-02 1.231280714273452759e-02 1.625729724764823914e-02 2.177975140511989594e-02 2.661694027483463287e-02 1.564840786159038544e-02 1.344510354101657867e-02 2.187607996165752411e-02 2.041007764637470245e-02 2.635132148861885071e-02 1.690653711557388306e-02 1.702382601797580719e-02 2.360752597451210022e-02 1.273494958877563477e-02 3.197379643097519875e-03
3.161826869472861290e-03 3.583000507205724716e-03 7.960123941302299500e-03 5.856207571923732758e-03 1.010508555918931961e-02 1.986645162105560303e-02 2.024836465716362000e-02 1.598617807030677795e-02 8.627023100852966309e-01 4.312085360288619995e-02 7.020757533609867096e-03 4.181541129946708679e-02 6.019311957061290741e-03 3.044901788234710693e-02 6.344876717776060104e-03 3.906609863042831421e-02 3.898075222969055176e-02 3.653891012072563171e-02 2.170984633266925812e-02 2.305336110293865204e-02 1.361932046711444855e-02 4.407506901770830154e-03 4.843997210264205933e-02 4.374198988080024719e-02 1.169248670339584351e-02 8.433644659817218781e-03 9.417483583092689514e-03 7.250651717185974121e-03 7.146657910197973251e-03 1.654879935085773468e-02 3.773350967094302177e-03 2.775461040437221527e-02 9.352739900350570679e-03 1.823740638792514801e-02 3.457512706518173218e-03 1.054792292416095734e-02 4.554657265543937683e-03 6.767083541490137577e-04 1.043204963207244873e-02 1.702043227851390839e-04 3.350277198478579521e-03 4.268636554479598999e-02 2.521332725882530212e-02 7.351169828325510025e-03 2.781523205339908600e-02 1.116046123206615448e-02 2.191715687513351440e-02 1.750452443957328796e-02 3.452806919813156128e-02 2.420948073267936707e-02 1.912594772875308990e-02 2.497841417789459229e-02 4.694909788668155670e-03 1.854957314208149910e-03 4.810341075062751770e-02 2.448411844670772552e-02 2.244083210825920105e-02 3.017107956111431122e-03 8.413808536715805531e-04 7.508379872888326645e-03 2.689199708402156830e-02 3.978653810918331146e-03 5.239400081336498260e-03 1.173426490277051926e-02 8.027883595786988735e-04 6.179658812470734119e-04 1.145427767187356949e-02 2.823330229148268700e-03 4.542824625968933105e-02 6.185497157275676727e-03 3.283337131142616272e-02 2.104825712740421295e-02 1.154851820319890976e-02 3.211593953892588615e-03 1.044086180627346039e-02 1.148124504834413528e-02 6.041707471013069153e-02 4.941025748848915100e-02 4.784547165036201477e-02 2.332327328622341156e-02 4.885679110884666443e-03 7.782592903822660446e-03 2.628986909985542297e-02 2.432842738926410675e-02 3.265770152211189270e-02 3.810054063796997070e-02 7.246794179081916809e-03 1.524096587672829628e-03 4.233081266283988953e-02 7.543682120740413666e-03 9.317208081483840942e-03 3.333044471219182014e-03 1.481924322433769703e-03 8.092878386378288269e-03 2.058100514113903046e-02 1.687759347259998322e-02 7.032306399196386337e-03 8.101234212517738342e-03 4.578157514333724976e-02 3.781666606664657593e-02 1.401478238403797150e-02 1.187126059085130692e-02 5.249412730336189270e-03 7.844161242246627808e-03 5.441098939627408981e-03 7.058349438011646271e-03 1.053347066044807434e-02 5.515675991773605347e-03 5.672415718436241150e-03 9.832774521782994270e-04 1.414261385798454285e-02 9.750802069902420044e-03 2.701790817081928253e-02 1.547574345022439957e-02 5.200228653848171234e-03 3.075583605095744133e-03
1.015014015138149261e-02 5.725267343223094940e-03 4.283193964511156082e-03 1.869807019829750061e-02 2.299327775835990906e-02 1.723475009202957153e-02 1.551625877618789673e-02 2.085968293249607086e-02 4.312085360288619995e-02 8.627023100852966309e-01 6.720507051795721054e-03 2.944512665271759033e-02 7.730273995548486710e-03 2.894252352416515350e-02 1.559844706207513809e-02 2.600652724504470825e-02 3.198926895856857300e-02 3.320184722542762756e-02 4.010593146085739136e-02 1.868258044123649597e-02 1.501704938709735870e-02 1.467363163828849792e-02 2.986530028283596039e-02 3.463879227638244629e-02 1.580266095697879791e-02 2.092303521931171417e-02 1.947121135890483856e-02 6.501501426100730896e-03 2.002444863319396973e-02 2.395081566646695137e-03 1.641654409468173981e-02 1.913827843964099884e-02 1.721841469407081604e-02 2.425186708569526672e-02 1.349127758294343948e-02 2.100776473525911570e-04 8.251633495092391968e-03 1.439052820205688477e-02 1.665257476270198822e-02 1.144530624151229858e-02 1.679186150431632996e-02 3.236261755228042603e-02 2.587524615228176117e-02 8.674891665577888489e-03 2.867753617465496063e-02 2.385155670344829559e-02 1.736910827457904816e-02 1.768233999609947205e-02 1.802144572138786316e-02 3.143065422773361206e-02 2.207892388105392456e-02 2.344337478280067444e-02 2.979213604703545570e-03 6.296276114881038666e-03 2.840170077979564667e-02 3.889191895723342896e-02 2.881556935608386993e-02 2.381843328475952148e-02 6.232773419469594955e-03 4.851653706282377243e-03 2.092904783785343170e-02 2.222211100161075592e-02 6.522093433886766434e-03 1.307702716439962387e-02 1.068454701453447342e-02 1.200780645012855530e-02 7.364936172962188721e-03 2.064931904897093773e-04 2.730155736207962036e-02 2.097138389945030212e-02 3.758341446518898010e-02 1.226638909429311752e-02 1.710150949656963348e-02 1.816583424806594849e-02 2.265993319451808929e-02 1.010344829410314560e-02 3.620233759284019470e-02 4.981379956007003784e-02 3.825336322188377380e-02 3.701209649443626404e-02 1.140114758163690567e-02 1.364375092089176178e-02 2.186221815645694733e-02 3.308850154280662537e-02 2.811771258711814880e-02 3.234258294105529785e-02 1.173453032970428467e-02 9.342516772449016571e-03 2.650821022689342499e-02 2.855306863784790039e-02 1.844851858913898468e-02 1.392975077033042908e-02 1.356310583651065826e-02 9.698267094790935516e-03 1.615679077804088593e-02 1.553553342819213867e-02 1.341485790908336639e-02 4.092189483344554901e-04 2.855385467410087585e-02 3.428815305233001709e-02 1.618092320859432220e-02 2.098856680095195770e-02 4.257131367921829224e-03 9.558719582855701447e-03 7.865904830396175385e-03 1.087249256670475006e-02 1.391173154115676880e-02 1.953261718153953552e-02 1.829103380441665649e-02 2.038430795073509216e-02 1.967036724090576172e-02 1.635987311601638794e-02 2.515625022351741791e-02 2.465032413601875305e-02 4.710793960839509964e-03 4.377817735075950623e-03
7.147835940122604370e-02 7.346090674400329590e-02 5.178479012101888657e-03 4.840134351979941130e-04 3.287400351837277412e-03 5.695885419845581055e-02 5.963661894202232361e-02 1.702274009585380554e-02 7.020757533609867096e-03 6.720507051795721054e-03 8.627023100852966309e-01 1.768012903630733490e-02 7.731974124908447266e-02 2.462656609714031219e-02 2.360224910080432892e-02 8.092517964541912079e-03 1.274143625050783157e-02 2.733830828219652176e-03 3.735564881935715675e-03 2.167902700603008270e-02 7.516525685787200928e-03 2.134409919381141663e-02 5.590373650193214417e-03 2.693265909329056740e-03 1.432572957128286362e-02 1.385987643152475357e-02 1.677891472354531288e-03 5.012649577111005783e-03 2.394966967403888702e-02 7.078367285430431366e-03 1.404588017612695694e-02 1.565669663250446320e-02 1.708872057497501373e-02 7.694605272263288498e-03 1.893353275954723358e-02 1.086636073887348175e-02 1.060634758323431015e-02 2.637062454596161842e-03 2.959496807307004929e-03 1.241390407085418701e-02 1.765523804351687431e-03 6.547362077981233597e-03 6.361365318298339844e-03 1.145369932055473328e-02 6.771303713321685791e-03 1.659979671239852905e-02 6.288596242666244507e-02 5.276913568377494812e-02 6.529608741402626038e-03 1.461848989129066467e-02 6.821109447628259659e-03 1.688540540635585785e-02 9.719289839267730713e-03 1.516568753868341446e-02 1.373360399156808853e-02 1.039936207234859467e-02 1.423409767448902130e-02 1.929307729005813599e-02 7.040193770080804825e-03 2.670889720320701599e-02 1.083965972065925598e-02 1.034508738666772842e-02 9.638919495046138763e-03 1.245098933577537537e-02 6.407020241022109985e-02 5.039615184068679810e-02 7.855446077883243561e-03 1.796669908799231052e-03 1.007155515253543854e-02 9.581073187291622162e-03 6.712432368658483028e-04 7.788441726006567478e-04 4.120625962968915701e-04 4.208608879707753658e-04 1.931949635036289692e-03 1.355377584695816040e-02 4.956668708473443985e-03 4.633367061614990234e-03 1.701951841823756695e-03 1.449672970920801163e-03 7.222246844321489334e-03 8.767643943428993225e-03 1.184260472655296326e-02 1.502215676009654999e-02 5.838725250214338303e-03 5.806112196296453476e-03 2.814373746514320374e-02 2.278553135693073273e-02 8.597268722951412201e-03 9.193866513669490814e-03 3.440865874290466309e-02 3.571192920207977295e-02 4.222353175282478333e-02 2.099171839654445648e-02 6.034832913428544998e-03 1.920336857438087463e-03 1.630864338949322701e-03 5.401811562478542328e-03 4.924620501697063446e-03 4.763715900480747223e-03 8.821404539048671722e-03 8.582619018852710724e-03 2.722934586927294731e-03 3.515671007335186005e-03 9.798482991755008698e-03 7.476756349205970764e-03 2.694894094020128250e-03 1.555488724261522293e-02 5.749879055656492710e-04 1.306922640651464462e-02 6.635863683186471462e-04 9.719052468426525593e-04 1.745710894465446472e-02 5.854418035596609116e-03 3.682556003332138062e-02 3.947570454329252243e-03
2.990327402949333191e-02 2.450412511825561523e-02 8.020209148526191711e-03 2.396211959421634674e-03 8.634062483906745911e-03 4.529833421111106873e-02 4.510121420025825500e-02 1.473201625049114227e-02 4.181541129946708679e-02 2.944512665271759033e-02 1.768012903630733490e-02 8.627023100852966309e-01 1.499583479017019272e-02 6.994054466485977173e-02 1.022272463887929916e-02 2.348709478974342346e-02 2.703126519918441772e-02 2.044941857457160950e-02 9.348047897219657898e-03 2.088236063718795776e-02 1.256539206951856613e-02 1.298119407147169113e-02 4.037932679057121277e-02 4.010863229632377625e-02 8.638581261038780212e-03 6.256203632801771164e-03 1.098297722637653351e-02 2.774878591299057007e-02 9.602420963346958160e-03 4.185472615063190460e-03 8.290016092360019684e-03 1.874307915568351746e-02 1.589351147413253784e-02 1.881490834057331085e-02 5.519276019185781479e-03 9.483258239924907684e-03 2.604528330266475677e-03 1.344281830824911594e-03 1.563986018300056458e-02 1.243730913847684860e-02 3.169761737808585167e-03 2.325224317610263824e-02 1.616932824254035950e-02 1.315573602914810181e-02 4.523374885320663452e-02 4.142692685127258301e-02 4.205290228128433228e-02 3.798092529177665710e-02 6.158120464533567429e-03 9.675328619778156281e-03 7.837359793484210968e-03 2.590830624103546143e-02 8.465453982353210449e-03 5.538015626370906830e-03 1.588370837271213531e-02 9.234202094376087189e-03 1.627264358103275299e-02 4.314691759645938873e-03 1.139190862886607647e-03 2.259940840303897858e-03 1.569577865302562714e-02 2.702269470319151878e-03 3.443397814407944679e-03 2.305446658283472061e-03 1.329744118265807629e-03 1.664822222664952278e-03 5.411039572209119797e-03 4.631064366549253464e-03 2.551203407347202301e-02 2.067100955173373222e-03 2.322220802307128906e-02 8.159944787621498108e-03 6.512426771223545074e-03 3.801421960815787315e-03 4.206424113363027573e-03 7.745768874883651733e-03 3.309424966573715210e-02 4.082019999623298645e-02 4.348465055227279663e-02 2.559956721961498260e-02 7.213993463665246964e-03 1.078211795538663864e-02 2.228221110999584198e-02 1.786427013576030731e-02 3.461378812789916992e-02 3.018503822386264801e-02 9.899313561618328094e-03 1.694899168796837330e-03 3.463187813758850098e-02 1.653292588889598846e-02 2.236543968319892883e-02 8.781420998275279999e-03 2.345478534698486328e-02 3.016582457348704338e-03 1.418140530586242676e-02 8.778722025454044342e-03 1.069397199898958206e-03 5.593035370111465454e-03 2.463861182332038879e-02 2.555556595325469971e-02 4.598115570843219757e-03 8.458880707621574402e-03 2.968620276078581810e-03 5.682651884853839874e-03 5.051812331657856703e-05 9.393049986101686954e-04 9.253342635929584503e-03 3.994951490312814713e-03 5.516678094863891602e-03 7.783481269143521786e-04 1.109987683594226837e-02 1.537504605948925018e-02 1.479615084826946259e-02 1.737453602254390717e-02 1.222293172031641006e-02 1.794050447642803192e-02
6.089240685105323792e-02 7.648497819900512695e-02 1.260419096797704697e-02 4.231318016536533833e-04 1.939209643751382828e-03 5.258022248744964600e-02 5.898974090814590454e-02 1.963294483721256256e-02 6.019311957061290741e-03 7.730273995548486710e-03 7.731974124908447266e-02 1.499583479017019272e-02 8.627023100852966309e-01 2.661790698766708374e-02 3.540202602744102478e-02 3.127264557406306267e-03 9.624156169593334198e-03 1.152092008851468563e-03 2.020811662077903748e-03 1.021203026175498962e-02 1.240423507988452911e-02 3.670527786016464233e-02 2.202615578426048160e-04 5.675215739756822586e-03 1.222219038754701614e-02 1.339813042432069778e-02 2.214172296226024628e-02 3.379568690434098244e-03 6.738785654306411743e-03 5.813324823975563049e-03 1.495734043419361115e-02 1.391891855746507645e-02 1.942975074052810669e-02 1.379515975713729858e-02 2.073128893971443176e-02 4.179340787231922150e-03 1.312294322997331619e-02 1.828997023403644562e-02 2.000361680984497070e-03 9.483330883085727692e-03 1.258591469377279282e-02 2.472732681781053543e-03 5.366872064769268036e-04 1.783688925206661224e-02 4.633895587176084518e-03 1.204460952430963516e-02 5.089675635099411011e-02 5.125125125050544739e-02 4.824800416827201843e-03 9.828635491430759430e-03 7.091414649039506912e-03 3.572008572518825531e-03 1.596342772245407104e-02 2.178788557648658752e-02 2.273357100784778595e-02 3.367871278896927834e-03 8.474052883684635162e-03 1.896683312952518463e-02 1.496459823101758957e-02 2.262009307742118835e-02 8.115372620522975922e-03 5.950817838311195374e-03 1.557805854827165604e-02 1.051121670752763748e-02 4.368415847420692444e-02 4.921911656856536865e-02 4.847766365855932236e-03 1.957311481237411499e-02 7.209761999547481537e-03 6.240414455533027649e-03 6.481333984993398190e-04 2.280459739267826080e-02 5.802718922495841980e-03 3.358606249094009399e-03 5.040175747126340866e-03 6.713984068483114243e-03 2.889624563977122307e-03 3.463604953140020370e-03 4.090378992259502411e-03 8.806426078081130981e-03 1.731979474425315857e-02 1.529354415833950043e-02 1.051470171660184860e-02 1.043168082833290100e-02 7.406835444271564484e-03 3.785305423662066460e-03 4.097973182797431946e-02 3.591160476207733154e-02 2.109178807586431503e-03 1.508867368102073669e-02 1.589157804846763611e-02 3.667036443948745728e-02 3.734794259071350098e-02 3.468265011906623840e-02 2.688941312953829765e-03 2.264033071696758270e-03 7.345139980316162109e-03 3.355830267537385225e-04 7.629421888850629330e-04 1.469072303734719753e-03 6.861940957605838776e-03 1.616642065346240997e-02 1.423237938433885574e-02 3.409420140087604523e-03 1.470307819545269012e-02 1.310774218291044235e-02 9.372658678330481052e-04 6.129959598183631897e-03 3.624583478085696697e-04 4.137696232646703720e-03 1.048964075744152069e-02 1.095805596560239792e-02 4.341884981840848923e-03 3.145416500046849251e-03 1.229805126786231995e-02 1.067598722875118256e-02
