8.370029330253601074e-01 7.882041484117507935e-02 1.515254552941769361e-04 2.479014359414577484e-02 3.342881798744201660e-02 5.220216512680053711e-02 4.964501783251762390e-02 2.573734149336814880e-02 1.940081128850579262e-03 3.197191981598734856e-03 6.865750253200531006e-02 2.212031977251172066e-03 6.024231016635894775e-02 4.190961830317974091e-03 5.704146251082420349e-02 6.595371291041374207e-03 1.455219183117151260e-02 6.099797319620847702e-03 1.100942678749561310e-02 2.591654425486922264e-03 2.567317103967070580e-03 2.915890887379646301e-02 6.999837234616279602e-03 1.349771488457918167e-02 9.068039245903491974e-03 5.969834048300981522e-03 2.727679535746574402e-02 4.068665206432342529e-03 3.651172295212745667e-02 5.016745999455451965e-03 3.000003099441528320e-02 9.015220217406749725e-03 5.531540606170892715e-03 4.237256071064621210e-04 1.180449733510613441e-03 1.759621500968933105e-02 1.313376240432262421e-02 1.977523975074291229e-02 9.749224409461021423e-03 1.973870955407619476e-02 1.254347432404756546e-02 1.039897836744785309e-02 2.977930195629596710e-02 1.560887088999152184e-03 1.791109796613454819e-03 1.760868169367313385e-02 4.858128353953361511e-02 4.284181073307991028e-02 3.996518440544605255e-03 1.540737599134445190e-02 2.325238473713397980e-02 2.346051111817359924e-02 1.820498146116733551e-02 2.391932345926761627e-02 2.876509213820099831e-03 5.676378495991230011e-03 1.766108209267258644e-03 7.412151899188756943e-03 1.119127031415700912e-02 2.523293904960155487e-02 1.035013142973184586e-02 1.698023825883865356e-02 4.505119286477565765e-03 2.093547582626342773e-02 4.047760739922523499e-02 4.557238891720771790e-02 1.851231977343559265e-02 5.994027946144342422e-03 1.032198965549468994e-02 2.378823421895503998e-02 9.365478530526161194e-03 4.481219220906496048e-03 1.495616417378187180e-02 3.894891589879989624e-03 3.176579624414443970e-02 1.456184033304452896e-02 1.102905347943305969e-02 3.176424885168671608e-03 2.380229718983173370e-02 1.070066355168819427e-02 1.607619924470782280e-03 2.263835864141583443e-03 2.505480125546455383e-02 1.550086680799722672e-02 2.652625180780887604e-02 3.562328638508915901e-03 3.287792578339576721e-02 3.376970812678337097e-02 5.118470173329114914e-03 4.958692938089370728e-03 2.895081974565982819e-02 2.891482412815093994e-02 2.796968817710876465e-02 1.302376762032508850e-02 6.343460641801357269e-03 3.144726855680346489e-03 7.099684327840805054e-03 9.500018320977687836e-03 5.399829242378473282e-04 1.193871442228555679e-02 4.923966247588396072e-03 5.249452311545610428e-03 1.205840427428483963e-02 2.089538611471652985e-02 1.026573497802019119e-02 9.519164450466632843e-03 3.762571839615702629e-03 1.833387766964733601e-03 1.768090296536684036e-03 2.145737409591674805e-02 1.210113428533077240e-02 1.071917545050382614e-02 8.222023025155067444e-03 1.600278913974761963e-02 1.872059656307101250e-03 3.832465445157140493e-04
7.882041484117507935e-02 8.370029330253601074e-01 5.749166011810302734e-04 1.503603160381317139e-02 2.758455276489257812e-02 5.603710934519767761e-02 5.897799879312515259e-02 2.405339106917381287e-02 1.228785607963800430e-03 2.331312745809555054e-03 6.574147194623947144e-02 5.663024261593818665e-03 6.571880728006362915e-02 1.352834329009056091e-02 4.741973429918289185e-02 6.563903763890266418e-03 1.617274619638919830e-02 6.346479989588260651e-03 1.263357046991586685e-02 9.639022871851921082e-03 1.768465270288288593e-03 2.249978110194206238e-02 6.765753496438264847e-03 1.548741385340690613e-02 1.271410379558801651e-02 2.085239393636584282e-03 1.874035969376564026e-02 1.515263970941305161e-02 3.566314280033111572e-02 4.934826865792274475e-03 2.980201691389083862e-02 4.335736855864524841e-03 1.154714450240135193e-02 9.942127391695976257e-03 4.382864106446504593e-03 2.016839757561683655e-02 2.076829038560390472e-02 9.284699335694313049e-03 3.360380884259939194e-03 2.202821150422096252e-02 5.458074156194925308e-03 4.583454225212335587e-03 2.707007341086864471e-02 3.020108677446842194e-03 6.639154744334518909e-04 3.145685885101556778e-03 5.325534194707870483e-02 4.673629626631736755e-02 1.094380766153335571e-02 2.373333647847175598e-02 7.960648275911808014e-03 1.413775980472564697e-02 1.209157984703779221e-02 2.215371653437614441e-02 1.096494495868682861e-03 5.727464333176612854e-03 6.546815391629934311e-03 2.379361307248473167e-03 1.285477168858051300e-02 2.035117335617542267e-02 1.019002776592969894e-02 2.619940415024757385e-02 4.281064029783010483e-03 1.385487988591194153e-02 4.237066209316253662e-02 4.470608755946159363e-02 1.701204478740692139e-02 4.220544826239347458e-03 1.888612983748316765e-03 1.894287951290607452e-02 4.555808845907449722e-03 4.786086734384298325e-03 3.509065369144082069e-03 1.302652899175882339e-02 1.958114840090274811e-02 1.555372215807437897e-02 1.279522106051445007e-02 3.259515622630715370e-03 2.204566635191440582e-02 7.310301996767520905e-03 6.786731537431478500e-03 1.385569293051958084e-02 2.024460583925247192e-02 1.374658476561307907e-02 2.246333658695220947e-02 9.313774644397199154e-04 2.715833671391010284e-02 2.829306572675704956e-02 8.269106037914752960e-03 1.836742856539785862e-03 3.355209901928901672e-02 2.112983725965023041e-02 3.384478390216827393e-02 1.307549607008695602e-02 6.779787130653858185e-03 7.810846436768770218e-03 7.487846538424491882e-03 8.121621794998645782e-03 1.654079183936119080e-03 5.191443953663110733e-03 4.748496226966381073e-03 7.994383573532104492e-03 7.392670493572950363e-03 1.456829626113176346e-02 1.104194950312376022e-02 1.429918874055147171e-02 1.071601174771785736e-03 6.024977192282676697e-03 5.080491304397583008e-03 1.301366742700338364e-02 1.253836788237094879e-02 9.288366883993148804e-03 1.900464412756264210e-03 3.503566258586943150e-04 1.589086605235934258e-03 2.369025256484746933e-03
1.515254552941769361e-04 5.749166011810302734e-04 8.370029330253601074e-01 8.997088298201560974e-03 2.045049797743558884e-03 1.914896257221698761e-02 1.648984290659427643e-02 4.408534988760948181e-02 3.567837877199053764e-03 1.342957653105258942e-02 5.923165939748287201e-03 2.849921211600303650e-02 1.070564519613981247e-02 2.276217006146907806e-02 1.076707523316144943e-02 2.367260493338108063e-02 2.246277034282684326e-02 2.289216220378875732e-02 1.156235765665769577e-02 2.588245831429958344e-02 1.368157193064689636e-02 2.992912009358406067e-02 2.604911476373672485e-02 3.079304471611976624e-02 1.257016882300376892e-02 1.079062421922571957e-04 2.741174958646297455e-02 7.993754930794239044e-03 8.667735382914543152e-03 2.122139930725097656e-02 1.265192311257123947e-02 2.446828596293926239e-02 1.066060084849596024e-02 2.096811309456825256e-02 3.666467033326625824e-03 1.622051373124122620e-02 2.206028252840042114e-02 2.713824994862079620e-02 3.143180627375841141e-03 1.311363186687231064e-02 3.247388452291488647e-02 2.337873540818691254e-02 2.406523935496807098e-02 5.304171890020370483e-02 2.266032621264457703e-02 7.654247339814901352e-03 2.627458795905113220e-02 1.939820311963558197e-02 5.772633012384176254e-03 2.129916660487651825e-02 1.638492010533809662e-02 1.896208967082202435e-03 1.407594792544841766e-02 1.208547502756118774e-02 5.016881972551345825e-03 2.525176480412483215e-02 2.303048409521579742e-02 9.759690612554550171e-03 2.926921285688877106e-02 4.605669528245925903e-03 5.802242550998926163e-03 2.294376306235790253e-02 2.374172024428844452e-02 6.247014738619327545e-03 7.193993311375379562e-03 8.990787900984287262e-03 5.170690361410379410e-03 6.657221354544162750e-03 2.412574540358036757e-04 4.381368868052959442e-03 1.236484013497829437e-02 5.753811448812484741e-03 1.009168662130832672e-02 9.381030686199665070e-03 6.368274334818124771e-04 1.746344193816184998e-02 6.204256322234869003e-03 2.067018859088420868e-02 1.708466559648513794e-03 2.348605915904045105e-02 6.663939356803894043e-02 3.783386200666427612e-02 2.164110168814659119e-02 2.051039226353168488e-02 1.978471409529447556e-03 1.501660514622926712e-02 2.910730428993701935e-02 2.270057983696460724e-02 1.583694480359554291e-02 3.171544987708330154e-03 1.648767665028572083e-02 2.062889747321605682e-02 3.041310934349894524e-03 1.423895452171564102e-02 1.536794565618038177e-02 7.271090871654450893e-04 1.913343369960784912e-02 4.004663787782192230e-03 1.303636934608221054e-02 7.160373032093048096e-03 1.387889351462945342e-04 5.506734363734722137e-03 2.014112286269664764e-02 5.789612885564565659e-03 8.987980254460126162e-05 7.669549435377120972e-03 5.012632347643375397e-03 2.464351430535316467e-02 2.563261194154620171e-03 2.618342265486717224e-02 3.229880332946777344e-02 2.783037163317203522e-02 3.536408767104148865e-02 2.694686315953731537e-02 4.085104539990425110e-02 2.709999866783618927e-02
2.479014359414577484e-02 1.503603160381317139e-02 8.997088298201560974e-03 8.370029330253601074e-01 7.016161829233169556e-02 8.674067445099353790e-03 6.603663321584463120e-03 5.068507976830005646e-03 2.018991857767105103e-02 2.280781604349613190e-02 2.072344534099102020e-02 2.784254727885127068e-03 1.630404405295848846e-02 1.896559819579124451e-02 1.710659265518188477e-02 1.578995771706104279e-02 8.906947448849678040e-03 8.351984433829784393e-03 1.172360219061374664e-02 5.943092051893472672e-03 1.962392823770642281e-03 7.420960348099470139e-03 1.642711088061332703e-02 2.210778184235095978e-02 1.420297101140022278e-02 3.604795085266232491e-03 2.383288694545626640e-03 2.900687418878078461e-02 2.176359994336962700e-03 1.413568388670682907e-03 5.656559485942125320e-03 3.037025034427642822e-02 2.138696052134037018e-02 2.323139272630214691e-02 7.400089089060202241e-05 5.060464143753051758e-03 1.002914831042289734e-02 4.793556407094001770e-03 4.690203443169593811e-02 1.405072864145040512e-02 7.540563587099313736e-03 1.640284992754459381e-02 2.024324983358383179e-02 4.644898232072591782e-03 1.623665541410446167e-02 1.196456793695688248e-02 1.329919602721929550e-02 1.645698584616184235e-02 3.546764841303229332e-03 8.207153528928756714e-03 3.516089171171188354e-02 3.695044666528701782e-02 2.114242501556873322e-02 1.995573192834854126e-02 1.249514706432819366e-02 2.255692379549145699e-03 3.127666190266609192e-02 8.866917341947555542e-03 1.082689152099192142e-03 1.804799027740955353e-02 2.869012393057346344e-02 1.135149068431928754e-04 2.160181291401386261e-02 2.227257564663887024e-02 6.989703979343175888e-03 1.496722269803285599e-02 1.430382300168275833e-02 1.897040382027626038e-02 4.781617224216461182e-02 1.020606793463230133e-02 2.689683996140956879e-02 9.119879687204957008e-04 6.253349035978317261e-02 1.290921866893768311e-02 5.920930951833724976e-02 1.614778861403465271e-02 3.787856921553611755e-02 4.438241478055715561e-03 1.760878803906962276e-04 2.745147980749607086e-02 5.942448973655700684e-03 2.187656937167048454e-03 2.194126881659030914e-02 6.345701869577169418e-03 1.413723919540643692e-02 2.297802269458770752e-02 5.936915054917335510e-03 1.262761768884956837e-03 2.968299202620983124e-02 7.148447446525096893e-03 4.790819715708494186e-03 1.214761659502983093e-02 1.465246081352233887e-03 6.877725478261709213e-03 1.408810634166002274e-02 1.084652170538902283e-02 3.143893927335739136e-02 2.290582284331321716e-02 1.056741364300251007e-02 9.846345521509647369e-03 4.481128144107060507e-06 1.677621528506278992e-02 3.674902394413948059e-02 7.365784142166376114e-03 8.568528108298778534e-03 4.126911517232656479e-03 5.309018306434154510e-03 2.147555164992809296e-02 8.335893042385578156e-03 1.114670559763908386e-02 2.457617782056331635e-02 1.672688871622085571e-02 1.939447224140167236e-02 1.227903366088867188e-02 2.379877120256423950e-02 2.173235081136226654e-02
3.342881798744201660e-02 2.758455276489257812e-02 2.045049797743558884e-03 7.016161829233169556e-02 8.370029330253601074e-01 1.372500695288181305e-02 1.402370538562536240e-02 6.166798062622547150e-03 1.737922057509422302e-02 1.810819841921329498e-02 2.943918853998184204e-02 1.067176647484302521e-02 1.697424985468387604e-02 3.076533321291208267e-03 1.772890612483024597e-02 1.478730700910091400e-02 1.145700085908174515e-02 4.676786251366138458e-03 1.569463312625885010e-02 1.824644394218921661e-03 1.269183401018381119e-02 3.366884542629122734e-03 1.086187176406383514e-02 1.442759856581687927e-02 6.969488225877285004e-03 4.653723910450935364e-03 7.561683654785156250e-03 2.323591709136962891e-02 1.803496968932449818e-03 2.111350884661078453e-03 3.364506643265485764e-03 3.256120905280113220e-02 2.269779331982135773e-02 1.895446330308914185e-02 4.074497614055871964e-03 1.069563091732561588e-03 4.904300905764102936e-03 9.815295925363898277e-04 5.580359324812889099e-02 3.150242939591407776e-02 1.749647432006895542e-03 1.081058662384748459e-02 1.107965502887964249e-02 7.968060672283172607e-03 1.574842631816864014e-02 1.810015551745891571e-02 1.790404319763183594e-02 2.191148139536380768e-02 3.667904064059257507e-03 5.032636690884828568e-03 3.231662884354591370e-02 3.256881982088088989e-02 2.711781673133373260e-02 2.246335707604885101e-02 1.000416651368141174e-02 3.634421620517969131e-03 2.026533335447311401e-02 1.023596897721290588e-02 2.687598578631877899e-03 2.481498196721076965e-02 1.152337528765201569e-02 2.214383566752076149e-03 1.880816183984279633e-02 3.024509176611900330e-02 3.024219186045229435e-04 1.707126013934612274e-02 1.421315316110849380e-02 1.307345926761627197e-02 3.217481821775436401e-02 9.055014699697494507e-03 2.492041885852813721e-02 4.548621829599142075e-03 4.925835505127906799e-02 1.062848605215549469e-02 6.429732590913772583e-02 1.008725538849830627e-02 2.838617376983165741e-02 8.049298077821731567e-03 3.414961276575922966e-03 1.667433604598045349e-02 1.708395080640912056e-03 1.366132963448762894e-02 2.885780110955238342e-02 1.439351588487625122e-03 2.681357972323894501e-02 3.395175561308860779e-02 9.238696657121181488e-03 3.341875504702329636e-03 2.740306034684181213e-02 2.762722223997116089e-02 1.304534263908863068e-02 6.342936307191848755e-03 1.771463826298713684e-02 1.425206288695335388e-02 1.835878752171993256e-02 4.983811173588037491e-03 2.488335222005844116e-02 2.237481251358985901e-02 1.596211339347064495e-03 4.371035844087600708e-03 1.260384451597929001e-02 2.121454663574695587e-02 3.225214406847953796e-02 6.122428458184003830e-03 1.764494460076093674e-03 1.523327082395553589e-02 4.052354954183101654e-03 1.403648406267166138e-02 9.744280949234962463e-03 1.574671640992164612e-02 2.030943520367145538e-02 5.868576467037200928e-03 1.556791272014379501e-02 1.190760452300310135e-02 1.971698924899101257e-02 1.963674463331699371e-02
5.220216512680053711e-02 5.603710934519767761e-02 1.914896257221698761e-02 8.674067445099353790e-03 1.372500695288181305e-02 8.370029330253601074e-01 7.867745310068130493e-02 2.300569787621498108e-03 7.750923279672861099e-03 1.336945220828056335e-03 6.064536422491073608e-02 7.043202640488743782e-04 6.695027649402618408e-02 2.124343300238251686e-03 2.113870345056056976e-02 1.603875309228897095e-02 6.837605498731136322e-03 1.043996307998895645e-02 5.963660776615142822e-03 1.128854416310787201e-02 9.137366898357868195e-03 1.968652941286563873e-03 3.295084228739142418e-03 3.491368843242526054e-03 2.148953732103109360e-03 1.676318235695362091e-02 2.035329816862940788e-03 9.523967280983924866e-03 3.666767850518226624e-02 1.216369122266769409e-02 4.400144517421722412e-02 1.654942892491817474e-02 9.168302640318870544e-03 1.141762547194957733e-02 1.673011295497417450e-02 1.003656536340713501e-03 1.235889550298452377e-02 7.806664332747459412e-03 3.766333102248609066e-04 3.765994450077414513e-03 1.564624533057212830e-02 2.312609367072582245e-02 3.669199720025062561e-02 5.455210804939270020e-03 3.009899752214550972e-03 5.487698130309581757e-03 6.777311861515045166e-02 5.968357995152473450e-02 9.693527594208717346e-03 1.831515692174434662e-02 2.371012046933174133e-02 1.716686785221099854e-02 4.383048508316278458e-03 5.216144025325775146e-03 7.361626485362648964e-04 2.781002083793282509e-03 1.806057244539260864e-02 1.927208900451660156e-02 6.052531767636537552e-03 1.196445617824792862e-02 2.675376599654555321e-03 8.014942519366741180e-03 5.929184146225452423e-03 1.684167794883251190e-02 3.408472612500190735e-02 5.377030000090599060e-02 8.053497411310672760e-03 4.508824087679386139e-03 1.450560148805379868e-02 1.705495454370975494e-02 8.406598120927810669e-03 8.239767630584537983e-04 1.199781242758035660e-02 1.091946009546518326e-02 1.436520367860794067e-02 1.852858066558837891e-02 5.701537709683179855e-03 1.596986688673496246e-02 2.377313375473022461e-02 2.860269322991371155e-02 1.628021895885467529e-02 2.361106500029563904e-02 4.990342073142528534e-03 4.561504814773797989e-03 1.262403558939695358e-02 4.764406185131520033e-04 1.135174185037612915e-02 1.758480630815029144e-02 7.832775823771953583e-03 1.272934395819902420e-02 3.793489933013916016e-02 2.530761063098907471e-02 3.541610017418861389e-02 1.826170459389686584e-02 2.022679429501295090e-03 5.788336973637342453e-03 2.169880270957946777e-02 2.923949621617794037e-02 8.244210854172706604e-03 1.416143029928207397e-02 7.845572195947170258e-03 3.093633102253079414e-03 1.102143246680498123e-02 2.034252882003784180e-02 7.343063596636056900e-03 2.953525981865823269e-04 3.361276583746075630e-03 4.912814125418663025e-03 1.672698371112346649e-02 1.705148257315158844e-02 2.292655222117900848e-02 6.693042349070310593e-03 2.713332325220108032e-02 3.280355036258697510e-02 1.869373582303524017e-02 2.575781568884849548e-02
4.964501783251762390e-02 5.897799879312515259e-02 1.648984290659427643e-02 6.603663321584463120e-03 1.402370538562536240e-02 7.867745310068130493e-02 8.370029330253601074e-01 2.955595031380653381e-03 5.611860658973455429e-03 1.182954409159719944e-03 5.991855263710021973e-02 4.939449019730091095e-03 6.893175095319747925e-02 6.193118169903755188e-03 1.833684183657169342e-02 1.614260859787464142e-02 9.514836594462394714e-03 1.365613099187612534e-02 6.141445599496364594e-03 1.618013717234134674e-02 6.548910401761531830e-03 4.841023474000394344e-04 9.782790439203381538e-04 5.111430655233561993e-04 3.910430707037448883e-03 1.919429190456867218e-02 5.759642925113439560e-03 1.366238389164209366e-02 3.866396471858024597e-02 1.007130928337574005e-02 4.219470918178558350e-02 1.703668572008609772e-02 1.192541886121034622e-02 9.170260280370712280e-03 1.797983981668949127e-02 1.841351157054305077e-03 7.820968516170978546e-03 1.081481762230396271e-02 2.623050473630428314e-03 9.511084295809268951e-03 1.628782972693443298e-02 2.730099670588970184e-02 3.849903866648674011e-02 8.080180734395980835e-03 6.497744936496019363e-03 6.092718802392482758e-03 7.086258381605148315e-02 6.500415503978729248e-02 1.592875830829143524e-02 2.256111055612564087e-02 1.326310075819492340e-02 8.841927163302898407e-03 2.478737384080886841e-03 7.013771217316389084e-03 5.793672753497958183e-04 5.580617580562829971e-03 1.638401672244071960e-02 1.604990847408771515e-02 1.392580452375113964e-03 1.580417156219482422e-02 4.164369776844978333e-03 8.025908842682838440e-03 3.748880699276924133e-03 1.452444121241569519e-02 3.838858753442764282e-02 5.522117763757705688e-02 1.238975860178470612e-02 3.976033534854650497e-03 5.536370445042848587e-03 1.088936161249876022e-02 1.156899961642920971e-03 6.213322631083428860e-04 9.768033400177955627e-03 1.370202191174030304e-02 1.067692320793867111e-02 1.871706172823905945e-02 3.172935917973518372e-03 1.416759658604860306e-02 1.977529749274253845e-02 2.532422356307506561e-02 1.669285073876380920e-02 2.639230899512767792e-02 9.956836700439453125e-03 8.212053216993808746e-03 1.355348713696002960e-02 7.646674639545381069e-04 9.855763055384159088e-03 1.843179948627948761e-02 5.140538793057203293e-03 1.096941344439983368e-02 4.423893243074417114e-02 2.199638448655605316e-02 4.334007576107978821e-02 2.299496345221996307e-02 2.706661587581038475e-03 6.255069747567176819e-03 1.821805909276008606e-02 2.185473032295703888e-02 9.644268080592155457e-03 1.148483995348215103e-02 7.136309053748846054e-03 1.011537387967109680e-03 7.276879157871007919e-03 1.187513303011655807e-02 1.161296665668487549e-02 1.309664919972419739e-03 3.827368200290948153e-04 2.662237267941236496e-03 1.829628646373748779e-02 1.192207727581262589e-02 2.137962915003299713e-02 2.881695050746202469e-03 2.577357925474643707e-02 2.319958806037902832e-02 1.712807267904281616e-02 2.206110395491123199e-02
2.573734149336814880e-02 2.405339106917381287e-02 4.408534988760948181e-02 5.068507976830005646e-03 6.166798062622547150e-03 2.300569787621498108e-03 2.955595031380653381e-03 8.370029330253601074e-01 6.087496411055326462e-03 5.865131504833698273e-03 2.189438976347446442e-02 8.901921100914478302e-03 1.385025773197412491e-02 8.014107006601989269e-04 4.255937039852142334e-02 7.881695404648780823e-03 9.894317016005516052e-03 1.965580135583877563e-02 4.256150685250759125e-03 2.718430198729038239e-02 2.262972109019756317e-02 4.679672047495841980e-02 1.907819882035255432e-02 1.810379140079021454e-02 2.155626937747001648e-02 1.883125118911266327e-02 4.267932847142219543e-02 1.279547531157732010e-02 1.860271021723747253e-02 1.022225897759199142e-02 1.717605278827250004e-03 1.960839331150054932e-02 1.661035045981407166e-02 2.046294510364532471e-02 2.623967360705137253e-03 3.558073192834854126e-02 2.623804844915866852e-02 3.109416551887989044e-02 1.494362950325012207e-04 1.519167050719261169e-02 3.264894708991050720e-02 3.126429626718163490e-03 1.840191427618265152e-03 2.958570234477519989e-02 1.652349717915058136e-02 5.603280384093523026e-03 7.130621001124382019e-03 1.706628827378153801e-04 2.545597031712532043e-02 1.728847809135913849e-02 2.938485238701105118e-03 1.442648121155798435e-03 3.418498113751411438e-02 4.176682978868484497e-02 1.156827062368392944e-02 1.778578758239746094e-02 2.736098831519484520e-03 1.035123970359563828e-02 2.578501217067241669e-02 1.946732401847839355e-02 7.809326983988285065e-03 1.641930826008319855e-02 1.961526833474636078e-02 4.968708846718072891e-03 3.469521552324295044e-02 2.333651110529899597e-02 8.089994080364704132e-03 1.027610898017883301e-02 7.387833204120397568e-03 2.464985474944114685e-02 1.920947222970426083e-03 1.264313701540231705e-02 9.265927597880363464e-03 2.111652120947837830e-02 1.177762728184461594e-02 2.072660019621253014e-03 1.296622864902019501e-02 2.464077249169349670e-02 3.211955539882183075e-03 8.235844434238970280e-04 5.990741401910781860e-02 4.723405465483665466e-02 1.228750590234994888e-02 2.616250654682517052e-03 2.444430021569132805e-03 2.258293563500046730e-03 6.000349670648574829e-02 5.213942751288414001e-02 1.736217760480940342e-03 2.197341062128543854e-03 2.767720958217978477e-03 3.891550377011299133e-02 7.715132087469100952e-03 3.827239573001861572e-02 2.413170412182807922e-02 1.268094126135110855e-02 1.554167456924915314e-02 2.919123508036136627e-03 8.054464124143123627e-03 2.959100995212793350e-03 1.535031199455261230e-02 1.192986220121383667e-02 1.956457272171974182e-02 1.061552949249744415e-02 1.772628538310527802e-02 2.233614213764667511e-02 3.275551274418830872e-02 8.130654692649841309e-03 1.167192868888378143e-02 8.914115838706493378e-03 2.836125716567039490e-02 2.448580972850322723e-02 1.325234770774841309e-02 6.722411606460809708e-03 2.975597791373729706e-02 2.562061697244644165e-02
1.940081128850579262e-03 1.228785607963800430e-03 3.567837877199053764e-03 2.018991857767105103e-02 1.737922057509422302e-02 7.750923279672861099e-03 5.611860658973455429e-03 6.087496411055326462e-03 8.370029330253601074e-01 1.806965470314025879e-02 3.360738046467304230e-03 2.284776605665683746e-02 1.371012628078460693e-02 2.858524397015571594e-02 1.860306784510612488e-02 2.445649728178977966e-02 2.585868537425994873e-02 1.715285144746303558e-02 1.131020952016115189e-02 2.198362909257411957e-02 2.840370126068592072e-02 1.754968613386154175e-02 3.311159461736679077e-02 3.350740298628807068e-02 1.383905764669179916e-02 2.078687073662877083e-03 9.477957151830196381e-03 2.192475832998752594e-03 1.574648916721343994e-02 2.848716452717781067e-02 1.407970208674669266e-03 1.896217837929725647e-02 2.756252512335777283e-02 1.773014105856418610e-02 8.495743386447429657e-03 4.490317404270172119e-02 4.960112273693084717e-02 2.501947432756423950e-02 1.398741547018289566e-02 3.537858650088310242e-02 2.225962653756141663e-02 5.783217027783393860e-03 5.246045999228954315e-03 1.211144775152206421e-02 2.075832709670066833e-02 1.281964592635631561e-03 4.195746034383773804e-03 7.826539687812328339e-03 2.505254559218883514e-02 2.950502559542655945e-03 2.357264747843146324e-03 5.655909888446331024e-03 7.878500036895275116e-03 1.405009720474481583e-02 6.433825194835662842e-02 2.319176308810710907e-02 3.100970946252346039e-02 1.242095511406660080e-02 1.017319224774837494e-02 1.785599975846707821e-03 3.677903115749359131e-02 3.171503543853759766e-03 1.180153898894786835e-02 8.034972473978996277e-03 2.348454482853412628e-02 2.735543239396065474e-04 1.017102040350437164e-02 3.212235495448112488e-02 7.460596039891242981e-03 6.295460741966962814e-03 1.018546335399150848e-02 2.810107171535491943e-02 1.834220811724662781e-02 6.039065774530172348e-03 1.660815323702991009e-03 3.600443154573440552e-02 6.232650950551033020e-02 1.950444467365741730e-02 3.415502235293388367e-02 3.345995908603072166e-03 1.864818390458822250e-03 6.556841079145669937e-03 2.100979350507259369e-02 1.074581779539585114e-02 9.551133960485458374e-03 1.592831313610076904e-02 7.411289028823375702e-03 1.261306460946798325e-02 4.894954711198806763e-02 2.121832035481929779e-02 7.691012695431709290e-03 1.760767772793769836e-02 2.767331432551145554e-03 5.477694794535636902e-04 7.387929130345582962e-03 1.101130992174148560e-02 2.350656315684318542e-02 9.930891916155815125e-03 2.037595771253108978e-02 4.869055934250354767e-03 1.047598477452993393e-02 1.780542545020580292e-02 1.747054420411586761e-02 1.853836514055728912e-02 7.264034356921911240e-03 8.326967246830463409e-03 6.700006313621997833e-03 5.224634893238544464e-03 4.877675964962691069e-04 9.986482560634613037e-03 1.471724361181259155e-02 9.134486317634582520e-03 6.872318685054779053e-03 1.263702102005481720e-02 1.714408956468105316e-02 1.720119267702102661e-02
3.197191981598734856e-03 2.331312745809555054e-03 1.342957653105258942e-02 2.280781604349613190e-02 1.810819841921329498e-02 1.336945220828056335e-03 1.182954409159719944e-03 5.865131504833698273e-03 1.806965470314025879e-02 8.370029330253601074e-01 5.110144149512052536e-03 3.223023610189557076e-03 3.076471155509352684e-03 2.185426093637943268e-02 6.783652119338512421e-03 1.832045614719390869e-02 2.809766121208667755e-02 2.828194200992584229e-02 4.735299572348594666e-02 1.345695648342370987e-02 6.594147533178329468e-03 1.450244896113872528e-02 3.650525584816932678e-03 2.006495743989944458e-02 2.081914432346820831e-02 1.819395646452903748e-02 9.791878052055835724e-03 4.650826565921306610e-03 4.735308699309825897e-03 1.223822776228189468e-02 1.554834656417369843e-02 2.738752961158752441e-02 1.116954162716865540e-02 3.763596341013908386e-02 1.972115784883499146e-02 1.243895478546619415e-02 2.844272181391716003e-03 7.319250609725713730e-03 2.528362162411212921e-02 1.740173320285975933e-03 1.002988591790199280e-02 2.203594334423542023e-02 8.718078024685382843e-03 1.213317457586526871e-02 1.944193989038467407e-02 1.219382416456937790e-02 3.323440672829747200e-03 2.171972999349236488e-03 1.772262388840317726e-03 4.259427264332771301e-02 2.661832608282566071e-02 1.362544391304254532e-02 2.506417408585548401e-02 2.863149531185626984e-02 7.725812611170113087e-04 4.046003893017768860e-02 2.647103741765022278e-02 2.329289726912975311e-02 2.324692159891128540e-02 2.221156656742095947e-02 9.918127208948135376e-03 4.326705634593963623e-02 1.343801245093345642e-02 6.103255786001682281e-03 6.440652068704366684e-03 7.227744907140731812e-03 2.304034540429711342e-03 5.687845870852470398e-03 9.241061634384095669e-04 3.325662389397621155e-02 2.348318882286548615e-02 1.851884648203849792e-02 2.603741921484470367e-02 2.866548113524913788e-02 6.790250539779663086e-03 2.331628091633319855e-02 8.601229637861251831e-03 4.900968074798583984e-02 2.251703850924968719e-02 4.263581335544586182e-02 1.929164165630936623e-03 1.538392715156078339e-02 2.661405690014362335e-02 4.575453326106071472e-02 7.635708432644605637e-03 2.943803183734416962e-02 1.160682551562786102e-02 1.801499538123607635e-02 2.625462971627712250e-02 2.629892714321613312e-02 1.237689144909381866e-02 3.111781086772680283e-03 1.781512284651398659e-03 2.431688271462917328e-02 9.794979356229305267e-03 1.805545203387737274e-02 2.193405292928218842e-02 2.430991083383560181e-02 2.777421474456787109e-02 2.533970959484577179e-02 1.474223448894917965e-03 2.534798160195350647e-02 1.108851376920938492e-02 2.914477325975894928e-02 2.134717255830764771e-02 9.168884716928005219e-03 7.336299866437911987e-03 2.637277543544769287e-02 1.733036525547504425e-02 2.062030136585235596e-02 2.188193984329700470e-02 2.642274484969675541e-04 3.071352280676364899e-02 1.050694566220045090e-02 2.465068362653255463e-02 8.950324729084968567e-03
6.865750253200531006e-02 6.574147194623947144e-02 5.923165939748287201e-03 2.072344534099102020e-02 2.943918853998184204e-02 6.064536422491073608e-02 5.991855263710021973e-02 2.189438976347446442e-02 3.360738046467304230e-03 5.110144149512052536e-03 8.370029330253601074e-01 1.204248424619436264e-02 7.191380858421325684e-02 1.057831384241580963e-02 4.200556874275207520e-02 3.147896379232406616e-03 9.884329047054052353e-04 1.248139742529019713e-04 2.958430442959070206e-03 1.365111558698117733e-03 2.292576478794217110e-03 2.250142022967338562e-02 2.537488006055355072e-03 1.249659690074622631e-04 2.157207782147452235e-04 1.585054211318492889e-02 1.639922149479389191e-02 9.242349304258823395e-03 4.793281853199005127e-02 1.129490695893764496e-02 4.467454552650451660e-02 9.953891858458518982e-03 4.215697292238473892e-03 3.606722690165042877e-03 5.647202022373676300e-03 7.840704172849655151e-03 9.039004216901957989e-04 9.585591964423656464e-03 5.055063404142856598e-03 1.282486971467733383e-02 2.911514602601528168e-03 9.931790642440319061e-03 2.927541919052600861e-02 6.198021117597818375e-03 3.018023271579295397e-04 6.250026170164346695e-03 5.495016649365425110e-02 5.117496103048324585e-02 1.448726654052734375e-02 1.694658398628234863e-02 2.567218244075775146e-02 2.575077302753925323e-02 1.860419288277626038e-02 1.596074737608432770e-02 4.189072176814079285e-03 6.165269762277603149e-03 8.183673024177551270e-03 1.658850722014904022e-02 7.119499612599611282e-03 1.889649033546447754e-02 1.026134472340345383e-02 1.479574386030435562e-02 3.734716447070240974e-03 2.222868427634239197e-02 4.705714434385299683e-02 5.640776827931404114e-02 1.291602291166782379e-02 6.734914146363735199e-03 1.598857901990413666e-02 2.707237005233764648e-02 5.891019478440284729e-03 1.831066794693470001e-03 1.915557868778705597e-02 7.488382514566183090e-03 2.611627615988254547e-02 1.700557395815849304e-02 6.731335073709487915e-03 3.035128582268953323e-03 2.342122793197631836e-02 2.601354196667671204e-02 2.567692892625927925e-03 8.238734677433967590e-03 1.656036637723445892e-02 3.432533936575055122e-03 3.116391785442829132e-02 7.563226856291294098e-03 3.669393435120582581e-02 3.204553574323654175e-02 3.088049357756972313e-03 2.549815224483609200e-03 3.220823407173156738e-02 3.859288990497589111e-02 3.202554211020469666e-02 2.013082988560199738e-02 3.838835982605814934e-04 4.016931634396314621e-03 1.199582219123840332e-02 1.524831634014844894e-02 1.688553718850016594e-03 4.854256287217140198e-03 5.344117525964975357e-03 8.010861463844776154e-03 1.177016552537679672e-02 2.339259721338748932e-02 4.689560737460851669e-03 1.238522864878177643e-02 2.102927304804325104e-03 4.390155430883169174e-03 5.187910515815019608e-03 1.715257205069065094e-02 1.805254071950912476e-02 1.060280483216047287e-02 1.245001982897520065e-02 1.763338409364223480e-02 7.121881004422903061e-03 1.256362255662679672e-02
2.212031977251172066e-03 5.663024261593818665e-03 2.849921211600303650e-02 2.784254727885127068e-03 1.067176647484302521e-02 7.043202640488743782e-04 4.939449019730091095e-03 8.901921100914478302e-03 2.284776605665683746e-02 3.223023610189557076e-03 1.204248424619436264e-02 8.370029330253601074e-01 1.589141041040420532e-02 8.176302909851074219e-02 3.957700915634632111e-03 5.710940342396497726e-03 1.025954354554414749e-02 2.756864018738269806e-02 6.248656660318374634e-03 2.991032227873802185e-02 3.551752865314483643e-02 6.676704622805118561e-03 3.179750218987464905e-02 2.901322208344936371e-02 8.939492516219615936e-03 3.758414182811975479e-03 1.022852840833365917e-03 2.017623279243707657e-03 1.115351449698209763e-02 1.938160695135593414e-02 1.523509528487920761e-02 1.662077754735946655e-02 1.340754143893718719e-02 1.155113801360130310e-02 1.865710328274872154e-05 3.913880139589309692e-02 3.696272522211074829e-02 2.432652749121189117e-02 1.473388867452740669e-03 2.433513291180133820e-02 1.763343065977096558e-02 1.077172998338937759e-02 1.364710927009582520e-02 2.538002282381057739e-02 1.500766910612583160e-02 1.934082061052322388e-02 3.794821910560131073e-03 1.044169906526803970e-02 1.371667161583900452e-02 8.544711396098136902e-03 3.152369335293769836e-02 1.568649709224700928e-02 7.949730497784912586e-04 1.287827827036380768e-02 2.527887746691703796e-02 2.263197302818298340e-02 1.514739543199539185e-02 2.434709807857871056e-03 1.230147667229175568e-02 1.667690277099609375e-02 4.050830379128456116e-02 3.851285437121987343e-03 2.115157619118690491e-02 3.034577239304780960e-03 1.054223719984292984e-02 3.600198775529861450e-03 2.419779635965824127e-02 2.572425641119480133e-02 1.337593141943216324e-02 1.659537083469331264e-03 2.810434205457568169e-03 8.834389969706535339e-03 2.249193005263805389e-02 6.601493805646896362e-03 1.180870109237730503e-03 2.910510264337062836e-02 1.168904942460358143e-03 1.847122097387909889e-03 2.325103245675563812e-02 2.009459584951400757e-02 8.011981844902038574e-03 9.676026180386543274e-03 1.865998096764087677e-02 7.661669049412012100e-03 3.693984448909759521e-02 2.248253300786018372e-02 2.216130029410123825e-03 6.423487793654203415e-03 1.629881560802459717e-02 2.348228730261325836e-02 2.300536632537841797e-02 1.647838158532977104e-03 3.389814868569374084e-02 6.628124509006738663e-03 1.033069565892219543e-02 2.594837686046957970e-03 1.005401834845542908e-02 5.846357904374599457e-03 1.331984065473079681e-02 1.749538059812039137e-04 9.368046186864376068e-03 5.798443686217069626e-03 1.478777080774307251e-02 2.448526024818420410e-02 1.062792818993330002e-02 9.083716198801994324e-03 2.126171952113509178e-03 1.091666868887841702e-03 2.031753771007061005e-02 1.784515217877924442e-03 1.928416825830936432e-02 3.042271919548511505e-02 1.136457431130111217e-03 5.385246477089822292e-04 8.546626195311546326e-03 1.902987621724605560e-02
6.024231016635894775e-02 6.571880728006362915e-02 1.070564519613981247e-02 1.630404405295848846e-02 1.697424985468387604e-02 6.695027649402618408e-02 6.893175095319747925e-02 1.385025773197412491e-02 1.371012628078460693e-02 3.076471155509352684e-03 7.191380858421325684e-02 1.589141041040420532e-02 8.370029330253601074e-01 9.612555615603923798e-03 3.346142917871475220e-02 1.279891096055507660e-02 8.087457157671451569e-03 3.343862015753984451e-03 6.263996008783578873e-03 1.069551613181829453e-02 9.817118756473064423e-03 1.341449096798896790e-02 4.417552612721920013e-03 4.174590110778808594e-03 9.463489986956119537e-03 1.433935295790433884e-02 8.005730807781219482e-03 1.965360343456268311e-02 4.848901927471160889e-02 2.055630087852478027e-02 5.055031180381774902e-02 1.559296436607837677e-02 6.058878730982542038e-03 7.509035523980855942e-03 7.594812661409378052e-03 2.320525236427783966e-03 7.904408499598503113e-03 8.007723838090896606e-03 1.546231913380324841e-03 3.322969656437635422e-03 1.617995835840702057e-02 1.619121804833412170e-02 3.188000991940498352e-02 1.517320284619927406e-03 3.997102845460176468e-03 7.103502750396728516e-03 6.072773411870002747e-02 5.570378899574279785e-02 1.919949613511562347e-02 2.050853334367275238e-02 1.533238030970096588e-02 1.434597838670015335e-02 3.466238500550389290e-03 5.697352346032857895e-03 8.588757365942001343e-03 2.968179527670145035e-03 1.267400104552507401e-02 1.694494113326072693e-02 1.847348525188863277e-03 1.420613937079906464e-02 1.071899011731147766e-02 1.415952481329441071e-02 9.195514139719307423e-04 1.091444771736860275e-02 4.234213009476661682e-02 5.940331518650054932e-02 1.339261792600154877e-02 1.087495964020490646e-02 9.361803531646728516e-03 2.056386135518550873e-02 1.788530615158379078e-03 3.063968324568122625e-04 1.563095673918724060e-02 1.608856022357940674e-02 1.648087240755558014e-02 1.628357172012329102e-02 8.259163005277514458e-04 2.458268543705344200e-03 1.847701147198677063e-02 2.724091708660125732e-02 7.603597361594438553e-03 1.967542618513107300e-02 3.783802501857280731e-03 5.855600349605083466e-03 2.162389270961284637e-02 1.063185743987560272e-03 2.237083017826080322e-02 2.783668972551822662e-02 6.206850055605173111e-03 2.570198848843574524e-03 3.882599249482154846e-02 3.111706860363483429e-02 3.727515414357185364e-02 2.514503896236419678e-02 4.728328902274370193e-03 2.014036523178219795e-03 1.660881750285625458e-02 1.574344001710414886e-02 7.687261793762445450e-03 7.781476248055696487e-03 1.680999761447310448e-03 9.138718247413635254e-03 1.459448877722024918e-02 1.793395914137363434e-02 1.867335377028211951e-04 9.482395835220813751e-03 1.491890405304729939e-03 6.614991463720798492e-03 2.023785375058650970e-03 1.113758236169815063e-02 2.724121324717998505e-02 1.630993373692035675e-02 1.266823243349790573e-02 8.445245213806629181e-03 1.551638450473546982e-02 1.995422318577766418e-02
