8.413712382316589355e-01 6.410622596740722656e-02 9.712415048852562904e-04 1.231066184118390083e-03 2.701632864773273468e-02 6.642889231443405151e-02 6.050524488091468811e-02 1.334191486239433289e-02 5.232449155300855637e-03 1.292229071259498596e-02 5.691380798816680908e-02 2.364241145551204681e-02 5.639476329088211060e-02 2.955937758088111877e-02 3.068050742149353027e-02 7.364884950220584869e-03 1.665981486439704895e-02 1.327697094529867172e-02 1.225995831191539764e-02 1.020999508909881115e-03 5.934264976531267166e-03 3.860319778323173523e-02 6.120209116488695145e-03 1.188294123858213425e-02 1.467230264097452164e-03 6.483585457317531109e-05 1.351529732346534729e-02 2.503981627523899078e-02 6.039469037204980850e-03 1.986618898808956146e-02 1.015234179794788361e-02 7.530760020017623901e-03 9.279900230467319489e-03 1.684248633682727814e-02 8.063326589763164520e-03 1.486840192228555679e-02 1.293040812015533447e-02 9.407847188413143158e-03 1.840851269662380219e-02 2.219268865883350372e-02 1.636251062154769897e-02 9.941036114469170570e-04 3.775667399168014526e-02 1.631626859307289124e-02 9.546809829771518707e-03 7.899919524788856506e-03 6.133944541215896606e-02 4.447553306818008423e-02 1.036776462569832802e-03 1.677773892879486084e-02 3.917985036969184875e-02 3.013715147972106934e-02 8.015577681362628937e-03 1.214226614683866501e-02 3.610215382650494576e-03 1.281915605068206787e-02 1.359365601092576981e-02 3.976472653448581696e-03 1.443761773407459259e-02 1.843715459108352661e-02 5.178614053875207901e-03 6.775089539587497711e-03 9.308079257607460022e-03 1.432363316416740417e-02 1.769646815955638885e-02 1.696629449725151062e-02 1.385714509524405003e-03 1.241860911250114441e-02 5.552266258746385574e-03 1.709347404539585114e-02 6.639118772000074387e-03 2.655951539054512978e-03 1.730532944202423096e-02 1.433540694415569305e-02 2.611298114061355591e-02 1.012243446893990040e-04 1.275677885860204697e-02 1.856748387217521667e-02 1.188386417925357819e-02 2.545179240405559540e-02 2.906356938183307648e-02 3.487958805635571480e-03 1.014407258480787277e-02 1.237898319959640503e-02 1.816994394175708294e-03 3.164753690361976624e-02 1.038837712258100510e-02 1.413764338940382004e-02 9.653505869209766388e-03 4.938184283673763275e-03 3.344582766294479370e-02 2.084898762404918671e-02 2.574954926967620850e-02 1.198293920606374741e-02 1.205354183912277222e-02 9.799734689295291901e-04 1.098954956978559494e-02 2.590392949059605598e-03 2.881724201142787933e-02 3.133236989378929138e-02 9.656961075961589813e-03 1.816308684647083282e-02 6.246598437428474426e-03 8.527350611984729767e-03 2.272194251418113708e-02 2.756162313744425774e-03 7.603412494063377380e-03 6.699912715703248978e-03 1.718789339065551758e-02 1.319872797466814518e-03 1.352112274616956711e-02 7.506891153752803802e-03 1.981579326093196869e-02 3.027220256626605988e-02 1.071784272789955139e-02 2.425066381692886353e-02
6.410622596740722656e-02 8.413712382316589355e-01 1.470486726611852646e-02 1.368143968284130096e-02 3.551618754863739014e-02 5.980090796947479248e-02 6.070815026760101318e-02 1.095402240753173828e-02 1.781522005330771208e-04 2.015581354498863220e-02 5.261272937059402466e-02 2.760367654263973236e-02 5.505846813321113586e-02 3.671718388795852661e-02 2.685716375708580017e-02 4.442281089723110199e-03 1.250644866377115250e-02 1.326042134314775467e-02 3.826007479801774025e-03 2.971326466649770737e-03 3.452949458733201027e-03 3.573168814182281494e-02 5.409934557974338531e-03 8.835502900183200836e-03 7.946303812786936760e-04 8.309321478009223938e-03 9.261818602681159973e-03 3.645292669534683228e-02 5.849370732903480530e-03 2.678279578685760498e-02 5.957940127700567245e-03 9.149233810603618622e-03 8.986314758658409119e-03 2.168407104909420013e-02 6.617229897528886795e-03 1.559599209576845169e-02 8.083347231149673462e-03 1.088963914662599564e-02 1.782785728573799133e-02 2.768380939960479736e-02 2.622862718999385834e-02 9.096920490264892578e-03 3.316655009984970093e-02 1.721942238509654999e-02 2.897417172789573669e-02 1.485242415219545364e-02 5.408237129449844360e-02 5.014555156230926514e-02 3.234041854739189148e-03 2.044926024973392487e-02 3.649271279573440552e-02 2.825736626982688904e-02 8.436624892055988312e-03 1.197519060224294662e-02 8.268388919532299042e-03 1.773703284561634064e-02 6.906023249030113220e-03 9.134477935731410980e-03 9.182667359709739685e-03 1.329640951007604599e-02 2.203168114647269249e-03 1.482500974088907242e-02 1.277236454188823700e-02 9.258989244699478149e-03 1.721647381782531738e-02 1.838466897606849670e-02 1.350606442429125309e-03 7.345843128859996796e-03 1.023702695965766907e-02 1.308969315141439438e-02 1.770347170531749725e-02 4.791209008544683456e-03 3.209958970546722412e-02 1.109361648559570312e-02 3.411039337515830994e-02 1.499998616054654121e-03 2.044857246801257133e-03 1.371797174215316772e-02 5.239947233349084854e-03 1.912470161914825439e-02 2.839606069028377533e-02 2.605615183711051941e-03 1.055273227393627167e-02 5.347019992768764496e-03 3.253238974139094353e-03 2.464761212468147278e-02 1.299204863607883453e-02 1.379200536757707596e-02 5.318637005984783173e-03 7.771000266075134277e-03 3.179066628217697144e-02 2.030580677092075348e-02 2.615952119231224060e-02 1.289808843284845352e-02 1.649006456136703491e-02 6.423638667911291122e-03 7.820887491106987000e-03 2.670859452337026596e-03 2.360092662274837494e-02 2.820866368710994720e-02 3.621636191383004189e-03 1.471654325723648071e-02 1.039494015276432037e-02 1.086586900055408478e-02 2.479808963835239410e-02 3.345828503370285034e-03 4.665840417146682739e-03 5.463636945933103561e-03 4.639160353690385818e-03 2.486477140337228775e-03 1.797472313046455383e-02 1.439951919019222260e-02 1.611414551734924316e-02 2.608892694115638733e-02 9.511033073067665100e-03 2.358207106590270996e-02
9.712415048852562904e-04 1.470486726611852646e-02 8.413712382316589355e-01 1.172787882387638092e-02 1.219505630433559418e-02 2.437493065372109413e-03 1.486975513398647308e-02 4.321108013391494751e-02 2.334005385637283325e-02 2.582180313766002655e-02 2.002851571887731552e-03 2.388908062130212784e-03 8.284102659672498703e-04 5.417413543909788132e-03 1.614724053069949150e-03 1.316000893712043762e-02 7.841504178941249847e-03 1.156145986169576645e-02 3.758573159575462341e-02 5.215726792812347412e-03 1.095810905098915100e-02 1.248531322926282883e-02 1.714699715375900269e-02 1.756128668785095215e-02 8.105917950160801411e-04 8.981221355497837067e-03 4.988597240298986435e-03 1.929149217903614044e-02 1.045620301738381386e-03 2.327390573918819427e-02 1.683537662029266357e-02 1.755413040518760681e-02 1.172108575701713562e-02 4.989279899746179581e-03 6.556918378919363022e-03 8.036368526518344879e-03 1.396628748625516891e-02 1.881083287298679352e-02 2.412858046591281891e-02 1.259039156138896942e-02 4.995777457952499390e-02 1.286395080387592316e-02 3.245280683040618896e-02 3.112537600100040436e-02 2.095851488411426544e-02 1.420539058744907379e-02 1.518507138825953007e-03 1.687792502343654633e-02 8.328650146722793579e-03 1.828241720795631409e-02 1.487960922531783581e-03 1.986083574593067169e-02 1.444077398627996445e-02 1.173496991395950317e-02 1.344270259141921997e-02 2.631821669638156891e-02 1.312739122658967972e-02 8.607270196080207825e-03 1.930569997057318687e-03 4.035936668515205383e-03 2.008602768182754517e-02 9.554933756589889526e-03 1.917901448905467987e-02 4.785847384482622147e-03 7.807836867868900299e-03 3.967036027461290359e-04 2.162670716643333435e-03 1.935024932026863098e-02 6.967115215957164764e-03 1.785243861377239227e-02 8.283394388854503632e-03 7.297711563296616077e-04 8.381972089409828186e-03 1.223599631339311600e-02 3.133735153824090958e-03 9.195762686431407928e-03 2.625952288508415222e-02 3.326543048024177551e-02 1.660900749266147614e-02 2.619770588353276253e-03 4.144740849733352661e-02 3.358413279056549072e-02 2.019292488694190979e-02 2.090538106858730316e-02 1.591060496866703033e-02 2.694841939955949783e-03 2.717289142310619354e-02 4.012223333120346069e-03 1.349728927016258240e-02 3.370200283825397491e-03 1.332452334463596344e-02 1.887235417962074280e-02 9.045505896210670471e-03 1.125089079141616821e-02 1.187844108790159225e-02 5.495622754096984863e-03 2.183595858514308929e-02 8.937135338783264160e-03 1.023282110691070557e-02 4.365480039268732071e-03 3.674929495900869370e-03 6.690877024084329605e-03 2.483562193810939789e-02 2.157818712294101715e-02 1.035922020673751831e-02 1.625324971973896027e-02 2.920373342931270599e-02 1.474292762577533722e-02 4.319413378834724426e-02 1.140756160020828247e-02 3.392130509018898010e-02 2.852975577116012573e-02 1.430444885045289993e-02 1.755516789853572845e-02 3.977651242166757584e-03 2.243910543620586395e-02
1.231066184118390083e-03 1.368143968284130096e-02 1.172787882387638092e-02 8.413712382316589355e-01 4.432511702179908752e-02 9.373913519084453583e-03 4.552925005555152893e-03 6.906304974108934402e-03 2.114268951117992401e-02 4.856792092323303223e-02 7.224924862384796143e-03 1.509627327322959900e-02 1.582486554980278015e-02 1.545414794236421585e-02 7.198639679700136185e-03 3.171640448272228241e-03 6.521118804812431335e-03 2.725814469158649445e-02 1.987590454518795013e-02 2.631573006510734558e-02 1.063372101634740829e-02 2.141570672392845154e-03 1.697110570967197418e-02 1.886528544127941132e-02 3.353395033627748489e-03 1.081290934234857559e-02 7.797820027917623520e-03 2.755120396614074707e-02 1.872047781944274902e-02 6.183190271258354187e-03 1.392933074384927750e-02 3.705793526023626328e-03 2.911365032196044922e-02 3.051737137138843536e-02 2.716307528316974640e-02 1.272123120725154877e-02 5.398565437644720078e-03 2.590137301012873650e-03 7.811440154910087585e-03 1.784885488450527191e-02 9.982468560338020325e-03 9.680164046585559845e-03 1.733143627643585205e-02 9.492871351540088654e-03 1.654495857656002045e-02 1.435060426592826843e-02 1.284384541213512421e-02 9.040321223437786102e-03 2.050810493528842926e-03 2.598120085895061493e-02 1.662411377765238285e-03 1.114845927804708481e-02 3.174348175525665283e-02 2.888761833310127258e-02 1.350587140768766403e-02 7.847382687032222748e-03 3.950269147753715515e-02 3.704266622662544250e-02 1.632864959537982941e-02 1.992500573396682739e-02 3.984444588422775269e-02 9.859113954007625580e-03 4.923820123076438904e-02 2.380049787461757660e-02 2.507435716688632965e-02 2.094825543463230133e-02 2.152966335415840149e-02 1.645367406308650970e-02 4.586146026849746704e-02 8.477210998535156250e-03 3.788098692893981934e-02 1.122430083341896534e-03 4.530710354447364807e-02 8.533895947039127350e-03 3.010299056768417358e-02 2.838993817567825317e-02 1.763006858527660370e-02 2.903180941939353943e-02 1.073285099118947983e-02 1.890127360820770264e-02 8.131062611937522888e-03 5.468845833092927933e-03 2.376796677708625793e-02 1.022905576974153519e-02 8.657932281494140625e-03 1.228965912014245987e-02 1.129896729253232479e-03 1.620415039360523224e-02 2.783001400530338287e-02 2.212037704885005951e-02 9.787356480956077576e-03 1.045155338943004608e-02 1.290557067841291428e-02 2.728902967646718025e-03 2.483275160193443298e-02 1.683909073472023010e-02 9.840251877903938293e-03 7.683008909225463867e-03 2.990196458995342255e-03 1.770291291177272797e-02 9.949107654392719269e-03 6.430365610867738724e-03 4.090129397809505463e-03 1.444222871214151382e-02 8.721464313566684723e-03 2.567600831389427185e-02 1.609784550964832306e-02 3.374997898936271667e-02 3.254951443523168564e-03 1.484889909625053406e-02 1.543424557894468307e-02 2.222734270617365837e-03 7.368688005954027176e-03 2.348392270505428314e-02 1.125159114599227905e-02 8.339041844010353088e-03
2.701632864773273468e-02 3.551618754863739014e-02 1.219505630433559418e-02 4.432511702179908752e-02 8.413712382316589355e-01 2.643406949937343597e-02 3.148036822676658630e-02 4.703613463789224625e-03 2.042199857532978058e-02 3.190146386623382568e-02 2.563058026134967804e-02 1.532599609345197678e-02 3.426210954785346985e-02 1.013265457004308701e-02 5.374547559767961502e-03 8.945974521338939667e-03 9.419352747499942780e-03 1.579645089805126190e-02 3.104063216596841812e-03 3.947969526052474976e-03 5.161895416676998138e-03 1.475358847528696060e-02 8.760290220379829407e-03 7.140360539779067039e-04 1.883960328996181488e-02 2.734664641320705414e-02 7.745447219349443913e-04 4.234885424375534058e-02 1.848539896309375763e-02 3.023516573011875153e-02 8.659805171191692352e-03 1.395338866859674454e-02 1.618859171867370605e-02 2.904951572418212891e-02 2.225167676806449890e-02 9.892398491501808167e-03 7.693452760577201843e-03 7.111793383955955505e-03 1.545668952167034149e-02 3.042867407202720642e-02 2.514209784567356110e-02 2.014811616390943527e-03 1.431720796972513199e-02 1.939284265972673893e-05 2.078026533126831055e-02 1.768214441835880280e-02 2.629320509731769562e-02 3.249526768922805786e-02 1.965581811964511871e-02 2.611343748867511749e-02 1.375708263367414474e-02 1.214640028774738312e-02 2.324056066572666168e-02 2.061446383595466614e-02 3.054650500416755676e-02 1.011953968554735184e-02 1.724535040557384491e-02 3.300228342413902283e-02 8.376607671380043030e-03 1.724334992468357086e-02 7.500822190195322037e-03 2.157921437174081802e-03 2.763141319155693054e-02 3.068776056170463562e-02 7.146943826228380203e-03 1.384831592440605164e-02 1.360851339995861053e-03 5.791127216070890427e-03 2.095495536923408508e-02 4.419310716912150383e-04 2.473280578851699829e-02 4.809389822185039520e-03 3.620990365743637085e-02 5.086161196231842041e-03 5.310281366109848022e-02 8.641547523438930511e-03 1.035574241541326046e-03 2.210043556988239288e-02 7.240841630846261978e-03 1.127188932150602341e-02 1.015770900994539261e-02 1.439041551202535629e-02 5.520207807421684265e-03 2.904761396348476410e-02 1.077777054160833359e-02 3.077073954045772552e-03 8.746897801756858826e-03 9.346993640065193176e-03 2.581046521663665771e-02 2.848643250763416290e-02 2.300894446671009064e-02 3.721012733876705170e-03 2.196255140006542206e-02 7.290806621313095093e-03 2.213850244879722595e-02 2.754031494259834290e-02 1.003615558147430420e-03 5.589560139924287796e-03 4.999301861971616745e-03 1.617639884352684021e-02 1.353163179010152817e-02 1.543770730495452881e-02 2.380376448854804039e-03 1.152841374278068542e-02 1.772332470864057541e-03 5.627687554806470871e-03 2.997506409883499146e-02 7.111186161637306213e-03 7.946467958390712738e-03 2.722261939197778702e-03 2.455084118992090225e-03 2.336135134100914001e-02 2.763635478913784027e-03 9.291463531553745270e-03 8.538139052689075470e-03 2.034721255768090487e-04
6.642889231443405151e-02 5.980090796947479248e-02 2.437493065372109413e-03 9.373913519084453583e-03 2.643406949937343597e-02 8.413712382316589355e-01 7.571681588888168335e-02 2.155992761254310608e-02 1.403207192197442055e-03 6.067012902349233627e-03 5.109411850571632385e-02 4.295894503593444824e-02 6.276433914899826050e-02 3.620139881968498230e-02 1.385342981666326523e-02 7.157932501286268234e-03 1.206846814602613449e-02 2.306738682091236115e-02 2.188259502872824669e-03 1.480971276760101318e-02 5.650860257446765900e-03 2.353858575224876404e-02 1.297671999782323837e-02 2.143711224198341370e-02 7.014035712927579880e-03 2.912748372182250023e-03 4.666270222514867783e-03 2.031884714961051941e-02 1.519992668181657791e-02 1.145536173135042191e-02 2.058640122413635254e-02 1.520000980235636234e-03 8.147594518959522247e-03 4.256428219377994537e-03 4.631187766790390015e-03 1.339708804152905941e-03 1.857362920418381691e-03 3.941495437175035477e-03 1.073423400521278381e-02 1.445631030946969986e-02 1.362616103142499924e-02 1.453001704066991806e-02 2.539261430501937866e-02 1.069282554090023041e-02 3.604551777243614197e-03 8.378732018172740936e-03 7.470539212226867676e-02 4.504360258579254150e-02 4.417042247951030731e-03 4.204673692584037781e-03 3.901952132582664490e-02 1.864826306700706482e-02 3.670932957902550697e-03 1.748061506077647209e-03 9.206717833876609802e-03 8.371239528059959412e-03 1.991918310523033142e-02 3.273367416113615036e-03 1.038277521729469299e-02 3.009795909747481346e-03 2.342046797275543213e-02 2.238937467336654663e-02 6.393509451299905777e-03 5.811273586004972458e-04 3.581757424399256706e-03 1.278845220804214478e-02 5.255856085568666458e-03 9.749330929480493069e-04 2.335313148796558380e-02 1.615385292097926140e-03 1.637701876461505890e-02 9.807336144149303436e-03 1.010142453014850616e-02 5.905344150960445404e-03 1.842341013252735138e-02 1.157481130212545395e-02 1.434856839478015900e-02 1.168290060013532639e-02 7.321825250983238220e-03 1.269180793315172195e-02 2.825765125453472137e-02 1.390783488750457764e-02 1.391121558845043182e-02 5.694332532584667206e-03 1.745084114372730255e-02 6.909832824021577835e-03 1.186878303997218609e-03 1.049832790158689022e-03 7.638595532625913620e-03 9.762661531567573547e-03 1.843469962477684021e-02 9.630845859646797180e-03 2.032941766083240509e-02 3.876764094457030296e-03 7.562984246760606766e-04 7.581843528896570206e-03 1.159784290939569473e-02 2.014763280749320984e-02 2.173626050353050232e-02 1.121693477034568787e-02 1.193021796643733978e-02 1.456074602901935577e-02 6.390762049704790115e-03 2.926372736692428589e-02 1.989044994115829468e-02 2.808359917253255844e-03 1.444665435701608658e-02 1.535195857286453247e-02 1.695686951279640198e-02 1.541937142610549927e-02 5.391132552176713943e-03 4.445476923137903214e-03 3.040904738008975983e-02 1.337570510804653168e-02 5.523810628801584244e-03 4.547536838799715042e-03
6.050524488091468811e-02 6.070815026760101318e-02 1.486975513398647308e-02 4.552925005555152893e-03 3.148036822676658630e-02 7.571681588888168335e-02 8.413712382316589355e-01 4.031839780509471893e-03 1.608191616833209991e-02 4.659702535718679428e-03 4.778792336583137512e-02 3.817140683531761169e-02 6.098194047808647156e-02 4.706564545631408691e-02 2.261886186897754669e-02 8.755601011216640472e-04 1.877909409813582897e-03 3.021115623414516449e-02 1.156469434499740601e-02 1.910039223730564117e-02 1.695464365184307098e-02 2.751619555056095123e-02 1.115858182311058044e-02 2.428951486945152283e-02 1.868792250752449036e-02 1.501359883695840836e-02 8.065527305006980896e-03 2.579719386994838715e-02 8.464614511467516422e-04 2.347303554415702820e-02 1.152678020298480988e-02 4.329191986471414566e-03 5.533638759516179562e-04 1.128178439103066921e-03 4.150530789047479630e-03 1.053041219711303711e-02 9.488474577665328979e-03 1.413709018379449844e-02 1.601338200271129608e-02 2.917986363172531128e-02 2.795429341495037079e-02 6.335692480206489563e-03 1.610304228961467743e-02 1.636677421629428864e-02 1.173578109592199326e-02 1.650579087436199188e-02 6.926196068525314331e-02 5.442835763096809387e-02 1.452398602850735188e-03 1.848171581514179707e-03 2.793465368449687958e-02 1.093612052500247955e-02 4.250186961144208908e-03 3.642476396635174751e-03 1.144872047007083893e-02 2.907528309151530266e-03 1.338784676045179367e-02 8.362378925085067749e-03 6.192513741552829742e-03 3.246368141844868660e-03 1.367106009274721146e-02 1.164219249039888382e-02 1.578537514433264732e-03 2.598542778287082911e-04 8.995457552373409271e-03 2.163645997643470764e-02 1.711773127317428589e-02 1.122957747429609299e-02 7.525403983891010284e-03 5.084026604890823364e-03 3.498180769383907318e-03 1.398469880223274231e-02 1.747481897473335266e-02 1.204593107104301453e-03 2.735400758683681488e-02 9.393991902470588684e-03 1.406561117619276047e-02 1.305049378424882889e-02 8.506773971021175385e-03 5.127413664013147354e-03 1.655222848057746887e-02 4.667252302169799805e-03 1.843518577516078949e-02 1.335919369012117386e-02 2.286870218813419342e-02 2.272465964779257774e-03 1.446090638637542725e-02 1.248940080404281616e-02 1.157148089259862900e-02 6.451198714785277843e-04 2.520691789686679840e-02 2.161056548357009888e-02 2.604618668556213379e-02 1.080267783254384995e-02 8.539785631000995636e-03 1.146524958312511444e-02 1.472818315960466862e-03 2.066188491880893707e-02 1.209888327866792679e-02 6.580525077879428864e-03 3.709777723997831345e-03 5.926453741267323494e-04 1.137549616396427155e-02 1.750240102410316467e-02 1.586649939417839050e-02 6.411742419004440308e-03 7.091586943715810776e-03 1.281112525612115860e-02 4.231020342558622360e-03 1.105145923793315887e-02 1.290170382708311081e-02 1.162770669907331467e-02 1.434629503637552261e-02 2.671074180398136377e-04 7.765469490550458431e-04 1.201406959444284439e-02
1.334191486239433289e-02 1.095402240753173828e-02 4.321108013391494751e-02 6.906304974108934402e-03 4.703613463789224625e-03 2.155992761254310608e-02 4.031839780509471893e-03 8.413712382316589355e-01 2.329397946596145630e-03 2.341979742050170898e-02 1.567252329550683498e-03 2.299695461988449097e-02 7.130660233087837696e-04 8.860067464411258698e-03 2.160333655774593353e-02 1.256707683205604553e-02 2.016441524028778076e-02 1.804136554710566998e-03 2.606399357318878174e-02 3.227977454662322998e-02 3.178327158093452454e-02 1.213925075717270374e-03 1.418119389563798904e-02 1.852552965283393860e-02 3.051952831447124481e-02 1.166769675910472870e-02 3.238908480852842331e-03 5.291383713483810425e-03 1.664267666637897491e-02 1.134340185672044754e-02 1.711623184382915497e-02 1.255255192518234253e-02 1.565209776163101196e-02 2.817259542644023895e-02 2.116584591567516327e-02 1.344750728458166122e-02 2.456279285252094269e-02 7.876863703131675720e-03 1.846569357439875603e-03 2.757332520559430122e-03 5.432034377008676529e-03 5.854208953678607941e-03 3.192308545112609863e-02 2.397540491074323654e-03 1.969388313591480255e-02 1.435372326523065567e-02 1.313074771314859390e-02 1.407662406563758850e-03 9.475138969719409943e-03 2.730593457818031311e-02 2.892682515084743500e-02 1.807576604187488556e-02 8.734050206840038300e-03 9.089119732379913330e-03 7.616424001753330231e-03 2.675290964543819427e-02 1.037081051617860794e-02 2.341571496799588203e-03 9.345330297946929932e-03 7.313217967748641968e-03 1.204859837889671326e-02 3.548905253410339355e-02 5.193694029003381729e-03 1.173803396522998810e-02 7.008338347077369690e-03 1.731706038117408752e-02 3.137964755296707153e-02 3.016077913343906403e-02 7.077115587890148163e-04 5.730693228542804718e-03 2.558391075581312180e-03 5.506429355591535568e-03 3.225716645829379559e-04 1.777266734279692173e-03 2.585100708529353142e-03 1.549604348838329315e-02 5.277588032186031342e-03 3.233883064240217209e-03 2.531671337783336639e-02 1.549371145665645599e-02 6.170974671840667725e-02 4.008903354406356812e-02 1.169653329998254776e-02 2.532007731497287750e-02 8.097365498542785645e-03 1.654814742505550385e-02 3.941949456930160522e-02 2.616416849195957184e-02 1.160001847892999649e-02 1.195853692479431629e-03 1.721858233213424683e-02 1.842556521296501160e-02 1.761350221931934357e-02 1.495194807648658752e-02 2.966029336676001549e-03 2.079621516168117523e-02 2.272122167050838470e-02 3.599678399041295052e-03 1.453276071697473526e-02 1.117019355297088623e-02 1.427330728620290756e-02 2.155209705233573914e-02 1.995649375021457672e-02 4.163241013884544373e-03 1.984857209026813507e-02 1.881607994437217712e-02 1.543702650815248489e-02 3.251001704484224319e-03 3.253974393010139465e-02 1.921188458800315857e-02 4.385117907077074051e-03 5.657033063471317291e-03 3.936465829610824585e-02 2.964840643107891083e-02 9.526954032480716705e-03 2.118891803547739983e-03
5.232449155300855637e-03 1.781522005330771208e-04 2.334005385637283325e-02 2.114268951117992401e-02 2.042199857532978058e-02 1.403207192197442055e-03 1.608191616833209991e-02 2.329397946596145630e-03 8.413712382316589355e-01 3.793095052242279053e-02 1.433438388630747795e-03 1.226139534264802933e-02 1.305326819419860840e-02 4.693756345659494400e-03 2.527760900557041168e-02 2.043495699763298035e-02 1.740398444235324860e-02 3.189915418624877930e-02 4.258701112121343613e-03 1.180960517376661301e-02 7.307340390980243683e-03 4.975643940269947052e-03 1.937654055655002594e-02 1.158707495778799057e-02 1.844817027449607849e-02 3.253223001956939697e-02 2.126184105873107910e-02 3.912020183634012938e-04 1.619634777307510376e-02 4.473744425922632217e-03 2.407695399597287178e-03 8.306322619318962097e-03 3.484873473644256592e-02 1.096528675407171249e-02 5.163558572530746460e-02 2.156765898689627647e-03 1.040467713028192520e-02 3.603175282478332520e-02 8.739600307308137417e-04 2.649804018437862396e-02 7.162921247072517872e-04 2.847061865031719208e-02 1.077906601130962372e-02 1.273421756923198700e-02 1.346525643020868301e-02 4.957619123160839081e-03 2.730239881202578545e-03 5.878850352019071579e-03 1.075794082134962082e-02 3.478170605376362801e-03 1.799415610730648041e-02 1.668173260986804962e-02 1.833095401525497437e-02 1.345363818109035492e-02 1.038627978414297104e-02 6.178157404065132141e-03 3.914587572216987610e-02 5.330597609281539917e-02 1.738423854112625122e-02 9.330668486654758453e-03 3.019337542355060577e-02 4.060981795191764832e-02 3.901530429720878601e-02 4.710297286510467529e-02 2.640944160521030426e-02 2.584674581885337830e-02 2.180034527555108070e-03 1.312167756259441376e-02 5.055263638496398926e-03 5.459166713990271091e-04 2.318351343274116516e-02 2.221602248027920723e-03 5.781520623713731766e-03 1.674964837729930878e-02 1.137425098568201065e-02 2.817583829164505005e-02 6.398592889308929443e-02 5.973497033119201660e-02 3.829757869243621826e-02 8.572902530431747437e-03 1.457863108953461051e-04 3.624373814091086388e-03 2.387716248631477356e-02 5.805842229165136814e-04 2.258852822706103325e-03 3.601243253797292709e-03 1.280686166137456894e-02 2.754947543144226074e-02 8.632855489850044250e-03 1.616194471716880798e-02 2.991175977513194084e-03 1.346072094747796655e-04 6.675100419670343399e-03 5.109144840389490128e-03 1.901568844914436340e-02 2.046777307987213135e-02 6.150475237518548965e-03 1.055976282805204391e-02 2.375128678977489471e-03 8.235501125454902649e-03 1.955647720023989677e-03 2.958339639008045197e-03 1.175075955688953400e-02 3.195727244019508362e-03 5.333106382749974728e-04 2.881134115159511566e-02 2.397708361968398094e-03 3.401615843176841736e-02 1.644094660878181458e-02 1.727604679763317108e-02 1.378137618303298950e-02 2.413968555629253387e-03 1.273164874874055386e-03 5.188725888729095459e-03 6.905828136950731277e-03 7.010898087173700333e-03
1.292229071259498596e-02 2.015581354498863220e-02 2.582180313766002655e-02 4.856792092323303223e-02 3.190146386623382568e-02 6.067012902349233627e-03 4.659702535718679428e-03 2.341979742050170898e-02 3.793095052242279053e-02 8.413712382316589355e-01 1.135556213557720184e-02 2.997276606038212776e-04 1.648520864546298981e-02 5.928589496761560440e-03 8.892986923456192017e-03 9.911657311022281647e-03 1.937978528439998627e-02 3.981905523687601089e-03 3.443271294236183167e-02 3.103638067841529846e-02 2.161961421370506287e-02 2.074820920825004578e-03 1.592577993869781494e-02 2.476059272885322571e-02 4.162421450018882751e-03 1.655989326536655426e-02 1.001221407204866409e-02 2.912709861993789673e-02 4.801416303962469101e-03 2.157110720872879028e-02 6.225679069757461548e-03 7.597143761813640594e-03 2.934543229639530182e-02 3.636585175991058350e-02 3.273568674921989441e-02 9.346744627691805363e-04 9.158031083643436432e-03 1.007790025323629379e-02 7.267996668815612793e-03 2.903041057288646698e-02 1.158315315842628479e-02 8.435440249741077423e-03 3.013730607926845551e-02 1.211106963455677032e-02 2.198279276490211487e-02 1.305082067847251892e-02 3.416666761040687561e-03 4.429650958627462387e-03 8.926576003432273865e-03 4.493935406208038330e-02 6.638396997004747391e-03 8.703371509909629822e-03 1.190117653459310532e-02 1.219827961176633835e-02 5.286972038447856903e-03 2.885066717863082886e-02 3.797545284032821655e-02 3.852573409676551819e-02 1.241805497556924820e-02 9.035984054207801819e-03 3.573292121291160583e-02 7.599078118801116943e-03 4.308553785085678101e-02 3.225398063659667969e-02 2.599129639565944672e-02 1.658084429800510406e-02 1.409317366778850555e-02 2.293507382273674011e-02 3.355689346790313721e-02 1.408536359667778015e-02 2.896381169557571411e-02 1.426608068868517876e-03 3.435178473591804504e-02 5.374361295253038406e-03 2.546204812824726105e-02 3.335819020867347717e-02 1.247573178261518478e-02 4.975030198693275452e-02 4.572484176605939865e-03 3.084167465567588806e-02 3.198969364166259766e-02 1.486410573124885559e-02 5.235182587057352066e-03 3.165452554821968079e-02 8.086999878287315369e-03 1.490640081465244293e-02 3.895201254636049271e-03 9.142127819359302521e-03 2.268051169812679291e-02 2.134523540735244751e-02 4.919002298265695572e-03 1.164739672094583511e-02 5.667811259627342224e-03 5.322330631315708160e-03 2.199690043926239014e-02 1.940418034791946411e-03 1.397040300071239471e-02 2.498570829629898071e-03 1.513237506151199341e-02 3.037690743803977966e-02 2.436978276818990707e-03 1.816249452531337738e-02 4.773654509335756302e-03 1.014900021255016327e-02 1.418137084692716599e-02 1.153597701340913773e-02 3.785178996622562408e-03 3.715910017490386963e-02 2.230586484074592590e-02 6.660394836217164993e-03 2.160266228020191193e-02 9.628297761082649231e-03 1.278545521199703217e-02 2.079817093908786774e-02 1.409072428941726685e-02 3.755264217033982277e-03
5.691380798816680908e-02 5.261272937059402466e-02 2.002851571887731552e-03 7.224924862384796143e-03 2.563058026134967804e-02 5.109411850571632385e-02 4.778792336583137512e-02 1.567252329550683498e-03 1.433438388630747795e-03 1.135556213557720184e-02 8.413712382316589355e-01 4.464471712708473206e-03 5.959523841738700867e-02 1.725538447499275208e-02 3.377515450119972229e-02 5.762752145528793335e-03 8.123497478663921356e-03 3.192513715475797653e-03 6.890426855534315109e-03 7.305668201297521591e-03 5.516061093658208847e-03 3.677767142653465271e-02 1.580379903316497803e-02 1.318402122706174850e-02 3.793376265093684196e-03 1.241754740476608276e-02 1.271244231611490250e-02 2.274235524237155914e-02 1.676345802843570709e-02 1.552949845790863037e-02 1.048442325554788113e-03 2.612482057884335518e-04 1.685729809105396271e-02 1.354456041008234024e-02 2.433819230645895004e-03 2.896133251488208771e-02 2.465373091399669647e-02 2.453146502375602722e-03 3.014987520873546600e-02 2.150281518697738647e-02 5.296417046338319778e-03 3.417249245103448629e-04 2.892113476991653442e-02 4.567079246044158936e-03 1.056416542269289494e-03 2.864300273358821869e-02 5.573690310120582581e-02 5.033881217241287231e-02 5.686581600457429886e-03 1.323604118078947067e-02 3.958138823509216309e-02 2.778165973722934723e-02 2.183244377374649048e-02 2.680074609816074371e-02 6.083351327106356621e-04 1.155083905905485153e-02 1.301819924265146255e-02 9.161346592009067535e-03 2.462804503738880157e-02 3.290256485342979431e-02 6.689514033496379852e-03 1.505134999752044678e-02 5.899962503463029861e-03 4.670284688472747803e-03 2.898745611310005188e-02 2.981169149279594421e-02 7.535906974226236343e-03 1.270598452538251877e-02 9.600361809134483337e-03 2.022781595587730408e-02 6.230028346180915833e-03 1.094679255038499832e-02 2.960514277219772339e-02 1.409867126494646072e-02 2.914529666304588318e-02 2.726619830355048180e-03 8.876143838278949261e-04 1.314658392220735550e-02 1.130147930234670639e-02 1.849863678216934204e-02 1.667086407542228699e-02 1.212265621870756149e-02 4.351698327809572220e-03 9.900379925966262817e-03 8.589209057390689850e-03 2.365268953144550323e-02 2.563023939728736877e-02 2.516441047191619873e-02 2.646795939654111862e-03 1.698818057775497437e-02 3.873071074485778809e-02 3.008108213543891907e-02 3.227096050977706909e-02 2.448061481118202209e-02 2.561761997640132904e-02 2.260712208226323128e-03 1.806667074561119080e-02 8.919967338442802429e-03 2.791810221970081329e-02 3.180129826068878174e-02 2.213793108239769936e-03 9.537155739963054657e-03 1.646112650632858276e-02 8.314013481140136719e-03 6.541965994983911514e-03 5.200879531912505627e-04 5.094017367810010910e-03 1.149336062371730804e-02 1.421223487704992294e-02 1.166605018079280853e-02 1.317004766315221786e-02 1.016279496252536774e-02 1.872486248612403870e-02 2.656600065529346466e-02 2.658436447381973267e-02 1.408482622355222702e-02
2.364241145551204681e-02 2.760367654263973236e-02 2.388908062130212784e-03 1.509627327322959900e-02 1.532599609345197678e-02 4.295894503593444824e-02 3.817140683531761169e-02 2.299695461988449097e-02 1.226139534264802933e-02 2.997276606038212776e-04 4.464471712708473206e-03 8.413712382316589355e-01 1.137896347790956497e-02 5.537451803684234619e-02 1.931747980415821075e-02 6.239122245460748672e-03 2.770003629848361015e-03 3.108145296573638916e-02 4.780340474098920822e-03 1.590034365653991699e-02 9.962942451238632202e-03 1.098081935197114944e-02 1.352489180862903595e-02 1.244136970490217209e-02 1.283488981425762177e-02 3.005826473236083984e-02 2.354140393435955048e-02 2.826366201043128967e-02 2.437156438827514648e-02 3.128127753734588623e-02 3.157908841967582703e-02 1.738692750222980976e-03 2.263373695313930511e-02 3.835651325061917305e-03 1.350702159106731415e-02 1.313308347016572952e-02 1.398043427616357803e-02 1.084057334810495377e-02 5.786198191344738007e-03 4.514233442023396492e-04 2.315830439329147339e-02 1.933857216499745846e-03 1.401168201118707657e-02 6.826252210885286331e-04 3.745364770293235779e-02 8.968594484031200409e-03 2.668309770524501801e-02 7.318063639104366302e-03 2.578880824148654938e-02 7.905841805040836334e-03 6.615040823817253113e-03 1.780869998037815094e-02 2.209633775055408478e-02 2.406966127455234528e-02 2.875551767647266388e-02 6.099530030041933060e-03 5.537096876651048660e-03 5.304337944835424423e-03 2.650310099124908447e-02 3.088479489088058472e-02 3.627081960439682007e-02 1.915985904633998871e-02 9.074712172150611877e-03 9.919838048517704010e-03 3.068976663053035736e-02 2.769319154322147369e-02 1.411416288465261459e-02 2.025535516440868378e-02 1.174531225115060806e-02 1.647507399320602417e-02 4.761692136526107788e-03 2.869604341685771942e-02 3.499473212286829948e-03 1.972699724137783051e-02 5.037799011915922165e-03 2.262933738529682159e-02 2.748445840552449226e-03 2.341526094824075699e-03 2.692176587879657745e-02 1.758335158228874207e-02 2.086056955158710480e-02 2.230420522391796112e-02 1.380234863609075546e-02 1.073858467862010002e-03 3.488839790225028992e-02 2.121281437575817108e-02 2.359089814126491547e-02 3.251612558960914612e-02 1.804754696786403656e-02 2.917863056063652039e-02 9.195188060402870178e-03 1.890007592737674713e-02 1.771494001150131226e-02 2.210805006325244904e-02 8.506059646606445312e-03 4.564619157463312149e-03 2.543874643743038177e-02 3.241288289427757263e-02 5.255392286926507950e-03 1.446988712996244431e-02 1.041224226355552673e-02 7.281587924808263779e-03 2.273040264844894409e-02 1.745781674981117249e-02 2.026448398828506470e-02 1.943213865160942078e-02 4.841231275349855423e-03 3.453458100557327271e-02 3.504265565425157547e-03 3.459308668971061707e-02 4.329203162342309952e-03 8.916459977626800537e-03 1.149018760770559311e-02 4.802654497325420380e-03 2.429776452481746674e-02 2.500451868399977684e-03
5.639476329088211060e-02 5.505846813321113586e-02 8.284102659672498703e-04 1.582486554980278015e-02 3.426210954785346985e-02 6.276433914899826050e-02 6.098194047808647156e-02 7.130660233087837696e-04 1.305326819419860840e-02 1.648520864546298981e-02 5.959523841738700867e-02 1.137896347790956497e-02 8.413712382316589355e-01 1.766559854149818420e-02 3.271031379699707031e-02 7.855314761400222778e-03 1.220342051237821579e-02 1.024970412254333496e-02 2.074306830763816833e-03 4.168759100139141083e-03 5.894831847399473190e-03 2.932535670697689056e-02 7.664426229894161224e-03 1.313103921711444855e-02 1.140171289443969727e-02 2.995714079588651657e-03 1.315133646130561829e-02 2.647366188466548920e-02 6.677862722426652908e-03 1.603956706821918488e-02 5.311266984790563583e-03 3.281694836914539337e-03 1.266365032643079758e-02 1.448658667504787445e-02 1.308523211628198624e-02 1.778544671833515167e-02 1.667799800634384155e-02 8.307142416015267372e-04 1.796916872262954712e-02 2.111889794468879700e-02 8.484795689582824707e-03 1.203815080225467682e-02 2.632190659642219543e-02 4.087582696229219437e-03 1.852915855124592781e-03 2.966619096696376801e-02 6.092699989676475525e-02 5.269701033830642700e-02 6.379708647727966309e-04 9.131816215813159943e-03 3.701198473572731018e-02 2.222756855189800262e-02 2.084128372371196747e-02 2.525692246854305267e-02 3.627973375841975212e-03 4.673604853451251984e-03 7.219938095659017563e-03 4.570915363729000092e-03 1.135563943535089493e-02 2.682365104556083679e-02 3.327435813844203949e-03 1.050901878625154495e-02 7.969796657562255859e-03 1.011073961853981018e-02 2.991402335464954376e-02 3.723391890525817871e-02 3.572445712052285671e-04 7.699773646891117096e-03 3.687941469252109528e-03 9.083261713385581970e-03 4.743602126836776733e-03 2.132015535607933998e-03 2.689023315906524658e-02 9.525873698294162750e-03 2.922242507338523865e-02 3.328064689412713051e-03 7.964967750012874603e-03 1.772007532417774200e-02 1.370905060321092606e-02 1.306234020739793777e-02 1.407095417380332947e-02 1.129118166863918304e-02 7.061631418764591217e-03 5.811899434775114059e-03 8.887007716111838818e-04 1.159264892339706421e-02 2.073562145233154297e-02 2.837949804961681366e-02 2.238329965621232986e-03 1.174421235918998718e-02 3.226750716567039490e-02 2.503970265388488770e-02 3.776377812027931213e-02 1.392392441630363464e-02 1.831220090389251709e-02 2.610224066302180290e-03 4.273379221558570862e-03 5.441635381430387497e-03 2.275651320815086365e-02 2.249684184789657593e-02 1.177399978041648865e-02 1.513355411589145660e-02 1.038659550249576569e-02 2.902562916278839111e-02 1.090797223150730133e-02 8.059401065111160278e-03 2.834778279066085815e-03 4.201721865683794022e-03 1.713530905544757843e-02 6.804741919040679932e-03 3.963837400078773499e-03 2.520995447412133217e-03 2.731440216302871704e-02 1.836822368204593658e-02 1.255982182919979095e-02 5.607086233794689178e-03
