8.365059494972229004e-01 6.115016341209411621e-02 6.228917744010686874e-03 1.473034173250198364e-02 1.503869518637657166e-02 5.380592867732048035e-02 4.626935720443725586e-02 2.283953875303268433e-02 7.279112003743648529e-03 7.731187157332897186e-03 5.867501720786094666e-02 1.240822300314903259e-02 5.218693241477012634e-02 7.501095999032258987e-03 3.456786274909973145e-02 1.230869814753532410e-02 1.150699332356452942e-02 3.736273618414998055e-03 1.229806244373321533e-02 3.298815712332725525e-02 3.510215505957603455e-02 4.309538751840591431e-02 1.793245971202850342e-02 1.051701139658689499e-02 2.370647713541984558e-02 1.684871315956115723e-02 2.572966553270816803e-02 6.199447088874876499e-04 1.155266445130109787e-02 4.318731371313333511e-04 1.070793252438306808e-02 2.017897786572575569e-03 2.299538441002368927e-02 4.225151613354682922e-03 2.169177681207656860e-02 1.487783528864383698e-02 2.855697087943553925e-02 2.016255259513854980e-02 6.310022901743650436e-03 1.223218254745006561e-02 1.136206276714801788e-02 2.580415457487106323e-02 3.105402365326881409e-02 6.713574286550283432e-03 3.602137416601181030e-02 2.351844497025012970e-02 4.507849365472793579e-02 3.440736606717109680e-02 3.893302753567695618e-03 1.038691774010658264e-02 2.573486231267452240e-02 2.893676050007343292e-02 7.324839243665337563e-04 6.382409483194351196e-03 1.563457027077674866e-02 3.533204784616827965e-03 3.960199188441038132e-03 3.052275395020842552e-03 1.141005195677280426e-02 1.588515564799308777e-02 1.368952170014381409e-02 2.255456708371639252e-02 1.898243092000484467e-02 1.357591245323419571e-02 3.955692797899246216e-02 3.494916111230850220e-02 2.387771569192409515e-02 1.780035160481929779e-02 3.245023544877767563e-03 2.304378431290388107e-03 5.252500064671039581e-03 2.535230014473199844e-04 2.446909248828887939e-02 1.067375205457210541e-02 2.950487285852432251e-02 1.666925498284399509e-03 2.311212010681629181e-02 2.037585899233818054e-02 5.938644055277109146e-03 1.565175130963325500e-02 1.508878543972969055e-02 1.698110811412334442e-02 6.197785958647727966e-03 3.045813646167516708e-03 1.948015205562114716e-02 1.280059665441513062e-02 2.980631031095981598e-02 3.165310621261596680e-02 1.239599566906690598e-02 2.163772657513618469e-02 3.591996803879737854e-02 3.949413821101188660e-02 2.637327276170253754e-02 2.481077238917350769e-02 3.929335623979568481e-03 1.023620832711458206e-02 3.789932467043399811e-03 3.057027934119105339e-03 1.530457194894552231e-02 1.331949699670076370e-02 5.313240457326173782e-03 9.017261676490306854e-03 2.419024938717484474e-03 1.225975994020700455e-02 1.728501543402671814e-02 1.652044057846069336e-02 9.778775274753570557e-03 1.800770289264619350e-03 1.312258094549179077e-02 7.994759827852249146e-03 1.552730426192283630e-02 8.233464322984218597e-03 3.714307025074958801e-02 3.465833142399787903e-02 2.733122324571013451e-03 1.433702092617750168e-02
6.115016341209411621e-02 8.365059494972229004e-01 3.265022998675704002e-03 1.408051978796720505e-02 6.659047212451696396e-03 5.336363613605499268e-02 5.370505154132843018e-02 2.082714252173900604e-02 8.687001536600291729e-04 1.847798749804496765e-02 5.916346609592437744e-02 1.715564914047718048e-02 5.787279456853866577e-02 1.743176020681858063e-02 3.850305080413818359e-02 2.080283872783184052e-02 2.003940194845199585e-02 9.875547140836715698e-03 1.979189738631248474e-02 2.903866767883300781e-02 2.872729860246181488e-02 3.693092986941337585e-02 2.443076670169830322e-02 1.992609724402427673e-02 1.878300122916698456e-02 1.226163003593683243e-02 1.789284124970436096e-02 2.833644393831491470e-03 1.446591038256883621e-02 2.380617515882477164e-04 1.796114817261695862e-02 1.110670901834964752e-02 2.030575461685657501e-02 1.008481532335281372e-02 1.681701466441154480e-02 2.054738812148571014e-02 3.059026040136814117e-02 8.148142136633396149e-03 6.596065126359462738e-03 9.723735973238945007e-03 4.457483533769845963e-03 2.255148626863956451e-02 2.135960198938846588e-02 1.213063660543411970e-04 3.289980068802833557e-02 2.186779491603374481e-02 4.019803926348686218e-02 2.789104916155338287e-02 3.877975279465317726e-03 9.867764078080654144e-03 2.282163687050342560e-02 2.636218816041946411e-02 4.434021655470132828e-03 1.000093109905719757e-02 1.549459248781204224e-02 2.462676027789711952e-03 5.199956707656383514e-03 3.977669402956962585e-03 1.466876361519098282e-02 2.000135369598865509e-02 7.593906950205564499e-03 2.008143626153469086e-02 1.121563464403152466e-02 1.016126989270560443e-04 3.764855116605758667e-02 2.886393293738365173e-02 2.284727059304714203e-02 1.492728386074304581e-02 7.882812060415744781e-03 1.363885006867349148e-03 4.959808662533760071e-03 1.842968631535768509e-03 1.939481683075428009e-02 1.210760418325662613e-02 2.684149518609046936e-02 1.298237824812531471e-03 2.155525982379913330e-02 1.913134008646011353e-02 2.453112974762916565e-03 1.693430170416831970e-02 5.173007375560700893e-04 1.741193607449531555e-02 5.992926191538572311e-03 3.311294596642255783e-03 1.584086380898952484e-02 8.359235711395740509e-03 2.212917990982532501e-02 2.924062497913837433e-02 2.151793800294399261e-03 2.117538824677467346e-02 2.997979335486888885e-02 3.094864636659622192e-02 2.298470400273799896e-02 1.642314903438091278e-02 3.754916368052363396e-03 2.337616868317127228e-03 5.708487238734960556e-03 4.677664488554000854e-03 1.805040799081325531e-02 1.902466081082820892e-02 8.187119849026203156e-03 6.698807235807180405e-03 5.618797615170478821e-03 8.350434713065624237e-03 1.627630367875099182e-02 1.376548595726490021e-02 2.163834497332572937e-02 2.943705767393112183e-03 1.022105943411588669e-02 2.745138714089989662e-03 8.904566057026386261e-03 6.723381113260984421e-03 3.560995683073997498e-02 3.136955946683883667e-02 3.035521600395441055e-03 2.707493677735328674e-02
6.228917744010686874e-03 3.265022998675704002e-03 8.365059494972229004e-01 2.760724537074565887e-02 2.283150702714920044e-02 1.701690955087542534e-03 7.079195929691195488e-04 2.321173436939716339e-02 3.508106572553515434e-03 7.916709408164024353e-03 8.549084886908531189e-03 2.161803282797336578e-02 1.527304947376251221e-02 7.740714121609926224e-03 2.541390946134924889e-03 2.525879768654704094e-03 1.082475064322352409e-03 8.396837860345840454e-03 2.132706157863140106e-02 2.424142323434352875e-02 5.352438893169164658e-03 1.343750581145286560e-02 1.304906699806451797e-02 3.531740047037601471e-03 1.015724800527095795e-02 4.474556539207696915e-03 1.747053302824497223e-02 1.320447423495352268e-03 5.155670922249555588e-03 1.144038978964090347e-02 5.973000545054674149e-03 1.203501480631530285e-03 4.603842273354530334e-03 5.595211870968341827e-03 7.231138646602630615e-03 2.278952486813068390e-02 1.099335681647062302e-02 2.297113649547100067e-02 1.778882555663585663e-02 2.140310406684875488e-02 1.605859771370887756e-02 8.910562843084335327e-03 3.217378864064812660e-03 4.329922143369913101e-03 1.150291413068771362e-03 6.950291804969310760e-03 5.497066304087638855e-04 2.955338219180703163e-03 8.561137132346630096e-03 7.607013918459415436e-03 8.798713795840740204e-03 5.714517086744308472e-03 1.124168559908866882e-02 2.026937156915664673e-02 1.759473816491663456e-03 9.127099066972732544e-03 2.315394207835197449e-02 1.530324108898639679e-02 2.979466877877712250e-02 1.462647877633571625e-02 7.463479414582252502e-04 1.996296644210815430e-02 1.725502498447895050e-02 1.388313062489032745e-02 1.772266463376581669e-03 6.954360753297805786e-03 8.495800197124481201e-03 3.195069730281829834e-04 6.460921838879585266e-03 2.164530381560325623e-02 8.825050666928291321e-03 2.723519504070281982e-02 1.268103998154401779e-02 2.290652506053447723e-02 9.676563553512096405e-03 2.466646023094654083e-02 2.394595183432102203e-03 1.870823558419942856e-03 1.320850686170160770e-03 4.082177300006151199e-03 3.626243397593498230e-02 3.059243038296699524e-02 1.872933469712734222e-02 1.400957908481359482e-02 6.714917253702878952e-03 8.952902629971504211e-03 3.667890792712569237e-03 2.018094807863235474e-02 1.207152381539344788e-03 4.584936890751123428e-03 3.304162994027137756e-03 1.721045561134815216e-02 2.901264233514666557e-03 2.419854514300823212e-02 2.916500903666019440e-03 2.462235512211918831e-03 2.663057111203670502e-02 1.437680609524250031e-02 1.130024436861276627e-02 5.854498129338026047e-03 7.243905682116746902e-03 9.682022966444492340e-03 3.306889906525611877e-02 2.720491215586662292e-02 1.502388063818216324e-02 1.385475508868694305e-03 7.746396586298942566e-03 2.408540435135364532e-02 1.426839642226696014e-02 2.114315703511238098e-02 3.036146238446235657e-02 5.974282044917345047e-03 5.106619559228420258e-03 4.655041731894016266e-03 2.167571894824504852e-02 2.405270561575889587e-02
1.473034173250198364e-02 1.408051978796720505e-02 2.760724537074565887e-02 8.365059494972229004e-01 6.920446455478668213e-02 1.375340111553668976e-02 1.447090785950422287e-02 2.114260941743850708e-02 5.111260805279016495e-03 1.093050464987754822e-02 8.648141287267208099e-03 7.065457291901111603e-03 2.305434783920645714e-03 1.936728134751319885e-03 8.464646525681018829e-03 2.303986065089702606e-02 1.973824761807918549e-02 2.518999623134732246e-03 1.734113506972789764e-02 9.642907418310642242e-03 5.089800804853439331e-03 5.661018192768096924e-03 5.799930542707443237e-03 7.033315487205982208e-03 3.899445524439215660e-03 1.446202211081981659e-02 4.320583306252956390e-03 7.026276551187038422e-03 4.062464460730552673e-03 5.210516974329948425e-03 1.905407872982323170e-03 1.858468982391059399e-03 2.463031793013215065e-03 1.174478791654109955e-03 3.670140868052840233e-03 1.695460826158523560e-02 3.451601369306445122e-03 1.171027310192584991e-02 6.362648308277130127e-02 5.222693085670471191e-02 2.567050419747829437e-02 9.339427575469017029e-03 2.375518716871738434e-02 1.299767475575208664e-02 2.087708748877048492e-02 3.330057486891746521e-02 1.517993304878473282e-02 6.188323721289634705e-03 3.191188722848892212e-02 3.611315041780471802e-02 3.305437508970499039e-03 7.519699865952134132e-04 1.947176083922386169e-02 1.617781445384025574e-02 1.124929171055555344e-02 9.025039151310920715e-03 1.524962019175291061e-02 3.115829546004533768e-03 8.235723711550235748e-03 9.185661561787128448e-03 1.637255586683750153e-02 3.608288615942001343e-02 1.562342658871784806e-04 2.622981555759906769e-03 1.286144182085990906e-02 4.373681265860795975e-03 1.429640688002109528e-03 1.942591927945613861e-02 1.882993057370185852e-02 8.409372530877590179e-03 1.411578431725502014e-02 2.140232361853122711e-03 5.474903434514999390e-02 1.543396618217229843e-02 4.943176358938217163e-02 1.598202623426914215e-02 1.901733689010143280e-02 1.129121612757444382e-02 2.453676192089915276e-03 1.286668702960014343e-02 9.838412515819072723e-03 4.166467860341072083e-02 4.978997260332107544e-02 2.844478748738765717e-02 9.559525176882743835e-03 1.331347972154617310e-02 9.443341754376888275e-03 2.163834683597087860e-02 8.975958917289972305e-04 2.071082964539527893e-02 1.097461674362421036e-03 6.513067986816167831e-03 1.204721746034920216e-03 7.254306692630052567e-03 1.300444640219211578e-02 1.573876827023923397e-03 1.241528056561946869e-02 2.234884724020957947e-02 4.012935329228639603e-03 1.994938962161540985e-02 6.215590052306652069e-03 2.557713771238923073e-03 1.562906056642532349e-02 1.202738657593727112e-02 1.632374152541160583e-02 2.884452603757381439e-02 1.303715258836746216e-02 3.709259629249572754e-02 1.059236284345388412e-02 4.293006658554077148e-02 5.946987774223089218e-03 5.784255452454090118e-03 3.452507080510258675e-03 6.011982914060354233e-04 1.391875091940164566e-03 3.224787861108779907e-02
1.503869518637657166e-02 6.659047212451696396e-03 2.283150702714920044e-02 6.920446455478668213e-02 8.365059494972229004e-01 1.119060441851615906e-03 1.004603505134582520e-02 2.577269822359085083e-02 3.009340725839138031e-04 4.396059550344944000e-03 1.581399701535701752e-02 1.252631749957799911e-02 1.434763334691524506e-02 1.241147401742637157e-03 2.041880227625370026e-02 1.402484904974699020e-02 1.743757165968418121e-02 1.589202508330345154e-02 7.929285056889057159e-03 1.115708495490252972e-03 7.750339806079864502e-03 1.287489291280508041e-02 8.264676667749881744e-03 1.205143984407186508e-02 1.085441280156373978e-02 3.126811701804399490e-03 1.639104075729846954e-02 3.612478496506810188e-03 6.143935606814920902e-04 1.135590486228466034e-02 5.416380008682608604e-04 6.831375649198889732e-04 1.772047579288482666e-02 5.588544998317956924e-03 1.112977135926485062e-02 5.875661969184875488e-03 4.780625458806753159e-03 2.011476457118988037e-02 5.396172776818275452e-02 6.504846364259719849e-02 1.131563447415828705e-02 1.046386174857616425e-02 1.718409545719623566e-02 6.605792324990034103e-03 1.952534168958663940e-02 2.126918919384479523e-02 8.805735968053340912e-03 4.392654169350862503e-03 1.059019006788730621e-02 1.915848813951015472e-02 6.453272071667015553e-04 8.401726372539997101e-03 1.963775791227817535e-02 2.794983237981796265e-02 3.311134409159421921e-03 3.449623007327318192e-03 1.989788934588432312e-02 1.303307991474866867e-02 2.548956777900457382e-03 8.159575052559375763e-03 1.239330321550369263e-02 2.304157242178916931e-02 2.649545203894376755e-03 9.698061272501945496e-03 2.767029451206326485e-03 8.819266222417354584e-03 7.743575144559144974e-03 1.624908647499978542e-03 1.498953346163034439e-02 8.680037222802639008e-03 1.012738421559333801e-02 7.963459938764572144e-03 3.783999383449554443e-02 8.108061738312244415e-03 4.122255742549896240e-02 1.344245765358209610e-02 1.942833140492439270e-02 1.522021181881427765e-02 6.122571881860494614e-03 1.358202099800109863e-02 1.996117271482944489e-02 3.203269839286804199e-02 4.092487320303916931e-02 3.002616018056869507e-02 1.642223447561264038e-02 8.193315006792545319e-03 1.979039050638675690e-02 2.252346463501453400e-02 3.261040663346648216e-03 1.173241250216960907e-02 1.934912987053394318e-03 1.742990314960479736e-02 5.345442914403975010e-04 2.066667936742305756e-02 2.075624838471412659e-02 1.847465522587299347e-02 7.154682651162147522e-03 2.069487422704696655e-02 1.140053477138280869e-02 6.101072649471461773e-04 8.458149619400501251e-03 1.763152331113815308e-02 1.356435590423643589e-03 2.217865735292434692e-02 1.052134484052658081e-02 1.700562238693237305e-02 2.147988043725490570e-02 3.016255982220172882e-02 2.790981158614158630e-02 2.823726646602153778e-02 2.916286932304501534e-03 8.619760774308815598e-05 6.409550085663795471e-03 2.508501987904310226e-03 2.249997667968273163e-02 2.555794455111026764e-02
5.380592867732048035e-02 5.336363613605499268e-02 1.701690955087542534e-03 1.375340111553668976e-02 1.119060441851615906e-03 8.365059494972229004e-01 7.000887393951416016e-02 1.076200511306524277e-03 6.437551230192184448e-03 7.864718325436115265e-03 5.200937390327453613e-02 3.238561376929283142e-02 5.006165057420730591e-02 3.724737837910652161e-02 1.609482429921627045e-02 1.803481765091419220e-02 2.262285910546779633e-02 2.398291043937206268e-02 2.743555791676044464e-02 1.289117522537708282e-02 1.924657821655273438e-02 2.908492088317871094e-02 1.740017905831336975e-02 2.379017136991024017e-02 1.784124597907066345e-02 1.824680715799331665e-02 1.799456961452960968e-02 6.353314965963363647e-03 4.326506983488798141e-03 1.767517812550067902e-02 8.382077328860759735e-03 4.880512598901987076e-03 2.293291687965393066e-02 3.083666320890188217e-03 2.138967439532279968e-02 8.760897442698478699e-03 2.298384904861450195e-02 4.775414709001779556e-03 1.675837114453315735e-02 5.013084970414638519e-03 5.250325426459312439e-03 1.108604110777378082e-02 2.704445272684097290e-02 6.045737769454717636e-03 2.168720029294490814e-02 1.191772706806659698e-02 6.219049915671348572e-02 3.410549461841583252e-02 7.798005361109972000e-03 2.920840866863727570e-03 3.390464000403881073e-03 1.824308745563030243e-02 2.161290496587753296e-02 6.171148270368576050e-03 2.088379114866256714e-02 2.657043281942605972e-03 2.009705267846584320e-02 5.855989176779985428e-03 6.426209118217229843e-03 2.530601050239056349e-04 2.328570932149887085e-02 3.752627968788146973e-02 1.525574922561645508e-02 6.727309897541999817e-03 3.085716627538204193e-02 3.007176145911216736e-02 1.979888789355754852e-02 2.170009538531303406e-02 3.367771860212087631e-03 6.501135416328907013e-03 1.199569553136825562e-03 6.976982578635215759e-03 7.860927144065499306e-04 1.922679319977760315e-02 1.242163218557834625e-02 1.789060235023498535e-02 2.908650785684585571e-03 1.806279830634593964e-02 5.897199269384145737e-03 9.468995034694671631e-03 1.533593633212149143e-03 4.957394674420356750e-03 8.894672617316246033e-03 3.607710590586066246e-03 1.551678963005542755e-02 2.697853371500968933e-02 7.719322573393583298e-03 6.694112438708543777e-03 1.319118775427341461e-02 1.431366335600614548e-02 2.878473512828350067e-02 3.115326352417469025e-02 2.419523894786834717e-02 1.311456318944692612e-02 8.802628144621849060e-03 4.429630469530820847e-03 9.658472612500190735e-03 1.575496420264244080e-02 1.635837927460670471e-02 2.022408694028854370e-02 2.980799879878759384e-03 5.790909752249717712e-03 9.617775678634643555e-03 9.867557324469089508e-03 2.921447716653347015e-02 2.611246705055236816e-02 4.616363905370235443e-03 2.379857935011386871e-02 3.037850139662623405e-03 1.973746158182621002e-02 3.772253636270761490e-03 9.287433698773384094e-03 2.485532499849796295e-02 2.514457143843173981e-02 1.979355141520500183e-02 2.478706836700439453e-02
4.626935720443725586e-02 5.370505154132843018e-02 7.079195929691195488e-04 1.447090785950422287e-02 1.004603505134582520e-02 7.000887393951416016e-02 8.365059494972229004e-01 3.029840299859642982e-04 1.539914403110742569e-02 1.519307307898998260e-02 5.585378035902976990e-02 6.768828257918357849e-03 5.970889329910278320e-02 1.556332781910896301e-02 1.010000333189964294e-02 1.230608392506837845e-02 1.385261863470077515e-02 1.735541038215160370e-02 2.162745594978332520e-02 1.077068783342838287e-02 2.274807915091514587e-02 3.367789089679718018e-02 1.033437158912420273e-02 1.258580759167671204e-02 2.069585211575031281e-02 2.211299352347850800e-02 2.705193869769573212e-02 1.371975522488355637e-03 2.120226994156837463e-02 8.871784433722496033e-03 3.399670869112014771e-02 1.814983435906469822e-03 1.997662708163261414e-02 5.593387875705957413e-03 1.460217498242855072e-02 3.607592312619090080e-03 1.816318556666374207e-02 2.758061746135354042e-03 1.824501529335975647e-02 1.172585505992174149e-02 1.277742255479097366e-02 2.792723709717392921e-03 3.250812366604804993e-02 7.982457987964153290e-03 2.657638303935527802e-02 1.827103458344936371e-02 7.068777084350585938e-02 5.816862359642982483e-02 1.476215431466698647e-03 5.524818319827318192e-03 5.983140785247087479e-03 2.692126296460628510e-02 2.317156456410884857e-02 9.880368597805500031e-03 2.006683126091957092e-02 5.400829948484897614e-03 8.530502207577228546e-03 9.701232425868511200e-03 1.153252087533473969e-02 2.493726089596748352e-03 1.063055265694856644e-02 2.677041850984096527e-02 4.240810812916606665e-04 1.163094025105237961e-02 3.784628212451934814e-02 4.332576319575309753e-02 1.543050166219472885e-02 1.942364126443862915e-02 5.654524546116590500e-03 1.146794063970446587e-03 7.303623016923666000e-03 4.796654917299747467e-03 1.575750764459371567e-03 1.147814188152551651e-02 3.473480697721242905e-03 5.551820620894432068e-03 3.423663554713129997e-03 1.213392894715070724e-02 1.683308370411396027e-02 1.773292012512683868e-02 2.271452452987432480e-03 6.219983100891113281e-03 1.168281305581331253e-02 9.823911823332309723e-03 7.592589594423770905e-03 2.909965626895427704e-02 1.487638102844357491e-03 2.531407168135046959e-03 1.330085657536983490e-02 1.887349970638751984e-02 4.818544164299964905e-02 2.598629519343376160e-02 4.377711936831474304e-02 1.562883146107196808e-02 1.103869266808032990e-02 1.404859940521419048e-03 3.657976398244500160e-03 5.907660815864801407e-03 1.569925062358379364e-02 2.051977813243865967e-02 3.714094404131174088e-03 9.603883372619748116e-04 1.043143682181835175e-02 1.314324443228542805e-03 2.855215035378932953e-02 2.612930536270141602e-02 9.054816327989101410e-03 1.328789070248603821e-02 8.113412186503410339e-03 9.818025864660739899e-03 6.651763338595628738e-03 2.797496505081653595e-03 2.373200096189975739e-02 2.427111193537712097e-02 2.071829140186309814e-02 1.864753291010856628e-02
2.283953875303268433e-02 2.082714252173900604e-02 2.321173436939716339e-02 2.114260941743850708e-02 2.577269822359085083e-02 1.076200511306524277e-03 3.029840299859642982e-04 8.365059494972229004e-01 1.217683032155036926e-02 7.125519681721925735e-03 2.985551767051219940e-02 1.235635858029127121e-02 2.651374973356723785e-02 2.683845534920692444e-02 5.198720470070838928e-02 9.977757930755615234e-03 6.613213568925857544e-03 8.784533478319644928e-03 7.364699151366949081e-03 1.653319783508777618e-02 2.653316408395767212e-02 3.137760609388351440e-02 1.062833704054355621e-02 2.072713337838649750e-03 1.771503500640392303e-02 1.544467732310295105e-02 1.539780385792255402e-02 3.550099208950996399e-03 7.038092706352472305e-03 4.989040317013859749e-04 8.009494282305240631e-03 2.919489750638604164e-03 9.635017253458499908e-03 2.397626452147960663e-02 1.081446278840303421e-02 1.215163152664899826e-02 1.269877329468727112e-02 3.451688587665557861e-02 2.483180537819862366e-02 3.039606660604476929e-02 1.696172356605529785e-02 1.886955462396144867e-02 1.143623050302267075e-02 2.867780625820159912e-03 2.155036432668566704e-03 2.751400927081704140e-03 5.868652369827032089e-03 1.475522411055862904e-03 5.103367846459150314e-03 1.185880042612552643e-02 2.912693843245506287e-02 2.084938623011112213e-02 3.764011710882186890e-02 2.191144227981567383e-02 1.018904615193605423e-02 1.980910456040874124e-04 2.097720280289649963e-02 5.334140267223119736e-03 3.391020372509956360e-02 3.218672797083854675e-02 1.517271343618631363e-02 6.107117049396038055e-03 7.612221874296665192e-03 1.567342318594455719e-03 2.046766690909862518e-02 6.805872544646263123e-03 1.219639927148818970e-02 1.242241449654102325e-02 1.489703822880983353e-02 6.089443340897560120e-03 7.670032209716737270e-04 3.202053776476532221e-04 2.758072130382061005e-02 4.436534072738140821e-04 1.896683685481548309e-02 1.213994994759559631e-02 2.012572623789310455e-02 1.295690308324992657e-03 2.447636565193533897e-03 1.566769741475582123e-02 5.117775127291679382e-02 3.829471394419670105e-02 2.904065884649753571e-03 9.517570026218891144e-03 5.879724863916635513e-03 1.819640770554542542e-02 4.785745590925216675e-02 4.802342504262924194e-02 2.612669207155704498e-02 2.028468297794461250e-03 4.627893213182687759e-04 2.568167634308338165e-02 5.502540152519941330e-03 1.633353903889656067e-02 1.689312234520912170e-02 1.710095629096031189e-02 5.362161900848150253e-03 1.441914588212966919e-02 2.260354906320571899e-02 1.462037954479455948e-02 3.481938736513257027e-03 1.606025919318199158e-02 2.133793756365776062e-02 1.989772729575634003e-02 1.394648943096399307e-02 1.030515786260366440e-02 1.173841208219528198e-02 2.054700627923011780e-02 1.545452326536178589e-02 1.019636634737253189e-02 2.309980802237987518e-02 3.528059646487236023e-02 2.751324139535427094e-02 2.478232979774475098e-02 2.895887941122055054e-02 1.986868446692824364e-03
7.279112003743648529e-03 8.687001536600291729e-04 3.508106572553515434e-03 5.111260805279016495e-03 3.009340725839138031e-04 6.437551230192184448e-03 1.539914403110742569e-02 1.217683032155036926e-02 8.365059494972229004e-01 5.600209534168243408e-02 5.927780875936150551e-04 1.041030138731002808e-02 2.756520872935652733e-03 4.360986873507499695e-03 2.875638427212834358e-03 8.825493045151233673e-03 1.172613166272640228e-02 6.556908041238784790e-02 3.682827949523925781e-02 1.001666672527790070e-02 5.113997962325811386e-03 2.160366158932447433e-03 1.394958887249231339e-02 1.525984983891248703e-02 1.223617140203714371e-02 1.003202330321073532e-02 3.858990035951137543e-03 7.554634474217891693e-03 3.226920671295374632e-04 9.635570459067821503e-03 6.579180248081684113e-03 1.309908553957939148e-02 1.311783958226442337e-02 1.516319066286087036e-02 1.406269380822777748e-03 1.913045719265937805e-02 3.545601852238178253e-03 3.119730157777667046e-03 1.787311630323529243e-03 5.214089993387460709e-03 1.447436306625604630e-02 4.878684133291244507e-02 2.606345526874065399e-02 2.600049227476119995e-02 2.371829748153686523e-02 1.134580746293067932e-02 5.768449511379003525e-03 3.115133848041296005e-03 4.254841431975364685e-02 3.536639362573623657e-02 1.667186617851257324e-02 1.139555126428604126e-02 8.838275447487831116e-03 1.710160868242383003e-03 4.294108971953392029e-02 1.846281811594963074e-02 3.025587834417819977e-02 1.241243723779916763e-02 2.843646565452218056e-03 1.282793097198009491e-02 1.417901739478111267e-02 2.372600696980953217e-02 5.186159629374742508e-03 2.084911614656448364e-02 2.543141599744558334e-03 6.030724383890628815e-03 3.682527458295226097e-03 6.408120039850473404e-03 6.835517007857561111e-03 2.183371782302856445e-02 1.105697732418775558e-02 2.693643420934677124e-02 7.613105699419975281e-03 2.221211604773998260e-02 1.297427061945199966e-02 3.802609071135520935e-02 5.841044709086418152e-02 3.195659816265106201e-02 7.368050515651702881e-02 3.079407848417758942e-02 5.398547276854515076e-03 8.238632231950759888e-03 1.079472992569208145e-02 1.232710666954517365e-02 1.807763986289501190e-02 4.541116300970315933e-03 7.773694116622209549e-03 1.237331051379442215e-02 4.909048601984977722e-02 2.615952491760253906e-02 1.930415310198441148e-04 1.190313883125782013e-02 8.567757322452962399e-04 2.514060027897357941e-02 1.875323802232742310e-02 3.291777521371841431e-02 1.110902987420558929e-02 4.299671947956085205e-02 2.405342087149620056e-02 1.462712790817022324e-02 1.431246660649776459e-02 5.370173603296279907e-03 1.090327743440866470e-03 2.618451975286006927e-02 1.213569426909089088e-03 1.507674064487218857e-02 1.445869170129299164e-02 2.911363355815410614e-02 6.676815450191497803e-03 2.048044092953205109e-02 1.987913250923156738e-02 2.147158235311508179e-02 1.607510820031166077e-02 1.229801774024963379e-02 1.653530262410640717e-02 5.916535854339599609e-03
7.731187157332897186e-03 1.847798749804496765e-02 7.916709408164024353e-03 1.093050464987754822e-02 4.396059550344944000e-03 7.864718325436115265e-03 1.519307307898998260e-02 7.125519681721925735e-03 5.600209534168243408e-02 8.365059494972229004e-01 1.079473737627267838e-02 1.802500896155834198e-02 1.728587038815021515e-02 2.803977765142917633e-02 1.771553605794906616e-02 3.029507026076316833e-02 2.452341653406620026e-02 3.597692772746086121e-02 5.658012628555297852e-02 5.729563068598508835e-03 1.171243097633123398e-02 4.212989471852779388e-03 9.055146016180515289e-03 1.094165258109569550e-02 1.413483638316392899e-02 1.082311663776636124e-02 1.332388818264007568e-02 1.496659778058528900e-02 1.283477060496807098e-02 9.781872853636741638e-03 1.898146234452724457e-03 1.056425739079713821e-02 8.497704751789569855e-03 9.823546279221773148e-04 1.390720903873443604e-02 6.555140018463134766e-03 1.686819270253181458e-02 7.881234632804989815e-04 1.201110053807497025e-02 4.253920167684555054e-03 1.662845723330974579e-02 3.375922562554478645e-03 2.678126282989978790e-02 2.806271426379680634e-02 1.689937897026538849e-02 2.327121607959270477e-02 1.723324065096676350e-03 3.056849585846066475e-03 1.487655658274888992e-02 4.533150792121887207e-02 1.141395512968301773e-02 1.097888452932238579e-03 1.239168737083673477e-02 1.957680471241474152e-02 1.872030319646000862e-03 1.848536659963428974e-03 5.366520956158638000e-03 2.299710176885128021e-02 1.128793135285377502e-02 8.361651562154293060e-03 2.888221479952335358e-02 1.143496949225664139e-02 9.193045087158679962e-03 2.600596845149993896e-02 7.776610436849296093e-04 3.434702754020690918e-03 8.304171264171600342e-03 9.462065063416957855e-04 2.977976575493812561e-02 3.201406821608543396e-02 1.912792026996612549e-02 1.114955637603998184e-02 2.779842726886272430e-02 3.373705595731735229e-02 2.177912183105945587e-02 1.105779595673084259e-02 1.302573923021554947e-02 5.616855621337890625e-02 5.808654427528381348e-02 6.598325073719024658e-02 1.157213747501373291e-02 3.795971395447850227e-03 3.866174374707043171e-04 3.390273824334144592e-02 1.027500908821821213e-02 2.845086157321929932e-02 1.152132265269756317e-02 1.582345180213451385e-02 4.043515026569366455e-02 6.923845410346984863e-02 9.816024452447891235e-03 1.154508441686630249e-02 9.566180408000946045e-03 5.196365062147378922e-03 1.166315097361803055e-02 2.348006702959537506e-02 3.097631782293319702e-02 1.443395484238862991e-02 3.489304566755890846e-03 2.938677556812763214e-03 4.058271879330277443e-04 2.188782440498471260e-03 7.560734171420335770e-03 8.901241235435009003e-03 1.513786707073450089e-02 1.454885490238666534e-02 5.277710501104593277e-03 1.306553278118371964e-02 3.558582393452525139e-03 1.343016605824232101e-02 1.634544506669044495e-02 7.093988824635744095e-04 1.470812689512968063e-02 9.376797825098037720e-03 3.496179822832345963e-03 1.401357911527156830e-02
5.867501720786094666e-02 5.916346609592437744e-02 8.549084886908531189e-03 8.648141287267208099e-03 1.581399701535701752e-02 5.200937390327453613e-02 5.585378035902976990e-02 2.985551767051219940e-02 5.927780875936150551e-04 1.079473737627267838e-02 8.365059494972229004e-01 6.247687153518199921e-03 6.975098699331283569e-02 2.544230315834283829e-03 3.871332481503486633e-02 6.588007789105176926e-03 4.865271970629692078e-03 8.196521550416946411e-03 1.030886918306350708e-02 1.905739679932594299e-02 3.266739845275878906e-02 4.705281928181648254e-02 1.159882545471191406e-02 4.905741196125745773e-03 2.082486264407634735e-02 1.934164762496948242e-02 3.090558946132659912e-02 9.238903410732746124e-03 3.343305364251136780e-02 5.121409893035888672e-03 3.389912098646163940e-02 4.516715649515390396e-03 1.457885745912790298e-02 9.098043665289878845e-03 1.027909852564334869e-02 1.420136354863643646e-02 2.891498431563377380e-02 1.927270181477069855e-02 7.174428552389144897e-03 1.080007664859294891e-02 1.625264249742031097e-02 2.098764479160308838e-02 3.062616288661956787e-02 6.184718222357332706e-04 3.089200705289840698e-02 2.055600844323635101e-02 5.066082999110221863e-02 4.134720563888549805e-02 8.034954662434756756e-04 1.290828571654856205e-03 2.088668383657932281e-02 2.771662175655364990e-02 5.605902988463640213e-03 7.751990109682083130e-03 5.382896866649389267e-03 1.110804267227649689e-02 3.155638987664133310e-04 4.217978857923299074e-04 8.662397041916847229e-03 1.657475531101226807e-02 1.826347433961927891e-03 1.343517284840345383e-02 5.791199393570423126e-03 2.438476309180259705e-03 5.212887376546859741e-02 4.314697906374931335e-02 1.357079204171895981e-02 1.401182822883129120e-02 6.599744316190481186e-03 7.538982667028903961e-03 1.592401764355599880e-03 2.494496526196599007e-03 1.153118815273046494e-02 8.634866215288639069e-03 1.498881913721561432e-02 1.667276490479707718e-03 1.395175606012344360e-02 1.136866491287946701e-02 1.129409414716064930e-03 1.905785501003265381e-02 1.176174357533454895e-02 1.553127355873584747e-02 9.059221483767032623e-03 1.212668605148792267e-02 9.140268899500370026e-03 5.068207159638404846e-03 2.604985423386096954e-02 2.787569351494312286e-02 1.994634221773594618e-04 2.056830748915672302e-02 4.118352383375167847e-02 4.314940050244331360e-02 2.845750190317630768e-02 2.300567179918289185e-02 9.699048474431037903e-03 1.374305039644241333e-02 1.214442090713419020e-04 6.054722238332033157e-03 1.799357496201992035e-02 1.793493516743183136e-02 1.188832335174083710e-02 1.688110642135143280e-02 7.379680406302213669e-03 1.135911513119935989e-02 1.359771564602851868e-02 1.195955649018287659e-02 8.748878724873065948e-03 7.614726200699806213e-03 1.468713395297527313e-02 9.019510820508003235e-03 1.249557174742221832e-02 1.887902803719043732e-02 3.176484629511833191e-02 2.876226231455802917e-02 5.772851407527923584e-03 1.296308077871799469e-02
1.240822300314903259e-02 1.715564914047718048e-02 2.161803282797336578e-02 7.065457291901111603e-03 1.252631749957799911e-02 3.238561376929283142e-02 6.768828257918357849e-03 1.235635858029127121e-02 1.041030138731002808e-02 1.802500896155834198e-02 6.247687153518199921e-03 8.365059494972229004e-01 8.945774286985397339e-03 8.375663310289382935e-02 6.085807457566261292e-03 2.240545488893985748e-02 3.223021700978279114e-02 2.898136898875236511e-02 2.274819090962409973e-02 1.890227757394313812e-02 7.692144252359867096e-03 7.046192418783903122e-03 2.737136185169219971e-02 4.398979991674423218e-02 1.382384728640317917e-02 7.737499196082353592e-03 3.984471317380666733e-03 3.901720046997070312e-02 2.954208664596080780e-02 3.089804388582706451e-02 2.506087161600589752e-02 1.786734163761138916e-02 1.226369198411703110e-02 3.663995070382952690e-03 1.824354566633701324e-02 9.965379722416400909e-03 9.800541214644908905e-03 1.097117457538843155e-02 1.103805005550384521e-02 7.567992433905601501e-03 2.212833426892757416e-02 1.130942720919847488e-02 8.245823904871940613e-03 1.128014177083969116e-02 2.757311984896659851e-02 2.953894995152950287e-02 8.242174983024597168e-03 1.333217881619930267e-02 1.817266223952174187e-03 3.560102311894297600e-03 7.785393390804529190e-03 2.523944899439811707e-02 1.688316278159618378e-02 2.940809463325422257e-05 2.686197869479656219e-02 1.197994779795408249e-02 2.049570716917514801e-02 1.980708213523030281e-03 7.709097582846879959e-03 6.498329341411590576e-03 3.141722455620765686e-02 2.566058188676834106e-02 1.545427180826663971e-02 5.329616833478212357e-03 1.828877255320549011e-02 1.747125200927257538e-02 2.489987947046756744e-02 1.952220872044563293e-02 6.894883699715137482e-04 1.783121610060334206e-03 1.449676509946584702e-02 3.288253908976912498e-03 1.098273321986198425e-02 4.890783224254846573e-03 2.673319354653358459e-02 1.107836421579122543e-02 1.895943097770214081e-02 5.237737298011779785e-02 2.001720294356346130e-02 1.417852845042943954e-02 5.382439121603965759e-03 8.949117735028266907e-03 2.522348053753376007e-02 3.763879090547561646e-02 3.289241343736648560e-02 3.822699934244155884e-02 9.078825823962688446e-03 2.990054665133357048e-03 1.507729850709438324e-02 2.489640610292553902e-03 6.863775197416543961e-03 2.182659925892949104e-03 6.854737177491188049e-03 6.917483988218009472e-04 3.387223184108734131e-02 2.038810774683952332e-02 4.490551538765430450e-03 8.728012442588806152e-03 1.681775599718093872e-02 2.354529872536659241e-02 1.128808502107858658e-02 6.032335106283426285e-03 1.044450141489505768e-02 7.755442988127470016e-03 1.656426861882209778e-02 6.981508806347846985e-03 7.736527360975742340e-03 1.887363754212856293e-02 8.365980349481105804e-03 5.038670729845762253e-03 1.099645812064409256e-02 1.920146495103836060e-02 1.456098724156618118e-02 1.978092268109321594e-02 1.414048764854669571e-02 2.096446789801120758e-02
5.218693241477012634e-02 5.787279456853866577e-02 1.527304947376251221e-02 2.305434783920645714e-03 1.434763334691524506e-02 5.006165057420730591e-02 5.970889329910278320e-02 2.651374973356723785e-02 2.756520872935652733e-03 1.728587038815021515e-02 6.975098699331283569e-02 8.945774286985397339e-03 8.365059494972229004e-01 2.506633289158344269e-03 3.396363928914070129e-02 1.117725856602191925e-02 1.053449604660272598e-02 4.739825148135423660e-03 1.860477775335311890e-02 1.474379841238260269e-02 2.923932112753391266e-02 4.675602167844772339e-02 9.226223453879356384e-03 2.376952208578586578e-03 2.088459394872188568e-02 2.227907814085483551e-02 2.883151918649673462e-02 1.235567312687635422e-02 3.466873988509178162e-02 6.846911739557981491e-03 4.471057280898094177e-02 5.352445412427186966e-03 7.041741162538528442e-03 8.948124013841152191e-03 4.160185344517230988e-03 1.345286332070827484e-02 2.747809141874313354e-02 1.782268844544887543e-02 6.999815232120454311e-04 3.661829978227615356e-03 2.097663655877113342e-02 1.729802414774894714e-02 2.593590319156646729e-02 1.688633929006755352e-03 2.971555292606353760e-02 2.015987038612365723e-02 4.922627285122871399e-02 4.853083565831184387e-02 1.849463908001780510e-03 3.470018738880753517e-03 1.533549185842275620e-02 2.460033446550369263e-02 5.336341448128223419e-03 1.191039197146892548e-02 4.275938030332326889e-03 1.693763211369514465e-02 2.564489608630537987e-03 4.478481598198413849e-03 5.166693590581417084e-03 1.972291991114616394e-02 7.778350263833999634e-03 1.282512675970792770e-02 1.827462110668420792e-03 7.364394608885049820e-03 5.235426500439643860e-02 5.402462184429168701e-02 7.517555262893438339e-03 9.680937975645065308e-03 1.622290536761283875e-02 3.655045060440897942e-03 8.998475037515163422e-03 7.597364485263824463e-03 1.244538556784391403e-02 1.321874931454658508e-02 1.712167076766490936e-02 3.252205904573202133e-03 1.858046837151050568e-02 9.603836573660373688e-03 6.623178720474243164e-03 2.242329157888889313e-02 2.646239940077066422e-03 7.185886614024639130e-03 4.428239539265632629e-03 9.263658896088600159e-03 3.156605875119566917e-03 9.105962701141834259e-03 1.551103591918945312e-02 2.215075120329856873e-02 1.311919535510241985e-03 2.029140479862689972e-02 4.409142583608627319e-02 3.723615035414695740e-02 3.859920054674148560e-02 2.578618004918098450e-02 1.081151305697858334e-03 7.420831359922885895e-03 5.755255930125713348e-03 5.711242556571960449e-03 1.635053940117359161e-02 1.618814654648303986e-02 3.650390310212969780e-03 1.165673974901437759e-02 1.221328414976596832e-02 9.819263592362403870e-03 1.488754432648420334e-02 1.369886565953493118e-02 1.277410984039306641e-02 8.178030140697956085e-03 4.908382892608642578e-03 4.087318200618028641e-03 1.210307795554399490e-02 1.878695562481880188e-02 2.932036295533180237e-02 2.497961930930614471e-02 6.637115497142076492e-03 1.958391442894935608e-02
