8.380052447319030762e-01 5.501825362443923950e-02 5.255110096186399460e-03 2.279393840581178665e-03 2.020605141296982765e-03 5.603092163801193237e-02 5.376201868057250977e-02 6.723204627633094788e-03 3.574698057491332293e-04 2.458864357322454453e-03 5.547893047332763672e-02 2.736890129745006561e-02 5.835539102554321289e-02 3.315484523773193359e-02 2.267673984169960022e-02 1.657989621162414551e-02 1.789485290646553040e-02 1.460069976747035980e-02 2.035929821431636810e-02 1.792075857520103455e-02 1.756838150322437286e-02 4.053547605872154236e-02 2.483408339321613312e-02 1.947570778429508209e-02 1.582184247672557831e-02 1.959685422480106354e-02 3.375212475657463074e-02 6.663702894002199173e-03 2.519560279324650764e-03 1.794548146426677704e-02 2.358300611376762390e-03 2.794582024216651917e-02 2.442005276679992676e-02 2.468819357454776764e-02 1.435530185699462891e-02 1.786980591714382172e-02 2.338572964072227478e-02 2.834446355700492859e-02 7.384499534964561462e-03 9.065057151019573212e-03 1.136832963675260544e-02 1.846694736741483212e-03 1.672544702887535095e-02 1.700357161462306976e-02 2.959957905113697052e-02 1.393348816782236099e-02 5.568897351622581482e-02 4.521830752491950989e-02 1.382335368543863297e-02 5.744112189859151840e-03 9.631561115384101868e-03 2.851662691682577133e-03 1.395995449274778366e-02 2.797004580497741699e-02 1.621212624013423920e-02 3.313014283776283264e-03 1.931141689419746399e-02 1.697169803082942963e-02 1.922889612615108490e-02 2.730717882513999939e-02 8.213641121983528137e-03 5.970054771751165390e-03 1.363922655582427979e-02 1.006805058568716049e-02 3.443994373083114624e-02 3.993177786469459534e-02 1.718369685113430023e-02 1.491629052907228470e-02 3.152519930154085159e-03 2.728453371673822403e-03 7.442654576152563095e-03 2.186834113672375679e-03 1.090212631970643997e-02 1.175534911453723907e-02 1.341781206429004669e-02 1.475956290960311890e-02 2.987317740917205811e-03 1.403656508773565292e-02 4.863901529461145401e-03 1.153168268501758575e-02 7.445521769113838673e-04 6.705480627715587616e-03 5.716796033084392548e-03 3.181984415277838707e-03 1.008880976587533951e-02 1.419377699494361877e-02 1.661650836467742920e-02 2.630775794386863708e-02 1.808118447661399841e-02 1.844066753983497620e-02 1.562568172812461853e-02 4.101746529340744019e-02 1.214614138007164001e-02 4.035388678312301636e-02 1.334945298731327057e-02 1.437624078243970871e-02 2.834276296198368073e-02 2.048823237419128418e-02 1.710702106356620789e-02 1.301674079149961472e-02 1.338200177997350693e-02 2.007002010941505432e-02 2.880373969674110413e-02 3.365779668092727661e-02 2.846916019916534424e-02 2.567930892109870911e-02 1.297072600573301315e-02 3.779409686103463173e-03 1.997965015470981598e-02 5.892754998058080673e-03 1.842440478503704071e-02 2.514422405511140823e-03 8.648516610264778137e-03 1.078951917588710785e-02 1.819930411875247955e-02 1.993649872019886971e-03
5.501825362443923950e-02 8.380052447319030762e-01 1.688856747932732105e-03 3.027177881449460983e-03 5.279435776174068451e-03 4.974373057484626770e-02 5.372165516018867493e-02 3.084417199715971947e-03 9.461488807573914528e-04 8.191381581127643585e-03 5.187242850661277771e-02 2.217172645032405853e-02 5.595576763153076172e-02 3.480901196599006653e-02 1.945652067661285400e-02 1.942206174135208130e-02 2.124757319688796997e-02 7.900296710431575775e-03 1.089887414127588272e-02 2.034868299961090088e-02 1.950644701719284058e-02 3.758701309561729431e-02 2.769516035914421082e-02 2.355485595762729645e-02 2.172389253973960876e-02 2.697071805596351624e-02 3.298164904117584229e-02 1.843317993916571140e-03 2.241550479084253311e-03 1.766696944832801819e-02 2.128828549757599831e-03 2.686244621872901917e-02 2.500855363905429840e-02 2.534337900578975677e-02 1.758691668510437012e-02 1.592562533915042877e-02 2.359033748507499695e-02 2.934744767844676971e-02 1.336584147065877914e-02 1.270993612706661224e-02 1.070094667375087738e-02 4.552478436380624771e-03 1.359897293150424957e-02 1.404882688075304031e-02 2.441497519612312317e-02 1.290694624185562134e-02 5.174919962882995605e-02 4.868657886981964111e-02 1.196644734591245651e-02 1.203222945332527161e-02 4.455681890249252319e-03 2.974775386974215508e-03 2.168278209865093231e-02 3.071217052638530731e-02 2.157762460410594940e-02 1.390151120722293854e-02 2.090676501393318176e-02 2.471113204956054688e-02 1.796075329184532166e-02 3.153993934392929077e-02 1.303419657051563263e-02 1.873576082289218903e-03 1.506637595593929291e-02 1.118086837232112885e-02 3.096399083733558655e-02 4.115163907408714294e-02 1.890385709702968597e-02 1.280004531145095825e-02 7.116543129086494446e-03 8.239533752202987671e-03 3.197280166205018759e-04 1.341481460258364677e-03 8.357216604053974152e-03 1.377196895191445947e-05 6.747219245880842209e-03 1.206246577203273773e-02 2.834005281329154968e-04 1.897321827709674835e-02 6.172086112201213837e-03 7.968134246766567230e-03 6.684375694021582603e-04 6.757156923413276672e-03 8.110962808132171631e-03 4.992231260985136032e-03 8.767831139266490936e-03 1.259871479123830795e-02 1.287240535020828247e-02 2.755184285342693329e-02 1.473536156117916107e-02 9.730526246130466461e-03 1.877578720450401306e-02 3.763568028807640076e-02 1.678894646465778351e-02 3.789963573217391968e-02 1.002209633588790894e-02 1.811381988227367401e-02 3.395834937691688538e-02 1.812573522329330444e-02 1.417214889079332352e-02 1.362982112914323807e-02 1.422338932752609253e-02 2.046082727611064911e-02 2.889239415526390076e-02 3.080038353800773621e-02 3.155545890331268311e-02 2.613240107893943787e-02 8.501974865794181824e-03 9.450335986912250519e-03 1.334587857127189636e-02 1.273051649332046509e-02 2.853880077600479126e-02 6.938888691365718842e-03 1.135748066008090973e-02 8.055421523749828339e-03 2.387318946421146393e-02 8.179096505045890808e-03
5.255110096186399460e-03 1.688856747932732105e-03 8.380052447319030762e-01 1.409711129963397980e-02 1.075698900967836380e-02 1.121640671044588089e-02 9.025766514241695404e-03 8.624763786792755127e-02 2.667308086529374123e-03 5.898683797568082809e-03 1.517782075097784400e-04 6.018580868840217590e-03 4.440158605575561523e-03 1.975809689611196518e-03 1.581744849681854248e-02 7.638316135853528976e-03 1.011203974485397339e-02 4.005773458629846573e-03 3.330458188429474831e-03 4.271074198186397552e-03 1.922871102578938007e-03 1.459574140608310699e-02 1.285032834857702255e-02 6.826347671449184418e-03 1.720430329442024231e-03 2.474405104294419289e-03 1.211715396493673325e-02 1.551672164350748062e-02 1.364298444241285324e-02 1.757863163948059082e-02 2.398169785737991333e-02 6.931013427674770355e-03 9.460699744522571564e-03 1.397279649972915649e-02 1.450802665203809738e-03 2.831736952066421509e-02 7.604265585541725159e-03 4.658695776015520096e-03 1.647854037582874298e-02 4.952779505401849747e-03 1.437382865697145462e-02 2.962525701150298119e-03 7.770074997097253799e-03 5.920255556702613831e-02 3.861384466290473938e-03 3.633084706962108612e-03 9.460557252168655396e-03 5.007895175367593765e-03 2.709517627954483032e-02 1.798830577172338963e-03 1.651526894420385361e-03 5.092822248116135597e-04 4.923396743834018707e-03 4.421504680067300797e-03 1.941734179854393005e-02 4.210687708109617233e-03 4.806801676750183105e-03 9.762706235051155090e-03 2.243055403232574463e-02 5.870935507118701935e-03 1.457079406827688217e-02 2.303688554093241692e-03 1.165521051734685898e-02 5.753939040005207062e-03 2.317733131349086761e-03 5.174006801098585129e-03 1.338211447000503540e-02 9.695787914097309113e-03 7.436416111886501312e-03 2.002860233187675476e-02 7.728448836132884026e-04 3.594212979078292847e-02 1.423959154635667801e-03 1.520987786352634430e-02 1.105918549001216888e-03 2.357676066458225250e-02 9.456827305257320404e-03 4.889670293778181076e-03 3.525842912495136261e-03 5.491682328283786774e-03 6.677152961492538452e-02 5.989836528897285461e-02 2.012389712035655975e-02 2.342972159385681152e-02 1.055724453181028366e-02 1.537151075899600983e-02 2.008704654872417450e-02 3.514129668474197388e-02 9.385126759298145771e-04 1.443257834762334824e-02 7.373414468020200729e-03 1.065943762660026550e-02 1.204488612711429596e-02 3.412032674532383680e-04 4.306351393461227417e-02 3.436451405286788940e-02 1.515749469399452209e-02 2.501351758837699890e-02 1.368896570056676865e-02 1.077064443961717188e-04 8.788584731519222260e-03 1.229069428518414497e-03 1.489200349897146225e-02 1.739270612597465515e-02 3.187285037711262703e-04 3.662072587758302689e-03 1.654386520385742188e-02 3.850481007248163223e-03 2.759798662737011909e-03 4.799451213330030441e-03 1.607283577322959900e-02 6.402515340596437454e-03 1.254399958997964859e-02 1.727552711963653564e-02 2.014655247330665588e-02 8.071376942098140717e-03
2.279393840581178665e-03 3.027177881449460983e-03 1.409711129963397980e-02 8.380052447319030762e-01 7.162230461835861206e-02 1.187034603208303452e-02 5.749012809246778488e-03 6.480838637799024582e-03 5.616706795990467072e-03 2.139324694871902466e-02 2.610316965728998184e-03 1.413613837212324142e-02 2.799305184453260154e-05 4.471927881240844727e-03 9.731809841468930244e-04 2.915153093636035919e-02 2.657793462276458740e-02 2.859415300190448761e-02 1.934720203280448914e-02 1.803879253566265106e-02 1.434395089745521545e-04 1.298554986715316772e-02 7.850885391235351562e-03 1.352497842162847519e-02 2.016586437821388245e-02 2.459330607962328941e-05 1.385000441223382950e-02 4.333244942245073617e-05 2.087282575666904449e-02 8.304903283715248108e-03 1.810277812182903290e-02 7.456509396433830261e-03 2.681864425539970398e-02 1.095445733517408371e-02 3.097973763942718506e-02 6.288189324550330639e-04 4.869174154009670019e-04 4.141483455896377563e-03 5.404216796159744263e-02 5.258025228977203369e-02 1.958592562004923820e-03 1.726866140961647034e-02 1.876457594335079193e-02 7.658204529434442520e-03 3.738477360457181931e-03 1.777466735802590847e-03 4.848386626690626144e-03 8.664863184094429016e-03 4.102864768356084824e-03 7.510843686759471893e-03 4.012063145637512207e-03 1.160008367151021957e-02 2.531892806291580200e-02 2.507739327847957611e-02 8.548773825168609619e-03 1.751113310456275940e-02 1.789702102541923523e-02 1.091251056641340256e-02 2.409483492374420166e-02 3.193395212292671204e-02 4.051488637924194336e-02 4.152607917785644531e-02 4.010614007711410522e-02 3.399351239204406738e-02 6.650976836681365967e-03 1.289314962923526764e-02 2.207207726314663887e-03 1.162155624479055405e-02 3.737506270408630371e-02 1.064111385494470596e-02 3.766994550824165344e-02 9.307867847383022308e-03 5.661588534712791443e-02 1.599022932350635529e-02 5.737796798348426819e-02 5.844723433256149292e-03 9.965620003640651703e-03 1.673668995499610901e-02 6.331293378025293350e-03 2.322367159649729729e-03 3.902243217453360558e-03 4.205109551548957825e-03 5.241728574037551880e-02 4.277122765779495239e-02 6.476748385466635227e-04 1.438259333372116089e-02 2.282826229929924011e-03 1.841574092395603657e-03 1.360711175948381424e-02 3.395142406225204468e-02 1.504474412649869919e-02 1.233652420341968536e-02 2.066391147673130035e-02 1.063113473355770111e-02 2.691840007901191711e-02 1.485217548906803131e-02 6.965052802115678787e-03 3.613099397625774145e-04 1.293627824634313583e-02 1.145776826888322830e-02 7.457229308784008026e-03 6.136422511190176010e-03 6.605046335607767105e-03 9.574069990776479244e-04 2.419256977736949921e-02 2.518343366682529449e-02 8.200032636523246765e-03 3.976165130734443665e-02 1.904000178910791874e-03 2.433152683079242706e-02 1.626745052635669708e-02 1.721148751676082611e-02 4.969468340277671814e-03 1.723252935335040092e-03 1.783926412463188171e-02 3.251056373119354248e-02
2.020605141296982765e-03 5.279435776174068451e-03 1.075698900967836380e-02 7.162230461835861206e-02 8.380052447319030762e-01 9.676755405962467194e-03 5.870858673006296158e-03 3.836981719359755516e-03 1.827656850218772888e-02 2.386496961116790771e-02 4.732663277536630630e-03 8.473433554172515869e-03 4.329578019678592682e-03 8.446070714853703976e-04 1.416171807795763016e-02 2.556623704731464386e-02 2.796125784516334534e-02 1.340629160404205322e-02 1.721577718853950500e-02 1.849677972495555878e-02 4.860405810177326202e-03 6.146931089460849762e-03 3.069257596507668495e-03 1.050641853362321854e-02 1.733177341520786285e-02 4.751850850880146027e-03 8.634369820356369019e-03 9.724770672619342804e-03 1.269445102661848068e-02 7.764300797134637833e-03 1.297501754015684128e-02 4.955948796123266220e-03 3.005326353013515472e-02 1.350874267518520355e-02 3.934030979871749878e-02 3.405744442716240883e-03 7.189752068370580673e-03 5.137670086696743965e-04 5.207606405019760132e-02 6.858070939779281616e-02 1.766387722454965115e-03 2.123460732400417328e-02 1.851524971425533295e-02 9.174337610602378845e-03 1.155053032562136650e-03 7.814059033989906311e-03 4.617827013134956360e-03 6.089432165026664734e-03 1.293582376092672348e-02 9.272264316678047180e-03 2.446755534037947655e-03 6.779188290238380432e-03 2.089275233447551727e-02 3.051149845123291016e-02 1.345758512616157532e-02 9.390867315232753754e-03 1.439186278730630875e-02 1.022595725953578949e-02 1.527285855263471603e-02 3.453858941793441772e-02 2.139387279748916626e-02 3.678466007113456726e-02 4.320138320326805115e-02 5.019239708781242371e-02 7.064779754728078842e-03 1.147720869630575180e-02 4.535056650638580322e-03 9.691269136965274811e-03 2.134502120316028595e-02 1.615726761519908905e-02 3.101408295333385468e-02 3.415186889469623566e-03 4.584378376603126526e-02 1.718744821846485138e-02 5.318443104624748230e-02 7.022810750640928745e-04 4.234980791807174683e-03 1.822787337005138397e-02 4.426436498761177063e-03 8.999784477055072784e-03 3.315921640023589134e-03 7.574664428830146790e-03 4.954442381858825684e-02 4.383438453078269958e-02 6.653130985796451569e-03 1.332433521747589111e-02 5.937835667282342911e-03 8.355249883607029915e-04 1.123650558292865753e-02 2.965078130364418030e-02 5.016807932406663895e-03 3.942250739783048630e-03 1.032346952706575394e-02 1.314989291131496429e-03 2.703209221363067627e-02 2.350919693708419800e-02 8.161120116710662842e-03 3.709373995661735535e-03 9.835639968514442444e-03 8.773052133619785309e-03 1.015649293549358845e-03 3.065762342885136604e-03 3.172183642163872719e-03 1.110385637730360031e-02 1.303487550467252731e-02 2.457774430513381958e-02 2.413191832602024078e-03 2.939140796661376953e-02 5.925627774558961391e-04 2.494604140520095825e-02 9.055568836629390717e-03 7.982159033417701721e-03 8.634553290903568268e-03 4.065479617565870285e-03 1.303656306117773056e-02 2.777839452028274536e-02
5.603092163801193237e-02 4.974373057484626770e-02 1.121640671044588089e-02 1.187034603208303452e-02 9.676755405962467194e-03 8.380052447319030762e-01 6.119613349437713623e-02 1.156160514801740646e-02 1.288004405796527863e-02 3.348228055983781815e-03 4.784572124481201172e-02 4.129491001367568970e-02 5.221811681985855103e-02 4.419786483049392700e-02 1.129642780870199203e-02 1.105541922152042389e-02 1.339671574532985687e-02 1.944093406200408936e-02 2.498395368456840515e-02 1.226397324353456497e-02 1.370003726333379745e-02 3.710522875189781189e-02 2.228926494717597961e-02 1.918362267315387726e-02 8.961331099271774292e-03 1.880122907459735870e-02 3.375945612788200378e-02 1.715086400508880615e-03 1.728449016809463501e-02 1.694150269031524658e-02 1.424898765981197357e-02 2.441767603158950806e-02 1.323407050222158432e-02 1.904289610683917999e-02 6.691792048513889313e-03 1.176519878208637238e-02 1.920739188790321350e-02 2.527145482599735260e-02 2.476291265338659286e-03 7.068713894113898277e-04 1.329381600953638554e-03 5.946916528046131134e-03 2.140049636363983154e-02 3.397418651729822159e-03 3.611164167523384094e-02 1.966636255383491516e-02 6.181825697422027588e-02 4.607761651277542114e-02 8.554610423743724823e-03 3.638336900621652603e-03 1.653654873371124268e-02 4.574005957692861557e-03 5.322036799043416977e-03 1.965030469000339508e-02 1.125450525432825089e-02 6.310748867690563202e-03 1.370486896485090256e-02 8.042667061090469360e-03 2.106539718806743622e-02 2.314290031790733337e-02 4.321321379393339157e-03 1.914530247449874878e-02 9.095057845115661621e-03 1.417866675183176994e-03 2.321280911564826965e-02 2.960321307182312012e-02 1.142039708793163300e-02 1.063769962638616562e-02 5.568723194301128387e-03 1.425192784518003464e-02 1.733049936592578888e-02 1.366942096501588821e-02 2.519589290022850037e-02 2.427377551794052124e-02 2.289172448217868805e-02 1.904497668147087097e-02 1.123049575835466385e-02 2.102696150541305542e-02 1.639419933781027794e-03 4.642997868359088898e-03 4.170116037130355835e-03 6.702061276882886887e-03 2.374608535319566727e-03 1.071448624134063721e-02 8.770583197474479675e-03 1.787437498569488525e-02 5.359432660043239594e-03 1.953430287539958954e-02 3.148790821433067322e-02 1.861807703971862793e-02 7.334178313612937927e-03 3.460776060819625854e-02 5.670358426868915558e-03 2.733726240694522858e-02 3.319028299301862717e-03 2.504192758351564407e-03 2.926295064389705658e-02 2.690119296312332153e-02 1.501532830297946930e-02 1.351572200655937195e-02 1.183591317385435104e-02 1.895050145685672760e-02 3.132695332169532776e-02 2.892729640007019043e-02 2.163289301097393036e-02 1.556689664721488953e-02 1.511370670050382614e-02 8.383767679333686829e-03 1.767995394766330719e-02 8.953278884291648865e-03 1.339208334684371948e-02 5.771012511104345322e-03 6.893411744385957718e-03 1.120251137763261795e-02 1.040403638035058975e-02 9.340801276266574860e-03
5.376201868057250977e-02 5.372165516018867493e-02 9.025766514241695404e-03 5.749012809246778488e-03 5.870858673006296158e-03 6.119613349437713623e-02 8.380052447319030762e-01 1.548689045011997223e-02 1.288557797670364380e-02 5.780622828751802444e-03 4.864429309964179993e-02 3.437569737434387207e-02 5.291180312633514404e-02 4.587299004197120667e-02 7.677056360989809036e-03 1.324302237480878830e-02 1.575431413948535919e-02 1.357652805745601654e-02 2.492070384323596954e-02 1.242567505687475204e-02 1.619826070964336395e-02 3.783947974443435669e-02 2.396683953702449799e-02 2.161003276705741882e-02 1.498124282807111740e-02 2.651070617139339447e-02 3.581213951110839844e-02 7.175528444349765778e-03 1.197884790599346161e-02 1.210544258356094360e-02 9.348683990538120270e-03 2.490859664976596832e-02 1.495089195668697357e-02 2.051278948783874512e-02 8.982916362583637238e-03 1.004352886229753494e-02 1.732745394110679626e-02 2.981280162930488586e-02 1.024310244247317314e-03 9.047671919688582420e-04 4.379117395728826523e-03 5.438200663775205612e-03 2.035764791071414948e-02 8.071800693869590759e-03 3.375807777047157288e-02 2.065237239003181458e-02 6.133643165230751038e-02 5.465100333094596863e-02 1.084018498659133911e-02 2.525601303204894066e-03 1.159976888447999954e-02 8.149827772285789251e-05 7.664280943572521210e-03 2.372961863875389099e-02 2.107351832091808319e-02 9.479828295297920704e-04 1.886726170778274536e-02 1.577991805970668793e-02 1.856375485658645630e-02 2.866882830858230591e-02 2.447936916723847389e-03 1.628998294472694397e-02 1.466964092105627060e-02 5.501153063960373402e-04 2.301536314189434052e-02 3.411293774843215942e-02 1.153662800788879395e-02 7.118446752429008484e-03 1.268706982955336571e-03 9.598041884601116180e-03 1.328636053949594498e-02 6.802991498261690140e-03 2.306830137968063354e-02 1.619656570255756378e-02 2.003123983740806580e-02 1.515832263976335526e-02 8.879630826413631439e-03 2.552098408341407776e-02 2.084296196699142456e-03 4.579564265441149473e-04 8.760687196627259254e-04 1.164854504168033600e-02 2.229257486760616302e-03 7.181559689342975616e-03 5.624911282211542130e-03 1.437028404325246811e-02 2.759619383141398430e-03 2.268878929316997528e-02 3.272380679845809937e-02 1.422668714076280594e-02 9.694935753941535950e-03 3.359621763229370117e-02 1.267134398221969604e-02 2.863162010908126831e-02 4.402868915349245071e-03 2.299573272466659546e-03 3.620498999953269958e-02 2.799052186310291290e-02 1.349422149360179901e-02 1.426063291728496552e-02 1.006911788135766983e-02 1.834037899971008301e-02 3.273383527994155884e-02 2.961581759154796600e-02 2.244954183697700500e-02 1.214905735105276108e-02 1.095346920192241669e-02 1.126843708334490657e-04 1.148711051791906357e-02 1.617681584320962429e-03 2.286918647587299347e-02 3.482755972072482109e-03 1.142081804573535919e-02 6.844816729426383972e-03 1.952214725315570831e-02 2.289558760821819305e-03
6.723204627633094788e-03 3.084417199715971947e-03 8.624763786792755127e-02 6.480838637799024582e-03 3.836981719359755516e-03 1.156160514801740646e-02 1.548689045011997223e-02 8.380052447319030762e-01 9.421221911907196045e-03 1.160765532404184341e-03 1.328533515334129333e-02 3.646430559456348419e-03 9.118266403675079346e-03 4.758095368742942810e-03 3.128567337989807129e-02 7.086772471666336060e-03 5.411596503108739853e-03 1.338835619390010834e-02 1.449490897357463837e-02 1.306372880935668945e-02 1.014029979705810547e-02 1.292491890490055084e-02 9.518498554825782776e-03 9.435575455427169800e-03 1.429095212370157242e-02 1.581852510571479797e-02 1.854041032493114471e-02 2.474729344248771667e-02 1.424736715853214264e-02 1.807802543044090271e-02 1.407991442829370499e-02 3.824874060228466988e-03 3.147363662719726562e-03 2.224784810096025467e-03 8.139621466398239136e-03 7.635610178112983704e-03 2.162925153970718384e-02 1.644392311573028564e-02 1.234140805900096893e-02 6.190816871821880341e-03 5.834698677062988281e-04 1.061542611569166183e-02 3.341441042721271515e-03 2.058418281376361847e-02 4.628297407180070877e-03 4.185177851468324661e-03 1.032012142241001129e-02 2.815868007019162178e-03 7.330785505473613739e-03 7.891996763646602631e-03 1.679486408829689026e-02 9.657399728894233704e-03 3.170093288645148277e-03 1.104268431663513184e-02 3.901449032127857208e-03 5.374043248593807220e-03 7.405072916299104691e-03 8.243430405855178833e-03 4.092372953891754150e-03 9.153402410447597504e-03 4.753505811095237732e-03 3.864531870931386948e-03 1.894157030619680882e-03 9.035090624820441008e-05 3.979955334216356277e-03 6.592423189431428909e-03 1.026295218616724014e-02 1.606378518044948578e-02 1.167200971394777298e-02 5.678130313754081726e-03 4.098993260413408279e-03 1.370396494166925550e-04 4.296206869184970856e-03 5.357127171009778976e-03 4.742917604744434357e-03 4.844879731535911560e-03 8.676922298036515713e-04 1.380454376339912415e-02 1.619620807468891144e-02 3.244275925680994987e-03 8.870729804039001465e-02 6.797832995653152466e-02 1.838594558648765087e-03 2.658457309007644653e-02 1.614632830023765564e-02 2.207488380372524261e-02 6.770310550928115845e-02 5.075134709477424622e-02 5.985303316265344620e-03 8.014652412384748459e-04 6.650007329881191254e-03 9.580964222550392151e-03 9.281676262617111206e-03 1.924556866288185120e-02 2.946401014924049377e-03 1.612540148198604584e-02 1.026810053735971451e-02 1.385347335599362850e-03 8.860257454216480255e-03 7.864480838179588318e-03 2.326877322047948837e-03 2.433283370919525623e-04 1.056802459061145782e-03 2.215235494077205658e-03 1.546140667051076889e-02 1.282806508243083954e-02 1.789022609591484070e-02 7.663809694349765778e-03 8.495401125401258469e-04 1.084419898688793182e-02 7.891652174293994904e-03 4.438152909278869629e-02 6.134801078587770462e-03 1.435183174908161163e-02 7.269745692610740662e-03 2.420544810593128204e-02
3.574698057491332293e-04 9.461488807573914528e-04 2.667308086529374123e-03 5.616706795990467072e-03 1.827656850218772888e-02 1.288004405796527863e-02 1.288557797670364380e-02 9.421221911907196045e-03 8.380052447319030762e-01 2.208518236875534058e-02 8.820794522762298584e-03 2.580088563263416290e-02 8.350274525582790375e-03 1.892750151455402374e-02 3.928823396563529968e-02 3.315175324678421021e-02 3.007144480943679810e-02 4.054962471127510071e-02 6.881416775286197662e-03 1.101660355925559998e-02 1.122342050075531006e-02 4.478336777538061142e-04 2.274347841739654541e-02 2.302451990544795990e-02 3.021179232746362686e-03 2.037953026592731476e-02 1.142436359077692032e-02 6.133999209851026535e-03 1.254575885832309723e-02 1.159008685499429703e-02 2.204671688377857208e-02 1.844952814280986786e-02 1.626748777925968170e-02 1.161992549896240234e-02 4.662998951971530914e-03 1.403155736625194550e-03 6.597968284040689468e-03 8.268863894045352936e-03 2.858195686712861061e-03 1.066597085446119308e-02 7.044855505228042603e-03 8.967234753072261810e-03 1.901452243328094482e-02 1.956323161721229553e-02 1.492895744740962982e-02 2.143526449799537659e-02 1.291079726070165634e-02 9.693483822047710419e-03 3.541131690144538879e-02 3.058159025385975838e-03 3.362775966525077820e-02 1.384400017559528351e-02 1.440353319048881531e-02 1.262581208720803261e-03 3.948640078306198120e-02 6.153247319161891937e-03 1.494679134339094162e-02 6.391920614987611771e-03 1.295740064233541489e-02 4.827546421438455582e-03 3.385568270459771156e-03 1.672561466693878174e-02 7.944387383759021759e-03 2.453947998583316803e-02 1.442216429859399796e-02 1.981404423713684082e-02 1.391379907727241516e-02 5.270614055916666985e-04 2.567440085113048553e-02 2.293056994676589966e-02 1.047037448734045029e-02 9.286087006330490112e-03 1.590814255177974701e-02 1.367549598217010498e-02 5.751976277679204941e-03 1.916140026878565550e-04 7.197795063257217407e-02 4.923219978809356689e-02 4.105754941701889038e-02 3.256779909133911133e-02 7.600792217999696732e-03 2.910317480564117432e-02 2.018434368073940277e-02 1.466145925223827362e-02 4.292522557079792023e-03 1.391151268035173416e-02 3.500333055853843689e-02 2.308717556297779083e-02 4.994874075055122375e-02 8.098427206277847290e-03 1.550422050058841705e-02 6.201114505529403687e-03 4.631832707673311234e-03 1.255310233682394028e-02 1.718137646093964577e-04 5.858079064637422562e-03 9.890994988381862640e-03 3.696908429265022278e-02 1.958082057535648346e-02 6.254501175135374069e-03 7.543403655290603638e-03 6.812265608459711075e-03 7.558756507933139801e-03 1.856381888501346111e-03 8.656532503664493561e-03 6.888286676257848740e-03 1.624905504286289215e-03 1.938997651450335979e-03 2.970349043607711792e-03 1.347210630774497986e-02 2.813569968566298485e-03 1.354961656033992767e-02 7.282451260834932327e-03 1.674750633537769318e-02 3.070818074047565460e-02 3.399061411619186401e-02
2.458864357322454453e-03 8.191381581127643585e-03 5.898683797568082809e-03 2.139324694871902466e-02 2.386496961116790771e-02 3.348228055983781815e-03 5.780622828751802444e-03 1.160765532404184341e-03 2.208518236875534058e-02 8.380052447319030762e-01 3.620542120188474655e-03 2.136108698323369026e-03 1.266724779270589352e-03 2.051539346575737000e-02 1.179617922753095627e-02 8.370315656065940857e-03 1.680005155503749847e-02 2.202321030199527740e-02 6.473640352487564087e-02 1.192529872059822083e-02 2.674396708607673645e-02 1.840036176145076752e-02 9.214274585247039795e-03 2.760213240981101990e-02 2.827727794647216797e-02 3.340477496385574341e-02 2.393337152898311615e-02 1.695550605654716492e-02 1.294099818915128708e-02 1.166555192321538925e-02 9.226469323039054871e-03 4.319093190133571625e-03 7.831422612071037292e-03 1.871922612190246582e-02 2.158077806234359741e-02 1.656061224639415741e-02 3.515484044328331947e-03 7.370739243924617767e-03 1.264499314129352570e-02 2.574522979557514191e-02 1.916868262924253941e-03 1.276897382922470570e-03 9.827522560954093933e-03 9.410574100911617279e-03 7.060966920107603073e-03 6.010522134602069855e-03 4.828822799026966095e-03 8.966894820332527161e-03 6.662153173238039017e-03 4.057046771049499512e-02 9.224941022694110870e-03 1.108466740697622299e-02 1.795094832777976990e-02 7.403675932437181473e-03 9.208986535668373108e-03 4.508409649133682251e-02 2.332020178437232971e-02 3.310555219650268555e-02 9.343017823994159698e-03 1.572685129940509796e-02 4.728773608803749084e-03 3.257119655609130859e-02 2.264824137091636658e-02 1.974956830963492393e-03 1.128177996724843979e-02 8.703922852873802185e-03 2.795356325805187225e-03 6.204642355442047119e-03 8.407770656049251556e-03 3.290405124425888062e-02 3.163518011569976807e-02 1.102049369364976883e-03 2.871372562367469072e-04 4.070556163787841797e-02 2.910723537206649780e-02 3.499611048027873039e-03 7.967255078256130219e-03 5.447462573647499084e-02 5.813179071992635727e-03 5.875603854656219482e-02 6.202299147844314575e-03 1.591219007968902588e-02 1.454110722988843918e-02 5.223940312862396240e-02 1.318652997724711895e-03 9.569833986461162567e-03 2.342442050576210022e-03 1.153212878853082657e-02 4.862023517489433289e-03 4.669265076518058777e-02 1.434651762247085571e-02 4.436770454049110413e-03 5.702422466129064560e-03 1.155815366655588150e-02 8.084813132882118225e-03 9.932345710694789886e-03 1.888859644532203674e-02 1.002090575639158487e-04 1.547561585903167725e-02 2.823173440992832184e-02 2.717965049669146538e-03 9.176436811685562134e-03 5.293087102472782135e-03 2.327633090317249298e-03 3.928164485841989517e-03 1.044407393783330917e-02 2.053691260516643524e-02 6.145376246422529221e-03 1.017476432025432587e-02 4.207035526633262634e-03 1.690515689551830292e-02 5.238913465291261673e-03 1.575194485485553741e-02 1.891429536044597626e-03 8.918061852455139160e-03 9.379915893077850342e-03
5.547893047332763672e-02 5.187242850661277771e-02 1.517782075097784400e-04 2.610316965728998184e-03 4.732663277536630630e-03 4.784572124481201172e-02 4.864429309964179993e-02 1.328533515334129333e-02 8.820794522762298584e-03 3.620542120188474655e-03 8.380052447319030762e-01 1.343065407127141953e-02 5.840396881103515625e-02 2.532801590859889984e-02 2.408354356884956360e-02 1.211623474955558777e-02 1.570598781108856201e-02 1.213675178587436676e-02 1.452188286930322647e-02 1.259126886725425720e-02 1.143830362707376480e-02 3.980304300785064697e-02 2.275384776294231415e-02 1.680037006735801697e-02 1.400641910731792450e-02 1.818253472447395325e-02 3.742381930351257324e-02 2.215641550719738007e-03 1.332911103963851929e-02 1.384892594069242477e-02 9.899063035845756531e-03 2.236328460276126862e-02 3.372638672590255737e-02 1.973844692111015320e-02 1.836964860558509827e-02 1.511708181351423264e-02 2.071768790483474731e-02 2.988595701754093170e-02 8.542021736502647400e-03 5.403704009950160980e-03 1.824768818914890289e-02 5.283818580210208893e-03 9.425828233361244202e-03 1.882378943264484406e-02 1.632519811391830444e-02 9.058120194822549820e-04 5.249790102243423462e-02 4.554094374179840088e-02 1.403286773711442947e-02 1.071130763739347458e-02 6.782694719731807709e-03 5.919631221331655979e-04 2.151620201766490936e-02 2.862923964858055115e-02 2.304853126406669617e-02 1.394395064562559128e-02 2.314619533717632294e-02 2.723211981356143951e-02 1.403258461505174637e-02 2.470436505973339081e-02 1.784867607057094574e-02 4.356006160378456116e-03 1.482419203966856003e-02 1.651263795793056488e-02 4.765719175338745117e-02 4.940097779035568237e-02 1.544169615954160690e-02 9.384355507791042328e-03 4.911086056381464005e-03 2.074537612497806549e-02 2.019420266151428223e-03 1.249867863953113556e-02 5.417567677795886993e-03 2.321987645700573921e-03 1.135102380067110062e-02 1.771140028722584248e-03 9.933011606335639954e-03 1.053333003073930740e-02 1.581959612667560577e-02 1.298361085355281830e-02 3.841069061309099197e-03 1.280225720256567001e-02 8.505164645612239838e-03 2.864620881155133247e-03 5.474921315908432007e-03 7.450905628502368927e-03 2.400240302085876465e-02 2.962307445704936981e-02 9.932541288435459137e-03 1.184971537441015244e-02 2.697179652750492096e-02 4.590896889567375183e-02 1.933182030916213989e-02 4.430577531456947327e-02 2.049551159143447876e-02 1.616005972027778625e-02 2.847097441554069519e-02 1.817556098103523254e-02 1.180026214569807053e-02 1.244462653994560242e-02 9.983508847653865814e-03 1.371248904615640640e-02 2.422190643846988678e-02 2.999583445489406586e-02 3.039157576858997345e-02 1.849971339106559753e-02 7.982374168932437897e-03 1.437178533524274826e-02 1.322819292545318604e-02 1.646819338202476501e-02 1.924025826156139374e-02 8.898513391613960266e-03 1.565154088893905282e-04 1.369500678265467286e-04 1.873626932501792908e-02 8.542242459952831268e-03
2.736890129745006561e-02 2.217172645032405853e-02 6.018580868840217590e-03 1.413613837212324142e-02 8.473433554172515869e-03 4.129491001367568970e-02 3.437569737434387207e-02 3.646430559456348419e-03 2.580088563263416290e-02 2.136108698323369026e-03 1.343065407127141953e-02 8.380052447319030762e-01 2.005953155457973480e-02 5.043482035398483276e-02 1.618609763681888580e-02 1.432741992175579071e-02 1.414465624839067459e-02 1.701355352997779846e-02 1.061209291219711304e-02 1.773872971534729004e-02 1.346987020224332809e-02 2.480021305382251740e-02 3.668048605322837830e-02 3.594729676842689514e-02 1.094970852136611938e-02 8.589815348386764526e-03 1.754871383309364319e-02 3.500555828213691711e-02 2.988569252192974091e-02 3.737697377800941467e-02 2.228066325187683105e-02 2.400444447994232178e-02 4.952871706336736679e-03 2.078822627663612366e-02 7.499119383282959461e-04 2.309058234095573425e-02 2.245604246854782104e-02 1.659168303012847900e-02 1.631596125662326813e-03 8.243500255048274994e-03 1.702614128589630127e-02 3.917477442882955074e-04 2.296341955661773682e-02 6.990427616983652115e-03 4.658097773790359497e-02 4.142776876688003540e-02 3.357124328613281250e-02 1.715607568621635437e-02 8.279673755168914795e-03 3.774309763684868813e-03 1.018563844263553619e-02 2.502237446606159210e-02 1.958270557224750519e-03 6.981246988289058208e-04 1.545071415603160858e-02 1.849332265555858612e-02 2.162281190976500511e-03 1.689356938004493713e-02 1.466347835958003998e-02 2.955568721517920494e-03 2.147992327809333801e-02 2.832310274243354797e-02 5.322074517607688904e-03 1.173182670027017593e-02 9.271938470192253590e-04 1.989088486880064011e-03 1.497916691005229950e-02 1.646851189434528351e-02 1.317976973950862885e-02 2.277051471173763275e-02 2.689466811716556549e-02 2.342923730611801147e-02 2.052526362240314484e-02 3.273627161979675293e-02 1.274436712265014648e-02 2.264700643718242645e-02 1.986483298242092133e-02 3.001233935356140137e-02 2.761499956250190735e-02 1.923260092735290527e-02 1.513237413018941879e-02 3.362295916303992271e-03 9.297831915318965912e-03 2.960349433124065399e-03 2.758007682859897614e-02 3.022998198866844177e-02 5.758765619248151779e-03 7.377792149782180786e-03 2.277118526399135590e-02 1.943579129874706268e-02 1.584550179541110992e-02 1.545889675617218018e-02 1.336065214127302170e-02 9.108480997383594513e-03 1.267184782773256302e-02 3.773189615458250046e-03 1.196193415671586990e-02 2.810270711779594421e-02 2.500079572200775146e-02 2.611881308257579803e-02 1.888304948806762695e-02 2.327476255595684052e-02 3.056099638342857361e-02 2.897293120622634888e-02 9.551379829645156860e-03 7.885993458330631256e-03 2.075621299445629120e-02 2.103803306818008423e-02 1.898725517094135284e-02 2.374619431793689728e-02 7.895187009125947952e-04 1.262993458658456802e-02 1.536214351654052734e-02 2.705394476652145386e-02 9.815573692321777344e-03 1.296383794397115707e-02
5.835539102554321289e-02 5.595576763153076172e-02 4.440158605575561523e-03 2.799305184453260154e-05 4.329578019678592682e-03 5.221811681985855103e-02 5.291180312633514404e-02 9.118266403675079346e-03 8.350274525582790375e-03 1.266724779270589352e-03 5.840396881103515625e-02 2.005953155457973480e-02 8.380052447319030762e-01 2.963024750351905823e-02 2.308983355760574341e-02 1.352236047387123108e-02 1.640472188591957092e-02 1.355167105793952942e-02 1.519925985485315323e-02 1.744053885340690613e-02 1.789561845362186432e-02 3.914172202348709106e-02 2.510284259915351868e-02 1.910946890711784363e-02 1.641968078911304474e-02 2.029948495328426361e-02 3.086843527853488922e-02 3.122332273051142693e-03 6.011929363012313843e-03 1.421125046908855438e-02 6.235531531274318695e-03 2.308085374534130096e-02 2.675404958426952362e-02 2.288774587213993073e-02 1.475343294441699982e-02 1.452981680631637573e-02 2.023290470242500305e-02 2.957921475172042847e-02 8.052810095250606537e-03 6.677101366221904755e-03 1.535876467823982239e-02 2.321189735084772110e-03 1.403876487165689468e-02 2.004890888929367065e-02 2.428642846643924713e-02 8.945737034082412720e-03 5.485968664288520813e-02 4.935214668512344360e-02 1.057758554816246033e-02 8.323269896209239960e-03 3.869421081617474556e-03 2.529514487832784653e-03 1.841578818857669830e-02 2.911799773573875427e-02 1.782586611807346344e-02 1.086798962205648422e-02 2.040688134729862213e-02 2.427398785948753357e-02 1.361984293907880783e-02 2.509667910635471344e-02 1.280936785042285919e-02 1.410997705534100533e-03 1.303611323237419128e-02 1.385322306305170059e-02 4.009376093745231628e-02 4.717636480927467346e-02 1.796676218509674072e-02 1.337988488376140594e-02 4.667557775974273682e-03 1.023300364613533020e-02 1.218299730680882931e-03 2.715462585911154747e-03 5.431286990642547607e-03 3.041528631001710892e-03 9.962125681340694427e-03 8.211231790482997894e-03 5.640622694045305252e-03 8.989318273961544037e-03 1.115141063928604126e-02 1.239834632724523544e-02 1.568290521390736103e-03 1.363134756684303284e-02 4.856135230511426926e-03 2.929179929196834564e-03 8.961175568401813507e-03 9.579857811331748962e-03 1.925662532448768616e-02 3.037582151591777802e-02 1.473113708198070526e-02 1.286047603935003281e-02 2.212729118764400482e-02 4.191417992115020752e-02 1.888919249176979065e-02 4.214118421077728271e-02 1.093861274421215057e-02 1.208155881613492966e-02 2.962920814752578735e-02 1.877018623054027557e-02 1.390975434333086014e-02 1.314891129732131958e-02 1.115449517965316772e-02 1.831870153546333313e-02 2.800213359296321869e-02 3.236797824501991272e-02 2.995528653264045715e-02 1.991083472967147827e-02 7.803814951330423355e-03 9.696515277028083801e-03 1.324198953807353973e-02 1.458930503576993942e-02 2.127025090157985687e-02 6.968145025894045830e-04 8.022566325962543488e-03 6.299352273344993591e-03 2.211808785796165466e-02 3.169527510181069374e-03
