8.498235940933227539e-01 6.049115210771560669e-02 1.623423583805561066e-02 2.623125165700912476e-02 2.072260901331901550e-02 3.794560953974723816e-02 4.350327327847480774e-02 2.248699218034744263e-02 9.854743257164955139e-03 9.929021820425987244e-03 5.047080293297767639e-02 1.536363386549055576e-03 4.192362725734710693e-02 7.826273329555988312e-03 4.431579262018203735e-03 2.122138068079948425e-02 3.113373555243015289e-02 1.809758134186267853e-02 2.031346410512924194e-02 1.147203706204891205e-02 9.574810974299907684e-03 1.519715972244739532e-02 1.537248492240905762e-03 3.012632718309760094e-03 2.181425690650939941e-02 1.100651826709508896e-02 1.271286280825734138e-03 1.873002387583255768e-02 1.121579110622406006e-02 1.561284251511096954e-02 9.275419637560844421e-03 3.999765962362289429e-03 2.068825252354145050e-02 8.070202544331550598e-03 2.186935767531394958e-02 3.695998573675751686e-03 1.301566231995820999e-02 1.100096665322780609e-02 2.411360479891300201e-02 1.610054448246955872e-02 1.605543773621320724e-03 2.497285604476928711e-02 4.144794307649135590e-03 1.237637363374233246e-02 2.323675528168678284e-02 1.836180570535361767e-03 4.177876561880111694e-02 2.434449084103107452e-02 2.744513936340808868e-02 7.683115545660257339e-03 4.734050482511520386e-03 1.392692141234874725e-02 7.767931092530488968e-03 3.671119362115859985e-02 2.859350759536027908e-03 3.242756472900509834e-03 6.185781676322221756e-03 4.572347272187471390e-03 6.505074445158243179e-03 2.322082035243511200e-02 1.185475569218397141e-02 1.570186391472816467e-02 3.265549615025520325e-02 1.799689419567584991e-02 1.267116330564022064e-02 2.785203047096729279e-03 1.689294353127479553e-02 9.286235086619853973e-03 2.869119308888912201e-02 3.419447690248489380e-02 3.481791168451309204e-02 1.941536739468574524e-02 1.461724750697612762e-02 3.361634537577629089e-02 3.153675049543380737e-02 1.919945701956748962e-02 1.489800517447292805e-03 1.295139198191463947e-03 1.133937109261751175e-02 1.025088876485824585e-02 1.020852196961641312e-02 8.390621282160282135e-03 8.568611927330493927e-03 3.747685998678207397e-02 2.090337127447128296e-02 6.369974929839372635e-03 1.179373706690967083e-03 6.204285193234682083e-03 1.875697448849678040e-02 2.246586419641971588e-02 2.095395885407924652e-02 2.364901639521121979e-02 1.117449533194303513e-02 8.972291834652423859e-03 3.518552705645561218e-02 2.584867365658283234e-02 2.123424224555492401e-02 1.377948001027107239e-02 2.006009966135025024e-02 1.094502024352550507e-02 1.102627837099134922e-03 1.162134940386749804e-04 2.338078990578651428e-02 9.680582210421562195e-03 2.243236452341079712e-02 1.519175153225660324e-02 6.962331011891365051e-03 6.389369256794452667e-03 3.327741753309965134e-03 9.793380275368690491e-03 2.080865204334259033e-02 3.374640597030520439e-03 1.713532768189907074e-02 4.045680630952119827e-03 2.273340150713920593e-02 2.175741083920001984e-02
6.049115210771560669e-02 8.498235940933227539e-01 2.230400592088699341e-02 2.840820141136646271e-02 1.551137305796146393e-02 3.740437701344490051e-02 4.826224595308303833e-02 2.177723683416843414e-02 8.434904884779825807e-05 1.188166439533233643e-03 4.929884150624275208e-02 5.592291709035634995e-03 4.122783243656158447e-02 5.729964002966880798e-03 9.759799577295780182e-03 1.271671429276466370e-02 2.093848586082458496e-02 7.699728943407535553e-03 2.754479460418224335e-02 9.364285506308078766e-03 1.442536897957324982e-02 1.816532202064990997e-02 3.926413133740425110e-03 9.198534302413463593e-03 1.410903129726648331e-02 1.022337353788316250e-03 8.884417475201189518e-04 1.260509528219699860e-02 9.584837593138217926e-03 7.057459093630313873e-03 5.162896588444709778e-03 3.757649101316928864e-03 1.190492510795593262e-02 9.565219283103942871e-03 1.459605991840362549e-02 2.439005300402641296e-03 4.909740760922431946e-03 4.327138885855674744e-03 1.427134778350591660e-02 1.192318741232156754e-02 8.662080392241477966e-03 1.535323262214660645e-02 4.907328635454177856e-03 2.501199580729007721e-02 2.825573459267616272e-02 1.457744464278221130e-02 3.385765850543975830e-02 2.524333819746971130e-02 2.436525560915470123e-02 1.862266450189054012e-03 9.659636765718460083e-03 1.826801151037216187e-02 5.147831514477729797e-03 3.096822649240493774e-02 3.552877809852361679e-03 1.215809769928455353e-02 2.163962088525295258e-02 1.296904403716325760e-02 1.202818378806114197e-02 1.020343508571386337e-02 9.981010109186172485e-03 1.791774109005928040e-02 2.613963373005390167e-02 8.702673017978668213e-03 1.159613672643899918e-02 1.061642076820135117e-02 1.652982644736766815e-02 1.449610292911529541e-02 1.801520399749279022e-02 3.265465423464775085e-02 2.695164643228054047e-02 1.342383027076721191e-02 6.735107861459255219e-03 2.995030768215656281e-02 2.263892441987991333e-02 1.891606673598289490e-02 8.759732358157634735e-03 8.434671908617019653e-03 9.284620173275470734e-03 2.733182394877076149e-03 1.132222078740596771e-02 1.145116705447435379e-02 1.111092162318527699e-03 3.889418020844459534e-02 1.746600680053234100e-02 9.228735230863094330e-03 6.367827765643596649e-03 4.990855231881141663e-03 1.532373577356338501e-02 1.213108561933040619e-02 1.832764036953449249e-02 2.974238991737365723e-02 1.380082778632640839e-02 1.155368331819772720e-02 3.458949550986289978e-02 2.870124578475952148e-02 2.212514914572238922e-02 1.025892049074172974e-02 1.135794539004564285e-02 2.371627371758222580e-03 7.245384622365236282e-03 6.104463711380958557e-03 2.233672142028808594e-02 8.774142712354660034e-03 1.393284182995557785e-02 6.270925514400005341e-03 9.436720982193946838e-03 1.977871917188167572e-02 7.383687887340784073e-03 6.847934797406196594e-03 2.191386371850967407e-02 1.917722634971141815e-02 6.219356320798397064e-03 7.006945554167032242e-03 3.170970454812049866e-02 3.046438656747341156e-02
1.623423583805561066e-02 2.230400592088699341e-02 8.498235940933227539e-01 2.095621777698397636e-03 6.494333967566490173e-03 3.017729520797729492e-02 1.347396522760391235e-02 4.375484958291053772e-02 1.778793148696422577e-02 9.514569304883480072e-03 4.849494434893131256e-03 2.233397588133811951e-02 4.448832478374242783e-04 1.365539338439702988e-02 2.328438125550746918e-02 2.866992540657520294e-02 2.209483459591865540e-02 7.534687872976064682e-03 4.092605784535408020e-02 4.437844268977642059e-03 6.728902924805879593e-03 1.990026049315929413e-02 4.486392065882682800e-02 4.426973685622215271e-02 3.296601818874478340e-03 5.834626965224742889e-03 1.861353032290935516e-02 2.194467559456825256e-02 8.820222690701484680e-03 1.885136403143405914e-02 1.292083319276571274e-02 2.118550799787044525e-02 5.405018106102943420e-03 1.243841368705034256e-02 3.051704168319702148e-02 3.210266306996345520e-02 1.432832982391119003e-02 5.053333006799221039e-03 9.116758592426776886e-03 3.002814482897520065e-03 8.948179893195629120e-03 1.348240114748477936e-02 1.568413339555263519e-02 1.755131408572196960e-02 2.039708197116851807e-02 6.817860528826713562e-03 4.983362741768360138e-03 4.322345834225416183e-03 2.945013716816902161e-02 2.199933864176273346e-02 1.126983202993869781e-02 7.344016921706497669e-04 1.485238783061504364e-02 4.828091186936944723e-04 1.175533886998891830e-02 2.258145622909069061e-02 2.388317883014678955e-02 1.812334544956684113e-02 1.302759256213903427e-02 1.379728503525257111e-02 7.539324928075075150e-03 2.497920207679271698e-02 1.397636812180280685e-02 5.855779629200696945e-03 2.255980297923088074e-02 1.427549961954355240e-02 2.514899335801601410e-02 1.314164604991674423e-02 1.978707499802112579e-02 3.056833520531654358e-02 1.528989616781473160e-02 1.331779267638921738e-02 2.314300835132598877e-02 2.915103174746036530e-02 3.860417054966092110e-03 9.157977066934108734e-03 3.704751282930374146e-02 2.315146289765834808e-02 6.081116851419210434e-03 2.678197622299194336e-02 4.369598254561424255e-02 5.217336863279342651e-02 2.193119563162326813e-02 2.976235933601856232e-02 1.306122634559869766e-02 2.702980674803256989e-02 3.137378022074699402e-02 2.952502854168415070e-02 2.139275195077061653e-03 2.449892926961183548e-04 6.260133348405361176e-03 2.436922863125801086e-02 1.112239342182874680e-02 6.078936858102679253e-04 1.445055846124887466e-02 1.957679726183414459e-02 4.034203011542558670e-03 3.532290458679199219e-03 2.133226580917835236e-02 2.061684057116508484e-02 6.048583425581455231e-03 9.244334883987903595e-03 4.451733548194169998e-03 5.298786796629428864e-03 9.019266813993453979e-03 5.863371770828962326e-03 2.369657391682267189e-03 2.426962926983833313e-02 7.635156158357858658e-03 1.031059306114912033e-02 1.276732701808214188e-02 3.120247973129153252e-03 1.212722249329090118e-02 1.338331680744886398e-02 2.000602148473262787e-02 1.176633872091770172e-02
2.623125165700912476e-02 2.840820141136646271e-02 2.095621777698397636e-03 8.498235940933227539e-01 2.841775864362716675e-02 2.193517982959747314e-02 2.992890588939189911e-02 1.248555537313222885e-02 1.186328101903200150e-02 1.339087635278701782e-02 3.005781956017017365e-02 2.002371475100517273e-02 2.090699784457683563e-02 2.252085693180561066e-02 2.986275590956211090e-03 1.320542860776185989e-02 2.135451138019561768e-02 1.273084059357643127e-02 1.282931398600339890e-02 2.606829442083835602e-02 6.765746511518955231e-03 1.617525704205036163e-04 2.685811341507360339e-05 2.365949621889740229e-04 2.538142167031764984e-02 6.210499908775091171e-03 9.980376809835433960e-03 2.967911586165428162e-02 2.463402459397912025e-03 3.973074629902839661e-02 8.209632709622383118e-03 6.443970836699008942e-03 1.442116871476173401e-02 5.355299916118383408e-03 3.205429762601852417e-03 1.919130678288638592e-03 1.112034637480974197e-02 4.468719940632581711e-03 3.142876550555229187e-02 2.660182118415832520e-02 6.064749788492918015e-03 1.376639772206544876e-02 2.892000973224639893e-02 1.363363582640886307e-02 9.176620282232761383e-03 1.922825723886489868e-02 8.436249569058418274e-03 2.030436648055911064e-03 2.161611430346965790e-02 1.955297589302062988e-02 2.214464545249938965e-02 1.724671199917793274e-02 1.580166444182395935e-02 2.728808857500553131e-02 5.831499118357896805e-03 1.941957697272300720e-02 1.754416711628437042e-02 1.068574003875255585e-02 1.105136936530470848e-03 2.245574444532394409e-02 1.376251317560672760e-02 3.109103534370660782e-03 2.562144026160240173e-02 7.959696464240550995e-03 2.884734130930155516e-04 5.593225359916687012e-03 3.365215659141540527e-02 1.310691703110933304e-02 1.512249559164047241e-02 2.020299062132835388e-02 9.730187244713306427e-03 2.383012697100639343e-02 3.721123188734054565e-02 2.009791322052478790e-02 4.264679923653602600e-02 3.913662955164909363e-02 8.456624113023281097e-03 2.010946348309516907e-02 2.675481373444199562e-03 1.864028535783290863e-02 1.772902905941009521e-02 5.178765393793582916e-03 2.134422585368156433e-02 3.232098370790481567e-02 3.474741801619529724e-02 1.308559533208608627e-02 2.919159305747598410e-04 2.574052778072655201e-04 1.598101691342890263e-03 2.643863204866647720e-03 8.011014200747013092e-03 1.403300091624259949e-02 6.345751695334911346e-03 1.964443176984786987e-02 2.352092601358890533e-02 2.052759751677513123e-02 2.929756790399551392e-02 3.045998699963092804e-02 1.467657554894685745e-02 8.392411284148693085e-03 6.453925278037786484e-03 5.230058450251817703e-03 2.894566953182220459e-02 1.412849873304367065e-02 1.783645898103713989e-02 1.148344296962022781e-02 9.864469058811664581e-03 1.172332838177680969e-02 6.087175104767084122e-03 1.677380502223968506e-02 3.330626711249351501e-02 3.140996769070625305e-02 1.736298017203807831e-02 8.884389884769916534e-03 3.316844999790191650e-02 3.022559173405170441e-02
2.072260901331901550e-02 1.551137305796146393e-02 6.494333967566490173e-03 2.841775864362716675e-02 8.498235940933227539e-01 1.471170131117105484e-02 1.657086797058582306e-02 2.521457150578498840e-02 1.400658767670392990e-02 1.743198744952678680e-02 3.071031905710697174e-02 9.107370860874652863e-03 2.521395310759544373e-02 1.999856345355510712e-02 2.730109170079231262e-02 7.331334054470062256e-03 9.489876218140125275e-03 2.449126541614532471e-02 5.028272978961467743e-03 1.789076440036296844e-02 3.423872217535972595e-02 2.098532021045684814e-02 1.742303743958473206e-02 2.036786079406738281e-02 1.056157518178224564e-02 2.484732307493686676e-02 5.734819918870925903e-03 2.404603920876979828e-02 1.151476055383682251e-02 3.266984596848487854e-02 6.741022691130638123e-03 3.521633148193359375e-02 1.326566562056541443e-02 2.890426665544509888e-02 1.403486635535955429e-02 2.469511143863201141e-02 2.142273075878620148e-02 1.345867384225130081e-02 4.242461547255516052e-02 4.613151773810386658e-02 8.737386204302310944e-03 4.042261093854904175e-02 1.428302470594644547e-02 1.376508269459009171e-03 8.345350623130798340e-03 1.753688789904117584e-02 2.060309797525405884e-02 9.413150139153003693e-03 3.446874395012855530e-02 8.440687321126461029e-03 4.006675910204648972e-03 2.815205371007323265e-03 1.647952198982238770e-02 1.821142062544822693e-02 2.259715273976325989e-02 4.701356869190931320e-03 6.131038535386323929e-03 2.592902258038520813e-02 3.262625634670257568e-02 3.602085262537002563e-02 1.692897453904151917e-02 2.447057887911796570e-02 1.938365213572978973e-02 3.043654747307300568e-02 7.004565559327602386e-03 4.245814401656389236e-03 2.612778544425964355e-02 1.868145912885665894e-02 6.935766898095607758e-03 1.433778670616447926e-03 2.546998299658298492e-02 4.805887117981910706e-03 9.317710995674133301e-03 9.262660518288612366e-03 4.090668261051177979e-02 4.407126922160387039e-03 9.618258103728294373e-03 1.633257791399955750e-02 3.492001444101333618e-02 1.850499305874109268e-03 9.260796010494232178e-03 1.013132184743881226e-02 3.489154949784278870e-02 3.394127264618873596e-02 2.298058941960334778e-02 1.008325349539518356e-02 2.179649472236633301e-02 1.897797919809818268e-02 2.551017329096794128e-03 3.072003461420536041e-02 8.123354986310005188e-03 1.522956881672143936e-02 3.551642410457134247e-03 8.852581493556499481e-03 4.473076842259615660e-06 1.017302181571722031e-02 1.590146683156490326e-03 8.291190490126609802e-03 2.770317345857620239e-02 2.538363263010978699e-02 2.828140370547771454e-02 2.563603408634662628e-02 8.038414642214775085e-03 9.384054690599441528e-03 2.990244887769222260e-03 5.429932381957769394e-03 1.158225443214178085e-02 2.419448224827647209e-03 1.753216609358787537e-02 1.241614762693643570e-02 6.359368097037076950e-03 7.864408195018768311e-03 2.162506431341171265e-02 9.470783174037933350e-03 2.760878950357437134e-02 6.414110306650400162e-03
3.794560953974723816e-02 3.740437701344490051e-02 3.017729520797729492e-02 2.193517982959747314e-02 1.471170131117105484e-02 8.498235940933227539e-01 4.071608930826187134e-02 3.864930570125579834e-02 1.047921646386384964e-02 1.251623220741748810e-02 2.363241836428642273e-02 4.509740509092807770e-03 1.149448100477457047e-02 1.900688512250781059e-04 1.497802790254354477e-02 3.917641472071409225e-03 1.458026561886072159e-02 1.406911760568618774e-02 3.744075819849967957e-02 7.149114739149808884e-03 5.713158287107944489e-03 3.138777613639831543e-02 2.335225418210029602e-02 2.427075989544391632e-02 2.261565066874027252e-02 7.087143603712320328e-03 2.257823385298252106e-02 7.482885848730802536e-04 2.044643275439739227e-02 4.155123606324195862e-04 2.219854481518268585e-02 4.604170389939099550e-04 2.082534506916999817e-02 7.515345234423875809e-03 2.924608439207077026e-02 1.562411990016698837e-02 7.274303119629621506e-03 5.462486762553453445e-03 2.297265827655792236e-02 2.400723844766616821e-02 3.131972393020987511e-03 9.258165955543518066e-03 1.515588257461786270e-02 1.135582383722066879e-02 7.724073715507984161e-03 2.007291838526725769e-02 2.547771669924259186e-02 2.714495873078703880e-03 2.583468705415725708e-02 1.913109910674393177e-03 8.606555871665477753e-03 1.748437806963920593e-02 3.248781664296984673e-03 1.356052421033382416e-02 9.829017333686351776e-03 1.199258025735616684e-02 8.950125426054000854e-03 8.324367925524711609e-03 5.243557970970869064e-03 8.740929886698722839e-03 1.547429058700799942e-02 3.162395954132080078e-02 3.369012102484703064e-02 2.402688004076480865e-02 2.675273083150386810e-02 1.126509532332420349e-02 2.480349875986576080e-02 5.132618360221385956e-03 1.964611187577247620e-02 3.285048902034759521e-02 2.316466718912124634e-02 2.108392305672168732e-02 1.272420212626457214e-02 3.590685874223709106e-02 2.492889761924743652e-02 2.423918433487415314e-02 1.105321943759918213e-02 7.809349335730075836e-03 7.962318137288093567e-03 8.850811282172799110e-04 8.473383262753486633e-03 2.208071947097778320e-02 2.895915880799293518e-02 3.347607702016830444e-02 1.955254934728145599e-02 2.069633640348911285e-02 1.728756912052631378e-02 6.485489197075366974e-03 1.790845021605491638e-02 1.795532647520303726e-03 9.894874878227710724e-03 2.741580642759799957e-02 8.348482660949230194e-03 1.087840180844068527e-02 3.129085153341293335e-02 3.173957392573356628e-02 2.074781246483325958e-02 2.291617728769779205e-02 2.088212594389915466e-02 1.066967099905014038e-02 4.827373661100864410e-03 3.066554432734847069e-03 2.730130031704902649e-02 3.476976649835705757e-03 1.303762011229991913e-02 2.046849206089973450e-02 1.319271419197320938e-02 4.569122567772865295e-03 5.462617147713899612e-03 3.246835246682167053e-02 2.869457565248012543e-02 5.250313319265842438e-03 9.824746288359165192e-03 2.424868755042552948e-03 3.944245725870132446e-02 1.470578275620937347e-02
4.350327327847480774e-02 4.826224595308303833e-02 1.347396522760391235e-02 2.992890588939189911e-02 1.657086797058582306e-02 4.071608930826187134e-02 8.498235940933227539e-01 1.797642372548580170e-02 6.021131295710802078e-03 4.590667784214019775e-03 3.598652407526969910e-02 7.148282602429389954e-03 4.117563739418983459e-02 1.378822326660156250e-02 1.337333675473928452e-02 2.102437429130077362e-02 3.642427921295166016e-02 1.804549060761928558e-02 2.139055542647838593e-02 5.080641712993383408e-03 1.764236204326152802e-02 1.795710623264312744e-02 3.856416151393204927e-04 5.428041913546621799e-04 3.801114857196807861e-03 6.134280934929847717e-03 1.700565032660961151e-02 3.989069722592830658e-03 6.477284245193004608e-03 6.850604899227619171e-03 6.573181599378585815e-03 3.722135210409760475e-03 4.366165492683649063e-03 1.492019463330507278e-02 3.396806772798299789e-03 5.638044327497482300e-03 9.018327109515666962e-03 8.604052476584911346e-03 2.765773236751556396e-02 1.591736450791358948e-02 9.895155206322669983e-03 8.335233666002750397e-03 2.659258432686328888e-02 2.454894408583641052e-02 1.480129826813936234e-02 5.339709110558032990e-03 4.584938660264015198e-02 4.198157787322998047e-02 2.218197099864482880e-02 1.618596538901329041e-02 8.635446429252624512e-03 2.034332603216171265e-02 5.710676312446594238e-03 1.258934848010540009e-02 4.210536833852529526e-03 2.265710756182670593e-02 2.214781008660793304e-02 2.092709951102733612e-02 3.405005671083927155e-03 5.470758303999900818e-03 1.329296734184026718e-02 1.389486715197563171e-02 2.195960097014904022e-02 2.472658408805727959e-03 4.077654797583818436e-03 2.004633098840713501e-02 1.373752858489751816e-02 1.190032530575990677e-02 2.958882041275501251e-02 3.343811258673667908e-02 3.215475007891654968e-02 7.308545056730508804e-03 1.558468025177717209e-02 3.217169642448425293e-02 2.846929430961608887e-02 1.979854144155979156e-02 4.934852011501789093e-03 5.460041575133800507e-03 3.459572792053222656e-03 2.028460055589675903e-02 2.215613378211855888e-03 9.879234246909618378e-03 9.634179994463920593e-03 3.522012010216712952e-02 7.338837254792451859e-03 2.914460143074393272e-03 3.936744295060634613e-03 1.892242464236915112e-03 1.877527311444282532e-02 1.241205632686614990e-02 2.148816548287868500e-02 2.487612515687942505e-02 2.956300973892211914e-02 1.545895705930888653e-03 3.106507472693920135e-02 2.246892452239990234e-02 2.555055171251296997e-02 1.882306486368179321e-02 1.140109845437109470e-03 3.767089452594518661e-03 1.139849517494440079e-02 1.128819584846496582e-02 2.607573568820953369e-02 8.831885643303394318e-03 1.480047311633825302e-02 4.904415924102067947e-03 1.714223995804786682e-02 1.372284628450870514e-02 1.047612261027097702e-02 3.873513545840978622e-03 3.744843602180480957e-02 1.970471255481243134e-02 5.733435973525047302e-03 1.935314387083053589e-02 3.389635682106018066e-02 1.924491673707962036e-02
2.248699218034744263e-02 2.177723683416843414e-02 4.375484958291053772e-02 1.248555537313222885e-02 2.521457150578498840e-02 3.864930570125579834e-02 1.797642372548580170e-02 8.498235940933227539e-01 1.397031825035810471e-02 3.853872651234269142e-03 8.231256157159805298e-03 1.233191508799791336e-02 3.900639014318585396e-03 4.158322233706712723e-03 2.687016688287258148e-02 2.186053805053234100e-02 1.195995043963193893e-02 2.044860459864139557e-02 3.185956552624702454e-02 5.017616320401430130e-03 1.503828354179859161e-02 1.827015914022922516e-02 4.397763684391975403e-02 4.518940672278404236e-02 1.978314667940139771e-02 9.374365210533142090e-03 5.874547641724348068e-03 2.054702723398804665e-03 8.907933719456195831e-03 1.056815730407834053e-03 1.322820317000150681e-02 1.932134665548801422e-02 1.466492656618356705e-02 9.328912012279033661e-03 3.176711127161979675e-02 2.897012419998645782e-02 1.223368011415004730e-02 1.264146622270345688e-02 1.806930825114250183e-02 2.694055065512657166e-02 2.131208404898643494e-02 2.070050686597824097e-02 1.690811291337013245e-02 8.352349512279033661e-03 6.290491204708814621e-03 9.270909242331981659e-03 1.106594037264585495e-02 5.810264963656663895e-03 3.152249380946159363e-02 1.247876090928912163e-03 2.421146025881171227e-03 1.656698295846581459e-03 2.633186057209968567e-03 1.213258411735296249e-02 3.582566976547241211e-03 7.352450396865606308e-03 8.848641999065876007e-03 3.431007266044616699e-03 1.403446309268474579e-02 1.620378717780113220e-02 2.438651397824287415e-03 1.719640567898750305e-02 2.241906523704528809e-02 2.281661331653594971e-02 2.555754780769348145e-02 1.632017083466053009e-02 3.007978014647960663e-02 1.784068904817104340e-02 5.001938901841640472e-03 1.602969504892826080e-02 1.448829192668199539e-03 1.071645878255367279e-02 8.537618443369865417e-03 1.446540839970111847e-02 1.371281500905752182e-02 1.034055370837450027e-02 2.136428467929363251e-02 5.681339185684919357e-03 7.217220962047576904e-03 1.730497926473617554e-02 3.220917657017707825e-02 4.230983182787895203e-02 3.262713551521301270e-02 3.261468559503555298e-02 2.771075069904327393e-02 2.844535373151302338e-02 4.280923679471015930e-02 2.249918505549430847e-02 7.921107113361358643e-03 8.305760100483894348e-03 6.354244425892829895e-03 1.318275649100542068e-02 1.459796633571386337e-02 7.862187922000885010e-03 1.066567748785018921e-02 1.502192113548517227e-02 3.166665323078632355e-03 8.667772635817527771e-03 3.227496519684791565e-02 2.895072661340236664e-02 2.172135375440120697e-02 2.305380254983901978e-02 6.053762976080179214e-03 6.675767246633768082e-03 4.531382583081722260e-03 8.059836924076080322e-03 9.862666949629783630e-03 1.546298060566186905e-02 1.446083094924688339e-02 2.725292555987834930e-02 1.176201272755861282e-02 2.707821084186434746e-03 1.677285693585872650e-02 2.923413412645459175e-04 3.648960217833518982e-02 1.407723780721426010e-02
9.854743257164955139e-03 8.434904884779825807e-05 1.778793148696422577e-02 1.186328101903200150e-02 1.400658767670392990e-02 1.047921646386384964e-02 6.021131295710802078e-03 1.397031825035810471e-02 8.498235940933227539e-01 3.318848088383674622e-02 8.947824244387447834e-04 2.707784064114093781e-02 2.140374388545751572e-03 1.364573929458856583e-02 4.273397102952003479e-02 1.898301392793655396e-02 1.311736460775136948e-02 2.369102649390697479e-02 1.918713934719562531e-02 3.878141194581985474e-02 1.967297121882438660e-02 6.152038258733227849e-05 4.087284207344055176e-02 2.495595999062061310e-02 2.484509348869323730e-02 7.261671591550111771e-03 1.522778160870075226e-02 3.044905327260494232e-02 2.544761635363101959e-02 7.146937306970357895e-03 2.692191861569881439e-02 1.443909760564565659e-02 6.918039638549089432e-03 1.893531298264861107e-03 1.399117242544889450e-02 4.447734728455543518e-02 2.530210092663764954e-02 2.130517922341823578e-02 7.900211960077285767e-03 3.457827866077423096e-02 3.719998523592948914e-02 1.701939385384321213e-03 2.037702687084674835e-02 8.203336037695407867e-03 3.395367413759231567e-03 9.511626325547695160e-03 3.592457855120301247e-03 8.917115628719329834e-03 2.054525911808013916e-02 1.513630338013172150e-02 2.690835855901241302e-02 2.188545092940330505e-02 1.152747217565774918e-02 1.876848377287387848e-02 3.189660608768463135e-02 2.112470567226409912e-02 3.420866280794143677e-02 1.300896424800157547e-02 1.267885509878396988e-02 1.537197735160589218e-02 5.464098416268825531e-03 7.122027687728404999e-03 1.125934906303882599e-02 1.204178947955369949e-02 2.080254442989826202e-02 1.138257794082164764e-02 6.023063790053129196e-03 3.376993583515286446e-03 2.977840229868888855e-02 8.618265390396118164e-03 2.915806835517287254e-03 1.525964494794607162e-02 5.470732692629098892e-03 7.339082192629575729e-03 4.059723112732172012e-03 7.584912702441215515e-03 4.955550655722618103e-02 3.009282425045967102e-02 2.728649228811264038e-02 2.989021502435207367e-02 7.203168235719203949e-03 7.266057655215263367e-03 2.124236524105072021e-02 1.620094105601310730e-02 2.656308352015912533e-04 4.448296967893838882e-03 1.957462355494499207e-02 1.040612533688545227e-02 4.769711196422576904e-02 3.082071989774703979e-02 1.650588959455490112e-02 8.626921102404594421e-03 1.075980253517627716e-02 7.566691376268863678e-03 8.538979105651378632e-03 7.152538280934095383e-03 1.151316054165363312e-02 1.347281783819198608e-02 2.106412686407566071e-02 2.345592901110649109e-02 1.620888337492942810e-02 2.132859639823436737e-02 1.268466841429471970e-02 9.754545055329799652e-03 6.687458604574203491e-03 4.963735584169626236e-03 2.970327995717525482e-02 1.484302617609500885e-02 2.442412264645099640e-02 1.350009907037019730e-02 2.045531757175922394e-02 3.613692522048950195e-02 1.656874641776084900e-02 7.773067336529493332e-03 2.528140693902969360e-02 5.324809812009334564e-03
9.929021820425987244e-03 1.188166439533233643e-03 9.514569304883480072e-03 1.339087635278701782e-02 1.743198744952678680e-02 1.251623220741748810e-02 4.590667784214019775e-03 3.853872651234269142e-03 3.318848088383674622e-02 8.498235940933227539e-01 2.387377806007862091e-02 2.251355210319161415e-03 2.379171550273895264e-02 4.799187649041414261e-03 2.093218639492988586e-02 2.340645529329776764e-03 9.910510852932929993e-03 2.907380834221839905e-02 2.472382038831710815e-02 3.607360273599624634e-02 2.438766183331608772e-03 2.012792788445949554e-02 8.304736576974391937e-03 9.105665609240531921e-03 1.021807733923196793e-02 6.818624213337898254e-03 1.913864538073539734e-02 1.337478309869766235e-02 4.051746428012847900e-02 1.292919646948575974e-02 3.708014264702796936e-02 1.719467528164386749e-02 1.519663911312818527e-02 2.471343614161014557e-02 9.732451289892196655e-03 6.848257035017013550e-03 4.726277198642492294e-03 7.638027309440076351e-04 8.450345136225223541e-03 7.284678053110837936e-03 2.216427959501743317e-02 1.232417300343513489e-02 2.717163972556591034e-02 9.637827053666114807e-03 2.429668791592121124e-02 6.661368068307638168e-03 2.413336001336574554e-02 2.361198142170906067e-02 7.386166835203766823e-04 3.227155283093452454e-02 4.259711503982543945e-02 3.840072825551033020e-02 1.951577607542276382e-03 1.441454747691750526e-03 9.475898928940296173e-03 3.681230917572975159e-02 1.744461804628372192e-02 3.505319729447364807e-02 2.733520418405532837e-02 2.804133109748363495e-02 2.886162884533405304e-02 3.188875690102577209e-02 3.075897693634033203e-03 1.079847756773233414e-02 2.284934557974338531e-02 3.083653934299945831e-02 1.250532176345586777e-02 7.278466131538152695e-03 2.434032969176769257e-03 1.233852468430995941e-02 5.667612887918949127e-03 7.492200005799531937e-03 1.340695470571517944e-02 5.275581963360309601e-03 3.553701564669609070e-03 1.948531530797481537e-02 1.759762875735759735e-02 5.170593038201332092e-02 1.629609242081642151e-02 2.849375270307064056e-02 6.668681744486093521e-03 8.207291364669799805e-03 1.446053385734558105e-02 6.383667699992656708e-03 1.150717679411172867e-02 1.611752435564994812e-02 1.323598809540271759e-02 8.909898810088634491e-03 1.713826879858970642e-02 4.646266251802444458e-02 3.404218703508377075e-02 2.012670412659645081e-02 1.908300444483757019e-02 1.205389667302370071e-02 7.042896933853626251e-03 2.402039058506488800e-02 6.200884468853473663e-03 1.573569700121879578e-02 3.028980642557144165e-02 3.324092924594879150e-02 1.066138409078121185e-02 2.139767818152904510e-02 5.117035470902919769e-04 1.471694558858871460e-02 1.255636755377054214e-02 1.406458113342523575e-02 1.766550913453102112e-02 1.270352397114038467e-03 2.012817189097404480e-02 1.831346563994884491e-02 7.148462347686290741e-03 2.343205176293849945e-02 4.228528123348951340e-03 6.309374235570430756e-03 1.698524877429008484e-02 2.337662130594253540e-02
5.047080293297767639e-02 4.929884150624275208e-02 4.849494434893131256e-03 3.005781956017017365e-02 3.071031905710697174e-02 2.363241836428642273e-02 3.598652407526969910e-02 8.231256157159805298e-03 8.947824244387447834e-04 2.387377806007862091e-02 8.498235940933227539e-01 7.799914572387933731e-03 5.259316787123680115e-02 3.321904689073562622e-03 2.222867449745535851e-03 2.281001396477222443e-02 3.482452407479286194e-02 8.856590837240219116e-03 7.206240668892860413e-03 8.849522098898887634e-03 1.127561368048191071e-02 1.547100488096475601e-03 1.223179162479937077e-03 2.630112459883093834e-03 5.764586385339498520e-03 7.667061872780323029e-03 3.171326359733939171e-03 1.472108811140060425e-02 1.540119759738445282e-02 1.705398783087730408e-02 6.925398483872413635e-03 2.966802800074219704e-03 7.378615438938140869e-03 2.038894221186637878e-03 5.974298808723688126e-03 6.378452293574810028e-03 4.891118966042995453e-03 2.259095758199691772e-02 2.849300019443035126e-02 2.604004181921482086e-02 7.124491501599550247e-03 1.477604731917381287e-02 2.824041293933987617e-03 2.334737777709960938e-02 1.717211492359638214e-02 1.577501371502876282e-02 4.177344217896461487e-02 2.777066640555858612e-02 2.585461176931858063e-02 1.997639238834381104e-02 5.163617432117462158e-03 4.068948328495025635e-03 1.852155546657741070e-03 2.423925325274467468e-02 1.543430890887975693e-02 4.301875364035367966e-03 1.575943641364574432e-02 2.071407251060009003e-02 7.941784337162971497e-03 3.394563868641853333e-02 5.949004553258419037e-03 5.063327495008707047e-03 2.172232046723365784e-02 2.204811573028564453e-02 5.096158478409051895e-03 4.781874362379312515e-03 5.699815694242715836e-03 2.063302323222160339e-02 2.051175944507122040e-02 2.019989490509033203e-02 4.054324328899383545e-02 3.671062877401709557e-03 1.148031372576951981e-02 2.467927709221839905e-02 3.262122720479965210e-02 3.795369761064648628e-03 4.538309760391712189e-03 2.056019008159637451e-02 1.820437423884868622e-02 2.236764132976531982e-02 2.200233004987239838e-02 1.396403834223747253e-02 1.709506497718393803e-03 2.960013598203659058e-02 1.242773141711950302e-02 7.755440194159746170e-03 1.193111483007669449e-02 2.024268917739391327e-02 3.943704999983310699e-03 2.298359945416450500e-02 2.224409021437168121e-02 1.358271203935146332e-02 1.471045333892107010e-02 5.182152613997459412e-03 3.666431829333305359e-02 1.590817049145698547e-02 3.137049823999404907e-02 7.073151646181941032e-04 1.663994602859020233e-02 7.337750867009162903e-03 7.602029014378786087e-03 4.061543848365545273e-03 3.703415021300315857e-02 1.811672560870647430e-02 4.872924648225307465e-03 7.719804532825946808e-03 1.685817167162895203e-02 1.163166202604770660e-02 1.033726986497640610e-02 1.331573352217674255e-02 2.618888020515441895e-02 7.721427828073501587e-03 5.152394529432058334e-03 9.836697950959205627e-03 2.151990123093128204e-02 1.346670556813478470e-02
1.536363386549055576e-03 5.592291709035634995e-03 2.233397588133811951e-02 2.002371475100517273e-02 9.107370860874652863e-03 4.509740509092807770e-03 7.148282602429389954e-03 1.233191508799791336e-02 2.707784064114093781e-02 2.251355210319161415e-03 7.799914572387933731e-03 8.498235940933227539e-01 1.260786131024360657e-02 5.139775946736335754e-02 1.299945451319217682e-02 2.149556577205657959e-02 1.482270564883947372e-02 2.125752856954932213e-03 1.281169895082712173e-02 1.480805780738592148e-02 9.216907434165477753e-03 1.420126948505640030e-02 3.599135577678680420e-02 1.809912919998168945e-02 3.798058023676276207e-03 1.788440346717834473e-02 8.971682749688625336e-03 4.683901369571685791e-02 4.969719331711530685e-03 2.937514521181583405e-02 3.144494025036692619e-03 7.379406597465276718e-03 3.475812822580337524e-02 4.851271864026784897e-03 4.599092062562704086e-03 2.392438426613807678e-02 1.711377315223217010e-02 1.464225351810455322e-02 1.134896371513605118e-02 1.556730479933321476e-03 2.027585916221141815e-02 1.352604757994413376e-02 3.309527412056922913e-03 1.496155560016632080e-02 3.336278349161148071e-02 1.493431068956851959e-02 2.332386374473571777e-02 2.360761724412441254e-02 4.769954830408096313e-03 5.905133206397294998e-03 2.336056716740131378e-02 1.444517262279987335e-02 3.861136734485626221e-02 3.157356381416320801e-02 2.898787707090377808e-02 1.089427247643470764e-02 3.874126449227333069e-02 1.280002109706401825e-02 1.993316411972045898e-02 1.912804506719112396e-02 1.893731392920017242e-02 4.886422306299209595e-03 2.479480579495429993e-02 5.166272167116403580e-03 5.034683854319155216e-04 1.273466274142265320e-02 2.113632857799530029e-02 2.345830574631690979e-02 2.352195233106613159e-02 9.855574928224086761e-03 2.118651289492845535e-03 2.751628495752811432e-02 3.732830658555030823e-02 1.560426130890846252e-02 2.656711451709270477e-02 2.858074754476547241e-02 3.103398531675338745e-02 1.429741154424846172e-03 2.197977527976036072e-02 1.736123114824295044e-02 2.429928630590438843e-02 1.097285374999046326e-02 5.745020229369401932e-03 2.259984612464904785e-03 2.850935421884059906e-02 2.036996185779571533e-02 9.989648126065731049e-03 8.421594277024269104e-03 2.647573128342628479e-02 7.874318398535251617e-03 2.435712702572345734e-02 1.548595540225505829e-02 2.696855925023555756e-02 1.896661892533302307e-02 1.622692681849002838e-02 4.262968723196536303e-04 5.063569988124072552e-04 3.524185344576835632e-02 9.276749566197395325e-03 5.698443390429019928e-03 3.292832896113395691e-02 1.663352549076080322e-02 8.139905519783496857e-03 1.213208679109811783e-02 2.563297934830188751e-02 4.555664490908384323e-03 2.695382758975028992e-02 3.590508550405502319e-02 1.864277198910713196e-02 1.273416448384523392e-02 1.478902157396078110e-02 6.853199563920497894e-03 2.727426402270793915e-02 6.352975964546203613e-03 1.587618899066001177e-04 1.113247405737638474e-02
4.192362725734710693e-02 4.122783243656158447e-02 4.448832478374242783e-04 2.090699784457683563e-02 2.521395310759544373e-02 1.149448100477457047e-02 4.117563739418983459e-02 3.900639014318585396e-03 2.140374388545751572e-03 2.379171550273895264e-02 5.259316787123680115e-02 1.260786131024360657e-02 8.498235940933227539e-01 7.410444784909486771e-03 9.954156354069709778e-03 1.950420811772346497e-02 3.456179052591323853e-02 2.401000447571277618e-02 1.033897604793310165e-02 7.511398755013942719e-03 1.756423711776733398e-02 8.686442160978913307e-04 8.075970225036144257e-03 8.911656215786933899e-03 1.097605563700199127e-02 1.777454465627670288e-02 1.873777993023395538e-02 3.442316083237528801e-03 2.815273031592369080e-02 2.191934268921613693e-03 2.787436544895172119e-02 7.027947343885898590e-03 4.192501364741474390e-04 7.172255311161279678e-03 6.439349614083766937e-03 9.795317426323890686e-03 1.317366585135459900e-02 1.714671775698661804e-02 3.518218919634819031e-02 1.577775366604328156e-02 8.685421926202252507e-05 2.068576030433177948e-02 9.976136498153209686e-03 3.092744573950767517e-02 3.071483597159385681e-02 8.985513821244239807e-03 4.381483793258666992e-02 4.213876649737358093e-02 1.741514168679714203e-02 1.468172483146190643e-02 4.265272989869117737e-03 7.345377001911401749e-03 2.782926661893725395e-03 2.558154985308647156e-02 4.047894384711980820e-03 6.834009662270545959e-03 1.637392677366733551e-02 7.616230286657810211e-03 1.462789531797170639e-02 1.886869408190250397e-02 2.514722757041454315e-03 3.795436350628733635e-04 1.433380879461765289e-02 9.111219085752964020e-03 3.063859650865197182e-03 3.509186580777168274e-02 6.400937680155038834e-03 2.666785381734371185e-02 1.651475392282009125e-02 2.607293985784053802e-02 3.812663629651069641e-02 9.469547308981418610e-03 1.869003540377889294e-06 2.462359704077243805e-02 2.577126398682594299e-02 2.040675841271877289e-03 1.063811872154474258e-02 5.489991046488285065e-03 2.186475507915019989e-02 1.336645800620317459e-02 2.076210267841815948e-02 1.153175905346870422e-02 5.562735255807638168e-03 3.329490497708320618e-02 4.418218508362770081e-03 1.310161314904689789e-02 1.698741316795349121e-02 2.360756334383040667e-04 1.520892325788736343e-02 3.503664582967758179e-02 3.578358888626098633e-02 1.538937166333198547e-02 3.458566218614578247e-02 1.130388397723436356e-02 2.453459054231643677e-02 3.496162593364715576e-03 2.400390990078449249e-02 3.570416243746876717e-03 1.219621859490871429e-02 9.001319296658039093e-03 8.953209966421127319e-03 1.365792588330805302e-03 3.068668767809867859e-02 1.580854132771492004e-02 1.738322898745536804e-02 5.203287117183208466e-03 3.934172913432121277e-03 7.016580551862716675e-03 2.480417490005493164e-03 1.406985241919755936e-02 2.659051865339279175e-02 1.538294949568808079e-03 1.326519995927810669e-02 1.611011475324630737e-02 1.373398397117853165e-02 2.140128519386053085e-03
