8.465279936790466309e-01 5.893171951174736023e-02 9.421333670616149902e-03 1.717446558177471161e-02 8.486392907798290253e-03 6.652152538299560547e-02 5.204755067825317383e-02 6.283024325966835022e-03 5.518346442840993404e-04 2.234737575054168701e-02 5.206731334328651428e-02 2.691012248396873474e-02 4.481733962893486023e-02 2.090881764888763428e-02 1.916709728538990021e-02 6.647304981015622616e-04 7.218876387923955917e-03 1.098684500902891159e-02 1.866560056805610657e-02 1.943233981728553772e-02 2.457722462713718414e-02 2.674190141260623932e-02 1.887543313205242157e-02 1.804367266595363617e-02 1.741719432175159454e-02 2.216957509517669678e-02 2.421423420310020447e-02 2.279628813266754150e-02 3.519276389852166176e-03 1.252146903425455093e-02 4.970896523445844650e-03 1.055358909070491791e-03 6.574174854904413223e-03 8.238887414336204529e-03 2.423370815813541412e-02 2.453686296939849854e-02 1.284004468470811844e-02 2.379508689045906067e-02 6.223009433597326279e-03 1.489469665102660656e-03 2.137229219079017639e-02 7.372286636382341385e-03 1.020805258303880692e-02 4.264852497726678848e-03 3.609067789511755109e-05 2.048065187409520149e-03 3.352352231740951538e-02 1.896546594798564911e-02 2.681258507072925568e-02 2.629085257649421692e-02 3.517420263960957527e-03 4.688860848546028137e-03 5.644111428409814835e-03 2.119363751262426376e-03 1.956445164978504181e-02 3.453449159860610962e-02 2.105414308607578278e-02 1.026601623743772507e-02 1.337186712771654129e-02 1.042171847075223923e-02 6.289102020673453808e-05 1.855809800326824188e-02 2.210823260247707367e-02 1.768442802131175995e-02 2.669306844472885132e-02 1.295851357281208038e-02 1.159728039056062698e-02 2.160917222499847412e-02 1.291963923722505569e-02 2.293044887483119965e-02 1.705415733158588409e-02 1.215144619345664978e-02 9.052529931068420410e-03 1.595539040863513947e-02 9.147559292614459991e-03 1.432552188634872437e-02 3.331630432512611151e-04 1.392149738967418671e-02 3.354893764480948448e-03 1.643642410635948181e-02 1.486258301883935928e-02 1.088800188153982162e-02 5.787650123238563538e-03 9.149643592536449432e-03 5.972450599074363708e-03 1.039753016084432602e-02 2.982700802385807037e-02 2.366022393107414246e-02 2.346602641046047211e-02 2.159432321786880493e-02 3.882710123434662819e-03 3.045936673879623413e-02 3.614864544942975044e-03 1.758574880659580231e-02 3.146336181089282036e-03 2.475098008289933205e-03 6.960793863981962204e-03 1.055458653718233109e-02 4.302690736949443817e-03 1.906363060697913170e-03 8.371403440833091736e-03 8.372493088245391846e-03 2.775802277028560638e-02 1.114837732166051865e-02 3.020786913111805916e-03 2.667653374373912811e-03 1.177832670509815216e-02 1.212647743523120880e-02 1.783121190965175629e-02 9.842684492468833923e-03 2.555251680314540863e-02 1.385734975337982178e-02 1.195214968174695969e-02 1.277414336800575256e-02 2.328583505004644394e-03 5.451963748782873154e-03
5.893171951174736023e-02 8.465279936790466309e-01 1.285042817471548915e-04 1.090324856340885162e-02 1.295940391719341278e-02 5.387134104967117310e-02 5.506129935383796692e-02 7.690936326980590820e-04 2.935619559139013290e-03 2.277871035039424896e-02 4.955845326185226440e-02 3.734878823161125183e-02 4.909080639481544495e-02 3.820788860321044922e-02 1.125322747975587845e-02 3.693894017487764359e-03 1.199525222182273865e-02 5.731073208153247833e-03 1.078701019287109375e-02 1.331497542560100555e-02 2.007941342890262604e-02 2.959064021706581116e-02 1.545124687254428864e-02 1.428822521120309830e-02 1.124363858252763748e-02 2.633477188646793365e-02 2.307045087218284607e-02 1.953467354178428650e-02 2.737919427454471588e-02 2.096423693001270294e-02 2.024824172258377075e-02 2.991657471284270287e-03 2.843091264367103577e-03 6.995484582148492336e-04 2.369734086096286774e-02 2.243676781654357910e-02 1.680123247206211090e-02 3.436861187219619751e-02 1.332333427853882313e-03 8.868717122822999954e-04 3.322226926684379578e-02 1.872323453426361084e-03 1.122090872377157211e-02 1.395419705659151077e-02 3.445771988481283188e-03 2.327082306146621704e-02 4.127451404929161072e-02 3.590546548366546631e-02 1.482802722603082657e-02 2.355070784687995911e-02 8.671217947266995907e-04 3.268531581852585077e-04 3.493330441415309906e-03 4.241839516907930374e-03 1.097746286541223526e-02 2.072948962450027466e-02 1.899732835590839386e-02 2.247105166316032410e-02 1.150754513218998909e-03 6.265556439757347107e-03 1.061083166860044003e-03 1.351273432374000549e-02 8.487277664244174957e-03 1.956174708902835846e-02 3.194605186581611633e-02 1.990481652319431305e-02 5.767439492046833038e-03 1.499407179653644562e-02 1.498998329043388367e-02 2.888445369899272919e-02 2.020131610333919525e-02 2.031111717224121094e-02 1.284305378794670105e-02 2.753422409296035767e-02 1.495209988206624985e-02 2.324441634118556976e-02 5.489014089107513428e-03 2.510141022503376007e-02 4.527693614363670349e-03 2.888301387429237366e-02 8.079985156655311584e-03 4.117608070373535156e-03 1.218320429325103760e-02 1.997112855315208435e-02 4.569536074995994568e-03 1.326742116361856461e-02 2.182628773152828217e-02 2.423365972936153412e-02 2.784137800335884094e-02 3.121815994381904602e-02 2.065805345773696899e-02 3.112698346376419067e-02 2.406144887208938599e-02 2.600688487291336060e-02 7.119876798242330551e-03 1.103275641798973083e-02 1.799915730953216553e-02 2.027001045644283295e-02 5.327798891812562943e-03 6.805471144616603851e-03 8.079010993242263794e-03 1.385646220296621323e-02 2.972189709544181824e-02 2.312869206070899963e-02 1.747046411037445068e-02 2.508262870833277702e-03 7.571393158286809921e-03 1.305129937827587128e-02 1.133368350565433502e-02 1.788123138248920441e-02 3.272422030568122864e-02 2.072365023195743561e-02 9.577713906764984131e-03 1.897441223263740540e-03 1.258676493307575583e-04 8.700406178832054138e-03
9.421333670616149902e-03 1.285042817471548915e-04 8.465279936790466309e-01 1.037592999637126923e-02 1.758812554180622101e-02 1.203471701592206955e-02 4.074189346283674240e-03 2.401952072978019714e-02 2.949005691334605217e-03 1.728968694806098938e-02 1.939069625223055482e-04 3.510571271181106567e-02 5.855995696038007736e-03 3.028507716953754425e-02 1.199417468160390854e-02 2.377097681164741516e-02 2.712712995707988739e-02 6.514506821986287832e-05 3.729749470949172974e-02 7.551457732915878296e-03 5.640955641865730286e-03 4.074131604284048080e-03 1.041172072291374207e-02 8.563193492591381073e-03 3.857941133901476860e-03 2.020917832851409912e-02 2.455319918226450682e-04 1.066202111542224884e-02 1.766576617956161499e-02 2.841613069176673889e-02 1.531759742647409439e-02 1.163194235414266586e-02 6.735606584697961807e-03 9.914069436490535736e-03 1.606767438352108002e-02 1.920605264604091644e-02 2.378876879811286926e-02 2.509181946516036987e-02 2.903471176978200674e-04 1.415115874260663986e-02 1.830995641648769379e-02 1.415533106774091721e-02 7.666416931897401810e-03 3.137379884719848633e-02 2.482269704341888428e-02 1.410823594778776169e-02 1.241160836070775986e-02 1.723773963749408722e-02 6.404402200132608414e-03 7.166198454797267914e-03 7.983330637216567993e-03 7.731530815362930298e-03 5.780184641480445862e-03 4.375225398689508438e-03 1.545844133943319321e-03 1.470128633081912994e-02 1.975905708968639374e-02 1.804679073393344879e-02 2.871670061722397804e-03 1.453796750865876675e-03 1.339298672974109650e-02 1.954214833676815033e-02 1.203702017664909363e-02 1.264781877398490906e-02 2.561152912676334381e-03 7.210270501673221588e-03 1.368998549878597260e-03 9.991785511374473572e-03 2.043284475803375244e-02 2.544305846095085144e-02 1.280666422098875046e-02 3.955265507102012634e-02 3.421558300033211708e-03 3.140375390648841858e-02 1.376489084213972092e-02 3.361362591385841370e-02 1.242797728627920151e-02 5.951020400971174240e-03 2.009463496506214142e-03 8.361103944480419159e-03 3.542935103178024292e-02 3.236760199069976807e-02 1.460173074156045914e-02 1.906907372176647186e-02 6.186512298882007599e-03 7.679733447730541229e-03 1.985205151140689850e-02 2.077965810894966125e-02 8.813747204840183258e-03 1.331571210175752640e-02 1.420290768146514893e-02 6.530583836138248444e-03 1.500784512609243393e-02 2.263808250427246094e-02 4.061096813529729843e-03 3.481766674667596817e-03 1.527767349034547806e-02 1.770070008933544159e-02 1.340833492577075958e-02 1.718283444643020630e-02 2.989137079566717148e-03 1.881130156107246876e-03 8.129369467496871948e-03 1.756284385919570923e-02 1.046313717961311340e-02 1.291640754789113998e-02 2.354475855827331543e-02 2.308433904545381665e-04 1.629069261252880096e-02 2.278245752677321434e-03 1.653446629643440247e-02 2.742308005690574646e-02 5.441418848931789398e-03 2.974710660055279732e-04 1.338263135403394699e-02 2.381294034421443939e-02
1.717446558177471161e-02 1.090324856340885162e-02 1.037592999637126923e-02 8.465279936790466309e-01 6.085221469402313232e-02 1.627444871701300144e-03 6.136562675237655640e-03 7.648091297596693039e-03 2.113845758140087128e-02 1.461295038461685181e-02 5.197347141802310944e-03 1.401147246360778809e-02 3.201608778908848763e-03 1.271076500415802002e-02 1.728531904518604279e-02 2.433541603386402130e-02 2.991272322833538055e-02 3.639336675405502319e-02 5.523869767785072327e-02 3.477774094790220261e-03 8.066256530582904816e-03 1.319469511508941650e-02 3.309411462396383286e-03 4.583550980896688998e-05 9.098006412386894226e-03 7.297119125723838806e-03 1.876321248710155487e-02 1.887334696948528290e-02 1.430583279579877853e-02 1.129953376948833466e-02 1.109241414815187454e-02 8.646069094538688660e-03 3.240457922220230103e-02 7.916851900517940521e-03 2.861341834068298340e-02 4.264779854565858841e-03 1.615330344066023827e-03 8.043136447668075562e-03 1.010591536760330200e-02 1.084253285080194473e-02 1.731779985129833221e-02 1.628720574080944061e-02 1.336505170911550522e-02 7.031042594462633133e-03 1.975140348076820374e-02 2.325360104441642761e-02 1.880740863271057606e-03 1.048489008098840714e-02 7.237345911562442780e-03 8.428093977272510529e-03 1.481145247817039490e-02 7.958911359310150146e-03 9.108765050768852234e-03 1.508728694170713425e-02 1.578110083937644958e-02 2.504604682326316833e-02 1.516826357692480087e-02 1.510164979845285416e-02 1.403263490647077560e-02 2.393799461424350739e-02 3.634684160351753235e-02 4.776871949434280396e-02 3.806867077946662903e-02 4.043975472450256348e-02 7.969274185597896576e-03 8.604812435805797577e-03 5.836170632392168045e-03 3.030768421012908220e-04 5.280224233865737915e-02 4.653063602745532990e-03 5.367739871144294739e-02 3.982772468589246273e-04 6.276654452085494995e-02 1.477808691561222076e-02 5.114878714084625244e-02 6.952673196792602539e-03 3.733699396252632141e-02 1.809600554406642914e-02 1.857701316475868225e-02 2.214171737432479858e-02 8.327212184667587280e-03 7.370252627879381180e-03 4.333289712667465210e-02 4.326787963509559631e-02 1.191563811153173447e-02 5.234749987721443176e-03 5.755465943366289139e-03 1.155472081154584885e-02 2.267251722514629364e-02 2.623596601188182831e-02 9.497655555605888367e-03 1.044692657887935638e-02 7.066751364618539810e-03 5.089725833386182785e-03 2.094801142811775208e-02 5.498638376593589783e-03 2.656828425824642181e-02 1.421348564326763153e-02 5.191485979594290257e-04 2.272116718813776970e-03 6.263397168368101120e-03 8.509131148457527161e-03 1.467366004362702370e-03 3.533067414537072182e-03 5.477835889905691147e-03 1.442677527666091919e-02 1.647652592509984970e-03 3.128631412982940674e-02 8.311882615089416504e-03 2.594637498259544373e-02 8.927973918616771698e-03 8.705654181540012360e-03 1.415913924574851990e-03 3.326338483020663261e-04 1.009724583127535880e-04 5.090525839477777481e-03
8.486392907798290253e-03 1.295940391719341278e-02 1.758812554180622101e-02 6.085221469402313232e-02 8.465279936790466309e-01 4.361213184893131256e-03 1.170704141259193420e-02 1.006064377725124359e-02 3.285181522369384766e-02 2.583773620426654816e-02 9.621519595384597778e-03 1.097633503377437592e-02 9.863300248980522156e-03 6.848628632724285126e-03 3.695876570418477058e-03 2.273919992148876190e-02 3.179898113012313843e-02 3.895366191864013672e-02 5.335720255970954895e-02 3.873989451676607132e-03 2.940545091405510902e-03 2.065921435132622719e-03 8.165023289620876312e-03 2.669270383194088936e-03 1.935717090964317322e-02 5.773685406893491745e-03 8.687267079949378967e-03 1.794757135212421417e-02 2.238328009843826294e-02 1.763936877250671387e-02 2.726612379774451256e-03 1.403632294386625290e-02 2.008689381182193756e-02 4.149391315877437592e-03 2.434926852583885193e-02 1.166144851595163345e-02 6.328685209155082703e-03 1.383979525417089462e-02 1.434159372001886368e-02 1.758916676044464111e-02 2.412525936961174011e-02 1.270246598869562149e-02 1.402338687330484390e-02 9.037272073328495026e-03 5.742179695516824722e-03 2.087561599910259247e-02 4.594158846884965897e-03 1.324316952377557755e-02 4.527851007878780365e-03 4.535603802651166916e-03 2.524523623287677765e-02 2.629427425563335419e-02 5.514574237167835236e-03 9.158553555607795715e-03 1.527004037052392960e-02 1.647857204079627991e-02 4.980939556844532490e-04 1.798570156097412109e-02 5.005240906029939651e-03 1.277561672031879425e-02 3.134994581341743469e-02 4.413213580846786499e-02 2.144978381693363190e-02 4.269243404269218445e-02 7.706696633249521255e-03 7.163181900978088379e-03 1.843254268169403076e-02 1.353674288839101791e-02 5.570575594902038574e-02 6.886231247335672379e-03 5.330951884388923645e-02 5.733648780733346939e-03 5.834836140275001526e-02 2.277853898704051971e-03 6.119268015027046204e-02 3.053212305530905724e-03 4.707938432693481445e-02 2.843838185071945190e-02 2.008627727627754211e-02 3.293791413307189941e-02 1.351493783295154572e-02 2.820223383605480194e-02 5.217829719185829163e-02 5.815774947404861450e-02 2.068174444139003754e-02 2.987236657645553350e-04 6.782123818993568420e-03 7.093775551766157150e-03 1.085429079830646515e-02 2.703701518476009369e-02 1.496150624006986618e-02 3.712115343660116196e-03 9.282398037612438202e-03 1.927032135426998138e-03 1.001871540211141109e-03 1.532982010394334793e-02 1.384636294096708298e-02 4.227137658745050430e-03 3.520720929373055696e-05 2.195976674556732178e-03 1.459538587369024754e-03 4.694776609539985657e-03 8.131024427711963654e-03 8.463804610073566437e-03 5.307194776833057404e-03 1.155136991292238235e-02 1.473817881196737289e-02 2.597860805690288544e-02 4.133522976189851761e-03 3.083350136876106262e-02 1.879039406776428223e-02 1.162275299429893494e-02 8.644253015518188477e-03 5.033751484006643295e-03 1.681239111348986626e-03 3.155814949423074722e-03
6.652152538299560547e-02 5.387134104967117310e-02 1.203471701592206955e-02 1.627444871701300144e-03 4.361213184893131256e-03 8.465279936790466309e-01 6.675829738378524780e-02 5.577396135777235031e-03 3.445358015596866608e-03 1.905477233231067657e-02 5.035098642110824585e-02 4.565947130322456360e-02 4.013252630829811096e-02 4.292990267276763916e-02 1.607252471148967743e-02 1.182501902803778648e-03 5.373898893594741821e-03 5.501130595803260803e-03 3.085555974394083023e-03 2.292251959443092346e-02 2.060217969119548798e-02 2.120385877788066864e-02 2.307163737714290619e-02 1.987343095242977142e-02 1.657288707792758942e-02 2.515017800033092499e-02 2.213268727064132690e-02 4.703368525952100754e-03 8.811746723949909210e-03 5.537522491067647934e-03 2.941083163022994995e-03 6.574049126356840134e-03 1.299576833844184875e-02 5.105855874717235565e-03 2.150751836597919464e-02 1.882174797356128693e-02 9.399203583598136902e-03 1.869553513824939728e-02 1.199705712497234344e-02 9.518017992377281189e-03 2.157067134976387024e-02 1.483417465351521969e-03 5.035612848587334156e-04 1.383889745920896530e-02 6.698290351778268814e-03 1.134158298373222351e-02 5.085332691669464111e-02 3.276066109538078308e-02 2.149111405014991760e-02 2.348961122334003448e-02 7.925746962428092957e-03 1.623015268705785275e-03 6.747793406248092651e-03 3.064968856051564217e-03 1.790361292660236359e-02 2.143088914453983307e-02 1.471051853150129318e-02 1.377522386610507965e-02 6.310417316854000092e-03 3.868060652166604996e-03 8.152593858540058136e-03 3.550745546817779541e-03 8.791636355454102159e-05 1.784589700400829315e-02 2.544136904180049896e-02 1.150675304234027863e-02 1.442832965403795242e-02 1.873267814517021179e-02 4.068796988576650620e-03 1.796298846602439880e-02 8.501184056513011456e-04 7.987716235220432281e-03 1.128774718381464481e-03 1.886865124106407166e-02 1.490930444560945034e-03 1.448352728039026260e-02 5.599013529717922211e-03 1.005201227962970734e-02 1.718759071081876755e-03 1.552592869848012924e-02 1.051188260316848755e-02 1.129432301968336105e-02 5.159216932952404022e-03 3.006404265761375427e-03 6.363110616803169250e-03 6.329658441245555878e-03 2.481939829885959625e-02 2.002946659922599792e-02 1.644534617662429810e-02 2.660427615046501160e-02 1.095396373420953751e-02 2.197992987930774689e-02 1.949336752295494080e-02 1.402501948177814484e-02 7.935139350593090057e-03 4.717823117971420288e-03 1.373720169067382812e-02 1.833550631999969482e-02 1.391036348650231957e-04 7.636924739927053452e-03 9.049750864505767822e-03 6.270876619964838028e-03 2.745355479419231415e-02 1.560283545404672623e-02 1.766349002718925476e-02 1.090898178517818451e-02 1.541145332157611847e-02 5.920241121202707291e-03 1.358849555253982544e-02 1.017098780721426010e-02 3.179098665714263916e-02 1.997901871800422668e-02 3.957565873861312866e-03 1.714759506285190582e-02 6.246211123652756214e-04 1.802878919988870621e-03
5.204755067825317383e-02 5.506129935383796692e-02 4.074189346283674240e-03 6.136562675237655640e-03 1.170704141259193420e-02 6.675829738378524780e-02 8.465279936790466309e-01 4.850636702030897141e-03 9.967633523046970367e-03 2.393336035311222076e-02 4.327851161360740662e-02 4.154843091964721680e-02 3.590551018714904785e-02 4.166854918003082275e-02 3.601357107982039452e-03 4.690094850957393646e-03 1.355271041393280029e-02 1.260762196034193039e-02 1.849849149584770203e-02 9.897235780954360962e-03 7.065903395414352417e-03 1.700061000883579254e-02 1.990303583443164825e-02 1.883122697472572327e-02 1.348004676401615143e-03 1.924987323582172394e-02 1.343432627618312836e-02 2.538923174142837524e-03 2.273420430719852448e-02 3.622338175773620605e-03 7.648985367268323898e-03 1.132547971792519093e-03 1.964976824820041656e-02 2.114928560331463814e-03 2.094507031142711639e-02 7.633513770997524261e-03 3.773661155719310045e-04 1.675166562199592590e-02 4.667346365749835968e-03 5.027882289141416550e-03 2.533029206097126007e-02 4.463088698685169220e-03 1.477920683100819588e-03 1.404143404215574265e-02 8.334445767104625702e-03 2.083263546228408813e-02 6.378704309463500977e-02 4.982641339302062988e-02 3.635057015344500542e-03 1.022602897137403488e-02 4.935462027788162231e-03 6.041432265192270279e-03 2.475043758749961853e-02 1.112272962927818298e-02 1.047893520444631577e-02 9.383660741150379181e-03 8.157975040376186371e-03 1.399196963757276535e-02 9.753567166626453400e-03 1.073212269693613052e-02 1.975870924070477486e-03 1.325606089085340500e-02 6.756230257451534271e-03 2.670888043940067291e-02 2.358563058078289032e-02 9.916724637150764465e-03 1.525219879113137722e-03 7.450576405972242355e-03 9.461250156164169312e-03 2.257198654115200043e-02 1.157595124095678329e-02 1.382124330848455429e-02 5.459180567413568497e-03 1.865851320326328278e-02 1.269866712391376495e-02 1.264678593724966049e-02 1.161205489188432693e-02 2.284352295100688934e-02 7.712119724601507187e-03 2.484986558556556702e-02 2.670595131348818541e-04 1.826126826927065849e-03 2.588386088609695435e-02 2.007595635950565338e-02 2.100717043504118919e-03 2.498169429600238800e-03 1.760111190378665924e-02 1.396008860319852829e-02 2.318673580884933472e-02 2.945371344685554504e-02 2.304765582084655762e-02 2.272715047001838684e-02 3.370996564626693726e-02 1.546421740204095840e-02 4.181785508990287781e-03 1.002606656402349472e-02 1.235577091574668884e-02 1.895423047244548798e-02 3.268271975684911013e-04 4.936668090522289276e-03 3.042342374101281166e-03 7.381170871667563915e-05 3.076593764126300812e-02 2.181976102292537689e-02 3.711569309234619141e-02 1.531049143522977829e-02 8.777450420893728733e-04 1.844352926127612591e-03 1.239131670445203781e-03 1.313397195190191269e-02 3.590811789035797119e-02 2.115246653556823730e-02 3.493803553283214569e-03 9.803844615817070007e-03 1.152150449343025684e-03 6.771716289222240448e-03
6.283024325966835022e-03 7.690936326980590820e-04 2.401952072978019714e-02 7.648091297596693039e-03 1.006064377725124359e-02 5.577396135777235031e-03 4.850636702030897141e-03 8.465279936790466309e-01 1.466033328324556351e-02 9.710195474326610565e-03 9.651650674641132355e-03 1.275359746068716049e-02 5.474409088492393494e-03 5.781042389571666718e-03 4.000985622406005859e-02 1.713404804468154907e-02 1.099002454429864883e-02 3.082830226048827171e-03 1.784972101449966431e-02 3.296555951237678528e-02 2.980812080204486847e-02 1.518375147134065628e-02 3.370757773518562317e-02 3.761786967515945435e-02 3.303338959813117981e-02 2.554541453719139099e-02 6.105345673859119415e-04 1.756223849952220917e-03 4.499122034758329391e-03 1.343062380328774452e-03 1.035856641829013824e-02 3.051184304058551788e-02 1.353039592504501343e-02 3.303458541631698608e-02 1.558833476155996323e-02 3.182142227888107300e-02 2.976625226438045502e-02 2.133226953446865082e-02 1.131823752075433731e-02 9.762456640601158142e-03 2.416744362562894821e-03 3.459171205759048462e-02 2.079125307500362396e-02 2.164639532566070557e-03 2.825769968330860138e-02 6.183007732033729553e-03 7.190631236881017685e-03 4.774612374603748322e-03 3.585616126656532288e-02 2.099559269845485687e-02 4.095150157809257507e-02 4.213910922408103943e-02 1.306522917002439499e-02 2.334499731659889221e-03 3.092442266643047333e-02 1.512330304831266403e-02 2.839547954499721527e-02 4.777716938406229019e-03 2.729175426065921783e-02 8.557002991437911987e-03 1.502199284732341766e-02 4.976616706699132919e-03 3.332649916410446167e-02 9.859369136393070221e-03 6.734662689268589020e-03 2.071012370288372040e-02 3.796199336647987366e-02 3.691879659891128540e-02 2.453304361552000046e-03 3.497265046462416649e-03 1.381803420372307301e-03 8.964022621512413025e-03 8.428626693785190582e-03 4.882065113633871078e-03 1.472577452659606934e-02 1.226183399558067322e-02 7.623864803463220596e-03 1.255335099995136261e-02 1.811909489333629608e-02 7.794797886162996292e-03 5.299000814557075500e-02 3.944265842437744141e-02 2.260205801576375961e-03 1.152562536299228668e-02 3.501349315047264099e-02 2.836862206459045410e-02 4.149654507637023926e-02 3.449194505810737610e-02 3.377832472324371338e-03 4.383406136184930801e-03 8.294606581330299377e-03 6.514508742839097977e-03 4.521619994193315506e-03 1.690568961203098297e-02 1.348366215825080872e-02 5.940861999988555908e-03 2.570916549302637577e-04 1.246925909072160721e-02 2.909805625677108765e-02 2.815005928277969360e-02 2.530642040073871613e-02 2.437373250722885132e-02 1.883297576569020748e-03 8.457450196146965027e-03 5.534291267395019531e-03 1.804530620574951172e-02 1.944980397820472717e-02 5.949966143816709518e-03 2.291601151227951050e-02 2.749329665675759315e-03 6.105275824666023254e-03 2.404651604592800140e-03 3.500036522746086121e-02 2.561453729867935181e-02 2.607707865536212921e-03 1.210242553497664630e-04
5.518346442840993404e-04 2.935619559139013290e-03 2.949005691334605217e-03 2.113845758140087128e-02 3.285181522369384766e-02 3.445358015596866608e-03 9.967633523046970367e-03 1.466033328324556351e-02 8.465279936790466309e-01 3.408681601285934448e-02 9.559271857142448425e-03 1.248805131763219833e-02 1.475147320888936520e-03 1.217463286593556404e-03 1.934081548824906349e-03 2.174802124500274658e-02 2.736735343933105469e-02 3.938881307840347290e-02 2.431768178939819336e-02 5.112919490784406662e-03 1.047747023403644562e-02 9.245377965271472931e-03 2.838617004454135895e-02 2.841966040432453156e-02 1.146901398897171021e-02 6.420623045414686203e-03 2.289134636521339417e-02 5.502297077327966690e-03 1.605396391823887825e-03 6.603593355976045132e-04 2.740869764238595963e-03 1.258492004126310349e-02 6.750424392521381378e-03 1.096214074641466141e-02 6.316281855106353760e-03 3.556330222636461258e-03 1.304156612604856491e-02 6.730747874826192856e-03 3.172429278492927551e-02 2.462173067033290863e-02 1.003611646592617035e-02 4.115800932049751282e-02 1.849668100476264954e-02 5.439724773168563843e-03 1.046211109496653080e-03 7.299012038856744766e-03 2.070472016930580139e-02 1.802214421331882477e-02 1.245773397386074066e-02 3.739722771570086479e-03 1.534728147089481354e-02 2.528803306631743908e-04 2.809951268136501312e-02 2.980586141347885132e-02 4.291121661663055420e-02 9.705582633614540100e-03 7.031076122075319290e-03 5.174237303435802460e-03 1.295730844140052795e-02 1.157943718135356903e-02 3.712135925889015198e-02 3.087636455893516541e-02 9.745820425450801849e-03 2.451142854988574982e-02 1.332062110304832458e-02 9.808647446334362030e-03 5.065462552011013031e-03 8.814690634608268738e-03 3.356413170695304871e-02 1.546611636877059937e-02 1.927560567855834961e-02 9.289675392210483551e-03 9.644557721912860870e-03 1.158291194587945938e-02 1.548635400831699371e-02 2.612004056572914124e-03 6.314859539270401001e-02 3.100496716797351837e-02 2.581973746418952942e-02 1.647683046758174896e-02 3.077427390962839127e-03 2.129073813557624817e-02 3.484092652797698975e-02 2.820103615522384644e-02 1.857495284639298916e-03 2.415724797174334526e-03 1.921095536090433598e-03 3.214439784642308950e-04 2.441736171022057533e-03 8.044219575822353363e-03 2.345002815127372742e-02 2.426906861364841461e-02 1.710562594234943390e-02 7.900593802332878113e-03 2.712433971464633942e-02 2.225416712462902069e-02 5.297530908137559891e-03 2.610269933938980103e-02 4.724448546767234802e-02 4.282803833484649658e-02 1.182478480041027069e-02 1.509289606474339962e-03 6.951915565878152847e-04 8.140727877616882324e-03 2.185952290892601013e-02 1.356810145080089569e-02 1.234894059598445892e-02 7.752157282084226608e-03 1.225293148308992386e-02 8.064931258559226990e-03 8.519016206264495850e-03 1.626358740031719208e-02 3.005982376635074615e-03 2.561151632107794285e-04 3.144923225045204163e-02 1.060523279011249542e-02
2.234737575054168701e-02 2.277871035039424896e-02 1.728968694806098938e-02 1.461295038461685181e-02 2.583773620426654816e-02 1.905477233231067657e-02 2.393336035311222076e-02 9.710195474326610565e-03 3.408681601285934448e-02 8.465279936790466309e-01 2.627549692988395691e-02 1.237253006547689438e-02 2.326687425374984741e-02 1.784682273864746094e-02 2.204869175329804420e-03 1.145227067172527313e-02 2.579413540661334991e-02 2.375912107527256012e-02 3.842302039265632629e-02 1.625912450253963470e-02 1.766739040613174438e-02 3.070752602070569992e-03 2.569649182260036469e-02 2.679052576422691345e-02 1.004956010729074478e-02 2.284119836986064911e-02 5.773907992988824844e-03 7.452065590769052505e-03 5.586795508861541748e-03 4.459521267563104630e-03 6.746021099388599396e-03 1.088750362396240234e-02 1.253130193799734116e-02 2.044959180057048798e-02 1.689857244491577148e-02 1.656325766816735268e-03 8.406746201217174530e-03 1.328915916383266449e-02 9.466114453971385956e-03 2.899828553199768066e-02 1.459566876292228699e-02 2.100946567952632904e-02 3.602023795247077942e-02 1.486376021057367325e-02 2.636469528079032898e-02 1.399981603026390076e-02 4.305614624172449112e-03 8.114327676594257355e-03 2.068858128041028976e-03 2.933073043823242188e-02 1.621360145509243011e-02 1.446323096752166748e-02 9.988471865653991699e-03 3.396297106519341469e-03 9.226182475686073303e-03 3.235307335853576660e-02 1.807228778488934040e-03 1.832906343042850494e-02 7.793924771249294281e-03 1.335953548550605774e-02 1.625234447419643402e-02 3.462497889995574951e-02 1.505672466009855270e-02 1.995338685810565948e-02 9.347329847514629364e-03 9.492631070315837860e-03 1.070427801460027695e-02 1.134857255965471268e-02 2.919315360486507416e-02 9.888473898172378540e-03 3.186640143394470215e-02 3.486804198473691940e-04 8.991467766463756561e-03 1.444270461797714233e-02 2.102562226355075836e-02 6.248728372156620026e-03 2.116699889302253723e-02 4.994808137416839600e-02 7.829284295439720154e-03 4.730674251914024353e-02 7.261210586875677109e-03 3.620983567088842392e-03 3.196779265999794006e-02 3.831657394766807556e-02 6.468567531555891037e-03 3.339774534106254578e-02 1.494378689676523209e-02 1.721772924065589905e-02 9.061986580491065979e-03 3.612965345382690430e-02 6.207524798810482025e-03 6.879856344312429428e-03 4.838639711124415044e-07 3.854803973808884621e-03 2.473160810768604279e-02 2.858527377247810364e-02 1.993756555020809174e-02 9.615560062229633331e-03 2.078371867537498474e-02 2.537020482122898102e-02 1.128897443413734436e-02 2.014427259564399719e-02 2.465799823403358459e-02 1.912361383438110352e-02 8.713162504136562347e-03 6.639044266194105148e-03 2.760156989097595215e-03 7.638672366738319397e-03 1.267409790307283401e-02 1.343100424855947495e-02 2.227768488228321075e-02 1.143632270395755768e-02 2.591617591679096222e-02 2.799160219728946686e-02 1.455411035567522049e-02 7.547364220954477787e-04
5.206731334328651428e-02 4.955845326185226440e-02 1.939069625223055482e-04 5.197347141802310944e-03 9.621519595384597778e-03 5.035098642110824585e-02 4.327851161360740662e-02 9.651650674641132355e-03 9.559271857142448425e-03 2.627549692988395691e-02 8.465279936790466309e-01 3.404862061142921448e-02 5.056252703070640564e-02 3.208167850971221924e-02 1.694433204829692841e-02 3.155642421916127205e-03 1.347739621996879578e-02 7.148834876716136932e-03 5.286198575049638748e-03 1.599915698170661926e-02 2.023166976869106293e-02 3.497399017214775085e-02 2.062464505434036255e-02 1.976990327239036560e-02 1.419680751860141754e-02 2.794095128774642944e-02 2.900581434369087219e-02 5.076249595731496811e-03 2.836297079920768738e-02 1.156906783580780029e-02 2.742517367005348206e-02 3.214124357327818871e-03 5.472729681059718132e-04 2.926908200606703758e-03 1.404956821352243423e-02 2.353834360837936401e-02 1.509051304310560226e-02 3.121114522218704224e-02 1.766882278025150299e-02 9.895713068544864655e-03 3.169012069702148438e-02 6.783879362046718597e-03 1.340766064822673798e-02 1.607358339242637157e-03 4.437035415321588516e-03 1.985793188214302063e-02 3.466055914759635925e-02 3.072998486459255219e-02 2.536625601351261139e-02 2.759117074310779572e-02 3.484683111310005188e-04 4.892165772616863251e-03 1.623229356482625008e-03 3.361956682056188583e-03 2.402994409203529358e-02 2.943295612931251526e-02 1.552367676049470901e-02 2.058961428701877594e-02 6.905238609760999680e-03 7.658218499273061752e-03 1.367634395137429237e-03 1.337655074894428253e-02 9.004122577607631683e-03 1.749644055962562561e-02 4.101872444152832031e-02 2.649403922259807587e-02 4.971813410520553589e-03 8.008075878024101257e-03 1.275888830423355103e-02 2.615904808044433594e-02 1.573203690350055695e-02 1.633134670555591583e-02 3.858276177197694778e-03 2.624868042767047882e-02 1.066712569445371628e-02 2.443557418882846832e-02 7.006334606558084488e-03 2.327614463865756989e-02 8.663629181683063507e-03 2.757653780281543732e-02 3.344428259879350662e-03 2.794382162392139435e-04 9.866736829280853271e-03 1.331045292317867279e-02 2.546399598941206932e-03 1.029955502599477768e-02 2.447139471769332886e-02 2.728468552231788635e-02 1.498989667743444443e-02 2.466436848044395447e-02 2.036676555871963501e-02 3.272801637649536133e-02 2.202850021421909332e-02 2.672161720693111420e-02 2.067053690552711487e-02 1.931836269795894623e-02 2.023512311279773712e-02 2.843193151056766510e-02 5.651254206895828247e-03 4.868747200816869736e-03 1.883554644882678986e-02 1.364170759916305542e-02 3.144657611846923828e-02 2.183390222489833832e-02 9.900781325995922089e-03 9.268423542380332947e-03 8.876835927367210388e-03 1.811884343624114990e-02 8.285819552838802338e-03 1.938687637448310852e-02 3.380031511187553406e-02 1.999850757420063019e-02 1.083711162209510803e-02 9.172735153697431087e-04 7.583026308566331863e-03 8.250861428678035736e-03
2.691012248396873474e-02 3.734878823161125183e-02 3.510571271181106567e-02 1.401147246360778809e-02 1.097633503377437592e-02 4.565947130322456360e-02 4.154843091964721680e-02 1.275359746068716049e-02 1.248805131763219833e-02 1.237253006547689438e-02 3.404862061142921448e-02 8.465279936790466309e-01 2.724963799118995667e-02 6.786579638719558716e-02 7.393231149762868881e-03 6.621151231229305267e-03 1.019646180793642998e-03 1.606291532516479492e-02 2.161749452352523804e-02 7.890053093433380127e-03 5.775551777333021164e-03 1.236476562917232513e-02 3.676092624664306641e-02 2.478054165840148926e-02 8.027320727705955505e-03 2.487684600055217743e-02 1.175475120544433594e-02 3.041857853531837463e-02 1.860498450696468353e-02 4.060028865933418274e-02 2.183981612324714661e-02 7.468132302165031433e-03 1.731078885495662689e-02 1.188499480485916138e-02 1.529785152524709702e-02 2.103009261190891266e-02 1.584929414093494415e-02 2.106703072786331177e-02 2.709165448322892189e-03 2.469235332682728767e-03 1.890367269515991211e-02 1.795723848044872284e-02 1.195542607456445694e-02 1.073094643652439117e-02 1.150408573448657990e-02 2.837421372532844543e-02 2.778153494000434875e-02 2.559828385710716248e-02 2.836363157257437706e-03 1.751178991980850697e-03 9.042257443070411682e-03 6.116099655628204346e-03 1.297754701226949692e-02 1.234399620443582535e-02 3.172409255057573318e-03 5.155457183718681335e-03 1.878617331385612488e-02 2.254940941929817200e-02 1.271635480225086212e-02 5.813315510749816895e-03 1.370868086814880371e-02 4.231773782521486282e-03 5.330369342118501663e-03 1.676980778574943542e-02 1.512616127729415894e-02 3.334436099976301193e-03 1.810031826607882977e-04 7.612599874846637249e-04 4.244111187290400267e-05 2.383836545050144196e-02 5.237483885139226913e-03 1.032001245766878128e-02 1.840441982494667172e-04 3.088494203984737396e-02 2.612570533528923988e-03 2.432606369256973267e-02 5.135911051183938980e-03 2.733878791332244873e-02 3.371468046680092812e-04 2.402921020984649658e-02 2.462041750550270081e-02 1.334419939666986465e-02 5.039998330175876617e-03 6.928846240043640137e-03 1.118961605243384838e-03 3.016091650351881981e-03 2.394893765449523926e-02 1.441004965454339981e-02 3.883468732237815857e-02 3.446019068360328674e-02 1.576748862862586975e-02 1.422013621777296066e-02 1.856168545782566071e-02 1.486449874937534332e-02 1.322451513260602951e-02 7.831777445971965790e-03 1.442514080554246902e-02 2.147409319877624512e-02 6.430284585803747177e-03 8.038493804633617401e-03 2.915141871199011803e-03 4.896855447441339493e-03 1.778282225131988525e-02 1.696667447686195374e-02 4.303221404552459717e-02 1.836434565484523773e-02 8.146077394485473633e-03 2.758267335593700409e-03 4.761622039950452745e-05 6.796186324208974838e-03 2.462537959218025208e-02 1.449445635080337524e-02 1.055005588568747044e-03 8.816848509013652802e-03 1.329370657913386822e-03 3.474453696981072426e-03
4.481733962893486023e-02 4.909080639481544495e-02 5.855995696038007736e-03 3.201608778908848763e-03 9.863300248980522156e-03 4.013252630829811096e-02 3.590551018714904785e-02 5.474409088492393494e-03 1.475147320888936520e-03 2.326687425374984741e-02 5.056252703070640564e-02 2.724963799118995667e-02 8.465279936790466309e-01 3.078998252749443054e-02 1.542976591736078262e-02 6.363890599459409714e-03 1.231973245739936829e-02 9.402475319802761078e-03 4.881813656538724899e-03 1.743715628981590271e-02 2.642659284174442291e-02 3.492238745093345642e-02 1.187994796782732010e-02 1.052151899784803391e-02 1.847836188971996307e-02 3.116071596741676331e-02 2.629136666655540466e-02 7.943930104374885559e-04 2.892461419105529785e-02 8.827067911624908447e-03 3.482967242598533630e-02 4.012773279100656509e-03 5.821620114147663116e-03 7.401151582598686218e-03 2.213229797780513763e-02 2.783516980707645416e-02 2.646543271839618683e-02 3.234397992491722107e-02 1.255915034562349319e-02 6.411297712475061417e-03 3.230280056595802307e-02 2.033689292147755623e-03 1.661594025790691376e-02 2.122280420735478401e-03 4.870748089160770178e-04 1.863083802163600922e-02 2.706072106957435608e-02 2.644177153706550598e-02 1.787777617573738098e-02 3.105556592345237732e-02 2.748967381194233894e-03 7.142428774386644363e-03 5.337102804332971573e-03 1.237516663968563080e-02 1.507871132344007492e-02 2.486057952046394348e-02 1.429470814764499664e-02 2.580491639673709869e-02 6.012929603457450867e-03 1.298170629888772964e-02 1.648215926252305508e-03 1.055390574038028717e-02 9.424760937690734863e-03 1.852760836482048035e-02 3.797761723399162292e-02 3.128692507743835449e-02 1.045679021626710892e-02 1.811879500746726990e-02 1.144587714225053787e-02 2.464111894369125366e-02 1.547240093350410461e-02 2.305514179170131683e-02 5.053127650171518326e-03 2.799490652978420258e-02 1.154599059373140335e-02 2.627126127481460571e-02 6.659581325948238373e-03 2.584526315331459045e-02 4.351340699940919876e-03 2.455089241266250610e-02 1.905599259771406651e-03 2.225634176284074783e-03 6.002086214721202850e-03 1.622116751968860626e-02 6.311791948974132538e-03 1.893004961311817169e-02 2.058678865432739258e-02 3.135321289300918579e-02 1.097970083355903625e-02 2.361205033957958221e-02 1.513261627405881882e-02 3.075802326202392578e-02 2.048808149993419647e-02 3.349410369992256165e-02 2.102156355977058411e-02 2.261841110885143280e-02 2.313023433089256287e-02 2.869077771902084351e-02 1.530974986962974072e-03 1.004324178211390972e-03 2.245419658720493317e-02 2.209194935858249664e-02 3.275490552186965942e-02 2.859711647033691406e-02 2.098809462040662766e-03 3.416484454646706581e-03 1.634172163903713226e-02 1.658076792955398560e-02 1.669451221823692322e-02 2.244835719466209412e-02 3.240172937512397766e-02 2.520325221121311188e-02 1.642616465687751770e-02 1.120742131024599075e-02 6.769997416995465755e-04 2.076471783220767975e-02
