8.358651399612426758e-01 6.341089308261871338e-02 1.466619037091732025e-02 1.132461242377758026e-02 1.399705884978175163e-03 5.436618253588676453e-02 5.200448259711265564e-02 6.707969587296247482e-03 1.686649210751056671e-02 9.609262458980083466e-03 6.062168255448341370e-02 9.110024198889732361e-03 5.786365643143653870e-02 3.089545061811804771e-04 4.538268968462944031e-02 1.634398847818374634e-02 1.417475007474422455e-02 8.286836557090282440e-03 6.724539212882518768e-03 4.832663107663393021e-03 3.730301512405276299e-03 4.303921759128570557e-02 4.503845411818474531e-04 7.639230461791157722e-04 5.814087577164173126e-03 4.847062285989522934e-03 3.284101933240890503e-02 7.772147073410451412e-04 4.444815218448638916e-02 1.038768794387578964e-02 4.923533648252487183e-02 7.655345252715051174e-04 2.484844997525215149e-03 2.635401906445622444e-03 7.674440275877714157e-03 1.276196818798780441e-02 1.208581123501062393e-02 2.204460650682449341e-02 1.865983358584344387e-03 7.251783739775419235e-03 2.198904566466808319e-02 1.345998840406537056e-03 8.066241629421710968e-03 9.101118892431259155e-03 2.293226681649684906e-02 3.734713187441229820e-03 5.294394865632057190e-02 4.925664886832237244e-02 2.815903630107641220e-03 1.353477127850055695e-03 1.142099965363740921e-02 1.506199687719345093e-02 5.159730557352304459e-03 2.963310107588768005e-03 4.083096049726009369e-03 1.462619751691818237e-03 9.070556610822677612e-03 1.977524533867835999e-02 1.818171143531799316e-02 1.526236347854137421e-02 6.695130374282598495e-03 4.533605184406042099e-03 5.356601905077695847e-03 4.299922380596399307e-03 4.820198193192481995e-02 4.635461419820785522e-02 1.154534867964684963e-03 7.861607009544968605e-04 1.117858011275529861e-02 3.141837194561958313e-02 1.720616128295660019e-03 3.817475959658622742e-02 9.377805516123771667e-03 1.958298124372959137e-02 1.878255233168601990e-02 3.010454960167407990e-02 2.544770203530788422e-02 1.888371258974075317e-02 9.688084945082664490e-03 1.906974427402019501e-02 8.038406260311603546e-03 2.251087687909603119e-02 2.098921220749616623e-03 2.171935979276895523e-03 3.092669416218996048e-03 1.297481544315814972e-02 3.464481607079505920e-02 3.159982711076736450e-02 1.726095564663410187e-02 3.814291954040527344e-02 4.912186414003372192e-02 4.261421412229537964e-02 4.273778945207595825e-02 3.879223391413688660e-02 1.538636814802885056e-02 4.554530140012502670e-03 1.131975837051868439e-02 2.809788472950458527e-02 4.631405230611562729e-03 1.938600908033549786e-03 7.377571426331996918e-03 1.400058623403310776e-03 2.285126782953739166e-02 2.811036631464958191e-02 2.481990493834018707e-03 2.077553217532113194e-04 2.007558243349194527e-03 4.510183352977037430e-03 8.086421294137835503e-04 7.095786742866039276e-03 2.121466398239135742e-02 2.096273005008697510e-02 2.087106695398688316e-03 1.347809471189975739e-02 3.658300498500466347e-03 1.359828468412160873e-02
6.341089308261871338e-02 8.358651399612426758e-01 1.180032640695571899e-02 1.924377679824829102e-02 1.142933871597051620e-02 5.118247121572494507e-02 5.646382272243499756e-02 6.119477562606334686e-03 1.256336178630590439e-02 1.110202446579933167e-02 5.564301460981369019e-02 1.016493514180183411e-02 5.970853567123413086e-02 1.244922168552875519e-02 4.218370467424392700e-02 2.362251095473766327e-02 1.749710738658905029e-02 1.351328287273645401e-02 1.048234174959361553e-03 3.485176945105195045e-03 2.675558906048536301e-03 4.146860912442207336e-02 1.142905442975461483e-03 3.538005985319614410e-03 3.936436958611011505e-03 6.029990967363119125e-03 2.696154452860355377e-02 5.179835483431816101e-03 4.106531664729118347e-02 2.031954750418663025e-02 4.788940399885177612e-02 7.286040112376213074e-03 6.732037756592035294e-03 6.349192932248115540e-03 3.915606066584587097e-03 2.649136353284120560e-03 7.597244810312986374e-03 2.163774520158767700e-02 1.696789450943470001e-02 9.311134926974773407e-03 1.865808479487895966e-02 1.419501472264528275e-02 1.287863682955503464e-02 1.127503439784049988e-02 2.260134741663932800e-02 9.573500603437423706e-03 4.719763994216918945e-02 4.909228533506393433e-02 5.130251403898000717e-03 4.636831581592559814e-04 6.419959827326238155e-04 7.621181663125753403e-03 1.424899697303771973e-02 6.144466344267129898e-03 6.758056115359067917e-03 1.725345267914235592e-03 5.821887403726577759e-03 2.608389779925346375e-02 1.513566728681325912e-02 1.746531017124652863e-02 1.674386789090931416e-03 4.509098362177610397e-03 1.512929098680615425e-03 4.251945763826370239e-03 4.365966469049453735e-02 4.635813832283020020e-02 3.518096171319484711e-03 5.894701098441146314e-05 1.627857424318790436e-02 2.589363791048526764e-02 2.587206661701202393e-03 3.050662204623222351e-02 1.293599605560302734e-02 1.451512612402439117e-02 1.685306802392005920e-02 1.787735335528850555e-02 1.904700882732868195e-02 1.690715178847312927e-02 3.312075568828731775e-04 1.311293616890907288e-02 1.753144082613289356e-03 2.011437714099884033e-02 1.253086607903242111e-03 7.176691200584173203e-03 2.690862398594617844e-03 1.146995276212692261e-02 2.862987667322158813e-02 3.396285697817802429e-02 1.984963007271289825e-02 2.931162528693675995e-02 4.706828296184539795e-02 4.134146124124526978e-02 4.487269371747970581e-02 3.837444633245468140e-02 2.041712403297424316e-02 4.258765373378992081e-03 1.141518261283636093e-02 1.401653978973627090e-02 6.868041120469570160e-03 8.644551853649318218e-04 1.400242093950510025e-02 1.874550711363554001e-03 2.208942919969558716e-02 2.649167738854885101e-02 7.419726811349391937e-03 6.670938339084386826e-03 1.130267232656478882e-02 2.167100552469491959e-03 2.504456322640180588e-03 1.167513523250818253e-02 2.101498469710350037e-02 2.616469375789165497e-02 9.637395851314067841e-03 1.460400316864252090e-02 9.167162701487541199e-03 9.042934514582157135e-03
1.466619037091732025e-02 1.180032640695571899e-02 8.358651399612426758e-01 5.762480664998292923e-03 1.509577874094247818e-02 1.603094674646854401e-02 1.965681649744510651e-02 3.984172362834215164e-03 3.258207440376281738e-02 1.077423244714736938e-02 1.582325063645839691e-02 1.011353824287652969e-02 7.414950057864189148e-03 6.768860388547182083e-03 1.468287967145442963e-02 9.750640951097011566e-03 2.915271616075187922e-04 1.209248974919319153e-02 1.153321750462055206e-02 7.605497259646654129e-03 1.825124397873878479e-02 1.226606196723878384e-03 2.802677825093269348e-02 2.770309336483478546e-02 2.191887609660625458e-02 3.411351144313812256e-02 2.333485707640647888e-02 1.835575699806213379e-02 1.610978879034519196e-02 1.908501796424388885e-02 1.729476451873779297e-02 1.242550928145647049e-02 4.869486670941114426e-03 4.420837387442588806e-03 1.649918965995311737e-02 2.404408156871795654e-02 3.201000392436981201e-02 9.394835680723190308e-03 1.255508419126272202e-02 3.355938941240310669e-02 1.298840623348951340e-02 6.912034004926681519e-03 1.457318663597106934e-02 1.770324446260929108e-02 1.939666457474231720e-02 2.316989703103899956e-03 7.568992208689451218e-03 2.407685294747352600e-02 8.854766376316547394e-03 4.611989017575979233e-03 3.479632735252380371e-02 2.929264865815639496e-02 2.116690017282962799e-02 8.465952239930629730e-03 2.375714480876922607e-02 7.582423742860555649e-03 1.655013486742973328e-02 2.930095605552196503e-02 4.364443942904472351e-03 5.674387328326702118e-03 2.956839045509696007e-03 5.472957273013889790e-04 1.007612422108650208e-02 8.132626302540302277e-03 1.169356238096952438e-02 1.727642491459846497e-02 7.521689869463443756e-03 5.132030695676803589e-03 2.136485651135444641e-02 4.406776279211044312e-03 1.682719402015209198e-02 1.047988422214984894e-02 5.842949729412794113e-03 3.250627312809228897e-03 2.005620300769805908e-02 1.148316450417041779e-02 3.608784824609756470e-02 5.582765210419893265e-03 3.808236494660377502e-02 3.515517804771661758e-03 7.191581279039382935e-02 1.024650782346725464e-02 1.457971055060625076e-02 1.615703850984573364e-02 1.258090045303106308e-02 2.496694680303335190e-03 9.021143428981304169e-03 1.460028346627950668e-03 6.149541586637496948e-03 1.250237040221691132e-02 6.561600603163242340e-03 1.231171935796737671e-02 1.381462533026933670e-02 8.519424009136855602e-04 3.172997385263442993e-02 1.681561581790447235e-02 8.118019322864711285e-04 1.487810513935983181e-04 1.285116374492645264e-02 6.266452372074127197e-03 1.181202474981546402e-02 5.968231707811355591e-04 3.118554595857858658e-03 9.784352034330368042e-03 1.034463848918676376e-02 1.134341955184936523e-02 1.832183799706399441e-03 1.055205147713422775e-02 3.453042730689048767e-02 3.517916426062583923e-02 2.388138882815837860e-02 3.099434543401002884e-03 1.874482072889804840e-02 1.476075127720832825e-02 1.211046706885099411e-02 3.516152733936905861e-03
1.132461242377758026e-02 1.924377679824829102e-02 5.762480664998292923e-03 8.358651399612426758e-01 7.166624069213867188e-02 2.518832311034202576e-02 2.442989125847816467e-02 8.202041499316692352e-03 1.107107941061258316e-02 7.304334547370672226e-03 1.502955798059701920e-02 3.083669953048229218e-02 1.933092996478080750e-02 2.554048597812652588e-02 3.138163359835743904e-03 4.012354463338851929e-02 4.641612619161605835e-02 5.678279791027307510e-03 2.271749824285507202e-02 8.931595832109451294e-03 1.091124210506677628e-02 3.968514967709779739e-03 1.924320682883262634e-02 1.211579702794551849e-02 5.379837471991777420e-03 1.233280915766954422e-02 4.855595529079437256e-03 6.332147866487503052e-03 1.407695747911930084e-02 2.462162403389811516e-03 1.971663348376750946e-02 4.028183408081531525e-03 1.762110739946365356e-02 2.227849885821342468e-02 1.471503730863332748e-02 2.209181711077690125e-02 3.329377248883247375e-02 6.534088170155882835e-04 3.876324370503425598e-02 4.514183476567268372e-02 1.439404441043734550e-03 2.173049189150333405e-02 1.379345078021287918e-03 1.016601338051259518e-03 2.730171196162700653e-02 2.861635293811559677e-03 2.618583478033542633e-02 2.099789865314960480e-02 1.471661496907472610e-03 1.497621834278106689e-02 2.147521590813994408e-03 8.692856878042221069e-03 2.159551717340946198e-02 3.492401912808418274e-03 5.501638632267713547e-03 2.555540762841701508e-02 1.768933050334453583e-02 9.443155489861965179e-03 3.341742977499961853e-02 1.160984672605991364e-02 4.063138365745544434e-02 4.027541726827621460e-02 4.747001454234123230e-03 1.837949268519878387e-03 2.235107868909835815e-02 2.708335779607295990e-02 1.416223589330911636e-03 3.591306041926145554e-03 3.570710122585296631e-02 1.093515078537166119e-03 3.536270558834075928e-02 1.259684329852461815e-03 4.828809201717376709e-02 9.169794619083404541e-03 6.053951010107994080e-02 9.758791886270046234e-03 8.628040552139282227e-03 7.277625263668596745e-04 1.646624505519866943e-02 1.169187668710947037e-02 2.089144662022590637e-03 7.667164318263530731e-03 2.385815046727657318e-02 3.413290902972221375e-02 7.159496191889047623e-03 1.345536205917596817e-03 6.223815958946943283e-03 9.812829084694385529e-03 3.270857408642768860e-02 2.012520469725131989e-02 2.425653487443923950e-02 1.179245300590991974e-02 2.577980421483516693e-02 2.070681750774383545e-02 3.287645056843757629e-02 3.003279305994510651e-02 5.458263680338859558e-03 2.988547319546341896e-03 1.777678355574607849e-02 1.271666493266820908e-02 9.074489586055278778e-03 1.562500954605638981e-03 2.995139686390757561e-03 1.202434301376342773e-02 2.625878900289535522e-02 7.918754592537879944e-03 7.658571936190128326e-03 8.999855257570743561e-03 2.859430154785513878e-03 1.743831299245357513e-02 7.115077227354049683e-03 2.565801329910755157e-02 9.867263026535511017e-03 1.248118467628955841e-02 2.120066992938518524e-02 3.083093650639057159e-02
1.399705884978175163e-03 1.142933871597051620e-02 1.509577874094247818e-02 7.166624069213867188e-02 8.358651399612426758e-01 2.323499694466590881e-02 1.926255039870738983e-02 7.924231700599193573e-03 1.113524753600358963e-02 7.674899417906999588e-03 7.128815632313489914e-03 1.840643025934696198e-02 1.330041978508234024e-02 1.991579122841358185e-02 3.253423841670155525e-03 2.137743681669235229e-02 2.625836618244647980e-02 6.796197500079870224e-03 2.856081351637840271e-02 4.592296201735734940e-03 1.195218786597251892e-02 6.748264189809560776e-03 2.025800012052059174e-02 1.833442971110343933e-02 1.512074936181306839e-02 2.655943296849727631e-02 1.127199083566665649e-02 1.030568778514862061e-02 6.233635824173688889e-03 1.474506105296313763e-03 1.451892219483852386e-02 1.301829982548952103e-02 7.650294806808233261e-03 1.451439782977104187e-02 7.557684555649757385e-03 2.834067493677139282e-02 3.124355152249336243e-02 1.702516223303973675e-03 4.576252773404121399e-02 5.791803449392318726e-02 2.400951227173209190e-03 2.724608778953552246e-02 2.309535397216677666e-03 1.427887007594108582e-02 1.520763710141181946e-02 2.842828165739774704e-03 1.898054219782352448e-02 1.642661169171333313e-02 1.066213380545377731e-02 2.105095237493515015e-02 1.271621324121952057e-03 7.398082409054040909e-03 2.987039461731910706e-02 1.404985552653670311e-03 1.296858768910169601e-02 3.644009679555892944e-02 2.316562458872795105e-02 1.422262284904718399e-02 3.828399628400802612e-02 1.712940074503421783e-02 3.781886026263237000e-02 3.720968589186668396e-02 8.786296471953392029e-03 1.079850364476442337e-02 1.823140867054462433e-02 2.457908168435096741e-02 5.083197262138128281e-03 8.808661252260208130e-03 2.805309742689132690e-02 9.687815327197313309e-05 2.478393726050853729e-02 3.857605857774615288e-03 5.014343187212944031e-02 1.232341956347227097e-02 5.850431323051452637e-02 5.474387202411890030e-03 4.568050615489482880e-03 6.628469098359346390e-03 1.060402672737836838e-02 1.056397985666990280e-02 1.163253467530012131e-02 1.328752608969807625e-03 2.475820854306221008e-02 3.574244305491447449e-02 2.154725661966949701e-04 5.810628645122051239e-03 6.265196017920970917e-03 9.269289672374725342e-03 2.553316764533519745e-02 2.068187110126018524e-02 1.329942233860492706e-02 1.251634862273931503e-02 2.084114775061607361e-02 1.890754513442516327e-02 2.775401435792446136e-02 1.861535944044589996e-02 8.618159219622612000e-03 1.144672045484185219e-03 4.259567242115736008e-03 2.605024492368102074e-03 1.281161047518253326e-02 2.823257120326161385e-03 6.300174281932413578e-04 9.928051382303237915e-03 2.770249359309673309e-02 6.698390934616327286e-03 6.596982479095458984e-03 1.333001186139881611e-03 3.078608307987451553e-03 2.139049395918846130e-02 1.411923294654116035e-04 2.616550028324127197e-02 1.008224114775657654e-02 1.280502136796712875e-02 1.482889708131551743e-02 2.824061363935470581e-02
5.436618253588676453e-02 5.118247121572494507e-02 1.603094674646854401e-02 2.518832311034202576e-02 2.323499694466590881e-02 8.358651399612426758e-01 6.373802572488784790e-02 4.225943237543106079e-03 2.579029882326722145e-03 1.275680144317448139e-03 5.282340198755264282e-02 2.062975242733955383e-02 4.989631474018096924e-02 2.338056452572345734e-02 2.855614572763442993e-02 9.755047969520092010e-03 4.319116007536649704e-03 9.527881047688424587e-04 2.201655646786093712e-03 5.252593196928501129e-03 1.188474125228822231e-03 3.120429627597332001e-02 7.037180475890636444e-03 7.727731950581073761e-03 4.722254350781440735e-03 9.888613130897283554e-04 1.201524958014488220e-02 3.594703506678342819e-03 4.141024127602577209e-02 1.455606427043676376e-02 4.690131545066833496e-02 6.213278975337743759e-03 3.477643243968486786e-03 4.894107114523649216e-04 2.654255833476781845e-03 6.065274123102426529e-03 2.841065404936671257e-03 2.715036273002624512e-02 6.855411920696496964e-03 1.750886905938386917e-03 1.910845935344696045e-02 3.967197844758629799e-04 6.766404490917921066e-03 1.858904771506786346e-02 2.954619936645030975e-02 1.257064659148454666e-02 5.681272596120834351e-02 5.638549849390983582e-02 5.827464628964662552e-03 6.236921995878219604e-03 7.382273208349943161e-03 6.448327563703060150e-03 1.997223123908042908e-02 3.561772406101226807e-03 1.362091954797506332e-02 2.245300263166427612e-02 9.065451100468635559e-03 1.203098427504301071e-02 2.068419568240642548e-02 8.865989744663238525e-03 9.897167794406414032e-03 1.366298738867044449e-02 1.052961125969886780e-02 4.988716915249824524e-03 4.626996815204620361e-02 4.477644711732864380e-02 4.586284514516592026e-03 9.186524897813796997e-03 2.471787482500076294e-02 1.943818666040897369e-02 2.260248549282550812e-02 2.392111532390117645e-02 1.989913173019886017e-02 5.171312950551509857e-03 1.990434899926185608e-02 1.279069017618894577e-02 1.009355206042528152e-02 1.445893105119466782e-02 1.095379237085580826e-02 1.378847938030958176e-02 3.427723189815878868e-03 2.078375034034252167e-02 3.762886859476566315e-03 5.325088743120431900e-03 9.037945419549942017e-03 1.237754803150892258e-02 2.565113641321659088e-02 2.505906485021114349e-02 1.883426494896411896e-02 3.976033255457878113e-02 4.511724784970283508e-02 3.685023263096809387e-02 4.403886198997497559e-02 3.764789924025535583e-02 1.674574241042137146e-02 4.426111932843923569e-03 5.191105883568525314e-03 1.722200401127338409e-02 1.015848666429519653e-02 8.651164360344409943e-03 4.009875934571027756e-03 5.328921601176261902e-03 1.921360380947589874e-02 2.198467962443828583e-02 1.719328761100769043e-02 1.085790805518627167e-02 3.971154801547527313e-03 3.203826490789651871e-03 1.938144676387310028e-03 4.425872117280960083e-03 1.540766190737485886e-02 2.018061839044094086e-02 5.368489306420087814e-03 1.434270571917295456e-02 9.010278619825839996e-03 2.133749984204769135e-02
5.200448259711265564e-02 5.646382272243499756e-02 1.965681649744510651e-02 2.442989125847816467e-02 1.926255039870738983e-02 6.373802572488784790e-02 8.358651399612426758e-01 3.096896689385175705e-03 4.310376476496458054e-03 4.219669383019208908e-03 5.320004001259803772e-02 1.309674419462680817e-02 5.444758757948875427e-02 2.431209385395050049e-02 2.985425293445587158e-02 8.330610580742359161e-03 1.685493043623864651e-03 3.675446379929780960e-03 1.140000880695879459e-03 2.385746687650680542e-03 3.183140652254223824e-03 3.660424798727035522e-02 1.468602451495826244e-03 1.014130655676126480e-02 4.732359200716018677e-03 5.677856504917144775e-03 1.579088345170021057e-02 1.814335846574977040e-04 4.767347872257232666e-02 1.371786557137966156e-02 5.171250551939010620e-02 4.244756884872913361e-03 5.835900083184242249e-03 1.582986908033490181e-03 1.111923251301050186e-03 7.476853788830339909e-04 4.252830694895237684e-04 2.522720023989677429e-02 1.840826682746410370e-02 6.870718672871589661e-03 1.921360194683074951e-02 4.711799789220094681e-03 1.767931506037712097e-02 1.465229690074920654e-02 2.641111239790916443e-02 2.232736721634864807e-02 5.206367373466491699e-02 5.938583984971046448e-02 9.266897104680538177e-03 1.339848269708454609e-03 1.094129495322704315e-02 7.217053789645433426e-03 1.403531990945339203e-02 1.008212799206376076e-03 1.376873254776000977e-02 1.584057137370109558e-02 9.212784469127655029e-03 1.815933175384998322e-02 9.578640572726726532e-03 5.241109058260917664e-03 3.619949333369731903e-03 1.083809416741132736e-02 7.472559809684753418e-03 4.492237698286771774e-03 4.657083749771118164e-02 4.585735499858856201e-02 5.108236335217952728e-03 4.745715763419866562e-03 1.668550446629524231e-02 1.925626955926418304e-02 1.384192425757646561e-02 1.979718357324600220e-02 1.769233681261539459e-02 7.254364434629678726e-03 1.729650236666202545e-02 6.773225963115692139e-03 4.997660405933856964e-03 1.647915318608283997e-02 1.641912758350372314e-02 9.928234852850437164e-03 1.161560416221618652e-03 1.560551021248102188e-02 5.500059109181165695e-03 5.159389693289995193e-03 9.620424360036849976e-03 1.208507176488637924e-02 2.457622811198234558e-02 2.833448164165019989e-02 2.584325335919857025e-02 3.463797643780708313e-02 4.575767740607261658e-02 3.766243904829025269e-02 4.945004731416702271e-02 3.289287164807319641e-02 2.268808521330356598e-02 7.786419708281755447e-03 1.119122374802827835e-02 6.640243809670209885e-03 8.240504190325737000e-03 6.015862803906202316e-03 9.396464563906192780e-03 4.835393279790878296e-03 2.287147752940654755e-02 1.593750156462192535e-02 1.286818180233240128e-02 1.335016731172800064e-02 9.765618480741977692e-03 3.491489915177226067e-03 7.184789981693029404e-03 1.598780043423175812e-02 2.334304712712764740e-02 1.837017573416233063e-02 8.966158144176006317e-03 1.760008372366428375e-02 1.488029118627309799e-02 1.626983657479286194e-02
6.707969587296247482e-03 6.119477562606334686e-03 3.984172362834215164e-03 8.202041499316692352e-03 7.924231700599193573e-03 4.225943237543106079e-03 3.096896689385175705e-03 8.358651399612426758e-01 1.278083189390599728e-03 1.691414415836334229e-02 4.474794026464223862e-03 2.753181941807270050e-02 8.594627492129802704e-03 3.344292193651199341e-02 4.327215999364852905e-02 5.016388371586799622e-03 6.826628465205430984e-03 5.882823839783668518e-03 9.919612668454647064e-03 3.056612564250826836e-03 1.292864512652158737e-02 1.069336570799350739e-02 6.211168598383665085e-03 1.498159486800432205e-03 2.476174384355545044e-02 2.453177049756050110e-02 6.832761224359273911e-03 2.905289409682154655e-03 5.731880199164152145e-03 4.442814271897077560e-03 1.497928518801927567e-03 3.132357448339462280e-02 2.412094920873641968e-02 2.108272723853588104e-02 2.074751257896423340e-02 1.593203283846378326e-02 1.189201325178146362e-02 1.648165169171988964e-03 1.166006084531545639e-02 2.162199700251221657e-03 2.328686183318495750e-03 1.264239940792322159e-02 1.436986960470676422e-02 2.234381437301635742e-02 2.331668138504028320e-02 2.267155051231384277e-02 1.146786566823720932e-02 6.175856105983257294e-03 1.292144879698753357e-02 2.450689114630222321e-02 9.623259305953979492e-03 5.376785062253475189e-03 1.641825772821903229e-02 1.540562231093645096e-02 1.116844825446605682e-02 2.689570561051368713e-02 1.419417560100555420e-02 1.144652348011732101e-02 1.115711871534585953e-02 1.304408721625804901e-02 2.140907198190689087e-02 1.915135607123374939e-02 1.803346164524555206e-02 1.655337214469909668e-02 3.528338856995105743e-03 6.824751384556293488e-03 1.651111803948879242e-02 1.067032106220722198e-02 9.725107811391353607e-03 1.610113866627216339e-02 1.858804747462272644e-02 2.078987285494804382e-02 1.731559261679649353e-02 1.676812022924423218e-02 1.211303379386663437e-02 2.461868524551391602e-02 4.305548500269651413e-03 1.448651868849992752e-02 1.348995044827461243e-02 8.041546607273630798e-06 3.903071209788322449e-02 7.182849943637847900e-02 2.142347581684589386e-02 2.487922832369804382e-02 1.517010014504194260e-02 4.656757228076457977e-03 3.602084890007972717e-02 3.640692308545112610e-02 9.920635260641574860e-03 1.085481420159339905e-02 1.691676303744316101e-02 7.880140095949172974e-03 1.148440595716238022e-02 7.626835722476243973e-03 8.405328728258609772e-03 8.291805163025856018e-03 8.728842367418110371e-04 2.458635531365871429e-02 4.297179169952869415e-03 3.663897048681974411e-03 1.414838153868913651e-02 3.846589243039488792e-04 8.049072697758674622e-03 9.197905659675598145e-03 2.394966967403888702e-02 1.210247725248336792e-02 2.289249375462532043e-02 2.103892154991626740e-02 8.480001240968704224e-03 6.305932532995939255e-03 1.423002034425735474e-02 1.042891014367341995e-02 4.145164508372545242e-03 1.542339473962783813e-02 4.035854712128639221e-03 1.464833226054906845e-02
1.686649210751056671e-02 1.256336178630590439e-02 3.258207440376281738e-02 1.107107941061258316e-02 1.113524753600358963e-02 2.579029882326722145e-03 4.310376476496458054e-03 1.278083189390599728e-03 8.358651399612426758e-01 3.992186859250068665e-02 1.281021814793348312e-02 2.814499195665121078e-03 1.230327039957046509e-02 3.081960417330265045e-02 2.231338620185852051e-02 4.361451603472232819e-03 1.175885461270809174e-02 5.525261908769607544e-02 1.834554783999919891e-02 6.911323871463537216e-03 3.974095452576875687e-03 1.373700797557830811e-02 9.003525599837303162e-03 1.454067882150411606e-02 4.848177079111337662e-03 2.385111758485436440e-03 2.823215350508689880e-02 1.828408613801002502e-02 1.636265963315963745e-02 6.606232840567827225e-03 1.390404719859361649e-02 7.926359772682189941e-03 1.210760511457920074e-02 6.154688075184822083e-03 3.421583212912082672e-03 5.302926059812307358e-03 1.212236471474170685e-02 1.490678824484348297e-02 1.380365341901779175e-02 1.811516657471656799e-02 5.992084741592407227e-03 2.524851262569427490e-02 4.721931181848049164e-03 1.097429357469081879e-02 1.181172113865613937e-02 3.242710977792739868e-02 8.388686925172805786e-03 6.074175238609313965e-03 2.576841972768306732e-02 1.216741744428873062e-03 2.089755795896053314e-02 2.375423163175582886e-02 3.678506240248680115e-03 1.024541724473237991e-02 5.296020209789276123e-02 1.795895956456661224e-02 1.414958573877811432e-02 3.166686743497848511e-03 1.795995794236660004e-02 5.524208303540945053e-03 1.653271168470382690e-02 6.403561215847730637e-03 9.024438448250293732e-03 1.528445165604352951e-03 1.160705927759408951e-02 4.109117202460765839e-03 5.394828040152788162e-03 1.069018896669149399e-02 7.621033582836389542e-03 1.760108582675457001e-02 1.746358163654804230e-02 3.382531180977821350e-02 4.012577235698699951e-03 1.503435149788856506e-02 1.216857042163610458e-02 2.993666566908359528e-02 7.469155639410018921e-02 2.712457254528999329e-02 6.276629865169525146e-02 1.582390815019607544e-02 1.693349517881870270e-02 5.821182858198881149e-03 3.782607987523078918e-02 2.115925308316946030e-03 1.961816661059856415e-02 6.948554888367652893e-03 1.050216425210237503e-02 8.435999974608421326e-03 2.495343051850795746e-02 3.548890817910432816e-03 1.622729562222957611e-02 1.531577017158269882e-02 1.464631874114274979e-03 2.019013464450836182e-02 3.259208798408508301e-02 3.223063796758651733e-02 1.020223554223775864e-02 3.035370260477066040e-02 1.660256274044513702e-02 1.525096502155065536e-02 3.269577771425247192e-02 3.277696296572685242e-02 7.406488060951232910e-03 1.781955733895301819e-02 3.310121828690171242e-04 1.398987509310245514e-02 8.651830255985260010e-03 1.419258862733840942e-02 4.965013824403285980e-03 3.029366023838520050e-02 2.522492315620183945e-03 1.658550463616847992e-02 2.366966381669044495e-02 1.269100792706012726e-02 2.547088637948036194e-02 4.357646219432353973e-03
9.609262458980083466e-03 1.110202446579933167e-02 1.077423244714736938e-02 7.304334547370672226e-03 7.674899417906999588e-03 1.275680144317448139e-03 4.219669383019208908e-03 1.691414415836334229e-02 3.992186859250068665e-02 8.358651399612426758e-01 7.428593467921018600e-03 4.114654660224914551e-02 7.228205446153879166e-03 2.537127397954463959e-02 1.219522394239902496e-02 1.144025102257728577e-02 6.778499577194452286e-03 4.487830400466918945e-02 5.228324607014656067e-02 3.466233843937516212e-03 5.136360414326190948e-03 2.046141587197780609e-02 1.288060657680034637e-02 2.105554938316345215e-02 8.991939015686511993e-03 7.167740259319543839e-03 2.209268324077129364e-02 2.254237793385982513e-02 1.338179316371679306e-02 3.268826752901077271e-03 1.158678438514471054e-02 4.182393196970224380e-03 2.527890726923942566e-02 8.627149276435375214e-03 3.119388222694396973e-02 7.215098594315350056e-04 1.731068454682826996e-02 7.785019697621464729e-04 9.130060672760009766e-03 3.461634274572134018e-03 8.924923837184906006e-03 1.254464499652385712e-02 3.813791787251830101e-03 1.609372789971530437e-03 2.830268070101737976e-02 1.762219704687595367e-02 6.355046294629573822e-03 6.723063066601753235e-03 1.629266515374183655e-02 3.216732665896415710e-02 1.149164326488971710e-02 7.552514784038066864e-03 8.314290083944797516e-03 1.642355695366859436e-02 1.620904356241226196e-02 4.325490072369575500e-02 1.361641008406877518e-02 1.608063839375972748e-02 5.349469836801290512e-03 5.132764577865600586e-03 2.210052125155925751e-02 3.842511028051376343e-02 1.963184028863906860e-02 2.248031087219715118e-02 1.085436064749956131e-02 3.248989814892411232e-03 5.225427448749542236e-04 4.582392051815986633e-03 7.574835326522588730e-03 3.633518889546394348e-02 3.184174746274948120e-02 2.212244272232055664e-02 7.874774746596813202e-03 4.237762838602066040e-02 5.703427363187074661e-03 1.990161836147308350e-02 3.206814080476760864e-02 5.754212290048599243e-02 1.149363070726394653e-02 4.213553667068481445e-02 1.612959429621696472e-02 1.345809176564216614e-02 4.604021832346916199e-02 4.116572067141532898e-02 9.175487793982028961e-03 1.636909507215023041e-02 3.524041268974542618e-03 8.123969892039895058e-04 7.533262949436903000e-03 3.259832505136728287e-03 1.049449856509454548e-04 2.074840664863586426e-02 1.055076997727155685e-02 1.293981331400573254e-03 2.499325014650821686e-02 7.628035265952348709e-03 3.270043432712554932e-02 1.633188873529434204e-02 1.901505887508392334e-02 2.824989147484302521e-02 1.427168305963277817e-02 2.054261788725852966e-02 1.630702801048755646e-02 4.199565853923559189e-03 4.810212180018424988e-03 4.394769202917814255e-03 1.020699366927146912e-02 6.238237954676151276e-03 6.400183308869600296e-03 1.024085935205221176e-02 2.430205000564455986e-03 2.163255773484706879e-02 2.015347220003604889e-02 2.043346129357814789e-02 1.642546558286994696e-04 2.715729922056198120e-02
6.062168255448341370e-02 5.564301460981369019e-02 1.582325063645839691e-02 1.502955798059701920e-02 7.128815632313489914e-03 5.282340198755264282e-02 5.320004001259803772e-02 4.474794026464223862e-03 1.281021814793348312e-02 7.428593467921018600e-03 8.358651399612426758e-01 3.867866238579154015e-03 6.145026534795761108e-02 4.371042363345623016e-03 4.262947663664817810e-02 1.207232195883989334e-02 7.868591696023941040e-03 7.555090822279453278e-03 7.380334194749593735e-03 1.053888443857431412e-02 8.254283107817173004e-03 4.570636525750160217e-02 4.652454226743429899e-04 6.291016936302185059e-03 1.247340347617864609e-02 5.944394040852785110e-03 2.732119709253311157e-02 2.496466506272554398e-03 5.200528353452682495e-02 1.135035045444965363e-02 5.438714474439620972e-02 5.048341117799282074e-03 3.696327796205878258e-03 2.803734969347715378e-03 6.332681514322757721e-03 4.656617995351552963e-03 3.558991011232137680e-03 2.537951618432998657e-02 7.828187197446823120e-03 7.750886725261807442e-04 2.475477755069732666e-02 1.493140473030507565e-03 1.556834392249584198e-02 1.064670272171497345e-02 2.358085475862026215e-02 7.218474987894296646e-03 5.197120830416679382e-02 5.171990022063255310e-02 7.827508263289928436e-03 4.653953481465578079e-03 6.064280169084668159e-04 5.429855547845363617e-03 1.052507013082504272e-02 1.089120632968842983e-03 1.028173882514238358e-02 1.046971976757049561e-02 1.426892634481191635e-02 1.238570176064968109e-02 1.946647278964519501e-02 2.156066894531250000e-02 2.688944805413484573e-03 1.762844272889196873e-03 1.219377852976322174e-02 1.009738305583596230e-03 5.464598536491394043e-02 5.097368732094764709e-02 6.168815307319164276e-03 1.256468333303928375e-02 8.526170626282691956e-03 2.622796222567558289e-02 1.149436939158476889e-04 3.198138996958732605e-02 8.213814347982406616e-03 1.384111400693655014e-02 1.611842773854732513e-02 2.287302166223526001e-02 1.597834005951881409e-02 1.444415934383869171e-02 7.424210198223590851e-03 1.354238390922546387e-02 6.402750499546527863e-03 1.939329318702220917e-02 5.211159586906433105e-04 3.375990781933069229e-03 1.027326378971338272e-02 1.234204042702913284e-02 4.334962740540504456e-02 4.035656899213790894e-02 1.494243368506431580e-02 3.483092784881591797e-02 4.797011241316795349e-02 4.979005828499794006e-02 4.424737393856048584e-02 4.209047183394432068e-02 2.297989651560783386e-02 1.004283409565687180e-02 1.413358375430107117e-03 1.506330072879791260e-02 9.382953867316246033e-03 3.045232966542243958e-03 3.648286918178200722e-03 6.392519921064376831e-03 2.233456633985042572e-02 2.314897999167442322e-02 1.176646538078784943e-02 7.137860171496868134e-03 5.668531637638807297e-03 1.062185503542423248e-02 5.322356009855866432e-04 6.073144264519214630e-03 2.093802019953727722e-02 2.193753048777580261e-02 8.117487654089927673e-03 1.975846663117408752e-02 6.127754691988229752e-03 1.226463075727224350e-02
9.110024198889732361e-03 1.016493514180183411e-02 1.011353824287652969e-02 3.083669953048229218e-02 1.840643025934696198e-02 2.062975242733955383e-02 1.309674419462680817e-02 2.753181941807270050e-02 2.814499195665121078e-03 4.114654660224914551e-02 3.867866238579154015e-03 8.358651399612426758e-01 2.998635172843933105e-03 8.193668723106384277e-02 3.798655234277248383e-03 2.018392831087112427e-02 1.771168969571590424e-02 2.012011222541332245e-02 2.228687517344951630e-02 3.667941084131598473e-03 1.110533718019723892e-02 2.674403600394725800e-03 4.770539235323667526e-03 8.326286333613097668e-04 1.244793739169836044e-02 6.008589407429099083e-04 1.674385741353034973e-02 3.450130298733711243e-02 3.873704001307487488e-03 3.357588499784469604e-02 6.619191728532314301e-03 9.677793830633163452e-03 3.179081529378890991e-02 1.701579242944717407e-02 2.093834057450294495e-02 1.967539545148611069e-03 8.983605541288852692e-03 8.050964097492396832e-04 5.362356081604957581e-03 9.330952540040016174e-03 5.989855621010065079e-03 4.896785132586956024e-03 1.816347800195217133e-02 1.671607419848442078e-02 5.223078653216362000e-02 1.139393448829650879e-02 3.327558934688568115e-02 9.138909168541431427e-03 2.058991929516196251e-03 2.170657180249691010e-02 2.106080576777458191e-02 2.091971598565578461e-02 2.817766016960376874e-06 2.977979136630892754e-03 9.389030747115612030e-03 1.604807004332542419e-02 1.064426614902913570e-03 8.805514313280582428e-03 1.977860555052757263e-02 4.934730008244514465e-03 2.110842987895011902e-02 2.795557864010334015e-02 1.022327132523059845e-02 2.515832521021366119e-02 1.028182334266602993e-03 5.927624646574258804e-03 1.671115309000015259e-02 1.119613274931907654e-02 1.087662391364574432e-02 1.278109755367040634e-02 1.916264370083808899e-02 7.888834923505783081e-03 4.109770525246858597e-03 2.170930616557598114e-02 1.957801543176174164e-02 1.279841363430023193e-02 1.550803892314434052e-02 2.108168229460716248e-02 3.073634393513202667e-02 3.124271519482135773e-02 2.738841285463422537e-04 7.796037010848522186e-03 2.849852666258811951e-02 3.213322162628173828e-02 1.829860731959342957e-03 8.234609849750995636e-03 2.361815888434648514e-03 5.541570018976926804e-03 8.006007410585880280e-03 4.853082820773124695e-03 2.917170897126197815e-02 7.713078521192073822e-03 2.136927656829357147e-02 1.423077471554279327e-02 1.605012640357017517e-02 1.065813750028610229e-02 2.271669730544090271e-02 1.960721099749207497e-03 2.859828062355518341e-02 2.720583230257034302e-02 6.750451400876045227e-03 1.315256394445896149e-02 1.482033729553222656e-02 8.034951984882354736e-03 1.241601258516311646e-02 5.512278527021408081e-03 3.883626544848084450e-03 2.193036861717700958e-02 5.941416602581739426e-03 3.213261440396308899e-02 8.709527552127838135e-03 3.392180800437927246e-02 3.858233569189906120e-03 7.870512083172798157e-03 5.576139315962791443e-03 1.442165207117795944e-02
5.786365643143653870e-02 5.970853567123413086e-02 7.414950057864189148e-03 1.933092996478080750e-02 1.330041978508234024e-02 4.989631474018096924e-02 5.444758757948875427e-02 8.594627492129802704e-03 1.230327039957046509e-02 7.228205446153879166e-03 6.145026534795761108e-02 2.998635172843933105e-03 8.358651399612426758e-01 6.177840405143797398e-04 4.779915884137153625e-02 1.590371131896972656e-02 1.147307455539703369e-02 9.648899547755718231e-03 5.703209899365901947e-03 3.939022775739431381e-03 5.512211471796035767e-03 4.747551307082176208e-02 1.528307329863309860e-03 3.566730767488479614e-03 7.389716804027557373e-03 3.711698111146688461e-03 3.134337440133094788e-02 5.216067656874656677e-03 4.808413982391357422e-02 1.605588570237159729e-02 5.470049381256103516e-02 1.130142118199728429e-04 5.813919706270098686e-04 1.343230251222848892e-03 5.911275278776884079e-03 5.093450890854001045e-04 3.191347466781735420e-03 2.697525173425674438e-02 1.342341862618923187e-02 8.852020837366580963e-03 2.512938156723976135e-02 5.447989329695701599e-03 1.387291029095649719e-02 1.175616215914487839e-02 2.049087733030319214e-02 8.825387805700302124e-03 4.679211229085922241e-02 5.090731382369995117e-02 8.287560194730758667e-03 5.998245906084775925e-03 1.487122150138020515e-03 5.809142719954252243e-03 1.565376669168472290e-02 4.082100465893745422e-03 7.751404307782649994e-03 1.071120891720056534e-02 8.366209454834461212e-03 1.462499517947435379e-02 1.580946147441864014e-02 2.297073975205421448e-02 2.573011908680200577e-03 3.821453545242547989e-03 8.680652827024459839e-03 1.545437495224177837e-03 5.148675665259361267e-02 5.163159593939781189e-02 2.529102610424160957e-03 8.078203536570072174e-03 1.199372485280036926e-02 2.809988334774971008e-02 5.508271278813481331e-04 3.284086659550666809e-02 1.075495034456253052e-02 1.559638697654008865e-02 1.814925298094749451e-02 2.210804633796215057e-02 1.309840474277734756e-02 1.227180659770965576e-02 9.068165090866386890e-04 9.946580976247787476e-03 3.964359872043132782e-03 1.940500363707542419e-02 3.761584172025322914e-03 6.153256166726350784e-03 5.774952005594968796e-03 1.035035029053688049e-02 4.020606353878974915e-02 4.437315836548805237e-02 1.635922305285930634e-02 3.353851661086082458e-02 4.367651417851448059e-02 4.784241318702697754e-02 4.471593350172042847e-02 4.231991991400718689e-02 2.360962890088558197e-02 1.073430757969617844e-02 4.464817233383655548e-03 1.302585937082767487e-02 1.295375451445579529e-02 5.142918787896633148e-03 1.427836809307336807e-02 1.890078652650117874e-03 2.355525828897953033e-02 2.694891579449176788e-02 1.301223132759332657e-02 6.561018526554107666e-03 6.518047768622636795e-03 1.118665561079978943e-02 4.468920640647411346e-03 9.504165500402450562e-03 2.607063762843608856e-02 2.625667117536067963e-02 4.745030775666236877e-03 1.635051704943180084e-02 1.600450277328491211e-02 5.550308153033256531e-03
