8.449608683586120605e-01 7.033867388963699341e-02 3.971735946834087372e-03 1.713592372834682465e-02 1.310650911182165146e-02 6.560587882995605469e-02 5.005649104714393616e-02 5.719565786421298981e-03 2.557948231697082520e-02 3.327674046158790588e-02 7.018008083105087280e-02 8.002247661352157593e-03 6.135418638586997986e-02 4.575746599584817886e-03 2.822924777865409851e-02 5.657625384628772736e-03 3.843131940811872482e-03 3.457636339589953423e-03 1.637311279773712158e-02 1.589500904083251953e-02 1.633537001907825470e-02 2.435037679970264435e-02 1.636546337977051735e-03 5.198246799409389496e-03 6.639213766902685165e-03 2.986922161653637886e-03 2.131423214450478554e-03 3.638736903667449951e-03 2.038226462900638580e-02 6.381563376635313034e-03 2.261789329349994659e-02 9.325146675109863281e-03 4.513273946940898895e-03 4.742609802633523941e-03 9.829179383814334869e-03 1.891819178126752377e-03 6.975556258112192154e-03 6.448745727539062500e-03 8.793885819613933563e-03 2.173308841884136200e-02 6.764248013496398926e-03 5.669730249792337418e-03 6.316677172435447574e-05 5.168149247765541077e-03 7.982012815773487091e-03 2.173040295019745827e-03 5.073231086134910583e-02 2.743448875844478607e-02 1.593734137713909149e-02 2.106499858200550079e-02 4.143864847719669342e-03 1.354859303683042526e-02 2.100382186472415924e-02 1.059841271489858627e-02 2.354601211845874786e-02 4.006924480199813843e-02 4.512447863817214966e-03 1.900779642164707184e-02 2.090510353446006775e-02 2.089745365083217621e-02 1.409343536943197250e-02 2.269752509891986847e-02 1.173967216163873672e-02 1.171988062560558319e-02 3.473076969385147095e-02 3.336299210786819458e-02 1.732302457094192505e-02 2.760647051036357880e-02 2.236407436430454254e-02 1.651652902364730835e-02 2.671554870903491974e-02 6.574924569576978683e-03 2.065835706889629364e-02 1.694587804377079010e-02 1.174382492899894714e-02 6.581031251698732376e-03 1.142282132059335709e-02 2.793991751968860626e-02 1.436362415552139282e-02 2.298317849636077881e-02 1.401902269572019577e-02 7.262883707880973816e-03 9.360982105135917664e-03 7.086440920829772949e-03 5.214927718043327332e-03 4.746487829834222794e-03 1.949508115649223328e-02 2.961366251111030579e-02 5.027877632528543472e-03 2.921241894364356995e-02 2.753066644072532654e-02 2.216286398470401764e-02 2.124622277915477753e-02 2.334739081561565399e-02 1.569428481161594391e-02 5.242628394626080990e-04 1.704123988747596741e-02 1.358328666538000107e-02 1.221757009625434875e-02 1.184019725769758224e-02 5.066153127700090408e-03 1.616551354527473450e-02 1.625735661946237087e-03 2.508993959054350853e-03 1.263250783085823059e-02 2.580567076802253723e-02 1.947719720192253590e-03 5.515363998711109161e-03 5.910871084779500961e-03 7.150447461754083633e-03 2.045974880456924438e-02 5.094316322356462479e-03 1.342450175434350967e-02 2.789391903206706047e-03 8.895348757505416870e-03 2.623330801725387573e-03
7.033867388963699341e-02 8.449608683586120605e-01 1.715066283941268921e-02 5.082477815449237823e-03 9.404505253769457340e-04 5.924037098884582520e-02 6.295131146907806396e-02 4.217675887048244476e-03 2.892694436013698578e-02 3.169218823313713074e-02 6.277946382761001587e-02 2.065244363620877266e-03 6.894389539957046509e-02 3.435847815126180649e-03 1.950880698859691620e-02 1.535522285848855972e-02 1.799338869750499725e-02 6.842288188636302948e-03 1.284839957952499390e-02 3.782243700698018074e-03 2.495469059795141220e-03 2.046811766922473907e-02 3.895885543897747993e-03 8.998803095892071724e-04 4.084547515958547592e-03 1.327292248606681824e-02 4.001425113528966904e-03 3.016277216374874115e-03 1.855281926691532135e-02 8.961321786046028137e-03 2.427356131374835968e-02 9.448932833038270473e-04 5.923720309510827065e-04 5.564126651734113693e-03 2.658853307366371155e-03 1.360263023525476456e-02 8.169315755367279053e-03 3.729021875187754631e-03 3.452414879575371742e-03 6.720471195876598358e-03 7.320267148315906525e-03 1.292717643082141876e-02 6.808903999626636505e-03 1.926387543790042400e-03 2.147684432566165924e-02 1.980249024927616119e-02 4.754602909088134766e-02 4.222402721643447876e-02 9.130032733082771301e-03 9.115938097238540649e-03 2.900652121752500534e-03 1.307904254645109177e-02 8.574035950005054474e-03 5.139200016856193542e-03 2.059936523437500000e-02 3.024440445005893707e-02 8.744009770452976227e-03 1.979438588023185730e-02 1.667672023177146912e-02 2.811366319656372070e-02 1.586087048053741455e-02 2.571582794189453125e-02 5.958376917988061905e-03 1.494065072620287538e-04 4.126957803964614868e-02 4.647058248519897461e-02 9.167821262963116169e-04 6.369491573423147202e-03 2.482662163674831390e-02 2.134174853563308716e-02 3.202557936310768127e-02 1.014832872897386551e-02 6.314361817203462124e-04 2.469528466463088989e-02 6.244544405490159988e-03 1.299371290951967239e-02 1.343717146664857864e-02 3.210029378533363342e-02 3.026480786502361298e-03 3.791728755459189415e-03 9.349751286208629608e-03 5.177767598070204258e-04 2.191352844238281250e-02 2.472143992781639099e-02 6.064728368073701859e-03 6.647948175668716431e-03 1.191567722707986832e-02 2.977344207465648651e-02 1.146246306598186493e-02 2.405469305813312531e-02 3.514895960688591003e-02 1.718548499047756195e-02 3.296462446451187134e-02 2.274599485099315643e-02 2.927344106137752533e-02 1.897646114230155945e-02 1.863170787692070007e-02 1.271854899823665619e-02 9.450441226363182068e-03 1.399890240281820297e-02 2.187127992510795593e-02 5.506159272044897079e-03 7.369463331997394562e-03 5.029434338212013245e-03 2.090825932100415230e-03 5.956340115517377853e-03 1.461597532033920288e-02 6.391109898686408997e-03 8.794954046607017517e-03 5.013083573430776596e-03 9.860437363386154175e-03 8.156067342497408390e-04 2.454520901665091515e-03 1.183093618601560593e-02 5.429368931800127029e-03 3.786711487919092178e-03
3.971735946834087372e-03 1.715066283941268921e-02 8.449608683586120605e-01 3.614697139710187912e-03 2.156787738204002380e-02 6.827222183346748352e-03 8.428130531683564186e-04 5.766911059617996216e-02 7.100658491253852844e-03 1.235913019627332687e-02 7.553892675787210464e-03 4.550985526293516159e-03 2.661049738526344299e-02 1.401584222912788391e-02 2.980130352079868317e-02 7.236836943775415421e-03 3.483097767457365990e-03 6.260500755161046982e-03 1.738654565997421741e-03 1.473441533744335175e-02 1.238019019365310669e-02 1.978014037013053894e-02 1.777177327312529087e-03 2.853627782315015793e-03 2.037650905549526215e-02 7.274805684573948383e-04 3.145651891827583313e-03 1.853841356933116913e-02 8.908861316740512848e-03 4.845427814871072769e-03 8.797724731266498566e-03 8.228541351854801178e-03 3.965169191360473633e-03 1.616596616804599762e-02 1.181328203529119492e-02 1.704962551593780518e-02 3.156063333153724670e-02 6.509228842332959175e-05 1.350264810025691986e-02 1.457487605512142181e-02 1.034529227763414383e-02 4.542807582765817642e-03 2.581712603569030762e-02 2.589728124439716339e-02 1.043276209384202957e-02 2.000707574188709259e-02 5.947348661720752716e-03 2.385920099914073944e-02 7.163024507462978363e-03 6.181424017995595932e-03 7.833021692931652069e-03 7.443646434694528580e-03 2.908415347337722778e-02 2.414747886359691620e-02 1.373476907610893250e-02 3.865160513669252396e-03 7.770580123178660870e-04 3.742872271686792374e-03 3.131442517042160034e-02 3.606336936354637146e-02 1.703168638050556183e-02 3.802355146035552025e-03 4.704456776380538940e-03 1.859964570030570030e-03 1.694980263710021973e-02 2.030985802412033081e-02 4.091405309736728668e-03 8.933605626225471497e-03 7.937304675579071045e-03 7.118504494428634644e-03 4.146007355302572250e-03 5.571945570409297943e-03 3.988655284047126770e-03 4.760088864713907242e-03 4.195095505565404892e-03 2.101325662806630135e-03 3.007352352142333984e-03 1.741763576865196228e-02 7.457508705556392670e-03 1.628479920327663422e-02 6.230567023158073425e-02 4.268763586878776550e-02 1.831950852647423744e-03 7.271187845617532730e-03 9.463453665375709534e-03 1.066490914672613144e-02 3.413840010762214661e-02 3.339573740959167480e-02 1.421610359102487564e-03 1.935932040214538574e-02 3.167214104905724525e-03 1.164450496435165405e-02 1.627349480986595154e-02 1.401958335191011429e-02 2.113828994333744049e-02 1.400850247591733932e-02 5.786549299955368042e-03 1.089690160006284714e-02 2.058422192931175232e-03 1.429265539627522230e-04 2.024467661976814270e-02 2.137522213160991669e-03 7.721894420683383942e-03 7.363114040344953537e-03 3.776981029659509659e-03 1.696734130382537842e-02 1.963717490434646606e-02 1.763533684425055981e-03 7.616938091814517975e-03 7.638925686478614807e-03 1.507370546460151672e-02 2.813564613461494446e-02 1.713369227945804596e-02 3.979691490530967712e-02 4.179427400231361389e-03 1.192805729806423187e-02
1.713592372834682465e-02 5.082477815449237823e-03 3.614697139710187912e-03 8.449608683586120605e-01 5.941626802086830139e-02 7.491236552596092224e-03 1.277836854569613934e-03 9.935550391674041748e-03 9.058276191353797913e-03 1.202312577515840530e-02 1.402045320719480515e-02 2.023228630423545837e-02 9.201105684041976929e-03 2.614210825413465500e-03 1.475006435066461563e-02 1.576976478099822998e-02 1.365030277520418167e-02 3.225778788328170776e-02 1.558240130543708801e-02 2.821161597967147827e-02 2.412491850554943085e-02 2.785256877541542053e-02 1.213155128061771393e-02 1.206496497616171837e-03 2.566360123455524445e-02 2.465438283979892731e-02 2.595878578722476959e-02 1.454821508377790451e-02 5.130877252668142319e-04 8.161251433193683624e-03 5.129532422870397568e-03 2.281155670061707497e-03 1.173659786581993103e-02 7.290227338671684265e-03 1.948451250791549683e-02 1.346280891448259354e-02 1.096105575561523438e-02 3.308342769742012024e-02 3.097593784332275391e-02 2.985112741589546204e-02 3.046947158873081207e-02 1.050891261547803879e-02 8.291894569993019104e-03 2.042739465832710266e-02 1.190222427248954773e-02 1.700989156961441040e-02 1.643324969336390495e-03 1.098996214568614960e-02 2.201350405812263489e-02 2.163100056350231171e-02 1.330574974417686462e-02 1.168240141123533249e-02 1.670020632445812225e-02 1.675042882561683655e-02 3.498781472444534302e-03 1.843998208642005920e-02 2.558775991201400757e-02 5.205977708101272583e-03 2.375659905374050140e-02 1.010780222713947296e-02 1.970591023564338684e-02 6.188529543578624725e-03 2.879480086266994476e-02 2.760298177599906921e-02 4.291484132409095764e-03 1.289043342694640160e-03 2.455822564661502838e-02 2.172164432704448700e-02 2.005785144865512848e-02 1.529971044510602951e-02 1.132613141089677811e-02 2.428099699318408966e-02 5.017856135964393616e-02 1.464622467756271362e-02 4.615242406725883484e-02 2.708899229764938354e-02 2.011239714920520782e-02 6.201567593961954117e-03 1.859025657176971436e-02 1.997797191143035889e-02 1.352562662214040756e-02 2.633065544068813324e-02 3.323429822921752930e-02 1.123897917568683624e-02 9.127189405262470245e-03 1.344160363078117371e-02 2.174672111868858337e-02 1.989488489925861359e-02 2.152816951274871826e-02 1.483910484239459038e-03 6.574572995305061340e-03 2.296005189418792725e-02 9.732778184115886688e-03 2.986091934144496918e-02 1.259331032633781433e-02 1.695356331765651703e-02 8.375702425837516785e-03 1.725208759307861328e-02 1.129310857504606247e-02 5.256030708551406860e-03 1.425836049020290375e-02 1.108811888843774796e-02 2.007679454982280731e-02 2.000719308853149414e-02 1.466529723256826401e-02 1.972917839884757996e-02 1.318266801536083221e-02 2.383192628622055054e-02 1.927348412573337555e-02 6.018168292939662933e-03 1.988239958882331848e-02 2.758141048252582550e-02 2.753066085278987885e-02 8.916886872611939907e-04 9.445499628782272339e-03 5.540390033274888992e-03
1.310650911182165146e-02 9.404505253769457340e-04 2.156787738204002380e-02 5.941626802086830139e-02 8.449608683586120605e-01 7.570853922516107559e-03 1.503253704868257046e-03 2.039774321019649506e-03 2.434257883578538895e-03 1.147278584539890289e-02 1.030179299414157867e-02 8.923932909965515137e-03 5.099773406982421875e-03 7.806067005731165409e-04 3.537362674251198769e-03 2.669069729745388031e-02 3.723367676138877869e-02 2.575772255659103394e-02 3.421706333756446838e-02 2.357820235192775726e-02 3.031465597450733185e-02 3.029050538316369057e-03 9.656467591412365437e-05 8.825152181088924408e-03 2.635343745350837708e-02 3.218926861882209778e-02 1.831923983991146088e-02 8.435967378318309784e-03 2.139288000762462616e-03 6.693293689750134945e-04 3.765863366425037384e-03 4.759954288601875305e-03 3.109619254246354103e-03 1.593037508428096771e-02 7.650648243725299835e-03 1.116886548697948456e-02 1.630920916795730591e-02 1.262450776994228363e-02 3.147459402680397034e-02 4.442910477519035339e-02 2.376656606793403625e-02 4.402425140142440796e-03 1.134442072361707687e-02 1.130847353488206863e-02 2.016924507915973663e-02 1.692935824394226074e-02 9.566311724483966827e-03 1.149205397814512253e-02 2.695522084832191467e-02 7.835678756237030029e-03 1.260778214782476425e-02 2.348802238702774048e-02 2.336350589757785201e-04 2.089673653244972229e-03 1.104317326098680496e-02 4.639881954062730074e-04 1.384826377034187317e-02 2.247174270451068878e-02 7.705701282247900963e-04 3.138396423310041428e-03 1.311503071337938309e-02 3.148141503334045410e-02 1.120815239846706390e-02 2.020206488668918610e-02 4.978414624929428101e-03 1.011034566909074783e-02 2.357786148786544800e-02 2.913202345371246338e-02 1.666530035436153412e-02 2.085091359913349152e-02 2.081110142171382904e-02 1.578189246356487274e-02 3.972519189119338989e-02 2.477361448109149933e-02 4.091592133045196533e-02 2.292277850210666656e-02 5.463377572596073151e-03 8.457388728857040405e-03 2.188633196055889130e-02 3.553285263478755951e-03 5.816703662276268005e-03 1.605056412518024445e-02 4.064626619219779968e-02 3.416058793663978577e-02 3.497195895761251450e-03 4.479433875530958176e-03 8.318582549691200256e-03 1.259017363190650940e-02 8.445054292678833008e-03 7.474478799849748611e-03 6.898771505802869797e-03 1.160445343703031540e-02 1.347345672547817230e-02 8.765027858316898346e-03 2.161873504519462585e-02 2.799405343830585480e-02 2.100766077637672424e-02 1.060699764639139175e-02 9.126937948167324066e-03 8.361916989088058472e-03 1.754749566316604614e-02 2.792844921350479126e-02 1.584906131029129028e-02 9.711060672998428345e-03 7.424005307257175446e-03 6.495877169072628021e-03 2.154182828962802887e-02 7.009585388004779816e-03 2.506837248802185059e-02 1.114844996482133865e-02 1.688807457685470581e-02 2.170499972999095917e-02 2.711810171604156494e-02 2.157987561076879501e-03 1.066570915281772614e-02 1.075882278382778168e-02
6.560587882995605469e-02 5.924037098884582520e-02 6.827222183346748352e-03 7.491236552596092224e-03 7.570853922516107559e-03 8.449608683586120605e-01 6.829546391963958740e-02 1.376113854348659515e-02 3.435065597295761108e-02 2.759334817528724670e-02 6.132047623395919800e-02 1.063482090830802917e-02 5.317091569304466248e-02 1.190107874572277069e-02 1.434243563562631607e-02 9.642878547310829163e-03 1.071812235750257969e-03 1.238595042377710342e-02 2.087766490876674652e-02 3.905539400875568390e-03 3.991021309047937393e-03 1.270789559930562973e-02 4.435654729604721069e-03 1.297762338072061539e-02 3.106782212853431702e-03 3.716847160831093788e-03 8.250880055129528046e-03 1.478043943643569946e-02 1.465889532119035721e-02 1.114393025636672974e-02 7.356339134275913239e-03 8.269060403108596802e-03 9.398549445904791355e-04 2.336840145289897919e-03 3.118700115010142326e-03 2.127258852124214172e-02 1.089911721646785736e-02 8.435125462710857391e-03 1.401491928845643997e-03 1.325433421880006790e-02 8.392540737986564636e-03 1.919088885188102722e-03 2.172338543459773064e-03 4.054177086800336838e-03 1.973964273929595947e-02 1.704332791268825531e-02 7.212428003549575806e-02 3.387976437807083130e-02 1.930123753845691681e-02 1.436865702271461487e-02 4.671945702284574509e-03 2.310898154973983765e-02 1.930716680362820625e-03 2.994518727064132690e-03 3.593387454748153687e-02 3.350671008229255676e-02 1.194021012634038925e-02 1.470839511603116989e-02 2.547150477766990662e-03 1.438853330910205841e-02 2.147011645138263702e-02 2.306041866540908813e-02 3.053936408832669258e-03 1.055363100022077560e-03 3.003123588860034943e-02 2.991121076047420502e-02 6.117005366832017899e-03 2.366404794156551361e-02 2.823868766427040100e-02 2.649030089378356934e-02 2.764267660677433014e-02 2.409997209906578064e-02 2.975737908855080605e-03 2.507974766194820404e-02 5.587054882198572159e-03 2.167975157499313354e-02 1.818955317139625549e-02 2.823032252490520477e-02 1.411096565425395966e-02 1.259405631572008133e-02 2.448033355176448822e-02 1.680657826364040375e-02 1.545730046927928925e-02 1.354892272502183914e-02 5.685495678335428238e-03 1.426116470247507095e-02 4.811836872249841690e-03 1.789599843323230743e-02 1.613399758934974670e-02 3.301626071333885193e-02 3.185154125094413757e-02 1.400208938866853714e-02 2.497479505836963654e-02 6.348628085106611252e-03 1.833242364227771759e-02 1.038485206663608551e-02 2.070787362754344940e-02 2.373933792114257812e-02 1.551518216729164124e-02 9.434491395950317383e-03 6.473751738667488098e-03 8.829429745674133301e-03 5.776272155344486237e-03 1.283923257142305374e-02 3.240130143240094185e-03 8.586549200117588043e-03 8.744161576032638550e-03 2.258732728660106659e-02 1.942193557624705136e-05 1.099658478051424026e-02 8.882489986717700958e-03 2.804038813337683678e-04 3.355900757014751434e-03 3.635783912613987923e-03 2.513840328902006149e-03 8.687160909175872803e-03
5.005649104714393616e-02 6.295131146907806396e-02 8.428130531683564186e-04 1.277836854569613934e-03 1.503253704868257046e-03 6.829546391963958740e-02 8.449608683586120605e-01 1.568740978837013245e-02 3.186932578682899475e-02 2.151984348893165588e-02 4.972495883703231812e-02 7.095767185091972351e-03 5.382977053523063660e-02 4.563411232084035873e-03 3.959985406254418194e-05 2.197470702230930328e-02 1.144598890095949173e-02 9.469371289014816284e-03 1.142191328108310699e-02 4.022757057100534439e-03 2.738329349085688591e-04 2.504553645849227905e-03 1.897810772061347961e-02 2.850623801350593567e-03 8.729287423193454742e-03 1.060456037521362305e-02 7.852951996028423309e-03 9.598937816917896271e-03 2.864871546626091003e-02 8.415754418820142746e-04 2.549395337700843811e-02 1.864799531176686287e-03 9.558410383760929108e-03 3.559600096195936203e-03 9.821284562349319458e-03 2.964180707931518555e-02 2.221524529159069061e-02 9.918526746332645416e-03 8.201239630579948425e-03 1.072224331437610090e-04 1.194201130419969559e-02 5.409381818026304245e-03 1.018084213137626648e-02 1.599580794572830200e-02 2.859638258814811707e-02 3.198389708995819092e-02 6.750554591417312622e-02 5.098718777298927307e-02 9.001819416880607605e-03 1.559528522193431854e-03 1.901699928566813469e-03 2.237200364470481873e-02 1.431823614984750748e-02 4.859046079218387604e-03 2.504021488130092621e-02 2.414166554808616638e-02 1.289597339928150177e-02 1.662342809140682220e-02 1.406355877406895161e-03 1.604204997420310974e-02 2.101614512503147125e-02 2.109171077609062195e-02 6.332809571176767349e-03 1.398028619587421417e-02 3.796828538179397583e-02 4.346700012683868408e-02 5.944606848061084747e-03 1.847543008625507355e-02 3.111522272229194641e-02 1.819691248238086700e-02 3.602482751011848450e-02 1.182752754539251328e-02 1.170585677027702332e-02 2.093537151813507080e-02 1.995503157377243042e-02 1.452195923775434494e-02 1.538067217916250229e-02 2.846913225948810577e-02 3.385466057807207108e-03 2.432483481243252754e-03 1.661804504692554474e-02 8.364354260265827179e-03 1.825485005974769592e-02 2.158414572477340698e-02 5.287452600896358490e-03 1.799058914184570312e-02 1.545625389553606510e-03 1.550718862563371658e-02 1.967891491949558258e-02 3.413378819823265076e-02 4.333044216036796570e-02 1.578367501497268677e-02 4.068343341350555420e-02 1.209868118166923523e-02 2.823599986732006073e-02 2.744374610483646393e-02 1.325509697198867798e-02 1.420714519917964935e-02 1.456457562744617462e-02 1.357163768261671066e-02 1.337068714201450348e-02 9.779030369827523828e-05 2.324997447431087494e-03 1.159595791250467300e-02 1.042778696864843369e-02 3.171164542436599731e-03 1.371080335229635239e-02 1.476859394460916519e-02 4.933624994009733200e-03 5.161561071872711182e-03 3.434357466176152229e-03 1.714197715045884252e-04 7.517271442338824272e-04 1.180110126733779907e-02 3.130913944914937019e-03 2.412699628621339798e-03
5.719565786421298981e-03 4.217675887048244476e-03 5.766911059617996216e-02 9.935550391674041748e-03 2.039774321019649506e-03 1.376113854348659515e-02 1.568740978837013245e-02 8.449608683586120605e-01 8.713365532457828522e-03 1.292130444198846817e-02 1.102518755942583084e-03 7.744376547634601593e-03 9.043850935995578766e-03 1.360849291086196899e-02 5.053280666470527649e-02 1.691316440701484680e-02 1.238009892404079437e-02 3.430153708904981613e-03 1.458444399759173393e-03 2.333312109112739563e-02 1.004510093480348587e-02 4.485780745744705200e-02 1.143389102071523666e-02 9.221280924975872040e-03 2.652388811111450195e-02 1.683238334953784943e-02 1.442079711705446243e-02 7.301002624444663525e-04 1.125623658299446106e-02 9.296457283198833466e-03 4.344972781836986542e-03 4.438700620085000992e-03 1.330039929598569870e-02 4.143500700592994690e-03 2.286845818161964417e-02 2.505473047494888306e-02 2.292283810675144196e-02 2.157475426793098450e-02 1.064930390566587448e-02 1.110576372593641281e-02 1.766265183687210083e-02 1.428681612014770508e-02 3.215714823454618454e-03 3.879381343722343445e-02 1.597827486693859100e-02 1.176521833986043930e-02 1.231827680021524429e-02 6.640572100877761841e-03 1.575815374962985516e-03 1.069109793752431870e-02 9.670292958617210388e-03 1.773087191395461559e-03 2.338909544050693512e-02 1.728807762265205383e-02 3.409891854971647263e-03 1.206819084472954273e-03 2.166488207876682281e-02 2.060345187783241272e-02 2.774420566856861115e-02 2.500789240002632141e-02 1.268724258989095688e-02 4.794701468199491501e-03 7.624574005603790283e-03 1.923958212137222290e-02 8.568689227104187012e-03 6.060069426894187927e-03 1.848713681101799011e-02 5.399527959525585175e-03 1.864145882427692413e-02 9.008301421999931335e-03 2.380281500518321991e-02 1.138176769018173218e-02 8.360760286450386047e-03 1.210478134453296661e-02 1.562289427965879440e-02 1.533475425094366074e-02 1.969501934945583344e-02 2.593434974551200867e-02 1.387044694274663925e-02 9.068226441740989685e-03 5.222135409712791443e-02 2.230204455554485321e-02 2.605628455057740211e-03 1.541035436093807220e-02 1.962534524500370026e-02 7.764017209410667419e-03 5.398504063487052917e-02 3.749682009220123291e-02 2.127227000892162323e-02 2.579324133694171906e-02 7.575757801532745361e-03 9.814912453293800354e-03 9.236495010554790497e-03 6.069701164960861206e-03 9.892235510051250458e-03 1.909838989377021790e-03 6.436244584619998932e-04 1.148950215429067612e-02 9.871936403214931488e-03 1.179369050078094006e-03 5.479319952428340912e-03 3.867690451443195343e-03 1.655836706049740314e-03 8.654020493850111961e-04 1.145956665277481079e-02 8.567177690565586090e-03 1.637499779462814331e-02 1.380859594792127609e-02 1.565936580300331116e-02 4.873303696513175964e-03 8.314748294651508331e-03 1.338192611001431942e-03 2.480050548911094666e-02 6.627877708524465561e-03 2.031537296716123819e-04 5.026313010603189468e-03
2.557948231697082520e-02 2.892694436013698578e-02 7.100658491253852844e-03 9.058276191353797913e-03 2.434257883578538895e-03 3.435065597295761108e-02 3.186932578682899475e-02 8.713365532457828522e-03 8.449608683586120605e-01 2.125188149511814117e-02 3.259544819593429565e-02 1.157292444258928299e-02 3.409935161471366882e-02 1.758010871708393097e-02 1.228528283536434174e-02 2.344349026679992676e-02 7.710496429353952408e-03 4.383420199155807495e-02 1.251077651977539062e-02 8.872984908521175385e-04 1.170480530709028244e-02 7.805110653862357140e-04 2.189257554709911346e-02 2.319820487173274159e-04 1.988955540582537651e-03 3.379636909812688828e-03 2.317923866212368011e-02 1.925615651998668909e-04 6.138076074421405792e-03 1.848432421684265137e-02 2.023892011493444443e-03 2.452092012390494347e-03 5.507980822585523129e-04 1.355864293873310089e-02 8.276930893771350384e-04 1.728937774896621704e-02 2.332753938389942050e-04 1.574589312076568604e-02 8.183297701179981232e-03 2.645461075007915497e-02 2.063212357461452484e-02 3.461422771215438843e-02 2.388685941696166992e-02 3.185046080034226179e-04 1.289733964949846268e-02 2.481196261942386627e-02 2.790480665862560272e-02 2.271212823688983917e-02 3.437891975045204163e-02 4.396873060613870621e-03 2.873147465288639069e-02 7.228683214634656906e-03 7.721921894699335098e-03 1.053396705538034439e-02 5.831571668386459351e-02 2.134817652404308319e-02 2.578414790332317352e-02 2.341090701520442963e-03 2.333007723791524768e-04 2.234580554068088531e-02 3.486581891775131226e-02 1.225049793720245361e-02 1.232554670423269272e-02 4.845412448048591614e-03 1.911316812038421631e-02 3.324190527200698853e-02 4.652868956327438354e-03 1.694929786026477814e-02 4.125581309199333191e-02 1.827446557581424713e-02 2.694510295987129211e-02 3.559529408812522888e-02 1.939206384122371674e-02 1.473307237029075623e-02 1.494011003524065018e-02 4.266138002276420593e-02 5.905650183558464050e-02 2.569902315735816956e-02 1.025492046028375626e-02 7.679402362555265427e-03 2.789649181067943573e-02 4.862165544182062149e-03 3.453604131937026978e-02 6.073714699596166611e-03 6.489673163741827011e-03 1.390641927719116211e-02 4.104518797248601913e-03 1.961754076182842255e-02 3.380312398076057434e-02 1.053330209106206894e-02 1.920413784682750702e-02 7.170616183429956436e-03 2.439448796212673187e-02 7.789322407916188240e-04 1.345616206526756287e-02 2.221175096929073334e-02 2.717155730351805687e-04 3.285196796059608459e-02 3.908155113458633423e-02 3.175522387027740479e-02 2.195227146148681641e-02 1.228740089572966099e-03 6.797535344958305359e-03 2.121699042618274689e-03 1.152305118739604950e-02 1.476936880499124527e-02 5.775308236479759216e-03 3.011979162693023682e-02 7.792306598275899887e-03 2.477074228227138519e-02 1.273524947464466095e-02 1.802755519747734070e-02 1.620241440832614899e-02 3.207270056009292603e-03 8.940247818827629089e-03 3.331666113808751106e-03
3.327674046158790588e-02 3.169218823313713074e-02 1.235913019627332687e-02 1.202312577515840530e-02 1.147278584539890289e-02 2.759334817528724670e-02 2.151984348893165588e-02 1.292130444198846817e-02 2.125188149511814117e-02 8.449608683586120605e-01 2.491069771349430084e-02 1.683193258941173553e-02 2.359096892178058624e-02 1.229540072381496429e-02 3.920352086424827576e-03 4.903311841189861298e-03 2.644880861043930054e-02 1.513703912496566772e-02 6.775364279747009277e-02 4.038583487272262573e-03 8.808794431388378143e-03 1.544665638357400894e-02 1.010592188686132431e-02 1.520064007490873337e-02 7.152391131967306137e-03 1.648611854761838913e-03 1.986908353865146637e-02 2.223970182240009308e-02 3.316503250971436501e-03 2.072538994252681732e-02 2.191358059644699097e-02 1.045770011842250824e-02 2.075465768575668335e-02 3.333470970392227173e-02 5.507155321538448334e-03 1.596152223646640778e-02 2.202829346060752869e-02 2.507557393983006477e-03 3.073582891374826431e-03 1.125063048675656319e-03 1.597316935658454895e-03 2.510970924049615860e-03 2.640772610902786255e-02 1.003177277743816376e-02 4.440381191670894623e-03 1.253995206207036972e-02 6.008021533489227295e-03 8.722062222659587860e-03 1.372256875038146973e-02 3.804539889097213745e-02 1.763125997968018055e-03 1.254961360245943069e-02 7.254460360854864120e-03 2.165253972634673119e-03 1.134783495217561722e-02 5.261813104152679443e-02 2.300107106566429138e-02 3.210388123989105225e-02 1.159987505525350571e-02 8.651264361105859280e-04 7.796647492796182632e-03 5.054837837815284729e-02 1.850613765418529510e-02 1.318359654396772385e-02 1.505978684872388840e-02 1.708592660725116730e-02 3.747131908312439919e-03 1.214508898556232452e-02 4.982650745660066605e-03 3.389122337102890015e-02 3.179561346769332886e-02 1.670495141297578812e-03 7.569835521280765533e-03 3.498121723532676697e-02 3.264680271968245506e-03 6.402131170034408569e-03 5.007332190871238708e-03 7.028876990079879761e-02 2.394675090909004211e-02 5.073874071240425110e-02 1.171217113733291626e-02 8.199350908398628235e-03 3.411548584699630737e-02 5.669601261615753174e-02 3.883532248437404633e-03 2.418220788240432739e-02 7.482070010155439377e-03 2.450695261359214783e-03 1.020674221217632294e-02 3.718651086091995239e-02 6.659039761871099472e-03 2.991544082760810852e-03 1.284386403858661652e-02 7.468777243047952652e-03 1.361299864947795868e-02 1.252450700849294662e-02 3.537821397185325623e-02 1.423011440783739090e-02 1.110395882278680801e-02 2.093544974923133850e-02 1.008674316108226776e-02 1.602804102003574371e-02 1.331101357936859131e-02 3.016872098669409752e-03 8.032780140638351440e-03 1.209701970219612122e-02 1.514115184545516968e-02 1.398554258048534393e-02 2.039049379527568817e-02 1.237513776868581772e-02 1.040933420881628990e-03 8.742088451981544495e-03 1.172273326665163040e-02 9.432638064026832581e-03 1.475535985082387924e-02 2.329057641327381134e-02
7.018008083105087280e-02 6.277946382761001587e-02 7.553892675787210464e-03 1.402045320719480515e-02 1.030179299414157867e-02 6.132047623395919800e-02 4.972495883703231812e-02 1.102518755942583084e-03 3.259544819593429565e-02 2.491069771349430084e-02 8.449608683586120605e-01 4.751960746943950653e-03 7.237318903207778931e-02 4.196636844426393509e-03 3.084977902472019196e-02 1.539004035294055939e-02 1.109458785504102707e-02 4.478972870856523514e-03 1.454176194965839386e-02 1.769195124506950378e-02 1.553363539278507233e-02 2.749548107385635376e-02 1.291011832654476166e-02 2.022029599174857140e-03 8.417505770921707153e-03 3.445784794166684151e-03 4.633092321455478668e-03 1.698480802588164806e-03 2.920481190085411072e-02 5.026031285524368286e-03 1.772351749241352081e-02 1.100107934325933456e-02 1.087957806885242462e-02 5.326657555997371674e-03 3.310165600851178169e-03 1.021638978272676468e-02 1.775610144250094891e-04 7.173084188252687454e-03 3.091818187385797501e-03 2.094380185008049011e-02 6.522138603031635284e-03 3.642014926299452782e-03 4.577557090669870377e-03 5.528473760932683945e-03 1.469054725021123886e-02 8.462074212729930878e-03 5.372835695743560791e-02 2.881789393723011017e-02 1.637491211295127869e-02 1.670235209167003632e-02 1.969164051115512848e-02 6.070408271625638008e-04 1.084069814532995224e-02 3.372018225491046906e-03 2.670983783900737762e-02 3.508301079273223877e-02 9.129391051828861237e-03 9.856997989118099213e-03 1.135326921939849854e-02 1.842743717133998871e-02 1.971318386495113373e-02 1.931981742382049561e-02 2.414546441286802292e-03 2.674028044566512108e-03 4.855592921376228333e-02 4.184016585350036621e-02 1.664788089692592621e-02 2.476091682910919189e-02 2.763647027313709259e-02 1.093423273414373398e-02 2.376004867255687714e-02 1.112978532910346985e-02 5.318318959325551987e-03 1.131271943449974060e-02 2.494361717253923416e-03 9.493825957179069519e-03 1.421620044857263565e-02 1.938264071941375732e-02 1.399759761989116669e-02 1.665097661316394806e-02 1.488794106990098953e-02 2.394081093370914459e-03 7.619225420057773590e-03 4.579349886626005173e-03 1.313599664717912674e-02 1.076995581388473511e-02 2.007775567471981049e-02 3.570290654897689819e-02 1.647822186350822449e-02 2.516478300094604492e-02 3.268784284591674805e-02 2.653782069683074951e-02 2.102393843233585358e-02 2.469415962696075439e-02 1.835294812917709351e-02 1.549176964908838272e-02 1.586625166237354279e-02 8.298065513372421265e-03 2.159694768488407135e-02 2.538335137069225311e-02 3.720357548445463181e-03 1.052220538258552551e-02 1.331610023044049740e-03 3.037481292267329991e-05 1.124164205975830555e-03 1.492429617792367935e-02 7.816648110747337341e-03 1.231040526181459427e-02 3.580429591238498688e-03 1.743989298120141029e-03 2.126271463930606842e-02 3.131340781692415476e-04 1.348721911199390888e-03 2.018740400671958923e-03 4.352580755949020386e-03 3.978574241045862436e-04
8.002247661352157593e-03 2.065244363620877266e-03 4.550985526293516159e-03 2.023228630423545837e-02 8.923932909965515137e-03 1.063482090830802917e-02 7.095767185091972351e-03 7.744376547634601593e-03 1.157292444258928299e-02 1.683193258941173553e-02 4.751960746943950653e-03 8.449608683586120605e-01 1.016366481781005859e-02 5.748082697391510010e-02 2.124100551009178162e-02 2.655559219419956207e-02 1.866148039698600769e-02 1.480591949075460434e-03 1.489576604217290878e-02 2.498949505388736725e-02 3.180617000907659531e-03 2.771828137338161469e-02 4.637911915779113770e-02 3.640082851052284241e-02 1.790208183228969574e-02 2.833894081413745880e-02 1.222117221914231777e-03 5.676109343767166138e-02 3.867245092988014221e-02 5.467985942959785461e-02 3.722083941102027893e-02 8.593958802521228790e-03 2.663022838532924652e-02 6.333279307000339031e-04 2.522604353725910187e-02 1.972693018615245819e-03 3.228248795494437218e-03 2.351591363549232483e-02 1.928260084241628647e-03 5.950918421149253845e-03 1.279233768582344055e-02 2.315281890332698822e-03 2.101594209671020508e-02 2.700906433165073395e-02 1.832527294754981995e-02 2.913786284625530243e-02 9.656032547354698181e-03 3.380022570490837097e-02 1.810763776302337646e-02 3.851689770817756653e-02 6.312756799161434174e-03 3.264754544943571091e-03 1.626585237681865692e-02 5.414365790784358978e-03 8.567654527723789215e-03 1.372582931071519852e-02 2.460202760994434357e-02 1.613985560834407806e-02 2.694116905331611633e-02 5.302288569509983063e-03 7.472932338714599609e-04 9.922059252858161926e-03 3.484774753451347351e-02 3.019278496503829956e-02 2.047545649111270905e-02 3.221794962882995605e-02 1.858249492943286896e-02 3.532128175720572472e-03 1.660200580954551697e-02 1.726424135267734528e-02 1.821623183786869049e-02 2.754907822236418724e-03 3.123771399259567261e-02 6.613064091652631760e-03 2.784010209143161774e-02 7.521974854171276093e-03 1.346380636096000671e-02 3.753527067601680756e-03 2.383224666118621826e-02 3.131102770566940308e-02 1.109349634498357773e-02 3.328833263367414474e-03 9.799751453101634979e-03 4.405681975185871124e-03 1.789727434515953064e-02 2.536557056009769440e-02 7.477851584553718567e-03 3.221115330234169960e-03 3.629174828529357910e-02 2.321918122470378876e-02 2.920188009738922119e-02 1.643514446914196014e-02 3.677181527018547058e-02 4.303697030991315842e-03 7.809265051037073135e-03 6.800751667469739914e-03 1.807621680200099945e-02 7.236617617309093475e-03 1.232485380023717880e-02 2.151205018162727356e-02 1.470915856771171093e-03 1.043459679931402206e-02 1.322752051055431366e-02 9.407501667737960815e-03 9.504829649813473225e-04 5.408254917711019516e-03 2.659798134118318558e-03 1.207648124545812607e-02 5.435125436633825302e-03 3.399696201086044312e-02 4.027820192277431488e-03 7.989745587110519409e-03 1.154573727399110794e-02 2.988105081021785736e-02 2.892213873565196991e-02 2.892912738025188446e-02
6.135418638586997986e-02 6.894389539957046509e-02 2.661049738526344299e-02 9.201105684041976929e-03 5.099773406982421875e-03 5.317091569304466248e-02 5.382977053523063660e-02 9.043850935995578766e-03 3.409935161471366882e-02 2.359096892178058624e-02 7.237318903207778931e-02 1.016366481781005859e-02 8.449608683586120605e-01 3.318309900350868702e-04 3.132483363151550293e-02 2.088338509202003479e-02 1.900586113333702087e-02 2.157341456040740013e-03 7.796225138008594513e-03 1.419217512011528015e-02 1.446600817143917084e-02 2.817448973655700684e-02 1.267704274505376816e-02 6.294026505202054977e-03 1.029521133750677109e-02 7.235084660351276398e-03 3.366803051903843880e-03 2.938883844763040543e-03 2.584336325526237488e-02 7.307451684027910233e-03 2.421915158629417419e-02 6.460290867835283279e-03 8.250190876424312592e-03 5.136486608535051346e-03 8.996522956294938922e-05 9.325451217591762543e-03 1.741163549013435841e-03 5.532033741474151611e-03 7.579174358397722244e-03 1.717954501509666443e-02 7.258871104568243027e-03 3.259338904172182083e-03 3.277503652498126030e-03 9.031032212078571320e-03 1.851698383688926697e-02 1.907538622617721558e-02 4.683645442128181458e-02 3.917473182082176208e-02 1.736246421933174133e-02 8.783336728811264038e-03 9.896949864923954010e-03 3.051372477784752846e-03 1.030013710260391235e-02 4.424626473337411880e-03 2.682079747319221497e-02 3.011807799339294434e-02 1.051367167383432388e-02 1.057939697057008743e-02 1.301760505884885788e-02 2.631998620927333832e-02 2.086725831031799316e-02 1.978173479437828064e-02 5.362153518944978714e-03 6.645389832556247711e-03 4.644019156694412231e-02 5.048448219895362854e-02 1.230922807008028030e-02 2.012887038290500641e-02 2.920400351285934448e-02 1.240770798176527023e-02 2.809504792094230652e-02 8.117879740893840790e-03 1.391031779348850250e-03 1.303475722670555115e-02 1.869383850134909153e-04 1.027701515704393387e-02 1.629213988780975342e-02 2.195184119045734406e-02 5.816695746034383774e-03 3.637238405644893646e-03 4.918859805911779404e-03 3.098926274105906487e-03 1.129247993230819702e-02 1.154168322682380676e-02 3.724741516634821892e-03 1.282189786434173584e-02 2.255130559206008911e-02 3.752819076180458069e-02 1.648239791393280029e-02 1.730425283312797546e-02 3.428360819816589355e-02 2.626556903123855591e-02 3.017965331673622131e-02 2.731036394834518433e-02 2.498546615242958069e-02 2.192984521389007568e-02 1.098677515983581543e-02 1.176689658313989639e-02 2.001669071614742279e-02 2.470447495579719543e-02 1.332399714738130569e-02 4.570441320538520813e-03 1.892197644338011742e-03 3.576683346182107925e-03 2.528416924178600311e-03 9.778114035725593567e-03 1.462240517139434814e-02 1.126496307551860809e-02 6.053219083696603775e-03 1.127123367041349411e-02 2.561096288263797760e-02 2.012619050219655037e-03 5.807559005916118622e-03 9.019875898957252502e-03 1.421244442462921143e-02 3.139870939776301384e-03
