8.301211595535278320e-01 5.284705385565757751e-02 2.441666787490248680e-03 1.530745648778975010e-03 1.468894071877002716e-02 3.858048841357231140e-02 6.775068584829568863e-03 1.552733592689037323e-02 7.417841814458370209e-03 2.601417154073715210e-02 5.471196398138999939e-02 3.573044901713728905e-03 4.365200176835060120e-02 1.660630665719509125e-02 3.382899612188339233e-02 7.035410031676292419e-03 1.222112961113452911e-02 2.089543454349040985e-02 3.117079380899667740e-03 1.140031684190034866e-02 5.003662779927253723e-03 1.781973429024219513e-02 6.315794307738542557e-03 1.490564923733472824e-02 2.585732005536556244e-02 3.533227369189262390e-02 2.249023411422967911e-03 7.924307137727737427e-03 3.176058456301689148e-02 5.165995564311742783e-03 1.775349676609039307e-02 1.672278344631195068e-02 1.911722589284181595e-03 2.168644778430461884e-02 2.020588144659996033e-02 4.082124680280685425e-02 3.971866145730018616e-02 3.408214543014764786e-03 3.071104874834418297e-03 4.326025955379009247e-03 1.484642736613750458e-02 1.573719433508813381e-03 9.272759780287742615e-03 2.895632758736610413e-02 1.841207779943943024e-02 6.595815997570753098e-03 3.194229677319526672e-02 2.007306553423404694e-02 3.046147152781486511e-02 2.820277772843837738e-02 3.527191467583179474e-03 1.256063673645257950e-02 1.918696425855159760e-02 1.012682169675827026e-02 1.027461793273687363e-02 2.532829530537128448e-02 3.195273131132125854e-02 3.156390786170959473e-02 5.125848110765218735e-04 3.044639714062213898e-02 1.637663319706916809e-02 9.706391021609306335e-03 4.789385944604873657e-03 1.279600802809000015e-02 3.106876648962497711e-02 2.581346407532691956e-02 9.533277712762355804e-03 1.418489869683980942e-02 1.299354247748851776e-02 2.283833734691143036e-02 3.824506653472781181e-03 3.242006152868270874e-02 1.528251823037862778e-02 3.606870770454406738e-03 3.081700298935174942e-03 3.128063306212425232e-02 9.789232164621353149e-03 8.418892510235309601e-03 1.591167785227298737e-02 1.380054373294115067e-02 1.297322940081357956e-02 1.415319833904504776e-02 8.044478483498096466e-03 1.141094136983156204e-02 3.745754063129425049e-02 3.014697879552841187e-02 3.095321357250213623e-02 3.039289265871047974e-02 4.542558453977108002e-03 1.136716641485691071e-02 2.652663923799991608e-02 3.466083109378814697e-02 1.676671393215656281e-02 3.558145463466644287e-02 1.919515058398246765e-02 1.885463111102581024e-02 7.550458889454603195e-03 1.915064826607704163e-02 3.254221286624670029e-03 1.321234181523323059e-02 2.399066695943474770e-03 7.403187337331473827e-04 7.361907511949539185e-03 2.212108671665191650e-02 1.563161797821521759e-02 3.784664440900087357e-03 1.877425797283649445e-02 6.001647096127271652e-03 3.661059588193893433e-02 6.631890311837196350e-03 1.654363982379436493e-02 1.769093051552772522e-02 9.222608059644699097e-03 5.972719751298427582e-03 2.590521797537803650e-02 2.215578593313694000e-02
5.284705385565757751e-02 8.301211595535278320e-01 1.895431242883205414e-02 1.821415498852729797e-02 2.136683277785778046e-02 3.543764725327491760e-02 5.714065954089164734e-02 3.038064576685428619e-03 7.609783671796321869e-03 9.207786060869693756e-03 3.796791657805442810e-02 1.991707086563110352e-02 6.125706434249877930e-02 7.825857028365135193e-03 9.798266924917697906e-03 8.547441102564334869e-03 6.696667987853288651e-03 1.783168874680995941e-02 1.842641620896756649e-03 1.240208745002746582e-02 6.631914526224136353e-03 1.382677815854549408e-02 7.269040215760469437e-03 1.163148880004882812e-02 7.783367764204740524e-03 1.630998216569423676e-02 3.869066946208477020e-03 8.023496717214584351e-03 3.095783665776252747e-02 1.136139873415231705e-02 3.581108897924423218e-02 2.407397329807281494e-02 2.828059252351522446e-03 1.828506216406822205e-02 1.424511335790157318e-02 3.234015405178070068e-02 2.229283004999160767e-02 1.293997373431921005e-02 1.919475197792053223e-02 2.135443128645420074e-02 1.374288648366928101e-02 2.591662341728806496e-03 3.603004617616534233e-03 1.718497835099697113e-02 1.862226426601409912e-02 3.305436810478568077e-03 2.678346075117588043e-02 4.103928804397583008e-02 2.528815902769565582e-02 3.033002838492393494e-02 1.868014223873615265e-02 2.538339048624038696e-02 3.125181794166564941e-02 4.015620797872543335e-03 1.614400185644626617e-02 2.397820167243480682e-02 2.807956375181674957e-02 2.229573018848896027e-02 5.523206666111946106e-03 2.896496653556823730e-02 2.090796595439314842e-03 2.006611227989196777e-02 1.524519058875739574e-03 1.209043525159358978e-02 3.032904490828514099e-02 3.880092501640319824e-02 8.620690205134451389e-04 4.522506787907332182e-04 1.164687424898147583e-02 1.430975273251533508e-02 1.534733641892671585e-02 3.851290792226791382e-03 1.511143799871206284e-02 6.465618964284658432e-03 1.066989824175834656e-02 1.553726760903373361e-04 1.342779584228992462e-02 9.215847589075565338e-03 4.990682937204837799e-03 5.315985996276140213e-03 1.072627119719982147e-02 3.356544068083167076e-03 1.267355214804410934e-02 1.865597628057003021e-02 8.729585446417331696e-03 6.583351641893386841e-03 1.447521429508924484e-02 2.153873816132545471e-02 5.006471648812294006e-03 1.499423757195472717e-02 1.963798515498638153e-02 3.327955678105354309e-02 2.267539501190185547e-02 4.146248847246170044e-02 9.281980805099010468e-03 5.973845720291137695e-03 3.357508452609181404e-03 1.038793101906776428e-02 1.006678305566310883e-02 9.352250024676322937e-03 6.774901412427425385e-03 1.067224517464637756e-02 1.830367371439933777e-02 3.241613041609525681e-03 6.175163667649030685e-03 1.907861907966434956e-03 8.106634020805358887e-03 3.397633787244558334e-03 2.040178142488002777e-02 2.033902565017342567e-03 1.633342728018760681e-02 1.686027855612337589e-03 3.322358475998044014e-03 2.463465323671698570e-03 2.234960347414016724e-02 1.357385888695716858e-02
2.441666787490248680e-03 1.895431242883205414e-02 8.301211595535278320e-01 3.592752153053879738e-03 1.612651161849498749e-02 6.115244701504707336e-03 1.758931390941143036e-02 6.239115074276924133e-02 2.168783359229564667e-02 1.141721755266189575e-02 1.014161016792058945e-02 4.924464970827102661e-03 1.669200323522090912e-02 1.425733324140310287e-03 1.789912395179271698e-02 3.894596826285123825e-03 1.459312438964843750e-02 3.148039802908897400e-02 1.652871258556842804e-02 3.251800953876227140e-04 3.110132180154323578e-03 2.401733212172985077e-02 1.707054558210074902e-03 7.837559096515178680e-03 9.289955720305442810e-03 5.923178978264331818e-03 8.643356151878833771e-03 1.248996611684560776e-02 1.267602480947971344e-02 1.981949433684349060e-03 9.915892034769058228e-03 6.620436906814575195e-03 2.435093559324741364e-02 1.688789692707359791e-03 5.591145716607570648e-03 6.440645549446344376e-03 1.801405916921794415e-03 7.390898652374744415e-03 1.282075792551040649e-02 2.117378264665603638e-02 2.710198750719428062e-03 1.390410773456096649e-02 2.752389013767242432e-02 1.045052614063024521e-02 2.060299925506114960e-02 2.452389523386955261e-02 1.911857514642179012e-03 4.047234542667865753e-03 1.720771193504333496e-02 8.343189023435115814e-03 3.407594189047813416e-02 4.937994480133056641e-02 1.560966111719608307e-02 9.436566382646560669e-03 3.158545866608619690e-02 8.172619156539440155e-03 1.820023171603679657e-02 1.412907615303993225e-02 2.542375959455966949e-02 1.444103382527828217e-02 2.487244270741939545e-02 2.279068529605865479e-02 2.169708535075187683e-02 1.038819458335638046e-02 1.844642870128154755e-02 1.144873443990945816e-03 1.064311806112527847e-02 3.318252740427851677e-03 1.698193140327930450e-02 8.836912922561168671e-03 8.349840063601732254e-04 2.168195880949497223e-02 7.787794340401887894e-03 6.097673438489437103e-03 6.683089304715394974e-03 2.151252515614032745e-02 3.883121069520711899e-03 1.032799202948808670e-02 2.630324847996234894e-02 3.325594589114189148e-02 4.897074401378631592e-02 1.602963358163833618e-02 1.313082687556743622e-02 2.150152437388896942e-02 6.226617842912673950e-03 6.125058047473430634e-03 1.700344868004322052e-02 1.625071465969085693e-02 6.542135030031204224e-03 1.298600062727928162e-02 2.033641003072261810e-02 7.639391813427209854e-03 4.682619764935225248e-04 1.218769792467355728e-02 8.999474346637725830e-03 1.089907810091972351e-02 2.345371618866920471e-02 6.455347873270511627e-03 5.576708354055881500e-03 2.180013619363307953e-02 1.034813746809959412e-02 4.783269483596086502e-03 9.538723155856132507e-03 5.037004593759775162e-03 1.189151313155889511e-02 1.894210837781429291e-02 3.715075319632887840e-03 2.637353539466857910e-02 8.800290524959564209e-03 7.390778628177940845e-04 9.758351952768862247e-04 1.964815892279148102e-02 3.694478794932365417e-02 3.494720160961151123e-02 9.919038042426109314e-03 4.319646861404180527e-03
1.530745648778975010e-03 1.821415498852729797e-02 3.592752153053879738e-03 8.301211595535278320e-01 4.152944311499595642e-02 7.205650676041841507e-03 1.036800723522901535e-02 1.867433451116085052e-02 2.359502390027046204e-02 1.544328033924102783e-02 6.284124217927455902e-03 4.042369779199361801e-03 6.357606034725904465e-03 7.341359741985797882e-03 6.846595089882612228e-03 3.029480949044227600e-02 1.667667366564273834e-02 1.511043123900890350e-02 2.758392074611037970e-04 7.218089303933084011e-04 1.676072180271148682e-02 2.328464016318321228e-02 6.769618485122919083e-03 1.569650135934352875e-02 1.128846406936645508e-02 1.488099247217178345e-02 2.222766354680061340e-02 7.618999108672142029e-03 9.737945161759853363e-03 1.257453579455614090e-03 7.582443300634622574e-03 1.500663720071315765e-02 1.938795857131481171e-02 3.016000147908926010e-03 1.278688479214906693e-02 1.157166808843612671e-02 1.253589522093534470e-02 8.316448889672756195e-03 4.822979494929313660e-02 2.623369544744491577e-02 3.893548389896750450e-03 4.157957807183265686e-02 2.888626605272293091e-02 5.142585723660886288e-04 1.579937757924199104e-03 1.066510565578937531e-02 5.880112294107675552e-03 2.603152766823768616e-03 1.373161002993583679e-02 1.164695527404546738e-02 3.037007525563240051e-02 2.004906721413135529e-02 3.334911912679672241e-02 2.307406440377235413e-02 3.135431930422782898e-02 1.086442545056343079e-02 2.336976118385791779e-02 7.719262037426233292e-03 3.453021496534347534e-02 1.067640166729688644e-02 3.721919655799865723e-02 3.187673911452293396e-02 2.598141320049762726e-02 1.160490233451128006e-02 6.704851519316434860e-03 6.492320448160171509e-03 3.204763634130358696e-03 1.544338464736938477e-02 4.106586053967475891e-02 1.127666514366865158e-02 3.806551545858383179e-02 8.985102176666259766e-03 6.538513302803039551e-02 3.846770850941538811e-03 5.176911875605583191e-02 1.659910567104816437e-02 4.030228406190872192e-02 2.288764528930187225e-02 9.926915168762207031e-03 1.900786347687244415e-02 3.003377467393875122e-03 7.269358262419700623e-03 4.987110942602157593e-02 1.370604243129491806e-02 2.390997856855392456e-02 2.205570042133331299e-02 5.680609494447708130e-03 1.170269586145877838e-02 3.428722498938441277e-03 1.462574861943721771e-02 4.677489399909973145e-03 1.129091437906026840e-02 3.955577500164508820e-03 1.734798029065132141e-02 3.084545023739337921e-02 1.410657633095979691e-02 8.223141543567180634e-03 2.016789279878139496e-02 3.522852063179016113e-02 2.696791850030422211e-02 1.461227331310510635e-02 1.482292450964450836e-02 1.200202107429504395e-02 4.001607652753591537e-03 7.332420907914638519e-03 6.410183850675821304e-03 3.356800647452473640e-03 1.327607687562704086e-02 7.649790029972791672e-03 4.106635227799415588e-03 7.825897075235843658e-03 1.739950105547904968e-02 2.284554019570350647e-02 8.445937186479568481e-03 1.795747317373752594e-02 3.997184336185455322e-03
1.468894071877002716e-02 2.136683277785778046e-02 1.612651161849498749e-02 4.152944311499595642e-02 8.301211595535278320e-01 6.910138763487339020e-03 1.847022399306297302e-02 3.934799227863550186e-03 2.543414011597633362e-02 3.868133947253227234e-02 8.075588382780551910e-03 6.968628149479627609e-03 2.589618600904941559e-02 1.134904846549034119e-02 4.550420213490724564e-03 3.147634491324424744e-02 3.081610053777694702e-02 1.158414501696825027e-02 4.344411939382553101e-02 1.449812110513448715e-02 1.849634572863578796e-02 2.544411225244402885e-03 1.698925532400608063e-02 1.917783357203006744e-02 2.299389801919460297e-03 7.712712045758962631e-03 1.067640725523233414e-02 1.157616823911666870e-02 5.591228138655424118e-03 1.102113537490367889e-02 9.712128899991512299e-03 2.408938854932785034e-02 4.038582555949687958e-03 1.542692631483078003e-02 1.251895260065793991e-02 9.441100992262363434e-03 3.804178908467292786e-03 6.352730561047792435e-03 1.494956295937299728e-02 5.098546668887138367e-02 3.259044140577316284e-03 2.955814125016331673e-03 8.861762471497058868e-03 8.911726996302604675e-03 1.190815493464469910e-02 1.179910358041524887e-02 7.658310234546661377e-03 1.502948533743619919e-02 2.005832083523273468e-02 2.311658300459384918e-02 8.027416653931140900e-03 1.925742812454700470e-02 6.905142217874526978e-03 9.606148116290569305e-03 2.538027986884117126e-02 3.026242367923259735e-02 2.723235264420509338e-02 1.556350477039813995e-02 1.350703556090593338e-02 1.051111426204442978e-02 2.369844168424606323e-02 4.630685970187187195e-02 1.130730193108320236e-02 2.045913599431514740e-02 6.317642983049154282e-03 9.562287479639053345e-03 6.576448213309049606e-03 9.393629617989063263e-03 3.342624381184577942e-02 9.080450399778783321e-04 4.821882024407386780e-02 7.947800680994987488e-03 2.698179706931114197e-02 2.125666796928271651e-04 4.711893573403358459e-02 5.692344624549150467e-03 1.749633997678756714e-02 2.906011603772640228e-02 7.174921483965590596e-05 3.960814327001571655e-03 1.611532643437385559e-02 1.417517755180597305e-02 1.520070061087608337e-02 4.808618128299713135e-02 7.992683677002787590e-04 9.823427535593509674e-03 9.282875806093215942e-03 9.263461455702781677e-03 1.754067465662956238e-02 3.330771252512931824e-02 7.322400808334350586e-03 4.258031025528907776e-03 5.629769526422023773e-03 1.923618465662002563e-02 8.918567560613155365e-03 2.111619338393211365e-02 2.496271766722202301e-02 1.362319104373455048e-02 8.940916508436203003e-03 7.393584586679935455e-03 1.926937699317932129e-02 2.795986831188201904e-02 1.602050848305225372e-02 1.936365617439150810e-03 1.996521279215812683e-02 3.838146105408668518e-03 8.883044123649597168e-03 1.724675856530666351e-02 1.590566942468285561e-03 5.400603637099266052e-03 1.859190524555742741e-03 1.444546040147542953e-02 1.141027640551328659e-02 1.343292556703090668e-02 1.419413648545742035e-02 1.126426644623279572e-02
3.858048841357231140e-02 3.543764725327491760e-02 6.115244701504707336e-03 7.205650676041841507e-03 6.910138763487339020e-03 8.301211595535278320e-01 5.073906481266021729e-02 6.165185477584600449e-03 2.062862366437911987e-02 6.470879539847373962e-03 1.950352266430854797e-02 2.764250151813030243e-02 2.460794150829315186e-02 1.432755030691623688e-02 1.740236580371856689e-02 9.587162174284458160e-03 5.482489243149757385e-03 3.351980447769165039e-02 6.038513034582138062e-03 1.806093752384185791e-02 7.940678857266902924e-03 7.453571073710918427e-03 2.465203776955604553e-02 1.015528570860624313e-02 1.526009384542703629e-02 2.218236587941646576e-02 2.160447277128696442e-02 1.876984350383281708e-02 4.687787964940071106e-03 6.998793687671422958e-03 8.814181783236563206e-04 1.994000561535358429e-02 1.298622973263263702e-02 1.770468428730964661e-02 2.534046396613121033e-02 1.847025938332080841e-02 1.174433249980211258e-02 3.091209335252642632e-03 6.420150399208068848e-03 1.792511087842285633e-03 2.414825372397899628e-02 6.178216077387332916e-03 4.296237137168645859e-03 1.148593984544277191e-02 1.803134754300117493e-02 1.814038143493235111e-03 3.053910098969936371e-02 1.053677219897508621e-02 1.294571557082235813e-03 2.802164293825626373e-02 1.748468726873397827e-02 1.522619090974330902e-02 1.761667244136333466e-02 6.085515953600406647e-03 1.269124634563922882e-02 1.799496635794639587e-02 7.644689641892910004e-03 3.162109106779098511e-02 1.377734704874455929e-03 3.909505903720855713e-03 9.121059440076351166e-03 1.732061617076396942e-02 5.713698454201221466e-03 1.614213176071643829e-02 5.657044239342212677e-03 9.369555860757827759e-03 3.504151245579123497e-03 3.238751785829663277e-03 8.220496587455272675e-03 1.829979941248893738e-02 4.743760451674461365e-03 1.957734674215316772e-02 3.444656962528824806e-03 2.747974358499050140e-02 8.859061636030673981e-03 1.221482921391725540e-02 1.536184363067150116e-02 4.442126490175724030e-03 7.413621991872787476e-03 2.723384532146155834e-04 4.150952678173780441e-03 1.865405775606632233e-02 6.664320826530456543e-03 9.362831711769104004e-03 1.067747920751571655e-02 7.755716796964406967e-03 1.074843574315309525e-02 3.697381168603897095e-02 2.323906123638153076e-02 6.158221047371625900e-03 1.749742659740149975e-03 3.001718409359455109e-02 2.845582552254199982e-03 2.619487605988979340e-02 6.708708126097917557e-03 9.953990578651428223e-03 1.027164515107870102e-02 7.307334803044795990e-03 1.139728911221027374e-02 7.169065531343221664e-03 7.634945213794708252e-03 5.058040376752614975e-03 2.904351428151130676e-02 7.989310659468173981e-03 6.200173404067754745e-03 9.489373303949832916e-03 2.398101147264242172e-03 2.340096794068813324e-02 2.015405893325805664e-02 1.408102642744779587e-02 1.342733576893806458e-02 1.255363970994949341e-02 3.117042826488614082e-03 1.678089727647602558e-03 2.166671305894851685e-02 1.123306527733802795e-02
6.775068584829568863e-03 5.714065954089164734e-02 1.758931390941143036e-02 1.036800723522901535e-02 1.847022399306297302e-02 5.073906481266021729e-02 8.301211595535278320e-01 6.739714182913303375e-03 1.347677083685994148e-03 9.095375426113605499e-03 1.590648666024208069e-02 4.468322265893220901e-03 4.344329237937927246e-02 1.581646129488945007e-02 1.884370855987071991e-02 1.698373444378376007e-02 2.632649429142475128e-02 1.267106831073760986e-02 6.360678933560848236e-03 8.928257040679454803e-03 3.842265810817480087e-03 3.079732181504368782e-03 1.205582264810800552e-02 4.891713615506887436e-03 4.372742027044296265e-03 2.825879957526922226e-03 5.332418717443943024e-03 1.091491896659135818e-02 9.449363686144351959e-03 7.491220254451036453e-03 2.132939547300338745e-02 3.080127947032451630e-02 1.090152841061353683e-02 1.845207996666431427e-02 1.263591088354587555e-02 1.300041656941175461e-02 2.418400160968303680e-02 7.188786752521991730e-03 2.605548873543739319e-02 2.420512214303016663e-02 5.107761826366186142e-03 9.691721759736537933e-03 9.902048856019973755e-03 1.388466078788042068e-02 1.469472143799066544e-02 1.837294735014438629e-02 3.577876091003417969e-02 6.689388304948806763e-02 6.843641865998506546e-03 2.947857789695262909e-02 3.704129904508590698e-02 3.343372792005538940e-02 3.409546799957752228e-03 1.114090159535408020e-02 7.113323546946048737e-03 1.516212429851293564e-02 1.549221388995647430e-02 6.909077987074851990e-03 1.045264303684234619e-02 8.727763779461383820e-03 2.146884240210056305e-02 2.915229089558124542e-02 1.391669036820530891e-03 1.415734994225203991e-03 1.876105181872844696e-02 2.809566631913185120e-02 3.032451495528221130e-03 4.404928535223007202e-03 1.187910605221986771e-02 2.114457637071609497e-02 1.743785664439201355e-02 1.623048447072505951e-02 1.943945139646530151e-02 1.137458719313144684e-02 3.298458759672939777e-04 2.339955233037471771e-02 3.047872334718704224e-03 4.952317103743553162e-03 1.491076592355966568e-02 1.447102520614862442e-02 6.300831679254770279e-03 1.023502368479967117e-02 3.515824908390641212e-03 1.801973208785057068e-02 5.292587913572788239e-03 4.365322180092334747e-03 5.047990009188652039e-03 1.559773180633783340e-02 8.602362126111984253e-03 5.349206738173961639e-03 1.585975661873817444e-02 9.289582259953022003e-03 2.443533204495906830e-02 8.490415289998054504e-03 2.004064247012138367e-02 2.372431196272373199e-02 5.361567018553614616e-04 2.466473728418350220e-02 5.908208433538675308e-03 1.204267609864473343e-02 3.021791204810142517e-02 2.758488059043884277e-02 1.469179615378379822e-02 1.246669702231884003e-02 1.654919236898422241e-02 3.558759111911058426e-03 3.062799014151096344e-02 2.656424650922417641e-03 2.613936737179756165e-02 9.332117624580860138e-03 1.780765131115913391e-02 1.992049068212509155e-02 1.393946819007396698e-02 2.352796681225299835e-02 2.287180721759796143e-02 1.043265685439109802e-02
1.552733592689037323e-02 3.038064576685428619e-03 6.239115074276924133e-02 1.867433451116085052e-02 3.934799227863550186e-03 6.165185477584600449e-03 6.739714182913303375e-03 8.301211595535278320e-01 9.025178151205182076e-04 9.978236630558967590e-03 9.016961790621280670e-03 1.782534085214138031e-02 9.538896381855010986e-03 2.177258022129535675e-02 3.745961934328079224e-02 1.078662928193807602e-02 1.373494137078523636e-02 7.030690554529428482e-03 4.398085642606019974e-03 1.573727093636989594e-02 4.081020597368478775e-03 3.480379655957221985e-02 1.201393431983888149e-03 1.003652717918157578e-02 3.938431851565837860e-03 6.080749910324811935e-03 9.991996921598911285e-03 1.483596954494714737e-02 9.865011088550090790e-03 2.410953305661678314e-02 2.132423967123031616e-02 2.402524463832378387e-02 1.579327275976538658e-03 7.475361693650484085e-03 1.128992158919572830e-02 8.592070080339908600e-03 1.101530157029628754e-03 6.179169286042451859e-03 2.406869828701019287e-02 7.120356895029544830e-03 1.206087693572044373e-02 3.443556651473045349e-02 4.447067156434059143e-02 2.013657987117767334e-02 9.218833409249782562e-03 1.215410139411687851e-02 8.075863122940063477e-03 4.362390318419784307e-04 2.951677655801177025e-03 9.951132349669933319e-03 2.518178336322307587e-02 3.103915415704250336e-02 2.164469286799430847e-02 2.048872224986553192e-02 1.947429147548973560e-03 8.757541887462139130e-03 2.313240244984626770e-02 2.217345125973224640e-02 1.417694985866546631e-02 8.176308125257492065e-03 1.918937638401985168e-02 1.453316118568181992e-02 1.243462786078453064e-02 1.165042817592620850e-02 3.457758575677871704e-03 8.923325687646865845e-03 1.415277831256389618e-02 5.558394826948642731e-03 3.461472690105438232e-03 5.278797354549169540e-03 9.661612566560506821e-04 5.714496131986379623e-03 1.679879985749721527e-02 2.310793846845626831e-03 6.288147065788507462e-03 4.075665026903152466e-03 1.364660914987325668e-02 7.420510053634643555e-03 2.120581455528736115e-03 7.633412722498178482e-03 6.047623604536056519e-02 4.963811114430427551e-02 2.639258978888392448e-03 1.818576455116271973e-02 2.195163443684577942e-02 8.672818541526794434e-03 3.224828839302062988e-02 3.371887281537055969e-02 1.217251736670732498e-02 1.722401008009910583e-02 4.445408470928668976e-03 1.353127323091030121e-02 4.073190037161111832e-03 2.432000823318958282e-02 1.158056501299142838e-02 1.296658255159854889e-02 3.725355258211493492e-03 1.980037055909633636e-02 2.887950092554092407e-02 3.404264897108078003e-02 2.440040372312068939e-02 1.312002912163734436e-02 1.532635302282869816e-03 1.405607257038354874e-02 2.914721146225929260e-02 1.062429044395685196e-02 2.369671873748302460e-02 9.094584733247756958e-03 1.012394856661558151e-02 8.149093016982078552e-03 1.581289619207382202e-02 1.231467002071440220e-03 4.121362045407295227e-02 3.066278621554374695e-02 2.318925410509109497e-02 1.518492959439754486e-02
7.417841814458370209e-03 7.609783671796321869e-03 2.168783359229564667e-02 2.359502390027046204e-02 2.543414011597633362e-02 2.062862366437911987e-02 1.347677083685994148e-03 9.025178151205182076e-04 8.301211595535278320e-01 2.443356206640601158e-03 1.669698767364025116e-02 3.625782206654548645e-02 2.148360712453722954e-03 3.009760752320289612e-03 3.509226720780134201e-03 2.585914917290210724e-02 1.382848899811506271e-02 4.556191340088844299e-02 9.401679970324039459e-03 1.107402704656124115e-02 1.437360513955354691e-02 8.864819072186946869e-03 3.977309539914131165e-02 6.100512575358152390e-03 3.215144947171211243e-02 1.885337755084037781e-02 4.631079791579395533e-04 2.963881939649581909e-02 7.047110120765864849e-04 5.726710893213748932e-03 2.501690294593572617e-03 3.757403697818517685e-03 1.381338387727737427e-02 2.399859204888343811e-02 2.125008963048458099e-02 2.069675130769610405e-03 8.328936062753200531e-03 1.024706941097974777e-02 1.490301359444856644e-02 1.449986360967159271e-02 8.171761408448219299e-03 7.684339769184589386e-03 9.736414067447185516e-03 2.682358492165803909e-03 1.753170602023601532e-02 1.537470263428986073e-03 1.907846331596374512e-02 1.698294840753078461e-02 1.481574960052967072e-02 2.141218818724155426e-02 2.744399709627032280e-03 4.021875560283660889e-03 1.995518058538436890e-02 2.338588982820510864e-02 4.002229869365692139e-02 2.200843952596187592e-02 2.899520657956600189e-02 1.034565269947052002e-03 3.704310208559036255e-02 1.411456055939197540e-02 4.333904385566711426e-02 2.075237222015857697e-02 1.866566948592662811e-02 1.149845775216817856e-02 1.258819084614515305e-02 8.653666824102401733e-03 2.003233321011066437e-02 2.212290652096271515e-02 5.665428563952445984e-02 1.744314469397068024e-02 1.828503236174583435e-02 2.134566195309162140e-02 3.148230537772178650e-02 2.035024017095565796e-02 3.046839497983455658e-02 1.268000435084104538e-02 6.652970612049102783e-02 2.281260304152965546e-02 1.877579279243946075e-02 2.917131781578063965e-02 1.322245039045810699e-02 1.022780593484640121e-02 5.445735156536102295e-02 3.203477535862475634e-04 2.007163129746913910e-02 2.953212149441242218e-02 4.339738807175308466e-04 1.038432493805885315e-02 4.955068975687026978e-02 1.253922842442989349e-02 1.679192855954170227e-02 1.422272645868360996e-03 1.988472416996955872e-02 3.986559808254241943e-03 1.629159413278102875e-02 6.136182229965925217e-03 2.785060927271842957e-02 2.461212687194347382e-03 3.145048022270202637e-02 9.183876682072877884e-04 4.414597526192665100e-03 1.135057397186756134e-02 7.400154136121273041e-03 1.446739397943019867e-02 9.080716408789157867e-03 1.724485307931900024e-02 4.740978125482797623e-03 1.591458544135093689e-02 7.436356972903013229e-03 2.807929413393139839e-03 5.241196602582931519e-03 2.407035976648330688e-02 1.254040654748678207e-02 1.184088177978992462e-02 1.207579579204320908e-02 1.355580706149339676e-02
2.601417154073715210e-02 9.207786060869693756e-03 1.141721755266189575e-02 1.544328033924102783e-02 3.868133947253227234e-02 6.470879539847373962e-03 9.095375426113605499e-03 9.978236630558967590e-03 2.443356206640601158e-03 8.301211595535278320e-01 1.591341942548751831e-02 1.447794120758771896e-02 2.302606776356697083e-02 5.036248639225959778e-02 1.018749736249446869e-02 1.446162164211273193e-02 4.284556780476123095e-04 1.012074667960405350e-02 7.033641636371612549e-02 1.463597756810486317e-03 6.444753613322973251e-03 4.376010969281196594e-03 1.597510068677365780e-03 3.649595379829406738e-02 5.150045733898878098e-03 1.174118462949991226e-02 1.917892484925687313e-03 1.691250712610781193e-03 6.610322277992963791e-03 3.323604911565780640e-02 7.724578026682138443e-03 3.763482905924320221e-03 2.962018363177776337e-02 1.457323785871267319e-02 4.242291033733636141e-04 1.250929757952690125e-02 6.303414236754179001e-03 5.431533325463533401e-03 1.631428301334381104e-02 1.000662147998809814e-02 4.046796530019491911e-04 4.698948934674263000e-03 9.941145777702331543e-03 6.407307926565408707e-03 4.828444216400384903e-03 3.718602005392313004e-03 2.032033354043960571e-02 2.679419936612248421e-03 1.033960282802581787e-02 3.817241638898849487e-02 3.002525866031646729e-02 1.871435157954692841e-02 6.831028964370489120e-03 5.310919135808944702e-03 8.354999590665102005e-04 5.390396714210510254e-02 1.049293484538793564e-02 3.131253272294998169e-02 1.221286412328481674e-02 1.468409784138202667e-02 3.536870703101158142e-02 2.461681701242923737e-02 2.954125031828880310e-02 2.361786784604191780e-03 4.513695370405912399e-03 1.989597920328378677e-03 2.107147127389907837e-03 6.317127030342817307e-03 2.166406065225601196e-02 1.350155100226402283e-02 1.771487854421138763e-02 5.513738375157117844e-03 1.784796267747879028e-02 8.616175502538681030e-03 1.134535577148199081e-02 2.058777026832103729e-02 2.159013040363788605e-02 5.822581425309181213e-02 3.863803297281265259e-02 5.309056118130683899e-02 8.374833501875400543e-03 1.169813610613346100e-02 3.563581407070159912e-02 5.193305388092994690e-02 2.571643516421318054e-02 2.598994411528110504e-02 1.349052973091602325e-02 2.054026164114475250e-02 8.247248828411102295e-03 7.585781067609786987e-02 1.611130195669829845e-03 1.863005920313298702e-03 3.813058137893676758e-03 5.524739623069763184e-03 2.256883680820465088e-02 2.448655897751450539e-03 2.640687162056565285e-03 1.154961937572807074e-04 8.799062110483646393e-03 4.103239160031080246e-03 8.261139737442135811e-04 1.130699180066585541e-03 3.339598886668682098e-03 2.673466131091117859e-02 2.598983980715274811e-02 3.389661898836493492e-03 6.870806682854890823e-03 1.055069081485271454e-02 7.667167112231254578e-03 1.477659866213798523e-02 1.141767296940088272e-02 5.365763325244188309e-03 7.475200574845075607e-03 1.915933098644018173e-03 7.147269323468208313e-03 1.430798973888158798e-02
5.471196398138999939e-02 3.796791657805442810e-02 1.014161016792058945e-02 6.284124217927455902e-03 8.075588382780551910e-03 1.950352266430854797e-02 1.590648666024208069e-02 9.016961790621280670e-03 1.669698767364025116e-02 1.591341942548751831e-02 8.301211595535278320e-01 6.685541477054357529e-03 5.830501765012741089e-02 1.536045409739017487e-02 1.724551804363727570e-02 2.690126886591315269e-03 7.885493687354028225e-04 1.144430041313171387e-02 5.307875573635101318e-03 3.043538704514503479e-02 1.679901778697967529e-02 9.285009466111660004e-03 9.787837974727153778e-03 2.095818705856800079e-02 3.508922830224037170e-02 3.597817942500114441e-02 1.775062829256057739e-02 7.656259695068001747e-04 4.454460367560386658e-02 1.931121200323104858e-02 2.625423669815063477e-02 2.417089231312274933e-02 9.070568718016147614e-03 2.741191908717155457e-02 2.417800202965736389e-02 1.624544151127338409e-02 8.238447830080986023e-03 7.910563610494136810e-03 4.595031030476093292e-03 7.233481854200363159e-03 5.972697981633245945e-04 2.857108134776353836e-03 2.168147079646587372e-02 2.142219245433807373e-02 3.831649199128150940e-02 2.176381833851337433e-02 5.159004777669906616e-02 4.176348075270652771e-02 1.508751045912504196e-02 2.930075116455554962e-02 6.531819235533475876e-03 9.899225085973739624e-03 2.453549951314926147e-02 1.840945566073060036e-03 1.751712639816105366e-03 2.620902284979820251e-02 1.319182105362415314e-02 1.574776321649551392e-02 7.469418458640575409e-03 3.111787512898445129e-02 1.305349264293909073e-02 1.159475091844797134e-02 4.371713381260633469e-03 1.528994273394346237e-02 5.853875353932380676e-02 4.495658352971076965e-02 2.354487776756286621e-02 1.635780744254589081e-02 6.906136404722929001e-03 5.418640095740556717e-03 7.280221208930015564e-03 1.929405145347118378e-02 9.670302970334887505e-04 6.471462082117795944e-03 1.380206737667322159e-02 6.514361128211021423e-03 6.760864052921533585e-03 9.470974095165729523e-03 6.234801374375820160e-03 7.525626104325056076e-03 1.011164765805006027e-02 1.255119964480400085e-02 1.058559399098157883e-02 9.254298172891139984e-03 2.797514759004116058e-02 2.536912076175212860e-02 3.380674123764038086e-02 2.557863481342792511e-02 1.339291036128997803e-02 2.300082007423043251e-03 3.820984810590744019e-02 3.878819197416305542e-02 3.547329828143119812e-02 2.095863223075866699e-02 5.864148028194904327e-03 9.333702735602855682e-03 1.533874869346618652e-02 7.786691188812255859e-03 4.293497186154127121e-03 1.999191194772720337e-02 2.228316292166709900e-02 1.614403165876865387e-02 1.061701565049588680e-03 4.698479548096656799e-03 2.147758379578590393e-02 1.511193811893463135e-02 6.678828503936529160e-03 1.365382131189107895e-02 1.725999265909194946e-02 1.107189897447824478e-02 3.857210744172334671e-03 1.122694369405508041e-02 4.751335363835096359e-03 5.267225205898284912e-03 6.324347108602523804e-03 1.508884970098733902e-02
3.573044901713728905e-03 1.991707086563110352e-02 4.924464970827102661e-03 4.042369779199361801e-03 6.968628149479627609e-03 2.764250151813030243e-02 4.468322265893220901e-03 1.782534085214138031e-02 3.625782206654548645e-02 1.447794120758771896e-02 6.685541477054357529e-03 8.301211595535278320e-01 4.722087178379297256e-03 6.982371211051940918e-02 1.179307978600263596e-02 1.544335391372442245e-02 2.511849068105220795e-02 4.094420932233333588e-03 1.281518489122390747e-02 2.827740088105201721e-02 2.916251495480537415e-02 1.329459622502326965e-02 5.114040896296501160e-02 4.427542164921760559e-02 2.413138747215270996e-02 1.899389177560806274e-02 7.094821427017450333e-03 6.723120063543319702e-02 9.411239996552467346e-03 5.868367850780487061e-02 1.026704441756010056e-02 2.895889617502689362e-02 3.620466589927673340e-02 4.065016284584999084e-02 2.035487815737724304e-02 9.008557535707950592e-04 3.861712059006094933e-03 1.653730310499668121e-02 3.451435826718807220e-03 8.502007462084293365e-03 1.716881874017417431e-03 1.333769597113132477e-02 2.635430358350276947e-02 6.968637462705373764e-04 3.323908895254135132e-02 1.746590994298458099e-02 1.821773312985897064e-02 8.803865639492869377e-04 1.586643233895301819e-02 2.561958692967891693e-02 2.177710831165313721e-02 1.184710883535444736e-03 2.597026061266660690e-03 4.608088638633489609e-03 1.706236600875854492e-02 3.196146339178085327e-02 1.523089408874511719e-02 1.557808183133602142e-02 1.345684193074703217e-02 1.189145166426897049e-02 1.803360693156719208e-02 1.989766396582126617e-02 6.403058767318725586e-03 5.658415146172046661e-03 1.399321714416146278e-03 1.134039927273988724e-02 2.953685820102691650e-02 3.292291238903999329e-02 1.638044230639934540e-02 6.503739394247531891e-03 1.757775433361530304e-02 1.020005997270345688e-02 9.122104384005069733e-04 4.933245945721864700e-04 1.434044353663921356e-02 5.224199499934911728e-03 2.701061591506004333e-02 4.027874022722244263e-02 1.842565089464187622e-02 1.506408117711544037e-02 4.923399537801742554e-03 4.443107172846794128e-03 1.296497602015733719e-02 1.241401769220829010e-02 6.132785347290337086e-04 1.081686280667781830e-02 5.834862589836120605e-03 3.989925608038902283e-04 6.055305898189544678e-02 4.500773921608924866e-02 3.303871257230639458e-03 1.466817921027541161e-03 1.868762262165546417e-02 4.816287662833929062e-03 1.672220975160598755e-02 1.209034491330385208e-02 3.456703270785510540e-04 1.175321266055107117e-02 3.302848781459033489e-04 1.191209815442562103e-02 1.946501806378364563e-02 2.496524155139923096e-02 1.593121513724327087e-02 2.862864930648356676e-04 4.730794578790664673e-03 2.181727997958660126e-02 1.819525659084320068e-02 3.841210564132779837e-04 1.802702620625495911e-02 3.709068754687905312e-03 1.660242676734924316e-02 2.299945801496505737e-02 1.068910211324691772e-02 1.138074439950287342e-03 2.888740971684455872e-03 5.151549354195594788e-03
4.365200176835060120e-02 6.125706434249877930e-02 1.669200323522090912e-02 6.357606034725904465e-03 2.589618600904941559e-02 2.460794150829315186e-02 4.344329237937927246e-02 9.538896381855010986e-03 2.148360712453722954e-03 2.302606776356697083e-02 5.830501765012741089e-02 4.722087178379297256e-03 8.301211595535278320e-01 7.154152728617191315e-03 1.900403760373592377e-02 5.031301174312829971e-03 6.701737642288208008e-03 3.672245948109775782e-04 1.784235052764415741e-02 3.136885538697242737e-02 1.047505065798759460e-02 1.824972964823246002e-02 1.747589372098445892e-02 2.088350802659988403e-02 2.623254992067813873e-02 2.610593475401401520e-02 1.122154016047716141e-02 8.266605436801910400e-03 2.784927375614643097e-02 1.745521463453769684e-02 3.464955464005470276e-02 2.295665629208087921e-02 1.323359436355531216e-03 2.885267511010169983e-02 1.765237934887409210e-02 5.757367238402366638e-03 1.478347810916602612e-03 1.292006764560937881e-02 2.177393762394785881e-03 2.852386236190795898e-02 1.297020167112350464e-02 5.268752109259366989e-03 5.164607893675565720e-03 1.149500440806150436e-02 3.741844370961189270e-02 2.565101906657218933e-02 5.372088775038719177e-02 4.899427667260169983e-02 1.918389648199081421e-02 3.565745055675506592e-02 2.175018005073070526e-02 2.336653135716915131e-02 2.308739908039569855e-02 5.733037367463111877e-03 8.813290856778621674e-03 2.846220321953296661e-02 1.712750084698200226e-02 1.151402201503515244e-02 1.266179420053958893e-02 2.413496188819408417e-02 3.191254800185561180e-03 2.555107139050960541e-02 4.123646765947341919e-03 1.279375329613685608e-02 4.478620365262031555e-02 5.488574877381324768e-02 1.427436154335737228e-02 1.221536006778478622e-02 6.042255554348230362e-03 5.982428789138793945e-03 1.723216101527214050e-02 1.204709615558385849e-02 3.403200535103678703e-03 1.072307210415601730e-02 1.502133905887603760e-02 4.421923775225877762e-03 1.769892405718564987e-03 1.149557344615459442e-02 9.638600982725620270e-03 2.900645835325121880e-03 2.311893925070762634e-02 1.945919543504714966e-02 3.993047866970300674e-03 2.612012811005115509e-02 1.732798852026462555e-02 1.713194511830806732e-02 2.964990772306919098e-02 4.341682791709899902e-02 3.275486174970865250e-03 1.121978554874658585e-02 2.710708789527416229e-02 2.937998250126838684e-02 3.162294626235961914e-02 3.645937144756317139e-02 6.389847490936517715e-03 1.077025430276989937e-03 4.028632538393139839e-04 8.661584928631782532e-03 9.297067881561815739e-04 7.781573105603456497e-03 2.542951889336109161e-02 1.953000016510486603e-02 1.514603476971387863e-02 7.493957411497831345e-03 9.049710817635059357e-03 1.762991212308406830e-02 9.878765558823943138e-04 9.822023101150989532e-03 9.835435776039958000e-04 1.594947092235088348e-02 3.592795983422547579e-04 3.827895503491163254e-03 6.866252049803733826e-03 9.078367613255977631e-03 4.740804899483919144e-03 1.154445018619298935e-02
