8.677389621734619141e-01 3.386758640408515930e-02 2.787938807159662247e-03 1.323403511196374893e-02 1.002956274896860123e-02 3.434263169765472412e-02 3.490244597196578979e-02 5.562720354646444321e-03 2.718872623518109322e-03 7.642427226528525352e-04 3.481528535485267639e-02 3.609523177146911621e-03 3.514029830694198608e-02 1.050784718245267868e-02 1.108895801007747650e-02 1.888561062514781952e-02 1.180452853441238403e-02 2.850905526429414749e-03 5.048636347055435181e-03 2.476704306900501251e-02 2.305533550679683685e-02 2.408822998404502869e-02 2.005437389016151428e-02 2.370033971965312958e-02 2.790532819926738739e-02 2.427202835679054260e-02 1.266570854932069778e-02 1.691489852964878082e-02 2.499342896044254303e-02 2.020313963294029236e-02 2.300278469920158386e-02 2.210243605077266693e-02 2.034329809248447418e-02 2.424122206866741180e-02 1.833163946866989136e-02 2.553703635931015015e-02 2.265659533441066742e-02 2.563318423926830292e-02 5.819158628582954407e-03 1.924842968583106995e-02 2.617084234952926636e-02 2.305490896105766296e-02 2.821414545178413391e-02 2.571394201368093491e-03 2.153071574866771698e-02 1.612034067511558533e-02 3.657494857907295227e-02 3.139727190136909485e-02 1.967165246605873108e-02 1.388498675078153610e-02 1.082847081124782562e-02 1.257140655070543289e-02 1.881074532866477966e-02 1.155018620193004608e-02 1.791064254939556122e-02 1.856008172035217285e-02 1.636619120836257935e-02 7.891718298196792603e-03 1.951839588582515717e-02 2.484980225563049316e-02 1.950772851705551147e-02 1.517901942133903503e-02 1.859854161739349365e-02 1.163439452648162842e-02 2.391816116869449615e-02 2.729036286473274231e-02 2.803440764546394348e-02 2.923860773444175720e-02 1.198815926909446716e-02 1.254855096340179443e-02 9.515163488686084747e-03 1.480809226632118225e-02 1.550629828125238419e-02 2.220699004828929901e-02 1.771656982600688934e-02 1.805737242102622986e-02 1.022960245609283447e-02 4.425127990543842316e-03 2.050200710073113441e-03 4.593323916196823120e-03 3.764270571991801262e-03 4.497474583331495523e-04 1.851115375757217407e-02 5.920534022152423859e-03 1.453139446675777435e-02 1.283310260623693466e-02 1.905460841953754425e-02 1.588525250554084778e-02 4.438499454408884048e-03 4.562161397188901901e-03 2.773107588291168213e-02 1.742000319063663483e-02 2.089343592524528503e-02 2.072290889918804169e-02 1.515075471252202988e-02 9.148552082479000092e-03 1.661778055131435394e-02 1.443020254373550415e-02 2.252301387488842010e-02 2.289877645671367645e-02 2.486215159296989441e-02 2.442138455808162689e-02 2.034043893218040466e-02 1.715833507478237152e-02 1.958619616925716400e-02 1.762382872402667999e-02 2.661795541644096375e-02 1.917905174195766449e-02 1.999390311539173126e-02 9.488558396697044373e-03 1.930163823999464512e-03 2.051500044763088226e-02 2.442654967308044434e-02 2.506986074149608612e-02 1.295370049774646759e-03 1.026462391018867493e-02
3.386758640408515930e-02 8.677389621734619141e-01 4.295047838240861893e-03 1.643553748726844788e-02 1.422920264303684235e-02 3.123373910784721375e-02 3.561793267726898193e-02 1.929553924128413200e-03 1.077236025594174862e-03 1.043038908392190933e-03 2.650984935462474823e-02 5.100407171994447708e-03 3.409383445978164673e-02 1.697305776178836823e-02 5.748891737312078476e-03 2.339197136461734772e-02 2.002809382975101471e-02 1.871837303042411804e-04 1.009986270219087601e-02 2.376171573996543884e-02 2.217643521726131439e-02 1.767004467546939850e-02 2.649834193289279938e-02 2.925337664783000946e-02 3.069158270955085754e-02 2.993215806782245636e-02 2.840898232534527779e-03 2.890548482537269592e-02 1.459434162825345993e-02 2.643719315528869629e-02 1.700283773243427277e-02 2.163111791014671326e-02 1.944819837808609009e-02 2.408717758953571320e-02 1.756717264652252197e-02 2.250314876437187195e-02 2.123158611357212067e-02 2.455242909491062164e-02 7.500729057937860489e-03 2.356289885938167572e-02 2.732120454311370850e-02 2.524702623486518860e-02 2.891623415052890778e-02 1.132015790790319443e-02 1.667331345379352570e-02 1.793147996068000793e-02 3.109990991652011871e-02 2.885119989514350891e-02 2.419289760291576385e-02 2.071152813732624054e-02 2.037079818546772003e-02 1.917966455221176147e-02 1.254189759492874146e-02 5.231934133917093277e-03 2.392472699284553528e-02 2.402052655816078186e-02 1.757051981985569000e-02 1.546707190573215485e-02 1.483296230435371399e-02 1.728170365095138550e-02 1.962444931268692017e-02 1.634939573705196381e-02 2.377122826874256134e-02 1.752120070159435272e-02 1.278463844209909439e-02 1.925591006875038147e-02 2.829208783805370331e-02 2.693933807313442230e-02 1.692375354468822479e-02 3.534449730068445206e-03 1.655952446162700653e-02 9.034054353833198547e-03 1.599200814962387085e-02 2.087532542645931244e-02 2.112757600843906403e-02 1.502946764230728149e-02 9.100490249693393707e-03 3.104390809312462807e-03 2.097000135108828545e-03 2.574604237452149391e-03 5.464561749249696732e-03 4.062190651893615723e-03 2.009847760200500488e-02 6.878506857901811600e-03 1.375836133956909180e-02 1.243217848241329193e-02 1.544808316975831985e-02 1.092974469065666199e-02 6.661307532340288162e-03 1.749143120832741261e-03 2.209240384399890900e-02 8.284362964332103729e-03 2.226850017905235291e-02 7.273145020008087158e-03 1.270001474767923355e-02 9.759155102074146271e-03 1.377871725708246231e-02 1.416021957993507385e-02 2.463949471712112427e-02 2.563172765076160431e-02 2.450628019869327545e-02 2.562851645052433014e-02 1.484136562794446945e-02 1.490435563027858734e-02 1.445626374334096909e-02 1.745429635047912598e-02 2.461752481758594513e-02 1.570707745850086212e-02 1.595633290708065033e-02 1.411945745348930359e-02 2.734605455771088600e-03 1.944236271083354950e-02 2.553648315370082855e-02 2.665719203650951385e-02 1.574852131307125092e-02 7.370308157987892628e-04
2.787938807159662247e-03 4.295047838240861893e-03 8.677389621734619141e-01 2.413985505700111389e-02 3.392034024000167847e-02 7.859358564019203186e-03 6.707326392643153667e-04 9.205819107592105865e-03 1.915060565806925297e-03 1.323990710079669952e-02 9.291087277233600616e-03 2.239300869405269623e-03 1.535493601113557816e-02 1.243307814002037048e-02 2.102739177644252777e-02 1.673709414899349213e-02 1.264373119920492172e-02 1.319943554699420929e-02 1.188310887664556503e-02 1.677924417890608311e-03 7.820766419172286987e-03 9.072069660760462284e-04 1.714050024747848511e-02 1.214312389492988586e-02 1.350044831633567810e-02 2.090075612068176270e-02 5.907877814024686813e-03 7.633468485437333584e-04 1.056732051074504852e-02 1.946928328834474087e-03 7.447268348187208176e-03 8.360047824680805206e-03 1.330007892102003098e-02 6.968475878238677979e-03 2.382583729922771454e-02 4.849214747082442045e-04 1.326773315668106079e-03 1.683813147246837616e-02 7.000089157372713089e-03 9.158764965832233429e-03 1.784749329090118408e-02 1.035645324736833572e-02 1.130767073482275009e-02 1.181806996464729309e-02 1.640272530494257808e-04 1.156952232122421265e-02 1.497508492320775986e-02 4.127109423279762268e-03 9.588795364834368229e-04 1.957354368641972542e-03 1.793187856674194336e-02 1.773476228117942810e-02 8.968828478828072548e-05 6.853982340544462204e-03 5.595360882580280304e-03 1.164384651929140091e-02 1.902646757662296295e-02 2.977525256574153900e-02 6.400136626325547695e-04 7.726756855845451355e-03 1.851071789860725403e-02 2.085609920322895050e-02 2.778760157525539398e-02 3.254920244216918945e-02 8.678216487169265747e-03 4.596990533173084259e-03 9.677558206021785736e-03 7.375798653811216354e-03 1.593694835901260376e-02 1.219849567860364914e-03 9.898918680846691132e-03 2.209299709647893906e-03 1.780664548277854919e-02 4.227381199598312378e-03 1.137688942253589630e-02 1.508693955838680267e-02 8.873324841260910034e-03 6.029240903444588184e-04 1.315969880670309067e-02 5.595594644546508789e-03 3.855137526988983154e-02 4.179544001817703247e-02 1.958361640572547913e-02 5.412818398326635361e-03 1.000966411083936691e-02 9.240800514817237854e-03 1.013911701738834381e-02 3.536260221153497696e-03 3.337403759360313416e-02 3.260374069213867188e-02 9.003086946904659271e-03 1.056348532438278198e-02 1.641023531556129456e-02 1.005287189036607742e-02 4.289529460947960615e-04 1.001634821295738220e-02 2.812094427645206451e-02 2.521544881165027618e-02 3.096420783549547195e-03 4.475199617445468903e-03 2.953776624053716660e-03 3.202851628884673119e-03 1.560888066887855530e-02 2.180447243154048920e-02 4.473552107810974121e-03 2.099487371742725372e-02 9.252770541934296489e-05 2.250024862587451935e-02 7.289090193808078766e-03 3.535181656479835510e-02 9.441040456295013428e-03 1.576179638504981995e-02 9.995368309319019318e-03 1.845395937561988831e-02 1.733931479975581169e-03 3.016335889697074890e-03
1.323403511196374893e-02 1.643553748726844788e-02 2.413985505700111389e-02 8.677389621734619141e-01 3.517980501055717468e-02 1.662535220384597778e-02 1.522871665656566620e-02 2.811357006430625916e-02 2.188092283904552460e-02 1.062865555286407471e-02 9.795494843274354935e-04 2.128088474273681641e-02 7.975514046847820282e-03 2.336244657635688782e-02 2.194822207093238831e-02 2.747100219130516052e-02 1.619731821119785309e-02 2.374013140797615051e-02 4.785007331520318985e-03 3.784333588555455208e-03 1.067789271473884583e-02 3.544731531292200089e-03 2.246564999222755432e-02 1.984982378780841827e-02 1.322202291339635849e-02 2.644696831703186035e-02 1.019355189055204391e-02 7.905524224042892456e-03 4.187716636806726456e-03 6.364312488585710526e-03 3.267527208663523197e-04 7.377882953733205795e-03 2.772864513099193573e-02 6.073295604437589645e-03 3.034927509725093842e-02 1.149193756282329559e-02 1.887655630707740784e-02 9.931045584380626678e-03 1.611716300249099731e-02 2.710780687630176544e-02 1.497986074537038803e-02 2.135327085852622986e-02 2.100357040762901306e-02 2.083989046514034271e-02 7.895548827946186066e-03 1.244847290217876434e-02 1.648520352318882942e-03 6.128552835434675217e-03 9.505495429039001465e-03 8.993734605610370636e-03 1.431704219430685043e-02 1.953013055026531219e-02 4.235425032675266266e-03 5.746310576796531677e-03 2.515877969563007355e-02 2.823249623179435730e-02 3.596341609954833984e-02 3.573631122708320618e-02 6.438964046537876129e-03 5.755434744060039520e-03 3.216485679149627686e-02 3.386904299259185791e-02 3.395533189177513123e-02 3.431559354066848755e-02 8.060630061663687229e-04 1.178018376231193542e-02 1.096152514219284058e-02 9.830472990870475769e-03 3.518313914537429810e-02 8.498579263687133789e-03 3.301143646240234375e-02 2.320422232151031494e-02 3.557194024324417114e-02 2.442239038646221161e-02 2.582107111811637878e-02 2.751781977713108063e-02 2.503510937094688416e-02 1.491000968962907791e-02 1.902828551828861237e-02 5.384611431509256363e-03 3.542953357100486755e-02 2.891862578690052032e-02 2.253868989646434784e-02 1.718400046229362488e-02 1.905554905533790588e-02 2.377129159867763519e-02 1.261227950453758240e-02 9.765463881194591522e-03 3.114412724971771240e-02 1.974248699843883514e-02 5.006224848330020905e-03 4.625322762876749039e-03 6.057019345462322235e-03 1.448127534240484238e-02 1.551519893109798431e-02 9.493633173406124115e-03 2.242650650441646576e-02 2.639047056436538696e-02 1.891781575977802277e-02 1.615015044808387756e-02 7.071556989103555679e-03 4.826046060770750046e-03 1.313592307269573212e-02 1.585417427122592926e-02 1.085156574845314026e-03 3.534707706421613693e-03 1.525818370282649994e-03 2.382393926382064819e-02 9.395724162459373474e-03 2.830419689416885376e-02 9.491879492998123169e-03 1.608641073107719421e-02 1.914588734507560730e-02 1.781613379716873169e-02 1.866758801043033600e-02 8.136041462421417236e-03
1.002956274896860123e-02 1.422920264303684235e-02 3.392034024000167847e-02 3.517980501055717468e-02 8.677389621734619141e-01 8.034956641495227814e-03 8.238912560045719147e-03 2.292495779693126678e-02 2.033225074410438538e-02 1.926280371844768524e-02 5.524050793610513210e-04 9.312014095485210419e-03 1.377308159135282040e-03 1.324027869850397110e-02 2.388219349086284637e-02 1.287299487739801407e-02 1.382164843380451202e-02 1.199119444936513901e-02 2.980761928483843803e-03 4.068495240062475204e-03 6.482456345111131668e-03 2.574281534180045128e-03 1.982188224792480469e-02 2.106299623847007751e-02 1.466255262494087219e-02 2.546710707247257233e-02 1.334200031124055386e-03 6.619169842451810837e-03 7.731017540208995342e-04 9.263991378247737885e-03 1.884218887425959110e-03 6.079551298171281815e-03 2.125264890491962433e-02 5.061819683760404587e-03 3.214111924171447754e-02 8.852995932102203369e-03 1.620267331600189209e-02 1.555383298546075821e-02 3.053074935451149940e-03 1.844451017677783966e-02 1.585275493562221527e-02 2.605886757373809814e-02 2.256516553461551666e-02 1.704274863004684448e-02 1.122522726655006409e-02 1.721925102174282074e-02 6.879328866489231586e-04 5.315593443810939789e-03 1.010494772344827652e-02 2.007943205535411835e-02 2.603711187839508057e-02 2.720245160162448883e-02 2.840004628524184227e-03 8.054479956626892090e-03 2.258499339222908020e-02 2.874518185853958130e-02 2.619360201060771942e-02 3.347203135490417480e-02 1.360837649554014206e-02 3.662163391709327698e-03 2.658402174711227417e-02 3.083555400371551514e-02 2.362998574972152710e-02 3.810390830039978027e-02 2.845845074261887930e-06 8.226219564676284790e-03 1.141885295510292053e-02 1.028505433350801468e-02 2.663815394043922424e-02 1.671175099909305573e-02 3.207816556096076965e-02 2.597726508975028992e-02 2.197339385747909546e-02 2.957904897630214691e-02 2.951804175972938538e-02 3.086470626294612885e-02 2.956356108188629150e-02 2.784868702292442322e-02 1.907331310212612152e-02 5.670488346368074417e-03 3.288203850388526917e-02 2.759990468621253967e-02 1.414153818041086197e-02 1.175539335235953331e-03 1.710658892989158630e-02 2.558029443025588989e-02 9.009669534862041473e-03 5.245966371148824692e-03 2.491591870784759521e-02 2.301215752959251404e-02 1.663884264416992664e-03 5.732850171625614166e-03 5.532557144761085510e-03 4.798742476850748062e-03 1.191359013319015503e-02 4.409502260386943817e-03 2.205267921090126038e-02 2.764753066003322601e-02 2.247200161218643188e-02 2.266357839107513428e-02 1.242062449455261230e-02 9.907457977533340454e-03 1.820692233741283417e-02 2.635471522808074951e-02 8.712116628885269165e-03 5.278411321341991425e-03 5.731262266635894775e-03 1.904719695448875427e-02 4.659008700400590897e-03 2.511009946465492249e-02 3.132384270429611206e-03 1.438336167484521866e-02 1.988125033676624298e-02 2.378385141491889954e-02 2.714183065108954906e-04 1.496051158756017685e-02
3.434263169765472412e-02 3.123373910784721375e-02 7.859358564019203186e-03 1.662535220384597778e-02 8.034956641495227814e-03 8.677389621734619141e-01 4.250971227884292603e-02 5.472923628985881805e-03 6.921039428561925888e-03 9.015669114887714386e-03 2.611806988716125488e-02 2.186258882284164429e-02 3.556005656719207764e-02 2.359420806169509888e-02 1.763399923220276833e-03 1.735539920628070831e-02 4.191192332655191422e-03 5.525784101337194443e-03 2.760007278993725777e-03 1.974730007350444794e-02 1.969830878078937531e-02 1.690318994224071503e-02 2.192375063896179199e-02 2.191411517560482025e-02 2.392919361591339111e-02 2.395536564290523529e-02 1.021973416209220886e-02 1.079826056957244873e-02 1.227524224668741226e-02 1.210697554051876068e-02 1.384778134524822235e-02 1.480378117412328720e-02 1.724610291421413422e-02 1.226524543017148972e-02 1.180305704474449158e-02 2.010404877364635468e-02 1.466747745871543884e-02 1.820337399840354919e-02 3.111680271103978157e-03 2.070534043014049530e-02 1.970230974256992340e-02 2.287743613123893738e-02 2.655928395688533783e-02 1.136706862598657608e-02 2.578021399676799774e-02 1.888206414878368378e-02 3.465599939227104187e-02 2.649486064910888672e-02 2.438056468963623047e-02 1.247047446668148041e-02 1.537143997848033905e-02 1.705024950206279755e-02 5.561072379350662231e-03 2.584788249805569649e-03 2.352246828377246857e-02 1.849634014070034027e-02 2.245271950960159302e-02 1.353924814611673355e-02 3.710759803652763367e-03 1.074351090937852859e-02 1.953892409801483154e-02 1.513933110982179642e-02 1.631023362278938293e-02 7.437854073941707611e-03 1.778391934931278229e-02 2.394422888755798340e-02 2.225603349506855011e-02 2.100104093551635742e-02 1.053454261273145676e-02 2.599925966933369637e-03 8.914076723158359528e-03 9.823615662753582001e-03 1.897581666707992554e-02 2.588001079857349396e-02 2.050632610917091370e-02 1.942282915115356445e-02 9.388214908540248871e-03 7.583813741803169250e-03 1.460482738912105560e-02 5.958877503871917725e-03 1.877868315204977989e-03 5.729454103857278824e-03 9.898100979626178741e-03 5.707629956305027008e-03 1.350453868508338928e-02 8.512161672115325928e-03 9.977465495467185974e-03 1.169660966843366623e-02 5.023499019443988800e-03 1.093275565654039383e-02 1.990895718336105347e-02 1.443828828632831573e-02 1.657781563699245453e-02 2.418080344796180725e-02 1.203432399779558182e-02 7.212721277028322220e-03 2.555268444120883942e-02 1.856366917490959167e-02 1.970323920249938965e-02 2.068775147199630737e-02 1.736962608993053436e-02 1.511374209076166153e-02 1.450934354215860367e-02 1.828368566930294037e-02 2.305099274963140488e-03 4.394392017275094986e-03 1.425344962626695633e-02 1.814103871583938599e-02 8.342246524989604950e-03 1.452679838985204697e-02 5.744875874370336533e-03 1.987214013934135437e-02 2.297215349972248077e-02 1.949880085885524750e-02 2.898970386013388634e-03 9.606630541384220123e-03
3.490244597196578979e-02 3.561793267726898193e-02 6.707326392643153667e-04 1.522871665656566620e-02 8.238912560045719147e-03 4.250971227884292603e-02 8.677389621734619141e-01 4.392679780721664429e-03 6.114464253187179565e-03 1.384783163666725159e-02 2.972367778420448303e-02 1.690175198018550873e-02 3.896120563149452209e-02 2.361417189240455627e-02 6.247489945963025093e-04 1.510518323630094528e-02 5.118127446621656418e-03 8.908142335712909698e-03 6.917686201632022858e-03 2.445640601217746735e-02 2.460465393960475922e-02 1.662098057568073273e-02 2.343949489295482635e-02 2.628727443516254425e-02 2.706984616816043854e-02 2.346535399556159973e-02 3.294132184237241745e-03 2.102491445839405060e-02 1.195119507610797882e-02 2.410799264907836914e-02 1.294719986617565155e-02 2.097075805068016052e-02 1.135845016688108444e-02 1.993487589061260223e-02 9.383519180119037628e-03 1.704968325793743134e-02 1.136602833867073059e-02 1.977129280567169189e-02 3.963371273130178452e-03 2.252234518527984619e-02 2.420067973434925079e-02 2.452714368700981140e-02 2.615541219711303711e-02 4.899803083389997482e-03 3.050142899155616760e-02 2.603768743574619293e-02 3.395118936896324158e-02 2.574067004024982452e-02 2.958370372653007507e-02 2.265526726841926575e-02 1.670273579657077789e-02 1.882503367960453033e-02 7.217947393655776978e-03 1.341744908131659031e-03 2.075461298227310181e-02 1.790679432451725006e-02 1.768892258405685425e-02 1.268093474209308624e-02 1.258017495274543762e-02 1.770663633942604065e-02 1.852121204137802124e-02 1.278611924499273300e-02 1.474409550428390503e-02 6.583526264876127243e-03 1.524559408426284790e-02 2.301775850355625153e-02 2.596746943891048431e-02 2.473166212439537048e-02 9.242417290806770325e-03 4.809673991985619068e-04 5.892631132155656815e-03 9.350204840302467346e-03 1.305166073143482208e-02 2.326748520135879517e-02 1.256880164146423340e-02 1.573306322097778320e-02 9.906507097184658051e-03 9.129871614277362823e-03 1.949430070817470551e-02 1.340565644204616547e-02 1.125879818573594093e-03 3.260039491578936577e-03 1.544422935694456100e-02 1.094847731292247772e-02 1.727888546884059906e-02 1.350830867886543274e-02 1.305222511291503906e-02 1.454504393041133881e-02 1.077988767065107822e-03 1.006356347352266312e-02 1.941468007862567902e-02 8.328051306307315826e-03 2.220890857279300690e-02 1.565642654895782471e-02 7.250876631587743759e-03 5.561694037169218063e-03 2.288794144988059998e-02 1.583902910351753235e-02 1.879049278795719147e-02 2.178086899220943451e-02 1.882250607013702393e-02 1.814900524914264679e-02 1.285492908209562302e-02 1.397035084664821625e-02 8.402036502957344055e-03 1.128210686147212982e-02 1.791628450155258179e-02 2.130235359072685242e-02 1.016128994524478912e-02 2.011865936219692230e-02 6.482979515567421913e-04 1.990589499473571777e-02 2.598869428038597107e-02 2.531985193490982056e-02 2.387021668255329132e-03 4.243884701281785965e-03
5.562720354646444321e-03 1.929553924128413200e-03 9.205819107592105865e-03 2.811357006430625916e-02 2.292495779693126678e-02 5.472923628985881805e-03 4.392679780721664429e-03 8.677389621734619141e-01 1.233031880110502243e-02 9.017967619001865387e-03 2.317556552588939667e-02 1.408994197845458984e-03 1.285621616989374161e-02 2.569590462371706963e-03 3.014767915010452271e-02 7.249576505273580551e-03 1.374674588441848755e-02 2.572045661509037018e-02 1.760906912386417389e-02 1.287321280688047409e-02 5.240739323198795319e-03 1.691111014224588871e-03 6.283275783061981201e-03 4.007907584309577942e-03 2.756829140707850456e-03 1.935546472668647766e-02 6.380253937095403671e-03 1.553218718618154526e-02 1.042875647544860840e-02 6.624483037739992142e-03 4.068542271852493286e-03 1.784409582614898682e-02 1.433785725384950638e-02 1.606154255568981171e-02 1.737973839044570923e-02 1.168121118098497391e-02 1.659178361296653748e-02 2.186279511079192162e-03 2.153059840202331543e-02 6.120076868683099747e-03 4.028343129903078079e-03 3.074528882279992104e-03 1.135294232517480850e-02 3.808252140879631042e-02 2.517954260110855103e-02 9.911786764860153198e-03 1.667437143623828888e-02 6.457149051129817963e-03 1.404413196723908186e-04 3.394504077732563019e-03 5.630846135318279266e-03 6.258498877286911011e-03 1.696614734828472137e-02 1.279036141932010651e-02 1.858207583427429199e-02 1.665286719799041748e-02 1.308577507734298706e-02 2.438051253557205200e-02 2.592519856989383698e-02 2.270473912358283997e-02 8.983639068901538849e-03 1.576941274106502533e-02 2.312311902642250061e-02 2.164478041231632233e-02 1.001617591828107834e-02 8.261100389063358307e-03 4.653393290936946869e-03 1.762224128469824791e-04 1.102348696440458298e-02 4.153001122176647186e-03 2.087568119168281555e-02 1.834008842706680298e-03 6.178743205964565277e-03 2.220100723206996918e-02 1.156861800700426102e-02 1.687631569802761078e-02 6.429476663470268250e-03 6.195518188178539276e-03 6.841110065579414368e-03 8.991304785013198853e-03 4.614939540624618530e-02 3.770814090967178345e-02 7.026304490864276886e-03 3.584614396095275879e-02 9.681220399215817451e-04 6.429703906178474426e-03 2.695075422525405884e-02 2.580756135284900665e-02 1.711179874837398529e-02 1.795649528503417969e-02 1.819914951920509338e-02 5.373778752982616425e-03 1.506055425852537155e-02 1.378159970045089722e-03 1.324833277612924576e-02 2.605121117085218430e-03 2.096288464963436127e-02 1.753404736518859863e-02 5.333933979272842407e-03 1.533193513751029968e-03 3.731461241841316223e-03 9.792197495698928833e-03 1.370536815375089645e-02 1.954666897654533386e-02 2.881222218275070190e-02 2.726112678647041321e-02 9.919230826199054718e-03 6.093089934438467026e-03 2.504084445536136627e-02 1.233436446636915207e-02 5.169420037418603897e-03 7.027710787951946259e-03 2.201578114181756973e-03 2.977256430312991142e-03 1.447440963238477707e-02 1.267432607710361481e-02
2.718872623518109322e-03 1.077236025594174862e-03 1.915060565806925297e-03 2.188092283904552460e-02 2.033225074410438538e-02 6.921039428561925888e-03 6.114464253187179565e-03 1.233031880110502243e-02 8.677389621734619141e-01 4.184511303901672363e-02 5.740646156482398510e-04 4.614797234535217285e-02 6.075249053537845612e-03 3.626874461770057678e-02 2.056867443025112152e-02 4.066036082804203033e-03 5.104816518723964691e-03 2.355738170444965363e-02 2.904298715293407440e-02 4.560230299830436707e-03 5.975020118057727814e-03 2.290500327944755554e-02 1.905697397887706757e-02 1.394726987928152084e-02 8.008630014955997467e-03 2.862358000129461288e-03 2.346082776784896851e-02 3.388562425971031189e-02 6.716878153383731842e-03 2.053142152726650238e-02 1.081652846187353134e-02 7.552322465926408768e-03 8.161695674061775208e-03 2.670395420864224434e-03 1.637558825314044952e-02 1.581419259309768677e-02 5.239483900368213654e-03 1.107503846287727356e-02 1.414786465466022491e-02 2.324908785521984100e-02 1.038690679706633091e-03 1.436822395771741867e-02 2.209298079833388329e-03 3.902223194018006325e-03 3.566663712263107300e-02 2.978763170540332794e-02 4.298828542232513428e-03 4.281067755073308945e-03 6.932716351002454758e-03 2.014913596212863922e-02 2.111698500812053680e-02 2.788427472114562988e-02 1.023034472018480301e-02 2.488357422407716513e-04 1.544599514454603195e-02 1.449166983366012573e-02 2.708696573972702026e-02 2.465034276247024536e-02 3.175542224198579788e-03 8.664216846227645874e-03 2.180581353604793549e-02 2.582998946309089661e-02 3.849931992590427399e-03 1.624175906181335449e-02 3.981602378189563751e-03 4.632869968190789223e-04 7.318969350308179855e-03 8.933321572840213776e-03 2.290408685803413391e-02 1.532729715108871460e-03 2.530210651457309723e-02 2.747183665633201599e-02 2.614305354654788971e-02 2.374114468693733215e-02 2.464413829147815704e-02 1.479555014520883560e-02 5.237194895744323730e-02 5.010046064853668213e-02 4.504556208848953247e-02 3.445918112993240356e-02 7.689486723393201828e-03 2.165580866858363152e-03 2.204498043283820152e-03 2.664017118513584137e-02 1.540772058069705963e-02 2.142594568431377411e-02 8.224488236010074615e-03 1.303986273705959320e-02 2.854972518980503082e-02 2.252769097685813904e-02 2.236853819340467453e-03 1.333454530686140060e-02 7.126859854906797409e-03 7.614997215569019318e-03 7.851144298911094666e-03 1.599067822098731995e-02 9.371621534228324890e-03 1.137606427073478699e-02 1.301628816872835159e-02 1.533100847154855728e-02 3.720621112734079361e-03 4.658177029341459274e-03 3.771999152377247810e-03 6.145941093564033508e-03 8.062381297349929810e-03 3.014564281329512596e-03 1.395885646343231201e-02 1.997294463217258453e-02 1.584414020180702209e-02 1.692187599837779999e-02 1.182246673852205276e-02 1.726937014609575272e-03 7.579633966088294983e-03 8.997002616524696350e-03 5.643178708851337433e-03 2.366743050515651703e-02
7.642427226528525352e-04 1.043038908392190933e-03 1.323990710079669952e-02 1.062865555286407471e-02 1.926280371844768524e-02 9.015669114887714386e-03 1.384783163666725159e-02 9.017967619001865387e-03 4.184511303901672363e-02 8.677389621734619141e-01 2.507350291125476360e-04 3.842245787382125854e-02 1.367640332318842411e-03 3.680849820375442505e-02 2.900789864361286163e-02 1.890524290502071381e-02 3.009191714227199554e-02 3.843986243009567261e-02 5.413779243826866150e-02 6.031982135027647018e-03 7.590178400278091431e-03 1.796483807265758514e-02 1.944921538233757019e-02 1.765293069183826447e-02 4.926283378154039383e-03 3.569307271391153336e-03 5.526507273316383362e-03 1.001862157136201859e-02 1.282926462590694427e-02 4.560227505862712860e-03 1.989439688622951508e-02 1.035909866914153099e-03 1.369525492191314697e-02 2.385879401117563248e-03 3.441248918534256518e-05 2.452329918742179871e-02 2.082748338580131531e-02 7.417943328619003296e-03 1.354184467345476151e-02 5.950520280748605728e-03 3.185739042237401009e-03 1.334442198276519775e-02 4.024491179734468460e-03 6.389222573488950729e-03 4.561591893434524536e-02 4.547678679227828979e-02 1.632541185244917870e-03 7.106394972652196884e-03 1.397796627134084702e-02 2.926639281213283539e-02 2.527271769940853119e-02 3.144102171063423157e-02 2.031177468597888947e-02 1.101321075111627579e-02 4.243301227688789368e-03 4.941143095493316650e-03 1.161547377705574036e-02 2.167038060724735260e-02 1.043212972581386566e-02 3.854329697787761688e-03 5.944985896348953247e-03 1.014858949929475784e-02 8.604766800999641418e-03 7.841133628971874714e-04 9.759762324392795563e-03 3.910753410309553146e-03 4.079818259924650192e-03 4.987689200788736343e-03 8.317085914313793182e-03 1.675015874207019806e-02 5.816650111228227615e-03 1.137771457433700562e-02 1.371213700622320175e-03 2.547755651175975800e-02 2.842926187440752983e-03 1.243886537849903107e-02 3.303936123847961426e-02 4.886220023036003113e-02 5.261371657252311707e-02 5.209874734282493591e-02 1.270438916981220245e-02 5.270396824926137924e-03 2.099903358612209558e-04 4.690446332097053528e-02 1.072303950786590576e-02 1.281805802136659622e-02 1.046481076627969742e-02 8.191633969545364380e-03 2.429977990686893463e-02 3.956742957234382629e-02 9.177231229841709137e-03 6.014287006109952927e-03 1.043871138244867325e-02 6.298440508544445038e-03 2.739373967051506042e-02 2.125863917171955109e-02 3.536867722868919373e-02 1.635327003896236420e-02 1.903391676023602486e-03 7.851262576878070831e-03 3.670712932944297791e-03 8.211487904191017151e-03 2.336083911359310150e-03 4.965862724930047989e-03 1.957890763878822327e-02 1.089785527437925339e-02 1.441112253814935684e-02 1.674919947981834412e-02 2.080763690173625946e-02 2.635571919381618500e-02 8.346476592123508453e-03 3.985496296081691980e-04 1.118867564946413040e-02 1.957911066710948944e-02 1.086788624525070190e-02 4.673126153647899628e-03
3.481528535485267639e-02 2.650984935462474823e-02 9.291087277233600616e-03 9.795494843274354935e-04 5.524050793610513210e-04 2.611806988716125488e-02 2.972367778420448303e-02 2.317556552588939667e-02 5.740646156482398510e-04 2.507350291125476360e-04 8.677389621734619141e-01 3.208756912499666214e-03 3.428450599312782288e-02 2.394002163782715797e-03 2.369918674230575562e-02 1.027869526296854019e-02 4.296019207686185837e-03 8.378482423722743988e-03 1.517928554676473141e-03 3.090007416903972626e-02 2.608705870807170868e-02 2.805777080357074738e-02 1.391393318772315979e-02 2.028538472950458527e-02 2.562959864735603333e-02 1.581662520766258240e-02 1.643496006727218628e-02 1.341498363763093948e-02 2.666792087256908417e-02 2.298844791948795319e-02 2.402076497673988342e-02 2.902555838227272034e-02 1.391732785850763321e-02 3.051961399614810944e-02 1.100762654095888138e-02 2.208969742059707642e-02 1.861293613910675049e-02 2.317602746188640594e-02 1.136327721178531647e-02 1.054215524345636368e-02 2.451939694583415985e-02 2.084628492593765259e-02 2.191339246928691864e-02 1.834450103342533112e-02 2.228400297462940216e-02 1.419704407453536987e-02 3.485930338501930237e-02 2.857659943401813507e-02 2.031969837844371796e-02 1.562922261655330658e-02 9.133550338447093964e-03 8.416444994509220123e-03 2.210104651749134064e-02 1.520420704036951065e-02 1.048555783927440643e-02 1.313419546931982040e-02 8.391946554183959961e-03 1.784244668669998646e-03 2.698557637631893158e-02 2.679160051047801971e-02 1.449476648122072220e-02 9.576781652867794037e-03 6.951012648642063141e-03 1.746312831528484821e-03 2.885454706847667694e-02 2.673121541738510132e-02 2.977618947625160217e-02 3.064516000449657440e-02 4.770998843014240265e-03 1.610164716839790344e-02 1.786677021300420165e-04 1.437808293849229813e-02 5.398533772677183151e-03 1.309247408062219620e-02 3.395412117242813110e-03 9.765268303453922272e-03 6.591172423213720322e-03 3.368699690327048302e-03 3.126328228972852230e-04 4.215229302644729614e-03 1.853226311504840851e-02 7.913497276604175568e-03 1.801927015185356140e-02 1.542850118130445480e-02 2.089564502239227295e-02 1.603334583342075348e-02 2.923119440674781799e-02 2.558153681457042694e-02 1.367469597607851028e-02 1.591076515614986420e-02 2.804517745971679688e-02 2.337881922721862793e-02 2.131967060267925262e-02 2.415357157588005066e-02 1.514952722936868668e-02 1.921327784657478333e-02 7.697804365307092667e-03 6.996285170316696167e-03 2.037129364907741547e-02 2.129535377025604248e-02 2.875816635787487030e-02 2.906412631273269653e-02 1.918076351284980774e-02 1.291995309293270111e-02 2.909171581268310547e-02 2.221978083252906799e-02 3.078056499361991882e-02 1.974941976368427277e-02 3.033623099327087402e-02 6.152281071990728378e-03 1.016839873045682907e-02 1.742800511419773102e-02 2.422834746539592743e-02 2.207276411354541779e-02 6.506088655441999435e-03 4.706211388111114502e-03
3.609523177146911621e-03 5.100407171994447708e-03 2.239300869405269623e-03 2.128088474273681641e-02 9.312014095485210419e-03 2.186258882284164429e-02 1.690175198018550873e-02 1.408994197845458984e-03 4.614797234535217285e-02 3.842245787382125854e-02 3.208756912499666214e-03 8.677389621734619141e-01 6.977671757340431213e-03 5.097973719239234924e-02 2.300931140780448914e-02 9.300009347498416901e-03 7.917008362710475922e-03 3.082903847098350525e-02 2.136839926242828369e-02 6.236637011170387268e-03 5.908658728003501892e-03 2.280815504491329193e-02 2.823317609727382660e-02 1.853937096893787384e-02 4.168731626123189926e-03 3.443130291998386383e-03 1.967171020805835724e-02 3.042437881231307983e-02 2.111913636326789856e-02 2.850469760596752167e-02 1.826857030391693115e-02 2.704538172110915184e-03 4.985499661415815353e-03 4.127607680857181549e-03 7.091783452779054642e-03 1.574103906750679016e-02 1.027132850140333176e-02 1.301054470241069794e-02 1.865105354227125645e-03 2.070692181587219238e-02 2.810141537338495255e-03 9.796999394893646240e-03 3.363196039572358131e-03 2.045652456581592560e-02 3.309674561023712158e-02 3.148017451167106628e-02 1.843924750573933125e-03 8.190968073904514313e-04 9.283261373639106750e-03 1.394492760300636292e-02 1.962501555681228638e-02 2.600232325494289398e-02 1.810661144554615021e-02 1.662670820951461792e-02 1.513134036213159561e-02 1.100650150328874588e-02 2.949660085141658783e-02 3.120614960789680481e-02 8.186245337128639221e-03 4.214330110698938370e-03 1.549963094294071198e-02 1.915091462433338165e-02 8.483158424496650696e-03 6.886779330670833588e-03 1.264790073037147522e-02 5.972326267510652542e-03 5.634631030261516571e-03 9.441896341741085052e-03 1.479688659310340881e-02 6.764709949493408203e-03 1.565022766590118408e-02 1.175169460475444794e-02 2.778646536171436310e-02 2.087107300758361816e-02 2.548767067492008209e-02 1.068283338099718094e-02 3.785882145166397095e-02 3.929096460342407227e-02 4.237133264541625977e-02 3.903805091977119446e-02 2.112337574362754822e-02 5.874290596693754196e-03 7.391239632852375507e-04 1.136758923530578613e-02 1.023335475474596024e-02 1.108700037002563477e-02 1.606432721018791199e-02 1.680232584476470947e-02 3.144441172480583191e-02 3.722255676984786987e-02 6.696401163935661316e-03 1.535135507583618164e-02 1.336093060672283173e-02 1.486078836023807526e-03 1.240542065352201462e-02 1.497333962470293045e-02 2.348331175744533539e-02 1.168325915932655334e-02 6.923310458660125732e-03 8.024972863495349884e-03 4.543417133390903473e-03 8.759353309869766235e-03 5.828003864735364914e-03 5.343955475836992264e-03 1.536160241812467575e-02 5.317343864589929581e-03 1.565046422183513641e-02 1.537029910832643509e-02 1.994556374847888947e-02 1.957206428050994873e-02 7.945211604237556458e-03 2.795592881739139557e-03 8.452702313661575317e-03 9.577027522027492523e-03 1.059427857398986816e-02 2.693339996039867401e-02
3.514029830694198608e-02 3.409383445978164673e-02 1.535493601113557816e-02 7.975514046847820282e-03 1.377308159135282040e-03 3.556005656719207764e-02 3.896120563149452209e-02 1.285621616989374161e-02 6.075249053537845612e-03 1.367640332318842411e-03 3.428450599312782288e-02 6.977671757340431213e-03 8.677389621734619141e-01 1.175146736204624176e-02 1.540689636021852493e-02 1.452441606670618057e-02 9.941417723894119263e-03 4.649903159588575363e-03 7.561454549431800842e-04 2.816357277333736420e-02 2.518087439239025116e-02 2.165212109684944153e-02 1.754253916442394257e-02 2.221048250794410706e-02 2.588520571589469910e-02 1.849960163235664368e-02 2.900260500609874725e-03 1.841012947261333466e-02 2.165620215237140656e-02 2.475661970674991608e-02 2.037665992975234985e-02 2.456101775169372559e-02 1.419683918356895447e-02 2.610840462148189545e-02 1.094283070415258408e-02 2.274416759610176086e-02 2.025956474244594574e-02 2.024398371577262878e-02 1.023830100893974304e-02 2.028231881558895111e-02 2.471749670803546906e-02 2.292107418179512024e-02 2.301490306854248047e-02 6.994612049311399460e-03 2.417968958616256714e-02 1.731184311211109161e-02 3.797100111842155457e-02 2.680194191634654999e-02 2.718367613852024078e-02 2.123564481735229492e-02 1.452666148543357849e-02 1.389103289693593979e-02 1.649781316518783569e-02 1.005729194730520248e-02 2.040844224393367767e-02 1.787229254841804504e-02 1.315795816481113434e-02 2.092687878757715225e-03 2.249663509428501129e-02 2.446787618100643158e-02 1.800232008099555969e-02 1.262338552623987198e-02 1.048249378800392151e-02 5.852455738931894302e-03 2.336021885275840759e-02 2.749439515173435211e-02 2.638904564082622528e-02 2.669830247759819031e-02 1.125805079936981201e-02 3.563497448340058327e-03 8.794602937996387482e-03 8.851551450788974762e-03 1.024600584059953690e-02 1.719773747026920319e-02 9.038372896611690521e-03 8.947946131229400635e-03 7.864030078053474426e-03 9.834085358306765556e-04 1.058153063058853149e-02 6.829441990703344345e-04 1.473031099885702133e-02 1.708815991878509521e-02 6.904401350766420364e-03 6.326443515717983246e-03 1.797381415963172913e-02 1.264028623700141907e-02 2.330237813293933868e-02 2.025267668068408966e-02 8.907066658139228821e-03 7.161473389714956284e-03 2.539245970547199249e-02 1.017000246793031693e-02 1.697734184563159943e-02 2.059580758213996887e-02 1.488582324236631393e-02 1.511643920093774796e-02 5.467938259243965149e-03 6.472291424870491028e-03 2.164304815232753754e-02 2.332963794469833374e-02 2.251293882727622986e-02 2.378635667264461517e-02 1.063857693225145340e-02 7.599529344588518143e-03 1.800813898444175720e-02 2.015695720911026001e-02 2.153207547962665558e-02 1.822953671216964722e-02 1.807545125484466553e-02 1.188352424651384354e-02 4.926081746816635132e-03 1.687481440603733063e-02 2.390276826918125153e-02 1.929951831698417664e-02 2.578109037131071091e-03 1.451440621167421341e-03
