8.131625056266784668e-01 5.787231400609016418e-02 1.208814233541488647e-02 1.450430951081216335e-03 1.493261475116014481e-02 6.014168635010719299e-02 6.583590805530548096e-02 2.649510977789759636e-03 1.659968309104442596e-02 2.556659094989299774e-02 7.391867786645889282e-02 1.017772872000932693e-02 1.812347210943698883e-02 3.442518040537834167e-02 3.726929659023880959e-03 5.998037755489349365e-03 1.988752372562885284e-02 8.070419542491436005e-03 4.027926363050937653e-03 5.900640389882028103e-04 1.254087983397766948e-04 1.317602000199258327e-03 3.393372893333435059e-02 2.463965862989425659e-02 1.095792837440967560e-02 2.312020398676395416e-03 2.674705348908901215e-02 1.854666694998741150e-02 1.401627715677022934e-02 8.279585279524326324e-03 2.817211113870143890e-02 7.544274907559156418e-03 2.296059625223278999e-03 4.599340725690126419e-03 5.315101239830255508e-03 3.853638190776109695e-03 2.605588641017675400e-03 2.005210146307945251e-02 7.906673476099967957e-03 1.300853490829467773e-02 1.421346701681613922e-02 2.920891903340816498e-02 3.031591325998306274e-02 8.201688528060913086e-03 2.624507620930671692e-02 2.610394731163978577e-02 8.409062400460243225e-03 3.308271989226341248e-02 9.354084730148315430e-03 7.264083833433687687e-04 2.512014936655759811e-03 2.835271693766117096e-02 2.549298666417598724e-02 1.948197605088353157e-03 3.466178895905613899e-04 7.187797687947750092e-03 2.359314262866973877e-02 1.244554203003644943e-02 1.802444458007812500e-02 3.611268242821097374e-03 1.726569980382919312e-02 3.349816659465432167e-03 4.297759849578142166e-03 1.281873323023319244e-02 2.594179846346378326e-02 4.708155058324337006e-03 1.080012414604425430e-02 5.496038589626550674e-03 1.317214407026767731e-02 2.145458757877349854e-02 3.992360550910234451e-03 1.892021298408508301e-02 1.728010550141334534e-02 2.487517194822430611e-03 7.197472266852855682e-03 1.353704277426004410e-02 8.741626515984535217e-03 2.109469659626483917e-02 1.897062989883124828e-03 1.147500239312648773e-03 1.411399058997631073e-02 1.272359956055879593e-02 6.506070028990507126e-03 1.045789336785674095e-03 2.950487658381462097e-02 7.024145685136318207e-03 1.477193739265203476e-02 2.616105834022164345e-03 2.373573742806911469e-02 2.024224773049354553e-02 4.575970768928527832e-02 3.159818798303604126e-02 1.453121285885572433e-02 1.087262667715549469e-02 3.898904845118522644e-02 1.667338795959949493e-02 3.748262999579310417e-03 7.171812001615762711e-03 4.100153222680091858e-02 5.160297080874443054e-02 4.073451273143291473e-03 1.263921498320996761e-03 7.913701236248016357e-03 1.266411785036325455e-02 1.927370391786098480e-02 8.764061145484447479e-03 1.258871634490787983e-03 1.078732591122388840e-02 9.114289656281471252e-03 3.404662758111953735e-02 7.068087812513113022e-03 6.745897233486175537e-03 8.134518750011920929e-03 3.434553742408752441e-02 2.356871031224727631e-03 1.256149169057607651e-02
5.787231400609016418e-02 8.131625056266784668e-01 2.103362791240215302e-02 5.348408129066228867e-03 1.280180923640727997e-02 2.651734277606010437e-02 3.268248960375785828e-02 1.062186527997255325e-02 6.511381827294826508e-03 1.164813712239265442e-02 5.566814914345741272e-02 4.353403113782405853e-03 7.272025197744369507e-02 4.320448264479637146e-02 1.942652836441993713e-02 7.511583156883716583e-03 7.847236469388008118e-03 1.194300409406423569e-02 2.443304052576422691e-03 2.344802580773830414e-02 1.962961815297603607e-02 2.799102477729320526e-02 1.462996751070022583e-02 1.799445599317550659e-02 1.282622385770082474e-02 1.791785657405853271e-02 3.747146576642990112e-03 3.032005578279495239e-02 2.104028128087520599e-02 4.210394620895385742e-02 3.051550811505876482e-05 4.697412252426147461e-03 1.003738027065992355e-02 1.809071563184261322e-02 5.951433558948338032e-04 2.653938950970768929e-03 5.305254366248846054e-03 4.051106050610542297e-03 2.520227804780006409e-02 1.395142916589975357e-02 4.078779369592666626e-03 2.374472282826900482e-02 2.577898465096950531e-02 1.554259844124317169e-02 3.861350938677787781e-02 4.411440715193748474e-02 3.303316980600357056e-02 3.978623449802398682e-02 1.260813046246767044e-02 9.194959886372089386e-03 1.003827899694442749e-02 4.258478991687297821e-03 5.663696210831403732e-03 1.688025332987308502e-02 1.756587647832930088e-03 1.845707744359970093e-02 1.552640553563833237e-02 8.659020066261291504e-03 1.519772782921791077e-02 1.623996905982494354e-02 1.051936484873294830e-02 1.718112267553806305e-02 7.757825311273336411e-03 1.225406397134065628e-02 7.221479900181293488e-03 5.457343533635139465e-03 2.881195163354277611e-03 1.474400982260704041e-02 4.304748494178056717e-03 1.688967645168304443e-02 1.280869543552398682e-02 9.828383103013038635e-03 1.026311237365007401e-02 4.722763784229755402e-03 1.291488017886877060e-02 1.425751950591802597e-03 2.540769288316369057e-03 1.236364524811506271e-02 1.108022779226303101e-02 2.223018929362297058e-02 8.367604576051235199e-03 4.674725700169801712e-03 7.870904169976711273e-03 4.805990029126405716e-03 2.046693488955497742e-02 8.874689810909330845e-04 3.325317800045013428e-02 4.861730616539716721e-03 4.624166339635848999e-02 5.260312929749488831e-03 8.161903358995914459e-03 3.926552459597587585e-02 5.184788629412651062e-02 2.356068696826696396e-03 2.887127920985221863e-02 1.784733496606349945e-02 1.618392951786518097e-02 6.180287338793277740e-03 1.256258878856897354e-02 1.442730147391557693e-02 3.014450892806053162e-03 1.035578362643718719e-02 8.983284235000610352e-03 3.800434758886694908e-03 8.933374658226966858e-03 7.018062751740217209e-03 2.230857498943805695e-02 2.053299546241760254e-02 3.199866414070129395e-02 1.168288523331284523e-03 1.351719629019498825e-02 2.027232758700847626e-02 1.709522679448127747e-02 2.650959044694900513e-02 1.716880686581134796e-02 8.070078329183161259e-04
1.208814233541488647e-02 2.103362791240215302e-02 8.131625056266784668e-01 2.204424003139138222e-03 1.087680552154779434e-02 2.152961678802967072e-03 1.066639553755521774e-02 4.444227367639541626e-02 3.250737674534320831e-03 8.414073847234249115e-03 2.406320348381996155e-02 7.165214046835899353e-04 2.604835107922554016e-02 3.405342111364006996e-03 7.473038975149393082e-03 7.823941297829151154e-03 6.870999000966548920e-03 4.841631278395652771e-03 1.033724285662174225e-02 3.517536818981170654e-02 3.156617283821105957e-02 1.326353196054697037e-02 2.577039413154125214e-03 2.824479015544056892e-03 2.100954763591289520e-02 1.293173059821128845e-02 2.559641748666763306e-02 3.831320209428668022e-03 1.296292431652545929e-02 3.255204763263463974e-03 6.379232276231050491e-03 2.245662175118923187e-02 1.485916692763566971e-02 2.224939502775669098e-02 1.189672388136386871e-03 2.365060709416866302e-02 4.049623012542724609e-02 1.600956358015537262e-02 3.912019729614257812e-02 3.579350933432579041e-02 3.846472362056374550e-03 8.044307120144367218e-03 1.480655185878276825e-02 1.617813669145107269e-02 8.950051269493997097e-04 2.578522253315895796e-04 1.119587663561105728e-02 1.830023713409900665e-02 1.187222823500633240e-02 1.048189587891101837e-02 2.017996273934841156e-03 9.692700579762458801e-03 2.891188487410545349e-02 2.217770926654338837e-02 1.322017144411802292e-02 4.727137275040149689e-03 5.751715507358312607e-03 1.093524601310491562e-02 1.963097602128982544e-02 5.260051414370536804e-02 5.367640871554613113e-03 1.602414809167385101e-02 2.310066297650337219e-02 2.096623554825782776e-02 2.094875462353229523e-02 3.515719994902610779e-02 2.980066463351249695e-02 2.274328097701072693e-02 5.315555259585380554e-03 1.385017856955528259e-02 1.163722295314073563e-02 3.049380891025066376e-02 1.075931917876005173e-02 2.138296887278556824e-02 2.764118602499365807e-03 2.304145321249961853e-02 2.559977583587169647e-03 1.749462448060512543e-03 8.244778960943222046e-03 1.107147056609392166e-02 5.188317969441413879e-02 5.760330334305763245e-02 4.300892353057861328e-03 1.293412316590547562e-02 5.316174938343465328e-04 9.062967263162136078e-03 3.565395995974540710e-02 3.389552608132362366e-02 3.478137776255607605e-03 2.477954840287566185e-03 1.751777343451976776e-02 1.255368068814277649e-02 1.022074557840824127e-02 2.526845410466194153e-02 3.539110720157623291e-02 2.437536604702472687e-02 2.677483670413494110e-02 1.774569600820541382e-02 1.277583651244640350e-04 5.198642611503601074e-03 3.551048040390014648e-02 3.303242474794387817e-02 2.919420413672924042e-02 3.024147078394889832e-02 3.594368323683738708e-02 3.251972794532775879e-02 4.013938829302787781e-02 1.070852018892765045e-02 1.912600733339786530e-02 3.657680470496416092e-03 1.492588967084884644e-02 3.076898632571101189e-03 5.027657840400934219e-03 5.641945172101259232e-03 2.575086988508701324e-02 1.655453443527221680e-02
1.450430951081216335e-03 5.348408129066228867e-03 2.204424003139138222e-03 8.131625056266784668e-01 5.880406498908996582e-02 5.399502813816070557e-03 2.137332037091255188e-02 2.609539963304996490e-02 7.917254231870174408e-03 8.416074328124523163e-03 1.214605104178190231e-02 7.324874401092529297e-03 1.860342919826507568e-02 1.071959547698497772e-02 3.372227400541305542e-02 9.817326208576560020e-04 3.468573268037289381e-04 1.834838092327117920e-02 3.961268812417984009e-02 2.152743563055992126e-02 5.567894317209720612e-03 1.207707542926073074e-02 2.342798747122287750e-02 6.122610066086053848e-03 2.220136672258377075e-02 1.365137659013271332e-02 1.683751493692398071e-02 2.196395024657249451e-02 1.364710275083780289e-02 1.302543561905622482e-03 2.464829012751579285e-03 8.948499336838722229e-03 9.987780824303627014e-03 8.666575886309146881e-03 2.510455250740051270e-02 1.130996854044497013e-03 2.070297487080097198e-02 1.414611935615539551e-02 4.783219471573829651e-02 1.922750473022460938e-02 4.426618106663227081e-03 3.912614658474922180e-03 1.353300549089908600e-02 7.085571065545082092e-03 1.656363531947135925e-02 2.135797776281833649e-02 7.944602519273757935e-03 1.457181200385093689e-02 7.760060019791126251e-03 2.514280751347541809e-02 1.387961395084857941e-02 1.424725633114576340e-02 9.947905316948890686e-03 4.447632469236850739e-03 1.587373763322830200e-02 1.858970336616039276e-02 2.469285205006599426e-02 2.067636139690876007e-02 1.708878763020038605e-02 1.366631500422954559e-02 2.063644491136074066e-02 1.532012782990932465e-02 8.437702432274818420e-03 2.253544330596923828e-02 2.221863530576229095e-02 2.598521299660205841e-03 5.408586934208869934e-03 1.607381179928779602e-02 1.389180123805999756e-02 2.073490992188453674e-02 1.030241139233112335e-02 1.243125152541324496e-04 7.981353998184204102e-02 2.748001925647258759e-02 2.240558341145515442e-02 8.692882955074310303e-03 9.910312481224536896e-03 7.654096931219100952e-03 8.248811587691307068e-03 2.049705013632774353e-02 2.156298980116844177e-02 2.223106566816568375e-03 3.994370996952056885e-02 3.838161379098892212e-02 2.446454484015703201e-03 2.455818094313144684e-02 2.474698983132839203e-02 2.302498184144496918e-02 1.087701506912708282e-02 2.616928191855549812e-03 9.173325262963771820e-03 4.364566411823034286e-03 2.028494700789451599e-02 1.293929410167038441e-03 3.542145341634750366e-02 2.492073923349380493e-02 1.079904660582542419e-02 1.272554136812686920e-02 2.539476379752159119e-02 7.117536384612321854e-03 1.041626930236816406e-02 1.767187565565109253e-02 9.780314750969409943e-03 1.730045676231384277e-02 1.940666139125823975e-02 1.974515058100223541e-02 5.637091118842363358e-03 1.955928746610879898e-03 3.381232963874936104e-03 1.471740752458572388e-02 3.468911349773406982e-02 1.429017912596464157e-02 1.140234433114528656e-02 9.077765978872776031e-03 5.035217851400375366e-03 6.339735817164182663e-03
1.493261475116014481e-02 1.280180923640727997e-02 1.087680552154779434e-02 5.880406498908996582e-02 8.131625056266784668e-01 2.871722790587227792e-05 1.538292621262371540e-03 8.631234057247638702e-03 1.864320039749145508e-02 2.876384928822517395e-02 1.389646716415882111e-02 2.271967241540551186e-03 8.241969160735607147e-03 3.436167724430561066e-03 1.236451207660138607e-03 1.736813597381114960e-02 8.612141013145446777e-03 2.357986383140087128e-02 6.434386596083641052e-03 4.876331891864538193e-03 1.991727855056524277e-03 8.957306854426860809e-03 2.727270498871803284e-02 1.403463445603847504e-02 6.014069542288780212e-03 1.369442208670079708e-03 3.912070300430059433e-03 1.384932827204465866e-02 2.272655069828033447e-02 1.396777201443910599e-02 1.856684871017932892e-02 1.261630188673734665e-02 1.399345346726477146e-04 6.739890668541193008e-03 1.216163579374551773e-02 6.524885538965463638e-03 1.438725367188453674e-02 1.743348874151706696e-02 1.831870712339878082e-02 3.333912789821624756e-02 1.429584622383117676e-02 3.443828225135803223e-02 1.170801836997270584e-02 1.528716273605823517e-02 2.887068875133991241e-02 2.249632030725479126e-02 3.982167225331068039e-03 3.771188901737332344e-03 3.168468922376632690e-02 2.940889447927474976e-02 1.291597727686166763e-02 3.170033171772956848e-02 8.370980620384216309e-03 2.034673467278480530e-02 1.849042251706123352e-03 2.454706467688083649e-02 7.021532859653234482e-03 1.165606919676065445e-02 1.018803846091032028e-02 1.449713163310661912e-04 7.874189876019954681e-03 1.556627731770277023e-02 4.641051404178142548e-03 2.006616257131099701e-02 2.135021798312664032e-02 1.168517861515283585e-03 2.605705522000789642e-03 1.977652311325073242e-02 3.842801228165626526e-02 6.785870995372533798e-03 3.319959342479705811e-02 1.806556060910224915e-02 1.776720955967903137e-02 2.135525457561016083e-03 2.953235246241092682e-02 4.514891188591718674e-03 3.543183556757867336e-04 1.207796297967433929e-02 4.233141988515853882e-02 4.013010114431381226e-02 1.244889944791793823e-02 1.536958757787942886e-02 4.347302764654159546e-02 7.616773713380098343e-03 1.495526824146509171e-02 1.606614887714385986e-02 6.054831203073263168e-03 2.654114738106727600e-02 1.240208279341459274e-02 1.966850273311138153e-02 1.929712831042706966e-03 2.896608039736747742e-02 6.417924538254737854e-03 3.897317219525575638e-03 2.491456083953380585e-02 1.888680271804332733e-02 4.975764546543359756e-03 9.426376782357692719e-03 1.165762171149253845e-02 5.484867142513394356e-04 1.058602519333362579e-02 4.628022143151611090e-04 8.959379047155380249e-03 1.763200387358665466e-02 1.134383492171764374e-02 1.551403570920228958e-02 1.213811524212360382e-02 1.096517499536275864e-02 1.912538148462772369e-02 1.790325040929019451e-03 1.926724798977375031e-02 5.036487244069576263e-03 1.286132261157035828e-02 2.047307556495070457e-03 2.039085887372493744e-02 5.861188285052776337e-03
6.014168635010719299e-02 2.651734277606010437e-02 2.152961678802967072e-03 5.399502813816070557e-03 2.871722790587227792e-05 8.131625056266784668e-01 5.146734043955802917e-02 5.302849225699901581e-03 2.796520665287971497e-02 1.423347927629947662e-02 3.576730191707611084e-02 2.067069336771965027e-02 1.438584364950656891e-02 2.084525488317012787e-02 2.536967955529689789e-02 1.501700934022665024e-02 2.218908257782459259e-02 1.362738013267517090e-02 3.726887982338666916e-03 4.319575615227222443e-03 2.666611410677433014e-02 1.229446846991777420e-02 4.334737360477447510e-02 4.758770018815994263e-02 4.691769208875484765e-05 2.805968560278415680e-02 3.729808842763304710e-03 1.602838188409805298e-02 8.761120960116386414e-03 4.721424542367458344e-03 2.794092521071434021e-02 1.815850287675857544e-02 7.747308351099491119e-03 1.762107387185096741e-02 1.641337992623448372e-03 3.550620516762137413e-03 6.156119983643293381e-03 2.291179262101650238e-03 3.309245919808745384e-03 3.319671144708991051e-03 8.608264848589897156e-03 3.546188026666641235e-02 3.473996743559837341e-02 1.641093636862933636e-03 1.204315479844808578e-02 2.740024821832776070e-03 4.887616261839866638e-02 2.810912206768989563e-03 9.876916185021400452e-03 5.687532015144824982e-03 7.619464304298162460e-04 2.007081545889377594e-02 2.119028195738792419e-02 4.497584421187639236e-03 6.682324456050992012e-04 1.785460277460515499e-03 4.347274545580148697e-03 5.979390814900398254e-03 6.735806353390216827e-03 1.311267609708011150e-03 2.916640834882855415e-03 5.341033916920423508e-03 8.137434720993041992e-03 4.326946102082729340e-03 2.120083570480346680e-02 3.165797563269734383e-03 8.854833431541919708e-03 1.033112779259681702e-02 1.562622748315334320e-02 1.927565596997737885e-02 7.118330802768468857e-03 1.933915889821946621e-03 1.870345510542392731e-02 1.278965175151824951e-02 1.925925165414810181e-02 1.239436026662588120e-02 2.358820475637912750e-02 2.244803495705127716e-02 2.540453337132930756e-02 1.371473819017410278e-02 3.259510966017842293e-03 1.639597117900848389e-02 3.427620604634284973e-02 1.562819443643093109e-02 6.360492669045925140e-03 2.801608480513095856e-02 2.723050117492675781e-02 2.471719309687614441e-02 2.591484785079956055e-02 2.322262898087501526e-02 1.950397528707981110e-02 2.140469849109649658e-02 2.415024489164352417e-02 2.629041485488414764e-02 8.874629624187946320e-03 3.660683054476976395e-03 1.569210551679134369e-02 9.600848890841007233e-03 2.428547665476799011e-02 3.391708433628082275e-02 1.820380240678787231e-02 1.860462315380573273e-02 1.675697974860668182e-03 1.020933594554662704e-02 5.274291615933179855e-03 1.563823595643043518e-02 5.477192346006631851e-03 2.055775560438632965e-02 3.654344938695430756e-03 2.512024529278278351e-02 4.395079333335161209e-03 2.548292092978954315e-02 1.319092465564608574e-03 3.135802596807479858e-02 6.492935935966670513e-04 3.832531720399856567e-02
6.583590805530548096e-02 3.268248960375785828e-02 1.066639553755521774e-02 2.137332037091255188e-02 1.538292621262371540e-03 5.146734043955802917e-02 8.131625056266784668e-01 2.001677080988883972e-02 2.373077720403671265e-02 3.539408743381500244e-02 6.313562393188476562e-02 1.314493082463741302e-02 1.340912003070116043e-02 1.070123910903930664e-02 8.954563963925465941e-05 6.796527188271284103e-03 8.136589080095291138e-03 1.584261283278465271e-02 5.952139850705862045e-03 1.317433640360832214e-02 9.998233057558536530e-03 7.426030002534389496e-03 3.607866913080215454e-02 3.405430912971496582e-02 3.418144304305315018e-03 2.760488074272871017e-03 2.322295447811484337e-03 1.742604561150074005e-02 4.903825465589761734e-03 2.837057970464229584e-02 2.438567019999027252e-02 1.351625751703977585e-02 1.515765674412250519e-03 2.960155345499515533e-02 1.461918931454420090e-02 1.097191125154495239e-02 5.797941237688064575e-03 7.556170225143432617e-03 2.333490177989006042e-03 3.265018574893474579e-03 6.702314596623182297e-03 1.847798004746437073e-02 4.249335825443267822e-02 7.269544992595911026e-03 1.521173957735300064e-02 3.435134887695312500e-02 8.049531839787960052e-03 5.924281850457191467e-02 8.975224569439888000e-03 2.651593089103698730e-02 1.083640474826097488e-02 9.414351545274257660e-03 2.088910900056362152e-02 6.184722762554883957e-03 1.676515489816665649e-02 2.686686255037784576e-02 6.579122040420770645e-03 1.570298708975315094e-02 1.122099999338388443e-02 5.954691674560308456e-03 8.343014866113662720e-03 2.051614690572023392e-03 1.550401467829942703e-02 5.946775432676076889e-03 3.498031571507453918e-02 2.862618304789066315e-03 5.888222716748714447e-03 1.894412003457546234e-02 1.203827280551195145e-02 2.588622830808162689e-02 1.295519061386585236e-02 7.860206067562103271e-03 3.349337726831436157e-02 1.314874645322561264e-02 1.539588440209627151e-02 9.425797499716281891e-03 7.365955039858818054e-03 3.348275646567344666e-02 6.577225867658853531e-03 5.214574746787548065e-03 1.193813048303127289e-02 1.867984794080257416e-02 3.682291135191917419e-02 6.474141962826251984e-03 6.461410084739327431e-04 4.536091908812522888e-02 1.709963940083980560e-02 7.925632409751415253e-03 2.244399674236774445e-02 2.115336991846561432e-02 4.808126389980316162e-02 1.622944511473178864e-02 7.871018722653388977e-03 1.299967989325523376e-02 1.482384093105792999e-02 3.084851196035742760e-03 9.856731630861759186e-03 4.634954966604709625e-03 2.105436660349369049e-02 5.096910521388053894e-02 2.469928003847599030e-02 2.313572913408279419e-02 8.434989489614963531e-03 6.898687686771154404e-03 6.296493578702211380e-03 1.057386863976716995e-03 1.702824141830205917e-03 1.159737259149551392e-02 1.595150493085384369e-02 1.764974370598793030e-02 1.995277404785156250e-02 2.036542817950248718e-02 5.425457376986742020e-03 4.151871800422668457e-02 2.888595045078545809e-04 9.507121518254280090e-03
2.649510977789759636e-03 1.062186527997255325e-02 4.444227367639541626e-02 2.609539963304996490e-02 8.631234057247638702e-03 5.302849225699901581e-03 2.001677080988883972e-02 8.131625056266784668e-01 8.282112888991832733e-03 2.202035300433635712e-02 9.063766337931156158e-03 2.343746460974216461e-02 1.988705806434154510e-02 2.149740420281887054e-02 5.067441612482070923e-02 3.813880495727062225e-03 1.405431306920945644e-03 1.153350435197353363e-02 1.611363887786865234e-02 4.378303512930870056e-02 2.361303893849253654e-03 1.945529691874980927e-02 9.460146538913249969e-03 4.998084623366594315e-03 2.540392801165580750e-02 5.907989107072353363e-03 3.183135762810707092e-02 7.212062831968069077e-03 2.522711828351020813e-02 5.623196251690387726e-03 1.705763675272464752e-02 1.483204402029514313e-02 1.080422196537256241e-02 1.803736016154289246e-02 1.055355463176965714e-02 1.992188207805156708e-02 2.125028893351554871e-02 2.590988762676715851e-03 1.737492159008979797e-02 2.337302640080451965e-02 2.109960280358791351e-02 6.108245812356472015e-03 1.535692717880010605e-02 1.745163276791572571e-02 1.772437535692006350e-04 3.700331551954150200e-03 2.157185040414333344e-02 3.836348652839660645e-02 9.517871774733066559e-03 2.297032438218593597e-02 1.236132532358169556e-02 2.142912009730935097e-03 1.544765476137399673e-02 1.387552171945571899e-02 8.477260358631610870e-03 1.190287247300148010e-02 1.347877737134695053e-02 1.989911496639251709e-02 3.025049809366464615e-03 2.613216824829578400e-02 1.191119197756052017e-03 2.702246187254786491e-03 1.963040605187416077e-02 8.115847595036029816e-04 2.186363562941551208e-02 3.428496047854423523e-02 3.034147061407566071e-02 2.194659598171710968e-02 4.462643992155790329e-03 1.754360971972346306e-03 2.375173382461071014e-03 2.237465046346187592e-02 3.196185827255249023e-02 5.806520581245422363e-03 1.210554037243127823e-02 2.239727787673473358e-02 2.781539969146251678e-02 7.219098042696714401e-03 7.738917483948171139e-04 2.007679268717765808e-02 5.495488643646240234e-02 5.149846896529197693e-02 1.965395733714103699e-02 1.426849514245986938e-02 1.061928458511829376e-03 2.594949118793010712e-02 3.053276613354682922e-02 5.460752174258232117e-02 2.716050017625093460e-03 1.044060569256544113e-02 1.428059022873640060e-02 9.023406892083585262e-04 1.028978638350963593e-02 2.430569753050804138e-02 9.157510939985513687e-04 1.409344933927059174e-02 1.082471339032053947e-03 1.669438183307647705e-02 2.377549745142459869e-02 1.666325377300381660e-03 2.106179669499397278e-02 1.936842687427997589e-02 9.100780822336673737e-03 1.289301924407482147e-02 3.335679695010185242e-02 1.791612803936004639e-02 3.566130250692367554e-02 2.740687225013971329e-03 1.944747380912303925e-02 4.564660601317882538e-03 6.844816263765096664e-03 1.012719888240098953e-02 1.294229179620742798e-03 9.473841637372970581e-03 1.497514639049768448e-02 6.631437689065933228e-03
1.659968309104442596e-02 6.511381827294826508e-03 3.250737674534320831e-03 7.917254231870174408e-03 1.864320039749145508e-02 2.796520665287971497e-02 2.373077720403671265e-02 8.282112888991832733e-03 8.131625056266784668e-01 3.941873833537101746e-02 1.011968031525611877e-02 1.761682360665872693e-04 1.242027734406292439e-03 1.634781435132026672e-02 6.201737094670534134e-03 1.123694516718387604e-02 1.446880958974361420e-02 6.272546201944351196e-02 4.343790467828512192e-03 1.366600766777992249e-02 4.453040193766355515e-03 5.534247029572725296e-04 4.497667308896780014e-03 6.449227221310138702e-04 1.182508934289216995e-02 7.461522705852985382e-03 1.558734197169542313e-02 1.925422623753547668e-02 1.365130767226219177e-02 3.431748226284980774e-02 8.745760656893253326e-03 2.173046581447124481e-03 1.682784967124462128e-02 7.081741932779550552e-03 1.250788569450378418e-02 1.535201631486415863e-02 1.571813249029219151e-03 7.832279428839683533e-03 1.504872925579547882e-02 1.641770638525485992e-02 1.807618327438831329e-02 2.217479050159454346e-02 2.603927254676818848e-02 2.291971445083618164e-02 1.756924018263816833e-02 1.158458832651376724e-02 7.169811986386775970e-03 1.953957788646221161e-02 2.760671637952327728e-02 1.159698143601417542e-02 1.545994263142347336e-02 7.622394245117902756e-03 2.108443994075059891e-03 2.764077484607696533e-02 2.110326476395130157e-02 1.588724902831017971e-03 1.319647207856178284e-02 1.926323398947715759e-02 5.822747014462947845e-03 3.680393565446138382e-03 5.517854355275630951e-03 1.261618733406066895e-02 1.378579437732696533e-02 9.479137137532234192e-03 6.724564824253320694e-03 1.204001344740390778e-02 2.116613648831844330e-02 1.849070563912391663e-02 2.081768587231636047e-02 1.068205665796995163e-02 3.610555827617645264e-02 1.671531423926353455e-02 7.790022064000368118e-03 1.691836304962635040e-02 1.023571658879518509e-02 1.657522283494472504e-02 6.853346526622772217e-02 3.824741765856742859e-02 6.055627763271331787e-02 2.254550531506538391e-02 6.104660686105489731e-03 5.964190233498811722e-03 4.532631859183311462e-02 2.427548170089721680e-02 8.567831479012966156e-03 2.164213173091411591e-02 7.424002978950738907e-03 2.698669210076332092e-02 1.378214545547962189e-02 2.770658396184444427e-02 2.308104000985622406e-02 5.067157093435525894e-03 1.105091907083988190e-02 1.444619707763195038e-02 1.096648164093494415e-02 1.799942553043365479e-02 1.712198741734027863e-02 1.238575670868158340e-02 2.593769133090972900e-02 2.851975336670875549e-02 7.224819622933864594e-03 2.514673164114356041e-03 1.943059079349040985e-02 1.714945584535598755e-02 1.458959467709064484e-02 3.707811702042818069e-03 1.066503953188657761e-02 3.127177804708480835e-02 1.168231014162302017e-03 9.479376487433910370e-03 1.030345540493726730e-02 2.866640686988830566e-02 8.159222197718918324e-04 2.205244451761245728e-02 8.661251515150070190e-03 8.419482037425041199e-03
2.556659094989299774e-02 1.164813712239265442e-02 8.414073847234249115e-03 8.416074328124523163e-03 2.876384928822517395e-02 1.423347927629947662e-02 3.539408743381500244e-02 2.202035300433635712e-02 3.941873833537101746e-02 8.131625056266784668e-01 2.281469292938709259e-02 3.186759352684020996e-02 5.340903531759977341e-03 1.024421956390142441e-02 1.966049149632453918e-02 1.438053790479898453e-03 1.683033653534948826e-03 1.238139253109693527e-02 1.717068604193627834e-03 4.624095279723405838e-03 6.214511580765247345e-03 2.360247075557708740e-02 1.676614279858767986e-03 1.516265235841274261e-02 1.550840493291616440e-02 4.566018469631671906e-03 2.674566768109798431e-02 1.332678738981485367e-02 1.180372317321598530e-03 1.981800235807895660e-02 8.058631792664527893e-03 1.595082692801952362e-02 2.065652236342430115e-02 2.834168635308742523e-02 1.771040260791778564e-02 8.975290693342685699e-03 1.005717460066080093e-02 2.719928696751594543e-02 1.693531125783920288e-02 7.994393818080425262e-03 1.606993377208709717e-02 1.680799759924411774e-02 4.670879989862442017e-02 1.111822295933961868e-02 1.490336656570434570e-02 3.495454415678977966e-02 5.572057794779539108e-03 4.708509519696235657e-02 2.938243001699447632e-02 4.891233891248703003e-02 4.175230860710144043e-03 4.960271529853343964e-03 3.001245437189936638e-03 1.809651590883731842e-02 2.716997824609279633e-02 4.228404164314270020e-02 9.331771172583103180e-03 1.240095868706703186e-02 1.092183776199817657e-02 6.109959911555051804e-03 1.388863846659660339e-02 3.615170251578092575e-03 1.177208311855792999e-02 2.215281873941421509e-02 1.745198294520378113e-02 5.533944815397262573e-03 9.353576024295762181e-05 2.343740127980709076e-02 8.762033656239509583e-03 2.977795712649822235e-02 1.579075003974139690e-03 5.678717512637376785e-03 4.135141149163246155e-03 2.268863096833229065e-02 1.532401982694864273e-02 4.864608403295278549e-03 1.546295545995235443e-02 4.909821599721908569e-02 3.146203234791755676e-02 4.946569725871086121e-02 2.708801627159118652e-02 1.308427751064300537e-02 3.152252733707427979e-02 2.370477840304374695e-02 9.389265440404415131e-03 4.387891665101051331e-02 1.331562269479036331e-02 1.327933929860591888e-02 1.783482171595096588e-02 2.122224494814872742e-02 2.178465388715267181e-02 1.476252917200326920e-02 5.639566108584403992e-03 2.806784585118293762e-03 4.440492950379848480e-03 6.203440483659505844e-03 1.667166873812675476e-02 2.088789828121662140e-02 2.945364080369472504e-02 4.539474099874496460e-02 1.121093984693288803e-02 2.196529135107994080e-02 1.822304725646972656e-02 2.600069530308246613e-02 1.982445828616619110e-03 9.903464466333389282e-03 1.457965839654207230e-02 3.199077909812331200e-03 1.797484606504440308e-02 1.576537266373634338e-03 9.024940431118011475e-03 1.215590629726648331e-02 1.386660523712635040e-02 3.735820949077606201e-02 2.568724565207958221e-02 2.567299082875251770e-02
7.391867786645889282e-02 5.566814914345741272e-02 2.406320348381996155e-02 1.214605104178190231e-02 1.389646716415882111e-02 3.576730191707611084e-02 6.313562393188476562e-02 9.063766337931156158e-03 1.011968031525611877e-02 2.281469292938709259e-02 8.131625056266784668e-01 2.842762973159551620e-03 4.042004793882369995e-02 2.126225270330905914e-02 8.428970351815223694e-03 1.560320053249597549e-02 2.556144492700695992e-03 8.188853040337562561e-03 6.471229251474142075e-03 1.398222055286169052e-02 2.403199113905429840e-02 2.100031077861785889e-02 2.537893876433372498e-02 2.005405537784099579e-02 4.494319669902324677e-03 8.101826533675193787e-04 1.179283368401229382e-03 1.776979677379131317e-02 5.984261166304349899e-03 5.265295971184968948e-03 1.721923984587192535e-02 8.196742273867130280e-03 5.373540334403514862e-03 2.143468149006366730e-02 5.264172330498695374e-03 2.109730243682861328e-02 3.753709141165018082e-03 6.265127100050449371e-03 1.886715181171894073e-02 6.492882501333951950e-03 2.618134394288063049e-02 1.347395591437816620e-02 2.645423263311386108e-02 5.323872435837984085e-03 2.420341968536376953e-02 2.596436440944671631e-02 6.982494145631790161e-03 3.291022032499313354e-02 9.112346917390823364e-03 1.885667443275451660e-02 7.648018188774585724e-03 1.207007747143507004e-02 2.703430131077766418e-02 7.399747613817453384e-03 1.213323790580034256e-02 2.063971199095249176e-02 1.023832429200410843e-02 1.871071942150592804e-02 3.349633142352104187e-02 2.156165987253189087e-02 1.554473070427775383e-03 1.304101315326988697e-04 9.189766831696033478e-03 1.522368006408214569e-02 4.125524684786796570e-02 8.408553898334503174e-03 5.776450037956237793e-03 1.911085098981857300e-02 4.016058519482612610e-03 3.131084144115447998e-02 9.912625886499881744e-03 4.882731474936008453e-03 1.684844866394996643e-02 1.304349023848772049e-02 1.638025417923927307e-02 9.122284827753901482e-04 2.682944992557168007e-03 1.741154305636882782e-02 1.469469070434570312e-02 5.628907121717929840e-03 1.451502670533955097e-03 5.611288943327963352e-04 1.079502142965793610e-02 7.874709554016590118e-03 6.957343313843011856e-03 2.592721022665500641e-02 3.412980958819389343e-02 3.796414006501436234e-03 3.092768974602222443e-02 2.167415060102939606e-02 2.989525347948074341e-02 4.743623360991477966e-02 1.723359152674674988e-02 2.384659601375460625e-03 3.835571184754371643e-02 1.912364363670349121e-02 2.206115983426570892e-02 1.240634266287088394e-02 1.890434697270393372e-02 3.408141434192657471e-02 1.551675796508789062e-02 1.627003774046897888e-02 1.345253735780715942e-02 1.453152112662792206e-02 2.976471092551946640e-03 1.055687759071588516e-02 6.822618190199136734e-03 9.016526746563613415e-04 2.152273058891296387e-02 2.960300073027610779e-02 1.152210216969251633e-02 3.645538119599223137e-03 1.634396798908710480e-02 2.818979322910308838e-02 5.645455326884984970e-03 1.090153492987155914e-02
1.017772872000932693e-02 4.353403113782405853e-03 7.165214046835899353e-04 7.324874401092529297e-03 2.271967241540551186e-03 2.067069336771965027e-02 1.314493082463741302e-02 2.343746460974216461e-02 1.761682360665872693e-04 3.186759352684020996e-02 2.842762973159551620e-03 8.131625056266784668e-01 2.309155277907848358e-02 6.010927632451057434e-02 5.284063983708620071e-03 9.223011322319507599e-03 1.124724093824625015e-02 8.631298318505287170e-03 3.617130219936370850e-02 1.216565817594528198e-02 2.254524640738964081e-02 2.239058725535869598e-02 3.898156434297561646e-02 2.466424182057380676e-02 1.449202094227075577e-02 1.598623394966125488e-02 2.847892045974731445e-02 3.806712105870246887e-02 6.221719551831483841e-03 3.902010992169380188e-02 3.155968384817242622e-03 4.976564552634954453e-03 1.278577488847076893e-03 2.378263883292675018e-02 2.877132408320903778e-02 2.011477760970592499e-02 3.028140170499682426e-03 2.048166282474994659e-02 1.610949449241161346e-02 3.802341816481202841e-04 1.309914886951446533e-02 2.045973204076290131e-02 1.985995098948478699e-02 7.408403325825929642e-03 4.198591411113739014e-02 4.540945868939161301e-03 2.697275392711162567e-02 2.264599315822124481e-02 9.796843864023685455e-03 4.220989719033241272e-02 3.326950967311859131e-02 4.360717535018920898e-02 1.596678420901298523e-02 3.563671559095382690e-02 3.051201626658439636e-02 4.097650945186614990e-02 7.580834790132939816e-05 3.674585372209548950e-02 2.489582635462284088e-02 2.132576517760753632e-02 2.473425120115280151e-02 2.904704213142395020e-02 1.778642088174819946e-02 3.470841422677040100e-02 5.261159967631101608e-03 1.791420578956604004e-02 2.067392878234386444e-02 9.934516623616218567e-03 2.230056189000606537e-02 1.096450840122997761e-03 7.494745776057243347e-03 2.423862926661968231e-02 1.274386141449213028e-02 1.722877286374568939e-02 8.051175624132156372e-03 2.158041670918464661e-02 3.183139860630035400e-02 8.833808824419975281e-03 2.728447690606117249e-02 1.268125046044588089e-02 1.569281518459320068e-02 9.566071443259716034e-03 5.251075606793165207e-03 2.371016331017017365e-02 2.205832675099372864e-02 1.612477377057075500e-02 1.170050073415040970e-02 1.073764171451330185e-02 2.306952327489852905e-02 1.712680794298648834e-02 9.118300862610340118e-03 1.739337923936545849e-03 1.719146594405174255e-02 4.092098213732242584e-03 5.550142843276262283e-03 2.264441922307014465e-02 7.805459201335906982e-03 2.425565384328365326e-02 2.654395438730716705e-02 2.018837258219718933e-03 2.959119854494929314e-03 1.039363723248243332e-02 1.560076326131820679e-02 1.467659324407577515e-02 1.985768415033817291e-02 1.874415576457977295e-02 2.715778537094593048e-03 9.573657996952533722e-03 3.296415088698267937e-03 1.669711060822010040e-02 1.525656506419181824e-02 1.565657183527946472e-02 2.065885253250598907e-02 2.128717117011547089e-02 5.198268685489892960e-03 3.181206062436103821e-02
1.812347210943698883e-02 7.272025197744369507e-02 2.604835107922554016e-02 1.860342919826507568e-02 8.241969160735607147e-03 1.438584364950656891e-02 1.340912003070116043e-02 1.988705806434154510e-02 1.242027734406292439e-03 5.340903531759977341e-03 4.042004793882369995e-02 2.309155277907848358e-02 8.131625056266784668e-01 1.894786721095442772e-03 2.726734243333339691e-02 7.876079529523849487e-03 1.023874990642070770e-02 4.737334791570901871e-03 1.281292457133531570e-02 1.971357688307762146e-02 2.264095842838287354e-02 4.914321005344390869e-02 3.089739009737968445e-02 4.537322558462619781e-03 1.316633261740207672e-02 1.460151653736829758e-02 2.278885245323181152e-02 2.479763003066182137e-03 1.765187014825642109e-03 5.206069909036159515e-03 1.368011627346277237e-02 1.477822568267583847e-02 9.880797006189823151e-03 3.082228824496269226e-02 8.411565795540809631e-03 2.684435574337840080e-03 1.080519426614046097e-02 1.148028485476970673e-02 2.878507412970066071e-02 1.128270663321018219e-02 1.494095195084810257e-03 2.455434761941432953e-02 2.232296764850616455e-02 3.476758254691958427e-03 1.656687818467617035e-02 1.581009104847908020e-02 5.889835581183433533e-02 2.462540008127689362e-02 9.437698870897293091e-03 2.092755399644374847e-02 6.418217672035098076e-04 9.495679289102554321e-03 6.550183519721031189e-03 1.572388224303722382e-02 1.122565194964408875e-02 2.540162578225135803e-02 4.740789067000150681e-03 1.891367696225643158e-02 1.481367088854312897e-02 2.406442165374755859e-02 8.276310749351978302e-03 2.693896926939487457e-02 1.551283709704875946e-02 4.830469377338886261e-03 5.221790634095668793e-03 2.220828644931316376e-02 1.824111561290919781e-03 2.274948731064796448e-02 1.551910303533077240e-02 9.046999737620353699e-03 2.102531492710113525e-03 2.976629137992858887e-02 5.899738986045122147e-03 2.182660251855850220e-02 1.560604572296142578e-02 3.832635283470153809e-02 7.086622063070535660e-03 8.059171959757804871e-03 7.184050045907497406e-03 1.979285664856433868e-02 7.900345139205455780e-03 1.933976775035262108e-03 1.107941940426826477e-02 2.536310814321041107e-03 6.061922758817672729e-03 4.131523892283439636e-03 4.011262953281402588e-02 1.259522605687379837e-02 2.088678814470767975e-02 5.604324862360954285e-03 3.300617262721061707e-02 3.256231173872947693e-02 3.445604071021080017e-02 2.771125547587871552e-02 1.363497413694858551e-02 1.487843319773674011e-02 2.759648300707340240e-02 3.690817207098007202e-02 3.803944448009133339e-03 4.529402591288089752e-03 6.815927568823099136e-03 1.421345584094524384e-02 2.477497421205043793e-02 1.545408740639686584e-02 3.492227522656321526e-03 9.670741856098175049e-03 2.808261103928089142e-02 1.108345482498407364e-02 3.188872337341308594e-02 9.621702134609222412e-03 1.046429667621850967e-02 1.803245954215526581e-02 1.874641142785549164e-02 1.451102923601865768e-02 5.000395234674215317e-03 9.376149624586105347e-03
