8.325730562210083008e-01 8.592300862073898315e-02 1.918147690594196320e-02 1.076159812510013580e-02 1.754721254110336304e-02 6.958855688571929932e-02 5.615035817027091980e-02 2.544249640777707100e-03 1.986116729676723480e-02 4.802670329809188843e-03 6.726206839084625244e-02 3.069078316912055016e-03 6.175696477293968201e-02 1.058364380151033401e-02 7.707644253969192505e-03 2.031645551323890686e-02 1.931396126747131348e-02 1.698355190455913544e-02 2.756851352751255035e-02 1.771090365946292877e-02 6.819745525717735291e-03 3.401309950277209282e-04 7.666308898478746414e-03 1.020453497767448425e-02 2.110987529158592224e-02 1.640892401337623596e-02 2.377243526279926300e-02 2.543538808822631836e-02 2.526920661330223083e-02 2.144632115960121155e-02 1.372117921710014343e-02 8.715828880667686462e-03 8.099698461592197418e-03 4.893528297543525696e-03 1.042711082845926285e-02 4.692229907959699631e-03 4.071452189236879349e-03 2.101629599928855896e-02 1.139044482260942459e-02 1.103691291064023972e-02 1.206052303314208984e-02 2.652353420853614807e-02 2.482244558632373810e-02 1.807535812258720398e-02 2.528105489909648895e-02 2.598172426223754883e-02 5.833395570516586304e-02 4.052941128611564636e-02 6.393138319253921509e-03 1.006135484203696251e-03 4.288975615054368973e-03 1.503604371100664139e-02 5.316109396517276764e-03 1.094657834619283676e-02 4.916902631521224976e-03 8.419034071266651154e-03 1.599154318682849407e-03 3.728544805198907852e-03 2.219144441187381744e-02 2.019161731004714966e-02 1.081668771803379059e-02 1.815300062298774719e-02 9.286645799875259399e-03 1.636028662323951721e-02 4.290054365992546082e-02 3.829979896545410156e-02 8.659389801323413849e-03 5.042416509240865707e-03 1.778385415673255920e-02 1.626358181238174438e-02 2.121478691697120667e-02 1.164297759532928467e-02 5.697820335626602173e-03 2.397330943495035172e-03 9.910121560096740723e-03 6.163543555885553360e-03 1.952272094786167145e-02 5.736608058214187622e-03 1.325592515058815479e-03 8.410564623773097992e-03 2.182936063036322594e-03 1.040173415094614029e-02 1.122579909861087799e-02 2.056994847953319550e-02 2.647769404575228691e-03 2.270983299240469933e-03 1.276249345391988754e-02 2.409107051789760590e-02 1.641619950532913208e-02 1.267351303249597549e-02 3.522722423076629639e-02 1.218735240399837494e-02 3.155346587300300598e-02 3.991663455963134766e-03 5.611394066363573074e-03 5.979050416499376297e-03 3.154717385768890381e-03 6.799381226301193237e-03 4.259636159986257553e-03 1.906864694319665432e-03 1.765701361000537872e-02 1.355521939694881439e-02 3.540962003171443939e-03 7.507211994379758835e-03 5.111918319016695023e-03 9.634449146687984467e-03 1.178881619125604630e-02 1.861139171523973346e-04 1.515190396457910538e-02 2.683797385543584824e-03 1.205188804306089878e-03 1.039946684613823891e-03 1.454444695264101028e-02 9.652107954025268555e-03 6.828542333096265793e-03 5.158945452421903610e-03
8.592300862073898315e-02 8.325730562210083008e-01 1.728750579059123993e-02 1.398204360157251358e-02 2.139734849333763123e-02 7.174929231405258179e-02 6.434175372123718262e-02 9.929006919264793396e-03 2.074411697685718536e-02 5.604633595794439316e-03 6.490059942007064819e-02 9.707856923341751099e-03 7.192371785640716553e-02 3.683665534481406212e-03 3.391976701095700264e-03 2.078538388013839722e-02 1.825455948710441589e-02 1.768052019178867340e-02 2.962478250265121460e-02 1.531029958277940750e-02 9.173071011900901794e-03 5.231186747550964355e-03 8.209989406168460846e-03 7.171233184635639191e-03 2.071642503142356873e-02 1.876757480204105377e-02 1.957123354077339172e-02 2.790095284581184387e-02 2.605665475130081177e-02 2.422178722918033600e-02 2.657745219767093658e-02 1.060865633189678192e-02 1.118210237473249435e-02 9.097548201680183411e-03 8.204298093914985657e-03 1.444732188247144222e-03 2.039742190390825272e-03 2.212427742779254913e-02 2.453524433076381683e-02 2.199902012944221497e-02 6.370339076966047287e-03 2.308325842022895813e-02 2.503420412540435791e-02 1.744248531758785248e-02 2.609924040734767914e-02 2.011024579405784607e-02 5.458505079150199890e-02 4.232809320092201233e-02 4.470379557460546494e-03 9.314295602962374687e-04 8.787234313786029816e-03 1.514324732124805450e-02 1.246214727871119976e-03 3.694018349051475525e-03 5.777263082563877106e-03 2.408534754067659378e-03 3.358953166753053665e-03 1.505209715105593204e-03 7.481038570404052734e-03 5.524944514036178589e-03 9.941788390278816223e-03 1.935125701129436493e-02 6.979953497648239136e-03 1.655161380767822266e-02 3.345293551683425903e-02 4.024940729141235352e-02 1.164950430393218994e-02 7.866499945521354675e-03 1.803941652178764343e-02 1.674164645373821259e-02 2.264511771500110626e-02 1.282616518437862396e-02 1.028442755341529846e-02 6.712474860250949860e-03 1.523996517062187195e-02 1.029675174504518509e-02 2.362949587404727936e-02 1.245855726301670074e-02 2.843201160430908203e-03 2.622485044412314892e-04 6.570038851350545883e-03 4.508806858211755753e-03 1.523597631603479385e-02 2.221531607210636139e-02 9.763375273905694485e-04 3.690647659823298454e-03 3.619568189606070518e-03 2.282058633863925934e-02 1.796333678066730499e-02 1.871753670275211334e-02 2.264901809394359589e-02 5.840186495333909988e-03 2.737931720912456512e-02 8.779220515862107277e-04 1.593494554981589317e-03 3.756710793823003769e-03 1.939976937137544155e-03 1.208559982478618622e-02 7.752408739179372787e-03 1.086166501045227051e-02 1.493481546640396118e-02 1.022095698863267899e-02 8.652410469949245453e-03 8.177453652024269104e-03 8.560473099350929260e-03 2.867923176381736994e-04 3.243589075282216072e-03 1.101829111576080322e-02 6.148162297904491425e-03 1.654974557459354401e-02 3.905870951712131500e-03 3.107597585767507553e-03 1.809809543192386627e-02 1.051260065287351608e-02 6.913404911756515503e-03 2.263977192342281342e-02
1.918147690594196320e-02 1.728750579059123993e-02 8.325730562210083008e-01 9.885523468255996704e-03 4.823452793061733246e-03 1.289258594624698162e-03 3.756119636818766594e-03 3.904253616929054260e-02 1.644196547567844391e-02 1.286078523844480515e-02 1.956312544643878937e-02 1.615468412637710571e-03 8.544808253645896912e-03 6.824731361120939255e-03 2.254817262291908264e-02 1.176452077925205231e-02 1.301064621657133102e-02 7.422330789268016815e-03 1.220614835619926453e-02 5.325023550540208817e-03 1.025283988565206528e-02 2.159669995307922363e-02 4.276276100426912308e-03 3.103404073044657707e-03 9.016888798214495182e-04 2.595085417851805687e-03 2.308148331940174103e-02 1.133637037128210068e-02 1.629472523927688599e-02 1.151888351887464523e-02 8.534266613423824310e-03 6.418682634830474854e-03 2.761184051632881165e-02 9.584925137460231781e-03 2.411809749901294708e-02 1.318226102739572525e-02 1.310158055275678635e-02 3.133202716708183289e-02 5.002659279853105545e-03 3.019976662471890450e-03 2.939993701875209808e-02 4.009361378848552704e-03 2.552761929109692574e-03 2.533962577581405640e-02 1.597272057551890612e-04 6.501399911940097809e-03 7.518831174820661545e-03 1.419311296194791794e-02 9.084639139473438263e-03 4.528721794486045837e-03 1.584816910326480865e-02 1.510244514793157578e-02 2.605598978698253632e-02 1.867201738059520721e-02 4.969874862581491470e-03 8.041395805776119232e-03 1.216970104724168777e-02 2.567275892943143845e-03 1.802936568856239319e-02 6.940170191228389740e-03 2.464013732969760895e-02 1.608606241643428802e-02 2.088496461510658264e-02 2.121138200163841248e-02 1.220253203064203262e-02 6.237071007490158081e-03 6.288978736847639084e-03 5.152978934347629547e-03 1.731537282466888428e-02 2.339725848287343979e-03 1.955226436257362366e-02 6.371319759637117386e-03 1.490676682442426682e-02 4.069806076586246490e-03 1.192898955196142197e-02 2.085956558585166931e-02 7.502066902816295624e-03 7.367799524217844009e-03 1.917034387588500977e-02 1.098994910717010498e-02 5.687153711915016174e-02 2.736433036625385284e-02 1.079802308231592178e-02 1.106460671871900558e-02 8.651316165924072266e-03 1.167875062674283981e-02 2.244308590888977051e-02 1.289297826588153839e-02 1.800379948690533638e-03 2.831098856404423714e-03 1.135894842445850372e-02 1.043432112783193588e-02 1.772651076316833496e-02 7.148998789489269257e-03 1.678939163684844971e-02 3.468885272741317749e-02 2.254914725199341774e-03 2.093246765434741974e-02 4.265307448804378510e-03 3.654079977422952652e-03 2.767454134300351143e-03 2.779848175123333931e-03 3.457552986219525337e-03 2.102933637797832489e-02 2.684680745005607605e-02 1.724380999803543091e-02 8.282097056508064270e-03 5.286783445626497269e-03 8.401651866734027863e-03 4.238099325448274612e-03 2.215743251144886017e-02 2.115522511303424835e-02 3.799831261858344078e-03 4.010173433925956488e-04 8.220932446420192719e-03 7.235346361994743347e-03
1.076159812510013580e-02 1.398204360157251358e-02 9.885523468255996704e-03 8.325730562210083008e-01 5.213977769017219543e-02 2.359975315630435944e-02 2.838158793747425079e-02 9.600564837455749512e-03 2.399309910833835602e-02 1.497872266918420792e-02 3.004356846213340759e-02 1.375631336122751236e-02 2.414782904088497162e-02 6.551445461809635162e-03 1.036327984184026718e-02 1.855786330997943878e-02 1.838844455778598785e-02 2.245822176337242126e-02 7.854010909795761108e-03 2.740082098171114922e-03 4.643820691853761673e-03 1.673386245965957642e-02 1.466370280832052231e-02 1.998690143227577209e-02 1.252310536801815033e-02 4.760859999805688858e-03 2.225660486146807671e-03 3.550345450639724731e-02 1.366006117314100266e-02 2.423761226236820221e-02 5.956676788628101349e-03 2.303448691964149475e-02 3.368460806086659431e-03 2.403070963919162750e-02 4.859934095293283463e-03 9.430223144590854645e-03 1.705806888639926910e-02 5.374914500862360001e-03 3.751584514975547791e-02 2.844760008156299591e-02 2.223186381161212921e-02 1.675936579704284668e-02 1.711532101035118103e-02 4.874131176620721817e-03 1.951008848845958710e-02 1.583132706582546234e-02 1.073579117655754089e-02 1.293200906366109848e-02 2.544808387756347656e-02 2.379430085420608521e-02 1.658151112496852875e-02 1.222621742635965347e-02 1.417950727045536041e-02 2.030663890764117241e-03 7.714018574915826321e-04 3.486993489786982536e-03 4.014968499541282654e-02 2.301562391221523285e-02 2.083821408450603485e-02 1.669375225901603699e-02 3.590782731771469116e-02 3.299116715788841248e-02 4.455579072237014771e-02 2.685868926346302032e-02 5.136228166520595551e-03 1.278854440897703171e-02 1.432254444807767868e-02 1.338548120111227036e-02 4.585896804928779602e-02 1.030096877366304398e-02 4.086726158857345581e-02 3.242978453636169434e-02 4.970499873161315918e-02 2.144705690443515778e-02 4.555783048272132874e-02 3.312112018465995789e-02 3.284652903676033020e-02 1.298821438103914261e-02 1.550949551165103912e-02 1.519313547760248184e-02 5.109405610710382462e-03 1.980445347726345062e-03 3.504946082830429077e-02 1.334940548986196518e-02 2.067731693387031555e-02 2.257104031741619110e-02 1.719094696454703808e-03 1.730492711067199707e-02 4.182646423578262329e-02 3.094515390694141388e-02 1.084465626627206802e-02 2.170863561332225800e-02 8.207555860280990601e-03 4.355589393526315689e-03 7.022644858807325363e-03 1.633170642890036106e-03 2.333188615739345551e-02 2.201639674603939056e-02 2.019713446497917175e-02 2.802006527781486511e-02 2.419656142592430115e-02 2.398779056966304779e-02 2.036090940237045288e-02 1.908774115145206451e-02 1.868241117335855961e-03 3.867265535518527031e-03 8.935182355344295502e-03 3.161398321390151978e-02 1.194030046463012695e-02 2.057855576276779175e-02 1.404102798551321030e-02 2.767052315175533295e-02 1.553729828447103500e-02 9.455258026719093323e-03 2.324565313756465912e-02 2.117966488003730774e-02
1.754721254110336304e-02 2.139734849333763123e-02 4.823452793061733246e-03 5.213977769017219543e-02 8.325730562210083008e-01 2.242927998304367065e-02 2.386751957237720490e-02 1.542010623961687088e-02 2.263601496815681458e-02 1.223164610564708710e-03 2.808536216616630554e-02 1.673576794564723969e-02 2.689682878553867340e-02 5.068561527878046036e-03 2.940930891782045364e-03 2.070884592831134796e-02 3.098626062273979187e-02 2.603830583393573761e-02 3.225846961140632629e-02 3.482388565316796303e-03 4.780637100338935852e-03 1.161980070173740387e-02 6.908657494932413101e-03 1.192677882499992847e-03 1.275542005896568298e-02 1.146034058183431625e-02 3.016400849446654320e-03 3.343793749809265137e-02 1.480648666620254517e-02 2.928777970373630524e-02 1.270620059221982956e-02 1.751001179218292236e-02 5.590593442320823669e-03 1.557711139321327209e-02 3.760323859751224518e-03 3.758736420422792435e-03 7.122228387743234634e-03 7.121647708117961884e-03 3.773834928870201111e-02 3.765280172228813171e-02 2.172628231346607208e-02 1.297506224364042282e-02 1.472003012895584106e-02 6.437385454773902893e-04 1.627169549465179443e-02 1.138393301516771317e-02 1.598874479532241821e-02 1.983223296701908112e-02 2.219669893383979797e-02 8.255060762166976929e-03 1.005086768418550491e-02 6.800803355872631073e-03 1.625642180442810059e-02 9.758935309946537018e-03 1.214239280670881271e-03 1.403158530592918396e-02 2.718740887939929962e-02 2.553472854197025299e-02 2.108915895223617554e-02 1.643095351755619049e-02 2.697895839810371399e-02 4.532872512936592102e-02 3.125666081905364990e-02 2.668809518218040466e-02 4.178246483206748962e-03 1.591844297945499420e-02 1.049552671611309052e-02 1.741847954690456390e-02 4.157480970025062561e-02 1.513744611293077469e-02 4.966842383146286011e-02 2.996019273996353149e-02 4.070058092474937439e-02 2.589278109371662140e-02 4.948756098747253418e-02 3.280007466673851013e-02 2.967358194291591644e-02 2.397114783525466919e-02 1.098839007318019867e-02 1.992128556594252586e-03 2.120424993336200714e-02 8.653337135910987854e-03 3.586807101964950562e-02 4.174833744764328003e-02 1.752934977412223816e-02 1.980663649737834930e-02 9.305966086685657501e-03 1.410483475774526596e-02 3.701365366578102112e-02 4.641674086451530457e-02 3.739055478945374489e-03 1.944521628320217133e-02 9.008279885165393353e-04 5.934490822255611420e-03 4.093834664672613144e-03 9.333026595413684845e-03 1.530819665640592575e-02 2.184782363474369049e-02 9.371710009872913361e-03 1.488161832094192505e-02 1.535189803689718246e-02 1.209504343569278717e-02 1.157775241881608963e-02 8.236857131123542786e-03 5.591645371168851852e-03 1.569861080497503281e-03 5.493296193890273571e-04 2.092218026518821716e-02 1.885422738268971443e-03 1.748765818774700165e-02 1.821768470108509064e-02 2.455036714673042297e-02 1.082785334438085556e-02 1.394631154835224152e-02 1.549513824284076691e-02 1.111580617725849152e-02
6.958855688571929932e-02 7.174929231405258179e-02 1.289258594624698162e-03 2.359975315630435944e-02 2.242927998304367065e-02 8.325730562210083008e-01 7.446499168872833252e-02 1.152658835053443909e-02 2.198310941457748413e-02 5.658772308379411697e-03 5.942209810018539429e-02 8.439212106168270111e-03 6.064080074429512024e-02 5.688711069524288177e-03 1.857161754742264748e-03 1.861940883100032806e-02 1.669841818511486053e-02 2.410219609737396240e-02 2.588626742362976074e-02 1.191234868019819260e-02 1.237822696566581726e-03 1.066744234412908554e-02 5.557665135711431503e-03 1.880551804788410664e-03 1.607346534729003906e-02 1.438361685723066330e-02 1.604713127017021179e-02 2.510695718228816986e-02 2.289747074246406555e-02 1.946292817592620850e-02 2.174366265535354614e-02 9.658849798142910004e-03 8.261404000222682953e-03 5.544880405068397522e-03 9.818967664614319801e-04 8.546514436602592468e-03 5.904770456254482269e-03 1.178047433495521545e-02 2.601799555122852325e-02 2.126534096896648407e-02 5.741485394537448883e-03 1.765805669128894806e-02 1.545998640358448029e-02 9.787308052182197571e-03 1.835972070693969727e-02 6.980743259191513062e-03 6.803287565708160400e-02 5.247766524553298950e-02 5.405114032328128815e-03 6.023728754371404648e-03 1.218523248098790646e-03 4.821640904992818832e-03 1.598066836595535278e-02 6.774782668799161911e-03 1.926604163600131869e-04 6.457827053964138031e-03 1.434706244617700577e-02 5.300766788423061371e-03 3.748944029211997986e-03 8.801634539850056171e-04 2.256457693874835968e-02 2.866401337087154388e-02 2.451333962380886078e-02 2.371868491172790527e-02 2.612170390784740448e-02 3.509747609496116638e-02 1.071324758231639862e-02 5.968219600617885590e-03 2.328563481569290161e-02 1.044478453695774078e-02 2.865976840257644653e-02 1.986986026167869568e-02 2.006611600518226624e-02 1.693986542522907257e-02 2.091552875936031342e-02 1.977469585835933685e-02 3.351084142923355103e-02 2.494815550744533539e-02 1.349641126580536366e-03 3.498785896226763725e-03 1.367133343592286110e-03 4.717286501545459032e-04 2.068808488547801971e-02 1.993813179433345795e-02 1.354386913590133190e-04 3.809373127296566963e-03 1.780181075446307659e-03 2.371616475284099579e-02 1.715274527668952942e-02 1.787458732724189758e-02 2.806592918932437897e-02 1.310864184051752090e-02 3.859719261527061462e-02 1.125763054005801678e-03 1.669542491436004639e-02 1.548005267977714539e-02 4.018490202724933624e-03 1.278394274413585663e-02 2.073218813166022301e-03 5.988975521177053452e-03 4.190579988062381744e-03 1.068628276698291302e-03 7.837956771254539490e-03 2.506471704691648483e-03 1.925012655556201935e-02 1.037308853119611740e-02 1.477940706536173820e-03 2.228846587240695953e-02 7.459064363501966000e-04 2.301401086151599884e-02 1.165304891765117645e-02 1.193352788686752319e-02 1.134064979851245880e-02 3.356392495334148407e-03 1.851650141179561615e-02 1.939057372510433197e-02
5.615035817027091980e-02 6.434175372123718262e-02 3.756119636818766594e-03 2.838158793747425079e-02 2.386751957237720490e-02 7.446499168872833252e-02 8.325730562210083008e-01 1.566682383418083191e-02 2.707866020500659943e-02 4.734317772090435028e-03 5.535230040550231934e-02 4.922928754240274429e-03 5.768675357103347778e-02 1.777484826743602753e-02 2.037594327703118324e-03 1.597896218299865723e-02 1.312137674540281296e-02 2.703508175909519196e-02 1.497231516987085342e-02 1.091684959828853607e-02 4.705037921667098999e-03 1.139114424586296082e-02 1.923755742609500885e-03 1.112826634198427200e-02 1.501296367496252060e-02 1.190858054906129837e-02 7.908015511929988861e-03 1.987083442509174347e-02 1.915342174470424652e-02 1.062057167291641235e-02 2.054589986801147461e-02 9.326161816716194153e-03 3.266180166974663734e-03 7.215860765427350998e-03 2.840562257915735245e-03 1.024522446095943451e-02 2.596203470602631569e-03 7.987990044057369232e-03 2.854005992412567139e-02 2.261430956423282623e-02 1.297317910939455032e-02 1.230942644178867340e-02 1.936131715774536133e-02 1.602255180478096008e-02 2.241326682269573212e-02 1.428168080747127533e-02 5.718532577157020569e-02 5.233214423060417175e-02 2.012148033827543259e-03 2.889555413275957108e-03 7.833782583475112915e-03 1.144429296255111694e-02 2.168761752545833588e-02 7.699565030634403229e-03 8.579635061323642731e-03 1.684780814684927464e-03 2.205654233694076538e-02 6.511735264211893082e-03 1.288941316306591034e-02 5.230370908975601196e-03 2.838970534503459930e-02 2.990354783833026886e-02 2.925560250878334045e-02 2.586901374161243439e-02 2.489214763045310974e-02 3.772976994514465332e-02 1.092560682445764542e-02 6.738341413438320160e-03 2.826489880681037903e-02 8.667821064591407776e-03 2.573428675532341003e-02 2.360904589295387268e-02 2.526125684380531311e-02 1.696304418146610260e-02 2.229845710098743439e-02 2.535255439579486847e-02 3.607934713363647461e-02 1.042254921048879623e-02 2.374190138652920723e-03 7.119708461686968803e-04 7.400628644973039627e-03 1.682491856627166271e-03 2.287005819380283356e-02 6.515471730381250381e-03 8.666474604979157448e-04 9.146487718680873513e-05 7.235181517899036407e-03 2.141352184116840363e-02 2.409849502146244049e-02 1.452876813709735870e-02 1.799149625003337860e-02 1.258229743689298630e-02 3.767846152186393738e-02 8.565725758671760559e-03 2.247147448360919952e-02 1.681178435683250427e-02 1.110775396227836609e-02 1.907255128026008606e-02 3.633316606283187866e-03 1.341886259615421295e-02 7.332762237638235092e-03 7.154157385230064392e-03 3.039017319679260254e-03 6.816592533141374588e-03 2.100412733852863312e-02 5.967254284769296646e-03 4.678621189668774605e-04 2.925579063594341278e-02 5.446097347885370255e-03 2.449467219412326813e-02 1.241243071854114532e-02 1.591229066252708435e-02 1.429632585495710373e-02 1.194361248053610325e-03 2.029458992183208466e-02 2.779619954526424408e-02
2.544249640777707100e-03 9.929006919264793396e-03 3.904253616929054260e-02 9.600564837455749512e-03 1.542010623961687088e-02 1.152658835053443909e-02 1.566682383418083191e-02 8.325730562210083008e-01 1.295617083087563515e-03 1.056469045579433441e-03 6.641109939664602280e-03 9.737182408571243286e-03 9.736621752381324768e-03 9.627534076571464539e-03 4.826806113123893738e-02 3.550175460986793041e-04 7.729268399998545647e-04 7.254534866660833359e-03 1.938105188310146332e-02 2.064870297908782959e-02 2.591388672590255737e-02 3.633411228656768799e-02 7.300504948943853378e-03 6.210641469806432724e-03 1.454737316817045212e-02 1.365139987319707870e-02 1.512494310736656189e-02 1.457806024700403214e-02 5.549051798880100250e-03 1.523179467767477036e-02 1.138092484325170517e-02 7.831264287233352661e-03 5.218961276113986969e-03 8.493233472108840942e-03 2.374269068241119385e-02 2.157214097678661346e-02 2.411447465419769287e-02 2.921335399150848389e-02 3.118123672902584076e-02 2.852876298129558563e-02 2.792483195662498474e-02 9.091061074286699295e-04 8.738513104617595673e-03 1.442041713744401932e-02 5.911968182772397995e-03 2.896527992561459541e-03 2.365661226212978363e-02 2.190715074539184570e-02 8.689985610544681549e-03 2.186224330216646194e-03 2.272373251616954803e-02 3.010852634906768799e-02 2.623330429196357727e-02 3.508117049932479858e-02 8.194164372980594635e-03 5.936671048402786255e-03 1.324046496301889420e-02 2.358539029955863953e-02 2.405614778399467468e-02 3.223695605993270874e-02 7.664261502213776112e-04 7.950039580464363098e-03 4.719397984445095062e-03 1.367190014570951462e-02 6.564696086570620537e-04 1.052008755505084991e-02 2.150594256818294525e-02 2.167891710996627808e-02 8.408457040786743164e-03 6.171992863528430462e-04 1.354530174285173416e-02 1.789515465497970581e-02 1.033371593803167343e-02 2.167468518018722534e-02 8.013017475605010986e-03 1.968532614409923553e-02 6.095505785197019577e-03 8.098255842924118042e-03 5.130321718752384186e-03 1.641256734728813171e-03 7.329177111387252808e-02 5.799524113535881042e-02 5.068018101155757904e-03 1.456672139465808868e-02 7.105766329914331436e-03 3.045916091650724411e-03 5.126759409904479980e-02 2.382541447877883911e-02 8.613196201622486115e-03 7.566095795482397079e-03 1.458510942757129669e-02 3.883251454681158066e-03 2.127281948924064636e-02 1.072914991527795792e-02 1.820537447929382324e-02 1.632191985845565796e-02 1.933851308422163129e-04 1.251989603042602539e-02 3.567538224160671234e-03 9.053739719092845917e-03 1.442360877990722656e-02 1.715117320418357849e-02 7.512867450714111328e-03 4.023462999612092972e-03 3.740645945072174072e-02 2.692599780857563019e-02 2.116330526769161224e-02 1.233549322932958603e-02 2.640608139336109161e-02 1.966987177729606628e-02 3.345302073284983635e-03 1.493443828076124191e-02 1.877618581056594849e-02 1.883794739842414856e-02 4.075318574905395508e-03 4.214074928313493729e-03
1.986116729676723480e-02 2.074411697685718536e-02 1.644196547567844391e-02 2.399309910833835602e-02 2.263601496815681458e-02 2.198310941457748413e-02 2.707866020500659943e-02 1.295617083087563515e-03 8.325730562210083008e-01 3.020009398460388184e-02 2.490236423909664154e-02 4.477627947926521301e-02 2.189536578953266144e-02 1.940500736236572266e-02 1.154143735766410828e-02 1.508853957056999207e-02 1.294454652816057205e-02 5.419220775365829468e-02 3.011631965637207031e-02 1.007425785064697266e-02 1.267670746892690659e-02 1.683513447642326355e-02 1.743202097713947296e-02 1.803466817364096642e-03 2.093439735472202301e-02 2.649490721523761749e-02 1.202108897268772125e-02 1.172050274908542633e-02 1.441544014960527420e-02 3.705565351992845535e-03 1.897097937762737274e-02 7.938622497022151947e-03 2.475470304489135742e-03 1.018695067614316940e-02 2.016405388712882996e-02 3.170537529513239861e-03 1.889218017458915710e-02 3.890662919729948044e-03 1.929066260345280170e-03 3.178939921781420708e-03 3.035448957234621048e-03 1.190472859889268875e-02 8.797016926109790802e-03 7.907307706773281097e-03 2.293434739112854004e-02 9.801010601222515106e-03 1.437649037688970566e-02 2.440365776419639587e-02 1.299319695681333542e-02 7.447958923876285553e-04 9.126381948590278625e-03 8.900075219571590424e-03 9.520917199552059174e-03 8.003807626664638519e-03 2.549087814986705780e-02 1.479587331414222717e-02 1.388501469045877457e-02 1.309498678892850876e-02 8.517256006598472595e-03 2.176720183342695236e-03 2.106620371341705322e-02 4.675190895795822144e-03 2.463409304618835449e-02 3.064896212890744209e-03 1.226053293794393539e-02 1.366678997874259949e-02 6.995008327066898346e-03 7.300824858248233795e-03 4.440990462899208069e-02 9.991506114602088928e-03 2.757321670651435852e-02 4.272298514842987061e-02 1.131284981966018677e-02 1.642809249460697174e-02 1.021553948521614075e-02 3.729739412665367126e-02 7.814522832632064819e-02 3.557543829083442688e-02 3.302638977766036987e-02 1.709186471998691559e-03 1.198205258697271347e-02 1.235628034919500351e-02 5.165592581033706665e-02 4.698622971773147583e-03 1.020055729895830154e-02 6.628437899053096771e-03 1.280585303902626038e-02 2.742696180939674377e-02 4.485904052853584290e-02 2.658955380320549011e-02 9.663797914981842041e-03 2.529849484562873840e-02 1.290854159742593765e-02 3.609113162383437157e-03 2.040787367150187492e-03 1.658238098025321960e-02 2.589064277708530426e-02 2.288144081830978394e-02 1.137530803680419922e-02 9.288066066801548004e-03 2.337113721296191216e-03 1.467849034816026688e-02 1.264757569879293442e-02 8.223615586757659912e-03 1.464546937495470047e-02 2.003459632396697998e-02 3.361637238413095474e-03 1.336107030510902405e-02 1.603055745363235474e-02 4.252572543919086456e-04 6.214700173586606979e-03 7.136411964893341064e-03 4.378933459520339966e-03 4.592035547830164433e-04 1.232796581462025642e-03 1.839847862720489502e-02
4.802670329809188843e-03 5.604633595794439316e-03 1.286078523844480515e-02 1.497872266918420792e-02 1.223164610564708710e-03 5.658772308379411697e-03 4.734317772090435028e-03 1.056469045579433441e-03 3.020009398460388184e-02 8.325730562210083008e-01 3.025078447535634041e-03 1.161827333271503448e-02 3.119942266494035721e-03 2.617085352540016174e-02 5.740039981901645660e-03 9.262107778340578079e-04 9.266379289329051971e-03 1.278820354491472244e-02 7.529612630605697632e-02 1.027673389762639999e-02 7.840281352400779724e-03 8.751437999308109283e-03 2.721632458269596100e-02 4.855454713106155396e-02 7.585656363517045975e-03 1.105873845517635345e-02 5.263097584247589111e-03 1.095222961157560349e-02 2.514851745218038559e-03 4.454175941646099091e-03 1.529116649180650711e-02 2.060881257057189941e-02 2.852677833288908005e-03 2.662052772939205170e-02 7.780695334076881409e-03 8.432658389210700989e-03 7.402679882943630219e-03 5.145832430571317673e-03 9.626497514545917511e-03 6.685270462185144424e-03 5.738642532378435135e-03 2.469679154455661774e-02 2.410424686968326569e-02 1.598000898957252502e-02 3.681297600269317627e-02 4.457682743668556213e-02 5.329056177288293839e-03 1.052000676281750202e-03 2.942051924765110016e-02 6.325651705265045166e-02 7.224674336612224579e-03 1.150664035230875015e-02 7.551107089966535568e-03 5.297815427184104919e-03 1.134752575308084488e-02 4.020570218563079834e-02 3.306601569056510925e-02 6.361503619700670242e-03 1.757241599261760712e-02 1.070810575038194656e-02 1.793349534273147583e-02 6.581473280675709248e-04 2.584848180413246155e-02 2.106180973351001740e-02 7.563370745629072189e-03 7.717105094343423843e-03 2.253386564552783966e-02 1.620596088469028473e-02 9.936837479472160339e-03 1.646682992577552795e-02 6.839167326688766479e-03 5.262880586087703705e-03 2.765525132417678833e-02 2.481507696211338043e-02 1.451914105564355850e-02 4.360608872957527637e-04 1.095790229737758636e-02 7.063423097133636475e-02 4.275827482342720032e-02 6.162175536155700684e-02 8.627503179013729095e-03 5.905869416892528534e-03 7.649915758520364761e-03 5.330324545502662659e-02 3.044495917856693268e-02 4.302140697836875916e-02 8.901840075850486755e-03 9.211164899170398712e-03 1.130505464971065521e-02 2.222660556435585022e-02 1.128440629690885544e-02 1.238116435706615448e-02 7.219290360808372498e-03 2.070333575829863548e-03 1.055898610502481461e-02 8.127731853164732456e-04 8.793558226898312569e-04 4.252684302628040314e-03 3.104906342923641205e-02 3.528722375631332397e-02 2.347376197576522827e-02 2.390021458268165588e-02 1.039831619709730148e-02 1.114838663488626480e-02 2.560051158070564270e-03 1.327666686847805977e-03 1.334479823708534241e-02 1.625088229775428772e-02 1.649460569024085999e-02 1.634348370134830475e-02 1.299875043332576752e-02 1.987213455140590668e-02 1.486411318182945251e-02 1.911850646138191223e-02 5.252604372799396515e-03 2.765343757346272469e-03
6.726206839084625244e-02 6.490059942007064819e-02 1.956312544643878937e-02 3.004356846213340759e-02 2.808536216616630554e-02 5.942209810018539429e-02 5.535230040550231934e-02 6.641109939664602280e-03 2.490236423909664154e-02 3.025078447535634041e-03 8.325730562210083008e-01 2.431276068091392517e-02 6.611347943544387817e-02 7.647846359759569168e-03 6.396190728992223740e-03 1.852402463555335999e-02 1.251619216054677963e-02 1.219584885984659195e-02 2.050641924142837524e-02 9.845772758126258850e-03 8.033725316636264324e-04 1.200792565941810608e-02 4.303419962525367737e-03 1.643488067202270031e-03 1.596800051629543304e-02 1.348767150193452835e-02 3.545732423663139343e-02 3.502183407545089722e-02 2.854184247553348541e-02 3.194485232234001160e-02 3.184922412037849426e-02 1.494404952973127365e-02 1.492739096283912659e-02 9.737274609506130219e-03 1.164179202169179916e-02 9.767274372279644012e-03 3.339498769491910934e-03 1.931148581206798553e-02 2.777898125350475311e-02 2.699742279946804047e-02 3.176988975610584021e-04 1.495444402098655701e-02 2.678206190466880798e-02 2.570257708430290222e-02 1.125231385231018066e-02 1.215196028351783752e-02 5.575038492679595947e-02 4.480079561471939087e-02 1.328220590949058533e-03 2.239178400486707687e-03 1.569607108831405640e-02 1.396452262997627258e-02 3.774282522499561310e-03 6.928139482624828815e-04 6.319380365312099457e-03 3.466994676273316145e-04 1.729768142104148865e-02 3.231459762901067734e-03 2.468361053615808487e-03 9.871197398751974106e-04 1.085936464369297028e-02 1.612333022058010101e-02 2.185893245041370392e-02 1.602600328624248505e-02 4.631094634532928467e-02 4.368174076080322266e-02 6.961248349398374557e-03 2.877524588257074356e-03 2.069689333438873291e-02 1.649089739657938480e-03 1.838995888829231262e-02 1.508158911019563675e-02 2.769922465085983276e-02 1.125189661979675293e-02 2.468156255781650543e-02 1.356577221304178238e-02 2.556688711047172546e-02 5.867081228643655777e-03 5.378306377679109573e-03 3.878153394907712936e-03 1.116577768698334694e-04 2.069792943075299263e-03 1.519752014428377151e-02 2.448551915585994720e-02 3.820074023678898811e-03 1.533950911834836006e-03 1.038278080523014069e-02 2.618885412812232971e-02 2.886021323502063751e-02 2.203954942524433136e-02 1.712959446012973785e-02 3.128881007432937622e-02 3.054600395262241364e-02 3.764073830097913742e-03 2.353335730731487274e-02 1.856738515198230743e-02 1.272530201822519302e-02 7.067669183015823364e-03 6.950158160179853439e-03 1.883761025965213776e-02 1.460737735033035278e-02 1.283786725252866745e-02 7.718095090240240097e-03 3.139446256682276726e-03 2.646204084157943726e-03 9.055483387783169746e-04 2.202271716669201851e-03 1.582600176334381104e-02 1.205969695001840591e-02 1.482895947992801666e-02 1.928057172335684299e-03 1.037997938692569733e-02 1.166800875216722488e-02 4.147558007389307022e-03 1.895815320312976837e-02 2.540469169616699219e-02
3.069078316912055016e-03 9.707856923341751099e-03 1.615468412637710571e-03 1.375631336122751236e-02 1.673576794564723969e-02 8.439212106168270111e-03 4.922928754240274429e-03 9.737182408571243286e-03 4.477627947926521301e-02 1.161827333271503448e-02 2.431276068091392517e-02 8.325730562210083008e-01 2.655127272009849548e-02 8.971190452575683594e-02 6.711364258080720901e-03 4.449855536222457886e-03 2.682687249034643173e-03 8.786491118371486664e-03 1.459945645183324814e-02 1.675256714224815369e-02 8.858259767293930054e-03 2.214886434376239777e-02 4.235393181443214417e-02 1.991225779056549072e-02 4.671132657676935196e-03 4.914950113743543625e-04 1.712572202086448669e-02 4.674793407320976257e-02 2.832042425870895386e-02 4.822209849953651428e-02 4.031113907694816589e-02 4.157839808613061905e-03 8.674812270328402519e-04 1.247856672853231430e-02 6.072746589779853821e-03 5.324931349605321884e-03 4.485020413994789124e-03 8.266847580671310425e-03 1.885248348116874695e-02 1.689282990992069244e-02 9.074079804122447968e-03 4.131354857236146927e-03 4.965969361364841461e-03 1.316944509744644165e-02 4.407236725091934204e-02 3.379411995410919189e-02 1.123150251805782318e-02 1.835222356021404266e-02 8.399699814617633820e-03 1.894409582018852234e-02 3.950068276026286185e-05 1.269883383065462112e-02 1.731677912175655365e-02 1.365283969789743423e-02 1.281511504203081131e-04 1.131063885986804962e-02 1.904095523059368134e-02 1.214028149843215942e-02 1.934317126870155334e-02 2.000401169061660767e-02 1.051711756736040115e-02 6.346815731376409531e-03 1.590341143310070038e-02 9.581477381289005280e-03 2.294817939400672913e-02 3.044244460761547089e-02 2.638603793457150459e-03 2.550738630816340446e-03 1.066105440258979797e-02 3.321256116032600403e-02 1.335132680833339691e-02 9.806980378925800323e-03 2.475039847195148468e-02 4.404602514114230871e-04 2.364364080131053925e-02 1.769686304032802582e-02 4.322156310081481934e-02 3.135926648974418640e-02 1.899726130068302155e-02 1.129036117345094681e-02 4.407206084579229355e-03 2.075404115021228790e-02 2.668574638664722443e-02 2.580247074365615845e-02 9.405277669429779053e-03 2.908858470618724823e-03 5.070622544735670090e-03 2.320388704538345337e-02 3.507814556360244751e-02 4.445059224963188171e-02 1.363203488290309906e-02 4.428534582257270813e-02 8.020121458685025573e-05 2.757550403475761414e-02 1.495234854519367218e-02 5.730700679123401642e-03 4.686580039560794830e-03 9.980283677577972412e-03 1.091028749942779541e-02 1.978194899857044220e-02 7.840008474886417389e-03 1.302748685702681541e-03 5.337690003216266632e-03 1.450158073566854000e-03 8.183918893337249756e-03 1.217793859541416168e-02 5.463356617838144302e-03 1.292507164180278778e-02 3.413457889109849930e-04 4.833692219108343124e-03 5.758767481893301010e-03 1.057654246687889099e-02 2.269809599965810776e-03 6.063692737370729446e-03 1.918844529427587986e-03 1.492579560726881027e-02
6.175696477293968201e-02 7.192371785640716553e-02 8.544808253645896912e-03 2.414782904088497162e-02 2.689682878553867340e-02 6.064080074429512024e-02 5.768675357103347778e-02 9.736621752381324768e-03 2.189536578953266144e-02 3.119942266494035721e-03 6.611347943544387817e-02 2.655127272009849548e-02 8.325730562210083008e-01 1.126178633421659470e-02 1.044697593897581100e-02 2.118120901286602020e-02 1.995575055480003357e-02 1.900089159607887268e-02 2.173482999205589294e-02 1.361243706196546555e-02 8.218105882406234741e-03 7.678227033466100693e-03 1.210123952478170395e-02 1.098006032407283783e-02 2.006904035806655884e-02 1.784545369446277618e-02 2.677639760076999664e-02 3.753132000565528870e-02 2.374039404094219208e-02 3.219409659504890442e-02 3.238639608025550842e-02 1.156631764024496078e-02 1.427514199167490005e-02 8.715362288057804108e-03 1.100155711174011230e-02 9.536155499517917633e-03 4.812972154468297958e-03 2.518460899591445923e-02 3.126876056194305420e-02 2.954928949475288391e-02 8.660966414026916027e-04 1.926515623927116394e-02 2.434457093477249146e-02 1.898473314940929413e-02 1.370718143880367279e-02 9.923928417265415192e-03 4.690340161323547363e-02 4.115222766995429993e-02 1.611016923561692238e-03 1.918553374707698822e-03 1.686625555157661438e-02 1.476401090621948242e-02 7.110670674592256546e-03 1.616370165720582008e-03 8.800233714282512665e-03 7.371291518211364746e-03 1.102111209183931351e-02 4.778743721544742584e-03 2.846228890120983124e-03 3.373246407136321068e-03 1.303466223180294037e-02 2.191300317645072937e-02 1.491234824061393738e-02 1.481514237821102142e-02 3.899372369050979614e-02 5.282347276806831360e-02 1.369766239076852798e-02 1.180774718523025513e-02 2.132665738463401794e-02 6.777123548090457916e-03 2.305167354643344879e-02 1.399443391710519791e-02 2.013307996094226837e-02 1.014636550098657608e-02 2.316713519394397736e-02 1.489262469112873077e-02 2.407785132527351379e-02 1.169520802795886993e-02 4.270990844815969467e-03 4.329093731939792633e-03 9.830969385802745819e-03 5.815348587930202484e-03 1.832813397049903870e-02 2.538407407701015472e-02 3.674248233437538147e-03 3.545803949236869812e-03 9.270271286368370056e-03 3.651639819145202637e-02 2.713187411427497864e-02 2.740993723273277283e-02 1.150296162813901901e-02 2.213029563426971436e-02 2.284450270235538483e-02 9.521546773612499237e-03 2.338002622127532959e-02 2.123404294252395630e-02 4.955816082656383514e-03 1.188613940030336380e-02 1.154836267232894897e-02 1.673260144889354706e-02 9.393610991537570953e-03 9.278711862862110138e-03 5.548531189560890198e-03 3.590154694393277168e-03 1.074243243783712387e-02 4.511015024036169052e-03 4.744132049381732941e-03 1.640348695218563080e-02 3.468191483989357948e-03 1.785186678171157837e-02 3.239319426938891411e-03 9.051550179719924927e-03 2.093711309134960175e-02 1.184826344251632690e-02 1.865298859775066376e-02 3.374972194433212280e-02
