8.280800580978393555e-01 5.967362597584724426e-02 7.902272976934909821e-03 9.951777756214141846e-03 4.015457350760698318e-03 5.198859423398971558e-02 2.099229581654071808e-02 8.706798776984214783e-03 1.982725411653518677e-02 5.000248551368713379e-03 8.120016753673553467e-02 2.563045592978596687e-03 4.426640272140502930e-02 1.732581411488354206e-03 1.798349246382713318e-02 3.066645003855228424e-03 1.976431813091039658e-03 3.076303051784634590e-03 8.798304945230484009e-03 9.282022714614868164e-03 1.382789778290316463e-04 2.673392184078693390e-02 2.008447051048278809e-02 1.220645476132631302e-02 8.321532048285007477e-03 2.594888908788561821e-03 2.652872353792190552e-02 2.082492597401142120e-02 2.485505677759647369e-02 2.924040192738175392e-03 1.881045475602149963e-02 5.395196494646370411e-04 4.454198759049177170e-03 4.089257854502648115e-04 1.916104927659034729e-02 1.907684840261936188e-03 1.087263342924416065e-03 2.614442259073257446e-02 4.800008144229650497e-03 1.163451746106147766e-02 2.214113250374794006e-02 2.170369215309619904e-02 7.999671623110771179e-03 1.789042726159095764e-03 1.545088179409503937e-02 9.872454218566417694e-03 5.018680170178413391e-02 1.940003037452697754e-02 1.232482586055994034e-02 1.219738461077213287e-02 1.295336894690990448e-02 5.847991560585796833e-04 9.358795359730720520e-03 7.710188161581754684e-03 1.125541329383850098e-02 6.502502132207155228e-03 5.339590832591056824e-03 3.861640579998493195e-03 5.100503563880920410e-03 3.329439787194132805e-03 3.746242495253682137e-03 2.340038307011127472e-03 1.309384033083915710e-02 2.302421256899833679e-02 5.041930358856916428e-03 1.146576367318630219e-02 6.463068537414073944e-03 1.010881271213293076e-02 9.055711328983306885e-03 4.221076518297195435e-02 1.401623012498021126e-03 3.388009965419769287e-02 9.500752203166484833e-03 5.161693319678306580e-03 1.380294375121593475e-02 2.160010859370231628e-02 8.233064785599708557e-03 5.347796715795993805e-03 2.459687925875186920e-02 9.197174571454524994e-03 1.082084048539400101e-02 1.796633563935756683e-02 1.227809581905603409e-02 1.067298837006092072e-02 2.018345706164836884e-02 7.633812725543975830e-03 9.895688854157924652e-03 9.800168918445706367e-04 1.763954572379589081e-02 4.816726432181894779e-04 2.146264538168907166e-02 4.016531258821487427e-02 1.263132970780134201e-02 3.603642433881759644e-02 2.379354648292064667e-02 1.312335301190614700e-02 1.640037260949611664e-02 8.212003740482032299e-04 1.707656891085207462e-03 1.630206964910030365e-02 1.145255402661859989e-03 3.286495106294751167e-03 9.463785216212272644e-03 9.145078249275684357e-03 5.922316573560237885e-03 5.483625456690788269e-03 2.975926734507083893e-03 5.713952705264091492e-03 6.869789212942123413e-03 5.196486134082078934e-03 8.573234081268310547e-03 2.875252626836299896e-02 1.403937395662069321e-02 1.565771363675594330e-02 1.133918575942516327e-02 1.936173439025878906e-02
5.967362597584724426e-02 8.280800580978393555e-01 2.713095210492610931e-02 1.580000668764114380e-02 2.591212652623653412e-02 5.214982479810714722e-02 5.642644315958023071e-02 1.559133082628250122e-02 3.597740433178842068e-04 1.620753668248653412e-02 2.308711409568786621e-02 1.127156428992748260e-02 6.077667325735092163e-02 2.528415806591510773e-02 1.296728150919079781e-03 1.828840747475624084e-02 1.896832510828971863e-02 6.857326254248619080e-03 6.424790248274803162e-03 1.232212316244840622e-02 2.304862067103385925e-02 1.491651684045791626e-02 1.238490734249353409e-02 8.148454129695892334e-03 8.584383875131607056e-03 2.177901566028594971e-02 1.267132069915533066e-02 1.370544172823429108e-02 7.520006503909826279e-03 3.416311228647828102e-03 2.610366977751255035e-02 2.196236513555049896e-02 8.874171413481235504e-03 1.696660183370113373e-02 1.467309892177581787e-02 2.089008130133152008e-02 1.229226123541593552e-02 2.489568723831325769e-04 6.644270382821559906e-03 5.297560710459947586e-03 5.838173441588878632e-03 1.946658827364444733e-02 1.151731517165899277e-02 3.623658418655395508e-02 1.335386466234922409e-02 1.240414846688508987e-02 1.841924898326396942e-02 1.718182861804962158e-02 1.961382105946540833e-02 4.152896348387002945e-03 8.581791073083877563e-03 6.045197602361440659e-03 3.404468530789017677e-03 1.023765373975038528e-02 3.022564109414815903e-03 1.526104402728378773e-03 4.370830953121185303e-03 1.071618311107158661e-02 1.238093990832567215e-02 1.043332088738679886e-02 1.303960569202899933e-02 1.794636249542236328e-02 4.812519066035747528e-03 1.315980684012174606e-02 2.787152538076043129e-03 7.169554010033607483e-03 2.165332250297069550e-02 1.724483817815780640e-02 3.364339703693985939e-03 1.250260137021541595e-02 2.411563182249665260e-03 2.019031718373298645e-02 9.787823073565959930e-03 6.458570715039968491e-03 5.277128890156745911e-03 6.876735482364892960e-03 4.601838067173957825e-03 3.673990955576300621e-03 2.586061600595712662e-03 3.756765741854906082e-03 2.408148534595966339e-02 1.891711726784706116e-02 2.144893258810043335e-02 1.485290843993425369e-02 1.461925357580184937e-02 4.573899321258068085e-03 1.186942774802446365e-02 1.068816054612398148e-03 2.511660335585474968e-03 1.678744889795780182e-02 1.199212018400430679e-02 1.400880515575408936e-02 1.049781567417085171e-03 1.753523573279380798e-02 5.726045463234186172e-03 1.272831857204437256e-02 2.576110139489173889e-02 1.012063957750797272e-02 1.740941219031810760e-02 1.563893398270010948e-03 1.541392970830202103e-02 2.272818982601165771e-02 1.712844334542751312e-02 7.001062855124473572e-03 3.679147455841302872e-03 1.758260652422904968e-02 1.234406419098377228e-02 2.385678933933377266e-03 7.196742575615644455e-03 1.520033739507198334e-02 3.133552381768822670e-03 1.408125553280115128e-02 4.535155370831489563e-03 1.170749164884909987e-04 6.226287805475294590e-04 2.673052996397018433e-02
7.902272976934909821e-03 2.713095210492610931e-02 8.280800580978393555e-01 1.618324546143412590e-03 1.554128341376781464e-02 6.470428779721260071e-03 7.315402384847402573e-03 7.101402431726455688e-02 2.864254638552665710e-02 2.109020203351974487e-02 7.431091740727424622e-03 5.129495169967412949e-03 3.722284222021698952e-03 1.258038356900215149e-02 6.655458360910415649e-03 1.770137809216976166e-02 3.246910497546195984e-02 1.311879605054855347e-02 8.420021273195743561e-03 1.607434969628229737e-04 1.227587740868330002e-02 4.790633916854858398e-03 8.399782702326774597e-03 2.342920051887631416e-03 1.049325522035360336e-02 3.568600397557020187e-03 2.639458328485488892e-02 1.568910665810108185e-03 5.054370034486055374e-03 4.687247797846794128e-03 1.047078403644263744e-03 8.842108771204948425e-03 1.480991858989000320e-02 1.537446863949298859e-02 1.171188894659280777e-02 4.132457077503204346e-03 3.347048303112387657e-03 8.682885090820491314e-04 1.700292341411113739e-04 1.886325143277645111e-02 1.967773772776126862e-02 1.791786774992942810e-02 1.796563528478145599e-02 2.433047257363796234e-02 6.291447207331657410e-03 1.491805352270603180e-02 2.064220793545246124e-02 1.020850427448749542e-02 1.537477411329746246e-02 2.370563335716724396e-02 2.232134807854890823e-03 1.728691346943378448e-02 1.707109808921813965e-02 1.884416304528713226e-02 7.317951880395412445e-03 2.087319642305374146e-02 7.636906579136848450e-03 8.250297978520393372e-03 9.074857458472251892e-03 3.562432713806629181e-03 1.876189187169075012e-02 8.792320266366004944e-03 1.675201579928398132e-02 1.048813480883836746e-02 3.121993737295269966e-03 3.593874629586935043e-03 8.542320691049098969e-03 8.755447342991828918e-03 7.491604425013065338e-03 3.563687670975923538e-03 1.141631044447422028e-02 1.104415860027074814e-02 5.884225945919752121e-03 1.313380245119333267e-02 5.661779548972845078e-03 8.665331639349460602e-03 2.586512826383113861e-02 9.723137132823467255e-03 3.574499115347862244e-02 7.925085723400115967e-03 6.668560206890106201e-02 5.048610270023345947e-02 6.591292563825845718e-03 9.834686294198036194e-03 7.332420442253351212e-03 1.542014628648757935e-02 1.801004633307456970e-02 6.626749411225318909e-03 5.405143019743263721e-04 4.165938880760222673e-04 1.601845840923488140e-03 2.348311059176921844e-02 3.846369218081235886e-03 9.735318832099437714e-03 1.901423744857311249e-02 2.118759229779243469e-02 7.563955150544643402e-03 2.319515682756900787e-02 7.084512151777744293e-03 1.211851276457309723e-02 4.091586743015795946e-04 5.488401511684060097e-04 7.675224333070218563e-04 3.159768506884574890e-02 7.013893220573663712e-03 3.211032832041382790e-03 1.712838932871818542e-02 1.313932985067367554e-02 9.435055777430534363e-03 1.860651001334190369e-02 1.466153655201196671e-02 2.862323774024844170e-03 1.269679795950651169e-02 4.908186849206686020e-03 2.355374954640865326e-02 3.830313216894865036e-03
9.951777756214141846e-03 1.580000668764114380e-02 1.618324546143412590e-03 8.280800580978393555e-01 3.498882800340652466e-02 3.172665461897850037e-02 3.538293391466140747e-02 6.467751227319240570e-03 2.323549427092075348e-02 2.745350589975714684e-03 2.731569809839129448e-03 3.618949279189109802e-02 1.318695861846208572e-02 6.157795898616313934e-03 1.343076699413359165e-03 1.540447585284709930e-02 2.196691371500492096e-02 5.192168429493904114e-02 2.860802598297595978e-02 1.557284500449895859e-02 1.594921015202999115e-02 3.078173846006393433e-03 4.910791292786598206e-03 2.285639010369777679e-02 7.705820258706808090e-03 2.989258849993348122e-03 2.712026238441467285e-03 2.181889303028583527e-02 1.699047535657882690e-02 9.531163377687335014e-04 1.594635471701622009e-02 1.041921507567167282e-02 1.083881407976150513e-02 1.380495261400938034e-02 5.876759532839059830e-03 7.919191382825374603e-03 1.538585871458053589e-02 1.052135974168777466e-02 2.429240569472312927e-02 2.109742909669876099e-02 1.039578858762979507e-02 2.115914970636367798e-02 1.657633110880851746e-02 5.403996445238590240e-03 2.331745810806751251e-02 2.521711401641368866e-02 2.858700975775718689e-02 3.009951440617442131e-03 2.040360495448112488e-02 1.799484342336654663e-02 5.228271707892417908e-03 4.274284932762384415e-03 2.021333057200536132e-04 4.149409942328929901e-03 1.834933273494243622e-02 2.196069806814193726e-02 1.880217716097831726e-02 2.966909296810626984e-02 1.571229845285415649e-02 2.880936674773693085e-02 5.387634038925170898e-02 3.424761071801185608e-02 1.256357040256261826e-02 9.795146994292736053e-03 3.371221944689750671e-02 4.463054984807968140e-02 3.217993676662445068e-02 3.052293509244918823e-02 1.292150281369686127e-02 1.168883685022592545e-02 3.711259458214044571e-03 1.266229618340730667e-02 4.983552172780036926e-02 9.094821289181709290e-03 3.150348365306854248e-02 6.646037800237536430e-04 1.830490492284297943e-02 1.361047290265560150e-02 1.930538751184940338e-02 4.116374999284744263e-03 9.958415292203426361e-03 1.055965782143175602e-03 4.227521643042564392e-02 2.056095004081726074e-02 6.998327095061540604e-03 6.293945945799350739e-03 8.354542776942253113e-03 8.117408491671085358e-03 3.940285369753837585e-02 2.785715274512767792e-02 2.125684916973114014e-02 7.771830540150403976e-03 2.373859658837318420e-02 2.866391837596893311e-02 6.647489499300718307e-03 8.528887294232845306e-03 3.341677132993936539e-03 7.340515032410621643e-03 2.185969799757003784e-02 2.531334385275840759e-02 1.129488833248615265e-02 3.927563084289431572e-04 1.374660618603229523e-02 1.899067894555628300e-03 8.371945470571517944e-03 3.880662145093083382e-03 1.303234789520502090e-02 2.727317437529563904e-02 7.898840121924877167e-03 3.085994161665439606e-02 1.327806152403354645e-02 1.342315040528774261e-02 5.546787753701210022e-03 6.377925630658864975e-03 2.977089956402778625e-02 9.356797672808170319e-03
4.015457350760698318e-03 2.591212652623653412e-02 1.554128341376781464e-02 3.498882800340652466e-02 8.280800580978393555e-01 2.473472990095615387e-02 2.196933887898921967e-02 2.280022203922271729e-02 3.867260646075010300e-03 4.456106107681989670e-03 1.466087903827428818e-02 3.516908967867493629e-03 1.222629286348819733e-02 1.405261736363172531e-02 2.708392031490802765e-02 2.091482747346162796e-03 1.501288078725337982e-02 1.200968120247125626e-02 3.841167548671364784e-03 2.962919534184038639e-04 5.669326521456241608e-03 2.616894803941249847e-02 1.279557123780250549e-03 6.801058538258075714e-03 8.478752337396144867e-03 8.745163679122924805e-03 1.630103588104248047e-02 9.004439227283000946e-03 1.807936467230319977e-02 1.595301786437630653e-03 7.977976463735103607e-03 2.045903727412223816e-02 2.198957838118076324e-02 8.930637501180171967e-03 1.027754694223403931e-02 7.630396168678998947e-03 4.009203519672155380e-03 2.851458080112934113e-02 4.175986349582672119e-02 5.406244099140167236e-02 1.254649087786674500e-02 1.962899975478649139e-02 1.031367760151624680e-02 1.616927422583103180e-02 3.166717942804098129e-03 8.581853471696376801e-04 1.580662559717893600e-03 7.505284622311592102e-03 1.257905270904302597e-02 1.164342183619737625e-02 1.074283011257648468e-02 3.529618261381983757e-03 2.603625692427158356e-02 2.629787102341651917e-02 1.812849892303347588e-03 1.232160720974206924e-02 2.621075138449668884e-03 3.330114530399441719e-03 2.469865791499614716e-02 3.140372410416603088e-02 2.739716880023479462e-02 2.994950860738754272e-02 4.123573657125234604e-03 6.060492247343063354e-03 3.375012055039405823e-02 3.255325183272361755e-02 9.117858484387397766e-03 1.630570553243160248e-02 1.179704722017049789e-02 2.189850993454456329e-02 1.301744114607572556e-02 2.087464183568954468e-02 2.053092047572135925e-02 1.368126273155212402e-02 4.307894408702850342e-02 1.871866174042224884e-02 7.219292689114809036e-03 6.518737878650426865e-03 5.869084503501653671e-03 1.830762624740600586e-02 1.147204777225852013e-03 7.598223164677619934e-03 1.131015643477439880e-02 8.419421501457691193e-03 8.740619756281375885e-03 1.415556855499744415e-02 2.222691290080547333e-02 2.304808050394058228e-02 3.798537887632846832e-03 3.270661109127104282e-04 1.026520412415266037e-02 2.409363910555839539e-02 8.497137576341629028e-03 3.372029587626457214e-02 3.673084452748298645e-02 3.022979758679866791e-02 2.720646932721138000e-02 5.695215892046689987e-03 9.485241025686264038e-03 8.879024535417556763e-03 2.346478030085563660e-02 1.559708919376134872e-02 5.652470979839563370e-03 2.076597139239311218e-02 2.353973686695098877e-02 2.174185588955879211e-02 1.277997996658086777e-02 2.143301069736480713e-02 2.311993390321731567e-02 1.626723632216453552e-02 1.518152281641960144e-02 5.401323549449443817e-03 1.433351915329694748e-02 1.995065435767173767e-02 2.383085666224360466e-03 1.960650831460952759e-02
5.198859423398971558e-02 5.214982479810714722e-02 6.470428779721260071e-03 3.172665461897850037e-02 2.473472990095615387e-02 8.280800580978393555e-01 5.821068212389945984e-02 1.829720847308635712e-02 1.256260275840759277e-02 5.326804704964160919e-03 2.899771556258201599e-02 1.200826372951269150e-02 1.608586870133876801e-02 2.045533154159784317e-03 1.092494465410709381e-03 2.750668302178382874e-02 2.723927795886993408e-02 7.008445449173450470e-03 1.266985479742288589e-02 9.873085655272006989e-03 3.769420552998781204e-03 5.884864833205938339e-03 1.154758129268884659e-02 2.516934182494878769e-03 1.364697050303220749e-02 1.708903000690042973e-03 3.875861875712871552e-03 1.325275748968124390e-02 2.708793245255947113e-02 3.200394334271550179e-03 2.314558625221252441e-02 3.875320311635732651e-03 9.226045571267604828e-03 6.607609800994396210e-03 7.732593454420566559e-03 7.349322549998760223e-03 6.094697397202253342e-03 7.278411183506250381e-03 2.519127540290355682e-02 2.293034456670284271e-02 7.981402799487113953e-03 2.256325632333755493e-02 1.771194487810134888e-02 1.579014211893081665e-02 2.842521481215953827e-02 3.591699525713920593e-02 6.757339090108871460e-02 2.320082299411296844e-02 2.486093714833259583e-02 2.611308358609676361e-03 1.818191818892955780e-02 1.587888784706592560e-02 1.120714098215103149e-02 1.462143380194902420e-02 7.827706634998321533e-03 2.237811125814914703e-02 5.728550022467970848e-04 9.497952647507190704e-03 1.327416673302650452e-02 2.155737951397895813e-02 2.746328338980674744e-02 3.101575188338756561e-02 4.543284419924020767e-03 1.900305785238742828e-02 1.812067627906799316e-02 2.581168524920940399e-02 1.123386621475219727e-02 1.145490352064371109e-02 9.715950000099837780e-04 1.040224544703960419e-02 5.342516116797924042e-03 1.557011716067790985e-02 2.571768872439861298e-02 1.106453780084848404e-02 1.913695037364959717e-02 4.100010264664888382e-03 1.233033556491136551e-02 1.542820874601602554e-02 2.750327810645103455e-03 7.982171140611171722e-03 1.734262518584728241e-02 6.921591237187385559e-03 6.724386475980281830e-03 2.089100703597068787e-02 1.740591600537300110e-03 1.546802348457276821e-03 1.113067101687192917e-02 1.002959813922643661e-02 1.972586149349808693e-03 1.383219100534915924e-02 4.047760367393493652e-02 2.380427671596407890e-03 4.492178186774253845e-02 8.496839553117752075e-03 1.299552153795957565e-02 8.835989981889724731e-03 2.516357460990548134e-03 7.494302932173013687e-03 6.571058183908462524e-03 1.021406846120953560e-03 1.102313771843910217e-02 1.517187431454658508e-02 5.347432452253997326e-04 1.573196798563003540e-02 5.075024906545877457e-03 8.408484864048659801e-04 8.562603965401649475e-03 7.447454612702131271e-03 3.704813134390860796e-04 2.674045413732528687e-02 1.024169963784515858e-03 2.262731269001960754e-02 8.855949155986309052e-03 5.115317646414041519e-03 9.847658220678567886e-04 3.159767016768455505e-02
2.099229581654071808e-02 5.642644315958023071e-02 7.315402384847402573e-03 3.538293391466140747e-02 2.196933887898921967e-02 5.821068212389945984e-02 8.280800580978393555e-01 1.017354335635900497e-02 1.334173977375030518e-02 2.098611928522586823e-02 1.885168813169002533e-02 1.599125750362873077e-02 1.061070431023836136e-02 2.696091681718826294e-02 5.813984200358390808e-03 2.749692462384700775e-02 2.996207587420940399e-02 1.133370585739612579e-02 3.138167783617973328e-03 1.973034814000129700e-02 1.417005085386335850e-03 1.635597832500934601e-02 8.247458375990390778e-03 2.041946910321712494e-02 1.164273638278245926e-02 1.246159430593252182e-02 6.624742527492344379e-04 1.226428244262933731e-02 9.547400288283824921e-03 6.215749774128198624e-03 1.851339451968669891e-02 2.996009215712547302e-02 3.057405119761824608e-04 4.034661222249269485e-03 7.322570309042930603e-03 1.703163981437683105e-02 6.670409813523292542e-03 1.151795685291290283e-02 2.404530718922615051e-02 1.384644769132137299e-02 1.361252740025520325e-02 3.322264924645423889e-02 2.433022670447826385e-02 1.432015746831893921e-02 4.721428267657756805e-03 5.330333486199378967e-03 4.526521638035774231e-02 5.050979554653167725e-02 3.349661082029342651e-02 1.231429353356361389e-02 5.476387683302164078e-03 9.930245578289031982e-03 2.343708183616399765e-03 2.106063300743699074e-03 1.080871326848864555e-03 1.383171230554580688e-02 8.080758154392242432e-03 5.352812819182872772e-03 5.286555388011038303e-04 1.477794814854860306e-02 2.697415649890899658e-02 2.785326167941093445e-02 2.280209082528017461e-05 4.464038182049989700e-03 1.674953475594520569e-02 3.018157184123992920e-02 4.161564633250236511e-02 2.471890673041343689e-02 8.055259473621845245e-03 1.181369647383689880e-02 1.484080310910940170e-02 2.083165012300014496e-02 3.531957417726516724e-02 6.705108564347028732e-03 1.762741245329380035e-02 4.517438646871596575e-04 1.478061545640230179e-02 3.181468322873115540e-02 4.930541850626468658e-03 1.224665250629186630e-02 1.979699358344078064e-02 1.006215717643499374e-02 1.101426780223846436e-03 5.187095142900943756e-03 1.559297740459442139e-02 8.807105012238025665e-03 8.294763974845409393e-03 2.028331346809864044e-02 8.734867908060550690e-03 9.386274032294750214e-03 1.011940371245145798e-02 7.394514977931976318e-03 3.584832651540637016e-03 1.280443836003541946e-02 1.668755337595939636e-02 2.337367972359061241e-03 5.051377695053815842e-03 4.816699307411909103e-03 2.570662461221218109e-02 1.283289398998022079e-02 6.960529368370771408e-03 5.833582021296024323e-03 5.210925824940204620e-03 3.279616683721542358e-02 7.313025183975696564e-03 1.586512848734855652e-02 1.475759502500295639e-02 1.237071026116609573e-02 6.254695355892181396e-03 2.038997784256935120e-02 7.542760577052831650e-03 6.419781595468521118e-03 1.653665676712989807e-02 3.661461872979998589e-03 2.836595755070447922e-03 1.590076461434364319e-02
8.706798776984214783e-03 1.559133082628250122e-02 7.101402431726455688e-02 6.467751227319240570e-03 2.280022203922271729e-02 1.829720847308635712e-02 1.017354335635900497e-02 8.280800580978393555e-01 3.048717509955167770e-03 1.356016006320714951e-02 5.049156025052070618e-03 1.569075393490493298e-03 1.973160356283187866e-02 1.644671894609928131e-02 4.785940796136856079e-02 1.916277408599853516e-02 2.511139027774333954e-02 1.140704751014709473e-02 1.969252526760101318e-02 8.952781558036804199e-03 1.175152976065874100e-02 1.459340099245309830e-02 4.282910842448472977e-03 1.123073394410312176e-03 4.333110060542821884e-03 1.537559647113084793e-02 2.601775713264942169e-02 3.691578982397913933e-03 2.463696151971817017e-02 4.654711578041315079e-03 1.434671692550182343e-02 6.469215266406536102e-03 1.687769964337348938e-02 1.158116664737462997e-02 1.846186467446386814e-03 2.631770260632038116e-02 3.863361105322837830e-02 1.137339603155851364e-02 6.827746517956256866e-03 7.260556798428297043e-03 2.528146840631961823e-02 1.908860052935779095e-03 1.505653746426105499e-02 6.118164863437414169e-03 1.370996050536632538e-02 1.473016943782567978e-02 2.521880902349948883e-02 3.750753821805119514e-03 1.101915072649717331e-02 1.000707037746906281e-02 1.459626667201519012e-02 2.243502996861934662e-02 1.855261251330375671e-02 2.371879108250141144e-02 1.014109607785940170e-02 1.154101546853780746e-02 8.719165809452533722e-03 1.417936477810144424e-02 1.103255618363618851e-02 2.959061646834015846e-03 7.501082029193639755e-03 1.480769366025924683e-02 2.187388017773628235e-02 1.707027666270732880e-02 1.782334002200514078e-04 1.821374025894328952e-04 5.247526802122592926e-03 1.445480342954397202e-02 2.977295662276446819e-04 8.139076642692089081e-03 3.137863241136074066e-03 4.087291890755295753e-04 6.280265282839536667e-03 8.692973060533404350e-04 1.363175921142101288e-03 6.299868691712617874e-03 3.882695455104112625e-03 7.368485908955335617e-03 1.602746360003948212e-02 1.476558484137058258e-02 7.425746321678161621e-02 6.610152870416641235e-02 5.355156026780605316e-03 3.232228010892868042e-02 1.563238538801670074e-02 2.142046764492988586e-02 6.070056557655334473e-02 3.489709272980690002e-02 1.246173400431871414e-03 5.500139668583869934e-03 1.160335820168256760e-02 1.001849118620157242e-02 1.319312304258346558e-02 4.625601693987846375e-03 1.666028983891010284e-02 1.295685581862926483e-02 4.402121063321828842e-03 2.166888490319252014e-02 2.568341325968503952e-03 6.014153361320495605e-03 7.825288921594619751e-03 7.358869537711143494e-03 5.908966530114412308e-03 2.292731404304504395e-02 5.735273007303476334e-04 3.299550735391676426e-05 2.367804991081357002e-03 6.169532425701618195e-03 6.191971246153116226e-03 1.499467436224222183e-02 1.983127743005752563e-02 4.110381938517093658e-03 6.995600648224353790e-03 6.121664773672819138e-03 1.407517492771148682e-02 6.729852408170700073e-03
1.982725411653518677e-02 3.597740433178842068e-04 2.864254638552665710e-02 2.323549427092075348e-02 3.867260646075010300e-03 1.256260275840759277e-02 1.334173977375030518e-02 3.048717509955167770e-03 8.280800580978393555e-01 4.549040272831916809e-02 2.677181176841259003e-02 3.635079413652420044e-02 1.500732731074094772e-03 1.024822890758514404e-02 1.467563025653362274e-02 2.252024412155151367e-02 2.383032627403736115e-02 4.881901293992996216e-02 3.149239718914031982e-02 3.250672295689582825e-02 3.548217564821243286e-02 1.380484271794557571e-02 7.940203882753849030e-03 1.110396906733512878e-02 3.462134674191474915e-02 1.831700466573238373e-02 9.553339332342147827e-03 7.061308249831199646e-03 1.209406415000557899e-03 2.473441511392593384e-02 4.971473012119531631e-03 1.559664588421583176e-02 1.411123387515544891e-02 2.461310103535652161e-02 7.200669031590223312e-03 7.353296037763357162e-03 1.619677059352397919e-02 4.657126497477293015e-03 1.448927167803049088e-02 9.042481891810894012e-03 7.629593834280967712e-03 2.722846344113349915e-02 1.437434344552457333e-03 2.582675078883767128e-03 3.196505829691886902e-02 2.472408302128314972e-02 2.484589815139770508e-02 1.614252664148807526e-02 4.159156605601310730e-02 1.804045028984546661e-02 1.315189618617296219e-02 6.701487116515636444e-03 4.909066949039697647e-03 9.099284186959266663e-03 5.736830830574035645e-02 2.802399732172489166e-02 1.005923841148614883e-02 1.035691052675247192e-02 6.833802442997694016e-03 9.276405908167362213e-03 3.213397040963172913e-02 7.072011940181255341e-03 3.236006945371627808e-02 1.233347691595554352e-02 6.164937745779752731e-03 4.900039639323949814e-03 3.052786923944950104e-02 2.838188968598842621e-02 2.498018927872180939e-02 4.796545486897230148e-03 1.330490130931138992e-02 5.161173758096992970e-04 1.027842052280902863e-02 1.357169728726148605e-02 1.026532612740993500e-03 1.946395961567759514e-03 5.133341997861862183e-02 2.583550661802291870e-02 5.543381720781326294e-02 1.907889731228351593e-02 5.506965331733226776e-03 2.449776045978069305e-03 4.523396864533424377e-02 2.609926275908946991e-02 3.005532361567020416e-02 2.218485064804553986e-02 1.108879409730434418e-02 8.413871750235557556e-03 4.121753945946693420e-02 3.152091056108474731e-02 1.169733516871929169e-02 2.422262215986847878e-03 1.296878326684236526e-02 4.385569191072136164e-04 1.176744699478149414e-02 1.288416236639022827e-02 7.634105626493692398e-03 3.702240297570824623e-03 4.785487893968820572e-03 1.382672134786844254e-02 7.853643968701362610e-03 1.338231842964887619e-02 1.001188810914754868e-02 1.123466994613409042e-02 5.459088133648037910e-04 1.579519920051097870e-02 9.618027135729789734e-03 1.511293370276689529e-02 1.263621076941490173e-02 1.476475223898887634e-02 4.811752121895551682e-03 1.908959820866584778e-02 8.210769854485988617e-03 3.098651068285107613e-03 4.739154595881700516e-03 2.483670599758625031e-02
5.000248551368713379e-03 1.620753668248653412e-02 2.109020203351974487e-02 2.745350589975714684e-03 4.456106107681989670e-03 5.326804704964160919e-03 2.098611928522586823e-02 1.356016006320714951e-02 4.549040272831916809e-02 8.280800580978393555e-01 1.331706810742616653e-02 1.595927774906158447e-02 7.421585265547037125e-03 2.446474507451057434e-02 1.041440945118665695e-02 2.350375428795814514e-02 1.328496914356946945e-02 1.746826805174350739e-02 3.917431458830833435e-02 2.239025942981243134e-02 2.563136816024780273e-02 6.524001248180866241e-03 8.444869890809059143e-03 2.142424508929252625e-02 2.506944164633750916e-02 1.328262966126203537e-02 2.190044336020946503e-02 1.137367449700832367e-02 2.145638223737478256e-03 1.770192943513393402e-02 2.832901198416948318e-03 1.200670190155506134e-02 2.047943853540346026e-04 1.137328520417213440e-02 7.635488640516996384e-03 1.531799137592315674e-02 4.329030867666006088e-03 5.080047529190778732e-03 2.918065898120403290e-02 2.207059413194656372e-02 7.016488816589117050e-03 3.638414293527603149e-02 2.535602636635303497e-02 1.027290523052215576e-02 3.669445589184761047e-02 3.394756093621253967e-02 3.266284987330436707e-02 3.774541243910789490e-02 1.194645371288061142e-02 4.843179881572723389e-02 2.036855556070804596e-03 5.820399150252342224e-03 4.853167571127414703e-03 6.081127794459462166e-04 2.505145967006683350e-02 3.404710814356803894e-02 2.018267475068569183e-02 1.196665316820144653e-02 1.464557019062340260e-03 9.691918268799781799e-03 1.366348296869546175e-04 6.703288760036230087e-03 1.321104634553194046e-02 1.216494105756282806e-02 1.387430354952812195e-03 4.339582286775112152e-03 9.842641651630401611e-03 7.073669694364070892e-03 2.047175355255603790e-02 6.360388360917568207e-03 2.937565371394157410e-02 8.018880151212215424e-03 3.809308400377631187e-03 1.980833895504474640e-02 9.878679411485791206e-04 1.654186658561229706e-02 3.476266935467720032e-02 5.368154495954513550e-02 3.406759724020957947e-02 3.829389810562133789e-02 1.048014406114816666e-02 1.285232882946729660e-02 2.129353769123554230e-02 3.260446712374687195e-02 2.869818732142448425e-02 4.034400358796119690e-02 1.678175851702690125e-02 2.722451929003000259e-03 1.633767783641815186e-02 3.727224841713905334e-02 1.638186722993850708e-02 1.032597944140434265e-02 1.612561941146850586e-02 7.011983543634414673e-03 2.772098779678344727e-02 2.543163113296031952e-02 1.775694638490676880e-02 1.171492692083120346e-02 1.915777288377285004e-02 1.697703823447227478e-02 3.048230707645416260e-02 2.689862810075283051e-02 8.175250142812728882e-03 2.300729416310787201e-02 8.322401903569698334e-03 1.308483723551034927e-02 1.640217378735542297e-02 4.029802978038787842e-03 1.868243701756000519e-02 1.115846447646617889e-02 1.111613027751445770e-02 2.201271802186965942e-02 2.346264570951461792e-02 2.503228187561035156e-02 2.294067107141017914e-02 1.727553829550743103e-02
8.120016753673553467e-02 2.308711409568786621e-02 7.431091740727424622e-03 2.731569809839129448e-03 1.466087903827428818e-02 2.899771556258201599e-02 1.885168813169002533e-02 5.049156025052070618e-03 2.677181176841259003e-02 1.331706810742616653e-02 8.280800580978393555e-01 2.849938347935676575e-03 4.571342840790748596e-02 1.088636275380849838e-02 7.146652787923812866e-03 5.000341683626174927e-03 3.250208916142582893e-03 2.146038040518760681e-02 1.399604324251413345e-02 4.712164518423378468e-04 6.879567168653011322e-03 4.193486273288726807e-02 2.180816605687141418e-03 4.344784189015626907e-03 4.380749887786805630e-04 2.950789639726281166e-03 3.716713190078735352e-02 2.556001581251621246e-02 3.097533807158470154e-02 1.619679667055606842e-02 3.183616325259208679e-02 1.866626925766468048e-02 1.108950190246105194e-02 6.034438032656908035e-03 5.007422994822263718e-03 2.202082984149456024e-02 1.296485587954521179e-02 3.237321972846984863e-02 1.587673835456371307e-02 1.562070194631814957e-02 9.039087221026420593e-03 7.630003150552511215e-03 4.735834430903196335e-03 3.160611027851700783e-03 2.980229677632451057e-03 7.596434559673070908e-03 5.407959222793579102e-02 2.791935950517654419e-02 1.294031552970409393e-02 6.446999963372945786e-03 2.056017518043518066e-02 1.069874316453933716e-02 1.287816837430000305e-02 1.763441599905490875e-02 2.021467313170433044e-02 1.784710772335529327e-02 5.406219977885484695e-03 6.170074455440044403e-03 1.477655768394470215e-02 1.427926309406757355e-02 1.062186527997255325e-02 1.349588390439748764e-02 1.505535282194614410e-02 1.231224369257688522e-02 2.907199040055274963e-02 2.855493128299713135e-02 4.219990223646163940e-03 1.247177831828594208e-02 7.035239133983850479e-03 4.014022648334503174e-02 2.108620246872305870e-03 3.183479607105255127e-02 1.919716037809848785e-02 8.905801922082901001e-03 2.185469493269920349e-02 2.270034700632095337e-02 1.230790466070175171e-02 4.474732559174299240e-04 1.953672058880329132e-02 8.762532845139503479e-03 3.658403409644961357e-03 3.660953370854258537e-04 1.907736249268054962e-02 2.228389494121074677e-02 1.917867548763751984e-02 2.929707523435354233e-03 1.599403657019138336e-02 1.890246942639350891e-02 2.208320610225200653e-02 2.169293910264968872e-02 2.341396734118461609e-02 5.145289376378059387e-02 2.105552516877651215e-02 3.727150335907936096e-02 4.503118339926004410e-03 4.719449672847986221e-03 1.939952000975608826e-02 8.983563631772994995e-03 1.028675120323896408e-02 2.063076943159103394e-02 1.940425671637058258e-02 8.470638655126094818e-03 1.584546081721782684e-02 4.739143885672092438e-03 8.685996755957603455e-03 8.491041138768196106e-03 1.644605025649070740e-02 1.835841313004493713e-02 1.130638550966978073e-02 1.504613738507032394e-02 5.665456876158714294e-03 1.782144978642463684e-02 4.032058175653219223e-03 5.617978051304817200e-03 1.324194669723510742e-02 1.174933742731809616e-02
2.563045592978596687e-03 1.127156428992748260e-02 5.129495169967412949e-03 3.618949279189109802e-02 3.516908967867493629e-03 1.200826372951269150e-02 1.599125750362873077e-02 1.569075393490493298e-03 3.635079413652420044e-02 1.595927774906158447e-02 2.849938347935676575e-03 8.280800580978393555e-01 6.475822534412145615e-03 7.331021875143051147e-02 1.729793497361242771e-03 1.494676712900400162e-02 1.885302737355232239e-02 3.374059870839118958e-02 1.791074499487876892e-02 1.034552976489067078e-02 2.833674370776861906e-04 1.923143863677978516e-02 4.729384556412696838e-03 1.715783611871302128e-03 1.138514652848243713e-02 5.436457693576812744e-03 2.544876001775264740e-02 2.187554724514484406e-02 9.269805741496384144e-04 1.524651981890201569e-02 8.949969895184040070e-03 2.256981469690799713e-02 1.266256254166364670e-02 2.018526010215282440e-02 1.542722061276435852e-02 9.501093882136046886e-04 2.353838644921779633e-03 1.281064748764038086e-02 1.773979049175977707e-03 2.062273211777210236e-03 5.281230434775352478e-03 2.514442801475524902e-02 1.863810420036315918e-02 4.362577572464942932e-03 6.062388792634010315e-02 4.519353434443473816e-02 9.685548138804733753e-04 6.146195344626903534e-03 9.006494656205177307e-03 2.010459639132022858e-02 2.793857268989086151e-02 2.553484402596950531e-02 6.295982282608747482e-03 9.213303215801715851e-03 1.846122369170188904e-02 2.699501579627394676e-03 3.334222361445426941e-03 1.384838018566370010e-02 2.394851995632052422e-03 3.505741246044635773e-03 2.247896045446395874e-02 9.720982983708381653e-03 1.095514162443578243e-03 8.389307186007499695e-03 7.377646397799253464e-03 1.547907944768667221e-02 1.805551908910274506e-02 6.837475113570690155e-03 2.716447040438652039e-02 1.943087577819824219e-02 1.954650320112705231e-02 2.251078188419342041e-02 4.162596538662910461e-02 2.378265745937824249e-02 2.261639945209026337e-02 1.624890230596065521e-02 5.414481833577156067e-02 3.031567856669425964e-02 2.169408835470676422e-02 1.087524089962244034e-02 3.949892241507768631e-03 9.020796976983547211e-03 3.363308310508728027e-02 8.725817315280437469e-03 1.802498288452625275e-02 1.256288145668804646e-03 9.092358872294425964e-03 1.765078678727149963e-02 1.822108030319213867e-02 1.086806412786245346e-02 2.229542843997478485e-02 1.649212837219238281e-02 2.956607379019260406e-02 4.974705632776021957e-03 1.500125858001410961e-03 2.430539345368742943e-03 1.788152381777763367e-02 1.483338046818971634e-02 1.782464049756526947e-02 1.277815364301204681e-02 9.081038646399974823e-03 1.277539879083633423e-02 1.651538535952568054e-02 3.615824971348047256e-03 6.727038417011499405e-03 9.731521829962730408e-03 1.284445077180862427e-02 2.174899214878678322e-03 1.146711595356464386e-02 4.179115872830152512e-03 8.033157791942358017e-04 2.399449236690998077e-02 3.083441220223903656e-02 2.438173256814479828e-02 2.023364789783954620e-02 2.160899899899959564e-02
4.426640272140502930e-02 6.077667325735092163e-02 3.722284222021698952e-03 1.318695861846208572e-02 1.222629286348819733e-02 1.608586870133876801e-02 1.061070431023836136e-02 1.973160356283187866e-02 1.500732731074094772e-03 7.421585265547037125e-03 4.571342840790748596e-02 6.475822534412145615e-03 8.280800580978393555e-01 4.064655397087335587e-03 1.923791319131851196e-02 5.074976012110710144e-03 4.052179865539073944e-03 3.429191932082176208e-02 2.267940342426300049e-02 1.206370070576667786e-02 1.110444311052560806e-02 3.720792010426521301e-02 9.817583486437797546e-04 5.508990492671728134e-03 1.437086146324872971e-02 1.089977286756038666e-02 2.342042699456214905e-02 1.729434356093406677e-02 4.112290963530540466e-02 1.015652157366275787e-02 3.854548558592796326e-02 2.173686027526855469e-02 3.117484273388981819e-03 2.314511872828006744e-02 1.249465253204107285e-02 1.760749146342277527e-02 1.130728982388973236e-02 3.551973029971122742e-03 1.804956980049610138e-02 1.735049672424793243e-02 9.185557719320058823e-04 6.186467362567782402e-04 4.360226448625326157e-03 2.737492509186267853e-02 2.167260646820068359e-02 8.666949346661567688e-03 2.805750072002410889e-02 1.706814765930175781e-02 7.804921478964388371e-04 2.862602006644010544e-03 1.238973904401063919e-02 2.225330565124750137e-03 1.898856833577156067e-02 2.821520529687404633e-02 3.567719366401433945e-03 6.176128983497619629e-03 7.136805448681116104e-03 2.416904550045728683e-03 1.378399599343538284e-02 2.253477275371551514e-02 1.240498851984739304e-02 1.018601749092340469e-02 1.153113553300499916e-03 8.573603816330432892e-03 3.353812545537948608e-02 3.739904984831809998e-02 1.357630547136068344e-02 5.907522980123758316e-03 8.694984950125217438e-03 3.752598166465759277e-02 7.573020644485950470e-03 3.880197927355766296e-02 2.860997244715690613e-02 8.518220856785774231e-03 2.191718854010105133e-02 9.918821975588798523e-03 9.644898818805813789e-04 9.898408316075801849e-03 1.664869487285614014e-02 5.944780539721250534e-03 9.500554762780666351e-03 1.415087282657623291e-02 2.673875354230403900e-02 1.361274719238281250e-02 1.347995549440383911e-02 1.134403795003890991e-02 1.931422762572765350e-02 3.536626324057579041e-02 1.020050235092639923e-02 6.871471647173166275e-03 2.877528965473175049e-02 3.081734105944633484e-02 2.918012626469135284e-02 4.979300126433372498e-02 2.079205773770809174e-02 1.306165102869272232e-02 2.064273320138454437e-02 4.368829075247049332e-03 8.943461813032627106e-03 1.262186095118522644e-02 2.343166805803775787e-02 1.962250284850597382e-02 4.537252709269523621e-03 3.479829058051109314e-03 1.045302581042051315e-02 1.994140632450580597e-02 2.324607968330383301e-02 3.354612365365028381e-02 1.419952977448701859e-02 1.959880068898200989e-02 5.783615168184041977e-03 8.346182294189929962e-03 3.693179925903677940e-03 2.708388958126306534e-03 9.328183718025684357e-03 1.104148011654615402e-02
