8.400436043739318848e-01 5.849334597587585449e-02 2.100636810064315796e-02 1.736591756343841553e-02 1.623175479471683502e-02 6.525331735610961914e-02 4.741069301962852478e-02 2.254924923181533813e-02 8.427824825048446655e-03 5.308361258357763290e-03 6.659046560525894165e-02 4.193421453237533569e-03 5.171409994363784790e-02 7.821176201105117798e-03 4.719544667750597000e-03 1.192852854728698730e-02 5.033404100686311722e-03 2.034928649663925171e-02 1.064486801624298096e-02 6.534525658935308456e-03 1.542655471712350845e-02 3.754418715834617615e-02 1.064566988497972488e-02 1.040287967771291733e-02 1.050045527517795563e-02 2.086797356605529785e-02 2.687443047761917114e-02 1.077199168503284454e-02 2.254475373774766922e-03 2.811434678733348846e-03 5.269518587738275528e-03 7.221954409033060074e-03 2.134259976446628571e-02 7.023558951914310455e-03 2.369457297027111053e-02 2.429171279072761536e-02 1.563851349055767059e-02 3.189972415566444397e-02 7.298705750145018101e-04 1.517280004918575287e-02 1.397098880261182785e-02 5.093182902783155441e-03 4.543179180473089218e-03 2.549136988818645477e-03 3.042101114988327026e-02 2.225780859589576721e-02 4.421181976795196533e-02 2.188457176089286804e-02 1.406668778508901596e-02 7.832468487322330475e-03 1.735094375908374786e-02 7.258810102939605713e-03 7.064994890242815018e-03 8.582481183111667633e-03 3.494741860777139664e-03 3.572596237063407898e-03 3.738008812069892883e-02 4.454605281352996826e-02 7.058763876557350159e-03 1.583691313862800598e-02 2.288731746375560760e-02 2.479634061455726624e-02 3.453362360596656799e-02 1.823887042701244354e-02 1.287611946463584900e-02 2.410711953416466713e-03 1.312676444649696350e-02 2.734882524237036705e-03 2.594852074980735779e-02 9.651966392993927002e-04 1.012609153985977173e-02 1.060121785849332809e-02 1.483717001974582672e-02 1.218379382044076920e-02 1.701890677213668823e-02 5.064727272838354111e-03 9.101407602429389954e-03 1.554013113491237164e-03 4.100407473742961884e-03 7.710900157690048218e-03 8.360816165804862976e-03 3.436384256929159164e-03 1.168024819344282150e-02 2.805388998240232468e-03 2.698190137743949890e-02 2.244570292532444000e-02 1.663399673998355865e-02 1.918955123983323574e-03 7.709853816777467728e-03 1.352313626557588577e-02 4.044738598167896271e-03 2.500196360051631927e-02 4.205505829304456711e-03 5.944613832980394363e-03 1.044554635882377625e-02 2.266054973006248474e-03 1.041750516742467880e-02 3.157268976792693138e-03 8.180294185876846313e-03 2.512815117370337248e-04 7.570003625005483627e-03 2.406150335446000099e-03 5.839251447468996048e-03 5.980880931019783020e-03 1.949791051447391510e-02 4.762877244502305984e-03 2.884810790419578552e-02 2.098393253982067108e-02 3.862914396449923515e-03 2.115935645997524261e-02 2.055719867348670959e-02 1.542219799011945724e-02 3.407825250178575516e-03 2.560124173760414124e-02 8.296414278447628021e-03 2.259721979498863220e-02
5.849334597587585449e-02 8.400436043739318848e-01 1.493817381560802460e-02 2.483224868774414062e-02 2.156124636530876160e-02 5.166485533118247986e-02 4.495483636856079102e-02 1.757800765335559845e-02 1.962673477828502655e-02 2.098349854350090027e-03 5.573178455233573914e-02 8.283640258014202118e-03 6.022620573639869690e-02 2.238265238702297211e-02 9.616531431674957275e-03 2.773123048245906830e-02 1.748863421380519867e-02 2.706273645162582397e-02 1.204430311918258667e-02 4.504551179707050323e-03 1.280774362385272980e-02 2.923155762255191803e-02 1.607053913176059723e-02 1.143423188477754593e-02 1.362578943371772766e-02 2.530545555055141449e-02 2.082271315157413483e-02 3.015975235030055046e-03 8.854012936353683472e-03 3.127940697595477104e-03 2.122169733047485352e-02 6.539582740515470505e-03 1.452425401657819748e-02 9.251328185200691223e-03 2.436096407473087311e-02 2.033844962716102600e-02 1.152742933481931686e-02 3.663386031985282898e-02 3.906729165464639664e-03 1.328735705465078354e-02 1.929491176269948483e-03 4.050823859870433807e-03 2.374913776293396950e-03 1.279619522392749786e-02 1.028073253110051155e-03 2.155788242816925049e-03 4.042538255453109741e-02 3.573304787278175354e-02 1.318627689033746719e-02 4.692020360380411148e-03 3.100684285163879395e-02 2.421432919800281525e-02 6.420627236366271973e-03 4.062909167259931564e-03 7.616750430315732956e-03 5.356615409255027771e-03 2.981742098927497864e-02 4.006605222821235657e-02 7.870155386626720428e-03 6.166199687868356705e-03 3.395079821348190308e-02 3.435578569769859314e-02 3.177143633365631104e-02 2.407872490584850311e-02 6.965193431824445724e-03 1.075044088065624237e-02 1.738841086626052856e-02 4.353093449026346207e-03 4.156848788261413574e-02 1.203820854425430298e-02 2.552430704236030579e-02 2.800943888723850250e-02 2.711155638098716736e-02 2.615936100482940674e-03 2.741857245564460754e-02 1.235398836433887482e-02 2.025092951953411102e-02 5.466755945235490799e-03 3.691258316393941641e-04 5.291275214403867722e-03 3.540400881320238113e-03 1.673796214163303375e-02 2.206413075327873230e-02 2.937636571004986763e-03 1.871709153056144714e-02 7.016007322818040848e-03 1.222924515604972839e-02 1.533907605335116386e-03 1.215184293687343597e-02 6.799191236495971680e-03 2.095171622931957245e-02 2.485972270369529724e-02 1.709374412894248962e-02 3.139311447739601135e-03 1.441331580281257629e-02 1.985860057175159454e-02 2.340503997402265668e-04 2.585218986496329308e-03 1.440861355513334274e-02 3.608110593631863594e-03 6.258198060095310211e-03 1.192815229296684265e-02 7.711581420153379440e-03 7.077627349644899368e-03 2.357887290418148041e-02 3.229228081181645393e-03 1.027642656117677689e-02 1.393269281834363937e-02 1.024110149592161179e-02 8.649610914289951324e-03 1.976166106760501862e-02 1.780810952186584473e-02 1.203092746436595917e-02 1.281685102730989456e-02 3.771163057535886765e-03 2.486479282379150391e-02
2.100636810064315796e-02 1.493817381560802460e-02 8.400436043739318848e-01 2.940430119633674622e-02 1.334247365593910217e-02 3.238072618842124939e-02 3.190698474645614624e-02 6.397935748100280762e-02 3.837982425466179848e-03 3.207953274250030518e-02 1.853092759847640991e-02 2.874349243938922882e-02 3.149013221263885498e-02 2.502895891666412354e-02 2.000289782881736755e-02 2.261776389786973596e-04 2.475671004503965378e-03 1.145628653466701508e-02 3.026046231389045715e-02 3.084433823823928833e-02 4.742417950183153152e-03 4.136806353926658630e-02 3.995940089225769043e-03 1.241674530319869518e-03 2.643654495477676392e-02 2.346252463757991791e-02 2.513789944350719452e-02 2.257286757230758667e-02 6.257897242903709412e-03 2.857235260307788849e-02 6.845917552709579468e-03 1.982288993895053864e-02 8.659187587909400463e-04 2.690194360911846161e-02 5.243218969553709030e-03 1.772743649780750275e-02 4.899270366877317429e-03 1.619376009330153465e-03 1.448366139084100723e-02 4.089802503585815430e-03 4.412070382386445999e-03 7.736845407634973526e-03 2.450322499498724937e-03 2.488789893686771393e-02 1.108497846871614456e-02 3.281119745224714279e-03 2.563375234603881836e-02 1.328448206186294556e-02 1.293587218970060349e-02 1.903481222689151764e-02 1.668075658380985260e-02 1.410557702183723450e-02 3.009481914341449738e-02 1.874741539359092712e-02 2.567822113633155823e-03 4.121113941073417664e-02 1.237249560654163361e-02 5.120735149830579758e-03 1.447809487581253052e-02 1.060427259653806686e-02 5.826482665725052357e-04 3.028168901801109314e-02 9.424274787306785583e-03 9.149432182312011719e-03 3.906627371907234192e-02 2.280001342296600342e-02 6.178360432386398315e-03 1.334578450769186020e-02 3.483272739686071873e-04 8.052208460867404938e-03 1.030703447759151459e-02 3.307351609691977501e-03 1.803699694573879242e-02 1.606133766472339630e-02 1.764602214097976685e-02 1.067395694553852081e-02 6.110113579779863358e-03 1.598608330823481083e-03 7.357572205364704132e-03 2.665549889206886292e-02 6.068489700555801392e-02 9.342640638351440430e-03 1.173354499042034149e-02 2.272830344736576080e-02 1.457687560468912125e-02 3.217205032706260681e-02 3.846791386604309082e-02 3.064033016562461853e-02 2.244874089956283569e-02 9.043426252901554108e-03 1.187536213546991348e-02 2.227533608675003052e-02 2.981106750667095184e-03 2.672342583537101746e-02 2.097753621637821198e-02 1.415850780904293060e-02 3.520475234836339951e-03 4.392755217850208282e-03 1.446992252022027969e-02 1.222442556172609329e-02 1.662313152337446809e-04 1.530810818076133728e-02 1.052887924015522003e-02 2.371978247538208961e-03 2.705082483589649200e-02 1.251555792987346649e-02 2.088983170688152313e-02 2.121917717158794403e-02 1.291745342314243317e-02 8.616332896053791046e-03 1.578589202836155891e-03 1.293408963829278946e-02 1.821964862756431103e-03 5.967572797089815140e-03 8.721339516341686249e-03 2.622344065457582474e-03
1.736591756343841553e-02 2.483224868774414062e-02 2.940430119633674622e-02 8.400436043739318848e-01 4.668663442134857178e-02 9.835454635322093964e-03 7.527774199843406677e-03 1.844568550586700439e-02 2.944591222330927849e-03 3.030434250831604004e-02 2.127692475914955139e-02 2.474607340991497040e-02 1.321040745824575424e-02 1.181368064135313034e-02 1.526987738907337189e-02 2.401341311633586884e-02 1.853166520595550537e-02 1.013123989105224609e-02 9.225787594914436340e-03 3.117014421150088310e-04 1.816539093852043152e-02 1.100818905979394913e-02 2.702276408672332764e-02 1.150803826749324799e-02 8.607145398855209351e-03 7.287797983735799789e-03 1.180529780685901642e-02 2.865402027964591980e-02 1.200075726956129074e-03 2.885102853178977966e-02 6.687956396490335464e-03 2.995010837912559509e-02 1.996426470577716827e-02 2.105153165757656097e-02 2.721244283020496368e-02 1.445391122251749039e-02 9.680375456809997559e-03 4.627063870429992676e-03 1.655596867203712463e-02 2.180357277393341064e-02 3.761128755286335945e-03 1.363530475646257401e-02 7.554869633167982101e-03 1.029983069747686386e-02 8.564439602196216583e-03 1.192888617515563965e-02 1.335763745009899139e-02 4.009487107396125793e-03 1.841835863888263702e-02 1.645034551620483398e-02 2.864253940060734749e-03 6.866879295557737350e-03 3.369683772325515747e-02 4.085625708103179932e-02 2.175411395728588104e-02 3.167586401104927063e-02 2.706194110214710236e-02 2.652258239686489105e-02 2.977922372519969940e-02 3.826072439551353455e-02 2.239552140235900879e-02 6.304455455392599106e-03 4.037456214427947998e-02 4.126114025712013245e-02 2.579574473202228546e-02 2.415699511766433716e-02 9.119785390794277191e-03 1.080514490604400635e-02 2.684472873806953430e-02 8.350562304258346558e-03 1.466333307325839996e-02 2.109284326434135437e-02 4.715761542320251465e-02 5.202686879783868790e-03 4.348187893629074097e-02 1.467137504369020462e-02 2.348776534199714661e-02 6.715693161822855473e-04 2.185445278882980347e-02 2.105740085244178772e-02 2.491600997745990753e-02 7.867275737226009369e-03 1.934964209794998169e-02 1.031469460576772690e-02 1.043077744543552399e-02 2.516315318644046783e-02 1.684957370162010193e-02 2.997659146785736084e-02 3.058715537190437317e-02 1.952495053410530090e-02 4.245695658028125763e-03 8.394031785428524017e-03 1.393008045852184296e-02 1.583231426775455475e-02 2.320259250700473785e-02 1.213830546475946903e-03 6.570328958332538605e-03 1.867423532530665398e-03 1.189119182527065277e-02 2.316324599087238312e-02 1.327219977974891663e-02 5.674818065017461777e-03 1.260035391896963120e-02 3.323402721434831619e-03 1.379429176449775696e-02 2.948687598109245300e-02 1.441578194499015808e-02 3.462478891015052795e-02 4.942639730870723724e-03 2.558129280805587769e-02 1.414636895060539246e-02 2.434264495968818665e-02 3.998940810561180115e-03 1.742344908416271210e-02 9.124174714088439941e-03 1.061444729566574097e-02
1.623175479471683502e-02 2.156124636530876160e-02 1.334247365593910217e-02 4.668663442134857178e-02 8.400436043739318848e-01 1.871912181377410889e-02 1.542067620903253555e-02 7.584651000797748566e-03 1.770825940184295177e-03 6.534095853567123413e-03 1.960473507642745972e-02 2.230083569884300232e-02 1.257103122770786285e-02 1.830626279115676880e-02 1.354467403143644333e-02 2.928794547915458679e-02 3.669685125350952148e-02 9.412002749741077423e-03 1.062935404479503632e-02 4.230007529258728027e-03 8.864432573318481445e-03 3.916914109140634537e-03 2.913155779242515564e-02 1.420532260090112686e-02 8.628349751234054565e-03 1.130988704971969128e-03 1.289785280823707581e-02 2.593009732663631439e-02 2.227929420769214630e-03 2.668402530252933502e-02 1.166856102645397186e-02 2.952856570482254028e-02 3.025217726826667786e-02 1.436519902199506760e-02 2.237403020262718201e-02 9.078036062419414520e-03 1.575260423123836517e-02 6.415918935090303421e-03 8.470270782709121704e-03 2.075127698481082916e-02 1.371160335838794708e-02 1.657174713909626007e-02 1.841591484844684601e-02 7.008106913417577744e-03 7.446273230016231537e-03 1.449996419250965118e-02 2.031880989670753479e-02 8.404557593166828156e-03 1.694116927683353424e-02 2.777605690062046051e-02 2.838729415088891983e-03 4.837136249989271164e-03 2.853347733616828918e-02 4.256834462285041809e-02 2.100935578346252441e-02 4.314525984227657318e-03 2.545293606817722321e-02 2.865847758948802948e-02 2.281621284782886505e-02 3.457132354378700256e-02 1.651427336037158966e-02 2.519729174673557281e-02 3.147970139980316162e-02 4.004913941025733948e-02 6.225477438420057297e-03 1.434704568237066269e-02 1.874922402203083038e-02 1.989857666194438934e-02 2.960030548274517059e-02 2.141885645687580109e-02 2.983869798481464386e-02 2.115624397993087769e-02 3.951672464609146118e-02 1.540765538811683655e-02 4.580441862344741821e-02 1.180536579340696335e-02 2.539818547666072845e-02 2.343710325658321381e-02 8.899548090994358063e-03 1.852714922279119492e-03 5.648925900459289551e-03 1.600877195596694946e-02 1.713654957711696625e-02 3.324361518025398254e-02 1.272658072412014008e-02 2.752074226737022400e-02 5.989707075059413910e-03 1.535241585224866867e-02 3.222432360053062439e-02 3.127191215753555298e-02 1.480787526816129684e-03 1.872445829212665558e-02 1.190497726202011108e-02 1.373181934468448162e-03 1.826073601841926575e-02 1.453974656760692596e-02 7.817553356289863586e-03 1.517729018814861774e-03 2.148714102804660797e-02 3.216718509793281555e-02 1.101389061659574509e-02 5.180896725505590439e-03 4.993640817701816559e-03 1.562752574682235718e-02 1.237906701862812042e-02 2.569683827459812164e-02 1.300422009080648422e-02 2.688496001064777374e-02 9.484274312853813171e-03 1.827062852680683136e-02 2.071548998355865479e-02 2.344774641096591949e-02 5.548756569623947144e-03 1.875553425634279847e-04 6.075577344745397568e-03 4.087894223630428314e-03
6.525331735610961914e-02 5.166485533118247986e-02 3.238072618842124939e-02 9.835454635322093964e-03 1.871912181377410889e-02 8.400436043739318848e-01 6.873127073049545288e-02 2.834176830947399139e-02 2.358943596482276917e-02 7.876140996813774109e-03 5.293322354555130005e-02 1.425414718687534332e-02 5.054225400090217590e-02 1.594457589089870453e-02 1.305902097374200821e-02 2.763651683926582336e-02 2.598005533218383789e-02 2.521384507417678833e-02 1.378759276121854782e-02 1.927752979099750519e-02 1.172812841832637787e-02 1.785276085138320923e-02 1.569859310984611511e-02 1.062842179089784622e-02 2.457234309986233711e-03 9.056190610863268375e-04 2.703182771801948547e-02 1.302117947489023209e-02 8.121673949062824249e-03 8.780948817729949951e-03 1.704755052924156189e-02 6.244660820811986923e-03 4.820182919502258301e-03 7.595544215291738510e-03 1.872929371893405914e-02 1.558655290864408016e-03 1.027048798277974129e-03 3.414242342114448547e-02 2.916314173489809036e-03 1.157989446073770523e-02 5.525651387870311737e-03 2.077176608145236969e-02 1.113178860396146774e-02 6.959452759474515915e-03 1.420884113758802414e-02 8.545662276446819305e-03 7.049047201871871948e-02 4.424979165196418762e-02 2.182329073548316956e-02 3.756440244615077972e-03 1.735407300293445587e-02 9.443947114050388336e-03 9.495575912296772003e-03 5.736943800002336502e-03 1.445334404706954956e-03 9.897002018988132477e-04 1.420507766306400299e-02 3.114761412143707275e-02 2.633941359817981720e-03 5.786001216620206833e-03 1.711321063339710236e-02 3.021316044032573700e-02 1.636648178100585938e-02 1.043024938553571701e-02 2.751152217388153076e-02 1.529230177402496338e-02 1.321922615170478821e-02 2.951426431536674500e-03 2.995282039046287537e-02 4.002983681857585907e-03 1.770894974470138550e-02 1.110062841325998306e-02 1.080317795276641846e-02 5.337670911103487015e-03 1.598600856959819794e-02 5.978964734822511673e-03 2.434755302965641022e-02 1.994940452277660370e-02 7.204065099358558655e-03 1.052418537437915802e-02 1.761851646006107330e-02 8.165027014911174774e-03 1.347324158996343613e-02 5.836251657456159592e-03 1.609361544251441956e-02 1.068517658859491348e-02 9.954922832548618317e-03 4.509694117587059736e-04 5.911563988775014877e-03 8.386532776057720184e-03 2.248905785381793976e-02 2.387181669473648071e-02 1.202285662293434143e-02 3.900971030816435814e-03 3.669529920443892479e-03 2.293349057435989380e-02 5.246386863291263580e-03 4.583839327096939087e-03 1.204948034137487411e-02 4.294448532164096832e-03 5.089800804853439331e-03 6.602734210900962353e-04 2.122592879459261894e-03 8.393215015530586243e-03 2.457182109355926514e-02 2.099479024764150381e-04 1.526716910302639008e-02 1.401158422231674194e-02 7.325813057832419872e-04 2.222433127462863922e-02 1.824523508548736572e-02 1.750417635776102543e-03 2.322638174518942833e-03 2.546190284192562103e-02 3.685607109218835831e-03 6.751498207449913025e-03
4.741069301962852478e-02 4.495483636856079102e-02 3.190698474645614624e-02 7.527774199843406677e-03 1.542067620903253555e-02 6.873127073049545288e-02 8.400436043739318848e-01 2.081262320280075073e-02 3.393238782882690430e-02 2.211765013635158539e-02 3.771787509322166443e-02 4.474571906030178070e-03 4.060253500938415527e-02 5.719348322600126266e-03 1.892391592264175415e-02 2.471174485981464386e-02 2.665848098695278168e-02 3.120638243854045868e-02 1.761240698397159576e-02 1.920776814222335815e-02 9.784554131329059601e-03 1.018941402435302734e-02 1.685683615505695343e-02 1.708223856985569000e-02 1.053228229284286499e-02 1.601366559043526649e-03 1.337013021111488342e-02 2.669111127033829689e-04 3.376645501703023911e-03 9.808267350308597088e-05 2.242393791675567627e-02 1.583072915673255920e-02 1.065101474523544312e-02 4.309567157179117203e-04 1.518943719565868378e-02 9.937419556081295013e-03 1.782979816198348999e-02 2.552521601319313049e-02 3.297799499705433846e-03 1.300653163343667984e-02 4.259529814589768648e-04 1.676834188401699066e-02 1.347967889159917831e-02 8.717406541109085083e-03 2.776908455416560173e-03 2.519753063097596169e-03 7.162359356880187988e-02 6.652305275201797485e-02 6.280410103499889374e-03 8.987356908619403839e-03 9.704351425170898438e-03 5.179257132112979889e-04 2.272789366543292999e-03 9.211193770170211792e-03 6.766776088625192642e-03 3.969388082623481750e-03 4.184045363217592239e-03 2.369560301303863525e-02 1.259936019778251648e-03 1.027743052691221237e-02 7.481245324015617371e-03 2.375263534486293793e-02 1.297076116316020489e-03 5.530099850147962570e-03 1.371691375970840454e-02 1.760824769735336304e-02 1.600179821252822876e-02 8.429603185504674911e-04 2.090610936284065247e-02 1.154575776308774948e-02 1.489354018121957779e-02 1.534345466643571854e-02 8.180500008165836334e-03 5.673429928719997406e-03 9.853592142462730408e-03 5.742924287915229797e-03 2.753558382391929626e-02 3.152301907539367676e-02 9.989180602133274078e-03 1.948676421307027340e-03 8.763602003455162048e-03 1.213868893682956696e-02 1.964421570301055908e-02 1.994375139474868774e-02 1.130280271172523499e-02 1.239020563662052155e-02 6.484162062406539917e-03 1.124740019440650940e-02 1.678673923015594482e-02 1.057206280529499054e-02 2.842501178383827209e-02 7.533685304224491119e-03 3.279661014676094055e-02 2.639777725562453270e-03 1.765567809343338013e-02 2.785634621977806091e-02 6.356112193316221237e-03 1.046958751976490021e-02 1.237942185252904892e-02 1.137952040880918503e-02 1.253986638039350510e-02 8.178547024726867676e-03 6.952286697924137115e-03 6.483706645667552948e-03 1.521657872945070267e-02 4.816322121769189835e-03 1.116845011711120605e-02 2.076121233403682709e-02 5.220055580139160156e-03 1.749716885387897491e-02 1.329595595598220825e-02 4.147188737988471985e-03 6.265352945774793625e-03 2.736911363899707794e-02 1.347408350557088852e-02 8.480382151901721954e-03
2.254924923181533813e-02 1.757800765335559845e-02 6.397935748100280762e-02 1.844568550586700439e-02 7.584651000797748566e-03 2.834176830947399139e-02 2.081262320280075073e-02 8.400436043739318848e-01 5.091707571409642696e-04 1.105044223368167877e-02 1.512895058840513229e-02 1.775297336280345917e-02 2.843903936445713043e-02 2.466347999870777130e-02 2.799398079514503479e-02 1.427987962961196899e-02 1.085887197405099869e-02 1.205260283313691616e-03 1.207318995147943497e-02 2.010798081755638123e-02 4.750122316181659698e-03 4.606562480330467224e-02 6.660128943622112274e-03 9.587003849446773529e-03 2.343448810279369354e-02 1.805174723267555237e-02 1.901232451200485229e-02 2.024858072400093079e-02 3.022127784788608551e-02 3.043918497860431671e-02 1.490467507392168045e-02 8.733084425330162048e-03 1.511073205620050430e-04 1.606243848800659180e-02 1.794142276048660278e-02 2.436629682779312134e-02 2.158061228692531586e-02 8.259816095232963562e-03 1.718699373304843903e-02 1.496950350701808929e-02 4.880085121840238571e-03 6.834488827735185623e-03 1.221308950334787369e-02 1.082156971096992493e-02 2.321498468518257141e-03 9.135305881500244141e-03 1.979962363839149475e-02 1.213054638355970383e-03 6.389887072145938873e-03 1.024174224585294724e-02 2.017340064048767090e-02 2.059892751276493073e-02 3.182131424546241760e-02 2.528822794556617737e-02 2.471831860020756721e-03 2.021092548966407776e-02 1.714076381176710129e-03 1.476180506870150566e-03 1.785052753984928131e-02 1.204107981175184250e-02 3.706602379679679871e-03 1.957447454333305359e-02 4.746711812913417816e-03 3.065834520384669304e-03 3.485832363367080688e-02 1.952997967600822449e-02 3.722605993971228600e-03 6.564923562109470367e-03 1.260399934835731983e-03 1.319632772356271744e-02 2.802457194775342941e-03 8.646717295050621033e-03 1.498831063508987427e-02 1.698782853782176971e-02 1.600992493331432343e-02 3.642117837443947792e-03 7.179099135100841522e-03 1.249926351010799408e-02 6.160762161016464233e-03 1.785080134868621826e-02 5.238589644432067871e-02 1.464323885738849640e-02 1.025100424885749817e-02 1.262540463358163834e-02 1.277334243059158325e-02 1.614291034638881683e-02 4.150924459099769592e-02 4.450412094593048096e-02 1.195924822241067886e-02 7.003018632531166077e-03 1.146394573152065277e-02 2.081799879670143127e-02 1.106452778913080692e-03 2.283850125968456268e-02 2.733776718378067017e-02 2.480930997990071774e-04 6.188524421304464340e-03 6.725882180035114288e-03 1.203385926783084869e-02 4.538070410490036011e-03 1.204382395371794701e-03 2.324995119124650955e-03 1.182111911475658417e-02 8.206133730709552765e-03 3.461593762040138245e-02 2.420187741518020630e-02 1.771053113043308258e-02 2.050209790468215942e-02 3.057792782783508301e-03 1.462175883352756500e-02 8.586677722632884979e-03 8.251582272350788116e-03 2.677443902939558029e-03 1.330773625522851944e-02 2.822272246703505516e-03 1.630896888673305511e-02
8.427824825048446655e-03 1.962673477828502655e-02 3.837982425466179848e-03 2.944591222330927849e-03 1.770825940184295177e-03 2.358943596482276917e-02 3.393238782882690430e-02 5.091707571409642696e-04 8.400436043739318848e-01 3.056547418236732483e-02 1.839776756241917610e-03 6.538532674312591553e-03 1.238703820854425430e-02 4.053887445479631424e-03 2.095327712595462799e-02 1.418879162520170212e-02 1.203203015029430389e-02 4.951489716768264771e-02 1.689833216369152069e-02 6.137207965366542339e-04 1.386494375765323639e-02 1.163357589393854141e-02 3.004562295973300934e-02 1.894306018948554993e-02 8.929413743317127228e-03 8.301106281578540802e-03 1.911595836281776428e-02 5.939219146966934204e-03 1.617595553398132324e-02 1.397678162902593613e-03 2.003911696374416351e-02 4.171791020780801773e-03 8.051648736000061035e-03 5.417909007519483566e-03 3.597675822675228119e-03 1.330944802612066269e-02 2.208453137427568436e-03 2.732215216383337975e-03 7.553843897767364979e-04 1.050948724150657654e-02 2.470794133841991425e-02 2.827951870858669281e-02 1.219277828931808472e-02 2.745976380538195372e-04 1.135807577520608902e-02 9.732248261570930481e-03 2.456425316631793976e-02 2.795370109379291534e-02 2.788521163165569305e-02 1.943111978471279144e-02 4.859702195972204208e-03 9.866802953183650970e-03 7.440643385052680969e-04 1.118984632194042206e-02 4.753541946411132812e-02 2.331164199858903885e-03 2.066738344728946686e-02 2.246258780360221863e-02 3.134010359644889832e-03 1.298874337226152420e-02 2.549190074205398560e-02 9.424306452274322510e-03 7.878626696765422821e-03 6.548351142555475235e-03 8.665819652378559113e-03 2.434224076569080353e-02 4.865477327257394791e-03 2.385454252362251282e-03 2.173401787877082825e-02 2.694070897996425629e-02 1.769292354583740234e-02 5.125382915139198303e-02 2.479695016518235207e-03 2.697932161390781403e-02 5.765688139945268631e-03 4.948211833834648132e-02 6.095663085579872131e-02 4.071877524256706238e-02 4.036374762654304504e-02 1.349017210304737091e-02 2.005057409405708313e-02 1.490994263440370560e-02 1.934452727437019348e-02 5.358496680855751038e-03 3.622697666287422180e-02 1.077826693654060364e-02 1.276275981217622757e-02 6.925663456058828160e-06 3.070467151701450348e-02 1.570325344800949097e-02 1.701039262115955353e-02 7.101656403392553329e-03 2.595773898065090179e-02 2.691448666155338287e-02 2.845504134893417358e-02 1.413716282695531845e-02 1.273163501173257828e-02 5.020822584629058838e-02 3.314851596951484680e-02 2.057904377579689026e-02 2.840702421963214874e-02 3.649022895842790604e-03 2.016628161072731018e-02 2.016903273761272430e-02 1.098140235990285873e-02 6.597954314202070236e-03 1.439874526113271713e-03 1.788575947284698486e-02 3.423725720494985580e-03 9.822340871323831379e-06 1.966327428817749023e-02 2.081374637782573700e-02 5.475455895066261292e-03 5.191084928810596466e-03 1.289384253323078156e-02 2.261036820709705353e-02
5.308361258357763290e-03 2.098349854350090027e-03 3.207953274250030518e-02 3.030434250831604004e-02 6.534095853567123413e-03 7.876140996813774109e-03 2.211765013635158539e-02 1.105044223368167877e-02 3.056547418236732483e-02 8.400436043739318848e-01 1.881304755806922913e-02 1.695835217833518982e-02 1.942795002833008766e-03 1.965406583622097969e-03 3.008526051416993141e-03 1.479243859648704529e-03 1.860848814249038696e-02 3.067189082503318787e-02 5.539256706833839417e-02 1.368240639567375183e-02 8.865713141858577728e-03 6.317215971648693085e-03 1.604077289812266827e-03 1.266354974359273911e-02 2.039326727390289307e-02 2.356585860252380371e-02 2.742535993456840515e-02 1.272722054272890091e-02 4.131727386265993118e-03 1.415175758302211761e-02 1.173857040703296661e-02 1.981786638498306274e-02 2.639592392370104790e-03 1.859308406710624695e-02 2.292142994701862335e-02 2.423488040221855044e-04 9.897349402308464050e-03 1.787059009075164795e-02 2.560555702075362206e-03 1.817711861804127693e-03 2.706268057227134705e-02 1.463572145439684391e-03 1.096751540899276733e-02 2.795403078198432922e-02 2.479453384876251221e-02 6.537423003464937210e-03 6.212302949279546738e-03 1.334995031356811523e-02 2.076948992908000946e-02 4.191487096250057220e-03 1.690621604211628437e-03 2.337867859750986099e-03 1.262127794325351715e-02 1.741068810224533081e-02 3.001986257731914520e-02 5.638217926025390625e-02 6.777196191251277924e-03 1.570381107740104198e-03 1.038587559014558792e-02 1.881429925560951233e-02 3.032580018043518066e-03 2.228061482310295105e-02 2.750064246356487274e-02 1.969351992011070251e-02 2.375501766800880432e-02 3.591829538345336914e-02 3.136568469926714897e-03 5.057495087385177612e-03 3.096323693171143532e-03 4.081578925251960754e-02 2.940968051552772522e-02 8.628496900200843811e-03 2.821406163275241852e-02 5.190183222293853760e-02 2.290071919560432434e-02 1.435111742466688156e-02 1.150020956993103027e-02 4.729542881250381470e-02 3.057701885700225830e-02 5.859560146927833557e-02 1.941069588065147400e-02 2.767409197986125946e-03 1.807316578924655914e-02 4.175365716218948364e-02 2.275617048144340515e-02 2.669883333146572113e-02 1.351797604002058506e-03 1.467611081898212433e-02 6.100832484662532806e-03 1.328486669808626175e-02 9.584590792655944824e-03 7.072912529110908508e-03 1.429972331970930099e-02 5.801791790872812271e-03 1.035764161497354507e-02 3.533450886607170105e-02 1.997966319322586060e-02 1.804926432669162750e-02 2.177254529669880867e-03 7.150392979383468628e-03 2.668409049510955811e-02 2.300621010363101959e-02 6.800883915275335312e-03 8.458255790174007416e-03 1.593237370252609253e-02 4.167890641838312149e-03 1.004821434617042542e-02 1.650005951523780823e-02 4.276907537132501602e-03 1.987641304731369019e-02 2.503627212718129158e-03 4.220135509967803955e-03 3.345701261423528194e-04 2.850136533379554749e-02 2.934334566816687584e-03 2.087938226759433746e-02
6.659046560525894165e-02 5.573178455233573914e-02 1.853092759847640991e-02 2.127692475914955139e-02 1.960473507642745972e-02 5.293322354555130005e-02 3.771787509322166443e-02 1.512895058840513229e-02 1.839776756241917610e-03 1.881304755806922913e-02 8.400436043739318848e-01 1.410045311786234379e-03 6.049042567610740662e-02 8.392224088311195374e-03 3.909685183316469193e-03 2.225077152252197266e-02 1.094804517924785614e-02 1.128192059695720673e-02 1.037721987813711166e-03 1.652280957387119997e-06 1.354614179581403732e-02 4.632914811372756958e-02 1.610184274613857269e-02 1.344379875808954239e-02 5.369568709284067154e-03 1.518949959427118301e-02 4.864776507019996643e-02 1.582613476784899831e-04 1.811145571991801262e-03 5.993772763758897781e-03 2.927470952272415161e-03 1.199411414563655853e-02 1.554844807833433151e-02 7.400576956570148468e-03 2.650701254606246948e-02 1.949076727032661438e-02 1.131975185126066208e-02 3.466735035181045532e-02 2.041869331151247025e-03 2.308744937181472778e-02 1.124322693794965744e-02 5.162484943866729736e-03 5.602819379419088364e-03 7.405835203826427460e-03 2.513965219259262085e-02 2.094281464815139771e-02 4.245781525969505310e-02 1.938240975141525269e-02 9.361549280583858490e-03 7.850025780498981476e-03 2.832067385315895081e-02 1.940976828336715698e-02 1.973957289010286331e-03 1.593756675720214844e-02 1.164332032203674316e-02 7.776299957185983658e-03 2.651892788708209991e-02 4.182593151926994324e-02 1.848936453461647034e-02 2.010453864932060242e-02 2.340310066938400269e-02 2.708860859274864197e-02 3.300717845559120178e-02 1.916249655187129974e-02 9.102317504584789276e-03 5.087083671241998672e-03 1.676028408110141754e-02 7.136350963264703751e-03 2.743943035602569580e-02 1.383417565375566483e-02 7.989319041371345520e-03 7.483258377760648727e-03 2.919390797615051270e-02 2.139163017272949219e-02 2.900855243206024170e-02 1.373753603547811508e-02 1.063010841608047485e-02 6.790562067180871964e-03 3.935222513973712921e-03 2.065356075763702393e-02 1.013463642448186874e-02 4.875608719885349274e-03 5.600406322628259659e-03 8.889409713447093964e-03 1.364247128367424011e-02 9.191283024847507477e-03 1.690432243049144745e-02 3.673201194033026695e-03 9.546286426484584808e-03 8.178123272955417633e-03 8.378561586141586304e-03 3.831901773810386658e-02 4.018005914986133575e-03 6.768514867871999741e-03 2.364036161452531815e-03 4.744195844978094101e-03 4.976921249181032181e-03 5.154165904968976974e-03 6.666672881692647934e-03 4.840388428419828415e-03 9.877975098788738251e-03 6.278022658079862595e-03 4.799364600330591202e-03 3.599837189540266991e-03 2.881653979420661926e-02 8.039100095629692078e-03 1.106889452785253525e-02 1.964852772653102875e-02 1.227572932839393616e-02 2.230082079768180847e-02 3.118582814931869507e-02 2.430731616914272308e-02 7.311421912163496017e-03 2.909935079514980316e-02 5.525194108486175537e-03 3.101356141269207001e-02
4.193421453237533569e-03 8.283640258014202118e-03 2.874349243938922882e-02 2.474607340991497040e-02 2.230083569884300232e-02 1.425414718687534332e-02 4.474571906030178070e-03 1.775297336280345917e-02 6.538532674312591553e-03 1.695835217833518982e-02 1.410045311786234379e-03 8.400436043739318848e-01 7.000564131885766983e-03 5.563125014305114746e-02 1.313536427915096283e-02 8.397911675274372101e-03 1.472719572484493256e-02 2.018613304244354367e-04 6.002967245876789093e-03 1.258811820298433304e-02 1.269659772515296936e-02 2.238885499536991119e-03 2.658264338970184326e-02 2.122948318719863892e-02 1.668128371238708496e-02 5.966017488390207291e-03 9.337581694126129150e-03 4.969136789441108704e-02 3.488192334771156311e-03 4.623940587043762207e-02 5.285622086375951767e-03 2.147502824664115906e-02 1.292189490050077438e-02 2.296867221593856812e-02 1.977415196597576141e-02 2.806461416184902191e-02 2.703877910971641541e-02 1.423941925168037415e-02 2.273906581103801727e-02 2.606867626309394836e-02 6.201105192303657532e-03 1.099015958607196808e-02 2.867652103304862976e-03 3.296225517988204956e-02 2.290591783821582794e-02 1.979245105758309364e-03 8.451548404991626740e-03 8.787774480879306793e-03 3.747082501649856567e-02 3.734870254993438721e-02 3.291906788945198059e-02 3.823162615299224854e-02 3.274439275264739990e-02 3.034731000661849976e-02 2.178963273763656616e-02 3.045129403471946716e-02 2.586779184639453888e-02 1.467879209667444229e-02 3.079939447343349457e-02 3.123710304498672485e-02 4.094270057976245880e-03 7.566177286207675934e-03 2.346165850758552551e-02 2.873879298567771912e-02 2.602425776422023773e-02 7.604362443089485168e-03 4.056029021739959717e-03 1.206792239099740982e-02 1.571528986096382141e-02 1.488298829644918442e-02 1.447378937155008316e-02 2.099968679249286652e-02 2.031953632831573486e-02 6.590525154024362564e-03 1.918383501470088959e-02 2.513545192778110504e-02 1.588798128068447113e-02 1.783704012632369995e-02 7.829681853763759136e-04 2.840713714249432087e-04 3.401304036378860474e-02 4.275870323181152344e-02 1.059093512594699860e-02 9.075177833437919617e-03 9.884086437523365021e-03 2.365616336464881897e-02 3.010124340653419495e-02 9.537111036479473114e-03 4.410157725214958191e-02 4.106071218848228455e-02 6.194909103214740753e-03 1.900044386275112629e-03 1.416826620697975159e-03 9.375949390232563019e-03 1.537492964416742325e-02 5.727128125727176666e-03 4.249071702361106873e-03 9.213196113705635071e-03 1.005198061466217041e-02 1.054055336862802505e-02 7.712800521403551102e-03 1.036858744919300079e-02 1.569650880992412567e-02 1.167373382486402988e-03 9.324182756245136261e-03 2.062717825174331665e-02 8.262387476861476898e-03 2.376418560743331909e-02 6.304263137280941010e-03 4.126268438994884491e-03 2.313222922384738922e-02 3.433310985565185547e-02 9.951736778020858765e-03 1.040385221131145954e-03 3.358851000666618347e-02 2.179066650569438934e-02
5.171409994363784790e-02 6.022620573639869690e-02 3.149013221263885498e-02 1.321040745824575424e-02 1.257103122770786285e-02 5.054225400090217590e-02 4.060253500938415527e-02 2.843903936445713043e-02 1.238703820854425430e-02 1.942795002833008766e-03 6.049042567610740662e-02 7.000564131885766983e-03 8.400436043739318848e-01 1.602730527520179749e-02 9.064515121281147003e-03 2.622174657881259918e-02 1.726167462766170502e-02 2.107639051973819733e-02 1.295609399676322937e-02 1.971671171486377716e-02 6.099060643464326859e-03 4.540996626019477844e-02 1.912647299468517303e-02 1.847577281296253204e-02 1.608359813690185547e-02 2.415766380727291107e-02 4.002406075596809387e-02 1.293750596232712269e-03 1.434817910194396973e-02 8.887243893695995212e-06 2.608087472617626190e-02 4.156008828431367874e-03 1.464799977838993073e-02 1.992901600897312164e-02 2.531619369983673096e-02 1.310252491384744644e-02 4.562989342957735062e-03 2.583324350416660309e-02 4.989106091670691967e-04 2.128872461616992950e-02 1.039527123793959618e-03 1.482849754393100739e-02 9.463406167924404144e-03 1.495167333632707596e-02 1.953976927325129509e-03 3.987035306636244059e-04 4.403455927968025208e-02 3.229044750332832336e-02 1.156235579401254654e-02 2.838133135810494423e-03 2.158722840249538422e-02 1.793490536510944366e-02 1.164052169770002365e-02 2.778109919745475054e-04 4.951425828039646149e-03 3.886264050379395485e-03 1.732152700424194336e-02 3.333825990557670593e-02 1.247664168477058411e-02 6.092599127441644669e-03 2.948352880775928497e-02 3.453528136014938354e-02 2.833412587642669678e-02 1.502227503806352615e-02 2.186740003526210785e-02 2.268835715949535370e-02 1.148396520875394344e-03 2.073141746222972870e-02 3.392940759658813477e-02 3.944571595638990402e-03 2.106210216879844666e-02 1.478844135999679565e-02 2.231945283710956573e-02 3.527747001498937607e-03 2.017516084015369415e-02 2.431483706459403038e-03 1.508756354451179504e-02 4.394089337438344955e-03 4.380183760076761246e-03 4.064657259732484818e-04 1.444246340543031693e-02 1.618476817384362221e-03 1.694540306925773621e-02 2.907306887209415436e-03 1.579446531832218170e-02 1.524675264954566956e-02 1.476418972015380859e-02 6.328758317977190018e-03 3.456585807725787163e-03 3.347177524119615555e-03 2.835585176944732666e-02 3.338833153247833252e-02 2.107062563300132751e-02 1.725102216005325317e-02 6.826330907642841339e-03 1.826840639114379883e-02 3.508789464831352234e-03 6.580659653991460800e-03 1.991688646376132965e-02 6.725405342876911163e-03 6.915942765772342682e-03 1.990545541048049927e-02 2.011687029153108597e-03 1.138189435005187988e-02 3.413182497024536133e-02 8.965714368969202042e-04 8.145298808813095093e-03 3.112528473138809204e-03 2.012861892580986023e-02 4.385879263281822205e-03 3.114636614918708801e-02 1.288655307143926620e-02 2.111271023750305176e-03 1.974628865718841553e-02 4.269600380212068558e-03 2.106761746108531952e-02
