8.407737612724304199e-01 5.751952528953552246e-02 1.087834872305393219e-02 2.968876808881759644e-02 3.350956365466117859e-02 4.898159950971603394e-02 4.535649716854095459e-02 1.429942250251770020e-02 1.475101709365844727e-02 8.587160147726535797e-03 5.562221631407737732e-02 1.017911080271005630e-02 5.128369480371475220e-02 7.143056485801935196e-03 3.503542765974998474e-02 1.891471818089485168e-02 1.508606970310211182e-02 1.244840444996953011e-03 1.052485872060060501e-02 2.860311977565288544e-02 2.693840116262435913e-02 2.888736687600612640e-02 2.140092663466930389e-02 2.071083150804042816e-02 3.047842904925346375e-02 1.131964474916458130e-02 3.818430704995989799e-03 5.438198801130056381e-03 1.974775642156600952e-02 1.871723099611699581e-03 2.102817967534065247e-02 2.666273899376392365e-02 9.659630595706403255e-04 1.814804226160049438e-02 1.823324896395206451e-02 2.230529487133026123e-02 6.257412023842334747e-03 1.594189740717411041e-02 4.964985884726047516e-03 6.979118566960096359e-03 1.791337132453918457e-02 2.980689145624637604e-02 2.987571433186531067e-02 8.011384867131710052e-03 1.952498592436313629e-02 2.664327435195446014e-02 4.717759042978286743e-02 4.685823991894721985e-02 2.354929223656654358e-02 8.504361845552921295e-03 1.959870010614395142e-02 2.936584874987602234e-02 2.429770864546298981e-02 8.806520141661167145e-03 2.114710025489330292e-02 4.757031332701444626e-03 1.431387849152088165e-02 2.067528292536735535e-02 2.168154530227184296e-02 7.205214351415634155e-03 5.485234782099723816e-03 2.081955410540103912e-02 2.049770578742027283e-02 2.177777886390686035e-02 9.152122773230075836e-03 9.012195514515042305e-04 2.819072082638740540e-02 2.477710507810115814e-02 1.126048387959599495e-03 4.776239860802888870e-03 6.042921449989080429e-03 5.356785841286182404e-03 1.739896275103092194e-02 1.541930809617042542e-02 3.818600205704569817e-03 1.320935599505901337e-02 5.641038063913583755e-03 1.686247880570590496e-03 1.363914646208286285e-02 1.160213816910982132e-02 1.904502883553504944e-02 2.221738977823406458e-04 1.693962328135967255e-02 5.590166896581649780e-03 1.059943716973066330e-02 2.409434318542480469e-02 2.623805217444896698e-02 1.216919068247079849e-02 2.018917165696620941e-02 1.906261034309864044e-02 2.779398486018180847e-02 1.337301544845104218e-02 2.657720260322093964e-02 1.175172254443168640e-02 1.748953200876712799e-02 8.647405542433261871e-03 1.749150641262531281e-02 1.679121516644954681e-02 2.966850809752941132e-02 2.129420638084411621e-02 2.399440109729766846e-02 2.026366069912910461e-02 1.696186140179634094e-02 2.293923497200012207e-02 1.163730863481760025e-02 5.306300707161426544e-03 1.339561864733695984e-02 7.646297104656696320e-03 1.721443422138690948e-02 5.496875848621129990e-03 3.198656439781188965e-02 2.586246654391288757e-02 2.938346937298774719e-02 2.691228501498699188e-02 1.269980333745479584e-02 5.527909379452466965e-04
5.751952528953552246e-02 8.407737612724304199e-01 1.773638464510440826e-02 3.340780735015869141e-02 3.413991257548332214e-02 5.069167539477348328e-02 5.248185619711875916e-02 2.225499227643013000e-02 1.328357867896556854e-02 6.904772017151117325e-03 5.710278451442718506e-02 1.420681271702051163e-02 6.165841966867446899e-02 1.587714813649654388e-02 4.402094334363937378e-02 1.878436096012592316e-02 1.419561915099620819e-02 3.896803827956318855e-03 1.298529561609029770e-02 2.975949272513389587e-02 2.564412355422973633e-02 3.454959392547607422e-02 2.130965888500213623e-02 2.238246612250804901e-02 2.416884712874889374e-02 1.123488880693912506e-02 1.102795079350471497e-02 8.434180170297622681e-03 2.325756661593914032e-02 1.195775344967842102e-03 2.045772224664688110e-02 2.231165580451488495e-02 1.103181112557649612e-02 1.513886451721191406e-02 2.609604783356189728e-02 1.809651032090187073e-02 6.842934526503086090e-03 1.484523527324199677e-02 2.208346966654062271e-03 1.293720956891775131e-02 2.224344387650489807e-02 2.265683375298976898e-02 1.881974190473556519e-02 1.030133571475744247e-02 1.745835691690444946e-02 2.723897062242031097e-02 4.913936555385589600e-02 5.188604071736335754e-02 1.777360402047634125e-02 1.863018958829343319e-03 1.130847167223691940e-02 2.194550819694995880e-02 2.146605774760246277e-02 6.819915492087602615e-03 1.409211196005344391e-02 6.501755677163600922e-03 2.151972241699695587e-02 1.465076860040426254e-02 1.966415345668792725e-02 2.699832199141383171e-03 1.010306831449270248e-02 1.984080485999584198e-02 2.946682088077068329e-02 2.495433762669563293e-02 1.298732683062553406e-02 4.126411397010087967e-03 2.614360488951206207e-02 1.344748586416244507e-02 9.926104394253343344e-05 9.312757290899753571e-03 1.204184815287590027e-02 9.460129775106906891e-03 1.842148415744304657e-02 1.957152597606182098e-02 3.307093866169452667e-03 1.551315560936927795e-02 2.457564929500222206e-03 3.475228790193796158e-03 1.097849011421203613e-02 1.115233264863491058e-02 1.547011546790599823e-02 2.446662692818790674e-04 2.430666610598564148e-02 1.038037799298763275e-02 1.133832032792270184e-03 1.294506713747978210e-02 2.925818040966987610e-02 1.245245337486267090e-02 2.784995175898075104e-02 1.734395697712898254e-02 2.989800088107585907e-02 1.402579620480537415e-02 3.351862356066703796e-02 1.345917303115129471e-02 1.385726220905780792e-02 9.506932459771633148e-03 1.561522204428911209e-02 1.422863267362117767e-02 2.442893944680690765e-02 1.522265654057264328e-02 1.247045397758483887e-02 1.225904189050197601e-02 1.882757991552352905e-02 2.062671072781085968e-02 1.214178395457565784e-03 1.722688204608857632e-03 1.129096001386642456e-02 1.423851493746042252e-02 1.155372615903615952e-02 1.201375853270292282e-02 3.249324858188629150e-02 2.558408305048942566e-02 2.302786149084568024e-02 1.844744384288787842e-02 1.675185188651084900e-02 1.393007580190896988e-03
1.087834872305393219e-02 1.773638464510440826e-02 8.407737612724304199e-01 2.205349132418632507e-02 1.156920474022626877e-02 1.856909075286239386e-04 6.113653071224689484e-03 7.091832160949707031e-02 7.362667820416390896e-04 7.641275878995656967e-03 1.094430778175592422e-02 5.000644363462924957e-03 2.338841557502746582e-02 3.550492692738771439e-04 4.196289554238319397e-02 1.232954114675521851e-02 1.283267140388488770e-02 8.419721387326717377e-03 2.150740241631865501e-03 1.083031017333269119e-02 1.336762774735689163e-02 4.139322414994239807e-02 6.150566041469573975e-03 9.909483604133129120e-03 1.703632296994328499e-03 6.011093966662883759e-03 1.632444746792316437e-02 1.261217053979635239e-02 8.385873399674892426e-03 1.049358583986759186e-02 1.580744050443172455e-02 8.237231522798538208e-03 3.886696882545948029e-03 3.425535047426819801e-03 2.660336613189429045e-04 1.236974075436592102e-02 1.364580728113651276e-02 3.857956081628799438e-02 9.964921511709690094e-03 1.564268209040164948e-02 3.050705790519714355e-02 6.375564262270927429e-04 4.441982135176658630e-03 3.550687059760093689e-02 1.144486200064420700e-02 1.811026409268379211e-02 6.954982411116361618e-03 8.626475930213928223e-03 1.133351959288120270e-02 3.927440382540225983e-03 5.741870962083339691e-03 1.111967768520116806e-02 3.033161535859107971e-02 2.776399441063404083e-02 7.078176364302635193e-03 1.509380713105201721e-02 7.485755253583192825e-03 2.383069135248661041e-03 2.669678442180156708e-02 2.577476017177104950e-02 2.817323664203286171e-03 1.026539318263530731e-02 5.622318480163812637e-03 5.656148307025432587e-03 2.133275941014289856e-02 2.256615646183490753e-02 2.979267155751585960e-03 1.235437463037669659e-03 1.894679479300975800e-02 7.612752378918230534e-04 2.153983339667320251e-02 2.205954305827617645e-02 1.727424561977386475e-02 1.949454075656831264e-03 3.853152506053447723e-03 2.479312382638454437e-02 1.492349244654178619e-02 1.359797175973653793e-02 1.138472650200128555e-02 1.213360228575766087e-03 7.847879081964492798e-02 6.980269402265548706e-02 9.842827916145324707e-03 9.507647715508937836e-03 8.118683472275733948e-03 2.328477567061781883e-03 4.638093337416648865e-02 5.313322693109512329e-02 1.836882717907428741e-02 2.106104046106338501e-02 2.592841919977217913e-04 5.332587286829948425e-03 1.016878802329301834e-02 3.202992305159568787e-02 4.265000112354755402e-03 8.478145115077495575e-03 9.230849333107471466e-03 1.276180054992437363e-02 8.588661439716815948e-03 1.258338522166013718e-02 7.864689541747793555e-05 2.894067671149969101e-03 8.622576482594013214e-03 1.886207051575183868e-02 1.725809834897518158e-02 1.770841144025325775e-02 1.598985865712165833e-02 1.712563633918762207e-02 5.099195986986160278e-03 2.666299231350421906e-02 1.044845394790172577e-02 2.529643662273883820e-02 3.794089192524552345e-03 7.003563223406672478e-04 5.514424759894609451e-03 3.488742932677268982e-02
2.968876808881759644e-02 3.340780735015869141e-02 2.205349132418632507e-02 8.407737612724304199e-01 6.389187276363372803e-02 2.285013161599636078e-02 2.606742084026336670e-02 2.295998483896255493e-02 2.052431739866733551e-02 2.186256833374500275e-02 2.984986454248428345e-02 1.903502154164016247e-03 2.745806612074375153e-02 1.542372535914182663e-02 3.372828662395477295e-02 1.852423767559230328e-03 7.396506611257791519e-03 4.926485009491443634e-03 2.812716877087950706e-03 2.146517671644687653e-02 1.769809424877166748e-02 4.737496748566627502e-02 1.017517875880002975e-02 1.536641735583543777e-02 1.910204812884330750e-02 2.324978122487664223e-03 2.990575879812240601e-02 2.816776558756828308e-02 1.187977008521556854e-02 1.774566806852817535e-02 1.519911363720893860e-02 3.337770327925682068e-02 5.562675185501575470e-03 3.300163149833679199e-02 2.354511804878711700e-02 1.582410931587219238e-02 1.829340239055454731e-03 9.299233788624405861e-04 2.722654491662979126e-02 1.278696209192276001e-02 1.103943213820457458e-02 2.210662141442298889e-02 1.374105922877788544e-02 5.248421803116798401e-03 1.655649207532405853e-02 3.250427171587944031e-02 3.298987448215484619e-02 2.563012018799781799e-02 3.379831090569496155e-02 3.039907477796077728e-02 5.070350598543882370e-04 1.326530426740646362e-02 1.183407381176948547e-02 1.092616817913949490e-03 3.729805350303649902e-02 3.139534220099449158e-02 2.180011756718158722e-02 8.708899840712547302e-03 1.736471056938171387e-02 4.387284629046916962e-03 1.276483200490474701e-02 2.681110985577106476e-02 2.036610245704650879e-02 3.039477206766605377e-02 1.423420384526252747e-02 1.635079854167997837e-03 2.115589193999767303e-02 1.527162920683622360e-02 2.945083426311612129e-03 1.075303927063941956e-02 7.589548826217651367e-03 1.381610054522752762e-03 4.620888456702232361e-02 5.298265255987644196e-03 2.899096161127090454e-02 6.459942553192377090e-03 2.244912832975387573e-02 2.834942191839218140e-03 2.268346399068832397e-02 1.966505311429500580e-02 1.904440298676490784e-02 6.953013129532337189e-03 2.615258842706680298e-02 4.878298845142126083e-03 2.459394978359341621e-03 6.481457385234534740e-04 2.852934040129184723e-02 1.015858538448810577e-02 5.023778229951858521e-02 1.935871317982673645e-02 1.001074817031621933e-02 2.979862317442893982e-02 1.510084699839353561e-02 2.124197222292423248e-02 1.052168197929859161e-02 1.199636422097682953e-02 9.855480864644050598e-03 1.141314208507537842e-02 2.168534509837627411e-02 1.290644984692335129e-02 1.904482208192348480e-02 2.182028256356716156e-02 7.138619548641145229e-04 2.716472605243325233e-03 3.647634992375969887e-03 2.801311493385583162e-04 1.116304472088813782e-02 1.541788876056671143e-02 7.923286408185958862e-03 9.845118038356304169e-03 2.178386412560939789e-02 2.031124383211135864e-02 1.085174176841974258e-02 1.764240092597901821e-03 1.118131913244724274e-02 1.653036102652549744e-03
3.350956365466117859e-02 3.413991257548332214e-02 1.156920474022626877e-02 6.389187276363372803e-02 8.407737612724304199e-01 2.105500735342502594e-02 2.213283441960811615e-02 1.361167803406715393e-02 8.796501904726028442e-03 9.229232557117938995e-03 3.003182262182235718e-02 3.444397123530507088e-03 2.903065085411071777e-02 9.186355397105216980e-03 3.196096792817115784e-02 9.229012764990329742e-03 6.558257155120372772e-03 4.306272603571414948e-03 7.623563520610332489e-03 9.713267907500267029e-03 6.797998677939176559e-03 4.051207751035690308e-02 7.831067778170108795e-03 1.139400526881217957e-02 1.577365212142467499e-02 2.249373821541666985e-03 2.166469022631645203e-02 2.546583488583564758e-02 1.542893052101135254e-02 1.647169888019561768e-02 2.254757471382617950e-02 2.742079831659793854e-02 3.700615139678120613e-03 2.819105982780456543e-02 2.594770118594169617e-02 1.665153540670871735e-02 6.000320427119731903e-04 1.002805214375257492e-02 2.826503105461597443e-02 2.005442604422569275e-02 1.512610819190740585e-02 1.782537810504436493e-02 2.001525089144706726e-02 8.997213095426559448e-03 1.221672911196947098e-02 3.024640306830406189e-02 2.732621692121028900e-02 2.855987474322319031e-02 2.599395811557769775e-02 2.599141746759414673e-02 5.027885083109140396e-03 1.812667027115821838e-02 1.625195890665054321e-02 2.231816761195659637e-03 3.359872847795486450e-02 1.504627708345651627e-02 2.407925762236118317e-02 2.096261456608772278e-02 2.472160011529922485e-02 3.317396622151136398e-03 1.904872711747884750e-03 2.764477580785751343e-02 1.912016049027442932e-02 3.050248883664608002e-02 1.746293716132640839e-02 3.033929038792848587e-03 1.583543792366981506e-02 1.832410134375095367e-02 5.969790741801261902e-03 6.400466896593570709e-03 1.258534193038940430e-02 2.220829483121633530e-04 3.952809795737266541e-02 3.285365179181098938e-03 4.709175974130630493e-02 1.865942380391061306e-03 2.622656896710395813e-02 1.460395473986864090e-02 9.866233915090560913e-03 1.245606038719415665e-02 1.780029945075511932e-02 6.934492848813533783e-03 9.243660606443881989e-03 2.829561708495020866e-03 2.442660974338650703e-03 3.153679659590125084e-03 3.122857399284839630e-02 2.846695249900221825e-03 4.173393175005912781e-02 2.504141442477703094e-02 8.755608461797237396e-03 2.455386705696582794e-02 2.026082389056682587e-02 1.258125528693199158e-02 4.760689567774534225e-03 2.232769038528203964e-03 2.594093384686857462e-04 2.719384385272860527e-03 2.543028630316257477e-02 1.576175354421138763e-02 2.139044925570487976e-02 2.177432738244533539e-02 4.563402384519577026e-03 9.573106653988361359e-03 6.337553262710571289e-03 1.010564807802438736e-02 4.392921458929777145e-03 2.036499604582786560e-02 6.754704751074314117e-03 1.829811558127403259e-02 3.015878610312938690e-02 2.764915861189365387e-02 1.026776432991027832e-02 7.715011946856975555e-03 9.923168458044528961e-03 1.265632826834917068e-02
4.898159950971603394e-02 5.069167539477348328e-02 1.856909075286239386e-04 2.285013161599636078e-02 2.105500735342502594e-02 8.407737612724304199e-01 7.488044351339340210e-02 1.095519959926605225e-02 1.489492226392030716e-02 1.409455854445695877e-02 4.211245104670524597e-02 3.745582699775695801e-02 4.132634773850440979e-02 3.944271430373191833e-02 2.132258936762809753e-02 3.368345648050308228e-02 3.185268491506576538e-02 8.021153509616851807e-03 1.330480445176362991e-02 3.524562343955039978e-02 2.723141759634017944e-02 1.465193461626768112e-02 3.348305821418762207e-02 3.845443576574325562e-02 2.564521133899688721e-02 1.024908106774091721e-02 6.214227760210633278e-04 2.608083374798297882e-02 4.900941625237464905e-03 2.938750013709068298e-02 3.959405701607465744e-03 2.670966088771820068e-02 1.013896614313125610e-02 2.341710589826107025e-02 3.166786581277847290e-02 8.036323823034763336e-03 5.654188338667154312e-03 9.385325945913791656e-03 1.075273659080266953e-02 9.807278402149677277e-03 1.414810400456190109e-02 1.663470454514026642e-02 9.110938757658004761e-03 1.065181195735931396e-02 1.044853869825601578e-02 1.558514870703220367e-02 7.317318022251129150e-02 5.260443687438964844e-02 1.126004755496978760e-02 5.976853892207145691e-03 9.284052648581564426e-04 1.630735211074352264e-02 8.754928596317768097e-03 6.856732070446014404e-03 4.207770805805921555e-03 3.239955112803727388e-04 1.864330470561981201e-02 1.036826055496931076e-02 7.491276133805513382e-03 1.150525081902742386e-02 1.277220901101827621e-02 1.121333986520767212e-02 2.193678356707096100e-02 3.046310693025588989e-02 5.974775180220603943e-03 1.810615882277488708e-02 2.499301359057426453e-02 1.678800024092197418e-02 6.113764364272356033e-03 3.544912440702319145e-03 1.588250859640538692e-03 1.202756166458129883e-02 5.874208873137831688e-04 3.265637205913662910e-03 1.304266415536403656e-02 5.536935292184352875e-03 4.012986028101295233e-04 3.365741344168782234e-03 1.594074442982673645e-02 1.919835247099399567e-02 3.672561841085553169e-03 1.344467606395483017e-02 1.885196752846240997e-02 1.356433145701885223e-03 1.327313948422670364e-02 2.538735605776309967e-02 1.236651465296745300e-02 5.526919849216938019e-03 2.669040113687515259e-02 5.880260374397039413e-03 3.178833052515983582e-02 1.181397773325443268e-02 3.385345637798309326e-02 4.428669126355089247e-05 1.155008375644683838e-02 9.733955375850200653e-03 1.001600641757249832e-02 7.026321254670619965e-03 1.236784271895885468e-02 1.218060683459043503e-02 1.385048683732748032e-02 1.306759193539619446e-02 1.139241456985473633e-02 3.191982395946979523e-03 3.242652397602796555e-03 1.198046747595071793e-02 7.323777768760919571e-03 2.839978598058223724e-02 2.709265798330307007e-03 2.081731520593166351e-02 9.070250205695629120e-03 1.116637885570526123e-02 2.330907061696052551e-02 9.810907766222953796e-03 9.767962619662284851e-03 1.399898435920476913e-02
4.535649716854095459e-02 5.248185619711875916e-02 6.113653071224689484e-03 2.606742084026336670e-02 2.213283441960811615e-02 7.488044351339340210e-02 8.407737612724304199e-01 1.543731987476348877e-02 9.220642037689685822e-03 1.148737035691738129e-02 4.377346485853195190e-02 2.784954383969306946e-02 4.376840591430664062e-02 3.259340673685073853e-02 2.132642827928066254e-02 3.116619586944580078e-02 2.918875403702259064e-02 9.850189089775085449e-03 1.290328335016965866e-02 3.606268763542175293e-02 2.985973842442035675e-02 1.633485406637191772e-02 3.415081650018692017e-02 3.951547667384147644e-02 2.864793501794338226e-02 1.167921535670757294e-02 1.750809955410659313e-03 1.553431060165166855e-02 3.715452505275607109e-03 1.906127482652664185e-02 1.128408475778996944e-03 2.903375588357448578e-02 8.481244556605815887e-03 2.410969324409961700e-02 3.679185733199119568e-02 5.947255529463291168e-03 1.568354055052623153e-04 1.053507439792156219e-02 7.699174806475639343e-03 1.161778625100851059e-02 1.867467537522315979e-02 1.630228944122791290e-02 1.137543655931949615e-02 9.661482647061347961e-03 7.995946332812309265e-03 1.467898301780223846e-02 6.937336176633834839e-02 5.758297070860862732e-02 1.694830507040023804e-02 3.862146055325865746e-03 6.591746932826936245e-04 1.646070182323455811e-02 1.131232362240552902e-02 2.855358645319938660e-03 7.677283603698015213e-03 4.639581311494112015e-03 1.665600016713142395e-02 1.082101836800575256e-02 4.373767413198947906e-03 1.357709337025880814e-02 1.309543848037719727e-02 1.771042682230472565e-02 2.291201986372470856e-02 3.320343792438507080e-02 3.995466046035289764e-03 1.614875346422195435e-02 2.870099805295467377e-02 1.928531564772129059e-02 1.826834399253129959e-03 7.616802584379911423e-03 7.221752312034368515e-03 1.580787077546119690e-02 1.021370571106672287e-02 7.696952205151319504e-03 4.033721517771482468e-03 1.143792085349559784e-02 9.840144775807857513e-03 3.708770498633384705e-03 1.165656279772520065e-02 1.692121662199497223e-02 6.335037760436534882e-04 1.178231462836265564e-02 2.237140014767646790e-02 2.400967787252739072e-04 1.665249280631542206e-02 2.365624718368053436e-02 1.173681300133466721e-02 4.080109298229217529e-03 3.281179070472717285e-02 1.192128751426935196e-02 2.603710442781448364e-02 1.109752058982849121e-02 3.178055211901664734e-02 1.946411328390240669e-03 8.057949133217334747e-03 6.669749971479177475e-03 5.466306116431951523e-03 1.023786258883774281e-03 1.383646763861179352e-02 1.234036218374967575e-02 1.392845716327428818e-02 1.138888113200664520e-02 6.232198327779769897e-03 6.044505629688501358e-03 4.960437770932912827e-03 1.322983298450708389e-02 9.709557518362998962e-03 2.619133330881595612e-02 2.307160524651408195e-03 2.018425613641738892e-02 1.399857643991708755e-02 1.716859266161918640e-02 2.224653400480747223e-02 1.087106391787528992e-02 1.822005398571491241e-02 2.221162803471088409e-02
1.429942250251770020e-02 2.225499227643013000e-02 7.091832160949707031e-02 2.295998483896255493e-02 1.361167803406715393e-02 1.095519959926605225e-02 1.543731987476348877e-02 8.407737612724304199e-01 5.745775066316127777e-03 6.633287761360406876e-03 2.111324854195117950e-02 2.247133105993270874e-02 2.934827469289302826e-02 2.678793482482433319e-02 5.519134551286697388e-02 7.193964440375566483e-03 7.687323726713657379e-03 6.007196847349405289e-03 1.138597447425127029e-02 1.273940782994031906e-02 9.337214753031730652e-03 4.764879122376441956e-02 8.642507964395917952e-06 2.402041107416152954e-03 5.289093125611543655e-03 3.357331035658717155e-03 8.668617345392704010e-03 3.109646029770374298e-03 4.861469380557537079e-03 9.291137568652629852e-03 6.487153470516204834e-03 6.565158721059560776e-03 2.012243680655956268e-02 3.850341541692614555e-03 1.264719478785991669e-02 2.121659927070140839e-02 1.666000112891197205e-02 1.656727120280265808e-02 8.879081346094608307e-03 1.878150738775730133e-02 3.338999347761273384e-03 9.906408376991748810e-04 2.034046221524477005e-03 1.042586192488670349e-02 1.579887419939041138e-02 1.322217937558889389e-02 1.683091372251510620e-02 3.011767403222620487e-04 1.874715788289904594e-03 2.341172844171524048e-02 2.226678654551506042e-02 1.283589098602533340e-02 2.558004111051559448e-02 1.916437223553657532e-02 1.079522538930177689e-03 2.493176981806755066e-02 1.138100493699312210e-02 3.605424659326672554e-03 2.014014124870300293e-02 1.085513457655906677e-02 2.932281233370304108e-02 2.088481187820434570e-02 2.108535915613174438e-02 7.327516563236713409e-03 1.132550882175564766e-03 1.024050172418355942e-02 1.986157149076461792e-03 5.606224760413169861e-03 2.742036059498786926e-02 1.930992677807807922e-02 3.240533545613288879e-02 9.526395238935947418e-03 2.895094640552997589e-02 1.562026794999837875e-02 6.541652604937553406e-03 2.021027728915214539e-03 1.717055216431617737e-02 1.705124415457248688e-02 2.341762371361255646e-02 2.066483953967690468e-03 6.280801445245742798e-02 4.244422540068626404e-02 3.157035633921623230e-02 2.220629155635833740e-02 9.447969496250152588e-03 4.268386866897344589e-03 5.235209688544273376e-02 2.830149233341217041e-02 1.968472823500633240e-02 2.011688426136970520e-02 3.226900007575750351e-03 5.384298041462898254e-03 1.031115930527448654e-02 1.165821403264999390e-02 6.982754566706717014e-04 1.164852408692240715e-03 3.014427376911044121e-03 5.275246687233448029e-03 1.281929016113281250e-02 1.859533414244651794e-02 1.327754114754498005e-03 4.870895296335220337e-03 4.416087176650762558e-03 9.122151095652952790e-05 1.030091568827629089e-02 2.372918464243412018e-02 1.793118938803672791e-02 4.131394438445568085e-03 1.737676793709397316e-03 3.422299399971961975e-03 8.774850517511367798e-03 3.945990931242704391e-03 7.460378110408782959e-03 1.496000098995864391e-03 1.201445143669843674e-02 3.299907967448234558e-02
1.475101709365844727e-02 1.328357867896556854e-02 7.362667820416390896e-04 2.052431739866733551e-02 8.796501904726028442e-03 1.489492226392030716e-02 9.220642037689685822e-03 5.745775066316127777e-03 8.407737612724304199e-01 5.547318235039710999e-02 1.268799230456352234e-02 4.295932129025459290e-02 7.503593806177377701e-03 4.023472964763641357e-02 1.477875187993049622e-02 2.933905646204948425e-02 2.633343264460563660e-02 5.250665545463562012e-02 2.846558019518852234e-02 5.529555957764387131e-03 4.608946386724710464e-03 2.237084694206714630e-02 2.661353163421154022e-02 2.876166813075542450e-02 8.194579742848873138e-03 3.207466797903180122e-03 3.239903971552848816e-02 5.237034987658262253e-03 6.706725689582526684e-04 1.423021312803030014e-02 5.761051550507545471e-03 2.009253576397895813e-02 1.250792667269706726e-02 2.198275551199913025e-02 9.665756486356258392e-03 1.443472504615783691e-02 1.067990553565323353e-03 1.079634996131062508e-03 1.372139155864715576e-02 1.694033155217766762e-03 1.892054802738130093e-03 8.828090503811836243e-03 1.790998689830303192e-02 7.887575193308293819e-04 1.603124663233757019e-02 1.866057142615318298e-02 1.543482672423124313e-02 3.236744785681366920e-03 1.527061406522989273e-02 2.414234913885593414e-02 1.159210596233606339e-02 5.401179660111665726e-03 3.959321882575750351e-03 6.934067234396934509e-03 1.774086803197860718e-02 1.857267692685127258e-02 1.447943039238452911e-02 8.907860144972801208e-03 9.759241715073585510e-03 8.316271007061004639e-03 1.124447863548994064e-02 1.666401699185371399e-02 1.777221634984016418e-02 1.880400627851486206e-02 7.998112589120864868e-03 2.646553143858909607e-02 6.330409087240695953e-03 9.384565055370330811e-03 4.968927055597305298e-02 3.616444393992424011e-02 2.500849962234497070e-02 2.747563831508159637e-02 4.178235307335853577e-03 2.365625649690628052e-02 1.607265323400497437e-02 2.153191529214382172e-02 5.925068259239196777e-02 5.019090324640274048e-02 4.679324105381965637e-02 4.019698500633239746e-02 6.862265989184379578e-03 6.971206981688737869e-03 2.104467898607254028e-02 2.462045475840568542e-02 7.301630917936563492e-03 8.423020131886005402e-03 7.606280967593193054e-03 3.411473298911005259e-04 3.051062813028693199e-04 2.459774166345596313e-02 1.059185341000556946e-02 2.808972075581550598e-02 2.909369068220257759e-04 2.304102294147014618e-02 2.367970347404479980e-02 2.922932058572769165e-02 1.213317550718784332e-02 1.499614212661981583e-02 2.379565313458442688e-02 8.868930861353874207e-03 2.747473772615194321e-03 1.633873768150806427e-02 5.924316588789224625e-03 5.432315636426210403e-03 1.089217048138380051e-02 2.351406030356884003e-02 1.772649935446679592e-03 1.296437345445156097e-02 3.204233478754758835e-03 1.721571944653987885e-02 3.498889738693833351e-03 7.079016882926225662e-03 1.374518382363021374e-03 1.422698702663183212e-02 1.987312175333499908e-02 1.345942262560129166e-02
8.587160147726535797e-03 6.904772017151117325e-03 7.641275878995656967e-03 2.186256833374500275e-02 9.229232557117938995e-03 1.409455854445695877e-02 1.148737035691738129e-02 6.633287761360406876e-03 5.547318235039710999e-02 8.407737612724304199e-01 5.567635409533977509e-03 1.403098553419113159e-02 6.540826143464073539e-05 2.850625663995742798e-02 2.348524052649736404e-03 1.011180318892002106e-02 2.143168635666370392e-02 3.656798973679542542e-02 5.465458706021308899e-02 1.253111753612756729e-02 8.788030594587326050e-03 2.350042760372161865e-02 1.269033271819353104e-02 2.877772226929664612e-02 7.884518243372440338e-03 3.508131485432386398e-03 3.662822768092155457e-02 3.681476926431059837e-03 1.057638227939605713e-02 6.274278275668621063e-03 1.390976179391145706e-02 1.930301822721958160e-02 7.389661390334367752e-03 3.292742744088172913e-02 7.379806600511074066e-03 5.400110036134719849e-03 1.422519097104668617e-03 4.927310626953840256e-03 2.265141718089580536e-02 1.133807841688394547e-02 1.469175913371145725e-03 9.069267660379409790e-03 1.830487417464610189e-05 7.426858064718544483e-04 8.004316128790378571e-03 1.388342678546905518e-02 1.221456471830606461e-02 2.055511809885501862e-03 1.861769706010818481e-02 4.531082138419151306e-02 4.795099142938852310e-03 5.252428352832794189e-03 8.881985209882259369e-03 2.407686971127986908e-02 5.000005010515451431e-03 4.431317374110221863e-02 2.417780458927154541e-02 1.350933220237493515e-02 8.547690697014331818e-03 2.838453650474548340e-02 4.071323201060295105e-03 3.072386607527732849e-02 1.419066172093153000e-02 1.262776460498571396e-02 1.410350576043128967e-02 2.933108434081077576e-02 8.138438686728477478e-03 3.288489300757646561e-03 4.632351174950599670e-02 5.179706960916519165e-02 4.492359608411788940e-02 1.692672260105609894e-02 9.493174031376838684e-03 4.384817183017730713e-02 4.923221189528703690e-03 1.161350123584270477e-02 2.382802031934261322e-02 6.406060606241226196e-02 3.054619580507278442e-02 6.464213877916336060e-02 4.757683782372623682e-04 7.199462037533521652e-03 2.441166900098323822e-02 5.332045629620552063e-02 1.227850560098886490e-03 5.531787872314453125e-03 2.511379541829228401e-03 6.923580542206764221e-03 1.660558953881263733e-02 3.526695072650909424e-02 1.093423645943403244e-02 4.313437640666961670e-02 1.424031052738428116e-02 1.569176837801933289e-02 1.155940070748329163e-02 2.304834313690662384e-02 2.660005539655685425e-02 1.630201935768127441e-02 2.010710164904594421e-02 1.760475151240825653e-02 1.492889039218425751e-02 2.047979645431041718e-02 2.354519255459308624e-02 1.047089882194995880e-02 1.163107622414827347e-02 2.357608452439308167e-02 4.977274220436811447e-03 2.221801131963729858e-02 1.958996057510375977e-03 1.942563988268375397e-02 1.471029501408338547e-02 2.187505160691216588e-04 7.065715733915567398e-03 8.611450903117656708e-03 2.018342725932598114e-02 4.613249097019433975e-03
5.562221631407737732e-02 5.710278451442718506e-02 1.094430778175592422e-02 2.984986454248428345e-02 3.003182262182235718e-02 4.211245104670524597e-02 4.377346485853195190e-02 2.111324854195117950e-02 1.268799230456352234e-02 5.567635409533977509e-03 8.407737612724304199e-01 1.697818748652935028e-03 6.456983834505081177e-02 1.994665246456861496e-03 3.928105160593986511e-02 7.437101565301418304e-03 3.928729565814137459e-04 3.523203777149319649e-03 9.330545435659587383e-04 2.505942806601524353e-02 1.192452106624841690e-02 3.393423929810523987e-02 1.247290801256895065e-02 1.352001260966062546e-02 1.679818704724311829e-02 1.318971626460552216e-02 1.287003140896558762e-02 1.434242352843284607e-02 3.382837027311325073e-02 7.595161907374858856e-03 1.882938668131828308e-02 2.262238785624504089e-02 1.278563123196363449e-02 1.549169234931468964e-02 2.909164689481258392e-02 2.310128696262836456e-02 4.845049697905778885e-03 1.668623648583889008e-02 6.985871586948633194e-03 1.804334810003638268e-03 2.135994657874107361e-02 1.865342445671558380e-02 1.385863497853279114e-02 1.763077639043331146e-02 1.293259672820568085e-02 1.885187253355979919e-02 4.459220916032791138e-02 4.959228634834289551e-02 2.091949991881847382e-02 4.302746674511581659e-05 3.055777633562684059e-04 9.260091930627822876e-03 2.699252776801586151e-02 3.963003866374492645e-03 1.547775045037269592e-02 5.074090324342250824e-03 2.537429146468639374e-02 4.077230393886566162e-02 2.738893963396549225e-02 3.860070835798978806e-03 8.780253847362473607e-05 1.622092537581920624e-02 2.032764256000518799e-02 2.808380685746669769e-02 2.430459670722484589e-02 4.357847850769758224e-03 1.928847096860408783e-02 1.272772718220949173e-02 2.652357798069715500e-03 6.408281042240560055e-04 1.291197910904884338e-02 1.152343396097421646e-02 2.274812385439872742e-02 1.080225314944982529e-02 9.128620848059654236e-03 1.754711382091045380e-02 2.932688512373715639e-04 3.586369799450039864e-03 8.242577314376831055e-03 9.648516774177551270e-03 1.152825541794300079e-02 4.404169041663408279e-03 1.479422952979803085e-02 4.038217477500438690e-03 5.124344956129789352e-03 2.706472063437104225e-03 3.797002136707305908e-02 1.219048257917165756e-02 2.208592556416988373e-02 2.401118166744709015e-02 4.081539809703826904e-02 2.886128425598144531e-02 3.081448376178741455e-02 1.422839798033237457e-02 1.432543992996215820e-02 6.770986947230994701e-04 6.592327728867530823e-03 1.383261568844318390e-02 2.143672294914722443e-02 9.254988282918930054e-03 1.646931655704975128e-02 8.500113151967525482e-03 4.428180865943431854e-03 1.780843921005725861e-02 6.372992880642414093e-03 6.129802204668521881e-03 1.527355611324310303e-02 1.244539674371480942e-02 1.489846734330058098e-03 2.278662472963333130e-02 2.478268928825855255e-02 2.468628995120525360e-02 1.298041176050901413e-02 7.892344146966934204e-03 7.276393007487058640e-03 8.999008568935096264e-04
1.017911080271005630e-02 1.420681271702051163e-02 5.000644363462924957e-03 1.903502154164016247e-03 3.444397123530507088e-03 3.745582699775695801e-02 2.784954383969306946e-02 2.247133105993270874e-02 4.295932129025459290e-02 1.403098553419113159e-02 1.697818748652935028e-03 8.407737612724304199e-01 2.509266603738069534e-03 9.217391163110733032e-02 1.701130159199237823e-02 3.492137789726257324e-02 3.292103111743927002e-02 2.200682880356907845e-03 1.854593493044376373e-02 8.414874784648418427e-03 1.774020842276513577e-03 1.925214310176670551e-03 4.208487272262573242e-02 3.839555010199546814e-02 6.669759284704923630e-03 1.138433441519737244e-02 1.261422596871852875e-02 6.531979143619537354e-02 7.776530692353844643e-04 6.939503550529479980e-02 5.987347569316625595e-03 6.528012454509735107e-03 2.852779440581798553e-02 3.614111570641398430e-03 1.684710755944252014e-02 1.087399572134017944e-02 1.633873954415321350e-02 8.860626257956027985e-03 1.060999929904937744e-02 2.628728002309799194e-02 1.129751186817884445e-02 6.055646110326051712e-03 1.142133772373199463e-02 2.156881429255008698e-02 4.445332661271095276e-02 2.813577838242053986e-02 3.154036402702331543e-02 8.515653898939490318e-04 9.650189429521560669e-03 1.176700741052627563e-02 7.799505256116390228e-03 1.320298388600349426e-02 1.018930133432149887e-02 3.780985716730356216e-04 2.641147235408425331e-03 1.028917729854583740e-02 1.100729871541261673e-02 2.869315445423126221e-02 1.955235749483108521e-02 1.714353216812014580e-03 2.726138196885585785e-02 1.173951849341392517e-02 1.071942690759897232e-02 1.307440828531980515e-02 1.397196389734745026e-02 2.729367464780807495e-02 1.230394095182418823e-02 1.556008588522672653e-02 4.557809792459011078e-03 1.474364381283521652e-02 1.340932358289137483e-04 1.016154140233993530e-02 1.095170248299837112e-02 1.031080912798643112e-02 3.526268154382705688e-02 2.781611328828148544e-05 3.765141963958740234e-02 2.223918214440345764e-02 4.772247374057769775e-02 2.458289824426174164e-02 5.058052483946084976e-03 1.758905313909053802e-02 1.058596279472112656e-02 9.131047874689102173e-03 1.164091983810067177e-03 4.471826832741498947e-03 4.067433997988700867e-03 6.181701552122831345e-03 1.291952002793550491e-02 3.195689991116523743e-02 3.536969795823097229e-02 1.310975383967161179e-02 3.588031977415084839e-02 8.195337839424610138e-03 1.518850401043891907e-02 1.679606921970844269e-02 7.458534091711044312e-04 2.109320339513942599e-04 9.048021398484706879e-03 6.967540364712476730e-03 1.038848771713674068e-03 1.248774398118257523e-02 5.236035212874412537e-03 3.260229248553514481e-03 1.988323405385017395e-03 6.969432346522808075e-03 5.403678514994680882e-04 2.230399259133264422e-04 5.626809783279895782e-03 1.735294610261917114e-02 8.962980937212705612e-04 8.984396234154701233e-03 1.659976085647940636e-03 6.164364051073789597e-03 1.239970512688159943e-02 2.659570425748825073e-02
5.128369480371475220e-02 6.165841966867446899e-02 2.338841557502746582e-02 2.745806612074375153e-02 2.903065085411071777e-02 4.132634773850440979e-02 4.376840591430664062e-02 2.934827469289302826e-02 7.503593806177377701e-03 6.540826143464073539e-05 6.456983834505081177e-02 2.509266603738069534e-03 8.407737612724304199e-01 1.910419319756329060e-03 5.148037150502204895e-02 7.881651632487773895e-03 1.916307024657726288e-03 9.720582515001296997e-03 1.070670131593942642e-02 2.606280893087387085e-02 2.102920971810817719e-02 3.616638109087944031e-02 1.542636472731828690e-02 1.299927197396755219e-02 1.634470932185649872e-02 5.386473610997200012e-03 1.132454164326190948e-02 1.684644445776939392e-02 2.875104732811450958e-02 7.132569793611764908e-03 2.481703646481037140e-02 1.753915846347808838e-02 9.537194855511188507e-03 1.077997218817472458e-02 1.977339573204517365e-02 2.270264923572540283e-02 1.585476659238338470e-02 6.982704624533653259e-03 3.453298471868038177e-03 1.300940569490194321e-02 1.537941023707389832e-02 1.919075660407543182e-02 1.376435812562704086e-02 7.868169806897640228e-03 1.060999743640422821e-02 1.496257446706295013e-02 3.963355720043182373e-02 4.916180670261383057e-02 1.512824930250644684e-02 6.886548828333616257e-03 2.735369605943560600e-03 9.475827217102050781e-03 2.537830732762813568e-02 1.297944597899913788e-02 4.783167503774166107e-03 4.196847323328256607e-03 2.327046170830726624e-02 2.504551969468593597e-02 2.315765433013439178e-02 5.869773216545581818e-03 5.836585070937871933e-03 2.079452015459537506e-02 2.378574758768081665e-02 1.605533808469772339e-02 1.911945827305316925e-02 8.575848303735256195e-03 1.991770602762699127e-02 1.080358494073152542e-02 5.160511005669832230e-03 5.851068068295717239e-03 1.841059885919094086e-02 1.750961295329034328e-03 2.118323929607868195e-02 1.541339792311191559e-02 6.734945345669984818e-03 9.723054245114326477e-03 2.617538440972566605e-03 9.026428684592247009e-03 3.993927035480737686e-03 8.198585361242294312e-03 1.857834868133068085e-02 1.116518396884202957e-02 2.163102850317955017e-02 1.468468084931373596e-02 4.866054281592369080e-03 1.347990799695253372e-02 3.846925124526023865e-02 2.374487929046154022e-02 2.287716977298259735e-02 2.289778739213943481e-02 2.920124307274818420e-02 1.687064953148365021e-02 3.017971478402614594e-02 2.495422773063182831e-02 1.159000582993030548e-02 3.595253685489296913e-03 1.132836472243070602e-02 1.202910486608743668e-02 2.251206524670124054e-02 1.002687774598598480e-02 1.204620394855737686e-02 1.103181485086679459e-02 1.379930879920721054e-02 1.381817553192377090e-02 5.870204186066985130e-04 9.701388888061046600e-03 1.821227185428142548e-02 1.122013013809919357e-02 1.170798111706972122e-02 1.127334125339984894e-02 2.684270404279232025e-02 1.888753660023212433e-02 1.682764478027820587e-02 1.367107126861810684e-02 8.941337466239929199e-03 3.018261166289448738e-03
