8.423584103584289551e-01 6.200425699353218079e-02 1.144683081656694412e-02 8.077516104094684124e-04 4.604651127010583878e-03 6.345310062170028687e-02 6.126050651073455811e-02 1.923637278378009796e-02 1.331704948097467422e-02 2.069080248475074768e-02 6.336624175310134888e-02 3.479997441172599792e-02 5.853866413235664368e-02 2.043708227574825287e-02 3.879645466804504395e-02 3.544358536601066589e-02 3.557195514440536499e-02 3.510749957058578730e-04 2.123625017702579498e-02 6.015185732394456863e-03 1.793772797100245953e-03 4.259877279400825500e-02 2.274521812796592712e-02 2.562320232391357422e-02 2.490321872755885124e-03 5.271814297884702682e-03 2.188206091523170471e-02 2.864180132746696472e-02 3.999594226479530334e-02 3.004029206931591034e-02 3.241695836186408997e-02 2.596672996878623962e-02 9.148113429546356201e-03 2.117967419326305389e-02 5.911927204579114914e-03 2.060167305171489716e-02 7.248052395880222321e-03 2.093916200101375580e-02 7.577303331345319748e-03 1.500528212636709213e-02 1.548734866082668304e-02 1.410308759659528732e-02 1.831491105258464813e-02 1.065098447725176811e-03 1.256696972995996475e-02 6.256697699427604675e-03 5.888390913605690002e-02 4.607626423239707947e-02 7.763221859931945801e-03 1.174657698720693588e-02 6.406306754797697067e-03 4.578855820000171661e-03 1.615173928439617157e-02 1.793480478227138519e-02 7.563965860754251480e-03 3.950390964746475220e-03 3.043218282982707024e-03 1.082399394363164902e-03 2.441648952662944794e-02 2.263384871184825897e-02 9.141058661043643951e-03 1.357169263064861298e-02 8.110798080451786518e-04 1.215649116784334183e-02 4.092596843838691711e-02 4.220440611243247986e-02 3.609393024817109108e-03 9.117980953305959702e-04 6.214150227606296539e-03 8.615487255156040192e-03 1.127556338906288147e-02 3.522973274812102318e-03 2.425402402877807617e-02 6.493408232927322388e-03 2.657175250351428986e-02 8.190617896616458893e-03 2.100848965346813202e-02 1.984627917408943176e-02 1.425526337698101997e-03 2.000202983617782593e-02 1.195365190505981445e-02 4.277132917195558548e-03 2.681512199342250824e-02 2.440845128148794174e-03 3.307896899059414864e-03 2.520937472581863403e-03 3.288117796182632446e-02 2.918906509876251221e-02 6.647908594459295273e-03 1.286825747229158878e-03 4.081720858812332153e-02 2.489378675818443298e-02 3.683049231767654419e-02 1.709492132067680359e-02 1.590427360497415066e-03 4.339214880019426346e-03 1.009148638695478439e-02 2.686433726921677589e-03 1.126469951122999191e-02 3.088925499469041824e-03 1.050566602498292923e-02 6.973538547754287720e-03 2.204156480729579926e-03 1.332427258603274822e-03 1.795560587197542191e-03 3.732127835974097252e-03 1.889004930853843689e-02 1.199309155344963074e-02 3.202877007424831390e-03 2.706448722165077925e-04 1.524158753454685211e-02 9.080322459340095520e-03 1.222143787890672684e-02 1.506705116480588913e-02 1.659961976110935211e-02 1.497506815940141678e-02
6.200425699353218079e-02 8.423584103584289551e-01 4.751964472234249115e-03 2.707806648686528206e-03 3.524674102663993835e-04 5.834311619400978088e-02 6.639281660318374634e-02 1.660291105508804321e-02 1.817334070801734924e-02 8.222226053476333618e-03 6.013165414333343506e-02 3.247565403580665588e-02 6.479462236166000366e-02 2.247145399451255798e-02 3.015111014246940613e-02 3.112164512276649475e-02 2.954577282071113586e-02 4.602351691573858261e-03 1.672474853694438934e-02 4.110335721634328365e-04 1.968936761841177940e-03 3.553261235356330872e-02 2.116558887064456940e-02 2.438728138804435730e-02 3.766089212149381638e-03 3.684548195451498032e-03 1.076683681458234787e-02 1.948596723377704620e-02 5.040225759148597717e-02 2.342122420668601990e-02 4.642130061984062195e-02 2.842447161674499512e-02 6.246743723750114441e-03 2.609186246991157532e-02 2.582301152870059013e-03 2.059706114232540131e-02 8.099718019366264343e-03 1.587208546698093414e-02 2.866082359105348587e-03 7.908206433057785034e-03 1.434138976037502289e-02 3.686233190819621086e-03 1.148853544145822525e-02 2.709915395826101303e-03 2.870110422372817993e-02 8.497685194015502930e-03 6.000772491097450256e-02 5.647592619061470032e-02 1.512150745838880539e-02 5.188611801713705063e-03 7.292540743947029114e-03 9.326535277068614960e-03 9.637945331633090973e-03 1.321321073919534683e-02 6.152296438813209534e-03 4.643229302018880844e-03 6.074212025851011276e-03 4.205013465252704918e-05 2.054527960717678070e-02 2.366135455667972565e-02 1.321388874202966690e-02 1.498093828558921814e-02 3.033941378816962242e-03 1.032340619713068008e-02 4.049622267484664917e-02 5.094384774565696716e-02 1.121294498443603516e-02 3.122245194390416145e-03 3.541482612490653992e-03 1.526979170739650726e-02 8.997773751616477966e-03 1.177147123962640762e-02 2.055904082953929901e-02 1.024109218269586563e-02 2.114798128604888916e-02 1.610765792429447174e-02 1.644575782120227814e-02 9.500692598521709442e-03 8.795741945505142212e-03 1.211766432970762253e-02 4.903453402221202850e-03 1.739024068228900433e-03 2.689083851873874664e-02 4.028573748655617237e-04 6.933397147804498672e-03 5.598004907369613647e-03 2.070252597332000732e-02 3.140255063772201538e-02 4.476514295674860477e-04 4.834933788515627384e-04 4.401253536343574524e-02 1.532388757914304733e-02 4.908558726310729980e-02 1.470394339412450790e-02 2.178526017814874649e-03 4.600704647600650787e-03 9.828244335949420929e-03 9.424231946468353271e-03 1.394200697541236877e-02 4.837801679968833923e-03 8.840447291731834412e-03 9.400013834238052368e-03 2.354410476982593536e-03 3.173036384396255016e-04 4.673506133258342743e-03 3.038117196410894394e-03 1.639773696660995483e-02 9.000594727694988251e-03 4.146069753915071487e-03 2.914572134613990784e-03 1.684389077126979828e-02 7.713131140917539597e-03 1.075910287909209728e-03 1.103919930756092072e-02 1.168326940387487411e-02 1.103321090340614319e-02
1.144683081656694412e-02 4.751964472234249115e-03 8.423584103584289551e-01 7.253447081893682480e-03 1.558124646544456482e-02 1.701957732439041138e-02 1.216602232307195663e-02 5.615557357668876648e-02 3.206774964928627014e-02 2.610926702618598938e-02 1.154952030628919601e-02 1.795885153114795685e-03 3.373660147190093994e-03 6.195518653839826584e-03 3.774460777640342712e-02 1.181145850569009781e-02 8.461477234959602356e-03 6.436906754970550537e-03 1.479745469987392426e-02 7.898411713540554047e-03 1.433871593326330185e-02 3.322900086641311646e-02 9.152090176939964294e-03 1.599421165883541107e-02 8.460460230708122253e-03 1.312242727726697922e-02 3.299988061189651489e-02 1.396122947335243225e-02 4.005147144198417664e-03 1.096496637910604477e-02 7.522135507315397263e-03 3.346903249621391296e-03 2.754490822553634644e-02 1.572229899466037750e-02 4.845753574045374990e-05 6.139590404927730560e-03 4.980618599802255630e-03 2.672815509140491486e-02 1.489909738302230835e-02 1.848944113589823246e-03 2.759988419711589813e-02 6.706537678837776184e-03 1.270202361047267914e-02 3.802555054426193237e-02 7.234634831547737122e-03 1.100825704634189606e-02 2.207877114415168762e-02 1.887770183384418488e-02 1.572537235915660858e-02 5.864787846803665161e-03 1.167044136673212051e-02 1.398173067718744278e-02 1.611264608800411224e-02 8.549833670258522034e-03 9.379895403981208801e-03 2.523716248106211424e-04 8.621640503406524658e-03 7.497237063944339752e-03 1.746392063796520233e-02 8.977123536169528961e-03 3.002503886818885803e-02 1.621209830045700073e-02 3.162633255124092102e-02 1.664455793797969818e-02 1.211292948573827744e-02 1.034525316208600998e-02 1.326588913798332214e-02 2.500264160335063934e-02 4.386414773762226105e-03 1.006072387099266052e-02 1.487254351377487183e-02 1.807904615998268127e-02 3.122260561212897301e-03 1.211060676723718643e-02 4.393385024741292000e-04 1.500805839896202087e-02 1.165606826543807983e-02 1.659998670220375061e-02 3.122495487332344055e-02 1.873531006276607513e-02 6.379519402980804443e-02 4.612328112125396729e-02 5.774278193712234497e-03 3.757341764867305756e-03 1.472122874110937119e-02 2.586741931736469269e-02 3.402075543999671936e-02 3.521251305937767029e-02 3.696910804137587547e-03 1.075830403715372086e-02 1.583647169172763824e-02 2.697036601603031158e-02 2.420378848910331726e-02 1.659557595849037170e-02 1.501616439782083035e-03 8.276719599962234497e-03 2.394507871940732002e-03 1.022100541740655899e-02 5.788980051875114441e-04 1.232105027884244919e-02 9.211610071361064911e-03 1.314591430127620697e-02 1.929623261094093323e-02 3.522961866110563278e-03 1.176542788743972778e-02 6.108410656452178955e-03 5.038392264395952225e-03 7.512040901929140091e-03 1.249185204505920410e-02 2.953646471723914146e-03 2.921235933899879456e-02 2.753596194088459015e-02 7.223118096590042114e-03 2.086205594241619110e-02 2.143292315304279327e-02 2.148791775107383728e-02
8.077516104094684124e-04 2.707806648686528206e-03 7.253447081893682480e-03 8.423584103584289551e-01 7.181402295827865601e-02 3.647312289103865623e-03 5.672830156981945038e-03 6.035447120666503906e-03 1.484309509396553040e-02 3.353703767061233521e-03 6.560605484992265701e-03 7.789697032421827316e-03 7.019843440502882004e-03 2.439271338516846299e-04 5.415895720943808556e-04 4.205214790999889374e-03 8.248444064520299435e-04 2.177981846034526825e-02 2.920662611722946167e-02 1.832835492677986622e-03 2.827515127137303352e-03 5.952269770205020905e-03 1.719533465802669525e-02 1.087891962379217148e-02 1.884343847632408142e-02 2.903313376009464264e-03 1.466294750571250916e-03 2.223657816648483276e-02 3.672241233289241791e-03 1.041914150118827820e-02 6.630873307585716248e-03 1.446956419385969639e-03 1.463111769407987595e-02 9.950566105544567108e-03 1.152712944895029068e-02 1.833812706172466278e-02 5.424627568572759628e-03 2.232619002461433411e-02 6.818416714668273926e-02 6.373440474271774292e-02 2.639146894216537476e-02 2.249266393482685089e-02 2.850625198334455490e-03 2.215668559074401855e-02 2.499170042574405670e-02 2.593856677412986755e-02 3.159566316753625870e-03 1.058748830109834671e-02 8.405411615967750549e-03 1.565094292163848877e-02 3.266356140375137329e-02 2.084390819072723389e-02 2.330330759286880493e-02 2.095504477620124817e-02 2.530391328036785126e-02 7.777639664709568024e-03 2.355293557047843933e-02 2.229771576821804047e-02 1.609137840569019318e-02 1.713804155588150024e-02 2.232332527637481689e-02 9.913061745464801788e-03 2.024951949715614319e-02 3.368964418768882751e-02 2.425094135105609894e-03 6.287418771535158157e-03 4.211295396089553833e-03 1.557297911494970322e-02 2.927187457680702209e-02 7.537185214459896088e-03 2.167414128780364990e-02 1.695410721004009247e-02 4.543927311897277832e-02 2.912634424865245819e-02 2.874649874866008759e-02 2.885856106877326965e-02 7.182659115642309189e-03 5.581239704042673111e-03 1.002825889736413956e-02 1.310938596725463867e-02 7.548117544502019882e-03 6.197019480168819427e-03 3.031773678958415985e-02 1.471580378711223602e-02 2.028761059045791626e-02 5.603308789432048798e-03 1.910180039703845978e-02 8.628464303910732269e-03 1.499260030686855316e-02 2.344515733420848846e-02 1.949782483279705048e-03 2.460239827632904053e-02 1.381070353090763092e-02 1.385201420634984970e-02 3.392050415277481079e-02 2.755220234394073486e-02 1.966117136180400848e-02 2.383528277277946472e-02 1.209309976547956467e-02 4.719576798379421234e-03 2.015332505106925964e-02 1.162359770387411118e-02 2.462069736793637276e-03 1.464269403368234634e-02 2.629098296165466309e-02 3.064966201782226562e-02 1.175633445382118225e-02 3.937432169914245605e-02 3.153421450406312943e-03 4.966472834348678589e-02 4.565326031297445297e-03 1.694771647453308105e-02 2.608519606292247772e-02 7.484573405236005783e-03 9.230244904756546021e-03 5.796800833195447922e-03
4.604651127010583878e-03 3.524674102663993835e-04 1.558124646544456482e-02 7.181402295827865601e-02 8.423584103584289551e-01 2.747771563008427620e-03 8.522445568814873695e-04 8.257716894149780273e-03 1.410575769841670990e-02 1.373372972011566162e-03 2.418180694803595543e-03 1.220780424773693085e-02 2.411440946161746979e-03 8.483645506203174591e-03 8.939555846154689789e-03 2.200740622356534004e-03 1.610147184692323208e-03 2.663887478411197662e-02 2.197238244116306305e-02 1.157094351947307587e-02 6.542885676026344299e-03 5.545806605368852615e-03 2.116586454212665558e-02 1.332353800535202026e-02 2.189361117780208588e-02 3.898256458342075348e-03 1.557484362274408340e-02 1.937934942543506622e-02 2.472441410645842552e-03 1.328093092888593674e-02 8.115505799651145935e-03 8.396998047828674316e-03 8.623967878520488739e-03 9.041969664394855499e-03 2.160456730052828789e-03 1.834075339138507843e-02 8.060360327363014221e-03 2.825718745589256287e-02 5.678979679942131042e-02 7.049255073070526123e-02 2.561724931001663208e-02 1.537955738604068756e-02 1.256021857261657715e-02 1.829323172569274902e-02 2.569386176764965057e-02 2.907025441527366638e-02 1.314534572884440422e-03 6.616752594709396362e-03 6.711997557431459427e-03 1.736614294350147247e-02 2.958808466792106628e-02 2.102655358612537384e-02 2.200600877404212952e-02 1.648550108075141907e-02 1.698736287653446198e-02 5.057828966528177261e-04 2.333166263997554779e-02 2.112060412764549255e-02 1.660588569939136505e-02 1.484741922467947006e-02 1.955767348408699036e-02 2.749166451394557953e-03 1.956880278885364532e-02 2.430983819067478180e-02 4.227331839501857758e-03 3.465226036496460438e-04 9.906407445669174194e-03 6.419426295906305313e-03 2.571167051792144775e-02 1.499343570321798325e-02 1.914476975798606873e-02 2.581740915775299072e-02 3.537558391690254211e-02 4.364321380853652954e-02 3.269676864147186279e-02 4.045598581433296204e-02 6.736000534147024155e-03 3.057836787775158882e-03 1.226122397929430008e-02 1.875629089772701263e-02 8.857208304107189178e-03 7.939157076179981232e-03 2.673456631600856781e-02 1.698048226535320282e-02 2.329966425895690918e-02 3.274018876254558563e-03 6.365983281284570694e-03 1.165129593573510647e-03 2.093180641531944275e-02 2.249807119369506836e-02 1.678325235843658447e-03 6.483237259089946747e-03 5.710187833756208420e-03 2.672059461474418640e-03 3.156794607639312744e-02 2.852099575102329254e-02 3.019742295145988464e-02 3.222605958580970764e-02 1.330447010695934296e-02 5.544302519410848618e-03 2.050440385937690735e-02 6.378393154591321945e-03 9.094479493796825409e-03 2.361034229397773743e-02 2.164384163916110992e-02 2.474796585738658905e-02 1.195900514721870422e-02 3.685926645994186401e-02 4.088940564543008804e-03 4.821762070059776306e-02 1.497755199670791626e-02 2.492304332554340363e-02 2.303560078144073486e-02 1.264088228344917297e-02 1.257111085578799248e-03 2.252338454127311707e-03
6.345310062170028687e-02 5.834311619400978088e-02 1.701957732439041138e-02 3.647312289103865623e-03 2.747771563008427620e-03 8.423584103584289551e-01 6.594980508089065552e-02 2.011179924011230469e-02 1.330635859631001949e-03 1.938916370272636414e-02 6.419795006513595581e-02 3.228631615638732910e-02 5.603702366352081299e-02 1.988069899380207062e-02 3.775208070874214172e-02 2.530459687113761902e-02 2.691676281392574310e-02 1.790437963791191578e-03 2.377371303737163544e-02 5.289788357913494110e-03 1.151338918134570122e-03 4.257536679506301880e-02 1.582194119691848755e-02 2.165706455707550049e-02 2.297969534993171692e-03 6.630941759794950485e-03 2.514723688364028931e-02 2.607069723308086395e-02 3.014482744038105011e-02 2.612851373851299286e-02 2.134453691542148590e-02 2.514908276498317719e-02 1.153946854174137115e-02 1.837368495762348175e-02 6.552536506205797195e-03 1.011521089822053909e-02 3.952021244913339615e-03 2.271971292793750763e-02 3.429435426369309425e-03 1.179469097405672073e-02 2.314328961074352264e-02 2.043721638619899750e-02 2.290050871670246124e-02 6.996437441557645798e-03 1.221161987632513046e-02 4.977613687515258789e-03 6.381149590015411377e-02 4.396269097924232483e-02 1.782755251042544842e-03 1.587753184139728546e-02 1.790846884250640869e-02 5.196087993681430817e-03 1.321365125477313995e-02 1.369838975369930267e-02 4.953664261847734451e-03 8.178151212632656097e-03 5.887868814170360565e-03 4.856564628425985575e-04 2.073372714221477509e-02 2.174033224582672119e-02 1.741599105298519135e-02 1.508020237088203430e-02 7.897884584963321686e-03 1.341288071125745773e-02 4.633328691124916077e-02 4.691636562347412109e-02 1.912958941829856485e-05 2.982681849971413612e-03 4.817953798919916153e-03 2.811430487781763077e-03 1.675349660217761993e-02 1.209722482599318027e-03 1.377461384981870651e-02 7.684606127440929413e-03 1.629827171564102173e-02 8.943275548517704010e-03 2.194690331816673279e-02 1.940085366368293762e-02 6.787154823541641235e-03 2.024770155549049377e-02 1.270539686083793640e-02 7.166642695665359497e-03 2.470978535711765289e-02 4.212462343275547028e-03 2.493470441550016403e-03 3.513714065775275230e-03 3.133406490087509155e-02 3.422882780432701111e-02 9.286505170166492462e-03 3.912333399057388306e-03 3.268596902489662170e-02 2.830982394516468048e-02 3.597515448927879333e-02 1.755338534712791443e-02 1.621212344616651535e-03 2.155767520889639854e-03 1.188663858920335770e-02 3.233431838452816010e-03 1.135069760493934155e-03 7.158990018069744110e-03 2.778685884550213814e-03 1.147529226727783680e-03 1.304918168898439035e-05 1.483158906921744347e-03 2.108477783622220159e-04 1.079339650459587574e-03 1.065385062247514725e-02 8.450252003967761993e-03 1.066393218934535980e-02 2.909931645262986422e-04 2.103951200842857361e-02 1.348096225410699844e-02 1.958443038165569305e-02 1.544016879051923752e-02 2.255927957594394684e-02 1.158754993230104446e-02
6.126050651073455811e-02 6.639281660318374634e-02 1.216602232307195663e-02 5.672830156981945038e-03 8.522445568814873695e-04 6.594980508089065552e-02 8.423584103584289551e-01 1.794706098735332489e-02 1.088289916515350342e-02 1.560879591852426529e-02 6.271574646234512329e-02 3.426463901996612549e-02 6.129885092377662659e-02 2.232957258820533752e-02 3.421087935566902161e-02 2.637547068297863007e-02 2.659222297370433807e-02 1.770600676536560059e-03 2.083392068743705750e-02 1.324116135947406292e-03 3.954831976443529129e-03 3.891585767269134521e-02 1.768344826996326447e-02 2.323276549577713013e-02 9.459984139539301395e-04 3.124131821095943451e-03 2.018668502569198608e-02 2.318594045937061310e-02 4.261813685297966003e-02 2.496508508920669556e-02 3.603309392929077148e-02 2.802410349249839783e-02 8.630991913378238678e-03 1.961976662278175354e-02 2.901167375966906548e-03 1.310048997402191162e-02 2.263586939079686999e-04 1.924585178494453430e-02 2.630138187669217587e-04 6.127174943685531616e-03 1.990077458322048187e-02 1.320032589137554169e-02 1.844186894595623016e-02 6.582035217434167862e-03 2.120146155357360840e-02 1.976164756342768669e-03 6.553755700588226318e-02 5.636009946465492249e-02 8.086329326033592224e-03 1.270767301321029663e-02 1.774604618549346924e-02 4.314836405683308840e-04 1.244926359504461288e-02 1.200611796230077744e-02 3.184353467077016830e-03 6.351939402520656586e-03 7.891903631389141083e-03 1.655321917496621609e-03 2.071758359670639038e-02 2.262767963111400604e-02 1.777506247162818909e-02 1.433016639202833176e-02 3.280930919572710991e-03 9.834107011556625366e-03 4.782735928893089294e-02 5.320155620574951172e-02 4.098713397979736328e-03 6.100072059780359268e-03 3.766235662624239922e-03 3.413874655961990356e-03 1.553171779960393906e-02 2.209258731454610825e-03 1.525209192186594009e-02 9.916739538311958313e-03 1.701408997178077698e-02 1.282400544732809067e-02 1.590398326516151428e-02 1.203202176839113235e-02 8.724145009182393551e-04 1.925626583397388458e-02 9.726330637931823730e-03 4.902479704469442368e-03 2.225728332996368408e-02 7.780270185321569443e-03 3.589393571019172668e-03 3.981784917414188385e-03 2.835379913449287415e-02 3.693477809429168701e-02 6.049462128430604935e-03 4.389369860291481018e-03 4.313845559954643250e-02 2.510744519531726837e-02 4.807693883776664734e-02 1.942736096680164337e-02 2.435986651107668877e-03 1.599779934622347355e-03 1.106365211308002472e-02 6.463435944169759750e-03 8.650992996990680695e-03 4.502453375607728958e-04 2.992608584463596344e-03 3.729638701770454645e-04 1.942161121405661106e-03 1.459264894947409630e-03 2.785189077258110046e-03 4.833823477383702993e-04 1.177544519305229187e-02 7.679310161620378494e-03 7.478490937501192093e-03 1.504170504631474614e-04 2.236122637987136841e-02 1.278345752507448196e-02 1.101995538920164108e-02 1.605285704135894775e-02 1.822399348020553589e-02 1.422064751386642456e-02
1.923637278378009796e-02 1.660291105508804321e-02 5.615557357668876648e-02 6.035447120666503906e-03 8.257716894149780273e-03 2.011179924011230469e-02 1.794706098735332489e-02 8.423584103584289551e-01 1.987847872078418732e-02 1.596427150070667267e-02 1.624498888850212097e-02 2.080588415265083313e-02 1.264926791191101074e-02 1.905315369367599487e-02 5.131377652287483215e-02 1.189600327052175999e-03 2.310310665052384138e-04 1.056333072483539581e-02 1.033012568950653076e-02 3.702112007886171341e-03 2.074484480544924736e-03 3.853374347090721130e-02 4.208476748317480087e-03 2.986020641401410103e-03 1.777595607563853264e-03 1.642396673560142517e-02 2.568078599870204926e-02 2.229004912078380585e-02 6.442052777856588364e-03 2.373612299561500549e-02 1.192566752433776855e-02 1.596343889832496643e-02 2.965198457241058350e-02 8.615204133093357086e-03 1.868163049221038818e-02 2.541866526007652283e-02 1.716467738151550293e-02 2.608423493802547455e-02 1.942065358161926270e-02 1.690811128355562687e-03 3.757476061582565308e-02 4.977760836482048035e-03 1.476897764950990677e-02 4.425689205527305603e-02 4.679878707975149155e-03 2.717945957556366920e-03 1.944910362362861633e-02 1.405712775886058807e-02 2.780300565063953400e-03 2.911677351221442223e-03 1.004984369501471519e-03 8.671006071381270885e-04 2.741217799484729767e-02 2.930931746959686279e-02 1.239789766259491444e-03 2.079115062952041626e-02 4.399405792355537415e-03 1.980847865343093872e-02 3.701543435454368591e-02 3.342363238334655762e-02 2.101589739322662354e-02 3.371711820363998413e-02 2.588689513504505157e-02 2.513492666184902191e-02 2.177048288285732269e-02 1.965953037142753601e-02 5.276517942547798157e-03 9.794521145522594452e-03 4.172577988356351852e-03 3.763937158510088921e-03 1.405093632638454437e-02 5.685728508979082108e-03 1.073986012488603592e-02 1.241516228765249252e-02 5.653199739754199982e-03 1.619644113816320896e-03 1.905429526232182980e-03 2.185842953622341156e-03 1.283068954944610596e-02 9.230383671820163727e-03 6.455021351575851440e-02 5.870105326175689697e-02 1.715921983122825623e-02 1.505186781287193298e-02 4.170363768935203552e-03 5.732011981308460236e-03 4.163185134530067444e-02 5.316514894366264343e-02 7.400614675134420395e-03 1.236164849251508713e-02 1.734889671206474304e-02 1.638452894985675812e-02 2.129080705344676971e-02 8.168452419340610504e-03 3.795021912083029747e-03 2.752862870693206787e-03 1.180372852832078934e-02 4.203167278319597244e-03 5.999017972499132156e-03 1.996356528252363205e-03 4.596797749400138855e-03 9.855306707322597504e-03 1.870586723089218140e-02 4.837469663470983505e-03 2.761490456759929657e-02 2.701122686266899109e-02 2.102342993021011353e-02 1.812056452035903931e-02 4.615067038685083389e-03 1.138756889849901199e-02 4.141282290220260620e-02 2.811691910028457642e-02 4.416843876242637634e-03 1.912301219999790192e-02 2.265055850148200989e-02 9.949392639100551605e-03
1.331704948097467422e-02 1.817334070801734924e-02 3.206774964928627014e-02 1.484309509396553040e-02 1.410575769841670990e-02 1.330635859631001949e-03 1.088289916515350342e-02 1.987847872078418732e-02 8.423584103584289551e-01 1.178743597120046616e-02 9.304513223469257355e-03 1.678091660141944885e-02 1.262038107961416245e-02 1.416693557985126972e-03 3.275832859799265862e-03 1.359889982268214226e-03 1.370214013149961829e-04 1.408713404089212418e-03 1.876047899713739753e-04 2.562247216701507568e-02 1.314391195774078369e-02 9.349200874567031860e-03 1.376497279852628708e-02 6.160327699035406113e-03 1.820150762796401978e-02 1.506893616169691086e-02 1.812975853681564331e-02 1.036476809531450272e-02 1.972308754920959473e-02 6.849534809589385986e-03 2.341947518289089203e-02 4.029952455312013626e-03 3.885363787412643433e-02 5.096419714391231537e-03 2.689588442444801331e-02 6.263137795031070709e-03 3.760606748983263969e-03 1.522508542984724045e-02 2.221222408115863800e-02 1.948553882539272308e-02 1.991462893784046173e-02 4.214121773838996887e-02 1.968192309141159058e-02 1.608875580132007599e-02 1.224826462566852570e-02 7.747096009552478790e-03 5.377913475967943668e-04 1.047533564269542694e-02 3.846295550465583801e-02 3.075477725360542536e-04 7.842346094548702240e-03 1.207242533564567566e-02 2.022865042090415955e-02 1.789236254990100861e-02 1.360996998846530914e-02 1.968805305659770966e-02 6.445004604756832123e-03 1.652970537543296814e-02 1.279496029019355774e-02 1.919299736618995667e-02 4.017422720789909363e-02 3.024465963244438171e-02 3.066129423677921295e-02 3.538159281015396118e-02 6.008245050907135010e-03 2.427221043035387993e-03 5.722545902244746685e-04 3.573742927983403206e-03 1.592470519244670868e-02 1.215346856042742729e-04 1.681615598499774933e-02 1.793778315186500549e-02 8.335863240063190460e-03 8.398754522204399109e-03 1.294837240129709244e-02 4.844941198825836182e-03 3.247658908367156982e-02 1.140722632408142090e-02 4.832762852311134338e-02 1.057361997663974762e-02 1.944798044860363007e-02 2.237216755747795105e-02 1.971467398107051849e-02 3.471480682492256165e-02 1.739039458334445953e-02 4.493601620197296143e-03 8.621756569482386112e-04 7.022379897534847260e-03 1.542609091848134995e-02 6.332989316433668137e-03 1.322004757821559906e-02 6.462292280048131943e-03 3.319237381219863892e-03 1.483255345374345779e-02 1.823334768414497375e-02 1.513981726020574570e-02 9.091864340007305145e-03 3.524177707731723785e-03 3.065252862870693207e-02 2.345365658402442932e-02 6.086621433496475220e-03 1.204560697078704834e-02 3.117807209491729736e-03 2.156081423163414001e-02 3.255555406212806702e-02 2.886988408863544464e-02 1.996092614717781544e-04 1.044102362357079983e-03 4.149694461375474930e-03 2.232181653380393982e-02 1.010476239025592804e-02 8.654789999127388000e-03 2.527835220098495483e-02 1.058815140277147293e-02 2.499165385961532593e-02 8.733401191420853138e-04
2.069080248475074768e-02 8.222226053476333618e-03 2.610926702618598938e-02 3.353703767061233521e-03 1.373372972011566162e-03 1.938916370272636414e-02 1.560879591852426529e-02 1.596427150070667267e-02 1.178743597120046616e-02 8.423584103584289551e-01 1.318656373769044876e-02 2.531115151941776276e-02 9.663303382694721222e-03 1.674060476943850517e-03 2.423121221363544464e-02 1.605014549568295479e-03 2.706339349970221519e-03 2.894443087279796600e-02 5.289698019623756409e-02 1.676779054105281830e-02 2.339396066963672638e-02 1.597939804196357727e-02 5.527799949049949646e-03 9.569874964654445648e-03 3.373935073614120483e-02 2.310859737917780876e-03 2.286980859935283661e-02 2.816191315650939941e-02 1.679393753875046968e-04 2.036224678158760071e-02 1.735381665639579296e-03 5.943715805187821388e-04 4.552652593702077866e-03 1.653784140944480896e-02 1.265522837638854980e-02 9.369169711135327816e-04 8.260836824774742126e-03 1.049108710139989853e-02 8.649343624711036682e-03 6.675698328763246536e-03 1.531742699444293976e-02 2.954847924411296844e-02 3.631237894296646118e-02 1.573442481458187103e-02 2.742208912968635559e-02 5.458933115005493164e-02 1.505004055798053741e-02 7.129517383873462677e-03 3.020573221147060394e-02 5.252766236662864685e-02 1.865728758275508881e-02 2.707238495349884033e-02 1.286359410732984543e-02 5.787098780274391174e-03 1.752940006554126740e-02 1.428952533751726151e-02 1.935088261961936951e-02 1.400858815759420395e-02 1.178395096212625504e-02 1.843330916017293930e-03 2.278136555105447769e-03 2.158375573344528675e-04 8.495739166392013431e-06 1.678762212395668030e-02 3.867133287712931633e-03 2.322113839909434319e-03 2.745041437447071075e-02 2.860661223530769348e-02 2.727167122066020966e-02 3.718560095876455307e-03 2.191172540187835693e-02 1.684551499783992767e-02 1.110740937292575836e-02 9.810887277126312256e-03 9.089354425668716431e-03 1.402738876640796661e-02 2.709817513823509216e-02 3.504468500614166260e-02 2.973255515098571777e-02 6.067697331309318542e-02 1.569682173430919647e-02 9.968019090592861176e-03 1.430866122245788574e-02 2.211897633969783783e-02 3.150482848286628723e-02 4.166949912905693054e-02 2.628146670758724213e-02 1.064610108733177185e-02 1.533857546746730804e-03 4.785622935742139816e-03 1.376857422292232513e-02 1.017893664538860321e-02 1.613853615708649158e-03 8.320674300193786621e-03 2.379385841777548194e-04 9.223430417478084564e-03 1.254230178892612457e-02 1.135790068656206131e-02 7.755618542432785034e-03 1.592202344909310341e-03 1.363487355411052704e-02 1.254652719944715500e-02 7.507412694394588470e-03 8.193430490791797638e-03 5.256191827356815338e-03 6.213355343788862228e-03 2.650527050718665123e-03 4.435258451849222183e-03 5.469955038279294968e-03 1.783760264515876770e-02 1.132788509130477905e-02 1.068789977580308914e-02 2.202317118644714355e-02 3.195356577634811401e-02 1.801330968737602234e-02 2.133027650415897369e-02
6.336624175310134888e-02 6.013165414333343506e-02 1.154952030628919601e-02 6.560605484992265701e-03 2.418180694803595543e-03 6.419795006513595581e-02 6.271574646234512329e-02 1.624498888850212097e-02 9.304513223469257355e-03 1.318656373769044876e-02 8.423584103584289551e-01 2.625968679785728455e-02 6.213057786226272583e-02 1.493686717003583908e-02 3.709092363715171814e-02 3.282127156853675842e-02 3.437861800193786621e-02 2.717974130064249039e-04 1.741744577884674072e-02 7.615713402628898621e-04 1.167200971394777298e-03 4.350547119975090027e-02 1.684064045548439026e-02 2.177037484943866730e-02 1.260137301869690418e-03 5.733749130740761757e-04 2.022822387516498566e-02 2.213558554649353027e-02 4.719573631882667542e-02 2.318670786917209625e-02 3.768879547715187073e-02 2.435414865612983704e-02 6.712476257234811783e-03 2.116700261831283569e-02 5.025140475481748581e-03 1.753511838614940643e-02 4.772126208990812302e-03 1.619143038988113403e-02 6.634566816501319408e-04 3.930608276277780533e-03 1.144862081855535507e-02 1.172076165676116943e-02 1.710167154669761658e-02 6.564316805452108383e-03 1.699262298643589020e-02 4.153844900429248810e-03 6.309641152620315552e-02 5.255080014467239380e-02 7.562052924185991287e-03 8.440403267741203308e-03 1.341183856129646301e-02 2.479101996868848801e-03 1.353749260306358337e-02 1.536861900240182877e-02 4.431115929037332535e-03 3.106119809672236443e-03 8.929630741477012634e-03 6.445322185754776001e-03 2.059954591095447540e-02 2.317035384476184845e-02 1.427199225872755051e-02 1.553926244378089905e-02 1.157792401500046253e-03 7.396344561129808426e-03 5.062656477093696594e-02 5.082949995994567871e-02 2.572108292952179909e-03 3.703432856127619743e-03 4.897883161902427673e-03 8.225372992455959320e-03 1.269828341901302338e-02 3.732863347977399826e-03 1.837751269340515137e-02 1.323043927550315857e-02 2.224976383149623871e-02 1.420397590845823288e-02 1.801897957921028137e-02 1.619529165327548981e-02 3.974536433815956116e-03 2.188818529248237610e-02 1.039989758282899857e-02 4.210332408547401428e-03 1.842512190341949463e-02 2.712313435040414333e-04 3.658878384158015251e-03 8.493902161717414856e-03 3.341730311512947083e-02 3.480506688356399536e-02 1.915389788337051868e-03 7.036753930151462555e-03 4.398390278220176697e-02 3.003728389739990234e-02 4.386624321341514587e-02 2.178686670958995819e-02 4.728967323899269104e-04 5.481960717588663101e-03 1.699254848062992096e-02 9.461038745939731598e-03 1.242159586399793625e-02 8.261975599452853203e-04 1.001346297562122345e-02 5.988300777971744537e-03 4.287836607545614243e-03 3.649827791377902031e-03 7.877864991314709187e-04 1.707420102320611477e-03 1.782630197703838348e-02 5.865688901394605637e-03 3.413929371163249016e-04 1.462574000470340252e-03 1.171780563890933990e-02 8.068813011050224304e-03 1.435351930558681488e-02 1.453178096562623978e-02 2.027358300983905792e-02 1.535849831998348236e-02
3.479997441172599792e-02 3.247565403580665588e-02 1.795885153114795685e-03 7.789697032421827316e-03 1.220780424773693085e-02 3.228631615638732910e-02 3.426463901996612549e-02 2.080588415265083313e-02 1.678091660141944885e-02 2.531115151941776276e-02 2.625968679785728455e-02 8.423584103584289551e-01 2.644556760787963867e-02 6.308787316083908081e-02 2.328250557184219360e-02 1.437299232929944992e-02 1.160853169858455658e-02 3.632291406393051147e-02 3.401109576225280762e-02 4.589864052832126617e-03 1.862379838712513447e-03 1.366931106895208359e-02 3.404849767684936523e-02 2.450161054730415344e-02 5.224071443080902100e-03 2.904062904417514801e-02 7.129194214940071106e-03 4.659574106335639954e-02 2.028271928429603577e-02 4.864706844091415405e-02 1.733298227190971375e-02 1.629126071929931641e-02 6.603762973099946976e-03 1.201755087822675705e-02 2.202322892844676971e-02 2.119212411344051361e-02 2.182849682867527008e-02 8.718152093933895230e-05 2.836140571162104607e-03 1.460151560604572296e-02 1.387146860361099243e-02 9.548761881887912750e-03 1.165887340903282166e-02 1.868684776127338409e-02 1.329621858894824982e-02 5.394407082349061966e-03 2.285651117563247681e-02 1.413166709244251251e-02 1.264437567442655563e-02 2.241215482354164124e-02 2.249320410192012787e-02 3.090374730527400970e-02 2.153273299336433411e-02 2.428567782044410706e-02 4.839179106056690216e-03 1.742483302950859070e-02 9.506639093160629272e-03 3.063608147203922272e-02 2.671674452722072601e-02 2.187754400074481964e-02 1.294879615306854248e-02 5.754121113568544388e-03 1.457593520171940327e-03 1.944226957857608795e-02 2.312030456960201263e-02 1.722420379519462585e-02 3.375385655090212822e-03 2.800083952024579048e-03 1.579379430040717125e-03 2.924272324889898300e-03 7.250912487506866455e-03 1.746291853487491608e-02 2.408932335674762726e-02 9.778675157576799393e-04 2.333598956465721130e-02 1.929192431271076202e-02 1.693694666028022766e-02 2.106714621186256409e-02 1.636813767254352570e-02 3.730165306478738785e-03 4.725255537778139114e-03 8.502596057951450348e-03 8.904913440346717834e-03 9.803409688174724579e-03 2.238874440081417561e-04 1.054899673908948898e-02 2.353488467633724213e-02 1.539433654397726059e-02 3.892604261636734009e-02 4.197570309042930603e-02 2.987504564225673676e-02 1.593962777405977249e-03 1.482236292213201523e-02 3.666009753942489624e-03 1.185252517461776733e-02 1.190495211631059647e-02 9.498191066086292267e-03 1.493733748793601990e-02 1.678827963769435883e-02 2.398386783897876740e-02 8.676011115312576294e-03 5.015654023736715317e-03 1.173995807766914368e-02 9.376375004649162292e-03 3.363659605383872986e-03 1.300799567252397537e-02 1.087829377502202988e-02 1.440976373851299286e-02 3.101612674072384834e-03 3.412134945392608643e-03 2.219703607261180878e-02 5.085405893623828888e-03 3.476181766018271446e-03 1.377908140420913696e-02 3.130276221781969070e-03 9.082551696337759495e-04
5.853866413235664368e-02 6.479462236166000366e-02 3.373660147190093994e-03 7.019843440502882004e-03 2.411440946161746979e-03 5.603702366352081299e-02 6.129885092377662659e-02 1.264926791191101074e-02 1.262038107961416245e-02 9.663303382694721222e-03 6.213057786226272583e-02 2.644556760787963867e-02 8.423584103584289551e-01 1.670783013105392456e-02 3.343512490391731262e-02 3.357244655489921570e-02 3.345894441008567810e-02 7.029650267213582993e-03 1.923242211341857910e-02 4.370324779301881790e-03 3.155307378619909286e-03 4.252447560429573059e-02 1.836732774972915649e-02 2.442256174981594086e-02 3.093856503255665302e-04 8.218398434109985828e-04 1.993906684219837189e-02 2.121709845960140228e-02 4.817420989274978638e-02 2.449983730912208557e-02 4.769040271639823914e-02 2.950387075543403625e-02 7.921629585325717926e-03 2.756920829415321350e-02 5.961951799690723419e-03 1.671741157770156860e-02 6.860510446131229401e-03 1.946754567325115204e-02 3.603828838095068932e-03 2.504340140148997307e-03 1.362325344234704971e-02 9.487784467637538910e-03 1.546066161245107651e-02 2.408271655440330505e-03 2.181140519678592682e-02 1.880625379271805286e-03 5.770333111286163330e-02 5.289927497506141663e-02 1.135210227221250534e-02 3.492758376523852348e-03 1.075399480760097504e-02 4.597411873419332551e-07 1.194758899509906769e-02 1.356892008334398270e-02 7.239271420985460281e-03 7.293007336556911469e-03 1.515510585159063339e-02 7.515554316341876984e-03 2.106799185276031494e-02 2.546781487762928009e-02 1.588101312518119812e-02 1.827389188110828400e-02 5.738107487559318542e-03 7.562757004052400589e-03 4.489808902144432068e-02 5.703006312251091003e-02 6.477945018559694290e-03 1.107262098230421543e-03 3.264119150117039680e-03 1.329412963241338730e-02 9.577638469636440277e-03 4.896987593383528292e-05 2.152681164443492889e-02 1.149793528020381927e-02 2.642312832176685333e-02 9.904501028358936310e-03 2.034019678831100464e-02 9.434857405722141266e-03 4.081972292624413967e-04 2.240397967398166656e-02 4.257342312484979630e-03 2.218496520072221756e-03 2.581111341714859009e-02 3.094642655923962593e-03 1.221555983647704124e-03 5.128937307745218277e-03 2.584604732692241669e-02 3.359142318367958069e-02 1.010522712022066116e-02 6.384145934134721756e-03 4.087984934449195862e-02 2.413320168852806091e-02 4.461320489645004272e-02 2.497737482190132141e-02 4.790509585291147232e-03 2.399045042693614960e-03 1.002498622983694077e-02 5.999045912176370621e-03 1.084521785378456116e-02 6.682332023046910763e-04 6.583702284842729568e-03 6.653884425759315491e-03 3.399924840778112411e-03 6.393971852958202362e-04 6.991506670601665974e-04 3.136179875582456589e-03 1.433917321264743805e-02 1.842080382630228996e-03 5.050412844866514206e-03 1.537523057777434587e-04 1.620011962950229645e-02 9.767619892954826355e-03 1.075135543942451477e-02 1.528253406286239624e-02 1.789147220551967621e-02 1.750166714191436768e-02
