8.830582499504089355e-01 4.182974621653556824e-02 1.072431448847055435e-02 1.730336621403694153e-02 1.705903373658657074e-02 4.380430653691291809e-02 4.160516336560249329e-02 9.896414354443550110e-03 1.650954782962799072e-02 1.672787964344024658e-02 4.180089384317398071e-02 1.840847916901111603e-02 3.959843888878822327e-02 1.782814040780067444e-02 2.071617543697357178e-02 1.555191259831190109e-02 1.711076311767101288e-02 1.277797762304544449e-02 6.167776882648468018e-03 1.226561237126588821e-02 1.341777388006448746e-02 3.216115012764930725e-02 1.751456037163734436e-02 1.699160039424896240e-02 1.692066527903079987e-02 1.371344178915023804e-02 2.941093593835830688e-02 2.255169861018657684e-02 4.108808189630508423e-02 2.007689327001571655e-02 3.715348243713378906e-02 1.018289756029844284e-02 1.093282736837863922e-02 1.094229891896247864e-02 5.458348896354436874e-03 1.835762336850166321e-02 1.649913005530834198e-02 2.138671092689037323e-02 1.085905823856592178e-02 1.596756465733051300e-02 2.256570383906364441e-02 1.420025527477264404e-02 1.938162185251712799e-02 7.472890429198741913e-03 1.095385663211345673e-02 6.943915039300918579e-03 4.323176667094230652e-02 4.015576466917991638e-02 1.178218331187963486e-02 1.816499419510364532e-02 1.581542752683162689e-02 1.372411102056503296e-02 7.737926207482814789e-03 5.586369428783655167e-03 1.630594395101070404e-02 1.232974324375391006e-02 1.926723122596740723e-02 2.069515921175479889e-02 9.019652381539344788e-03 7.307263091206550598e-03 1.609781570732593536e-02 1.023881789296865463e-02 4.702004138380289078e-03 8.653196506202220917e-03 3.219414129853248596e-02 2.777222730219364166e-02 1.385856792330741882e-02 1.503005251288414001e-02 1.042650174349546432e-02 2.688964456319808960e-02 5.837000906467437744e-03 3.083009459078311920e-02 1.472600828856229782e-02 1.810351014137268066e-02 1.347481179982423782e-02 1.361205335706472397e-02 1.258625090122222900e-02 1.549219526350498199e-02 1.495714113116264343e-02 6.806037388741970062e-03 1.003716792911291122e-02 1.103517599403858185e-02 1.620323210954666138e-02 1.285964716225862503e-02 2.093422040343284607e-02 8.534397929906845093e-03 2.245744131505489349e-02 2.044913172721862793e-02 1.466879528015851974e-02 1.629931107163429260e-02 4.484350979328155518e-02 3.080089017748832703e-02 4.104837030172348022e-02 2.965221740305423737e-02 1.451970823109149933e-02 1.853528805077075958e-02 1.880987547338008881e-02 9.282976388931274414e-03 1.880129426717758179e-02 1.708250679075717926e-02 9.604506194591522217e-03 1.200048532336950302e-02 1.671151258051395416e-02 1.512142457067966461e-02 1.215678872540593147e-03 1.995325786992907524e-03 8.116311393678188324e-03 2.280562557280063629e-02 4.423563368618488312e-03 1.835848577320575714e-02 1.755887083709239960e-02 1.996541768312454224e-02 1.615800522267818451e-02 1.540147420018911362e-02 5.879836622625589371e-03 1.087884511798620224e-02
4.182974621653556824e-02 8.830582499504089355e-01 1.590854860842227936e-02 1.761327125132083893e-02 1.907405443489551544e-02 3.793401643633842468e-02 4.000762104988098145e-02 1.510612200945615768e-02 1.816953904926776886e-02 1.789786852896213531e-02 3.868950158357620239e-02 1.227605529129505157e-02 3.960952535271644592e-02 1.393391843885183334e-02 2.489461190998554230e-02 1.908926106989383698e-02 2.010557055473327637e-02 1.453804131597280502e-02 8.938132785260677338e-03 1.173937786370515823e-02 1.455263327807188034e-02 3.265244886279106140e-02 1.666917651891708374e-02 1.802699081599712372e-02 1.381521672010421753e-02 1.591092161834239960e-02 2.817588113248348236e-02 2.066363021731376648e-02 3.406110778450965881e-02 2.110704407095909119e-02 3.779935836791992188e-02 1.288380660116672516e-02 1.350614801049232483e-02 1.524423807859420776e-02 9.761655703186988831e-03 2.117612212896347046e-02 2.049219980835914612e-02 1.946828328073024750e-02 1.475438941270112991e-02 1.979472115635871887e-02 2.366902492940425873e-02 1.490504480898380280e-02 1.890137232840061188e-02 1.207312382757663727e-02 4.382613115012645721e-03 3.102172864601016045e-03 3.765232488512992859e-02 4.007744416594505310e-02 1.433451101183891296e-02 2.091529592871665955e-02 1.419869996607303619e-02 1.147985365241765976e-02 1.125185843557119370e-02 1.192914508283138275e-02 1.839403621852397919e-02 1.436000876128673553e-02 1.338383182883262634e-02 2.343718893826007843e-02 1.414216868579387665e-02 1.406844239681959152e-02 1.830012910068035126e-02 1.338505279272794724e-02 8.877892047166824341e-03 1.262979302555322647e-02 3.021624125540256500e-02 2.952844649553298950e-02 1.214222609996795654e-02 1.656521484255790710e-02 1.418047863990068436e-02 1.845483295619487762e-02 8.869777433574199677e-03 2.914542704820632935e-02 1.650737784802913666e-02 1.449690666049718857e-02 1.536364760249853134e-02 1.347933895885944366e-02 1.464174967259168625e-02 1.628490537405014038e-02 8.310155943036079407e-03 5.343581084161996841e-03 1.469914801418781281e-02 1.412902679294347763e-02 1.846424676477909088e-02 1.438276655972003937e-02 1.400266494601964951e-02 7.337111048400402069e-03 2.522119879722595215e-02 2.442725747823715210e-02 4.807463847100734711e-03 1.600108854472637177e-02 3.807288780808448792e-02 2.816410362720489502e-02 4.178333654999732971e-02 3.044295683503150940e-02 1.603482849895954132e-02 1.875989139080047607e-02 1.404962223023176193e-02 1.148261316120624542e-02 1.892611384391784668e-02 1.714194379746913910e-02 1.400543842464685440e-02 1.639578305184841156e-02 1.264951471239328384e-02 1.680358685553073883e-02 4.971418995410203934e-03 7.325673010200262070e-03 1.296956092119216919e-02 2.125860936939716339e-02 9.431237354874610901e-03 2.032099850475788116e-02 1.854135841131210327e-02 2.285728417336940765e-02 1.344439852982759476e-02 1.279146876186132431e-02 8.699448779225349426e-03 8.675494231283664703e-03
1.072431448847055435e-02 1.590854860842227936e-02 8.830582499504089355e-01 1.672337390482425690e-02 1.575166732072830200e-02 8.861074456945061684e-04 7.090254803188145161e-04 4.724933579564094543e-02 8.298653177917003632e-03 6.796506233513355255e-03 1.902359537780284882e-02 5.610759835690259933e-03 2.075697109103202820e-02 3.215155331417918205e-03 3.553529456257820129e-02 1.624167151749134064e-02 1.399226859211921692e-02 7.663961965590715408e-03 1.050153095275163651e-02 1.910688914358615875e-02 1.236458588391542435e-02 2.850252948701381683e-02 3.693401813507080078e-03 7.903295569121837616e-03 1.862336322665214539e-02 1.773418486118316650e-02 2.286315895617008209e-02 5.726423114538192749e-03 9.850997477769851685e-03 1.129687391221523285e-02 7.253422401845455170e-03 2.289957366883754730e-02 2.264510281383991241e-02 1.997929811477661133e-02 2.414228953421115875e-02 2.665506117045879364e-02 2.720868960022926331e-02 8.048208430409431458e-03 2.693222463130950928e-02 2.857027575373649597e-02 2.331965416669845581e-02 6.496160291135311127e-03 2.195199253037571907e-03 4.409227892756462097e-02 1.240655034780502319e-02 1.004794798791408539e-02 6.760085932910442352e-03 2.820238703861832619e-03 1.587725430727005005e-02 6.107173394411802292e-03 8.856671047396957874e-04 1.389598008245229721e-03 2.816614136099815369e-02 2.795876003801822662e-02 1.491507887840270996e-02 6.352858617901802063e-03 1.386535447090864182e-02 1.658166199922561646e-02 3.160909190773963928e-02 2.771524526178836823e-02 2.232772670686244965e-02 2.018667571246623993e-02 1.957483030855655670e-02 2.329120598733425140e-02 2.311048284173011780e-02 2.136154659092426300e-02 1.481299102306365967e-02 8.139194920659065247e-03 7.939695380628108978e-03 4.773604683578014374e-03 7.916410453617572784e-03 7.232408504933118820e-03 1.158752012997865677e-02 2.671397058293223381e-03 1.509501039981842041e-02 3.588732099160552025e-03 7.802847307175397873e-03 7.304179947823286057e-03 9.246399626135826111e-03 3.101492475252598524e-04 4.934395104646682739e-02 4.907065629959106445e-02 1.360608544200658798e-02 1.353524904698133469e-02 3.502138890326023102e-03 5.282865837216377258e-03 4.007109254598617554e-02 3.755741193890571594e-02 1.793570071458816528e-02 3.260531520936638117e-04 4.592846671584993601e-04 2.200911007821559906e-02 2.653301460668444633e-03 2.142579108476638794e-02 2.117843739688396454e-02 1.831335760653018951e-02 4.448874853551387787e-03 2.927935915067791939e-03 6.912903860211372375e-03 3.049857681617140770e-03 2.212769165635108948e-02 1.860917359590530396e-02 4.295979160815477371e-04 2.544163726270198822e-03 1.851936802268028259e-02 2.364505268633365631e-02 2.055939845740795135e-02 1.902912929654121399e-02 2.244691550731658936e-02 1.662354916334152222e-02 2.228736504912376404e-02 2.335009165108203888e-02 2.583220368251204491e-03 2.214051084592938423e-03 1.834400184452533722e-02 8.114004507660865784e-03
1.730336621403694153e-02 1.761327125132083893e-02 1.672337390482425690e-02 8.830582499504089355e-01 5.017243325710296631e-02 1.198470778763294220e-02 1.039137504994869232e-02 2.423674054443836212e-02 2.184323966503143311e-02 1.428788527846336365e-02 1.578222028911113739e-02 9.091052226722240448e-03 1.805770024657249451e-02 6.208207458257675171e-03 2.526991814374923706e-02 2.565730176866054535e-02 2.674095518887042999e-02 2.249792777001857758e-02 2.771169692277908325e-02 1.321726106107234955e-02 1.533399429172277451e-02 1.559260953217744827e-02 1.489649899303913116e-02 1.138238236308097839e-02 1.544055901467800140e-02 2.098781801760196686e-02 9.326154366135597229e-03 1.504868175834417343e-02 1.319951005280017853e-02 1.796236075460910797e-02 9.002911858260631561e-03 1.796525344252586365e-02 2.752960287034511566e-02 2.399692498147487640e-02 2.085394226014614105e-02 2.115050703287124634e-02 1.973772235214710236e-02 7.649570237845182419e-03 3.609026223421096802e-02 3.414879739284515381e-02 2.776055363938212395e-03 1.914843358099460602e-02 1.084304507821798325e-02 8.570653386414051056e-03 5.516068194992840290e-04 1.730857184156775475e-03 7.493215147405862808e-03 6.648858543485403061e-03 1.303053181618452072e-02 1.184990257024765015e-02 1.443787384778261185e-02 1.294952630996704102e-02 2.408758737146854401e-02 2.339864894747734070e-02 1.471160352230072021e-02 1.625238545238971710e-02 1.501009054481983185e-02 2.043908834457397461e-02 2.089281752705574036e-02 1.466549932956695557e-02 2.705620974302291870e-02 3.047083877027034760e-02 1.606246083974838257e-02 1.845482178032398224e-02 1.581011153757572174e-02 8.533365093171596527e-03 1.345100346952676773e-02 1.812118850648403168e-02 2.763704210519790649e-02 1.836037146858870983e-03 2.630014158785343170e-02 3.375056199729442596e-03 4.306539148092269897e-02 2.109055407345294952e-03 4.263086616992950439e-02 1.134584471583366394e-02 2.408031187951564789e-02 1.830662228167057037e-02 6.568991113454103470e-03 1.039451640099287033e-02 8.851774036884307861e-03 1.405700109899044037e-02 3.545981645584106445e-02 3.085516765713691711e-02 1.144083309918642044e-02 9.490964002907276154e-03 1.864571869373321533e-02 1.389083452522754669e-02 5.808941205032169819e-04 9.296646341681480408e-03 1.066116429865360260e-02 6.732750218361616135e-03 8.402007631957530975e-03 2.947225468233227730e-03 2.571429498493671417e-02 2.349992841482162476e-02 5.189197137951850891e-03 1.486188732087612152e-02 1.813419349491596222e-02 1.416089385747909546e-02 1.771029271185398102e-02 2.167137525975704193e-02 6.836310029029846191e-03 1.499001029878854752e-02 2.208441309630870819e-02 1.513477601110935211e-02 1.455571129918098450e-02 1.279718894511461258e-02 1.917049288749694824e-02 4.510181490331888199e-03 1.156075275503098965e-03 1.311757718212902546e-03 1.429364178329706192e-02 1.031032204627990723e-02 2.074274001643061638e-03 1.283777039498090744e-02
1.705903373658657074e-02 1.907405443489551544e-02 1.575166732072830200e-02 5.017243325710296631e-02 8.830582499504089355e-01 1.133134402334690094e-02 1.053130906075239182e-02 2.432782016694545746e-02 2.268981374800205231e-02 1.611100696027278900e-02 1.598529331386089325e-02 7.183633744716644287e-03 2.049600519239902496e-02 5.426892545074224472e-03 2.578895166516304016e-02 2.883609943091869354e-02 3.044163435697555542e-02 1.383869256824254990e-02 2.292157709598541260e-02 6.513733416795730591e-03 1.443870924413204193e-02 1.531734503805637360e-02 1.598931476473808289e-02 1.414122991263866425e-02 6.838745903223752975e-03 2.076615393161773682e-02 8.838338777422904968e-03 1.242232602089643478e-02 9.953182190656661987e-03 1.907282881438732147e-02 1.310726907104253769e-02 1.328651513904333115e-02 2.294701710343360901e-02 2.660991437733173370e-02 2.061412110924720764e-02 1.692506857216358185e-02 1.860418170690536499e-02 9.518626146018505096e-03 3.862642496824264526e-02 3.646546974778175354e-02 5.292607005685567856e-03 2.026948146522045135e-02 1.489738933742046356e-02 9.398906491696834564e-03 2.817064756527543068e-03 5.623343400657176971e-03 6.504345685243606567e-03 6.459386553615331650e-03 6.485420279204845428e-03 1.595048792660236359e-02 1.671470515429973602e-02 1.480776630342006683e-02 1.943605951964855194e-02 2.586746402084827423e-02 8.386804722249507904e-03 1.854976452887058258e-02 6.898810155689716339e-03 2.287061512470245361e-02 1.933056861162185669e-02 1.624669879674911499e-02 2.017261832952499390e-02 2.934095077216625214e-02 1.025917753577232361e-02 1.984229125082492828e-02 1.417464390397071838e-02 9.713169187307357788e-03 7.348403800278902054e-03 2.119835279881954193e-02 2.939917519688606262e-02 8.303744834847748280e-04 2.799552865326404572e-02 3.822972532361745834e-03 4.024627432227134705e-02 2.101547783240675926e-03 3.960689157247543335e-02 1.296215318143367767e-02 2.696670219302177429e-02 2.150669507682323456e-02 3.991163335740566254e-03 8.436636067926883698e-03 7.156388368457555771e-03 1.294005848467350006e-02 2.988337725400924683e-02 2.664609998464584351e-02 4.181825555860996246e-03 7.438839413225650787e-03 1.747668348252773285e-02 1.510877814143896103e-02 1.733680139295756817e-03 7.115324493497610092e-03 7.231627590954303741e-03 7.688466459512710571e-03 1.021195668727159500e-02 1.816222793422639370e-03 2.555187232792377472e-02 2.417340874671936035e-02 4.871719516813755035e-03 1.334165502339601517e-02 2.290178835391998291e-02 2.085560746490955353e-02 1.251895539462566376e-02 2.279100380837917328e-02 4.789136815816164017e-03 6.921891123056411743e-03 1.864744722843170166e-02 1.390886399894952774e-02 8.708814159035682678e-03 7.164160255342721939e-03 1.440392062067985535e-02 7.224850822240114212e-03 3.663559444248676300e-03 3.277538577094674110e-03 1.308895740658044815e-02 8.861480280756950378e-03 4.411424044519662857e-03 4.729555919766426086e-03
4.380430653691291809e-02 3.793401643633842468e-02 8.861074456945061684e-04 1.198470778763294220e-02 1.133134402334690094e-02 8.830582499504089355e-01 5.204376950860023499e-02 3.204110311344265938e-03 1.853276975452899933e-02 1.891483739018440247e-02 3.256934881210327148e-02 3.404337540268898010e-02 3.041616640985012054e-02 3.198828175663948059e-02 1.232650317251682281e-02 1.317056175321340561e-02 1.335445884615182877e-02 1.478302944451570511e-02 7.451799232512712479e-03 1.568623259663581848e-02 1.620054617524147034e-02 1.964599639177322388e-02 2.488515898585319519e-02 2.277452312409877777e-02 1.818661577999591827e-02 1.220320072025060654e-02 1.380789745599031448e-02 3.072033636271953583e-02 2.971655130386352539e-02 2.344882674515247345e-02 2.690217830240726471e-02 7.077857386320829391e-03 1.755360863171517849e-03 9.213821031153202057e-03 2.525531919673085213e-03 1.838859729468822479e-02 1.525111217051744461e-02 9.498684667050838470e-03 2.433578483760356903e-03 8.091790601611137390e-03 8.749325759708881378e-03 1.668279990553855896e-02 2.254063449800014496e-02 2.613974036648869514e-03 2.519285492599010468e-02 1.886567287147045135e-02 5.224875733256340027e-02 4.797077178955078125e-02 9.603979066014289856e-03 1.747192442417144775e-02 2.208434604108333588e-02 2.093065716326236725e-02 3.877016250044107437e-03 3.793964278884232044e-04 1.506437268108129501e-02 1.219434291124343872e-02 1.661373116075992584e-02 1.580788753926753998e-02 1.161478110589087009e-03 1.039798604324460030e-03 1.037588901817798615e-02 3.367276163771748543e-03 6.894401740282773972e-03 1.033826614730060101e-03 2.088232152163982391e-02 1.920798048377037048e-02 1.795349270105361938e-02 1.920000091195106506e-02 1.139241736382246017e-02 1.608510687947273254e-02 7.804946973919868469e-03 2.146041579544544220e-02 1.419731881469488144e-02 9.207108058035373688e-03 1.119987200945615768e-02 7.483527064323425293e-03 1.512967422604560852e-02 1.629968360066413879e-02 2.823580428957939148e-02 1.288071740418672562e-02 2.331920200958848000e-03 1.556158880703151226e-03 1.579869538545608521e-02 1.419132761657238007e-02 3.063334152102470398e-02 1.437488477677106857e-02 1.288359146565198898e-02 1.122172456234693527e-02 3.112100623548030853e-02 2.714957110583782196e-02 4.448297992348670959e-02 1.716958731412887573e-02 4.193975776433944702e-02 1.838218048214912415e-02 1.180661004036664963e-02 1.687575131654739380e-02 1.308627519756555557e-02 6.934621836990118027e-03 2.066223882138729095e-02 2.156298607587814331e-02 6.067323498427867889e-03 8.817020803689956665e-03 8.458564989268779755e-03 8.979231119155883789e-03 4.134655464440584183e-03 2.597883809357881546e-03 5.372683051973581314e-03 1.233738381415605545e-02 3.627241821959614754e-03 9.570448659360408783e-03 6.258591543883085251e-03 1.040438562631607056e-02 2.302521467208862305e-02 2.013538032770156860e-02 2.556156367063522339e-03 1.089848298579454422e-02
4.160516336560249329e-02 4.000762104988098145e-02 7.090254803188145161e-04 1.039137504994869232e-02 1.053130906075239182e-02 5.204376950860023499e-02 8.830582499504089355e-01 3.755803452804684639e-03 2.110476046800613403e-02 2.115384489297866821e-02 3.145273402333259583e-02 2.892278134822845459e-02 3.085456229746341705e-02 2.882873080670833588e-02 1.180251128971576691e-02 1.543952897191047668e-02 1.544615160673856735e-02 1.737729087471961975e-02 7.875781506299972534e-03 1.294207014143466949e-02 1.597103849053382874e-02 1.998100243508815765e-02 2.385828830301761627e-02 2.297257259488105774e-02 1.286071445792913437e-02 1.277843303978443146e-02 1.409046165645122528e-02 2.569668926298618317e-02 2.943453937768936157e-02 2.024785429239273071e-02 3.161367028951644897e-02 5.375358741730451584e-03 1.913263578899204731e-03 1.098128128796815872e-02 1.435723737813532352e-03 1.845318451523780823e-02 1.615645363926887512e-02 1.314749754965305328e-02 2.062280196696519852e-03 8.140341378748416901e-03 1.264471095055341721e-02 1.918395422399044037e-02 2.433128841221332550e-02 5.137858679518103600e-04 2.291400544345378876e-02 1.859145611524581909e-02 5.157180130481719971e-02 5.352762714028358459e-02 1.059297937899827957e-02 2.130018360912799835e-02 2.263127081096172333e-02 2.005560696125030518e-02 2.278308616951107979e-03 7.460569613613188267e-04 1.650612242519855499e-02 1.411246787756681442e-02 9.995625354349613190e-03 1.653203554451465607e-02 5.536982789635658264e-04 2.356217475607991219e-03 9.653003886342048645e-03 4.251997917890548706e-03 7.901648990809917450e-03 1.266989856958389282e-03 2.019222639501094818e-02 2.106751315295696259e-02 1.366251800209283829e-02 1.938376203179359436e-02 1.577969454228878021e-02 1.412361115217208862e-02 1.232992112636566162e-02 2.367601171135902405e-02 1.427149306982755661e-02 1.052917353808879852e-02 1.186706684529781342e-02 1.119841076433658600e-02 1.956259459257125854e-02 1.981427520513534546e-02 2.368863672018051147e-02 1.120996568351984024e-02 3.753917291760444641e-03 8.203805773518979549e-04 1.801166310906410217e-02 1.521965768188238144e-02 2.283643744885921478e-02 1.150067709386348724e-02 1.244483701884746552e-02 1.171943359076976776e-02 2.299094386398792267e-02 2.672931924462318420e-02 4.327555373311042786e-02 1.693327352404594421e-02 4.728235676884651184e-02 2.105328813195228577e-02 1.067064236849546432e-02 1.619929447770118713e-02 1.511194556951522827e-02 1.331460289657115936e-02 2.268045023083686829e-02 2.404803596436977386e-02 7.600313052535057068e-03 1.153500471264123917e-02 1.109238713979721069e-02 1.492469664663076401e-02 5.113705527037382126e-03 7.402977207675576210e-04 7.150522433221340179e-03 1.093453634530305862e-02 6.775107234716415405e-03 1.088661141693592072e-02 1.036648638546466827e-02 1.498786080628633499e-02 2.143143862485885620e-02 1.913593523204326630e-02 2.904337132349610329e-03 1.146255899220705032e-02
9.896414354443550110e-03 1.510612200945615768e-02 4.724933579564094543e-02 2.423674054443836212e-02 2.432782016694545746e-02 3.204110311344265938e-03 3.755803452804684639e-03 8.830582499504089355e-01 9.803904220461845398e-03 3.891535568982362747e-03 1.533492282032966614e-02 4.897471982985734940e-03 1.953029632568359375e-02 3.480829531326889992e-03 4.301318153738975525e-02 1.629347540438175201e-02 1.405120547860860825e-02 1.253245864063501358e-02 1.759431883692741394e-02 1.762721315026283264e-02 9.729309007525444031e-03 2.480427362024784088e-02 3.593972185626626015e-03 5.941313691437244415e-03 1.858155615627765656e-02 1.866891607642173767e-02 1.733264885842800140e-02 5.269749555736780167e-03 3.338451264426112175e-03 1.121035404503345490e-02 5.404640920460224152e-03 2.543281204998493195e-02 2.704492211341857910e-02 2.574292570352554321e-02 3.016262687742710114e-02 2.911112457513809204e-02 2.785819955170154572e-02 8.595654740929603577e-03 3.371606394648551941e-02 3.302460908889770508e-02 9.544609114527702332e-03 7.552485913038253784e-03 1.724262721836566925e-03 4.110926389694213867e-02 1.305283140391111374e-02 1.231965329498052597e-02 6.771661806851625443e-03 2.182089025154709816e-03 1.275582611560821533e-02 6.715909112244844437e-03 2.508592326194047928e-03 1.191795105114579201e-03 3.094077296555042267e-02 3.426148742437362671e-02 1.243111304938793182e-02 7.756741717457771301e-03 1.139132399111986160e-02 1.849061995744705200e-02 3.316118195652961731e-02 3.082816302776336670e-02 2.866804227232933044e-02 2.698180079460144043e-02 1.859468966722488403e-02 2.666940353810787201e-02 1.718559674918651581e-02 1.951036043465137482e-02 1.397713273763656616e-02 1.226125378161668777e-02 8.232257328927516937e-03 8.398857899010181427e-03 4.731943365186452866e-03 2.422128804028034210e-03 1.433279924094676971e-02 1.609306223690509796e-02 1.811590418219566345e-02 1.805295981466770172e-02 1.036851014941930771e-02 5.241801030933856964e-03 9.116314351558685303e-03 2.728495514020323753e-03 4.812750220298767090e-02 4.689560085535049438e-02 2.068809047341346741e-02 1.750673167407512665e-02 2.768203383311629295e-03 1.593107590451836586e-03 3.870667517185211182e-02 3.530415147542953491e-02 1.512856036424636841e-02 2.187790116295218468e-03 3.949437290430068970e-03 9.793371893465518951e-03 3.157435916364192963e-03 1.073356345295906067e-02 2.858561649918556213e-02 2.348710224032402039e-02 1.712480001151561737e-02 1.532953232526779175e-02 9.457419626414775848e-03 6.673528347164392471e-03 2.174279652535915375e-02 2.139237709343433380e-02 1.598092913627624512e-02 1.189982239156961441e-02 2.323249727487564087e-02 2.763680182397365570e-02 1.917097158730030060e-02 1.500254683196544647e-02 2.276394516229629517e-02 1.360885892063379288e-02 7.707432378083467484e-03 1.020236127078533173e-02 2.455692971125245094e-03 6.970161921344697475e-04 5.114339757710695267e-03 3.977283369749784470e-03
1.650954782962799072e-02 1.816953904926776886e-02 8.298653177917003632e-03 2.184323966503143311e-02 2.268981374800205231e-02 1.853276975452899933e-02 2.110476046800613403e-02 9.803904220461845398e-03 8.830582499504089355e-01 3.254392370581626892e-02 1.194722298532724380e-02 2.478899434208869934e-02 1.519664842635393143e-02 2.417320758104324341e-02 1.111202035099267960e-02 3.253839164972305298e-02 3.093536756932735443e-02 2.763749659061431885e-02 2.336098253726959229e-02 1.453231088817119598e-02 2.191604487597942352e-02 1.127301063388586044e-02 3.429785743355751038e-02 3.160439431667327881e-02 1.307458523660898209e-02 1.988554000854492188e-02 4.878968931734561920e-03 2.092729881405830383e-02 1.367442775517702103e-02 1.617824099957942963e-02 1.924908906221389771e-02 1.614290848374366760e-02 6.871093530207872391e-03 1.766559854149818420e-02 6.817008368670940399e-03 1.622769609093666077e-02 1.357071287930011749e-02 3.123952308669686317e-03 1.581154763698577881e-02 1.284468173980712891e-02 6.711672991514205933e-03 3.930378705263137817e-02 2.787975408136844635e-02 1.119964011013507843e-02 2.243354916572570801e-02 2.185389399528503418e-02 1.740584336221218109e-02 2.007862925529479980e-02 3.003307245671749115e-02 2.325075119733810425e-02 3.484221175312995911e-02 3.215581923723220825e-02 2.615466481074690819e-03 7.709712721407413483e-03 3.096531331539154053e-02 2.500315941870212555e-02 9.100834839046001434e-03 2.094385027885437012e-02 6.551996339112520218e-03 4.791814368218183517e-03 1.626570522785186768e-02 1.316259335726499557e-02 1.023117103613913059e-03 4.539856221526861191e-03 8.939191699028015137e-03 9.635741822421550751e-03 1.969587430357933044e-02 2.184484526515007019e-02 4.010222107172012329e-02 7.685677148401737213e-03 3.636985272169113159e-02 7.845256477594375610e-03 2.466826699674129486e-02 1.299298647791147232e-02 2.400363981723785400e-02 1.176405418664216995e-02 4.479605332016944885e-02 3.687351942062377930e-02 2.774530462920665741e-02 3.016375564038753510e-02 4.097468685358762741e-03 3.069557016715407372e-03 2.559534274041652679e-02 2.569702640175819397e-02 1.876286417245864868e-02 2.563107945024967194e-02 9.294216521084308624e-03 8.811116218566894531e-03 1.896187476813793182e-02 2.957426570355892181e-02 1.342067867517471313e-02 1.125931553542613983e-02 1.803100667893886566e-02 1.001963578164577484e-02 2.410177513957023621e-02 2.181028015911579132e-02 1.134089659899473190e-02 1.582838408648967743e-02 3.843406960368156433e-02 3.640806302428245544e-02 1.379808504134416580e-02 1.307834219187498093e-02 6.730638910084962845e-03 8.646092377603054047e-03 2.579217078164219856e-03 5.272434558719396591e-03 3.894575173035264015e-03 7.897958159446716309e-03 8.328194729983806610e-03 1.431581657379865646e-02 1.011436246335506439e-02 9.931616485118865967e-03 3.318545222282409668e-02 2.829386666417121887e-02 7.988346740603446960e-03 1.541254110634326935e-03
1.672787964344024658e-02 1.789786852896213531e-02 6.796506233513355255e-03 1.428788527846336365e-02 1.611100696027278900e-02 1.891483739018440247e-02 2.115384489297866821e-02 3.891535568982362747e-03 3.254392370581626892e-02 8.830582499504089355e-01 1.300763711333274841e-02 2.633078396320343018e-02 1.538612134754657745e-02 2.841746434569358826e-02 7.977398112416267395e-03 3.054505027830600739e-02 3.372280299663543701e-02 2.243472449481487274e-02 2.596905454993247986e-02 1.678530313074588776e-02 2.736790850758552551e-02 1.040498167276382446e-02 3.462549299001693726e-02 3.662084043025970459e-02 1.235500164330005646e-02 2.314133010804653168e-02 1.897977315820753574e-03 2.236546576023101807e-02 1.328215375542640686e-02 2.110098488628864288e-02 1.664737984538078308e-02 1.129278168082237244e-02 3.186655521858483553e-04 2.170916646718978882e-02 1.049175858497619629e-02 1.417765114456415176e-02 1.687673106789588928e-02 3.978067077696323395e-03 6.479128263890743256e-03 1.103855203837156296e-02 6.681628525257110596e-03 2.977945096790790558e-02 3.816317766904830933e-02 8.784902282059192657e-03 2.442640438675880432e-02 2.734121493995189667e-02 1.657784543931484222e-02 1.857911422848701477e-02 2.092804387211799622e-02 3.565445914864540100e-02 3.072457015514373779e-02 3.262901306152343750e-02 1.127871801145374775e-03 6.825935095548629761e-03 2.293811738491058350e-02 3.801941871643066406e-02 7.502355147153139114e-03 2.179611474275588989e-02 2.051802584901452065e-03 7.170280907303094864e-03 1.108124200254678726e-02 1.716523617506027222e-02 1.467752153985202312e-03 7.233704440295696259e-03 7.811610121279954910e-03 1.234750263392925262e-02 1.738575287163257599e-02 2.798486128449440002e-02 3.608525544404983521e-02 7.955024950206279755e-03 3.660933300852775574e-02 8.731993846595287323e-03 2.185980044305324554e-02 9.757268242537975311e-03 2.222814783453941345e-02 8.653752505779266357e-03 3.206433355808258057e-02 4.038345441222190857e-02 2.929066121578216553e-02 3.518277034163475037e-02 2.238468732684850693e-03 7.789755909470841289e-05 1.612349227070808411e-02 2.710030414164066315e-02 1.883023232221603394e-02 3.340356051921844482e-02 7.211520802229642868e-03 8.143647573888301849e-03 2.031132392585277557e-02 3.208118304610252380e-02 1.383487693965435028e-02 1.156924664974212646e-02 1.871391758322715759e-02 1.143002975732088089e-02 1.915755309164524078e-02 2.342181280255317688e-02 8.786525577306747437e-03 1.237509399652481079e-02 3.207790106534957886e-02 3.441618755459785461e-02 1.200246158987283707e-02 2.094767242670059204e-02 6.310699973255395889e-03 9.478118270635604858e-03 3.147037466987967491e-03 1.096446067094802856e-02 6.981761660426855087e-03 4.848843440413475037e-03 1.750899106264114380e-02 1.464679930359125137e-02 1.136167533695697784e-02 9.595632553100585938e-03 2.939989417791366577e-02 3.402854129672050476e-02 8.937482722103595734e-03 6.661664694547653198e-03
4.180089384317398071e-02 3.868950158357620239e-02 1.902359537780284882e-02 1.578222028911113739e-02 1.598529331386089325e-02 3.256934881210327148e-02 3.145273402333259583e-02 1.533492282032966614e-02 1.194722298532724380e-02 1.300763711333274841e-02 8.830582499504089355e-01 1.137631665915250778e-02 4.154329746961593628e-02 1.222405210137367249e-02 2.604801952838897705e-02 1.341684721410274506e-02 1.504131220281124115e-02 6.913961376994848251e-03 1.951606245711445808e-03 1.340022590011358261e-02 1.386772003024816513e-02 3.800637274980545044e-02 1.218911260366439819e-02 1.291827205568552017e-02 1.907376572489738464e-02 1.356041152030229568e-02 3.864803165197372437e-02 2.129983901977539062e-02 4.424468427896499634e-02 2.125624567270278931e-02 3.630082681775093079e-02 1.240926701575517654e-02 1.461908686906099319e-02 9.751753881573677063e-03 9.575980715453624725e-03 1.866498775780200958e-02 1.808833889663219452e-02 2.789639867842197418e-02 1.243153307586908340e-02 1.581943221390247345e-02 2.897433564066886902e-02 9.995457716286182404e-03 1.512673124670982361e-02 1.513038203120231628e-02 4.107970278710126877e-03 3.670963458716869354e-03 3.385901823639869690e-02 3.029922395944595337e-02 1.194258872419595718e-02 1.444802340120077133e-02 8.371600881218910217e-03 7.988759316504001617e-03 1.351078134030103683e-02 9.184924885630607605e-03 1.580741442739963531e-02 8.133237250149250031e-03 2.406073547899723053e-02 2.077987231314182281e-02 1.544874440878629684e-02 1.251601427793502808e-02 1.684271730482578278e-02 1.004009135067462921e-02 1.379450596868991852e-02 1.321688853204250336e-02 3.969125449657440186e-02 3.372143954038619995e-02 1.409008912742137909e-02 1.198728289455175400e-02 6.582350470125675201e-03 3.321742266416549683e-02 1.325850142166018486e-03 3.168692812323570251e-02 9.777955710887908936e-03 2.259488776326179504e-02 9.219434112310409546e-03 1.694178953766822815e-02 6.591080222278833389e-03 1.044932659715414047e-02 9.406177327036857605e-03 6.500292103737592697e-03 1.947531662881374359e-02 1.970068365335464478e-02 1.003407314419746399e-02 7.690936792641878128e-03 1.771666854619979858e-02 7.511704228818416595e-03 3.019413165748119354e-02 2.819113992154598236e-02 8.065191097557544708e-03 1.102329324930906296e-02 4.127471894025802612e-02 3.947508707642555237e-02 3.465549275279045105e-02 3.492008149623870850e-02 1.323975063860416412e-02 1.472311001271009445e-02 1.942255161702632904e-02 1.143498811870813370e-02 1.280112937092781067e-02 9.721724316477775574e-03 1.247331686317920685e-02 1.110845711082220078e-02 1.898407936096191406e-02 1.683483645319938660e-02 7.785738445818424225e-03 5.507475230842828751e-03 1.150962524116039276e-02 2.868386730551719666e-02 6.679713726043701172e-03 2.303420752286911011e-02 2.190576121211051941e-02 2.193142846226692200e-02 1.165831834077835083e-02 1.271859649568796158e-02 9.295843541622161865e-03 1.264281664043664932e-02
1.840847916901111603e-02 1.227605529129505157e-02 5.610759835690259933e-03 9.091052226722240448e-03 7.183633744716644287e-03 3.404337540268898010e-02 2.892278134822845459e-02 4.897471982985734940e-03 2.478899434208869934e-02 2.633078396320343018e-02 1.137631665915250778e-02 8.830582499504089355e-01 8.890350349247455597e-03 5.773009359836578369e-02 1.151690375991165638e-03 1.706167124211788177e-02 1.376938354223966599e-02 1.399054750800132751e-02 1.035225577652454376e-02 2.023390121757984161e-02 2.197922952473163605e-02 3.228840942028909922e-04 3.921716660261154175e-02 3.399459272623062134e-02 1.892244443297386169e-02 1.471208781003952026e-02 1.012828852981328964e-02 4.177077114582061768e-02 9.909379296004772186e-03 3.256972879171371460e-02 3.443098627030849457e-03 6.469170097261667252e-03 6.833176594227552414e-03 6.283172871917486191e-03 5.240906029939651489e-03 8.667467162013053894e-03 8.101043291389942169e-03 4.975051153451204300e-03 3.908878192305564880e-03 3.590557491406798363e-03 1.110987272113561630e-02 2.954871952533721924e-02 3.042540140450000763e-02 9.741328656673431396e-03 5.561521276831626892e-02 5.184181779623031616e-02 2.799817919731140137e-02 2.003810368478298187e-02 1.358633767813444138e-02 1.250651851296424866e-02 3.253578022122383118e-02 4.157980903983116150e-02 1.844843500293791294e-03 2.890518167987465858e-03 1.631817221641540527e-02 1.431310456246137619e-02 1.637325435876846313e-02 1.370717398822307587e-02 6.028260570019483566e-03 3.430566983297467232e-03 5.109503399580717087e-03 9.111582767218351364e-04 1.265894621610641479e-02 5.211391486227512360e-03 3.967138007283210754e-03 9.003046900033950806e-03 2.376009710133075714e-02 1.948848553001880646e-02 2.144936285912990570e-02 7.482642773538827896e-03 2.117190323770046234e-02 3.113955026492476463e-03 1.488868426531553268e-02 1.493876567110419273e-03 1.191328372806310654e-02 1.346332486718893051e-03 2.394953556358814240e-02 2.516594715416431427e-02 5.257635563611984253e-02 4.377044737339019775e-02 5.850422661751508713e-03 6.951972376555204391e-03 7.507616188377141953e-03 1.520604174584150314e-02 3.805467113852500916e-02 3.761529922485351562e-02 3.775391378439962864e-04 2.341414801776409149e-03 5.122094973921775818e-02 4.260810464620590210e-02 1.954402215778827667e-02 4.812791943550109863e-03 1.355605199933052063e-02 5.307181738317012787e-03 9.489259682595729828e-03 1.067760027945041656e-02 5.095040891319513321e-03 5.597735755145549774e-03 2.570873871445655823e-02 2.740762196481227875e-02 3.946544136852025986e-03 1.627975725568830967e-03 1.741620129905641079e-03 9.323515696451067924e-04 3.100897883996367455e-03 1.687055337242782116e-04 7.343444158323109150e-04 1.281276927329599857e-03 4.248769488185644150e-03 6.796604022383689880e-03 5.339963827282190323e-03 8.969513699412345886e-03 3.911694884300231934e-02 4.106931760907173157e-02 5.913962610065937042e-03 3.245214000344276428e-03
3.959843888878822327e-02 3.960952535271644592e-02 2.075697109103202820e-02 1.805770024657249451e-02 2.049600519239902496e-02 3.041616640985012054e-02 3.085456229746341705e-02 1.953029632568359375e-02 1.519664842635393143e-02 1.538612134754657745e-02 4.154329746961593628e-02 8.890350349247455597e-03 8.830582499504089355e-01 1.098461262881755829e-02 2.804390527307987213e-02 1.761797629296779633e-02 1.913699693977832794e-02 8.298269473016262054e-03 4.189067985862493515e-03 1.062425691634416580e-02 1.219441462308168411e-02 3.715736418962478638e-02 1.456520054489374161e-02 1.577116921544075012e-02 1.350977830588817596e-02 1.502720080316066742e-02 3.528383001685142517e-02 2.115462720394134521e-02 3.682067245244979858e-02 2.251782827079296112e-02 3.976516053080558777e-02 1.277554873377084732e-02 1.736846938729286194e-02 1.278749387711286545e-02 1.290252152830362320e-02 1.957658864557743073e-02 1.927145384252071381e-02 2.302294224500656128e-02 1.567783392965793610e-02 1.948787271976470947e-02 2.778888307511806488e-02 1.420810632407665253e-02 1.746824197471141815e-02 1.868559233844280243e-02 1.182498992420732975e-03 1.224224921315908432e-03 2.925288490951061249e-02 2.993039973080158234e-02 1.418586540967226028e-02 1.763056963682174683e-02 1.318981777876615524e-02 1.103523559868335724e-02 1.268377434462308884e-02 1.395307015627622604e-02 1.633490249514579773e-02 1.192486099898815155e-02 1.496211346238851547e-02 2.430711127817630768e-02 1.793073117733001709e-02 1.747348718345165253e-02 1.825995557010173798e-02 1.215947046875953674e-02 1.349594444036483765e-02 1.632139831781387329e-02 3.470348939299583435e-02 3.464606404304504395e-02 1.186170242726802826e-02 1.353428699076175690e-02 1.110824663192033768e-02 2.398281544446945190e-02 5.357708316296339035e-03 3.259040787816047668e-02 1.330404449254274368e-02 1.713252998888492584e-02 1.198747660964727402e-02 1.362289581447839737e-02 1.100098807364702225e-02 1.401569508016109467e-02 6.380997598171234131e-03 6.321711000055074692e-03 2.049856074154376984e-02 2.169896289706230164e-02 1.220255997031927109e-02 9.424148127436637878e-03 1.207775995135307312e-02 6.677382159978151321e-03 2.930315956473350525e-02 2.998515591025352478e-02 2.370753325521945953e-03 1.097340043634176254e-02 3.360759839415550232e-02 3.344294056296348572e-02 3.594805672764778137e-02 3.390185162425041199e-02 1.770899817347526550e-02 1.819651387631893158e-02 1.418740861117839813e-02 9.835506789386272430e-03 1.782402582466602325e-02 1.548879686743021011e-02 1.309009362012147903e-02 1.430582720786333084e-02 1.424094289541244507e-02 1.721552759408950806e-02 8.659540675580501556e-03 9.522681124508380890e-03 1.029059570282697678e-02 2.418199554085731506e-02 7.346658501774072647e-03 2.662331238389015198e-02 2.114089950919151306e-02 2.420702390372753143e-02 1.318741776049137115e-02 1.316253282129764557e-02 1.045406796038150787e-02 1.182335335761308670e-02
