8.352088928222656250e-01 3.582590445876121521e-02 9.507532231509685516e-03 9.703245013952255249e-03 1.576261129230260849e-03 1.588478684425354004e-02 1.278084050863981247e-02 1.015837024897336960e-02 8.251140243373811245e-04 5.719448439776897430e-03 4.879055917263031006e-02 1.250999607145786285e-02 4.462100565433502197e-02 1.059000496752560139e-03 3.512329608201980591e-02 2.366662770509719849e-02 2.133513242006301880e-02 3.842794802039861679e-03 1.583231613039970398e-02 4.776259418576955795e-03 9.880893863737583160e-03 3.418415039777755737e-02 9.200066328048706055e-03 9.902369230985641479e-03 1.781994104385375977e-02 2.667221613228321075e-02 1.817744225263595581e-02 1.839689357439056039e-04 4.613295197486877441e-02 2.069033915176987648e-03 2.405006438493728638e-02 1.539191510528326035e-02 1.866043545305728912e-02 8.225793950259685516e-03 2.872597984969615936e-02 2.844730950891971588e-02 2.937909401953220367e-02 1.802624017000198364e-02 6.089122965931892395e-03 3.590163541957736015e-03 1.783098652958869934e-02 1.580848172307014465e-02 3.456589207053184509e-02 1.730523630976676941e-02 6.914485711604356766e-04 1.186075154691934586e-02 3.956080600619316101e-02 3.789051249623298645e-02 1.348710339516401291e-02 2.288226224482059479e-02 2.208121493458747864e-02 8.979449979960918427e-03 2.678156085312366486e-02 2.428302168846130371e-02 1.345301512628793716e-02 1.379143632948398590e-02 1.294995751231908798e-02 2.446775883436203003e-02 2.374204806983470917e-02 1.667235232889652252e-02 2.042427472770214081e-02 2.247996861115098000e-03 3.008218668401241302e-02 2.080854587256908417e-02 3.858099877834320068e-02 3.960789740085601807e-02 7.968801073729991913e-03 8.216622285544872284e-03 2.296438999474048615e-02 1.282133907079696655e-02 2.015249431133270264e-02 1.448122505098581314e-02 1.298816315829753876e-02 9.590603411197662354e-03 8.132809773087501526e-03 8.186432532966136932e-03 7.955892011523246765e-03 1.513585448265075684e-02 1.291904971003532410e-02 9.854249656200408936e-03 1.411251537501811981e-02 6.023870781064033508e-03 9.546576999127864838e-03 8.708343957550823689e-04 1.688784547150135040e-02 1.526868809014558792e-02 2.481335960328578949e-02 2.098372392356395721e-02 7.477952633053064346e-03 4.820855800062417984e-03 4.180559515953063965e-02 2.589229121804237366e-02 3.237221017479896545e-02 2.696524932980537415e-02 3.007565438747406006e-02 1.700368709862232208e-02 1.546911336481571198e-02 1.378563139587640762e-02 1.397311128675937653e-02 1.881726272404193878e-02 3.899089246988296509e-02 3.170268610119819641e-02 1.124146766960620880e-02 1.499468181282281876e-02 1.565996371209621429e-02 1.092859636992216110e-02 3.807216137647628784e-02 1.380327530205249786e-02 8.267434313893318176e-03 1.861932687461376190e-02 1.138438005000352859e-02 1.972628571093082428e-02 1.753565296530723572e-02 2.532980963587760925e-02 1.646441221237182617e-02 8.739736513234674931e-04
3.582590445876121521e-02 8.352088928222656250e-01 1.138297840952873230e-02 1.669817417860031128e-02 3.611722495406866074e-03 4.059359431266784668e-02 4.310360178351402283e-02 8.316572755575180054e-03 7.570622954517602921e-03 8.182187564671039581e-03 2.300093881785869598e-02 8.883424103260040283e-03 4.018846899271011353e-02 2.689819969236850739e-02 2.619723044335842133e-02 2.687370032072067261e-02 3.417675942182540894e-02 6.719666533172130585e-03 2.369457157328724861e-03 1.463311910629272461e-02 2.689338475465774536e-02 2.294930629432201385e-02 2.035671845078468323e-02 3.077346831560134888e-02 9.586337953805923462e-03 1.756217330694198608e-02 5.922426469624042511e-03 7.576802279800176620e-03 5.314125679433345795e-03 7.271057460457086563e-03 5.395530723035335541e-03 2.411504276096820831e-02 1.856031268835067749e-02 3.051328472793102264e-02 2.106175757944583893e-02 2.147105149924755096e-02 3.068827651441097260e-02 1.546052563935518265e-02 4.915319848805665970e-03 1.343918405473232269e-02 6.030160933732986450e-03 1.026725210249423981e-02 1.138070132583379745e-02 3.324192715808749199e-03 1.630168594419956207e-02 1.105953287333250046e-02 2.592536620795726776e-02 7.170410826802253723e-03 7.728562690317630768e-03 1.932693086564540863e-02 1.769511960446834564e-02 2.572319284081459045e-02 6.046174559742212296e-03 2.760850079357624054e-02 6.130592664703726768e-04 1.178830675780773163e-02 1.503046788275241852e-02 2.077105082571506500e-02 2.687256410717964172e-02 2.854435518383979797e-02 1.594425365328788757e-02 1.575398608110845089e-03 2.090062573552131653e-02 6.355106364935636520e-03 2.000723406672477722e-02 2.405491285026073456e-02 2.578716352581977844e-02 2.437380142509937286e-02 1.623077318072319031e-02 1.967770047485828400e-03 2.325945161283016205e-02 1.912277005612850189e-02 5.586265586316585541e-03 2.255150175187736750e-04 9.237844496965408325e-03 1.422202214598655701e-02 7.728364784270524979e-03 2.411172352731227875e-02 3.061889670789241791e-02 5.259084515273571014e-03 2.822389453649520874e-02 1.589952036738395691e-02 1.327317021787166595e-02 7.751953322440385818e-03 5.246233660727739334e-03 2.382897771894931793e-02 2.643392607569694519e-02 3.836481645703315735e-02 1.560871675610542297e-02 7.494969293475151062e-03 4.741413053125143051e-03 8.448822423815727234e-03 1.656478643417358398e-02 2.523116767406463623e-03 8.100077509880065918e-03 1.495726872235536575e-02 9.595712181180715561e-04 4.375246819108724594e-03 5.210807546973228455e-03 3.622478991746902466e-02 1.830927282571792603e-02 1.988313905894756317e-02 1.067785639315843582e-02 4.668216221034526825e-03 4.574291873723268509e-03 2.366933412849903107e-02 1.939908787608146667e-02 7.674814667552709579e-03 1.243597269058227539e-02 8.256467990577220917e-03 2.489115856587886810e-02 6.626217626035213470e-03 2.258053980767726898e-03 1.640438102185726166e-02 1.702691614627838135e-02 1.212630327790975571e-02
9.507532231509685516e-03 1.138297840952873230e-02 8.352088928222656250e-01 1.642392016947269440e-03 3.252065798733383417e-04 5.286317784339189529e-03 3.868643892928957939e-03 3.473323956131935120e-02 4.924845881760120392e-03 3.904804820194840431e-03 5.798398517072200775e-03 1.253928616642951965e-02 1.283876365050673485e-03 1.807231805287301540e-03 3.625354263931512833e-03 1.203101244755089283e-03 2.352755982428789139e-03 6.921906024217605591e-03 1.332264952361583710e-02 5.439907312393188477e-03 2.309663966298103333e-02 9.269111789762973785e-03 1.352817844599485397e-02 3.448803350329399109e-02 6.108729168772697449e-03 4.672134760767221451e-03 4.498950671404600143e-03 1.808537542819976807e-02 6.126856431365013123e-03 3.020736016333103180e-02 1.252586860209703445e-02 1.665849424898624420e-02 8.493475615978240967e-03 8.814362809062004089e-03 9.986631572246551514e-03 6.143000908195972443e-03 8.312940597534179688e-03 7.352710235863924026e-03 4.838082822971045971e-04 7.781072519719600677e-03 1.761604566127061844e-03 9.225790388882160187e-03 4.850996658205986023e-03 4.185052603133954108e-05 8.528933976776897907e-04 4.938022699207067490e-03 4.619820043444633484e-03 2.849587239325046539e-03 8.303061127662658691e-03 1.023890683427453041e-03 1.901559531688690186e-02 1.689189858734607697e-02 6.210687104612588882e-03 1.176475454121828079e-02 1.754968077875673771e-03 1.167344860732555389e-02 4.599087405949831009e-03 1.811479218304157257e-02 3.105007857084274292e-02 2.694400772452354431e-02 2.318168617784976959e-02 2.350457385182380676e-02 8.186835795640945435e-03 2.047537453472614288e-02 1.952459476888179779e-02 9.801102802157402039e-03 1.051896065473556519e-02 2.369567938148975372e-02 2.039190195500850677e-02 2.681249007582664490e-02 2.704452537000179291e-02 2.677590399980545044e-02 9.012044407427310944e-03 4.550782218575477600e-02 1.473237294703722000e-02 2.750916033983230591e-02 3.820556215941905975e-03 1.512673869729042053e-02 1.316288206726312637e-02 2.640965394675731659e-03 5.981406942009925842e-02 5.376347154378890991e-02 1.100674830377101898e-02 1.174330152571201324e-02 1.271557249128818512e-02 3.914543427526950836e-03 3.614336252212524414e-02 3.083862923085689545e-02 1.591909560374915600e-03 5.800308659672737122e-03 5.779643077403306961e-03 2.642572217155247927e-04 5.396421183831989765e-04 4.907818511128425598e-03 1.822305610403418541e-03 1.513002067804336548e-02 1.826020143926143646e-02 1.150951720774173737e-02 1.423398964107036591e-03 1.804857980459928513e-03 3.463373985141515732e-03 5.050130654126405716e-03 7.132778875529766083e-03 1.512688025832176208e-02 4.437350202351808548e-03 3.243276104331016541e-02 1.945449039340019226e-04 1.184378936886787415e-02 1.553013827651739120e-02 4.876433871686458588e-03 9.372187778353691101e-03 1.671719364821910858e-02 1.359094120562076569e-02 5.724035669118165970e-03 1.666110381484031677e-02 4.401793703436851501e-03
9.703245013952255249e-03 1.669817417860031128e-02 1.642392016947269440e-03 8.352088928222656250e-01 5.548831075429916382e-02 3.227080032229423523e-02 3.311992064118385315e-02 4.652477800846099854e-03 2.600423060357570648e-02 9.360892698168754578e-03 1.479358226060867310e-02 1.069273333996534348e-02 6.412175949662923813e-03 2.654454670846462250e-02 3.102733520790934563e-03 1.483389548957347870e-02 8.518888615071773529e-03 2.934187650680541992e-02 3.132536634802818298e-02 2.389789931476116180e-02 2.195382863283157349e-02 1.950550940819084644e-03 1.094106305390596390e-02 1.704448834061622620e-02 1.225277688354253769e-02 8.016505278646945953e-03 1.968317292630672455e-02 1.840835437178611755e-02 2.373068220913410187e-02 4.989163484424352646e-03 2.631041966378688812e-02 2.484425716102123260e-02 1.130255497992038727e-02 3.950688987970352173e-02 8.540612645447254181e-03 3.291326807811856270e-03 5.508096655830740929e-04 9.279521182179450989e-03 1.255570258945226669e-02 1.113133598119020462e-02 2.053303830325603485e-02 1.721112430095672607e-02 5.378329195082187653e-03 1.235274504870176315e-02 1.001907791942358017e-02 2.220566757023334503e-02 6.631146650761365891e-03 1.481829956173896790e-02 1.637369976378977299e-03 1.651683077216148376e-02 9.026457555592060089e-03 1.705812476575374603e-02 1.500609796494245529e-02 3.559594973921775818e-03 2.360363578191027045e-04 7.610322907567024231e-03 3.360904380679130554e-02 1.056200638413429260e-02 2.285365946590900421e-02 8.904693648219108582e-03 3.591213002800941467e-02 1.795347034931182861e-02 2.884153649210929871e-02 2.306963130831718445e-02 1.660269312560558319e-02 1.971130631864070892e-02 2.187355421483516693e-02 2.887520194053649902e-02 2.163458801805973053e-02 1.491760462522506714e-02 1.698486134409904480e-02 2.053907327353954315e-02 3.072422370314598083e-02 1.211779844015836716e-02 2.300139702856540680e-02 1.685045845806598663e-02 3.431797400116920471e-02 1.401720847934484482e-02 1.788057945668697357e-02 1.169767137616872787e-02 1.133494544774293900e-03 1.042225677520036697e-02 4.719518497586250305e-02 2.915111184120178223e-02 6.314790342003107071e-03 3.176137804985046387e-02 4.220825154334306717e-03 2.589139156043529510e-03 4.240580648183822632e-02 1.974545791745185852e-02 2.100777998566627502e-02 3.238764838897623122e-05 6.148648913949728012e-03 1.181858032941818237e-02 1.419405266642570496e-02 1.923407427966594696e-02 1.808254048228263855e-02 7.223331835120916367e-03 2.137258416041731834e-03 1.196614187210798264e-02 9.414264932274818420e-03 3.173145931214094162e-03 2.237597107887268066e-02 3.394585801288485527e-03 1.576916873455047607e-02 5.171380005776882172e-03 7.426705211400985718e-03 3.683286905288696289e-02 5.629862425848841667e-04 3.209574520587921143e-02 3.498579142615199089e-03 7.475438527762889862e-03 6.907414644956588745e-03 1.191809773445129395e-02 1.082853972911834717e-02 1.924524432979524136e-03
1.576261129230260849e-03 3.611722495406866074e-03 3.252065798733383417e-04 5.548831075429916382e-02 8.352088928222656250e-01 4.611981566995382309e-03 6.844460964202880859e-03 1.903333328664302826e-02 4.937729798257350922e-03 2.132702432572841644e-02 5.469455849379301071e-03 9.221892803907394409e-03 2.286890288814902306e-03 9.700999595224857330e-03 1.183358719572424889e-03 1.107346359640359879e-02 2.086800150573253632e-02 9.102083742618560791e-03 4.481454938650131226e-02 1.597910933196544647e-02 1.505266223102807999e-02 7.637359201908111572e-03 1.957902871072292328e-02 1.014394778758287430e-02 2.165153808891773224e-02 1.136043947190046310e-02 6.039576604962348938e-03 2.783424966037273407e-02 4.139658529311418533e-03 3.267034143209457397e-02 1.591828092932701111e-02 1.824573986232280731e-02 2.239231206476688385e-02 1.197115704417228699e-02 1.589123345911502838e-02 1.221848838031291962e-02 1.351240184158086777e-02 2.401203848421573639e-02 3.404281660914421082e-02 1.864828728139400482e-02 2.088007284328341484e-03 1.318647339940071106e-02 1.510487776249647141e-02 3.652690211310982704e-03 1.596684940159320831e-02 1.095104031264781952e-03 1.172222476452589035e-02 9.228381328284740448e-03 2.597897872328758240e-02 2.141701988875865936e-02 2.025440149009227753e-02 4.607478622347116470e-03 9.743955917656421661e-03 1.327585801482200623e-02 3.087231889367103577e-02 2.387850359082221985e-02 2.489194739609956741e-04 2.547733858227729797e-02 2.368360012769699097e-02 2.129295840859413147e-02 2.441491559147834778e-02 3.543312847614288330e-02 2.667662315070629120e-02 3.122108429670333862e-02 2.247501863166689873e-03 1.000529900193214417e-02 1.800618693232536316e-02 2.793983370065689087e-02 2.539518475532531738e-02 1.311633922159671783e-02 3.242473304271697998e-02 5.963995587080717087e-03 3.903500363230705261e-02 1.537942513823509216e-02 4.382652789354324341e-02 1.084126345813274384e-02 4.040362779051065445e-03 2.907393127679824829e-02 3.572449204511940479e-04 3.690437600016593933e-02 1.658305758610367775e-03 1.709959283471107483e-02 3.068985603749752045e-02 4.559100419282913208e-02 1.929152570664882660e-02 2.825093641877174377e-02 3.667855402454733849e-03 2.445188583806157112e-03 2.652423828840255737e-02 4.660066962242126465e-02 2.975056413561105728e-03 1.565014757215976715e-02 1.268444000743329525e-03 1.038022246211767197e-02 1.407932583242654800e-02 4.950574599206447601e-03 2.641574293375015259e-02 1.747678034007549286e-02 1.338728051632642746e-02 1.294507365673780441e-02 3.373906482011079788e-03 9.810632327571511269e-04 3.206309676170349121e-02 1.971561647951602936e-02 1.569186151027679443e-02 6.693408940918743610e-04 6.956636440008878708e-03 7.213446777313947678e-03 1.295815408229827881e-02 2.157877944409847260e-02 1.516594178974628448e-02 1.167677063494920731e-02 1.306042727082967758e-02 1.159174088388681412e-02 8.556867018342018127e-03 2.157078683376312256e-02
1.588478684425354004e-02 4.059359431266784668e-02 5.286317784339189529e-03 3.227080032229423523e-02 4.611981566995382309e-03 8.352088928222656250e-01 7.005708664655685425e-02 5.035593640059232712e-03 2.906408347189426422e-02 1.061523682437837124e-03 9.844870306551456451e-03 3.410710394382476807e-02 6.111864000558853149e-03 5.513144284486770630e-02 3.644845914095640182e-03 3.939091786742210388e-02 3.883283212780952454e-02 1.846870221197605133e-02 2.464297413825988770e-02 5.666986573487520218e-03 2.611174248158931732e-03 4.034670069813728333e-03 1.731589064002037048e-02 2.487239241600036621e-02 9.311641915701329708e-04 4.906831309199333191e-03 2.174229733645915985e-02 1.431534765288233757e-03 4.108749330043792725e-03 8.968207985162734985e-03 9.270174428820610046e-03 1.139022968709468842e-02 8.384552202187478542e-04 2.703745476901531219e-02 1.244308799505233765e-02 6.589823402464389801e-03 5.048851016908884048e-03 4.239292349666357040e-03 8.429361507296562195e-03 2.369525656104087830e-02 2.083566412329673767e-02 2.912035584449768066e-02 1.815833966247737408e-03 1.982827438041567802e-03 1.975808478891849518e-02 2.034672908484935760e-02 4.563972726464271545e-02 1.619787700474262238e-02 1.638546399772167206e-02 2.269325591623783112e-02 3.864819183945655823e-03 1.345753949135541916e-02 2.612603595480322838e-03 5.174519028514623642e-03 1.400583982467651367e-02 8.593012578785419464e-03 2.267403341829776764e-02 1.470233965665102005e-02 1.495206356048583984e-02 3.787836758419871330e-03 1.806329935789108276e-02 2.150031970813870430e-03 1.549852732568979263e-02 1.699997344985604286e-03 2.671370515599846840e-03 3.893393557518720627e-03 1.565461233258247375e-02 9.019881486892700195e-03 3.342862008139491081e-03 2.069867402315139771e-02 1.721592620015144348e-02 2.613952383399009705e-02 1.930310390889644623e-03 1.089644618332386017e-02 9.027984924614429474e-03 1.588762365281581879e-02 2.566923946142196655e-02 9.321592748165130615e-03 2.845089510083198547e-02 3.232369199395179749e-03 4.316402133554220200e-03 1.152644958347082138e-02 2.816283702850341797e-02 2.021974325180053711e-02 4.349635448306798935e-03 1.833329536020755768e-02 4.506381228566169739e-03 1.078416313976049423e-02 1.025113277137279510e-02 1.342381536960601807e-02 1.115361601114273071e-02 1.291151903569698334e-02 1.916758716106414795e-02 2.029521018266677856e-02 1.205949485301971436e-02 2.064644545316696167e-02 1.636646501719951630e-02 9.138444438576698303e-03 2.453120052814483643e-02 1.482174452394247055e-02 5.228355992585420609e-03 3.694025101140141487e-03 2.071653306484222412e-02 4.851751029491424561e-03 5.225338507443666458e-03 1.723602227866649628e-02 8.564772433601319790e-04 2.831852436065673828e-02 5.938107613474130630e-03 2.017253823578357697e-02 1.389084290713071823e-02 3.468596842139959335e-03 1.716942526400089264e-02 1.347639691084623337e-02 1.527390722185373306e-02 1.703132502734661102e-02
1.278084050863981247e-02 4.310360178351402283e-02 3.868643892928957939e-03 3.311992064118385315e-02 6.844460964202880859e-03 7.005708664655685425e-02 8.352088928222656250e-01 2.256405167281627655e-02 1.335839461535215378e-02 1.351103559136390686e-02 4.888996481895446777e-03 6.823391187936067581e-03 1.533432211726903915e-02 2.632904052734375000e-02 1.120721641927957535e-02 4.174863174557685852e-02 3.784584254026412964e-02 2.249892335385084152e-03 1.179359271191060543e-03 3.536120802164077759e-02 7.911410182714462280e-03 1.626308821141719818e-02 9.521045722067356110e-04 2.501362375915050507e-02 3.913801163434982300e-03 2.346702822251245379e-04 5.092736799269914627e-03 3.060738742351531982e-02 3.444449976086616516e-03 6.399337667971849442e-03 3.898321418091654778e-03 3.132515028119087219e-02 3.956714645028114319e-03 4.392097890377044678e-02 4.352837859187275171e-04 1.515769585967063904e-02 2.228525094687938690e-02 9.243382140994071960e-03 4.294588230550289154e-03 2.041655220091342926e-02 1.641582138836383820e-02 2.178796753287315369e-02 3.177021164447069168e-03 5.133375525474548340e-03 1.605779863893985748e-02 1.214123237878084183e-02 4.821137338876724243e-02 3.241981938481330872e-02 8.365086279809474945e-03 3.237618878483772278e-02 1.495036180131137371e-03 1.312422659248113632e-02 1.194611750543117523e-02 2.471427898854017258e-03 4.530450794845819473e-03 1.557956263422966003e-02 3.128293901681900024e-02 2.426217077299952507e-03 1.336989086121320724e-02 4.128100350499153137e-03 2.024791948497295380e-02 1.376941334456205368e-02 1.116398023441433907e-03 2.011840417981147766e-02 9.265967644751071930e-03 8.604483678936958313e-03 2.983357943594455719e-02 2.024201303720474243e-02 2.970076398923993111e-03 2.811931306496262550e-03 1.205656956881284714e-02 2.132097445428371429e-02 1.718631386756896973e-02 5.015854258090257645e-03 2.290419768542051315e-03 1.444805040955543518e-02 1.946148835122585297e-02 1.231199968606233597e-02 2.698136121034622192e-02 1.349974796175956726e-02 2.007208578288555145e-02 8.774173329584300518e-05 2.772468328475952148e-02 9.740982204675674438e-03 5.943676922470331192e-03 3.104667551815509796e-02 1.165775023400783539e-02 2.332321554422378540e-02 3.190363198518753052e-02 2.505440264940261841e-03 1.327549293637275696e-02 1.141401939094066620e-02 2.244661562144756317e-02 2.080793026834726334e-03 1.883296296000480652e-02 3.888918459415435791e-02 2.572026103734970093e-02 3.220482030883431435e-03 1.600264944136142731e-02 1.660296879708766937e-02 1.547247637063264847e-02 1.426871214061975479e-02 2.005098573863506317e-02 9.555982425808906555e-03 4.423865117132663727e-03 1.602911949157714844e-02 1.448395289480686188e-02 2.795924432575702667e-02 2.173563651740550995e-02 1.030300091952085495e-02 9.263373911380767822e-03 6.474196910858154297e-03 9.648078121244907379e-03 2.572820521891117096e-03 5.307326093316078186e-03 1.861081272363662720e-02
1.015837024897336960e-02 8.316572755575180054e-03 3.473323956131935120e-02 4.652477800846099854e-03 1.903333328664302826e-02 5.035593640059232712e-03 2.256405167281627655e-02 8.352088928222656250e-01 5.252378061413764954e-03 1.978632807731628418e-02 1.346510834991931915e-02 8.607555180788040161e-03 2.858665212988853455e-02 3.555930452421307564e-03 5.239773169159889221e-02 1.121235638856887817e-02 7.368104998022317886e-03 9.370798943564295769e-04 1.775205507874488831e-02 2.654472738504409790e-02 3.388186218217015266e-03 3.573777154088020325e-02 1.721232198178768158e-02 4.680609330534934998e-03 3.385887248441576958e-03 4.448083229362964630e-03 1.279803924262523651e-02 1.745093381032347679e-03 1.176477223634719849e-02 2.187854610383510590e-02 5.444753915071487427e-03 2.184459380805492401e-02 1.688200165517628193e-03 3.019767999649047852e-02 3.185405628755688667e-03 3.094047866761684418e-02 4.415805265307426453e-02 4.236618056893348694e-03 1.118436083197593689e-02 3.813603520393371582e-02 1.021354552358388901e-02 8.131930604577064514e-03 2.882380795199424028e-04 3.966556861996650696e-03 8.277694694697856903e-03 1.067105121910572052e-02 1.087226718664169312e-02 2.135682292282581329e-02 1.756750978529453278e-03 6.308695767074823380e-03 6.743264384567737579e-03 1.055670809000730515e-02 4.557973705232143402e-03 2.924375794827938080e-02 2.859633823391050100e-04 2.100416226312518120e-03 1.081698108464479446e-03 4.447142593562602997e-03 1.958716847002506256e-02 2.967629581689834595e-02 8.557061664760112762e-03 1.780165731906890869e-02 1.476836157962679863e-03 8.851758902892470360e-04 1.535545941442251205e-02 2.097284235060214996e-02 1.668265834450721741e-02 1.329105906188488007e-02 1.097719650715589523e-02 4.405503161251544952e-03 8.383669890463352203e-03 1.111925952136516571e-02 4.080940037965774536e-03 2.412342932075262070e-03 5.807831417769193649e-03 1.507190149277448654e-02 1.999193243682384491e-02 9.780469350516796112e-03 8.551911450922489166e-03 1.552594359964132309e-02 5.269933491945266724e-02 4.658231884241104126e-02 7.407268509268760681e-03 2.368446998298168182e-02 2.377235330641269684e-03 3.433483885601162910e-03 4.543054476380348206e-02 4.510389268398284912e-02 9.315990027971565723e-04 1.404113322496414185e-02 3.163434332236647606e-03 1.566613465547561646e-02 5.744624417275190353e-03 1.095544360578060150e-02 1.525680162012577057e-02 2.293106727302074432e-02 2.741545438766479492e-03 9.784124791622161865e-03 1.296819187700748444e-02 1.268298085778951645e-02 2.781872451305389404e-02 4.778857156634330750e-02 3.563995007425546646e-03 5.535533186048269272e-03 1.292383763939142227e-02 2.749456278979778290e-02 2.745253033936023712e-02 1.024034433066844940e-02 6.727399677038192749e-02 3.992849029600620270e-03 1.049232482910156250e-02 4.088236484676599503e-03 6.987612694501876831e-03 9.255685290554538369e-05 2.567401621490716934e-03 1.813767664134502411e-02
8.251140243373811245e-04 7.570622954517602921e-03 4.924845881760120392e-03 2.600423060357570648e-02 4.937729798257350922e-03 2.906408347189426422e-02 1.335839461535215378e-02 5.252378061413764954e-03 8.352088928222656250e-01 4.308990389108657837e-02 6.629470735788345337e-03 1.776867662556469440e-03 4.981937818229198456e-03 2.300688624382019043e-02 2.291369950398802757e-03 1.383418403565883636e-02 1.947816647589206696e-02 3.406691551208496094e-02 1.956878602504730225e-02 7.081238552927970886e-03 8.381543681025505066e-03 1.003107172437012196e-03 3.455281257629394531e-03 6.745070684701204300e-03 8.354302495718002319e-03 2.544502727687358856e-03 1.953665539622306824e-02 2.424261718988418579e-02 3.057871013879776001e-03 3.040591813623905182e-02 8.896412327885627747e-03 9.647371247410774231e-03 2.424598857760429382e-02 2.205030433833599091e-02 2.339447289705276489e-02 2.067657932639122009e-02 1.385721936821937561e-02 2.775127999484539032e-03 1.140478346496820450e-02 2.550461702048778534e-02 2.507442235946655273e-02 3.815568238496780396e-02 8.675282821059226990e-03 1.591255329549312592e-02 2.490551210939884186e-02 9.592239744961261749e-03 2.332749776542186737e-03 2.304686000570654869e-03 2.937677875161170959e-02 7.210754323750734329e-03 1.536626182496547699e-02 6.524739321321249008e-03 7.307755760848522186e-03 2.540825307369232178e-02 5.403435975313186646e-02 3.611661121249198914e-02 3.281493857502937317e-02 1.433611009269952774e-02 9.340970776975154877e-03 1.686169207096099854e-02 1.387556828558444977e-02 6.377766374498605728e-03 2.460365556180477142e-02 1.411997480317950249e-03 5.741717759519815445e-03 1.165290828794240952e-03 1.354741305112838745e-02 5.874195601791143417e-03 1.483994722366333008e-02 1.856386847794055939e-02 1.429632189683616161e-03 7.608568295836448669e-03 1.313527394086122513e-02 5.720424931496381760e-03 2.025866135954856873e-02 4.939390346407890320e-03 8.364293724298477173e-02 2.066823095083236694e-02 4.281399026513099670e-02 1.398057397454977036e-02 2.329782955348491669e-02 1.369301415979862213e-02 3.702663630247116089e-02 2.137930877506732941e-02 7.206317968666553497e-03 6.835189182311296463e-03 1.039861328899860382e-02 1.717233331874012947e-03 1.742614619433879852e-02 2.133410191163420677e-03 1.661259494721889496e-02 9.930972941219806671e-03 2.902992302551865578e-03 2.223402634263038635e-02 2.288243547081947327e-02 1.396867330186069012e-03 1.857712678611278534e-02 1.916683861054480076e-03 6.136040389537811279e-02 3.134047985076904297e-02 9.071386419236660004e-03 2.127107232809066772e-03 2.855270542204380035e-02 8.991725742816925049e-03 4.335961770266294479e-03 2.268429286777973175e-02 1.853718981146812439e-02 1.266773696988821030e-02 3.977603744715452194e-03 2.154425717890262604e-03 6.151648238301277161e-03 5.291735753417015076e-03 3.463600529357790947e-03 2.004649722948670387e-03 5.683013703674077988e-03 6.452291272580623627e-03
5.719448439776897430e-03 8.182187564671039581e-03 3.904804820194840431e-03 9.360892698168754578e-03 2.132702432572841644e-02 1.061523682437837124e-03 1.351103559136390686e-02 1.978632807731628418e-02 4.308990389108657837e-02 8.352088928222656250e-01 5.708194337785243988e-03 1.703685894608497620e-02 1.199292164528742433e-04 4.795242566615343094e-03 1.045724377036094666e-02 2.096513472497463226e-02 2.513138204813003540e-02 3.831264562904834747e-03 3.022332116961479187e-02 2.452800050377845764e-02 2.737062284722924232e-03 2.616015844978392124e-04 3.109532408416271210e-04 1.240278314799070358e-02 1.736686564981937408e-02 1.006682775914669037e-02 1.011386513710021973e-02 4.208240192383527756e-03 7.725186645984649658e-03 1.782392896711826324e-02 5.753049044869840145e-04 1.940361596643924713e-02 5.918126553297042847e-03 1.054086070507764816e-02 7.108480203896760941e-03 6.385903805494308472e-03 1.857106573879718781e-02 2.708872966468334198e-02 1.229776814579963684e-02 8.299649693071842194e-03 5.953700747340917587e-03 1.142843160778284073e-03 9.401619317941367626e-04 8.626611903309822083e-03 2.635325118899345398e-02 7.361335214227437973e-03 2.711369190365076065e-03 8.610056713223457336e-03 1.577710499987006187e-03 2.138659358024597168e-02 6.900553125888109207e-03 9.312339127063751221e-03 8.131806971505284309e-04 1.361067779362201691e-02 1.572195254266262054e-02 3.956005722284317017e-02 4.102685954421758652e-03 1.686639711260795593e-02 2.763502113521099091e-02 4.772201180458068848e-03 1.119816582649946213e-02 3.946645557880401611e-02 9.671935811638832092e-03 1.011503208428621292e-02 5.949692334979772568e-03 8.768913103267550468e-04 2.028176793828606606e-03 3.424008609727025032e-03 3.110103681683540344e-02 2.021577581763267517e-02 4.000970348715782166e-02 2.898631989955902100e-02 1.814453862607479095e-03 9.758242405951023102e-03 7.996003143489360809e-03 3.494701161980628967e-02 3.136388957500457764e-02 6.354964524507522583e-02 1.111782155930995941e-02 6.041855737566947937e-02 1.977601647377014160e-02 7.520500104874372482e-03 6.786833982914686203e-03 3.297290205955505371e-02 1.027331221848726273e-03 1.489937212318181992e-02 7.945700548589229584e-03 1.430642418563365936e-02 1.919462718069553375e-02 4.532916098833084106e-02 1.193947507999837399e-03 7.292725145816802979e-03 1.007167994976043701e-02 2.533950610086321831e-03 3.599260747432708740e-02 1.640981808304786682e-02 1.655500195920467377e-02 2.587173506617546082e-02 3.170432522892951965e-02 2.700252830982208252e-02 1.619745977222919464e-02 1.790030300617218018e-02 3.963481262326240540e-02 2.820106036961078644e-02 1.560333557426929474e-02 4.925471264868974686e-03 2.376171387732028961e-02 2.732172980904579163e-02 2.881533652544021606e-02 1.098323706537485123e-02 6.696603726595640182e-03 2.471009828150272369e-02 1.180647779256105423e-02 1.605682633817195892e-02 1.885176822543144226e-02 4.420524835586547852e-02
4.879055917263031006e-02 2.300093881785869598e-02 5.798398517072200775e-03 1.479358226060867310e-02 5.469455849379301071e-03 9.844870306551456451e-03 4.888996481895446777e-03 1.346510834991931915e-02 6.629470735788345337e-03 5.708194337785243988e-03 8.352088928222656250e-01 1.743216440081596375e-02 4.761475324630737305e-02 1.194085367023944855e-02 4.114011302590370178e-02 9.114879183471202850e-03 5.179598461836576462e-03 8.552522398531436920e-03 1.746078953146934509e-02 5.892494227737188339e-03 6.690322887152433395e-03 3.750395029783248901e-02 1.378299854695796967e-02 1.084571983665227890e-02 1.321195252239704132e-02 2.235875464975833893e-02 2.645934186875820160e-02 3.764461725950241089e-03 3.921605274081230164e-02 8.487303741276264191e-03 2.031573839485645294e-02 1.502969861030578613e-02 1.105235703289508820e-02 2.680961275473237038e-03 2.545244060456752777e-02 2.642520144581794739e-02 2.627186477184295654e-02 2.603857032954692841e-02 1.296297530643641949e-03 1.625849690753966570e-04 2.749953232705593109e-02 1.800126954913139343e-02 3.346503525972366333e-02 2.013286203145980835e-02 7.115497253835201263e-03 1.555036287754774094e-02 2.941535040736198425e-02 2.806050144135951996e-02 2.145807445049285889e-02 1.971115358173847198e-02 3.142438456416130066e-02 1.389467529952526093e-02 2.873703278601169586e-02 2.864360623061656952e-02 1.768264919519424438e-02 1.293370220810174942e-02 1.836870424449443817e-02 1.363494340330362320e-02 2.144905552268028259e-02 2.046843059360980988e-02 1.506615243852138519e-02 9.851056151092052460e-03 2.643762156367301941e-02 2.199357375502586365e-02 4.494040086865425110e-02 4.120412841439247131e-02 5.761441774666309357e-03 1.042661443352699280e-02 1.450556609779596329e-02 1.650667563080787659e-02 3.931086510419845581e-03 2.360160090029239655e-02 1.015105843544006348e-02 6.458210758864879608e-03 9.182213107123970985e-04 1.547426730394363403e-02 1.163397263735532761e-02 9.801768464967608452e-04 2.513248939067125320e-03 2.053251862525939941e-02 2.017889358103275299e-02 6.834185682237148285e-03 1.812008582055568695e-02 3.645054064691066742e-03 1.642803475260734558e-02 9.634123183786869049e-03 3.972955793142318726e-02 2.620900981128215790e-02 2.099603589158505201e-04 2.047453634440898895e-02 3.591568768024444580e-02 3.475524112582206726e-02 2.321264520287513733e-02 3.204439952969551086e-02 1.809481717646121979e-02 1.159171108156442642e-02 1.305894181132316589e-02 1.571363396942615509e-02 1.821641996502876282e-02 1.730698533356189728e-02 3.026469238102436066e-02 2.730332687497138977e-02 1.613390445709228516e-02 1.701396703720092773e-02 1.504020486027002335e-02 1.743692345917224884e-02 2.757606841623783112e-02 2.684724889695644379e-02 7.390620652586221695e-03 2.161133661866188049e-02 9.839965961873531342e-03 3.422671183943748474e-02 1.413979288190603256e-02 3.262469917535781860e-02 2.076437883079051971e-02 6.586606148630380630e-03
1.250999607145786285e-02 8.883424103260040283e-03 1.253928616642951965e-02 1.069273333996534348e-02 9.221892803907394409e-03 3.410710394382476807e-02 6.823391187936067581e-03 8.607555180788040161e-03 1.776867662556469440e-03 1.703685894608497620e-02 1.743216440081596375e-02 8.352088928222656250e-01 3.146421164274215698e-02 6.953337788581848145e-02 1.629408076405525208e-02 8.828499354422092438e-03 1.050015538930892944e-02 2.511518774554133415e-03 2.916690148413181305e-02 2.741184644401073456e-02 1.676869206130504608e-02 9.525397792458534241e-03 5.172568187117576599e-02 2.917430549860000610e-02 5.819570738822221756e-03 1.795920915901660919e-02 1.261345669627189636e-02 3.661379218101501465e-02 2.736214362084865570e-02 5.162238143384456635e-03 4.485993832349777222e-02 6.613906938582658768e-03 2.056304737925529480e-02 1.848884485661983490e-02 1.610229723155498505e-02 2.094289474189281464e-02 2.733860909938812256e-02 1.131000369787216187e-02 1.853718422353267670e-03 1.154301874339580536e-02 6.119296886026859283e-03 3.800679231062531471e-03 9.712975472211837769e-03 4.439997021108865738e-03 3.178143128752708435e-02 1.029450353235006332e-02 3.662622999399900436e-03 2.845631912350654602e-02 1.740466104820370674e-03 5.726010538637638092e-03 1.040903106331825256e-02 2.023818902671337128e-02 9.616903960704803467e-03 1.787646906450390816e-04 6.236267741769552231e-03 6.670469418168067932e-03 9.922584285959601402e-04 5.379310809075832367e-03 1.238709036260843277e-02 1.715413527563214302e-03 2.261493355035781860e-02 2.743335440754890442e-02 1.031135208904743195e-02 1.407536864280700684e-02 1.262124814093112946e-02 3.041102550923824310e-02 1.157125458121299744e-02 1.560731977224349976e-02 2.169220149517059326e-02 2.165346592664718628e-02 1.535193435847759247e-02 1.190029550343751907e-02 3.502800595015287399e-03 9.314331226050853729e-03 1.010433305054903030e-02 5.804770626127719879e-03 5.503468681126832962e-03 8.842700161039829254e-03 3.553162142634391785e-02 2.645079221110790968e-04 1.170729659497737885e-02 1.172756217420101166e-02 3.038274298887699842e-04 4.083248786628246307e-03 1.517055835574865341e-02 1.154577918350696564e-02 1.184323243796825409e-02 4.942045547068119049e-03 3.619595989584922791e-02 9.466881863772869110e-03 1.429305970668792725e-02 2.463463693857192993e-02 1.231432612985372543e-02 2.500728517770767212e-02 1.283386809518560767e-04 5.438728258013725281e-03 4.435825685504823923e-04 9.042153134942054749e-03 8.933803183026611805e-04 9.400438517332077026e-03 5.138596054166555405e-03 1.852021366357803345e-02 4.241635091602802277e-03 3.254770417697727680e-04 6.165006663650274277e-03 7.004320621490478516e-03 1.354161836206912994e-02 5.561672151088714600e-04 2.881036326289176941e-02 1.769348978996276855e-02 1.931837759912014008e-02 2.382841147482395172e-02 1.162655837833881378e-02 1.686410605907440186e-02 4.350883886218070984e-02 1.810893788933753967e-02
4.462100565433502197e-02 4.018846899271011353e-02 1.283876365050673485e-03 6.412175949662923813e-03 2.286890288814902306e-03 6.111864000558853149e-03 1.533432211726903915e-02 2.858665212988853455e-02 4.981937818229198456e-03 1.199292164528742433e-04 4.761475324630737305e-02 3.146421164274215698e-02 8.352088928222656250e-01 1.158389262855052948e-02 4.777951538562774658e-02 1.213876623660326004e-02 1.064622215926647186e-02 1.071628835052251816e-02 3.978816675953567028e-04 1.024339068681001663e-02 1.415589172393083572e-02 4.300602525472640991e-02 3.431915538385510445e-03 9.303014725446701050e-03 1.349430065602064133e-02 2.165534161031246185e-02 1.571905426681041718e-02 6.411323323845863342e-03 2.954834513366222382e-02 2.743795048445463181e-03 2.787752449512481689e-02 2.399223111569881439e-02 2.059120871126651764e-02 2.187029272317886353e-02 2.832769043743610382e-02 2.909243479371070862e-02 3.636988252401351929e-02 1.971101388335227966e-02 2.966892207041382790e-03 1.313484460115432739e-02 7.973127998411655426e-03 1.211431901901960373e-02 2.928765863180160522e-02 1.468374859541654587e-02 3.439345862716436386e-03 3.930094186216592789e-03 3.203562274575233459e-02 3.124781884253025055e-02 1.411836408078670502e-02 1.910612732172012329e-02 2.256703376770019531e-02 9.951245971024036407e-03 2.167127653956413269e-02 2.875758334994316101e-02 1.101396605372428894e-02 1.115102134644985199e-02 9.365983307361602783e-03 1.385888736695051193e-02 1.890358328819274902e-02 2.338395640254020691e-02 2.297810465097427368e-02 9.771700017154216766e-03 2.598906494677066803e-02 1.788757368922233582e-02 3.725717961788177490e-02 4.538496583700180054e-02 1.903675682842731476e-02 1.861340180039405823e-02 1.321308873593807220e-02 2.295085694640874863e-03 1.223162282258272171e-02 1.022716332226991653e-02 1.111391652375459671e-02 2.799773588776588440e-03 4.463333170861005783e-03 5.657322704792022705e-03 5.488664843142032623e-03 5.055538844317197800e-03 1.744000799953937531e-02 1.585486717522144318e-02 2.686930075287818909e-02 7.693426217883825302e-03 1.055141445249319077e-02 1.208508620038628578e-03 2.177626639604568481e-02 1.208896841853857040e-02 3.906963020563125610e-02 3.719339892268180847e-02 9.095633402466773987e-03 1.349989417940378189e-02 3.035389259457588196e-02 2.749620936810970306e-02 2.772337570786476135e-02 3.153011202812194824e-02 1.133240479975938797e-02 1.344956364482641220e-02 7.367475423961877823e-03 8.760674856603145599e-03 5.340478383004665375e-03 1.543933246284723282e-02 3.202222660183906555e-02 3.817059099674224854e-02 1.121262460947036743e-02 9.472754783928394318e-03 1.706756278872489929e-02 1.762467995285987854e-02 3.025385178625583649e-02 1.447258982807397842e-02 3.168777748942375183e-02 8.927643299102783203e-03 1.745969522744417191e-03 1.124129537492990494e-02 2.016696892678737640e-02 3.174373507499694824e-02 1.146713923662900925e-02 4.354178905487060547e-03
