8.488663434982299805e-01 9.197985380887985229e-02 2.222844399511814117e-02 3.187597030773758888e-03 1.285136095248162746e-03 7.754564285278320312e-02 6.056596711277961731e-02 1.646076701581478119e-02 8.682129904627799988e-03 1.260444615036249161e-02 4.482948780059814453e-02 2.456084080040454865e-02 5.653071030974388123e-02 2.925603464245796204e-02 1.827877201139926910e-02 1.242891699075698853e-02 2.156194113194942474e-02 9.719600901007652283e-03 1.288381591439247131e-02 1.804419443942606449e-03 4.751921165734529495e-03 1.191249024122953415e-02 1.278530107811093330e-03 6.757940631359815598e-03 6.413757801055908203e-03 5.645771510899066925e-03 1.861270144581794739e-02 1.056375447660684586e-02 2.941320277750492096e-02 1.075623836368322372e-02 2.343251928687095642e-02 4.457292146980762482e-03 1.380075607448816299e-02 3.247739747166633606e-03 7.391475955955684185e-04 5.545267835259437561e-03 2.502464340068399906e-04 2.954333554953336716e-03 3.567201318219304085e-03 6.473015062510967255e-03 1.443380676209926605e-02 3.439861116930842400e-03 1.378218270838260651e-02 7.568823639303445816e-03 1.848292909562587738e-02 1.851495727896690369e-02 5.835487321019172668e-02 5.289187654852867126e-02 1.212742924690246582e-02 2.466527977958321571e-03 1.455898862332105637e-02 5.735510494560003281e-03 1.419924432411789894e-03 2.134165260940790176e-03 2.501057693734765053e-03 9.785296395421028137e-03 8.853652514517307281e-03 1.303411833941936493e-02 8.239827118813991547e-03 3.459505969658493996e-03 2.297695958986878395e-03 1.635420881211757660e-02 8.099994738586246967e-04 1.117890048772096634e-02 1.997628994286060333e-02 1.874290965497493744e-02 9.821916464716196060e-04 9.577869437634944916e-03 1.130715012550354004e-02 1.784619130194187164e-02 2.670355327427387238e-02 2.064911834895610809e-02 2.901501720771193504e-03 1.718178763985633850e-02 5.820264574140310287e-03 1.748238317668437958e-02 1.187722478061914444e-02 1.664074510335922241e-02 6.272397469729185104e-03 1.228881068527698517e-03 5.795010365545749664e-03 2.558108826633542776e-05 9.387754835188388824e-03 9.773653000593185425e-03 1.756181754171848297e-02 1.325387414544820786e-02 2.331448486074805260e-03 1.031615585088729858e-02 6.640958599746227264e-03 1.070878561586141586e-02 4.740271717309951782e-02 1.304853335022926331e-02 3.973460942506790161e-02 1.900566741824150085e-02 7.974823936820030212e-03 6.942419800907373428e-03 5.425931885838508606e-03 1.578602939844131470e-02 7.569967769086360931e-03 1.002555713057518005e-02 2.403180487453937531e-02 9.713664650917053223e-03 7.725438568741083145e-03 1.010478660464286804e-02 6.043793167918920517e-03 2.106044627726078033e-02 9.599776007235050201e-03 4.621957428753376007e-03 6.743390578776597977e-03 3.360954578965902328e-03 1.875144988298416138e-02 2.267351746559143066e-02 7.407115306705236435e-03 1.573142036795616150e-02 2.418665029108524323e-02 2.648783847689628601e-02
9.197985380887985229e-02 8.488663434982299805e-01 2.210580743849277496e-02 2.068891422823071480e-03 5.163746885955333710e-03 8.652264624834060669e-02 7.765419781208038330e-02 1.494726818054914474e-02 2.994367619976401329e-03 5.549462977796792984e-03 5.443600565195083618e-02 1.898483000695705414e-02 7.272096723318099976e-02 3.243403509259223938e-02 2.164363674819469452e-02 3.196469973772764206e-03 3.768666647374629974e-03 1.474838005378842354e-03 3.566761733964085579e-03 2.559133572503924370e-03 2.940454054623842239e-03 1.644375175237655640e-02 1.254822406917810440e-02 3.881534561514854431e-03 4.505275283008813858e-03 5.255692172795534134e-03 1.203447487205266953e-02 6.701491656713187695e-04 2.001018635928630829e-02 3.594911424443125725e-03 2.550636045634746552e-02 5.859804805368185043e-03 1.879962906241416931e-02 5.016714567318558693e-04 1.040332717821002007e-03 2.479657530784606934e-03 1.027858816087245941e-02 2.894503064453601837e-03 1.011728681623935699e-02 1.570063270628452301e-02 1.491300854831933975e-02 1.080176979303359985e-02 1.545756589621305466e-02 4.315740428864955902e-03 1.943280920386314392e-02 1.773913390934467316e-02 6.948453187942504883e-02 6.624845415353775024e-02 1.155373174697160721e-02 7.880806922912597656e-03 2.424831688404083252e-02 9.554293937981128693e-03 3.957546781748533249e-03 6.214855704456567764e-03 8.354692719876766205e-03 1.245116582140326500e-03 1.525808358564972878e-03 3.713215701282024384e-03 1.115615013986825943e-02 6.564187351614236832e-03 5.556449759751558304e-03 1.847064588218927383e-03 3.810692578554153442e-03 8.489097468554973602e-03 2.126752398908138275e-02 2.270070277154445648e-02 1.656384672969579697e-03 2.405059523880481720e-03 8.600185625255107880e-03 3.737275721505284309e-03 6.000164430588483810e-03 8.688056841492652893e-03 3.922406118363142014e-03 2.524729585275053978e-03 3.997527819592505693e-04 9.353960864245891571e-03 2.848301315680146217e-03 4.095038864761590958e-03 2.380031626671552658e-03 1.687363907694816589e-02 6.061781197786331177e-03 6.534993881359696388e-04 3.524368396028876305e-03 1.936275395564734936e-03 2.104706689715385437e-02 1.569126546382904053e-02 5.427354946732521057e-03 1.124991569668054581e-02 4.149712622165679932e-03 4.719396529253572226e-04 4.666005447506904602e-02 1.517361123114824295e-02 5.026691406965255737e-02 1.676093228161334991e-02 6.604935508221387863e-03 6.121581885963678360e-03 6.027906783856451511e-04 9.911861270666122437e-03 1.859667710959911346e-02 1.846368610858917236e-02 2.580514550209045410e-02 9.785911068320274353e-03 5.869592074304819107e-03 5.531477276235818863e-03 1.171046309173107147e-02 1.969402469694614410e-02 1.026903558522462845e-02 1.145198126323521137e-03 1.134368777275085449e-02 5.799898412078619003e-03 2.004901692271232605e-02 2.057739719748497009e-02 1.341592334210872650e-02 1.735122129321098328e-02 2.272255159914493561e-02 2.935819141566753387e-02
2.222844399511814117e-02 2.210580743849277496e-02 8.488663434982299805e-01 5.818583536893129349e-03 1.131597347557544708e-02 1.548217516392469406e-02 1.688953116536140442e-02 4.550142213702201843e-02 5.540647078305482864e-03 1.853933441452682018e-03 2.091098390519618988e-02 2.476825192570686340e-02 3.348806500434875488e-02 1.804165355861186981e-02 2.843782864511013031e-02 1.736358390189707279e-03 1.250264421105384827e-02 5.773865152150392532e-03 3.532414790242910385e-03 9.729819372296333313e-03 2.268477529287338257e-02 2.435480244457721710e-02 7.590104825794696808e-03 5.887919571250677109e-03 8.367240428924560547e-03 1.486574206501245499e-02 1.888800784945487976e-02 8.492081426084041595e-03 2.616083249449729919e-02 1.550542190670967102e-02 2.338868007063865662e-02 5.379505455493927002e-03 1.492772251367568970e-02 1.699598692357540131e-02 2.840026281774044037e-02 1.277027372270822525e-02 1.861825957894325256e-02 1.276590581983327866e-02 1.196674630045890808e-02 9.301987476646900177e-03 3.243786469101905823e-02 4.617041908204555511e-03 8.127453736960887909e-03 2.140035852789878845e-03 4.797883797436952591e-03 4.461207892745733261e-03 2.163177356123924255e-02 1.225439179688692093e-02 1.254715677350759506e-02 7.842751219868659973e-03 5.810295231640338898e-03 5.214787088334560394e-03 1.785007305443286896e-02 2.084689214825630188e-02 8.971737697720527649e-03 3.453028853982686996e-03 6.330187898129224777e-03 7.883645594120025635e-03 1.196406129747629166e-02 1.988773234188556671e-02 9.164310060441493988e-03 1.014683209359645844e-02 1.253003440797328949e-02 1.024945639073848724e-02 2.227574773132801056e-02 1.880438625812530518e-02 6.955764256417751312e-03 1.887324079871177673e-02 1.481594983488321304e-03 1.902784407138824463e-02 1.842152699828147888e-02 2.250839024782180786e-02 1.018654182553291321e-02 1.401127409189939499e-02 1.965271309018135071e-02 1.697438769042491913e-02 6.365302018821239471e-03 1.118416711688041687e-02 1.128640258684754372e-03 2.494860673323273659e-03 3.956494107842445374e-02 2.814799360930919647e-02 7.551578339189291000e-03 1.211736723780632019e-02 9.056625422090291977e-04 8.225169032812118530e-03 2.084074541926383972e-02 2.344695106148719788e-02 7.116059307008981705e-03 1.157526392489671707e-02 2.169770933687686920e-02 2.536287531256675720e-02 7.256008684635162354e-03 2.586005628108978271e-02 2.550567127764225006e-02 2.441066689789295197e-02 1.284246053546667099e-02 1.364907063543796539e-02 6.714015617035329342e-04 4.811184480786323547e-03 2.886289963498711586e-03 1.230204943567514420e-02 1.180779561400413513e-02 1.534218341112136841e-02 1.381598226726055145e-02 1.299794297665357590e-02 7.999274879693984985e-03 1.181633211672306061e-02 7.625545840710401535e-03 8.792142616584897041e-04 2.683443762362003326e-02 3.990510478615760803e-02 3.468738403171300888e-03 4.397541750222444534e-03 2.558944001793861389e-02 1.889950595796108246e-02
3.187597030773758888e-03 2.068891422823071480e-03 5.818583536893129349e-03 8.488663434982299805e-01 6.258343905210494995e-02 1.245080772787332535e-02 1.117597147822380066e-02 6.360673811286687851e-03 1.285077072679996490e-02 8.221036754548549652e-03 5.619179923087358475e-03 2.475884184241294861e-02 4.218805115669965744e-03 1.446686405688524246e-02 9.202177636325359344e-03 2.199495397508144379e-02 2.521605603396892548e-02 4.823326691985130310e-02 3.797128051519393921e-02 3.810881171375513077e-04 6.378786172717809677e-03 4.183521959930658340e-03 1.039169263094663620e-02 6.479347124695777893e-03 1.038293447345495224e-02 2.018866874277591705e-02 1.875036023557186127e-02 4.238295555114746094e-02 9.393252432346343994e-03 4.262330755591392517e-02 5.192729295231401920e-04 3.629046492278575897e-03 2.804957889020442963e-02 6.019370164722204208e-03 2.181741595268249512e-02 4.582579713314771652e-03 2.861564280465245247e-03 3.492374904453754425e-03 5.323903635144233704e-02 4.403544217348098755e-02 1.518116518855094910e-02 6.945563480257987976e-03 4.177721682935953140e-03 4.655498079955577850e-03 8.877024985849857330e-03 8.702849037945270538e-03 1.784108765423297882e-02 1.615021936595439911e-02 2.795338165014982224e-03 2.821134403347969055e-03 1.547873858362436295e-02 2.020703628659248352e-03 3.677716851234436035e-02 2.457239851355552673e-02 8.094467222690582275e-03 3.542480058968067169e-03 4.145459085702896118e-02 3.347555920481681824e-02 2.204259112477302551e-02 1.851715706288814545e-02 3.562579303979873657e-02 2.340241335332393646e-02 4.248068109154701233e-02 3.103508614003658295e-02 1.198808476328849792e-02 9.222136810421943665e-03 1.041466253809630871e-03 1.803337479941546917e-03 2.889645285904407501e-02 7.065139245241880417e-03 3.274580463767051697e-02 1.451477129012346268e-02 6.501078605651855469e-02 9.578886441886425018e-03 6.049167364835739136e-02 1.682779937982559204e-02 3.345545381307601929e-02 1.814986206591129303e-02 5.201614461839199066e-03 6.756891962140798569e-03 4.376467259135097265e-04 5.951350089162588120e-03 4.275074228644371033e-02 2.075192704796791077e-02 1.075529959052801132e-02 1.640548184514045715e-02 4.029787145555019379e-03 8.257828652858734131e-03 4.767579585313796997e-02 4.516064748167991638e-02 1.251228060573339462e-02 1.948759891092777252e-03 1.449370849877595901e-02 1.206120825372636318e-03 2.023165579885244370e-04 6.957861129194498062e-03 1.636589318513870239e-02 8.418392390012741089e-03 1.570903114043176174e-03 7.731789373792707920e-04 4.663040861487388611e-03 9.701768867671489716e-03 1.469298917800188065e-02 1.122279837727546692e-02 1.392091996967792511e-02 1.579312374815344810e-03 3.076332388445734978e-03 2.993071265518665314e-02 1.506858505308628082e-02 1.447165105491876602e-02 9.692770428955554962e-03 1.699159294366836548e-02 1.008494570851325989e-02 1.314858440309762955e-02 7.246061693876981735e-03 8.311154320836067200e-03
1.285136095248162746e-03 5.163746885955333710e-03 1.131597347557544708e-02 6.258343905210494995e-02 8.488663434982299805e-01 7.672701496630907059e-03 4.424388986080884933e-03 1.237353775650262833e-02 2.189902774989604950e-02 2.354462072253227234e-02 6.338508799672126770e-03 2.552043087780475616e-02 1.489880261942744255e-03 2.059108205139636993e-02 9.876876138150691986e-03 3.143032640218734741e-02 3.863346204161643982e-02 4.856180027127265930e-02 5.020052194595336914e-02 1.197843626141548157e-02 1.178160309791564941e-02 6.803148891776800156e-03 1.878807507455348969e-02 2.078927680850028992e-02 1.320517901331186295e-02 2.211297303438186646e-02 1.323504000902175903e-02 3.384693339467048645e-02 1.725301146507263184e-02 3.515923395752906799e-02 1.091146562248468399e-02 8.246567100286483765e-03 1.857359334826469421e-02 7.459535729140043259e-03 1.724983751773834229e-02 1.631156657822430134e-03 7.268789689987897873e-03 2.166356891393661499e-03 4.510730877518653870e-02 4.620464891195297241e-02 1.447140052914619446e-02 9.917338378727436066e-03 2.469126833602786064e-03 5.662710405886173248e-03 9.682047180831432343e-03 1.401655026711523533e-03 9.313474409282207489e-03 1.107862126082181931e-02 2.793742809444665909e-03 4.704689141362905502e-03 1.705105789005756378e-02 9.941762313246726990e-03 3.061640076339244843e-02 2.371847070753574371e-02 5.842187907546758652e-03 4.878889885731041431e-04 2.733555063605308533e-02 3.229980543255805969e-02 2.369630709290504456e-02 1.899965479969978333e-02 3.090682439506053925e-02 3.250739350914955139e-02 3.473120555281639099e-02 1.902932487428188324e-02 1.300101261585950851e-02 1.039086747914552689e-02 1.193664316087961197e-02 8.088241331279277802e-03 3.079387173056602478e-02 1.772979833185672760e-02 4.224086552858352661e-02 1.475905813276767731e-02 5.071975290775299072e-02 2.104096487164497375e-02 5.745364725589752197e-02 1.321694441139698029e-02 3.113866411149501801e-02 2.745741419494152069e-02 4.145400598645210266e-03 2.086638659238815308e-02 8.443325757980346680e-03 9.291436523199081421e-03 5.066988989710807800e-02 4.205164313316345215e-02 6.512903142720460892e-03 5.023034289479255676e-03 7.251668721437454224e-03 1.263211015611886978e-02 3.195694461464881897e-02 3.922032192349433899e-02 3.840998979285359383e-03 6.316093727946281433e-03 1.304876897484064102e-02 5.092799197882413864e-03 2.654640702530741692e-03 1.166337169706821442e-03 4.241365939378738403e-03 6.401067133992910385e-03 5.599473137408494949e-03 5.683904513716697693e-03 1.318352017551660538e-02 2.004381082952022552e-02 6.431843154132366180e-03 9.214594028890132904e-03 1.297061331570148468e-02 5.328144878149032593e-03 1.298474427312612534e-02 2.224260754883289337e-02 2.244370616972446442e-02 1.654921844601631165e-02 8.620911277830600739e-03 8.846560493111610413e-03 7.579118944704532623e-03 7.225650362670421600e-03 1.893326756544411182e-03 1.337547600269317627e-02
7.754564285278320312e-02 8.652264624834060669e-02 1.548217516392469406e-02 1.245080772787332535e-02 7.672701496630907059e-03 8.488663434982299805e-01 8.874905854463577271e-02 1.307357195764780045e-02 1.834855880588293076e-03 7.229503244161605835e-04 5.671483278274536133e-02 2.332657389342784882e-02 6.956136226654052734e-02 3.502852097153663635e-02 1.545972283929586411e-02 7.207109592854976654e-05 6.437020841985940933e-03 4.095535725355148315e-03 3.954339306801557541e-03 6.902138702571392059e-03 3.460516920313239098e-03 1.330273877829313278e-02 5.408765748143196106e-03 8.368866518139839172e-03 1.014154637232422829e-03 3.475798526778817177e-03 8.401462109759449959e-04 6.577099557034671307e-04 1.869628392159938812e-02 2.582971239462494850e-03 2.827682718634605408e-02 6.685213651508092880e-03 1.101364474743604660e-02 1.221105339936912060e-03 6.630821619182825089e-03 9.297401644289493561e-03 2.741389209404587746e-03 1.089369133114814758e-02 1.934579573571681976e-02 2.013339474797248840e-02 1.471594092436134815e-03 1.552898623049259186e-02 1.486647594720125198e-02 7.659468334168195724e-03 1.506942231208086014e-02 1.913145557045936584e-02 8.345865458250045776e-02 7.415091246366500854e-02 4.071772564202547073e-03 3.093170700594782829e-03 2.447550743818283081e-02 9.009156376123428345e-03 1.976120099425315857e-02 1.772445626556873322e-02 1.812912896275520325e-02 2.015300327911973000e-03 1.412624306976795197e-02 7.086308905854821205e-04 2.007717080414295197e-02 1.801562495529651642e-02 1.744615100324153900e-02 4.231269937008619308e-03 8.172637782990932465e-03 7.285289029823616147e-06 1.415434386581182480e-02 1.286277454346418381e-02 4.424296319484710693e-03 1.446424517780542374e-03 9.164679795503616333e-03 5.913340486586093903e-03 7.964968681335449219e-03 2.363722305744886398e-04 1.173072960227727890e-02 4.399486351758241653e-03 7.855655625462532043e-03 1.204431871883571148e-03 1.006597932428121567e-02 5.285714752972126007e-03 5.491668824106454849e-03 8.490576408803462982e-03 2.028121612966060638e-03 5.344833713024854660e-03 6.442858721129596233e-04 2.916011493653059006e-03 7.410799153149127960e-03 8.668397786095738411e-04 2.098440425470471382e-03 6.113264709711074829e-03 6.042647641152143478e-03 1.674260594882071018e-03 5.957023799419403076e-02 1.565034501254558563e-02 4.910397157073020935e-02 1.286291144788265228e-02 1.399741042405366898e-02 7.729909382760524750e-03 3.600597381591796875e-03 2.441734075546264648e-03 2.123561874032020569e-02 1.820757053792476654e-02 2.586951106786727905e-02 1.166336797177791595e-02 1.181085966527462006e-02 3.581677796319127083e-03 1.737542450428009033e-02 3.187932819128036499e-02 1.134246122092008591e-02 1.507365331053733826e-02 9.062715806066989899e-03 1.367613393813371658e-02 1.141819078475236893e-02 8.241740055382251740e-03 1.091120764613151550e-02 1.196767762303352356e-02 1.211477629840373993e-02 2.503582648932933807e-02
6.056596711277961731e-02 7.765419781208038330e-02 1.688953116536140442e-02 1.117597147822380066e-02 4.424388986080884933e-03 8.874905854463577271e-02 8.488663434982299805e-01 1.081067603081464767e-02 2.322205575183033943e-03 3.444285830482840538e-03 5.991342663764953613e-02 2.467351034283638000e-02 7.312536239624023438e-02 4.225622117519378662e-02 1.214727573096752167e-02 5.709121469408273697e-03 1.668814336881041527e-03 5.080968141555786133e-03 3.477266058325767517e-03 6.659226957708597183e-03 1.735455542802810669e-02 1.458845566958189011e-02 4.678048571804538369e-05 1.381060387939214706e-02 6.918285973370075226e-03 1.268810592591762543e-02 5.968208424746990204e-03 3.187173977494239807e-03 2.252613008022308350e-02 8.929931209422647953e-04 3.686490654945373535e-02 1.037764083594083786e-02 1.216007769107818604e-02 7.596701383590698242e-03 3.696880070492625237e-03 1.081230770796537399e-02 3.206704743206501007e-03 1.499222498387098312e-02 2.092465199530124664e-02 1.751309260725975037e-02 2.185947028920054436e-03 2.003174275159835815e-02 9.087630547583103180e-03 7.342729251831769943e-03 1.606158912181854248e-02 2.328740619122982025e-02 8.274231851100921631e-02 7.845134288072586060e-02 8.359297178685665131e-03 6.436889059841632843e-03 2.133974619209766388e-02 2.829988079611212015e-04 2.463540993630886078e-02 2.119962312281131744e-02 1.832501590251922607e-02 6.768322549760341644e-03 1.628147624433040619e-02 3.718367777764797211e-03 2.507195062935352325e-02 1.987469568848609924e-02 1.950176618993282318e-02 4.912554868496954441e-04 6.847192998975515366e-03 1.641170238144695759e-03 1.229844894260168076e-02 1.382156834006309509e-02 1.128921844065189362e-02 1.405162364244461060e-02 1.573537476360797882e-02 2.314320532605051994e-03 1.636914559639990330e-03 1.686443341895937920e-03 1.338785886764526367e-02 2.984369057230651379e-04 6.733452901244163513e-03 7.306426414288580418e-04 1.560606807470321655e-02 9.440625435672700405e-04 7.569343433715403080e-04 3.641467541456222534e-03 1.314355642534792423e-03 7.426162250339984894e-03 1.488513662479817867e-03 4.320519044995307922e-03 2.006526337936520576e-03 6.875529885292053223e-03 2.813969273120164871e-03 1.984675880521535873e-03 6.422509439289569855e-03 3.871292108669877052e-03 5.989762395620346069e-02 1.661140285432338715e-02 5.204805359244346619e-02 1.216169726103544235e-02 1.301591098308563232e-02 6.371048744767904282e-03 4.350921139121055603e-03 1.830015447922050953e-03 2.500069513916969299e-02 1.901824213564395905e-02 1.919723302125930786e-02 6.399225443601608276e-03 8.728522807359695435e-03 7.025728933513164520e-03 1.408980041742324829e-02 2.461758442223072052e-02 8.997170254588127136e-03 1.493900828063488007e-02 5.742188077419996262e-03 1.661028712987899780e-02 7.785770110785961151e-03 2.458087867125868797e-03 9.957507252693176270e-03 6.156889721751213074e-03 4.659242928028106689e-03 2.314400672912597656e-02
1.646076701581478119e-02 1.494726818054914474e-02 4.550142213702201843e-02 6.360673811286687851e-03 1.237353775650262833e-02 1.307357195764780045e-02 1.081067603081464767e-02 8.488663434982299805e-01 3.004352038260549307e-04 2.324257744476199150e-03 2.982339262962341309e-02 4.472715780138969421e-03 3.387199714779853821e-02 4.066723049618303776e-04 4.602867737412452698e-02 2.946752123534679413e-03 6.347879767417907715e-03 1.841411460191011429e-03 6.139822653494775295e-04 1.451411657035350800e-02 2.336198836565017700e-02 3.950750455260276794e-02 5.948343779891729355e-03 8.911167271435260773e-03 6.198569666594266891e-03 1.153954118490219116e-02 2.953703142702579498e-02 3.409158904105424881e-03 2.703691087663173676e-02 5.824277177453041077e-03 1.993487402796745300e-02 1.031408272683620453e-02 2.052227407693862915e-02 2.816610597074031830e-02 2.587443031370639801e-02 2.789496444165706635e-02 3.787242993712425232e-02 2.766558714210987091e-02 1.589684002101421356e-02 1.190149039030075073e-02 3.329815715551376343e-02 6.269348785281181335e-03 1.172803435474634171e-02 1.021948177367448807e-03 3.743755863979458809e-03 9.997976012527942657e-04 1.860066689550876617e-02 1.232059765607118607e-02 1.354964263737201691e-02 2.605404704809188843e-03 4.450430627912282944e-03 1.241218182258307934e-03 2.612042985856533051e-02 3.026885539293289185e-02 6.238044705241918564e-03 1.964134164154529572e-03 1.004940015263855457e-03 1.227789930999279022e-02 2.030476741492748260e-02 1.608950458467006683e-02 1.184638403356075287e-02 9.682762436568737030e-03 1.108024548739194870e-02 9.229013696312904358e-03 2.857463620603084564e-02 2.400076761841773987e-02 1.300885621458292007e-02 2.064939029514789581e-02 2.285762224346399307e-03 2.730427123606204987e-02 1.042265351861715317e-02 2.088055945932865143e-02 5.273150280117988586e-03 1.924632862210273743e-02 1.349492929875850677e-02 1.703291200101375580e-02 1.477460493333637714e-03 4.437527619302272797e-03 9.979370050132274628e-03 8.848307188600301743e-04 6.185591220855712891e-02 4.794974252581596375e-02 8.017976768314838409e-03 8.457152172923088074e-03 5.058214068412780762e-03 6.463918834924697876e-03 4.876650497317314148e-02 4.372168704867362976e-02 8.941735140979290009e-04 5.760820116847753525e-03 1.967670209705829620e-02 4.178107902407646179e-02 1.700975559651851654e-02 3.771968185901641846e-02 9.538484737277030945e-03 1.287329103797674179e-02 2.462001517415046692e-02 1.974648796021938324e-02 6.759127601981163025e-03 1.134104002267122269e-02 7.443787530064582825e-03 1.487749256193637848e-02 2.356164902448654175e-02 2.621830627322196960e-02 1.668009534478187561e-02 7.848379202187061310e-03 1.792935468256473541e-02 7.741680368781089783e-03 1.260272692888975143e-02 8.816947229206562042e-03 2.903846651315689087e-02 3.534520789980888367e-02 6.830416154116392136e-03 6.972561590373516083e-03 2.630467899143695831e-02 2.135204151272773743e-02
8.682129904627799988e-03 2.994367619976401329e-03 5.540647078305482864e-03 1.285077072679996490e-02 2.189902774989604950e-02 1.834855880588293076e-03 2.322205575183033943e-03 3.004352038260549307e-04 8.488663434982299805e-01 5.281596258282661438e-02 6.675030104815959930e-03 2.801696769893169403e-02 1.928038982441648841e-04 6.874516140669584274e-03 5.236974917352199554e-03 4.169227927923202515e-02 2.821012772619724274e-02 3.410340473055839539e-02 3.330737352371215820e-02 1.584741985425353050e-03 1.310406019911170006e-03 5.611510947346687317e-03 4.252125695347785950e-02 3.686159476637840271e-02 2.613106044009327888e-03 8.018255233764648438e-03 2.904995717108249664e-02 2.037627622485160828e-02 1.643028855323791504e-02 8.072233758866786957e-03 1.929165981709957123e-02 2.344971336424350739e-02 1.218269299715757370e-02 1.217986829578876495e-02 8.657045662403106689e-03 6.817465764470398426e-04 2.331491792574524879e-03 6.218891590833663940e-03 1.818232983350753784e-02 2.951467223465442657e-02 7.320757722482085228e-04 8.917423896491527557e-03 9.171701967716217041e-03 1.581580378115177155e-02 1.583941280841827393e-02 1.782603561878204346e-02 3.998465370386838913e-03 4.958496429026126862e-03 3.504345566034317017e-02 3.333329409360885620e-02 1.834550313651561737e-02 2.175177447497844696e-02 7.405585143715143204e-03 1.019538100808858871e-02 4.496899247169494629e-02 2.068197727203369141e-02 1.642716489732265472e-02 1.356671005487442017e-02 1.076239906251430511e-02 8.881869725883007050e-03 3.480754792690277100e-02 3.045632503926753998e-02 6.175358779728412628e-03 7.959875278174877167e-03 1.191783603280782700e-02 6.660281214863061905e-03 5.834956187754869461e-03 3.627263009548187256e-03 4.374761506915092468e-02 3.178086131811141968e-02 2.558328211307525635e-02 4.478763788938522339e-02 1.243622973561286926e-02 3.665708005428314209e-02 1.361833605915307999e-02 4.574522748589515686e-02 4.882275685667991638e-02 3.221325948834419250e-02 3.202636912465095520e-02 3.901780396699905396e-02 5.649813450872898102e-03 4.176483023911714554e-03 3.631163388490676880e-02 4.389388486742973328e-02 5.376680754125118256e-03 8.992424234747886658e-03 5.592143628746271133e-03 2.346426714211702347e-03 2.112600021064281464e-02 7.374298758804798126e-03 3.845777595415711403e-03 3.304419806227087975e-03 6.528235971927642822e-03 1.302840281277894974e-02 2.386444061994552612e-02 2.060346491634845734e-02 2.591072767972946167e-02 3.327393904328346252e-02 2.985998243093490601e-02 2.795613557100296021e-02 1.287372317165136337e-02 8.042959496378898621e-03 1.382129732519388199e-02 8.494809269905090332e-03 8.543926291167736053e-03 5.612588021904230118e-03 2.093739621341228485e-02 1.719548366963863373e-02 1.456501055508852005e-02 2.045674249529838562e-02 3.416666295379400253e-03 3.467400092631578445e-03 6.609017495065927505e-03 4.182228294666856527e-04 6.305261515080928802e-03 1.227700896561145782e-02
1.260444615036249161e-02 5.549462977796792984e-03 1.853933441452682018e-03 8.221036754548549652e-03 2.354462072253227234e-02 7.229503244161605835e-04 3.444285830482840538e-03 2.324257744476199150e-03 5.281596258282661438e-02 8.488663434982299805e-01 7.932433858513832092e-03 1.426140218973159790e-02 4.256906919181346893e-03 4.494161810725927353e-03 6.244105286896228790e-03 4.486397653818130493e-02 4.315328970551490784e-02 2.813774719834327698e-02 4.624700173735618591e-02 1.083454489707946777e-02 5.892245098948478699e-03 1.781048253178596497e-03 3.579640761017799377e-02 4.162412509322166443e-02 7.130110636353492737e-03 1.160912495106458664e-02 1.520836353302001953e-02 1.785003952682018280e-02 1.769469492137432098e-02 6.722686346620321274e-03 1.651687733829021454e-02 1.844206079840660095e-02 4.308329895138740540e-03 2.435568161308765411e-02 2.531069330871105194e-03 1.312295719981193542e-02 3.312611253932118416e-03 1.303391763940453529e-03 1.396035775542259216e-02 2.713470719754695892e-02 1.735199242830276489e-03 5.508964415639638901e-03 1.334368716925382614e-02 1.015425380319356918e-02 9.501578286290168762e-03 2.901759557425975800e-02 1.813702168874442577e-03 1.090597361326217651e-03 2.426635101437568665e-02 4.834048449993133545e-02 1.079554576426744461e-02 1.634311862289905548e-02 2.085135085508227348e-03 1.144238188862800598e-02 2.404022961854934692e-02 1.716345548629760742e-02 8.991776034235954285e-03 1.910823769867420197e-02 3.685491625219583511e-03 3.581187687814235687e-03 2.109182998538017273e-02 4.214707762002944946e-02 7.469659671187400818e-03 2.085652202367782593e-02 3.861850826069712639e-03 4.078227560967206955e-03 1.701294677332043648e-03 8.463364094495773315e-03 4.110793024301528931e-02 4.264020174741744995e-02 3.665734082460403442e-02 3.054787591099739075e-02 7.683055941015481949e-03 4.957129433751106262e-02 1.123711559921503067e-02 2.684196829795837402e-02 3.295015171170234680e-02 4.403128847479820251e-02 3.074001707136631012e-02 6.606792658567428589e-02 8.007853757590055466e-04 6.209417246282100677e-03 3.062969446182250977e-02 5.642363801598548889e-02 4.020972410216927528e-04 2.122953161597251892e-02 4.948981571942567825e-03 2.460095565766096115e-03 1.332638226449489594e-02 1.670796982944011688e-02 4.387598310131579638e-04 5.644564982503652573e-03 1.078714523464441299e-02 8.103818632662296295e-03 6.980508565902709961e-03 2.181776240468025208e-02 2.476417645812034607e-02 1.721582375466823578e-02 2.504632435739040375e-02 2.884689345955848694e-02 6.555321160703897476e-03 1.790118962526321411e-02 8.721442893147468567e-03 7.509887218475341797e-04 3.002448240295052528e-03 1.942905038595199585e-02 1.987775228917598724e-02 1.074559334665536880e-02 2.428241260349750519e-02 2.487583272159099579e-02 5.258996505290269852e-03 7.283138576894998550e-03 1.302706077694892883e-03 8.331802673637866974e-03 4.532337654381990433e-03 1.545287389308214188e-02
4.482948780059814453e-02 5.443600565195083618e-02 2.091098390519618988e-02 5.619179923087358475e-03 6.338508799672126770e-03 5.671483278274536133e-02 5.991342663764953613e-02 2.982339262962341309e-02 6.675030104815959930e-03 7.932433858513832092e-03 8.488663434982299805e-01 3.912150859832763672e-03 7.282225787639617920e-02 1.543524116277694702e-02 3.186593949794769287e-02 6.901681888848543167e-03 1.121518202126026154e-02 2.288292744196951389e-04 1.302669011056423187e-02 1.650016568601131439e-02 3.269888460636138916e-02 3.688107058405876160e-02 3.176315920427441597e-03 1.809279806911945343e-02 1.857779733836650848e-02 1.327449828386306763e-02 5.133493337780237198e-03 1.392197608947753906e-02 3.614369407296180725e-02 1.379597652703523636e-02 4.835812374949455261e-02 3.181529045104980469e-02 1.413466408848762512e-02 3.406602889299392700e-02 1.432732911780476570e-03 5.817312281578779221e-03 2.574211172759532928e-02 9.312559850513935089e-03 7.234902586787939072e-03 5.515783559530973434e-03 1.538719609379768372e-02 1.027667336165904999e-02 7.412948179990053177e-03 7.409565150737762451e-04 6.246717646718025208e-03 2.177741564810276031e-02 5.977026373147964478e-02 5.546507239341735840e-02 1.217082701623439789e-02 9.206021204590797424e-03 1.114549860358238220e-02 6.882732268422842026e-03 3.310038940981030464e-03 4.423549864441156387e-03 7.887721061706542969e-03 8.083006250672042370e-04 1.694851554930210114e-02 6.141013582237064838e-04 2.175751607865095139e-03 4.977225326001644135e-03 1.964988885447382927e-03 1.383651979267597198e-02 5.314270034432411194e-03 8.146011270582675934e-03 2.895692549645900726e-02 2.771723084151744843e-02 3.100677020847797394e-02 3.360132500529289246e-02 3.943988587707281113e-03 1.868890784680843353e-02 3.996325191110372543e-03 1.022070273756980896e-02 9.913368150591850281e-03 1.115782745182514191e-02 2.014830708503723145e-03 4.365650936961174011e-03 7.010535337030887604e-03 9.260133840143680573e-03 3.015340771526098251e-03 5.549456458538770676e-03 2.086283639073371887e-02 1.350313704460859299e-02 1.434944663196802139e-02 2.004600875079631805e-02 8.391167968511581421e-03 2.653981186449527740e-02 2.766915783286094666e-02 2.203383482992649078e-02 1.659823022782802582e-02 1.499349158257246017e-02 4.747525230050086975e-02 4.006432369351387024e-02 4.222600162029266357e-02 3.018117323517799377e-02 1.630011200904846191e-02 5.469821044243872166e-04 1.975945755839347839e-02 7.443717680871486664e-03 2.333563519641757011e-03 3.283673897385597229e-03 2.818916458636522293e-03 1.724827475845813751e-02 1.719581708312034607e-02 1.034820172935724258e-02 3.917799796909093857e-03 1.161502581089735031e-02 1.487455144524574280e-02 4.526902455836534500e-03 1.602580957114696503e-02 3.288336738478392363e-04 1.788634620606899261e-02 8.452480658888816833e-03 4.982896614819765091e-03 1.367673557251691818e-02 1.786353439092636108e-02 2.635028026998043060e-02
2.456084080040454865e-02 1.898483000695705414e-02 2.476825192570686340e-02 2.475884184241294861e-02 2.552043087780475616e-02 2.332657389342784882e-02 2.467351034283638000e-02 4.472715780138969421e-03 2.801696769893169403e-02 1.426140218973159790e-02 3.912150859832763672e-03 8.488663434982299805e-01 1.250262930989265442e-02 7.290226221084594727e-02 1.060915458947420120e-02 1.792871579527854919e-02 2.952164970338344574e-02 1.066201273351907730e-02 1.911710202693939209e-02 1.459620520472526550e-02 4.765385296195745468e-03 4.668293986469507217e-03 4.593775048851966858e-02 3.792200237512588501e-02 2.319179940968751907e-03 2.819132618606090546e-02 1.243514195084571838e-02 5.973299592733383179e-02 9.635291062295436859e-03 6.348739564418792725e-02 1.765481382608413696e-02 1.308154035359621048e-02 8.540444076061248779e-03 2.096792310476303101e-02 1.613892242312431335e-02 1.052076090127229691e-02 1.222608378157019615e-03 9.615654125809669495e-03 1.498836744576692581e-02 2.439567074179649353e-02 3.507086308673024178e-03 1.055237371474504471e-03 1.608185819350183010e-03 3.658033907413482666e-02 2.261097542941570282e-02 1.061927620321512222e-02 1.126538775861263275e-02 1.288215350359678268e-02 1.379562076181173325e-02 1.345632411539554596e-02 2.125220373272895813e-02 2.422370761632919312e-02 2.654439769685268402e-03 1.611055224202573299e-03 2.185229910537600517e-03 6.191102787852287292e-03 1.784701831638813019e-02 3.014741651713848114e-02 3.242908045649528503e-03 9.004643186926841736e-03 1.105138449929654598e-03 1.359416171908378601e-02 1.694632507860660553e-02 2.679670974612236023e-02 1.144673209637403488e-02 1.058396603912115097e-02 1.208527758717536926e-02 9.840360842645168304e-03 2.353708632290363312e-02 1.758534833788871765e-02 4.115346074104309082e-02 1.935000158846378326e-02 2.474195510149002075e-02 2.126973867416381836e-02 2.693804353475570679e-02 2.213367633521556854e-02 3.037409298121929169e-02 2.421373687684535980e-02 1.825462840497493744e-02 9.091898798942565918e-03 6.017300300300121307e-03 5.853566806763410568e-03 1.534672733396291733e-02 1.698159426450729370e-02 6.305848248302936554e-03 1.888056471943855286e-02 1.319755055010318756e-02 2.467951038852334023e-03 3.865221142768859863e-02 4.788242653012275696e-02 2.133851870894432068e-02 4.008398856967687607e-03 3.502951469272375107e-03 3.465943271294236183e-03 1.043074205517768860e-02 5.919443443417549133e-03 7.084462326020002365e-03 6.794854532927274704e-03 4.056546371430158615e-03 1.146288588643074036e-03 4.692049231380224228e-03 1.274792663753032684e-02 1.534196734428405762e-02 6.735317409038543701e-03 2.792664105072617531e-03 1.363646984100341797e-02 2.365341177210211754e-03 6.361226551234722137e-03 4.304079338908195496e-03 3.844216931611299515e-03 5.753765814006328583e-03 1.711295358836650848e-02 3.661755239591002464e-03 1.530506927520036697e-02 5.696817301213741302e-03 1.127510145306587219e-02
5.653071030974388123e-02 7.272096723318099976e-02 3.348806500434875488e-02 4.218805115669965744e-03 1.489880261942744255e-03 6.956136226654052734e-02 7.312536239624023438e-02 3.387199714779853821e-02 1.928038982441648841e-04 4.256906919181346893e-03 7.282225787639617920e-02 1.250262930989265442e-02 8.488663434982299805e-01 2.333918213844299316e-02 3.699686378240585327e-02 1.268782536499202251e-03 2.775889588519930840e-03 4.765810910612344742e-03 3.510155482217669487e-03 5.623152013868093491e-03 2.766296081244945526e-02 3.679398819804191589e-02 3.703323425725102425e-03 8.248189464211463928e-03 1.100861560553312302e-02 1.133716478943824768e-02 9.175159037113189697e-03 5.589973647147417068e-03 3.231455758213996887e-02 3.636587876826524734e-03 4.762240499258041382e-02 2.101682871580123901e-02 2.167395129799842834e-02 2.268475107848644257e-02 3.882450982928276062e-03 1.134708989411592484e-02 2.568383142352104187e-02 3.168207360431551933e-03 7.118882611393928528e-03 1.003845129162073135e-02 1.387119852006435394e-02 1.667095720767974854e-02 1.610967097803950310e-03 5.771187599748373032e-03 3.018679330125451088e-03 1.179603394120931625e-02 6.939148902893066406e-02 6.310229003429412842e-02 3.146035829558968544e-03 4.375745076686143875e-03 1.650895178318023682e-02 2.215037122368812561e-03 3.930743550881743431e-04 2.968275512102991343e-04 1.203909795731306076e-02 3.904510987922549248e-03 1.587287336587905884e-02 4.252204205840826035e-03 1.818825956434011459e-03 5.187543574720621109e-03 5.450860597193241119e-03 1.883233780972659588e-03 6.380391772836446762e-03 2.181819640100002289e-03 2.931295149028301239e-02 2.889546938240528107e-02 1.992277055978775024e-02 2.632608823478221893e-02 9.622790850698947906e-03 1.150798238813877106e-02 3.474057884886860847e-04 8.622718974947929382e-03 4.359677433967590332e-03 4.597320221364498138e-03 6.603355868719518185e-04 6.077614612877368927e-03 9.217048995196819305e-03 2.047599758952856064e-03 1.161987241357564926e-02 8.950795978307723999e-03 2.159346640110015869e-02 1.512847654521465302e-02 7.314437534660100937e-03 8.184768259525299072e-03 7.671803701668977737e-03 8.943057619035243988e-03 2.396208792924880981e-02 2.333694323897361755e-02 1.279204152524471283e-02 1.007039099931716919e-02 5.109286308288574219e-02 3.704797476530075073e-02 4.740961268544197083e-02 2.912936545908451080e-02 6.818529218435287476e-03 3.327609272673726082e-03 1.090441551059484482e-02 6.028578151017427444e-03 1.171507034450769424e-02 6.497277878224849701e-03 1.001657452434301376e-02 7.812455762177705765e-03 6.898654159158468246e-03 4.870958160609006882e-03 5.468803457915782928e-03 9.914207272231578827e-03 6.935066543519496918e-03 6.068742834031581879e-03 8.804254233837127686e-03 1.019157096743583679e-02 1.892283745110034943e-02 1.524403877556324005e-02 7.155914790928363800e-03 1.628723111934959888e-04 1.754175871610641479e-02 2.795948088169097900e-02
