8.414302468299865723e-01 3.767322003841400146e-02 3.645507385954260826e-03 4.391088616102933884e-03 1.712286844849586487e-02 4.007064178586006165e-02 3.611041232943534851e-02 5.743629764765501022e-03 1.242641080170869827e-02 1.358084939420223236e-02 3.409308940172195435e-02 1.128500094637274742e-03 3.357814997434616089e-02 2.842066111043095589e-03 2.481422200798988342e-02 5.616009235382080078e-03 7.245951332151889801e-03 9.182120673358440399e-03 6.512060761451721191e-03 2.676641801372170448e-03 1.945736631751060486e-02 3.162560611963272095e-02 4.744566977024078369e-03 2.171135507524013519e-02 2.579927816987037659e-02 1.971087418496608734e-02 2.466096915304660797e-02 1.866385107859969139e-03 3.212311118841171265e-02 1.260433252900838852e-02 2.686123922467231750e-02 2.441121824085712433e-02 2.821326814591884613e-02 2.463419176638126373e-02 2.360345795750617981e-02 2.478597313165664673e-02 2.483556419610977173e-02 2.724850736558437347e-02 2.083699032664299011e-02 2.192670851945877075e-02 1.184434816241264343e-02 2.371649257838726044e-02 2.780859544873237610e-02 1.474491879343986511e-02 1.496603153645992279e-02 2.303189411759376526e-02 3.537124767899513245e-02 2.950286678969860077e-02 2.957133017480373383e-02 2.728149853646755219e-02 1.702834106981754303e-02 2.998494543135166168e-02 2.216136455535888672e-02 2.549365349113941193e-02 1.537608914077281952e-02 1.951238326728343964e-02 1.989412121474742889e-02 1.593399047851562500e-02 1.906642504036426544e-02 2.022044546902179718e-02 1.315103936940431595e-02 1.516786403954029083e-02 1.953182183206081390e-02 2.841181820258498192e-03 3.433483466506004333e-02 3.317229077219963074e-02 2.445564232766628265e-02 2.312549017369747162e-02 8.238275535404682159e-03 1.528373453766107559e-02 2.524867653846740723e-03 2.337958291172981262e-02 5.098189692944288254e-03 1.080988626927137375e-02 5.976815707981586456e-03 1.931250467896461487e-02 1.067411527037620544e-02 9.361099451780319214e-03 7.037126924842596054e-03 1.837745076045393944e-03 6.253390107303857803e-03 8.026103489100933075e-03 1.505116373300552368e-02 4.647032357752323151e-03 2.634393237531185150e-02 2.733273245394229889e-02 2.495894581079483032e-02 1.857476867735385895e-02 8.613560348749160767e-03 1.652474701404571533e-02 3.524052351713180542e-02 2.967529930174350739e-02 2.949922159314155579e-02 2.962540462613105774e-02 2.552449889481067657e-02 9.491767734289169312e-03 1.194057520478963852e-02 1.765450276434421539e-02 1.791110262274742126e-02 2.599750272929668427e-02 2.322078682482242584e-02 2.234532125294208527e-02 2.606226317584514618e-02 1.142980065196752548e-02 1.881448738276958466e-02 1.787681691348552704e-02 1.678990013897418976e-02 2.347665093839168549e-02 4.562017973512411118e-03 2.248947322368621826e-02 1.523570250719785690e-02 5.459968815557658672e-04 2.623271383345127106e-02 2.696644514799118042e-02 2.060010470449924469e-02 2.127373404800891876e-02
3.767322003841400146e-02 8.414302468299865723e-01 9.278753772377967834e-03 8.881412446498870850e-03 1.783105731010437012e-02 3.655086457729339600e-02 3.577104210853576660e-02 6.914074998348951340e-03 9.184634312987327576e-03 1.585442759096622467e-02 2.628148719668388367e-02 1.448837108910083771e-02 3.381847962737083435e-02 2.736149914562702179e-02 2.135832794010639191e-02 9.126044809818267822e-03 4.486054647713899612e-03 6.770573236281052232e-05 1.508413581177592278e-03 1.414157450199127197e-03 1.162878330796957016e-02 3.206273540854454041e-02 1.953089050948619843e-02 2.579092606902122498e-02 2.779918722808361053e-02 2.371077612042427063e-02 1.917278021574020386e-02 4.937367513775825500e-03 1.909301616251468658e-02 2.173270657658576965e-02 1.665423810482025146e-02 3.054043464362621307e-02 2.161284163594245911e-02 2.990751713514328003e-02 2.296980656683444977e-02 2.904986776411533356e-02 3.283373266458511353e-02 3.061378560960292816e-02 1.220379117876291275e-02 1.596242003142833710e-02 8.138061501085758209e-03 1.764350943267345428e-02 2.127422206103801727e-02 1.642463542520999908e-02 2.282895520329475403e-02 2.459226734936237335e-02 3.241244331002235413e-02 2.582781761884689331e-02 3.061753138899803162e-02 2.872009761631488800e-02 1.513125468045473099e-02 2.517909370362758636e-02 5.613348446786403656e-03 1.388973370194435120e-02 1.385346148163080215e-02 2.072500437498092651e-02 2.174654416739940643e-02 1.908758841454982758e-02 6.641164654865860939e-04 1.527538988739252090e-03 1.213538646697998047e-02 1.862286962568759918e-02 1.691213250160217285e-02 4.967491142451763153e-03 2.419875375926494598e-02 2.545420266687870026e-02 2.081914059817790985e-02 1.637738011777400970e-02 8.687128312885761261e-03 1.667381264269351959e-02 9.008183144032955170e-03 2.322890423238277435e-02 2.169657126069068909e-02 1.254770252853631973e-02 1.785364747047424316e-02 1.716450229287147522e-02 5.943996366113424301e-03 1.360293198376893997e-02 9.862965904176235199e-03 1.444242952857166529e-04 2.438575727865099907e-03 5.282694473862648010e-03 1.059265527874231339e-02 8.361131884157657623e-03 3.116281703114509583e-02 3.526232019066810608e-02 1.948418095707893372e-02 1.864811405539512634e-02 1.089726760983467102e-02 1.147983875125646591e-02 2.599741332232952118e-02 2.776933647692203522e-02 2.638974040746688843e-02 2.675215341150760651e-02 2.192285470664501190e-02 1.698025315999984741e-02 1.964857243001461029e-02 2.940466161817312241e-03 2.258357033133506775e-02 2.593264728784561157e-02 2.742893807590007782e-02 2.126130089163780212e-02 1.792471669614315033e-02 2.336390689015388489e-02 7.957881316542625427e-03 1.593461073935031891e-02 1.529194228351116180e-02 1.319344993680715561e-02 1.947848498821258545e-02 1.724559627473354340e-02 1.162866875529289246e-02 9.650295600295066833e-03 2.102490700781345367e-02 1.715369708836078644e-02 1.611790806055068970e-02 3.029823489487171173e-02
3.645507385954260826e-03 9.278753772377967834e-03 8.414302468299865723e-01 1.968754269182682037e-02 9.687980636954307556e-03 6.201138719916343689e-03 9.898187592625617981e-03 3.663343563675880432e-02 1.103023719042539597e-02 5.494676530361175537e-03 6.422776263207197189e-03 5.504491273313760757e-03 1.107123494148254395e-02 3.781542414799332619e-03 2.875056490302085876e-02 7.262404542416334152e-03 1.619814150035381317e-02 2.497584791854023933e-04 9.273640811443328857e-03 3.593454137444496155e-02 7.031592074781656265e-03 2.041556127369403839e-02 1.126941200345754623e-02 2.231705561280250549e-02 9.119268506765365601e-03 5.971929524093866348e-03 1.082871295511722565e-02 1.613816246390342712e-02 1.652907207608222961e-02 2.105297520756721497e-02 2.864850917831063271e-03 1.612808182835578918e-02 3.733775811269879341e-03 1.863682642579078674e-02 1.950201811268925667e-03 2.219304814934730530e-02 1.551431603729724884e-02 2.623366657644510269e-03 1.563040167093276978e-02 1.900579966604709625e-02 8.605480194091796875e-03 2.757050795480608940e-03 8.843954652547836304e-03 9.420952759683132172e-03 8.871690370142459869e-03 5.320887546986341476e-03 1.411440409719944000e-02 6.329976953566074371e-03 6.082653068006038666e-03 3.171547432430088520e-04 1.838712207973003387e-02 1.393411587923765182e-02 1.703019626438617706e-02 2.238493412733078003e-03 1.214362028986215591e-02 1.616342179477214813e-02 1.359226647764444351e-02 9.577878750860691071e-03 2.970342710614204407e-02 2.669963426887989044e-02 4.063900094479322433e-03 5.341222509741783142e-03 4.396810662001371384e-03 9.882627055048942566e-03 6.978326477110385895e-03 3.682315815240144730e-03 1.645399630069732666e-02 1.485739462077617645e-02 1.592741609783843160e-04 1.517880428582429886e-02 3.200679086148738861e-03 1.422588992863893509e-02 8.824691176414489746e-03 7.915705442428588867e-03 1.647277176380157471e-02 1.165638118982315063e-02 7.094829808920621872e-03 2.756715519353747368e-03 1.632917299866676331e-02 1.879033632576465607e-02 4.573680460453033447e-02 2.868142165243625641e-02 1.976445317268371582e-02 6.782751297578215599e-04 1.015653274953365326e-02 1.053761132061481476e-02 2.845360338687896729e-02 2.673470415174961090e-02 2.755323890596628189e-03 6.467418279498815536e-03 3.822995815426111221e-03 1.463950518518686295e-02 8.608580566942691803e-03 1.944164559245109558e-02 1.217300258576869965e-02 1.471642684191465378e-02 1.917947828769683838e-02 2.609869278967380524e-02 5.260902456939220428e-03 1.762969791889190674e-02 2.578442357480525970e-02 1.832807622849941254e-02 1.094492431730031967e-02 3.382576256990432739e-02 7.210197392851114273e-03 2.136036381125450134e-02 3.280669683590531349e-03 8.680890314280986786e-03 1.869664900004863739e-02 2.676590112969279289e-03 1.257090596482157707e-03 1.067395694553852081e-02 3.188647096976637840e-03 2.902546199038624763e-03 1.080007664859294891e-02 4.841573070734739304e-03
4.391088616102933884e-03 8.881412446498870850e-03 1.968754269182682037e-02 8.414302468299865723e-01 1.239514816552400589e-02 1.807874534279108047e-03 6.049063056707382202e-03 3.988723456859588623e-02 5.887222476303577423e-03 9.715018793940544128e-03 2.659895457327365875e-03 6.665605120360851288e-03 1.262724865227937698e-02 1.553464971948415041e-04 1.090726535767316818e-02 1.439257338643074036e-02 2.600111812353134155e-02 1.196664478629827499e-02 8.395100943744182587e-03 2.290854975581169128e-02 6.958232261240482330e-03 1.448806375265121460e-02 7.012864574790000916e-03 5.311665590852499008e-03 8.914602920413017273e-03 1.229463727213442326e-03 1.877031661570072174e-02 2.797981351613998413e-02 1.362997945398092270e-02 3.303763642907142639e-02 6.770116742700338364e-03 1.300340145826339722e-02 2.366147376596927643e-02 7.814303971827030182e-03 3.716428065672516823e-03 1.144956797361373901e-02 4.150272812694311142e-03 2.113129012286663055e-02 1.876495778560638428e-02 1.375116407871246338e-02 2.673679962754249573e-02 9.240973740816116333e-03 8.645709021948277950e-05 2.760915644466876984e-02 1.464157365262508392e-02 1.292658690363168716e-02 1.909526647068560123e-03 2.760944422334432602e-03 6.419517099857330322e-03 3.214554453734308481e-04 3.461060114204883575e-03 5.592559464275836945e-03 1.035135984420776367e-02 5.999864079058170319e-03 1.445204485207796097e-02 5.234097130596637726e-03 5.442409776151180267e-03 7.141730748116970062e-03 2.529576607048511505e-02 5.093598272651433945e-03 3.827106207609176636e-02 2.726107090711593628e-02 1.630674488842487335e-02 3.926261793822050095e-03 9.031713008880615234e-03 1.634326297789812088e-03 1.491984119638800621e-03 2.157399198040366173e-03 2.879256196320056915e-02 7.048582658171653748e-03 2.345381071791052818e-03 4.117556381970643997e-03 3.481652960181236267e-02 8.412157767452299595e-04 4.291971400380134583e-02 5.033780355006456375e-03 1.177131477743387222e-02 2.756163850426673889e-02 1.667860196903347969e-03 1.365298638120293617e-03 6.798837333917617798e-03 7.082892581820487976e-03 3.240491822361946106e-02 1.516963541507720947e-02 4.438711621332913637e-04 7.221365347504615784e-03 1.913550309836864471e-02 1.719253323972225189e-02 1.833688654005527496e-02 7.498419377952814102e-03 2.990136388689279556e-03 2.363242208957672119e-02 4.380195867270231247e-03 1.773215830326080322e-02 5.936368834227323532e-03 9.111644467338919640e-04 3.192159906029701233e-02 5.579718388617038727e-03 2.656128071248531342e-02 1.073878351598978043e-02 1.471318071708083153e-03 3.667560406029224396e-03 1.795026287436485291e-02 1.726261153817176819e-02 7.259665057063102722e-03 1.347782276570796967e-02 3.759052231907844543e-02 1.715348474681377411e-02 2.666050754487514496e-02 2.459226176142692566e-03 4.016943741589784622e-03 3.364661708474159241e-02 1.313749328255653381e-02 4.629306960850954056e-03 2.752275904640555382e-03 8.144519291818141937e-03
1.712286844849586487e-02 1.783105731010437012e-02 9.687980636954307556e-03 1.239514816552400589e-02 8.414302468299865723e-01 1.532056834548711777e-02 5.808808840811252594e-03 1.167088747024536133e-02 4.999398253858089447e-03 1.957988366484642029e-02 1.856617396697402000e-03 2.023354405537247658e-03 1.160246506333351135e-02 3.399017080664634705e-02 1.023999787867069244e-02 6.295291241258382797e-03 6.343304645270109177e-03 1.049889530986547470e-02 1.029379386454820633e-02 5.695977713912725449e-03 9.703041054308414459e-03 2.506070304661989212e-03 2.482543466612696648e-03 2.546431310474872589e-02 1.232909597456455231e-02 1.749409595504403114e-03 3.373209619894623756e-03 5.019120406359434128e-03 8.209750056266784668e-03 3.563874214887619019e-02 9.188373573124408722e-03 2.690556272864341736e-02 1.408878248184919357e-02 1.181099936366081238e-02 1.538303564302623272e-03 2.435313910245895386e-02 3.103712946176528931e-02 2.027847804129123688e-02 5.505057983100414276e-03 4.959391430020332336e-03 6.173238158226013184e-03 6.528521887958049774e-03 2.466472564265131950e-03 1.676466083154082298e-03 1.882294006645679474e-02 2.101257070899009705e-02 6.954242126084864140e-04 1.257962454110383987e-02 8.362380787730216980e-03 4.625031258910894394e-03 2.515806350857019424e-03 3.815531381405889988e-04 6.841592025011777878e-03 3.363502444699406624e-03 1.847699657082557678e-02 3.480044892057776451e-03 7.825146429240703583e-03 7.735524559393525124e-04 1.069232821464538574e-03 8.894991129636764526e-03 2.756961062550544739e-02 2.731361798942089081e-02 4.758111387491226196e-02 2.176598832011222839e-02 2.029062714427709579e-03 3.663430106826126575e-05 1.568519137799739838e-02 7.933230139315128326e-03 3.996830806136131287e-02 1.472521666437387466e-02 4.249491542577743530e-02 1.991608366370201111e-02 3.043820336461067200e-02 4.372821189463138580e-03 1.469716057181358337e-02 2.828959375619888306e-02 1.952263712882995605e-02 1.884290762245655060e-02 1.168081071227788925e-02 1.789591042324900627e-03 1.941603049635887146e-02 1.052879169583320618e-02 1.065513864159584045e-02 1.281345821917057037e-02 4.398702643811702728e-03 1.111636986024677753e-03 1.030833693221211433e-03 8.020428009331226349e-03 2.990131452679634094e-02 1.168761961162090302e-02 4.721998411696404219e-04 5.502392072230577469e-03 5.112925078719854355e-03 2.566231414675712585e-04 8.516307570971548557e-04 6.169901229441165924e-03 2.184697194024920464e-03 2.725283615291118622e-02 6.133331451565027237e-03 5.271331872791051865e-03 8.051415788941085339e-04 6.017790175974369049e-03 2.003781497478485107e-02 5.792010924778878689e-04 3.985847346484661102e-03 1.608585007488727570e-02 2.697389759123325348e-02 7.504492532461881638e-03 1.769533753395080566e-02 9.307156316936016083e-03 6.191411986947059631e-03 5.014080554246902466e-02 1.783589832484722137e-03 8.948114700615406036e-03 1.035732589662075043e-02 1.030136831104755402e-02
4.007064178586006165e-02 3.655086457729339600e-02 6.201138719916343689e-03 1.807874534279108047e-03 1.532056834548711777e-02 8.414302468299865723e-01 4.474250599741935730e-02 2.635536715388298035e-03 1.516211591660976410e-02 1.082480605691671371e-02 3.128192201256752014e-02 2.136259805411100388e-03 2.591851726174354553e-02 1.068520452827215195e-02 1.850550621747970581e-02 8.116237819194793701e-03 9.157509543001651764e-03 4.115134011954069138e-03 3.277106909081339836e-03 1.449639722704887390e-02 1.108803041279315948e-02 3.215398266911506653e-02 1.021969597786664963e-02 1.459980569779872894e-02 2.355843223631381989e-02 1.953924633562564850e-02 2.022872120141983032e-02 3.912787418812513351e-03 2.888215705752372742e-02 2.100322395563125610e-02 2.129072509706020355e-02 2.310598082840442657e-02 1.898341625928878784e-02 2.316746301949024200e-02 2.232359163463115692e-02 2.498994581401348114e-02 2.094128541648387909e-02 2.898883074522018433e-02 1.504187472164630890e-02 2.549700066447257996e-02 1.396530191414058208e-03 1.426986232399940491e-02 2.202066220343112946e-02 1.113760471343994141e-02 6.029016803950071335e-03 1.992897130548954010e-02 4.302672669291496277e-02 3.410426899790763855e-02 3.016842156648635864e-02 2.131754346191883087e-02 7.016567979007959366e-03 2.685371227562427521e-02 1.987508498132228851e-02 2.354070730507373810e-02 1.843366585671901703e-02 1.929051615297794342e-02 1.845332607626914978e-02 1.262808497995138168e-02 6.280592642724514008e-03 1.187258400022983551e-02 9.571683593094348907e-03 1.901523023843765259e-02 2.589133754372596741e-02 8.029543794691562653e-03 2.947216294705867767e-02 2.872050367295742035e-02 1.445556059479713440e-02 1.740778796374797821e-02 7.660128176212310791e-03 1.755053736269474030e-02 5.815976299345493317e-03 2.257834933698177338e-02 1.322244759649038315e-02 1.613675989210605621e-02 1.636045984923839569e-02 1.845613867044448853e-02 6.472859065979719162e-03 3.261075820773839951e-03 1.420360337942838669e-02 6.186900427564978600e-04 4.597093444317579269e-03 5.763331428170204163e-03 1.132804621011018753e-02 5.904800724238157272e-03 2.376948297023773193e-02 2.432346902787685394e-02 1.777385734021663666e-02 4.692234564572572708e-03 6.225753575563430786e-03 1.417673286050558090e-02 2.978509105741977692e-02 2.605517022311687469e-02 2.580002695322036743e-02 2.699268236756324768e-02 3.222829848527908325e-02 1.210722792893648148e-02 9.003808721899986267e-03 1.789814047515392303e-02 1.890815980732440948e-02 2.583901584148406982e-02 1.915222033858299255e-02 1.882741414010524750e-02 2.272697538137435913e-02 1.463674288243055344e-02 9.443526156246662140e-03 1.236142218112945557e-02 1.534339506179094315e-03 1.443520840257406235e-02 8.118264377117156982e-03 1.634513586759567261e-02 9.365356527268886566e-03 9.450902580283582211e-04 2.238775603473186493e-02 1.577522605657577515e-02 2.445126324892044067e-02 2.585496753454208374e-02
3.611041232943534851e-02 3.577104210853576660e-02 9.898187592625617981e-03 6.049063056707382202e-03 5.808808840811252594e-03 4.474250599741935730e-02 8.414302468299865723e-01 5.829244037158787251e-04 1.813086494803428650e-02 2.259077876806259155e-02 3.117365948855876923e-02 1.614657085156068206e-04 2.869949489831924438e-02 5.966696422547101974e-03 1.715284399688243866e-02 2.640371210873126984e-03 6.264262832701206207e-03 9.513170458376407623e-03 9.613865055143833160e-03 8.507586084306240082e-03 1.129509322345256805e-02 3.212869167327880859e-02 8.258714340627193451e-03 1.793025061488151550e-02 2.732091955840587616e-02 2.501628920435905457e-02 2.531044557690620422e-02 4.089335910975933075e-03 2.744812332093715668e-02 8.510811254382133484e-03 2.390581369400024414e-02 2.906014770269393921e-02 1.614365540444850922e-02 2.440150454640388489e-02 2.210714668035507202e-02 2.463767863810062408e-02 2.490288950502872467e-02 3.253325819969177246e-02 1.309037581086158752e-02 2.501911111176013947e-02 9.091524989344179630e-04 2.130453661084175110e-02 2.476648241281509399e-02 1.831697300076484680e-02 1.393424347043037415e-02 2.314378693699836731e-02 4.165580496191978455e-02 3.907105326652526855e-02 3.350825607776641846e-02 2.435630932450294495e-02 7.846637628972530365e-03 2.445217780768871307e-02 1.631736196577548981e-02 1.683161407709121704e-02 2.440550737082958221e-02 2.372184582054615021e-02 2.338705398142337799e-02 2.100988104939460754e-02 4.513889551162719727e-03 5.691363010555505753e-03 1.234655361622571945e-02 2.164861187338829041e-02 1.923815533518791199e-02 4.126634448766708374e-03 3.123963065445423126e-02 2.998979948461055756e-02 1.575664058327674866e-02 2.083980664610862732e-02 4.200835246592760086e-03 2.429366670548915863e-02 9.655441390350461006e-04 2.313549257814884186e-02 1.846867427229881287e-02 2.651405520737171173e-02 2.885818853974342346e-02 2.043467201292514801e-02 9.999567642807960510e-03 1.891647465527057648e-02 4.014046862721443176e-03 1.110851112753152847e-02 6.109781097620725632e-03 2.258402528241276741e-03 1.585664972662925720e-02 5.863639991730451584e-03 2.595606818795204163e-02 2.896819636225700378e-02 1.828453317284584045e-02 8.464087732136249542e-03 4.467263352125883102e-03 2.456297166645526886e-03 3.459303453564643860e-02 3.143307194113731384e-02 2.812865003943443298e-02 3.101110458374023438e-02 3.132328391075134277e-02 2.146374434232711792e-02 2.090996876358985901e-02 1.229658164083957672e-02 1.454738155007362366e-02 2.127929404377937317e-02 1.582090556621551514e-02 2.023028209805488586e-02 2.314474061131477356e-02 1.554866414517164230e-02 8.250351063907146454e-03 1.402057614177465439e-02 2.957128919661045074e-03 1.938079483807086945e-02 2.384436549618840218e-03 2.153948508203029633e-02 5.701955873519182205e-03 3.211150178685784340e-03 2.598351053893566132e-02 1.799542084336280823e-02 2.694792672991752625e-02 3.392970189452171326e-02
5.743629764765501022e-03 6.914074998348951340e-03 3.663343563675880432e-02 3.988723456859588623e-02 1.167088747024536133e-02 2.635536715388298035e-03 5.829244037158787251e-04 8.414302468299865723e-01 2.671881020069122314e-02 1.220045145601034164e-02 3.866053652018308640e-03 1.185580901801586151e-02 1.895411685109138489e-02 1.834455761127173901e-03 5.101485922932624817e-02 4.425012506544589996e-03 1.351827103644609451e-02 1.693678274750709534e-02 2.419794723391532898e-02 3.357640281319618225e-02 5.176792037673294544e-04 6.078799255192279816e-03 1.475349767133593559e-03 5.690317484550178051e-04 6.443679798394441605e-03 1.035104691982269287e-02 6.057181861251592636e-03 2.551082707941532135e-02 1.106537296436727047e-03 4.064337909221649170e-02 2.975871087983250618e-03 3.108404111117124557e-03 5.766915157437324524e-03 1.180101092904806137e-02 3.659207373857498169e-02 6.048301700502634048e-03 1.102397404611110687e-02 1.541734486818313599e-02 8.811927400529384613e-03 6.429919041693210602e-03 2.186670899391174316e-02 2.567635383456945419e-03 4.050479736179113388e-03 1.820885925553739071e-03 1.578045543283224106e-03 3.905703080818057060e-03 5.252371192909777164e-05 7.751064375042915344e-03 2.128908410668373108e-02 8.825164404697716236e-04 2.471738308668136597e-02 6.543939001858234406e-03 9.398742695339024067e-04 3.099923953413963318e-03 1.409475691616535187e-02 4.848253447562456131e-03 1.259892806410789490e-02 1.235895324498414993e-02 6.997675169259309769e-03 6.119411555118858814e-04 3.777631558477878571e-03 1.623307727277278900e-02 1.089592371135950089e-02 9.683256037533283234e-03 9.379576891660690308e-03 5.848284345120191574e-03 2.596455998718738556e-02 1.813151501119136810e-02 5.319496267475187778e-04 1.513057481497526169e-02 6.823152769356966019e-03 3.507795045152306557e-03 1.669576391577720642e-02 2.638376876711845398e-02 5.535693373531103134e-03 9.476454928517341614e-03 2.070549316704273224e-02 1.911194063723087311e-02 1.781558431684970856e-02 2.236397005617618561e-02 7.479797303676605225e-02 6.751497834920883179e-02 1.718172989785671234e-02 1.687604747712612152e-02 7.465966627933084965e-04 1.209663413465023041e-02 5.434029921889305115e-02 3.568674996495246887e-02 3.109033964574337006e-02 3.270949795842170715e-02 2.714955713599920273e-03 1.226986292749643326e-02 2.120842412114143372e-02 1.020551566034555435e-02 4.474551416933536530e-03 1.178677892312407494e-03 2.243180945515632629e-02 2.110457746312022209e-03 2.293607406318187714e-02 1.090398896485567093e-02 5.864032544195652008e-03 1.433455105870962143e-02 1.606795750558376312e-02 1.930894213728606701e-04 1.735879108309745789e-02 1.133473683148622513e-02 1.522545143961906433e-02 8.527856320142745972e-03 8.410600130446255207e-04 3.105468349531292915e-03 1.744133606553077698e-02 1.384697668254375458e-02 3.531993366777896881e-03 1.804066705517470837e-03 9.973257547244429588e-04 1.013413164764642715e-02
1.242641080170869827e-02 9.184634312987327576e-03 1.103023719042539597e-02 5.887222476303577423e-03 4.999398253858089447e-03 1.516211591660976410e-02 1.813086494803428650e-02 2.671881020069122314e-02 8.414302468299865723e-01 3.268047794699668884e-02 2.165445312857627869e-02 2.573903650045394897e-02 7.573773618787527084e-03 9.682578034698963165e-03 5.337888374924659729e-03 1.672020734986290336e-04 2.440830692648887634e-02 4.273418337106704712e-02 1.823078468441963196e-02 2.950402162969112396e-02 1.439198292791843414e-02 1.509493961930274963e-02 1.567253470420837402e-02 2.080560103058815002e-02 1.382522750645875931e-02 1.772906444966793060e-02 1.601090282201766968e-02 1.927677541971206665e-02 1.697416044771671295e-02 6.949456408619880676e-03 1.935354061424732208e-02 6.076903082430362701e-03 2.224462339654564857e-03 1.093457336537539959e-03 3.468319075182080269e-03 2.280549146234989166e-02 1.582015771418809891e-03 6.111071910709142685e-03 1.198404561728239059e-02 1.162658538669347763e-02 4.172246437519788742e-03 3.958513960242271423e-02 2.880746871232986450e-02 1.124613173305988312e-02 2.974805980920791626e-02 1.496776752173900604e-02 1.344072353094816208e-02 1.470780931413173676e-02 2.430311404168605804e-02 1.847315579652786255e-02 5.580581724643707275e-03 2.548244968056678772e-02 4.546901211142539978e-03 4.425770603120326996e-03 3.435032069683074951e-02 1.391817349940538406e-02 1.502577308565378189e-02 1.076799817383289337e-02 3.025990445166826248e-03 4.619187966454774141e-04 2.025053370743989944e-03 1.328947767615318298e-02 5.947941448539495468e-03 1.243388745933771133e-02 1.092182192951440811e-02 9.742635302245616913e-03 6.340221501886844635e-03 1.386687625199556351e-02 1.536512980237603188e-03 1.357596833258867264e-02 1.299131382256746292e-02 1.874493807554244995e-02 7.321065058931708336e-04 2.048718370497226715e-02 6.825567688792943954e-03 2.665429562330245972e-02 6.028778105974197388e-02 3.594106808304786682e-02 4.835734143853187561e-02 2.919647097587585449e-02 2.869823947548866272e-02 2.320611663162708282e-02 1.906884461641311646e-02 1.832618191838264465e-02 1.808122359216213226e-02 9.889094159007072449e-03 1.304904557764530182e-02 6.712732370942831039e-03 3.212703019380569458e-02 2.329932712018489838e-02 1.382534299045801163e-02 1.601434685289859772e-02 1.295958762057125568e-03 1.309700496494770050e-02 1.929405890405178070e-02 2.671515196561813354e-02 1.970394141972064972e-02 1.154667465016245842e-03 4.891925957053899765e-03 1.323126628994941711e-02 2.328761108219623566e-02 7.053159642964601517e-03 2.432565949857234955e-02 5.713381338864564896e-03 1.331814099103212357e-02 9.695855987956747413e-05 2.464905939996242523e-02 8.547982200980186462e-03 1.451970357447862625e-02 1.766045019030570984e-02 1.305521558970212936e-02 1.337086549028754234e-03 2.626873925328254700e-02 2.838289923965930939e-02 2.390502253547310829e-03 6.993223447352647781e-03
1.358084939420223236e-02 1.585442759096622467e-02 5.494676530361175537e-03 9.715018793940544128e-03 1.957988366484642029e-02 1.082480605691671371e-02 2.259077876806259155e-02 1.220045145601034164e-02 3.268047794699668884e-02 8.414302468299865723e-01 1.825887709856033325e-02 6.447611842304468155e-03 1.004806812852621078e-02 1.478295214474201202e-02 1.134596299380064011e-03 2.882076613605022430e-02 3.244089602958410978e-04 2.919995971024036407e-02 4.173585027456283569e-02 8.760178461670875549e-03 1.043429784476757050e-02 6.666852626949548721e-03 8.682909421622753143e-03 2.888409607112407684e-02 2.648829668760299683e-02 2.721709385514259338e-02 1.045996788889169693e-02 1.629638113081455231e-02 1.233565155416727066e-02 4.103485029190778732e-03 3.889991203323006630e-03 1.901127211749553680e-02 5.940495175309479237e-04 1.160756591707468033e-02 6.119864061474800110e-03 8.844870142638683319e-03 2.085182070732116699e-02 1.497945934534072876e-02 7.732569938525557518e-04 1.388349384069442749e-02 3.382582217454910278e-03 1.875310018658638000e-02 1.416153367608785629e-02 2.894962392747402191e-02 2.656779438257217407e-02 3.537580370903015137e-02 1.889928802847862244e-02 1.855518668889999390e-02 2.107780054211616516e-02 3.019001334905624390e-02 3.244361607357859612e-03 1.121844630688428879e-02 1.812914758920669556e-02 8.353142067790031433e-03 1.513093058019876480e-02 3.228357806801795959e-02 6.911176256835460663e-03 3.377575054764747620e-02 1.586803235113620758e-02 7.537942379713058472e-03 1.479140482842922211e-03 2.590718679130077362e-02 1.729875057935714722e-02 3.052200772799551487e-04 7.419422734528779984e-03 5.687715485692024231e-03 2.181047806516289711e-03 5.973351653665304184e-03 2.037415467202663422e-02 2.881525643169879913e-02 9.509194642305374146e-03 6.257905624806880951e-03 3.469923138618469238e-02 4.364457726478576660e-02 2.555012330412864685e-02 5.378831177949905396e-03 1.051557436585426331e-02 6.336946785449981689e-02 2.663158066570758820e-02 5.998311191797256470e-02 2.244434878230094910e-02 2.388807572424411774e-02 1.794045604765415192e-02 4.491649195551872253e-02 9.471939876675605774e-03 1.530593819916248322e-02 2.723678946495056152e-03 6.222636438906192780e-03 6.212810403667390347e-04 4.981121048331260681e-02 1.811199262738227844e-02 1.776828430593013763e-02 2.476495224982500076e-03 7.547965738922357559e-03 1.361330877989530563e-02 3.052770905196666718e-02 1.828425005078315735e-02 4.221186391077935696e-04 1.047325972467660904e-02 7.398659829050302505e-03 7.450503297150135040e-03 2.780681708827614784e-03 4.105661995708942413e-03 1.332139782607555389e-02 1.704050041735172272e-02 9.841776452958583832e-03 1.202728506177663803e-02 1.656930707395076752e-02 2.462301403284072876e-03 3.041568584740161896e-02 8.336203172802925110e-03 2.468452975153923035e-02 1.162308547645807266e-02 7.124974392354488373e-03 1.046389341354370117e-02 1.374550629407167435e-02
3.409308940172195435e-02 2.628148719668388367e-02 6.422776263207197189e-03 2.659895457327365875e-03 1.856617396697402000e-03 3.128192201256752014e-02 3.117365948855876923e-02 3.866053652018308640e-03 2.165445312857627869e-02 1.825887709856033325e-02 8.414302468299865723e-01 2.626517321914434433e-03 3.258410096168518066e-02 6.726257968693971634e-03 2.251472696661949158e-02 5.712039303034543991e-03 6.799578201025724411e-03 2.738790400326251984e-02 1.592447981238365173e-02 1.001027319580316544e-02 1.953019946813583374e-02 3.546977788209915161e-02 4.173724912106990814e-03 1.636041700839996338e-02 2.334896847605705261e-02 2.723809331655502319e-02 3.277986869215965271e-02 8.975901640951633453e-03 3.797629848122596741e-02 9.087390266358852386e-03 3.420617803931236267e-02 1.474568527191877365e-02 2.935423515737056732e-02 2.156524546444416046e-02 2.484386041760444641e-02 1.918985694646835327e-02 1.367248501628637314e-02 2.084806933999061584e-02 2.964936755597591400e-02 3.005414456129074097e-02 8.013946935534477234e-03 2.778328582644462585e-02 3.141175210475921631e-02 2.083006314933300018e-02 2.586726332083344460e-03 1.198211405426263809e-02 3.118985146284103394e-02 3.165711462497711182e-02 2.915477007627487183e-02 2.730424888432025909e-02 9.424500167369842529e-03 2.614425122737884521e-02 2.675024420022964478e-02 2.854252792894840240e-02 2.079058624804019928e-02 2.718916907906532288e-02 1.874801889061927795e-02 2.497590519487857819e-02 1.838993094861507416e-02 2.276051603257656097e-02 1.538638398051261902e-02 1.989899575710296631e-02 2.376542240381240845e-02 2.112490870058536530e-02 3.306081146001815796e-02 3.384511172771453857e-02 1.750579290091991425e-02 2.642989158630371094e-02 1.210476737469434738e-02 2.668995410203933716e-02 9.958352893590927124e-03 2.881396561861038208e-02 7.246545981615781784e-03 1.948992908000946045e-02 3.376126522198319435e-03 2.909914217889308929e-02 1.609394140541553497e-02 1.451422646641731262e-02 2.417890354990959167e-03 1.189389545470476151e-02 1.133000850677490234e-02 9.172450751066207886e-03 2.373696118593215942e-02 1.337632909417152405e-02 2.448250912129878998e-02 2.297075279057025909e-02 1.986561529338359833e-02 1.670617982745170593e-02 1.033776253461837769e-02 2.104442828567698598e-04 3.040922433137893677e-02 3.392871469259262085e-02 2.365710772573947906e-02 2.915122546255588531e-02 2.733175456523895264e-02 9.706398472189903259e-03 6.785308360122144222e-04 2.274682931602001190e-02 1.569423265755176544e-02 2.095824666321277618e-02 1.204407960176467896e-02 9.596444666385650635e-03 1.090730540454387665e-02 3.834123956039547920e-03 2.203311584889888763e-02 1.917113550007343292e-02 1.138864550739526749e-02 8.327762596309185028e-03 1.720642670989036560e-03 2.863614261150360107e-02 9.839355014264583588e-03 3.837741445749998093e-03 2.809475548565387726e-02 2.617837302386760712e-02 1.358187198638916016e-02 1.646222546696662903e-02
1.128500094637274742e-03 1.448837108910083771e-02 5.504491273313760757e-03 6.665605120360851288e-03 2.023354405537247658e-03 2.136259805411100388e-03 1.614657085156068206e-04 1.185580901801586151e-02 2.573903650045394897e-02 6.447611842304468155e-03 2.626517321914434433e-03 8.414302468299865723e-01 1.310179568827152252e-02 6.147108227014541626e-02 8.264659903943538666e-03 4.032088816165924072e-02 2.778621204197406769e-02 1.601793430745601654e-02 3.381422162055969238e-02 7.099532056599855423e-03 4.250414669513702393e-03 1.102817617356777191e-02 6.078391522169113159e-02 3.264819085597991943e-02 1.313212793320417404e-02 1.837527612224221230e-03 6.066340720281004906e-04 3.074683248996734619e-02 5.711298901587724686e-03 5.258962512016296387e-02 8.009617216885089874e-03 1.686864718794822693e-02 9.883593767881393433e-03 5.177899263799190521e-03 5.922432988882064819e-03 1.486407499760389328e-02 1.090043969452381134e-02 2.834863727912306786e-03 1.060431078076362610e-02 1.104626338928937912e-03 7.935372181236743927e-03 1.537654455751180649e-02 1.251708529889583588e-02 1.944119483232498169e-02 4.713198170065879822e-02 1.216056942939758301e-02 2.857877989299595356e-04 8.682320825755596161e-03 2.063886262476444244e-03 4.645076114684343338e-03 2.246299572288990021e-02 2.450127713382244110e-02 6.747340667061507702e-04 1.981892855837941170e-03 8.285153657197952271e-03 1.047407556325197220e-02 5.973645020276308060e-03 8.077109232544898987e-03 4.052029922604560852e-03 9.626821614801883698e-03 8.121408522129058838e-03 2.158198738470673561e-03 6.017631851136684418e-03 2.095298841595649719e-02 5.392455030232667923e-03 6.879326887428760529e-03 1.596231199800968170e-02 6.762783508747816086e-03 1.831480860710144043e-02 1.167661696672439575e-02 1.866621337831020355e-02 7.600028999149799347e-03 1.700164377689361572e-02 1.067459210753440857e-02 2.139672724297270179e-04 7.725136820226907730e-03 4.238618910312652588e-02 7.411289960145950317e-03 6.370341870933771133e-03 1.849260739982128143e-02 2.560034161433577538e-03 9.272756986320018768e-03 1.136316731572151184e-02 2.569681406021118164e-02 2.177018672227859497e-02 8.876922540366649628e-03 4.495610948652029037e-03 6.830729078501462936e-03 1.680095307528972626e-02 2.426912449300289154e-02 5.712034180760383606e-03 1.046277862042188644e-02 7.722372654825448990e-03 4.039928782731294632e-03 8.639325387775897980e-03 3.414301946759223938e-02 1.821252331137657166e-02 1.039509661495685577e-02 2.762095630168914795e-02 1.822134293615818024e-02 3.386363759636878967e-02 3.204098343849182129e-02 2.938666380941867828e-02 9.630088694393634796e-03 2.640313468873500824e-04 1.182534731924533844e-02 3.081634268164634705e-02 1.942283357493579388e-03 3.470152243971824646e-02 6.553729064762592316e-03 3.393069654703140259e-02 2.345990389585494995e-02 1.315899752080440521e-02 1.769841648638248444e-02 2.197981998324394226e-02 4.291249439120292664e-03
3.357814997434616089e-02 3.381847962737083435e-02 1.107123494148254395e-02 1.262724865227937698e-02 1.160246506333351135e-02 2.591851726174354553e-02 2.869949489831924438e-02 1.895411685109138489e-02 7.573773618787527084e-03 1.004806812852621078e-02 3.258410096168518066e-02 1.310179568827152252e-02 8.414302468299865723e-01 1.145249605178833008e-02 3.199630975723266602e-02 8.045208640396595001e-03 8.821375668048858643e-03 6.463181693106889725e-03 5.402213893830776215e-03 6.232946179807186127e-03 1.174500957131385803e-02 3.214923664927482605e-02 1.109624095261096954e-02 1.866102218627929688e-02 2.360243536531925201e-02 1.609950326383113861e-02 2.628178708255290985e-02 6.286353804171085358e-03 2.658277377486228943e-02 4.573927260935306549e-03 2.691070549190044403e-02 1.627793163061141968e-02 2.777475304901599884e-02 2.145299129188060760e-02 2.838318422436714172e-02 1.885356195271015167e-02 1.961318776011466980e-02 2.185061201453208923e-02 1.647234521806240082e-02 1.859676465392112732e-02 1.126382686197757721e-02 2.365848235785961151e-02 2.387818694114685059e-02 2.254753932356834412e-02 1.266811881214380264e-02 8.738121017813682556e-03 2.820576541125774384e-02 2.882016822695732117e-02 2.164806239306926727e-02 2.351347915828227997e-02 1.812497340142726898e-02 2.035706490278244019e-02 2.443489804863929749e-02 1.898193359375000000e-02 1.224934402853250504e-02 1.773085072636604309e-02 1.828713901340961456e-02 1.313719339668750763e-02 2.036820352077484131e-02 1.435797940939664841e-02 1.195796485990285873e-02 1.762479543685913086e-02 2.793730050325393677e-02 9.690193459391593933e-03 3.328790143132209778e-02 3.312295675277709961e-02 2.176095172762870789e-02 2.327769063413143158e-02 1.573017798364162445e-02 1.728500053286552429e-02 1.932210661470890045e-02 3.187358379364013672e-02 5.199278704822063446e-03 5.566701292991638184e-03 2.745039993897080421e-03 2.782222069799900055e-02 1.285179704427719116e-02 6.962966639548540115e-03 1.049693487584590912e-02 5.487618967890739441e-03 2.297840267419815063e-02 2.110258676111698151e-02 1.993479765951633453e-02 4.005903378129005432e-03 2.294404618442058563e-02 2.704367414116859436e-02 3.100330755114555359e-02 2.995075471699237823e-02 1.733159297145903111e-03 2.165270783007144928e-02 2.754957415163516998e-02 3.134622797369956970e-02 2.340174652636051178e-02 3.057144768536090851e-02 1.724600978195667267e-02 1.208314951509237289e-02 1.600201427936553955e-02 7.736916304565966129e-04 2.110244706273078918e-02 2.215703949332237244e-02 2.506386861205101013e-02 2.371779829263687134e-02 1.633798331022262573e-02 1.225174311548471451e-02 1.471644267439842224e-02 2.498919703066349030e-02 2.178346365690231323e-02 1.478952635079622269e-02 7.019899319857358932e-03 1.562459673732519150e-02 1.418295316398143768e-02 2.838737331330776215e-03 2.208353020250797272e-02 2.205527760088443756e-02 9.839006699621677399e-03 2.053683623671531677e-02
