8.227763175964355469e-01 7.693364471197128296e-02 1.883379183709621429e-02 1.787604950368404388e-02 2.682203799486160278e-02 1.985345222055912018e-02 1.641623862087726593e-02 2.787230908870697021e-02 2.615536376833915710e-02 1.758535951375961304e-02 1.272962242364883423e-02 5.535006057471036911e-03 3.005000762641429901e-02 4.443979822099208832e-03 2.967524528503417969e-02 1.022096630185842514e-02 8.355443365871906281e-03 3.035099245607852936e-02 8.298802189528942108e-03 4.142488352954387665e-03 1.008550357073545456e-02 3.941367194056510925e-02 3.784139081835746765e-02 2.105432376265525818e-02 1.047042012214660645e-02 1.060962397605180740e-02 3.313158825039863586e-02 1.430140063166618347e-02 1.554184779524803162e-02 5.308334250003099442e-03 1.669672131538391113e-02 1.380516216158866882e-02 1.921274140477180481e-02 5.591685418039560318e-03 1.198159734485670924e-04 4.199549555778503418e-03 8.684331551194190979e-03 1.209913101047277451e-02 7.551437709480524063e-03 1.948790252208709717e-02 2.254922874271869659e-02 8.674907498061656952e-03 3.129038726910948753e-03 9.979614987969398499e-03 2.068428730126470327e-04 7.465841714292764664e-03 9.076915739569813013e-05 8.980561979115009308e-03 1.020406745374202728e-02 1.148364879190921783e-02 2.607130631804466248e-02 4.563922062516212463e-03 1.264524552971124649e-02 2.127597481012344360e-02 1.614376343786716461e-02 1.677172631025314331e-02 2.796399034559726715e-02 1.812422275543212891e-02 1.049873139709234238e-02 2.183322049677371979e-02 2.623704075813293457e-02 1.904157735407352448e-02 6.513427011668682098e-03 1.897552632726728916e-03 3.439407562837004662e-03 4.635195247828960419e-03 1.726527116261422634e-03 1.167453173547983170e-02 3.530926257371902466e-02 2.564388699829578400e-02 3.248460963368415833e-02 1.592944189906120300e-02 1.820286363363265991e-02 2.725486643612384796e-02 2.652993239462375641e-02 1.997114159166812897e-02 3.407914936542510986e-02 2.387900091707706451e-02 1.915409602224826813e-02 1.966212876141071320e-02 2.946040034294128418e-02 2.030862681567668915e-02 1.468607108108699322e-03 4.363859537988901138e-03 1.227636169642210007e-02 1.385889202356338501e-02 2.029144950211048126e-02 1.470033079385757446e-02 3.581923991441726685e-02 2.414514869451522827e-02 7.327609695494174957e-03 2.527317032217979431e-02 5.114835221320390701e-03 3.728521242737770081e-02 2.486374694854021072e-03 5.251630209386348724e-04 2.559120208024978638e-02 7.853575050830841064e-03 8.113045245409011841e-03 2.433321811258792877e-02 5.165501497685909271e-03 4.317647777497768402e-03 2.518530376255512238e-02 3.379922127351164818e-03 1.002991944551467896e-02 1.062398497015237808e-02 4.436234012246131897e-03 3.475357079878449440e-03 7.076367735862731934e-03 1.493233721703290939e-02 2.633153833448886871e-02 7.340599549934267998e-04 6.943351589143276215e-03 2.039656788110733032e-02 0.000000000000000000e+00 0.000000000000000000e+00
7.693364471197128296e-02 8.227763175964355469e-01 2.898865193128585815e-02 2.583318948745727539e-02 2.972357347607612610e-02 1.738550886511802673e-02 1.488872896879911423e-02 2.565016970038414001e-02 3.619823977351188660e-02 1.588134281337261200e-02 5.976161919534206390e-03 2.177439257502555847e-02 3.739281743764877319e-02 1.001059450209140778e-02 2.720118127763271332e-02 5.361884366720914841e-03 3.347547026351094246e-03 3.090035542845726013e-02 1.100772642530500889e-04 9.303488768637180328e-03 2.011327631771564484e-02 3.842292726039886475e-02 4.073370248079299927e-02 1.982895657420158386e-02 8.743831887841224670e-03 9.882058948278427124e-03 2.805780246853828430e-02 1.938363350927829742e-02 1.406989339739084244e-02 7.637028116732835770e-03 9.165836498141288757e-03 1.678569987416267395e-02 1.803098618984222412e-02 7.509704679250717163e-03 3.180600469931960106e-03 1.476914342492818832e-02 1.932127214968204498e-02 1.481144223362207413e-02 1.448965724557638168e-02 2.890625596046447754e-02 2.059217542409896851e-02 1.124035101383924484e-02 5.505530629307031631e-03 1.710287667810916901e-02 9.025787934660911560e-03 7.269752211868762970e-03 3.063678741455078125e-03 1.056377217173576355e-02 8.991634473204612732e-03 1.627415302209556103e-03 2.454172633588314056e-02 9.734810329973697662e-03 1.061118207871913910e-02 2.365795522928237915e-02 1.836752519011497498e-02 4.565892741084098816e-03 2.900509350001811981e-02 1.167382672429084778e-02 9.151235222816467285e-03 1.367689762264490128e-02 1.948840916156768799e-02 3.234387841075658798e-03 1.113007543608546257e-03 2.201827708631753922e-03 7.646123878657817841e-03 8.384350687265396118e-03 1.990279415622353554e-03 1.537952478975057602e-02 3.573249280452728271e-02 2.680584602057933807e-02 2.500386722385883331e-02 1.110807526856660843e-02 1.865116879343986511e-02 2.348469756543636322e-02 2.404736913740634918e-02 1.562842167913913727e-02 4.322418570518493652e-02 2.246664650738239288e-02 2.863694541156291962e-02 1.481163967400789261e-02 2.813662774860858917e-02 2.695328183472156525e-02 5.718381144106388092e-03 9.147538803517818451e-03 1.802629232406616211e-02 4.252264741808176041e-03 1.793975010514259338e-02 1.535713206976652145e-02 4.606100171804428101e-02 1.739902049303054810e-02 1.222752965986728668e-02 3.265247493982315063e-02 7.516700774431228638e-03 3.817370161414146423e-02 4.899576306343078613e-03 4.376390017569065094e-03 3.336065262556076050e-02 5.043717101216316223e-03 8.857311680912971497e-03 2.218992821872234344e-02 5.981558468192815781e-03 1.514660660177469254e-02 1.845681667327880859e-02 4.884812049567699432e-03 7.643050048500299454e-03 1.354572549462318420e-02 9.092908352613449097e-03 4.407927044667303562e-04 5.968842189759016037e-03 1.693719811737537384e-02 2.487989887595176697e-02 1.007474958896636963e-02 1.112447958439588547e-02 9.968452155590057373e-03 0.000000000000000000e+00 0.000000000000000000e+00
1.883379183709621429e-02 2.898865193128585815e-02 8.227763175964355469e-01 1.321918517351150513e-02 1.260068081319332123e-02 1.015061791986227036e-02 2.867682836949825287e-03 5.236076936125755310e-02 2.065079286694526672e-02 5.527043715119361877e-03 4.187240265309810638e-03 3.852543979883193970e-02 1.373135950416326523e-02 1.755295693874359131e-02 3.047053143382072449e-02 4.913270473480224609e-03 3.441533073782920837e-02 6.363232154399156570e-03 7.451137993484735489e-03 5.129477474838495255e-03 7.909128442406654358e-03 3.017648868262767792e-02 1.740479283034801483e-02 3.721630200743675232e-03 9.807438589632511139e-03 1.320802047848701477e-02 1.719529926776885986e-02 1.154890004545450211e-02 7.214398123323917389e-03 4.450237844139337540e-03 4.855620209127664566e-03 2.035699225962162018e-02 6.958621554076671600e-03 1.753894239664077759e-02 5.766157992184162140e-04 2.650396153330802917e-02 3.367208316922187805e-02 1.433383580297231674e-02 7.462031207978725433e-03 9.355372749269008636e-03 6.054173689335584641e-03 8.245119825005531311e-03 1.559316366910934448e-02 1.082402560859918594e-02 1.365184690803289413e-02 4.300550092011690140e-03 5.898957606405019760e-03 6.502369884401559830e-03 4.482645075768232346e-03 5.810610949993133545e-03 5.703492090106010437e-03 9.079213254153728485e-03 2.023588493466377258e-02 3.375743329524993896e-02 1.820878311991691589e-02 4.941199440509080887e-03 2.953757531940937042e-02 9.795874357223510742e-03 3.193743899464607239e-02 2.896013297140598297e-02 2.270065806806087494e-02 1.069275382906198502e-02 1.045449171215295792e-02 8.535758592188358307e-03 3.635069588199257851e-04 5.171688273549079895e-03 3.678535809740424156e-03 1.270989049226045609e-02 6.402770057320594788e-03 1.768494397401809692e-02 1.796522643417119980e-03 7.517824415117502213e-03 1.523520890623331070e-02 2.690014615654945374e-02 1.684937812387943268e-02 9.674171917140483856e-03 1.402866281569004059e-02 9.303803555667400360e-03 2.034145221114158630e-02 2.444468205794692039e-03 4.833677783608436584e-02 6.325144320726394653e-02 2.133361995220184326e-02 2.636005543172359467e-02 1.901223510503768921e-02 5.143562331795692444e-03 4.136583581566810608e-02 4.323538765311241150e-02 3.600870817899703979e-02 8.129631169140338898e-03 9.179229848086833954e-03 2.942733280360698700e-02 9.685629047453403473e-03 3.091891296207904816e-02 1.857226714491844177e-02 2.748680301010608673e-02 1.301257032901048660e-02 2.063145861029624939e-02 1.883170939981937408e-02 1.555277151055634022e-03 5.824631080031394958e-03 1.783118932507932186e-03 2.180139906704425812e-02 1.287939026951789856e-02 1.989955268800258636e-02 2.387853106483817101e-03 1.280019246041774750e-02 2.647781558334827423e-02 1.045591663569211960e-02 5.360978189855813980e-03 3.095832420513033867e-03 5.579098593443632126e-03 1.382436457788571715e-04 1.092601940035820007e-02 0.000000000000000000e+00 0.000000000000000000e+00
1.787604950368404388e-02 2.583318948745727539e-02 1.321918517351150513e-02 8.227763175964355469e-01 3.947546705603599548e-02 2.339282445609569550e-02 2.479075081646442413e-02 2.066744305193424225e-02 3.822098299860954285e-02 1.372664887458086014e-02 6.854866631329059601e-03 4.699547216296195984e-02 8.675139397382736206e-03 3.266132622957229614e-02 1.125887595117092133e-02 1.270874310284852982e-02 7.163109723478555679e-03 1.676201354712247849e-03 4.121710732579231262e-02 9.556276723742485046e-03 7.072219159454107285e-03 9.981327690184116364e-03 2.515394613146781921e-02 2.184259705245494843e-02 1.112149190157651901e-02 1.163439359515905380e-02 1.836758106946945190e-03 7.565367501229047775e-03 9.534418582916259766e-03 1.249411050230264664e-02 2.324832417070865631e-02 1.898413524031639099e-02 1.578265056014060974e-02 1.903988048434257507e-02 4.784296266734600067e-03 3.330171853303909302e-02 2.859861403703689575e-02 5.053274333477020264e-03 5.500323697924613953e-02 2.225119993090629578e-02 3.565749619156122208e-03 2.222379855811595917e-02 6.232546176761388779e-03 1.566490740515291691e-03 2.217538282275199890e-02 3.786064218729734421e-03 1.686041243374347687e-02 1.451445929706096649e-02 2.227800711989402771e-02 2.036565355956554413e-02 1.433522719889879227e-02 5.785110872238874435e-03 2.279645390808582306e-02 2.357168495655059814e-02 1.723686419427394867e-02 7.584652397781610489e-03 1.835515722632408142e-02 1.669003441929817200e-02 4.245836753398180008e-03 2.366348728537559509e-02 4.335103221819736063e-05 3.951170947402715683e-03 3.826846182346343994e-02 1.403099577873945236e-02 8.028666488826274872e-03 2.381783537566661835e-02 1.730663643684238195e-05 1.279928721487522125e-03 2.334506064653396606e-02 2.951408096123486757e-04 2.858826657757163048e-03 6.196697242558002472e-03 5.273385345935821533e-02 2.389768815191928297e-05 4.749897494912147522e-02 8.172936737537384033e-03 4.393992200493812561e-02 2.366319298744201660e-02 3.143876791000366211e-02 9.235100820660591125e-03 1.776289008557796478e-02 6.938244681805372238e-03 2.859198674559593201e-02 4.017706215381622314e-02 6.120909471064805984e-03 1.668022014200687408e-02 8.233585394918918610e-03 1.520262286067008972e-02 2.440103329718112946e-02 1.868244493380188942e-03 1.251529622822999954e-02 1.934415544383227825e-03 1.403996720910072327e-02 8.572033606469631195e-03 7.991578429937362671e-03 2.003852277994155884e-02 2.235198859125375748e-03 3.313453495502471924e-02 2.912896312773227692e-02 3.150445595383644104e-02 2.813268266618251801e-02 3.962051589041948318e-03 7.637883536517620087e-03 2.939134836196899414e-02 8.632512763142585754e-03 6.152986548840999603e-03 4.963316954672336578e-03 1.611415669322013855e-02 1.173691544681787491e-02 4.208266269415616989e-03 1.781302853487432003e-03 3.906498895958065987e-04 4.939221777021884918e-03 1.836974918842315674e-02 0.000000000000000000e+00 0.000000000000000000e+00
2.682203799486160278e-02 2.972357347607612610e-02 1.260068081319332123e-02 3.947546705603599548e-02 8.227763175964355469e-01 3.680788911879062653e-03 4.528626799583435059e-03 1.541098207235336304e-02 1.067916862666606903e-02 1.992706209421157837e-02 9.101431816816329956e-03 2.952700853347778320e-02 5.340329371392726898e-03 2.189687825739383698e-02 1.384774222970008850e-02 1.411288138478994370e-02 3.173590824007987976e-02 1.724099367856979370e-02 4.735349863767623901e-02 2.036131685599684715e-03 1.125776907429099083e-03 2.584983035922050476e-02 1.756339520215988159e-02 7.707055658102035522e-03 2.065546286758035421e-04 9.966275654733181000e-03 2.058782055974006653e-02 2.342796698212623596e-02 1.408152189105749130e-02 1.872942782938480377e-02 7.177802734076976776e-03 1.960186986252665520e-03 9.125160984694957733e-03 3.417233703657984734e-03 8.508888073265552521e-03 2.287207171320915222e-02 2.923381701111793518e-02 1.940503902733325958e-02 1.289141084998846054e-02 4.282406717538833618e-02 2.661058492958545685e-02 2.224751980975270271e-03 6.758227944374084473e-03 2.788498066365718842e-02 1.042371243238449097e-02 5.142428912222385406e-03 1.273087109439074993e-03 5.075469147413969040e-03 1.115367375314235687e-02 2.276308462023735046e-02 2.168589038774371147e-03 3.000062191858887672e-03 2.620581723749637604e-02 1.666402444243431091e-02 4.450412467122077942e-03 2.863345667719841003e-02 8.302519097924232483e-03 3.306047059595584869e-03 5.914633162319660187e-03 1.641015708446502686e-02 1.507787406444549561e-02 2.642138861119747162e-02 1.845217682421207428e-02 9.072287008166313171e-03 1.050574332475662231e-02 6.062179338186979294e-03 2.763752453029155731e-02 2.968005090951919556e-02 3.612452419474720955e-03 2.087279967963695526e-02 1.567543670535087585e-02 1.737147569656372070e-02 2.734011225402355194e-02 1.006787829101085663e-02 3.366740792989730835e-02 1.982018910348415375e-02 2.074044384062290192e-02 6.169841624796390533e-03 1.472042873501777649e-02 5.977952387183904648e-03 1.729648560285568237e-02 1.702314615249633789e-02 3.831930458545684814e-02 4.326451197266578674e-02 3.499678336083889008e-03 2.042676322162151337e-02 1.374394260346889496e-02 1.102531235665082932e-02 5.434948485344648361e-03 1.788780465722084045e-02 2.763646654784679413e-03 1.842493563890457153e-02 1.619043876416981220e-03 3.550992906093597412e-02 5.019458476454019547e-03 7.731084042461588979e-05 1.074904017150402069e-02 6.384608335793018341e-03 7.103769108653068542e-03 1.906384900212287903e-02 1.260633021593093872e-02 2.063247142359614372e-03 1.966026425361633301e-02 9.477701038122177124e-03 1.362346112728118896e-02 6.289611570537090302e-03 1.041246950626373291e-02 3.932487219572067261e-03 9.125062497332692146e-04 1.235526800155639648e-02 2.227584645152091980e-02 2.032111631706357002e-03 6.507333368062973022e-03 7.762999739497900009e-03 0.000000000000000000e+00 0.000000000000000000e+00
1.985345222055912018e-02 1.738550886511802673e-02 1.015061791986227036e-02 2.339282445609569550e-02 3.680788911879062653e-03 8.227763175964355469e-01 6.761207431554794312e-02 1.620837114751338959e-02 8.838951587677001953e-03 8.031566627323627472e-03 4.487798735499382019e-02 2.070548757910728455e-02 5.012741684913635254e-02 2.220534346997737885e-02 3.462499240413308144e-03 8.755975402891635895e-03 2.327409572899341583e-03 2.596041187644004822e-02 3.316273167729377747e-02 2.595961559563875198e-03 4.444896694622002542e-05 4.093444719910621643e-02 9.114366956055164337e-03 4.503998439759016037e-03 1.799852214753627777e-02 3.442944958806037903e-02 2.656947448849678040e-02 5.338037153705954552e-04 2.672873437404632568e-02 6.605633068829774857e-03 2.468290552496910095e-02 8.574211038649082184e-03 7.644564844667911530e-03 1.871436834335327148e-02 1.141075044870376587e-03 1.171016320586204529e-02 9.472873993217945099e-03 2.949890308082103729e-02 1.177943404763936996e-02 9.510505944490432739e-03 4.590367153286933899e-02 9.577913209795951843e-03 1.322760339826345444e-02 1.544308755546808243e-02 1.991276070475578308e-02 8.522195741534233093e-03 6.503263860940933228e-02 3.840927407145500183e-02 1.540914643555879593e-02 1.519648358225822449e-03 3.831610083580017090e-03 3.177976468577980995e-03 1.277409493923187256e-02 5.158791318535804749e-03 6.426370237022638321e-03 3.017401613760739565e-04 1.469290535897016525e-02 1.899293437600135803e-02 3.924166318029165268e-03 1.031920686364173889e-02 3.193809418007731438e-03 1.228371821343898773e-02 1.006840821355581284e-02 7.735252729617059231e-04 1.881781034171581268e-02 2.956915646791458130e-02 2.894974872469902039e-02 3.738772822543978691e-03 8.404643740504980087e-04 3.160528093576431274e-02 8.274820633232593536e-03 1.935363188385963440e-02 4.986037311027757823e-05 2.940084598958492279e-02 7.400454953312873840e-03 1.346121821552515030e-02 6.603478919714689255e-03 3.081229748204350471e-03 6.181915756314992905e-03 2.221327647566795349e-02 1.026073936372995377e-02 6.578458938747644424e-03 3.380649955943226814e-03 9.057004004716873169e-03 7.112594787031412125e-03 1.072327885776758194e-02 1.602547056972980499e-02 2.200870774686336517e-02 2.294693607836961746e-03 7.316691800951957703e-03 2.432426810264587402e-02 4.202367737889289856e-02 5.144149065017700195e-03 2.926279604434967041e-02 2.441717684268951416e-02 4.070381820201873779e-02 1.671146415174007416e-02 2.626592293381690979e-02 2.031944319605827332e-02 2.212750911712646484e-02 2.102152071893215179e-02 1.359850727021694183e-02 6.642429158091545105e-03 6.151448469609022141e-03 1.067184191197156906e-02 1.022373232990503311e-02 7.437085267156362534e-03 9.672523476183414459e-03 1.171785127371549606e-02 1.438434422016143799e-02 1.135936472564935684e-02 1.211589574813842773e-02 1.594647532328963280e-03 2.804162213578820229e-03 0.000000000000000000e+00 0.000000000000000000e+00
1.641623862087726593e-02 1.488872896879911423e-02 2.867682836949825287e-03 2.479075081646442413e-02 4.528626799583435059e-03 6.761207431554794312e-02 8.227763175964355469e-01 1.993349008262157440e-02 1.910091564059257507e-02 5.796876735985279083e-03 5.457715317606925964e-02 2.792397886514663696e-02 4.376373067498207092e-02 3.498281538486480713e-02 4.754088819026947021e-03 9.790388867259025574e-03 1.165512367151677608e-03 1.387974014505743980e-03 2.062807790935039520e-02 7.963624782860279083e-03 7.656218949705362320e-03 2.525281347334384918e-02 5.497136153280735016e-03 1.203045714646577835e-02 2.290291711688041687e-02 4.451131820678710938e-02 1.408759597688913345e-02 3.047557780519127846e-03 3.213873133063316345e-02 1.312986714765429497e-03 3.541996330022811890e-02 1.137972343713045120e-02 4.625548608601093292e-03 1.110874116420745850e-02 4.771923180669546127e-03 4.911574069410562515e-03 3.162265347782522440e-04 1.193985994905233383e-02 1.090926118195056915e-02 2.308843890205025673e-03 1.651012524962425232e-02 1.901011168956756592e-02 2.925924584269523621e-02 2.822899259626865387e-03 3.701491281390190125e-02 1.624461449682712555e-02 6.664890795946121216e-02 6.012866646051406860e-02 4.374134819954633713e-03 1.009653438813984394e-03 3.053966723382472992e-02 3.024051897227764130e-02 4.240963142365217209e-03 9.004033170640468597e-03 6.821879651397466660e-03 3.933744505047798157e-03 2.431026659905910492e-02 3.588881343603134155e-02 1.815254986286163330e-02 1.762121543288230896e-02 1.405133516527712345e-03 3.714468330144882202e-03 1.706103049218654633e-02 6.646009162068367004e-03 2.004520595073699951e-02 3.422606736421585083e-02 2.840438112616539001e-02 2.622593380510807037e-02 9.563067927956581116e-03 2.214934676885604858e-02 7.894065231084823608e-03 1.130601298063993454e-02 3.954941406846046448e-03 2.135233394801616669e-02 2.547086682170629501e-03 5.787439644336700439e-03 2.061296068131923676e-02 2.173932828009128571e-02 1.878080330789089203e-02 4.640160594135522842e-03 6.379474652931094170e-04 2.328518545255064964e-03 1.409676857292652130e-02 3.890564898028969765e-03 1.634031161665916443e-02 5.442582536488771439e-03 1.155972015112638474e-02 2.076969482004642487e-02 2.028174139559268951e-02 1.063738483935594559e-02 3.730262815952301025e-02 2.190759405493736267e-02 2.270852215588092804e-02 1.415477041155099869e-02 2.100211381912231445e-02 2.370334602892398834e-02 2.441965276375412941e-03 3.028141148388385773e-02 3.287459537386894226e-02 3.376556187868118286e-02 2.221414260566234589e-02 8.090023882687091827e-03 1.455299672670662403e-03 5.700118839740753174e-03 1.764611806720495224e-03 2.204050309956073761e-02 4.655756987631320953e-03 1.359050907194614410e-02 5.928215570747852325e-03 9.662200696766376495e-03 1.382495276629924774e-03 3.279324993491172791e-02 2.402728237211704254e-02 6.107552908360958099e-04 0.000000000000000000e+00 0.000000000000000000e+00
2.787230908870697021e-02 2.565016970038414001e-02 5.236076936125755310e-02 2.066744305193424225e-02 1.541098207235336304e-02 1.620837114751338959e-02 1.993349008262157440e-02 8.227763175964355469e-01 1.850518397986888885e-02 1.230979614774696529e-05 1.559186726808547974e-03 2.345447428524494171e-02 5.438077263534069061e-03 1.163194049149751663e-02 4.660114645957946777e-02 9.885000064969062805e-03 9.127262164838612080e-04 5.054474342614412308e-03 1.821451447904109955e-02 6.268548313528299332e-03 9.502023458480834961e-03 1.911155320703983307e-02 2.851111069321632385e-02 1.600969955325126648e-02 1.989294029772281647e-02 2.838332578539848328e-02 1.536334119737148285e-02 3.691708296537399292e-02 1.587803103029727936e-02 4.429159220308065414e-03 2.969323424622416496e-03 2.520413883030414581e-02 1.325077842921018600e-02 1.861588843166828156e-02 6.452472414821386337e-03 3.301502764225006104e-02 2.777311019599437714e-02 4.013461526483297348e-03 1.231255475431680679e-02 6.649951450526714325e-03 1.523199304938316345e-02 1.763921976089477539e-02 2.073248103260993958e-02 3.623635042458772659e-03 2.676287665963172913e-03 1.358211040496826172e-02 1.583373919129371643e-02 6.092755589634180069e-03 7.155929226428270340e-03 9.580058977007865906e-04 9.671652689576148987e-03 1.309183519333600998e-02 1.990672014653682709e-02 2.875262685120105743e-02 2.342780120670795441e-02 1.164551824331283569e-02 2.676799148321151733e-02 5.755258258432149887e-03 9.538325481116771698e-03 2.799190953373908997e-02 2.941641025245189667e-02 1.845035888254642487e-02 1.642627641558647156e-02 1.206555683165788651e-02 5.075078923255205154e-03 7.196196354925632477e-03 6.766704027540981770e-04 4.845501389354467392e-04 2.893630042672157288e-02 9.762861765921115875e-03 1.390337478369474411e-02 1.154266064986586571e-03 1.119700376875698566e-03 1.691929809749126434e-02 1.537625910714268684e-03 1.078074239194393158e-02 2.411555871367454529e-02 1.134262303821742535e-03 2.269382122904062271e-03 1.815066672861576080e-02 5.903436616063117981e-02 5.312549695372581482e-02 1.686783321201801300e-02 2.548231184482574463e-02 1.616560295224189758e-02 1.687490753829479218e-02 4.481425136327743530e-02 2.990206517279148102e-02 3.446072340011596680e-02 1.884937519207596779e-03 4.504553508013486862e-03 1.141409110277891159e-02 5.607288796454668045e-03 2.721195295453071594e-02 3.384754294529557228e-03 7.739958353340625763e-03 4.918301943689584732e-03 3.168395254760980606e-03 3.853476606309413910e-03 1.262861303985118866e-02 1.578358374536037445e-02 2.175706438720226288e-02 1.807734183967113495e-02 2.859470900148153305e-03 2.115201763808727264e-02 9.537629783153533936e-03 2.390721440315246582e-02 5.957252811640501022e-03 1.299326680600643158e-02 1.970489742234349251e-03 1.540998229756951332e-03 2.353393286466598511e-02 1.920947059988975525e-02 5.464660469442605972e-03 0.000000000000000000e+00 0.000000000000000000e+00
2.615536376833915710e-02 3.619823977351188660e-02 2.065079286694526672e-02 3.822098299860954285e-02 1.067916862666606903e-02 8.838951587677001953e-03 1.910091564059257507e-02 1.850518397986888885e-02 8.227763175964355469e-01 4.112172499299049377e-02 2.312667295336723328e-02 4.127861559391021729e-02 6.307729519903659821e-03 1.054210495203733444e-02 4.388336092233657837e-03 1.387904863804578781e-02 1.556888222694396973e-02 4.883046075701713562e-02 7.581060286611318588e-03 9.139609523117542267e-03 1.627778867259621620e-03 2.308767521753907204e-03 3.328967094421386719e-02 1.755422353744506836e-02 9.264019317924976349e-03 9.609272703528404236e-03 1.280192006379365921e-02 5.880684591829776764e-03 6.811926607042551041e-03 3.118185698986053467e-02 2.077041752636432648e-02 1.920801959931850433e-02 1.844176277518272400e-02 1.247852388769388199e-02 2.288752933964133263e-03 7.696046959608793259e-03 2.375920675694942474e-02 2.090398408472537994e-02 3.296574577689170837e-02 1.480056904256343842e-02 1.996752619743347168e-02 1.505292300134897232e-02 2.667437773197889328e-03 1.034345757216215134e-02 1.786735095083713531e-02 9.415846318006515503e-03 2.079999260604381561e-02 2.272932045161724091e-02 2.979208528995513916e-02 2.021957933902740479e-02 2.633986878208816051e-04 1.199388131499290466e-02 2.282551117241382599e-02 2.133500576019287109e-02 3.780473023653030396e-02 1.471777819097042084e-02 2.738165296614170074e-02 1.715859584510326385e-02 4.403468687087297440e-03 1.397807430475950241e-02 1.685419492423534393e-02 4.255997948348522186e-03 1.715357229113578796e-02 6.390984635800123215e-03 2.142094820737838745e-02 3.138115257024765015e-02 2.168487990275025368e-03 1.118760369718074799e-02 3.395331650972366333e-02 4.141633398830890656e-03 2.205181680619716644e-02 1.431490201503038406e-02 2.420570515096187592e-02 5.216051824390888214e-03 3.388266265392303467e-02 1.997178792953491211e-02 6.188989430665969849e-02 3.283902630209922791e-02 4.545363783836364746e-02 2.465874142944812775e-02 3.294100286439061165e-03 1.593546010553836823e-02 1.516067702323198318e-02 1.779253594577312469e-03 2.400374226272106171e-02 2.388351038098335266e-02 3.183483844622969627e-03 1.412665192037820816e-02 5.632557719945907593e-02 2.735664136707782745e-02 3.408555313944816589e-02 5.752614699304103851e-03 2.450691908597946167e-02 2.026225440204143524e-03 4.108428955078125000e-03 1.500570774078369141e-02 1.703415066003799438e-03 1.320218481123447418e-02 9.530607610940933228e-03 2.122242376208305359e-02 2.392442151904106140e-02 3.033925546333193779e-03 7.870974950492382050e-03 2.248319052159786224e-02 8.080883882939815521e-03 1.612622849643230438e-02 2.048636600375175476e-02 1.814024336636066437e-02 1.780408062040805817e-02 1.050078310072422028e-02 1.288828253746032715e-02 8.669688366353511810e-03 5.117971450090408325e-03 2.086001262068748474e-02 0.000000000000000000e+00 0.000000000000000000e+00
1.758535951375961304e-02 1.588134281337261200e-02 5.527043715119361877e-03 1.372664887458086014e-02 1.992706209421157837e-02 8.031566627323627472e-03 5.796876735985279083e-03 1.230979614774696529e-05 4.112172499299049377e-02 8.227763175964355469e-01 1.610373891890048981e-02 8.168982341885566711e-03 1.454949751496315002e-02 1.174245029687881470e-02 1.514345128089189529e-02 1.180905848741531372e-02 1.308506005443632603e-03 4.631656780838966370e-02 5.045315623283386230e-02 2.274365350604057312e-02 1.126004848629236221e-02 1.445374917238950729e-02 1.372161880135536194e-02 2.607091143727302551e-02 9.308463893830776215e-03 4.918717895634472370e-04 1.361984666436910629e-02 1.091354712843894958e-02 1.025339588522911072e-02 2.370316907763481140e-02 1.084389537572860718e-02 1.756297051906585693e-02 2.234987914562225342e-02 4.098603094462305307e-04 2.827722812071442604e-03 1.267230696976184845e-02 1.557772513478994370e-02 2.103200741112232208e-02 2.692341431975364685e-02 6.722684483975172043e-03 1.733345724642276764e-02 1.246465463191270828e-02 1.412263140082359314e-02 1.368562504649162292e-02 3.988514188677072525e-03 2.892481908202171326e-02 1.081116381101310253e-03 1.561183948069810867e-02 3.822122467681765556e-03 4.244289547204971313e-02 1.916537620127201080e-02 1.304342783987522125e-02 9.486527182161808014e-03 2.154306566808372736e-04 2.329135080799460411e-03 3.641279414296150208e-02 2.185620134696364403e-03 1.965784095227718353e-02 2.211882546544075012e-02 8.853121660649776459e-03 2.241127804154530168e-04 2.261953987181186676e-02 4.876532184425741434e-04 5.398415494710206985e-03 1.388958562165498734e-02 1.736949197947978973e-02 2.532699704170227051e-02 5.275661824271082878e-04 2.214950695633888245e-02 2.241612225770950317e-02 3.850815817713737488e-02 1.577879860997200012e-02 1.817127130925655365e-02 2.295090118423104286e-03 2.091716974973678589e-02 2.154681086540222168e-02 3.160385042428970337e-02 5.986136570572853088e-02 1.802785508334636688e-02 5.607869848608970642e-02 9.695084765553474426e-03 2.103217691183090210e-02 2.810607291758060455e-02 4.580146074295043945e-02 2.065527485683560371e-03 5.027215555310249329e-02 1.686629094183444977e-02 2.952631376683712006e-02 2.922668494284152985e-02 4.891128093004226685e-02 1.879673823714256287e-02 2.263650298118591309e-02 2.938738092780113220e-02 1.778905466198921204e-02 1.561886863783001900e-03 4.767653997987508774e-03 8.682789281010627747e-03 5.991443525999784470e-03 2.028516493737697601e-02 1.213877461850643158e-02 2.971336804330348969e-02 1.456839591264724731e-02 7.625539321452379227e-03 1.940342225134372711e-02 7.104045362211763859e-04 7.838004268705844879e-03 1.025995612144470215e-02 2.892821654677391052e-02 2.539038285613059998e-02 1.417899969965219498e-02 2.222262136638164520e-02 4.866998642683029175e-03 7.165727205574512482e-03 1.521081011742353439e-02 0.000000000000000000e+00 0.000000000000000000e+00
1.272962242364883423e-02 5.976161919534206390e-03 4.187240265309810638e-03 6.854866631329059601e-03 9.101431816816329956e-03 4.487798735499382019e-02 5.457715317606925964e-02 1.559186726808547974e-03 2.312667295336723328e-02 1.610373891890048981e-02 8.227763175964355469e-01 2.221393585205078125e-02 5.787258595228195190e-02 2.840180881321430206e-02 1.158307958394289017e-02 1.242207922041416168e-02 4.682513419538736343e-03 1.922909915447235107e-02 6.378924590535461903e-04 7.458921987563371658e-03 2.504434960428625345e-04 2.802329696714878082e-02 3.643005911726504564e-04 4.645553417503833771e-03 1.383775100111961365e-02 2.886549755930900574e-02 2.317495271563529968e-02 1.204243768006563187e-02 4.616589844226837158e-02 1.999024488031864166e-02 4.103648290038108826e-02 1.714236277621239424e-04 1.185792032629251480e-02 9.785416536033153534e-03 4.375237505882978439e-03 6.020420696586370468e-03 5.470213945955038071e-03 1.528082648292183876e-03 9.275052696466445923e-03 1.774429157376289368e-02 1.447535492479801178e-02 2.266563387820497155e-04 1.684887334704399109e-02 1.900091581046581268e-02 3.446215018630027771e-02 2.440951764583587646e-02 5.763610824942588806e-02 5.534993484616279602e-02 1.363058225251734257e-03 1.361575443297624588e-03 8.092496544122695923e-03 1.830751262605190277e-02 6.678527221083641052e-03 1.544944243505597115e-03 7.943209260702133179e-03 1.813708222471177578e-03 2.082277648150920868e-02 3.458307310938835144e-02 6.179682910442352295e-03 1.146311499178409576e-02 5.087891593575477600e-03 9.089579805731773376e-03 1.281496882438659668e-02 6.371118593961000443e-03 4.241858050227165222e-02 5.101417377591133118e-02 7.512636482715606689e-03 1.276566646993160248e-02 3.028472652658820152e-03 2.826449461281299591e-02 8.269895799458026886e-03 1.538671273738145828e-02 9.743142873048782349e-03 2.464895136654376984e-02 1.231147442013025284e-02 1.559129916131496429e-02 2.096716500818729401e-02 2.336829528212547302e-02 1.576024293899536133e-02 6.069784052670001984e-03 2.510642074048519135e-02 1.001068949699401855e-02 3.418619930744171143e-02 2.523003518581390381e-02 6.676061544567346573e-03 9.800484403967857361e-03 2.811407670378684998e-02 3.127992898225784302e-02 1.924099028110504150e-02 2.066355571150779724e-02 4.826029390096664429e-02 2.338653989136219025e-02 3.597773239016532898e-02 2.480172365903854370e-02 3.662942443042993546e-03 2.229427220299839973e-03 2.881792373955249786e-03 6.423441693186759949e-03 1.416824478656053543e-02 5.304673686623573303e-03 6.412228103727102280e-03 2.323494525626301765e-03 2.107415348291397095e-03 4.380850121378898621e-03 3.895994741469621658e-03 2.529253624379634857e-02 1.520529296249151230e-02 5.478384904563426971e-03 1.781972683966159821e-02 5.447682458907365799e-03 2.214981429278850555e-02 1.676192507147789001e-02 1.866442896425724030e-02 5.561615107581019402e-04 0.000000000000000000e+00 0.000000000000000000e+00
5.535006057471036911e-03 2.177439257502555847e-02 3.852543979883193970e-02 4.699547216296195984e-02 2.952700853347778320e-02 2.070548757910728455e-02 2.792397886514663696e-02 2.345447428524494171e-02 4.127861559391021729e-02 8.168982341885566711e-03 2.221393585205078125e-02 8.227763175964355469e-01 6.334881181828677654e-04 5.752192065119743347e-02 1.401864644140005112e-02 1.841991581022739410e-02 2.640897221863269806e-02 5.487255286425352097e-03 3.586391732096672058e-02 2.464551012963056564e-03 7.902584969997406006e-03 8.698161691427230835e-03 2.316408231854438782e-02 6.968919653445482254e-03 4.108966328203678131e-03 1.264016237109899521e-02 8.079184219241142273e-03 2.187651023268699646e-02 1.357003487646579742e-02 1.248155836947262287e-03 2.612176910042762756e-02 3.026891127228736877e-02 2.475846000015735626e-02 1.192093174904584885e-02 6.218996364623308182e-03 2.640818618237972260e-02 3.153202310204505920e-02 1.160793006420135498e-02 1.953576318919658661e-02 2.121329866349697113e-02 5.423583555966615677e-03 9.507716633379459381e-03 8.822718635201454163e-03 2.062014304101467133e-03 4.788315668702125549e-02 8.235220797359943390e-03 3.281208500266075134e-02 2.428561635315418243e-02 6.623692344874143600e-03 1.183331478387117386e-02 9.853692725300788879e-03 7.547396700829267502e-03 3.695997968316078186e-02 2.900996990501880646e-02 2.197010256350040436e-02 1.399813219904899597e-02 1.799192838370800018e-02 1.434121560305356979e-02 2.125471085309982300e-02 3.213505446910858154e-02 6.919390056282281876e-03 1.256912760436534882e-02 4.026276618242263794e-02 1.043980475515127182e-02 1.260415650904178619e-02 1.988626271486282349e-02 1.443013455718755722e-02 1.260703057050704956e-02 5.314051639288663864e-03 3.176410682499408722e-03 2.049826271831989288e-02 1.774957403540611267e-03 3.454010188579559326e-02 2.552823862060904503e-03 3.189888224005699158e-02 9.746268391609191895e-03 2.814950235188007355e-02 4.197160160401836038e-05 4.352441057562828064e-02 2.229031175374984741e-03 7.669908925890922546e-03 3.549008443951606750e-02 1.180050522089004517e-02 2.579643018543720245e-02 1.309427805244922638e-02 1.997970044612884521e-03 1.232583075761795044e-02 4.958291538059711456e-03 3.020476549863815308e-02 2.202375791966915131e-03 3.494920581579208374e-02 1.336249895393848419e-02 2.173814736306667328e-02 8.272632025182247162e-03 3.725002752617001534e-03 1.937590277520939708e-04 1.165150757879018784e-02 5.696032661944627762e-03 4.754735156893730164e-03 1.451815292239189148e-02 7.857813499867916107e-03 2.192375622689723969e-02 3.981358371675014496e-03 1.925049349665641785e-02 1.811211183667182922e-02 1.269623637199401855e-02 6.989136338233947754e-03 1.342877559363842010e-02 9.328575804829597473e-03 2.334364689886569977e-02 1.011068746447563171e-02 5.808707326650619507e-03 5.812586285173892975e-03 1.856094785034656525e-02 0.000000000000000000e+00 0.000000000000000000e+00
3.005000762641429901e-02 3.739281743764877319e-02 1.373135950416326523e-02 8.675139397382736206e-03 5.340329371392726898e-03 5.012741684913635254e-02 4.376373067498207092e-02 5.438077263534069061e-03 6.307729519903659821e-03 1.454949751496315002e-02 5.787258595228195190e-02 6.334881181828677654e-04 8.227763175964355469e-01 1.392780244350433350e-02 2.419489808380603790e-02 1.784345135092735291e-02 5.853492300957441330e-03 9.213805315084755421e-04 7.814965210855007172e-03 3.279271535575389862e-03 1.487358659505844116e-02 4.232889413833618164e-02 1.814645342528820038e-02 4.984830971807241440e-03 1.558995456434786320e-03 1.626116037368774414e-02 2.758328057825565338e-02 1.709860190749168396e-02 3.867193683981895447e-02 1.998901367187500000e-02 4.072818532586097717e-02 1.129013579338788986e-02 2.567260898649692535e-02 1.704976335167884827e-02 1.052022818475961685e-02 1.356986816972494125e-03 1.365373283624649048e-02 1.539138052612543106e-02 4.002061672508716583e-03 2.570214308798313141e-02 2.494525723159313202e-02 1.682389702182263136e-04 1.548353675752878189e-02 1.737416349351406097e-02 1.444140914827585220e-02 1.691655628383159637e-02 4.204208031296730042e-02 3.802833333611488342e-02 9.044188074767589569e-03 4.905415698885917664e-03 7.032731082290410995e-03 1.682006940245628357e-02 8.268089033663272858e-03 1.315553020685911179e-02 1.195789128541946411e-02 1.762586063705384731e-03 5.016110371798276901e-04 2.098798751831054688e-02 2.458705333992838860e-03 8.766202256083488464e-03 1.539156865328550339e-02 1.741270720958709717e-02 1.965310657396912575e-03 6.438772194087505341e-03 2.691708505153656006e-02 3.932503983378410339e-02 1.123615191318094730e-03 6.598324398510158062e-04 1.233181636780500412e-02 3.992410376667976379e-02 1.445448724552989006e-03 2.344728261232376099e-02 9.697201661765575409e-03 3.952605649828910828e-02 8.642898872494697571e-03 1.606761105358600616e-02 1.114996615797281265e-02 1.865040510892868042e-02 3.047329373657703400e-03 1.320875599049031734e-03 2.308295108377933502e-02 2.210929803550243378e-02 2.776671387255191803e-02 1.334322709590196609e-02 3.250256180763244629e-03 9.334051981568336487e-03 2.602493017911911011e-02 3.665459901094436646e-02 8.498935960233211517e-03 4.477720707654953003e-03 2.717841975390911102e-02 4.600589349865913391e-02 2.358311973512172699e-02 3.995433077216148376e-02 4.736618138849735260e-03 1.453323196619749069e-02 3.551688045263290405e-02 1.175974216312170029e-02 1.396331842988729477e-02 9.754550643265247345e-03 1.599667780101299286e-02 3.483456000685691833e-02 6.675579585134983063e-03 5.063696764409542084e-03 7.989955134689807892e-03 2.326886635273694992e-03 1.262978184968233109e-03 8.139733225107192993e-03 1.541631575673818588e-02 1.239375863224267960e-02 2.826357819139957428e-02 5.745635833591222763e-03 1.258370280265808105e-02 1.376943080686032772e-03 0.000000000000000000e+00 0.000000000000000000e+00
