8.335440158843994141e-01 1.005299314856529236e-01 1.618961617350578308e-02 8.787714876234531403e-03 2.789631951600313187e-03 7.683110237121582031e-02 6.592051684856414795e-02 6.546063348650932312e-03 7.344969548285007477e-03 1.499816309660673141e-02 8.838015794754028320e-02 5.565198138356208801e-03 8.424888551235198975e-02 9.206810034811496735e-03 3.287276998162269592e-02 3.258564742282032967e-03 5.603727884590625763e-03 2.368782414123415947e-03 3.282165620476007462e-03 7.964101969264447689e-04 5.879459902644157410e-03 3.644429147243499756e-02 1.579085178673267365e-02 2.547363191843032837e-02 1.349993608891963959e-02 1.480770111083984375e-02 1.062070764601230621e-02 1.116166356950998306e-02 3.641416877508163452e-02 1.136373542249202728e-02 2.132645621895790100e-02 9.449489880353212357e-04 3.003075835295021534e-04 5.181720945984125137e-03 9.344228310510516167e-04 7.672293111681938171e-03 5.783333908766508102e-03 1.552500203251838684e-02 2.883427077904343605e-03 6.452553439885377884e-03 4.746454302221536636e-03 6.520844530314207077e-03 1.044085901230573654e-02 1.219100039452314377e-02 1.959665305912494659e-02 1.335328165441751480e-02 5.281256511807441711e-02 6.439641863107681274e-02 6.138347089290618896e-04 9.076152928173542023e-03 1.157254632562398911e-02 2.263489738106727600e-02 4.208973143249750137e-03 7.811122573912143707e-03 4.846799187362194061e-03 5.387940444052219391e-03 6.964148953557014465e-03 4.646437242627143860e-03 4.172099754214286804e-03 1.301543042063713074e-02 3.142245346680283546e-03 9.686890407465398312e-04 5.236196331679821014e-03 8.264435455203056335e-03 3.925788030028343201e-02 3.074120543897151947e-02 1.399357104673981667e-03 8.221818134188652039e-03 8.362235384993255138e-04 1.681334152817726135e-02 4.626665264368057251e-03 6.472268141806125641e-03 6.731742061674594879e-03 1.192075200378894806e-02 2.272860612720251083e-03 4.803401418030261993e-03 1.607187557965517044e-03 7.356738671660423279e-03 1.831517368555068970e-02 2.215806394815444946e-02 6.220649229362607002e-04 1.613796222954988480e-03 7.989200763404369354e-03 7.208581664599478245e-04 4.710971377789974213e-03 7.643469609320163727e-03 3.844474256038665771e-02 2.426440455019474030e-02 2.782686054706573486e-02 1.842688769102096558e-02 3.231970965862274170e-02 3.321864083409309387e-02 3.514182567596435547e-02 2.032044902443885803e-02 4.095059819519519806e-03 5.919891875237226486e-03 2.016032347455620766e-03 7.039211224764585495e-03 1.233656425029039383e-02 4.422921687364578247e-03 3.617993090301752090e-03 1.330674567725509405e-04 1.420532539486885071e-02 1.370781380683183670e-02 1.225173752754926682e-02 5.461094435304403305e-03 1.980650797486305237e-02 1.060992479324340820e-02 1.135544572025537491e-02 1.330806990154087543e-03 1.398756983689963818e-03 1.128898747265338898e-02 1.803593011572957039e-03 5.229729227721691132e-03 4.239801783114671707e-03 4.679032601416110992e-03
1.005299314856529236e-01 8.335440158843994141e-01 1.940118707716464996e-02 1.164047233760356903e-02 2.498978748917579651e-03 7.806098461151123047e-02 7.357776910066604614e-02 5.640250630676746368e-03 1.986104249954223633e-02 2.211900800466537476e-02 8.554152399301528931e-02 3.037376562133431435e-03 9.018065780401229858e-02 4.529887810349464417e-03 3.313544765114784241e-02 7.746264804154634476e-03 6.187652237713336945e-03 1.063015125691890717e-02 3.915872424840927124e-03 2.222066512331366539e-03 5.051973741501569748e-03 3.343589976429939270e-02 2.488950826227664948e-02 3.231380507349967957e-02 1.488449517637491226e-02 9.243220090866088867e-03 9.932247921824455261e-03 3.112130099907517433e-03 2.508160844445228577e-02 4.577137588057667017e-04 1.758314296603202820e-02 9.429485071450471878e-04 8.361936197616159916e-04 6.647505331784486771e-03 3.944584168493747711e-03 2.155259018763899803e-03 4.731590859591960907e-03 8.765800856053829193e-03 3.999162930995225906e-03 8.952177129685878754e-03 2.537465770728886127e-04 2.436634385958313942e-03 2.947572851553559303e-03 1.138003543019294739e-02 9.166414849460124969e-03 1.169049739837646484e-02 4.603242129087448120e-02 6.570088863372802734e-02 1.334096188656985760e-03 1.151855196803808212e-02 2.024287357926368713e-02 2.390135824680328369e-02 6.592317018657922745e-03 1.475835032761096954e-02 6.638980004936456680e-03 7.011795882135629654e-03 8.044903166592121124e-03 3.000809112563729286e-03 3.495625453069806099e-03 2.392858639359474182e-02 1.532159658381715417e-04 2.471071900799870491e-03 5.752377677708864212e-03 6.132151000201702118e-03 4.261565208435058594e-02 3.056066110730171204e-02 3.669443307444453239e-03 8.431948721408843994e-03 5.335868336260318756e-03 1.312810927629470825e-02 5.584416911005973816e-03 1.371003873646259308e-02 6.847114767879247665e-03 1.036627683788537979e-02 7.952434942126274109e-03 1.361763919703662395e-03 6.860381457954645157e-03 1.085663773119449615e-02 2.342681400477886200e-02 2.842505648732185364e-02 1.035794033668935299e-03 2.602007007226347923e-03 1.597947813570499420e-02 6.123782368376851082e-04 3.599623683840036392e-03 2.128694439306855202e-03 4.058019444346427917e-02 3.405277058482170105e-02 2.558712661266326904e-02 1.159807760268449783e-02 2.811656892299652100e-02 3.103819489479064941e-02 3.966804966330528259e-02 1.707903109490871429e-02 1.512311981059610844e-03 1.936397282406687737e-03 2.560084452852606773e-03 9.138348512351512909e-03 4.288816358894109726e-03 1.717044156976044178e-03 8.134423755109310150e-03 8.002595044672489166e-03 1.537720113992691040e-02 2.224899129942059517e-03 1.049470901489257812e-02 8.480192162096500397e-03 1.593472063541412354e-02 8.368676528334617615e-03 3.220083657652139664e-03 2.276036189869046211e-03 3.281534882262349129e-03 1.004773098975419998e-02 2.114336937665939331e-03 1.045948243699967861e-03 1.022823061794042587e-02 1.510220812633633614e-03
1.618961617350578308e-02 1.940118707716464996e-02 8.335440158843994141e-01 7.227408699691295624e-03 1.712757511995732784e-03 8.442094549536705017e-03 1.582492515444755554e-02 4.615965858101844788e-02 1.177736558020114899e-02 7.759855594485998154e-03 9.035530500113964081e-03 8.926452137529850006e-03 1.061387918889522552e-02 5.962532013654708862e-03 2.609069272875785828e-02 1.264232955873012543e-02 3.912215586751699448e-03 1.055905967950820923e-02 2.268899977207183838e-02 3.438578220084309578e-03 8.412425406277179718e-03 2.195264585316181183e-02 3.276517614722251892e-02 8.695446886122226715e-03 1.984885707497596741e-02 8.474883623421192169e-03 1.097215339541435242e-02 8.258723653852939606e-03 1.073164585977792740e-02 1.739799859933555126e-03 5.622278898954391479e-03 1.530611538328230381e-03 6.045460468158125877e-04 7.937546470202505589e-04 2.343961037695407867e-02 1.224475074559450150e-02 5.387552082538604736e-03 2.325727045536041260e-02 4.840482957661151886e-03 1.763541996479034424e-02 1.766695827245712280e-02 2.469033375382423401e-02 1.269926317036151886e-02 1.759674213826656342e-02 3.500940511003136635e-03 1.934511936269700527e-03 6.706805899739265442e-03 3.237786237150430679e-03 6.107626482844352722e-03 1.243354193866252899e-02 3.328246995806694031e-02 3.506589308381080627e-02 2.446154505014419556e-02 2.155457809567451477e-02 7.118658628314733505e-03 2.778109395876526833e-03 7.112477440387010574e-03 8.379518985748291016e-04 2.678254060447216034e-02 1.611857302486896515e-02 3.956623375415802002e-03 8.226214908063411713e-03 1.473097223788499832e-02 8.957812562584877014e-03 2.153955865651369095e-04 3.766501613426953554e-04 5.046795122325420380e-03 6.718731485307216644e-03 2.697600051760673523e-03 1.012973301112651825e-02 9.645296260714530945e-03 4.300333559513092041e-03 1.277925039175897837e-04 1.643249951303005219e-02 1.004007295705378056e-03 7.009217981249094009e-03 3.486266592517495155e-03 1.060287188738584518e-02 3.823974402621388435e-03 8.762288838624954224e-03 3.199265152215957642e-02 3.343397378921508789e-02 1.026550214737653732e-02 4.156412091106176376e-03 1.984095014631748199e-02 1.624651253223419189e-02 1.502486132085323334e-02 3.407772630453109741e-02 5.152682773768901825e-03 8.180050179362297058e-03 1.618846505880355835e-02 2.452226355671882629e-03 1.441021356731653214e-02 2.054700441658496857e-02 2.745062811300158501e-03 2.624631160870194435e-03 1.328308251686394215e-03 9.815659373998641968e-03 1.476948522031307220e-02 2.142266370356082916e-02 7.083780597895383835e-03 1.286286022514104843e-02 1.845387183129787445e-02 2.248383872210979462e-02 2.262242324650287628e-02 2.645874023437500000e-02 8.622813969850540161e-03 6.599291227757930756e-03 1.065579801797866821e-02 1.005983259528875351e-02 8.919000625610351562e-03 2.398260124027729034e-02 2.060218155384063721e-02 1.611593365669250488e-02 2.850175835192203522e-03 1.864908821880817413e-02
8.787714876234531403e-03 1.164047233760356903e-02 7.227408699691295624e-03 8.335440158843994141e-01 7.434654235839843750e-02 5.009857937693595886e-03 6.141079589724540710e-03 1.443861518055200577e-02 2.055786177515983582e-02 2.251532487571239471e-02 6.889179814606904984e-03 1.120846904814243317e-02 1.159432716667652130e-02 1.846623141318559647e-03 2.081170119345188141e-02 3.113957308232784271e-02 2.759111486375331879e-02 7.779655046761035919e-03 5.105398129671812057e-03 1.211403962224721909e-02 4.045746754854917526e-03 3.202118212357163429e-03 2.600807510316371918e-02 2.138193510472774506e-02 2.493083942681550980e-03 1.931093446910381317e-02 5.727481096982955933e-03 2.521204017102718353e-02 1.552895084023475647e-02 1.891614124178886414e-02 2.020342275500297546e-02 5.289207678288221359e-03 9.791900403797626495e-03 1.224178448319435120e-02 6.233279593288898468e-03 7.441401481628417969e-03 4.751420929096639156e-04 1.950447820127010345e-02 4.112711548805236816e-02 4.401841759681701660e-02 1.739795878529548645e-02 6.917556747794151306e-04 5.772470030933618546e-03 8.181785815395414829e-04 6.780136842280626297e-03 8.580059744417667389e-03 1.201027259230613708e-02 9.281214326620101929e-03 9.531617979519069195e-04 2.452404983341693878e-02 2.158306306228041649e-03 1.242242008447647095e-02 3.754794830456376076e-03 1.949670910835266113e-02 5.596235394477844238e-03 7.251552771776914597e-03 3.860684484243392944e-02 3.983226791024208069e-02 6.143255624920129776e-03 5.462134256958961487e-03 2.553901076316833496e-02 2.200003340840339661e-02 2.790036611258983612e-02 2.486588060855865479e-02 1.328050903975963593e-02 1.646932214498519897e-02 2.700047043617814779e-04 3.470228519290685654e-03 3.275742754340171814e-02 1.367928343825042248e-03 2.486407570540904999e-02 7.707523182034492493e-03 5.445518717169761658e-02 4.237625282257795334e-03 4.551771283149719238e-02 6.207130383700132370e-03 2.348233945667743683e-02 2.864575479179620743e-03 5.845645908266305923e-03 1.489366218447685242e-02 2.248913794755935669e-02 7.724929600954055786e-03 4.458063468337059021e-02 3.137933090329170227e-02 5.001487676054239273e-03 1.531721092760562897e-02 2.383882552385330200e-02 1.682073809206485748e-02 2.286338061094284058e-02 1.092576235532760620e-02 2.374790981411933899e-02 6.874329876154661179e-03 2.102930098772048950e-02 5.666097626090049744e-03 2.439774572849273682e-02 1.253819745033979416e-02 2.478987164795398712e-02 1.724687777459621429e-02 5.289027001708745956e-03 1.244132220745086670e-02 1.153327152132987976e-02 5.499582039192318916e-05 1.136813499033451080e-02 7.431948906742036343e-04 1.386032719165086746e-02 4.964126273989677429e-03 1.842590980231761932e-02 2.223950810730457306e-02 7.446231320500373840e-03 2.054095827043056488e-02 8.865550160408020020e-03 2.067533694207668304e-02 7.023750338703393936e-03 5.834734765812754631e-04 3.096968634054064751e-03 3.173258155584335327e-04
2.789631951600313187e-03 2.498978748917579651e-03 1.712757511995732784e-03 7.434654235839843750e-02 8.335440158843994141e-01 1.153646316379308701e-02 4.266203381121158600e-03 2.010493911802768707e-02 1.983017101883888245e-02 5.154176149517297745e-03 4.421513061970472336e-03 1.608727499842643738e-02 3.187209367752075195e-03 1.190714724361896515e-02 2.111554145812988281e-02 3.253951296210289001e-02 3.746652975678443909e-02 4.397776909172534943e-03 4.086049448233097792e-04 4.387662280350923538e-03 8.581452071666717529e-03 6.308898329734802246e-03 2.188124321401119232e-02 7.366591133177280426e-03 5.699140485376119614e-03 1.022728998214006424e-02 1.758618280291557312e-02 2.493792586028575897e-02 1.811986230313777924e-02 2.476877532899379730e-02 1.124667190015316010e-02 9.546232409775257111e-03 2.811750862747430801e-03 8.015516214072704315e-03 5.357739515602588654e-03 2.290446776896715164e-03 3.074023639783263206e-03 1.985366642475128174e-02 4.002349823713302612e-02 4.967772960662841797e-02 2.184430137276649475e-02 1.506765559315681458e-02 7.312417961657047272e-03 5.336448550224304199e-03 8.737384341657161713e-03 5.749401170760393143e-03 6.188085302710533142e-03 7.877759635448455811e-03 1.842413283884525299e-02 1.548419520258903503e-02 9.347803890705108643e-03 1.851068064570426941e-02 4.652958828955888748e-03 1.644456759095191956e-02 1.116899680346250534e-02 1.072402112185955048e-02 3.286198526620864868e-02 4.795953631401062012e-02 5.981535650789737701e-03 7.520814426243305206e-03 9.519089013338088989e-03 2.057250216603279114e-02 1.029278896749019623e-02 2.685246616601943970e-02 1.443628314882516861e-02 1.554817892611026764e-02 4.731912631541490555e-03 1.057853549718856812e-02 2.681857347488403320e-02 8.978903293609619141e-03 2.924767322838306427e-02 7.679361384361982346e-03 4.333924502134323120e-02 1.438930303265806288e-05 5.357822403311729431e-02 7.733255159109830856e-03 9.691285900771617889e-03 7.108493242412805557e-03 2.139911241829395294e-02 1.123557612299919128e-02 5.421074107289314270e-03 4.019521642476320267e-03 3.584158793091773987e-02 5.574888736009597778e-02 1.241597253829240799e-02 1.855770684778690338e-02 2.074691094458103180e-02 1.303977333009243011e-02 1.636318862438201904e-02 2.268442325294017792e-02 1.409083604812622070e-02 2.524775918573141098e-03 1.941585913300514221e-02 3.531330730766057968e-03 1.395388972014188766e-02 1.410509366542100906e-02 2.180494554340839386e-02 1.777700334787368774e-02 1.078257150948047638e-02 9.701238013803958893e-03 1.140664983540773392e-02 1.057570334523916245e-02 7.552030030637979507e-03 1.101003843359649181e-03 1.922667585313320160e-02 8.713943883776664734e-03 1.762672699987888336e-02 2.629085071384906769e-02 1.199810951948165894e-02 3.236075118184089661e-02 1.676566898822784424e-02 2.079820446670055389e-02 1.033244933933019638e-02 8.317430503666400909e-03 1.644990989007055759e-03 9.379364782944321632e-04
7.683110237121582031e-02 7.806098461151123047e-02 8.442094549536705017e-03 5.009857937693595886e-03 1.153646316379308701e-02 8.335440158843994141e-01 8.538563549518585205e-02 3.781128209084272385e-03 1.973330974578857422e-02 2.605784125626087189e-02 7.166036218404769897e-02 2.025161124765872955e-02 7.393263280391693115e-02 2.274370007216930389e-02 1.048860605806112289e-02 8.656421676278114319e-03 3.910043276846408844e-03 1.938212662935256958e-02 2.048299275338649750e-02 8.172655361704528332e-05 7.782188244163990021e-03 2.326848171651363373e-02 1.120824553072452545e-02 1.367552112787961960e-02 4.179738927632570267e-03 5.460020154714584351e-03 1.349384710192680359e-02 7.422258611768484116e-03 2.778471820056438446e-02 1.029066648334264755e-02 1.410503871738910675e-02 7.785604801028966904e-03 1.024789363145828247e-02 7.242578431032598019e-04 6.888610310852527618e-03 4.994523245841264725e-03 3.317437134683132172e-03 1.367320888675749302e-03 9.058058261871337891e-03 1.265308354049921036e-02 1.669457182288169861e-03 1.224903482943773270e-02 7.281489204615354538e-03 3.907111473381519318e-03 2.149454317986965179e-03 1.459944993257522583e-02 5.074352398514747620e-02 6.250905245542526245e-02 1.548659708350896835e-02 1.677462272346019745e-02 2.998894453048706055e-02 3.315645828843116760e-02 1.044327858835458755e-02 1.013709697872400284e-02 1.048984937369823456e-02 3.896520938724279404e-03 9.319474338553845882e-04 5.195606034249067307e-03 2.785685705021023750e-03 2.236242219805717468e-02 1.884421519935131073e-02 1.351702585816383362e-02 7.575329858809709549e-03 1.073525100946426392e-02 4.251755774021148682e-02 3.303701058030128479e-02 8.611456723883748055e-04 5.549184978008270264e-03 4.087968729436397552e-03 6.533000152558088303e-03 6.590311415493488312e-03 1.331587601453065872e-02 1.035148557275533676e-02 2.743857214227318764e-03 9.308161213994026184e-03 4.122421611100435257e-03 1.238624658435583115e-02 1.822145469486713409e-02 3.731468319892883301e-02 3.339749202132225037e-02 7.226126268506050110e-03 5.419195076683536172e-05 1.494921278208494186e-03 1.791384816169738770e-02 1.262805890291929245e-03 6.052381824702024460e-03 2.227199636399745941e-02 2.245712652802467346e-02 2.553353272378444672e-02 7.018154487013816833e-03 3.047086484730243683e-02 2.360909245908260345e-02 4.012716561555862427e-02 1.068239659070968628e-02 4.600706975907087326e-03 2.818608423694968224e-03 1.394376251846551895e-02 1.447085104882717133e-02 9.213902987539768219e-03 1.052764803171157837e-02 1.086470577865839005e-02 8.644262328743934631e-03 3.364898497238755226e-03 7.138431537896394730e-04 1.511236652731895447e-02 2.143764868378639221e-03 1.317371055483818054e-02 1.116720680147409439e-02 4.104866646230220795e-03 6.157936993986368179e-03 1.294001471251249313e-02 1.086032949388027191e-02 1.611974649131298065e-02 8.248711004853248596e-03 9.865033207461237907e-04 2.390243578702211380e-03
6.592051684856414795e-02 7.357776910066604614e-02 1.582492515444755554e-02 6.141079589724540710e-03 4.266203381121158600e-03 8.538563549518585205e-02 8.335440158843994141e-01 6.005121394991874695e-03 1.164115499705076218e-02 2.672732993960380554e-02 5.913678929209709167e-02 3.462441265583038330e-02 6.585139781236648560e-02 3.990250825881958008e-02 3.502919105812907219e-03 7.899438031017780304e-03 4.013194236904382706e-03 2.238806709647178650e-02 3.187237307429313660e-02 7.490239571779966354e-03 2.098339609801769257e-03 2.026837505400180817e-02 5.545107182115316391e-03 5.431343335658311844e-03 2.508862642571330070e-03 6.631880067288875580e-03 1.477410364896059036e-02 8.300387300550937653e-03 1.053071673959493637e-02 1.498080510646104813e-02 1.430624281056225300e-03 1.029917132109403610e-02 1.726395636796951294e-02 8.387414738535881042e-03 8.702881634235382080e-03 1.104059629142284393e-02 1.324426196515560150e-02 1.400555670261383057e-02 4.260660149157047272e-03 5.031958688050508499e-03 1.107198372483253479e-02 1.494885981082916260e-02 1.633214019238948822e-02 3.514644340611994267e-04 1.006198208779096603e-02 1.132877543568611145e-02 3.300446644425392151e-02 5.537144467234611511e-02 1.556057017296552658e-02 2.142556011676788330e-02 2.803680486977100372e-02 2.631774917244911194e-02 2.189126610755920410e-02 3.671359736472368240e-03 9.713694453239440918e-03 1.627082377672195435e-02 6.521272473037242889e-03 7.368004415184259415e-03 1.264852844178676605e-02 1.591607742011547089e-02 2.834513783454895020e-02 2.867307327687740326e-02 1.530343201011419296e-02 1.582156307995319366e-02 3.003828600049018860e-02 2.034764364361763000e-02 4.749043844640254974e-03 1.363624469377100468e-03 1.627187430858612061e-02 3.678638255223631859e-03 1.304548606276512146e-02 1.038000453263521194e-02 5.226718261837959290e-03 4.414298746269196272e-04 1.036766450852155685e-03 2.461835509166121483e-03 1.918508484959602356e-02 1.849944889545440674e-02 3.483666852116584778e-02 3.495334833860397339e-02 1.816032081842422485e-02 1.988337375223636627e-03 9.324586950242519379e-03 1.858223229646682739e-02 9.684605756774544716e-04 4.432403016835451126e-03 1.127835363149642944e-02 2.003547921776771545e-02 2.395049855113029480e-02 4.717197269201278687e-03 1.411011535674333572e-02 1.841728948056697845e-02 2.865518257021903992e-02 7.807586807757616043e-03 1.532956771552562714e-02 1.404250692576169968e-02 1.986709889024496078e-03 1.020395196974277496e-02 9.004602208733558655e-03 1.301907561719417572e-02 1.928631961345672607e-02 1.825255714356899261e-02 9.400230832397937775e-03 1.148867979645729065e-02 2.052246034145355225e-02 7.776794023811817169e-03 3.241470782086253166e-03 3.461462620180100203e-04 1.252620364539325237e-03 6.463996134698390961e-03 1.052547711879014969e-02 1.039496995508670807e-02 2.318248525261878967e-02 1.736146770417690277e-02 4.620519001036882401e-03 7.631354499608278275e-03
6.546063348650932312e-03 5.640250630676746368e-03 4.615965858101844788e-02 1.443861518055200577e-02 2.010493911802768707e-02 3.781128209084272385e-03 6.005121394991874695e-03 8.335440158843994141e-01 5.189668852835893631e-03 2.759340684860944748e-03 1.031441614031791687e-02 4.468040540814399719e-03 1.379250269383192062e-02 2.714245580136775970e-03 5.696896091103553772e-02 6.586840027011930943e-04 1.196676399558782578e-02 3.487584472168236971e-04 4.195061977952718735e-03 1.763532124459743500e-02 1.591095514595508575e-02 2.422043494880199432e-02 8.017744868993759155e-03 1.675907173193991184e-03 1.341776922345161438e-02 2.008066326379776001e-02 2.040856704115867615e-02 7.046085316687822342e-03 1.599364564754068851e-03 1.255032140761613846e-02 3.603523131459951401e-03 7.483327295631170273e-03 1.562316808849573135e-02 4.999116528779268265e-03 3.333421051502227783e-02 2.310463413596153259e-02 2.504369430243968964e-02 2.952668257057666779e-02 2.758201770484447479e-02 3.141340985894203186e-02 3.573768958449363708e-02 1.113771367818117142e-02 2.407070994377136230e-02 1.316447928547859192e-02 3.474600845947861671e-03 1.046576537191867828e-02 5.935837049037218094e-03 4.618670209310948849e-04 9.148581884801387787e-03 8.286247029900550842e-03 3.929470852017402649e-02 3.283138573169708252e-02 2.245200239121913910e-02 2.809533663094043732e-02 6.274475716054439545e-03 9.366041980683803558e-03 1.612687297165393829e-02 1.798024401068687439e-02 1.440277788788080215e-02 2.764058485627174377e-02 1.745262555778026581e-02 2.347986213862895966e-02 1.885278150439262390e-02 2.964350394904613495e-02 9.799848310649394989e-03 1.625946909189224243e-02 1.465480029582977295e-02 1.976789906620979309e-02 1.941048726439476013e-02 2.976057585328817368e-03 1.867058500647544861e-02 1.273693516850471497e-02 1.205289456993341446e-02 9.759530075825750828e-05 1.474899426102638245e-02 9.502740576863288879e-03 1.116157695651054382e-02 1.329416781663894653e-02 2.105303341522812843e-03 1.646720455028116703e-03 5.861625075340270996e-02 6.087096780538558960e-02 1.488601882010698318e-02 1.523564662784337997e-02 1.197855733335018158e-02 8.633673191070556641e-03 4.234203696250915527e-02 4.637754708528518677e-02 6.741346325725317001e-03 2.727657090872526169e-03 1.027499139308929443e-02 1.672755926847457886e-03 1.313984626904129982e-03 1.873867399990558624e-02 9.970502927899360657e-03 1.372316107153892517e-02 2.383648417890071869e-02 2.577930316329002380e-02 1.894406601786613464e-02 3.313794732093811035e-02 2.225059457123279572e-02 1.776723936200141907e-02 1.508460193872451782e-02 1.189320627599954605e-02 1.879413425922393799e-02 3.299250453710556030e-02 2.527941949665546417e-02 2.297098934650421143e-02 1.484205480664968491e-02 1.858200877904891968e-02 1.978011103346943855e-03 3.146984428167343140e-02 1.458287518471479416e-02 2.748321555554866791e-02 3.701920504681766033e-04 1.364514697343111038e-02
7.344969548285007477e-03 1.986104249954223633e-02 1.177736558020114899e-02 2.055786177515983582e-02 1.983017101883888245e-02 1.973330974578857422e-02 1.164115499705076218e-02 5.189668852835893631e-03 8.335440158843994141e-01 5.852000415325164795e-02 1.252989517524838448e-03 1.470244582742452621e-02 1.650472916662693024e-02 6.860060617327690125e-03 1.399540994316339493e-02 1.422643288969993591e-02 3.015331691130995750e-03 5.351822078227996826e-02 2.298522368073463440e-02 8.526957593858242035e-03 4.203940276056528091e-03 4.534345585852861404e-03 2.647804841399192810e-02 4.777329787611961365e-02 4.697932396084070206e-03 2.233481500297784805e-03 3.222957486286759377e-03 6.556082051247358322e-03 6.366203073412179947e-03 1.511423103511333466e-02 4.859706386923789978e-03 1.721445471048355103e-02 3.157275263220071793e-03 1.027260790579020977e-03 8.385832770727574825e-04 3.303267061710357666e-03 3.185449913144111633e-02 1.648194156587123871e-02 2.311100810766220093e-02 1.247322093695402145e-02 9.013812057673931122e-03 4.049025475978851318e-02 1.030408870428800583e-02 1.792116649448871613e-02 3.344210609793663025e-02 7.031233515590429306e-03 1.205976866185665131e-02 1.464308705180883408e-02 2.088399976491928101e-02 1.331769861280918121e-02 1.105567160993814468e-02 1.058728061616420746e-02 8.684802800416946411e-03 2.332174964249134064e-02 2.866948954761028290e-02 1.717798411846160889e-02 6.647171452641487122e-03 6.345894653350114822e-03 3.286890452727675438e-03 1.617539115250110626e-02 1.850577257573604584e-02 5.508086178451776505e-04 2.463279757648706436e-03 1.102686300873756409e-02 1.492954976856708527e-02 1.909413374960422516e-02 7.155009079724550247e-03 2.472094027325510979e-03 4.358172416687011719e-03 3.571702633053064346e-03 9.448750875890254974e-03 2.324831113219261169e-02 3.501640632748603821e-02 1.294189225882291794e-02 2.980429306626319885e-02 2.114116214215755463e-02 6.223266944289207458e-02 4.518633335828781128e-02 4.048929363489151001e-02 4.721074551343917847e-02 1.129205059260129929e-02 2.006742544472217560e-02 1.808826811611652374e-02 8.603102527558803558e-03 7.129710633307695389e-03 9.047344326972961426e-03 8.592426776885986328e-03 2.160487137734889984e-02 2.520464733242988586e-02 1.065194979310035706e-02 1.513262651860713959e-02 7.711111567914485931e-03 2.702302485704421997e-02 1.227055559866130352e-03 4.135589115321636200e-03 4.545600619167089462e-03 1.266945037059485912e-03 1.151372306048870087e-02 3.545186296105384827e-02 2.046486921608448029e-02 1.044546812772750854e-02 5.981849040836095810e-03 1.561951544135808945e-02 4.356521181762218475e-03 4.620219580829143524e-03 5.966919474303722382e-03 7.144902483560144901e-04 1.016388647258281708e-03 2.941958373412489891e-03 1.869400590658187866e-02 1.981232129037380219e-02 4.871772136539220810e-03 1.490841619670391083e-02 7.603215985000133514e-03 1.827937178313732147e-02 1.116852741688489914e-02
1.499816309660673141e-02 2.211900800466537476e-02 7.759855594485998154e-03 2.251532487571239471e-02 5.154176149517297745e-03 2.605784125626087189e-02 2.672732993960380554e-02 2.759340684860944748e-03 5.852000415325164795e-02 8.335440158843994141e-01 6.043463363312184811e-04 1.836748234927654266e-02 1.461492851376533508e-02 1.208732649683952332e-02 6.300016306340694427e-03 1.218604855239391327e-02 1.561101898550987244e-02 3.177958726882934570e-02 6.265079230070114136e-02 2.994425594806671143e-03 2.366871573030948639e-03 1.381256850436329842e-03 1.275780890136957169e-02 4.869243502616882324e-02 9.202907793223857880e-03 6.911384407430887222e-03 6.644252687692642212e-03 2.803531661629676819e-02 3.001724835485219955e-04 1.896077953279018402e-02 5.133569706231355667e-03 1.472438406199216843e-02 1.098626200109720230e-02 1.548745576292276382e-02 4.152174573391675949e-03 1.160971820354461670e-02 9.158357977867126465e-03 7.434878032654523849e-03 1.502452138811349869e-02 1.306952163577079773e-02 2.398025710135698318e-03 1.922281831502914429e-02 2.630032226443290710e-02 2.569327130913734436e-03 1.411928422749042511e-02 2.574456855654716492e-02 6.115062162280082703e-03 1.464647706598043442e-02 9.675924666225910187e-03 5.756145343184471130e-02 2.548156306147575378e-03 2.860808279365301132e-03 1.835110411047935486e-02 1.018891111016273499e-02 5.760541651397943497e-03 2.777439542114734650e-02 3.861982986563816667e-05 2.135917544364929199e-02 6.788759026676416397e-03 2.767784986644983292e-03 7.204217370599508286e-03 3.374936804175376892e-02 2.101512253284454346e-02 5.791734438389539719e-03 1.416399463778361678e-04 1.129011344164609909e-02 5.604351405054330826e-03 6.075351120671257377e-05 2.335084835067391396e-03 3.503171727061271667e-02 3.067862056195735931e-02 4.409223794937133789e-03 3.128638118505477905e-02 2.040958963334560394e-02 1.041790843009948730e-02 4.267949610948562622e-03 2.020669169723987579e-02 8.236895501613616943e-02 2.311479672789573669e-02 7.814197242259979248e-02 1.487394329160451889e-02 7.019608747214078903e-03 3.475990844890475273e-03 1.758063957095146179e-02 5.060465540736913681e-03 1.654671877622604370e-02 3.250572597607970238e-03 1.261875778436660767e-02 1.332209818065166473e-02 3.988398984074592590e-02 1.325683668255805969e-02 1.429393235594034195e-02 1.239482872188091278e-02 8.468301966786384583e-03 2.596289850771427155e-03 1.742411218583583832e-02 2.266949974000453949e-02 6.373600102961063385e-03 2.223763987421989441e-02 3.196537494659423828e-02 1.112113334238529205e-02 2.798183262348175049e-02 1.689804950729012489e-03 1.279419846832752228e-02 5.534555297344923019e-03 3.504816908389329910e-03 7.367686368525028229e-03 4.536309745162725449e-03 2.219714969396591187e-02 2.807174110785126686e-03 1.104940194636583328e-02 1.294698100537061691e-02 8.346028625965118408e-03 7.787216454744338989e-03 1.707598334178328514e-03 2.464201999828219414e-03
8.838015794754028320e-02 8.554152399301528931e-02 9.035530500113964081e-03 6.889179814606904984e-03 4.421513061970472336e-03 7.166036218404769897e-02 5.913678929209709167e-02 1.031441614031791687e-02 1.252989517524838448e-03 6.043463363312184811e-04 8.335440158843994141e-01 1.568883075378835201e-03 8.881646394729614258e-02 5.683865398168563843e-03 3.264381736516952515e-02 9.488029405474662781e-03 7.277480326592922211e-03 4.123011894989758730e-04 1.040229760110378265e-02 9.467257186770439148e-04 6.174656562507152557e-03 3.896667435765266418e-02 1.788507215678691864e-02 2.121369540691375732e-02 9.708833880722522736e-03 7.790307514369487762e-03 1.892457902431488037e-02 6.089035421609878540e-03 4.657304286956787109e-02 6.936527322977781296e-03 3.092458471655845642e-02 3.432091398281045258e-05 2.590150805190205574e-03 4.214109852910041809e-03 1.961555797606706619e-03 2.786694094538688660e-04 8.726569940336048603e-04 1.921466365456581116e-02 3.705040144268423319e-04 3.600629279389977455e-03 1.162878982722759247e-02 3.385874442756175995e-03 1.052622497081756592e-02 4.712862428277730942e-03 2.329971827566623688e-02 2.687236480414867401e-02 5.783002823591232300e-02 6.424506753683090210e-02 2.147638937458395958e-03 5.242716521024703979e-03 1.400105096399784088e-02 1.773929968476295471e-02 3.064797725528478622e-03 1.012917887419462204e-02 1.810330868465825915e-04 5.917221307754516602e-03 7.388959173113107681e-03 9.160306304693222046e-03 9.981584735214710236e-03 2.097790502011775970e-02 3.300135489553213120e-03 6.036268081516027451e-03 8.919383399188518524e-03 2.134261419996619225e-03 6.033308431506156921e-02 4.539970308542251587e-02 6.679253187030553818e-03 8.758698590099811554e-03 1.113503938540816307e-03 2.592813782393932343e-02 2.421926241368055344e-03 7.039553602226078510e-04 5.738721229135990143e-04 1.768696494400501251e-02 3.558421973139047623e-03 3.946333192288875580e-03 7.211001589894294739e-03 9.005290456116199493e-03 2.155449613928794861e-02 1.143960561603307724e-02 4.033396486192941666e-03 1.111785881221294403e-02 1.445133797824382782e-02 3.127072472125291824e-03 1.115970197133719921e-03 7.159090600907802582e-03 4.668304324150085449e-02 3.044960275292396545e-02 1.915487274527549744e-02 9.100540541112422943e-03 4.100944846868515015e-02 4.876537248492240906e-02 4.438546672463417053e-02 2.785039320588111877e-02 9.087649523280560970e-04 4.158206284046173096e-03 8.750859647989273071e-03 1.527786999940872192e-02 1.318309921771287918e-02 7.998281158506870270e-03 6.540419999510049820e-03 1.378417364321649075e-03 8.693736046552658081e-03 6.293133832514286041e-03 1.285298913717269897e-02 8.996067568659782410e-03 1.344790775328874588e-02 1.411263458430767059e-02 1.020711287856101990e-02 1.315117254853248596e-02 5.939650349318981171e-03 7.786765228956937790e-03 1.497665798524394631e-04 6.844752002507448196e-03 7.495182100683450699e-03 2.073570387437939644e-03
5.565198138356208801e-03 3.037376562133431435e-03 8.926452137529850006e-03 1.120846904814243317e-02 1.608727499842643738e-02 2.025161124765872955e-02 3.462441265583038330e-02 4.468040540814399719e-03 1.470244582742452621e-02 1.836748234927654266e-02 1.568883075378835201e-03 8.335440158843994141e-01 1.472467905841767788e-03 7.772973924875259399e-02 9.990632534027099609e-03 2.797380788251757622e-03 1.075619831681251526e-02 1.920734532177448273e-02 4.477034881711006165e-02 6.975598167628049850e-03 1.543658878654241562e-02 9.520495310425758362e-03 1.448366325348615646e-02 1.998171955347061157e-02 1.759993471205234528e-02 1.373989693820476532e-02 1.907589961774647236e-03 5.518095195293426514e-02 1.253977045416831970e-02 5.480210855603218079e-02 3.570922464132308960e-02 2.289880998432636261e-02 3.265914041548967361e-03 3.712185472249984741e-02 3.278809599578380585e-03 1.596419699490070343e-02 1.311607193201780319e-02 2.740588225424289703e-02 4.468803294003009796e-03 1.800049468874931335e-02 9.452476166188716888e-03 1.348451129160821438e-03 2.078660950064659119e-02 8.889935910701751709e-03 2.758529080892913043e-05 1.538545265793800354e-02 4.773411434143781662e-03 2.288775285705924034e-03 2.252356149256229401e-02 4.776006937026977539e-02 1.106587052345275879e-02 1.146443840116262436e-02 1.597428228706121445e-03 5.451127886772155762e-03 1.253963168710470200e-02 3.341151028871536255e-02 1.557852234691381454e-02 7.520351209677755833e-04 2.679494023323059082e-02 2.113202586770057678e-02 1.756002753973007202e-02 3.207737207412719727e-02 8.828003890812397003e-03 1.280406303703784943e-02 1.395337842404842377e-02 3.498234087601304054e-03 1.733435317873954773e-02 2.139214612543582916e-02 7.028659805655479431e-03 2.419354952871799469e-02 1.272671576589345932e-02 6.462708581238985062e-03 2.113183028995990753e-02 1.855317316949367523e-02 3.289990499615669250e-02 2.704717451706528664e-03 1.921851374208927155e-02 4.978220444172620773e-03 6.194478832185268402e-03 2.516436576843261719e-02 1.598737435415387154e-03 1.476653106510639191e-02 4.630396608263254166e-03 2.244959212839603424e-02 1.609554630704224110e-03 1.577780023217201233e-02 4.161302465945482254e-03 1.729961484670639038e-02 2.609655633568763733e-02 3.565414994955062866e-02 1.186005957424640656e-02 2.238594926893711090e-02 3.531327005475759506e-03 8.900278247892856598e-03 9.180425666272640228e-03 2.150136418640613556e-02 1.353692170232534409e-02 9.345146827399730682e-03 1.067813206464052200e-02 9.871525689959526062e-03 9.058772586286067963e-03 1.904582977294921875e-02 4.814704880118370056e-03 2.011896111071109772e-02 1.344981137663125992e-02 8.856127969920635223e-03 3.226565429940819740e-03 1.059188880026340485e-02 2.211488969624042511e-02 7.992898114025592804e-03 1.725830323994159698e-02 1.223240979015827179e-02 8.353870362043380737e-03 1.357134524732828140e-02 1.561108976602554321e-02 1.917154341936111450e-02
8.424888551235198975e-02 9.018065780401229858e-02 1.061387918889522552e-02 1.159432716667652130e-02 3.187209367752075195e-03 7.393263280391693115e-02 6.585139781236648560e-02 1.379250269383192062e-02 1.650472916662693024e-02 1.461492851376533508e-02 8.881646394729614258e-02 1.472467905841767788e-03 8.335440158843994141e-01 9.069324587471783161e-04 3.868861123919487000e-02 1.542872469872236252e-02 1.110035646706819534e-02 6.077252794057130814e-03 2.113362541422247887e-03 4.721494857221841812e-03 8.255785214714705944e-04 3.748231381177902222e-02 2.461840584874153137e-02 3.175275772809982300e-02 3.953509498387575150e-03 3.033088054507970810e-03 2.067867666482925415e-02 2.879097359254956245e-03 3.698523342609405518e-02 5.930534680373966694e-04 2.960319258272647858e-02 3.064236138015985489e-03 4.665983840823173523e-03 2.006307011470198631e-03 5.052034743130207062e-03 5.421748850494623184e-03 3.129989141598343849e-03 1.582372561097145081e-02 3.184441942721605301e-03 1.622107694856822491e-03 9.721621870994567871e-03 3.130789380520582199e-03 5.843613296747207642e-03 3.431635850574821234e-04 9.878914803266525269e-03 1.803206652402877808e-02 5.270430073142051697e-02 6.603360176086425781e-02 2.709913533180952072e-04 6.766118574887514114e-03 1.156755071133375168e-02 1.746464893221855164e-02 3.566685365512967110e-03 1.448662579059600830e-02 1.154347322881221771e-03 6.210519466549158096e-03 3.132328856736421585e-03 3.770460141822695732e-03 7.953564636409282684e-03 2.514555677771568298e-02 2.411109860986471176e-03 1.593102468177676201e-03 1.114405971020460129e-02 2.380901787546463311e-05 5.290072038769721985e-02 4.823266342282295227e-02 3.466960741207003593e-03 9.081932716071605682e-03 3.275156486779451370e-03 2.439592964947223663e-02 4.762751050293445587e-03 4.834102932363748550e-03 9.619431803002953529e-04 1.852865703403949738e-02 5.035480717197060585e-04 1.218074932694435120e-03 6.738110445439815521e-03 6.757159717381000519e-03 2.799209579825401306e-02 2.194045297801494598e-02 7.661640178412199020e-03 1.674939133226871490e-02 1.654403470456600189e-02 3.842012956738471985e-04 2.779758535325527191e-03 6.207957863807678223e-03 4.636898264288902283e-02 4.310036823153495789e-02 1.848658360540866852e-02 1.259059831500053406e-02 3.206793963909149170e-02 4.582572728395462036e-02 4.642380401492118835e-02 3.169121593236923218e-02 9.965038625523447990e-04 3.128237789496779442e-03 7.170756725827232003e-05 3.436330240219831467e-03 4.329772666096687317e-03 1.154013225459493697e-04 9.921912103891372681e-03 3.995784092694520950e-03 1.336961984634399414e-02 5.173176992684602737e-03 8.216870948672294617e-03 1.244455948472023010e-02 9.831827133893966675e-03 1.041632518172264099e-02 9.328431449830532074e-03 1.011394057422876358e-02 4.119184799492359161e-03 4.434127360582351685e-03 3.717369632795453072e-03 3.535835538059473038e-03 1.219765283167362213e-02 3.554802970029413700e-04
