8.219833374023437500e-01 7.782156020402908325e-02 3.701742505654692650e-03 4.516767803579568863e-03 7.462091278284788132e-03 8.485186845064163208e-02 3.388173505663871765e-02 1.453279703855514526e-02 1.091948989778757095e-02 1.426054816693067551e-02 6.396279484033584595e-02 8.686927321832627058e-05 6.353252381086349487e-02 1.047533378005027771e-02 1.063851080834865570e-02 1.964025385677814484e-02 2.976952306926250458e-02 2.175174094736576080e-02 1.073577348142862320e-02 3.418668406084179878e-03 3.557780524715781212e-03 1.426360756158828735e-02 7.033824804238975048e-04 4.223141819238662720e-03 1.485334523022174835e-02 1.542437355965375900e-02 1.300837285816669464e-02 2.287920378148555756e-02 7.614720147103071213e-03 2.237799949944019318e-02 2.983809076249599457e-02 2.015965990722179413e-02 6.265490781515836716e-03 6.198896095156669617e-03 1.165543403476476669e-02 1.065181847661733627e-02 4.102845676243305206e-03 3.076047403737902641e-03 4.571210127323865891e-03 1.809862628579139709e-02 2.081582508981227875e-02 6.642398890107870102e-03 1.749905757606029510e-02 1.146849896758794785e-02 4.040383733808994293e-03 4.782750736922025681e-03 6.014124304056167603e-02 9.244665503501892090e-03 1.133891381323337555e-02 4.935345146805047989e-03 1.275093480944633484e-02 2.597066015005111694e-02 2.549983002245426178e-02 8.161043748259544373e-03 8.589001372456550598e-03 6.823585368692874908e-03 1.947491429746150970e-02 6.166453938931226730e-03 2.895346283912658691e-02 6.310551543720066547e-04 9.234097786247730255e-03 5.244774511083960533e-04 8.374350145459175110e-03 6.338161882013082504e-03 7.740227971225976944e-03 1.487601781263947487e-03 6.357186473906040192e-03 9.607408195734024048e-03 9.165127761662006378e-03 1.976414583623409271e-02 8.225108496844768524e-03 2.240113681182265282e-03 2.100191637873649597e-02 8.450477034784853458e-04 1.209017168730497360e-02 3.143064444884657860e-03 1.962149888277053833e-02 7.037814240902662277e-03 1.668551564216613770e-02 1.308169588446617126e-02 5.925970617681741714e-03 1.693128980696201324e-02 8.893846534192562103e-04 1.053702831268310547e-02 1.395374629646539688e-02 2.348188683390617371e-02 4.208531230688095093e-03 1.012872625142335892e-02 3.042631410062313080e-02 3.045219369232654572e-02 8.525416254997253418e-03 6.616981700062751770e-03 5.637863650918006897e-03 5.839447490870952606e-03 1.360737811774015427e-02 1.898166723549365997e-02 1.644275337457656860e-02 1.510471478104591370e-02 2.302637137472629547e-02 5.498057696968317032e-03 1.070668827742338181e-02 1.887090504169464111e-02 2.718929667025804520e-03 1.912607066333293915e-02 2.298518083989620209e-02 2.228333801031112671e-02 1.098615396767854691e-02 5.256126169115304947e-03 7.379422895610332489e-03 5.317921750247478485e-03 1.518342178314924240e-02 6.859974469989538193e-03 7.390167564153671265e-03 1.144050899893045425e-02 1.212198473513126373e-02 2.234066650271415710e-02
7.782156020402908325e-02 8.219833374023437500e-01 4.069952759891748428e-03 1.450218539685010910e-02 1.964343944564461708e-03 5.643961206078529358e-02 6.737366318702697754e-02 2.746986574493348598e-04 6.790387444198131561e-03 7.071973290294408798e-03 4.674937948584556580e-02 1.602186076343059540e-02 8.999653905630111694e-02 1.004955498501658440e-03 1.814213395118713379e-02 7.477462757378816605e-03 2.253207378089427948e-02 1.100805215537548065e-02 1.702531985938549042e-02 3.752176649868488312e-03 8.621908724308013916e-03 1.361867878586053848e-02 7.199132815003395081e-03 1.019486226141452789e-02 7.413085084408521652e-03 2.698005177080631256e-03 6.295804865658283234e-03 2.034498378634452820e-02 2.012183330953121185e-02 3.725391626358032227e-02 2.475032955408096313e-02 2.440649829804897308e-02 8.405921980738639832e-03 1.970537938177585602e-02 1.721531338989734650e-02 6.611903663724660873e-03 7.600006181746721268e-03 1.273819245398044586e-02 3.712005447596311569e-03 9.568489156663417816e-03 1.455452945083379745e-02 1.338824909180402756e-02 9.830547496676445007e-03 1.845387392677366734e-03 1.093662809580564499e-02 8.417263627052307129e-03 1.975998841226100922e-02 2.741796150803565979e-02 1.828599348664283752e-02 1.871001906692981720e-02 3.323103114962577820e-02 2.805194817483425140e-02 2.060078317299485207e-03 2.014767564833164215e-02 4.645740147680044174e-03 8.329447358846664429e-03 2.339209616184234619e-02 3.780712606385350227e-03 6.556445732712745667e-03 1.373879960738122463e-03 7.211723364889621735e-03 5.865894258022308350e-03 9.253743919543921947e-04 5.024697165936231613e-03 1.781079918146133423e-02 1.138206850737333298e-02 1.042687613517045975e-02 2.433731220662593842e-03 3.259096120018512011e-04 1.797457784414291382e-02 3.138573141768574715e-03 6.680464372038841248e-03 2.148788981139659882e-02 6.902224849909543991e-03 1.129273511469364166e-02 3.447978058829903603e-03 8.759036660194396973e-03 7.873127469792962074e-04 2.960837632417678833e-02 1.650752499699592590e-03 3.692567348480224609e-03 1.142993941903114319e-02 1.198631897568702698e-02 1.163204479962587357e-02 2.074214257299900055e-02 9.213652461767196655e-03 6.705626379698514938e-03 1.980584114789962769e-02 3.814235702157020569e-02 3.672410547733306885e-02 1.883518137037754059e-02 2.041501225903630257e-03 2.594809420406818390e-02 5.754801910370588303e-03 5.326961399987339973e-04 2.028035372495651245e-02 7.002387661486864090e-03 1.365128997713327408e-02 7.811446674168109894e-03 2.141166245564818382e-03 1.783175766468048096e-02 1.822475530207157135e-02 2.233886159956455231e-03 2.259833179414272308e-02 3.063454106450080872e-02 1.926791854202747345e-02 1.990044862031936646e-02 6.315845064818859100e-03 1.835798285901546478e-02 9.211365133523941040e-03 7.342110620811581612e-04 1.858249743236228824e-04 1.509547233581542969e-02 6.174003705382347107e-03 2.224260568618774414e-02 1.136086508631706238e-02
3.701742505654692650e-03 4.069952759891748428e-03 8.219833374023437500e-01 9.546628221869468689e-03 4.241021350026130676e-03 9.585118852555751801e-03 4.962914157658815384e-03 6.336478143930435181e-02 4.473420325666666031e-03 2.258091047406196594e-02 4.047018010169267654e-03 3.388070035725831985e-03 9.234547615051269531e-03 1.383976638317108154e-02 4.268086981028318405e-03 2.356850728392601013e-02 2.111302874982357025e-02 4.794319160282611847e-03 9.138031862676143646e-03 1.857149065472185612e-03 3.234277945011854172e-03 2.784541342407464981e-03 2.344491891562938690e-02 2.454486303031444550e-02 1.055269781500101089e-02 3.038478642702102661e-02 4.260314628481864929e-03 5.279522854834794998e-03 2.471939288079738617e-02 1.327702309936285019e-02 1.477736234664916992e-02 2.008032053709030151e-02 8.454715833067893982e-03 8.255510590970516205e-03 1.702105253934860229e-02 3.227224946022033691e-02 3.351447731256484985e-02 2.204768918454647064e-02 1.533228904008865356e-02 1.307539828121662140e-02 9.286775253713130951e-03 9.959090501070022583e-03 1.941542886197566986e-02 5.972722545266151428e-03 6.402739323675632477e-03 6.428679917007684708e-03 1.724282046779990196e-03 1.326358062215149403e-03 5.361539777368307114e-03 8.946848101913928986e-03 3.590565547347068787e-02 3.100854717195034027e-02 1.167250145226716995e-02 8.616426959633827209e-03 2.216112799942493439e-02 1.441010832786560059e-02 2.889135852456092834e-02 1.727959606796503067e-03 3.929598722606897354e-03 3.382950555533170700e-03 1.177813857793807983e-02 9.975493885576725006e-03 6.546783261001110077e-03 1.398448459804058075e-02 2.537075430154800415e-02 1.083848346024751663e-02 5.661003757268190384e-03 8.965341374278068542e-03 7.797039579600095749e-03 1.770992763340473175e-02 1.688981056213378906e-02 5.564558319747447968e-03 1.410152204334735870e-02 1.348686497658491135e-02 3.777235280722379684e-03 4.473147448152303696e-03 4.020954947918653488e-04 2.081295661628246307e-02 2.298208512365818024e-02 2.071599883493036032e-04 3.729427605867385864e-02 4.982297122478485107e-02 2.755310758948326111e-02 2.412060089409351349e-02 7.866692729294300079e-03 1.100811082869768143e-02 2.121211588382720947e-02 2.945158816874027252e-02 2.510807663202285767e-02 1.328799594193696976e-02 2.171249501407146454e-02 2.441320009529590607e-02 1.361781824380159378e-02 1.927898824214935303e-02 2.433542348444461823e-02 2.452263422310352325e-02 2.286857925355434418e-02 2.102598082274198532e-03 4.866785835474729538e-03 1.164902094751596451e-02 3.469806164503097534e-02 2.158565074205398560e-02 2.680899947881698608e-02 8.023422211408615112e-03 9.808506816625595093e-03 1.709794276393949986e-03 4.435559734702110291e-02 1.818334311246871948e-02 1.695022173225879669e-02 5.316335707902908325e-03 2.021649153903126717e-03 2.002734504640102386e-02 5.818814970552921295e-04 5.011141183786094189e-04 1.720318570733070374e-02 2.106861211359500885e-02
4.516767803579568863e-03 1.450218539685010910e-02 9.546628221869468689e-03 8.219833374023437500e-01 5.778947472572326660e-02 9.494264610111713409e-03 2.498402073979377747e-02 9.323797188699245453e-03 1.893368735909461975e-02 2.070451714098453522e-02 7.145693060010671616e-03 2.356665907427668571e-03 4.637578036636114120e-03 1.458698045462369919e-02 1.157507952302694321e-02 1.239131577312946320e-02 1.275185123085975647e-02 1.652812497923150659e-04 6.645282730460166931e-03 1.645245216786861420e-02 1.266952604055404663e-03 1.278260536491870880e-02 1.853438280522823334e-02 4.505487158894538879e-02 6.374593940563499928e-04 2.660053782165050507e-02 8.451741188764572144e-03 5.335763096809387207e-03 3.252809634432196617e-03 3.243650309741497040e-03 6.400260608643293381e-03 8.948111906647682190e-03 1.819526217877864838e-02 1.794563606381416321e-02 1.760266534984111786e-02 2.563419751822948456e-02 3.155137971043586731e-02 4.904424306005239487e-03 6.297313421964645386e-02 3.910874575376510620e-02 1.910598017275333405e-02 2.159624919295310974e-02 5.841803271323442459e-03 1.448188442736864090e-02 1.356242131441831589e-02 7.560152094811201096e-03 3.825132269412279129e-03 1.430697180330753326e-02 4.172703484073281288e-04 2.022190717980265617e-03 7.709820289164781570e-03 8.612227626144886017e-03 1.154214888811111450e-02 8.906343951821327209e-03 2.084569446742534637e-02 1.023071631789207458e-02 4.478747770190238953e-02 2.058478072285652161e-02 1.233182963915169239e-03 7.114346604794263840e-03 2.526218630373477936e-02 1.744290813803672791e-02 7.336506154388189316e-03 3.099176287651062012e-02 1.497887168079614639e-02 1.515863183885812759e-02 3.696060040965676308e-03 5.734693724662065506e-03 4.411941021680831909e-02 1.316274050623178482e-02 1.519500277936458588e-02 6.895815022289752960e-03 5.799151584506034851e-02 3.232239279896020889e-03 4.643400758504867554e-02 2.340774610638618469e-02 4.382623825222253799e-03 1.247258856892585754e-02 3.722794726490974426e-02 1.210641488432884216e-02 1.467891689389944077e-02 7.510276976972818375e-03 2.439826168119907379e-02 4.063986707478761673e-03 1.425307616591453552e-02 2.200649306178092957e-02 2.154193259775638580e-02 1.713398285210132599e-02 3.711521625518798828e-02 1.800870150327682495e-02 5.987962242215871811e-03 2.858148887753486633e-02 3.505672793835401535e-03 1.481768954545259476e-02 2.622859086841344833e-03 1.087575126439332962e-02 2.025442942976951599e-02 1.862901449203491211e-02 1.864025741815567017e-02 1.485238596796989441e-02 1.686594448983669281e-02 1.045260578393936157e-02 9.035759605467319489e-03 5.955107510089874268e-03 5.295949056744575500e-03 5.498153157532215118e-03 2.418470010161399841e-02 2.515871077775955200e-02 1.679941080510616302e-02 3.149434691295027733e-03 3.622075542807579041e-02 3.574063302949070930e-03 2.127815270796418190e-03 1.183908991515636444e-02 2.589183486998081207e-02 3.449167823418974876e-03
7.462091278284788132e-03 1.964343944564461708e-03 4.241021350026130676e-03 5.778947472572326660e-02 8.219833374023437500e-01 6.560147739946842194e-03 6.654003169387578964e-03 5.777423270046710968e-03 2.350536175072193146e-02 1.070031989365816116e-02 7.214277051389217377e-03 2.624341659247875214e-02 6.818797828600509092e-06 3.230893239378929138e-02 1.934554800391197205e-02 3.309711068868637085e-02 8.495323359966278076e-03 1.811441406607627869e-02 2.279842831194400787e-02 3.222982631996273994e-03 7.566627580672502518e-03 2.274821698665618896e-02 1.647773780860006809e-03 1.397519558668136597e-02 1.447954215109348297e-02 3.122494183480739594e-02 1.177372038364410400e-02 1.674035191535949707e-02 9.022247046232223511e-03 5.910957232117652893e-03 7.765635848045349121e-03 1.397977815940976143e-03 2.231454662978649139e-02 9.735455736517906189e-03 1.774130202829837799e-02 1.775236800312995911e-02 8.557431399822235107e-03 2.598394639790058136e-02 4.751092195510864258e-02 3.221825882792472839e-02 6.674210075289011002e-03 1.164659857749938965e-03 5.527732428163290024e-03 2.097585675073787570e-04 1.706757023930549622e-02 3.358735702931880951e-03 1.111632399260997772e-02 6.473664660006761551e-03 4.841617308557033539e-03 2.910471754148602486e-03 7.336156908422708511e-03 1.732175424695014954e-02 1.096475310623645782e-02 2.047822438180446625e-02 1.602087169885635376e-02 1.775144971907138824e-02 4.146687686443328857e-02 2.480843290686607361e-02 8.889322052709758282e-04 2.366733364760875702e-02 2.185101807117462158e-02 3.819417953491210938e-02 9.107888676226139069e-03 1.922921091318130493e-02 7.070407737046480179e-03 4.708903376013040543e-03 8.721977472305297852e-03 1.359495241194963455e-02 4.025775939226150513e-02 8.467084728181362152e-03 2.070643566548824310e-02 9.101828560233116150e-03 3.028222173452377319e-02 1.446745940484106541e-03 4.539025947451591492e-02 1.324274390935897827e-02 1.262733899056911469e-02 1.024181675165891647e-02 1.477433368563652039e-02 1.279711071401834488e-02 1.091044303029775620e-02 6.991890724748373032e-03 3.530022501945495605e-02 1.705114170908927917e-02 2.894415892660617828e-02 3.448045998811721802e-02 1.220217160880565643e-02 3.100878186523914337e-02 3.000038303434848785e-02 2.388079464435577393e-02 3.727959934622049332e-03 8.659552782773971558e-03 1.292002038098871708e-03 1.264497544616460800e-02 2.728684246540069580e-02 2.751737087965011597e-02 1.395652256906032562e-02 1.099113374948501587e-02 1.473522372543811798e-02 1.361884176731109619e-02 2.877710759639739990e-02 2.724113501608371735e-02 2.484542783349752426e-03 1.377108320593833923e-02 1.069972664117813110e-02 1.807986944913864136e-02 2.936183474957942963e-02 1.398819871246814728e-02 1.312367711216211319e-02 9.660194627940654755e-03 1.279243454337120056e-02 7.722782436758279800e-03 9.014375507831573486e-03 1.647485047578811646e-02 1.784097962081432343e-02 1.078169886022806168e-02
8.485186845064163208e-02 5.643961206078529358e-02 9.585118852555751801e-03 9.494264610111713409e-03 6.560147739946842194e-03 8.219833374023437500e-01 4.892733693122863770e-02 1.171005610376596451e-02 2.244053175672888756e-03 3.158705309033393860e-02 4.927061498165130615e-02 2.942878752946853638e-02 4.747167974710464478e-02 1.214503962546586990e-02 1.057844981551170349e-02 1.204300951212644577e-02 9.122293442487716675e-03 2.773513086140155792e-03 1.979302614927291870e-02 1.165383867919445038e-02 4.919575061649084091e-03 4.065721295773983002e-03 2.241522888652980328e-04 1.223066542297601700e-02 1.024234760552644730e-02 5.747884046286344528e-03 5.362635944038629532e-03 2.259825915098190308e-02 1.904695667326450348e-02 2.419339120388031006e-02 2.947176247835159302e-02 1.126889698207378387e-02 4.115592688322067261e-03 1.068959943950176239e-02 3.726490773260593414e-03 1.336321234703063965e-02 5.033426452428102493e-03 2.425081038381904364e-04 1.614975556731224060e-02 5.062563344836235046e-03 8.935743942856788635e-03 8.313798345625400543e-03 1.754728518426418304e-02 1.026828121393918991e-02 1.468165218830108643e-02 1.783517375588417053e-02 8.424932509660720825e-02 1.066892314702272415e-02 1.320594642311334610e-02 8.402200415730476379e-03 4.516973625868558884e-03 1.623174734413623810e-02 2.306111715734004974e-02 9.980157949030399323e-03 1.095194276422262192e-02 1.894198544323444366e-02 1.865901052951812744e-03 2.514639496803283691e-02 3.185123205184936523e-02 2.016716264188289642e-02 8.873988874256610870e-03 4.809768870472908020e-03 8.452818728983402252e-03 1.631865836679935455e-02 5.080456845462322235e-03 1.544165238738059998e-02 7.130597252398729324e-03 2.936155535280704498e-03 9.661362506449222565e-03 1.063813176006078720e-02 2.445304393768310547e-02 8.355243131518363953e-03 9.838238358497619629e-03 9.209992364048957825e-03 1.569183543324470520e-02 1.346013974398374557e-03 1.004562992602586746e-02 2.516440115869045258e-02 8.890442550182342529e-03 1.995742134749889374e-02 6.889996584504842758e-03 1.306309271603822708e-02 5.970558617264032364e-03 1.460760366171598434e-02 1.996673177927732468e-03 5.738156614825129509e-04 3.182002110406756401e-03 1.515224575996398926e-02 1.935419626533985138e-02 3.155233338475227356e-02 2.460503764450550079e-02 2.863407135009765625e-03 2.820296911522746086e-03 2.397984033450484276e-03 1.653102971613407135e-02 1.519250962883234024e-02 1.697655208408832550e-02 1.704402267932891846e-02 2.171110361814498901e-02 4.062796477228403091e-03 1.009660959243774414e-02 2.071714401245117188e-02 1.088936440646648407e-02 1.752243004739284515e-02 2.575025521218776703e-02 2.466198755428195000e-03 3.087347373366355896e-03 8.326694369316101074e-03 2.027658931910991669e-02 2.139394544064998627e-02 8.061487227678298950e-03 1.521241618320345879e-03 9.893972426652908325e-03 2.033479325473308563e-02 9.808885864913463593e-03 7.657752372324466705e-03
3.388173505663871765e-02 6.737366318702697754e-02 4.962914157658815384e-03 2.498402073979377747e-02 6.654003169387578964e-03 4.892733693122863770e-02 8.219833374023437500e-01 1.630835584364831448e-03 7.958609785418957472e-05 6.255180342122912407e-04 2.527140080928802490e-02 3.134971857070922852e-02 4.621049389243125916e-02 2.246243506669998169e-02 4.593094810843467712e-03 1.397382561117410660e-02 2.011113055050373077e-02 1.866522058844566345e-02 1.565370336174964905e-02 1.319390535354614258e-02 1.946075819432735443e-02 2.316696569323539734e-02 1.665928773581981659e-02 1.698939129710197449e-02 7.525416091084480286e-03 5.742970388382673264e-04 7.708247285336256027e-03 9.756284765899181366e-03 2.262655645608901978e-02 2.129259705543518066e-02 3.423392772674560547e-03 2.341898716986179352e-02 1.120187155902385712e-02 2.016288228332996368e-02 6.673820782452821732e-03 2.548574283719062805e-02 1.808920502662658691e-02 2.262779977172613144e-03 1.684510032646358013e-03 3.824222134426236153e-03 1.067351642996072769e-02 2.639290690422058105e-02 7.177249994128942490e-03 2.747771888971328735e-02 4.397376254200935364e-02 2.229346334934234619e-02 3.204750642180442810e-02 5.658613145351409912e-02 2.689506486058235168e-02 1.743585430085659027e-02 1.386552210897207260e-02 4.860600456595420837e-03 1.671210862696170807e-02 2.461832016706466675e-02 1.449676044285297394e-02 1.577138714492321014e-02 1.468778308480978012e-02 1.546839624643325806e-02 3.783680032938718796e-03 2.565290592610836029e-02 1.349023822695016861e-02 1.319749932736158371e-02 1.476840022951364517e-02 3.952255472540855408e-03 1.511291041970252991e-02 2.187379449605941772e-02 1.976284570991992950e-02 1.740769483149051666e-02 8.534600958228111267e-03 1.235519535839557648e-03 4.154207650572061539e-03 6.163958925753831863e-03 7.686515804380178452e-03 2.619735524058341980e-02 8.035096339881420135e-03 1.208274275995790958e-03 1.431924104690551758e-02 1.210859138518571854e-02 3.443802148103713989e-02 8.470381610095500946e-03 1.110921055078506470e-02 2.416555956006050110e-02 1.170985586941242218e-02 3.117101499810814857e-03 8.276175707578659058e-03 8.839977905154228210e-03 4.620412364602088928e-03 1.071069296449422836e-02 1.837866753339767456e-02 3.353502601385116577e-02 2.079431200399994850e-03 5.779442843049764633e-03 2.817309461534023285e-02 2.793765859678387642e-03 6.170841865241527557e-03 8.259115740656852722e-03 2.237540669739246368e-02 2.088097622618079185e-03 7.206399459391832352e-03 1.905015204101800919e-03 1.665302203036844730e-03 2.934767631813883781e-03 1.034266501665115356e-02 6.925885565578937531e-03 6.132761947810649872e-03 1.241622958332300186e-02 6.062039174139499664e-03 7.643308490514755249e-03 1.639566943049430847e-02 1.624512858688831329e-02 1.194825675338506699e-02 7.087020203471183777e-03 1.786993630230426788e-02 1.165610086172819138e-02 5.154713988304138184e-03 1.744727231562137604e-02
1.453279703855514526e-02 2.746986574493348598e-04 6.336478143930435181e-02 9.323797188699245453e-03 5.777423270046710968e-03 1.171005610376596451e-02 1.630835584364831448e-03 8.219833374023437500e-01 3.068168647587299347e-02 1.851630746386945248e-03 4.480402451008558273e-03 4.921935615129768848e-04 1.318017859011888504e-02 1.412577554583549500e-02 3.888594731688499451e-02 2.650109864771366119e-02 1.712112501263618469e-02 1.516492920927703381e-03 7.582732941955327988e-03 1.221980247646570206e-02 8.277549408376216888e-03 2.903933264315128326e-02 1.834689825773239136e-02 2.310058847069740295e-02 1.554956100881099701e-02 3.197296336293220520e-02 3.890022262930870056e-02 1.204126328229904175e-02 1.366367214359343052e-03 1.584677840583026409e-03 6.371146999299526215e-03 1.765309460461139679e-02 3.220990765839815140e-03 6.174026988446712494e-03 1.459739543497562408e-02 3.351460397243499756e-02 3.240084648132324219e-02 2.645779401063919067e-02 7.262239232659339905e-03 1.729419268667697906e-02 1.628443598747253418e-02 2.078916318714618683e-02 1.030793227255344391e-02 8.048253133893013000e-03 1.706159382592886686e-04 1.908948179334402084e-03 2.301504090428352356e-02 7.723017595708370209e-03 1.310335658490657806e-02 4.503221251070499420e-03 2.897218614816665649e-02 2.475124970078468323e-02 1.755987480282783508e-02 1.958812819793820381e-03 7.572602480649948120e-04 1.622803322970867157e-02 2.731869742274284363e-02 2.397795952856540680e-02 1.487449090927839279e-02 7.355709094554185867e-03 6.217328365892171860e-03 1.460570190101861954e-02 4.757317074108868837e-04 2.837462723255157471e-02 1.347056403756141663e-02 9.388722479343414307e-03 1.000153552740812302e-02 2.785300370305776596e-03 6.339954677969217300e-03 2.106376551091670990e-02 4.020716529339551926e-03 1.484332699328660965e-02 9.558897465467453003e-03 2.794718556106090546e-02 5.187287461012601852e-03 1.559813506901264191e-02 8.696082048118114471e-03 2.736179158091545105e-03 4.391246009618043900e-03 8.740669116377830505e-03 4.133147373795509338e-02 5.131528154015541077e-02 1.183721423149108887e-02 1.226732786744832993e-02 1.725216396152973175e-02 2.333695068955421448e-02 3.375185281038284302e-02 3.955822810530662537e-02 2.768908813595771790e-02 1.047674845904111862e-02 7.917048409581184387e-03 2.971375361084938049e-02 1.822100253775715828e-03 1.475883554667234421e-02 2.142099477350711823e-02 1.941359229385852814e-02 1.449287123978137970e-02 1.356963813304901123e-02 2.713396586477756500e-02 2.423981018364429474e-02 1.083799079060554504e-02 6.873161531984806061e-03 2.697852067649364471e-02 2.102844417095184326e-02 1.551784854382276535e-02 5.173167213797569275e-03 2.507032826542854309e-02 1.834494061768054962e-02 4.185996484011411667e-03 1.860804669559001923e-02 4.187791608273983002e-03 1.973521150648593903e-02 4.973189439624547958e-03 1.709553413093090057e-02 2.144570089876651764e-02 6.511373445391654968e-03
1.091948989778757095e-02 6.790387444198131561e-03 4.473420325666666031e-03 1.893368735909461975e-02 2.350536175072193146e-02 2.244053175672888756e-03 7.958609785418957472e-05 3.068168647587299347e-02 8.219833374023437500e-01 2.947995439171791077e-02 8.287894539535045624e-03 2.356454171240329742e-02 1.858778856694698334e-02 3.250684216618537903e-02 1.587375812232494354e-02 9.804726578295230865e-03 1.281241513788700104e-02 2.067206427454948425e-02 7.342173485085368156e-04 3.122027218341827393e-02 1.441240403801202774e-02 3.318456560373306274e-02 6.658214610069990158e-03 1.792250014841556549e-02 1.502455119043588638e-02 1.034856215119361877e-02 4.262137785553932190e-02 1.259773503988981247e-02 2.202821429818868637e-03 7.875201292335987091e-03 2.782010845839977264e-02 2.450459823012351990e-02 1.834436506032943726e-02 5.144222639501094818e-03 1.697671972215175629e-02 6.999859120696783066e-03 7.755212020128965378e-03 2.472934126853942871e-02 2.901606261730194092e-03 1.968837575986981392e-03 1.134938653558492661e-02 3.009185008704662323e-02 8.831347338855266571e-03 5.702535621821880341e-03 2.446449361741542816e-02 4.922699299640953541e-04 1.781001919880509377e-03 1.256934739649295807e-02 4.237384349107742310e-02 2.176157198846340179e-02 9.468528442084789276e-03 1.881666295230388641e-02 1.221886719577014446e-03 2.032483927905559540e-02 4.087132960557937622e-02 1.274695526808500290e-02 7.624674472026526928e-04 1.040292996913194656e-02 1.921636052429676056e-02 1.536810211837291718e-02 3.268831595778465271e-02 2.964155515655875206e-03 2.061864733695983887e-02 1.024558860808610916e-02 2.847321145236492157e-02 1.945864595472812653e-02 3.749927273020148277e-03 7.918463088572025299e-03 1.028988976031541824e-02 2.384775876998901367e-02 7.212686352431774139e-03 2.184692583978176117e-02 5.583589896559715271e-03 2.465533651411533356e-02 6.805352866649627686e-03 1.351259276270866394e-02 5.071509629487991333e-02 2.054788172245025635e-02 2.083057537674903870e-02 8.235298097133636475e-03 2.042320184409618378e-02 4.319593310356140137e-03 2.802109578624367714e-03 1.861361204646527767e-03 2.582526020705699921e-02 2.992710843682289124e-02 1.737244799733161926e-02 2.458653785288333893e-02 5.110044032335281372e-03 2.793290885165333748e-03 1.593137718737125397e-02 2.944989688694477081e-02 2.751332707703113556e-03 3.827294334769248962e-02 6.596412044018507004e-03 4.949497990310192108e-03 5.140385124832391739e-03 2.865376509726047516e-02 3.048420883715152740e-02 2.046588063240051270e-02 4.740157630294561386e-03 5.660061258822679520e-03 6.776073016226291656e-03 2.666062675416469574e-02 1.253349706530570984e-02 7.362248841673135757e-03 9.405164979398250580e-03 1.218534447252750397e-02 2.185781486332416534e-03 1.259485818445682526e-02 2.146844519302248955e-03 3.769013565033674240e-03 1.104412879794836044e-02 7.635498885065317154e-03 1.353232469409704208e-02 2.266137115657329559e-02
1.426054816693067551e-02 7.071973290294408798e-03 2.258091047406196594e-02 2.070451714098453522e-02 1.070031989365816116e-02 3.158705309033393860e-02 6.255180342122912407e-04 1.851630746386945248e-03 2.947995439171791077e-02 8.219833374023437500e-01 2.471352554857730865e-02 1.128911040723323822e-02 1.526897074654698372e-03 1.722318865358829498e-02 5.140456836670637131e-03 1.791588217020034790e-02 2.150324918329715729e-02 1.211392320692539215e-02 3.640672564506530762e-02 1.341110747307538986e-02 3.106375457718968391e-03 2.174357697367668152e-02 4.409546381793916225e-04 2.355948090553283691e-02 1.437591761350631714e-02 5.608075298368930817e-04 2.086642198264598846e-02 2.895081043243408203e-02 2.887715213000774384e-02 1.995346881449222565e-02 1.029696688055992126e-02 2.964611910283565521e-02 2.117425203323364258e-02 3.781377524137496948e-02 1.126933842897415161e-02 1.143644098192453384e-03 1.516877766698598862e-02 2.488778531551361084e-02 1.142318267375230789e-02 9.085018187761306763e-03 1.296596881002187729e-02 3.232044982723891735e-04 1.554444804787635803e-02 3.991281148046255112e-03 1.652538590133190155e-02 3.523380681872367859e-02 4.704490303993225098e-02 1.045144163072109222e-02 2.686445973813533783e-02 4.192297905683517456e-02 6.224559154361486435e-03 7.945184595882892609e-03 5.692449398338794708e-03 2.115471661090850830e-02 1.341515313833951950e-02 3.770338371396064758e-02 6.601610220968723297e-03 3.155088797211647034e-02 8.402271196246147156e-03 4.128132015466690063e-02 1.168821845203638077e-02 3.539742901921272278e-02 1.812150143086910248e-02 5.560774821788072586e-03 3.412541002035140991e-02 2.493005432188510895e-02 8.338849991559982300e-03 4.536181222647428513e-03 5.177937913686037064e-03 3.329741954803466797e-02 3.090297244489192963e-02 1.035100501030683517e-02 2.174831554293632507e-02 2.398979477584362030e-02 6.715418305248022079e-03 1.179975736886262894e-02 7.737074978649616241e-03 4.169358313083648682e-02 9.378307498991489410e-03 4.128247126936912537e-02 7.513205986469984055e-03 1.343537401407957077e-02 2.092127688229084015e-02 4.440923035144805908e-02 1.271850336343050003e-02 7.879290729761123657e-03 2.157492376863956451e-02 2.055860124528408051e-02 1.309235300868749619e-02 1.083704456686973572e-02 4.028524458408355713e-02 3.204353153705596924e-02 5.475940648466348648e-03 3.764212876558303833e-02 1.063026674091815948e-02 2.205420657992362976e-02 2.552258037030696869e-02 1.536193583160638809e-02 1.310867350548505783e-02 2.505948953330516815e-02 2.732799388468265533e-02 2.374395728111267090e-02 1.880278065800666809e-02 2.062724344432353973e-02 1.920889131724834442e-02 2.173163741827011108e-02 2.352792210876941681e-02 2.521250955760478973e-02 2.763491868972778320e-02 2.068939246237277985e-02 1.053647231310606003e-02 3.074830165132880211e-03 1.618042960762977600e-02 3.260454162955284119e-03 1.204446051269769669e-02 1.601454988121986389e-02
6.396279484033584595e-02 4.674937948584556580e-02 4.047018010169267654e-03 7.145693060010671616e-03 7.214277051389217377e-03 4.927061498165130615e-02 2.527140080928802490e-02 4.480402451008558273e-03 8.287894539535045624e-03 2.471352554857730865e-02 8.219833374023437500e-01 4.567777272313833237e-03 4.310682788491249084e-02 2.836389932781457901e-03 4.326754249632358551e-03 1.322799012996256351e-03 9.832511423155665398e-04 3.554910048842430115e-02 3.890725225210189819e-02 6.984046660363674164e-03 9.574563242495059967e-03 1.391533855348825455e-02 2.736565843224525452e-02 5.624912446364760399e-04 2.918817102909088135e-03 1.273203454911708832e-02 8.229342056438326836e-04 2.189510036259889603e-03 3.975448012351989746e-02 2.106511965394020081e-02 2.936666272580623627e-02 1.801634579896926880e-02 1.351225189864635468e-02 5.338836926966905594e-03 1.036663260310888290e-02 9.196651168167591095e-03 4.700270481407642365e-03 3.734646597877144814e-03 1.839924417436122894e-02 1.249598246067762375e-02 2.562970668077468872e-02 9.365317411720752716e-03 1.562967151403427124e-02 1.528351381421089172e-02 1.717612892389297485e-02 1.806887239217758179e-02 3.518011420965194702e-02 7.575641851872205734e-03 1.352664269506931305e-02 1.750067621469497681e-02 1.531282812356948853e-02 9.833510033786296844e-03 2.049545384943485260e-02 8.687324007041752338e-04 5.758928600698709488e-03 1.105173211544752121e-02 2.504813857376575470e-02 2.404252626001834869e-02 2.048923261463642120e-02 9.382554329931735992e-03 1.190444454550743103e-02 1.875738985836505890e-02 1.300686132162809372e-02 2.054073102772235870e-02 2.606028318405151367e-02 1.674997992813587189e-02 2.433968940749764442e-03 1.270837988704442978e-02 5.506397224962711334e-03 2.489179745316505432e-02 1.717908494174480438e-02 3.608607919886708260e-03 1.171920797787606716e-03 2.779265120625495911e-02 2.112868241965770721e-03 1.813986804336309433e-03 4.390456713736057281e-03 3.470069915056228638e-02 3.708850219845771790e-02 2.737716585397720337e-02 1.539016608148813248e-02 2.027106098830699921e-02 1.500303507782518864e-03 1.146887801587581635e-02 1.397592597641050816e-03 8.665969595313072205e-03 8.717363700270652771e-03 6.961070466786623001e-03 1.866900548338890076e-02 3.873339667916297913e-02 3.342839330434799194e-02 3.154753521084785461e-02 3.253517299890518188e-02 6.499267648905515671e-03 8.236633613705635071e-03 7.656135130673646927e-03 2.119155600666999817e-02 7.294379174709320068e-03 2.095615305006504059e-02 2.038789447396993637e-03 2.600522944703698158e-03 1.103621209040284157e-03 2.901000343263149261e-02 2.258991356939077377e-03 1.193422731012105942e-02 8.477519266307353973e-03 1.597778685390949249e-02 2.386421337723731995e-02 4.945730790495872498e-03 2.386559359729290009e-02 4.421505611389875412e-03 2.911643311381340027e-02 1.311510708183050156e-02 1.424851547926664352e-02 5.645533557981252670e-03 9.712861850857734680e-03
8.686927321832627058e-05 1.602186076343059540e-02 3.388070035725831985e-03 2.356665907427668571e-03 2.624341659247875214e-02 2.942878752946853638e-02 3.134971857070922852e-02 4.921935615129768848e-04 2.356454171240329742e-02 1.128911040723323822e-02 4.567777272313833237e-03 8.219833374023437500e-01 1.369040831923484802e-02 7.877712696790695190e-02 9.360952302813529968e-03 9.509190917015075684e-03 7.846977561712265015e-03 3.247670084238052368e-02 1.916934736073017120e-02 5.911518819630146027e-03 1.768391951918601990e-02 2.318315580487251282e-02 1.077105011790990829e-02 1.151350047439336777e-02 2.071766741573810577e-02 2.074142731726169586e-02 1.835196511819958687e-03 4.260342940688133240e-02 1.152604538947343826e-02 3.955674916505813599e-02 2.849736064672470093e-02 7.543020881712436676e-03 2.269767597317695618e-02 2.613016031682491302e-02 1.098824664950370789e-02 3.004301339387893677e-03 1.607128791511058807e-02 1.845794357359409332e-02 2.571027539670467377e-02 1.909127086400985718e-02 1.461063232272863388e-02 2.195795252919197083e-02 3.043756447732448578e-02 2.879625558853149414e-02 3.598192334175109863e-02 1.550001557916402817e-02 1.738943532109260559e-02 1.652975566685199738e-02 2.837614621967077255e-03 1.159801613539457321e-03 3.239106386899948120e-02 3.737452998757362366e-02 1.410869508981704712e-02 2.386276144534349442e-03 3.742617554962635040e-03 3.850686829537153244e-03 1.146983262151479721e-02 3.439168445765972137e-03 8.786278776824474335e-03 2.930800989270210266e-02 2.545122988522052765e-02 2.832812257111072540e-02 1.235239487141370773e-02 2.941317483782768250e-02 1.843294739956036210e-04 1.238456554710865021e-02 5.144063849002122879e-03 1.454954780638217926e-02 8.080241270363330841e-03 9.128057397902011871e-03 1.787412166595458984e-02 1.792844384908676147e-03 4.169781226664781570e-03 1.086382754147052765e-02 7.718156557530164719e-03 1.195451430976390839e-02 3.822700306773185730e-02 1.303694397211074829e-02 1.724201813340187073e-02 4.135152325034141541e-03 2.194069325923919678e-02 5.142065696418285370e-03 1.947805285453796387e-02 1.054053660482168198e-03 9.164961986243724823e-03 3.721960261464118958e-02 5.019471282139420509e-04 1.527719479054212570e-02 3.739710897207260132e-03 4.097109660506248474e-03 1.267342828214168549e-02 8.260677568614482880e-03 7.077526301145553589e-03 1.340110413730144501e-02 4.432200454175472260e-03 7.632279768586158752e-03 5.678116343915462494e-03 1.778618618845939636e-02 1.146181952208280563e-02 8.701773360371589661e-03 1.211341284215450287e-02 5.673294421285390854e-03 1.125759631395339966e-02 1.545637380331754684e-02 2.575157396495342255e-02 6.122418213635683060e-03 1.590163633227348328e-02 6.388023495674133301e-03 1.499490253627300262e-02 1.331216073594987392e-03 1.753763854503631592e-02 8.861434645950794220e-03 2.170144021511077881e-02 1.625434309244155884e-02 1.140594948083162308e-02 1.508499495685100555e-02
6.353252381086349487e-02 8.999653905630111694e-02 9.234547615051269531e-03 4.637578036636114120e-03 6.818797828600509092e-06 4.747167974710464478e-02 4.621049389243125916e-02 1.318017859011888504e-02 1.858778856694698334e-02 1.526897074654698372e-03 4.310682788491249084e-02 1.369040831923484802e-02 8.219833374023437500e-01 6.515811197459697723e-03 2.419447898864746094e-02 9.463677182793617249e-03 1.932928711175918579e-02 3.350679948925971985e-02 1.429454237222671509e-02 8.117889985442161560e-03 6.560056935995817184e-03 2.367231622338294983e-02 4.793793428689241409e-03 1.289019733667373657e-02 5.190232768654823303e-03 8.297966793179512024e-03 6.373560987412929535e-03 1.574498787522315979e-02 2.690342627465724945e-02 1.817396655678749084e-02 2.261235937476158142e-02 1.682311296463012695e-02 2.369344932958483696e-03 9.045555256307125092e-03 8.877661079168319702e-03 4.874913487583398819e-03 8.204581099562346935e-04 6.970009300857782364e-03 4.089999478310346603e-03 2.234738692641258240e-02 1.707245595753192902e-02 1.180380769073963165e-02 1.504729967564344406e-02 1.352251973003149033e-02 3.294468042440712452e-04 1.404284499585628510e-02 4.231721628457307816e-03 2.235567755997180939e-02 3.850126173347234726e-03 5.451972829177975655e-04 1.491349749267101288e-02 2.544063329696655273e-02 9.987555444240570068e-03 1.536821108311414719e-02 1.272656675428152084e-02 7.688348647207021713e-03 2.164927497506141663e-02 3.453666344285011292e-03 1.008802559226751328e-02 3.149531316012144089e-03 1.429570280015468597e-02 5.260021891444921494e-03 3.928248304873704910e-03 3.038316266611218452e-03 6.231480278074741364e-03 8.313008584082126617e-03 1.588734425604343414e-02 4.156731534749269485e-03 1.334691140800714493e-02 1.181765273213386536e-02 1.028578914701938629e-02 2.452100999653339386e-02 1.871375180780887604e-02 1.377687603235244751e-02 1.564863603562116623e-03 6.825095508247613907e-03 6.835759151726961136e-03 9.047927334904670715e-03 3.371220454573631287e-02 3.937646746635437012e-03 4.451448097825050354e-03 3.006085753440856934e-02 1.941383071243762970e-02 2.515098825097084045e-02 2.336666919291019440e-03 5.320770666003227234e-03 1.064737420529127121e-02 4.304449632763862610e-02 3.617409989237785339e-02 3.060753829777240753e-02 3.307381272315979004e-02 4.114640876650810242e-03 2.779661305248737335e-02 2.248608693480491638e-02 1.237601274624466896e-03 2.102925255894660950e-02 2.383460989221930504e-03 7.327589206397533417e-03 8.134424686431884766e-03 4.303338471800088882e-03 1.630298979580402374e-02 1.638711802661418915e-02 8.979515172541141510e-03 2.381337806582450867e-02 2.269501052796840668e-02 2.056351117789745331e-02 2.064822614192962646e-02 7.046923972666263580e-03 7.076727226376533508e-03 3.715986851602792740e-03 1.155048888176679611e-02 1.113840495236217976e-03 1.146727823652327061e-03 4.492421634495258331e-03 2.441787719726562500e-02 2.062605880200862885e-02
