8.522170186042785645e-01 4.459337890148162842e-02 7.047340273857116699e-03 1.571477577090263367e-02 1.187159866094589233e-02 4.437520354986190796e-02 4.101158306002616882e-02 1.529424823820590973e-02 5.492894910275936127e-03 6.672247778624296188e-03 3.715549781918525696e-02 1.020065881311893463e-02 3.390689566731452942e-02 2.205186523497104645e-03 1.780927926301956177e-02 8.321905508637428284e-03 8.775061927735805511e-03 1.241615600883960724e-02 5.345137789845466614e-03 2.305676788091659546e-02 2.308397553861141205e-02 2.373580262064933777e-02 1.034695748239755630e-02 1.037904340773820877e-02 2.644854411482810974e-02 2.931375242769718170e-02 2.529087476432323456e-02 1.754957251250743866e-02 3.101373091340065002e-02 1.234357897192239761e-02 3.482688590884208679e-02 1.670018211007118225e-02 1.033339183777570724e-02 1.573356427252292633e-02 1.158031169325113297e-02 1.314935740083456039e-02 1.889538951218128204e-02 2.573257312178611755e-02 2.308399882167577744e-03 1.297678053379058838e-02 2.250823378562927246e-02 1.700910180807113647e-02 1.998835988342761993e-02 6.888793781399726868e-03 1.931058987975120544e-02 2.397778630256652832e-02 3.717388212680816650e-02 3.651741892099380493e-02 1.030224841088056564e-02 6.379101891070604324e-03 1.363342907279729843e-02 1.351271942257881165e-02 1.689829491078853607e-02 2.281825989484786987e-02 3.633761079981923103e-03 8.226484991610050201e-03 6.200665608048439026e-03 1.981390453875064850e-02 2.035033702850341797e-02 1.599172502756118774e-02 6.125849206000566483e-03 1.057757437229156494e-02 1.407929137349128723e-02 5.101144779473543167e-03 3.139081597328186035e-02 3.105686232447624207e-02 2.592619322240352631e-02 1.609981991350650787e-02 9.429107420146465302e-03 2.067104727029800415e-02 8.557232096791267395e-03 2.022482641041278839e-02 2.529778517782688141e-02 2.288551814854145050e-02 2.782651595771312714e-02 1.859958842396736145e-02 1.116769760847091675e-02 1.328253746032714844e-02 3.913904540240764618e-03 8.996780030429363251e-03 2.303856611251831055e-02 2.458062022924423218e-02 9.042797610163688660e-03 8.843762334436178207e-04 1.514921057969331741e-02 2.018434181809425354e-02 2.650321088731288910e-02 2.544539421796798706e-02 7.755210623145103455e-03 9.367850609123706818e-03 3.737964481115341187e-02 2.378923073410987854e-02 3.689036890864372253e-02 2.549172192811965942e-02 1.171878725290298462e-02 2.153535746037960052e-02 9.427675046026706696e-03 3.383180825039744377e-03 6.332737859338521957e-03 8.416649885475635529e-03 1.812987960875034332e-02 1.912985183298587799e-02 1.516017783433198929e-02 1.929585821926593781e-02 1.016072556376457214e-02 1.504997629672288895e-02 1.504588034003973007e-02 1.647003367543220520e-02 1.320125255733728409e-02 2.313953824341297150e-02 1.791833527386188507e-02 1.078022643923759460e-02 2.496950328350067139e-02 1.983463764190673828e-02 7.984697818756103516e-03 1.090544834733009338e-02
4.459337890148162842e-02 8.522170186042785645e-01 1.216512266546487808e-02 1.776792854070663452e-02 1.845378614962100983e-02 4.077370092272758484e-02 4.089394584298133850e-02 1.993415504693984985e-02 9.828267619013786316e-03 5.630332045257091522e-03 3.473841771483421326e-02 8.478770032525062561e-03 3.563425689935684204e-02 3.056464483961462975e-03 2.267401106655597687e-02 6.205999292433261871e-03 6.180296186357736588e-03 1.336002256721258163e-02 7.088952232152223587e-03 2.536761946976184845e-02 2.401871047914028168e-02 2.870087139308452606e-02 1.065132208168506622e-02 9.033448994159698486e-03 2.587509900331497192e-02 3.138009831309318542e-02 2.652632817625999451e-02 1.733150333166122437e-02 3.067694790661334991e-02 1.710914634168148041e-02 3.422918915748596191e-02 1.815749704837799072e-02 1.499511115252971649e-02 1.540466211736202240e-02 1.945046707987785339e-02 1.658111438155174255e-02 2.279812656342983246e-02 1.979426853358745575e-02 2.529254881665110588e-03 9.966594167053699493e-03 2.048843353986740112e-02 1.804247498512268066e-02 2.168818190693855286e-02 8.917248807847499847e-03 1.813728734850883484e-02 2.246046066284179688e-02 3.445622324943542480e-02 3.621987253427505493e-02 9.519611485302448273e-03 9.882723912596702576e-03 1.356661599129438400e-02 1.225318480283021927e-02 1.903981529176235199e-02 2.222087606787681580e-02 4.188611172139644623e-03 1.173454057425260544e-02 1.262967474758625031e-02 2.613325603306293488e-02 2.035945840179920197e-02 1.900416798889636993e-02 9.813893586397171021e-03 1.042510289698839188e-02 1.717606745660305023e-02 5.619388073682785034e-03 3.277354314923286438e-02 3.348675370216369629e-02 2.389208413660526276e-02 1.725205406546592712e-02 9.241115301847457886e-03 2.475775405764579773e-02 6.806394550949335098e-03 2.406401932239532471e-02 2.188834175467491150e-02 2.389801666140556335e-02 2.852410264313220978e-02 1.785460114479064941e-02 1.378161553293466568e-02 1.267954986542463303e-02 7.326215272769331932e-04 6.822718773037195206e-03 2.744686044752597809e-02 2.933458611369132996e-02 6.615885067731142044e-03 4.003710579127073288e-03 1.271085813641548157e-02 2.022854052484035492e-02 2.871668152511119843e-02 3.164975717663764954e-02 4.128850996494293213e-03 7.703920360654592514e-03 3.519652783870697021e-02 2.890051342546939850e-02 3.895239531993865967e-02 2.973877824842929840e-02 1.337803993374109268e-02 1.488438807427883148e-02 1.504426822066307068e-02 1.698667183518409729e-03 1.047486159950494766e-02 1.153727527707815170e-02 1.522110681980848312e-02 1.340727228671312332e-02 1.259309239685535431e-02 1.376998983323574066e-02 1.288654003292322159e-02 2.176817879080772400e-02 1.622962951660156250e-02 1.834195293486118317e-02 1.420215610414743423e-02 2.501722611486911774e-02 1.640553027391433716e-02 8.123002946376800537e-03 2.228903956711292267e-02 1.973013021051883698e-02 1.359709259122610092e-02 8.806818164885044098e-03
7.047340273857116699e-03 1.216512266546487808e-02 8.522170186042785645e-01 1.015389431267976761e-02 1.816257089376449585e-02 4.570886492729187012e-03 4.953167866915464401e-03 4.790285974740982056e-02 2.222898043692111969e-02 2.675676252692937851e-03 5.349457263946533203e-03 1.221941784024238586e-02 5.328964442014694214e-03 1.670645736157894135e-02 1.273801643401384354e-02 9.140679612755775452e-03 1.050896383821964264e-02 4.762116353958845139e-03 1.985595189034938812e-02 1.920999772846698761e-02 1.195252314209938049e-02 1.083564199507236481e-02 1.094398437999188900e-03 9.215814992785453796e-03 1.192977745085954666e-02 8.292405866086483002e-03 2.271083556115627289e-02 1.236521732062101364e-02 2.507969923317432404e-02 1.160467788577079773e-02 1.317847333848476410e-02 3.442225232720375061e-02 7.889346219599246979e-03 2.501879632472991943e-02 6.628937553614377975e-03 6.244338583201169968e-03 2.040098048746585846e-02 1.362124085426330566e-02 4.899518680758774281e-04 4.654926713556051254e-03 5.108068216941319406e-05 1.215390302240848541e-02 6.033964920789003372e-03 2.311741001904010773e-02 6.208052858710289001e-03 4.211865365505218506e-03 1.778390142135322094e-03 2.640846883878111839e-03 2.421645261347293854e-02 1.481942087411880493e-02 1.221753563731908798e-02 1.180005632340908051e-02 9.155377745628356934e-03 5.455065518617630005e-03 3.443569410592317581e-03 4.681181453634053469e-04 1.046445593237876892e-02 8.732981048524379730e-03 4.238639492541551590e-03 6.028030533343553543e-03 7.435956504195928574e-03 1.228020898997783661e-02 3.191233146935701370e-03 6.787294987589120865e-03 1.746368221938610077e-02 1.901629008352756500e-02 1.401938404887914658e-02 1.452113594859838486e-02 8.541053393855690956e-04 1.227704901248216629e-02 3.737108316272497177e-03 1.732791773974895477e-02 1.384283415973186493e-02 7.469926960766315460e-03 1.314390543848276138e-02 4.877203144133090973e-03 8.254251442849636078e-03 5.699214991182088852e-03 1.638453267514705658e-02 1.323935482650995255e-02 4.014471173286437988e-02 1.437599491328001022e-02 1.056257728487253189e-02 9.975028224289417267e-03 7.688721176236867905e-03 1.214173971675336361e-03 1.254756841808557510e-02 2.071294561028480530e-02 7.840424776077270508e-03 2.569585572928190231e-03 1.196644175797700882e-02 2.301978319883346558e-02 1.823654398322105408e-03 2.649314142763614655e-02 9.307026863098144531e-03 1.733576296828687191e-03 4.354973789304494858e-03 1.830676198005676270e-02 2.539623295888304710e-03 6.055323407053947449e-03 2.230111509561538696e-02 2.165534719824790955e-02 1.167555339634418488e-02 1.836855709552764893e-02 9.611720219254493713e-03 1.579051371663808823e-03 6.746996194124221802e-03 2.063998579978942871e-02 1.790351048111915588e-02 1.356340851634740829e-02 1.226176321506500244e-02 2.833763137459754944e-03 4.780958697665482759e-04 3.855152986943721771e-03 2.855616994202136993e-02 7.066342979669570923e-03
1.571477577090263367e-02 1.776792854070663452e-02 1.015389431267976761e-02 8.522170186042785645e-01 6.058219447731971741e-02 1.284788735210895538e-02 1.045509893447160721e-02 7.202343083918094635e-03 5.373649764806032181e-03 1.689899526536464691e-02 1.370629575103521347e-02 1.417976990342140198e-02 1.588964834809303284e-02 7.731972262263298035e-03 1.797508914023637772e-03 3.269967436790466309e-02 2.411457151174545288e-02 2.024586126208305359e-02 5.053351633250713348e-03 8.713049814105033875e-03 1.379415765404701233e-02 1.422748994082212448e-02 1.433560438454151154e-02 7.999956607818603516e-03 1.364484801888465881e-02 2.100528404116630554e-02 8.006975054740905762e-03 1.244858745485544205e-02 1.643885485827922821e-02 8.963843807578086853e-03 1.563940756022930145e-02 6.457660812884569168e-03 1.973634026944637299e-02 6.300557404756546021e-03 2.300786040723323822e-02 2.117047272622585297e-02 1.360612455755472183e-02 6.763779558241367340e-03 3.298066928982734680e-02 1.592175289988517761e-02 1.516972854733467102e-02 1.628183200955390930e-02 1.086946669965982437e-02 1.555229444056749344e-02 1.550984103232622147e-02 2.119568362832069397e-02 1.241188682615756989e-02 1.529485266655683517e-02 8.559640846215188503e-04 1.030869968235492706e-02 1.646519452333450317e-02 2.022292837500572205e-02 2.658974938094615936e-02 1.993501000106334686e-02 1.529695466160774231e-02 7.726694922894239426e-03 1.759246736764907837e-02 1.370138954371213913e-02 2.204814180731773376e-02 2.530143968760967255e-02 3.352146968245506287e-02 2.258298173546791077e-02 4.084826260805130005e-02 2.857253700494766235e-02 1.684992015361785889e-02 1.849996484816074371e-02 1.148387044668197632e-02 1.094222534447908401e-02 2.844882011413574219e-02 8.955717086791992188e-03 1.757050678133964539e-02 1.463218126446008682e-02 4.515089839696884155e-02 8.325298316776752472e-03 3.853188082575798035e-02 2.197783254086971283e-02 1.758645474910736084e-02 1.034459657967090607e-02 8.051392622292041779e-03 3.548281639814376831e-02 4.657506011426448822e-03 1.591738313436508179e-02 1.933926902711391449e-02 4.464241676032543182e-03 1.353609748184680939e-02 1.264742296189069748e-02 1.426913589239120483e-02 1.748174242675304413e-02 1.904390193521976471e-02 2.123612165451049805e-02 9.805853478610515594e-03 1.089704502373933792e-02 1.641854085028171539e-02 1.393503975123167038e-02 3.660413622856140137e-02 1.230002939701080322e-02 2.151850610971450806e-02 3.400127589702606201e-02 1.522094570100307465e-02 9.487043134868144989e-03 5.116701591759920120e-03 3.069617785513401031e-03 1.241018529981374741e-02 8.145647123456001282e-03 1.141265779733657837e-02 1.656774058938026428e-02 5.727915093302726746e-03 1.912171207368373871e-02 4.013689700514078140e-03 1.351786591112613678e-02 2.187540195882320404e-02 6.888807285577058792e-03 1.812464557588100433e-02 1.392550580203533173e-02 1.372024416923522949e-03 1.789962500333786011e-02
1.187159866094589233e-02 1.845378614962100983e-02 1.816257089376449585e-02 6.058219447731971741e-02 8.522170186042785645e-01 1.431214250624179840e-02 1.369667146354913712e-02 7.055799476802349091e-03 1.219574548304080963e-02 1.126416586339473724e-02 1.211788132786750793e-02 2.570890588685870171e-03 9.433596394956111908e-03 5.310509819537401199e-03 6.345497444272041321e-03 2.401388064026832581e-02 3.027974627912044525e-02 1.828278414905071259e-02 4.578020423650741577e-03 6.374206859618425369e-03 1.457272563129663467e-02 1.420567044988274574e-03 5.807982524856925011e-04 5.243310239166021347e-03 7.517090067267417908e-03 1.331361010670661926e-02 7.578467484563589096e-03 4.034268204122781754e-03 6.170083768665790558e-03 2.553318161517381668e-03 9.627386927604675293e-03 1.096178079023957253e-03 1.130083762109279633e-02 1.116114482283592224e-02 1.404060423374176025e-02 8.118211291730403900e-03 9.363091550767421722e-03 1.389986649155616760e-02 2.962189354002475739e-02 3.713780641555786133e-02 4.367711022496223450e-03 1.254340866580605507e-03 1.096121128648519516e-02 2.710151020437479019e-04 3.377045039087533951e-03 1.086360774934291840e-02 1.282231975346803665e-02 1.445457618683576584e-02 3.510135924443602562e-03 7.198475301265716553e-03 5.354898050427436829e-03 3.823921550065279007e-03 2.598167397081851959e-02 1.940314471721649170e-02 7.245958317071199417e-03 1.549308560788631439e-02 9.931795066222548485e-04 1.316582132130861282e-02 2.572383545339107513e-02 3.431720286607742310e-02 1.843183860182762146e-02 2.590799517929553986e-02 3.821026533842086792e-02 3.110087104141712189e-02 1.178816799074411392e-02 1.145641412585973740e-02 5.838202778249979019e-03 1.569968089461326599e-02 4.177440889179706573e-03 3.305274294689297676e-03 9.865601547062397003e-03 2.956887939944863319e-03 3.531946241855621338e-02 7.870467379689216614e-03 4.690698906779289246e-02 1.559336204081773758e-02 3.516711993142962456e-03 3.671973012387752533e-03 1.336869411170482635e-02 2.466721087694168091e-02 1.497332588769495487e-03 1.597720570862293243e-02 2.198752947151660919e-02 1.107397954910993576e-02 2.331594259885605425e-05 3.197191283106803894e-03 3.312146989628672600e-03 1.284831855446100235e-02 3.861671779304742813e-03 1.512116473168134689e-02 2.069759648293256760e-03 4.596781916916370392e-03 1.457825116813182831e-02 3.261705162003636360e-03 2.674156799912452698e-02 7.894201204180717468e-03 2.730390988290309906e-02 1.956874504685401917e-02 4.172613844275474548e-03 8.231900632381439209e-03 8.017154759727418423e-04 1.736170379444956779e-03 2.070618048310279846e-02 1.102679129689931870e-02 1.379741448909044266e-02 3.346169367432594299e-02 6.981215439736843109e-03 1.317138131707906723e-02 7.305603940039873123e-03 5.351211875677108765e-03 9.213788434863090515e-03 5.237043951638042927e-04 8.010274730622768402e-03 5.251726135611534119e-03 1.197696197777986526e-03 6.700284313410520554e-03
4.437520354986190796e-02 4.077370092272758484e-02 4.570886492729187012e-03 1.284788735210895538e-02 1.431214250624179840e-02 8.522170186042785645e-01 5.252456292510032654e-02 1.215107552707195282e-02 8.996004471555352211e-04 1.540012937039136887e-02 3.330318257212638855e-02 1.124040503054857254e-02 3.328579664230346680e-02 1.802495121955871582e-02 1.308350544422864914e-02 9.069021791219711304e-03 8.637608028948307037e-03 3.169281175360083580e-03 7.900964468717575073e-03 2.771236747503280640e-02 2.889820188283920288e-02 1.931200735270977020e-02 9.847806766629219055e-03 9.288934059441089630e-03 3.042043559253215790e-02 3.447886556386947632e-02 1.953977532684803009e-02 1.369951665401458740e-02 2.563162334263324738e-02 2.490068040788173676e-02 2.748469822108745575e-02 1.778520457446575165e-02 1.512122806161642075e-02 2.174787968397140503e-02 1.513687241822481155e-02 1.035621762275695801e-02 1.405230164527893066e-02 2.014966122806072235e-02 1.948078861460089684e-04 1.646779291331768036e-02 1.310350373387336731e-02 1.098531950265169144e-02 2.202109992504119873e-02 1.240764465183019638e-02 1.056133769452571869e-02 1.897112280130386353e-02 4.936024546623229980e-02 4.581080004572868347e-02 4.113659262657165527e-03 1.677179895341396332e-02 1.395650114864110947e-02 1.122153084725141525e-02 1.987736299633979797e-02 1.868560910224914551e-02 5.270835477858781815e-03 1.750816591084003448e-02 5.835439078509807587e-03 2.891623042523860931e-02 1.493879500776529312e-02 1.157741341739892960e-02 2.815996529534459114e-03 7.398194167762994766e-03 1.033576391637325287e-02 5.131948739290237427e-03 2.785199880599975586e-02 2.724823728203773499e-02 2.952961251139640808e-02 2.277967706322669983e-02 6.581580266356468201e-03 1.842599920928478241e-02 1.023620180785655975e-02 1.321723405271768570e-02 2.096171490848064423e-02 2.100458927452564240e-02 2.835410647094249725e-02 9.925257414579391479e-03 2.953439718112349510e-03 1.437101420015096664e-02 7.677532732486724854e-03 2.546651987358927727e-03 1.546957064419984818e-02 2.499844692647457123e-02 2.219939837232232094e-03 6.100543774664402008e-03 7.205742876976728439e-03 1.992266811430454254e-02 2.278206124901771545e-02 2.170445770025253296e-02 1.227995846420526505e-02 7.965575903654098511e-03 3.602671250700950623e-02 2.105389349162578583e-02 4.091860726475715637e-02 1.956619508564472198e-02 8.359796367585659027e-03 1.334246899932622910e-02 5.257757380604743958e-03 5.967323202639818192e-03 5.148543976247310638e-03 1.135009713470935822e-02 2.607934363186359406e-02 2.443444170057773590e-02 1.282870769500732422e-02 1.079244539141654968e-02 1.352726109325885773e-02 1.928194984793663025e-02 1.666174456477165222e-02 3.184814006090164185e-03 1.292655896395444870e-02 1.625850424170494080e-02 1.429145131260156631e-02 1.528847590088844299e-02 2.147717587649822235e-02 1.576658710837364197e-02 1.691597513854503632e-03 1.165234111249446869e-02
4.101158306002616882e-02 4.089394584298133850e-02 4.953167866915464401e-03 1.045509893447160721e-02 1.369667146354913712e-02 5.252456292510032654e-02 8.522170186042785645e-01 1.226851996034383774e-02 2.698187483474612236e-03 1.467056199908256531e-02 3.493399545550346375e-02 1.092094834893941879e-02 3.337971866130828857e-02 1.719524525105953217e-02 1.662193238735198975e-02 8.670984767377376556e-03 1.065864227712154388e-02 3.551707603037357330e-03 9.156486019492149353e-03 2.461724542081356049e-02 2.495298162102699280e-02 2.211801148951053619e-02 1.403066236525774002e-02 1.257333811372518539e-02 2.987741865217685699e-02 3.202127292752265930e-02 2.178626134991645813e-02 2.034865133464336395e-02 2.437826991081237793e-02 2.836904674768447876e-02 2.982006594538688660e-02 1.786855608224868774e-02 1.566826179623603821e-02 2.169463783502578735e-02 1.770363189280033112e-02 1.099694985896348953e-02 1.450722478330135345e-02 1.582106202840805054e-02 3.431929217185825109e-04 1.718733832240104675e-02 9.913540445268154144e-03 1.248967833817005157e-02 2.669524960219860077e-02 7.796567864716053009e-03 1.300106663256883621e-02 2.108938433229923248e-02 4.820147901773452759e-02 4.928240925073623657e-02 2.468756865710020065e-03 1.717518456280231476e-02 1.738509535789489746e-02 1.394068449735641479e-02 1.734097115695476532e-02 1.646559126675128937e-02 2.553288126364350319e-03 2.191218733787536621e-02 8.762993849813938141e-03 3.030686080455780029e-02 1.401803921908140182e-02 9.011536836624145508e-03 5.957910791039466858e-03 1.144177094101905823e-02 3.545104991644620895e-03 1.394173596054315567e-03 2.940588817000389099e-02 2.887356840074062347e-02 2.663268893957138062e-02 2.164467051625251770e-02 8.599293418228626251e-03 2.203082852065563202e-02 1.294533815234899521e-02 1.678656972944736481e-02 1.529614999890327454e-02 2.408123947679996490e-02 2.428293973207473755e-02 1.337579730898141861e-02 4.328196402639150620e-03 1.188498549163341522e-02 1.685525989159941673e-03 2.988030435517430305e-03 1.404493674635887146e-02 2.649416401982307434e-02 2.845027018338441849e-03 5.580266006290912628e-03 8.556270040571689606e-03 1.941606402397155762e-02 2.347448095679283142e-02 2.371063828468322754e-02 1.589197292923927307e-02 1.549883838742971420e-02 3.447556495666503906e-02 2.500304393470287323e-02 4.207041859626770020e-02 2.213006652891635895e-02 7.840394042432308197e-03 1.140866801142692566e-02 7.853123359382152557e-03 1.781490631401538849e-03 8.238404057919979095e-03 1.812984980642795563e-02 1.960152015089988708e-02 2.491223812103271484e-02 1.071364618837833405e-02 1.182931382209062576e-02 1.367037557065486908e-02 2.443627826869487762e-02 6.176960654556751251e-03 6.856330204755067825e-03 1.699283719062805176e-02 1.445718016475439072e-02 1.385698840022087097e-02 8.993445895612239838e-03 2.307650446891784668e-02 1.677837409079074860e-02 4.735751135740429163e-04 5.712317768484354019e-03
1.529424823820590973e-02 1.993415504693984985e-02 4.790285974740982056e-02 7.202343083918094635e-03 7.055799476802349091e-03 1.215107552707195282e-02 1.226851996034383774e-02 8.522170186042785645e-01 2.267481200397014618e-02 1.435065641999244690e-02 1.236429158598184586e-02 6.325499154627323151e-03 1.743393391370773315e-02 2.087185159325599670e-02 2.331343293190002441e-02 6.202896474860608578e-04 1.831942121498286724e-03 2.801475860178470612e-02 2.326402254402637482e-02 1.965552568435668945e-02 1.874908618628978729e-02 1.605002023279666901e-02 1.058964524418115616e-02 1.210631057620048523e-02 1.362569909542798996e-02 3.756306832656264305e-03 2.947409264743328094e-02 8.993235416710376740e-03 1.670445688068866730e-02 1.624320074915885925e-02 1.855248399078845978e-02 2.616219967603683472e-02 1.417508628219366074e-02 2.428427711129188538e-02 1.004798617213964462e-02 2.242355234920978546e-02 2.426789700984954834e-02 2.609961852431297302e-02 5.305003840476274490e-03 2.469852333888411522e-03 2.945974841713905334e-02 1.465454604476690292e-02 1.069106906652450562e-02 8.730418980121612549e-03 8.000209927558898926e-03 4.877584986388683319e-03 8.241056464612483978e-03 8.936443366110324860e-03 2.545654773712158203e-02 2.146095782518386841e-02 3.502581967040896416e-03 3.689804812893271446e-03 2.518669469282031059e-03 1.343601383268833160e-03 2.144638076424598694e-02 1.012461539357900620e-02 1.667620614171028137e-02 1.665235124528408051e-02 3.959939815104007721e-03 3.204090986400842667e-03 1.582611352205276489e-02 2.501806989312171936e-02 1.007545832544565201e-02 6.129430141299962997e-03 1.515583228319883347e-02 1.675679720938205719e-02 1.746106334030628204e-02 1.622164808213710785e-02 1.679667830467224121e-02 2.590629458427429199e-02 1.447284873574972153e-02 2.862901613116264343e-02 3.758538980036973953e-03 2.381787076592445374e-02 2.333333250135183334e-03 2.446988597512245178e-02 2.085644751787185669e-02 9.758348576724529266e-03 2.042655833065509796e-02 1.476888079196214676e-02 5.442622676491737366e-02 2.840662561357021332e-02 1.822540909051895142e-02 9.504322893917560577e-03 1.616950891911983490e-02 1.223590038716793060e-02 2.900951169431209564e-02 2.837215922772884369e-02 1.575899496674537659e-02 1.040443661622703075e-03 1.409165747463703156e-02 2.438386902213096619e-02 6.427964195609092712e-03 2.625834196805953979e-02 1.376846805214881897e-02 8.830411359667778015e-03 1.242823619395494461e-02 2.926372922956943512e-03 1.462201122194528580e-02 5.389568861573934555e-03 8.821366354823112488e-03 1.256828289479017258e-02 1.984255574643611908e-02 2.631368674337863922e-02 5.221985280513763428e-03 6.289324723184108734e-03 4.689164925366640091e-03 2.316568419337272644e-02 6.348605267703533173e-03 1.901914738118648529e-02 3.049735166132450104e-02 2.319090254604816437e-02 5.192473996430635452e-03 1.331389229744672775e-02 1.511479169130325317e-02 2.204080671072006226e-02
5.492894910275936127e-03 9.828267619013786316e-03 2.222898043692111969e-02 5.373649764806032181e-03 1.219574548304080963e-02 8.996004471555352211e-04 2.698187483474612236e-03 2.267481200397014618e-02 8.522170186042785645e-01 3.673376888036727905e-02 1.313596125692129135e-02 1.328476238995790482e-02 1.608987711369991302e-02 1.520355977118015289e-02 1.711170934140682220e-02 2.060196921229362488e-02 2.171980030834674835e-02 3.509509563446044922e-02 2.227331511676311493e-02 4.536051303148269653e-03 8.312721736729145050e-03 2.471339330077171326e-02 2.623611688613891602e-02 2.412589825689792633e-02 5.086754914373159409e-03 3.718233900144696236e-03 3.018114529550075531e-02 6.807964760810136795e-03 1.525069866329431534e-02 4.257065244019031525e-03 1.351741328835487366e-02 2.425836212933063507e-02 9.723146446049213409e-03 1.475258544087409973e-02 7.709534838795661926e-03 1.782254502177238464e-02 1.994648948311805725e-02 1.008915621787309647e-02 1.735335029661655426e-02 2.457044832408428192e-02 7.755890488624572754e-03 3.039001859724521637e-02 2.210281230509281158e-02 7.545798085629940033e-03 2.881929092109203339e-02 2.420618012547492981e-02 1.062062685377895832e-03 6.029712036252021790e-03 3.369023650884628296e-02 2.649577707052230835e-02 1.750340312719345093e-02 1.822536066174507141e-02 2.380601508775725961e-04 1.471253228373825550e-03 3.780182078480720520e-02 1.737475953996181488e-02 2.324200607836246490e-02 1.958465389907360077e-02 8.625653572380542755e-03 1.657125353813171387e-02 2.961370907723903656e-02 8.161237463355064392e-03 6.615904625505208969e-03 4.811212420463562012e-04 9.782810695469379425e-03 1.150646992027759552e-02 8.833422325551509857e-03 1.331676170229911804e-02 3.543564677238464355e-02 2.898637764155864716e-02 2.449058182537555695e-02 3.617409989237785339e-02 5.220380611717700958e-03 3.145754709839820862e-02 5.404239709605462849e-05 2.979482337832450867e-02 5.034543201327323914e-02 4.155768081545829773e-02 4.400301352143287659e-02 2.728922665119171143e-02 1.773210428655147552e-02 9.977928362786769867e-03 2.740325219929218292e-02 4.243423696607351303e-03 2.868769504129886627e-02 2.144380472600460052e-02 1.973674073815345764e-02 1.451979950070381165e-02 3.189205378293991089e-02 6.228166166692972183e-03 1.434943731874227524e-02 2.585565485060214996e-02 4.225000739097595215e-03 2.671509236097335815e-02 1.791829429566860199e-02 1.790593378245830536e-02 4.834094550460577011e-03 3.259344957768917084e-03 3.266567364335060120e-02 2.298125997185707092e-02 1.871191337704658508e-02 5.727789364755153656e-03 1.815656572580337524e-02 9.776819497346878052e-03 4.530909936875104904e-04 8.972718380391597748e-03 8.638055995106697083e-03 1.944904215633869171e-02 1.565570756793022156e-02 2.309497818350791931e-02 4.164780955761671066e-03 6.972185336053371429e-03 1.801056414842605591e-02 2.415930107235908508e-02 5.943677388131618500e-03 4.291137214750051498e-03
6.672247778624296188e-03 5.630332045257091522e-03 2.675676252692937851e-03 1.689899526536464691e-02 1.126416586339473724e-02 1.540012937039136887e-02 1.467056199908256531e-02 1.435065641999244690e-02 3.673376888036727905e-02 8.522170186042785645e-01 1.345179229974746704e-02 2.039041556417942047e-02 9.936048649251461029e-03 4.796618595719337463e-03 8.440101519227027893e-03 4.461571574211120605e-03 1.091274712234735489e-02 8.610865101218223572e-03 5.521082133054733276e-02 7.945825345814228058e-04 4.133327398449182510e-03 9.119198657572269440e-03 5.251317750662565231e-03 2.047714777290821075e-03 2.202969044446945190e-03 1.947419805219396949e-04 2.715388499200344086e-02 4.135604831390082836e-04 1.025249436497688293e-02 1.849926263093948364e-02 1.259620301425457001e-02 6.105146603658795357e-04 1.313726138323545456e-02 1.123683154582977295e-02 1.009984593838453293e-02 3.472812706604599953e-03 1.595175452530384064e-02 7.093248888850212097e-03 7.084698416292667389e-03 1.739994063973426819e-02 3.726204857230186462e-03 1.805297681130468845e-03 1.045903190970420837e-02 1.971272006630897522e-02 7.397226523607969284e-03 2.633628901094198227e-03 8.256550878286361694e-03 8.788278326392173767e-03 8.779205381870269775e-04 6.370446830987930298e-02 6.710465531796216965e-03 8.106304332613945007e-03 2.428915910422801971e-02 2.679451741278171539e-02 1.054740604013204575e-02 5.096639320254325867e-02 5.231884773820638657e-03 3.465102985501289368e-02 3.055207617580890656e-02 3.252689912915229797e-02 8.103715255856513977e-03 4.062598571181297302e-02 1.095655746757984161e-02 4.502567462623119354e-03 5.053678527474403381e-03 3.377824090421199799e-03 1.788217632565647364e-04 3.866865765303373337e-03 1.967086270451545715e-02 4.635259509086608887e-02 5.084992945194244385e-02 2.102299407124519348e-02 2.003212086856365204e-02 4.362217336893081665e-02 2.572127617895603180e-03 1.855923049151897430e-02 1.561066601425409317e-02 7.234244793653488159e-02 1.957575045526027679e-02 5.629305168986320496e-02 1.172954868525266647e-02 3.246893174946308136e-03 5.054316017776727676e-03 3.189714252948760986e-02 2.988950116559863091e-03 1.020082551985979080e-02 1.042958348989486694e-02 4.427235107868909836e-03 5.402698647230863571e-03 4.092586413025856018e-02 8.736266754567623138e-03 1.947895996272563934e-02 1.162669286713935435e-04 1.083500869572162628e-02 2.236240543425083160e-03 2.067893743515014648e-02 1.019912771880626678e-02 3.622582554817199707e-02 8.275602012872695923e-03 1.480570621788501740e-02 7.133236620575189590e-03 2.370574697852134705e-02 6.774537265300750732e-03 5.909921019338071346e-04 1.670324988663196564e-02 6.873053964227437973e-03 2.293750440003350377e-04 8.324955590069293976e-03 1.747106015682220459e-02 1.642752438783645630e-02 7.299371529370546341e-03 5.343619268387556076e-03 1.638915156945586205e-03 3.375009167939424515e-03 2.792251179926097393e-04 2.036655880510807037e-02
3.715549781918525696e-02 3.473841771483421326e-02 5.349457263946533203e-03 1.370629575103521347e-02 1.211788132786750793e-02 3.330318257212638855e-02 3.493399545550346375e-02 1.236429158598184586e-02 1.313596125692129135e-02 1.345179229974746704e-02 8.522170186042785645e-01 1.249476801604032516e-03 4.041140154004096985e-02 1.150652952492237091e-02 3.241991251707077026e-02 7.149767130613327026e-03 9.179626591503620148e-03 1.455543097108602524e-02 1.441112253814935684e-02 2.141430601477622986e-02 1.840507052838802338e-02 3.167575225234031677e-02 1.290474552661180496e-02 9.057617746293544769e-03 2.840771153569221497e-02 2.986434102058410645e-02 2.561218291521072388e-02 1.498561818152666092e-02 3.811939060688018799e-02 1.078192889690399170e-02 3.459236025810241699e-02 1.576028391718864441e-02 1.941601745784282684e-02 1.229992136359214783e-02 2.727054432034492493e-02 1.846399158239364624e-02 2.250912785530090332e-02 1.822050660848617554e-02 3.538979217410087585e-03 6.110248155891895294e-03 8.190305903553962708e-03 1.829026639461517334e-02 2.351720817387104034e-02 7.685220916755497456e-04 1.931436173617839813e-02 1.924255862832069397e-02 3.362394124269485474e-02 3.342735022306442261e-02 7.419722154736518860e-03 1.153643801808357239e-02 2.074067294597625732e-02 1.761684939265251160e-02 1.408594381064176559e-02 1.708767190575599670e-02 1.065363083034753799e-02 1.640513353049755096e-02 2.237369865179061890e-02 2.974201366305351257e-02 1.481920387595891953e-02 5.226375069469213486e-03 1.924590766429901123e-02 1.779291033744812012e-02 1.711004972457885742e-02 9.346723556518554688e-03 3.616527467966079712e-02 3.695344552397727966e-02 2.397524379193782806e-02 1.739330030977725983e-02 1.532223448157310486e-02 2.799547836184501648e-02 1.981379650533199310e-02 2.650523744523525238e-02 1.056049205362796783e-02 2.438930235803127289e-02 1.609238237142562866e-02 2.083652466535568237e-02 1.252909656614065170e-02 1.454330794513225555e-02 4.732944071292877197e-03 2.165148267522454262e-03 1.498289033770561218e-02 2.265864610671997070e-02 3.922718577086925507e-03 8.975767530500888824e-03 1.710638403892517090e-02 1.437133923172950745e-02 2.954609133303165436e-02 3.001171723008155823e-02 1.256718300282955170e-03 1.157715823501348495e-02 3.568825498223304749e-02 3.023408353328704834e-02 3.420380875468254089e-02 2.936969324946403503e-02 1.566953957080841064e-02 2.528299018740653992e-02 7.878283970057964325e-03 4.300516447983682156e-04 1.581045612692832947e-02 1.946494728326797485e-02 2.282290719449520111e-02 1.918195746839046478e-02 1.380604133009910583e-02 1.489122305065393448e-02 1.265782024711370468e-02 9.867819026112556458e-03 1.593991927802562714e-02 1.824555918574333191e-02 1.573193073272705078e-02 2.674029581248760223e-02 7.421780377626419067e-03 2.309628995135426521e-03 2.423433400690555573e-02 1.985377073287963867e-02 6.319719832390546799e-03 5.143630318343639374e-03
1.020065881311893463e-02 8.478770032525062561e-03 1.221941784024238586e-02 1.417976990342140198e-02 2.570890588685870171e-03 1.124040503054857254e-02 1.092094834893941879e-02 6.325499154627323151e-03 1.328476238995790482e-02 2.039041556417942047e-02 1.249476801604032516e-03 8.522170186042785645e-01 9.197416715323925018e-03 7.055416703224182129e-02 1.402516500093042850e-03 2.996026910841464996e-02 2.145038731396198273e-02 3.171161515638232231e-03 4.792334884405136108e-02 9.264186024665832520e-03 1.966546848416328430e-02 6.577984895557165146e-03 4.236428812146186829e-02 4.099915921688079834e-02 1.030244119465351105e-02 1.305195316672325134e-02 4.163333680480718613e-03 3.097300417721271515e-02 4.451629705727100372e-03 3.036399185657501221e-02 3.592127701267600060e-03 1.688574813306331635e-02 8.569758385419845581e-03 1.182699203491210938e-02 4.509472753852605820e-03 1.107937935739755630e-02 8.744012564420700073e-03 3.516529686748981476e-03 3.588530467823147774e-03 9.417499415576457977e-03 3.148590447381138802e-03 2.159522287547588348e-02 2.272664755582809448e-02 7.921807700768113136e-04 2.605594694614410400e-02 3.239777684211730957e-02 7.820388302206993103e-03 1.425236277282238007e-02 2.102051163092255592e-03 2.327279560267925262e-02 2.881299518048763275e-02 3.755500912666320801e-02 1.954355277121067047e-02 1.333857607096433640e-02 5.949273705482482910e-03 3.040012961719185114e-04 1.220378186553716660e-02 7.099014241248369217e-03 1.455987989902496338e-02 1.595531404018402100e-02 1.332860626280307770e-02 2.415972575545310974e-02 6.829780526459217072e-03 2.295446768403053284e-02 1.115556154400110245e-02 1.009885221719741821e-02 1.407476235181093216e-02 1.379749458283185959e-02 1.716921664774417877e-02 1.586080342531204224e-02 5.568165797740221024e-03 3.166218288242816925e-03 1.845340244472026825e-02 6.522791227325797081e-04 1.600094139575958252e-02 2.052906900644302368e-03 1.949714869260787964e-02 2.545529743656516075e-03 1.078599411994218826e-02 3.520377352833747864e-02 4.781928379088640213e-03 5.842254962772130966e-03 2.894630655646324158e-03 4.783618450164794922e-02 1.965729147195816040e-02 2.528272196650505066e-02 5.985355819575488567e-04 7.500150968553498387e-05 1.045259740203619003e-02 2.378959581255912781e-02 3.316269256174564362e-03 2.543138340115547180e-03 1.527697313576936722e-02 1.574840862303972244e-03 1.145576220005750656e-02 3.688557539135217667e-03 6.841567810624837875e-03 1.489144843071699142e-02 2.132171764969825745e-02 2.563946694135665894e-02 3.079951275140047073e-03 1.123636867851018906e-02 4.058265592902898788e-03 3.631456289440393448e-03 1.038600131869316101e-02 4.963824991136789322e-03 1.340526738204061985e-03 2.204482676461338997e-03 3.008434921503067017e-02 8.740722201764583588e-03 1.042986288666725159e-02 2.245457842946052551e-03 2.157921716570854187e-02 3.191067278385162354e-02 6.349768489599227905e-03 1.869207434356212616e-02
3.390689566731452942e-02 3.563425689935684204e-02 5.328964442014694214e-03 1.588964834809303284e-02 9.433596394956111908e-03 3.328579664230346680e-02 3.337971866130828857e-02 1.743393391370773315e-02 1.608987711369991302e-02 9.936048649251461029e-03 4.041140154004096985e-02 9.197416715323925018e-03 8.522170186042785645e-01 3.436167025938630104e-03 2.879697643220424652e-02 1.070566289126873016e-02 8.899472653865814209e-03 1.483371853828430176e-02 7.194087840616703033e-03 2.374457940459251404e-02 2.265787683427333832e-02 3.075681999325752258e-02 1.891366206109523773e-02 1.649633422493934631e-02 2.754528634250164032e-02 3.114835359156131744e-02 2.588719502091407776e-02 1.886538043618202209e-02 3.488516062498092651e-02 2.076337859034538269e-02 3.489069640636444092e-02 1.876023039221763611e-02 2.170897834002971649e-02 1.797511987388134003e-02 2.664493583142757416e-02 2.223178185522556305e-02 2.754225768148899078e-02 1.677110046148300171e-02 1.575257396325469017e-03 4.156270995736122131e-03 1.590496674180030823e-02 2.291688695549964905e-02 2.647635340690612793e-02 7.575659547001123428e-03 2.152645587921142578e-02 2.283847145736217499e-02 3.276029974222183228e-02 3.360808640718460083e-02 9.455791674554347992e-03 1.060445513576269150e-02 2.365209162235260010e-02 2.158389240503311157e-02 1.569686271250247955e-02 1.812161318957805634e-02 1.297393906861543655e-02 1.542333606630563736e-02 2.329819276928901672e-02 2.898239530622959137e-02 1.583188399672508240e-02 5.712646525353193283e-03 2.196225896477699280e-02 1.390325743705034256e-02 1.828221417963504791e-02 8.147224783897399902e-03 3.339567780494689941e-02 3.710667788982391357e-02 2.671500109136104584e-02 2.199429646134376526e-02 1.874637231230735779e-02 2.702692709863185883e-02 1.794564537703990936e-02 2.908741123974323273e-02 1.303878705948591232e-02 2.581851556897163391e-02 1.761209405958652496e-02 2.256234548985958099e-02 1.667582802474498749e-02 1.236084196716547012e-02 7.351945154368877411e-03 5.899162963032722473e-03 1.845117658376693726e-02 2.462741732597351074e-02 1.232384471222758293e-03 1.526037603616714478e-02 1.867530308663845062e-02 1.845377497375011444e-02 2.918270975351333618e-02 2.994427271187305450e-02 3.750649339053779840e-04 1.562475413084030151e-02 3.378887102007865906e-02 3.030407987534999847e-02 3.507785871624946594e-02 3.084246441721916199e-02 1.659680530428886414e-02 1.997314766049385071e-02 9.976443834602832794e-03 5.713582970201969147e-03 2.274569869041442871e-02 2.360471710562705994e-02 2.019663527607917786e-02 1.413259468972682953e-02 1.135192718356847763e-02 1.516148447990417480e-02 9.979352355003356934e-03 1.112828683108091354e-02 1.760984584689140320e-02 1.815868727862834930e-02 1.684769615530967712e-02 2.733188308775424957e-02 1.061908714473247528e-02 4.038261715322732925e-03 2.688047662377357483e-02 2.541625127196311951e-02 5.515855737030506134e-03 1.553402747958898544e-02
