8.352136015892028809e-01 8.242029696702957153e-02 2.081043273210525513e-02 2.904900722205638885e-02 1.429730001837015152e-02 5.433117970824241638e-02 2.472433261573314667e-02 5.924488417804241180e-03 2.498888410627841949e-02 2.547266706824302673e-02 6.764228641986846924e-02 1.164671033620834351e-02 5.134912952780723572e-02 1.489254552870988846e-02 2.868266403675079346e-02 5.087553989142179489e-03 2.519798232242465019e-03 8.818698115646839142e-03 6.337577477097511292e-03 1.554487273097038269e-02 5.575756076723337173e-03 4.417836666107177734e-02 1.387200132012367249e-02 4.438064992427825928e-03 7.709072902798652649e-03 6.619901396334171295e-03 4.252442345023155212e-02 2.919173799455165863e-02 1.495835557579994202e-02 1.869484409689903259e-02 1.709960587322711945e-02 1.243819110095500946e-02 9.669985622167587280e-03 1.954318489879369736e-03 1.283249631524085999e-02 1.296506449580192566e-02 1.098813395947217941e-02 4.619991406798362732e-03 7.192204706370830536e-03 2.569041447713971138e-03 5.881521850824356079e-03 3.016130067408084869e-02 1.624402822926640511e-03 4.491255152970552444e-03 1.145359710790216923e-03 4.745191894471645355e-03 2.963638491928577423e-02 2.069693058729171753e-02 1.389533560723066330e-02 1.533296424895524979e-02 1.541098672896623611e-02 1.208767294883728027e-02 3.124363906681537628e-02 2.377286367118358612e-02 1.453644409775733948e-02 4.153903108090162277e-03 3.424472641199827194e-03 2.717758761718869209e-03 3.379180282354354858e-02 2.491521276533603668e-02 3.609286621212959290e-03 1.729520596563816071e-02 4.889694508165121078e-03 4.870724864304065704e-03 2.477925084531307220e-02 1.071118284016847610e-02 1.246146205812692642e-02 5.874246708117425442e-04 7.872395217418670654e-03 1.146618090569972992e-02 7.800294086337089539e-03 1.011374033987522125e-02 1.758660562336444855e-02 8.155875839293003082e-03 9.087380953133106232e-03 1.236676331609487534e-02 1.497980765998363495e-02 2.811224572360515594e-02 9.369828738272190094e-03 8.610641583800315857e-03 1.484658755362033844e-02 4.661838989704847336e-03 1.138033252209424973e-02 9.669770486652851105e-03 2.607672847807407379e-02 1.679468341171741486e-02 1.775419339537620544e-03 1.495396811515092850e-02 1.821450144052505493e-02 2.500386908650398254e-04 3.617352992296218872e-02 3.669380024075508118e-02 2.510204538702964783e-02 1.761645264923572540e-02 2.136514754965901375e-03 5.219853483140468597e-04 3.172762459143996239e-03 1.256437040865421295e-02 1.970594003796577454e-02 1.108709163963794708e-02 1.270292699337005615e-02 1.375565957278013229e-02 3.902808239217847586e-04 8.516564965248107910e-03 1.727225258946418762e-02 1.340397750027477741e-03 6.744676735252141953e-03 1.906404271721839905e-02 1.059740952769061550e-06 2.209373377263545990e-02 1.096683647483587265e-02 2.709476649761199951e-02 9.254532866179943085e-03 1.006171572953462601e-02 1.225873921066522598e-02 1.192799955606460571e-02
8.242029696702957153e-02 8.352136015892028809e-01 2.554265595972537994e-02 3.059283643960952759e-02 1.147279515862464905e-02 4.728845879435539246e-02 2.925378084182739258e-02 1.449470594525337219e-02 1.755950041115283966e-02 2.381194755434989929e-02 6.859550625085830688e-02 1.152796391397714615e-02 6.244574114680290222e-02 1.692137867212295532e-02 2.965249493718147278e-02 8.857005741447210312e-04 2.373857656493782997e-03 1.292724162340164185e-02 1.150153391063213348e-02 1.651489548385143280e-02 1.088344957679510117e-02 3.875348344445228577e-02 9.763021022081375122e-03 6.269585806876420975e-03 7.515194825828075409e-03 2.827248070389032364e-03 3.271896764636039734e-02 3.221280127763748169e-02 1.429943367838859558e-02 1.751897856593132019e-02 1.346155442297458649e-02 6.110106594860553741e-03 9.146953001618385315e-03 3.040963085368275642e-03 4.162588156759738922e-03 1.105005946010351181e-02 1.410310156643390656e-02 6.712504662573337555e-03 1.250363275175914168e-04 6.559120491147041321e-03 5.233548115938901901e-03 2.529369667172431946e-02 1.168460235930979252e-03 5.598057061433792114e-03 7.084752898663282394e-03 1.098035951144993305e-03 2.841757796704769135e-02 2.508890070021152496e-02 7.554052397608757019e-03 1.664676517248153687e-02 1.083025895059108734e-02 1.782260078471153975e-04 2.706912346184253693e-02 1.541609410196542740e-02 3.665606025606393814e-03 4.985747858881950378e-03 1.191051583737134933e-02 6.679371930658817291e-03 3.313091397285461426e-02 2.544921077787876129e-02 8.994223549962043762e-03 2.188462391495704651e-02 1.402425672858953476e-02 1.231878343969583511e-02 2.599236741662025452e-02 2.026121318340301514e-02 1.370945945382118225e-02 1.970817567780613899e-03 2.713656052947044373e-03 1.855008653365075588e-03 4.057303536683320999e-03 1.298227254301309586e-02 2.218311838805675507e-02 2.094874158501625061e-02 5.591574590653181076e-03 1.872153021395206451e-02 1.254686340689659119e-02 2.755519375205039978e-02 1.278697792440652847e-02 1.166616752743721008e-02 2.006015181541442871e-02 1.683882623910903931e-02 2.168282493948936462e-02 1.475608209148049355e-03 2.823002636432647705e-02 1.992467790842056274e-02 2.071036025881767273e-03 1.793080940842628479e-02 1.671183854341506958e-02 1.055811345577239990e-02 3.726714104413986206e-02 3.047835826873779297e-02 3.151821345090866089e-02 2.270347438752651215e-02 1.099629607051610947e-02 2.816125517711043358e-03 1.159892696887254715e-02 1.640633307397365570e-02 1.074404641985893250e-02 7.073925808072090149e-03 1.249055285006761551e-02 1.439272891730070114e-02 1.557928696274757385e-02 6.656345445662736893e-03 1.793287508189678192e-02 2.422688761726021767e-03 3.167621092870831490e-03 1.798181235790252686e-02 2.342531224712729454e-03 1.407420262694358826e-02 1.720412634313106537e-02 1.821161247789859772e-02 1.017251145094633102e-02 1.807073317468166351e-02 1.972087286412715912e-02 1.694762468105182052e-04
2.081043273210525513e-02 2.554265595972537994e-02 8.352136015892028809e-01 2.408336661756038666e-02 3.881779313087463379e-02 1.474338117986917496e-02 1.313179451972246170e-02 4.804314300417900085e-02 1.247065514326095581e-02 1.605605706572532654e-02 2.027789875864982605e-02 8.343993686139583588e-03 2.297984436154365540e-02 1.230265386402606964e-02 1.884842058643698692e-03 8.806395344436168671e-03 1.668087672442197800e-03 6.590657867491245270e-03 1.767285540699958801e-02 1.897644624114036560e-02 6.666834233328700066e-04 8.148686029016971588e-03 5.894622299820184708e-03 1.141935028135776520e-02 4.979562014341354370e-03 4.276038613170385361e-03 7.903146557509899139e-03 1.814104802906513214e-02 1.544418558478355408e-02 2.172628883272409439e-03 4.417438525706529617e-03 3.834233386442065239e-03 1.323085930198431015e-02 7.683969568461179733e-03 6.878047715872526169e-03 9.445773437619209290e-03 1.666334457695484161e-02 2.189202699810266495e-03 3.910713270306587219e-02 3.144992515444755554e-02 1.211022771894931793e-02 1.033955719321966171e-02 8.575330488383769989e-03 9.363072924315929413e-03 3.665963420644402504e-03 3.505015280097723007e-03 1.960575580596923828e-02 2.288911119103431702e-02 2.644085790961980820e-03 1.795981079339981079e-02 5.868514534085988998e-03 4.856307641603052616e-04 7.350069936364889145e-03 1.565782353281974792e-02 5.615769419819116592e-03 2.244717814028263092e-02 1.791438087821006775e-02 2.636474743485450745e-02 2.899744780734181404e-03 2.790553309023380280e-02 9.451867081224918365e-03 4.858889151364564896e-03 7.052295375615358353e-03 1.688407617621123791e-03 1.494700927287340164e-02 1.244216598570346832e-02 8.788343518972396851e-03 8.580422028899192810e-03 4.181777127087116241e-03 9.411990642547607422e-03 9.024853818118572235e-03 4.493522457778453827e-03 2.631772495806217194e-02 6.711967289447784424e-03 2.140240184962749481e-02 8.244300843216478825e-04 1.386374607682228088e-02 1.188443135470151901e-02 1.991772837936878204e-02 2.061814256012439728e-02 8.147756010293960571e-02 6.714157015085220337e-02 1.882048090919852257e-03 3.195433178916573524e-03 2.508460544049739838e-02 2.221339568495750427e-02 3.364678472280502319e-02 2.562036551535129547e-02 6.328363437205553055e-03 2.318648248910903931e-02 1.499833445996046066e-02 1.484736916609108448e-03 2.652019821107387543e-02 3.355508204549551010e-03 3.174706595018506050e-03 1.524482574313879013e-02 3.546652384102344513e-03 9.133090497925877571e-04 3.789661685004830360e-03 7.128302473574876785e-03 4.292592871934175491e-03 1.559909339994192123e-02 2.688027918338775635e-02 1.778044551610946655e-02 1.203663926571607590e-02 3.028497798368334770e-03 9.289605077356100082e-04 1.131120044738054276e-02 2.576948329806327820e-02 7.453055586665868759e-03 2.042205631732940674e-02 2.991288341581821442e-02 7.396740373224020004e-03 7.899059914052486420e-03 5.639884155243635178e-03 9.900919161736965179e-03
2.904900722205638885e-02 3.059283643960952759e-02 2.408336661756038666e-02 8.352136015892028809e-01 7.972049713134765625e-02 1.255043689161539078e-02 1.670012436807155609e-02 1.193973422050476074e-02 1.998104900121688843e-02 3.122496232390403748e-02 1.863730140030384064e-02 1.348932087421417236e-02 1.428572926670312881e-02 4.055342823266983032e-02 2.044476941227912903e-02 1.603443920612335205e-02 3.415637183934450150e-03 9.435541927814483643e-03 4.089813213795423508e-03 1.811294583603739738e-03 7.678934838622808456e-03 4.108200781047344208e-03 8.437823504209518433e-03 2.537402557209134102e-03 2.543284790590405464e-03 1.030547078698873520e-02 1.540962513536214828e-02 5.204207077622413635e-02 1.313608046621084213e-02 2.604657225310802460e-02 6.991836242377758026e-03 3.699748078361153603e-03 1.245073229074478149e-02 6.375275552272796631e-03 2.358355745673179626e-02 1.859520678408443928e-03 1.285148225724697113e-02 1.514552626758813858e-03 3.324986621737480164e-02 1.022576633840799332e-02 5.474044475704431534e-03 9.069507941603660583e-03 6.989020854234695435e-03 5.248739384114742279e-03 4.236915148794651031e-03 1.456494815647602081e-02 7.943105883896350861e-03 1.891329325735569000e-02 5.250136833637952805e-03 2.112226001918315887e-02 2.238073013722896576e-02 2.485769242048263550e-02 1.633165520615875721e-03 1.087229116819798946e-03 1.071668695658445358e-02 2.312204428017139435e-02 1.347336079925298691e-02 3.264020383358001709e-02 1.008288748562335968e-02 1.274895295500755310e-02 2.351905591785907745e-02 8.948217146098613739e-03 3.691961988806724548e-02 8.759821765124797821e-03 1.953575061634182930e-03 7.776703219860792160e-03 1.748424954712390900e-02 9.913168847560882568e-03 8.664544438943266869e-04 6.827265489846467972e-03 8.935695514082908630e-03 8.460024371743202209e-03 7.376460731029510498e-02 3.526882966980338097e-03 4.675401002168655396e-02 1.797189377248287201e-02 4.354696720838546753e-03 2.901489101350307465e-02 1.604205230250954628e-03 1.930527156218886375e-03 1.465842965990304947e-02 5.990825593471527100e-03 3.100987151265144348e-02 8.990871720016002655e-03 1.703040115535259247e-02 1.951773464679718018e-02 1.117115467786788940e-02 3.750484669581055641e-03 2.263702824711799622e-02 3.740188106894493103e-02 1.385805476456880569e-02 4.801562987267971039e-03 3.081857226788997650e-02 1.137813925743103027e-02 1.005589962005615234e-02 8.176700212061405182e-03 8.140886202454566956e-03 1.949918456375598907e-02 3.892457345500588417e-03 4.337545484304428101e-03 9.881883859634399414e-03 6.738260854035615921e-03 1.164919137954711914e-02 3.653453197330236435e-03 6.455544382333755493e-03 1.385528966784477234e-02 2.137644588947296143e-02 6.082077510654926300e-03 1.332561019808053970e-02 1.069770101457834244e-02 4.014092963188886642e-03 8.839850313961505890e-03 1.070340257138013840e-02 2.041859552264213562e-02 2.624509483575820923e-02 1.375581789761781693e-02
1.429730001837015152e-02 1.147279515862464905e-02 3.881779313087463379e-02 7.972049713134765625e-02 8.352136015892028809e-01 3.974043764173984528e-03 8.491190150380134583e-03 1.228597108274698257e-02 2.183854207396507263e-02 2.073297090828418732e-02 8.772017434239387512e-03 3.111214376986026764e-03 9.619860909879207611e-03 3.045835718512535095e-02 1.804447546601295471e-02 2.299130894243717194e-02 1.967648975551128387e-02 3.986903000622987747e-03 6.253393832594156265e-03 1.095914840698242188e-02 5.441683344542980194e-03 5.036860704421997070e-03 6.874263752251863480e-03 2.638552105054259300e-03 1.411332748830318451e-02 2.687234990298748016e-02 3.952658735215663910e-03 4.682102054357528687e-02 4.199582035653293133e-04 2.764867246150970459e-02 3.304318292066454887e-03 1.180272921919822693e-02 7.790481206029653549e-03 4.330410622060298920e-03 1.257025543600320816e-02 5.477691884152591228e-04 7.532326970249414444e-03 8.811062434688210487e-04 5.717515572905540466e-02 3.777787089347839355e-02 4.685056395828723907e-03 1.508823502808809280e-02 8.844365365803241730e-03 1.009397767484188080e-02 1.250245491974055767e-03 9.634857065975666046e-03 6.142523605376482010e-03 2.302592247724533081e-02 1.310238894075155258e-02 2.343412116169929504e-02 1.268760301172733307e-02 1.296214945614337921e-02 1.994337514042854309e-02 1.544350106269121170e-02 1.846016757190227509e-02 3.066299669444561005e-02 4.434746224433183670e-03 3.286644071340560913e-02 9.034745395183563232e-03 1.386045361869037151e-03 5.648225080221891403e-03 1.477531623095273972e-02 4.114037752151489258e-02 1.367592439055442810e-02 5.837022326886653900e-04 1.542599312961101532e-02 4.910681862384080887e-03 3.967990167438983917e-03 1.639027148485183716e-02 1.849024120019748807e-04 3.636551322415471077e-03 1.829751185141503811e-03 7.095210999250411987e-02 6.181178148835897446e-03 7.376850396394729614e-02 4.236147738993167877e-03 1.799830980598926544e-02 1.642546802759170532e-02 4.275196697562932968e-03 5.384030286222696304e-03 2.328163012862205505e-02 8.806476369500160217e-03 2.537178806960582733e-02 2.476577274501323700e-02 3.785858629271388054e-03 5.984799005091190338e-03 5.333988461643457413e-03 2.296438906341791153e-03 1.790579594671726227e-02 1.965294033288955688e-02 1.086906436830759048e-02 2.898540813475847244e-03 3.595883399248123169e-02 5.270860157907009125e-03 5.816782824695110321e-03 5.568108055740594864e-03 1.169436797499656677e-02 4.696517717093229294e-04 8.140693418681621552e-03 1.543214544653892517e-03 2.132547320798039436e-03 6.086820736527442932e-03 1.020522695034742355e-02 7.481603417545557022e-03 1.982162892818450928e-02 2.262224629521369934e-02 1.803961955010890961e-02 2.040767483413219452e-02 6.535278633236885071e-03 8.298278786242008209e-03 6.056884769350290298e-03 8.157679811120033264e-03 7.732213009148836136e-03 6.102218758314847946e-03 2.107276953756809235e-02 4.101764061488211155e-04
5.433117970824241638e-02 4.728845879435539246e-02 1.474338117986917496e-02 1.255043689161539078e-02 3.974043764173984528e-03 8.352136015892028809e-01 7.679640501737594604e-02 1.293951994739472866e-03 2.110395580530166626e-02 1.809377782046794891e-02 3.172295913100242615e-02 3.285983577370643616e-02 3.594929352402687073e-02 2.108732238411903381e-02 1.847066730260848999e-02 2.400639094412326813e-02 1.563097909092903137e-02 1.129477284848690033e-02 6.430995650589466095e-03 3.829581663012504578e-03 3.714410355314612389e-03 1.446405425667762756e-02 1.376594137400388718e-02 1.338099502027034760e-02 5.012433510273694992e-03 1.568648964166641235e-02 1.107435952872037888e-02 3.460060572251677513e-03 1.660995557904243469e-02 6.218231283128261566e-03 1.907556876540184021e-02 1.314612571150064468e-02 1.969841867685317993e-02 1.926004141569137573e-02 3.085352480411529541e-02 2.344669541344046593e-03 1.297960989177227020e-02 1.082502491772174835e-02 5.763004068285226822e-03 6.484531797468662262e-03 1.069911196827888489e-02 2.741790190339088440e-02 1.096761692315340042e-02 1.910292170941829681e-02 2.255491353571414948e-02 2.131789177656173706e-02 5.902795121073722839e-02 2.911869995296001434e-02 1.727784611284732819e-02 1.634381897747516632e-02 9.499647654592990875e-03 1.387539971619844437e-02 1.632016524672508240e-02 8.038615807890892029e-03 2.165847457945346832e-02 1.038784720003604889e-02 6.943575572222471237e-03 1.054432941600680351e-03 2.146130800247192383e-02 1.860604248940944672e-02 8.636930026113986969e-03 1.184644270688295364e-02 2.797175757586956024e-02 2.562060765922069550e-02 1.311790104955434799e-02 9.861832484602928162e-03 9.352675639092922211e-03 4.344797227531671524e-03 1.821865886449813843e-02 1.335957460105419159e-02 1.416956260800361633e-02 7.412618142552673817e-04 2.513974905014038086e-03 4.418585915118455887e-03 2.543981187045574188e-03 6.977577228099107742e-03 9.142518043518066406e-03 1.352529041469097137e-02 4.160268697887659073e-03 1.321666315197944641e-02 6.723822094500064850e-03 2.736801514402031898e-03 1.786271668970584869e-02 1.210948918014764786e-03 2.370883710682392120e-02 1.377803552895784378e-02 2.379230922088027000e-03 2.165723405778408051e-02 1.404166687279939651e-03 6.379922851920127869e-04 3.771819174289703369e-02 1.107101794332265854e-02 2.905843965709209442e-02 5.131854210048913956e-03 6.327112670987844467e-03 2.945679053664207458e-02 5.516740959137678146e-03 1.352862082421779633e-02 1.144368574023246765e-02 3.867882071062922478e-03 3.112728707492351532e-03 1.441124244593083858e-03 5.348355043679475784e-03 4.052892792969942093e-03 1.349988859146833420e-02 9.333192370831966400e-03 1.525989640504121780e-02 1.652697287499904633e-02 7.316612172871828079e-03 5.955626256763935089e-03 3.093644045293331146e-02 1.891998574137687683e-02 1.798491552472114563e-02 8.776410482823848724e-03 4.135428927838802338e-03 8.753666654229164124e-03
2.472433261573314667e-02 2.925378084182739258e-02 1.313179451972246170e-02 1.670012436807155609e-02 8.491190150380134583e-03 7.679640501737594604e-02 8.352136015892028809e-01 7.387091871351003647e-03 2.944200113415718079e-02 2.730237506330013275e-02 2.541598863899707794e-02 8.251213468611240387e-03 3.596585616469383240e-02 1.206510793417692184e-02 1.629755459725856781e-02 2.873889729380607605e-02 2.166139706969261169e-02 2.873573824763298035e-02 1.577770337462425232e-02 7.252636365592479706e-03 2.915006829425692558e-03 1.620282069779932499e-03 1.343021821230649948e-02 1.777596212923526764e-02 5.884201731532812119e-03 7.825982174836099148e-04 7.391814724542200565e-04 3.600868629291653633e-03 3.373068571090698242e-02 9.293179027736186981e-03 3.900874778628349304e-02 2.239333838224411011e-02 1.859483681619167328e-02 2.043561451137065887e-02 1.040295977145433426e-02 4.771953448653221130e-03 7.952587679028511047e-03 8.782472461462020874e-03 1.317693013697862625e-02 9.673907770775258541e-04 7.673990912735462189e-03 2.099113538861274719e-02 1.758979633450508118e-02 2.340148948132991791e-02 3.223290294408798218e-02 3.610360622406005859e-02 6.618022173643112183e-02 4.992802813649177551e-02 2.391893789172172546e-02 2.674611471593379974e-02 2.323776483535766602e-03 2.113553229719400406e-03 3.645094577223062515e-03 5.457036662846803665e-03 2.661576680839061737e-02 1.904325000941753387e-02 1.707256073132157326e-03 9.207000024616718292e-03 1.505069155246019363e-02 8.801325224339962006e-03 5.197652149945497513e-03 1.116982009261846542e-02 2.119833417236804962e-02 1.906025782227516174e-02 2.600350975990295410e-02 3.498678654432296753e-02 6.838466972112655640e-03 3.983391798101365566e-04 3.011090680956840515e-02 9.171515703201293945e-03 2.090918645262718201e-02 1.179251819849014282e-02 5.645281635224819183e-03 3.431729972362518311e-03 2.924971282482147217e-03 1.630288921296596527e-02 1.717147976160049438e-02 1.548659615218639374e-02 1.443333365023136139e-02 2.891114354133605957e-02 6.341825239360332489e-03 5.949013400822877884e-03 2.447102777659893036e-02 4.883808083832263947e-03 1.689395494759082794e-02 9.941129945218563080e-03 2.549019875004887581e-03 7.742140907794237137e-03 1.801884733140468597e-02 2.760768868029117584e-03 4.766705632209777832e-02 7.707226555794477463e-03 4.368704184889793396e-02 3.471366828307509422e-03 3.409661818295717239e-03 2.409521676599979401e-02 6.829283200204372406e-03 2.365365810692310333e-02 1.372716855257749557e-02 6.196411559358239174e-04 3.928364720195531845e-03 1.560531556606292725e-03 1.447309646755456924e-02 3.665540600195527077e-03 2.707456937059760094e-03 1.165024843066930771e-02 8.603314869105815887e-03 1.264205481857061386e-02 2.393351634964346886e-03 6.453395355492830276e-03 3.684952855110168457e-02 1.568899303674697876e-02 4.206666257232427597e-03 1.008136104792356491e-02 2.002006396651268005e-03 1.885511167347431183e-02
5.924488417804241180e-03 1.449470594525337219e-02 4.804314300417900085e-02 1.193973422050476074e-02 1.228597108274698257e-02 1.293951994739472866e-03 7.387091871351003647e-03 8.352136015892028809e-01 8.389194495975971222e-03 1.074965577572584152e-02 8.097519166767597198e-03 8.135635405778884888e-03 1.584453508257865906e-02 8.559376001358032227e-03 4.373281821608543396e-02 3.804103937000036240e-03 2.603244967758655548e-03 1.138701918534934521e-03 7.429684512317180634e-03 4.435861017554998398e-03 7.412905804812908173e-03 5.517479730769991875e-04 4.751980770379304886e-03 6.331247277557849884e-03 3.929460421204566956e-03 2.951166359707713127e-03 2.698736963793635368e-03 2.333509549498558044e-02 1.429365831427276134e-03 1.266103330999612808e-02 7.149891462177038193e-03 6.432319059967994690e-03 1.489885058254003525e-02 4.803499206900596619e-03 4.223710857331752777e-03 9.416904300451278687e-03 2.752655418589711189e-03 2.255475334823131561e-02 3.753784298896789551e-02 2.627027593553066254e-02 5.282164551317691803e-03 2.875347156077623367e-03 5.656253197230398655e-04 6.221309769898653030e-03 1.189647149294614792e-02 9.854716248810291290e-03 6.699591875076293945e-03 8.049822645261883736e-05 1.815720694139599800e-03 1.290411315858364105e-02 3.985561430454254150e-03 1.290129590779542923e-02 4.631975200027227402e-03 7.595057133585214615e-03 3.261741076130419970e-04 3.253854578360915184e-03 3.600819269195199013e-03 1.907486841082572937e-02 2.136311307549476624e-02 2.080760896205902100e-02 6.872702389955520630e-03 1.337626669555902481e-02 2.880485542118549347e-02 1.972292177379131317e-02 1.568127237260341644e-02 9.399925358593463898e-03 5.888372194021940231e-03 1.110966317355632782e-02 7.467643357813358307e-03 3.355286316946148872e-03 7.617747876793146133e-03 2.051136642694473267e-02 1.763134635984897614e-02 1.259432360529899597e-02 9.568589739501476288e-04 1.103035826236009598e-02 8.067390881478786469e-03 1.448448095470666885e-02 7.142414338886737823e-03 4.639980383217334747e-03 9.086022526025772095e-02 5.963194370269775391e-02 2.734427899122238159e-02 1.489396789111196995e-03 2.520274138078093529e-03 2.719941316172480583e-03 6.609788537025451660e-02 3.467895835638046265e-02 1.408696733415126801e-02 1.611086353659629822e-02 6.056383717805147171e-03 7.660834584385156631e-03 7.694987580180168152e-03 1.290124934166669846e-02 2.361955493688583374e-02 2.685244008898735046e-02 1.327586639672517776e-02 1.105621457099914551e-02 1.380224246531724930e-02 1.783038303256034851e-02 1.315217523369938135e-04 1.401833444833755493e-02 7.928678765892982483e-03 1.130939554423093796e-02 1.466825697571039200e-02 4.347542766481637955e-03 5.594945512712001801e-03 5.861617624759674072e-03 3.479050099849700928e-02 2.970499917864799500e-03 1.721609756350517273e-02 9.971797699108719826e-04 1.392820291221141815e-02 2.717459283303469419e-04 3.319748491048812866e-02 1.622397825121879578e-02
2.498888410627841949e-02 1.755950041115283966e-02 1.247065514326095581e-02 1.998104900121688843e-02 2.183854207396507263e-02 2.110395580530166626e-02 2.944200113415718079e-02 8.389194495975971222e-03 8.352136015892028809e-01 3.779463469982147217e-02 3.557660430669784546e-02 4.692502319812774658e-03 1.824337430298328400e-02 5.982298403978347778e-03 1.138298958539962769e-02 3.990234062075614929e-02 2.575215883553028107e-02 3.867011144757270813e-02 1.495076529681682587e-02 2.290200069546699524e-02 1.546693965792655945e-02 1.174191292375326157e-02 3.894888237118721008e-02 2.944380231201648712e-02 1.643031090497970581e-02 9.673629538156092167e-04 3.580805659294128418e-02 1.380786299705505371e-02 1.412872876971960068e-02 2.357917092740535736e-02 1.490264944732189178e-02 3.485818952322006226e-02 6.792470347136259079e-03 2.260113693773746490e-02 1.115218270570039749e-02 1.723974756896495819e-02 2.377586904913187027e-03 1.506471447646617889e-02 2.778450958430767059e-03 8.750544860959053040e-03 1.623737975023686886e-03 3.065401501953601837e-02 1.171059999614953995e-02 2.076634438708424568e-03 2.699089050292968750e-02 1.065388438291847706e-03 2.773931063711643219e-02 2.441808767616748810e-02 4.044615477323532104e-02 2.870979532599449158e-02 5.793416872620582581e-03 1.051031798124313354e-02 7.203421089798212051e-03 9.949702071025967598e-04 4.497889056801795959e-02 2.718025632202625275e-02 1.520700380206108093e-02 5.367918871343135834e-03 1.437353994697332382e-02 1.299084722995758057e-02 1.426925882697105408e-02 1.842745393514633179e-02 3.626243676990270615e-03 5.262842169031500816e-04 3.439135104417800903e-02 2.670816890895366669e-02 3.108429489657282829e-03 1.649323967285454273e-03 4.822924733161926270e-02 1.888392679393291473e-02 2.000828646123409271e-02 2.806110493838787079e-02 2.962650498375296593e-03 2.776866592466831207e-02 1.234075985848903656e-02 2.262644469738006592e-02 5.840884521603584290e-02 3.397321701049804688e-02 3.114941343665122986e-02 2.717415988445281982e-02 1.069259177893400192e-02 1.321724336594343185e-02 1.481389626860618591e-02 3.434532321989536285e-03 1.703960448503494263e-02 1.380916777998209000e-02 3.759383922442793846e-03 4.399351775646209717e-03 1.224888954311609268e-02 1.086880266666412354e-02 2.086801826953887939e-02 2.143936976790428162e-02 2.312666364014148712e-02 2.052090875804424286e-02 3.119845129549503326e-02 1.380956452339887619e-02 1.610902696847915649e-02 1.764639094471931458e-02 4.601595923304557800e-02 2.867447584867477417e-02 1.741831935942173004e-02 1.123921101680025458e-04 7.050587330013513565e-03 1.228118501603603363e-02 5.011872854083776474e-03 2.455280162394046783e-03 1.762664411216974258e-03 2.097807638347148895e-02 5.776275414973497391e-03 1.444002147763967514e-02 1.179114729166030884e-02 1.253379229456186295e-02 4.097211640328168869e-03 8.219933137297630310e-03 2.759978873655200005e-03 9.131466969847679138e-03
2.547266706824302673e-02 2.381194755434989929e-02 1.605605706572532654e-02 3.122496232390403748e-02 2.073297090828418732e-02 1.809377782046794891e-02 2.730237506330013275e-02 1.074965577572584152e-02 3.779463469982147217e-02 8.352136015892028809e-01 3.433841839432716370e-02 1.011887378990650177e-02 2.746591903269290924e-02 2.738676033914089203e-02 2.499222755432128906e-02 2.472812868654727936e-02 3.932986035943031311e-02 1.187403127551078796e-02 4.703382402658462524e-02 3.088467009365558624e-02 6.596539635211229324e-03 2.714391238987445831e-02 2.410501614212989807e-02 1.933770440518856049e-02 1.009141001850366592e-02 6.081602536141872406e-03 2.717307023704051971e-02 1.776181161403656006e-02 1.562524586915969849e-02 2.715797396376729012e-03 2.050408907234668732e-02 2.926139347255229950e-02 1.575838774442672729e-02 1.529041305184364319e-02 2.950657624751329422e-03 1.109624281525611877e-02 1.538389176130294800e-02 2.127695083618164062e-02 1.404367067152634263e-04 2.304771915078163147e-02 5.784607958048582077e-03 2.379078045487403870e-02 6.920040119439363480e-03 1.358825061470270157e-02 1.884959824383258820e-02 2.005726844072341919e-02 2.532811276614665985e-02 3.720393031835556030e-02 1.883770339190959930e-02 3.923224657773971558e-02 9.245432913303375244e-03 8.727339096367359161e-03 1.849512755870819092e-02 1.581982523202896118e-02 1.785678230226039886e-02 4.110030457377433777e-02 1.103269681334495544e-02 1.420462690293788910e-02 2.748251706361770630e-02 3.111435845494270325e-02 7.893183268606662750e-03 1.973405852913856506e-02 4.610440228134393692e-03 1.966292038559913635e-03 2.935228496789932251e-02 2.989755757153034210e-02 4.317095503211021423e-03 1.705393940210342407e-02 2.521922625601291656e-02 2.080915868282318115e-02 4.250839352607727051e-02 1.489118300378322601e-02 1.072988472878932953e-02 1.244888175278902054e-02 8.050560951232910156e-03 1.148501224815845490e-02 1.436493452638387680e-02 5.107374489307403564e-02 2.760194428265094757e-02 4.332394152879714966e-02 1.506787631660699844e-02 5.465407855808734894e-03 1.326937414705753326e-02 3.241688385605812073e-02 2.703366801142692566e-02 3.043756261467933655e-02 4.089978057891130447e-03 1.534543186426162720e-02 3.351894021034240723e-02 4.729847609996795654e-02 2.386418916285037994e-02 3.186672180891036987e-02 3.310154005885124207e-02 2.064236067235469818e-02 5.966332275420427322e-03 1.322810910642147064e-02 1.978473551571369171e-02 1.474157534539699554e-02 2.668771520256996155e-02 2.036764100193977356e-02 7.780616637319326401e-03 5.297360476106405258e-03 1.051668892614543438e-03 8.800956420600414276e-03 7.006865926086902618e-03 6.880299188196659088e-03 8.207340724766254425e-03 2.293161675333976746e-02 3.563413862138986588e-03 2.700497955083847046e-02 1.278351526707410812e-02 2.136026881635189056e-02 9.799797553569078445e-04 1.888872124254703522e-02 1.103459391742944717e-03 1.181146828457713127e-03
6.764228641986846924e-02 6.859550625085830688e-02 2.027789875864982605e-02 1.863730140030384064e-02 8.772017434239387512e-03 3.172295913100242615e-02 2.541598863899707794e-02 8.097519166767597198e-03 3.557660430669784546e-02 3.433841839432716370e-02 8.352136015892028809e-01 6.929269526153802872e-03 6.774824112653732300e-02 3.297945659141987562e-04 1.350283250212669373e-02 1.308892108500003815e-02 9.900015778839588165e-03 4.906651447527110577e-04 6.021099630743265152e-03 1.396323367953300476e-02 1.039335853420197964e-03 4.218277707695960999e-02 1.897213980555534363e-02 1.558806840330362320e-02 2.772833977360278368e-04 2.166985906660556793e-02 4.279209300875663757e-02 1.994817331433296204e-02 1.826726458966732025e-02 2.571315877139568329e-02 1.323297154158353806e-02 8.566722273826599121e-03 1.193997263908386230e-02 3.907030913978815079e-03 5.140391644090414047e-03 3.441435517743229866e-03 7.320358417928218842e-04 5.849736742675304413e-03 7.125567179173231125e-03 1.679376582615077496e-03 6.030561868101358414e-03 1.878961548209190369e-02 1.128576882183551788e-02 1.796738244593143463e-03 8.179074153304100037e-03 2.339307218790054321e-03 3.479186818003654480e-02 2.539584040641784668e-02 7.479266263544559479e-03 1.187178771942853928e-02 4.247104749083518982e-03 3.810395253822207451e-03 1.704913005232810974e-02 8.915146812796592712e-03 8.516136556863784790e-03 1.228776667267084122e-02 9.196213446557521820e-03 7.575881667435169220e-03 2.807582356035709381e-02 1.736370101571083069e-02 4.315392114222049713e-03 6.135639734566211700e-03 1.078004110604524612e-02 1.805443083867430687e-03 4.438625648617744446e-02 3.343896567821502686e-02 4.035959485918283463e-03 1.544679235666990280e-02 1.843321323394775391e-02 1.751817762851715088e-02 1.124200783669948578e-02 2.424100041389465332e-02 1.283506024628877640e-02 3.671395243145525455e-04 7.214715238660573959e-03 2.048111520707607269e-02 2.545929513871669769e-02 3.834359720349311829e-02 1.071244198828935623e-02 1.745721139013767242e-02 2.464732155203819275e-02 1.672657579183578491e-02 1.836354099214076996e-02 6.639540661126375198e-03 3.733059763908386230e-02 2.967403270304203033e-02 1.397585682570934296e-02 8.984874584712088108e-04 3.387626260519027710e-02 6.177111528813838959e-03 3.339669108390808105e-02 3.786719217896461487e-02 2.065335400402545929e-02 2.464279904961585999e-02 1.111793448217213154e-03 2.292390214279294014e-03 3.607727587223052979e-03 1.516622398048639297e-02 1.890876702964305878e-02 1.387523859739303589e-02 5.579668097198009491e-03 4.924300126731395721e-03 1.385038346052169800e-02 1.227471744641661644e-03 5.221502855420112610e-03 1.816795207560062408e-02 8.565047755837440491e-03 2.220932208001613617e-02 6.861662957817316055e-03 1.998384483158588409e-02 1.331861782819032669e-02 1.861296780407428741e-02 1.140114292502403259e-02 3.487245738506317139e-02 1.277039386332035065e-02 6.079793442040681839e-03
1.164671033620834351e-02 1.152796391397714615e-02 8.343993686139583588e-03 1.348932087421417236e-02 3.111214376986026764e-03 3.285983577370643616e-02 8.251213468611240387e-03 8.135635405778884888e-03 4.692502319812774658e-03 1.011887378990650177e-02 6.929269526153802872e-03 8.352136015892028809e-01 1.007751212455332279e-03 8.045528829097747803e-02 2.685509808361530304e-02 9.608961641788482666e-03 1.544903498142957687e-02 2.291720174252986908e-02 1.845285668969154358e-02 7.959801703691482544e-03 5.020134150981903076e-03 4.434934817254543304e-03 4.874925687909126282e-02 3.398850187659263611e-02 6.329243071377277374e-03 3.098029643297195435e-02 3.312868066132068634e-03 3.506225999444723129e-03 3.265866264700889587e-02 3.720670938491821289e-02 2.671510912477970123e-02 5.636843852698802948e-03 1.045447867363691330e-02 1.286914665251970291e-02 3.123928979039192200e-02 1.817357353866100311e-02 2.288216538727283478e-02 1.522722537629306316e-03 1.538973581045866013e-02 2.085389755666255951e-02 9.783937595784664154e-03 6.295585539191961288e-03 3.863598918542265892e-03 1.327046565711498260e-02 1.865359023213386536e-02 4.385830368846654892e-03 8.634032681584358215e-03 4.352594725787639618e-03 9.321669116616249084e-03 1.617672853171825409e-03 1.135129854083061218e-02 1.790495589375495911e-02 1.905059628188610077e-02 1.071298588067293167e-02 1.100014429539442062e-02 5.763066466897726059e-03 1.364780124276876450e-02 3.265159949660301208e-02 3.258934244513511658e-02 2.767594344913959503e-02 1.087782345712184906e-02 5.443853442557156086e-04 1.292243134230375290e-02 4.071873053908348083e-02 2.544882707297801971e-03 8.133886381983757019e-03 1.081258337944746017e-02 7.027694024145603180e-03 7.096674758940935135e-03 2.333802916109561920e-02 1.711403392255306244e-02 2.257540263235569000e-02 1.314915064722299576e-02 1.977096498012542725e-02 3.859230782836675644e-03 1.457875221967697144e-02 5.809533409774303436e-03 2.263972908258438110e-02 1.102479291148483753e-03 5.496199708431959152e-03 2.050510421395301819e-02 1.106026954948902130e-02 1.839793287217617035e-02 1.253286097198724747e-02 1.308507472276687622e-02 1.053112372756004333e-02 8.927672170102596283e-03 2.213095314800739288e-02 2.811400778591632843e-02 2.900873124599456787e-02 4.264465998858213425e-03 1.097979489713907242e-02 1.714233867824077606e-02 1.809586398303508759e-02 1.033299136906862259e-02 3.278094809502363205e-03 1.292414590716362000e-02 1.250696741044521332e-02 1.378205884248018265e-02 2.196116559207439423e-02 6.589144002646207809e-03 1.205583661794662476e-02 4.683581180870532990e-03 1.111496053636074066e-02 1.051295269280672073e-02 1.749098859727382660e-02 1.573671400547027588e-02 6.653354968875646591e-03 1.772357709705829620e-02 9.572556242346763611e-03 2.880069892853498459e-03 4.941601306200027466e-03 2.128023095428943634e-02 1.361678354442119598e-03 2.015293203294277191e-02 9.502233006060123444e-03
5.134912952780723572e-02 6.244574114680290222e-02 2.297984436154365540e-02 1.428572926670312881e-02 9.619860909879207611e-03 3.594929352402687073e-02 3.596585616469383240e-02 1.584453508257865906e-02 1.824337430298328400e-02 2.746591903269290924e-02 6.774824112653732300e-02 1.007751212455332279e-03 8.352136015892028809e-01 2.068381197750568390e-02 2.066768147051334381e-02 1.774400239810347557e-03 2.570608339738100767e-04 1.558775547891855240e-02 1.072853431105613708e-02 1.729254238307476044e-02 1.367117860354483128e-03 4.231796413660049438e-02 1.429386250674724579e-02 1.612314581871032715e-02 4.499269649386405945e-03 1.686641946434974670e-02 2.956940792500972748e-02 1.428148336708545685e-02 2.765002660453319550e-02 4.150443244725465775e-03 1.421921234577894211e-02 5.851713940501213074e-04 2.981292316690087318e-03 7.646575104445219040e-03 3.968023695051670074e-03 1.445737085305154324e-03 5.909847095608711243e-03 1.431040279567241669e-02 1.474153809249401093e-02 1.767239719629287720e-02 4.100282210856676102e-03 8.171108551323413849e-03 7.780101615935564041e-03 4.668282810598611832e-03 3.486814675852656364e-03 6.262394599616527557e-03 3.137589246034622192e-02 3.223285451531410217e-02 1.234507840126752853e-02 7.806350477039813995e-03 5.467317532747983932e-03 1.119155995547771454e-02 1.728708110749721527e-02 1.112953852862119675e-02 1.334033068269491196e-02 1.930027501657605171e-03 1.146951504051685333e-02 6.070782896131277084e-03 2.774916030466556549e-02 3.248394280672073364e-02 2.470545843243598938e-02 2.534180134534835815e-02 1.157514564692974091e-02 1.093022990971803665e-02 5.007806792855262756e-02 5.810826271772384644e-02 1.464072556700557470e-04 1.164085138589143753e-02 2.426026156172156334e-03 6.769717670977115631e-03 4.510767757892608643e-03 2.777679823338985443e-02 5.786242429167032242e-03 5.842621438205242157e-03 5.852483678609132767e-03 2.702615782618522644e-02 1.225799694657325745e-02 3.642291948199272156e-02 2.089011948555707932e-03 7.045305799692869186e-03 2.964459918439388275e-02 2.102328650653362274e-02 1.690279133617877960e-02 2.873346209526062012e-03 3.199861198663711548e-02 2.573800832033157349e-02 1.953809149563312531e-02 1.433783955872058868e-02 2.468828670680522919e-02 3.715421771630644798e-03 3.695327043533325195e-02 3.079052641987800598e-02 3.756993263959884644e-02 3.578570857644081116e-02 1.434703730046749115e-02 5.374400061555206776e-04 3.652804298326373100e-03 2.185318246483802795e-02 3.758760401979088783e-03 6.180529482662677765e-03 1.150990487076342106e-03 5.306294187903404236e-03 1.498609129339456558e-02 6.947174202650785446e-03 7.591173052787780762e-03 7.873673923313617706e-03 5.995333660393953323e-03 2.076895907521247864e-02 3.971274476498365402e-03 1.323106512427330017e-02 1.107203587889671326e-02 4.822219780180603266e-04 5.060825031250715256e-03 2.925086393952369690e-02 7.387618534266948700e-03 3.081868868321180344e-03
