8.207656145095825195e-01 8.478649705648422241e-02 1.401006523519754410e-02 2.134032733738422394e-02 1.044601667672395706e-03 5.660078674554824829e-02 5.781926959753036499e-02 2.931303717195987701e-02 1.803200109861791134e-03 2.042338810861110687e-02 8.330278098583221436e-02 2.147984318435192108e-02 6.175550445914268494e-02 9.894744493067264557e-03 1.378657761961221695e-02 2.061287127435207367e-02 7.373071275651454926e-03 3.532477654516696930e-03 2.051421813666820526e-02 2.955598756670951843e-03 1.315872836858034134e-02 1.294146198779344559e-02 1.026972848922014236e-02 2.966821775771677494e-04 6.290465593338012695e-03 1.674620667472481728e-03 1.498765405267477036e-02 3.363524796441197395e-03 4.372271895408630371e-02 9.294498711824417114e-03 6.634363532066345215e-02 8.238286711275577545e-03 3.058296861127018929e-03 2.334309043362736702e-03 1.270552538335323334e-02 6.328174844384193420e-03 2.147406525909900665e-02 8.245652541518211365e-03 1.648027822375297546e-02 2.398790558800101280e-03 6.071390118449926376e-03 1.034154556691646576e-02 1.680023781955242157e-02 1.865045726299285889e-02 1.322306506335735321e-02 9.798369370400905609e-03 4.368760436773300171e-02 1.264805067330598831e-02 9.407780598849058151e-04 6.846431177109479904e-03 6.694869603961706161e-03 1.403344795107841492e-02 8.060992695391178131e-03 3.565590130165219307e-03 3.471930511295795441e-03 3.739634063094854355e-03 1.234303880482912064e-02 5.355439148843288422e-03 7.200080901384353638e-03 9.076616726815700531e-03 7.248568581417202950e-04 6.970765534788370132e-04 7.477952167391777039e-03 6.832634098827838898e-03 2.622424438595771790e-02 3.085511922836303711e-02 8.847505785524845123e-03 4.595024511218070984e-03 8.068408817052841187e-03 3.204498440027236938e-02 5.686832126230001450e-03 2.924091368913650513e-02 1.385361794382333755e-02 2.356611937284469604e-02 1.189814507961273193e-02 1.499376818537712097e-02 5.001785233616828918e-03 1.169023569673299789e-02 6.067381706088781357e-03 2.023209631443023682e-02 2.124368585646152496e-02 3.805389860644936562e-03 7.379507180303335190e-03 2.077269181609153748e-02 6.039437372237443924e-03 1.578074181452393532e-03 4.749305080622434616e-03 8.585394360125064850e-03 2.062919177114963531e-02 1.924975216388702393e-02 2.150274347513914108e-03 4.817612003535032272e-03 2.205167524516582489e-02 7.718231528997421265e-03 4.353409167379140854e-03 7.194677833467721939e-03 1.196623034775257111e-02 6.572582293301820755e-03 1.139104925096035004e-02 1.042026560753583908e-02 2.714182622730731964e-02 1.381993014365434647e-02 4.974586889147758484e-03 1.049416139721870422e-02 5.036068614572286606e-03 2.625755267217755318e-03 1.216459204442799091e-03 3.237389493733644485e-03 5.945248994976282120e-03 2.250128053128719330e-02 9.951298125088214874e-03 1.602097041904926300e-02 1.875855959951877594e-02 3.020877484232187271e-04 7.560592348454520106e-05 1.852105557918548584e-02
8.478649705648422241e-02 8.207656145095825195e-01 3.083189949393272400e-03 2.032622881233692169e-02 1.117910724133253098e-02 2.883533015847206116e-02 5.343363061547279358e-02 6.308549083769321442e-03 1.375093962997198105e-02 1.683098636567592621e-02 7.227546721696853638e-02 4.399350378662347794e-03 6.672410666942596436e-02 8.587900549173355103e-03 3.090262971818447113e-02 1.572836562991142273e-02 2.466325648128986359e-02 1.001690980046987534e-03 8.716072887182235718e-03 8.773471228778362274e-03 1.417791750282049179e-02 2.069108560681343079e-02 1.163383573293685913e-02 1.871533691883087158e-02 4.953014198690652847e-03 5.468965973705053329e-03 8.851678110659122467e-03 1.691168360412120819e-02 1.471770275384187698e-02 2.255953848361968994e-03 4.567937180399894714e-02 8.894035592675209045e-03 1.604373450390994549e-03 5.358825437724590302e-03 1.893454603850841522e-02 2.810765057802200317e-02 1.393591519445180893e-02 1.204225420951843262e-02 5.198705941438674927e-03 8.149961940944194794e-03 1.896927831694483757e-03 5.905308760702610016e-03 8.343888446688652039e-03 3.880430886056274176e-04 1.632557623088359833e-02 8.041881024837493896e-03 1.079212524928152561e-03 2.016053721308708191e-02 1.725411415100097656e-02 2.053823508322238922e-02 2.072605537250638008e-03 7.780302781611680984e-03 1.115033216774463654e-02 4.856562009081244469e-05 4.141210112720727921e-03 4.501832183450460434e-03 1.695489510893821716e-02 1.622357219457626343e-02 1.398384291678667068e-02 1.614955998957157135e-02 6.937664002180099487e-03 4.125582985579967499e-03 4.799861460924148560e-03 1.662548631429672241e-02 6.978401914238929749e-03 1.316500082612037659e-02 1.186035759747028351e-02 8.373270742595195770e-03 2.398086898028850555e-02 1.714417524635791779e-02 3.416725620627403259e-02 1.852178201079368591e-02 1.087832637131214142e-02 1.074789464473724365e-02 4.837377928197383881e-03 6.549715995788574219e-03 1.039577065967023373e-03 1.625931449234485626e-02 1.471610553562641144e-02 3.413160331547260284e-03 1.004847511649131775e-02 2.415859885513782501e-02 1.206659013405442238e-03 5.873322021216154099e-03 5.849892273545265198e-03 2.188187325373291969e-03 1.384557876735925674e-02 1.739033870398998260e-02 1.068158540874719620e-02 1.272144448012113571e-02 1.717667467892169952e-02 1.507132779806852341e-02 9.240980260074138641e-03 8.004319854080677032e-03 7.132058497518301010e-03 1.401907671242952347e-02 6.441227160394191742e-03 1.934608258306980133e-02 1.993696019053459167e-02 1.252529677003622055e-02 2.177735045552253723e-02 2.065981738269329071e-02 2.525664679706096649e-02 2.984417788684368134e-02 4.626237321645021439e-03 6.943125743418931961e-03 1.483023259788751602e-02 1.296771690249443054e-02 7.351756561547517776e-03 2.223960869014263153e-02 1.703238114714622498e-02 5.288730375468730927e-03 5.696860607713460922e-03 3.982677590101957321e-03 1.639894023537635803e-02 3.780988603830337524e-02
1.401006523519754410e-02 3.083189949393272400e-03 8.207656145095825195e-01 3.459579311311244965e-03 8.514957502484321594e-03 3.420919179916381836e-03 1.369878090918064117e-02 4.367559403181076050e-02 2.263331599533557892e-02 2.141887694597244263e-02 1.054935622960329056e-02 9.941491298377513885e-03 1.431513577699661255e-02 1.025948952883481979e-02 1.268683467060327530e-02 1.215853262692689896e-02 1.376212108880281448e-02 2.066347002983093262e-02 8.221819996833801270e-03 3.404943738132715225e-03 7.920228876173496246e-03 1.391097996383905411e-02 9.903658181428909302e-03 1.188969146460294724e-02 1.519844983704388142e-03 1.859694719314575195e-02 1.890336163341999054e-02 1.525866240262985229e-02 1.469116099178791046e-02 1.080699730664491653e-02 1.611430943012237549e-02 4.864812362939119339e-03 6.306081078946590424e-03 4.964142572134733200e-03 1.029572077095508575e-02 1.116574648767709732e-02 1.444172672927379608e-02 3.845607116818428040e-02 1.155118830502033234e-02 1.858131028711795807e-02 1.599528454244136810e-02 7.083919830620288849e-03 1.531310938298702240e-02 1.896535977721214294e-02 2.021793834865093231e-02 1.554944366216659546e-02 3.227734472602605820e-03 6.459150463342666626e-03 2.520008571445941925e-02 2.508277073502540588e-02 1.304206717759370804e-02 8.219986222684383392e-03 1.424262486398220062e-02 9.397836402058601379e-03 4.507801495492458344e-03 2.225740067660808563e-02 9.878568351268768311e-03 1.394692808389663696e-02 5.658526439219713211e-03 1.202708389610052109e-02 6.257571745663881302e-03 1.371784601360559464e-02 1.037329807877540588e-02 1.503485254943370819e-02 5.406892392784357071e-03 3.893449611496180296e-04 7.168308831751346588e-03 7.479762658476829529e-03 1.477233413606882095e-02 1.744883134961128235e-02 2.472032047808170319e-02 3.005165047943592072e-02 3.001288860104978085e-04 2.421289682388305664e-02 1.134720910340547562e-02 2.136769518256187439e-02 1.307818666100502014e-02 1.216075289994478226e-02 2.973764576017856598e-02 2.176103182137012482e-02 6.349167972803115845e-02 4.237686842679977417e-02 4.771944135427474976e-03 2.475956571288406849e-04 1.782768964767456055e-02 2.829920127987861633e-02 1.785778813064098358e-02 7.798925973474979401e-03 2.100262418389320374e-02 7.148831617087125778e-03 3.365708980709314346e-04 1.853646337985992432e-02 6.607257761061191559e-03 1.823311485350131989e-02 1.648516580462455750e-02 1.163268648087978363e-02 1.058971695601940155e-02 3.579124063253402710e-02 2.159821055829524994e-02 1.407734118402004242e-02 4.493173211812973022e-03 9.548303671181201935e-03 1.617044955492019653e-02 1.408185437321662903e-02 1.900802925229072571e-02 1.485658064484596252e-02 5.300528835505247116e-03 4.494426684686914086e-05 4.980973433703184128e-03 2.025411836802959442e-02 2.487697638571262360e-02 2.895054407417774200e-02 1.304421853274106979e-02 2.709024585783481598e-02 2.121476829051971436e-02 1.456380635499954224e-02
2.134032733738422394e-02 2.032622881233692169e-02 3.459579311311244965e-03 8.207656145095825195e-01 5.972666293382644653e-02 4.568621516227722168e-03 2.124096266925334930e-02 5.886773113161325455e-03 1.133433263748884201e-02 2.803655900061130524e-02 2.313627675175666809e-02 1.500812172889709473e-02 4.055173601955175400e-03 2.739652991294860840e-03 6.739322096109390259e-03 1.818785630166530609e-02 9.387403726577758789e-03 2.633076719939708710e-02 2.900864556431770325e-02 2.362057566642761230e-02 1.769624650478363037e-02 9.387630969285964966e-03 8.479975163936614990e-03 6.155614275485277176e-03 2.389260753989219666e-02 1.429507043212652206e-02 8.770532906055450439e-03 3.155654668807983398e-02 3.074006177484989166e-03 8.841112256050109863e-03 2.927805110812187195e-02 1.712154969573020935e-02 2.464958652853965759e-02 5.830078735016286373e-04 1.746258884668350220e-02 8.843858726322650909e-03 1.710944995284080505e-02 1.429934892803430557e-02 2.954087220132350922e-02 2.366014942526817322e-02 1.086288224905729294e-02 1.304451655596494675e-02 1.839257031679153442e-02 1.530684763565659523e-03 2.820036001503467560e-02 1.289171166718006134e-02 8.239530026912689209e-03 2.357333339750766754e-02 2.364511601626873016e-03 7.315712980926036835e-03 1.621411927044391632e-02 5.596505012363195419e-03 2.654818259179592133e-02 2.795675024390220642e-02 1.498897466808557510e-02 7.149495184421539307e-03 8.374896831810474396e-03 1.970017515122890472e-02 2.955005317926406860e-02 3.655301779508590698e-02 4.374614357948303223e-02 2.710739895701408386e-02 2.332978323101997375e-02 2.301234938204288483e-02 1.937425509095191956e-02 1.070674788206815720e-02 2.357271872460842133e-02 1.888116076588630676e-02 2.212614007294178009e-02 5.076746921986341476e-03 1.251159468665719032e-03 5.975690670311450958e-03 5.693976581096649170e-02 1.005743443965911865e-02 3.884271159768104553e-02 1.225333288311958313e-02 3.225729614496231079e-02 1.027473364956676960e-03 1.839062385261058807e-02 3.769290633499622345e-03 1.087136380374431610e-02 2.145661413669586182e-02 3.339003771543502808e-02 3.516482934355735779e-02 1.171460561454296112e-02 2.388829737901687622e-02 1.153524126857519150e-02 2.504598163068294525e-02 1.191082783043384552e-02 8.858541958034038544e-03 1.010271999984979630e-02 1.469858270138502121e-02 1.210427470505237579e-02 9.272830560803413391e-03 2.451793849468231201e-02 7.357821334153413773e-03 9.077396825887262821e-04 4.873830359429121017e-03 8.015123894438147545e-04 7.007725536823272705e-03 8.655898272991180420e-03 1.819317415356636047e-02 1.144515164196491241e-02 1.397538371384143829e-02 2.989784441888332367e-02 2.898376621305942535e-02 1.369779743254184723e-02 3.990961611270904541e-02 8.110082708299160004e-03 3.572572395205497742e-02 1.527043711394071579e-02 1.336980983614921570e-02 1.731044054031372070e-02 1.736921258270740509e-02 1.387180062010884285e-03 8.080690167844295502e-03
1.044601667672395706e-03 1.117910724133253098e-02 8.514957502484321594e-03 5.972666293382644653e-02 8.207656145095825195e-01 1.549452729523181915e-02 3.079104050993919373e-02 1.704248227179050446e-02 3.342849959153681993e-04 2.407723292708396912e-02 6.042806431651115417e-03 1.625916548073291779e-02 6.890853401273488998e-04 6.122540682554244995e-03 9.683762677013874054e-03 8.715840056538581848e-03 3.272745758295059204e-03 2.246610820293426514e-02 3.588833659887313843e-02 2.483169548213481903e-02 2.113248035311698914e-02 1.005019433796405792e-02 1.180350873619318008e-02 1.566601730883121490e-02 2.863259986042976379e-02 1.882884092628955841e-02 1.227203849703073502e-02 2.932983264327049255e-02 3.068344900384545326e-03 1.615516282618045807e-02 1.028035301715135574e-02 1.919207349419593811e-02 2.625751309096813202e-02 3.898286493495106697e-03 2.871391735970973969e-02 6.843263283371925354e-03 1.140038948506116867e-02 1.612580753862857819e-02 2.295278385281562805e-02 2.182380296289920807e-02 2.052055113017559052e-02 1.459086313843727112e-02 9.523789398372173309e-03 7.503846194595098495e-03 2.246773242950439453e-02 2.021544147282838821e-03 3.683864371851086617e-03 2.905839309096336365e-02 2.801604801788926125e-03 6.446125917136669159e-03 1.072598341852426529e-02 4.857961554080247879e-03 2.050187624990940094e-02 2.092465758323669434e-02 9.308849461376667023e-03 1.231884234584867954e-04 1.015720982104539871e-02 1.917733065783977509e-02 2.528177760541439056e-02 3.239596262574195862e-02 3.322136402130126953e-02 3.606839850544929504e-02 3.317748382687568665e-02 3.384616598486900330e-02 1.930120401084423065e-02 2.302096970379352570e-02 2.706866525113582611e-02 2.112230844795703888e-02 1.701599545776844025e-02 4.193382337689399719e-03 4.693086259067058563e-03 1.506622601300477982e-02 4.702291637659072876e-02 2.076000347733497620e-02 5.120068043470382690e-02 2.061902359127998352e-02 1.322651095688343048e-02 7.034746930003166199e-03 1.539374887943267822e-02 1.240631658583879471e-02 1.328783668577671051e-02 1.808950118720531464e-02 3.107473812997341156e-02 5.482148379087448120e-02 1.593236438930034637e-02 1.011515036225318909e-02 1.219301298260688782e-02 2.533592842519283295e-02 1.088580209761857986e-02 1.613643579185009003e-02 5.205791443586349487e-03 1.173988636583089828e-02 1.100088283419609070e-02 9.728291071951389313e-03 2.046165429055690765e-02 8.100118488073348999e-03 1.769230887293815613e-02 1.086553838104009628e-02 5.126219242811203003e-03 1.459525432437658310e-02 5.149845965206623077e-03 1.598812453448772430e-02 1.942857541143894196e-02 1.503877155482769012e-02 2.958019822835922241e-02 2.041827328503131866e-02 5.792465526610612869e-03 3.815236687660217285e-02 9.580437093973159790e-03 4.132865369319915771e-02 1.967608928680419922e-02 1.423624344170093536e-02 1.524323876947164536e-02 1.561202015727758408e-02 1.270724181085824966e-02 1.251243893057107925e-02
5.660078674554824829e-02 2.883533015847206116e-02 3.420919179916381836e-03 4.568621516227722168e-03 1.549452729523181915e-02 8.207656145095825195e-01 8.925497531890869141e-02 7.561580277979373932e-03 4.375786986202001572e-03 1.714476570487022400e-02 2.808958664536476135e-02 4.274700582027435303e-02 2.053630165755748749e-02 3.007728606462478638e-02 1.765329949557781219e-02 2.722886577248573303e-02 2.287510037422180176e-02 1.109168678522109985e-02 1.101449877023696899e-02 1.814556308090686798e-02 4.451293032616376877e-03 6.940063089132308960e-03 2.532683685421943665e-02 2.553749457001686096e-02 1.627552509307861328e-02 9.306752122938632965e-03 1.890450343489646912e-02 1.379296556115150452e-02 2.942024730145931244e-02 2.142747677862644196e-02 2.815672196447849274e-02 1.074927020817995071e-02 3.575558774173259735e-03 1.324541680514812469e-02 5.825728643685579300e-03 1.515305950306355953e-03 2.275116555392742157e-02 5.223638843744993210e-03 1.307094469666481018e-02 1.568115688860416412e-02 7.054878398776054382e-03 1.078856736421585083e-02 2.050520107150077820e-02 2.847635932266712189e-02 4.171445034444332123e-03 1.234702207148075104e-02 5.118925124406814575e-02 2.966939099133014679e-02 2.787646139040589333e-03 7.627967745065689087e-03 1.476174779236316681e-02 2.222593873739242554e-03 1.539467088878154755e-02 2.754732966423034668e-03 1.170139410533010960e-03 6.409105844795703888e-03 1.761978724971413612e-03 8.284363895654678345e-03 1.150141749531030655e-02 5.074873566627502441e-03 1.340223196893930435e-02 1.322585996240377426e-02 6.851533893495798111e-03 8.929537609219551086e-03 3.151852637529373169e-02 2.190539799630641937e-02 1.345419883728027344e-02 1.135311741381883621e-02 6.818558555096387863e-03 3.425862640142440796e-02 5.832180846482515335e-03 2.960784174501895905e-02 6.733256857842206955e-03 6.731481291353702545e-03 1.335020828992128372e-02 2.371904440224170685e-02 2.025375887751579285e-02 2.922887541353702545e-02 1.239326409995555878e-02 3.064563684165477753e-02 9.371940046548843384e-03 2.629555063322186470e-03 7.426757365465164185e-03 1.552886702120304108e-02 8.537240326404571533e-03 1.419668644666671753e-02 1.582445017993450165e-02 7.168209180235862732e-03 4.686245694756507874e-03 2.318947110325098038e-03 9.993447922170162201e-03 2.001951634883880615e-02 5.089973099529743195e-03 2.137923613190650940e-02 1.118023600429296494e-02 3.089088946580886841e-02 1.176900975406169891e-02 1.550839841365814209e-02 3.855617949739098549e-03 1.236962247639894485e-02 1.311762072145938873e-02 1.748857903294265270e-04 1.191149838268756866e-02 1.372551638633012772e-02 2.000873209908604622e-03 7.157935760915279388e-03 2.114769537001848221e-03 3.174540027976036072e-02 4.945996683090925217e-03 1.788625307381153107e-02 1.481515076011419296e-02 5.632186774164438248e-03 2.279847627505660057e-03 1.564375497400760651e-02 1.747322827577590942e-02 2.054804377257823944e-02
5.781926959753036499e-02 5.343363061547279358e-02 1.369878090918064117e-02 2.124096266925334930e-02 3.079104050993919373e-02 8.925497531890869141e-02 8.207656145095825195e-01 1.573801413178443909e-02 2.088508335873484612e-03 9.849855676293373108e-03 2.474837005138397217e-02 2.910922653973102570e-02 2.376836910843849182e-02 3.196586668491363525e-02 1.268880348652601242e-02 1.552809681743383408e-02 5.714383441954851151e-03 1.883050776086747646e-03 6.207805126905441284e-03 1.413709018379449844e-02 1.040245499461889267e-02 3.965889569371938705e-03 1.889681071043014526e-02 1.341718528419733047e-02 2.884347178041934967e-02 1.945989951491355896e-02 1.602810434997081757e-02 1.823892630636692047e-02 2.731825783848762512e-02 2.312351018190383911e-02 3.790993988513946533e-02 8.360372856259346008e-03 4.091843497008085251e-03 2.424692735075950623e-03 9.765872731804847717e-03 1.385486777871847153e-02 4.272606968879699707e-02 1.147954072803258896e-02 1.175557821989059448e-02 2.358614094555377960e-02 5.893257446587085724e-03 3.121667308732867241e-03 6.465693935751914978e-03 2.041217498481273651e-02 4.468567203730344772e-03 1.429695449769496918e-02 4.505208507180213928e-02 5.045475810766220093e-02 2.576629398390650749e-03 3.970553167164325714e-03 1.464833784848451614e-02 5.394611041992902756e-03 4.475445486605167389e-03 1.884711720049381256e-02 5.990904290229082108e-03 1.025842782109975815e-02 5.351447500288486481e-03 1.437223982065916061e-02 1.407113741151988506e-03 1.665129512548446655e-02 5.659293849021196365e-03 1.234249677509069443e-02 8.257133304141461849e-04 2.018525451421737671e-02 1.960077695548534393e-02 1.129577588289976120e-02 2.224338799715042114e-02 1.604772545397281647e-02 1.172527670860290527e-02 2.934055402874946594e-02 6.869795470265671611e-05 1.835716888308525085e-02 1.643122546374797821e-02 3.093169303610920906e-03 1.777108013629913330e-02 1.417239103466272354e-02 4.536815918982028961e-03 1.697291247546672821e-02 1.557145151309669018e-03 6.128801032900810242e-03 5.746572744101285934e-03 1.670123450458049774e-02 5.700177513062953949e-03 2.790292724967002869e-02 1.298038754612207413e-02 2.486021490767598152e-03 4.237127956002950668e-03 9.156456217169761658e-04 6.738291587680578232e-03 1.811080239713191986e-02 3.506216220557689667e-03 1.010723598301410675e-02 8.598440326750278473e-03 1.453206781297922134e-02 1.958991028368473053e-02 5.692064762115478516e-03 2.897376427426934242e-03 3.439238993450999260e-03 7.111638551577925682e-04 8.827149285934865475e-04 1.132801081985235214e-02 1.417583227157592773e-02 1.385114341974258423e-02 8.418657816946506500e-03 6.493955850601196289e-03 9.233905933797359467e-03 1.706406660377979279e-02 1.054288167506456375e-02 7.178582716733217239e-03 4.966121632605791092e-03 3.462796797975897789e-03 3.996461629867553711e-03 1.412919349968433380e-02 4.717506933957338333e-03 1.528544444590806961e-02 4.647486843168735504e-03
2.931303717195987701e-02 6.308549083769321442e-03 4.367559403181076050e-02 5.886773113161325455e-03 1.704248227179050446e-02 7.561580277979373932e-03 1.573801413178443909e-02 8.207656145095825195e-01 1.665388606488704681e-02 1.746435277163982391e-02 1.052720844745635986e-02 2.146331360563635826e-03 7.484677247703075409e-03 6.743437610566616058e-03 2.171540260314941406e-02 9.678669273853302002e-03 1.132379402406513691e-03 1.579053513705730438e-02 1.664105104282498360e-03 4.428213462233543396e-03 2.064436441287398338e-03 2.340986020863056183e-02 1.083331531845033169e-03 1.245348062366247177e-02 3.297713585197925568e-03 4.601133987307548523e-03 3.422705829143524170e-02 9.406099095940589905e-03 2.412394061684608459e-02 6.564699113368988037e-03 1.290945429354906082e-02 1.292162341997027397e-03 8.894010097719728947e-04 1.470540929585695267e-02 1.278774626553058624e-02 4.654626548290252686e-02 1.849219016730785370e-02 2.715684659779071808e-02 1.004043035209178925e-03 2.468420192599296570e-03 2.325533516705036163e-02 2.479723468422889709e-02 1.894446613732725382e-04 8.685124106705188751e-03 9.300037287175655365e-03 2.074458450078964233e-02 4.040138795971870422e-03 1.118110120296478271e-02 1.147462986409664154e-02 1.562768593430519104e-02 1.686822250485420227e-02 2.361125685274600983e-02 1.405628677457571030e-02 1.227426342666149139e-02 8.868664503097534180e-03 1.196665409952402115e-02 1.851804926991462708e-02 1.261258125305175781e-02 9.961124509572982788e-03 2.608088031411170959e-02 1.516582677140831947e-03 3.557315096259117126e-03 6.840330548584461212e-03 1.215980667620897293e-02 2.938818186521530151e-02 3.510049358010292053e-02 2.954445779323577881e-03 6.134894792921841145e-04 4.560835193842649460e-03 1.414598803967237473e-02 6.966241635382175446e-03 3.388488665223121643e-02 1.521674450486898422e-02 2.740492857992649078e-02 2.757168374955654144e-02 2.701980620622634888e-02 8.517232723534107208e-03 4.447392188012599945e-03 4.752217791974544525e-03 1.315069664269685745e-02 5.943104252219200134e-02 5.148176103830337524e-02 5.996302235871553421e-03 1.313640177249908447e-02 1.472170185297727585e-02 2.899628132581710815e-02 3.588177636265754700e-02 4.226825758814811707e-02 1.831458695232868195e-02 1.241565868258476257e-02 9.991821134462952614e-04 2.744337171316146851e-02 4.118659999221563339e-03 3.845064714550971985e-02 6.364626460708677769e-04 1.592899486422538757e-02 1.474855653941631317e-02 3.239277005195617676e-02 1.000422751531004906e-03 1.267986372113227844e-02 4.092327319085597992e-03 3.669429104775190353e-03 9.161882102489471436e-03 6.123925093561410904e-03 7.472092285752296448e-03 9.711233898997306824e-03 1.639590412378311157e-02 2.081653568893671036e-03 3.410783596336841583e-03 1.516387332230806351e-02 2.700459025800228119e-02 1.869334839284420013e-02 1.309620589017868042e-02 2.639351412653923035e-03 2.044991590082645416e-02 2.947374712675809860e-03
1.803200109861791134e-03 1.375093962997198105e-02 2.263331599533557892e-02 1.133433263748884201e-02 3.342849959153681993e-04 4.375786986202001572e-03 2.088508335873484612e-03 1.665388606488704681e-02 8.207656145095825195e-01 5.579344928264617920e-02 3.733441000804305077e-03 8.077092468738555908e-03 1.806955412030220032e-02 1.279411138966679573e-03 2.810875140130519867e-02 3.860098868608474731e-02 2.892191335558891296e-02 3.868585452437400818e-02 2.345464751124382019e-02 1.367916818708181381e-02 2.923532854765653610e-03 2.790259197354316711e-02 4.628353193402290344e-02 2.852099388837814331e-02 7.546422421000897884e-05 8.281802758574485779e-03 1.123863155953586102e-03 1.820067176595330238e-03 1.925050280988216400e-02 1.000237558037042618e-02 8.175051771104335785e-03 2.640168182551860809e-02 3.378024557605385780e-03 2.598464116454124451e-02 1.097667589783668518e-02 2.068656310439109802e-02 2.156935445964336395e-02 2.939333673566579819e-03 1.782362349331378937e-02 3.928805235773324966e-03 1.621982641518115997e-02 1.487214211374521255e-02 1.450243312865495682e-02 1.314462162554264069e-02 2.542437985539436340e-02 6.846530828624963760e-03 9.151884354650974274e-03 1.330787688493728638e-02 4.416427761316299438e-02 3.098578378558158875e-02 7.572541944682598114e-03 3.202820895239710808e-03 6.536999717354774475e-03 2.304746303707361221e-03 3.720982745289802551e-02 4.349006339907646179e-02 3.129587043076753616e-03 6.531196646392345428e-03 1.525762211531400681e-02 5.033114925026893616e-03 2.732073329389095306e-02 2.538135275244712830e-02 1.352672278881072998e-02 5.216291174292564392e-03 2.386678569018840790e-02 1.032351609319448471e-02 5.153468227945268154e-04 1.111482921987771988e-02 3.549890965223312378e-02 2.228862978518009186e-02 2.301801182329654694e-02 1.530864182859659195e-02 1.303835120052099228e-02 1.091853016987442970e-03 1.369599811732769012e-02 1.665884628891944885e-02 5.465629696846008301e-02 3.775884583592414856e-02 2.386862412095069885e-02 2.663763239979743958e-02 1.377776358276605606e-02 1.016205549240112305e-02 3.632937371730804443e-02 2.440195530652999878e-02 3.269486129283905029e-02 2.225279435515403748e-02 1.132691558450460434e-02 5.515570752322673798e-03 9.037811309099197388e-03 4.517008084803819656e-03 1.910823583602905273e-02 4.881127271801233292e-03 3.977247979491949081e-03 1.134674623608589172e-02 3.490272536873817444e-02 2.818009629845619202e-02 1.056086644530296326e-02 1.758555183187127113e-03 3.007085993885993958e-02 4.767824430018663406e-03 4.438258707523345947e-02 8.662282489240169525e-03 4.700841382145881653e-03 8.418725803494453430e-03 5.297574680298566818e-03 1.084549259394407272e-02 3.192985057830810547e-02 1.706225238740444183e-02 4.159415140748023987e-03 6.148920860141515732e-03 1.403912669047713280e-03 6.502063944935798645e-03 1.043963711708784103e-02 8.133229566738009453e-04 1.846678741276264191e-02 2.973621245473623276e-03
2.042338810861110687e-02 1.683098636567592621e-02 2.141887694597244263e-02 2.803655900061130524e-02 2.407723292708396912e-02 1.714476570487022400e-02 9.849855676293373108e-03 1.746435277163982391e-02 5.579344928264617920e-02 8.207656145095825195e-01 1.975127495825290680e-02 1.198734622448682785e-03 2.144965529441833496e-02 1.561074797064065933e-02 2.538840286433696747e-02 3.195350524038076401e-03 8.171125315129756927e-03 1.893513835966587067e-02 2.918919548392295837e-02 9.936865419149398804e-03 1.541772298514842987e-02 1.357808895409107208e-02 7.973873056471347809e-03 1.638597622513771057e-02 2.578223310410976410e-02 5.455584265291690826e-03 2.536116633564233780e-03 3.950237296521663666e-03 1.455632131546735764e-02 3.142223693430423737e-03 2.935284748673439026e-02 2.113644732162356377e-03 2.246739342808723450e-02 8.786440826952457428e-03 1.355765387415885925e-02 8.978621102869510651e-03 1.374554634094238281e-02 7.021762430667877197e-03 2.518010139465332031e-02 1.911024749279022217e-02 6.738509051501750946e-03 1.635898649692535400e-02 2.525315387174487114e-03 1.460480317473411560e-02 3.978767897933721542e-03 1.541447360068559647e-02 4.297541454434394836e-03 8.095103316009044647e-03 4.818062484264373779e-02 4.384841397404670715e-02 2.137876860797405243e-02 1.637051627039909363e-02 1.296172942966222763e-02 9.268912981497123837e-05 2.185676433145999908e-02 4.018252715468406677e-02 4.235308442730456591e-04 1.990962587296962738e-02 1.222193427383899689e-02 1.071518380194902420e-02 3.827393986284732819e-03 2.093330398201942444e-02 1.600696146488189697e-02 1.561339199542999268e-02 6.559366825968027115e-03 4.855699808103963733e-05 1.605742238461971283e-02 1.859972253441810608e-02 1.876018196344375610e-02 4.138910025358200073e-02 3.687040135264396667e-02 1.269849482923746109e-02 2.300336956977844238e-02 1.191085763275623322e-02 5.569942761212587357e-03 1.523001585155725479e-02 3.060557693243026733e-02 7.685367017984390259e-02 3.287373483180999756e-02 6.276009231805801392e-02 1.354543492197990417e-02 1.488462649285793304e-02 1.841783523559570312e-03 8.555213920772075653e-03 5.899065174162387848e-03 1.867712358944118023e-03 9.666466154158115387e-03 1.501902472227811813e-02 2.598510123789310455e-02 2.351700142025947571e-02 2.364693954586982727e-02 1.055495627224445343e-02 1.974308304488658905e-02 1.118334010243415833e-02 8.304898627102375031e-03 2.706201002001762390e-02 1.365636102855205536e-02 4.659050144255161285e-03 1.189975719898939133e-02 1.030339743010699749e-03 1.282127574086189270e-02 1.107830205000936985e-03 2.029057359322905540e-03 9.711719118058681488e-03 1.678102277219295502e-02 3.481972962617874146e-03 7.598834112286567688e-03 8.240522583946585655e-05 1.014656666666269302e-02 2.626041416078805923e-03 1.013281103223562241e-02 2.347822068259119987e-03 5.843970458954572678e-03 4.895844496786594391e-03 7.011495530605316162e-03 9.577635210007429123e-04
8.330278098583221436e-02 7.227546721696853638e-02 1.054935622960329056e-02 2.313627675175666809e-02 6.042806431651115417e-03 2.808958664536476135e-02 2.474837005138397217e-02 1.052720844745635986e-02 3.733441000804305077e-03 1.975127495825290680e-02 8.207656145095825195e-01 3.365740994922816753e-04 8.302883058786392212e-02 2.854799851775169373e-02 3.461523354053497314e-02 5.641514901071786880e-03 1.608107984066009521e-02 3.587840357795357704e-03 1.154457125812768936e-02 2.057519741356372833e-03 1.265240926295518875e-02 2.192024886608123779e-02 7.887372747063636780e-03 1.054908707737922668e-02 4.285725299268960953e-03 3.838760079815983772e-03 1.316304877400398254e-02 1.615293091163039207e-03 3.553038695827126503e-03 2.048988826572895050e-02 5.240877345204353333e-02 7.769649848341941833e-03 1.865852245828136802e-04 5.776930600404739380e-03 2.133159153163433075e-02 2.232864499092102051e-02 2.412507776170969009e-03 5.380280781537294388e-03 6.269020494073629379e-03 1.512546930462121964e-02 4.441312048584222794e-03 4.008006304502487183e-03 2.440390549600124359e-02 1.392793748527765274e-02 8.972366340458393097e-03 7.859109900891780853e-03 2.568182907998561859e-02 1.895322231575846672e-03 1.047637127339839935e-02 1.190716400742530823e-02 2.691829577088356018e-02 1.906118169426918030e-02 5.838175304234027863e-03 9.123712079599499702e-04 7.880790159106254578e-03 8.597214706242084503e-03 1.696839183568954468e-02 1.497672637924551964e-03 1.026777178049087524e-02 8.253412321209907532e-03 4.281777888536453247e-03 4.878251347690820694e-03 1.084380224347114563e-02 1.073448639363050461e-02 1.633591577410697937e-02 4.686673637479543686e-03 2.094068378210067749e-02 9.541476611047983170e-04 1.661486574448645115e-03 1.693809591233730316e-02 1.587982848286628723e-02 8.787278085947036743e-03 2.772375941276550293e-02 2.438105270266532898e-02 5.280905868858098984e-03 3.641165792942047119e-03 6.958060432225465775e-03 1.675877720117568970e-02 2.173353685066103935e-03 3.078897669911384583e-02 7.557185366749763489e-03 2.241163700819015503e-02 1.008354825899004936e-03 1.788975857198238373e-02 3.704193746671080589e-03 9.495266713201999664e-03 2.766167931258678436e-02 1.974066905677318573e-02 1.242439355701208115e-02 2.450345270335674286e-02 4.072024952620267868e-03 2.529633231461048126e-02 3.292557224631309509e-02 1.236992049962282181e-02 5.861385725438594818e-03 1.433592871762812138e-03 1.392483524978160858e-02 1.890823477879166603e-03 2.706472389400005341e-02 1.864952780306339264e-02 3.063061833381652832e-02 2.250845171511173248e-02 4.111061803996562958e-03 4.902056418359279633e-03 7.607990410178899765e-03 1.360100507736206055e-02 2.298431284725666046e-02 6.865025497972965240e-03 2.179780416190624237e-02 1.903209090232849121e-02 9.174386039376258850e-03 3.172844182699918747e-03 2.362438663840293884e-02 9.086763486266136169e-03 3.724463284015655518e-03 4.057338461279869080e-03
2.147984318435192108e-02 4.399350378662347794e-03 9.941491298377513885e-03 1.500812172889709473e-02 1.625916548073291779e-02 4.274700582027435303e-02 2.910922653973102570e-02 2.146331360563635826e-03 8.077092468738555908e-03 1.198734622448682785e-03 3.365740994922816753e-04 8.207656145095825195e-01 4.278450272977352142e-03 8.820266276597976685e-02 1.680251397192478180e-02 2.133245393633842468e-02 9.616664610803127289e-03 1.721334084868431091e-02 6.940895109437406063e-04 1.947122626006603241e-03 1.161881815642118454e-02 6.436063442379236221e-03 3.181722760200500488e-02 4.694323241710662842e-02 3.439116524532437325e-03 4.038898739963769913e-03 5.127253010869026184e-03 6.884319335222244263e-02 1.870067976415157318e-02 4.306236654520034790e-02 2.016199752688407898e-03 1.659802161157131195e-02 1.457590144127607346e-02 2.495959773659706116e-02 1.131725404411554337e-02 1.334012369625270367e-03 1.245868299156427383e-02 1.702399342320859432e-03 1.102667022496461868e-02 1.980938203632831573e-02 1.460989657789468765e-02 1.022573094815015793e-02 1.744643598794937134e-02 1.482365536503493786e-03 2.705345489084720612e-02 2.014138549566268921e-02 1.517684943974018097e-02 2.674560435116291046e-02 2.927200496196746826e-02 3.071655705571174622e-02 1.753508113324642181e-02 9.649418294429779053e-03 5.726023111492395401e-03 7.463851477950811386e-03 2.029433101415634155e-02 1.484287530183792114e-02 9.402550640515983105e-04 1.648873277008533478e-02 1.933589205145835876e-02 1.811608672142028809e-02 3.104036906734108925e-03 1.374977990053594112e-03 1.033634599298238754e-02 2.229653298854827881e-03 2.643338870257139206e-03 1.927093020640313625e-03 7.085702847689390182e-03 1.738226227462291718e-02 1.048073824495077133e-02 2.158801630139350891e-02 1.085240161046385765e-03 2.140881866216659546e-02 3.659541532397270203e-02 2.391063980758190155e-02 4.008464142680168152e-02 6.214044988155364990e-04 1.092784199863672256e-02 4.490503575652837753e-03 2.982274629175662994e-03 8.323417976498603821e-03 2.718650968745350838e-03 1.738376915454864502e-02 9.162903763353824615e-03 1.036406867206096649e-02 2.567180246114730835e-02 1.554725039750337601e-02 1.367304939776659012e-02 2.083736285567283630e-02 1.744470186531543732e-02 1.821328140795230865e-02 3.628456220030784607e-02 6.544342264533042908e-03 2.994896285235881805e-02 4.747012164443731308e-03 1.081752590835094452e-02 6.256851367652416229e-03 4.793559666723012924e-03 3.428833559155464172e-03 2.301674336194992065e-02 1.813065074384212494e-02 1.827948540449142456e-02 7.225031498819589615e-03 5.887937266379594803e-03 2.387991407886147499e-03 4.088513553142547607e-03 1.408403273671865463e-02 2.336426079273223877e-02 2.352506620809435844e-03 9.239191189408302307e-03 7.894972339272499084e-03 4.070203751325607300e-03 2.729076147079467773e-02 1.423812657594680786e-02 1.678147539496421814e-02 6.919556297361850739e-03 6.817627698183059692e-03
6.175550445914268494e-02 6.672410666942596436e-02 1.431513577699661255e-02 4.055173601955175400e-03 6.890853401273488998e-04 2.053630165755748749e-02 2.376836910843849182e-02 7.484677247703075409e-03 1.806955412030220032e-02 2.144965529441833496e-02 8.302883058786392212e-02 4.278450272977352142e-03 8.207656145095825195e-01 1.904756575822830200e-02 5.632806196808815002e-02 1.747789233922958374e-02 3.488087654113769531e-02 1.120408065617084503e-02 1.209930982440710068e-02 9.961028583347797394e-03 3.340024966746568680e-03 2.630315721035003662e-02 3.603595541790127754e-03 2.834958583116531372e-02 1.335810031741857529e-02 1.341308280825614929e-02 3.736836835741996765e-03 3.347540041431784630e-04 3.566458821296691895e-02 1.880542188882827759e-02 4.963922873139381409e-02 6.492134183645248413e-03 1.413592696189880371e-02 6.535248830914497375e-03 1.183059904724359512e-02 5.773153156042098999e-03 1.107887085527181625e-02 9.316379204392433167e-03 1.704155281186103821e-02 3.267437964677810669e-02 1.785744354128837585e-02 9.052631445229053497e-03 1.459712721407413483e-02 1.186394691467285156e-02 9.268849156796932220e-03 1.932201348245143890e-02 6.373916286975145340e-03 2.429136540740728378e-03 1.014899316942319274e-04 1.748934574425220490e-02 2.367523126304149628e-02 1.808206923305988312e-02 8.376298472285270691e-03 2.892609452828764915e-03 1.084549538791179657e-02 2.944724867120385170e-03 2.274987054988741875e-03 1.133626792579889297e-02 6.565056275576353073e-03 7.550944108515977859e-03 1.345632784068584442e-02 1.615043170750141144e-02 1.151898223906755447e-02 3.344623604789376259e-03 1.128174178302288055e-02 2.242944436147809029e-03 1.936136186122894287e-02 8.651805110275745392e-03 9.821469895541667938e-03 1.946795172989368439e-02 2.287664450705051422e-02 1.078789401799440384e-02 8.193719200789928436e-03 9.407965466380119324e-03 1.164721325039863586e-02 4.548477008938789368e-03 1.418085652403533459e-03 1.848652027547359467e-02 6.011883262544870377e-03 2.391512319445610046e-02 3.964369650930166245e-03 2.079471573233604431e-02 4.501274321228265762e-03 1.684801466763019562e-02 4.028803203254938126e-03 1.435002079233527184e-03 3.215150907635688782e-02 3.863940387964248657e-02 9.695415385067462921e-03 1.063292473554611206e-02 2.264038473367691040e-02 2.548004873096942902e-02 2.814838103950023651e-02 1.649491861462593079e-02 3.232459723949432373e-02 2.896409668028354645e-02 2.415700815618038177e-03 1.033364702016115189e-02 2.801144123077392578e-02 1.217837445437908173e-02 3.242830513045191765e-03 3.463293891400098801e-03 4.643740132451057434e-03 9.606529027223587036e-03 1.313020382076501846e-02 3.890175139531493187e-03 5.615395493805408478e-03 7.123665418475866318e-03 1.352004520595073700e-02 2.331378497183322906e-02 5.112309474498033524e-03 6.588255520910024643e-03 2.144004032015800476e-02 9.361346252262592316e-03 7.577224634587764740e-03 6.900188513100147247e-03
