8.379697799682617188e-01 7.751069217920303345e-02 2.745436504483222961e-02 1.193794142454862595e-02 9.319560602307319641e-03 7.238686829805374146e-02 6.153279542922973633e-02 2.904004976153373718e-02 1.445684395730495453e-02 1.089756283909082413e-02 7.110082358121871948e-02 3.658520802855491638e-02 6.252969801425933838e-02 2.958407998085021973e-02 1.056239474564790726e-02 2.471732348203659058e-02 1.742893084883689880e-02 3.447365306783467531e-04 1.503557898104190826e-02 4.079575184732675552e-03 1.462114416062831879e-02 6.185215432196855545e-03 1.213464234024286270e-02 7.294653449207544327e-03 1.753716031089425087e-03 1.750506833195686340e-02 2.263592742383480072e-02 1.519657112658023834e-02 2.945659309625625610e-02 1.564700156450271606e-02 1.835213601589202881e-02 4.289913456887006760e-03 1.113544683903455734e-03 2.047562738880515099e-03 2.351416461169719696e-02 5.860874895006418228e-03 3.938201552955433726e-05 4.087502893526107073e-04 1.425623055547475815e-02 7.757014129310846329e-03 2.921898476779460907e-02 2.170469053089618683e-02 1.516555622220039368e-02 2.126781269907951355e-03 1.618211157619953156e-02 1.403543818742036819e-02 6.421366333961486816e-02 5.323678255081176758e-02 1.531147863715887070e-02 7.624508347362279892e-03 1.087335497140884399e-02 9.881172329187393188e-03 1.175893470644950867e-02 2.195078134536743164e-02 2.833938971161842346e-02 7.427904754877090454e-03 2.178726159036159515e-02 1.677265949547290802e-02 9.089835803024470806e-04 9.746009483933448792e-03 1.059575937688350677e-02 6.841180380433797836e-03 1.421509124338626862e-02 1.960925199091434479e-02 3.547146171331405640e-02 3.639778122305870056e-02 4.335067700594663620e-03 4.310265183448791504e-03 2.419428899884223938e-02 1.644271425902843475e-02 2.516790293157100677e-02 1.329001225531101227e-02 2.329745143651962280e-02 8.315942250192165375e-03 7.086563389748334885e-03 8.430844172835350037e-03 1.935824379324913025e-02 6.373338866978883743e-03 1.723868958652019501e-02 4.548756405711174011e-03 2.535601332783699036e-02 2.661591023206710815e-02 1.728532719425857067e-03 1.210204232484102249e-02 5.947896279394626617e-03 2.580018015578389168e-03 3.899093018844723701e-03 8.100177161395549774e-03 3.197201713919639587e-02 9.990576654672622681e-03 3.861495852470397949e-02 1.887500844895839691e-02 3.342092409729957581e-02 1.307931635528802872e-02 1.041211071424186230e-03 1.298359688371419907e-02 2.191364578902721405e-02 1.956207444891333580e-03 5.351596511900424957e-03 5.147359333932399750e-03 9.562331251800060272e-03 4.209921695291996002e-03 5.493937991559505463e-03 8.013424463570117950e-03 4.552205093204975128e-03 1.277153287082910538e-02 2.806785749271512032e-03 1.292782463133335114e-02 1.430264767259359360e-02 2.685272693634033203e-02 1.213490217924118042e-02 1.023080945014953613e-02 2.929684938862919807e-03 1.358704734593629837e-02 9.391978383064270020e-03 2.127991616725921631e-02
7.751069217920303345e-02 8.379697799682617188e-01 2.648467011749744415e-02 1.061370596289634705e-02 6.769762374460697174e-03 7.207201421260833740e-02 6.494890153408050537e-02 2.608018182218074799e-02 6.609966512769460678e-03 1.064481679350137711e-02 7.067816704511642456e-02 3.312707692384719849e-02 6.731215119361877441e-02 3.208730369806289673e-02 7.289526518434286118e-03 2.633770368993282318e-02 1.908866129815578461e-02 5.507432855665683746e-03 1.460440177470445633e-02 1.800007885321974754e-03 1.699723117053508759e-02 1.073537301272153854e-02 1.404198072850704193e-02 1.125936675816774368e-02 3.388561774045228958e-03 2.057628147304058075e-02 2.249748073518276215e-02 1.221341639757156372e-02 3.027131035923957825e-02 1.494153868407011032e-02 2.071268856525421143e-02 8.372443844564259052e-04 3.704152069985866547e-03 3.553852671757340431e-03 2.554571256041526794e-02 8.482742123305797577e-03 1.307149417698383331e-03 2.891687909141182899e-03 1.256587915122509003e-02 4.341539461165666580e-03 2.708959393203258514e-02 2.212009392678737640e-02 1.584880426526069641e-02 2.876267768442630768e-03 1.630263030529022217e-02 1.574584841728210449e-02 6.377371400594711304e-02 5.509895458817481995e-02 1.440420467406511307e-02 9.790188632905483246e-03 1.111515797674655914e-02 1.171211153268814087e-02 1.395186129957437515e-02 2.134802937507629395e-02 2.557961642742156982e-02 7.751568220555782318e-03 2.134818024933338165e-02 1.664864085614681244e-02 3.410484874621033669e-03 1.114396564662456512e-02 1.072035729885101318e-02 4.194307141005992889e-03 1.324586011469364166e-02 1.763066835701465607e-02 3.848908841609954834e-02 3.999237343668937683e-02 6.700753583572804928e-04 7.185655646026134491e-03 2.322671562433242798e-02 2.120338566601276398e-02 2.172927558422088623e-02 1.043047476559877396e-02 1.979487016797065735e-02 1.145177055150270462e-02 6.941477302461862564e-03 7.042237091809511185e-03 1.385135948657989502e-02 1.085647847503423691e-02 1.698737032711505890e-02 5.028415005654096603e-03 2.492408826947212219e-02 2.608025260269641876e-02 5.570857785642147064e-03 1.102419104427099228e-02 5.985429976135492325e-03 4.283485468477010727e-03 5.295210052281618118e-03 5.404584109783172607e-03 2.917534857988357544e-02 8.517194539308547974e-03 3.645152971148490906e-02 1.992851495742797852e-02 3.558883070945739746e-02 1.500695105642080307e-02 4.082717932760715485e-03 1.186531968414783478e-02 1.937978900969028473e-02 6.299773231148719788e-04 1.665670541115105152e-03 1.612015534192323685e-03 1.053681131452322006e-02 7.692347746342420578e-03 6.168319960124790668e-04 4.945464432239532471e-03 4.290123004466295242e-03 1.302693039178848267e-02 1.429964322596788406e-03 1.116228103637695312e-02 1.674674451351165771e-02 2.802281454205513000e-02 1.230319496244192123e-02 9.310191497206687927e-03 4.300895612686872482e-03 1.316622924059629440e-02 4.933192394673824310e-04 1.704606227576732635e-02
2.745436504483222961e-02 2.648467011749744415e-02 8.379697799682617188e-01 7.565359119325876236e-03 4.258835688233375549e-03 2.759085223078727722e-02 3.036890365183353424e-02 4.621436819434165955e-02 2.532419003546237946e-02 6.615338847041130066e-03 1.878371648490428925e-02 1.754378899931907654e-02 1.301407534629106522e-02 1.471868436783552170e-02 3.552168980240821838e-02 1.855555549263954163e-02 1.983849331736564636e-02 8.690977469086647034e-03 1.847830414772033691e-02 2.043737657368183136e-02 6.786206737160682678e-03 3.310653381049633026e-03 1.991999335587024689e-02 1.203979924321174622e-02 1.553752087056636810e-02 2.536907326430082321e-03 2.151390351355075836e-02 2.414531772956252098e-03 3.362478455528616905e-03 1.526686549186706543e-02 2.924118423834443092e-03 1.391613762825727463e-02 3.024427965283393860e-02 2.238542400300502777e-02 1.832957193255424500e-02 1.249384041875600815e-02 1.358504407107830048e-02 2.821961790323257446e-02 2.418532781302928925e-02 2.879112958908081055e-02 7.532994262874126434e-03 7.028933148831129074e-03 1.429340802133083344e-03 3.014435619115829468e-02 1.974177174270153046e-02 5.249350797384977341e-03 2.687995135784149170e-02 2.571029774844646454e-02 1.418715994805097580e-02 5.470781587064266205e-03 2.043192647397518158e-02 1.725705526769161224e-02 1.704053953289985657e-02 1.298117078840732574e-02 1.008448563516139984e-02 8.301971480250358582e-03 2.063764026388525963e-03 3.144770453218370676e-04 4.332854971289634705e-02 1.989959925413131714e-02 1.655340753495693207e-02 3.160979971289634705e-02 2.261093817651271820e-02 4.950329661369323730e-03 2.665123611222952604e-04 3.954834770411252975e-03 1.354065537452697754e-02 6.947502493858337402e-03 1.903803087770938873e-03 1.858733710832893848e-03 7.456273306161165237e-04 1.978346705436706543e-02 1.491149608045816422e-02 1.897708512842655182e-02 1.259648147970438004e-02 2.507306635379791260e-02 2.012230455875396729e-02 1.953095570206642151e-02 2.113353461027145386e-02 6.464050384238362312e-04 5.146359652280807495e-02 4.592457786202430725e-02 2.933185547590255737e-03 1.766333356499671936e-02 7.833156734704971313e-03 5.291787907481193542e-03 3.603324666619300842e-02 3.314305841922760010e-02 7.488027331419289112e-04 2.224724739789962769e-03 2.168397232890129089e-02 1.251596026122570038e-03 2.331476844847202301e-02 6.340950727462768555e-03 2.720971032977104187e-02 3.311821073293685913e-02 1.697370037436485291e-02 1.766212843358516693e-02 2.610214520245790482e-03 9.830968454480171204e-03 1.874008961021900177e-02 2.147810347378253937e-02 2.530896477401256561e-02 6.314415019005537033e-03 1.896572671830654144e-02 6.895946804434061050e-03 2.551994845271110535e-02 8.676037192344665527e-03 2.181794494390487671e-02 8.391502313315868378e-03 1.238669361919164658e-02 4.007786978036165237e-03 2.802903996780514717e-03 4.019710468128323555e-04 2.145219594240188599e-02 3.688079863786697388e-02
1.193794142454862595e-02 1.061370596289634705e-02 7.565359119325876236e-03 8.379697799682617188e-01 1.008654236793518066e-01 1.262465398758649826e-02 1.807157881557941437e-02 2.176804933696985245e-03 2.186521142721176147e-02 1.987541094422340393e-02 8.590257726609706879e-03 6.843990180641412735e-03 7.764209061861038208e-03 1.353186182677745819e-02 1.004294864833354950e-02 5.441726651042699814e-03 1.866522245109081268e-02 4.593653604388237000e-02 5.782947316765785217e-02 8.629862568341195583e-04 2.397367730736732483e-03 9.195341728627681732e-03 1.215433236211538315e-02 2.032760716974735260e-02 4.060604987898841500e-05 7.270698552019894123e-04 1.196986902505159378e-02 5.031287670135498047e-03 6.635190919041633606e-03 5.988992634229362011e-04 1.163715682923793793e-02 4.365223459899425507e-03 7.769597694277763367e-03 2.573278499767184258e-03 8.177707903087139130e-03 1.751108281314373016e-02 5.045731086283922195e-03 1.227149739861488342e-02 7.081241160631179810e-02 5.409077927470207214e-02 1.192412382806651294e-04 3.191153286024928093e-03 8.138062432408332825e-03 5.643201991915702820e-03 3.460564650595188141e-03 3.855535294860601425e-03 1.199514325708150864e-02 1.196318957954645157e-02 2.026415243744850159e-02 5.941154435276985168e-03 1.203268766403198242e-02 5.035466514527797699e-03 3.326882049441337585e-02 2.170871943235397339e-02 9.414538741111755371e-03 3.250144189223647118e-03 2.348169684410095215e-02 2.232274971902370453e-02 2.131837233901023865e-02 2.096807956695556641e-02 4.169863089919090271e-02 4.302911832928657532e-02 1.720421947538852692e-02 1.050245109945535660e-02 9.342936798930168152e-03 5.258187651634216309e-03 1.290267915464937687e-03 3.038040362298488617e-03 2.859575441107153893e-03 2.961715916171669960e-03 3.238817676901817322e-03 1.625542878173291683e-03 5.495099723339080811e-02 7.228029891848564148e-03 5.439193174242973328e-02 5.177032202482223511e-03 1.821365579962730408e-02 1.435791794210672379e-02 3.163870191201567650e-03 5.742660723626613617e-03 3.440049011260271072e-03 1.055682264268398285e-02 5.493031814694404602e-02 5.368737131357192993e-02 9.879665449261665344e-03 8.629160001873970032e-03 2.246912335976958275e-03 3.502651816233992577e-03 1.440620329231023788e-02 1.268513873219490051e-02 1.074258331209421158e-02 5.333571694791316986e-03 1.059908606112003326e-02 1.260582450777292252e-02 2.724953182041645050e-02 2.170272357761859894e-02 9.571258560754358768e-04 1.075214613229036331e-02 1.575718261301517487e-02 1.424349378794431686e-02 4.255975130945444107e-03 1.952564110979437828e-03 1.780881173908710480e-02 1.987177878618240356e-02 3.592865169048309326e-02 2.854614052921533585e-03 1.189598906785249710e-02 1.856822147965431213e-02 9.073108230950310826e-05 4.712638445198535919e-03 3.009893931448459625e-03 9.962170384824275970e-03 9.853531606495380402e-03 1.395705714821815491e-02 1.633569970726966858e-02 1.042218226939439774e-02
9.319560602307319641e-03 6.769762374460697174e-03 4.258835688233375549e-03 1.008654236793518066e-01 8.379697799682617188e-01 1.151067111641168594e-02 1.400418393313884735e-02 8.401216007769107819e-03 2.311037853360176086e-02 1.109202299267053604e-02 6.470870692282915115e-03 1.231989008374512196e-03 8.359470404684543610e-03 2.195643028244376183e-03 1.498570572584867477e-02 1.046302379108965397e-03 6.956164725124835968e-03 3.810646384954452515e-02 5.916628614068031311e-02 2.424070145934820175e-03 1.178943202830851078e-03 1.088517252355813980e-02 1.165150757879018784e-02 1.614601723849773407e-02 6.628290866501629353e-04 1.239249482750892639e-02 1.227167248725891113e-02 4.997321870177984238e-03 2.843012334778904915e-03 1.259779464453458786e-02 1.324652926996350288e-03 5.578569136559963226e-03 1.437799260020256042e-02 3.114248160272836685e-03 2.305304445326328278e-02 1.966466195881366730e-02 1.075133495032787323e-02 3.645075717940926552e-03 5.288704857230186462e-02 5.803555622696876526e-02 9.517702274024486542e-03 3.681971924379467964e-03 2.534263767302036285e-04 1.213568495586514473e-03 2.985875122249126434e-03 3.643218427896499634e-03 1.444666739553213120e-02 1.915951818227767944e-02 1.971614547073841095e-02 4.518128931522369385e-03 8.518203161656856537e-03 5.988444318063557148e-04 2.822566032409667969e-02 3.229247778654098511e-02 1.165085192769765854e-02 1.785333268344402313e-03 3.156215324997901917e-02 3.894501179456710815e-02 1.106276642531156540e-02 2.126726508140563965e-02 3.491641953587532043e-02 4.816708713769912720e-02 2.156128734350204468e-02 1.023998670279979706e-02 5.981187801808118820e-03 9.232725948095321655e-03 9.743236587382853031e-04 1.013059052638709545e-03 1.490376424044370651e-03 2.749912382569164038e-04 7.822867482900619507e-03 3.465382615104317665e-03 4.817491397261619568e-02 1.165768876671791077e-02 5.501205846667289734e-02 8.559319539926946163e-04 1.904256269335746765e-02 1.075633801519870758e-03 4.169667605310678482e-03 7.580884848721325397e-04 1.749919145368039608e-03 1.114969514310359955e-02 5.038597434759140015e-02 5.513852089643478394e-02 9.497423656284809113e-03 8.516135625541210175e-03 1.385156647302210331e-03 8.388537913560867310e-03 1.116811577230691910e-02 2.250239439308643341e-02 1.096807513386011124e-02 9.680110815679654479e-05 6.924107205122709274e-03 9.162725182250142097e-04 2.365515008568763733e-02 1.505775749683380127e-02 6.697660777717828751e-03 8.336440660059452057e-03 1.544986758381128311e-02 1.363127771764993668e-02 5.772784817963838577e-03 2.406839746981859207e-03 9.884119033813476562e-03 9.889894165098667145e-03 3.709704056382179260e-02 1.057740487158298492e-02 9.354893118143081665e-03 1.987292617559432983e-02 5.724568385630846024e-03 1.541969086974859238e-02 1.311319880187511444e-02 1.388028915971517563e-02 6.104839034378528595e-03 4.089086316525936127e-03 1.583454571664333344e-02 6.114442367106676102e-03
7.238686829805374146e-02 7.207201421260833740e-02 2.759085223078727722e-02 1.262465398758649826e-02 1.151067111641168594e-02 8.379697799682617188e-01 7.270798832178115845e-02 3.852237761020660400e-02 1.470936276018619537e-02 1.037967111915349960e-02 6.497834622859954834e-02 4.041473567485809326e-02 5.717759951949119568e-02 3.896563872694969177e-02 1.815971918404102325e-02 2.259836718440055847e-02 1.438152603805065155e-02 1.314996188739314675e-04 1.771792769432067871e-02 1.082984847016632557e-03 1.070741098374128342e-02 9.703573770821094513e-03 2.178657054901123047e-02 1.550977770239114761e-02 4.235783126205205917e-03 1.627025939524173737e-02 2.099240943789482117e-02 2.138082869350910187e-02 2.529304847121238708e-02 1.461881212890148163e-02 1.939573697745800018e-02 3.939636517316102982e-03 2.744771772995591164e-03 8.672843105159699917e-04 1.816325820982456207e-02 3.157476428896188736e-03 9.517019614577293396e-03 6.597646977752447128e-03 1.512005086988210678e-02 7.505605928599834442e-03 2.149867452681064606e-02 1.692175865173339844e-02 1.411930657923221588e-02 7.579574012197554111e-04 1.480580773204565048e-02 9.335316717624664307e-03 7.089906185865402222e-02 5.992741510272026062e-02 1.553369406610727310e-02 1.992359058931469917e-03 6.097288802266120911e-03 8.717984892427921295e-03 9.653571993112564087e-03 1.232355274260044098e-02 2.947637811303138733e-02 2.052871277555823326e-03 1.561604440212249756e-02 7.581809535622596741e-03 7.143074180930852890e-04 4.408369306474924088e-03 3.740567248314619064e-03 1.203182525932788849e-02 2.390299923717975616e-02 1.271010097116231918e-02 3.197119757533073425e-02 3.248295560479164124e-02 1.827651285566389561e-03 7.748908828943967819e-03 2.564206719398498535e-02 2.476051263511180878e-02 1.900824531912803650e-02 5.270577501505613327e-03 1.334914751350879669e-02 1.783395931124687195e-02 2.591762458905577660e-03 5.865138955414295197e-03 1.585036516189575195e-02 1.661079376935958862e-02 1.961182989180088043e-02 2.624607877805829048e-03 2.952387183904647827e-02 3.025340288877487183e-02 2.803676994517445564e-03 1.286466699093580246e-02 1.038446743041276932e-02 4.308606032282114029e-03 4.409027285873889923e-03 1.489636488258838654e-02 3.194131702184677124e-02 1.406453922390937805e-02 3.678578138351440430e-02 1.531552243977785110e-02 3.697142750024795532e-02 1.053846254944801331e-02 7.147400174289941788e-04 1.264625880867242813e-02 3.080174885690212250e-02 1.610399049241095781e-04 3.621298586949706078e-03 2.779930830001831055e-03 9.141762740910053253e-03 5.014706868678331375e-03 7.582218386232852936e-03 1.371561922132968903e-02 1.919432659633457661e-03 1.172387693077325821e-02 9.250872535631060600e-04 1.144974771887063980e-02 1.471107918769121170e-02 2.349675633013248444e-02 7.009362801909446716e-03 3.483904292806982994e-03 3.693310776725411415e-03 1.414731703698635101e-02 6.095836404711008072e-03 2.021372877061367035e-02
6.153279542922973633e-02 6.494890153408050537e-02 3.036890365183353424e-02 1.807157881557941437e-02 1.400418393313884735e-02 7.270798832178115845e-02 8.379697799682617188e-01 3.015733323991298676e-02 1.128538791090250015e-02 1.364920026389881968e-04 6.076536327600479126e-02 3.223913162946701050e-02 5.643203482031822205e-02 4.148251935839653015e-02 1.646161451935768127e-02 1.819307915866374969e-02 1.186414249241352081e-02 1.046890858560800552e-02 2.178151533007621765e-02 3.619462717324495316e-03 1.220439933240413666e-02 1.595993340015411377e-02 3.067407011985778809e-02 2.847441099584102631e-02 1.039620861411094666e-02 1.713217236101627350e-02 1.563933677971363068e-02 1.295326929539442062e-02 3.345683217048645020e-02 8.102790452539920807e-03 2.101147547364234924e-02 1.688116975128650665e-02 6.596376770175993443e-04 8.774948306381702423e-03 1.358921546489000320e-02 7.118101231753826141e-03 3.381491173058748245e-03 2.385731553658843040e-03 1.534419041126966476e-02 7.780393119901418686e-03 2.014783769845962524e-02 1.470918580889701843e-02 1.383476611226797104e-02 4.778568167239427567e-03 2.199598960578441620e-02 1.901237480342388153e-02 6.866465508937835693e-02 6.581769138574600220e-02 2.285220846533775330e-02 1.003937888890504837e-02 2.039500046521425247e-03 7.145751267671585083e-03 6.081950850784778595e-03 1.058233808726072311e-02 2.425985224545001984e-02 2.602217486128211021e-03 1.183317508548498154e-02 2.416412578895688057e-03 5.533205345273017883e-03 4.078595433384180069e-03 3.776675555855035782e-03 1.844251342117786407e-02 2.203820273280143738e-02 4.039357416331768036e-03 3.755035623908042908e-02 3.542431816458702087e-02 9.271833114326000214e-03 1.307165343314409256e-02 1.727909035980701447e-02 1.856113784015178680e-02 9.768047370016574860e-03 9.529350209049880505e-04 3.566424129530787468e-03 1.491399575024843216e-02 8.096490986645221710e-03 2.339590806514024734e-03 9.401456452906131744e-03 1.378383301198482513e-02 2.612342126667499542e-02 1.388821844011545181e-02 2.349919080734252930e-02 2.631363645195960999e-02 8.693873882293701172e-03 1.627064868807792664e-02 2.031796425580978394e-02 1.689709909260272980e-02 1.910390798002481461e-03 1.193283963948488235e-02 2.017820440232753754e-02 1.333905756473541260e-02 3.516574949026107788e-02 1.775822788476943970e-02 3.751741722226142883e-02 1.281697954982519150e-02 2.480449154973030090e-03 1.054297946393489838e-02 3.154275193810462952e-02 7.610819302499294281e-03 3.503024578094482422e-03 6.316527258604764938e-03 1.437867432832717896e-02 1.012843288481235504e-02 2.838643034920096397e-03 9.462392888963222504e-03 4.144696053117513657e-03 1.192163676023483276e-02 3.320676973089575768e-03 7.655255030840635300e-03 1.294682733714580536e-02 1.879346929490566254e-02 1.300187595188617706e-02 4.152888897806406021e-03 5.493449978530406952e-03 1.510446611791849136e-02 2.864328445866703987e-03 1.874485239386558533e-02
2.904004976153373718e-02 2.608018182218074799e-02 4.621436819434165955e-02 2.176804933696985245e-03 8.401216007769107819e-03 3.852237761020660400e-02 3.015733323991298676e-02 8.379697799682617188e-01 2.686250768601894379e-02 1.380219124257564545e-02 2.269865944981575012e-02 2.574606053531169891e-02 1.100952178239822388e-02 1.856957748532295227e-02 6.061832234263420105e-02 3.917479887604713440e-03 1.832384150475263596e-03 1.448611728847026825e-02 1.005182322114706039e-02 7.513515185564756393e-03 8.417719975113868713e-03 8.959458209574222565e-03 2.249139174818992615e-02 1.141769252717494965e-02 1.168535090982913971e-02 1.853335765190422535e-03 1.109442207962274551e-02 9.268001653254032135e-03 2.056049648672342300e-03 2.051711780950427055e-03 1.647035405039787292e-02 8.182388730347156525e-03 1.397811062633991241e-02 1.601994782686233521e-02 1.099512260407209396e-02 3.034791210666298866e-03 2.412474527955055237e-02 5.176144465804100037e-02 2.361996285617351532e-02 2.709199115633964539e-02 3.021596558392047882e-02 1.162468921393156052e-02 9.798282757401466370e-03 4.065429419279098511e-02 2.976760035380721092e-03 1.026901649311184883e-03 3.047382645308971405e-02 2.289355918765068054e-02 1.100588031113147736e-02 1.039489731192588806e-02 2.213034778833389282e-03 3.287033410742878914e-03 8.547184988856315613e-03 1.203763391822576523e-02 1.171265728771686554e-02 1.064650248736143112e-02 3.501803614199161530e-03 3.074031264986842871e-04 8.516844362020492554e-03 1.401490159332752228e-02 1.855830196291208267e-03 1.276992075145244598e-02 2.245002053678035736e-02 1.347747538238763809e-02 1.064212177880108356e-03 4.665758460760116577e-03 9.934032335877418518e-03 3.339412156492471695e-03 2.198452502489089966e-02 4.456851631402969360e-03 1.490448135882616043e-02 1.981999911367893219e-02 1.229147054255008698e-02 6.208061706274747849e-03 7.245634682476520538e-03 3.279209509491920471e-02 2.952813729643821716e-02 2.509996993467211723e-03 1.569531671702861786e-02 1.625229232013225555e-02 6.947688013315200806e-02 6.263995170593261719e-02 1.424109376966953278e-02 5.050839390605688095e-03 7.009362336248159409e-03 2.650298411026597023e-03 5.811456590890884399e-02 5.956142023205757141e-02 2.013432793319225311e-02 9.264129213988780975e-03 1.890820078551769257e-02 2.162429317831993103e-02 2.977005764842033386e-02 2.644167095422744751e-02 2.180751645937561989e-03 1.507805846631526947e-02 2.408388070762157440e-02 2.994367387145757675e-03 3.368317149579524994e-03 7.121347007341682911e-04 2.472683554515242577e-03 6.542129907757043839e-03 4.259986802935600281e-02 3.696565330028533936e-02 2.049716562032699585e-02 1.006160769611597061e-02 1.941803283989429474e-02 7.961915805935859680e-03 2.518314868211746216e-03 3.393076360225677490e-03 9.883389808237552643e-03 2.123664319515228271e-02 1.719837891869246960e-03 9.378362447023391724e-03 2.076758258044719696e-02 2.437741868197917938e-02
1.445684395730495453e-02 6.609966512769460678e-03 2.532419003546237946e-02 2.186521142721176147e-02 2.311037853360176086e-02 1.470936276018619537e-02 1.128538791090250015e-02 2.686250768601894379e-02 8.379697799682617188e-01 3.590947389602661133e-02 5.848279222846031189e-03 2.043781802058219910e-02 3.675264539197087288e-03 1.547446474432945251e-03 3.094472177326679230e-02 5.750923883169889450e-03 1.450361451134085655e-03 1.929219067096710205e-02 1.432861946523189545e-02 9.939253330230712891e-03 1.551545597612857819e-02 1.291537284851074219e-02 2.901309914886951447e-02 2.062199637293815613e-02 1.268918439745903015e-02 6.942418403923511505e-03 1.246865745633840561e-02 1.304895733483135700e-03 5.400673020631074905e-03 1.746570132672786713e-02 9.974694810807704926e-03 6.713588722050189972e-03 2.364505454897880554e-02 2.951307222247123718e-03 1.287750806659460068e-02 1.863394747488200665e-03 1.550781074911355972e-02 3.387324139475822449e-02 2.426904998719692230e-02 3.701488673686981201e-02 2.368500083684921265e-02 3.299759328365325928e-02 1.725583150982856750e-02 1.290750317275524139e-02 2.654069475829601288e-02 3.915099427103996277e-03 1.727406121790409088e-02 1.120268274098634720e-02 3.413527831435203552e-02 1.315716188400983810e-02 2.534040831960737705e-04 5.426876246929168701e-03 2.220501890406012535e-03 1.958297565579414368e-02 3.638259693980216980e-02 1.190516538918018341e-02 4.591806326061487198e-03 8.254162035882472992e-03 5.525542423129081726e-03 9.437370114028453827e-03 5.907756276428699493e-03 2.252946607768535614e-02 1.366943586617708206e-02 1.924511231482028961e-02 3.854156529996544123e-04 1.162559376098215580e-03 1.134348846971988678e-02 1.574637740850448608e-02 2.358479984104633331e-02 1.143464818596839905e-02 1.243086066097021103e-02 2.254521846771240234e-02 1.311844214797019958e-02 3.397744381800293922e-03 2.594415098428726196e-02 3.170436993241310120e-02 6.712934374809265137e-02 4.159567877650260925e-02 4.006563127040863037e-02 1.687672361731529236e-02 2.711282111704349518e-02 3.683540225028991699e-02 1.211010944098234177e-02 1.439955737441778183e-02 1.919563114643096924e-02 1.616818271577358246e-02 1.996409147977828979e-02 2.862849831581115723e-02 1.763089559972286224e-02 1.326647587120532990e-02 2.309492416679859161e-02 1.684929430484771729e-02 1.752166077494621277e-02 8.389783091843128204e-03 8.811557665467262268e-03 1.548757962882518768e-02 8.130534552037715912e-03 3.782883659005165100e-02 1.826718449592590332e-02 1.265706494450569153e-02 9.479627624386921525e-05 3.665164986159652472e-04 2.551689930260181427e-02 4.486216697841882706e-03 2.341067232191562653e-02 3.369727171957492828e-03 1.573660410940647125e-02 1.866088248789310455e-02 5.706038326025009155e-03 4.084282263647764921e-04 1.416055019944906235e-02 1.924550160765647888e-02 1.062097679823637009e-02 1.180680561810731888e-02 1.832175813615322113e-02 1.048028934746980667e-02
1.089756283909082413e-02 1.064481679350137711e-02 6.615338847041130066e-03 1.987541094422340393e-02 1.109202299267053604e-02 1.037967111915349960e-02 1.364920026389881968e-04 1.380219124257564545e-02 3.590947389602661133e-02 8.379697799682617188e-01 7.526379078626632690e-03 1.461983099579811096e-02 7.027557585388422012e-04 9.630207903683185577e-03 5.370382685214281082e-03 5.137937259860336781e-04 1.427727378904819489e-02 2.167828194797039032e-02 3.026728052645921707e-03 7.866078987717628479e-03 8.725503459572792053e-03 1.843569427728652954e-02 2.174764312803745270e-02 3.937427327036857605e-02 1.720613427460193634e-02 8.597314357757568359e-03 1.609647646546363831e-02 3.817533329129219055e-02 4.947554785758256912e-03 2.413972467184066772e-02 7.263758452609181404e-04 1.143192872405052185e-02 2.022484689950942993e-02 2.120793797075748444e-02 2.055863663554191589e-02 6.237272638827562332e-03 1.297863852232694626e-02 3.188448725268244743e-03 1.932057365775108337e-02 9.921264834702014923e-03 1.903164898976683617e-03 1.044377032667398453e-02 2.156369946897029877e-02 3.162804991006851196e-03 8.819819428026676178e-03 1.686445064842700958e-02 4.311486613005399704e-03 1.804797560907900333e-03 2.356250584125518799e-02 4.961281269788742065e-02 2.209701389074325562e-02 1.507513783872127533e-02 1.897547394037246704e-02 1.866471022367477417e-02 1.355319377034902573e-02 4.725860804319381714e-02 3.428857307881116867e-03 7.181141059845685959e-03 2.784512937068939209e-03 7.743816357105970383e-03 2.091787382960319519e-02 2.046606037765741348e-03 1.167989335954189301e-02 2.035315334796905518e-02 2.264193026348948479e-03 4.660305276047438383e-04 1.558973826467990875e-02 1.856340840458869934e-02 1.649654470384120941e-02 2.837062440812587738e-02 3.598248586058616638e-02 1.379512436687946320e-02 2.817375212907791138e-02 2.492530643939971924e-02 2.946320176124572754e-02 1.541517581790685654e-02 5.642348900437355042e-03 7.348954677581787109e-02 2.524204179644584656e-02 6.050103902816772461e-02 2.835591789335012436e-03 2.015108009800314903e-03 2.243489027023315430e-02 4.508094396442174911e-03 2.223113551735877991e-02 3.588202223181724548e-02 2.778089838102459908e-03 7.516688783653080463e-04 2.057716809213161469e-02 4.403231292963027954e-02 8.418708108365535736e-03 1.814713142812252045e-02 1.144363172352313995e-02 7.125178351998329163e-03 1.039131265133619308e-02 1.629644259810447693e-02 3.549618273973464966e-02 1.816628384403884411e-03 1.479057036340236664e-02 1.826713979244232178e-02 3.645048476755619049e-03 9.957656264305114746e-03 8.184071702999062836e-06 1.849221438169479370e-02 2.044952847063541412e-02 1.710225082933902740e-02 7.108681369572877884e-03 5.959250032901763916e-03 6.339686457067728043e-03 3.427216433919966221e-04 1.480438187718391418e-02 1.663680560886859894e-02 1.195903867483139038e-02 9.049822576344013214e-03 1.077314000576734543e-02 2.516371314413845539e-04
7.110082358121871948e-02 7.067816704511642456e-02 1.878371648490428925e-02 8.590257726609706879e-03 6.470870692282915115e-03 6.497834622859954834e-02 6.076536327600479126e-02 2.269865944981575012e-02 5.848279222846031189e-03 7.526379078626632690e-03 8.379697799682617188e-01 2.403220161795616150e-02 6.978259980678558350e-02 2.563317865133285522e-02 2.197517314925789833e-03 2.422370202839374542e-02 2.050637826323509216e-02 3.720281878486275673e-03 1.428585406392812729e-02 1.370380050502717495e-04 1.598072983324527740e-02 2.181061729788780212e-02 1.239464897662401199e-02 1.091460511088371277e-02 7.259668316692113876e-03 1.987992227077484131e-02 2.794474363327026367e-02 4.963953513652086258e-03 3.825679048895835876e-02 1.091865170747041702e-02 2.368110604584217072e-02 3.830277360975742340e-03 8.745487779378890991e-03 5.942305084317922592e-03 1.979312486946582794e-02 1.259600557386875153e-02 9.464299306273460388e-03 2.517612185329198837e-03 9.868699125945568085e-03 3.752113319933414459e-03 2.838547714054584503e-02 2.558236941695213318e-02 1.940493471920490265e-02 4.647430963814258575e-03 1.380172092467546463e-02 1.717623136937618256e-02 6.155969202518463135e-02 5.458620935678482056e-02 2.200404740869998932e-02 1.524821575731039047e-02 1.344492286443710327e-02 1.518543716520071030e-02 2.272397093474864960e-02 2.140783704817295074e-02 3.112092986702919006e-02 1.461134664714336395e-02 1.987964473664760590e-02 1.072945259511470795e-02 1.194126624614000320e-02 1.549789030104875565e-02 1.483475603163242340e-02 2.586345653980970383e-04 5.688302684575319290e-03 1.297903992235660553e-02 5.312708392739295959e-02 4.809997603297233582e-02 1.169320894405245781e-03 1.021540071815252304e-02 2.299311943352222443e-02 5.350634921342134476e-03 2.072077058255672455e-02 1.288721989840269089e-02 1.866175048053264618e-02 4.576548468321561813e-03 9.393983520567417145e-03 9.533185511827468872e-03 1.268192287534475327e-02 1.081108301877975464e-02 1.689614169299602509e-02 5.669803358614444733e-03 1.860292069613933563e-02 1.868682727217674255e-02 3.726686351001262665e-03 1.118939463049173355e-02 9.585071355104446411e-03 8.314478211104869843e-03 1.442114263772964478e-02 1.267475454369559884e-04 2.316439710557460785e-02 5.340893985703587532e-04 3.724235668778419495e-02 3.043164871633052826e-02 3.336178511381149292e-02 2.106677927076816559e-02 3.254581708461046219e-03 7.429584860801696777e-03 1.976403780281543732e-02 6.937978905625641346e-04 8.857705979607999325e-04 1.500670448876917362e-03 1.391145773231983185e-02 1.215173769742250443e-02 3.740249667316675186e-03 3.062339033931493759e-03 8.594841696321964264e-03 1.842340640723705292e-02 1.011011935770511627e-02 1.451640389859676361e-02 2.209533564746379852e-02 2.221501432359218597e-02 2.009922452270984650e-02 9.285001084208488464e-03 6.859797518700361252e-03 1.671420596539974213e-02 3.583222161978483200e-03 1.410264801234006882e-02
3.658520802855491638e-02 3.312707692384719849e-02 1.754378899931907654e-02 6.843990180641412735e-03 1.231989008374512196e-03 4.041473567485809326e-02 3.223913162946701050e-02 2.574606053531169891e-02 2.043781802058219910e-02 1.461983099579811096e-02 2.403220161795616150e-02 8.379697799682617188e-01 1.375534385442733765e-02 8.320704102516174316e-02 8.897384628653526306e-03 2.474219165742397308e-02 2.053532749414443970e-02 7.430582307279109955e-03 1.709708012640476227e-02 1.539231510832905769e-03 6.170216482132673264e-03 2.716118469834327698e-02 3.396384790539741516e-02 2.156568877398967743e-02 4.851282574236392975e-03 1.176713220775127411e-02 2.958604367449879646e-03 6.154821440577507019e-02 4.084052983671426773e-03 4.980831220746040344e-02 1.353990938514471054e-02 4.475004971027374268e-03 3.541800251696258783e-04 1.145579200237989426e-02 2.680619619786739349e-02 1.238911412656307220e-02 1.470127259381115437e-03 7.019559852778911591e-03 2.046589180827140808e-02 1.477157976478338242e-02 1.336522959172725677e-02 7.638563867658376694e-03 2.239274792373180389e-03 1.015977095812559128e-02 3.887112438678741455e-02 1.262995041906833649e-02 3.565785661339759827e-02 2.186208590865135193e-02 5.860338918864727020e-03 8.859824389219284058e-03 1.648148335516452789e-02 1.077739614993333817e-02 4.502892959862947464e-03 2.253000065684318542e-02 1.777721010148525238e-02 2.719924785196781158e-03 2.187413908541202545e-02 3.497380763292312622e-02 2.713340101763606071e-03 7.574760820716619492e-03 6.554170511662960052e-03 1.770379021763801575e-02 4.649410548154264688e-04 2.876824513077735901e-02 5.031058564782142639e-03 6.565380375832319260e-03 8.847016841173171997e-03 7.718178443610668182e-03 1.962482742965221405e-02 4.002995043992996216e-02 1.720977388322353363e-02 3.685053205117583275e-03 2.205363288521766663e-02 3.050895780324935913e-02 6.206853315234184265e-03 1.145359594374895096e-02 2.706208266317844391e-02 4.876085557043552399e-03 2.478800714015960693e-02 3.780069528147578239e-03 1.919122040271759033e-02 1.519467402249574661e-02 2.342822216451168060e-02 1.536730490624904633e-02 7.415170315653085709e-03 1.351407030597329140e-03 4.170818428974598646e-04 1.324954326264560223e-03 4.388004168868064880e-02 2.732422016561031342e-02 3.083546459674835205e-02 1.153096649795770645e-02 2.219801954925060272e-02 7.770123193040490150e-04 3.147145267575979233e-03 2.282059565186500549e-02 2.005959302186965942e-02 1.539879944175481796e-02 1.319717336446046829e-02 7.199227809906005859e-03 5.477732978761196136e-03 4.346725996583700180e-03 4.861374851316213608e-03 3.634196938946843147e-03 7.878317497670650482e-03 1.838607899844646454e-02 6.940303137525916100e-04 8.566387929022312164e-03 1.100224617403000593e-04 1.842487789690494537e-02 5.386176984757184982e-03 1.300511229783296585e-02 5.171160213649272919e-03 9.072491899132728577e-03 4.916459787636995316e-03 5.405995529145002365e-03
6.252969801425933838e-02 6.731215119361877441e-02 1.301407534629106522e-02 7.764209061861038208e-03 8.359470404684543610e-03 5.717759951949119568e-02 5.643203482031822205e-02 1.100952178239822388e-02 3.675264539197087288e-03 7.027557585388422012e-04 6.978259980678558350e-02 1.375534385442733765e-02 8.379697799682617188e-01 2.117600850760936737e-02 9.650595486164093018e-03 2.204780839383602142e-02 1.878932863473892212e-02 8.814880624413490295e-03 1.153286080807447433e-02 3.254872513934969902e-03 1.691514998674392700e-02 2.873040176928043365e-02 9.461030364036560059e-03 9.961905889213085175e-03 1.088795717805624008e-02 1.891118660569190979e-02 2.950441651046276093e-02 3.655779641121625900e-03 4.886288940906524658e-02 5.874007474631071091e-03 3.669128194451332092e-02 9.718667715787887573e-03 6.946149282157421112e-03 1.177724264562129974e-02 1.752247847616672516e-02 1.408594101667404175e-02 1.158983260393142700e-02 7.523964624851942062e-03 3.285587299615144730e-03 2.311295364052057266e-03 2.638549543917179108e-02 2.222900278866291046e-02 2.003630250692367554e-02 6.667729001492261887e-03 1.165351737290620804e-02 2.093896269798278809e-02 5.742911994457244873e-02 5.859339237213134766e-02 2.060020156204700470e-02 1.847516745328903198e-02 1.138183940201997757e-02 1.350059174001216888e-02 1.706925593316555023e-02 1.836437359452247620e-02 2.452374063432216644e-02 1.365448720753192902e-02 1.336714066565036774e-02 4.780306015163660049e-03 1.467403490096330643e-02 1.467219088226556778e-02 1.125082094222307205e-02 1.428275136277079582e-03 1.805864158086478710e-03 3.858644748106598854e-03 5.987431854009628296e-02 6.209810450673103333e-02 6.671289447695016861e-03 1.157656032592058182e-02 1.629554852843284607e-02 1.631699997233226895e-04 1.712880283594131470e-02 1.414713542908430099e-02 1.265531219542026520e-02 2.405946142971515656e-03 5.143377464264631271e-03 4.207855090498924255e-03 5.949557758867740631e-03 5.650083767250180244e-04 1.755384169518947601e-02 1.281640771776437759e-02 7.195392157882452011e-03 1.201703585684299469e-02 6.796259898692369461e-03 9.722501970827579498e-03 5.506878718733787537e-03 7.797856815159320831e-03 2.213080227375030518e-02 8.535200729966163635e-03 1.699563860893249512e-02 1.738479943014681339e-03 3.678063303232192993e-02 3.194887191057205200e-02 3.910982236266136169e-02 2.662183903157711029e-02 3.680472960695624352e-03 4.412173293530941010e-03 9.012518450617790222e-03 4.778634756803512573e-03 3.042336553335189819e-03 7.768226787447929382e-03 1.395047362893819809e-02 1.607501134276390076e-02 6.512565072625875473e-03 2.683037891983985901e-03 6.321109365671873093e-03 1.069373171776533127e-02 5.640128161758184433e-03 7.563349790871143341e-03 2.226707711815834045e-02 2.296012081205844879e-02 1.889319159090518951e-02 8.853910490870475769e-03 8.408148773014545441e-03 1.782085373997688293e-02 6.847869604825973511e-03 6.654309574514627457e-03
