8.352214694023132324e-01 7.323933392763137817e-02 3.587569808587431908e-03 3.107864968478679657e-02 4.408179223537445068e-02 3.782085701823234558e-02 1.333976909518241882e-02 1.038668956607580185e-02 2.441182732582092285e-02 2.197093330323696136e-02 6.631638854742050171e-02 1.658911630511283875e-02 3.867513686418533325e-02 1.642236456973478198e-04 1.617867266759276390e-03 9.341656230390071869e-03 4.190212115645408630e-03 7.057994138449430466e-03 1.166009623557329178e-02 5.459051579236984253e-03 1.969377882778644562e-02 2.333071315661072731e-03 7.645104196853935719e-04 4.077289719134569168e-03 1.210131216794252396e-02 1.806595548987388611e-02 1.603263430297374725e-02 1.935304887592792511e-02 6.340570747852325439e-03 4.650685936212539673e-03 8.885963819921016693e-03 1.987652666866779327e-02 1.849907264113426208e-02 2.209226600825786591e-02 1.524769235402345657e-02 8.162663318216800690e-03 1.559216622263193130e-02 7.009992841631174088e-03 2.231550030410289764e-02 1.541889971122145653e-03 1.729911891743540764e-03 1.388155762106180191e-02 1.255367137491703033e-02 2.096335589885711670e-02 1.339960750192403793e-02 2.071702294051647186e-02 3.518286719918251038e-02 7.771003060042858124e-03 5.604007281363010406e-03 7.211269345134496689e-03 1.129584014415740967e-02 3.366870805621147156e-03 1.381504232995212078e-03 1.536772400140762329e-02 1.385744102299213409e-02 1.937993988394737244e-02 1.190050505101680756e-02 1.860239659436047077e-03 1.327548641711473465e-02 4.022081848233938217e-03 1.428497023880481720e-02 6.023912224918603897e-03 3.905689343810081482e-03 1.233729626983404160e-02 1.345524005591869354e-02 4.654152318835258484e-03 1.415668893605470657e-02 1.121320109814405441e-02 2.226639306172728539e-03 3.087512031197547913e-02 1.956370688276365399e-04 3.510768339037895203e-02 2.718511037528514862e-02 1.039401721209287643e-02 3.598587960004806519e-02 6.773081608116626740e-03 7.532973308116197586e-03 1.648950017988681793e-02 1.247473875992000103e-03 3.467582864686846733e-03 1.537976786494255066e-02 1.410073880106210709e-02 9.673419408500194550e-03 1.436963211745023727e-02 1.045492291450500488e-02 1.374009251594543457e-02 7.606824394315481186e-03 3.726804628968238831e-03 1.086864341050386429e-02 1.666084490716457367e-02 2.637870982289314270e-02 1.674912869930267334e-02 4.701477475464344025e-03 1.469735521823167801e-02 1.875362358987331390e-02 9.200505912303924561e-03 3.194034099578857422e-03 2.854151418432593346e-03 3.527763765305280685e-03 8.318537846207618713e-03 1.463543530553579330e-02 1.184837776236236095e-03 1.484293723478913307e-03 5.431136582046747208e-03 3.611265681684017181e-03 2.252979949116706848e-02 1.405425183475017548e-02 7.228971226140856743e-04 5.429932498373091221e-04 7.856001146137714386e-03 1.635376736521720886e-02 8.183461613953113556e-03 1.112005766481161118e-02 4.620635882019996643e-03 2.289281226694583893e-02 1.045545097440481186e-02
7.323933392763137817e-02 8.352214694023132324e-01 1.950687379576265812e-03 4.089406877756118774e-02 4.702821746468544006e-02 4.213714227080345154e-02 3.408344462513923645e-02 1.540104020386934280e-02 1.076518557965755463e-02 2.239723503589630127e-02 7.022050768136978149e-02 6.208136677742004395e-03 6.297393143177032471e-02 6.090816110372543335e-03 3.925423137843608856e-03 3.260068828240036964e-03 2.995001617819070816e-03 3.236506599932909012e-03 3.120112046599388123e-02 1.487572304904460907e-02 2.376827411353588104e-02 8.100042468868196011e-04 5.544154904782772064e-03 7.095463573932647705e-03 1.878236234188079834e-02 1.805380545556545258e-02 1.442587003111839294e-02 1.833253167569637299e-02 2.420194214209914207e-03 7.616714574396610260e-03 9.668917395174503326e-03 2.110620588064193726e-02 2.067632973194122314e-02 2.118984423577785492e-02 1.676793582737445831e-02 3.790924791246652603e-03 5.527273286134004593e-03 1.493567507714033127e-02 4.303205013275146484e-02 2.181334048509597778e-02 1.834602095186710358e-02 1.550494600087404251e-02 2.061334438621997833e-02 1.586850546300411224e-02 8.842788636684417725e-03 2.260811254382133484e-02 3.602417930960655212e-02 9.042039513587951660e-03 1.701061241328716278e-02 9.146215394139289856e-03 3.921308554708957672e-03 1.147813908755779266e-02 5.870591849088668823e-03 8.413540199398994446e-04 1.140914042480289936e-03 2.186777628958225250e-02 2.051606401801109314e-02 8.245205506682395935e-03 2.047337219119071960e-02 8.699455298483371735e-03 2.872361801564693451e-02 2.574845962226390839e-02 3.722429508343338966e-03 1.237343810498714447e-02 2.981510758399963379e-02 1.987554319202899933e-02 1.745890639722347260e-02 1.031387411057949066e-02 9.465772658586502075e-03 1.494390238076448441e-02 5.278484430164098740e-03 4.356306511908769608e-03 3.879426792263984680e-02 1.921252347528934479e-03 2.954482659697532654e-02 2.525663701817393303e-03 2.892967313528060913e-03 6.394333206117153168e-03 1.036017853766679764e-02 1.843222416937351227e-02 1.535907853394746780e-02 6.793344859033823013e-03 1.294940710067749023e-02 1.673175394535064697e-02 1.553042698651552200e-02 1.091545261442661285e-02 1.178637426346540451e-02 1.126355305314064026e-02 2.089264802634716034e-03 7.828116416931152344e-03 2.087890729308128357e-02 3.387528704479336739e-03 9.008296765387058258e-03 1.304275635629892349e-02 1.581000909209251404e-02 1.087427884340286255e-02 3.434396348893642426e-03 1.967281103134155273e-03 2.855590777471661568e-03 7.026954554021358490e-03 8.890208788216114044e-03 1.052829716354608536e-02 8.299725130200386047e-03 1.515701599419116974e-02 6.479103583842515945e-03 2.151915058493614197e-02 2.113891206681728363e-02 6.491773296147584915e-03 1.413867156952619553e-02 4.953364375978708267e-03 1.002156361937522888e-02 9.457456879317760468e-03 1.872673444449901581e-02 5.923615302890539169e-03 1.514269132167100906e-02 1.773259416222572327e-02
3.587569808587431908e-03 1.950687379576265812e-03 8.352214694023132324e-01 2.340428298339247704e-03 5.954654887318611145e-03 1.008658669888973236e-03 2.405434660613536835e-02 2.812707237899303436e-02 2.021967992186546326e-02 2.331195212900638580e-02 1.008485723286867142e-02 2.487820340320467949e-03 9.234313853085041046e-03 1.739601604640483856e-02 9.312249720096588135e-03 2.459681360051035881e-03 1.162459026090800762e-03 1.280212961137294769e-02 1.241052057594060898e-02 2.048985799774527550e-03 4.025224479846656322e-04 8.314477279782295227e-03 1.069564931094646454e-02 1.311759836971759796e-02 1.432012952864170074e-02 1.040893513709306717e-02 1.678606495261192322e-02 2.666481956839561462e-02 1.470964029431343079e-02 6.463229190558195114e-03 2.735242014750838280e-03 5.840461701154708862e-03 1.717684976756572723e-02 4.546863026916980743e-03 1.149970106780529022e-02 4.683041945099830627e-03 1.750881224870681763e-02 7.950204424560070038e-03 3.039848757907748222e-03 1.020081620663404465e-02 9.803845314309000969e-04 3.406195435672998428e-03 1.037853420712053776e-03 1.755900494754314423e-02 1.540879160165786743e-02 3.855613525956869125e-03 9.188501862809062004e-04 3.766072541475296021e-02 1.156448852270841599e-02 6.106015760451555252e-03 7.998445071280002594e-03 1.479815877974033356e-02 2.185720019042491913e-02 1.299485377967357635e-02 4.527672193944454193e-03 1.475854311138391495e-02 1.830534823238849640e-02 1.368046458810567856e-02 2.423347532749176025e-02 1.461985241621732712e-02 1.664783246815204620e-02 3.176762023940682411e-03 9.688020683825016022e-03 4.951407667249441147e-03 1.157820504158735275e-02 6.203063298016786575e-03 5.789570859633386135e-04 4.821269307285547256e-03 1.012050826102495193e-02 1.866345293819904327e-02 6.931195501238107681e-03 1.783325895667076111e-02 2.350709214806556702e-02 2.360971830785274506e-02 1.998429000377655029e-02 2.467568591237068176e-02 9.534470736980438232e-03 1.164691802114248276e-02 1.312092691659927368e-02 1.167290261946618557e-03 3.680925816297531128e-02 3.820709511637687683e-02 2.977389283478260040e-02 1.866718754172325134e-02 2.348565729334950447e-03 1.188589539378881454e-02 5.892779678106307983e-03 7.132846396416425705e-03 1.410296466201543808e-02 1.830842345952987671e-02 4.448757506906986237e-03 1.073014177381992340e-02 4.051364958286285400e-02 1.925215683877468109e-02 1.263436675071716309e-02 8.149582892656326294e-03 2.451368235051631927e-02 4.302499070763587952e-02 1.445576082915067673e-02 1.477351970970630646e-02 1.097118854522705078e-02 5.617911483568605036e-06 2.145593799650669098e-02 2.970188669860363007e-02 1.246068510226905346e-03 2.014041692018508911e-02 2.735743997618556023e-03 7.195601239800453186e-03 1.706659793853759766e-02 2.640090882778167725e-03 1.521295681595802307e-02 1.347061828710138798e-03 1.142448280006647110e-03 3.560232929885387421e-03 7.307987660169601440e-03 1.030326541513204575e-02
3.107864968478679657e-02 4.089406877756118774e-02 2.340428298339247704e-03 8.352214694023132324e-01 7.923328131437301636e-02 4.736733390018343925e-04 4.224014468491077423e-03 1.958754286170005798e-02 4.091834649443626404e-03 1.639444008469581604e-02 3.413277119398117065e-02 6.164442282170057297e-03 2.826406434178352356e-02 4.830212332308292389e-03 6.113471463322639465e-03 3.107639495283365250e-04 1.350564695894718170e-02 2.929618768393993378e-02 3.183967247605323792e-02 1.141683477908372879e-02 1.910798810422420502e-02 8.911651559174060822e-03 5.604627076536417007e-03 7.140993140637874603e-03 1.932476274669170380e-02 2.024720609188079834e-02 1.164701767265796661e-02 8.781038224697113037e-03 1.372928847558796406e-03 8.965436369180679321e-03 1.893341075628995895e-03 5.013032932765781879e-04 2.478490397334098816e-02 7.644194178283214569e-03 2.416052669286727905e-02 7.868517190217971802e-03 7.371635641902685165e-03 3.452511969953775406e-03 4.148012399673461914e-02 2.914383821189403534e-02 3.489427326712757349e-04 1.499552652239799500e-02 1.519677042961120605e-02 2.191275171935558319e-02 1.738060265779495239e-03 1.867109240265563130e-04 5.696469452232122421e-04 7.004598155617713928e-04 1.647111214697360992e-02 4.773518885485827923e-04 6.979777477681636810e-03 1.894726976752281189e-02 1.108579151332378387e-02 1.555396337062120438e-02 1.181916519999504089e-02 1.461330521851778030e-02 3.009158186614513397e-02 2.404415979981422424e-02 2.463327534496784210e-02 1.542031951248645782e-02 3.801313787698745728e-02 4.197369143366813660e-02 2.952894568443298340e-02 2.339740283787250519e-02 2.435328438878059387e-02 2.389306202530860901e-02 1.070466451346874237e-02 6.357285194098949432e-03 2.323865145444869995e-02 7.037523668259382248e-03 1.953071169555187225e-02 3.823603503406047821e-03 5.356898158788681030e-02 4.542158916592597961e-03 4.687086492776870728e-02 1.676388643682003021e-02 1.503453869372606277e-02 1.599402865394949913e-03 2.040434628725051880e-02 8.890002965927124023e-03 1.289340481162071228e-02 6.080965045839548111e-03 3.501769527792930603e-02 3.530929237604141235e-02 9.814734570682048798e-03 6.970013026148080826e-03 1.296145375818014145e-02 8.589302189648151398e-03 1.285435073077678680e-02 3.709510667249560356e-03 9.365046396851539612e-03 6.855466868728399277e-03 1.102199871093034744e-02 1.036104280501604080e-02 4.346935544162988663e-03 1.505332160741090775e-02 1.021805778145790100e-02 1.527498476207256317e-02 5.781101062893867493e-03 1.226646546274423599e-02 1.217659097164869308e-02 1.075683347880840302e-02 1.256332267075777054e-02 1.936783455312252045e-02 1.276605203747749329e-02 1.107387803494930267e-02 1.361132599413394928e-03 2.528939768671989441e-02 1.337172114290297031e-03 1.962271146476268768e-02 4.206446930766105652e-03 2.430125605314970016e-03 1.944873481988906860e-02 2.127842232584953308e-02 1.788661070168018341e-02 1.226993370801210403e-02
4.408179223537445068e-02 4.702821746468544006e-02 5.954654887318611145e-03 7.923328131437301636e-02 8.352214694023132324e-01 2.116026356816291809e-02 7.246141321957111359e-03 6.166489329189062119e-03 1.305651292204856873e-02 2.315168455243110657e-02 3.775684908032417297e-02 9.433607570827007294e-03 2.303984574973583221e-02 7.707191631197929382e-03 9.850033558905124664e-03 2.018755301833152771e-03 1.399324275553226471e-02 1.319289859384298325e-02 5.988436564803123474e-02 4.417171701788902283e-03 1.199845969676971436e-02 1.688222051598131657e-03 6.375029333867132664e-04 9.397990070283412933e-04 1.130376011133193970e-02 1.791469939053058624e-02 1.051541650667786598e-03 6.770447362214326859e-03 3.265099134296178818e-03 1.877379789948463440e-02 1.030934974551200867e-02 3.381081856787204742e-03 2.174096927046775818e-02 1.364993024617433548e-02 2.680103667080402374e-02 2.840111264958977699e-03 1.484412327408790588e-02 9.156996384263038635e-03 3.705951943993568420e-02 2.992183715105056763e-02 6.482761818915605545e-03 6.960873026400804520e-03 1.345925591886043549e-02 1.793074049055576324e-02 1.273185852915048599e-02 1.610122248530387878e-02 9.151896461844444275e-03 5.482809618115425110e-03 1.122661866247653961e-03 1.794519647955894470e-02 4.155757836997509003e-03 4.679788369685411453e-03 1.142972707748413086e-02 4.958600271493196487e-03 8.369584567844867706e-03 4.409394040703773499e-02 2.277980558574199677e-02 2.568505518138408661e-02 1.264174748212099075e-02 7.426662370562553406e-03 3.074655681848526001e-02 3.663419187068939209e-02 1.733855344355106354e-02 3.134503588080406189e-02 1.362776663154363632e-02 2.428317675366997719e-03 8.457498624920845032e-03 1.411528093740344048e-03 1.180981751531362534e-02 1.554474234580993652e-02 1.816161721944808960e-02 1.824403926730155945e-02 6.065214425325393677e-02 3.973302431404590607e-03 6.334631145000457764e-02 7.519306614995002747e-03 4.355753306299448013e-03 3.958311397582292557e-03 5.524094216525554657e-03 5.707931239157915115e-03 7.265679072588682175e-03 7.468569092452526093e-03 2.914371713995933533e-02 5.251797288656234741e-02 5.262665916234254837e-03 1.614225469529628754e-02 3.381104615982621908e-04 3.079766465816646814e-04 1.259933039546012878e-02 5.905721802264451981e-03 4.332278389483690262e-03 2.498893765732645988e-03 2.143192477524280548e-02 5.681435577571392059e-03 8.519866969436407089e-04 7.657380774617195129e-03 1.125874114222824574e-04 8.699392899870872498e-03 2.045504515990614891e-03 2.230716636404395103e-03 3.589699976146221161e-03 3.456530394032597542e-04 5.248431582003831863e-03 1.546765025705099106e-02 4.593707155436277390e-03 2.253568917512893677e-02 1.021111290901899338e-02 1.363266352564096451e-02 9.096396388486027718e-04 1.120531279593706131e-02 3.977507352828979492e-03 4.062610212713479996e-03 1.097051519900560379e-02 6.031346973031759262e-03 2.047893032431602478e-02 1.300001144409179688e-02
3.782085701823234558e-02 4.213714227080345154e-02 1.008658669888973236e-03 4.736733390018343925e-04 2.116026356816291809e-02 8.352214694023132324e-01 9.164199233055114746e-02 4.833379760384559631e-03 5.228500813245773315e-03 6.049406365491449833e-04 2.789733745157718658e-02 1.992097683250904083e-02 1.187457423657178879e-02 3.893024474382400513e-02 8.711216971278190613e-03 1.496439799666404724e-02 5.529194604605436325e-04 1.683249720372259617e-03 4.013093188405036926e-02 1.723214052617549896e-02 8.904562331736087799e-03 8.608274161815643311e-03 2.118228236213326454e-03 7.961961440742015839e-03 2.925802255049347878e-03 1.383196655660867691e-02 9.612521156668663025e-03 5.477696657180786133e-03 2.761006914079189301e-02 1.762107759714126587e-02 4.207033663988113403e-02 7.842111401259899139e-03 8.465189486742019653e-03 5.470028612762689590e-03 8.409161120653152466e-03 1.157709676772356033e-02 1.219694875180721283e-02 1.380340754985809326e-02 5.876387469470500946e-03 1.297633396461606026e-03 2.401159331202507019e-02 1.317620091140270233e-02 3.717438958119601011e-04 2.262824214994907379e-02 7.608837913721799850e-03 2.466069161891937256e-02 4.176810383796691895e-02 2.433528006076812744e-02 6.228848360478878021e-03 1.072653289884328842e-02 1.153168501332402229e-03 7.779869250953197479e-03 2.034186758100986481e-02 4.096271935850381851e-03 3.750896453857421875e-02 1.332229375839233398e-02 2.482217270880937576e-03 2.316955244168639183e-03 4.369946662336587906e-03 1.176719833165407181e-02 1.420810446143150330e-02 3.249672940000891685e-03 4.713894799351692200e-03 1.263576187193393707e-02 1.608641445636749268e-02 1.062268577516078949e-02 2.272353507578372955e-02 2.300927229225635529e-02 1.049279421567916870e-02 3.653079969808459282e-03 5.638462956994771957e-03 1.132398028858006001e-03 1.190271601080894470e-02 1.514063030481338501e-02 1.157242525368928909e-02 1.022142474539577961e-03 3.358969232067465782e-03 1.381896343082189560e-02 4.128981381654739380e-02 3.312485350761562586e-04 2.243510261178016663e-02 2.369469404220581055e-02 8.191076107323169708e-03 3.115806356072425842e-02 2.289203554391860962e-02 7.931332103908061981e-03 7.904806174337863922e-03 1.076122932136058807e-02 2.753840060904622078e-03 9.624431841075420380e-03 2.015792531892657280e-03 4.202937241643667221e-03 1.617588289082050323e-02 9.552143514156341553e-03 2.066094428300857544e-02 2.232123370049521327e-04 1.674393936991691589e-02 3.593272529542446136e-03 4.017951432615518570e-03 2.318736165761947632e-03 4.243178665637969971e-02 5.281682591885328293e-03 1.284539047628641129e-02 1.021951716393232346e-02 2.294376492500305176e-02 3.681027563288807869e-03 3.678407892584800720e-02 2.913543954491615295e-02 4.992744885385036469e-03 1.362040825188159943e-02 9.963884018361568451e-03 1.302656810730695724e-02 5.922453943639993668e-03 2.511072345077991486e-02 8.728148415684700012e-03 1.138605456799268723e-02
1.333976909518241882e-02 3.408344462513923645e-02 2.405434660613536835e-02 4.224014468491077423e-03 7.246141321957111359e-03 9.164199233055114746e-02 8.352214694023132324e-01 5.110232159495353699e-04 2.612558891996741295e-03 1.929846243001520634e-03 1.763459295034408569e-02 1.118734944611787796e-02 1.382229663431644440e-02 3.562657907605171204e-02 1.368093676865100861e-02 2.406941354274749756e-02 1.227646134793758392e-02 6.433778442442417145e-03 2.990943379700183868e-02 1.616494171321392059e-02 1.280605886131525040e-02 1.451251190155744553e-02 1.210184022784233093e-02 2.810152713209390640e-03 4.571780096739530563e-03 2.612143754959106445e-03 8.548169396817684174e-03 9.438541717827320099e-03 1.276988908648490906e-02 5.802220664918422699e-03 1.453023403882980347e-02 1.981441490352153778e-02 1.305990107357501984e-02 1.777890883386135101e-02 2.096166647970676422e-02 1.625606440939009190e-03 1.393266720697283745e-03 1.741412840783596039e-02 1.235471758991479874e-02 2.782263793051242828e-03 3.177241235971450806e-02 1.750851422548294067e-02 7.707275799475610256e-04 3.335925191640853882e-02 4.372815135866403580e-03 4.127902444452047348e-03 5.357204377651214600e-02 5.754692852497100830e-02 1.359617430716753006e-02 7.759406697005033493e-03 1.019189227372407913e-02 1.073625590652227402e-02 2.796950750052928925e-02 2.344592660665512085e-02 3.239334747195243835e-02 1.181997591629624367e-03 5.088948179036378860e-03 7.944802637211978436e-04 6.793865468353033066e-03 1.144125778228044510e-02 1.665517874062061310e-02 3.426038310863077641e-04 1.186838373541831970e-03 2.181296423077583313e-02 1.137249078601598740e-02 2.578369108960032463e-03 2.692942321300506592e-02 2.645358443260192871e-02 1.213271357119083405e-02 9.104603901505470276e-03 7.167544681578874588e-03 7.430464960634708405e-03 1.095357351005077362e-02 1.633113808929920197e-02 1.487512636231258512e-04 2.616425743326544762e-03 5.056797526776790619e-03 1.485141925513744354e-02 3.827049583196640015e-02 1.171917747706174850e-02 2.321374975144863129e-02 2.569501474499702454e-02 9.112423285841941833e-04 1.741163060069084167e-02 2.727664820849895477e-02 7.681016810238361359e-03 1.089208852499723434e-02 1.226857956498861313e-02 1.229584030807018280e-02 9.785925038158893585e-03 2.337630465626716614e-02 7.016375195235013962e-03 1.486145704984664917e-02 4.010051998193375766e-05 2.256359346210956573e-02 2.125058555975556374e-03 1.239338144659996033e-02 1.386265456676483154e-02 4.826987162232398987e-03 5.238062236458063126e-03 2.885704301297664642e-02 1.318713277578353882e-02 6.478134077042341232e-03 3.575449343770742416e-03 1.618582382798194885e-02 8.174505084753036499e-03 2.175717800855636597e-02 2.603597007691860199e-02 8.828051388263702393e-03 8.744738064706325531e-03 2.795526757836341858e-03 9.661147370934486389e-03 7.610247470438480377e-03 2.184424549341201782e-02 3.537006210535764694e-03 1.070852857083082199e-02
1.038668956607580185e-02 1.540104020386934280e-02 2.812707237899303436e-02 1.958754286170005798e-02 6.166489329189062119e-03 4.833379760384559631e-03 5.110232159495353699e-04 8.352214694023132324e-01 1.701859198510646820e-02 9.195095859467983246e-03 1.344657596200704575e-02 1.716840080916881561e-02 1.247560791671276093e-02 2.199912816286087036e-02 2.571254968643188477e-02 7.231247145682573318e-03 1.387264579534530640e-02 2.916780486702919006e-02 6.656628567725419998e-03 2.913013286888599396e-02 2.576487138867378235e-02 7.976405322551727295e-03 2.770448476076126099e-02 2.237443812191486359e-02 2.165168710052967072e-02 2.308545634150505066e-02 1.459440495818853378e-02 1.735522411763668060e-02 2.761868061497807503e-03 1.295121945440769196e-02 2.228374592959880829e-03 2.171459607779979706e-02 2.296079508960247040e-02 2.076531201601028442e-02 2.149684540927410126e-02 1.441604085266590118e-02 5.370734652387909591e-05 3.628743346780538559e-03 2.580660581588745117e-02 2.526417002081871033e-02 2.957541029900312424e-03 2.542548999190330505e-02 1.647066138684749603e-02 2.251341752707958221e-02 1.676692441105842590e-02 1.231597829610109329e-02 3.693496808409690857e-03 1.079974113963544369e-03 1.089329365640878677e-02 1.239574979990720749e-03 2.328433841466903687e-02 2.518833801150321960e-02 3.143749758601188660e-02 2.486829832196235657e-02 1.130386721342802048e-02 1.897571142762899399e-03 1.637821085751056671e-02 2.041651494801044464e-02 4.192190989851951599e-02 3.496927395462989807e-02 1.228530053049325943e-02 2.694840356707572937e-02 2.513946965336799622e-02 2.120199613273143768e-02 2.216764912009239197e-02 2.102115936577320099e-02 3.101302497088909149e-02 2.522375993430614471e-02 2.165460959076881409e-02 5.034568719565868378e-03 2.377147413790225983e-02 1.753514399752020836e-03 6.769105326384305954e-03 2.617955906316637993e-03 7.027047686278820038e-03 9.581522084772586823e-03 2.278767153620719910e-02 1.155039668083190918e-02 2.260847762227058411e-02 1.682329550385475159e-02 4.043122753500938416e-02 3.847609087824821472e-02 2.537410147488117218e-02 1.098762149922549725e-04 2.328038774430751801e-02 1.632388867437839508e-02 3.099923767149448395e-02 2.715727128088474274e-02 1.250781770795583725e-02 1.227273605763912201e-02 4.920232575386762619e-03 3.223593346774578094e-03 9.186234325170516968e-03 1.735535450279712677e-02 2.950337156653404236e-02 2.729137614369392395e-02 2.543735550716519356e-03 4.494875669479370117e-03 2.547059394419193268e-02 3.601379320025444031e-02 3.293916815891861916e-03 2.300873398780822754e-02 4.116322845220565796e-03 9.781609289348125458e-03 2.395980432629585266e-02 2.615096047520637512e-02 7.756955921649932861e-03 3.007959946990013123e-02 1.114738453179597855e-02 2.657457068562507629e-02 3.436418948695063591e-03 3.035460831597447395e-03 2.236404642462730408e-02 1.895328983664512634e-02 6.821170914918184280e-03 4.748901352286338806e-03
2.441182732582092285e-02 1.076518557965755463e-02 2.021967992186546326e-02 4.091834649443626404e-03 1.305651292204856873e-02 5.228500813245773315e-03 2.612558891996741295e-03 1.701859198510646820e-02 8.352214694023132324e-01 4.708762466907501221e-02 1.728769019246101379e-02 2.734688483178615570e-02 5.867110565304756165e-03 2.378931641578674316e-02 2.460280433297157288e-02 2.472096867859363556e-02 2.223996631801128387e-02 1.670177467167377472e-02 6.507609505206346512e-03 2.076358068734407425e-03 1.205095206387341022e-03 3.191767632961273193e-02 2.061126939952373505e-02 3.045442886650562286e-02 1.850847183959558606e-04 1.834082766436040401e-03 2.766953408718109131e-02 2.085461653769016266e-02 1.776756532490253448e-02 1.493953075259923935e-02 1.355909835547208786e-02 6.460607983171939850e-03 3.570592030882835388e-03 5.653063766658306122e-03 2.534681232646107674e-03 2.719335071742534637e-02 1.641779392957687378e-02 3.441209718585014343e-02 4.235675442032516003e-04 6.180776283144950867e-03 3.283083811402320862e-02 1.869170181453227997e-02 2.585764508694410324e-03 4.851404111832380295e-03 2.103065140545368195e-02 2.132790908217430115e-02 1.523392461240291595e-02 1.340105384588241577e-02 2.623024582862854004e-02 9.769526077434420586e-04 5.347056780010461807e-03 9.542983025312423706e-03 1.547674182802438736e-02 2.083636075258255005e-02 3.006918355822563171e-02 1.848295703530311584e-02 3.603466553613543510e-03 1.108742877840995789e-02 2.208464220166206360e-02 2.608474902808666229e-02 6.209990940988063812e-03 2.417885884642601013e-02 2.085492946207523346e-02 1.077744993381202221e-03 9.221622720360755920e-03 2.454549819231033325e-02 5.597923416644334793e-03 1.048734877258539200e-02 3.120501898229122162e-02 4.011186584830284119e-02 2.641393058001995087e-02 3.987709805369377136e-02 2.663988852873444557e-03 3.485865890979766846e-02 5.453191697597503662e-03 2.081362716853618622e-02 3.935797512531280518e-02 3.773577138781547546e-02 2.558634057641029358e-02 3.991495072841644287e-02 1.428250409662723541e-02 2.406750991940498352e-02 2.513825334608554840e-02 1.789414510130882263e-02 8.613351732492446899e-03 1.219535246491432190e-02 2.544526010751724243e-02 1.996695809066295624e-02 2.324377559125423431e-02 2.781976386904716492e-02 1.663529314100742340e-02 3.517313674092292786e-02 1.588392816483974457e-02 3.682629764080047607e-02 1.900288276374340057e-02 1.844367384910583496e-02 3.682639077305793762e-02 3.024933161213994026e-03 3.363115713000297546e-02 1.491869892925024033e-02 2.549429889768362045e-03 1.476979348808526993e-02 2.124737203121185303e-02 1.192460115998983383e-02 5.753737874329090118e-03 1.748942071571946144e-03 1.211192575283348560e-03 2.651735208928585052e-02 6.316451821476221085e-03 2.071540802717208862e-02 2.227875217795372009e-02 3.086756542325019836e-02 4.696799442172050476e-03 5.592493806034326553e-03 2.967992983758449554e-02 3.137320652604103088e-02
2.197093330323696136e-02 2.239723503589630127e-02 2.331195212900638580e-02 1.639444008469581604e-02 2.315168455243110657e-02 6.049406365491449833e-04 1.929846243001520634e-03 9.195095859467983246e-03 4.708762466907501221e-02 8.352214694023132324e-01 2.910848334431648254e-02 2.504904754459857941e-02 2.112520858645439148e-02 2.293420955538749695e-02 2.019390091300010681e-02 3.480240330100059509e-02 2.934770099818706512e-02 3.563875332474708557e-03 1.014175359159708023e-03 4.297383129596710205e-03 8.767321705818176270e-03 2.473020739853382111e-02 2.035553939640522003e-02 2.777495980262756348e-02 7.636527996510267258e-03 5.717647727578878403e-03 3.670049458742141724e-02 1.169496402144432068e-02 1.355493068695068359e-02 9.168082848191261292e-03 1.882602833211421967e-02 1.162618864327669144e-02 8.265601936727762222e-04 7.919430732727050781e-03 1.244146144017577171e-03 1.573460176587104797e-02 1.372755318880081177e-02 2.680351957678794861e-02 1.374980341643095016e-02 8.853826439008116722e-04 2.387128397822380066e-02 7.483798079192638397e-03 3.169581992551684380e-03 2.336953021585941315e-02 1.913960836827754974e-02 2.774192206561565399e-02 1.045457553118467331e-02 3.120478708297014236e-03 1.400221139192581177e-02 1.414097193628549576e-02 7.556940428912639618e-03 1.600624527782201767e-04 1.005525235086679459e-03 1.175048202276229858e-02 7.492194417864084244e-03 1.780712045729160309e-02 1.656753942370414734e-02 5.414966028183698654e-03 5.614079535007476807e-03 1.894846558570861816e-02 9.322759695351123810e-03 9.200531989336013794e-03 1.104162167757749557e-02 3.415659302845597267e-03 6.395071279257535934e-03 3.952287603169679642e-03 5.993035156279802322e-03 8.709905669093132019e-03 2.722633071243762970e-02 4.341469332575798035e-02 2.323967777192592621e-02 3.453472629189491272e-02 1.464415458030998707e-03 3.973086178302764893e-02 4.552079190034419298e-04 1.348485145717859268e-02 2.573308162391185760e-02 5.147253349423408508e-02 8.180200122296810150e-03 5.051596835255622864e-02 1.030503306537866592e-02 1.843410544097423553e-02 1.842358708381652832e-02 3.050235100090503693e-02 2.546084858477115631e-02 1.001422759145498276e-02 1.664715074002742767e-02 1.399321574717760086e-02 1.213385071605443954e-02 2.820602245628833771e-02 1.966306567192077637e-02 2.797216363251209259e-02 1.050325762480497360e-02 2.150757983326911926e-02 2.163929492235183716e-02 1.043467223644256592e-02 3.540110588073730469e-02 7.716447114944458008e-03 3.746931999921798706e-02 2.042726799845695496e-02 1.941654831171035767e-02 1.615089550614356995e-02 1.922024413943290710e-02 4.733529407531023026e-03 3.488078946247696877e-03 5.647392012178897858e-03 6.556685082614421844e-03 4.020786844193935394e-03 1.490108296275138855e-02 1.931152679026126862e-02 2.375007607042789459e-02 2.439164184033870697e-02 8.842585608363151550e-03 8.973973453976213932e-04 3.623629361391067505e-02 2.301093004643917084e-02
6.631638854742050171e-02 7.022050768136978149e-02 1.008485723286867142e-02 3.413277119398117065e-02 3.775684908032417297e-02 2.789733745157718658e-02 1.763459295034408569e-02 1.344657596200704575e-02 1.728769019246101379e-02 2.910848334431648254e-02 8.352214694023132324e-01 1.573049649596214294e-02 6.644089519977569580e-02 1.436796132475137711e-02 2.476108958944678307e-03 1.665562205016613007e-02 1.636706478893756866e-02 7.578263059258460999e-03 1.958425529301166534e-02 1.232723332941532135e-02 2.355022914707660675e-02 6.911817938089370728e-03 4.141198471188545227e-03 5.107352975755929947e-03 2.165871858596801758e-02 1.712686754763126373e-02 6.293556187301874161e-03 2.512095868587493896e-02 1.603754237294197083e-02 2.590514719486236572e-02 2.264526207000017166e-03 1.378410402685403824e-02 1.437213085591793060e-02 1.633662357926368713e-02 1.385899446904659271e-02 1.363653223961591721e-02 4.546619486063718796e-03 9.216977283358573914e-03 3.105440549552440643e-02 1.492561027407646179e-02 1.280226185917854309e-02 2.615245804190635681e-02 2.426717616617679596e-02 2.734802849590778351e-02 7.297307718545198441e-03 9.825101122260093689e-03 4.806626588106155396e-02 1.325633656233549118e-02 1.322815846651792526e-02 5.298071075230836868e-03 1.206844579428434372e-02 1.446078997105360031e-02 1.037130691111087799e-02 1.120970351621508598e-03 6.328695919364690781e-03 2.445408515632152557e-02 1.402975805103778839e-02 6.041389424353837967e-03 1.355632673949003220e-02 3.009957727044820786e-03 2.651992253959178925e-02 1.509197521954774857e-02 3.695178078487515450e-03 2.411674009636044502e-03 3.392028436064720154e-02 2.687573246657848358e-02 2.356117404997348785e-02 2.043741568922996521e-02 7.156113162636756897e-03 1.360957883298397064e-02 4.987849388271570206e-04 7.616159971803426743e-03 2.027946151793003082e-02 4.569665994495153427e-03 1.381127350032329559e-02 4.888743278570473194e-04 2.459219424054026604e-03 1.992533355951309204e-02 1.135889440774917603e-03 2.195499278604984283e-02 1.036240905523300171e-02 1.971220131963491440e-03 9.109729900956153870e-03 1.112478785216808319e-02 2.961571700870990753e-02 1.789911836385726929e-02 1.120814215391874313e-02 1.408092770725488663e-02 1.400128193199634552e-02 1.882104016840457916e-02 3.297417983412742615e-02 7.021143566817045212e-03 8.008980192244052887e-03 1.487698499113321304e-02 9.024721570312976837e-03 7.685387390665709972e-04 5.124587914906442165e-04 2.233488019555807114e-03 4.149666056036949158e-03 1.488034892827272415e-02 8.469237945973873138e-03 5.959128029644489288e-03 7.398578338325023651e-03 9.300040081143379211e-03 2.180306240916252136e-02 2.362297661602497101e-02 1.425099559128284454e-02 9.500861167907714844e-03 1.710805110633373260e-02 2.008798299357295036e-03 1.462259050458669662e-02 1.479107420891523361e-02 2.596786245703697205e-02 9.602592326700687408e-03 1.536285970360040665e-02 4.904163070023059845e-03
1.658911630511283875e-02 6.208136677742004395e-03 2.487820340320467949e-03 6.164442282170057297e-03 9.433607570827007294e-03 1.992097683250904083e-02 1.118734944611787796e-02 1.716840080916881561e-02 2.734688483178615570e-02 2.504904754459857941e-02 1.573049649596214294e-02 8.352214694023132324e-01 5.047050770372152328e-03 6.253144890069961548e-02 2.139303460717201233e-02 2.371326461434364319e-02 2.511217445135116577e-02 1.959422836080193520e-03 1.313699781894683838e-02 1.980691589415073395e-02 1.421409752219915390e-02 1.772711984813213348e-02 3.938478231430053711e-02 4.066041111946105957e-02 2.561730705201625824e-02 3.081600554287433624e-02 5.415651481598615646e-03 3.057925216853618622e-02 2.806198969483375549e-02 2.246163599193096161e-02 2.599239163100719452e-02 1.309024170041084290e-02 7.271561305969953537e-03 1.556946802884340286e-02 1.964461430907249451e-02 3.431674838066101074e-02 3.168663755059242249e-02 2.231484279036521912e-02 9.882859885692596436e-03 1.415716670453548431e-02 1.156313158571720123e-02 2.153534442186355591e-02 1.946171373128890991e-02 1.618415303528308868e-02 2.566925436258316040e-02 1.590775884687900543e-02 1.949074305593967438e-02 1.835798285901546478e-02 2.198578789830207825e-02 2.229762449860572815e-02 3.694722428917884827e-02 3.154150024056434631e-02 2.196531929075717926e-02 1.307453028857707977e-02 7.308601401746273041e-03 1.037255628034472466e-03 2.038483507931232452e-02 2.441013604402542114e-02 2.045728452503681183e-02 2.107645943760871887e-02 2.091455040499567986e-03 9.881467558443546295e-03 9.811601601541042328e-03 9.969194419682025909e-03 1.322633004747331142e-03 2.832977799698710442e-03 1.015922706574201584e-02 4.366121720522642136e-03 2.053207904100418091e-02 2.124851197004318237e-02 2.035121433436870575e-02 1.355653814971446991e-02 6.765554426237940788e-04 1.122057624161243439e-02 3.709631040692329407e-03 4.706282634288072586e-03 2.979850210249423981e-02 2.972428686916828156e-02 7.462294306606054306e-03 2.260608226060867310e-02 6.199500989168882370e-03 1.764030009508132935e-02 1.225693617016077042e-02 1.200851891189813614e-02 1.298533286899328232e-02 2.498548291623592377e-02 1.837781630456447601e-02 1.773310266435146332e-02 2.002004534006118774e-02 1.585380360484123230e-02 2.616268396377563477e-02 1.574497669935226440e-02 1.445010863244533539e-02 1.350873429328203201e-02 2.414757572114467621e-02 1.386546902358531952e-02 1.822038739919662476e-02 5.226440727710723877e-03 2.431169338524341583e-02 2.520118840038776398e-02 3.050117008388042450e-02 2.235389687120914459e-02 2.212626859545707703e-02 2.214660309255123138e-02 1.057712920010089874e-02 4.333647899329662323e-03 2.956764027476310730e-02 9.501554071903228760e-03 1.780151762068271637e-02 1.623387448489665985e-02 1.045597437769174576e-02 1.421162392944097519e-02 1.412217319011688232e-02 1.208644453436136246e-02 1.473234407603740692e-02 2.692252770066261292e-02
3.867513686418533325e-02 6.297393143177032471e-02 9.234313853085041046e-03 2.826406434178352356e-02 2.303984574973583221e-02 1.187457423657178879e-02 1.382229663431644440e-02 1.247560791671276093e-02 5.867110565304756165e-03 2.112520858645439148e-02 6.644089519977569580e-02 5.047050770372152328e-03 8.352214694023132324e-01 5.088750738650560379e-03 9.768298827111721039e-03 5.137971136718988419e-03 7.783381268382072449e-03 4.133268725126981735e-03 8.010293357074260712e-03 2.108800783753395081e-02 3.001817129552364349e-02 1.109571754932403564e-02 8.088438771665096283e-03 5.121449939906597137e-03 2.208608388900756836e-02 1.988900452852249146e-02 5.466879811137914658e-03 1.891404949128627777e-02 2.184354141354560852e-02 2.477382495999336243e-02 2.159733138978481293e-02 1.681027747690677643e-02 1.367294602096080780e-02 2.178897522389888763e-02 1.821508444845676422e-02 4.733182024210691452e-03 7.429969497025012970e-03 1.423287019133567810e-02 4.125454649329185486e-02 2.127651683986186981e-02 1.841424219310283661e-02 2.395368367433547974e-02 2.824230678379535675e-02 1.734307594597339630e-02 8.536550216376781464e-03 6.845658645033836365e-03 2.705491334199905396e-02 1.193935889750719070e-02 1.750704273581504822e-02 1.378989079967141151e-03 2.072620205581188202e-02 2.658248692750930786e-02 2.054008655250072479e-02 1.842071115970611572e-02 1.442708913236856461e-02 1.438577100634574890e-02 2.439208514988422394e-02 1.040773000568151474e-02 1.883966661989688873e-02 1.083101984113454819e-02 2.610092237591743469e-02 2.085698954761028290e-02 4.627938906196504831e-04 6.255379412323236465e-03 4.386585950851440430e-02 3.956500068306922913e-02 2.430921420454978943e-02 2.390622720122337341e-02 1.696017012000083923e-02 1.880527939647436142e-03 8.530382066965103149e-03 1.491632033139467239e-02 2.485913783311843872e-02 2.714954549446702003e-03 1.215663645416498184e-02 7.804025895893573761e-03 8.818020112812519073e-03 1.121900603175163269e-02 7.445462513715028763e-03 2.193978428840637207e-02 8.621276356279850006e-03 3.856652183458209038e-03 3.954714164137840271e-03 4.367279354482889175e-03 2.720576897263526917e-02 1.438265386968851089e-02 1.415256410837173462e-02 2.102816104888916016e-02 5.446474067866802216e-03 2.096500061452388763e-02 2.915683947503566742e-02 1.118697226047515869e-02 2.880492946133017540e-03 2.417284063994884491e-02 1.202364359050989151e-02 2.710145898163318634e-03 6.286778370849788189e-04 5.154977552592754364e-03 5.643953103572130203e-03 8.346555754542350769e-03 1.056801248341798782e-02 5.427825730293989182e-03 5.642978940159082413e-03 8.553212508559226990e-03 3.659798949956893921e-02 1.571675203740596771e-02 1.227078214287757874e-02 1.295950729399919510e-02 1.930120214819908142e-02 1.010263152420520782e-02 1.384026091545820236e-02 1.900726370513439178e-02 2.563595958054065704e-02 2.057597972452640533e-02 4.463755467440932989e-04 1.630516164004802704e-02
