8.388545513153076172e-01 5.477460846304893494e-02 9.361219592392444611e-03 1.123274397104978561e-02 2.254491113126277924e-02 6.074665486812591553e-02 4.418682307004928589e-02 1.431838609278202057e-02 2.810230478644371033e-02 5.296920891851186752e-03 7.507560402154922485e-02 1.890905201435089111e-02 1.906636357307434082e-02 2.255246415734291077e-02 4.696929454803466797e-02 3.534806892275810242e-02 2.775432169437408447e-02 2.420487627387046814e-02 1.459542382508516312e-02 1.490923948585987091e-02 1.165840774774551392e-02 3.220209851861000061e-02 1.374636590480804443e-02 2.327654045075178146e-03 4.875861108303070068e-03 9.347135201096534729e-04 1.334052626043558121e-02 1.726455229800194502e-04 4.811144899576902390e-03 1.503582764416933060e-02 1.387403812259435654e-02 2.722199773415923119e-03 6.031378288753330708e-04 4.278582986444234848e-03 8.101831190288066864e-05 1.238484308123588562e-02 2.360919490456581116e-03 1.288785785436630249e-02 8.352091535925865173e-03 3.654045285657048225e-03 1.641917973756790161e-02 8.668190799653530121e-03 1.523190177977085114e-03 1.174199394881725311e-03 1.675117760896682739e-02 2.818780019879341125e-02 2.597616985440254211e-02 3.281009569764137268e-02 1.765838079154491425e-02 2.093858271837234497e-02 5.474250297993421555e-03 2.025371044874191284e-02 2.012595161795616150e-02 2.072481811046600342e-02 1.322099380195140839e-02 2.433421462774276733e-02 6.197546608746051788e-03 2.751853875815868378e-02 8.872253820300102234e-03 2.003474719822406769e-02 7.113382685929536819e-03 3.996693063527345657e-03 3.004604950547218323e-04 1.031189132481813431e-02 1.637633517384529114e-02 1.426268741488456726e-02 2.143545541912317276e-03 3.377250395715236664e-03 2.607077732682228088e-02 1.190659590065479279e-02 2.269879169762134552e-02 5.408092867583036423e-03 2.589506912045180798e-04 1.172927487641572952e-02 2.811572747305035591e-03 1.753868721425533295e-02 1.777640171349048615e-02 5.874103400856256485e-03 9.817396290600299835e-03 1.442005578428506851e-02 5.211105104535818100e-03 2.451153006404638290e-03 1.361732091754674911e-02 5.684678442776203156e-03 1.352666039019823074e-02 4.492319189012050629e-03 2.736307680606842041e-02 9.643521159887313843e-03 4.098047502338886261e-03 3.146477043628692627e-03 2.404011553153395653e-03 1.553960237652063370e-02 1.276378519833087921e-02 1.107244938611984253e-02 1.313113607466220856e-02 7.776169572025537491e-03 2.026234194636344910e-02 4.059353843331336975e-03 1.042357366532087326e-02 2.426745370030403137e-03 9.472398087382316589e-03 1.334861735813319683e-03 1.057644747197628021e-02 1.248222030699253082e-02 2.132817870005965233e-03 6.352499476633965969e-04 1.082040928304195404e-02 4.809701349586248398e-03 3.188483417034149170e-03 1.611249288544058800e-03 1.953593222424387932e-03 1.651304424740374088e-03 1.692045480012893677e-02 1.069658622145652771e-02 3.137829247862100601e-03 1.496118027716875076e-02
5.477460846304893494e-02 8.388545513153076172e-01 3.572351112961769104e-02 9.611215442419052124e-03 1.504391990602016449e-02 3.311775997281074524e-02 4.090776666998863220e-02 2.964105829596519470e-02 9.090616367757320404e-03 1.031814422458410263e-02 4.643546789884567261e-02 9.087660349905490875e-03 5.635420978069305420e-02 1.659035123884677887e-02 6.058050692081451416e-02 2.568143047392368317e-02 1.253995765000581741e-02 1.746945269405841827e-02 7.698187604546546936e-03 6.821962073445320129e-03 2.353673800826072693e-02 3.538095951080322266e-02 2.357204630970954895e-02 9.347447194159030914e-03 1.956741511821746826e-02 2.343676611781120300e-02 1.833836734294891357e-02 1.613596454262733459e-02 9.482957102591171861e-05 5.093570798635482788e-03 8.163425140082836151e-03 1.923029194585978985e-03 1.835440471768379211e-02 8.137979544699192047e-03 1.590527407824993134e-02 5.852419883012771606e-03 2.539555169641971588e-02 3.004239499568939209e-02 1.208240818232297897e-02 5.056046880781650543e-03 3.458581119775772095e-02 8.791428990662097931e-03 1.446562819182872772e-02 1.739387772977352142e-02 4.428361542522907257e-03 9.533637203276157379e-03 1.283352449536323547e-02 2.073651365935802460e-02 9.411383653059601784e-04 3.633611602708697319e-03 1.763598265824839473e-04 2.994462614879012108e-03 9.836103767156600952e-03 1.329193077981472015e-02 3.863228484988212585e-03 8.060973137617111206e-03 2.315607294440269470e-02 4.224152863025665283e-02 5.015380214899778366e-03 1.700182072818279266e-02 6.760121323168277740e-03 9.554462740197777748e-04 8.404753170907497406e-03 9.941207244992256165e-03 2.135306596755981445e-02 4.043304175138473511e-02 1.110263448208570480e-02 7.270407862961292267e-03 1.820223033428192139e-02 1.907229423522949219e-03 1.390315592288970947e-02 1.685613999143242836e-03 9.176420979201793671e-03 2.916451776400208473e-03 1.068776287138462067e-02 5.717225838452577591e-03 2.244193805381655693e-03 1.567913964390754700e-02 2.083695307374000549e-02 9.108249098062515259e-03 3.046698495745658875e-02 1.727597415447235107e-02 3.774579847231507301e-03 1.443352364003658295e-02 1.865852624177932739e-03 1.775438711047172546e-02 4.715577512979507446e-02 3.855841234326362610e-02 5.658235866576433182e-03 1.525611383840441704e-03 2.722895587794482708e-04 1.945445314049720764e-02 1.583246327936649323e-02 2.015691250562667847e-02 7.261277176439762115e-03 1.727052964270114899e-02 1.259711687453091145e-03 9.157255291938781738e-03 7.580713368952274323e-03 1.073374412953853607e-02 1.017142552882432938e-02 3.577982075512409210e-03 1.718639209866523743e-02 1.063570100814104080e-02 8.354571647942066193e-03 1.224241591989994049e-02 1.439183112233877182e-02 1.653277128934860229e-02 1.288908068090677261e-02 2.366498485207557678e-02 1.974500529468059540e-02 1.010446809232234955e-02 5.059359595179557800e-03 1.481896545737981796e-02 1.618476584553718567e-02 1.705235568806529045e-03
9.361219592392444611e-03 3.572351112961769104e-02 8.388545513153076172e-01 9.592955932021141052e-03 7.491340395063161850e-03 5.404622759670019150e-03 3.011337108910083771e-02 4.419534280896186829e-02 2.343837870284914970e-03 8.969101123511791229e-03 2.382074017077684402e-03 2.840740792453289032e-02 2.055543847382068634e-02 2.772301807999610901e-02 3.078481182456016541e-02 4.180533438920974731e-02 3.415192291140556335e-02 2.762912958860397339e-02 1.839555916376411915e-03 3.733225865289568901e-03 6.804197095334529877e-03 1.625202223658561707e-02 2.280527912080287933e-02 2.332525700330734253e-02 7.711968850344419479e-03 1.578711159527301788e-02 1.099044736474752426e-02 1.047895173542201519e-03 7.142848800867795944e-03 2.712641097605228424e-02 2.656908240169286728e-03 2.525451965630054474e-02 1.067769341170787811e-02 2.179619111120700836e-02 6.102181505411863327e-03 1.159177278168499470e-03 8.920998312532901764e-03 1.161285676062107086e-02 2.493714168667793274e-02 2.471113950014114380e-02 3.410118818283081055e-02 4.200328141450881958e-03 1.607507653534412384e-02 4.105218499898910522e-02 3.429921343922615051e-03 1.519554178230464458e-03 1.987398043274879456e-02 1.445314846932888031e-02 8.750541135668754578e-03 4.162202123552560806e-03 1.117406296543776989e-03 3.432835685089230537e-03 1.582898758351802826e-02 2.261542715132236481e-02 2.227119170129299164e-02 1.646945625543594360e-02 1.405860017985105515e-02 9.311106055974960327e-03 2.043202519416809082e-02 2.506461925804615021e-02 3.428929299116134644e-02 2.078935503959655762e-02 1.170091331005096436e-02 1.958801643922924995e-03 3.708135569468140602e-03 2.047256939113140106e-02 6.509881466627120972e-03 4.596311191562563181e-04 1.506938878446817398e-02 7.551271002739667892e-03 1.283517340198159218e-03 1.300296746194362640e-02 2.006337419152259827e-02 5.297970026731491089e-03 1.876682788133621216e-02 1.993063278496265411e-02 2.200530283153057098e-02 3.268276154994964600e-02 2.685472602024674416e-03 2.558359643444418907e-03 3.678549826145172119e-02 3.123744949698448181e-02 1.253548823297023773e-02 2.742070890963077545e-02 6.380849052220582962e-03 3.639450529590249062e-03 5.499933846294879913e-03 3.668789938092231750e-02 1.038976106792688370e-02 2.310309559106826782e-02 1.402541436254978180e-02 2.332379110157489777e-03 1.184284593909978867e-02 2.272445335984230042e-02 2.610393054783344269e-02 1.595575362443923950e-02 9.515026584267616272e-03 2.086991071701049805e-02 2.217697678133845329e-03 2.314823679625988007e-03 2.128168195486068726e-02 1.302806008607149124e-02 1.733005419373512268e-02 1.132498681545257568e-02 2.858819672837853432e-03 6.891094148159027100e-03 2.365590771660208702e-03 1.827588537707924843e-03 7.296666037291288376e-03 1.429345924407243729e-02 3.939009085297584534e-02 3.074973076581954956e-02 6.766615435481071472e-03 1.346060261130332947e-02 3.034960292279720306e-02 1.354028657078742981e-02
1.123274397104978561e-02 9.611215442419052124e-03 9.592955932021141052e-03 8.388545513153076172e-01 9.722697734832763672e-02 4.077799618244171143e-03 4.483222030103206635e-03 1.752686104737222195e-03 2.593735000118613243e-03 1.511908601969480515e-02 1.286114845424890518e-02 2.121058478951454163e-02 7.545898552052676678e-04 2.747564390301704407e-02 3.346853703260421753e-02 1.138323824852705002e-02 2.497533708810806274e-02 1.353797223418951035e-02 2.831597812473773956e-02 2.504725009202957153e-03 1.099699735641479492e-02 1.921817101538181305e-02 8.347831666469573975e-03 1.633731275796890259e-02 1.127838343381881714e-02 1.362999808043241501e-02 1.325242966413497925e-02 2.517122775316238403e-02 1.824298873543739319e-02 1.949027553200721741e-02 1.304138172417879105e-02 1.384424511343240738e-02 6.467886734753847122e-03 1.729542389512062073e-02 3.457869170233607292e-03 2.426483295857906342e-02 2.572317048907279968e-02 1.170726306736469269e-02 2.567146345973014832e-02 1.794614270329475403e-02 1.553096529096364975e-02 1.608750550076365471e-03 1.876017637550830841e-02 1.709804288111627102e-03 1.064035389572381973e-02 1.271217223256826401e-02 3.600620897486805916e-03 1.430724980309605598e-03 1.625552214682102203e-02 1.109009463107213378e-04 1.355832163244485855e-02 2.971176989376544952e-02 1.805656822398304939e-03 9.440431371331214905e-03 1.167818997055292130e-02 6.488202605396509171e-03 2.845768816769123077e-02 5.473491270095109940e-03 2.440768526867032051e-03 2.901933388784527779e-03 9.365886449813842773e-03 1.156049128621816635e-02 1.941163092851638794e-02 1.022169925272464752e-02 2.796517801471054554e-04 3.210440627299249172e-04 2.349582035094499588e-03 8.245836012065410614e-03 1.944788731634616852e-02 2.847875701263546944e-03 2.673276886343955994e-02 1.096527092158794403e-02 5.989007279276847839e-02 1.304096914827823639e-02 6.184956058859825134e-02 5.734178237617015839e-03 1.300123892724514008e-02 3.715433925390243530e-02 2.214643405750393867e-03 1.893630623817443848e-02 3.907717764377593994e-03 7.744518108665943146e-03 1.496830303221940994e-02 2.511507831513881683e-02 1.241529639810323715e-02 2.018385194242000580e-02 3.181839361786842346e-02 5.047926679253578186e-03 2.865634858608245850e-02 3.405726701021194458e-02 9.070164524018764496e-03 2.091818116605281830e-02 5.748876836150884628e-03 4.668420646339654922e-03 1.200606767088174820e-02 5.845895968377590179e-03 2.365812659263610840e-03 7.780926767736673355e-03 2.604791734484024346e-05 1.374173630028963089e-02 6.982015445828437805e-03 5.736129358410835266e-03 1.326753105968236923e-02 4.587220319081097841e-04 5.666506476700305939e-03 9.653226472437381744e-03 2.040114440023899078e-02 5.333661567419767380e-03 7.122789509594440460e-03 5.885545630007982254e-03 3.104261122643947601e-04 1.106630451977252960e-02 5.330700427293777466e-03 3.174844384193420410e-02 1.876071281731128693e-02 1.256886497139930725e-02
2.254491113126277924e-02 1.504391990602016449e-02 7.491340395063161850e-03 9.722697734832763672e-02 8.388545513153076172e-01 2.283946378156542778e-03 1.030043140053749084e-02 5.831087939441204071e-03 1.576333120465278625e-02 7.813599891960620880e-03 1.637258380651473999e-02 1.378406211733818054e-02 9.923768229782581329e-03 1.908538118004798889e-02 3.989882394671440125e-02 5.805443972349166870e-03 1.714845933020114899e-02 2.611537463963031769e-03 1.788814738392829895e-02 5.610228050500154495e-03 7.347512990236282349e-03 1.737055554986000061e-02 1.940854708664119244e-03 6.268606521189212799e-03 2.049340866506099701e-02 2.374482713639736176e-02 1.339023467153310776e-03 2.517625689506530762e-02 1.351206284016370773e-02 2.011611126363277435e-02 9.666724130511283875e-03 1.351143699139356613e-02 5.721747875213623047e-03 1.524864230304956436e-02 3.404066897928714752e-03 2.445434033870697021e-02 2.468688413500785828e-02 1.386614702641963959e-02 3.077693469822406769e-02 2.437587827444076538e-02 1.650885678827762604e-02 3.407158190384507179e-03 1.539316587150096893e-02 6.150625180453062057e-03 1.041911635547876358e-02 9.834224358201026917e-03 1.680304855108261108e-02 1.157774310559034348e-02 1.891273260116577148e-02 2.731287851929664612e-03 2.351461723446846008e-02 3.290724381804466248e-02 4.580960143357515335e-03 1.062276866286993027e-02 1.146112103015184402e-02 3.655301174148917198e-03 3.175890073180198669e-02 1.323385816067457199e-02 1.169624505564570427e-03 1.667665550485253334e-03 1.071946974843740463e-02 1.478074677288532257e-02 2.568387612700462341e-02 1.865958981215953827e-02 5.513293668627738953e-03 1.677544414997100830e-02 3.047950332984328270e-03 1.118552591651678085e-02 9.777408093214035034e-03 4.191046115010976791e-03 1.365438383072614670e-02 1.459088083356618881e-02 6.512061506509780884e-02 1.436104252934455872e-02 7.012613862752914429e-02 5.726740695536136627e-03 7.994267507456243038e-04 2.473600767552852631e-02 1.478823833167552948e-02 7.805468048900365829e-04 1.946209929883480072e-02 2.598078921437263489e-03 4.236116074025630951e-03 1.379173994064331055e-02 1.480542309582233429e-02 1.412944123148918152e-02 3.368224203586578369e-02 1.699316129088401794e-02 2.596969902515411377e-02 3.254705667495727539e-02 3.722934343386441469e-05 1.660150475800037384e-02 4.532274324446916580e-03 1.645927131175994873e-02 8.786352351307868958e-03 1.423689420334994793e-03 8.702780120074748993e-03 1.523202005773782730e-02 2.829308854416012764e-03 1.683140173554420471e-02 2.711838809773325920e-03 7.190260221250355244e-04 3.479491919279098511e-03 6.092325202189385891e-04 5.273590795695781708e-03 1.200602017343044281e-02 8.769287727773189545e-03 1.783851184882223606e-03 6.233711261302232742e-03 4.166542203165590763e-04 1.083361639757640660e-04 8.731966838240623474e-03 7.887077517807483673e-03 2.255654521286487579e-02 2.241336554288864136e-02 1.303275860846042633e-02
6.074665486812591553e-02 3.311775997281074524e-02 5.404622759670019150e-03 4.077799618244171143e-03 2.283946378156542778e-03 8.388545513153076172e-01 7.987827062606811523e-02 1.240700134076178074e-03 2.080849371850490570e-02 4.331693984568119049e-03 3.869778662919998169e-02 3.254755958914756775e-02 4.340427462011575699e-03 3.005618043243885040e-02 1.196663547307252884e-02 1.938589103519916534e-02 7.297194097191095352e-03 1.332140434533357620e-02 1.974578201770782471e-02 1.260148640722036362e-02 9.788447059690952301e-03 2.728603780269622803e-02 8.590293116867542267e-03 9.549330919981002808e-03 6.052406504750251770e-03 6.487291771918535233e-03 1.620564982295036316e-02 3.098355606198310852e-02 3.922856878489255905e-03 2.004523761570453644e-02 1.886619068682193756e-02 6.893245037645101547e-03 2.523184567689895630e-02 6.789111066609621048e-03 6.514786276966333389e-03 5.139719694852828979e-03 1.979420892894268036e-03 1.997359097003936768e-02 3.641907824203372002e-03 9.290740825235843658e-03 1.139097847044467926e-03 5.573933944106101990e-03 2.417168952524662018e-02 2.401197142899036407e-02 3.026735223829746246e-02 4.430051520466804504e-02 4.039530083537101746e-02 5.116329342126846313e-02 1.496042776852846146e-02 1.326819136738777161e-02 2.398212673142552376e-03 2.541819214820861816e-02 9.126062504947185516e-03 1.069714222103357315e-02 1.322676776908338070e-03 3.139168955385684967e-03 1.149513479322195053e-02 2.495343424379825592e-02 4.474459681659936905e-03 1.375664398074150085e-02 7.949544116854667664e-03 7.924629375338554382e-03 5.126595497131347656e-03 8.541985414922237396e-03 2.071938663721084595e-02 1.318333856761455536e-02 6.624548695981502533e-03 1.516738440841436386e-02 1.669623330235481262e-02 2.302645734744146466e-04 6.863776594400405884e-03 1.444326341152191162e-02 8.517123758792877197e-03 3.669205820187926292e-03 9.836953133344650269e-03 2.190851978957653046e-02 4.655472468584775925e-03 1.119067240506410599e-02 1.592188887298107147e-02 2.497220598161220551e-02 2.102656057104468346e-03 1.070770900696516037e-03 1.218643877655267715e-02 9.196130558848381042e-03 9.594945586286485195e-04 1.371958944946527481e-02 1.115403231233358383e-02 6.870388519018888474e-03 2.216509357094764709e-02 2.633224241435527802e-02 7.265556138008832932e-03 1.939621940255165100e-02 1.719913631677627563e-02 7.675303146243095398e-03 5.956289824098348618e-03 2.850191900506615639e-03 3.215488744899630547e-03 9.870313107967376709e-03 2.034148760139942169e-02 4.344732966274023056e-03 1.755564822815358639e-03 8.101700805127620697e-03 1.363286282867193222e-02 6.837536580860614777e-03 2.326701767742633820e-02 1.405872311443090439e-02 1.639103889465332031e-02 3.597613656893372536e-03 9.516059421002864838e-03 1.271373941563069820e-03 7.961580529808998108e-03 6.780705880373716354e-03 8.916470222175121307e-03 1.752036809921264648e-02 1.451380550861358643e-02 3.729854524135589600e-02
4.418682307004928589e-02 4.090776666998863220e-02 3.011337108910083771e-02 4.483222030103206635e-03 1.030043140053749084e-02 7.987827062606811523e-02 8.388545513153076172e-01 8.914765901863574982e-03 1.958712749183177948e-02 5.640570074319839478e-03 2.166808582842350006e-02 4.602004215121269226e-02 3.830278525128960609e-03 4.211710765957832336e-02 3.036410920321941376e-02 4.239029064774513245e-02 2.270632423460483551e-02 1.941466145217418671e-02 9.991794824600219727e-03 4.655949887819588184e-04 1.732656091917306185e-04 2.155002951622009277e-02 7.669285871088504791e-03 6.853344384580850601e-03 4.364992026239633560e-03 6.879606517031788826e-04 1.498754601925611496e-02 1.459199469536542892e-02 1.521534007042646408e-02 1.943738758563995361e-02 2.085676044225692749e-02 1.001926045864820480e-02 1.626518368721008301e-02 9.373832494020462036e-03 1.109881675802171230e-03 6.510057719424366951e-04 1.161083765327930450e-02 2.285812981426715851e-02 4.725959617644548416e-03 3.821747610345482826e-03 1.152469590306282043e-02 5.398039356805384159e-04 1.249475777149200439e-02 1.390481600537896156e-03 7.062773220241069794e-03 2.778139896690845490e-02 5.428633186966180801e-03 2.151153981685638428e-02 5.517628043889999390e-03 2.347541507333517075e-03 9.066849946975708008e-03 1.326518598943948746e-02 1.443905290216207504e-03 1.138683641329407692e-03 2.557600475847721100e-02 1.719653792679309845e-02 8.825746364891529083e-03 1.574906706809997559e-02 1.515513099730014801e-02 3.185849403962492943e-03 3.274650499224662781e-02 2.504708804190158844e-02 3.451181109994649887e-03 5.547893699258565903e-03 9.696337394416332245e-03 1.282842364162206650e-02 6.499708164483308792e-03 1.467521954327821732e-02 3.190657868981361389e-02 4.822921007871627808e-03 5.043298588134348392e-04 1.913496665656566620e-02 1.262717880308628082e-02 5.453967489302158356e-03 7.240757811814546585e-03 2.266453392803668976e-02 1.740586245432496071e-03 2.617973461747169495e-02 5.933406762778759003e-03 2.262385748326778412e-02 2.120350487530231476e-02 1.057486981153488159e-02 1.330288010649383068e-03 1.890863291919231415e-02 1.185861229896545410e-02 3.262379020452499390e-02 1.565183885395526886e-02 1.969742588698863983e-02 1.846136711537837982e-02 2.967448160052299500e-02 1.610661298036575317e-02 1.231614500284194946e-02 4.893052857369184494e-03 1.559349615126848221e-02 9.145635180175304413e-03 2.009028801694512367e-03 9.542967192828655243e-03 6.115900818258523941e-03 2.112817205488681793e-02 9.533824399113655090e-03 8.771704509854316711e-03 2.766765886917710304e-03 3.426570445299148560e-02 1.499075070023536682e-02 1.656542532145977020e-02 1.387425046414136887e-02 1.450661942362785339e-02 5.252815783023834229e-03 9.337543509900569916e-03 6.948386784642934799e-03 2.657955326139926910e-02 9.955652058124542236e-03 8.625561371445655823e-03 1.224174164235591888e-02 1.299200346693396568e-03 2.388193085789680481e-02
1.431838609278202057e-02 2.964105829596519470e-02 4.419534280896186829e-02 1.752686104737222195e-03 5.831087939441204071e-03 1.240700134076178074e-03 8.914765901863574982e-03 8.388545513153076172e-01 1.631144993007183075e-02 7.538682781159877777e-03 2.177998423576354980e-03 1.084707304835319519e-02 2.409872971475124359e-02 3.621099749580025673e-03 1.875872164964675903e-02 2.368577942252159119e-02 2.329530380666255951e-02 2.548546157777309418e-02 6.378932157531380653e-04 1.165473181754350662e-02 5.560566787607967854e-04 2.796744462102651596e-03 2.669562213122844696e-02 2.455060556530952454e-02 1.894679106771945953e-02 1.670248690061271191e-03 1.759860082529485226e-03 7.769974414259195328e-03 1.813182979822158813e-02 9.998870082199573517e-03 1.959495246410369873e-02 2.904948964715003967e-02 3.062274307012557983e-02 2.654861658811569214e-02 2.186307124793529510e-02 1.794217154383659363e-02 1.235648710280656815e-02 1.448560412973165512e-02 1.202279888093471527e-02 2.355326432734727859e-03 1.341056264936923981e-02 1.931241154670715332e-02 1.839450560510158539e-02 2.735381573438644409e-02 7.607443723827600479e-03 9.525364264845848083e-03 1.815271389205008745e-04 1.027748920023441315e-02 5.749946460127830505e-03 1.830576220527291298e-03 2.341707050800323486e-02 2.093284018337726593e-02 2.605080604553222656e-02 2.304279431700706482e-02 1.939567737281322479e-02 1.469425205141305923e-02 7.583944592624902725e-03 1.681083440780639648e-02 2.710457146167755127e-02 2.414298430085182190e-02 4.029277339577674866e-02 2.471904829144477844e-02 2.753455936908721924e-02 1.820704899728298187e-02 1.078526116907596588e-02 2.912004664540290833e-02 1.380872447043657303e-02 1.920935139060020447e-02 2.230447903275489807e-02 8.761942386627197266e-03 1.834041811525821686e-02 4.290682729333639145e-03 1.756366156041622162e-02 8.323422633111476898e-03 1.247942168265581131e-02 9.938753210008144379e-03 1.099550645449198782e-04 1.086414046585559845e-02 4.432107787579298019e-03 2.457207010593265295e-04 4.322499409317970276e-02 5.024712160229682922e-02 1.018762309104204178e-02 2.155356295406818390e-02 1.296503003686666489e-02 2.347579225897789001e-02 1.569416373968124390e-02 3.748773783445358276e-02 9.019889868795871735e-03 1.622397825121879578e-02 9.141603484749794006e-03 2.253400348126888275e-02 1.266329549252986908e-02 1.734540425240993500e-02 2.131821215152740479e-02 1.697848737239837646e-02 1.698105596005916595e-02 4.113357979804277420e-03 2.389120869338512421e-02 9.296829812228679657e-03 3.154489398002624512e-02 2.410176955163478851e-02 8.720763027667999268e-03 1.437980681657791138e-02 2.232719212770462036e-02 1.132078561931848526e-02 1.264679059386253357e-02 1.382752694189548492e-02 1.745074405334889889e-03 3.102523274719715118e-02 1.558280363678932190e-02 2.614164026454091072e-03 2.024393901228904724e-02 9.794214740395545959e-03 1.736331544816493988e-02 4.693542607128620148e-03
2.810230478644371033e-02 9.090616367757320404e-03 2.343837870284914970e-03 2.593735000118613243e-03 1.576333120465278625e-02 2.080849371850490570e-02 1.958712749183177948e-02 1.631144993007183075e-02 8.388545513153076172e-01 5.167400836944580078e-02 9.720525704324245453e-03 6.152398884296417236e-03 5.752879194915294647e-03 6.113656796514987946e-03 6.903163623064756393e-03 4.084675014019012451e-02 3.895984217524528503e-02 5.251156166195869446e-02 1.207857974804937840e-03 5.993459373712539673e-03 5.399248097091913223e-03 8.197228424251079559e-03 4.755504056811332703e-02 3.167062997817993164e-02 1.389394141733646393e-02 1.513286121189594269e-02 1.795322448015213013e-02 5.071107880212366581e-04 8.136384189128875732e-03 3.832854796200990677e-03 1.881488412618637085e-02 3.187963739037513733e-02 6.905889022164046764e-04 2.402152307331562042e-02 5.548037588596343994e-03 2.606013976037502289e-02 1.425788365304470062e-02 1.922907121479511261e-02 2.016720734536647797e-02 1.010704506188631058e-02 1.659795059822499752e-03 2.529042959213256836e-02 3.613340435549616814e-03 4.647931084036827087e-03 5.901259370148181915e-03 2.246514707803726196e-02 9.344958700239658356e-03 1.218148507177829742e-02 3.147413581609725952e-02 1.137279253453016281e-02 2.256119996309280396e-02 1.652643084526062012e-02 5.596166942268610001e-03 5.960953887552022934e-03 3.383188322186470032e-02 2.446943661198019981e-03 1.025819592177867889e-02 4.063128493726253510e-03 1.303934957832098007e-02 1.162779424339532852e-02 2.479594759643077850e-02 3.986944444477558136e-03 1.459413394331932068e-02 8.658714592456817627e-03 9.722749702632427216e-03 6.753663532435894012e-03 1.472097449004650116e-02 5.976498126983642578e-03 6.225181743502616882e-02 2.924086991697549820e-03 3.427143022418022156e-02 4.302243143320083618e-02 1.193915121257305145e-02 1.621534861624240875e-02 1.736054196953773499e-02 2.318415232002735138e-02 6.429411470890045166e-02 1.830704510211944580e-02 4.261508584022521973e-02 1.425254996865987778e-02 1.435025595128536224e-02 2.834581024944782257e-02 4.718472808599472046e-02 7.459627464413642883e-03 2.669042535126209259e-02 2.056083269417285919e-02 5.015865899622440338e-03 2.409150451421737671e-02 8.296124869957566261e-04 8.393771015107631683e-03 1.516215415904298425e-04 1.511964015662670135e-03 6.881877779960632324e-03 4.526390228420495987e-03 1.931395567953586578e-02 6.246623583137989044e-03 2.811595099046826363e-03 2.916333638131618500e-02 3.502666577696800232e-02 8.190656080842018127e-03 1.252057589590549469e-02 1.334779895842075348e-02 3.391584381461143494e-03 3.837799187749624252e-03 1.650587189942598343e-03 7.309297565370798111e-03 1.100971549749374390e-02 5.402371287345886230e-03 4.652298986911773682e-03 7.175424136221408844e-03 2.942578867077827454e-03 4.260870628058910370e-03 6.026587798260152340e-04 8.679237798787653446e-04 2.394033409655094147e-02 7.668601348996162415e-03
5.296920891851186752e-03 1.031814422458410263e-02 8.969101123511791229e-03 1.511908601969480515e-02 7.813599891960620880e-03 4.331693984568119049e-03 5.640570074319839478e-03 7.538682781159877777e-03 5.167400836944580078e-02 8.388545513153076172e-01 8.312286809086799622e-03 1.714313402771949768e-02 1.399221830070018768e-02 1.575738936662673950e-02 9.865809231996536255e-03 2.162426710128784180e-02 3.263993561267852783e-02 3.411576896905899048e-02 3.347920998930931091e-02 1.638963446021080017e-02 2.514216862618923187e-02 1.672957278788089752e-02 3.149159252643585205e-02 3.883016109466552734e-02 1.686548814177513123e-02 1.901945844292640686e-02 7.609034655615687370e-04 4.210392013192176819e-03 1.439824700355529785e-02 8.465522900223731995e-03 1.907478459179401398e-02 2.363270893692970276e-02 6.943638436496257782e-03 2.649475447833538055e-02 9.786612354218959808e-03 1.699793711304664612e-02 2.476542070508003235e-02 1.635684631764888763e-02 1.351542770862579346e-02 5.047814454883337021e-03 3.012402355670928955e-02 2.229262888431549072e-02 2.519902586936950684e-02 2.037876471877098083e-02 1.140919514000415802e-02 5.465522408485412598e-03 1.396756153553724289e-02 3.244187391828745604e-04 2.045031823217868805e-02 4.231220111250877380e-02 6.205202545970678329e-03 1.552891172468662262e-02 2.612547948956489563e-03 1.452134310966357589e-04 1.617061719298362732e-02 1.457470003515481949e-02 2.488536946475505829e-02 2.484252862632274628e-02 3.463926026597619057e-03 9.786625392735004425e-03 1.065981108695268631e-02 7.287192624062299728e-03 7.371576502919197083e-03 2.742682700045406818e-04 2.141089923679828644e-02 9.756715968251228333e-03 2.601024135947227478e-02 1.980105414986610413e-02 3.676097095012664795e-02 1.761747337877750397e-02 4.758945852518081665e-02 1.458830386400222778e-02 1.635632244870066643e-03 1.211892697028815746e-03 4.099056124687194824e-03 6.342791952192783356e-03 3.983453661203384399e-02 4.605749994516372681e-02 2.774267084896564484e-02 4.157466441392898560e-02 1.954623003257438540e-04 7.826466113328933716e-03 5.187029391527175903e-02 3.154655918478965759e-02 3.960661962628364563e-02 3.651685640215873718e-02 1.989837177097797394e-02 3.319425042718648911e-03 2.028832444921135902e-03 1.066744327545166016e-02 1.182396896183490753e-02 1.739498414099216461e-02 9.491692297160625458e-03 1.601919345557689667e-02 1.454617362469434738e-02 1.681808941066265106e-02 1.532338280230760574e-02 2.258210256695747375e-02 3.281190246343612671e-02 3.631224110722541809e-02 7.552121300250291824e-03 2.317796088755130768e-02 2.248047105967998505e-02 1.836535334587097168e-02 4.497792106121778488e-03 4.775407142005860806e-04 5.979557055979967117e-03 1.103899162262678146e-02 2.340399893000721931e-03 7.555194664746522903e-03 1.879862137138843536e-02 1.959519088268280029e-02 9.634725749492645264e-03 1.995346695184707642e-02 9.257311932742595673e-03 1.033444236963987350e-02
7.507560402154922485e-02 4.643546789884567261e-02 2.382074017077684402e-03 1.286114845424890518e-02 1.637258380651473999e-02 3.869778662919998169e-02 2.166808582842350006e-02 2.177998423576354980e-03 9.720525704324245453e-03 8.312286809086799622e-03 8.388545513153076172e-01 1.489005051553249359e-03 4.429932683706283569e-02 1.001483853906393051e-02 3.445779904723167419e-02 4.868454299867153168e-03 4.747522529214620590e-03 7.641535252332687378e-03 1.439153216779232025e-02 1.764704287052154541e-02 2.270612865686416626e-02 4.885257408022880554e-02 7.820097729563713074e-03 3.068267554044723511e-02 1.586856879293918610e-02 7.208929397165775299e-03 2.277923002839088440e-02 7.256095763295888901e-03 1.852094754576683044e-02 1.146560721099376678e-02 5.850527901202440262e-03 2.030775882303714752e-02 1.029141340404748917e-02 2.877632342278957367e-02 1.036904752254486084e-02 5.769726820290088654e-03 5.482138600200414658e-03 2.098235301673412323e-02 7.401193957775831223e-03 9.198892861604690552e-03 8.583619259297847748e-03 1.194159686565399170e-02 2.380516007542610168e-02 1.032107509672641754e-02 8.431922644376754761e-03 2.479536086320877075e-02 3.465008363127708435e-02 3.672629967331886292e-02 1.827746629714965820e-02 2.113937772810459137e-02 1.007383409887552261e-02 1.417481619864702225e-02 1.866617053747177124e-02 2.049166150391101837e-02 1.968388073146343231e-02 2.209319733083248138e-02 6.895803380757570267e-03 3.624073043465614319e-02 1.100806985050439835e-02 2.034498751163482666e-02 4.748013336211442947e-03 9.438278153538703918e-03 9.538927115499973297e-03 4.707208368927240372e-03 4.061349108815193176e-02 2.943932451307773590e-02 9.552922099828720093e-03 1.996810734272003174e-02 7.812823168933391571e-03 1.525594852864742279e-02 6.755928508937358856e-03 1.870259642601013184e-03 6.922248285263776779e-03 6.891861092299222946e-03 6.607565097510814667e-03 1.462899893522262573e-02 1.298549026250839233e-02 2.695678733289241791e-03 1.545752771198749542e-02 5.658660084009170532e-03 1.426316238939762115e-02 8.980380371212959290e-03 8.501146221533417702e-04 6.609520409256219864e-03 6.670332513749599457e-04 3.143950307276099920e-04 4.586605355143547058e-02 2.811879385262727737e-04 1.481418032199144363e-02 1.802147366106510162e-02 2.483826130628585815e-02 3.705786168575286865e-02 3.248004987835884094e-02 1.184248458594083786e-02 2.063540369272232056e-02 2.301582880318164825e-02 2.131335623562335968e-02 3.968203905969858170e-03 6.153234746307134628e-03 2.027042396366596222e-02 9.741185232996940613e-03 5.465042777359485626e-03 2.515950426459312439e-02 1.485747657716274261e-02 7.067515049129724503e-03 2.151165390387177467e-03 2.013850491493940353e-03 1.734416745603084564e-02 2.877732506021857262e-03 2.069289237260818481e-02 6.624041707254946232e-04 2.617510734125971794e-03 1.648777164518833160e-02 2.345198765397071838e-02 5.217493046075105667e-03 6.557904649525880814e-03
1.890905201435089111e-02 9.087660349905490875e-03 2.840740792453289032e-02 2.121058478951454163e-02 1.378406211733818054e-02 3.254755958914756775e-02 4.602004215121269226e-02 1.084707304835319519e-02 6.152398884296417236e-03 1.714313402771949768e-02 1.489005051553249359e-03 8.388545513153076172e-01 1.288314070552587509e-02 7.494638860225677490e-02 1.511197909712791443e-02 2.294253744184970856e-02 4.407388623803853989e-03 2.612452581524848938e-02 3.523368155583739281e-03 4.275988321751356125e-03 7.054104469716548920e-03 1.659984816797077656e-03 8.152391761541366577e-03 5.060657858848571777e-03 4.675284959375858307e-03 2.922424813732504845e-03 9.952499531209468842e-03 3.390188887715339661e-02 2.333237789571285248e-02 5.005233362317085266e-02 2.125301957130432129e-02 2.056011743843555450e-02 4.319572355598211288e-03 1.767498254776000977e-02 1.439717481844127178e-03 2.493320498615503311e-03 9.953004308044910431e-03 1.870152045739814639e-04 2.116270735859870911e-02 7.847508415579795837e-03 8.619167841970920563e-03 1.650105416774749756e-02 1.072040572762489319e-02 5.340439733117818832e-03 2.596265077590942383e-02 2.052731439471244812e-02 1.413735095411539078e-02 1.532487943768501282e-02 4.297644831240177155e-03 4.070346243679523468e-03 1.877870783209800720e-02 7.229035254567861557e-03 1.628378033638000488e-02 1.404226943850517273e-02 2.984443865716457367e-02 3.163444623351097107e-02 1.338535081595182419e-02 3.362712217494845390e-03 3.932844474911689758e-02 2.291359379887580872e-02 3.491520136594772339e-02 3.142651543021202087e-02 1.242974121123552322e-02 1.332690939307212830e-02 1.277359854429960251e-02 8.336787112057209015e-03 1.040356419980525970e-02 1.038450049236416817e-03 4.604013171046972275e-03 1.183794531971216202e-02 1.062058098614215851e-02 2.227590605616569519e-02 3.423972427845001221e-02 1.056363154202699661e-02 2.541893348097801208e-02 2.555544860661029816e-02 4.091734439134597778e-02 4.865787923336029053e-02 1.719330810010433197e-02 1.894767954945564270e-02 2.277497388422489166e-02 1.304051186889410019e-02 1.301730051636695862e-02 2.714349143207073212e-02 6.201526615768671036e-03 3.314794227480888367e-02 2.622975734993815422e-03 1.186785008758306503e-02 3.964394703507423401e-02 4.413882642984390259e-02 2.608973346650600433e-02 4.284972324967384338e-03 1.787424273788928986e-02 8.400171995162963867e-03 8.026361465454101562e-03 6.685073487460613251e-03 4.282732959836721420e-03 1.049045566469430923e-02 1.544852834194898605e-02 8.231141604483127594e-03 1.402097754180431366e-02 7.057224866002798080e-03 1.293833926320075989e-02 5.748124793171882629e-03 1.866216398775577545e-02 8.859373629093170166e-03 2.968685515224933624e-02 4.392738454043865204e-03 1.067607197910547256e-02 2.192526310682296753e-02 1.359379291534423828e-02 1.227409020066261292e-02 2.197538875043392181e-02 3.794763935729861259e-03 2.000767365097999573e-02 2.948796004056930542e-02
1.906636357307434082e-02 5.635420978069305420e-02 2.055543847382068634e-02 7.545898552052676678e-04 9.923768229782581329e-03 4.340427462011575699e-03 3.830278525128960609e-03 2.409872971475124359e-02 5.752879194915294647e-03 1.399221830070018768e-02 4.429932683706283569e-02 1.288314070552587509e-02 8.388545513153076172e-01 6.989975459873676300e-03 3.449409082531929016e-02 1.654966268688440323e-03 1.038231700658798218e-02 5.013831425458192825e-03 1.324649527668952942e-02 1.882375590503215790e-02 2.220448665320873260e-02 3.557495772838592529e-02 4.801529925316572189e-03 6.909191608428955078e-03 2.300917543470859528e-02 2.971184812486171722e-02 1.865907199680805206e-02 2.665538899600505829e-02 2.849390730261802673e-02 7.436642423272132874e-03 3.458859026432037354e-02 1.514103356748819351e-02 1.023519877344369888e-02 2.468536049127578735e-02 2.454168908298015594e-02 1.033028308302164078e-02 2.085262537002563477e-02 2.816379070281982422e-02 7.484174799174070358e-03 9.524006396532058716e-03 2.411754243075847626e-02 6.422485224902629852e-03 1.713286526501178741e-02 1.476029213517904282e-02 1.440373715013265610e-03 2.097715158015489578e-03 2.431644871830940247e-02 2.969653159379959106e-02 1.236571371555328369e-02 8.776245638728141785e-03 2.848987234756350517e-03 6.534960586577653885e-03 6.681446917355060577e-03 1.208984013646841049e-02 1.639316603541374207e-02 1.125466730445623398e-02 2.023078128695487976e-02 4.402005299925804138e-02 3.479829290881752968e-03 1.562932506203651428e-02 5.053824745118618011e-03 9.122783318161964417e-03 7.471722085028886795e-03 1.906962879002094269e-02 4.082581773400306702e-02 5.551097169518470764e-02 1.983068697154521942e-02 1.128019019961357117e-02 4.206703044474124908e-03 5.889166612178087234e-03 3.971861675381660461e-03 8.343509398400783539e-03 2.368318848311901093e-03 5.436965264379978180e-03 7.272374816238880157e-03 8.100990671664476395e-04 3.890847438015043736e-04 5.460190121084451675e-03 2.594075351953506470e-02 2.865400724112987518e-02 1.188551634550094604e-02 1.642796956002712250e-02 1.269092783331871033e-02 1.420023664832115173e-02 9.733444079756736755e-03 2.382444590330123901e-02 4.006640985608100891e-02 3.242894634604454041e-02 2.182065136730670929e-02 1.557773165404796600e-02 2.914597094058990479e-02 2.329559624195098877e-02 4.125764593482017517e-02 2.142783068120479584e-02 1.314394176006317139e-02 2.628699503839015961e-02 1.548552827443927526e-04 1.521709840744733810e-02 2.025806717574596405e-02 1.888959854841232300e-02 3.814176656305789948e-03 5.438060034066438675e-03 9.572822600603103638e-03 9.511986747384071350e-03 4.322145134210586548e-03 1.528431475162506104e-02 2.926382608711719513e-02 3.040453977882862091e-02 1.715061068534851074e-02 4.207888618111610413e-02 6.694899406284093857e-03 5.373396910727024078e-03 3.841707948595285416e-03 1.524382643401622772e-02 1.686278916895389557e-02 2.111902274191379547e-02
