8.522935509681701660e-01 5.321873351931571960e-02 7.436916348524391651e-04 2.028330229222774506e-02 1.500588003545999527e-02 4.093302413821220398e-02 3.701370581984519958e-02 6.171168759465217590e-03 1.555318944156169891e-02 1.518287509679794312e-02 4.508026316761970520e-02 2.417713217437267303e-02 4.146568477153778076e-02 1.730341836810112000e-02 2.481106482446193695e-02 1.093932054936885834e-02 5.528494715690612793e-03 1.539301406592130661e-02 1.131512317806482315e-02 1.515446323901414871e-02 9.887490887194871902e-04 3.195643797516822815e-02 2.200151607394218445e-02 1.926845870912075043e-02 1.137542724609375000e-02 1.034772954881191254e-02 2.308337576687335968e-02 1.651311479508876801e-02 2.091528289020061493e-02 1.485761813819408417e-02 1.432015746831893921e-02 1.037096790969371796e-02 2.070975117385387421e-02 1.526337023824453354e-02 2.647402510046958923e-02 1.722940243780612946e-02 1.876170933246612549e-02 2.391729317605495453e-02 1.507197157479822636e-03 1.986941322684288025e-03 1.533613540232181549e-02 9.014573879539966583e-03 1.898389868438243866e-02 5.118735600262880325e-03 2.073082514107227325e-02 1.721299253404140472e-02 3.282855451107025146e-02 2.452018111944198608e-02 3.164114197716116905e-03 1.001796033233404160e-02 2.690768451429903507e-05 7.963461801409721375e-03 2.386681176722049713e-02 2.127022854983806610e-02 4.192387685179710388e-03 6.786637008190155029e-03 2.205227874219417572e-02 2.147925458848476410e-02 2.411609329283237457e-02 2.487374655902385712e-02 2.025677822530269623e-02 1.612368598580360413e-02 2.283187769353389740e-02 2.463962510228157043e-02 3.237349539995193481e-02 3.156460449099540710e-02 8.602163754403591156e-03 6.433977978304028511e-04 1.878415793180465698e-02 1.570254378020763397e-02 1.481789164245128632e-02 2.027578838169574738e-02 1.396327465772628784e-02 1.731372997164726257e-02 1.089189667254686356e-02 2.164527215063571930e-02 1.884636096656322479e-02 1.369316317141056061e-02 4.796366207301616669e-03 1.630210783332586288e-03 3.499437298160046339e-04 1.948803104460239410e-02 1.590443216264247894e-02 6.282779853790998459e-03 1.467846240848302841e-02 8.372434414923191071e-03 2.522045373916625977e-02 2.140887267887592316e-02 2.216712385416030884e-02 9.874717332422733307e-03 2.375290729105472565e-02 2.826031669974327087e-02 1.547099463641643524e-02 2.609304897487163544e-02 6.039585452526807785e-03 1.581023819744586945e-02 1.817190833389759064e-02 1.557505410164594650e-02 6.575010251253843307e-03 6.449284497648477554e-03 1.161634176969528198e-02 1.957060024142265320e-02 1.788588799536228180e-02 1.786282658576965332e-02 1.417237799614667892e-02 1.794103719294071198e-02 9.790309704840183258e-03 2.099562063813209534e-02 1.699681021273136139e-02 2.174202911555767059e-02 1.466167252510786057e-02 1.022560056298971176e-02 5.975804291665554047e-03 1.703493110835552216e-02 1.364260539412498474e-02 1.381670311093330383e-02
5.321873351931571960e-02 8.522935509681701660e-01 6.487764883786439896e-03 1.428215205669403076e-02 5.806153640151023865e-03 4.553347080945968628e-02 4.600227624177932739e-02 3.222502768039703369e-03 1.409186236560344696e-02 1.341255288571119308e-02 4.683372750878334045e-02 1.513327285647392273e-02 4.380600526928901672e-02 1.613173261284828186e-02 1.895657740533351898e-02 1.349897123873233795e-02 9.341613389551639557e-03 7.637415546923875809e-03 4.315706435590982437e-03 1.543915364891290665e-02 3.166736103594303131e-03 2.172566577792167664e-02 1.742512732744216919e-02 2.130061388015747070e-02 1.065138075500726700e-02 3.809137502685189247e-03 1.728753559291362762e-02 6.943864747881889343e-03 2.594375051558017731e-02 5.121266469359397888e-03 2.361845411360263824e-02 1.801573857665061951e-02 2.001444064080715179e-02 2.348157018423080444e-02 2.517625875771045685e-02 1.150096300989389420e-02 1.610540039837360382e-02 2.307678945362567902e-02 1.068824809044599533e-02 1.410548284184187651e-04 1.813996210694313049e-02 1.207881141453981400e-02 1.884135231375694275e-02 6.730151828378438950e-03 2.682942897081375122e-02 2.511611208319664001e-02 4.185979440808296204e-02 3.686249628663063049e-02 2.227489021606743336e-04 1.611010357737541199e-02 1.295770332217216492e-02 2.816734369844198227e-03 1.136600971221923828e-02 8.721129968762397766e-03 4.521581344306468964e-03 1.417700853198766708e-02 1.085202395915985107e-02 1.412845123559236526e-02 1.473975088447332382e-02 1.857759617269039154e-02 2.021793089807033539e-02 1.573701575398445129e-02 2.289034798741340637e-02 2.395847439765930176e-02 3.024807572364807129e-02 3.395567834377288818e-02 1.410601846873760223e-02 2.091097878292202950e-03 1.991849765181541443e-02 9.972638450562953949e-03 1.278193201869726181e-02 1.692047156393527985e-02 7.045918609946966171e-03 1.382709667086601257e-02 3.046244382858276367e-04 1.369500719010829926e-02 1.904756203293800354e-02 7.767522707581520081e-03 2.145370002835988998e-03 5.616280250251293182e-04 4.738731775432825089e-03 2.408734709024429321e-02 7.091624196618795395e-03 6.255737040191888809e-03 2.147796191275119781e-02 1.102628465741872787e-02 2.282789535820484161e-02 2.129213139414787292e-02 1.209276914596557617e-02 5.707055330276489258e-03 2.806829847395420074e-02 2.289902605116367340e-02 2.778549306094646454e-02 2.289780415594577789e-02 4.438970703631639481e-03 1.627955771982669830e-02 1.700092479586601257e-02 8.017013780772686005e-03 6.736911833286285400e-03 6.910810247063636780e-03 6.710498593747615814e-03 1.974586956202983856e-02 1.650464534759521484e-02 1.500229258090257645e-02 3.573438880266621709e-05 1.041535008698701859e-02 8.868632838129997253e-03 1.517265848815441132e-02 2.001154981553554535e-02 2.265139855444431305e-02 1.564571633934974670e-02 1.240898761898279190e-02 2.594268298707902431e-04 1.929169520735740662e-02 1.373050641268491745e-02 1.586917601525783539e-02
7.436916348524391651e-04 6.487764883786439896e-03 8.522935509681701660e-01 1.516041532158851624e-02 1.090212725102901459e-02 7.895260117948055267e-03 9.371501393616199493e-03 6.242287531495094299e-02 1.159625686705112457e-02 1.752403937280178070e-02 6.503139156848192215e-04 1.049122121185064316e-02 3.392763668671250343e-03 5.578692071139812469e-03 1.674817129969596863e-02 2.743565849959850311e-02 2.454530447721481323e-02 1.136766164563596249e-03 8.701396174728870392e-03 1.810997538268566132e-02 1.151624601334333420e-02 5.843318998813629150e-03 1.316143013536930084e-02 3.634957596659660339e-03 1.569730602204799652e-02 3.218800993636250496e-03 1.434906385838985443e-02 1.144119258970022202e-02 6.409403868019580841e-03 4.443313460797071457e-03 7.843662053346633911e-03 2.028407715260982513e-02 1.853928901255130768e-02 6.193925160914659500e-03 7.586896885186433792e-03 1.641132682561874390e-02 7.942899130284786224e-03 2.638301625847816467e-02 1.885326392948627472e-02 2.013838291168212891e-02 3.785021603107452393e-02 1.184830814599990845e-02 1.162145100533962250e-02 4.627107456326484680e-02 3.598455805331468582e-03 9.105345816351473331e-05 1.521562808193266392e-03 7.884638383984565735e-03 6.850691046565771103e-03 3.607423976063728333e-03 9.032439440488815308e-03 8.967965841293334961e-03 1.320827566087245941e-02 8.297474123537540436e-03 6.414038594812154770e-03 3.191490191966295242e-03 8.015383034944534302e-03 1.808593951864168048e-04 2.145341224968433380e-02 1.115729194134473801e-02 9.635847993195056915e-03 5.704754032194614410e-03 2.296540327370166779e-02 1.330733858048915863e-02 3.692467929795384407e-03 1.787155633792281151e-03 5.634475499391555786e-03 1.123879011720418930e-02 2.097336947917938232e-02 3.610945306718349457e-03 1.402684487402439117e-02 1.267827488481998444e-02 2.531996555626392365e-02 1.745462999679148197e-03 1.305096410214900970e-02 4.636330064386129379e-03 1.548582408577203751e-02 4.804854746907949448e-03 8.782919496297836304e-03 3.921049181371927261e-03 5.361916124820709229e-02 5.199641361832618713e-02 9.602805599570274353e-03 2.257397770881652832e-02 4.212012514472007751e-03 1.761213503777980804e-02 2.867511659860610962e-02 2.541113086044788361e-02 1.338161434978246689e-02 7.826742716133594513e-03 4.448751453310251236e-03 6.156185641884803772e-03 5.016454495489597321e-03 9.291902184486389160e-03 5.622883792966604233e-03 1.308380439877510071e-02 1.396342529915273190e-03 3.046586643904447556e-03 2.338590333238244057e-03 7.822284474968910217e-03 1.346610765904188156e-02 1.548585295677185059e-02 1.311318296939134598e-02 1.202919892966747284e-02 8.788280189037322998e-03 2.029098942875862122e-02 1.542708184570074081e-02 2.021443657577037811e-02 5.646609235554933548e-03 5.431995727121829987e-03 3.364837542176246643e-02 2.678139880299568176e-02 1.083028689026832581e-02 3.244038438424468040e-03 3.069755807518959045e-02 1.396579854190349579e-02
2.028330229222774506e-02 1.428215205669403076e-02 1.516041532158851624e-02 8.522935509681701660e-01 5.214396119117736816e-02 1.379412598907947540e-02 9.237559512257575989e-03 1.550405565649271011e-02 1.832336932420730591e-02 2.365234866738319397e-02 1.791343279182910919e-02 3.262845426797866821e-02 1.585535332560539246e-02 1.119753066450357437e-02 2.359022758901119232e-02 1.359845045953989029e-02 4.534009844064712524e-03 3.900827607139945030e-03 9.621758945286273956e-04 8.965317159891128540e-03 1.681356690824031830e-02 2.066509798169136047e-02 2.445389330387115479e-02 1.342331618070602417e-02 1.093781460076570511e-02 5.067069549113512039e-03 2.030307054519653320e-02 3.213933482766151428e-02 1.629151776432991028e-02 2.611208334565162659e-02 9.114163927733898163e-03 5.996789317578077316e-03 1.934977807104587555e-02 3.111126367002725601e-03 1.897902972996234894e-02 2.253158763051033020e-02 9.727812372148036957e-03 2.081856876611709595e-02 2.146400138735771179e-02 9.271152317523956299e-03 1.550789829343557358e-02 2.721933415159583092e-03 4.168943502008914948e-03 1.941773667931556702e-02 1.313297543674707413e-02 9.234816767275333405e-03 7.768659852445125580e-03 8.322177454829216003e-03 2.939540660008788109e-03 1.805474422872066498e-02 2.734855748713016510e-02 3.033696673810482025e-02 3.257881850004196167e-02 2.789536863565444946e-02 1.156193829956464469e-04 1.856450550258159637e-02 2.774345688521862030e-02 1.475563272833824158e-02 2.701975964009761810e-02 2.542365156114101410e-02 1.725229993462562561e-02 4.197983071208000183e-03 2.897394262254238129e-02 2.270207554101943970e-02 2.459000982344150543e-02 1.758977025747299194e-02 1.156231854110956192e-03 7.814490236341953278e-03 1.723928004503250122e-02 2.396251633763313293e-02 8.442284539341926575e-03 3.104206360876560211e-02 3.575698658823966980e-02 1.579536870121955872e-02 1.796356216073036194e-02 2.486033365130424500e-02 1.395453885197639465e-02 4.673365037888288498e-03 6.689453963190317154e-03 1.115707680583000183e-02 1.219703163951635361e-02 1.292937342077493668e-02 3.198556602001190186e-02 3.290366381406784058e-03 5.164648871868848801e-03 7.390237879008054733e-03 2.218310534954071045e-02 2.149706147611141205e-02 3.134644031524658203e-02 1.074334233999252319e-02 1.066166628152132034e-02 1.975402608513832092e-02 7.077701389789581299e-03 2.636072412133216858e-02 1.845902949571609497e-02 1.179660763591527939e-02 1.131732575595378876e-02 1.053102687001228333e-02 9.197681210935115814e-03 4.113440867513418198e-03 2.452795021235942841e-02 2.240090630948543549e-02 2.060465887188911438e-02 1.654524914920330048e-02 2.718029916286468506e-02 2.461910247802734375e-02 9.165547788143157959e-03 3.805061802268028259e-02 2.242316305637359619e-02 2.487707883119583130e-02 1.750080659985542297e-02 1.452748570591211319e-02 1.044175960123538971e-02 1.211173739284276962e-02 1.723497733473777771e-02 1.557413768023252487e-02
1.500588003545999527e-02 5.806153640151023865e-03 1.090212725102901459e-02 5.214396119117736816e-02 8.522935509681701660e-01 1.032977085560560226e-02 3.483808366581797600e-03 1.567981950938701630e-02 9.691661223769187927e-03 2.070175111293792725e-02 1.150343101471662521e-02 2.216066792607307434e-02 9.186390787363052368e-03 7.199321873486042023e-03 1.624699868261814117e-02 1.215755101293325424e-02 5.683928262442350388e-03 2.045653387904167175e-02 2.222110889852046967e-02 6.464653182774782181e-03 1.599634625017642975e-02 1.777265779674053192e-02 1.982308179140090942e-02 1.150707062333822250e-02 1.285812351852655411e-02 5.964766722172498703e-03 1.357403676956892014e-02 2.186174876987934113e-02 5.734676960855722427e-03 1.871507987380027771e-02 4.676050506532192230e-03 1.118024811148643494e-02 1.016469672322273254e-02 6.187994033098220825e-03 2.142956852912902832e-02 2.353749424219131470e-02 8.034589700400829315e-03 1.809411868453025818e-02 2.296054176986217499e-02 2.925589308142662048e-02 9.950966574251651764e-03 1.082107541151344776e-03 2.869984018616378307e-05 2.020008116960525513e-02 7.685143500566482544e-03 3.653346328064799309e-03 1.319933566264808178e-03 4.072705749422311783e-03 1.196455676108598709e-03 1.352578960359096527e-02 1.744405180215835571e-02 2.159574441611766815e-02 3.005910292267799377e-02 2.651975676417350769e-02 4.068614449352025986e-03 1.578047685325145721e-02 3.005208820104598999e-02 1.808632165193557739e-02 2.350291982293128967e-02 2.169345319271087646e-02 1.577087678015232086e-02 1.299082767218351364e-02 1.657859608530998230e-02 2.333132736384868622e-02 1.256029214709997177e-02 6.627720780670642853e-03 5.054446868598461151e-03 8.496257476508617401e-03 7.487775292247533798e-03 1.990153081715106964e-02 1.023730449378490448e-02 1.815412193536758423e-02 2.775404602289199829e-02 1.513204909861087799e-02 3.262614831328392029e-02 1.520684920251369476e-02 3.107170807197690010e-03 6.256335414946079254e-03 1.285976916551589966e-02 8.107673376798629761e-03 1.266591064631938934e-02 6.543459836393594742e-03 2.251775935292243958e-02 3.001539036631584167e-02 1.486945059150457382e-02 6.268670316785573959e-03 1.791127957403659821e-02 1.718571037054061890e-02 2.609732560813426971e-02 2.014272287487983704e-02 2.017199527472257614e-03 1.390858367085456848e-02 8.824961259961128235e-03 2.021066844463348389e-02 1.783807575702667236e-02 8.337303064763545990e-03 1.312173344194889069e-02 5.674359388649463654e-03 4.012534045614302158e-04 2.358481055125594139e-03 2.700301259756088257e-02 1.953047327697277069e-02 2.438527718186378479e-02 1.893670856952667236e-02 2.986154519021511078e-02 2.546777576208114624e-02 2.410776354372501373e-02 3.068508580327033997e-02 2.115965448319911957e-02 1.260278560221195221e-02 2.019366994500160217e-02 1.590070314705371857e-02 5.478454753756523132e-03 6.458144634962081909e-03 1.282493770122528076e-02 1.906631700694561005e-02
4.093302413821220398e-02 4.553347080945968628e-02 7.895260117948055267e-03 1.379412598907947540e-02 1.032977085560560226e-02 8.522935509681701660e-01 5.270240455865859985e-02 6.700964644551277161e-03 1.692412793636322021e-02 6.910606287419795990e-03 4.172386974096298218e-02 2.030956186354160309e-02 3.675503656268119812e-02 1.775153540074825287e-02 1.753463037312030792e-02 2.278636582195758820e-02 1.582827419042587280e-02 1.018950715661048889e-02 1.029297802597284317e-02 1.275005098432302475e-02 1.436365582048892975e-02 2.656405232846736908e-02 2.396840415894985199e-02 2.630817331373691559e-02 1.850362867116928101e-02 3.015376161783933640e-03 2.583144232630729675e-02 1.840765587985515594e-02 1.259301044046878815e-02 1.600081101059913635e-02 1.092502102255821228e-02 2.065828256309032440e-02 1.993596926331520081e-02 2.092391811311244965e-02 2.012842148542404175e-02 1.749670319259166718e-02 1.492950972169637680e-02 2.589692920446395874e-02 3.806965833064168692e-05 1.420687884092330933e-02 2.071031369268894196e-02 5.562011152505874634e-03 6.959958933293819427e-03 1.663662120699882507e-02 1.153174508363008499e-02 1.446133758872747421e-02 4.536130279302597046e-02 3.424826636910438538e-02 4.468572791665792465e-03 7.073380518704652786e-03 5.227985326200723648e-03 1.129081239923834801e-03 1.829713210463523865e-02 1.606792397797107697e-02 8.542276918888092041e-03 9.334118105471134186e-03 1.737630926072597504e-02 1.279297005385160446e-02 1.546312496066093445e-02 2.299381978809833527e-02 2.394063957035541534e-02 1.912811025977134705e-02 2.172497473657131195e-02 1.976039633154869080e-02 2.560299262404441833e-02 2.646615542471408844e-02 1.347073260694742203e-02 9.057374671101570129e-03 2.493474259972572327e-02 1.917769014835357666e-02 1.959885843098163605e-02 2.157162129878997803e-02 1.338601112365722656e-02 2.399727888405323029e-02 9.173810482025146484e-03 2.239068411290645599e-02 2.201387658715248108e-02 8.259958587586879730e-03 5.393018014729022980e-03 8.818306960165500641e-03 6.985892076045274734e-03 2.407423779368400574e-02 4.152234643697738647e-03 4.509787075221538544e-03 3.180767595767974854e-02 9.141405113041400909e-03 1.986304111778736115e-02 1.858803816139698029e-02 1.885639503598213196e-02 8.483046549372375011e-04 2.493994683027267456e-02 2.601507678627967834e-02 1.895150542259216309e-02 2.216339297592639923e-02 3.812653012573719025e-03 1.339029707014560699e-02 2.279843762516975403e-02 1.486638374626636505e-02 7.300336845219135284e-03 4.437449388206005096e-03 5.525243934243917465e-03 1.817899383604526520e-02 2.376704849302768707e-02 2.398098818957805634e-02 1.319800969213247299e-02 2.375008724629878998e-02 7.625284604728221893e-03 1.102112047374248505e-02 1.310298591852188110e-02 1.193139888346195221e-02 2.310097031295299530e-02 2.227296307682991028e-02 4.817673936486244202e-03 5.496437195688486099e-03 9.610454551875591278e-03 1.255030278116464615e-02
3.701370581984519958e-02 4.600227624177932739e-02 9.371501393616199493e-03 9.237559512257575989e-03 3.483808366581797600e-03 5.270240455865859985e-02 8.522935509681701660e-01 8.988926187157630920e-03 1.585166901350021362e-02 3.683649934828281403e-03 4.465467855334281921e-02 1.002686936408281326e-02 4.202933982014656067e-02 2.097861096262931824e-02 1.178116258233785629e-02 1.844162680208683014e-02 1.249684765934944153e-02 5.012816749513149261e-03 3.813058370724320412e-03 3.424592083320021629e-03 7.018977310508489609e-03 2.216885797679424286e-02 1.548642199486494064e-02 2.336103469133377075e-02 1.827491074800491333e-02 7.321008015424013138e-03 2.596438303589820862e-02 7.201626896858215332e-03 1.075599249452352524e-02 6.911100354045629501e-03 1.907649077475070953e-02 2.391321584582328796e-02 1.792956888675689697e-02 2.597284503281116486e-02 1.613881252706050873e-02 9.203475899994373322e-03 1.325295306742191315e-02 1.927520893514156342e-02 9.978506714105606079e-03 6.396034732460975647e-03 1.288724225014448166e-02 1.270209159702062607e-02 1.196561474353075027e-02 2.387353405356407166e-02 1.899499073624610901e-02 2.392532117664813995e-02 5.340521410107612610e-02 5.391023308038711548e-02 1.395679730921983719e-02 1.477034389972686768e-02 9.130178019404411316e-03 4.496015608310699463e-03 1.086531952023506165e-02 9.464789181947708130e-03 1.905661262571811676e-02 1.808468997478485107e-02 9.261163882911205292e-03 1.250832714140415192e-02 9.503312408924102783e-03 2.129567787051200867e-02 1.949097961187362671e-02 1.580390706658363342e-02 1.677199825644493103e-02 1.688895560801029205e-02 2.593039907515048981e-02 3.271536901593208313e-02 9.168230928480625153e-03 1.788080437108874321e-03 1.965536549687385559e-02 1.693091168999671936e-02 1.333376765251159668e-02 1.851746998727321625e-02 2.846615854650735855e-03 2.192446216940879822e-02 3.929975442588329315e-03 1.768176071345806122e-02 1.874921098351478577e-02 3.609336446970701218e-03 2.073823707178235054e-03 9.189431555569171906e-03 1.674904488027095795e-02 2.652905136346817017e-02 1.083976007066667080e-03 3.594011999666690826e-03 2.971367165446281433e-02 1.619852147996425629e-02 1.994467526674270630e-02 1.847374998033046722e-02 8.186014369130134583e-03 1.533063873648643494e-02 2.907923795282840729e-02 2.767662703990936279e-02 3.251804411411285400e-02 2.524626441299915314e-02 6.070327479392290115e-03 1.629073172807693481e-02 2.787811681628227234e-02 1.376750599592924118e-02 1.172610558569431305e-02 1.381830964237451553e-02 1.330354018136858940e-03 1.774376258254051208e-02 1.948210038244724274e-02 1.780779473483562469e-02 4.407792352139949799e-03 2.011524885892868042e-02 5.992263089865446091e-03 4.905060864984989166e-03 1.624028570950031281e-02 1.379763148725032806e-02 1.457718573510646820e-02 1.279218494892120361e-02 3.229866735637187958e-03 7.014236878603696823e-03 7.771503180265426636e-03 7.605449296534061432e-03
6.171168759465217590e-03 3.222502768039703369e-03 6.242287531495094299e-02 1.550405565649271011e-02 1.567981950938701630e-02 6.700964644551277161e-03 8.988926187157630920e-03 8.522935509681701660e-01 1.856432179920375347e-03 1.233530789613723755e-02 6.177801173180341721e-03 6.939631886780261993e-03 5.251941736787557602e-03 5.884305108338594437e-03 3.064786270260810852e-02 2.331186830997467041e-02 2.254365943372249603e-02 6.173411849886178970e-03 2.061046659946441650e-02 2.772506885230541229e-02 2.918693423271179199e-02 7.105462253093719482e-03 7.502518128603696823e-03 3.313626861199736595e-03 2.628899924457073212e-02 6.275327410548925400e-03 1.035915408283472061e-02 1.642069593071937561e-02 6.460243370383977890e-03 9.013507515192031860e-03 1.402518432587385178e-02 2.487347088754177094e-02 1.760348118841648102e-02 1.220241561532020569e-02 1.398208737373352051e-02 2.720411494374275208e-02 2.193194627761840820e-02 2.386759966611862183e-02 1.876736246049404144e-02 1.157524809241294861e-02 2.902432717382907867e-02 5.582066718488931656e-03 1.558998133987188339e-03 1.487259753048419952e-02 1.790622365660965443e-03 1.879588468000292778e-03 3.076107939705252647e-03 5.704035051167011261e-03 2.542581409215927124e-03 5.052324384450912476e-03 1.704974914900958538e-03 6.463323952630162239e-04 1.615837030112743378e-02 1.367697026580572128e-02 4.108687397092580795e-03 6.914508994668722153e-03 1.376690994948148727e-02 3.940531052649021149e-03 3.007105179131031036e-02 2.214330062270164490e-02 2.380252582952380180e-03 7.926152902655303478e-04 2.021763660013675690e-02 1.348817814141511917e-02 1.317699998617172241e-02 3.211540170013904572e-03 2.564457058906555176e-02 1.832112297415733337e-02 1.412239205092191696e-02 1.501724589616060257e-03 1.338753011077642441e-02 2.481400966644287109e-03 1.833808049559593201e-02 3.240380669012665749e-03 8.462163619697093964e-03 3.268684959039092064e-03 4.643423948436975479e-03 8.418399840593338013e-03 3.103787021245807409e-04 4.075402393937110901e-03 7.705175876617431641e-02 5.554573982954025269e-02 2.419191412627696991e-03 2.635070867836475372e-02 1.030418276786804199e-02 1.811042614281177521e-02 4.298405349254608154e-02 3.455309942364692688e-02 1.174718327820301056e-02 8.139213547110557556e-03 1.070330617949366570e-03 1.270716264843940735e-02 2.440321724861860275e-03 5.875395610928535461e-03 7.942606694996356964e-03 1.645258069038391113e-02 2.686942927539348602e-03 3.916019108146429062e-03 2.453892026096582413e-03 5.953473504632711411e-03 2.085732854902744293e-02 1.952611841261386871e-02 1.210307702422142029e-02 5.967087578028440475e-03 1.462303940206766129e-02 2.905578352510929108e-02 3.098052553832530975e-02 1.659927330911159515e-02 2.144400402903556824e-02 1.950504607520997524e-03 2.049632556736469269e-02 1.594126224517822266e-02 2.284732647240161896e-03 8.761029690504074097e-03 2.693853899836540222e-02 8.121670223772525787e-03
1.555318944156169891e-02 1.409186236560344696e-02 1.159625686705112457e-02 1.832336932420730591e-02 9.691661223769187927e-03 1.692412793636322021e-02 1.585166901350021362e-02 1.856432179920375347e-03 8.522935509681701660e-01 8.931684307754039764e-03 1.634091883897781372e-02 1.942993327975273132e-02 1.696326956152915955e-02 2.503959927707910538e-03 1.743802987039089203e-02 1.889995858073234558e-02 2.153236046433448792e-02 4.366048052906990051e-02 7.405364885926246643e-04 2.510722726583480835e-03 4.268649034202098846e-03 1.694700308144092560e-02 2.125246822834014893e-02 2.047616802155971527e-02 1.000977307558059692e-02 9.070160798728466034e-03 1.669966802000999451e-02 1.290478464215993881e-02 2.105677127838134766e-02 8.787911385297775269e-03 2.076460048556327820e-02 1.565659791231155396e-02 1.499883271753787994e-02 1.141548994928598404e-02 8.061907254159450531e-03 2.154417708516120911e-02 1.282027829438447952e-02 1.434939634054899216e-02 3.114281920716166496e-03 6.345572182908654213e-04 1.263890042901039124e-02 3.186235949397087097e-02 1.928447373211383820e-02 7.822976447641849518e-03 1.322127506136894226e-02 1.160129532217979431e-02 1.324224565178155899e-02 1.106170006096363068e-02 1.591918058693408966e-02 7.503632456064224243e-03 3.097417578101158142e-02 2.452685870230197906e-02 1.624618843197822571e-02 6.290883757174015045e-03 3.400678187608718872e-02 1.634688698686659336e-03 2.205414883792400360e-02 9.775583632290363312e-03 5.192730110138654709e-03 6.933337543159723282e-03 3.734248131513595581e-02 1.790807023644447327e-02 1.603943482041358948e-02 9.816801175475120544e-03 1.813727244734764099e-02 2.227695845067501068e-02 1.819497905671596527e-03 4.277294501662254333e-03 3.248754516243934631e-02 1.366315688937902451e-02 2.322763390839099884e-02 2.747696638107299805e-02 1.518385112285614014e-02 1.490440405905246735e-02 5.251478403806686401e-03 2.264596894383430481e-02 4.218369349837303162e-02 1.583418063819408417e-02 2.384238503873348236e-02 1.198267750442028046e-02 8.531988598406314850e-03 1.406174711883068085e-02 2.645509317517280579e-02 4.210289567708969116e-03 1.001762342639267445e-03 1.192122604697942734e-02 1.695862598717212677e-02 1.471903920173645020e-02 3.380812704563140869e-02 9.761193767189979553e-03 1.528139505535364151e-02 1.947014778852462769e-02 9.477098472416400909e-03 2.208754792809486389e-02 2.586311660706996918e-02 1.755811274051666260e-02 2.112194523215293884e-02 2.131604030728340149e-02 4.116943478584289551e-02 3.020538762211799622e-02 1.596000231802463531e-02 7.434497587382793427e-03 1.517096254974603653e-02 1.305389311164617538e-02 1.351300813257694244e-02 2.244333736598491669e-03 1.640208624303340912e-02 1.546908449381589890e-02 1.309123821556568146e-02 1.904097385704517365e-02 1.720167580060660839e-03 2.497424837201833725e-03 2.380006015300750732e-02 2.347706072032451630e-02 1.499699894338846207e-02 2.269352413713932037e-02
1.518287509679794312e-02 1.341255288571119308e-02 1.752403937280178070e-02 2.365234866738319397e-02 2.070175111293792725e-02 6.910606287419795990e-03 3.683649934828281403e-03 1.233530789613723755e-02 8.931684307754039764e-03 8.522935509681701660e-01 1.205203495919704437e-02 3.517691045999526978e-03 1.216329541057348251e-02 1.707060076296329498e-02 9.104590862989425659e-03 5.826305714435875416e-04 1.556564681231975555e-02 1.766110397875308990e-02 3.557178378105163574e-02 6.346402689814567566e-03 6.375297904014587402e-03 1.674729213118553162e-02 6.595091894268989563e-03 1.851277425885200500e-02 1.029652426950633526e-03 3.012657165527343750e-02 8.558106608688831329e-03 1.874928735196590424e-02 1.799515821039676666e-02 4.554159007966518402e-03 2.417961135506629944e-02 4.321060143411159515e-03 1.200372166931629181e-02 1.608213037252426147e-02 1.655938848853111267e-02 4.142483696341514587e-03 2.544265799224376678e-02 1.349088503047823906e-03 4.164124839007854462e-03 2.024556277319788933e-03 7.122344337403774261e-03 1.873718947172164917e-02 3.962743654847145081e-02 2.411150373518466949e-03 5.597541574388742447e-03 2.642428874969482422e-02 1.042241416871547699e-02 2.905133587773889303e-04 4.006010480225086212e-03 5.695740506052970886e-02 6.886103656142950058e-03 4.775606095790863037e-03 3.110554825980216265e-04 3.353846725076436996e-03 1.487424038350582123e-02 4.781596735119819641e-02 3.730294760316610336e-03 2.417008951306343079e-02 7.539712241850793362e-04 2.306395443156361580e-03 8.914025500416755676e-03 3.393523395061492920e-02 6.214031600393354893e-04 1.004192046821117401e-02 1.057817600667476654e-02 1.438120193779468536e-02 8.569128112867474556e-04 1.768036186695098877e-02 8.733631111681461334e-03 1.617821119725704193e-02 2.446661517024040222e-02 7.274524774402379990e-03 1.897443272173404694e-02 2.389749698340892792e-02 1.149966288357973099e-02 1.040790881961584091e-02 8.048555813729763031e-03 6.187059730291366577e-02 8.094073273241519928e-03 6.575484573841094971e-02 1.854701340198516846e-02 1.555308885872364044e-02 1.476166537031531334e-03 4.702557250857353210e-02 4.609091207385063171e-03 4.504757747054100037e-02 9.591960697434842587e-04 9.833728894591331482e-03 1.260777469724416733e-02 2.646448835730552673e-02 1.826581917703151703e-02 1.686697825789451599e-02 1.285356935113668442e-02 3.642107592895627022e-03 1.004851795732975006e-02 2.078172564506530762e-02 2.401563711464405060e-02 1.804328523576259613e-02 1.670821942389011383e-02 3.010497428476810455e-02 1.343614794313907623e-02 3.030709223821759224e-03 1.117919757962226868e-02 9.993455372750759125e-03 1.813488051993772388e-04 4.387571476399898529e-03 4.055794270243495703e-04 5.347250960767269135e-03 3.045943332836031914e-03 1.858819834887981415e-02 5.672842962667346001e-04 8.671037852764129639e-03 2.425376791507005692e-03 2.745675668120384216e-02 2.148281410336494446e-02 1.299775578081607819e-02
4.508026316761970520e-02 4.683372750878334045e-02 6.503139156848192215e-04 1.791343279182910919e-02 1.150343101471662521e-02 4.172386974096298218e-02 4.465467855334281921e-02 6.177801173180341721e-03 1.634091883897781372e-02 1.205203495919704437e-02 8.522935509681701660e-01 1.333722285926342010e-02 4.565002769231796265e-02 1.688403263688087463e-02 2.224799804389476776e-02 1.254590321332216263e-02 8.019892498850822449e-03 9.177017025649547577e-03 2.491280436515808105e-03 6.825462449342012405e-03 8.863916620612144470e-03 2.977807074785232544e-02 1.728641986846923828e-02 1.916872337460517883e-02 1.498776581138372421e-02 5.559135694056749344e-03 2.772928588092327118e-02 6.521531846374273300e-03 2.247983589768409729e-02 7.095065433531999588e-03 1.968224905431270599e-02 1.559083350002765656e-02 2.316777966916561127e-02 1.774954423308372498e-02 2.491633780300617218e-02 1.571507565677165985e-02 1.721770130097866058e-02 2.109250240027904510e-02 7.346326950937509537e-03 3.509643254801630974e-03 1.356671284884214401e-02 1.631056889891624451e-02 2.366562373936176300e-02 6.876086350530385971e-03 2.690459974110126495e-02 2.713795565068721771e-02 4.571602493524551392e-02 3.995202109217643738e-02 6.204180419445037842e-03 1.661294512450695038e-02 2.337941667065024376e-03 1.201102137565612793e-02 1.999817416071891785e-02 1.552635617554187775e-02 9.342499077320098877e-03 1.195232383906841278e-02 1.909119635820388794e-02 1.940261013805866241e-02 1.524827443063259125e-02 2.006706036627292633e-02 2.214594371616840363e-02 1.423067785799503326e-02 2.269477769732475281e-02 2.504744939506053925e-02 3.725231811404228210e-02 3.817742690443992615e-02 1.533848349936306477e-03 1.010680105537176132e-02 2.142279222607612610e-02 1.982255093753337860e-02 1.554125733673572540e-02 2.066250704228878021e-02 5.183840170502662659e-03 2.081819623708724976e-02 1.696326886303722858e-03 1.919221691787242889e-02 2.031317912042140961e-02 1.263725757598876953e-02 4.474802408367395401e-03 7.553739706054329872e-04 2.408986445516347885e-03 1.772369816899299622e-02 8.225293830037117004e-03 1.311546191573143005e-03 2.315516211092472076e-02 1.599903963506221771e-02 2.547575533390045166e-02 2.213947847485542297e-02 1.419494021683931351e-02 9.717243723571300507e-03 3.047861531376838684e-02 3.467307612299919128e-02 2.835879288613796234e-02 3.183653578162193298e-02 4.074463504366576672e-04 1.522788498550653458e-02 2.212908118963241577e-02 1.455425564199686050e-02 1.675649732351303101e-02 1.597639545798301697e-02 8.117644116282463074e-03 1.811963133513927460e-02 1.794929988682270050e-02 1.910638250410556793e-02 9.807742200791835785e-03 1.641019992530345917e-02 1.075023505836725235e-02 1.424162741750478745e-02 1.482705026865005493e-02 2.385672926902770996e-02 1.507323235273361206e-02 1.164588704705238342e-02 5.057643167674541473e-03 1.833768747746944427e-02 1.644909940659999847e-02 1.718077994883060455e-02
2.417713217437267303e-02 1.513327285647392273e-02 1.049122121185064316e-02 3.262845426797866821e-02 2.216066792607307434e-02 2.030956186354160309e-02 1.002686936408281326e-02 6.939631886780261993e-03 1.942993327975273132e-02 3.517691045999526978e-03 1.333722285926342010e-02 8.522935509681701660e-01 1.450038235634565353e-02 4.121434688568115234e-02 1.868294551968574524e-02 2.149643562734127045e-02 9.353838860988616943e-03 1.161732478067278862e-03 1.373796164989471436e-02 1.222368516027927399e-02 1.460026856511831284e-02 2.073276042938232422e-02 3.727589547634124756e-02 2.373841218650341034e-02 7.706971839070320129e-03 1.981457136571407318e-02 1.693675853312015533e-02 4.772848635911941528e-02 5.039597395807504654e-03 4.459754750132560730e-02 1.660041860304772854e-03 5.523474887013435364e-03 1.957143843173980713e-02 3.076355904340744019e-03 1.626222580671310425e-02 1.529171876609325409e-02 8.535870350897312164e-03 1.397844031453132629e-02 2.146511152386665344e-02 1.506298594176769257e-02 1.738135702908039093e-02 1.336946338415145874e-02 5.771013908088207245e-03 4.040150903165340424e-03 3.639410948380827904e-03 1.981210429221391678e-03 4.109998699277639389e-03 6.781848060199990869e-05 2.763245999813079834e-02 2.288179844617843628e-02 2.621523104608058929e-02 2.239607460796833038e-02 2.869701944291591644e-02 3.019499033689498901e-02 2.201419696211814880e-02 1.469615753740072250e-02 3.023984283208847046e-02 2.695035189390182495e-02 2.446078136563301086e-02 2.822380885481834412e-02 1.315057091414928436e-02 5.075566470623016357e-03 2.396691963076591492e-02 2.304501831531524658e-02 1.796363852918148041e-02 1.383822411298751831e-02 6.705114617943763733e-03 9.223599918186664581e-03 2.319747954607009888e-02 2.066996879875659943e-02 1.778247579932212830e-02 2.823197841644287109e-02 4.060227051377296448e-02 1.548522710800170898e-02 3.245339915156364441e-02 3.231071308255195618e-02 2.038317918777465820e-02 1.143418531864881516e-02 3.692227182909846306e-03 6.542089977301657200e-04 6.635707686655223370e-04 1.009895373135805130e-02 2.353798598051071167e-02 6.501358933746814728e-03 4.058549180626869202e-03 5.096297245472669601e-04 1.358828134834766388e-02 1.147799659520387650e-02 3.828623145818710327e-02 3.331863507628440857e-02 1.938014058396220207e-03 1.675471663475036621e-02 6.220581708475947380e-04 1.613691449165344238e-02 1.490445435047149658e-02 4.206868354231119156e-03 8.524121716618537903e-03 1.928223110735416412e-02 5.597447045147418976e-03 9.239009814336895943e-04 8.413114584982395172e-03 1.140039507299661636e-02 1.830880530178546906e-02 1.629412360489368439e-02 2.914739958941936493e-02 2.359832264482975006e-02 3.017491428181529045e-03 2.358002215623855591e-02 9.011854417622089386e-03 1.142080593854188919e-02 2.432290464639663696e-02 1.676738634705543518e-02 1.724464818835258484e-02 1.550318859517574310e-02 1.056876219809055328e-02 1.364668272435665131e-02
4.146568477153778076e-02 4.380600526928901672e-02 3.392763668671250343e-03 1.585535332560539246e-02 9.186390787363052368e-03 3.675503656268119812e-02 4.202933982014656067e-02 5.251941736787557602e-03 1.696326956152915955e-02 1.216329541057348251e-02 4.565002769231796265e-02 1.450038235634565353e-02 8.522935509681701660e-01 1.938845776021480560e-02 2.544835954904556274e-02 1.776639185845851898e-02 1.493656914681196213e-02 1.198319159448146820e-02 6.651305593550205231e-04 1.068120636045932770e-02 3.005036269314587116e-04 2.923459187150001526e-02 2.070434577763080597e-02 2.347489446401596069e-02 1.848571933805942535e-02 1.421125791966915131e-02 2.356025017797946930e-02 7.307116873562335968e-03 2.200695872306823730e-02 8.136550895869731903e-03 2.374946326017379761e-02 2.322405390441417694e-02 2.615560218691825867e-02 2.661935240030288696e-02 2.475684136152267456e-02 1.416782103478908539e-02 1.854682154953479767e-02 2.136177010834217072e-02 1.461066305637359619e-03 1.044010277837514877e-03 1.712222397327423096e-02 1.842765137553215027e-02 2.203023619949817657e-02 5.415103398263454437e-03 2.364866062998771667e-02 2.358013950288295746e-02 4.223580658435821533e-02 3.772251307964324951e-02 1.697803474962711334e-02 2.160329185426235199e-02 1.881327829323709011e-03 6.669185589998960495e-03 2.036776393651962280e-02 2.024973370134830475e-02 1.590239815413951874e-02 2.362369000911712646e-02 1.842593029141426086e-02 2.497677318751811981e-02 1.944372430443763733e-02 2.435874566435813904e-02 2.375336363911628723e-02 1.939173601567745209e-02 1.876731775701045990e-02 2.683532238006591797e-02 3.274759650230407715e-02 3.948434814810752869e-02 8.566632866859436035e-03 1.354994601570069790e-03 2.252467349171638489e-02 1.706802286207675934e-02 1.802255213260650635e-02 2.083456330001354218e-02 8.520926348865032196e-03 1.953485608100891113e-02 3.735440317541360855e-03 1.768740080296993256e-02 1.972011104226112366e-02 1.197323109954595566e-02 1.268038805574178696e-02 2.247017575427889824e-03 3.178539220243692398e-03 1.198404841125011444e-02 1.354865171015262604e-02 1.533922622911632061e-03 2.719328552484512329e-02 2.042927779257297516e-02 2.514601498842239380e-02 2.615575119853019714e-02 1.430676132440567017e-02 5.698178894817829132e-03 2.900725044310092926e-02 3.292077779769897461e-02 2.725486457347869873e-02 3.206907212734222412e-02 6.812493316829204559e-03 2.147544175386428833e-02 2.552872896194458008e-02 1.456627435982227325e-02 1.457000710070133209e-02 1.408340223133563995e-02 1.185764744877815247e-02 2.055462263524532318e-02 1.876637525856494904e-02 1.863998547196388245e-02 1.224387157708406448e-02 1.882477663457393646e-02 1.375795807689428329e-02 1.428570970892906189e-02 1.717903092503547668e-02 2.476824633777141571e-02 1.271391101181507111e-02 1.146109588444232941e-02 8.759278804063796997e-03 1.712766289710998535e-02 1.194384042173624039e-02 1.356865558773279190e-02
