8.166105151176452637e-01 5.543775856494903564e-02 1.555724069476127625e-02 1.637014560401439667e-03 9.763081558048725128e-03 4.056107997894287109e-02 4.679645970463752747e-02 9.251327253878116608e-03 1.815421134233474731e-02 3.281905874609947205e-02 6.092610210180282593e-02 1.775737106800079346e-02 5.239909514784812927e-02 1.869771443307399750e-02 1.694655232131481171e-02 1.996683143079280853e-02 1.777180284261703491e-02 2.032557688653469086e-02 2.798531576991081238e-02 2.184304967522621155e-02 2.570072188973426819e-02 1.223692856729030609e-02 2.146852947771549225e-02 8.043429814279079437e-03 2.739994553849101067e-03 1.662196405231952667e-02 2.993061207234859467e-03 5.635185167193412781e-03 3.814407810568809509e-02 9.550111368298530579e-03 3.395621851086616516e-02 2.135519869625568390e-02 8.299162611365318298e-03 2.333627268671989441e-02 1.892461255192756653e-02 3.140006586909294128e-02 2.139677479863166809e-02 4.595124628394842148e-04 1.584811322391033173e-02 1.791763678193092346e-02 9.365232661366462708e-03 4.605674650520086288e-03 2.247948013246059418e-02 1.075943280011415482e-02 1.581045798957347870e-02 4.802490118891000748e-03 5.206204578280448914e-02 3.727930039167404175e-02 2.142003271728754044e-03 2.666505053639411926e-03 1.051592826843261719e-02 4.103609360754489899e-03 2.534837462007999420e-02 2.495518326759338379e-02 2.701133256778120995e-03 1.280907634645700455e-02 1.650132238864898682e-02 2.813960984349250793e-02 6.334312260150909424e-03 2.133352309465408325e-02 7.326152641326189041e-03 1.671066321432590485e-02 3.439799882471561432e-03 5.922268610447645187e-03 3.576648980379104614e-02 2.928730286657810211e-02 2.372860535979270935e-02 2.949657104909420013e-02 2.858638949692249298e-02 3.299545869231224060e-02 3.815631568431854248e-02 1.354472804814577103e-02 6.660410203039646149e-03 1.178013626486063004e-02 2.122103795409202576e-02 6.313257385045289993e-03 9.499805048108100891e-03 3.529293835163116455e-02 2.124913269653916359e-03 1.782659254968166351e-02 1.467165164649486542e-02 2.736637834459543228e-03 1.503002946265041828e-03 4.438487812876701355e-03 2.407655119895935059e-02 2.069127047434449196e-03 2.073137275874614716e-02 6.994098424911499023e-03 1.979919761652126908e-04 1.454116869717836380e-02 4.054735973477363586e-02 3.394975140690803528e-02 3.617865592241287231e-02 7.505388930439949036e-03 3.167342627421021461e-03 7.264850661158561707e-03 1.327119115740060806e-02 1.027565822005271912e-02 1.355391461402177811e-02 1.790463551878929138e-02 1.139922533184289932e-02 5.692069884389638901e-03 2.388340793550014496e-02 3.098767017945647240e-03 1.894415542483329773e-02 2.079418301582336426e-02 2.047599293291568756e-02 2.437345497310161591e-02 1.265852060168981552e-02 8.572497405111789703e-03 1.281883008778095245e-02 7.024568505585193634e-03 2.212276495993137360e-02 0.000000000000000000e+00 0.000000000000000000e+00 0.000000000000000000e+00
5.543775856494903564e-02 8.166105151176452637e-01 1.311569940298795700e-02 3.962491173297166824e-03 1.341871637850999832e-02 4.482310637831687927e-02 5.788768082857131958e-02 1.265726611018180847e-02 1.238937303423881531e-02 3.489223495125770569e-02 3.794874250888824463e-02 1.416930556297302246e-02 5.323694273829460144e-02 1.671612821519374847e-02 1.110111828893423080e-02 1.168630365282297134e-02 1.684405468404293060e-02 1.619134098291397095e-02 2.529493346810340881e-02 1.735747046768665314e-02 2.558740042150020599e-02 1.215010229498147964e-02 2.232363633811473846e-02 7.096146233379840851e-03 7.901893928647041321e-03 1.135521475225687027e-02 1.691758399829268456e-03 1.792114786803722382e-02 1.748021505773067474e-02 2.174887806177139282e-03 2.384887635707855225e-02 1.760464347898960114e-02 1.383898872882127762e-02 2.101186104118824005e-02 2.790621668100357056e-02 3.181816637516021729e-02 1.121771801263093948e-02 8.704107254743576050e-03 2.318826317787170410e-02 2.111002989113330841e-02 1.134777721017599106e-02 3.663834184408187866e-03 3.270067274570465088e-02 1.603991491720080376e-03 7.807482033967971802e-03 1.088508777320384979e-02 5.220267921686172485e-02 4.872208833694458008e-02 6.762024480849504471e-03 1.878018118441104889e-02 6.905886810272932053e-03 1.149618905037641525e-02 3.833233565092086792e-02 3.593069314956665039e-02 4.566565155982971191e-03 1.816730760037899017e-02 1.005106722004711628e-03 1.981537789106369019e-02 1.206252630800008774e-02 5.957174580544233322e-04 1.540682278573513031e-02 2.445850521326065063e-02 1.985621079802513123e-02 3.488141344860196114e-03 1.894218288362026215e-02 1.825495064258575439e-02 3.052057512104511261e-02 3.220013901591300964e-02 2.419858053326606750e-02 2.186912484467029572e-02 3.346674144268035889e-02 1.099858619272708893e-02 1.409694924950599670e-02 8.246829733252525330e-03 1.254501380026340485e-02 1.428076904267072678e-02 6.602780893445014954e-03 3.313167393207550049e-02 3.761917352676391602e-03 2.128791622817516327e-02 1.099644135683774948e-02 5.523627623915672302e-04 6.010086741298437119e-03 1.566978916525840759e-02 2.263279445469379425e-02 1.358520518988370895e-02 1.946097798645496368e-02 6.395593285560607910e-03 1.208529807627201080e-02 1.087297592312097549e-02 2.525256574153900146e-02 2.290145680308341980e-02 4.081392288208007812e-02 4.458865150809288025e-03 2.031171927228569984e-03 4.284089896827936172e-03 1.314278692007064819e-03 1.840725727379322052e-02 2.077872306108474731e-02 1.925719343125820160e-02 1.239139121025800705e-02 1.288540754467248917e-02 3.221408650279045105e-02 2.368210628628730774e-02 1.910201460123062134e-02 3.474152181297540665e-03 2.226210013031959534e-02 1.911886595189571381e-02 1.199855096638202667e-02 6.818625610321760178e-03 1.588505506515502930e-02 6.894528865814208984e-03 3.057126887142658234e-02 0.000000000000000000e+00 0.000000000000000000e+00 0.000000000000000000e+00
1.555724069476127625e-02 1.311569940298795700e-02 8.166105151176452637e-01 1.421952620148658752e-02 2.837776672095060349e-03 1.909567974507808685e-02 1.915284991264343262e-02 5.406916514039039612e-02 2.298976061865687370e-03 2.564132586121559143e-02 2.479422651231288910e-02 2.190129086375236511e-02 1.559178903698921204e-02 2.286745794117450714e-02 2.069310285151004791e-02 3.423197939991950989e-02 1.795849576592445374e-02 1.779170893132686615e-02 2.616327814757823944e-02 6.349137518554925919e-03 9.127337485551834106e-03 1.328339986503124237e-02 8.783153258264064789e-03 1.042055315338075161e-03 1.080561429262161255e-02 1.251356583088636398e-02 6.327259354293346405e-03 5.147185176610946655e-03 2.938775345683097839e-02 1.164189353585243225e-02 3.068942017853260040e-02 2.429975941777229309e-02 2.271861582994461060e-02 2.659675851464271545e-02 6.806364748626947403e-03 8.160459809005260468e-03 8.315228857100009918e-03 9.910343214869499207e-03 1.712196879088878632e-02 1.401140168309211731e-02 1.379901636391878128e-02 1.164334709756076336e-03 8.337344042956829071e-03 1.988866925239562988e-02 1.401270274072885513e-02 4.450467973947525024e-02 1.714247092604637146e-02 1.961990632116794586e-02 6.289852783083915710e-03 1.516634412109851837e-02 7.411060854792594910e-03 2.015145123004913330e-02 9.701511822640895844e-03 2.196321822702884674e-02 1.209391746670007706e-03 3.207809478044509888e-02 2.629005722701549530e-02 3.413420170545578003e-02 2.540815621614456177e-03 8.926699869334697723e-03 1.073750294744968414e-02 1.437250059098005295e-03 1.746513415127992630e-03 1.684118248522281647e-02 3.161559253931045532e-02 3.383001312613487244e-02 1.185315288603305817e-02 1.406490616500377655e-02 3.400238929316401482e-03 2.340122312307357788e-02 1.321752672083675861e-03 2.748168073594570160e-02 6.902643945068120956e-03 2.375139156356453896e-03 2.932036062702536583e-03 2.578330412507057190e-02 2.166565135121345520e-02 1.952219754457473755e-02 1.366866473108530045e-02 4.321777448058128357e-02 4.726585000753402710e-02 4.546428471803665161e-02 2.819923916831612587e-03 1.688633114099502563e-02 2.384943701326847076e-02 8.536754176020622253e-03 3.560361266136169434e-02 3.026678785681724548e-02 1.628235541284084320e-02 3.489287570118904114e-02 2.981788106262683868e-02 3.438423946499824524e-02 2.640637755393981934e-02 2.129141055047512054e-02 1.819240301847457886e-02 9.159220382571220398e-03 1.178349740803241730e-02 1.338522136211395264e-02 1.239512697793543339e-03 5.955216009169816971e-03 2.880847081542015076e-02 1.788358576595783234e-02 1.282244548201560974e-02 2.039883472025394440e-02 6.377321667969226837e-03 1.939064078032970428e-02 7.728838361799716949e-03 3.505239635705947876e-02 3.240214288234710693e-02 1.302988547831773758e-02 1.766343228518962860e-02 1.854018424637615681e-03 1.055890973657369614e-02 0.000000000000000000e+00 0.000000000000000000e+00 0.000000000000000000e+00
1.637014560401439667e-03 3.962491173297166824e-03 1.421952620148658752e-02 8.166105151176452637e-01 6.421747058629989624e-02 5.161816254258155823e-03 8.872609585523605347e-03 9.890721179544925690e-03 1.784954592585563660e-02 1.858179643750190735e-02 1.422496698796749115e-02 1.189135666936635971e-02 9.134481661021709442e-03 2.402844093739986420e-02 4.952009767293930054e-03 1.212251372635364532e-02 2.748728729784488678e-02 4.181080684065818787e-02 2.574540674686431885e-02 1.425857841968536377e-02 5.722985137253999710e-03 2.020922116935253143e-02 2.707214560359716415e-03 2.448951452970504761e-02 2.930890396237373352e-02 3.140315413475036621e-02 6.909715477377176285e-03 1.925696502439677715e-03 3.033755347132682800e-03 5.975726060569286346e-03 1.069040875881910324e-02 7.372217369265854359e-04 2.404780685901641846e-02 9.018302080221474171e-04 1.530444994568824768e-02 2.086656400933861732e-03 3.148567164316773415e-03 1.226253341883420944e-02 2.579242922365665436e-02 1.987353153526782990e-02 4.727762192487716675e-03 2.419892884790897369e-02 5.475196521729230881e-04 8.930914103984832764e-03 1.172856520861387253e-02 8.835487067699432373e-03 1.176516991108655930e-03 6.233021849766373634e-04 1.587085984647274017e-02 7.805651985108852386e-04 2.145656384527683258e-02 5.239347461611032486e-03 2.458558976650238037e-02 1.734360004775226116e-03 2.295541204512119293e-02 7.248614449054002762e-03 5.400242656469345093e-02 2.505120262503623962e-02 2.218136750161647797e-02 3.057367354631423950e-02 2.669200487434864044e-02 2.166380919516086578e-02 5.014005303382873535e-02 3.313431888818740845e-02 1.215351931750774384e-02 1.227162498980760574e-02 2.161325514316558838e-02 1.360384654253721237e-02 3.110136650502681732e-02 3.715084167197346687e-03 4.021963104605674744e-03 8.807096630334854126e-03 6.911339610815048218e-02 2.123121870681643486e-03 2.532334439456462860e-02 1.550888922065496445e-02 2.506601065397262573e-02 4.802678711712360382e-03 3.474352508783340454e-02 4.067000001668930054e-03 1.522896904498338699e-02 2.510745637118816376e-02 6.916977465152740479e-02 1.897171884775161743e-02 1.020656526088714600e-02 2.249415405094623566e-02 9.459395892918109894e-03 1.761517487466335297e-02 3.802110999822616577e-02 6.591148208826780319e-03 1.903236843645572662e-02 5.341846961528062820e-03 1.450551557354629040e-03 3.477364778518676758e-03 1.953613013029098511e-02 2.358578518033027649e-02 3.921163734048604965e-03 1.187950931489467621e-02 2.152620069682598114e-02 1.527460757642984390e-02 8.595003746449947357e-03 1.953183673322200775e-02 2.533193863928318024e-02 8.297698223032057285e-04 7.658181246370077133e-03 2.911107987165451050e-02 1.530926581472158432e-02 2.122436650097370148e-02 2.061490900814533234e-03 3.608335508033633232e-03 2.665098570287227631e-02 1.972207054495811462e-02 2.951758913695812225e-02 0.000000000000000000e+00 0.000000000000000000e+00 0.000000000000000000e+00
9.763081558048725128e-03 1.341871637850999832e-02 2.837776672095060349e-03 6.421747058629989624e-02 8.166105151176452637e-01 2.624684013426303864e-03 7.045278325676918030e-03 3.763530985452234745e-04 1.437147520482540131e-02 2.100703306496143341e-03 1.667573675513267517e-02 3.731254255399107933e-03 1.851239800453186035e-02 2.281832508742809296e-02 3.844983584713190794e-04 1.144524477422237396e-02 2.388565987348556519e-02 4.050417616963386536e-02 4.299123957753181458e-02 1.356702949851751328e-02 4.180071875452995300e-03 2.553750202059745789e-02 1.077704597264528275e-02 1.836797967553138733e-02 2.941677905619144440e-02 2.587990835309028625e-02 1.543528214097023010e-02 1.497920230031013489e-02 1.052132900804281235e-02 1.332927681505680084e-02 1.754486374557018280e-02 3.425552044063806534e-03 1.362357381731271744e-02 1.340531744062900543e-02 1.472929492592811584e-02 1.008346024900674820e-02 1.215314678847789764e-02 5.035767680965363979e-04 3.262748196721076965e-02 4.207280278205871582e-02 1.315517723560333252e-02 1.932560093700885773e-02 1.175855845212936401e-02 5.575354443863034248e-04 9.088040329515933990e-03 1.632841303944587708e-02 1.106710173189640045e-02 2.767316251993179321e-02 1.636867062188684940e-03 1.326346304267644882e-03 1.890513673424720764e-02 3.336674068123102188e-03 1.320758485235273838e-03 5.321573466062545776e-03 1.042717252857983112e-03 5.540606100112199783e-03 3.934139758348464966e-02 2.543387748301029205e-02 2.336461038794368505e-04 1.826388202607631683e-02 1.899170130491256714e-02 3.254454955458641052e-02 4.159629344940185547e-02 3.072863444685935974e-02 1.467361859977245331e-02 2.063725888729095459e-02 1.115711964666843414e-02 1.266628969460725784e-02 1.766169071197509766e-02 1.517470832914113998e-02 9.269814006984233856e-03 1.056514680385589600e-02 4.066323116421699524e-02 2.634386345744132996e-02 3.473941981792449951e-02 2.362020127475261688e-02 9.712288156151771545e-03 8.913445286452770233e-03 2.225272171199321747e-02 8.277392014861106873e-03 1.891214959323406219e-02 2.237296849489212036e-02 5.138764157891273499e-02 4.805656895041465759e-02 6.198551040142774582e-03 1.781195960938930511e-02 1.880267634987831116e-02 1.876354217529296875e-02 1.548216957598924637e-02 1.224757637828588486e-03 2.656606398522853851e-02 9.622324258089065552e-03 1.290939003229141235e-02 1.053000614047050476e-02 1.739034056663513184e-02 3.441849350929260254e-02 6.658498896285891533e-04 2.391356788575649261e-02 2.379654906690120697e-02 1.969310268759727478e-02 1.237422786653041840e-02 2.653370797634124756e-02 1.878012530505657196e-02 3.250097157433629036e-03 7.959631271660327911e-03 2.320485003292560577e-02 1.303021796047687531e-02 3.127397596836090088e-02 5.699894856661558151e-03 1.665031909942626953e-02 2.385717071592807770e-02 3.050911054015159607e-02 1.401885226368904114e-02 0.000000000000000000e+00 0.000000000000000000e+00 0.000000000000000000e+00
4.056107997894287109e-02 4.482310637831687927e-02 1.909567974507808685e-02 5.161816254258155823e-03 2.624684013426303864e-03 8.166105151176452637e-01 6.928349286317825317e-02 2.097344771027565002e-02 2.821354893967509270e-03 3.151186928153038025e-02 2.981641702353954315e-02 6.142388656735420227e-02 2.526626177132129669e-02 5.078890919685363770e-02 3.836139570921659470e-03 5.653623957186937332e-03 9.083833545446395874e-03 1.494698412716388702e-02 9.997305460274219513e-03 5.793456512037664652e-05 1.406375039368867874e-02 7.274134550243616104e-03 4.274594830349087715e-04 1.184478309005498886e-02 1.330637838691473007e-02 8.241339819505810738e-04 1.731726952129974961e-04 4.365434497594833374e-02 1.191715709865093231e-03 2.723098173737525940e-02 6.635311059653759003e-03 1.393242273479700089e-02 2.278231456875801086e-02 1.006648689508438110e-02 1.640483736991882324e-02 9.964679367840290070e-03 1.144234556704759598e-03 6.340980529785156250e-03 3.088025376200675964e-03 1.120909582823514938e-02 2.521810866892337799e-02 1.428086962550878525e-02 1.621253555640578270e-03 2.364531345665454865e-02 3.425999777391552925e-03 1.990373991429805756e-02 5.350771546363830566e-02 3.449038416147232056e-02 8.503215940436348319e-05 1.719422452151775360e-02 2.531771897338330746e-04 2.917661331593990326e-02 2.103637531399726868e-02 1.569321379065513611e-02 2.050271490588784218e-03 3.132884390652179718e-03 4.463302437216043472e-03 2.129717171192169189e-02 1.428240910172462463e-02 1.314356457442045212e-03 1.151321362704038620e-02 7.412381819449365139e-04 8.367959409952163696e-03 2.321113133803009987e-04 5.947637837380170822e-03 5.603524856269359589e-03 8.075642399489879608e-03 1.981204003095626831e-02 3.366703866049647331e-03 7.178132422268390656e-03 2.694874629378318787e-02 1.225829683244228363e-02 3.937631100416183472e-02 1.764890272170305252e-03 1.152030844241380692e-02 1.948313042521476746e-02 4.738613031804561615e-03 2.745505608618259430e-02 2.570977201685309410e-03 2.259438298642635345e-02 1.081950496882200241e-02 5.646833218634128571e-03 2.151650190353393555e-02 2.884151227772235870e-02 6.164337974041700363e-03 1.835162006318569183e-02 1.608027890324592590e-02 5.597770214080810547e-04 1.513868849724531174e-02 1.899426244199275970e-02 1.771480217576026917e-02 2.833500970155000687e-03 4.644938930869102478e-02 1.329080481082201004e-02 2.469803206622600555e-02 3.922208771109580994e-02 6.699069635942578316e-04 1.385995559394359589e-02 1.803267747163772583e-02 1.233859360218048096e-02 6.113506387919187546e-03 1.586105674505233765e-02 3.381654247641563416e-02 1.589454896748065948e-02 9.754987433552742004e-03 1.175092160701751709e-02 1.983541622757911682e-02 7.481335662305355072e-03 1.111712073907256126e-03 5.427974741905927658e-03 1.244475692510604858e-02 4.138384480029344559e-03 1.415564306080341339e-02 0.000000000000000000e+00 0.000000000000000000e+00 0.000000000000000000e+00
4.679645970463752747e-02 5.788768082857131958e-02 1.915284991264343262e-02 8.872609585523605347e-03 7.045278325676918030e-03 6.928349286317825317e-02 8.166105151176452637e-01 1.284433528780937195e-02 2.249486511573195457e-03 3.704719245433807373e-02 4.025242477655410767e-02 2.811807766556739807e-02 4.870229959487915039e-02 3.038079105317592621e-02 1.236033625900745392e-02 1.447902759537100792e-04 1.463216729462146759e-02 1.310655102133750916e-02 2.402250096201896667e-02 2.024045400321483612e-02 2.611516416072845459e-02 2.276309533044695854e-03 1.899572275578975677e-02 2.586954971775412560e-03 1.341882999986410141e-02 4.534141626209020615e-03 5.463803652673959732e-03 7.912760600447654724e-03 1.447771023958921432e-02 1.126663014292716980e-02 2.219074964523315430e-02 2.695786952972412109e-02 2.288242615759372711e-02 2.110493555665016174e-02 1.789530925452709198e-02 2.352988906204700470e-02 4.796830471605062485e-03 8.743867278099060059e-03 1.668792404234409332e-02 9.531640447676181793e-03 1.860647462308406830e-02 1.650974899530410767e-02 2.269920520484447479e-02 1.794865913689136505e-02 8.003956638276576996e-03 1.574485749006271362e-02 6.340955197811126709e-02 6.048288941383361816e-02 9.839599020779132843e-03 1.173703838139772415e-02 6.609809352084994316e-04 3.189608082175254822e-02 4.190748184919357300e-02 3.487887233495712280e-02 1.342979352921247482e-02 2.084694569930434227e-03 1.628186902962625027e-03 2.091688290238380432e-02 1.472710352391004562e-02 5.232987459748983383e-04 1.161172986030578613e-03 3.439077117945998907e-04 5.629959050565958023e-03 2.345473738387227058e-03 1.469769701361656189e-02 2.071097120642662048e-02 2.976083941757678986e-02 2.560302242636680603e-02 1.065368414856493473e-03 1.659768261015415192e-02 2.029792405664920807e-02 7.850057445466518402e-03 3.182360529899597168e-02 2.604504406917840242e-04 3.296856535598635674e-03 1.221880433149635792e-03 7.533339783549308777e-03 2.957296185195446014e-02 1.486689690500497818e-02 2.093617804348468781e-02 1.439267210662364960e-02 1.647621742449700832e-03 7.945569232106208801e-03 3.265429288148880005e-02 7.955506443977355957e-03 2.790047088637948036e-03 2.200549095869064331e-02 4.299548920243978500e-03 1.133790612220764160e-02 3.176510334014892578e-03 3.087216801941394806e-02 2.046574093401432037e-02 5.329755321145057678e-02 1.843344536609947681e-03 2.404661616310477257e-03 5.763289518654346466e-03 8.659677579998970032e-03 1.879941672086715698e-02 2.045914158225059509e-02 1.022442895919084549e-02 1.183826755732297897e-02 3.397840773686766624e-03 3.543518856167793274e-02 2.724089100956916809e-02 1.089189946651458740e-02 9.843346662819385529e-03 1.281339675188064575e-02 1.967567205429077148e-02 1.976019330322742462e-02 2.254002727568149567e-03 1.783797517418861389e-02 1.009886059910058975e-02 2.559139952063560486e-02 0.000000000000000000e+00 0.000000000000000000e+00 0.000000000000000000e+00
9.251327253878116608e-03 1.265726611018180847e-02 5.406916514039039612e-02 9.890721179544925690e-03 3.763530985452234745e-04 2.097344771027565002e-02 1.284433528780937195e-02 8.166105151176452637e-01 6.656566169112920761e-03 1.502140052616596222e-02 2.316900528967380524e-02 2.163423225283622742e-02 2.154147066175937653e-02 1.397403888404369354e-02 6.067221239209175110e-02 1.062716729938983917e-02 8.135474286973476410e-03 2.717169001698493958e-02 1.671910099685192108e-02 1.046962384134531021e-02 4.086069762706756592e-03 1.983286626636981964e-02 6.205391138792037964e-03 7.887698709964752197e-03 5.863385275006294250e-03 2.246880903840065002e-02 1.653203391470015049e-03 2.876271679997444153e-02 1.018277369439601898e-02 2.596749551594257355e-02 1.157681830227375031e-02 2.883810177445411682e-02 1.689778082072734833e-02 2.239733375608921051e-02 1.903405500343069434e-04 6.930666975677013397e-03 2.781270071864128113e-03 4.836854524910449982e-03 1.095152646303176880e-02 5.434165708720684052e-03 3.326137317344546318e-03 1.419748179614543915e-02 1.540336757898330688e-02 1.392032299190759659e-02 3.993327729403972626e-03 1.079305820167064667e-02 2.126418985426425934e-03 2.948619890958070755e-03 8.112552575767040253e-03 1.888142526149749756e-02 4.184336867183446884e-03 6.985004874877631664e-04 4.771928652189671993e-04 3.046062309294939041e-03 6.008776370435953140e-03 3.866072976961731911e-03 2.199955098330974579e-02 2.252555266022682190e-02 2.388645708560943604e-02 1.822880469262599945e-02 6.544278003275394440e-03 1.305750338360667229e-03 9.136330336332321167e-03 6.436479743570089340e-03 2.464801073074340820e-02 2.010633610188961029e-02 7.350562606006860733e-03 6.683764513581991196e-03 1.392439153278246522e-04 2.123355492949485779e-02 5.229386966675519943e-03 8.737897500395774841e-03 9.354065172374248505e-03 1.334714051336050034e-02 1.298674661666154861e-02 1.321757026016712189e-02 1.459707319736480713e-02 1.960103400051593781e-02 3.519427264109253883e-03 1.567906141281127930e-02 5.271531641483306885e-02 5.581553280353546143e-02 1.480642054229974747e-02 1.036752667278051376e-02 2.458355203270912170e-02 1.041776128113269806e-02 5.229014903306961060e-02 3.056669980287551880e-02 1.696809381246566772e-02 2.434160187840461731e-02 7.504262495785951614e-03 2.641919068992137909e-02 4.884503316134214401e-03 1.032500341534614563e-02 4.459132440388202667e-03 8.281046524643898010e-03 8.013129234313964844e-03 1.798876374959945679e-02 1.094533968716859818e-02 9.562345221638679504e-03 2.561901882290840149e-02 6.282610353082418442e-03 8.588892407715320587e-03 1.718875137157738209e-03 1.068676169961690903e-02 9.350911714136600494e-03 2.238532714545726776e-02 2.235460653901100159e-02 1.492919959127902985e-02 5.808922462165355682e-03 2.143892087042331696e-02 1.893932372331619263e-02 1.286146603524684906e-02 0.000000000000000000e+00 0.000000000000000000e+00 0.000000000000000000e+00
1.815421134233474731e-02 1.238937303423881531e-02 2.298976061865687370e-03 1.784954592585563660e-02 1.437147520482540131e-02 2.821354893967509270e-03 2.249486511573195457e-03 6.656566169112920761e-03 8.166105151176452637e-01 2.639850042760372162e-02 1.233654282987117767e-02 4.744063690304756165e-02 2.319158054888248444e-03 2.256022579967975616e-02 7.354520261287689209e-03 1.346974726766347885e-02 7.946443744003772736e-03 5.317389219999313354e-02 3.273996291682124138e-03 1.004546321928501129e-02 4.865707363933324814e-03 1.390754431486129761e-02 2.902483381330966949e-02 2.523040585219860077e-02 3.127782838419079781e-03 8.094936609268188477e-03 2.265761233866214752e-02 3.466144436970353127e-03 9.823512285947799683e-03 1.100397016853094101e-02 1.526540378108620644e-03 2.685872837901115417e-02 6.051070522516965866e-03 1.005205139517784119e-02 1.174935046583414078e-02 1.796776987612247467e-02 5.986552685499191284e-03 1.777055300772190094e-02 6.938893347978591919e-03 3.932566381990909576e-03 1.023667585104703903e-02 1.846246793866157532e-02 2.097067609429359436e-02 1.386993285268545151e-02 3.834210708737373352e-02 6.164176389575004578e-03 2.075209515169262886e-03 5.627772305160760880e-03 3.940691798925399780e-02 1.021897979080677032e-02 1.477023959159851074e-02 7.095972541719675064e-03 5.847950465977191925e-03 4.079366772202774882e-05 3.872298821806907654e-02 3.649692807812243700e-04 7.608165498822927475e-03 1.079001184552907944e-02 1.226279232650995255e-02 1.943601481616497040e-02 3.466495499014854431e-02 2.920472435653209686e-02 1.923882984556257725e-03 1.144029013812541962e-02 2.065525949001312256e-02 1.933109760284423828e-02 8.304429240524768829e-03 1.059254072606563568e-02 2.527880296111106873e-02 1.248448900878429413e-02 1.354372594505548477e-02 1.875563710927963257e-02 4.048390313982963562e-03 5.885008722543716431e-03 1.665865071117877960e-03 2.809507586061954498e-02 7.559134066104888916e-02 3.150042518973350525e-02 3.025846183300018311e-02 1.011820882558822632e-02 2.561746630817651749e-03 1.812605001032352448e-02 3.857002407312393188e-02 1.038393750786781311e-02 3.224174305796623230e-02 3.030746988952159882e-02 7.382642477750778198e-03 8.276293985545635223e-03 4.801156371831893921e-02 1.682617701590061188e-02 8.028189651668071747e-03 2.367622219026088715e-02 1.195002999156713486e-02 1.730373874306678772e-02 1.733070239424705505e-02 5.179143976420164108e-03 4.432826861739158630e-02 2.566349133849143982e-02 4.437769763171672821e-03 1.040603616274893284e-03 8.779992349445819855e-03 1.023589167743921280e-02 1.167007023468613625e-03 2.296871505677700043e-03 6.640137173235416412e-03 1.893583498895168304e-02 3.389256540685892105e-03 9.454512968659400940e-03 1.142199989408254623e-02 1.883024908602237701e-02 9.631154127418994904e-03 1.720365323126316071e-02 1.287184469401836395e-02 0.000000000000000000e+00 0.000000000000000000e+00 0.000000000000000000e+00
3.281905874609947205e-02 3.489223495125770569e-02 2.564132586121559143e-02 1.858179643750190735e-02 2.100703306496143341e-03 3.151186928153038025e-02 3.704719245433807373e-02 1.502140052616596222e-02 2.639850042760372162e-02 8.166105151176452637e-01 3.353822231292724609e-02 3.392431512475013733e-02 2.825331315398216248e-02 5.018981918692588806e-02 8.590516634285449982e-03 3.737834282219409943e-03 2.356805279850959778e-02 1.425242517143487930e-02 4.115723073482513428e-02 1.254767831414937973e-02 1.824125647544860840e-02 2.225517993792891502e-03 5.533684510737657547e-03 2.738117054104804993e-02 1.358201913535594940e-02 1.460376568138599396e-02 1.070904918015003204e-02 8.156615658663213253e-04 2.644358575344085693e-02 2.241982333362102509e-02 1.937666535377502441e-02 4.958750680088996887e-03 2.754744328558444977e-02 2.433265326544642448e-03 7.662871852517127991e-03 2.980554942041635513e-03 1.681586354970932007e-02 1.009020395576953888e-02 9.755052626132965088e-03 1.248046173714101315e-03 1.171482075005769730e-02 1.990900747478008270e-02 8.486167527735233307e-03 4.223043099045753479e-03 6.672497256658971310e-04 1.568396575748920441e-02 2.856447733938694000e-02 2.408324740827083588e-02 1.596140861511230469e-02 2.895079366862773895e-02 3.703699680045247078e-03 1.440837979316711426e-02 8.783970959484577179e-03 8.367230184376239777e-03 2.030126191675662994e-02 2.783888392150402069e-02 7.166984956711530685e-03 3.179319202899932861e-02 7.672118954360485077e-04 2.889607660472393036e-02 1.992724463343620300e-02 8.214565925300121307e-03 1.264557149261236191e-02 3.473516087979078293e-03 3.355775773525238037e-02 3.055333718657493591e-02 2.002425864338874817e-02 3.038783557713031769e-02 2.370834350585937500e-03 2.564062178134918213e-02 2.329158596694469452e-02 2.128404378890991211e-02 3.203691914677619934e-02 1.217802055180072784e-02 3.630349412560462952e-03 4.840807057917118073e-03 1.366531942039728165e-02 5.532792210578918457e-02 1.775022968649864197e-02 5.193646252155303955e-02 8.758188225328922272e-03 1.057220436632633209e-02 5.166283808648586273e-03 3.683735802769660950e-02 1.282690744847059250e-02 9.967235848307609558e-03 1.334014721214771271e-02 4.997905343770980835e-03 2.263651229441165924e-03 3.331588953733444214e-02 2.209528163075447083e-02 2.467383071780204773e-02 3.501066192984580994e-02 7.768925279378890991e-04 5.695274099707603455e-03 4.392581526190042496e-03 1.089157164096832275e-02 2.029668167233467102e-02 1.084856875240802765e-02 9.196444414556026459e-03 3.862816840410232544e-03 9.663535282015800476e-03 1.875710114836692810e-02 2.919475547969341278e-02 5.861820187419652939e-03 6.931277923285961151e-03 5.772925913333892822e-03 2.324184589087963104e-02 9.239196777343750000e-03 3.027962287887930870e-03 3.476849570870399475e-02 1.483361236751079559e-02 1.640903577208518982e-02 0.000000000000000000e+00 0.000000000000000000e+00 0.000000000000000000e+00
6.092610210180282593e-02 3.794874250888824463e-02 2.479422651231288910e-02 1.422496698796749115e-02 1.667573675513267517e-02 2.981641702353954315e-02 4.025242477655410767e-02 2.316900528967380524e-02 1.233654282987117767e-02 3.353822231292724609e-02 8.166105151176452637e-01 1.763673312962055206e-02 6.020173430442810059e-02 1.117891632020473480e-02 3.381703048944473267e-02 1.543528982438147068e-03 6.607762072235345840e-03 2.651256881654262543e-02 3.698157891631126404e-02 1.641231961548328400e-02 2.142231725156307220e-02 1.931595057249069214e-02 1.730101183056831360e-02 9.319690056145191193e-03 1.631702668964862823e-02 2.967626042664051056e-02 7.205911912024021149e-03 2.532121492549777031e-03 4.588638618588447571e-02 1.700809784233570099e-02 4.391267895698547363e-02 2.805307321250438690e-02 9.121707640588283539e-03 2.654756419360637665e-02 1.536799827590584755e-03 1.715818047523498535e-02 1.278070081025362015e-02 2.482421463355422020e-03 3.677849657833576202e-03 2.211940474808216095e-03 7.142991758882999420e-03 1.039525680243968964e-02 1.506665628403425217e-02 1.780430600047111511e-02 2.228247188031673431e-02 1.296928618103265762e-03 5.220626667141914368e-02 3.418351709842681885e-02 5.469582974910736084e-03 1.532833371311426163e-02 1.223113760352134705e-02 1.551668345928192139e-02 1.092092599719762802e-02 1.731103844940662384e-02 4.272503312677145004e-03 4.132234025746583939e-03 3.262397274374961853e-02 3.676778078079223633e-02 7.708523422479629517e-03 1.511509902775287628e-02 2.605866407975554466e-03 2.489680424332618713e-03 1.569722779095172882e-02 1.852749288082122803e-02 5.086972191929817200e-02 4.972251504659652710e-02 1.533505320549011230e-02 2.315021492540836334e-02 1.899544894695281982e-02 4.089968279004096985e-02 2.048631198704242706e-02 1.644906587898731232e-02 4.182266537100076675e-03 1.248846878297626972e-03 1.614806056022644043e-02 2.519971691071987152e-03 1.041177380830049515e-02 2.944327518343925476e-02 1.857321709394454956e-03 2.091393060982227325e-02 1.661936752498149872e-02 8.226735517382621765e-03 1.756228390149772167e-03 1.201235968619585037e-02 1.844145916402339935e-02 3.067787270992994308e-03 2.957678958773612976e-02 5.241774488240480423e-03 7.399456575512886047e-03 1.399545371532440186e-02 5.022563785314559937e-02 4.469712823629379272e-02 3.384924307465553284e-02 2.005583606660366058e-02 6.536095403134822845e-03 5.521281156688928604e-03 1.264175307005643845e-02 1.294046267867088318e-02 2.538232365623116493e-03 2.395756309852004051e-03 1.397212315350770950e-02 8.768696337938308716e-03 7.137169595807790756e-03 7.909813895821571350e-03 2.281740773469209671e-03 3.158079087734222412e-02 5.242122802883386612e-03 4.155302047729492188e-02 1.889109238982200623e-02 7.863683626055717468e-03 1.198804192245006561e-02 4.666889552026987076e-03 1.269845571368932724e-02 0.000000000000000000e+00 0.000000000000000000e+00 0.000000000000000000e+00
1.775737106800079346e-02 1.416930556297302246e-02 2.190129086375236511e-02 1.189135666936635971e-02 3.731254255399107933e-03 6.142388656735420227e-02 2.811807766556739807e-02 2.163423225283622742e-02 4.744063690304756165e-02 3.392431512475013733e-02 1.763673312962055206e-02 8.166105151176452637e-01 2.158519346266984940e-03 6.999858468770980835e-02 8.064890862442553043e-04 3.106860257685184479e-02 1.358938869088888168e-02 3.101286850869655609e-02 1.633560471236705780e-02 1.213644631206989288e-02 1.432990771718323231e-03 4.188830498605966568e-03 1.728672534227371216e-02 1.954513974487781525e-02 3.782437881454825401e-03 1.035794708877801895e-02 6.039365660399198532e-03 4.555982723832130432e-02 1.037603989243507385e-02 3.908153250813484192e-02 8.819044567644596100e-03 2.585309324786067009e-03 2.087044343352317810e-02 6.730895256623625755e-04 7.761566899716854095e-03 1.464659534394741058e-02 9.043593890964984894e-03 9.024024009704589844e-03 1.294722594320774078e-02 1.131509803235530853e-02 1.304867491126060486e-02 1.935773994773626328e-03 1.925455592572689056e-02 1.101355347782373428e-02 3.660786896944046021e-02 3.345271199941635132e-02 1.192107424139976501e-02 6.494299508631229401e-03 4.222369752824306488e-03 1.652382314205169678e-02 2.792815491557121277e-02 2.774373628199100494e-02 5.588641215581446886e-05 7.522469852119684219e-03 1.115578040480613708e-02 1.337564550340175629e-02 1.906552724540233612e-02 2.958286367356777191e-02 2.820926345884799957e-02 1.638701185584068298e-02 8.653802215121686459e-04 8.648045361042022705e-03 8.582526817917823792e-03 1.904167467728257179e-03 1.605113036930561066e-02 8.626168593764305115e-03 3.167868417222052813e-04 1.406264863908290863e-02 7.427892647683620453e-03 1.473708078265190125e-02 1.085773762315511703e-02 8.227343671023845673e-03 2.480515837669372559e-02 1.812718622386455536e-02 1.403044536709785461e-02 1.335666864179074764e-03 4.186444357037544250e-02 2.604285255074501038e-02 1.730274409055709839e-02 2.534471265971660614e-02 9.583073668181896210e-03 2.313977852463722229e-02 3.219619020819664001e-02 2.507176622748374939e-02 1.128193736076354980e-02 3.407387062907218933e-02 1.005928870290517807e-02 6.810904480516910553e-03 4.339437559247016907e-02 4.088306799530982971e-02 1.373299676924943924e-02 4.558626562356948853e-03 3.765523433685302734e-02 6.489763967692852020e-03 1.167961396276950836e-02 2.276356332004070282e-02 2.678366564214229584e-02 2.502656355500221252e-02 4.369156435132026672e-03 1.876402413472533226e-03 1.203242875635623932e-02 3.540721023455262184e-03 2.117634378373622894e-02 1.563810370862483978e-02 6.462577264755964279e-03 4.884520079940557480e-03 7.098759524524211884e-04 1.037362590432167053e-02 3.324281889945268631e-03 7.016644347459077835e-03 9.321235120296478271e-03 9.439460001885890961e-03 9.496064856648445129e-03 0.000000000000000000e+00 0.000000000000000000e+00 0.000000000000000000e+00
5.239909514784812927e-02 5.323694273829460144e-02 1.559178903698921204e-02 9.134481661021709442e-03 1.851239800453186035e-02 2.526626177132129669e-02 4.870229959487915039e-02 2.154147066175937653e-02 2.319158054888248444e-03 2.825331315398216248e-02 6.020173430442810059e-02 2.158519346266984940e-03 8.166105151176452637e-01 1.005828729830682278e-03 3.509967029094696045e-02 8.255643770098686218e-03 1.064172852784395218e-02 2.099387533962726593e-02 2.710193395614624023e-02 1.610246486961841583e-02 2.186566404998302460e-02 2.104448340833187103e-02 1.543222274631261826e-02 8.185870014131069183e-03 1.030901633203029633e-02 2.880518883466720581e-02 1.264505274593830109e-02 8.683245629072189331e-03 3.437513485550880432e-02 7.788882125169038773e-03 4.211012646555900574e-02 2.655432000756263733e-02 9.429188445210456848e-03 2.426542527973651886e-02 9.686052799224853516e-03 2.285100705921649933e-02 1.415255665779113770e-02 5.587277002632617950e-03 8.270218968391418457e-03 7.113957311958074570e-03 4.090324044227600098e-03 1.297693233937025070e-02 2.939139306545257568e-02 1.052223239094018936e-02 3.303288295865058899e-02 1.122275646775960922e-02 5.119653046131134033e-02 4.540684074163436890e-02 1.301218941807746887e-02 9.289324283599853516e-03 1.306565850973129272e-02 2.082750573754310608e-02 2.196130156517028809e-02 2.811669372022151947e-02 1.569446921348571777e-02 1.392313395626842976e-03 2.295630797743797302e-02 2.994006127119064331e-02 7.568747736513614655e-03 2.625347347930073738e-03 7.299375720322132111e-03 1.319727953523397446e-02 4.867691546678543091e-03 1.398364733904600143e-02 4.073156416416168213e-02 4.689264670014381409e-02 1.961295306682586670e-02 2.017969079315662384e-02 2.984965778887271881e-02 2.722691558301448822e-02 3.147504106163978577e-02 1.933492533862590790e-02 2.382070524618029594e-03 5.289297550916671753e-03 1.814234070479869843e-02 1.668637851253151894e-03 4.764809738844633102e-03 3.026261925697326660e-02 1.057648286223411560e-02 1.684002019464969635e-02 1.463287230581045151e-02 4.859006963670253754e-03 3.200418432243168354e-04 1.429268997162580490e-02 1.821036450564861298e-02 9.902547113597393036e-03 2.888662926852703094e-02 4.267264157533645630e-03 7.403328549116849899e-03 5.138568230904638767e-04 4.423742368817329407e-02 3.775116801261901855e-02 3.578066825866699219e-02 2.074305899441242218e-02 1.911754254251718521e-03 2.112311078235507011e-03 7.296512834727764130e-03 2.019521780312061310e-02 4.320580977946519852e-03 4.946111235767602921e-03 2.022954821586608887e-02 1.534639485180377960e-02 1.038053631782531738e-02 1.453959662467241287e-02 9.212739765644073486e-03 1.492571458220481873e-02 6.797032896429300308e-03 3.152879700064659119e-02 2.181498892605304718e-02 9.191170334815979004e-03 6.462992168962955475e-03 1.374995242804288864e-02 2.599147520959377289e-02 0.000000000000000000e+00 0.000000000000000000e+00 0.000000000000000000e+00
