8.419669866561889648e-01 6.975701451301574707e-02 9.632725268602371216e-03 1.223050337284803391e-02 2.535438397899270058e-04 2.633433043956756592e-02 2.445776388049125671e-02 2.480036579072475433e-02 4.152135516051203012e-04 3.877894487231969833e-04 3.939804062247276306e-02 3.553656628355383873e-03 2.874310500919818878e-02 8.196052163839340210e-03 1.771528273820877075e-02 8.332789875566959381e-03 9.903675876557826996e-03 1.305743772536516190e-02 3.064720891416072845e-03 2.021105773746967316e-02 1.456995122134685516e-02 1.611773110926151276e-02 3.109603188931941986e-02 1.809166558086872101e-02 7.713977713137865067e-03 1.331472117453813553e-02 3.748038085177540779e-03 1.639210991561412811e-02 1.703359186649322510e-02 9.651809930801391602e-03 1.229130383580923080e-02 1.259455224499106407e-03 7.158868480473756790e-03 2.925056498497724533e-03 3.252072026953101158e-03 1.900259521789848804e-03 1.673878915607929230e-02 2.478727838024497032e-03 4.906867397949099541e-04 1.079772226512432098e-02 9.751770645380020142e-03 2.884838962927460670e-03 1.667522825300693512e-02 7.230940274894237518e-03 1.374467462301254272e-02 1.130121015012264252e-02 2.967260777950286865e-02 2.726192213594913483e-02 3.582061734050512314e-03 8.712140843272209167e-03 2.257686853408813477e-02 2.408794872462749481e-02 1.230283454060554504e-02 1.168055459856987000e-02 1.164902001619338989e-02 9.173104539513587952e-03 8.168816566467285156e-03 1.656106859445571899e-02 6.722041405737400055e-03 7.290006149560213089e-03 7.625562138855457306e-03 4.383277613669633865e-03 1.330737490206956863e-02 9.424428455531597137e-03 1.970873400568962097e-02 1.188984047621488571e-02 1.585110649466514587e-02 7.871391251683235168e-03 1.644096523523330688e-02 1.170405559241771698e-02 1.274100877344608307e-02 4.225776065140962601e-03 1.220644544810056686e-02 1.447125570848584175e-03 1.612193323671817780e-02 1.235219463706016541e-02 3.206957364454865456e-03 2.084219269454479218e-02 7.352273911237716675e-03 1.443505752831697464e-02 2.954192087054252625e-02 1.460137404501438141e-02 9.717584587633609772e-03 8.864484727382659912e-03 5.909748375415802002e-03 7.786172442138195038e-03 2.376526594161987305e-02 2.279374934732913971e-02 4.652509000152349472e-03 8.653778582811355591e-03 4.150173813104629517e-02 2.395354397594928741e-02 2.353411354124546051e-02 1.422446221113204956e-02 1.036285236477851868e-02 5.586678627878427505e-03 1.508505269885063171e-02 3.929021768271923065e-04 1.062682271003723145e-02 1.301839482039213181e-02 7.549389731138944626e-03 5.177985411137342453e-03 5.824514664709568024e-03 3.231236245483160019e-03 9.897738695144653320e-03 1.216933014802634716e-03 4.734332207590341568e-03 1.166434027254581451e-02 2.206013770774006844e-03 1.736449822783470154e-02 4.665611311793327332e-03 3.149385331198573112e-03 1.488842070102691650e-02 1.439648866653442383e-02 6.283183582127094269e-03 1.577287726104259491e-02
6.975701451301574707e-02 8.419669866561889648e-01 1.642132923007011414e-02 2.052871696650981903e-02 8.014990016818046570e-03 1.661457307636737823e-02 2.423156797885894775e-02 1.632211357355117798e-02 1.896134950220584869e-02 3.583329264074563980e-03 2.097664214670658112e-02 1.367479655891656876e-02 2.010059915482997894e-02 7.762568071484565735e-03 9.200987406075000763e-03 1.217642799019813538e-02 2.503566071391105652e-02 2.901573665440082550e-02 2.409223932772874832e-03 1.648519933223724365e-02 2.247206494212150574e-02 5.484644789248704910e-03 1.823707111179828644e-02 8.743988350033760071e-03 1.388772483915090561e-02 1.125509850680828094e-02 1.029766164720058441e-02 1.754915527999401093e-02 1.427070237696170807e-02 6.254551000893115997e-03 1.703014830127358437e-03 2.184995636343955994e-02 7.820517756044864655e-03 2.156269736588001251e-02 3.509770845994353294e-03 2.391413785517215729e-02 4.844282194972038269e-02 5.906937643885612488e-03 1.272656489163637161e-02 1.172528020106256008e-03 2.769917715340852737e-03 1.342929550446569920e-03 9.046946652233600616e-03 1.530875172466039658e-02 1.238079927861690521e-02 1.487830653786659241e-02 1.181968860328197479e-02 1.779613085091114044e-02 8.207931183278560638e-03 2.945826016366481781e-02 2.019078237935900688e-03 1.241473946720361710e-03 2.223214879631996155e-02 3.965074568986892700e-02 1.830450445413589478e-02 1.706057600677013397e-02 1.438584085553884506e-02 9.010304696857929230e-03 1.390628889203071594e-02 2.206067182123661041e-02 1.233083009719848633e-02 7.305778097361326218e-03 4.225987941026687622e-03 2.644005697220563889e-03 1.188627164810895920e-02 1.126696937717497349e-03 2.235437557101249695e-02 1.342355366796255112e-02 2.668972872197628021e-02 6.761437398381531239e-04 4.283000715076923370e-03 2.336153201758861542e-02 7.145509589463472366e-03 4.879366606473922729e-03 2.335273101925849915e-02 2.384086139500141144e-02 2.142822742462158203e-02 1.398099865764379501e-02 1.712478813715279102e-03 3.286397829651832581e-02 1.109575759619474411e-02 1.810592226684093475e-02 2.556810155510902405e-02 9.148466400802135468e-03 2.078153658658266068e-03 2.103132009506225586e-02 1.715639419853687286e-02 1.955491863191127777e-02 7.518438156694173813e-03 4.835512954741716385e-03 1.318409200757741928e-02 1.735382527112960815e-02 1.826797798275947571e-02 5.044469609856605530e-03 2.342939190566539764e-02 1.504191756248474121e-02 1.776268822140991688e-03 1.303606480360031128e-02 1.702599041163921356e-02 2.779474249109625816e-03 2.601190283894538879e-02 2.731044963002204895e-02 5.810746457427740097e-03 4.511255305260419846e-03 2.869472466409206390e-02 3.277048468589782715e-03 6.949868402443826199e-04 6.710832938551902771e-03 2.161662466824054718e-02 3.764334251172840595e-04 9.526794019620865583e-05 1.122638583183288574e-02 1.730838790535926819e-02 5.979479756206274033e-03 1.053215377032756805e-02 1.167316222563385963e-03
9.632725268602371216e-03 1.642132923007011414e-02 8.419669866561889648e-01 1.175757497549057007e-02 6.351474206894636154e-03 7.051805499941110611e-03 2.360119484364986420e-03 3.831021860241889954e-02 2.359096892178058624e-03 5.326170474290847778e-03 6.661032792180776596e-03 1.825436390936374664e-02 1.387118478305637836e-03 1.833409443497657776e-02 1.623435318470001221e-02 5.969230551272630692e-03 2.898583887144923210e-03 1.994966296479105949e-03 1.405829330906271935e-03 1.854140870273113251e-02 1.340598985552787781e-02 1.515274308621883392e-02 1.986468210816383362e-02 1.107436418533325195e-02 2.958818711340427399e-02 1.227151509374380112e-02 1.469016075134277344e-03 8.427591994404792786e-03 8.589858189225196838e-03 1.538520399481058121e-02 1.834063418209552765e-02 2.267517335712909698e-02 1.238451339304447174e-02 2.266542613506317139e-02 3.506225999444723129e-03 1.792266219854354858e-02 2.175459824502468109e-02 1.247631013393402100e-02 4.817230001208372414e-05 1.027106493711471558e-02 1.028235536068677902e-02 3.101919591426849365e-02 2.860735543072223663e-02 4.420066997408866882e-02 1.328841433860361576e-03 1.112099271267652512e-03 7.048127590678632259e-04 1.054201857186853886e-03 1.672530733048915863e-02 1.376459933817386627e-02 8.579678833484649658e-03 5.411409307271242142e-03 5.805854685604572296e-03 1.453419309109449387e-02 3.565564693417400122e-04 1.150687038898468018e-02 5.240547470748424530e-03 7.391440216451883316e-03 1.113246008753776550e-02 1.704007200896739960e-02 1.107706222683191299e-02 6.819500587880611420e-03 1.546829100698232651e-02 2.937573194503784180e-02 1.162399910390377045e-02 1.008742395788431168e-02 2.070815861225128174e-02 2.933553420007228851e-02 3.231848590075969696e-03 7.408734411001205444e-03 7.464043796062469482e-03 6.436600815504789352e-03 4.938884172588586807e-03 7.732196245342493057e-03 7.358198054134845734e-03 8.596326224505901337e-03 8.619044907391071320e-03 8.452847250737249851e-04 2.856603125110268593e-03 4.315009806305170059e-03 4.831095039844512939e-02 4.453921318054199219e-02 2.369776921113952994e-04 7.415421423502266407e-04 2.557317540049552917e-02 2.188049256801605225e-02 2.764925919473171234e-02 2.579840458929538727e-02 9.145731106400489807e-03 3.505856730043888092e-03 1.133865880547091365e-04 1.821671240031719208e-02 2.357983496040105820e-03 1.721277832984924316e-02 1.220471691340208054e-02 1.169681735336780548e-02 4.634921438992023468e-03 2.630893373861908913e-03 3.493459522724151611e-02 3.511583805084228516e-02 1.930152811110019684e-02 1.501984335482120514e-02 6.589172873646020889e-03 8.791669271886348724e-03 1.282194722443819046e-02 8.584580384194850922e-03 5.504394415766000748e-03 1.309600658714771271e-02 1.693588308990001678e-02 3.035292029380798340e-03 6.483306642621755600e-03 4.249017219990491867e-03 2.981353923678398132e-02 1.842007040977478027e-02 1.280922151636332273e-04 3.218689933419227600e-02
1.223050337284803391e-02 2.052871696650981903e-02 1.175757497549057007e-02 8.419669866561889648e-01 5.690748617053031921e-02 5.010814857087098062e-05 7.188173942267894745e-03 1.341836806386709213e-02 1.476030051708221436e-02 3.455135505646467209e-03 5.302981007844209671e-03 6.664217449724674225e-03 2.161849290132522583e-03 1.630984246730804443e-02 8.681395091116428375e-03 2.354598604142665863e-02 1.835355907678604126e-02 4.647513851523399353e-03 2.195638837292790413e-03 3.244625171646475792e-03 5.891348700970411301e-03 2.099437406286597252e-03 1.189648639410734177e-02 1.021547242999076843e-02 1.603064499795436859e-02 2.030899375677108765e-02 3.964900504797697067e-03 2.501005865633487701e-02 7.448913063853979111e-03 3.020204417407512665e-02 2.236988209187984467e-02 7.326378254219889641e-04 1.673104055225849152e-02 4.741282667964696884e-03 1.826548762619495392e-02 2.743294276297092438e-02 2.129635959863662720e-02 3.867720253765583038e-03 5.027366057038307190e-02 3.870647028088569641e-02 4.200215917080640793e-03 2.672727219760417938e-03 1.722421869635581970e-02 5.272519774734973907e-04 1.244033407419919968e-02 2.700219675898551941e-02 2.423563972115516663e-03 3.914846456609666348e-04 9.388351812958717346e-03 1.365739735774695873e-03 7.957946509122848511e-03 6.281171459704637527e-03 3.000396862626075745e-02 3.140842169523239136e-02 5.955203436315059662e-03 3.467189148068428040e-03 1.947598904371261597e-02 1.483721286058425903e-02 4.007361456751823425e-02 4.384218528866767883e-02 2.035815827548503876e-02 1.236874330788850784e-02 3.569367155432701111e-02 2.175648882985115051e-02 2.070884965360164642e-02 1.283738855272531509e-02 5.542417988181114197e-03 2.395407995209097862e-03 1.417249627411365509e-02 1.659771241247653961e-02 1.888331025838851929e-02 8.361536078155040741e-03 6.002336367964744568e-02 2.930863760411739349e-03 5.084408447146415710e-02 6.617928855121135712e-03 3.067326918244361877e-02 2.532713674008846283e-02 2.754551172256469727e-02 2.257812023162841797e-02 2.271523000672459602e-03 4.154434427618980408e-03 2.202908135950565338e-02 6.623462308198213577e-03 4.021706990897655487e-03 1.527897175401449203e-02 1.737044192850589752e-02 5.681778304278850555e-03 3.233744576573371887e-02 1.620897091925144196e-02 5.148487631231546402e-03 1.906319707632064819e-02 2.905514091253280640e-03 8.555717766284942627e-03 1.240915339440107346e-02 8.686314336955547333e-03 1.195190194994211197e-02 1.518504880368709564e-02 5.553624592721462250e-03 1.586247817613184452e-03 1.164253707975149155e-02 1.578183472156524658e-02 1.145782764069736004e-03 5.078882910311222076e-03 1.610269770026206970e-02 7.260136771947145462e-03 4.928944632411003113e-03 2.788196504116058350e-02 1.465672440826892853e-02 2.788260392844676971e-02 1.556323282420635223e-02 6.525177974253892899e-03 1.857964694499969482e-02 2.474594302475452423e-02 1.612500287592411041e-02 5.271103233098983765e-03
2.535438397899270058e-04 8.014990016818046570e-03 6.351474206894636154e-03 5.690748617053031921e-02 8.419669866561889648e-01 1.190997310914099216e-03 2.818803768604993820e-03 2.170532243326306343e-03 2.019208483397960663e-02 2.730000391602516174e-02 3.019019728526473045e-03 3.969701007008552551e-03 9.615805931389331818e-03 1.722769625484943390e-02 3.828512737527489662e-03 3.379323333501815796e-02 4.215760156512260437e-02 6.810646969825029373e-03 2.595649287104606628e-02 1.293061021715402603e-02 1.251337677240371704e-02 4.591782577335834503e-03 1.375262066721916199e-02 1.553024444729089737e-02 6.612922996282577515e-03 2.921475097537040710e-02 3.250948386266827583e-03 1.154226902872323990e-02 3.872702945955097675e-04 2.497762255370616913e-02 4.939974285662174225e-03 5.936986301094293594e-03 2.957515604794025421e-02 1.667907275259494781e-02 2.677869983017444611e-02 7.681529968976974487e-03 1.824648305773735046e-02 1.008408889174461365e-02 5.506134033203125000e-02 6.179345399141311646e-02 9.983782656490802765e-03 1.308079250156879425e-02 7.560002617537975311e-03 2.603172324597835541e-03 3.736332000698894262e-04 1.121276337653398514e-02 6.364998873323202133e-03 1.933932420797646046e-03 8.610311895608901978e-03 1.580695994198322296e-02 9.243190288543701172e-03 1.079206913709640503e-02 2.518681436777114868e-02 2.887977659702301025e-02 3.916522022336721420e-03 3.022881597280502319e-02 2.050562016665935516e-02 2.881395630538463593e-02 3.473313897848129272e-02 4.355972632765769958e-02 2.719750255346298218e-02 3.022849373519420624e-02 2.552764490246772766e-02 3.622271120548248291e-02 6.284151691943407059e-03 3.515552962198853493e-03 2.451926236972212791e-03 1.871909596957266331e-03 1.558797061443328857e-02 1.011867076158523560e-02 3.541323170065879822e-02 1.118787098675966263e-03 4.587285965681076050e-02 7.748031988739967346e-03 5.979708954691886902e-02 1.470180414617061615e-02 5.525954999029636383e-03 2.750545181334018707e-02 1.535844337195158005e-02 1.553806196898221970e-02 1.214684918522834778e-03 3.162826411426067352e-03 8.048916235566139221e-03 3.465449064970016479e-02 1.693246141076087952e-02 2.231414429843425751e-03 4.053900949656963348e-03 1.745098852552473545e-03 2.442359924316406250e-02 3.985764086246490479e-02 1.106188446283340454e-02 7.929193787276744843e-03 4.375217016786336899e-03 9.133864077739417553e-04 7.937300950288772583e-03 1.898324489593505859e-02 1.304851029999554157e-04 1.000051479786634445e-02 1.773849129676818848e-02 2.126598171889781952e-02 4.613377619534730911e-03 2.140836045145988464e-02 1.458068378269672394e-02 5.041262600570917130e-03 1.608819328248500824e-02 1.338840834796428680e-02 1.963121816515922546e-03 1.695961318910121918e-02 1.617121882736682892e-02 2.580789290368556976e-02 1.223054435104131699e-02 2.410604804754257202e-02 3.842759877443313599e-03 1.904404372908174992e-03 6.320956628769636154e-03 9.317949879914522171e-04
2.633433043956756592e-02 1.661457307636737823e-02 7.051805499941110611e-03 5.010814857087098062e-05 1.190997310914099216e-03 8.419669866561889648e-01 6.706690043210983276e-02 1.277704257518053055e-02 2.598478458821773529e-03 5.548681598156690598e-03 4.260189086198806763e-02 3.833267837762832642e-02 2.777455933392047882e-02 3.230945765972137451e-02 1.095253881067037582e-02 5.225447937846183777e-03 3.791407449170947075e-03 1.865840051323175430e-03 1.605943776667118073e-02 6.688150577247142792e-03 2.150286547839641571e-02 1.062060613185167313e-02 1.368605066090822220e-03 4.710968118160963058e-03 1.452746801078319550e-03 8.244081400334835052e-03 1.946745067834854126e-02 3.156479820609092712e-02 2.475635334849357605e-02 2.629234828054904938e-02 3.568090265616774559e-03 3.306526318192481995e-02 6.819454953074455261e-03 3.648540005087852478e-02 5.614142282865941525e-04 9.196893312036991119e-03 8.693110197782516479e-03 1.304483320564031601e-02 1.405118033289909363e-02 4.525517113506793976e-03 1.578249968588352203e-02 2.483392891008406878e-04 7.911121472716331482e-03 3.783192718401551247e-03 3.817051649093627930e-02 2.524051815271377563e-02 7.167411595582962036e-02 4.800417646765708923e-02 3.617504984140396118e-02 2.086553536355495453e-02 3.288633748888969421e-02 2.996443025767803192e-02 2.010595612227916718e-02 2.061014808714389801e-02 1.815789937973022461e-02 8.046049624681472778e-03 5.451723933219909668e-03 2.747402526438236237e-02 1.173422392457723618e-02 7.079061586409807205e-03 1.414080429822206497e-02 2.329865470528602600e-02 1.202473323792219162e-02 9.072603657841682434e-03 2.108995988965034485e-02 1.300245057791471481e-02 1.090394146740436554e-02 1.677332073450088501e-02 1.443381700664758682e-02 1.400917582213878632e-02 8.010095916688442230e-03 1.327256951481103897e-02 2.679633349180221558e-02 9.591827169060707092e-03 1.591199822723865509e-02 2.098610997200012207e-02 1.405998249538242817e-03 1.021986640989780426e-02 1.034659519791603088e-02 2.282083407044410706e-02 6.497420836240053177e-04 1.019153394736349583e-03 3.827161854133009911e-04 1.940162293612957001e-02 5.636959336698055267e-03 2.581242937594652176e-03 1.713384315371513367e-02 1.293639279901981354e-02 1.963301934301853180e-02 2.504193456843495369e-03 4.324593394994735718e-02 1.992811635136604309e-02 3.835695236921310425e-02 3.714147955179214478e-03 2.913184277713298798e-02 2.561829425394535065e-02 5.101009155623614788e-04 6.680380902253091335e-04 9.536633267998695374e-03 7.885087281465530396e-03 1.368819270282983780e-02 1.591819897294044495e-02 3.726183203980326653e-03 3.729907097294926643e-03 1.879468932747840881e-02 1.181705854833126068e-02 2.628022246062755585e-02 9.225283749401569366e-03 2.054383978247642517e-02 7.192566525191068649e-03 1.902067661285400391e-02 1.716183684766292572e-02 1.455022115260362625e-02 1.633252575993537903e-02 3.988085780292749405e-03 2.401609905064105988e-02
2.445776388049125671e-02 2.423156797885894775e-02 2.360119484364986420e-03 7.188173942267894745e-03 2.818803768604993820e-03 6.706690043210983276e-02 8.419669866561889648e-01 2.471650019288063049e-02 1.128205563873052597e-03 3.710541641339659691e-03 5.295429006218910217e-02 2.380416542291641235e-02 4.514163732528686523e-02 2.994924783706665039e-02 1.731551066040992737e-02 1.325540523976087570e-02 6.885345559567213058e-03 6.536257918924093246e-03 8.535389788448810577e-03 1.293213386088609695e-02 1.417838782072067261e-02 2.069274894893169403e-02 3.072731895372271538e-03 1.236094511114060879e-03 6.578546017408370972e-03 1.707459241151809692e-02 2.113591134548187256e-02 1.867196895182132721e-02 2.848707698285579681e-02 1.725676655769348145e-02 5.888812709599733353e-03 1.985560916364192963e-02 5.569630302488803864e-03 2.138994261622428894e-02 9.365248493850231171e-03 6.796958623453974724e-04 5.856189876794815063e-03 1.444158703088760376e-02 3.815561998635530472e-03 7.598581723868846893e-03 1.999663375318050385e-02 2.712133806198835373e-03 5.663427524268627167e-03 2.941499697044491768e-03 3.700193762779235840e-02 3.128205984830856323e-02 6.780827790498733521e-02 6.989376246929168701e-02 3.140738233923912048e-02 2.412472153082489967e-03 2.274915575981140137e-02 1.937133446335792542e-02 1.801773346960544586e-02 1.614022068679332733e-02 1.258465461432933807e-02 5.163484252989292145e-03 6.099558901041746140e-03 3.455513715744018555e-02 4.099417943507432938e-03 4.673751071095466614e-03 1.095901243388652802e-02 1.186620350927114487e-02 1.216186117380857468e-02 1.327782403677701950e-02 3.373732045292854309e-02 3.053835593163967133e-02 3.641819581389427185e-03 4.826175514608621597e-03 8.093832060694694519e-03 2.301605232059955597e-02 1.469701062887907028e-03 8.126447908580303192e-03 1.431527733802795410e-02 2.192658558487892151e-02 3.989871591329574585e-03 1.527778338640928268e-02 7.289305329322814941e-03 8.484951220452785492e-03 2.200201386585831642e-03 1.395133510231971741e-02 7.850889116525650024e-03 1.634039729833602905e-02 9.399878792464733124e-03 1.036777999252080917e-02 3.123241476714611053e-03 1.387391053140163422e-02 1.874900981783866882e-02 2.754721418023109436e-02 1.490027271211147308e-02 1.971241785213351250e-03 5.469232797622680664e-02 3.064023517072200775e-02 5.802767351269721985e-02 1.995899342000484467e-02 2.079433389008045197e-02 2.178254723548889160e-02 1.250982843339443207e-02 9.095433168113231659e-03 7.279030978679656982e-03 5.733240861445665359e-03 2.255133818835020065e-03 4.032124765217304230e-03 3.717157989740371704e-03 2.146313153207302094e-02 1.825923245633020997e-04 4.861203022301197052e-03 1.610722020268440247e-02 7.807866670191287994e-03 1.275971904397010803e-02 1.332662068307399750e-02 1.187621057033538818e-02 7.109529338777065277e-03 9.163139387965202332e-03 1.389847602695226669e-02 2.571291523054242134e-03 1.473706308752298355e-02
2.480036579072475433e-02 1.632211357355117798e-02 3.831021860241889954e-02 1.341836806386709213e-02 2.170532243326306343e-03 1.277704257518053055e-02 2.471650019288063049e-02 8.419669866561889648e-01 4.517659079283475876e-03 8.756882511079311371e-03 2.879652008414268494e-02 9.065949358046054840e-03 2.872469276189804077e-02 1.090641482733190060e-03 4.159654676914215088e-02 1.021864172071218491e-02 3.332242195028811693e-04 3.938404377549886703e-03 1.470562303438782692e-03 2.966363914310932159e-02 1.964449323713779449e-02 4.141946136951446533e-02 1.331973168998956680e-02 1.247348263859748840e-02 3.049443662166595459e-02 2.363433130085468292e-02 2.846325375139713287e-02 3.006769344210624695e-03 2.176199294626712799e-02 6.249133730307221413e-04 2.244207449257373810e-02 5.119779147207736969e-03 1.440175157040357590e-02 9.907402098178863525e-03 1.870873197913169861e-02 3.184203431010246277e-02 2.457550354301929474e-02 3.537508100271224976e-02 1.549338176846504211e-02 7.038821000605821609e-03 2.807169221341609955e-02 1.897408440709114075e-02 2.324053458869457245e-02 3.334286063909530640e-02 1.074919011443853378e-02 9.548679925501346588e-03 2.041783742606639862e-02 2.673677541315555573e-02 7.499243132770061493e-03 8.817576803267002106e-03 2.747873030602931976e-02 1.952290162444114685e-02 5.359760485589504242e-03 5.197280552238225937e-03 3.584372345358133316e-03 2.111880294978618622e-02 1.464173756539821625e-02 1.428675279021263123e-02 2.944804914295673370e-02 1.294529996812343597e-02 7.390431710518896580e-04 8.188840001821517944e-03 1.760572008788585663e-02 2.699755597859621048e-03 3.041478060185909271e-02 2.811638079583644867e-02 2.005016617476940155e-02 2.376138418912887573e-02 4.643292631953954697e-03 1.506507676094770432e-02 3.667032811790704727e-03 1.488154102116823196e-02 2.698697149753570557e-03 1.249335985630750656e-02 6.819870788604021072e-03 2.440746175125241280e-03 1.846337504684925079e-02 6.723414640873670578e-03 1.155512966215610504e-02 1.908447034657001495e-02 5.416967719793319702e-02 4.871878400444984436e-02 3.001907141879200935e-03 7.322551216930150986e-03 1.392675656825304031e-02 2.085594832897186279e-02 4.557824879884719849e-02 4.243092238903045654e-02 1.004642713814973831e-02 1.365289464592933655e-02 2.484163269400596619e-02 3.195212408900260925e-02 2.209397777915000916e-02 3.065918758511543274e-02 3.175869584083557129e-03 7.000524550676345825e-03 2.075739204883575439e-02 1.157080568373203278e-02 1.890717074275016785e-02 2.703906781971454620e-02 1.857797615230083466e-02 1.878763735294342041e-02 2.267407998442649841e-02 1.344714127480983734e-02 1.076701376587152481e-02 1.982236839830875397e-02 7.300676777958869934e-03 2.451211027801036835e-02 1.658787764608860016e-02 1.559081580489873886e-02 1.343181822448968887e-02 1.143740117549896240e-02 2.098103053867816925e-02 2.534866891801357269e-02 9.579295292496681213e-04 7.484693545848131180e-03
4.152135516051203012e-04 1.896134950220584869e-02 2.359096892178058624e-03 1.476030051708221436e-02 2.019208483397960663e-02 2.598478458821773529e-03 1.128205563873052597e-03 4.517659079283475876e-03 8.419669866561889648e-01 4.984483867883682251e-02 4.271184559911489487e-03 1.992795616388320923e-02 1.774419331923127174e-03 1.096987072378396988e-02 7.997844950295984745e-04 4.748701117932796478e-03 3.881342709064483643e-03 5.859547108411788940e-02 1.853334158658981323e-02 1.639595255255699158e-02 1.419798005372285843e-02 9.411402046680450439e-03 2.761335670948028564e-02 2.703331410884857178e-02 2.133636036887764931e-03 6.252507213503122330e-03 1.612993888556957245e-02 1.267285645008087158e-02 1.316627580672502518e-02 1.009695976972579956e-02 2.068508230149745941e-02 1.334713678807020187e-02 1.713850907981395721e-02 4.599643871188163757e-03 1.089947909349575639e-04 1.023499667644500732e-02 7.838202291168272495e-04 2.563421847298741341e-03 1.115894876420497894e-02 4.611217416822910309e-03 9.375041350722312927e-03 3.598180040717124939e-02 1.918831653892993927e-02 4.270520061254501343e-03 3.027664683759212494e-02 6.425410043448209763e-03 3.672797465696930885e-03 1.017854898236691952e-03 3.913478925824165344e-02 1.065959967672824860e-02 1.932645961642265320e-02 2.243387140333652496e-02 6.664288695901632309e-03 1.302588963881134987e-03 5.290108546614646912e-02 2.635676786303520203e-02 3.957771509885787964e-02 1.392863690853118896e-02 1.023503765463829041e-02 1.095929741859436035e-02 2.487134933471679688e-02 1.976911537349224091e-02 5.768863484263420105e-03 4.227783938404172659e-04 6.632893346250057220e-03 1.197366602718830109e-02 1.220352947711944580e-02 9.650159627199172974e-03 1.840042881667613983e-02 2.670592255890369415e-02 2.977657830342650414e-03 4.959881305694580078e-02 2.141563221812248230e-02 1.976391114294528961e-02 5.674582789652049541e-04 5.332631617784500122e-02 5.321276932954788208e-02 3.732345253229141235e-02 5.890607461333274841e-02 8.974646218121051788e-03 4.219073336571455002e-03 2.619061619043350220e-03 5.909200757741928101e-02 1.432364713400602341e-02 5.178337451070547104e-04 9.218551218509674072e-03 4.782537580467760563e-04 3.275926690548658371e-03 3.022747486829757690e-02 3.259819373488426208e-02 3.896722570061683655e-03 9.800319559872150421e-03 1.329096383415162563e-03 2.852112241089344025e-02 4.328221082687377930e-02 1.296706590801477432e-02 5.507637746632099152e-03 2.365874871611595154e-02 2.810261584818363190e-02 1.010168157517910004e-02 5.089704878628253937e-03 4.603001871146261692e-04 1.503222435712814331e-02 1.043462101370096207e-02 3.867771243676543236e-03 9.759574313648045063e-04 1.768193580210208893e-02 2.202767506241798401e-02 9.821530431509017944e-03 1.375751197338104248e-02 3.394379746168851852e-04 5.400667432695627213e-03 8.042247965931892395e-03 1.263427734375000000e-02 1.047035306692123413e-02 8.618385763838887215e-04
3.877894487231969833e-04 3.583329264074563980e-03 5.326170474290847778e-03 3.455135505646467209e-03 2.730000391602516174e-02 5.548681598156690598e-03 3.710541641339659691e-03 8.756882511079311371e-03 4.984483867883682251e-02 8.419669866561889648e-01 1.340272137895226479e-03 1.138215232640504837e-02 2.706124912947416306e-03 1.180442515760660172e-02 4.679218400269746780e-03 5.060445517301559448e-03 1.885288767516613007e-02 4.956638440489768982e-02 5.676995217800140381e-02 2.664633840322494507e-02 1.226215623319149017e-02 8.480736985802650452e-03 2.791834250092506409e-02 3.186812251806259155e-02 1.874295063316822052e-02 1.305237412452697754e-02 6.035672500729560852e-03 3.484019078314304352e-03 1.421075779944658279e-02 8.760530501604080200e-03 1.934212446212768555e-02 2.057698182761669159e-02 2.468305639922618866e-02 1.955648139119148254e-02 8.911591954529285431e-03 3.722616238519549370e-03 1.103495713323354721e-02 7.224847562611103058e-03 1.707374677062034607e-02 4.743272904306650162e-03 1.290844939649105072e-02 5.181439220905303955e-03 2.692536078393459320e-02 1.902538351714611053e-02 7.667509373277425766e-03 1.378902979195117950e-02 9.326515719294548035e-03 5.586548242717981339e-03 8.180003613233566284e-03 3.771308064460754395e-02 2.759870141744613647e-02 3.016608580946922302e-02 7.192570250481367111e-03 1.221399847418069839e-02 4.685041029006242752e-03 5.610823258757591248e-02 2.893792465329170227e-02 3.268718719482421875e-02 5.584063939750194550e-03 1.693075895309448242e-02 1.310377102345228195e-02 4.659177362918853760e-02 8.259185706265270710e-04 1.898681558668613434e-02 4.423745442181825638e-03 4.964890889823436737e-03 2.049435488879680634e-02 2.201053686439990997e-02 1.198971457779407501e-02 4.086729139089584351e-02 2.667305245995521545e-02 1.445497293025255203e-02 1.488240994513034821e-02 3.731326758861541748e-02 1.550643052905797958e-02 1.420379057526588440e-02 5.105366464704275131e-03 5.130606517195701599e-02 2.848444506525993347e-02 4.228938743472099304e-02 9.574895724654197693e-03 1.807435473892837763e-04 3.820035606622695923e-02 4.794597625732421875e-02 1.942373253405094147e-02 9.505170397460460663e-03 1.064815372228622437e-02 9.822117164731025696e-03 1.005932781845331192e-02 5.699966475367546082e-02 5.153740756213665009e-03 1.523535419255495071e-02 7.183704059571027756e-03 1.069431193172931671e-02 8.471848443150520325e-03 2.161615714430809021e-02 4.700661229435354471e-04 2.382271690294146538e-03 6.811942439526319504e-03 1.321255229413509369e-02 7.220674771815538406e-03 8.020407520234584808e-03 1.325775962322950363e-02 2.957834163680672646e-03 7.608980871737003326e-03 8.748844265937805176e-03 5.309370812028646469e-03 2.759747439995408058e-04 1.705807633697986603e-02 2.411310933530330658e-02 2.439777366816997528e-03 1.030054409056901932e-02 2.039954252541065216e-02 2.465537935495376587e-02 2.960960147902369499e-03 1.451258361339569092e-02
3.939804062247276306e-02 2.097664214670658112e-02 6.661032792180776596e-03 5.302981007844209671e-03 3.019019728526473045e-03 4.260189086198806763e-02 5.295429006218910217e-02 2.879652008414268494e-02 4.271184559911489487e-03 1.340272137895226479e-03 8.419669866561889648e-01 1.876167021691799164e-02 5.021183192729949951e-02 2.109900489449501038e-02 2.869004942476749420e-02 1.900790375657379627e-03 9.256130084395408630e-03 1.274262438528239727e-03 1.090729515999555588e-02 7.847286760807037354e-03 1.013696659356355667e-02 3.064757958054542542e-02 8.767285384237766266e-03 1.358800567686557770e-02 1.307431422173976898e-02 2.527617290616035461e-02 2.585170045495033264e-02 6.653894670307636261e-03 3.623378276824951172e-02 6.024735514074563980e-03 1.717090979218482971e-02 1.426159404218196869e-02 6.434238981455564499e-03 1.960954070091247559e-02 1.354673225432634354e-02 1.822372549213469028e-03 2.833678387105464935e-03 2.601847611367702484e-02 9.146896773017942905e-04 3.374503692612051964e-03 2.394986897706985474e-02 1.572606526315212250e-02 1.333406101912260056e-02 1.552553102374076843e-02 2.093157544732093811e-02 3.069038316607475281e-02 4.934035614132881165e-02 5.245901644229888916e-02 1.082207821309566498e-02 4.793946165591478348e-03 2.178084105253219604e-02 1.888902671635150909e-02 1.219031051732599735e-03 2.785030752420425415e-03 1.332602463662624359e-02 1.151069719344377518e-02 1.005831919610500336e-02 3.537598252296447754e-02 1.345508638769388199e-02 1.133188046514987946e-02 6.215655710548162460e-03 9.054190479218959808e-03 2.077740384265780449e-03 8.003787137567996979e-03 4.727099090814590454e-02 4.036081209778785706e-02 7.467525545507669449e-03 4.472479689866304398e-03 6.999360863119363785e-03 3.171577304601669312e-02 4.667379427701234818e-03 1.770682446658611298e-02 1.444427017122507095e-02 2.747076377272605896e-02 5.040831398218870163e-03 2.531784400343894958e-02 1.161386724561452866e-02 2.328701131045818329e-02 4.555373452603816986e-03 6.427245214581489563e-03 2.117568440735340118e-02 1.978532224893569946e-02 3.649886930361390114e-03 5.362602882087230682e-03 1.386373862624168396e-02 2.589017339050769806e-02 3.457811102271080017e-02 3.538580983877182007e-02 1.897494681179523468e-02 2.145468723028898239e-03 4.694863781332969666e-02 4.468680173158645630e-02 4.441564157605171204e-02 3.351964429020881653e-02 1.844080910086631775e-02 1.851194538176059723e-02 2.756100520491600037e-02 2.248105034232139587e-02 9.764409624040126801e-04 1.123865414410829544e-02 1.195669989101588726e-03 2.864818088710308075e-04 2.257213369011878967e-02 3.225360810756683350e-02 1.821001875214278698e-03 1.159048173576593399e-02 1.432280149310827255e-02 2.217760682106018066e-02 2.064100408460944891e-04 2.401579357683658600e-02 1.998614519834518433e-02 2.035390958189964294e-02 1.651804707944393158e-02 2.424087375402450562e-02 1.016177609562873840e-02 1.148458011448383331e-02
3.553656628355383873e-03 1.367479655891656876e-02 1.825436390936374664e-02 6.664217449724674225e-03 3.969701007008552551e-03 3.833267837762832642e-02 2.380416542291641235e-02 9.065949358046054840e-03 1.992795616388320923e-02 1.138215232640504837e-02 1.876167021691799164e-02 8.419669866561889648e-01 1.275433693081140518e-02 7.116155326366424561e-02 2.327946946024894714e-02 2.713089575991034508e-03 4.694822244346141815e-03 1.396941766142845154e-02 3.155042976140975952e-02 1.549798529595136642e-02 3.269928274676203728e-03 2.039978746324777603e-03 2.091421186923980713e-02 1.350795011967420578e-02 2.075172495096921921e-03 1.392790116369724274e-02 1.609958894550800323e-02 5.077709257602691650e-02 1.175414398312568665e-02 4.933994635939598083e-02 2.826700452715158463e-03 3.292183205485343933e-02 6.656914018094539642e-03 3.371150046586990356e-02 1.888772286474704742e-02 1.706658490002155304e-02 1.351129543036222458e-02 5.844970233738422394e-03 9.043882600963115692e-03 1.675358391366899014e-03 1.075274776667356491e-02 6.986540276557207108e-03 2.697647316381335258e-03 5.644677206873893738e-03 4.276319593191146851e-02 1.966751180589199066e-02 3.346294909715652466e-02 1.710240542888641357e-02 2.431672625243663788e-02 4.259292036294937134e-02 2.930631674826145172e-02 2.527239732444286346e-02 2.894472144544124603e-02 1.880344934761524200e-02 6.591607350856065750e-03 1.341593358665704727e-02 1.892143860459327698e-02 1.569172181189060211e-02 1.586933038197457790e-03 4.371820017695426941e-03 1.252505183219909668e-02 1.595323719084262848e-02 3.399717854335904121e-03 1.974487677216529846e-02 1.163123920559883118e-02 8.294721134006977081e-03 1.834569871425628662e-02 5.636367481201887131e-03 2.205140888690948486e-02 1.550781261175870895e-02 2.010635286569595337e-02 1.849462464451789856e-02 2.619075775146484375e-02 6.030361633747816086e-03 2.599933184683322906e-02 1.255700364708900452e-02 2.785748988389968872e-02 1.180729642510414124e-02 1.496440451592206955e-02 3.722906485199928284e-02 3.793484764173626900e-03 4.962096456438302994e-03 3.694554558023810387e-03 1.492101978510618210e-02 5.912562832236289978e-03 3.682360518723726273e-03 1.975164562463760376e-02 1.259240228682756424e-02 4.004251584410667419e-02 1.240162923932075500e-02 2.124885097146034241e-02 7.224833127111196518e-03 1.623619347810745239e-02 6.124162580817937851e-03 1.459343172609806061e-02 1.369768101722002029e-02 6.725222803652286530e-03 1.704184710979461670e-02 6.895297206938266754e-03 1.704859174787998199e-02 3.569194581359624863e-03 1.185492239892482758e-02 8.090607821941375732e-03 1.657018996775150299e-02 2.652383595705032349e-02 1.406419370323419571e-02 1.765128970146179199e-02 6.405516527593135834e-03 8.513184264302253723e-03 3.253908595070242882e-03 1.891166158020496368e-02 2.932302467525005341e-02 1.244173012673854828e-02 1.421301811933517456e-02 3.461487218737602234e-02 4.686924442648887634e-02
2.874310500919818878e-02 2.010059915482997894e-02 1.387118478305637836e-03 2.161849290132522583e-03 9.615805931389331818e-03 2.777455933392047882e-02 4.514163732528686523e-02 2.872469276189804077e-02 1.774419331923127174e-03 2.706124912947416306e-03 5.021183192729949951e-02 1.275433693081140518e-02 8.419669866561889648e-01 1.612542569637298584e-02 3.379998356103897095e-02 6.753064226359128952e-03 7.174514234066009521e-03 7.881144993007183075e-03 9.151163510978221893e-03 2.392279170453548431e-02 5.967929493635892868e-03 3.691610321402549744e-02 1.447640173137187958e-02 2.243109978735446930e-02 2.257277257740497589e-02 2.918714843690395355e-02 2.514372393488883972e-02 2.816221909597516060e-03 3.413498401641845703e-02 4.367472138255834579e-03 1.847489178180694580e-02 5.937623791396617889e-03 7.038543466478586197e-03 9.860592894256114960e-03 1.769398897886276245e-02 2.810757723636925220e-04 5.746081937104463577e-03 2.880802378058433533e-02 1.263616140931844711e-03 2.748940605670213699e-03 2.647705189883708954e-02 1.333418209105730057e-02 1.131042279303073883e-02 1.754825748503208160e-02 1.579773239791393280e-02 2.324803546071052551e-02 3.397642448544502258e-02 4.756409302353858948e-02 1.140619534999132156e-02 4.376568365842103958e-03 1.763443462550640106e-02 2.055463753640651703e-02 8.039587177336215973e-03 5.006207618862390518e-03 1.286964677274227142e-02 1.202583592385053635e-02 7.146889343857765198e-03 3.462221473455429077e-02 1.545667648315429688e-02 1.472456101328134537e-02 5.390114150941371918e-03 4.550343379378318787e-03 1.150557026267051697e-02 3.873014822602272034e-03 4.315030574798583984e-02 5.147274956107139587e-02 1.690572500228881836e-02 1.796714402735233307e-02 2.306218259036540985e-03 2.441528998315334320e-02 9.986748918890953064e-03 8.172182366251945496e-03 5.110735539346933365e-03 2.844146639108657837e-02 5.558727774769067764e-03 1.025668159127235413e-02 9.518275037407875061e-03 2.126816660165786743e-02 6.849540863186120987e-03 6.411294918507337570e-03 1.517837122082710266e-02 2.238599769771099091e-02 1.324769109487533569e-02 3.284852718934416771e-03 2.465319260954856873e-02 2.657431550323963165e-02 3.332660719752311707e-02 3.715089708566665649e-02 1.756284572184085846e-02 1.967487391084432602e-03 3.745523095130920410e-02 3.702243790030479431e-02 4.435744136571884155e-02 3.553500026464462280e-02 2.299480326473712921e-02 2.909620665013790131e-02 3.430207073688507080e-02 2.126544527709484100e-02 6.499114679172635078e-04 5.569334607571363449e-03 4.461736418306827545e-03 2.092612674459815025e-03 2.729077078402042389e-02 2.587491087615489960e-02 4.771867301315069199e-03 1.746261119842529297e-02 2.558074146509170532e-02 2.571743726730346680e-02 6.477226968854665756e-03 2.457009255886077881e-02 2.044565416872501373e-02 2.125392854213714600e-02 1.462500263005495071e-02 2.282509952783584595e-02 1.191708445549011230e-02 1.767992507666349411e-04
