8.352035880088806152e-01 7.440795004367828369e-02 2.086204662919044495e-02 2.967095002532005310e-02 8.325409144163131714e-03 1.841307617723941803e-02 3.912216052412986755e-03 2.156409248709678650e-02 1.474554557353258133e-02 3.210142627358436584e-02 4.420362412929534912e-02 1.712588407099246979e-02 1.096059195697307587e-02 5.211107432842254639e-03 8.473666384816169739e-03 2.065261825919151306e-02 1.893712021410465240e-02 1.233331952244043350e-02 1.111389975994825363e-02 4.975593648850917816e-03 7.140933535993099213e-03 1.247552782297134399e-02 6.306253839284181595e-03 4.182413977105170488e-04 1.660146191716194153e-02 2.168878354132175446e-02 1.804614253342151642e-02 2.767509035766124725e-02 1.488491054624319077e-02 2.665843814611434937e-02 2.571302652359008789e-02 4.145407117903232574e-03 6.253283936530351639e-03 9.785473346710205078e-03 1.590091548860073090e-02 4.511221870779991150e-02 4.225503653287887573e-02 5.677025299519300461e-03 2.485202625393867493e-03 8.312152931466698647e-05 3.465448319911956787e-02 2.481468720361590385e-03 1.349143916741013527e-03 1.924496144056320190e-02 3.368142992258071899e-02 3.722817823290824890e-02 1.985876075923442841e-02 1.402711588889360428e-02 3.253044094890356064e-03 1.034628599882125854e-02 9.633382782340049744e-03 1.542624924331903458e-02 4.985710140317678452e-03 9.104572236537933350e-03 3.290471155196428299e-03 4.486228805035352707e-03 5.115819163620471954e-03 2.061237208545207977e-02 1.439876039512455463e-03 8.290022611618041992e-03 7.645374163985252380e-03 2.942223660647869110e-02 1.208526175469160080e-02 2.244554460048675537e-03 1.808775402605533600e-02 3.964336216449737549e-02 3.013826441019773483e-03 3.421277040615677834e-03 3.169064596295356750e-02 2.302122861146926880e-02 2.024440281093120575e-02 2.277003601193428040e-02 1.112065371125936508e-02 2.422551997005939484e-02 7.217507809400558472e-03 3.367579728364944458e-02 1.870131934992969036e-03 2.179951407015323639e-03 2.078073844313621521e-02 2.204496040940284729e-02 1.112933736294507980e-02 5.996590945869684219e-03 3.776220837607979774e-03 1.427898183465003967e-02 5.004597362130880356e-03 1.579812727868556976e-02 1.288675586692988873e-03 2.100444585084915161e-02 1.583578251302242279e-02 9.675476700067520142e-03 2.374049462378025055e-02 1.257239188998937607e-02 7.047174498438835144e-03 1.058318186551332474e-02 2.574973180890083313e-02 4.005403816699981689e-02 2.158161066472530365e-02 1.001100707799196243e-02 5.866790656000375748e-03 2.980580320581793785e-04 8.412029710598289967e-04 5.042646545916795731e-03 1.107958378270268440e-03 3.131192177534103394e-02 2.072846749797463417e-03 8.097698912024497986e-03 6.161349359899759293e-03 6.380753591656684875e-03 1.063721813261508942e-02 3.423669189214706421e-02 1.956442557275295258e-02 1.581401936709880829e-02 1.569794863462448120e-02 1.018085423856973648e-02 9.486628696322441101e-03 3.605254366993904114e-02
7.440795004367828369e-02 8.352035880088806152e-01 9.733343496918678284e-03 4.127047024667263031e-03 6.397847551852464676e-03 1.539073605090379715e-02 1.779277954483404756e-04 2.292868867516517639e-02 1.207594643346965313e-03 2.546474803239107132e-03 3.730491548776626587e-02 7.220289204269647598e-03 2.135461196303367615e-02 1.759716309607028961e-02 3.958171699196100235e-03 2.555290609598159790e-02 3.370823338627815247e-02 7.307918276637792587e-03 1.015732623636722565e-02 4.955972079187631607e-03 8.640635758638381958e-03 8.393973112106323242e-03 5.243380088359117508e-03 1.690521650016307831e-02 1.737140264594927430e-04 3.761063795536756516e-03 1.007322501391172409e-02 7.363371551036834717e-03 1.583729125559329987e-02 2.020845562219619751e-02 2.716706367209553719e-03 1.310960855334997177e-02 1.767099369317293167e-03 5.616197828203439713e-03 3.224190324544906616e-03 2.714367955923080444e-02 3.431547433137893677e-02 8.757164701819419861e-03 1.866839081048965454e-02 1.009997446089982986e-02 1.649967394769191742e-02 6.561615504324436188e-03 1.092932652682065964e-02 3.019725345075130463e-02 3.416078537702560425e-02 2.461323887109756470e-02 3.711714595556259155e-02 1.935773901641368866e-02 1.917546428740024567e-02 3.177539259195327759e-02 2.326454222202301025e-02 6.941822357475757599e-03 2.281146869063377380e-02 1.581198722124099731e-02 1.573823019862174988e-02 3.170290961861610413e-02 7.999712601304054260e-03 1.076212734915316105e-03 1.285194605588912964e-02 2.419408177956938744e-03 3.714862745255231857e-03 3.053418360650539398e-02 2.747810503933578730e-04 5.712591577321290970e-03 4.769383929669857025e-03 1.400254853069782257e-02 2.234661253169178963e-03 4.870787728577852249e-03 2.381192706525325775e-02 2.115147188305854797e-02 2.341135405004024506e-02 5.534803029149770737e-03 1.701856590807437897e-02 1.347986236214637756e-02 1.198507752269506454e-02 1.180905196815729141e-02 5.835281684994697571e-03 7.246822118759155273e-03 7.570881862193346024e-04 4.344773013144731522e-03 1.528187561780214310e-02 5.331168416887521744e-03 2.642819657921791077e-02 2.296599559485912323e-02 2.815074520185589790e-03 8.350284770131111145e-03 3.128272481262683868e-03 2.098274789750576019e-02 5.902663804590702057e-03 6.433528382331132889e-03 1.602106355130672455e-02 1.172205805778503418e-02 7.614201866090297699e-03 9.317971416749060154e-04 2.123587951064109802e-02 3.715543076395988464e-02 1.487133093178272247e-03 1.071231625974178314e-02 9.807735681533813477e-03 1.012443378567695618e-02 1.691775396466255188e-03 8.698076941072940826e-03 3.736543236300349236e-03 1.820147037506103516e-02 1.479601301252841949e-02 1.024445705115795135e-02 9.612433612346649170e-03 1.339698769152164459e-02 4.668711684644222260e-03 1.661384664475917816e-02 2.615020237863063812e-02 1.832274347543716431e-02 1.905720680952072144e-02 1.886049285531044006e-02 7.925801910459995270e-03 3.756792843341827393e-02
2.086204662919044495e-02 9.733343496918678284e-03 8.352035880088806152e-01 1.213415618985891342e-02 6.047707516700029373e-03 1.203788071870803833e-02 2.207923680543899536e-03 3.796792030334472656e-02 5.926550831645727158e-03 5.815902724862098694e-03 2.341312915086746216e-02 8.304425515234470367e-03 2.295504696667194366e-02 8.154514245688915253e-03 2.845476754009723663e-02 2.768471091985702515e-02 6.149378139525651932e-03 1.145904883742332458e-02 7.418897934257984161e-03 3.134785452857613564e-03 9.092323598451912403e-04 1.151709910482168198e-02 7.803341373801231384e-03 6.267226999625563622e-04 1.024799142032861710e-02 1.098959357477724552e-03 1.175862643867731094e-02 1.369578484445810318e-02 3.480557352304458618e-03 2.246695011854171753e-02 5.566957406699657440e-03 3.427694318816065788e-03 5.945736076682806015e-03 4.081477411091327667e-03 7.727722637355327606e-03 5.251567345112562180e-03 1.190503872931003571e-02 1.779575645923614502e-02 1.758554577827453613e-02 4.955684766173362732e-03 9.499718435108661652e-03 2.215760201215744019e-02 2.782745473086833954e-02 5.550326779484748840e-03 1.887353695929050446e-02 2.300959452986717224e-02 3.810952650383114815e-03 1.330076484009623528e-04 1.413031201809644699e-02 5.765920970588922501e-03 3.261365741491317749e-02 2.869269624352455139e-02 1.587177067995071411e-02 9.132456034421920776e-03 8.288461714982986450e-03 8.713553659617900848e-03 1.890255510807037354e-02 1.446367334574460983e-02 2.735744044184684753e-02 1.359946932643651962e-02 3.308345796540379524e-03 9.119755588471889496e-03 1.912628486752510071e-02 1.449017878621816635e-02 6.418134551495313644e-03 6.448953878134489059e-03 1.136226858943700790e-02 1.412629708647727966e-02 1.533735822886228561e-02 5.583670455962419510e-03 1.163547020405530930e-02 8.648674935102462769e-03 4.340264946222305298e-02 1.811349531635642052e-03 3.610978648066520691e-02 1.726811006665229797e-02 2.821647189557552338e-02 2.187448926270008087e-02 3.789333626627922058e-03 3.739863634109497070e-02 2.022744715213775635e-02 3.104472532868385315e-02 1.085731759667396545e-02 9.464164264500141144e-03 3.785758092999458313e-02 4.290899727493524551e-03 1.747465506196022034e-02 3.240459784865379333e-02 2.456982247531414032e-02 4.907323978841304779e-03 5.351223051548004150e-03 1.527216285467147827e-02 1.789624057710170746e-02 3.088397532701492310e-02 1.742569170892238617e-02 2.530649490654468536e-02 1.895252615213394165e-02 1.898381486535072327e-02 1.595753245055675507e-02 1.195212919265031815e-02 2.874070964753627777e-02 1.829488389194011688e-02 3.122744709253311157e-02 1.084013492800295353e-03 1.055871043354272842e-02 1.554535236209630966e-02 7.347625214606523514e-03 7.099709939211606979e-03 1.164170447736978531e-02 7.551119662821292877e-03 1.038577966392040253e-02 1.591057283803820610e-03 2.315790206193923950e-02 3.108036331832408905e-02 1.613981090486049652e-02 1.713242381811141968e-02
2.967095002532005310e-02 4.127047024667263031e-03 1.213415618985891342e-02 8.352035880088806152e-01 6.092154234647750854e-02 6.347555899992585182e-04 1.650646515190601349e-02 1.197226927615702152e-03 1.540746632963418961e-02 3.447256609797477722e-02 2.144658938050270081e-02 2.702995203435420990e-02 6.160826422274112701e-03 4.959664121270179749e-02 5.231894319877028465e-04 9.011467918753623962e-03 1.701788278296589851e-03 2.036968991160392761e-02 4.686527419835329056e-03 1.707628369331359863e-02 3.065896034240722656e-02 1.478806138038635254e-03 2.401639148592948914e-02 3.610047698020935059e-02 2.418314293026924133e-02 3.151467815041542053e-02 2.147522056475281715e-03 1.006998354569077492e-03 8.585616014897823334e-03 9.869065135717391968e-03 2.582837361842393875e-03 9.555581957101821899e-03 8.553490974009037018e-03 3.076314367353916168e-02 2.619027625769376755e-03 7.557848002761602402e-03 1.217450015246868134e-03 3.062056610360741615e-03 2.414833568036556244e-02 3.827470541000366211e-02 5.886948667466640472e-03 1.204106397926807404e-02 8.982839994132518768e-03 1.781451515853404999e-02 3.840397694148123264e-04 1.778397522866725922e-02 8.516956120729446411e-03 7.574430201202630997e-03 4.199648101348429918e-04 1.660621352493762970e-02 1.291374862194061279e-02 2.264767885208129883e-03 5.139697808772325516e-03 7.238149992190301418e-04 1.787486113607883453e-02 1.872791326604783535e-03 1.708392053842544556e-02 1.575984060764312744e-02 1.493682246655225754e-02 1.449419371783733368e-02 2.810837887227535248e-02 2.683000639081001282e-02 1.249362714588642120e-02 3.515109186992049217e-03 7.743591908365488052e-03 7.099174428731203079e-03 2.584676258265972137e-02 2.848980017006397247e-02 1.600253023207187653e-02 1.025642734020948410e-02 9.900080040097236633e-03 5.724809132516384125e-03 5.640574544668197632e-02 9.720746427774429321e-03 4.963131994009017944e-02 1.193263567984104156e-02 1.797932572662830353e-02 2.149880491197109222e-02 1.188743766397237778e-02 3.547620028257369995e-02 5.406022071838378906e-03 1.185689121484756470e-02 3.975130245089530945e-02 7.607909385114908218e-03 2.406333805993199348e-04 4.893939942121505737e-02 3.852238005492836237e-04 2.087778644636273384e-03 5.425425246357917786e-03 3.180563822388648987e-02 5.028309766203165054e-03 1.770133967511355877e-03 1.496363058686256409e-02 9.604073129594326019e-03 2.666866220533847809e-02 2.690032310783863068e-02 4.535187035799026489e-03 1.535641215741634369e-02 4.036340396851301193e-03 7.687107659876346588e-03 1.796912110876291990e-04 5.807599518448114395e-03 3.085251664742827415e-04 3.912777453660964966e-02 1.079148333519697189e-02 2.424401417374610901e-02 2.315518679097294807e-03 2.656762488186359406e-02 5.348789505660533905e-03 1.142697874456644058e-02 1.376705057919025421e-02 4.419777076691389084e-03 5.136190913617610931e-03 1.005785819143056870e-02 1.073883753269910812e-02 1.112361904233694077e-03
8.325409144163131714e-03 6.397847551852464676e-03 6.047707516700029373e-03 6.092154234647750854e-02 8.352035880088806152e-01 1.281525660306215286e-02 1.303550042212009430e-02 1.090587768703699112e-02 2.198849804699420929e-02 1.672819443047046661e-02 1.524775288999080658e-02 3.801603242754936218e-02 1.253848313353955746e-03 2.487994357943534851e-02 1.659342460334300995e-02 1.401872374117374420e-02 1.316279731690883636e-02 3.402191027998924255e-02 1.398076489567756653e-02 1.371326576918363571e-02 2.067033387720584869e-02 1.734478585422039032e-02 2.388852648437023163e-02 2.644028514623641968e-02 2.077257633209228516e-02 1.736572198569774628e-02 3.020934574306011200e-02 1.573481224477291107e-02 1.232678070664405823e-02 1.318883057683706284e-02 2.254436025395989418e-03 1.216226071119308472e-02 4.485709592700004578e-03 1.996244117617607117e-02 2.354115433990955353e-02 1.801129989326000214e-02 2.048376947641372681e-02 2.255701273679733276e-02 4.289377480745315552e-02 6.069153174757957458e-02 1.341548655182123184e-02 3.386798780411481857e-03 1.205310039222240448e-02 1.883466541767120361e-02 7.468482945114374161e-03 9.772048331797122955e-03 6.219478324055671692e-03 1.960811205208301544e-02 1.614055596292018890e-03 3.140168730169534683e-03 9.062512777745723724e-03 2.059935592114925385e-02 4.460398107767105103e-03 1.194318197667598724e-02 6.021769251674413681e-03 8.698443882167339325e-03 8.563235751353204250e-04 1.187099725939333439e-03 1.404472533613443375e-02 2.616531774401664734e-02 4.043237771838903427e-03 1.948852650821208954e-02 2.444699220359325409e-02 9.879731573164463043e-03 3.316187357995659113e-04 5.306654144078493118e-03 2.788264863193035126e-02 2.733211778104305267e-02 4.887895658612251282e-03 1.945834420621395111e-02 4.967657383531332016e-03 2.752128429710865021e-02 3.540436550974845886e-02 2.603950351476669312e-02 5.170419067144393921e-02 1.587913930416107178e-02 2.829943317919969559e-03 1.236766949295997620e-02 8.743596263229846954e-03 1.189043000340461731e-02 4.593156278133392334e-03 5.691003520041704178e-03 3.088342957198619843e-02 1.055505406111478806e-02 1.065267715603113174e-02 3.899399191141128540e-02 1.288921386003494263e-02 1.362005248665809631e-03 1.417626161128282547e-02 2.779807895421981812e-02 4.057309590280056000e-03 2.497484534978866577e-02 2.019743435084819794e-03 2.626168914139270782e-02 1.524706929922103882e-02 2.314037829637527466e-02 2.083950489759445190e-02 1.161966100335121155e-02 7.814828306436538696e-03 8.594396524131298065e-03 7.955468026921153069e-04 9.344341233372688293e-03 2.286430820822715759e-02 4.146264865994453430e-02 1.109944190829992294e-03 6.343513960018754005e-04 4.513171035796403885e-03 2.880076132714748383e-02 2.814565319567918777e-03 8.077957667410373688e-03 1.102698501199483871e-02 4.349305760115385056e-03 2.462993143126368523e-04 5.772183649241924286e-04 2.087717130780220032e-02 1.905822381377220154e-02
1.841307617723941803e-02 1.539073605090379715e-02 1.203788071870803833e-02 6.347555899992585182e-04 1.281525660306215286e-02 8.352035880088806152e-01 6.468297541141510010e-02 2.718482539057731628e-02 1.229362934827804565e-02 7.716399151831865311e-03 3.739815577864646912e-02 2.105175144970417023e-02 1.530834380537271500e-02 1.460208930075168610e-02 2.461782842874526978e-02 2.555261016823351383e-04 2.073255600407719612e-03 6.521401926875114441e-03 1.593180373311042786e-02 1.126245781779289246e-02 2.472168952226638794e-02 2.910938858985900879e-02 2.191670611500740051e-02 9.303377009928226471e-03 1.238677930086851120e-02 1.535895187407732010e-02 5.126223340630531311e-02 2.799218520522117615e-03 5.157285486347973347e-04 4.417343996465206146e-03 2.080800198018550873e-02 2.258735708892345428e-03 2.512739598751068115e-02 1.341488119214773178e-02 4.441257566213607788e-03 1.132587157189846039e-02 9.843189269304275513e-03 2.239344641566276550e-02 1.573306322097778320e-02 7.904976606369018555e-03 2.962039411067962646e-02 5.524197127670049667e-03 1.713881734758615494e-03 1.404090039432048798e-02 7.966347970068454742e-03 7.471160031855106354e-03 6.204370781779289246e-02 4.042513296008110046e-02 1.997815072536468506e-02 9.471857920289039612e-03 3.454257920384407043e-02 2.333323284983634949e-02 1.869861222803592682e-02 7.144131697714328766e-03 2.352540753781795502e-02 4.539908375591039658e-03 1.340916100889444351e-02 4.908093251287937164e-03 1.119900867342948914e-02 6.637108512222766876e-03 1.009901403449475765e-03 7.719878107309341431e-03 8.897062507458031178e-04 3.948299214243888855e-03 7.325612474232912064e-03 1.803739927709102631e-03 2.226922661066055298e-02 1.513268798589706421e-02 1.296335551887750626e-02 3.222902864217758179e-02 5.055149085819721222e-03 2.541539072990417480e-02 7.601653225719928741e-03 4.409268498420715332e-02 5.553281516768038273e-04 4.750433564186096191e-02 8.813915192149579525e-04 4.385873209685087204e-03 3.554068505764007568e-02 8.232166990637779236e-03 2.188548818230628967e-02 1.642998424358665943e-03 6.161340512335300446e-03 3.947626799345016479e-02 1.299812109209597111e-03 5.821745842695236206e-03 2.981032431125640869e-02 1.234747190028429031e-02 2.153864828869700432e-03 2.674811054021120071e-03 9.756591171026229858e-03 2.159608528017997742e-02 2.918796846643090248e-03 2.611919865012168884e-02 1.607955805957317352e-02 1.602915674448013306e-02 3.290119767189025879e-02 2.716023847460746765e-02 4.327285103499889374e-03 1.816139672882854939e-03 3.650612430647015572e-03 3.241387894377112389e-03 2.051690034568309784e-02 4.244097042828798294e-03 3.974027466028928757e-03 8.793687447905540466e-03 3.877249546349048615e-03 9.568257257342338562e-03 2.786954306066036224e-02 9.986530058085918427e-03 2.458003582432866096e-03 1.967756077647209167e-02 2.043286710977554321e-02 7.009570021182298660e-03 2.760574780404567719e-02 4.351072013378143311e-03
3.912216052412986755e-03 1.779277954483404756e-04 2.207923680543899536e-03 1.650646515190601349e-02 1.303550042212009430e-02 6.468297541141510010e-02 8.352035880088806152e-01 3.684166446328163147e-02 1.767284609377384186e-02 1.674057915806770325e-02 3.740774095058441162e-02 2.005172334611415863e-02 2.674504555761814117e-02 2.773532271385192871e-02 1.966647990047931671e-02 1.205906923860311508e-02 1.835374720394611359e-02 3.364777937531471252e-02 3.764701634645462036e-02 2.031911537051200867e-02 1.345162466168403625e-02 1.735779456794261932e-02 1.045026932843029499e-03 3.535640658810734749e-03 1.595702208578586578e-02 1.073303446173667908e-02 2.508470416069030762e-02 7.226009387522935867e-03 5.407601129263639450e-03 1.301102340221405029e-02 6.392884533852338791e-03 1.689778082072734833e-02 1.625470444560050964e-02 8.121160790324211121e-03 9.775485843420028687e-03 1.614459045231342316e-02 1.285676006227731705e-02 1.208461262285709381e-02 2.345678396522998810e-02 4.718326963484287262e-03 4.024086054414510727e-03 2.977326279506087303e-03 2.873834455385804176e-03 7.618167437613010406e-03 1.887769252061843872e-02 8.008340373635292053e-04 4.304375126957893372e-02 4.795185104012489319e-02 7.671667728573083878e-03 1.836772449314594269e-02 1.821009069681167603e-02 9.681406430900096893e-03 3.844372928142547607e-03 3.558694617822766304e-03 4.727480467408895493e-03 4.858587868511676788e-03 4.342364612966775894e-03 1.466143131256103516e-02 3.947273362427949905e-03 1.064852159470319748e-02 1.775140874087810516e-02 1.566465944051742554e-02 1.088035199791193008e-02 1.142888609319925308e-02 1.852846518158912659e-02 9.771240875124931335e-03 3.004562342539429665e-03 9.213707409799098969e-03 2.513078972697257996e-02 3.657728061079978943e-02 1.831931620836257935e-02 1.886504516005516052e-02 1.797956228256225586e-02 3.553178906440734863e-02 1.991846598684787750e-02 2.867549285292625427e-02 1.112821046262979507e-02 1.920073293149471283e-02 1.474697887897491455e-02 4.626163281500339508e-03 3.390572220087051392e-02 2.911963034421205521e-03 4.619419574737548828e-03 2.547103911638259888e-02 1.111635845154523849e-02 2.166320942342281342e-02 2.106268890202045441e-02 1.926663704216480255e-02 1.929976744577288628e-03 4.432201385498046875e-03 1.906545460224151611e-02 1.691559888422489166e-02 6.474999245256185532e-03 1.864691451191902161e-02 9.000992402434349060e-03 1.097534038126468658e-02 1.143227890133857727e-02 3.441760689020156860e-02 2.281305147334933281e-03 1.020490378141403198e-02 5.594416521489620209e-03 2.059490885585546494e-03 8.899160660803318024e-03 4.595608916133642197e-03 4.627586808055639267e-03 9.246533736586570740e-03 7.459960877895355225e-03 4.661575658246874809e-04 1.286576408892869949e-02 1.982008665800094604e-02 1.138481125235557556e-02 2.996557392179965973e-02 1.018397603183984756e-02 5.797723773866891861e-03 1.207961793988943100e-02 1.808721572160720825e-02
2.156409248709678650e-02 2.292868867516517639e-02 3.796792030334472656e-02 1.197226927615702152e-03 1.090587768703699112e-02 2.718482539057731628e-02 3.684166446328163147e-02 8.352035880088806152e-01 1.133831217885017395e-03 1.638278737664222717e-02 2.368613891303539276e-02 1.349959149956703186e-02 2.721827104687690735e-02 4.716518335044384003e-03 4.077446460723876953e-02 1.771195046603679657e-02 2.018763124942779541e-02 1.748148351907730103e-02 2.500374242663383484e-02 1.816803961992263794e-02 1.232432201504707336e-02 2.601706422865390778e-02 4.472094122320413589e-03 1.201105210930109024e-02 2.978809177875518799e-02 9.627811610698699951e-03 2.604684233665466309e-02 2.325295098125934601e-02 1.229651924222707748e-02 2.001639083027839661e-02 2.337517682462930679e-03 1.792538724839687347e-02 1.980865001678466797e-02 2.166389254853129387e-03 6.659211590886116028e-03 3.056290559470653534e-02 2.779451943933963776e-02 2.714535221457481384e-02 1.428890507668256760e-02 4.129627486690878868e-04 2.138361148536205292e-02 9.658517665229737759e-04 1.357093453407287598e-02 2.420295774936676025e-02 2.100468613207340240e-02 1.127942558377981186e-02 1.054262090474367142e-02 1.455317437648773193e-02 4.397907177917659283e-04 4.644964821636676788e-03 2.326343022286891937e-02 1.720514334738254547e-02 2.607356011867523193e-02 1.983529515564441681e-02 9.375787340104579926e-03 1.036534272134304047e-02 2.228113450109958649e-02 1.337196677923202515e-02 1.265511196106672287e-02 1.220067963004112244e-02 1.963159302249550819e-04 4.983362276107072830e-03 2.459823898971080780e-02 1.301762089133262634e-02 6.974864285439252853e-03 1.471941173076629639e-02 2.003982663154602051e-02 2.528766915202140808e-02 2.550602890551090240e-03 2.911854721605777740e-02 9.398356778547167778e-04 2.128055132925510406e-02 1.445528585463762283e-03 1.366013940423727036e-02 4.081847437191754580e-04 2.821015939116477966e-02 5.948116537183523178e-03 8.906630799174308777e-03 3.567754523828625679e-03 6.042805965989828110e-03 6.577700376510620117e-02 3.952857851982116699e-02 1.136534148827195168e-03 2.098098024725914001e-02 2.051171660423278809e-02 6.302841473370790482e-03 5.186628550291061401e-02 3.138915449380874634e-02 8.835100568830966949e-03 5.765229463577270508e-03 1.644586329348385334e-03 1.175357494503259659e-02 5.053005646914243698e-03 2.615156769752502441e-02 9.481045417487621307e-03 9.547566878609359264e-04 8.722385391592979431e-04 2.592685399577021599e-03 8.053506724536418915e-03 1.419042819179594517e-03 5.468904972076416016e-03 8.456188254058361053e-03 1.381878741085529327e-02 1.600722037255764008e-02 1.414745114743709564e-02 5.621069110929965973e-03 7.746995892375707626e-03 2.067584078758955002e-03 9.953058324754238129e-03 2.179501019418239594e-02 1.588999480009078979e-02 3.008114360272884369e-02 1.039241626858711243e-02 1.443576905876398087e-02 2.321711741387844086e-02 2.920366451144218445e-02
1.474554557353258133e-02 1.207594643346965313e-03 5.926550831645727158e-03 1.540746632963418961e-02 2.198849804699420929e-02 1.229362934827804565e-02 1.767284609377384186e-02 1.133831217885017395e-03 8.352035880088806152e-01 2.897434122860431671e-02 5.990125238895416260e-03 2.526649087667465210e-02 4.771836102008819580e-03 1.728192158043384552e-02 9.758870117366313934e-03 1.330310595221817493e-03 6.946625653654336929e-03 5.486334860324859619e-02 2.264925092458724976e-02 2.861220203340053558e-02 2.806271240115165710e-02 6.038771010935306549e-03 3.792500495910644531e-02 1.600779220461845398e-02 2.703005075454711914e-02 2.920605801045894623e-02 2.346465364098548889e-02 8.682799525558948517e-03 4.317714832723140717e-03 6.913044489920139313e-03 4.751779139041900635e-03 2.855742350220680237e-02 2.722899429500102997e-02 1.897635683417320251e-02 2.658413350582122803e-02 7.413385901600122452e-03 6.907876115292310715e-03 1.062821876257658005e-02 2.865712903439998627e-02 3.222031146287918091e-02 9.918166324496269226e-03 1.753924600780010223e-02 1.288327574729919434e-02 1.552393101155757904e-02 4.837884567677974701e-03 3.060635179281234741e-02 1.395707763731479645e-02 4.286506213247776031e-03 4.256793856620788574e-02 6.905269809067249298e-03 4.915559198707342148e-03 5.849671084433794022e-03 4.801232367753982544e-03 1.541554555296897888e-02 4.122912511229515076e-02 3.627810161560773849e-03 4.538178816437721252e-02 2.194789610803127289e-02 1.844977773725986481e-02 5.931178573518991470e-03 3.057960607111454010e-02 5.682732909917831421e-03 7.148857228457927704e-03 1.942929066717624664e-02 2.514421567320823669e-02 6.834247615188360214e-03 2.064288035035133362e-02 2.092690020799636841e-02 2.329557947814464569e-02 5.322727956809103489e-04 1.225589681416749954e-02 1.295933779329061508e-02 2.292004972696304321e-02 8.069425239227712154e-04 3.623975068330764771e-02 3.278487361967563629e-03 4.862519726157188416e-02 3.568087518215179443e-02 4.508057981729507446e-02 3.830146975815296173e-03 2.162795979529619217e-03 3.585261525586247444e-03 1.123118307441473007e-02 2.748944610357284546e-02 1.961750723421573639e-02 1.955544389784336090e-02 6.230858853086829185e-04 8.059324696660041809e-03 4.107153788208961487e-02 2.713688462972640991e-02 7.855943404138088226e-03 2.175842970609664917e-02 7.060347590595483780e-03 1.279839035123586655e-02 1.879039034247398376e-02 1.445617433637380600e-02 2.763855271041393280e-03 9.937598370015621185e-04 2.811953797936439514e-02 1.850233785808086395e-02 1.099652890115976334e-02 8.079202845692634583e-03 1.281024888157844543e-02 6.010858342051506042e-04 1.201708917506039143e-03 3.691425547003746033e-03 7.072248961776494980e-03 3.464841097593307495e-02 1.950006745755672455e-02 1.839126646518707275e-02 2.244208008050918579e-03 9.733922779560089111e-03 4.077136050909757614e-03 1.069343648850917816e-02 4.623542074114084244e-03 2.186984382569789886e-02
3.210142627358436584e-02 2.546474803239107132e-03 5.815902724862098694e-03 3.447256609797477722e-02 1.672819443047046661e-02 7.716399151831865311e-03 1.674057915806770325e-02 1.638278737664222717e-02 2.897434122860431671e-02 8.352035880088806152e-01 9.038218297064304352e-03 5.746093112975358963e-03 1.874843030236661434e-03 3.484420478343963623e-02 1.559909805655479431e-02 9.648974053561687469e-03 1.962544023990631104e-02 1.875210367143154144e-02 3.259807825088500977e-02 2.430573105812072754e-02 2.950562909245491028e-02 8.555671200156211853e-03 3.632924333214759827e-02 4.384490102529525757e-02 3.311141207814216614e-02 3.476637974381446838e-02 6.674936972558498383e-03 7.987418211996555328e-03 1.099645532667636871e-02 7.451412267982959747e-03 9.161255322396755219e-03 1.440978236496448517e-02 3.774798475205898285e-03 2.828072942793369293e-02 1.620466448366641998e-02 1.664689928293228149e-02 1.080300062312744558e-04 2.301178500056266785e-02 9.098033420741558075e-03 7.864587241783738136e-04 9.254853241145610809e-03 9.444965980947017670e-03 1.588177494704723358e-02 6.889245938509702682e-03 1.090043224394321442e-03 2.522309310734272003e-02 6.628333125263452530e-03 1.369705609977245331e-02 2.451054006814956665e-02 4.556179419159889221e-02 3.408322343602776527e-03 1.187216956168413162e-02 2.737242355942726135e-02 2.850287361070513725e-03 6.152913905680179596e-03 4.314859211444854736e-02 1.765720918774604797e-02 1.790002174675464630e-02 1.175846625119447708e-02 3.467233909759670496e-04 5.647786427289247513e-03 4.427199251949787140e-03 1.846093498170375824e-02 1.881857169792056084e-03 5.270805675536394119e-03 2.088876999914646149e-02 1.174124889075756073e-02 1.638030260801315308e-02 7.267213426530361176e-03 2.638436155393719673e-03 3.196641337126493454e-03 1.192789524793624878e-02 3.438672795891761780e-02 4.794199019670486450e-03 2.067600563168525696e-02 2.209771052002906799e-02 1.556724891997873783e-03 3.551692888140678406e-02 2.736487984657287598e-02 4.449671506881713867e-02 2.186586521565914154e-02 2.174917049705982208e-02 2.210960723459720612e-02 2.128062583506107330e-02 2.784584090113639832e-02 4.691950604319572449e-02 2.141382172703742981e-02 2.069663628935813904e-02 3.708057105541229248e-03 3.388806059956550598e-02 1.012587733566761017e-02 5.940409377217292786e-03 1.006495952606201172e-02 1.077097142115235329e-03 1.255975104868412018e-02 8.123002946376800537e-03 8.416199125349521637e-03 1.174534554593265057e-03 7.708629593253135681e-03 1.829760707914829254e-02 8.545359596610069275e-03 1.520175300538539886e-02 1.406580395996570587e-02 2.839129045605659485e-02 1.757907681167125702e-02 2.398191578686237335e-02 8.252791129052639008e-03 3.416168503463268280e-03 1.213314384222030640e-02 1.475197169929742813e-02 6.234798114746809006e-03 2.653952920809388161e-03 1.448967307806015015e-02 2.216119319200515747e-02 1.188119035214185715e-02 9.115524590015411377e-03
4.420362412929534912e-02 3.730491548776626587e-02 2.341312915086746216e-02 2.144658938050270081e-02 1.524775288999080658e-02 3.739815577864646912e-02 3.740774095058441162e-02 2.368613891303539276e-02 5.990125238895416260e-03 9.038218297064304352e-03 8.352035880088806152e-01 2.355716191232204437e-03 3.799621388316154480e-02 3.648531856015324593e-03 1.702865585684776306e-02 1.054806169122457504e-02 8.791615255177021027e-03 3.626167541369795799e-03 8.747707121074199677e-03 9.387721307575702667e-03 3.488241927698254585e-03 2.746614255011081696e-02 4.273862577974796295e-03 1.570718176662921906e-02 1.283725607208907604e-03 5.541381542570888996e-04 2.053212933242321014e-02 6.951051764190196991e-03 2.816137159243226051e-03 1.412007119506597519e-02 1.281793508678674698e-02 5.083056632429361343e-03 4.641259089112281799e-03 1.901573501527309418e-02 9.646787308156490326e-03 2.774817310273647308e-02 2.222570776939392090e-02 2.387762069702148438e-02 1.161388307809829712e-02 4.788706079125404358e-03 1.638214476406574249e-02 1.423472631722688675e-02 1.403791550546884537e-02 4.453668370842933655e-04 1.891113072633743286e-02 3.205403313040733337e-02 1.308242231607437134e-02 2.953219041228294373e-02 1.723776571452617645e-02 6.966951768845319748e-03 1.485194265842437744e-02 1.478675566613674164e-02 2.054590918123722076e-02 2.813788317143917084e-02 1.975606754422187805e-02 6.174691487103700638e-03 2.068839967250823975e-02 1.787198148667812347e-02 1.600149832665920258e-02 1.659181714057922363e-02 1.564446650445461273e-02 1.104208081960678101e-02 2.963939448818564415e-03 1.159597001969814301e-02 2.467993274331092834e-02 5.025643855333328247e-03 5.117100197821855545e-03 4.216579254716634750e-03 1.033103559166193008e-02 3.879976272583007812e-02 1.109216269105672836e-02 3.345013409852981567e-02 1.055111177265644073e-02 1.586021482944488525e-02 5.363509058952331543e-03 2.902279980480670929e-02 2.252972312271595001e-02 1.443927362561225891e-02 9.162562899291515350e-03 2.444159798324108124e-02 1.336350943893194199e-02 4.633320495486259460e-03 8.662736043334007263e-03 9.462955407798290253e-03 2.383008226752281189e-02 1.403136551380157471e-02 2.429671026766300201e-02 1.134365703910589218e-02 1.234820019453763962e-02 1.628508674912154675e-03 1.899320748634636402e-03 3.021427616477012634e-02 3.458303632214665413e-03 3.359693661332130432e-02 1.616221852600574493e-02 2.630039863288402557e-02 6.236417219042778015e-03 9.599952609278261662e-04 4.555838648229837418e-03 4.140359815210103989e-03 9.152095764875411987e-03 1.086436025798320770e-02 6.653664633631706238e-03 2.419384568929672241e-02 1.998954080045223236e-02 9.975442662835121155e-03 7.783912005834281445e-04 2.632803469896316528e-02 4.153873305767774582e-03 6.334526930004358292e-03 4.016339778900146484e-03 2.991743199527263641e-02 1.052716933190822601e-02 4.551696765702217817e-04 1.084317360073328018e-02 7.444169372320175171e-03
1.712588407099246979e-02 7.220289204269647598e-03 8.304425515234470367e-03 2.702995203435420990e-02 3.801603242754936218e-02 2.105175144970417023e-02 2.005172334611415863e-02 1.349959149956703186e-02 2.526649087667465210e-02 5.746093112975358963e-03 2.355716191232204437e-03 8.352035880088806152e-01 1.501672435551881790e-02 5.432860925793647766e-02 3.017340973019599915e-02 2.577205747365951538e-02 1.590245589613914490e-02 4.310146719217300415e-02 2.427572384476661682e-02 5.768162198364734650e-03 9.690435603260993958e-03 1.076136156916618347e-02 4.259433597326278687e-02 3.976674750447273254e-02 1.288926927372813225e-03 1.183659490197896957e-02 8.966365829110145569e-03 6.224410235881805420e-02 2.487277798354625702e-02 5.484868213534355164e-02 2.861697040498256683e-02 1.222218945622444153e-02 6.703545805066823959e-04 1.209212373942136765e-02 1.135518401861190796e-02 2.816838026046752930e-02 2.930667623877525330e-02 1.201777905225753784e-02 2.826537378132343292e-02 3.292738646268844604e-02 1.409636158496141434e-02 1.622488349676132202e-02 8.555987849831581116e-03 7.007137872278690338e-03 7.389279082417488098e-03 2.764151059091091156e-02 1.753360778093338013e-02 1.533118728548288345e-02 1.509289443492889404e-02 1.762713864445686340e-02 6.976276170462369919e-03 1.719761639833450317e-02 1.024622377008199692e-02 1.820480450987815857e-02 1.329476013779640198e-02 2.343801595270633698e-02 6.285705137997865677e-03 2.799613284878432751e-04 1.325317192822694778e-02 2.364372275769710541e-02 2.251442754641175270e-03 4.366515669971704483e-03 7.994733750820159912e-03 2.155556529760360718e-02 2.616826677694916725e-03 1.851189881563186646e-02 6.090879323892295361e-04 9.390265680849552155e-03 2.148606441915035248e-02 5.762862041592597961e-03 6.275426596403121948e-03 1.643867976963520050e-02 1.416027732193470001e-02 1.459403987973928452e-02 2.283967100083827972e-02 2.814337238669395447e-02 8.583127520978450775e-03 1.084511075168848038e-02 1.189360953867435455e-02 2.642518084030598402e-04 1.007063314318656921e-02 4.869552794843912125e-03 1.229752413928508759e-02 3.650144208222627640e-03 1.426433771848678589e-02 2.466912381350994110e-02 4.732604138553142548e-03 7.470618002116680145e-04 2.086824737489223480e-02 1.685408316552639008e-02 3.293587267398834229e-02 6.774784531444311142e-03 3.056271560490131378e-02 1.000276114791631699e-02 2.254701452329754829e-03 5.541882943361997604e-03 2.109427191317081451e-02 2.294486016035079956e-02 1.094045001082122326e-03 4.925928442389704287e-05 2.026613801717758179e-03 3.370810067281126976e-03 1.828984916210174561e-02 5.573947913944721222e-03 2.299655787646770477e-02 9.016522206366062164e-03 8.473295718431472778e-03 1.736497320234775543e-02 7.749355398118495941e-03 2.755526639521121979e-02 2.004616335034370422e-02 1.042393967509269714e-02 2.478662319481372833e-02 1.991352252662181854e-02 2.100180648267269135e-02 1.713410747470334172e-04
1.096059195697307587e-02 2.135461196303367615e-02 2.295504696667194366e-02 6.160826422274112701e-03 1.253848313353955746e-03 1.530834380537271500e-02 2.674504555761814117e-02 2.721827104687690735e-02 4.771836102008819580e-03 1.874843030236661434e-03 3.799621388316154480e-02 1.501672435551881790e-02 8.352035880088806152e-01 4.969607689417898655e-04 9.954009205102920532e-03 1.783449016511440277e-02 1.363662257790565491e-02 3.520743688568472862e-03 2.668295428156852722e-02 1.238346472382545471e-02 2.660715486854314804e-03 4.037428647279739380e-03 3.344058990478515625e-03 9.365002624690532684e-03 1.288096327334642410e-02 7.865381427109241486e-03 1.185564789921045303e-02 6.805497221648693085e-03 3.148635104298591614e-02 4.911642987281084061e-03 4.198412597179412842e-02 1.923836581408977509e-02 1.130246091634035110e-02 1.439949031919240952e-03 1.004890538752079010e-02 1.959743164479732513e-02 9.900591336190700531e-03 3.131455555558204651e-02 1.804136857390403748e-02 1.196939125657081604e-02 2.538281306624412537e-02 2.068685181438922882e-02 1.524823252111673355e-02 7.740193512290716171e-03 1.458378508687019348e-02 1.656358828768134117e-03 2.884237095713615417e-02 2.895934507250785828e-02 2.214457280933856964e-02 5.854901392012834549e-03 6.217516027390956879e-03 1.971646444872021675e-03 2.626373246312141418e-02 2.426476217806339264e-02 6.178882904350757599e-03 1.256854087114334106e-02 7.677312009036540985e-03 1.932787708938121796e-02 2.020602859556674957e-02 2.089571766555309296e-02 4.184923891443759203e-04 8.013429120182991028e-03 3.034056629985570908e-03 2.041842602193355560e-02 2.945847250521183014e-02 4.339809715747833252e-02 1.889199763536453247e-02 4.731738939881324768e-03 9.384243749082088470e-03 9.600099176168441772e-03 1.086528878659009933e-02 2.901598811149597168e-02 2.329044602811336517e-02 3.193205920979380608e-03 6.460502278059720993e-03 1.201465073972940445e-02 2.041326463222503662e-02 2.256222255527973175e-02 2.037594653666019440e-02 4.207862541079521179e-02 3.716784529387950897e-03 6.120237521827220917e-03 1.120612397789955139e-02 1.740714535117149353e-02 2.777417935431003571e-02 2.270235912874341011e-03 2.023968659341335297e-02 2.927697263658046722e-02 4.926367197185754776e-03 4.848294425755739212e-03 3.843430802226066589e-02 1.288665365427732468e-02 4.100905358791351318e-02 3.874430432915687561e-02 2.430667169392108917e-02 1.562508754432201385e-02 3.889593295753002167e-03 1.174693088978528976e-02 2.058050967752933502e-02 1.775451935827732086e-02 3.265523537993431091e-02 2.433023229241371155e-02 1.128463726490736008e-02 7.987430319190025330e-03 2.590471319854259491e-02 1.970741525292396545e-02 1.693929918110370636e-02 3.434904664754867554e-02 1.537512987852096558e-02 4.080600291490554810e-02 1.443623472005128860e-02 3.088005632162094116e-02 1.159731112420558929e-02 4.985529463738203049e-03 9.836357086896896362e-03 1.692510023713111877e-02
