8.423939347267150879e-01 6.716987490653991699e-02 5.486512556672096252e-03 1.182873547077178955e-02 6.654464174062013626e-03 3.825884684920310974e-02 4.148878902196884155e-02 2.860571630299091339e-02 1.192499604076147079e-02 1.139074377715587616e-02 7.240292429924011230e-02 7.861357182264328003e-03 6.736831367015838623e-02 5.486709531396627426e-03 1.729227602481842041e-02 1.158396806567907333e-02 6.977387238293886185e-03 1.542155444622039795e-02 1.071820221841335297e-02 8.239922113716602325e-03 2.000576257705688477e-02 1.540587376803159714e-02 1.556935533881187439e-02 1.165544241666793823e-02 6.697298958897590637e-03 8.518426679074764252e-03 2.442677132785320282e-02 4.718567430973052979e-02 8.322704234160482883e-04 3.462630510330200195e-02 3.415217855945229530e-03 2.977187745273113251e-02 6.415522657334804535e-04 3.473621606826782227e-02 6.958337035030126572e-03 1.503829192370176315e-02 1.665352471172809601e-02 2.125167101621627808e-02 1.870063506066799164e-02 1.752568781375885010e-02 3.382150828838348389e-02 2.129158470779657364e-03 7.835537195205688477e-03 3.192527219653129578e-02 7.012665737420320511e-03 1.403056317940354347e-03 6.007971614599227905e-02 4.788376390933990479e-02 9.658765047788619995e-03 4.149554762989282608e-03 3.002077573910355568e-04 1.631690561771392822e-02 1.396191027015447617e-02 1.169815007597208023e-02 1.085558813065290451e-02 7.555277552455663681e-03 4.308744973968714476e-04 1.220851019024848938e-02 1.260915119200944901e-02 1.899432577192783356e-02 8.977169170975685120e-03 1.583160366863012314e-03 1.409931853413581848e-02 1.465233974158763885e-02 3.169815614819526672e-02 3.578886762261390686e-02 1.425962150096893311e-02 1.459942944347858429e-02 3.764708293601870537e-03 6.636670790612697601e-03 8.300542831420898438e-04 7.255543023347854614e-03 1.035019103437662125e-02 1.084649190306663513e-02 1.202944782562553883e-03 1.153140887618064880e-02 4.369037691503763199e-03 5.525149405002593994e-03 1.437680423259735107e-02 1.392028667032718658e-02 3.521457687020301819e-02 3.528527915477752686e-02 7.077678106725215912e-03 1.530167274177074432e-02 1.019236166030168533e-02 5.621704738587141037e-03 2.835673978552222252e-03 1.970944367349147797e-02 3.522333863656967878e-04 7.851119153201580048e-03 5.197734106332063675e-03 1.830151677131652832e-02 9.277096018195152283e-03 5.250594113022089005e-03 3.454201156273484230e-03 8.459445089101791382e-04 6.423008162528276443e-03 2.909628619818249717e-06 7.586185354739427567e-03 4.674249328672885895e-03 1.194432005286216736e-02 2.078642428386956453e-04 7.974239066243171692e-03 1.149844494648277760e-03 9.486739872954785824e-04 1.026759482920169830e-02 1.358789578080177307e-02 1.721185748465359211e-03 1.878397352993488312e-02 1.010548416525125504e-02 2.531609265133738518e-03 1.131678186357021332e-02 4.862569272518157959e-03 5.777861224487423897e-04 2.612054906785488129e-02 1.761101186275482178e-02
6.716987490653991699e-02 8.423939347267150879e-01 6.081340834498405457e-03 1.688033528625965118e-02 2.001360058784484863e-02 5.202061682939529419e-02 5.674342438578605652e-02 2.552323415875434875e-02 1.194176357239484787e-02 1.962144300341606140e-02 5.009087547659873962e-02 1.602605567313730717e-03 4.904402047395706177e-02 1.910924911499023438e-02 4.656974226236343384e-03 9.713418781757354736e-03 1.150605361908674240e-02 9.147947654128074646e-03 1.360816415399312973e-02 5.794954951852560043e-03 1.677661761641502380e-02 5.549455992877483368e-03 3.559852018952369690e-03 1.030432246625423431e-02 1.134518999606370926e-02 9.002371691167354584e-03 1.241610664874315262e-02 3.967090323567390442e-02 5.717922467738389969e-04 2.516176365315914154e-02 1.521658501587808132e-03 2.476573362946510315e-02 1.157178822904825211e-02 2.608039788901805878e-02 1.296374201774597168e-02 1.032605580985546112e-02 7.600528653711080551e-03 3.627613477874547243e-05 6.375269033014774323e-03 8.222808130085468292e-03 2.363899908959865570e-02 1.333325263112783432e-02 1.827975735068321228e-02 1.371388416737318039e-02 1.350324694067239761e-02 2.062474749982357025e-02 4.879982024431228638e-02 3.997661918401718140e-02 1.941356249153614044e-02 2.190843224525451660e-02 8.060311898589134216e-03 2.376849763095378876e-02 2.435206994414329529e-02 2.155919745564460754e-02 1.313012838363647461e-02 6.206281948834657669e-03 1.145600248128175735e-02 1.115151960402727127e-02 2.957930788397789001e-03 1.120749628171324730e-03 1.283371262252330780e-02 1.836581341922283173e-02 2.580980211496353149e-02 3.087444603443145752e-02 2.365640178322792053e-02 2.455706149339675903e-02 2.157348953187465668e-02 2.353576943278312683e-02 1.435444690287113190e-02 6.644909735769033432e-03 1.332597807049751282e-02 2.167552523314952850e-02 2.333450876176357269e-02 1.601400598883628845e-02 1.737545058131217957e-02 2.821257337927818298e-02 9.315438568592071533e-03 1.132905817939899862e-04 1.298357918858528137e-02 9.884797036647796631e-03 1.331848744302988052e-02 1.064441166818141937e-02 2.061208523809909821e-02 1.509595476090908051e-02 1.580927171744406223e-03 2.420589700341224670e-02 9.232559241354465485e-03 1.763042062520980835e-02 1.489318814128637314e-02 1.679095067083835602e-02 7.302280049771070480e-03 3.169345110654830933e-02 1.508042681962251663e-02 4.108127905055880547e-04 1.119484379887580872e-02 7.200844120234251022e-03 1.099283806979656219e-02 1.548857893794775009e-02 8.692449890077114105e-03 1.639744639396667480e-02 1.796413771808147430e-02 1.494505349546670914e-02 1.933200471103191376e-02 5.905999336391687393e-03 6.569523364305496216e-03 1.378401089459657669e-02 8.856038562953472137e-03 1.135965157300233841e-02 4.505861550569534302e-03 8.632427081465721130e-03 1.538266520947217941e-02 8.892709738574922085e-04 1.225835829973220825e-02 1.942235790193080902e-02 2.682062797248363495e-02 9.821767918765544891e-03
5.486512556672096252e-03 6.081340834498405457e-03 8.423939347267150879e-01 2.353638410568237305e-02 9.976232424378395081e-03 4.020295571535825729e-03 8.520063944160938263e-03 3.232685104012489319e-02 2.713927999138832092e-02 1.512472145259380341e-02 5.935256369411945343e-03 1.182201039046049118e-02 9.873992763459682465e-03 1.360967289656400681e-02 1.858275011181831360e-02 1.283020619302988052e-02 1.584001071751117706e-02 1.071978174149990082e-02 3.092877380549907684e-02 3.035430796444416046e-02 2.709923312067985535e-02 3.727772459387779236e-02 5.668603349477052689e-03 1.070960424840450287e-03 1.666882075369358063e-02 1.581240794621407986e-03 4.082418512552976608e-03 1.740082912147045135e-02 4.219575319439172745e-03 1.911333296447992325e-03 1.254198839887976646e-03 8.096347562968730927e-03 2.766856551170349121e-02 2.461397089064121246e-03 1.552862930111587048e-03 2.636650111526250839e-03 1.516132336109876633e-02 2.936903573572635651e-02 4.658850841224193573e-03 1.001692283898591995e-02 1.482423674315214157e-02 1.114573096856474876e-03 5.686410702764987946e-03 1.079136133193969727e-02 1.869639381766319275e-02 6.396608427166938782e-03 5.411760881543159485e-03 8.649913594126701355e-03 8.725062943994998932e-03 7.617936935275793076e-03 1.176773477345705032e-02 7.145229727029800415e-03 1.267391722649335861e-02 1.362985558807849884e-02 3.577386960387229919e-03 1.127624418586492538e-02 1.713773049414157867e-02 6.871535908430814743e-03 6.247537676244974136e-03 1.594202965497970581e-02 1.844286918640136719e-02 1.521475892513990402e-02 2.347700856626033783e-02 2.259664324810728431e-04 1.625243015587329865e-02 2.995483949780464172e-02 1.722560147754848003e-03 1.139944978058338165e-02 6.102790590375661850e-03 4.701187368482351303e-03 7.930390536785125732e-03 5.207420792430639267e-03 2.603873796761035919e-02 3.316381573677062988e-02 1.885717362165451050e-02 1.345972716808319092e-02 1.038455963134765625e-02 4.497775225900113583e-04 6.754006259143352509e-03 6.930709816515445709e-03 5.925473198294639587e-02 3.936286643147468567e-02 9.430324658751487732e-03 4.278458654880523682e-03 3.081655129790306091e-03 1.565948128700256348e-02 2.355425618588924408e-02 1.674328930675983429e-02 7.158741820603609085e-03 1.249242667108774185e-02 3.439511929173022509e-04 2.092665247619152069e-02 7.177533116191625595e-03 1.366340462118387222e-02 5.708957556635141373e-03 1.113685965538024902e-02 1.564160571433603764e-03 9.140669368207454681e-03 4.116166383028030396e-05 4.254280589520931244e-03 3.114311490207910538e-03 2.837253734469413757e-03 8.899572305381298065e-03 1.500921603292226791e-02 1.702266000211238861e-02 2.188616991043090820e-02 3.064739517867565155e-02 1.557576656341552734e-02 5.647870246320962906e-03 2.635543793439865112e-02 3.787323134019970894e-03 3.099411353468894958e-02 1.051209308207035065e-02 1.919837109744548798e-02 1.813446730375289917e-02 1.018308661878108978e-02
1.182873547077178955e-02 1.688033528625965118e-02 2.353638410568237305e-02 8.423939347267150879e-01 4.706889390945434570e-02 2.729818783700466156e-02 1.720211468636989594e-02 1.948799006640911102e-02 4.079247824847698212e-03 2.582180127501487732e-02 4.677919670939445496e-03 1.217827294021844864e-02 1.557587087154388428e-02 1.731644384562969208e-02 1.635259762406349182e-02 1.224280521273612976e-02 8.643283508718013763e-03 2.044788375496864319e-02 1.182876713573932648e-02 6.968003697693347931e-03 7.006679661571979523e-03 1.154902391135692596e-02 1.208339259028434753e-02 5.704961251467466354e-03 9.923240169882774353e-03 2.360949991270899773e-03 8.857035078108310699e-03 1.849016360938549042e-02 2.805957919918000698e-04 4.823416471481323242e-03 8.454412221908569336e-03 1.997596211731433868e-02 3.105813637375831604e-02 1.496163569390773773e-02 2.409624680876731873e-02 1.815566793084144592e-02 3.278638934716582298e-03 3.231580834835767746e-03 2.650426514446735382e-02 2.879355475306510925e-02 1.914881914854049683e-02 3.588007530197501183e-03 1.250488311052322388e-02 8.195601985789835453e-04 1.204495690762996674e-02 1.169846672564744949e-02 1.810863241553306580e-02 1.482700370252132416e-02 1.798832416534423828e-02 1.404789462685585022e-02 1.145340409129858017e-02 8.378762751817703247e-03 2.247888594865798950e-02 2.231063880026340485e-02 1.750486530363559723e-02 1.535918284207582474e-02 3.287081792950630188e-02 1.552635617554187775e-02 1.448794268071651459e-02 1.547752879559993744e-02 2.531279437243938446e-02 2.703434415161609650e-02 4.610487073659896851e-02 2.792794816195964813e-02 5.538427736610174179e-03 9.819914586842060089e-03 1.132571417838335037e-02 1.166849303990602493e-02 2.021845430135726929e-02 4.655428696423768997e-03 1.927015930414199829e-02 2.757181599736213684e-02 4.239482805132865906e-02 4.233747255057096481e-03 3.410100936889648438e-02 3.035243786871433258e-02 2.843083813786506653e-02 1.446664053946733475e-02 5.495340097695589066e-03 2.857577987015247345e-03 1.484367065131664276e-02 2.261722693219780922e-03 3.454397991299629211e-02 1.660073176026344299e-02 7.956481538712978363e-03 2.362236939370632172e-02 9.121079929172992706e-03 9.873398579657077789e-03 2.750807069242000580e-02 2.426351420581340790e-02 8.684404194355010986e-03 2.506859228014945984e-02 9.521218948066234589e-03 5.204269662499427795e-03 2.884438820183277130e-02 1.964182220399379730e-02 6.186750251799821854e-03 2.010077424347400665e-02 5.013103596866130829e-03 8.470996282994747162e-03 5.940143601037561893e-04 2.111625857651233673e-03 1.739900559186935425e-02 1.533540314994752407e-03 1.662596687674522400e-02 3.016334027051925659e-02 2.474187873303890228e-02 3.887135908007621765e-02 1.017990708351135254e-02 2.476412802934646606e-02 2.063767984509468079e-02 9.009206667542457581e-03 4.792810883373022079e-03 8.452022448182106018e-03 2.055958658456802368e-02 2.130120806396007538e-02
6.654464174062013626e-03 2.001360058784484863e-02 9.976232424378395081e-03 4.706889390945434570e-02 8.423939347267150879e-01 2.176157943904399872e-02 1.608125865459442139e-02 4.543728660792112350e-03 6.549275945872068405e-03 1.548750977963209152e-02 6.661430932581424713e-03 2.010971680283546448e-02 1.296025887131690979e-02 1.533557008951902390e-02 1.587177813053131104e-02 3.687850013375282288e-02 3.544845804572105408e-02 2.584795653820037842e-02 3.956696763634681702e-02 3.000725526362657547e-03 3.834293456748127937e-03 1.974453404545783997e-02 1.903247646987438202e-02 8.209875784814357758e-03 8.472814224660396576e-03 1.914278953336179256e-03 1.524494308978319168e-02 2.660495787858963013e-02 1.652790606021881104e-02 2.239218214526772499e-03 1.505832560360431671e-02 2.082307636737823486e-02 1.645374670624732971e-02 3.233566880226135254e-03 2.195888757705688477e-02 1.660110615193843842e-02 2.887644805014133453e-02 1.169728115200996399e-02 3.796359151601791382e-02 3.989247232675552368e-02 1.891990564763545990e-02 1.271257549524307251e-02 8.777000941336154938e-03 3.069418948143720627e-03 2.384487539529800415e-02 2.155724167823791504e-02 3.575658891350030899e-03 1.404863130301237106e-02 2.415467612445354462e-02 8.439595811069011688e-03 4.272115882486104965e-03 6.184222642332315445e-03 1.801530830562114716e-02 1.785458996891975403e-02 6.051403935998678207e-03 1.273462083190679550e-02 1.802353560924530029e-02 1.313330326229333878e-02 1.792737469077110291e-02 1.592321135103702545e-02 3.055157698690891266e-02 3.506257757544517517e-02 3.183736652135848999e-02 3.350544720888137817e-02 1.273793168365955353e-03 5.237216129899024963e-03 1.566758751869201660e-02 5.676418542861938477e-03 4.083606973290443420e-02 1.850431784987449646e-03 3.832018002867698669e-02 1.890910416841506958e-02 4.409181699156761169e-02 1.230074209161102772e-03 4.687742143869400024e-02 2.755087241530418396e-02 2.231680415570735931e-02 2.056203596293926239e-02 7.270181551575660706e-03 3.622456919401884079e-03 7.651921827346086502e-03 1.403833832591772079e-02 2.481731027364730835e-02 1.179781369864940643e-02 3.592373570427298546e-03 1.555085368454456329e-02 1.170643325895071030e-02 1.780554448487237096e-04 2.669796533882617950e-02 2.650991268455982208e-02 1.974894665181636810e-02 1.036228239536285400e-02 1.593387126922607422e-02 4.377048462629318237e-03 3.452254086732864380e-02 3.581742569804191589e-02 1.906136609613895416e-02 2.065546065568923950e-02 7.978827692568302155e-03 1.627232134342193604e-02 5.058629438281059265e-03 6.151619832962751389e-03 1.298931706696748734e-02 2.008951967582106590e-03 2.466733334586024284e-03 1.511660218238830566e-02 3.588709980249404907e-02 3.262930316850543022e-03 3.666871343739330769e-04 5.419946741312742233e-03 3.488738089799880981e-02 1.239430718123912811e-02 1.024929899722337723e-02 1.332450192421674728e-02 1.665952615439891815e-02 1.513056084513664246e-02
3.825884684920310974e-02 5.202061682939529419e-02 4.020295571535825729e-03 2.729818783700466156e-02 2.176157943904399872e-02 8.423939347267150879e-01 6.805209070444107056e-02 2.937847934663295746e-02 2.195246703922748566e-02 1.607745513319969177e-02 2.655423991382122040e-02 1.861125975847244263e-02 1.234507001936435699e-02 3.213981166481971741e-02 1.563268713653087616e-02 1.208474766463041306e-02 1.108390744775533676e-02 2.335843257606029510e-02 1.783730089664459229e-02 3.620911855250597000e-03 6.237169262021780014e-03 4.850963130593299866e-03 1.467724423855543137e-02 6.054864265024662018e-03 3.409624041523784399e-04 2.761822426691651344e-03 2.456082962453365326e-02 1.800119131803512573e-02 2.680306509137153625e-02 6.107170134782791138e-03 3.476130589842796326e-02 7.206407841295003891e-03 1.354667171835899353e-02 1.208901405334472656e-02 1.903226226568222046e-02 1.560095977038145065e-02 8.715764619410037994e-03 1.050295075401663780e-03 9.115208871662616730e-03 1.531205140054225922e-02 1.697432622313499451e-02 3.007824532687664032e-03 3.918055910617113113e-03 1.887499168515205383e-02 7.870224653743207455e-04 3.526371205225586891e-03 5.107848718762397766e-02 8.177492767572402954e-03 3.085182281211018562e-03 1.644804328680038452e-02 9.323702193796634674e-03 3.474981291219592094e-03 2.658161334693431854e-02 2.457770518958568573e-02 3.095047175884246826e-02 1.008573826402425766e-02 2.282375656068325043e-02 2.260502427816390991e-02 1.027696300297975540e-02 1.287111081182956696e-02 1.704059913754463196e-02 2.685495652258396149e-02 2.694208733737468719e-02 3.341954201459884644e-02 1.561942859552800655e-03 1.268590334802865982e-03 1.526718959212303162e-02 1.591984368860721588e-02 2.339635416865348816e-02 4.102677572518587112e-03 1.804467290639877319e-02 4.004932940006256104e-02 2.575894072651863098e-02 2.864143811166286469e-02 2.460319735109806061e-02 3.906115889549255371e-02 2.270441316068172455e-02 7.769845891743898392e-03 1.067003048956394196e-02 3.220420563593506813e-03 1.342284958809614182e-03 5.611883010715246201e-03 2.719082310795783997e-02 1.986777968704700470e-02 7.567529100924730301e-03 3.003755398094654083e-02 1.448655501008033752e-02 1.688763871788978577e-02 7.817345671355724335e-03 7.098436355590820312e-03 2.196486480534076691e-02 2.455729991197586060e-02 1.820502616465091705e-02 1.861239410936832428e-02 2.297124452888965607e-02 1.220111735165119171e-02 7.757081184536218643e-03 2.620463445782661438e-02 5.794228985905647278e-03 2.774475142359733582e-03 3.684002673253417015e-03 5.861389916390180588e-03 7.210140582174062729e-03 1.895512081682682037e-02 6.536677945405244827e-03 1.679068058729171753e-02 1.612492464482784271e-02 2.827124856412410736e-02 1.214070431888103485e-02 2.662688121199607849e-02 1.393298618495464325e-02 1.455245364923030138e-04 7.916138856671750546e-04 9.300301782786846161e-03 3.380583971738815308e-02 3.277186537161469460e-03
4.148878902196884155e-02 5.674342438578605652e-02 8.520063944160938263e-03 1.720211468636989594e-02 1.608125865459442139e-02 6.805209070444107056e-02 8.423939347267150879e-01 4.268782213330268860e-02 2.048685774207115173e-02 1.819139719009399414e-02 3.137603774666786194e-02 9.576117619872093201e-03 1.752433553338050842e-02 3.285123407840728760e-02 6.046869792044162750e-03 1.070991996675729752e-02 9.760282933712005615e-03 1.929125376045703888e-02 1.742776855826377869e-02 3.535324707627296448e-03 1.292076520621776581e-02 3.645100863650441170e-03 1.201469823718070984e-02 6.964748259633779526e-03 2.915422897785902023e-03 9.671841748058795929e-03 2.595305815339088440e-02 2.477154135704040527e-02 2.369717694818973541e-02 1.033741421997547150e-02 3.427207842469215393e-02 8.719146251678466797e-03 5.427394993603229523e-03 1.564256288111209869e-02 8.767186664044857025e-03 1.055977214127779007e-02 4.654990509152412415e-03 1.490492606535553932e-03 5.153319798409938812e-03 1.260801963508129120e-02 1.517123728990554810e-02 6.553197745233774185e-03 7.919615134596824646e-03 1.458319369703531265e-02 9.428702294826507568e-03 7.845356129109859467e-03 5.201398581266403198e-02 2.383082546293735504e-02 2.333953510969877243e-03 1.644830591976642609e-02 8.558853529393672943e-03 6.987213157117366791e-03 1.756952516734600067e-02 1.969917491078376770e-02 3.210162743926048279e-02 1.359452959150075912e-02 1.300966832786798477e-02 9.756869636476039886e-03 5.849555600434541702e-04 3.283462021499872208e-03 1.240775361657142639e-02 2.109480462968349457e-02 2.360719814896583557e-02 2.643026970326900482e-02 1.055227592587471008e-02 1.432493049651384354e-02 1.583617366850376129e-02 2.145727537572383881e-02 1.947615668177604675e-02 7.192344870418310165e-03 1.308064907789230347e-02 3.212877735495567322e-02 2.335410937666893005e-02 1.575012132525444031e-02 2.137786895036697388e-02 3.310444205999374390e-02 1.822260394692420959e-02 4.550517071038484573e-03 2.109745331108570099e-02 5.359775386750698090e-03 5.123918876051902771e-03 1.726006041280925274e-03 2.579318545758724213e-02 1.836864836513996124e-02 4.301260225474834442e-03 3.342182934284210205e-02 1.736291311681270599e-02 2.090898156166076660e-02 6.198431365191936493e-03 2.698361175134778023e-03 1.893022097647190094e-02 3.031304664909839630e-02 1.128540839999914169e-02 1.228826306760311127e-02 2.107644826173782349e-02 9.776552207767963409e-03 9.920541197061538696e-03 2.471482567489147186e-02 5.552810616791248322e-03 2.780811861157417297e-03 1.227367203682661057e-02 1.606546528637409210e-02 1.694283820688724518e-02 1.625837385654449463e-02 1.281680306419730186e-03 1.153360307216644287e-02 6.688536144793033600e-03 2.036768011748790741e-02 1.989713311195373535e-02 1.370930857956409454e-02 4.903498571366071701e-03 8.790806867182254791e-03 4.727004561573266983e-03 1.089877821505069733e-02 2.521975152194499969e-02 6.017810665071010590e-03
2.860571630299091339e-02 2.552323415875434875e-02 3.232685104012489319e-02 1.948799006640911102e-02 4.543728660792112350e-03 2.937847934663295746e-02 4.268782213330268860e-02 8.423939347267150879e-01 2.559790387749671936e-02 2.475588582456111908e-02 2.605065889656543732e-02 7.376599125564098358e-03 2.266089804470539093e-02 2.591676637530326843e-02 2.164999023079872131e-03 1.173199154436588287e-02 1.201929431408643723e-02 2.893635537475347519e-03 8.960772305727005005e-03 1.157494168728590012e-02 1.210394315421581268e-02 3.119476139545440674e-02 1.051069982349872589e-02 1.545177772641181946e-02 3.313408931717276573e-03 8.696146309375762939e-03 4.086851701140403748e-02 3.347498178482055664e-02 1.864740625023841858e-02 2.953995019197463989e-02 1.531517971307039261e-02 1.720072329044342041e-02 3.961517475545406342e-03 2.310252562165260315e-02 4.636168945580720901e-03 1.799398846924304962e-02 1.314341835677623749e-02 3.502787277102470398e-02 3.044434590265154839e-03 7.082283962517976761e-03 2.129643969237804413e-02 1.253612805157899857e-02 3.371623111888766289e-03 5.165711510926485062e-03 1.764322444796562195e-02 6.968540605157613754e-03 3.793612495064735413e-02 2.264039032161235809e-02 2.029382064938545227e-02 5.113781895488500595e-03 2.634262293577194214e-02 8.582001551985740662e-03 1.540607120841741562e-02 1.892856508493423462e-02 6.291532889008522034e-03 4.824734758585691452e-03 1.304963836446404457e-03 3.748802002519369125e-03 1.201494596898555756e-03 1.585772261023521423e-03 1.041581761091947556e-02 2.426057908451184630e-04 2.336562611162662506e-02 2.032976597547531128e-03 1.126162824220955372e-04 7.131319958716630936e-03 1.727873645722866058e-02 1.407186128199100494e-02 9.973141364753246307e-03 9.406823664903640747e-03 1.050852052867412567e-02 3.285746788606047630e-03 9.385108947753906250e-03 9.242033585906028748e-03 3.386701864656060934e-04 2.280490705743432045e-03 1.330819539725780487e-02 1.730187796056270599e-02 1.399809867143630981e-02 1.692862133495509624e-03 4.735399410128593445e-02 4.446533694863319397e-02 1.978070847690105438e-02 1.328305806964635849e-02 7.102916017174720764e-03 1.327059231698513031e-02 6.378374062478542328e-03 9.743572212755680084e-03 8.910990320146083832e-03 1.460258103907108307e-02 2.324027568101882935e-02 9.322744794189929962e-03 1.422525104135274887e-02 6.237674504518508911e-03 1.212524436414241791e-02 1.200205273926258087e-02 3.149884287267923355e-03 9.625882841646671295e-03 5.345193669199943542e-03 1.187517656944692135e-03 1.101882290095090866e-02 1.448355242609977722e-02 1.819362223614007235e-04 7.715172134339809418e-03 1.505732070654630661e-02 1.633751206099987030e-02 1.388505916111171246e-03 2.334737963974475861e-02 6.036208476871252060e-03 2.835827134549617767e-02 1.696855388581752777e-02 1.365858037024736404e-02 1.501607801765203476e-02 7.986092939972877502e-03 1.913104578852653503e-02 9.770628064870834351e-03
1.192499604076147079e-02 1.194176357239484787e-02 2.713927999138832092e-02 4.079247824847698212e-03 6.549275945872068405e-03 2.195246703922748566e-02 2.048685774207115173e-02 2.559790387749671936e-02 8.423939347267150879e-01 3.041258268058300018e-02 6.982979830354452133e-03 1.542672421783208847e-02 1.147949323058128357e-02 6.467880681157112122e-03 8.952777832746505737e-03 1.216690614819526672e-02 8.698093704879283905e-03 3.975409269332885742e-02 2.338476106524467468e-02 2.563043730333447456e-03 1.122482772916555405e-02 1.895766705274581909e-02 4.069054126739501953e-02 2.175563015043735504e-02 1.177588710561394691e-03 1.569714210927486420e-02 1.336370245553553104e-03 3.409607335925102234e-02 6.742610130459070206e-03 4.405147582292556763e-02 3.028247505426406860e-03 2.468523569405078888e-02 4.510174039751291275e-03 2.170627191662788391e-02 1.177652180194854736e-02 3.600520140025764704e-04 1.409507077187299728e-02 9.712787345051765442e-03 7.061929907649755478e-03 3.519835649058222771e-03 1.127314753830432892e-02 1.251399237662553787e-02 4.734855319838970900e-04 1.371626742184162140e-02 8.890268392860889435e-03 1.397491712123155594e-02 3.348308615386486053e-03 5.281916353851556778e-03 1.843035593628883362e-02 9.962396696209907532e-03 5.729454569518566132e-04 5.343532189726829529e-03 8.358837221749126911e-04 7.057053968310356140e-03 5.587727203965187073e-02 2.958687208592891693e-02 3.387879580259323120e-02 2.586635993793606758e-03 5.955713801085948944e-03 2.738804090768098831e-03 2.892016805708408356e-02 2.600278519093990326e-02 4.231064580380916595e-03 2.348697744309902191e-02 8.394292672164738178e-05 1.801861682906746864e-03 5.224143620580434799e-03 5.269941408187150955e-03 3.334068134427070618e-02 1.307121291756629944e-02 2.210300043225288391e-02 3.939230740070343018e-02 3.443470224738121033e-03 3.332549333572387695e-02 7.198415230959653854e-03 4.697569832205772400e-02 5.470802634954452515e-02 1.411298662424087524e-02 2.701552957296371460e-02 2.307052956894040108e-03 2.086767368018627167e-02 4.575199447572231293e-03 2.060958184301853180e-02 3.626531921327114105e-03 4.363011568784713745e-02 4.390639660414308310e-04 9.975020075216889381e-04 1.294477144256234169e-03 3.474741056561470032e-02 2.881335467100143433e-02 7.400051224976778030e-03 2.067600935697555542e-02 1.203200221061706543e-02 7.852488197386264801e-03 1.854423992335796356e-02 2.123966068029403687e-02 2.333047101274132729e-03 5.008676275610923767e-02 2.860472165048122406e-02 1.157611235976219177e-02 6.859227083623409271e-03 1.032882835716009140e-02 1.300008129328489304e-02 1.870142854750156403e-02 4.237852990627288818e-03 1.790182199329137802e-03 6.063016131520271301e-03 1.565000414848327637e-02 3.771024988964200020e-03 2.032257616519927979e-02 1.686818711459636688e-02 1.948450878262519836e-02 4.745790269225835800e-03 1.224125735461711884e-02 1.127952244132757187e-02 1.745400484651327133e-03
1.139074377715587616e-02 1.962144300341606140e-02 1.512472145259380341e-02 2.582180127501487732e-02 1.548750977963209152e-02 1.607745513319969177e-02 1.819139719009399414e-02 2.475588582456111908e-02 3.041258268058300018e-02 8.423939347267150879e-01 2.185021061450242996e-03 3.743677586317062378e-02 1.917138928547501564e-03 3.861024230718612671e-02 6.515030749142169952e-03 3.718176856637001038e-03 9.825468994677066803e-03 6.025701295584440231e-03 1.584192737936973572e-02 6.561782676726579666e-03 6.454843562096357346e-03 6.223360542207956314e-03 2.465614117681980133e-02 5.007838457822799683e-02 7.714589009992778301e-04 1.713242568075656891e-02 8.857737295329570770e-03 2.966855466365814209e-02 4.124454222619533539e-03 2.439595200121402740e-02 1.179589889943599701e-04 1.370768807828426361e-02 2.436740510165691376e-02 2.161563746631145477e-02 4.219850990921258926e-03 2.611171221360564232e-03 2.547693252563476562e-02 1.826111110858619213e-03 2.183184958994388580e-02 2.557047829031944275e-02 6.184898316860198975e-03 5.477933678776025772e-03 8.596462197601795197e-03 4.247974138706922531e-03 1.973078399896621704e-02 3.953154385089874268e-02 1.418336108326911926e-02 1.886793598532676697e-02 1.482265070080757141e-02 2.785257808864116669e-02 7.786315400153398514e-03 3.010817989706993103e-02 1.776254922151565552e-02 1.905570924282073975e-02 3.262167796492576599e-03 3.118212148547172546e-02 3.194349817931652069e-03 2.191561646759510040e-02 4.720394790638238192e-04 2.209754893556237221e-03 1.249036472290754318e-02 5.357759539037942886e-03 2.933764457702636719e-02 1.523513160645961761e-02 3.556863404810428619e-03 1.120492670452222228e-04 2.304346126038581133e-04 1.018083747476339340e-02 1.830015331506729126e-03 3.684919327497482300e-02 1.923367008566856384e-02 6.949982140213251114e-03 3.431164100766181946e-02 4.518998041749000549e-02 1.342107355594635010e-02 6.889996118843555450e-03 4.628489725291728973e-03 4.652304574847221375e-02 2.200013957917690277e-02 5.170943588018417358e-02 1.025499962270259857e-02 1.592712849378585815e-02 1.771661266684532166e-02 2.014878951013088226e-02 1.860300824046134949e-02 3.943262994289398193e-02 9.595355018973350525e-03 5.241321399807929993e-03 1.315118186175823212e-02 2.534729242324829102e-02 8.011044003069400787e-03 1.141510345041751862e-02 6.406337954103946686e-03 4.031990189105272293e-03 7.732819765806198120e-03 2.345628803595900536e-03 3.533785790205001831e-02 2.825337229296565056e-03 1.212179660797119141e-02 2.427249588072299957e-02 1.219660881906747818e-02 2.607894875109195709e-02 8.266459219157695770e-03 7.046014070510864258e-03 5.213463678956031799e-03 1.566571742296218872e-02 1.317322999238967896e-02 7.094017695635557175e-03 3.033144399523735046e-02 1.613207859918475151e-03 2.259396715089678764e-03 9.213812649250030518e-03 3.106931224465370178e-03 1.644069328904151917e-02 1.650629751384258270e-02 1.133300084620714188e-02
7.240292429924011230e-02 5.009087547659873962e-02 5.935256369411945343e-03 4.677919670939445496e-03 6.661430932581424713e-03 2.655423991382122040e-02 3.137603774666786194e-02 2.605065889656543732e-02 6.982979830354452133e-03 2.185021061450242996e-03 8.423939347267150879e-01 2.822342328727245331e-02 6.586843729019165039e-02 1.127100829035043716e-02 2.059406414628028870e-02 1.697385869920253754e-02 1.702306605875492096e-02 3.230619058012962341e-02 1.970429718494415283e-02 1.585885137319564819e-02 4.259407054632902145e-03 1.123875658959150314e-02 1.002839114516973495e-02 8.719027973711490631e-03 1.056748814880847931e-02 1.071526762098073959e-02 1.132196560502052307e-02 4.208159074187278748e-02 1.524426974356174469e-02 3.939913213253021240e-02 9.758338565006852150e-04 2.060728520154953003e-02 2.575493184849619865e-03 1.910855807363986969e-02 6.105530541390180588e-03 2.505370415747165680e-02 2.371853217482566833e-02 1.306191738694906235e-02 1.694305799901485443e-02 2.410242147743701935e-02 9.952042251825332642e-03 7.077967748045921326e-03 9.237549267709255219e-03 1.956055127084255219e-02 3.802500665187835693e-03 1.059207599610090256e-03 6.856679916381835938e-02 3.801202401518821716e-02 2.075597085058689117e-02 7.471536519005894661e-04 2.752308500930666924e-04 1.219576783478260040e-02 6.686304695904254913e-03 4.573772661387920380e-03 9.798847138881683350e-03 1.282717101275920868e-02 9.749833494424819946e-03 1.451926212757825851e-02 1.888499967753887177e-02 2.871195971965789795e-02 1.228217314928770065e-02 7.258603814989328384e-03 6.054894183762371540e-04 1.156893486040644348e-04 5.040122568607330322e-02 3.987933695316314697e-02 9.700702503323554993e-03 1.476551173254847527e-03 1.139214076101779938e-02 1.888120919466018677e-02 1.126922108232975006e-02 3.509344300255179405e-03 1.117620617151260376e-03 9.948273655027151108e-04 1.169271860271692276e-02 4.768313840031623840e-03 9.706784039735794067e-03 1.266517490148544312e-02 2.996013686060905457e-02 1.922555081546306610e-02 3.549341112375259399e-02 1.786646246910095215e-02 3.737260121852159500e-03 8.363946340978145599e-03 6.837756372988224030e-03 8.000564761459827423e-03 1.315876375883817673e-03 1.737000420689582825e-02 1.547261793166399002e-02 1.608201861381530762e-02 6.883688271045684814e-03 2.991473674774169922e-02 1.025876868516206741e-02 2.200654335319995880e-02 1.281828247010707855e-02 1.822277344763278961e-02 4.182110540568828583e-03 1.722220215015113354e-03 1.350754313170909882e-02 3.485011402517557144e-03 2.400532364845275879e-02 6.764559075236320496e-03 1.007197611033916473e-02 5.692971870303153992e-03 1.621345616877079010e-02 3.123544622212648392e-03 1.817442290484905243e-02 1.065944042056798935e-02 4.448730032891035080e-03 7.476004771888256073e-03 1.563760265707969666e-02 2.015615440905094147e-02 7.104016374796628952e-03 2.296982333064079285e-03 7.184967398643493652e-05 2.552955225110054016e-02
7.861357182264328003e-03 1.602605567313730717e-03 1.182201039046049118e-02 1.217827294021844864e-02 2.010971680283546448e-02 1.861125975847244263e-02 9.576117619872093201e-03 7.376599125564098358e-03 1.542672421783208847e-02 3.743677586317062378e-02 2.822342328727245331e-02 8.423939347267150879e-01 1.961135119199752808e-02 7.210037857294082642e-02 1.902564777992665768e-03 4.381420090794563293e-03 7.370342966169118881e-03 1.612169668078422546e-02 1.890684664249420166e-02 2.468819543719291687e-02 1.159721054136753082e-02 5.197641905397176743e-03 1.336238719522953033e-02 2.666837535798549652e-02 2.483299374580383301e-02 8.445115759968757629e-03 8.749505504965782166e-03 6.127930711954832077e-03 2.883584983646869659e-02 8.500889874994754791e-03 2.314009889960289001e-02 1.058194693177938461e-02 4.800578113645315170e-03 9.934857487678527832e-03 4.802348092198371887e-03 2.581653185188770294e-02 2.115075662732124329e-02 1.252665556967258453e-02 8.802975644357502460e-04 1.078191492706537247e-02 1.545895705930888653e-03 1.164666749536991119e-02 1.303049921989440918e-02 1.684880629181861877e-02 1.411537546664476395e-02 2.440497651696205139e-02 1.622454263269901276e-02 1.100479532033205032e-02 9.913615882396697998e-03 8.027500472962856293e-03 4.852414131164550781e-03 1.509177405387163162e-02 8.226749487221240997e-03 4.983284976333379745e-03 3.597110044211149216e-03 1.369528379291296005e-02 3.134404076263308525e-03 1.318403147161006927e-02 2.398748416453599930e-03 1.387558644637465477e-03 9.696637280285358429e-03 2.553413622081279755e-02 1.651022769510746002e-02 1.872235350310802460e-02 3.499193862080574036e-02 2.900324203073978424e-02 6.142881233245134354e-03 1.923509500920772552e-02 1.425674464553594589e-02 1.585358381271362305e-02 2.930509857833385468e-03 1.517106033861637115e-02 3.128895303234457970e-03 6.156499730423092842e-04 3.948102239519357681e-03 1.556097343564033508e-02 3.071369137614965439e-03 2.294594049453735352e-02 5.836007371544837952e-02 3.314330801367759705e-02 9.912484325468540192e-03 2.224811352789402008e-03 7.510459516197443008e-03 8.385919034481048584e-03 1.953411474823951721e-02 3.321513533592224121e-02 2.538265846669673920e-02 1.435426902025938034e-02 3.300191462039947510e-02 3.306218236684799194e-02 1.202542427927255630e-02 1.628335379064083099e-02 1.834892854094505310e-02 2.237666957080364227e-02 1.559139043092727661e-02 2.633637562394142151e-02 1.144555024802684784e-02 3.033366985619068146e-03 1.364891789853572845e-02 2.809592522680759430e-03 1.996100507676601410e-02 8.340304717421531677e-03 1.063858345150947571e-02 5.807572044432163239e-03 5.262855906039476395e-03 5.243157967925071716e-03 4.497956112027168274e-02 1.552488189190626144e-03 1.182138733565807343e-02 1.767772994935512543e-02 3.120257053524255753e-03 2.255439385771751404e-02 2.293003955855965614e-03 1.443559397011995316e-02 2.861266396939754486e-02 3.505707252770662308e-03
6.736831367015838623e-02 4.904402047395706177e-02 9.873992763459682465e-03 1.557587087154388428e-02 1.296025887131690979e-02 1.234507001936435699e-02 1.752433553338050842e-02 2.266089804470539093e-02 1.147949323058128357e-02 1.917138928547501564e-03 6.586843729019165039e-02 1.961135119199752808e-02 8.423939347267150879e-01 8.652772754430770874e-03 5.005497112870216370e-02 1.683410955592989922e-03 2.722632838413119316e-03 1.586444862186908722e-02 1.124024507589638233e-03 1.026329584419727325e-02 4.318071063607931137e-03 1.380410976707935333e-03 9.505471214652061462e-03 9.877589764073491096e-04 2.029091352596879005e-03 1.136165950447320938e-02 2.524828305467963219e-03 4.593602940440177917e-02 2.793656848371028900e-02 4.026773199439048767e-02 2.866329252719879150e-02 3.172098845243453979e-02 2.861947054043412209e-03 2.275593578815460205e-02 6.028787698596715927e-03 2.715972624719142914e-02 1.577928848564624786e-02 1.210389425978064537e-03 1.203864812850952148e-02 1.347437314689159393e-02 1.915735751390457153e-02 1.997068710625171661e-02 1.594793051481246948e-02 1.612160541117191315e-02 1.382266636937856674e-02 9.853788651525974274e-03 4.359121993184089661e-02 5.109202489256858826e-02 3.331831842660903931e-02 4.859161097556352615e-03 9.445644915103912354e-03 1.101181935518980026e-02 1.620425260625779629e-03 6.130070425570011139e-03 1.506029907613992691e-02 1.132515724748373032e-02 9.589804336428642273e-03 1.663197949528694153e-02 5.454398225992918015e-03 1.815333217382431030e-02 2.458003582432866096e-03 3.678838722407817841e-03 8.793990127742290497e-03 5.951432511210441589e-03 4.062006622552871704e-02 4.189349710941314697e-02 2.386317774653434753e-02 8.788252249360084534e-03 4.612276388797909021e-04 1.254563406109809875e-02 5.000162404030561447e-03 7.814642041921615601e-03 8.992697112262248993e-03 5.991455633193254471e-03 1.020233263261616230e-03 1.562154851853847504e-03 1.962984679266810417e-03 5.119441542774438858e-03 1.892685331404209137e-02 2.858455106616020203e-02 4.374966025352478027e-02 2.812698669731616974e-02 1.523509155958890915e-03 5.591338034719228745e-03 1.672534504905343056e-03 7.965999655425548553e-03 3.559635486453771591e-03 2.570170350372791290e-02 2.346999756991863251e-02 2.293542772531509399e-02 2.951922826468944550e-02 2.654398046433925629e-02 3.226327151060104370e-02 2.985913492739200592e-02 1.064345799386501312e-02 1.170438528060913086e-02 1.127868797630071640e-02 3.103103954344987869e-03 1.703904382884502411e-02 1.055157463997602463e-02 2.065972983837127686e-02 7.516046025557443500e-05 2.026681229472160339e-02 1.593847945332527161e-02 1.612517051398754120e-02 1.271919347345829010e-02 2.848368603736162186e-03 1.056800968945026398e-02 1.185407489538192749e-02 1.955117331817746162e-03 4.434925038367509842e-03 2.250976674258708954e-02 1.721939630806446075e-02 2.762287855148315430e-03 5.818578880280256271e-03 5.164580419659614563e-03
