8.353478312492370605e-01 8.913978189229965210e-02 1.016545016318559647e-02 7.968362420797348022e-03 1.094397623091936111e-02 8.200911432504653931e-02 6.003448739647865295e-02 6.850763689726591110e-03 2.518700435757637024e-03 6.405694875866174698e-03 7.126366347074508667e-02 7.228836417198181152e-03 6.987611204385757446e-02 1.782379113137722015e-02 1.107894256711006165e-02 3.733785124495625496e-03 5.101435817778110504e-03 2.264348603785037994e-02 3.125489875674247742e-02 4.320967011153697968e-03 3.814021125435829163e-03 1.157445134595036507e-03 2.740081585943698883e-02 2.327713184058666229e-02 2.856118371710181236e-03 2.466587815433740616e-03 4.634589422494173050e-03 9.904305450618267059e-03 2.620090916752815247e-02 4.213858395814895630e-03 2.938772365450859070e-02 1.279381662607192993e-02 1.124712545424699783e-02 6.102183833718299866e-03 1.625040546059608459e-02 1.153572695329785347e-03 1.465610135346651077e-02 7.976791821420192719e-03 1.743204332888126373e-02 3.017871640622615814e-04 2.212266065180301666e-02 7.072109263390302658e-03 1.067419722676277161e-02 1.733843609690666199e-02 6.632988806813955307e-03 2.064907923340797424e-03 5.649983137845993042e-02 2.440658956766128540e-02 1.826825365424156189e-02 4.271572455763816833e-03 1.588141918182373047e-02 1.199651323258876801e-02 6.893613375723361969e-03 1.388246379792690277e-02 6.726055406033992767e-03 7.718386128544807434e-03 6.234930362552404404e-03 2.947305515408515930e-02 1.032919716089963913e-02 7.819398306310176849e-03 6.290560122579336166e-03 2.267848141491413116e-02 8.215775713324546814e-03 6.545400712639093399e-03 2.478133141994476318e-02 2.901742607355117798e-02 5.501040257513523102e-03 1.249504508450627327e-03 2.411937154829502106e-02 3.828316926956176758e-03 1.930092275142669678e-02 6.531667429953813553e-03 1.025260612368583679e-02 2.213211730122566223e-02 2.192239463329315186e-02 2.079602517187595367e-02 1.807181164622306824e-02 2.169432677328586578e-02 1.625425554811954498e-02 2.634939737617969513e-04 1.032411586493253708e-02 1.779918000102043152e-02 3.077519312500953674e-02 2.385372668504714966e-02 5.063215736299753189e-03 1.559915486723184586e-02 1.655895612202584743e-03 2.594734076410531998e-03 1.384763885289430618e-02 1.388711296021938324e-02 2.595914341509342194e-02 1.314433477818965912e-02 2.947126515209674835e-03 1.666435040533542633e-02 5.110017023980617523e-03 5.011670757085084915e-03 8.820713497698307037e-03 1.786308246664702892e-03 5.661340896040201187e-03 7.965597324073314667e-03 6.849364843219518661e-03 1.077593211084604263e-02 1.101337093859910965e-02 8.394046686589717865e-03 8.156495168805122375e-03 1.695473492145538330e-02 1.946880854666233063e-02 2.236189879477024078e-02 1.446525286883115768e-02 1.094711665064096451e-02 2.232329221442341805e-03 2.334331162273883820e-03 1.547547150403261185e-02 8.515672758221626282e-03 4.343200940638780594e-03 4.320682492107152939e-03
8.913978189229965210e-02 8.353478312492370605e-01 1.789682544767856598e-02 9.203435853123664856e-03 1.056938152760267258e-02 8.030893653631210327e-02 6.018199026584625244e-02 6.920055020600557327e-04 7.723720744252204895e-03 1.136637944728136063e-02 5.718671530485153198e-02 5.632861051708459854e-03 6.266873329877853394e-02 1.292340736836194992e-02 8.756984956562519073e-03 3.668479388579726219e-03 7.684988435357809067e-03 2.661132626235485077e-02 2.796554565429687500e-02 4.568121396005153656e-03 2.662885235622525215e-03 1.049124519340693951e-03 3.057333827018737793e-02 2.054911106824874878e-02 3.928596153855323792e-03 9.212626144289970398e-03 7.110943086445331573e-03 1.771349459886550903e-02 1.449861377477645874e-02 1.177547685801982880e-02 1.732387952506542206e-02 1.323906611651182175e-02 1.921565085649490356e-02 3.311670734547078609e-04 7.936280220746994019e-03 8.127625100314617157e-03 2.084490098059177399e-02 1.288209203630685806e-02 1.603027433156967163e-02 4.468499682843685150e-03 3.298132494091987610e-02 6.377780344337224960e-03 1.256826240569353104e-02 3.540891781449317932e-02 8.117755874991416931e-03 5.751501768827438354e-03 4.992672055959701538e-02 2.107842080295085907e-02 1.127374544739723206e-02 2.548269461840391159e-03 2.457300946116447449e-02 2.110723592340946198e-02 9.589059278368949890e-03 1.906309090554714203e-02 8.751856163144111633e-03 1.134455762803554535e-02 1.813311246223747730e-03 3.263429179787635803e-02 4.109690431505441666e-03 1.684387959539890289e-02 1.766678295098245144e-03 1.812202669680118561e-02 5.820883903652429581e-03 1.652601175010204315e-03 2.126073092222213745e-02 2.787497267127037048e-02 3.467916976660490036e-03 2.189065795391798019e-03 2.329702675342559814e-02 1.089040562510490417e-02 2.103734016418457031e-02 1.264833286404609680e-02 2.797164022922515869e-03 2.721749991178512573e-02 1.549183949828147888e-02 2.510293386876583099e-02 1.597114838659763336e-02 2.491647936403751373e-02 1.150974631309509277e-02 3.076465334743261337e-03 3.899453906342387199e-03 1.507928781211376190e-02 3.144527971744537354e-02 1.594355702400207520e-02 8.868430741131305695e-03 1.712339557707309723e-02 1.011113054119050503e-03 3.825225867331027985e-03 1.267531607300043106e-02 1.233170926570892334e-02 1.969929598271846771e-02 8.537066169083118439e-03 3.206396650057286024e-04 1.201124023646116257e-02 1.992178149521350861e-02 1.683233119547367096e-02 1.067728176712989807e-02 7.976011373102664948e-03 2.172131789848208427e-03 6.760637741535902023e-03 1.034392043948173523e-03 6.043758243322372437e-03 1.014759950339794159e-02 1.675641862675547600e-03 1.740638253977522254e-04 2.292098291218280792e-02 1.855492219328880310e-02 2.307859063148498535e-02 1.415348052978515625e-02 1.334162894636392593e-02 1.463508233428001404e-02 3.858801675960421562e-03 2.163741551339626312e-02 1.231569051742553711e-02 1.249352749437093735e-02 8.840642869472503662e-03
1.016545016318559647e-02 1.789682544767856598e-02 8.353478312492370605e-01 1.572306454181671143e-02 8.650345727801322937e-03 6.983442232012748718e-03 1.144986134022474289e-02 7.391268759965896606e-02 1.156603917479515076e-02 2.282037632539868355e-03 1.826236397027969360e-02 2.672485448420047760e-02 2.101144380867481232e-02 5.018976982682943344e-03 2.012894116342067719e-02 2.971435664221644402e-03 9.576092474162578583e-03 2.412892878055572510e-03 1.753231510519981384e-02 6.663189735263586044e-03 8.194286376237869263e-03 2.500281482934951782e-02 1.436246186494827271e-02 7.608180865645408630e-03 7.622335106134414673e-03 2.677956363186240196e-03 6.888718344271183014e-03 2.480197697877883911e-02 8.238433860242366791e-03 1.655196025967597961e-02 5.547515320358797908e-05 1.932973228394985199e-02 1.426393818110227585e-02 3.150937706232070923e-02 1.284741517156362534e-02 1.345269102603197098e-02 5.587465595453977585e-03 1.340172998607158661e-02 3.561368957161903381e-02 4.454805329442024231e-02 1.566713303327560425e-02 6.527539808303117752e-04 7.831282913684844971e-03 2.318617515265941620e-02 6.017438136041164398e-03 9.749309159815311432e-03 1.106287818402051926e-02 1.213515549898147583e-02 2.162368223071098328e-02 5.690280813723802567e-04 2.448358945548534393e-02 1.750981435179710388e-02 4.145773127675056458e-03 3.497010096907615662e-03 2.574856579303741455e-02 2.695589698851108551e-02 9.974709711968898773e-03 9.529597125947475433e-03 1.842460595071315765e-02 2.901785820722579956e-02 4.641523584723472595e-03 7.946208119392395020e-03 1.005904283374547958e-02 1.108125038444995880e-02 1.679850742220878601e-02 2.021876350045204163e-02 7.282032747752964497e-04 6.988414097577333450e-03 4.993096925318241119e-03 7.411697413772344589e-03 6.091095507144927979e-03 3.891665721312165260e-03 1.082464680075645447e-02 2.680845558643341064e-03 6.525390199385583401e-04 3.383965697139501572e-03 3.426992567256093025e-03 3.894954454153776169e-03 1.106843003071844578e-03 1.567669771611690521e-02 9.319993853569030762e-02 4.384216666221618652e-02 2.091833390295505524e-02 1.532287523150444031e-02 2.032381235039792955e-05 7.785594556480646133e-03 4.760479182004928589e-02 2.943342551589012146e-02 1.795001327991485596e-02 1.162573136389255524e-02 4.581903107464313507e-03 2.034252323210239410e-02 3.981917165219783783e-03 1.368740946054458618e-02 4.038082435727119446e-03 1.338587049394845963e-02 6.239265785552561283e-04 7.824896834790706635e-03 9.955735877156257629e-03 2.953016199171543121e-03 4.972530528903007507e-03 1.210173964500427246e-02 4.280710592865943909e-03 1.984304003417491913e-02 9.084703400731086731e-03 1.800852082669734955e-02 1.517083495855331421e-02 6.880601285956799984e-04 3.625759156420826912e-03 6.222136318683624268e-03 1.906944625079631805e-02 1.002115104347467422e-02 1.198298949748277664e-02 1.179158966988325119e-02 3.942869603633880615e-02 3.337861737236380577e-03
7.968362420797348022e-03 9.203435853123664856e-03 1.572306454181671143e-02 8.353478312492370605e-01 6.884309649467468262e-02 7.176779909059405327e-04 1.377109810709953308e-02 4.298196639865636826e-03 1.585710979998111725e-02 9.177391417324542999e-03 8.203449659049510956e-03 2.255428954958915710e-02 3.199212253093719482e-03 9.569206275045871735e-03 1.208182424306869507e-03 3.000874305143952370e-03 3.260283556301146746e-04 2.825915440917015076e-02 3.155657649040222168e-02 6.677809637039899826e-03 1.445621158927679062e-02 1.543264719657599926e-03 2.363760024309158325e-03 1.453699660487473011e-04 8.483157493174076080e-03 1.194480247795581818e-02 2.625314518809318542e-03 8.226051926612854004e-03 1.780212670564651489e-02 9.450012817978858948e-03 2.016804367303848267e-02 2.097845263779163361e-02 2.383827418088912964e-02 1.389009412378072739e-03 2.044277451932430267e-02 1.528131123632192612e-02 2.725957427173852921e-03 1.835312135517597198e-02 7.476626336574554443e-02 6.245015189051628113e-02 6.809740327298641205e-03 5.870736669749021530e-03 1.433615945279598236e-02 7.640689145773649216e-03 6.699752528220415115e-03 4.319223109632730484e-03 1.490348670631647110e-02 8.644098415970802307e-03 3.109849058091640472e-02 1.652961247600615025e-03 1.828694716095924377e-02 2.323309518396854401e-02 1.090375240892171860e-03 1.150839868932962418e-02 2.610866352915763855e-02 1.960135763511061668e-03 2.370867691934108734e-02 2.919775247573852539e-02 5.340131465345621109e-03 2.553654089570045471e-02 2.188361808657646179e-02 2.110832370817661285e-02 1.636007241904735565e-02 3.204508870840072632e-02 2.794989198446273804e-02 2.320626936852931976e-02 1.880312687717378139e-03 3.399492125026881695e-04 7.221208885312080383e-03 1.692606694996356964e-02 3.573360620066523552e-03 1.630522869527339935e-02 4.317542538046836853e-02 1.382839586585760117e-02 4.577635601162910461e-02 2.686181664466857910e-02 7.516069454140961170e-04 1.080637611448764801e-02 8.803213015198707581e-03 8.169679902493953705e-03 1.462037302553653717e-02 1.085834857076406479e-02 3.788923844695091248e-02 2.721206843852996826e-02 8.459833450615406036e-03 1.929108257172629237e-04 5.695797502994537354e-03 2.436317130923271179e-02 1.494517456740140915e-02 4.462685436010360718e-03 7.471051532775163651e-03 1.885369606316089630e-02 3.909993916749954224e-03 1.660135202109813690e-02 3.191447257995605469e-02 3.213154524564743042e-02 9.234758093953132629e-03 1.953216642141342163e-02 1.063889916986227036e-02 1.067354530096054077e-02 1.710907742381095886e-02 1.269632019102573395e-02 2.038136683404445648e-02 7.217328529804944992e-03 1.697981357574462891e-02 1.912709511816501617e-02 2.035321667790412903e-03 2.106680348515510559e-02 1.895811758004128933e-03 2.519117109477519989e-02 1.261073723435401917e-02 7.772428449243307114e-03 1.870262064039707184e-02 1.455592829734086990e-02 1.320566050708293915e-02 3.561706840991973877e-02
1.094397623091936111e-02 1.056938152760267258e-02 8.650345727801322937e-03 6.884309649467468262e-02 8.353478312492370605e-01 6.712582428008317947e-03 4.892306402325630188e-03 1.141643896698951721e-02 6.169366650283336639e-03 4.885204602032899857e-03 1.230840105563402176e-03 1.782017573714256287e-02 1.139656873419880867e-03 8.239462971687316895e-03 1.123801921494305134e-03 1.187671558000147343e-03 5.053223576396703720e-03 2.573725767433643341e-02 3.236239776015281677e-02 5.349436542019248009e-04 6.434898823499679565e-04 7.866839878261089325e-04 2.676298143342137337e-03 1.331425155512988567e-03 1.024755742400884628e-02 1.666859956458210945e-03 3.996244631707668304e-03 1.385595463216304779e-02 1.839968189597129822e-02 2.129249460995197296e-02 2.285754866898059845e-02 1.510844379663467407e-02 7.642433047294616699e-03 4.815053194761276245e-03 5.049062427133321762e-03 1.654773391783237457e-02 4.826076794415712357e-03 1.084411609917879105e-02 5.855581909418106079e-02 7.304785400629043579e-02 6.295147817581892014e-03 5.900451797060668468e-04 1.755146309733390808e-02 7.921100594103336334e-03 1.740117929875850677e-02 1.689452677965164185e-02 2.458652947098016739e-03 6.231054197996854782e-03 2.227204851806163788e-02 1.942458446137607098e-03 1.127375941723585129e-02 1.417750027030706406e-02 8.253143168985843658e-03 2.028257027268409729e-02 2.362269535660743713e-02 6.025794427841901779e-03 5.028839223086833954e-03 1.933293975889682770e-02 1.557205431163311005e-02 2.290287241339683533e-02 1.537371240556240082e-02 1.864616945385932922e-02 1.035248115658760071e-02 1.161330007016658783e-02 2.730535343289375305e-02 1.756881736218929291e-02 6.857927422970533371e-03 5.413657985627651215e-03 1.537932176142930984e-02 8.008921518921852112e-03 1.815693266689777374e-02 1.317884586751461029e-02 3.447668999433517456e-02 6.015605758875608444e-03 3.728481754660606384e-02 1.918066479265689850e-02 3.714823629707098007e-03 1.468321215361356735e-02 1.256616669707000256e-03 1.631590770557522774e-03 6.853816565126180649e-03 6.423474289476871490e-03 3.427811339497566223e-02 2.851684391498565674e-02 2.166505437344312668e-03 2.767587546259164810e-03 4.899695515632629395e-03 2.124554291367530823e-02 1.598774269223213196e-02 1.238963752985000610e-02 1.147486642003059387e-02 1.697693392634391785e-02 2.366564050316810608e-02 1.545855775475502014e-02 3.478249907493591309e-02 4.203632846474647522e-02 1.328044570982456207e-02 1.867156103253364563e-02 1.298630842939019203e-03 3.706301795318722725e-03 1.320947427302598953e-02 1.884911023080348969e-02 1.779645681381225586e-02 2.141553349792957306e-02 2.945085614919662476e-02 2.887178026139736176e-02 1.544501818716526031e-02 2.649759687483310699e-02 5.561493802815675735e-03 2.076936326920986176e-02 6.134490948170423508e-03 9.131847880780696869e-03 2.132629975676536560e-02 2.082184515893459320e-02 1.063250936567783356e-02 3.188005462288856506e-02
8.200911432504653931e-02 8.030893653631210327e-02 6.983442232012748718e-03 7.176779909059405327e-04 6.712582428008317947e-03 8.353478312492370605e-01 8.114606887102127075e-02 8.655780926346778870e-03 1.482376363128423691e-02 9.744418784976005554e-03 6.233665347099304199e-02 1.352453837171196938e-03 6.641358137130737305e-02 1.132515631616115570e-02 4.371354880277067423e-04 2.388311782851815224e-03 1.313901040703058243e-03 2.745795249938964844e-02 2.671770006418228149e-02 1.526236254721879959e-02 1.195714250206947327e-02 2.123171929270029068e-03 2.184553816914558411e-02 1.944527775049209595e-02 5.509071052074432373e-03 5.326393060386180878e-03 4.694222938269376755e-03 3.398148808628320694e-03 1.886679045855998993e-02 3.115609753876924515e-03 2.235078439116477966e-02 1.066087931394577026e-02 3.309514373540878296e-02 4.424193874001502991e-03 4.523433744907379150e-03 2.588615752756595612e-03 1.424091309309005737e-02 1.078837178647518158e-02 9.913123212754726410e-03 3.712388919666409492e-03 2.526542171835899353e-02 7.510415161959826946e-04 1.589487679302692413e-02 2.609067969024181366e-02 7.890988141298294067e-03 5.607160739600658417e-03 7.229705899953842163e-02 3.037741221487522125e-02 1.053598057478666306e-02 7.914149900898337364e-04 1.844363473355770111e-02 1.361319236457347870e-02 1.036065630614757538e-02 1.289198361337184906e-02 6.520287133753299713e-03 2.828863449394702911e-03 1.934342901222407818e-03 1.905718818306922913e-02 2.436105860397219658e-03 1.721059158444404602e-02 6.326179020106792450e-03 3.906214609742164612e-03 5.474528763443231583e-03 1.157302130013704300e-02 2.776709012687206268e-02 3.549277409911155701e-02 2.714125439524650574e-03 4.696925170719623566e-03 1.881176978349685669e-02 7.664037402719259262e-03 1.608459837734699249e-02 1.000714767724275589e-02 9.628092870116233826e-03 1.865917257964611053e-02 2.330323867499828339e-02 1.566394791007041931e-02 2.177384681999683380e-02 2.631292492151260376e-02 1.250188425183296204e-02 8.766110404394567013e-04 7.665384560823440552e-03 1.768421567976474762e-02 3.448050096631050110e-02 2.123911306262016296e-02 6.882817018777132034e-03 1.220655441284179688e-02 9.987886995077133179e-03 9.798850864171981812e-03 8.538358844816684723e-03 1.039360463619232178e-02 3.471709415316581726e-02 1.133415196090936661e-02 1.019024848937988281e-02 1.144850254058837891e-02 3.689383156597614288e-03 2.338808961212635040e-03 5.816232878714799881e-03 5.536047741770744324e-03 1.208772230893373489e-02 1.127817574888467789e-02 5.699668545275926590e-03 2.074887230992317200e-02 8.102444931864738464e-03 1.086511649191379547e-02 1.304656267166137695e-02 2.629181742668151855e-02 1.601839065551757812e-02 1.053061895072460175e-02 2.193412743508815765e-02 1.117431529564782977e-04 1.040471810847520828e-02 1.484841760247945786e-02 2.029058709740638733e-02 1.527295541018247604e-02 9.406614117324352264e-03 2.210696227848529816e-03
6.003448739647865295e-02 6.018199026584625244e-02 1.144986134022474289e-02 1.377109810709953308e-02 4.892306402325630188e-03 8.114606887102127075e-02 8.353478312492370605e-01 6.019624881446361542e-03 1.637541130185127258e-02 3.937523812055587769e-03 6.535490602254867554e-02 3.904674900695681572e-03 6.748247891664505005e-02 1.052227057516574860e-02 6.465449696406722069e-04 1.032368093729019165e-02 9.049302898347377777e-03 2.006654441356658936e-02 2.273205853998661041e-02 1.975467614829540253e-02 6.044622045010328293e-03 1.201924309134483337e-02 2.165188267827033997e-02 1.136596780270338058e-02 3.023888915777206421e-03 5.915497429668903351e-03 1.369332335889339447e-02 4.880103748291730881e-03 3.578145056962966919e-02 1.576318871229887009e-03 3.545277193188667297e-02 2.800262998789548874e-03 3.781958669424057007e-02 9.611255489289760590e-03 1.589343510568141937e-02 8.361919783055782318e-03 9.352506138384342194e-03 1.550975162535905838e-02 2.413988346233963966e-03 6.311527453362941742e-03 1.356272026896476746e-02 2.354961819946765900e-03 9.896667674183845520e-03 2.122641727328300476e-02 1.885779574513435364e-02 1.657341234385967255e-02 7.756395637989044189e-02 4.833850637078285217e-02 2.494371961802244186e-03 2.897132653743028641e-03 4.468844272196292877e-03 6.134294904768466949e-03 1.097816135734319687e-02 1.622233539819717407e-02 4.109414294362068176e-03 1.232786220498383045e-03 1.628563925623893738e-02 2.284653717651963234e-03 1.981616485863924026e-03 2.438905462622642517e-02 6.444979808293282986e-04 8.718828670680522919e-03 1.022662222385406494e-02 1.511968392878770828e-02 4.430492967367172241e-02 5.302077904343605042e-02 2.604997018352150917e-03 2.102483704220503569e-04 1.908423006534576416e-02 7.092887070029973984e-03 1.402845978736877441e-02 1.162598637165501714e-04 1.641849055886268616e-02 4.465193487703800201e-03 2.448106370866298676e-02 5.156580824404954910e-03 1.600320823490619659e-02 1.234367489814758301e-02 1.961716637015342712e-02 4.119274672120809555e-03 6.823808886110782623e-03 3.663687093649059534e-04 3.072996810078620911e-02 1.705399155616760254e-02 2.365795662626624107e-03 1.981808803975582123e-03 6.659235805273056030e-03 2.223299629986286163e-02 1.137613970786333084e-02 1.030615065246820450e-02 5.048443004488945007e-02 1.938278228044509888e-02 2.752903290092945099e-02 2.139578014612197876e-02 1.587756793014705181e-03 2.987586893141269684e-03 5.461223889142274857e-03 1.258524786680936813e-02 6.378696765750646591e-03 3.334693843498826027e-03 7.357485592365264893e-03 1.748348958790302277e-02 3.451219061389565468e-03 1.390763279050588608e-02 9.404872544109821320e-03 3.377480059862136841e-02 5.398191977292299271e-03 1.957906875759363174e-03 1.934682950377464294e-02 1.862932182848453522e-02 8.700966835021972656e-03 9.798202663660049438e-03 1.016063429415225983e-02 7.884738035500049591e-03 1.094293408095836639e-02 1.160381641238927841e-02
6.850763689726591110e-03 6.920055020600557327e-04 7.391268759965896606e-02 4.298196639865636826e-03 1.141643896698951721e-02 8.655780926346778870e-03 6.019624881446361542e-03 8.353478312492370605e-01 1.349503640085458755e-02 1.637792401015758514e-02 1.654554507695138454e-03 1.914771832525730133e-02 5.732631543651223183e-04 5.732289515435695648e-03 4.127294197678565979e-02 1.548337284475564957e-03 4.451448563486337662e-03 6.444771774113178253e-03 4.609846044331789017e-03 3.069316269829869270e-03 2.567876316606998444e-02 7.274924311786890030e-03 4.111454356461763382e-03 6.943465210497379303e-03 1.204043254256248474e-02 1.590902335010468960e-03 1.543188281357288361e-02 7.880158722400665283e-03 1.556370966136455536e-02 6.804839358665049076e-04 1.379774790257215500e-02 2.995601668953895569e-02 8.702976629137992859e-03 2.287111617624759674e-02 1.317685749381780624e-02 1.508776680566370487e-03 5.787203088402748108e-03 1.005226373672485352e-02 3.263796865940093994e-02 4.170274734497070312e-02 3.244558721780776978e-02 8.383204229176044464e-03 1.452394877560436726e-03 2.860663831233978271e-02 2.226876560598611832e-03 5.779038183391094208e-03 5.568735767155885696e-03 7.149708457291126251e-03 1.002628915011882782e-02 7.565778214484453201e-03 1.906937360763549805e-02 1.090023014694452286e-02 2.198905311524868011e-02 1.323735155165195465e-02 1.477838028222322464e-02 1.566823758184909821e-02 1.137434039264917374e-02 7.523136213421821594e-03 3.371870890259742737e-02 2.335517853498458862e-02 6.887445691972970963e-03 1.526438863947987556e-03 7.445486728101968765e-03 1.548292813822627068e-03 1.143512316048145294e-03 3.237161319702863693e-03 9.879214689135551453e-03 1.065866276621818542e-02 3.610500833019614220e-03 1.157912891358137131e-02 2.033625605690758675e-05 1.443069428205490112e-02 1.332326233386993408e-02 2.034851908683776855e-02 1.019154116511344910e-02 1.376338303089141846e-02 1.552090398035943508e-03 1.842034235596656799e-02 4.818744491785764694e-03 7.299191784113645554e-03 7.552837580442428589e-02 5.507614836096763611e-02 3.598720533773303032e-03 1.935138553380966187e-02 1.141479145735502243e-02 3.269375069066882133e-03 6.563714146614074707e-02 2.127895131707191467e-02 1.537073124200105667e-02 2.428253553807735443e-02 1.106111425906419754e-02 2.003864385187625885e-03 1.976722478866577148e-02 8.952583186328411102e-03 1.050918176770210266e-02 2.666222676634788513e-02 1.325005758553743362e-02 1.744273677468299866e-02 1.370759308338165283e-02 6.350835319608449936e-03 1.348002161830663681e-02 2.500483021140098572e-02 9.264042600989341736e-03 2.045950666069984436e-02 3.056678920984268188e-02 1.669081673026084900e-02 6.555248983204364777e-03 1.226608082652091980e-02 2.118414081633090973e-02 1.299826614558696747e-02 2.771128155291080475e-02 1.006253622472286224e-02 3.521496430039405823e-03 2.614148426800966263e-03 3.060040064156055450e-02 1.611727522686123848e-03
2.518700435757637024e-03 7.723720744252204895e-03 1.156603917479515076e-02 1.585710979998111725e-02 6.169366650283336639e-03 1.482376363128423691e-02 1.637541130185127258e-02 1.349503640085458755e-02 8.353478312492370605e-01 4.890670254826545715e-02 1.214135158807039261e-02 3.320072591304779053e-02 1.365362294018268585e-02 1.129936426877975464e-02 1.306005660444498062e-02 1.766391471028327942e-02 1.648927479982376099e-02 2.485780976712703705e-02 8.975777775049209595e-03 2.012400655075907707e-03 8.304575458168983459e-03 8.162774611264467239e-04 1.075346488505601883e-02 2.881235675886273384e-03 2.249173354357481003e-03 1.721966639161109924e-02 6.701916456222534180e-03 2.503027394413948059e-02 1.220656000077724457e-02 2.011726237833499908e-02 1.298631913959980011e-02 2.208570763468742371e-02 2.058168314397335052e-02 1.387237105518579483e-02 1.837381161749362946e-02 7.409080862998962402e-03 1.129110250622034073e-02 9.708257392048835754e-03 1.508361566811800003e-02 1.810911856591701508e-02 1.996881514787673950e-02 3.861000761389732361e-02 1.405772846192121506e-02 2.332412404939532280e-03 2.732601203024387360e-02 6.958792451769113541e-03 4.523949231952428818e-03 3.689272562041878700e-03 5.735167860984802246e-02 1.657509431242942810e-02 2.193493954837322235e-02 1.796726509928703308e-02 1.840262301266193390e-02 1.390377152711153030e-02 3.187514469027519226e-02 8.687115274369716644e-03 1.996337808668613434e-02 7.810962852090597153e-03 5.509405396878719330e-03 1.778068579733371735e-02 2.130479551851749420e-03 3.528746077790856361e-03 2.128598680428694934e-05 4.925945773720741272e-03 6.378234364092350006e-03 1.110392529517412186e-02 1.199982129037380219e-02 1.185062807053327560e-02 1.036686077713966370e-02 1.638561673462390900e-02 1.120254397392272949e-02 4.188666120171546936e-02 3.093510493636131287e-02 2.481725253164768219e-02 3.093272633850574493e-02 4.264225065708160400e-02 6.885833293199539185e-02 5.080537870526313782e-02 4.670931398868560791e-02 2.977148815989494324e-02 1.545073371380567551e-02 9.520975872874259949e-03 4.739611467812210321e-04 1.126356050372123718e-02 4.863649141043424606e-03 2.632654737681150436e-03 6.223089061677455902e-03 2.478705951943993568e-03 2.622883580625057220e-02 4.363638162612915039e-02 1.636098022572696209e-03 6.706064101308584213e-03 4.512066021561622620e-03 2.022061310708522797e-02 8.128567598760128021e-03 9.966066107153892517e-03 7.804181659594178200e-04 1.738390885293483734e-02 1.760444603860378265e-02 6.388596724718809128e-03 1.252221409231424332e-03 1.646562013775110245e-04 7.930018007755279541e-03 6.685539614409208298e-03 2.315448969602584839e-02 1.377722900360822678e-02 2.931526396423578262e-03 2.093818411231040955e-02 4.065250977873802185e-03 1.716462895274162292e-02 1.685061492025852203e-02 2.008483745157718658e-03 1.618288271129131317e-02 1.167443767189979553e-02 1.138699799776077271e-02 8.235400542616844177e-03
6.405694875866174698e-03 1.136637944728136063e-02 2.282037632539868355e-03 9.177391417324542999e-03 4.885204602032899857e-03 9.744418784976005554e-03 3.937523812055587769e-03 1.637792401015758514e-02 4.890670254826545715e-02 8.353478312492370605e-01 8.159996010363101959e-03 2.344252727925777435e-02 9.295642375946044922e-03 2.385684847831726074e-02 9.092700667679309845e-03 2.499410323798656464e-02 1.695616729557514191e-02 2.261240966618061066e-03 2.489231899380683899e-02 2.277950756251811981e-03 1.001973077654838562e-02 1.430950686335563660e-02 1.784586161375045776e-02 8.342594373971223831e-04 1.614164188504219055e-02 2.968314476311206818e-02 2.736099436879158020e-02 2.836450934410095215e-02 1.102962996810674667e-02 2.646693214774131775e-02 2.045838162302970886e-03 1.086688507348299026e-02 8.595742285251617432e-03 1.890587806701660156e-02 7.818923331797122955e-03 1.021058298647403717e-02 9.920123964548110962e-03 1.307158032432198524e-03 1.581322401762008667e-02 1.468363218009471893e-02 2.471986785531044006e-02 3.962432220578193665e-02 3.253220021724700928e-02 3.206428140401840210e-03 3.161238506436347961e-02 3.143856674432754517e-02 6.320130545645952225e-03 2.307579293847084045e-02 3.970788419246673584e-02 5.403399094939231873e-02 2.753579430282115936e-02 2.412058040499687195e-02 3.516899421811103821e-02 2.638809755444526672e-02 2.404849603772163391e-02 3.942094743251800537e-02 7.929451763629913330e-03 1.225827634334564209e-02 7.539839018136262894e-03 4.259421955794095993e-03 2.844292111694812775e-02 7.824390195310115814e-03 2.190270461142063141e-02 1.772665604948997498e-02 3.623145632445812225e-03 9.035760536789894104e-03 6.118156015872955322e-03 1.069093868136405945e-02 1.967100799083709717e-02 2.225567959249019623e-02 9.447623975574970245e-03 1.254837494343519211e-02 8.458817377686500549e-03 4.331228137016296387e-02 9.024858474731445312e-03 1.754036545753479004e-02 1.218391116708517075e-02 5.343098565936088562e-02 4.508092999458312988e-02 5.531159788370132446e-02 1.045315247029066086e-02 2.140371873974800110e-02 1.387695036828517914e-02 2.726715058088302612e-02 2.000259049236774445e-02 1.266247592866420746e-02 1.729928422719240189e-03 1.050063408911228180e-03 1.685460284352302551e-02 4.229010641574859619e-02 9.875808842480182648e-03 1.157718151807785034e-02 1.176986657083034515e-02 1.420926675200462341e-02 1.248640380799770355e-02 2.551257843151688576e-03 2.783154882490634918e-02 2.314781397581100464e-02 3.219346702098846436e-02 2.749194763600826263e-02 9.676507674157619476e-03 8.944364264607429504e-03 2.857181010767817497e-03 5.851444788277149200e-03 3.465901315212249756e-02 1.652214117348194122e-02 3.074541455134749413e-03 2.874481724575161934e-03 1.577035896480083466e-02 5.660574883222579956e-03 2.738547138869762421e-02 1.395532116293907166e-02 2.280946820974349976e-02 1.648496836423873901e-02 1.163751911371946335e-02 1.819702424108982086e-02
7.126366347074508667e-02 5.718671530485153198e-02 1.826236397027969360e-02 8.203449659049510956e-03 1.230840105563402176e-03 6.233665347099304199e-02 6.535490602254867554e-02 1.654554507695138454e-03 1.214135158807039261e-02 8.159996010363101959e-03 8.353478312492370605e-01 9.917126037180423737e-03 7.630164176225662231e-02 3.545341547578573227e-03 1.470133755356073380e-02 2.082454413175582886e-02 2.679658681154251099e-02 2.342338860034942627e-02 2.968456782400608063e-02 4.257226362824440002e-03 4.486743826419115067e-03 1.517237443476915359e-02 2.316976897418498993e-02 2.136913686990737915e-02 2.452780492603778839e-03 8.120291167870163918e-04 1.126361358910799026e-02 1.055468525737524033e-02 4.548457637429237366e-02 4.214662476442754269e-04 4.076332598924636841e-02 1.215046830475330353e-02 1.819502562284469604e-02 3.976386971771717072e-03 5.174197722226381302e-03 7.088323123753070831e-03 8.844764903187751770e-03 1.182453893125057220e-02 9.896604344248771667e-03 7.979581132531166077e-03 1.649281382560729980e-02 6.121355574578046799e-03 1.498335413634777069e-02 1.181611232459545135e-02 1.404969580471515656e-02 9.473142214119434357e-03 6.339156627655029297e-02 3.479610010981559753e-02 3.072160063311457634e-03 1.102738361805677414e-02 1.632105931639671326e-02 6.581736262887716293e-03 1.362579315900802612e-02 1.810172200202941895e-02 1.417216658592224121e-02 1.686979644000530243e-02 9.100425057113170624e-03 9.298120625317096710e-03 9.502932429313659668e-03 1.271799951791763306e-02 5.493993870913982391e-03 1.564923860132694244e-02 1.003803312778472900e-02 1.871591666713356972e-03 5.181786417961120605e-02 5.185321345925331116e-02 4.154745023697614670e-03 3.615531386458314955e-05 2.373743057250976562e-02 1.471782289445400238e-02 2.305586263537406921e-02 7.094489410519599915e-04 1.138848997652530670e-02 6.324330344796180725e-03 2.049977891147136688e-02 1.070843264460563660e-02 1.927160285413265228e-02 1.257882267236709595e-02 1.342880725860595703e-02 1.865037716925144196e-03 3.471036441624164581e-03 1.577612757682800293e-02 3.628132864832878113e-02 2.145350910723209381e-02 3.465086454525589943e-03 8.976015960797667503e-04 4.035208839923143387e-03 1.181263476610183716e-02 1.388752087950706482e-02 1.145301666110754013e-02 4.379177093505859375e-02 2.996508218348026276e-02 2.191829308867454529e-02 2.416914515197277069e-02 9.061194024980068207e-03 6.970675196498632431e-03 1.156550552695989609e-02 9.630800224840641022e-03 1.555062830448150635e-02 1.372041273862123489e-02 1.184730697423219681e-02 1.574216596782207489e-02 9.568375535309314728e-03 1.233174372464418411e-02 6.397108547389507294e-03 2.410387620329856873e-02 2.196781570091843605e-03 4.635243676602840424e-03 2.355185896158218384e-02 1.058608107268810272e-02 1.348594017326831818e-02 8.973300457000732422e-03 1.386042404919862747e-02 7.633849978446960449e-03 9.322354570031166077e-03 1.395198283717036247e-03
7.228836417198181152e-03 5.632861051708459854e-03 2.672485448420047760e-02 2.255428954958915710e-02 1.782017573714256287e-02 1.352453837171196938e-03 3.904674900695681572e-03 1.914771832525730133e-02 3.320072591304779053e-02 2.344252727925777435e-02 9.917126037180423737e-03 8.353478312492370605e-01 8.910502307116985321e-03 7.253386080265045166e-02 1.431339327245950699e-02 8.012984879314899445e-03 7.874730974435806274e-03 3.435856197029352188e-03 2.873043762519955635e-03 1.082226634025573730e-02 1.887195627205073833e-03 7.698775734752416611e-04 3.021460212767124176e-02 4.098094627261161804e-02 1.817223802208900452e-02 2.422212809324264526e-02 8.048270246945321560e-04 9.151825681328773499e-03 1.623449206817895174e-04 4.562969319522380829e-03 1.849212800152599812e-03 1.818113774061203003e-02 5.895322537980973721e-04 2.731552347540855408e-03 1.925768889486789703e-02 2.170087210834026337e-02 3.173951432108879089e-02 1.064260583370923996e-02 1.683618873357772827e-02 5.280308541841804981e-04 2.307090209797024727e-03 2.994389832019805908e-02 4.025113955140113831e-02 6.539050955325365067e-03 3.709640726447105408e-02 2.556553669273853302e-02 3.139303065836429596e-03 3.615014487877488136e-03 3.617773996666073799e-03 9.110919199883937836e-03 5.028018727898597717e-02 4.940735176205635071e-02 3.132035024464130402e-03 8.344208821654319763e-03 1.651695929467678070e-03 1.644825190305709839e-02 1.467515341937541962e-02 4.054839909076690674e-02 2.467816881835460663e-02 1.809617504477500916e-02 9.016248397529125214e-03 7.905083708465099335e-03 1.088035106658935547e-02 7.319461554288864136e-03 5.723294802010059357e-03 1.092632766813039780e-03 1.296716090291738510e-02 7.593517191708087921e-03 8.535642176866531372e-03 7.530042901635169983e-03 5.425398703664541245e-03 2.983012236654758453e-03 4.950841423124074936e-03 1.270351279526948929e-02 3.381560789421200752e-03 1.714826375246047974e-02 3.185898810625076294e-02 4.586633667349815369e-02 2.995861507952213287e-02 8.525967597961425781e-03 6.694871932268142700e-03 8.544430602341890335e-04 8.837567642331123352e-03 7.275196723639965057e-03 2.960432320833206177e-02 2.589849010109901428e-02 1.738992333412170410e-02 2.304220758378505707e-02 7.208292372524738312e-03 1.566201075911521912e-02 9.611479938030242920e-03 3.188591508660465479e-04 8.951961062848567963e-03 1.041781622916460037e-02 1.022830884903669357e-02 2.028052695095539093e-03 2.325823064893484116e-03 8.939785882830619812e-03 3.556009754538536072e-02 3.916317969560623169e-02 9.607014246284961700e-03 3.484423737972974777e-03 6.621440406888723373e-03 1.360448542982339859e-02 7.108916994184255600e-03 5.232273600995540619e-03 1.972763566300272942e-03 9.985159151256084442e-03 2.360798971494659781e-04 9.133541956543922424e-03 1.258143782615661621e-02 1.542983204126358032e-02 4.273021966218948364e-02 4.724540561437606812e-02 5.885520949959754944e-03 1.810612902045249939e-02
6.987611204385757446e-02 6.266873329877853394e-02 2.101144380867481232e-02 3.199212253093719482e-03 1.139656873419880867e-03 6.641358137130737305e-02 6.748247891664505005e-02 5.732631543651223183e-04 1.365362294018268585e-02 9.295642375946044922e-03 7.630164176225662231e-02 8.910502307116985321e-03 8.353478312492370605e-01 2.325904089957475662e-03 1.770036108791828156e-02 2.170904166996479034e-02 2.427372895181179047e-02 1.923876255750656128e-02 2.503961697220802307e-02 1.212857663631439209e-03 2.428375417366623878e-03 1.839892752468585968e-02 2.790980227291584015e-02 1.874356344342231750e-02 7.356482557952404022e-03 2.214562147855758667e-03 1.672379672527313232e-02 1.322526670992374420e-02 4.155541211366653442e-02 7.027657120488584042e-04 4.306250438094139099e-02 1.077045686542987823e-02 1.835103519260883331e-02 9.933705587172880769e-05 2.840096363797783852e-03 6.777099799364805222e-03 8.409181609749794006e-03 1.968835480511188507e-02 5.532853305339813232e-03 1.272169407457113266e-02 1.823661662638187408e-02 4.617140628397464752e-03 1.345203164964914322e-02 9.440785273909568787e-03 1.464508008211851120e-02 1.252777036279439926e-02 6.028543040156364441e-02 3.773512691259384155e-02 8.158573182299733162e-04 1.150728575885295868e-02 1.588391698896884918e-02 3.546715714037418365e-03 1.588895544409751892e-02 2.651713974773883820e-02 1.189897768199443817e-02 1.950003206729888916e-02 6.970637012273073196e-03 1.266016904264688492e-02 2.860095351934432983e-03 2.098045870661735535e-02 8.192746900022029877e-03 2.010617218911647797e-02 8.625380694866180420e-03 1.840641140006482601e-03 4.848758876323699951e-02 5.314232036471366882e-02 3.813940333202481270e-03 2.447152975946664810e-03 2.828616648912429810e-02 1.255387905985116959e-02 2.933803014457225800e-02 6.479883100837469101e-03 7.496811449527740479e-03 7.088569924235343933e-03 1.803512312471866608e-02 5.779532715678215027e-03 2.530150115489959717e-02 1.813217811286449432e-02 1.381653919816017151e-02 1.801431644707918167e-03 5.840047728270292282e-03 1.298005692660808563e-02 3.231015801429748535e-02 2.015253156423568726e-02 3.536309348419308662e-03 1.232007634826004505e-04 7.685660384595394135e-03 2.296340093016624451e-02 1.587674953043460846e-02 1.501430571079254150e-02 4.316812008619308472e-02 3.127000853419303894e-02 2.520031109452247620e-02 3.048164397478103638e-02 5.920051480643451214e-04 3.222848987206816673e-03 1.022376958280801773e-02 1.445213705301284790e-02 1.354422979056835175e-02 9.894814342260360718e-03 1.041377056390047073e-02 1.188061386346817017e-02 1.086824759840965271e-02 2.374192327260971069e-02 1.169613911770284176e-03 3.506650030612945557e-02 3.981989721069112420e-05 1.941139809787273407e-03 2.277113124728202820e-02 1.103024929761886597e-02 1.220201235264539719e-02 1.056069601327180862e-02 1.685377769172191620e-02 6.746146362274885178e-03 1.107009500265121460e-02 8.965417509898543358e-04
