8.285910487174987793e-01 8.466202765703201294e-02 1.997863501310348511e-02 2.573976851999759674e-02 6.081267725676298141e-03 4.211582615971565247e-02 3.280589357018470764e-02 7.510336115956306458e-03 6.195844616740942001e-03 1.870834454894065857e-02 6.239765509963035583e-02 2.251023426651954651e-02 5.608695372939109802e-02 2.444566972553730011e-02 2.808771096169948578e-02 2.787323202937841415e-03 1.240449259057641029e-03 1.833804510533809662e-02 9.094212204217910767e-03 3.954004496335983276e-03 1.238389499485492706e-02 9.106674231588840485e-03 1.916036754846572876e-02 2.379460260272026062e-02 9.828240610659122467e-03 7.191060576587915421e-03 6.170840468257665634e-03 2.344038709998130798e-02 1.487978827208280563e-02 2.908340282738208771e-02 1.054920535534620285e-02 7.771765813231468201e-03 1.168835069984197617e-02 4.905712790787220001e-03 1.681647077202796936e-02 2.932123839855194092e-02 2.745895087718963623e-02 1.832057721912860870e-02 5.171041004359722137e-03 1.409752387553453445e-02 2.150959521532058716e-02 4.065231420099735260e-03 8.799330680631101131e-04 3.202791139483451843e-02 1.168088614940643311e-02 2.309731207787990570e-02 7.802767679095268250e-03 1.428916677832603455e-02 2.660641819238662720e-02 1.779731735587120056e-02 1.444288343191146851e-02 1.601272262632846832e-02 3.008751943707466125e-02 3.003383055329322815e-02 3.233316540718078613e-02 3.636881336569786072e-02 5.433424841612577438e-03 7.876856252551078796e-03 3.849483653903007507e-02 3.577944636344909668e-02 1.359824929386377335e-02 1.473236549645662308e-02 4.250797443091869354e-03 3.479172009974718094e-03 1.950922422111034393e-02 3.028795123100280762e-02 7.647904567420482635e-03 6.397825200110673904e-03 2.590091433376073837e-03 1.908790000015869737e-04 1.532462425529956818e-03 1.890085823833942413e-02 2.298067323863506317e-02 1.241437159478664398e-02 6.246399134397506714e-03 2.505693584680557251e-02 4.984609317034482956e-03 1.759553141891956329e-02 1.669886894524097443e-02 2.433809079229831696e-02 1.155671011656522751e-02 1.191533985547721386e-03 1.688104495406150818e-02 3.074134932830929756e-03 9.659056551754474640e-03 1.375417970120906830e-02 1.469395239837467670e-03 2.055253833532333374e-02 3.294755518436431885e-02 3.574434295296669006e-02 7.783717010170221329e-03 1.018556486815214157e-02 3.881967626512050629e-03 1.093371398746967316e-02 5.332948639988899231e-04 2.636796329170465469e-03 6.030526012182235718e-03 7.904301397502422333e-03 7.128703291527926922e-04 1.282892306335270405e-03 1.717878272756934166e-03 7.065500831231474876e-04 1.847483217716217041e-02 1.036975882016122341e-03 2.361113438382744789e-03 1.815693452954292297e-02 9.020394645631313324e-03 1.994041912257671356e-02 1.824770704843103886e-03 1.870512031018733978e-02 1.196130923926830292e-02 8.558275178074836731e-03 9.088372811675071716e-03 1.548149157315492630e-02 1.939090155065059662e-02 2.606933191418647766e-02
8.466202765703201294e-02 8.285910487174987793e-01 1.770046725869178772e-02 2.024642191827297211e-02 1.954392343759536743e-02 5.137461051344871521e-02 5.137926340103149414e-02 1.155670173466205597e-02 5.309646367095410824e-04 1.522273011505603790e-02 5.624434351921081543e-02 2.400559186935424805e-02 5.634588375687599182e-02 3.341208770871162415e-02 1.470180973410606384e-02 7.158974185585975647e-03 7.825093343853950500e-03 2.456265129148960114e-02 9.133308194577693939e-04 6.289839744567871094e-03 1.323114521801471710e-02 1.923243631608784199e-03 1.960423961281776428e-02 2.219239063560962677e-02 3.396016545593738556e-03 1.918986235978081822e-04 3.425788367167115211e-03 2.171861752867698669e-02 4.778467118740081787e-03 2.805490046739578247e-02 3.300259355455636978e-03 2.751470543444156647e-03 4.922745749354362488e-03 4.593669902533292770e-03 3.591138636693358421e-03 2.222600020468235016e-02 1.893490739166736603e-02 1.052768342196941376e-02 6.094972137361764908e-03 2.092331461608409882e-02 1.994946785271167755e-02 1.429821178317070007e-02 1.975398510694503784e-02 3.945644199848175049e-02 8.158965036273002625e-03 2.033532783389091492e-02 1.394902262836694717e-02 2.779646590352058411e-02 2.239527367055416107e-02 1.635805889964103699e-02 1.273344364017248154e-02 1.509687583893537521e-02 2.186547778546810150e-02 2.533206902444362640e-02 1.875018328428268433e-02 2.268996089696884155e-02 1.114067062735557556e-02 2.238916419446468353e-02 3.261484950780868530e-02 3.042460605502128601e-02 2.885096706449985504e-03 2.903163665905594826e-03 1.821718364953994751e-02 1.264164596796035767e-02 1.592940278351306915e-02 3.324820473790168762e-02 8.715079165995121002e-04 7.388960104435682297e-03 2.736960304901003838e-04 1.128502190113067627e-02 3.041315358132123947e-03 4.390057642012834549e-03 2.129806950688362122e-02 7.128636352717876434e-03 7.648885366506874561e-04 1.960436999797821045e-02 1.663881004787981510e-03 7.287024985998868942e-03 1.284948550164699554e-02 1.834817416965961456e-02 1.316876523196697235e-02 7.775678299367427826e-03 1.443128939718008041e-02 1.037877239286899567e-02 7.488652132451534271e-03 8.311140350997447968e-03 1.047845371067523956e-02 1.276588812470436096e-02 3.401335328817367554e-02 4.419057816267013550e-02 4.127651453018188477e-03 1.924704387784004211e-02 7.353851106017827988e-04 4.419298376888036728e-03 4.819187335669994354e-03 1.872523687779903412e-03 1.335669774562120438e-02 7.827156223356723785e-03 1.683347509242594242e-03 1.853525754995644093e-03 3.158556064590811729e-03 2.587859984487295151e-03 1.650474593043327332e-02 3.621058538556098938e-03 6.502783857285976410e-03 2.018955908715724945e-02 3.006285056471824646e-03 1.332462485879659653e-02 5.930091720074415207e-03 2.151814475655555725e-02 1.620693877339363098e-02 1.716553606092929840e-02 3.941839560866355896e-03 2.740890253335237503e-03 1.918930374085903168e-02 3.367198258638381958e-02
1.997863501310348511e-02 1.770046725869178772e-02 8.285910487174987793e-01 7.281914819031953812e-03 2.267527207732200623e-02 2.331773377954959869e-02 2.549527026712894440e-02 5.244958773255348206e-02 1.650112797506153584e-03 8.889816701412200928e-03 1.014276035130023956e-02 1.585990004241466522e-02 1.070319022983312607e-02 2.586100716143846512e-03 1.555558294057846069e-03 1.829030551016330719e-02 1.347596757113933563e-02 1.446962915360927582e-02 3.163014352321624756e-02 6.860539317131042480e-03 1.093606650829315186e-02 4.005222581326961517e-03 7.052347064018249512e-03 8.216356858611106873e-03 1.353052724152803421e-02 1.723820343613624573e-02 6.054852157831192017e-03 2.364058280363678932e-03 2.830203855410218239e-03 8.219303563237190247e-03 1.351748220622539520e-02 1.293169707059860229e-02 8.241922594606876373e-03 1.468100212514400482e-02 1.853272435255348682e-03 1.519794017076492310e-02 1.679163053631782532e-02 3.473418531939387321e-03 1.161251030862331390e-02 2.259660698473453522e-02 2.983662113547325134e-02 2.402078732848167419e-02 4.234445840120315552e-02 1.959458179771900177e-02 1.988195581361651421e-03 1.106091891415417194e-03 1.535111386328935623e-02 2.608203701674938202e-02 5.734198261052370071e-03 4.928200505673885345e-03 8.859366178512573242e-03 1.599813438951969147e-02 1.276435982435941696e-02 4.027670249342918396e-03 8.465812541544437408e-03 8.410711772739887238e-03 1.342972461134195328e-02 1.566099748015403748e-02 8.427309803664684296e-03 9.254716336727142334e-03 9.002380073070526123e-03 4.403145052492618561e-03 4.790662322193384171e-03 8.599380031228065491e-03 8.741839788854122162e-03 1.084944419562816620e-02 2.159972209483385086e-04 4.756865557283163071e-03 8.023492991924285889e-03 4.072446376085281372e-03 5.401062779128551483e-03 8.330727927386760712e-03 2.831920608878135681e-02 2.967721596360206604e-02 2.569927833974361420e-02 3.315272927284240723e-02 1.926544494926929474e-02 2.655806252732872963e-03 2.521437779068946838e-02 3.507274203002452850e-03 6.888572126626968384e-02 3.826255723834037781e-02 1.937921717762947083e-02 1.500765327364206314e-02 6.790963932871818542e-03 2.755262656137347221e-03 2.901327610015869141e-02 6.221582181751728058e-03 6.537923123687505722e-03 4.708745982497930527e-03 1.269341562874615192e-03 1.611160486936569214e-02 1.871527172625064850e-02 6.259718909859657288e-03 1.669512246735394001e-03 1.084757316857576370e-02 2.832851314451545477e-04 3.127655014395713806e-02 1.523989776615053415e-04 7.412113249301910400e-03 1.489247102290391922e-02 4.595417412929236889e-04 1.313662063330411911e-02 2.410403080284595490e-02 6.070279050618410110e-03 2.995033515617251396e-03 1.012406032532453537e-02 1.434570085257291794e-02 1.277953269891440868e-03 1.017372030764818192e-02 4.330424591898918152e-02 4.501150175929069519e-02 3.006353788077831268e-02 3.027522377669811249e-02 3.292459994554519653e-02 3.651906549930572510e-02
2.573976851999759674e-02 2.024642191827297211e-02 7.281914819031953812e-03 8.285910487174987793e-01 5.626377835869789124e-02 1.590426266193389893e-02 1.900664065033197403e-03 4.850420169532299042e-03 1.050305366516113281e-02 4.112649243324995041e-03 2.240746840834617615e-02 6.818909663707017899e-03 1.513001043349504471e-02 1.878795027732849121e-02 2.075680345296859741e-02 1.685772836208343506e-02 1.322275400161743164e-02 4.810015205293893814e-03 2.259985171258449554e-02 2.928216569125652313e-02 4.258685931563377380e-02 1.873948052525520325e-02 1.549611147493124008e-02 1.755865849554538727e-02 1.569541171193122864e-02 2.460489980876445770e-02 1.422350574284791946e-02 1.036482676863670349e-02 4.327893722802400589e-03 9.964046068489551544e-03 1.430028118193149567e-02 1.113043073564767838e-02 1.267772167921066284e-02 1.517113484442234039e-02 7.958059199154376984e-03 2.761913277208805084e-02 2.901116758584976196e-02 5.950216669589281082e-03 3.597107529640197754e-02 2.237195335328578949e-02 2.121919579803943634e-02 3.393345512449741364e-03 7.985617003214429133e-07 1.474783103913068771e-02 1.126322150230407715e-02 1.203251257538795471e-02 3.977674525231122971e-03 1.045168191194534302e-02 1.610607653856277466e-02 1.433968078345060349e-02 1.475947815924882889e-02 7.441334892064332962e-03 1.190942898392677307e-02 1.591398753225803375e-02 1.928688213229179382e-02 2.134359814226627350e-02 6.208893842995166779e-03 4.148731939494609833e-03 3.406465984880924225e-03 9.387703612446784973e-03 1.909716427326202393e-02 3.241720423102378845e-02 4.269354045391082764e-03 2.385706640779972076e-03 5.691222380846738815e-03 2.724332967773079872e-03 1.698650605976581573e-02 3.280844166874885559e-02 5.371292121708393097e-03 1.050055027008056641e-02 6.448014639317989349e-03 1.729106344282627106e-02 6.277623027563095093e-02 8.945545181632041931e-03 3.205941990017890930e-02 2.730702608823776245e-02 1.995385251939296722e-02 6.027874071151018143e-03 5.182560416869819164e-04 1.129383314400911331e-02 1.403940608724951744e-03 1.854030229151248932e-02 3.996236622333526611e-02 1.985404826700687408e-02 1.920697465538978577e-02 4.609400872141122818e-03 1.442032866179943085e-02 3.769594430923461914e-02 7.554239593446254730e-03 1.080354704754427075e-04 6.116967648267745972e-03 1.402557175606489182e-02 1.285380776971578598e-02 2.308875322341918945e-02 3.320676041767001152e-04 1.669385819695889950e-03 1.182223111391067505e-02 2.702811919152736664e-02 5.975597538053989410e-03 1.022416539490222931e-02 3.058330388739705086e-03 1.052024867385625839e-02 6.789095699787139893e-03 9.471436031162738800e-03 1.209105394082143903e-04 1.566708274185657501e-02 1.185853849165141582e-03 2.942636143416166306e-03 1.358347386121749878e-02 1.187217142432928085e-02 6.347961258143186569e-03 1.295696757733821869e-02 6.842645350843667984e-03 8.881217800080776215e-03 1.360546145588159561e-02 6.954804528504610062e-03
6.081267725676298141e-03 1.954392343759536743e-02 2.267527207732200623e-02 5.626377835869789124e-02 8.285910487174987793e-01 1.610790006816387177e-02 3.211252391338348389e-02 3.498168196529150009e-03 3.446158021688461304e-02 1.051410380750894547e-02 4.878044128417968750e-03 1.449384354054927826e-02 1.016508974134922028e-02 1.851960644125938416e-02 1.126563083380460739e-02 3.458609280642122030e-04 9.547470137476921082e-03 9.341019205749034882e-03 2.307865209877490997e-02 7.837897166609764099e-03 2.081366628408432007e-02 2.347831800580024719e-02 6.298078689724206924e-03 8.765971288084983826e-03 1.214418839663267136e-02 1.408271491527557373e-02 1.392300426959991455e-02 2.980792336165904999e-02 1.218719221651554108e-02 2.631093934178352356e-02 8.337826468050479889e-03 3.821644932031631470e-03 3.897692076861858368e-03 1.401737390551716089e-04 1.439565233886241913e-02 4.338791128247976303e-03 2.603794448077678680e-03 6.521976087242364883e-03 4.274871945381164551e-02 4.855949431657791138e-02 1.137440465390682220e-02 1.779195666313171387e-02 5.680362228304147720e-03 2.125821262598037720e-02 4.310272634029388428e-03 1.686742715537548065e-02 4.903161898255348206e-03 2.887062542140483856e-02 1.791545189917087555e-03 7.056832779198884964e-03 7.624261081218719482e-03 8.925145491957664490e-03 1.494780927896499634e-02 8.299265988171100616e-03 4.200004041194915771e-03 1.284994930028915405e-02 6.649475079029798508e-03 2.546312101185321808e-02 4.108366090804338455e-03 1.021878700703382492e-02 4.647230263799428940e-03 4.924628138542175293e-02 2.256658114492893219e-02 2.134759351611137390e-02 5.860841367393732071e-03 8.912860415875911713e-03 4.835102707147598267e-03 1.338480412960052490e-02 7.910599000751972198e-03 9.553052484989166260e-03 2.046023681759834290e-02 2.268787100911140442e-02 5.185646191239356995e-02 3.297156095504760742e-02 4.839011281728744507e-02 4.458585288375616074e-03 2.450053021311759949e-02 1.618411391973495483e-02 1.308556552976369858e-02 1.294324640184640884e-03 1.670297048985958099e-02 1.046410389244556427e-02 3.684478625655174255e-02 4.662515968084335327e-02 1.435037888586521149e-02 3.147514071315526962e-03 2.839619293808937073e-03 2.391771972179412842e-02 1.259862165898084641e-02 1.823343150317668915e-02 1.562680234201252460e-03 1.133887097239494324e-02 1.103067863732576370e-02 2.266101911664009094e-02 2.206056378781795502e-02 3.834232315421104431e-02 1.294843386858701706e-02 8.345732465386390686e-03 8.608652278780937195e-03 9.785316884517669678e-03 2.835047245025634766e-02 1.602084003388881683e-02 9.444019757211208344e-03 1.546534989029169083e-02 5.089530022814869881e-04 6.379662663675844669e-04 1.409721188247203827e-02 4.882853827439248562e-04 1.152011658996343613e-02 2.790662273764610291e-02 7.621229626238346100e-03 4.650462418794631958e-03 8.803164586424827576e-03 2.815451472997665405e-03 1.053254958242177963e-02 2.921420149505138397e-03
4.211582615971565247e-02 5.137461051344871521e-02 2.331773377954959869e-02 1.590426266193389893e-02 1.610790006816387177e-02 8.285910487174987793e-01 7.644184678792953491e-02 1.910882885567843914e-03 1.522417087107896805e-02 1.747138425707817078e-02 4.881940037012100220e-02 4.270372912287712097e-02 5.382047593593597412e-02 5.055520310997962952e-02 2.028432115912437439e-02 1.463183201849460602e-02 1.751732453703880310e-02 1.253627333790063858e-02 6.995853618718683720e-04 1.454066764563322067e-02 1.569908857345581055e-02 1.261380407959222794e-02 3.449848294258117676e-02 3.278899192810058594e-02 2.508051320910453796e-02 2.510561980307102203e-02 7.643257267773151398e-03 2.728382684290409088e-02 5.892213666811585426e-04 2.457377500832080841e-02 8.720939047634601593e-03 1.273337285965681076e-02 1.928723789751529694e-02 1.603904925286769867e-02 3.134420514106750488e-02 7.849045097827911377e-03 9.150212630629539490e-03 1.309608947485685349e-02 9.705025702714920044e-03 1.654909178614616394e-02 4.586787894368171692e-03 1.711259968578815460e-02 1.438822224736213684e-02 3.425600007176399231e-02 1.102574635297060013e-02 1.362884603440761566e-02 3.871660679578781128e-02 4.648164287209510803e-02 1.945252297446131706e-03 9.067621082067489624e-03 1.223567035049200058e-02 1.158714480698108673e-02 1.200135610997676849e-02 2.197642065584659576e-02 2.792111365124583244e-03 7.824640721082687378e-03 2.648168243467807770e-02 1.720326952636241913e-02 1.708584651350975037e-02 2.193382941186428070e-02 1.366255059838294983e-02 1.170986890792846680e-02 2.575292065739631653e-02 2.812211588025093079e-02 3.317272057756781578e-03 2.144748903810977936e-02 8.362699300050735474e-03 4.931732080876827240e-03 1.405878271907567978e-02 7.634831592440605164e-03 1.213360298424959183e-02 6.054510828107595444e-03 5.742589943110942841e-03 2.319259569048881531e-03 6.377124693244695663e-03 7.298077456653118134e-03 2.132173068821430206e-02 2.414523251354694366e-02 5.417577922344207764e-03 1.518716011196374893e-02 1.651759142987430096e-03 3.351520746946334839e-03 1.041083317250013351e-02 2.364378981292247772e-02 6.954336073249578476e-03 5.496088881045579910e-03 6.794485263526439667e-03 1.242350321263074875e-02 3.343449160456657410e-02 2.859990857541561127e-02 8.080850355327129364e-03 1.712429150938987732e-02 1.340568531304597855e-02 1.260336209088563919e-02 3.137548221275210381e-03 7.083394564688205719e-03 1.904336735606193542e-02 1.176191028207540512e-03 1.758098974823951721e-02 1.352620124816894531e-02 7.779570296406745911e-03 1.718174852430820465e-02 4.816011060029268265e-03 1.125024072825908661e-02 9.809490293264389038e-04 1.161089725792407990e-02 4.388996399939060211e-03 1.233404129743576050e-02 1.671882532536983490e-02 1.494762254878878593e-04 1.014753058552742004e-02 1.767699792981147766e-02 8.989179506897926331e-03 1.074375398457050323e-02 8.154394105076789856e-03 1.517404615879058838e-02
3.280589357018470764e-02 5.137926340103149414e-02 2.549527026712894440e-02 1.900664065033197403e-03 3.211252391338348389e-02 7.644184678792953491e-02 8.285910487174987793e-01 3.611868713051080704e-03 1.746845990419387817e-02 1.190179400146007538e-02 3.970627859234809875e-02 3.652956336736679077e-02 4.587187618017196655e-02 3.972183540463447571e-02 2.090445719659328461e-03 7.548532448709011078e-03 9.913280606269836426e-03 8.452899754047393799e-03 9.516895748674869537e-03 2.445232588797807693e-03 5.121624562889337540e-03 3.816002747043967247e-03 2.745347656309604645e-02 2.252843603491783142e-02 1.018979027867317200e-02 1.015559770166873932e-02 9.720962494611740112e-03 2.199779823422431946e-02 5.783160449936985970e-04 1.760345138609409332e-02 1.091372407972812653e-02 6.899196188896894455e-03 2.172220125794410706e-02 7.233269978314638138e-03 2.558857575058937073e-02 6.758457981050014496e-03 1.199317257851362228e-02 1.122698094695806503e-02 1.645612530410289764e-02 2.217229828238487244e-02 5.814954638481140137e-03 1.431170292198657990e-02 1.600939594209194183e-02 3.722132369875907898e-02 1.349175721406936646e-02 1.239017397165298462e-02 4.171537607908248901e-02 6.229826062917709351e-02 9.858260164037346840e-04 1.078598853200674057e-02 1.960208266973495483e-02 1.912278868257999420e-02 7.930724881589412689e-03 1.439683325588703156e-02 8.608836680650711060e-03 1.037624198943376541e-03 3.372345492243766785e-02 2.019358798861503601e-02 2.304395288228988647e-02 1.927291601896286011e-02 1.834751851856708527e-02 1.968470029532909393e-02 3.692138940095901489e-02 2.736634947359561920e-02 6.657755468040704727e-03 2.533037215471267700e-02 2.889430150389671326e-03 1.365947537124156952e-02 1.502188853919506073e-02 1.643713936209678650e-02 1.476958207786083221e-02 8.842297829687595367e-03 1.497996225953102112e-02 4.736308939754962921e-03 2.245900034904479980e-02 1.883140392601490021e-02 1.889160461723804474e-02 2.232431434094905853e-02 1.185681438073515892e-03 6.602162029594182968e-04 6.194649264216423035e-03 1.243338081985712051e-02 2.744749188423156738e-02 3.501798957586288452e-02 1.085760537534952164e-02 3.056844463571906090e-03 2.929889829829335213e-03 1.477318350225687027e-03 3.812545165419578552e-02 2.503941953182220459e-02 9.868839755654335022e-03 2.400261349976062775e-02 2.778807468712329865e-02 1.488326489925384521e-02 1.159222330898046494e-02 2.155113033950328827e-03 2.805178053677082062e-02 1.231004204601049423e-02 2.288686856627464294e-02 1.594106107950210571e-02 5.382087547332048416e-03 1.748325303196907043e-02 1.025926880538463593e-02 1.779835112392902374e-02 2.542877104133367538e-03 6.240788847208023071e-03 8.748030290007591248e-03 8.999558165669441223e-03 1.902555488049983978e-02 5.906734615564346313e-03 1.806683465838432312e-02 1.325325760990381241e-02 7.933610118925571442e-03 8.359726518392562866e-03 1.772315613925457001e-02 1.979999244213104248e-03
7.510336115956306458e-03 1.155670173466205597e-02 5.244958773255348206e-02 4.850420169532299042e-03 3.498168196529150009e-03 1.910882885567843914e-03 3.611868713051080704e-03 8.285910487174987793e-01 1.690236106514930725e-02 1.655474491417407990e-02 1.462954003363847733e-02 1.919120363891124725e-02 3.991404548287391663e-03 7.114300504326820374e-03 5.000391975045204163e-02 7.142690476030111313e-03 3.896813141182065010e-03 5.895204376429319382e-03 1.303895749151706696e-02 1.471010595560073853e-02 1.315143238753080368e-02 1.661714538931846619e-02 2.768582105636596680e-02 2.523281425237655640e-02 8.603498339653015137e-03 1.763935573399066925e-02 1.671518944203853607e-02 2.710869722068309784e-02 9.316760115325450897e-03 1.792233251035213470e-02 1.560068456456065178e-03 3.441887907683849335e-03 1.579715870320796967e-02 5.826262757182121277e-03 4.520763643085956573e-03 2.623962052166461945e-02 2.598349191248416901e-02 1.770977489650249481e-02 1.680472493171691895e-02 3.610594896599650383e-03 2.192306518554687500e-02 8.750089444220066071e-03 3.688698867335915565e-03 1.437282469123601913e-02 5.218908656388521194e-03 1.844805810833349824e-04 1.313316449522972107e-02 4.030808631796389818e-04 7.660488132387399673e-03 1.776866614818572998e-02 4.824810847640037537e-02 5.456792190670967102e-02 1.773042604327201843e-02 1.670805737376213074e-02 6.378052756190299988e-03 1.168234925717115402e-02 2.946875290945172310e-03 2.223933814093470573e-03 1.010423339903354645e-02 2.096204459667205811e-02 5.009248852729797363e-03 3.512446535751223564e-03 1.496736239641904831e-02 1.081897411495447159e-02 2.706171246245503426e-03 8.221146417781710625e-04 1.327232178300619125e-02 1.068771723657846451e-02 3.685809671878814697e-03 1.788353663869202137e-03 1.123161241412162781e-02 8.684300817549228668e-03 1.524815335869789124e-03 7.970205508172512054e-03 3.978415858000516891e-03 1.752144470810890198e-02 2.167353592813014984e-02 1.071427389979362488e-02 3.304274985566735268e-03 1.439454313367605209e-02 8.860470354557037354e-02 6.093839183449745178e-02 9.440200403332710266e-03 1.416296698153018951e-02 2.549229748547077179e-02 1.712186634540557861e-02 6.667680293321609497e-02 2.373801171779632568e-02 2.989118546247482300e-02 1.054579019546508789e-02 1.590762403793632984e-03 2.043801732361316681e-02 1.118600834161043167e-02 1.446049846708774567e-02 7.362521719187498093e-03 5.983832292258739471e-03 8.238489739596843719e-03 1.727882772684097290e-02 3.315284848213195801e-02 4.819916188716888428e-02 3.863832913339138031e-03 1.253041718155145645e-02 1.990221999585628510e-02 9.360334835946559906e-03 2.448476478457450867e-02 6.292110774666070938e-04 1.870510540902614594e-02 7.467913441359996796e-03 1.406223513185977936e-02 4.909540526568889618e-03 2.080512791872024536e-02 1.918464154005050659e-02 2.009669132530689240e-02 2.469751518219709396e-03 3.366096317768096924e-02 2.399323321878910065e-02
6.195844616740942001e-03 5.309646367095410824e-04 1.650112797506153584e-03 1.050305366516113281e-02 3.446158021688461304e-02 1.522417087107896805e-02 1.746845990419387817e-02 1.690236106514930725e-02 8.285910487174987793e-01 2.197050862014293671e-02 1.882397942245006561e-02 2.043078094720840454e-02 1.741466298699378967e-02 9.971179999411106110e-03 2.543616294860839844e-02 1.956845633685588837e-03 1.529453601688146591e-02 4.908145591616630554e-02 1.090732496231794357e-02 1.498466916382312775e-02 5.496927537024021149e-03 2.327499166131019592e-02 2.350251004099845886e-02 1.447459496557712555e-02 1.614405214786529541e-02 9.939916431903839111e-03 2.328152209520339966e-02 1.288125012069940567e-02 2.812436316162347794e-03 1.759080775082111359e-02 9.506339207291603088e-03 1.026823557913303375e-02 4.659752827137708664e-03 6.956229917705059052e-04 1.250236481428146362e-02 6.768228020519018173e-03 5.310505628585815430e-03 1.472830306738615036e-02 3.206967934966087341e-02 3.400374576449394226e-02 6.417359691113233566e-04 2.905910834670066833e-02 2.169247344136238098e-02 1.068026199936866760e-02 2.159258350729942322e-02 1.377462409436702728e-02 3.337773308157920837e-02 1.398085243999958038e-02 1.719596795737743378e-02 1.724617322906851768e-03 1.507448963820934296e-02 1.445628050714731216e-02 1.607792079448699951e-02 1.024547405540943146e-02 2.022953145205974579e-02 4.955630749464035034e-03 1.212274190038442612e-02 1.179339177906513214e-02 1.138054393231868744e-02 3.793799085542559624e-03 2.576303109526634216e-02 1.837939955294132233e-02 2.915145596489310265e-03 8.646960370242595673e-03 5.454849451780319214e-03 2.605380723252892494e-03 7.795788347721099854e-03 1.064943801611661911e-02 2.712145261466503143e-02 3.482487518340349197e-03 1.050380989909172058e-02 4.134877398610115051e-02 1.375879254192113876e-02 7.577310316264629364e-03 1.279040984809398651e-02 2.486938424408435822e-02 8.070915192365646362e-02 1.678225211799144745e-02 3.273835405707359314e-02 2.758626826107501984e-03 1.154228951781988144e-02 1.095325592905282974e-02 2.774373628199100494e-02 5.830054171383380890e-03 1.192965637892484665e-02 2.669917186722159386e-03 9.087732061743736267e-03 1.986341923475265503e-02 1.445953082293272018e-02 5.916567519307136536e-03 1.947896555066108704e-02 9.172835387289524078e-03 1.790581084787845612e-02 2.044356986880302429e-02 6.718983408063650131e-03 1.847139559686183929e-02 3.726071212440729141e-03 8.356068283319473267e-03 3.395772725343704224e-02 2.330369874835014343e-02 5.138399545103311539e-03 9.236469864845275879e-03 9.104345925152301788e-03 6.515622604638338089e-03 6.752762943506240845e-03 1.824645674787461758e-03 1.125694531947374344e-02 1.813079603016376495e-02 1.034502685070037842e-02 3.012308478355407715e-02 3.367451950907707214e-02 6.164730526506900787e-03 1.269962079823017120e-02 9.332042536698281765e-04 1.496444270014762878e-02 1.128255110234022141e-02
1.870834454894065857e-02 1.522273011505603790e-02 8.889816701412200928e-03 4.112649243324995041e-03 1.051410380750894547e-02 1.747138425707817078e-02 1.190179400146007538e-02 1.655474491417407990e-02 2.197050862014293671e-02 8.285910487174987793e-01 2.622575871646404266e-02 3.679914772510528564e-02 1.498834230005741119e-02 3.205144032835960388e-02 2.128711901605129242e-02 2.095290087163448334e-02 2.221579477190971375e-02 4.772108513861894608e-03 1.238888246007263660e-03 3.367857076227664948e-03 2.827340271323919296e-03 8.457645773887634277e-03 2.987113408744335175e-02 3.827498853206634521e-02 6.597337312996387482e-03 5.557967349886894226e-03 2.194926701486110687e-02 4.015438631176948547e-02 3.318822756409645081e-02 3.355865553021430969e-02 2.971270494163036346e-02 1.869081333279609680e-02 2.145094424486160278e-02 2.437256090342998505e-02 7.358962204307317734e-03 1.882095355540513992e-03 1.297450065612792969e-02 1.172625925391912460e-02 2.637816593050956726e-03 1.934421621263027191e-02 2.654602285474538803e-03 1.932300976477563381e-03 2.239793539047241211e-02 1.295859366655349731e-02 1.389797590672969818e-02 3.631002828478813171e-02 3.309882059693336487e-02 2.203258499503135681e-02 1.307555194944143295e-02 3.774962574243545532e-02 2.849672362208366394e-02 2.222464606165885925e-02 7.109582889825105667e-03 9.797664359211921692e-03 1.385656464844942093e-02 3.086980059742927551e-02 1.683234353549778461e-03 3.591916710138320923e-02 1.429085992276668549e-02 7.986609824001789093e-03 1.143862027674913406e-03 2.485173940658569336e-02 1.395403128117322922e-02 1.820546761155128479e-02 1.860919035971164703e-02 7.132374681532382965e-03 9.637435898184776306e-03 1.936200773343443871e-03 1.884361170232295990e-02 1.796937198378145695e-03 3.990176692605018616e-02 6.632803473621606827e-03 2.513346262276172638e-03 5.339157301932573318e-03 3.792890161275863647e-02 8.702715858817100525e-03 2.088529244065284729e-02 5.517705529928207397e-02 6.928125512786209583e-04 3.548061102628707886e-02 1.276235003024339676e-02 1.943682320415973663e-02 9.268868714570999146e-03 2.560162357985973358e-02 2.140744123607873917e-03 2.225038595497608185e-02 1.277745887637138367e-02 1.994085870683193207e-02 1.284778118133544922e-02 3.548631444573402405e-02 3.923621773719787598e-02 7.013743743300437927e-03 3.104626573622226715e-02 8.519911207258701324e-03 7.646790618309751153e-05 8.829319849610328674e-03 1.786814816296100616e-02 4.222140647470951080e-03 1.993612619116902351e-03 2.297503128647804260e-02 3.210694994777441025e-03 2.350048534572124481e-02 1.025646488415077329e-04 1.722101867198944092e-02 1.386763341724872589e-02 2.269333600997924805e-02 1.809477456845343113e-03 1.712401979602873325e-03 2.079875208437442780e-02 1.581030897796154022e-02 8.895583450794219971e-03 1.945001655258238316e-03 4.276757128536701202e-03 1.332099735736846924e-02 1.840139389969408512e-03 1.766732521355152130e-02
6.239765509963035583e-02 5.624434351921081543e-02 1.014276035130023956e-02 2.240746840834617615e-02 4.878044128417968750e-03 4.881940037012100220e-02 3.970627859234809875e-02 1.462954003363847733e-02 1.882397942245006561e-02 2.622575871646404266e-02 8.285910487174987793e-01 4.013855382800102234e-02 6.621901690959930420e-02 3.888090327382087708e-02 1.986960694193840027e-02 1.352961640805006027e-02 5.247195716947317123e-03 4.303383175283670425e-03 9.384522214531898499e-03 3.516072407364845276e-03 1.497337874025106430e-02 6.035661790519952774e-04 3.089404664933681488e-02 3.250025957822799683e-02 2.755475696176290512e-03 4.532805178314447403e-03 6.683797109872102737e-04 2.317721396684646606e-02 3.719697520136833191e-02 2.436890453100204468e-02 3.529588133096694946e-02 1.262733899056911469e-02 1.390621298924088478e-03 1.446392294019460678e-02 3.641589079052209854e-03 1.276302151381969452e-02 1.167884562164545059e-02 9.305977146141231060e-04 1.471470016986131668e-02 3.364864038303494453e-03 1.877735136076807976e-03 4.826364107429981232e-03 4.858729429543018341e-03 4.039196670055389404e-02 3.002648241817951202e-02 3.034375049173831940e-02 4.390526562929153442e-02 2.932645194232463837e-02 2.957725524902343750e-02 1.445764862000942230e-02 1.521009858697652817e-02 1.283949054777622223e-02 2.557196654379367828e-02 2.614229544997215271e-02 2.255224622786045074e-02 2.012560889124870300e-02 3.560223383828997612e-03 7.133121136575937271e-03 3.643377497792243958e-02 3.012113459408283234e-02 1.143285352736711502e-02 4.555715713649988174e-03 1.287264749407768250e-02 8.971466682851314545e-03 3.397325053811073303e-02 3.278120979666709900e-02 5.701369140297174454e-03 4.498541820794343948e-03 1.284291874617338181e-02 7.946793921291828156e-03 5.404770490713417530e-05 1.186066493391990662e-02 3.056482039391994476e-02 1.147481030784547329e-03 4.666390363126993179e-03 3.010987117886543274e-02 2.250997722148895264e-02 2.289776690304279327e-02 2.234585583209991455e-03 1.095285173505544662e-03 1.406377740204334259e-02 5.663310643285512924e-03 1.638050191104412079e-02 5.764429457485675812e-03 1.724108122289180756e-02 1.053118705749511719e-02 2.452574670314788818e-03 2.000163681805133820e-02 2.545019425451755524e-02 3.218595683574676514e-02 3.616209700703620911e-02 1.590531505644321442e-02 1.637205295264720917e-02 8.195024915039539337e-03 1.049295254051685333e-02 3.265838138759136200e-03 1.056775636970996857e-02 1.777307316660881042e-02 5.527548491954803467e-03 1.370305777527391911e-03 1.376488804817199707e-02 1.404034998267889023e-02 2.363009378314018250e-02 1.515124924480915070e-03 6.967177614569664001e-03 2.525774575769901276e-02 7.774796802550554276e-03 3.114609047770500183e-03 9.810733608901500702e-03 1.024857722222805023e-02 1.754883304238319397e-02 1.955768652260303497e-02 7.869512774050235748e-03 2.140811411663889885e-03 2.633927389979362488e-02 1.394659187644720078e-02
2.251023426651954651e-02 2.400559186935424805e-02 1.585990004241466522e-02 6.818909663707017899e-03 1.449384354054927826e-02 4.270372912287712097e-02 3.652956336736679077e-02 1.919120363891124725e-02 2.043078094720840454e-02 3.679914772510528564e-02 4.013855382800102234e-02 8.285910487174987793e-01 4.036027193069458008e-02 6.468579173088073730e-02 2.829475514590740204e-02 1.773831248283386230e-02 1.686102710664272308e-02 1.011683885008096695e-02 1.807109825313091278e-02 3.105022246018052101e-03 7.719878107309341431e-03 7.615206413902342319e-04 4.377808794379234314e-02 4.690193384885787964e-02 4.577328916639089584e-03 5.286968778818845749e-03 5.507281748577952385e-04 5.176796019077301025e-02 2.159336209297180176e-02 5.242009833455085754e-02 1.824845932424068451e-02 2.911384403705596924e-02 1.083758193999528885e-02 3.027350082993507385e-02 5.031745880842208862e-03 1.021668082103133202e-03 1.634938060306012630e-03 5.012589972466230392e-03 6.750782020390033722e-03 6.120088510215282440e-03 1.226334646344184875e-02 1.803609915077686310e-02 1.303639914840459824e-02 2.072441950440406799e-02 4.169975221157073975e-02 1.937652751803398132e-02 2.771480381488800049e-02 2.449197694659233093e-02 7.324653677642345428e-03 2.527301898226141930e-03 3.954936191439628601e-02 4.266036674380302429e-02 2.231269516050815582e-02 2.553249336779117584e-02 7.357574068009853363e-03 7.699744310230016708e-04 7.283903192728757858e-03 1.843957230448722839e-03 3.147662058472633362e-02 2.594505064189434052e-02 9.301703423261642456e-03 1.564625650644302368e-02 7.893458940088748932e-03 1.384683325886726379e-02 2.199459634721279144e-02 1.375711895525455475e-02 4.885344300419092178e-03 9.664958342909812927e-03 2.423306228592991829e-03 6.931372452527284622e-03 9.345340542495250702e-03 1.192921586334705353e-02 8.265867829322814941e-03 1.081219315528869629e-02 2.295311540365219116e-02 1.740125357173383236e-03 2.840080298483371735e-02 4.554018378257751465e-02 1.252876687794923782e-02 7.149577606469392776e-03 2.037167362868785858e-02 2.283496782183647156e-02 5.133069120347499847e-03 1.634205318987369537e-02 1.422170083969831467e-02 1.162894908338785172e-02 2.177836000919342041e-02 1.713641732931137085e-02 3.884138911962509155e-02 3.453335538506507874e-02 2.184754796326160431e-02 4.789619240909814835e-03 1.189540419727563858e-02 1.264930702745914459e-02 9.612818248569965363e-03 1.831431640312075615e-03 8.500614203512668610e-03 8.648516610264778137e-03 2.481987327337265015e-02 3.736987709999084473e-02 2.056888770312070847e-03 7.576625328510999680e-03 7.292516529560089111e-03 4.390798509120941162e-03 1.121811382472515106e-02 1.465998124331235886e-02 4.474825691431760788e-03 1.351066306233406067e-02 7.234217628138139844e-05 7.642038166522979736e-03 3.123973729088902473e-04 1.308068539947271347e-02 1.101831998676061630e-02 1.165410690009593964e-02 1.412744168192148209e-03 1.883269287645816803e-02
5.608695372939109802e-02 5.634588375687599182e-02 1.070319022983312607e-02 1.513001043349504471e-02 1.016508974134922028e-02 5.382047593593597412e-02 4.587187618017196655e-02 3.991404548287391663e-03 1.741466298699378967e-02 1.498834230005741119e-02 6.621901690959930420e-02 4.036027193069458008e-02 8.285910487174987793e-01 4.013337194919586182e-02 2.283442951738834381e-02 6.692995084449648857e-04 2.841493347659707069e-03 9.491529315710067749e-03 8.206174708902835846e-03 4.316159524023532867e-03 7.947645150125026703e-03 7.973218336701393127e-03 2.143801003694534302e-02 2.331572026014328003e-02 2.319860039278864861e-03 1.275870483368635178e-02 2.953503571916371584e-04 3.735888004302978516e-02 2.287502028048038483e-02 3.752114251255989075e-02 3.145577758550643921e-02 1.933625200763344765e-03 2.799604786559939384e-03 4.320571199059486389e-03 2.947655739262700081e-03 5.712089128792285919e-03 4.523490555584430695e-03 1.012786524370312691e-03 1.035659015178680420e-02 1.203070487827062607e-02 1.328769489191472530e-03 8.931126445531845093e-03 1.111356914043426514e-02 3.583213686943054199e-02 3.086131811141967773e-02 2.202932909131050110e-02 2.770817466080188751e-02 3.181528300046920776e-02 2.506704628467559814e-02 2.141651324927806854e-02 2.191739529371261597e-02 2.131812833249568939e-02 3.895267099142074585e-02 3.973565250635147095e-02 1.293700933456420898e-02 2.078899554908275604e-02 4.812872037291526794e-03 9.751466102898120880e-03 4.761070013046264648e-02 5.021266639232635498e-02 5.212603602558374405e-03 1.571182743646204472e-03 1.190368272364139557e-02 1.601035147905349731e-02 3.447164967656135559e-02 4.752890393137931824e-02 5.076651461422443390e-03 7.675856468267738819e-04 8.108839392662048340e-04 4.596716258674860001e-03 2.043538959696888924e-03 1.325272675603628159e-02 2.538956142961978912e-02 3.617539536207914352e-03 5.691547412425279617e-03 2.971321158111095428e-02 1.419454719871282578e-02 1.517549064010381699e-02 1.567609980702400208e-02 4.335920326411724091e-03 5.268563516438007355e-03 2.242433605715632439e-03 1.196646690368652344e-02 6.393215880962088704e-05 1.085135247558355331e-02 1.709490455687046051e-02 2.979871118441224098e-03 1.277075987309217453e-02 4.338275268673896790e-02 4.121114313602447510e-02 2.032659016549587250e-02 1.599142700433731079e-02 9.464954957365989685e-03 2.952703507617115974e-03 4.289214499294757843e-03 9.414452128112316132e-03 1.656434684991836548e-02 2.443635091185569763e-02 5.713457241654396057e-03 1.372164231725037098e-03 2.060782397165894508e-03 4.864623770117759705e-03 2.414071187376976013e-02 5.133686936460435390e-04 2.005071844905614853e-03 2.117157354950904846e-02 4.608123097568750381e-03 1.207962725311517715e-02 3.990272991359233856e-03 1.335101388394832611e-02 1.334439776837825775e-02 2.563617378473281860e-02 7.397576235234737396e-03 2.574919024482369423e-03 1.903103105723857880e-02 1.743907108902931213e-02
