8.261044025421142578e-01 8.032090216875076294e-02 7.889922708272933960e-03 1.316762063652276993e-02 1.765502430498600006e-02 5.028704926371574402e-02 5.427428707480430603e-02 2.172778919339179993e-02 1.275471877306699753e-02 3.141792863607406616e-02 5.909528583288192749e-02 2.016374055529013276e-04 5.996118858456611633e-02 7.940850220620632172e-03 2.603100612759590149e-02 5.597373936325311661e-03 7.205132860690355301e-03 1.187663525342941284e-02 1.443528011441230774e-02 3.030228894203901291e-03 1.689270511269569397e-02 1.155431196093559265e-02 5.231687799096107483e-03 2.680054865777492523e-03 3.370089456439018250e-03 1.085917651653289795e-02 1.538062654435634613e-02 2.175963483750820160e-03 4.580906406044960022e-02 4.699004348367452621e-03 4.308394715189933777e-02 1.561799738556146622e-02 1.127832476049661636e-02 9.386952035129070282e-03 8.786955848336219788e-03 1.289729587733745575e-02 7.338970899581909180e-03 1.249919086694717407e-02 3.842523321509361267e-03 5.233103875070810318e-03 4.069404676556587219e-03 1.052117813378572464e-02 2.498179674148559570e-02 9.403036907315254211e-03 5.458392668515443802e-03 1.464907173067331314e-02 5.374992638826370239e-02 5.109014734625816345e-02 6.844850722700357437e-03 2.517026849091053009e-02 2.393682114779949188e-02 2.275582216680049896e-02 1.411779038608074188e-02 2.593747712671756744e-02 5.856568459421396255e-03 4.214922711253166199e-02 1.027393620461225510e-03 3.788136644288897514e-03 1.878617517650127411e-02 1.487014442682266235e-02 2.289192285388708115e-03 2.266059815883636475e-02 1.083603035658597946e-02 1.729727908968925476e-02 2.338876016438007355e-02 1.881008781492710114e-02 5.518065299838781357e-03 9.757353924214839935e-03 7.735827006399631500e-03 1.130056846886873245e-02 1.679888367652893066e-02 1.302022859454154968e-02 1.474220119416713715e-02 5.861475365236401558e-04 2.495703473687171936e-02 9.268061257898807526e-03 4.530110862106084824e-03 1.709882169961929321e-02 6.899257656186819077e-03 1.547121722251176834e-02 5.709798540920019150e-03 3.335045475978404284e-04 3.751084441319108009e-03 1.776794157922267914e-02 1.204509474337100983e-02 1.058356650173664093e-02 1.388996932655572891e-02 2.010163664817810059e-02 1.355822756886482239e-02 3.839143086224794388e-03 5.247389525175094604e-02 7.624998688697814941e-03 5.644567683339118958e-02 1.196593325585126877e-02 1.113799121230840683e-02 7.829052396118640900e-03 4.667098633944988251e-03 2.014187397435307503e-03 3.510691458359360695e-03 5.242471117526292801e-03 4.543693736195564270e-03 1.919318176805973053e-02 2.409862726926803589e-02 9.218480437994003296e-03 2.398955821990966797e-02 2.460828609764575958e-02 6.404002779163420200e-04 7.016669027507305145e-03 1.185951288789510727e-02 1.156807411462068558e-02 2.447754889726638794e-02 1.948536187410354614e-02 2.748528029769659042e-03 5.248349159955978394e-03 1.526772789657115936e-02 3.772094612941145897e-03
8.032090216875076294e-02 8.261044025421142578e-01 1.112189493142068386e-03 9.500523097813129425e-03 2.064584568142890930e-02 3.808016330003738403e-02 5.435159802436828613e-02 3.419132903218269348e-03 1.735403575003147125e-02 2.621358074247837067e-02 4.799471423029899597e-02 1.632855832576751709e-02 5.789525434374809265e-02 9.528512135148048401e-03 2.401934470981359482e-03 5.565128754824399948e-03 1.504300278611481190e-03 1.329323276877403259e-02 1.291533000767230988e-03 1.784873008728027344e-02 2.052155882120132446e-02 9.230309166014194489e-03 4.708659369498491287e-03 3.191558644175529480e-03 2.035067789256572723e-02 1.662166230380535126e-02 1.766411028802394867e-02 9.581930935382843018e-03 4.821199178695678711e-02 5.410591140389442444e-03 4.824041202664375305e-02 3.110943362116813660e-02 2.986265579238533974e-03 2.328868582844734192e-02 3.632483072578907013e-03 1.837470568716526031e-02 4.726051818579435349e-03 9.344145655632019043e-03 5.668496713042259216e-03 1.249721646308898926e-02 4.634102340787649155e-03 3.840009216219186783e-03 2.111412584781646729e-02 1.403778209351003170e-03 1.649665273725986481e-02 1.204645354300737381e-02 5.255306512117385864e-02 4.787537828087806702e-02 1.579890586435794830e-02 1.490945555269718170e-02 1.309956796467304230e-02 1.480039395391941071e-02 1.421134267002344131e-02 2.810068801045417786e-02 4.752673674374818802e-03 3.458963707089424133e-02 1.408977084793150425e-03 1.537366304546594620e-03 1.629352383315563202e-02 1.303326897323131561e-02 2.147744176909327507e-03 1.426523365080356598e-02 3.038479946553707123e-03 2.438202733173966408e-03 2.793546020984649658e-02 3.448574990034103394e-02 1.905255764722824097e-02 1.854580268263816833e-02 1.957599073648452759e-03 1.396133098751306534e-02 9.227499365806579590e-03 2.382540516555309296e-02 6.932398304343223572e-03 1.577064162120223045e-03 2.605845034122467041e-02 1.200223062187433243e-02 6.542897783219814301e-03 1.153995655477046967e-02 5.864339764229953289e-04 8.400755934417247772e-03 4.486776888370513916e-03 7.019083015620708466e-03 1.117779966443777084e-02 5.707240663468837738e-03 2.824268490076065063e-02 1.682615838944911957e-02 1.264748629182577133e-03 2.086555212736129761e-02 1.780893886461853981e-03 7.195316720753908157e-04 5.507073551416397095e-02 1.485814689658582211e-03 6.400056183338165283e-02 8.804513141512870789e-03 1.354517228901386261e-02 1.367342099547386169e-02 5.085562006570398808e-04 2.531456761062145233e-03 1.693428028374910355e-03 6.240882445126771927e-03 1.358210388571023941e-02 2.524794824421405792e-02 2.799901552498340607e-02 8.707467466592788696e-03 2.305369451642036438e-02 2.050803415477275848e-02 1.004196982830762863e-02 3.644037293270230293e-03 1.493693888187408447e-02 1.637124083936214447e-02 2.128154598176479340e-02 2.133655548095703125e-02 1.373365242034196854e-02 1.202023215591907501e-02 1.840761303901672363e-02 7.277548866113647819e-05
7.889922708272933960e-03 1.112189493142068386e-03 8.261044025421142578e-01 6.492424756288528442e-03 7.116891909390687943e-03 1.406928710639476776e-02 1.826483011245727539e-02 2.023731358349323273e-03 6.287917029112577438e-03 1.048598904162645340e-02 3.808759618550539017e-03 2.022030577063560486e-02 1.722921989858150482e-02 4.645011853426694870e-03 2.819792740046977997e-02 3.274529706686735153e-03 2.547958865761756897e-03 2.205713838338851929e-02 1.459362078458070755e-02 2.913085930049419403e-02 2.604431472718715668e-03 1.235495135188102722e-02 8.521667681634426117e-03 1.395151368342339993e-03 6.062073633074760437e-03 2.378106676042079926e-02 3.044974617660045624e-02 3.837482258677482605e-02 1.480128709226846695e-02 2.830528095364570618e-02 5.062429234385490417e-03 1.372546982020139694e-02 1.815303461626172066e-03 4.303979221731424332e-03 8.113890886306762695e-03 2.565504051744937897e-02 2.594850026071071625e-02 1.946848817169666290e-02 1.409096177667379379e-03 4.038413520902395248e-03 1.747915893793106079e-02 2.344526909291744232e-02 1.131445867940783501e-03 6.223583593964576721e-03 1.750460825860500336e-02 7.847643457353115082e-03 2.502353675663471222e-02 1.904038153588771820e-02 1.284022070467472076e-02 1.596793183125555515e-03 9.765493683516979218e-03 5.157835781574249268e-03 1.647727005183696747e-02 7.304754108190536499e-03 1.795383729040622711e-02 3.627944272011518478e-03 1.856481283903121948e-02 3.096500225365161896e-02 3.056986629962921143e-02 1.818194240331649780e-02 2.039440907537937164e-03 1.455224235542118549e-03 3.601869335398077965e-03 6.263373885303735733e-03 3.302681725472211838e-03 3.573745721951127052e-03 2.205004915595054626e-02 2.236298844218254089e-02 3.659096080809831619e-03 3.879236988723278046e-03 1.738679478876292706e-03 3.876479575410485268e-03 4.691323731094598770e-03 1.430170983076095581e-02 1.251776330173015594e-02 6.831903941929340363e-03 1.489405403845012188e-03 1.298174820840358734e-02 1.639300398528575897e-02 1.583833806216716766e-02 5.379841476678848267e-02 4.140350595116615295e-02 2.339634113013744354e-02 2.475571446120738983e-02 2.538920752704143524e-02 8.033701218664646149e-03 1.260370947420597076e-02 1.869817636907100677e-02 2.242647111415863037e-02 1.141013205051422119e-02 8.273741230368614197e-03 4.558615273708710447e-06 3.500862512737512589e-03 3.004930214956402779e-03 1.009308360517024994e-02 1.040003728121519089e-02 2.161236852407455444e-02 2.191608771681785583e-02 1.203984394669532776e-02 8.166424930095672607e-03 1.223143073730170727e-03 5.936658009886741638e-03 3.518815338611602783e-02 1.426351163536310196e-02 2.694180421531200409e-02 3.182531520724296570e-02 8.030333556234836578e-03 3.332732478156685829e-03 1.016651187092065811e-02 5.869352724403142929e-03 1.209168229252099991e-02 8.597942069172859192e-03 2.214763313531875610e-02 2.410353720188140869e-02 4.291094467043876648e-02 3.115165606141090393e-02
1.316762063652276993e-02 9.500523097813129425e-03 6.492424756288528442e-03 8.261044025421142578e-01 6.771260499954223633e-02 5.100018810480833054e-03 3.248978871852159500e-03 2.220153994858264923e-02 4.995440132915973663e-03 2.148613799363374710e-03 1.725142821669578552e-02 6.244810763746500015e-03 1.544436160475015640e-02 1.028217189013957977e-02 1.280860416591167450e-02 1.320756133645772934e-02 1.468511205166578293e-02 1.491852290928363800e-02 2.456402778625488281e-02 1.860854960978031158e-02 1.398730464279651642e-02 4.141160752624273300e-03 3.101737610995769501e-02 1.027841586619615555e-02 2.073643729090690613e-02 1.735769584774971008e-02 1.381986867636442184e-02 4.653815645724534988e-03 1.252871355973184109e-03 5.458073690533638000e-03 1.537928637117147446e-02 1.191694755107164383e-02 7.381346542388200760e-03 1.111883018165826797e-02 9.884772822260856628e-03 9.686285629868507385e-03 1.932121440768241882e-02 1.805416308343410492e-02 1.861576177179813385e-02 2.944017387926578522e-02 2.759592793881893158e-02 1.989640109241008759e-02 1.903091371059417725e-02 3.053670004010200500e-02 8.430833113379776478e-04 1.246058940887451172e-02 2.327718073502182961e-03 7.730142679065465927e-03 1.358339935541152954e-02 6.038657389581203461e-03 1.719916425645351410e-02 8.134453557431697845e-03 1.280836574733257294e-02 8.673854172229766846e-03 7.080332841724157333e-03 1.562278997153043747e-02 1.065223384648561478e-02 2.249602414667606354e-02 1.984194153919816017e-03 2.662394940853118896e-02 2.501229569315910339e-02 1.616151072084903717e-02 1.316752750426530838e-02 9.433204308152198792e-03 8.941077627241611481e-03 2.702808193862438202e-02 1.716534793376922607e-02 1.633315160870552063e-02 8.366871625185012817e-03 2.867346256971359253e-02 1.147277746349573135e-02 1.921816542744636536e-02 6.187057495117187500e-02 2.333974279463291168e-02 6.235093995928764343e-02 1.857276633381843567e-02 8.873268961906433105e-03 6.254562777030514553e-06 9.906890802085399628e-03 7.151793688535690308e-03 6.468395586125552654e-04 4.355895798653364182e-03 3.686944395303726196e-02 3.090408258140087128e-02 1.173152402043342590e-02 3.544365242123603821e-02 7.397975423373281956e-04 4.415989387780427933e-03 2.199581637978553772e-02 4.353682696819305420e-02 1.187660172581672668e-02 2.955425158143043518e-02 9.874463081359863281e-03 2.015144377946853638e-02 1.480256859213113785e-02 1.463545486330986023e-02 2.883910899981856346e-03 8.643920533359050751e-03 2.778576686978340149e-02 2.248086221516132355e-02 3.014207258820533752e-02 1.940545625984668732e-02 2.074069157242774963e-02 7.291109795914962888e-05 1.083660218864679337e-02 8.543534204363822937e-03 6.723474711179733276e-03 2.345165982842445374e-02 1.343517564237117767e-02 2.926331758499145508e-02 7.288078311830759048e-03 6.157544441521167755e-03 2.281272970139980316e-02 4.624335560947656631e-03 8.899974636733531952e-03 2.059563063085079193e-02
1.765502430498600006e-02 2.064584568142890930e-02 7.116891909390687943e-03 6.771260499954223633e-02 8.261044025421142578e-01 1.579944230616092682e-02 1.112609729170799255e-02 1.935970969498157501e-02 2.437891252338886261e-02 1.086667273193597794e-02 1.950542442500591278e-02 2.215564809739589691e-02 1.833240874111652374e-02 2.521082758903503418e-02 3.276480594649910927e-03 1.528108213096857071e-02 1.631710212677717209e-03 6.077584344893693924e-03 2.308293618261814117e-02 1.077116001397371292e-02 4.830952268093824387e-03 1.298929273616522551e-04 3.885314241051673889e-02 2.067566849291324615e-02 6.124460138380527496e-03 3.515088465064764023e-04 1.349839149042963982e-03 1.463771099224686623e-03 4.054144956171512604e-03 5.599739030003547668e-03 7.764645852148532867e-03 1.252597384154796600e-02 2.435727417469024658e-02 7.172580342739820480e-03 4.293064586818218231e-03 7.075397879816591740e-04 5.853081122040748596e-03 1.288781594485044479e-02 4.876735061407089233e-02 5.632458627223968506e-02 2.952713705599308014e-02 2.040527015924453735e-02 1.181242894381284714e-02 4.280500113964080811e-02 2.352290228009223938e-02 1.078346092253923416e-02 1.985154813155531883e-03 8.034748025238513947e-03 1.545619312673807144e-02 8.813495747745037079e-03 1.605334319174289703e-02 6.825923454016447067e-03 6.261319853365421295e-03 2.639041282236576080e-02 2.101101912558078766e-02 2.852430939674377441e-02 1.084426976740360260e-02 1.991742290556430817e-02 1.269847154617309570e-02 3.434553369879722595e-02 1.960605150088667870e-04 3.442195709794759750e-03 2.983508398756384850e-03 6.365678738802671432e-03 7.130539976060390472e-03 1.947936601936817169e-02 5.146340467035770416e-03 6.384031381458044052e-03 2.114333957433700562e-02 1.657175645232200623e-02 4.816547967493534088e-03 1.559754740446805954e-02 5.538319423794746399e-02 3.558037430047988892e-02 7.609577476978302002e-02 3.334579989314079285e-02 3.298509865999221802e-02 1.469509769231081009e-02 1.004656404256820679e-02 1.659273728728294373e-02 8.872089907526969910e-03 6.263678427785634995e-03 1.028015557676553726e-02 2.248623780906200409e-02 7.390435319393873215e-03 2.376420050859451294e-02 7.599215605296194553e-04 9.978988207876682281e-03 1.776792481541633606e-02 3.000168688595294952e-02 1.426890143193304539e-03 1.071794331073760986e-02 1.427611615508794785e-02 1.967538334429264069e-02 2.004122827202081680e-03 6.385314278304576874e-03 2.055743895471096039e-02 2.560963295400142670e-02 3.591045364737510681e-02 3.146826103329658508e-02 1.581329479813575745e-02 1.532411319203674793e-03 3.122904710471630096e-02 9.367872960865497589e-03 2.720520133152604103e-03 1.537447795271873474e-02 5.884714191779494286e-04 9.722267277538776398e-03 1.413682103157043457e-02 2.532059513032436371e-02 2.014115080237388611e-02 2.200246788561344147e-02 1.073443889617919922e-02 7.105178665369749069e-03 8.922043256461620331e-03 1.205059234052896500e-02
5.028704926371574402e-02 3.808016330003738403e-02 1.406928710639476776e-02 5.100018810480833054e-03 1.579944230616092682e-02 8.261044025421142578e-01 6.616332381963729858e-02 7.816276629455387592e-04 3.355437424033880234e-03 2.177338488399982452e-02 2.268093265593051910e-02 3.289616480469703674e-02 2.842580340802669525e-02 2.270099334418773651e-02 1.772101782262325287e-02 3.982387948781251907e-03 8.254144340753555298e-03 2.996429102495312691e-03 1.966276578605175018e-02 1.742982864379882812e-02 1.629906892776489258e-02 2.492639981210231781e-02 8.053923374973237514e-04 6.683598738163709641e-03 6.715642753988504410e-03 1.260884106159210205e-02 2.204173244535923004e-02 1.088797231204807758e-03 4.206405580043792725e-02 1.174985244870185852e-02 4.498130083084106445e-02 1.709727942943572998e-02 1.246939320117235184e-02 9.907361119985580444e-03 5.113509949296712875e-03 3.167768567800521851e-02 2.145584113895893097e-02 1.047224458307027817e-02 2.497182972729206085e-02 2.269778028130531311e-02 5.653574131429195404e-03 1.345462538301944733e-02 2.632845006883144379e-02 3.192724287509918213e-02 1.654537860304117203e-03 9.194302372634410858e-03 7.067576795816421509e-02 5.583094060420989990e-02 1.310877129435539246e-02 1.133067999035120010e-02 1.649582758545875549e-02 2.327277511358261108e-02 1.185890100896358490e-02 4.628128837794065475e-03 1.346248388290405273e-02 1.521431561559438705e-02 8.013245649635791779e-03 2.659837948158383369e-03 5.322598386555910110e-03 3.418487322051078081e-04 4.765969351865351200e-04 1.276889257133007050e-02 1.509860064834356308e-02 1.042361464351415634e-02 3.238536417484283447e-02 3.457081690430641174e-02 1.758130080997943878e-02 1.084971334785223007e-02 6.064035464078187943e-03 1.656335592269897461e-02 3.973115235567092896e-03 1.080951932817697525e-02 9.601777419447898865e-03 7.254265714436769485e-03 1.477671973407268524e-02 1.627554558217525482e-02 7.157161366194486618e-03 1.123068761080503464e-02 3.144553920719772577e-05 7.917090319097042084e-03 2.292150445282459259e-02 1.027593947947025299e-02 1.144586224108934402e-02 1.429073140025138855e-02 2.712799701839685440e-03 1.362981181591749191e-02 1.532263960689306259e-02 1.037759333848953247e-02 1.660520397126674652e-02 1.441013533622026443e-03 4.197520762681961060e-02 2.524644508957862854e-02 4.113249853253364563e-02 1.991022936999797821e-02 1.829631440341472626e-02 9.235695935785770416e-03 1.836685463786125183e-02 2.512363716959953308e-02 4.512472543865442276e-03 4.577532410621643066e-03 1.008821837604045868e-02 1.713174022734165192e-02 1.123115140944719315e-02 2.623323164880275726e-02 1.927168195834383368e-04 1.637866161763668060e-02 2.731166314333677292e-03 5.381761584430932999e-03 8.431880734860897064e-03 1.720591820776462555e-02 2.259588101878762245e-03 1.249363180249929428e-03 7.710311096161603928e-03 5.637637339532375336e-03 1.004909817129373550e-02 1.264905184507369995e-02
5.427428707480430603e-02 5.435159802436828613e-02 1.826483011245727539e-02 3.248978871852159500e-03 1.112609729170799255e-02 6.616332381963729858e-02 8.261044025421142578e-01 5.644088960252702236e-04 1.906730793416500092e-02 3.527328372001647949e-02 2.250061929225921631e-02 1.080536097288131714e-02 3.234547376632690430e-02 1.508562639355659485e-02 5.555972922593355179e-03 5.458267405629158020e-03 9.071612730622291565e-03 2.602110803127288818e-02 2.191000618040561676e-02 2.015251107513904572e-02 1.406657509505748749e-02 9.762972593307495117e-03 1.560671627521514893e-02 1.345545332878828049e-02 3.292765468358993530e-04 1.146775111556053162e-02 2.170728519558906555e-02 2.297883667051792145e-02 4.200888797640800476e-02 1.361453067511320114e-02 4.444314911961555481e-02 1.725972071290016174e-02 1.418531872332096100e-03 1.304314192384481430e-02 9.653816930949687958e-03 1.942971907556056976e-02 1.011878158897161484e-02 2.893471857532858849e-03 1.442204345948994160e-03 2.601652406156063080e-03 2.449969993904232979e-03 1.831448078155517578e-02 3.215380012989044189e-02 2.207965031266212463e-02 4.398783203214406967e-03 2.690708264708518982e-02 6.201543658971786499e-02 6.337060034275054932e-02 2.937017939984798431e-03 2.141492627561092377e-02 3.238995373249053955e-02 4.041848704218864441e-02 5.149213597178459167e-03 1.492321258410811424e-03 7.099457550793886185e-03 2.829404734075069427e-02 1.016823342069983482e-03 4.093429597560316324e-04 8.538956753909587860e-03 2.211437240475788713e-04 1.082509756088256836e-02 1.209814567118883133e-02 9.247562848031520844e-03 1.431575417518615723e-02 3.787060454487800598e-02 2.931692823767662048e-02 1.799602992832660675e-02 1.255522854626178741e-02 7.877976633608341217e-03 1.856758631765842438e-02 5.213672760874032974e-03 1.453965716063976288e-02 6.683296989649534225e-03 9.938535513356328011e-04 1.443921681493520737e-02 1.192607916891574860e-02 1.798437163233757019e-02 2.696476690471172333e-02 1.659714244306087494e-02 2.007049322128295898e-02 1.760609820485115051e-02 1.149961911141872406e-02 9.596083313226699829e-03 2.192724682390689850e-02 6.062964443117380142e-03 2.791018690913915634e-03 9.221157990396022797e-03 2.469912404194474220e-03 4.960383754223585129e-03 8.889437885954976082e-04 5.175111442804336548e-02 1.803452521562576294e-02 6.041489914059638977e-02 6.829600781202316284e-03 1.020220573991537094e-02 5.634349770843982697e-03 6.494621746242046356e-03 1.527962088584899902e-02 1.694814115762710571e-02 2.059268020093441010e-02 4.795295652002096176e-03 1.184455864131450653e-02 8.231599815189838409e-03 8.835061453282833099e-03 1.014246605336666107e-02 2.238506637513637543e-02 2.431401750072836876e-03 1.005900651216506958e-02 1.690047606825828552e-02 2.128941938281059265e-02 1.446717977523803711e-02 1.497573964297771454e-02 8.703850209712982178e-03 1.420680619776248932e-02 8.299535140395164490e-03 1.604147441685199738e-02
2.172778919339179993e-02 3.419132903218269348e-03 2.023731358349323273e-03 2.220153994858264923e-02 1.935970969498157501e-02 7.816276629455387592e-04 5.644088960252702236e-04 8.261044025421142578e-01 3.805884858593344688e-03 3.289697924628853798e-03 3.706610947847366333e-02 2.471104450523853302e-02 3.651361539959907532e-02 1.396546885371208191e-02 7.923524081707000732e-02 1.807887852191925049e-02 1.217946689575910568e-02 2.378834970295429230e-02 1.466167625039815903e-02 1.358542405068874359e-02 1.056069787591695786e-02 2.442615479230880737e-02 5.716225598007440567e-03 2.602306380867958069e-02 4.526884760707616806e-03 1.134568639099597931e-02 1.526366267353296280e-02 2.404347527772188187e-03 7.184748537838459015e-03 1.257280632853507996e-02 3.525573993101716042e-03 1.153848832473158836e-03 1.903925091028213501e-02 8.087597787380218506e-03 2.172917686402797699e-02 1.679384335875511169e-02 3.124491870403289795e-02 3.367956494912505150e-03 1.261037774384021759e-02 1.416103634983301163e-02 3.743644105270504951e-03 2.984879538416862488e-03 1.081419643014669418e-03 6.466982886195182800e-03 8.387180860154330730e-04 3.239573910832405090e-03 4.736092407256364822e-03 4.435382783412933350e-03 2.882849983870983124e-02 1.313305576331913471e-03 1.995602995157241821e-02 2.621920034289360046e-02 8.177220821380615234e-03 3.967002406716346741e-02 1.167460903525352478e-02 1.399429515004158020e-02 1.994336582720279694e-02 2.949628792703151703e-02 6.223506759852170944e-03 3.600858151912689209e-02 1.635567657649517059e-02 3.625915851444005966e-03 3.857860714197158813e-02 4.343532025814056396e-02 6.490437313914299011e-03 2.142721414566040039e-02 8.589610457420349121e-03 8.431783877313137054e-03 1.194981113076210022e-02 7.180985528975725174e-03 8.747491054236888885e-03 9.087855927646160126e-03 3.043900057673454285e-02 8.680059574544429779e-03 2.239847928285598755e-02 2.848120173439383507e-03 2.485446166247129440e-03 4.506183322519063950e-03 6.058027967810630798e-03 1.215702760964632034e-02 4.815015941858291626e-02 2.628726884722709656e-02 1.052514836192131042e-02 2.074636332690715790e-02 1.166162174195051193e-02 4.227513447403907776e-03 8.306007832288742065e-02 2.783031202852725983e-02 1.202530111186206341e-03 3.125960938632488251e-03 7.735378574579954147e-03 1.047172676771879196e-02 2.869862364605069160e-03 1.945949718356132507e-02 3.879474243149161339e-03 3.844355233013629913e-03 2.005871012806892395e-02 8.975044824182987213e-03 1.683448092080652714e-03 2.565220464020967484e-03 4.024975060019642115e-04 1.031931582838296890e-02 2.922971965745091438e-03 2.713997964747250080e-04 9.452577680349349976e-03 3.503002598881721497e-02 4.924038890749216080e-03 3.980705514550209045e-02 2.534433733671903610e-03 1.775515265762805939e-02 1.439072377979755402e-02 1.516455784440040588e-02 9.992720559239387512e-03 1.646865718066692352e-02 6.676936056464910507e-03 6.359346210956573486e-03
1.275471877306699753e-02 1.735403575003147125e-02 6.287917029112577438e-03 4.995440132915973663e-03 2.437891252338886261e-02 3.355437424033880234e-03 1.906730793416500092e-02 3.805884858593344688e-03 8.261044025421142578e-01 2.859450690448284149e-02 2.900270512327551842e-03 9.982063435018062592e-03 1.203773450106382370e-02 7.729677483439445496e-03 5.197133403271436691e-03 1.220749132335186005e-02 7.261731196194887161e-03 4.673888161778450012e-02 7.977909408509731293e-03 1.226859260350465775e-02 7.449801545590162277e-03 1.139617990702390671e-02 2.174228802323341370e-02 1.677859015762805939e-02 1.653256267309188843e-02 4.295683465898036957e-03 1.443817373365163803e-02 3.301769727841019630e-03 1.863141171634197235e-02 1.268508937209844589e-02 2.692771889269351959e-02 9.440943598747253418e-03 3.070047125220298767e-02 9.338968433439731598e-03 8.380289189517498016e-03 6.139490753412246704e-03 2.724352991208434105e-03 1.903561130166053772e-02 3.644941002130508423e-02 3.965933620929718018e-02 2.633310109376907349e-02 3.806062042713165283e-02 2.115158177912235260e-02 5.686919670552015305e-03 1.128577906638383865e-02 1.368742622435092926e-02 1.538584567606449127e-02 1.670761778950691223e-02 2.725045487750321627e-04 1.327004749327898026e-02 1.271089166402816772e-02 1.170758809894323349e-02 2.279275469481945038e-02 1.490619499236345291e-03 3.793422132730484009e-02 2.657632716000080109e-02 1.906208880245685577e-02 1.925832941196858883e-03 1.621220819652080536e-02 5.029686726629734039e-03 2.377861365675926208e-02 1.885075867176055908e-02 1.262587495148181915e-02 1.249230653047561646e-02 3.842873498797416687e-02 1.840633526444435120e-02 2.399579994380474091e-02 1.817412301898002625e-02 3.561396896839141846e-02 1.486264355480670929e-02 2.197539433836936951e-02 1.433039456605911255e-02 2.398636005818843842e-02 1.006161887198686600e-02 2.721148356795310974e-02 2.910286188125610352e-03 6.003970280289649963e-02 3.632081672549247742e-02 3.451118245720863342e-02 1.772832125425338745e-02 4.744669422507286072e-03 1.923894509673118591e-02 3.517410531640052795e-02 1.246045622974634171e-02 2.565548289567232132e-03 3.458229359239339828e-03 1.254564989358186722e-02 5.473047029227018356e-03 3.386935219168663025e-02 6.658064201474189758e-03 1.385282073169946671e-02 2.415471151471138000e-02 2.201054058969020844e-02 1.504638604819774628e-02 1.921405084431171417e-02 7.241781800985336304e-03 1.557794492691755295e-02 1.097850874066352844e-02 2.845503948628902435e-02 2.254902385175228119e-02 3.495746990665793419e-03 1.892166619654744864e-04 2.034670859575271606e-02 2.257253741845488548e-03 1.666405051946640015e-02 6.331168115139007568e-03 4.716331022791564465e-04 3.296458348631858826e-02 2.270343154668807983e-02 1.934820227324962616e-02 2.213755995035171509e-02 2.358729764819145203e-02 1.982472091913223267e-02 1.293909922242164612e-02 7.689514313824474812e-04 2.367628365755081177e-02
3.141792863607406616e-02 2.621358074247837067e-02 1.048598904162645340e-02 2.148613799363374710e-03 1.086667273193597794e-02 2.177338488399982452e-02 3.527328372001647949e-02 3.289697924628853798e-03 2.859450690448284149e-02 8.261044025421142578e-01 1.014562323689460754e-02 2.008065208792686462e-02 3.221473423764109612e-03 1.191337127238512039e-02 1.727895624935626984e-02 1.628125458955764771e-02 2.209495380520820618e-02 2.907902374863624573e-02 4.568737745285034180e-02 5.194291472434997559e-03 1.660347543656826019e-02 5.630636005662381649e-04 1.690540835261344910e-02 3.254068642854690552e-02 1.530139893293380737e-02 1.148586161434650421e-02 9.891279973089694977e-03 1.090940926223993301e-02 2.021231502294540405e-02 1.890049129724502563e-02 1.225468050688505173e-02 1.671682926826179028e-03 4.808429162949323654e-03 1.759682223200798035e-02 2.339432202279567719e-02 2.768946578726172447e-03 7.318934425711631775e-03 4.340406972914934158e-03 7.257787976413965225e-03 8.128663757815957069e-04 2.035257639363408089e-03 3.259847313165664673e-02 4.565533623099327087e-02 7.826737128198146820e-03 1.936177536845207214e-02 4.754379391670227051e-02 2.757454663515090942e-02 4.151285439729690552e-02 2.598082832992076874e-02 5.666701495647430420e-02 1.999037340283393860e-02 2.616948448121547699e-02 5.246839020401239395e-03 3.954034764319658279e-03 2.404212765395641327e-02 4.329133406281471252e-02 9.754279628396034241e-03 1.095360238105058670e-02 8.443488739430904388e-03 5.493739619851112366e-03 7.416423410177230835e-03 1.921903528273105621e-02 1.198115106672048569e-02 1.715022511780261993e-02 2.529115974903106689e-02 8.031988516449928284e-03 3.853830508887767792e-03 1.086677424609661102e-02 2.885011583566665649e-02 2.993712201714515686e-02 3.085305914282798767e-02 1.374592166393995285e-02 1.252825185656547546e-02 1.762571930885314941e-02 5.754209589213132858e-03 7.248132489621639252e-03 2.964121848344802856e-02 5.949799343943595886e-02 2.423575706779956818e-02 4.978099465370178223e-02 8.222147822380065918e-03 2.019653096795082092e-02 1.388281583786010742e-02 4.842077940702438354e-02 8.331252029165625572e-04 3.139161504805088043e-03 1.594632165506482124e-03 1.341579854488372803e-02 1.070590969175100327e-02 3.518187254667282104e-02 2.069313079118728638e-02 2.354045584797859192e-02 3.220837935805320740e-02 1.331494469195604324e-02 1.023238338530063629e-02 3.080119192600250244e-02 1.312065683305263519e-02 1.147642638534307480e-02 2.171977609395980835e-02 2.111756801605224609e-02 2.672230452299118042e-02 2.748914994299411774e-02 9.225006797350943089e-04 9.886061772704124451e-03 4.750531166791915894e-03 1.188591308891773224e-02 2.781615778803825378e-02 9.505685418844223022e-03 1.634629257023334503e-02 2.297247201204299927e-02 4.194595851004123688e-03 1.755187101662158966e-02 2.153332345187664032e-02 2.442138455808162689e-02 1.456196419894695282e-02 7.131689693778753281e-03
5.909528583288192749e-02 4.799471423029899597e-02 3.808759618550539017e-03 1.725142821669578552e-02 1.950542442500591278e-02 2.268093265593051910e-02 2.250061929225921631e-02 3.706610947847366333e-02 2.900270512327551842e-03 1.014562323689460754e-02 8.261044025421142578e-01 1.810108497738838196e-02 8.220081031322479248e-02 2.497307956218719482e-02 5.017957463860511780e-02 7.480925414711236954e-04 4.113244824111461639e-03 9.302294813096523285e-03 3.109290031716227531e-03 4.803912714123725891e-03 1.607037149369716644e-02 4.237403348088264465e-02 4.846959840506315231e-03 4.811442457139492035e-03 1.161125954240560532e-02 1.229644846171140671e-02 3.484296845272183418e-03 7.684087846428155899e-03 4.082661867141723633e-02 5.019865348003804684e-04 2.941999398171901703e-02 9.069555439054965973e-03 3.673494094982743263e-03 3.348132129758596420e-03 9.414180181920528412e-03 1.846626773476600647e-02 2.862772159278392792e-02 1.775394566357135773e-02 7.186511531472206116e-03 9.742396883666515350e-03 1.174508407711982727e-02 5.750638432800769806e-03 1.955532841384410858e-02 5.066516343504190445e-03 1.687197014689445496e-02 5.373278167098760605e-03 2.483870461583137512e-02 2.639590017497539520e-02 1.958609931170940399e-02 5.026286467909812927e-03 1.730619743466377258e-02 4.697394091635942459e-03 4.918776452541351318e-03 1.548911724239587784e-02 1.636642962694168091e-02 2.659417688846588135e-02 1.297228410840034485e-02 2.459020167589187622e-02 3.534496296197175980e-03 6.089161615818738937e-03 4.060058854520320892e-03 1.905303820967674255e-02 9.088709019124507904e-03 9.484114125370979309e-03 1.740551739931106567e-02 8.535465225577354431e-03 5.331316497176885605e-03 1.769117452204227448e-02 2.325029578059911728e-03 2.962574828416109085e-03 2.431083470582962036e-02 3.162869019433856010e-03 2.748046303167939186e-03 1.640744321048259735e-02 8.365654386579990387e-03 1.482344325631856918e-02 1.428742194548249245e-03 1.300885900855064392e-02 2.034803479909896851e-02 1.158105581998825073e-02 3.233496565371751785e-03 6.478323601186275482e-03 1.077239029109477997e-02 1.409383956342935562e-02 2.183726616203784943e-02 9.762156754732131958e-03 4.229194298386573792e-02 2.229033736512064934e-03 6.175314076244831085e-03 1.870167325250804424e-03 2.076742984354496002e-02 8.522443473339080811e-03 2.805880084633827209e-02 1.791755296289920807e-02 1.146222744137048721e-02 5.926090758293867111e-03 1.936464942991733551e-02 1.605424098670482635e-02 5.125220632180571556e-04 9.605608880519866943e-03 1.778843067586421967e-02 2.920475043356418610e-02 1.087112445384263992e-02 6.022668443620204926e-03 1.803948171436786652e-02 2.062852494418621063e-02 1.431527920067310333e-02 1.435930188745260239e-02 2.978980168700218201e-02 1.050759479403495789e-02 2.326852269470691681e-02 2.406303957104682922e-02 5.649166647344827652e-03 4.331562668085098267e-03 1.421385910362005234e-02 1.058214437216520309e-02
2.016374055529013276e-04 1.632855832576751709e-02 2.022030577063560486e-02 6.244810763746500015e-03 2.215564809739589691e-02 3.289616480469703674e-02 1.080536097288131714e-02 2.471104450523853302e-02 9.982063435018062592e-03 2.008065208792686462e-02 1.810108497738838196e-02 8.261044025421142578e-01 5.113027989864349365e-03 7.922081649303436279e-02 3.564934432506561279e-02 1.500004809349775314e-02 4.408232867717742920e-03 4.078471567481756210e-03 2.081169281154870987e-03 6.033092271536588669e-03 1.154010929167270660e-02 9.685758268460631371e-04 5.730626638978719711e-03 2.267513796687126160e-02 2.143813995644450188e-03 1.627843081951141357e-02 3.067204728722572327e-03 1.646210998296737671e-02 4.644165281206369400e-03 1.972962915897369385e-02 5.433895625174045563e-03 4.354354459792375565e-04 2.222180739045143127e-02 4.063041880726814270e-03 1.544300001114606857e-03 1.867085136473178864e-02 2.119840681552886963e-02 1.781799364835023880e-03 2.003244496881961823e-02 1.275055296719074249e-02 1.069165952503681183e-02 7.209677714854478836e-03 1.730867847800254822e-02 2.648255228996276855e-02 4.759735614061355591e-02 5.944144446402788162e-03 3.021397627890110016e-03 4.466960206627845764e-03 1.488793268799781799e-02 1.292857807129621506e-02 7.072546985000371933e-03 1.837202720344066620e-02 8.174567483365535736e-03 2.663241140544414520e-02 9.818578138947486877e-03 3.956239204853773117e-03 5.810433533042669296e-03 2.234359644353389740e-02 3.049524500966072083e-02 1.673598587512969971e-02 5.082021933048963547e-03 8.669589646160602570e-03 3.762132674455642700e-02 2.639720216393470764e-02 1.012021955102682114e-02 1.276664086617529392e-03 1.451179292052984238e-02 3.022871387656778097e-04 1.214782148599624634e-02 1.921253092586994171e-02 1.392416749149560928e-02 2.227413933724164963e-03 1.662745699286460876e-02 3.460603067651391029e-03 9.866157779470086098e-04 1.475713402032852173e-02 1.763624459272250533e-04 1.677655242383480072e-02 3.462627157568931580e-02 1.152112986892461777e-02 3.791594132781028748e-02 2.664639055728912354e-02 2.526309713721275330e-02 1.102305855602025986e-02 2.664459683001041412e-02 2.337600849568843842e-02 2.992141060531139374e-02 2.360404096543788910e-02 3.548975288867950439e-02 7.989214733242988586e-03 2.709932066500186920e-02 4.610725212842226028e-03 7.289078552275896072e-03 2.105789072811603546e-02 4.478179849684238434e-03 1.054270379245281219e-02 9.677844122052192688e-03 1.380519196391105652e-02 4.871399141848087311e-03 1.569577120244503021e-02 5.058387294411659241e-03 3.574710804969072342e-03 1.389568205922842026e-03 2.034608088433742523e-02 6.638446357101202011e-03 1.912331394851207733e-02 2.220403403043746948e-03 1.089560426771640778e-02 1.001047901809215546e-02 8.221949450671672821e-03 1.831343281082808971e-03 4.923842381685972214e-03 1.780472695827484131e-02 1.346847787499427795e-02 9.853442199528217316e-03 1.506188604980707169e-02
5.996118858456611633e-02 5.789525434374809265e-02 1.722921989858150482e-02 1.544436160475015640e-02 1.833240874111652374e-02 2.842580340802669525e-02 3.234547376632690430e-02 3.651361539959907532e-02 1.203773450106382370e-02 3.221473423764109612e-03 8.220081031322479248e-02 5.113027989864349365e-03 8.261044025421142578e-01 6.117356475442647934e-03 5.784544721245765686e-02 1.676689088344573975e-02 9.943111799657344818e-03 8.379460312426090240e-03 8.385326713323593140e-03 1.116844452917575836e-02 6.594917736947536469e-03 4.640602320432662964e-02 2.552490448579192162e-03 6.381430663168430328e-03 1.146015338599681854e-02 6.837897002696990967e-03 2.844389760866761208e-03 4.787629935890436172e-03 4.382012039422988892e-02 7.784847170114517212e-03 3.784092515707015991e-02 1.921960711479187012e-02 8.034015772864222527e-04 8.664515800774097443e-03 2.574690384790301323e-03 1.568358950316905975e-02 1.692714355885982513e-02 1.197036728262901306e-02 2.026191912591457367e-02 1.728776469826698303e-02 4.432793357409536839e-04 1.678095781244337559e-03 1.171119883656501770e-02 1.066545024514198303e-02 1.101603265851736069e-02 6.658682599663734436e-03 2.736291848123073578e-02 2.853050641715526581e-02 2.199962548911571503e-02 3.349071368575096130e-03 2.164167165756225586e-02 1.069869194179773331e-02 2.754867309704422951e-03 3.547171130776405334e-02 1.394461188465356827e-02 1.884999684989452362e-02 7.572556845843791962e-03 6.728836335241794586e-03 1.443334575742483139e-02 1.000805944204330444e-02 8.063632994890213013e-03 1.110228151082992554e-02 3.918163944035768509e-03 9.489950723946094513e-03 2.419828623533248901e-02 2.420892938971519470e-02 2.517348155379295349e-03 3.986292518675327301e-03 4.262034781277179718e-03 6.380822160281240940e-04 8.870163932442665100e-03 1.210381649434566498e-02 8.562953211367130280e-03 8.885528892278671265e-03 2.423227578401565552e-02 3.465704503469169140e-04 3.711781231686472893e-03 1.129015930928289890e-03 1.271493360400199890e-02 1.353707863017916679e-03 9.577931836247444153e-03 6.865363568067550659e-03 8.673190139234066010e-03 1.670978497713804245e-03 1.680405437946319580e-02 5.388409481383860111e-04 4.205310344696044922e-02 1.788497529923915863e-02 5.279697012156248093e-03 3.319209907203912735e-03 3.178064897656440735e-02 1.293793041259050369e-02 3.476703912019729614e-02 6.547179073095321655e-03 3.084346093237400055e-02 3.293645009398460388e-02 1.718683168292045593e-02 8.715044707059860229e-03 1.769242109730839729e-03 5.316250957548618317e-03 3.389678150415420532e-02 3.933771699666976929e-02 1.664584130048751831e-02 1.930487051140516996e-04 1.889752410352230072e-02 2.204682677984237671e-02 2.042385749518871307e-02 1.016890257596969604e-02 2.969628572463989258e-02 4.387567285448312759e-03 1.982946880161762238e-02 1.249014586210250854e-02 5.047016311436891556e-04 3.274142742156982422e-03 1.619171351194381714e-02 1.766256755217909813e-03
