8.273371458053588867e-01 9.726486355066299438e-02 7.732823956757783890e-03 5.606681108474731445e-03 3.302498254925012589e-03 8.308468759059906006e-02 7.271692156791687012e-02 3.004827070981264114e-03 8.770010434091091156e-03 8.921898901462554932e-03 8.044387400150299072e-02 3.231241181492805481e-02 7.095471024513244629e-02 1.924961060285568237e-02 3.835628926753997803e-02 1.515274588018655777e-02 1.627445966005325317e-02 7.457663305103778839e-03 1.583039388060569763e-02 1.672098413109779358e-02 1.583143323659896851e-02 3.874034434556961060e-02 4.224200267344713211e-03 3.455998376011848450e-03 8.205428603105247021e-04 1.815029047429561615e-02 2.324024401605129242e-02 2.575603313744068146e-02 1.988428179174661636e-03 2.235483750700950623e-02 2.363347884966060519e-04 1.075969077646732330e-02 6.316457875072956085e-03 5.591755732893943787e-03 2.189330291002988815e-03 5.890521686524152756e-03 1.342463679611682892e-02 1.429756172001361847e-02 1.244988176040351391e-03 5.977885797619819641e-03 1.653708331286907196e-02 1.286948379129171371e-02 1.243914593942463398e-03 2.086796611547470093e-02 8.085047826170921326e-03 2.866129204630851746e-02 5.764933675527572632e-02 3.344079107046127319e-02 5.224963184446096420e-03 8.887010626494884491e-03 5.791601259261369705e-03 8.421980775892734528e-03 3.920104820281267166e-03 3.669602796435356140e-03 4.300884902477264404e-03 1.064254250377416611e-02 3.433996113017201424e-03 1.030940748751163483e-02 1.597603037953376770e-02 1.681908778846263885e-02 4.104022867977619171e-03 3.733825869858264923e-03 2.839063294231891632e-03 4.495352040976285934e-03 2.148066647350788116e-02 1.531998999416828156e-02 4.982172511518001556e-03 8.255808614194393158e-03 1.705062016844749451e-02 9.883785387501120567e-04 1.578993722796440125e-02 1.315031945705413818e-02 1.165712159126996994e-02 1.652716659009456635e-03 6.924826651811599731e-03 1.663702912628650665e-02 2.287200093269348145e-02 1.542779244482517242e-02 1.269275508821010590e-02 1.282476074993610382e-02 8.497482165694236755e-03 1.763688027858734131e-02 1.250252127647399902e-02 1.214104122482240200e-03 8.650921285152435303e-03 2.244466543197631836e-02 2.629200182855129242e-02 2.465098910033702850e-02 9.109814651310443878e-03 2.116076461970806122e-02 7.805226836353540421e-03 3.127103671431541443e-02 2.966136671602725983e-03 2.091762609779834747e-02 2.597217215225100517e-03 8.608911302872002125e-04 1.190551090985536575e-02 1.659600436687469482e-02 2.417343435809016228e-03 1.771433511748909950e-03 1.023294776678085327e-02 1.395286060869693756e-03 6.622741930186748505e-03 1.440747547894716263e-02 1.884134253486990929e-03 8.207646198570728302e-03 1.964296679943799973e-03 6.251202896237373352e-03 8.761450648307800293e-03 1.080262288451194763e-02 1.581098511815071106e-02 2.440290153026580811e-02 5.764531088061630726e-04 2.379974536597728729e-02 2.070832811295986176e-02 3.916296362876892090e-02
9.726486355066299438e-02 8.273371458053588867e-01 8.305356837809085846e-03 1.226172130554914474e-02 1.523243356496095657e-02 8.426012843847274780e-02 8.059956133365631104e-02 5.375087726861238480e-03 7.885625585913658142e-03 1.222477760165929794e-02 7.983016222715377808e-02 3.295835852622985840e-02 8.358793705701828003e-02 3.347375988960266113e-02 3.956706821918487549e-02 1.370460540056228638e-02 8.138506673276424408e-03 1.098161083064042032e-04 7.800926105119287968e-04 1.559900026768445969e-02 1.439997646957635880e-02 3.352713584899902344e-02 7.222691085189580917e-03 2.915102289989590645e-03 1.254040165804326534e-03 2.203684113919734955e-02 1.812233217060565948e-02 2.324000373482704163e-02 3.407218493521213531e-03 2.356418408453464508e-02 2.421928569674491882e-03 1.696260832250118256e-02 1.870954874902963638e-03 8.320550434291362762e-03 2.489717910066246986e-03 1.465748064219951630e-03 6.575884763151407242e-03 1.427926309406757355e-02 4.409303888678550720e-03 2.827554417308419943e-04 1.354875881224870682e-02 1.957854814827442169e-02 6.062231026589870453e-03 2.445980347692966461e-02 5.162086337804794312e-03 3.433525562286376953e-02 4.826795309782028198e-02 4.181436449289321899e-02 8.456080220639705658e-03 6.555130239576101303e-03 7.988599129021167755e-03 3.377659711986780167e-03 7.432448328472673893e-04 3.685317467898130417e-03 1.069340668618679047e-02 1.358173228800296783e-02 2.218810986960306764e-04 9.777572005987167358e-03 9.070631116628646851e-03 1.530043501406908035e-02 5.964462179690599442e-03 9.629520587623119354e-03 6.848435848951339722e-03 6.586103118024766445e-04 1.497395616024732590e-02 2.022388018667697906e-02 2.205747179687023163e-03 7.387726567685604095e-03 1.613343134522438049e-02 9.197350009344518185e-04 6.107597146183252335e-03 4.553278442472219467e-03 7.388535421341657639e-03 2.828575437888503075e-03 3.377087647095322609e-03 7.262682542204856873e-03 1.901300251483917236e-02 1.914311014115810394e-02 1.329496735706925392e-04 5.490532610565423965e-03 1.430262159556150436e-02 1.594602130353450775e-02 4.849687684327363968e-03 4.750404506921768188e-03 9.556354023516178131e-03 2.071954682469367981e-02 2.239958569407463074e-02 2.241251803934574127e-02 7.006875704973936081e-03 1.225508749485015869e-02 1.068040946847759187e-04 2.528531849384307861e-02 1.583135128021240234e-02 1.874074339866638184e-02 6.412230432033538818e-03 4.043148830533027649e-03 1.162612624466419220e-02 3.523085266351699829e-03 3.786402230616658926e-04 9.123130701482295990e-03 1.177858677692711353e-03 2.363746985793113708e-03 2.804948715493083000e-03 6.940826307982206345e-03 1.377874403260648251e-03 2.941917395219206810e-03 1.145535148680210114e-03 2.007438568398356438e-03 5.493411794304847717e-03 1.387060899287462234e-02 2.043372951447963715e-02 2.326172217726707458e-02 1.370559446513652802e-03 1.165761426091194153e-02 2.135919220745563507e-02 3.349312394857406616e-02
7.732823956757783890e-03 8.305356837809085846e-03 8.273371458053588867e-01 6.565147079527378082e-03 8.375377510674297810e-04 2.869007876142859459e-03 3.494283184409141541e-03 6.113244220614433289e-02 1.086208317428827286e-02 1.303666550666093826e-02 1.287405285984277725e-02 9.253103286027908325e-03 1.159642264246940613e-02 7.965927012264728546e-03 1.767481304705142975e-02 2.256560692330822349e-04 1.929897000081837177e-03 4.682853352278470993e-03 2.975103259086608887e-02 2.976787043735384941e-03 7.216966710984706879e-03 2.058787830173969269e-02 2.746099233627319336e-02 1.671248674392700195e-02 2.022656239569187164e-02 2.364705316722393036e-02 3.041350515559315681e-03 2.720044553279876709e-02 2.333420142531394958e-02 1.501382794231176376e-02 1.552067045122385025e-02 1.345552224665880203e-02 3.021383658051490784e-02 3.078650496900081635e-02 2.694208547472953796e-02 8.551027858629822731e-04 9.411164559423923492e-03 1.781310141086578369e-02 1.461257226765155792e-02 1.427106279879808426e-02 1.391839236021041870e-02 1.996752247214317322e-02 1.105580665171146393e-02 1.405488146701827645e-04 1.822765916585922241e-02 2.020378783345222473e-02 9.756747633218765259e-03 2.245632000267505646e-02 3.949137404561042786e-03 1.630952209234237671e-02 1.920010708272457123e-02 9.268937632441520691e-03 1.351855229586362839e-03 1.206459128297865391e-03 3.821995342150330544e-03 2.978782728314399719e-02 4.342716187238693237e-02 3.159275650978088379e-02 1.466219965368509293e-02 1.464903354644775391e-02 2.976980619132518768e-02 2.345127984881401062e-02 2.374615706503391266e-02 2.169723995029926300e-02 2.691305615007877350e-02 2.646001987159252167e-02 5.198886152356863022e-03 7.966865785419940948e-03 7.018659729510545731e-03 1.260489504784345627e-02 7.021246012300252914e-03 1.106075383722782135e-02 1.245491299778223038e-02 9.582817554473876953e-03 1.662444695830345154e-02 1.438659150153398514e-02 2.910176059231162071e-03 5.543513689190149307e-03 2.250467659905552864e-03 1.488565374165773392e-02 5.672410875558853149e-02 2.483994700014591217e-02 4.697366617619991302e-03 2.375437878072261810e-02 2.862362749874591827e-02 2.439043670892715454e-02 3.406094387173652649e-02 2.378477342426776886e-02 1.014195382595062256e-02 7.182986009865999222e-03 2.486722357571125031e-02 1.676060073077678680e-02 2.520406246185302734e-02 2.066021040081977844e-02 1.346108037978410721e-02 2.204847149550914764e-02 1.974790170788764954e-02 2.688087522983551025e-02 1.855700090527534485e-02 2.053543366491794586e-02 8.925739675760269165e-03 2.623967640101909637e-02 2.365763299167156219e-02 3.182849287986755371e-02 1.041040662676095963e-02 1.425977423787117004e-02 9.222128428518772125e-03 2.104390412569046021e-02 6.141877733170986176e-03 2.471769228577613831e-02 9.647076018154621124e-03 1.685927389189600945e-03 4.838450346142053604e-03 1.663801632821559906e-02 7.588987704366445541e-03 8.374135009944438934e-03
5.606681108474731445e-03 1.226172130554914474e-02 6.565147079527378082e-03 8.273371458053588867e-01 1.090603917837142944e-01 1.160414423793554306e-02 1.076143607497215271e-02 2.177033387124538422e-02 8.870353340171277523e-04 6.913491524755954742e-04 1.350446883589029312e-02 9.610126726329326630e-03 1.992045529186725616e-02 9.655982255935668945e-03 1.063882093876600266e-02 1.176755689084529877e-02 8.167732506990432739e-03 4.339921101927757263e-02 3.655106201767921448e-02 1.204294059425592422e-02 2.141357772052288055e-02 2.218230627477169037e-03 5.114242434501647949e-03 8.298260945593938231e-05 9.178773500025272369e-03 2.531877951696515083e-03 1.578229106962680817e-02 2.194342948496341705e-02 4.034284036606550217e-03 1.085744122974574566e-03 7.824055850505828857e-03 2.288411930203437805e-02 6.605438888072967529e-03 2.224895730614662170e-02 1.373436115682125092e-02 1.144038327038288116e-02 9.819065220654010773e-03 2.893458819016814232e-03 1.493980828672647476e-02 2.622141130268573761e-02 1.640021218918263912e-03 7.587345782667398453e-03 6.966737098991870880e-03 5.546566098928451538e-04 1.428993232548236847e-02 1.251419913023710251e-02 2.374969981610774994e-02 1.436330098658800125e-02 1.399550307542085648e-02 1.120019238442182541e-03 2.738639898598194122e-02 2.719102986156940460e-02 6.072474177926778793e-03 1.290217507630586624e-02 8.379996754229068756e-03 7.659954950213432312e-03 7.367632351815700531e-03 1.206651423126459122e-02 4.822988528758287430e-03 5.936081986874341965e-03 1.473439764231443405e-02 2.015180699527263641e-02 7.259501726366579533e-04 2.835778705775737762e-02 3.167264861986041069e-03 1.799409650266170502e-02 1.730560138821601868e-02 2.089390158653259277e-02 1.141314115375280380e-02 6.022155750542879105e-03 1.537289656698703766e-02 1.858905144035816193e-02 6.095481291413307190e-02 1.147186476737260818e-02 3.222865983843803406e-02 8.759847842156887054e-03 4.173979628831148148e-03 8.858191780745983124e-03 1.162460725754499435e-02 8.040943183004856110e-03 1.443018577992916107e-02 1.081649493426084518e-02 5.587756261229515076e-02 3.026752173900604248e-02 2.439243905246257782e-02 2.060197293758392334e-03 4.153158515691757202e-03 1.061117649078369141e-02 1.453717146068811417e-02 1.244476158171892166e-02 2.323777414858341217e-03 5.071294028311967850e-03 1.336069218814373016e-02 6.140434416010975838e-04 1.948641426861286163e-02 1.247090380638837814e-02 1.181439775973558426e-02 5.100795999169349670e-03 2.749713696539402008e-02 2.674061991274356842e-02 2.703631296753883362e-03 1.312094181776046753e-02 7.001412101089954376e-03 5.841583479195833206e-03 3.849442116916179657e-03 7.977067725732922554e-04 1.136467698961496353e-02 1.367272529751062393e-02 1.610370352864265442e-02 3.162437304854393005e-02 5.987835116684436798e-03 4.280405584722757339e-03 1.269644126296043396e-02 1.668546348810195923e-02 5.073992069810628891e-03 2.192747406661510468e-02
3.302498254925012589e-03 1.523243356496095657e-02 8.375377510674297810e-04 1.090603917837142944e-01 8.273371458053588867e-01 4.026249051094055176e-03 1.945773692568764091e-05 1.083133742213249207e-02 2.072501927614212036e-02 1.372355385683476925e-03 1.609218306839466095e-02 1.285662874579429626e-02 1.762150600552558899e-02 8.649166673421859741e-03 7.433046586811542511e-03 1.463623158633708954e-02 1.782208308577537537e-02 4.988532140851020813e-02 6.127875298261642456e-02 1.176055334508419037e-02 1.441239193081855774e-02 8.641793392598628998e-03 6.104955100454390049e-04 4.671415779739618301e-03 6.413816474378108978e-03 6.099664140492677689e-03 3.074381314218044281e-02 2.066949382424354553e-02 4.640735220164060593e-03 8.016080595552921295e-03 1.425471529364585876e-02 1.494027953594923019e-02 2.375514013692736626e-03 1.313494704663753510e-02 2.163355052471160889e-02 8.702759630978107452e-03 1.392180938273668289e-02 2.303251763805747032e-03 1.756655052304267883e-02 3.114328533411026001e-02 1.148805953562259674e-02 3.781810868531465530e-03 4.800978582352399826e-03 1.157784275710582733e-02 3.043708205223083496e-02 1.996742002665996552e-02 7.660621311515569687e-03 1.760512217879295349e-02 1.959861256182193756e-02 5.115122534334659576e-03 2.173814550042152405e-02 2.786144241690635681e-02 6.401433609426021576e-03 3.146448172628879547e-03 2.409124979749321938e-03 1.087423227727413177e-02 3.046850441023707390e-03 1.920185610651969910e-02 1.838715397752821445e-03 4.276605322957038879e-03 2.096310816705226898e-02 3.717013448476791382e-02 5.990273784846067429e-03 3.741031885147094727e-02 5.674830637872219086e-03 1.029433682560920715e-02 1.749442145228385925e-02 1.689287461340427399e-02 4.867410752922296524e-03 1.791653037071228027e-02 1.677244156599044800e-02 1.617600955069065094e-02 4.983686283230781555e-02 2.059566974639892578e-02 3.840661048889160156e-02 7.163999602198600769e-03 1.159836724400520325e-02 1.169816590845584869e-02 6.190306157805025578e-05 1.360883284360170364e-02 7.954387925565242767e-03 1.980549190193414688e-03 5.513371899724006653e-02 4.499781504273414612e-02 2.767716161906719208e-02 8.322400972247123718e-03 1.572138164192438126e-03 4.362728446722030640e-03 3.819434205070137978e-03 2.191259525716304779e-02 3.904141252860426903e-03 1.068789977580308914e-02 1.883187331259250641e-02 1.874784124083817005e-03 6.200658157467842102e-03 1.333446614444255829e-02 1.633442007005214691e-02 1.015351060777902603e-02 2.654791995882987976e-02 2.988292276859283447e-02 4.428644664585590363e-03 1.242269854992628098e-02 1.440031453967094421e-03 3.103035269305109978e-04 3.219512058421969414e-03 4.012046381831169128e-03 1.280244812369346619e-02 1.436552312225103378e-02 1.948566734790802002e-02 3.238639235496520996e-02 7.696418557316064835e-03 2.859533764421939850e-03 3.061918774619698524e-03 3.822035854682326317e-03 1.134969759732484818e-02 1.239139400422573090e-02
8.308468759059906006e-02 8.426012843847274780e-02 2.869007876142859459e-03 1.160414423793554306e-02 4.026249051094055176e-03 8.273371458053588867e-01 9.363289177417755127e-02 1.525263651274144650e-03 1.518349908292293549e-02 6.400086916983127594e-03 7.073717564344406128e-02 3.889383748173713684e-02 5.874989926815032959e-02 2.558968588709831238e-02 2.752371318638324738e-02 2.307286486029624939e-02 1.806744933128356934e-02 1.312836352735757828e-02 3.947628661990165710e-03 8.378912694752216339e-03 1.334480941295623779e-03 2.949889190495014191e-02 1.007868070155382156e-02 1.049077720381319523e-03 4.460381809622049332e-03 2.913725376129150391e-02 2.209305949509143829e-02 1.593542657792568207e-02 2.639657817780971527e-02 1.031872723251581192e-02 3.098708763718605042e-02 8.618030697107315063e-03 5.178408231586217880e-03 1.484389533288776875e-03 9.342449717223644257e-03 5.883255507797002792e-03 5.604760255664587021e-03 4.094428848475217819e-03 1.111833937466144562e-02 1.141874212771654129e-02 1.813294598832726479e-03 7.756680715829133987e-03 5.127205047756433487e-03 2.074758335947990417e-02 1.754444092512130737e-02 3.747496753931045532e-02 7.332555949687957764e-02 1.813832670450210571e-02 3.461953951045870781e-03 1.232913974672555923e-02 1.477926969528198242e-02 1.141293719410896301e-02 5.583490245044231415e-03 9.577312157489359379e-04 1.625894941389560699e-02 1.304220501333475113e-02 1.397101394832134247e-02 2.020588330924510956e-02 4.344451706856489182e-03 2.470602979883551598e-03 5.971409846097230911e-03 1.246307045221328735e-02 4.874181759078055620e-04 2.398609416559338570e-03 1.383590162731707096e-03 6.667618639767169952e-03 2.512823790311813354e-03 1.785160857252776623e-03 2.096449583768844604e-02 1.943160407245159149e-02 1.705223135650157928e-02 3.260743804275989532e-03 1.435307692736387253e-02 1.042365096509456635e-02 5.793502088636159897e-03 1.352485828101634979e-02 3.891057148575782776e-02 2.223685011267662048e-02 1.284086890518665314e-02 1.064082048833370209e-02 5.773316603153944016e-03 6.784358527511358261e-03 1.777939684689044952e-02 2.278982196003198624e-03 8.779718540608882904e-03 2.814354375004768372e-02 1.812654919922351837e-02 1.138029433786869049e-02 6.976621225476264954e-03 2.228537201881408691e-02 1.862520352005958557e-02 2.006033435463905334e-02 1.933393068611621857e-02 8.758218958973884583e-03 1.085956953465938568e-02 3.904007375240325928e-03 2.263202518224716187e-02 2.182077849283814430e-03 1.572474371641874313e-03 2.590101212263107300e-04 1.539347600191831589e-02 5.723834503442049026e-03 4.835333093069493771e-04 1.482365187257528305e-03 4.766168072819709778e-03 5.778920836746692657e-03 1.262468099594116211e-02 6.325334776192903519e-03 8.824990130960941315e-03 2.758318744599819183e-02 5.251319613307714462e-03 1.295408140867948532e-02 6.299391388893127441e-03 2.776939235627651215e-02 1.131717860698699951e-02 2.499952539801597595e-02
7.271692156791687012e-02 8.059956133365631104e-02 3.494283184409141541e-03 1.076143607497215271e-02 1.945773692568764091e-05 9.363289177417755127e-02 8.273371458053588867e-01 4.621288273483514786e-03 8.934466168284416199e-03 1.910860463976860046e-02 6.700094789266586304e-02 3.828387334942817688e-02 6.427990645170211792e-02 3.728306666016578674e-02 3.372249379754066467e-02 1.895971782505512238e-02 1.461331080645322800e-02 1.207494526170194149e-03 6.808569305576384068e-04 3.550171619281172752e-03 1.603375561535358429e-02 3.156262636184692383e-02 9.406429715454578400e-03 4.188089165836572647e-03 1.111597288399934769e-02 3.953725099563598633e-02 1.511576306074857712e-02 1.253286283463239670e-02 1.826563104987144470e-02 1.365342922508716583e-02 2.003989927470684052e-02 6.772651802748441696e-03 4.411414731293916702e-03 3.968175034970045090e-03 6.394512485712766647e-03 1.409654133021831512e-02 8.194895461201667786e-03 5.873506423085927963e-03 1.658117957413196564e-02 1.581739448010921478e-02 2.243438968434929848e-03 4.090312402695417404e-03 2.801049966365098953e-03 1.821704581379890442e-02 5.761555861681699753e-03 3.413819894194602966e-02 7.591736316680908203e-02 3.966583311557769775e-02 7.524947170168161392e-03 9.274381212890148163e-03 1.392316631972789764e-02 5.016186274588108063e-03 1.209470070898532867e-02 4.711502231657505035e-03 1.329690869897603989e-02 1.188206858932971954e-02 1.267272513359785080e-02 2.352324873208999634e-02 2.974718809127807617e-03 6.488343235105276108e-03 1.833728747442364693e-03 1.311954576522111893e-02 1.279650349169969559e-02 1.802015118300914764e-03 4.681718419305980206e-04 7.274583447724580765e-03 1.094325911253690720e-02 1.409517042338848114e-02 2.530153281986713409e-02 1.706712692975997925e-02 2.088964171707630157e-02 2.755266323219984770e-04 1.812591403722763062e-02 1.007436495274305344e-02 1.059154700487852097e-02 1.280480436980724335e-02 3.150928020477294922e-02 2.746707759797573090e-02 4.656701348721981049e-03 6.592599675059318542e-03 7.052883505821228027e-03 9.661195799708366394e-03 1.133225765079259872e-02 3.137528663501143456e-03 1.781254820525646210e-02 2.591710910201072693e-02 2.197647280991077423e-02 1.976744271814823151e-02 3.374485997483134270e-03 1.162465754896402359e-02 1.047066040337085724e-02 1.985959708690643311e-02 1.349695725366473198e-03 1.114439871162176132e-02 2.250728430226445198e-03 5.308969411998987198e-03 1.688577607274055481e-02 2.107341773808002472e-03 4.163855337537825108e-04 3.958605229854583740e-03 6.898709572851657867e-03 8.667160756886005402e-03 2.786601660773158073e-03 3.164509776979684830e-03 6.613368168473243713e-03 1.272491458803415298e-02 2.273739082738757133e-04 1.280284207314252853e-02 3.490689909085631371e-03 2.472650818526744843e-02 4.598919302225112915e-03 6.977483164519071579e-03 9.274411713704466820e-04 6.143045146018266678e-03 1.155918091535568237e-02 1.918361708521842957e-02
3.004827070981264114e-03 5.375087726861238480e-03 6.113244220614433289e-02 2.177033387124538422e-02 1.083133742213249207e-02 1.525263651274144650e-03 4.621288273483514786e-03 8.273371458053588867e-01 1.780645549297332764e-02 5.478622391819953918e-03 1.434676442295312881e-02 1.186741515994071960e-02 1.678800396621227264e-02 1.285840105265378952e-02 4.249091818928718567e-02 1.606045290827751160e-02 1.440232247114181519e-02 1.103001087903976440e-02 2.418151311576366425e-02 3.780772211030125618e-03 4.860558081418275833e-03 2.113740704953670502e-02 2.086119167506694794e-02 1.371779851615428925e-02 1.885728910565376282e-02 2.070812694728374481e-02 2.758505754172801971e-03 1.411363296210765839e-02 1.585271582007408142e-02 1.060488726943731308e-02 7.134481333196163177e-03 2.292183786630630493e-02 1.658084988594055176e-02 3.090452589094638824e-02 1.079576369374990463e-02 6.596873980015516281e-03 1.165130082517862320e-02 2.795923873782157898e-02 1.889719627797603607e-03 2.987177111208438873e-03 1.594178751111030579e-02 6.429797504097223282e-03 2.339336276054382324e-02 1.314941910095512867e-03 7.491625845432281494e-03 2.203382086008787155e-03 7.865107618272304535e-03 2.383001521229743958e-02 2.055120887234807014e-03 1.918940572068095207e-03 1.940125785768032074e-02 4.292970150709152222e-02 3.939288202673196793e-03 1.145755685865879059e-02 1.230394840240478516e-02 8.737182244658470154e-03 3.258159384131431580e-02 3.344595804810523987e-02 1.629604399204254150e-02 1.321376487612724304e-02 1.748478412628173828e-02 1.373479422181844711e-02 2.120401896536350250e-02 1.824405975639820099e-02 1.703149266541004181e-02 2.756594307720661163e-02 1.050355378538370132e-03 2.577689476311206818e-03 1.132702920585870743e-02 5.406191572546958923e-03 4.908966831862926483e-03 6.134549621492624283e-03 3.438714891672134399e-03 8.615754544734954834e-03 2.305169589817523956e-03 1.597328856587409973e-02 1.288539171218872070e-02 1.921949442476034164e-03 5.268260370939970016e-03 9.941321797668933868e-03 6.720018386840820312e-02 4.339722916483879089e-02 2.086775936186313629e-02 8.483011275529861450e-03 2.317662537097930908e-02 1.408434659242630005e-02 5.165447294712066650e-02 3.801158443093299866e-02 1.201090126414783299e-04 1.240887213498353958e-02 1.976795308291912079e-02 1.021452248096466064e-02 2.001078426837921143e-02 1.674048043787479401e-02 6.208537612110376358e-03 9.714567102491855621e-03 1.591639965772628784e-02 2.491415664553642273e-02 1.844692602753639221e-02 1.916324160993099213e-02 1.671305112540721893e-02 3.439819440245628357e-02 1.731689274311065674e-02 3.383852541446685791e-02 6.516390945762395859e-03 6.435829680413007736e-03 8.002010174095630646e-03 1.841958984732627869e-02 1.157555822283029556e-02 1.365215424448251724e-02 1.697334647178649902e-02 6.526796147227287292e-03 3.729775547981262207e-03 1.934920623898506165e-02 2.053115516901016235e-02 2.000462450087070465e-02
8.770010434091091156e-03 7.885625585913658142e-03 1.086208317428827286e-02 8.870353340171277523e-04 2.072501927614212036e-02 1.518349908292293549e-02 8.934466168284416199e-03 1.780645549297332764e-02 8.273371458053588867e-01 2.370651438832283020e-02 2.804447198286652565e-03 2.234037732705473900e-03 1.040557585656642914e-02 1.718541793525218964e-02 8.546118624508380890e-03 1.707849651575088501e-02 1.575675420463085175e-02 4.166560247540473938e-02 2.659869939088821411e-02 4.143997095525264740e-03 2.569109760224819183e-02 1.780910603702068329e-02 1.165394112467765808e-02 8.441509678959846497e-03 1.673789508640766144e-02 1.305444445461034775e-02 1.824331469833850861e-03 2.982349507510662079e-02 1.137163117527961731e-02 3.272704780101776123e-02 1.844311878085136414e-02 6.390620023012161255e-03 1.224807929247617722e-02 2.938108146190643311e-02 1.010607834905385971e-02 1.566267013549804688e-02 1.753843826008960605e-04 4.130261018872261047e-03 1.985637843608856201e-02 1.789328083395957947e-02 1.117282640188932419e-02 4.002682119607925415e-02 2.303054742515087128e-02 1.125246472656726837e-02 3.470676019787788391e-02 5.986937787383794785e-03 2.654454112052917480e-02 8.574698003940284252e-04 4.677005857229232788e-02 1.459597330540418625e-02 8.636166341602802277e-03 7.689354009926319122e-03 4.173580091446638107e-03 4.606209695339202881e-03 5.584380775690078735e-02 2.588341711089015007e-03 3.724008332937955856e-03 1.290152035653591156e-02 4.377890378236770630e-03 3.829888883046805859e-04 1.223255693912506104e-02 1.987294480204582214e-02 1.572808995842933655e-02 6.312565878033638000e-03 1.421270705759525299e-02 1.779881305992603302e-02 1.844402519054710865e-03 1.385127380490303040e-02 2.542505599558353424e-02 1.598611660301685333e-02 1.687094569206237793e-02 1.282618497498333454e-03 2.643327042460441589e-02 1.506879646331071854e-02 3.324654325842857361e-02 1.019127946346998215e-02 7.915521413087844849e-02 3.260681405663490295e-02 4.252659529447555542e-02 6.377068348228931427e-03 1.675365865230560303e-02 1.217089965939521790e-02 5.902620963752269745e-03 3.279347717761993408e-02 2.070279233157634735e-02 1.110568083822727203e-02 1.496319752186536789e-02 1.427904795855283737e-02 2.838122099637985229e-02 1.331371255218982697e-02 6.973971147090196609e-03 4.867654293775558472e-03 1.100801397114992142e-03 3.234290750697255135e-03 1.638410240411758423e-02 6.304234731942415237e-03 1.003396790474653244e-02 5.959818605333566666e-03 2.779553760774433613e-04 6.814442109316587448e-03 2.279280126094818115e-02 3.082152397837489843e-04 1.908835023641586304e-02 1.958243921399116516e-02 1.974609447643160820e-03 2.863385248929262161e-03 9.503216482698917389e-03 1.394649129360914230e-02 3.460936713963747025e-03 8.275509811937808990e-03 2.718505077064037323e-02 5.921053234487771988e-03 1.574036851525306702e-02 1.356371771544218063e-02 1.103018503636121750e-02 5.507906898856163025e-03
8.921898901462554932e-03 1.222477760165929794e-02 1.303666550666093826e-02 6.913491524755954742e-04 1.372355385683476925e-03 6.400086916983127594e-03 1.910860463976860046e-02 5.478622391819953918e-03 2.370651438832283020e-02 8.273371458053588867e-01 1.360473409295082092e-02 2.436594851315021515e-02 1.074068062007427216e-02 4.000123590230941772e-02 1.513703260570764542e-02 2.069451473653316498e-02 2.892886102199554443e-02 2.752823196351528168e-02 1.281737000681459904e-03 7.710336241871118546e-03 2.166197076439857483e-02 1.170438993722200394e-02 2.242532745003700256e-02 3.773446753621101379e-02 5.438457708805799484e-03 5.545645486563444138e-03 6.339805200695991516e-03 2.554764226078987122e-02 1.532303285785019398e-03 4.420623183250427246e-02 1.741263642907142639e-02 2.112983260303735733e-03 1.652247086167335510e-02 1.109536155126988888e-03 1.829591952264308929e-02 1.337394863367080688e-02 1.455838885158300400e-02 8.566020056605339050e-03 3.034289926290512085e-03 1.227006036788225174e-02 2.223936753580346704e-04 2.371898619458079338e-03 1.957248523831367493e-02 5.125606898218393326e-03 2.164500951766967773e-02 9.864452295005321503e-03 1.949360407888889313e-02 2.034122124314308167e-02 1.428010966628789902e-02 1.536028459668159485e-02 1.925607956945896149e-02 9.207360446453094482e-03 9.017553180456161499e-03 2.388005517423152924e-02 1.263520494103431702e-02 5.015075579285621643e-02 5.022756755352020264e-03 1.210598554462194443e-02 1.810240373015403748e-02 2.044128440320491791e-02 5.352115258574485779e-03 1.866006478667259216e-02 9.843388572335243225e-03 2.992300549522042274e-03 1.069998741149902344e-02 8.306645788252353668e-03 2.377269044518470764e-02 1.969082467257976532e-02 3.215011954307556152e-02 1.414408162236213684e-02 6.205456331372261047e-02 3.104791790246963501e-02 2.187945879995822906e-02 4.723199177533388138e-03 4.040222987532615662e-02 3.245637565851211548e-02 6.824978161603212357e-03 7.456853985786437988e-02 3.144354373216629028e-02 5.233115982264280319e-03 7.513977587223052979e-03 8.516959846019744873e-03 3.499536588788032532e-02 3.950992226600646973e-02 6.000939756631851196e-03 1.316151767969131470e-02 2.026985399425029755e-02 1.221783552318811417e-02 4.666690714657306671e-03 2.753091789782047272e-02 8.136909455060958862e-03 1.275043096393346786e-02 3.132134443148970604e-03 1.124890521168708801e-02 6.191605702042579651e-03 6.875291932374238968e-03 7.604759186506271362e-03 2.987248077988624573e-02 2.438316307961940765e-02 4.142561927437782288e-02 5.499143619090318680e-03 4.575529601424932480e-03 7.209242903627455235e-04 4.622396081686019897e-03 4.349438007920980453e-03 9.265026077628135681e-03 1.470006629824638367e-02 1.530337054282426834e-02 1.797570381313562393e-03 8.044281043112277985e-03 9.942199103534221649e-03 1.196439727209508419e-03 7.222103420644998550e-03 7.801706437021493912e-03 1.118715852499008179e-02 7.485270616598427296e-04
8.044387400150299072e-02 7.983016222715377808e-02 1.287405285984277725e-02 1.350446883589029312e-02 1.609218306839466095e-02 7.073717564344406128e-02 6.700094789266586304e-02 1.434676442295312881e-02 2.804447198286652565e-03 1.360473409295082092e-02 8.273371458053588867e-01 3.492701426148414612e-02 7.891350984573364258e-02 2.892830967903137207e-02 4.372023046016693115e-02 1.406881678849458694e-02 1.297680567950010300e-02 1.713543012738227844e-02 4.268472548574209213e-03 6.182155106216669083e-03 7.749926764518022537e-03 4.386261850595474243e-02 1.001622714102268219e-02 6.687989458441734314e-03 9.871975053101778030e-04 2.540555223822593689e-02 1.343528274446725845e-02 1.466699410229921341e-02 6.239505455596372485e-05 2.364027313888072968e-02 1.105003245174884796e-02 2.337140776216983795e-02 5.374505184590816498e-03 1.919200085103511810e-02 5.780241917818784714e-03 2.055015647783875465e-03 7.194694131612777710e-03 1.013641618192195892e-02 6.549643818289041519e-03 2.729407977312803268e-03 7.128917146474123001e-03 3.161675529554486275e-03 4.907347727566957474e-03 1.420750096440315247e-02 1.108421385288238525e-02 3.839959949254989624e-02 4.871104285120964050e-02 3.351964801549911499e-02 1.793437404558062553e-03 1.001978199928998947e-02 4.863407928496599197e-03 6.847256328910589218e-03 7.457484491169452667e-03 2.539876382797956467e-03 1.252530055353417993e-04 1.131591945886611938e-02 1.235033478587865829e-02 1.786068640649318695e-02 2.141563408076763153e-02 2.213300950825214386e-02 4.733227833639830351e-04 5.177881103008985519e-03 2.566965529695153236e-03 2.310500945895910263e-03 3.253780305385589600e-02 2.360801957547664642e-02 2.014082157984375954e-03 5.509809125214815140e-03 1.335781812667846680e-02 2.291295531904324889e-04 1.610405184328556061e-02 3.532739123329520226e-03 9.079487062990665436e-03 3.967250231653451920e-03 1.008109841495752335e-02 7.812764495611190796e-03 1.482946425676345825e-02 2.135512605309486389e-02 8.935855701565742493e-03 7.594293565489351749e-04 1.405592542141675949e-02 2.262136340141296387e-02 1.367514394223690033e-02 1.436479273252189159e-03 2.675455762073397636e-03 2.140824683010578156e-02 3.053571842610836029e-02 2.587019093334674835e-02 5.105401854962110519e-03 1.291351765394210815e-02 4.355038516223430634e-03 3.513472154736518860e-02 5.650054081343114376e-04 1.518423575907945633e-02 1.429168693721294403e-02 1.956660114228725433e-02 1.145880762487649918e-02 1.580006815493106842e-02 2.529178932309150696e-02 2.455791272222995758e-02 7.036095019429922104e-03 2.036934747593477368e-04 9.573097340762615204e-03 1.888606324791908264e-02 5.887759383767843246e-03 1.041562389582395554e-02 3.946023061871528625e-03 8.920005522668361664e-03 1.160466857254505157e-02 2.372255735099315643e-02 1.157928723841905594e-02 7.220726460218429565e-03 5.223006010055541992e-03 2.283363416790962219e-02 2.044437266886234283e-02 3.671041503548622131e-02
3.231241181492805481e-02 3.295835852622985840e-02 9.253103286027908325e-03 9.610126726329326630e-03 1.285662874579429626e-02 3.889383748173713684e-02 3.828387334942817688e-02 1.186741515994071960e-02 2.234037732705473900e-03 2.436594851315021515e-02 3.492701426148414612e-02 8.273371458053588867e-01 3.151066973805427551e-02 7.362070679664611816e-02 1.914176717400550842e-02 4.471756517887115479e-03 9.614998474717140198e-03 1.585559174418449402e-02 6.306096911430358887e-03 9.930294938385486603e-03 4.901837557554244995e-03 5.287749809212982655e-04 3.106291592121124268e-02 2.859378233551979065e-02 3.097178880125284195e-03 1.849983446300029755e-02 1.091537624597549438e-02 4.841162264347076416e-02 2.568693831562995911e-02 4.244013503193855286e-02 3.635574504733085632e-02 5.402454407885670662e-04 7.051029708236455917e-03 5.593204405158758163e-03 1.134677417576313019e-02 6.218666676431894302e-03 6.465474143624305725e-03 1.054569613188505173e-02 2.802881645038723946e-03 4.786860954482108355e-04 9.314456023275852203e-03 1.054246816784143448e-02 7.294089533388614655e-03 9.817853569984436035e-03 3.742226213216781616e-02 5.203565582633018494e-02 2.393096499145030975e-02 1.468357443809509277e-02 1.772580668330192566e-02 3.140403702855110168e-02 1.777233928442001343e-02 3.179292380809783936e-02 7.783554960042238235e-03 1.183099206537008286e-02 9.992559440433979034e-03 2.146516367793083191e-02 1.210233476012945175e-02 8.673805743455886841e-03 2.637482620775699615e-02 2.237995341420173645e-02 1.045462675392627716e-03 6.423526909202337265e-03 1.786985248327255249e-02 9.662322700023651123e-03 3.894057357683777809e-03 3.536570351570844650e-03 1.823095418512821198e-02 6.502943579107522964e-03 1.204032078385353088e-02 1.959265954792499542e-02 2.021425403654575348e-02 2.743969904258847237e-03 1.685741730034351349e-02 2.525230171158909798e-03 1.994121819734573364e-02 6.362546700984239578e-03 4.803597403224557638e-04 3.344484791159629822e-02 2.460157731547951698e-03 4.355097655206918716e-03 9.966868907213211060e-03 1.369739416986703873e-02 5.592420697212219238e-03 7.839477621018886566e-03 2.215788885951042175e-02 2.455652691423892975e-03 1.262939069420099258e-02 7.667539641261100769e-03 3.612202778458595276e-02 2.343302965164184570e-02 7.670398335903882980e-03 1.193072460591793060e-02 6.956753786653280258e-03 1.982145383954048157e-02 1.445912849158048630e-02 1.576862484216690063e-02 1.217945385724306107e-02 9.274583309888839722e-03 1.262714993208646774e-02 2.193585783243179321e-02 6.469948217272758484e-03 3.352124011144042015e-03 1.152989827096462250e-02 1.107077673077583313e-02 1.822971040382981300e-03 7.979551446624100208e-04 8.364427485503256321e-04 1.073343399912118912e-02 1.104080956429243088e-02 2.652022428810596466e-02 1.203624624758958817e-02 1.818577200174331665e-02 2.494237385690212250e-03 9.405004791915416718e-03 1.049199956469237804e-03 2.223905548453330994e-02
7.095471024513244629e-02 8.358793705701828003e-02 1.159642264246940613e-02 1.992045529186725616e-02 1.762150600552558899e-02 5.874989926815032959e-02 6.427990645170211792e-02 1.678800396621227264e-02 1.040557585656642914e-02 1.074068062007427216e-02 7.891350984573364258e-02 3.151066973805427551e-02 8.273371458053588867e-01 3.328478336334228516e-02 5.246469751000404358e-02 7.060036994516849518e-03 4.921741783618927002e-03 1.635217666625976562e-02 8.226396515965461731e-03 8.013885468244552612e-03 1.179016660898923874e-02 4.573459550738334656e-02 8.324087597429752350e-03 5.605087615549564362e-03 3.474015975371003151e-03 1.885515823960304260e-02 1.195473875850439072e-02 2.014129981398582458e-02 1.126627903431653976e-02 2.868681587278842926e-02 5.453940015286207199e-03 2.313462831079959869e-02 1.011774130165576935e-02 2.317279018461704254e-02 7.760038599371910095e-03 9.398041293025016785e-03 7.569492328912019730e-03 1.468811091035604477e-02 1.131028588861227036e-02 1.409702468663454056e-02 1.794539950788021088e-02 1.254794001579284668e-02 1.063045673072338104e-02 1.382497884333133698e-02 3.277669195085763931e-03 2.853233925998210907e-02 3.649438545107841492e-02 4.472136497497558594e-02 1.131508685648441315e-02 5.483349785208702087e-03 7.719247601926326752e-03 6.904189940541982651e-03 1.224310137331485748e-02 7.853831164538860321e-03 8.775647729635238647e-03 1.378830708563327789e-02 1.021366100758314133e-02 1.301730051636695862e-02 2.064162865281105042e-02 2.622880414128303528e-02 3.452056553214788437e-03 1.230998546816408634e-03 9.537620469927787781e-03 7.074382156133651733e-03 3.369426354765892029e-02 3.796168044209480286e-02 3.319390816614031792e-03 5.890583619475364685e-03 1.003295299597084522e-03 5.338286282494664192e-04 1.469199080020189285e-03 2.458411501720547676e-03 3.482985310256481171e-03 4.340250510722398758e-03 7.414457853883504868e-03 1.480853999964892864e-03 1.689738826826214790e-03 1.102432981133460999e-02 1.787048205733299255e-02 1.210449030622839928e-03 2.014791592955589294e-02 2.827927283942699432e-02 1.053696963936090469e-02 1.684830524027347565e-03 7.639347575604915619e-03 1.729590818285942078e-02 3.459211438894271851e-02 3.444925323128700256e-02 1.271070539951324463e-02 6.997232325375080109e-03 1.976541941985487938e-03 2.917898818850517273e-02 1.379395369440317154e-02 1.550508942455053329e-02 2.238536439836025238e-02 1.579635217785835266e-02 5.379216745495796204e-03 1.212148740887641907e-02 1.633380353450775146e-02 1.993309892714023590e-02 6.843036971986293793e-03 1.481998711824417114e-03 1.102957502007484436e-02 1.741054281592369080e-02 7.122016046196222305e-03 1.187496073544025421e-02 9.685289114713668823e-03 5.587007384747266769e-03 3.929273691028356552e-03 1.750939153134822845e-02 1.949529536068439484e-02 1.082758791744709015e-02 1.905914396047592163e-02 6.154499715194106102e-04 2.143395878374576569e-02 3.672889247536659241e-02
