8.351396322250366211e-01 6.252867728471755981e-02 2.093266812153160572e-04 1.797956996597349644e-03 7.754551246762275696e-03 7.451231032609939575e-02 5.469783768057823181e-02 6.764905527234077454e-03 2.631009183824062347e-02 2.112651057541370392e-02 7.350647449493408203e-02 2.410211041569709778e-02 5.883708968758583069e-02 1.991335861384868622e-02 1.618040353059768677e-02 1.529944036155939102e-02 1.394176762551069260e-02 8.757959119975566864e-03 7.353520486503839493e-03 2.030194364488124847e-02 1.082969363778829575e-03 2.444496192038059235e-02 1.770212501287460327e-02 1.993366144597530365e-02 1.748122647404670715e-02 5.055990070104598999e-03 6.561179645359516144e-03 1.982714794576168060e-02 2.695566229522228241e-02 3.377388929948210716e-03 1.275136414915323257e-02 1.765733584761619568e-02 1.358583848923444748e-02 1.379843708127737045e-02 1.415880303829908371e-02 1.852977089583873749e-02 1.566102355718612671e-02 1.639546826481819153e-02 2.511182101443409920e-03 1.219353452324867249e-02 6.366624962538480759e-03 1.561667956411838531e-02 9.820907376706600189e-03 1.519148796796798706e-02 3.176479786634445190e-02 4.923857748508453369e-03 3.055909276008605957e-02 5.723305512219667435e-03 1.264279428869485855e-02 3.149082884192466736e-02 7.233153446577489376e-04 3.068766556680202484e-03 2.567996270954608917e-02 1.388525590300559998e-02 1.262389775365591049e-02 9.736360050737857819e-03 1.329142227768898010e-02 9.163727052509784698e-03 1.791682094335556030e-02 2.592214010655879974e-02 9.451861260458827019e-04 1.701148925349116325e-03 3.061010735109448433e-03 6.976099684834480286e-03 2.613621763885021210e-02 4.075875505805015564e-02 2.005444094538688660e-02 9.655171073973178864e-03 2.123819105327129364e-02 1.285874564200639725e-02 1.720613986253738403e-02 2.413626201450824738e-02 5.488967988640069962e-03 3.653821768239140511e-03 5.229202099144458771e-03 3.093294799327850342e-03 3.153492137789726257e-02 2.011002413928508759e-02 3.430926799774169922e-02 1.856045797467231750e-02 1.225728541612625122e-03 9.873834438621997833e-03 2.303654793649911880e-03 7.155538070946931839e-03 1.171701867133378983e-02 4.264394810888916254e-04 5.477245897054672241e-03 2.096663042902946472e-02 2.664534561336040497e-02 1.061239931732416153e-02 2.999288775026798248e-02 1.313380524516105652e-02 8.554412983357906342e-03 8.524185977876186371e-03 1.470032054930925369e-02 6.396167911589145660e-03 3.738650353625416756e-03 8.409070782363414764e-03 1.698533445596694946e-02 1.728724129498004913e-02 6.303310394287109375e-03 7.262077182531356812e-03 6.048756404197774827e-05 4.337721504271030426e-03 1.589350588619709015e-02 2.930261008441448212e-02 1.147534977644681931e-02 5.702986847609281540e-03 1.919916272163391113e-02 5.203657317906618118e-03 2.113742753863334656e-03 8.406396373175084591e-04 1.903969980776309967e-02 3.928618039935827255e-03 1.885207602754235268e-03 8.643566630780696869e-03
6.252867728471755981e-02 8.351396322250366211e-01 2.767260652035474777e-03 1.188606210052967072e-02 1.673284359276294708e-02 6.000955775380134583e-02 6.158194318413734436e-02 1.759508065879344940e-02 2.383634448051452637e-02 8.621288463473320007e-03 4.291720688343048096e-02 2.299299277365207672e-02 6.505087018013000488e-02 3.212723135948181152e-02 2.294627390801906586e-02 5.097697139717638493e-04 4.446317441761493683e-03 2.753462642431259155e-02 2.222039736807346344e-02 4.449242260307073593e-03 8.072491735219955444e-03 2.937624976038932800e-02 3.235423471778631210e-03 9.191808640025556087e-04 3.098799847066402435e-03 2.343539148569107056e-02 1.846317388117313385e-02 1.148757245391607285e-02 1.890276931226253510e-02 7.366428617388010025e-03 2.547399327158927917e-02 6.173975300043821335e-03 8.040952496230602264e-03 1.135673467069864273e-02 2.309956029057502747e-02 7.352280430495738983e-03 9.997929446399211884e-03 8.740992285311222076e-03 1.338583417236804962e-02 1.214528549462556839e-02 6.498893722891807556e-03 5.324385128915309906e-03 3.416863270103931427e-03 2.646502340212464333e-03 4.092715680599212646e-02 3.545235469937324524e-02 3.797234967350959778e-02 3.792296350002288818e-02 7.521343883126974106e-03 1.235071476548910141e-02 2.039978839457035065e-02 9.898205287754535675e-03 3.695094957947731018e-03 1.595019549131393433e-02 2.930301008746027946e-03 6.841149646788835526e-03 1.711902581155300140e-02 2.642283961176872253e-02 1.020496990531682968e-02 1.377568114548921585e-02 4.517325665801763535e-03 4.648094996809959412e-03 2.289448020746931434e-04 3.239093814045190811e-03 2.458245493471622467e-02 3.201780840754508972e-02 2.802553819492459297e-03 2.715232549235224724e-03 1.280929613858461380e-02 8.176501432899385691e-05 2.791142463684082031e-02 5.136488936841487885e-03 9.131434489972889423e-04 2.342206658795475960e-03 9.886075742542743683e-03 1.155645679682493210e-02 2.880689874291419983e-02 2.122053690254688263e-02 1.814615353941917419e-02 2.486370503902435303e-02 6.978675723075866699e-03 2.180277369916439056e-02 1.901388540863990784e-02 3.382472693920135498e-02 1.755546778440475464e-02 2.772377803921699524e-03 6.601091474294662476e-03 2.338312380015850067e-02 1.313662063330411911e-02 1.995060034096240997e-02 2.639140561223030090e-02 2.852641977369785309e-02 2.242941781878471375e-02 2.036616019904613495e-02 8.213020861148834229e-03 1.509285811334848404e-02 6.369531154632568359e-03 2.262063557282090187e-03 2.450370462611317635e-03 4.495367407798767090e-03 2.102015167474746704e-02 1.071885414421558380e-02 3.099947934970259666e-03 8.756597526371479034e-03 1.074741501361131668e-02 1.652393303811550140e-02 2.112105116248130798e-02 1.505017094314098358e-02 1.826089434325695038e-02 2.154343947768211365e-02 4.052222706377506256e-03 1.766176079399883747e-03 1.374503248371183872e-03 7.553676143288612366e-03 4.472778178751468658e-03 4.023757297545671463e-03
2.093266812153160572e-04 2.767260652035474777e-03 8.351396322250366211e-01 3.468540729954838753e-03 2.020207606256008148e-02 5.919075571000576019e-03 1.090963743627071381e-02 7.221532613039016724e-02 1.342085469514131546e-02 6.367998197674751282e-03 1.011929288506507874e-02 1.247041951864957809e-02 2.085729315876960754e-02 8.827468380331993103e-03 4.041687026619911194e-02 1.592527702450752258e-02 1.416537631303071976e-02 8.915071375668048859e-03 8.065348491072654724e-03 5.589321255683898926e-03 5.694746505469083786e-03 2.831469476222991943e-02 7.337592076510190964e-03 1.073827873915433884e-02 7.759456057101488113e-03 5.077826790511608124e-03 2.703537419438362122e-02 7.194909267127513885e-03 1.141906157135963440e-02 1.218631980009377003e-03 1.860040472820401192e-03 1.075273659080266953e-02 2.739734016358852386e-02 6.972968578338623047e-03 6.521142087876796722e-03 1.591188274323940277e-02 3.064108826220035553e-02 2.904746867716312408e-02 1.174963451921939850e-02 2.114692470058798790e-03 4.011269658803939819e-02 4.624926485121250153e-03 7.863372564315795898e-03 3.933247178792953491e-02 8.668966591358184814e-03 4.464806523174047470e-03 9.689420461654663086e-03 7.860853336751461029e-03 3.395498788449913263e-04 8.058683015406131744e-03 6.013024598360061646e-03 2.124629449099302292e-03 1.715109311044216156e-02 1.343605015426874161e-02 1.147398538887500763e-02 2.064107358455657959e-02 1.430055685341358185e-02 5.656840745359659195e-03 2.372448332607746124e-02 1.206689979881048203e-02 9.699117392301559448e-03 1.100150286220014095e-03 2.222658321261405945e-02 2.838002750650048256e-03 2.732944115996360779e-02 2.011435106396675110e-03 2.714044181630015373e-03 3.079552203416824341e-03 1.087936200201511383e-02 2.508443221449851990e-02 1.359460176900029182e-03 1.233291998505592346e-02 1.322887465357780457e-02 1.650229841470718384e-02 3.030269593000411987e-02 7.848602719604969025e-03 2.822814974933862686e-03 9.839676320552825928e-03 1.091470848768949509e-02 6.105665670474991202e-05 6.121213361620903015e-02 3.149185702204704285e-02 2.808505482971668243e-02 6.120685022324323654e-03 3.934254404157400131e-03 6.974312942475080490e-03 5.426755547523498535e-02 4.199591651558876038e-02 1.376956980675458908e-02 3.468406153842806816e-03 6.233030930161476135e-03 3.311365842819213867e-02 8.315696381032466888e-03 2.305793948471546173e-02 3.052721149288117886e-04 1.557658519595861435e-02 9.948129765689373016e-03 1.809643022716045380e-02 1.677082292735576630e-02 1.266943570226430893e-02 1.873561926186084747e-02 1.858972199261188507e-02 1.969857700169086456e-02 1.065462455153465271e-02 1.258337497711181641e-02 9.920145384967327118e-03 1.319623738527297974e-02 1.456560846418142319e-02 2.447730116546154022e-02 8.391439914703369141e-03 2.123843319714069366e-02 6.613092962652444839e-03 4.168216139078140259e-03 2.893200377002358437e-03 4.411608446389436722e-03 1.494782604277133942e-02
1.797956996597349644e-03 1.188606210052967072e-02 3.468540729954838753e-03 8.351396322250366211e-01 7.331863045692443848e-02 3.323032986372709274e-03 5.433573387563228607e-03 1.004036609083414078e-02 2.162452973425388336e-02 1.417565159499645233e-02 2.616374008357524872e-02 1.521171187050640583e-03 1.011299528181552887e-02 1.436647586524486542e-02 7.552784401923418045e-03 2.306559309363365173e-02 1.868031173944473267e-02 2.780251577496528625e-02 2.265715412795543671e-02 1.730223372578620911e-02 3.471393883228302002e-02 4.177680704742670059e-03 2.147175371646881104e-02 2.912562713027000427e-02 8.464849554002285004e-03 3.593726828694343567e-02 5.411637248471379280e-04 1.260696072131395340e-02 1.135374978184700012e-02 6.478216499090194702e-03 7.719954475760459900e-03 2.365868352353572845e-02 1.573492772877216339e-02 2.786962687969207764e-02 3.274006303399801254e-03 2.763341926038265228e-02 1.793303526937961578e-02 4.783700685948133469e-03 4.559892416000366211e-02 4.960625246167182922e-02 1.630683988332748413e-02 4.310121294111013412e-03 3.179260995239019394e-03 1.131193432956933975e-02 1.214222330600023270e-02 9.703174233436584473e-03 3.182964771986007690e-02 3.634282620623707771e-03 2.193608507513999939e-02 2.731969021260738373e-02 1.008751243352890015e-02 1.900650747120380402e-02 2.461699023842811584e-02 1.404038257896900177e-02 7.602380122989416122e-03 6.467667408287525177e-04 2.291913516819477081e-02 2.085226401686668396e-02 1.995401270687580109e-02 1.128979306668043137e-02 3.826553374528884888e-02 4.030039906501770020e-02 1.967474445700645447e-02 1.714838482439517975e-02 6.905441172420978546e-03 2.519274689257144928e-02 5.301145836710929871e-03 3.546728938817977905e-02 5.107882898300886154e-03 4.532972816377878189e-03 2.460035122931003571e-02 7.194072008132934570e-03 5.970808118581771851e-02 1.432715507689863443e-04 3.072365932166576385e-02 3.458491759374737740e-03 4.072290845215320587e-03 2.945474814623594284e-03 1.415589917451143265e-02 2.323831990361213684e-02 4.741659504361450672e-04 9.108300320804119110e-03 1.794794388115406036e-02 2.343906089663505554e-02 7.735418155789375305e-03 3.996151685714721680e-02 1.321532996371388435e-03 5.356837064027786255e-04 2.909594681113958359e-03 1.366962585598230362e-02 2.316447347402572632e-02 1.370870159007608891e-03 7.802996318787336349e-03 7.001085905358195305e-04 5.969556514173746109e-03 1.504198554903268814e-02 2.601482206955552101e-03 9.613750502467155457e-03 1.825669035315513611e-02 2.379579097032546997e-02 2.416736446321010590e-02 3.504791855812072754e-02 5.407230462878942490e-03 6.787568330764770508e-03 6.966087035834789276e-03 2.299427054822444916e-03 2.507794275879859924e-02 2.007205411791801453e-02 2.688068151473999023e-02 1.358033157885074615e-03 1.411471422761678696e-02 2.540433406829833984e-02 5.642619449645280838e-03 2.144254185259342194e-02 8.620794862508773804e-03 2.483910135924816132e-02
7.754551246762275696e-03 1.673284359276294708e-02 2.020207606256008148e-02 7.331863045692443848e-02 8.351396322250366211e-01 4.811538849025964737e-03 9.028859203681349754e-04 1.863172464072704315e-02 5.110723432153463364e-03 1.282242033630609512e-02 1.331457635387778282e-03 4.548155702650547028e-03 1.125048100948333740e-02 1.082856487482786179e-02 2.521530492231249809e-03 1.535847783088684082e-02 1.372346282005310059e-02 2.514478377997875214e-02 2.507090196013450623e-02 1.929305307567119598e-02 2.357160858809947968e-02 1.849715714342892170e-03 2.133911103010177612e-02 2.559734135866165161e-02 1.141526736319065094e-02 2.007145434617996216e-02 3.108492121100425720e-03 2.360277809202671051e-02 1.204582210630178452e-02 8.378174155950546265e-03 4.631164018064737320e-03 2.086364291608333588e-02 1.233302056789398193e-03 2.856864035129547119e-02 6.905978545546531677e-03 3.362103924155235291e-02 2.988909371197223663e-02 3.978693566750735044e-04 5.006040632724761963e-02 6.307421624660491943e-02 5.495332879945635796e-04 1.081081223674118519e-03 1.295778062194585800e-02 5.226378329098224640e-03 1.860236190259456635e-02 1.165731158107519150e-02 2.066733874380588531e-02 1.604553125798702240e-02 2.262285538017749786e-02 3.061844967305660248e-02 1.234775129705667496e-02 1.689962483942508698e-02 2.888587070629000664e-03 8.012254722416400909e-03 1.060204766690731049e-02 7.072212174534797668e-03 2.136806771159172058e-02 1.946147345006465912e-02 6.145642139017581940e-03 2.036715392023324966e-03 2.652298659086227417e-02 3.336010873317718506e-02 2.531363861635327339e-03 1.243765000253915787e-03 3.113581798970699310e-03 9.873138740658760071e-03 1.189554110169410706e-02 3.567577153444290161e-02 2.621332416310906410e-03 7.575286086648702621e-03 2.085841633379459381e-02 1.204706169664859772e-02 5.176762118935585022e-02 6.920098094269633293e-04 4.858820140361785889e-02 6.261465023271739483e-04 1.597822643816471100e-03 3.053397638723254204e-03 1.454128976911306381e-02 1.175538543611764908e-02 1.458813901990652084e-03 4.402436781674623489e-03 6.305128335952758789e-03 4.462385550141334534e-02 1.648443751037120819e-02 3.033485822379589081e-02 8.242271840572357178e-03 4.015748854726552963e-03 1.371472235769033432e-02 9.809728711843490601e-03 1.340109016746282578e-02 4.775770939886569977e-04 1.776828616857528687e-02 1.742868684232234955e-03 3.339556744322180748e-03 8.646118803881108761e-04 6.446147803217172623e-03 8.197391405701637268e-03 1.082447823137044907e-02 1.754265278577804565e-02 1.599784381687641144e-02 3.171538934111595154e-02 5.622575059533119202e-03 1.149346004240214825e-03 2.595693618059158325e-02 1.542886067181825638e-02 3.874775767326354980e-02 1.122593320906162262e-02 3.358436375856399536e-02 8.713140152394771576e-03 9.526677429676055908e-03 2.145592868328094482e-02 3.486674511805176735e-03 2.283182740211486816e-02 9.889627806842327118e-03 1.814048364758491516e-02
7.451231032609939575e-02 6.000955775380134583e-02 5.919075571000576019e-03 3.323032986372709274e-03 4.811538849025964737e-03 8.351396322250366211e-01 6.551109999418258667e-02 9.564859792590141296e-03 2.945129014551639557e-02 2.520771138370037079e-02 6.179989501833915710e-02 3.915068134665489197e-02 6.252422183752059937e-02 3.135752677917480469e-02 1.659669913351535797e-02 5.255681928247213364e-03 5.306623410433530807e-03 1.121816411614418030e-02 1.708463951945304871e-02 1.805796101689338684e-02 1.007670350372791290e-02 2.660109288990497589e-02 1.540466211736202240e-02 1.523404847830533981e-02 1.093129534274339676e-02 1.235046656802296638e-03 1.566338911652565002e-02 3.038625046610832214e-02 3.474468365311622620e-02 1.285888813436031342e-02 2.660769037902355194e-02 1.130626536905765533e-02 2.922924002632498741e-03 4.896188620477914810e-03 3.594579873606562614e-03 1.111426274292171001e-03 1.094154454767704010e-02 4.177242517471313477e-03 3.278195858001708984e-03 1.440566312521696091e-02 5.843016318976879120e-03 6.795025896281003952e-03 5.577779840677976608e-03 1.047695707529783249e-02 4.030439257621765137e-02 1.469558011740446091e-02 5.045136064291000366e-02 1.601402834057807922e-02 5.421541864052414894e-04 6.535163149237632751e-03 1.363998162560164928e-03 6.748517975211143494e-03 9.115152060985565186e-03 7.892360910773277283e-03 1.174048800021409988e-02 9.874789975583553314e-03 5.038047209382057190e-03 1.225818134844303131e-02 1.719821244478225708e-02 2.437274716794490814e-02 4.559936001896858215e-03 1.521554868668317795e-02 6.351545453071594238e-04 3.907938487827777863e-03 2.740058302879333496e-02 3.763918951153755188e-02 1.479904353618621826e-02 8.664574706926941872e-04 1.868958398699760437e-02 5.681257229298353195e-03 2.540139108896255493e-02 9.427928365767002106e-03 9.555840515531599522e-04 4.143656231462955475e-03 9.023961611092090607e-03 8.898272179067134857e-03 3.466195240616798401e-02 2.732376195490360260e-02 3.147947043180465698e-02 1.843563280999660492e-02 1.385233364999294281e-03 1.254892256110906601e-02 1.741706766188144684e-02 7.324745878577232361e-03 7.619046140462160110e-03 1.287644961848855019e-03 9.739098139107227325e-03 2.027972228825092316e-02 3.191978111863136292e-02 2.798421494662761688e-02 4.137779399752616882e-02 1.356087625026702881e-02 1.255160942673683167e-02 1.092671975493431091e-02 2.274830453097820282e-02 1.523975003510713577e-02 3.150577889755368233e-03 7.290630601346492767e-03 8.998027071356773376e-03 7.697282359004020691e-03 6.351160816848278046e-03 4.439153242856264114e-03 7.135982625186443329e-03 7.257828488945960999e-03 4.550044890493154526e-03 4.407109227031469345e-03 5.236080382019281387e-03 1.510097458958625793e-02 2.507891273126006126e-03 4.795181564986705780e-03 1.353008439764380455e-03 2.124871680280193686e-04 1.503593381494283676e-02 2.723766956478357315e-03 1.610915921628475189e-02 5.115756765007972717e-03
5.469783768057823181e-02 6.158194318413734436e-02 1.090963743627071381e-02 5.433573387563228607e-03 9.028859203681349754e-04 6.551109999418258667e-02 8.351396322250366211e-01 1.331829465925693512e-02 2.705010958015918732e-02 3.365301713347434998e-02 4.053190723061561584e-02 2.665374986827373505e-02 4.363797977566719055e-02 3.189799562096595764e-02 1.509530656039714813e-02 1.353434752672910690e-02 1.681135408580303192e-02 1.316647324711084366e-02 2.741005457937717438e-02 7.745760958641767502e-03 4.051362921018153429e-04 2.559005282819271088e-02 6.575104780495166779e-03 1.158964727073907852e-02 3.329510218463838100e-04 1.454270165413618088e-02 2.673604525625705719e-02 1.621190272271633148e-02 2.496895566582679749e-02 6.185570266097784042e-03 2.338951453566551208e-02 2.575586317107081413e-03 6.802728166803717613e-04 5.416299216449260712e-03 1.082516319002024829e-04 3.871796652674674988e-03 1.049533858895301819e-02 7.547962944954633713e-03 1.040400471538305283e-02 2.156623406335711479e-03 5.167922936379909515e-03 1.251800637692213058e-02 9.582743979990482330e-03 1.698703505098819733e-03 4.302063211798667908e-02 3.267558291554450989e-02 3.637970983982086182e-02 4.553769901394844055e-02 1.362890237942337990e-03 9.597391821444034576e-03 1.136578526347875595e-02 4.682570230215787888e-03 8.925625123083591461e-03 1.297591347247362137e-02 7.957520894706249237e-03 4.358101170510053635e-03 9.901595301926136017e-03 7.712887134402990341e-03 1.153873745352029800e-02 2.665865421295166016e-02 1.071307901293039322e-02 1.934619038365781307e-03 6.876755505800247192e-03 2.299119252711534500e-03 1.953555084764957428e-02 2.425042353570461273e-02 8.916757651604712009e-04 8.794490247964859009e-03 1.874448172748088837e-02 1.450511440634727478e-02 3.287589922547340393e-02 6.434982642531394958e-03 1.955705229192972183e-03 2.282466739416122437e-02 1.832224801182746887e-02 2.739758230745792389e-02 3.892172873020172119e-02 3.409320488572120667e-02 3.181862831115722656e-02 3.807733207941055298e-02 5.840712692588567734e-03 1.792231388390064240e-02 1.302333362400531769e-02 1.641939207911491394e-02 7.535996381193399429e-03 2.072217641398310661e-03 3.852884401567280293e-04 2.407335676252841949e-02 2.812430076301097870e-02 2.748835645616054535e-02 2.649479918181896210e-02 2.022727765142917633e-02 2.348457463085651398e-02 2.175991237163543701e-02 4.049547482281923294e-03 7.966645993292331696e-03 2.096053957939147949e-02 1.149059738963842392e-02 5.424732342362403870e-03 2.673567971214652061e-03 8.383042295463383198e-04 1.050459779798984528e-02 2.142579993233084679e-03 7.398450281471014023e-03 3.134107217192649841e-03 3.640558570623397827e-03 1.198072358965873718e-02 1.263869181275367737e-02 8.147646673023700714e-03 2.263133227825164795e-02 6.638537626713514328e-03 1.348367193713784218e-03 1.010570582002401352e-02 4.942226689308881760e-03 2.943004074040800333e-04 5.698594031855463982e-04
6.764905527234077454e-03 1.759508065879344940e-02 7.221532613039016724e-02 1.004036609083414078e-02 1.863172464072704315e-02 9.564859792590141296e-03 1.331829465925693512e-02 8.351396322250366211e-01 6.389534100890159607e-03 1.357834134250879288e-02 9.957735426723957062e-03 5.952166393399238586e-03 2.820036560297012329e-02 1.517706923186779022e-02 5.983852967619895935e-02 8.702958584763109684e-04 2.423426776658743620e-04 4.778724629431962967e-03 1.817467249929904938e-02 1.297475025057792664e-02 1.663364656269550323e-02 4.342252016067504883e-02 8.649437688291072845e-03 1.017201971262693405e-02 1.237977389246225357e-02 2.119814045727252960e-02 2.925182506442070007e-02 1.462146174162626266e-02 8.293791674077510834e-03 1.837151497602462769e-02 4.783099982887506485e-03 1.198221743106842041e-02 2.684946358203887939e-02 2.024385519325733185e-02 5.612893961369991302e-03 2.971990779042243958e-02 4.993636906147003174e-02 2.206143364310264587e-02 2.631158800795674324e-03 1.578715746290981770e-03 3.106574527919292450e-02 5.625587422400712967e-03 2.195410430431365967e-03 3.071124851703643799e-02 1.279961876571178436e-02 2.457667142152786255e-02 1.860454864799976349e-02 2.281014807522296906e-02 1.677267439663410187e-02 2.513865940272808075e-03 1.036122441291809082e-03 5.281692370772361755e-03 1.265903655439615250e-02 2.378711663186550140e-02 3.572253277525305748e-03 5.100532434880733490e-03 1.030620373785495758e-02 1.596812158823013306e-02 1.830396987497806549e-02 9.789794683456420898e-03 5.302132572978734970e-03 1.036062953062355518e-03 2.771206945180892944e-02 1.710467413067817688e-02 3.379114717245101929e-02 1.315876725129783154e-03 1.068472210317850113e-02 6.410203874111175537e-03 2.417277079075574875e-03 2.693673968315124512e-02 1.720497198402881622e-02 1.669971086084842682e-02 9.178233332931995392e-03 1.812773942947387695e-02 1.500432845205068588e-02 1.747084036469459534e-02 1.442418899387121201e-02 1.654503867030143738e-02 1.260683406144380569e-02 2.514218166470527649e-02 7.032745331525802612e-02 3.698093071579933167e-02 1.251096930354833603e-02 1.416397560387849808e-02 2.063268097117543221e-03 5.016697570681571960e-03 6.505511701107025146e-02 5.284180492162704468e-02 1.231569331139326096e-03 1.031746249645948410e-02 1.161037757992744446e-02 3.596163541078567505e-02 8.982145227491855621e-03 3.219065070152282715e-02 2.010430395603179932e-02 1.180560886859893799e-02 1.410889346152544022e-02 1.499187201261520386e-02 1.655048574320971966e-03 2.550498815253376961e-03 2.130990149453282356e-03 2.805263793561607599e-04 9.406178258359432220e-03 1.099373586475849152e-02 1.004270557314157486e-02 1.624328782781958580e-03 3.826291067525744438e-03 2.729803510010242462e-02 1.072774361819028854e-02 1.130176056176424026e-02 1.592987775802612305e-02 7.679521571844816208e-03 7.390299346297979355e-03 7.699348032474517822e-03 6.727898959070444107e-03 8.051937445998191833e-03
2.631009183824062347e-02 2.383634448051452637e-02 1.342085469514131546e-02 2.162452973425388336e-02 5.110723432153463364e-03 2.945129014551639557e-02 2.705010958015918732e-02 6.389534100890159607e-03 8.351396322250366211e-01 5.174511298537254333e-02 1.361770182847976685e-02 2.972705475986003876e-02 1.761753298342227936e-02 2.295727841556072235e-02 1.329975388944149017e-02 2.786041609942913055e-02 2.221809886395931244e-02 4.442079458385705948e-03 3.884170902892947197e-03 9.245172142982482910e-03 6.120686419308185577e-03 1.285405550152063370e-02 2.787413820624351501e-02 2.733797766268253326e-02 3.951159305870532990e-03 1.952446438372135162e-02 4.863860085606575012e-03 2.153082750737667084e-02 1.441536284983158112e-02 3.290283493697643280e-03 4.885967820882797241e-03 1.878410577774047852e-02 1.704482361674308777e-02 1.283191144466400146e-02 1.685133436694741249e-03 6.261715199798345566e-03 2.379168197512626648e-02 1.647545769810676575e-02 1.200741808861494064e-02 2.125599980354309082e-02 1.931094378232955933e-02 3.877129405736923218e-02 4.805523203685879707e-04 8.399963378906250000e-03 3.814152628183364868e-02 2.200307883322238922e-02 1.069727353751659393e-02 6.330327596515417099e-03 3.603604435920715332e-02 2.134798839688301086e-02 8.876156061887741089e-03 1.229066774249076843e-02 1.521979458630084991e-02 3.824432613328099251e-03 4.825320839881896973e-02 1.382869947701692581e-02 1.653352193534374237e-02 8.244275115430355072e-03 1.133477687835693359e-02 1.297730341320857406e-04 4.295072518289089203e-03 1.072691567242145538e-02 1.813783310353755951e-02 1.356619875878095627e-02 1.272421330213546753e-02 1.087200827896595001e-02 1.923983567394316196e-03 1.413444336503744125e-02 4.209396615624427795e-02 2.938860282301902771e-02 3.103827498853206635e-02 8.478336036205291748e-03 2.259639650583267212e-02 1.853853091597557068e-02 4.537735600024461746e-03 7.937134359963238239e-04 7.025121897459030151e-02 3.556637093424797058e-02 4.356596618890762329e-02 2.763166278600692749e-02 1.845231838524341583e-02 2.485397271811962128e-02 7.866604253649711609e-03 1.709731412120163441e-03 1.739569567143917084e-02 2.042256481945514679e-02 1.336524449288845062e-02 1.259894482791423798e-02 3.356575220823287964e-02 4.761864896863698959e-03 6.035446655005216599e-03 1.158870800281874835e-04 6.541279144585132599e-03 1.496506738476455212e-03 9.149644523859024048e-03 3.043600125238299370e-03 2.588824369013309479e-03 9.947877377271652222e-03 4.922808706760406494e-02 3.416742011904716492e-02 1.528474967926740646e-03 2.633911208249628544e-04 1.131505519151687622e-02 3.464998444542288780e-03 1.286501064896583557e-02 5.998832639306783676e-03 2.028870396316051483e-03 1.147071644663810730e-02 1.209894660860300064e-02 7.625847589224576950e-03 1.032897271215915680e-02 5.191375501453876495e-03 1.054895017296075821e-02 7.709735073149204254e-03 1.638210378587245941e-03 2.633523382246494293e-02
2.112651057541370392e-02 8.621288463473320007e-03 6.367998197674751282e-03 1.417565159499645233e-02 1.282242033630609512e-02 2.520771138370037079e-02 3.365301713347434998e-02 1.357834134250879288e-02 5.174511298537254333e-02 8.351396322250366211e-01 1.090395636856555939e-02 2.360188215970993042e-02 9.982049465179443359e-03 2.472145110368728638e-02 1.330221910029649734e-02 2.205003611743450165e-02 2.863175235688686371e-02 3.386203898116946220e-03 2.554398775100708008e-02 1.445684023201465607e-02 5.882640834897756577e-03 1.619510538876056671e-02 3.690696135163307190e-02 3.891439363360404968e-02 1.135626342147588730e-02 5.784463603049516678e-03 7.516019046306610107e-03 2.601986378431320190e-02 2.640123851597309113e-02 1.793800666928291321e-02 2.029159665107727051e-02 1.102399732917547226e-02 1.896082423627376556e-02 2.175924740731716156e-02 2.857176586985588074e-03 2.180585637688636780e-03 1.602992601692676544e-02 4.460303112864494324e-03 2.609967812895774841e-02 1.803824864327907562e-02 5.562101723626255989e-04 1.122673228383064270e-02 2.504065819084644318e-02 9.379435796290636063e-04 1.536714751273393631e-02 1.223846431821584702e-02 1.049350947141647339e-03 6.913907360285520554e-03 5.910791922360658646e-03 2.428920939564704895e-02 1.874923892319202423e-02 2.100479789078235626e-02 5.161671433597803116e-03 1.870936341583728790e-02 1.311443187296390533e-02 3.386480361223220825e-02 1.505706273019313812e-02 7.386055774986743927e-03 1.253380032721906900e-04 3.114617243409156799e-02 2.514904364943504333e-02 1.308558974415063858e-02 1.167089212685823441e-02 9.707886725664138794e-03 5.449518561363220215e-03 5.708166863769292831e-03 1.874246075749397278e-02 1.930879987776279449e-02 2.779658325016498566e-02 1.233907788991928101e-02 4.379188269376754761e-02 4.216152243316173553e-03 8.757801726460456848e-03 2.215310931205749512e-02 1.096280943602323532e-02 1.193202566355466843e-02 4.629753530025482178e-02 6.044771522283554077e-02 3.264593705534934998e-02 4.987917840480804443e-02 6.046097405487671494e-05 1.276779919862747192e-02 2.459911163896322250e-03 7.196629419922828674e-03 2.300452440977096558e-02 2.319876290857791901e-02 3.576082875952124596e-03 8.254630491137504578e-03 2.682608366012573242e-02 3.451171889901161194e-02 9.149139747023582458e-03 1.506216637790203094e-02 8.809261023998260498e-03 7.921925745904445648e-03 4.839353729039430618e-03 7.369309198111295700e-03 1.960434578359127045e-02 1.328318007290363312e-02 2.005464024841785431e-02 2.688907645642757416e-02 4.311094526201486588e-03 6.267388816922903061e-03 1.237476826645433903e-03 1.149865239858627319e-02 4.107026848942041397e-03 1.926291361451148987e-02 7.616595830768346786e-03 1.550821703858673573e-03 1.971686817705631256e-02 1.532676536589860916e-02 1.252040453255176544e-02 8.699291385710239410e-03 2.578995749354362488e-02 1.671535335481166840e-02 8.385840803384780884e-03 1.796342432498931885e-02
7.350647449493408203e-02 4.291720688343048096e-02 1.011929288506507874e-02 2.616374008357524872e-02 1.331457635387778282e-03 6.179989501833915710e-02 4.053190723061561584e-02 9.957735426723957062e-03 1.361770182847976685e-02 1.090395636856555939e-02 8.351396322250366211e-01 1.686842739582061768e-02 6.227270886301994324e-02 1.079703960567712784e-02 2.390819787979125977e-02 3.400134621188044548e-03 3.173754317685961723e-03 1.834655739367008209e-02 9.647604078054428101e-03 1.392688509076833725e-02 1.558572426438331604e-02 3.515393286943435669e-02 1.222560182213783264e-02 9.175666607916355133e-03 1.367430016398429871e-02 6.272409576922655106e-03 1.899327524006366730e-02 1.859192736446857452e-02 3.954622894525527954e-02 5.014817230403423309e-03 2.438245713710784912e-02 1.246038172394037247e-02 1.711886934936046600e-02 3.114570397883653641e-03 6.891264114528894424e-03 4.772319924086332321e-03 1.016698125749826431e-02 9.451610967516899109e-03 4.075061064213514328e-03 8.224480785429477692e-03 5.511877825483679771e-04 4.398740362375974655e-03 1.929655671119689941e-02 2.402769774198532104e-02 1.947822421789169312e-02 1.683729887008666992e-02 4.178834334015846252e-02 3.224885556846857071e-03 4.361857194453477859e-03 8.112659677863121033e-03 1.082138251513242722e-02 5.373743362724781036e-03 3.249031305313110352e-02 6.044111796654760838e-04 2.002215757966041565e-02 1.201409846544265747e-02 2.687872573733329773e-02 2.140362514182925224e-03 1.933347061276435852e-02 1.356974057853221893e-02 2.034226432442665100e-02 1.660668291151523590e-02 5.455095786601305008e-03 5.668092519044876099e-03 4.374204576015472412e-02 3.460609540343284607e-02 1.593166030943393707e-02 8.072530850768089294e-03 2.637378126382827759e-02 4.378492012619972229e-03 2.817975170910358429e-02 5.917871370911598206e-03 1.450334396213293076e-02 7.111981511116027832e-03 1.212788652628660202e-02 1.206082291901111603e-02 3.127668797969818115e-02 1.307740714401006699e-02 1.823084056377410889e-02 1.402325229719281197e-03 2.005982445552945137e-03 6.096973083913326263e-03 1.386434491723775864e-02 5.586776882410049438e-03 7.404003757983446121e-03 2.737973071634769440e-02 1.842265017330646515e-02 1.425294671207666397e-02 2.997844666242599487e-02 1.585963740944862366e-02 4.337316751480102539e-02 2.173108607530593872e-02 1.547191524878144264e-03 1.570045202970504761e-02 9.722468443214893341e-03 5.874342285096645355e-03 1.485430728644132614e-02 1.764189684763550758e-03 1.131992600858211517e-02 1.030238159000873566e-02 3.868409432470798492e-03 3.211003029718995094e-03 9.515072219073772430e-03 1.034600473940372467e-02 9.282208047807216644e-03 1.996256411075592041e-02 1.085790432989597321e-02 1.807198859751224518e-02 1.356685347855091095e-02 7.653275039047002792e-03 1.010486856102943420e-02 5.920501425862312317e-03 1.347850728780031204e-02 2.189132943749427795e-02 4.131252411752939224e-03 9.256137534976005554e-03
2.410211041569709778e-02 2.299299277365207672e-02 1.247041951864957809e-02 1.521171187050640583e-03 4.548155702650547028e-03 3.915068134665489197e-02 2.665374986827373505e-02 5.952166393399238586e-03 2.972705475986003876e-02 2.360188215970993042e-02 1.686842739582061768e-02 8.351396322250366211e-01 2.132342010736465454e-02 7.697971165180206299e-02 2.631271257996559143e-02 2.371141919866204262e-03 6.653297226876020432e-03 1.619715988636016846e-02 1.669270731508731842e-02 1.561788655817508698e-02 2.015951089560985565e-03 2.235488966107368469e-02 3.164948895573616028e-02 2.769618667662143707e-02 1.613938622176647186e-02 1.822563074529170990e-02 1.086496561765670776e-02 5.299497768282890320e-02 2.044120058417320251e-02 5.611695349216461182e-02 1.936817355453968048e-02 1.391898375004529953e-03 1.361486036330461502e-02 9.983648778870701790e-04 5.105608142912387848e-03 1.429215422831475735e-03 1.426963787525892258e-02 7.276962045580148697e-03 3.422191366553306580e-03 1.275462657213211060e-02 2.784207696095108986e-03 9.068415500223636627e-03 4.870833363384008408e-03 1.308626867830753326e-02 4.409370198845863342e-02 2.104629203677177429e-02 2.188656292855739594e-02 1.213149074465036392e-02 1.359222829341888428e-02 1.503054052591323853e-03 2.997282333672046661e-02 2.745177038013935089e-02 7.789443247020244598e-03 8.360821753740310669e-03 1.561424322426319122e-02 1.702320948243141174e-02 7.207459304481744766e-03 1.407716237008571625e-02 2.868689969182014465e-02 1.667059399187564850e-02 2.422339655458927155e-02 1.980612426996231079e-02 6.339927669614553452e-03 7.364228167716646567e-06 1.621045544743537903e-02 2.453489694744348526e-03 1.217462401837110519e-02 1.141921710222959518e-02 7.375696673989295959e-03 1.870866282843053341e-03 2.818647958338260651e-02 8.677761070430278778e-03 3.283169865608215332e-02 5.933007691055536270e-03 2.976837009191513062e-02 7.505304645746946335e-03 3.997123241424560547e-02 3.717242926359176636e-02 3.675673529505729675e-02 2.021080814301967621e-02 1.370588899590075016e-03 7.382183801382780075e-03 1.081556268036365509e-02 6.059536826796829700e-04 1.682751812040805817e-02 1.114805508404970169e-02 5.336392205208539963e-03 8.205944672226905823e-03 2.895133569836616516e-02 4.147282615303993225e-02 3.343492001295089722e-02 9.327440522611141205e-03 1.251606829464435577e-02 1.263582799583673477e-02 2.129533328115940094e-02 9.734660387039184570e-03 1.201443653553724289e-02 1.372919883579015732e-02 2.607262926176190376e-03 1.394818443804979324e-02 2.341010374948382378e-03 1.209088834002614021e-03 1.332421507686376572e-02 2.719492476899176836e-04 4.248360637575387955e-03 2.043202286586165428e-03 5.119174253195524216e-03 9.363717399537563324e-03 1.523290295153856277e-03 1.382177323102951050e-02 1.763241924345493317e-02 1.298894546926021576e-02 3.657109290361404419e-02 2.310125157237052917e-02 1.918672583997249603e-02 1.420223736204206944e-03
5.883708968758583069e-02 6.505087018013000488e-02 2.085729315876960754e-02 1.011299528181552887e-02 1.125048100948333740e-02 6.252422183752059937e-02 4.363797977566719055e-02 2.820036560297012329e-02 1.761753298342227936e-02 9.982049465179443359e-03 6.227270886301994324e-02 2.132342010736465454e-02 8.351396322250366211e-01 2.306538447737693787e-02 3.403456136584281921e-02 3.718737279996275902e-03 5.788684356957674026e-03 1.431513577699661255e-02 1.429082546383142471e-02 8.587348274886608124e-03 2.516092732548713684e-03 4.145633801817893982e-02 6.044318433851003647e-04 8.264842443168163300e-03 5.680281668901443481e-03 1.030715927481651306e-02 3.090826608240604401e-02 3.106124885380268097e-02 3.524944931268692017e-02 1.983110606670379639e-02 2.735849283635616302e-02 1.950112753547728062e-03 1.249247789382934570e-02 4.532518796622753143e-03 1.902166940271854401e-02 5.892794579267501831e-03 2.275891602039337158e-02 9.342118166387081146e-03 5.105166696012020111e-03 1.715571247041225433e-02 8.966893656179308891e-04 1.127509051002562046e-03 1.639204472303390503e-02 1.565329730510711670e-02 2.920685522258281708e-02 8.728610351681709290e-03 4.394858330488204956e-02 2.146263048052787781e-02 3.267758584115654230e-04 1.303307898342609406e-02 1.694083400070667267e-02 6.431345827877521515e-03 2.455212362110614777e-02 1.537234801799058914e-02 5.595555528998374939e-03 4.111633636057376862e-03 2.076561376452445984e-02 1.748861931264400482e-02 1.083575654774904251e-02 2.011953666806221008e-02 1.910768914967775345e-03 3.963806666433811188e-03 5.572146270424127579e-03 5.067022982984781265e-03 3.989099338650703430e-02 3.727385029196739197e-02 2.099417848512530327e-03 8.065882720984518528e-04 1.749026030302047729e-02 2.125281462213024497e-04 2.578265964984893799e-02 1.626301929354667664e-02 2.103000879287719727e-03 4.679732024669647217e-03 5.690753925591707230e-03 2.184649743139743805e-02 3.290774300694465637e-02 2.008097246289253235e-02 1.572960428893566132e-02 1.026342529803514481e-02 9.740801528096199036e-03 1.035877875983715057e-02 1.069834548979997635e-02 7.607155479490756989e-03 1.563986763358116150e-02 1.541587430983781815e-02 2.013928256928920746e-02 2.334189787507057190e-02 2.431560866534709930e-02 2.296650595963001251e-02 4.248025268316268921e-02 2.679989673197269440e-02 1.115579437464475632e-02 2.830205112695693970e-02 1.772162877023220062e-02 2.294481545686721802e-02 8.598221465945243835e-03 3.125216346234083176e-03 4.773064050823450089e-03 4.033801145851612091e-03 6.631412077695131302e-03 2.112691756337881088e-03 3.702358517330139875e-04 2.753329928964376450e-03 3.253408242017030716e-03 7.389421807602047920e-05 2.157355047529563308e-04 1.890010572969913483e-02 5.400117021054029465e-03 5.107895005494356155e-03 9.931797161698341370e-03 1.693510217592120171e-03 3.091153223067522049e-03 1.029351819306612015e-02 3.666842821985483170e-03 6.838168017566204071e-03
