8.367956876754760742e-01 6.141312420368194580e-02 3.014049259945750237e-03 1.578541472554206848e-02 1.982218213379383087e-02 4.412709549069404602e-02 3.322565928101539612e-02 1.936657540500164032e-02 8.007726864889264107e-04 1.469161454588174820e-02 4.820587486028671265e-02 2.239796146750450134e-02 4.283712431788444519e-02 3.122175484895706177e-02 8.816583082079887390e-03 2.382829412817955017e-02 2.025607042014598846e-02 1.851286180317401886e-02 2.517318911850452423e-02 1.615576073527336121e-02 1.107770111411809921e-02 1.718902774155139923e-02 1.532982476055622101e-02 9.925630874931812286e-03 2.839556522667407990e-02 1.083122286945581436e-02 3.545837104320526123e-02 2.511274628341197968e-02 1.727100275456905365e-02 1.801134087145328522e-02 1.142350677400827408e-02 1.223740912973880768e-02 3.309520334005355835e-02 7.763839326798915863e-03 2.379826270043849945e-02 1.900760829448699951e-02 9.886637330055236816e-03 1.367881614714860916e-02 1.879420503973960876e-02 1.930256374180316925e-02 1.300240401178598404e-02 1.570680364966392517e-02 7.762897294014692307e-03 1.520176324993371964e-02 8.894263766705989838e-03 5.051331128925085068e-03 1.334866788238286972e-02 8.050088770687580109e-03 4.320740234106779099e-03 1.655906997621059418e-02 1.376044191420078278e-02 1.256517972797155380e-02 1.298622135072946548e-02 7.455006241798400879e-03 5.867116851732134819e-04 1.405616197735071182e-02 4.820496775209903717e-03 2.034980803728103638e-02 6.409700959920883179e-03 1.534218154847621918e-02 2.679550275206565857e-02 3.011427819728851318e-02 2.685498073697090149e-02 2.320864796638488770e-02 1.498439535498619080e-02 1.035102363675832748e-02 1.779943332076072693e-02 9.662872180342674255e-03 1.640748418867588043e-02 4.602834582328796387e-02 6.088145077228546143e-03 3.669488430023193359e-02 1.665581576526165009e-02 4.169146716594696045e-02 1.234843488782644272e-02 2.196924202144145966e-02 9.965527802705764771e-03 1.005999837070703506e-02 1.098585221916437149e-02 1.466763485223054886e-02 9.347032755613327026e-03 9.083119221031665802e-03 1.658198609948158264e-02 1.680934615433216095e-02 2.172455564141273499e-02 7.031042594462633133e-03 1.739907637238502502e-02 7.359073963016271591e-03 4.984577535651624203e-04 5.283971782773733139e-03 1.038830145262181759e-03 3.707520291209220886e-02 8.476167568005621433e-04 2.705446258187294006e-02 1.126229017972946167e-02 5.573654547333717346e-03 1.275162212550640106e-02 7.867618463933467865e-03 1.101992093026638031e-02 9.815225377678871155e-03 2.350801229476928711e-02 2.304228767752647400e-02 1.120259612798690796e-02 5.733381956815719604e-03 1.797591522336006165e-02 1.098998356610536575e-02 2.145442552864551544e-02 1.814656704664230347e-02 2.078164555132389069e-02 3.968678414821624756e-02 3.696745261549949646e-03 7.721664384007453918e-03 1.484015677124261856e-02 6.838426925241947174e-03 1.912995986640453339e-02 2.237338386476039886e-02
6.141312420368194580e-02 8.367956876754760742e-01 7.175226230174303055e-03 2.416157536208629608e-02 2.673946879804134369e-02 3.875980526208877563e-02 3.553815186023712158e-02 8.624223060905933380e-03 1.285160984843969345e-02 1.106203161180019379e-02 4.526832699775695801e-02 1.004862319678068161e-02 5.373338609933853149e-02 2.341281622648239136e-02 1.472129765897989273e-02 1.751198060810565948e-02 1.079182513058185577e-02 2.598047256469726562e-02 2.797828614711761475e-02 2.185787446796894073e-02 1.768670417368412018e-02 1.763958297669887543e-02 1.479302346706390381e-02 5.860955920070409775e-03 2.774072811007499695e-02 2.037417329847812653e-02 4.048629477620124817e-02 2.373019466176629066e-03 1.978147961199283600e-02 6.334524368867278099e-04 9.521248750388622284e-03 1.304152887314558029e-02 2.536210604012012482e-02 1.007357053458690643e-02 8.575039915740489960e-03 1.114854868501424789e-02 2.096899412572383881e-02 1.402558293193578720e-02 2.308453805744647980e-02 2.319556474685668945e-02 1.512237824499607086e-02 7.060197647660970688e-03 8.165983483195304871e-03 1.780430786311626434e-02 2.767020370811223984e-03 6.767047569155693054e-03 1.067166402935981750e-02 1.082360185682773590e-02 2.818695735186338425e-03 1.527391141280531883e-03 1.295240968465805054e-02 1.288042403757572174e-02 2.122660540044307709e-02 7.988060824573040009e-03 1.260126382112503052e-02 2.565577160567045212e-03 1.909844391047954559e-02 1.306437794119119644e-02 6.487382110208272934e-03 1.710056141018867493e-02 2.796751074492931366e-02 1.998871751129627228e-02 2.258239686489105225e-02 1.541313715279102325e-02 1.853699795901775360e-02 7.551669608801603317e-03 2.438848465681076050e-02 1.963087171316146851e-02 4.172188695520162582e-03 4.449223354458808899e-02 9.257409721612930298e-03 4.699167609214782715e-02 5.061342380940914154e-03 4.153950512409210205e-02 7.310176733881235123e-03 3.508263453841209412e-02 1.266351318918168545e-03 3.565305145457386971e-03 5.289900116622447968e-03 8.254552260041236877e-03 4.155017901211977005e-03 2.885543508455157280e-03 2.628303878009319305e-02 2.535319514572620392e-02 2.292448282241821289e-02 1.735506951808929443e-02 1.663497835397720337e-02 1.172635704278945923e-02 4.129669163376092911e-03 7.346403785049915314e-03 1.144854072481393814e-02 3.039333596825599670e-02 7.782803731970489025e-04 3.299057111144065857e-02 1.359070092439651489e-02 6.335264537483453751e-03 1.201680861413478851e-02 1.245809253305196762e-02 1.623869128525257111e-02 2.048385329544544220e-02 1.364805456250905991e-02 2.036752551794052124e-02 1.370390411466360092e-02 8.046845905482769012e-03 1.237823069095611572e-02 1.014441065490245819e-02 9.410961531102657318e-03 2.033380232751369476e-02 2.481292188167572021e-02 3.022258542478084564e-02 4.056259058415889740e-03 1.712098531424999237e-02 1.133186556398868561e-02 5.178604274988174438e-03 2.298337966203689575e-02 2.125213481485843658e-02
3.014049259945750237e-03 7.175226230174303055e-03 8.367956876754760742e-01 4.743448458611965179e-03 3.501263214275240898e-03 1.849744655191898346e-02 1.518864184617996216e-02 4.999443888664245605e-02 1.840089447796344757e-02 4.592390730977058411e-03 9.311732836067676544e-03 1.070295739918947220e-02 1.443970203399658203e-02 8.145694620907306671e-03 7.726140320301055908e-03 5.461956374347209930e-03 1.289033051580190659e-02 1.534976251423358917e-02 1.913858205080032349e-02 1.684659905731678009e-02 1.975264772772789001e-02 2.684013452380895615e-03 3.755664220079779625e-03 1.103756669908761978e-02 1.162182632833719254e-02 6.614704150706529617e-03 3.564523532986640930e-03 3.510401025414466858e-02 1.778879552148282528e-03 2.457536198198795319e-02 7.156157866120338440e-03 1.342078298330307007e-02 1.217122282832860947e-02 2.800345607101917267e-02 1.966778421774506569e-03 4.761104006320238113e-03 1.098706107586622238e-02 1.622303202748298645e-02 1.585609093308448792e-02 8.553164079785346985e-03 2.179124206304550171e-02 2.055269107222557068e-02 6.237444933503866196e-03 2.772237348835915327e-04 1.771130040287971497e-02 8.122403174638748169e-03 2.147932164371013641e-02 1.908893883228302002e-02 1.517280936241149902e-02 3.698633518069982529e-03 3.526825923472642899e-03 1.035755779594182968e-02 3.809739602729678154e-03 1.352776214480400085e-02 2.620875276625156403e-02 8.229806087911128998e-03 2.194375544786453247e-02 1.655687019228935242e-02 5.119278561323881149e-03 7.668704260140657425e-03 1.601493358612060547e-02 1.637003297219052911e-04 1.008329540491104126e-02 2.652895869687199593e-03 1.509444415569305420e-02 1.703698746860027313e-02 1.367660984396934509e-02 1.388037204742431641e-02 2.431920915842056274e-02 1.806673593819141388e-02 1.153951417654752731e-02 1.669742283411324024e-03 1.116291154175996780e-02 1.403891202062368393e-02 8.240525494329631329e-04 1.255262736231088638e-02 2.918178960680961609e-02 6.645022891461849213e-03 4.001955036073923111e-03 2.137744054198265076e-02 6.069023534655570984e-02 3.803947940468788147e-02 1.904165931046009064e-02 1.017773523926734924e-02 1.161937043070793152e-02 1.202318910509347916e-02 1.833909191191196442e-02 2.763085253536701202e-02 1.182631775736808777e-02 5.958367604762315750e-03 1.254045683890581131e-02 1.733583770692348480e-02 1.511820871382951736e-02 7.395576103590428829e-04 5.435341037809848785e-03 8.259724825620651245e-03 5.989566445350646973e-03 4.195627989247441292e-04 1.231912709772586823e-02 3.119425848126411438e-03 2.850426174700260162e-02 1.508422195911407471e-02 1.337106339633464813e-02 7.899101823568344116e-03 1.170042995363473892e-02 1.738804741762578487e-03 1.527610793709754944e-02 9.505950845777988434e-03 1.867627725005149841e-02 7.310151588171720505e-03 1.257822103798389435e-02 7.653206586837768555e-03 5.479974206537008286e-03 1.986745046451687813e-03 3.940642625093460083e-02 8.961867541074752808e-03
1.578541472554206848e-02 2.416157536208629608e-02 4.743448458611965179e-03 8.367956876754760742e-01 6.541354954242706299e-02 2.394503541290760040e-02 2.287176065146923065e-02 1.818598620593547821e-02 2.150996960699558258e-02 3.393293544650077820e-02 2.590491622686386108e-02 1.733265072107315063e-02 2.115585096180438995e-02 1.755501516163349152e-02 6.380368955433368683e-03 1.521104481071233749e-02 1.277622207999229431e-02 1.649348251521587372e-02 3.131904825568199158e-02 1.821612007915973663e-02 8.991718292236328125e-03 1.417377032339572906e-03 2.696499042212963104e-02 3.279378637671470642e-02 9.849473834037780762e-03 1.452411711215972900e-02 4.270619712769985199e-03 5.544917075894773006e-04 2.087857201695442200e-02 1.229970250278711319e-03 2.136707678437232971e-02 2.895479276776313782e-02 2.476164326071739197e-02 3.097422420978546143e-02 1.478105969727039337e-02 1.662913337349891663e-02 1.524467021226882935e-02 6.608343217521905899e-03 4.939511790871620178e-02 4.752229899168014526e-02 1.329635549336671829e-02 1.622569933533668518e-02 9.987519122660160065e-03 2.035410143435001373e-02 3.939343150705099106e-03 1.460980065166950226e-02 1.401883270591497421e-02 6.342331413179636002e-03 1.751565560698509216e-02 3.356398269534111023e-02 1.413171086460351944e-02 1.055511739104986191e-02 3.012964501976966858e-02 2.538792043924331665e-02 1.797499693930149078e-02 2.296855859458446503e-02 2.427210658788681030e-02 1.583685539662837982e-02 3.327251970767974854e-02 3.598826006054878235e-02 2.595066279172897339e-02 2.786367759108543396e-02 3.702687844634056091e-02 2.347384206950664520e-02 7.951290346682071686e-03 5.337773822247982025e-03 1.360496692359447479e-02 1.331301778554916382e-02 1.538562215864658356e-02 9.962956421077251434e-03 3.829292254522442818e-03 1.520428061485290527e-02 4.444058611989021301e-02 1.900397613644599915e-02 4.048710688948631287e-02 1.743507944047451019e-02 8.705538697540760040e-03 2.148236148059368134e-02 2.783191949129104614e-02 2.559848874807357788e-02 3.280713921412825584e-03 4.745109006762504578e-03 3.834717720746994019e-02 4.595972597599029541e-02 3.694830927997827530e-03 1.524802390486001968e-02 4.738950170576572418e-03 7.810120470821857452e-03 1.169402711093425751e-02 6.867428310215473175e-03 7.059942930936813354e-03 2.446689410135149956e-03 3.275338327512145042e-03 4.509326070547103882e-03 1.131496205925941467e-02 8.641286403872072697e-04 1.080076210200786591e-03 8.736990275792777538e-04 1.043315790593624115e-02 1.531273871660232544e-02 1.569056324660778046e-02 1.278781518340110779e-02 5.581240169703960419e-03 4.334653727710247040e-03 2.187591977417469025e-02 2.862991951406002045e-02 1.461588498204946518e-02 1.635995879769325256e-02 1.965774595737457275e-02 2.058608829975128174e-02 3.785906592383980751e-03 1.064406428486108780e-02 3.760268446058034897e-03 2.040063031017780304e-03 1.166944019496440887e-02 1.206271536648273468e-02
1.982218213379383087e-02 2.673946879804134369e-02 3.501263214275240898e-03 6.541354954242706299e-02 8.367956876754760742e-01 2.897603996098041534e-02 2.277141250669956207e-02 1.985764317214488983e-02 1.569260098040103912e-02 1.313017588108778000e-02 2.732050046324729919e-02 1.290640793740749359e-02 2.234588563442230225e-02 8.220409043133258820e-03 6.373802665621042252e-03 1.363694202154874802e-02 4.666388034820556641e-03 2.078007720410823822e-02 4.727006331086158752e-02 2.181286178529262543e-02 1.431515906006097794e-02 3.709688608068972826e-04 2.210817858576774597e-02 2.184501104056835175e-02 9.007735177874565125e-03 2.361484616994857788e-02 1.867319340817630291e-03 1.247531967237591743e-03 1.807895302772521973e-02 1.975775085156783462e-04 1.959636621177196503e-02 2.525735832750797272e-02 2.188075892627239227e-02 2.302857860922813416e-02 2.178822644054889679e-02 2.504345029592514038e-02 2.018012292683124542e-02 1.287380233407020569e-02 4.209747537970542908e-02 5.942012742161750793e-02 5.937860812991857529e-03 2.086213976144790649e-02 1.123934239149093628e-02 2.404321171343326569e-02 1.094522606581449509e-02 1.364627201110124588e-02 2.024065703153610229e-02 5.579355172812938690e-03 2.370855212211608887e-02 2.904344163835048676e-02 1.430963538587093353e-02 4.405651241540908813e-03 2.233937755227088928e-02 1.608150824904441833e-02 3.001394681632518768e-02 2.157177962362766266e-02 1.520351227372884750e-02 3.245381172746419907e-03 3.207737207412719727e-02 3.953650593757629395e-02 2.777268365025520325e-02 4.557847604155540466e-02 3.125729784369468689e-02 2.620306611061096191e-02 3.828232875093817711e-03 7.132438477128744125e-03 1.602577976882457733e-02 1.671349443495273590e-02 1.250352244824171066e-02 1.622069627046585083e-02 6.912835873663425446e-03 1.265147048979997635e-02 3.043424524366855621e-02 2.147939987480640411e-02 4.231710359454154968e-02 9.696698747575283051e-03 1.059991307556629181e-02 4.765859339386224747e-03 2.694082260131835938e-02 1.250925567001104355e-02 3.373175859451293945e-03 4.098898731172084808e-03 4.292438551783561707e-02 5.710716918110847473e-02 2.508894074708223343e-03 1.088651083409786224e-02 1.903260359540581703e-03 1.018998492509126663e-02 2.187036722898483276e-02 5.189035553485155106e-03 1.016560662537813187e-02 1.906162127852439880e-03 4.674911964684724808e-03 1.773001276887953281e-03 4.362338222563266754e-03 6.820998969487845898e-04 1.112238271161913872e-03 3.259198507294058800e-03 3.053882857784628868e-03 1.333223562687635422e-02 1.567591540515422821e-02 8.001849055290222168e-03 4.061403218656778336e-03 4.729714710265398026e-03 1.295015309005975723e-02 2.594004012644290924e-02 1.937847957015037537e-02 1.665776968002319336e-02 1.486948877573013306e-02 3.098726458847522736e-02 2.178288996219635010e-03 3.736212849617004395e-03 3.472361946478486061e-03 3.143715672194957733e-03 1.339527312666177750e-02 7.275640033185482025e-03
4.412709549069404602e-02 3.875980526208877563e-02 1.849744655191898346e-02 2.394503541290760040e-02 2.897603996098041534e-02 8.367956876754760742e-01 5.342765524983406067e-02 1.175847928971052170e-02 2.441240288317203522e-02 7.631442043930292130e-03 3.270766139030456543e-02 3.447291627526283264e-02 1.807631738483905792e-02 3.542794659733772278e-02 5.460006286739371717e-05 3.563927114009857178e-02 2.458899840712547302e-02 2.685273252427577972e-02 4.178260266780853271e-02 9.926396422088146210e-03 1.367761660367250443e-02 5.340447649359703064e-03 2.722042612731456757e-02 2.217228896915912628e-02 1.118412800133228302e-02 1.522191241383552551e-02 2.442219853401184082e-02 2.472457848489284515e-02 1.103493012487888336e-02 1.854146271944046021e-02 1.035805325955152512e-02 1.861409284174442291e-02 3.073733672499656677e-02 9.600890800356864929e-03 2.421759814023971558e-02 1.334530301392078400e-02 9.513463824987411499e-03 5.676450673490762711e-03 2.410471811890602112e-02 2.749145403504371643e-02 3.011856460943818092e-03 2.616483718156814575e-02 2.291492372751235962e-02 6.508510094135999680e-03 3.087881207466125488e-02 1.509250141680240631e-02 4.049279168248176575e-02 1.993150636553764343e-02 1.561649143695831299e-02 8.315385319292545319e-03 2.614453062415122986e-02 1.648627035319805145e-02 2.247069962322711945e-02 2.102323248982429504e-02 1.960609480738639832e-02 1.206359080970287323e-02 1.153048779815435410e-02 2.419680170714855194e-02 7.368757855147123337e-03 2.290261164307594299e-02 2.826218865811824799e-02 3.844664990901947021e-02 2.286319062113761902e-02 2.264405973255634308e-02 1.677880878560245037e-03 2.778674475848674774e-03 1.323707588016986847e-02 1.195281092077493668e-02 2.286767400801181793e-02 2.813924476504325867e-02 8.703502826392650604e-03 1.225143205374479294e-02 3.734916914254426956e-03 2.336373738944530487e-02 2.957281889393925667e-03 6.044059526175260544e-03 3.548352047801017761e-02 7.044507190585136414e-03 2.053472958505153656e-02 6.631972268223762512e-03 1.562114711850881577e-02 4.624221008270978928e-03 1.649112999439239502e-02 3.668605163693428040e-02 1.103786472231149673e-02 1.426554750651121140e-02 4.259874578565359116e-03 2.292846562340855598e-03 3.104126313701272011e-03 1.254970859736204147e-02 1.910234987735748291e-02 1.697255857288837433e-02 2.010594867169857025e-02 8.704134263098239899e-03 9.168053045868873596e-03 5.334433517418801785e-04 9.129843674600124359e-03 1.448982860893011093e-02 3.036189824342727661e-02 2.229763381183147430e-02 1.536340732127428055e-02 1.908111572265625000e-02 3.942115232348442078e-03 7.947122678160667419e-03 2.366911806166172028e-02 1.166401337832212448e-02 2.307432703673839569e-02 5.339086521416902542e-03 2.279714494943618774e-02 2.992541156709194183e-02 4.429798107594251633e-03 3.969911951571702957e-03 1.148974895477294922e-02 1.601779833436012268e-02 1.627524942159652710e-02 6.422851700335741043e-03
3.322565928101539612e-02 3.553815186023712158e-02 1.518864184617996216e-02 2.287176065146923065e-02 2.277141250669956207e-02 5.342765524983406067e-02 8.367956876754760742e-01 8.247840218245983124e-03 2.365283295512199402e-02 2.230587648227810860e-03 2.801829203963279724e-02 3.190859034657478333e-02 2.628296054899692535e-02 3.390852734446525574e-02 6.600086111575365067e-03 3.883380070328712463e-02 2.148099802434444427e-02 2.779727242887020111e-02 3.205682709813117981e-02 6.419092882424592972e-03 9.710761718451976776e-03 3.687404794618487358e-03 2.420096099376678467e-02 2.274533919990062714e-02 1.251332648098468781e-02 1.309041772037744522e-02 1.680373772978782654e-02 2.081481181085109711e-02 1.225226186215877533e-02 1.862701028585433960e-02 1.242127176374197006e-02 1.812913268804550171e-02 1.116356533020734787e-02 2.054717391729354858e-02 1.066430937498807907e-02 1.231853850185871124e-02 9.122351184487342834e-03 1.634783670306205750e-02 2.495873160660266876e-02 2.467685751616954803e-02 7.562413811683654785e-03 2.647879160940647125e-02 2.316736429929733276e-02 2.158074639737606049e-03 2.891201712191104889e-02 2.051827311515808105e-02 4.112154617905616760e-02 3.551718592643737793e-02 2.480477094650268555e-02 1.753909699618816376e-02 1.729695312678813934e-02 1.062567532062530518e-02 1.930089481174945831e-02 2.380031347274780273e-02 1.225071866065263748e-02 1.799578405916690826e-02 8.413657546043395996e-03 2.355868741869926453e-02 6.043799221515655518e-03 1.393044460564851761e-02 2.208125032484531403e-02 2.579676359891891479e-02 1.284456253051757812e-02 1.983019150793552399e-02 8.511911437381058931e-05 1.320071145892143250e-02 9.487001225352287292e-03 1.092884782701730728e-02 1.058164611458778381e-02 1.322834566235542297e-02 2.731378655880689621e-03 2.875265432521700859e-03 5.509260576218366623e-03 1.270493958145380020e-02 9.551217779517173767e-03 1.297795213758945465e-02 3.341666981577873230e-02 6.945090368390083313e-03 2.454082295298576355e-02 1.764421723783016205e-02 3.290059044957160950e-03 7.976173423230648041e-03 2.577040530741214752e-02 3.228467702865600586e-02 8.618246763944625854e-03 2.275321446359157562e-02 2.968555083498358727e-03 4.688460030592978001e-04 1.183551084250211716e-02 2.350885048508644104e-02 1.740472763776779175e-02 4.286494571715593338e-03 3.105147741734981537e-02 4.883501678705215454e-03 1.476452313363552094e-02 1.268217712640762329e-02 1.904830895364284515e-02 2.393595688045024872e-02 3.709139674901962280e-02 2.681533992290496826e-02 2.741598989814519882e-03 1.409869734197854996e-02 1.757089979946613312e-02 2.026532031595706940e-02 2.194513939321041107e-02 9.728800505399703979e-03 1.318865921348333359e-02 4.705471917986869812e-03 2.879725210368633270e-02 1.441120356321334839e-02 1.012552715837955475e-02 8.029646240174770355e-03 8.266852237284183502e-03 1.326082833111286163e-02 2.312942408025264740e-02 1.096261781640350819e-03
1.936657540500164032e-02 8.624223060905933380e-03 4.999443888664245605e-02 1.818598620593547821e-02 1.985764317214488983e-02 1.175847928971052170e-02 8.247840218245983124e-03 8.367956876754760742e-01 2.209424041211605072e-02 1.250283420085906982e-02 1.897643320262432098e-02 9.106624871492385864e-03 2.222848124802112579e-03 5.968118552118539810e-03 2.857155725359916687e-02 7.689231075346469879e-03 6.917528342455625534e-03 6.393134593963623047e-03 1.790541596710681915e-02 4.266400937922298908e-04 4.618563689291477203e-03 6.750622298568487167e-03 2.590897027403116226e-03 1.111739664338529110e-03 1.033339533023536205e-03 3.738995874300599098e-03 6.187188439071178436e-03 1.015610527247190475e-02 2.679030038416385651e-02 4.865047987550497055e-03 3.858688473701477051e-02 8.622994646430015564e-03 1.385331247001886368e-02 1.444867160171270370e-02 1.341467071324586868e-02 6.842393893748521805e-03 7.532901596277952194e-03 6.487871054559946060e-03 2.861075289547443390e-02 2.304751425981521606e-02 2.431064285337924957e-02 3.142975643277168274e-02 1.139823626726865768e-02 4.047482088208198547e-02 5.778571125119924545e-03 7.457362953573465347e-03 1.590294647030532360e-03 2.103056758642196655e-02 1.762148924171924591e-02 6.578016094863414764e-03 2.162994118407368660e-03 9.078373550437390804e-04 1.889703236520290375e-02 1.635943911969661713e-02 1.477725803852081299e-02 3.272511297836899757e-03 2.124068513512611389e-02 2.147053601220250130e-04 3.526996448636054993e-02 9.365818463265895844e-03 8.619876578450202942e-03 6.452297326177358627e-03 1.277859695255756378e-02 4.814279265701770782e-03 1.361319515854120255e-02 1.903424970805644989e-02 7.226588204503059387e-04 1.767794252373278141e-03 2.561903558671474457e-02 1.291551161557435989e-02 1.191889028996229172e-02 6.994013208895921707e-03 3.220821963623166084e-03 1.302646286785602570e-02 1.194056961685419083e-02 4.272982478141784668e-03 2.985692955553531647e-02 9.284707717597484589e-03 1.476792991161346436e-02 2.943154657259583473e-03 5.451921373605728149e-02 3.157870098948478699e-02 6.321390159428119659e-03 2.441401220858097076e-02 4.917949438095092773e-03 1.994469203054904938e-03 4.030347615480422974e-02 2.523506432771682739e-02 3.103479743003845215e-02 4.428378771990537643e-03 2.706553554162383080e-03 1.258942391723394394e-02 1.389219798147678375e-02 1.270358543843030930e-02 1.462496444582939148e-02 7.042986340820789337e-03 3.453398356214165688e-03 9.644631296396255493e-03 5.720908287912607193e-03 2.832512371242046356e-03 1.272254157811403275e-02 9.391324711032211781e-04 1.108901388943195343e-02 6.957495119422674179e-03 1.457104459404945374e-02 1.512605696916580200e-02 1.136697921901941299e-02 1.310849562287330627e-03 1.182556524872779846e-02 2.282200381159782410e-02 2.202298864722251892e-02 3.197436919435858727e-03 1.543458085507154465e-02 5.733883474022150040e-03 2.135941758751869202e-02 8.030562661588191986e-03
8.007726864889264107e-04 1.285160984843969345e-02 1.840089447796344757e-02 2.150996960699558258e-02 1.569260098040103912e-02 2.441240288317203522e-02 2.365283295512199402e-02 2.209424041211605072e-02 8.367956876754760742e-01 4.903363063931465149e-02 5.671116057783365250e-03 2.813480980694293976e-02 1.868579722940921783e-02 2.076395601034164429e-02 6.306119728833436966e-03 1.393700018525123596e-02 1.228447537869215012e-02 1.342469081282615662e-02 4.061616957187652588e-03 1.671594753861427307e-02 1.855678274296224117e-03 1.047752052545547485e-02 2.191421389579772949e-02 3.210789337754249573e-02 2.373113296926021576e-02 1.372003834694623947e-02 1.854884088970720768e-03 1.066419482231140137e-02 1.884861034341156483e-03 2.056730911135673523e-03 1.490265969187021255e-02 1.105353329330682755e-02 1.743035949766635895e-02 6.396498996764421463e-03 2.261066809296607971e-02 5.528898444026708603e-03 1.712254434823989868e-02 1.943475194275379181e-02 1.869935356080532074e-02 1.770806312561035156e-02 6.716117728501558304e-03 4.489165171980857849e-02 2.966252528131008148e-02 4.108806140720844269e-03 2.603070065379142761e-02 1.565590500831604004e-02 2.659177221357822418e-02 1.850973442196846008e-02 2.360835298895835876e-02 2.816150523722171783e-02 1.642775721848011017e-03 1.583570800721645355e-02 1.816391572356224060e-02 3.584763407707214355e-02 4.845412075519561768e-02 2.453736774623394012e-02 5.072830710560083389e-03 7.268925663083791733e-03 1.118580810725688934e-02 1.462122332304716110e-02 2.705153776332736015e-03 1.987640559673309326e-02 1.660726591944694519e-02 6.293433252722024918e-03 1.932097133249044418e-03 9.916126728057861328e-04 1.039594784379005432e-02 1.500534359365701675e-03 2.605399303138256073e-02 1.034631393849849701e-02 6.736241281032562256e-03 2.506409585475921631e-02 1.276852749288082123e-02 8.532295003533363342e-03 1.724326424300670624e-02 3.484373539686203003e-02 6.044618412852287292e-02 2.962970733642578125e-02 2.550015412271022797e-02 3.014221787452697754e-02 9.918703697621822357e-03 3.779239486902952194e-03 1.465663686394691467e-02 9.656748734414577484e-03 8.268380537629127502e-03 2.239001914858818054e-04 2.584253204986453056e-03 1.705212332308292389e-02 2.728197723627090454e-02 8.533330634236335754e-03 1.675659418106079102e-02 1.246514916419982910e-02 4.454384092241525650e-03 1.998013071715831757e-02 1.930669136345386505e-02 1.547088567167520523e-02 2.776773832738399506e-02 3.292773663997650146e-02 4.208708927035331726e-02 2.671064250171184540e-02 2.028555050492286682e-02 3.939733374863862991e-03 2.089258842170238495e-02 2.110492438077926636e-02 2.849244885146617889e-02 3.248982504010200500e-02 2.178592234849929810e-02 1.966822706162929535e-02 2.839573891833424568e-03 5.255360621958971024e-03 4.752019885927438736e-03 1.882202364504337311e-02 1.212663110345602036e-02 1.152575761079788208e-02 4.978569340892136097e-04 1.898240484297275543e-02
1.469161454588174820e-02 1.106203161180019379e-02 4.592390730977058411e-03 3.393293544650077820e-02 1.313017588108778000e-02 7.631442043930292130e-03 2.230587648227810860e-03 1.250283420085906982e-02 4.903363063931465149e-02 8.367956876754760742e-01 5.650371313095092773e-04 4.633558448404073715e-03 1.015685312449932098e-02 1.174704823642969131e-02 1.575726456940174103e-02 7.848599925637245178e-03 1.129581872373819351e-02 3.780698776245117188e-02 3.338183462619781494e-02 7.422306109219789505e-03 6.522580981254577637e-03 8.815162815153598785e-03 1.409909315407276154e-02 3.446995466947555542e-02 8.257092908024787903e-03 1.611470431089401245e-02 2.569395117461681366e-03 1.733525283634662628e-02 7.456811610609292984e-03 1.901116594672203064e-02 8.670350536704063416e-03 1.252728793770074844e-02 1.558526698499917984e-02 1.817360147833824158e-02 1.309516280889511108e-02 1.364435651339590549e-03 9.831549599766731262e-03 1.990410964936017990e-03 2.859196998178958893e-02 7.487888913601636887e-03 1.508004032075405121e-02 2.777818404138088226e-02 2.488255873322486877e-02 7.666583638638257980e-03 5.398752400651574135e-04 7.354171830229461193e-04 1.202057464979588985e-03 9.072357788681983948e-04 1.726489700376987457e-02 4.356423392891883850e-02 8.316424675285816193e-03 2.502135746181011200e-02 2.812012471258640289e-02 2.906186319887638092e-02 2.613487839698791504e-02 3.098394162952899933e-02 1.183752901852130890e-02 2.500296384096145630e-02 2.273016609251499176e-02 1.224962808191776276e-02 8.904956281185150146e-03 1.184479426592588425e-02 2.261591888964176178e-02 3.000763827003538609e-04 5.697029177099466324e-03 8.171808905899524689e-03 1.960401423275470734e-04 2.187158679589629173e-03 8.346891030669212341e-03 2.160414308309555054e-02 1.954430527985095978e-02 2.408399479463696480e-03 4.314304888248443604e-02 1.594596356153488159e-02 2.401628904044628143e-02 6.461803568527102470e-04 1.980900205671787262e-02 6.585507094860076904e-02 2.384498529136180878e-02 5.405508354306221008e-02 5.519146798178553581e-04 7.103734649717807770e-03 1.386132463812828064e-02 1.230261847376823425e-02 4.836876876652240753e-03 5.908714956603944302e-04 1.065630000084638596e-02 9.399673901498317719e-03 1.082231011241674423e-02 4.382839053869247437e-02 5.100893322378396988e-03 1.417699176818132401e-02 8.448344655334949493e-03 1.366944331675767899e-02 8.575199171900749207e-03 1.444744598120450974e-02 9.226121008396148682e-03 9.149536490440368652e-03 2.353945374488830566e-02 2.122835256159305573e-02 1.591015048325061798e-02 5.127984564751386642e-03 1.830023596994578838e-03 2.138009760528802872e-03 2.829613909125328064e-02 3.883633017539978027e-02 1.157543715089559555e-02 1.573127694427967072e-02 3.942592069506645203e-03 2.210744097828865051e-02 9.264253079891204834e-03 8.225888945162296295e-03 1.238545123487710953e-02 3.793261712417006493e-03 4.469368606805801392e-03 7.013929076492786407e-03
4.820587486028671265e-02 4.526832699775695801e-02 9.311732836067676544e-03 2.590491622686386108e-02 2.732050046324729919e-02 3.270766139030456543e-02 2.801829203963279724e-02 1.897643320262432098e-02 5.671116057783365250e-03 5.650371313095092773e-04 8.367956876754760742e-01 1.404045615345239639e-03 4.484173282980918884e-02 7.682487834244966507e-03 3.163577290251851082e-03 2.006296068429946899e-02 1.169022172689437866e-02 8.597939275205135345e-03 2.207213826477527618e-02 1.685090735554695129e-02 2.114949002861976624e-02 4.445408470928668976e-03 1.496103219687938690e-02 5.448377691209316254e-03 2.206480875611305237e-02 1.078999880701303482e-02 1.911042071878910065e-02 3.101612091995775700e-04 1.006073877215385437e-02 5.223994608968496323e-03 6.107341963797807693e-03 1.788549311459064484e-02 2.947352081537246704e-02 9.152440354228019714e-03 2.318342775106430054e-02 1.955316960811614990e-02 1.619387231767177582e-02 1.731296651996672153e-03 2.063819952309131622e-02 2.900612726807594299e-02 1.758032105863094330e-02 2.195126004517078400e-02 1.442229747772216797e-02 3.124558739364147186e-02 9.960185736417770386e-03 5.370838101953268051e-03 3.785160183906555176e-02 1.467777881771326065e-02 1.627801172435283661e-02 7.439342327415943146e-03 1.596231758594512939e-02 1.275944802910089493e-02 1.611892133951187134e-02 1.280356571078300476e-02 2.315422706305980682e-02 9.210809133946895599e-03 5.289282649755477905e-03 2.824847586452960968e-02 7.126143202185630798e-03 4.644627682864665985e-03 1.594462431967258453e-02 2.632664702832698822e-02 3.336123004555702209e-02 2.665092423558235168e-02 2.301386930048465729e-02 2.935007214546203613e-02 1.942294463515281677e-02 2.037885785102844238e-02 5.355436354875564575e-03 2.167856134474277496e-02 1.410861592739820480e-02 1.488111447542905807e-02 5.595050752162933350e-03 2.868057601153850555e-02 1.584003679454326630e-02 9.386660531163215637e-03 1.069367304444313049e-02 1.552625559270381927e-02 1.652326062321662903e-02 5.041197407990694046e-03 5.281321704387664795e-03 1.763552427291870117e-02 1.017438620328903198e-02 2.823262847959995270e-02 1.715349219739437103e-02 1.240417733788490295e-02 1.361776422709226608e-02 2.535152994096279144e-02 5.170323885977268219e-03 1.933903619647026062e-02 2.515987865626811981e-02 2.067693741992115974e-03 2.961327880620956421e-02 1.388001954182982445e-03 1.163880247622728348e-02 1.664596796035766602e-02 3.935141954571008682e-03 2.159029245376586914e-03 1.300230342894792557e-02 9.076732210814952850e-03 2.184248529374599457e-02 1.606900803744792938e-02 7.842103950679302216e-04 2.844014088623225689e-04 2.846681885421276093e-02 1.461317669600248337e-02 1.773430779576301575e-02 1.163321314379572868e-03 3.157050162553787231e-02 2.917559258639812469e-02 3.929815720766782761e-03 5.404441151767969131e-03 1.224095560610294342e-02 1.023057848215103149e-02 2.000606432557106018e-02 1.311124861240386963e-02
2.239796146750450134e-02 1.004862319678068161e-02 1.070295739918947220e-02 1.733265072107315063e-02 1.290640793740749359e-02 3.447291627526283264e-02 3.190859034657478333e-02 9.106624871492385864e-03 2.813480980694293976e-02 4.633558448404073715e-03 1.404045615345239639e-03 8.367956876754760742e-01 3.620757954195141792e-03 7.023008912801742554e-02 2.466606535017490387e-02 3.935210779309272766e-02 3.860323131084442139e-02 2.683637291193008423e-02 3.142598271369934082e-02 8.160717785358428955e-03 4.503868985921144485e-03 6.411014124751091003e-03 3.913369029760360718e-02 4.232982918620109558e-02 5.699939094483852386e-03 7.728503551334142685e-04 2.236785925924777985e-02 5.605537071824073792e-02 3.940111957490444183e-03 5.587791278958320618e-02 5.821641534566879272e-03 1.361580193042755127e-02 2.579454891383647919e-02 6.142827682197093964e-03 1.249636337161064148e-02 1.738366903737187386e-03 1.118145231157541275e-02 3.186180721968412399e-03 6.083393469452857971e-03 6.127096712589263916e-03 3.971457947045564651e-03 2.220842987298965454e-02 1.290236227214336395e-02 1.478445809334516525e-02 4.462804272770881653e-02 3.468320518732070923e-02 2.347850240767002106e-02 2.632649801671504974e-02 2.059453632682561874e-03 5.713803111575543880e-04 2.297329716384410858e-02 2.462661080062389374e-02 7.792939431965351105e-03 7.520166225731372833e-03 8.047697134315967560e-03 2.369888534303754568e-04 1.100195292383432388e-02 1.174581982195377350e-02 4.081040155142545700e-03 2.015224657952785492e-03 2.903221733868122101e-02 2.338321693241596222e-02 1.682754419744014740e-02 9.312975220382213593e-03 1.536702550947666168e-02 4.564506467431783676e-03 7.377917878329753876e-03 5.297518800944089890e-03 1.377419847995042801e-02 2.286162227392196655e-02 2.192857302725315094e-02 8.347545750439167023e-03 1.707855053246021271e-02 1.524485368281602859e-02 2.710935287177562714e-02 2.262202324345707893e-03 2.684073150157928467e-02 2.339430898427963257e-02 2.785966917872428894e-02 1.748616062104701996e-02 1.363450661301612854e-02 5.741488188505172729e-03 4.886028356850147247e-03 1.052957680076360703e-02 8.995548821985721588e-03 2.005417272448539734e-02 2.507352037355303764e-03 1.920200593303889036e-04 3.893787786364555359e-02 2.788977697491645813e-02 3.833638876676559448e-02 1.679923571646213531e-02 2.909388579428195953e-02 5.674195010215044022e-03 2.063162811100482941e-02 1.689898222684860229e-02 8.369223214685916901e-03 1.035901810973882675e-02 2.318547852337360382e-02 2.501972764730453491e-02 7.425185292959213257e-03 2.258669584989547729e-02 1.044225692749023438e-02 1.789876632392406464e-02 8.958010002970695496e-03 2.641654573380947113e-03 9.606620296835899353e-03 2.106470428407192230e-02 4.309534095227718353e-03 1.529551018029451370e-02 1.870245672762393951e-02 1.062582153826951981e-02 4.899502731859683990e-03 1.653473079204559326e-02 5.269786808639764786e-03 5.600028671324253082e-03
4.283712431788444519e-02 5.373338609933853149e-02 1.443970203399658203e-02 2.115585096180438995e-02 2.234588563442230225e-02 1.807631738483905792e-02 2.628296054899692535e-02 2.222848124802112579e-03 1.868579722940921783e-02 1.015685312449932098e-02 4.484173282980918884e-02 3.620757954195141792e-03 8.367956876754760742e-01 7.187138777226209641e-03 5.159287247806787491e-03 1.469817850738763809e-02 2.647653163876384497e-04 2.109788358211517334e-02 6.931491196155548096e-03 3.406500443816184998e-02 3.287123143672943115e-02 5.339531227946281433e-03 1.375658996403217316e-02 8.276402950286865234e-03 4.270317032933235168e-02 2.516853809356689453e-02 2.463405206799507141e-02 3.225309075787663460e-03 4.987450782209634781e-03 6.577322259545326233e-03 1.164123509079217911e-02 2.517962642014026642e-02 7.858081720769405365e-03 2.563738636672496796e-02 5.074254702776670456e-03 2.835133485496044159e-02 3.637952357530593872e-02 4.191743675619363785e-03 3.886472433805465698e-03 1.016721967607736588e-02 9.022257290780544281e-03 7.140430156141519547e-03 1.570398174226284027e-02 2.116660960018634796e-02 1.422706712037324905e-02 1.985249109566211700e-02 3.950628452003002167e-03 1.185082364827394485e-02 1.326774526387453079e-02 8.352990262210369110e-03 8.447527885437011719e-03 1.069903373718261719e-02 5.858198739588260651e-03 7.440015673637390137e-03 4.255062434822320938e-03 1.655166782438755035e-02 2.351553365588188171e-02 1.172248180955648422e-02 2.242440357804298401e-03 3.628927224781364202e-04 1.731893792748451233e-02 1.242097467184066772e-02 2.468172460794448853e-02 2.279360778629779816e-02 2.582539804279804230e-03 2.042280510067939758e-02 3.276325389742851257e-02 3.121702000498771667e-02 2.465653046965599060e-02 2.757705748081207275e-02 1.663179323077201843e-02 2.553349360823631287e-02 6.483631674200296402e-03 3.439660742878913879e-02 1.242827624082565308e-02 2.918503433465957642e-02 1.490288134664297104e-02 1.700760610401630402e-02 3.883550642058253288e-03 6.979101337492465973e-03 2.026557736098766327e-02 1.027606427669525146e-02 3.012663871049880981e-02 1.797682419419288635e-02 2.282191067934036255e-02 1.642210222780704498e-02 4.543738439679145813e-03 2.342814765870571136e-02 2.419626340270042419e-02 2.750868722796440125e-02 1.508874725550413132e-02 6.826094817370176315e-03 5.704061593860387802e-03 5.011468194425106049e-03 7.013441063463687897e-03 1.624395512044429779e-02 1.585345249623060226e-03 2.721301279962062836e-03 8.282690308988094330e-03 1.502525713294744492e-02 1.825880445539951324e-02 2.519062906503677368e-02 3.180187661200761795e-03 7.759635336697101593e-03 9.229242801666259766e-03 1.086946297436952591e-02 1.970666460692882538e-02 2.002292685210704803e-02 4.212323203682899475e-02 2.102678082883358002e-02 5.169424228370189667e-03 6.440593395382165909e-03 2.176728658378124237e-02 1.162049639970064163e-02 1.444546785205602646e-02 9.866272099316120148e-03
