8.402361273765563965e-01 6.652924418449401855e-02 1.370306406170129776e-02 3.407721221446990967e-02 3.687427192926406860e-02 5.917311459779739380e-02 6.096228957176208496e-02 6.332952994853258133e-03 1.014877296984195709e-02 1.098114531487226486e-02 6.680588424205780029e-02 2.168619073927402496e-02 4.665842652320861816e-02 3.854703856632113457e-03 1.488694362342357635e-02 2.679397119209170341e-03 1.414608908817172050e-03 1.673482125625014305e-03 2.095695398747920990e-02 3.120218776166439056e-02 2.737806364893913269e-02 1.987052522599697113e-02 1.286222692579030991e-02 4.249448829796165228e-04 1.666903123259544373e-02 2.787646371871232986e-03 1.848879619501531124e-03 3.341382369399070740e-03 1.585593074560165405e-02 1.990463770925998688e-02 1.074114628136157990e-02 8.849916048347949982e-03 3.030404215678572655e-03 1.866535283625125885e-02 1.106049865484237671e-02 2.960618212819099426e-02 1.634176075458526611e-02 1.868831180036067963e-02 4.019461944699287415e-02 3.625570982694625854e-02 1.021200791001319885e-02 9.399992413818836212e-03 1.379938330501317978e-02 1.794986799359321594e-02 1.098015252500772476e-02 1.562801189720630646e-04 2.919168770313262939e-02 1.989434659481048584e-02 2.501490898430347443e-02 1.693923026323318481e-02 5.620721261948347092e-03 7.310213521122932434e-03 2.768565528094768524e-02 1.869133114814758301e-02 7.245503831654787064e-03 1.084487233310937881e-02 1.984808780252933502e-02 1.048541720956563950e-02 8.084503002464771271e-03 1.557113695889711380e-02 2.335026673972606659e-02 5.765311419963836670e-03 1.515286974608898163e-02 1.513381768018007278e-02 3.433800861239433289e-02 1.613122969865798950e-02 5.741155706346035004e-03 9.900817647576332092e-03 1.505805086344480515e-02 5.739064072258770466e-04 9.941739030182361603e-03 1.084183109924197197e-03 1.699203439056873322e-02 1.596614159643650055e-02 2.581334300339221954e-02 2.701156958937644958e-02 1.019792351871728897e-02 6.513336207717657089e-03 1.714100874960422516e-02 1.363629824481904507e-03 1.861017942428588867e-02 7.625643629580736160e-03 2.534528821706771851e-02 3.073397278785705566e-02 1.207268331199884415e-02 2.968683606013655663e-03 7.588306441903114319e-03 1.630237326025962830e-02 5.407807417213916779e-03 2.477677771821618080e-03 7.452288409695029259e-04 1.826868159696459770e-03 2.833781472872942686e-04 1.467050868086516857e-03 1.216248795390129089e-02 1.659878529608249664e-02 8.655408397316932678e-03 2.678517624735832214e-02 8.441889658570289612e-03 7.212525699287652969e-03 2.934995479881763458e-02 3.420397266745567322e-02 1.365209463983774185e-02 1.219744049012660980e-02 2.460475265979766846e-02 2.667109947651624680e-03 1.285863853991031647e-02 7.128702942281961441e-03 4.668370634317398071e-02 7.703455630689859390e-04 2.014997880905866623e-03 1.814185827970504761e-02 4.130669869482517242e-03 1.964698079973459244e-03 2.166671305894851685e-02 8.120617829263210297e-03
6.652924418449401855e-02 8.402361273765563965e-01 2.045363001525402069e-02 3.431096300482749939e-02 3.163879737257957458e-02 4.434043169021606445e-02 5.777237564325332642e-02 2.530615602154284716e-04 1.304801274091005325e-02 1.120737940073013306e-02 6.219527497887611389e-02 4.738768097013235092e-03 5.525163561105728149e-02 5.526444874703884125e-03 1.400209404528141022e-02 9.467519121244549751e-04 3.932137973606586456e-03 9.329900145530700684e-03 1.756408624351024628e-02 2.312372252345085144e-02 7.374910637736320496e-03 1.709565706551074982e-02 2.957563847303390503e-03 1.433835946954786777e-03 8.682802319526672363e-03 1.162611995823681355e-03 5.854910239577293396e-03 3.208376932889223099e-03 1.741670072078704834e-02 2.169377729296684265e-02 3.536765230819582939e-03 4.441406112164258957e-03 4.010316450148820877e-03 8.485893718898296356e-03 9.685071185231208801e-03 2.877816185355186462e-02 2.601775340735912323e-02 1.239430438727140427e-02 2.885199524462223053e-02 3.358383476734161377e-02 7.856971584260463715e-03 4.456867929548025131e-03 1.008763071149587631e-02 2.961658872663974762e-02 4.646093118935823441e-03 4.646812565624713898e-03 2.877761609852313995e-02 2.011179178953170776e-02 1.778201386332511902e-02 1.666976884007453918e-02 4.756339825689792633e-03 8.182052522897720337e-03 2.190833538770675659e-02 2.369334176182746887e-02 1.130543649196624756e-02 9.836251847445964813e-03 4.753095563501119614e-03 6.454225629568099976e-03 1.079817209392786026e-02 2.597107924520969391e-02 2.267011813819408417e-02 1.054185628890991211e-02 2.354727126657962799e-02 9.051172062754631042e-03 3.760657086968421936e-02 2.685287781059741974e-02 1.632408611476421356e-02 1.503254845738410950e-02 5.284052342176437378e-03 4.670994356274604797e-03 9.148941375315189362e-03 1.111011300235986710e-02 1.251613907516002655e-02 1.578087918460369110e-02 1.859643310308456421e-02 1.226365659385919571e-02 1.371021103113889694e-02 1.113240979611873627e-02 2.047031372785568237e-02 1.467000041157007217e-02 2.730387076735496521e-02 4.925729241222143173e-03 1.513265818357467651e-02 2.654604241251945496e-02 7.952896878123283386e-03 2.310016279807314277e-04 7.729308214038610458e-03 1.553548406809568405e-02 2.492602448910474777e-03 1.008362695574760437e-02 1.234190445393323898e-02 3.874131711199879646e-03 1.542918942868709564e-02 7.169441785663366318e-03 2.029809728264808655e-02 1.077349670231342316e-02 1.547963917255401611e-02 2.655697986483573914e-02 1.765864202752709389e-03 4.318881314247846603e-03 3.123443573713302612e-02 2.182887680828571320e-02 1.025403570383787155e-02 1.297806110233068466e-02 2.224411629140377045e-02 9.161635302007198334e-03 2.335600927472114563e-02 1.490059960633516312e-02 3.475411608815193176e-02 4.035022109746932983e-03 5.040521267801523209e-03 1.880985498428344727e-02 1.175397634506225586e-02 9.421269409358501434e-03 1.462962385267019272e-02 2.175697870552539825e-02
1.370306406170129776e-02 2.045363001525402069e-02 8.402361273765563965e-01 8.905280381441116333e-03 9.724906645715236664e-03 1.802366599440574646e-02 1.913562417030334473e-02 5.264362320303916931e-02 1.510785706341266632e-02 1.128928828984498978e-02 1.850719004869461060e-02 1.690234802663326263e-02 2.080844901502132416e-02 7.960273651406168938e-04 5.513059441000223160e-03 3.179915621876716614e-02 2.801673300564289093e-02 6.056710146367549896e-03 1.363374013453722000e-02 9.950404055416584015e-03 4.135613515973091125e-02 8.978547528386116028e-03 1.411273144185543060e-02 1.543029490858316422e-02 1.852119225077331066e-03 1.159321516752243042e-02 1.265643630176782608e-03 1.984709640964865685e-03 1.017987169325351715e-02 3.813989926129579544e-03 6.945170927792787552e-03 1.923669688403606415e-02 5.720632150769233704e-03 4.084722138941287994e-03 2.089709229767322540e-02 2.027792669832706451e-02 1.036887709051370621e-02 3.778690937906503677e-03 3.145718947052955627e-03 1.464876811951398849e-02 9.433268569409847260e-03 9.934612549841403961e-03 2.284809760749340057e-02 2.979400008916854858e-02 1.140211522579193115e-02 2.578387269750237465e-03 1.806027814745903015e-02 2.288041450083255768e-02 2.959188446402549744e-02 9.625676088035106659e-03 1.464618276804685593e-02 4.830618202686309814e-02 3.263235837221145630e-02 5.443394649773836136e-03 6.382680498063564301e-03 1.527173072099685669e-02 4.465432721190154552e-04 7.755242288112640381e-03 1.452533900737762451e-02 1.837375015020370483e-02 3.655152395367622375e-02 1.512856502085924149e-02 1.555012189783155918e-03 2.765419706702232361e-02 1.545257959514856339e-02 1.263144658878445625e-03 4.176164977252483368e-03 1.806947961449623108e-02 1.984154805541038513e-02 1.747617125511169434e-02 1.540491916239261627e-02 1.726336218416690826e-02 1.197648583911359310e-03 7.862385362386703491e-03 4.412796406541019678e-04 9.893110254779458046e-04 1.598699390888214111e-02 1.855276897549629211e-02 1.780455000698566437e-03 8.012133650481700897e-03 3.984672576189041138e-02 2.502031438052654266e-02 1.676160655915737152e-02 2.630530111491680145e-02 4.332009237259626389e-03 8.115452714264392853e-03 1.806133612990379333e-02 1.386559940874576569e-02 1.040360983461141586e-02 2.982446923851966858e-03 4.510393831878900528e-03 9.361047297716140747e-03 1.814854145050048828e-02 1.070731785148382187e-02 5.555066745728254318e-03 1.286231167614459991e-02 4.806278273463249207e-03 2.484688721597194672e-02 1.627123355865478516e-02 4.154267534613609314e-02 1.719424268230795860e-03 8.365688845515251160e-03 5.938021000474691391e-03 2.468047104775905609e-02 2.367212809622287750e-02 2.362161502242088318e-02 1.640722714364528656e-02 1.177469827234745026e-02 1.060542091727256775e-02 3.741495311260223389e-04 6.825278513133525848e-03 7.616116199642419815e-03 1.762116141617298126e-02 1.240697223693132401e-02 1.107140793465077877e-03 2.076305262744426727e-02
3.407721221446990967e-02 3.431096300482749939e-02 8.905280381441116333e-03 8.402361273765563965e-01 5.422229692339897156e-02 2.040215954184532166e-02 2.933081984519958496e-02 1.823273673653602600e-02 3.321236371994018555e-02 2.501345984637737274e-02 3.759129717946052551e-02 1.586413593031466007e-03 4.084257408976554871e-02 1.359436567872762680e-02 1.601645722985267639e-02 6.541538517922163010e-03 8.699932135641574860e-03 2.542006224393844604e-02 2.151169814169406891e-02 6.789041217416524887e-03 1.571451139170676470e-04 3.494574455544352531e-03 1.889151986688375473e-03 9.443676099181175232e-03 4.980948753654956818e-03 1.861047232523560524e-03 1.830561831593513489e-02 1.055831275880336761e-02 3.116520307958126068e-02 4.694141447544097900e-03 9.511261247098445892e-03 1.523474324494600296e-02 1.582642644643783569e-02 1.366481650620698929e-03 1.471392717212438583e-02 2.480554208159446716e-02 1.113626919686794281e-02 1.677107997238636017e-02 3.613500669598579407e-02 3.532350808382034302e-02 2.644277364015579224e-02 1.125805731862783432e-02 6.742723751813173294e-03 2.172213420271873474e-02 1.188633870333433151e-02 1.021316368132829666e-02 1.342998165637254715e-02 1.356584113091230392e-02 2.715454436838626862e-02 1.023153774440288544e-03 5.386149976402521133e-03 1.359799690544605255e-02 2.773349918425083160e-02 1.199673768132925034e-02 6.069948896765708923e-03 5.736527382396161556e-04 9.394945576786994934e-03 7.741288281977176666e-03 4.007453098893165588e-02 2.153444290161132812e-02 1.216667052358388901e-02 1.304149348288774490e-02 3.769288212060928345e-02 5.994892679154872894e-03 4.905574768781661987e-02 2.807121351361274719e-02 5.027069244533777237e-03 1.929387822747230530e-02 1.232300139963626862e-02 1.111219357699155807e-02 2.053551934659481049e-02 1.068008597940206528e-02 2.672434784471988678e-02 6.325693801045417786e-03 3.723812103271484375e-02 8.480997756123542786e-03 2.174641750752925873e-02 3.264480829238891602e-02 7.128064171411097050e-04 1.290468778461217880e-02 3.106107935309410095e-02 2.129003405570983887e-02 2.554412931203842163e-02 3.462408483028411865e-02 1.532657165080308914e-02 9.832843206822872162e-03 3.055684454739093781e-02 7.626166101545095444e-03 1.764469314366579056e-03 2.043292112648487091e-02 1.464398019015789032e-02 1.507037691771984100e-02 9.944525547325611115e-03 1.526524964720010757e-02 8.597480133175849915e-03 6.180391646921634674e-03 3.359077125787734985e-02 2.986641041934490204e-02 1.013776659965515137e-02 1.205240096896886826e-02 2.423028089106082916e-02 1.552859437651932240e-03 2.419345825910568237e-02 3.521193983033299446e-03 2.801520936191082001e-02 1.033676695078611374e-02 1.942555233836174011e-02 3.640466183423995972e-02 1.035567186772823334e-02 1.601457968354225159e-02 1.461770385503768921e-02 2.539316751062870026e-02 8.507452905178070068e-03 3.204997337888926268e-04 1.461852900683879852e-02 2.016752585768699646e-02
3.687427192926406860e-02 3.163879737257957458e-02 9.724906645715236664e-03 5.422229692339897156e-02 8.402361273765563965e-01 2.466939575970172882e-02 2.686325088143348694e-02 1.451577246189117432e-02 1.748197712004184723e-02 2.165630832314491272e-02 4.073203727602958679e-02 1.313616638071835041e-03 3.828973695635795593e-02 1.808352582156658173e-02 9.802027605473995209e-03 7.400069385766983032e-03 1.187452487647533417e-02 6.862757261842489243e-03 2.053491398692131042e-02 2.004040032625198364e-02 1.459161285310983658e-02 1.919245580211281776e-03 3.393775841686874628e-04 5.276775453239679337e-03 1.109781023114919662e-02 1.374291628599166870e-02 2.306652069091796875e-02 1.443889923393726349e-02 2.141903713345527649e-02 9.692491032183170319e-03 1.862813514890149236e-04 1.543665677309036255e-02 1.384479179978370667e-02 1.099210605025291443e-02 5.800216924399137497e-03 3.245936334133148193e-02 2.284690923988819122e-02 1.512503623962402344e-02 4.084627702832221985e-02 3.441824391484260559e-02 2.626513876020908356e-02 1.416022144258022308e-02 1.813749037683010101e-02 2.818063087761402130e-02 6.472154054790735245e-03 1.004681736230850220e-02 1.274671591818332672e-02 7.746074348688125610e-03 2.481367439031600952e-02 1.194339338690042496e-02 8.189674466848373413e-03 3.752561751753091812e-03 1.916109211742877960e-02 2.840806357562541962e-02 6.213512737303972244e-03 8.845238015055656433e-03 7.732659578323364258e-03 8.118407800793647766e-03 2.968182787299156189e-02 2.687643468379974365e-02 2.067833673208951950e-03 1.995523460209369659e-02 2.972427383065223694e-02 4.614503588527441025e-03 4.254164546728134155e-02 2.302376180887222290e-02 8.529722690582275391e-03 9.745299816131591797e-03 2.913440112024545670e-03 8.007093332707881927e-03 1.948822475969791412e-02 4.265334922820329666e-03 2.913777902722358704e-02 1.451006275601685047e-03 4.152358323335647583e-02 1.507108472287654877e-02 2.208510041236877441e-02 2.901308611035346985e-02 1.061148475855588913e-02 1.235549245029687881e-02 3.139859437942504883e-02 2.411273680627346039e-02 2.410081773996353149e-02 4.227444902062416077e-02 1.311812549829483032e-02 1.229569967836141586e-02 3.227698057889938354e-02 1.727546565234661102e-02 5.813294090330600739e-03 1.107716467231512070e-02 1.301322598010301590e-02 2.318349666893482208e-02 1.016868185251951218e-02 1.162415929138660431e-02 2.029653824865818024e-02 7.954662665724754333e-03 2.730056457221508026e-02 3.588679805397987366e-02 8.948215283453464508e-03 6.166837643831968307e-03 3.063456714153289795e-02 1.121702417731285095e-02 2.235830388963222504e-02 1.530838897451758385e-03 2.501049079000949860e-02 1.781582483090460300e-03 2.712229080498218536e-02 1.816735975444316864e-02 2.231077104806900024e-02 1.215035840868949890e-02 2.363203279674053192e-02 2.896216325461864471e-02 6.060245446860790253e-03 9.413946419954299927e-03 8.702716790139675140e-03 1.676479913294315338e-02
5.917311459779739380e-02 4.434043169021606445e-02 1.802366599440574646e-02 2.040215954184532166e-02 2.466939575970172882e-02 8.402361273765563965e-01 6.883610039949417114e-02 1.050351304002106190e-03 2.074778079986572266e-02 1.673968695104122162e-02 5.180268362164497375e-02 2.331907674670219421e-02 4.166275262832641602e-02 1.284589990973472595e-02 1.687965542078018188e-02 1.964120008051395416e-02 1.233766973018646240e-02 2.249455079436302185e-02 2.728954888880252838e-02 2.736866101622581482e-02 3.496833890676498413e-02 6.678611505776643753e-03 8.726582862436771393e-03 1.475883182138204575e-02 1.703830808401107788e-02 3.397264285013079643e-03 9.477309882640838623e-03 1.634985767304897308e-02 2.311401069164276123e-03 1.246073190122842789e-02 1.921050995588302612e-02 1.120685227215290070e-02 1.437774579972028732e-02 3.428212553262710571e-02 6.450214423239231110e-03 1.506179384887218475e-02 1.273124106228351593e-02 8.158373646438121796e-03 2.863364294171333313e-02 2.459824457764625549e-02 1.529454533010721207e-02 2.448042109608650208e-02 2.787758782505989075e-02 1.226360350847244263e-02 1.512683276087045670e-02 2.201610477641224861e-03 3.493555262684822083e-02 1.753202453255653381e-02 3.945158421993255615e-02 6.049167830497026443e-03 6.460005417466163635e-03 5.465214140713214874e-03 2.492145448923110962e-02 1.461926288902759552e-02 1.843486540019512177e-02 1.458027213811874390e-02 1.363763585686683655e-02 2.275025099515914917e-02 5.659264978021383286e-03 1.131440396420657635e-03 8.780050091445446014e-03 7.932779379189014435e-03 5.439714062958955765e-03 1.523621659725904465e-02 1.494645141065120697e-02 2.640774240717291832e-03 1.171634998172521591e-02 1.596929319202899933e-02 3.435826860368251801e-03 1.332524884492158890e-02 1.072727236896753311e-02 7.561255479231476784e-04 1.430881954729557037e-02 9.679559618234634399e-03 1.892124116420745850e-02 7.565341889858245850e-03 9.624859318137168884e-03 1.425526454113423824e-03 2.660834928974509239e-03 1.460229698568582535e-02 1.425627432763576508e-02 1.652712118811905384e-03 2.302099578082561493e-02 2.085021883249282837e-02 2.297475561499595642e-02 2.689283108338713646e-03 3.781828272622078657e-04 9.806195273995399475e-03 8.939998224377632141e-03 1.506442390382289886e-02 4.782595671713352203e-03 1.150043564848601818e-03 9.387557394802570343e-03 6.885060109198093414e-03 1.907968148589134216e-02 2.794634923338890076e-02 2.059058286249637604e-02 1.711853407323360443e-02 1.208906713873147964e-02 1.514346245676279068e-02 1.920207962393760681e-02 3.104360029101371765e-02 1.982636004686355591e-02 7.564997766166925430e-03 1.823339611291885376e-02 7.538646925240755081e-03 3.820831188932061195e-03 2.579192863777279854e-03 5.132015049457550049e-02 7.497366168536245823e-04 5.007820203900337219e-03 1.219296082854270935e-02 7.276338059455156326e-03 1.139050908386707306e-02 2.167063020169734955e-02 9.149508550763130188e-04
6.096228957176208496e-02 5.777237564325332642e-02 1.913562417030334473e-02 2.933081984519958496e-02 2.686325088143348694e-02 6.883610039949417114e-02 8.402361273765563965e-01 6.180048803798854351e-04 1.161673851311206818e-02 1.854397170245647430e-02 5.572624877095222473e-02 2.526185661554336548e-02 4.964539781212806702e-02 1.238069217652082443e-02 2.113001048564910889e-02 8.014551363885402679e-03 4.906948655843734741e-03 1.761051081120967865e-02 3.047260828316211700e-02 2.197230607271194458e-02 2.600597403943538666e-02 6.702974904328584671e-03 5.853014998137950897e-03 3.659575013443827629e-03 1.083898823708295822e-02 2.699180040508508682e-03 1.436179131269454956e-02 6.347353104501962662e-03 1.106497831642627716e-02 2.380782552063465118e-02 3.028974868357181549e-03 1.222478598356246948e-02 1.263165660202503204e-02 2.452672272920608521e-02 1.488470472395420074e-03 1.784926466643810272e-02 1.919316686689853668e-02 7.492671720683574677e-03 2.614265680313110352e-02 2.170818485319614410e-02 1.628340594470500946e-02 2.834409847855567932e-02 3.138373792171478271e-02 1.303318142890930176e-02 5.670035723596811295e-03 1.689950935542583466e-02 4.567054659128189087e-02 3.467598557472229004e-02 3.178392723202705383e-02 1.805822364985942841e-03 1.165156625211238861e-02 7.883810438215732574e-03 1.972525939345359802e-02 1.286202482879161835e-02 4.435570444911718369e-03 6.631569005548954010e-03 9.711446240544319153e-03 6.422613747417926788e-03 8.041958324611186981e-03 1.699261018075048923e-03 1.184233650565147400e-02 5.159429274499416351e-03 1.489986386150121689e-02 1.875406131148338318e-02 2.269669063389301300e-02 1.445809099823236465e-02 1.262905076146125793e-03 1.058016624301671982e-02 3.956547472625970840e-03 1.181533932685852051e-02 7.752763107419013977e-03 1.199225895106792450e-03 1.240557245910167694e-02 1.360070612281560898e-02 1.502288971096277237e-02 8.201193064451217651e-03 7.336500100791454315e-03 9.573443792760372162e-03 1.169337541796267033e-03 1.214661169797182083e-02 2.150863781571388245e-02 1.072153332643210888e-03 1.879509910941123962e-02 2.692945860326290131e-02 1.372617576271295547e-02 1.182389724999666214e-02 4.495304077863693237e-03 1.301660668104887009e-02 1.259060669690370560e-02 1.661919243633747101e-02 8.191770873963832855e-03 4.422076977789402008e-03 1.117661129683256149e-02 5.989887285977602005e-03 2.216940373182296753e-02 2.582015842199325562e-02 1.448998320847749710e-02 1.728073321282863617e-02 6.439604330807924271e-03 1.376575138419866562e-02 2.531181089580059052e-02 3.393154218792915344e-02 1.605234295129776001e-02 6.413790397346019745e-04 2.118958532810211182e-02 7.325625047087669373e-03 5.001370329409837723e-03 4.701389465481042862e-03 4.911869019269943237e-02 1.234189979732036591e-02 8.979870937764644623e-03 1.282558660022914410e-03 1.654117740690708160e-02 2.289767377078533173e-02 2.899538725614547729e-02 1.542384829372167587e-02
6.332952994853258133e-03 2.530615602154284716e-04 5.264362320303916931e-02 1.823273673653602600e-02 1.451577246189117432e-02 1.050351304002106190e-03 6.180048803798854351e-04 8.402361273765563965e-01 1.918260240927338600e-03 4.065950866788625717e-03 1.192239485681056976e-02 7.391598541289567947e-03 1.354846730828285217e-02 2.430470194667577744e-03 4.513351246714591980e-02 2.471734397113323212e-02 2.168436162173748016e-02 2.304073981940746307e-02 1.403422933071851730e-02 3.172216936945915222e-03 1.064518815837800503e-03 2.510516904294490814e-02 3.992725536227226257e-02 3.836933523416519165e-02 1.398341543972492218e-02 1.025568880140781403e-02 1.379295159131288528e-02 6.466265302151441574e-03 1.106221810914576054e-03 1.023247465491294861e-02 3.522642509778961539e-05 2.344905771315097809e-02 2.500934293493628502e-03 1.201486308127641678e-02 2.007402479648590088e-02 9.945419151335954666e-04 5.347735714167356491e-03 2.093266882002353668e-02 1.123900804668664932e-02 1.508993096649646759e-02 4.987129941582679749e-03 1.157453283667564392e-02 6.131277419626712799e-03 2.487687207758426666e-02 7.886865176260471344e-03 8.878629654645919800e-03 6.994749419391155243e-03 4.986957646906375885e-04 5.523342173546552658e-03 3.911535604856908321e-04 2.939888462424278259e-02 1.437967363744974136e-02 2.941486239433288574e-02 6.209793034940958023e-03 1.049272436648607254e-02 6.125699263066053391e-03 5.551595240831375122e-03 3.525026259012520313e-04 2.168716862797737122e-02 1.470213010907173157e-02 2.476662769913673401e-02 2.156194299459457397e-03 2.259854972362518311e-02 3.589848522096872330e-03 1.258204318583011627e-02 1.033005211502313614e-02 1.592671312391757965e-02 2.306559309363365173e-02 1.180735602974891663e-02 1.221352722495794296e-03 4.080307669937610626e-03 1.491523906588554382e-02 1.916189678013324738e-02 1.931639970280230045e-03 1.268947217613458633e-02 9.958545677363872528e-03 1.907640323042869568e-02 9.758436121046543121e-03 4.995155613869428635e-03 1.183440443128347397e-03 5.471256002783775330e-02 4.491757974028587341e-02 2.703091502189636230e-02 3.954025451093912125e-03 1.415732403984293342e-04 1.438169833272695541e-02 4.655713960528373718e-02 2.776355482637882233e-02 2.195656532421708107e-03 5.714682396501302719e-03 2.899855375289916992e-03 1.924420148134231567e-02 9.997515939176082611e-03 1.895186305046081543e-02 1.220392435789108276e-02 1.763034798204898834e-02 6.364924367517232895e-03 3.677356615662574768e-02 1.228219550102949142e-02 1.854388508945703506e-03 2.179185859858989716e-02 2.946185879409313202e-02 1.128459721803665161e-02 2.672640420496463776e-02 2.282146364450454712e-02 4.342311993241310120e-03 1.331151556223630905e-02 1.313923671841621399e-02 1.280071772634983063e-02 1.115586701780557632e-02 1.414042897522449493e-02 8.915994316339492798e-03 2.338604442775249481e-02 9.350315667688846588e-04 2.624864690005779266e-03 1.839652098715305328e-02
1.014877296984195709e-02 1.304801274091005325e-02 1.510785706341266632e-02 3.321236371994018555e-02 1.748197712004184723e-02 2.074778079986572266e-02 1.161673851311206818e-02 1.918260240927338600e-03 8.402361273765563965e-01 2.023218385875225067e-02 1.213901117444038391e-02 2.326381020247936249e-02 1.548113115131855011e-02 8.078591898083686829e-03 7.330631837248802185e-03 3.442779928445816040e-02 1.877689361572265625e-02 2.411370351910591125e-02 4.280946217477321625e-03 6.915253587067127228e-03 8.346783928573131561e-03 1.916189119219779968e-02 3.581250086426734924e-02 3.182177618145942688e-02 8.419848978519439697e-03 4.610601812601089478e-03 1.833863183856010437e-02 3.843135014176368713e-02 2.867579692974686623e-03 1.029134448617696762e-02 4.857430758420377970e-04 1.251897215843200684e-02 1.231245230883359909e-02 6.119790486991405487e-04 3.265405539423227310e-03 6.924195215106010437e-03 1.478664763271808624e-02 2.081259712576866150e-02 2.839072793722152710e-02 3.462515398859977722e-02 2.392311394214630127e-02 1.739309728145599365e-02 1.212944393046200275e-03 7.618096657097339630e-03 2.373705618083477020e-02 1.650194264948368073e-02 7.015052251517772675e-03 3.825869061984121799e-04 3.926561772823333740e-02 6.854620762169361115e-03 8.999153214972466230e-05 4.638738464564085007e-03 2.100328356027603149e-02 9.020806755870580673e-04 1.747931353747844696e-02 1.595884561538696289e-02 1.676821708679199219e-02 1.143422536551952362e-02 2.489996701478958130e-02 7.392501458525657654e-03 2.634490840137004852e-02 6.667939946055412292e-03 1.239133998751640320e-02 1.728243939578533173e-02 2.508192509412765503e-02 2.370639704167842865e-02 3.128628246486186981e-03 1.713491603732109070e-02 4.398167133331298828e-02 1.103110332041978836e-02 3.235007077455520630e-02 3.207680583000183105e-02 2.349758893251419067e-02 4.569595213979482651e-03 2.000489458441734314e-02 2.896084822714328766e-02 5.227463692426681519e-02 3.664332628250122070e-02 2.973067946732044220e-02 4.106706765014678240e-04 1.134421490132808685e-02 1.787459291517734528e-02 2.693703025579452515e-02 1.135561731643974781e-03 2.101961709558963776e-02 7.688136538490653038e-04 1.256002020090818405e-02 8.186586201190948486e-03 2.361486293375492096e-02 1.988941431045532227e-02 5.451244302093982697e-03 2.410331740975379944e-03 3.344394033774733543e-03 2.348919957876205444e-02 2.105291374027729034e-02 8.783334866166114807e-03 8.787070401012897491e-03 3.227817651350051165e-04 1.171151828020811081e-02 4.898533690720796585e-03 2.243454754352569580e-02 1.822276157326996326e-03 2.367274463176727295e-02 2.346774376928806305e-02 1.220695674419403076e-02 2.184094674885272980e-02 2.012842334806919098e-02 4.169343784451484680e-02 1.835872884839773178e-03 1.547810714691877365e-02 9.969861712306737900e-04 2.394577488303184509e-02 4.162261728197336197e-03 8.281935937702655792e-03 3.125518560409545898e-02 6.000821013003587723e-03
1.098114531487226486e-02 1.120737940073013306e-02 1.128928828984498978e-02 2.501345984637737274e-02 2.165630832314491272e-02 1.673968695104122162e-02 1.854397170245647430e-02 4.065950866788625717e-03 2.023218385875225067e-02 8.402361273765563965e-01 1.008571404963731766e-02 2.640581876039505005e-02 2.658360823988914490e-02 1.517811324447393417e-02 5.100286565721035004e-03 9.643358178436756134e-03 2.513015456497669220e-02 2.478593774139881134e-02 4.304343461990356445e-02 3.582258708775043488e-03 1.677811704576015472e-02 1.112616853788495064e-03 2.168310107663273811e-03 1.185284461826086044e-02 5.951704923063516617e-03 1.028109248727560043e-02 2.423524670302867889e-02 1.166850514709949493e-02 4.736189544200897217e-02 5.084782838821411133e-03 2.612989023327827454e-02 9.074026020243763924e-04 1.501487102359533310e-02 2.561817318201065063e-02 3.402874572202563286e-03 9.730759076774120331e-03 1.700208522379398346e-02 1.248279213905334473e-02 1.335089746862649918e-02 2.334189414978027344e-02 7.271003909409046173e-03 1.694288477301597595e-02 3.555041924118995667e-02 2.389448508620262146e-02 3.756605787202715874e-03 3.250899538397789001e-02 2.518245764076709747e-02 1.553183048963546753e-02 9.493895806372165680e-03 4.915285483002662659e-02 3.145744791254401207e-03 1.456810161471366882e-02 1.444677822291851044e-02 9.262013249099254608e-03 4.879266023635864258e-03 2.230641245841979980e-02 1.279041450470685959e-02 2.892249030992388725e-03 1.183631550520658493e-02 6.270379293709993362e-03 9.167035110294818878e-03 3.034684062004089355e-02 9.742625057697296143e-03 3.036622656509280205e-03 2.317773178219795227e-02 2.083900757133960724e-02 1.164008677005767822e-02 5.039785988628864288e-03 1.664483733475208282e-02 3.705598041415214539e-02 3.516645869240164757e-03 1.401941198855638504e-02 6.028127390891313553e-03 1.203868538141250610e-02 5.954958032816648483e-03 9.066307917237281799e-03 1.951590820681303740e-04 4.565990343689918518e-02 1.864197477698326111e-02 6.351973116397857666e-02 3.643681854009628296e-02 2.146669104695320129e-02 1.387967728078365326e-02 2.398085035383701324e-02 1.537759229540824890e-02 2.554305642843246460e-02 5.188068840652704239e-03 1.992230303585529327e-03 2.326875552535057068e-02 2.409258112311363220e-02 3.009389713406562805e-02 3.885677084326744080e-02 4.293724894523620605e-03 1.485259179025888443e-02 2.712089382112026215e-02 2.204657904803752899e-02 1.424061786383390427e-02 1.771523617208003998e-02 1.459713908843696117e-03 2.752843545749783516e-03 2.492454275488853455e-02 9.206147864460945129e-03 1.513168215751647949e-02 9.961759205907583237e-04 3.592060878872871399e-03 1.125341095030307770e-02 1.032837852835655212e-02 3.037120623048394918e-04 4.171467851847410202e-03 1.147929392755031586e-02 8.243325166404247284e-03 4.517599940299987793e-03 3.772870113607496023e-04 5.649824626743793488e-03 1.731121726334095001e-02 2.005813410505652428e-03
6.680588424205780029e-02 6.219527497887611389e-02 1.850719004869461060e-02 3.759129717946052551e-02 4.073203727602958679e-02 5.180268362164497375e-02 5.572624877095222473e-02 1.192239485681056976e-02 1.213901117444038391e-02 1.008571404963731766e-02 8.402361273765563965e-01 1.728815026581287384e-02 5.280261114239692688e-02 6.196493748575448990e-03 5.603203549981117249e-03 2.658419543877243996e-03 5.413720384240150452e-03 5.278723314404487610e-03 2.510520443320274353e-02 3.143832460045814514e-02 1.611545868217945099e-02 4.560113884508609772e-03 1.597504690289497375e-02 5.505127832293510437e-03 9.337191469967365265e-03 9.710771963000297546e-03 6.284918636083602905e-03 6.462248973548412323e-03 8.232006803154945374e-03 1.152080763131380081e-02 1.743121445178985596e-02 8.921685628592967987e-03 1.018865499645471573e-02 1.168993487954139709e-02 8.443842642009258270e-03 2.984073013067245483e-02 2.951661311089992523e-02 7.536386139690876007e-03 3.138669207692146301e-02 3.227781131863594055e-02 1.507501211017370224e-02 1.211587525904178619e-02 1.570950634777545929e-02 3.164358809590339661e-02 4.628585651516914368e-03 6.883572321385145187e-03 2.803117595613002777e-02 1.588321663439273834e-02 3.330636769533157349e-02 1.983535848557949066e-02 2.531004429329186678e-04 3.738965606316924095e-03 2.830608934164047241e-02 2.536652795970439911e-02 2.704792656004428864e-03 1.087300572544336319e-02 1.410443615168333054e-02 1.307118963450193405e-02 1.438649278134107590e-02 3.111949935555458069e-02 1.584823988378047943e-02 6.714182905852794647e-03 2.901493012905120850e-02 2.895130077376961708e-03 3.817165270447731018e-02 2.386799268424510956e-02 1.468878006562590599e-03 5.836134660057723522e-04 3.796329488977789879e-03 4.124550614506006241e-03 8.595219696871936321e-05 3.626167774200439453e-03 2.187728881835937500e-02 8.629614487290382385e-03 3.063875623047351837e-02 1.677191630005836487e-02 1.137279905378818512e-02 4.262260627001523972e-03 1.176064275205135345e-02 1.075017824769020081e-02 2.948024496436119080e-02 1.168448757380247116e-02 1.291297189891338348e-02 3.015338070690631866e-02 1.236504688858985901e-02 4.185232799500226974e-03 2.174428291618824005e-02 1.694370643235743046e-03 2.170909428969025612e-03 5.795731674879789352e-03 1.896538655273616314e-03 1.041837036609649658e-02 5.955492146313190460e-03 1.358874887228012085e-02 1.023584417998790741e-02 1.207343116402626038e-02 4.042658954858779907e-03 3.401752561330795288e-02 2.904757624492049217e-03 5.843739490956068039e-03 2.873940579593181610e-02 2.950788103044033051e-02 5.419601686298847198e-03 3.327758284285664558e-03 3.505102917551994324e-02 7.285788655281066895e-03 1.862212829291820526e-02 1.357725914567708969e-02 3.922684118151664734e-02 6.414617877453565598e-03 1.554732117801904678e-02 2.933263778686523438e-02 4.626550653483718634e-04 5.151537247002124786e-03 1.665038987994194031e-02 1.161008235067129135e-02
2.168619073927402496e-02 4.738768097013235092e-03 1.690234802663326263e-02 1.586413593031466007e-03 1.313616638071835041e-03 2.331907674670219421e-02 2.526185661554336548e-02 7.391598541289567947e-03 2.326381020247936249e-02 2.640581876039505005e-02 1.728815026581287384e-02 8.402361273765563965e-01 7.878439500927925110e-03 6.378221511840820312e-02 7.771783974021673203e-03 3.042835369706153870e-02 2.102303318679332733e-02 5.249086767435073853e-03 2.914913743734359741e-02 3.755050478503108025e-03 3.674642741680145264e-02 2.027138695120811462e-02 4.794404283165931702e-02 2.059614285826683044e-02 4.763933364301919937e-03 1.874493435025215149e-02 1.799074374139308929e-02 4.653352126479148865e-02 1.634298637509346008e-02 3.488394245505332947e-02 1.749914255924522877e-03 1.709112524986267090e-02 1.625043153762817383e-02 1.431943662464618683e-02 1.116056554019451141e-02 3.081209724768996239e-03 4.983125254511833191e-03 2.688634209334850311e-02 2.059993566945195198e-03 5.094171967357397079e-03 1.767414435744285583e-02 5.869457498192787170e-03 2.506799064576625824e-02 9.924392215907573700e-03 4.728331416845321655e-02 2.892354130744934082e-02 2.208371832966804504e-02 2.193176932632923126e-02 9.370934218168258667e-03 3.883192082867026329e-03 3.575264010578393936e-03 7.763214875012636185e-03 5.599123425781726837e-03 9.995812550187110901e-03 6.948120892047882080e-03 4.688537679612636566e-03 3.500925004482269287e-02 3.147936984896659851e-02 2.031402103602886200e-02 1.357460208237171173e-02 2.965002320706844330e-02 7.298673503100872040e-03 1.554740965366363525e-02 2.909785509109497070e-02 5.700317211449146271e-03 1.508711464703083038e-02 1.142446044832468033e-02 3.479804471135139465e-02 4.237377643585205078e-02 1.625891588628292084e-02 2.044500224292278290e-02 2.052952162921428680e-02 2.769424766302108765e-02 4.430426750332117081e-03 1.647885330021381378e-02 3.647319227457046509e-02 3.422730788588523865e-02 5.249714478850364685e-03 2.760125324130058289e-03 3.522724658250808716e-02 4.888006020337343216e-03 5.901663098484277725e-03 1.494213659316301346e-02 7.815424352884292603e-03 4.261372145265340805e-03 1.166237145662307739e-02 1.257400121539831161e-02 2.136153541505336761e-02 3.137840703129768372e-02 7.820815662853419781e-04 8.273338899016380310e-03 6.978472229093313217e-03 1.082260441035032272e-02 1.591636799275875092e-02 4.349619557615369558e-04 1.476899441331624985e-02 1.486639142967760563e-03 1.001317519694566727e-02 1.822002604603767395e-02 1.262524724006652832e-02 7.579845841974020004e-03 1.952474750578403473e-02 2.832745760679244995e-02 3.082848340272903442e-02 1.346916658803820610e-03 2.144367201253771782e-03 3.228534758090972900e-02 2.668623812496662140e-02 1.910040155053138733e-02 5.219123326241970062e-03 2.435241639614105225e-02 1.526581682264804840e-02 4.846254363656044006e-03 2.958535030484199524e-02 2.109818905591964722e-02 1.050270907580852509e-02
4.665842652320861816e-02 5.525163561105728149e-02 2.080844901502132416e-02 4.084257408976554871e-02 3.828973695635795593e-02 4.166275262832641602e-02 4.964539781212806702e-02 1.354846730828285217e-02 1.548113115131855011e-02 2.658360823988914490e-02 5.280261114239692688e-02 7.878439500927925110e-03 8.402361273765563965e-01 9.510758332908153534e-03 6.997483316808938980e-03 9.467373602092266083e-03 2.549600088968873024e-03 6.585562368854880333e-05 1.815755851566791534e-02 2.347282692790031433e-02 1.585537381470203400e-02 4.410117864608764648e-03 9.513213299214839935e-03 9.774222038686275482e-03 3.254939336329698563e-03 5.706936586648225784e-03 9.666054509580135345e-03 1.012496417388319969e-03 2.835107222199440002e-02 1.221689861267805099e-02 1.800848112907260656e-04 3.862681624013930559e-04 1.741537079215049744e-02 6.690716836601495743e-03 2.638685517013072968e-03 2.497928030788898468e-02 2.236105687916278839e-02 9.665268007665872574e-04 3.117934614419937134e-02 3.503322973847389221e-02 2.491091191768646240e-02 1.182746025733649731e-03 1.330218557268381119e-02 3.725982829928398132e-02 3.917306661605834961e-03 6.562408525496721268e-03 2.469477429986000061e-02 2.352751046419143677e-02 2.302258647978305817e-02 3.286641323938965797e-03 1.242190413177013397e-02 8.126315660774707794e-03 2.341291308403015137e-02 1.784507371485233307e-02 2.284989692270755768e-03 6.732787005603313446e-03 2.140091545879840851e-02 4.977989010512828827e-03 2.661945857107639313e-02 2.348574995994567871e-02 1.347019616514444351e-02 5.875020753592252731e-03 1.824067533016204834e-02 2.225616946816444397e-03 3.954009339213371277e-02 2.699272893369197845e-02 1.086815446615219116e-02 1.424533780664205551e-02 1.376277767121791840e-02 3.993348218500614166e-03 8.685545995831489563e-03 1.228939555585384369e-02 1.372297853231430054e-02 1.377916987985372543e-02 2.176161110401153564e-02 6.255117710679769516e-03 4.875193990301340818e-04 1.362933218479156494e-02 1.817973703145980835e-02 4.856054671108722687e-03 4.039592668414115906e-02 2.018507011234760284e-02 8.512826636433601379e-03 3.112759441137313843e-02 8.047848008573055267e-03 5.498267244547605515e-03 2.532755583524703979e-02 6.876267027109861374e-03 9.556351229548454285e-03 5.434834747575223446e-04 1.969054155051708221e-02 1.729653589427471161e-02 1.449688337743282318e-02 1.869488693773746490e-02 2.874805964529514313e-02 8.593713864684104919e-03 1.134978327900171280e-02 1.983570866286754608e-02 9.168269112706184387e-03 9.299381636083126068e-03 2.516739629209041595e-02 1.059869304299354553e-02 1.683026924729347229e-02 1.175654958933591843e-02 1.724999770522117615e-02 1.632730849087238312e-02 1.935783587396144867e-02 9.428135119378566742e-03 3.028027154505252838e-02 3.068723017349839211e-03 7.036331109702587128e-03 1.983557082712650299e-02 1.133737992495298386e-02 5.473676137626171112e-03 4.373677656985819340e-04 1.340180076658725739e-02
