8.475466370582580566e-01 8.908158540725708008e-02 2.581099420785903931e-02 1.670321263372898102e-02 1.006904989480972290e-02 4.273972287774085999e-02 3.125135600566864014e-02 1.176463789306581020e-03 6.640577223151922226e-03 7.230516057461500168e-03 4.470366984605789185e-02 2.020069397985935211e-02 4.107484221458435059e-02 1.853615976870059967e-02 1.309584546834230423e-02 1.663402840495109558e-02 2.115320414304733276e-02 2.282208576798439026e-02 1.629482954740524292e-02 8.614408783614635468e-03 2.791545586660504341e-03 7.235381286591291428e-03 8.139237761497497559e-03 6.384133826941251755e-03 1.196014694869518280e-02 7.852639071643352509e-03 1.311378087848424911e-02 2.382171154022216797e-02 7.798172999173402786e-03 2.882065810263156891e-02 8.493015542626380920e-03 2.539353445172309875e-03 2.158891037106513977e-02 5.408228375017642975e-03 1.747057773172855377e-02 2.424914017319679260e-02 2.124144881963729858e-02 3.400219371542334557e-03 1.187436934560537338e-02 2.173704467713832855e-02 2.060316316783428192e-02 9.834902361035346985e-03 8.658631850266829133e-05 2.249517850577831268e-02 8.519716560840606689e-03 1.126524526625871658e-02 1.688879355788230896e-02 2.008384093642234802e-02 1.174596691271290183e-04 1.559074316173791885e-02 6.403611507266759872e-03 1.649401523172855377e-02 3.229992464184761047e-02 3.054151125252246857e-02 2.684953156858682632e-03 7.691858336329460144e-03 1.883389614522457123e-02 7.165664806962013245e-03 2.292676456272602081e-02 1.794390380382537842e-02 5.273964256048202515e-03 6.911601405590772629e-03 2.723969332873821259e-02 2.798204123973846436e-02 1.278404891490936279e-02 1.446358673274517059e-02 2.141850767657160759e-03 1.313868351280689240e-02 8.229348808526992798e-03 4.711772780865430832e-03 1.405470259487628937e-02 9.945144876837730408e-03 1.775552332401275635e-02 1.222796645015478134e-02 1.864713802933692932e-02 9.398090653121471405e-03 1.852736063301563263e-02 4.010716918855905533e-03 1.773337833583354950e-02 1.499780360609292984e-02 1.484340708702802658e-02 6.877950392663478851e-03 1.245337910950183868e-02 1.079482305794954300e-02 1.614331267774105072e-02 1.570456847548484802e-02 2.243524504592642188e-04 1.000359002500772476e-02 1.306131668388843536e-02 1.895264722406864166e-02 2.910930104553699493e-02 7.463873829692602158e-03 3.141740104183554649e-03 5.171122960746288300e-03 7.205537054687738419e-03 1.789064990589395165e-04 2.830782160162925720e-02 2.186006680130958557e-02 5.407501594163477421e-04 9.264389518648386002e-04 3.690518904477357864e-03 1.113053178414702415e-03 2.118627354502677917e-02 1.654683239758014679e-02 1.652340032160282135e-02 2.328754961490631104e-02 1.618998940102756023e-03 5.615130066871643066e-03 7.606406230479478836e-03 1.390916667878627777e-02 1.902918703854084015e-02 2.637868188321590424e-02 9.204206988215446472e-03 2.790912752971053123e-03 2.375946380198001862e-02 9.589857421815395355e-03
8.908158540725708008e-02 8.475466370582580566e-01 3.568594157695770264e-02 4.375247750431299210e-03 4.621734376996755600e-03 4.820160567760467529e-02 5.512457713484764099e-02 1.676023565232753754e-02 5.667693912982940674e-04 5.282764788717031479e-03 6.275939196348190308e-02 1.702921651303768158e-02 6.374985724687576294e-02 2.038523554801940918e-02 1.647430285811424255e-02 8.027041330933570862e-03 1.381006557494401932e-02 2.413977868854999542e-02 5.180557258427143097e-03 1.287462655454874039e-03 7.710782665526494384e-05 2.326093800365924835e-02 6.480128038674592972e-03 1.243778504431247711e-02 1.394970808178186417e-02 1.062141545116901398e-02 1.559150591492652893e-02 1.290651410818099976e-02 1.079538092017173767e-02 1.813249476253986359e-02 6.952397990971803665e-03 1.098990673199295998e-03 2.054023928940296173e-02 2.955391304567456245e-03 1.552193798124790192e-02 3.541427478194236755e-02 3.485353663563728333e-02 7.528227870352566242e-04 4.596518352627754211e-03 7.159403525292873383e-03 2.313014492392539978e-02 1.743766106665134430e-02 4.787796642631292343e-03 1.874351873993873596e-02 1.305933576077222824e-02 1.377916615456342697e-02 3.711418807506561279e-02 4.483275860548019409e-02 1.198681909590959549e-02 4.773754626512527466e-03 8.259451016783714294e-03 2.447116561233997345e-02 2.339740283787250519e-02 2.272204309701919556e-02 8.057738159550353885e-05 1.026988960802555084e-03 1.928043179214000702e-02 1.325019542127847672e-02 5.334986373782157898e-03 1.115252450108528137e-02 8.280322072096168995e-04 8.299651555716991425e-03 1.443581003695726395e-02 2.077042870223522186e-02 1.792108081281185150e-02 1.985050924122333527e-02 7.515658217016607523e-05 6.322424393147230148e-03 3.465932328253984451e-03 1.005025673657655716e-02 6.975861266255378723e-03 1.675846613943576813e-02 5.664282944053411484e-03 1.954427454620599747e-03 1.913320622406899929e-03 3.615745343267917633e-03 5.772705480922013521e-05 7.009048946201801300e-03 1.827185624279081821e-03 6.124928593635559082e-03 1.844891346991062164e-02 2.443622611463069916e-02 1.706875301897525787e-02 5.728147458285093307e-03 7.846749387681484222e-03 3.065397962927818298e-03 9.425791795365512371e-04 1.425315905362367630e-02 1.097769103944301605e-02 1.154253166168928146e-02 3.476196527481079102e-02 8.620489388704299927e-03 2.165783569216728210e-02 1.551437750458717346e-02 4.010536707937717438e-03 1.458473852835595608e-03 1.688281632959842682e-02 2.046515792608261108e-02 8.401444181799888611e-03 1.019675191491842270e-02 1.532619120553135872e-03 2.258087741211056709e-03 1.471258979290723801e-02 1.265028025954961777e-02 9.658680297434329987e-03 1.540767867118120193e-02 1.274279667995870113e-03 4.309711512178182602e-03 8.136807940900325775e-03 3.862897166982293129e-03 9.685147553682327271e-03 1.590357348322868347e-02 8.894737809896469116e-03 4.211767110973596573e-03 1.392924226820468903e-02 1.243903185240924358e-03
2.581099420785903931e-02 3.568594157695770264e-02 8.475466370582580566e-01 1.048487890511751175e-02 1.293923426419496536e-02 1.904390938580036163e-02 2.291574887931346893e-02 4.347363859415054321e-02 3.825514577329158783e-03 2.414879854768514633e-03 7.139543537050485611e-03 2.154253795742988586e-02 1.544348895549774170e-02 1.965061761438846588e-02 2.596448361873626709e-02 9.841972962021827698e-03 1.519513037055730820e-02 2.240081131458282471e-02 1.263479702174663544e-02 1.137610711157321930e-02 6.118018645793199539e-03 1.043336559087038040e-02 3.944507800042629242e-03 1.303372089751064777e-03 6.106269080191850662e-03 5.211328389123082161e-04 2.714646421372890472e-02 1.130255777388811111e-02 2.391137741506099701e-02 1.684845052659511566e-02 5.475217476487159729e-03 1.132678519934415817e-02 2.396203344687819481e-03 1.040735840797424316e-02 8.818941190838813782e-03 1.171304099261760712e-02 2.283727936446666718e-02 3.580071730539202690e-03 2.468495443463325500e-02 1.168729458004236221e-02 2.651061397045850754e-03 8.361072279512882233e-03 1.245587016455829144e-03 3.350499272346496582e-02 1.229768339544534683e-02 2.224036864936351776e-02 2.098159678280353546e-02 2.203820459544658661e-02 1.378502137959003448e-02 5.138678010553121567e-03 7.020412478595972061e-03 4.091248381882905960e-03 1.046652626246213913e-02 1.310970354825258255e-02 1.214573625475168228e-03 2.086411928758025169e-03 1.057428680360317230e-02 2.336625009775161743e-02 4.932725802063941956e-03 1.118815969675779343e-02 7.703832350671291351e-03 2.218707092106342316e-02 9.853342548012733459e-03 3.609752049669623375e-03 1.554014347493648529e-02 1.238327100872993469e-02 6.748650688678026199e-03 5.992189981043338776e-03 8.999843150377273560e-03 2.955884300172328949e-02 1.260091178119182587e-02 1.610581949353218079e-02 1.520780287683010101e-02 1.262215245515108109e-02 2.640241384506225586e-02 6.886934395879507065e-03 4.031399730592966080e-03 7.617466617375612259e-04 2.046422846615314484e-02 1.048847846686840057e-02 3.010811470448970795e-02 2.276670560240745544e-02 3.080084919929504395e-02 2.686128951609134674e-03 1.637484238017350435e-04 2.329923678189516068e-03 1.720493077300488949e-03 3.979201428592205048e-03 1.064854674041271210e-02 9.256071411073207855e-03 2.157514914870262146e-02 1.366477645933628082e-02 1.706249639391899109e-02 1.030056923627853394e-02 7.988648489117622375e-03 6.832789629697799683e-03 2.601500973105430603e-02 2.417936734855175018e-02 2.276703342795372009e-02 6.373909302055835724e-03 2.121011493727564812e-03 1.126669580116868019e-03 3.319464623928070068e-02 2.563039027154445648e-02 1.245763991028070450e-02 9.059829637408256531e-03 9.184281341731548309e-03 6.385804736055433750e-04 6.055762059986591339e-03 4.034116491675376892e-02 2.441250160336494446e-02 2.573108300566673279e-02 2.868538489565253258e-03 2.435237402096390724e-03 2.333565615117549896e-03 1.911695464514195919e-03
1.670321263372898102e-02 4.375247750431299210e-03 1.048487890511751175e-02 8.475466370582580566e-01 5.888740718364715576e-02 2.334308065474033356e-02 2.452138811349868774e-03 2.598399110138416290e-02 1.303343754261732101e-02 1.163210626691579819e-02 1.368282013572752476e-03 2.186484448611736298e-02 1.070631109178066254e-02 1.182362996041774750e-02 8.423013612627983093e-03 2.569052577018737793e-02 3.511415049433708191e-02 4.468096420168876648e-03 1.531413570046424866e-02 1.109291892498731613e-02 1.122627407312393188e-03 1.050352491438388824e-02 1.739191822707653046e-02 6.765972822904586792e-03 1.350486185401678085e-02 1.701086945831775665e-02 4.395171534270048141e-03 4.432208091020584106e-02 3.177221491932868958e-02 3.761897236108779907e-02 9.832048788666725159e-03 3.202579391654580832e-04 2.667350322008132935e-02 1.760891638696193695e-03 1.522237714380025864e-02 1.743731903843581676e-03 5.404269322752952576e-03 1.132346130907535553e-02 5.126181617379188538e-02 4.532299563288688660e-02 1.424300391227006912e-02 4.767547827214002609e-03 2.973553782794624567e-04 1.346103753894567490e-02 2.218328975141048431e-02 3.011612221598625183e-02 5.071058403700590134e-03 7.643608376383781433e-03 2.023904118686914444e-03 1.520732231438159943e-02 3.584031015634536743e-03 6.587768439203500748e-03 1.910798810422420502e-02 1.385374646633863449e-02 9.908742271363735199e-03 1.851701736450195312e-02 3.208784386515617371e-02 1.768609508872032166e-02 2.490759454667568207e-02 1.405945606529712677e-02 2.562242187559604645e-02 1.724606752395629883e-02 4.140961170196533203e-02 2.331251092255115509e-02 1.309489738196134567e-02 3.012566082179546356e-02 9.044964826898649335e-05 5.643222830258309841e-04 3.249970078468322754e-02 1.444342080503702164e-02 4.143886640667915344e-02 9.413509629666805267e-03 6.536088883876800537e-02 5.627761594951152802e-03 5.865861102938652039e-02 7.569767534732818604e-03 3.630599007010459900e-02 4.615595564246177673e-03 3.141182288527488708e-02 2.426650002598762512e-02 1.343049691058695316e-03 1.357035618275403976e-02 2.696502953767776489e-02 3.670337377116084099e-03 8.325289934873580933e-03 5.996402353048324585e-03 8.916886523365974426e-03 1.402352098375558853e-02 4.218887910246849060e-02 3.886701911687850952e-02 1.754522882401943207e-02 1.564021594822406769e-02 3.261584497522562742e-04 3.525035281199961901e-04 2.435622364282608032e-02 6.116920616477727890e-03 1.237645465880632401e-02 2.104314602911472321e-02 3.119773697108030319e-03 4.960904363542795181e-03 1.127625722438097000e-02 3.730353433638811111e-03 1.689455285668373108e-02 2.519601769745349884e-02 3.475407604128122330e-03 5.055834539234638214e-03 3.912773914635181427e-03 1.856420002877712250e-02 8.411536924540996552e-03 3.020257689058780670e-03 1.222231541760265827e-03 2.193592081312090158e-05 4.913409240543842316e-03 1.349536236375570297e-03 4.567205440253019333e-03 6.378801073879003525e-03
1.006904989480972290e-02 4.621734376996755600e-03 1.293923426419496536e-02 5.888740718364715576e-02 8.475466370582580566e-01 2.234845422208309174e-02 3.431295743212103844e-03 2.033009193837642670e-02 1.510944310575723648e-02 8.167518302798271179e-03 8.013476617634296417e-03 2.764660865068435669e-02 6.227079778909683228e-03 2.572361752390861511e-02 5.500278435647487640e-03 2.606133185327053070e-02 3.364964947104454041e-02 6.225238088518381119e-03 1.296451687812805176e-02 4.248074546921998262e-04 6.950244773179292679e-03 7.307819090783596039e-03 2.500155381858348846e-02 2.379787713289260864e-02 1.120947394520044327e-02 1.352916471660137177e-02 2.216408587992191315e-02 3.423352912068367004e-02 1.878134906291961670e-02 3.252790123224258423e-02 7.949377410113811493e-03 1.338196452707052231e-02 1.592283695936203003e-02 1.019751932471990585e-02 6.059090956114232540e-04 9.674531407654285431e-03 4.886618349701166153e-03 8.084272965788841248e-03 6.052307784557342529e-02 5.943812429904937744e-02 1.646561548113822937e-02 1.625332981348037720e-02 2.864804118871688843e-03 1.677030511200428009e-02 4.405368585139513016e-03 7.812766358256340027e-03 9.102511103264987469e-04 1.898540416732430458e-03 9.869554080069065094e-03 1.901848590932786465e-04 3.275749040767550468e-03 6.447930354624986649e-03 2.112726122140884399e-02 1.083205547183752060e-02 2.003466896712779999e-02 2.368463389575481415e-02 1.235772762447595596e-02 1.270706020295619965e-02 2.948018535971641541e-02 1.738983020186424255e-02 2.072872035205364227e-02 2.130234427750110626e-02 2.947983518242835999e-02 9.945522062480449677e-03 8.092110976576805115e-03 1.969187334179878235e-02 1.135222893208265305e-02 1.385405380278825760e-02 2.679210342466831207e-02 6.104459520429372787e-03 4.248756170272827148e-02 1.768689975142478943e-02 5.708904191851615906e-02 6.505978293716907501e-03 6.435151398181915283e-02 2.250592224299907684e-02 3.439437597990036011e-02 3.056987561285495758e-02 1.199114695191383362e-02 7.255996111780405045e-03 1.327215926721692085e-03 5.360216833651065826e-03 3.222392126917839050e-02 3.362765535712242126e-02 6.734040216542780399e-04 3.365841694176197052e-03 5.102946888655424118e-03 1.034539379179477692e-02 2.115591242909431458e-02 4.210130125284194946e-02 1.317441742867231369e-02 1.514450646936893463e-02 6.599524524062871933e-03 7.044792640954256058e-03 2.331065759062767029e-02 1.123291347175836563e-02 1.285813562572002411e-02 2.413892373442649841e-02 6.487497594207525253e-03 1.418809406459331512e-02 1.624266989529132843e-02 7.950715720653533936e-03 7.321754470467567444e-03 1.904869265854358673e-02 1.634371653199195862e-02 5.819276906549930573e-03 8.461513556540012360e-03 1.358977518975734711e-02 3.937665373086929321e-03 6.301777902990579605e-03 1.087388489395380020e-02 4.771471023559570312e-03 9.149579331278800964e-03 2.623217413201928139e-03 1.670032553374767303e-02 1.782282441854476929e-02
4.273972287774085999e-02 4.820160567760467529e-02 1.904390938580036163e-02 2.334308065474033356e-02 2.234845422208309174e-02 8.475466370582580566e-01 6.533372402191162109e-02 1.548100169748067856e-02 5.674084182828664780e-03 6.063335575163364410e-03 4.670492187142372131e-02 4.927107319235801697e-02 4.479376971721649170e-02 5.207370594143867493e-02 5.660488270223140717e-03 2.455226518213748932e-02 2.091003209352493286e-02 1.170902978628873825e-02 6.577334715984761715e-04 1.345129683613777161e-03 8.494337089359760284e-03 8.455738425254821777e-04 2.883350290358066559e-02 3.429556638002395630e-02 9.020372293889522552e-03 1.634798757731914520e-02 2.989629656076431274e-02 4.471743479371070862e-02 8.842317387461662292e-03 4.910328984260559082e-02 2.341568702831864357e-03 2.884639659896492958e-03 7.463656365871429443e-03 1.013684924691915512e-02 4.609236784745007753e-04 6.467727944254875183e-03 1.529199257493019104e-02 4.874127451330423355e-03 2.523458749055862427e-02 3.270115703344345093e-02 8.958790451288223267e-03 7.917607203125953674e-03 2.064186614006757736e-03 6.400238256901502609e-03 5.286548752337694168e-03 6.513290572911500931e-03 6.801377981901168823e-02 4.399820044636726379e-02 4.878850188106298447e-03 3.285627812147140503e-03 1.192739116959273815e-03 2.704920247197151184e-02 1.784820109605789185e-02 1.017893757671117783e-02 2.472494728863239288e-03 1.010336354374885559e-02 5.271020811051130295e-03 1.707086339592933655e-02 6.779109593480825424e-03 1.154851727187633514e-02 1.253580441698431969e-03 6.524882744997739792e-03 6.454534828662872314e-03 5.419603083282709122e-03 1.932426728308200836e-02 2.354928851127624512e-02 6.157816387712955475e-03 1.551457028836011887e-02 4.021189175546169281e-03 2.776080928742885590e-02 1.279750745743513107e-02 2.313457243144512177e-02 2.476195804774761200e-02 1.744114421308040619e-02 3.468206152319908142e-02 1.025191228836774826e-02 1.000455021858215332e-02 1.763221621513366699e-02 1.226437184959650040e-02 1.256602117791771889e-03 2.676718123257160187e-02 2.426786348223686218e-02 7.194818463176488876e-03 1.724162325263023376e-02 1.070589176379144192e-03 1.132495235651731491e-02 1.156750787049531937e-02 3.240631194785237312e-03 1.490906346589326859e-02 3.517193719744682312e-02 4.615300148725509644e-02 1.117708906531333923e-02 4.610025882720947266e-02 1.605893857777118683e-02 1.758161932229995728e-03 1.551236724480986595e-03 9.948583319783210754e-03 2.024797024205327034e-03 2.261472400277853012e-03 1.899549178779125214e-02 4.628264287021011114e-04 1.420330256223678589e-03 8.495957590639591217e-03 7.070843130350112915e-03 1.450084708631038666e-02 2.138308947905898094e-03 4.160222131758928299e-03 1.615287363529205322e-02 5.348914768546819687e-03 6.961340550333261490e-03 2.937051001936197281e-03 9.101117611862719059e-04 7.735829334706068039e-03 1.051937509328126907e-02 2.005899790674448013e-03 2.131781540811061859e-02
3.125135600566864014e-02 5.512457713484764099e-02 2.291574887931346893e-02 2.452138811349868774e-03 3.431295743212103844e-03 6.533372402191162109e-02 8.475466370582580566e-01 2.556474693119525909e-02 5.717601015930995345e-05 2.596149779856204987e-02 5.695352330803871155e-02 3.946181759238243103e-02 5.797477811574935913e-02 4.754534363746643066e-02 2.530051860958337784e-03 2.036055922508239746e-02 1.901328749954700470e-02 1.286280527710914612e-02 8.043026551604270935e-03 3.285441081970930099e-03 3.907400649040937424e-03 1.642962172627449036e-02 3.007558174431324005e-02 3.872026130557060242e-02 2.490386832505464554e-03 5.927985068410634995e-03 1.546892151236534119e-02 1.143796555697917938e-02 7.980184629559516907e-03 1.854619942605495453e-02 2.020773850381374359e-02 1.310545112937688828e-02 1.957062886503990740e-05 1.546482928097248077e-02 1.412999257445335388e-02 1.512252539396286011e-02 2.064379863440990448e-02 8.797627873718738556e-03 6.804224569350481033e-03 1.413223799318075180e-02 1.428965572267770767e-02 1.317125000059604645e-02 1.167579903267323971e-03 3.197133773937821388e-03 2.710466831922531128e-02 3.026368841528892517e-02 6.843885034322738647e-02 6.960223615169525146e-02 1.313213817775249481e-02 2.279577217996120453e-02 9.211960248649120331e-03 3.782167658209800720e-02 7.126591634005308151e-03 4.459411837160587311e-03 4.993820097297430038e-03 7.010604254901409149e-03 5.907443817704916000e-03 1.296666264533996582e-02 9.046579711139202118e-03 1.866622478701174259e-03 5.706476513296365738e-03 3.898313501849770546e-03 8.531131781637668610e-03 1.592907682061195374e-02 1.514410413801670074e-02 1.713885553181171417e-02 7.382370531558990479e-03 1.073633227497339249e-02 2.812574617564678192e-03 1.277350075542926788e-02 5.946679040789604187e-03 2.293718233704566956e-02 4.966175649315118790e-03 1.718793995678424835e-02 1.171447336673736572e-02 1.186046935617923737e-02 2.472652588039636612e-03 2.657189592719078064e-02 8.170176297426223755e-03 2.752967923879623413e-02 1.531745400279760361e-02 2.890844829380512238e-02 5.741769447922706604e-03 2.244514040648937225e-02 1.253625750541687012e-02 1.946987397968769073e-02 1.319634169340133667e-02 3.965589217841625214e-03 1.675380626693367958e-03 1.513690035790205002e-02 3.153693675994873047e-02 1.201950665563344955e-02 4.804965108633041382e-02 1.229609013535082340e-03 2.611659932881593704e-03 5.918310489505529404e-03 9.976333938539028168e-03 3.818212077021598816e-03 1.669304631650447845e-02 2.667148038744926453e-02 2.264471491798758507e-03 5.156224593520164490e-03 9.915196336805820465e-03 1.065878290683031082e-02 1.753356074914336205e-03 5.131526850163936615e-04 3.397373715415596962e-03 2.653267979621887207e-02 5.790436407551169395e-04 4.587124101817607880e-03 5.765860900282859802e-03 8.013392798602581024e-03 5.415507592260837555e-03 5.175748374313116074e-03 7.640982512384653091e-03 1.044237334281206131e-02
1.176463789306581020e-03 1.676023565232753754e-02 4.347363859415054321e-02 2.598399110138416290e-02 2.033009193837642670e-02 1.548100169748067856e-02 2.556474693119525909e-02 8.475466370582580566e-01 1.987713621929287910e-03 1.224216818809509277e-02 9.885463863611221313e-03 1.240533217787742615e-02 3.927694633603096008e-03 1.856647059321403503e-02 3.014642372727394104e-02 1.588054699823260307e-03 5.717624910175800323e-03 8.856339380145072937e-03 9.949885308742523193e-03 7.792604155838489532e-03 2.081172168254852295e-02 1.690936833620071411e-02 8.353102020919322968e-03 1.087076589465141296e-02 1.549800764769315720e-02 1.554364059120416641e-02 1.800987124443054199e-02 3.630161518231034279e-03 4.003380984067916870e-02 2.648897934705018997e-03 1.783856278052553535e-04 1.688403892330825329e-03 1.121844816952943802e-02 1.261315401643514633e-02 2.725286968052387238e-02 1.676319353282451630e-02 1.993446238338947296e-02 2.236957475543022156e-02 2.275946363806724548e-02 1.445191353559494019e-02 3.654533624649047852e-02 6.807263940572738647e-03 1.884599216282367706e-02 2.246656268835067749e-02 2.294540777802467346e-02 3.352204710245132446e-02 2.105626650154590607e-02 2.309428714215755463e-02 1.702861674129962921e-02 8.527017198503017426e-03 1.129651628434658051e-02 1.293267682194709778e-02 2.545356750488281250e-02 2.301676757633686066e-02 1.415645796805620193e-02 7.725976873189210892e-03 1.053128018975257874e-02 9.028534404933452606e-03 1.915073208510875702e-02 1.467822026461362839e-02 5.366467870771884918e-03 1.362595055252313614e-02 1.331759244203567505e-02 2.734258212149143219e-02 2.037998288869857788e-02 1.701974123716354370e-02 1.095068082213401794e-02 1.228503230959177017e-02 5.046831443905830383e-03 2.126526460051536560e-02 1.539021637290716171e-02 1.213769312016665936e-03 1.838268153369426727e-02 1.422607712447643280e-02 1.836534962058067322e-02 7.515921257436275482e-03 5.187018774449825287e-03 9.893518872559070587e-03 3.105732612311840057e-02 2.602655440568923950e-02 5.049760639667510986e-02 5.145452916622161865e-02 1.484509464353322983e-02 4.593393765389919281e-03 1.655056956224143505e-03 4.126765299588441849e-03 4.186772555112838745e-02 3.439544141292572021e-02 4.381000995635986328e-03 2.703569189179688692e-04 1.377223292365670204e-03 1.497603394091129303e-02 1.647248864173889160e-02 1.514859404414892197e-02 1.428211573511362076e-02 6.627148482948541641e-03 4.922447726130485535e-03 4.655051045119762421e-03 1.261195749975740910e-03 1.906916615553200245e-03 7.695166859775781631e-03 1.478266064077615738e-02 9.367900900542736053e-03 3.099642926827073097e-03 2.280579879879951477e-02 3.284560143947601318e-02 1.003894302994012833e-02 2.853907831013202667e-02 6.977598182857036591e-03 2.219539694488048553e-02 1.834174245595932007e-02 2.559420885518193245e-03 1.466912962496280670e-02 1.665764860808849335e-02 3.028642572462558746e-02 3.016833914443850517e-03
6.640577223151922226e-03 5.667693912982940674e-04 3.825514577329158783e-03 1.303343754261732101e-02 1.510944310575723648e-02 5.674084182828664780e-03 5.717601015930995345e-05 1.987713621929287910e-03 8.475466370582580566e-01 3.048066794872283936e-02 3.142266301438212395e-03 1.106787123717367649e-03 1.202513463795185089e-02 6.482387427240610123e-03 8.813768625259399414e-03 4.500912129878997803e-02 3.496801480650901794e-02 4.771928116679191589e-02 2.595078386366367340e-02 8.932584896683692932e-03 1.207800675183534622e-02 1.521192211657762527e-02 3.661996126174926758e-02 2.217858098447322845e-02 8.762953802943229675e-03 1.200030790641903877e-03 6.798483431339263916e-03 3.176026744768023491e-03 3.065550699830055237e-03 1.308024860918521881e-02 1.130518503487110138e-02 3.439840674400329590e-02 1.340147573500871658e-02 2.298152074217796326e-02 3.653424093499779701e-03 1.633752323687076569e-02 5.116960965096950531e-03 1.163991051726043224e-03 2.470110170543193817e-02 1.970241218805313110e-02 4.318012390285730362e-03 4.187841340899467468e-02 1.609017327427864075e-02 6.950334645807743073e-03 1.049576513469219208e-02 3.796845208853483200e-03 3.397732041776180267e-03 1.131261116825044155e-03 3.114023618400096893e-02 1.747567765414714813e-02 2.205602638423442841e-02 2.738858573138713837e-02 1.171246170997619629e-02 6.715343333780765533e-03 3.864653408527374268e-02 1.114353723824024200e-02 7.940235547721385956e-03 2.006259601330384612e-04 2.516669686883687973e-03 7.719107903540134430e-03 3.983907774090766907e-02 2.610161900520324707e-02 3.665218362584710121e-03 7.529993075877428055e-03 1.160459965467453003e-02 2.778068010229617357e-04 1.531284302473068237e-02 5.546968895941972733e-03 3.812921047210693359e-02 1.374716404825448990e-02 2.735071256756782532e-02 1.705846190452575684e-02 1.802830956876277924e-02 7.486362010240554810e-03 1.497350446879863739e-02 1.687914878129959106e-02 7.102080434560775757e-02 3.028273396193981171e-02 3.437912464141845703e-02 1.750988699495792389e-02 3.290368011221289635e-03 1.613336987793445587e-02 3.463754430413246155e-02 1.971279084682464600e-02 9.515616111457347870e-04 4.591460165102034807e-04 8.112226612865924835e-03 9.248588234186172485e-03 1.003391575068235397e-02 5.274733528494834900e-03 6.604573689401149750e-03 2.554254606366157532e-03 2.245102822780609131e-02 1.201644074171781540e-02 4.151455312967300415e-02 2.783227153122425079e-02 7.011207053437829018e-04 9.057298302650451660e-03 3.793405741453170776e-02 2.545874938368797302e-02 2.619221247732639313e-02 2.059892192482948303e-02 7.046833634376525879e-03 6.806605029851198196e-03 3.298076568171381950e-03 7.395019754767417908e-03 1.074177026748657227e-02 1.780480332672595978e-02 7.083626929670572281e-03 6.808469537645578384e-03 1.056393329054117203e-02 2.795829670503735542e-03 2.596319466829299927e-02 1.799337752163410187e-02 1.145563926547765732e-02 1.935414969921112061e-02
7.230516057461500168e-03 5.282764788717031479e-03 2.414879854768514633e-03 1.163210626691579819e-02 8.167518302798271179e-03 6.063335575163364410e-03 2.596149779856204987e-02 1.224216818809509277e-02 3.048066794872283936e-02 8.475466370582580566e-01 5.417824722826480865e-03 8.697744342498481274e-04 1.026345044374465942e-02 2.218277752399444580e-02 1.234100665897130966e-02 2.503735385835170746e-02 3.038380481302738190e-02 3.769587725400924683e-02 5.999445915222167969e-02 2.835052786394953728e-03 1.854296540841460228e-03 6.384784821420907974e-03 1.920399069786071777e-02 3.678291663527488708e-02 1.332797110080718994e-02 3.409041324630379677e-03 3.018995979800820351e-03 1.619107276201248169e-02 2.724430989474058151e-03 1.296006236225366592e-02 4.972027614712715149e-03 2.185401879251003265e-02 1.604143902659416199e-02 3.292585164308547974e-02 2.459170855581760406e-02 3.548214212059974670e-03 1.397006330080330372e-03 1.573846861720085144e-02 1.237840391695499420e-02 1.403713785111904144e-02 1.742348447442054749e-02 1.636120676994323730e-02 2.172269392758607864e-03 2.666844427585601807e-02 2.057985775172710419e-02 4.030191153287887573e-02 2.325214259326457977e-02 3.220713138580322266e-02 1.200563833117485046e-02 4.355931654572486877e-02 8.485223166644573212e-03 1.832436956465244293e-02 6.436443887650966644e-03 1.027534622699022293e-02 2.525995671749114990e-02 2.961258776485919952e-02 2.691113762557506561e-02 3.970061894506216049e-03 1.407606247812509537e-02 1.707581058144569397e-02 1.303988136351108551e-02 3.814492374658584595e-02 3.158545494079589844e-02 3.216207399964332581e-02 2.358039282262325287e-02 8.500666357576847076e-03 5.745008238591253757e-04 6.915171397849917412e-04 2.186650969088077545e-02 6.152449059300124645e-04 2.597144432365894318e-02 2.287769690155982971e-02 9.939749725162982941e-03 8.212759159505367279e-03 1.080267690122127533e-02 1.750160753726959229e-02 1.449881866574287415e-02 6.229507923126220703e-02 2.299044281244277954e-02 5.745085328817367554e-02 1.111627276986837387e-02 1.806811988353729248e-02 3.222900256514549255e-02 4.473301023244857788e-02 1.255415380001068115e-02 2.219132147729396820e-03 2.227582037448883057e-02 2.273271419107913971e-02 3.676673863083124161e-03 2.005911618471145630e-02 4.106563050299882889e-03 1.491961884312331676e-03 1.598204486072063446e-02 1.365924719721078873e-02 1.532297860831022263e-02 2.366200834512710571e-02 3.708361415192484856e-03 9.446366690099239349e-03 2.158763632178306580e-02 1.875339634716510773e-02 6.929623428732156754e-03 6.646845955401659012e-03 1.086541730910539627e-02 1.050518639385700226e-02 2.085461840033531189e-02 2.010384760797023773e-02 4.418238997459411621e-03 2.348124422132968903e-02 3.222963772714138031e-03 2.373136207461357117e-02 2.137069404125213623e-02 1.521619036793708801e-02 2.847763244062662125e-03 8.072000928223133087e-03 1.330813765525817871e-02 8.585288189351558685e-03
4.470366984605789185e-02 6.275939196348190308e-02 7.139543537050485611e-03 1.368282013572752476e-03 8.013476617634296417e-03 4.670492187142372131e-02 5.695352330803871155e-02 9.885463863611221313e-03 3.142266301438212395e-03 5.417824722826480865e-03 8.475466370582580566e-01 2.606137469410896301e-02 6.815257668495178223e-02 2.619852870702743530e-02 2.543432638049125671e-02 1.046267431229352951e-02 7.557696197181940079e-03 1.549235731363296509e-02 2.865916118025779724e-03 1.813525147736072540e-02 1.316077262163162231e-02 1.633310690522193909e-02 1.738703250885009766e-02 2.208281494677066803e-02 2.016072161495685577e-02 1.336630806326866150e-02 6.672895047813653946e-03 1.523954700678586960e-02 1.628532074391841888e-02 1.604003086686134338e-02 2.764600142836570740e-02 7.215291261672973633e-03 1.146422419697046280e-02 1.648979634046554565e-02 1.225464697927236557e-02 2.721549756824970245e-02 2.965040691196918488e-02 7.349980995059013367e-03 6.406551692634820938e-03 1.477934978902339935e-02 2.241522818803787231e-02 6.994941271841526031e-03 4.084648098796606064e-03 1.855909265577793121e-02 1.297105941921472549e-02 7.678451947867870331e-03 5.055496841669082642e-02 4.931376874446868896e-02 7.272059563547372818e-03 8.486833423376083374e-03 7.110182195901870728e-03 1.971301436424255371e-02 2.148893475532531738e-02 2.247904427349567413e-02 1.200253982096910477e-02 2.843742957338690758e-03 1.493349298834800720e-02 2.473692223429679871e-02 6.778123788535594940e-03 1.334546227008104324e-02 4.449905361980199814e-03 4.037981270812451839e-04 1.257091667503118515e-02 1.057953108102083206e-02 3.943630307912826538e-02 4.005336016416549683e-02 1.278607174754142761e-02 8.716184645891189575e-03 3.205894492566585541e-03 3.487391164526343346e-03 3.765020053833723068e-03 6.546082906424999237e-03 3.133724443614482880e-03 1.234509050846099854e-02 1.336556021124124527e-02 5.192568525671958923e-03 7.615550421178340912e-03 1.100634410977363586e-02 1.434590015560388565e-02 5.338549148291349411e-03 1.899725873954594135e-03 8.537663146853446960e-03 1.596843008883297443e-03 1.066705770790576935e-02 1.110327150672674179e-02 7.791463751345872879e-03 1.500285044312477112e-02 2.316785231232643127e-02 5.645038909278810024e-04 6.564169656485319138e-03 5.323428288102149963e-02 1.656227931380271912e-02 4.224847257137298584e-02 1.527526043355464935e-02 1.217842873302288353e-04 2.367275999858975410e-03 1.227173605002462864e-03 1.003203541040420532e-02 1.148769725114107132e-02 2.490807138383388519e-02 8.392047137022018433e-03 1.745874620974063873e-02 9.365801699459552765e-03 6.134774535894393921e-03 1.226550992578268051e-02 1.760070770978927612e-02 1.285561826080083847e-02 2.157319337129592896e-03 6.484296172857284546e-03 6.397002842277288437e-03 1.233595516532659531e-02 4.736531060189008713e-03 4.732001107186079025e-03 5.961911752820014954e-03 1.703295856714248657e-02 1.380024570971727371e-02
2.020069397985935211e-02 1.702921651303768158e-02 2.154253795742988586e-02 2.186484448611736298e-02 2.764660865068435669e-02 4.927107319235801697e-02 3.946181759238243103e-02 1.240533217787742615e-02 1.106787123717367649e-03 8.697744342498481274e-04 2.606137469410896301e-02 8.475466370582580566e-01 2.249111421406269073e-02 7.644052803516387939e-02 7.132327184081077576e-03 1.061459258198738098e-02 1.917073130607604980e-02 2.189967222511768341e-02 1.979119144380092621e-02 2.808060031384229660e-03 5.148865748196840286e-03 7.672094739973545074e-03 3.994829952716827393e-02 3.616855293512344360e-02 1.245450112037360668e-03 3.568833926692605019e-03 2.731624245643615723e-02 2.947584725916385651e-02 4.986055195331573486e-03 4.743779450654983521e-02 2.871230710297822952e-03 2.283438807353377342e-03 7.701305206865072250e-03 9.137846063822507858e-04 6.570119876414537430e-03 1.013496425002813339e-02 7.879017852246761322e-03 1.007562130689620972e-02 2.518980205059051514e-02 3.263486549258232117e-02 2.270654309540987015e-03 1.496911048889160156e-02 8.219789015129208565e-05 9.133766405284404755e-03 3.187302872538566589e-02 2.100640535354614258e-02 5.132760852575302124e-02 2.690730057656764984e-02 6.831092294305562973e-03 8.682758547365665436e-03 1.876598969101905823e-02 3.529893234372138977e-02 8.058942854404449463e-03 1.297365542995976284e-05 6.330359261482954025e-03 4.710947629064321518e-03 4.614118079189211130e-04 1.943958736956119537e-02 3.599488642066717148e-03 1.071931328624486923e-02 1.926843635737895966e-02 1.674846559762954712e-02 1.238966453820466995e-02 6.508640013635158539e-03 2.055804245173931122e-02 2.424285933375358582e-02 7.468980737030506134e-03 7.485451642423868179e-03 6.402923259884119034e-03 2.078731730580329895e-02 9.312948212027549744e-03 5.930467508733272552e-03 1.742254942655563354e-02 1.618977822363376617e-02 2.577301673591136932e-02 1.530666276812553406e-02 1.772135868668556213e-02 3.186684101819992065e-02 1.056162640452384949e-02 8.676891447976231575e-04 3.207559511065483093e-02 5.946985445916652679e-03 2.697383752092719078e-03 3.371802158653736115e-03 1.849846914410591125e-02 2.471017651259899139e-02 6.932684686034917831e-03 1.309559866786003113e-02 1.838452764786779881e-03 3.434464707970619202e-02 4.788266867399215698e-02 8.415607735514640808e-03 3.854660689830780029e-02 6.664571701548993587e-04 3.828835906460881233e-03 1.482636481523513794e-02 6.180635653436183929e-03 1.475023664534091949e-02 5.580189172178506851e-03 2.041957899928092957e-02 1.748108887113630772e-03 3.555971896275877953e-03 4.723578691482543945e-03 1.365927048027515411e-02 1.260854303836822510e-02 9.034822694957256317e-03 8.441991172730922699e-03 9.157470427453517914e-03 1.818248629570007324e-02 7.434373255819082260e-03 1.286055613309144974e-02 3.089547317358665168e-05 3.301521996036171913e-03 4.850447643548250198e-03 1.828499697148799896e-02 1.108938455581665039e-02
4.107484221458435059e-02 6.374985724687576294e-02 1.544348895549774170e-02 1.070631109178066254e-02 6.227079778909683228e-03 4.479376971721649170e-02 5.797477811574935913e-02 3.927694633603096008e-03 1.202513463795185089e-02 1.026345044374465942e-02 6.815257668495178223e-02 2.249111421406269073e-02 8.475466370582580566e-01 2.051632851362228394e-02 1.527969446033239365e-02 1.896008849143981934e-02 1.726919598877429962e-02 3.117025829851627350e-03 8.905201102606952190e-04 2.010597661137580872e-02 1.710649766027927399e-02 1.607947982847690582e-02 2.335711196064949036e-02 2.239604666829109192e-02 2.718697674572467804e-02 2.025382034480571747e-02 1.509406603872776031e-03 1.346062775701284409e-02 6.571528036147356033e-03 1.069099549204111099e-02 3.416108712553977966e-02 1.809059642255306244e-02 1.860940456390380859e-02 1.987573318183422089e-02 1.686239987611770630e-02 2.420623786747455597e-02 2.767499163746833801e-02 9.311386384069919586e-03 1.052419561892747879e-02 1.467950269579887390e-02 1.100709009915590286e-02 1.612544246017932892e-02 1.463905442506074905e-02 7.810018025338649750e-03 1.892618276178836823e-02 1.202530972659587860e-02 4.656520113348960876e-02 5.373954400420188904e-02 2.113188244402408600e-02 1.337434165179729462e-02 2.063732594251632690e-02 2.997570857405662537e-02 1.380105223506689072e-02 9.505426511168479919e-03 7.686009630560874939e-03 4.374525509774684906e-03 1.801063492894172668e-02 2.399988844990730286e-02 8.660038933157920837e-03 4.363760817795991898e-03 1.271554920822381973e-02 1.190111879259347916e-02 9.709999896585941315e-03 7.587004918605089188e-03 2.486865222454071045e-02 4.274755343794822693e-02 2.110854163765907288e-02 1.554573886096477509e-02 9.609692730009555817e-03 1.329007209278643131e-03 9.744607843458652496e-03 3.443720750510692596e-03 3.159075742587447166e-03 4.824450705200433731e-03 8.346548303961753845e-03 3.227241570129990578e-03 1.337675657123327255e-02 9.110948070883750916e-03 4.078607540577650070e-03 4.724014084786176682e-03 1.448550634086132050e-02 1.554967556148767471e-02 8.447082713246345520e-03 7.775410078465938568e-03 1.829531043767929077e-02 1.928454823791980743e-02 2.775941975414752960e-04 2.008188702166080475e-02 8.371785283088684082e-03 2.153522567823529243e-03 3.983592987060546875e-02 1.747151091694831848e-02 4.132788255810737610e-02 2.417022548615932465e-02 7.471930235624313354e-03 3.343603573739528656e-03 3.064294811338186264e-03 3.547959262505173683e-03 2.219864539802074432e-02 2.928726933896541595e-02 1.983881555497646332e-02 2.215436100959777832e-02 2.511627040803432465e-03 2.606269845273345709e-04 8.914889767765998840e-03 1.322266552597284317e-02 1.213455107063055038e-02 1.019488321617245674e-03 8.883933536708354950e-03 1.352329179644584656e-02 2.204821910709142685e-03 1.235695322975516319e-03 7.311228662729263306e-03 1.044623274356126785e-02 4.982576356269419193e-04 1.331633981317281723e-02
