8.484359383583068848e-01 7.700197398662567139e-02 3.791130846366286278e-03 7.108544465154409409e-03 6.348550319671630859e-03 3.902691602706909180e-02 1.581546105444431305e-02 2.401700243353843689e-02 1.967480592429637909e-02 3.751597926020622253e-02 5.541178211569786072e-02 1.829132623970508575e-02 4.666697978973388672e-02 3.575835842639207840e-03 4.947971552610397339e-03 1.051425561308860779e-02 1.269608153961598873e-03 4.170959442853927612e-02 3.730503469705581665e-02 5.460085812956094742e-03 8.748154155910015106e-03 6.539829540997743607e-03 1.122683286666870117e-02 3.865983569994568825e-03 1.689628697931766510e-02 1.358156837522983551e-02 1.094968244433403015e-02 1.939274743199348450e-02 3.147106990218162537e-02 1.396472007036209106e-02 2.910377271473407745e-02 3.622724208980798721e-03 2.416514046490192413e-02 5.816787015646696091e-04 4.014683072455227375e-04 1.360508520156145096e-02 1.566345989704132080e-02 6.737729534506797791e-03 9.188871830701828003e-03 4.683050327003002167e-03 3.214012132957577705e-03 2.315442776307463646e-03 1.905992627143859863e-02 6.060461048036813736e-03 9.848104789853096008e-03 1.590199582278728485e-02 3.189446777105331421e-02 2.671295031905174255e-02 2.461990108713507652e-03 2.487750165164470673e-02 7.088608108460903168e-03 5.670840386301279068e-03 2.797470195218920708e-03 5.132775753736495972e-03 5.503278225660324097e-04 2.189897187054157257e-02 1.443810947239398956e-02 1.032757200300693512e-02 1.010628137737512589e-02 1.400633156299591064e-02 2.694582194089889526e-02 7.937846705317497253e-03 5.031784530729055405e-04 4.503528587520122528e-03 2.520855329930782318e-02 2.661576867103576660e-02 1.427069655619561672e-03 8.913442492485046387e-03 2.305640280246734619e-02 3.429710119962692261e-02 9.558876976370811462e-03 1.139738783240318298e-02 3.839641285594552755e-04 2.875290438532829285e-02 6.360529456287622452e-03 2.247031964361667633e-02 2.951056882739067078e-02 3.938072547316551208e-02 4.191921558231115341e-03 3.662299737334251404e-02 7.434904109686613083e-04 1.751559600234031677e-02 2.326383069157600403e-02 1.664303243160247803e-02 1.053269393742084503e-02 1.432769559323787689e-02 2.735830144956707954e-03 2.058491297066211700e-02 1.982881315052509308e-02 2.861138805747032166e-02 3.307510539889335632e-02 2.226873300969600677e-02 2.601325698196887970e-02 1.186482701450586319e-02 1.200949773192405701e-03 6.452021189033985138e-03 1.545896567404270172e-02 1.297845505177974701e-02 9.300713427364826202e-03 9.279082529246807098e-03 1.538883079774677753e-03 3.017104929313063622e-03 3.428358351811766624e-03 1.204087020596489310e-04 4.476693458855152130e-03 1.137853041291236877e-02 2.720994409173727036e-03 9.329572319984436035e-03 8.469063788652420044e-03 8.532014675438404083e-03 2.497007837519049644e-03 9.571268223226070404e-03 3.104420145973563194e-03 1.353123318403959274e-02 1.510901842266321182e-02 8.155889809131622314e-03
7.700197398662567139e-02 8.484359383583068848e-01 1.062233932316303253e-02 1.115703023970127106e-03 6.185120902955532074e-03 6.225490942597389221e-02 5.663846433162689209e-02 2.740003354847431183e-02 1.180413551628589630e-02 1.078909263014793396e-02 4.896448552608489990e-02 5.292894318699836731e-03 5.087450519204139709e-02 1.878808485344052315e-03 5.100068170577287674e-03 1.383721176534891129e-02 1.306000445038080215e-02 3.547579050064086914e-02 1.977460645139217377e-02 7.685492746531963348e-03 3.965699579566717148e-03 1.186607638373970985e-03 7.271766196936368942e-03 2.621784573420882225e-03 8.719278499484062195e-03 1.997043378651142120e-03 9.141431190073490143e-03 1.382156182080507278e-02 2.158217132091522217e-02 1.914753578603267670e-02 2.252830192446708679e-02 5.025626625865697861e-03 2.337637543678283691e-02 5.765861831605434418e-03 6.332843098789453506e-03 1.023121085017919540e-02 2.245381008833646774e-03 4.213969688862562180e-03 4.610313568264245987e-03 1.295488094910979271e-03 3.123397473245859146e-03 3.019327064976096153e-03 1.279671024531126022e-02 1.539136748760938644e-02 1.333731506019830704e-02 9.317749179899692535e-03 3.187604993581771851e-02 2.168907225131988525e-02 5.935813300311565399e-03 4.600218962877988815e-03 1.333039370365440845e-03 1.659092376939952374e-03 9.255615994334220886e-03 1.001776196062564850e-02 3.647645004093647003e-03 2.899591578170657158e-03 4.311983007937669754e-03 1.293384586460888386e-03 2.209800062701106071e-03 9.755926206707954407e-03 3.078501671552658081e-02 9.071366861462593079e-03 7.759949192404747009e-03 5.255851894617080688e-03 1.340722199529409409e-02 8.488735184073448181e-03 3.084550378844141960e-03 6.036182399839162827e-03 3.282214328646659851e-02 4.793837666511535645e-03 7.093044929206371307e-03 4.746055603027343750e-02 8.310716657433658838e-05 4.444466438144445419e-03 2.168069127947092056e-03 2.723532728850841522e-02 2.196948602795600891e-02 2.227482944726943970e-02 7.642609532922506332e-03 1.748119853436946869e-02 8.221472613513469696e-03 4.646620072890073061e-04 2.765919640660285950e-02 4.279232118278741837e-03 7.198810111731290817e-03 2.294898265972733498e-03 2.553800586611032486e-03 1.117641199380159378e-02 5.830173846334218979e-03 2.400011941790580750e-02 2.420219033956527710e-02 8.740589953958988190e-03 1.496088132262229919e-02 5.933948326855897903e-03 2.013547345995903015e-03 5.081106210127472878e-04 1.251768320798873901e-03 3.334249928593635559e-02 2.573142293840646744e-03 6.441585719585418701e-03 8.244002237915992737e-04 1.248923595994710922e-03 9.397485293447971344e-03 7.777138147503137589e-03 2.590623917058110237e-03 9.331720881164073944e-03 9.023724123835563660e-03 2.004752168431878090e-04 1.405330188572406769e-02 5.829377099871635437e-03 3.209997666999697685e-03 1.583578065037727356e-02 7.018588948994874954e-03 8.333656005561351776e-03 3.601200133562088013e-02 2.935549616813659668e-02
3.791130846366286278e-03 1.062233932316303253e-02 8.484359383583068848e-01 8.247070945799350739e-03 5.822770763188600540e-03 2.357155783101916313e-03 6.753952708095312119e-03 4.733853414654731750e-02 1.243170467205345631e-03 1.053416449576616287e-02 1.653556246310472488e-03 1.115353405475616455e-02 2.305794507265090942e-03 7.924376055598258972e-03 1.491701416671276093e-02 3.050607815384864807e-02 2.696847170591354370e-02 1.231832243502140045e-02 1.617293688468635082e-03 3.226576605811715126e-03 8.504278026521205902e-03 1.938368380069732666e-02 1.704814098775386810e-02 1.933123171329498291e-02 1.052536070346832275e-02 3.201286075636744499e-03 2.132241055369377136e-02 1.299477834254503250e-02 7.163798902183771133e-03 2.551473490893840790e-02 3.415027400478720665e-03 1.937368512153625488e-02 5.793554242700338364e-03 2.183935604989528656e-02 1.176243275403976440e-02 1.294302754104137421e-02 1.603067107498645782e-02 6.190664600580930710e-03 2.059896849095821381e-02 1.773068122565746307e-02 1.779340021312236786e-02 5.075004301033914089e-04 1.084536500275135040e-02 4.062501341104507446e-02 1.306557655334472656e-02 8.832933381199836731e-03 7.276511751115322113e-03 1.333497813902795315e-03 2.145080594345927238e-03 1.400762796401977539e-02 4.401273094117641449e-03 1.370502077043056488e-02 1.366009656339883804e-02 8.963575586676597595e-03 7.492460310459136963e-03 7.525376509875059128e-03 1.305589452385902405e-02 1.792952651157975197e-03 9.471477940678596497e-03 7.714827544987201691e-03 9.226812981069087982e-04 2.196379238739609718e-03 4.743798635900020599e-03 1.125544030219316483e-02 8.074123412370681763e-03 1.139037497341632843e-02 1.150539843365550041e-03 5.859069526195526123e-03 9.219073690474033356e-03 5.732242483645677567e-03 7.328423671424388885e-04 2.208592742681503296e-02 2.625437267124652863e-02 4.183089826256036758e-03 2.201270312070846558e-02 1.392280915752053261e-03 5.380777176469564438e-03 5.725492723286151886e-03 5.103603936731815338e-03 5.670065525919198990e-03 6.396711617708206177e-02 3.283621743321418762e-02 1.092243380844593048e-02 5.380138289183378220e-03 7.377334870398044586e-03 7.477454375475645065e-03 1.924242638051509857e-02 1.545871514827013016e-02 8.621037937700748444e-03 5.813528783619403839e-03 8.976637385785579681e-03 1.332922745496034622e-02 2.796894113998860121e-04 1.185223832726478577e-02 1.574089936912059784e-02 1.627373695373535156e-02 3.945630043745040894e-03 4.613481927663087845e-03 8.873295155353844166e-04 5.660202819854021072e-03 6.913148099556565285e-04 2.554891398176550865e-03 6.147360894829034805e-03 1.081540156155824661e-02 1.828313432633876801e-02 5.874505732208490372e-03 6.383283529430627823e-03 3.554127411916851997e-03 4.296644590795040131e-03 3.691049991175532341e-03 2.864862792193889618e-02 2.120914310216903687e-02 2.623321721330285072e-03 8.906294591724872589e-03 5.369342979975044727e-04 2.065899781882762909e-02
7.108544465154409409e-03 1.115703023970127106e-03 8.247070945799350739e-03 8.484359383583068848e-01 3.784466534852981567e-02 5.975556559860706329e-03 1.533579360693693161e-02 7.250860217027366161e-04 2.890250459313392639e-02 4.790168721228837967e-03 1.771408692002296448e-02 1.154654566198587418e-02 8.729068562388420105e-03 5.295478622429072857e-04 2.244183560833334923e-03 2.725631371140480042e-02 2.586415223777294159e-02 1.145034190267324448e-02 1.515438687056303024e-02 2.526582963764667511e-02 2.437846921384334564e-02 1.260542031377553940e-02 1.700496673583984375e-02 1.888142526149749756e-02 3.026480786502361298e-02 7.350146770477294922e-03 6.332077085971832275e-03 5.291922017931938171e-03 1.325697079300880432e-02 4.470856394618749619e-03 2.461348660290241241e-03 2.939221449196338654e-02 1.447883248329162598e-02 3.493267297744750977e-02 2.619906142354011536e-02 1.081601064652204514e-02 1.087760925292968750e-02 3.820449579507112503e-03 4.503158107399940491e-02 2.928314357995986938e-02 9.425943717360496521e-03 1.367281749844551086e-02 1.936942152678966522e-02 4.968062974512577057e-03 2.795160561800003052e-02 2.865798957645893097e-02 2.928080782294273376e-02 2.368343994021415710e-02 8.793569169938564301e-03 2.388290688395500183e-02 8.100739680230617523e-03 1.247764006257057190e-02 2.379107847809791565e-02 1.428755000233650208e-02 1.989432796835899353e-02 2.328339219093322754e-02 2.962187677621841431e-02 2.051473408937454224e-02 1.812978833913803101e-02 2.421405352652072906e-02 1.872168853878974915e-02 1.137997116893529892e-02 3.024571016430854797e-02 7.173933088779449463e-03 2.270218543708324432e-02 1.946719363331794739e-02 2.861673012375831604e-02 1.785272173583507538e-02 1.038471981883049011e-02 1.028786180540919304e-03 9.021030738949775696e-03 1.102275121957063675e-02 4.534802585840225220e-02 9.677527472376823425e-03 3.743392229080200195e-02 2.041907794773578644e-02 1.347319316118955612e-02 6.133857648819684982e-03 1.693950220942497253e-02 1.104884501546621323e-02 6.199544761329889297e-03 1.859019696712493896e-02 2.393942268099635839e-04 4.810510203242301941e-03 1.273969095200300217e-02 1.982244849205017090e-02 1.208619307726621628e-02 1.102720480412244797e-02 2.606195025146007538e-02 3.283099271357059479e-03 2.809381484985351562e-02 1.365031581372022629e-02 1.893012598156929016e-02 4.620856139808893204e-03 3.114041313529014587e-02 2.812882512807846069e-02 1.885923906229436398e-03 3.406733274459838867e-03 2.668365603312849998e-03 1.370547618716955185e-02 2.161256410181522369e-02 1.125193294137716293e-02 9.172751568257808685e-03 4.336642101407051086e-03 2.493286505341529846e-02 1.993158273398876190e-02 2.410547807812690735e-02 2.051037922501564026e-02 2.106548659503459930e-02 2.238913998007774353e-02 7.044807542115449905e-03 6.183814257383346558e-03 1.082668360322713852e-02 1.437106076627969742e-02 1.816110871732234955e-02 1.597035117447376251e-02
6.348550319671630859e-03 6.185120902955532074e-03 5.822770763188600540e-03 3.784466534852981567e-02 8.484359383583068848e-01 6.569936871528625488e-03 2.101846737787127495e-03 1.518324599601328373e-03 2.938370034098625183e-02 1.021658256649971008e-02 9.482351597398519516e-04 2.244700305163860321e-02 6.898305378854274750e-03 5.286885425448417664e-03 3.636422334238886833e-03 3.549861162900924683e-02 3.995647653937339783e-02 9.209442883729934692e-03 1.119632087647914886e-02 2.045030891895294189e-02 2.229410037398338318e-02 1.401828136295080185e-02 1.718857884407043457e-02 2.900573052465915680e-02 2.012968249619007111e-02 1.406299881637096405e-02 2.228200435638427734e-03 2.922955201938748360e-03 4.660868551582098007e-03 4.152284469455480576e-03 3.611666383221745491e-03 2.231458388268947601e-02 1.755403727293014526e-02 3.251004219055175781e-02 2.664325945079326630e-02 8.791773580014705658e-03 4.883349174633622169e-04 9.162317030131816864e-03 3.347681090235710144e-02 4.609085246920585632e-02 5.665822536684572697e-04 5.587622523307800293e-03 1.669654808938503265e-02 1.465274766087532043e-02 9.663581848144531250e-03 1.958885788917541504e-02 2.172020450234413147e-02 1.089010667055845261e-02 3.446025308221578598e-03 1.616111956536769867e-02 4.758396185934543610e-03 1.206856500357389450e-02 1.660027913749217987e-02 1.252320595085620880e-02 3.552763024345040321e-03 1.663273945450782776e-02 1.857407577335834503e-02 8.071429096162319183e-03 1.086522266268730164e-02 2.426909655332565308e-02 2.029788494110107422e-02 2.748204208910465240e-02 2.766590192914009094e-02 1.142641808837652206e-02 1.535777002573013306e-02 1.493139844387769699e-02 2.333704382181167603e-02 1.894656755030155182e-02 5.406533367931842804e-03 1.365336030721664429e-02 2.261086925864219666e-02 7.364344317466020584e-03 3.391826525330543518e-02 1.853343285620212555e-02 4.092374444007873535e-02 7.324865087866783142e-03 8.278054185211658478e-03 1.895252428948879242e-02 1.063678320497274399e-02 3.231530776247382164e-03 6.315363105386495590e-03 1.840971596539020538e-02 1.032946910709142685e-02 2.213384583592414856e-02 8.487782441079616547e-03 1.468193996697664261e-02 1.712084189057350159e-02 1.868004351854324341e-02 2.466150745749473572e-02 2.281419700011610985e-03 1.830999366939067841e-02 1.979180797934532166e-02 1.517627853900194168e-02 1.302196271717548370e-02 3.205081075429916382e-02 4.440494999289512634e-02 1.561905443668365479e-02 2.086669672280550003e-03 1.052780658937990665e-03 1.393398363143205643e-02 2.404193393886089325e-02 1.884053274989128113e-02 1.679021306335926056e-02 1.814658008515834808e-02 1.790110208094120026e-02 2.481678873300552368e-02 2.073095366358757019e-02 1.638912223279476166e-02 2.173992432653903961e-02 1.443081535398960114e-02 4.809204547200351954e-04 6.804320495575666428e-03 1.861157640814781189e-02 1.506349444389343262e-02 1.711193285882472992e-02 2.745425328612327576e-02
3.902691602706909180e-02 6.225490942597389221e-02 2.357155783101916313e-03 5.975556559860706329e-03 6.569936871528625488e-03 8.484359383583068848e-01 9.099494665861129761e-02 1.214840100146830082e-03 2.120278216898441315e-02 4.978913348168134689e-03 3.093893639743328094e-02 1.689732447266578674e-02 1.889569871127605438e-02 2.992736734449863434e-02 2.601059526205062866e-02 1.515772007405757904e-02 1.817340962588787079e-02 2.573993429541587830e-02 6.622661370784044266e-03 3.182501066476106644e-03 2.365088788792490959e-03 1.400510128587484360e-02 3.690971934702247381e-04 8.148005232214927673e-03 1.836307579651474953e-03 4.771589301526546478e-03 1.361901033669710159e-02 2.807807410135865211e-03 5.560338031500577927e-03 1.462855725549161434e-03 1.022416912019252777e-02 6.264914292842149734e-03 8.723169565200805664e-03 5.885361693799495697e-03 1.372071914374828339e-03 3.420628374442458153e-03 4.854359198361635208e-03 3.017280250787734985e-04 1.257968950085341930e-03 1.536246016621589661e-02 1.244765892624855042e-02 1.037018559873104095e-02 1.208757702261209488e-02 1.366194896399974823e-02 2.873332612216472626e-02 1.424811687320470810e-02 5.628212541341781616e-02 3.651848435401916504e-02 2.020759508013725281e-03 1.986917341127991676e-03 9.440947324037551880e-03 2.552934922277927399e-03 1.423485018312931061e-02 5.478681530803442001e-03 6.163426209241151810e-03 1.872253953479230404e-03 1.182606909424066544e-02 7.329086307436227798e-03 4.296076658647507429e-04 9.277470409870147705e-03 1.743936166167259216e-02 9.455092251300811768e-03 1.836544647812843323e-02 1.315282564610242844e-02 1.347518526017665863e-02 2.114822342991828918e-02 1.097246771678328514e-03 2.602840540930628777e-03 2.874119020998477936e-02 2.686002478003501892e-02 6.493959226645529270e-04 4.402917623519897461e-02 6.397009827196598053e-03 2.043261192739009857e-02 8.727123960852622986e-03 2.001264691352844238e-02 1.825544796884059906e-02 1.005802210420370102e-02 1.534067187458276749e-02 5.487603135406970978e-03 8.001596434041857719e-04 6.450529675930738449e-03 2.702366001904010773e-02 1.058592461049556732e-02 5.484373774379491806e-03 8.221027441322803497e-03 1.221101917326450348e-02 3.364610311109572649e-04 1.334678847342729568e-02 2.467715367674827576e-02 2.665177918970584869e-02 6.691330578178167343e-03 2.431266009807586670e-02 6.723861675709486008e-03 6.133278831839561462e-03 9.246931411325931549e-03 1.757188700139522552e-02 3.533614426851272583e-02 1.384880393743515015e-02 1.004513818770647049e-03 5.903360433876514435e-04 3.629034152254462242e-03 1.729474961757659912e-02 1.915439404547214508e-02 2.321386709809303284e-03 7.185677532106637955e-03 1.107273995876312256e-02 1.124224159866571426e-02 2.262661000713706017e-03 1.968176290392875671e-02 1.149315387010574341e-02 1.067835092544555664e-02 2.068637171760201454e-03 6.769417785108089447e-03 3.435866162180900574e-02 1.861950568854808807e-02
1.581546105444431305e-02 5.663846433162689209e-02 6.753952708095312119e-03 1.533579360693693161e-02 2.101846737787127495e-03 9.099494665861129761e-02 8.484359383583068848e-01 4.975456278771162033e-03 2.695634774863719940e-02 2.080561779439449310e-02 2.693643979728221893e-02 2.187562733888626099e-02 1.841982267796993256e-02 5.044751986861228943e-02 2.676670812070369720e-02 4.412932321429252625e-03 1.393554452806711197e-02 1.812919043004512787e-02 5.367511883378028870e-03 1.134552061557769775e-02 4.597915336489677429e-03 1.604988612234592438e-02 6.237148307263851166e-03 1.316466275602579117e-02 8.312911726534366608e-03 2.862691879272460938e-03 2.270538359880447388e-02 1.473546680063009262e-02 5.313092842698097229e-03 6.327572744339704514e-03 9.028636850416660309e-03 5.856317875441163778e-05 3.323782235383987427e-03 3.489000024273991585e-03 1.271362695842981339e-02 4.011961631476879120e-03 1.101470552384853363e-02 1.738039078190922737e-03 1.065031904727220535e-02 5.465866066515445709e-03 1.724988594651222229e-02 1.115016988478600979e-03 1.052770297974348068e-02 2.004250511527061462e-02 2.963714301586151123e-02 2.537092752754688263e-02 5.562717467546463013e-02 5.125488713383674622e-02 2.528182696551084518e-03 1.189464237540960312e-03 1.319328695535659790e-02 2.627367852255702019e-03 5.054786335676908493e-03 3.777123289182782173e-03 7.142347749322652817e-03 3.163277579005807638e-04 1.709858886897563934e-02 7.368265651166439056e-03 4.499513190239667892e-03 1.044953148812055588e-02 4.779349546879529953e-03 1.700015272945165634e-03 2.539743110537528992e-02 1.329301390796899796e-02 1.542518660426139832e-02 2.387424185872077942e-02 3.903256263583898544e-03 6.918358616530895233e-03 2.724816650152206421e-02 3.091636672616004944e-02 6.735367700457572937e-03 4.385069385170936584e-02 1.551234722137451172e-02 2.342447452247142792e-02 1.437446661293506622e-02 2.211905084550380707e-02 1.245861593633890152e-02 2.882496220991015434e-03 1.482896856032311916e-03 1.434023678302764893e-02 2.614047378301620483e-03 7.305385544896125793e-03 2.774405106902122498e-02 1.528158318251371384e-02 5.009172018617391586e-03 2.277401741594076157e-03 9.066468104720115662e-03 1.300891977734863758e-03 5.440471228212118149e-03 4.614592064172029495e-03 3.406368196010589600e-02 5.473144818097352982e-03 3.854886442422866821e-02 4.941939376294612885e-03 5.512932315468788147e-03 3.553084330633282661e-03 2.020366676151752472e-02 4.388446733355522156e-02 1.016876660287380219e-02 1.969618955627083778e-03 3.109674435108900070e-03 3.484159475192427635e-03 1.168969087302684784e-02 1.705051399767398834e-02 8.352484554052352905e-03 2.526968717575073242e-03 1.020532683469355106e-03 1.052524149417877197e-02 9.486170485615730286e-03 2.460286580026149750e-02 2.035154774785041809e-02 1.275137718766927719e-02 5.819006357342004776e-03 7.590461522340774536e-03 2.440819516777992249e-02 9.215315803885459900e-03
2.401700243353843689e-02 2.740003354847431183e-02 4.733853414654731750e-02 7.250860217027366161e-04 1.518324599601328373e-03 1.214840100146830082e-03 4.975456278771162033e-03 8.484359383583068848e-01 3.335558809340000153e-03 1.582531817257404327e-02 2.191018685698509216e-02 1.551002264022827148e-02 2.091209776699542999e-02 1.742606796324253082e-02 3.373173996806144714e-02 1.058385334908962250e-02 6.752774585038423538e-03 1.731755025684833527e-02 5.555727402679622173e-04 7.952926680445671082e-03 3.209525486454367638e-03 2.788781933486461639e-02 1.134493947029113770e-02 1.445168536156415939e-02 1.413916237652301788e-02 1.520412042737007141e-02 1.553879491984844208e-02 3.765900852158665657e-03 1.785788498818874359e-02 2.154429070651531219e-02 1.389143150299787521e-02 1.281768456101417542e-02 9.377294220030307770e-03 8.741901256144046783e-03 2.860415261238813400e-03 2.984441071748733521e-02 3.240885213017463684e-02 2.836207672953605652e-02 4.056714533362537622e-04 1.379229780286550522e-02 3.799416497349739075e-02 1.382941100746393204e-02 2.238133735954761505e-02 3.429461270570755005e-02 1.222490426152944565e-02 1.528014056384563446e-02 1.115309260785579681e-02 2.125811995938420296e-03 1.108688302338123322e-02 1.703003421425819397e-02 1.405843347311019897e-02 2.069891057908535004e-02 8.273036219179630280e-03 7.335756905376911163e-03 6.755912676453590393e-03 1.369860954582691193e-02 1.025944761931896210e-02 2.212874963879585266e-02 4.008840769529342651e-03 1.819005608558654785e-02 7.949715945869684219e-04 7.815370336174964905e-03 7.332247681915760040e-03 2.956682350486516953e-03 1.948736421763896942e-02 9.923335164785385132e-03 7.777942344546318054e-03 1.134710572659969330e-02 1.107701472938060760e-02 2.491866610944271088e-02 2.757023321464657784e-03 2.953656075987964869e-04 2.086473861709237099e-03 1.888191699981689453e-02 3.764163702726364136e-03 7.516735699027776718e-03 5.245552398264408112e-03 1.729169487953186035e-02 5.550238769501447678e-03 9.172388352453708649e-03 4.451091215014457703e-02 3.468626365065574646e-02 1.000247709453105927e-02 6.112902890890836716e-03 1.566412858664989471e-02 1.541982498019933701e-02 3.016151674091815948e-02 3.558161482214927673e-02 1.054348982870578766e-02 2.625099383294582367e-03 1.704526878893375397e-02 2.854309603571891785e-02 7.990924641489982605e-03 1.451808027923107147e-02 9.127644822001457214e-03 1.497860811650753021e-02 2.973489277064800262e-02 1.115904655307531357e-02 2.139145880937576294e-02 2.679289132356643677e-02 9.390803985297679901e-03 1.611866243183612823e-02 3.356811776757240295e-02 2.747670933604240417e-02 1.281298883259296417e-02 1.526622567325830460e-02 1.462252810597419739e-02 1.151009462773799896e-02 7.010822184383869171e-03 9.441991336643695831e-03 4.520716890692710876e-02 3.155064210295677185e-02 1.462315768003463745e-02 1.789173111319541931e-02 1.413593301549553871e-03 2.520417096093297005e-03
1.967480592429637909e-02 1.180413551628589630e-02 1.243170467205345631e-03 2.890250459313392639e-02 2.938370034098625183e-02 2.120278216898441315e-02 2.695634774863719940e-02 3.335558809340000153e-03 8.484359383583068848e-01 1.043701078742742538e-02 2.923627197742462158e-02 3.080843016505241394e-02 2.678706310689449310e-02 1.459165289998054504e-02 8.252119296230375767e-04 5.336360540241003036e-03 1.328460057266056538e-03 2.955714799463748932e-02 2.585035935044288635e-02 1.498542819172143936e-02 1.549673359841108322e-02 3.059493319597095251e-04 5.566282197833061218e-03 5.580406170338392258e-03 2.405324019491672516e-02 1.109568122774362564e-02 1.872617565095424652e-02 3.062329022213816643e-03 2.154394984245300293e-02 6.541233044117689133e-03 2.208089642226696014e-02 5.819334648549556732e-03 9.596845135092735291e-03 1.840129308402538300e-02 2.932321280241012573e-02 2.850803313776850700e-03 7.512141019105911255e-03 8.145386353135108948e-03 3.101000934839248657e-02 3.120476193726062775e-02 1.245871558785438538e-02 9.177985601127147675e-03 1.536910980939865112e-02 1.898600533604621887e-02 2.544905990362167358e-02 3.379674255847930908e-02 4.222442582249641418e-02 4.155904054641723633e-02 6.185172125697135925e-03 2.729978226125240326e-02 6.369373295456171036e-03 3.137796418741345406e-03 1.584043167531490326e-02 1.900797523558139801e-02 3.134023398160934448e-03 2.307176031172275543e-02 7.236163131892681122e-03 8.591612800955772400e-03 1.924467459321022034e-02 3.530476987361907959e-02 3.409198950976133347e-03 2.855313755571842194e-02 1.984441280364990234e-02 1.054253894835710526e-02 3.439449891448020935e-02 3.688995167613029480e-02 8.278272114694118500e-03 1.139722997322678566e-03 3.196359425783157349e-02 1.215550862252712250e-02 1.310833450406789780e-02 2.711569145321846008e-02 1.784892380237579346e-02 1.091023720800876617e-02 2.351913973689079285e-02 3.629417344927787781e-02 5.832254141569137573e-02 5.545618012547492981e-03 5.123202223330736160e-03 1.631766743957996368e-02 9.223190136253833771e-03 1.698103360831737518e-02 4.011076316237449646e-02 9.677093476057052612e-03 5.358915776014328003e-03 1.953447982668876648e-02 4.717758856713771820e-03 1.307980250567197800e-02 3.995963558554649353e-02 1.082934066653251648e-02 4.045870527625083923e-02 1.913741976022720337e-02 3.788713365793228149e-02 4.163018427789211273e-03 9.881662204861640930e-03 2.200878411531448364e-02 3.400520654395222664e-03 4.013503342866897583e-02 2.796260826289653778e-02 1.663131173700094223e-03 4.476769827306270599e-03 3.530264366418123245e-03 6.031316239386796951e-03 8.140192949213087559e-04 2.255045436322689056e-02 2.768015675246715546e-02 9.860218502581119537e-03 2.307265624403953552e-02 3.963871859014034271e-03 4.120054468512535095e-02 7.230591494590044022e-03 1.105534378439188004e-02 4.110101610422134399e-03 4.288861528038978577e-03 8.221482858061790466e-03 1.637274213135242462e-02
3.751597926020622253e-02 1.078909263014793396e-02 1.053416449576616287e-02 4.790168721228837967e-03 1.021658256649971008e-02 4.978913348168134689e-03 2.080561779439449310e-02 1.582531817257404327e-02 1.043701078742742538e-02 8.484359383583068848e-01 6.590424105525016785e-03 3.414363786578178406e-02 7.350344676524400711e-04 1.592809916473925114e-03 3.830741858109831810e-03 1.302063651382923126e-02 4.065982997417449951e-02 1.460336521267890930e-02 5.361817404627799988e-02 2.132280031219124794e-03 1.063482370227575302e-03 4.629139322787523270e-03 1.461353525519371033e-02 1.363774202764034271e-02 1.864798134192824364e-03 2.201603911817073822e-02 1.654586941003799438e-02 3.439685702323913574e-02 6.999060045927762985e-03 2.683106577023863792e-03 9.451033547520637512e-03 9.332594461739063263e-03 1.867497526109218597e-02 7.238293066620826721e-03 1.609815051779150963e-03 3.471622476354241371e-03 5.538429133594036102e-03 4.187931306660175323e-03 1.237013842910528183e-02 3.897186368703842163e-03 1.181665156036615372e-02 3.048515692353248596e-02 9.250921430066227913e-04 3.991114906966686249e-03 1.632362604141235352e-02 4.702512174844741821e-03 1.115456689149141312e-02 1.387983094900846481e-03 2.818468026816844940e-02 2.147207781672477722e-02 9.071708656847476959e-03 1.133395638316869736e-02 3.277809824794530869e-03 7.667113561183214188e-03 2.353319711983203888e-02 2.003300376236438751e-02 9.562130086123943329e-03 2.855527028441429138e-02 8.044318296015262604e-03 3.108200617134571075e-03 1.688425056636333466e-02 3.076902776956558228e-02 8.144721388816833496e-03 2.877037227153778076e-02 1.757343183271586895e-03 6.804091855883598328e-03 5.296925548464059830e-03 5.647532641887664795e-03 2.621733210980892181e-02 3.698033839464187622e-02 5.444582179188728333e-02 8.983797393739223480e-03 5.016804672777652740e-03 3.785264492034912109e-02 2.423015050590038300e-02 2.056775614619255066e-02 3.683716990053653717e-03 7.626628130674362183e-02 1.680176705121994019e-02 5.348223447799682617e-02 5.396297667175531387e-03 2.196029014885425568e-02 1.864504069089889526e-02 5.583995953202247620e-02 5.732413846999406815e-03 1.279948558658361435e-02 2.785461256280541420e-03 9.518486447632312775e-03 2.787911565974354744e-03 5.573774874210357666e-02 4.807543009519577026e-03 9.460229426622390747e-03 3.692541038617491722e-03 3.905852499883621931e-04 3.389302408322691917e-03 1.126577332615852356e-02 2.494930475950241089e-02 9.084586054086685181e-05 1.598029583692550659e-02 1.383406855165958405e-02 1.595012098550796509e-02 9.421610273420810699e-03 8.167645428329706192e-04 2.403324004262685776e-03 1.788162998855113983e-02 1.251381263136863708e-02 1.459916238673031330e-03 3.156890626996755600e-03 2.800698624923825264e-03 4.536449909210205078e-03 6.361832376569509506e-03 8.465548045933246613e-03 3.743581240996718407e-03 3.079354763031005859e-03 5.950388032943010330e-03 1.795725524425506592e-02
5.541178211569786072e-02 4.896448552608489990e-02 1.653556246310472488e-03 1.771408692002296448e-02 9.482351597398519516e-04 3.093893639743328094e-02 2.693643979728221893e-02 2.191018685698509216e-02 2.923627197742462158e-02 6.590424105525016785e-03 8.484359383583068848e-01 1.616508141160011292e-02 7.175355404615402222e-02 1.566349901258945465e-02 1.585466042160987854e-02 1.544081140309572220e-02 1.964691840112209320e-02 3.563250228762626648e-02 1.987814716994762421e-02 1.853522658348083496e-02 1.164946518838405609e-02 7.621339056640863419e-03 4.591096658259630203e-03 8.343299850821495056e-03 1.440351735800504684e-02 4.137916490435600281e-03 6.853321567177772522e-03 9.636030532419681549e-03 2.671851962804794312e-02 1.043664384633302689e-02 2.404128015041351318e-02 1.407494186423718929e-03 1.922674104571342468e-02 1.134024816565215588e-03 1.082440279424190521e-02 1.053889375180006027e-02 1.705170422792434692e-02 4.923303145915269852e-03 8.603438735008239746e-03 3.924089018255472183e-03 8.607218042016029358e-03 1.996993087232112885e-03 1.731623522937297821e-02 4.057543817907571793e-03 1.690725609660148621e-02 1.930145733058452606e-02 2.666082978248596191e-02 3.520728275179862976e-02 2.498940564692020416e-03 1.303225103765726089e-02 5.872163455933332443e-03 4.504858981817960739e-03 1.241081301122903824e-02 1.716833561658859253e-02 1.915327855385839939e-03 1.196530461311340332e-02 1.677045226097106934e-02 9.700729511678218842e-03 2.115872688591480255e-02 2.409053966403007507e-02 2.692181244492530823e-02 1.824143109843134880e-03 1.033541187644004822e-02 3.192931879311800003e-03 3.904502838850021362e-02 3.692465275526046753e-02 9.435681859031319618e-04 1.504819490946829319e-03 3.019786626100540161e-02 1.870407722890377045e-02 1.323558110743761063e-02 1.234811265021562576e-02 4.135500174015760422e-03 1.714921928942203522e-02 5.087394732981920242e-03 2.111590839922428131e-02 4.027683287858963013e-02 4.452930763363838196e-03 2.457511844113469124e-03 1.832625642418861389e-02 5.223078187555074692e-03 3.055148385465145111e-02 4.158662259578704834e-02 4.077324643731117249e-03 7.824493572115898132e-03 1.065112557262182236e-02 1.522038038820028305e-02 2.034033834934234619e-02 2.576867863535881042e-02 4.347139911260455847e-04 2.480869367718696594e-02 2.498270012438297272e-02 2.184865437448024750e-02 1.216150820255279541e-03 8.635587990283966064e-03 1.010224316269159317e-02 4.923699423670768738e-03 1.528076827526092529e-02 1.877067494206130505e-03 1.533772423863410950e-02 7.398346904665231705e-03 1.479283720254898071e-02 5.124338436871767044e-03 1.849355874583125114e-03 1.633221656084060669e-02 2.172153256833553314e-02 9.249686263501644135e-04 2.493502339348196983e-03 8.315742947161197662e-03 2.088751085102558136e-02 7.456122548319399357e-04 1.984642585739493370e-03 6.591512355953454971e-03 1.700746640563011169e-02 5.516164004802703857e-03 9.888228960335254669e-03
1.829132623970508575e-02 5.292894318699836731e-03 1.115353405475616455e-02 1.154654566198587418e-02 2.244700305163860321e-02 1.689732447266578674e-02 2.187562733888626099e-02 1.551002264022827148e-02 3.080843016505241394e-02 3.414363786578178406e-02 1.616508141160011292e-02 8.484359383583068848e-01 2.162331528961658478e-02 4.850755631923675537e-02 1.824962906539440155e-03 6.578037980943918228e-03 9.727470576763153076e-03 4.963060840964317322e-03 5.465175583958625793e-02 3.963901253882795572e-04 4.855304025113582611e-03 8.480464108288288116e-03 2.321744523942470551e-02 7.685814984142780304e-03 2.397557953372597694e-03 7.031704299151897430e-03 1.631871052086353302e-02 4.148682206869125366e-02 4.531254991888999939e-03 3.094556182622909546e-02 1.221833517774939537e-04 9.978823363780975342e-03 2.136550471186637878e-02 7.234749384224414825e-03 1.452201139181852341e-02 1.650528982281684875e-02 1.035088300704956055e-02 1.983545161783695221e-02 1.429329160600900650e-02 1.511000003665685654e-02 2.332989871501922607e-02 3.322527557611465454e-02 9.237358346581459045e-03 3.024729900062084198e-02 2.522475272417068481e-02 3.933233674615621567e-04 6.120012141764163971e-03 3.722673282027244568e-03 3.404687345027923584e-02 1.219273637980222702e-02 1.376879960298538208e-02 1.569312065839767456e-02 1.248043868690729141e-02 1.108831353485584259e-02 1.242973655462265015e-02 1.666044443845748901e-02 4.363483190536499023e-02 1.549964305013418198e-02 1.865927502512931824e-02 2.224174514412879944e-02 9.867198765277862549e-03 3.412763401865959167e-02 3.242491744458675385e-03 1.147797610610723495e-02 5.689843092113733292e-03 1.122830621898174286e-02 6.976725999265909195e-03 2.535980660468339920e-03 6.492726970463991165e-03 1.976035721600055695e-02 3.069533593952655792e-02 2.750777266919612885e-02 1.409937278367578983e-03 2.669221162796020508e-02 1.604867354035377502e-02 3.387234359979629517e-02 3.463311865925788879e-02 3.004969283938407898e-02 1.833449862897396088e-02 3.481345623731613159e-02 1.150639075785875320e-02 1.754565536975860596e-02 1.447158027440309525e-02 3.580906242132186890e-02 2.595802024006843567e-02 8.611449738964438438e-04 7.459381129592657089e-03 4.818025976419448853e-03 2.582969702780246735e-02 2.644957602024078369e-02 1.055691624060273170e-03 3.508621884975582361e-04 9.478389401920139790e-04 2.569334581494331360e-02 4.695592448115348816e-03 1.774698309600353241e-02 5.320502677932381630e-04 8.235979825258255005e-03 3.231898322701454163e-02 1.226569153368473053e-02 1.035948656499385834e-02 5.225158762186765671e-03 1.123892422765493393e-02 1.380332373082637787e-02 2.153290202841162682e-03 7.142463233321905136e-03 3.321360331028699875e-03 7.318871561437845230e-03 2.827848773449659348e-03 7.641780655831098557e-03 2.488587796688079834e-02 2.692753262817859650e-02 2.087813429534435272e-02 1.535008568316698074e-02 1.907273195683956146e-02 1.766155846416950226e-02
4.666697978973388672e-02 5.087450519204139709e-02 2.305794507265090942e-03 8.729068562388420105e-03 6.898305378854274750e-03 1.889569871127605438e-02 1.841982267796993256e-02 2.091209776699542999e-02 2.678706310689449310e-02 7.350344676524400711e-04 7.175355404615402222e-02 2.162331528961658478e-02 8.484359383583068848e-01 9.567469358444213867e-03 2.151777409017086029e-02 2.213816531002521515e-02 2.432504668831825256e-02 3.200752660632133484e-02 2.518576197326183319e-02 1.766466163098812103e-02 1.198591012507677078e-02 9.595066308975219727e-03 8.399922400712966919e-03 1.216572523117065430e-02 9.219380095601081848e-03 4.392355214804410934e-03 4.313523415476083755e-03 2.186942659318447113e-02 2.059641480445861816e-02 2.565569616854190826e-02 2.334905229508876801e-02 1.294255955144762993e-03 2.401299215853214264e-02 6.762141711078584194e-04 2.949712332338094711e-03 8.606329560279846191e-03 8.465463295578956604e-03 1.532787806354463100e-03 8.953740820288658142e-03 3.742844332009553909e-03 9.232589509338140488e-04 4.517454188317060471e-03 1.519347727298736572e-02 1.203214470297098160e-02 1.878085732460021973e-02 2.554645203053951263e-02 1.558964885771274567e-02 3.778012469410896301e-02 5.226558540016412735e-03 1.311617158353328705e-02 4.939847625792026520e-03 4.059570375829935074e-03 1.730727590620517731e-02 2.390543371438980103e-02 4.941746592521667480e-03 1.487997639924287796e-02 1.730393990874290466e-02 1.230873726308345795e-02 3.190014138817787170e-02 3.229526057839393616e-02 2.179912477731704712e-02 2.223358722403645515e-03 8.613757789134979248e-03 1.309380866587162018e-03 3.534097224473953247e-02 3.651525452733039856e-02 3.228811547160148621e-04 4.271610639989376068e-03 3.594448417425155640e-02 2.776331827044487000e-02 1.226038578897714615e-02 1.325528975576162338e-02 7.168042939156293869e-03 2.367828786373138428e-02 1.079141255468130112e-02 2.792352065443992615e-02 3.514594584703445435e-02 1.986669190227985382e-02 1.469543389976024628e-02 2.851826511323451996e-02 1.159332320094108582e-02 3.068519011139869690e-02 3.549423813819885254e-02 6.648801732808351517e-03 2.749963663518428802e-03 1.243910007178783417e-02 1.715425029397010803e-02 2.627749741077423096e-02 2.790168859064579010e-02 4.774950444698333740e-03 2.043930441141128540e-02 2.423568256199359894e-02 2.786881662905216217e-02 2.577634761109948158e-03 7.235631346702575684e-03 8.319830521941184998e-03 1.182379201054573059e-02 1.426732074469327927e-02 8.816274814307689667e-03 4.032773431390523911e-03 1.215583062730729580e-03 9.536007419228553772e-03 1.104135718196630478e-02 3.966606222093105316e-03 1.837074384093284607e-02 2.238154597580432892e-02 2.810178790241479874e-03 1.017073821276426315e-02 6.743616424500942230e-03 2.226698212325572968e-02 1.612231135368347168e-03 4.216750618070363998e-03 1.893261563964188099e-03 1.708002574741840363e-02 3.979298286139965057e-03 1.749730319716036320e-03
