8.465498089790344238e-01 1.630134880542755127e-02 7.403254974633455276e-03 2.163935266435146332e-02 9.670387022197246552e-03 4.444320872426033020e-02 5.194260738790035248e-03 3.120604902505874634e-03 1.024742424488067627e-02 1.227684319019317627e-02 6.530141085386276245e-02 6.552652455866336823e-03 8.363868109881877899e-03 8.422329090535640717e-03 2.109198458492755890e-02 2.777772955596446991e-02 1.218284294009208679e-02 1.076182164251804352e-02 2.667766530066728592e-03 3.340056538581848145e-02 2.643718756735324860e-02 1.606103405356407166e-02 2.893936261534690857e-02 1.444357540458440781e-02 2.479373849928379059e-02 7.663795258849859238e-03 1.801892556250095367e-02 7.694638799875974655e-03 5.926218349486589432e-03 4.337240941822528839e-03 1.274595595896244049e-02 2.544866316020488739e-02 2.330393530428409576e-02 2.680277265608310699e-02 4.441598430275917053e-03 1.251708995550870895e-02 1.971896179020404816e-02 2.080258913338184357e-02 2.601634152233600616e-02 1.231331937015056610e-02 2.113252319395542145e-02 1.122036017477512360e-02 3.096855245530605316e-02 2.972995303571224213e-02 1.987677440047264099e-02 1.234357152134180069e-02 5.062213167548179626e-02 1.475545670837163925e-02 1.892522908747196198e-02 1.045212708413600922e-02 2.577853761613368988e-02 2.847668901085853577e-02 1.385953743010759354e-02 9.554358199238777161e-03 1.281668432056903839e-02 8.001910522580146790e-03 9.234495228156447411e-04 4.727650433778762817e-03 3.202189109288156033e-04 1.046335790306329727e-02 2.890924550592899323e-02 2.584655955433845520e-02 5.632690619677305222e-03 6.418818607926368713e-03 1.282051787711679935e-03 3.966794814914464951e-03 2.839543297886848450e-02 2.863603644073009491e-02 2.668661437928676605e-02 4.794822889380156994e-04 2.135427109897136688e-02 1.322361640632152557e-02 3.991615027189254761e-02 7.936753332614898682e-03 3.389013931155204773e-02 1.160591095685958862e-02 3.636925015598535538e-03 4.925659857690334320e-03 1.389291509985923767e-02 4.333321936428546906e-03 1.212937198579311371e-02 3.029693290591239929e-02 2.670765854418277740e-02 4.943675361573696136e-03 4.502364317886531353e-04 9.379957802593708038e-03 2.631089836359024048e-02 2.847817353904247284e-02 4.212744068354368210e-03 3.341144649311900139e-03 3.450447320938110352e-02 9.477247367613017559e-04 2.568664588034152985e-02 1.893200213089585304e-03 2.639365382492542267e-02 1.310778688639402390e-02 1.347395032644271851e-02 9.207010269165039062e-03 2.777708694338798523e-02 2.794164419174194336e-02 2.890360914170742035e-02 1.521910168230533600e-02 1.833287626504898071e-02 2.811940154060721397e-03 1.752154156565666199e-02 4.769882252730894834e-06 3.429046273231506348e-02 1.051772572100162506e-02 1.280515175312757492e-02 1.059270836412906647e-02 9.301419369876384735e-03 7.091952022165060043e-03 9.486807510256767273e-03 1.559900213032960892e-02 1.875222893431782722e-03 5.484604742377996445e-03
1.630134880542755127e-02 8.465498089790344238e-01 1.962515816558152437e-04 1.043730601668357849e-02 6.434557959437370300e-03 2.232781797647476196e-02 5.353117361664772034e-02 2.580900676548480988e-03 1.749684661626815796e-02 2.295844629406929016e-02 1.639315858483314514e-02 1.247672177851200104e-02 6.887032836675643921e-02 2.283074520528316498e-02 1.369591243565082550e-02 2.327240444719791412e-02 2.104573696851730347e-02 5.882559809833765030e-03 9.560060687363147736e-03 1.369156595319509506e-02 6.352316704578697681e-04 1.667603105306625366e-02 1.840989664196968079e-02 2.346701920032501221e-02 1.088272221386432648e-02 3.341248258948326111e-03 2.073730155825614929e-02 2.316956967115402222e-02 3.193567693233489990e-02 1.735688745975494385e-02 3.966254740953445435e-02 1.305313035845756531e-02 4.934090655297040939e-03 1.558133866637945175e-02 1.564471051096916199e-02 1.694299839437007904e-02 1.166176702827215195e-02 2.072233706712722778e-02 5.450918979477137327e-05 2.266185358166694641e-03 1.678055897355079651e-02 1.712070591747760773e-02 2.806281670928001404e-03 1.523695699870586395e-02 7.473165169358253479e-03 2.059048973023891449e-02 2.122354321181774139e-02 4.797608032822608948e-02 2.459782408550381660e-03 1.034113205969333649e-02 1.414224877953529358e-02 6.277316715568304062e-03 1.825235667638480663e-03 3.139450214803218842e-03 1.293593668378889561e-03 2.393952198326587677e-02 1.307096425443887711e-02 1.832561939954757690e-02 2.363785170018672943e-02 1.654046587646007538e-02 4.656574223190546036e-03 1.018179394304752350e-02 3.623937489464879036e-03 1.011071912944316864e-02 3.384643048048019409e-02 3.943796083331108093e-02 4.836774431169033051e-03 3.485791850835084915e-03 8.960355073213577271e-03 1.453261636197566986e-02 1.611058786511421204e-02 1.857930980622768402e-02 5.494637880474328995e-03 3.058958798646926880e-02 5.926609970629215240e-03 1.698680780827999115e-02 6.609754171222448349e-03 1.865969225764274597e-02 2.328307367861270905e-03 8.370174095034599304e-03 1.066158432513475418e-02 1.049440074712038040e-02 1.674284972250461578e-02 2.549837529659271240e-02 1.338082179427146912e-02 3.791119903326034546e-03 6.641127634793519974e-03 9.608076885342597961e-03 3.797852434217929840e-03 6.032651872374117374e-04 3.916032612323760986e-02 6.877415347844362259e-03 5.067362263798713684e-02 3.072147723287343979e-03 1.506034471094608307e-02 2.093980461359024048e-02 1.471744291484355927e-02 1.798286847770214081e-02 8.810814470052719116e-03 4.402226768434047699e-03 3.789597377181053162e-02 3.032151795923709869e-02 9.501070715487003326e-03 2.201485261321067810e-02 9.372893720865249634e-03 2.423519035801291466e-03 4.206958785653114319e-02 1.061694230884313583e-02 2.265276201069355011e-02 9.299357421696186066e-03 2.872031414881348610e-03 5.926484707742929459e-03 9.436453692615032196e-03 4.858280532062053680e-03 5.489181261509656906e-03 7.715906482189893723e-03
7.403254974633455276e-03 1.962515816558152437e-04 8.465498089790344238e-01 1.383439870551228523e-03 1.320838695392012596e-03 1.496945973485708237e-02 8.214281871914863586e-03 5.193390697240829468e-02 2.365279942750930786e-03 1.220333669334650040e-02 3.328244434669613838e-03 4.793203901499509811e-03 1.303820405155420303e-03 1.365636102855205536e-02 7.605368591612204909e-05 7.550626061856746674e-03 4.825503274332731962e-04 8.336820174008607864e-04 2.552821300923824310e-02 1.266187243163585663e-02 6.841502152383327484e-03 8.678261190652847290e-03 1.659717410802841187e-02 5.531768780201673508e-03 1.005648542195558548e-02 1.625689864158630371e-02 1.541237719357013702e-02 1.256099436432123184e-02 2.515434660017490387e-02 1.859164424240589142e-02 1.697852835059165955e-02 5.685233511030673981e-03 1.351726427674293518e-02 2.957820892333984375e-03 1.292888075113296509e-02 8.272460661828517914e-03 1.055033411830663681e-02 1.996813714504241943e-02 3.472289815545082092e-02 2.236769162118434906e-02 1.761583238840103149e-02 8.026327006518840790e-03 1.395058445632457733e-02 2.155965566635131836e-02 3.066302277147769928e-03 7.613273337483406067e-03 6.398906931281089783e-03 1.074044127017259598e-02 8.613180834800004959e-04 5.472269374877214432e-03 2.674715034663677216e-02 3.031534515321254730e-02 1.838683849200606346e-03 1.063408423215150833e-02 6.143721751868724823e-03 4.561247304081916809e-03 1.104108802974224091e-02 7.908505387604236603e-03 6.899913307279348373e-03 1.832960359752178192e-02 7.120466791093349457e-03 1.752558536827564240e-02 3.288696985691785812e-03 2.619519364088773727e-03 3.810853697359561920e-03 1.009502448141574860e-02 1.031185034662485123e-02 7.101970259100198746e-03 6.300074048340320587e-03 1.075471658259630203e-02 5.617932416498661041e-03 6.296877283602952957e-03 1.783043146133422852e-02 1.407945156097412109e-02 2.102132141590118408e-02 4.608563147485256195e-03 4.398938734084367752e-03 1.475181337445974350e-02 4.296027123928070068e-03 1.153882825747132301e-03 8.299066126346588135e-02 6.753428280353546143e-02 1.179761625826358795e-02 1.443162374198436737e-02 6.830371450632810593e-03 5.910928826779127121e-03 1.818631775677204132e-02 2.621931023895740509e-02 2.433689776808023453e-03 1.065240520983934402e-02 5.405743140727281570e-03 1.116539258509874344e-02 9.158508852124214172e-03 8.755577728152275085e-03 4.372471943497657776e-03 6.693782284855842590e-03 7.228545844554901123e-03 2.796904649585485458e-03 1.557503640651702881e-02 1.896195299923419952e-02 1.012694370001554489e-02 7.335316389799118042e-03 6.694277981296181679e-04 5.534093827009201050e-03 2.422521822154521942e-02 6.828839541412889957e-04 2.666414715349674225e-03 5.045653786510229111e-03 1.404246594756841660e-02 1.553456857800483704e-02 1.616514846682548523e-02 1.269731856882572174e-02 4.222152754664421082e-03 1.312944106757640839e-02 1.208748854696750641e-02 2.755258791148662567e-02
2.163935266435146332e-02 1.043730601668357849e-02 1.383439870551228523e-03 8.465498089790344238e-01 4.714449122548103333e-02 4.520084708929061890e-03 8.479407988488674164e-03 2.864437876269221306e-03 1.259491126984357834e-02 1.294525060802698135e-02 1.625399477779865265e-02 1.125069102272391319e-03 7.993476465344429016e-04 4.087257198989391327e-03 1.944946357980370522e-03 3.054360300302505493e-02 2.465719729661941528e-02 2.721412107348442078e-02 2.826653793454170227e-02 2.060735039412975311e-02 1.586594991385936737e-02 1.266859844326972961e-02 2.367070317268371582e-02 2.183131873607635498e-02 1.591554842889308929e-02 1.084334496408700943e-02 2.151867002248764038e-02 2.086380263790488243e-03 1.029161829501390457e-02 4.698863718658685684e-03 2.334103174507617950e-02 1.092349085956811905e-02 1.081686187535524368e-02 1.576744765043258667e-02 1.128160022199153900e-02 2.634643577039241791e-02 2.193845808506011963e-02 2.634646929800510406e-02 3.176085650920867920e-02 4.225698485970497131e-02 2.572354488074779510e-02 1.463676895946264267e-02 1.929722353816032410e-02 1.203622110188007355e-02 3.978646418545395136e-05 7.568116765469312668e-03 1.733526028692722321e-02 2.199660753831267357e-03 3.934814594686031342e-03 4.551621619611978531e-03 1.351391430944204330e-02 1.738782413303852081e-02 5.000828299671411514e-03 4.110431298613548279e-03 1.046040747314691544e-02 1.675398647785186768e-02 3.865520935505628586e-03 5.491099786013364792e-03 9.466916089877486229e-04 4.537125583738088608e-03 2.424173057079315186e-02 2.307150140404701233e-02 2.003775211051106453e-03 3.308817744255065918e-03 2.006032969802618027e-03 7.656930480152368546e-03 9.061423130333423615e-03 1.190687064081430435e-02 2.035646140575408936e-02 1.872001774609088898e-02 2.066918462514877319e-02 1.354621164500713348e-02 4.584543406963348389e-02 1.676605083048343658e-02 3.598775714635848999e-02 1.198025792837142944e-02 1.131671480834484100e-02 1.512449234724044800e-02 1.020031049847602844e-02 1.333042979240417480e-02 3.463880857452750206e-03 3.305948572233319283e-03 4.063571617007255554e-02 3.036952577531337738e-02 1.578413508832454681e-02 7.713467348366975784e-04 1.040460914373397827e-02 6.630795076489448547e-03 9.790603071451187134e-03 1.597605831921100616e-02 1.773020369000732899e-03 1.422389410436153412e-02 2.886923961341381073e-03 1.926320046186447144e-02 3.970172256231307983e-02 3.701155260205268860e-02 2.478042058646678925e-02 1.150507852435112000e-02 2.640718221664428711e-02 2.189796790480613708e-02 3.181026875972747803e-02 2.865555137395858765e-02 2.647998742759227753e-02 2.256745286285877228e-02 2.823137678205966949e-02 2.639021351933479309e-02 2.597001753747463226e-02 1.801399514079093933e-02 1.351114362478256226e-02 1.987660117447376251e-02 2.781624160706996918e-02 2.182456478476524353e-02 4.676947835832834244e-03 1.093288417905569077e-02 1.268144510686397552e-02 1.621402800083160400e-02
9.670387022197246552e-03 6.434557959437370300e-03 1.320838695392012596e-03 4.714449122548103333e-02 8.465498089790344238e-01 6.200530915521085262e-04 5.589780397713184357e-03 1.780794933438301086e-02 6.485190708190202713e-03 1.663560979068279266e-02 5.268766544759273529e-04 1.736520603299140930e-02 7.075579836964607239e-03 7.580259349197149277e-03 1.928961463272571564e-02 2.230998687446117401e-02 2.347864396870136261e-02 3.624946624040603638e-02 4.504471644759178162e-02 2.156613022089004517e-02 1.831930689513683319e-02 1.989629492163658142e-02 1.588063128292560577e-02 1.945586688816547394e-02 8.398416452109813690e-03 3.479244885966181755e-03 1.809508539736270905e-02 5.348194390535354614e-03 7.651160471141338348e-03 1.854679663665592670e-03 1.234128605574369431e-02 8.371795527637004852e-03 4.185293335467576981e-03 2.091035805642604828e-02 1.171220280230045319e-02 2.896670252084732056e-02 3.478163853287696838e-02 1.778902113437652588e-02 7.126137614250183105e-03 5.320324003696441650e-02 2.208222448825836182e-02 9.717764332890510559e-03 5.915279965847730637e-03 1.181874983012676239e-02 1.518191769719123840e-02 4.963438492268323898e-03 1.595098711550235748e-02 1.265616249293088913e-02 5.155854392796754837e-03 1.722296327352523804e-02 3.198350314050912857e-04 1.021477114409208298e-02 1.265477738343179226e-03 1.655340427532792091e-03 1.758626545779407024e-03 1.866262592375278473e-02 1.683871634304523468e-02 1.028912514448165894e-02 6.157774478197097778e-03 1.486068498343229294e-02 1.399178244173526764e-02 3.593330457806587219e-02 1.532053761184215546e-02 8.596604689955711365e-03 8.251612307503819466e-04 5.700089037418365479e-03 5.583890248090028763e-03 1.810352690517902374e-02 1.596606709063053131e-02 2.555375732481479645e-02 2.425941266119480133e-02 1.897899061441421509e-02 2.010715380311012268e-02 3.033766336739063263e-02 3.378042578697204590e-02 1.535716000944375992e-02 2.362055936828255653e-03 2.489276789128780365e-02 1.948261074721813202e-02 2.182720694690942764e-03 7.913486100733280182e-03 1.104397140443325043e-02 2.226643450558185577e-02 4.044097289443016052e-02 1.663464307785034180e-02 2.309534465894103050e-03 1.688219793140888214e-02 1.209032721817493439e-02 1.350846420973539352e-02 4.450946580618619919e-03 2.133968751877546310e-03 2.252768538892269135e-02 6.747364066541194916e-03 1.880308799445629120e-02 2.910075150430202484e-02 4.652262479066848755e-02 2.591300010681152344e-02 1.142397336661815643e-02 1.348331291228532791e-02 1.248624362051486969e-02 2.967512235045433044e-02 2.540312334895133972e-02 2.045591920614242554e-02 2.173720486462116241e-02 1.720146974548697472e-03 2.269357815384864807e-02 2.149068750441074371e-02 3.937674686312675476e-03 2.120378427207469940e-02 5.091311410069465637e-03 3.029931709170341492e-02 1.163688022643327713e-02 2.163677662611007690e-02 5.757029168307781219e-03 1.637277007102966309e-02 1.969686150550842285e-02
4.444320872426033020e-02 2.232781797647476196e-02 1.496945973485708237e-02 4.520084708929061890e-03 6.200530915521085262e-04 8.465498089790344238e-01 1.933352835476398468e-02 9.480588138103485107e-03 4.934803582727909088e-03 1.031071785837411880e-02 1.475310418754816055e-02 1.079966407269239426e-02 2.888581342995166779e-02 2.152585797011852264e-02 6.553784478455781937e-03 1.048162928782403469e-03 1.740584336221218109e-02 1.288025733083486557e-02 3.362685674801468849e-03 1.979827508330345154e-02 1.842463016510009766e-02 4.675659816712141037e-03 8.509295061230659485e-03 2.757980488240718842e-02 7.203344721347093582e-03 5.201436113566160202e-03 6.493933498859405518e-03 5.509589239954948425e-02 2.883151546120643616e-02 3.926415368914604187e-02 3.643678501248359680e-02 1.634344644844532013e-02 1.570971123874187469e-02 9.578046388924121857e-03 1.207078061997890472e-02 2.366325585171580315e-03 7.620855700224637985e-03 7.592013571411371231e-03 1.439934317022562027e-02 9.313340298831462860e-03 5.633973982185125351e-03 1.002525631338357925e-02 3.609291091561317444e-02 1.477146893739700317e-02 1.282511558383703232e-02 4.125345032662153244e-03 4.731900990009307861e-02 5.204611923545598984e-03 3.033902682363986969e-02 3.812872106209397316e-03 1.492232084274291992e-02 1.948397234082221985e-02 1.740367710590362549e-02 1.726933568716049194e-02 1.634994149208068848e-02 5.424230825155973434e-03 4.246673546731472015e-03 5.665825679898262024e-03 2.657173760235309601e-02 2.193331718444824219e-02 2.409436739981174469e-02 9.712721221148967743e-03 7.596798241138458252e-03 3.442745888605713844e-03 2.224821597337722778e-02 2.864978834986686707e-02 2.549999952316284180e-02 2.317408472299575806e-02 1.407963596284389496e-02 1.383535447530448437e-03 5.290276370942592621e-03 4.837943706661462784e-03 2.330264821648597717e-02 1.204025838524103165e-02 1.611354947090148926e-02 4.300030414015054703e-03 9.887372143566608429e-03 8.677180856466293335e-03 1.463091652840375900e-02 1.765031181275844574e-02 1.836759224534034729e-02 2.973292022943496704e-02 9.991045109927654266e-03 2.058352530002593994e-02 1.413350831717252731e-02 1.979717984795570374e-02 2.235977537930011749e-02 2.303649112582206726e-02 1.208689995110034943e-02 1.239947695285081863e-02 5.405754782259464264e-03 1.123349997214972973e-03 1.171786338090896606e-02 3.999238833785057068e-03 9.080577641725540161e-03 6.685640197247266769e-03 8.449005545116961002e-04 1.313681993633508682e-02 2.576599270105361938e-02 2.781954593956470490e-02 3.748251823708415031e-03 2.970480360090732574e-03 9.800820611417293549e-03 1.393648050725460052e-02 6.276845932006835938e-03 6.197441834956407547e-03 3.597500035539269447e-03 1.933936029672622681e-02 2.056496450677514076e-03 2.786180563271045685e-02 4.385723266750574112e-03 6.902169901877641678e-03 9.604308754205703735e-03 2.864854224026203156e-02 8.928235620260238647e-03 5.519067868590354919e-03
5.194260738790035248e-03 5.353117361664772034e-02 8.214281871914863586e-03 8.479407988488674164e-03 5.589780397713184357e-03 1.933352835476398468e-02 8.465498089790344238e-01 2.755386568605899811e-02 2.227035909891128540e-02 8.736874908208847046e-03 1.343566551804542542e-02 2.011352404952049255e-02 2.416377514600753784e-02 2.858869172632694244e-02 2.712661214172840118e-02 1.286181807518005371e-02 8.583716116845607758e-03 2.666961401700973511e-02 1.763921789824962616e-02 1.225942280143499374e-02 1.261643040925264359e-02 1.209550537168979645e-02 1.200866652652621269e-03 5.781581625342369080e-03 1.173078734427690506e-02 1.339920330792665482e-03 9.363193996250629425e-03 5.232993513345718384e-03 7.381474715657532215e-04 1.221747952513396740e-03 1.793950051069259644e-02 1.407584920525550842e-02 6.838413421064615250e-03 1.628388836979866028e-02 1.642983965575695038e-02 1.365158427506685257e-02 1.330849062651395798e-02 1.484196036471985281e-05 2.877390757203102112e-02 2.060442231595516205e-03 1.442677993327379227e-02 2.820242196321487427e-03 4.560750909149646759e-03 1.165052503347396851e-02 1.732506603002548218e-02 3.212066367268562317e-02 3.358943387866020203e-02 7.000755518674850464e-02 1.216801814734935760e-02 1.516114547848701477e-02 1.561631914228200912e-03 8.940262719988822937e-03 2.536052837967872620e-03 8.137403987348079681e-03 1.608610153198242188e-02 2.624990604817867279e-02 1.683234609663486481e-02 2.179240249097347260e-02 1.249481458216905594e-02 3.591650631278753281e-03 1.113216299563646317e-02 1.534218620508909225e-02 1.007070764899253845e-02 9.876373223960399628e-03 1.774482429027557373e-02 2.209731377661228180e-02 7.684713695198297501e-03 1.170010585337877274e-02 1.139575708657503128e-02 1.358901616185903549e-02 1.097904751077294350e-03 2.532322145998477936e-02 7.832928560674190521e-03 1.558090187609195709e-02 4.600596148520708084e-03 1.033625006675720215e-02 1.075833477079868317e-02 5.299913231283426285e-03 1.986125484108924866e-03 9.151792153716087341e-03 3.140480816364288330e-02 2.912734635174274445e-02 2.081223204731941223e-02 1.724817231297492981e-02 2.904229331761598587e-03 1.284563727676868439e-02 1.942304521799087524e-02 6.850835401564836502e-03 4.903552122414112091e-03 2.909055212512612343e-03 1.971371285617351532e-02 1.262609614059329033e-03 3.940543904900550842e-02 1.116616651415824890e-03 5.309372674673795700e-03 1.311941165477037430e-02 5.867997533641755581e-04 2.188587794080376625e-03 7.858923636376857758e-03 6.745677907019853592e-03 2.448602207005023956e-02 2.872265130281448364e-02 6.949707400053739548e-03 1.343669486232101917e-03 7.455674000084400177e-03 8.161930367350578308e-03 1.641286164522171021e-02 1.190112624317407608e-02 2.960003167390823364e-02 5.744423251599073410e-04 1.967371674254536629e-03 5.207197275012731552e-03 1.442389190196990967e-02 1.715462468564510345e-02 9.886041283607482910e-03 4.408342298120260239e-03
3.120604902505874634e-03 2.580900676548480988e-03 5.193390697240829468e-02 2.864437876269221306e-03 1.780794933438301086e-02 9.480588138103485107e-03 2.755386568605899811e-02 8.465498089790344238e-01 1.142985839396715164e-02 1.581585407257080078e-02 1.265673711895942688e-02 7.289359811693429947e-03 1.187185291200876236e-02 8.231232641264796257e-04 3.060661070048809052e-02 2.773209474980831146e-03 2.111548325046896935e-03 5.773378070443868637e-03 1.384829264134168625e-02 1.261092070490121841e-02 1.532600168138742447e-02 2.821731753647327423e-02 1.526671182364225388e-02 7.594342809170484543e-03 1.133946143090724945e-02 4.023217130452394485e-03 2.063109911978244781e-02 1.654997118748724461e-03 2.366518415510654449e-02 4.769438412040472031e-03 1.463383343070745468e-02 1.122914999723434448e-02 5.635984241962432861e-03 1.330162212252616882e-02 1.639489643275737762e-02 2.210356481373310089e-02 3.017155267298221588e-02 7.586629595607519150e-03 2.546196430921554565e-02 2.275451645255088806e-02 6.793470587581396103e-03 2.008048631250858307e-02 1.833713985979557037e-02 1.280943024903535843e-02 1.836786104831844568e-04 1.302322605624794960e-03 3.741127904504537582e-03 1.914768479764461517e-02 1.007170788943767548e-02 1.766047626733779907e-02 2.735091187059879303e-02 2.557104080915451050e-02 6.803701166063547134e-03 7.084023091010749340e-04 7.012787275016307831e-03 1.461743190884590149e-02 4.380489699542522430e-03 1.873411005362868309e-03 5.564891733229160309e-03 1.500090584158897400e-02 3.734987927600741386e-03 2.295432053506374359e-02 3.212419338524341583e-03 8.417132310569286346e-03 7.199415937066078186e-03 1.178516820073127747e-02 3.558914875611662865e-03 1.989659480750560760e-02 5.683893803507089615e-03 2.493823319673538208e-02 7.890005363151431084e-04 1.698928885161876678e-02 9.027481428347527981e-04 2.408712543547153473e-02 1.698899432085454464e-03 1.062964554876089096e-02 1.719153113663196564e-02 1.880642399191856384e-02 1.169858966022729874e-03 6.081096827983856201e-03 7.092361897230148315e-02 3.295072540640830994e-02 6.483150646090507507e-04 4.307620692998170853e-04 4.980198107659816742e-03 1.534339319914579391e-02 3.117539733648300171e-02 1.426237728446722031e-02 9.498116560280323029e-03 4.953953903168439865e-04 6.152881309390068054e-03 2.075159735977649689e-02 4.302671179175376892e-03 1.893302798271179199e-02 1.702868752181529999e-02 2.639068849384784698e-02 1.498038228601217270e-02 6.058658473193645477e-03 1.756476052105426788e-02 1.883694902062416077e-02 2.073726803064346313e-02 2.197450958192348480e-02 1.727327890694141388e-02 2.086596563458442688e-02 3.274353221058845520e-03 1.217480003833770752e-02 1.104760821908712387e-02 2.093836432322859764e-03 1.023479644209146500e-02 1.023983582854270935e-02 9.191248565912246704e-03 1.376513577997684479e-02 3.257444594055414200e-03 1.007540151476860046e-02 1.483791321516036987e-02 1.757478527724742889e-02
1.024742424488067627e-02 1.749684661626815796e-02 2.365279942750930786e-03 1.259491126984357834e-02 6.485190708190202713e-03 4.934803582727909088e-03 2.227035909891128540e-02 1.142985839396715164e-02 8.465498089790344238e-01 4.098141565918922424e-02 2.449072198942303658e-03 2.085603028535842896e-02 4.659974016249179840e-03 1.913135987706482410e-03 5.191845702938735485e-04 2.279105782508850098e-02 1.424631476402282715e-02 3.779289498925209045e-02 3.846831154078245163e-03 6.570080760866403580e-03 7.512507494539022446e-03 1.470037363469600677e-02 1.791392080485820770e-02 2.169324830174446106e-02 1.582457311451435089e-02 9.096345864236354828e-03 1.951748318970203400e-02 1.055695954710245132e-02 2.206565067172050476e-02 1.668177358806133270e-02 1.407046802341938019e-02 2.268145978450775146e-02 2.163323201239109039e-02 1.982288435101509094e-02 1.117651350796222687e-02 1.538402959704399109e-02 1.538119092583656311e-02 7.343658711761236191e-03 7.907551713287830353e-03 8.444448001682758331e-03 1.323573663830757141e-02 3.138987720012664795e-02 1.619032584130764008e-02 7.516013924032449722e-03 1.477146241813898087e-02 8.199500152841210365e-04 1.423032581806182861e-02 1.292437873780727386e-02 3.870722651481628418e-02 3.073699027299880981e-02 1.594930887222290039e-02 8.558944799005985260e-03 3.966815769672393799e-03 5.234882701188325882e-04 4.893293976783752441e-02 3.179311379790306091e-02 1.997185498476028442e-02 1.282774284482002258e-02 2.155405469238758087e-03 4.799355519935488701e-04 3.031106106936931610e-02 1.317000295966863632e-02 1.456721033900976181e-02 2.492334693670272827e-03 1.319865882396697998e-02 9.523853659629821777e-03 5.694328341633081436e-03 6.212375592440366745e-03 4.463370889425277710e-02 2.285740338265895844e-02 3.047403506934642792e-02 2.719534747302532196e-02 1.443023234605789185e-02 4.717886447906494141e-03 1.198146119713783264e-02 2.361511252820491791e-02 5.981073155999183655e-02 3.861176222562789917e-02 3.335465863347053528e-02 2.843491733074188232e-02 2.566131995990872383e-03 8.280170150101184845e-03 2.389816194772720337e-02 1.455532736144959927e-03 6.440750788897275925e-03 1.992974430322647095e-02 1.644896529614925385e-02 8.864957839250564575e-03 3.577138483524322510e-02 2.451208420097827911e-02 1.117060333490371704e-02 1.356644369661808014e-02 2.476837718859314919e-03 1.667108200490474701e-02 1.607538945972919464e-02 8.886694908142089844e-03 3.164645051583647728e-03 1.959042996168136597e-02 2.430950105190277100e-02 2.049587294459342957e-02 2.116422727704048157e-02 2.083221450448036194e-02 1.217924617230892181e-02 1.253618579357862473e-02 1.600488461554050446e-02 1.498301699757575989e-02 1.426322944462299347e-02 2.454182505607604980e-02 1.638624630868434906e-02 2.545148320496082306e-02 1.351385656744241714e-02 1.925973594188690186e-02 9.763752110302448273e-03 5.782111082226037979e-03 1.698309369385242462e-02 1.901371590793132782e-02
1.227684319019317627e-02 2.295844629406929016e-02 1.220333669334650040e-02 1.294525060802698135e-02 1.663560979068279266e-02 1.031071785837411880e-02 8.736874908208847046e-03 1.581585407257080078e-02 4.098141565918922424e-02 8.465498089790344238e-01 1.775792986154556274e-02 4.411370959132909775e-03 2.575363265350461006e-03 6.755128968507051468e-03 1.219145022332668304e-02 3.298882022500038147e-02 3.607881069183349609e-02 2.294392697513103485e-02 3.261119499802589417e-02 1.937340945005416870e-02 8.200842887163162231e-03 2.925700508058071136e-02 1.728576421737670898e-02 3.318687900900840759e-02 1.928603090345859528e-02 4.625690169632434845e-03 2.583169005811214447e-02 3.149886382743716240e-03 8.382415398955345154e-03 1.429808977991342545e-02 2.944027306511998177e-03 1.323136873543262482e-02 4.513110965490341187e-03 2.639196440577507019e-02 7.921165670268237591e-04 1.280113216489553452e-02 2.385444007813930511e-02 1.258414704352617264e-02 9.868547931546345353e-05 1.432636566460132599e-02 2.326914109289646149e-02 8.994854986667633057e-03 9.953054599463939667e-03 3.185619134455919266e-03 1.719422079622745514e-02 4.506013356149196625e-03 1.994557492434978485e-02 2.224319986999034882e-02 9.878019802272319794e-03 5.053885653614997864e-02 1.158320251852273941e-02 4.882962442934513092e-03 1.805203035473823547e-03 1.456379331648349762e-02 8.516134694218635559e-03 4.291828721761703491e-02 2.155430847778916359e-03 5.554005037993192673e-03 3.797405166551470757e-03 1.622058078646659851e-02 9.369339793920516968e-03 2.775599434971809387e-02 1.224956009536981583e-03 9.619609336368739605e-04 5.555395910050719976e-05 7.340335869230329990e-04 4.882755689322948456e-03 7.119232788681983948e-03 3.902972862124443054e-02 3.069398365914821625e-02 5.732430890202522278e-02 1.976264268159866333e-02 1.030422840267419815e-02 3.074460290372371674e-02 1.969034969806671143e-02 1.663813367486000061e-02 2.207099460065364838e-02 6.288830190896987915e-02 1.992925303056836128e-03 4.387377202510833740e-02 1.962322741746902466e-03 9.390712715685367584e-03 9.652432054281234741e-03 2.660121768712997437e-02 2.531258622184395790e-03 1.793778687715530396e-02 1.326266676187515259e-02 8.950058370828628540e-03 7.065585814416408539e-03 4.128084331750869751e-02 4.102103412151336670e-03 2.401970885694026947e-02 1.079467590898275375e-02 1.393750030547380447e-02 1.922250725328922272e-02 2.390796691179275513e-02 1.605233736336231232e-02 1.583584398031234741e-02 1.252509839832782745e-02 1.365851052105426788e-02 2.082429826259613037e-02 2.240782976150512695e-02 1.167360506951808929e-02 6.209907121956348419e-03 9.957282803952693939e-03 8.833337575197219849e-03 2.055904828011989594e-02 7.734685204923152924e-03 2.439310960471630096e-02 2.127750776708126068e-02 1.640416122972965240e-02 5.834175739437341690e-03 8.348555304110050201e-03 3.621555864810943604e-03 1.787945069372653961e-02 1.504884287714958191e-02
6.530141085386276245e-02 1.639315858483314514e-02 3.328244434669613838e-03 1.625399477779865265e-02 5.268766544759273529e-04 1.475310418754816055e-02 1.343566551804542542e-02 1.265673711895942688e-02 2.449072198942303658e-03 1.775792986154556274e-02 8.465498089790344238e-01 1.705840602517127991e-02 3.419005125761032104e-02 1.168943755328655243e-02 1.711023598909378052e-02 2.654700353741645813e-02 1.650828309357166290e-02 1.092289807274937630e-03 5.683054681867361069e-03 2.493646368384361267e-02 1.794434338808059692e-02 1.373803243041038513e-02 2.188822254538536072e-02 1.204810012131929398e-02 1.672417670488357544e-02 6.864217575639486313e-03 1.804074645042419434e-02 3.576388349756598473e-03 2.970594912767410278e-02 1.311840768903493881e-02 7.302942685782909393e-03 1.387872453778982162e-02 8.564941585063934326e-03 2.210899814963340759e-02 3.041850868612527847e-03 6.271028425544500351e-03 1.134088914841413498e-02 1.629455201327800751e-02 2.632323466241359711e-02 6.464644684456288815e-04 1.669467799365520477e-02 9.762038476765155792e-03 2.229441888630390167e-02 2.548303827643394470e-02 2.464895322918891907e-02 1.783795095980167389e-02 4.328273236751556396e-02 1.752653345465660095e-02 4.816289991140365601e-03 9.421808645129203796e-03 2.039740793406963348e-02 1.867075264453887939e-02 9.695163927972316742e-03 1.570423878729343414e-02 1.940741902217268944e-03 1.839629723690450191e-03 1.443741470575332642e-02 1.413356885313987732e-02 9.791458956897258759e-03 8.549535647034645081e-03 1.634004712104797363e-02 2.197691053152084351e-02 5.377180874347686768e-03 1.596615277230739594e-02 2.569786645472049713e-02 1.517945714294910431e-02 2.176545746624469757e-02 2.053916454315185547e-02 1.941319741308689117e-02 1.585755497217178345e-02 2.654672414064407349e-02 7.805419736541807652e-04 3.004647418856620789e-02 2.643426647409796715e-03 3.021212294697761536e-02 4.353267606347799301e-03 1.120082847774028778e-02 1.333499420434236526e-02 1.515046786516904831e-02 1.193319563753902912e-03 2.356941113248467445e-03 1.678599976003170013e-02 1.982072181999683380e-02 1.545502059161663055e-02 9.662930853664875031e-03 1.783837331458926201e-03 6.148475687950849533e-03 1.651638932526111603e-02 5.946740508079528809e-03 6.099785678088665009e-03 5.062742531299591064e-02 1.352803315967321396e-02 4.484377056360244751e-02 9.819875471293926239e-03 1.763090118765830994e-02 2.461523748934268951e-03 4.424494691193103790e-03 3.455077065154910088e-03 2.228343859314918518e-02 1.951151527464389801e-02 2.332160435616970062e-02 1.521939132362604141e-02 6.996265146881341934e-03 3.020279342308640480e-03 1.890977658331394196e-02 6.645765155553817749e-03 3.090217895805835724e-02 2.882905071601271629e-03 1.084005087614059448e-02 7.638618815690279007e-03 7.472822908312082291e-04 6.075728219002485275e-03 1.611774414777755737e-02 1.301883254200220108e-02 6.561692804098129272e-03 1.286264043301343918e-03
6.552652455866336823e-03 1.247672177851200104e-02 4.793203901499509811e-03 1.125069102272391319e-03 1.736520603299140930e-02 1.079966407269239426e-02 2.011352404952049255e-02 7.289359811693429947e-03 2.085603028535842896e-02 4.411370959132909775e-03 1.705840602517127991e-02 8.465498089790344238e-01 9.044338949024677277e-03 6.958061456680297852e-02 1.436215639114379883e-02 1.057088188827037811e-02 9.442394599318504333e-03 3.105214331299066544e-03 2.232554368674755096e-02 1.345165167003870010e-02 6.723915226757526398e-03 7.137010834412649274e-05 1.323953922837972641e-02 6.166284438222646713e-03 5.300846532918512821e-04 1.082971412688493729e-02 6.705365609377622604e-03 3.340420871973037720e-02 2.522858977317810059e-02 1.770924404263496399e-02 2.509442158043384552e-02 1.209015725180506706e-03 1.793506927788257599e-02 1.571257784962654114e-02 5.297164898365736008e-03 3.467833623290061951e-03 4.417960997670888901e-03 1.120413746684789658e-02 9.479299187660217285e-03 7.468402851372957230e-03 1.093042781576514244e-03 2.515169791877269745e-02 1.751627569319680333e-04 1.296544820070266724e-02 6.458908319473266602e-02 4.451454803347587585e-02 2.834458462893962860e-02 2.727955579757690430e-02 1.108384598046541214e-02 1.076748501509428024e-02 9.444470517337322235e-03 9.662746451795101166e-03 1.635206490755081177e-02 1.281452085822820663e-02 2.027080953121185303e-02 5.399465095251798630e-03 4.734512045979499817e-02 3.802999481558799744e-02 2.453688159584999084e-02 4.321262240409851074e-03 8.370128460228443146e-03 1.080820895731449127e-02 3.570142388343811035e-02 2.185987681150436401e-02 2.647412382066249847e-02 2.914848178625106812e-02 8.924984373152256012e-03 1.221595238894224167e-02 4.019746091216802597e-03 1.742602698504924774e-02 8.782652206718921661e-03 1.665872149169445038e-02 9.444729425013065338e-03 1.016172464005649090e-03 1.558307558298110962e-03 1.909250393509864807e-02 4.350020736455917358e-02 7.138669956475496292e-03 4.811708256602287292e-02 7.301577366888523102e-03 9.996139444410800934e-03 4.629739094525575638e-03 3.711879253387451172e-03 1.853205636143684387e-02 2.369823120534420013e-02 1.838106429204344749e-03 2.529886318370699883e-03 8.419748395681381226e-03 5.526414141058921814e-02 2.294698357582092285e-02 4.094133898615837097e-02 1.346485316753387451e-02 3.542265295982360840e-02 2.539364993572235107e-02 7.148025324568152428e-04 3.918118774890899658e-03 1.034326478838920593e-02 1.711268350481987000e-02 5.308773368597030640e-03 4.466843325644731522e-03 3.556435694918036461e-03 3.677238477393984795e-03 1.337087620049715042e-02 1.846393011510372162e-02 2.669703448191285133e-03 1.332234498113393784e-02 2.270129276439547539e-03 3.414162993431091309e-02 3.866666695103049278e-03 1.726981811225414276e-02 1.143827103078365326e-02 2.990750409662723541e-02 2.217867225408554077e-02 1.653240807354450226e-02 2.997267525643110275e-03 1.430165953934192657e-02
8.363868109881877899e-03 6.887032836675643921e-02 1.303820405155420303e-03 7.993476465344429016e-04 7.075579836964607239e-03 2.888581342995166779e-02 2.416377514600753784e-02 1.187185291200876236e-02 4.659974016249179840e-03 2.575363265350461006e-03 3.419005125761032104e-02 9.044338949024677277e-03 8.465498089790344238e-01 2.768835052847862244e-02 2.473475411534309387e-03 9.931492619216442108e-03 1.154206972569227219e-02 1.272507384419441223e-02 4.056887410115450621e-04 3.486288711428642273e-03 6.525953300297260284e-03 9.352222550660371780e-04 2.133799483999609947e-03 3.848247462883591652e-03 7.462741341441869736e-03 3.064427059143781662e-03 1.225095428526401520e-02 2.888779900968074799e-02 5.756768956780433655e-02 2.609022147953510284e-02 5.696763470768928528e-02 4.410924855619668961e-03 1.376956142485141754e-02 2.526857424527406693e-04 7.379468064755201340e-03 1.300596632063388824e-02 8.570268983021378517e-04 1.374573446810245514e-02 6.396069657057523727e-03 7.191047538071870804e-03 6.031334400177001953e-03 2.197092212736606598e-02 6.034417543560266495e-03 2.326807705685496330e-03 9.633387089706957340e-04 1.232617162168025970e-02 6.435899063944816589e-03 3.043011575937271118e-02 1.750562153756618500e-02 1.100621372461318970e-02 1.075910124927759171e-02 5.061642732471227646e-03 2.763912780210375786e-03 4.038027953356504440e-03 1.848892681300640106e-02 4.303466994315385818e-03 2.393391169607639313e-02 3.939724341034889221e-02 2.780720219016075134e-02 1.798697374761104584e-02 1.341283135116100311e-02 1.569770276546478271e-03 9.437389671802520752e-03 1.028672675602138042e-03 5.681646615266799927e-02 6.135201081633567810e-02 3.180526837240904570e-04 8.985016494989395142e-03 8.615461178123950958e-03 9.809602051973342896e-03 1.726994873024523258e-03 1.174563425593078136e-03 4.148230887949466705e-03 1.316625345498323441e-02 7.289962959475815296e-04 1.181967745651490986e-04 7.710653590038418770e-04 8.702992461621761322e-03 1.290262676775455475e-03 5.139966029673814774e-03 5.430097226053476334e-03 9.655177709646522999e-04 7.757261861115694046e-03 2.248987741768360138e-02 2.135180681943893433e-02 1.693757064640522003e-02 1.728131435811519623e-02 2.399975433945655823e-02 7.755212485790252686e-03 1.877938956022262573e-02 4.968903213739395142e-02 1.573131047189235687e-02 6.064583361148834229e-02 2.669682167470455170e-02 2.474013715982437134e-03 5.844974890351295471e-03 1.483947155065834522e-03 6.239424925297498703e-03 6.516626570373773575e-03 1.706577953882515430e-03 2.590000629425048828e-02 3.011480718851089478e-02 5.024517886340618134e-03 2.492510713636875153e-02 1.034667715430259705e-03 1.559971715323626995e-03 3.296420723199844360e-02 1.834736391901969910e-02 2.160104177892208099e-02 2.879537455737590790e-02 1.341827586293220520e-02 6.144526414573192596e-03 2.792707830667495728e-02 9.159032255411148071e-03 3.958784043788909912e-03 2.136846596840769053e-04
