8.332855701446533203e-01 6.246184930205345154e-02 1.837127283215522766e-02 2.259073592722415924e-02 3.138659987598657608e-03 5.274974182248115540e-02 4.329955950379371643e-02 2.951487200334668159e-03 5.743248388171195984e-03 2.004236355423927307e-02 7.159717381000518799e-02 6.595305632799863815e-03 6.160626560449600220e-02 1.863367483019828796e-02 1.111053396016359329e-02 1.434914022684097290e-02 2.120465040206909180e-02 3.668950230348855257e-04 1.130127254873514175e-02 2.452871995046734810e-03 1.036441326141357422e-02 2.943647094070911407e-03 9.744883514940738678e-03 3.108167648315429688e-02 2.227968163788318634e-02 3.009344264864921570e-02 4.270672798156738281e-03 2.645559143275022507e-03 4.444743692874908447e-02 1.659240759909152985e-02 3.888503089547157288e-02 2.235154621303081512e-02 1.654089987277984619e-02 2.765959128737449646e-02 2.292587980628013611e-02 7.372166030108928680e-03 1.480394694954156876e-02 9.877133183181285858e-03 3.840048331767320633e-03 1.307070720940828323e-02 1.887358911335468292e-02 1.170079223811626434e-02 6.412655115127563477e-03 5.666825920343399048e-03 2.977181784808635712e-02 1.298850867897272110e-02 6.791143864393234253e-02 4.056059196591377258e-02 5.300946999341249466e-03 1.628427952527999878e-02 1.145047601312398911e-02 6.819344591349363327e-03 1.065324759110808372e-03 2.755312947556376457e-03 2.107528969645500183e-02 3.464269917458295822e-03 8.450033143162727356e-03 3.443792462348937988e-02 6.500168703496456146e-03 9.592613205313682556e-03 2.556442096829414368e-02 4.813805688172578812e-03 1.142380014061927795e-02 1.218547858297824860e-02 5.780427902936935425e-02 4.218238592147827148e-02 2.260114252567291260e-02 1.770501956343650818e-02 1.083255093544721603e-02 1.199443172663450241e-02 1.095495186746120453e-02 1.247288566082715988e-02 1.890596561133861542e-02 1.870661624707281590e-03 1.301641575992107391e-03 1.130063366144895554e-02 9.942570701241493225e-03 2.094822004437446594e-02 7.951264269649982452e-03 1.428700052201747894e-02 1.581345684826374054e-02 2.233763458207249641e-03 3.970759455114603043e-03 8.486619219183921814e-03 3.215290233492851257e-02 3.727383911609649658e-02 1.047938223928213120e-02 2.340505085885524750e-02 1.449999283067882061e-03 1.089736633002758026e-02 5.755626782774925232e-02 2.704519033432006836e-02 4.626611992716789246e-02 2.570258826017379761e-02 8.884536102414131165e-03 4.501794464886188507e-03 6.800112314522266388e-03 1.448916830122470856e-02 4.714706912636756897e-03 1.441284175962209702e-02 8.039491367526352406e-04 8.223486656788736582e-05 2.800809685140848160e-03 2.013151766732335091e-03 1.279196795076131821e-02 7.132070139050483704e-03 2.783069852739572525e-03 1.308046746999025345e-02 4.005904193036258221e-04 3.000370459631085396e-03 1.713711395859718323e-02 1.862160675227642059e-02 5.308136809617280960e-03 1.068278495222330093e-02 2.496820315718650818e-02 1.033047214150428772e-02
6.246184930205345154e-02 8.332855701446533203e-01 1.915867067873477936e-02 1.393073145300149918e-02 4.926388151943683624e-03 6.001872569322586060e-02 6.296557188034057617e-02 1.665265415795147419e-03 1.348589733242988586e-02 2.606500871479511261e-02 5.372539907693862915e-02 1.093876315280795097e-03 7.732796669006347656e-02 2.173307584598660469e-03 6.080419290810823441e-03 2.654551714658737183e-02 2.542489953339099884e-02 2.950656227767467499e-03 9.855488315224647522e-04 9.617754258215427399e-03 6.528370548039674759e-03 1.930512487888336182e-02 1.584479771554470062e-02 2.584968693554401398e-02 3.139959299005568027e-04 1.861021667718887329e-02 9.305756539106369019e-03 6.072151940315961838e-03 3.689251095056533813e-02 5.539201200008392334e-03 5.265778303146362305e-02 8.537718094885349274e-03 2.608973765745759010e-03 2.280411496758460999e-02 1.023804955184459686e-02 1.543347164988517761e-02 1.206748280674219131e-02 6.835035048425197601e-03 8.989906869828701019e-03 2.610376477241516113e-02 6.929968018084764481e-03 1.324333902448415756e-02 2.133164787665009499e-03 2.865741262212395668e-03 2.823925763368606567e-02 1.185272168368101120e-02 5.637810006737709045e-02 5.042638257145881653e-02 2.577090635895729065e-04 9.633704088628292084e-03 1.347739528864622116e-02 2.363177761435508728e-02 4.818963818252086639e-03 1.291456725448369980e-02 1.052614767104387283e-02 6.130556575953960419e-03 1.115545444190502167e-02 1.917561143636703491e-02 1.675957115367054939e-03 6.494266446679830551e-03 3.313067182898521423e-02 5.105121061205863953e-03 4.558154847472906113e-03 1.449590083211660385e-02 4.665072262287139893e-02 3.697652369737625122e-02 1.760855899192392826e-03 6.985772401094436646e-03 5.979022942483425140e-03 1.281160954385995865e-02 6.436345633119344711e-03 1.343541685491800308e-02 1.497910637408494949e-02 1.318722218275070190e-02 4.999338649213314056e-03 8.632669225335121155e-03 1.401207223534584045e-02 1.279619522392749786e-02 1.566732488572597504e-02 9.102518670260906219e-03 1.135059911757707596e-02 1.907128468155860901e-02 8.344397647306323051e-04 1.449035014957189560e-02 1.770070567727088928e-02 1.604553312063217163e-02 4.648409085348248482e-04 3.318060189485549927e-02 1.154448720626533031e-03 4.574300255626440048e-03 4.756186529994010925e-02 1.735403947532176971e-02 4.764197021722793579e-02 2.723122760653495789e-02 2.207265701144933701e-03 7.798018865287303925e-03 5.347862374037504196e-03 2.264074981212615967e-03 6.852932274341583252e-03 2.520504780113697052e-02 4.647925961762666702e-03 2.213303465396165848e-03 1.021179649978876114e-02 2.534224092960357666e-02 3.670228645205497742e-03 3.512802300974726677e-03 9.814388118684291840e-03 8.101270941551774740e-05 4.833864048123359680e-03 3.224328625947237015e-03 8.764586411416530609e-03 6.215971079654991627e-04 6.487034726887941360e-03 3.392990911379456520e-03 4.812468308955430984e-03 1.406226307153701782e-02
1.837127283215522766e-02 1.915867067873477936e-02 8.332855701446533203e-01 9.762579575181007385e-03 1.201757881790399551e-02 2.027894742786884308e-02 1.069545093923807144e-02 6.513186544179916382e-02 1.487504970282316208e-02 4.092328250408172607e-03 7.377889472991228104e-03 1.724707148969173431e-02 2.079081349074840546e-02 1.602484844624996185e-02 5.067420005798339844e-02 8.295828476548194885e-03 1.921865972690284252e-03 1.158386468887329102e-02 1.306838262826204300e-02 1.728658564388751984e-02 5.069135222584009171e-03 1.496821641921997070e-02 7.709366269409656525e-03 1.886008307337760925e-03 9.281801059842109680e-03 5.466899834573268890e-03 3.796047344803810120e-02 1.837511919438838959e-02 1.167729496955871582e-02 1.447117421776056290e-02 1.146512199193239212e-02 4.439319949597120285e-03 4.848814569413661957e-03 1.201198156923055649e-02 1.186173595488071442e-02 4.470705986022949219e-03 7.238127291202545166e-03 1.951169967651367188e-02 2.945105358958244324e-02 2.278300561010837555e-02 1.000677887350320816e-02 1.079507730901241302e-02 1.184069830924272537e-02 5.796192958950996399e-02 4.945862106978893280e-03 7.267675362527370453e-03 2.426968887448310852e-02 2.745921490713953972e-03 7.812743075191974640e-03 4.781536757946014404e-03 1.099053333746269345e-04 8.352655568160116673e-04 1.363162416964769363e-02 3.937568399123847485e-04 2.382853301241993904e-03 6.250251899473369122e-04 7.898835465312004089e-03 1.199267432093620300e-02 9.553434327244758606e-03 3.353932499885559082e-02 8.862046524882316589e-03 6.461835931986570358e-03 3.092978522181510925e-02 6.777524948120117188e-03 1.855069398880004883e-02 2.167322859168052673e-02 3.993066027760505676e-03 2.838304964825510979e-03 1.038925722241401672e-02 2.466789633035659790e-02 3.090346232056617737e-02 2.670371718704700470e-02 2.454803138971328735e-02 2.849280717782676220e-04 9.200978092849254608e-03 1.324211154133081436e-02 5.611136555671691895e-03 2.242239657789468765e-03 6.476942915469408035e-03 3.152398765087127686e-02 6.543844193220138550e-02 4.770513623952865601e-02 2.960570156574249268e-02 1.282583549618721008e-02 1.745105534791946411e-02 1.595368143171072006e-03 4.176736623048782349e-02 1.638829708099365234e-02 7.094311527907848358e-03 3.037984017282724380e-03 3.042847849428653717e-02 1.743800938129425049e-02 5.094068590551614761e-03 1.119483355432748795e-02 1.689371280372142792e-02 9.716182947158813477e-03 1.508586574345827103e-02 1.168687455356121063e-02 1.822771504521369934e-02 1.466065761633217335e-03 1.074247155338525772e-02 8.933778735809028149e-04 2.652085386216640472e-02 1.101310085505247116e-02 3.079853765666484833e-02 2.456297725439071655e-02 2.220297418534755707e-02 7.927308790385723114e-03 1.926472224295139313e-02 1.194159500300884247e-02 1.531472522765398026e-02 1.187370717525482178e-02 2.249125204980373383e-02 8.779639378190040588e-03 1.612472534179687500e-02 2.311912737786769867e-02
2.259073592722415924e-02 1.393073145300149918e-02 9.762579575181007385e-03 8.332855701446533203e-01 2.544819377362728119e-02 3.671141108497977257e-03 9.352700784802436829e-03 5.182902794331312180e-03 8.047823794186115265e-03 5.033579189330339432e-03 2.678291639313101768e-03 1.307309884577989578e-02 8.144473657011985779e-03 1.378992479294538498e-02 9.854502975940704346e-03 1.951960287988185883e-02 2.045268565416336060e-02 5.949724465608596802e-03 4.077104385942220688e-03 1.421918813139200211e-02 4.563664086163043976e-03 9.847286157310009003e-03 2.225971966981887817e-02 9.536104276776313782e-03 1.200417289510369301e-03 4.125033970922231674e-03 4.850490018725395203e-03 1.874460466206073761e-02 1.439830381423234940e-02 8.965719491243362427e-03 2.557790651917457581e-02 2.017250284552574158e-02 3.142864210531115532e-03 2.476585330441594124e-03 7.413421757519245148e-03 1.577915158122777939e-03 7.170499768108129501e-03 4.630844108760356903e-03 4.276698455214500427e-02 1.531599462032318115e-02 2.253431268036365509e-02 8.023715578019618988e-03 2.608290500938892365e-02 3.889267973136156797e-04 4.009745083749294281e-03 1.507712434977293015e-02 8.078704588115215302e-03 8.552394807338714600e-03 1.519723888486623764e-02 6.586297415196895599e-03 1.199368294328451157e-02 9.846732951700687408e-03 1.317533850669860840e-02 1.395887508988380432e-02 1.745392195880413055e-02 1.284427568316459656e-02 2.721368707716464996e-02 4.442390520125627518e-03 9.833760559558868408e-03 4.901521839201450348e-03 1.732153259217739105e-02 3.599461913108825684e-02 1.574795320630073547e-02 5.201248917728662491e-03 9.515851736068725586e-03 1.525846216827630997e-02 6.011742632836103439e-03 2.850087592378258705e-03 3.256094455718994141e-02 2.300372347235679626e-02 1.772425137460231781e-02 2.422465756535530090e-02 4.774626344442367554e-02 1.840305328369140625e-02 4.490796104073524475e-02 3.241639956831932068e-02 1.333330851048231125e-02 1.120273955166339874e-03 7.512417156249284744e-03 1.883907057344913483e-02 3.669245052151381969e-04 1.139384321868419647e-02 2.097382023930549622e-02 1.004948746412992477e-02 3.508581547066569328e-03 1.983500830829143524e-02 1.495886407792568207e-02 8.559782058000564575e-03 1.311856321990489960e-02 1.124365720897912979e-03 2.530837617814540863e-02 2.520681591704487801e-03 2.677896525710821152e-03 1.431523356586694717e-02 3.221297636628150940e-02 2.669480443000793457e-02 5.487205926328897476e-03 1.521887350827455521e-02 2.228160202503204346e-02 1.728898100554943085e-02 3.544609935488551855e-04 2.294287784025073051e-03 4.956683143973350525e-03 1.505902688950300217e-02 2.396800741553306580e-02 1.578519679605960846e-02 5.718290805816650391e-03 4.793104249984025955e-03 2.229518489912152290e-03 1.697858609259128571e-02 2.881899476051330566e-02 1.669759675860404968e-02 1.532176882028579712e-02 2.751062996685504913e-02 3.625270724296569824e-02 2.384557761251926422e-02
3.138659987598657608e-03 4.926388151943683624e-03 1.201757881790399551e-02 2.544819377362728119e-02 8.332855701446533203e-01 1.468067429959774017e-02 1.895785517990589142e-02 5.087236408144235611e-03 8.670979179441928864e-03 2.432078495621681213e-02 9.997189976274967194e-03 2.846469357609748840e-02 1.981690526008605957e-02 3.284289315342903137e-02 2.415840048342943192e-03 2.714440040290355682e-02 2.973932959139347076e-02 2.327255718410015106e-02 2.556106261909008026e-02 1.719540543854236603e-02 2.588178031146526337e-02 2.247610827907919884e-03 1.936009526252746582e-02 1.502153184264898300e-02 2.872554957866668701e-02 1.961436122655868530e-02 2.770327264443039894e-03 2.898482978343963623e-02 2.529054135084152222e-02 2.456090599298477173e-02 2.001644112169742584e-02 1.480612996965646744e-02 4.585386719554662704e-03 1.122386287897825241e-02 4.810118116438388824e-03 5.287231411784887314e-03 3.511354560032486916e-03 6.269603036344051361e-03 2.795886062085628510e-02 6.400589644908905029e-02 1.009622309356927872e-02 5.557077005505561829e-03 2.470613084733486176e-02 3.933768020942807198e-04 1.324945781379938126e-02 6.766180507838726044e-03 4.937994162901304662e-05 5.022277124226093292e-03 1.320277247577905655e-02 9.036625851877033710e-04 2.055663056671619415e-02 1.159964781254529953e-02 1.956061460077762604e-02 2.254469133913516998e-02 2.470478881150484085e-03 1.090602949261665344e-03 1.098963548429310322e-03 1.089469250291585922e-02 1.976770907640457153e-02 1.352850068360567093e-02 1.099150069057941437e-02 2.008188143372535706e-02 4.204722121357917786e-03 2.501335367560386658e-02 2.252587489783763885e-02 2.767708152532577515e-02 3.574658557772636414e-02 2.032729797065258026e-02 2.363703958690166473e-02 1.804231479763984680e-02 3.501704335212707520e-02 1.165569387376308441e-02 2.409688010811805725e-02 1.695071160793304443e-02 4.372186213731765747e-02 1.329865586012601852e-02 2.245313301682472229e-02 3.667657449841499329e-02 1.524675358086824417e-02 1.858408376574516296e-02 1.248454395681619644e-02 3.760286141186952591e-03 3.485420718789100647e-02 5.362703651189804077e-02 3.126186132431030273e-02 1.686393469572067261e-02 4.302679095417261124e-03 1.951272413134574890e-02 1.130087021738290787e-02 2.379829250276088715e-02 1.486371830105781555e-02 1.436395850032567978e-02 1.010167878121137619e-03 5.954868160188198090e-03 1.715500280261039734e-02 2.794332802295684814e-02 1.257183961570262909e-02 5.157880950719118118e-03 6.210605148226022720e-03 1.057527866214513779e-02 4.081755876541137695e-03 4.144044127315282822e-03 5.278169643133878708e-03 1.059623062610626221e-02 6.490249652415513992e-03 4.882249049842357635e-03 6.690175272524356842e-03 1.835502311587333679e-02 1.517670042812824249e-02 1.887914352118968964e-02 1.314364955760538578e-03 1.218161894939839840e-03 2.635943703353404999e-02 2.932444401085376740e-02 1.258570048958063126e-02 4.228077013976871967e-04
5.274974182248115540e-02 6.001872569322586060e-02 2.027894742786884308e-02 3.671141108497977257e-03 1.468067429959774017e-02 8.332855701446533203e-01 7.241374999284744263e-02 4.214892629534006119e-03 1.102216355502605438e-02 2.596575766801834106e-02 2.478688769042491913e-02 1.716004771878942847e-04 4.252337291836738586e-02 4.631297197192907333e-03 9.042353369295597076e-03 3.902938961982727051e-02 4.543758556246757507e-02 5.166291259229183197e-03 1.064241747371852398e-03 1.614448614418506622e-03 1.851959852501749992e-03 1.370061282068490982e-02 2.140507334843277931e-03 1.091947499662637711e-02 1.082827709615230560e-02 2.549271658062934875e-02 1.350521482527256012e-02 6.744204554706811905e-03 5.927205551415681839e-03 8.861049078404903412e-03 1.325664110481739044e-02 9.181550703942775726e-03 6.391160422936081886e-04 1.568853855133056641e-02 1.216741371899843216e-02 1.435197051614522934e-02 6.870885845273733139e-03 1.127308234572410583e-02 1.500716432929039001e-02 2.288807928562164307e-02 1.712238043546676636e-02 1.814135722815990448e-02 1.473013497889041901e-02 3.016235772520303726e-03 3.591783717274665833e-02 1.892744749784469604e-02 6.180173158645629883e-02 3.345322981476783752e-02 7.034621085040271282e-04 1.352607645094394684e-02 3.186409361660480499e-03 1.295136474072933197e-02 1.144571788609027863e-02 3.321249736472964287e-03 1.306755375117063522e-02 6.920732092112302780e-03 1.218896266072988510e-02 1.581439934670925140e-02 3.282643621787428856e-03 9.248500689864158630e-03 4.234115034341812134e-02 7.198842708021402359e-03 8.135586977005004883e-03 2.143728546798229218e-03 2.105341479182243347e-02 3.025279380381107330e-02 5.580388940870761871e-03 4.081222694367170334e-03 8.823569864034652710e-03 8.118910714983940125e-03 6.717364303767681122e-04 1.030875928699970245e-02 1.442807819694280624e-02 1.713431265670806170e-04 1.293029263615608215e-02 6.358425598591566086e-03 1.432323083281517029e-02 1.440338138490915298e-02 6.774972192943096161e-03 1.901466771960258484e-02 1.771079562604427338e-02 1.729640737175941467e-02 1.625916175544261932e-02 2.567361481487751007e-02 1.592816226184368134e-02 1.973288133740425110e-02 1.561624556779861450e-02 4.299255087971687317e-02 1.129576377570629120e-02 4.827010910958051682e-03 6.642060354351997375e-03 1.545260194689035416e-02 2.594107016921043396e-02 3.213188052177429199e-02 1.528018899261951447e-02 1.984705775976181030e-02 4.036574624478816986e-03 4.937749356031417847e-03 8.327712304890155792e-03 1.708692498505115509e-02 1.421057712286710739e-02 1.608721166849136353e-02 1.967606320977210999e-02 1.109073124825954437e-02 1.942732254974544048e-03 7.745640352368354797e-03 1.529973745346069336e-02 1.455931086093187332e-02 1.466283015906810760e-02 4.480577073991298676e-03 2.004718035459518433e-02 9.705470874905586243e-03 1.578699052333831787e-02 2.116242190822958946e-03 2.942090481519699097e-02 2.114133536815643311e-02
4.329955950379371643e-02 6.296557188034057617e-02 1.069545093923807144e-02 9.352700784802436829e-03 1.895785517990589142e-02 7.241374999284744263e-02 8.332855701446533203e-01 2.812157152220606804e-03 7.882026955485343933e-03 2.508007362484931946e-02 3.055112063884735107e-02 2.475159615278244019e-02 4.076730832457542419e-02 1.060594432055950165e-02 6.723128724843263626e-03 4.724983125925064087e-02 4.456755891442298889e-02 3.022525226697325706e-03 1.587128615938127041e-03 1.965595781803131104e-02 7.895754242781549692e-05 1.598193496465682983e-02 8.026617579162120819e-03 1.309724338352680206e-02 9.728659875690937042e-03 1.972146704792976379e-02 2.376471646130084991e-02 1.111343689262866974e-02 1.797619834542274475e-02 2.516657486557960510e-02 1.985910348594188690e-02 5.388967227190732956e-03 9.764218702912330627e-03 1.089259237051010132e-02 9.063407778739929199e-03 1.392833609133958817e-02 1.637151464819908142e-03 1.728249527513980865e-02 2.231172285974025726e-02 2.513785101473331451e-02 5.391455255448818207e-03 1.526126731187105179e-02 2.834377251565456390e-02 1.020782254636287689e-02 2.761681936681270599e-02 2.889122627675533295e-02 4.579799994826316833e-02 6.745324283838272095e-02 6.566597148776054382e-03 8.708932437002658844e-03 7.573398761451244354e-03 1.682984828948974609e-02 1.786708272993564606e-02 3.397485939785838127e-03 7.360612507909536362e-03 5.192690994590520859e-03 1.189502980560064316e-02 1.596028544008731842e-02 6.817643530666828156e-03 7.923506200313568115e-03 3.435390070080757141e-02 1.974931219592690468e-04 2.317776437848806381e-03 2.501113573089241982e-03 3.096289001405239105e-02 1.735144853591918945e-02 1.139145530760288239e-02 4.251447506248950958e-03 9.798794053494930267e-03 3.173261415213346481e-03 1.088651362806558609e-02 2.214508131146430969e-03 2.206505043432116508e-03 3.907192964106798172e-03 1.676847226917743683e-02 4.093067254871129990e-03 2.753103850409388542e-03 2.250910550355911255e-02 1.305508241057395935e-02 8.458252996206283569e-03 6.877028383314609528e-03 3.158532455563545227e-02 1.986375451087951660e-02 2.045766077935695648e-02 9.724837727844715118e-03 5.529951769858598709e-03 9.061860851943492889e-03 2.724321186542510986e-02 6.214834284037351608e-03 9.943022392690181732e-03 1.560653746128082275e-02 3.977138549089431763e-02 5.812393501400947571e-02 1.601117476820945740e-02 1.987208798527717590e-02 1.860337518155574799e-02 9.115057066082954407e-03 8.106910623610019684e-03 5.934202577918767929e-03 1.885062642395496368e-02 2.229528874158859253e-02 2.290395461022853851e-02 2.822224237024784088e-02 7.479538209736347198e-03 4.089219495654106140e-03 1.226516161113977432e-02 1.060868520289659500e-02 1.041873451322317123e-02 1.460431236773729324e-02 8.270046091638505459e-04 4.796093329787254333e-03 4.108408465981483459e-03 2.008160576224327087e-02 1.612504757940769196e-02 1.565180346369743347e-02 8.671676740050315857e-03
2.951487200334668159e-03 1.665265415795147419e-03 6.513186544179916382e-02 5.182902794331312180e-03 5.087236408144235611e-03 4.214892629534006119e-03 2.812157152220606804e-03 8.332855701446533203e-01 2.105318941175937653e-02 1.399961533024907112e-03 1.176248490810394287e-02 1.215972937643527985e-03 3.474480181466788054e-04 2.895897952839732170e-03 5.233169719576835632e-02 1.698647625744342804e-02 8.326435461640357971e-03 1.680605672299861908e-02 7.614245638251304626e-03 2.514851512387394905e-04 2.094126306474208832e-02 6.463571451604366302e-03 1.159616094082593918e-02 9.070016443729400635e-03 3.493821248412132263e-03 1.676802523434162140e-03 3.267315775156021118e-02 1.097731851041316986e-02 1.101807784289121628e-02 8.478592149913311005e-03 1.484510116279125214e-02 8.484658785164356232e-03 1.609461178304627538e-04 1.634391583502292633e-02 1.689249090850353241e-02 8.869873359799385071e-03 2.124288305640220642e-02 3.138203872367739677e-03 3.297377005219459534e-02 2.221190556883811951e-02 1.403310615569353104e-02 2.224477939307689667e-02 5.469009629450738430e-04 5.504704266786575317e-02 1.465631835162639618e-02 1.782684959471225739e-02 1.755815465003252029e-03 1.464598719030618668e-02 2.212636545300483704e-02 1.287552993744611740e-02 1.230425667017698288e-02 1.695064641535282135e-02 6.234825123101472855e-03 9.822628460824489594e-03 1.406838558614253998e-02 7.708020973950624466e-03 8.013791404664516449e-03 1.677777618169784546e-02 3.452960401773452759e-03 1.513363514095544815e-02 1.062685530632734299e-02 1.280670426785945892e-02 2.855184860527515411e-02 1.145703624933958054e-02 1.545375562272965908e-03 2.305171452462673187e-03 2.329997019842267036e-03 1.328746322542428970e-03 5.809691268950700760e-03 2.468571811914443970e-02 2.383716404438018799e-02 3.081726655364036560e-02 1.390609052032232285e-02 1.229378115385770798e-02 3.704075468704104424e-03 1.709146425127983093e-02 1.102998759597539902e-02 5.814442411065101624e-03 1.997290179133415222e-02 2.058729529380798340e-02 6.068649142980575562e-02 5.214935541152954102e-02 3.033004142343997955e-02 9.158276952803134918e-03 4.634373355656862259e-03 2.056043827906250954e-03 4.568703100085258484e-02 2.738477289676666260e-02 4.997908603399991989e-03 1.934163039550185204e-03 7.135561318136751652e-04 1.448596362024545670e-02 1.302631385624408722e-02 1.971239410340785980e-02 2.508380822837352753e-02 1.772384531795978546e-02 2.269247360527515411e-02 1.392862945795059204e-02 2.211128547787666321e-02 2.673396142199635506e-03 1.333718188107013702e-02 1.169137097895145416e-02 2.600779570639133453e-02 6.752511020749807358e-03 3.632044792175292969e-02 2.292614057660102844e-02 2.696391195058822632e-02 6.561731453984975815e-03 2.066127955913543701e-02 8.058720268309116364e-03 1.711115986108779907e-02 3.440863639116287231e-02 7.644067984074354172e-03 1.827093958854675293e-02 3.336251527070999146e-02 1.080710440874099731e-02
5.743248388171195984e-03 1.348589733242988586e-02 1.487504970282316208e-02 8.047823794186115265e-03 8.670979179441928864e-03 1.102216355502605438e-02 7.882026955485343933e-03 2.105318941175937653e-02 8.332855701446533203e-01 2.776252478361129761e-02 8.654584176838397980e-03 2.447698451578617096e-02 6.912776269018650055e-03 3.550506895408034325e-03 2.066623605787754059e-02 2.251923782750964165e-03 1.412746496498584747e-02 4.949710145592689514e-02 2.926043793559074402e-02 3.194422606611624360e-05 3.069140249863266945e-03 6.911027594469487667e-04 2.038889005780220032e-02 1.520519796758890152e-02 1.186208985745906830e-02 1.424873620271682739e-02 2.170434221625328064e-02 5.550217814743518829e-03 7.820064201951026917e-03 7.323045283555984497e-03 1.700656674802303314e-02 6.130245747044682503e-04 2.458338253200054169e-02 1.164857670664787292e-02 1.904928684234619141e-02 3.181579336524009705e-02 2.229546383023262024e-02 3.341319784522056580e-02 3.796868026256561279e-03 6.205230951309204102e-03 1.957772672176361084e-02 4.066146537661552429e-02 2.793684136122465134e-03 1.539080962538719177e-02 2.853765711188316345e-02 1.498903520405292511e-02 1.278881728649139404e-02 9.316965006291866302e-03 2.722678333520889282e-02 1.024303492158651352e-03 3.436442092061042786e-02 3.780652210116386414e-02 1.146867033094167709e-02 2.683909609913825989e-03 5.003779381513595581e-02 2.796914428472518921e-03 3.674135357141494751e-02 2.695172734092921019e-04 8.771613356657326221e-04 7.849685847759246826e-03 3.342875838279724121e-02 7.011402049101889133e-04 6.660405080765485764e-03 6.208550650626420975e-03 5.673426669090986252e-03 1.284837163984775543e-02 4.180176649242639542e-03 1.458516810089349747e-02 2.747051231563091278e-02 3.733672946691513062e-02 7.314159302040934563e-04 4.140051081776618958e-02 1.366934925317764282e-02 3.489858284592628479e-02 1.253839698620140553e-03 3.737463429570198059e-02 5.633803829550743103e-02 2.633169293403625488e-02 4.688839241862297058e-02 2.226658351719379425e-02 2.443686500191688538e-02 1.083180867135524750e-02 4.028737545013427734e-02 9.949298575520515442e-03 6.610428448766469955e-03 9.063861332833766937e-03 1.931984163820743561e-02 2.151337824761867523e-02 2.807112596929073334e-02 1.810380257666110992e-02 2.008794108405709267e-03 5.666627548635005951e-03 1.263779238797724247e-03 2.770564518868923187e-02 3.252104669809341431e-02 2.771103754639625549e-02 3.457395359873771667e-02 4.370813444256782532e-02 4.387918859720230103e-02 1.424344629049301147e-02 2.704738825559616089e-02 2.171091176569461823e-02 1.340594794601202011e-02 2.913860231637954712e-02 1.490799337625503540e-02 5.529708229005336761e-03 2.751833200454711914e-02 3.356173634529113770e-02 2.273729629814624786e-02 2.459210343658924103e-02 3.281173994764685631e-03 1.924962736666202545e-02 5.857549607753753662e-03 8.289540186524391174e-03 8.002866990864276886e-03 6.119607947766780853e-03
2.004236355423927307e-02 2.606500871479511261e-02 4.092328250408172607e-03 5.033579189330339432e-03 2.432078495621681213e-02 2.596575766801834106e-02 2.508007362484931946e-02 1.399961533024907112e-03 2.776252478361129761e-02 8.332855701446533203e-01 3.251418936997652054e-03 1.920089684426784515e-02 3.210971830412745476e-03 2.527813054621219635e-02 1.619021524675190449e-03 5.016048904508352280e-03 2.704168483614921570e-02 2.263177745044231415e-02 5.833729729056358337e-02 9.016212075948715210e-03 1.518985629081726074e-02 1.007210835814476013e-02 1.413772813975811005e-02 2.679260075092315674e-02 1.345740538090467453e-02 4.757389891892671585e-03 9.106952929869294167e-04 1.220777072012424469e-02 1.914650946855545044e-02 2.100446494296193123e-03 1.600162498652935028e-02 2.468299865722656250e-02 3.615603223443031311e-02 5.299829412251710892e-03 1.140714716166257858e-02 1.870091771706938744e-03 1.729710772633552551e-02 7.197003345936536789e-03 7.485153153538703918e-03 1.626360788941383362e-02 1.876739552244544029e-03 1.413356605917215347e-02 4.215981811285018921e-03 3.715252969413995743e-03 1.262860000133514404e-02 2.949839644134044647e-02 8.046202361583709717e-03 1.021243073046207428e-02 1.561718992888927460e-02 2.275196462869644165e-02 2.399261109530925751e-02 1.841770298779010773e-02 2.071159519255161285e-02 1.290436461567878723e-02 1.654752716422080994e-02 5.860891193151473999e-03 1.774107851088047028e-02 1.444669626653194427e-02 1.837617903947830200e-02 1.105001755058765411e-02 8.715815842151641846e-03 1.997013762593269348e-02 1.830260083079338074e-02 6.312871351838111877e-03 5.611456464976072311e-03 1.319545507431030273e-02 4.485169891268014908e-03 2.494650520384311676e-02 1.068911794573068619e-02 3.020951338112354279e-02 1.336154062300920486e-02 1.744295097887516022e-02 2.750798873603343964e-02 3.640211001038551331e-02 8.265394717454910278e-03 1.179445721209049225e-02 4.732300527393817902e-03 5.977576225996017456e-02 4.111221432685852051e-02 5.266417190432548523e-02 5.899553652852773666e-03 4.391199909150600433e-04 2.728879079222679138e-02 5.103165656328201294e-02 1.003917586058378220e-02 1.909532025456428528e-02 8.578565903007984161e-03 7.365673081949353218e-04 3.980187699198722839e-03 3.787178918719291687e-02 7.279615383595228195e-03 1.351304724812507629e-02 6.856798660010099411e-03 1.083699055016040802e-02 2.026713266968727112e-02 2.941974997520446777e-02 3.576751053333282471e-02 2.442668378353118896e-02 2.064668573439121246e-02 2.621815912425518036e-02 1.941871084272861481e-02 1.521779969334602356e-02 3.090673824772238731e-03 2.576626092195510864e-02 2.203003969043493271e-03 5.909739527851343155e-03 7.975571206770837307e-04 1.421988662332296371e-02 1.306857354938983917e-02 4.507682844996452332e-02 9.940030053257942200e-03 7.340920856222510338e-04 6.172595545649528503e-03 6.803383585065603256e-03 2.229139581322669983e-02 6.244919728487730026e-03
7.159717381000518799e-02 5.372539907693862915e-02 7.377889472991228104e-03 2.678291639313101768e-03 9.997189976274967194e-03 2.478688769042491913e-02 3.055112063884735107e-02 1.176248490810394287e-02 8.654584176838397980e-03 3.251418936997652054e-03 8.332855701446533203e-01 8.715546689927577972e-03 6.453309953212738037e-02 1.093136332929134369e-02 1.298940274864435196e-02 1.104553323239088058e-02 1.127952802926301956e-02 9.891573572531342506e-04 1.497568748891353607e-02 1.261655334383249283e-02 3.486626315861940384e-03 7.223177701234817505e-03 1.507291477173566818e-02 2.384059317409992218e-02 1.397393550723791122e-02 2.224111184477806091e-02 1.097104977816343307e-02 5.346436519175767899e-03 6.638409942388534546e-02 1.420149952173233032e-02 4.143805429339408875e-02 1.410084124654531479e-02 1.496250927448272705e-02 2.256142161786556244e-02 1.919652335345745087e-02 9.937108494341373444e-03 2.398096956312656403e-02 5.249744281172752380e-03 6.022015120834112167e-03 7.287712302058935165e-03 8.280836045742034912e-03 6.288463249802589417e-03 1.418267376720905304e-03 1.891152933239936829e-03 2.554943598806858063e-02 2.099867537617683411e-02 5.675903707742691040e-02 5.139819160103797913e-02 7.504885084927082062e-03 1.227976754307746887e-02 2.679580822587013245e-03 8.285855874419212341e-03 8.072170428931713104e-03 1.114732585847377777e-03 1.750136539340019226e-02 1.186145842075347900e-02 6.703345105051994324e-03 2.535333111882209778e-02 1.940084155648946762e-03 4.901752341538667679e-03 1.677237637341022491e-02 1.420317310839891434e-02 1.539052277803421021e-02 2.233411883935332298e-03 7.039676606655120850e-02 4.466375336050987244e-02 1.851447857916355133e-02 1.498588174581527710e-02 4.266088828444480896e-03 2.415417321026325226e-02 1.452331617474555969e-02 1.182150375097990036e-02 5.476493388414382935e-03 9.951126761734485626e-03 5.446650553494691849e-03 1.699577271938323975e-02 6.206873338669538498e-03 1.427512150257825851e-02 4.013800527900457382e-03 2.230554586276412010e-03 2.920873812399804592e-04 2.226417884230613708e-03 2.978901611641049385e-04 4.163150675594806671e-03 2.329394035041332245e-02 2.547320164740085602e-02 1.161932013928890228e-02 1.919899508357048035e-02 2.330527873709797859e-03 1.468282134737819433e-04 6.450385600328445435e-02 4.255253076553344727e-02 5.790757760405540466e-02 2.637164853513240814e-02 1.322626415640115738e-02 1.357438042759895325e-02 2.279842272400856018e-03 1.995877176523208618e-02 3.551891306415200233e-03 6.664158776402473450e-03 1.112997345626354218e-02 9.376555681228637695e-03 6.947459653019905090e-03 1.178893912583589554e-02 3.747662296518683434e-03 4.299904976505786180e-04 1.839889911934733391e-03 1.079112198203802109e-02 3.053989494219422340e-03 1.239938940852880478e-02 1.062799151986837387e-02 2.158490568399429321e-02 1.010847510769963264e-03 3.043476492166519165e-03 6.987996399402618408e-03 6.185959558933973312e-03
6.595305632799863815e-03 1.093876315280795097e-03 1.724707148969173431e-02 1.307309884577989578e-02 2.846469357609748840e-02 1.716004771878942847e-04 2.475159615278244019e-02 1.215972937643527985e-03 2.447698451578617096e-02 1.920089684426784515e-02 8.715546689927577972e-03 8.332855701446533203e-01 6.275235675275325775e-03 7.394206523895263672e-02 1.221740618348121643e-02 1.700534299015998840e-02 2.539546974003314972e-02 2.855466492474079132e-02 1.147526875138282776e-02 1.161934714764356613e-02 1.026683114469051361e-02 1.942207687534391880e-03 2.112434431910514832e-02 2.188348397612571716e-02 1.327391620725393295e-02 3.813473449554294348e-04 1.433093100786209106e-02 4.810801520943641663e-02 3.954745829105377197e-03 5.410610884428024292e-02 1.162659144029021263e-03 1.597264409065246582e-02 1.303058583289384842e-02 1.233422756195068359e-02 9.851919487118721008e-03 8.900442160665988922e-03 9.282985702157020569e-03 5.612226232187822461e-05 1.695095747709274292e-02 4.138662945479154587e-03 1.862107776105403900e-02 5.458607338368892670e-03 3.455024585127830505e-02 8.778384886682033539e-03 2.265171334147453308e-02 5.064157303422689438e-03 6.381584098562598228e-04 2.578462846577167511e-02 1.279018237255513668e-03 3.352196421474218369e-03 2.467908337712287903e-02 2.135317400097846985e-02 3.012386150658130646e-02 2.633635699748992920e-02 1.110282540321350098e-02 5.694679915904998779e-03 2.083099074661731720e-02 2.946400828659534454e-02 1.905422285199165344e-02 2.638430334627628326e-02 6.959953345358371735e-03 1.450613490305840969e-03 6.307514850050210953e-03 3.700846107676625252e-03 1.383843948133289814e-03 7.043611258268356323e-03 1.740910671651363373e-02 1.555265858769416809e-02 2.792984806001186371e-02 4.482623189687728882e-03 3.456805273890495300e-02 1.885305531322956085e-02 2.495401725172996521e-02 1.446917932480573654e-02 2.434465289115905762e-02 1.433148793876171112e-02 3.327387198805809021e-02 4.011609405279159546e-02 3.337834030389785767e-02 5.247365217655897141e-03 1.073282794095575809e-03 7.901441305875778198e-03 3.331880271434783936e-02 1.825074851512908936e-02 1.010204479098320007e-02 1.132427155971527100e-02 6.778775714337825775e-03 1.513743586838245392e-02 2.969677560031414032e-02 4.201030731201171875e-02 1.879573450423777103e-03 3.820512071251869202e-02 2.024612575769424438e-02 1.950083416886627674e-03 6.705816835165023804e-03 7.064803969115018845e-03 7.541716098785400391e-03 2.278133854269981384e-02 4.767310339957475662e-03 6.742034107446670532e-03 1.561279501765966415e-02 1.392047293484210968e-02 1.165667083114385605e-02 2.285468392074108124e-03 1.437541376799345016e-02 1.756396377459168434e-04 4.951360635459423065e-03 2.207753248512744904e-02 7.043137680739164352e-03 1.612384431064128876e-02 1.169700175523757935e-02 9.715033695101737976e-03 1.875570788979530334e-02 3.584804385900497437e-02 1.430363627150654793e-03 1.810444891452789307e-02
6.160626560449600220e-02 7.732796669006347656e-02 2.079081349074840546e-02 8.144473657011985779e-03 1.981690526008605957e-02 4.252337291836738586e-02 4.076730832457542419e-02 3.474480181466788054e-04 6.912776269018650055e-03 3.210971830412745476e-03 6.453309953212738037e-02 6.275235675275325775e-03 8.332855701446533203e-01 1.435598172247409821e-02 1.695233210921287537e-02 1.437122747302055359e-02 1.305076107382774353e-02 2.024367917329072952e-03 1.009572949260473251e-02 1.780630461871623993e-02 1.040844526141881943e-02 3.216953575611114502e-02 1.822985894978046417e-02 2.431168779730796814e-02 3.781314240768551826e-03 1.351632643491029739e-02 8.899823762476444244e-03 9.196183644235134125e-03 5.100909993052482605e-02 1.617819420062005520e-03 5.848444253206253052e-02 9.538010694086551666e-03 3.193603479303419590e-04 2.038078382611274719e-02 2.952689072117209435e-03 1.546947099268436432e-02 2.059776335954666138e-02 1.175884995609521866e-02 8.532966487109661102e-03 7.767509203404188156e-03 1.986937411129474640e-02 9.639353491365909576e-03 7.525713881477713585e-04 1.140922680497169495e-02 3.323472291231155396e-02 1.784262433648109436e-02 6.298729777336120605e-02 4.075646027922630310e-02 1.061921575455926359e-04 9.317738004028797150e-04 6.668373011052608490e-03 1.493124850094318390e-02 1.807865872979164124e-02 2.626024186611175537e-02 1.365123409777879715e-02 8.659646846354007721e-03 2.686963183805346489e-03 1.401720941066741943e-02 7.498450111597776413e-03 1.446041278541088104e-02 2.738620527088642120e-02 2.578499028459191322e-03 3.093214472755789757e-03 7.030711509287357330e-03 5.729715153574943542e-02 5.605712160468101501e-02 1.417659223079681396e-02 1.415650546550750732e-02 6.556853652000427246e-03 2.168410643935203552e-02 1.101431902498006821e-03 1.956171169877052307e-02 1.184991188347339630e-02 2.111226134002208710e-02 3.028833074495196342e-03 1.654716208577156067e-02 7.740255910903215408e-03 6.339116953313350677e-04 9.226918220520019531e-03 1.900777802802622318e-03 1.020316872745752335e-02 3.905397607013583183e-03 5.560107994824647903e-03 7.578074000775814056e-03 2.281211689114570618e-02 1.886271871626377106e-02 3.533446695655584335e-03 4.127573966979980469e-02 6.170841865241527557e-03 2.734877634793519974e-03 6.063362210988998413e-02 1.029446814209222794e-02 4.236697778105735779e-02 3.432383388280868530e-02 1.008844468742609024e-02 4.625882022082805634e-03 1.121114380657672882e-02 9.993458166718482971e-03 6.137954187579452991e-04 1.716906018555164337e-02 1.037202891893684864e-03 8.255925960838794708e-03 3.719021566212177277e-03 1.322690397500991821e-02 3.306424769107252359e-04 8.611719124019145966e-03 7.664204458706080914e-04 8.965566754341125488e-03 1.356202759779989719e-03 1.573115400969982147e-02 1.927221543155610561e-03 8.097157813608646393e-03 4.788736114278435707e-04 6.064882036298513412e-03 1.544655067846179008e-03 1.366937905550003052e-02
