8.309797644615173340e-01 8.057926595211029053e-02 3.171785734593868256e-03 7.781253196299076080e-03 1.647781231440603733e-03 8.031589537858963013e-02 7.431352138519287109e-02 2.661217004060745239e-02 1.629733666777610779e-02 5.708431359380483627e-03 5.420770496129989624e-02 1.983051560819149017e-02 4.845403507351875305e-02 1.837977394461631775e-02 9.832832030951976776e-03 5.850205197930335999e-03 3.977639134973287582e-03 1.330984663218259811e-02 7.455861195921897888e-04 1.320543698966503143e-02 1.093213073909282684e-02 8.463682606816291809e-03 1.809396967291831970e-02 1.695708185434341431e-02 1.120916660875082016e-02 8.431260474026203156e-03 6.430981215089559555e-03 1.598242204636335373e-03 2.529488876461982727e-02 4.156826529651880264e-03 2.073105797171592712e-02 6.242353003472089767e-03 8.187302155420184135e-04 1.094891224056482315e-02 1.085515134036540985e-02 1.156099140644073486e-02 1.420377288013696671e-02 1.561915408819913864e-02 1.583196595311164856e-02 1.804272644221782684e-03 1.837474480271339417e-02 8.340457454323768616e-03 1.360042486339807510e-02 1.807017810642719269e-02 1.699577271938323975e-02 7.161342538893222809e-03 3.678397461771965027e-02 4.692712053656578064e-02 4.835008177906274796e-03 1.741439849138259888e-02 8.350494317710399628e-03 1.499153766781091690e-02 4.758984781801700592e-03 2.118354197591543198e-03 8.037925697863101959e-03 9.496371261775493622e-03 1.832620054483413696e-02 1.544499397277832031e-02 1.644807052798569202e-03 6.092332303524017334e-03 1.352757867425680161e-02 2.075395546853542328e-03 9.389833547174930573e-03 8.973368443548679352e-03 2.350391075015068054e-02 2.265823073685169220e-02 1.123652700334787369e-02 6.774799432605504990e-03 1.302549149841070175e-03 1.954057812690734863e-02 6.797872949391603470e-03 1.802191138267517090e-02 4.906762391328811646e-03 2.056788094341754913e-02 1.379176508635282516e-02 1.922504417598247528e-02 7.565503008663654327e-03 3.131173085421323776e-03 5.500560160726308823e-03 1.502251252532005310e-02 1.977896690368652344e-02 3.582371398806571960e-03 4.454415757209062576e-03 1.155125629156827927e-02 4.090091679245233536e-03 1.885095238685607910e-02 1.366679649800062180e-02 6.944346241652965546e-04 3.232049988582730293e-03 1.221634913235902786e-02 2.370547875761985779e-02 1.859081536531448364e-02 1.237413380295038223e-02 1.703388988971710205e-02 1.943222247064113617e-02 2.206484228372573853e-02 8.691262453794479370e-03 2.906964858993887901e-03 1.550243236124515533e-02 2.134013734757900238e-02 1.016133558005094528e-02 2.398733608424663544e-02 1.576917432248592377e-02 8.135703392326831818e-03 3.664513118565082550e-03 1.966416463255882263e-02 4.680058918893337250e-03 2.279032766819000244e-02 2.045613154768943787e-02 3.438334167003631592e-02 2.252834662795066833e-02 2.777247317135334015e-02 4.479244817048311234e-03 2.328609116375446320e-02 1.885879412293434143e-02 1.138368248939514160e-02
8.057926595211029053e-02 8.309797644615173340e-01 6.507155019789934158e-03 1.053305249661207199e-02 7.859401404857635498e-03 4.754042997956275940e-02 6.541310250759124756e-02 3.258422762155532837e-02 1.778544299304485321e-02 1.763217442203313112e-04 3.086946345865726471e-02 1.031000353395938873e-02 7.017648965120315552e-02 8.343805558979511261e-03 7.314956746995449066e-03 9.558546589687466621e-04 7.250791881233453751e-03 2.012274973094463348e-02 1.287246821448206902e-03 1.152783259749412537e-02 2.253665355965495110e-03 7.361447438597679138e-03 9.340496733784675598e-03 6.404852960258722305e-03 1.360343210399150848e-02 1.091554015874862671e-02 5.487682763487100601e-03 9.232591837644577026e-03 3.106080694124102592e-03 2.094372874125838280e-03 1.874109730124473572e-02 5.068634636700153351e-03 3.036449430510401726e-03 1.851599663496017456e-02 1.444790326058864594e-02 6.411994807422161102e-03 1.136322878301143646e-02 1.876379363238811493e-02 1.297275349497795105e-02 7.728000637143850327e-04 2.019510231912136078e-02 2.926606219261884689e-03 3.721817338373512030e-04 1.292825676500797272e-02 2.951833233237266541e-02 1.718561910092830658e-02 4.178173840045928955e-02 5.558067560195922852e-02 2.859052037820219994e-03 1.917909644544124603e-02 2.931908005848526955e-03 1.525632571429014206e-03 1.003363914787769318e-02 1.747046038508415222e-02 1.282061636447906494e-02 8.027238771319389343e-03 7.625163067132234573e-03 9.656566195189952850e-03 6.922725588083267212e-03 1.651201210916042328e-02 2.315965294837951660e-02 2.466376754455268383e-04 9.753792546689510345e-03 1.159476954489946365e-02 1.181743573397397995e-02 2.915070625022053719e-03 3.382373135536909103e-03 1.871722750365734100e-02 4.415571689605712891e-03 1.941188983619213104e-02 5.216863937675952911e-04 1.250806450843811035e-02 1.269527710974216461e-02 2.180199138820171356e-02 1.617606380023062229e-03 9.565346874296665192e-03 2.011371776461601257e-02 1.114316564053297043e-02 2.635640650987625122e-02 4.862510599195957184e-03 2.203797176480293274e-02 1.177035830914974213e-02 2.391014946624636650e-03 6.488685030490159988e-03 1.099714264273643494e-02 1.818009465932846069e-02 1.217887829989194870e-02 3.470813622698187828e-03 4.850329831242561340e-03 5.410503130406141281e-03 1.066854689270257950e-02 2.334606461226940155e-02 3.264676488470286131e-04 1.241777930408716202e-02 2.138660103082656860e-02 3.412877395749092102e-02 2.512947656214237213e-02 6.233213469386100769e-03 9.892492555081844330e-03 1.342271082103252411e-02 2.002377295866608620e-03 1.227493025362491608e-02 1.998474821448326111e-02 4.838274791836738586e-03 2.444472629576921463e-03 4.594654776155948639e-03 8.995114825665950775e-03 8.122356608510017395e-03 1.505200751125812531e-02 1.261607371270656586e-02 2.954043261706829071e-02 2.380898222327232361e-02 7.380387280136346817e-03 1.671830005943775177e-02 2.402709610760211945e-02 2.878435514867305756e-02
3.171785734593868256e-03 6.507155019789934158e-03 8.309797644615173340e-01 1.081073656678199768e-02 1.507495716214179993e-02 8.011437952518463135e-03 5.984604358673095703e-03 3.827806189656257629e-02 1.066617481410503387e-02 2.064790017902851105e-02 2.434777654707431793e-02 1.751078292727470398e-02 2.185867726802825928e-02 1.129518169909715652e-02 2.775618806481361389e-02 2.428182400763034821e-02 1.555182877928018570e-02 6.954016629606485367e-03 2.360360696911811829e-02 9.966659359633922577e-03 1.645363681018352509e-02 4.124204162508249283e-03 1.887097023427486420e-02 1.215375959873199463e-02 8.376638405025005341e-03 4.132013302296400070e-03 6.215331610292196274e-03 2.244735695421695709e-02 2.332886494696140289e-02 3.182731941342353821e-02 2.238650247454643250e-02 1.458600070327520370e-02 8.084476925432682037e-03 6.727259606122970581e-03 1.104614324867725372e-02 1.506577990949153900e-02 7.151033729314804077e-03 2.310101874172687531e-02 1.851305179297924042e-02 2.759508416056632996e-02 2.565302141010761261e-02 4.425163846462965012e-03 1.842733286321163177e-02 3.734984248876571655e-02 1.010402105748653412e-02 1.769017986953258514e-02 1.779673248529434204e-02 2.885257359594106674e-03 2.404509810730814934e-03 1.757443696260452271e-02 8.592756465077400208e-03 2.111883834004402161e-02 8.285495452582836151e-03 7.347704377025365829e-03 1.220276486128568649e-02 1.135558076202869415e-02 6.947421934455633163e-03 3.759533283300697803e-04 3.205257654190063477e-02 1.120312232524156570e-02 1.797627098858356476e-02 1.062593795359134674e-02 3.639544127508997917e-03 2.691768342629075050e-03 2.527768164873123169e-02 2.179374359548091888e-02 3.269597189500927925e-03 2.982094418257474899e-03 1.792116090655326843e-02 1.155388262122869492e-02 4.935696255415678024e-03 1.549731753766536713e-02 1.604626514017581940e-02 6.626416463404893875e-03 1.407243590801954269e-02 1.721901819109916687e-02 1.728403568267822266e-02 1.183707639575004578e-02 1.211573928594589233e-02 1.733478717505931854e-02 4.073739051818847656e-02 7.419511675834655762e-02 9.121251059696078300e-05 3.272634465247392654e-03 1.118361204862594604e-02 6.209711544215679169e-03 8.119272068142890930e-03 5.185395944863557816e-03 2.009686455130577087e-02 8.218650706112384796e-03 9.495790116488933563e-03 1.021812669932842255e-02 1.711649633944034576e-02 5.373231600970029831e-03 1.086681149899959564e-02 1.172044407576322556e-02 8.225055411458015442e-03 1.187252253293991089e-02 1.574313081800937653e-02 4.021063446998596191e-03 1.992501690983772278e-02 7.753115147352218628e-03 4.195621237158775330e-03 1.015093829482793808e-02 2.978728897869586945e-02 3.944845125079154968e-02 1.894357614219188690e-02 6.590512348338961601e-04 1.760698668658733368e-02 1.241258159279823303e-02 2.081305906176567078e-02 3.557207807898521423e-02 1.641286164522171021e-02 1.006828341633081436e-02 2.229935489594936371e-03 1.102371141314506531e-02
7.781253196299076080e-03 1.053305249661207199e-02 1.081073656678199768e-02 8.309797644615173340e-01 6.833038479089736938e-02 1.378955598920583725e-02 8.893276564776897430e-03 1.070463564246892929e-02 1.996225491166114807e-02 8.110862225294113159e-03 1.228549797087907791e-02 7.864490151405334473e-03 2.342897094786167145e-02 2.903982764109969139e-03 2.039030939340591431e-02 1.857314631342887878e-02 1.015995722264051437e-02 2.970412187278270721e-02 1.522428169846534729e-02 1.465509179979562759e-03 2.165195718407630920e-02 7.710423786193132401e-03 3.540805075317621231e-03 8.957915008068084717e-03 8.638279512524604797e-03 1.017662324011325836e-02 4.221698734909296036e-03 3.799113258719444275e-02 1.665211049839854240e-03 3.909936919808387756e-02 5.922111682593822479e-03 2.471170446369796991e-04 2.881287783384323120e-02 7.477227132767438889e-03 2.096818014979362488e-02 1.664570346474647522e-02 1.123488880693912506e-02 1.000894466415047646e-03 4.905523359775543213e-02 3.752787038683891296e-02 5.582414567470550537e-03 3.184883680660277605e-04 1.926328800618648529e-02 2.029424533247947693e-02 1.695043593645095825e-02 1.478161546401679516e-03 1.923685194924473763e-03 6.188132334500551224e-03 7.627547718584537506e-03 3.973291255533695221e-03 1.137284561991691589e-02 1.102226413786411285e-02 1.428216509521007538e-02 3.004562668502330780e-02 8.122226223349571228e-03 1.292088814079761505e-02 2.846899256110191345e-02 2.705534547567367554e-02 1.011241599917411804e-02 3.310508280992507935e-02 3.496694192290306091e-02 2.687278203666210175e-02 5.761044844985008240e-02 3.538588061928749084e-02 1.156002655625343323e-02 2.628375077620148659e-03 7.024363614618778229e-03 8.209237828850746155e-03 1.396383531391620636e-02 3.577064955607056618e-03 2.144731208682060242e-02 1.816847128793597221e-03 7.836569100618362427e-02 6.859552231617271900e-04 4.894646257162094116e-02 3.372059436514973640e-03 5.390790291130542755e-03 2.494557993486523628e-03 9.309478104114532471e-03 1.314531266689300537e-02 7.948863320052623749e-03 4.663759842514991760e-03 3.457964584231376648e-02 2.675970457494258881e-02 6.542634684592485428e-03 4.129668697714805603e-03 1.260204426944255829e-02 8.314106613397598267e-03 2.297393511980772018e-03 2.314899861812591553e-02 3.281425219029188156e-03 2.298104017972946167e-02 4.853063262999057770e-03 1.350836362689733505e-02 2.016548998653888702e-02 4.756191745400428772e-03 9.160268818959593773e-04 1.731156953610479832e-03 5.315314047038555145e-03 7.549621164798736572e-03 2.168394159525632858e-03 1.022056397050619125e-02 1.604721322655677795e-02 8.105909451842308044e-03 1.149065978825092316e-02 8.736373856663703918e-03 3.677442204207181931e-03 2.725851908326148987e-02 1.728499308228492737e-03 1.380946766585111618e-02 8.406852371990680695e-03 1.439060550183057785e-02 7.123485673218965530e-03 1.629757694900035858e-02 1.430537577107315883e-05 2.302566729485988617e-02
1.647781231440603733e-03 7.859401404857635498e-03 1.507495716214179993e-02 6.833038479089736938e-02 8.309797644615173340e-01 1.076994463801383972e-03 1.159967016428709030e-02 1.005388516932725906e-02 2.200428582727909088e-02 1.269705593585968018e-03 5.968172103166580200e-03 6.166447419673204422e-03 1.517037115991115570e-02 7.723168004304170609e-03 7.786004338413476944e-03 1.697260141372680664e-02 1.211010850965976715e-02 9.139729663729667664e-03 3.658604342490434647e-03 6.238391157239675522e-03 3.447218984365463257e-02 1.409857068210840225e-02 1.601844443939626217e-03 7.696377579122781754e-03 1.480328664183616638e-02 1.490076631307601929e-02 1.499820407480001450e-02 2.652740851044654846e-02 8.063311688601970673e-03 2.147929929196834564e-02 4.821826703846454620e-03 3.439025022089481354e-03 2.066205441951751709e-02 8.811741136014461517e-03 1.209300849586725235e-02 1.374175492674112320e-02 9.899210184812545776e-03 8.753180503845214844e-03 4.807308688759803772e-02 5.357450619339942932e-02 1.245690789073705673e-02 4.843524191528558731e-03 1.836093515157699585e-02 1.606200821697711945e-02 1.031453255563974380e-02 1.145799551159143448e-02 1.312916446477174759e-02 2.768208645284175873e-02 6.366160698235034943e-03 2.684460254386067390e-03 8.011240512132644653e-03 1.379213761538267136e-02 1.488413196057081223e-02 1.328815333545207977e-02 9.007242508232593536e-03 8.645569905638694763e-03 2.853861078619956970e-02 2.294154465198516846e-02 5.124956369400024414e-03 3.518840530887246132e-04 3.252451121807098389e-02 2.781455218791961670e-02 4.227599129080772400e-02 1.407316233962774277e-02 1.369107142090797424e-02 6.864553783088922501e-03 6.083756685256958008e-03 1.697629131376743317e-02 1.783345825970172882e-02 1.418674178421497345e-02 2.229996956884860992e-02 1.284513249993324280e-02 5.480825901031494141e-02 2.712142467498779297e-02 5.848158150911331177e-02 2.641763072460889816e-03 4.381720907986164093e-03 1.382177812047302723e-03 1.228201854974031448e-02 3.202262567356228828e-03 2.136104885721579194e-04 7.937408052384853363e-03 7.071181200444698334e-03 3.520004078745841980e-02 9.211433934979140759e-04 4.640389233827590942e-03 1.281129475682973862e-02 5.047055426985025406e-03 9.939029812812805176e-03 1.887287944555282593e-02 9.464619681239128113e-03 2.338328212499618530e-02 1.349931489676237106e-02 1.946134865283966064e-02 1.379481889307498932e-02 2.527969889342784882e-03 3.822977095842361450e-02 2.214926294982433319e-02 5.739162676036357880e-03 9.732333011925220490e-03 1.435197889804840088e-02 1.144334487617015839e-02 2.522217482328414917e-02 2.729549631476402283e-02 2.007829584181308746e-02 1.005324814468622208e-02 4.531247541308403015e-03 9.847088949754834175e-04 1.093717291951179504e-02 7.123192306607961655e-03 3.317733481526374817e-02 3.113023703917860985e-03 2.382055157795548439e-03 2.359358780086040497e-02 2.656915597617626190e-02 6.268839351832866669e-03
8.031589537858963013e-02 4.754042997956275940e-02 8.011437952518463135e-03 1.378955598920583725e-02 1.076994463801383972e-03 8.309797644615173340e-01 9.519893676042556763e-02 1.891440339386463165e-02 1.885434985160827637e-02 3.185139736160635948e-03 3.057789988815784454e-02 3.710555285215377808e-02 2.844956330955028534e-02 4.174253344535827637e-02 1.448666583746671677e-02 4.954929463565349579e-04 2.331693191081285477e-03 1.396769098937511444e-02 8.980654180049896240e-03 4.663225263357162476e-03 1.239597517997026443e-02 1.166889071464538574e-02 1.175069808959960938e-02 1.872322522103786469e-03 4.225325305014848709e-03 5.717674735933542252e-03 1.632770150899887085e-02 1.122918166220188141e-02 3.782537207007408142e-02 2.061057277023792267e-02 1.935797370970249176e-02 5.008717998862266541e-03 3.233380382880568504e-03 1.271244254894554615e-03 9.608075954020023346e-03 9.489540942013263702e-03 2.371557056903839111e-02 2.367898076772689819e-02 8.879951201379299164e-03 9.925821796059608459e-03 3.260242938995361328e-02 1.307497732341289520e-02 5.858502350747585297e-03 1.488529890775680542e-02 4.535435000434517860e-04 7.050010375678539276e-03 3.898452222347259521e-02 6.585214287042617798e-02 9.191664867103099823e-03 1.804312691092491150e-02 6.437477655708789825e-03 1.111473981291055679e-02 1.606938056647777557e-02 1.236606296151876450e-02 3.802278777584433556e-03 8.405581116676330566e-03 9.654507972300052643e-03 1.305966754443943501e-03 6.255920510739088058e-03 3.920391667634248734e-03 9.011506102979183197e-03 4.701124969869852066e-03 2.706494182348251343e-03 8.762485347688198090e-03 2.965679578483104706e-02 2.448835596442222595e-02 1.839410164393484592e-03 1.012579724192619324e-02 8.247847668826580048e-03 2.276920154690742493e-02 1.439237035810947418e-02 2.171289920806884766e-02 1.563549414277076721e-02 2.361531741917133331e-02 2.219944447278976440e-02 2.086833491921424866e-02 5.611887667328119278e-03 1.067398115992546082e-02 6.022188812494277954e-03 1.835296116769313812e-02 1.593765243887901306e-02 2.772382926195859909e-03 4.686477186623960733e-04 7.148089818656444550e-03 9.816497331485152245e-04 7.965118624269962311e-03 1.480549853295087814e-02 7.237820420414209366e-03 1.673819124698638916e-02 2.274439902976155281e-03 2.626446448266506195e-02 1.778973266482353210e-02 1.243372727185487747e-02 2.440141141414642334e-02 1.268297620117664337e-02 1.450005359947681427e-02 1.826192485168576241e-03 1.091273594647645950e-02 1.427814830094575882e-02 1.525075361132621765e-02 2.577789127826690674e-04 1.510616205632686615e-02 1.354834251105785370e-02 7.549023255705833435e-03 3.965992014855146408e-03 1.330001838505268097e-02 2.983720041811466217e-03 3.490209951996803284e-02 1.720916107296943665e-02 3.845381364226341248e-02 2.526789717376232147e-02 2.611455507576465607e-02 6.188275874592363834e-04 1.191399060189723969e-02 2.397729456424713135e-02 2.651834301650524139e-02
7.431352138519287109e-02 6.541310250759124756e-02 5.984604358673095703e-03 8.893276564776897430e-03 1.159967016428709030e-02 9.519893676042556763e-02 8.309797644615173340e-01 2.021993324160575867e-02 5.118751432746648788e-03 3.376895328983664513e-03 2.795033343136310577e-02 1.018604822456836700e-02 2.249696664512157440e-02 2.879902347922325134e-02 1.750143244862556458e-02 1.963327405974268913e-03 3.689307020977139473e-03 1.422004774212837219e-02 5.892265122383832932e-03 6.194899324327707291e-03 2.148421667516231537e-02 8.191877976059913635e-03 1.900050416588783264e-02 1.074258983135223389e-02 1.222273614257574081e-02 1.251095347106456757e-02 1.408422552049160004e-02 4.936234094202518463e-03 5.196393281221389771e-02 1.911530271172523499e-02 4.000654816627502441e-02 3.248216118663549423e-03 9.438445558771491051e-04 4.497373010963201523e-03 4.867854062467813492e-03 1.077441591769456863e-02 1.454685255885124207e-02 2.881145477294921875e-02 1.405046670697629452e-03 1.152568263933062553e-03 3.983288258314132690e-02 8.546490222215652466e-03 6.774805020540952682e-03 2.212625183165073395e-02 3.288728883489966393e-03 1.442344486713409424e-02 3.859395161271095276e-02 8.298628777265548706e-02 8.604237809777259827e-03 4.219708964228630066e-03 2.399374643573537469e-04 5.132696591317653656e-03 4.716163966804742813e-03 1.139729376882314682e-02 5.473464727401733398e-03 3.526292508468031883e-03 6.286500953137874603e-03 1.438258122652769089e-02 4.465964622795581818e-03 7.953960448503494263e-03 1.053823716938495636e-02 9.330237517133355141e-04 2.799564739689230919e-03 1.103420276194810867e-02 4.056315124034881592e-02 2.461903356015682220e-02 1.129302103072404861e-02 1.256466284394264221e-02 4.576627165079116821e-03 2.626448124647140503e-02 2.457725815474987030e-03 2.963634207844734192e-02 2.137535251677036285e-03 2.063195779919624329e-02 6.082167848944664001e-03 2.685590460896492004e-02 8.228077553212642670e-03 8.732005022466182709e-03 8.466638624668121338e-03 1.729960739612579346e-02 1.282973494380712509e-02 9.493429213762283325e-03 6.554804276674985886e-03 3.878048388287425041e-03 1.544602122157812119e-02 5.613918416202068329e-03 1.250943634659051895e-02 7.075393223203718662e-04 5.929381586611270905e-03 2.991674235090613365e-03 3.919428586959838867e-02 2.448739856481552124e-02 1.326444745063781738e-02 2.931231632828712463e-02 7.872497662901878357e-03 1.231814641505479813e-02 2.817699918523430824e-03 1.473790127784013748e-02 1.634699292480945587e-02 1.466740481555461884e-02 4.481286276131868362e-03 2.098602242767810822e-03 1.593781821429729462e-02 1.053450722247362137e-02 1.315720495767891407e-03 1.698911073617637157e-04 5.185084883123636246e-03 2.328083850443363190e-02 8.851104415953159332e-03 2.355686202645301819e-02 2.546910196542739868e-02 3.198621422052383423e-02 8.760279044508934021e-03 3.246069652959704399e-03 2.067217044532299042e-02 3.292258456349372864e-02
2.661217004060745239e-02 3.258422762155532837e-02 3.827806189656257629e-02 1.070463564246892929e-02 1.005388516932725906e-02 1.891440339386463165e-02 2.021993324160575867e-02 8.309797644615173340e-01 5.031910259276628494e-03 1.688880845904350281e-02 8.022804744541645050e-03 1.620724424719810486e-02 7.976957596838474274e-03 1.152233500033617020e-02 6.156001612544059753e-02 1.756863296031951904e-02 1.553071849048137665e-02 1.754003018140792847e-02 5.487466696649789810e-03 7.899555377662181854e-03 1.657285541296005249e-02 3.630952909588813782e-02 1.382870227098464966e-02 8.779517374932765961e-03 3.675672225654125214e-03 9.522105567157268524e-03 1.423312444239854813e-02 1.258324552327394485e-02 9.010607376694679260e-03 2.127267420291900635e-03 1.032592728734016418e-02 1.859457418322563171e-02 1.684078131802380085e-03 1.979549229145050049e-02 1.944352686405181885e-02 3.063075616955757141e-02 4.607312753796577454e-02 2.253535389900207520e-02 2.528649568557739258e-02 3.315864503383636475e-02 2.093861810863018036e-02 2.295737713575363159e-02 1.384122576564550400e-02 1.332993991672992706e-02 3.448221599683165550e-03 3.098116954788565636e-03 1.264639105647802353e-02 6.507604848593473434e-03 7.238154765218496323e-03 2.046845480799674988e-02 2.044051140546798706e-02 2.035024762153625488e-02 2.469174377620220184e-02 3.029887937009334564e-02 6.467187311500310898e-03 1.590923964977264404e-02 1.984342467039823532e-03 2.108894847333431244e-02 2.267508208751678467e-02 2.054890245199203491e-02 8.380800485610961914e-03 8.023116737604141235e-03 2.793125575408339500e-03 1.251519285142421722e-02 6.582245230674743652e-03 1.920673064887523651e-02 9.660947136580944061e-03 7.209238596260547638e-03 8.400226943194866180e-03 2.788050798699259758e-03 4.742466378957033157e-03 6.243236362934112549e-03 5.323972072801552713e-05 3.781131934374570847e-03 7.534903474152088165e-03 1.023926585912704468e-02 4.260948859155178070e-03 9.476681239902973175e-03 3.716767998412251472e-03 1.568026468157768250e-02 5.123035982251167297e-02 3.709894418716430664e-02 9.427255019545555115e-03 8.113150484859943390e-03 8.641034364700317383e-03 1.559658069163560867e-02 5.077713727951049805e-02 5.333438143134117126e-02 6.557758431881666183e-03 1.553829200565814972e-02 2.831289079040288925e-03 2.823035605251789093e-02 4.350110888481140137e-03 2.307676337659358978e-02 2.016630582511425018e-02 2.172161079943180084e-02 9.325788356363773346e-03 2.062204293906688690e-03 2.235466800630092621e-02 1.819002255797386169e-02 2.101971209049224854e-02 9.128667414188385010e-03 1.003199815750122070e-02 1.176025625318288803e-02 2.357884496450424194e-02 3.205239400267601013e-02 2.570750564336776733e-02 1.699150539934635162e-03 2.862248755991458893e-02 1.716045476496219635e-02 5.960009060800075531e-03 1.886700466275215149e-02 4.650637973099946976e-03 1.344318687915802002e-02 7.430719211697578430e-03 1.865477097453549504e-04
1.629733666777610779e-02 1.778544299304485321e-02 1.066617481410503387e-02 1.996225491166114807e-02 2.200428582727909088e-02 1.885434985160827637e-02 5.118751432746648788e-03 5.031910259276628494e-03 8.309797644615173340e-01 6.191746069816872478e-05 1.720213517546653748e-02 5.407320335507392883e-02 1.346164755523204803e-02 3.636970743536949158e-02 1.273493934422731400e-02 2.072923816740512848e-02 2.310460060834884644e-02 3.841980174183845520e-02 1.277228258550167084e-02 2.178676612675189972e-02 2.150579914450645447e-02 7.445740513503551483e-03 4.270303621888160706e-02 3.328287601470947266e-02 2.063683792948722839e-02 7.361737079918384552e-03 2.308514434844255447e-03 1.569670625030994415e-02 8.780669420957565308e-03 7.608814630657434464e-03 7.309805601835250854e-03 2.100833319127559662e-02 7.720226421952247620e-03 8.111904026009142399e-04 2.211700659245252609e-03 3.915738780051469803e-03 6.462956313043832779e-03 1.078017242252826691e-02 1.612729206681251526e-02 4.577561281621456146e-03 9.511518292129039764e-03 8.506747893989086151e-03 1.457712333649396896e-02 7.230650633573532104e-03 1.084348186850547791e-02 7.162289693951606750e-03 6.779095157980918884e-03 1.908333040773868561e-02 1.656232774257659912e-02 2.935513667762279510e-02 9.119432419538497925e-03 1.639422588050365448e-02 2.025979338213801384e-03 2.512108534574508667e-02 2.378299087285995483e-02 2.543814107775688171e-02 9.436464868485927582e-03 1.535711437463760376e-02 1.163277681916952133e-02 1.941158249974250793e-02 3.448085486888885498e-02 4.074790980666875839e-03 7.989741861820220947e-03 3.694179933518171310e-03 3.894239664077758789e-03 2.450971398502588272e-03 6.800837814807891846e-03 1.140414644032716751e-02 4.239377379417419434e-02 3.333883127197623253e-03 2.598462998867034912e-02 3.704119101166725159e-02 1.830436848104000092e-02 1.005407422780990601e-03 2.537064999341964722e-02 1.963679492473602295e-02 8.464218676090240479e-02 3.400775417685508728e-02 9.484361857175827026e-03 2.514432743191719055e-02 1.380428671836853027e-03 2.948580542579293251e-03 2.435147948563098907e-02 2.675930783152580261e-02 1.129427924752235413e-02 4.761495627462863922e-03 5.337190348654985428e-03 5.590529181063175201e-03 5.047539994120597839e-02 6.017225328832864761e-03 3.459936939179897308e-03 9.994317777454853058e-03 1.273615099489688873e-02 1.611895486712455750e-02 1.406451594084501266e-02 6.374801509082317352e-03 8.371660485863685608e-03 2.330740168690681458e-02 4.057024046778678894e-02 2.198765799403190613e-02 1.591594330966472626e-02 2.970108762383460999e-03 8.179313503205776215e-03 2.282688580453395844e-02 1.239690231159329414e-03 6.206122227013111115e-03 1.524338312447071075e-02 1.189383305609226227e-02 2.249862300232052803e-03 2.198288030922412872e-02 1.088362094014883041e-02 1.662932522594928741e-02 7.735357154160737991e-03 8.448496460914611816e-03 1.500296406447887421e-02 1.044651027768850327e-02
5.708431359380483627e-03 1.763217442203313112e-04 2.064790017902851105e-02 8.110862225294113159e-03 1.269705593585968018e-03 3.185139736160635948e-03 3.376895328983664513e-03 1.688880845904350281e-02 6.191746069816872478e-05 8.309797644615173340e-01 8.444372564554214478e-03 2.641125395894050598e-02 1.441554911434650421e-02 3.775235963985323906e-04 2.284162119030952454e-02 8.516264148056507111e-03 7.509779650717973709e-03 6.500766030512750149e-04 4.909669235348701477e-02 2.040815539658069611e-02 2.636606059968471527e-02 2.234287187457084656e-02 5.595223978161811829e-03 2.595911733806133270e-02 2.594716846942901611e-02 2.646772935986518860e-02 6.122723687440156937e-03 3.230996057391166687e-02 7.455981336534023285e-03 2.402310818433761597e-02 5.245411768555641174e-03 2.140319533646106720e-02 7.035601884126663208e-04 4.290371760725975037e-02 7.812680676579475403e-03 5.211198236793279648e-03 3.218400478363037109e-02 3.228407120332121849e-03 2.545411000028252602e-03 6.775860674679279327e-03 1.175271463580429554e-03 3.436768054962158203e-02 3.385544568300247192e-02 1.392254419624805450e-02 1.413783896714448929e-02 2.068522013723850250e-02 4.313974175602197647e-03 5.665943957865238190e-03 3.032955527305603027e-02 4.878145083785057068e-02 9.734869003295898438e-03 7.765369955450296402e-03 3.233698662370443344e-03 4.783894401043653488e-03 1.326330192387104034e-02 3.724716231226921082e-02 1.327338395640254021e-03 1.575970649719238281e-02 2.518289163708686829e-02 1.019771443679928780e-03 2.005244418978691101e-02 3.767015412449836731e-02 1.095438841730356216e-02 6.557530723512172699e-03 3.265686100348830223e-03 2.551166573539376259e-03 2.327198535203933716e-02 2.293193899095058441e-02 3.965042065829038620e-03 7.686629425734281540e-03 8.079898543655872345e-03 1.454083248972892761e-02 1.697322726249694824e-02 5.236512050032615662e-03 2.283055894076824188e-02 1.367596816271543503e-02 1.434946712106466293e-02 7.035166025161743164e-02 1.386043848469853401e-03 5.657449364662170410e-02 9.303749538958072662e-03 1.396807562559843063e-02 8.621155866421759129e-04 2.208220958709716797e-02 3.031056933104991913e-02 4.636280983686447144e-02 1.291296165436506271e-02 1.515366788953542709e-02 1.477617770433425903e-02 2.817044593393802643e-02 1.059891004115343094e-02 1.861272193491458893e-02 9.679920040071010590e-03 2.326208911836147308e-02 7.843298837542533875e-03 1.809436269104480743e-02 1.156185753643512726e-02 1.138097885996103287e-02 2.797269262373447418e-02 4.075520858168601990e-02 1.112430635839700699e-02 5.067586898803710938e-03 5.711535457521677017e-03 1.081117242574691772e-02 1.709507219493389130e-02 1.500170794315636158e-03 2.989189699292182922e-02 2.337534911930561066e-02 7.150642108172178268e-03 6.748673506081104279e-03 1.660070382058620453e-02 1.881949789822101593e-02 1.900286786258220673e-02 1.273320242762565613e-02 2.930436981841921806e-03 3.091846406459808350e-02
5.420770496129989624e-02 3.086946345865726471e-02 2.434777654707431793e-02 1.228549797087907791e-02 5.968172103166580200e-03 3.057789988815784454e-02 2.795033343136310577e-02 8.022804744541645050e-03 1.720213517546653748e-02 8.444372564554214478e-03 8.309797644615173340e-01 2.720936946570873260e-02 5.199496820569038391e-02 2.612140588462352753e-02 9.384994395077228546e-03 2.268577925860881805e-02 2.052191086113452911e-02 1.075514219701290131e-02 1.823966577649116516e-02 1.080575049854815006e-03 2.985687460750341415e-03 9.897270239889621735e-03 3.312160447239875793e-02 3.267135471105575562e-02 8.544826880097389221e-03 9.018426761031150818e-03 5.788807757198810577e-03 3.415196761488914490e-02 5.908797029405832291e-03 2.847736515104770660e-02 3.340558614581823349e-03 1.063081901520490646e-02 3.879956435412168503e-03 1.208777911961078644e-02 1.083664037287235260e-02 4.647138062864542007e-03 7.241187617182731628e-03 5.059951916337013245e-03 1.072604581713676453e-02 6.518224719911813736e-03 6.155692506581544876e-03 1.186888851225376129e-02 3.540334058925509453e-03 7.865258492529392242e-03 2.672690711915493011e-02 2.747957035899162292e-02 4.917682334780693054e-02 4.563682898879051208e-02 4.493012675084173679e-04 8.019677363336086273e-03 1.136630028486251831e-02 2.100116200745105743e-02 2.420451119542121887e-02 2.959062159061431885e-02 1.825875788927078247e-02 4.099102690815925598e-03 1.562889851629734039e-02 2.207499463111162186e-03 7.757584564387798309e-03 1.760865747928619385e-02 5.356409121304750443e-03 4.804376512765884399e-03 1.308618765324354172e-02 2.608422189950942993e-03 2.671856805682182312e-02 2.310036309063434601e-02 1.543154660612344742e-02 1.725012622773647308e-02 2.787918038666248322e-02 9.092543274164199829e-03 2.409405261278152466e-02 1.302786543965339661e-02 1.771072484552860260e-02 1.146348565816879272e-02 1.429773401468992233e-02 1.292056031525135040e-02 1.342223864048719406e-02 8.324483409523963928e-03 2.519045583903789520e-02 2.519038505852222443e-02 8.256357163190841675e-03 8.204680867493152618e-03 1.503726933151483536e-02 2.350301947444677353e-03 3.281285054981708527e-03 1.041130349040031433e-02 2.844446338713169098e-02 4.190341010689735413e-02 1.662783883512020111e-02 1.551895402371883392e-02 1.122260838747024536e-02 1.964619569480419159e-02 2.264671958982944489e-02 1.086394675076007843e-02 1.415559463202953339e-02 1.574777811765670776e-02 1.234933268278837204e-03 5.806814078823663294e-05 2.490548230707645416e-02 2.621874585747718811e-02 1.493070088326931000e-02 2.394408918917179108e-02 1.384965702891349792e-02 1.620369404554367065e-02 1.380492700263857841e-03 3.410806879401206970e-03 6.624644156545400620e-03 5.328969098627567291e-03 1.210906822234392166e-02 1.912205666303634644e-02 2.710505016148090363e-02 2.297630347311496735e-02 8.710134774446487427e-03 2.493077190592885017e-03 4.956452175974845886e-03 1.756605692207813263e-02
1.983051560819149017e-02 1.031000353395938873e-02 1.751078292727470398e-02 7.864490151405334473e-03 6.166447419673204422e-03 3.710555285215377808e-02 1.018604822456836700e-02 1.620724424719810486e-02 5.407320335507392883e-02 2.641125395894050598e-02 2.720936946570873260e-02 8.309797644615173340e-01 5.725288763642311096e-03 8.763532340526580811e-02 1.445657853037118912e-02 9.340839460492134094e-03 8.239171467721462250e-03 6.857899483293294907e-03 3.606211766600608826e-02 1.139694452285766602e-02 4.404276551213115454e-04 1.448406465351581573e-02 3.989773243665695190e-02 3.612355515360832214e-02 7.810546085238456726e-03 2.294738806085661054e-04 1.252307742834091187e-02 5.601729080080986023e-02 7.614616770297288895e-03 5.427828431129455566e-02 5.563772283494472504e-04 8.556388318538665771e-03 1.550326356664299965e-03 2.351703587919473648e-03 2.123760292306542397e-03 1.597282476723194122e-02 6.153984926640987396e-03 6.997233256697654724e-03 3.894580760970711708e-03 1.338916830718517303e-02 4.917209502309560776e-03 2.971396781504154205e-02 2.815258875489234924e-02 6.987862754613161087e-03 2.273521199822425842e-02 5.213556811213493347e-03 3.058440051972866058e-03 1.899033039808273315e-02 1.836768724024295807e-02 4.475970938801765442e-02 1.263877470046281815e-02 2.422288432717323303e-02 9.614064358174800873e-03 2.907185815274715424e-02 1.601884514093399048e-02 3.273329511284828186e-02 1.642532646656036377e-02 3.346505342051386833e-03 2.771579846739768982e-02 5.848061759024858475e-03 9.196300059556961060e-03 2.465523034334182739e-02 9.007119806483387947e-04 5.824094638228416443e-03 2.695381641387939453e-03 1.739509962499141693e-02 5.724354647099971771e-03 3.264902858063578606e-03 2.994402498006820679e-02 8.952738717198371887e-03 2.937756106257438660e-02 6.818206515163183212e-03 5.790989845991134644e-03 1.421989779919385910e-02 2.078703045845031738e-02 6.378707941621541977e-03 3.810261189937591553e-02 4.761373158544301987e-03 6.922688335180282593e-03 3.234585374593734741e-02 1.696743257343769073e-02 4.436057526618242264e-03 2.148280479013919830e-02 1.943845488131046295e-02 4.133519250899553299e-03 7.226049900054931641e-03 2.601423300802707672e-02 2.860085479915142059e-02 5.124528333544731140e-02 2.458244189620018005e-02 1.489500980824232101e-02 2.035916969180107117e-02 1.029491983354091644e-02 2.264125458896160126e-02 1.070966757833957672e-02 1.171585079282522202e-02 1.771192625164985657e-02 9.418156114406883717e-04 8.832925930619239807e-03 3.579907119274139404e-03 2.997867413796484470e-04 1.813938142731785774e-04 7.311163004487752914e-03 1.072226371616125107e-02 7.390311802737414837e-04 1.711387000977993011e-02 7.828117348253726959e-03 3.824425861239433289e-03 5.096440669149160385e-03 3.065443411469459534e-02 1.019084267318248749e-02 1.369071193039417267e-02 1.926258392632007599e-02 1.799098798073828220e-03 1.808957383036613464e-02 2.074323222041130066e-02
4.845403507351875305e-02 7.017648965120315552e-02 2.185867726802825928e-02 2.342897094786167145e-02 1.517037115991115570e-02 2.844956330955028534e-02 2.249696664512157440e-02 7.976957596838474274e-03 1.346164755523204803e-02 1.441554911434650421e-02 5.199496820569038391e-02 5.725288763642311096e-03 8.309797644615173340e-01 1.352621149271726608e-02 1.504383794963359833e-02 2.427172474563121796e-02 2.159667201340198517e-02 3.803598228842020035e-03 2.896359423175454140e-03 7.416023872792720795e-03 1.694644219242036343e-03 8.762674406170845032e-03 2.540285326540470123e-02 2.148964628577232361e-02 1.371056493371725082e-02 2.244878001511096954e-02 8.955778554081916809e-03 2.561500854790210724e-02 2.760488167405128479e-02 3.279044479131698608e-02 2.449334971606731415e-02 2.332620788365602493e-03 1.390570588409900665e-02 1.373626384884119034e-02 1.928707025945186615e-02 1.038137916475534439e-02 1.679045520722866058e-02 6.267955526709556580e-03 2.161930687725543976e-02 1.281478349119424820e-02 9.454157203435897827e-03 8.251103572547435760e-03 2.112250309437513351e-03 2.176898531615734100e-02 2.871193550527095795e-02 5.355115048587322235e-03 3.673787787556648254e-02 2.704791352152824402e-02 6.640071049332618713e-03 6.907143630087375641e-03 1.046131830662488937e-03 1.089354231953620911e-02 7.412237580865621567e-03 1.818781904876232147e-02 2.344774268567562103e-02 6.861374713480472565e-03 1.673201844096183777e-02 3.345173224806785583e-02 5.203756503760814667e-03 7.946219295263290405e-03 5.127326119691133499e-03 4.628551250789314508e-04 4.941978491842746735e-03 6.591838784515857697e-03 2.410868555307388306e-02 3.581655398011207581e-02 2.503131283447146416e-03 1.357334572821855545e-02 1.859619468450546265e-02 1.799059391487389803e-04 1.752146705985069275e-02 4.054613411426544189e-03 2.925577200949192047e-02 1.534682419151067734e-02 2.744444459676742554e-02 1.048498414456844330e-02 1.437759492546319962e-03 2.037949161604046822e-03 2.705704048275947571e-02 8.566598407924175262e-03 1.306065358221530914e-02 2.045167784672230482e-04 2.914963988587260246e-03 2.551707206293940544e-03 1.828674110583961010e-03 1.895844936370849609e-02 9.021570906043052673e-03 2.975140884518623352e-02 5.857789656147360802e-04 2.406320907175540924e-02 1.413827762007713318e-02 1.320821791887283325e-02 1.935084722936153412e-02 2.985206618905067444e-02 2.854136377573013306e-02 2.736119180917739868e-02 2.228317409753799438e-02 1.763272099196910858e-02 1.230612024664878845e-02 2.001880854368209839e-02 2.016934333369135857e-03 1.233746204525232315e-02 1.888268813490867615e-02 9.146287105977535248e-03 6.546942051500082016e-03 4.636618541553616524e-04 3.001689445227384567e-03 5.097431712783873081e-04 5.970915779471397400e-03 5.670541431754827499e-03 3.807093948125839233e-02 2.090178430080413818e-02 2.929767826572060585e-03 2.059406600892543793e-02 6.783784832805395126e-03 2.484958851709961891e-03
