8.367213606834411621e-01 7.005285471677780151e-02 4.311777651309967041e-03 4.478516348171979189e-04 1.919504068791866302e-02 4.266385361552238464e-02 1.219861395657062531e-02 1.196395140141248703e-02 3.073412552475929260e-02 2.247266285121440887e-02 4.887949302792549133e-02 5.911248270422220230e-03 4.459872469305992126e-02 2.111472887918353081e-03 2.129185758531093597e-02 1.108550932258367538e-02 1.034790300764143467e-03 1.267413608729839325e-02 2.263894304633140564e-02 6.748113315552473068e-03 2.195558324456214905e-02 1.354323700070381165e-02 1.506682392209768295e-02 1.404196675866842270e-02 4.118997231125831604e-02 2.886055596172809601e-02 1.393553148955106735e-02 1.772954501211643219e-02 1.096918806433677673e-02 1.979466341435909271e-02 3.511741990223526955e-03 3.898064140230417252e-03 1.243995130062103271e-02 2.257902733981609344e-02 1.365055423229932785e-02 4.039800260215997696e-04 2.266439050436019897e-02 4.832128994166851044e-03 8.963558822870254517e-03 6.364300381392240524e-03 3.340048249810934067e-03 1.808042079210281372e-02 1.314207445830106735e-02 1.617768406867980957e-02 1.035006996244192123e-02 1.215582713484764099e-02 3.942938894033432007e-02 2.616456709802150726e-02 6.377588491886854172e-03 8.077630773186683655e-03 2.251148596405982971e-02 1.568502746522426605e-02 2.441979199647903442e-02 9.667793288826942444e-03 4.083329346030950546e-03 6.578797940164804459e-03 1.774704270064830780e-02 9.853997267782688141e-03 2.157156914472579956e-02 1.844534091651439667e-02 4.127515945583581924e-03 1.439909264445304871e-02 6.712248548865318298e-03 2.150656422600150108e-03 2.747713774442672729e-02 3.302353993058204651e-02 1.898309774696826935e-02 1.497150398790836334e-02 1.047886442393064499e-02 5.042771343141794205e-03 8.454811759293079376e-03 2.073222398757934570e-02 7.882742211222648621e-03 2.169532235711812973e-03 5.196984391659498215e-03 6.994271185249090195e-03 1.177474670112133026e-02 2.423543483018875122e-02 2.189940214157104492e-02 2.007190883159637451e-02 2.774417214095592499e-02 3.068179823458194733e-03 2.452361024916172028e-02 1.541476044803857803e-02 2.400003001093864441e-02 2.517503127455711365e-02 2.981969155371189117e-02 8.644948713481426239e-03 2.188101410865783691e-03 1.176532730460166931e-02 2.177356556057929993e-02 5.001025274395942688e-04 1.591307297348976135e-02 4.491616040468215942e-03 2.843172056600451469e-03 2.246537711471319199e-03 3.349307924509048462e-03 1.303096767514944077e-02 2.958451211452484131e-02 2.483695186674594879e-02 5.926865618675947189e-03 7.408652920275926590e-03 5.821387749165296555e-04 1.574225258082151413e-03 7.609009277075529099e-03 5.942829884588718414e-03 1.026339083909988403e-02 4.784127231687307358e-03 8.540192618966102600e-03 2.619987353682518005e-04 6.183101329952478409e-03 3.909707302227616310e-04 1.829511485993862152e-02 2.073855325579643250e-02 3.185939416289329529e-02 1.677861623466014862e-02
7.005285471677780151e-02 8.367213606834411621e-01 1.273772213608026505e-03 7.536294870078563690e-03 1.306513231247663498e-02 4.190868884325027466e-02 4.138609394431114197e-02 2.280956134200096130e-03 3.587556630373001099e-02 2.006151713430881500e-02 2.921946160495281219e-02 2.252169139683246613e-02 4.418420046567916870e-02 7.035539951175451279e-03 1.518640946596860886e-02 2.705969382077455521e-03 1.367896329611539841e-02 1.005527935922145844e-02 2.196348505094647408e-03 2.559999004006385803e-02 9.255162440240383148e-03 2.631603740155696869e-02 1.651366055011749268e-02 1.606508716940879822e-02 3.078682161867618561e-02 3.805875778198242188e-03 1.371652353554964066e-02 3.387911943718791008e-03 2.783597260713577271e-02 1.118372660130262375e-02 2.659823000431060791e-02 1.139830145984888077e-02 3.366450779139995575e-03 1.263641566038131714e-02 2.269570017233490944e-03 4.269620403647422791e-03 2.202259004116058350e-02 7.185440044850111008e-03 1.902681542560458183e-03 9.133844287134706974e-04 2.826711162924766541e-03 1.694365218281745911e-02 1.530968234874308109e-03 7.173005025833845139e-03 2.075670054182410240e-03 1.254739798605442047e-02 3.481498733162879944e-02 3.435805067420005798e-02 8.018507622182369232e-03 1.820514677092432976e-03 6.739267613738775253e-03 8.112842217087745667e-03 2.294914796948432922e-02 2.794185839593410492e-02 7.286307867616415024e-03 1.344766002148389816e-02 1.005530916154384613e-02 8.724980987608432770e-03 3.528815507888793945e-02 2.212893031537532806e-02 1.726023037917912006e-03 1.134279649704694748e-03 1.237276359461247921e-03 1.225254032760858536e-02 3.742801025509834290e-02 2.775969915091991425e-02 2.301386184990406036e-02 9.622181765735149384e-03 1.628990867175161839e-03 1.936524175107479095e-02 1.912472397089004517e-02 2.228749543428421021e-02 3.840384306386113167e-04 1.349372975528240204e-02 1.262802444398403168e-02 6.509051658213138580e-03 2.275165356695652008e-02 1.489891670644283295e-02 1.366159226745367050e-02 2.113810740411281586e-02 1.510227005928754807e-02 2.451914362609386444e-03 2.177248895168304443e-02 1.212210580706596375e-02 1.986226812005043030e-02 1.090624555945396423e-02 2.555989474058151245e-02 2.841319655999541283e-04 1.844504661858081818e-02 9.864967316389083862e-03 1.793398149311542511e-02 8.651036187075078487e-04 2.491887845098972321e-02 2.566981315612792969e-02 1.290356926620006561e-02 3.436513477936387062e-03 6.171014625579118729e-03 1.700612343847751617e-02 1.503031235188245773e-02 1.313637476414442062e-02 2.079775913443882018e-05 3.835961979348212481e-04 2.261035377159714699e-03 1.559462863951921463e-02 1.739623956382274628e-02 9.859723038971424103e-03 1.919675036333501339e-03 5.717054009437561035e-03 1.089725363999605179e-02 9.021520614624023438e-03 7.317921146750450134e-03 2.332754665985703468e-03 4.620541352778673172e-03 6.892008706927299500e-03 3.124199621379375458e-02 7.612860295921564102e-03
4.311777651309967041e-03 1.273772213608026505e-03 8.367213606834411621e-01 2.453186921775341034e-02 7.157114334404468536e-03 7.158624939620494843e-03 8.868635632097721100e-03 2.906465902924537659e-02 1.310349348932504654e-02 1.899707503616809845e-02 1.648093201220035553e-02 1.222452707588672638e-02 1.191273517906665802e-02 9.986952878534793854e-03 1.359536312520503998e-02 1.876687444746494293e-02 1.100796274840831757e-02 6.229336839169263840e-03 1.233933400362730026e-02 3.810715861618518829e-03 1.646480523049831390e-02 1.339172199368476868e-02 4.969765897840261459e-03 1.212350092828273773e-02 9.134152904152870178e-03 1.847284100949764252e-02 4.537136107683181763e-02 1.204071333631873131e-03 1.590087078511714935e-02 5.952472332864999771e-03 8.178330957889556885e-03 2.193095348775386810e-02 1.574179157614707947e-02 1.220555044710636139e-02 1.949187740683555603e-02 1.313576195389032364e-02 6.124172359704971313e-03 2.861617319285869598e-02 6.763746961951255798e-03 2.026373893022537231e-02 2.938282862305641174e-02 1.101611088961362839e-02 1.836672611534595490e-02 3.035252913832664490e-02 1.597017631866037846e-03 9.571349248290061951e-03 1.781874708831310272e-02 1.030805869959294796e-03 3.216172568500041962e-03 5.679449066519737244e-03 2.614487335085868835e-02 2.254517562687397003e-02 1.196761615574359894e-02 6.329834926873445511e-03 5.459818057715892792e-04 2.628478454425930977e-03 1.430728472769260406e-02 1.501208264380693436e-02 2.079090627375990152e-04 2.304558828473091125e-02 7.830093614757061005e-03 5.139689892530441284e-03 1.743206568062305450e-02 1.697972603142261505e-02 1.483137626200914383e-02 1.067888736724853516e-02 1.116979587823152542e-02 1.020477060228586197e-02 1.117144990712404251e-02 5.592488870024681091e-02 1.426612306386232376e-02 5.325680971145629883e-02 8.178384974598884583e-03 6.210322678089141846e-02 6.324828136712312698e-03 3.259772062301635742e-02 6.384274456650018692e-03 1.074818987399339676e-02 4.955917131155729294e-03 1.132794190198183060e-02 2.614871971309185028e-02 1.577402651309967041e-02 1.968067139387130737e-02 1.621568948030471802e-02 1.746189221739768982e-02 3.233878174796700478e-03 1.837293803691864014e-02 1.898927032016217709e-03 4.245200660079717636e-03 1.479821931570768356e-02 7.526531349867582321e-03 4.518667608499526978e-02 5.048947408795356750e-03 3.166934847831726074e-02 3.235511109232902527e-02 3.545701131224632263e-02 4.872139170765876770e-02 3.545578569173812866e-02 3.315221751108765602e-03 1.922435825690627098e-03 2.178534120321273804e-02 2.174902521073818207e-02 4.293493926525115967e-02 3.944622352719306946e-02 1.929099299013614655e-02 2.214475534856319427e-02 2.399224601686000824e-02 1.796126132830977440e-03 1.962349191308021545e-02 1.430518459528684616e-02 2.648680843412876129e-02 3.869735822081565857e-02 1.356903836131095886e-02 8.421473205089569092e-03 2.719090320169925690e-02 4.729795269668102264e-03
4.478516348171979189e-04 7.536294870078563690e-03 2.453186921775341034e-02 8.367213606834411621e-01 3.871249035000801086e-02 2.232707664370536804e-02 1.740474719554185867e-03 7.924679666757583618e-04 7.664837408810853958e-03 1.918226853013038635e-02 6.912785465829074383e-04 8.918171748518943787e-03 1.153138466179370880e-02 1.732557639479637146e-02 6.087567191570997238e-03 6.945351604372262955e-03 3.207928268238902092e-03 1.387213473208248615e-03 4.193596076220273972e-03 7.597993244417011738e-04 1.961802318692207336e-02 1.312587037682533264e-02 4.220919508952647448e-04 2.127743512392044067e-02 7.898971438407897949e-03 3.085561841726303101e-02 2.355958335101604462e-02 1.461550872772932053e-02 8.564348332583904266e-03 6.983162835240364075e-03 5.975364707410335541e-03 1.091757230460643768e-02 3.731879591941833496e-02 9.034920483827590942e-03 4.118772968649864197e-02 3.256757045164704323e-03 4.656143952161073685e-03 2.483343705534934998e-02 3.221626207232475281e-02 8.312735706567764282e-03 1.040523778647184372e-02 1.328339055180549622e-02 2.061166055500507355e-02 1.757452078163623810e-02 8.261292241513729095e-03 1.407279074192047119e-02 9.705443866550922394e-03 4.233347252011299133e-03 4.568887408822774887e-03 2.317280974239110947e-03 2.844484895467758179e-02 2.722553722560405731e-02 1.901021786034107208e-02 2.762239798903465271e-02 4.893166478723287582e-03 5.037502851337194443e-03 3.704302012920379639e-02 3.712136298418045044e-02 1.037845201790332794e-02 2.364558167755603790e-02 4.274100437760353088e-02 2.450793609023094177e-02 4.823458939790725708e-02 5.176576599478721619e-02 6.425864557968452573e-05 1.588003709912300110e-02 4.834768362343311310e-03 1.256038062274456024e-02 1.819095201790332794e-02 2.466378919780254364e-02 2.495124936103820801e-02 1.054038220900110900e-04 5.004301294684410095e-02 1.822293922305107117e-02 4.061343520879745483e-02 9.623347781598567963e-03 1.020059175789356232e-02 6.709698936901986599e-04 6.782777607440948486e-03 1.177535671740770340e-02 1.172528043389320374e-02 1.199672091752290726e-02 4.998694639652967453e-03 2.526134997606277466e-02 1.772359199821949005e-02 7.880747318267822266e-03 9.429853409528732300e-03 7.153580896556377411e-03 4.430249705910682678e-02 1.917747966945171356e-02 6.985110696405172348e-03 2.342952415347099304e-02 2.715447684749960899e-03 8.527546189725399017e-03 1.259719720110297203e-03 7.737240754067897797e-03 2.062728069722652435e-02 2.032438106834888458e-02 5.418051034212112427e-03 4.405738320201635361e-03 2.547487150877714157e-03 3.858540148939937353e-04 2.668919414281845093e-02 7.067483384162187576e-03 3.132980689406394958e-02 4.395142942667007446e-02 1.647830754518508911e-02 3.127922117710113525e-02 8.590649813413619995e-03 2.938161976635456085e-02 8.168298751115798950e-03 1.119579654186964035e-02 1.074804365634918213e-02 1.128414273262023926e-02 1.303994678892195225e-03 8.973863907158374786e-03
1.919504068791866302e-02 1.306513231247663498e-02 7.157114334404468536e-03 3.871249035000801086e-02 8.367213606834411621e-01 3.059877268970012665e-02 2.134402841329574585e-02 7.502533029764890671e-03 8.736235089600086212e-03 3.447118028998374939e-02 1.557790674269199371e-02 3.224993497133255005e-02 1.582403667271137238e-02 3.390607610344886780e-02 2.167112752795219421e-02 2.690108492970466614e-02 7.248457986861467361e-03 2.520879358053207397e-02 3.884232789278030396e-02 1.146232709288597107e-02 1.802436634898185730e-02 1.521508209407329559e-02 3.067382425069808960e-02 2.261346764862537384e-02 2.703087171539664268e-03 5.044319666922092438e-03 9.783513844013214111e-03 2.754510939121246338e-02 1.516647730022668839e-02 3.656597062945365906e-02 1.637411117553710938e-02 1.845129532739520073e-03 1.902570831589400768e-03 1.342139113694429398e-02 1.409424096345901489e-02 1.205889787524938583e-02 4.105584695935249329e-03 1.284094247967004776e-02 9.294149465858936310e-03 2.909200824797153473e-02 1.358212251216173172e-02 7.071240805089473724e-03 2.669838257133960724e-03 3.343138145282864571e-03 3.204279346391558647e-03 9.424568153917789459e-03 2.307795733213424683e-02 1.100134756416082382e-02 5.638275295495986938e-03 1.505208946764469147e-02 6.159862503409385681e-03 1.413300196873024106e-04 2.332821302115917206e-02 1.158700697124004364e-02 7.980570197105407715e-03 6.692104041576385498e-03 1.374363806098699570e-02 6.077831611037254333e-03 1.213172636926174164e-02 7.778542116284370422e-03 3.082786919549107552e-03 1.767450012266635895e-02 1.445587957277894020e-03 3.995676524937152863e-03 7.623721379786729813e-03 6.726384628564119339e-03 2.121965400874614716e-03 1.938767265528440475e-03 2.895592711865901947e-02 5.743958987295627594e-03 6.821196526288986206e-03 3.461087180767208338e-04 2.248215302824974060e-02 1.948157325387001038e-03 2.958073467016220093e-02 1.184967532753944397e-02 1.298400387167930603e-02 1.930456608533859253e-02 1.530914660543203354e-02 2.728474140167236328e-02 1.428083516657352448e-02 2.171187661588191986e-02 2.748054452240467072e-03 3.805794566869735718e-02 1.176023390144109726e-02 1.161111891269683838e-02 1.894995570182800293e-02 1.017419155687093735e-03 1.319729723036289215e-02 4.178048577159643173e-03 1.458649709820747375e-02 7.032788824290037155e-03 9.412798099219799042e-03 4.636905156075954437e-03 1.854177750647068024e-02 8.810959756374359131e-03 1.129375677555799484e-02 1.661515445448458195e-03 1.981642283499240875e-02 2.427704073488712311e-02 2.180934883654117584e-02 9.187565185129642487e-03 1.281465496867895126e-02 5.781162064522504807e-03 1.738534308969974518e-02 4.743370227515697479e-03 8.561984635889530182e-03 2.747819526121020317e-03 1.472343131899833679e-02 2.759189112111926079e-03 3.714989870786666870e-03 1.941029168665409088e-02 3.001733683049678802e-03 7.782062049955129623e-03 4.292263649404048920e-03 1.445853244513273239e-02
4.266385361552238464e-02 4.190868884325027466e-02 7.158624939620494843e-03 2.232707664370536804e-02 3.059877268970012665e-02 8.367213606834411621e-01 2.766526490449905396e-02 5.726024042814970016e-03 1.048904284834861755e-02 3.080267086625099182e-02 6.182155106216669083e-03 6.409533787518739700e-03 2.603966929018497467e-02 9.915740229189395905e-03 2.099895616993308067e-03 1.138216070830821991e-02 7.725177332758903503e-03 8.990889415144920349e-03 2.622407302260398865e-02 2.235739491879940033e-02 2.680281177163124084e-02 2.441244758665561676e-02 6.445247679948806763e-03 6.926008034497499466e-03 2.528801187872886658e-02 2.307977154850959778e-02 2.383609302341938019e-03 2.859158068895339966e-02 8.523984812200069427e-03 2.538180537521839142e-02 3.607637947425246239e-03 1.309004146605730057e-02 3.168409690260887146e-03 2.021243050694465637e-02 1.466575823724269867e-02 1.625496335327625275e-02 1.510978769510984421e-02 6.908860523253679276e-03 1.352285407483577728e-02 3.203577548265457153e-02 7.045688573271036148e-03 3.850564360618591309e-02 3.540878370404243469e-02 4.029645118862390518e-03 2.739351615309715271e-02 2.519883029162883759e-02 3.111433237791061401e-02 6.760512012988328934e-03 2.698220685124397278e-02 3.309834375977516174e-02 4.149265587329864502e-02 3.585343435406684875e-02 7.419615983963012695e-03 1.488415338099002838e-02 1.421276852488517761e-02 2.087610587477684021e-02 2.000246942043304443e-02 2.942443639039993286e-02 5.216573830693960190e-03 2.002879045903682709e-02 1.003980357199907303e-02 3.094847127795219421e-02 3.585033118724822998e-03 3.011361230164766312e-03 2.979673212394118309e-03 3.677370026707649231e-03 3.522655367851257324e-02 2.505679614841938019e-02 4.235931672155857086e-03 1.102709118276834488e-02 7.834556512534618378e-03 6.281583104282617569e-03 1.094025745987892151e-02 1.101730298250913620e-02 2.676402404904365540e-02 5.262114107608795166e-03 8.594640530645847321e-03 3.531659767031669617e-02 2.028121426701545715e-02 2.822294272482395172e-02 1.199062634259462357e-02 1.686750724911689758e-02 7.857230491936206818e-03 1.221329625695943832e-02 3.056152909994125366e-02 4.053633287549018860e-02 1.593222492374479771e-03 2.686684578657150269e-02 4.289729986339807510e-03 1.863449066877365112e-02 4.426687955856323242e-03 8.322934620082378387e-03 3.261236706748604774e-04 1.805003546178340912e-02 8.645183406770229340e-03 1.496987044811248779e-02 4.654532298445701599e-03 2.819827524945139885e-03 3.003858029842376709e-02 3.640368580818176270e-02 1.631327345967292786e-02 1.869479194283485413e-02 1.060841418802738190e-02 1.983099617063999176e-02 1.337081100791692734e-02 2.196801826357841492e-02 4.063011147081851959e-03 1.503735128790140152e-02 1.983919739723205566e-02 2.125390246510505676e-02 7.261589635163545609e-03 6.324562709778547287e-03 3.595093637704849243e-02 3.598483279347419739e-02 1.508385059423744678e-03 1.734143868088722229e-02
1.219861395657062531e-02 4.138609394431114197e-02 8.868635632097721100e-03 1.740474719554185867e-03 2.134402841329574585e-02 2.766526490449905396e-02 8.367213606834411621e-01 2.633216977119445801e-02 3.156240284442901611e-02 2.633391320705413818e-02 5.392133072018623352e-02 5.967637989670038223e-03 3.011118248105049133e-02 1.356416661292314529e-02 2.432057820260524750e-02 2.047455869615077972e-02 3.257650509476661682e-02 2.325177937746047974e-02 1.406311430037021637e-02 3.781528770923614502e-02 2.626629080623388290e-03 5.395227577537298203e-03 7.417853921651840210e-03 1.267388556152582169e-02 7.983929477632045746e-03 1.002464164048433304e-02 3.775332821533083916e-03 2.418017480522394180e-03 2.508790232241153717e-02 4.604869522154331207e-03 5.225565750151872635e-03 1.576640643179416656e-02 1.518021523952484131e-02 1.348775159567594528e-02 7.059426978230476379e-03 2.192224934697151184e-02 2.364484034478664398e-02 2.438352908939123154e-03 6.419057957828044891e-03 1.915834657847881317e-02 1.797884330153465271e-02 2.317968057468533516e-03 7.076889742165803909e-03 1.320991897955536842e-03 1.256421301513910294e-02 5.188491661101579666e-03 4.620860517024993896e-02 6.534446030855178833e-02 2.306668087840080261e-03 1.000243239104747772e-02 2.238391898572444916e-03 2.231238177046179771e-03 3.895871574059128761e-03 1.172053068876266479e-02 1.066688448190689087e-02 1.615972444415092468e-02 1.028654351830482483e-02 1.525399275124073029e-02 5.697577260434627533e-03 6.522952113300561905e-03 4.893592558801174164e-03 9.901548735797405243e-03 1.119103375822305679e-02 1.756977755576372147e-03 4.352745413780212402e-02 2.875951118767261505e-02 1.774597726762294769e-02 1.477328222244977951e-02 2.468696236610412598e-02 4.490560851991176605e-03 1.515761204063892365e-02 5.087531637400388718e-03 5.375090520828962326e-03 1.113328617066144943e-02 2.366024628281593323e-02 6.716097239404916763e-03 2.940112352371215820e-02 1.522997859865427017e-02 1.052430924028158188e-02 2.341652475297451019e-02 4.105581436306238174e-03 1.341768447309732437e-02 2.230032905936241150e-02 1.171128358691930771e-02 2.498017624020576477e-03 1.657321816310286522e-03 1.835736073553562164e-02 1.357149239629507065e-02 1.277953013777732849e-02 9.804640896618366241e-03 3.122743964195251465e-02 1.023151632398366928e-02 3.384094312787055969e-02 1.228098524734377861e-03 2.486085891723632812e-02 1.952579244971275330e-02 8.378928527235984802e-03 1.072015799582004547e-02 1.657415367662906647e-02 9.840452112257480621e-03 3.400502260774374008e-03 1.339894998818635941e-02 1.629295758903026581e-02 1.324876397848129272e-02 2.075087279081344604e-02 2.252240478992462158e-02 1.281499769538640976e-02 9.919215925037860870e-03 9.766134433448314667e-03 8.207878097891807556e-03 1.707524433732032776e-02 2.482078969478607178e-02 1.819407194852828979e-02 6.411665584892034531e-03 6.400899495929479599e-03 1.047744508832693100e-02
1.196395140141248703e-02 2.280956134200096130e-03 2.906465902924537659e-02 7.924679666757583618e-04 7.502533029764890671e-03 5.726024042814970016e-03 2.633216977119445801e-02 8.367213606834411621e-01 2.403010800480842590e-02 1.457908190786838531e-02 1.100282417610287666e-03 9.441497968509793282e-04 7.489959243685007095e-03 6.018183194100856781e-03 5.179435014724731445e-02 3.635483607649803162e-02 2.547962591052055359e-02 1.072575431317090988e-02 1.037616189569234848e-02 3.294815123081207275e-02 7.905773818492889404e-04 3.912097215652465820e-02 1.822946034371852875e-02 3.202804550528526306e-02 2.708708168938755989e-03 4.961488768458366394e-03 2.149992063641548157e-02 9.775566868484020233e-04 7.542352657765150070e-03 4.845618270337581635e-03 8.338862098753452301e-03 3.014243394136428833e-02 2.227182500064373016e-03 2.296072989702224731e-02 3.268433501943945885e-03 3.880955278873443604e-02 4.653653129935264587e-02 3.463534265756607056e-02 1.613260130397975445e-03 1.083303149789571762e-02 1.589619927108287811e-02 1.428573485463857651e-02 8.480350486934185028e-03 1.843187958002090454e-02 5.732060410082340240e-03 5.848025903105735779e-04 1.354783866554498672e-02 1.090583577752113342e-02 1.323502883315086365e-02 1.517715770751237869e-02 5.165084730833768845e-03 1.407021377235651016e-02 2.423040801659226418e-03 1.443366054445505142e-02 5.206651985645294189e-03 3.704007016494870186e-03 7.443617098033428192e-03 2.267460571601986885e-03 1.629609148949384689e-03 1.162139000371098518e-03 8.418769575655460358e-03 1.146963611245155334e-02 1.439559180289506912e-02 1.039567403495311737e-03 7.564909756183624268e-03 5.668309051543474197e-03 2.029818668961524963e-02 1.632807403802871704e-02 2.949076518416404724e-02 1.842671632766723633e-02 2.106917276978492737e-02 1.721734553575515747e-02 2.261683158576488495e-02 1.246849633753299713e-02 1.824247464537620544e-02 1.000045891851186752e-02 2.288508042693138123e-02 1.572284661233425140e-02 2.758505754172801971e-03 1.994997961446642876e-03 3.332036733627319336e-02 4.676012322306632996e-02 2.098929882049560547e-02 6.067700218409299850e-03 8.859413675963878632e-03 2.427668543532490730e-03 4.197574406862258911e-02 4.186807572841644287e-02 2.295674290508031845e-03 8.508393540978431702e-03 1.274680718779563904e-02 3.705455735325813293e-02 9.403116069734096527e-03 2.841763198375701904e-02 4.068012535572052002e-02 3.638538345694541931e-02 1.534655783325433731e-02 1.192069705575704575e-02 3.103348053991794586e-02 2.011615037918090820e-02 3.845833614468574524e-02 3.580250963568687439e-02 3.049665503203868866e-02 3.567686676979064941e-02 1.185996644198894501e-02 3.429896896705031395e-03 4.189420491456985474e-02 9.938299655914306641e-03 3.155116736888885498e-02 2.933101961389183998e-03 2.218213863670825958e-02 1.830967701971530914e-02 4.369411617517471313e-03 4.837329499423503876e-03 2.356286160647869110e-02 1.311366353183984756e-02
3.073412552475929260e-02 3.587556630373001099e-02 1.310349348932504654e-02 7.664837408810853958e-03 8.736235089600086212e-03 1.048904284834861755e-02 3.156240284442901611e-02 2.403010800480842590e-02 8.367213606834411621e-01 2.534915693104267120e-02 3.201388195157051086e-02 3.165674209594726562e-02 2.983608841896057129e-02 3.336995607241988182e-03 4.441325087100267410e-03 1.648301631212234497e-02 1.817831769585609436e-02 5.915743485093116760e-02 2.416114509105682373e-02 2.642834559082984924e-02 2.529384568333625793e-03 8.531530620530247688e-04 3.556181862950325012e-02 3.398952633142471313e-02 2.959732711315155029e-02 1.535149011760950089e-02 1.402933523058891296e-02 7.281741709448397160e-04 3.278902545571327209e-02 1.336408872157335281e-02 1.883921399712562561e-02 3.521035984158515930e-02 1.404460426419973373e-02 1.781078241765499115e-02 1.426933449693024158e-03 1.662499457597732544e-02 1.615681685507297516e-02 3.775221761316061020e-03 9.575896896421909332e-03 9.529455564916133881e-04 9.984910488128662109e-03 6.178267765790224075e-03 8.966048248112201691e-03 1.343809813261032104e-02 5.992570891976356506e-03 8.600310422480106354e-03 2.539107762277126312e-02 3.923687338829040527e-02 3.013293072581291199e-02 4.189266823232173920e-03 2.714304719120264053e-04 3.118071472272276878e-03 1.028872560709714890e-02 1.442868355661630630e-02 4.005701094865798950e-02 1.105232047848403454e-03 1.392108667641878128e-02 2.443659817799925804e-03 1.802717917598783970e-03 1.710225455462932587e-02 3.342976048588752747e-02 1.953816600143909454e-02 1.059255003929138184e-02 2.108459360897541046e-03 2.782141976058483124e-02 3.172030299901962280e-02 1.247182395309209824e-02 5.655341316014528275e-03 3.411520272493362427e-02 8.864934556186199188e-03 1.461864542216062546e-02 3.200841695070266724e-02 8.879208937287330627e-03 3.461349057033658028e-03 2.956569660454988480e-03 1.774480566382408142e-02 5.451061204075813293e-02 3.025581687688827515e-02 3.519318252801895142e-02 2.195155248045921326e-02 1.527074724435806274e-02 3.048188285902142525e-03 5.886502936482429504e-02 3.179000690579414368e-02 1.141563616693019867e-02 6.389388348907232285e-03 4.903627559542655945e-03 2.525509335100650787e-03 2.565879747271537781e-02 2.824404509738087654e-03 3.610327839851379395e-02 8.699508616700768471e-04 3.654487058520317078e-02 5.841829814016819000e-03 2.437138184905052185e-02 1.781176961958408356e-02 7.782137952744960785e-03 2.074120007455348969e-02 3.400824964046478271e-02 1.833987236022949219e-02 3.293294459581375122e-02 2.687380649149417877e-02 1.573662273585796356e-02 1.453996263444423676e-02 6.857343483716249466e-03 1.207849010825157166e-02 2.766103856265544891e-02 1.642433740198612213e-02 1.775196008384227753e-02 1.540156081318855286e-02 9.668851271271705627e-03 1.982463896274566650e-02 3.152148798108100891e-03 1.124245114624500275e-02 6.314724683761596680e-03 1.481404178775846958e-03
2.247266285121440887e-02 2.006151713430881500e-02 1.899707503616809845e-02 1.918226853013038635e-02 3.447118028998374939e-02 3.080267086625099182e-02 2.633391320705413818e-02 1.457908190786838531e-02 2.534915693104267120e-02 8.367213606834411621e-01 2.441652491688728333e-02 9.852754883468151093e-03 1.962692663073539734e-02 7.816116325557231903e-03 5.071893334388732910e-03 1.212551607750356197e-03 1.622183993458747864e-02 2.739146351814270020e-02 4.944106191396713257e-02 1.242925878614187241e-02 8.084953762590885162e-03 1.312850508838891983e-02 9.321092627942562103e-03 1.946148462593555450e-02 8.187560364603996277e-03 1.044742297381162643e-03 2.710707858204841614e-02 4.423042014241218567e-02 1.672107353806495667e-02 3.644177690148353577e-02 2.059837244451045990e-02 1.315223053097724915e-02 2.049103938043117523e-02 2.385176531970500946e-02 1.484527997672557831e-02 3.265609266236424446e-03 7.975339889526367188e-03 1.599998213350772858e-02 1.515106577426195145e-02 9.101373143494129181e-03 1.965151727199554443e-02 7.307708729058504105e-03 6.502673495560884476e-03 2.649982459843158722e-02 1.499613514170050621e-03 3.754902631044387817e-02 2.391984313726425171e-02 1.659531146287918091e-02 1.831945590674877167e-02 2.811239100992679596e-02 1.114722155034542084e-02 3.658324945718050003e-03 2.049825340509414673e-02 1.357882469892501831e-02 1.057667378336191177e-02 2.606882527470588684e-02 1.523694861680269241e-02 4.095308948308229446e-03 5.754912272095680237e-03 1.268661767244338989e-02 1.886081509292125702e-02 2.447500638663768768e-02 3.140161558985710144e-02 2.005888335406780243e-02 6.515986751765012741e-03 2.052963338792324066e-02 1.501430757343769073e-02 5.654297419823706150e-04 8.573549799621105194e-03 3.485335409641265869e-02 1.672136597335338593e-02 6.532970815896987915e-03 1.973058097064495087e-02 2.248015627264976501e-02 1.734248176217079163e-02 1.458871550858020782e-02 6.580586545169353485e-03 5.480722710490226746e-02 1.634500548243522644e-02 4.523269087076187134e-02 1.221133861690759659e-03 5.698397289961576462e-03 2.269523590803146362e-02 5.438016355037689209e-02 2.954005263745784760e-03 2.601581439375877380e-02 3.492251969873905182e-03 6.892912089824676514e-03 2.395001240074634552e-02 2.945901639759540558e-02 1.850662194192409515e-02 2.567085251212120056e-02 1.376417651772499084e-02 2.358619123697280884e-02 1.588299986906349659e-03 3.224358707666397095e-02 3.337607905268669128e-02 1.481362059712409973e-02 1.588646881282329559e-02 2.000431902706623077e-02 4.591083154082298279e-03 1.469463668763637543e-02 2.633211202919483185e-02 1.980010047554969788e-02 1.839383505284786224e-02 1.968700438737869263e-02 1.173575315624475479e-02 1.584534719586372375e-02 1.025020331144332886e-02 9.136057458817958832e-03 2.862774580717086792e-02 2.189717628061771393e-02 5.204711575061082840e-03 1.225389912724494934e-02 2.268929034471511841e-02 5.160663276910781860e-03
4.887949302792549133e-02 2.921946160495281219e-02 1.648093201220035553e-02 6.912785465829074383e-04 1.557790674269199371e-02 6.182155106216669083e-03 5.392133072018623352e-02 1.100282417610287666e-03 3.201388195157051086e-02 2.441652491688728333e-02 8.367213606834411621e-01 6.912806071341037750e-03 5.727235972881317139e-02 2.864438341930508614e-03 5.239840596914291382e-03 1.625722460448741913e-02 2.528801560401916504e-02 2.807477861642837524e-02 1.751503907144069672e-02 1.104676816612482071e-02 1.364106871187686920e-02 3.762124478816986084e-02 8.048060350120067596e-03 1.876217126846313477e-02 1.362545788288116455e-02 1.821585581637918949e-03 1.296812761574983597e-02 6.748474203050136566e-03 2.460090257227420807e-02 6.824335549026727676e-03 2.515212632715702057e-03 1.013318728655576706e-02 2.296772785484790802e-03 1.136054936796426773e-02 1.582646393217146397e-03 4.057020414620637894e-03 5.036076065152883530e-03 1.135626109316945076e-03 6.866851821541786194e-03 5.197252612560987473e-03 2.480721287429332733e-02 1.023069024085998535e-02 2.653886936604976654e-02 6.473961751908063889e-03 2.083462104201316833e-02 1.043691206723451614e-02 6.789386272430419922e-02 6.274302303791046143e-02 1.499480474740266800e-02 3.490360686555504799e-03 1.639536768198013306e-02 1.933636702597141266e-02 2.297139912843704224e-02 1.446573343127965927e-02 4.265372641384601593e-03 2.875947859138250351e-03 9.814636781811714172e-03 1.810352876782417297e-02 1.193061284720897675e-02 3.321012854576110840e-02 2.098592696711421013e-03 8.933247998356819153e-03 2.906146692112088203e-03 3.717027138918638229e-03 5.655598640441894531e-02 5.453414097428321838e-02 5.736286751925945282e-03 2.352037234231829643e-03 1.555028837174177170e-02 1.338164974004030228e-02 1.750003173947334290e-02 1.047141291201114655e-02 2.970671514049172401e-03 1.270608976483345032e-03 1.387754268944263458e-02 1.314411964267492294e-02 2.133006229996681213e-02 1.798612065613269806e-02 4.842707421630620956e-03 1.246768608689308167e-02 3.636999288573861122e-03 6.101943552494049072e-03 2.976057864725589752e-02 2.550426125526428223e-02 7.723873015493154526e-03 4.827189259231090546e-03 8.439831435680389404e-03 1.878931187093257904e-02 1.072700135409832001e-03 8.261557668447494507e-03 5.302078649401664734e-02 1.448963023722171783e-02 4.262097924947738647e-02 1.886933296918869019e-02 1.530499942600727081e-02 1.467631198465824127e-02 7.078936323523521423e-03 1.444509532302618027e-02 1.012257393449544907e-02 6.216265726834535599e-03 4.751788917928934097e-03 8.735976181924343109e-03 8.047494920901954174e-04 8.135202224366366863e-04 2.551430650055408478e-02 1.614155992865562439e-02 1.440844684839248657e-02 2.821722067892551422e-02 1.249905303120613098e-02 1.743032969534397125e-02 5.692478734999895096e-03 1.775129139423370361e-02 1.882757432758808136e-02 1.741212606430053711e-02 1.506649423390626907e-02 2.306159585714340210e-02
5.911248270422220230e-03 2.252169139683246613e-02 1.222452707588672638e-02 8.918171748518943787e-03 3.224993497133255005e-02 6.409533787518739700e-03 5.967637989670038223e-03 9.441497968509793282e-04 3.165674209594726562e-02 9.852754883468151093e-03 6.912806071341037750e-03 8.367213606834411621e-01 2.569274604320526123e-02 7.407364994287490845e-02 8.777082897722721100e-03 1.194942835718393326e-02 1.561613939702510834e-02 1.186089217662811279e-02 9.373574517667293549e-03 2.358494699001312256e-02 2.660929749254137278e-04 1.223521959036588669e-02 3.661501407623291016e-02 1.134467869997024536e-02 1.826605759561061859e-02 7.953016087412834167e-03 5.769887939095497131e-04 3.492013365030288696e-02 3.052630089223384857e-02 2.889574319124221802e-02 3.844065219163894653e-02 1.661591045558452606e-02 1.118503697216510773e-02 1.390429120510816574e-02 3.876142203807830811e-03 1.312753744423389435e-02 2.425716072320938110e-02 1.298772823065519333e-02 1.940640155225992203e-03 1.792842894792556763e-02 7.159486413002014160e-03 6.694283802062273026e-03 1.274337433278560638e-02 7.494711317121982574e-03 1.177674345672130585e-02 1.306476071476936340e-03 1.093955244868993759e-02 2.804987691342830658e-02 1.228958927094936371e-02 2.870051749050617218e-02 3.649635240435600281e-03 2.052738331258296967e-02 3.060865588486194611e-02 8.186932653188705444e-03 2.993476763367652893e-02 4.867742303758859634e-03 3.002641163766384125e-02 8.141880854964256287e-03 2.341316454112529755e-02 1.570469141006469727e-02 2.917914278805255890e-02 4.545676521956920624e-03 1.231371425092220306e-02 6.508225109428167343e-03 1.908195391297340393e-02 2.386331558227539062e-02 5.457010120153427124e-03 2.294014208018779755e-03 3.874224424362182617e-02 6.895004305988550186e-03 2.097858674824237823e-02 2.661769837141036987e-02 2.954670973122119904e-02 1.698425225913524628e-02 1.012643892318010330e-02 2.614962123334407806e-02 4.760525375604629517e-02 1.683613844215869904e-02 2.862903289496898651e-02 7.299487479031085968e-03 1.316100265830755234e-02 6.733825895935297012e-03 2.426088601350784302e-02 2.888997085392475128e-03 8.221247233450412750e-03 1.310611143708229065e-02 2.308569103479385376e-02 6.401987280696630478e-03 3.605183959007263184e-02 5.881811957806348801e-03 2.975037507712841034e-02 5.506745073944330215e-03 4.140238091349601746e-02 5.255250725895166397e-03 1.804325915873050690e-02 6.611865013837814331e-03 1.357637066394090652e-02 2.092207968235015869e-02 6.111070979386568069e-03 1.681810803711414337e-02 1.849929802119731903e-02 1.255706883966922760e-02 1.076271012425422668e-02 1.118107326328754425e-02 2.534309588372707367e-02 7.589528337121009827e-03 1.506958529353141785e-02 2.384856808930635452e-03 9.613223373889923096e-03 2.534337714314460754e-02 4.580658394843339920e-03 3.002081066370010376e-02 3.918242175132036209e-03 3.219109203200787306e-04 1.030518207699060440e-02 2.688288316130638123e-02
4.459872469305992126e-02 4.418420046567916870e-02 1.191273517906665802e-02 1.153138466179370880e-02 1.582403667271137238e-02 2.603966929018497467e-02 3.011118248105049133e-02 7.489959243685007095e-03 2.983608841896057129e-02 1.962692663073539734e-02 5.727235972881317139e-02 2.569274604320526123e-02 8.367213606834411621e-01 2.014723978936672211e-02 4.170386586338281631e-03 2.338552288711071014e-02 3.685298934578895569e-02 3.663539513945579529e-02 2.676197700202465057e-02 4.652292467653751373e-03 1.604625768959522247e-02 2.628690004348754883e-02 1.187487691640853882e-02 1.386992633342742920e-02 7.202219218015670776e-03 3.839582903310656548e-03 1.864753663539886475e-02 1.667712442576885223e-02 4.171262029558420181e-03 2.022263966500759125e-02 2.073161303997039795e-02 2.306477836100384593e-04 9.678956121206283569e-03 1.258184108883142471e-02 1.081893034279346466e-02 7.959478534758090973e-03 1.685172133147716522e-02 1.795676350593566895e-02 1.140497997403144836e-02 2.250592224299907684e-03 2.106185816228389740e-02 8.204104378819465637e-03 2.391305752098560333e-02 4.383790306746959686e-03 2.537989057600498199e-03 1.062945090234279633e-02 6.276872754096984863e-02 3.581462427973747253e-02 1.046164613217115402e-02 8.492500521242618561e-03 1.441787171643227339e-04 2.425642451271414757e-03 4.547966178506612778e-03 5.661817733198404312e-03 6.339748855680227280e-03 2.998736454173922539e-03 1.322731096297502518e-02 4.652128554880619049e-03 2.938131336122751236e-03 8.292511105537414551e-03 1.827054657042026520e-02 2.293869853019714355e-03 7.156747858971357346e-03 3.941226750612258911e-03 2.626232989132404327e-02 5.305789038538932800e-02 1.511248666793107986e-02 1.477697305381298065e-02 2.681782096624374390e-02 2.548768417909741402e-03 2.392075397074222565e-02 1.149280555546283722e-02 1.361784711480140686e-02 3.728893934749066830e-04 1.979741081595420837e-02 4.340365994721651077e-03 2.323125489056110382e-02 1.797151938080787659e-02 8.868960663676261902e-03 1.898453384637832642e-02 2.274454571306705475e-02 1.615297794342041016e-02 2.873147092759609222e-02 2.112510241568088531e-02 1.449418254196643829e-02 2.166897756978869438e-03 9.743167087435722351e-03 3.104456514120101929e-02 2.027814276516437531e-02 1.203992776572704315e-02 3.508454561233520508e-02 1.001988165080547333e-02 2.886927872896194458e-02 2.562073059380054474e-02 7.237458601593971252e-03 6.744516547769308090e-03 9.938181377947330475e-03 2.534406958147883415e-03 4.008837975561618805e-03 1.541088614612817764e-02 6.342724431306123734e-03 1.170366443693637848e-02 1.990971621125936508e-03 1.114586647599935532e-02 5.325688980519771576e-03 5.986014846712350845e-03 3.814924973994493484e-03 1.029864046722650528e-02 4.757668823003768921e-03 1.482003554701805115e-02 1.126645691692829132e-02 9.786614216864109039e-03 9.085087105631828308e-03 1.340056397020816803e-02 1.479993015527725220e-02 2.256424631923437119e-03
