8.368661999702453613e-01 7.648517191410064697e-02 7.151424419134855270e-03 4.064594395458698273e-03 2.273775171488523483e-03 3.798956796526908875e-02 4.549214243888854980e-02 4.365886095911264420e-03 5.246091168373823166e-04 1.082220766693353653e-02 5.424261838197708130e-02 7.313548121601343155e-03 4.183728620409965515e-02 1.690752059221267700e-02 1.890192553400993347e-02 3.975005820393562317e-03 1.188687887042760849e-02 3.197557758539915085e-03 4.156755749136209488e-03 6.769019179046154022e-03 1.313859689980745316e-02 3.042036434635519981e-03 6.255108863115310669e-03 1.019346807152032852e-02 4.510615486651659012e-03 2.799564972519874573e-02 2.754954434931278229e-02 5.571738816797733307e-03 1.878344453871250153e-02 1.512348838150501251e-02 2.038346789777278900e-02 7.074949797242879868e-03 3.512519225478172302e-02 7.750519085675477982e-03 2.323842048645019531e-02 1.542577426880598068e-02 1.587151363492012024e-02 2.247568964958190918e-02 3.779892344027757645e-03 7.997298613190650940e-03 2.230788581073284149e-02 8.064045570790767670e-03 4.374867305159568787e-03 2.003462240099906921e-02 1.605260535143315792e-03 1.839947770349681377e-03 3.161507472395896912e-02 1.508793793618679047e-02 1.846152171492576599e-02 5.995641695335507393e-04 7.955967448651790619e-03 1.314720418304204941e-02 2.386935055255889893e-03 8.711565285921096802e-03 3.704634495079517365e-03 1.864479039795696735e-03 2.200383879244327545e-02 2.968117967247962952e-02 1.653199642896652222e-02 1.494788215495646000e-03 1.993471570312976837e-02 2.201003022491931915e-03 2.169337868690490723e-02 4.092759266495704651e-02 1.295550726354122162e-02 5.963220726698637009e-03 1.148456986993551254e-02 2.103825472295284271e-02 3.022126387804746628e-03 1.068623177707195282e-02 5.986309144645929337e-03 3.652134537696838379e-02 3.422972979024052620e-03 1.720171980559825897e-02 7.265728432685136795e-03 2.344183810055255890e-02 1.083197351545095444e-02 6.753975059837102890e-03 3.002878045663237572e-03 5.288633401505649090e-04 1.059500616975128651e-03 1.514477748423814774e-02 1.117878407239913940e-02 1.891137799248099327e-03 9.607996791601181030e-03 2.889831922948360443e-02 1.111387833952903748e-02 3.205960243940353394e-02 8.764922618865966797e-03 1.216890476644039154e-02 2.911035902798175812e-02 1.420839410275220871e-02 4.593832883983850479e-03 3.217018768191337585e-02 9.146475233137607574e-03 8.046897710300981998e-04 2.460463531315326691e-02 6.304468028247356415e-03 5.953204352408647537e-03 8.300413610413670540e-04 6.154685281217098236e-03 3.210203256458044052e-03 1.345951389521360397e-02 1.465830951929092407e-02 2.121113985776901245e-02 5.968510173261165619e-03 2.456957101821899414e-02 9.369945153594017029e-03 2.008284814655780792e-02 1.861080527305603027e-02 2.939834818243980408e-02 1.565005443990230560e-02 1.314847148023545742e-03 2.638287376612424850e-03 8.857218548655509949e-03 4.788927268236875534e-03
7.648517191410064697e-02 8.368661999702453613e-01 1.882599317468702793e-03 8.167742751538753510e-03 1.516745332628488541e-02 3.927044570446014404e-02 5.517182126641273499e-02 8.111904375255107880e-03 5.817710421979427338e-03 1.971540786325931549e-02 4.435044527053833008e-02 3.955887630581855774e-03 5.650176852941513062e-02 2.720917202532291412e-02 2.312373369932174683e-02 6.108433473855257034e-03 1.192817091941833496e-02 6.996848387643694878e-04 1.310232654213905334e-02 1.629364304244518280e-02 2.691868692636489868e-02 5.074129905551671982e-03 1.118666864931583405e-02 2.162391878664493561e-02 1.412005536258220673e-02 2.619400061666965485e-02 2.487657219171524048e-02 1.331685483455657959e-02 6.661104969680309296e-03 1.464990898966789246e-02 3.351876884698867798e-02 1.656055077910423279e-02 1.550743635743856430e-02 1.269787270575761795e-02 1.803043670952320099e-02 2.785311825573444366e-02 2.711556479334831238e-02 7.540798746049404144e-03 1.094602234661579132e-02 7.715424522757530212e-03 1.923528313636779785e-02 2.700238116085529327e-02 1.513036713004112244e-02 1.024729385972023010e-02 6.967100198380649090e-04 7.050447165966033936e-04 3.771063685417175293e-02 2.896184101700782776e-02 3.362813219428062439e-02 6.806965917348861694e-03 1.093863323330879211e-02 6.402764003723859787e-03 6.853416562080383301e-04 1.063280645757913589e-02 1.002463139593601227e-02 4.769013263285160065e-03 2.343496680259704590e-02 3.430839627981185913e-02 7.987590506672859192e-03 6.402402184903621674e-03 2.323553152382373810e-02 1.936061307787895203e-02 6.326911505311727524e-03 2.452501840889453888e-02 4.723063670098781586e-03 1.461824309080839157e-02 2.832455374300479889e-02 2.721206843852996826e-02 7.670927792787551880e-03 9.779070504009723663e-03 8.082203567028045654e-03 2.745363302528858185e-02 2.411175519227981567e-03 1.905494928359985352e-02 8.434691466391086578e-03 1.755375228822231293e-02 9.018485434353351593e-03 8.251583203673362732e-04 7.805327419191598892e-03 8.579005487263202667e-03 2.545027062296867371e-03 3.595010377466678619e-03 5.723813083022832870e-03 2.032722346484661102e-03 3.702155663631856441e-04 2.083545364439487457e-02 1.533734891563653946e-02 2.876241132616996765e-02 6.895732367411255836e-04 1.751179061830043793e-02 2.177388221025466919e-02 1.953713968396186829e-02 1.180250756442546844e-02 2.395006082952022552e-02 3.223369270563125610e-02 2.518713474273681641e-02 1.334034651517868042e-02 1.231695804744958878e-02 2.207328192889690399e-02 1.869046315550804138e-02 2.082504890859127045e-02 1.036750338971614838e-02 4.028841387480497360e-03 4.886095412075519562e-03 1.240112073719501495e-02 5.056876689195632935e-03 1.180061884224414825e-02 5.746288807131350040e-04 1.100283674895763397e-02 1.673883758485317230e-02 4.717382602393627167e-03 7.559963501989841461e-03 1.646719686686992645e-02 4.194680135697126389e-03 2.494921535253524780e-02 9.758482687175273895e-03
7.151424419134855270e-03 1.882599317468702793e-03 8.368661999702453613e-01 2.067612111568450928e-02 2.048342488706111908e-02 1.136775501072406769e-02 2.269216254353523254e-02 3.675427287817001343e-02 1.684198528528213501e-02 7.019167765974998474e-03 1.514563988894224167e-02 1.146510057151317596e-02 4.202084150165319443e-03 8.099584840238094330e-03 2.209758572280406952e-02 4.275239631533622742e-02 3.233158215880393982e-02 2.383764088153839111e-02 8.423385210335254669e-03 2.676494885236024857e-03 1.749979332089424133e-02 1.664273254573345184e-02 2.940314821898937225e-02 2.455424889922142029e-02 2.844993956387042999e-03 1.795389689505100250e-02 2.209370955824851990e-02 1.193984132260084152e-02 5.367471370846033096e-03 2.625215100124478340e-03 2.483558654785156250e-02 9.740471839904785156e-03 7.751000230200588703e-04 1.316754706203937531e-02 6.103070918470621109e-04 3.796685487031936646e-03 1.970533514395356178e-03 1.683883741497993469e-02 2.663723193109035492e-02 1.139159314334392548e-02 1.738351397216320038e-02 1.486127544194459915e-02 1.265114918351173401e-02 2.145662158727645874e-02 1.314867287874221802e-02 5.878082476556301117e-03 2.615035884082317352e-02 3.256657347083091736e-02 3.359350608661770821e-03 9.927094914019107819e-03 1.480701379477977753e-02 9.621256031095981598e-03 1.251756958663463593e-02 1.679827226325869560e-03 1.211115065962076187e-02 9.449884295463562012e-03 1.580452732741832733e-02 2.017666818574070930e-03 5.439987406134605408e-03 3.223302587866783142e-02 1.603490673005580902e-02 1.752987317740917206e-02 1.709566265344619751e-02 6.485763471573591232e-03 2.462572790682315826e-02 1.052307803183794022e-02 9.343883022665977478e-03 6.473762914538383484e-03 3.117669746279716492e-02 1.640490069985389709e-02 1.514025218784809113e-02 2.574053360149264336e-03 3.012956492602825165e-02 2.180056087672710419e-02 2.932149730622768402e-02 1.186032965779304504e-02 3.152631595730781555e-02 1.360303629189729691e-02 7.831353694200515747e-03 1.071948930621147156e-02 4.169332981109619141e-02 3.975220024585723877e-02 2.442700974643230438e-02 5.390351638197898865e-03 9.957469999790191650e-03 5.323584657162427902e-03 2.465678565204143524e-02 4.275102168321609497e-03 8.373302407562732697e-03 1.642766594886779785e-02 2.145852707326412201e-02 2.438728697597980499e-02 2.977105602622032166e-02 2.837563119828701019e-02 2.791291475296020508e-02 1.332298386842012405e-02 5.459976382553577423e-03 3.042634017765522003e-02 1.087750121951103210e-02 6.985360290855169296e-03 3.429011674597859383e-03 7.854740135371685028e-03 1.504384167492389679e-02 6.758206989616155624e-03 1.168124470859766006e-02 8.049734868109226227e-03 2.399971336126327515e-02 9.774124249815940857e-03 2.223106659948825836e-02 3.081562370061874390e-02 2.001957781612873077e-02 2.940955758094787598e-02 3.263473045080900192e-03 9.412843734025955200e-03 1.603035815060138702e-02 6.668300367891788483e-03
4.064594395458698273e-03 8.167742751538753510e-03 2.067612111568450928e-02 8.368661999702453613e-01 5.968932062387466431e-02 2.573569072410464287e-03 1.310520060360431671e-02 2.494828775525093079e-02 2.785028889775276184e-02 7.190862670540809631e-03 2.244110591709613800e-02 2.408630214631557465e-02 6.567717995494604111e-03 2.048239298164844513e-02 1.055582519620656967e-02 1.596379466354846954e-02 6.183311343193054199e-03 3.926249220967292786e-02 1.986933872103691101e-02 9.145256131887435913e-03 8.961367420852184296e-04 2.718690037727355957e-02 1.586215756833553314e-02 1.594232767820358276e-02 8.882713882485404611e-05 8.931920863687992096e-03 1.777541078627109528e-02 3.435713052749633789e-02 2.104125171899795532e-02 2.559007145464420319e-02 1.193633303046226501e-02 2.165249176323413849e-02 6.353583652526140213e-03 2.290047518908977509e-02 8.404586114920675755e-04 1.926278509199619293e-02 2.376191690564155579e-02 2.040608972311019897e-02 4.653343185782432556e-02 4.120377451181411743e-02 9.112045168876647949e-03 2.669658139348030090e-02 9.003950282931327820e-03 2.858509495854377747e-02 3.632343187928199768e-02 1.379521377384662628e-02 1.475788746029138565e-02 1.577577553689479828e-02 1.291078515350818634e-02 3.223688807338476181e-03 1.077813934534788132e-02 2.047447301447391510e-02 1.504712644964456558e-02 1.147558330558240414e-03 2.447842247784137726e-02 3.429823322221636772e-03 2.668180316686630249e-02 1.358114369213581085e-02 2.262304723262786865e-02 4.801767878234386444e-03 2.150318771600723267e-02 2.700847946107387543e-02 3.160680830478668213e-02 1.685471087694168091e-02 1.429135724902153015e-02 4.364366643130779266e-03 7.940679788589477539e-04 2.418525982648134232e-03 2.045352011919021606e-02 2.211745083332061768e-02 1.150282844901084900e-02 1.209080033004283905e-02 4.492158815264701843e-02 1.304543856531381607e-02 3.397579118609428406e-02 1.305565703660249710e-02 2.970106340944766998e-02 7.443413604050874710e-03 2.621453069150447845e-02 2.741192467510700226e-03 2.960043586790561676e-02 9.158443659543991089e-03 4.244946688413619995e-02 3.503558039665222168e-02 1.483621448278427124e-02 4.038996994495391846e-03 1.862056553363800049e-02 1.217844523489475250e-02 1.904676668345928192e-02 7.498312741518020630e-03 2.264651656150817871e-02 3.186932206153869629e-02 2.140411920845508575e-02 9.488340467214584351e-03 1.587948948144912720e-02 5.932895466685295105e-03 1.527965767309069633e-03 1.714592915959656239e-03 1.201550476253032684e-02 3.491735784336924553e-03 2.480971813201904297e-02 3.090107254683971405e-02 1.148567534983158112e-02 2.835745550692081451e-02 3.398641198873519897e-02 1.958324573934078217e-02 3.380074352025985718e-02 4.073471948504447937e-02 2.340676449239253998e-02 1.609801501035690308e-02 2.094531431794166565e-02 1.356421737000346184e-03 2.692773565649986267e-02 4.064791835844516754e-03 1.217361073940992355e-02 1.257268898189067841e-02
2.273775171488523483e-03 1.516745332628488541e-02 2.048342488706111908e-02 5.968932062387466431e-02 8.368661999702453613e-01 9.968052618205547333e-04 2.008170261979103088e-02 2.055563777685165405e-02 2.705588191747665405e-02 1.181102357804775238e-02 1.546234078705310822e-02 1.801183819770812988e-02 1.424762699753046036e-02 2.139026299118995667e-02 9.930760599672794342e-03 1.929971016943454742e-02 9.579558856785297394e-03 3.459078073501586914e-02 2.164568379521369934e-02 1.203113235533237457e-02 5.516832228749990463e-03 2.622613497078418732e-02 1.558868866413831711e-02 1.927588507533073425e-02 1.658721361309289932e-03 6.423643790185451508e-03 2.159429900348186493e-02 2.845032326877117157e-02 2.032379433512687683e-02 2.372299693524837494e-02 1.911304518580436707e-02 1.839397847652435303e-02 6.823148112744092941e-03 2.247992344200611115e-02 8.194569090846925974e-05 1.972877047955989838e-02 2.055719308555126190e-02 9.987786412239074707e-03 4.780589044094085693e-02 4.637091979384422302e-02 4.230414517223834991e-03 3.049792535603046417e-02 1.804274134337902069e-02 3.116828016936779022e-02 2.960085868835449219e-02 1.154791470617055893e-02 1.996218040585517883e-02 2.143410407006740570e-02 9.417704306542873383e-03 5.758914165198802948e-03 6.249836180359125137e-03 1.313968561589717865e-02 1.593584381043910980e-02 1.706085051409900188e-03 2.165989205241203308e-02 2.577924169600009918e-04 2.080140262842178345e-02 7.147349417209625244e-03 2.172106131911277771e-02 5.472247139550745487e-04 1.937544904649257660e-02 2.631303481757640839e-02 3.297378867864608765e-02 2.008735574781894684e-02 1.676014252007007599e-02 1.264546625316143036e-02 3.427992574870586395e-03 3.888719016686081886e-03 2.381496131420135498e-02 1.910941675305366516e-02 1.469212025403976440e-02 1.088878791779279709e-02 4.519481956958770752e-02 1.356154400855302811e-02 3.681621327996253967e-02 8.704410865902900696e-03 2.756319753825664520e-02 9.143903851509094238e-03 2.192235924303531647e-02 7.310998160392045975e-03 3.325078263878822327e-02 1.495788339525461197e-02 4.125580191612243652e-02 3.380353376269340515e-02 1.960283517837524414e-02 1.797011122107505798e-03 2.028340846300125122e-02 1.598579250276088715e-02 1.352470181882381439e-02 6.653153803199529648e-03 2.890117280185222626e-02 3.088947571814060211e-02 2.608746476471424103e-02 1.554146129637956619e-02 2.111701853573322296e-02 2.128797350451350212e-03 6.411191541701555252e-03 5.857620271854102612e-04 1.578045263886451721e-02 8.566404692828655243e-03 1.741760037839412689e-02 2.301279455423355103e-02 9.220396168529987335e-03 2.670367807149887085e-02 2.734041213989257812e-02 1.884266734123229980e-02 3.253244236111640930e-02 3.539434447884559631e-02 1.958093233406543732e-02 1.550413109362125397e-02 2.366796694695949554e-02 7.486394606530666351e-04 3.152580559253692627e-02 9.127672761678695679e-03 1.739986985921859741e-02 1.595466770231723785e-02
3.798956796526908875e-02 3.927044570446014404e-02 1.136775501072406769e-02 2.573569072410464287e-03 9.968052618205547333e-04 8.368661999702453613e-01 5.906254053115844727e-02 6.156268063932657242e-03 1.325832679867744446e-02 2.181825786828994751e-02 3.090965561568737030e-02 3.227345645427703857e-03 2.003516629338264465e-02 1.055395463481545448e-03 1.159341353923082352e-02 1.718824170529842377e-02 2.919930592179298401e-02 5.515545140951871872e-03 3.286213800311088562e-02 3.382842987775802612e-02 1.405861135572195053e-02 1.084054075181484222e-02 2.391537837684154510e-02 2.373297512531280518e-02 1.619505137205123901e-02 1.094484888017177582e-02 1.283218339085578918e-02 1.158416923135519028e-02 2.533850818872451782e-02 1.286255288869142532e-02 1.300953887403011322e-02 2.292563021183013916e-02 9.770537726581096649e-03 1.578332856297492981e-02 1.452751457691192627e-03 5.442575085908174515e-03 6.159677170217037201e-03 9.817545302212238312e-03 9.555522352457046509e-03 4.887817893177270889e-03 2.910892479121685028e-03 2.065853914245963097e-03 1.003525312989950180e-02 4.372214898467063904e-03 2.999141346663236618e-03 8.423632010817527771e-03 5.622391402721405029e-02 4.249894246459007263e-02 4.085415857844054699e-04 1.051218714565038681e-02 9.130685590207576752e-03 1.701250486075878143e-02 1.560499705374240875e-02 2.612676238641142845e-03 4.514864180237054825e-03 6.210575345903635025e-03 2.423025481402873993e-02 2.636747062206268311e-02 3.950889222323894501e-03 1.940066739916801453e-02 1.538210082799196243e-02 9.328820742666721344e-04 5.812631454318761826e-03 1.910144835710525513e-02 1.094249892048537731e-03 1.522702537477016449e-02 1.038154587149620056e-02 1.420476194471120834e-02 8.777754381299018860e-03 3.458584845066070557e-02 1.651946268975734711e-02 4.359219223260879517e-02 2.223169198259711266e-03 4.175544530153274536e-02 8.335324004292488098e-03 4.367212206125259399e-02 1.049933116883039474e-02 2.145258709788322449e-02 5.291180685162544250e-03 3.525829687714576721e-02 2.884309971705079079e-03 1.598094357177615166e-03 1.505751744844019413e-03 2.674409560859203339e-02 1.091576740145683289e-02 2.569648064672946930e-02 7.528435904532670975e-03 3.777369158342480659e-03 1.436532847583293915e-02 2.347377687692642212e-02 6.957626901566982269e-03 4.203822929412126541e-03 1.380065083503723145e-02 9.242605417966842651e-03 3.198686614632606506e-02 2.176728099584579468e-02 3.492575138807296753e-02 3.621957078576087952e-02 1.312905084341764450e-02 9.390495717525482178e-03 2.088162302970886230e-02 1.446346938610076904e-02 2.626918256282806396e-02 3.942737728357315063e-02 5.441510584205389023e-03 3.036847570911049843e-03 1.554724946618080139e-02 2.357370220124721527e-02 1.886924542486667633e-02 3.469827398657798767e-02 4.517300520092248917e-03 3.495076671242713928e-02 3.493390744552016258e-03 1.260702963918447495e-02 3.406669944524765015e-02 1.247073244303464890e-02
4.549214243888854980e-02 5.517182126641273499e-02 2.269216254353523254e-02 1.310520060360431671e-02 2.008170261979103088e-02 5.906254053115844727e-02 8.368661999702453613e-01 8.989169262349605560e-03 1.488835550844669342e-03 2.806893317028880119e-03 2.788025699555873871e-02 1.647731056436896324e-03 2.786336280405521393e-02 2.419466525316238403e-02 8.298320695757865906e-03 2.508498169481754303e-02 3.140275925397872925e-02 1.304223947227001190e-02 1.263106893748044968e-02 1.213421579450368881e-02 1.084525976330041885e-02 4.783784504979848862e-03 2.197854034602642059e-02 3.260625153779983521e-02 3.324135206639766693e-03 2.428984036669135094e-03 2.414157055318355560e-02 4.805118776857852936e-03 1.943422295153141022e-02 1.261412072926759720e-02 2.008976601064205170e-02 5.704117007553577423e-03 6.377158220857381821e-03 1.257068128325045109e-03 1.013603899627923965e-02 9.289975860156118870e-04 2.136662369593977928e-03 1.326798275113105774e-02 2.468031831085681915e-02 1.184642221778631210e-02 1.387825980782508850e-02 1.026787515729665756e-02 7.109638769179582596e-03 3.264969214797019958e-03 9.329298627562820911e-04 9.581114165484905243e-03 5.472701415419578552e-02 5.557437986135482788e-02 4.778674629051238298e-04 3.954064566642045975e-03 5.071273073554039001e-03 1.300937402993440628e-02 8.086290210485458374e-03 1.269773766398429871e-02 2.137376461178064346e-03 6.852399383205920458e-05 2.072557620704174042e-02 2.527505904436111450e-02 2.012938726693391800e-03 2.347924932837486267e-02 4.704066086560487747e-04 1.818294823169708252e-02 1.772735081613063812e-02 1.123987324535846710e-02 6.011725869029760361e-03 1.637862809002399445e-02 2.675129100680351257e-03 6.767770741134881973e-03 1.043070293962955475e-02 3.162883967161178589e-02 2.027831040322780609e-03 3.619284555315971375e-02 1.304267067462205887e-02 3.437177836894989014e-02 1.908439025282859802e-02 2.579759433865547180e-02 2.440725686028599739e-03 6.744479294866323471e-03 4.958258359692990780e-04 4.394769493956118822e-04 2.383743226528167725e-02 2.730727754533290863e-02 1.851618289947509766e-02 6.864581373520195484e-04 6.229359656572341919e-03 1.148031651973724365e-02 9.331057779490947723e-03 2.232920815004035830e-04 1.603292487561702728e-02 6.826072465628385544e-03 1.422144379466772079e-02 2.815702743828296661e-02 2.772524021565914154e-02 2.762229554355144501e-02 4.122300446033477783e-02 3.007289767265319824e-02 2.036987431347370148e-02 1.862313412129878998e-02 1.881032809615135193e-02 1.992783509194850922e-02 1.243364159017801285e-02 2.579989610239863396e-03 3.270271793007850647e-02 1.370684243738651276e-02 1.300157327204942703e-02 3.208482638001441956e-02 1.087804907001554966e-03 3.777475096285343170e-03 6.156697403639554977e-03 2.197534777224063873e-02 8.365240879356861115e-03 1.982179284095764160e-02 3.963547933381050825e-04 1.998562179505825043e-02 4.286451637744903564e-02 8.951479569077491760e-03
4.365886095911264420e-03 8.111904375255107880e-03 3.675427287817001343e-02 2.494828775525093079e-02 2.055563777685165405e-02 6.156268063932657242e-03 8.989169262349605560e-03 8.368661999702453613e-01 2.390120364725589752e-02 4.283165093511343002e-03 2.197871915996074677e-02 2.136291377246379852e-02 1.015881355851888657e-02 1.069014053791761398e-02 2.525763027369976044e-02 2.161789871752262115e-02 2.094278857111930847e-02 3.780231252312660217e-02 4.533636383712291718e-03 1.045802794396877289e-02 3.566974774003028870e-03 2.079690434038639069e-02 2.007273212075233459e-02 1.026941183954477310e-02 1.149676926434040070e-02 4.042957723140716553e-02 1.515758782625198364e-02 1.656201109290122986e-02 2.117517031729221344e-02 6.088882219046354294e-04 1.827686280012130737e-02 1.535754650831222534e-02 2.368723275139927864e-03 4.837840795516967773e-03 1.957284519448876381e-03 2.379968203604221344e-02 3.371121361851692200e-02 1.675845682621002197e-02 1.399806793779134750e-02 6.530111655592918396e-03 7.324246224015951157e-03 1.099070440977811813e-02 3.726613475009799004e-03 1.464325375854969025e-02 2.871697954833507538e-02 1.201211195439100266e-02 2.718427451327443123e-03 1.788677647709846497e-02 1.063822302967309952e-02 7.969014346599578857e-03 7.054219022393226624e-03 1.948477327823638916e-02 5.934206303209066391e-03 4.627167712897062302e-03 1.715954020619392395e-02 2.404044009745121002e-02 2.943274937570095062e-02 2.374939434230327606e-02 4.713478032499551773e-03 2.691297791898250580e-02 1.713784225285053253e-02 2.379565732553601265e-03 1.134081836789846420e-02 1.953933760523796082e-02 1.750467717647552490e-02 2.779483329504728317e-03 6.039777654223144054e-04 7.032108027487993240e-03 2.672117762267589569e-02 3.049065358936786652e-02 2.271802723407745361e-02 1.276615541428327560e-02 3.241754323244094849e-02 2.028059028089046478e-02 2.765996940433979034e-02 2.402295125648379326e-03 3.172658756375312805e-02 7.287110202014446259e-03 1.279139798134565353e-02 7.474750746041536331e-03 3.749762475490570068e-02 3.113033063709735870e-02 3.383779525756835938e-02 1.964223943650722504e-02 2.552344836294651031e-02 6.234294734895229340e-03 4.475575685501098633e-02 4.554534330964088440e-03 2.136576734483242035e-02 6.984679959714412689e-03 1.260266453027725220e-02 3.198803588747978210e-02 5.948586389422416687e-03 6.368197035044431686e-03 1.203340105712413788e-02 2.189683914184570312e-02 1.332156453281641006e-02 2.526167035102844238e-02 2.802135888487100601e-03 1.078260247595608234e-03 1.715364679694175720e-02 2.022585272789001465e-02 8.330983109772205353e-03 2.909463655669242144e-04 1.260580867528915405e-02 1.282457169145345688e-02 1.786210946738719940e-02 3.470994488452561200e-05 2.383746951818466187e-02 1.544913835823535919e-02 2.203596814069896936e-04 1.372574944980442524e-03 5.159344058483839035e-03 3.173221135511994362e-03 1.016920898109674454e-02 5.677025299519300461e-03
5.246091168373823166e-04 5.817710421979427338e-03 1.684198528528213501e-02 2.785028889775276184e-02 2.705588191747665405e-02 1.325832679867744446e-02 1.488835550844669342e-03 2.390120364725589752e-02 8.368661999702453613e-01 3.596383333206176758e-02 1.573763601481914520e-02 3.204179927706718445e-02 3.145096590742468834e-03 2.906352840363979340e-02 2.520857844501733780e-03 2.248691022396087646e-02 1.985271275043487549e-02 4.283418506383895874e-02 3.137101605534553528e-02 1.142561621963977814e-02 1.171461213380098343e-02 2.115203626453876495e-02 2.048906870186328888e-02 1.671637035906314850e-02 9.478636784479022026e-04 1.400578673928976059e-02 2.700864151120185852e-02 6.104944739490747452e-03 2.742257900536060333e-03 1.098437048494815826e-02 9.178628213703632355e-03 5.407888907939195633e-03 1.618625782430171967e-02 5.481780041009187698e-03 9.490964002907276154e-03 1.582682714797556400e-03 5.318895564414560795e-04 2.281385660171508789e-02 1.411229185760021210e-02 1.383209228515625000e-02 2.356277965009212494e-02 1.926037296652793884e-02 1.957625709474086761e-02 1.002468913793563843e-02 1.955458149313926697e-02 1.551043894141912460e-02 1.061065401881933212e-02 8.099024184048175812e-03 3.160780295729637146e-02 1.281567942351102829e-02 1.575168780982494354e-02 7.775394245982170105e-03 4.929644521325826645e-03 8.105921559035778046e-03 5.946473777294158936e-02 2.699837274849414825e-02 2.561720833182334900e-02 3.654680331237614155e-04 2.010189928114414215e-02 3.408849472180008888e-03 1.048194803297519684e-02 1.454599853605031967e-02 7.228596135973930359e-03 1.306528318673372269e-02 8.493851870298385620e-03 2.694375813007354736e-03 3.412386169657111168e-03 2.049204194918274879e-04 2.462952956557273865e-02 4.322949331253767014e-03 1.745244115591049194e-02 1.828443072736263275e-02 3.308961167931556702e-02 2.822553040459752083e-03 3.238228708505630493e-02 4.365438129752874374e-03 5.915087461471557617e-02 4.734044894576072693e-02 4.403399303555488586e-02 1.969943940639495850e-02 6.004105322062969208e-03 4.611280746757984161e-03 3.775833547115325928e-02 3.892804309725761414e-02 1.790357637219130993e-03 1.277801301330327988e-02 1.519529242068529129e-02 1.251272484660148621e-02 3.447668254375457764e-02 1.882951706647872925e-02 1.156250759959220886e-02 2.360994368791580200e-02 1.096517685800790787e-02 1.352383755147457123e-03 1.976810581982135773e-02 7.654822897166013718e-03 1.247985567897558212e-02 1.223109848797321320e-02 8.942892774939537048e-03 7.715686224400997162e-03 8.151270449161529541e-04 5.294914823025465012e-03 2.856961451470851898e-02 1.408817153424024582e-02 1.675195619463920593e-02 9.439291898161172867e-04 2.463622391223907471e-02 3.603746183216571808e-03 1.747097261250019073e-02 9.874915704131126404e-03 1.507977209985256195e-02 3.638275666162371635e-03 9.042622521519660950e-03 1.973159797489643097e-02 1.020964514464139938e-02 1.025804784148931503e-02
1.082220766693353653e-02 1.971540786325931549e-02 7.019167765974998474e-03 7.190862670540809631e-03 1.181102357804775238e-02 2.181825786828994751e-02 2.806893317028880119e-03 4.283165093511343002e-03 3.596383333206176758e-02 8.368661999702453613e-01 4.623121116310358047e-03 2.414011163637042046e-03 2.380469813942909241e-02 2.571662142872810364e-02 4.952319897711277008e-03 1.060259714722633362e-02 1.372823584824800491e-02 4.437246359884738922e-03 2.811789512634277344e-02 1.367086637765169144e-02 4.199157003313302994e-03 5.373990628868341446e-03 1.354555878788232803e-02 2.775748260319232941e-02 8.475982584059238434e-03 1.271602790802717209e-02 2.054976113140583038e-02 1.513907779008150101e-02 1.906042918562889099e-02 1.699538156390190125e-02 1.471414230763912201e-02 7.277235854417085648e-03 1.924667507410049438e-02 4.383035935461521149e-03 1.016056351363658905e-02 2.608484774827957153e-02 2.589686214923858643e-02 1.694175298325717449e-03 8.043675683438777924e-03 1.578930206596851349e-02 2.515350468456745148e-02 3.176907077431678772e-02 2.021313644945621490e-02 1.566936634480953217e-02 5.628851242363452911e-03 1.526054833084344864e-02 1.447788905352354050e-02 1.691517233848571777e-02 4.233159497380256653e-02 4.816595092415809631e-02 1.734350807964801788e-02 2.018394879996776581e-03 3.124133683741092682e-03 8.697461336851119995e-03 3.561010956764221191e-02 3.844316676259040833e-02 4.202599171549081802e-03 6.075084675103425980e-03 1.021522190421819687e-02 1.197588257491588593e-02 2.872863411903381348e-02 6.230333819985389709e-03 5.828755442053079605e-03 7.021659519523382187e-03 7.507092319428920746e-03 7.158064981922507286e-04 1.420648768544197083e-02 7.764448411762714386e-03 2.258775755763053894e-02 3.405992314219474792e-02 3.624914586544036865e-02 1.016398519277572632e-02 5.624016281217336655e-03 2.717077732086181641e-02 1.888175494968891144e-02 1.270407903939485550e-02 1.754060946404933929e-02 5.611061677336692810e-02 3.529347106814384460e-02 5.736953392624855042e-02 7.515202276408672333e-03 2.606835681945085526e-03 1.045098644681274891e-03 3.794437274336814880e-02 1.560541708022356033e-02 3.903314098715782166e-02 1.453544758260250092e-02 1.084239408373832703e-02 8.541258051991462708e-03 3.911362588405609131e-02 1.213231869041919708e-02 2.141357026994228363e-02 1.892797183245420456e-03 2.451972104609012604e-02 2.159772627055644989e-02 2.566916868090629578e-02 3.149193897843360901e-02 7.789561524987220764e-03 3.675581142306327820e-02 3.828250989317893982e-02 1.253256294876337051e-02 8.048445917665958405e-03 2.991156466305255890e-02 2.324712276458740234e-02 1.493005547672510147e-03 9.003974497318267822e-03 5.067176185548305511e-03 5.425245035439729691e-03 4.771013278514146805e-03 1.389181520789861679e-02 1.344152633100748062e-02 1.766385883092880249e-02 2.734748087823390961e-02 2.696551010012626648e-02 2.085307799279689789e-02 2.883784845471382141e-02
5.424261838197708130e-02 4.435044527053833008e-02 1.514563988894224167e-02 2.244110591709613800e-02 1.546234078705310822e-02 3.090965561568737030e-02 2.788025699555873871e-02 2.197871915996074677e-02 1.573763601481914520e-02 4.623121116310358047e-03 8.368661999702453613e-01 3.296766430139541626e-03 3.640789166092872620e-02 1.895648799836635590e-02 2.966620586812496185e-02 1.273284200578927994e-02 7.608772721141576767e-03 1.139937900006771088e-02 8.646998554468154907e-03 3.662387281656265259e-02 2.269545570015907288e-02 6.636613979935646057e-04 3.389756195247173309e-03 8.381461375392973423e-04 2.334779873490333557e-02 2.572205290198326111e-02 3.852825378999114037e-03 8.419502526521682739e-03 1.100427377969026566e-02 6.905171554535627365e-03 1.483611389994621277e-02 3.524529561400413513e-02 7.469827774912118912e-03 3.653798252344131470e-02 1.151329465210437775e-02 2.650241181254386902e-02 2.978566661477088928e-02 9.805023670196533203e-03 1.882870681583881378e-02 9.977373294532299042e-03 5.543591105379164219e-04 7.627760060131549835e-04 8.517792448401451111e-03 1.278141792863607407e-02 8.502713404595851898e-03 8.665648289024829865e-03 2.134948782622814178e-02 1.711172424256801605e-02 3.479905426502227783e-03 7.620605174452066422e-03 1.848911866545677185e-02 2.654840052127838135e-02 1.550468709319829941e-02 1.191473938524723053e-02 1.107745338231325150e-02 1.700157672166824341e-02 3.436522558331489563e-02 3.367700800299644470e-02 7.096660789102315903e-03 1.033046748489141464e-02 1.206536218523979187e-02 6.188583094626665115e-03 1.883319765329360962e-02 2.309677936136722565e-02 2.672193571925163269e-02 2.916837669909000397e-02 3.183366358280181885e-02 2.608154155313968658e-02 2.469671517610549927e-02 2.963580423966050148e-03 1.503514032810926437e-02 3.522858023643493652e-02 2.136609144508838654e-02 1.008307188749313354e-02 1.363016851246356964e-02 2.565011940896511078e-02 2.653613686561584473e-02 1.636046357452869415e-02 2.354432269930839539e-02 2.625803230330348015e-03 2.720883488655090332e-02 5.160434637218713760e-03 2.083615213632583618e-02 2.490092441439628601e-02 7.545639760792255402e-03 1.022870931774377823e-02 3.986505791544914246e-02 1.802129670977592468e-02 7.859454490244388580e-03 6.405042484402656555e-03 6.993966177105903625e-03 2.649789862334728241e-02 3.310952568426728249e-03 3.386510768905282021e-03 7.111505605280399323e-03 5.304964724928140640e-03 1.530572026968002319e-02 1.152694132179021835e-02 1.168804708868265152e-02 7.476571481674909592e-04 2.478397078812122345e-02 2.333531342446804047e-02 1.328140124678611755e-02 2.724583260715007782e-02 1.470028306357562542e-03 8.626694034319370985e-05 3.273841366171836853e-02 2.472963184118270874e-02 2.426683157682418823e-02 2.438777498900890350e-02 1.976691186428070068e-02 3.540361532941460609e-03 5.093323066830635071e-03 1.250555180013179779e-02 1.774885505437850952e-02 1.603070273995399475e-02
7.313548121601343155e-03 3.955887630581855774e-03 1.146510057151317596e-02 2.408630214631557465e-02 1.801183819770812988e-02 3.227345645427703857e-03 1.647731056436896324e-03 2.136291377246379852e-02 3.204179927706718445e-02 2.414011163637042046e-03 3.296766430139541626e-03 8.368661999702453613e-01 1.239350903779268265e-02 6.768775731325149536e-02 2.869170717895030975e-02 3.702451474964618683e-03 1.286415476351976395e-02 2.485821954905986786e-02 7.210026960819959641e-03 1.641422882676124573e-02 1.449249312281608582e-02 9.431385435163974762e-03 1.420775800943374634e-02 3.183676395565271378e-03 2.171229757368564606e-02 1.681274734437465668e-02 1.908992417156696320e-02 3.851794824004173279e-02 2.356251887977123260e-02 2.000289596617221832e-02 2.429875545203685760e-02 7.352008484303951263e-03 2.622523577883839607e-03 3.260253928601741791e-03 9.359742514789104462e-03 1.559668453410267830e-03 1.227216422557830811e-02 2.210951596498489380e-02 2.593804616481065750e-03 1.193821523338556290e-02 2.570134354755282402e-03 1.900947419926524162e-03 6.227186415344476700e-03 1.241191406734287739e-03 5.954314395785331726e-02 5.039656534790992737e-02 3.437755163758993149e-03 1.031671930104494095e-02 3.791279857978224754e-03 8.065932430326938629e-03 1.072845980525016785e-02 8.311232551932334900e-03 1.250622887164354324e-02 3.255385439842939377e-03 8.741850964725017548e-03 1.061551086604595184e-02 3.169950842857360840e-02 3.119307197630405426e-02 3.996423631906509399e-02 1.416940428316593170e-02 7.958291098475456238e-03 2.161055989563465118e-02 4.023500252515077591e-03 1.449549221433699131e-03 1.193879451602697372e-02 7.113222032785415649e-03 1.861812081187963486e-03 7.207880727946758270e-03 7.237852551043033600e-03 3.267726302146911621e-02 2.575939986854791641e-03 2.904238412156701088e-03 1.503051072359085083e-02 2.661704830825328827e-02 9.071140550076961517e-03 1.121169887483119965e-02 3.652437776327133179e-02 1.733598113059997559e-02 2.673410065472126007e-02 2.380422549322247505e-03 1.936901174485683441e-02 2.609874587506055832e-03 2.186701260507106781e-02 6.779542192816734314e-03 1.962349191308021545e-02 5.247329245321452618e-04 4.446647129952907562e-03 3.957631532102823257e-03 5.105707421898841858e-02 2.190956473350524902e-02 2.033814042806625366e-02 2.844353148248046637e-04 3.158551827073097229e-02 2.771079167723655701e-02 8.919261395931243896e-03 3.709205985069274902e-02 2.919257059693336487e-02 5.650211591273546219e-03 2.232526056468486786e-02 5.051477812230587006e-03 1.284234412014484406e-02 2.119855768978595734e-02 7.847604341804981232e-03 3.562282072380185127e-04 6.439722492359578609e-04 4.990422166883945465e-03 7.958951406180858612e-03 2.622133120894432068e-02 2.174538001418113708e-02 6.487230770289897919e-03 2.223196253180503845e-02 1.386009529232978821e-02 6.625308189541101456e-03 1.424654480069875717e-02 1.376962475478649139e-02 2.770205959677696228e-02
4.183728620409965515e-02 5.650176852941513062e-02 4.202084150165319443e-03 6.567717995494604111e-03 1.424762699753046036e-02 2.003516629338264465e-02 2.786336280405521393e-02 1.015881355851888657e-02 3.145096590742468834e-03 2.380469813942909241e-02 3.640789166092872620e-02 1.239350903779268265e-02 8.368661999702453613e-01 2.128394320607185364e-02 2.460333518683910370e-02 1.735071651637554169e-02 2.133432775735855103e-02 3.124173264950513840e-03 8.262922056019306183e-03 1.692114397883415222e-02 3.672156482934951782e-02 2.081832149997353554e-03 1.769336871802806854e-02 2.916599065065383911e-02 2.185887284576892853e-02 6.895500235259532928e-03 2.187130227684974670e-02 2.897894009947776794e-03 2.579616568982601166e-02 2.923538349568843842e-02 4.579885303974151611e-02 2.568378672003746033e-02 1.094363071024417877e-02 2.526200376451015472e-02 4.553305916488170624e-03 3.206814453005790710e-02 3.890472277998924255e-02 7.129373261705040932e-04 8.815638720989227295e-03 7.580367382615804672e-03 1.821594499051570892e-02 3.445351868867874146e-02 2.852609567344188690e-02 3.639069385826587677e-03 4.753313492983579636e-03 3.488577902317047119e-03 2.098091505467891693e-02 1.993289589881896973e-02 3.035329468548297882e-02 2.440993301570415497e-02 1.025654096156358719e-02 1.160763786174356937e-03 1.565397158265113831e-02 3.510874882340431213e-02 1.400880608707666397e-02 6.484285462647676468e-03 3.925528377294540405e-03 1.673916168510913849e-02 1.600647158920764923e-02 2.557247690856456757e-02 1.345648663118481636e-03 7.766040973365306854e-03 1.191456802189350128e-02 4.392692819237709045e-03 2.454189024865627289e-02 3.690099716186523438e-02 3.588641807436943054e-02 2.947509288787841797e-02 1.637506415136158466e-03 8.892067708075046539e-03 8.097136393189430237e-03 1.811349764466285706e-02 5.348997190594673157e-03 3.253196831792593002e-03 1.334866508841514587e-02 1.854552701115608215e-02 1.333239837549626827e-03 1.219374872744083405e-02 7.171090692281723022e-03 4.798285663127899170e-03 8.396153338253498077e-03 2.060623373836278915e-03 9.787139482796192169e-03 7.611919660121202469e-03 7.562032435089349747e-03 8.116059005260467529e-03 1.642333529889583588e-02 4.448083043098449707e-02 7.450947538018226624e-03 2.179190889000892639e-02 2.253339439630508423e-02 2.426544670015573502e-03 1.560644805431365967e-02 2.206039987504482269e-02 2.660476788878440857e-02 2.854623459279537201e-02 5.414923187345266342e-03 1.595399342477321625e-02 2.894994616508483887e-02 1.986317895352840424e-02 3.111470304429531097e-02 2.891234494745731354e-02 1.592778414487838745e-02 1.281566568650305271e-03 5.214437842369079590e-03 1.489061955362558365e-02 1.838329248130321503e-02 7.363552576862275600e-04 2.273745276033878326e-02 9.049250744283199310e-03 3.722733817994594574e-04 5.289611406624317169e-03 3.118017688393592834e-02 2.597655728459358215e-02 6.760209333151578903e-03 1.557626202702522278e-02
