8.134573698043823242e-01 3.356816619634628296e-02 1.797478459775447845e-02 2.880399115383625031e-02 3.373985737562179565e-02 4.604406282305717468e-02 3.115532174706459045e-02 3.676501801237463951e-03 3.543160110712051392e-02 2.577538602054119110e-02 3.654195368289947510e-02 9.105352684855461121e-03 3.035025112330913544e-02 9.496226906776428223e-03 2.316084504127502441e-02 5.264877341687679291e-03 1.807080768048763275e-02 1.074812095612287521e-02 2.033700980246067047e-02 8.214965462684631348e-03 1.437749713659286499e-02 4.461194388568401337e-03 1.957480981945991516e-02 1.782234199345111847e-02 4.147890431340783834e-04 7.154850754886865616e-03 2.372406795620918274e-02 3.906411118805408478e-03 2.161594107747077942e-02 1.573352143168449402e-02 1.410662941634654999e-02 1.212920434772968292e-02 2.364175952970981598e-02 3.474060678854584694e-03 2.077853679656982422e-02 1.486211083829402924e-02 7.360591553151607513e-03 1.704649999737739563e-02 3.069174010306596756e-03 8.973353542387485504e-03 3.812013566493988037e-02 1.100975833833217621e-02 7.374190259724855423e-03 1.360514294356107712e-02 8.139636367559432983e-03 2.065450698137283325e-02 9.849927155300974846e-04 2.171174995601177216e-02 2.095922455191612244e-02 1.657508313655853271e-03 6.351827178150415421e-03 1.398805994540452957e-02 1.804665848612785339e-02 7.438535103574395180e-04 4.897709004580974579e-03 1.521193049848079681e-02 2.545670419931411743e-02 2.974876202642917633e-02 8.546069264411926270e-03 8.687543682754039764e-03 1.335414685308933258e-02 9.080157615244388580e-03 4.368361551314592361e-03 2.834667451679706573e-02 2.670269925147294998e-03 1.534767169505357742e-02 3.914742264896631241e-04 7.750936783850193024e-03 1.171562355011701584e-02 2.713670721277594566e-03 2.480308897793292999e-02 2.906121313571929932e-02 1.384981907904148102e-02 1.765447854995727539e-02 9.054563008248806000e-03 1.257706806063652039e-02 1.198165700770914555e-03 1.059346739202737808e-02 1.680052094161510468e-02 3.939671814441680908e-02 4.965966101735830307e-03 6.463764235377311707e-03 5.482505657710134983e-04 4.928471054881811142e-03 1.476863306015729904e-02 9.568862617015838623e-03 3.062210453208535910e-04 1.078124064952135086e-02 1.866002380847930908e-02 3.723343368619680405e-03 1.151027251034975052e-02 2.237750403583049774e-02 3.818238619714975357e-03 3.577282279729843140e-02 1.426061894744634628e-02 1.105091255158185959e-02 2.998681738972663879e-02 3.514944808557629585e-03 1.565761305391788483e-02 1.708051562309265137e-02 1.503547839820384979e-02 6.616531405597925186e-03 2.081533893942832947e-02 1.895201578736305237e-02 4.576255101710557938e-03 1.754005067050457001e-02 2.226966619491577148e-02 1.484917104244232178e-02 7.758461870253086090e-03 9.033189155161380768e-03 6.625276058912277222e-03 3.031390160322189331e-02 1.143642887473106384e-02 8.427697233855724335e-03 4.297297447919845581e-02 1.557489577680826187e-02
3.356816619634628296e-02 8.134573698043823242e-01 4.041839390993118286e-02 1.781026273965835571e-02 2.073112875223159790e-03 5.637516081333160400e-02 4.623443633317947388e-02 2.620179206132888794e-02 5.150777753442525864e-03 2.890938892960548401e-03 7.836997509002685547e-03 1.816606731154024601e-03 6.407891213893890381e-02 5.193252582103013992e-03 3.064706362783908844e-02 2.143262699246406555e-02 1.440991275012493134e-02 5.686413031071424484e-03 1.882522366940975189e-02 3.542533610016107559e-03 1.046167500317096710e-02 3.457333147525787354e-02 1.120943296700716019e-02 1.248144544661045074e-02 4.783431068062782288e-03 5.696096923202276230e-03 3.814951702952384949e-02 9.504908695816993713e-03 4.076331108808517456e-02 1.931702531874179840e-02 4.620477091521024704e-03 1.181999407708644867e-02 9.975945577025413513e-03 2.090646326541900635e-02 7.572877802886068821e-04 5.084811244159936905e-03 2.630727551877498627e-02 2.407713420689105988e-02 2.549299038946628571e-02 7.129265926778316498e-03 1.158612594008445740e-02 6.115874741226434708e-03 1.606158330105245113e-03 6.667009554803371429e-03 1.304631959646940231e-02 1.128330454230308533e-02 7.921924814581871033e-03 1.232436741702258587e-03 2.666894579306244850e-03 9.928891435265541077e-03 8.668659254908561707e-03 2.114377170801162720e-02 5.229547619819641113e-03 1.585368812084197998e-02 2.544420072808861732e-03 9.029847569763660431e-03 1.551455166190862656e-02 3.765832632780075073e-03 5.345115903764963150e-03 5.974796600639820099e-03 6.830110214650630951e-03 1.831849478185176849e-02 1.153473649173974991e-02 7.724119815975427628e-03 3.786253556609153748e-02 1.947643980383872986e-02 2.442904049530625343e-03 9.146854281425476074e-03 1.525278575718402863e-02 1.753991283476352692e-02 3.458083665464073420e-04 5.904774647206068039e-03 1.905587315559387207e-02 1.995178684592247009e-02 9.117521345615386963e-03 2.057635039091110229e-02 9.241805411875247955e-03 7.972244173288345337e-03 5.744044203311204910e-03 3.082109242677688599e-02 2.178879454731941223e-02 3.413196420297026634e-03 3.177149221301078796e-03 3.051380440592765808e-02 8.011060766875743866e-03 1.680727116763591766e-02 1.113383448682725430e-03 1.396494172513484955e-02 6.055832840502262115e-03 2.982207760214805603e-02 3.463494777679443359e-02 2.021423727273941040e-02 1.153744291514158249e-03 2.592487633228302002e-02 2.174147404730319977e-02 2.576391398906707764e-02 1.944936066865921021e-02 3.257899731397628784e-02 5.313230678439140320e-03 4.370851907879114151e-03 2.394681796431541443e-03 1.309581566601991653e-03 3.928681835532188416e-02 2.305198833346366882e-02 2.135930769145488739e-02 3.771965159103274345e-03 1.646605879068374634e-02 7.313646376132965088e-03 6.643594242632389069e-03 1.833869889378547668e-02 1.621285267174243927e-02 7.588470820337533951e-03 8.847856224747374654e-05 1.860627345740795135e-02 1.655351743102073669e-02 1.396857434883713722e-03
1.797478459775447845e-02 4.041839390993118286e-02 8.134573698043823242e-01 7.132151164114475250e-03 1.416777633130550385e-02 1.386561803519725800e-02 1.366671361029148102e-02 4.967304319143295288e-02 3.125503892078995705e-03 7.021181751042604446e-03 5.206617061048746109e-03 1.301096845418214798e-02 5.940198898315429688e-03 1.351851411163806915e-02 1.000490412116050720e-02 9.441581554710865021e-03 1.178321335464715958e-02 2.073273528367280960e-03 6.250685080885887146e-03 2.098350040614604950e-02 9.927137754857540131e-03 5.435036495327949524e-03 6.930938456207513809e-03 8.426166139543056488e-03 8.577350527048110962e-03 1.338909100741147995e-02 6.441088858991861343e-03 1.024874672293663025e-02 1.585533842444419861e-02 6.455782335251569748e-03 1.612174673937261105e-03 1.992066763341426849e-02 6.713740527629852295e-03 1.813985593616962433e-02 3.428420051932334900e-02 4.098427016288042068e-03 2.465842058882117271e-03 2.887562662363052368e-02 2.045751363039016724e-02 1.484239101409912109e-02 1.498144399374723434e-02 1.671963254921138287e-03 8.491874672472476959e-03 2.340323291718959808e-03 1.335461623966693878e-02 1.349515095353126526e-02 1.982242241501808167e-02 3.569999337196350098e-02 2.240948379039764404e-02 1.793937012553215027e-02 1.032727421261370182e-03 4.882431589066982269e-03 8.300291374325752258e-03 5.769256036728620529e-03 2.198357507586479187e-02 3.773991018533706665e-02 1.414378825575113297e-02 5.178773310035467148e-03 2.739132568240165710e-02 1.865164004266262054e-02 6.548174656927585602e-03 2.844606526196002960e-02 1.051700580865144730e-02 5.618198309093713760e-03 3.306705970317125320e-03 5.717230960726737976e-03 8.415156044065952301e-03 1.129917055368423462e-02 1.272220257669687271e-02 2.445830032229423523e-02 5.110439960844814777e-04 2.783394232392311096e-02 2.242070063948631287e-02 3.822160186246037483e-03 3.183490596711635590e-03 3.146592900156974792e-02 8.746747858822345734e-03 1.402940414845943451e-02 1.945610344409942627e-02 4.774792585521936417e-03 2.903836965560913086e-02 4.806001111865043640e-02 6.689991801977157593e-03 1.019343268126249313e-02 2.463461458683013916e-02 1.325745135545730591e-02 1.391035784035921097e-02 3.996717557311058044e-02 1.384004857391119003e-02 3.869102802127599716e-03 4.161699675023555756e-03 1.333647407591342926e-02 3.671158105134963989e-02 7.075452245771884918e-03 1.520928490208461881e-04 7.178756874054670334e-03 1.427058363333344460e-03 2.056593820452690125e-02 6.591211073100566864e-03 1.136311236768960953e-02 1.283910498023033142e-02 9.659447707235813141e-03 6.924975314177572727e-04 1.130346581339836121e-02 2.780261076986789703e-02 2.365586580708622932e-03 1.150131784379482269e-02 1.477657351642847061e-04 9.870512410998344421e-03 3.221185132861137390e-02 7.769777905195951462e-03 8.628879673779010773e-03 1.376760378479957581e-02 1.812463975511491299e-03 7.257877383381128311e-03 4.303436726331710815e-03
2.880399115383625031e-02 1.781026273965835571e-02 7.132151164114475250e-03 8.134573698043823242e-01 5.094606801867485046e-02 1.616620831191539764e-02 8.484958088956773281e-04 6.447518710047006607e-03 1.945698866620659828e-03 5.819368176162242889e-03 2.871206961572170258e-02 1.360669918358325958e-02 2.513865567743778229e-02 1.396166160702705383e-02 2.303255954757332802e-03 2.599169733002781868e-03 2.944471547380089760e-03 1.522446703165769577e-02 2.732429653406143188e-02 2.649531932547688484e-03 1.765630766749382019e-02 3.298974130302667618e-03 1.768396608531475067e-02 1.318253576755523682e-02 4.674406722187995911e-03 2.772293752059340477e-03 9.416613727807998657e-03 1.940351561643183231e-03 1.050633727572858334e-05 1.582446880638599396e-02 1.995847374200820923e-02 1.712242141366004944e-02 2.886599488556385040e-02 6.068485789000988007e-03 6.510658655315637589e-03 2.151343785226345062e-02 2.014392241835594177e-02 1.047881413251161575e-02 3.227454423904418945e-02 1.496574748307466507e-02 2.273628115653991699e-02 1.300901733338832855e-02 6.906320340931415558e-03 2.748237922787666321e-02 1.539885904639959335e-02 3.950377553701400757e-02 2.750352723523974419e-03 2.132520079612731934e-02 2.138622850179672241e-02 2.569493465125560760e-02 5.388154182583093643e-03 3.977410867810249329e-02 2.250959631055593491e-03 6.403708248399198055e-04 4.974039271473884583e-03 3.422019630670547485e-02 4.064590204507112503e-03 1.287054456770420074e-02 2.096487022936344147e-02 5.104721523821353912e-03 6.970919668674468994e-03 3.514934703707695007e-02 1.779700256884098053e-02 1.074446924030780792e-02 4.879156127572059631e-03 2.241757931187748909e-03 1.516310870647430420e-02 4.802565090358257294e-03 1.061141584068536758e-02 2.958992496132850647e-02 1.936041004955768585e-02 4.636260680854320526e-03 4.248520359396934509e-02 2.565544471144676208e-02 1.940432190895080566e-02 1.126323733478784561e-02 1.054509915411472321e-02 1.959011517465114594e-02 3.106974298134446144e-03 1.593828573822975159e-02 1.943455263972282410e-02 2.181248180568218231e-02 1.464538741856813431e-02 1.680381130427122116e-03 9.056702256202697754e-03 3.647642582654953003e-02 1.451801974326372147e-02 1.010190416127443314e-02 3.435006365180015564e-03 1.727029215544462204e-03 5.822508595883846283e-03 4.389346111565828323e-03 1.480959448963403702e-02 9.905357146635651588e-04 6.771801505237817764e-03 9.994501248002052307e-03 2.816233038902282715e-02 9.511092677712440491e-03 1.686158776283264160e-02 1.298718806356191635e-02 9.359088726341724396e-03 2.059067972004413605e-02 2.931867167353630066e-02 2.382674254477024078e-02 2.360961399972438812e-02 1.617947593331336975e-02 1.716332137584686279e-02 8.072032593190670013e-03 8.378523401916027069e-03 4.939726088196039200e-03 3.737050294876098633e-02 4.992898926138877869e-02 1.859250478446483612e-02 4.456851631402969360e-03 1.912188529968261719e-02 3.591313213109970093e-02
3.373985737562179565e-02 2.073112875223159790e-03 1.416777633130550385e-02 5.094606801867485046e-02 8.134573698043823242e-01 1.946182572282850742e-03 2.387128584086894989e-02 1.902195275761187077e-03 1.141050364822149277e-02 1.386743038892745972e-02 1.495149917900562286e-02 2.672628266736865044e-03 4.782693576999008656e-04 3.202674270141869783e-04 6.292537727858871222e-05 6.649660412222146988e-03 1.637975918129086494e-03 5.060220602899789810e-03 1.303201820701360703e-02 2.852560719475150108e-03 1.634761691093444824e-02 9.811700321733951569e-03 4.213165491819381714e-03 8.671083487570285797e-04 1.619282178580760956e-02 3.964703064411878586e-03 3.559705801308155060e-03 1.092399936169385910e-02 1.213959045708179474e-02 2.628609165549278259e-02 2.494704909622669220e-02 1.396547071635723114e-02 2.748044021427631378e-02 2.607496455311775208e-03 1.323796808719635010e-02 2.974676666781306267e-03 1.415360253304243088e-02 8.716515265405178070e-03 4.688961803913116455e-02 4.436657205224037170e-02 1.728225685656070709e-02 2.256560511887073517e-02 3.528935089707374573e-02 8.481674827635288239e-03 2.221056446433067322e-02 7.544813677668571472e-03 9.212200529873371124e-03 5.827469285577535629e-03 2.515608631074428558e-02 1.615098491311073303e-02 7.595120929181575775e-03 1.672507822513580322e-02 2.426555193960666656e-02 2.450994402170181274e-02 3.886480350047349930e-03 2.026276662945747375e-02 8.945172652602195740e-03 2.800718881189823151e-02 2.120100893080234528e-03 8.793859742581844330e-03 2.490203594788908958e-03 7.878071628510951996e-03 2.529094740748405457e-02 1.984790712594985962e-02 7.041009608656167984e-03 2.891310723498463631e-03 1.190417725592851639e-02 1.630455255508422852e-02 1.129862759262323380e-02 9.049320593476295471e-03 3.847161307930946350e-02 1.665801182389259338e-02 5.268781259655952454e-02 1.345165539532899857e-02 3.869791701436042786e-02 7.772677112370729446e-03 1.798897981643676758e-02 6.431480869650840759e-03 5.247474764473736286e-04 2.641338668763637543e-02 2.494668588042259216e-02 2.533027157187461853e-02 1.875325851142406464e-02 3.525333479046821594e-02 5.457337945699691772e-03 1.590158231556415558e-02 1.669586636126041412e-02 1.063918415457010269e-02 7.973656058311462402e-03 1.695739105343818665e-02 4.963496699929237366e-03 2.777345944195985794e-03 2.231655409559607506e-03 1.116254087537527084e-02 7.238836959004402161e-03 1.883435994386672974e-03 1.101188641041517258e-02 5.209002643823623657e-03 2.952067553997039795e-02 2.749536000192165375e-02 5.943717042100615799e-05 8.966650930233299732e-04 2.352576330304145813e-02 3.403510199859738350e-03 1.585323922336101532e-02 2.329560182988643646e-02 1.884442009031772614e-02 1.986010372638702393e-02 4.902134183794260025e-03 1.309030689299106598e-02 3.231774270534515381e-02 3.225244581699371338e-02 2.829021215438842773e-02 6.589524913579225540e-03 1.354930363595485687e-02 7.299616932868957520e-03
4.604406282305717468e-02 5.637516081333160400e-02 1.386561803519725800e-02 1.616620831191539764e-02 1.946182572282850742e-03 8.134573698043823242e-01 5.641085654497146606e-02 6.919752806425094604e-03 3.435659455135464668e-03 5.421014502644538879e-03 9.926447644829750061e-03 1.197428442537784576e-02 2.260202541947364807e-02 1.579960621893405914e-02 2.149371663108468056e-03 2.073139511048793793e-02 2.670999802649021149e-02 1.846332848072052002e-02 2.290030708536505699e-03 8.987709879875183105e-03 1.949998922646045685e-02 3.188522160053253174e-02 2.011695504188537598e-02 3.133783861994743347e-02 1.970579661428928375e-02 1.432053279131650925e-02 4.399880021810531616e-02 2.231942676007747650e-02 2.580595016479492188e-02 1.597785204648971558e-02 9.304428385803475976e-05 1.587848062627017498e-03 9.260006248950958252e-03 2.811796264722943306e-03 1.213743072003126144e-02 2.381987869739532471e-03 1.364864176139235497e-03 3.041278384625911713e-02 9.846303611993789673e-03 1.616645045578479767e-02 2.834460884332656860e-02 7.104182615876197815e-03 4.773474298417568207e-03 6.283774506300687790e-03 2.607228001579642296e-03 1.297500100918114185e-03 1.762130670249462128e-02 8.989671245217323303e-03 2.447711303830146790e-02 1.042868942022323608e-02 1.693302579224109650e-02 7.233355659991502762e-03 1.211082469671964645e-02 2.482231892645359039e-02 1.586318947374820709e-02 2.574850618839263916e-02 1.568086259067058563e-02 5.636524409055709839e-03 7.476630154997110367e-03 6.274655926972627640e-03 5.660191178321838379e-03 6.159489043056964874e-03 9.464330971240997314e-03 9.865899337455630302e-04 1.484225224703550339e-02 1.208514161407947540e-02 5.426874384284019470e-03 1.197063457220792770e-02 2.802032046020030975e-02 7.082973141223192215e-03 2.411609888076782227e-02 1.933440798893570900e-04 9.520036837784573436e-05 3.520373627543449402e-02 8.405168540775775909e-03 1.985946437343955040e-03 1.484242547303438187e-02 1.832815818488597870e-02 2.299932995811104774e-03 1.316981203854084015e-02 8.082150481641292572e-03 6.930915173143148422e-03 2.453944087028503418e-02 2.080002613365650177e-02 8.172158151865005493e-03 4.196214303374290466e-02 4.561636596918106079e-03 2.725440543144941330e-03 6.475619506090879440e-03 7.180138491094112396e-03 1.688765175640583038e-02 8.044452406466007233e-03 5.251085851341485977e-03 3.498297184705734253e-02 1.781839877367019653e-02 4.714864306151866913e-03 2.343505248427391052e-02 3.224763320758938789e-03 6.670721806585788727e-03 2.820688067004084587e-03 8.212281391024589539e-03 6.307810544967651367e-03 3.673915192484855652e-02 4.928179085254669189e-03 1.388469897210597992e-02 2.133289352059364319e-02 3.571569919586181641e-03 1.154700573533773422e-02 2.564887143671512604e-02 1.612281054258346558e-02 2.639902941882610321e-02 1.779049518518149853e-03 2.803148934617638588e-03 1.815678668208420277e-03 4.956068843603134155e-02 1.186267286539077759e-02
3.115532174706459045e-02 4.623443633317947388e-02 1.366671361029148102e-02 8.484958088956773281e-04 2.387128584086894989e-02 5.641085654497146606e-02 8.134573698043823242e-01 2.081453613936901093e-02 1.932024396955966949e-02 2.486536977812647820e-03 8.371571078896522522e-03 1.282860431820154190e-02 1.817085221409797668e-02 6.106763146817684174e-03 1.430334150791168213e-02 1.242524292320013046e-02 2.319500222802162170e-02 3.325268253684043884e-02 1.622506789863109589e-02 8.675239980220794678e-03 1.080350205302238464e-02 3.673681989312171936e-02 2.734968811273574829e-02 3.613667935132980347e-02 5.077159963548183441e-03 1.633377000689506531e-02 1.734835468232631683e-02 2.328078821301460266e-02 3.069147467613220215e-02 5.175656173378229141e-03 3.360582632012665272e-04 7.817217148840427399e-03 2.303211577236652374e-02 6.047356873750686646e-03 1.919987238943576813e-02 1.177761983126401901e-02 8.064642548561096191e-03 1.110034296289086342e-03 8.789154700934886932e-03 5.765871610492467880e-03 2.589156618341803551e-03 7.152994628995656967e-03 1.984270103275775909e-02 1.466370746493339539e-02 6.657063961029052734e-03 1.344756502658128738e-02 3.418345702812075615e-03 3.734259679913520813e-02 8.852566825225949287e-04 8.300287649035453796e-03 1.597179658710956573e-02 8.011652156710624695e-03 2.859508851543068886e-03 8.065687492489814758e-03 2.536702901124954224e-03 1.074012741446495056e-02 4.116205032914876938e-03 3.729857876896858215e-02 6.676215212792158127e-03 6.735369563102722168e-03 3.200656035915017128e-03 8.252205327153205872e-03 1.470354665070772171e-02 2.175934240221977234e-02 1.199435628950595856e-02 5.246488377451896667e-03 8.166194893419742584e-03 9.719141758978366852e-03 3.702585585415363312e-03 1.224928162992000580e-02 2.457888796925544739e-02 4.312667623162269592e-02 9.892771486192941666e-04 3.347948566079139709e-02 2.664054557681083679e-02 3.281879052519798279e-02 1.080386620014905930e-02 1.168592832982540131e-02 2.545286528766155243e-02 3.961012139916419983e-02 6.737739313393831253e-03 9.890694171190261841e-03 1.199745479971170425e-02 8.444521576166152954e-03 1.064658351242542267e-02 1.571215316653251648e-02 1.221286039799451828e-02 6.183474790304899216e-03 1.006572134792804718e-02 6.801681593060493469e-04 2.053397707641124725e-02 3.153790161013603210e-02 6.008224096149206161e-03 2.667801640927791595e-02 9.984142147004604340e-03 2.091644331812858582e-03 8.443444967269897461e-03 2.182837761938571930e-02 1.741023175418376923e-02 2.578652091324329376e-02 1.227265223860740662e-02 7.219466380774974823e-03 7.766111753880977631e-03 2.920387126505374908e-02 2.883665077388286591e-02 1.201016735285520554e-02 1.157971937209367752e-02 2.678875625133514404e-02 1.233402872458100319e-03 2.270281501114368439e-02 2.280121296644210815e-02 1.307806652039289474e-02 2.395305596292018890e-02 1.142247579991817474e-03 1.734775677323341370e-02 2.023072540760040283e-02
3.676501801237463951e-03 2.620179206132888794e-02 4.967304319143295288e-02 6.447518710047006607e-03 1.902195275761187077e-03 6.919752806425094604e-03 2.081453613936901093e-02 8.134573698043823242e-01 2.241052687168121338e-02 2.225192822515964508e-02 2.457130700349807739e-02 2.090070862323045731e-03 3.333816677331924438e-02 4.706444684416055679e-03 6.052947789430618286e-02 7.401084527373313904e-03 5.907170940190553665e-03 6.187511142343282700e-03 7.505404297262430191e-03 1.876089908182621002e-02 3.961801994591951370e-03 4.366075992584228516e-02 1.438929466530680656e-03 3.323167795315384865e-03 1.049854978919029236e-02 2.052466571331024170e-02 2.704135142266750336e-02 6.093402858823537827e-03 2.274273196235299110e-03 1.378692500293254852e-02 1.215341687202453613e-02 8.986942470073699951e-03 3.177102480549365282e-04 1.517982501536607742e-02 1.286880392581224442e-02 2.906225621700286865e-02 3.616629540920257568e-02 2.799530699849128723e-02 9.772537741810083389e-04 4.339073318988084793e-03 1.910289935767650604e-02 2.780716633424162865e-03 5.354097113013267517e-03 2.868857607245445251e-02 1.010226085782051086e-03 1.389047876000404358e-02 1.271073427051305771e-02 1.167017593979835510e-02 2.277719974517822266e-02 2.878221124410629272e-02 3.020949847996234894e-02 1.653333008289337158e-02 9.774639271199703217e-03 1.309584267437458038e-02 1.804977469146251678e-02 1.891912706196308136e-02 4.230317659676074982e-03 5.338155664503574371e-03 1.261499244719743729e-02 2.105192746967077255e-03 1.680397661402821541e-03 1.157606765627861023e-02 6.617932580411434174e-03 1.644741930067539215e-02 9.601977217243984342e-05 1.752765104174613953e-02 1.906863786280155182e-02 1.491966284811496735e-02 1.196991931647062302e-02 1.999358646571636200e-02 2.144237421452999115e-02 1.224110275506973267e-02 7.368854130618274212e-04 3.015159629285335541e-02 1.126816868782043457e-02 7.708879187703132629e-03 5.430751480162143707e-03 9.972682222723960876e-03 1.635401509702205658e-02 3.613928565755486488e-03 2.970108017325401306e-02 4.905285313725471497e-02 1.455184770748019218e-03 8.784996345639228821e-03 9.941043332219123840e-03 9.213292039930820465e-03 4.755096882581710815e-02 5.521970242261886597e-02 1.122257672250270844e-02 2.129561733454465866e-03 1.302098738960921764e-03 3.373681381344795227e-02 1.457368675619363785e-02 9.213560260832309723e-03 2.250742167234420776e-02 2.299007400870323181e-02 2.177478000521659851e-02 9.282299317419528961e-03 1.221898011863231659e-02 1.354177668690681458e-02 4.411137662827968597e-03 1.022367645055055618e-02 1.622749492526054382e-02 5.069305654615163803e-03 4.176207876298576593e-04 5.842390935868024826e-03 1.205190643668174744e-02 1.274013333022594452e-02 6.997757125645875931e-03 6.926145404577255249e-03 2.886680327355861664e-02 2.049096114933490753e-02 5.718704313039779663e-03 8.723224513232707977e-03 2.355640940368175507e-02 2.955495752394199371e-02
3.543160110712051392e-02 5.150777753442525864e-03 3.125503892078995705e-03 1.945698866620659828e-03 1.141050364822149277e-02 3.435659455135464668e-03 1.932024396955966949e-02 2.241052687168121338e-02 8.134573698043823242e-01 4.542165994644165039e-02 1.295565627515316010e-02 4.529900383204221725e-03 1.285291858948767185e-03 1.519543398171663284e-02 7.545520551502704620e-03 1.587830297648906708e-02 8.618840016424655914e-03 4.691430181264877319e-02 7.766587194055318832e-03 6.572088459506630898e-04 8.683363907039165497e-03 9.834507480263710022e-03 5.691608414053916931e-03 1.804588735103607178e-02 2.779031929094344378e-04 2.473023487254977226e-03 2.461562119424343109e-02 3.754807868972420692e-03 2.776445355266332626e-03 7.572815287858247757e-03 2.694192901253700256e-02 8.381207473576068878e-03 3.033429849892854691e-03 2.673293929547071457e-03 1.857857964932918549e-02 4.381586983799934387e-02 1.378049328923225403e-02 4.463316407054662704e-03 1.928398199379444122e-02 1.317244395613670349e-02 1.881226152181625366e-02 5.057350918650627136e-02 1.806748658418655396e-02 6.177308503538370132e-03 5.265919025987386703e-03 8.771139197051525116e-03 5.852392408996820450e-03 2.427269890904426575e-02 4.119515419006347656e-02 2.424105443060398102e-02 2.225316874682903290e-02 1.660251617431640625e-02 8.401926606893539429e-03 2.486054040491580963e-02 5.480305850505828857e-02 1.798727922141551971e-02 2.846774831414222717e-02 2.417434239760041237e-03 1.426046621054410934e-02 2.387651801109313965e-02 3.893442451953887939e-02 1.383457425981760025e-02 5.580029916018247604e-03 1.908533647656440735e-02 1.055217720568180084e-02 2.499895356595516205e-02 4.875854123383760452e-03 2.129562199115753174e-03 1.798218861222267151e-02 2.013361826539039612e-02 3.498193621635437012e-02 2.594575472176074982e-02 8.435428608208894730e-04 1.153525337576866150e-02 4.309669602662324905e-03 3.525561466813087463e-02 3.663145005702972412e-02 7.692291866987943649e-03 4.447162896394729614e-02 3.242216631770133972e-02 1.376152876764535904e-02 4.118418786674737930e-03 4.550498723983764648e-02 2.590132690966129303e-02 2.601217478513717651e-02 1.978470198810100555e-02 4.258611443219706416e-05 1.675738720223307610e-03 3.136956319212913513e-02 2.493412978947162628e-02 3.916236571967601776e-03 6.424422375857830048e-03 1.858176663517951965e-02 1.890809834003448486e-02 3.643708303570747375e-02 2.245151437819004059e-02 2.669497858732938766e-03 3.709752857685089111e-02 2.941681444644927979e-02 1.513781677931547165e-02 1.442202646285295486e-02 8.456484414637088776e-03 3.549112239852547646e-03 2.361059933900833130e-02 6.495072040706872940e-03 1.452346146106719971e-02 1.944898255169391632e-02 8.981180377304553986e-03 1.739845424890518188e-02 6.721782265231013298e-04 4.778180737048387527e-03 1.408489234745502472e-02 1.858689263463020325e-02 2.355805784463882446e-02 1.976179145276546478e-02 1.076092571020126343e-02
2.577538602054119110e-02 2.890938892960548401e-03 7.021181751042604446e-03 5.819368176162242889e-03 1.386743038892745972e-02 5.421014502644538879e-03 2.486536977812647820e-03 2.225192822515964508e-02 4.542165994644165039e-02 8.134573698043823242e-01 1.647005230188369751e-02 1.036011427640914917e-02 1.373992022126913071e-02 2.070881891995668411e-03 5.823155865073204041e-03 3.156893700361251831e-02 4.250241443514823914e-03 2.284926176071166992e-02 3.507510572671890259e-02 2.819366194307804108e-02 1.762165874242782593e-02 2.813281491398811340e-02 2.411149069666862488e-02 2.000839263200759888e-02 3.029965050518512726e-02 2.295312657952308655e-02 3.368871659040451050e-02 1.630932837724685669e-02 8.216449059545993805e-03 9.399466216564178467e-03 2.305831061676144600e-03 1.416231691837310791e-02 7.900803349912166595e-03 9.484684094786643982e-03 1.967784948647022247e-02 2.716309577226638794e-02 3.099234774708747864e-02 1.019671279937028885e-02 3.168963594362139702e-03 7.638871669769287109e-03 2.106860280036926270e-02 3.241237625479698181e-02 2.103655971586704254e-02 6.987831089645624161e-03 5.877682939171791077e-03 1.494233682751655579e-02 1.807185076177120209e-02 1.819811202585697174e-02 1.148568931967020035e-02 4.213917255401611328e-02 1.153290737420320511e-02 8.136128075420856476e-03 2.414893172681331635e-02 3.007855266332626343e-03 2.070931717753410339e-02 3.700345009565353394e-02 5.443632602691650391e-03 1.653127372264862061e-02 5.481329746544361115e-03 6.849017459899187088e-03 6.805966142565011978e-03 2.018241910263895988e-03 1.119215786457061768e-02 1.175274141132831573e-02 7.915615104138851166e-03 3.695437917485833168e-03 3.655068576335906982e-02 2.668498829007148743e-02 2.271376177668571472e-02 3.073205612599849701e-02 2.037157118320465088e-02 1.124905981123447418e-02 1.101674046367406845e-03 3.901751711964607239e-02 9.178581647574901581e-03 2.180151268839836121e-02 7.882566191256046295e-03 3.275540843605995178e-02 8.164110593497753143e-03 3.314397111535072327e-02 1.715606078505516052e-02 1.906427554786205292e-02 2.629276737570762634e-02 4.152277484536170959e-02 3.329598158597946167e-02 4.321755841374397278e-03 1.952416822314262390e-02 1.554591860622167587e-02 9.603612124919891357e-03 5.580478161573410034e-02 6.178765092045068741e-03 2.108806744217872620e-02 1.687162369489669800e-02 1.680284552276134491e-02 1.635996066033840179e-02 1.547103747725486755e-02 2.716046944260597229e-02 1.328605134040117264e-02 2.082279324531555176e-02 3.233714401721954346e-02 3.076102212071418762e-02 2.576295286417007446e-02 3.615344641730189323e-03 8.177489973604679108e-03 2.773620188236236572e-02 1.214410178363323212e-02 1.402368582785129547e-02 6.082599051296710968e-03 3.755913674831390381e-02 7.395028602331876755e-03 1.922249607741832733e-02 1.160477567464113235e-02 3.326046839356422424e-02 2.643889188766479492e-02 2.987564541399478912e-02 1.824089093133807182e-03
3.654195368289947510e-02 7.836997509002685547e-03 5.206617061048746109e-03 2.871206961572170258e-02 1.495149917900562286e-02 9.926447644829750061e-03 8.371571078896522522e-03 2.457130700349807739e-02 1.295565627515316010e-02 1.647005230188369751e-02 8.134573698043823242e-01 1.026798784732818604e-02 2.014420926570892334e-02 3.628281643614172935e-03 1.803853735327720642e-02 1.644019596278667450e-02 9.203389286994934082e-03 4.806456156075000763e-03 8.503207005560398102e-03 9.468694217503070831e-03 4.633745178580284119e-03 1.795227080583572388e-02 4.357390571385622025e-03 1.481053233146667480e-02 1.069985702633857727e-02 2.124723605811595917e-02 2.314175292849540710e-02 3.221851587295532227e-02 3.190699964761734009e-02 1.623056270182132721e-02 1.928796991705894470e-02 7.060294970870018005e-03 5.803423002362251282e-03 3.902295837178826332e-03 1.017642579972743988e-02 3.424487262964248657e-02 2.215857617557048798e-02 4.381466656923294067e-03 2.228514105081558228e-02 3.074770094826817513e-03 4.597131907939910889e-02 8.690306916832923889e-03 2.971693174913525581e-03 4.570493474602699280e-02 2.657847478985786438e-02 3.754134848713874817e-02 1.108372956514358521e-02 1.079794485121965408e-02 2.083700848743319511e-03 1.112246140837669373e-02 5.719983484596014023e-03 4.211784340441226959e-03 2.906245924532413483e-02 4.633833654224872589e-03 9.408120997250080109e-03 1.011162251234054565e-02 1.167039107531309128e-02 2.350744977593421936e-02 1.375771034508943558e-02 2.154648490250110626e-02 2.234788425266742706e-02 1.103691570460796356e-02 1.372118946164846420e-02 1.912959478795528412e-02 3.041111491620540619e-02 1.655037701129913330e-02 6.834852043539285660e-03 3.919543698430061340e-03 5.420658271759748459e-03 3.050839714705944061e-02 5.951790604740381241e-03 7.917321636341512203e-04 1.073203049600124359e-02 1.723169162869453430e-02 2.052343636751174927e-02 2.743559889495372772e-03 8.823842741549015045e-03 2.894147485494613647e-02 3.336532739922404289e-03 1.585087925195693970e-02 1.830756664276123047e-02 1.273471023887395859e-02 6.971691269427537918e-03 1.367115997709333897e-03 1.750564016401767731e-02 5.257489625364542007e-03 2.692068926990032196e-02 1.234544627368450165e-02 2.944586798548698425e-02 1.138876937329769135e-02 3.926027938723564148e-02 3.325518593192100525e-02 2.284229733049869537e-02 1.658064499497413635e-02 1.457999739795923233e-02 1.183547265827655792e-02 3.128955606371164322e-03 7.363394368439912796e-03 1.655951701104640961e-02 1.047687139362096786e-03 1.351383980363607407e-02 1.357958372682332993e-02 2.413492882624268532e-03 2.312858123332262039e-03 2.883489057421684265e-02 7.913876324892044067e-03 3.054109634831547737e-03 4.009688738733530045e-03 1.360420323908329010e-02 2.378905005753040314e-02 2.057632245123386383e-02 3.390264511108398438e-02 3.093073377385735512e-03 6.420749239623546600e-03 3.450537845492362976e-02 4.532815515995025635e-02
9.105352684855461121e-03 1.816606731154024601e-03 1.301096845418214798e-02 1.360669918358325958e-02 2.672628266736865044e-03 1.197428442537784576e-02 1.282860431820154190e-02 2.090070862323045731e-03 4.529900383204221725e-03 1.036011427640914917e-02 1.026798784732818604e-02 8.134573698043823242e-01 2.125329896807670593e-02 8.873263001441955566e-02 1.856116950511932373e-02 1.635384000837802887e-02 4.058437794446945190e-02 2.194470353424549103e-02 3.801059722900390625e-02 1.161623187363147736e-02 1.230576261878013611e-02 6.874560378491878510e-03 4.002995416522026062e-02 1.816216483712196350e-02 5.250225309282541275e-03 1.008000876754522324e-02 5.749611184000968933e-03 2.010931633412837982e-02 2.859493531286716461e-02 2.911110036075115204e-02 2.321764826774597168e-02 2.608257532119750977e-02 8.060487918555736542e-03 2.030728384852409363e-02 1.864982955157756805e-02 2.224230021238327026e-02 1.772368676029145718e-03 6.472225300967693329e-03 4.121889360249042511e-03 1.396890822798013687e-02 3.237919136881828308e-02 5.435184109956026077e-03 1.149214105680584908e-03 1.789725356502458453e-04 2.071919478476047516e-02 9.356277878396213055e-04 3.386414755368605256e-05 1.673087663948535919e-02 1.355699542909860611e-02 2.299271523952484131e-02 2.299003675580024719e-02 6.809601932764053345e-02 8.334415964782238007e-03 2.373658306896686554e-02 1.926545426249504089e-02 2.073985338211059570e-02 2.349200844764709473e-02 2.447484247386455536e-02 1.985720545053482056e-02 2.416302636265754700e-02 7.983081042766571045e-03 3.462278470396995544e-02 1.265371683984994888e-02 1.271910034120082855e-02 9.476866573095321655e-03 1.413868553936481476e-02 1.821039803326129913e-02 2.754751034080982208e-02 2.440667524933815002e-02 4.038018640130758286e-03 1.823467575013637543e-02 2.877296647056937218e-03 1.345890481024980545e-02 7.699144072830677032e-03 1.181580126285552979e-02 2.187762968242168427e-02 1.697471924126148224e-02 4.160436801612377167e-03 1.643315516412258148e-02 2.283396758139133453e-02 2.184044336900115013e-03 1.422658283263444901e-02 7.499217055737972260e-03 4.389921948313713074e-02 3.344487026333808899e-02 5.786232184618711472e-03 1.276512723416090012e-02 1.051252987235784531e-02 1.443756092339754105e-02 1.528797857463359833e-02 9.780194610357284546e-03 3.685865085572004318e-03 2.159490250051021576e-02 5.387759767472743988e-03 2.108864672482013702e-02 6.979759782552719116e-03 1.026742719113826752e-02 7.356638554483652115e-03 8.251666091382503510e-03 9.814152494072914124e-03 8.164533413946628571e-03 3.701543901115655899e-03 2.234483696520328522e-02 9.419385343790054321e-03 6.733448244631290436e-03 1.598264463245868683e-02 2.103144861757755280e-02 1.138224918395280838e-02 1.580240763723850250e-02 4.599156323820352554e-03 1.750765182077884674e-02 1.452329009771347046e-02 1.155962329357862473e-02 1.472678594291210175e-02 1.721935113891959190e-03 1.540165580809116364e-02
3.035025112330913544e-02 6.407891213893890381e-02 5.940198898315429688e-03 2.513865567743778229e-02 4.782693576999008656e-04 2.260202541947364807e-02 1.817085221409797668e-02 3.333816677331924438e-02 1.285291858948767185e-03 1.373992022126913071e-02 2.014420926570892334e-02 2.125329896807670593e-02 8.134573698043823242e-01 2.539557404816150665e-02 2.849153243005275726e-02 1.649182103574275970e-02 1.619413867592811584e-02 5.421343259513378143e-03 2.813061000779271126e-03 1.353634987026453018e-02 2.512842230498790741e-02 3.465991839766502380e-02 2.574352547526359558e-03 4.677367396652698517e-03 1.261008437722921371e-02 1.889443770051002502e-02 3.617930039763450623e-02 8.366830646991729736e-03 3.355521336197853088e-02 1.146436575800180435e-02 2.517384290695190430e-02 3.829864785075187683e-03 2.092205733060836792e-02 2.021128684282302856e-02 5.440979730337858200e-03 9.269033325836062431e-04 2.494208142161369324e-02 3.714928776025772095e-02 1.315450388938188553e-02 1.960113830864429474e-02 6.618703249841928482e-03 5.876568611711263657e-04 2.949049463495612144e-03 3.441685985308140516e-04 9.582255035638809204e-03 8.774614892899990082e-03 1.572868786752223969e-02 4.336431156843900681e-03 5.859670694917440414e-03 8.448692969977855682e-03 3.834262257441878319e-03 4.261803405825048685e-04 7.119438960216939449e-04 1.372645143419504166e-02 1.852775365114212036e-02 6.980217876844108105e-04 2.746878564357757568e-02 8.108779788017272949e-03 1.189043279737234116e-02 5.261632148176431656e-03 1.307932659983634949e-02 3.033970296382904053e-02 4.510690458118915558e-03 1.556238811463117599e-02 3.338268399238586426e-02 3.588883206248283386e-02 6.576780695468187332e-03 1.867850497364997864e-02 4.899259191006422043e-03 3.408498596400022507e-03 9.799203835427761078e-03 4.865207243710756302e-03 1.828318089246749878e-02 2.058293856680393219e-02 1.116063166409730911e-02 2.553550526499748230e-02 4.183028824627399445e-03 2.397838793694972992e-02 2.101238258183002472e-02 1.626740768551826477e-02 1.431895419955253601e-03 1.563907600939273834e-02 4.591017495840787888e-03 1.496202778071165085e-02 3.430506912991404533e-03 3.879801603034138680e-03 2.189442329108715057e-02 4.450126737356185913e-02 4.458868876099586487e-02 2.765792421996593475e-02 3.536789491772651672e-02 8.823958225548267365e-03 3.158038249239325523e-03 2.914509549736976624e-02 1.318268105387687683e-02 1.787418499588966370e-02 4.813253134489059448e-02 3.338125348091125488e-02 7.500838255509734154e-04 1.508067711256444454e-03 7.410858757793903351e-03 2.372751245275139809e-03 4.600378870964050293e-02 2.505608089268207550e-02 8.385219611227512360e-03 1.121218898333609104e-03 1.493229065090417862e-03 3.037770278751850128e-02 1.312425243668258190e-03 2.649324573576450348e-02 2.549170143902301788e-02 3.864433383569121361e-03 4.586410650517791510e-04 1.766679435968399048e-02 9.488795883953571320e-03 6.298036314547061920e-03
