8.279671072959899902e-01 8.242597430944442749e-02 3.340493142604827881e-02 2.413171902298927307e-02 2.378912270069122314e-02 5.557100474834442139e-02 4.687032848596572876e-02 1.832349039614200592e-02 3.428937867283821106e-02 1.832645572721958160e-02 7.314923405647277832e-02 2.214300818741321564e-02 4.794716462492942810e-02 5.348581820726394653e-03 5.799247883260250092e-03 1.341194752603769302e-02 7.474011741578578949e-03 6.212958134710788727e-03 7.268608547747135162e-03 1.279854867607355118e-02 1.806045137345790863e-02 1.590052992105484009e-02 3.344323486089706421e-02 2.571733295917510986e-02 5.928331986069679260e-03 8.011830970644950867e-03 1.439901161938905716e-02 1.203389465808868408e-02 2.051739394664764404e-02 1.008416875265538692e-03 3.796751610934734344e-03 2.882683649659156799e-02 1.536649558693170547e-02 1.768039911985397339e-02 2.226705109933391213e-04 2.749550715088844299e-02 8.587621152400970459e-03 2.143972367048263550e-02 1.131794322282075882e-02 9.546225890517234802e-03 1.013905461877584457e-02 1.117463782429695129e-02 8.873629383742809296e-03 5.675606895238161087e-03 2.714069001376628876e-02 5.996355321258306503e-03 4.100029170513153076e-02 4.214841872453689575e-02 1.880293712019920349e-02 1.347017753869295120e-02 2.834469825029373169e-02 1.741396263241767883e-02 1.540002319961786270e-02 4.603799432516098022e-03 2.208108082413673401e-02 2.877658000215888023e-03 1.127880415879189968e-03 1.095232786610722542e-03 1.887070829980075359e-03 6.542461458593606949e-03 6.799595896154642105e-03 2.019303478300571442e-02 9.138400666415691376e-03 6.456695497035980225e-03 1.909218356013298035e-02 1.961015630513429642e-03 1.400274969637393951e-02 2.010970562696456909e-02 1.822883612476289272e-03 1.441535260528326035e-02 1.036607380956411362e-02 8.751914836466312408e-03 1.583959534764289856e-02 4.322267603129148483e-03 1.018861867487430573e-02 3.929921891540288925e-03 1.392932981252670288e-02 4.876354243606328964e-03 2.184490673243999481e-02 1.856598071753978729e-02 3.314570290967822075e-03 1.803639717400074005e-02 1.626063324511051178e-02 4.144987557083368301e-03 3.826017957180738449e-03 2.385231107473373413e-02 2.399181574583053589e-02 1.807889156043529510e-02 7.046582177281379700e-03 1.337455119937658310e-02 2.789651229977607727e-02 3.141806274652481079e-02 2.365275844931602478e-02 8.506558835506439209e-03 1.086628157645463943e-02 2.566528739407658577e-03 1.874711550772190094e-02 7.175890263170003891e-03 8.220622316002845764e-03 1.640761457383632660e-02 4.384338390082120895e-03 1.321153435856103897e-02 1.475329772802069783e-04 2.262512966990470886e-02 9.429221041500568390e-03 9.447258780710399151e-04 4.301975015550851822e-03 6.117045268183574080e-05 8.097338490188121796e-03 8.293432183563709259e-03 1.583081856369972229e-02 5.660279188305139542e-03 1.372510660439729691e-02 8.018768858164548874e-04 2.100672759115695953e-02 6.093960255384445190e-04
8.242597430944442749e-02 8.279671072959899902e-01 1.143114548176527023e-02 3.329325467348098755e-02 2.660523168742656708e-02 6.194062158465385437e-02 6.481850147247314453e-02 1.416731253266334534e-02 3.020825237035751343e-02 3.159648180007934570e-02 6.432145833969116211e-02 1.984618417918682098e-02 5.799242109060287476e-02 9.961095638573169708e-03 1.538582891225814819e-02 1.203473377972841263e-02 1.256169751286506653e-02 1.232240162789821625e-02 1.299523469060659409e-02 1.127404626458883286e-02 1.977548561990261078e-02 2.342441491782665253e-02 1.056719571352005005e-02 1.447273418307304382e-02 4.770443309098482132e-03 1.328159868717193604e-02 1.351485028862953186e-02 5.503464955836534500e-03 1.049217395484447479e-02 5.436175502836704254e-03 9.922576136887073517e-03 1.603780128061771393e-02 1.873087882995605469e-02 1.667072763666510582e-03 1.055371947586536407e-02 7.094880566000938416e-03 6.627449765801429749e-03 7.417629472911357880e-03 1.650771312415599823e-02 1.000877935439348221e-02 2.395931817591190338e-02 6.396225653588771820e-03 1.210772525519132614e-02 3.273335460107773542e-04 3.084128722548484802e-02 1.319507975131273270e-02 5.144944414496421814e-02 5.028845369815826416e-02 9.110623068409040570e-06 3.763436106964945793e-03 1.338567957282066345e-02 2.141591906547546387e-02 5.835798219777643681e-04 1.012963615357875824e-02 5.161779932677745819e-03 6.182944052852690220e-04 2.722694771364331245e-04 9.717210195958614349e-03 7.939685136079788208e-03 1.687304675579071045e-02 1.495897769927978516e-03 1.152340043336153030e-02 1.586336083710193634e-02 1.972082816064357758e-02 2.699944563210010529e-02 1.210564374923706055e-02 7.772410288453102112e-03 1.188420224934816360e-02 4.948924295604228973e-03 2.548477798700332642e-02 7.155579980462789536e-03 1.260318700224161148e-02 1.203438919037580490e-02 1.391953229904174805e-02 1.632818579673767090e-02 3.427334828302264214e-03 9.554593823850154877e-03 1.126132719218730927e-02 1.964262872934341431e-02 1.940719597041606903e-02 1.310041267424821854e-02 4.942178726196289062e-03 1.455037388950586319e-02 4.438405390828847885e-03 3.556342562660574913e-04 2.720149001106619835e-03 2.141617238521575928e-02 6.353784818202257156e-03 2.472335286438465118e-02 2.384510077536106110e-02 2.472710981965065002e-02 4.060156270861625671e-02 3.813359886407852173e-02 7.266895379871129990e-03 9.463583119213581085e-03 7.930530235171318054e-03 2.656805142760276794e-02 6.082947365939617157e-04 6.008853204548358917e-03 4.630556330084800720e-03 6.293955724686384201e-03 4.789566155523061752e-03 2.068884298205375671e-02 7.029097527265548706e-03 3.951497375965118408e-03 7.748217321932315826e-04 6.350226234644651413e-03 6.349093280732631683e-03 6.316193845123052597e-03 1.279955264180898666e-02 1.015494484454393387e-02 3.268192231189459562e-04 2.587840706110000610e-02 1.611034758388996124e-02 6.943423300981521606e-03 3.552578389644622803e-03
3.340493142604827881e-02 1.143114548176527023e-02 8.279671072959899902e-01 1.794832944869995117e-02 1.912029460072517395e-03 1.994776539504528046e-02 5.341132171452045441e-03 5.916145443916320801e-02 2.336734719574451447e-02 4.146952647715806961e-03 1.117150392383337021e-02 1.230326481163501740e-02 2.221698686480522156e-02 2.363563328981399536e-02 2.318305149674415588e-02 8.890750817954540253e-03 3.022638382390141487e-03 1.990676112473011017e-02 8.824993856251239777e-04 1.393118593841791153e-02 3.637957386672496796e-03 2.254228480160236359e-02 2.444958500564098358e-02 5.801429972052574158e-03 7.183753419667482376e-03 1.402173750102519989e-02 9.638976305723190308e-03 2.677605859935283661e-02 2.509161084890365601e-02 1.897129230201244354e-02 9.429261088371276855e-03 1.638258993625640869e-02 5.003411322832107544e-03 1.194957992993295193e-03 2.551703341305255890e-02 4.022845998406410217e-03 1.467003207653760910e-02 2.759907022118568420e-02 1.193148829042911530e-02 3.198668593540787697e-03 1.029186695814132690e-02 5.595790222287178040e-03 1.061612507328391075e-03 9.775549173355102539e-03 1.065800525248050690e-02 9.049769490957260132e-03 1.144375838339328766e-02 1.789250783622264862e-02 9.834444150328636169e-03 5.697325468645431101e-05 1.967144571244716644e-02 9.214628487825393677e-03 2.077705785632133484e-02 4.543703980743885040e-03 1.607387326657772064e-02 7.774855010211467743e-03 8.788518607616424561e-03 2.292580157518386841e-02 7.560412632301449776e-04 4.875470884144306183e-03 1.867450587451457977e-02 1.465851068496704102e-02 2.894638478755950928e-02 1.431276905350387096e-03 6.295000202953815460e-03 1.629706472158432007e-02 3.753751982003450394e-03 3.345215460285544395e-03 8.845512056723237038e-04 2.890282543376088142e-03 1.377303991466760635e-02 4.712622612714767456e-03 4.381782934069633484e-02 1.874501071870326996e-02 3.959621489048004150e-02 1.657039625570178032e-03 9.584235027432441711e-03 7.320070173591375351e-03 1.983466371893882751e-02 7.824894972145557404e-03 4.033065214753150940e-02 1.895174756646156311e-02 1.555543392896652222e-02 5.254971794784069061e-03 1.976715587079524994e-02 1.719471300020813942e-03 2.712091198191046715e-03 1.592423208057880402e-02 7.867824286222457886e-03 2.969704195857048035e-02 2.267816290259361267e-02 5.420663394033908844e-03 1.457362435758113861e-02 1.315222866833209991e-02 6.655547302216291428e-03 2.684245817363262177e-03 2.550434321165084839e-02 6.509129889309406281e-03 7.288714405149221420e-04 1.457844208925962448e-02 1.224842108786106110e-02 2.603702014312148094e-03 1.238952949643135071e-02 3.832127433270215988e-03 1.707275165244936943e-03 5.017053335905075073e-03 1.834454573690891266e-02 1.665002107620239258e-02 4.399511497467756271e-03 6.322836503386497498e-03 1.873178780078887939e-02 2.006146684288978577e-02 1.144896820187568665e-02 1.097422279417514801e-02 3.309547156095504761e-02 1.159946341067552567e-02
2.413171902298927307e-02 3.329325467348098755e-02 1.794832944869995117e-02 8.279671072959899902e-01 2.922845259308815002e-02 2.902263589203357697e-02 2.283957228064537048e-02 5.515952594578266144e-03 1.006191410124301910e-02 1.652584597468376160e-02 2.614811621606349945e-02 2.275744639337062836e-02 2.147990092635154724e-02 2.456624759361147881e-03 2.730140835046768188e-02 3.501083329319953918e-02 2.763244137167930603e-02 1.833621226251125336e-02 8.916903287172317505e-03 1.745751500129699707e-02 2.574848197400569916e-02 3.866296634078025818e-02 9.817752055823802948e-03 5.965523421764373779e-03 6.576091051101684570e-03 2.117135375738143921e-02 2.627768926322460175e-02 3.142010793089866638e-02 1.786184310913085938e-02 3.205967694520950317e-02 1.261145342141389847e-02 3.262028563767671585e-03 8.780361153185367584e-03 1.319754123687744141e-02 4.319439176470041275e-03 1.364735304377973080e-03 2.412693575024604797e-03 1.787098124623298645e-02 3.424194082617759705e-02 3.123894101008772850e-03 2.911822497844696045e-02 1.256013289093971252e-03 2.222398668527603149e-02 6.802525371313095093e-03 1.627525314688682556e-02 9.954059496521949768e-04 2.669935114681720734e-02 2.396236732602119446e-02 1.786365755833685398e-04 1.411393750458955765e-02 1.309422031044960022e-02 6.518634501844644547e-03 4.170564003288745880e-03 6.288591772317886353e-03 2.069461718201637268e-02 5.542174447327852249e-03 4.930845927447080612e-03 2.036694996058940887e-02 3.194457385689020157e-03 1.894357614219188690e-03 3.457363694906234741e-02 3.304291889071464539e-02 2.934792637825012207e-02 2.147689275443553925e-02 1.004442293196916580e-02 9.597418829798698425e-03 7.824789732694625854e-03 5.957890301942825317e-03 4.369663447141647339e-02 8.577167987823486328e-03 2.793272584676742554e-02 2.349552698433399200e-02 4.508011415600776672e-02 1.450811512768268585e-02 3.678312897682189941e-02 3.408131375908851624e-02 3.768706321716308594e-02 8.241386152803897858e-03 8.846880868077278137e-03 1.035970728844404221e-02 1.795209385454654694e-02 2.194701321423053741e-02 3.008201904594898224e-02 6.661535007879137993e-04 3.830608911812305450e-03 3.697282401844859123e-03 2.374828606843948364e-02 1.116694509983062744e-02 3.185923397541046143e-02 2.523498423397541046e-02 1.254508085548877716e-02 1.278331130743026733e-02 2.382636442780494690e-02 7.464266382157802582e-03 2.891820110380649567e-02 7.994206622242927551e-03 8.816335350275039673e-03 1.914281584322452545e-02 1.140616741031408310e-02 2.127733547240495682e-03 1.197414938360452652e-02 1.887010224163532257e-02 4.912227159366011620e-04 6.776969414204359055e-03 6.159437820315361023e-03 8.459564298391342163e-03 1.249880343675613403e-02 1.614511758089065552e-02 5.491550080478191376e-03 1.106959022581577301e-02 4.723707388620823622e-04 1.163048017770051956e-02 1.612828113138675690e-02 9.179871267406269908e-05 1.017343602143228054e-03 1.736900396645069122e-02
2.378912270069122314e-02 2.660523168742656708e-02 1.912029460072517395e-03 2.922845259308815002e-02 8.279671072959899902e-01 1.983818970620632172e-02 2.519921958446502686e-02 1.003204938024282455e-02 5.318479612469673157e-03 8.722562342882156372e-03 4.468314349651336670e-03 1.005627773702144623e-02 7.596889045089483261e-03 7.728299591690301895e-03 1.843943074345588684e-02 8.660960942506790161e-03 7.443312206305563450e-04 2.754190005362033844e-02 1.369258575141429901e-02 1.048713363707065582e-02 1.958150230348110199e-02 2.255398407578468323e-02 9.490761440247297287e-04 7.711733691394329071e-03 1.592979952692985535e-02 1.474482822231948376e-03 1.093146507628262043e-03 1.165570504963397980e-02 7.646879181265830994e-03 4.591012373566627502e-03 1.130174845457077026e-02 1.082102768123149872e-02 1.801336766220629215e-03 7.844165898859500885e-03 4.608924034982919693e-03 1.560194510966539383e-02 1.568971760571002960e-02 1.172187924385070801e-02 1.387132704257965088e-02 4.019676148891448975e-02 2.338840626180171967e-02 1.410429924726486206e-02 1.946526952087879181e-02 2.008230984210968018e-02 4.410914611071348190e-03 1.757819019258022308e-02 1.718567125499248505e-02 3.294000029563903809e-02 7.567910011857748032e-03 2.171555999666452408e-03 2.303339075297117233e-03 2.419095399091020226e-04 1.790951937437057495e-02 1.417767372913658619e-03 1.592316664755344391e-02 6.285764742642641068e-03 6.424508523195981979e-03 3.903154865838587284e-04 7.757163140922784805e-03 2.674821577966213226e-02 1.202977634966373444e-02 3.486638190224766731e-03 6.732739508152008057e-03 3.995975479483604431e-02 4.322050139307975769e-03 8.148265071213245392e-03 4.762093536555767059e-03 1.413092389702796936e-02 8.299062959849834442e-03 9.825476445257663727e-03 1.111459732055664062e-02 1.231283135712146759e-02 2.617162466049194336e-02 2.185084857046604156e-03 2.166017517447471619e-02 2.518182620406150818e-02 3.019985044375061989e-03 2.134774997830390930e-02 1.087077613919973373e-02 2.231619320809841156e-03 1.631365157663822174e-02 9.218589402735233307e-03 2.940099872648715973e-02 2.224398963153362274e-02 3.568493947386741638e-02 3.091863170266151428e-02 1.050898432731628418e-02 1.043855212628841400e-02 2.564896456897258759e-02 8.625129237771034241e-03 1.329009328037500381e-02 1.410232577472925186e-02 3.099168417975306511e-03 9.239331819117069244e-03 5.917910486459732056e-03 8.669721428304910660e-04 6.132420618087053299e-03 2.814356423914432526e-02 4.935866221785545349e-03 1.937675662338733673e-02 9.475670754909515381e-03 6.266651675105094910e-03 2.329948544502258301e-02 2.299259230494499207e-02 3.517004847526550293e-02 5.722449161112308502e-03 5.915548186749219894e-03 9.895441122353076935e-03 1.133662089705467224e-02 1.412477437406778336e-02 5.207138601690530777e-03 4.435117356479167938e-03 9.904577163979411125e-04 4.227447498124092817e-04 1.996724866330623627e-02 5.176490638405084610e-03
5.557100474834442139e-02 6.194062158465385437e-02 1.994776539504528046e-02 2.902263589203357697e-02 1.983818970620632172e-02 8.279671072959899902e-01 7.492797821760177612e-02 3.145008161664009094e-02 8.335663005709648132e-03 1.863765716552734375e-02 3.389961272478103638e-02 3.620570898056030273e-02 2.287885919213294983e-02 1.935297064483165741e-02 6.046506576240062714e-03 2.210849337279796600e-02 2.895830757915973663e-02 3.329794155433773994e-03 2.533199731260538101e-03 3.174064913764595985e-03 9.772252291440963745e-03 1.194163598120212555e-02 9.748372249305248260e-03 2.578068710863590240e-02 1.620145514607429504e-03 7.282252423465251923e-03 9.199319407343864441e-03 2.348734997212886810e-02 2.367216907441616058e-02 1.391229871660470963e-02 2.916538622230291367e-03 1.468469481915235519e-02 1.249190513044595718e-02 5.241565522737801075e-04 4.083907231688499451e-03 6.061785388737916946e-03 1.196923782117664814e-03 2.022136701270937920e-03 5.944625008851289749e-03 2.517834678292274475e-02 1.793962321244180202e-03 2.059764228761196136e-02 1.949692144989967346e-02 7.530791684985160828e-03 2.095915377140045166e-03 7.429488934576511383e-03 3.518284484744071960e-02 2.409097552299499512e-02 2.823931397870182991e-03 1.640144619159400463e-03 7.408085744827985764e-03 1.927250064909458160e-02 2.586702443659305573e-02 7.319750264286994934e-03 8.775861002504825592e-03 5.144889932125806808e-03 1.871129497885704041e-02 1.127887889742851257e-02 3.244385495781898499e-02 3.413467667996883392e-03 8.366550318896770477e-03 1.116709900088608265e-03 6.348709575831890106e-03 1.264794729650020599e-02 1.638508588075637817e-02 1.836831448599696159e-03 9.615805000066757202e-03 2.711186185479164124e-03 3.095992142334580421e-03 5.727426148951053619e-03 1.224840432405471802e-02 2.118209563195705414e-02 1.354466099292039871e-02 6.244743708521127701e-03 2.530105970799922943e-02 1.411028299480676651e-02 1.021096482872962952e-02 2.007738314568996429e-02 1.083703897893428802e-02 3.277123672887682915e-03 6.187573075294494629e-03 1.074421871453523636e-02 3.690105164423584938e-03 1.486891787499189377e-02 2.128409408032894135e-02 1.323335804045200348e-02 6.369691807776689529e-03 5.956300534307956696e-03 3.094509243965148926e-02 2.181735448539257050e-02 5.291341803967952728e-03 7.563177496194839478e-03 1.725600566715002060e-03 1.193805504590272903e-02 1.222595013678073883e-02 1.562175806611776352e-02 2.170283533632755280e-02 2.186341956257820129e-02 3.846538253128528595e-03 2.838701475411653519e-03 2.020774781703948975e-02 1.399330422282218933e-02 1.470987219363451004e-02 6.876916158944368362e-03 1.561316661536693573e-02 1.991663314402103424e-02 3.599141491577029228e-03 2.871459536254405975e-02 1.605183258652687073e-02 2.256089635193347931e-02 1.335417944937944412e-02 1.919686049222946167e-02 2.952738106250762939e-02 1.935949176549911499e-02 2.470825798809528351e-02 2.819171175360679626e-02
4.687032848596572876e-02 6.481850147247314453e-02 5.341132171452045441e-03 2.283957228064537048e-02 2.519921958446502686e-02 7.492797821760177612e-02 8.279671072959899902e-01 1.369850523769855499e-02 7.611758075654506683e-03 4.292767867445945740e-02 5.053092166781425476e-02 1.797510683536529541e-02 2.707418240606784821e-02 3.211715072393417358e-02 5.187770817428827286e-03 2.295465022325515747e-02 2.896759100258350372e-02 2.332556759938597679e-03 3.146113455295562744e-02 1.951463636942207813e-03 8.015364408493041992e-03 1.459525519749149680e-04 1.076379325240850449e-02 3.675197809934616089e-02 1.250714436173439026e-02 1.111813820898532867e-02 3.056713845580816269e-03 2.162330638384446502e-04 1.214883849024772644e-02 3.839723765850067139e-03 8.636116050183773041e-03 1.771564036607742310e-02 4.776926711201667786e-03 6.095701362937688828e-03 2.325369045138359070e-02 4.967560991644859314e-03 2.396236173808574677e-03 1.484249485656619072e-03 2.192240208387374878e-02 6.917053833603858948e-03 3.857017727568745613e-03 9.673246182501316071e-03 2.011840976774692535e-02 5.499381106346845627e-03 4.971761722117662430e-03 2.312489319592714310e-03 5.472456291317939758e-02 5.715559050440788269e-02 3.587378887459635735e-03 8.539910428225994110e-03 2.520024217665195465e-02 1.441930048167705536e-02 1.455398835241794586e-02 4.229402169585227966e-03 8.221269585192203522e-03 1.100160460919141769e-02 9.224392473697662354e-03 2.186651341617107391e-02 1.126748789101839066e-02 2.950211800634860992e-02 1.478510908782482147e-02 4.833964339923113585e-04 5.058767739683389664e-03 2.026715874671936035e-02 1.189308520406484604e-02 2.769764885306358337e-02 4.945502150803804398e-03 6.699424702674150467e-03 1.832729764282703400e-02 1.158438622951507568e-02 1.134298369288444519e-02 9.650220163166522980e-03 1.062636915594339371e-02 1.379219908267259598e-02 2.613999880850315094e-02 1.611797511577606201e-02 9.469939395785331726e-03 2.294306829571723938e-02 3.544061444699764252e-03 2.461482957005500793e-02 2.431059628725051880e-02 1.501779351383447647e-02 8.295027655549347401e-04 9.786292910575866699e-03 9.237548802047967911e-04 9.671984240412712097e-03 2.120069973170757294e-02 8.642052300274372101e-03 1.008987613022327423e-02 1.980932801961898804e-02 1.376267429441213608e-02 8.971449919044971466e-03 1.814809814095497131e-02 1.053486019372940063e-02 4.492032807320356369e-03 4.028998315334320068e-03 2.664002776145935059e-02 2.215417660772800446e-02 5.718903616070747375e-03 1.666251773713156581e-04 1.178068807348608971e-03 1.263937214389443398e-03 6.366663612425327301e-03 8.320644847117364407e-04 9.196228347718715668e-04 2.984974998980760574e-03 1.270300126634538174e-03 1.070126704871654510e-02 8.464782498776912689e-03 3.951329737901687622e-03 3.098929999396204948e-03 2.142367139458656311e-02 3.321739286184310913e-02 2.729300409555435181e-02 3.227920504286885262e-03 2.029673755168914795e-02
1.832349039614200592e-02 1.416731253266334534e-02 5.916145443916320801e-02 5.515952594578266144e-03 1.003204938024282455e-02 3.145008161664009094e-02 1.369850523769855499e-02 8.279671072959899902e-01 6.103195250034332275e-03 5.563618615269660950e-03 4.437686409801244736e-03 1.809469982981681824e-02 6.510762032121419907e-03 2.558464929461479187e-02 5.144032463431358337e-02 1.936976914294064045e-03 9.259271435439586639e-03 6.000689696520566940e-03 1.607148151379078627e-04 3.498400095850229263e-03 5.408639088273048401e-03 2.605290710926055908e-02 5.402036476880311966e-03 5.590837448835372925e-03 1.307024434208869934e-02 6.813683547079563141e-03 4.449425730854272842e-03 6.340512074530124664e-03 2.083800034597516060e-03 7.969377562403678894e-03 5.093634128570556641e-03 1.578478887677192688e-02 1.555550005286931992e-02 1.555156894028186798e-02 1.427265256643295288e-02 2.854742668569087982e-02 3.639110922813415527e-02 1.560989860445261002e-02 7.215153891593217850e-03 9.587192907929420471e-04 1.140002440661191940e-02 1.194379199296236038e-02 2.822978794574737549e-02 3.734496887773275375e-03 8.780714124441146851e-03 8.175541879609227180e-04 5.307790343067608774e-05 9.514989331364631653e-03 1.666996628046035767e-02 2.636116743087768555e-02 1.004030089825391769e-02 1.510529965162277222e-02 9.414518252015113831e-03 1.283993758261203766e-02 2.750945836305618286e-02 1.840031147003173828e-02 7.503534201532602310e-03 3.964871633797883987e-03 2.818427421152591705e-02 9.308420121669769287e-04 2.464051358401775360e-02 1.956870034337043762e-02 6.278169807046651840e-03 2.166986279189586639e-02 1.415402814745903015e-02 9.985823184251785278e-03 1.616633869707584381e-02 9.904164820909500122e-03 1.287700794637203217e-02 3.259987756609916687e-02 2.014434523880481720e-02 6.743824109435081482e-03 9.964862838387489319e-03 9.012814611196517944e-03 2.018915489315986633e-02 4.649182781577110291e-03 5.918188951909542084e-03 1.201880257576704025e-02 3.188718343153595924e-03 5.297734867781400681e-03 3.559323772788047791e-02 5.831866990774869919e-03 1.175250392407178879e-02 2.806513570249080658e-03 9.810404852032661438e-03 1.484347134828567505e-02 3.003970161080360413e-02 1.408532261848449707e-02 3.953118342906236649e-03 1.188278570771217346e-02 5.506368819624185562e-03 2.230219729244709015e-02 1.180831622332334518e-02 1.260138303041458130e-02 2.155538834631443024e-02 1.501830946654081345e-02 1.546359062194824219e-02 2.375384233891963959e-02 1.162804756313562393e-02 2.068343386054039001e-02 3.186272084712982178e-02 2.220281027257442474e-02 1.799665950238704681e-02 7.605851162225008011e-03 1.931105926632881165e-02 9.630920365452766418e-03 3.771027550101280212e-02 1.753769069910049438e-02 1.766055449843406677e-02 1.512385811656713486e-02 4.346614237874746323e-03 1.060667354613542557e-02 1.304936967790126801e-02 1.904943026602268219e-02 2.526915632188320160e-02 1.188421621918678284e-02
3.428937867283821106e-02 3.020825237035751343e-02 2.336734719574451447e-02 1.006191410124301910e-02 5.318479612469673157e-03 8.335663005709648132e-03 7.611758075654506683e-03 6.103195250034332275e-03 8.279671072959899902e-01 1.768521033227443695e-02 3.222041204571723938e-02 7.066576275974512100e-03 3.181455424055457115e-03 2.266570553183555603e-02 2.799670957028865814e-02 1.345132477581501007e-02 1.175770163536071777e-02 5.749017000198364258e-02 6.617322098463773727e-03 9.861084632575511932e-03 2.392456866800785065e-02 5.782761611044406891e-03 4.992917180061340332e-03 7.487904280424118042e-03 1.576668955385684967e-02 1.148690935224294662e-02 1.583941094577312469e-02 8.323801448568701744e-04 1.076279953122138977e-02 3.158151870593428612e-03 7.732246071100234985e-03 3.292777389287948608e-02 3.250125329941511154e-03 1.070869155228137970e-02 1.020524837076663971e-02 4.273535683751106262e-03 1.042897161096334457e-02 8.772830478847026825e-03 6.222455296665430069e-03 7.097110617905855179e-03 1.428969018161296844e-02 2.100544050335884094e-02 6.318774074316024780e-03 3.044053725898265839e-02 1.948331482708454132e-02 4.738528281450271606e-03 1.213266979902982712e-03 1.348316017538309097e-02 1.515941508114337921e-02 6.228302605450153351e-03 1.275938749313354492e-02 1.457751262933015823e-02 9.483160451054573059e-03 2.097092336043715477e-03 4.236990958452224731e-02 2.876971289515495300e-02 3.045821189880371094e-02 3.892455250024795532e-02 4.759741947054862976e-03 6.656192243099212646e-03 2.846492454409599304e-02 2.325341664254665375e-02 1.695905462838709354e-03 2.469615079462528229e-02 2.833604626357555389e-02 1.995755359530448914e-02 4.721935838460922241e-03 1.327038090676069260e-02 2.902415022253990173e-02 7.368670776486396790e-03 1.425456907600164413e-02 1.624033041298389435e-02 6.336470600217580795e-03 6.912872195243835449e-03 8.186462218873202801e-04 2.822193875908851624e-02 5.894907936453819275e-02 2.636372810229659081e-03 4.235961660742759705e-02 2.693482488393783569e-02 5.471260752528905869e-03 2.314909361302852631e-02 5.291146785020828247e-02 5.040954798460006714e-03 2.361547201871871948e-02 7.027640473097562790e-03 1.712841098196804523e-03 1.238390244543552399e-02 2.967005781829357147e-02 2.733334898948669434e-03 3.085458884015679359e-03 2.284072712063789368e-02 1.466153189539909363e-02 3.937331959605216980e-03 3.107794374227523804e-02 1.559762749820947647e-02 1.424801908433437347e-02 1.227698940783739090e-02 5.897126160562038422e-03 6.416010670363903046e-03 2.155169472098350525e-02 2.707627229392528534e-02 7.117246859706938267e-04 1.651864871382713318e-02 2.053449302911758423e-02 2.644677879288792610e-03 2.584562264382839203e-02 2.020183950662612915e-02 2.645674534142017365e-02 9.367184713482856750e-03 1.858653128147125244e-02 1.197275146842002869e-02 1.015418022871017456e-02 1.274639158509671688e-03 1.073231641203165054e-02 3.064881078898906708e-02
1.832645572721958160e-02 3.159648180007934570e-02 4.146952647715806961e-03 1.652584597468376160e-02 8.722562342882156372e-03 1.863765716552734375e-02 4.292767867445945740e-02 5.563618615269660950e-03 1.768521033227443695e-02 8.279671072959899902e-01 2.158541046082973480e-02 1.788177527487277985e-02 3.327256441116333008e-02 2.242751419544219971e-02 1.511565409600734711e-02 7.768517825752496719e-03 1.211590878665447235e-02 2.568548917770385742e-02 7.582652568817138672e-02 1.182038336992263794e-03 1.011320296674966812e-02 3.799850121140480042e-03 1.111395284533500671e-02 3.316090255975723267e-02 1.421164162456989288e-02 8.395800366997718811e-03 9.455909021198749542e-03 2.376992069184780121e-02 5.138898734003305435e-03 2.566631417721509933e-03 1.086105499416589737e-02 5.414964398369193077e-04 1.423740666359663010e-02 3.269533161073923111e-03 8.500556461513042450e-03 1.654637604951858521e-02 1.940031908452510834e-02 1.312501379288733006e-03 1.792917773127555847e-02 2.362233772873878479e-02 1.657092198729515076e-02 6.375277298502624035e-04 6.396818906068801880e-03 5.841112695634365082e-03 1.167587656527757645e-02 1.758824661374092102e-02 1.771155558526515961e-02 2.620034664869308472e-02 1.485447678714990616e-02 1.908105425536632538e-02 1.664668787270784378e-03 8.844683878123760223e-03 1.503161340951919556e-02 1.544733904302120209e-02 2.039830014109611511e-02 2.100822888314723969e-02 1.811303943395614624e-02 5.880646873265504837e-03 1.948185823857784271e-02 3.319193050265312195e-02 1.913066394627094269e-02 1.534987823106348515e-03 9.154261351795867085e-05 1.906619640067219734e-03 2.898860024288296700e-03 2.257166430354118347e-02 6.227070931345224380e-03 7.786180824041366577e-03 1.772556640207767487e-02 4.722350090742111206e-02 9.601834230124950409e-03 1.012928551062941551e-03 9.471736848354339600e-03 4.843731969594955444e-02 1.845069415867328644e-02 6.702401675283908844e-03 2.832832187414169312e-02 5.131660029292106628e-02 6.257109344005584717e-03 7.459700107574462891e-02 1.178752165287733078e-02 1.806571730412542820e-03 1.483105495572090149e-02 5.744153633713722229e-02 1.727991178631782532e-02 1.052946969866752625e-02 8.903584443032741547e-03 9.597741067409515381e-03 1.844367384910583496e-02 3.917880728840827942e-02 2.977111609652638435e-03 2.641209959983825684e-02 1.885757036507129669e-02 3.526805434376001358e-03 1.849043881520628929e-03 2.518475987017154694e-02 4.176909476518630981e-02 1.345222815871238708e-02 2.401334699243307114e-03 7.027507759630680084e-03 1.059515308588743210e-02 1.786736398935317993e-02 3.637450560927391052e-02 4.990343586541712284e-05 1.894331164658069611e-02 6.786254700273275375e-03 6.865827832370996475e-03 7.814407581463456154e-04 1.074054464697837830e-02 2.768514864146709442e-02 1.318265032023191452e-02 1.598908752202987671e-02 2.014341205358505249e-02 2.756032161414623260e-02 9.742408990859985352e-03 8.104652515612542629e-04
7.314923405647277832e-02 6.432145833969116211e-02 1.117150392383337021e-02 2.614811621606349945e-02 4.468314349651336670e-03 3.389961272478103638e-02 5.053092166781425476e-02 4.437686409801244736e-03 3.222041204571723938e-02 2.158541046082973480e-02 8.279671072959899902e-01 5.008275620639324188e-03 4.630353301763534546e-02 2.463322365656495094e-03 1.003585848957300186e-02 2.276695147156715393e-02 1.918894425034523010e-02 1.634446345269680023e-02 1.864597573876380920e-02 2.503270283341407776e-02 2.818517386913299561e-02 1.232536509633064270e-02 3.237037733197212219e-02 2.784621343016624451e-02 2.437077648937702179e-02 1.758597418665885925e-02 1.873206533491611481e-02 1.332442159764468670e-03 3.633147850632667542e-02 1.894704066216945648e-03 1.759632676839828491e-02 3.629143536090850830e-02 4.851804114878177643e-03 3.242923319339752197e-02 2.152014337480068207e-02 2.894280850887298584e-02 1.809049583971500397e-02 1.855536736547946930e-02 2.347700856626033783e-02 1.217679493129253387e-02 1.018234621733427048e-02 1.627499423921108246e-02 1.241739466786384583e-02 6.146959494799375534e-03 2.268136478960514069e-02 8.052719058468937874e-04 4.317996278405189514e-02 4.006189480423927307e-02 2.023801207542419434e-02 2.390206791460514069e-02 2.940898016095161438e-02 2.118889987468719482e-02 1.822928898036479950e-02 1.154742203652858734e-02 2.248757891356945038e-02 1.596568524837493896e-02 1.875221496447920799e-03 6.449997890740633011e-03 1.515420735813677311e-03 1.859778910875320435e-02 1.707060262560844421e-02 3.355086664669215679e-04 9.248510003089904785e-03 1.260488387197256088e-02 3.651262074708938599e-02 1.723665185272693634e-02 2.068784460425376892e-02 2.249703370034694672e-02 8.633796125650405884e-03 1.781705766916275024e-02 3.986355382949113846e-03 2.568073570728302002e-03 1.383715774863958359e-02 5.414168350398540497e-03 1.840316317975521088e-02 6.925197318196296692e-03 9.607327170670032501e-03 1.386593934148550034e-02 1.331242453306913376e-02 2.339987829327583313e-02 6.001526955515146255e-03 1.767644309438765049e-03 1.556727848947048187e-02 2.882547210901975632e-03 1.634619315154850483e-03 2.264849469065666199e-02 1.863127015531063080e-02 2.030616998672485352e-02 1.051384722813963890e-03 4.050321411341428757e-03 2.902670390903949738e-02 2.934841625392436981e-02 2.787103503942489624e-02 1.476826239377260208e-02 1.726357266306877136e-02 9.821798652410507202e-03 1.358092390000820160e-02 3.840246004983782768e-03 1.554386503994464874e-02 1.981007307767868042e-02 1.562291663140058517e-02 2.053680643439292908e-02 1.175419660285115242e-03 1.355147827416658401e-02 2.934332937002182007e-03 1.078882720321416855e-02 1.145352981984615326e-02 2.491001505404710770e-03 1.367204077541828156e-02 1.587595441378653049e-03 1.551632769405841827e-02 2.925206907093524933e-03 1.394980307668447495e-02 3.417460946366190910e-03 8.721775375306606293e-03 6.978700868785381317e-03
2.214300818741321564e-02 1.984618417918682098e-02 1.230326481163501740e-02 2.275744639337062836e-02 1.005627773702144623e-02 3.620570898056030273e-02 1.797510683536529541e-02 1.809469982981681824e-02 7.066576275974512100e-03 1.788177527487277985e-02 5.008275620639324188e-03 8.279671072959899902e-01 2.600003208499401808e-04 5.948260426521301270e-02 5.878578871488571167e-03 2.798827178776264191e-02 2.243387326598167419e-02 2.349551580846309662e-02 3.480290621519088745e-02 1.117587927728891373e-02 1.704673841595649719e-02 6.085732486099004745e-03 3.862398490309715271e-02 2.141120843589305878e-02 1.113986037671566010e-02 1.954147033393383026e-02 2.081394754350185394e-02 5.189273133873939514e-02 1.780330389738082886e-02 3.660694137215614319e-02 1.676473021507263184e-02 1.415107492357492447e-02 1.254800707101821899e-02 4.357961006462574005e-03 2.371112816035747528e-03 9.331684559583663940e-03 2.420057076960802078e-03 1.724815927445888519e-02 1.934460550546646118e-02 1.782494783401489258e-02 1.678711362183094025e-02 2.185180224478244781e-02 1.654454879462718964e-02 2.785160671919584274e-03 4.374779015779495239e-02 2.622622996568679810e-02 2.769468538463115692e-02 8.435197174549102783e-03 7.550641894340515137e-03 2.618692815303802490e-02 8.567991666495800018e-03 1.118819788098335266e-02 5.876740440726280212e-03 4.730980435851961374e-04 1.456030644476413727e-02 8.487108163535594940e-03 2.684496156871318817e-02 2.250812016427516937e-02 1.054860930889844894e-02 1.208648923784494400e-02 2.358463406562805176e-02 2.040906809270381927e-02 8.128430694341659546e-03 5.164438392966985703e-03 6.184244062751531601e-03 5.427617579698562622e-03 2.628681715577840805e-03 1.027912925928831100e-02 1.418324466794729233e-02 2.427924983203411102e-02 1.149643771350383759e-02 1.942816749215126038e-02 2.199426107108592987e-02 2.240406908094882965e-02 1.826165616512298584e-02 2.823915146291255951e-02 3.471897915005683899e-02 1.739600906148552895e-03 9.871973656117916107e-03 3.031621873378753662e-02 1.592821441590785980e-02 2.046223031356930733e-03 1.394281536340713501e-02 3.603407368063926697e-02 1.922121830284595490e-02 3.817401826381683350e-03 3.560644807294011116e-03 3.902438795194029808e-03 2.213308401405811310e-02 1.074067130684852600e-02 2.215740643441677094e-02 7.406396791338920593e-03 1.302806194871664047e-02 1.161056384444236755e-02 1.221891143359243870e-03 2.282643504440784454e-02 4.593496676534414291e-03 9.981313720345497131e-03 1.098510529845952988e-02 3.463506698608398438e-03 2.170569263398647308e-02 1.804870367050170898e-02 3.081187373027205467e-03 6.718195043504238129e-03 7.622088305652141571e-03 9.119135327637195587e-03 1.072833873331546783e-02 3.886393969878554344e-04 7.206441368907690048e-03 2.570979483425617218e-02 1.131129078567028046e-02 1.266267802566289902e-02 1.290231849998235703e-02 4.219406284391880035e-03 7.064641453325748444e-03 1.997503452003002167e-03
4.794716462492942810e-02 5.799242109060287476e-02 2.221698686480522156e-02 2.147990092635154724e-02 7.596889045089483261e-03 2.287885919213294983e-02 2.707418240606784821e-02 6.510762032121419907e-03 3.181455424055457115e-03 3.327256441116333008e-02 4.630353301763534546e-02 2.600003208499401808e-04 8.279671072959899902e-01 7.854367606341838837e-03 2.442474104464054108e-02 2.192914858460426331e-02 2.441291511058807373e-02 8.142851293087005615e-03 3.151800110936164856e-02 2.803984470665454865e-02 3.052116744220256805e-02 3.562115505337715149e-02 9.215765632688999176e-03 1.245885621756315231e-02 3.405804932117462158e-02 3.159959614276885986e-02 2.495676465332508087e-02 7.076897192746400833e-03 7.144263014197349548e-03 1.187029061838984489e-03 2.656693756580352783e-02 1.855328120291233063e-02 5.651318002492189407e-03 1.227045524865388870e-02 1.199964713305234909e-02 8.659859187901020050e-03 1.838573440909385681e-02 9.825999848544597626e-03 3.025765158236026764e-02 1.974362134933471680e-02 2.375527098774909973e-02 9.037572308443486691e-04 5.256879609078168869e-03 4.239676985889673233e-03 1.215332746505737305e-02 1.266875304281711578e-02 4.301942512392997742e-02 3.295215219259262085e-02 6.667110137641429901e-03 4.224155098199844360e-03 4.772677086293697357e-03 1.423525810241699219e-02 1.690300926566123962e-02 1.042455900460481644e-02 4.155986942350864410e-03 9.109126403927803040e-03 2.969999797642230988e-03 1.773807033896446228e-02 6.891495082527399063e-03 1.212276984006166458e-02 8.921777829527854919e-03 1.394291687756776810e-02 2.681035175919532776e-02 1.932688988745212555e-02 9.139404632151126862e-03 3.831605240702629089e-02 1.679697632789611816e-02 2.549068443477153778e-02 3.235335927456617355e-03 3.262791410088539124e-02 1.439784746617078781e-02 9.241340681910514832e-03 2.224703133106231689e-02 2.481802180409431458e-02 2.647040598094463348e-02 1.742315595038235188e-03 8.463009260594844818e-03 2.643791586160659790e-02 1.259237341582775116e-02 1.537901349365711212e-02 5.206826608628034592e-03 6.555867381393909454e-03 1.297783572226762772e-02 2.183726802468299866e-02 9.313864866271615028e-04 3.709579352289438248e-03 2.864714898169040680e-02 2.401374652981758118e-02 1.019029691815376282e-02 1.883799210190773010e-02 2.893944643437862396e-02 3.251992538571357727e-02 3.066305816173553467e-02 2.924371510744094849e-02 2.333431132137775421e-02 1.573619805276393890e-02 3.100969642400741577e-02 8.055761456489562988e-03 1.879402808845043182e-02 1.704509928822517395e-02 1.617798022925853729e-02 1.475594937801361084e-02 2.221840992569923401e-02 9.917563758790493011e-03 1.824226230382919312e-02 9.706811979413032532e-03 1.711002178490161896e-02 7.450575474649667740e-03 1.562550105154514313e-02 1.678817160427570343e-02 2.115643117576837540e-03 8.975874632596969604e-03 1.978188753128051758e-02 7.753239944577217102e-03 1.129960641264915466e-02 3.741782857105135918e-03
