8.662383556365966797e-01 4.409226402640342712e-02 1.466654147952795029e-02 1.224845554679632187e-02 1.032430212944746017e-02 2.655669488012790680e-02 1.734820939600467682e-02 1.263243053108453751e-02 1.291859056800603867e-02 1.277620159089565277e-02 2.992074564099311829e-02 1.007960364222526550e-02 3.060611337423324585e-02 8.116489276289939880e-03 1.952809095382690430e-02 2.056542038917541504e-02 1.696944236755371094e-02 1.972057484090328217e-02 4.725438077002763748e-03 1.599541679024696350e-02 1.433001086115837097e-02 2.310886606574058533e-02 1.466766744852066040e-02 1.018746197223663330e-02 1.313565764576196671e-02 8.334347978234291077e-03 2.243540994822978973e-02 7.819492369890213013e-03 1.950319483876228333e-02 1.084030978381633759e-02 2.737263776361942291e-02 1.755924522876739502e-02 1.292122527956962585e-02 1.887344196438789368e-02 1.352357398718595505e-02 2.759175002574920654e-02 2.407931163907051086e-02 1.925777457654476166e-02 2.037555165588855743e-02 1.852663047611713409e-02 2.168505266308784485e-02 2.588473446667194366e-02 1.529357116669416428e-02 2.976523945108056068e-03 2.096137963235378265e-02 1.832633651793003082e-02 2.916780114173889160e-02 2.610956877470016479e-02 1.586805284023284912e-02 2.571866847574710846e-02 1.729002036154270172e-02 1.590016297996044159e-02 1.873826421797275543e-02 1.269428245723247528e-02 1.815146952867507935e-02 1.794625073671340942e-02 1.465223962441086769e-03 5.619248375296592712e-03 1.423258148133754730e-02 1.073302980512380600e-02 1.946965232491493225e-02 1.811562106013298035e-02 8.062825538218021393e-03 6.549537647515535355e-03 2.289792336523532867e-02 1.958404853940010071e-02 1.648770831525325775e-02 1.322834938764572144e-02 1.854305900633335114e-02 2.578265219926834106e-02 1.548313163220882416e-02 2.223418839275836945e-02 1.525301858782768250e-02 9.722874499857425690e-03 1.332167722284793854e-02 1.681600883603096008e-02 1.721486449241638184e-02 1.326051540672779083e-02 6.514949724078178406e-03 8.334073238074779510e-03 2.574328755144961178e-05 1.667568460106849670e-02 1.666480861604213715e-02 1.179394125938415527e-02 1.314681954681873322e-02 4.445487167686223984e-03 2.331962436437606812e-02 2.354087494313716888e-02 1.526451017707586288e-02 4.111253656446933746e-03 2.746733091771602631e-02 2.592267468571662903e-02 2.749443799257278442e-02 3.137785196304321289e-02 2.126372419297695160e-02 2.223147824406623840e-02 1.442949473857879639e-02 8.499007672071456909e-03 2.288437075912952423e-02 1.830257102847099304e-02 2.177945524454116821e-02 2.627935260534286499e-02 2.048297971487045288e-02 2.279973030090332031e-02 1.303482055664062500e-02 6.845462135970592499e-03 1.824819855391979218e-02 8.162809535861015320e-03 2.968599833548069000e-02 9.883146733045578003e-03 2.290762588381767273e-02 1.654015481472015381e-02 1.766770705580711365e-02 1.225714199244976044e-02 2.615298330783843994e-02 1.826527155935764313e-02
4.409226402640342712e-02 8.662383556365966797e-01 2.985453000292181969e-03 1.130469143390655518e-02 8.552064187824726105e-03 2.738055773079395294e-02 1.831656135618686676e-02 1.188688725233078003e-02 1.186882704496383667e-02 1.323028281331062317e-02 2.980406023561954498e-02 8.710640482604503632e-03 3.375727683305740356e-02 7.611029315739870071e-03 2.068677917122840881e-02 1.838874258100986481e-02 1.180251594632863998e-02 1.326756179332733154e-02 5.808320129290223122e-04 1.401683595031499863e-02 9.280583821237087250e-03 2.256363071501255035e-02 1.342230848968029022e-02 7.586162537336349487e-03 8.912750519812107086e-03 5.178506951779127121e-03 2.269531600177288055e-02 1.866362057626247406e-03 1.764036901295185089e-02 1.541583053767681122e-02 2.450380474328994751e-02 1.652586646378040314e-02 1.216040272265672684e-02 1.673810556530952454e-02 1.131567452102899551e-02 2.837459184229373932e-02 2.389352954924106598e-02 1.902162656188011169e-02 2.149854227900505066e-02 1.200568024069070816e-02 2.028379961848258972e-02 2.560296468436717987e-02 1.398074161261320114e-02 6.338429171591997147e-03 1.967464387416839600e-02 1.649640128016471863e-02 2.647339738905429840e-02 2.584783546626567841e-02 2.063761651515960693e-02 2.325979247689247131e-02 1.796008832752704620e-02 1.677449606359004974e-02 1.971177197992801666e-02 1.306430995464324951e-02 2.248386107385158539e-02 2.039971016347408295e-02 4.072339739650487900e-03 4.862739704549312592e-03 1.454022154211997986e-02 1.008519902825355530e-02 1.999656297266483307e-02 1.552050746977329254e-02 7.866811007261276245e-03 5.756539292633533478e-03 2.122591994702816010e-02 2.026879414916038513e-02 1.623653806746006012e-02 1.168245542794466019e-02 1.806398853659629822e-02 1.988183520734310150e-02 1.920507848262786865e-02 1.793384365737438202e-02 1.251816563308238983e-02 1.795819844119250774e-03 9.599347598850727081e-03 9.982441551983356476e-03 1.621212065219879150e-02 1.589499600231647491e-02 7.558334618806838989e-03 1.080518402159214020e-02 5.762812797911465168e-04 1.891137287020683289e-02 1.256122160702943802e-02 7.819244638085365295e-03 1.200802717357873917e-02 4.791956744156777859e-04 2.289960160851478577e-02 2.259562723338603973e-02 1.736705936491489410e-02 2.034429693594574928e-03 2.668576128780841827e-02 2.669537067413330078e-02 2.785389125347137451e-02 3.288565948605537415e-02 1.555871684104204178e-02 1.560677215456962585e-02 4.452807828783988953e-03 1.118144858628511429e-02 2.551823109388351440e-02 1.940606534481048584e-02 1.611381024122238159e-02 2.287320792675018311e-02 1.744617149233818054e-02 2.413835562765598297e-02 1.664789579808712006e-02 6.590967066586017609e-03 1.767313294112682343e-02 6.895147729665040970e-03 2.744765393435955048e-02 1.116952206939458847e-02 2.399342879652976990e-02 1.416369434446096420e-02 1.652900502085685730e-02 1.279114559292793274e-02 2.551584877073764801e-02 1.194682810455560684e-02
1.466654147952795029e-02 2.985453000292181969e-03 8.662383556365966797e-01 4.679261764977127314e-04 3.352273721247911453e-03 8.371423929929733276e-03 5.224788095802068710e-03 1.679710298776626587e-02 2.424486912786960602e-02 1.736758649349212646e-02 7.495933212339878082e-03 1.500609447248280048e-03 2.481097762938588858e-04 1.792582334019243717e-03 1.011139480397105217e-03 1.492720935493707657e-02 1.493150088936090469e-02 6.732972804456949234e-03 1.326302532106637955e-02 2.105058915913105011e-02 1.395411323755979538e-02 1.071217190474271774e-02 9.693829342722892761e-03 7.753856945782899857e-03 1.065326482057571411e-02 2.764968667179346085e-04 1.896370016038417816e-02 2.325713261961936951e-02 4.261922556906938553e-03 1.364168711006641388e-02 1.401918567717075348e-02 1.165870483964681625e-02 6.696434225887060165e-03 1.619473285973072052e-02 9.009925648570060730e-03 1.741918921470642090e-02 1.654812507331371307e-02 9.634175337851047516e-03 2.827333519235253334e-04 2.338444441556930542e-02 3.406674601137638092e-03 5.096714012324810028e-03 1.003446150571107864e-02 6.339508574455976486e-03 1.486968714743852615e-02 1.521391049027442932e-02 1.417823880910873413e-02 6.123638246208429337e-03 3.230804577469825745e-03 1.842434890568256378e-02 1.309040933847427368e-02 9.092060849070549011e-03 9.418401867151260376e-03 1.021486055105924606e-02 1.238049939274787903e-02 1.154315937310457230e-02 8.111927658319473267e-03 5.625470541417598724e-03 1.498108077794313431e-02 1.880164444446563721e-02 6.912464741617441177e-03 1.490398123860359192e-02 6.267969496548175812e-03 6.951456423848867416e-03 1.415904145687818527e-02 6.524220574647188187e-03 1.265347283333539963e-02 6.216807756572961807e-03 8.647033944725990295e-03 7.288980763405561447e-03 3.025128971785306931e-03 4.518706351518630981e-03 7.105438970029354095e-03 3.313090652227401733e-03 7.068321574479341507e-03 2.156832022592425346e-03 2.339198254048824310e-02 2.467908710241317749e-02 6.085482425987720490e-03 1.920923590660095215e-03 3.856742009520530701e-02 3.110705316066741943e-02 1.722766645252704620e-02 8.014539256691932678e-03 4.441339056938886642e-03 3.428690833970904350e-03 1.212260685861110687e-02 1.547199673950672150e-02 2.103049121797084808e-02 1.391353318467736244e-03 1.196622662246227264e-02 1.189235132187604904e-02 1.142018940299749374e-02 1.754569821059703827e-02 4.530378058552742004e-02 4.413622245192527771e-02 2.836293727159500122e-02 2.801511902362108231e-03 7.827992551028728485e-03 3.640593495219945908e-03 2.530328929424285889e-02 2.892092987895011902e-02 1.985236443579196930e-02 1.362714357674121857e-02 1.920488546602427959e-03 1.593557000160217285e-02 2.194931916892528534e-02 9.592610411345958710e-03 3.135405480861663818e-02 8.917207829654216766e-03 1.203027460724115372e-02 1.955918967723846436e-02 8.040329441428184509e-03 9.867706103250384331e-04 2.269372716546058655e-02 8.404259569942951202e-03
1.224845554679632187e-02 1.130469143390655518e-02 4.679261764977127314e-04 8.662383556365966797e-01 7.266533374786376953e-02 1.244549360126256943e-02 6.801450159400701523e-03 3.160139080137014389e-03 1.638768240809440613e-02 1.000719703733921051e-02 1.060811243951320648e-02 9.532453841529786587e-04 6.893435027450323105e-03 4.628976341336965561e-03 9.594924747943878174e-03 2.971067465841770172e-02 2.243941463530063629e-02 2.305475436151027679e-02 2.690082415938377380e-02 5.857155192643404007e-03 2.880233153700828552e-02 1.548022613860666752e-03 3.602968296036124229e-03 3.174570621922612190e-03 7.527058944106101990e-03 1.840130891650915146e-03 5.166654475033283234e-03 5.070022772997617722e-03 1.411688327789306641e-02 1.074069831520318985e-02 4.360975697636604309e-03 5.460021086037158966e-03 1.796205062419176102e-03 2.398434095084667206e-03 1.288543175905942917e-02 1.388688804581761360e-03 5.598884075880050659e-03 2.180753089487552643e-02 5.786998569965362549e-02 4.935695976018905640e-02 2.017590217292308807e-02 4.484185017645359039e-03 7.860635407269001007e-03 1.751369982957839966e-02 1.287357416003942490e-02 1.610433869063854218e-02 7.401410024613142014e-03 1.249488070607185364e-02 1.753291673958301544e-02 5.389359779655933380e-03 1.293233409523963928e-02 1.433778554201126099e-02 1.538101118057966232e-02 1.358385942876338959e-02 9.892082773149013519e-03 6.100577767938375473e-03 2.311364660272374749e-04 1.218356285244226456e-02 1.748891174793243408e-02 1.330120302736759186e-02 1.405543647706508636e-02 1.284599211066961288e-02 2.222420834004878998e-02 2.763584442436695099e-02 9.651755914092063904e-03 1.246253680437803268e-02 1.976349085452966392e-05 4.005840048193931580e-03 1.645039767026901245e-02 1.143808476626873016e-02 1.784767769277095795e-02 4.740260075777769089e-03 4.280459135770797729e-02 2.376662008464336395e-02 4.471857845783233643e-02 1.728960312902927399e-02 1.416657119989395142e-03 4.007543902844190598e-03 2.452380582690238953e-02 1.180340256541967392e-02 7.857419550418853760e-03 7.742605637758970261e-03 5.504116043448448181e-02 3.630566224455833435e-02 1.189749222248792648e-02 1.825026609003543854e-02 5.188593640923500061e-03 7.651045452803373337e-03 1.058430690318346024e-02 7.028809050098061562e-04 6.427559535950422287e-03 3.102706978097558022e-03 1.321361865848302841e-02 3.856887269648723304e-05 6.742897443473339081e-03 5.935158114880323410e-03 8.288354612886905670e-03 2.661713398993015289e-03 9.818685241043567657e-03 1.575408503413200378e-02 1.718285307288169861e-02 5.207242909818887711e-03 1.062419638037681580e-02 4.500721115618944168e-03 2.398586831986904144e-02 4.547688178718090057e-03 1.635274849832057953e-02 8.654454723000526428e-03 1.421047141775488853e-03 2.024493552744388580e-02 1.390784326940774918e-02 1.679643429815769196e-02 1.087816152721643448e-02 1.290315762162208557e-02 1.918877474963665009e-02 1.451555266976356506e-02
1.032430212944746017e-02 8.552064187824726105e-03 3.352273721247911453e-03 7.266533374786376953e-02 8.662383556365966797e-01 1.446413900703191757e-02 1.073178090155124664e-02 1.985958311706781387e-03 5.420399829745292664e-03 1.302432641386985779e-02 6.507686804980039597e-03 6.477830931544303894e-03 6.178213749080896378e-03 2.633058466017246246e-03 9.314611088484525681e-04 2.020147629082202911e-02 9.732274338603019714e-03 2.910812012851238251e-02 2.402277663350105286e-02 7.093303371220827103e-03 9.931180626153945923e-03 2.399807097390294075e-03 6.584229413419961929e-03 6.128109525889158249e-03 4.271120298653841019e-03 9.655009023845195770e-03 4.092391114681959152e-03 1.503256801515817642e-02 1.721332781016826630e-02 4.761530086398124695e-03 5.489049945026636124e-03 9.571362170390784740e-04 7.645287550985813141e-03 3.610997227951884270e-03 8.423077873885631561e-03 2.799134701490402222e-03 6.052308599464595318e-04 1.960581727325916290e-02 5.708355084061622620e-02 4.903103411197662354e-02 1.353648398071527481e-02 7.084853481501340866e-03 7.052264641970396042e-03 2.969855209812521935e-03 1.227371860295534134e-02 1.104073412716388702e-02 1.155659090727567673e-02 1.486755255609750748e-02 2.353419549763202667e-02 8.250214159488677979e-04 5.664856638759374619e-03 1.338617783039808273e-02 9.354295325465500355e-04 5.235130432993173599e-03 1.332493033260107040e-02 1.497644581831991673e-03 2.920720027759671211e-03 1.255769096314907074e-02 7.520211860537528992e-03 4.518182016909122467e-03 1.143429614603519440e-02 8.408126421272754669e-03 7.904500700533390045e-03 1.751282438635826111e-02 9.251128882169723511e-03 3.437083913013339043e-03 1.795256393961608410e-03 8.624562993645668030e-03 1.218852866441011429e-02 1.150590367615222931e-02 1.373357791453599930e-02 1.291461568325757980e-02 3.341859951615333557e-02 2.349673025310039520e-02 4.289926961064338684e-02 2.916188165545463562e-02 4.715834744274616241e-03 1.196350064128637314e-02 2.361438609659671783e-02 1.021484658122062683e-02 7.596645038574934006e-03 2.145940903574228287e-03 5.977423489093780518e-02 5.390111729502677917e-02 2.741140779107809067e-04 1.283145509660243988e-02 1.038436195813119411e-03 7.700238842517137527e-03 6.792108993977308273e-03 6.402688100934028625e-03 8.717104792594909668e-03 3.385594114661216736e-03 1.337518729269504547e-02 1.779748825356364250e-03 4.977033007889986038e-03 2.751710126176476479e-03 1.166196633130311966e-02 3.135046735405921936e-02 3.331560641527175903e-03 9.912787936627864838e-03 2.118483372032642365e-02 1.183066889643669128e-02 1.168492343276739120e-02 7.627975428476929665e-04 9.401919320225715637e-03 6.863925955258309841e-04 1.577327959239482880e-02 8.917588740587234497e-03 5.732993595302104950e-03 9.838757105171680450e-03 1.324343401938676834e-02 1.654307916760444641e-02 1.065279357135295868e-02 1.285787299275398254e-02 1.282924972474575043e-02 1.090429909527301788e-02
2.655669488012790680e-02 2.738055773079395294e-02 8.371423929929733276e-03 1.244549360126256943e-02 1.446413900703191757e-02 8.662383556365966797e-01 4.118942469358444214e-02 3.224801039323210716e-03 9.019935503602027893e-03 4.942604340612888336e-03 3.125738352537155151e-02 3.341155871748924255e-02 3.204863518476486206e-02 2.442784793674945831e-02 1.461820024996995926e-02 1.470822561532258987e-02 1.096758805215358734e-02 8.068369701504707336e-03 6.021915003657341003e-03 1.060653291642665863e-02 1.005236711353063583e-02 2.706590667366981506e-02 1.810462027788162231e-02 1.182955410331487656e-02 1.408935245126485825e-02 1.502001658082008362e-02 2.377625182271003723e-02 2.172266691923141479e-02 2.619317546486854553e-02 1.726585812866687775e-02 2.951420471072196960e-02 1.811981946229934692e-02 1.796960830688476562e-02 1.918332837522029877e-02 1.217641960829496384e-02 2.023859135806560516e-02 2.169942855834960938e-02 2.395919896662235260e-02 2.162410318851470947e-02 2.037020632997155190e-03 1.766115427017211914e-02 2.316297776997089386e-02 2.124364487826824188e-02 2.142103388905525208e-03 2.500500157475471497e-02 1.382002513855695724e-02 3.920680657029151917e-02 3.366145119071006775e-02 1.181973330676555634e-02 1.790131069719791412e-02 2.293326333165168762e-02 2.307603694498538971e-02 1.527683157473802567e-02 1.204633619636297226e-02 1.099363714456558228e-02 1.179042924195528030e-02 5.130155477672815323e-03 1.241932623088359833e-02 1.791149750351905823e-02 1.230514794588088989e-02 1.175945065915584564e-02 9.364650584757328033e-03 1.667276769876480103e-02 1.076223049312829971e-02 2.554295212030410767e-02 2.361099794507026672e-02 1.797955855727195740e-02 2.015230245888233185e-02 1.141841989010572433e-02 1.944445632398128510e-02 8.908160962164402008e-03 1.492259278893470764e-02 1.828422211110591888e-02 1.220133341848850250e-02 1.106557622551918030e-02 1.684675179421901703e-02 1.046010944992303848e-02 2.708075800910592079e-03 9.646684862673282623e-03 2.217922173440456390e-02 5.293456837534904480e-03 1.427449192851781845e-02 1.504095364362001419e-02 8.392864838242530823e-03 6.191984284669160843e-03 9.163867216557264328e-04 1.896496303379535675e-02 2.057531103491783142e-02 9.103826247155666351e-03 4.411359317600727081e-03 3.371528908610343933e-02 2.763938531279563904e-02 3.216559067368507385e-02 2.232591249048709869e-02 1.958241453394293785e-03 1.401149202138185501e-02 1.067685615271329880e-02 3.344554454088211060e-02 1.581605337560176849e-02 2.090414986014366150e-02 2.272684499621391296e-02 2.126680500805377960e-02 1.816812902688980103e-02 2.190313860774040222e-02 1.681337691843509674e-02 1.636907272040843964e-02 1.876718364655971527e-02 1.109778764657676220e-03 2.119690366089344025e-02 1.491729822009801865e-02 1.308867242187261581e-02 2.015818841755390167e-02 1.983924768865108490e-02 1.818390563130378723e-02 2.599724940955638885e-02 5.495302844792604446e-03
1.734820939600467682e-02 1.831656135618686676e-02 5.224788095802068710e-03 6.801450159400701523e-03 1.073178090155124664e-02 4.118942469358444214e-02 8.662383556365966797e-01 6.973507348448038101e-03 5.721441004425287247e-03 5.315084476023912430e-03 2.864716947078704834e-02 3.442052379250526428e-02 2.898705564439296722e-02 3.172006458044052124e-02 1.670091971755027771e-02 8.562470786273479462e-03 5.888519342988729477e-03 1.934024877846240997e-02 3.433099482208490372e-03 1.267390884459018707e-02 1.119054201990365982e-02 3.082414530217647552e-02 1.879389770328998566e-02 1.431354135274887085e-02 1.995026320219039917e-02 1.900644972920417786e-02 2.207738347351551056e-02 1.210412289947271347e-02 2.201209217309951782e-02 1.159205194562673569e-02 2.547639980912208557e-02 2.018230780959129333e-02 2.134857885539531708e-02 1.873153634369373322e-02 1.300984062254428864e-02 1.781436055898666382e-02 2.078181505203247070e-02 2.302117832005023956e-02 1.111364178359508514e-02 1.580239087343215942e-02 1.713712885975837708e-02 2.206183783710002899e-02 2.676073834300041199e-02 9.078632574528455734e-04 2.671401947736740112e-02 1.725169271230697632e-02 3.524541109800338745e-02 3.430745005607604980e-02 1.780215092003345490e-02 1.689435914158821106e-02 2.394452877342700958e-02 2.692198380827903748e-02 1.791745238006114960e-02 1.662060245871543884e-02 9.561044164001941681e-03 8.321634493768215179e-03 1.121667958796024323e-02 1.868962123990058899e-02 2.258026041090488434e-02 1.857775822281837463e-02 9.026727639138698578e-03 8.585817180573940277e-03 1.865098625421524048e-02 1.505755912512540817e-02 2.426459267735481262e-02 2.654639258980751038e-02 2.216864563524723053e-02 2.383143454790115356e-02 9.289081208407878876e-03 1.328324712812900543e-02 1.039136946201324463e-02 1.309326104819774628e-02 1.558178011327981949e-02 8.420426398515701294e-03 8.575214073061943054e-03 1.247072033584117889e-02 5.665126722306013107e-03 4.112146853003650904e-04 1.212660316377878189e-02 1.953992992639541626e-02 2.258729189634323120e-03 1.607227697968482971e-02 5.461378954350948334e-03 3.484492190182209015e-03 6.476580165326595306e-03 1.104026916436851025e-03 1.748175919055938721e-02 2.219636365771293640e-02 4.359445534646511078e-03 1.051283348351716995e-02 3.025501593947410583e-02 2.792744524776935577e-02 3.183668106794357300e-02 1.980586536228656769e-02 7.391068153083324432e-03 5.387593992054462433e-03 6.077445112168788910e-03 3.760536015033721924e-02 1.502741407603025436e-02 2.243030071258544922e-02 1.952020823955535889e-02 1.820598915219306946e-02 1.672361418604850769e-02 2.174860052764415741e-02 1.754256151616573334e-02 2.300059795379638672e-02 1.240957528352737427e-02 3.902888623997569084e-03 1.779542863368988037e-02 1.922772079706192017e-02 5.728462710976600647e-03 1.955735683441162109e-02 2.214531041681766510e-02 2.400651015341281891e-02 2.123568207025527954e-02 6.619749125093221664e-03
1.263243053108453751e-02 1.188688725233078003e-02 1.679710298776626587e-02 3.160139080137014389e-03 1.985958311706781387e-03 3.224801039323210716e-03 6.973507348448038101e-03 8.662383556365966797e-01 6.643185392022132874e-03 1.278277393430471420e-02 1.882525533437728882e-02 4.723603778984397650e-04 1.767959818243980408e-02 1.350077764072921127e-05 3.654408827424049377e-02 9.644062258303165436e-03 7.661478128284215927e-03 4.311983939260244370e-03 1.298822928220033646e-02 1.579493097960948944e-02 1.431831531226634979e-02 1.819379441440105438e-02 1.257061120122671127e-02 1.084737014025449753e-02 2.343545481562614441e-02 1.143887825310230255e-02 2.035833150148391724e-02 5.562129896134138107e-03 1.806507259607315063e-02 1.219411846250295639e-03 2.211143262684345245e-02 2.149895206093788147e-02 1.897207275032997131e-02 2.085450850427150726e-02 1.648554019629955292e-02 1.300102379173040390e-02 1.157237961888313293e-02 2.111858502030372620e-02 7.758780382573604584e-03 3.853103844448924065e-04 2.423424459993839264e-02 1.587958447635173798e-02 1.611065305769443512e-02 1.140582095831632614e-02 2.049737423658370972e-02 1.520431041717529297e-02 9.696619585156440735e-03 1.320056058466434479e-02 2.310166321694850922e-02 2.172387763857841492e-02 1.656052097678184509e-02 2.108936198055744171e-02 2.095146663486957550e-02 2.155564539134502411e-02 2.053470537066459656e-02 1.764275133609771729e-02 2.261381410062313080e-02 1.368720363825559616e-02 2.025849930942058563e-02 1.655146852135658264e-02 1.847892254590988159e-02 1.817714422941207886e-02 1.404942199587821960e-02 1.487719733268022537e-02 2.057728357613086700e-02 1.776030659675598145e-02 2.450711838901042938e-02 1.907367445528507233e-02 1.534627657383680344e-02 7.633860222995281219e-03 2.040999568998813629e-02 1.819444447755813599e-02 6.881147623062133789e-03 1.157040148973464966e-02 3.868717234581708908e-03 6.071739830076694489e-03 1.814258843660354614e-02 2.002522349357604980e-02 4.017531871795654297e-03 6.409893743693828583e-03 3.313967585563659668e-02 2.932363189756870270e-02 3.780485363677144051e-03 5.284553393721580505e-03 2.300560660660266876e-02 1.515726186335086823e-02 3.134655952453613281e-02 2.740181609988212585e-02 1.994774118065834045e-02 7.151928730309009552e-03 1.947460882365703583e-02 1.600943505764007568e-02 1.669230125844478607e-02 1.930154673755168915e-02 1.853578723967075348e-02 1.350077055394649506e-02 9.563605301082134247e-03 2.739501651376485825e-03 1.841741055250167847e-02 1.803975738584995270e-02 6.068366114050149918e-03 9.054251015186309814e-03 2.515885606408119202e-02 1.839130744338035583e-02 1.010749395936727524e-02 1.768169365823268890e-02 6.839191191829741001e-04 8.362363092601299286e-03 1.337307877838611603e-02 1.602478511631488800e-02 2.398756146430969238e-02 2.233931422233581543e-02 1.637703552842140198e-02 1.765165291726589203e-02 2.405210770666599274e-02 3.507473506033420563e-03
1.291859056800603867e-02 1.186882704496383667e-02 2.424486912786960602e-02 1.638768240809440613e-02 5.420399829745292664e-03 9.019935503602027893e-03 5.721441004425287247e-03 6.643185392022132874e-03 8.662383556365966797e-01 4.060593247413635254e-02 4.427831154316663742e-03 7.143832277506589890e-03 6.964032072573900223e-03 1.174011360853910446e-02 7.754824124276638031e-03 1.079555694013834000e-02 1.005836296826601028e-02 1.879101991653442383e-02 1.172384340316057205e-02 1.877214387059211731e-02 7.550165057182312012e-03 4.667287692427635193e-03 1.217145193368196487e-02 2.762861549854278564e-03 1.242182403802871704e-02 5.397784058004617691e-03 1.743748225271701813e-02 1.795837096869945526e-02 8.762445067986845970e-04 2.727047540247440338e-02 9.661414660513401031e-03 1.149904262274503708e-02 3.419439308345317841e-03 1.968689262866973877e-02 1.855569193139672279e-03 2.026099711656570435e-02 1.654379814863204956e-02 9.736296720802783966e-03 1.638276875019073486e-02 8.064093999564647675e-03 4.648900590837001801e-03 1.751291449181735516e-03 7.647378835827112198e-03 1.419452205300331116e-02 1.438897661864757538e-02 3.941160626709461212e-03 1.856263913214206696e-02 3.024629550054669380e-03 8.719419129192829132e-03 8.908433839678764343e-03 6.499931216239929199e-03 9.199439082294702530e-04 6.366387009620666504e-03 6.701938342303037643e-03 3.957025334239006042e-02 3.627538681030273438e-02 2.380682528018951416e-02 8.855779655277729034e-03 9.391633793711662292e-03 8.505650795996189117e-03 1.862988248467445374e-02 2.291354164481163025e-02 5.762953776866197586e-03 2.483896212652325630e-03 8.856548927724361420e-03 4.437445197254419327e-03 3.966336604207754135e-03 1.231344067491590977e-03 3.372539579868316650e-02 2.737712301313877106e-02 1.073403842747211456e-02 3.533196449279785156e-02 9.460991714149713516e-04 7.211505435407161713e-03 9.346114471554756165e-03 3.177064284682273865e-02 5.248430371284484863e-02 3.221508115530014038e-02 6.030631065368652344e-02 1.933181472122669220e-02 1.120104826986789703e-02 1.610341854393482208e-02 1.837865263223648071e-02 3.133223205804824829e-02 2.939544059336185455e-02 1.749049499630928040e-02 4.592117387801408768e-03 9.989468380808830261e-03 6.205468252301216125e-02 1.280988194048404694e-02 1.393557246774435043e-02 1.552988588809967041e-02 5.893263965845108032e-03 1.225423533469438553e-02 1.793972030282020569e-02 1.810207031667232513e-02 1.163537334650754929e-02 7.668949663639068604e-03 1.147716492414474487e-02 7.927917758934199810e-04 1.271258690394461155e-03 1.816879585385322571e-02 1.584673486649990082e-02 1.777728646993637085e-02 8.272400125861167908e-03 1.678743516094982624e-03 7.849644869565963745e-03 1.137188076972961426e-02 1.406814064830541611e-02 6.452805362641811371e-03 1.417317194864153862e-03 1.553059741854667664e-02 2.478292677551507950e-03 6.348954979330301285e-03 1.502876542508602142e-02 7.339698728173971176e-03
1.277620159089565277e-02 1.323028281331062317e-02 1.736758649349212646e-02 1.000719703733921051e-02 1.302432641386985779e-02 4.942604340612888336e-03 5.315084476023912430e-03 1.278277393430471420e-02 4.060593247413635254e-02 8.662383556365966797e-01 7.716291584074497223e-03 2.273752121254801750e-03 1.232052501291036606e-02 7.815430872142314911e-03 1.280504092574119568e-02 7.147254887968301773e-03 1.591677893884480000e-03 2.322453539818525314e-03 2.723676525056362152e-02 1.318795513361692429e-02 4.019893705844879150e-03 1.373095810413360596e-02 6.641135085374116898e-03 7.435612380504608154e-03 1.078548189252614975e-02 1.447823247872292995e-03 2.956108562648296356e-02 3.392792865633964539e-02 9.169789031147956848e-03 8.722410537302494049e-03 4.784275311976671219e-03 7.499935105443000793e-03 2.373449131846427917e-02 1.307915896177291870e-02 8.314238861203193665e-03 2.284858003258705139e-02 2.747488021850585938e-02 1.441257819533348083e-02 1.030888687819242477e-02 2.095825504511594772e-03 1.240001711994409561e-02 1.841938868165016174e-02 9.299849160015583038e-03 3.723417874425649643e-03 2.104079350829124451e-02 3.030095994472503662e-02 1.282745506614446640e-02 1.031348202377557755e-02 3.068193420767784119e-02 2.400734275579452515e-02 1.310105528682470322e-02 1.111126970499753952e-02 6.026689894497394562e-03 9.664961136877536774e-03 4.080121964216232300e-02 3.940344601869583130e-02 1.113849971443414688e-02 1.324568782001733780e-02 6.876490078866481781e-03 1.387911196798086166e-02 1.306376233696937561e-02 2.861454151570796967e-02 1.048958487808704376e-02 2.489030547440052032e-02 1.071981433779001236e-02 8.579200133681297302e-03 6.294358987361192703e-03 3.044971497729420662e-03 1.869000308215618134e-02 1.443077810108661652e-02 2.116794511675834656e-02 1.992571912705898285e-02 1.041108556091785431e-02 1.072022411972284317e-02 1.270952448248863220e-02 7.950235158205032349e-03 1.660441420972347260e-02 4.124167189002037048e-02 4.461060836911201477e-02 5.163337662816047668e-02 1.436862535774707794e-02 2.204043231904506683e-02 1.388095319271087646e-02 2.659223228693008423e-02 1.365173049271106720e-02 3.026421554386615753e-02 4.607636947184801102e-03 1.935023628175258636e-02 3.502962365746498108e-02 2.831401862204074860e-02 1.285013929009437561e-02 1.850196346640586853e-02 1.071175932884216309e-02 2.368977293372154236e-02 2.415299601852893829e-02 1.876341365277767181e-02 1.337067969143390656e-02 4.314887337386608124e-03 1.329450402408838272e-02 7.740245200693607330e-03 8.289637044072151184e-03 1.139256078749895096e-02 2.036779560148715973e-02 1.736673340201377869e-02 1.733127236366271973e-02 1.017304882407188416e-02 1.324341073632240295e-02 1.679367199540138245e-02 1.372406445443630219e-02 5.686053074896335602e-03 4.755946807563304901e-03 1.514631882309913635e-02 1.539097167551517487e-02 1.366870477795600891e-02 1.358965318650007248e-02 2.305045165121555328e-02
2.992074564099311829e-02 2.980406023561954498e-02 7.495933212339878082e-03 1.060811243951320648e-02 6.507686804980039597e-03 3.125738352537155151e-02 2.864716947078704834e-02 1.882525533437728882e-02 4.427831154316663742e-03 7.716291584074497223e-03 8.662383556365966797e-01 2.245088852941989899e-02 3.439215943217277527e-02 1.999631896615028381e-02 2.704938873648643494e-02 1.606787741184234619e-02 1.201698835939168930e-02 2.121662255376577377e-03 9.189925040118396282e-04 1.443428266793489456e-02 1.719394512474536896e-02 2.797663584351539612e-02 2.033935114741325378e-02 1.755381003022193909e-02 2.010431513190269470e-02 1.798691414296627045e-02 2.467182464897632599e-02 1.588533073663711548e-02 3.049628622829914093e-02 1.876372098922729492e-02 3.277419507503509521e-02 2.151704207062721252e-02 2.253360301256179810e-02 1.911386288702487946e-02 2.176157198846340179e-02 2.410318516194820404e-02 2.381140179932117462e-02 2.498515509068965912e-02 1.585116609930992126e-02 1.768913702107965946e-03 2.337490953505039215e-02 2.623845823109149933e-02 2.481185644865036011e-02 1.249215472489595413e-02 2.459723874926567078e-02 1.770453527569770813e-02 3.098260425031185150e-02 2.816312015056610107e-02 1.880416460335254669e-02 2.147659845650196075e-02 2.022756077349185944e-02 2.467801421880722046e-02 2.428578585386276245e-02 2.115967683494091034e-02 1.448668260127305984e-02 1.425996888428926468e-02 1.087867002934217453e-02 1.423770096153020859e-02 2.317596971988677979e-02 2.038691751658916473e-02 1.829273439943790436e-02 1.519863400608301163e-02 1.449896488338708878e-02 1.382525451481342316e-02 3.012062981724739075e-02 2.907928638160228729e-02 2.433071844279766083e-02 2.364775352180004120e-02 1.434462144970893860e-02 2.225463092327117920e-02 1.487917080521583557e-02 2.000034414231777191e-02 1.827319525182247162e-02 1.699454709887504578e-02 1.104379538446664810e-02 1.622627675533294678e-02 1.142737455666065216e-02 7.093201391398906708e-03 1.220079511404037476e-02 1.769287884235382080e-02 4.688654560595750809e-03 2.116256952285766602e-02 8.363861590623855591e-03 2.789370715618133545e-03 1.660910621285438538e-02 3.216236364096403122e-03 2.913692966103553772e-02 2.707426436245441437e-02 5.766261368989944458e-03 4.391784779727458954e-03 3.203291073441505432e-02 2.895032986998558044e-02 3.256930038332939148e-02 2.706488221883773804e-02 8.998080156743526459e-03 1.259166561067104340e-02 9.389938786625862122e-03 1.562413852661848068e-02 2.180928364396095276e-02 2.400697767734527588e-02 2.014360949397087097e-02 1.996010914444923401e-02 2.225028350949287415e-02 1.871549524366855621e-02 2.058522589504718781e-02 1.984356343746185303e-02 1.120936404913663864e-02 1.148885395377874374e-02 2.189121581614017487e-02 1.836114004254341125e-02 2.124868519604206085e-02 2.112423256039619446e-02 2.281231246888637543e-02 2.163181453943252563e-02 2.647371776401996613e-02 1.726945862174034119e-02
1.007960364222526550e-02 8.710640482604503632e-03 1.500609447248280048e-03 9.532453841529786587e-04 6.477830931544303894e-03 3.341155871748924255e-02 3.442052379250526428e-02 4.723603778984397650e-04 7.143832277506589890e-03 2.273752121254801750e-03 2.245088852941989899e-02 8.662383556365966797e-01 2.169575728476047516e-02 4.192191734910011292e-02 6.682819221168756485e-03 1.853078976273536682e-02 1.496080774813890457e-02 3.770736232399940491e-02 2.929907850921154022e-02 2.465358003973960876e-02 3.143819421529769897e-02 2.109417505562305450e-02 2.473089098930358887e-02 2.267544344067573547e-02 2.412813156843185425e-02 2.572040259838104248e-02 1.065092254430055618e-02 3.058047033846378326e-02 1.892859674990177155e-02 2.984778396785259247e-02 2.512756176292896271e-02 2.588431537151336670e-02 2.144936099648475647e-02 2.898143790662288666e-02 2.480387873947620392e-02 1.587542146444320679e-02 1.916901767253875732e-02 1.755365356802940369e-02 1.095864921808242798e-02 2.168968319892883301e-03 7.268505170941352844e-03 2.152206562459468842e-02 1.860480383038520813e-02 9.896674193441867828e-03 2.081033401191234589e-02 5.249144509434700012e-03 2.552665583789348602e-02 2.162126265466213226e-02 7.620879914611577988e-03 1.159997377544641495e-02 2.074464038014411926e-02 2.076334320008754730e-02 9.327539242804050446e-03 9.445225819945335388e-03 1.334511791355907917e-03 3.995286766439676285e-03 6.077449768781661987e-03 6.291222292929887772e-03 1.588275656104087830e-02 1.110992580652236938e-02 6.441696546971797943e-03 1.208770554512739182e-03 1.093504112213850021e-02 3.245801432058215141e-03 1.784139499068260193e-02 1.149770803749561310e-02 2.371105737984180450e-02 3.252245858311653137e-02 6.306822877377271652e-03 8.214054629206657410e-03 2.345365501241758466e-04 7.396301254630088806e-03 1.307892426848411560e-02 2.408424392342567444e-03 1.261954195797443390e-02 1.319544482976198196e-02 1.437229942530393600e-02 9.872622322291135788e-04 1.673761755228042603e-02 3.070112690329551697e-02 3.093676408752799034e-03 7.511142641305923462e-03 1.064103469252586365e-02 9.789136238396167755e-04 1.187081821262836456e-02 8.002687245607376099e-03 1.895515993237495422e-02 1.323128025978803635e-02 3.719270695000886917e-03 1.025514118373394012e-02 2.596377022564411163e-02 2.092014998197555542e-02 2.263316325843334198e-02 8.080714382231235504e-03 4.708932247012853622e-03 7.739505264908075333e-03 1.034744363278150558e-02 3.611639887094497681e-02 1.688483543694019318e-02 2.110727876424789429e-02 1.811568811535835266e-02 2.317556552588939667e-02 1.141059026122093201e-02 1.295455824583768845e-02 5.225932225584983826e-03 2.225170843303203583e-02 1.538783498108386993e-02 1.583642698824405670e-02 1.790603995323181152e-02 6.752275396138429642e-03 9.136911481618881226e-03 1.471769157797098160e-02 2.092473581433296204e-02 1.866100355982780457e-02 1.265803351998329163e-02 1.135749183595180511e-02
3.060611337423324585e-02 3.375727683305740356e-02 2.481097762938588858e-04 6.893435027450323105e-03 6.178213749080896378e-03 3.204863518476486206e-02 2.898705564439296722e-02 1.767959818243980408e-02 6.964032072573900223e-03 1.232052501291036606e-02 3.439215943217277527e-02 2.169575728476047516e-02 8.662383556365966797e-01 2.001790702342987061e-02 2.631249465048313141e-02 1.329659018665552139e-02 7.817587815225124359e-03 1.018989481963217258e-03 1.294348156079649925e-03 1.422239281237125397e-02 1.732962392270565033e-02 2.716469764709472656e-02 2.040980570018291473e-02 1.609089411795139313e-02 1.969498209655284882e-02 1.726670749485492706e-02 2.424660325050354004e-02 1.482246164232492447e-02 2.899147383868694305e-02 2.037243731319904327e-02 3.106894344091415405e-02 2.065197192132472992e-02 2.316890470683574677e-02 2.003460377454757690e-02 2.064877934753894806e-02 2.516973577439785004e-02 2.513413876295089722e-02 2.569489739835262299e-02 1.613305881619453430e-02 1.086808159016072750e-03 2.144422195851802826e-02 2.831858210265636444e-02 2.318160794675350189e-02 9.141031652688980103e-03 2.556382678449153900e-02 1.818567514419555664e-02 3.023830987513065338e-02 2.954570762813091278e-02 2.106502279639244080e-02 2.319267764687538147e-02 2.064814977347850800e-02 2.240497060120105743e-02 2.233352325856685638e-02 2.034511230885982513e-02 1.723984442651271820e-02 1.915763691067695618e-02 8.627734147012233734e-03 1.467088516801595688e-02 2.174637094140052795e-02 1.947901770472526550e-02 1.747054234147071838e-02 1.560344267636537552e-02 1.428455300629138947e-02 1.470836624503135681e-02 2.929543890058994293e-02 2.847063727676868439e-02 2.221020311117172241e-02 2.300752513110637665e-02 1.465921662747859955e-02 1.923340745270252228e-02 1.557367760688066483e-02 1.992524415254592896e-02 1.250848732888698578e-02 9.504075162112712860e-03 7.459149695932865143e-03 1.336808316409587860e-02 1.326602138578891754e-02 1.025619078427553177e-02 6.553272716701030731e-03 1.138275861740112305e-02 6.665349937975406647e-03 2.191958948969841003e-02 8.852409198880195618e-03 2.172335982322692871e-03 1.611039415001869202e-02 8.089436218142509460e-03 2.793432958424091339e-02 2.608698047697544098e-02 8.163680322468280792e-03 6.865202914923429489e-03 3.245870769023895264e-02 2.933086827397346497e-02 3.206010907888412476e-02 2.855828031897544861e-02 6.106789223849773407e-03 1.222532242536544800e-02 7.527981419116258621e-03 2.243610657751560211e-02 2.248715236783027649e-02 2.346922829747200012e-02 1.837364211678504944e-02 1.925681531429290771e-02 2.107626013457775116e-02 2.320278622210025787e-02 2.128031849861145020e-02 1.983799412846565247e-02 1.329331193119287491e-02 8.768060244619846344e-03 2.125082910060882568e-02 1.668923161923885345e-02 2.137954533100128174e-02 1.853589899837970734e-02 2.266402170062065125e-02 2.224674075841903687e-02 2.491107769310474396e-02 1.686054095625877380e-02
