8.507599830627441406e-01 5.644939467310905457e-02 9.465131908655166626e-03 1.488147396594285965e-02 1.942294090986251831e-02 4.812464863061904907e-02 4.039773717522621155e-02 2.553727105259895325e-02 1.534193567931652069e-02 2.199620008468627930e-03 5.877034366130828857e-02 3.173990547657012939e-02 4.806683212518692017e-02 7.875029928982257843e-03 2.530423551797866821e-02 1.807576417922973633e-02 7.424338255077600479e-03 1.182576082646846771e-02 8.396422490477561951e-04 7.272846531122922897e-03 1.530829537659883499e-02 1.405712869018316269e-02 1.142886700108647346e-03 4.439739044755697250e-03 2.240617945790290833e-02 2.184428833425045013e-02 3.589751897379755974e-03 1.626600883901119232e-02 3.866575658321380615e-02 6.539573427289724350e-03 2.907228842377662659e-02 1.317910570651292801e-02 2.335691591724753380e-03 9.870404377579689026e-03 1.290122419595718384e-02 1.983835361897945404e-02 1.395650207996368408e-02 2.328636124730110168e-02 1.659267023205757141e-02 1.912606507539749146e-02 1.598142273724079132e-02 1.746223494410514832e-02 1.843803189694881439e-02 2.041163668036460876e-02 2.706436812877655029e-02 1.330616045743227005e-02 4.195713996887207031e-02 3.260019794106483459e-02 6.598577369004487991e-03 2.377488184720277786e-03 2.060266025364398956e-02 1.648187264800071716e-02 1.411755662411451340e-02 6.738801486790180206e-03 3.981180023401975632e-03 4.499350208789110184e-03 2.006918191909790039e-02 1.514646224677562714e-02 7.287618238478899002e-03 9.846070781350135803e-03 7.654799148440361023e-03 2.991104032844305038e-03 2.491118153557181358e-03 2.230751997558400035e-04 3.220048174262046814e-02 3.118879534304141998e-02 1.425745896995067596e-02 8.755769580602645874e-03 1.190863177180290222e-02 3.767258604057133198e-04 5.205999477766454220e-04 9.251377545297145844e-03 8.299456909298896790e-03 2.077179495245218277e-03 4.878312814980745316e-03 1.512423623353242874e-02 2.941082790493965149e-02 9.526593610644340515e-03 1.308263745158910751e-02 8.425934240221977234e-03 3.119856864213943481e-02 2.325141057372093201e-02 3.025348670780658722e-02 5.448619835078716278e-03 2.136891148984432220e-02 1.271696668118238449e-02 3.907489031553268433e-02 2.538393437862396240e-02 1.378709636628627777e-02 2.562419138848781586e-02 4.227340593934059143e-02 1.221925020217895508e-02 3.260065242648124695e-02 1.973047293722629547e-02 1.503362320363521576e-02 1.524830702692270279e-02 7.147770840674638748e-03 1.245677378028631210e-02 1.992138288915157318e-02 2.260015904903411865e-02 1.678094081580638885e-02 1.366323698312044144e-02 1.088416110724210739e-02 1.949839480221271515e-02 1.405309792608022690e-02 9.698347188532352448e-03 1.171062141656875610e-02 3.082696115598082542e-03 7.830873131752014160e-03 6.352365016937255859e-03 9.893578244373202324e-04 2.136767469346523285e-02 1.445381529629230499e-02 1.650702394545078278e-02 4.557985812425613403e-03 1.079332455992698669e-02
5.644939467310905457e-02 8.507599830627441406e-01 1.201271452009677887e-02 1.453667879104614258e-02 1.604119874536991119e-02 4.938700050115585327e-02 4.664326459169387817e-02 2.403364703059196472e-02 1.311233825981616974e-02 6.995409727096557617e-03 5.148328840732574463e-02 3.354973345994949341e-02 5.690829828381538391e-02 1.135702617466449738e-02 2.303055115044116974e-02 4.157777875661849976e-03 2.203036565333604813e-03 1.587477698922157288e-02 3.519083606079220772e-03 8.538709953427314758e-03 2.835988812148571014e-02 6.687760818749666214e-03 7.212807890027761459e-03 3.156875725835561752e-03 3.292394801974296570e-02 3.244623541831970215e-02 2.180315204896032810e-04 5.249996684142388403e-05 3.189781308174133301e-02 8.376489393413066864e-03 3.344558179378509521e-02 2.366757206618785858e-02 7.897494360804557800e-03 1.873883046209812164e-02 2.370286732912063599e-02 1.038072910159826279e-02 2.930532908067107201e-03 2.617877349257469177e-02 6.384836160577833652e-04 1.678852364420890808e-02 1.402255892753601074e-02 1.720077916979789734e-02 2.773515507578849792e-02 8.311360143125057220e-03 2.132859826087951660e-02 7.330740801990032196e-03 3.703054040670394897e-02 3.030758723616600037e-02 9.196772240102291107e-03 3.892585868015885353e-03 3.313399478793144226e-02 2.967984974384307861e-02 9.547866880893707275e-03 1.087044551968574524e-02 8.304828777909278870e-03 4.339846316725015640e-03 2.063113637268543243e-02 1.295856479555368423e-02 4.407189320772886276e-03 6.773853674530982971e-03 1.909241825342178345e-02 2.924718661233782768e-03 6.849830970168113708e-03 1.841064891777932644e-03 2.779702097177505493e-02 2.875552512705326080e-02 2.532182075083255768e-02 2.135106548666954041e-02 9.080221876502037048e-03 9.346609935164451599e-03 3.857973963022232056e-03 7.829782553017139435e-03 3.127610543742775917e-03 9.695315733551979065e-03 7.338190916925668716e-03 7.609438616782426834e-03 2.652203105390071869e-02 8.082281798124313354e-03 9.602429345250129700e-03 2.153163077309727669e-03 2.854490466415882111e-02 2.765762992203235626e-02 3.252790123224258423e-02 1.317739300429821014e-02 2.619604766368865967e-02 2.270676754415035248e-02 3.378960490226745605e-02 2.655794471502304077e-02 6.323808338493108749e-04 2.724824100732803345e-02 3.044761903584003448e-02 4.038994666188955307e-03 3.658055141568183899e-02 1.271559391170740128e-02 6.519251503050327301e-03 9.244032204151153564e-03 6.492441985756158829e-03 1.194161176681518555e-02 2.579045295715332031e-02 2.164700254797935486e-02 2.056805789470672607e-02 1.257629878818988800e-02 1.768673304468393326e-03 2.390546165406703949e-02 9.593723341822624207e-03 1.476294267922639847e-02 2.734126290306448936e-03 7.739973254501819611e-03 7.586346473544836044e-04 2.611672272905707359e-03 6.240037735551595688e-03 1.894425041973590851e-02 2.702731452882289886e-02 2.622975409030914307e-02 5.623893812298774719e-03 5.012498702853918076e-03
9.465131908655166626e-03 1.201271452009677887e-02 8.507599830627441406e-01 3.391030058264732361e-02 2.718590386211872101e-02 8.298251777887344360e-03 6.026946939527988434e-03 4.266677796840667725e-02 1.855155639350414276e-02 1.429665717296302319e-04 6.124389357864856720e-03 8.122893050312995911e-03 8.332104422152042389e-03 1.204936392605304718e-02 5.021502263844013214e-03 1.918895542621612549e-02 4.430005792528390884e-03 3.152719233185052872e-03 1.026132144033908844e-02 3.904215060174465179e-03 1.079872436821460724e-02 3.094109892845153809e-02 2.347068488597869873e-02 1.278650201857089996e-02 9.771374054253101349e-03 9.083706885576248169e-03 1.815416105091571808e-02 3.080228110775351524e-03 1.831455715000629425e-02 1.076594693586230278e-03 3.244249615818262100e-03 1.506541157141327858e-03 2.629501745104789734e-02 3.097359323874115944e-03 3.838963806629180908e-02 2.768947556614875793e-02 2.774846553802490234e-02 1.031112764030694962e-02 1.579708419740200043e-02 7.510714698582887650e-03 8.140871301293373108e-03 2.533620968461036682e-02 1.610719948075711727e-03 2.455443702638149261e-02 2.730537392199039459e-02 2.131957374513149261e-02 1.476223766803741455e-02 9.622079320251941681e-03 8.753610774874687195e-03 4.558092448860406876e-03 1.550614251755177975e-03 1.906941412016749382e-03 5.685859359800815582e-03 8.710580877959728241e-03 7.713167462497949600e-03 7.844169158488512039e-04 7.766427472233772278e-03 2.408933360129594803e-03 1.959943585097789764e-02 1.527297426946461201e-03 1.609170064330101013e-02 2.856709435582160950e-02 2.082894183695316315e-02 2.264226227998733521e-02 6.739765405654907227e-03 1.282128319144248962e-02 4.860642366111278534e-03 8.382990024983882904e-03 6.797553505748510361e-03 2.151527069509029388e-02 4.576645791530609131e-03 1.230526808649301529e-02 6.309452932327985764e-03 2.212230348959565163e-03 1.138684805482625961e-02 1.135911885648965836e-02 1.639342494308948517e-02 1.106684911064803600e-03 2.040585502982139587e-02 6.637210492044687271e-03 2.564088813960552216e-02 3.306639939546585083e-02 1.626788987778127193e-03 3.297965973615646362e-02 3.083647461608052254e-04 1.091349776834249496e-02 1.113196648657321930e-02 2.426748536527156830e-02 4.657085053622722626e-03 1.337554678320884705e-02 2.898936532437801361e-02 2.613534219563007355e-02 2.288209274411201477e-03 3.197906538844108582e-02 3.130695968866348267e-02 1.891247555613517761e-02 1.040998846292495728e-03 3.772435477003455162e-03 1.140742097049951553e-02 1.730993017554283142e-02 1.920082606375217438e-02 2.104900032281875610e-02 3.614454716444015503e-02 1.591257983818650246e-03 6.672925781458616257e-03 3.791219554841518402e-03 2.850412018597126007e-02 1.530387159436941147e-02 2.815773896872997284e-02 8.390019647777080536e-03 2.812181483022868633e-04 3.557279706001281738e-03 1.013091020286083221e-02 8.077288977801799774e-03 1.831494644284248352e-02 1.752755045890808105e-02
1.488147396594285965e-02 1.453667879104614258e-02 3.391030058264732361e-02 8.507599830627441406e-01 4.058229923248291016e-02 2.042727079242467880e-03 9.662382071837782860e-04 2.845776965841650963e-03 2.586553804576396942e-02 1.336162816733121872e-02 6.948368391022086143e-04 2.002081833779811859e-02 6.590107455849647522e-03 2.367983252042904496e-04 9.021800011396408081e-03 1.689736358821392059e-02 1.948161609470844269e-02 4.280976578593254089e-02 2.675920352339744568e-02 7.583869621157646179e-03 7.736673578619956970e-03 7.914206944406032562e-03 1.372301392257213593e-02 4.241371992975473404e-03 1.576397218741476536e-03 3.849874250590801239e-03 1.442595571279525757e-02 3.356580436229705811e-02 9.738987311720848083e-03 1.400966662913560867e-02 2.691596047952771187e-03 1.050990074872970581e-02 5.103429779410362244e-03 5.865790881216526031e-03 7.182163652032613754e-03 9.257979691028594971e-04 3.562376601621508598e-03 2.451252005994319916e-02 1.168154273182153702e-02 2.027204958721995354e-03 2.293611131608486176e-02 1.256691571325063705e-02 4.699590615928173065e-03 6.619971827603876591e-04 1.103519182652235031e-02 4.012668505311012268e-03 1.047268323600292206e-02 2.643067622557282448e-03 6.549383513629436493e-03 1.056900061666965485e-02 1.762209087610244751e-02 1.417293399572372437e-02 6.653159391134977341e-03 1.113922614604234695e-02 2.418360486626625061e-02 1.123743876814842224e-02 4.165767878293991089e-02 1.968592032790184021e-02 8.096067234873771667e-03 6.552534177899360657e-03 4.265942424535751343e-02 2.667082101106643677e-02 6.066944450139999390e-03 2.259778091683983803e-03 4.935595206916332245e-03 6.064153276383876801e-03 5.492252297699451447e-03 1.774323871359229088e-03 4.706230014562606812e-02 8.937629871070384979e-03 2.681284025311470032e-02 1.248048990964889526e-02 6.075117364525794983e-02 1.544358581304550171e-02 3.116334602236747742e-02 1.535427849739789963e-02 3.448811918497085571e-02 2.019892213866114616e-03 1.800989545881748199e-02 8.031153120100498199e-03 4.160409327596426010e-03 8.151535876095294952e-03 4.413896426558494568e-02 2.002081274986267090e-02 4.219000693410634995e-03 8.149591274559497833e-03 9.359855204820632935e-03 1.606446807272732258e-03 4.121068492531776428e-02 5.319808144122362137e-03 6.092674564570188522e-03 1.438404805958271027e-02 2.837237203493714333e-03 1.113848920795135200e-04 3.566374070942401886e-03 1.043018637574277818e-04 4.169398918747901917e-03 1.859438978135585785e-02 6.280206609517335892e-03 1.070584263652563095e-02 5.546158645302057266e-03 4.504865035414695740e-03 5.437677726149559021e-03 3.092431649565696716e-02 6.813841871917247772e-03 2.964133396744728088e-02 1.464008353650569916e-02 2.232646383345127106e-02 8.911085315048694611e-03 6.758088711649179459e-03 8.039034903049468994e-03 2.614138461649417877e-02 7.525198161602020264e-03 4.237661603838205338e-03 2.641482977196574211e-03 3.435040824115276337e-03
1.942294090986251831e-02 1.604119874536991119e-02 2.718590386211872101e-02 4.058229923248291016e-02 8.507599830627441406e-01 1.257329247891902924e-02 1.285433210432529449e-02 3.365435171872377396e-03 1.402196125127375126e-03 1.212481874972581863e-02 1.464975811541080475e-02 5.557787604629993439e-03 1.605959795415401459e-02 6.415008101612329483e-03 1.739736273884773254e-02 5.661605391651391983e-03 1.438467297703027725e-02 2.069867774844169617e-02 3.086896799504756927e-02 3.393271239474415779e-03 1.180723961442708969e-02 2.009054180234670639e-03 5.104236304759979248e-03 1.463679503649473190e-02 5.642077419906854630e-03 6.303616333752870560e-03 6.671620998531579971e-03 2.909291721880435944e-02 2.161398902535438538e-02 2.889082394540309906e-02 1.706110872328281403e-02 1.266550272703170776e-02 2.081495150923728943e-02 1.860156282782554626e-02 3.237094730138778687e-02 2.685098210349678993e-03 8.131057955324649811e-03 1.637916825711727142e-02 9.451214224100112915e-03 3.888335451483726501e-02 1.249053329229354858e-02 1.354350009933114052e-03 7.294670213013887405e-04 1.943484065122902393e-03 4.119285382330417633e-03 1.282353792339563370e-02 2.827972639352083206e-03 6.658411584794521332e-03 1.377753727138042450e-02 2.476806007325649261e-02 3.246884793043136597e-03 4.112679045647382736e-03 8.330341428518295288e-03 1.657784543931484222e-02 1.345604658126831055e-02 1.970275677740573883e-02 1.211559772491455078e-02 4.236831888556480408e-02 4.373251926153898239e-03 1.270534005016088486e-02 1.689108274877071381e-02 3.790390491485595703e-02 2.563107758760452271e-02 3.353460878133773804e-02 1.842577569186687469e-02 2.806709893047809601e-02 4.163300618529319763e-03 3.619069175329059362e-04 4.113665316253900528e-03 9.297705255448818207e-03 2.803523279726505280e-02 1.438819151371717453e-02 9.366350248456001282e-03 1.781768165528774261e-02 2.683216147124767303e-02 1.011000853031873703e-02 1.271338388323783875e-02 2.162330597639083862e-02 8.766579441726207733e-03 1.711303740739822388e-02 1.073621399700641632e-02 6.673673633486032486e-03 3.045041672885417938e-02 5.543004348874092102e-02 1.658185385167598724e-02 1.177271455526351929e-02 1.847992278635501862e-02 9.071447886526584625e-03 7.618974428623914719e-03 2.064157277345657349e-02 9.110004641115665436e-03 5.952932871878147125e-03 2.017094939947128296e-02 1.129619870334863663e-02 7.750981487333774567e-03 1.081196870654821396e-02 2.501248568296432495e-02 1.436888240277767181e-02 5.498536862432956696e-03 2.503056777641177177e-03 1.706331619061529636e-03 1.001267787069082260e-02 1.074669789522886276e-02 2.268586680293083191e-02 5.936651024967432022e-03 9.430034551769495010e-04 5.351305939257144928e-03 2.922794967889785767e-02 4.420637153089046478e-03 3.524976596236228943e-02 1.285363920032978058e-02 1.417750772088766098e-02 2.742179902270436287e-03 1.567447441630065441e-03 1.204542163759469986e-02 9.274122305214405060e-03
4.812464863061904907e-02 4.938700050115585327e-02 8.298251777887344360e-03 2.042727079242467880e-03 1.257329247891902924e-02 8.507599830627441406e-01 5.984993278980255127e-02 3.224861808121204376e-03 1.583350473083555698e-03 1.433304231613874435e-02 5.500184744596481323e-02 3.491491824388504028e-02 5.313814058899879456e-02 1.141146756708621979e-02 6.138229742646217346e-03 3.878562478348612785e-03 5.865326151251792908e-03 1.868739258497953415e-03 2.010406367480754852e-02 2.449461072683334351e-02 3.439279645681381226e-02 7.954923203215003014e-04 1.572749391198158264e-02 7.785798516124486923e-03 3.852858394384384155e-02 3.816667944192886353e-02 1.422169990837574005e-02 2.257556421682238579e-03 3.785190358757972717e-02 1.331417169421911240e-02 3.114740736782550812e-02 2.136101573705673218e-02 1.504062674939632416e-02 2.214703336358070374e-02 2.340985089540481567e-02 7.820069789886474609e-03 9.832219220697879791e-03 6.010498851537704468e-03 1.145004993304610252e-03 1.737514510750770569e-02 4.407953470945358276e-03 1.029095146805047989e-03 3.145380690693855286e-02 2.238118322566151619e-03 1.709245145320892334e-02 1.450256165117025375e-02 5.930877849459648132e-02 3.648075461387634277e-02 8.354925550520420074e-03 7.073402404785156250e-03 2.745288982987403870e-02 2.880948223173618317e-02 6.768087390810251236e-03 3.437692765146493912e-03 1.164687704294919968e-02 1.777759194374084473e-02 1.720368675887584686e-02 7.207045564427971840e-05 5.830240552313625813e-04 1.279539708048105240e-02 6.718730553984642029e-03 7.535849232226610184e-03 5.067588295787572861e-03 3.027149243280291557e-03 3.474305942654609680e-02 3.459402546286582947e-02 3.295620530843734741e-02 3.369002044200897217e-02 2.037713536992669106e-03 1.077054068446159363e-02 1.275489386171102524e-02 6.039763335138559341e-03 1.428189594298601151e-02 2.305583097040653229e-02 1.817383803427219391e-02 3.754142438992857933e-03 1.523219235241413116e-02 2.274351008236408234e-02 5.584312137216329575e-03 1.572207361459732056e-02 1.889257505536079407e-02 1.129350904375314713e-02 8.821202442049980164e-03 6.308231037110090256e-03 2.929556369781494141e-02 3.127006813883781433e-02 2.001951634883880615e-02 1.352558098733425140e-02 7.518523838371038437e-03 4.564163833856582642e-02 3.668145462870597839e-02 1.319978735409677029e-03 3.496496379375457764e-02 4.850327968597412109e-03 1.239394582808017731e-02 8.634015917778015137e-03 7.643384858965873718e-03 1.639888505451381207e-03 1.184342429041862488e-02 2.473238296806812286e-02 6.161754950881004333e-03 1.074273232370615005e-02 1.939610810950398445e-03 5.498295184224843979e-03 8.283403702080249786e-03 2.316492423415184021e-02 3.916142974048852921e-03 1.500713545829057693e-02 2.060629427433013916e-03 6.862162612378597260e-03 1.644828915596008301e-02 1.619648770429193974e-03 3.320466727018356323e-02 3.652451187372207642e-02 1.674836687743663788e-02 1.571133360266685486e-02
4.039773717522621155e-02 4.664326459169387817e-02 6.026946939527988434e-03 9.662382071837782860e-04 1.285433210432529449e-02 5.984993278980255127e-02 8.507599830627441406e-01 9.102267213165760040e-03 6.163744721561670303e-03 1.178120262920856476e-02 4.805706068873405457e-02 2.965357340872287750e-02 5.570209771394729614e-02 1.871177740395069122e-02 7.510221097618341446e-03 6.750920321792364120e-03 2.017405116930603981e-03 4.845927003771066666e-03 2.241162769496440887e-02 2.874941751360893250e-02 3.880164772272109985e-02 3.816423937678337097e-03 1.119987759739160538e-02 1.427873387001454830e-03 3.958884999155998230e-02 4.061620682477951050e-02 1.063622161746025085e-02 4.614138510078191757e-03 4.273983091115951538e-02 1.163322385400533676e-02 2.886980399489402771e-02 2.942055091261863708e-02 2.126048132777214050e-02 2.814118191599845886e-02 2.048405259847640991e-02 3.948017489165067673e-03 2.318774349987506866e-03 8.754414506256580353e-03 9.715589694678783417e-04 1.937141083180904388e-02 1.026955200359225273e-03 6.419278797693550587e-04 3.231062740087509155e-02 2.956741722300648689e-03 1.240606047213077545e-02 1.935629360377788544e-02 5.463670194149017334e-02 4.835755005478858948e-02 3.987197764217853546e-03 8.725065854378044605e-04 2.703996933996677399e-02 3.149035573005676270e-02 3.957056906074285507e-03 8.445996791124343872e-03 7.107312791049480438e-03 1.286667957901954651e-02 1.681002788245677948e-02 4.292552359402179718e-03 1.910448190756142139e-03 1.386656053364276886e-02 1.188606303185224533e-02 3.962621092796325684e-03 1.307081338018178940e-02 5.482693813974037766e-05 3.459239378571510315e-02 3.533212095499038696e-02 3.539348393678665161e-02 3.712909668684005737e-02 2.112069865688681602e-03 4.286526702344417572e-03 1.079707220196723938e-02 2.791443374007940292e-03 1.050470676273107529e-02 1.862746849656105042e-02 8.732491172850131989e-03 2.905475674197077751e-03 9.335769340395927429e-03 2.046445384621620178e-02 7.749516516923904419e-03 7.373718544840812683e-03 1.729514636099338531e-02 2.114128321409225464e-02 9.540468454360961914e-03 8.791441097855567932e-03 2.951582707464694977e-02 3.593100979924201965e-02 1.904072239995002747e-02 1.679178699851036072e-02 1.496621314436197281e-02 4.100580140948295593e-02 3.574993461370468140e-02 4.366502165794372559e-03 4.096551612019538879e-02 9.751406498253345490e-03 4.187458660453557968e-03 8.986670873127877712e-04 3.198710503056645393e-03 8.612399105913937092e-04 1.359165646135807037e-02 2.877195551991462708e-02 1.075932290405035019e-02 1.488301809877157211e-02 4.150711931288242340e-03 9.370534098707139492e-04 1.045051403343677521e-02 2.158425562083721161e-02 3.030119696632027626e-04 1.434005703777074814e-02 5.734465084969997406e-03 7.990798912942409515e-03 1.140659768134355545e-02 1.108368858695030212e-03 3.319065272808074951e-02 3.823763877153396606e-02 1.185139454901218414e-02 1.221543457359075546e-02
2.553727105259895325e-02 2.403364703059196472e-02 4.266677796840667725e-02 2.845776965841650963e-03 3.365435171872377396e-03 3.224861808121204376e-03 9.102267213165760040e-03 8.507599830627441406e-01 2.043951675295829773e-02 2.456803619861602783e-02 2.188881300389766693e-02 7.992981001734733582e-03 2.301139943301677704e-02 3.814098890870809555e-03 4.066831991076469421e-02 1.160317379981279373e-02 7.865425199270248413e-03 1.949223317205905914e-02 1.778395473957061768e-02 5.490191280841827393e-03 3.335221670567989349e-03 3.121034987270832062e-02 2.085278369486331940e-02 2.147110924124717712e-02 7.826001383364200592e-03 3.895325819030404091e-03 2.434088103473186493e-02 7.894258014857769012e-03 1.719768531620502472e-02 8.389870636165142059e-03 1.137908175587654114e-02 1.246307883411645889e-02 7.895167917013168335e-03 1.461398415267467499e-02 1.868081279098987579e-03 3.354086354374885559e-02 3.170050680637359619e-02 3.103335388004779816e-02 1.918726018629968166e-03 1.648245565593242645e-02 2.260406129062175751e-02 3.115613199770450592e-02 1.080487854778766632e-02 2.342617884278297424e-02 2.387394383549690247e-02 2.456315793097019196e-02 1.265182811766862869e-02 1.444433070719242096e-02 2.346279472112655640e-02 2.455835603177547455e-02 1.448371633887290955e-02 8.643085137009620667e-03 2.159614302217960358e-02 1.288390345871448517e-02 1.717099547386169434e-02 9.528449736535549164e-03 2.333218464627861977e-03 2.070212271064519882e-03 1.546980999410152435e-02 3.189431736245751381e-04 9.702157112769782543e-04 7.463779766112565994e-03 2.060244418680667877e-02 1.531607564538717270e-02 1.633796282112598419e-02 2.315016277134418488e-02 8.003188297152519226e-03 3.918904811143875122e-03 1.001593307591974735e-03 1.235933415591716766e-02 1.309095695614814758e-02 1.902127638459205627e-02 8.338144398294389248e-04 8.618234656751155853e-03 3.301629796624183655e-03 1.346729230135679245e-02 2.243610098958015442e-02 7.775637321174144745e-03 2.060125395655632019e-02 2.284775301814079285e-02 3.818044811487197876e-02 4.919628053903579712e-02 2.366435155272483826e-02 4.069611895829439163e-03 1.204551011323928833e-02 2.990019507706165314e-03 3.822430223226547241e-02 4.584826156497001648e-02 9.284906089305877686e-03 3.742156084626913071e-03 1.688919216394424438e-02 1.987282931804656982e-02 1.347918435931205750e-02 3.169848769903182983e-02 3.912607207894325256e-02 3.052400425076484680e-02 1.133714523166418076e-02 1.786535233259201050e-02 3.160366415977478027e-02 2.449858188629150391e-02 3.839238360524177551e-02 2.714524790644645691e-02 2.698618359863758087e-02 2.129773050546646118e-02 5.904805380851030350e-03 1.198419136926531792e-03 2.482759207487106323e-02 7.207868620753288269e-03 3.093650937080383301e-02 1.118249073624610901e-02 1.991355046629905701e-02 2.040779218077659607e-02 1.293450244702398777e-03 3.375185406184755266e-05 2.762783505022525787e-02 2.155599370598793030e-02
1.534193567931652069e-02 1.311233825981616974e-02 1.855155639350414276e-02 2.586553804576396942e-02 1.402196125127375126e-03 1.583350473083555698e-03 6.163744721561670303e-03 2.043951675295829773e-02 8.507599830627441406e-01 1.680646650493144989e-02 4.564689937978982925e-03 1.997582986950874329e-02 4.402192716952413321e-04 1.998260617256164551e-02 2.054410614073276520e-02 2.894989959895610809e-02 9.486936032772064209e-03 4.514464735984802246e-02 7.288417778909206390e-03 1.890840008854866028e-02 1.175881084054708481e-02 3.052408993244171143e-02 3.101205453276634216e-02 9.090434759855270386e-03 1.366688031703233719e-02 1.405329816043376923e-02 2.913030050694942474e-02 1.021220907568931580e-02 5.280158366076648235e-04 8.642373606562614441e-03 1.238481374457478523e-03 4.837919957935810089e-03 2.513632364571094513e-02 1.012364216148853302e-02 1.657739467918872833e-02 1.365675497800111771e-02 2.849149459507316351e-04 3.105107322335243225e-02 1.011930638924241066e-03 4.848267417401075363e-03 2.567323297262191772e-02 4.214885458350181580e-02 3.917220965377055109e-06 1.467708777636289597e-02 3.886163607239723206e-02 7.256860379129648209e-03 2.127166837453842163e-03 9.874153183773159981e-04 3.795401751995086670e-02 7.267305627465248108e-03 8.022088557481765747e-03 3.422663081437349319e-03 1.570961438119411469e-02 2.013996429741382599e-02 3.862906247377395630e-02 3.083856776356697083e-03 9.169644676148891449e-03 7.382748648524284363e-03 2.240589074790477753e-02 2.819542028009891510e-02 2.575787156820297241e-02 1.175208576023578644e-02 1.747740805149078369e-02 2.263972535729408264e-02 9.489115909673273563e-04 4.200287163257598877e-03 1.319711003452539444e-02 1.165368128567934036e-02 3.493507951498031616e-02 6.601051427423954010e-03 7.303824648261070251e-03 3.301342204213142395e-02 2.514377795159816742e-02 1.988284103572368622e-02 8.181255543604493141e-04 3.302980586886405945e-02 5.565956607460975647e-02 5.181503016501665115e-03 5.183620005846023560e-02 1.488849334418773651e-02 9.092074818909168243e-03 2.011127397418022156e-02 3.962783515453338623e-02 3.878013812936842442e-04 1.000475231558084488e-02 5.845263134688138962e-03 1.502008270472288132e-02 1.934969052672386169e-02 4.667172208428382874e-02 3.151216777041554451e-03 9.517276659607887268e-03 1.668842323124408722e-02 8.735521696507930756e-03 3.063173964619636536e-02 1.794535480439662933e-02 1.169685274362564087e-02 2.051626332104206085e-02 3.736981004476547241e-02 2.481160499155521393e-02 8.348593488335609436e-03 2.801129594445228577e-02 1.541974022984504700e-02 1.782117038965225220e-02 3.624497354030609131e-02 8.794279769062995911e-03 2.431800216436386108e-02 1.667677052319049835e-02 9.033727459609508514e-03 5.540829617530107498e-03 4.507935140281915665e-03 5.938061513006687164e-03 1.904706843197345734e-02 8.881291374564170837e-03 1.076321210712194443e-02 1.775601133704185486e-02 1.859264448285102844e-02
2.199620008468627930e-03 6.995409727096557617e-03 1.429665717296302319e-04 1.336162816733121872e-02 1.212481874972581863e-02 1.433304231613874435e-02 1.178120262920856476e-02 2.456803619861602783e-02 1.680646650493144989e-02 8.507599830627441406e-01 5.034060683101415634e-03 2.879700437188148499e-02 3.412490244954824448e-03 1.325935218483209610e-02 2.947524376213550568e-02 1.073796860873699188e-02 9.199148975312709808e-03 2.633909508585929871e-02 4.617411270737648010e-02 2.748619951307773590e-02 5.924865603446960449e-03 2.569893561303615570e-02 4.238655790686607361e-03 9.829230606555938721e-03 9.486611001193523407e-03 7.220761384814977646e-03 2.916502580046653748e-02 1.805987209081649780e-02 9.346903301775455475e-03 6.873458158224821091e-03 7.468892727047204971e-03 1.240677665919065475e-02 7.690819445997476578e-03 1.139070652425289154e-02 2.727550920099020004e-03 2.045022137463092804e-02 1.903680898249149323e-02 1.955074630677700043e-02 4.906417801976203918e-03 1.759015768766403198e-02 8.753965608775615692e-03 1.090831030160188675e-02 7.704361807554960251e-03 1.364022493362426758e-02 1.338222250342369080e-02 7.342563010752201080e-03 2.115808799862861633e-02 1.552649680525064468e-02 3.539222851395606995e-02 5.416356399655342102e-02 1.735617592930793762e-02 1.741001196205615997e-02 5.858032382093369961e-04 8.323653601109981537e-03 2.539931982755661011e-02 4.039758816361427307e-02 2.168971672654151917e-02 1.487999805249273777e-03 2.681305259466171265e-02 2.510642819106578827e-02 9.247303940355777740e-03 1.952455379068851471e-02 6.588745396584272385e-03 6.421915255486965179e-03 5.114424042403697968e-03 3.588695777580142021e-03 1.253918372094631195e-02 1.770320348441600800e-02 2.028118818998336792e-02 3.034292161464691162e-02 8.306676521897315979e-03 2.678784169256687164e-02 1.242556516081094742e-02 2.745749987661838531e-02 2.764214761555194855e-03 3.967334982007741928e-03 2.706189639866352081e-03 4.353604465723037720e-02 1.186603680253028870e-02 5.646942928433418274e-02 3.178131766617298126e-03 5.292942281812429428e-03 2.427865378558635712e-02 4.926088824868202209e-02 2.718986012041568756e-03 9.811861673370003700e-04 9.698477573692798615e-03 1.188287138938903809e-02 3.223272413015365601e-02 1.971390657126903534e-02 1.661439053714275360e-02 2.524662949144840240e-02 9.661497548222541809e-03 2.522159367799758911e-02 2.825362607836723328e-02 2.345965057611465454e-02 3.440957143902778625e-02 1.778043434023857117e-02 1.562983542680740356e-02 1.042943261563777924e-02 2.278182469308376312e-02 1.242267712950706482e-02 1.506243832409381866e-02 2.684198133647441864e-02 1.708195428363978863e-03 7.879695622250437737e-04 1.805365085601806641e-02 1.865363563410937786e-03 2.600843459367752075e-02 1.840729266405105591e-02 1.447601336985826492e-02 1.373435091227293015e-02 1.938131824135780334e-02 1.796982623636722565e-02 2.929818443953990936e-02 7.848603650927543640e-03
5.877034366130828857e-02 5.148328840732574463e-02 6.124389357864856720e-03 6.948368391022086143e-04 1.464975811541080475e-02 5.500184744596481323e-02 4.805706068873405457e-02 2.188881300389766693e-02 4.564689937978982925e-03 5.034060683101415634e-03 8.507599830627441406e-01 2.818261086940765381e-02 5.569491162896156311e-02 1.135723385959863663e-02 1.957289688289165497e-02 1.101189199835062027e-02 3.045347111765295267e-04 3.805435495451092720e-03 1.467177923768758774e-02 1.906064711511135101e-02 2.291627787053585052e-02 8.764863945543766022e-03 5.744959227740764618e-03 1.999876927584409714e-03 3.385599702596664429e-02 3.178217262029647827e-02 6.058007944375276566e-03 1.549162203446030617e-03 3.805335983633995056e-02 1.163070835173130035e-02 3.151118382811546326e-02 1.810465753078460693e-02 1.141836401075124741e-02 1.927909441292285919e-02 1.666980236768722534e-02 5.550328176468610764e-03 1.208111876621842384e-03 1.812856644392013550e-02 8.000118657946586609e-03 1.918170973658561707e-02 1.954449835466220975e-04 1.389332208782434464e-02 2.657164819538593292e-02 8.984938263893127441e-03 2.386074326932430267e-02 2.036022208631038666e-02 5.145256966352462769e-02 3.712741285562515259e-02 3.176309168338775635e-03 2.946191671071574092e-05 2.445119805634021759e-02 2.342589758336544037e-02 1.281553693115711212e-02 1.590877957642078400e-02 6.743178702890872955e-03 1.309745013713836670e-02 5.705326795578002930e-03 8.631520904600620270e-04 2.757309935986995697e-03 1.903661713004112244e-02 2.446437720209360123e-03 1.193272043019533157e-02 9.690962731838226318e-03 1.166558172553777695e-02 3.925502300262451172e-02 3.326422721147537231e-02 2.605122514069080353e-02 2.192476764321327209e-02 2.110190689563751221e-03 6.809747312217950821e-03 1.472473796457052231e-02 4.860727116465568542e-03 1.696413196623325348e-02 1.661287620663642883e-02 1.255525182932615280e-02 4.250878468155860901e-03 2.096757479012012482e-02 1.598620228469371796e-02 2.019971143454313278e-03 1.023430284112691879e-02 2.577716484665870667e-02 1.971695572137832642e-02 1.545779034495353699e-02 9.340841788798570633e-04 2.968141995370388031e-02 2.597900293767452240e-02 3.673928603529930115e-02 2.849640697240829468e-02 1.023490726947784424e-02 4.090569540858268738e-02 4.134600237011909485e-02 1.147786062210798264e-02 3.305422887206077576e-02 1.269627455621957779e-02 5.987237673252820969e-03 1.643656403757631779e-03 2.667964145075529814e-04 1.402226043865084648e-03 1.823336258530616760e-02 2.685384638607501984e-02 1.386106666177511215e-02 1.539693959057331085e-02 1.023984607309103012e-02 7.396728731691837311e-03 1.305746845901012421e-02 1.831500977277755737e-02 7.137775537557899952e-04 1.905012689530849457e-02 4.717709030956029892e-03 5.022994242608547211e-03 1.002275664359331131e-02 6.202429533004760742e-03 2.894334495067596436e-02 2.903308905661106110e-02 6.890490651130676270e-03 2.697580959647893906e-03
3.173990547657012939e-02 3.354973345994949341e-02 8.122893050312995911e-03 2.002081833779811859e-02 5.557787604629993439e-03 3.491491824388504028e-02 2.965357340872287750e-02 7.992981001734733582e-03 1.997582986950874329e-02 2.879700437188148499e-02 2.818261086940765381e-02 8.507599830627441406e-01 2.884262613952159882e-02 4.599846526980400085e-02 8.416811935603618622e-03 1.722848974168300629e-02 1.255640876479446888e-03 5.181844811886548996e-03 2.668138407170772552e-02 1.278762146830558777e-02 1.921678893268108368e-02 5.737318657338619232e-03 2.146589756011962891e-02 4.174625501036643982e-04 2.730694226920604706e-02 2.464570663869380951e-02 1.298758573830127716e-02 3.030358441174030304e-02 1.708680763840675354e-02 1.674531027674674988e-02 8.578157983720302582e-03 1.215552072972059250e-02 1.335169840604066849e-02 7.928393781185150146e-03 2.219870686531066895e-02 4.423835489433258772e-04 1.043282169848680496e-02 8.423397317528724670e-03 1.487016212195158005e-02 1.411646045744419098e-02 4.397564567625522614e-03 1.975860260426998138e-02 3.079712949693202972e-02 1.093756500631570816e-02 4.048942029476165771e-02 2.140861563384532928e-02 3.109448589384555817e-02 2.794071100652217865e-02 1.192508614622056484e-03 2.153132855892181396e-02 4.308544844388961792e-02 3.487531840801239014e-02 8.434025570750236511e-03 8.523906581103801727e-03 3.064981894567608833e-03 2.301270142197608948e-02 3.213377669453620911e-02 1.095204148441553116e-02 1.083494062186218798e-04 1.462161634117364883e-02 1.217950042337179184e-02 1.312858611345291138e-02 4.588543437421321869e-03 9.842222556471824646e-03 1.212878059595823288e-02 1.137912925332784653e-02 2.282289974391460419e-02 2.241184562444686890e-02 1.931617222726345062e-02 2.818488515913486481e-02 3.323634387925267220e-03 2.137116680387407541e-04 2.508615702390670776e-02 1.899028010666370392e-02 7.786876987665891647e-03 7.141423877328634262e-03 2.950406260788440704e-02 1.740663871169090271e-02 1.600477844476699829e-02 1.948293484747409821e-02 2.764875255525112152e-02 1.754738017916679382e-02 7.485504262149333954e-03 1.378311868757009506e-02 2.934023924171924591e-02 1.821519061923027039e-02 2.422451600432395935e-02 2.228865399956703186e-02 3.777720406651496887e-02 1.201289054006338120e-02 2.627180144190788269e-02 1.210077293217182159e-02 3.111292794346809387e-02 3.650208818726241589e-04 1.186907570809125900e-02 8.674913085997104645e-03 9.918625000864267349e-04 5.897046998143196106e-03 1.876488327980041504e-02 1.935378275811672211e-02 9.331735782325267792e-03 1.194915268570184708e-02 2.097417833283543587e-03 8.694798685610294342e-03 2.162398025393486023e-02 3.292019944638013840e-03 1.054368563927710056e-03 2.388784632785245776e-04 5.278663709759712219e-03 9.263589046895503998e-03 1.988799544051289558e-03 1.052017509937286377e-02 2.922858297824859619e-02 2.911198884248733521e-02 1.306916121393442154e-02 7.197275757789611816e-03
4.806683212518692017e-02 5.690829828381538391e-02 8.332104422152042389e-03 6.590107455849647522e-03 1.605959795415401459e-02 5.313814058899879456e-02 5.570209771394729614e-02 2.301139943301677704e-02 4.402192716952413321e-04 3.412490244954824448e-03 5.569491162896156311e-02 2.884262613952159882e-02 8.507599830627441406e-01 1.958559267222881317e-02 1.929415762424468994e-02 5.311591085046529770e-03 6.260613445192575455e-03 9.128946694545447826e-04 9.408506564795970917e-03 1.869385130703449249e-02 3.231597319245338440e-02 4.663915839046239853e-03 1.746229361742734909e-03 1.143859978765249252e-02 3.966395556926727295e-02 3.834213316440582275e-02 8.820575661957263947e-03 6.834567058831453323e-03 3.393421694636344910e-02 7.307536434382200241e-03 2.676248550415039062e-02 2.718819864094257355e-02 1.419066730886697769e-02 2.842889726161956787e-02 2.461824379861354828e-02 2.406168030574917793e-03 1.644489966565743089e-04 2.008033357560634613e-02 6.097559817135334015e-03 3.008701093494892120e-02 5.148161435499787331e-04 6.855075713247060776e-03 3.112602420151233673e-02 1.071016187779605389e-03 1.372277736663818359e-02 1.384731847792863846e-02 4.310208931565284729e-02 3.642555326223373413e-02 7.551845046691596508e-04 6.030052900314331055e-03 2.960993163287639618e-02 3.040972538292407990e-02 1.436452288180589676e-02 1.951655931770801544e-02 3.667040029540657997e-03 8.494906127452850342e-03 1.081132702529430389e-02 3.478267171885818243e-04 1.060615410096943378e-03 1.691200770437717438e-02 1.186004653573036194e-02 5.679265595972537994e-04 6.011492107063531876e-03 8.053487166762351990e-03 3.057705424726009369e-02 3.354720398783683777e-02 3.055916912853717804e-02 2.939324267208576202e-02 5.465168505907058716e-04 8.336507715284824371e-03 1.509937364608049393e-02 4.824547097086906433e-03 8.859464898705482483e-03 1.676355116069316864e-02 2.215118613094091415e-03 6.888716481626033783e-03 1.467293500900268555e-02 1.032933406531810760e-02 1.388795935781672597e-04 1.585041987709701061e-03 2.589116618037223816e-02 2.130791731178760529e-02 1.498668082058429718e-02 1.327463798224925995e-02 3.301802650094032288e-02 3.530696779489517212e-02 2.877348288893699646e-02 3.031017445027828217e-02 1.923767663538455963e-02 3.928522765636444092e-02 3.114456869661808014e-02 5.268828012049198151e-03 3.665549680590629578e-02 1.245989650487899780e-02 5.744014866650104523e-03 4.827580414712429047e-03 2.935175551101565361e-03 1.217843149788677692e-03 2.202942408621311188e-02 2.876214683055877686e-02 1.807020418345928192e-02 2.016607671976089478e-02 2.378872828558087349e-03 1.072300411760807037e-02 3.860462689772248268e-03 1.745149679481983185e-02 1.003049197606742382e-03 1.795370131731033325e-02 2.187123056501150131e-03 9.354745037853717804e-03 1.082377228885889053e-02 4.150794818997383118e-03 3.367253392934799194e-02 3.468461334705352783e-02 9.675493463873863220e-03 6.501294672489166260e-03
