8.306846618652343750e-01 8.481150120496749878e-02 2.201401162892580032e-03 1.973728463053703308e-02 3.779242560267448425e-02 3.995361924171447754e-02 2.420018799602985382e-02 1.290070009417831898e-03 1.828964427113533020e-02 3.342211991548538208e-02 4.215745255351066589e-02 2.240551449358463287e-02 3.932949900627136230e-02 1.705268211662769318e-02 4.105868935585021973e-02 2.216119319200515747e-03 3.498566336929798126e-03 1.970996148884296417e-02 2.434103371342644095e-04 1.180214993655681610e-02 2.466434612870216370e-02 2.147588878870010376e-02 4.374841228127479553e-03 5.970023921690881252e-04 2.606162428855895996e-02 3.436475247144699097e-02 4.247412551194429398e-03 3.135824576020240784e-03 1.857515983283519745e-02 5.626299418509006500e-03 2.292669005692005157e-02 2.055239398032426834e-03 1.361054554581642151e-02 1.053225900977849960e-02 1.109871082007884979e-02 2.129375236108899117e-03 5.251594819128513336e-03 3.835242474451661110e-03 1.919464766979217529e-02 1.729240454733371735e-02 1.581649063155055046e-03 1.093819644302129745e-02 1.437393110245466232e-02 1.385598909109830856e-03 2.302287146449089050e-02 3.066137246787548065e-02 2.277646772563457489e-02 4.288830328732728958e-03 1.726222969591617584e-02 1.585731655359268188e-02 1.501838304102420807e-02 1.887249387800693512e-02 1.968509703874588013e-02 2.577373199164867401e-02 1.855265349149703979e-02 2.291779406368732452e-02 7.088113576173782349e-03 1.376258023083209991e-02 2.350907586514949799e-02 2.632815204560756683e-02 1.110413298010826111e-02 1.079721096903085709e-02 1.222519483417272568e-02 1.469986606389284134e-02 5.622923374176025391e-03 4.409372806549072266e-03 9.120670147240161896e-03 7.537812460213899612e-03 1.604230515658855438e-02 2.055853419005870819e-02 1.367706153541803360e-02 1.058561541140079498e-02 2.878806926310062408e-02 1.138031203299760818e-02 1.487256493419408798e-02 7.919100113213062286e-03 5.126342643052339554e-03 7.354150060564279556e-03 2.445658855140209198e-02 2.452187240123748779e-02 4.838143941015005112e-03 1.759504340589046478e-02 9.534446522593498230e-03 1.433292776346206665e-02 1.432692911475896835e-02 1.987250894308090210e-02 3.992629423737525940e-02 4.222626611590385437e-02 9.760857559740543365e-03 6.619908381253480911e-03 3.788634669035673141e-03 1.675722654908895493e-03 1.837086048908531666e-03 6.962829269468784332e-03 1.333327312022447586e-02 4.320328589528799057e-03 1.670202612876892090e-02 1.022352650761604309e-02 1.061580237001180649e-02 1.366353500634431839e-02 7.184294518083333969e-03 5.398061126470565796e-03 1.256987825036048889e-02 8.250553160905838013e-03 1.934513822197914124e-02 1.429808791726827621e-02 1.018842961639165878e-02 1.340244524180889130e-02 1.779447076842188835e-03 8.097644895315170288e-03 3.100606985390186310e-02 1.238616649061441422e-02 1.437922567129135132e-02 8.563780225813388824e-03 1.694232411682605743e-02 1.770978706190362573e-04
8.481150120496749878e-02 8.306846618652343750e-01 9.532419033348560333e-03 2.608223073184490204e-02 3.810355067253112793e-02 3.763546422123908997e-02 3.233065828680992126e-02 3.990011755377054214e-03 2.266670763492584229e-02 3.367902711033821106e-02 3.068948909640312195e-02 1.808890700340270996e-02 4.429522529244422913e-02 2.002156525850296021e-02 3.189108893275260925e-02 1.833664719015359879e-03 5.078729707747697830e-03 2.675456926226615906e-02 5.540435202419757843e-03 1.039313059300184250e-02 2.660327963531017303e-02 1.825023815035820007e-02 1.273316890001296997e-02 7.160344626754522324e-03 2.489675395190715790e-02 2.331307344138622284e-02 1.124207582324743271e-02 4.259136039763689041e-03 4.811107181012630463e-03 1.062909699976444244e-02 3.559031989425420761e-03 1.153744943439960480e-02 2.205461822450160980e-02 1.324311364442110062e-02 2.511743456125259399e-02 1.360004674643278122e-02 8.502390235662460327e-03 4.720317665487527847e-03 2.968305908143520355e-02 2.275929786264896393e-02 4.673975519835948944e-03 7.055210880935192108e-03 1.243033539503812790e-02 4.789244383573532104e-03 2.399676665663719177e-02 2.468768134713172913e-02 2.532893605530261993e-02 1.552733220160007477e-02 1.725851930677890778e-02 1.478890422731637955e-02 9.470593184232711792e-03 2.165744639933109283e-02 2.642598934471607208e-02 3.236115351319313049e-02 1.600810512900352478e-02 1.985674537718296051e-02 8.563393726944923401e-03 1.485164090991020203e-02 3.049414418637752533e-02 3.320407494902610779e-02 8.992869406938552856e-03 1.284424588084220886e-02 2.405495196580886841e-02 2.507722564041614532e-02 3.278111107647418976e-03 1.873973570764064789e-02 8.730957284569740295e-03 7.605280727148056030e-03 6.552701815962791443e-03 3.139747306704521179e-02 9.190077893435955048e-03 1.401759311556816101e-02 2.941024303436279297e-02 1.623777113854885101e-02 1.808982715010643005e-02 6.611588411033153534e-03 3.184130415320396423e-03 9.445711970329284668e-03 2.840356342494487762e-02 3.144678473472595215e-02 7.949500344693660736e-03 2.678842097520828247e-02 5.363876931369304657e-03 1.242654304951429367e-02 5.286929663270711899e-03 7.746161893010139465e-03 3.302867338061332703e-02 4.410548508167266846e-02 1.580584445036947727e-03 3.397094085812568665e-03 1.403151731938123703e-02 8.737245574593544006e-03 1.059268228709697723e-02 9.913177927955985069e-04 2.040375396609306335e-02 2.994382288306951523e-03 1.203033234924077988e-02 1.076444983482360840e-02 1.377680804580450058e-02 1.705400273203849792e-02 1.684647612273693085e-02 1.429956220090389252e-02 9.089779108762741089e-03 2.632898511365056038e-03 2.289284765720367432e-02 1.982687599956989288e-02 2.151432074606418610e-02 5.760334897786378860e-03 1.231653988361358643e-02 3.631726140156388283e-04 3.106446005403995514e-02 3.053971333429217339e-03 1.143690757453441620e-02 3.906262572854757309e-03 2.501249499619007111e-02 1.113710924983024597e-02
2.201401162892580032e-03 9.532419033348560333e-03 8.306846618652343750e-01 2.836573403328657150e-03 2.244808245450258255e-03 1.911925710737705231e-02 1.356325484812259674e-02 5.300082266330718994e-02 1.397877093404531479e-02 2.881689555943012238e-02 1.514250505715608597e-02 2.930212765932083130e-02 1.454568002372980118e-03 1.978469081223011017e-02 2.763854898512363434e-02 5.321535747498273849e-03 1.056466531008481979e-02 7.149714510887861252e-03 3.198706544935703278e-03 1.808957383036613464e-02 1.275015342980623245e-02 1.659973710775375366e-02 6.553479935973882675e-03 9.379888884723186493e-03 5.660174414515495300e-03 1.287582051008939743e-02 9.994418360292911530e-03 2.739325165748596191e-02 2.241468429565429688e-02 1.603985577821731567e-02 3.195510059595108032e-02 3.932042047381401062e-03 1.776345632970333099e-02 9.118153713643550873e-03 2.632218785583972931e-02 1.016968302428722382e-02 2.439997391775250435e-03 2.122832648456096649e-02 6.126611493527889252e-03 1.491510588675737381e-02 2.605825662612915039e-02 2.517119981348514557e-03 5.598310846835374832e-03 4.257372766733169556e-02 6.438314449042081833e-03 1.724549755454063416e-02 2.623081766068935394e-02 2.690199576318264008e-02 8.002832531929016113e-03 1.338837016373872757e-02 3.866708138957619667e-03 6.181021686643362045e-03 1.896536163985729218e-02 2.899102866649627686e-02 3.689197590574622154e-03 2.474682964384555817e-02 5.339873488992452621e-03 1.343720685690641403e-02 2.044809982180595398e-02 1.531348470598459244e-02 1.422457024455070496e-02 6.102367769926786423e-03 2.025583386421203613e-02 1.695913635194301605e-02 9.278487996198236942e-04 2.244725590571761131e-03 9.054502588696777821e-04 9.644640609622001648e-03 5.997397936880588531e-03 1.042699348181486130e-02 1.532320771366357803e-02 2.520003542304039001e-02 1.673247851431369781e-02 8.881957270205020905e-03 2.120001800358295441e-02 1.654169149696826935e-02 4.737090319395065308e-03 1.208238396793603897e-02 1.684904964349698275e-05 1.146550197154283524e-02 7.471437007188796997e-02 4.738568887114524841e-02 2.257359959185123444e-02 3.400150313973426819e-02 7.102543022483587265e-03 1.686682179570198059e-02 2.704718708992004395e-02 3.282324597239494324e-02 7.418072316795587540e-03 3.350109979510307312e-02 2.313167974352836609e-02 1.720342412590980530e-02 2.420900389552116394e-02 2.816329151391983032e-02 7.663759868592023849e-03 3.008886054158210754e-02 2.148133143782615662e-02 1.683372259140014648e-02 7.589688990265130997e-03 8.341365173691883683e-05 1.159502379596233368e-02 1.817283593118190765e-02 1.187907252460718155e-02 1.556409243494272232e-02 1.576213352382183075e-02 3.749018767848610878e-03 2.316119708120822906e-02 2.462519146502017975e-02 2.163940109312534332e-02 8.076756261289119720e-03 4.447101091500371695e-04 4.816088825464248657e-03 1.033650897443294525e-02 1.127611473202705383e-02 1.170515362173318863e-02 1.784830540418624878e-02
1.973728463053703308e-02 2.608223073184490204e-02 2.836573403328657150e-03 8.306846618652343750e-01 8.820989727973937988e-02 5.297442432492971420e-03 1.608941145241260529e-02 3.378388937562704086e-03 1.547684078104794025e-03 2.619721367955207825e-02 8.731824345886707306e-03 2.325199358165264130e-02 2.354621887207031250e-03 3.540551289916038513e-02 1.903570629656314850e-02 1.159768737852573395e-02 2.737157791852951050e-02 1.448547840118408203e-02 9.159145876765251160e-03 1.357199158519506454e-02 2.439643070101737976e-02 2.170989476144313812e-02 3.130011493340134621e-03 8.007843047380447388e-03 1.382378023117780685e-02 4.483491182327270508e-03 6.348876748234033585e-03 1.033074781298637390e-02 1.338934153318405151e-02 1.955207251012325287e-02 5.101753398776054382e-03 2.064313506707549095e-03 1.437754090875387192e-02 5.482264794409275055e-03 1.832530088722705841e-02 2.365712774917483330e-03 9.410877246409654617e-04 2.041701460257172585e-03 4.143971204757690430e-02 3.634323552250862122e-02 2.581091783940792084e-02 7.204301655292510986e-03 4.486507736146450043e-03 1.183077413588762283e-02 4.462484735995531082e-03 3.660588292405009270e-03 2.613100595772266388e-02 3.048416599631309509e-02 1.516927685588598251e-02 2.727598696947097778e-02 8.315140381455421448e-03 1.456924807280302048e-02 1.384328398853540421e-02 2.434712834656238556e-02 1.250444352626800537e-02 2.485924586653709412e-02 1.424875017255544662e-02 4.791146609932184219e-03 2.186585590243339539e-02 1.022921130061149597e-02 2.116495557129383087e-02 7.409623824059963226e-03 3.598328679800033569e-02 2.476877160370349884e-02 1.579892262816429138e-02 4.886307287961244583e-03 6.355046294629573822e-03 8.315044455230236053e-03 5.928266793489456177e-03 3.510598093271255493e-03 2.281033620238304138e-02 1.699365302920341492e-02 6.939604878425598145e-02 5.913253873586654663e-03 1.445898879319429398e-02 2.101754024624824524e-02 1.589497923851013184e-02 2.531964704394340515e-02 1.699191890656948090e-02 3.257457166910171509e-02 7.337825838476419449e-03 1.653775805607438087e-03 3.837248682975769043e-02 2.332350704818964005e-03 9.900647215545177460e-03 1.444755680859088898e-02 4.316360224038362503e-03 5.750083364546298981e-03 5.702890921384096146e-03 2.070906758308410645e-02 2.594685368239879608e-02 4.014123231172561646e-03 2.273270301520824432e-02 6.395439617335796356e-03 1.918136887252330780e-02 4.325249232351779938e-03 1.452591922134160995e-02 5.499196238815784454e-03 7.883652113378047943e-03 6.731886882334947586e-03 1.611988991498947144e-02 1.618079096078872681e-02 5.410176236182451248e-03 7.404680363833904266e-03 1.034800708293914795e-02 2.653325209394097328e-03 1.771801523864269257e-02 2.459332719445228577e-02 2.025063149631023407e-02 1.350405812263488770e-02 1.528805121779441833e-02 1.127097103744745255e-02 5.287520587444305420e-03 4.461258649826049805e-03 2.669055387377738953e-02 1.934493891894817352e-02
3.779242560267448425e-02 3.810355067253112793e-02 2.244808245450258255e-03 8.820989727973937988e-02 8.306846618652343750e-01 2.066891081631183624e-02 2.686891891062259674e-02 3.462624037638306618e-03 1.014432031661272049e-02 1.601930521428585052e-02 1.751577295362949371e-02 1.843142509460449219e-02 1.275428198277950287e-02 2.030416205525398254e-02 1.683691143989562988e-02 4.885640460997819901e-03 3.004178579431027174e-04 1.377209369093179703e-02 2.157044224441051483e-02 1.273132860660552979e-02 2.588116936385631561e-02 1.340159773826599121e-02 1.620181649923324585e-02 5.214109085500240326e-03 1.701421849429607391e-02 1.719871163368225098e-02 5.043534561991691589e-03 5.842496175318956375e-03 1.110517769120633602e-03 9.210837073624134064e-03 7.698785047978162766e-03 1.218952145427465439e-02 2.687460742890834808e-03 5.483661312609910965e-03 1.044686511158943176e-02 4.940579645335674286e-03 1.009279582649469376e-02 9.273130446672439575e-03 4.771918803453445435e-02 5.953366681933403015e-02 5.060290452092885971e-03 1.101438887417316437e-02 3.542913356795907021e-03 4.655763972550630569e-03 2.477491041645407677e-03 3.231415292248129845e-03 2.362366952002048492e-02 2.461494319140911102e-02 3.912304062396287918e-03 1.695923879742622375e-02 1.664981804788112640e-02 1.324696186929941177e-02 1.642494648694992065e-02 1.752093806862831116e-02 8.073596283793449402e-03 1.414277777075767517e-02 1.733301207423210144e-02 2.576630562543869019e-02 2.468319609761238098e-02 1.490945182740688324e-02 1.876410911791026592e-03 1.981803216040134430e-02 2.367535792291164398e-02 1.147093717008829117e-02 1.574194990098476410e-02 7.179468870162963867e-03 8.256870321929454803e-03 1.397318392992019653e-02 5.249869078397750854e-03 1.225772313773632050e-02 9.740412933751940727e-04 3.925198980141431093e-04 4.450064525008201599e-02 1.660571433603763580e-03 2.085263654589653015e-02 9.369720704853534698e-03 9.825937449932098389e-03 8.036628365516662598e-03 1.590092107653617859e-02 1.088802888989448547e-02 1.256363186985254288e-02 2.058469457551836967e-03 3.142118453979492188e-02 3.027551062405109406e-02 3.874648595228791237e-03 8.736470714211463928e-03 2.802809001877903938e-03 8.712445269338786602e-04 1.602108217775821686e-02 8.899226784706115723e-03 1.750935986638069153e-02 1.383466925472021103e-02 2.100464142858982086e-02 1.283974666148424149e-02 1.985842920839786530e-02 9.554356336593627930e-03 2.539308555424213409e-02 8.178302086889743805e-03 3.348799655213952065e-03 6.996979936957359314e-03 7.983637973666191101e-03 1.526400446891784668e-02 1.429730374366044998e-02 1.033200230449438095e-02 1.261722948402166367e-02 2.605301793664693832e-03 2.961615473031997681e-02 1.754951104521751404e-02 2.177125960588455200e-02 1.859099417924880981e-02 1.056146528571844101e-02 1.738110324367880821e-03 8.186023682355880737e-03 4.867477808147668839e-03 2.479106187820434570e-02 1.972563005983829498e-02
3.995361924171447754e-02 3.763546422123908997e-02 1.911925710737705231e-02 5.297442432492971420e-03 2.066891081631183624e-02 8.306846618652343750e-01 7.708635926246643066e-02 1.410080771893262863e-02 4.982100799679756165e-03 5.625216290354728699e-03 6.232975050806999207e-02 4.466035962104797363e-02 6.688528507947921753e-02 4.788469523191452026e-02 1.969418488442897797e-02 1.580605283379554749e-03 2.840897301211953163e-03 7.629549596458673477e-03 1.089061889797449112e-02 2.715530060231685638e-02 3.035810776054859161e-02 2.984331920742988586e-02 1.912019401788711548e-02 2.432661317288875580e-02 2.321114949882030487e-02 3.324227035045623779e-02 1.402761042118072510e-02 5.971682723611593246e-03 1.941586658358573914e-02 2.003962546586990356e-02 2.387768961489200592e-02 3.223580075427889824e-03 3.311004722490906715e-03 1.176625769585371017e-02 1.509394589811563492e-02 7.855103351175785065e-03 1.407835632562637329e-03 1.518057659268379211e-03 6.116352044045925140e-03 1.767183654010295868e-02 2.833163125615101308e-05 4.056748002767562866e-04 8.750798180699348450e-03 6.635901518166065216e-03 1.110259257256984711e-02 4.518155008554458618e-03 7.098314911127090454e-02 5.221669003367424011e-02 1.414843276143074036e-02 3.720621811226010323e-03 1.040189992636442184e-02 1.583913154900074005e-02 9.505570866167545319e-03 8.397700265049934387e-03 1.183945778757333755e-02 1.204073429107666016e-02 1.047203131020069122e-02 1.697051525115966797e-02 2.729540131986141205e-02 2.432291954755783081e-02 1.301352516748011112e-03 1.920408941805362701e-02 8.703748695552349091e-03 1.330558024346828461e-02 2.274643816053867340e-02 4.060698300600051880e-02 8.708077482879161835e-03 8.180479519069194794e-03 2.120036398991942406e-03 1.887091435492038727e-03 1.437860634177923203e-02 2.695726871024817228e-04 3.393957158550620079e-03 1.585880108177661896e-02 6.547711323946714401e-03 1.299927849322557449e-02 8.572145598009228706e-04 1.932426542043685913e-02 1.267056260257959366e-02 7.409437093883752823e-03 6.924285087734460831e-03 1.679961755871772766e-02 1.838704803958535194e-03 1.065078377723693848e-02 8.051048964262008667e-03 2.732238033786416054e-03 1.935405470430850983e-02 2.973280288279056549e-02 8.000118657946586609e-03 3.151816129684448242e-02 3.857353329658508301e-02 6.690083071589469910e-03 4.233695939183235168e-02 5.990494537400081754e-05 6.813610438257455826e-03 6.799241062253713608e-03 6.897621322423219681e-03 1.420853100717067719e-02 4.935816396027803421e-03 1.283930055797100067e-02 1.275198813527822495e-02 1.642980612814426422e-02 1.307654753327369690e-02 5.427381955087184906e-03 9.668928571045398712e-03 1.788866519927978516e-02 6.139345001429319382e-03 6.305526010692119598e-03 9.785006754100322723e-03 5.682836286723613739e-03 1.120876614004373550e-02 1.340875402092933655e-02 8.707497036084532738e-04 1.318463589996099472e-02 2.505211345851421356e-02 4.709033295512199402e-03
2.420018799602985382e-02 3.233065828680992126e-02 1.356325484812259674e-02 1.608941145241260529e-02 2.686891891062259674e-02 7.708635926246643066e-02 8.306846618652343750e-01 1.574014779180288315e-03 7.151440717279911041e-03 5.961153656244277954e-03 6.141142547130584717e-02 1.972677372395992279e-02 6.159875169396400452e-02 2.297276072204113007e-02 3.849153174087405205e-03 3.405755385756492615e-03 8.849504520185291767e-04 5.236936733126640320e-03 8.454781956970691681e-03 1.702365092933177948e-02 1.717909798026084900e-02 3.576240316033363342e-02 1.174602564424276352e-02 1.066412404179573059e-02 2.261996641755104065e-02 2.319176867604255676e-02 2.248423546552658081e-02 1.065880898386240005e-02 3.158732131123542786e-02 1.196422521024942398e-02 3.717679530382156372e-02 1.036110334098339081e-02 1.310211978852748871e-02 1.233717519789934158e-02 1.824303157627582550e-02 5.074966698884963989e-03 2.600524807348847389e-03 1.126278005540370941e-02 6.553483544848859310e-04 8.975931443274021149e-03 4.003878217190504074e-03 5.441398359835147858e-03 4.721681470982730389e-04 1.669750432483851910e-03 2.276225388050079346e-02 2.569544129073619843e-03 6.668195128440856934e-02 5.729301273822784424e-02 6.368539761751890182e-03 2.346086781471967697e-03 1.204023696482181549e-02 1.690089516341686249e-02 2.344559645280241966e-03 8.717019110918045044e-03 1.162847038358449936e-02 4.856492858380079269e-03 8.327683433890342712e-03 1.196874305605888367e-02 1.132899057120084763e-02 8.895794861018657684e-03 5.284413695335388184e-03 1.299458742141723633e-02 1.220840401947498322e-02 2.088629826903343201e-02 2.688047848641872406e-02 3.968481719493865967e-02 1.645256206393241882e-02 1.001647114753723145e-02 5.770833697170019150e-03 1.943945512175559998e-02 1.579540781676769257e-02 1.637963205575942993e-02 1.442429330199956894e-02 2.724643982946872711e-02 9.323651320300996304e-04 2.511814422905445099e-02 1.288439147174358368e-02 1.801952533423900604e-02 2.348605357110500336e-02 1.719590649008750916e-02 4.878882318735122681e-03 3.401856170967221260e-03 7.036902476102113724e-03 1.292081363499164581e-02 3.618729300796985626e-03 4.334127530455589294e-03 1.680746302008628845e-02 2.176146768033504486e-02 1.727756857872009277e-02 1.870541088283061981e-02 4.263763874769210815e-02 1.780960150063037872e-02 4.122077673673629761e-02 1.737807877361774445e-02 1.214733626693487167e-02 4.840757464990019798e-04 1.393479388207197189e-02 2.108259312808513641e-02 5.914448760449886322e-03 1.426696684211492538e-02 2.270973846316337585e-02 2.560096606612205505e-02 2.963396545965224504e-04 5.618230439722537994e-03 1.617489568889141083e-02 1.923021860420703888e-02 8.250252343714237213e-03 5.254354327917098999e-03 1.440172735601663589e-02 3.828122513368725777e-03 1.068615447729825974e-02 1.286864373832941055e-02 1.071072649210691452e-02 1.877614855766296387e-02 1.757868193089962006e-02 7.894044392742216587e-04
1.290070009417831898e-03 3.990011755377054214e-03 5.300082266330718994e-02 3.378388937562704086e-03 3.462624037638306618e-03 1.410080771893262863e-02 1.574014779180288315e-03 8.306846618652343750e-01 1.937123015522956848e-02 4.455454181879758835e-03 8.300385437905788422e-03 7.318843621760606766e-03 2.508404850959777832e-02 4.992856178432703018e-03 5.688004195690155029e-02 1.401740778237581253e-02 9.893477894365787506e-03 1.229234877973794937e-02 9.075290523469448090e-03 1.881666295230388641e-02 1.314478367567062378e-02 4.058565944433212280e-02 4.136836214456707239e-04 3.249774454161524773e-03 7.666592951864004135e-03 5.709446035325527191e-03 1.573554426431655884e-02 2.198428101837635040e-02 2.053042640909552574e-03 5.665501812472939491e-04 1.264424342662096024e-02 6.569469347596168518e-03 9.331759065389633179e-03 1.086685340851545334e-03 3.369086980819702148e-02 2.209059894084930420e-02 3.816560283303260803e-02 2.812328375875949860e-02 3.209924697875976562e-02 1.475688815116882324e-02 3.244495019316673279e-02 9.981162147596478462e-04 2.582669025287032127e-03 3.701749071478843689e-02 8.882137015461921692e-03 9.183221496641635895e-03 2.176931360736489296e-03 3.720970125868916512e-03 5.943227442912757397e-04 3.041145857423543930e-03 1.615946926176548004e-02 3.105044364929199219e-03 2.991576865315437317e-02 3.555000573396682739e-02 6.446972838602960110e-04 1.452238298952579498e-03 9.434844367206096649e-03 2.581971930339932442e-03 3.786813840270042419e-02 3.244777023792266846e-02 3.272878751158714294e-02 1.436099968850612640e-02 2.714516595005989075e-02 1.859206147491931915e-02 1.076090428978204727e-02 1.647193916141986847e-02 8.673579432070255280e-04 1.521285530179738998e-02 1.218179892748594284e-02 1.699754502624273300e-03 1.160355750471353531e-02 8.072244934737682343e-03 2.412279136478900909e-02 1.174775976687669754e-02 1.801812462508678436e-02 1.891891472041606903e-02 1.628058217465877533e-02 1.048977114260196686e-02 8.723135106265544891e-03 1.394881401211023331e-02 6.418112665414810181e-02 5.030256509780883789e-02 1.022741757333278656e-02 2.089324593544006348e-02 1.718466542661190033e-02 2.268409915268421173e-02 4.127300530672073364e-02 3.543473780155181885e-02 7.144529838114976883e-03 3.825545310974121094e-03 2.933279611170291901e-03 6.555343046784400940e-03 6.677838973701000214e-03 1.033154688775539398e-02 7.737794425338506699e-03 7.342747878283262253e-03 1.707215607166290283e-02 9.603928774595260620e-03 5.919778253883123398e-03 2.698847558349370956e-03 1.002805866301059723e-02 5.014029797166585922e-03 1.888792845420539379e-03 1.638677529990673065e-02 2.816604822874069214e-02 1.519895251840353012e-02 1.162297651171684265e-02 2.177674323320388794e-02 1.119180489331483841e-02 1.978371106088161469e-02 1.324205845594406128e-02 1.136954315006732941e-02 1.528989523649215698e-03 2.570340293459594250e-04 1.020957808941602707e-02 6.531312130391597748e-03
1.828964427113533020e-02 2.266670763492584229e-02 1.397877093404531479e-02 1.547684078104794025e-03 1.014432031661272049e-02 4.982100799679756165e-03 7.151440717279911041e-03 1.937123015522956848e-02 8.306846618652343750e-01 5.126548558473587036e-02 1.235785707831382751e-02 4.072968848049640656e-03 1.908533833920955658e-02 1.066892780363559723e-02 1.763997972011566162e-02 2.215947583317756653e-02 1.017346512526273727e-02 5.090982466936111450e-02 2.846591547131538391e-02 1.110739447176456451e-02 1.181024499237537384e-02 5.163740366697311401e-03 1.822946034371852875e-02 2.102085947990417480e-02 1.860254851635545492e-04 6.188381230458617210e-04 2.364771813154220581e-02 2.218542061746120453e-02 9.359030053019523621e-03 3.839761391282081604e-02 5.481505300849676132e-03 2.671916037797927856e-03 2.666629850864410400e-02 1.102420687675476074e-02 3.231089934706687927e-02 5.815513432025909424e-03 1.903215772472321987e-03 3.696323139593005180e-03 1.480924058705568314e-02 1.559499464929103851e-02 8.945224806666374207e-03 3.145133703947067261e-02 2.751108445227146149e-02 1.343627180904150009e-02 4.118484631180763245e-02 1.782051660120487213e-02 8.990436792373657227e-03 1.130801904946565628e-02 4.501062631607055664e-02 2.502084150910377502e-02 1.540836319327354431e-02 1.804605312645435333e-02 1.190611254423856735e-02 1.566383056342601776e-02 5.188457667827606201e-02 1.179541461169719696e-02 1.222938578575849533e-02 5.238222423940896988e-03 2.264178916811943054e-02 1.900867745280265808e-02 2.825669571757316589e-02 9.902223246172070503e-04 2.565796487033367157e-02 2.031752280890941620e-02 2.054134756326675415e-02 2.126768045127391815e-02 8.632735349237918854e-03 1.348637230694293976e-02 4.908906295895576477e-02 1.572824083268642426e-02 1.207903213798999786e-02 2.751345559954643250e-02 5.648635793477296829e-03 1.362712308764457703e-02 2.149907499551773071e-02 1.798182725906372070e-02 5.840184167027473450e-02 3.309612348675727844e-02 5.063518509268760681e-02 3.941372781991958618e-02 6.365542765706777573e-03 1.381173636764287949e-02 4.298794269561767578e-02 7.547718938440084457e-03 1.054443605244159698e-02 2.018243633210659027e-02 9.634760208427906036e-03 9.531357325613498688e-03 1.215939037501811981e-02 2.738366369158029556e-03 1.267968304455280304e-02 1.681472640484571457e-03 1.496764831244945526e-02 1.566512510180473328e-02 1.309241913259029388e-02 1.842701621353626251e-02 8.873825892806053162e-03 2.063542790710926056e-02 2.586093917489051819e-02 2.493277192115783691e-02 4.816548025701195002e-04 1.422829576767981052e-03 1.367479283362627029e-02 1.755951205268502235e-03 2.096390537917613983e-02 1.280110422521829605e-02 5.884156562387943268e-03 1.370317861437797546e-02 4.571235738694667816e-03 5.737810861319303513e-03 1.516671618446707726e-03 3.213129239156842232e-04 1.827973499894142151e-02 2.618894912302494049e-02 8.276082575321197510e-03 1.602514460682868958e-02
3.342211991548538208e-02 3.367902711033821106e-02 2.881689555943012238e-02 2.619721367955207825e-02 1.601930521428585052e-02 5.625216290354728699e-03 5.961153656244277954e-03 4.455454181879758835e-03 5.126548558473587036e-02 8.306846618652343750e-01 4.884562920778989792e-03 1.825598068535327911e-02 1.214245148003101349e-02 2.568558603525161743e-02 1.260030362755060196e-02 2.252597175538539886e-02 3.470717370510101318e-02 3.595206514000892639e-02 5.180569738149642944e-02 1.832514815032482147e-02 1.468491926789283752e-02 4.496824694797396660e-04 3.153155371546745300e-02 5.001360177993774414e-02 2.829040400683879852e-03 1.188510912470519543e-03 2.245672605931758881e-02 9.184362366795539856e-03 5.779749713838100433e-03 4.303134512156248093e-03 7.656697183847427368e-03 1.071679312735795975e-02 3.628308326005935669e-02 2.098625153303146362e-02 2.956999652087688446e-02 7.270985748618841171e-03 2.131910063326358795e-03 9.978245943784713745e-04 8.008986478671431541e-04 9.544888511300086975e-03 2.444841898977756500e-02 4.738053306937217712e-03 6.888642441481351852e-03 2.289090305566787720e-02 3.155551105737686157e-02 4.244763776659965515e-02 1.812361151678487659e-04 2.216989407315850258e-03 1.735135726630687714e-02 4.368846863508224487e-02 4.077802412211894989e-03 8.281732909381389618e-03 7.181253284215927124e-03 3.256370127201080322e-02 1.740028709173202515e-02 5.288918316364288330e-02 4.505023825913667679e-03 1.507038250565528870e-02 1.209430862218141556e-02 1.653653196990489960e-02 5.618528928607702255e-03 1.667675934731960297e-02 3.210153430700302124e-02 3.107984922826290131e-02 1.508993213064968586e-03 4.216653760522603989e-03 6.131809670478105545e-03 7.553547620773315430e-03 1.167639531195163727e-02 1.016381103545427322e-02 3.016223199665546417e-02 2.684534993022680283e-03 3.416839987039566040e-02 6.944854743778705597e-03 6.698445882648229599e-03 3.127632662653923035e-03 3.825695021077990532e-03 5.281023681163787842e-02 5.043673887848854065e-02 7.219554483890533447e-02 1.456809509545564651e-02 1.754696294665336609e-02 9.032896487042307854e-04 3.132181614637374878e-02 3.703651484102010727e-03 2.281340537592768669e-03 7.019243203103542328e-03 1.820875331759452820e-02 1.304668467491865158e-02 3.695824742317199707e-02 6.567968055605888367e-03 2.100819256156682968e-03 5.753725767135620117e-03 1.153179444372653961e-02 2.265903167426586151e-03 2.053127065300941467e-02 1.393588911741971970e-02 5.437427200376987457e-03 4.866488277912139893e-03 1.441188436001539230e-02 4.887337796390056610e-03 9.168329648673534393e-03 3.064411226660013199e-03 9.881717152893543243e-03 3.371254727244377136e-02 1.091014873236417770e-02 5.691496771760284901e-04 3.374856896698474884e-03 1.283138711005449295e-02 4.621808882802724838e-03 1.096417661756277084e-02 6.756638642400503159e-03 1.278018299490213394e-02 4.106944892555475235e-03 8.752214722335338593e-03 2.096291631460189819e-03
4.215745255351066589e-02 3.068948909640312195e-02 1.514250505715608597e-02 8.731824345886707306e-03 1.751577295362949371e-02 6.232975050806999207e-02 6.141142547130584717e-02 8.300385437905788422e-03 1.235785707831382751e-02 4.884562920778989792e-03 8.306846618652343750e-01 2.619092911481857300e-02 7.904727011919021606e-02 2.607547491788864136e-02 1.728051528334617615e-02 5.207177717238664627e-03 1.315072149736806750e-04 1.041623950004577637e-02 1.259005744941532612e-03 8.226435631513595581e-03 9.459311142563819885e-03 3.402260690927505493e-02 3.530484973452985287e-04 5.229471134953200817e-04 1.327607035636901855e-02 2.398094348609447479e-02 2.209102921187877655e-02 2.245637960731983185e-02 3.991463780403137207e-02 1.225443463772535324e-02 2.530542016029357910e-02 6.639085244387388229e-03 2.117818919941782951e-03 5.420943722128868103e-03 1.568588195368647575e-03 6.895532365888357162e-03 2.869232557713985443e-03 1.342025864869356155e-02 1.476733572781085968e-02 1.524929795414209366e-02 7.806070148944854736e-03 1.586903072893619537e-02 1.859433576464653015e-02 2.795767039060592651e-03 4.762849770486354828e-03 1.045404747128486633e-02 6.775812059640884399e-02 5.306489765644073486e-02 4.983570426702499390e-03 1.474089804105460644e-03 7.169746793806552887e-03 7.028994150459766388e-03 1.043496071361005306e-03 8.359197527170181274e-03 8.763015270233154297e-03 8.416251279413700104e-03 9.352197870612144470e-03 1.257235743105411530e-02 1.373493764549493790e-02 1.772989705204963684e-02 4.973933100700378418e-03 9.940143674612045288e-03 8.252999396063387394e-04 6.321298889815807343e-03 4.855747520923614502e-02 4.899696633219718933e-02 1.148166134953498840e-02 1.633794233202934265e-02 3.840405726805329323e-03 2.703691087663173676e-02 6.985093001276254654e-03 2.214884571731090546e-02 1.493248902261257172e-02 3.050859458744525909e-02 1.053160056471824646e-02 2.402686886489391327e-02 6.672638002783060074e-03 2.027028938755393028e-03 2.926457859575748444e-02 1.299877930432558060e-02 3.289825981482863426e-03 3.027676371857523918e-03 7.531910203397274017e-03 8.671385236084461212e-03 1.189951039850711823e-02 1.247903518378734589e-02 2.233579754829406738e-02 2.771147526800632477e-02 3.258258104324340820e-03 3.100625704973936081e-03 4.927199333906173706e-02 2.934700623154640198e-02 4.872034490108489990e-02 2.159928902983665466e-02 1.252113282680511475e-02 1.460193097591400146e-02 1.489682961255311966e-02 1.813452690839767456e-02 9.786549024283885956e-03 3.796470584347844124e-03 1.745550893247127533e-02 1.867914572358131409e-02 1.634276285767555237e-02 6.086415145546197891e-03 1.557512208819389343e-02 1.160807441920042038e-02 8.180414326488971710e-03 1.467643026262521744e-02 1.099329534918069839e-02 2.142751123756170273e-03 1.814117073081433773e-03 5.052853841334581375e-03 2.913152053952217102e-02 4.301880300045013428e-02 2.642778214067220688e-03 5.237274337559938431e-03
2.240551449358463287e-02 1.808890700340270996e-02 2.930212765932083130e-02 2.325199358165264130e-02 1.843142509460449219e-02 4.466035962104797363e-02 1.972677372395992279e-02 7.318843621760606766e-03 4.072968848049640656e-03 1.825598068535327911e-02 2.619092911481857300e-02 8.306846618652343750e-01 2.632075920701026917e-02 8.812509477138519287e-02 1.301093585789203644e-02 3.079071873798966408e-03 1.110440678894519806e-02 2.820527739822864532e-02 2.547795511782169342e-02 1.483324635773897171e-02 5.991367623209953308e-03 1.021322887390851974e-02 1.349646039307117462e-02 3.384194895625114441e-02 1.078600157052278519e-02 3.376759588718414307e-03 3.932930412702262402e-04 4.650824517011642456e-02 9.048056788742542267e-03 5.488226190209388733e-02 1.237663812935352325e-02 5.718484055250883102e-03 2.058272808790206909e-02 9.564984356984496117e-04 2.036080928519368172e-03 1.999573223292827606e-02 5.611670203506946564e-03 9.381889365613460541e-03 6.692517083138227463e-03 7.676843553781509399e-03 5.309834145009517670e-03 2.330920659005641937e-02 4.972643684595823288e-03 2.183037344366312027e-03 1.049394812434911728e-02 2.016684040427207947e-02 3.066559322178363800e-02 2.848891355097293854e-02 3.447280824184417725e-02 3.096275730058550835e-03 2.219221740961074829e-02 1.471462752670049667e-02 8.165890350937843323e-03 4.265094175934791565e-03 3.035626560449600220e-02 1.121157500892877579e-02 2.238680794835090637e-02 4.380807280540466309e-03 1.769381575286388397e-02 1.614073477685451508e-02 2.715819701552391052e-02 1.365097798407077789e-02 1.409648358821868896e-02 7.764750625938177109e-03 1.030858326703310013e-02 2.434562146663665771e-02 1.308145560324192047e-02 3.194070188328623772e-03 1.432571280747652054e-02 2.561464533209800720e-02 5.304967053234577179e-03 2.461561188101768494e-02 1.645737513899803162e-02 4.580708220601081848e-03 3.691893443465232849e-02 5.129233468323945999e-03 9.960732422769069672e-03 1.495678722858428955e-02 1.332915620878338814e-03 1.102773100137710571e-02 2.498092502355575562e-02 1.034337375313043594e-02 7.034450769424438477e-03 4.916087724268436432e-03 7.394845597445964813e-03 1.240382343530654907e-02 8.607244119048118591e-03 1.451510097831487656e-02 1.197672449052333832e-02 3.901429474353790283e-02 2.408458292484283447e-02 1.394919399172067642e-02 2.648890949785709381e-02 1.484218984842300415e-02 8.592050522565841675e-03 1.342271454632282257e-03 1.244580652564764023e-02 1.136086997576057911e-03 1.995694823563098907e-02 5.323583725839853287e-03 6.216464564204216003e-03 3.790368791669607162e-03 1.744631491601467133e-02 2.968237269669771194e-03 7.539106998592615128e-03 1.324132550507783890e-02 4.505432210862636566e-03 2.633672021329402924e-02 5.424818489700555801e-03 4.113374161534011364e-04 4.628552123904228210e-03 1.292438153177499771e-02 1.527004968374967575e-02 1.489278767257928848e-02 5.295019131153821945e-03 1.656185276806354523e-02
3.932949900627136230e-02 4.429522529244422913e-02 1.454568002372980118e-03 2.354621887207031250e-03 1.275428198277950287e-02 6.688528507947921753e-02 6.159875169396400452e-02 2.508404850959777832e-02 1.908533833920955658e-02 1.214245148003101349e-02 7.904727011919021606e-02 2.632075920701026917e-02 8.306846618652343750e-01 3.410035371780395508e-02 3.513690456748008728e-02 1.129451859742403030e-02 4.343091975897550583e-03 1.641186513006687164e-02 4.071658477187156677e-03 7.592138368636369705e-03 1.330864150077104568e-02 3.598459437489509583e-02 9.116784785874187946e-04 1.417253515683114529e-03 1.777281425893306732e-02 2.628766372799873352e-02 1.760453358292579651e-02 1.071189250797033310e-02 2.796402759850025177e-02 1.612596958875656128e-02 2.693056128919124603e-02 1.886446145363152027e-03 1.151203922927379608e-02 3.470129158813506365e-04 1.297425106167793274e-02 9.752744808793067932e-03 5.104494281113147736e-03 1.319237146526575089e-02 1.350220851600170135e-02 1.048368774354457855e-02 7.140508852899074554e-03 9.976069442927837372e-03 1.082826498895883560e-02 1.289060222916305065e-03 1.200955361127853394e-02 1.044477894902229309e-02 5.499789863824844360e-02 4.875082895159721375e-02 1.176468562334775925e-02 5.236672703176736832e-03 2.423930563963949680e-04 3.716181381605565548e-04 7.031647022813558578e-03 1.805624179542064667e-02 1.034217048436403275e-02 9.357543312944471836e-04 1.658897288143634796e-02 1.886127330362796783e-02 2.208741195499897003e-02 3.079319372773170471e-02 6.569444201886653900e-03 6.446146406233310699e-03 1.043142843991518021e-02 1.991350762546062469e-02 4.697462543845176697e-02 5.778907611966133118e-02 1.062163338065147400e-02 1.585128158330917358e-02 5.145964678376913071e-03 1.041004620492458344e-02 3.651623381301760674e-03 1.264273095875978470e-02 3.058890113607048988e-03 1.994694396853446960e-02 6.581090856343507767e-03 1.722495816648006439e-02 9.740201756358146667e-03 1.162263914011418819e-03 3.162216395139694214e-02 2.006356231868267059e-02 1.213877648115158081e-02 1.744179055094718933e-02 1.294048130512237549e-02 7.212433265522122383e-04 1.568772085011005402e-02 1.646498404443264008e-02 3.354347124695777893e-02 4.554798081517219543e-02 1.346518401987850666e-03 7.487607188522815704e-03 3.483017161488533020e-02 2.224023267626762390e-02 4.235183820128440857e-02 2.059404738247394562e-02 1.101451180875301361e-02 6.694279145449399948e-03 1.198580861091613770e-02 1.615997217595577240e-02 5.530781578272581100e-03 3.319456242024898529e-03 8.751978166401386261e-03 8.917323313653469086e-03 1.291197631508111954e-02 8.815062232315540314e-03 1.318640541285276413e-02 1.174404378980398178e-02 2.985889092087745667e-03 6.412098184227943420e-03 6.725880317389965057e-03 1.154310069978237152e-02 6.779712624847888947e-03 5.577294155955314636e-03 2.175747044384479523e-02 3.114004805684089661e-02 5.721042398363351822e-03 2.328490838408470154e-03
