8.373617529869079590e-01 6.217509508132934570e-02 1.101652439683675766e-02 1.242944691330194473e-02 9.979410097002983093e-03 5.132497847080230713e-02 4.588130861520767212e-02 1.712282560765743256e-02 1.516482885926961899e-02 9.400074370205402374e-03 5.568822473287582397e-02 2.481728233397006989e-02 5.740180239081382751e-02 1.781078428030014038e-02 1.090133935213088989e-02 6.767421960830688477e-03 2.302118344232439995e-03 5.284709390252828598e-03 1.867005787789821625e-02 2.137181535363197327e-02 3.032659739255905151e-02 1.058383192867040634e-02 1.869389042258262634e-02 1.318264752626419067e-02 2.931927703320980072e-02 1.100497506558895111e-02 1.084008254110813141e-02 1.560427900403738022e-02 6.816757377237081528e-03 1.704996824264526367e-02 2.555296570062637329e-02 8.286989293992519379e-03 1.895300298929214478e-02 9.422519360668957233e-04 7.733774371445178986e-03 1.354448869824409485e-02 1.122054457664489746e-02 3.639353439211845398e-03 1.951965875923633575e-02 1.453371625393629074e-02 7.966330274939537048e-03 2.602072618901729584e-02 1.058372855186462402e-02 1.638409681618213654e-02 2.895690500736236572e-02 9.756047278642654419e-03 5.687932297587394714e-02 4.461620002985000610e-02 1.508006826043128967e-02 3.544544102624058723e-03 1.424188725650310516e-02 1.073044631630182266e-02 1.527974940836429596e-02 1.320690661668777466e-02 4.338051658123731613e-03 6.937123835086822510e-03 7.383263204246759415e-03 9.391576051712036133e-03 3.199644386768341064e-02 1.428472343832254410e-02 1.618921197950839996e-02 1.068421080708503723e-02 6.544097792357206345e-03 2.405203646048903465e-03 4.204767942428588867e-02 4.290651157498359680e-02 3.542748512700200081e-03 2.559203095734119415e-02 2.095734328031539917e-02 1.913305744528770447e-02 1.553759723901748657e-02 8.349121548235416412e-03 3.825895488262176514e-03 5.894360598176717758e-03 1.796127483248710632e-02 2.572451718151569366e-03 3.567511215806007385e-03 3.531058784574270248e-03 4.424992948770523071e-02 3.679953888058662415e-02 2.088725753128528595e-02 1.139279454946517944e-03 9.304229170083999634e-03 1.793222967535257339e-03 1.306640077382326126e-02 1.565990224480628967e-02 2.795818727463483810e-03 1.297876797616481781e-02 1.282180938869714737e-02 1.175583060830831528e-02 3.473736345767974854e-02 2.724088542163372040e-02 3.118999488651752472e-02 1.811137609183788300e-02 1.523677352815866470e-02 1.973154395818710327e-02 9.966471698135137558e-04 8.292407728731632233e-03 1.342067960649728775e-02 3.979849629104137421e-03 1.468586083501577377e-02 1.639522798359394073e-02 6.630925461649894714e-03 1.124583184719085693e-02 1.116785593330860138e-02 2.774037886410951614e-03 1.883650198578834534e-02 2.883612550795078278e-02 1.296808186452835798e-04 2.522126026451587677e-02 2.539188601076602936e-03 1.479370426386594772e-02 1.558706723153591156e-02 1.684445887804031372e-02 6.139463745057582855e-03 6.792489439249038696e-03
6.217509508132934570e-02 8.373617529869079590e-01 9.562459774315357208e-03 1.373519189655780792e-02 5.057535599917173386e-03 5.078312009572982788e-02 5.002159252762794495e-02 1.613761112093925476e-02 1.713541150093078613e-02 1.176222320646047592e-02 5.478079244494438171e-02 3.102808445692062378e-02 5.622285604476928711e-02 1.955955661833286285e-02 9.108725935220718384e-03 8.332828991115093231e-03 1.341094030067324638e-03 3.481256077066063881e-03 1.835073903203010559e-02 2.393596433103084564e-02 3.364766016602516174e-02 9.027542546391487122e-03 1.363233756273984909e-02 9.305397048592567444e-03 3.323082625865936279e-02 1.511904969811439514e-02 1.015140768140554428e-02 1.289441622793674469e-02 1.427114009857177734e-02 1.373513881117105484e-02 3.308423981070518494e-02 8.553192950785160065e-03 2.000872790813446045e-02 2.863670233637094498e-03 7.936235517263412476e-03 1.147148758172988892e-02 1.100450847297906876e-02 2.276716986671090126e-03 1.737272180616855621e-02 1.009354274719953537e-02 9.538157843053340912e-03 3.495236486196517944e-02 1.267318334430456161e-02 1.684784889221191406e-02 3.429544344544410706e-02 7.461659261025488377e-04 5.676095932722091675e-02 5.187389999628067017e-02 2.426236867904663086e-02 2.430798718705773354e-03 1.255922857671976089e-02 6.025207228958606720e-03 1.358731091022491455e-02 1.301597990095615387e-02 1.105813402682542801e-02 7.535562384873628616e-03 8.655931800603866577e-03 6.097824312746524811e-03 3.356943279504776001e-02 1.088784541934728622e-02 1.546182110905647278e-02 9.546186774969100952e-03 6.660149432718753815e-03 4.300455097109079361e-03 4.354798421263694763e-02 4.492770507931709290e-02 4.969827365130186081e-03 3.021589666604995728e-02 1.953924447298049927e-02 2.113350294530391693e-02 1.666638441383838654e-02 7.339580450206995010e-03 5.500587940332479775e-05 9.621233679354190826e-03 1.230270508676767349e-02 4.953726194798946381e-03 6.489956285804510117e-03 3.181591164320707321e-03 4.711418971419334412e-02 3.450692445039749146e-02 2.374302782118320465e-02 2.447977894917130470e-03 1.260629016906023026e-02 1.645371667109429836e-04 8.006964810192584991e-03 3.000442637130618095e-03 8.687705267220735550e-04 1.016273628920316696e-02 9.486544877290725708e-03 1.450332906097173691e-02 4.226828739047050476e-02 2.664628811180591583e-02 4.179540649056434631e-02 1.502736471593379974e-02 1.515063736587762833e-02 1.918251998722553253e-02 5.061633884906768799e-03 9.855281561613082886e-03 8.874880149960517883e-03 1.752067590132355690e-03 1.431022863835096359e-02 1.802776195108890533e-02 8.749631233513355255e-03 1.758898422122001648e-02 9.738296270370483398e-03 1.694154110737144947e-03 2.062859572470188141e-02 2.599261701107025146e-02 2.065606880933046341e-03 3.161228820681571960e-02 1.970655517652630806e-03 1.441990956664085388e-02 1.995535194873809814e-02 1.531316805630922318e-02 5.976832471787929535e-03 3.107130527496337891e-03
1.101652439683675766e-02 9.562459774315357208e-03 8.373617529869079590e-01 5.075368564575910568e-03 3.967524506151676178e-03 9.090609848499298096e-03 5.521520040929317474e-03 2.282416820526123047e-02 9.306596592068672180e-03 3.375531360507011414e-02 5.714697297662496567e-03 4.557930864393711090e-03 1.207765005528926849e-02 1.767372898757457733e-02 1.871800236403942108e-02 8.663191460072994232e-03 1.632371358573436737e-02 1.973130926489830017e-02 1.330034341663122177e-02 1.176572497934103012e-02 1.824243459850549698e-03 1.553397718816995621e-02 2.900773286819458008e-02 3.511690348386764526e-02 7.099374197423458099e-04 1.325603947043418884e-02 4.361810162663459778e-03 2.043572813272476196e-02 4.272919148206710815e-03 3.008899278938770294e-02 1.202372089028358459e-02 9.480505250394344330e-03 2.368167228996753693e-02 1.064625754952430725e-02 7.783012551954016089e-05 5.371935665607452393e-03 1.502278912812471390e-02 1.103552337735891342e-02 2.124894224107265472e-02 1.654533296823501587e-02 5.261813290417194366e-03 2.950218040496110916e-03 8.206189610064029694e-03 9.272416122257709503e-03 2.504528686404228210e-02 3.630810976028442383e-02 6.577905267477035522e-03 3.716580104082822800e-03 1.839629933238029480e-02 2.847910486161708832e-02 1.325931679457426071e-02 1.624058932065963745e-02 3.990539407823234797e-04 4.090040456503629684e-03 8.179221302270889282e-03 1.889086142182350159e-02 3.448146581649780273e-02 1.799869909882545471e-02 2.346661128103733063e-02 1.164783630520105362e-02 1.415507122874259949e-02 1.155321719124913216e-03 4.766082763671875000e-02 3.375285305082798004e-03 1.579721085727214813e-02 1.834558509290218353e-02 9.152665734291076660e-03 3.336858237162232399e-03 6.833235733211040497e-03 1.163248205557465553e-03 2.131048124283552170e-03 1.392351463437080383e-02 4.722135141491889954e-03 9.944134391844272614e-03 1.491771731525659561e-02 7.329917047172784805e-03 2.992015331983566284e-03 4.763756692409515381e-02 1.669042557477951050e-02 3.116366639733314514e-02 1.483470946550369263e-02 5.025494378060102463e-03 2.481703460216522217e-02 2.120957337319850922e-02 2.739331917837262154e-03 2.145982906222343445e-02 1.413475489243865013e-03 2.466385485604405403e-03 3.553424403071403503e-02 1.331991888582706451e-02 1.416375394910573959e-03 1.029809471219778061e-02 1.710396260023117065e-02 1.603017002344131470e-02 2.341960789635777473e-03 3.433326259255409241e-03 1.848456636071205139e-02 4.290777433197945356e-04 1.656756177544593811e-02 3.004569001495838165e-02 1.401852816343307495e-02 9.448354132473468781e-03 1.006288453936576843e-02 9.075114503502845764e-03 9.730470366775989532e-03 7.560312282294034958e-03 7.853228598833084106e-03 3.411838319152593613e-03 9.817952290177345276e-03 3.595656249672174454e-03 6.772382184863090515e-03 1.341979950666427612e-02 1.231054589152336121e-02 1.942484825849533081e-02 2.431767992675304413e-03 9.190745768137276173e-04
1.242944691330194473e-02 1.373519189655780792e-02 5.075368564575910568e-03 8.373617529869079590e-01 6.075527518987655640e-02 2.783873118460178375e-02 2.838651835918426514e-02 1.332782395184040070e-02 1.129101589322090149e-02 1.169100962579250336e-02 1.753993146121501923e-02 1.623474247753620148e-02 1.037765108048915863e-02 1.902932487428188324e-02 8.617377607151865959e-04 1.944112777709960938e-02 1.601519435644149780e-02 3.220839053392410278e-02 1.834043418057262897e-03 3.903935663402080536e-03 3.445487935096025467e-03 7.349897641688585281e-03 2.119123749434947968e-02 7.881860248744487762e-03 4.892643541097640991e-03 4.223598167300224304e-03 1.100293267518281937e-02 4.313959926366806030e-02 1.549761276692152023e-03 3.796046599745750427e-02 5.534010473638772964e-03 7.933445274829864502e-03 2.229344472289085388e-02 3.327366663143038750e-03 1.086683943867683411e-02 1.927556842565536499e-02 1.567270047962665558e-02 4.037142265588045120e-03 5.900167161598801613e-04 9.689075872302055359e-03 1.157133840024471283e-02 8.563670329749584198e-03 2.757153287529945374e-02 5.003284197300672531e-03 1.688666827976703644e-02 1.366306375712156296e-02 2.400841563940048218e-02 2.276395820081233978e-02 3.071315027773380280e-02 1.615968905389308929e-02 5.005962681025266647e-03 6.766531150788068771e-04 2.466255426406860352e-02 2.420902252197265625e-02 2.217349829152226448e-03 6.552661070600152016e-04 8.159389719367027283e-03 2.696662954986095428e-02 2.240167185664176941e-02 1.122540980577468872e-02 4.083013907074928284e-02 1.063370332121849060e-02 1.988664828240871429e-02 1.217457652091979980e-02 1.405509002506732941e-02 1.680308580398559570e-02 3.709890646860003471e-03 3.748758696019649506e-03 3.035516291856765747e-02 3.242302336730062962e-04 1.049303822219371796e-02 1.055858749896287918e-02 5.132775008678436279e-02 2.729930565692484379e-04 3.380188718438148499e-02 2.218231558799743652e-02 2.945220284163951874e-02 1.246666535735130310e-02 3.304586932063102722e-02 3.865442052483558655e-02 2.993636997416615486e-03 4.543527495115995407e-03 1.062332931905984879e-02 4.284627735614776611e-03 2.864544093608856201e-02 1.599235832691192627e-02 7.121653296053409576e-03 7.182965986430644989e-03 3.619389235973358154e-02 2.819023653864860535e-02 8.731245994567871094e-03 9.768452495336532593e-03 1.632505096495151520e-02 6.132031790912151337e-03 2.292475476861000061e-02 2.376081421971321106e-02 6.758660543709993362e-03 7.499724626541137695e-03 3.830653056502342224e-02 1.931207813322544098e-02 1.590161398053169250e-02 1.652554236352443695e-02 1.417486928403377533e-02 4.235508851706981659e-03 2.956452313810586929e-03 1.901359483599662781e-02 1.838615536689758301e-02 1.760305650532245636e-02 2.116358838975429535e-02 5.449899937957525253e-03 2.090688562020659447e-03 1.197001338005065918e-02 2.692915499210357666e-03 1.064481306821107864e-02 2.753778919577598572e-02 2.190467203035950661e-03
9.979410097002983093e-03 5.057535599917173386e-03 3.967524506151676178e-03 6.075527518987655640e-02 8.373617529869079590e-01 4.816349595785140991e-03 5.859685596078634262e-03 2.883578278124332428e-02 3.709026146680116653e-03 1.057896949350833893e-02 5.197836086153984070e-03 3.491450101137161255e-03 1.272562704980373383e-02 2.292569354176521301e-02 3.876436268910765648e-03 2.788761071860790253e-02 3.435758501291275024e-02 1.380935404449701309e-02 9.779104031622409821e-03 4.416665527969598770e-03 8.929923176765441895e-03 1.377349486574530602e-03 1.565022394061088562e-02 1.753651537001132965e-02 9.436545893549919128e-03 1.979047060012817383e-02 3.650367259979248047e-03 3.082306310534477234e-02 1.928379759192466736e-02 3.665688633918762207e-02 1.729187741875648499e-02 1.408263482153415680e-02 3.013775311410427094e-02 2.235398627817630768e-02 2.558705210685729980e-02 1.832700893282890320e-02 1.661083288490772247e-02 1.072495244443416595e-02 2.555182389914989471e-02 3.919024392962455750e-02 1.465835142880678177e-02 9.432126767933368683e-03 5.751607939600944519e-03 2.740915864706039429e-02 5.391092970967292786e-03 1.262673176825046539e-03 1.648701843805611134e-03 7.408316712826490402e-03 1.397162117063999176e-02 7.959997281432151794e-03 1.039248052984476089e-02 9.043545462191104889e-03 1.775825582444667816e-02 2.290311083197593689e-02 1.521954964846372604e-02 3.923909738659858704e-03 1.015313621610403061e-02 9.726239368319511414e-03 1.085874624550342560e-02 1.300919987261295319e-02 1.883441768586635590e-02 3.060182929039001465e-02 1.419962290674448013e-02 1.100176107138395309e-02 1.188781671226024628e-02 2.516815671697258949e-03 3.707387077156454325e-04 4.561646375805139542e-03 1.460673008114099503e-02 6.219808012247085571e-03 1.886621303856372833e-02 1.867624698206782341e-03 5.400248616933822632e-02 7.932445965707302094e-03 5.910850316286087036e-02 1.412494108080863953e-02 7.892291061580181122e-03 1.222658250480890274e-02 1.597732491791248322e-02 1.807806640863418579e-02 1.264455821365118027e-02 6.316984537988901138e-03 7.188099436461925507e-03 1.968344487249851227e-02 1.666315086185932159e-02 7.398377638310194016e-03 1.223366335034370422e-02 1.300668343901634216e-02 4.889095667749643326e-03 3.434902429580688477e-02 7.825159467756748199e-03 6.691244430840015411e-03 2.086455002427101135e-03 1.416293671354651451e-03 2.172817662358283997e-02 2.136718295514583588e-02 5.385321099311113358e-03 2.806116128340363503e-03 1.126422733068466187e-02 4.567431751638650894e-03 1.102768257260322571e-02 1.058505475521087646e-02 2.018730528652667999e-02 1.583533920347690582e-02 1.283267233520746231e-02 2.699183486402034760e-02 1.611694507300853729e-02 1.105127669870853424e-02 1.537496782839298248e-02 5.487647140398621559e-04 1.224322430789470673e-02 2.132982201874256134e-02 4.511166363954544067e-03 1.775293424725532532e-02 3.085250966250896454e-02 2.193011023337021470e-04
5.132497847080230713e-02 5.078312009572982788e-02 9.090609848499298096e-03 2.783873118460178375e-02 4.816349595785140991e-03 8.373617529869079590e-01 5.981119722127914429e-02 1.010506320744752884e-02 1.691911369562149048e-02 1.135095115751028061e-02 5.622666701674461365e-02 1.185971964150667191e-02 4.730185493826866150e-02 6.091016810387372971e-03 1.643491536378860474e-02 1.294039975618943572e-04 5.961791146546602249e-03 1.098687760531902313e-02 6.916986312717199326e-03 3.377047553658485413e-02 2.131457999348640442e-02 1.470935344696044922e-02 6.442303769290447235e-03 1.503253728151321411e-02 2.973024174571037292e-02 8.546321652829647064e-03 1.327958144247531891e-02 1.923964591696858406e-03 7.927761413156986237e-03 5.946950521320104599e-03 8.363791741430759430e-03 8.982838131487369537e-03 1.710494607686996460e-02 1.361961709335446358e-03 6.905248854309320450e-03 7.005021441727876663e-03 6.726563442498445511e-03 2.692792937159538269e-02 2.613734640181064606e-02 1.673949323594570160e-02 1.036907453089952469e-02 2.084334567189216614e-02 2.583348937332630157e-02 2.018854208290576935e-02 2.084816060960292816e-02 5.969022866338491440e-03 6.143642589449882507e-02 4.254860803484916687e-02 2.169336378574371338e-02 3.486547211650758982e-04 4.925718065351247787e-03 1.219286303967237473e-02 8.416525088250637054e-03 1.266701519489288330e-02 3.261726349592208862e-03 2.989518223330378532e-03 7.635823916643857956e-03 1.598934992216527462e-03 3.174562752246856689e-02 1.388944126665592194e-02 1.948775351047515869e-02 2.059563994407653809e-03 1.881066150963306427e-02 3.555930452421307564e-03 4.039020091295242310e-02 3.581819310784339905e-02 1.554706972092390060e-02 2.136217430233955383e-02 1.759862899780273438e-02 3.000668250024318695e-03 1.572483964264392853e-02 1.686475425958633423e-02 8.192582987248897552e-03 1.561647094786167145e-02 8.080241270363330841e-03 2.184394560754299164e-02 5.000599659979343414e-03 1.297240611165761948e-02 4.553808644413948059e-02 4.037253186106681824e-02 2.841101773083209991e-02 1.720644161105155945e-02 2.738187648355960846e-02 1.228418480604887009e-02 7.068610750138759613e-03 8.768973872065544128e-03 1.437883917242288589e-02 7.421211805194616318e-03 1.508410647511482239e-02 5.164422560483217239e-03 2.318743057548999786e-02 6.915594451129436493e-03 2.698378264904022217e-02 8.723936975002288818e-03 3.423447953537106514e-03 8.521180599927902222e-03 1.697314158082008362e-02 3.313652426004409790e-02 2.336680702865123749e-02 1.640741527080535889e-02 2.647255780175328255e-03 2.685579005628824234e-03 8.829555474221706390e-03 3.365771844983100891e-02 1.784297823905944824e-02 4.264787770807743073e-03 5.093488842248916626e-03 4.281049221754074097e-02 6.653518881648778915e-03 1.466227881610393524e-02 1.643306016921997070e-02 2.566645853221416473e-02 8.111341856420040131e-03 6.179404444992542267e-03 8.024175651371479034e-03 1.895049028098583221e-02
4.588130861520767212e-02 5.002159252762794495e-02 5.521520040929317474e-03 2.838651835918426514e-02 5.859685596078634262e-03 5.981119722127914429e-02 8.373617529869079590e-01 6.209716666489839554e-03 2.450410649180412292e-02 1.972612552344799042e-02 5.522157996892929077e-02 2.477485314011573792e-02 4.727177694439888000e-02 6.149139255285263062e-03 1.155800744891166687e-02 5.639209848595783114e-05 1.030963286757469177e-02 8.806476369500160217e-03 1.529848575592041016e-02 3.547950834035873413e-02 2.667830511927604675e-02 5.333153065294027328e-03 2.248177042929455638e-04 1.633848296478390694e-03 3.080540150403976440e-02 9.214644320309162140e-03 5.223660264164209366e-03 5.239378660917282104e-04 5.394102074205875397e-03 2.009304240345954895e-03 2.328145317733287811e-02 1.873783330665901303e-04 9.773241356015205383e-03 7.018336560577154160e-03 2.018064260482788086e-03 5.040904972702264786e-03 1.725137932226061821e-03 1.273085642606019974e-02 2.433402277529239655e-02 1.278206147253513336e-02 5.714145954698324203e-03 2.581535466015338898e-02 3.093662485480308533e-02 1.874862797558307648e-02 3.153784200549125671e-02 1.312788017094135284e-02 6.254571676254272461e-02 5.242529138922691345e-02 2.882957272231578827e-02 3.824999323114752769e-03 1.142174820415675640e-03 1.546589192003011703e-02 6.179144605994224548e-03 6.580821263924008235e-06 2.267176657915115356e-02 2.062303572893142700e-02 4.292747471481561661e-03 2.389221685007214546e-03 2.230711653828620911e-02 3.037717891857028008e-03 3.382305847480893135e-03 1.100390101782977581e-03 1.497343089431524277e-02 8.665457367897033691e-03 4.429530724883079529e-02 3.981059417128562927e-02 1.713484153151512146e-02 3.222566470503807068e-02 1.085147634148597717e-02 9.799192659556865692e-03 1.074755471199750900e-02 1.150022726505994797e-02 1.365110278129577637e-02 6.693499162793159485e-04 4.250695346854627132e-04 1.386724691838026047e-02 4.380034282803535461e-03 1.272972766309976578e-02 4.458988457918167114e-02 2.799041382968425751e-02 2.585178241133689880e-02 2.297094464302062988e-02 3.279129788279533386e-02 9.927595965564250946e-03 1.085198856890201569e-02 1.211496256291866302e-02 1.582404412329196930e-02 7.529079448431730270e-03 1.433199178427457809e-02 2.451734384521842003e-03 3.068340569734573364e-02 1.653460413217544556e-02 3.688832372426986694e-02 5.811010021716356277e-03 2.539142966270446777e-03 4.769308492541313171e-03 4.137294832617044449e-03 2.857128158211708069e-02 1.637944579124450684e-02 2.185938321053981781e-02 8.530813502147793770e-04 4.694459959864616394e-03 3.817156190052628517e-03 2.767639793455600739e-02 1.990235969424247742e-02 1.173248235136270523e-02 8.672677911818027496e-03 3.255146741867065430e-02 1.224801060743629932e-03 2.522104233503341675e-02 6.585904397070407867e-03 2.761613018810749054e-02 1.510433270595967770e-03 1.592783955857157707e-03 5.204089684411883354e-04 2.230143919587135315e-02
1.712282560765743256e-02 1.613761112093925476e-02 2.282416820526123047e-02 1.332782395184040070e-02 2.883578278124332428e-02 1.010506320744752884e-02 6.209716666489839554e-03 8.373617529869079590e-01 1.482091378420591354e-02 1.697672158479690552e-02 1.045822165906429291e-02 9.651609696447849274e-03 1.523876562714576721e-02 1.275615580379962921e-02 1.627092994749546051e-02 7.639008108526468277e-03 1.528212334960699081e-02 9.005892090499401093e-03 9.372062631882727146e-04 3.957139328122138977e-03 4.935568198561668396e-03 1.490054652094841003e-02 7.114397361874580383e-03 2.738619223237037659e-02 6.780102383345365524e-03 5.669301375746726990e-03 6.808098871260881424e-03 1.240734010934829712e-02 1.313306856900453568e-02 3.598498180508613586e-02 8.750482462346553802e-03 1.472834218293428421e-02 1.665578410029411316e-02 3.071671165525913239e-02 1.770807057619094849e-02 1.907118782401084900e-02 2.819224447011947632e-02 2.187387272715568542e-02 1.935878582298755646e-02 3.124263696372509003e-02 2.294935658574104309e-02 3.850467968732118607e-03 1.932064071297645569e-02 3.037242777645587921e-02 1.636463031172752380e-02 1.519632618874311447e-02 1.777343638241291046e-02 4.718871787190437317e-03 1.495749782770872116e-02 1.498175133019685745e-02 5.774186924099922180e-03 8.279611356556415558e-03 1.128033269196748734e-02 1.562390197068452835e-02 2.818137966096401215e-02 3.747889772057533264e-03 3.223747760057449341e-02 3.369986952748149633e-04 1.900588744319975376e-03 1.012200117111206055e-02 1.240132935345172882e-02 1.215912867337465286e-02 6.912733893841505051e-03 7.432485930621623993e-03 1.161060412414371967e-03 6.429682020097970963e-03 1.993619836866855621e-02 1.485045813024044037e-02 1.913434639573097229e-02 7.320795208215713501e-03 4.743455501738935709e-04 9.203101508319377899e-03 2.357231639325618744e-02 1.043739914894104004e-02 3.004947677254676819e-02 1.791004557162523270e-03 9.009479545056819916e-03 1.642177440226078033e-02 9.937549009919166565e-03 1.782715320587158203e-02 4.314844682812690735e-02 1.743937842547893524e-02 2.250971272587776184e-02 1.171615254133939743e-02 2.345220651477575302e-03 1.155958883464336395e-02 3.425981849431991577e-02 2.000859938561916351e-02 4.804712953045964241e-04 1.377074886113405228e-02 1.455618627369403839e-02 1.459557469934225082e-02 7.269147783517837524e-03 2.775105182081460953e-03 1.834951154887676239e-02 1.430536713451147079e-02 1.388575416058301926e-02 4.870105069130659103e-03 1.314280182123184204e-02 1.769372262060642242e-02 2.604266628623008728e-02 2.562035247683525085e-02 2.487077750265598297e-02 1.937555149197578430e-02 2.175714448094367981e-02 2.801336348056793213e-02 2.182722091674804688e-02 1.752243377268314362e-02 3.718908503651618958e-02 6.746638100594282150e-03 2.171204611659049988e-02 2.276336960494518280e-02 1.623948849737644196e-02 3.493763133883476257e-02 2.491012215614318848e-02 7.995082996785640717e-03
1.516482885926961899e-02 1.713541150093078613e-02 9.306596592068672180e-03 1.129101589322090149e-02 3.709026146680116653e-03 1.691911369562149048e-02 2.450410649180412292e-02 1.482091378420591354e-02 8.373617529869079590e-01 1.430986332707107067e-03 2.220380865037441254e-02 4.033408686518669128e-02 2.056915313005447388e-02 5.134726874530315399e-03 1.222009723278461024e-05 2.274809777736663818e-02 5.575435701757669449e-03 5.680616945028305054e-02 7.353514898568391800e-03 1.193774980492889881e-03 1.223578024655580521e-02 4.283926100470125675e-04 2.614925615489482880e-02 1.534494105726480484e-03 3.254364803433418274e-02 3.400294482707977295e-02 1.578924804925918579e-02 1.817365549504756927e-02 5.114823579788208008e-03 1.085981354117393494e-02 1.260927785187959671e-02 1.369942631572484970e-02 1.789432018995285034e-02 7.090793922543525696e-03 1.920086331665515900e-02 1.685405336320400238e-02 1.604181481525301933e-03 1.662661816226318479e-04 2.840753877535462379e-03 2.195235528051853180e-02 4.243977367877960205e-03 2.102298289537429810e-02 2.017878182232379913e-02 1.972913928329944611e-02 2.091501839458942413e-02 3.475445089861750603e-03 1.096047926694154739e-02 6.407858338207006454e-03 1.486377045512199402e-02 1.274521276354789734e-02 1.542558707296848297e-02 2.732601569732651114e-05 1.716388575732707977e-02 1.617664098739624023e-02 4.689721763134002686e-02 2.047053538262844086e-03 1.039459742605686188e-02 4.962196573615074158e-02 2.806811360642313957e-03 9.722481481730937958e-03 3.391856700181961060e-02 6.702646147459745407e-03 6.691433023661375046e-03 5.147123243659734726e-03 8.556600660085678101e-03 1.795218326151371002e-03 2.817966975271701813e-02 2.801977097988128662e-02 4.877527803182601929e-02 2.092988928779959679e-03 1.424335781484842300e-02 3.443941473960876465e-02 9.734173305332660675e-03 8.141152793541550636e-04 6.851965561509132385e-03 3.190088644623756409e-02 6.828595697879791260e-02 2.617119438946247101e-02 3.297662362456321716e-02 2.000237582251429558e-03 1.413304824382066727e-03 1.929726265370845795e-02 4.695639759302139282e-02 1.118843164294958115e-02 2.626844681799411774e-02 3.189121931791305542e-02 2.395622199401259422e-03 7.167196017690002918e-04 1.991888321936130524e-02 2.726531820371747017e-03 1.322409138083457947e-03 5.539054982364177704e-03 2.199743874371051788e-03 2.123844809830188751e-02 1.975286193192005157e-02 4.012260586023330688e-03 3.862683661282062531e-03 3.106021136045455933e-02 1.147182192653417587e-02 6.539449095726013184e-03 1.726494170725345612e-02 3.545982763171195984e-03 7.656501140445470810e-03 6.807122379541397095e-03 2.645784756168723106e-03 1.619038730859756470e-02 6.846086587756872177e-03 3.410976752638816833e-02 1.052419887855648994e-03 1.595084927976131439e-02 9.668882004916667938e-03 2.731864154338836670e-02 1.019056700170040131e-02 1.435538660734891891e-02 3.633407875895500183e-03 2.290795184671878815e-02
9.400074370205402374e-03 1.176222320646047592e-02 3.375531360507011414e-02 1.169100962579250336e-02 1.057896949350833893e-02 1.135095115751028061e-02 1.972612552344799042e-02 1.697672158479690552e-02 1.430986332707107067e-03 8.373617529869079590e-01 2.199181355535984039e-02 3.076048009097576141e-02 1.436921861022710800e-02 3.839598502963781357e-03 9.383852593600749969e-03 7.761078421026468277e-03 1.087056845426559448e-02 1.931772939860820770e-02 4.822244495153427124e-02 4.072005301713943481e-02 3.425494953989982605e-02 8.715343661606311798e-03 1.677335053682327271e-02 2.909769862890243530e-02 3.032288141548633575e-02 1.920649409294128418e-02 6.783068180084228516e-03 6.319343112409114838e-03 7.033005822449922562e-03 8.245431818068027496e-03 6.501629482954740524e-03 1.943589560687541962e-02 9.751552715897560120e-03 2.825680747628211975e-02 1.100278180092573166e-02 2.709073247388005257e-03 1.087327953428030014e-02 7.822019048035144806e-03 2.438858523964881897e-02 1.169314701110124588e-02 1.326497085392475128e-02 4.646596033126115799e-03 2.388011664152145386e-02 2.547633275389671326e-02 1.669952832162380219e-02 3.235474973917007446e-02 1.134013570845127106e-02 1.462462171912193298e-02 4.330479074269533157e-03 5.024532601237297058e-02 8.011042140424251556e-03 5.040306714363396168e-04 3.589130938053131104e-03 2.935131313279271126e-03 3.308852668851613998e-03 2.287642285227775574e-02 3.530009835958480835e-02 1.688357256352901459e-02 5.101645365357398987e-03 4.601814784109592438e-03 1.903327926993370056e-02 1.840920746326446533e-02 4.572686180472373962e-02 4.018737748265266418e-02 1.907542161643505096e-02 8.864960633218288422e-03 4.002526029944419861e-02 3.773747012019157410e-02 2.843365655280649662e-04 2.852895110845565796e-02 1.519973948597908020e-02 1.319088228046894073e-02 9.462725371122360229e-03 1.791430823504924774e-02 9.445573203265666962e-03 1.463032606989145279e-02 9.543163701891899109e-03 4.667851701378822327e-02 5.005927290767431259e-03 2.879061736166477203e-02 1.521798875182867050e-02 5.627465900033712387e-03 1.776364818215370178e-02 3.613040596246719360e-02 2.013496309518814087e-02 1.467982772737741470e-02 9.059609845280647278e-03 7.406318094581365585e-03 1.809321157634258270e-02 2.866644971072673798e-02 4.567340947687625885e-03 1.945107057690620422e-02 4.453240893781185150e-03 3.172475844621658325e-03 4.352353047579526901e-03 1.846255175769329071e-02 3.085631877183914185e-02 2.323593944311141968e-03 1.846112310886383057e-02 7.612350862473249435e-03 1.184044033288955688e-02 1.151700038462877274e-02 1.818255148828029633e-02 8.625108748674392700e-03 1.466346730012446642e-04 3.489544847980141640e-03 1.243085600435733795e-02 1.092346105724573135e-02 1.836975105106830597e-02 2.012385614216327667e-02 2.575743757188320160e-02 1.377503620460629463e-03 1.851419359445571899e-02 1.439979579299688339e-02 1.676105894148349762e-04 4.758260212838649750e-03
5.568822473287582397e-02 5.478079244494438171e-02 5.714697297662496567e-03 1.753993146121501923e-02 5.197836086153984070e-03 5.622666701674461365e-02 5.522157996892929077e-02 1.045822165906429291e-02 2.220380865037441254e-02 2.199181355535984039e-02 8.373617529869079590e-01 2.675164118409156799e-02 5.984428152441978455e-02 5.978341680020093918e-03 8.467448642477393150e-04 3.744946559891104698e-03 6.076181773096323013e-03 1.117536798119544983e-02 1.074087899178266525e-02 3.378611057996749878e-02 2.670637518167495728e-02 2.267736010253429413e-03 6.060575600713491440e-03 5.158130545169115067e-03 3.532949835062026978e-02 1.733193919062614441e-02 1.301630283705890179e-03 1.692931354045867920e-02 1.613297313451766968e-02 1.171765942126512527e-02 2.449623867869377136e-02 1.441915705800056458e-02 1.782676950097084045e-02 4.004869144409894943e-03 1.187357958406209946e-02 2.544566232245415449e-04 3.478848375380039215e-03 8.162762969732284546e-03 1.861496828496456146e-02 2.138661406934261322e-02 5.032721441239118576e-03 2.718530781567096710e-02 2.731521800160408020e-02 2.220640331506729126e-02 3.107161447405815125e-02 5.473557393997907639e-03 5.830126628279685974e-02 4.279422387480735779e-02 1.840937137603759766e-02 1.431319490075111389e-02 2.697226591408252716e-03 8.646350353956222534e-03 1.893272809684276581e-02 1.689963974058628082e-02 4.488452337682247162e-03 1.275093480944633484e-02 3.469608956947922707e-03 1.215002033859491348e-02 3.783231973648071289e-02 2.007176168262958527e-02 1.300181262195110321e-02 1.063520461320877075e-02 1.330687664449214935e-02 2.276084152981638908e-03 5.372405797243118286e-02 4.522402212023735046e-02 2.010296843945980072e-02 2.552326582372188568e-02 1.523780543357133865e-02 1.730395853519439697e-02 1.835352554917335510e-02 1.345656532794237137e-02 3.493453841656446457e-03 8.634601254016160965e-04 8.201194927096366882e-03 2.277272194623947144e-02 6.802791729569435120e-03 9.155302308499813080e-03 4.264894127845764160e-02 3.005728870630264282e-02 1.921355351805686951e-02 4.191645886749029160e-03 1.812961511313915253e-02 1.083831302821636200e-02 4.990105982869863510e-03 5.222593899816274643e-03 1.674369123065844178e-04 7.468265946954488754e-03 7.186855655163526535e-03 7.263551466166973114e-03 3.704399242997169495e-02 2.152303792536258698e-02 3.163655847311019897e-02 1.327186473645269871e-03 7.395264692604541779e-03 1.750280894339084625e-02 1.435848651453852654e-03 2.664068713784217834e-02 1.485911849886178970e-02 1.067143306136131287e-02 8.950332179665565491e-03 1.248333882540464401e-02 1.828687149100005627e-03 2.113017812371253967e-02 8.406072854995727539e-03 3.475031349807977676e-03 1.148722972720861435e-02 2.766206115484237671e-02 6.329384166747331619e-03 2.591715753078460693e-02 7.442571804858744144e-04 1.676461286842823029e-02 1.264721062034368515e-02 1.006592344492673874e-02 4.411290283314883709e-04 8.802303113043308258e-03
2.481728233397006989e-02 3.102808445692062378e-02 4.557930864393711090e-03 1.623474247753620148e-02 3.491450101137161255e-03 1.185971964150667191e-02 2.477485314011573792e-02 9.651609696447849274e-03 4.033408686518669128e-02 3.076048009097576141e-02 2.675164118409156799e-02 8.373617529869079590e-01 2.466030605137348175e-02 4.108047112822532654e-02 2.160491980612277985e-02 1.482011401094496250e-03 2.757398411631584167e-03 8.965933695435523987e-03 3.146761655807495117e-02 1.688444055616855621e-02 3.484305739402770996e-02 2.201376296579837799e-02 1.517267618328332901e-02 1.908009313046932220e-02 2.922924607992172241e-02 2.622713707387447357e-02 1.631674915552139282e-02 2.119481377303600311e-02 2.385358139872550964e-02 9.797153063118457794e-03 2.726526930928230286e-02 2.755191177129745483e-03 1.713029853999614716e-02 1.617835462093353271e-02 2.368994522839784622e-03 3.991080448031425476e-03 1.633255742490291595e-02 2.123926021158695221e-02 6.544243544340133667e-03 1.789624057710170746e-02 2.210019901394844055e-02 3.101042658090591431e-02 9.253761731088161469e-03 3.748246934264898300e-03 3.797656297683715820e-02 5.915217101573944092e-03 1.716148294508457184e-02 2.711554430425167084e-02 2.337888441979885101e-02 3.039062395691871643e-02 3.396528959274291992e-02 2.076998725533485413e-02 9.382688440382480621e-03 1.189464703202247620e-02 2.949081175029277802e-02 1.265001832507550716e-03 1.111002266407012939e-02 1.822202838957309723e-02 6.290032179094851017e-04 1.121008396148681641e-02 9.669179096817970276e-03 2.707849815487861633e-02 3.670104779303073883e-03 2.972425147891044617e-02 2.729005739092826843e-02 1.808921061456203461e-02 9.425950236618518829e-03 3.835107013583183289e-02 1.113320048898458481e-02 3.237164020538330078e-02 1.075980253517627716e-02 5.043098703026771545e-03 9.823658037930727005e-04 2.808514237403869629e-02 4.705255851149559021e-03 9.849463589489459991e-03 4.444143921136856079e-02 7.322711870074272156e-03 2.717660926282405853e-02 1.001339592039585114e-02 5.462655331939458847e-03 5.027590319514274597e-03 8.480010554194450378e-03 2.118339948356151581e-02 2.688785083591938019e-02 2.897546067833900452e-02 1.030095294117927551e-02 1.068304665386676788e-02 1.878601312637329102e-02 6.308960728347301483e-03 2.607656456530094147e-02 3.028407320380210876e-02 2.112232707440853119e-02 3.861100878566503525e-03 4.103024490177631378e-03 1.011706981807947159e-02 3.601714223623275757e-02 9.716195199871435761e-05 3.055896982550621033e-02 1.432286947965621948e-02 1.009921776130795479e-03 1.533916406333446503e-02 2.868597209453582764e-02 7.946522906422615051e-03 1.001308951526880264e-02 3.455403726547956467e-03 1.377603970468044281e-02 2.654546406120061874e-03 1.248410623520612717e-02 3.518229722976684570e-02 2.111596427857875824e-02 1.056857034564018250e-02 1.058699283748865128e-02 9.994519874453544617e-03 7.559975143522024155e-03 3.453976474702358246e-03
5.740180239081382751e-02 5.622285604476928711e-02 1.207765005528926849e-02 1.037765108048915863e-02 1.272562704980373383e-02 4.730185493826866150e-02 4.727177694439888000e-02 1.523876562714576721e-02 2.056915313005447388e-02 1.436921861022710800e-02 5.984428152441978455e-02 2.466030605137348175e-02 8.373617529869079590e-01 1.391602121293544769e-02 8.954524993896484375e-03 4.254913888871669769e-03 7.172457873821258545e-03 1.072841137647628784e-02 5.104075185954570770e-03 3.051173314452171326e-02 2.836484648287296295e-02 8.281904272735118866e-03 5.723266396671533585e-03 2.280840184539556503e-03 3.762563318014144897e-02 2.108363620936870575e-02 2.251240191981196404e-03 8.583411574363708496e-03 1.895970478653907776e-02 3.531303256750106812e-03 3.369408473372459412e-02 1.403221860527992249e-02 1.834478788077831268e-02 2.719152485951781273e-03 1.348835043609142303e-02 7.325011305510997772e-03 9.451117366552352905e-03 4.374369978904724121e-03 1.610595546662807465e-02 1.921650581061840057e-02 6.372933275997638702e-03 2.402822673320770264e-02 1.854845508933067322e-02 1.819244213402271271e-02 3.180716186761856079e-02 1.486398838460445404e-02 5.259343609213829041e-02 4.017632827162742615e-02 1.335206162184476852e-02 5.787594709545373917e-03 1.112247444689273834e-02 3.117864020168781281e-03 2.363670058548450470e-02 1.929507404565811157e-02 5.995403043925762177e-03 4.582026507705450058e-03 1.766359992325305939e-02 6.682403385639190674e-03 3.718733787536621094e-02 2.150036580860614777e-02 7.561710197478532791e-03 2.433262998238205910e-03 9.941985830664634705e-03 1.260002027265727520e-04 5.112379416823387146e-02 5.273658409714698792e-02 2.299790270626544952e-02 2.937586605548858643e-02 1.750122755765914917e-02 2.091315574944019318e-02 1.180196553468704224e-02 2.241087844595313072e-03 4.567931406199932098e-03 1.622690237127244473e-03 1.502397563308477402e-02 1.551016885787248611e-02 7.294144481420516968e-03 3.017424372956156731e-03 4.210199043154716492e-02 3.242060169577598572e-02 2.107980102300643921e-02 1.827855012379586697e-03 1.634983345866203308e-02 1.808891072869300842e-02 2.600862062536180019e-04 3.744551504496484995e-04 2.670264802873134613e-03 1.204441860318183899e-02 1.344902627170085907e-02 6.631758995354175568e-03 3.511539474129676819e-02 2.676160074770450592e-02 3.255259990692138672e-02 1.529537793248891830e-02 8.064322173595428467e-03 1.742088049650192261e-02 4.511106293648481369e-03 2.221987582743167877e-02 1.198132988065481186e-02 1.714243437163531780e-03 1.029849704355001450e-02 1.624726504087448120e-02 2.812291961163282394e-03 1.575555652379989624e-02 7.234434131532907486e-03 1.773308729752898216e-03 1.247590873390436172e-02 2.353886887431144714e-02 4.156232345849275589e-03 2.271276153624057770e-02 1.026325044222176075e-03 1.591367647051811218e-02 1.165492925792932510e-02 8.504577912390232086e-03 2.956156386062502861e-03 6.881599314510822296e-03
