8.526740074157714844e-01 6.001974269747734070e-02 8.431243710219860077e-03 4.637529142200946808e-03 9.733138140290975571e-04 5.699779465794563293e-02 5.617338418960571289e-02 9.285586886107921600e-03 1.291255746036767960e-02 1.496889814734458923e-02 5.903764814138412476e-02 2.552867121994495392e-02 5.128040537238121033e-02 2.843382209539413452e-02 3.093756176531314850e-02 1.548068132251501083e-02 1.877553388476371765e-02 1.428516395390033722e-02 1.701819524168968201e-02 1.212005037814378738e-02 1.181287597864866257e-02 3.540837392210960388e-02 1.641018502414226532e-02 1.814131811261177063e-02 1.374853588640689850e-02 6.164423190057277679e-03 3.162959590554237366e-02 1.454364135861396790e-02 6.279298104345798492e-03 1.958239637315273285e-02 2.515344694256782532e-02 2.057401835918426514e-02 7.433577440679073334e-03 2.113887853920459747e-02 1.497609261423349380e-02 2.081724070012569427e-02 2.238708548247814178e-02 2.477200515568256378e-02 3.011786378920078278e-03 8.379283361136913300e-03 2.417138963937759399e-02 6.531690247356891632e-03 1.835425570607185364e-02 1.763857528567314148e-02 1.416899077594280243e-02 1.404690835624933243e-02 5.303637310862541199e-02 5.365414172410964966e-02 1.987112453207373619e-03 1.387922372668981552e-02 1.634978875517845154e-02 1.580446027219295502e-02 1.674309559166431427e-02 7.387602236121892929e-03 1.529533416032791138e-02 5.957459565252065659e-03 1.085532549768686295e-02 2.516382187604904175e-02 1.629917882382869720e-02 1.041149720549583435e-02 1.364269945770502090e-02 1.796296983957290649e-02 3.250958397984504700e-04 2.674332121387124062e-03 3.003703430294990540e-02 3.097871690988540649e-02 8.828617632389068604e-03 1.989199407398700714e-02 1.319317892193794250e-02 1.754557527601718903e-02 1.092216372489929199e-02 2.030449546873569489e-02 1.223270036280155182e-02 8.431303314864635468e-03 1.685040444135665894e-02 1.707351766526699066e-02 1.085446402430534363e-02 1.071340404450893402e-02 9.017569944262504578e-03 1.003709714859724045e-02 1.407946832478046417e-02 1.913753920234739780e-03 7.472917903214693069e-03 1.766554638743400574e-02 6.727840751409530640e-03 9.720584377646446228e-03 2.250372432172298431e-02 2.644726820290088654e-02 9.046128070622216910e-06 9.023412712849676609e-04 3.213119506835937500e-02 3.494685888290405273e-02 3.960568085312843323e-02 3.104427829384803772e-02 1.516466867178678513e-02 2.045232988893985748e-02 9.783145040273666382e-03 2.341083437204360962e-02 1.064691599458456039e-02 1.568945124745368958e-02 1.331133302301168442e-02 1.733366400003433228e-02 1.534435711801052094e-02 1.812223717570304871e-02 7.572853472083806992e-03 1.947673154063522816e-03 1.723080873489379883e-02 3.004254773259162903e-03 1.406098343431949615e-02 7.332986686378717422e-03 2.989778062328696251e-03 2.179242111742496490e-02 3.653653664514422417e-03 1.360744517296552658e-02 8.117116056382656097e-03 2.548143640160560608e-02
6.001974269747734070e-02 8.526740074157714844e-01 1.071673538535833359e-02 7.767955772578716278e-03 2.063584048300981522e-03 5.353703722357749939e-02 5.827284604310989380e-02 8.432058617472648621e-03 1.099173352122306824e-02 1.654844544827938080e-02 5.988508090376853943e-02 1.716691628098487854e-02 5.867210030555725098e-02 2.654114179313182831e-02 3.004800155758857727e-02 1.248369831591844559e-02 1.753551326692104340e-02 1.504084281623363495e-02 1.516470033675432205e-02 1.709868945181369781e-02 9.958385489881038666e-03 3.534729033708572388e-02 1.290262769907712936e-02 1.611593924462795258e-02 1.421498507261276245e-02 2.483876887708902359e-03 2.688348107039928436e-02 1.185267418622970581e-02 8.233171887695789337e-03 1.423585508018732071e-02 1.793532073497772217e-02 2.041136287152767181e-02 7.916487753391265869e-03 1.729021407663822174e-02 1.526176370680332184e-02 1.863153837621212006e-02 1.997852697968482971e-02 1.859569363296031952e-02 3.549389308318495750e-03 8.302693255245685577e-03 1.948286220431327820e-02 4.122296348214149475e-03 1.480712089687585831e-02 1.725447177886962891e-02 1.056292094290256500e-02 1.272084098309278488e-02 5.647079274058341980e-02 5.897754803299903870e-02 7.280159625224769115e-04 1.345820073038339615e-02 9.058369323611259460e-03 9.258239530026912689e-03 6.249383091926574707e-03 7.197527680546045303e-03 1.493632514029741287e-02 3.926638513803482056e-03 1.202024985104799271e-02 1.957480795681476593e-02 9.620405733585357666e-03 6.210540421307086945e-03 1.105741597712039948e-02 1.449630036950111389e-02 3.571142675355076790e-03 5.762752611190080643e-03 2.475543878972530365e-02 2.075749076902866364e-02 1.447810418903827667e-02 1.968328468501567841e-02 1.259580347687005997e-02 1.482170261442661285e-02 1.302199531346559525e-02 1.857064105570316315e-02 1.190630625933408737e-02 5.269323941320180893e-03 1.631849631667137146e-02 1.782272942364215851e-02 7.766806520521640778e-03 1.327969040721654892e-02 9.169564582407474518e-03 1.427325326949357986e-02 1.347952894866466522e-02 5.694225546903908253e-04 1.013101264834403992e-02 1.877983659505844116e-02 6.833927705883979797e-03 1.158030889928340912e-02 1.920367591083049774e-02 2.978170104324817657e-02 2.928841859102249146e-04 2.378279576078057289e-03 3.697371482849121094e-02 2.990356832742691040e-02 3.784859180450439453e-02 2.752026170492172241e-02 1.415896043181419373e-02 1.870250329375267029e-02 5.967524368315935135e-03 2.379415556788444519e-02 8.549383841454982758e-03 1.400147378444671631e-02 1.308386866003274918e-02 1.296618487685918808e-02 1.096054818481206894e-02 1.723496057093143463e-02 8.742659352719783783e-03 3.145899390801787376e-03 1.912701874971389771e-02 5.574520211666822433e-03 1.414059475064277649e-02 5.467468407005071640e-03 1.722547342069447041e-03 2.008225768804550171e-02 3.066103439778089523e-03 1.139774266630411148e-02 7.863676175475120544e-03 2.039741352200508118e-02
8.431243710219860077e-03 1.071673538535833359e-02 8.526740074157714844e-01 1.138591789640486240e-03 9.237590245902538300e-03 1.122386008501052856e-02 4.200213588774204254e-03 8.029805868864059448e-02 6.404698360711336136e-03 9.946313221007585526e-04 3.767135320231318474e-03 1.659227651543915272e-03 7.808399852365255356e-03 9.129550307989120483e-03 1.013354584574699402e-02 6.780400406569242477e-03 1.457996200770139694e-03 1.636784989386796951e-03 1.924285478889942169e-02 1.963533461093902588e-02 1.202565897256135941e-02 1.133998110890388489e-02 4.798849986400455236e-04 3.577434225007891655e-03 1.190497260540723801e-02 2.536792540922760963e-03 4.845704417675733566e-03 1.246255356818437576e-03 1.847111270762979984e-03 1.101639959961175919e-02 1.174112316220998764e-02 1.464569382369518280e-02 7.239821832627058029e-03 8.233559317886829376e-03 7.370593491941690445e-03 4.641828127205371857e-03 1.367408595979213715e-02 1.171278927358798683e-04 2.039392245933413506e-03 5.592251196503639221e-03 2.647343650460243225e-02 2.081937156617641449e-02 1.678258553147315979e-02 4.545573890209197998e-02 1.627739402465522289e-03 1.075349096208810806e-02 1.465400960296392441e-02 2.862353809177875519e-03 2.015974000096321106e-02 6.313118152320384979e-03 4.710214125225320458e-05 4.676502663642168045e-03 1.132968626916408539e-02 3.156064078211784363e-02 5.249792593531310558e-04 1.737015694379806519e-02 9.995571337640285492e-03 2.096894010901451111e-02 2.245699055492877960e-02 1.630062796175479889e-02 5.705001763999462128e-03 1.130460388958454132e-02 1.604774221777915955e-02 2.264028787612915039e-02 7.768434938043355942e-03 1.480398001149296761e-03 1.031432021409273148e-02 1.431187381967902184e-03 3.068157704547047615e-03 6.117390934377908707e-03 3.495787968859076500e-03 5.438555963337421417e-03 6.330043543130159378e-03 3.422892419621348381e-03 8.302374742925167084e-03 2.850303892046213150e-03 1.328764390200376511e-02 1.247445354238152504e-03 7.141036912798881531e-04 2.011907519772648811e-03 7.933440059423446655e-02 3.189134597778320312e-02 1.226091478019952774e-02 1.912399195134639740e-02 8.348755538463592529e-03 2.641253639012575150e-03 2.297430112957954407e-02 2.289576083421707153e-02 2.065049670636653900e-02 5.111977923661470413e-03 9.947970509529113770e-03 2.147189807146787643e-03 4.264474380761384964e-03 7.072412408888339996e-03 1.060673780739307404e-02 6.380103994160890579e-03 7.007042877376079559e-03 1.451910194009542465e-02 1.910591090563684702e-04 4.163669887930154800e-03 7.634444627910852432e-03 7.187572307884693146e-03 1.169205270707607269e-02 1.891226391308009624e-03 1.352914143353700638e-02 2.123666740953922272e-02 6.630643270909786224e-03 1.419091597199440002e-02 1.582829281687736511e-03 7.443572860211133957e-03 4.017752653453499079e-04 3.193645179271697998e-02 1.881594362203031778e-04 9.708098135888576508e-03 4.748250648844987154e-04 4.522140137851238251e-03
4.637529142200946808e-03 7.767955772578716278e-03 1.138591789640486240e-03 8.526740074157714844e-01 5.752757191658020020e-02 1.009911950677633286e-02 7.482941728085279465e-03 1.076144631952047348e-02 3.385759890079498291e-03 1.200300641357898712e-02 1.829251088201999664e-02 1.236534956842660904e-02 1.568816835060715675e-03 9.372719563543796539e-03 1.432202663272619247e-02 2.197301760315895081e-02 5.766329821199178696e-03 2.000571927055716515e-03 4.310329910367727280e-03 1.211195159703493118e-02 2.317954786121845245e-02 1.567805302329361439e-03 3.210930153727531433e-02 2.091024443507194519e-02 2.043912187218666077e-02 2.757106535136699677e-02 5.051669199019670486e-03 3.539756685495376587e-02 4.480730742216110229e-03 2.240805141627788544e-02 1.867695897817611694e-02 1.263454183936119080e-02 1.952597498893737793e-02 1.264203339815139771e-02 2.388583309948444366e-02 1.832159794867038727e-02 2.779581118375062943e-03 1.077377703040838242e-02 5.286169052124023438e-02 2.780484408140182495e-02 2.687549451366066933e-03 1.921561360359191895e-02 2.904815785586833954e-02 1.253763865679502487e-02 1.165564823895692825e-02 3.195933299139142036e-03 1.088034547865390778e-02 1.305853482335805893e-02 3.558162134140729904e-03 1.417708024382591248e-02 3.003360703587532043e-02 3.233027458190917969e-02 2.026353031396865845e-02 2.350734919309616089e-02 5.782729014754295349e-03 1.223732996731996536e-02 1.104420400224626064e-03 6.457036361098289490e-03 4.184290394186973572e-02 3.455862030386924744e-02 1.707104034721851349e-02 1.018883939832448959e-02 1.826483756303787231e-02 2.312497049570083618e-02 8.599151857197284698e-03 2.238732762634754181e-02 1.689008995890617371e-02 1.540172845125198364e-02 9.443289600312709808e-03 1.705370098352432251e-02 2.219494665041565895e-03 4.999522119760513306e-03 4.043597728013992310e-02 1.273373514413833618e-02 2.862971834838390350e-02 8.941075764596462250e-03 1.691752113401889801e-02 3.068464109674096107e-03 3.832380753010511398e-03 2.385517396032810211e-02 6.807690486311912537e-03 3.890305757522583008e-02 2.222992666065692902e-02 5.370129365473985672e-04 2.236332185566425323e-02 1.352452114224433899e-02 6.350094452500343323e-03 1.487547252327203751e-02 1.031616702675819397e-02 2.007143199443817139e-02 7.361891679465770721e-03 3.772728843614459038e-03 3.565488848835229874e-03 9.257250465452671051e-03 7.469109725207090378e-03 5.522651597857475281e-03 1.668450795114040375e-02 8.630122989416122437e-03 2.386942133307456970e-02 2.485421113669872284e-02 1.285563455894589424e-03 3.297440998721867800e-04 1.130032818764448166e-02 7.193379104137420654e-03 3.607837110757827759e-02 2.008388377726078033e-02 1.960021210834383965e-03 2.011325955390930176e-02 2.533709630370140076e-03 2.682429365813732147e-02 1.335940882563591003e-02 3.793003503233194351e-03 4.224835336208343506e-02 3.120366111397743225e-02 2.957363240420818329e-02 4.177478607743978500e-03
9.733138140290975571e-04 2.063584048300981522e-03 9.237590245902538300e-03 5.752757191658020020e-02 8.526740074157714844e-01 1.856991671957075596e-03 2.676005242392420769e-03 5.076907575130462646e-03 2.296764403581619263e-03 1.544040424050763249e-04 8.923395536839962006e-03 1.621114835143089294e-02 3.015235066413879395e-03 1.658884249627590179e-02 4.195678979158401489e-03 2.348707430064678192e-02 1.476186607033014297e-02 1.237492077052593231e-02 9.920058771967887878e-03 2.115970291197299957e-02 2.350889518857002258e-02 4.297958686947822571e-03 2.379955910146236420e-02 2.312478050589561462e-02 2.405414544045925140e-02 2.699200063943862915e-02 1.732907840050756931e-03 3.043129853904247284e-02 4.843354399781674147e-04 2.500088885426521301e-02 1.331152766942977905e-02 1.345942728221416473e-02 1.460507605224847794e-02 1.363447494804859161e-02 2.589359879493713379e-02 2.087493613362312317e-02 1.118585746735334396e-02 1.177675463259220123e-02 3.890069574117660522e-02 3.208713233470916748e-02 5.425973329693078995e-03 1.836533285677433014e-02 2.064785733819007874e-02 1.801486127078533173e-02 1.930324919521808624e-02 4.254031227901577950e-04 1.577988034114241600e-03 4.926942754536867142e-03 1.927262917160987854e-02 8.605615585111081600e-04 2.218163385987281799e-02 2.324199117720127106e-02 2.540333196520805359e-02 3.022180125117301941e-02 9.111289866268634796e-03 2.033306052908301353e-03 2.847390249371528625e-03 2.675634622573852539e-02 2.490786276757717133e-02 3.673436120152473450e-02 1.484899688512086868e-02 1.731492206454277039e-02 1.078856084495782852e-02 3.219927474856376648e-02 5.076085217297077179e-03 2.134524099528789520e-02 2.317277714610099792e-02 1.561394147574901581e-02 1.106841955333948135e-02 1.061348477378487587e-03 1.401294302195310593e-02 3.662623232230544090e-03 4.229936748743057251e-02 8.851851336658000946e-03 4.164881631731987000e-02 1.376476883888244629e-02 1.917831413447856903e-02 1.720073074102401733e-02 1.103960815817117691e-02 1.484516821801662445e-02 5.798966867587296292e-06 2.934773080050945282e-02 3.138878196477890015e-02 2.163331583142280579e-02 2.378991059958934784e-02 2.664718031883239746e-02 4.548722878098487854e-03 2.265639789402484894e-02 1.593692414462566376e-02 8.722076192498207092e-03 6.883532274514436722e-03 3.263769671320915222e-03 1.213326398283243179e-02 9.107410907745361328e-03 8.301940746605396271e-03 1.086035650223493576e-02 1.609395694686099887e-04 8.199877105653285980e-03 1.625328324735164642e-02 2.430875785648822784e-02 1.775616779923439026e-02 1.682318747043609619e-02 7.163393311202526093e-04 1.353000383824110031e-02 3.440165892243385315e-02 2.657546289265155792e-02 5.982947535812854767e-03 1.589165255427360535e-02 8.936023339629173279e-03 3.304133936762809753e-02 5.359476897865533829e-03 2.118705073371529579e-03 3.350991383194923401e-02 2.793228067457675934e-02 2.238242886960506439e-02 2.269995398819446564e-02
5.699779465794563293e-02 5.353703722357749939e-02 1.122386008501052856e-02 1.009911950677633286e-02 1.856991671957075596e-03 8.526740074157714844e-01 5.846047028899192810e-02 1.179176568984985352e-02 1.692113280296325684e-02 1.704110577702522278e-02 4.584645107388496399e-02 2.969878353178501129e-02 3.919304907321929932e-02 2.936783805489540100e-02 2.878042496740818024e-02 1.670295372605323792e-02 2.091164328157901764e-02 2.045961096882820129e-02 2.212160453200340271e-02 7.291931658983230591e-03 1.066529750823974609e-02 3.458791971206665039e-02 1.731595024466514587e-02 2.029754407703876495e-02 1.743916608393192291e-02 9.572492912411689758e-03 3.269745409488677979e-02 1.225435640662908554e-02 1.089365541702136397e-04 1.434430759400129318e-02 1.592445373535156250e-02 2.040184848010540009e-02 9.655614383518695831e-03 2.103006094694137573e-02 1.737201772630214691e-02 2.018533088266849518e-02 1.898888498544692993e-02 2.817654609680175781e-02 2.879553241655230522e-03 7.505121175199747086e-03 2.511472813785076141e-02 8.033721707761287689e-03 2.015719562768936157e-02 1.143807917833328247e-02 1.610452495515346527e-02 1.684318482875823975e-02 5.564953014254570007e-02 4.978329315781593323e-02 1.021459698677062988e-03 1.119823474436998367e-02 1.566635817289352417e-02 1.623820327222347260e-02 1.156997587531805038e-02 1.144243683665990829e-02 1.821110583841800690e-02 5.457630380988121033e-03 1.852702721953392029e-02 1.960068568587303162e-02 8.633449673652648926e-03 9.454309940338134766e-03 1.859658770263195038e-02 1.877005212008953094e-02 3.300366224721074104e-03 7.951917941682040691e-04 2.534565515816211700e-02 1.757981255650520325e-02 9.838180616497993469e-03 2.182847261428833008e-02 1.646397449076175690e-02 1.846501044929027557e-02 1.279188040643930435e-02 2.174374461174011230e-02 1.325441338121891022e-02 1.004747953265905380e-02 1.659791730344295502e-02 2.001300267875194550e-02 1.291755121201276779e-02 9.529726579785346985e-03 1.173627376556396484e-02 1.304047461599111557e-02 1.531454827636480331e-02 6.438663229346275330e-03 9.285888634622097015e-03 2.140202000737190247e-02 8.137682452797889709e-03 1.262733992189168930e-02 2.608693763613700867e-02 1.959458552300930023e-02 2.998431678861379623e-03 4.848453681915998459e-03 3.143216669559478760e-02 3.224223479628562927e-02 3.378922119736671448e-02 2.769356779754161835e-02 1.384721323847770691e-02 1.742079854011535645e-02 1.046617329120635986e-02 2.184069901704788208e-02 1.249621901661157608e-02 1.785782352089881897e-02 2.019555307924747467e-02 1.992002688348293304e-02 2.007018215954303741e-02 1.990655623376369476e-02 9.548165835440158844e-03 4.551925696432590485e-03 1.712794229388237000e-02 5.652577150613069534e-03 1.366862189024686813e-02 5.731252022087574005e-03 5.714059341698884964e-03 1.878312602639198303e-02 3.996228333562612534e-03 1.512132678180932999e-02 1.245898939669132233e-02 1.958570256829261780e-02
5.617338418960571289e-02 5.827284604310989380e-02 4.200213588774204254e-03 7.482941728085279465e-03 2.676005242392420769e-03 5.846047028899192810e-02 8.526740074157714844e-01 6.731878034770488739e-03 1.521709933876991272e-02 1.193453930318355560e-02 5.103990808129310608e-02 2.875708229839801788e-02 4.679553210735321045e-02 3.102957271039485931e-02 2.236910350620746613e-02 1.328433863818645477e-02 1.771909371018409729e-02 2.083901688456535339e-02 1.961041241884231567e-02 2.002906426787376404e-02 1.432713307440280914e-02 3.311203047633171082e-02 1.522940490394830704e-02 1.697382703423500061e-02 1.897242665290832520e-02 1.049694512039422989e-02 2.852000668644905090e-02 1.354018412530422211e-02 9.030451998114585876e-03 1.159622706472873688e-02 1.751816459000110626e-02 2.358548715710639954e-02 1.229270012117922306e-03 1.821672171354293823e-02 1.465260330587625504e-02 2.351856790482997894e-02 1.761834137141704559e-02 2.133019268512725830e-02 5.845950450748205185e-03 3.811856964603066444e-03 2.124663442373275757e-02 1.294378563761711121e-02 2.098845876753330231e-02 1.330587267875671387e-02 1.978370361030101776e-02 1.558879949152469635e-02 5.632793158292770386e-02 5.756200104951858521e-02 6.576361134648323059e-03 5.394638981670141220e-03 1.674615591764450073e-02 1.700256578624248505e-02 6.952752359211444855e-03 8.260753937065601349e-03 1.929688081145286560e-02 4.359368467703461647e-04 1.279108226299285889e-02 1.643483154475688934e-02 6.472102366387844086e-03 8.942860178649425507e-03 1.693644747138023376e-02 1.462510600686073303e-02 5.349284503608942032e-03 1.081094262190163136e-03 2.520382404327392578e-02 2.085536345839500427e-02 1.977162435650825500e-02 2.270169928669929504e-02 1.282243151217699051e-02 1.225111726671457291e-02 1.027133036404848099e-02 1.904333382844924927e-02 1.174058392643928528e-02 4.266113974153995514e-03 1.642305776476860046e-02 1.891987957060337067e-02 1.431015785783529282e-02 9.100342169404029846e-03 9.243533015251159668e-03 9.367239661514759064e-03 1.296026911586523056e-02 1.175715238787233829e-03 8.789584040641784668e-03 2.087943814694881439e-02 7.734616752713918686e-03 1.125936396420001984e-02 2.264406718313694000e-02 2.809815667569637299e-02 9.909909749694634229e-06 4.463527351617813110e-03 3.631842508912086487e-02 3.091686964035034180e-02 3.565455600619316101e-02 2.947075292468070984e-02 1.095669716596603394e-02 1.475267019122838974e-02 6.326182745397090912e-03 2.554609440267086029e-02 1.307794265449047089e-02 1.675236225128173828e-02 1.982821337878704071e-02 1.851701177656650543e-02 1.843062788248062134e-02 2.055517397820949554e-02 1.427311822772026062e-02 2.256333129480481148e-03 1.879385858774185181e-02 2.751325257122516632e-03 1.355378981679677963e-02 1.121375802904367447e-02 1.464981585741043091e-03 1.873781718313694000e-02 1.008468959480524063e-02 1.870721578598022461e-02 1.214698515832424164e-02 2.060290239751338959e-02
9.285586886107921600e-03 8.432058617472648621e-03 8.029805868864059448e-02 1.076144631952047348e-02 5.076907575130462646e-03 1.179176568984985352e-02 6.731878034770488739e-03 8.526740074157714844e-01 1.401299703866243362e-02 1.925616711378097534e-02 1.362233143299818039e-02 6.300105247646570206e-03 2.085457183420658112e-02 9.331789799034595490e-03 3.575908765196800232e-02 2.410179376602172852e-02 1.859633810818195343e-02 1.769462972879409790e-02 7.629937957972288132e-03 5.023683421313762665e-03 6.043303757905960083e-03 2.635390684008598328e-02 1.074741315096616745e-02 1.443859376013278961e-02 9.669644758105278015e-03 1.285777147859334946e-02 2.133553661406040192e-02 3.945687785744667053e-03 1.606844179332256317e-02 1.704597845673561096e-02 1.558155473321676254e-02 2.252328768372535706e-02 8.307092823088169098e-03 1.769185438752174377e-02 1.305774785578250885e-03 9.746845811605453491e-03 1.030518859624862671e-02 2.083485759794712067e-02 1.648729853332042694e-02 2.616879902780056000e-02 3.535250201821327209e-02 1.474880380555987358e-03 1.351306494325399399e-02 1.419867761433124542e-02 1.893537351861596107e-03 1.015446963720023632e-03 1.066527795046567917e-02 7.260743528604507446e-03 3.474731696769595146e-03 1.299230149015784264e-03 1.629873923957347870e-02 2.533860271796584129e-03 1.644825562834739685e-02 2.989649586379528046e-02 1.912863180041313171e-02 8.657809812575578690e-04 5.430402234196662903e-03 3.322175890207290649e-02 2.095793560147285461e-02 1.274582277983427048e-02 1.159389130771160126e-02 1.635658740997314453e-02 1.172841433435678482e-02 8.706837892532348633e-03 1.950719021260738373e-02 1.162944175302982330e-02 9.802850894629955292e-03 8.905445225536823273e-03 1.654402352869510651e-02 1.542439684271812439e-02 1.116599142551422119e-02 1.206017751246690750e-02 1.556180510669946671e-02 1.708937250077724457e-02 1.249992381781339645e-02 1.936364360153675079e-02 5.966443102806806564e-03 1.115985028445720673e-02 3.303721896372735500e-04 1.459947135299444199e-02 4.504076018929481506e-02 2.120777405798435211e-02 1.619444042444229126e-02 1.128976047039031982e-02 1.060799043625593185e-02 1.919378410093486309e-03 3.390105813741683960e-02 2.399006858468055725e-02 1.392927858978509903e-02 2.013761317357420921e-03 8.647006005048751831e-03 2.386993914842605591e-02 7.462021429091691971e-03 2.499091066420078278e-02 2.281048521399497986e-02 2.320954576134681702e-02 1.332623604685068130e-02 2.564660832285881042e-02 2.157126367092132568e-02 1.733505912125110626e-02 1.144605781883001328e-02 1.425240654498338699e-02 5.369588616304099560e-04 1.927381008863449097e-02 1.017126999795436859e-02 1.652052253484725952e-02 4.475891124457120895e-03 2.039764262735843658e-02 1.078903209418058395e-03 6.641806103289127350e-03 1.845807768404483795e-02 2.171435020864009857e-02 3.443259513005614281e-03 1.282189332414418459e-04 6.654162425547838211e-03 2.111824043095111847e-02
1.291255746036767960e-02 1.099173352122306824e-02 6.404698360711336136e-03 3.385759890079498291e-03 2.296764403581619263e-03 1.692113280296325684e-02 1.521709933876991272e-02 1.401299703866243362e-02 8.526740074157714844e-01 3.551413863897323608e-02 9.930706582963466644e-03 1.536376588046550751e-02 3.660136600956320763e-03 1.266338396817445755e-02 1.548956334590911865e-02 2.468316256999969482e-02 2.511100098490715027e-02 3.944039344787597656e-02 3.507273271679878235e-02 6.723981350660324097e-04 4.867284093052148819e-03 2.259819954633712769e-02 2.403946779668331146e-02 2.373899146914482117e-02 1.768744364380836487e-02 1.596861891448497772e-02 2.889953181147575378e-02 1.058932393789291382e-02 2.399238571524620056e-02 3.456668695434927940e-03 1.998507231473922729e-02 2.100399136543273926e-02 2.253178693354129791e-02 1.596822775900363922e-02 1.313774473965167999e-02 2.071310207247734070e-02 9.262905456125736237e-03 1.925333775579929352e-02 1.171748805791139603e-02 3.439904190599918365e-03 1.835959218442440033e-02 2.606693841516971588e-02 1.117911096662282944e-02 9.202124201692640781e-04 4.539011511951684952e-03 5.319282878190279007e-03 1.704552024602890015e-02 1.289415918290615082e-02 7.041749078780412674e-03 5.781084299087524414e-03 3.235016250982880592e-03 2.500206930562853813e-03 9.878569981083273888e-04 2.325376961380243301e-03 4.824296012520790100e-02 2.435222826898097992e-02 4.205889627337455750e-02 5.607629194855690002e-03 2.235906664282083511e-03 5.861624144017696381e-03 3.653395920991897583e-02 2.780708856880664825e-02 7.662099786102771759e-03 1.052423566579818726e-02 1.905364543199539185e-02 2.174265682697296143e-03 1.715569291263818741e-03 9.650924243032932281e-03 3.667727485299110413e-02 2.475957758724689484e-02 2.474175579845905304e-02 3.541771322488784790e-02 1.910431310534477234e-02 1.825438812375068665e-02 1.349371485412120819e-02 3.662544861435890198e-02 4.842434823513031006e-02 2.573494799435138702e-02 2.765684574842453003e-02 3.055610693991184235e-02 2.359947189688682556e-02 1.189886126667261124e-02 3.037430159747600555e-02 2.950338274240493774e-02 2.732348395511507988e-03 1.146990805864334106e-02 2.312946692109107971e-02 7.428900804370641708e-03 3.559403866529464722e-02 9.290336631238460541e-03 1.961857639253139496e-02 2.639612369239330292e-02 7.778028026223182678e-03 2.839121967554092407e-02 2.507181651890277863e-02 2.004269696772098541e-02 1.058681029826402664e-02 2.904133312404155731e-02 2.902343124151229858e-02 2.176049910485744476e-02 2.115340903401374817e-02 1.506820134818553925e-02 6.067476235330104828e-03 1.520699728280305862e-02 1.671958528459072113e-02 7.718292064964771271e-03 2.380246669054031372e-02 2.820505015552043915e-02 9.695374406874179840e-03 1.380836963653564453e-02 9.834016673266887665e-03 1.057970710098743439e-02 3.213248681277036667e-03 1.815324998460710049e-03 2.136207418516278267e-03 1.279785996302962303e-03
1.496889814734458923e-02 1.654844544827938080e-02 9.946313221007585526e-04 1.200300641357898712e-02 1.544040424050763249e-04 1.704110577702522278e-02 1.193453930318355560e-02 1.925616711378097534e-02 3.551413863897323608e-02 8.526740074157714844e-01 2.040610462427139282e-02 8.275764063000679016e-03 1.774582639336585999e-02 1.571320742368698120e-02 3.063363954424858093e-02 2.373075112700462341e-02 3.345674276351928711e-02 2.439438551664352417e-02 3.936643898487091064e-02 1.990724820643663406e-03 2.640655729919672012e-04 2.287801913917064667e-02 1.484600733965635300e-02 2.769931033253669739e-02 7.449367549270391464e-03 6.937360856682062149e-03 2.055127918720245361e-02 6.906260270625352859e-03 1.498944777995347977e-02 3.746801987290382385e-03 1.699690148234367371e-02 1.129822712391614914e-02 1.833652332425117493e-02 1.915070787072181702e-02 1.382085680961608887e-02 1.464370358735322952e-02 1.987066678702831268e-02 1.920594461262226105e-02 8.146694861352443695e-03 1.262156665325164795e-02 2.421591617166996002e-02 4.394023213535547256e-03 8.297047577798366547e-03 3.053638793062418699e-04 2.383461454883217812e-03 2.233641222119331360e-02 1.726213842630386353e-02 1.440342515707015991e-02 1.397626474499702454e-03 3.089195676147937775e-02 1.050647906959056854e-02 1.706123724579811096e-02 5.576550960540771484e-03 4.824601346626877785e-04 2.284280024468898773e-02 3.929035365581512451e-02 2.364225313067436218e-02 9.409726597368717194e-03 1.383955869823694229e-02 8.044977672398090363e-03 1.440030522644519806e-02 3.101376444101333618e-02 1.421784330159425735e-02 7.382294628769159317e-03 2.072696946561336517e-02 1.493633724749088287e-03 4.916188307106494904e-03 8.866125717759132385e-03 3.560434281826019287e-02 3.663953393697738647e-02 4.054614156484603882e-02 2.404746040701866150e-02 1.387081947177648544e-02 3.030645102262496948e-02 1.921864785254001617e-02 2.241235226392745972e-02 2.595167234539985657e-02 4.937898740172386169e-02 3.225072473287582397e-02 5.135188251733779907e-02 1.174068450927734375e-02 2.849653363227844238e-02 2.574653364717960358e-02 3.837347775697708130e-02 8.425152860581874847e-03 2.103337086737155914e-02 2.009944990277290344e-02 2.016516868025064468e-03 2.354100905358791351e-02 3.732483461499214172e-02 1.843367330729961395e-02 2.692673169076442719e-02 1.005021389573812485e-02 2.184043079614639282e-02 3.351509571075439453e-02 3.548185527324676514e-02 2.814500220119953156e-02 1.142305135726928711e-02 1.432926952838897705e-02 2.009702287614345551e-02 2.306629903614521027e-02 2.376786991953849792e-02 1.719357073307037354e-02 1.430844608694314957e-02 4.739575961139053106e-04 4.908540751785039902e-03 2.574015595018863678e-02 1.987572200596332550e-02 1.769400015473365784e-02 2.526645734906196594e-02 3.005686029791831970e-02 1.498021651059389114e-02 3.972337115556001663e-03 2.090529538691043854e-03 5.074088927358388901e-03 1.179485116153955460e-02
5.903764814138412476e-02 5.988508090376853943e-02 3.767135320231318474e-03 1.829251088201999664e-02 8.923395536839962006e-03 4.584645107388496399e-02 5.103990808129310608e-02 1.362233143299818039e-02 9.930706582963466644e-03 2.040610462427139282e-02 8.526740074157714844e-01 4.470672458410263062e-03 6.451750546693801880e-02 1.432373654097318649e-02 3.186681866645812988e-02 6.588290911167860031e-03 1.284306589514017105e-02 1.165149081498384476e-02 1.367299817502498627e-02 1.669510081410408020e-02 7.674077060073614120e-03 3.354063257575035095e-02 6.184880156069993973e-03 7.232110481709241867e-03 3.831721609458327293e-03 3.529500449076294899e-03 2.596898749470710754e-02 6.593948230147361755e-03 2.962844446301460266e-02 4.812749568372964859e-03 2.816825732588768005e-02 1.762387901544570923e-02 7.031938526779413223e-03 1.605693809688091278e-02 7.087880512699484825e-04 1.481089461594820023e-02 1.703599095344543457e-02 1.196032017469406128e-02 1.449860911816358566e-02 1.873711589723825455e-03 1.997055299580097198e-02 6.221460178494453430e-03 4.249660763889551163e-03 1.438703481107950211e-02 3.347767982631921768e-03 1.290820911526679993e-02 4.815629124641418457e-02 5.940966680645942688e-02 2.628115937113761902e-03 1.164824608713388443e-02 3.344852710142731667e-03 7.063987664878368378e-03 6.278302986174821854e-03 6.378253456205129623e-04 1.769868656992912292e-02 8.317294530570507050e-03 1.354626845568418503e-03 3.179758787155151367e-02 2.553240861743688583e-03 4.764525219798088074e-03 5.021082703024148941e-03 1.524946186691522598e-02 1.420129276812076569e-02 1.472764555364847183e-02 3.572182729840278625e-02 3.410077095031738281e-02 1.098962407559156418e-02 1.266313809901475906e-02 4.946144297719001770e-03 2.070638537406921387e-02 5.589668173342943192e-03 1.568340882658958435e-02 2.261994872242212296e-03 5.154415965080261230e-03 8.773754350841045380e-03 8.488914929330348969e-03 2.502790186554193497e-03 1.281207427382469177e-02 5.433639977127313614e-03 1.747304573655128479e-02 1.383309531956911087e-02 8.310715667903423309e-03 5.566858686506748199e-03 1.977887749671936035e-02 4.017760511487722397e-03 1.553195063024759293e-03 1.689773984253406525e-02 3.020507283508777618e-02 8.090673945844173431e-03 3.337260102853178978e-03 3.668943047523498535e-02 3.781266510486602783e-02 3.454130515456199646e-02 3.254861012101173401e-02 1.358028408139944077e-02 2.524699084460735321e-02 9.919426403939723969e-03 1.439372450113296509e-02 6.482811644673347473e-03 4.603649023920297623e-03 7.304902654141187668e-03 1.125562191009521484e-02 1.591481268405914307e-02 8.459591306746006012e-03 1.813706941902637482e-02 2.378938719630241394e-02 1.742376759648323059e-02 1.989014213904738426e-03 6.747026462107896805e-03 1.758643193170428276e-04 1.551237888634204865e-03 1.271132472902536392e-02 7.946226745843887329e-03 1.685637864284217358e-03 1.475413702428340912e-02 2.393012493848800659e-02
2.552867121994495392e-02 1.716691628098487854e-02 1.659227651543915272e-03 1.236534956842660904e-02 1.621114835143089294e-02 2.969878353178501129e-02 2.875708229839801788e-02 6.300105247646570206e-03 1.536376588046550751e-02 8.275764063000679016e-03 4.470672458410263062e-03 8.526740074157714844e-01 8.651340380311012268e-03 5.835296586155891418e-02 1.447062008082866669e-02 2.224101498723030090e-02 2.055789716541767120e-02 1.870819926261901855e-02 1.225940324366092682e-02 9.620024822652339935e-03 2.204792201519012451e-02 1.365200057625770569e-02 3.000565990805625916e-02 2.569458819925785065e-02 1.920724473893642426e-02 2.232296951115131378e-02 1.623894460499286652e-02 2.576573006808757782e-02 1.919676549732685089e-02 3.449094295501708984e-02 5.677960813045501709e-03 1.776544190943241119e-02 1.575322821736335754e-02 2.031020633876323700e-02 1.802502572536468506e-02 3.159452974796295166e-02 2.502667531371116638e-02 2.415116690099239349e-02 1.120821200311183929e-02 9.602128528058528900e-03 1.223347522318363190e-02 2.895162068307399750e-02 2.580686844885349274e-02 8.987151668407022953e-04 4.469718411564826965e-02 2.491133846342563629e-02 2.264479361474514008e-02 1.727482117712497711e-02 3.557657822966575623e-02 1.438867580145597458e-02 3.671304136514663696e-02 3.947968035936355591e-02 2.320909872651100159e-02 9.537554346024990082e-03 2.365930750966072083e-02 1.356549188494682312e-02 1.030543167144060135e-02 1.105655916035175323e-02 2.768339030444622040e-02 2.022517286241054535e-02 1.390610914677381516e-02 1.217118371278047562e-02 1.688718679361045361e-03 1.102636102586984634e-03 1.669112592935562134e-02 1.382681075483560562e-02 9.794059209525585175e-03 2.068211138248443604e-02 1.303811464458703995e-02 4.539574147202074528e-04 7.547242101281881332e-03 8.361903950572013855e-03 2.528798393905162811e-02 4.101101774722337723e-03 2.274327352643013000e-02 1.472897082567214966e-02 2.275796793401241302e-02 5.603191442787647247e-03 2.687845192849636078e-02 1.920532318763434887e-03 1.870918646454811096e-02 1.014379039406776428e-02 1.399286091327667236e-02 1.465726736932992935e-02 1.944894716143608093e-02 1.741340197622776031e-02 2.281209640204906464e-02 1.436775363981723785e-02 8.855148218572139740e-03 6.751346867531538010e-03 3.972648642957210541e-03 1.303477678447961807e-02 2.699241973459720612e-02 1.791343092918395996e-02 1.813078671693801880e-02 1.285142917186021805e-02 1.460526720620691776e-03 1.693453639745712280e-02 1.448540855199098587e-02 1.957797817885875702e-02 1.595013961195945740e-02 1.833133772015571594e-02 7.012799847871065140e-03 1.854753680527210236e-02 9.888756088912487030e-03 2.041289582848548889e-02 6.965189706534147263e-03 1.362798735499382019e-02 1.795380003750324249e-02 1.740012690424919128e-02 5.271656904369592667e-03 1.580112800002098083e-02 2.450743131339550018e-02 2.668487280607223511e-02 4.881777334958314896e-03 9.666526690125465393e-03
5.128040537238121033e-02 5.867210030555725098e-02 7.808399852365255356e-03 1.568816835060715675e-03 3.015235066413879395e-03 3.919304907321929932e-02 4.679553210735321045e-02 2.085457183420658112e-02 3.660136600956320763e-03 1.774582639336585999e-02 6.451750546693801880e-02 8.651340380311012268e-03 8.526740074157714844e-01 1.922302506864070892e-02 3.531105443835258484e-02 1.289145555347204208e-02 1.587749645113945007e-02 1.083699427545070648e-02 1.649156771600246429e-02 2.122591994702816010e-02 1.670612767338752747e-02 3.343519568443298340e-02 1.091472990810871124e-02 1.158582977950572968e-02 9.790084324777126312e-03 2.640998689457774162e-03 2.739995718002319336e-02 1.235591992735862732e-02 2.220244333148002625e-02 9.845592081546783447e-03 3.076336532831192017e-02 2.179673872888088226e-02 4.701143596321344376e-03 2.219486609101295471e-02 1.192811783403158188e-02 1.284234877675771713e-02 1.827447116374969482e-02 2.012779936194419861e-02 2.795888576656579971e-03 1.165217813104391098e-02 2.392875961959362030e-02 2.603034023195505142e-03 8.054303936660289764e-03 1.102808862924575806e-02 7.361832074820995331e-03 1.218692492693662643e-02 4.376066103577613831e-02 5.533669516444206238e-02 7.241780404001474380e-03 1.725415885448455811e-02 5.961336661130189896e-03 2.726387465372681618e-04 9.261221624910831451e-03 1.072465814650058746e-02 1.486743893474340439e-02 9.856561198830604553e-03 2.670273825060576200e-04 2.955721877515316010e-02 1.290860399603843689e-02 1.237755082547664642e-02 9.847600944340229034e-03 2.233578264713287354e-02 3.979424946010112762e-03 2.267123665660619736e-03 3.344941884279251099e-02 3.919802978634834290e-02 1.846640929579734802e-02 2.088765054941177368e-02 7.496216334402561188e-03 1.936185918748378754e-02 6.935928016901016235e-03 1.578464359045028687e-02 8.806208148598670959e-03 7.464623078703880310e-03 1.586553640663623810e-02 1.433539483696222305e-02 2.108682645484805107e-03 1.244471035897731781e-02 7.963202893733978271e-03 1.808485575020313263e-02 1.343448553234338760e-02 4.286890383809804916e-03 8.930285461246967316e-03 1.795807294547557831e-02 1.011506002396345139e-02 7.065876852720975876e-03 2.135175652801990509e-02 4.099464789032936096e-02 2.484448021277785301e-03 5.344518925994634628e-03 3.927280753850936890e-02 3.641314432024955750e-02 4.112799838185310364e-02 3.532285615801811218e-02 1.680479943752288818e-02 2.432279475033283234e-02 1.244851853698492050e-02 1.897867396473884583e-02 5.725736264139413834e-03 9.005110710859298706e-03 9.574494324624538422e-03 1.689050160348415375e-02 1.398064475506544113e-02 1.545535400509834290e-02 6.500279530882835388e-03 6.397998891770839691e-03 1.647827960550785065e-02 2.990715205669403076e-03 1.493947673588991165e-02 9.759237989783287048e-03 2.948571462184190750e-03 1.781823299825191498e-02 3.740979300346225500e-04 5.607324186712503433e-03 1.333933882415294647e-02 2.843826822936534882e-02
