8.675500750541687012e-01 5.926889926195144653e-02 6.266167387366294861e-03 1.052539236843585968e-02 2.506902627646923065e-02 5.227782577276229858e-02 4.658677428960800171e-02 1.353439968079328537e-02 1.020409818738698959e-02 7.498981431126594543e-03 4.815298318862915039e-02 2.113614417612552643e-02 4.622494801878929138e-02 2.022512443363666534e-02 2.216927893459796906e-02 1.847820542752742767e-02 1.866733655333518982e-02 6.446665152907371521e-03 4.691440553870052099e-04 2.076561190187931061e-02 2.118783071637153625e-02 2.474538795650005341e-02 1.946526952087879181e-02 1.760811731219291687e-02 1.556091662496328354e-02 1.470564771443605423e-02 2.819504588842391968e-04 1.590762101113796234e-02 1.109480019658803940e-02 9.185326285660266876e-03 1.378907728940248489e-02 1.989398524165153503e-02 1.119027193635702133e-02 2.420084737241268158e-02 2.251691184937953949e-03 1.748633757233619690e-02 2.148346789181232452e-02 1.826010271906852722e-02 2.019071578979492188e-02 1.251406222581863403e-02 2.311179414391517639e-02 1.509335078299045563e-02 1.109981257468461990e-02 2.358762780204415321e-03 5.841653328388929367e-03 1.574926776811480522e-03 4.134086146950721741e-02 2.828829735517501831e-02 1.720130257308483124e-02 1.487571373581886292e-02 7.806071080267429352e-03 6.382118910551071167e-03 9.385433048009872437e-03 1.599449105560779572e-02 1.913801021873950958e-02 1.257588807493448257e-02 2.095842361450195312e-02 1.480663381516933441e-02 1.121648214757442474e-02 2.678205259144306183e-03 2.144343592226505280e-02 1.862726546823978424e-02 6.357902660965919495e-03 3.013098798692226410e-02 1.971957273781299591e-02 1.648268848657608032e-02 1.486378442496061325e-02 1.774751581251621246e-02 1.867755316197872162e-02 7.240798790007829666e-03 1.362218614667654037e-02 1.015735790133476257e-03 1.758575439453125000e-02 5.630897940136492252e-04 1.590548828244209290e-02 5.697058513760566711e-03 1.500238943845033646e-02 7.754379417747259140e-03 7.701193913817405701e-03 7.697648368775844574e-03 7.787675131112337112e-03 1.454558782279491425e-02 8.884844719432294369e-04 1.832711743190884590e-03 1.382810901850461960e-02 1.288895215839147568e-02 5.448230542242527008e-03 6.180507596582174301e-03 1.130163855850696564e-02 8.766185492277145386e-03 3.079323284327983856e-02 1.953590102493762970e-02 2.654189988970756531e-02 1.301555894315242767e-02 1.771823130548000336e-02 1.693039759993553162e-02 1.862528920173645020e-02 2.179109305143356323e-02 1.594042778015136719e-02 1.141030527651309967e-02 1.865041255950927734e-02 2.003842219710350037e-02 1.924074627459049225e-02 1.104236673563718796e-02 7.208910305052995682e-03 7.414037361741065979e-03 1.892383769154548645e-02 1.692502945661544800e-02 2.026430889964103699e-02 1.166104106232523918e-03 4.851735197007656097e-03 1.450445782393217087e-02 6.689752452075481415e-03 4.183624871075153351e-03 3.031758219003677368e-02 1.065743807703256607e-02
5.926889926195144653e-02 8.675500750541687012e-01 8.557201363146305084e-03 4.972711671143770218e-03 2.210620604455471039e-02 4.746004939079284668e-02 4.650895670056343079e-02 1.790485158562660217e-02 1.044052653014659882e-02 8.654099889099597931e-03 3.702757507562637329e-02 1.519987825304269791e-02 4.709257185459136963e-02 1.746628247201442719e-02 2.797306701540946960e-02 1.872261054813861847e-02 1.780271902680397034e-02 1.075018104165792465e-02 6.024073809385299683e-03 2.438810281455516815e-02 2.551770396530628204e-02 2.393433265388011932e-02 1.746258325874805450e-02 1.768806017935276031e-02 2.015396393835544586e-02 1.908542402088642120e-02 3.053009277209639549e-03 8.224070072174072266e-03 5.460442975163459778e-03 3.735628444701433182e-03 8.163822814822196960e-03 2.374481596052646637e-02 1.351157668977975845e-02 2.805203944444656372e-02 6.351058837026357651e-03 1.969028823077678680e-02 2.566120028495788574e-02 1.661973260343074799e-02 1.960683241486549377e-02 1.471718493849039078e-02 2.100903168320655823e-02 1.844671368598937988e-02 1.564503274857997894e-02 3.349994076415896416e-03 8.082136511802673340e-03 6.833342369645833969e-03 3.549197688698768616e-02 2.735271863639354706e-02 2.131544426083564758e-02 1.924813725054264069e-02 6.667617242783308029e-03 7.457283325493335724e-03 1.144254207611083984e-02 1.660051196813583374e-02 2.101760357618331909e-02 1.461540628224611282e-02 2.046128548681735992e-02 1.780620217323303223e-02 1.048688590526580811e-02 1.575238653458654881e-03 2.201798930764198303e-02 2.025737799704074860e-02 5.632435902953147888e-03 3.111902065575122833e-02 1.420292817056179047e-02 1.312935724854469299e-02 2.003633230924606323e-02 2.387919090688228607e-02 1.444041170179843903e-02 3.293983172625303268e-03 8.772688917815685272e-03 2.632550662383437157e-03 1.893434673547744751e-02 5.336321890354156494e-03 1.861868984997272491e-02 5.047067679697647691e-05 1.140069682151079178e-02 7.553806528449058533e-03 5.340867210179567337e-03 7.397457957267761230e-03 7.441666908562183380e-03 1.147347036749124527e-02 2.617359859868884087e-03 7.093125605024397373e-04 1.506926119327545166e-02 1.581523939967155457e-02 1.541038975119590759e-03 1.302668172866106033e-02 1.350986189208924770e-03 5.017335992306470871e-03 2.402322180569171906e-02 1.590500585734844208e-02 2.742390334606170654e-02 1.367042306810617447e-02 2.053903415799140930e-02 2.055673114955425262e-02 1.860761642456054688e-02 1.895732246339321136e-02 2.207507565617561340e-02 1.889168471097946167e-02 2.322174422442913055e-02 2.548904716968536377e-02 2.011708542704582214e-02 1.668634265661239624e-02 1.092737074941396713e-02 9.904841892421245575e-03 2.681975811719894409e-02 1.420935429632663727e-02 2.834345959126949310e-02 4.190990235656499863e-03 8.620775304734706879e-03 7.449067663401365280e-03 1.205325219780206680e-02 7.943405769765377045e-03 3.156233578920364380e-02 1.292645465582609177e-02
6.266167387366294861e-03 8.557201363146305084e-03 8.675500750541687012e-01 6.155974231660366058e-03 1.048560254275798798e-02 2.417855197563767433e-03 7.443264126777648926e-03 3.953174501657485962e-02 1.883450080640614033e-03 1.256064511835575104e-02 1.481715869158506393e-02 1.314793899655342102e-02 1.401812862604856491e-02 1.730769500136375427e-02 1.906909607350826263e-02 9.171050041913986206e-03 1.169184409081935883e-02 4.309926589485257864e-04 5.254861433058977127e-03 1.163474656641483307e-02 9.287393651902675629e-03 1.263003423810005188e-02 7.198349572718143463e-03 7.566783111542463303e-03 9.098257869482040405e-03 9.286971762776374817e-03 1.048300974071025848e-02 1.037640497088432312e-02 6.973270792514085770e-03 9.946378850145265460e-05 4.648532252758741379e-03 2.123566903173923492e-02 7.211664691567420959e-03 1.340546179562807083e-02 4.277587402611970901e-03 2.974409610033035278e-02 2.014959231019020081e-02 9.144445881247520447e-03 2.039332874119281769e-03 1.836736500263214111e-02 2.048923633992671967e-02 1.988358609378337860e-02 1.639521121978759766e-02 2.412654273211956024e-02 1.584262400865554810e-02 1.607168279588222504e-02 6.485745310783386230e-03 9.465076960623264313e-03 1.806498505175113678e-02 9.850821457803249359e-03 2.773417159914970398e-02 2.959952317178249359e-02 1.678942888975143433e-02 1.059218030422925949e-02 1.003364287316799164e-02 8.902895264327526093e-03 2.321951789781451225e-03 7.675414904952049255e-03 2.593382075428962708e-02 1.845244877040386200e-02 9.694234468042850494e-03 1.401725877076387405e-02 7.584469858556985855e-03 2.444476075470447540e-02 5.423285998404026031e-03 4.104461986571550369e-03 1.933510042726993561e-02 1.102131512016057968e-02 2.971439156681299210e-03 7.212657947093248367e-03 6.608724594116210938e-03 3.376951208338141441e-03 1.468701986595988274e-03 1.924983412027359009e-02 7.162831258028745651e-03 2.411510609090328217e-02 1.850380562245845795e-03 1.049716398119926453e-02 7.987734861671924591e-03 1.772851310670375824e-02 5.401777476072311401e-02 3.931127861142158508e-02 8.702605962753295898e-03 4.602004773914813995e-03 1.399003714323043823e-02 1.320477947592735291e-02 2.174769341945648193e-02 2.299194224178791046e-02 6.689656525850296021e-03 1.388989016413688660e-02 2.187261125072836876e-03 5.719621665775775909e-03 1.025586761534214020e-02 1.967008970677852631e-02 8.005046285688877106e-03 1.454810518771409988e-02 1.619150117039680481e-02 1.258445437997579575e-02 9.789820760488510132e-03 1.282827090471982956e-02 2.226847037672996521e-02 1.730206608772277832e-02 5.792461335659027100e-03 1.599664450623095036e-03 1.964164152741432190e-02 1.876972056925296783e-02 2.031583525240421295e-02 2.198848174884915352e-03 2.236667461693286896e-02 9.359124116599559784e-03 1.861223764717578888e-02 6.527580990223214030e-05 2.275987342000007629e-02 1.713106408715248108e-02 6.190876942127943039e-03 1.525122206658124924e-02
1.052539236843585968e-02 4.972711671143770218e-03 6.155974231660366058e-03 8.675500750541687012e-01 4.933575540781021118e-02 1.102624461054801941e-02 1.434645522385835648e-02 2.202583104372024536e-02 3.902944736182689667e-03 1.049859728664159775e-02 1.626836694777011871e-02 1.281594112515449524e-02 1.818780042231082916e-02 2.696032635867595673e-03 2.548719523474574089e-03 3.170109819620847702e-03 3.318885283078998327e-04 7.430267985910177231e-03 1.105674915015697479e-02 5.449163261801004410e-03 1.652727136388421059e-03 1.484620105475187302e-02 3.569378517568111420e-03 3.637615358456969261e-03 2.039132174104452133e-03 5.223315674811601639e-03 1.787601411342620850e-02 1.950208470225334167e-02 4.211442172527313232e-02 1.243211887776851654e-02 4.306491091847419739e-02 4.869488533586263657e-03 1.476256549358367920e-02 4.676375538110733032e-03 1.908476091921329498e-02 8.529409766197204590e-03 8.210413157939910889e-03 1.285872794687747955e-02 4.127467051148414612e-02 3.917303681373596191e-02 1.333015854470431805e-03 6.436594761908054352e-03 1.371220569126307964e-03 1.066112238913774490e-02 2.849502023309469223e-03 1.740993582643568516e-03 1.558881253004074097e-02 2.550607547163963318e-02 1.471897587180137634e-03 2.387070562690496445e-03 9.623407386243343353e-03 6.056102924048900604e-03 2.540775015950202942e-02 2.856208570301532745e-02 1.395653560757637024e-02 3.508499125018715858e-03 2.025242336094379425e-02 1.265611499547958374e-02 3.281573206186294556e-02 3.597673028707504272e-02 2.816712856292724609e-02 2.468648739159107208e-02 2.449983358383178711e-02 6.458244752138853073e-04 3.422321006655693054e-02 3.398322314023971558e-02 8.466225117444992065e-03 5.149496253579854965e-03 3.585429862141609192e-03 1.146473176777362823e-02 7.399653084576129913e-03 2.745155990123748779e-02 2.450205944478511810e-02 2.680166438221931458e-02 4.275167826563119888e-03 3.618637472391128540e-02 9.633785113692283630e-03 6.833063904196023941e-03 7.341621676459908485e-04 5.344271194189786911e-03 2.102189697325229645e-02 2.243692800402641296e-02 3.402547165751457214e-02 5.543412175029516220e-03 1.704505272209644318e-02 7.514575961977243423e-03 1.446757651865482330e-02 1.234161667525768280e-02 1.502239983528852463e-02 8.696584962308406830e-03 2.630354091525077820e-02 2.036424353718757629e-02 1.897767744958400726e-02 1.685273088514804840e-02 1.706924103200435638e-02 9.992470033466815948e-03 2.650055289268493652e-02 2.708514221012592316e-02 1.451560412533581257e-03 3.837638301774859428e-03 9.782862849533557892e-03 8.548174984753131866e-03 2.137749455869197845e-02 8.817811496555805206e-03 3.044093772768974304e-02 2.729772962629795074e-02 5.160994827747344971e-03 3.508725389838218689e-02 8.347880095243453979e-03 3.858409821987152100e-02 1.668951287865638733e-02 8.997734636068344116e-03 1.882173866033554077e-02 1.985903829336166382e-03 4.955087322741746902e-03 9.983313269913196564e-03
2.506902627646923065e-02 2.210620604455471039e-02 1.048560254275798798e-02 4.933575540781021118e-02 8.675500750541687012e-01 2.094296179711818695e-02 1.595860533416271210e-02 3.288915753364562988e-02 1.052598375827074051e-02 2.579386578872799873e-03 1.547796651721000671e-02 2.022698521614074707e-02 2.350019663572311401e-02 1.154377311468124390e-02 2.310202084481716156e-02 6.843403913080692291e-03 8.618901483714580536e-03 2.470108307898044586e-02 3.427384793758392334e-02 1.218488998711109161e-02 1.587120816111564636e-02 2.327869646251201630e-02 1.930313883349299431e-03 3.819178789854049683e-03 8.968108333647251129e-03 1.541489269584417343e-02 2.851148508489131927e-02 1.604854315519332886e-02 1.645938120782375336e-02 1.839328208006918430e-03 1.072851475328207016e-02 7.563324179500341415e-03 8.787495084106922150e-03 1.607656292617321014e-02 1.377183012664318085e-02 1.154401525855064392e-02 1.530926488339900970e-02 2.653369680047035217e-03 3.851049020886421204e-02 4.071244597434997559e-02 1.673651859164237976e-02 8.828484453260898590e-03 3.856242401525378227e-04 1.216074218973517418e-03 7.840631529688835144e-03 7.645798847079277039e-03 1.922956109046936035e-02 1.949665136635303497e-02 1.086871232837438583e-02 9.106335230171680450e-03 5.136862397193908691e-03 4.508975427597761154e-03 1.510291732847690582e-02 2.457158826291561127e-02 1.813753135502338409e-02 1.233308669179677963e-02 3.163382411003112793e-02 2.800977043807506561e-02 2.565341629087924957e-02 1.512218732386827469e-02 1.980810239911079407e-02 2.487459033727645874e-02 1.832919195294380188e-03 2.770306542515754700e-02 1.599649526178836823e-02 1.388333272188901901e-02 3.727717790752649307e-03 5.088027566671371460e-03 9.837679564952850342e-03 1.262127142399549484e-02 1.106928847730159760e-02 1.247991342097520828e-02 2.660003304481506348e-02 1.522382721304893494e-02 2.163872495293617249e-02 2.002781815826892853e-02 1.307045202702283859e-02 8.519177325069904327e-03 4.634006414562463760e-03 7.284954772330820560e-04 2.184220403432846069e-02 1.209936011582612991e-02 2.911584638059139252e-02 2.580536901950836182e-02 7.082680705934762955e-03 3.573673311620950699e-03 6.693086586892604828e-03 2.340845949947834015e-02 1.415190286934375763e-02 1.177142746746540070e-02 2.052109874784946442e-02 1.498151198029518127e-02 1.666465774178504944e-02 1.290465611964464188e-02 2.179280295968055725e-02 2.028501406311988831e-02 2.681837975978851318e-02 1.258788257837295532e-02 8.735489100217819214e-03 6.078772246837615967e-03 1.091441884636878967e-02 1.683438383042812347e-02 2.580115385353565216e-02 1.080550346523523331e-02 1.691110245883464813e-02 2.618411928415298462e-02 1.628127507865428925e-02 2.477877214550971985e-02 1.696593314409255981e-02 1.886820793151855469e-02 1.607265882194042206e-02 6.019685883074998856e-03 5.029567051678895950e-03 2.253093291074037552e-03 1.796712540090084076e-02 1.854543946683406830e-02
5.227782577276229858e-02 4.746004939079284668e-02 2.417855197563767433e-03 1.102624461054801941e-02 2.094296179711818695e-02 8.675500750541687012e-01 6.385300308465957642e-02 1.006966736167669296e-02 1.556480024009943008e-02 1.583801582455635071e-02 3.492206335067749023e-02 2.654986828565597534e-02 4.077330604195594788e-02 2.739903144538402557e-02 9.424824267625808716e-03 1.778248138725757599e-02 2.040820941329002380e-02 6.166076287627220154e-03 3.863014047965407372e-03 1.390765048563480377e-02 1.559445261955261230e-02 1.612152904272079468e-02 2.053913660347461700e-02 2.282456122338771820e-02 1.648950204253196716e-02 1.148790493607521057e-02 2.282673260197043419e-03 1.487771887332201004e-02 7.263613399118185043e-03 1.039086095988750458e-02 1.123249810189008713e-02 1.815871521830558777e-02 1.189116202294826508e-02 2.062150463461875916e-02 1.034609880298376083e-02 7.762631401419639587e-03 1.613569818437099457e-02 9.654215537011623383e-04 2.062011882662773132e-02 1.229579094797372818e-02 5.692084319889545441e-03 1.533392164856195450e-02 1.835880428552627563e-02 6.877655163407325745e-03 7.868952234275639057e-04 2.996227936819195747e-03 5.702606961131095886e-02 3.842821344733238220e-02 2.059082128107547760e-02 2.168715931475162506e-02 3.797145793214440346e-03 1.618224568665027618e-02 4.202716052532196045e-03 1.379370316863059998e-02 2.108698897063732147e-02 1.603549160063266754e-02 1.260339189320802689e-02 1.171823684126138687e-02 1.033617928624153137e-02 7.474782411009073257e-03 1.771697029471397400e-02 2.026609517633914948e-02 3.705142531543970108e-03 2.276483923196792603e-02 1.436728052794933319e-02 2.072139829397201538e-02 1.607839018106460571e-02 1.875300519168376923e-02 1.928516104817390442e-02 5.953646032139658928e-04 1.473412476480007172e-02 8.991895243525505066e-03 1.280193682760000229e-02 2.159133320674300194e-03 1.089277304708957672e-02 6.651825387962162495e-04 1.456472463905811310e-02 1.418785937130451202e-02 9.948045015335083008e-03 1.697380654513835907e-02 3.258421784266829491e-03 5.507180001586675644e-03 5.271469708532094955e-03 3.806178690865635872e-03 1.779480651021003723e-02 2.158502861857414246e-02 2.762345597147941589e-03 3.861980512738227844e-03 1.768432185053825378e-02 1.971203833818435669e-02 2.747698128223419189e-02 1.426220312714576721e-02 2.723506838083267212e-02 1.307795383036136627e-02 1.886942237615585327e-02 1.750950701534748077e-02 1.419912371784448624e-02 1.534622348845005035e-02 2.075599133968353271e-02 1.943037658929824829e-02 1.584562100470066071e-02 1.456677261739969254e-02 1.317141856998205185e-02 9.082939941436052322e-04 1.391236949712038040e-02 9.284187108278274536e-03 1.513726357370615005e-02 9.070867672562599182e-03 1.680770702660083771e-02 4.599218256771564484e-03 1.259279320947825909e-03 1.206828281283378601e-02 6.628178991377353668e-03 7.698119617998600006e-03 1.961928606033325195e-02 5.111902952194213867e-03
4.658677428960800171e-02 4.650895670056343079e-02 7.443264126777648926e-03 1.434645522385835648e-02 1.595860533416271210e-02 6.385300308465957642e-02 8.675500750541687012e-01 1.168932113796472549e-02 1.188965141773223877e-02 1.478300802409648895e-02 3.769874572753906250e-02 2.188733406364917755e-02 4.437633231282234192e-02 2.660269662737846375e-02 7.597591727972030640e-03 1.513373106718063354e-02 1.698729954659938812e-02 5.682697985321283340e-03 5.898631177842617035e-03 1.330716162919998169e-02 1.413886994123458862e-02 1.873479224741458893e-02 1.915504783391952515e-02 2.187583781778812408e-02 1.482783444225788116e-02 1.168419234454631805e-02 2.856055274605751038e-03 8.320450782775878906e-03 1.945290528237819672e-02 9.639068506658077240e-03 2.136313170194625854e-02 1.786756329238414764e-02 1.105783879756927490e-02 1.882424205541610718e-02 1.227730140089988708e-02 1.169059518724679947e-02 1.720479130744934082e-02 2.552778460085391998e-03 1.902358792722225189e-02 1.575514301657676697e-02 3.327773883938789368e-03 1.239119376987218857e-02 2.150912955403327942e-02 4.461432807147502899e-03 3.265150589868426323e-04 6.810817401856184006e-03 5.751255527138710022e-02 4.796649143099784851e-02 1.876775361597537994e-02 2.158606424927711487e-02 7.567225955426692963e-03 1.887033134698867798e-02 9.841704741120338440e-03 1.664674468338489532e-02 1.835440285503864288e-02 1.767589338123798370e-02 1.046628225594758987e-02 1.250711921602487564e-02 1.464447565376758575e-02 1.809537410736083984e-02 2.033162489533424377e-02 1.940852776169776917e-02 9.689963189885020256e-04 1.841638796031475067e-02 2.225639857351779938e-02 3.010994009673595428e-02 1.540789473801851273e-02 1.774030178785324097e-02 1.372639369219541550e-02 4.741602111607789993e-03 8.062267675995826721e-03 3.728012554347515106e-03 1.430726516991853714e-02 1.218196819536387920e-03 9.446991607546806335e-03 3.640016075223684311e-03 9.406005963683128357e-03 1.003864035010337830e-02 7.927555590867996216e-03 1.509498152881860733e-02 5.118361674249172211e-03 2.807101700454950333e-03 7.181720808148384094e-03 6.397843826562166214e-03 1.351970620453357697e-02 2.015826106071472168e-02 4.076702985912561417e-03 7.015170063823461533e-03 1.124726608395576477e-02 1.976217515766620636e-02 3.290244191884994507e-02 1.914781518280506134e-02 3.678261116147041321e-02 2.300743572413921356e-02 1.576597616076469421e-02 1.581676304340362549e-02 8.716016076505184174e-03 1.013138983398675919e-02 1.742384582757949829e-02 1.842993870377540588e-02 1.648468524217605591e-02 1.426498778164386749e-02 7.274412550032138824e-03 1.620626775547862053e-03 1.454963907599449158e-02 1.261741388589143753e-02 1.518384926021099091e-02 1.247372198849916458e-02 1.605709828436374664e-02 8.455602452158927917e-03 2.185405173804610968e-04 8.763285353779792786e-03 2.871489850804209709e-03 7.671899627894163132e-03 1.313174143433570862e-02 4.184993449598550797e-03
1.353439968079328537e-02 1.790485158562660217e-02 3.953174501657485962e-02 2.202583104372024536e-02 3.288915753364562988e-02 1.006966736167669296e-02 1.168932113796472549e-02 8.675500750541687012e-01 1.027630735188722610e-02 1.106755249202251434e-02 1.376145612448453903e-02 9.964443743228912354e-03 2.211554720997810364e-02 1.184640452265739441e-02 4.104650393128395081e-02 1.783931627869606018e-02 1.859243586659431458e-02 1.633936725556850433e-02 1.620973646640777588e-02 2.148723974823951721e-02 2.249189093708992004e-02 1.965596713125705719e-02 1.178710255771875381e-02 1.400538068264722824e-02 1.832589507102966309e-02 1.986286789178848267e-02 9.984259493649005890e-03 5.622367374598979950e-03 9.492301382124423981e-03 6.896093953400850296e-03 4.026338458061218262e-03 2.461783215403556824e-02 2.182025648653507233e-02 2.662716247141361237e-02 2.375184930860996246e-02 2.856869064271450043e-02 2.846942655742168427e-02 1.212319359183311462e-02 3.211420029401779175e-02 3.665518388152122498e-02 1.552335917949676514e-02 1.131562888622283936e-02 1.119342539459466934e-02 1.627007313072681427e-02 1.190468855202198029e-02 1.355637982487678528e-02 1.081358827650547028e-02 1.457668840885162354e-02 1.249256357550621033e-02 1.727067492902278900e-02 1.884063147008419037e-02 1.401390973478555679e-02 2.505570463836193085e-02 2.982636541128158569e-02 1.590875349938869476e-02 1.786551252007484436e-02 1.805246993899345398e-02 1.717793382704257965e-02 3.157299384474754333e-02 2.447669580578804016e-02 2.112103253602981567e-02 2.282860502600669861e-02 3.037211950868368149e-03 1.429588627070188522e-02 1.609957963228225708e-02 1.343261078000068665e-02 1.644970476627349854e-02 2.022729068994522095e-02 9.573787450790405273e-03 2.939939266070723534e-03 9.296409785747528076e-03 8.783419616520404816e-03 1.481487415730953217e-02 2.650183159857988358e-03 1.396061573177576065e-02 6.446943152695894241e-03 1.079405006021261215e-02 9.588696993887424469e-03 5.424011498689651489e-03 9.411431849002838135e-03 4.677543416619300842e-02 3.018007241189479828e-02 1.455395296216011047e-02 8.787602186203002930e-03 1.012256741523742676e-02 1.130673289299011230e-02 3.051635064184665680e-02 4.134051501750946045e-02 1.849802210927009583e-03 5.259488243609666824e-03 1.017653383314609528e-02 1.361481379717588425e-02 1.397678628563880920e-02 2.034726552665233612e-02 2.303239144384860992e-02 2.209999784827232361e-02 1.286312472075223923e-02 1.418739650398492813e-02 1.649921201169490814e-02 1.766653545200824738e-02 2.488055825233459473e-02 2.544579841196537018e-02 2.020754665136337280e-02 2.523838728666305542e-02 2.807214856147766113e-02 3.108241409063339233e-02 2.829009108245372772e-02 1.572048664093017578e-02 2.718818746507167816e-02 3.364501520991325378e-03 1.241805031895637512e-02 1.480371574871242046e-03 1.037135720252990723e-02 1.221446041017770767e-02 2.544593252241611481e-02 5.970463622361421585e-03
1.020409818738698959e-02 1.044052653014659882e-02 1.883450080640614033e-03 3.902944736182689667e-03 1.052598375827074051e-02 1.556480024009943008e-02 1.188965141773223877e-02 1.027630735188722610e-02 8.675500750541687012e-01 4.332314431667327881e-02 5.069311242550611496e-03 3.929181024432182312e-02 8.935933932662010193e-03 3.248445689678192139e-02 1.040724292397499084e-02 2.538203820586204529e-02 2.667751349508762360e-02 2.305016107857227325e-02 1.725984178483486176e-02 1.897236704826354980e-02 2.299917116761207581e-02 1.007918454706668854e-02 3.350724652409553528e-02 3.169976547360420227e-02 1.993811130523681641e-02 2.650390565395355225e-02 6.992276292294263840e-03 3.296947851777076721e-02 3.126649186015129089e-03 2.896789461374282837e-02 5.324501544237136841e-03 1.533491909503936768e-02 9.382254444062709808e-03 1.608812622725963593e-02 1.164357550442218781e-02 6.435505580157041550e-03 7.986717857420444489e-03 2.481339499354362488e-03 1.352643780410289764e-02 1.172685902565717697e-02 9.523195214569568634e-03 3.090328909456729889e-02 2.462137304246425629e-02 9.187712334096431732e-03 2.884732373058795929e-02 2.316862531006336212e-02 1.649978943169116974e-02 1.841564849019050598e-02 2.376480586826801300e-02 2.385482378304004669e-02 3.106740768998861313e-05 2.464480325579643250e-02 1.001287437975406647e-02 9.049449115991592407e-03 2.879639156162738800e-02 2.654121257364749908e-02 2.555252797901630402e-02 2.723298780620098114e-02 1.684929989278316498e-02 1.187404850497841835e-03 1.074260380119085312e-02 6.378489546477794647e-03 1.288795098662376404e-02 1.107429992407560349e-02 8.193469606339931488e-03 3.524363739416003227e-03 1.594516262412071228e-02 1.865244098007678986e-02 4.170436784625053406e-02 9.456778876483440399e-03 4.010608419775962830e-02 1.814245479181408882e-03 1.393901277333498001e-02 1.914643123745918274e-02 1.570943184196949005e-02 7.476129569113254547e-03 4.849636554718017578e-02 4.422431811690330505e-02 3.882204368710517883e-02 3.697684034705162048e-02 8.667891052027698606e-06 2.652893774211406708e-03 2.291457727551460266e-02 2.212662436068058014e-02 2.279756776988506317e-02 2.518434077501296997e-02 7.051979773677885532e-04 7.196115329861640930e-03 3.998515754938125610e-02 3.601970896124839783e-02 1.806414127349853516e-02 2.522231545299291611e-03 1.516400929540395737e-02 1.593161956407129765e-03 2.090613171458244324e-02 1.794031634926795959e-02 1.478406786918640137e-02 1.059975475072860718e-02 3.069452010095119476e-02 2.882290445268154144e-02 1.171525660902261734e-02 9.691036306321620941e-03 1.490833517163991928e-02 9.969163686037063599e-03 9.049729444086551666e-03 7.757044397294521332e-03 1.407979894429445267e-02 1.029822323471307755e-02 9.100782684981822968e-03 1.471953094005584717e-02 1.437937282025814056e-02 1.868224143981933594e-02 1.927409879863262177e-02 2.608001232147216797e-02 1.461907941848039627e-02 6.962581072002649307e-03
7.498981431126594543e-03 8.654099889099597931e-03 1.256064511835575104e-02 1.049859728664159775e-02 2.579386578872799873e-03 1.583801582455635071e-02 1.478300802409648895e-02 1.106755249202251434e-02 4.332314431667327881e-02 8.675500750541687012e-01 1.087315939366817474e-02 2.969814091920852661e-02 9.007338434457778931e-03 3.327146172523498535e-02 6.608302239328622818e-03 2.445139735937118530e-02 3.131229430437088013e-02 1.428606733679771423e-02 2.127481997013092041e-02 2.172932215034961700e-02 1.930921524763107300e-02 7.355598732829093933e-03 2.712292224168777466e-02 2.985235862433910370e-02 2.225773409008979797e-02 2.450782805681228638e-02 1.282379310578107834e-02 1.938752643764019012e-02 7.058645132929086685e-03 2.140586078166961670e-02 3.458818653598427773e-03 1.659903116524219513e-02 7.856762968003749847e-03 1.576370932161808014e-02 8.296470157802104950e-03 1.176375430077314377e-02 1.208353880792856216e-02 2.388490363955497742e-03 5.867110565304756165e-03 1.114765647798776627e-02 7.877892814576625824e-03 3.369001299142837524e-02 3.207557275891304016e-02 8.198695257306098938e-03 3.105388768017292023e-02 3.424922376871109009e-02 2.006108313798904419e-02 2.172300592064857483e-02 2.879992872476577759e-02 3.231664746999740601e-02 2.392991678789258003e-03 3.017084673047065735e-02 1.066509168595075607e-02 6.891279947012662888e-03 2.285423316061496735e-02 3.673622012138366699e-02 1.724947988986968994e-02 2.808926440775394440e-02 1.517988368868827820e-02 3.907568752765655518e-03 1.687643933109939098e-03 3.385914489626884460e-03 8.940718136727809906e-03 7.358327507972717285e-03 1.216400414705276489e-02 6.270010955631732941e-03 2.509872242808341980e-02 1.911036297678947449e-02 3.720746934413909912e-02 1.868283376097679138e-02 4.569907858967781067e-02 5.837586708366870880e-03 6.807612720876932144e-03 1.330314110964536667e-02 1.611291803419589996e-02 9.983330965042114258e-03 3.580175712704658508e-02 5.262269824743270874e-02 3.525861725211143494e-02 4.202470928430557251e-02 6.931276526302099228e-03 7.880785502493381500e-03 1.168732158839702606e-02 3.176860883831977844e-02 2.975271455943584442e-02 3.395473584532737732e-02 8.769959211349487305e-03 8.171305991709232330e-03 2.391804009675979614e-02 3.554956614971160889e-02 1.681662164628505707e-02 9.282985702157020569e-03 1.914730854332447052e-02 6.951041053980588913e-03 1.389246713370084763e-02 2.019108459353446960e-02 1.462940010242164135e-03 2.225729869678616524e-03 2.770027890801429749e-02 3.079553693532943726e-02 8.509889245033264160e-03 7.612449582666158676e-03 5.789660383015871048e-03 3.912803716957569122e-03 6.808089558035135269e-03 7.209654431790113449e-03 1.172652747482061386e-02 8.900723420083522797e-03 8.077420294284820557e-03 7.051756139844655991e-03 1.414648722857236862e-02 1.307911425828933716e-02 2.770914323627948761e-02 3.350377827882766724e-02 6.248064339160919189e-03 5.271983798593282700e-03
4.815298318862915039e-02 3.702757507562637329e-02 1.481715869158506393e-02 1.626836694777011871e-02 1.547796651721000671e-02 3.492206335067749023e-02 3.769874572753906250e-02 1.376145612448453903e-02 5.069311242550611496e-03 1.087315939366817474e-02 8.675500750541687012e-01 1.597048342227935791e-02 4.859761893749237061e-02 2.524758689105510712e-02 1.206593587994575500e-02 1.674932241439819336e-02 1.864125579595565796e-02 6.387548986822366714e-03 4.626287147402763367e-03 1.409113407135009766e-02 9.520699270069599152e-03 2.065487951040267944e-02 1.940400339663028717e-02 1.885203458368778229e-02 9.902881458401679993e-03 5.810167174786329269e-03 1.620123721659183502e-02 2.939795143902301788e-03 3.653939068317413330e-02 6.313727237284183502e-03 3.279537707567214966e-02 1.818651892244815826e-02 9.859186597168445587e-03 1.393143460154533386e-02 3.368064295500516891e-03 1.690173707902431488e-02 1.219381950795650482e-02 2.683687722310423851e-03 1.239835843443870544e-02 1.082144211977720261e-02 1.138626877218484879e-02 1.855524256825447083e-02 1.559612434357404709e-02 1.214811811223626137e-03 1.488524861633777618e-02 1.745102740824222565e-02 3.414754197001457214e-02 3.064586035907268524e-02 2.000842243432998657e-02 1.764211058616638184e-02 1.061938796192407608e-02 1.362694334238767624e-02 1.798482611775398254e-02 1.672597602009773254e-02 1.533228810876607895e-02 1.735416986048221588e-02 8.714619092643260956e-03 6.349810399115085602e-03 1.811171695590019226e-02 1.681613177061080933e-02 2.248105593025684357e-02 1.884519495069980621e-02 2.239792840555310249e-03 1.849123835563659668e-02 4.265064001083374023e-02 4.035190492868423462e-02 1.659884862601757050e-02 7.828257977962493896e-03 1.456450205296278000e-02 2.013991214334964752e-02 1.115057244896888733e-02 4.163950216025114059e-03 7.753733545541763306e-03 6.934954435564577579e-04 5.770371295511722565e-03 4.218443296849727631e-03 7.903091609477996826e-03 5.019486416131258011e-03 2.004142850637435913e-02 1.723300293087959290e-02 1.477359235286712646e-02 1.186358556151390076e-02 3.061286872252821922e-03 1.703471876680850983e-03 1.361586898565292358e-02 1.314893364906311035e-02 2.221772260963916779e-02 1.120489463210105896e-02 8.546192198991775513e-03 1.207300834357738495e-02 3.119122609496116638e-02 3.829390928149223328e-02 2.616608701646327972e-02 3.413174673914909363e-02 5.345324520021677017e-03 7.863791659474372864e-03 3.055132925510406494e-03 4.262879025191068649e-03 8.269829675555229187e-03 5.533565767109394073e-03 1.722513325512409210e-02 1.310081407427787781e-02 3.593541914597153664e-03 1.154023781418800354e-02 8.834411390125751495e-03 1.455066073685884476e-02 1.113557722419500351e-02 2.039760164916515350e-02 1.260380912572145462e-02 1.229875814169645309e-02 2.662791172042489052e-03 8.000640082173049450e-04 1.133789215236902237e-02 7.810140494257211685e-03 1.240174751728773117e-02 6.922856904566287994e-03
2.113614417612552643e-02 1.519987825304269791e-02 1.314793899655342102e-02 1.281594112515449524e-02 2.022698521614074707e-02 2.654986828565597534e-02 2.188733406364917755e-02 9.964443743228912354e-03 3.929181024432182312e-02 2.969814091920852661e-02 1.597048342227935791e-02 8.675500750541687012e-01 1.493147481232881546e-02 5.518462136387825012e-02 1.544272899627685547e-02 2.133122086524963379e-02 2.430347539484500885e-02 1.391037832945585251e-02 6.726759020239114761e-03 1.003134716302156448e-02 1.500810217112302780e-02 2.367909764871001244e-03 3.494873270392417908e-02 2.760440111160278320e-02 1.151833310723304749e-02 1.851472631096839905e-02 7.819950697012245655e-04 4.663282632827758789e-02 5.329586565494537354e-03 4.470173269510269165e-02 5.203630309551954269e-03 9.609824046492576599e-03 1.399266184307634830e-03 1.203030999749898911e-02 8.894017897546291351e-03 7.215269841253757477e-03 1.899896538816392422e-03 1.790854893624782562e-02 1.635477319359779358e-02 1.768785156309604645e-02 9.932570159435272217e-03 2.573668025434017181e-02 1.905239000916481018e-02 1.819535903632640839e-02 3.723034635186195374e-02 2.938491664826869965e-02 2.191958390176296234e-02 2.067400887608528137e-02 1.666566729545593262e-02 1.786186732351779938e-02 2.878671977669000626e-03 2.422041445970535278e-02 8.789575658738613129e-03 6.718658842146396637e-03 2.682131901383399963e-02 2.091640979051589966e-02 2.559174597263336182e-02 2.351883426308631897e-02 2.231504581868648529e-02 9.619962424039840698e-03 1.288760825991630554e-02 1.408662926405668259e-02 5.009839776903390884e-03 1.507610455155372620e-02 1.081922650337219238e-02 5.241778213530778885e-03 8.632875978946685791e-03 1.183406263589859009e-02 3.298785537481307983e-02 1.599238952621817589e-03 3.212476521730422974e-02 1.042507402598857880e-02 1.972670666873455048e-02 1.713845529593527317e-03 1.797216013073921204e-02 3.528804983943700790e-03 3.476296737790107727e-02 3.244359418749809265e-02 4.284966737031936646e-02 3.371932357549667358e-02 7.354192901402711868e-03 4.627141635864973068e-03 1.264815032482147217e-02 8.113224059343338013e-03 1.759186573326587677e-02 1.725808344781398773e-02 2.947922330349683762e-03 4.707525018602609634e-03 5.200064927339553833e-02 5.042094364762306213e-02 1.678465865552425385e-02 3.773544449359178543e-03 1.513925753533840179e-02 2.496798522770404816e-03 1.408424414694309235e-02 8.839187212288379669e-03 3.775610588490962982e-03 4.644517786800861359e-03 1.556551922112703323e-02 1.312617398798465729e-02 1.068924460560083389e-02 8.483874611556529999e-03 4.405680578202009201e-03 7.320199161767959595e-03 5.053801462054252625e-03 9.082283824682235718e-03 1.010423991829156876e-02 8.926472626626491547e-03 5.645475815981626511e-03 8.353772573173046112e-03 1.292489469051361084e-02 9.695995599031448364e-03 1.556726917624473572e-02 2.313980832695960999e-02 4.196494817733764648e-03 1.867347054940182716e-05
4.622494801878929138e-02 4.709257185459136963e-02 1.401812862604856491e-02 1.818780042231082916e-02 2.350019663572311401e-02 4.077330604195594788e-02 4.437633231282234192e-02 2.211554720997810364e-02 8.935933932662010193e-03 9.007338434457778931e-03 4.859761893749237061e-02 1.493147481232881546e-02 8.675500750541687012e-01 2.003750391304492950e-02 2.665877714753150940e-02 1.831040345132350922e-02 1.796253025531768799e-02 1.065882015973329544e-02 8.622807450592517853e-03 1.975799910724163055e-02 2.022240497171878815e-02 2.890993095934391022e-02 1.845242455601692200e-02 1.907003670930862427e-02 1.596173457801342010e-02 1.416186708956956863e-02 8.443048223853111267e-03 5.558677017688751221e-03 2.467887476086616516e-02 6.560528650879859924e-03 2.542961947619915009e-02 2.488497644662857056e-02 1.662611030042171478e-02 2.318739332258701324e-02 1.131441816687583923e-02 2.218843810260295868e-02 2.155550941824913025e-02 9.805437177419662476e-03 2.206980064511299133e-02 1.871552690863609314e-02 1.575209945440292358e-02 1.760168373584747314e-02 1.562328077852725983e-02 2.339909551665186882e-03 9.146354161202907562e-03 9.948343969881534576e-03 3.558713570237159729e-02 3.186479210853576660e-02 2.169817686080932617e-02 2.115601114928722382e-02 4.231429658830165863e-03 1.025111414492130280e-02 1.947211287915706635e-02 2.370265685021877289e-02 2.004493772983551025e-02 1.835216023027896881e-02 1.609312556684017181e-02 1.452800258994102478e-02 2.062007039785385132e-02 1.805484108626842499e-02 2.729779109358787537e-02 2.464550361037254333e-02 3.065687138587236404e-03 2.230289950966835022e-02 3.220118582248687744e-02 3.830254077911376953e-02 1.794720627367496490e-02 1.778609678149223328e-02 1.344613078981637955e-02 1.106859277933835983e-02 6.862663663923740387e-03 9.404299780726432800e-03 1.515151839703321457e-02 4.706641659140586853e-03 1.020988821983337402e-02 8.567011915147304535e-03 9.901865385472774506e-03 5.012755282223224640e-03 1.170264091342687607e-02 1.315122190862894058e-02 1.163344644010066986e-02 1.047375891357660294e-02 7.787430658936500549e-03 9.524548077024519444e-04 1.233492139726877213e-02 1.448662765324115753e-02 1.792747899889945984e-02 2.321692369878292084e-02 4.981351550668478012e-03 8.738793432712554932e-03 2.793074026703834534e-02 2.942526713013648987e-02 3.012661449611186981e-02 3.334433212876319885e-02 1.579944789409637451e-02 1.450154744088649750e-02 1.716419123113155365e-02 1.795172318816184998e-02 1.884155720472335815e-02 1.587292365729808807e-02 2.308951877057552338e-02 2.086014673113822937e-02 1.619889773428440094e-02 4.666152410209178925e-03 1.743098534643650055e-02 1.989318616688251495e-02 2.255140617489814758e-02 2.040589600801467896e-02 2.354283444583415985e-02 1.011322159320116043e-02 1.013784785754978657e-03 3.279051976278424263e-03 7.805129513144493103e-03 5.425031296908855438e-03 2.251412905752658844e-02 2.903705695644021034e-03
