8.358642458915710449e-01 8.004325628280639648e-02 2.172698080539703369e-02 4.983717575669288635e-03 8.298931643366813660e-03 4.448670893907546997e-02 3.402836620807647705e-02 4.415537696331739426e-03 1.829625479876995087e-02 2.039381861686706543e-02 6.654199212789535522e-02 6.642378866672515869e-03 5.376648530364036560e-02 8.874186314642429352e-04 1.883502863347530365e-02 2.901454456150531769e-02 2.492229081690311432e-02 7.589895743876695633e-03 4.222291754558682442e-04 1.077409926801919937e-02 5.719573528040200472e-05 1.377338822931051254e-02 3.348035365343093872e-02 3.204971179366111755e-02 2.121512219309806824e-02 1.566492207348346710e-02 7.160831708461046219e-03 6.924633402377367020e-03 8.085554465651512146e-03 4.331513773649930954e-03 4.650746472179889679e-03 1.055193413048982620e-02 2.331112697720527649e-02 6.953474134206771851e-03 1.077349996194243431e-03 6.659677252173423767e-03 1.399708446115255356e-02 6.870150566101074219e-03 2.335907891392707825e-03 1.356080081313848495e-02 2.181584201753139496e-02 6.320049986243247986e-03 4.357788420747965574e-04 3.734472021460533142e-02 9.899047436192631721e-04 4.099053796380758286e-03 5.334426835179328918e-02 2.322962880134582520e-02 2.775038592517375946e-02 8.088307455182075500e-03 4.224509466439485550e-03 8.354538120329380035e-03 6.774647627025842667e-03 1.165627036243677139e-02 1.100465375930070877e-02 1.339226588606834412e-02 2.723944559693336487e-02 1.179795060306787491e-02 1.087976779672317207e-04 2.008822001516819000e-02 2.029763162136077881e-02 9.901728481054306030e-03 3.147609764710068703e-03 3.029427258297801018e-03 3.809507563710212708e-02 2.508540265262126923e-02 1.073133107274770737e-02 3.910391591489315033e-03 1.912749372422695160e-03 8.309585973620414734e-03 9.482268244028091431e-03 8.767475374042987823e-03 1.525539322756230831e-03 1.220455113798379898e-02 9.918833151459693909e-03 1.682553999125957489e-02 1.500751008279621601e-03 5.581349134445190430e-03 2.960479259490966797e-02 2.404593490064144135e-02 8.776270784437656403e-03 9.224834851920604706e-03 1.207748148590326309e-02 8.178121410310268402e-03 2.205273881554603577e-02 1.497615873813629150e-02 6.825581192970275879e-03 1.252724416553974152e-02 7.192806224338710308e-04 6.543257273733615875e-03 5.220970138907432556e-02 1.431053970009088516e-02 2.989955432713031769e-02 2.414929866790771484e-02 1.679002493619918823e-02 1.269819587469100952e-02 7.632276974618434906e-03 7.416658103466033936e-03 2.607667446136474609e-02 2.554227598011493683e-02 4.958209116011857986e-03 2.340626379009336233e-04 2.227118052542209625e-02 1.475333888083696365e-02 2.538056671619415283e-02 6.609928794205188751e-03 4.707693122327327728e-03 2.341695874929428101e-02 1.104667317122220993e-03 1.093202829360961914e-02 2.549513429403305054e-02 1.573821343481540680e-02 1.530119101516902447e-03 2.108939224854111671e-03 1.604939810931682587e-02 8.677757345139980316e-03
8.004325628280639648e-02 8.358642458915710449e-01 2.829927206039428711e-02 4.055480007082223892e-03 2.394057111814618111e-03 5.263774096965789795e-02 4.918170347809791565e-02 1.304752426221966743e-03 8.274341002106666565e-03 3.073857398703694344e-03 6.605438888072967529e-02 1.366775669157505035e-02 6.025896221399307251e-02 1.333079952746629715e-02 3.011422418057918549e-02 2.776857651770114899e-02 2.243908680975437164e-02 8.961647748947143555e-03 4.222628660500049591e-03 2.304936992004513741e-03 1.190749276429414749e-02 1.926774345338344574e-02 1.629072614014148712e-02 1.610252819955348969e-02 3.690671920776367188e-02 6.150932516902685165e-03 8.261844515800476074e-03 3.793344134464859962e-03 4.869416356086730957e-03 4.843802307732403278e-04 7.730830460786819458e-03 1.836777548305690289e-03 1.982040330767631531e-02 8.159424178302288055e-03 4.353292286396026611e-03 1.427955692633986473e-03 2.033773995935916901e-02 1.547815278172492981e-03 2.896435325965285301e-03 1.577379740774631500e-02 2.231140248477458954e-02 1.637049135752022266e-03 3.911618608981370926e-03 2.634788677096366882e-02 1.625567860901355743e-02 5.978337954729795456e-03 4.715082794427871704e-02 1.881461590528488159e-02 2.245012670755386353e-02 4.473093140404671431e-04 2.067650202661752701e-03 4.011854063719511032e-03 7.266089320182800293e-03 2.336808852851390839e-02 1.293779723346233368e-02 7.190889213234186172e-03 2.505391277372837067e-02 1.281734742224216461e-02 3.239904996007680893e-03 2.405351772904396057e-02 9.956344962120056152e-03 9.859388694167137146e-03 3.040753770619630814e-03 2.366883680224418640e-03 3.595132380723953247e-02 3.205320239067077637e-02 2.626984380185604095e-02 1.432351861149072647e-02 8.423115126788616180e-03 8.725563995540142059e-03 7.913627661764621735e-03 7.785618799971416593e-05 8.481658995151519775e-03 1.803551055490970612e-02 1.457691006362438202e-02 1.308445818722248077e-02 1.109036151319742203e-02 6.456833332777023315e-03 2.952402830123901367e-02 1.759190671145915985e-02 1.505933050066232681e-02 1.105848979204893112e-02 1.334948930889368057e-02 5.591750144958496094e-03 1.530097890645265579e-02 1.760800136253237724e-03 2.946856897324323654e-03 2.035479806363582611e-02 7.381100207567214966e-03 4.185450728982686996e-03 4.569695889949798584e-02 1.922202669084072113e-02 3.075047023594379425e-02 3.120697475969791412e-02 1.651714928448200226e-02 1.295922882854938507e-02 7.967106066644191742e-03 1.680416055023670197e-03 1.269865315407514572e-02 1.339268218725919724e-02 1.869735424406826496e-03 9.196555241942405701e-03 1.396906934678554535e-02 2.502650488168001175e-03 3.249568492174148560e-02 1.292656268924474716e-02 1.701084547676146030e-03 2.149676531553268433e-02 5.652961786836385727e-03 6.508817896246910095e-03 1.665507629513740540e-02 1.201245188713073730e-02 8.634943515062332153e-03 4.870300181210041046e-03 1.035689562559127808e-02 7.193053606897592545e-03
2.172698080539703369e-02 2.829927206039428711e-02 8.358642458915710449e-01 2.578874491155147552e-02 2.447049133479595184e-02 1.846013125032186508e-03 2.558275824412703514e-03 2.886421233415603638e-02 9.195700287818908691e-03 1.471604220569133759e-02 2.132583409547805786e-02 5.170739255845546722e-03 1.322796661406755447e-02 1.060410123318433762e-02 5.830736365169286728e-03 1.454176474362611771e-02 9.738815017044544220e-03 2.619100734591484070e-02 3.310712054371833801e-02 1.270803809165954590e-02 6.735610309988260269e-03 9.696789202280342579e-04 1.135461032390594482e-02 1.059106364846229553e-02 2.113453298807144165e-02 2.031037211418151855e-02 4.691953305155038834e-03 1.565702259540557861e-02 6.325857248157262802e-03 5.400142166763544083e-03 8.375301025807857513e-03 8.506258949637413025e-03 1.919263601303100586e-02 2.148439176380634308e-02 3.791300579905509949e-02 1.149859093129634857e-02 3.142360132187604904e-03 2.408333681523799896e-02 2.713111229240894318e-03 5.627492908388376236e-03 2.416959591209888458e-02 2.465149387717247009e-03 2.602594904601573944e-02 1.664741337299346924e-02 4.311824962496757507e-02 1.635995507240295410e-02 1.345346914604306221e-03 6.033934652805328369e-03 9.035104885697364807e-03 4.991971072740852833e-04 1.112203020602464676e-02 6.875388789921998978e-03 3.792977705597877502e-02 8.888855576515197754e-03 2.304693870246410370e-02 2.337802201509475708e-02 2.107921428978443146e-02 2.464342303574085236e-02 2.939555794000625610e-02 2.006122283637523651e-02 2.725196257233619690e-02 2.958342246711254120e-02 2.404721640050411224e-02 1.694976910948753357e-02 5.338566843420267105e-03 4.245604388415813446e-03 9.052648209035396576e-03 1.091001462191343307e-02 1.099110674113035202e-02 6.538420915603637695e-03 1.707282289862632751e-02 1.105501432903110981e-03 1.020057965070009232e-02 1.192884985357522964e-02 5.703728180378675461e-03 2.765724621713161469e-02 1.097708567976951599e-02 1.473650056868791580e-02 1.182678900659084320e-02 4.739156924188137054e-03 2.311500906944274902e-02 3.579640761017799377e-02 1.743770763278007507e-02 3.324974700808525085e-02 1.192268170416355133e-02 3.956376016139984131e-02 1.145764533430337906e-02 6.217551417648792267e-03 2.435504086315631866e-02 4.443882778286933899e-02 1.681411638855934143e-02 8.561051217839121819e-04 1.036273501813411713e-02 8.568240329623222351e-03 3.603019285947084427e-03 5.914590321481227875e-03 2.246150560677051544e-02 1.673558168113231659e-02 1.224026642739772797e-02 2.918065292760729790e-03 1.403553504496812820e-02 1.223380118608474731e-02 1.385010313242673874e-02 1.694936305284500122e-02 9.175749495625495911e-03 2.357258275151252747e-02 8.327542804181575775e-03 4.171315580606460571e-03 4.915871191769838333e-03 1.289667934179306030e-02 7.213773671537637711e-03 1.250942330807447433e-02 4.416631069034337997e-03 2.082351595163345337e-02 1.386015024036169052e-02 1.876161061227321625e-02
4.983717575669288635e-03 4.055480007082223892e-03 2.578874491155147552e-02 8.358642458915710449e-01 5.810866504907608032e-02 1.883196644484996796e-02 1.311882957816123962e-02 8.019287139177322388e-03 1.000000070780515671e-02 1.199435070157051086e-02 5.432839971035718918e-03 2.250055223703384399e-02 2.364382380619645119e-03 2.445048838853836060e-02 9.159449487924575806e-03 9.016171097755432129e-04 2.153296954929828644e-03 3.156799077987670898e-02 1.953129097819328308e-02 1.252366602420806885e-02 8.407812565565109253e-03 1.664233021438121796e-02 2.982565574347972870e-02 2.520114369690418243e-02 1.193357352167367935e-02 9.529136004857718945e-04 4.827531520277261734e-03 1.448226347565650940e-02 1.437866128981113434e-02 1.300838496536016464e-02 1.559760887175798416e-02 2.986897900700569153e-02 2.078118268400430679e-03 2.279939688742160797e-02 9.351140819489955902e-03 2.868375042453408241e-03 1.142994686961174011e-02 9.186016395688056946e-03 3.079705499112606049e-02 3.554429858922958374e-02 1.470997650176286697e-02 1.096753682941198349e-02 1.726136833894997835e-04 2.675280906260013580e-02 3.719486296176910400e-03 1.034434171742759645e-04 2.992881927639245987e-04 1.132421009242534637e-02 1.160448696464300156e-02 1.354663167148828506e-02 1.543696131557226181e-02 1.069366000592708588e-02 2.114280685782432556e-02 6.329392082989215851e-03 8.554236963391304016e-03 5.815039854496717453e-03 2.132337540388107300e-02 8.745403029024600983e-03 2.913107536733150482e-02 1.287229917943477631e-02 4.506386443972587585e-02 3.609258681535720825e-02 1.177167147397994995e-02 1.736602745950222015e-02 8.936719037592411041e-03 7.110288366675376892e-03 3.292582184076309204e-02 8.693127892911434174e-03 1.938943937420845032e-02 1.184548437595367432e-02 2.011145651340484619e-02 4.044489935040473938e-02 6.972523778676986694e-02 2.196385990828275681e-03 4.047037288546562195e-02 2.281427010893821716e-02 8.789360523223876953e-03 1.614888571202754974e-02 3.320178482681512833e-03 4.864810500293970108e-03 8.651677519083023071e-03 2.408872917294502258e-02 5.494110286235809326e-02 3.877661377191543579e-02 2.650571521371603012e-03 1.154519617557525635e-02 4.242465831339359283e-03 9.962910786271095276e-03 3.863453865051269531e-02 1.772189699113368988e-02 7.530780509114265442e-03 6.709854584187269211e-03 5.141533445566892624e-03 4.648659843951463699e-03 1.054688356816768646e-02 1.201774086803197861e-02 2.148189395666122437e-02 1.297889929264783859e-02 1.713202707469463348e-02 1.767149008810520172e-02 3.202315885573625565e-03 6.700069177895784378e-03 3.156385617330670357e-03 3.020561300218105316e-02 1.001452468335628510e-02 5.610301159322261810e-03 7.590097840875387192e-03 2.570711262524127960e-02 7.733113132417201996e-03 2.310460060834884644e-02 2.323888987302780151e-02 4.961660597473382950e-03 1.337598636746406555e-02 4.923623055219650269e-03 8.486525155603885651e-03 1.788370497524738312e-02
8.298931643366813660e-03 2.394057111814618111e-03 2.447049133479595184e-02 5.810866504907608032e-02 8.358642458915710449e-01 3.278403729200363159e-02 2.379143238067626953e-02 2.352398261427879333e-02 8.058476261794567108e-03 9.205249138176441193e-03 7.610409986227750778e-03 1.635357551276683807e-02 1.053898688405752182e-02 1.793368346989154816e-02 1.700728945434093475e-02 4.158973693847656250e-03 5.078746471554040909e-03 3.106962516903877258e-02 1.499127969145774841e-02 1.772204227745532990e-02 2.750690840184688568e-02 1.595962606370449066e-02 1.920942030847072601e-02 1.451570540666580200e-02 1.725282333791255951e-02 1.403253898024559021e-02 5.950948689132928848e-03 5.165406502783298492e-03 7.608698680996894836e-03 2.503007184714078903e-03 1.283356454223394394e-02 2.673174999654293060e-02 6.125701125711202621e-03 2.872611768543720245e-02 2.080508042126893997e-03 2.916710823774337769e-02 1.798650063574314117e-02 1.121907215565443039e-02 2.043492160737514496e-02 3.811588883399963379e-02 1.090795453637838364e-02 1.303814817219972610e-02 1.495004259049892426e-02 1.811058074235916138e-02 5.381504073739051819e-03 1.466212607920169830e-02 1.494202879257500172e-03 1.198036552523262799e-04 3.406890202313661575e-03 1.398957893252372742e-02 7.731308229267597198e-03 8.782216347754001617e-03 3.334934264421463013e-02 1.385479420423507690e-02 1.982054673135280609e-02 3.219965146854519844e-03 2.090731449425220490e-02 1.003861241042613983e-02 3.944865614175796509e-02 1.563427224755287170e-02 3.412141650915145874e-02 4.035586118698120117e-02 2.008611522614955902e-02 1.561708189547061920e-02 9.226514026522636414e-03 8.176304399967193604e-03 3.051077201962471008e-02 2.782157622277736664e-02 1.794955134391784668e-02 1.020208746194839478e-02 1.668837480247020721e-02 1.722753420472145081e-02 4.516972973942756653e-02 6.183089222759008408e-03 4.320149496197700500e-02 9.796188212931156158e-03 2.619958948343992233e-03 1.263210177421569824e-02 4.325183574110269547e-03 2.273319056257605553e-03 3.062669187784194946e-02 2.694645151495933533e-02 3.868457674980163574e-02 4.765237122774124146e-02 1.623202674090862274e-02 5.811933893710374832e-03 1.502991747111082077e-02 1.697557978332042694e-02 1.979907974600791931e-02 9.134240448474884033e-03 6.972510833293199539e-03 1.613131538033485413e-02 1.085163839161396027e-02 6.033268757164478302e-03 3.729898482561111450e-03 1.241320744156837463e-02 8.449064567685127258e-03 1.360930968075990677e-02 2.499937824904918671e-02 1.631606183946132660e-02 3.248267620801925659e-02 2.377595193684101105e-02 8.729261346161365509e-03 1.429499313235282898e-02 6.134741473942995071e-03 9.417220018804073334e-03 1.476322580128908157e-02 1.981257274746894836e-02 8.706789463758468628e-03 1.589501858688890934e-03 2.284306474030017853e-02 7.703897077590227127e-03 1.951135322451591492e-02 1.503780577331781387e-02 1.642497070133686066e-02 9.951834566891193390e-03
4.448670893907546997e-02 5.263774096965789795e-02 1.846013125032186508e-03 1.883196644484996796e-02 3.278403729200363159e-02 8.358642458915710449e-01 6.939490139484405518e-02 3.925648517906665802e-03 8.435177151113748550e-04 7.877067662775516510e-03 4.810255020856857300e-02 2.480009943246841431e-02 5.115095525979995728e-02 9.051044471561908722e-03 1.626436971127986908e-02 2.412812039256095886e-02 2.036862075328826904e-02 5.870113614946603775e-03 1.000616326928138733e-02 1.727838627994060516e-02 7.426767610013484955e-03 6.264301016926765442e-03 6.330683827400207520e-03 1.939051039516925812e-02 1.786331832408905029e-02 4.787557292729616165e-03 1.648332737386226654e-02 2.238413877785205841e-02 5.273399874567985535e-03 7.554581388831138611e-03 8.541827090084552765e-03 2.567243529483675957e-03 5.215695593506097794e-03 7.514846045523881912e-03 9.707864373922348022e-03 1.774456235580146313e-03 6.715073715895414352e-03 1.722293905913829803e-02 1.547783054411411285e-02 1.514600031077861786e-02 2.046310715377330780e-02 1.217486523091793060e-02 1.616662740707397461e-02 9.332714602351188660e-03 1.790684089064598083e-02 2.000610902905464172e-02 4.538482427597045898e-02 5.781007930636405945e-03 1.970356516540050507e-02 1.626591384410858154e-02 1.320726983249187469e-02 1.664910279214382172e-02 1.655883714556694031e-02 2.974608726799488068e-02 1.416470389813184738e-02 6.632322445511817932e-03 1.124809775501489639e-02 1.504629477858543396e-02 2.350237220525741577e-02 3.164362907409667969e-02 7.655846420675516129e-03 1.494742929935455322e-02 1.325518917292356491e-02 1.179540995508432388e-03 1.580306328833103180e-02 2.426709048449993134e-02 1.456305570900440216e-02 1.043026521801948547e-02 8.500390686094760895e-03 2.674204111099243164e-02 7.153675891458988190e-03 1.037041936069726944e-02 1.026587747037410736e-02 2.915703691542148590e-02 2.519173733890056610e-02 1.243912708014249802e-02 2.268084790557622910e-03 5.808286368846893311e-03 1.785710081458091736e-02 1.540151424705982208e-02 1.489375531673431396e-02 3.000673372298479080e-03 3.418511897325515747e-02 2.800714597105979919e-02 2.484291791915893555e-03 3.140669781714677811e-03 1.169456075876951218e-02 6.471385248005390167e-03 3.738306928426027298e-03 7.598940748721361160e-03 2.938447147607803345e-02 3.801143495365977287e-03 2.695729723200201988e-03 3.720560576766729355e-03 2.606854215264320374e-02 2.727102302014827728e-02 1.261745579540729523e-02 1.702440902590751648e-02 1.185052935034036636e-02 1.912046596407890320e-02 1.535948086529970169e-02 7.565398700535297394e-03 1.612638682126998901e-02 9.737929329276084900e-03 1.744156889617443085e-02 1.691866666078567505e-02 3.937515139114111662e-04 1.668998040258884430e-02 3.415832761675119400e-03 1.762931235134601593e-02 9.052082314155995846e-04 8.884485810995101929e-03 5.351895000785589218e-03 2.043731696903705597e-02 1.489192526787519455e-02 5.410898942500352859e-03
3.402836620807647705e-02 4.918170347809791565e-02 2.558275824412703514e-03 1.311882957816123962e-02 2.379143238067626953e-02 6.939490139484405518e-02 8.358642458915710449e-01 5.366957280784845352e-03 4.281197325326502323e-04 1.132398145273327827e-03 4.525076970458030701e-02 2.414827421307563782e-02 5.532398074865341187e-02 2.665448747575283051e-02 2.983017079532146454e-02 2.235187031328678131e-02 2.228950709104537964e-02 2.869698917493224144e-03 1.254775747656822205e-02 1.579342037439346313e-02 1.280785631388425827e-02 6.773808505386114120e-03 6.379649508744478226e-03 1.582975266501307487e-03 2.822807803750038147e-02 3.227858105674386024e-03 5.479411222040653229e-03 2.067174063995480537e-03 5.942652933299541473e-03 8.890986791811883450e-04 2.177475392818450928e-02 4.004095681011676788e-03 3.540337318554520607e-03 2.730910200625658035e-03 9.386858902871608734e-03 1.122016692534089088e-03 3.836152609437704086e-03 1.785187423229217529e-02 1.078673452138900757e-02 1.184120122343301773e-02 2.451528795063495636e-02 8.817866328172385693e-04 1.122150220908224583e-03 1.702257990837097168e-02 1.331700198352336884e-02 6.100551225244998932e-03 4.233899712562561035e-02 2.382944524288177490e-02 2.110645361244678497e-02 2.545176818966865540e-02 3.744612913578748703e-03 2.798238536342978477e-03 9.498456493020057678e-03 2.508367784321308136e-02 2.419970743358135223e-02 2.998074516654014587e-02 7.610450964421033859e-03 7.720484863966703415e-03 1.844333298504352570e-02 3.348917886614799500e-02 7.664771750569343567e-03 1.778770238161087036e-02 9.314691647887229919e-03 3.676829626783728600e-03 2.352356538176536560e-02 4.075485467910766602e-02 1.935660652816295624e-02 7.430526427924633026e-03 1.966870017349720001e-02 1.580316014587879181e-02 1.357541140168905258e-02 7.279214914888143539e-03 5.846457555890083313e-03 2.140831947326660156e-02 1.948612555861473083e-02 3.371333237737417221e-03 9.389891289174556732e-03 8.875963278114795685e-03 2.868379838764667511e-02 2.335420064628124237e-02 9.000401012599468231e-03 7.229337352328002453e-04 1.768637076020240784e-02 2.592306584119796753e-02 6.584133487194776535e-03 1.080599147826433182e-03 7.468358380720019341e-04 1.339109987020492554e-02 6.022680085152387619e-03 1.190121844410896301e-02 2.772837504744529724e-02 1.859088428318500519e-02 2.151425182819366455e-02 2.155973576009273529e-02 2.042260952293872833e-02 1.732817292213439941e-02 9.993990883231163025e-03 2.107593417167663574e-02 6.413162220269441605e-03 2.356437500566244125e-03 2.333802729845046997e-02 7.804537657648324966e-03 5.760690546594560146e-04 1.076663751155138016e-02 2.538282983005046844e-02 2.295496501028537750e-02 1.215041032992303371e-03 1.189983077347278595e-02 7.763892412185668945e-03 6.048942450433969498e-03 7.122767157852649689e-03 3.295473381876945496e-02 1.978340186178684235e-02 8.705032523721456528e-04 6.589211989194154739e-03 8.300362154841423035e-03
4.415537696331739426e-03 1.304752426221966743e-03 2.886421233415603638e-02 8.019287139177322388e-03 2.352398261427879333e-02 3.925648517906665802e-03 5.366957280784845352e-03 8.358642458915710449e-01 4.669371526688337326e-03 9.876587428152561188e-03 2.035670913755893707e-04 9.943732991814613342e-03 6.328416930045932531e-05 3.765561152249574661e-03 2.842725627124309540e-02 9.493603371083736420e-03 5.386665463447570801e-03 6.476372014731168747e-03 1.652132160961627960e-02 1.230576913803815842e-02 3.770393505692481995e-02 2.132787741720676422e-02 9.582725353538990021e-03 3.651589853689074516e-03 1.212861482053995132e-02 1.123683899641036987e-02 3.022483736276626587e-02 1.872725225985050201e-02 3.000602126121520996e-02 1.160270906984806061e-02 1.190287154167890549e-02 1.808217726647853851e-02 8.452420122921466827e-03 3.756477683782577515e-02 1.500722393393516541e-02 5.014966055750846863e-02 2.986495569348335266e-02 2.795856562443077564e-04 1.401839684695005417e-02 9.568640030920505524e-03 1.316546089947223663e-02 4.627846181392669678e-03 2.263205498456954956e-02 1.159544568508863449e-02 3.477985737845301628e-03 2.757493220269680023e-02 4.453134723007678986e-03 2.031240798532962799e-02 2.066166698932647705e-02 1.808977499604225159e-02 1.244594063609838486e-02 3.307564882561564445e-03 9.143487550318241119e-03 1.086859218776226044e-02 1.805611699819564819e-02 1.250628381967544556e-02 7.427284959703683853e-03 2.112913690507411957e-02 5.538445897400379181e-03 5.865233018994331360e-03 4.070435650646686554e-03 7.288964116014540195e-05 6.812167819589376450e-03 1.022411976009607315e-02 2.505642920732498169e-02 7.200774271041154861e-03 1.540394686162471771e-02 2.260306291282176971e-02 1.242799498140811920e-02 1.471163798123598099e-02 1.794168353080749512e-02 2.415603026747703552e-02 2.017651312053203583e-02 6.211020052433013916e-03 2.078067697584629059e-02 1.808758452534675598e-02 1.059694588184356689e-02 1.133432146161794662e-02 3.867277875542640686e-03 1.193667296320199966e-02 4.765047878026962280e-02 4.345819726586341858e-02 1.241211500018835068e-02 7.856250740587711334e-03 6.208376958966255188e-03 2.503916062414646149e-02 4.005583748221397400e-02 2.389406971633434296e-02 5.435981787741184235e-03 2.681531757116317749e-02 1.435509417206048965e-02 3.404958546161651611e-02 1.637844927608966827e-02 2.114344947040081024e-02 1.514418516308069229e-02 1.569500938057899475e-02 4.815222695469856262e-03 2.081269212067127228e-02 9.774542413651943207e-03 1.937253837240859866e-04 3.572402521967887878e-02 4.077536240220069885e-02 8.038521744310855865e-03 1.424781512469053268e-02 1.310261199250817299e-03 1.256698090583086014e-02 3.564095124602317810e-02 1.554622687399387360e-02 5.098770558834075928e-02 2.446763962507247925e-02 1.814515143632888794e-02 1.562525518238544464e-02 3.974008373916149139e-03 3.257917240262031555e-02 1.792937144637107849e-02 2.263214252889156342e-02
1.829625479876995087e-02 8.274341002106666565e-03 9.195700287818908691e-03 1.000000070780515671e-02 8.058476261794567108e-03 8.435177151113748550e-04 4.281197325326502323e-04 4.669371526688337326e-03 8.358642458915710449e-01 4.514703899621963501e-02 2.431061491370201111e-02 1.980374380946159363e-02 2.679513581097126007e-02 2.192530594766139984e-02 1.605455204844474792e-02 4.105110093951225281e-02 3.846204280853271484e-02 2.716285549104213715e-02 1.856590248644351959e-02 1.048502977937459946e-02 4.216082859784364700e-03 9.976275265216827393e-03 3.706362470984458923e-02 3.564510866999626160e-02 8.747761137783527374e-03 1.007738430052995682e-02 6.359451916068792343e-03 1.494077034294605255e-02 2.723833359777927399e-02 1.726286485791206360e-02 1.323243603110313416e-02 2.262061834335327148e-02 2.234309725463390350e-02 5.628974176943302155e-03 1.739441603422164917e-02 5.124181043356657028e-03 7.437118794769048691e-03 2.779501304030418396e-02 1.475740410387516022e-02 6.618897896260023117e-03 2.734757028520107269e-02 1.663515530526638031e-02 4.753421060740947723e-03 2.341633476316928864e-02 3.078198246657848358e-02 2.128724940121173859e-02 2.858521416783332825e-02 3.357029333710670471e-02 3.371433168649673462e-02 2.990459557622671127e-03 1.743207499384880066e-02 1.266845036298036575e-02 1.172874704934656620e-03 6.521847564727067947e-03 3.038151562213897705e-02 1.704284921288490295e-02 1.398947834968566895e-02 1.564186997711658478e-02 5.703063681721687317e-03 1.695229485630989075e-02 1.681851455941796303e-03 1.518971286714076996e-03 1.073760632425546646e-02 1.267838943749666214e-02 2.266657911241054535e-02 2.549898624420166016e-02 1.027312246151268482e-03 1.934771798551082611e-02 2.860027924180030823e-02 3.881721757352352142e-03 3.031735494732856750e-02 2.271808870136737823e-02 6.440842524170875549e-03 1.063944865018129349e-02 1.449805498123168945e-02 1.586184720508754253e-03 5.037668347358703613e-02 3.786669299006462097e-02 4.034550487995147705e-02 4.189775511622428894e-02 1.638146676123142242e-02 6.801654119044542313e-03 3.814246971160173416e-03 1.017462462186813354e-02 2.735981531441211700e-02 2.040832862257957458e-02 1.687787845730781555e-02 1.450908370316028595e-02 1.788199879229068756e-02 1.717181131243705750e-02 2.656915597617626190e-02 7.477873936295509338e-03 2.295630984008312225e-02 1.945039071142673492e-02 3.062088415026664734e-02 1.923449710011482239e-02 8.342966437339782715e-03 4.034003242850303650e-03 3.195349872112274170e-02 1.597190834581851959e-02 1.528410613536834717e-02 8.766694925725460052e-03 3.135405108332633972e-02 2.828193362802267075e-03 1.748603396117687225e-02 5.316097289323806763e-03 6.496768910437822342e-03 1.648636907339096069e-02 7.400935515761375427e-03 3.810186684131622314e-02 2.095899544656276703e-02 2.216720394790172577e-02 1.148452050983905792e-02 8.267349563539028168e-03 7.082066964358091354e-03 1.072819437831640244e-02
2.039381861686706543e-02 3.073857398703694344e-03 1.471604220569133759e-02 1.199435070157051086e-02 9.205249138176441193e-03 7.877067662775516510e-03 1.132398145273327827e-03 9.876587428152561188e-03 4.514703899621963501e-02 8.358642458915710449e-01 1.548148598521947861e-02 1.581438630819320679e-02 9.225144982337951660e-03 3.382096439599990845e-02 7.589504239149391651e-04 2.700893767178058624e-02 3.321726992726325989e-02 8.154323324561119080e-03 2.986508980393409729e-02 1.508146896958351135e-02 1.898819115012884140e-03 1.708345604129135609e-03 4.150010272860527039e-02 4.463201388716697693e-02 1.082806847989559174e-03 1.691391691565513611e-03 1.259342394769191742e-02 2.575684711337089539e-02 2.811001380905508995e-03 1.407242566347122192e-02 1.724347285926342010e-02 1.947847940027713776e-02 3.398039937019348145e-02 6.167354993522167206e-03 1.681515574455261230e-02 1.625927537679672241e-02 8.740484714508056641e-03 1.674198731780052185e-02 2.336111105978488922e-02 1.028144732117652893e-03 2.332579717040061951e-02 3.583717346191406250e-02 6.437662988901138306e-03 3.111896663904190063e-02 3.336905688047409058e-02 1.380894682370126247e-03 1.915108412504196167e-02 1.839699223637580872e-02 3.116366825997829437e-02 3.426265344023704529e-02 2.289321972057223320e-03 9.557868354022502899e-03 1.597116142511367798e-02 3.778331913053989410e-03 2.317154034972190857e-02 3.372948616743087769e-02 1.204736437648534775e-02 5.478544160723686218e-03 2.663227170705795288e-02 2.057635970413684845e-02 1.169656496495008469e-02 5.746514536440372467e-03 2.633549831807613373e-02 2.138241007924079895e-02 3.306054044514894485e-03 5.948960781097412109e-03 1.702141202986240387e-02 7.938153110444545746e-03 6.020117551088333130e-03 3.125676140189170837e-02 2.956399880349636078e-02 4.484613891690969467e-03 2.913854550570249557e-03 2.000774256885051727e-02 1.690202206373214722e-02 1.986043341457843781e-02 4.438025876879692078e-02 4.934893548488616943e-02 2.681017294526100159e-02 4.428004473447799683e-02 8.876395411789417267e-03 5.537300836294889450e-03 8.496409282088279724e-03 1.783519424498081207e-02 2.769406884908676147e-02 3.533289209008216858e-02 7.345510646700859070e-03 6.967729423195123672e-04 7.793758530169725418e-03 1.787122339010238647e-02 1.406762190163135529e-02 1.168238744139671326e-02 9.160123765468597412e-03 3.113225568085908890e-03 3.639823570847511292e-02 3.005588799715042114e-02 3.166608046740293503e-03 1.087729912251234055e-02 4.416618868708610535e-02 3.437718003988265991e-02 1.549328677356243134e-02 3.042815485969185829e-03 3.208015114068984985e-02 1.505828462541103363e-02 4.994098562747240067e-03 8.417263627052307129e-03 5.983697716146707535e-03 2.056403085589408875e-02 1.459315232932567596e-02 2.993132919073104858e-02 3.358196467161178589e-02 1.381664816290140152e-02 2.551441453397274017e-02 1.802822371246293187e-04 5.133715458214282990e-03 3.253164887428283691e-02
6.654199212789535522e-02 6.605438888072967529e-02 2.132583409547805786e-02 5.432839971035718918e-03 7.610409986227750778e-03 4.810255020856857300e-02 4.525076970458030701e-02 2.035670913755893707e-04 2.431061491370201111e-02 1.548148598521947861e-02 8.358642458915710449e-01 5.193632561713457108e-03 6.259626150131225586e-02 7.269499823451042175e-03 2.630643174052238464e-02 3.108122199773788452e-02 2.855300903320312500e-02 9.611993446014821529e-04 2.960249781608581543e-03 2.575330436229705811e-03 1.652671955525875092e-02 1.860428787767887115e-02 2.390700578689575195e-02 2.176518365740776062e-02 3.222923725843429565e-02 2.304062712937593460e-03 3.999173175543546677e-03 2.815469866618514061e-03 1.569861732423305511e-02 6.747738458216190338e-03 1.429356634616851807e-02 1.288808230310678482e-02 1.368087623268365860e-02 3.749181050807237625e-03 1.898976624943315983e-03 1.052779238671064377e-02 2.274078503251075745e-02 4.768786951899528503e-03 2.000264590606093407e-03 1.176529005169868469e-02 1.546445768326520920e-02 4.042759537696838379e-04 5.955634638667106628e-03 3.868249058723449707e-02 1.482333405874669552e-03 8.438276126980781555e-03 5.392702668905258179e-02 3.245566040277481079e-02 2.425670996308326721e-02 8.506861631758511066e-04 2.374502073507755995e-04 3.421615576371550560e-03 6.624157074838876724e-03 2.248841710388660431e-02 2.130873501300811768e-02 6.232091225683689117e-03 1.783007569611072540e-02 1.548896171152591705e-02 1.629148237407207489e-02 3.485616296529769897e-02 1.426522992551326752e-02 4.908563103526830673e-03 2.230654004961252213e-03 4.825512412935495377e-03 4.154780879616737366e-02 3.810871019959449768e-02 1.789611205458641052e-02 2.552573569118976593e-02 9.418589062988758087e-03 5.542414728552103043e-03 4.402600694447755814e-03 1.228342670947313309e-02 5.647818092256784439e-03 1.234032120555639267e-02 1.617493666708469391e-02 9.615891613066196442e-03 5.094136111438274384e-03 1.340102055110037327e-03 3.324668481945991516e-02 2.933022193610668182e-02 2.974259899929165840e-03 7.358971983194351196e-03 1.749728992581367493e-02 1.700209639966487885e-02 1.118113379925489426e-02 7.760012056678533554e-03 1.310358010232448578e-02 2.310224436223506927e-02 4.365738481283187866e-03 7.277401164174079895e-03 4.575142264366149902e-02 2.631242014467716217e-02 3.197530657052993774e-02 2.861352637410163879e-02 2.015029266476631165e-02 1.753017306327819824e-02 9.612302295863628387e-03 8.479189273202791810e-05 1.785543002188205719e-02 1.341454032808542252e-02 5.554582457989454269e-03 5.240281112492084503e-03 1.705085858702659607e-02 1.433435082435607910e-02 3.645561635494232178e-02 1.756806485354900360e-02 6.317517254501581192e-03 2.118050493299961090e-02 5.121526774019002914e-03 2.392201125621795654e-02 2.379577979445457458e-02 1.519042626023292542e-02 1.551021728664636612e-02 6.893600802868604660e-03 7.189763244241476059e-03 3.619064344093203545e-03
6.642378866672515869e-03 1.366775669157505035e-02 5.170739255845546722e-03 2.250055223703384399e-02 1.635357551276683807e-02 2.480009943246841431e-02 2.414827421307563782e-02 9.943732991814613342e-03 1.980374380946159363e-02 1.581438630819320679e-02 5.193632561713457108e-03 8.358642458915710449e-01 1.873120083473622799e-03 6.845268607139587402e-02 4.470157902687788010e-03 1.018777769058942795e-02 7.474081590771675110e-03 2.809634990990161896e-02 2.177230082452297211e-02 1.240842323750257492e-02 3.420228371396660805e-03 1.637451467104256153e-03 3.557959571480751038e-02 3.827475011348724365e-02 4.794819978997111320e-04 1.036198996007442474e-02 1.680564321577548981e-02 2.537277154624462128e-02 3.425988927483558655e-02 3.549078851938247681e-02 1.313036680221557617e-02 1.934824697673320770e-02 6.767920218408107758e-03 2.975774696096777916e-04 2.897264203056693077e-04 9.082785807549953461e-03 6.262807175517082214e-03 1.425690110772848129e-02 2.630361728370189667e-02 5.621444899588823318e-03 4.537841770797967911e-03 1.651260443031787872e-02 1.693110540509223938e-02 1.765199191868305206e-02 3.846911247819662094e-03 4.824835807085037231e-03 8.431972237303853035e-04 1.215482223778963089e-02 1.139105856418609619e-02 2.598351566120982170e-03 2.717532031238079071e-02 2.284280955791473389e-02 1.848733983933925629e-02 1.237899344414472580e-02 1.393114309757947922e-02 5.519238766282796860e-03 1.242286060005426407e-02 6.787460297346115112e-03 3.917339257895946503e-03 2.059036400169134140e-03 3.317515179514884949e-02 3.215278312563896179e-02 1.901600509881973267e-03 1.741142012178897858e-02 1.294024754315614700e-03 6.454307585954666138e-03 2.209186553955078125e-02 8.456869050860404968e-03 2.317192964255809784e-02 2.479118295013904572e-02 2.629146212711930275e-03 2.468104101717472076e-02 6.667370442301034927e-03 1.682506874203681946e-03 4.037725273519754410e-03 1.127867214381694794e-02 2.372157201170921326e-02 3.421544656157493591e-02 1.221132115460932255e-03 8.644551038742065430e-03 1.721969619393348694e-02 2.230813552159816027e-04 2.656900882720947266e-02 1.743691414594650269e-02 4.133804515004158020e-02 1.425733789801597595e-02 8.580373600125312805e-03 5.835725460201501846e-03 1.735352724790573120e-02 5.014990456402301788e-03 1.045531500130891800e-02 6.199276540428400040e-03 3.622618096414953470e-04 9.414755739271640778e-03 9.439547546207904816e-03 8.292349230032414198e-05 1.425629295408725739e-02 7.816343568265438080e-03 2.415760979056358337e-02 3.797014057636260986e-02 8.864088915288448334e-03 1.442716736346483231e-02 2.971155382692813873e-02 1.280929800122976303e-02 1.218369603157043457e-02 1.556529896333813667e-03 1.303737331181764603e-02 2.326965145766735077e-02 3.923211991786956787e-02 2.217815630137920380e-02 9.602515958249568939e-03 2.032303996384143829e-02 2.914409898221492767e-02 1.465540379285812378e-02 1.548313442617654800e-02 1.717382855713367462e-02
5.376648530364036560e-02 6.025896221399307251e-02 1.322796661406755447e-02 2.364382380619645119e-03 1.053898688405752182e-02 5.115095525979995728e-02 5.532398074865341187e-02 6.328416930045932531e-05 2.679513581097126007e-02 9.225144982337951660e-03 6.259626150131225586e-02 1.873120083473622799e-03 8.358642458915710449e-01 4.806451499462127686e-03 3.878220170736312866e-02 3.547382727265357971e-02 3.209508210420608521e-02 3.910952655132859945e-04 8.067433722317218781e-03 7.259538397192955017e-03 1.880143769085407257e-02 1.827789284288883209e-02 9.327114559710025787e-03 1.216499134898185730e-02 3.932529687881469727e-02 1.247989293187856674e-02 1.213721334352158010e-04 1.323689054697751999e-02 1.408852729946374893e-02 5.639252252876758575e-03 1.663667894899845123e-02 1.205127220600843430e-02 8.851872757077217102e-03 5.015385802835226059e-03 8.842231705784797668e-03 3.075296990573406219e-03 1.381082180887460709e-02 1.808281987905502319e-02 2.226138720288872719e-03 9.896225295960903168e-03 2.848948165774345398e-02 4.223869647830724716e-03 5.402999930083751678e-03 2.499822340905666351e-02 1.174333877861499786e-02 4.281894303858280182e-03 4.969777539372444153e-02 2.494847588241100311e-02 3.044819459319114685e-02 8.175673428922891617e-04 1.359618850983679295e-03 1.070735394023358822e-03 3.881133627146482468e-03 1.749078184366226196e-02 2.762587927281856537e-02 1.316719315946102142e-02 2.151122502982616425e-02 2.164411172270774841e-02 1.282599382102489471e-02 3.362563997507095337e-02 4.417629912495613098e-03 6.199473049491643906e-03 1.545315957628190517e-03 4.912785254418849945e-03 3.644954413175582886e-02 4.472239315509796143e-02 2.275651693344116211e-02 2.197797037661075592e-02 2.407145686447620392e-02 8.048626594245433807e-03 1.646315678954124451e-02 1.497586723417043686e-02 1.048979116603732109e-03 1.012459862977266312e-02 2.008178830146789551e-02 7.767127361148595810e-03 1.325756218284368515e-02 2.405646722763776779e-03 3.796808421611785889e-02 2.785730548202991486e-02 2.206050092354416847e-03 4.661660175770521164e-03 1.552191469818353653e-02 1.430211029946804047e-02 1.687976159155368805e-02 2.657921053469181061e-03 1.844387687742710114e-02 3.408391401171684265e-02 1.059588510543107986e-02 1.221046899445354939e-03 4.036901891231536865e-02 2.167664840817451477e-02 2.670522965490818024e-02 3.650531172752380371e-02 2.821555361151695251e-02 2.456833049654960632e-02 7.979620248079299927e-03 4.082508850842714310e-03 1.035733520984649658e-02 8.734794333577156067e-03 2.177080605179071426e-03 3.659389214590191841e-03 1.976872049272060394e-02 2.728668972849845886e-03 3.186707943677902222e-02 8.618329651653766632e-03 2.070408314466476440e-03 2.675249241292476654e-02 1.296622678637504578e-03 2.593735605478286743e-02 1.311471592634916306e-02 2.696765772998332977e-02 9.375788271427154541e-03 5.498218815773725510e-03 7.927663624286651611e-03 1.481706090271472931e-02
