8.319434523582458496e-01 5.161337554454803467e-02 4.581144312396645546e-04 6.801787298172712326e-03 1.711031049489974976e-02 5.470220372080802917e-02 4.299134761095046997e-02 2.124086953699588776e-02 1.964016072452068329e-02 2.042713947594165802e-02 5.236963555216789246e-02 2.161941304802894592e-02 4.784538969397544861e-02 1.619612425565719604e-02 2.398382686078548431e-02 5.355501081794500351e-03 1.438850350677967072e-02 6.573469843715429306e-03 1.712353341281414032e-02 2.022790722548961639e-02 3.010648302733898163e-02 2.127163484692573547e-02 1.021932344883680344e-02 3.901756601408123970e-03 1.652586832642555237e-02 2.412734739482402802e-02 4.514950327575206757e-03 2.096102759242057800e-02 1.441066153347492218e-02 2.326563186943531036e-02 1.279110647737979889e-02 2.365276962518692017e-02 2.806596457958221436e-02 2.828281186521053314e-02 2.542489953339099884e-02 2.794898301362991333e-02 2.662881091237068176e-02 4.131526686251163483e-03 9.810904040932655334e-03 1.285041216760873795e-02 1.247466262429952621e-02 9.316305629909038544e-03 1.805900037288665771e-02 4.964346066117286682e-03 3.385303076356649399e-03 6.533713079988956451e-03 3.639079630374908447e-02 2.786289341747760773e-02 2.066253684461116791e-02 9.596408344805240631e-03 3.071469254791736603e-03 1.404038444161415100e-02 2.353943325579166412e-02 3.106281533837318420e-02 9.455532766878604889e-03 1.630450785160064697e-02 1.556490175426006317e-02 2.191717363893985748e-02 1.899493299424648285e-02 2.861633710563182831e-02 9.904347360134124756e-03 1.353603415191173553e-02 1.740597374737262726e-02 1.575550623238086700e-02 2.638533525168895721e-02 2.397681213915348053e-02 2.623324096202850342e-02 2.842642553150653839e-02 1.692800410091876984e-02 2.922177314758300781e-03 1.048478391021490097e-02 7.727358606643974781e-04 3.051905659958720207e-03 1.362514402717351913e-02 1.178265735507011414e-02 1.498678233474493027e-03 1.030618976801633835e-02 1.468288525938987732e-02 1.707931980490684509e-02 3.011945262551307678e-02 1.844392344355583191e-02 2.665139921009540558e-02 1.268114987760782242e-02 2.331044711172580719e-02 1.924644969403743744e-02 1.814077980816364288e-02 3.149132430553436279e-02 3.392498940229415894e-02 1.244483981281518936e-02 6.833284627646207809e-03 1.106389425694942474e-02 3.086461685597896576e-02 1.279208064079284668e-02 1.604193449020385742e-02 2.731147222220897675e-02 2.610394731163978577e-02 1.283342577517032623e-02 4.760653537232428789e-04 8.032366633415222168e-03 1.306297536939382553e-02 2.343175932765007019e-02 1.908660493791103363e-02 2.441969234496355057e-03 1.784544554539024830e-03 1.481579523533582687e-02 2.223417162895202637e-02 3.118381649255752563e-02 1.312860636971890926e-03 1.515068206936120987e-02 4.765471443533897400e-03 3.472996642813086510e-03 5.417169304564595222e-04 1.110896840691566467e-02 1.209884043782949448e-02 7.772692479193210602e-03 1.916372333653271198e-03
5.161337554454803467e-02 8.319434523582458496e-01 6.002183537930250168e-03 2.962803700938820839e-03 1.775351352989673615e-02 5.500024929642677307e-02 5.028669163584709167e-02 1.607665605843067169e-02 1.729194447398185730e-02 1.367156859487295151e-02 3.761827945709228516e-02 2.760789543390274048e-02 5.751258879899978638e-02 1.577092334628105164e-02 1.885894127190113068e-02 1.579093746840953827e-02 1.907652989029884338e-02 1.025351043790578842e-02 1.945476047694683075e-02 1.726349070668220520e-02 2.917703799903392792e-02 3.692904859781265259e-02 1.373934838920831680e-02 7.746204733848571777e-03 1.362007204443216324e-02 2.519050426781177521e-02 2.805995196104049683e-02 4.105051979422569275e-02 1.125777140259742737e-02 3.787151724100112915e-02 9.637851268053054810e-03 1.349138841032981873e-02 1.523921918123960495e-02 2.363179624080657959e-02 2.250081673264503479e-02 1.764174364507198334e-02 2.608002908527851105e-02 1.752693019807338715e-02 2.135005965828895569e-02 1.797809638082981110e-02 1.476301345974206924e-02 1.817745360312983394e-04 1.193418540060520172e-02 1.526961917988955975e-03 1.183978375047445297e-02 1.877136155962944031e-02 2.951930463314056396e-02 3.388002887368202209e-02 1.079232245683670044e-02 1.220234017819166183e-02 1.239604316651821136e-02 2.627709880471229553e-02 1.458419673144817352e-02 2.293281629681587219e-02 6.158057134598493576e-03 8.026361465454101562e-03 1.243601553142070770e-02 2.015779167413711548e-02 7.602667319588363171e-04 9.161098860204219818e-03 7.390827406197786331e-03 1.641096314415335655e-03 6.947352550923824310e-03 1.007199566811323166e-02 2.936153672635555267e-03 2.145433798432350159e-02 2.256960980594158173e-02 3.193109855055809021e-02 3.237527981400489807e-02 1.041465671733021736e-03 1.253638882189989090e-02 4.259889537934213877e-04 1.263144891709089279e-02 8.611455559730529785e-03 5.684509873390197754e-03 1.387435942888259888e-03 1.575095206499099731e-02 1.345951110124588013e-02 1.499158889055252075e-02 3.529489040374755859e-02 1.890026032924652100e-02 2.660503983497619629e-02 1.111772842705249786e-02 2.114101499319076538e-02 6.546024233102798462e-03 1.395892165601253510e-02 2.724511921405792236e-02 3.685380890965461731e-02 1.793975941836833954e-02 6.547618657350540161e-03 2.467663493007421494e-03 2.866287156939506531e-02 1.183107681572437286e-02 2.449256554245948792e-02 1.908138021826744080e-02 1.976744644343852997e-02 5.916595458984375000e-03 3.497733036056160927e-03 4.234767984598875046e-03 1.025634910911321640e-02 1.954269595444202423e-02 2.074147947132587433e-02 1.281866524368524551e-02 1.179828657768666744e-03 3.484296146780252457e-03 1.434664800763130188e-02 2.462515980005264282e-02 8.563487790524959564e-04 4.547315184026956558e-03 1.282888092100620270e-02 6.832498591393232346e-03 3.073275554925203323e-03 4.643870983272790909e-03 1.606993260793387890e-03 7.786848582327365875e-03 8.896333165466785431e-03
4.581144312396645546e-04 6.002183537930250168e-03 8.319434523582458496e-01 3.489597293082624674e-04 1.850402727723121643e-02 1.699601067230105400e-03 1.712093874812126160e-02 4.829987511038780212e-02 9.932492859661579132e-03 1.411392353475093842e-03 9.912141598761081696e-03 6.662524770945310593e-03 7.505702786147594452e-03 6.378516089171171188e-03 3.429432213306427002e-02 2.029348909854888916e-02 1.843873411417007446e-02 1.596787944436073303e-03 5.249317036941647530e-04 7.411865051835775375e-03 9.560927748680114746e-03 2.374591678380966187e-02 2.297616936266422272e-02 1.978377066552639008e-02 1.945661939680576324e-02 8.181056007742881775e-03 1.565194129943847656e-02 2.739706821739673615e-02 2.841122914105653763e-03 5.411611869931221008e-03 7.622135803103446960e-03 1.474810391664505005e-02 3.298205556347966194e-03 1.596629247069358826e-02 3.349082544445991516e-04 1.381815224885940552e-02 1.248215604573488235e-02 3.563037142157554626e-02 8.327528834342956543e-03 2.275934442877769470e-02 1.459814235568046570e-02 6.602534558624029160e-03 2.428196137771010399e-03 7.706188131123781204e-03 5.518050165846943855e-04 2.422726945951581001e-03 8.556102402508258820e-03 1.449081860482692719e-02 3.548404201865196228e-03 1.486015156842768192e-03 6.823620293289422989e-03 9.752691723406314850e-03 4.642359446734189987e-03 5.102638620883226395e-03 3.731969511136412621e-03 1.291246525943279266e-02 1.259054872207343578e-03 2.097751758992671967e-02 4.487693775445222855e-03 1.668971963226795197e-03 2.733360603451728821e-02 4.113152623176574707e-02 1.467672083526849747e-02 9.930852102115750313e-04 1.274568680673837662e-02 1.273435913026332855e-02 1.286664418876171112e-02 4.906932823359966278e-03 2.194761531427502632e-03 1.299263443797826767e-02 3.402147442102432251e-03 1.110380515456199646e-02 1.260562706738710403e-02 3.193347714841365814e-03 6.560314912348985672e-03 1.646748930215835571e-02 5.832192022353410721e-03 1.221586950123310089e-02 2.080157632008194923e-03 1.659858599305152893e-02 2.943186275660991669e-02 2.465932816267013550e-02 1.820197515189647675e-02 8.572025224566459656e-03 1.029699202626943588e-02 9.034393355250358582e-03 2.980134822428226471e-02 2.842189185321331024e-02 2.141973935067653656e-02 1.252288836985826492e-02 5.401394795626401901e-03 2.240573428571224213e-02 9.198151528835296631e-03 2.473679184913635254e-02 4.171553999185562134e-03 5.473536439239978790e-03 5.510576069355010986e-03 1.092752208933234215e-03 1.418818067759275436e-02 5.172123201191425323e-03 6.481378339231014252e-03 8.459655568003654480e-03 2.249603904783725739e-02 2.943737618625164032e-02 1.099761202931404114e-02 1.103594619780778885e-02 4.540548659861087799e-03 1.786377467215061188e-02 5.088158883154392242e-03 1.459607388824224472e-02 6.056639831513166428e-03 1.665608398616313934e-02 1.366516761481761932e-02 2.088532038033008575e-02 2.410672418773174286e-02 1.823307573795318604e-02
6.801787298172712326e-03 2.962803700938820839e-03 3.489597293082624674e-04 8.319434523582458496e-01 1.316051231697201729e-03 4.524268675595521927e-03 1.649105548858642578e-02 5.705977790057659149e-03 3.585669770836830139e-02 5.837436392903327942e-02 2.414273621980100870e-04 2.971915295347571373e-03 1.553452224470674992e-03 1.187899801880121231e-02 1.496545504778623581e-02 3.771903365850448608e-02 6.138511374592781067e-02 2.891542576253414154e-02 1.558451075106859207e-02 1.070588361471891403e-02 1.372440066188573837e-02 1.200375845655798912e-03 2.716968581080436707e-02 4.487970843911170959e-02 4.863593785557895899e-04 5.857059732079505920e-04 1.165571995079517365e-02 1.907339319586753845e-02 1.209103129804134369e-02 1.495081651955842972e-02 4.566668649204075336e-04 1.439571101218461990e-02 1.115746889263391495e-02 3.555946983397006989e-03 1.605784520506858826e-02 1.637108251452445984e-02 1.588413305580615997e-02 9.814619086682796478e-03 4.012456536293029785e-02 6.053994409739971161e-03 7.133773993700742722e-03 6.052681710571050644e-03 5.865562707185745239e-03 3.903610631823539734e-03 3.713410813361406326e-03 9.462741203606128693e-03 2.255370281636714935e-02 9.662682190537452698e-03 1.469388836994767189e-03 1.483578700572252274e-03 1.527083665132522583e-02 2.450558729469776154e-02 7.891682907938957214e-03 9.572896175086498260e-03 2.196549903601408005e-03 3.453528042882680893e-03 4.042952787131071091e-03 1.242139097303152084e-02 1.890733139589428902e-03 1.078564021736383438e-02 1.214657165110111237e-02 2.113147825002670288e-02 4.599627107381820679e-02 3.255298361182212830e-02 1.315480936318635941e-02 2.706068381667137146e-02 9.182134643197059631e-03 6.017305888235569000e-03 1.087958086282014847e-02 1.762492209672927856e-02 1.865374855697154999e-02 1.276288996450603008e-03 3.678785637021064758e-02 3.902743337675929070e-03 6.568396929651498795e-03 2.713023452088236809e-03 6.115305004641413689e-04 3.738838806748390198e-02 8.674208074808120728e-03 4.575785994529724121e-02 3.808121662586927414e-03 6.806575693190097809e-03 2.890368457883596420e-03 3.791994601488113403e-02 6.372491829097270966e-03 4.455998074263334274e-03 2.990135923027992249e-03 8.397401310503482819e-03 3.059562761336565018e-03 1.776807196438312531e-02 1.485850289463996887e-02 2.682219026610255241e-03 2.014103531837463379e-02 1.187378540635108948e-02 1.337462570518255234e-02 6.699553225189447403e-03 7.072583772242069244e-03 4.707549698650836945e-03 1.964672468602657318e-02 1.142362318933010101e-02 9.326267056167125702e-03 9.172720019705593586e-04 9.237135236617177725e-05 2.916691359132528305e-03 5.851936526596546173e-03 7.966341217979788780e-04 1.683844998478889465e-02 1.339218020439147949e-02 2.021125983446836472e-03 4.520878661423921585e-03 7.462208159267902374e-03 1.571000553667545319e-02 1.964253745973110199e-02 4.424271639436483383e-03 1.300518866628408432e-02 1.952934428118169308e-03
1.711031049489974976e-02 1.775351352989673615e-02 1.850402727723121643e-02 1.316051231697201729e-03 8.319434523582458496e-01 2.409477252513170242e-03 3.191232215613126755e-03 5.269257817417383194e-03 4.246797878295183182e-03 2.957315929234027863e-02 1.966774091124534607e-02 9.659646078944206238e-03 2.188442461192607880e-02 1.447045803070068359e-02 7.151083555072546005e-03 2.877732366323471069e-02 3.813714161515235901e-02 1.086304429918527603e-02 5.061752349138259888e-02 8.508570492267608643e-03 2.208695746958255768e-02 2.909960690885782242e-03 6.394298281520605087e-03 1.662862487137317657e-03 8.785856887698173523e-03 1.799816824495792389e-02 1.441188389435410500e-03 2.587512135505676270e-02 1.509306370280683041e-03 1.910141669213771820e-02 1.036187051795423031e-03 1.574885286390781403e-02 1.927001960575580597e-02 1.425625197589397430e-02 3.093448281288146973e-02 1.886443421244621277e-02 1.230235025286674500e-02 8.208633400499820709e-03 1.978230476379394531e-02 5.673995614051818848e-02 2.016204223036766052e-02 9.796470403671264648e-03 4.971676971763372421e-03 2.171126939356327057e-02 1.486209221184253693e-03 9.594189934432506561e-03 2.508412860333919525e-02 2.929930947721004486e-02 9.828720241785049438e-03 7.308380212634801865e-03 1.778261363506317139e-02 6.557298474945127964e-04 1.098418049514293671e-02 3.021361492574214935e-02 1.688911393284797668e-02 1.143231801688671112e-02 2.659633941948413849e-02 2.228667400777339935e-02 8.940798230469226837e-03 3.342026099562644958e-02 1.026269979774951935e-02 7.515965029597282410e-03 3.887906903401017189e-03 1.173527538776397705e-02 2.726265229284763336e-02 2.335142157971858978e-02 1.301060058176517487e-02 1.719268411397933960e-02 1.407691556960344315e-02 6.169299129396677017e-03 3.993086144328117371e-02 6.831630598753690720e-03 4.320882633328437805e-02 5.897188093513250351e-03 5.493826419115066528e-02 6.146731320768594742e-03 4.541345871984958649e-03 2.396718226373195648e-02 1.274434011429548264e-02 3.228438273072242737e-02 3.148011630401015282e-03 7.606653962284326553e-03 3.540386632084846497e-02 5.142358690500259399e-02 3.128407290205359459e-03 2.481614938005805016e-03 2.181635703891515732e-03 9.811230935156345367e-03 1.441396400332450867e-02 4.335217177867889404e-03 1.714904233813285828e-02 8.987888693809509277e-03 2.062669768929481506e-02 4.395175725221633911e-03 1.991903036832809448e-02 8.761054486967623234e-04 1.200598943978548050e-02 1.650954829528927803e-03 1.995756989344954491e-03 6.886634510010480881e-03 1.767432503402233124e-02 2.048095688223838806e-02 1.984177902340888977e-02 9.800002910196781158e-03 1.680272445082664490e-02 3.293515369296073914e-02 3.347164252772927284e-03 4.990068264305591583e-03 2.375557646155357361e-02 1.852628309279680252e-03 1.315714092925190926e-03 5.486321169883012772e-03 1.079405285418033600e-02 6.935411598533391953e-03 2.464460209012031555e-02 6.717813201248645782e-03
5.470220372080802917e-02 5.500024929642677307e-02 1.699601067230105400e-03 4.524268675595521927e-03 2.409477252513170242e-03 8.319434523582458496e-01 6.950337439775466919e-02 1.222615037113428116e-02 1.858438178896903992e-02 9.963355027139186859e-03 3.879449889063835144e-02 4.864693060517311096e-02 4.075098037719726562e-02 3.912523016333580017e-02 1.312402822077274323e-02 5.972968880087137222e-03 4.231648985296487808e-03 1.592817157506942749e-02 1.497064158320426941e-02 2.367147972108796239e-04 1.369273476302623749e-02 2.885217592120170593e-02 1.224460895173251629e-03 2.403769409283995628e-03 3.635712899267673492e-03 8.695732802152633667e-03 1.139016076922416687e-02 3.680665045976638794e-02 1.845218800008296967e-02 4.630580171942710876e-02 1.808526180684566498e-02 1.081059500575065613e-02 9.319311939179897308e-03 1.397919189184904099e-02 4.568620119243860245e-03 1.219246163964271545e-02 1.190735772252082825e-02 4.160653334110975266e-03 1.631733588874340057e-02 1.213051564991474152e-02 3.386017633602023125e-03 5.457487422972917557e-03 2.858158259186893702e-04 7.314388640224933624e-03 3.348013386130332947e-02 1.073388196527957916e-02 3.958521038293838501e-02 3.504118695855140686e-02 4.778023809194564819e-03 5.200726911425590515e-03 1.544540189206600189e-02 8.685013279318809509e-03 2.052365615963935852e-02 1.928256265819072723e-02 8.943150751292705536e-03 1.386546250432729721e-02 5.558418110013008118e-03 1.980280876159667969e-02 7.964439690113067627e-03 1.251476816833019257e-02 1.594221033155918121e-02 4.262052243575453758e-04 1.797486469149589539e-02 4.842504858970642090e-03 1.420922391116619110e-02 2.281623519957065582e-02 7.453418802469968796e-03 1.120183523744344711e-02 2.407973632216453552e-02 1.871858723461627960e-02 3.500249236822128296e-03 1.523312926292419434e-02 1.161054521799087524e-02 2.401506528258323669e-02 1.546051632612943649e-02 1.201260020025074482e-03 1.726933941245079041e-02 1.027167588472366333e-02 8.175314404070377350e-03 2.147383242845535278e-02 1.524974964559078217e-02 2.909157425165176392e-02 1.191013026982545853e-03 7.851564325392246246e-03 2.044532011495903134e-04 5.183030589250847697e-05 2.562209963798522949e-02 3.125188872218132019e-02 1.559695880860090256e-02 1.359370420686900616e-03 1.286636979784816504e-04 2.027910389006137848e-02 2.026637084782123566e-02 1.112263742834329605e-02 2.131441049277782440e-02 2.637636289000511169e-02 2.232722751796245575e-02 4.531216807663440704e-03 6.328247021883726120e-03 1.187728717923164368e-03 1.277109142392873764e-02 7.765466347336769104e-03 3.397756954655051231e-03 1.190343406051397324e-02 5.922091659158468246e-03 1.952970866113901138e-03 2.799538336694240570e-02 5.533532705157995224e-03 4.400913137942552567e-03 1.032561436295509338e-02 2.908237976953387260e-03 7.879249169491231441e-04 1.713124918751418591e-03 5.109533667564392090e-03 2.283412264660000801e-03 9.648899547755718231e-03
4.299134761095046997e-02 5.028669163584709167e-02 1.712093874812126160e-02 1.649105548858642578e-02 3.191232215613126755e-03 6.950337439775466919e-02 8.319434523582458496e-01 2.226657792925834656e-02 6.974199786782264709e-04 8.468293235637247562e-04 4.250431805849075317e-02 4.381331056356430054e-02 4.069297015666961670e-02 3.680955618619918823e-02 1.212205272167921066e-02 8.064136840403079987e-03 7.906814105808734894e-03 4.775709938257932663e-03 1.216154638677835464e-02 1.831607148051261902e-02 2.592294663190841675e-02 3.414566442370414734e-02 2.059793658554553986e-02 2.331031672656536102e-02 2.117921970784664154e-02 2.099311724305152893e-02 2.497927471995353699e-02 3.278252854943275452e-02 1.857150159776210785e-02 3.180854767560958862e-02 1.726720295846462250e-02 2.217813208699226379e-02 1.509689446538686752e-02 2.142520248889923096e-02 1.283115986734628677e-02 2.001294866204261780e-02 2.086979895830154419e-02 9.133455343544483185e-03 1.461338996887207031e-02 1.257601659744977951e-02 6.438398733735084534e-03 7.409806828945875168e-03 7.553399074822664261e-03 1.526578515768051147e-02 2.995983511209487915e-02 1.233474584296345711e-03 3.130520880222320557e-02 4.073553532361984253e-02 1.552110724151134491e-02 8.145519532263278961e-03 1.182770356535911560e-02 1.680747047066688538e-02 6.769246421754360199e-03 2.803760813549160957e-03 4.825639189220964909e-04 5.119038396514952183e-04 1.314061507582664490e-02 2.427017688751220703e-02 1.211887924000620842e-03 6.118685007095336914e-03 1.644694618880748749e-02 1.324387639760971069e-02 8.093808777630329132e-03 7.970042526721954346e-03 1.040240190923213959e-02 2.070093527436256409e-02 1.856086030602455139e-02 2.224070765078067780e-02 2.107199095189571381e-02 5.412941332906484604e-03 9.902107529342174530e-03 1.507499604485929012e-03 1.995459897443652153e-03 1.398919522762298584e-02 3.435203572735190392e-03 1.613330841064453125e-02 3.069874830543994904e-03 4.208262253087013960e-04 1.208633184432983398e-02 1.374957431107759476e-02 2.687210775911808014e-02 2.023142762482166290e-02 4.202544689178466797e-03 5.894379690289497375e-03 5.420141853392124176e-03 1.717592962086200714e-02 2.992320619523525238e-02 2.842532284557819366e-02 3.304080665111541748e-02 1.259873807430267334e-02 2.911324612796306610e-03 2.963738888502120972e-02 1.391883753240108490e-02 1.516757626086473465e-02 2.057452686131000519e-02 3.261392936110496521e-02 2.152879349887371063e-02 1.010383199900388718e-02 5.647176876664161682e-03 4.323853179812431335e-03 3.369184583425521851e-02 2.751021459698677063e-02 8.088171016424894333e-04 3.033630549907684326e-03 9.224513545632362366e-03 1.055881287902593613e-02 3.091245144605636597e-02 3.225993365049362183e-03 1.223616488277912140e-02 1.534385234117507935e-02 1.033432036638259888e-02 1.065374817699193954e-02 1.304682157933712006e-02 2.371066017076373100e-03 2.475691260769963264e-03 7.538160309195518494e-03
2.124086953699588776e-02 1.607665605843067169e-02 4.829987511038780212e-02 5.705977790057659149e-03 5.269257817417383194e-03 1.222615037113428116e-02 2.226657792925834656e-02 8.319434523582458496e-01 4.512280225753784180e-03 9.747108444571495056e-03 2.907153032720088959e-02 1.120700873434543610e-02 2.054698951542377472e-02 3.063063137233257294e-03 5.680505186319351196e-02 6.484698504209518433e-03 1.381228771060705185e-02 1.461204607039690018e-02 1.086239889264106750e-02 1.578759029507637024e-02 1.339184585958719254e-02 3.163271397352218628e-02 2.164425700902938843e-02 1.787036657333374023e-02 1.422481425106525421e-02 5.290518980473279953e-03 1.833925023674964905e-02 2.279933914542198181e-02 1.360177528113126755e-03 8.944126311689615250e-04 5.478389561176300049e-03 1.319114211946725845e-02 1.709508826024830341e-03 1.236586645245552063e-02 1.935976208187639713e-03 2.636220492422580719e-02 2.797959744930267334e-02 3.852752223610877991e-02 2.285254187881946564e-03 9.199895896017551422e-03 3.299541026353836060e-02 1.419783569872379303e-02 7.606690749526023865e-03 3.418764844536781311e-02 1.253128517419099808e-02 5.271852482110261917e-03 1.133734546601772308e-02 1.671665906906127930e-02 1.628551259636878967e-02 1.231723930686712265e-02 1.698383316397666931e-02 2.454333566129207611e-02 2.893633022904396057e-02 4.239458590745925903e-03 8.587723597884178162e-03 7.567515596747398376e-03 8.811482228338718414e-03 8.991137146949768066e-03 2.233488857746124268e-02 1.164442487061023712e-02 8.268279954791069031e-03 1.813484355807304382e-02 1.375444512814283371e-02 9.388522244989871979e-03 1.346667669713497162e-02 1.386279985308647156e-02 1.717564463615417480e-02 1.236750278621912003e-02 1.631148159503936768e-02 2.547603473067283630e-02 2.353498712182044983e-02 1.217709947377443314e-02 3.828609362244606018e-03 1.002132892608642578e-02 1.954185543581843376e-03 1.047878246754407883e-02 2.359877340495586395e-03 1.489780144765973091e-03 1.105449255555868149e-02 1.736729964613914490e-02 4.111495241522789001e-02 4.913106933236122131e-02 1.839474588632583618e-02 1.040425058454275131e-02 1.440765708684921265e-02 1.662695221602916718e-02 4.570769146084785461e-02 3.741355612874031067e-02 2.216354943811893463e-02 2.602094225585460663e-02 2.603917382657527924e-03 3.676150739192962646e-02 6.449540611356496811e-03 2.567799016833305359e-02 7.670028135180473328e-03 1.109558250755071640e-02 6.159254815429449081e-03 1.100613828748464584e-02 1.137685589492321014e-02 4.368807189166545868e-03 4.897840786725282669e-03 2.844112925231456757e-03 2.018666453659534454e-02 2.611732482910156250e-02 1.910391822457313538e-02 3.314924426376819611e-03 1.415328215807676315e-02 1.333430409431457520e-02 6.447268649935722351e-03 4.912554286420345306e-03 2.592666819691658020e-02 3.091154620051383972e-02 1.559748593717813492e-02 2.871587686240673065e-02 3.553990647196769714e-02 2.882561832666397095e-02
1.964016072452068329e-02 1.729194447398185730e-02 9.932492859661579132e-03 3.585669770836830139e-02 4.246797878295183182e-03 1.858438178896903992e-02 6.974199786782264709e-04 4.512280225753784180e-03 8.319434523582458496e-01 2.919156663119792938e-02 9.695008397102355957e-03 1.554171275347471237e-02 2.033974975347518921e-02 1.504688058048486710e-02 5.577054340392351151e-03 3.278156742453575134e-02 2.318156138062477112e-02 4.400497674942016602e-02 1.121751405298709869e-02 1.501313317567110062e-02 1.496669370681047440e-02 6.088040536269545555e-04 1.751811616122722626e-02 2.118854410946369171e-02 1.211617141962051392e-02 1.991477608680725098e-02 1.121457573026418686e-02 2.204799966420978308e-04 4.622061736881732941e-03 8.876997977495193481e-03 4.359893209766596556e-04 3.677261760458350182e-03 2.363885054364800453e-03 1.807717233896255493e-02 2.298510260879993439e-02 7.094189058989286423e-03 5.402467679232358932e-03 1.487078331410884857e-02 2.084966562688350677e-02 1.419462612830102444e-03 1.576086622662842274e-03 2.091144956648349762e-02 3.096980601549148560e-02 1.878001354634761810e-02 1.158639788627624512e-02 1.080821920186281204e-02 9.099544025957584381e-03 7.648890372365713120e-03 1.779809966683387756e-02 1.518236822448670864e-03 7.196045946329832077e-03 8.911311160773038864e-04 2.349355723708868027e-03 4.896649625152349472e-03 5.049901455640792847e-02 1.814790070056915283e-02 2.852152101695537567e-02 1.460339291952550411e-03 1.986675709486007690e-02 5.915240850299596786e-03 2.590388804674148560e-02 1.140276435762643814e-02 1.734592486172914505e-03 2.229135856032371521e-02 1.502011087723076344e-03 1.166524365544319153e-02 1.700246706604957581e-02 1.876225695013999939e-02 4.511599242687225342e-02 1.845507510006427765e-02 7.306911051273345947e-03 2.825990132987499237e-02 1.823817845433950424e-03 9.259578771889209747e-03 3.880558302626013756e-03 3.459751978516578674e-02 7.827892154455184937e-02 1.979225501418113708e-02 5.879930034279823303e-02 3.246022760868072510e-02 5.745562259107828140e-03 1.001991610974073410e-02 5.238592624664306641e-02 2.470116317272186279e-02 8.748116670176386833e-04 1.416629273444414139e-02 2.656924480106681585e-04 1.489344984292984009e-02 1.423312537372112274e-02 5.942661315202713013e-03 5.604331963695585728e-04 4.580870154313743114e-04 2.635911572724580765e-03 5.584408063441514969e-03 2.251658029854297638e-02 1.981871575117111206e-02 3.580315737053751945e-03 4.526507481932640076e-02 9.549409151077270508e-03 2.281664311885833740e-02 7.175272796303033829e-03 4.800907336175441742e-03 1.046925596892833710e-02 1.531684491783380508e-02 5.126409698277711868e-03 3.745420137420296669e-03 3.432750701904296875e-03 2.826898172497749329e-02 1.106555107980966568e-02 1.862136530689895153e-03 1.212579314596951008e-03 4.105283413082361221e-03 6.125590298324823380e-03 1.352021377533674240e-02 7.527784910053014755e-03 1.086882874369621277e-02
2.042713947594165802e-02 1.367156859487295151e-02 1.411392353475093842e-03 5.837436392903327942e-02 2.957315929234027863e-02 9.963355027139186859e-03 8.468293235637247562e-04 9.747108444571495056e-03 2.919156663119792938e-02 8.319434523582458496e-01 1.785543747246265411e-02 3.314228961244225502e-03 1.570478267967700958e-02 1.768508739769458771e-02 2.187883481383323669e-03 3.806494176387786865e-02 5.938371270895004272e-02 2.898743562400341034e-02 3.888753801584243774e-02 1.131230685859918594e-02 5.365934222936630249e-03 7.359177106991410255e-05 2.613380923867225647e-02 5.718365311622619629e-02 7.277735974639654160e-03 9.005226194858551025e-03 6.375759840011596680e-03 2.069906098768115044e-03 3.655223874375224113e-03 2.958779688924551010e-03 1.212611328810453415e-03 1.112971175462007523e-02 1.740480028092861176e-02 3.013132372871041298e-03 2.931001968681812286e-02 5.360941402614116669e-03 6.344371009618043900e-03 7.505829911679029465e-03 1.044125296175479889e-02 1.693387702107429504e-02 1.043477095663547516e-02 1.249646954238414764e-02 9.327499428763985634e-04 1.734847575426101685e-02 6.819061003625392914e-03 1.468001306056976318e-02 2.774759382009506226e-02 2.957462146878242493e-02 1.185133773833513260e-02 2.345622517168521881e-02 1.070854626595973969e-02 2.241975255310535431e-02 1.902919635176658630e-02 2.055647410452365875e-02 2.140494761988520622e-03 8.300666697323322296e-03 1.327742263674736023e-02 1.307520270347595215e-02 1.322127296589314938e-03 9.858546778559684753e-03 1.132236141711473465e-02 6.618604995310306549e-03 3.523054718971252441e-02 3.903453424572944641e-02 2.066550217568874359e-02 2.338371425867080688e-02 7.779434788972139359e-03 2.144251047866418958e-04 7.583063095808029175e-03 2.998499386012554169e-02 3.356607258319854736e-02 3.359152935445308685e-03 3.908181097358465195e-04 1.394095644354820251e-02 2.148814871907234192e-02 5.582693032920360565e-03 3.912869724445044994e-04 6.714183092117309570e-02 2.136055938899517059e-02 5.700647085905075073e-02 7.884911261498928070e-03 6.002890411764383316e-03 1.956967823207378387e-02 5.336601659655570984e-02 1.538594346493482590e-02 2.701791748404502869e-02 1.123389322310686111e-02 1.823081867769360542e-03 9.467605501413345337e-03 1.183701585978269577e-02 2.727912180125713348e-02 1.584912999533116817e-03 2.290154434740543365e-02 2.955789212137460709e-03 9.240184910595417023e-03 4.126125480979681015e-03 1.522944122552871704e-02 5.086458288133144379e-03 1.808165013790130615e-02 2.224176004528999329e-02 8.124638348817825317e-03 8.792033419013023376e-03 1.273711491376161575e-02 3.583307377994060516e-03 4.529928788542747498e-03 8.718898519873619080e-03 9.817183017730712891e-03 1.616297662258148193e-02 5.209844559431076050e-03 5.210165865719318390e-03 7.346425205469131470e-03 1.995650352910161018e-03 1.983229257166385651e-02 9.022512473165988922e-03 1.016820594668388367e-02 7.124343886971473694e-03
5.236963555216789246e-02 3.761827945709228516e-02 9.912141598761081696e-03 2.414273621980100870e-04 1.966774091124534607e-02 3.879449889063835144e-02 4.250431805849075317e-02 2.907153032720088959e-02 9.695008397102355957e-03 1.785543747246265411e-02 8.319434523582458496e-01 1.991025544703006744e-02 4.723310843110084534e-02 1.814656518399715424e-02 2.349934913218021393e-02 2.198790200054645538e-03 7.793798577040433884e-03 6.524104159325361252e-03 1.608060486614704132e-02 1.697473786771297455e-02 2.751728147268295288e-02 2.163927443325519562e-02 1.133916340768337250e-02 7.746168877929449081e-03 1.822781190276145935e-02 2.080122940242290497e-02 7.230758666992187500e-03 1.585892401635646820e-02 2.006758376955986023e-02 1.190379261970520020e-02 2.052191644906997681e-02 2.231924049556255341e-02 2.620826475322246552e-02 1.850558072328567505e-02 2.498933672904968262e-02 3.326906636357307434e-02 3.087554313242435455e-02 9.991186670958995819e-03 2.528979210183024406e-03 1.632148772478103638e-02 4.381658527563558891e-06 8.106189779937267303e-03 1.369183138012886047e-02 4.117525182664394379e-03 3.168303053826093674e-03 1.094417832791805267e-02 3.474100679159164429e-02 3.230231255292892456e-02 1.089919265359640121e-02 4.801109898835420609e-03 2.771749626845121384e-03 3.593078115954995155e-03 2.844297885894775391e-02 2.664340846240520477e-02 7.635262329131364822e-03 9.664044715464115143e-03 1.498421654105186462e-02 1.443968340754508972e-02 3.088899701833724976e-02 3.668214753270149231e-02 2.599953208118677139e-03 3.037856658920645714e-03 2.243343181908130646e-02 1.654369570314884186e-02 4.593218117952346802e-02 3.063427098095417023e-02 1.792555488646030426e-02 1.975753717124462128e-02 1.455819141119718552e-02 4.003237932920455933e-03 1.977205462753772736e-02 1.937495311722159386e-03 8.815470500849187374e-04 3.058966994285583496e-02 9.763020090758800507e-03 6.362726446241140366e-03 9.870750829577445984e-03 2.357773669064044952e-02 1.304093375802040100e-02 1.456555072218179703e-02 2.355655469000339508e-02 2.424394339323043823e-02 1.110726222395896912e-02 2.421900443732738495e-02 5.985025316476821899e-03 1.150343567132949829e-02 4.323276132345199585e-02 4.029300063848495483e-02 1.007634215056896210e-02 3.888112027198076248e-03 1.140819489955902100e-02 3.752189129590988159e-02 9.843712672591209412e-03 1.832726411521434784e-02 2.490814030170440674e-02 1.587889529764652252e-02 2.704386226832866669e-02 8.403640240430831909e-04 5.805660504847764969e-03 1.675417297519743443e-03 2.344727143645286560e-02 1.460209582000970840e-02 1.137997373007237911e-03 9.097975562326610088e-04 1.958411373198032379e-02 2.286837436258792877e-02 2.982566319406032562e-02 8.747321553528308868e-03 1.640393771231174469e-02 1.000949740409851074e-02 7.827283814549446106e-03 1.500908937305212021e-02 9.617288596928119659e-03 5.116416141390800476e-03 3.083775285631418228e-03 2.427267841994762421e-03
2.161941304802894592e-02 2.760789543390274048e-02 6.662524770945310593e-03 2.971915295347571373e-03 9.659646078944206238e-03 4.864693060517311096e-02 4.381331056356430054e-02 1.120700873434543610e-02 1.554171275347471237e-02 3.314228961244225502e-03 1.991025544703006744e-02 8.319434523582458496e-01 2.087049372494220734e-02 7.208131998777389526e-02 1.164125185459852219e-02 2.186661913583520800e-05 4.613425582647323608e-03 2.197077684104442596e-02 3.682771325111389160e-02 8.877860964275896549e-04 2.399822464212775230e-03 1.833033375442028046e-02 2.706699445843696594e-02 2.173230983316898346e-02 8.804000914096832275e-03 1.639673486351966858e-02 1.104678492993116379e-02 5.566398426890373230e-02 3.675309568643569946e-02 5.081172659993171692e-02 3.172895312309265137e-02 3.946308512240648270e-03 1.518655195832252502e-02 2.731874119490385056e-03 1.096502877771854401e-02 2.269453927874565125e-02 1.837817393243312836e-02 1.326268538832664490e-02 4.745631013065576553e-03 1.123761385679244995e-02 7.202003616839647293e-03 2.795676235109567642e-03 1.664193347096443176e-02 9.421284310519695282e-03 2.876110374927520752e-02 1.268399879336357117e-02 9.250444360077381134e-03 1.604645140469074249e-02 5.324239376932382584e-03 1.767774857580661774e-02 3.861945122480392456e-03 4.303141031414270401e-03 8.144510909914970398e-03 4.353087395429611206e-03 6.759393494576215744e-03 2.178744971752166748e-02 7.241373881697654724e-03 6.869023200124502182e-03 1.458523981273174286e-02 3.353315172716975212e-03 2.799527347087860107e-02 3.982023894786834717e-02 9.925200603902339935e-03 2.220880426466464996e-02 5.390622187405824661e-03 8.954443037509918213e-03 1.238294062204658985e-03 1.551371766254305840e-03 2.870680764317512512e-02 1.661032810807228088e-02 3.119259141385555267e-02 1.180481817573308945e-02 2.041490189731121063e-02 9.685142897069454193e-03 1.560794096440076828e-02 4.922220832668244839e-04 5.772700533270835876e-03 4.506043158471584320e-03 1.219600089825689793e-03 2.686099335551261902e-02 8.824555203318595886e-03 2.753893146291375160e-03 7.789108436554670334e-03 1.408992987126111984e-02 4.705811850726604462e-03 9.951635729521512985e-04 2.277248911559581757e-02 2.330330386757850647e-02 3.402364253997802734e-02 8.336389437317848206e-03 2.283892221748828888e-02 1.935999467968940735e-02 9.363343007862567902e-03 1.051981281489133835e-02 2.137162350118160248e-02 2.393747866153717041e-02 1.049235928803682327e-03 5.470247124321758747e-04 1.693759113550186157e-03 1.211305335164070129e-02 2.023933455348014832e-02 7.387363817542791367e-03 4.233383107930421829e-03 8.229933679103851318e-03 6.050973199307918549e-03 3.245779080316424370e-03 1.637473702430725098e-02 1.903498917818069458e-02 3.719707019627094269e-03 3.234810009598731995e-02 2.265450358390808105e-02 1.936035789549350739e-02 7.029598578810691833e-03 1.527038961648941040e-02 2.588884159922599792e-02 7.811177521944046021e-03
4.784538969397544861e-02 5.751258879899978638e-02 7.505702786147594452e-03 1.553452224470674992e-03 2.188442461192607880e-02 4.075098037719726562e-02 4.069297015666961670e-02 2.054698951542377472e-02 2.033974975347518921e-02 1.570478267967700958e-02 4.723310843110084534e-02 2.087049372494220734e-02 8.319434523582458496e-01 9.934546425938606262e-03 2.499251067638397217e-02 1.500332076102495193e-02 2.056338265538215637e-02 8.935996331274509430e-03 2.215516008436679840e-02 2.072438783943653107e-02 2.936622872948646545e-02 3.460725396871566772e-02 1.514574047178030014e-02 7.772273384034633636e-03 1.692124269902706146e-02 2.617377042770385742e-02 2.813604474067687988e-02 2.751864679157733917e-02 5.142828915268182755e-03 2.667965926229953766e-02 3.148886142298579216e-03 1.740497164428234100e-02 2.115985378623008728e-02 2.416591905057430267e-02 2.625027485191822052e-02 2.625327743589878082e-02 2.874415554106235504e-02 2.100643701851367950e-02 2.304785326123237610e-02 2.402189373970031738e-02 5.482632666826248169e-03 9.297825396060943604e-03 1.733311265707015991e-02 3.151711076498031616e-03 7.562846411019563675e-03 1.104073692113161087e-02 3.635539487004280090e-02 3.924921527504920959e-02 1.017280668020248413e-02 1.096925605088472366e-02 1.695689186453819275e-02 1.642467826604843140e-02 1.809386909008026123e-02 2.814424410462379456e-02 8.459009113721549511e-04 1.132418774068355560e-02 3.890751162543892860e-03 1.112555433064699173e-02 2.040668856352567673e-03 1.802019588649272919e-02 4.423921927809715271e-03 9.411241626366972923e-04 1.401992514729499817e-02 1.301767118275165558e-02 2.124377153813838959e-02 3.497556969523429871e-02 2.298066392540931702e-02 2.954592369496822357e-02 3.348539397120475769e-02 1.583891175687313080e-02 1.688306406140327454e-02 7.180306129157543182e-03 1.618599332869052887e-02 2.977955155074596405e-03 1.495866943150758743e-02 6.111123133450746536e-03 2.184296585619449615e-02 1.275463681668043137e-02 2.343877777457237244e-02 3.326555341482162476e-02 1.918007247149944305e-02 2.277805656194686890e-02 1.584172993898391724e-02 2.356120944023132324e-02 9.303996339440345764e-03 1.413121446967124939e-02 3.316120803356170654e-02 4.694165289402008057e-02 1.919075287878513336e-02 1.088357996195554733e-02 1.081808377057313919e-02 3.456296026706695557e-02 2.266851067543029785e-02 3.090087324380874634e-02 1.452881284058094025e-02 1.380993612110614777e-02 1.099498593248426914e-03 1.858972245827317238e-03 9.752777405083179474e-03 1.314636226743459702e-02 2.677961066365242004e-02 2.489228360354900360e-02 1.729895919561386108e-02 6.071273703128099442e-03 1.306092925369739532e-02 2.139366231858730316e-02 2.715043537318706512e-02 1.234707655385136604e-03 1.234909333288669586e-02 5.634952336549758911e-03 1.767387427389621735e-02 1.185240782797336578e-02 1.128965988755226135e-02 7.117058150470256805e-03 2.905207918956875801e-03 3.967615775763988495e-03
