8.430494666099548340e-01 7.956056296825408936e-02 8.428599685430526733e-04 8.572679013013839722e-03 8.135851821862161160e-04 5.505425482988357544e-02 5.415476486086845398e-02 5.594884976744651794e-03 1.761279767379164696e-03 1.156604732386767864e-03 7.296005636453628540e-02 2.764662541449069977e-02 6.416955590248107910e-02 3.058018721640110016e-02 1.105234259739518166e-03 1.125707104802131653e-02 3.833897411823272705e-03 2.061011642217636108e-02 2.548438310623168945e-02 2.036255598068237305e-02 1.877448521554470062e-02 1.151728071272373199e-02 1.592177897691726685e-02 6.486630532890558243e-03 2.206353843212127686e-02 1.590887457132339478e-02 1.422530855052173138e-03 7.890332490205764771e-03 1.275866478681564331e-02 1.628654822707176208e-02 1.499832887202501297e-02 1.834486611187458038e-02 6.317422725260257721e-03 1.688027195632457733e-02 1.659349771216511726e-03 6.817686371505260468e-03 1.128399465233087540e-02 9.219348430633544922e-03 2.650378970429301262e-03 3.642663126811385155e-03 6.838453467935323715e-03 2.024553343653678894e-02 3.131423145532608032e-02 1.643983647227287292e-03 3.082544356584548950e-02 2.409448288381099701e-02 5.032467469573020935e-02 4.672180488705635071e-02 1.577663980424404144e-02 2.695970237255096436e-03 2.594978921115398407e-02 2.276827767491340637e-02 4.168698564171791077e-03 6.721667479723691940e-03 1.140372361987829208e-03 2.815406071022152901e-03 4.178261850029230118e-03 2.031672745943069458e-02 6.936593446880578995e-03 1.057318318635225296e-02 9.459441527724266052e-03 7.941979914903640747e-03 5.855882074683904648e-03 1.014325860887765884e-02 3.026167675852775574e-02 1.912290975451469421e-02 2.378950826823711395e-02 2.683008648455142975e-02 9.162464179098606110e-03 2.528809197247028351e-02 2.557568019255995750e-03 1.530964672565460205e-02 8.229221217334270477e-03 3.071895241737365723e-02 5.734671722166240215e-04 1.631671935319900513e-02 2.253785962238907814e-03 4.961412400007247925e-03 1.848600991070270538e-02 2.517262008041143417e-03 3.506809880491346121e-04 9.793794713914394379e-03 2.314664237201213837e-02 5.969709716737270355e-03 2.908550947904586792e-02 1.365661434829235077e-02 1.090678293257951736e-02 4.837236367166042328e-03 5.270578549243509769e-04 1.391169149428606033e-02 5.391164869070053101e-02 2.444943971931934357e-02 5.489129945635795593e-02 5.785306449979543686e-03 8.021109970286488533e-04 8.914013393223285675e-03 2.121328189969062805e-02 2.274419181048870087e-02 2.849952690303325653e-02 2.004452981054782867e-02 7.103117648512125015e-03 1.178855821490287781e-02 2.346587600186467171e-03 9.013973176479339600e-03 3.553728805854916573e-03 1.060861628502607346e-03 1.254485337994992733e-03 2.652858151122927666e-03 8.150907233357429504e-03 7.012746762484312057e-03 2.235864987596869469e-03 4.034406039863824844e-03 2.929388731718063354e-02 2.955088578164577484e-02 8.572763908887282014e-05 1.661141286604106426e-03
7.956056296825408936e-02 8.430494666099548340e-01 5.678006447851657867e-03 6.664766464382410049e-03 1.320833247154951096e-02 6.550965458154678345e-02 6.592285633087158203e-02 3.560270648449659348e-03 5.815640324726700783e-04 6.487573031336069107e-03 7.426548749208450317e-02 2.356374636292457581e-02 7.506627589464187622e-02 3.446396812796592712e-02 9.362440556287765503e-03 4.138622898608446121e-03 2.162200864404439926e-03 2.370451390743255615e-02 2.529664337635040283e-02 7.092207670211791992e-03 5.066007375717163086e-03 7.770994212478399277e-03 1.149462442845106125e-02 8.623934350907802582e-03 8.005636744201183319e-03 8.173184469342231750e-03 4.013634286820888519e-03 1.402064081048592925e-04 9.735738858580589294e-03 2.043075673282146454e-02 2.892221510410308838e-02 1.112729404121637344e-02 4.613051423802971840e-04 1.509059499949216843e-02 2.651283517479896545e-03 2.533432561904191971e-04 8.549477905035018921e-03 3.873239620588719845e-04 9.652657434344291687e-03 9.386961348354816437e-03 1.074993703514337540e-02 6.083360873162746429e-03 2.586014010012149811e-02 3.050924977287650108e-03 2.637491375207901001e-02 1.814862340688705444e-02 5.890575796365737915e-02 5.355347320437431335e-02 2.947655040770769119e-03 7.661789190024137497e-03 2.694308571517467499e-02 1.885442622005939484e-02 1.209584809839725494e-02 5.117466673254966736e-03 1.548917498439550400e-02 6.474902387708425522e-03 2.145431935787200928e-03 1.805994473397731781e-02 3.556198207661509514e-04 4.454994574189186096e-03 4.232835955917835236e-03 8.637116290628910065e-03 2.160175237804651260e-03 5.630249623209238052e-03 3.111403062939643860e-02 2.571097388863563538e-02 1.677225716412067413e-02 2.326988428831100464e-02 6.396464537829160690e-03 2.225913107395172119e-02 5.171434953808784485e-03 1.807259954512119293e-02 5.078591872006654739e-03 2.190589904785156250e-02 2.013027202337980270e-03 1.459300611168146133e-02 4.537187342066317797e-04 1.032531727105379105e-02 1.330442540347576141e-02 6.232908926904201508e-04 9.012188762426376343e-03 1.562505058245733380e-04 8.398625999689102173e-03 8.907197974622249603e-03 2.371302619576454163e-02 1.882808841764926910e-02 8.738782256841659546e-03 2.379509620368480682e-03 3.829124383628368378e-03 9.287586435675621033e-03 4.653086140751838684e-02 2.410564385354518890e-02 5.586957186460494995e-02 1.399384113028645515e-03 4.147940315306186676e-03 1.208668295294046402e-02 1.125953067094087601e-02 1.525923330336809158e-02 2.711679600179195404e-02 2.410800568759441376e-02 4.988582339137792587e-03 1.357291638851165771e-02 6.689275614917278290e-04 7.987123914062976837e-03 1.597061986103653908e-03 8.775987080298364162e-04 1.084763091057538986e-02 1.342376228421926498e-03 1.907633035443723202e-03 1.018833834677934647e-02 8.217006921768188477e-03 1.223799213767051697e-02 2.268342114984989166e-02 2.575276605784893036e-02 2.980647981166839600e-02 1.430651452392339706e-02
8.428599685430526733e-04 5.678006447851657867e-03 8.430494666099548340e-01 1.277509238570928574e-02 1.945087313652038574e-02 4.425290971994400024e-03 3.210804425179958344e-03 3.557142242789268494e-02 4.486026708036661148e-03 2.106668613851070404e-02 7.205985952168703079e-03 3.126944182440638542e-03 1.232961937785148621e-02 1.772347278892993927e-02 1.223004329949617386e-02 1.678742840886116028e-02 2.072926424443721771e-02 2.080439589917659760e-02 9.564138599671423435e-04 5.204204469919204712e-03 5.047512240707874298e-03 6.876422557979822159e-03 2.169935498386621475e-03 9.904156439006328583e-03 6.158629432320594788e-03 8.891181088984012604e-03 9.967057267203927040e-04 8.797169663012027740e-03 2.883698046207427979e-02 7.423207629472017288e-03 1.260850671678781509e-02 9.724885225296020508e-03 1.458244398236274719e-02 4.456916823983192444e-03 1.029406674206256866e-02 1.172336842864751816e-02 2.480475045740604401e-02 5.206491332501173019e-03 3.087690472602844238e-02 2.010538987815380096e-02 6.864674505777657032e-04 1.007828279398381710e-03 7.430674973875284195e-03 2.542719990015029907e-02 4.196006804704666138e-03 1.695084967650473118e-03 4.754624329507350922e-03 1.451975759118795395e-02 5.824060644954442978e-03 1.947264187037944794e-02 3.321611322462558746e-03 1.391824521124362946e-02 3.233599476516246796e-03 2.607934409752488136e-03 1.129358075559139252e-03 2.860857732594013214e-02 2.420492470264434814e-02 8.325750008225440979e-03 3.633206011727452278e-03 9.534911252558231354e-03 4.271361511200666428e-03 9.689128957688808441e-03 3.269809996709227562e-03 1.333808177150785923e-03 1.925489306449890137e-02 2.719956822693347931e-02 6.136107724159955978e-03 6.197474431246519089e-03 5.107923410832881927e-03 1.484217500546947122e-04 7.321502547711133957e-03 1.256917137652635574e-02 5.817104596644639969e-03 7.324393372982740402e-03 6.749447900801897049e-03 1.741836220026016235e-02 2.042798092588782310e-03 1.128251478075981140e-02 4.640052095055580139e-03 1.993959024548530579e-02 2.255194075405597687e-02 6.667539943009614944e-03 4.236121661961078644e-03 1.620483584702014923e-02 7.265262305736541748e-03 2.281612157821655273e-02 1.419312413781881332e-02 1.504013128578662872e-02 6.705051288008689880e-03 8.036578074097633362e-03 1.471288595348596573e-02 1.235850155353546143e-03 3.225437551736831665e-02 2.896811626851558685e-02 1.215871237218379974e-02 1.514718751423060894e-03 2.042373642325401306e-02 2.109165117144584656e-02 3.606088284868746996e-04 1.347686629742383957e-02 1.110470201820135117e-02 1.094168890267610550e-02 2.405802346765995026e-02 2.798470109701156616e-02 7.096714805811643600e-03 2.038511447608470917e-02 1.996207982301712036e-02 2.364743873476982117e-02 1.662040874361991882e-02 2.945710159838199615e-02 7.544808089733123779e-03 2.834854274988174438e-02 6.990668363869190216e-03 8.490001782774925232e-03 6.635122466832399368e-03 2.162963710725307465e-02
8.572679013013839722e-03 6.664766464382410049e-03 1.277509238570928574e-02 8.430494666099548340e-01 7.755133509635925293e-02 7.177385501563549042e-03 6.739947944879531860e-03 3.095683350693434477e-04 1.477675605565309525e-02 3.643758594989776611e-02 3.658714937046170235e-03 5.610788706690073013e-03 1.680070301517844200e-03 1.037743221968412399e-02 2.297578565776348114e-02 5.828091874718666077e-03 8.761886507272720337e-03 2.251926623284816742e-02 1.829339936375617981e-02 1.119319256395101547e-02 8.044806891120970249e-04 1.628248393535614014e-02 7.874328643083572388e-03 1.539708115160465240e-02 4.048197995871305466e-03 1.411431748420000076e-02 1.314620673656463623e-02 3.233298426494002342e-03 1.985519751906394958e-02 2.016220055520534515e-02 2.336332201957702637e-02 7.346202153712511063e-03 1.658475771546363831e-02 2.020178735256195068e-02 8.445570245385169983e-03 3.529724432155489922e-03 2.427387284114956856e-03 2.319088950753211975e-02 3.994472697377204895e-02 2.758169174194335938e-02 1.349580939859151840e-02 2.306514419615268707e-02 4.618183244019746780e-03 5.809319671243429184e-03 2.535415347665548325e-03 1.312632765620946884e-02 2.875680802389979362e-03 1.107623893767595291e-02 5.520296981558203697e-04 2.431999519467353821e-02 1.929449499584734440e-03 6.483850069344043732e-03 1.277703046798706055e-02 2.749139443039894104e-02 8.042879402637481689e-03 1.171287149190902710e-02 1.752404496073722839e-02 2.041673287749290466e-03 1.470082253217697144e-02 1.120634377002716064e-02 2.078585699200630188e-02 1.173703372478485107e-02 5.410641897469758987e-03 2.569204894825816154e-03 2.647537505254149437e-03 5.923593416810035706e-03 1.787198148667812347e-02 1.392414420843124390e-02 3.890048246830701828e-03 1.852743327617645264e-02 4.200029434286989272e-05 7.775923702865839005e-03 5.482303723692893982e-02 3.521649865433573723e-03 4.821007326245307922e-02 7.570196408778429031e-03 4.570357035845518112e-03 3.498904034495353699e-02 7.778187748044729233e-03 2.283306419849395752e-02 6.377447862178087234e-03 2.103231474757194519e-02 3.769180923700332642e-02 4.632653202861547470e-03 5.642636213451623917e-03 3.370542824268341064e-02 1.834423467516899109e-02 1.739219576120376587e-02 3.752199234440922737e-03 8.974154479801654816e-03 8.303698152303695679e-03 2.575607039034366608e-02 1.179546676576137543e-02 1.566221006214618683e-02 6.713745184242725372e-03 8.094432763755321503e-03 1.807392388582229614e-02 9.874620474874973297e-03 1.531711872667074203e-02 2.774836309254169464e-02 6.651710718870162964e-03 2.114039286971092224e-02 2.461115084588527679e-02 1.101717911660671234e-02 1.385102700442075729e-02 7.793465629220008850e-03 7.130834273993968964e-03 5.818094592541456223e-03 1.885362342000007629e-02 2.504136040806770325e-02 1.923329755663871765e-02 1.361939962953329086e-02 6.289966404438018799e-03 2.280894434079527855e-03 1.956704817712306976e-02 7.056389003992080688e-03
8.135851821862161160e-04 1.320833247154951096e-02 1.945087313652038574e-02 7.755133509635925293e-02 8.430494666099548340e-01 1.017803791910409927e-02 1.388968713581562042e-02 3.180461004376411438e-03 1.748545095324516296e-02 2.462634630501270294e-02 7.853429764509201050e-03 9.872634895145893097e-03 1.893000863492488861e-02 1.268358156085014343e-02 2.773063071072101593e-02 6.063829176127910614e-03 2.069630660116672516e-03 3.846576437354087830e-03 7.262231782078742981e-03 2.535222331061959267e-03 7.697764318436384201e-03 1.672663725912570953e-02 3.336279187351465225e-03 6.870723329484462738e-03 9.386789985001087189e-03 2.327931486070156097e-02 2.016796730458736420e-02 1.374332327395677567e-02 1.929694414138793945e-02 2.518654428422451019e-02 2.860858850181102753e-02 1.838973909616470337e-02 1.466579153202474117e-03 2.071540430188179016e-02 4.152108449488878250e-03 1.419038325548171997e-02 3.930865786969661713e-03 2.651682309806346893e-02 4.086765274405479431e-02 5.090851709246635437e-02 2.685787528753280640e-02 1.601650938391685486e-02 3.435149323195219040e-03 1.523272134363651276e-02 7.353918626904487610e-03 2.361578308045864105e-02 2.030768059194087982e-02 2.383227087557315826e-02 2.173129282891750336e-02 2.271608822047710419e-02 9.743398055434226990e-03 1.255345181562006474e-03 9.304474107921123505e-03 9.403328411281108856e-03 2.011576108634471893e-02 2.201323956251144409e-02 1.872250693850219250e-03 1.475680386647582054e-03 1.229752786457538605e-03 2.272793091833591461e-03 2.822946757078170776e-03 5.183117464184761047e-03 1.181184314191341400e-02 4.636141937226057053e-03 3.469356102868914604e-03 2.141935192048549652e-02 8.513608947396278381e-03 9.269035421311855316e-03 1.262849895283579826e-03 2.097045443952083588e-02 4.349308088421821594e-03 1.602792553603649139e-02 2.814037911593914032e-02 1.291580405086278915e-02 4.902623593807220459e-02 1.519953273236751556e-02 6.503860931843519211e-03 2.155965566635131836e-02 8.902454865165054798e-04 1.416830532252788544e-02 3.536203643307089806e-03 1.979415863752365112e-02 2.693032287061214447e-02 2.299505285918712616e-02 2.979090670123696327e-03 1.724118180572986603e-02 1.162860635668039322e-02 1.362606324255466461e-02 2.153526060283184052e-02 2.439028583467006683e-02 6.401681341230869293e-03 1.345867943018674850e-02 2.056513726711273193e-02 1.347299106419086456e-02 1.136372704058885574e-02 2.139100106433033943e-03 2.082774788141250610e-02 9.060523472726345062e-03 7.323089055716991425e-03 1.456779520958662033e-02 2.323673805221915245e-03 9.994723834097385406e-03 1.333939097821712494e-02 9.712870232760906219e-03 5.638578440994024277e-03 2.816753694787621498e-03 3.022944554686546326e-03 3.013480687513947487e-03 1.558913383632898331e-02 3.057514876127243042e-02 2.330026961863040924e-02 2.148306084563955665e-04 1.528410520404577255e-02 8.685534819960594177e-03 3.586960583925247192e-02 6.313831079751253128e-03
5.505425482988357544e-02 6.550965458154678345e-02 4.425290971994400024e-03 7.177385501563549042e-03 1.017803791910409927e-02 8.430494666099548340e-01 7.366587966680526733e-02 9.389433078467845917e-03 1.108029205352067947e-02 1.359481364488601685e-02 5.626692250370979309e-02 4.250110685825347900e-02 5.213073268532752991e-02 4.217575117945671082e-02 3.856311086565256119e-03 1.696952618658542633e-02 1.263324543833732605e-02 1.542410068213939667e-02 1.865882799029350281e-02 1.875470764935016632e-02 1.441777590662240982e-02 7.730524521321058273e-03 1.794342882931232452e-02 1.804338954389095306e-02 1.531356852501630783e-02 8.301730267703533173e-03 1.857586787082254887e-03 8.735448122024536133e-03 6.839607842266559601e-03 1.460982672870159149e-02 1.218507811427116394e-02 8.797012269496917725e-03 7.686489727348089218e-03 1.569473743438720703e-02 1.775293960236012936e-03 7.273081224411725998e-03 7.067960104905068874e-04 3.246022388339042664e-03 5.135083571076393127e-03 1.834036898799240589e-03 1.898062787950038910e-02 1.339820399880409241e-02 3.053192980587482452e-02 1.219138223677873611e-02 3.689008206129074097e-02 1.860441081225872040e-02 6.691519916057586670e-02 4.917340353131294250e-02 3.758146427571773529e-03 4.903149325400590897e-03 4.247277230024337769e-02 3.878593444824218750e-02 1.133322063833475113e-02 9.126932360231876373e-03 3.513089148327708244e-03 3.929773345589637756e-03 1.089076977223157883e-02 1.617747358977794647e-02 1.755281467922031879e-03 3.728499170392751694e-03 4.165530204772949219e-03 1.097992807626724243e-02 1.877025817520916462e-03 6.465918384492397308e-03 1.060422509908676147e-02 1.932433061301708221e-02 3.181596100330352783e-02 3.051630966365337372e-02 1.117355469614267349e-02 3.181269392371177673e-02 1.305644307285547256e-02 2.319766767323017120e-02 4.463833756744861603e-03 1.947545073926448822e-02 2.987366402521729469e-03 1.772936992347240448e-02 1.185495033860206604e-02 1.629070378839969635e-02 1.385800912976264954e-02 7.135679945349693298e-03 4.163303878158330917e-03 9.187969379127025604e-03 5.572955124080181122e-03 3.705639857798814774e-03 2.591476961970329285e-02 2.642336301505565643e-02 1.942890323698520660e-02 2.754305023699998856e-03 1.113831065595149994e-02 1.758903614245355129e-03 2.657943218946456909e-02 2.295896783471107483e-02 3.485864400863647461e-02 5.267673404887318611e-04 7.768167415633797646e-04 6.143926177173852921e-03 9.045269340276718140e-03 2.292235195636749268e-02 3.416447341442108154e-02 2.960631251335144043e-02 3.973249346017837524e-03 4.750579595565795898e-03 1.563577214255928993e-03 1.741447253152728081e-03 1.832497678697109222e-02 3.075381042435765266e-03 8.722187951207160950e-03 8.965140208601951599e-03 5.117861554026603699e-03 1.086069177836179733e-02 1.503937505185604095e-02 1.731081865727901459e-02 3.576209768652915955e-02 3.263640403747558594e-02 2.317336946725845337e-02 1.823344267904758453e-02
5.415476486086845398e-02 6.592285633087158203e-02 3.210804425179958344e-03 6.739947944879531860e-03 1.388968713581562042e-02 7.366587966680526733e-02 8.430494666099548340e-01 9.281316772103309631e-03 3.793868236243724823e-03 1.072559785097837448e-02 5.733509734272956848e-02 2.858714014291763306e-02 5.269118025898933411e-02 4.026848450303077698e-02 1.891658827662467957e-02 4.851754754781723022e-03 6.771385204046964645e-03 1.100237574428319931e-02 2.478384785354137421e-02 1.629356294870376587e-02 2.997187431901693344e-03 2.303419634699821472e-03 1.031799614429473877e-02 1.343920454382896423e-02 4.357416648417711258e-03 2.952231559902429581e-03 1.048907637596130371e-02 3.920309245586395264e-03 2.094245981425046921e-03 5.566533654928207397e-03 1.889220252633094788e-02 8.853078819811344147e-03 1.408369001001119614e-02 1.356822252273559570e-02 1.277781277894973755e-02 1.252776384353637695e-02 1.085101976059377193e-03 9.664970450103282928e-03 6.364132277667522430e-03 6.864326540380716324e-03 3.463387116789817810e-02 7.456395775079727173e-03 2.791053056716918945e-02 1.702076941728591919e-02 4.299238696694374084e-02 2.366028539836406708e-02 7.445663213729858398e-02 6.248475238680839539e-02 9.298521094024181366e-03 9.998347610235214233e-03 3.582308068871498108e-02 3.135551512241363525e-02 1.524965371936559677e-02 1.277009770274162292e-02 1.498973648995161057e-02 1.129099633544683456e-03 2.533479419071227312e-04 5.057223606854677200e-03 1.171925943344831467e-02 5.881073419004678726e-03 9.064401499927043915e-03 9.979470632970333099e-03 1.292636431753635406e-02 1.113695651292800903e-02 1.150266360491514206e-02 2.394821867346763611e-02 2.072995901107788086e-02 1.248137652873992920e-02 5.588137428276240826e-04 3.390859067440032959e-02 2.608183771371841431e-03 2.487513795495033264e-02 7.258885074406862259e-03 2.425364591181278229e-02 4.358937963843345642e-03 2.531498298048973083e-02 2.355853357585147023e-04 8.026777766644954681e-03 1.561801414936780930e-02 8.050739765167236328e-03 8.797151967883110046e-03 2.631404437124729156e-03 9.758258238434791565e-03 1.251287176273763180e-03 1.578524895012378693e-02 2.313165552914142609e-02 2.926450921222567558e-03 9.786998853087425232e-03 3.833261551335453987e-03 8.736543357372283936e-03 4.017138108611106873e-02 1.937733218073844910e-02 4.791493713855743408e-02 3.986582159996032715e-03 1.276460243389010429e-04 2.105972380377352238e-04 1.266694860532879829e-03 1.986292004585266113e-02 2.536615356802940369e-02 1.938114129006862640e-02 2.552961930632591248e-03 5.085377022624015808e-03 8.397269062697887421e-03 9.841084480285644531e-03 1.674187369644641876e-02 1.207501627504825592e-02 4.581492859870195389e-03 2.036788687109947205e-02 2.955820818897336721e-04 1.493481732904911041e-02 2.310778386890888214e-02 2.567090839147567749e-02 3.141864761710166931e-02 2.720340527594089508e-02 1.951050758361816406e-02 1.660576462745666504e-02
5.594884976744651794e-03 3.560270648449659348e-03 3.557142242789268494e-02 3.095683350693434477e-04 3.180461004376411438e-03 9.389433078467845917e-03 9.281316772103309631e-03 8.430494666099548340e-01 1.399613451212644577e-03 9.512078016996383667e-03 1.569752767682075500e-02 6.647933274507522583e-03 2.244768291711807251e-02 5.602226592600345612e-04 3.878382220864295959e-02 1.577217318117618561e-02 1.304007135331630707e-02 5.196789279580116272e-03 6.517519708722829819e-03 6.596031598746776581e-03 2.201699884608387947e-03 1.150294300168752670e-02 1.793520338833332062e-02 4.696404095739126205e-03 1.170171145349740982e-02 1.725822454318404198e-03 1.043664640747010708e-03 9.929008781909942627e-03 6.394178606569766998e-03 2.170864026993513107e-03 5.411186255514621735e-03 1.024594064801931381e-02 1.080224756151437759e-02 7.410302758216857910e-03 1.689580082893371582e-02 1.948850415647029877e-02 2.140072546899318695e-02 1.358646317385137081e-03 1.712238974869251251e-02 9.922241792082786560e-03 5.765039473772048950e-03 7.420025765895843506e-03 7.270670495927333832e-03 1.449057087302207947e-02 5.446222145110368729e-03 4.462155047804117203e-03 1.801548711955547333e-02 2.407808415591716766e-02 1.520288828760385513e-02 2.022868720814585686e-03 1.883716322481632233e-02 1.266617421060800552e-02 2.223339676856994629e-02 1.330370455980300903e-02 1.290928013622760773e-02 2.257182030007243156e-03 2.392563596367835999e-02 7.725523319095373154e-03 1.812052540481090546e-02 1.176485046744346619e-02 5.327777937054634094e-03 1.315379049628973007e-02 1.396277360618114471e-02 1.759706437587738037e-02 2.225461229681968689e-02 1.244438905268907547e-02 8.641730062663555145e-03 5.375720094889402390e-03 1.534429565072059631e-02 4.824789706617593765e-03 1.001014560461044312e-02 8.496709167957305908e-03 1.396626757923513651e-04 9.696125052869319916e-03 1.151038799434900284e-02 5.367348436266183853e-03 1.321915537118911743e-02 4.243867006152868271e-03 1.549177709966897964e-02 1.058768387883901596e-02 2.695010229945182800e-02 7.520985323935747147e-03 1.209035329520702362e-02 1.324556395411491394e-02 1.596329733729362488e-02 1.851530000567436218e-02 3.813135251402854919e-02 2.837352640926837921e-02 2.506547607481479645e-02 2.977577969431877136e-03 1.692807418294250965e-03 2.255248278379440308e-02 7.948104292154312134e-03 1.555234659463167191e-02 1.356424856930971146e-02 1.647003740072250366e-02 8.165975101292133331e-03 1.530881505459547043e-03 1.256384071893990040e-03 1.037506503053009510e-03 9.942439384758472443e-03 7.885221391916275024e-03 2.767949551343917847e-02 1.133917481638491154e-03 2.650140319019556046e-03 8.675774559378623962e-03 3.708207979798316956e-03 2.267837338149547577e-02 2.019953913986682892e-02 2.408429048955440521e-02 1.077686343342065811e-02 7.916028611361980438e-03 8.067541057243943214e-04 1.279222196899354458e-03 1.948649063706398010e-02 2.493296191096305847e-02
1.761279767379164696e-03 5.815640324726700783e-04 4.486026708036661148e-03 1.477675605565309525e-02 1.748545095324516296e-02 1.108029205352067947e-02 3.793868236243724823e-03 1.399613451212644577e-03 8.430494666099548340e-01 5.039094015955924988e-02 8.733329363167285919e-03 3.221889957785606384e-02 3.214746713638305664e-03 2.887350879609584808e-02 3.588596824556589127e-03 3.101580776274204254e-02 3.811262547969818115e-02 2.253415063023567200e-02 6.988276727497577667e-03 9.503518958808854222e-05 4.591841716319322586e-04 3.542343620210886002e-03 3.781050071120262146e-02 5.007058009505271912e-02 7.284556049853563309e-03 1.599989831447601318e-02 6.656109355390071869e-03 1.216252986341714859e-02 5.768233910202980042e-03 7.080955896526575089e-03 9.970154613256454468e-03 1.524411421269178391e-02 1.422008790541440248e-04 1.603776030242443085e-02 6.801052019000053406e-03 7.159276865422725677e-03 9.769718162715435028e-04 1.361907552927732468e-02 7.753356359899044037e-03 1.349857263267040253e-02 1.106699462980031967e-02 2.514198422431945801e-02 1.818296685814857483e-02 3.857620293274521828e-03 3.470963239669799805e-02 8.029663935303688049e-03 4.014496691524982452e-03 8.303999900817871094e-03 2.098987996578216553e-02 2.561714313924312592e-02 2.062236145138740540e-02 2.676981501281261444e-02 5.039286334067583084e-03 1.035228371620178223e-03 3.335575759410858154e-02 3.076891601085662842e-02 1.371531933546066284e-02 1.248867157846689224e-02 5.080647300928831100e-03 9.255996905267238617e-03 1.439833920449018478e-02 8.901746012270450592e-03 1.510071009397506714e-02 4.483459983021020889e-03 7.717359345406293869e-03 4.239414352923631668e-03 1.175836846232414246e-02 6.275262217968702316e-03 4.503013938665390015e-02 4.905255045741796494e-03 3.505120798945426941e-02 7.435538806021213531e-03 1.074842549860477448e-02 7.369959261268377304e-03 3.728327108547091484e-03 1.520205195993185043e-02 5.759987235069274902e-02 6.023296341300010681e-02 5.846240743994712830e-02 2.722504548728466034e-02 5.205362569540739059e-03 6.608293857425451279e-03 3.057810105383396149e-02 1.574784889817237854e-02 1.923414133489131927e-02 1.992630586028099060e-02 1.139116380363702774e-02 1.882837037555873394e-03 3.996910527348518372e-02 1.970881037414073944e-02 6.921884138137102127e-03 4.429488908499479294e-03 6.762983393855392933e-04 8.240330033004283905e-03 1.997512206435203552e-02 1.982638798654079437e-02 4.551088437438011169e-03 8.880194276571273804e-03 2.295685373246669769e-02 3.248238936066627502e-02 2.715212106704711914e-02 3.397417021915316582e-03 2.785234479233622551e-03 1.619217358529567719e-02 1.020515896379947662e-02 9.343625279143452644e-04 2.623751945793628693e-02 2.087117871269583702e-03 4.374434705823659897e-03 6.727293599396944046e-03 5.253993906080722809e-03 2.463126089423894882e-03 2.252397127449512482e-02 1.835746690630912781e-02 1.140908524394035339e-02 1.748099736869335175e-02
1.156604732386767864e-03 6.487573031336069107e-03 2.106668613851070404e-02 3.643758594989776611e-02 2.462634630501270294e-02 1.359481364488601685e-02 1.072559785097837448e-02 9.512078016996383667e-03 5.039094015955924988e-02 8.430494666099548340e-01 6.897081620991230011e-03 7.621657568961381912e-04 1.223000115714967251e-03 2.675898186862468719e-02 1.088701374828815460e-02 2.294496446847915649e-02 3.898851945996284485e-02 9.445701725780963898e-03 2.104078046977519989e-02 3.116520587354898453e-03 4.063790664076805115e-03 1.075472589582204819e-02 1.435565575957298279e-02 4.819868877530097961e-02 1.953202765434980392e-03 6.697378121316432953e-03 7.867909036576747894e-03 7.891441695392131805e-03 4.312659613788127899e-03 2.116850577294826508e-03 8.673942647874355316e-04 8.445216342806816101e-03 1.477011851966381073e-02 2.447942271828651428e-02 1.017393078655004501e-02 1.495072059333324432e-02 4.180716816335916519e-03 1.158505771309137344e-02 1.801572367548942566e-02 5.583962891250848770e-03 5.285636987537145615e-03 1.192463934421539307e-02 3.112129680812358856e-02 1.023781485855579376e-02 2.413070201873779297e-02 2.928043529391288757e-02 1.666574738919734955e-02 8.742386475205421448e-03 2.778162946924567223e-03 5.983108654618263245e-02 2.253647707402706146e-02 2.735411934554576874e-02 7.654634770005941391e-03 8.616696111857891083e-03 7.641823031008243561e-03 5.977490171790122986e-02 1.142519433051347733e-02 1.414948236197233200e-02 2.118926495313644409e-02 3.683448536321520805e-03 3.267635765951126814e-04 2.848481573164463043e-02 1.828710897825658321e-03 2.330058021470904350e-03 1.732802018523216248e-02 9.641552343964576721e-03 4.670042078942060471e-03 2.873108955100178719e-03 2.796526439487934113e-02 4.848762881010770798e-03 4.245659336447715759e-02 1.114596705883741379e-02 9.875648654997348785e-03 5.077858455479145050e-03 2.631126204505562782e-03 1.488626375794410706e-02 2.098925970494747162e-02 7.195659726858139038e-02 2.900503762066364288e-02 6.494362652301788330e-02 4.943078849464654922e-03 1.867066696286201477e-02 3.118243766948580742e-03 1.360440161079168320e-02 5.357221816666424274e-04 3.671057149767875671e-02 2.901378553360700607e-03 1.359655987471342087e-02 8.764067664742469788e-03 3.043453954160213470e-02 1.893839426338672638e-02 2.221051603555679321e-03 8.477042429149150848e-03 1.561545487493276596e-02 2.303936332464218140e-02 1.912555843591690063e-02 4.400592762976884842e-03 2.058822289109230042e-02 2.901663631200790405e-02 4.236971214413642883e-02 2.867915853857994080e-02 1.661758124828338623e-02 2.935998607426881790e-03 7.925632409751415253e-03 5.664779338985681534e-03 5.013495218008756638e-03 1.748094893991947174e-02 1.863186992704868317e-02 1.383055746555328369e-02 1.065000426024198532e-02 2.884167712181806564e-03 1.969796419143676758e-02 1.004800945520401001e-02 1.129990629851818085e-02 1.369363535195589066e-02 2.266467362642288208e-02
7.296005636453628540e-02 7.426548749208450317e-02 7.205985952168703079e-03 3.658714937046170235e-03 7.853429764509201050e-03 5.626692250370979309e-02 5.733509734272956848e-02 1.569752767682075500e-02 8.733329363167285919e-03 6.897081620991230011e-03 8.430494666099548340e-01 1.851603575050830841e-02 7.619258761405944824e-02 2.192647010087966919e-02 1.684158854186534882e-02 1.232404820621013641e-02 8.594586513936519623e-03 8.255104534327983856e-03 2.766626141965389252e-02 1.666522934101521969e-03 2.440779702737927437e-03 3.182102367281913757e-02 9.123836643993854523e-03 7.821379229426383972e-03 8.737078867852687836e-03 1.670822966843843460e-03 1.441578753292560577e-02 3.534114453941583633e-03 1.850274391472339630e-02 5.576754454523324966e-03 3.183015435934066772e-02 1.525535713881254196e-02 3.991918638348579407e-03 1.783382892608642578e-02 6.789781618863344193e-04 1.328682992607355118e-03 1.066261203959584236e-03 1.493790931999683380e-02 5.958814173936843872e-03 7.787348702549934387e-03 6.289130542427301407e-03 1.540151890367269516e-02 2.325010113418102264e-02 8.846875280141830444e-03 3.490451350808143616e-02 1.596547663211822510e-02 5.860164389014244080e-02 4.427346587181091309e-02 1.845431106630712748e-04 8.782967925071716309e-03 2.488283440470695496e-02 2.547448687255382538e-02 2.501445589587092400e-03 8.220140822231769562e-03 1.074597891420125961e-02 7.204148452728986740e-03 3.063119482249021530e-03 1.428120024502277374e-02 1.433501299470663071e-02 1.738721132278442383e-02 2.210950711742043495e-03 2.653410425409674644e-03 6.722383666783571243e-03 1.703076704870909452e-04 4.490367695689201355e-02 3.905665501952171326e-02 1.866988465189933777e-02 1.711210049688816071e-02 6.918465718626976013e-03 9.919323027133941650e-03 4.473505541682243347e-03 3.022270742803812027e-03 3.720289387274533510e-04 1.397905778139829636e-02 6.921552703715860844e-04 2.300516236573457718e-03 5.757386330515146255e-03 1.258504763245582581e-02 1.468856912106275558e-02 7.015451323240995407e-03 5.991388577967882156e-03 1.331488508731126785e-02 6.195175461471080780e-03 1.090924721211194992e-02 3.195516765117645264e-02 2.322115190327167511e-02 2.525307983160018921e-02 1.564289256930351257e-02 7.167528965510427952e-04 2.221843414008617401e-02 4.737509787082672119e-02 4.775572195649147034e-02 4.847184196114540100e-02 2.610040269792079926e-02 6.029458716511726379e-03 8.678624406456947327e-03 2.891218056902289391e-03 9.961282834410667419e-03 2.792753092944622040e-02 2.348178438842296600e-02 5.560204386711120605e-03 3.197897691279649734e-03 2.417049603536725044e-03 8.172422647476196289e-03 1.664855750277638435e-03 1.470838673412799835e-03 7.118688430637121201e-03 7.652610540390014648e-03 2.150965388864278793e-03 5.108707118779420853e-03 1.666329242289066315e-02 6.757241673767566681e-03 2.990771457552909851e-02 2.588715404272079468e-02 1.434890925884246826e-02 1.080909278243780136e-02
2.764662541449069977e-02 2.356374636292457581e-02 3.126944182440638542e-03 5.610788706690073013e-03 9.872634895145893097e-03 4.250110685825347900e-02 2.858714014291763306e-02 6.647933274507522583e-03 3.221889957785606384e-02 7.621657568961381912e-04 1.851603575050830841e-02 8.430494666099548340e-01 9.897205978631973267e-03 5.398479476571083069e-02 6.029631942510604858e-03 2.454934827983379364e-02 1.628498174250125885e-02 6.296722684055566788e-03 1.539804786443710327e-02 2.484884113073348999e-02 2.897848375141620636e-02 6.328465882688760757e-03 4.019524157047271729e-02 1.940072886645793915e-02 2.812676131725311279e-02 3.197831287980079651e-02 5.581289529800415039e-03 5.194648727774620056e-02 5.877442192286252975e-03 3.930544480681419373e-02 1.025341823697090149e-02 2.056387998163700104e-02 1.408805511891841888e-02 1.562427449971437454e-02 1.782671920955181122e-02 2.207404375076293945e-02 1.729056239128112793e-02 1.618927158415317535e-02 5.131053272634744644e-03 5.436904262751340866e-03 1.755938632413744926e-03 2.448231540620326996e-02 1.690044626593589783e-02 1.726797083392739296e-03 3.810324147343635559e-02 1.017947564832866192e-03 2.116711623966693878e-02 1.348481327295303345e-02 1.696316339075565338e-02 6.001756526529788971e-03 2.714298665523529053e-02 3.017466701567173004e-02 6.749381776899099350e-03 5.229883361607789993e-03 2.868023328483104706e-02 4.030475858598947525e-03 2.810456790030002594e-02 3.020273707807064056e-02 1.488207094371318817e-02 8.745435625314712524e-03 1.982541196048259735e-02 2.008182555437088013e-02 1.853143051266670227e-02 1.294840034097433090e-02 9.524127468466758728e-03 4.714517854154109955e-03 3.486034646630287170e-02 3.343278542160987854e-02 2.242319099605083466e-02 2.722029946744441986e-02 1.650567352771759033e-02 7.183818146586418152e-03 2.371309883892536163e-02 1.874882914125919342e-02 1.013661175966262817e-02 6.474549416452646255e-03 3.559979423880577087e-02 1.188960392028093338e-02 3.237874060869216919e-02 9.071357548236846924e-03 8.935364894568920135e-03 2.716930955648422241e-02 2.361674327403306961e-03 2.361965924501419067e-02 2.734085358679294586e-02 1.301890355534851551e-03 1.784730702638626099e-02 2.540819533169269562e-02 4.161300137639045715e-02 1.504046656191349030e-02 1.316307485103607178e-02 9.179353713989257812e-03 1.862639747560024261e-02 1.294797100126743317e-02 1.450987532734870911e-02 1.221508812159299850e-02 9.952282533049583435e-03 4.219045396894216537e-03 2.223238162696361542e-02 1.420924533158540726e-02 1.477810647338628769e-02 1.308946590870618820e-02 1.395198400132358074e-03 1.258155680261552334e-03 1.372634724248200655e-04 1.186829805374145508e-02 2.031449414789676666e-02 9.438244625926017761e-03 1.174340955913066864e-02 1.214067265391349792e-02 8.085672743618488312e-04 2.100599464029073715e-03 3.124236501753330231e-02 2.462676540017127991e-02 2.370741451159119606e-03 9.255937300622463226e-03
6.416955590248107910e-02 7.506627589464187622e-02 1.232961937785148621e-02 1.680070301517844200e-03 1.893000863492488861e-02 5.213073268532752991e-02 5.269118025898933411e-02 2.244768291711807251e-02 3.214746713638305664e-03 1.223000115714967251e-03 7.619258761405944824e-02 9.897205978631973267e-03 8.430494666099548340e-01 1.771569065749645233e-02 2.565554529428482056e-02 1.977938693016767502e-03 3.347954247146844864e-03 2.532229945063591003e-02 3.062733076512813568e-02 2.642822684720158577e-03 4.759604576975107193e-03 3.729550912976264954e-02 3.249047556892037392e-03 5.702457856386899948e-03 5.009130574762821198e-03 2.960213460028171539e-03 1.993996463716030121e-02 6.097600562497973442e-04 1.797913573682308197e-02 8.950476534664630890e-03 5.151722952723503113e-02 5.753976758569478989e-03 2.134111011400818825e-03 9.747280739247798920e-03 2.181182149797677994e-03 1.181501080282032490e-03 8.423289284110069275e-03 7.337235845625400543e-03 5.694952793419361115e-03 5.128975491970777512e-03 1.342277508229017258e-02 5.374463740736246109e-03 2.507301419973373413e-02 6.781131494790315628e-03 1.788937859237194061e-02 6.786285433918237686e-03 5.485897883772850037e-02 4.424428939819335938e-02 5.695790750905871391e-04 1.177532318979501724e-02 2.574096620082855225e-02 2.074317261576652527e-02 9.289525449275970459e-03 3.317555645480751991e-03 1.525428798049688339e-02 1.626268401741981506e-02 7.094021420925855637e-03 1.861374452710151672e-02 1.441813539713621140e-02 1.046711672097444534e-02 1.092027314007282257e-02 3.047044156119227409e-04 7.548523135483264923e-03 1.542392070405185223e-03 4.271939024329185486e-02 4.722119122743606567e-02 1.565209589898586273e-02 1.875728368759155273e-02 4.607220645993947983e-03 6.430196110159158707e-03 5.079546011984348297e-03 3.500569611787796021e-03 1.145123690366744995e-02 4.406607244163751602e-03 9.908324573189020157e-04 2.371268579736351967e-03 7.416347973048686981e-03 3.218832192942500114e-03 1.089340075850486755e-03 2.188853546977043152e-02 1.465223147533833981e-03 3.906564787030220032e-03 2.444609627127647400e-02 8.505019359290599823e-03 2.228739671409130096e-02 2.173152565956115723e-02 2.899900078773498535e-02 1.590541750192642212e-02 6.649276707321405411e-03 2.632774785161018372e-02 3.937438875436782837e-02 4.274322092533111572e-02 4.977456852793693542e-02 2.225617133080959320e-02 5.025450140237808228e-03 1.349472533911466599e-02 1.767589594237506390e-03 8.152719587087631226e-03 2.247346565127372742e-02 2.148819901049137115e-02 4.119263030588626862e-03 5.192027427256107330e-03 3.858833340927958488e-03 7.260294165462255478e-03 3.650506958365440369e-03 2.275944920256733894e-03 4.544136580079793930e-03 8.300513029098510742e-03 2.226163400337100029e-03 1.627586968243122101e-02 1.663781516253948212e-02 1.134603098034858704e-02 2.300428971648216248e-02 2.781169861555099487e-02 1.834720559418201447e-02 2.258552610874176025e-02
