8.451561331748962402e-01 7.282286137342453003e-02 2.097614575177431107e-03 1.871194131672382355e-02 2.574707567691802979e-02 4.143049940466880798e-02 3.199565410614013672e-02 1.884802430868148804e-02 8.583472110331058502e-03 2.525907257222570479e-05 7.228296995162963867e-02 1.170752663165330887e-02 3.706170246005058289e-02 4.350545816123485565e-03 1.306161470711231232e-02 2.617161907255649567e-02 2.782545238733291626e-02 2.336234087124466896e-03 3.571422537788748741e-03 1.480503007769584656e-02 1.610621437430381775e-02 1.574080251157283783e-02 2.471724897623062134e-02 1.495130732655525208e-02 2.104075625538825989e-02 1.152290683239698410e-02 5.514262011274695396e-04 3.735750215128064156e-03 5.948078352957963943e-03 1.373675465583801270e-02 8.104603737592697144e-03 2.803832292556762695e-02 9.648917242884635925e-03 8.302344940602779388e-03 6.063033360987901688e-03 1.736378762871026993e-03 7.757390383630990982e-03 6.503335665911436081e-03 3.067109547555446625e-02 2.907811477780342102e-02 7.993525825440883636e-03 2.697783056646585464e-03 2.234560204669833183e-03 9.011764079332351685e-03 5.575090646743774414e-03 1.185269933193922043e-02 1.908676326274871826e-02 5.110017955303192139e-03 1.625122129917144775e-02 6.611286662518978119e-03 1.166511513292789459e-02 5.970279686152935028e-03 6.395874079316854477e-03 1.872852258384227753e-02 2.649786183610558510e-03 1.617354137124493718e-04 4.594281315803527832e-03 3.281537909060716629e-03 7.762266322970390320e-03 3.743782173842191696e-03 1.876033842563629150e-02 3.724706592038273811e-03 1.421906985342502594e-02 5.738971289247274399e-03 1.090097334235906601e-02 1.098167896270751953e-02 1.419759262353181839e-02 1.159703452140092850e-02 1.338734477758407593e-02 4.094517324119806290e-03 4.391429945826530457e-03 1.601731218397617340e-02 2.302592992782592773e-02 1.502599008381366730e-02 2.418525516986846924e-02 1.221866626292467117e-02 6.521161179989576340e-03 2.250056277262046933e-04 8.364706300199031830e-03 1.390834618359804153e-02 1.579899922944605350e-03 6.425166968256235123e-03 1.471666432917118073e-02 8.752146735787391663e-03 1.963664591312408447e-02 1.333039253950119019e-03 1.030986569821834564e-02 2.440163306891918182e-02 1.743185217492282391e-03 1.249378733336925507e-02 4.071068949997425079e-03 6.346130277961492538e-03 1.130659482441842556e-03 6.281324313022196293e-04 3.623890876770019531e-02 2.465428039431571960e-02 3.651815699413418770e-03 8.782069198787212372e-03 1.637456193566322327e-02 2.814101427793502808e-02 2.039928361773490906e-02 1.455062883906066418e-03 5.299612414091825485e-03 2.118307398632168770e-03 6.823489442467689514e-03 2.824754640460014343e-02 8.882015390554443002e-05 2.935573458671569824e-02 1.428930740803480148e-02 4.155923612415790558e-03 1.039803866297006607e-02 2.255566185340285301e-03 1.362454332411289215e-02 8.480477146804332733e-03 2.585740759968757629e-02 0.000000000000000000e+00
7.282286137342453003e-02 8.451561331748962402e-01 2.639136509969830513e-03 3.610358759760856628e-02 3.374314680695533752e-02 3.307332471013069153e-02 5.424997955560684204e-02 2.169276401400566101e-02 7.032022345811128616e-03 4.889334551990032196e-03 3.544860705733299255e-02 1.566126942634582520e-02 4.009344428777694702e-02 9.179486078210175037e-04 9.358977898955345154e-03 2.505341917276382446e-02 3.025248087942600250e-02 2.091756649315357208e-02 3.013259917497634888e-02 1.709712669253349304e-02 1.986561343073844910e-02 7.412802428007125854e-03 1.952683739364147186e-02 1.745371706783771515e-02 2.570370770990848541e-02 1.823906600475311279e-02 2.101525897160172462e-03 2.078689401969313622e-03 4.560959525406360626e-03 3.581568365916609764e-03 4.873255733400583267e-03 2.601440437138080597e-02 9.080446325242519379e-03 1.305556204169988632e-02 8.265281096100807190e-03 8.155260235071182251e-03 5.818961653858423233e-03 1.700366847217082977e-02 3.861127048730850220e-02 3.100465610623359680e-02 2.108643017709255219e-02 8.505241014063358307e-03 2.397469710558652878e-03 4.030757700093090534e-04 4.464012105017900467e-03 8.008958771824836731e-03 1.081406697630882263e-02 1.500156242400407791e-02 1.757195219397544861e-02 9.004011750221252441e-03 1.162740308791399002e-02 6.017300765961408615e-03 1.162685360759496689e-02 2.817078493535518646e-02 1.184196863323450089e-02 2.153578959405422211e-02 8.677414618432521820e-03 1.257684361189603806e-02 1.606632955372333527e-02 5.921282805502414703e-03 2.823602780699729919e-02 1.010259706526994705e-02 1.888197287917137146e-02 9.433883824385702610e-04 1.951679587364196777e-03 7.822102867066860199e-03 1.781760156154632568e-02 1.695332862436771393e-02 1.954461634159088135e-02 3.873852256219834089e-04 1.228409726172685623e-02 1.187165826559066772e-02 2.646053768694400787e-02 1.334508787840604782e-02 3.120752610266208649e-02 2.665951149538159370e-03 1.044579621520824730e-04 4.259206820279359818e-03 1.418194267898797989e-02 1.268335059285163879e-02 2.445455407723784447e-03 3.120418172329664230e-03 2.081851102411746979e-02 1.142130792140960693e-02 1.904347725212574005e-02 2.131520304828882217e-03 5.424649920314550400e-03 1.678842492401599884e-02 1.943475035659503192e-05 3.606713376939296722e-03 1.300497795455157757e-03 5.064141936600208282e-03 1.590115367434918880e-03 1.189566100947558880e-03 2.835049666464328766e-02 2.341448888182640076e-02 5.279559176415205002e-03 1.305933669209480286e-02 1.304755359888076782e-02 2.917185984551906586e-02 1.939509250223636627e-02 8.481068653054535389e-04 7.170789409428834915e-03 1.122181856771931052e-04 1.721426285803318024e-02 2.658014744520187378e-02 3.391206031665205956e-03 2.562570199370384216e-02 5.978976376354694366e-03 7.090962491929531097e-03 1.571024395525455475e-02 8.829377591609954834e-03 2.517569065093994141e-02 1.164800487458705902e-02 8.339512161910533905e-03 0.000000000000000000e+00
2.097614575177431107e-03 2.639136509969830513e-03 8.451561331748962402e-01 5.719732027500867844e-03 2.942582825198769569e-03 6.912917597219347954e-04 1.769254542887210846e-02 5.543764680624008179e-02 3.959937021136283875e-03 3.996049053966999054e-03 2.599937655031681061e-02 4.812188912183046341e-03 4.018750041723251343e-02 2.974244067445397377e-03 4.664822667837142944e-02 2.741742064245045185e-04 3.354717977344989777e-03 1.024720222631003708e-05 3.704277914948761463e-04 1.757968775928020477e-02 1.273800805211067200e-02 3.077202849090099335e-02 9.389307349920272827e-03 1.102415937930345535e-02 2.374088391661643982e-02 1.191018708050251007e-02 3.949197009205818176e-02 6.306982133537530899e-03 1.767936162650585175e-02 5.899682175368070602e-03 9.049033746123313904e-03 1.637160219252109528e-02 4.604955203831195831e-03 1.367914956063032150e-02 9.766569128260016441e-04 2.148502040654420853e-03 3.996638115495443344e-03 3.577249869704246521e-02 7.447062060236930847e-03 1.052855234593153000e-02 5.775197874754667282e-03 1.523804105818271637e-02 1.338727213442325592e-02 5.481096729636192322e-02 6.010300945490598679e-03 3.011411288753151894e-03 3.522592410445213318e-02 3.452541306614875793e-02 3.337597707286477089e-03 4.965826403349637985e-03 4.325352609157562256e-03 2.334017073735594749e-03 1.896011456847190857e-02 1.034820359200239182e-02 8.172668749466538429e-04 9.059790521860122681e-03 4.376324824988842010e-03 2.333737444132566452e-03 1.741592586040496826e-02 8.136697113513946533e-03 4.448483698070049286e-03 1.215866301208734512e-02 2.068408206105232239e-02 8.902893168851733208e-04 8.391570299863815308e-03 1.049948204308748245e-02 2.702141739428043365e-02 2.545032463967800140e-02 3.400385845452547073e-03 2.589600533246994019e-02 6.845546886324882507e-03 2.973965741693973541e-02 6.707759574055671692e-03 3.056259639561176300e-02 1.061072107404470444e-02 2.610442414879798889e-02 2.901467727497220039e-03 2.709588967263698578e-03 4.832419566810131073e-03 1.964479451999068260e-04 5.140590667724609375e-02 3.521202504634857178e-02 4.048907198011875153e-03 1.343704789178445935e-04 2.101748250424861908e-02 3.118761070072650909e-02 4.058246314525604248e-02 2.968762628734111786e-02 3.870529355481266975e-03 4.764356184750795364e-03 3.383410722017288208e-02 2.548340521752834320e-02 2.737224847078323364e-02 2.369669266045093536e-02 5.730405100621283054e-04 8.869506418704986572e-03 2.554525062441825867e-02 1.004921179264783859e-02 5.496914964169263840e-03 2.962056780233979225e-03 3.852174850180745125e-03 4.073780030012130737e-02 6.732434500008821487e-03 1.763066509738564491e-03 1.608837209641933441e-02 7.478986866772174835e-03 6.283608265221118927e-03 7.220195140689611435e-03 9.659526986069977283e-04 2.912768907845020294e-02 2.775186300277709961e-02 2.858676947653293610e-02 2.060729265213012695e-02 3.220685943961143494e-02 1.698987558484077454e-02 0.000000000000000000e+00
1.871194131672382355e-02 3.610358759760856628e-02 5.719732027500867844e-03 8.451561331748962402e-01 5.517588183283805847e-02 9.530603885650634766e-03 2.740322798490524292e-02 7.527137175202369690e-03 9.154263883829116821e-03 1.207263860851526260e-02 5.308440886437892914e-03 8.516639471054077148e-03 2.250002510845661163e-02 1.359475124627351761e-02 7.630179636180400848e-03 1.464274618774652481e-02 1.983028091490268707e-02 2.415394037961959839e-02 3.020949847996234894e-02 2.898948499932885170e-03 1.018860936164855957e-02 6.540040951222181320e-03 3.862445009872317314e-03 9.936395799741148949e-04 1.921524479985237122e-02 2.086773887276649475e-02 5.967663601040840149e-03 1.731698028743267059e-02 1.435799151659011841e-02 1.520828437060117722e-02 1.985280402004718781e-02 1.082262955605983734e-02 1.996272988617420197e-02 8.696906268596649170e-03 2.458119206130504608e-02 1.162051130086183548e-02 4.179729614406824112e-03 2.423578873276710510e-03 4.961551353335380554e-02 4.165082052350044250e-02 1.665410585701465607e-02 2.046303264796733856e-02 1.181483361870050430e-02 6.510659120976924896e-03 1.568409428000450134e-02 1.009027659893035889e-02 5.613846704363822937e-03 1.207858603447675705e-02 1.141564082354307175e-02 5.750489421188831329e-03 8.613279089331626892e-03 6.387671921402215958e-03 3.341866284608840942e-02 3.834453970193862915e-02 5.447684321552515030e-03 1.346182916313409805e-02 2.978805266320705414e-02 2.253967896103858948e-02 1.240820251405239105e-02 2.943918108940124512e-02 3.697679936885833740e-02 1.934753917157649994e-02 9.680573828518390656e-03 2.503162622451782227e-02 1.264184061437845230e-02 1.992965489625930786e-02 6.765116471797227859e-03 2.038986189290881157e-03 2.087224088609218597e-02 9.388296864926815033e-03 1.274134404957294464e-02 1.079188846051692963e-02 5.827533081173896790e-02 5.999353714287281036e-03 5.184851959347724915e-02 1.490993145853281021e-02 1.917399931699037552e-03 1.513172686100006104e-02 2.735598012804985046e-02 2.448401413857936859e-02 3.988471813499927521e-03 8.487062528729438782e-03 2.875437960028648376e-02 1.344949938356876373e-02 1.063338480889797211e-02 5.099028814584016800e-03 8.371192030608654022e-03 8.752831490710377693e-04 2.019610442221164703e-02 5.988922901451587677e-03 5.994947161525487900e-03 1.816009316826239228e-04 4.199954681098461151e-03 1.490478124469518661e-02 2.320577204227447510e-02 1.749505102634429932e-02 2.283966634422540665e-03 1.849462627433240414e-03 6.579446606338024139e-03 3.692441433668136597e-02 2.506169117987155914e-02 2.437161281704902649e-03 8.565047755837440491e-03 1.321973931044340134e-02 3.399593383073806763e-02 1.091401837766170502e-02 1.950578950345516205e-02 2.250866405665874481e-02 2.542376890778541565e-02 4.200251307338476181e-03 9.661855176091194153e-03 2.332037314772605896e-02 2.274247258901596069e-02 2.526766061782836914e-02 2.060805447399616241e-03 0.000000000000000000e+00
2.574707567691802979e-02 3.374314680695533752e-02 2.942582825198769569e-03 5.517588183283805847e-02 8.451561331748962402e-01 6.046100985258817673e-03 2.210266888141632080e-02 1.941566728055477142e-02 7.558430079370737076e-03 2.258984895888715982e-04 1.671648398041725159e-02 2.060976438224315643e-02 2.219360135495662689e-02 2.172375470399856567e-02 1.626671105623245239e-02 1.694689504802227020e-02 2.310255169868469238e-02 1.881802640855312347e-02 4.031187295913696289e-02 5.672556813806295395e-03 1.841614022850990295e-02 2.851273166015744209e-03 7.628111168742179871e-03 7.512317039072513580e-03 1.770673319697380066e-02 2.758225984871387482e-02 5.042112898081541061e-03 9.134672582149505615e-03 1.123795844614505768e-02 8.150464855134487152e-03 2.335290983319282532e-02 2.180152200162410736e-02 1.980538293719291687e-02 8.172469213604927063e-03 2.995864488184452057e-02 2.142315264791250229e-03 6.139857578091323376e-04 1.134682539850473404e-02 3.991581872105598450e-02 5.465116351842880249e-02 2.154558524489402771e-02 2.369327656924724579e-02 3.208346199244260788e-03 7.798840757459402084e-03 3.076605126261711121e-02 1.133286952972412109e-02 1.721643377095460892e-03 1.224684622138738632e-02 1.278000790625810623e-02 7.783506531268358231e-03 4.337026737630367279e-03 2.273163292557001114e-03 2.594311535358428955e-02 3.101982735097408295e-02 6.209087092429399490e-03 1.707184687256813049e-02 1.719145104289054871e-02 2.087874896824359894e-02 1.579372445121407509e-03 2.729913778603076935e-02 3.134780377149581909e-02 3.291157260537147522e-02 1.022032462060451508e-02 1.655661500990390778e-02 7.283529732376337051e-03 2.131310850381851196e-02 2.013323828577995300e-02 1.639471389353275299e-02 2.433634549379348755e-02 9.502233937382698059e-03 2.227762527763843536e-02 7.786572445183992386e-03 4.407554119825363159e-02 9.875725954771041870e-03 4.837401583790779114e-02 7.028656546026468277e-03 5.167345982044935226e-03 1.003692205995321274e-02 2.516889013350009918e-02 1.490638218820095062e-02 6.321270484477281570e-04 1.708778738975524902e-02 2.891010604798793793e-02 2.761912345886230469e-02 1.603559963405132294e-02 5.113095510751008987e-03 8.899086154997348785e-03 4.854742437601089478e-03 6.897084880620241165e-03 4.486808087676763535e-03 8.398480713367462158e-03 7.037892006337642670e-03 5.718069151043891907e-03 5.411797203123569489e-03 1.244698651134967804e-02 1.716659404337406158e-02 3.735479665920138359e-03 4.863466601818799973e-03 4.883770365267992020e-03 3.063079714775085449e-02 2.255978994071483612e-02 9.259382262825965881e-03 6.008053896948695183e-04 6.465790793299674988e-03 2.623457461595535278e-02 5.010519176721572876e-03 1.627716608345508575e-02 2.180748619139194489e-02 2.405175007879734039e-02 4.603806883096694946e-03 2.270845510065555573e-02 1.742945425212383270e-02 1.211753394454717636e-02 2.344111166894435883e-02 7.426117081195116043e-04 0.000000000000000000e+00
4.143049940466880798e-02 3.307332471013069153e-02 6.912917597219347954e-04 9.530603885650634766e-03 6.046100985258817673e-03 8.451561331748962402e-01 6.983582675457000732e-02 1.576311513781547546e-02 1.738801249302923679e-03 1.073379255831241608e-02 1.082181930541992188e-02 4.387292638421058655e-02 1.716922037303447723e-02 4.763357341289520264e-02 1.764432340860366821e-02 1.402710005640983582e-02 1.665224321186542511e-02 1.179518876597285271e-03 7.648637983947992325e-04 8.394777250941842794e-05 5.652574822306632996e-03 1.127305068075656891e-02 1.426738407462835312e-02 1.071041263639926910e-02 1.258728746324777603e-02 4.148633684962987900e-03 1.181830000132322311e-02 2.965627051889896393e-02 5.412502959370613098e-02 3.721253573894500732e-02 3.973427414894104004e-02 9.261648170650005341e-03 3.107934026047587395e-03 2.860835986211895943e-03 2.893456257879734039e-04 7.618240080773830414e-03 1.659099385142326355e-02 5.553928669542074203e-03 1.634239405393600464e-02 1.750942878425121307e-02 8.212679065763950348e-03 2.875807881355285645e-02 1.615964225493371487e-03 1.571535319089889526e-02 2.431786805391311646e-02 3.257106617093086243e-02 1.534088794142007828e-02 2.047342620790004730e-02 5.870765540748834610e-03 1.450605690479278564e-02 2.051337622106075287e-02 1.449303701519966125e-02 7.126770215108990669e-04 6.018942687660455704e-03 5.085630342364311218e-03 8.265771903097629547e-03 1.752442121505737305e-02 2.272339479532092810e-04 6.366506684571504593e-03 1.094980631023645401e-02 2.163975685834884644e-02 6.939272861927747726e-03 1.018688455224037170e-02 1.335337292402982712e-02 2.124691195785999298e-02 2.055922336876392365e-02 7.619583979249000549e-03 4.548275843262672424e-03 1.020898669958114624e-02 2.335271798074245453e-02 4.437669645994901657e-03 2.678884007036685944e-02 9.262611158192157745e-03 9.714791551232337952e-03 1.890545152127742767e-02 3.182902233675122261e-03 6.896861363202333450e-03 1.192540861666202545e-02 4.299129918217658997e-02 2.838147245347499847e-02 1.107433694414794445e-03 5.578703712671995163e-03 1.233241893351078033e-02 4.243501462042331696e-03 9.821992367506027222e-03 2.339873276650905609e-02 7.055290043354034424e-03 1.400216855108737946e-02 1.508782152086496353e-02 9.617598727345466614e-03 2.874687686562538147e-02 7.999328896403312683e-03 3.843871876597404480e-02 8.684424683451652527e-04 2.231716550886631012e-02 1.927368529140949249e-02 6.990818772464990616e-03 1.320209121331572533e-03 1.201151125133037567e-02 2.201760746538639069e-02 1.067880354821681976e-02 1.521014049649238586e-02 1.737914606928825378e-02 5.480201914906501770e-03 2.908936934545636177e-03 2.221117727458477020e-02 1.952349953353404999e-02 6.974516902118921280e-03 2.600369602441787720e-02 1.005507446825504303e-02 3.931367769837379456e-03 1.377651002258062363e-02 5.675352644175291061e-03 4.425074905157089233e-03 3.968045581132173538e-03 0.000000000000000000e+00
3.199565410614013672e-02 5.424997955560684204e-02 1.769254542887210846e-02 2.740322798490524292e-02 2.210266888141632080e-02 6.983582675457000732e-02 8.451561331748962402e-01 2.952846139669418335e-02 1.221889979206025600e-03 2.111061709001660347e-03 8.024653419852256775e-03 1.247185096144676208e-02 1.332210190594196320e-02 3.003584593534469604e-02 3.063842095434665680e-02 1.372442860156297684e-02 2.166148461401462555e-02 2.018252387642860413e-02 2.688825689256191254e-02 4.860646091401576996e-03 4.392576403915882111e-03 1.774015463888645172e-02 6.237953901290893555e-03 1.181731745600700378e-02 6.832516752183437347e-03 6.492814049124717712e-03 1.398450415581464767e-02 2.600124478340148926e-02 1.993655227124691010e-02 3.966777771711349487e-02 1.543408632278442383e-02 7.225046865642070770e-03 1.981768946279771626e-06 6.896177772432565689e-03 7.634073961526155472e-03 1.027973089367151260e-02 7.021430414170026779e-03 1.677125925198197365e-03 2.319825813174247742e-02 2.590099535882472992e-02 2.755243331193923950e-02 3.291461616754531860e-02 8.834217675030231476e-03 3.845556452870368958e-02 9.894241578876972198e-03 6.599317304790019989e-03 3.649143129587173462e-02 3.243061900138854980e-02 1.682995632290840149e-02 3.516586031764745712e-03 5.379004869610071182e-03 1.654630061239004135e-03 1.248518563807010651e-02 2.058638259768486023e-02 5.847723688930273056e-03 1.347689703106880188e-02 1.771903224289417267e-02 1.453244034200906754e-02 8.178410120308399200e-03 1.699110493063926697e-03 3.043142333626747131e-02 1.065482478588819504e-02 1.551539287902414799e-03 1.238972879946231842e-02 1.571338064968585968e-02 9.614234790205955505e-03 1.023879623971879482e-03 3.644116804935038090e-04 1.931438036262989044e-02 4.062864929437637329e-03 1.580013521015644073e-02 1.013477146625518799e-02 1.817807927727699280e-02 1.932217553257942200e-02 2.884122915565967560e-02 6.673953961580991745e-03 1.097940746694803238e-02 9.215239435434341431e-03 1.943465508520603180e-02 1.604913547635078430e-02 3.727187635377049446e-03 2.993357367813587189e-03 2.678458578884601593e-02 1.948047429323196411e-02 2.641745842993259430e-03 1.359030604362487793e-02 6.098540034145116806e-03 1.126652397215366364e-02 8.462009951472282410e-03 1.351474225521087646e-02 3.667828859761357307e-03 9.974687127396464348e-04 2.930289832875132561e-03 5.154955666512250900e-03 1.584512554109096527e-02 1.720008999109268188e-02 8.516146801412105560e-03 5.188328213989734650e-03 4.496823064982891083e-03 2.147483639419078827e-02 1.593733578920364380e-02 9.698378853499889374e-03 4.728109575808048248e-03 5.326419603079557419e-03 1.949236914515495300e-02 2.217178605496883392e-02 9.024275466799736023e-03 6.494951434433460236e-03 1.117952074855566025e-02 2.420360408723354340e-02 2.155192382633686066e-02 4.942649975419044495e-03 3.592801745980978012e-03 1.410045567899942398e-02 3.333196043968200684e-03 0.000000000000000000e+00
1.884802430868148804e-02 2.169276401400566101e-02 5.543764680624008179e-02 7.527137175202369690e-03 1.941566728055477142e-02 1.576311513781547546e-02 2.952846139669418335e-02 8.451561331748962402e-01 1.120637077838182449e-02 2.489757258445024490e-03 3.062043711543083191e-02 2.145482040941715240e-02 3.061801940202713013e-02 1.194529235363006592e-02 7.055616378784179688e-02 3.368758829310536385e-03 3.122433787211775780e-03 1.538005471229553223e-02 1.318843133049085736e-04 2.673705108463764191e-02 1.968901045620441437e-02 1.957646384835243225e-02 1.256535761058330536e-02 1.349277049303054810e-02 2.223784476518630981e-02 1.819830015301704407e-02 1.446658093482255936e-02 1.155644562095403671e-02 7.687836419790983200e-03 9.573115967214107513e-03 7.547779474407434464e-03 1.396338455379009247e-02 3.304885001853108406e-03 1.107044238597154617e-02 1.543625816702842712e-02 1.186545379459857941e-02 1.665623113512992859e-02 1.430642511695623398e-02 1.686478406190872192e-02 2.062083967030048370e-02 2.111913263797760010e-02 1.621013134717941284e-02 1.136169489473104477e-02 3.868794441223144531e-02 8.305904455482959747e-03 2.237939275801181793e-03 1.757344231009483337e-02 1.514781452715396881e-02 5.216460675001144409e-03 4.416180774569511414e-03 7.385104894638061523e-03 5.346856196410953999e-04 7.908090949058532715e-03 9.414427913725376129e-03 9.028338827192783356e-03 3.426884766668081284e-03 1.038729958236217499e-02 1.287847105413675308e-02 7.532137446105480194e-03 1.089076418429613113e-02 3.084697294980287552e-03 8.440711535513401031e-03 1.020317710936069489e-02 6.519074086099863052e-03 8.711230009794235229e-03 6.698584766127169132e-04 2.868265472352504730e-02 2.388374507427215576e-02 1.185507629998028278e-03 1.933248830027878284e-03 4.682442231569439173e-04 2.415373455733060837e-03 4.600505810230970383e-03 2.347436733543872833e-02 1.010323408991098404e-02 1.174162048846483231e-02 1.062883250415325165e-02 8.073305711150169373e-03 8.451599860563874245e-04 6.340245599858462811e-04 4.160947352647781372e-02 2.585026808083057404e-02 8.328576572239398956e-03 9.508230723440647125e-03 1.352232042700052261e-02 3.862603753805160522e-02 4.278028383851051331e-02 2.760630287230014801e-02 9.424071758985519409e-03 3.307946724817156792e-03 4.673104849644005299e-04 1.141641521826386452e-03 4.103567451238632202e-03 1.551919733174145222e-03 6.734239868819713593e-03 1.040530484169721603e-02 1.674043573439121246e-02 4.139903932809829712e-03 1.126899405790027231e-05 8.207147940993309021e-03 5.614750552922487259e-03 1.123321894556283951e-02 6.262488197535276413e-03 8.593322709202766418e-03 9.603026323020458221e-03 3.045472549274563789e-03 1.731939800083637238e-02 3.578625619411468506e-03 1.191494334489107132e-02 3.498950973153114319e-02 3.059348836541175842e-02 3.267292678356170654e-02 3.393891826272010803e-02 2.794549427926540375e-02 3.686225786805152893e-02 0.000000000000000000e+00
8.583472110331058502e-03 7.032022345811128616e-03 3.959937021136283875e-03 9.154263883829116821e-03 7.558430079370737076e-03 1.738801249302923679e-03 1.221889979206025600e-03 1.120637077838182449e-02 8.451561331748962402e-01 4.734041541814804077e-02 1.116492412984371185e-02 2.623828127980232239e-02 1.018257439136505127e-02 3.374943137168884277e-02 9.066649712622165680e-03 3.094225190579891205e-02 3.041427023708820343e-02 2.345424890518188477e-02 1.150564523413777351e-03 2.142927609384059906e-02 1.936557143926620483e-02 2.561934478580951691e-02 3.266667202115058899e-02 3.507579490542411804e-02 1.628383062779903412e-02 1.114642154425382614e-02 2.440835721790790558e-02 2.035783976316452026e-02 7.459642365574836731e-03 1.324325148016214371e-02 1.338061410933732986e-02 2.371336147189140320e-02 1.055068336427211761e-02 2.013476565480232239e-02 5.097663495689630508e-03 1.975334063172340393e-02 2.902808412909507751e-02 1.399760041385889053e-02 2.529637888073921204e-03 2.251362893730401993e-03 1.291151903569698334e-02 3.145507723093032837e-02 2.959821000695228577e-02 6.614418700337409973e-03 3.198392316699028015e-02 2.713625505566596985e-02 1.335664931684732437e-02 4.449866712093353271e-03 2.212651073932647705e-02 2.905550412833690643e-02 1.529940310865640640e-02 2.041104622185230255e-02 1.104210037738084793e-02 9.116319939494132996e-03 2.929347380995750427e-02 2.461189404129981995e-02 8.800372481346130371e-03 2.079207263886928558e-02 2.343741431832313538e-02 5.754288751631975174e-03 7.665355224162340164e-03 1.736912876367568970e-02 9.456690400838851929e-03 3.620029194280505180e-03 1.208302751183509827e-02 1.707045477814972401e-03 1.377373561263084412e-02 1.400213129818439484e-02 3.060530871152877808e-02 2.192934043705463409e-02 3.025806508958339691e-02 1.214429084211587906e-02 8.123674429953098297e-03 2.080303244292736053e-02 1.005457993596792221e-02 2.393246069550514221e-02 4.834212735295295715e-02 5.396037921309471130e-02 3.284503519535064697e-02 3.219052031636238098e-02 2.007158659398555756e-02 2.695082500576972961e-02 2.075198478996753693e-02 1.722558401525020599e-02 1.476614922285079956e-02 2.473173476755619049e-02 2.148793824017047882e-02 1.756696961820125580e-02 2.048331499099731445e-02 3.184970840811729431e-02 1.017633918672800064e-02 2.090216428041458130e-02 1.436415594071149826e-02 2.003955096006393433e-02 2.553273737430572510e-02 3.021423518657684326e-02 2.884628251194953918e-02 3.306958824396133423e-02 3.562578931450843811e-02 1.294778008013963699e-02 1.868722960352897644e-02 6.630131974816322327e-03 1.858309842646121979e-02 1.439540181308984756e-02 6.136362906545400620e-03 7.801993284374475479e-03 9.605885716155171394e-04 1.043109409511089325e-02 2.522306749597191811e-03 1.158527657389640808e-02 2.396404929459095001e-02 1.443180069327354431e-02 1.537225488573312759e-02 7.851698901504278183e-04 2.356751821935176849e-02 0.000000000000000000e+00
2.525907257222570479e-05 4.889334551990032196e-03 3.996049053966999054e-03 1.207263860851526260e-02 2.258984895888715982e-04 1.073379255831241608e-02 2.111061709001660347e-03 2.489757258445024490e-03 4.734041541814804077e-02 8.451561331748962402e-01 4.079756326973438263e-03 6.821594201028347015e-03 8.064214140176773071e-03 2.693171799182891846e-02 7.576663047075271606e-03 1.842429675161838531e-02 2.232149057090282440e-02 2.369009703397750854e-02 2.431467361748218536e-02 1.601620018482208252e-02 1.647713035345077515e-02 2.205660007894039154e-02 2.474334277212619781e-02 3.624777123332023621e-02 9.941429831087589264e-03 1.467232964932918549e-02 2.120118029415607452e-02 2.664857078343629837e-03 3.733844030648469925e-03 7.997623761184513569e-04 4.550442565232515335e-03 2.137749083340167999e-02 7.116745226085186005e-03 2.729324996471405029e-02 1.594957336783409119e-02 1.387297268956899643e-02 2.460845559835433960e-02 7.703444920480251312e-03 9.563021361827850342e-03 9.319012169726192951e-04 2.226954093202948570e-03 1.701259054243564606e-02 3.846251964569091797e-02 3.076317079830914736e-04 2.107494324445724487e-02 3.918214514851570129e-02 1.125648804008960724e-02 1.651808992028236389e-02 2.157943882048130035e-02 5.254953727126121521e-02 3.508508380036801100e-04 2.847171854227781296e-03 3.631928469985723495e-03 1.769377500750124454e-03 3.141857311129570007e-02 3.964168205857276917e-02 2.337001496925950050e-03 2.906176634132862091e-02 1.646737195551395416e-02 9.983681142330169678e-03 5.728172603994607925e-03 3.438912704586982727e-02 9.784228168427944183e-03 9.501486085355281830e-03 5.211691372096538544e-03 4.821717739105224609e-03 1.571138761937618256e-02 1.892913691699504852e-02 2.966379001736640930e-02 2.937241643667221069e-02 3.806331381201744080e-02 1.420589629560709000e-02 4.335953854024410248e-03 2.434207312762737274e-02 5.508000613190233707e-04 2.303114347159862518e-02 2.682461030781269073e-02 5.628337338566780090e-02 3.107663057744503021e-02 5.882769078016281128e-02 1.542019657790660858e-02 2.106651291251182556e-02 1.955072954297065735e-02 3.295332565903663635e-02 1.800517551600933075e-02 4.082353040575981140e-02 1.136368513107299805e-02 1.690056174993515015e-02 9.472578763961791992e-03 4.005536809563636780e-02 9.620505385100841522e-03 2.085961028933525085e-02 2.466103620827198029e-02 1.769114844501018524e-02 1.229341328144073486e-02 1.650227606296539307e-02 3.157749399542808533e-02 2.991963177919387817e-02 2.923345752060413361e-02 4.793659318238496780e-03 1.596973650157451630e-02 1.894705928862094879e-04 9.372246451675891876e-03 8.668913505971431732e-03 4.275793209671974182e-03 2.853785408660769463e-03 1.096951030194759369e-02 1.057971641421318054e-02 1.508564129471778870e-02 6.118054036051034927e-03 1.114102266728878021e-02 6.015838589519262314e-03 1.572639122605323792e-02 1.634798012673854828e-02 1.026100851595401764e-02 0.000000000000000000e+00
7.228296995162963867e-02 3.544860705733299255e-02 2.599937655031681061e-02 5.308440886437892914e-03 1.671648398041725159e-02 1.082181930541992188e-02 8.024653419852256775e-03 3.062043711543083191e-02 1.116492412984371185e-02 4.079756326973438263e-03 8.451561331748962402e-01 2.587210573256015778e-02 5.881331115961074829e-02 2.371937781572341919e-02 3.086384572088718414e-02 2.372554503381252289e-02 2.161446772515773773e-02 1.869956962764263153e-03 6.791356718167662621e-04 1.063448470085859299e-02 1.632786914706230164e-02 2.082749642431735992e-02 2.055773325264453888e-02 1.199534256011247635e-02 9.644709527492523193e-03 9.112920612096786499e-03 8.320732973515987396e-03 1.184374187141656876e-02 2.428608201444149017e-02 2.204888127744197845e-02 1.197064109146595001e-02 2.005640044808387756e-02 5.170594435185194016e-03 1.166390534490346909e-02 2.465724246576428413e-03 8.283765055239200592e-05 3.313265915494412184e-04 3.075812477618455887e-03 1.768987998366355896e-02 2.436836063861846924e-02 3.366553224623203278e-03 1.524144876748323441e-02 8.641817606985569000e-03 7.897036150097846985e-03 2.176903001964092255e-02 8.495835587382316589e-03 3.067528456449508667e-02 1.696063950657844543e-02 1.231030188500881195e-02 2.851301804184913635e-03 3.839512588456273079e-03 3.886787220835685730e-03 1.988915912806987762e-02 2.598824538290500641e-02 4.942309111356735229e-03 3.956158179789781570e-03 4.854720085859298706e-03 5.309068597853183746e-03 9.868896566331386566e-03 8.526935242116451263e-03 8.041562512516975403e-03 5.712680052965879440e-03 5.951592233031988144e-03 1.710278796963393688e-03 3.909870609641075134e-02 3.338101133704185486e-02 2.178115304559469223e-03 5.555505864322185516e-03 9.137235581874847412e-03 1.754307746887207031e-02 6.158385891467332840e-03 1.580099947750568390e-02 1.206297334283590317e-02 2.146458812057971954e-02 9.432962164282798767e-03 3.166457870975136757e-03 6.618028506636619568e-03 2.147684106603264809e-03 1.816270127892494202e-02 1.829767134040594101e-03 1.933623105287551880e-02 1.743698306381702423e-02 4.965863656252622604e-03 2.854022430256009102e-03 2.598633617162704468e-02 3.447860712185502052e-03 3.144556656479835510e-02 2.450685016810894012e-02 9.460284374654293060e-03 1.558897178620100021e-02 2.996895089745521545e-02 2.228812873363494873e-02 2.191100083291530609e-02 1.249246951192617416e-02 1.798914931714534760e-02 1.953856833279132843e-02 4.006097093224525452e-03 6.801640149205923080e-03 5.492896772921085358e-03 1.833076588809490204e-02 1.470027212053537369e-02 4.530270583927631378e-03 1.150100678205490112e-02 9.831389412283897400e-03 1.237742416560649872e-02 1.352617330849170685e-02 7.215257268399000168e-03 2.041828446090221405e-02 3.025099635124206543e-03 1.304976362735033035e-02 1.454851310700178146e-02 8.731632493436336517e-03 1.635403931140899658e-02 1.188410352915525436e-02 2.517463825643062592e-02 0.000000000000000000e+00
1.170752663165330887e-02 1.566126942634582520e-02 4.812188912183046341e-03 8.516639471054077148e-03 2.060976438224315643e-02 4.387292638421058655e-02 1.247185096144676208e-02 2.145482040941715240e-02 2.623828127980232239e-02 6.821594201028347015e-03 2.587210573256015778e-02 8.451561331748962402e-01 2.254582382738590240e-02 7.130869477987289429e-02 7.975077023729681969e-04 1.734302937984466553e-02 1.584037765860557556e-02 3.609850537031888962e-03 2.105199545621871948e-02 1.839180849492549896e-02 1.055815443396568298e-02 1.925313659012317657e-02 2.907083742320537567e-02 2.507857419550418854e-02 2.240208163857460022e-02 1.147485617548227310e-02 1.937102898955345154e-02 5.436640977859497070e-02 2.307638153433799744e-02 5.562180653214454651e-02 1.683085039258003235e-02 1.274017803370952606e-02 1.055621262639760971e-02 1.151000987738370895e-02 3.384594572708010674e-03 1.429138332605361938e-02 1.038163620978593826e-02 2.284748665988445282e-02 1.760111190378665924e-03 5.240449681878089905e-03 1.562483236193656921e-02 2.911915944423526525e-04 2.049672789871692657e-02 9.077364578843116760e-03 5.587126594036817551e-03 5.464809481054544449e-03 1.304775127209722996e-03 2.495520561933517456e-02 6.515048909932374954e-03 4.680589772760868073e-03 3.192737698554992676e-02 3.364286199212074280e-02 4.628933034837245941e-03 1.307386904954910278e-03 6.778222974389791489e-03 4.626601003110408783e-03 2.483286336064338684e-02 1.229003258049488068e-02 1.754029840230941772e-02 5.283632315695285797e-03 7.354089058935642242e-03 5.727905780076980591e-03 8.336056023836135864e-03 1.074653491377830505e-02 6.780168041586875916e-03 8.364783599972724915e-03 1.865066401660442352e-02 1.759044639766216278e-02 1.452858839184045792e-02 3.445278271101415157e-04 1.407355163246393204e-02 1.790383248589932919e-03 7.232449948787689209e-03 2.184874378144741058e-03 9.243960492312908173e-03 1.822875812649726868e-02 2.411436848342418671e-02 1.746910437941551208e-02 1.206263061612844467e-02 2.838937798514962196e-03 1.971325464546680450e-02 2.472439780831336975e-02 1.040083914995193481e-02 9.273207979276776314e-04 6.679187528789043427e-03 5.318404175341129303e-03 2.124124206602573395e-02 1.750178076326847076e-02 3.731606900691986084e-02 3.321624919772148132e-02 1.470993086695671082e-02 1.043381076306104660e-02 1.985682547092437744e-02 1.687910035252571106e-02 1.415278483182191849e-02 1.209168974310159683e-02 2.113064192235469818e-02 1.608260907232761383e-02 2.645632810890674591e-02 1.233210414648056030e-02 1.614874042570590973e-02 2.210700698196887970e-02 3.415678441524505615e-02 1.164471544325351715e-02 2.656591823324561119e-03 2.618765272200107574e-02 6.499306764453649521e-04 6.595118902623653412e-04 6.820064038038253784e-03 9.030215442180633545e-03 2.603276260197162628e-02 3.556442633271217346e-02 2.686141617596149445e-02 7.820817641913890839e-03 3.551033092662692070e-03 0.000000000000000000e+00
3.706170246005058289e-02 4.009344428777694702e-02 4.018750041723251343e-02 2.250002510845661163e-02 2.219360135495662689e-02 1.716922037303447723e-02 1.332210190594196320e-02 3.061801940202713013e-02 1.018257439136505127e-02 8.064214140176773071e-03 5.881331115961074829e-02 2.254582382738590240e-02 8.451561331748962402e-01 1.766116358339786530e-02 3.589504957199096680e-02 1.284570898860692978e-02 1.678334362804889679e-02 1.903079450130462646e-02 1.933400519192218781e-02 1.530339941382408142e-03 1.070141792297363281e-02 2.710953354835510254e-02 9.489148855209350586e-03 7.426825352013111115e-03 3.149841679260134697e-03 8.612951263785362244e-03 1.906528323888778687e-02 2.522376831620931625e-03 4.019173607230186462e-02 5.969979800283908844e-03 3.063413687050342560e-02 9.658961556851863861e-03 9.411030448973178864e-03 6.080724415369331837e-04 6.787541322410106659e-03 1.156621146947145462e-03 8.181095123291015625e-03 8.288661018013954163e-03 2.171973697841167450e-02 2.794917300343513489e-02 4.532707389444112778e-03 3.170167794451117516e-03 7.088972255587577820e-03 2.397381467744708061e-03 1.086003333330154419e-02 7.653768174350261688e-03 2.698048949241638184e-02 3.878035023808479309e-02 1.045133173465728760e-02 8.283569477498531342e-03 6.865880917757749557e-03 2.299193525686860085e-03 2.485356107354164124e-02 3.008696436882019043e-02 9.636126458644866943e-03 1.598636060953140259e-02 7.777574937790632248e-03 1.460595149546861649e-02 1.024912111461162567e-02 2.087959460914134979e-02 1.507862191647291183e-02 1.851354539394378662e-02 2.513357670977711678e-03 3.290260909125208855e-03 3.732057288289070129e-02 3.726326674222946167e-02 6.682001054286956787e-03 2.539185108616948128e-03 1.344828959554433823e-02 3.190308809280395508e-02 1.232543028891086578e-02 3.092578239738941193e-02 1.961582526564598083e-02 2.617160044610500336e-02 1.767321676015853882e-02 1.553800608962774277e-02 4.414170514792203903e-03 1.707258634269237518e-03 1.739878207445144653e-02 1.041263225488364697e-03 3.001569770276546478e-02 2.818649448454380035e-02 1.451890263706445694e-02 1.488727983087301254e-02 1.285319309681653976e-02 3.545874278643168509e-05 2.839520387351512909e-02 2.619298733770847321e-02 1.090353820472955704e-03 4.734061658382415771e-03 4.353721812367439270e-02 2.815457247197628021e-02 3.462606295943260193e-02 2.363457530736923218e-02 1.457445602864027023e-02 1.832822896540164948e-02 1.461637020111083984e-02 3.395589534193277359e-03 3.742980537936091423e-03 1.392583455890417099e-02 1.786415465176105499e-02 1.736786216497421265e-02 1.002767402678728104e-02 1.176761556416749954e-02 2.611495181918144226e-02 1.198331173509359360e-02 1.918273419141769409e-02 2.288006618618965149e-02 1.885394938290119171e-02 1.549578458070755005e-02 1.513059530407190323e-02 2.799129672348499298e-02 1.746284030377864838e-02 7.468946569133549929e-05 1.730345562100410461e-02 0.000000000000000000e+00
