8.227565288543701172e-01 6.048524007201194763e-02 3.427330031991004944e-02 3.941345494240522385e-04 4.964770749211311340e-03 4.822906851768493652e-02 2.408211119472980499e-02 1.220461819320917130e-02 4.456366514205001295e-05 8.244317024946212769e-03 5.359756574034690857e-02 3.012242494150996208e-03 4.937978833913803101e-02 1.682736328803002834e-03 2.873398736119270325e-02 2.600346319377422333e-02 2.190679870545864105e-02 2.216392382979393005e-02 2.479718439280986786e-02 3.227884182706475258e-03 1.845392212271690369e-02 1.608894392848014832e-02 3.179577877745032310e-03 6.411008071154356003e-03 5.954876542091369629e-03 2.834163047373294830e-02 3.801906481385231018e-02 4.461433272808790207e-03 2.145296521484851837e-02 1.592249493114650249e-03 2.819327451288700104e-02 1.761841960251331329e-02 3.462752699851989746e-02 1.721034385263919830e-02 3.890226036310195923e-02 2.583565004169940948e-02 7.271560840308666229e-03 3.393441066145896912e-02 2.433926053345203400e-02 1.116367639042437077e-03 2.474360167980194092e-02 2.568337321281433105e-02 1.975771039724349976e-02 1.183359045535326004e-02 8.741118013858795166e-03 7.617888040840625763e-03 4.966663569211959839e-02 9.995048865675926208e-03 9.159345179796218872e-03 2.363931015133857727e-02 2.263792417943477631e-02 6.179153453558683395e-03 2.744982391595840454e-02 8.403039537370204926e-03 6.852666847407817841e-03 2.376263728365302086e-03 2.609250508248806000e-02 2.362386696040630341e-02 2.435515634715557098e-02 1.876479201018810272e-02 2.560978941619396210e-02 2.077870443463325500e-02 1.971330260857939720e-03 2.777533791959285736e-02 4.206085577607154846e-02 4.766077548265457153e-02 1.920810528099536896e-02 6.841931957751512527e-03 1.125153992325067520e-02 2.283302322030067444e-02 2.906530397012829781e-03 2.704021148383617401e-02 2.652793563902378082e-02 2.716425061225891113e-02 6.900061853229999542e-04 1.768273115158081055e-02 1.821022108197212219e-02 1.277199131436645985e-03 5.408488214015960693e-03 1.566805876791477203e-02 4.234824795275926590e-03 1.961421594023704529e-02 3.202678635716438293e-03 1.370585616677999496e-02 1.692580408416688442e-03 2.806547656655311584e-02 3.640144597738981247e-03 2.804419957101345062e-02 1.181677542626857758e-02 9.603968821465969086e-03 3.281185030937194824e-02 6.163771264255046844e-03 9.632412344217300415e-03 3.622302412986755371e-02 3.370063845068216324e-03 7.709115743637084961e-03 1.399034634232521057e-03 9.242899715900421143e-03 2.163350768387317657e-02 8.502860553562641144e-03 1.245638169348239899e-02 2.155904285609722137e-02 1.198885776102542877e-02 1.300622988492250443e-02 1.125211268663406372e-02 1.793099567294120789e-03 1.288696099072694778e-02 2.843181416392326355e-02 1.590321958065032959e-02 4.158960282802581787e-02 1.776156201958656311e-02 1.894681481644511223e-03 2.084762230515480042e-02 2.114471746608614922e-03 1.665472611784934998e-02 8.393848314881324768e-03
6.048524007201194763e-02 8.227565288543701172e-01 3.531636297702789307e-02 9.067927487194538116e-03 1.377604529261589050e-02 5.693421512842178345e-02 3.077429905533790588e-02 9.047633036971092224e-03 3.361577400937676430e-03 1.440017390996217728e-02 4.454525932669639587e-02 1.111409626901149750e-02 5.857893452048301697e-02 5.509994458407163620e-03 3.392757102847099304e-02 1.239693444222211838e-02 7.538732606917619705e-03 2.764797769486904144e-02 2.073191106319427490e-02 1.001930795609951019e-02 2.482521720230579376e-02 2.959348447620868683e-02 5.247066728770732880e-03 5.623102653771638870e-03 1.341207046061754227e-02 2.899684011936187744e-02 2.570246160030364990e-02 1.317730639129877090e-02 2.759441360831260681e-02 8.071321062743663788e-03 3.056816384196281433e-02 1.352843921631574631e-02 2.279255911707878113e-02 1.840275153517723083e-02 2.615554817020893097e-02 4.137225821614265442e-02 1.846460625529289246e-02 1.684317551553249359e-02 1.982933469116687775e-02 5.336146801710128784e-03 2.055907435715198517e-02 1.636970415711402893e-02 1.152037922292947769e-02 2.256594970822334290e-02 6.561168469488620758e-03 2.713562920689582825e-03 4.724114760756492615e-02 1.239398214966058731e-02 6.343346554785966873e-03 3.129006922245025635e-02 1.401748787611722946e-02 5.022630561143159866e-03 2.635799534618854523e-02 1.461414527148008347e-02 2.035437792073935270e-04 1.311710290610790253e-02 2.496318519115447998e-02 2.228368818759918213e-02 2.161215618252754211e-02 2.281847782433032990e-02 2.852415479719638824e-02 1.999035663902759552e-02 5.929457955062389374e-03 1.612489297986030579e-02 3.863095119595527649e-02 3.182342648506164551e-02 2.465562522411346436e-02 1.500685513019561768e-02 2.398291369900107384e-03 2.426712028682231903e-02 3.614940913394093513e-03 3.034240752458572388e-02 2.589592151343822479e-02 2.262170054018497467e-02 1.227907836437225342e-03 1.926382444798946381e-02 1.880170963704586029e-02 4.092043382115662098e-04 5.848101805895566940e-03 1.741302199661731720e-02 3.763457061722874641e-04 1.738815195858478546e-02 2.322573447600007057e-03 2.537396503612399101e-04 7.065841462463140488e-03 2.458851970732212067e-02 1.694101840257644653e-02 2.589168958365917206e-02 1.529349479824304581e-03 1.112149935215711594e-02 2.014531381428241730e-02 2.611384727060794830e-02 2.718808595091104507e-03 2.522232197225093842e-02 1.203359337523579597e-03 3.328780410811305046e-03 9.217287413775920868e-03 1.157509442418813705e-02 1.752783916890621185e-02 7.954000495374202728e-03 1.730024931021034718e-03 1.563902013003826141e-02 1.704304106533527374e-02 8.493716828525066376e-03 6.479942705482244492e-03 6.148405955173075199e-04 1.786656677722930908e-02 2.074767276644706726e-02 7.497236132621765137e-03 2.836969122290611267e-02 2.118504606187343597e-02 5.995460320264101028e-03 1.646242290735244751e-02 9.210011921823024750e-03 1.945796795189380646e-02 5.164233967661857605e-03
3.427330031991004944e-02 3.531636297702789307e-02 8.227565288543701172e-01 7.301991805434226990e-03 2.654601121321320534e-04 2.788044139742851257e-02 6.128166336566209793e-03 3.079361468553543091e-02 5.380685906857252121e-03 1.855042204260826111e-02 7.169582415372133255e-03 1.002933713607490063e-03 1.117152441293001175e-02 2.165237907320261002e-03 1.255793310701847076e-02 1.928951777517795563e-02 2.359377406537532806e-02 5.935430061072111130e-03 1.702591031789779663e-02 4.080833401530981064e-03 4.921874962747097015e-03 2.844514884054660797e-02 1.140744425356388092e-02 2.407740568742156029e-03 2.564091235399246216e-03 1.860377751290798187e-02 3.241312690079212189e-03 1.383037492632865906e-02 9.108725003898143768e-03 6.555158644914627075e-03 1.635607145726680756e-02 2.287870645523071289e-02 2.367125824093818665e-02 2.713680639863014221e-02 1.613986678421497345e-02 6.005665287375450134e-03 2.050771377980709076e-02 6.755727226845920086e-04 1.761036179959774017e-02 2.870272658765316010e-02 7.220363710075616837e-03 1.551946066319942474e-02 2.605098672211170197e-02 9.431120008230209351e-03 6.658100988715887070e-03 3.987901844084262848e-03 2.084164880216121674e-02 1.448114868253469467e-02 1.071124617010354996e-02 2.069395221769809723e-02 4.872526600956916809e-02 2.592912130057811737e-02 6.909654941409826279e-03 1.476293429732322693e-02 6.448286585509777069e-03 6.903270259499549866e-03 2.509527839720249176e-02 1.181573420763015747e-02 8.400470018386840820e-03 4.123773760511539876e-05 1.335220783948898315e-02 2.484378218650817871e-02 1.935171778313815594e-03 1.213639415800571442e-02 7.459338754415512085e-03 2.576542552560567856e-03 1.172970235347747803e-02 1.804473809897899628e-03 4.628301598131656647e-03 1.109310705214738846e-02 1.609350182116031647e-02 6.303809117525815964e-03 3.127983212471008301e-02 2.282069530338048935e-03 1.047405973076820374e-02 8.162345737218856812e-03 9.516183054074645042e-04 1.051323767751455307e-02 1.005293335765600204e-02 7.702581118792295456e-03 4.445911198854446411e-02 1.820142008364200592e-02 8.574105799198150635e-03 4.007590003311634064e-03 3.639709204435348511e-03 2.147281914949417114e-02 2.578963711857795715e-02 1.117924787104129791e-02 1.605298928916454315e-02 1.309308875352144241e-02 1.281196950003504753e-03 2.374071814119815826e-02 1.256022881716489792e-02 7.745618000626564026e-03 1.669739745557308197e-02 2.036509802564978600e-03 2.045069821178913116e-02 1.184179354459047318e-02 5.371745675802230835e-03 1.154422201216220856e-02 8.456694893538951874e-03 2.063027396798133850e-02 5.851421505212783813e-03 2.537766285240650177e-02 1.271502580493688583e-02 2.795371459797024727e-03 2.046730741858482361e-02 1.663583517074584961e-02 1.978267356753349304e-02 1.047255843877792358e-02 7.243365980684757233e-03 2.268563024699687958e-02 1.172146853059530258e-02 5.653708241879940033e-03 6.113512441515922546e-03 1.671531796455383301e-02
3.941345494240522385e-04 9.067927487194538116e-03 7.301991805434226990e-03 8.227565288543701172e-01 2.755380235612392426e-02 2.114630676805973053e-02 2.654612064361572266e-02 1.408003084361553192e-02 4.092725738883018494e-02 1.437315531075000763e-02 8.983741281554102898e-05 7.379921153187751770e-03 1.682244613766670227e-02 1.734832115471363068e-02 1.408835378242656589e-04 1.886269636452198029e-02 1.011346466839313507e-02 1.657705567777156830e-02 9.894194081425666809e-03 1.262729521840810776e-02 1.453169342130422592e-02 1.080948207527399063e-02 6.269435863941907883e-03 1.275242422707378864e-03 1.436581602320075035e-03 9.889001958072185516e-03 1.721042953431606293e-02 2.003642730414867401e-02 5.365784745663404465e-03 1.746001467108726501e-02 6.736817769706249237e-03 2.490372397005558014e-03 1.062551327049732208e-02 1.081705465912818909e-02 2.891954267397522926e-03 8.280689828097820282e-03 2.268364280462265015e-02 2.781127206981182098e-02 5.111193284392356873e-02 2.540176548063755035e-02 1.463883090764284134e-02 5.925170844420790672e-04 1.141269970685243607e-02 2.559608838055282831e-04 9.608524851500988007e-03 1.866151578724384308e-02 7.438522297888994217e-03 4.465194046497344971e-02 3.509817272424697876e-02 3.367882966995239258e-02 8.807319216430187225e-03 1.271134591661393642e-03 7.113613188266754150e-03 2.349426504224538803e-03 5.940317176282405853e-03 4.410193115472793579e-02 1.195673923939466476e-02 9.578917175531387329e-03 1.684548519551753998e-02 5.293172318488359451e-03 1.814457960426807404e-02 2.333070710301399231e-02 2.017559483647346497e-02 4.689695779234170914e-03 5.755151621997356415e-03 2.793381223455071449e-03 1.623532548546791077e-02 2.712344517931342125e-03 3.647534921765327454e-02 5.168035160750150681e-03 7.177980616688728333e-03 1.840072497725486755e-02 5.345487222075462341e-02 1.845613820478320122e-03 2.536787837743759155e-02 2.774871326982975006e-02 3.174299001693725586e-02 3.219631733372807503e-03 2.695529349148273468e-02 1.930190622806549072e-02 1.944374642334878445e-03 3.035615431144833565e-03 5.278485268354415894e-02 3.150356933474540710e-03 1.844319701194763184e-02 3.166442364454269409e-02 5.539553705602884293e-03 5.639592185616493225e-03 4.450586065649986267e-02 9.303697384893894196e-03 8.009462617337703705e-03 1.509162038564682007e-02 1.786726713180541992e-02 7.832688279449939728e-03 3.818802908062934875e-02 2.349472045898437500e-02 4.466910380870103836e-03 1.546919811517000198e-02 1.808412186801433563e-02 3.530458314344286919e-03 9.372979402542114258e-03 5.300482735037803650e-03 8.586999028921127319e-03 9.869726374745368958e-03 1.503333565779030323e-03 8.049636147916316986e-03 1.667003519833087921e-02 1.528136245906352997e-02 1.235274039208889008e-02 2.620445331558585167e-03 3.345961216837167740e-03 2.507857047021389008e-02 6.816993933171033859e-03 1.020268909633159637e-02 1.120694074779748917e-02 1.450771279633045197e-02
4.964770749211311340e-03 1.377604529261589050e-02 2.654601121321320534e-04 2.755380235612392426e-02 8.227565288543701172e-01 1.135034207254648209e-02 2.049759030342102051e-03 7.682142779231071472e-03 6.396012846380472183e-03 1.920042000710964203e-02 1.605131104588508606e-02 3.306125476956367493e-02 1.773750409483909607e-02 2.673811279237270355e-02 2.895871922373771667e-02 1.194083597511053085e-02 2.283544465899467468e-02 2.581368945538997650e-02 1.802864111959934235e-02 3.696155734360218048e-03 2.867227233946323395e-02 3.269581124186515808e-02 2.007641829550266266e-02 2.199139073491096497e-02 1.118623092770576477e-02 1.364038325846195221e-02 2.028903178870677948e-02 2.717491239309310913e-02 8.358182385563850403e-03 2.332742512226104736e-02 1.603080076165497303e-03 1.972430571913719177e-02 1.538807433098554611e-02 3.551570698618888855e-02 6.079494487494230270e-04 1.768863573670387268e-02 1.678876578807830811e-03 8.103216066956520081e-03 1.188433449715375900e-02 6.291664391756057739e-02 6.532220635563135147e-03 5.840689875185489655e-03 7.639096584171056747e-03 2.563498273957520723e-04 1.585447415709495544e-02 9.304177365265786648e-04 8.202380500733852386e-03 2.580287109594792128e-04 2.518955385312438011e-03 8.291482808999717236e-04 1.039182487875223160e-02 1.204602047801017761e-02 9.258795529603958130e-03 1.085236575454473495e-02 1.058025471866130829e-02 4.921204410493373871e-03 6.076237652450799942e-03 1.520971115678548813e-02 2.356964536011219025e-02 1.541213784366846085e-02 2.431142330169677734e-02 2.318058162927627563e-02 1.947428286075592041e-02 4.154483787715435028e-03 2.952942997217178345e-02 9.211762808263301849e-03 8.202508091926574707e-03 2.361807040870189667e-02 1.338203670457005501e-03 1.291776169091463089e-02 1.730815693736076355e-02 4.554070532321929932e-03 7.775292731821537018e-03 1.331097353249788284e-02 2.630406618118286133e-02 1.652620732784271240e-02 4.714371170848608017e-03 2.179456688463687897e-02 1.185503089800477028e-03 1.296641305088996887e-02 1.468592323362827301e-02 1.554892212152481079e-02 2.257141284644603729e-02 5.322936922311782837e-02 1.991011016070842743e-02 1.216973830014467239e-02 3.824139386415481567e-02 4.402515012770891190e-03 9.833315387368202209e-03 1.941908150911331177e-03 1.194237079471349716e-02 2.936720475554466248e-02 1.018179301172494888e-02 2.138963434845209122e-03 2.275471342727541924e-03 2.195013687014579773e-02 1.224117819219827652e-02 1.423241570591926575e-02 1.537249237298965454e-02 2.462591975927352905e-02 1.279581338167190552e-02 5.969576537609100342e-03 1.193935796618461609e-02 1.325807068496942520e-02 1.133097708225250244e-02 1.092245243489742279e-02 4.220830276608467102e-03 1.592450775206089020e-02 3.201537998393177986e-03 2.805539406836032867e-03 1.045517902821302414e-02 1.572135649621486664e-02 1.619526743888854980e-02 1.161565631628036499e-02 5.599548108875751495e-03 1.406686101108789444e-02
4.822906851768493652e-02 5.693421512842178345e-02 2.788044139742851257e-02 2.114630676805973053e-02 1.135034207254648209e-02 8.227565288543701172e-01 4.624619707465171814e-02 2.423673402518033981e-03 5.440304055809974670e-03 1.311718579381704330e-02 3.130372241139411926e-02 4.364906251430511475e-02 5.596145987510681152e-02 4.063577204942703247e-02 2.876184694468975067e-02 7.651148363947868347e-03 1.625748351216316223e-02 4.332337528467178345e-03 1.311878766864538193e-02 1.218506786972284317e-02 1.457093656063079834e-02 1.999406144022941589e-02 3.526534140110015869e-02 2.626463584601879120e-02 2.210818044841289520e-02 3.893673419952392578e-02 1.257539819926023483e-02 2.913936041295528412e-02 5.415684543550014496e-03 3.522878512740135193e-02 1.977394148707389832e-02 7.146770134568214417e-03 1.763859577476978302e-02 5.338792689144611359e-03 1.807236857712268829e-02 1.199160236865282059e-02 9.844722226262092590e-03 1.037221308797597885e-02 2.882579108700156212e-03 7.544079795479774475e-03 1.297211274504661560e-02 2.425689744995906949e-04 1.175275072455406189e-03 1.100978814065456390e-03 4.977385047823190689e-03 2.115278039127588272e-03 7.133603096008300781e-02 7.901850156486034393e-03 7.489680428989231586e-04 2.757741138339042664e-02 1.280768867582082748e-02 4.466048907488584518e-03 9.232143871486186981e-03 5.950575228780508041e-03 1.839894615113735199e-02 3.374133026227355003e-03 2.803607657551765442e-02 3.414457291364669800e-02 1.770777069032192230e-02 2.607820183038711548e-02 2.515470981597900391e-02 5.527566652745008469e-03 3.726111724972724915e-03 2.886575646698474884e-02 3.352754563093185425e-02 3.761658445000648499e-02 2.565380558371543884e-02 1.418093871325254440e-02 7.862035185098648071e-03 2.152151614427566528e-02 2.247782982885837555e-02 1.003267522901296616e-02 6.987400352954864502e-03 2.783437259495258331e-02 2.600595168769359589e-02 2.555949846282601357e-03 1.973897963762283325e-02 1.220802962779998779e-02 1.710843760520219803e-03 4.114828538149595261e-03 2.586863003671169281e-03 4.538238979876041412e-03 1.329164393246173859e-02 2.203325927257537842e-02 1.395472511649131775e-02 4.890064708888530731e-03 7.175260689109563828e-03 1.483616791665554047e-02 7.874186150729656219e-03 1.530447136610746384e-02 2.290620096027851105e-02 8.134790696203708649e-03 1.091929851099848747e-03 1.799169182777404785e-02 1.086600776761770248e-02 1.710623316466808319e-02 4.225654527544975281e-03 5.133312661200761795e-03 7.402440067380666733e-03 6.849567289464175701e-04 2.019188180565834045e-02 2.560229785740375519e-02 2.230085246264934540e-02 2.926508709788322449e-02 1.870892010629177094e-02 4.923950182273983955e-04 7.011651992797851562e-03 1.357509172521531582e-03 1.633172482252120972e-02 1.071958430111408234e-02 1.920504681766033173e-02 1.339610852301120758e-02 1.150619518011808395e-02 1.283438969403505325e-02 5.758655723184347153e-03 1.649536308832466602e-03
2.408211119472980499e-02 3.077429905533790588e-02 6.128166336566209793e-03 2.654612064361572266e-02 2.049759030342102051e-03 4.624619707465171814e-02 8.227565288543701172e-01 6.635577883571386337e-03 6.869080010801553726e-03 2.387158572673797607e-02 3.384681791067123413e-02 3.708472102880477905e-02 1.595272868871688843e-02 4.058134928345680237e-02 1.616565324366092682e-02 8.693538606166839600e-03 7.612147368490695953e-03 2.824768796563148499e-02 7.153222337365150452e-03 2.341409027576446533e-02 2.138395234942436218e-02 2.715964568778872490e-03 2.503415383398532867e-02 2.507244050502777100e-02 2.694972977042198181e-02 2.006886154413223267e-02 7.803689222782850266e-03 1.457368023693561554e-02 2.793371118605136871e-02 2.785553596913814545e-02 1.409006118774414062e-02 2.706336602568626404e-02 1.412811223417520523e-02 2.123601734638214111e-02 4.134752787649631500e-03 1.148295588791370392e-02 8.378135040402412415e-03 1.258115377277135849e-02 1.166535075753927231e-02 1.214562077075242996e-02 1.471848506480455399e-02 1.406309567391872406e-02 1.538232527673244476e-02 4.783031996339559555e-03 2.106817625463008881e-02 2.089820988476276398e-02 4.091905429959297180e-02 5.343079939484596252e-02 1.853019185364246368e-02 8.506000041961669922e-03 5.741902161389589310e-03 6.475355941802263260e-03 2.609826438128948212e-02 1.082464773207902908e-02 1.655368693172931671e-02 4.911589203402400017e-04 2.296322211623191833e-02 2.146845310926437378e-02 2.226097881793975830e-02 3.067380376160144806e-02 2.763588726520538330e-02 2.720068441703915596e-03 5.735810380429029465e-03 1.411965582519769669e-02 2.978459559381008148e-02 2.290511690080165863e-02 2.055489271879196167e-02 1.508999522775411606e-02 1.671488955616950989e-02 8.722924627363681793e-03 1.111946161836385727e-02 1.948829740285873413e-02 9.291904279962182045e-04 1.266715768724679947e-02 1.456398889422416687e-02 7.953494787216186523e-03 7.581315468996763229e-03 1.667801849544048309e-02 1.919594360515475273e-03 2.118623070418834686e-02 1.011986657977104187e-02 4.856406245380640030e-03 1.506422832608222961e-02 9.404418058693408966e-03 2.138624526560306549e-02 1.900463737547397614e-02 1.372514199465513229e-02 9.667454287409782410e-03 9.972755797207355499e-03 2.587312832474708557e-02 4.019811004400253296e-02 9.545029606670141220e-04 3.438569605350494385e-02 2.345648966729640961e-02 2.346806414425373077e-02 2.954165451228618622e-02 2.959089586511254311e-03 6.906486116349697113e-03 1.626930944621562958e-02 1.535985246300697327e-02 1.153071969747543335e-02 2.083365432918071747e-02 9.108639322221279144e-03 1.014914549887180328e-02 2.790401503443717957e-02 1.936679705977439880e-02 5.935429362580180168e-04 5.991684272885322571e-03 1.672033593058586121e-02 9.448007680475711823e-03 4.810739774256944656e-03 3.568100801203399897e-04 1.659013517200946808e-02 1.882908120751380920e-02 1.967771910130977631e-03 3.817123593762516975e-03
1.220461819320917130e-02 9.047633036971092224e-03 3.079361468553543091e-02 1.408003084361553192e-02 7.682142779231071472e-03 2.423673402518033981e-03 6.635577883571386337e-03 8.227565288543701172e-01 1.791551895439624786e-02 1.791000366210937500e-02 7.183789275586605072e-03 1.135936006903648376e-02 2.429719455540180206e-02 1.647449657320976257e-02 4.354838281869888306e-02 1.859096065163612366e-02 1.576319895684719086e-02 3.875735448673367500e-03 1.166808069683611393e-04 1.063405629247426987e-02 1.070453878492116928e-02 2.092972025275230408e-02 9.467559866607189178e-03 1.273895893245935440e-02 4.853856284171342850e-03 1.113337744027376175e-02 2.419962920248508453e-02 1.824328303337097168e-02 7.357846479862928391e-03 1.394488383084535599e-02 1.080698217265307903e-03 6.081703584641218185e-03 2.006954886019229889e-02 1.779992319643497467e-02 2.619860228151082993e-03 1.838156208395957947e-02 5.839372985064983368e-03 1.341009233146905899e-02 1.992140337824821472e-02 5.860762204974889755e-03 3.042081836611032486e-03 1.772972382605075836e-02 9.216839447617530823e-03 7.019578013569116592e-03 2.286642976105213165e-02 1.963389664888381958e-02 4.121375270187854767e-03 3.387344302609562874e-03 2.106427960097789764e-02 2.445547096431255341e-02 6.207468919456005096e-03 8.954398334026336670e-03 1.835035718977451324e-02 1.367709599435329437e-02 1.711476407945156097e-02 2.283957973122596741e-02 6.703474558889865875e-03 8.119978941977024078e-03 2.092906832695007324e-02 2.043900545686483383e-03 5.025483202189207077e-03 1.709645148366689682e-03 9.618266485631465912e-03 4.807347897440195084e-03 1.589501649141311646e-02 3.403002861887216568e-03 4.748269915580749512e-03 2.256280183792114258e-02 1.323817577213048935e-02 1.737887039780616760e-02 6.393329240381717682e-03 1.941772922873497009e-02 2.688478445634245872e-03 1.589125581085681915e-02 1.572425477206707001e-02 2.049526013433933258e-02 4.313288256525993347e-03 1.840398833155632019e-02 5.564614664763212204e-03 9.933236055076122284e-03 7.200830429792404175e-02 3.770833462476730347e-02 4.228885751217603683e-03 5.574749317020177841e-03 9.746029973030090332e-03 1.747425412759184837e-03 4.498308897018432617e-02 3.750421106815338135e-02 4.895075224339962006e-03 1.155231054872274399e-02 8.284191600978374481e-03 2.126244641840457916e-02 1.358872093260288239e-02 2.295094914734363556e-02 2.337947860360145569e-02 2.126764878630638123e-02 1.455051265656948090e-02 4.733297042548656464e-03 1.846985705196857452e-02 2.274771220982074738e-02 4.945837892591953278e-03 2.255952917039394379e-02 5.123994778841733932e-03 7.702003698796033859e-03 2.202819660305976868e-02 1.467433571815490723e-02 1.126168528571724892e-03 1.067812088876962662e-02 1.524730771780014038e-02 2.403222955763339996e-02 1.758646219968795776e-02 1.982761779800057411e-03 8.599558845162391663e-03 8.407587185502052307e-03 1.529033877886831760e-03 1.520534511655569077e-02
4.456366514205001295e-05 3.361577400937676430e-03 5.380685906857252121e-03 4.092725738883018494e-02 6.396012846380472183e-03 5.440304055809974670e-03 6.869080010801553726e-03 1.791551895439624786e-02 8.227565288543701172e-01 9.298810735344886780e-03 1.585425436496734619e-02 2.085594646632671356e-02 1.054520998150110245e-02 1.827204396249726415e-04 8.720876649022102356e-03 2.162794955074787140e-02 3.408930450677871704e-02 3.892035037279129028e-02 1.206280314363539219e-03 1.863591372966766357e-02 2.538052201271057129e-02 2.932431409135460854e-03 2.432709001004695892e-02 1.666580326855182648e-02 1.164376549422740936e-02 1.086072996258735657e-02 1.024606358259916306e-02 1.054698228836059570e-02 2.304844325408339500e-03 1.371028926223516464e-02 1.691989786922931671e-02 2.446582540869712830e-02 1.061711343936622143e-03 7.179412990808486938e-03 2.269110269844532013e-02 2.386141382157802582e-02 8.833854459226131439e-03 1.220480888150632381e-03 3.245873004198074341e-02 1.373866293579339981e-02 1.013831235468387604e-02 1.871069148182868958e-02 1.172358356416225433e-02 3.263893723487854004e-02 2.178633026778697968e-02 5.286830477416515350e-03 5.234626587480306625e-03 6.579997483640909195e-03 6.808782927691936493e-03 1.224530767649412155e-02 1.773966476321220398e-02 2.786893025040626526e-02 2.042458625510334969e-03 6.642478983849287033e-03 8.544788695871829987e-03 2.579577825963497162e-02 8.958604186773300171e-03 1.312727946788072586e-02 1.947128027677536011e-02 1.083016674965620041e-02 1.079787733033299446e-03 8.668196387588977814e-03 2.395169250667095184e-02 1.719073019921779633e-02 1.633246056735515594e-02 1.039568055421113968e-02 5.541481077671051025e-03 4.469456151127815247e-03 5.121028795838356018e-02 1.629257202148437500e-02 2.968188747763633728e-02 3.812870010733604431e-02 3.567908331751823425e-02 1.096794661134481430e-02 2.826050296425819397e-02 4.205799475312232971e-02 7.060262560844421387e-02 2.295106649398803711e-02 4.850210994482040405e-02 2.038367791101336479e-03 5.149987991899251938e-03 1.928301714360713959e-02 3.419123217463493347e-02 2.809126628562808037e-03 1.029282808303833008e-02 9.199939086101949215e-04 1.691380981355905533e-03 9.225750342011451721e-03 2.643369138240814209e-02 1.695122220553457737e-03 6.444313097745180130e-03 6.742406170815229416e-03 1.160295587033033371e-02 2.946202456951141357e-02 2.640110626816749573e-02 2.608691575005650520e-03 8.092274889349937439e-03 3.115908429026603699e-02 3.757218271493911743e-02 2.063990198075771332e-02 4.163874313235282898e-02 1.124403066933155060e-02 1.246184762567281723e-02 1.979853492230176926e-03 7.686087861657142639e-03 1.748620346188545227e-02 3.085271082818508148e-02 1.753160543739795685e-02 1.486562541685998440e-03 2.462200354784727097e-03 1.063023461028933525e-03 3.960128873586654663e-03 1.940966933034360409e-03 5.946849938482046127e-03 1.209684833884239197e-02 8.326124399900436401e-03
8.244317024946212769e-03 1.440017390996217728e-02 1.855042204260826111e-02 1.437315531075000763e-02 1.920042000710964203e-02 1.311718579381704330e-02 2.387158572673797607e-02 1.791000366210937500e-02 9.298810735344886780e-03 8.227565288543701172e-01 4.862105939537286758e-03 1.559553574770689011e-02 4.731839057058095932e-03 3.376033529639244080e-02 1.672055944800376892e-02 2.029113285243511200e-02 2.048819139599800110e-02 2.163637056946754456e-02 5.633133649826049805e-02 4.674262832850217819e-03 5.852960981428623199e-03 5.588945932686328888e-03 5.319375079125165939e-03 2.262578532099723816e-02 1.918871328234672546e-02 7.638159207999706268e-03 5.173801444470882416e-03 2.055062353610992432e-02 6.102300714701414108e-03 7.932975888252258301e-03 1.909786835312843323e-02 3.224591165781021118e-02 1.333365216851234436e-02 4.835344105958938599e-02 2.357264421880245209e-02 1.231287792325019836e-02 1.633793301880359650e-02 4.238623369019478559e-04 4.279461689293384552e-03 3.155205398797988892e-02 2.644469030201435089e-03 1.054429099895060062e-03 1.579625904560089111e-02 3.112497180700302124e-02 1.255153119564056396e-02 2.266935445368289948e-02 1.038786023855209351e-02 2.186599932610988617e-02 8.333501406013965607e-03 4.471390321850776672e-02 6.397427525371313095e-03 1.557623967528343201e-02 1.660426892340183258e-02 2.627048408612608910e-03 3.297553211450576782e-02 4.845100641250610352e-02 1.329612080007791519e-02 2.968156524002552032e-02 6.411042995750904083e-03 2.447440847754478455e-02 8.339318446815013885e-03 4.618302360177040100e-02 8.098864927887916565e-03 1.747711328789591789e-03 9.831356583163142204e-04 1.284011872485280037e-03 3.376093925908207893e-03 4.340970888733863831e-03 2.404414815828204155e-03 3.008196875452995300e-02 5.133832246065139771e-02 2.043286897242069244e-02 1.603132486343383789e-02 3.193016722798347473e-02 1.573704555630683899e-02 7.373270578682422638e-03 6.912813987582921982e-04 6.491573154926300049e-02 5.280283279716968536e-03 5.185411125421524048e-02 6.720541976392269135e-03 1.221191510558128357e-02 8.507413440383970737e-04 4.292262345552444458e-02 2.790721505880355835e-02 5.312141776084899902e-02 1.686370000243186951e-02 4.731905646622180939e-03 2.270725369453430176e-02 3.373134508728981018e-02 1.313423831015825272e-02 9.357616305351257324e-03 2.551694959402084351e-02 4.976074211299419403e-03 8.263011462986469269e-03 8.008931763470172882e-03 2.016282081604003906e-02 9.679149836301803589e-03 7.793047465384006500e-03 2.340001426637172699e-02 1.322589069604873657e-02 2.942907391116023064e-03 3.999941982328891754e-03 1.206376869231462479e-02 1.678632758557796478e-02 1.221473049372434616e-02 1.368951424956321716e-02 1.752669550478458405e-02 3.169149626046419144e-03 3.077670000493526459e-03 2.884086780250072479e-02 6.042477209120988846e-03 4.920831415802240372e-03 1.559686195105314255e-02 8.460232056677341461e-03 1.972913974896073341e-03
5.359756574034690857e-02 4.454525932669639587e-02 7.169582415372133255e-03 8.983741281554102898e-05 1.605131104588508606e-02 3.130372241139411926e-02 3.384681791067123413e-02 7.183789275586605072e-03 1.585425436496734619e-02 4.862105939537286758e-03 8.227565288543701172e-01 2.760723000392317772e-03 4.308488592505455017e-02 1.188033609651029110e-03 3.165139630436897278e-02 1.625559478998184204e-02 1.222355198115110397e-02 1.875092647969722748e-02 1.364574953913688660e-02 2.713215071707963943e-04 3.059662878513336182e-02 2.112615853548049927e-02 1.748918322846293449e-03 4.985009785741567612e-03 3.128143958747386932e-03 1.236481033265590668e-02 3.137754648923873901e-02 2.215887885540723801e-03 4.257912561297416687e-02 1.672283164225518703e-03 4.258224368095397949e-02 1.121212821453809738e-02 2.306439355015754700e-02 1.487048692069947720e-03 2.417860738933086395e-02 3.479838371276855469e-02 2.162203937768936157e-02 3.192655369639396667e-02 7.356204558163881302e-03 1.061341259628534317e-02 2.482647076249122620e-02 2.462367713451385498e-02 2.078017964959144592e-02 3.636794863268733025e-03 2.033509872853755951e-02 9.404676035046577454e-03 3.265687823295593262e-02 1.944692805409431458e-02 1.557406224310398102e-02 1.115841884166002274e-02 7.832294330000877380e-03 2.149899024516344070e-03 4.178100824356079102e-02 2.045582048594951630e-02 1.703656651079654694e-02 8.824773132801055908e-03 1.921170949935913086e-02 9.279150515794754028e-03 3.652625903487205505e-02 2.162098512053489685e-02 1.963099837303161621e-02 9.646556340157985687e-03 8.630446158349514008e-03 2.253672108054161072e-03 5.509727820754051208e-02 4.644016548991203308e-02 2.086394466459751129e-02 2.054253406822681427e-02 1.339198090136051178e-02 3.211807087063789368e-02 6.948625203222036362e-03 4.427571967244148254e-02 1.441499218344688416e-02 2.331081405282020569e-02 1.475563971325755119e-03 3.728670999407768250e-02 1.178666949272155762e-02 3.704874543473124504e-03 1.100357528775930405e-02 1.175744086503982544e-02 1.215224037878215313e-04 2.072070166468620300e-02 2.230727812275290489e-03 1.284414902329444885e-02 4.087631125003099442e-03 1.266077440232038498e-02 2.646792307496070862e-02 3.211820870637893677e-02 3.936892375349998474e-03 5.123169627040624619e-03 4.592009261250495911e-02 2.670580334961414337e-02 1.602156274020671844e-02 4.853408411145210266e-02 7.815314456820487976e-03 2.303207991644740105e-03 1.988245174288749695e-02 3.299847245216369629e-02 2.288574725389480591e-02 1.465493999421596527e-02 7.328001316636800766e-03 1.129504106938838959e-02 5.812545306980609894e-03 1.328602991998195648e-02 1.865901984274387360e-02 1.253643655218183994e-03 2.056789398193359375e-02 3.333820775151252747e-02 3.031935775652527809e-03 2.909478917717933655e-02 1.851798221468925476e-02 1.431660912930965424e-02 1.459025498479604721e-02 8.754113689064979553e-03 2.369922772049903870e-02 5.152781959623098373e-03
3.012242494150996208e-03 1.111409626901149750e-02 1.002933713607490063e-03 7.379921153187751770e-03 3.306125476956367493e-02 4.364906251430511475e-02 3.708472102880477905e-02 1.135936006903648376e-02 2.085594646632671356e-02 1.559553574770689011e-02 2.760723000392317772e-03 8.227565288543701172e-01 1.829896867275238037e-02 7.565490156412124634e-02 1.749012805521488190e-02 3.426219895482063293e-02 3.921864926815032959e-02 2.421845123171806335e-02 2.922902815043926239e-02 9.276683442294597626e-03 7.822602987289428711e-03 1.008274406194686890e-02 6.884210556745529175e-02 6.422160565853118896e-02 2.789346687495708466e-02 2.614771202206611633e-02 1.668551191687583923e-02 6.753102689981460571e-02 1.303435955196619034e-02 7.399760931730270386e-02 5.118122324347496033e-03 3.386296331882476807e-02 5.636944435536861420e-03 2.484319731593132019e-02 6.262742448598146439e-03 1.249705068767070770e-02 1.847455510869622231e-03 1.813565194606781006e-02 1.540217362344264984e-02 2.809453010559082031e-02 1.758162677288055420e-02 1.168631762266159058e-02 1.778323017060756683e-02 9.870338253676891327e-03 1.432253047823905945e-02 2.135954331606626511e-03 2.937960810959339142e-02 7.110557518899440765e-03 7.299006916582584381e-03 2.607447095215320587e-02 1.337352208793163300e-02 1.913197454996407032e-03 2.741928212344646454e-03 1.604276895523071289e-02 2.377834729850292206e-02 3.171554952859878540e-02 8.264555595815181732e-03 2.257462032139301300e-02 1.397397369146347046e-02 2.551271021366119385e-02 6.927747279405593872e-03 8.083142340183258057e-03 3.100706730037927628e-03 1.767097227275371552e-02 1.330107916146516800e-02 5.148733500391244888e-03 1.719201798550784588e-03 4.763850476592779160e-03 1.333469524979591370e-02 9.497298742644488811e-04 1.494496688246726990e-02 1.878052018582820892e-03 2.840809710323810577e-02 4.110496956855058670e-03 4.702852293848991394e-02 1.171851996332406998e-03 2.400214411318302155e-02 1.037981454282999039e-02 1.573586091399192810e-02 2.000588178634643555e-02 2.944206120446324348e-03 1.850518863648176193e-03 2.992506697773933411e-02 2.936207316815853119e-02 2.501368708908557892e-02 2.159921079874038696e-02 1.964832656085491180e-02 1.870451495051383972e-03 2.619081875309348106e-03 3.646005317568778992e-02 9.522448293864727020e-03 8.912880439311265945e-04 1.607608050107955933e-02 2.111997222527861595e-03 1.976434141397476196e-02 2.425763942301273346e-02 6.528176367282867432e-03 2.408078406006097794e-03 1.706431247293949127e-02 2.018127124756574631e-03 1.058739516884088516e-02 1.284622121602296829e-02 2.358644414925947785e-04 8.984402753412723541e-03 1.703425869345664978e-02 2.928956644609570503e-03 1.956279389560222626e-03 1.537212915718555450e-02 2.460626652464270592e-03 1.376659050583839417e-02 2.188828773796558380e-03 3.174705430865287781e-03 6.172775290906429291e-03 1.064824964851140976e-02 2.702532149851322174e-02 1.793894171714782715e-02
4.937978833913803101e-02 5.857893452048301697e-02 1.117152441293001175e-02 1.682244613766670227e-02 1.773750409483909607e-02 5.596145987510681152e-02 1.595272868871688843e-02 2.429719455540180206e-02 1.054520998150110245e-02 4.731839057058095932e-03 4.308488592505455017e-02 1.829896867275238037e-02 8.227565288543701172e-01 1.366375945508480072e-02 5.501927062869071960e-02 4.934191238135099411e-03 1.203777361661195755e-02 3.007858060300350189e-03 2.609010320156812668e-03 1.080266293138265610e-02 3.113996796309947968e-02 4.640798643231391907e-02 1.091593503952026367e-02 1.196648459881544113e-03 7.818499580025672913e-05 1.631714031100273132e-02 3.551321849226951599e-02 8.343171328306198120e-03 5.509217153303325176e-04 9.473840706050395966e-03 3.687676042318344116e-02 8.091014809906482697e-03 1.677384041249752045e-02 1.079722307622432709e-02 1.797575876116752625e-02 3.417430073022842407e-02 1.914646103978157043e-02 2.662580460309982300e-02 4.107478540390729904e-03 4.791636485606431961e-03 3.396083787083625793e-02 4.780350718647241592e-03 1.059028785675764084e-02 1.480084657669067383e-02 1.209849212318658829e-02 7.943344535306096077e-04 4.358658939599990845e-02 1.433340366929769516e-02 9.181518107652664185e-03 1.643017679452896118e-02 5.974886007606983185e-04 1.833034306764602661e-02 1.949852705001831055e-02 2.405348420143127441e-02 2.422973513603210449e-03 2.946610329672694206e-03 6.279012653976678848e-03 1.867779716849327087e-02 1.755636185407638550e-02 2.365613915026187897e-02 1.989748701453208923e-02 6.721318699419498444e-03 6.868052762001752853e-03 6.154729519039392471e-03 3.022324666380882263e-02 4.261949658393859863e-02 1.201452128589153290e-02 7.855877280235290527e-03 8.513864129781723022e-03 3.559008985757827759e-02 1.620344631373882294e-02 2.383345738053321838e-02 7.519321516156196594e-03 3.101099282503128052e-02 1.324857212603092194e-02 1.266940310597419739e-02 2.393993735313415527e-02 9.586475789546966553e-03 1.400968176312744617e-03 1.092189364135265350e-02 1.638262346386909485e-02 2.528564445674419403e-02 3.771984716877341270e-03 1.534091029316186905e-02 2.034713281318545341e-03 1.354091428220272064e-02 2.385597303509712219e-02 4.075083136558532715e-02 7.813720963895320892e-03 8.308689109981060028e-03 6.563752423971891403e-03 3.396603465080261230e-02 2.651687944307923317e-03 3.107566013932228088e-02 7.552030496299266815e-03 2.624501939862966537e-03 2.231096290051937103e-02 1.475056633353233337e-02 1.330000534653663635e-02 6.029342301189899445e-03 1.374479033984243870e-03 8.092875941656529903e-05 1.909232698380947113e-02 1.903544738888740540e-02 1.385163981467485428e-02 1.145512424409389496e-02 1.527003478258848190e-02 1.768218353390693665e-03 5.713348276913166046e-03 1.423860155045986176e-02 2.377199381589889526e-02 2.004435984417796135e-03 8.782128803431987762e-03 1.775780506432056427e-02 2.343267947435379028e-02 1.511400938034057617e-02
