8.491331338882446289e-01 8.846906572580337524e-02 1.619886606931686401e-02 1.846994645893573761e-02 2.255428023636341095e-02 4.775627702474594116e-02 4.548853635787963867e-02 1.519568264484405518e-02 2.709572203457355499e-03 1.107700821012258530e-02 3.898185864090919495e-02 1.116279792040586472e-02 3.576154634356498718e-02 1.847062632441520691e-02 5.316212773323059082e-03 1.339477673172950745e-02 1.018969714641571045e-02 1.603560522198677063e-02 2.025297377258539200e-03 1.472805812954902649e-02 1.733599975705146790e-02 2.054757997393608093e-02 6.274765357375144958e-03 9.595614857971668243e-03 1.141916122287511826e-02 1.151417661458253860e-02 4.380640573799610138e-03 1.260542497038841248e-02 1.372569613158702850e-02 1.167947705835103989e-02 1.580581441521644592e-02 1.283155009150505066e-02 1.807116903364658356e-02 1.139740087091922760e-02 1.877342537045478821e-02 1.755233854055404663e-02 2.381948381662368774e-02 8.866744115948677063e-03 2.466039918363094330e-02 1.861340552568435669e-02 3.416890976950526237e-03 1.734177581965923309e-02 1.608449220657348633e-02 2.191261388361454010e-02 9.282176382839679718e-03 9.577210876159369946e-04 3.345262259244918823e-02 3.035880625247955322e-02 3.102811751887202263e-03 1.263566967099905014e-02 2.945673419162631035e-03 1.286425907164812088e-02 2.804357185959815979e-02 2.944241464138031006e-02 1.203887164592742920e-03 9.078799746930599213e-03 4.483708646148443222e-03 1.250225678086280823e-02 2.062997594475746155e-02 3.092620894312858582e-02 1.647479459643363953e-02 1.007773354649543762e-02 2.074930118396878242e-03 1.498269662261009216e-02 8.583915419876575470e-03 1.552620530128479004e-02 1.410448364913463593e-02 1.365603972226381302e-02 3.466679248958826065e-03 1.385998725891113281e-02 3.450219228398054838e-04 7.530942093580961227e-03 2.009539119899272919e-02 4.025926347821950912e-03 1.935884542763233185e-02 1.866725855506956577e-03 1.071363780647516251e-02 8.194376714527606964e-03 5.433088168501853943e-03 6.239472422748804092e-03 3.614262095652520657e-04 2.111157774925231934e-02 1.706631854176521301e-02 2.114691026508808136e-02 3.741993801668286324e-03 6.782937329262495041e-03 1.620590686798095703e-02 1.186328660696744919e-02 1.616512541659176350e-03 4.322858527302742004e-03 1.840074360370635986e-02 7.174156606197357178e-03 1.575811021029949188e-02 6.067282985895872116e-03 2.341016009449958801e-02 2.184487879276275635e-02 2.640985883772373199e-03 1.048167003318667412e-03 8.679387159645557404e-03 1.053847558796405792e-02 3.562439931556582451e-03 6.091355346143245697e-03 6.837137509137392044e-03 5.687822122126817703e-03 1.753897592425346375e-02 2.261907234787940979e-02 1.180023699998855591e-02 1.483947690576314926e-02 6.897457875311374664e-03 7.815288379788398743e-03 1.403027214109897614e-02 1.001334097236394882e-02 1.567474752664566040e-02 1.362975779920816422e-02 6.318720057606697083e-03 1.688303984701633453e-02
8.846906572580337524e-02 8.491331338882446289e-01 2.047117799520492554e-03 1.751820743083953857e-02 2.444778010249137878e-02 3.816396370530128479e-02 4.454373568296432495e-02 1.955699548125267029e-02 4.175977315753698349e-03 4.107869695872068405e-03 2.930097281932830811e-02 1.341304834932088852e-02 3.348077088594436646e-02 2.483559586107730865e-02 7.510823197662830353e-03 1.244853809475898743e-02 1.314606331288814545e-02 1.937475614249706268e-02 9.344934485852718353e-03 1.447122730314731598e-02 1.278463844209909439e-02 2.103789336979389191e-02 2.839439257513731718e-04 6.154907401651144028e-03 4.919154569506645203e-03 9.464028291404247284e-03 9.374626912176609039e-03 5.176795180886983871e-03 4.116670228540897369e-03 7.912451401352882385e-03 7.540049497038125992e-03 1.381423603743314743e-02 1.895398832857608795e-02 1.018830481916666031e-02 2.001650072634220123e-02 1.712454296648502350e-02 2.189626358449459076e-02 6.636509671807289124e-03 2.873862162232398987e-02 2.315626107156276703e-02 1.171452738344669342e-02 1.072943676263093948e-02 1.541219744831323624e-02 1.298695150762796402e-02 3.910503815859556198e-03 3.147620474919676781e-03 2.683551609516143799e-02 2.716989628970623016e-02 5.140348337590694427e-03 8.866879157721996307e-03 3.603356191888451576e-03 1.292394287884235382e-02 2.991041168570518494e-02 3.245221450924873352e-02 6.406367756426334381e-03 5.358452908694744110e-03 2.451261505484580994e-03 1.008256245404481888e-02 3.480644896626472473e-02 3.938150405883789062e-02 2.041234076023101807e-02 1.149429194629192352e-02 5.970537196844816208e-03 1.804771833121776581e-02 1.744266226887702942e-02 2.411330863833427429e-02 7.820568047463893890e-03 8.786509744822978973e-03 4.564542789012193680e-03 1.830218173563480377e-02 6.885543116368353367e-04 1.479199156165122986e-02 1.792543753981590271e-02 9.853581897914409637e-03 1.824461668729782104e-02 8.224983699619770050e-03 1.277555711567401886e-02 5.395146086812019348e-03 8.737513795495033264e-03 1.919937692582607269e-02 6.618196144700050354e-03 1.285832189023494720e-02 2.701599150896072388e-02 2.261241152882575989e-02 5.317340139299631119e-03 1.994082704186439514e-03 2.152159996330738068e-02 1.797921210527420044e-02 2.926037181168794632e-03 7.419558241963386536e-03 1.444209832698106766e-02 1.109968964010477066e-02 1.698701456189155579e-02 9.483156725764274597e-03 2.137720212340354919e-02 1.940569467842578888e-02 7.759408559650182724e-03 8.709553629159927368e-03 7.394840475171804428e-03 1.108823716640472412e-02 5.333920940756797791e-03 3.195651574060320854e-03 1.162573508918285370e-02 5.116724409162998199e-03 2.034850977361202240e-02 2.184694074094295502e-02 1.675257831811904907e-02 7.825232110917568207e-03 7.883675396442413330e-03 5.226405803114175797e-03 1.744437217712402344e-02 4.412716720253229141e-03 1.000036764889955521e-02 7.767414208501577377e-03 1.261127367615699768e-02 2.259825542569160461e-02
1.619886606931686401e-02 2.047117799520492554e-03 8.491331338882446289e-01 3.190434304997324944e-03 2.499436028301715851e-03 7.281631696969270706e-03 3.838849952444434166e-04 5.871391668915748596e-02 2.568608324509114027e-04 1.526588946580886841e-02 3.514528740197420120e-03 9.224874898791313171e-03 4.682901781052350998e-03 5.055346526205539703e-03 7.251670584082603455e-03 1.909787300974130630e-03 3.503347048535943031e-03 1.911662332713603973e-02 2.292026765644550323e-02 2.546654781326651573e-03 3.404889022931456566e-03 9.973443113267421722e-03 2.833698235917836428e-04 1.043812721036374569e-03 2.205810742452740669e-03 1.129805808886885643e-03 5.112142767757177353e-03 5.321137141436338425e-04 1.761292223818600178e-03 9.545427747070789337e-03 8.036939427256584167e-03 4.923848435282707214e-03 1.498751924373209476e-03 3.634270746260881424e-03 5.429060198366641998e-03 1.537016872316598892e-02 1.868070475757122040e-02 1.095756329596042633e-02 3.091575053986161947e-04 3.559309756383299828e-03 9.536478668451309204e-03 1.227159891277551651e-02 4.427143372595310211e-03 4.095024615526199341e-02 1.392972934991121292e-02 1.607417687773704529e-02 1.629266422241926193e-03 8.230390958487987518e-03 2.233746834099292755e-02 1.069397199898958206e-02 6.984115112572908401e-03 1.988730393350124359e-03 1.200573332607746124e-02 1.761689595878124237e-02 1.528550777584314346e-02 1.724863424897193909e-02 2.082980703562498093e-03 1.612422429025173187e-02 3.349108248949050903e-02 1.506615802645683289e-02 1.350394543260335922e-02 1.951409876346588135e-02 1.900599524378776550e-02 7.573325652629137039e-03 2.967919036746025085e-02 4.310906399041414261e-03 1.258443458937108517e-03 2.536487299948930740e-03 4.123247694224119186e-03 9.357135742902755737e-03 7.238274440169334412e-03 1.148445997387170792e-02 5.235483869910240173e-03 5.196451675146818161e-03 4.485449288040399551e-03 7.014896720647811890e-03 1.114419195801019669e-02 4.588573065120726824e-04 7.320125121623277664e-03 1.879054121673107147e-02 9.223794937133789062e-02 9.396239370107650757e-02 9.648015722632408142e-03 1.847499608993530273e-02 1.231800019741058350e-02 4.876864608377218246e-03 3.535680472850799561e-02 3.448173031210899353e-02 3.022248856723308563e-03 1.223301608115434647e-02 7.627360755577683449e-04 1.144324429333209991e-02 7.996669970452785492e-03 2.208496676757931709e-03 1.346659380942583084e-02 8.204353041946887970e-03 1.379381027072668076e-02 1.211560890078544617e-02 6.328416522592306137e-03 2.071522641927003860e-03 6.474933587014675140e-03 2.688289154320955276e-03 3.960015717893838882e-03 2.261930704116821289e-02 2.028848975896835327e-03 1.197158172726631165e-02 3.163363086059689522e-03 1.254165731370449066e-02 2.414396964013576508e-03 8.802598342299461365e-03 2.331199310719966888e-02 2.965650754049420357e-03 5.410376936197280884e-03 1.596087357029318810e-03 2.111421898007392883e-02 1.388181932270526886e-02
1.846994645893573761e-02 1.751820743083953857e-02 3.190434304997324944e-03 8.491331338882446289e-01 4.741381108760833740e-02 2.871753880754113197e-03 9.825769811868667603e-03 1.081222016364336014e-02 6.491167005151510239e-03 1.154729444533586502e-02 5.439281463623046875e-03 1.809503417462110519e-03 7.733542472124099731e-03 5.189637187868356705e-03 2.122163074091076851e-03 2.228951826691627502e-02 1.505067013204097748e-02 4.428036883473396301e-02 3.646541386842727661e-02 3.037088608834892511e-04 2.753730397671461105e-03 1.882270351052284241e-02 7.610965054482221603e-03 1.256156153976917267e-02 6.266495212912559509e-03 1.252657640725374222e-02 2.563120983541011810e-02 5.628695245832204819e-03 1.234707143157720566e-02 8.682900108397006989e-03 2.125163935124874115e-02 5.778574850410223007e-03 3.129433095455169678e-02 8.942833170294761658e-03 2.480057254433631897e-02 5.532400216907262802e-03 1.523911254480481148e-03 3.001641295850276947e-02 4.553122073411941528e-02 4.412611946463584900e-02 2.289468981325626373e-02 1.588887162506580353e-02 1.338682416826486588e-02 6.031277589499950409e-03 1.108559872955083847e-02 8.695611031726002693e-04 8.925420232117176056e-03 1.027859374880790710e-02 1.142943860031664371e-03 4.245780291967093945e-04 2.091990970075130463e-02 1.318923942744731903e-02 1.047481410205364227e-02 2.038681134581565857e-02 7.322665303945541382e-03 1.027595438063144684e-02 2.557377330958843231e-02 2.707266807556152344e-02 9.305253624916076660e-03 1.873317174613475800e-02 5.003085732460021973e-02 4.438843205571174622e-02 2.983507327735424042e-02 2.982714772224426270e-02 1.151907257735729218e-02 2.288451604545116425e-02 4.390222020447254181e-03 2.947438741102814674e-03 1.823474466800689697e-02 2.690918743610382080e-02 1.494911406189203262e-02 3.111976571381092072e-02 4.986735805869102478e-02 2.956208586692810059e-02 4.856920242309570312e-02 2.892165258526802063e-02 2.754641883075237274e-02 1.823245920240879059e-02 3.098313231021165848e-03 2.141298726201057434e-03 4.771955776959657669e-03 6.465369369834661484e-03 3.676753491163253784e-02 5.289692804217338562e-02 7.128363475203514099e-03 4.775705281645059586e-03 1.042452524416148663e-03 9.560759179294109344e-03 4.378051031380891800e-03 7.541716098785400391e-03 6.025922019034624100e-03 6.099866703152656555e-03 5.977320484817028046e-03 2.017906680703163147e-02 3.218450769782066345e-02 2.892509475350379944e-02 1.041912380605936050e-02 2.133644558489322662e-02 2.862386777997016907e-02 2.417819388210773468e-02 3.786020912230014801e-03 1.366395037621259689e-03 9.100656025111675262e-03 1.475290395319461823e-02 2.058923989534378052e-02 1.263214182108640671e-02 2.324360795319080353e-02 2.958117425441741943e-02 2.859399653971195221e-03 2.925035171210765839e-02 2.302937582135200500e-02 1.403717417269945145e-02 1.557282172143459320e-02 5.061803851276636124e-03 1.273862086236476898e-03 1.162350992672145367e-03
2.255428023636341095e-02 2.444778010249137878e-02 2.499436028301715851e-03 4.741381108760833740e-02 8.491331338882446289e-01 6.080389954149723053e-03 1.464571245014667511e-02 1.644480414688587189e-02 1.273422851227223873e-03 1.538754254579544067e-02 6.651901639997959137e-03 3.066740930080413818e-03 9.388157166540622711e-03 1.778693171218037605e-03 1.327243080595508218e-04 2.489401958882808685e-02 2.066432312130928040e-02 2.625240385532379150e-02 2.680604532361030579e-02 9.472545352764427662e-04 9.018877521157264709e-03 2.181820943951606750e-02 1.441126316785812378e-02 1.627308316528797150e-02 1.745524234138429165e-03 1.086672488600015640e-02 2.043346501886844635e-02 1.003501377999782562e-02 9.188440628349781036e-03 1.670402474701404572e-03 1.764918863773345947e-02 1.231326255947351456e-02 2.357656136155128479e-02 2.035871893167495728e-02 1.929813995957374573e-02 1.155787520110607147e-02 1.576867699623107910e-02 2.195311896502971649e-02 4.161198809742927551e-02 5.533300712704658508e-02 1.694197021424770355e-02 1.507084257900714874e-02 1.934819296002388000e-02 6.014063023030757904e-03 6.355788093060255051e-03 8.456558920443058014e-03 1.475205179303884506e-02 1.407236326485872269e-02 9.366606362164020538e-03 1.305547542870044708e-02 1.190072484314441681e-02 8.841079659759998322e-03 6.457186769694089890e-03 2.527813799679279327e-02 1.694117486476898193e-02 2.361419424414634705e-02 1.211564242839813232e-02 2.717042900621891022e-02 9.109826758503913879e-03 1.859580911695957184e-02 3.661268576979637146e-02 4.176748543977737427e-02 1.831823959946632385e-02 2.161322161555290222e-02 1.653116568922996521e-02 2.153962105512619019e-02 6.377090234309434891e-03 9.143341332674026489e-03 1.473455037921667099e-02 2.529020607471466064e-02 1.451683882623910904e-02 1.633260399103164673e-02 2.080791071057319641e-02 2.158134430646896362e-02 2.877259813249111176e-02 1.469118893146514893e-02 1.570162549614906311e-02 1.818516850471496582e-02 1.508041983470320702e-03 5.120432004332542419e-03 2.168579399585723877e-02 2.666574902832508087e-03 1.141319423913955688e-02 2.911700680851936340e-02 1.649324694881215692e-04 8.893855847418308258e-03 1.302747894078493118e-02 1.298097148537635803e-02 1.910291379317641258e-03 5.769921001046895981e-03 4.827602300792932510e-03 1.880024001002311707e-02 5.795848090201616287e-03 2.164536528289318085e-02 2.820654213428497314e-02 3.324812278151512146e-02 2.205059118568897247e-02 1.487836614251136780e-02 2.188992686569690704e-02 2.177000045776367188e-02 1.472899131476879120e-02 1.902617700397968292e-02 5.481174681335687637e-03 9.017317555844783783e-03 2.754423022270202637e-02 2.516687475144863129e-02 2.141658402979373932e-02 1.980616338551044464e-02 1.466895453631877899e-02 2.596731483936309814e-02 1.374066900461912155e-02 3.036403330042958260e-03 1.511848531663417816e-02 1.472568977624177933e-02 2.060185186564922333e-02 1.027188263833522797e-04
4.775627702474594116e-02 3.816396370530128479e-02 7.281631696969270706e-03 2.871753880754113197e-03 6.080389954149723053e-03 8.491331338882446289e-01 7.393896579742431641e-02 1.408223644830286503e-03 8.725473657250404358e-03 3.584220772609114647e-03 5.054436624050140381e-02 9.145271964371204376e-03 5.068786814808845520e-02 1.379596348851919174e-02 2.321367524564266205e-02 1.674467697739601135e-02 1.519309449940919876e-02 4.569385782815515995e-04 7.670380175113677979e-03 2.203907072544097900e-02 2.354484610259532928e-02 3.194384276866912842e-02 2.164308354258537292e-02 1.808510534465312958e-02 2.270094305276870728e-02 2.505227923393249512e-02 2.009822987020015717e-03 1.102797780185937881e-02 3.208064287900924683e-02 7.094955071806907654e-03 2.833574451506137848e-02 1.838023215532302856e-02 9.572077542543411255e-03 1.322571281343698502e-02 1.724424026906490326e-02 2.149363607168197632e-02 2.893154881894588470e-02 2.043889090418815613e-02 1.295369304716587067e-02 1.285435748286545277e-03 1.152788847684860229e-02 1.275872625410556793e-02 1.309704594314098358e-02 1.065182592719793320e-02 6.763008888810873032e-03 4.295164253562688828e-03 6.326762586832046509e-02 5.640425160527229309e-02 4.732032306492328644e-03 1.883167540654540062e-03 1.329421531409025192e-02 2.057993225753307343e-02 2.743809297680854797e-02 1.669743098318576813e-02 9.289892390370368958e-03 2.094647847115993500e-03 6.561262998729944229e-03 1.650205440819263458e-02 1.300303172320127487e-02 9.274248033761978149e-03 5.456528742797672749e-04 5.729966214857995510e-04 2.610897412523627281e-03 1.468384359031915665e-02 2.259732037782669067e-02 2.228053100407123566e-02 2.148536965250968933e-02 1.340515259653329849e-02 1.339904498308897018e-03 1.088332757353782654e-02 1.323169446550309658e-03 6.063079461455345154e-03 1.745078526437282562e-02 7.774348836392164230e-03 1.776841096580028534e-02 7.573766168206930161e-03 1.552285742945969105e-03 2.447359263896942139e-03 7.496122270822525024e-03 1.134160161018371582e-02 6.677587050944566727e-03 1.588425599038600922e-02 9.556232835166156292e-04 6.417819298803806305e-03 8.577087894082069397e-03 3.120711771771311760e-03 2.909926138818264008e-02 1.575682125985622406e-02 1.265481114387512207e-03 6.403204984962940216e-03 3.697914630174636841e-02 2.047505229711532593e-02 3.107198886573314667e-02 2.184288389980792999e-02 2.693611010909080505e-02 2.478508837521076202e-02 6.750976666808128357e-03 5.350140854716300964e-03 7.577201817184686661e-03 1.302810572087764740e-02 2.678737603127956390e-02 2.681987918913364410e-02 1.147828064858913422e-03 4.131559282541275024e-03 1.731162145733833313e-02 1.498770248144865036e-02 1.913936063647270203e-02 1.211430598050355911e-02 1.887328177690505981e-02 1.134304702281951904e-02 3.377435961738228798e-03 1.745181070873513818e-04 1.830096729099750519e-02 1.320139411836862564e-02 7.043102756142616272e-03 2.212651260197162628e-02
4.548853635787963867e-02 4.454373568296432495e-02 3.838849952444434166e-04 9.825769811868667603e-03 1.464571245014667511e-02 7.393896579742431641e-02 8.491331338882446289e-01 2.303651999682188034e-03 3.929478581994771957e-03 5.195579025894403458e-03 3.789936751127243042e-02 8.108198642730712891e-03 4.444209858775138855e-02 2.145433425903320312e-02 1.326168421655893326e-02 2.653697878122329712e-02 3.051585704088211060e-02 3.577793017029762268e-03 3.947461023926734924e-03 1.043686084449291229e-02 1.047659013420343399e-02 2.834468707442283630e-02 2.324752509593963623e-02 2.212226577103137970e-02 8.335540071129798889e-03 1.809825934469699860e-02 9.395107626914978027e-03 9.293340146541595459e-03 1.873704604804515839e-02 1.082515250891447067e-02 1.960949972271919250e-02 1.644454523921012878e-02 9.225357323884963989e-03 1.069347001612186432e-02 1.427759695798158646e-02 1.843187026679515839e-02 2.648197114467620850e-02 1.533557940274477005e-02 1.922530867159366608e-02 8.913736790418624878e-03 5.151724908500909805e-03 1.005653385072946548e-02 9.754610247910022736e-03 6.901456043124198914e-03 3.386027645319700241e-03 1.112686470150947571e-02 6.019002199172973633e-02 5.838305503129959106e-02 1.210568100214004517e-02 2.905800240114331245e-03 8.457271382212638855e-03 1.331179123371839523e-02 1.656406186521053314e-02 1.725708320736885071e-02 7.626586128026247025e-03 2.270383760333061218e-03 5.390036851167678833e-03 1.743887551128864288e-02 9.508809074759483337e-03 1.210741512477397919e-02 6.851672194898128510e-03 9.153554216027259827e-03 1.821517616917844862e-05 1.628828048706054688e-02 1.328200940042734146e-02 1.989345066249370575e-02 1.183497998863458633e-02 3.646029392257332802e-03 5.850001238286495209e-03 7.877754047513008118e-03 9.980451315641403198e-03 5.038871429860591888e-03 1.718750968575477600e-02 4.887948743999004364e-03 1.965427584946155548e-02 6.029947660863399506e-03 2.207814715802669525e-03 1.168081304058432579e-03 9.689268656075000763e-03 1.823287457227706909e-02 2.715661423280835152e-03 1.921639218926429749e-02 5.570812150835990906e-03 1.544711738824844360e-02 3.725151531398296356e-03 8.626907132565975189e-03 1.709424331784248352e-02 7.594407070428133011e-03 3.454807214438915253e-03 1.388667710125446320e-02 2.978060208261013031e-02 1.424504257738590240e-02 3.123306110501289368e-02 1.611186191439628601e-02 3.124776296317577362e-02 2.741523832082748413e-02 1.140520162880420685e-02 8.017253130674362183e-03 7.813180796802043915e-03 9.438935667276382446e-03 2.238911576569080353e-02 2.224904298782348633e-02 8.618426509201526642e-03 8.124724030494689941e-03 1.510318834334611893e-02 1.659371890127658844e-02 2.129966393113136292e-02 1.462093088775873184e-02 1.542075816541910172e-02 1.269284542649984360e-02 1.080136932432651520e-02 1.824445556849241257e-03 1.166302710771560669e-02 5.872713867574930191e-03 1.546155847609043121e-02 3.806905075907707214e-02
1.519568264484405518e-02 1.955699548125267029e-02 5.871391668915748596e-02 1.081222016364336014e-02 1.644480414688587189e-02 1.408223644830286503e-03 2.303651999682188034e-03 8.491331338882446289e-01 8.535857312381267548e-03 3.887493861839175224e-03 2.145162783563137054e-02 9.580823592841625214e-03 2.025120519101619720e-02 8.830601349472999573e-03 5.265305563807487488e-02 2.394733164692297578e-04 2.048778114840388298e-03 1.038972404785454273e-03 1.334222964942455292e-02 9.884631261229515076e-03 9.779567830264568329e-03 2.265921793878078461e-02 3.290846478193998337e-03 3.737345803529024124e-03 1.356422249227762222e-02 2.018537558615207672e-02 1.180880889296531677e-02 3.972891252487897873e-03 1.561065204441547394e-02 8.222450502216815948e-03 1.041885185986757278e-02 1.439642626792192459e-02 2.635428123176097870e-02 1.445590611547231674e-02 2.411018311977386475e-02 1.692193187773227692e-02 1.441121939569711685e-02 1.302070333622395992e-03 1.211261563003063202e-02 1.515924558043479919e-02 1.826921291649341583e-02 1.108931726776063442e-03 2.257453044876456261e-03 4.617132991552352905e-02 1.446900889277458191e-02 2.113078907132148743e-02 1.577891642227768898e-03 8.407682180404663086e-03 1.683207228779792786e-02 1.997401705011725426e-03 1.115353871136903763e-02 1.296854112297296524e-02 3.782661631703376770e-02 3.594907000660896301e-02 9.614268317818641663e-03 3.650393802672624588e-03 1.636317372322082520e-02 4.924486856907606125e-03 3.822813555598258972e-02 2.556034922599792480e-02 1.382314041256904602e-02 5.031344946473836899e-03 1.571667566895484924e-02 1.038968283683061600e-02 2.426568791270256042e-02 1.065883226692676544e-02 3.867862978950142860e-03 5.483076442033052444e-03 3.616920439526438713e-03 1.379610155709087849e-03 4.775901325047016144e-03 2.518284134566783905e-03 7.201457396149635315e-03 3.594290756154805422e-04 8.578060194849967957e-03 5.986724980175495148e-03 6.178438197821378708e-03 9.319306118413805962e-04 1.460330374538898468e-02 5.094943568110466003e-03 7.775082439184188843e-02 4.379975795745849609e-02 1.361205335706472397e-02 3.985789604485034943e-03 7.444906514137983322e-03 2.429597778245806694e-03 6.241921707987785339e-02 4.409069940447807312e-02 2.703400969039648771e-04 1.443111430853605270e-02 5.045707337558269501e-03 7.885797880589962006e-03 3.226248780265450478e-03 3.333298955112695694e-03 5.266178399324417114e-03 4.585390444844961166e-03 1.232577580958604813e-02 1.902670413255691528e-02 4.865890368819236755e-04 4.530336707830429077e-03 1.191947812912985682e-04 7.322549819946289062e-03 2.328348718583583832e-02 1.468450389802455902e-02 1.957213133573532104e-02 1.606078259646892548e-02 9.876418858766555786e-03 1.581514440476894379e-02 5.814733915030956268e-03 7.051779422909021378e-03 2.933525480329990387e-02 3.261196194216609001e-03 8.858613437041640282e-04 3.481542458757758141e-03 3.165646456182003021e-03 3.435713239014148712e-03
2.709572203457355499e-03 4.175977315753698349e-03 2.568608324509114027e-04 6.491167005151510239e-03 1.273422851227223873e-03 8.725473657250404358e-03 3.929478581994771957e-03 8.535857312381267548e-03 8.491331338882446289e-01 4.619175195693969727e-02 1.905289106070995331e-02 5.346637964248657227e-02 1.727451011538505554e-02 4.553911834955215454e-02 6.758746894774958491e-05 1.688225381076335907e-02 2.543727681040763855e-02 2.724666893482208252e-02 4.668996843975037336e-04 2.421232499182224274e-02 1.445108372718095779e-02 2.455851528793573380e-03 2.531129680573940277e-02 2.961273305118083954e-02 1.862686127424240112e-02 7.372897583991289139e-03 2.895340695977210999e-02 3.209668770432472229e-02 1.287161465734243393e-02 2.680730074644088745e-02 6.616740487515926361e-03 1.058839540928602219e-02 7.016919553279876709e-03 1.151806861162185669e-02 2.223237825091928244e-04 1.712210290133953094e-02 2.550258999690413475e-03 1.014044159092009068e-03 1.215243060141801834e-02 1.327063655480742455e-03 2.474146429449319839e-03 2.411073818802833557e-02 8.772102184593677521e-03 1.388310687616467476e-03 3.170573338866233826e-02 1.355201192200183868e-02 1.034166757017374039e-02 5.805576685816049576e-03 2.525313943624496460e-02 5.027201492339372635e-03 1.485042646527290344e-02 2.038927935063838959e-02 4.134668037295341492e-03 2.684475621208548546e-03 5.231352895498275757e-02 1.684460043907165527e-02 3.079279698431491852e-02 1.334381476044654846e-02 2.007543109357357025e-03 3.190381685271859169e-03 1.023108046501874924e-02 6.058731582015752792e-03 9.411030448973178864e-03 7.106870412826538086e-03 7.522570434957742691e-03 7.263200823217630386e-03 1.654888875782489777e-02 1.300106849521398544e-02 4.684386029839515686e-02 1.090542785823345184e-02 3.897528722882270813e-02 3.364872932434082031e-02 9.759758599102497101e-03 2.138427644968032837e-02 9.299465455114841461e-03 3.417616710066795349e-02 5.824890732765197754e-02 5.220587551593780518e-02 6.676333397626876831e-02 3.511918708682060242e-02 1.332085300236940384e-02 2.076738141477108002e-02 1.391679048538208008e-02 1.128466334193944931e-02 3.684458555653691292e-03 4.451195243746042252e-03 8.628004230558872223e-03 8.663207292556762695e-03 6.252647936344146729e-02 4.519252106547355652e-02 5.336680915206670761e-03 1.270605716854333878e-02 1.368530094623565674e-03 9.194986894726753235e-03 1.614059507846832275e-02 1.676625199615955353e-02 5.419518798589706421e-03 2.622208558022975922e-02 1.442871801555156708e-02 5.637667141854763031e-03 8.804053068161010742e-03 7.562935817986726761e-03 6.414497736841440201e-03 6.435111165046691895e-03 1.577037945389747620e-02 9.083094191737473011e-04 7.493166718631982803e-03 7.501953281462192535e-03 2.209785394370555878e-03 9.328786283731460571e-03 6.537685170769691467e-03 2.675910666584968567e-02 9.244122542440891266e-03 1.254485826939344406e-02 2.784110419452190399e-02 4.789131227880716324e-03
1.107700821012258530e-02 4.107869695872068405e-03 1.526588946580886841e-02 1.154729444533586502e-02 1.538754254579544067e-02 3.584220772609114647e-03 5.195579025894403458e-03 3.887493861839175224e-03 4.619175195693969727e-02 8.491331338882446289e-01 7.529805414378643036e-03 1.549927052110433578e-02 3.176300320774316788e-03 2.451175265014171600e-02 3.802652237936854362e-03 1.727562770247459412e-02 2.671774104237556458e-02 2.505336143076419830e-02 2.157126739621162415e-02 2.282128436490893364e-03 6.288550794124603271e-03 1.265698950737714767e-02 2.683388441801071167e-02 3.605882823467254639e-02 1.052258908748626709e-02 1.378388702869415283e-02 2.731317467987537384e-02 9.038045071065425873e-03 1.022072415798902512e-02 1.298813149333000183e-02 8.262475021183490753e-03 7.337686140090227127e-03 9.123889729380607605e-03 1.301664486527442932e-02 1.312930416315793991e-02 9.893314912915229797e-03 2.130895107984542847e-02 1.364517677575349808e-02 3.315380541607737541e-03 8.893467485904693604e-03 1.157554518431425095e-02 3.150015696883201599e-02 2.535364404320716858e-02 8.024249225854873657e-03 2.561368793249130249e-02 3.059634380042552948e-02 9.960132651031017303e-03 1.332435850054025650e-02 3.157592564821243286e-02 3.742642328143119812e-02 3.770197508856654167e-03 8.263926953077316284e-03 6.223841570317745209e-03 1.710600033402442932e-02 3.260850906372070312e-02 3.704585507512092590e-02 1.274801697582006454e-02 2.888163924217224121e-02 8.982940576970577240e-03 3.632242558524012566e-03 6.339298095554113388e-03 1.869075372815132141e-02 2.096810191869735718e-02 1.535034971311688423e-03 3.470062045380473137e-03 1.802091952413320541e-03 8.124092593789100647e-03 1.008761301636695862e-02 2.597078308463096619e-02 2.939238771796226501e-02 3.675759211182594299e-02 2.001922763884067535e-02 4.485003650188446045e-03 3.312160447239875793e-02 1.479179784655570984e-02 2.269179560244083405e-02 3.353524580597877502e-02 6.143467873334884644e-02 4.853531718254089355e-02 5.629793182015419006e-02 9.042608551681041718e-03 3.109887801110744476e-02 5.492168944329023361e-03 1.802999712526798248e-02 2.024015411734580994e-02 3.087077848613262177e-02 6.470100022852420807e-03 2.320741070434451103e-03 2.511141076683998108e-02 3.038032539188861847e-02 1.273570116609334946e-02 6.953591480851173401e-03 9.174593724310398102e-03 1.119341421872377396e-02 2.187977917492389679e-02 2.493453770875930786e-02 2.414830029010772705e-02 2.484748885035514832e-02 1.915494352579116821e-02 2.170673944056034088e-02 8.431513793766498566e-03 1.005615573376417160e-02 7.632968481630086899e-03 1.105082407593727112e-02 5.825180560350418091e-03 1.589929498732089996e-02 1.476942375302314758e-02 1.691568992100656033e-03 1.500930730253458023e-02 2.399505116045475006e-02 1.364165078848600388e-02 6.762569304555654526e-03 2.278465218842029572e-02 2.624751813709735870e-02 1.981342211365699768e-02 1.024961587972939014e-03
3.898185864090919495e-02 2.930097281932830811e-02 3.514528740197420120e-03 5.439281463623046875e-03 6.651901639997959137e-03 5.054436624050140381e-02 3.789936751127243042e-02 2.145162783563137054e-02 1.905289106070995331e-02 7.529805414378643036e-03 8.491331338882446289e-01 1.353610772639513016e-02 5.850524827837944031e-02 6.966941989958286285e-03 3.127694502472877502e-02 7.476857863366603851e-03 4.725298378616571426e-03 3.410650417208671570e-03 8.064298890531063080e-03 2.994018048048019409e-02 2.938530407845973969e-02 3.786155954003334045e-02 2.078318223357200623e-02 1.781060174107551575e-02 3.145784512162208557e-02 1.756601594388484955e-02 2.258498920127749443e-03 9.939242154359817505e-03 4.360057786107063293e-02 6.320684216916561127e-03 3.353268653154373169e-02 2.619410306215286255e-02 1.837307773530483246e-02 2.386810630559921265e-02 2.403559349477291107e-02 1.445239875465631485e-02 2.544536814093589783e-02 2.128129824995994568e-02 2.001543901860713959e-02 2.368158893659710884e-03 3.261889563873410225e-03 1.691452786326408386e-02 1.907511241734027863e-02 2.409253083169460297e-02 9.421795606613159180e-03 8.416105061769485474e-03 4.866724461317062378e-02 4.107544571161270142e-02 6.511938292533159256e-03 1.790773123502731323e-02 5.570372566580772400e-03 1.823935657739639282e-02 3.425986319780349731e-02 2.751342393457889557e-02 1.475008577108383179e-02 1.389023032970726490e-03 7.875473238527774811e-03 1.102950144559144974e-02 1.837310753762722015e-02 2.530146203935146332e-02 4.627425689250230789e-03 3.079180838540196419e-03 4.868345800787210464e-03 8.971107192337512970e-03 3.479052707552909851e-02 3.005134314298629761e-02 2.891722880303859711e-02 2.154703252017498016e-02 1.645400375127792358e-02 7.886166567914187908e-04 6.090367212891578674e-03 1.213940232992172241e-02 7.888494059443473816e-03 3.285013139247894287e-03 1.153576001524925232e-02 1.374754402786493301e-02 6.464845500886440277e-03 1.179232611320912838e-03 6.886048708111047745e-03 5.360470619052648544e-03 1.987761631608009338e-02 8.754995651543140411e-03 4.016689490526914597e-03 6.001013331115245819e-03 9.271599352359771729e-03 1.670697331428527832e-02 3.946242108941078186e-02 3.054439090192317963e-02 2.300133928656578064e-02 1.720256358385086060e-02 3.249958902597427368e-02 3.080945089459419250e-02 2.545803599059581757e-02 2.074985764920711517e-02 6.989193148910999298e-03 1.213994156569242477e-02 1.096749771386384964e-02 5.215908400714397430e-03 1.318574137985706329e-02 1.953065581619739532e-02 2.431699633598327637e-02 2.588264644145965576e-02 1.376132015138864517e-02 1.445745863020420074e-02 2.013133279979228973e-02 1.684240065515041351e-02 1.916545070707798004e-02 9.120505303144454956e-03 2.390987239778041840e-02 2.790704311337321997e-04 1.016543526202440262e-02 2.415176667273044586e-02 2.473038248717784882e-02 2.132051996886730194e-02 2.558366162702441216e-03 5.931546911597251892e-03
1.116279792040586472e-02 1.341304834932088852e-02 9.224874898791313171e-03 1.809503417462110519e-03 3.066740930080413818e-03 9.145271964371204376e-03 8.108198642730712891e-03 9.580823592841625214e-03 5.346637964248657227e-02 1.549927052110433578e-02 1.353610772639513016e-02 8.491331338882446289e-01 5.708831362426280975e-03 7.718773186206817627e-02 1.389512419700622559e-02 1.149912786786444485e-04 1.169323222711682320e-03 2.199511602520942688e-02 3.742766100913286209e-03 1.690706796944141388e-02 1.086784899234771729e-02 6.138746161013841629e-03 5.243835970759391785e-03 4.345958121120929718e-03 1.210025511682033539e-02 1.265158643946051598e-03 1.241561863571405411e-02 6.160622835159301758e-02 1.093968935310840607e-02 5.524687469005584717e-02 6.622330285608768463e-03 2.462231367826461792e-02 7.462699897587299347e-03 2.567558549344539642e-02 3.175690770149230957e-03 2.185028418898582458e-02 4.348642658442258835e-03 1.206221338361501694e-02 2.325482107698917389e-02 1.545169204473495483e-02 1.931437989696860313e-03 2.820359310135245323e-03 4.859777167439460754e-03 2.487950958311557770e-03 2.664452977478504181e-02 3.930690698325634003e-03 6.960538215935230255e-03 7.600307930260896683e-03 8.284929208457469940e-03 1.765910536050796509e-02 2.493801340460777283e-02 3.186331689357757568e-02 1.152411382645368576e-02 1.087533030658960342e-02 2.662509493529796600e-02 1.268592546693980694e-03 4.452530667185783386e-02 1.423093210905790329e-02 2.234443649649620056e-02 8.909140713512897491e-03 1.672382466495037079e-02 2.690444467589259148e-03 1.505220774561166763e-03 1.223877724260091782e-02 3.845353843644261360e-03 1.102869748137891293e-03 2.353140152990818024e-02 1.806377246975898743e-02 2.899364754557609558e-02 1.758442260324954987e-02 1.245487481355667114e-02 1.817109435796737671e-02 3.085990622639656067e-02 5.180597072467207909e-04 1.629821024835109711e-02 2.019472792744636536e-02 4.955833405256271362e-02 2.803503163158893585e-02 3.514858335256576538e-02 2.577162813395261765e-03 7.369650993496179581e-03 3.181718755513429642e-03 2.920871973037719727e-02 1.214025635272264481e-02 7.961569353938102722e-03 1.210170146077871323e-02 1.005773060023784637e-02 6.589459255337715149e-03 6.915014982223510742e-02 5.303002521395683289e-02 1.649789512157440186e-02 2.163542062044143677e-02 2.107283566147089005e-03 7.558526704087853432e-04 6.971137598156929016e-03 3.898569382727146149e-03 3.306312486529350281e-02 5.251016933470964432e-03 1.433679461479187012e-02 1.238757744431495667e-02 1.774789579212665558e-02 1.571767032146453857e-02 2.641917206346988678e-02 1.481639873236417770e-02 1.958144269883632660e-02 3.684360301122069359e-03 6.953073199838399887e-03 6.136437412351369858e-03 1.213888358324766159e-02 5.636364687234163284e-03 1.051935926079750061e-02 4.131489619612693787e-02 2.833019476383924484e-03 2.304372610524296761e-03 2.302564494311809540e-02 1.331590116024017334e-02
3.576154634356498718e-02 3.348077088594436646e-02 4.682901781052350998e-03 7.733542472124099731e-03 9.388157166540622711e-03 5.068786814808845520e-02 4.444209858775138855e-02 2.025120519101619720e-02 1.727451011538505554e-02 3.176300320774316788e-03 5.850524827837944031e-02 5.708831362426280975e-03 8.491331338882446289e-01 2.203464508056640625e-03 3.996778652071952820e-02 5.935214925557374954e-03 3.636530134826898575e-03 7.079188246279954910e-03 8.721167221665382385e-03 2.464515715837478638e-02 2.425137907266616821e-02 4.209332913160324097e-02 1.702728495001792908e-02 1.570087112486362457e-02 2.497168257832527161e-02 1.146490965038537979e-02 7.386381737887859344e-03 7.385181728750467300e-03 3.449961170554161072e-02 3.654203843325376511e-03 2.826462499797344208e-02 2.257964387536048889e-02 1.740186288952827454e-02 1.964725926518440247e-02 2.224703505635261536e-02 1.371557451784610748e-02 2.319870702922344208e-02 2.043442800641059875e-02 1.984187029302120209e-02 3.438290441408753395e-03 9.070614352822303772e-03 2.015675790607929230e-02 1.973001845180988312e-02 2.645475417375564575e-02 1.267173979431390762e-02 8.008802309632301331e-03 4.788859561085700989e-02 4.569445177912712097e-02 6.303681526333093643e-03 1.305985171347856522e-02 1.355882501229643822e-03 1.274399738758802414e-02 3.550239279866218567e-02 2.992611005902290344e-02 1.350146811455488205e-02 3.279517404735088348e-04 7.533654104918241501e-03 9.846510365605354309e-03 2.550148405134677887e-02 3.267166391015052795e-02 3.177110571414232254e-03 8.270815596915781498e-04 3.536346368491649628e-03 9.128337725996971130e-03 3.685640916228294373e-02 3.637915477156639099e-02 2.428491972386837006e-02 1.688368991017341614e-02 2.022857964038848877e-02 9.044050239026546478e-03 1.219362672418355942e-02 1.645421236753463745e-02 1.132403314113616943e-02 6.646511610597372055e-03 1.639244146645069122e-02 1.395750325173139572e-02 5.195089150220155716e-03 1.881990814581513405e-03 8.383547887206077576e-03 5.911748856306076050e-03 1.504182908684015274e-02 1.116181164979934692e-02 5.160354543477296829e-03 7.145542651414871216e-03 9.513568365946412086e-04 1.164565421640872955e-02 3.867948055267333984e-02 3.751773014664649963e-02 1.669507101178169250e-02 1.228042412549257278e-02 3.399345651268959045e-02 2.953620813786983490e-02 3.393467143177986145e-02 2.511120215058326721e-02 6.494518369436264038e-03 1.366880815476179123e-02 7.446283474564552307e-03 5.691468250006437302e-03 1.018425170332193375e-02 1.567328535020351410e-02 2.417598105967044830e-02 2.463378384709358215e-02 1.285758242011070251e-02 9.640280157327651978e-03 2.051064185798168182e-02 1.904265210032463074e-02 2.604502812027931213e-02 1.541273109614849091e-02 2.237113565206527710e-02 4.752363543957471848e-03 4.922762513160705566e-03 1.938096061348915100e-02 2.233459241688251495e-02 2.026912011206150055e-02 2.090167719870805740e-03 1.397762261331081390e-02
