8.425656557083129883e-01 9.870276600122451782e-02 5.938061047345399857e-03 3.051142580807209015e-02 2.307401038706302643e-02 8.535728603601455688e-02 6.890595704317092896e-02 2.243402414023876190e-02 3.087455173954367638e-03 3.959767520427703857e-03 8.799619227647781372e-02 3.892557695508003235e-03 5.745588615536689758e-02 8.228967897593975067e-03 8.351455908268690109e-04 8.301687426865100861e-03 4.807513207197189331e-03 1.661100424826145172e-02 9.836305864155292511e-03 3.549445653334259987e-03 4.467042628675699234e-03 2.089596167206764221e-02 5.061578471213579178e-03 2.663574647158384323e-03 6.017890293151140213e-03 1.818814780563116074e-03 3.392298473045229912e-03 7.644089404493570328e-03 2.643769048154354095e-02 1.229775138199329376e-02 1.779286004602909088e-02 7.718105800449848175e-03 2.362298592925071716e-02 8.303951472043991089e-04 2.429564297199249268e-02 1.750979758799076080e-02 1.682293787598609924e-02 2.017253823578357697e-02 9.960265830159187317e-03 1.204446330666542053e-02 6.456074304878711700e-03 1.054218504577875137e-02 1.761330291628837585e-02 2.005650475621223450e-02 1.536589395254850388e-02 3.829753026366233826e-03 7.358660548925399780e-02 5.754044651985168457e-02 4.435042850673198700e-03 8.920285035856068134e-04 3.158301406074315310e-04 1.455979514867067337e-02 4.547199234366416931e-03 2.006358932703733444e-03 5.818375386297702789e-03 1.720319269225001335e-03 9.707216173410415649e-03 7.709497003816068172e-04 1.059431303292512894e-02 1.349140889942646027e-02 7.968894205987453461e-03 2.839002758264541626e-03 2.790614403784275055e-02 3.490455076098442078e-02 1.663436740636825562e-02 1.032787747681140900e-02 6.714003160595893860e-03 6.753875873982906342e-03 3.161561908200383186e-03 1.640232163481414318e-03 6.089016795158386230e-03 1.285861525684595108e-02 1.869086921215057373e-02 2.156845992431044579e-03 2.456534130033105612e-04 3.431227989494800568e-03 3.554645460098981857e-03 4.784162621945142746e-03 5.292946938425302505e-03 4.521545954048633575e-03 2.462257258594036102e-02 2.536930702626705170e-02 1.366309449076652527e-02 7.668561767786741257e-03 1.474649924784898758e-02 1.328439172357320786e-02 2.274768799543380737e-02 1.802685111761093140e-02 3.533765673637390137e-03 4.353787750005722046e-03 4.680636897683143616e-02 8.948963135480880737e-03 4.375914111733436584e-02 8.313205093145370483e-03 7.729047792963683605e-04 4.115506075322628021e-03 4.972342401742935181e-03 3.278133692219853401e-03 7.796117570251226425e-03 8.675966411828994751e-03 5.199371371418237686e-04 4.276686813682317734e-03 9.681160561740398407e-03 7.156486622989177704e-03 8.903939276933670044e-03 2.168615534901618958e-02 1.282892748713493347e-02 2.675478160381317139e-02 1.556909549981355667e-02 3.356199711561203003e-02 3.302295925095677376e-03 1.749048940837383270e-02 4.408367999531037640e-07 3.482636995613574982e-03 5.175680387765169144e-03 2.915318123996257782e-03
9.870276600122451782e-02 8.425656557083129883e-01 6.700417492538690567e-03 3.189536184072494507e-02 2.231539599597454071e-02 7.742252945899963379e-02 7.616639882326126099e-02 1.809789054095745087e-02 1.544387359172105789e-02 2.025967696681618690e-03 8.138499408960342407e-02 1.242878497578203678e-03 6.594363600015640259e-02 8.674010634422302246e-03 7.266069878824055195e-04 1.642956025898456573e-02 1.206706278026103973e-02 2.349261566996574402e-02 1.109922677278518677e-02 3.911054693162441254e-03 4.718210082501173019e-03 2.144687250256538391e-02 7.977385073900222778e-03 1.113584148697555065e-03 5.069891922175884247e-03 5.942622199654579163e-03 3.832337679341435432e-03 4.771882668137550354e-03 3.489143028855323792e-02 1.492153014987707138e-02 3.043267689645290375e-02 7.006851024925708771e-03 1.986521296203136444e-02 2.063757972791790962e-03 1.628192700445652008e-02 1.122495811432600021e-02 1.137817185372114182e-02 2.006557025015354156e-02 1.325421314686536789e-02 1.742157526314258575e-02 8.122142404317855835e-03 1.639341749250888824e-02 2.714104205369949341e-02 1.257262192666530609e-02 1.439110841602087021e-02 8.201443590223789215e-03 6.845064461231231689e-02 6.232255324721336365e-02 2.613576129078865051e-03 7.528960704803466797e-03 1.123377401381731033e-02 2.281835675239562988e-02 1.038040313869714737e-02 1.962887123227119446e-03 7.800350431352853775e-03 7.574715651571750641e-03 1.155922096222639084e-02 9.677223861217498779e-03 1.019202638417482376e-03 1.124897878617048264e-02 7.748897187411785126e-03 2.487327205017209053e-03 2.139190025627613068e-02 2.537746913731098175e-02 2.118676714599132538e-02 1.594701409339904785e-02 3.405288094654679298e-03 1.550367916934192181e-03 1.080569066107273102e-02 4.907733295112848282e-03 1.454029581509530544e-03 9.674073196947574615e-03 1.898892223834991455e-02 1.090683694928884506e-02 2.633838215842843056e-03 1.467477646656334400e-03 1.532422378659248352e-02 9.903977625072002411e-04 9.124963544309139252e-03 5.852542351931333542e-03 2.146869152784347534e-02 2.632446587085723877e-02 2.061527036130428314e-02 1.119642611593008041e-02 1.037056371569633484e-02 1.207955833524465561e-02 1.929856091737747192e-02 1.745976507663726807e-02 1.010210067033767700e-02 5.672472529113292694e-03 4.599212110042572021e-02 9.408690035343170166e-03 4.755449667572975159e-02 1.148715056478977203e-02 1.722759217955172062e-03 3.565059509128332138e-03 4.508785437792539597e-03 1.481605577282607555e-03 7.419753819704055786e-03 1.342149358242750168e-02 2.989279106259346008e-03 4.490694962441921234e-03 1.169215305708348751e-03 6.161704659461975098e-03 1.183625310659408569e-03 1.230817381292581558e-02 6.137511227279901505e-03 1.276986207813024521e-02 1.189546380192041397e-02 2.121673338115215302e-02 1.018587779253721237e-02 1.471798121929168701e-02 9.231403470039367676e-03 1.213355641812086105e-02 9.486623108386993408e-03 9.101008996367454529e-03
5.938061047345399857e-03 6.700417492538690567e-03 8.425656557083129883e-01 3.112844889983534813e-03 1.805892959237098694e-02 7.148616481572389603e-03 1.470047142356634140e-02 3.580009564757347107e-02 4.388846457004547119e-03 2.015160396695137024e-02 1.966038532555103302e-02 1.984891947358846664e-03 2.196174347773194313e-03 1.041719806380569935e-03 3.448388073593378067e-03 1.055724266916513443e-02 1.150500215590000153e-02 7.129289209842681885e-03 1.371806394308805466e-02 1.449116133153438568e-02 2.709638793021440506e-03 1.692668651230633259e-03 1.232471968978643417e-02 6.269561592489480972e-03 2.005855785682797432e-03 6.478376220911741257e-03 7.650613784790039062e-03 6.431449670344591141e-03 1.538310106843709946e-02 2.007408067584037781e-02 2.410163637250661850e-03 7.883674465119838715e-03 1.975616626441478729e-02 9.191358461976051331e-03 8.370343595743179321e-03 1.375868823379278183e-02 2.304070396348834038e-03 1.966378465294837952e-02 1.005995180457830429e-02 2.197720482945442200e-02 4.292771592736244202e-02 2.313305065035820007e-02 1.557398773729801178e-02 3.298302367329597473e-02 1.810349337756633759e-02 1.723176799714565277e-02 1.661008223891258240e-02 1.852566562592983246e-02 7.026281673461198807e-03 6.529401522129774094e-03 3.312813118100166321e-03 5.332525819540023804e-03 1.529338117688894272e-02 2.071874041575938463e-04 8.282120339572429657e-03 1.211572438478469849e-02 6.059491075575351715e-03 2.382415346801280975e-02 1.405469840392470360e-03 1.981638371944427490e-03 1.319872774183750153e-02 1.600298564881086349e-03 7.419161964207887650e-03 5.914202425628900528e-03 1.450013928115367889e-02 1.675407774746417999e-02 9.763567708432674408e-03 3.917972557246685028e-03 5.492166150361299515e-03 1.401402405463159084e-03 6.631200201809406281e-03 1.274042017757892609e-02 3.521400038152933121e-03 1.169237191788852215e-03 1.766086742281913757e-02 8.753723464906215668e-03 2.573850331827998161e-03 1.116484403610229492e-02 1.360347215086221695e-02 1.928059570491313934e-02 1.026860624551773071e-01 5.524050816893577576e-02 4.290496464818716049e-03 6.111747934482991695e-04 1.420931331813335419e-02 1.574276201426982880e-02 2.848701737821102142e-02 7.933742366731166840e-03 1.118884701281785965e-02 1.348211802542209625e-02 1.117604970932006836e-02 3.484044689685106277e-03 9.525179862976074219e-03 1.315134810283780098e-03 1.346123986877501011e-03 2.960436686407774687e-04 1.214217673987150192e-02 1.315116696059703827e-02 1.352568157017230988e-02 8.634534664452075958e-03 6.350130308419466019e-03 1.295124646276235580e-02 5.299631040543317795e-03 2.597406040877103806e-03 4.819781053811311722e-03 1.790038868784904480e-02 1.382920518517494202e-02 1.783517003059387207e-02 1.270141638815402985e-02 1.707691140472888947e-02 1.541576348245143890e-02 1.771498844027519226e-02 2.779259346425533295e-02 1.483116857707500458e-02 2.807476790621876717e-03 1.536622550338506699e-02
3.051142580807209015e-02 3.189536184072494507e-02 3.112844889983534813e-03 8.425656557083129883e-01 5.964196845889091492e-02 2.685608528554439545e-02 2.675910666584968567e-02 2.002728171646595001e-02 1.070770435035228729e-02 5.871226545423269272e-03 1.922724023461341858e-02 1.210434269160032272e-02 2.630666643381118774e-02 1.543135009706020355e-02 1.895823515951633453e-02 3.717088326811790466e-02 3.125100582838058472e-02 3.682954609394073486e-02 3.866455331444740295e-02 9.270517155528068542e-03 6.524449214339256287e-03 1.675086468458175659e-02 2.126963250339031219e-02 1.850544847548007965e-02 1.651726476848125458e-02 1.767844893038272858e-02 1.069130748510360718e-02 2.786651253700256348e-02 1.795015856623649597e-02 1.403424702584743500e-02 4.472818225622177124e-03 1.282366551458835602e-02 2.588145434856414795e-02 1.875130273401737213e-02 2.802036888897418976e-02 9.412277489900588989e-03 1.149222068488597870e-02 2.934420714154839516e-03 4.624689370393753052e-02 4.279651492834091187e-02 1.158321741968393326e-02 1.832318305969238281e-02 2.285452932119369507e-02 8.285400457680225372e-03 1.388077158480882645e-02 2.081014215946197510e-02 1.977704465389251709e-02 1.318636629730463028e-02 5.460631567984819412e-03 2.593129407614469528e-03 9.000972844660282135e-03 5.861992016434669495e-03 1.190614793449640274e-02 1.104396767914295197e-02 1.377376355230808258e-02 1.143867895007133484e-02 3.585685417056083679e-02 2.393566444516181946e-02 7.758978288620710373e-03 1.784638687968254089e-02 3.507316857576370239e-02 3.797295317053794861e-02 3.212266042828559875e-02 2.819511108100414276e-02 1.773281767964363098e-02 6.028892006725072861e-03 9.239108301699161530e-03 5.596625618636608124e-03 4.107099771499633789e-02 8.352559991180896759e-03 3.294536098837852478e-02 1.606132602319121361e-03 5.775103345513343811e-02 1.395491883158683777e-03 2.565560862421989441e-02 1.742670196108520031e-03 1.393356453627347946e-02 8.997750410344451666e-05 1.682054251432418823e-02 1.072879228740930557e-02 1.101542543619871140e-02 2.617449266836047173e-03 4.710768908262252808e-02 3.661360591650009155e-02 5.237547447904944420e-04 9.696636348962783813e-03 1.358252204954624176e-02 2.313424367457628250e-03 3.165967017412185669e-02 1.151556987315416336e-02 1.428258046507835388e-02 1.452469173818826675e-02 8.278391323983669281e-03 1.138537377119064331e-02 3.116879053413867950e-02 3.103814832866191864e-02 1.239728461951017380e-02 2.049260586500167847e-02 5.650792736560106277e-03 8.802376687526702881e-03 2.069448493421077728e-02 2.083489298820495605e-02 7.262852508574724197e-03 1.260287035256624222e-02 1.964773237705230713e-02 8.045502007007598877e-03 2.340866811573505402e-02 1.829712651669979095e-02 2.042404562234878540e-02 2.098624035716056824e-02 1.345426309853792191e-03 1.572344638407230377e-02 1.788675785064697266e-02 2.099630422890186310e-02 1.006279885768890381e-02 1.068342753569595516e-04
2.307401038706302643e-02 2.231539599597454071e-02 1.805892959237098694e-02 5.964196845889091492e-02 8.425656557083129883e-01 1.503382157534360886e-02 1.353399362415075302e-02 2.501591295003890991e-02 3.124885028228163719e-03 2.163061406463384628e-03 1.827387139201164246e-02 6.550244987010955811e-03 2.154080010950565338e-02 1.055401656776666641e-02 2.515986189246177673e-02 3.312963619828224182e-02 3.212538361549377441e-02 3.339411690831184387e-02 3.516709432005882263e-02 9.368760511279106140e-03 1.165701635181903839e-02 1.680933311581611633e-02 1.788573339581489563e-02 1.629333384335041046e-02 1.700814440846443176e-02 1.847373135387897491e-02 7.643469609320163727e-03 2.120058611035346985e-02 1.953462138772010803e-02 1.226993091404438019e-02 4.826262593269348145e-03 1.394883822649717331e-02 1.366667635738849640e-02 2.163355797529220581e-02 2.219252474606037140e-02 1.222413778305053711e-02 1.620789058506488800e-02 5.337174050509929657e-03 4.559521004557609558e-02 4.771878197789192200e-02 1.549219898879528046e-02 1.534498762339353561e-02 1.882340386509895325e-02 1.847843453288078308e-02 9.429679252207279205e-03 1.849203184247016907e-02 1.249666418880224228e-02 9.297363460063934326e-03 1.162433531135320663e-02 4.869160242378711700e-03 2.744677010923624039e-03 2.811991376802325249e-03 5.387325771152973175e-03 1.148714218288660049e-02 1.488992664963006973e-02 1.196694001555442810e-02 2.909271791577339172e-02 2.126785367727279663e-02 6.561215966939926147e-03 1.564839482307434082e-02 3.016512282192707062e-02 3.957953304052352905e-02 1.978026703000068665e-02 1.880328357219696045e-02 1.611496321856975555e-02 1.231816597282886505e-02 1.723730191588401794e-02 1.011769846081733704e-02 3.122491948306560516e-02 3.141325898468494415e-03 2.806271240115165710e-02 6.448617670685052872e-03 4.826536774635314941e-02 7.908258587121963501e-03 3.892981633543968201e-02 1.251282985322177410e-03 1.895494875498116016e-03 4.695171955972909927e-03 1.775514706969261169e-02 1.094924937933683395e-02 2.017970941960811615e-02 9.886061772704124451e-03 3.573402017354965210e-02 4.087236151099205017e-02 6.802765186876058578e-03 1.166186202317476273e-02 2.417967468500137329e-02 2.393010538071393967e-03 2.322891540825366974e-02 4.880546126514673233e-03 1.160526182502508163e-02 7.768395356833934784e-03 5.403013899922370911e-03 8.864367380738258362e-03 3.606346622109413147e-02 3.682570159435272217e-02 4.498241934925317764e-03 1.662859506905078888e-02 6.681824102997779846e-03 6.669253110885620117e-03 2.285055071115493774e-02 2.270073071122169495e-02 1.476169913075864315e-03 5.411677993834018707e-03 1.632110960781574249e-02 2.128391293808817863e-03 2.428365685045719147e-02 1.611215621232986450e-02 2.309113740921020508e-02 1.336974836885929108e-02 2.669159322977066040e-03 1.435087434947490692e-02 1.771189458668231964e-02 1.872704923152923584e-02 3.788602538406848907e-03 9.592140093445777893e-03
8.535728603601455688e-02 7.742252945899963379e-02 7.148616481572389603e-03 2.685608528554439545e-02 1.503382157534360886e-02 8.425656557083129883e-01 1.002045348286628723e-01 4.006076231598854065e-02 6.760957185178995132e-03 1.138296094723045826e-03 6.823808699846267700e-02 2.120858244597911835e-02 5.576240643858909607e-02 2.964623272418975830e-02 1.894185505807399750e-02 4.162855911999940872e-03 1.602328382432460785e-03 1.405484601855278015e-02 1.518408209085464478e-02 9.762288071215152740e-03 4.382570739835500717e-03 8.847423829138278961e-03 5.967689678072929382e-03 3.311501815915107727e-03 2.700291341170668602e-03 8.579094894230365753e-03 1.728632673621177673e-02 1.506912335753440857e-02 2.371848002076148987e-02 2.266017720103263855e-02 2.619804255664348602e-02 1.092079281806945801e-02 4.932774696499109268e-03 2.323912223801016808e-03 5.057301837950944901e-03 1.420930493623018265e-03 7.999780587852001190e-03 2.173858322203159332e-02 5.826483014971017838e-03 3.331950167194008827e-03 1.587370294146239758e-03 4.312548786401748657e-03 6.291153840720653534e-03 5.265701096504926682e-03 1.810493133962154388e-02 1.190284825861454010e-02 9.526919573545455933e-02 6.899616122245788574e-02 8.137115277349948883e-03 1.050353894243016839e-04 8.787993341684341431e-03 3.783138468861579895e-03 6.948439404368400574e-03 4.450958687812089920e-03 1.097557507455348969e-02 1.775055570760741830e-04 7.049940992146730423e-03 7.659656926989555359e-03 3.271157620474696159e-03 4.019158077426254749e-04 7.702442351728677750e-03 1.359504822175949812e-04 1.942465640604496002e-02 1.966686733067035675e-02 2.461080253124237061e-02 2.612746320664882660e-02 6.902639288455247879e-03 7.818602956831455231e-03 2.266855444759130478e-03 5.481987260282039642e-03 6.992270704358816147e-03 1.387136243283748627e-02 1.104382425546646118e-02 7.295870222151279449e-03 1.088440604507923126e-02 1.216021366417407990e-02 3.440265776589512825e-03 1.007416067295707762e-04 1.066901627928018570e-02 9.075200185179710388e-03 2.465643733739852905e-02 2.886118367314338684e-02 1.127418130636215210e-02 3.496251069009304047e-03 1.433699671179056168e-02 1.130149140954017639e-02 3.285798802971839905e-02 1.408784557133913040e-02 4.830517864320427179e-04 3.046650905162096024e-03 4.675567150115966797e-02 3.447878407314419746e-03 5.001479759812355042e-02 1.350267231464385986e-02 9.045188315212726593e-03 8.867943659424781799e-03 3.812498180195689201e-03 3.787722904235124588e-03 5.921091418713331223e-03 2.202608622610569000e-03 2.274748694617301226e-04 6.515369284898042679e-03 6.126860156655311584e-03 7.202771026641130447e-03 9.292368777096271515e-03 5.676823202520608902e-03 5.433506797999143600e-03 4.959505982697010040e-03 8.225126657634973526e-04 6.382394582033157349e-03 5.285229533910751343e-03 1.454292330890893936e-02 7.112693507224321365e-03 5.199910607188940048e-03 1.505727320909500122e-02 1.143222209066152573e-03
6.890595704317092896e-02 7.616639882326126099e-02 1.470047142356634140e-02 2.675910666584968567e-02 1.353399362415075302e-02 1.002045348286628723e-01 8.425656557083129883e-01 3.996320068836212158e-02 1.291068270802497864e-02 5.013055633753538132e-04 6.330788880586624146e-02 1.012932881712913513e-02 5.496490746736526489e-02 2.754244022071361542e-02 2.055900357663631439e-02 6.848613731563091278e-03 3.176247002556920052e-03 1.893657445907592773e-02 1.309301145374774933e-02 2.816574997268617153e-04 2.846217714250087738e-03 3.273552749305963516e-03 1.657895743846893311e-03 6.032173987478017807e-03 1.536157447844743729e-03 1.205644011497497559e-02 1.648829318583011627e-02 3.143436508253216743e-03 2.974289655685424805e-02 1.552927494049072266e-02 3.082035668194293976e-02 3.298982279375195503e-03 1.232384052127599716e-02 4.667239263653755188e-03 1.043025683611631393e-02 1.460231840610504150e-03 7.015442475676536560e-03 2.226508967578411102e-02 8.451429195702075958e-03 1.050380151718854904e-02 6.016132887452840805e-03 4.922613501548767090e-03 1.680520921945571899e-02 6.323658395558595657e-03 2.322276122868061066e-02 2.266998589038848877e-02 9.061954915523529053e-02 8.096390962600708008e-02 7.037748116999864578e-03 1.561953220516443253e-02 9.808510076254606247e-04 8.075842633843421936e-03 6.712551228702068329e-03 3.337165340781211853e-03 7.335569243878126144e-03 1.296941656619310379e-02 1.401184592396020889e-02 1.412224955856800079e-02 8.584120660088956356e-04 6.483591278083622456e-04 1.513998117297887802e-02 9.377655806019902229e-05 2.215278707444667816e-02 2.104780636727809906e-02 2.419927902519702911e-02 2.776151895523071289e-02 4.354848526418209076e-03 2.354973228648304939e-03 6.421340163797140121e-03 3.995346836745738983e-03 2.458934206515550613e-03 1.522856764495372772e-02 1.523395627737045288e-02 7.651243358850479126e-03 4.800027236342430115e-03 9.898151271045207977e-03 1.639017835259437561e-02 7.419106550514698029e-03 1.478928839787840843e-03 3.059438662603497505e-03 3.170867264270782471e-02 2.163334749639034271e-02 1.616429723799228668e-02 4.596116021275520325e-03 4.011048935353755951e-03 5.079440772533416748e-03 3.069473430514335632e-02 1.037892606109380722e-02 1.376780401915311813e-02 7.381843868643045425e-03 4.759901016950607300e-02 1.838099560700356960e-03 5.498417094349861145e-02 1.568702794611454010e-02 7.358401082456111908e-03 8.895116858184337616e-03 9.066752158105373383e-03 5.403017159551382065e-03 1.664613489992916584e-03 9.759965352714061737e-03 4.048258066177368164e-03 4.205955192446708679e-03 3.379495581611990929e-03 8.810028433799743652e-03 8.953135460615158081e-03 1.479220343753695488e-03 4.785189870744943619e-03 1.761990948580205441e-03 4.410064779222011566e-03 2.448690356686711311e-04 4.557552747428417206e-03 1.994826272130012512e-02 2.092236652970314026e-03 6.924790795892477036e-03 7.897404022514820099e-03 5.016717477701604366e-04
2.243402414023876190e-02 1.809789054095745087e-02 3.580009564757347107e-02 2.002728171646595001e-02 2.501591295003890991e-02 4.006076231598854065e-02 3.996320068836212158e-02 8.425656557083129883e-01 1.226970739662647247e-02 1.219439785927534103e-02 1.774552650749683380e-02 8.997258730232715607e-03 4.733290057629346848e-03 1.559264492243528366e-02 4.184010624885559082e-02 7.426933385431766510e-03 4.085651133209466934e-03 7.858725264668464661e-03 1.752770505845546722e-02 1.771112903952598572e-02 2.581391949206590652e-03 5.822932347655296326e-03 4.512378945946693420e-03 2.502000657841563225e-03 8.051196346059441566e-04 4.535184707492589951e-03 1.362447161227464676e-03 1.152984611690044403e-02 2.184242941439151764e-03 9.196978993713855743e-03 5.930086597800254822e-03 3.162117209285497665e-03 1.235185563564300537e-02 3.356151049956679344e-03 1.500432007014751434e-02 7.191964425146579742e-03 6.530995946377515793e-03 1.864776713773608208e-03 1.967502571642398834e-02 1.738872006535530090e-02 1.183418370783329010e-02 1.983431633561849594e-03 2.590190153568983078e-03 2.384363859891891479e-02 8.617839775979518890e-03 6.454063579440116882e-03 3.907727077603340149e-02 1.805488020181655884e-02 5.770349875092506409e-03 1.125074177980422974e-02 2.727925963699817657e-02 1.762801967561244965e-02 1.445802580565214157e-02 7.021410856395959854e-03 2.915417775511741638e-03 1.054490450769662857e-02 2.459297887980937958e-03 1.027515903115272522e-02 2.400317043066024780e-02 7.956345565617084503e-03 1.295294798910617828e-02 1.441887696273624897e-03 2.785639464855194092e-02 2.017892152070999146e-02 8.849669247865676880e-03 7.101796567440032959e-03 6.792557425796985626e-03 5.746334791183471680e-03 1.306071784347295761e-02 6.530018057674169540e-03 1.728277653455734253e-02 3.951821418013423681e-04 1.554267667233943939e-02 8.656109683215618134e-03 9.624799713492393494e-03 7.117185741662979126e-03 1.047462504357099533e-02 1.237438060343265533e-02 9.728491306304931641e-03 6.254797801375389099e-03 7.151097059249877930e-02 5.553906410932540894e-02 1.725306920707225800e-02 2.421971037983894348e-02 2.062569372355937958e-02 1.949694007635116577e-02 6.057652458548545837e-02 3.342726826667785645e-02 9.454572573304176331e-04 1.989521319046616554e-03 6.553596816956996918e-03 1.558237825520336628e-03 8.186077699065208435e-03 1.184873189777135849e-02 1.965474570170044899e-03 5.459286738187074661e-03 1.318827923387289047e-02 2.083981176838278770e-03 2.465968718752264977e-03 4.139707423746585846e-03 7.374498993158340454e-03 4.419747710926458240e-05 2.422144077718257904e-02 1.655236817896366119e-02 1.104345824569463730e-02 8.354878984391689301e-03 7.596066687256097794e-03 3.718246705830097198e-03 7.299571298062801361e-03 1.217144541442394257e-03 5.440244451165199280e-03 2.264770213514566422e-03 1.889068400487303734e-03 6.148281041532754898e-03 2.195023000240325928e-03 1.217816607095301151e-03
3.087455173954367638e-03 1.544387359172105789e-02 4.388846457004547119e-03 1.070770435035228729e-02 3.124885028228163719e-03 6.760957185178995132e-03 1.291068270802497864e-02 1.226970739662647247e-02 8.425656557083129883e-01 6.041268259286880493e-02 4.598876461386680603e-03 1.263682264834642410e-02 1.682717166841030121e-02 4.489532206207513809e-03 2.260354347527027130e-03 7.965217344462871552e-03 1.007063873112201691e-02 4.751060903072357178e-02 1.944096386432647705e-02 4.518680274486541748e-03 3.155437996610999107e-03 3.697830950841307640e-03 2.399288490414619446e-02 2.068986371159553528e-02 3.687463933601975441e-03 1.068340498022735119e-03 3.411000128835439682e-03 5.977420951239764690e-04 3.425056487321853638e-02 1.758536882698535919e-02 2.941666543483734131e-02 1.440334692597389221e-02 4.977220669388771057e-04 2.564516384154558182e-03 4.270472098141908646e-03 1.734429597854614258e-02 4.986654967069625854e-03 1.358175743371248245e-02 8.793659508228302002e-03 1.705465721897780895e-03 1.131681352853775024e-02 2.762293256819248199e-02 1.161921117454767227e-02 1.374326180666685104e-02 1.657154224812984467e-02 2.517805201932787895e-03 2.631858922541141510e-03 7.070026826113462448e-03 3.176303207874298096e-02 2.658428438007831573e-02 1.043212972581386566e-02 8.270038291811943054e-03 4.955444950610399246e-03 5.198266822844743729e-03 4.499387741088867188e-02 2.735206112265586853e-02 2.671678178012371063e-02 4.559435416013002396e-03 1.383236702531576157e-02 1.194296986795961857e-03 2.142686583101749420e-02 1.382748130708932877e-02 8.067139424383640289e-03 2.249229233711957932e-03 2.166938781738281250e-02 1.119503565132617950e-02 7.946327328681945801e-03 4.663531668484210968e-03 4.437831044197082520e-02 1.899622194468975067e-02 3.147261962294578552e-02 2.809005975723266602e-02 1.323708333075046539e-02 8.861846290528774261e-03 1.671053469181060791e-02 2.442564629018306732e-02 7.779654860496520996e-02 5.237080156803131104e-02 5.063544586300849915e-02 3.701202943921089172e-02 1.019289810210466385e-02 1.366290077567100525e-02 2.706395275890827179e-02 1.394497882574796677e-02 2.102027274668216705e-02 2.835867926478385925e-02 3.844602731987833977e-03 4.154116846621036530e-03 4.015827551484107971e-02 2.342860214412212372e-02 3.848885418847203255e-03 1.806445233523845673e-02 6.121828686445951462e-03 1.997702382504940033e-02 1.942102052271366119e-02 1.991037838160991669e-02 1.792549341917037964e-02 7.970407605171203613e-03 2.929249405860900879e-02 2.065011672675609589e-02 2.366605028510093689e-02 1.417510211467742920e-02 9.554311633110046387e-03 1.778801158070564270e-02 6.021387409418821335e-03 3.180155763402581215e-03 1.256666518747806549e-02 5.405809730291366577e-03 7.799655199050903320e-03 2.805168973281979561e-03 5.966170574538409710e-04 1.075816620141267776e-02 4.607622046023607254e-03 4.988688044250011444e-03 9.573844261467456818e-03 1.085050683468580246e-02
3.959767520427703857e-03 2.025967696681618690e-03 2.015160396695137024e-02 5.871226545423269272e-03 2.163061406463384628e-03 1.138296094723045826e-03 5.013055633753538132e-04 1.219439785927534103e-02 6.041268259286880493e-02 8.425656557083129883e-01 4.384427331387996674e-03 2.193555049598217010e-02 1.826015301048755646e-02 2.616891823709011078e-02 9.074572473764419556e-03 4.230841994285583496e-03 1.797276176512241364e-02 2.113035693764686584e-02 3.128490597009658813e-02 9.028770029544830322e-03 1.550525147467851639e-02 4.833585582673549652e-03 2.808208018541336060e-02 4.052088782191276550e-02 1.436243299394845963e-02 1.104773953557014465e-02 5.142421461641788483e-03 4.924598149955272675e-03 1.560368482023477554e-02 7.471849210560321808e-03 1.469571515917778015e-02 1.667212508618831635e-02 1.083910930901765823e-02 8.215563371777534485e-03 1.405196543782949448e-02 1.525599323213100433e-02 1.220775395631790161e-02 1.099343597888946533e-02 3.170857904478907585e-03 6.021365406922996044e-04 1.292647561058402061e-03 1.659253239631652832e-02 2.101892232894897461e-02 1.823960617184638977e-02 1.857309788465499878e-02 2.143766917288303375e-02 4.845851566642522812e-03 8.544605225324630737e-03 2.037289366126060486e-02 4.103271663188934326e-02 8.156664669513702393e-03 9.227048605680465698e-03 3.391613019630312920e-03 4.316326696425676346e-03 2.486119791865348816e-02 3.785150125622749329e-02 1.323089655488729477e-02 1.274977624416351318e-02 2.479661069810390472e-02 1.090160477906465530e-02 1.149377785623073578e-03 9.146433323621749878e-03 2.150936610996723175e-02 1.551859080791473389e-02 2.477344498038291931e-02 1.851964555680751801e-02 9.566338732838630676e-03 1.283896248787641525e-02 2.489326521754264832e-02 2.609874121844768524e-02 3.353565931320190430e-02 5.565325729548931122e-03 1.288327854126691818e-02 2.090683765709400177e-02 2.012953860685229301e-03 4.177950788289308548e-03 3.614627569913864136e-02 7.228177785873413086e-02 3.442441299557685852e-02 6.988465040922164917e-02 2.816032059490680695e-02 3.038933267816901207e-03 1.401837822049856186e-02 3.039868921041488647e-02 1.242503151297569275e-02 3.835688903927803040e-02 1.036779116839170456e-02 2.346998266875743866e-02 2.257659286260604858e-02 5.286576971411705017e-02 9.393367916345596313e-03 1.022365875542163849e-02 1.085818652063608170e-02 4.928153008222579956e-03 1.897712424397468567e-02 2.301613241434097290e-02 1.914654858410358429e-02 1.277158129960298538e-02 2.260096371173858643e-02 2.421108447015285492e-02 2.190510183572769165e-02 2.147347852587699890e-02 9.948344668373465538e-04 4.560833331197500229e-03 1.050904020667076111e-02 3.340926719829440117e-03 2.023497968912124634e-02 4.130709916353225708e-03 1.901996135711669922e-02 4.239175468683242798e-03 6.229431834071874619e-03 1.291882805526256561e-02 1.652361592277884483e-03 1.000462099909782410e-02 4.208713071420788765e-04 4.570898134261369705e-03
8.799619227647781372e-02 8.138499408960342407e-02 1.966038532555103302e-02 1.922724023461341858e-02 1.827387139201164246e-02 6.823808699846267700e-02 6.330788880586624146e-02 1.774552650749683380e-02 4.598876461386680603e-03 4.384427331387996674e-03 8.425656557083129883e-01 6.186022888869047165e-03 8.145847916603088379e-02 4.450884182006120682e-03 1.485325954854488373e-02 8.034045808017253876e-03 6.567641161382198334e-03 1.279433537274599075e-02 5.408520344644784927e-03 8.580118417739868164e-03 4.571233410388231277e-03 3.226401656866073608e-02 5.655405111610889435e-03 8.905122522264719009e-04 2.342921681702136993e-03 8.427217602729797363e-03 3.607287304475903511e-03 9.842638857662677765e-03 3.530620411038398743e-02 1.457652077078819275e-02 3.210284560918807983e-02 1.034676656126976013e-02 1.479218248277902603e-02 2.134211594238877296e-03 9.581912308931350708e-03 9.070723317563533783e-03 3.358497517183423042e-03 1.643784902989864349e-02 1.771644456312060356e-03 7.817671634256839752e-03 2.792676445096731186e-03 1.025797985494136810e-02 1.689686439931392670e-02 1.172736566513776779e-02 1.483959611505270004e-02 8.070681244134902954e-03 6.839742511510848999e-02 5.628899484872817993e-02 4.299908876419067383e-03 1.206869911402463913e-02 8.360094390809535980e-03 1.749267242848873138e-02 1.642921939492225647e-02 1.246255636215209961e-02 1.064480189234018326e-02 8.315741084516048431e-03 1.333556021563708782e-03 1.053931098431348801e-02 5.380788934417068958e-05 5.133071914315223694e-03 3.168777562677860260e-03 3.393446386326104403e-04 1.350975129753351212e-02 1.491111703217029572e-02 3.764764219522476196e-02 4.682883992791175842e-02 2.377574797719717026e-03 5.867285188287496567e-03 2.311313292011618614e-03 9.483464062213897705e-03 4.259719047695398331e-03 2.383273560553789139e-03 1.263841427862644196e-02 1.103292126208543777e-02 9.061514399945735931e-03 1.519510056823492050e-03 5.412246100604534149e-03 1.348685007542371750e-03 1.139031816273927689e-02 6.747439503669738770e-03 1.827200502157211304e-02 7.470852229744195938e-03 1.132382266223430634e-02 4.919927567243576050e-03 1.284154597669839859e-02 1.742696575820446014e-02 4.276028368622064590e-03 1.130611356347799301e-02 4.318861174397170544e-04 9.334458736702799797e-04 3.993486985564231873e-02 2.760699391365051270e-02 4.903873801231384277e-02 1.981495646759867668e-03 4.224578849971294403e-03 1.126676215790212154e-03 1.687267213128507137e-03 2.447152975946664810e-03 8.118440397083759308e-03 8.735149167478084564e-03 2.536670072004199028e-04 6.075126584619283676e-03 1.550131943076848984e-02 1.250888779759407043e-02 5.353299900889396667e-03 2.330777642782777548e-04 1.047497801482677460e-02 1.421611104160547256e-02 1.911000348627567291e-02 7.531606126576662064e-03 8.327330462634563446e-03 1.782512292265892029e-02 6.844983901828527451e-03 8.625448681414127350e-03 6.480645970441401005e-04 2.723054261878132820e-03
3.892557695508003235e-03 1.242878497578203678e-03 1.984891947358846664e-03 1.210434269160032272e-02 6.550244987010955811e-03 2.120858244597911835e-02 1.012932881712913513e-02 8.997258730232715607e-03 1.263682264834642410e-02 2.193555049598217010e-02 6.186022888869047165e-03 8.425656557083129883e-01 1.608136692084372044e-03 9.365276992321014404e-02 1.418952643871307373e-02 4.816614557057619095e-03 1.491241902112960815e-02 9.844622574746608734e-03 2.294432744383811951e-02 1.230551768094301224e-02 2.643824741244316101e-02 4.529716912657022476e-03 2.026265673339366913e-02 1.416405290365219116e-02 3.342410549521446228e-02 2.150398865342140198e-02 7.339788600802421570e-03 2.426477521657943726e-02 1.609526947140693665e-02 2.191473543643951416e-02 4.635736346244812012e-03 1.672919280827045441e-02 1.224556472152471542e-02 6.048136856406927109e-03 1.077674794942140579e-02 3.311926499009132385e-03 5.143576767295598984e-03 1.096059475094079971e-02 1.795588643290102482e-03 7.745593786239624023e-03 6.834745872765779495e-03 1.679861173033714294e-02 1.723646000027656555e-02 1.300891279242932796e-03 5.021043121814727783e-02 3.461338952183723450e-02 2.067946270108222961e-02 4.072400741279125214e-03 1.168296486139297485e-02 5.500517319887876511e-03 2.009267359972000122e-02 2.628378570079803467e-02 1.062955055385828018e-02 2.593251876533031464e-02 9.576378390192985535e-03 4.713188391178846359e-03 1.615537516772747040e-02 1.311998814344406128e-02 1.137238834053277969e-02 1.972830668091773987e-02 5.292736925184726715e-03 4.120612051337957382e-03 5.014702212065458298e-03 7.174575002864003181e-04 1.019724365323781967e-02 2.748303581029176712e-03 2.027634903788566589e-02 1.863572187721729279e-02 1.871248707175254822e-03 1.129194255918264389e-02 1.919493451714515686e-02 9.426095522940158844e-03 2.696535782888531685e-03 7.286436739377677441e-04 3.149990737438201904e-02 1.326587609946727753e-02 3.813572973012924194e-02 5.164731293916702271e-02 2.486240863800048828e-02 1.166668813675642014e-02 4.737097769975662231e-03 6.427196320146322250e-03 9.634364396333694458e-03 4.847464617341756821e-03 2.168231830000877380e-02 3.847771324217319489e-03 4.441151977516710758e-04 1.252323971129953861e-03 2.705695293843746185e-02 3.238544613122940063e-02 1.758282445371150970e-02 2.508450672030448914e-02 2.003880962729454041e-02 2.019762992858886719e-02 1.375352591276168823e-02 1.045572012662887573e-02 1.082309242337942123e-02 1.732084527611732483e-02 1.675559952855110168e-02 2.316501922905445099e-02 9.466420859098434448e-03 2.702967263758182526e-03 2.298522926867008209e-02 2.540757320821285248e-02 2.155882120132446289e-02 2.690927684307098389e-02 1.882605574792250991e-04 4.548167809844017029e-03 3.922411706298589706e-03 8.538965135812759399e-03 1.005833875387907028e-02 1.128951273858547211e-02 2.166285552084445953e-02 2.146635018289089203e-02 7.231944240629673004e-03 2.029947564005851746e-02
5.745588615536689758e-02 6.594363600015640259e-02 2.196174347773194313e-03 2.630666643381118774e-02 2.154080010950565338e-02 5.576240643858909607e-02 5.496490746736526489e-02 4.733290057629346848e-03 1.682717166841030121e-02 1.826015301048755646e-02 8.145847916603088379e-02 1.608136692084372044e-03 8.425656557083129883e-01 4.489770159125328064e-03 1.494752243161201477e-02 1.539802365005016327e-02 8.926347829401493073e-03 2.188035100698471069e-02 1.662864536046981812e-02 5.343406461179256439e-03 4.983712919056415558e-03 2.824867516756057739e-02 1.765397377312183380e-02 1.485315617173910141e-02 3.047446021810173988e-03 9.258965030312538147e-03 8.094855584204196930e-04 7.786794099956750870e-03 3.742185235023498535e-02 1.917847804725170135e-02 4.386383667588233948e-02 1.401152275502681732e-02 4.090041387826204300e-03 6.287824362516403198e-03 3.682183334603905678e-03 2.195629756897687912e-03 4.197752103209495544e-03 1.523578102933242917e-04 1.020622067153453827e-02 1.629050262272357941e-02 2.156525617465376854e-03 7.170221768319606781e-03 2.067233249545097351e-02 1.106138713657855988e-02 8.865426294505596161e-03 9.742047637701034546e-03 5.051347613334655762e-02 5.290546640753746033e-02 1.505781617015600204e-02 1.511981431394815445e-02 1.843633316457271576e-02 2.692237682640552521e-02 2.844364754855632782e-02 2.113938704133033752e-02 1.919369585812091827e-02 1.672398298978805542e-02 6.967341061681509018e-03 5.633957218378782272e-03 2.211404405534267426e-02 1.359625067561864853e-02 9.075371548533439636e-03 7.661502342671155930e-03 5.303249345161020756e-04 2.910337410867214203e-03 4.318997636437416077e-02 5.602711066603660583e-02 1.050578802824020386e-02 7.417319342494010925e-03 1.333878561854362488e-02 8.997235447168350220e-03 4.382995248306542635e-04 1.859086100012063980e-03 9.923405945301055908e-03 1.440768875181674957e-02 1.444673514924943447e-03 7.298448123037815094e-03 1.034605083987116814e-03 2.642427280079573393e-04 1.911230385303497314e-02 1.924517750740051270e-02 5.149066913872957230e-03 7.246303837746381760e-03 1.789537072181701660e-02 1.938681490719318390e-02 1.455400418490171432e-02 2.716551721096038818e-02 1.088156248442828655e-03 2.931460924446582794e-02 9.191060438752174377e-03 7.801545318216085434e-03 3.684063255786895752e-02 2.078543417155742645e-02 4.539000615477561951e-02 8.317607454955577850e-03 6.555492989718914032e-03 9.622080251574516296e-03 2.228192239999771118e-02 1.485233474522829056e-02 2.928161295130848885e-03 5.690760910511016846e-03 1.259082835167646408e-02 6.631451658904552460e-03 4.283519927412271500e-03 3.865449922159314156e-03 1.557984296232461929e-02 1.283048931509256363e-02 1.034846808761358261e-02 7.664209697395563126e-03 1.022772211581468582e-02 2.842430025339126587e-03 2.413741021882742643e-04 8.810014696791768074e-04 8.961315266788005829e-03 1.509167067706584930e-02 2.079137600958347321e-03 8.209628984332084656e-03
