8.556689023971557617e-01 4.852819070219993591e-02 8.593636564910411835e-03 1.170151866972446442e-02 1.944158412516117096e-02 5.656549707055091858e-02 4.129607975482940674e-02 1.188099198043346405e-02 1.384895481169223785e-02 7.776053622364997864e-03 5.191961303353309631e-02 1.915865950286388397e-02 5.432273447513580322e-02 1.463622227311134338e-02 2.403239905834197998e-02 8.396955206990242004e-03 2.790808910503983498e-03 9.002134203910827637e-03 1.337486319243907928e-02 3.014603443443775177e-02 3.179267048835754395e-02 2.553794346749782562e-02 2.381900884211063385e-02 1.233757473528385162e-02 2.657102420926094055e-02 2.309578284621238708e-02 3.579704789444804192e-03 2.217117697000503540e-02 1.431336626410484314e-02 7.384874392300844193e-03 1.617281325161457062e-02 1.598560065031051636e-02 1.152169704437255859e-02 1.838210411369800568e-02 1.857743971049785614e-02 8.610219694674015045e-03 3.712092875503003597e-04 1.441495958715677261e-02 5.726391449570655823e-03 9.443952701985836029e-03 1.064515579491853714e-02 1.273806113749742508e-02 2.728531137108802795e-02 1.870354637503623962e-02 1.673826761543750763e-02 2.949425019323825836e-03 5.025897920131683350e-02 2.643822133541107178e-02 6.187255494296550751e-03 2.109788171947002411e-02 2.190501801669597626e-02 2.734770253300666809e-02 4.383571795187890530e-04 3.619747003540396690e-03 1.232494134455919266e-02 1.345399650745093822e-03 1.933420449495315552e-02 2.119250595569610596e-02 2.954958006739616394e-03 6.921468302607536316e-03 2.385013550519943237e-02 6.172530353069305420e-03 1.188603509217500687e-02 1.622919924557209015e-02 1.076373923569917679e-02 1.142613496631383896e-02 2.995340898633003235e-02 3.162622824311256409e-02 1.874166913330554962e-02 9.981764480471611023e-03 6.748740095645189285e-03 9.476387873291969299e-03 1.310840714722871780e-02 1.568394340574741364e-02 2.048557624220848083e-03 1.064980961382389069e-02 2.386572211980819702e-02 1.221560686826705933e-02 7.215886143967509270e-04 3.092696890234947205e-02 1.771875470876693726e-02 2.079983055591583252e-02 3.313475055620074272e-03 1.422034390270709991e-02 2.042174525558948517e-02 9.905236773192882538e-03 2.612916380167007446e-02 2.307450957596302032e-02 1.848815381526947021e-02 3.930730745196342468e-03 9.378165937960147858e-03 1.670743711292743683e-02 7.035945542156696320e-03 1.815232448279857635e-02 5.488224327564239502e-03 4.150783643126487732e-03 6.020488683134317398e-03 4.236984066665172577e-03 2.703133970499038696e-02 2.382314205169677734e-02 1.358551904559135437e-02 1.644562743604183197e-02 1.780505850911140442e-02 4.715470131486654282e-03 4.037961363792419434e-03 1.477785990573465824e-03 1.499814912676811218e-02 4.190883599221706390e-03 1.168480701744556427e-02 2.266922092530876398e-05 1.275480538606643677e-02 1.174701936542987823e-02 2.577517926692962646e-02 2.549953199923038483e-02 1.956568099558353424e-03 1.477075740694999695e-02
4.852819070219993591e-02 8.556689023971557617e-01 1.618360169231891632e-02 1.503455545753240585e-02 6.603087058465462178e-06 4.954929649829864502e-02 4.119344428181648254e-02 1.919259503483772278e-02 4.670386202633380890e-03 3.428618190810084343e-03 4.684844240546226501e-02 2.235808409750461578e-02 5.411719158291816711e-02 2.604322694242000580e-02 2.447750046849250793e-02 7.279591169208288193e-03 6.425561849027872086e-03 2.288323594257235527e-03 8.414550684392452240e-03 2.681257575750350952e-02 3.050576150417327881e-02 2.622150816023349762e-02 2.590740472078323364e-02 1.806445233523845673e-02 2.889863029122352600e-02 2.851912379264831543e-02 6.959580350667238235e-03 2.301427349448204041e-02 2.818646840751171112e-02 1.996466889977455139e-02 2.405290119349956512e-02 2.117000333964824677e-02 1.890753954648971558e-02 2.568764798343181610e-02 2.777402661740779877e-02 1.287310384213924408e-02 6.942993029952049255e-03 4.229265730828046799e-03 8.656525053083896637e-03 3.373334649950265884e-03 1.246896665543317795e-02 1.326967868953943253e-02 2.475399896502494812e-02 1.512575708329677582e-02 2.443848177790641785e-02 5.064600612968206406e-03 4.533645883202552795e-02 3.347461670637130737e-02 9.365012869238853455e-03 7.567721419036388397e-03 2.481160499155521393e-02 2.632591687142848969e-02 1.038885209709405899e-03 6.001313216984272003e-03 1.198038272559642792e-02 1.812321506440639496e-02 1.883029565215110779e-02 2.369335107505321503e-02 6.559416651725769043e-03 9.179178625345230103e-03 1.710206083953380585e-02 1.597193442285060883e-02 1.260590739548206329e-02 1.946091093122959137e-02 1.493423990905284882e-02 1.694653369486331940e-02 3.136708959937095642e-02 3.143414109945297241e-02 1.650681532919406891e-02 9.735328145325183868e-03 1.232451852411031723e-02 2.066396409645676613e-03 1.365596987307071686e-02 8.441697806119918823e-03 9.383445605635643005e-03 5.733724217861890793e-03 1.696996763348579407e-02 1.443398930132389069e-02 1.130550727248191833e-02 2.472910098731517792e-02 1.547480188310146332e-02 2.213291265070438385e-02 8.967735804617404938e-03 2.120594028383493423e-03 1.687458157539367676e-02 1.002924982458353043e-02 2.712452225387096405e-02 2.407845854759216309e-02 5.301833618432283401e-03 5.303480429574847221e-04 1.152801699936389923e-02 2.187813073396682739e-02 9.804661385715007782e-03 8.123464882373809814e-03 3.467152826488018036e-03 1.727838302031159401e-03 6.773472297936677933e-03 9.018771350383758545e-03 2.877239696681499481e-02 2.914573810994625092e-02 1.228483114391565323e-02 1.747458428144454956e-02 3.555589122697710991e-03 8.831780403852462769e-03 7.035508751869201660e-03 2.836080035194754601e-03 1.136161852627992630e-02 1.102435635402798653e-03 1.154960971325635910e-02 7.954224944114685059e-03 1.539574284106492996e-02 5.631336942315101624e-03 2.811067178845405579e-02 2.541348151862621307e-02 6.479789037257432938e-03 1.223357673734426498e-02
8.593636564910411835e-03 1.618360169231891632e-02 8.556689023971557617e-01 1.952417008578777313e-02 4.078531637787818909e-03 8.985491469502449036e-03 3.356931265443563461e-03 3.697004914283752441e-02 1.684255897998809814e-02 1.249246881343424320e-03 1.593485288321971893e-02 1.100523676723241806e-02 1.172250416129827499e-02 1.061418280005455017e-02 1.390079408884048462e-02 3.662772942334413528e-03 5.170271731913089752e-03 1.371950656175613403e-02 6.546492688357830048e-03 2.352609857916831970e-02 1.710815727710723877e-02 2.613664139062166214e-03 4.067893605679273605e-03 9.946196340024471283e-03 2.057000808417797089e-02 1.692481525242328644e-02 8.790288120508193970e-03 7.066714111715555191e-03 2.805207855999469757e-02 2.713182009756565094e-03 4.244792461395263672e-02 2.331421710550785065e-02 1.928268373012542725e-02 1.706160604953765869e-02 1.853736117482185364e-02 1.401501242071390152e-02 2.114824485033750534e-03 6.495094392448663712e-03 6.532629020512104034e-03 1.213183440268039703e-02 9.020872414112091064e-03 1.210510917007923126e-02 1.260937843471765518e-02 8.350548334419727325e-03 1.870929554570466280e-04 3.321471158415079117e-03 1.392287854105234146e-02 1.154522970318794250e-02 1.744489371776580811e-02 9.293579496443271637e-03 3.891058731824159622e-03 6.285071372985839844e-03 1.521841343492269516e-02 1.362198125571012497e-02 1.375985797494649887e-02 3.786540823057293892e-03 1.564974524080753326e-02 1.120632980018854141e-02 2.435143478214740753e-02 6.560450885444879532e-03 1.063585188239812851e-02 6.666433066129684448e-03 1.628118008375167847e-02 1.661161705851554871e-02 2.294125221669673920e-02 2.129231207072734833e-02 1.953306049108505249e-02 2.309604361653327942e-02 1.262959931045770645e-02 1.181512232869863510e-02 3.292991314083337784e-04 6.950501352548599243e-03 9.121354669332504272e-03 2.387283183634281158e-02 4.015197046101093292e-03 8.910909295082092285e-03 1.858477108180522919e-02 1.128614041954278946e-02 7.300342898815870285e-03 1.057265698909759521e-02 2.190464921295642853e-02 2.165404707193374634e-02 1.444698031991720200e-02 7.408016826957464218e-04 9.188993833959102631e-03 2.313335193321108818e-03 1.712678931653499603e-02 1.384839415550231934e-02 9.475053288042545319e-03 6.762796081602573395e-03 2.779213152825832367e-02 8.796741254627704620e-03 3.070485033094882965e-02 4.734736867249011993e-03 1.557703316211700439e-02 5.392316728830337524e-03 3.462050855159759521e-02 3.493498312309384346e-03 1.418320741504430771e-02 1.601537130773067474e-02 2.078013494610786438e-02 2.023061364889144897e-02 6.119314581155776978e-03 2.305413596332073212e-03 2.886387705802917480e-02 2.071345224976539612e-02 1.258989982306957245e-02 1.092859450727701187e-02 5.732570774853229523e-03 2.438198961317539215e-02 5.315848626196384430e-03 1.744545996189117432e-03 1.128076948225498199e-02 1.538999006152153015e-02 8.590659708715975285e-04 7.381967268884181976e-03
1.170151866972446442e-02 1.503455545753240585e-02 1.952417008578777313e-02 8.556689023971557617e-01 8.539362810552120209e-03 1.012897002510726452e-03 8.792053908109664917e-03 2.144749462604522705e-02 3.118807822465896606e-02 3.363952273502945900e-03 1.326622534543275833e-02 2.036892622709274292e-02 1.554187666624784470e-02 2.213819883763790131e-02 1.323646213859319687e-02 1.207619998604059219e-02 2.871927339583635330e-03 1.241819839924573898e-02 4.240128677338361740e-03 2.020354941487312317e-02 1.657437160611152649e-02 7.841458544135093689e-03 3.981392364948987961e-03 1.202565617859363556e-02 1.950080879032611847e-02 1.640970446169376373e-02 2.336034551262855530e-03 1.335338782519102097e-02 9.444138035178184509e-03 1.600784063339233398e-02 2.219134382903575897e-02 2.395910443738102913e-03 1.987470686435699463e-02 1.087502762675285339e-02 2.870591543614864349e-02 8.870840072631835938e-03 2.207993716001510620e-02 2.334661595523357391e-02 2.445012703537940979e-02 1.569114066660404205e-02 3.183892741799354553e-02 4.089974798262119293e-03 1.790591329336166382e-02 1.027089077979326248e-02 3.517962526530027390e-03 1.592157594859600067e-02 2.865737536922097206e-03 1.181739964522421360e-03 1.394622866064310074e-02 5.934730288572609425e-04 1.330024283379316330e-02 1.829434558749198914e-02 3.537326678633689880e-02 3.890373185276985168e-02 1.568092731758952141e-03 1.809114031493663788e-02 1.994108594954013824e-02 1.744630001485347748e-02 3.804951533675193787e-02 4.157088324427604675e-02 2.015989273786544800e-03 1.085173152387142181e-02 2.930467389523983002e-02 2.225978672504425049e-02 3.380104526877403259e-02 2.869267202913761139e-02 1.795776560902595520e-02 1.672567613422870636e-02 5.565079627558588982e-04 4.533196799457073212e-03 1.176452729851007462e-02 1.736979745328426361e-02 4.349520429968833923e-02 2.520107198506593704e-03 3.007215633988380432e-02 8.347386494278907776e-03 5.033360794186592102e-03 1.739659160375595093e-02 1.276343874633312225e-02 1.344883698038756847e-03 1.968466304242610931e-02 2.864091470837593079e-02 1.301886234432458878e-02 2.725925529375672340e-03 5.583591759204864502e-03 1.580290123820304871e-02 1.737302169203758240e-02 1.904843933880329132e-02 1.487233303487300873e-02 2.869904413819313049e-02 1.516132056713104248e-02 1.239009853452444077e-02 2.159212343394756317e-02 1.136695151217281818e-03 8.526714518666267395e-03 2.202209644019603729e-02 2.302341861650347710e-03 1.112027745693922043e-02 2.039706101641058922e-03 1.477708481252193451e-02 2.019944787025451660e-02 2.670560218393802643e-02 1.766901463270187378e-02 8.589616045355796814e-03 3.445518389344215393e-02 3.493778407573699951e-02 1.955064944922924042e-02 2.897023595869541168e-02 2.304943092167377472e-02 2.350728958845138550e-02 1.336140371859073639e-02 7.186188828200101852e-03 1.346114464104175568e-02 1.324022933840751648e-02 1.589017733931541443e-02 3.663673531264066696e-03
1.944158412516117096e-02 6.603087058465462178e-06 4.078531637787818909e-03 8.539362810552120209e-03 8.556689023971557617e-01 1.163067761808633804e-02 2.370925620198249817e-02 1.745617948472499847e-02 9.515501558780670166e-03 4.299947619438171387e-02 1.733965985476970673e-02 1.984834438189864159e-03 1.491510774940252304e-02 7.126937154680490494e-03 4.080527927726507187e-03 5.071205552667379379e-03 1.315680798143148422e-02 1.173269003629684448e-02 4.671323299407958984e-02 1.180655043572187424e-02 4.351559560745954514e-03 1.387891708873212337e-03 6.026444956660270691e-03 4.989835433661937714e-03 3.730268217623233795e-03 2.320053899893537164e-04 2.581524476408958435e-02 4.631196614354848862e-03 9.091361425817012787e-03 1.877465844154357910e-02 1.211304217576980591e-03 5.431102123111486435e-03 9.371388703584671021e-03 1.044372096657752991e-02 8.257926441729068756e-03 8.021549438126385212e-04 1.391215017065405846e-03 1.255486393347382545e-03 2.105369977653026581e-02 4.637232795357704163e-02 1.399130281060934067e-02 1.563760265707969666e-02 5.326264072209596634e-03 7.130203302949666977e-03 7.306766696274280548e-03 2.287941519170999527e-03 1.843701116740703583e-02 1.008930895477533340e-02 2.296156249940395355e-03 1.308610104024410248e-02 1.925169117748737335e-02 6.797119043767452240e-03 1.246950239874422550e-03 9.563917294144630432e-03 3.730654250830411911e-03 2.374158799648284912e-02 5.015934817492961884e-03 8.369462564587593079e-03 8.578575216233730316e-03 3.702972084283828735e-03 3.270881716161966324e-03 1.713026314973831177e-02 8.600582368671894073e-03 3.111052326858043671e-03 9.403936564922332764e-03 7.742109708487987518e-03 1.260861661285161972e-02 1.051535643637180328e-02 1.065707672387361526e-02 2.278109081089496613e-02 2.792269922792911530e-02 7.342368829995393753e-03 2.254477143287658691e-02 2.370742149651050568e-02 4.063423722982406616e-02 1.137334480881690979e-02 5.999551620334386826e-03 2.560226805508136749e-02 1.594709348864853382e-03 4.185889288783073425e-02 9.840425103902816772e-03 1.358421612530946732e-02 2.972869388759136200e-02 6.369953602552413940e-02 5.776665173470973969e-03 1.973384805023670197e-02 9.269256144762039185e-03 1.392741873860359192e-02 1.967128919204697013e-04 6.412474904209375381e-04 2.089550718665122986e-02 4.959930200129747391e-03 1.251785084605216980e-02 2.065879059955477715e-03 3.269323147833347321e-03 5.553184542804956436e-03 1.390135940164327621e-02 1.742765493690967560e-02 1.395377516746520996e-02 2.173575485358014703e-04 2.694055205211043358e-03 1.841224846430122852e-03 2.236997708678245544e-03 8.443771861493587494e-03 4.669516813009977341e-03 6.081372499465942383e-03 4.034931771457195282e-03 1.175057888031005859e-02 9.566156193614006042e-03 1.134002581238746643e-02 2.818550681695342064e-03 7.960343733429908752e-03 9.170714765787124634e-03 4.181053955107927322e-03 2.825593575835227966e-02 8.769072592258453369e-03
5.656549707055091858e-02 4.954929649829864502e-02 8.985491469502449036e-03 1.012897002510726452e-03 1.163067761808633804e-02 8.556689023971557617e-01 5.077777430415153503e-02 4.342688713222742081e-03 1.682908087968826294e-02 6.563049741089344025e-03 4.887577146291732788e-02 2.188201434910297394e-02 5.058326199650764465e-02 1.729635708034038544e-02 2.049653790891170502e-02 8.289286866784095764e-03 4.667060915380716324e-03 1.693274267017841339e-02 9.516867808997631073e-03 2.299666218459606171e-02 2.962893247604370117e-02 2.436167001724243164e-02 2.632367052137851715e-02 1.786878332495689392e-02 2.444868348538875580e-02 2.607266604900360107e-02 4.058300517499446869e-03 2.831334620714187622e-02 1.751202158629894257e-02 1.466947421431541443e-02 6.914252880960702896e-03 9.367893449962139130e-03 1.475294493138790131e-02 1.322314795106649399e-02 1.696441881358623505e-02 2.776020905002951622e-03 4.406617023050785065e-03 1.656871521845459938e-03 5.071207880973815918e-03 1.970032788813114166e-02 5.082587595097720623e-04 1.567879691720008850e-02 2.524870634078979492e-02 3.336957888677716255e-04 2.978933602571487427e-02 4.830709192901849747e-03 5.525481700897216797e-02 3.077916800975799561e-02 7.277017459273338318e-03 2.778810262680053711e-02 2.841822057962417603e-02 2.766182832419872284e-02 4.586149472743272781e-03 4.121641628444194794e-03 1.287281140685081482e-02 1.768179121427237988e-03 2.555199153721332550e-02 2.842026576399803162e-02 5.966300610452890396e-03 8.671058341860771179e-03 2.700103446841239929e-02 9.057706221938133240e-03 2.253535389900207520e-02 2.410022541880607605e-02 6.414100527763366699e-03 2.806105185300111771e-03 2.859067916870117188e-02 3.035917319357395172e-02 2.256367169320583344e-02 1.521828584372997284e-02 1.234885398298501968e-02 9.484604932367801666e-03 4.810553044080734253e-03 1.717389933764934540e-02 1.966788433492183685e-03 1.424829103052616119e-02 2.539297752082347870e-02 1.093021500855684280e-02 2.805414842441678047e-04 2.359249442815780640e-02 1.589598692953586578e-02 1.057675573974847794e-02 6.560984998941421509e-03 7.640142925083637238e-03 2.184168063104152679e-02 9.107847698032855988e-03 2.349643968045711517e-02 1.457089465111494064e-02 2.127369865775108337e-02 3.057832131162285805e-03 1.626001205295324326e-03 2.014081925153732300e-02 6.186893675476312637e-03 1.517717167735099792e-02 5.730054806917905807e-03 1.193804573267698288e-02 7.048166822642087936e-03 1.461383420974016190e-02 2.724069170653820038e-02 2.264564298093318939e-02 6.240182556211948395e-03 8.955448865890502930e-03 5.247963592410087585e-03 7.418413646519184113e-03 1.097700209356844425e-03 6.936762016266584396e-03 7.332254201173782349e-03 4.254308063536882401e-03 5.211140029132366180e-03 3.659011796116828918e-03 1.048642676323652267e-02 5.711645819246768951e-03 2.947409823536872864e-02 2.309719845652580261e-02 7.903031073510646820e-03 1.578419283032417297e-02
4.129607975482940674e-02 4.119344428181648254e-02 3.356931265443563461e-03 8.792053908109664917e-03 2.370925620198249817e-02 5.077777430415153503e-02 8.556689023971557617e-01 3.663017181679606438e-03 1.275827176868915558e-02 7.373009808361530304e-03 5.021655187010765076e-02 1.052228547632694244e-02 4.440056160092353821e-02 2.128739468753337860e-02 5.366008263081312180e-03 2.331818686798214912e-03 3.285193582996726036e-03 1.362248044461011887e-02 1.644103601574897766e-02 1.858123578131198883e-02 2.096891775727272034e-02 1.101453974843025208e-02 1.919569261372089386e-02 1.748468726873397827e-02 2.808981016278266907e-02 2.763161621987819672e-02 1.955191045999526978e-02 1.108996942639350891e-02 3.595202416181564331e-02 4.462573211640119553e-03 1.158508565276861191e-02 1.216112542897462845e-02 1.963209919631481171e-02 1.651854440569877625e-02 2.062896452844142914e-02 5.526131717488169670e-04 9.452917613089084625e-03 1.939457841217517853e-02 8.160860277712345123e-03 1.867689006030559540e-02 2.400642447173595428e-02 1.583465561270713806e-02 2.361632324755191803e-02 6.600150372833013535e-03 2.450229786336421967e-02 1.387096289545297623e-02 4.900638759136199951e-02 6.422302126884460449e-02 2.067312784492969513e-02 5.044523160904645920e-03 2.321881614625453949e-02 1.807351782917976379e-02 7.264393381774425507e-03 3.157195635139942169e-03 1.625540107488632202e-02 9.579439647495746613e-03 2.160295657813549042e-02 2.792622148990631104e-02 1.062692515552043915e-02 1.179394661448895931e-03 1.811578497290611267e-02 1.253754552453756332e-02 1.501439698040485382e-02 2.235726267099380493e-02 9.919513948261737823e-03 9.283954277634620667e-03 2.946848794817924500e-02 2.473504655063152313e-02 1.089352741837501526e-02 6.001574452966451645e-03 8.725325576961040497e-03 1.446281094104051590e-02 8.718197233974933624e-03 1.140209008008241653e-02 7.453353144228458405e-03 9.956842288374900818e-03 1.544388104230165482e-02 5.734988953918218613e-03 1.248557586222887039e-03 8.987054228782653809e-03 2.368674176977947354e-04 1.509369700215756893e-03 8.978252299129962921e-04 1.762714982032775879e-02 2.602028846740722656e-02 1.496554445475339890e-02 9.459421038627624512e-03 6.987951230257749557e-03 9.671294130384922028e-03 3.831371665000915527e-03 3.162642195820808411e-02 1.157478149980306625e-02 1.249611563980579376e-02 8.473904803395271301e-03 5.000491626560688019e-03 9.822359308600425720e-03 1.978279650211334229e-02 8.135577663779258728e-03 2.384373731911182404e-02 1.925734989345073700e-02 4.766835365444421768e-03 7.036941125988960266e-03 1.776723656803369522e-03 9.387908503413200378e-03 1.146363210864365101e-03 7.805652916431427002e-03 6.896026898175477982e-03 2.406215528026223183e-03 9.293776005506515503e-03 1.217451877892017365e-02 4.051852505654096603e-03 6.739423406543210149e-05 2.414644137024879456e-02 2.734559029340744019e-02 1.338741369545459747e-02 1.331346761435270309e-02
1.188099198043346405e-02 1.919259503483772278e-02 3.697004914283752441e-02 2.144749462604522705e-02 1.745617948472499847e-02 4.342688713222742081e-03 3.663017181679606438e-03 8.556689023971557617e-01 8.135044015944004059e-03 1.662255451083183289e-02 1.327327638864517212e-02 2.342137321829795837e-02 1.468405127525329590e-02 2.718961425125598907e-02 3.149107471108436584e-02 1.888452656567096710e-02 1.384288724511861801e-02 8.099877275526523590e-03 1.279240194708108902e-02 2.044896781444549561e-02 1.786768622696399689e-02 2.013669721782207489e-02 1.249697338789701462e-02 1.455756276845932007e-02 1.440134271979331970e-02 1.284721679985523224e-02 8.088347502052783966e-03 1.689252071082592010e-02 6.409503519535064697e-03 2.347258478403091431e-02 1.946682110428810120e-02 2.164988406002521515e-02 1.788184046745300293e-02 1.841493509709835052e-02 1.913354918360710144e-02 3.360483795404434204e-02 3.247813880443572998e-02 1.982139050960540771e-02 3.301545977592468262e-02 2.680643089115619659e-02 2.941493131220340729e-02 1.620382256805896759e-02 1.495180279016494751e-02 1.604587072506546974e-03 4.252608865499496460e-03 1.003674697130918503e-02 4.615690850187093019e-04 3.698215819895267487e-03 2.835095860064029694e-03 3.160255728289484978e-03 1.010566763579845428e-02 2.343401312828063965e-02 2.907077595591545105e-02 3.211039677262306213e-02 1.470205001533031464e-02 1.350499223917722702e-02 1.466945093125104904e-02 8.669907227158546448e-03 3.671409934759140015e-02 3.101405687630176544e-02 1.379370503127574921e-02 2.263896912336349487e-02 1.630019955337047577e-02 1.650503091514110565e-02 2.201859280467033386e-02 1.511274557560682297e-02 8.323873393237590790e-03 1.308304350823163986e-02 1.919627189636230469e-02 3.523860126733779907e-03 1.946002990007400513e-02 7.203799905255436897e-04 2.814417146146297455e-02 4.506598692387342453e-03 2.481986396014690399e-02 6.758416071534156799e-03 1.715975999832153320e-02 2.477131038904190063e-02 8.932198397815227509e-03 1.114892680197954178e-02 3.060789220035076141e-02 3.403854742646217346e-02 1.751056872308254242e-02 1.721294969320297241e-02 1.413718215189874172e-03 8.015043102204799652e-03 3.385937958955764771e-02 3.100024163722991943e-02 1.508814562112092972e-02 2.444046735763549805e-02 5.292213987559080124e-03 1.453353092074394226e-02 8.378732018172740936e-03 1.085140556097030640e-02 2.258181571960449219e-02 2.151664905250072479e-02 9.118519956246018410e-04 9.716369211673736572e-03 1.337963622063398361e-02 2.163407392799854279e-02 2.792556025087833405e-02 3.358079865574836731e-02 5.410692654550075531e-03 9.992191568017005920e-03 3.107842989265918732e-02 3.045587986707687378e-02 3.082995675504207611e-02 1.647316850721836090e-02 3.250164911150932312e-02 1.250516623258590698e-02 1.908631995320320129e-02 2.089842595160007477e-02 1.123891398310661316e-02 1.282766368240118027e-02 1.302489358931779861e-02 2.386450208723545074e-02
1.384895481169223785e-02 4.670386202633380890e-03 1.684255897998809814e-02 3.118807822465896606e-02 9.515501558780670166e-03 1.682908087968826294e-02 1.275827176868915558e-02 8.135044015944004059e-03 8.556689023971557617e-01 3.203815594315528870e-02 8.622435852885246277e-03 1.987785659730434418e-02 3.163321176543831825e-03 9.009664878249168396e-03 6.749312393367290497e-03 4.510687291622161865e-02 3.040123917162418365e-02 5.958499386906623840e-02 2.803014218807220459e-02 4.126607964280992746e-04 9.975230321288108826e-03 1.406750362366437912e-02 3.526538237929344177e-02 3.474255651235580444e-02 5.239300895482301712e-03 1.184001006186008453e-02 1.554136071354150772e-02 1.712973043322563171e-02 1.678386121056973934e-03 9.410031139850616455e-03 7.818151265382766724e-03 1.672488078474998474e-02 5.103247240185737610e-04 5.684121046215295792e-03 8.730245754122734070e-03 1.766255870461463928e-02 3.422301262617111206e-03 1.955185318365693092e-03 7.633595727384090424e-03 1.074697636067867279e-02 1.313745160587131977e-03 3.494614735245704651e-02 6.016280502080917358e-03 1.265301182866096497e-02 1.641516014933586121e-02 1.126749441027641296e-02 1.700313016772270203e-02 2.792129991576075554e-03 2.512700296938419342e-02 1.087001897394657135e-02 2.040561754256486893e-03 5.452676559798419476e-04 1.337571186013519764e-03 8.920738473534584045e-03 3.132680058479309082e-02 5.809173919260501862e-03 1.613469608128070831e-02 1.527159661054611206e-02 4.061422077938914299e-04 1.878971420228481293e-02 4.005654901266098022e-02 1.201398577541112900e-02 2.130540320649743080e-03 1.066744420677423477e-02 4.254633560776710510e-03 1.126504503190517426e-02 8.401393890380859375e-03 7.674201042391359806e-04 4.752586036920547485e-02 9.626017883419990540e-03 2.604566328227519989e-02 4.199728369712829590e-02 6.808988749980926514e-03 1.102008484303951263e-02 2.508803037926554680e-03 3.737483918666839600e-02 6.042756885290145874e-02 2.980547584593296051e-02 5.182585865259170532e-02 1.392383314669132233e-02 7.530172355473041534e-03 5.717894993722438812e-03 2.961381152272224426e-02 1.852927729487419128e-02 2.463219873607158661e-02 1.724661141633987427e-02 6.172514986246824265e-03 1.172290928661823273e-02 4.014209657907485962e-02 1.604413427412509918e-02 2.192651445511728525e-04 5.311193410307168961e-03 5.408926401287317276e-03 2.287499792873859406e-02 2.121377736330032349e-02 2.279495965922251344e-04 3.453418379649519920e-03 3.467087075114250183e-02 2.742973901331424713e-02 6.925959605723619461e-04 3.945674747228622437e-03 4.841241519898176193e-03 3.743265406228601933e-04 1.521653868257999420e-02 1.580032706260681152e-02 1.932169869542121887e-02 2.891754498705267906e-03 8.211500011384487152e-03 6.337769329547882080e-03 4.108632449060678482e-03 3.141111461445689201e-03 1.590611226856708527e-02 9.088877588510513306e-03 2.781072398647665977e-03 3.923709038645029068e-03 4.078197525814175606e-04
7.776053622364997864e-03 3.428618190810084343e-03 1.249246881343424320e-03 3.363952273502945900e-03 4.299947619438171387e-02 6.563049741089344025e-03 7.373009808361530304e-03 1.662255451083183289e-02 3.203815594315528870e-02 8.556689023971557617e-01 6.504115648567676544e-03 1.130283065140247345e-02 2.176160225644707680e-03 1.930950768291950226e-02 5.370174534618854523e-03 2.453891746699810028e-02 2.996069751679897308e-02 4.112280905246734619e-02 6.948640197515487671e-02 1.858643814921379089e-02 1.048348378390073776e-02 3.617296693846583366e-03 5.526053719222545624e-03 3.213759139180183411e-02 1.095130294561386108e-02 1.891769468784332275e-03 6.638621445745229721e-03 5.796074867248535156e-03 1.318831089884042740e-02 1.483468245714902878e-02 1.803320087492465973e-02 8.601046167314052582e-03 1.603395864367485046e-02 1.018469221889972687e-02 6.804313976317644119e-03 1.625860459171235561e-03 8.649990893900394440e-03 6.814626045525074005e-03 1.137067191302776337e-02 2.037916705012321472e-02 4.469541367143392563e-03 1.947875507175922394e-02 8.489186875522136688e-03 5.051437765359878540e-03 3.105340525507926941e-03 1.240293402224779129e-02 1.459798868745565414e-02 7.168298587203025818e-03 5.464787594974040985e-03 3.522029891610145569e-02 8.498173207044601440e-03 2.260843059048056602e-03 1.103470218367874622e-03 3.551078494638204575e-03 1.509216800332069397e-02 3.155202418565750122e-02 3.326557634864002466e-04 1.029579807072877884e-02 2.376346848905086517e-03 7.135514752008020878e-04 9.153197519481182098e-03 3.104393929243087769e-02 1.408042758703231812e-02 1.210202230140566826e-03 6.891448982059955597e-03 3.019094234332442284e-03 2.177254669368267059e-02 1.629199646413326263e-02 1.753668487071990967e-02 2.945018187165260315e-02 4.221402108669281006e-02 4.896417260169982910e-03 5.969861522316932678e-03 2.468401193618774414e-02 1.827678084373474121e-02 1.116698980331420898e-02 1.399213727563619614e-02 5.058646202087402344e-02 3.813945502042770386e-02 6.471287459135055542e-02 3.114343271590769291e-04 1.024481840431690216e-02 2.619986794888973236e-02 5.396134778857231140e-02 6.123840343207120895e-03 3.961324691772460938e-02 4.277793224900960922e-03 9.187494404613971710e-03 1.428364403545856476e-02 2.356322295963764191e-02 2.130533568561077118e-02 4.215145949274301529e-03 9.717420674860477448e-03 2.640180755406618118e-03 2.741612959653139114e-03 1.869994960725307465e-02 1.823202706873416901e-02 1.740908995270729065e-02 7.228597532957792282e-04 8.679639548063278198e-03 2.612660871818661690e-03 7.518779020756483078e-03 1.061784103512763977e-02 5.779415834695100784e-03 7.526072207838296890e-03 6.990490015596151352e-03 2.967374632135033607e-03 3.440006403252482414e-03 1.534090470522642136e-02 1.405575033277273178e-02 1.420400291681289673e-02 4.321896936744451523e-03 6.057833670638501644e-04 1.320425653830170631e-03 1.067792437970638275e-02 1.449684333056211472e-02
5.191961303353309631e-02 4.684844240546226501e-02 1.593485288321971893e-02 1.326622534543275833e-02 1.733965985476970673e-02 4.887577146291732788e-02 5.021655187010765076e-02 1.327327638864517212e-02 8.622435852885246277e-03 6.504115648567676544e-03 8.556689023971557617e-01 1.992596685886383057e-02 5.155967921018600464e-02 2.170141413807868958e-02 2.492499537765979767e-02 7.813276723027229309e-03 6.472451612353324890e-03 8.697414770722389221e-03 1.182845514267683029e-02 3.140338882803916931e-02 3.231360018253326416e-02 2.527300268411636353e-02 2.262565493583679199e-02 1.404976006597280502e-02 3.404267877340316772e-02 3.200604394078254700e-02 5.302630830556154251e-03 1.705873943865299225e-02 3.390858322381973267e-02 7.588113192468881607e-03 2.423926629126071930e-02 2.198293991386890411e-02 2.195915952324867249e-02 2.621170878410339355e-02 2.700859680771827698e-02 1.066887099295854568e-02 4.984551109373569489e-03 2.969396999105811119e-03 3.292864188551902771e-03 9.027107618749141693e-03 3.105296520516276360e-03 1.716328971087932587e-02 2.954299375414848328e-02 1.229131594300270081e-02 2.533427067101001740e-02 8.494860492646694183e-03 4.828412458300590515e-02 4.320873320102691650e-02 1.855034381151199341e-02 4.320803564041852951e-03 2.597398310899734497e-02 2.761689573526382446e-02 8.713711984455585480e-03 1.080719847232103348e-02 1.724350638687610626e-02 1.330395415425300598e-02 2.463623136281967163e-02 2.993710152804851532e-02 7.342933677136898041e-03 1.214286684989929199e-02 2.273836545646190643e-02 1.410733070224523544e-02 1.855954341590404510e-02 2.571096271276473999e-02 2.185556478798389435e-02 2.061600983142852783e-02 3.668764233589172363e-02 3.462493419647216797e-02 1.691966131329536438e-02 7.206481881439685822e-03 9.548570960760116577e-03 9.515434503555297852e-03 7.677288260310888290e-03 1.882323529571294785e-03 1.142957829870283604e-03 7.831132970750331879e-03 1.924837753176689148e-02 9.377555921673774719e-03 2.257821382954716682e-03 2.300703525543212891e-02 1.671457663178443909e-02 1.816683635115623474e-02 5.600757431238889694e-03 1.239837519824504852e-02 2.651510201394557953e-02 3.472570329904556274e-03 2.581885643303394318e-02 2.308570221066474915e-02 1.252546254545450211e-02 6.851638318039476871e-04 2.698507532477378845e-02 2.242302149534225464e-02 1.650697179138660431e-02 1.874369010329246521e-02 1.520840218290686607e-03 1.343712676316499710e-03 7.367756683379411697e-03 6.021342240273952484e-03 3.068925999104976654e-02 3.114141151309013367e-02 1.345566753298044205e-02 1.272110361605882645e-02 1.252262014895677567e-02 8.473463356494903564e-03 1.420430839061737061e-02 7.969553582370281219e-03 1.295743137598037720e-02 4.441687371581792831e-03 6.715969182550907135e-03 1.441953890025615692e-02 7.596675772219896317e-03 6.874903570860624313e-03 3.105816990137100220e-02 3.127896785736083984e-02 2.544466871768236160e-03 1.049420237541198730e-02
1.915865950286388397e-02 2.235808409750461578e-02 1.100523676723241806e-02 2.036892622709274292e-02 1.984834438189864159e-03 2.188201434910297394e-02 1.052228547632694244e-02 2.342137321829795837e-02 1.987785659730434418e-02 1.130283065140247345e-02 1.992596685886383057e-02 8.556689023971557617e-01 2.138119377195835114e-02 4.208955168724060059e-02 2.336997352540493011e-02 2.005806751549243927e-02 1.909430697560310364e-02 1.563529111444950104e-02 1.307500433176755905e-02 1.927251555025577545e-02 2.593604847788810730e-02 2.158424817025661469e-02 3.289764001965522766e-02 2.715599909424781799e-02 2.113038673996925354e-02 2.416869439184665680e-02 1.349727623164653778e-02 3.498745709657669067e-02 8.261414244771003723e-03 3.203348815441131592e-02 5.160971544682979584e-03 1.131260395050048828e-02 1.068523619323968887e-02 1.094776950776576996e-02 1.792514696717262268e-02 2.301470376551151276e-02 2.510724775493144989e-02 1.309776585549116135e-02 1.710858196020126343e-02 1.049911603331565857e-02 1.600074954330921173e-02 2.402216196060180664e-02 2.224221639335155487e-02 1.419546827673912048e-02 3.236571326851844788e-02 1.625797152519226074e-02 1.675816997885704041e-02 3.753239288926124573e-03 8.815420791506767273e-03 7.915437221527099609e-03 2.752100676298141479e-02 3.184061124920845032e-02 2.039868570864200592e-02 2.013145759701728821e-02 1.474368013441562653e-02 1.496972516179084778e-02 2.816613949835300446e-02 2.740710228681564331e-02 2.484911866486072540e-02 1.562264375388622284e-02 1.386154349893331528e-02 1.516722235828638077e-02 2.276198565959930420e-02 1.918101683259010315e-02 2.223016880452632904e-02 1.351686101406812668e-02 1.396443042904138565e-02 1.872251555323600769e-02 2.659751102328300476e-02 2.234896272420883179e-02 2.492457255721092224e-02 6.881472654640674591e-03 2.943906746804714203e-02 2.043087966740131378e-02 2.633259259164333344e-02 1.838003471493721008e-02 2.806283347308635712e-02 3.091892786324024200e-02 1.920818723738193512e-02 6.885563489049673080e-03 2.529481239616870880e-02 2.231819182634353638e-02 2.481587417423725128e-02 2.494058944284915924e-02 1.428873278200626373e-02 3.938496112823486328e-03 2.786033786833286285e-02 2.447859384119510651e-02 3.295327723026275635e-02 3.043297864496707916e-02 4.207394551485776901e-03 2.429220452904701233e-02 8.109264308586716652e-04 1.586047373712062836e-02 1.695224083960056305e-02 1.536349579691886902e-02 1.124844420701265335e-02 1.681490801274776459e-02 2.315768972039222717e-02 2.330896444618701935e-02 1.052507199347019196e-02 1.180507894605398178e-02 1.902388967573642731e-02 2.497218549251556396e-02 8.744996972382068634e-03 1.046110410243272781e-02 6.843134295195341110e-03 2.465987205505371094e-02 7.133907172828912735e-03 1.472040172666311264e-02 2.742589637637138367e-02 3.040179610252380371e-02 2.160715125501155853e-02 2.053635194897651672e-02 1.975448429584503174e-02 7.688123267143964767e-03
5.432273447513580322e-02 5.411719158291816711e-02 1.172250416129827499e-02 1.554187666624784470e-02 1.491510774940252304e-02 5.058326199650764465e-02 4.440056160092353821e-02 1.468405127525329590e-02 3.163321176543831825e-03 2.176160225644707680e-03 5.155967921018600464e-02 2.138119377195835114e-02 8.556689023971557617e-01 2.333005145192146301e-02 2.559462189674377441e-02 7.395057473331689835e-03 6.497384048998355865e-03 4.527172073721885681e-03 9.871610440313816071e-03 3.073395602405071259e-02 3.158807009458541870e-02 2.811761014163494110e-02 2.075105905532836914e-02 1.325431652367115021e-02 3.312648087739944458e-02 3.043821267783641815e-02 5.944515112787485123e-03 1.899771019816398621e-02 2.938471548259258270e-02 1.352582219988107681e-02 2.530253678560256958e-02 2.114226855337619781e-02 2.097849920392036438e-02 2.729460224509239197e-02 2.873685210943222046e-02 1.161172054708003998e-02 5.265475250780582428e-03 1.883011660538613796e-03 2.419104799628257751e-03 5.973069928586483002e-03 6.081300787627696991e-03 1.237966772168874741e-02 2.498950809240341187e-02 7.556336000561714172e-03 2.336366288363933563e-02 7.749636191874742508e-03 4.806714877486228943e-02 3.945057839155197144e-02 1.362030208110809326e-02 6.953030358999967575e-03 1.852191612124443054e-02 2.461396157741546631e-02 7.271600188687443733e-04 5.003400146961212158e-03 1.219752337783575058e-02 1.360913738608360291e-02 2.101760171353816986e-02 2.879076078534126282e-02 4.684705287218093872e-03 9.807768277823925018e-03 1.696215569972991943e-02 1.655741408467292786e-02 1.288638729602098465e-02 2.059266902506351471e-02 1.782908663153648376e-02 2.255806699395179749e-02 3.655152395367622375e-02 3.630892187356948853e-02 1.346295326948165894e-02 1.136113330721855164e-02 1.133753731846809387e-02 1.657256158068776131e-03 1.129426527768373489e-02 6.929680239409208298e-03 6.159913726150989532e-03 2.231993945315480232e-03 1.507119648158550262e-02 1.257048640400171280e-02 3.249951638281345367e-03 2.286631055176258087e-02 1.460183970630168915e-02 1.715601608157157898e-02 3.109800862148404121e-03 6.072827149182558060e-03 1.869349181652069092e-02 6.483626551926136017e-03 2.676905691623687744e-02 2.311580069363117218e-02 9.034263901412487030e-03 6.299158558249473572e-03 1.841221004724502563e-02 2.023048885166645050e-02 1.392772607505321503e-02 1.445879228413105011e-02 6.986686028540134430e-03 2.193833468481898308e-03 3.031677566468715668e-03 6.140209268778562546e-03 2.680883929133415222e-02 2.857809886336326599e-02 1.211677677929401398e-02 1.703378371894359589e-02 8.666539564728736877e-03 4.748154431581497192e-03 1.068929396569728851e-02 8.215837180614471436e-03 1.305382419377565384e-02 1.892083819257095456e-04 1.165489573031663895e-02 9.196951054036617279e-03 1.266190409660339355e-02 8.053062483668327332e-03 2.763575129210948944e-02 2.536230348050594330e-02 3.385968506336212158e-03 1.608570851385593414e-02
