8.251085281372070312e-01 9.231894463300704956e-02 1.106008607894182205e-02 1.659549772739410400e-03 2.188519015908241272e-02 7.456570863723754883e-02 6.672362983226776123e-02 7.576474454253911972e-03 1.461999304592609406e-02 1.756293140351772308e-02 6.601715832948684692e-02 1.361251622438430786e-02 7.677463442087173462e-02 1.827207021415233612e-02 4.062286391854286194e-02 2.216602675616741180e-02 1.257689297199249268e-02 1.526140980422496796e-02 5.199125735089182854e-04 8.770498447120189667e-03 3.625755896791815758e-03 3.906370699405670166e-02 1.644001528620719910e-02 1.443776022642850876e-02 1.011377666145563126e-02 9.313145652413368225e-03 2.338708192110061646e-02 1.452211872674524784e-04 6.533564068377017975e-03 1.168877072632312775e-02 8.534315042197704315e-03 1.242612395435571671e-02 1.764521747827529907e-02 1.329821068793535233e-02 3.608681727200746536e-03 9.454869665205478668e-03 6.082782521843910217e-03 2.226701239123940468e-03 5.373200867325067520e-03 1.780841499567031860e-02 2.973170718178153038e-03 4.183336626738309860e-03 3.641206771135330200e-03 1.561463810503482819e-02 3.483404219150543213e-02 6.368964444845914841e-03 6.284174323081970215e-02 4.669678956270217896e-02 1.432537287473678589e-02 1.673559285700321198e-02 5.924512515775859356e-04 7.909326814115047455e-03 3.541874466463923454e-03 1.117716077715158463e-03 2.312534675002098083e-02 1.152289472520351410e-02 9.862118400633335114e-03 5.175769329071044922e-04 9.070303291082382202e-03 3.321167314425110817e-03 1.616955548524856567e-02 1.134306658059358597e-02 1.322768803220242262e-04 2.066010609269142151e-02 1.435076445341110229e-02 4.613514244556427002e-02 8.151171728968620300e-03 2.878329716622829437e-03 1.893823407590389252e-02 7.239612750709056854e-03 1.428953930735588074e-02 7.077045273035764694e-03 4.336838610470294952e-03 9.260324761271476746e-03 3.579912008717656136e-04 3.233396448194980621e-03 1.806454174220561981e-02 1.346339378505945206e-02 2.773842215538024902e-02 2.653901278972625732e-02 6.063810084015130997e-03 7.594441995024681091e-04 1.241395343095064163e-02 1.170722208917140961e-02 4.912343341857194901e-03 3.249140456318855286e-03 2.910497412085533142e-02 1.557233929634094238e-02 4.338690545409917831e-03 1.603787764906883240e-03 7.858743891119956970e-03 2.877771109342575073e-02 2.418813481926918030e-02 3.366895765066146851e-02 2.280378900468349457e-02 1.907741837203502655e-02 1.305939164012670517e-02 1.697966828942298889e-02 1.168511621654033661e-02 4.259754437953233719e-03 2.212422154843807220e-02 2.301861345767974854e-02 1.989221759140491486e-02 9.509404189884662628e-03 6.980629637837409973e-03 6.185264792293310165e-03 8.504237979650497437e-03 1.892633852548897266e-03 2.647403394803404808e-03 3.209722228348255157e-03 2.914725057780742645e-02 8.972869254648685455e-03 4.453433677554130554e-03 3.958519548177719116e-03 2.991556376218795776e-02 6.175054237246513367e-03
9.231894463300704956e-02 8.251085281372070312e-01 1.267713122069835663e-02 3.574003232643008232e-03 2.156523801386356354e-02 7.550577074289321899e-02 7.149073481559753418e-02 1.197094097733497620e-02 1.162123400717973709e-02 1.641830988228321075e-02 6.248511001467704773e-02 1.095270458608865738e-02 7.670454680919647217e-02 1.041836291551589966e-02 4.317108914256095886e-02 1.784294098615646362e-02 1.476966869086027145e-02 6.204276811331510544e-03 9.224735549651086330e-05 8.416227996349334717e-03 2.606694120913743973e-03 4.297146573662757874e-02 5.311717279255390167e-03 4.910268820822238922e-03 1.111764088273048401e-02 2.356081269681453705e-03 3.042724356055259705e-02 6.925546098500490189e-03 3.355518914759159088e-03 1.080784853547811508e-02 1.446449011564254761e-02 1.113655418157577515e-02 1.999375037848949432e-02 1.016675215214490891e-02 2.998449839651584625e-03 7.484789006412029266e-03 3.204598324373364449e-04 2.611034782603383064e-03 3.057007445022463799e-03 9.486609138548374176e-03 2.803965238854289055e-03 3.403000067919492722e-03 1.287462003529071808e-02 1.154127996414899826e-02 2.403101697564125061e-02 7.256071083247661591e-03 6.675682961940765381e-02 5.202043801546096802e-02 1.364137418568134308e-02 1.572326011955738068e-02 1.139908004552125931e-02 7.868657819926738739e-03 4.271518904715776443e-03 2.521306509152054787e-03 1.540657784789800644e-02 1.117787510156631470e-02 1.715342141687870026e-02 5.589469801634550095e-03 8.616648614406585693e-03 5.399814806878566742e-03 8.941533043980598450e-03 1.319725625216960907e-02 6.951831746846437454e-03 2.329585142433643341e-02 2.211953885853290558e-02 4.713489487767219543e-02 1.622864278033375740e-03 1.262601348571479321e-03 1.251429226249456406e-02 4.724669270217418671e-03 1.160767208784818649e-02 9.165568277239799500e-03 3.259610151872038841e-03 1.097365375608205795e-02 1.088731340132653713e-03 5.809118039906024933e-03 1.491713989526033401e-02 1.293322723358869553e-02 1.870616339147090912e-02 2.419745735824108124e-02 1.294154860079288483e-02 1.605805754661560059e-02 8.527029305696487427e-03 7.693430874496698380e-03 2.595986006781458855e-03 6.089917849749326706e-03 2.669161185622215271e-02 1.122327521443367004e-02 8.691695402376353741e-04 1.574876368977129459e-03 1.350216194987297058e-02 3.052503615617752075e-02 2.994164079427719116e-02 3.668219223618507385e-02 1.731563732028007507e-02 1.589693501591682434e-02 1.082581281661987305e-02 1.462500169873237610e-02 5.438398569822311401e-03 5.055461660958826542e-04 1.556268520653247833e-02 1.378249470144510269e-02 1.460487302392721176e-02 6.405431777238845825e-03 1.866589765995740891e-03 2.329573500901460648e-03 7.431182079017162323e-03 8.743789978325366974e-03 3.340145805850625038e-03 7.714105304330587387e-03 2.081476897001266479e-02 1.180913671851158142e-02 6.975172087550163269e-03 1.114156283438205719e-02 2.633056975901126862e-02 9.665730409324169159e-03
1.106008607894182205e-02 1.267713122069835663e-02 8.251085281372070312e-01 2.423828095197677612e-02 1.644382998347282410e-02 3.078042529523372650e-03 1.065850909799337387e-02 5.902325734496116638e-02 6.353422068059444427e-04 4.256550222635269165e-03 6.494611036032438278e-03 7.354937493801116943e-03 2.703034086152911186e-03 1.274028420448303223e-02 3.603304736316204071e-03 1.629155315458774567e-02 1.397013012319803238e-02 1.353242807090282440e-02 3.646640339866280556e-03 1.481493934988975525e-02 1.746039092540740967e-02 2.081245929002761841e-02 1.022695004940032959e-02 8.782743476331233978e-03 1.487502362579107285e-02 3.851292422041296959e-03 1.894772797822952271e-02 6.031287368386983871e-03 9.566721506416797638e-03 4.416138865053653717e-03 2.232314646244049072e-02 1.761090196669101715e-02 6.193715147674083710e-03 1.194140408188104630e-02 7.260248530656099319e-04 3.167903050780296326e-02 1.166968885809183121e-02 3.260219097137451172e-02 2.580991759896278381e-02 2.232532948255538940e-02 9.858991019427776337e-03 1.364321820437908173e-02 1.117543596774339676e-02 3.435821458697319031e-02 1.778169721364974976e-02 4.196020308881998062e-03 8.309349417686462402e-03 9.460808709263801575e-03 8.399418555200099945e-03 1.098197605460882187e-02 1.224861107766628265e-02 3.698203247040510178e-03 2.369507029652595520e-02 1.338239014148712158e-02 4.909846931695938110e-03 1.199264265596866608e-02 1.043961942195892334e-02 7.996596395969390869e-03 2.343801781535148621e-02 3.481984883546829224e-02 3.207498230040073395e-03 7.221841719001531601e-03 1.639466919004917145e-02 1.938764471560716629e-03 5.308299325406551361e-03 1.606924831867218018e-02 2.087411843240261078e-02 1.773414574563503265e-02 2.408602647483348846e-02 3.494144976139068604e-02 2.901297807693481445e-02 1.740031875669956207e-02 3.226551413536071777e-02 2.521088905632495880e-02 2.931580878794193268e-02 2.652835845947265625e-02 8.439135737717151642e-03 7.977250032126903534e-03 2.338714152574539185e-02 8.281647460535168648e-04 5.650989711284637451e-02 1.096851285547018051e-02 2.023367676883935928e-03 8.556605316698551178e-03 2.241976931691169739e-02 1.609120145440101624e-02 2.534554898738861084e-02 1.431811368092894554e-03 2.309616841375827789e-02 2.232760190963745117e-02 4.822411108762025833e-03 1.960393227636814117e-02 3.515887772664427757e-03 1.285880897194147110e-02 5.259082186967134476e-03 1.518478966318070889e-03 7.929037325084209442e-03 2.499349182471632957e-03 4.810163751244544983e-03 8.270476944744586945e-03 2.846671827137470245e-02 1.521511469036340714e-02 1.520518213510513306e-02 4.039595834910869598e-03 3.200182691216468811e-02 3.029753454029560089e-02 2.157975919544696808e-02 6.963896565139293671e-03 1.223940402269363403e-02 1.264875475317239761e-02 6.948787253350019455e-03 2.929371548816561699e-03 1.817665435373783112e-02 9.488752111792564392e-03 1.697440631687641144e-02 1.554436329752206802e-02
1.659549772739410400e-03 3.574003232643008232e-03 2.423828095197677612e-02 8.251085281372070312e-01 5.383910238742828369e-02 1.535030314698815346e-03 1.064461190253496170e-03 1.135976985096931458e-02 1.112156733870506287e-02 4.246738273650407791e-03 5.976921413093805313e-03 8.613639511168003082e-03 6.729882676154375076e-03 1.552542299032211304e-02 1.771182753145694733e-02 1.768518425524234772e-02 2.306181850144639611e-04 4.721561446785926819e-03 1.325109135359525681e-02 3.140291199088096619e-02 1.709799282252788544e-02 2.112799696624279022e-02 4.429261758923530579e-02 3.963677957653999329e-02 2.053013816475868225e-02 2.500196278560906649e-04 1.607985235750675201e-02 2.408908866345882416e-02 3.186740446835756302e-03 1.355142984539270401e-02 9.530418319627642632e-04 2.648402377963066101e-02 1.468295324593782425e-02 3.391363099217414856e-02 1.940106227993965149e-02 3.000710345804691315e-02 4.165420308709144592e-02 7.291108369827270508e-03 3.842733055353164673e-02 2.238309197127819061e-02 1.583090797066688538e-02 1.523588504642248154e-02 3.055753186345100403e-02 1.515627140179276466e-03 1.746483519673347473e-02 2.969175111502408981e-04 8.698198944330215454e-03 6.655481178313493729e-03 2.566767670214176178e-02 1.467964239418506622e-02 1.415979862213134766e-02 6.622859276831150055e-03 2.081248350441455841e-02 2.177722752094268799e-03 5.002021789550781250e-03 1.094538904726505280e-02 6.568390410393476486e-03 6.779559887945652008e-03 2.050048485398292542e-02 4.791518673300743103e-03 1.535540632903575897e-02 1.585571467876434326e-02 3.221958130598068237e-02 1.745710335671901703e-02 5.123760085552930832e-03 3.551271744072437286e-03 2.134616486728191376e-02 1.969057507812976837e-02 1.019530650228261948e-02 2.140560187399387360e-03 3.170149773359298706e-02 4.156098235398530960e-03 6.783554702997207642e-02 2.025857567787170410e-02 1.396447420120239258e-02 1.484702527523040771e-02 1.696218969300389290e-03 7.935533300042152405e-03 1.876452378928661346e-02 2.026813337579369545e-03 4.123644903302192688e-04 1.054446026682853699e-02 4.784529563039541245e-03 8.326620445586740971e-04 3.234403952956199646e-02 4.185633361339569092e-02 2.598376199603080750e-02 4.596148151904344559e-03 1.674519106745719910e-02 3.729372471570968628e-02 6.205947138369083405e-03 2.434308081865310669e-02 6.631920114159584045e-03 1.594059914350509644e-02 4.048391710966825485e-03 9.300456382334232330e-03 1.308984216302633286e-02 4.861477762460708618e-03 4.431841894984245300e-02 4.054695367813110352e-02 1.649312488734722137e-02 9.706064127385616302e-03 1.209558267146348953e-02 1.051661651581525803e-02 1.671236567199230194e-02 2.961071440950036049e-03 2.303483895957469940e-02 6.648331414908170700e-03 1.328526413999497890e-03 1.627833233214914799e-03 1.290898211300373077e-02 4.519123118370771408e-03 1.717351749539375305e-02 2.372020483016967773e-02 9.274832904338836670e-03 4.397108405828475952e-02
2.188519015908241272e-02 2.156523801386356354e-02 1.644382998347282410e-02 5.383910238742828369e-02 8.251085281372070312e-01 1.979848183691501617e-02 2.151721715927124023e-02 2.114851231453940272e-04 1.297929044812917709e-02 2.965684980154037476e-02 1.435747370123863220e-02 2.224349230527877808e-02 2.186347730457782745e-02 1.298105437308549881e-02 2.049374952912330627e-02 2.638729347381740808e-04 7.629877422004938126e-03 1.199831813573837280e-02 2.781154774129390717e-02 1.169727183878421783e-03 8.493478409945964813e-03 1.286572869867086411e-02 1.138618495315313339e-02 1.036326494067907333e-02 1.316133234649896622e-02 1.344405021518468857e-02 4.116498399525880814e-03 5.897090770304203033e-03 1.827779971063137054e-02 6.962789688259363174e-03 4.812104627490043640e-03 1.066532265394926071e-02 1.356380712240934372e-02 5.912816617637872696e-03 8.265018113888800144e-04 2.761756069958209991e-03 2.993848873302340508e-03 5.202752654440701008e-04 3.210395202040672302e-02 5.032382905483245850e-02 1.884832046926021576e-02 4.729725420475006104e-03 1.657514460384845734e-02 1.497136196121573448e-03 8.433752693235874176e-03 2.734357025474309921e-03 9.525286033749580383e-03 5.148744676262140274e-03 9.517804719507694244e-03 2.194404602050781250e-02 4.604301881045103073e-03 4.509535152465105057e-03 1.278798654675483704e-02 3.621559590101242065e-02 3.107819519937038422e-02 3.767380490899085999e-02 1.219150982797145844e-02 2.659139037132263184e-02 5.014522932469844818e-03 2.203128486871719360e-02 2.226923406124114990e-02 4.064406454563140869e-02 2.774007618427276611e-02 8.348357863724231720e-03 1.646348275244235992e-02 4.462218203116208315e-05 1.549119129776954651e-02 3.663666080683469772e-03 1.217871345579624176e-02 1.533830445259809494e-02 3.080223873257637024e-02 9.958202950656414032e-03 3.018560260534286499e-02 2.525912597775459290e-02 3.237092494964599609e-02 1.742852665483951569e-02 1.221419870853424072e-02 7.425948046147823334e-03 1.420604158192873001e-02 3.301615640521049500e-02 1.163494121283292770e-02 1.371450442820787430e-02 1.201114337891340256e-02 4.513074085116386414e-02 5.051188170909881592e-03 1.992274075746536255e-02 1.921713724732398987e-02 3.731366305146366358e-04 8.524398435838520527e-04 2.283917926251888275e-02 9.276600554585456848e-03 1.075275894254446030e-02 7.392837200313806534e-03 1.929290592670440674e-02 1.191765908151865005e-02 2.159187383949756622e-02 9.908696636557579041e-03 1.815092563629150391e-02 1.867582276463508606e-02 1.287991181015968323e-02 1.984212733805179596e-02 3.276566416025161743e-02 3.777669277042150497e-03 6.781494710594415665e-03 2.927950117737054825e-03 2.226670458912849426e-02 8.578841574490070343e-03 3.780433908104896545e-02 3.322262689471244812e-02 2.912368811666965485e-02 1.060432870872318745e-03 6.777141708880662918e-03 5.412486847490072250e-03 2.845506928861141205e-02 1.304592844098806381e-02 3.158729895949363708e-02
7.456570863723754883e-02 7.550577074289321899e-02 3.078042529523372650e-03 1.535030314698815346e-03 1.979848183691501617e-02 8.251085281372070312e-01 7.759820669889450073e-02 1.966824568808078766e-02 9.213157929480075836e-03 1.924469135701656342e-02 6.505902111530303955e-02 3.858713060617446899e-02 6.468311697244644165e-02 3.563409298658370972e-02 2.232149243354797363e-02 2.407688833773136139e-02 2.095097489655017853e-02 2.524824626743793488e-02 4.851847887039184570e-03 3.755405545234680176e-03 9.056399576365947723e-03 2.197184041142463684e-02 1.008068677037954330e-02 7.582902442663908005e-03 2.366144675761461258e-03 5.964066367596387863e-03 1.543125975877046585e-02 2.290442399680614471e-02 8.321196772158145905e-03 2.586661465466022491e-02 2.581723267212510109e-03 1.971828937530517578e-02 6.495825480669736862e-03 2.100035548210144043e-02 7.638948038220405579e-03 9.793743491172790527e-03 1.121886726468801498e-02 1.331434212625026703e-02 5.180757492780685425e-03 1.968424953520298004e-02 8.403819985687732697e-03 1.032861042767763138e-02 4.217663314193487167e-03 2.362003363668918610e-02 1.651500537991523743e-02 7.367637474089860916e-03 6.425009667873382568e-02 4.880266636610031128e-02 2.259970642626285553e-02 2.952390350401401520e-02 6.725954357534646988e-03 1.123385503888130188e-02 4.261591471731662750e-03 9.304216131567955017e-03 2.020554989576339722e-02 1.418609917163848877e-02 1.240665186196565628e-02 3.794337389990687370e-03 6.423409096896648407e-03 5.227390211075544357e-03 9.362729266285896301e-03 2.316070161759853363e-02 1.295352238230407238e-03 1.701904647052288055e-02 2.378553710877895355e-02 4.112161695957183838e-02 1.237895456142723560e-03 1.349461637437343597e-02 1.663308218121528625e-02 1.265938486903905869e-02 1.102476473897695541e-02 9.744480252265930176e-03 5.358026828616857529e-04 7.733530830591917038e-03 2.703610574826598167e-03 1.600613351911306381e-03 6.897498853504657745e-03 9.974250569939613342e-03 2.118724025785923004e-02 3.047189116477966309e-02 1.095416489988565445e-02 3.541622078046202660e-03 8.421382866799831390e-03 1.801461726427078247e-02 5.856978241354227066e-03 1.154880784451961517e-02 1.282841153442859650e-02 4.809819161891937256e-03 1.921350695192813873e-02 1.390694547444581985e-02 1.856139115989208221e-02 3.028768114745616913e-02 2.628653496503829956e-02 3.295169770717620850e-02 1.416604034602642059e-02 2.003153413534164429e-02 4.213121719658374786e-03 1.931427791714668274e-02 6.627846974879503250e-03 1.308034546673297882e-02 2.424909360706806183e-02 2.044061198830604553e-02 2.097075339406728745e-03 5.959695670753717422e-03 1.634160429239273071e-02 2.106211334466934204e-02 1.930237188935279846e-02 3.133197547867894173e-03 1.115217921324074268e-03 1.369332545436918736e-03 2.159554697573184967e-02 6.165069993585348129e-03 6.547710858285427094e-03 9.332060813903808594e-03 1.362620014697313309e-02 8.478400559397414327e-05
6.672362983226776123e-02 7.149073481559753418e-02 1.065850909799337387e-02 1.064461190253496170e-03 2.151721715927124023e-02 7.759820669889450073e-02 8.251085281372070312e-01 1.868335157632827759e-02 1.736086234450340271e-02 2.158485539257526398e-02 6.508064270019531250e-02 2.759619429707527161e-02 5.886540561914443970e-02 2.930327877402305603e-02 1.905412413179874420e-02 1.782322861254215240e-02 1.829458214342594147e-02 1.959609240293502808e-02 1.141412183642387390e-02 1.104690041393041611e-02 2.168573904782533646e-03 1.069359015673398972e-02 9.468335658311843872e-03 7.024815306067466736e-03 5.768353585153818130e-03 3.199447412043809891e-03 2.535813255235552788e-03 1.782881282269954681e-02 1.052729506045579910e-02 1.372023206204175949e-02 8.081784471869468689e-03 1.360034570097923279e-02 1.101650949567556381e-02 1.894754916429519653e-02 6.118285469710826874e-03 1.125831156969070435e-02 1.429325342178344727e-02 3.205793211236596107e-03 1.809066534042358398e-02 1.591354422271251678e-02 1.515968982130289078e-02 1.932419370859861374e-03 1.908398047089576721e-02 1.744827255606651306e-02 5.560188554227352142e-03 1.591276843100786209e-03 5.870492756366729736e-02 6.015979498624801636e-02 1.764807291328907013e-02 2.592910639941692352e-02 8.716416545212268829e-03 6.024744361639022827e-03 4.126213025301694870e-03 1.494256407022476196e-02 2.115388773381710052e-02 1.961485855281352997e-02 1.106259319931268692e-02 2.744593191891908646e-03 1.071346737444400787e-02 5.661800969392061234e-03 7.139723282307386398e-03 2.140940912067890167e-02 6.090307142585515976e-03 2.351485192775726318e-02 2.048294618725776672e-02 4.039323702454566956e-02 6.559381290571764112e-06 6.961944513022899628e-03 2.068460918962955475e-02 1.217219280079007149e-03 1.371064968407154083e-02 5.978384288027882576e-04 1.576702925376594067e-03 4.452368884813040495e-04 5.170179065316915512e-03 3.602712531574070454e-04 1.371584925800561905e-02 7.383698131889104843e-03 2.199176698923110962e-02 3.419888764619827271e-02 3.263073449488729239e-04 4.336602520197629929e-03 5.547259468585252762e-03 1.526551134884357452e-02 3.063639625906944275e-03 3.833171213045716286e-03 1.741273887455463409e-02 6.486600730568170547e-03 1.023640390485525131e-03 3.944233059883117676e-03 1.917934045195579529e-02 2.721710875630378723e-02 2.368324622511863708e-02 3.441709280014038086e-02 2.789650857448577881e-02 3.625585883855819702e-02 2.827082294970750809e-03 1.859010569751262665e-02 4.511067178100347519e-03 6.862572394311428070e-03 2.145951054990291595e-02 2.577141113579273224e-02 5.831812974065542221e-03 3.086120355874300003e-03 1.114414818584918976e-02 1.697978191077709198e-02 2.243171446025371552e-02 4.716921132057905197e-03 9.083908982574939728e-03 6.002235459163784981e-04 1.540553569793701172e-02 1.188813522458076477e-02 1.283634826540946960e-02 1.287963986396789551e-02 2.141567133367061615e-02 7.379477377980947495e-03
7.576474454253911972e-03 1.197094097733497620e-02 5.902325734496116638e-02 1.135976985096931458e-02 2.114851231453940272e-04 1.966824568808078766e-02 1.868335157632827759e-02 8.251085281372070312e-01 3.912375250365585089e-04 1.601593196392059326e-02 2.015578374266624451e-02 1.017339760437607765e-03 7.363469805568456650e-03 5.845865700393915176e-03 1.946748048067092896e-02 1.215105503797531128e-02 1.176991499960422516e-02 2.260508574545383453e-02 4.784688819199800491e-03 8.951361291110515594e-03 2.611198229715228081e-03 1.991193974390625954e-03 1.928393356502056122e-02 5.902922246605157852e-03 1.454611402004957199e-02 1.080972421914339066e-02 1.144562382251024246e-03 1.446395646780729294e-03 2.306523267179727554e-03 1.477473229169845581e-02 1.021597418002784252e-03 1.193703431636095047e-02 1.952642016112804413e-02 4.384059924632310867e-03 1.241032779216766357e-02 3.435655310750007629e-02 2.931693382561206818e-02 3.979347273707389832e-02 2.099281875416636467e-03 1.001116354018449783e-02 2.417760528624057770e-02 2.387531101703643799e-03 1.199691370129585266e-02 4.384462721645832062e-03 1.296144211664795876e-03 3.519050776958465576e-03 2.190859429538249969e-02 1.649857871234416962e-02 2.229869598522782326e-03 1.342843286693096161e-02 7.159958127886056900e-03 9.735413827002048492e-03 2.472165785729885101e-02 1.824256964027881622e-02 6.474559195339679718e-03 7.466774433851242065e-03 4.839215893298387527e-03 8.643916808068752289e-03 1.478528790175914764e-02 2.873540483415126801e-02 2.767530269920825958e-03 1.088756788522005081e-02 1.666320371441543102e-03 6.521603092551231384e-03 7.561196573078632355e-03 3.717161962413229048e-05 7.380603346973657608e-03 5.897324532270431519e-03 2.073574066162109375e-02 1.268912851810455322e-02 1.725701056420803070e-02 8.494373410940170288e-03 1.794479042291641235e-02 5.938635673373937607e-03 5.755182937718927860e-04 6.313205230981111526e-03 6.741079851053655148e-04 5.497389473021030426e-03 1.067146379500627518e-02 3.692952741403132677e-04 5.797981098294258118e-02 4.273687303066253662e-02 1.294265985052334145e-05 1.438469998538494110e-02 2.472246624529361725e-02 2.556280419230461121e-02 4.411843046545982361e-02 2.888375893235206604e-02 9.832904674112796783e-03 2.899119572248309851e-04 3.469561692327260971e-03 4.731201101094484329e-03 3.593121946323662996e-04 9.766531176865100861e-03 9.896931238472461700e-03 1.480879820883274078e-02 1.493540592491626740e-02 1.236177608370780945e-02 1.308523584157228470e-02 2.371058799326419830e-02 3.160600736737251282e-02 2.201317576691508293e-03 1.311587914824485779e-02 1.356536708772182465e-02 2.909471467137336731e-02 1.616595499217510223e-02 5.365204531699419022e-03 1.490894891321659088e-02 3.756111254915595055e-03 1.196154206991195679e-02 1.859331503510475159e-02 3.661883296445012093e-03 9.370351210236549377e-03 2.233748510479927063e-02 4.693351220339536667e-03 4.846544470638036728e-03
1.461999304592609406e-02 1.162123400717973709e-02 6.353422068059444427e-04 1.112156733870506287e-02 1.297929044812917709e-02 9.213157929480075836e-03 1.736086234450340271e-02 3.912375250365585089e-04 8.251085281372070312e-01 3.677027672529220581e-02 1.490825973451137543e-02 1.170271635055541992e-02 1.655747182667255402e-02 1.185119058936834335e-02 9.006606414914131165e-03 4.517029598355293274e-02 2.622529678046703339e-02 2.279822900891304016e-02 2.005004882812500000e-02 6.219942122697830200e-03 8.676596917212009430e-03 7.052723318338394165e-03 3.846478834748268127e-02 3.308997675776481628e-02 1.362693775445222855e-02 1.323477830737829208e-02 8.675363846123218536e-03 1.042109448462724686e-02 1.186394691467285156e-02 2.195090427994728088e-02 9.271797724068164825e-03 3.606001287698745728e-02 1.501541957259178162e-02 2.141730673611164093e-02 5.820296337333275005e-06 1.129761710762977600e-02 1.261306367814540863e-02 9.149313904345035553e-03 1.053340453654527664e-02 1.975935883820056915e-02 1.892415806651115417e-02 1.573828049004077911e-02 1.322329789400100708e-02 1.346711441874504089e-02 1.736840792000293732e-02 1.857791468501091003e-02 7.564464583992958069e-03 1.600198075175285339e-02 4.863750562071800232e-02 3.970019146800041199e-02 1.719349436461925507e-02 2.368065994232892990e-03 7.401221897453069687e-03 3.343171440064907074e-03 6.417384743690490723e-02 2.775748632848262787e-02 7.756330887787044048e-04 1.379241002723574638e-03 9.933633729815483093e-03 8.346511051058769226e-03 5.411051213741302490e-02 3.711067512631416321e-02 2.432138193398714066e-03 1.077445689588785172e-02 8.444707840681076050e-03 1.726461201906204224e-02 4.168479703366756439e-03 5.306398030370473862e-03 5.549145117402076721e-02 3.031089203432202339e-03 6.736569106578826904e-03 3.386035561561584473e-02 8.465317077934741974e-03 2.791279228404164314e-03 2.932051662355661392e-03 3.567302972078323364e-02 6.153983995318412781e-02 9.818658232688903809e-03 4.260162636637687683e-02 3.248974308371543884e-02 8.066537790000438690e-03 1.187958754599094391e-02 8.097857236862182617e-03 2.164463885128498077e-02 5.157207138836383820e-03 7.165691815316677094e-03 4.300439730286598206e-03 4.677881952375173569e-03 1.502934750169515610e-02 9.449476376175880432e-03 9.966145735234022141e-04 2.396024065092206001e-03 7.194484584033489227e-03 1.395513582974672318e-02 3.729216009378433228e-02 2.786081284284591675e-02 3.079849528148770332e-03 4.357432201504707336e-02 1.373932883143424988e-02 3.602170618250966072e-03 8.574711158871650696e-03 2.113187313079833984e-02 1.812991127371788025e-02 5.143516231328248978e-03 1.316829351708292961e-03 2.024942310526967049e-03 1.601522043347358704e-02 2.516901493072509766e-02 1.519273687154054642e-02 1.295240037143230438e-02 9.689548052847385406e-03 1.853162609040737152e-02 1.382441911846399307e-02 2.581023983657360077e-02 3.309486201032996178e-03 2.179363928735256195e-02
1.756293140351772308e-02 1.641830988228321075e-02 4.256550222635269165e-03 4.246738273650407791e-03 2.965684980154037476e-02 1.924469135701656342e-02 2.158485539257526398e-02 1.601593196392059326e-02 3.677027672529220581e-02 8.251085281372070312e-01 1.392634306102991104e-02 1.287566218525171280e-02 1.376852951943874359e-02 4.839955363422632217e-04 1.323098223656415939e-02 2.959731221199035645e-02 4.135601222515106201e-02 2.337431348860263824e-02 4.704883322119712830e-02 5.083533469587564468e-04 3.232756396755576134e-03 1.643246505409479141e-03 1.401638891547918320e-02 3.928168118000030518e-02 1.011792849749326706e-02 1.785184815526008606e-02 1.833725837059319019e-03 2.358531579375267029e-02 1.259774435311555862e-03 2.664767391979694366e-02 2.220265800133347511e-03 1.722862385213375092e-02 9.165814146399497986e-03 2.600385993719100952e-02 1.253022626042366028e-02 8.901265100575983524e-04 2.392041683197021484e-02 8.793891407549381256e-03 7.471677381545305252e-03 1.327912043780088425e-02 2.459328435361385345e-02 1.343648880720138550e-02 1.408282946795225143e-02 9.605602361261844635e-03 1.482235267758369446e-02 1.215065736323595047e-02 1.828174851834774017e-02 2.185203507542610168e-02 2.038837969303131104e-02 4.140251874923706055e-02 1.020520273596048355e-02 1.568154804408550262e-02 4.776274319738149643e-03 5.450683645904064178e-03 2.562117949128150940e-02 5.206461250782012939e-02 2.178862225264310837e-03 4.106323048472404480e-02 6.401440128684043884e-03 7.479729130864143372e-03 2.903807535767555237e-02 3.910869732499122620e-02 7.227771915495395660e-03 5.999592598527669907e-03 2.814457751810550690e-03 4.224506672471761703e-03 1.129869851865805686e-04 1.494773570448160172e-02 3.947223722934722900e-02 1.929348893463611603e-02 5.282565206289291382e-02 1.217579934746026993e-02 6.812759675085544586e-03 1.813709177076816559e-02 1.063368562608957291e-02 3.762324195122346282e-05 3.038460761308670044e-02 6.186407804489135742e-02 1.719365594908595085e-03 4.056266695261001587e-02 1.628920063376426697e-02 1.366502232849597931e-02 1.714152633212506771e-03 4.271876066923141479e-02 4.270921926945447922e-03 3.334310650825500488e-02 1.006559282541275024e-02 1.276345271617174149e-02 1.931119710206985474e-02 2.439475618302822113e-02 9.641859680414199829e-03 3.711826866492629051e-03 1.315746363252401352e-02 2.346284873783588409e-02 5.917803384363651276e-03 3.191391751170158386e-02 6.499771843664348125e-04 1.284737663809210062e-05 2.039731852710247040e-02 2.292937412858009338e-02 3.021184122189879417e-03 2.120898663997650146e-02 1.254249643534421921e-02 3.093534149229526520e-02 3.633752930909395218e-03 1.225220132619142532e-02 6.867555901408195496e-03 5.019916687160730362e-03 2.081500552594661713e-02 2.007752470672130585e-02 1.486418209969997406e-02 3.508720779791474342e-03 1.515200082212686539e-02 1.184559613466262817e-02 5.076850298792123795e-03 1.664267666637897491e-02
6.601715832948684692e-02 6.248511001467704773e-02 6.494611036032438278e-03 5.976921413093805313e-03 1.435747370123863220e-02 6.505902111530303955e-02 6.508064270019531250e-02 2.015578374266624451e-02 1.490825973451137543e-02 1.392634306102991104e-02 8.251085281372070312e-01 2.153122425079345703e-02 6.733793765306472778e-02 1.819940842688083649e-02 3.988603875041007996e-02 2.014590054750442505e-02 1.772709004580974579e-02 2.776044793426990509e-02 2.507344586774706841e-03 1.466278173029422760e-02 1.666046911850571632e-03 3.785977885127067566e-02 2.221291698515415192e-02 1.777349412441253662e-02 4.128153435885906219e-03 1.682012341916561127e-02 2.238674648106098175e-02 7.456072140485048294e-03 1.959600113332271576e-02 1.357179321348667145e-02 5.032841581851243973e-03 2.367928251624107361e-02 1.788016408681869507e-03 2.357373759150505066e-02 1.577883586287498474e-02 7.324186619371175766e-03 8.436556905508041382e-03 2.981543308123946190e-03 1.046626269817352295e-02 2.193153463304042816e-02 1.471953815780580044e-03 1.277141459286212921e-02 1.489503774791955948e-04 8.257228881120681763e-03 1.204964239150285721e-02 1.656502299010753632e-02 6.053842976689338684e-02 4.411178082227706909e-02 1.460037939250469208e-02 2.513568289577960968e-02 7.377353496849536896e-03 4.021094646304845810e-04 2.074578078463673592e-03 6.964773405343294144e-03 2.212044782936573029e-02 1.587056927382946014e-02 1.034322101622819901e-02 6.992876296862959862e-04 2.932793693616986275e-03 1.295756176114082336e-02 1.487695239484310150e-02 1.793139241635799408e-02 8.707133121788501740e-03 3.414579899981617928e-03 2.659479901194572449e-02 4.382502287626266479e-02 4.813855339307337999e-04 7.085339631885290146e-03 1.791258342564105988e-02 3.200596198439598083e-02 8.858291432261466980e-03 2.046105079352855682e-02 7.448084186762571335e-03 2.371642366051673889e-02 5.743520800024271011e-03 1.050248183310031891e-02 1.477541960775852203e-02 1.221181475557386875e-03 2.813429944217205048e-02 2.636521495878696442e-02 1.173267234116792679e-02 2.004828304052352905e-03 1.668216660618782043e-02 3.855913877487182617e-03 1.397773995995521545e-02 1.065070647746324539e-02 3.741899877786636353e-02 1.820099353790283203e-02 4.177719354629516602e-03 7.335965055972337723e-03 1.216474361717700958e-02 4.268397763371467590e-02 2.136593684554100037e-02 4.434362426400184631e-02 1.535671856254339218e-02 2.125454507768154144e-02 1.555046066641807556e-02 4.896759492112323642e-05 6.931811105459928513e-03 8.518370799720287323e-03 1.874926313757896423e-02 1.700256951153278351e-02 1.541263516992330551e-02 1.360112056136131287e-02 1.379834208637475967e-02 2.117580361664295197e-02 2.675964683294296265e-02 6.550717167556285858e-03 2.045437227934598923e-03 1.722879707813262939e-03 2.324133738875389099e-02 2.742740791290998459e-03 9.560469537973403931e-03 6.336410995572805405e-03 2.298590168356895447e-02 2.388293796684592962e-04
1.361251622438430786e-02 1.095270458608865738e-02 7.354937493801116943e-03 8.613639511168003082e-03 2.224349230527877808e-02 3.858713060617446899e-02 2.759619429707527161e-02 1.017339760437607765e-03 1.170271635055541992e-02 1.287566218525171280e-02 2.153122425079345703e-02 8.251085281372070312e-01 1.289965678006410599e-02 8.101966977119445801e-02 2.640742110088467598e-03 1.552758924663066864e-02 8.548328652977943420e-03 9.624660015106201172e-03 1.303132809698581696e-02 1.324209850281476974e-02 6.540529429912567139e-03 1.090332120656967163e-02 1.897452399134635925e-02 9.601521305739879608e-03 1.443493738770484924e-02 8.068645372986793518e-03 2.606842666864395142e-03 5.744466930627822876e-02 8.912891149520874023e-03 4.975070059299468994e-02 1.630492508411407471e-02 1.490797102451324463e-02 3.715289290994405746e-03 1.372914388775825500e-02 7.138119544833898544e-04 1.714309118688106537e-02 1.003187056630849838e-02 1.068011019378900528e-02 3.835489274933934212e-03 1.690613664686679840e-02 1.752678491175174713e-02 7.312562782317399979e-03 4.441856592893600464e-02 3.570531308650970459e-02 1.769522391259670258e-02 9.362666867673397064e-03 1.867966540157794952e-02 4.978474695235490799e-03 9.070960804820060730e-03 2.188996784389019012e-02 1.021122559905052185e-02 1.320119667798280716e-02 1.391085144132375717e-02 2.045990526676177979e-02 1.468216627836227417e-02 1.248996891081333160e-02 2.845751121640205383e-02 1.716897636651992798e-02 3.419472835958003998e-03 1.050565205514431000e-02 1.243649609386920929e-02 2.544356882572174072e-02 4.550591576844453812e-03 9.746908210217952728e-03 1.318464614450931549e-02 5.270307417958974838e-03 8.326044306159019470e-03 1.602652482688426971e-02 7.732153404504060745e-03 6.529644131660461426e-03 4.709264729171991348e-03 6.778948009014129639e-03 8.307979442179203033e-03 7.344872225075960159e-03 1.833294518291950226e-02 4.024876747280359268e-03 3.570253774523735046e-02 2.964814007282257080e-02 3.383140312507748604e-03 1.903730817139148712e-02 1.130361855030059814e-02 1.619880646467208862e-02 3.481028601527214050e-02 4.455159418284893036e-03 5.649253143928945065e-04 8.862470276653766632e-03 2.115602983394637704e-04 2.267904952168464661e-02 5.424203351140022278e-02 3.451438620686531067e-02 1.872841082513332367e-02 3.054246073588728905e-03 9.119840338826179504e-03 1.596224121749401093e-02 1.481071766465902328e-02 1.129610836505889893e-02 3.214347176253795624e-03 1.766546396538615227e-03 4.144991282373666763e-03 1.265939883887767792e-02 7.412496954202651978e-03 9.665104560554027557e-03 2.447967883199453354e-03 6.730157881975173950e-03 2.710955031216144562e-02 2.576092258095741272e-02 2.013571746647357941e-02 7.978285662829875946e-03 2.202644199132919312e-02 3.119557630270719528e-03 1.769536174833774567e-02 2.426498010754585266e-02 2.350957132875919342e-02 3.576481714844703674e-02 2.380909631028771400e-03 3.116784803569316864e-02
7.677463442087173462e-02 7.670454680919647217e-02 2.703034086152911186e-03 6.729882676154375076e-03 2.186347730457782745e-02 6.468311697244644165e-02 5.886540561914443970e-02 7.363469805568456650e-03 1.655747182667255402e-02 1.376852951943874359e-02 6.733793765306472778e-02 1.289965678006410599e-02 8.251085281372070312e-01 1.299593131989240646e-02 4.778935387730598450e-02 1.581335812807083130e-02 1.562378369271755219e-02 1.810546405613422394e-02 6.095996592193841934e-03 7.251539733260869980e-03 6.630648858845233917e-03 5.107127130031585693e-02 1.511114649474620819e-02 1.282753422856330872e-02 8.000676170922815800e-04 1.530644670128822327e-02 3.393936529755592346e-02 8.537013200111687183e-04 8.053401485085487366e-03 1.286428887397050858e-02 1.098313648253679276e-02 2.192058786749839783e-02 6.313264369964599609e-03 2.050900273025035858e-02 1.036495342850685120e-02 1.252592168748378754e-02 4.167238716036081314e-03 4.957447759807109833e-03 1.878144219517707825e-03 1.274329982697963715e-02 2.666199579834938049e-03 7.534983567893505096e-03 1.426811795681715012e-03 7.451320416294038296e-04 2.402464859187602997e-02 1.717756531434133649e-04 6.590415537357330322e-02 5.209339037537574768e-02 2.164356783032417297e-02 2.066192217171192169e-02 5.072873318567872047e-04 2.542379312217235565e-03 1.592465559951961040e-03 6.319269537925720215e-03 2.513049729168415070e-02 1.755954883992671967e-02 9.764869697391986847e-03 9.960848838090896606e-03 5.936661618761718273e-04 1.165982894599437714e-02 2.040291205048561096e-02 1.878211461007595062e-02 1.133964024484157562e-02 9.432421997189521790e-03 2.561328560113906860e-02 5.512408539652824402e-02 6.212683860212564468e-03 1.265556178987026215e-02 1.383480243384838104e-02 3.051662258803844452e-02 1.011805608868598938e-02 2.185763418674468994e-02 3.983000293374061584e-03 2.506520226597785950e-02 1.779932994395494461e-03 7.148160599172115326e-03 9.627818129956722260e-03 3.709110897034406662e-03 2.714221552014350891e-02 2.325877733528614044e-02 1.593168079853057861e-02 1.440468826331198215e-03 1.692989654839038849e-02 7.389746140688657761e-03 8.183931931853294373e-03 2.344031818211078644e-03 3.144149109721183777e-02 1.792602054774761200e-02 9.230532683432102203e-03 3.772952128201723099e-03 7.358805742114782333e-03 4.392698407173156738e-02 2.497025765478610992e-02 4.974785819649696350e-02 1.733085326850414276e-02 1.878087408840656281e-02 2.452541701495647430e-02 1.198565959930419922e-02 3.267287509515881538e-03 3.516613040119409561e-03 2.221548371016979218e-02 2.608782611787319183e-02 2.470149099826812744e-02 1.776831806637346745e-03 1.249815896153450012e-02 1.388444006443023682e-02 1.730757020413875580e-02 3.219585414626635611e-05 7.621144875884056091e-03 1.287011243402957916e-02 2.866208180785179138e-02 7.298774085938930511e-03 1.283486108150100335e-05 4.129574168473482132e-03 2.265391871333122253e-02 5.646690726280212402e-03
