8.349762558937072754e-01 6.417368352413177490e-02 2.614762075245380402e-02 1.344510354101657867e-02 2.176062949001789093e-02 5.799387022852897644e-02 5.902688577771186829e-02 4.482352174818515778e-03 1.155922282487154007e-02 1.204576250165700912e-02 6.453188508749008179e-02 3.478741645812988281e-02 5.609531328082084656e-02 3.126592934131622314e-02 2.780116535723209381e-02 1.107645686715841293e-02 4.907545633614063263e-03 7.125929929316043854e-03 2.349614165723323822e-02 6.857186090201139450e-03 2.332014217972755432e-02 2.731826156377792358e-02 1.686064898967742920e-02 1.630801334977149963e-02 1.200888887979090214e-03 1.371308416128158569e-02 1.384081877768039703e-02 2.200097031891345978e-02 3.280344977974891663e-02 2.215283364057540894e-02 2.931474894285202026e-02 5.822235718369483948e-03 4.661974497139453888e-03 5.049429368227720261e-03 2.983041573315858841e-03 1.986263692378997803e-02 2.019740268588066101e-02 2.619965700432658195e-03 8.115947246551513672e-03 7.859916426241397858e-03 1.988930813968181610e-02 1.710562407970428467e-02 2.120186947286128998e-02 8.074391633272171021e-03 2.066651359200477600e-02 9.193117730319499969e-04 5.577901378273963928e-02 4.632547125220298767e-02 1.565993018448352814e-02 1.577311893925070763e-03 8.557558059692382812e-03 7.924607023596763611e-03 1.564409770071506500e-02 1.070851087570190430e-02 3.225683467462658882e-03 2.412327099591493607e-03 9.958088397979736328e-03 9.440362453460693359e-03 1.834728941321372986e-02 2.630609832704067230e-02 7.563531864434480667e-03 1.054974365979433060e-02 2.909048646688461304e-02 8.000288158655166626e-03 3.991461917757987976e-02 4.467669874429702759e-02 1.194530981592833996e-03 1.273770444095134735e-02 2.540932968258857727e-02 9.287137538194656372e-03 1.547950413078069687e-02 9.877352043986320496e-03 1.082067750394344330e-02 2.327091351617127657e-04 1.976527040824294090e-03 1.289097871631383896e-02 1.854566112160682678e-02 3.375889733433723450e-03 1.856228150427341461e-02 1.333360443823039532e-03 4.835775587707757950e-03 1.494547445327043533e-02 1.267063198611140251e-03 4.183117765933275223e-03 1.000857818871736526e-02 1.044793054461479187e-02 2.528580278158187866e-02 2.520505897700786591e-02 2.672538906335830688e-02 2.228255383670330048e-02 4.868234321475028992e-02 2.924489974975585938e-02 4.277633130550384521e-02 3.045759536325931549e-02 1.550262211821973324e-03 4.230732098221778870e-03 4.308243747800588608e-03 2.278051339089870453e-02 2.145268768072128296e-02 7.041124626994132996e-03 5.321536213159561157e-03 1.699943677522242069e-03 4.352480638772249222e-03 6.250889040529727936e-03 4.717720206826925278e-03 8.702444756636396050e-05 1.228753942996263504e-03 1.004611328244209290e-02 1.133096590638160706e-02 4.422021564096212387e-03 1.251903735101222992e-02 1.835446804761886597e-02 1.809142343699932098e-02 1.313856523483991623e-02 3.473871946334838867e-02 3.787682950496673584e-02
6.417368352413177490e-02 8.349762558937072754e-01 2.080413699150085449e-02 1.072666142135858536e-02 1.574136316776275635e-02 5.907178670167922974e-02 6.666035205125808716e-02 9.501318447291851044e-03 1.109397783875465393e-02 1.410907134413719177e-02 6.309951096773147583e-02 3.192773461341857910e-02 6.290852278470993042e-02 3.315401449799537659e-02 2.614065632224082947e-02 1.064072363078594208e-02 7.210119161754846573e-03 4.004309885203838348e-03 1.973241940140724182e-02 1.063132658600807190e-02 2.201370894908905029e-02 1.932139322161674500e-02 1.637398451566696167e-02 1.654487289488315582e-02 4.683854524046182632e-03 2.124078013002872467e-02 9.059092029929161072e-03 2.695570141077041626e-02 3.890082612633705139e-02 2.790286391973495483e-02 3.749835863709449768e-02 7.895378395915031433e-03 5.394891370087862015e-03 3.183729015290737152e-03 7.519615814089775085e-03 2.385832183063030243e-02 1.736943423748016357e-02 8.160841651260852814e-03 6.866312120109796524e-03 6.973861716687679291e-03 1.709106378257274628e-02 1.882402598857879639e-02 1.941523700952529907e-02 3.690946614369750023e-04 2.045020088553428650e-02 8.022418245673179626e-03 5.704743042588233948e-02 5.529957637190818787e-02 1.012262608855962753e-02 3.103264374658465385e-03 1.145868469029664993e-02 1.217655558139085770e-02 1.576844416558742523e-02 1.081476174294948578e-02 9.489894728176295757e-04 3.411711892113089561e-03 1.292060408741235733e-02 1.192301418632268906e-02 1.720763929188251495e-02 2.450158447027206421e-02 6.019908003509044647e-03 9.701825678348541260e-03 3.138059377670288086e-02 1.569576933979988098e-02 3.882744535803794861e-02 4.549713432788848877e-02 5.876830313354730606e-03 1.240049302577972412e-02 1.949128136038780212e-02 7.585289422422647476e-03 1.697831600904464722e-02 4.726024344563484192e-03 7.321920245885848999e-03 6.032390985637903214e-03 4.849191289395093918e-03 4.386329557746648788e-03 1.980705745518207550e-02 5.692741833627223969e-03 1.667569018900394440e-02 4.707740619778633118e-03 4.052096046507358551e-04 2.346126828342676163e-03 5.913400556892156601e-03 6.145243998616933823e-03 2.508780686184763908e-03 1.346102450042963028e-02 1.583905890583992004e-02 2.515617758035659790e-02 2.597533725202083588e-02 2.192983403801918030e-02 5.044280737638473511e-02 2.545082382857799530e-02 5.050339177250862122e-02 2.709272690117359161e-02 6.081954110413789749e-03 5.445526912808418274e-04 7.842870545573532581e-04 1.972522772848606110e-02 2.464541234076023102e-02 1.766875199973583221e-02 5.690198857337236404e-03 1.236651442013680935e-03 2.501245355233550072e-03 9.906442835927009583e-03 2.211274811998009682e-03 4.369434434920549393e-03 3.540937555953860283e-03 8.020984940230846405e-03 8.068488910794258118e-03 1.352794701233506203e-03 1.025205943733453751e-02 1.231219619512557983e-02 2.216786332428455353e-02 1.547927688807249069e-02 2.657173387706279755e-02 3.458593413233757019e-02
2.614762075245380402e-02 2.080413699150085449e-02 8.349762558937072754e-01 3.948607773054391146e-04 5.686929449439048767e-03 3.208908811211585999e-02 2.254157140851020813e-02 4.189286753535270691e-02 6.784764584153890610e-03 1.093369559384882450e-03 2.083894610404968262e-02 2.954532206058502197e-02 1.854445040225982666e-02 2.926473878324031830e-02 1.792185008525848389e-02 3.390263998880982399e-03 8.235653862357139587e-03 1.364144217222929001e-02 2.100639976561069489e-03 9.117498993873596191e-03 1.863947324454784393e-02 9.720679372549057007e-03 5.901377182453870773e-03 2.072045113891363144e-03 6.544886156916618347e-03 1.002876274287700653e-02 1.725657470524311066e-02 1.729451864957809448e-02 2.548146806657314301e-02 1.871511340141296387e-02 2.632408402860164642e-02 5.960326641798019409e-03 6.114952266216278076e-03 4.258822649717330933e-03 6.660175509750843048e-03 1.310949120670557022e-02 1.032510772347450256e-02 1.175038237124681473e-02 9.584472863934934139e-04 1.501885801553726196e-02 1.275803055614233017e-02 5.251341499388217926e-03 1.421547401696443558e-02 2.159083448350429535e-02 2.228593081235885620e-02 1.409852225333452225e-02 2.067296393215656281e-02 1.879066228866577148e-02 2.566433139145374298e-02 7.550189271569252014e-03 1.741473935544490814e-02 1.771803572773933411e-02 2.080817706882953644e-02 1.695203362032771111e-03 1.931329956278204918e-03 8.038397878408432007e-03 1.520321890711784363e-02 1.630883850157260895e-02 3.062907047569751740e-02 2.291108667850494385e-02 1.758273458108305931e-03 9.479959495365619659e-03 1.197526417672634125e-02 1.774116232991218567e-02 2.317086234688758850e-02 2.514711208641529083e-02 4.486970603466033936e-03 1.805583387613296509e-02 2.064925851300358772e-03 2.132993564009666443e-02 2.208037767559289932e-03 1.014718320220708847e-02 1.420757267624139786e-02 7.159593980759382248e-03 1.685878448188304901e-02 5.925689823925495148e-03 1.406716881319880486e-03 4.016410093754529953e-03 8.770679123699665070e-03 1.202728133648633957e-02 4.923144355416297913e-02 4.247254878282546997e-02 3.503714501857757568e-02 1.951960101723670959e-02 1.266133971512317657e-02 1.641507260501384735e-02 3.870075941085815430e-02 2.868828736245632172e-02 2.456639148294925690e-02 1.150683220475912094e-02 3.537593781948089600e-02 5.796490237116813660e-03 2.123673819005489349e-02 3.725084476172924042e-03 2.509966143406927586e-04 3.644811687991023064e-03 1.743973698467016220e-03 1.481453143060207367e-02 2.115145325660705566e-02 1.772829331457614899e-02 8.784225210547447205e-03 1.434767618775367737e-03 1.092801976483315229e-04 1.168469339609146118e-02 1.246459875255823135e-02 4.701339174062013626e-03 7.080267649143934250e-03 4.865722265094518661e-03 9.521276690065860748e-03 1.247049588710069656e-02 1.856259070336818695e-02 1.047185156494379044e-02 8.539432659745216370e-03 1.880015805363655090e-02 1.956393569707870483e-02 2.653143834322690964e-03
1.344510354101657867e-02 1.072666142135858536e-02 3.948607773054391146e-04 8.349762558937072754e-01 8.840438723564147949e-02 1.854772120714187622e-02 1.474783476442098618e-02 4.879376501776278019e-04 8.804362267255783081e-03 2.597711794078350067e-02 6.434044800698757172e-03 1.316408347338438034e-02 9.064945392310619354e-03 1.483265589922666550e-02 2.052479796111583710e-02 3.516791854053735733e-03 4.057064652442932129e-04 4.849157482385635376e-02 2.415929920971393585e-02 2.393636666238307953e-02 8.402806706726551056e-03 1.339259091764688492e-03 3.881206503137946129e-03 1.349079981446266174e-02 2.298379875719547272e-02 5.264739040285348892e-03 6.919670850038528442e-04 2.740285592153668404e-03 2.235516160726547241e-02 5.743974819779396057e-03 2.324552042409777641e-03 2.307132817804813385e-04 2.575898915529251099e-02 3.046458819881081581e-03 8.066775277256965637e-03 2.649179426953196526e-03 6.492646411061286926e-03 2.738216426223516464e-03 3.158889710903167725e-02 2.263429202139377594e-02 1.595653477124869823e-03 2.212679199874401093e-02 2.048940397799015045e-02 1.883656904101371765e-02 7.679691072553396225e-03 1.415698416531085968e-02 3.322584321722388268e-03 1.140681002289056778e-02 2.098846994340419769e-02 7.118338253349065781e-03 5.189288873225450516e-03 3.997356630861759186e-03 3.547080233693122864e-02 8.016020990908145905e-03 1.547322608530521393e-02 1.088643446564674377e-02 1.414003781974315643e-02 6.063053384423255920e-03 1.967138238251209259e-02 6.274648010730743408e-03 4.594465717673301697e-02 2.625806815922260284e-02 4.433187656104564667e-03 1.195660140365362167e-02 2.161060646176338196e-02 1.062239427119493484e-02 1.727473922073841095e-02 1.678194291889667511e-02 3.692810190841555595e-03 2.074513398110866547e-02 6.755218375474214554e-03 2.995363669469952583e-03 6.153612583875656128e-02 2.024053409695625305e-02 3.776790574193000793e-02 1.121839694678783417e-02 1.568212173879146576e-02 2.632435597479343414e-02 1.594319910509511828e-04 1.681431196630001068e-02 5.145273753441870213e-04 1.730153523385524750e-02 5.034064501523971558e-02 1.834506518207490444e-03 1.809072494506835938e-02 3.942312207072973251e-03 7.608879823237657547e-03 2.928576432168483734e-03 4.074223339557647705e-03 4.745062324218451977e-04 3.117182990536093712e-03 5.043028388172388077e-03 1.693241996690630913e-03 1.856975490227341652e-03 9.322226047515869141e-03 5.604400648735463619e-04 8.791889064013957977e-03 1.388204633258283138e-03 2.287054201588034630e-03 9.518562583252787590e-04 1.120288949459791183e-02 7.746781688183546066e-03 1.651148870587348938e-02 2.622831240296363831e-02 3.714676201343536377e-02 1.152804028242826462e-02 6.644866662099957466e-04 3.581240400671958923e-02 1.636447757482528687e-02 2.112020552158355713e-02 9.300580248236656189e-03 2.819083863869309425e-03 1.397574972361326218e-02 1.545300986617803574e-02 3.053780458867549896e-02 3.702035546302795410e-02
2.176062949001789093e-02 1.574136316776275635e-02 5.686929449439048767e-03 8.840438723564147949e-02 8.349762558937072754e-01 1.767862774431705475e-02 1.478036865592002869e-02 1.365461968816816807e-03 1.727633737027645111e-02 2.574748732149600983e-02 2.172913774847984314e-02 4.217297304421663284e-03 2.353498525917530060e-02 5.707659292966127396e-03 1.782313734292984009e-02 4.756878595799207687e-03 1.110386569052934647e-03 3.542313352227210999e-02 3.066185116767883301e-02 1.327741891145706177e-02 1.534892828203737736e-03 9.887983091175556183e-03 6.656929384917020798e-03 1.587053202092647552e-02 4.602254834026098251e-03 3.091958817094564438e-03 1.140145305544137955e-02 3.989934921264648438e-03 1.112293265759944916e-02 1.162888132967054844e-03 6.623986642807722092e-03 6.290112622082233429e-03 1.369709987193346024e-02 3.186336252838373184e-03 1.051116152666509151e-03 5.052546970546245575e-03 8.845556527376174927e-03 3.577334573492407799e-03 2.875755913555622101e-02 3.555342555046081543e-02 9.794286452233791351e-03 3.565616207197308540e-04 1.072350796312093735e-02 2.486195974051952362e-02 5.574759095907211304e-03 2.146614529192447662e-02 1.344403717666864395e-02 4.613158293068408966e-03 7.862427271902561188e-03 1.398988720029592514e-02 4.722498822957277298e-03 1.540681067854166031e-02 2.975211851298809052e-02 1.205629296600818634e-02 5.992003250867128372e-03 1.922163763083517551e-03 4.492537584155797958e-03 6.619511637836694717e-03 2.088657580316066742e-02 1.048853620886802673e-03 4.696899652481079102e-02 2.778540179133415222e-02 8.039566688239574432e-03 1.551728509366512299e-02 1.302528847008943558e-02 2.005156315863132477e-02 4.985430277884006500e-03 1.224889513105154037e-02 2.371599664911627769e-03 2.057297341525554657e-02 2.495593158528208733e-03 1.579242758452892303e-02 4.605759307742118835e-02 1.790033467113971710e-02 4.539015889167785645e-02 1.163270045071840286e-02 2.363077178597450256e-02 2.629126049578189850e-02 3.526743967086076736e-03 7.292585447430610657e-03 1.339137786999344826e-03 2.037793397903442383e-02 3.483907133340835571e-02 2.242927812039852142e-02 4.653735086321830750e-03 8.172825910151004791e-03 5.278210155665874481e-03 1.886769942939281464e-02 8.045631460845470428e-03 2.311607077717781067e-02 1.845286460593342781e-03 1.139036752283573151e-02 8.646570146083831787e-03 1.242072600871324539e-02 2.382092876359820366e-03 4.453168250620365143e-03 8.477527648210525513e-03 1.562437415122985840e-02 1.123566925525665283e-02 9.458146058022975922e-03 1.043430715799331665e-02 9.384207660332322121e-04 1.656031981110572815e-02 1.419360004365444183e-02 2.977983839809894562e-02 7.012196350842714310e-03 2.749275974929332733e-02 2.818236313760280609e-02 2.357530407607555389e-02 2.400469221174716949e-02 1.926774904131889343e-02 2.698455937206745148e-03 2.718517323955893517e-03 1.166887022554874420e-02 2.677413448691368103e-02 2.051620185375213623e-02
5.799387022852897644e-02 5.907178670167922974e-02 3.208908811211585999e-02 1.854772120714187622e-02 1.767862774431705475e-02 8.349762558937072754e-01 6.985716521739959717e-02 5.666203331202268600e-03 1.218930259346961975e-02 1.598977297544479370e-02 5.720941722393035889e-02 4.767496511340141296e-02 5.529517307877540588e-02 4.335736110806465149e-02 2.463272772729396820e-02 8.376735262572765350e-03 5.959078669548034668e-03 1.620279438793659210e-02 2.075179107487201691e-02 1.819079625420272350e-03 1.648517698049545288e-02 2.029874548316001892e-02 1.736088097095489502e-02 1.771901361644268036e-02 4.608630202710628510e-03 1.828589662909507751e-02 4.785880912095308304e-03 3.532426059246063232e-02 3.540268912911415100e-02 3.362435847520828247e-02 3.794375434517860413e-02 1.448858296498656273e-03 3.094885032624006271e-03 7.283601909875869751e-03 3.690248122438788414e-03 1.778827421367168427e-02 1.840082742273807526e-02 3.625870449468493462e-03 1.035489421337842941e-02 1.055754814296960831e-02 1.289902534335851669e-02 1.892117038369178772e-02 1.577623002231121063e-02 1.850514439865946770e-03 2.357384935021400452e-02 6.547540891915559769e-03 5.959083512425422668e-02 5.566060170531272888e-02 1.657321490347385406e-02 1.453365664929151535e-03 1.802503876388072968e-02 1.743825897574424744e-02 9.048099629580974579e-03 5.075897555798292160e-03 3.571173292584717274e-04 6.400926038622856140e-03 1.979320496320724487e-02 1.780360750854015350e-02 9.415722452104091644e-03 1.965449005365371704e-02 2.171492204070091248e-02 1.961097121238708496e-02 1.835869625210762024e-02 9.200718253850936890e-03 3.140490874648094177e-02 4.150015115737915039e-02 1.169494469650089741e-03 1.129744108766317368e-02 1.297129038721323013e-02 8.823240641504526138e-04 7.529179099947214127e-03 2.110145520418882370e-03 5.518762860447168350e-03 6.072154268622398376e-03 6.702191196382045746e-03 3.831309499219059944e-03 1.223184634000062943e-02 4.944334505125880241e-04 2.078114077448844910e-02 6.969381356611847878e-04 6.624794099479913712e-03 2.873694058507680893e-03 4.084161948412656784e-03 3.426249371841549873e-03 5.519135855138301849e-03 1.345236133784055710e-02 1.732968725264072418e-02 1.962707191705703735e-02 3.673876449465751648e-02 2.715558931231498718e-02 5.319157987833023071e-02 1.596825383603572845e-02 4.699801281094551086e-02 1.866745389997959137e-02 2.208683872595429420e-03 8.603799156844615936e-03 6.020999979227781296e-03 2.767383307218551636e-02 8.121108636260032654e-03 3.044418990612030029e-03 6.912959506735205650e-04 4.226521588861942291e-03 1.026765909045934677e-02 6.840533576905727386e-03 3.547545056790113449e-03 1.484425039961934090e-03 6.273220758885145187e-03 6.690155714750289917e-04 4.411520436406135559e-03 4.374112933874130249e-03 2.352704480290412903e-02 2.027556672692298889e-02 2.542039193212985992e-02 1.499440521001815796e-02 3.761525079607963562e-02 2.407876029610633850e-02
5.902688577771186829e-02 6.666035205125808716e-02 2.254157140851020813e-02 1.474783476442098618e-02 1.478036865592002869e-02 6.985716521739959717e-02 8.349762558937072754e-01 1.110674813389778137e-02 1.426010392606258392e-02 1.519084069877862930e-02 5.684281513094902039e-02 3.806346282362937927e-02 6.186857819557189941e-02 3.681980445981025696e-02 2.158871665596961975e-02 2.594021498225629330e-04 8.269025012850761414e-03 7.306470535695552826e-03 1.234212145209312439e-02 3.834241535514593124e-03 1.391144748777151108e-02 1.691536046564579010e-02 5.839886609464883804e-03 4.974064882844686508e-03 9.517241269350051880e-03 2.085635066032409668e-02 6.019697990268468857e-03 1.986766047775745392e-02 3.502464666962623596e-02 2.194906584918498993e-02 4.537042975425720215e-02 1.260069315321743488e-03 1.944983960129320621e-03 1.297896821051836014e-02 9.614510345272719860e-04 1.657392084598541260e-02 7.248480804264545441e-03 3.986338619142770767e-03 1.163892354816198349e-02 1.504878420382738113e-02 6.611444987356662750e-03 1.948672719299793243e-02 1.136320363730192184e-02 2.207635901868343353e-03 2.570150978863239288e-02 1.972241699695587158e-02 6.055912002921104431e-02 6.896908581256866455e-02 1.125536207109689713e-02 2.788509882520884275e-04 1.196679472923278809e-02 1.100076176226139069e-02 7.890991866588592529e-03 3.833748865872621536e-03 3.555662697181105614e-03 4.204529337584972382e-03 1.523146126419305801e-02 1.181052159518003464e-02 4.701041325461119413e-04 9.855008684098720551e-03 1.385675743222236633e-02 2.016419358551502228e-02 1.826933398842811584e-02 1.481561688706278801e-03 2.512294799089431763e-02 4.430091381072998047e-02 2.788841084111481905e-04 2.736701397225260735e-03 5.083270370960235596e-03 9.354938752949237823e-03 3.704525995999574661e-03 2.686409512534737587e-03 9.149306570179760456e-04 5.050976295024156570e-03 2.263293834403157234e-03 1.360635156743228436e-03 1.710833236575126648e-02 7.889692671597003937e-03 1.929883845150470734e-02 1.087789307348430157e-03 3.114216029644012451e-03 8.223317563533782959e-03 7.467047777026891708e-03 9.881022386252880096e-03 9.207583032548427582e-03 1.404901966452598572e-02 1.068643480539321899e-02 1.164810359477996826e-02 2.920632623136043549e-02 1.522791106253862381e-02 5.316786840558052063e-02 1.945562474429607391e-02 5.629921332001686096e-02 1.866606809198856354e-02 3.466319292783737183e-03 1.158102415502071381e-02 4.085109103471040726e-03 2.223383821547031403e-02 1.352563966065645218e-02 4.984943661838769913e-03 1.058619702234864235e-03 6.144950632005929947e-03 1.746622961945831776e-03 7.312514353543519974e-03 1.137361861765384674e-03 5.538013298064470291e-03 1.728719286620616913e-02 3.672256134450435638e-03 1.878091949038207531e-03 9.705340489745140076e-03 2.043672278523445129e-02 8.933967910706996918e-03 1.685229130089282990e-02 9.924079291522502899e-03 3.253774344921112061e-02 2.407734468579292297e-02
4.482352174818515778e-03 9.501318447291851044e-03 4.189286753535270691e-02 4.879376501776278019e-04 1.365461968816816807e-03 5.666203331202268600e-03 1.110674813389778137e-02 8.349762558937072754e-01 3.317294269800186157e-02 5.680486210621893406e-04 7.433355785906314850e-03 2.372136898338794708e-02 1.007386296987533569e-02 1.072053145617246628e-02 3.253944963216781616e-02 8.467822335660457611e-03 1.616609632037580013e-03 1.968496292829513550e-02 1.471812929958105087e-02 1.932179369032382965e-02 5.295168608427047729e-03 8.900634944438934326e-03 1.555056311190128326e-02 1.806910708546638489e-02 6.952675059437751770e-03 1.266283635050058365e-02 1.203851774334907532e-02 5.711398087441921234e-03 4.063289612531661987e-03 5.603956989943981171e-03 1.766511425375938416e-02 6.055833306163549423e-03 9.110582992434501648e-03 2.711257198825478554e-03 5.181996617466211319e-03 2.603493258357048035e-02 1.616078615188598633e-02 1.923613622784614563e-02 7.606853730976581573e-03 9.936029091477394104e-03 1.197773497551679611e-03 3.150182217359542847e-02 1.397420559078454971e-02 1.647862792015075684e-02 2.712544612586498260e-02 7.949842140078544617e-03 2.681630663573741913e-03 8.070823736488819122e-03 1.910295221023261547e-03 1.158559415489435196e-02 2.516653761267662048e-02 1.834730990231037140e-02 7.321428507566452026e-03 1.777957007288932800e-02 7.827437948435544968e-04 1.087266113609075546e-02 6.016880739480257034e-03 1.399891916662454605e-02 3.791942726820707321e-03 1.475930586457252502e-02 1.686771959066390991e-02 3.921643272042274475e-02 4.473417648114264011e-04 1.269848365336656570e-02 1.717390987323597074e-04 1.822596415877342224e-02 1.258698478341102600e-02 1.234944164752960205e-02 2.317589521408081055e-02 1.040029339492321014e-02 4.487691447138786316e-03 8.814615197479724884e-03 5.044972524046897888e-03 1.318752113729715347e-02 1.838196418248116970e-03 9.667930193245410919e-03 1.892252638936042786e-02 1.211207732558250427e-02 2.065519988536834717e-02 6.367659661918878555e-04 6.504574418067932129e-02 3.806531056761741638e-02 1.320963539183139801e-02 8.732742629945278168e-03 3.035694360733032227e-03 1.274120761081576347e-03 5.582799762487411499e-02 2.327236905694007874e-02 2.133724093437194824e-02 3.477158723399043083e-03 6.090586539357900620e-03 1.013719849288463593e-02 5.593495909124612808e-03 8.874773979187011719e-03 6.081293802708387375e-03 1.086562033742666245e-02 2.857869490981101990e-02 9.003350511193275452e-03 1.514355931431055069e-02 2.137380838394165039e-02 1.084291655570268631e-02 1.498575229197740555e-02 1.850581727921962738e-02 2.064586803317070007e-02 4.569731652736663818e-03 9.495997801423072815e-03 1.249628327786922455e-02 1.343614328652620316e-02 9.939367882907390594e-03 8.951597847044467926e-03 4.980196827091276646e-04 5.489382427185773849e-03 2.525446563959121704e-02 5.524640437215566635e-03 1.632450520992279053e-02 3.310167044401168823e-02
1.155922282487154007e-02 1.109397783875465393e-02 6.784764584153890610e-03 8.804362267255783081e-03 1.727633737027645111e-02 1.218930259346961975e-02 1.426010392606258392e-02 3.317294269800186157e-02 8.349762558937072754e-01 1.009904220700263977e-02 9.043694473803043365e-03 3.089640289545059204e-02 5.751125048846006393e-03 4.830660298466682434e-03 1.964347250759601593e-02 9.977788664400577545e-03 2.016965998336672783e-03 3.159768134355545044e-02 1.813169382512569427e-02 1.293700002133846283e-02 2.563875913619995117e-02 1.020214892923831940e-02 2.097566984593868256e-02 1.645142957568168640e-02 3.034763596951961517e-02 1.288258098065853119e-02 7.711380254477262497e-03 1.267954707145690918e-03 1.162652950733900070e-02 1.659276708960533142e-02 3.854431910440325737e-03 1.372049190104007721e-02 2.550559118390083313e-02 3.994779195636510849e-03 2.534963935613632202e-02 1.804753951728343964e-02 2.458814159035682678e-02 3.095838986337184906e-02 1.981266215443611145e-02 5.314632318913936615e-03 1.093580294400453568e-02 5.290344730019569397e-02 4.384390544146299362e-03 1.873498782515525818e-02 4.975626990199089050e-02 6.574461702257394791e-03 2.617499977350234985e-02 1.061349827796220779e-02 4.627430438995361328e-02 9.827663598116487265e-05 1.217658724635839462e-02 2.190117537975311279e-02 2.434757910668849945e-02 1.581422984600067139e-02 4.457166045904159546e-02 1.478309510275721550e-03 1.741939038038253784e-02 8.438860066235065460e-03 9.134615771472454071e-03 1.353924162685871124e-02 1.900330680655315518e-04 2.349014766514301300e-02 4.132465459406375885e-03 2.999137854203581810e-03 6.633757147938013077e-03 3.715119091793894768e-03 1.834285631775856018e-02 9.499759413301944733e-03 3.132015094161033630e-02 1.712062768638134003e-02 8.648235350847244263e-03 2.659833524376153946e-03 8.253772743046283722e-03 3.746640682220458984e-02 1.596184819936752319e-02 8.457168936729431152e-03 7.667834311723709106e-02 1.617063954472541809e-02 5.964796990156173706e-02 1.249584928154945374e-02 9.248280897736549377e-03 1.237566489726305008e-02 2.380942180752754211e-02 1.985332183539867401e-02 8.323029614984989166e-03 1.421983540058135986e-02 2.063706517219543457e-02 1.301263459026813507e-02 2.910823933780193329e-02 8.902054280042648315e-03 1.637068018317222595e-02 7.644223514944314957e-04 1.124148070812225342e-02 7.650066167116165161e-03 1.053648721426725388e-02 9.877012111246585846e-03 2.703398093581199646e-02 3.005667403340339661e-02 5.390122160315513611e-02 3.662870451807975769e-02 2.738822950050234795e-03 1.653545186854898930e-03 2.437493391335010529e-02 2.214996609836816788e-03 7.138738874346017838e-03 6.371292751282453537e-03 5.019614938646554947e-03 1.730774901807308197e-02 1.773851690813899040e-03 1.536297705024480820e-02 2.439459972083568573e-02 6.502943113446235657e-03 3.472534241154789925e-03 2.685210434719920158e-03 2.732881344854831696e-03 1.013038493692874908e-02
1.204576250165700912e-02 1.410907134413719177e-02 1.093369559384882450e-03 2.597711794078350067e-02 2.574748732149600983e-02 1.598977297544479370e-02 1.519084069877862930e-02 5.680486210621893406e-04 1.009904220700263977e-02 8.349762558937072754e-01 1.199758332222700119e-02 3.720232285559177399e-03 1.612646505236625671e-02 2.795916423201560974e-02 2.805108577013015747e-02 2.337302453815937042e-02 2.785553038120269775e-02 2.405840717256069183e-02 3.626271337270736694e-02 3.468058537691831589e-03 1.224112231284379959e-02 3.531408961862325668e-03 1.923881284892559052e-02 3.209033235907554626e-02 1.898376387543976307e-03 1.801769621670246124e-02 1.338002458214759827e-02 3.780365659622475505e-06 1.468678377568721771e-02 2.378779277205467224e-02 4.549515899270772934e-03 3.240304812788963318e-02 2.372920978814363480e-03 3.381826728582382202e-02 2.613649703562259674e-02 1.601762138307094574e-02 1.740866899490356445e-02 1.145983301103115082e-02 7.868211716413497925e-03 5.739646032452583313e-03 9.621246135793626308e-04 6.356301251798868179e-03 6.432124879211187363e-03 2.657649107277393341e-02 2.423434890806674957e-02 6.785676348954439163e-03 6.030714605003595352e-03 2.965987659990787506e-04 8.179687894880771637e-03 5.552095919847488403e-02 5.456092301756143570e-03 1.519167982041835785e-02 1.570977829396724701e-02 1.464296597987413406e-02 6.412603892385959625e-03 3.524392470717430115e-02 3.005871316418051720e-03 1.994576491415500641e-02 6.524444557726383209e-03 1.714812964200973511e-02 1.374620595015585423e-03 2.470715716481208801e-02 1.466599758714437485e-02 1.267766952514648438e-02 1.467629685066640377e-03 5.948382429778575897e-03 8.284607902169227600e-03 1.359645184129476547e-02 1.158054731786251068e-02 2.337677031755447388e-02 3.137000650167465210e-02 1.653796248137950897e-02 2.868486754596233368e-02 1.876832731068134308e-02 3.099579829722642899e-03 2.723514474928379059e-02 1.841889321804046631e-02 7.399501651525497437e-02 3.827434964478015900e-03 6.005547195672988892e-02 9.512807242572307587e-03 7.694970816373825073e-03 1.447042566724121571e-03 4.870773106813430786e-02 1.196001563221216202e-02 3.356481716036796570e-02 2.482566796243190765e-02 1.870749890804290771e-02 2.132642269134521484e-02 1.473695132881402969e-02 3.467661794275045395e-03 1.585647091269493103e-02 3.619088558480143547e-03 1.017104275524616241e-02 3.035658737644553185e-03 1.006672438234090805e-02 2.581499703228473663e-02 1.346446294337511063e-02 2.227583713829517365e-02 2.443763427436351776e-02 1.867833081632852554e-03 1.632829778827726841e-03 6.922079715877771378e-03 2.280654758214950562e-02 1.412370149046182632e-02 3.590262262150645256e-03 1.172381173819303513e-02 3.061993047595024109e-02 2.453523874282836914e-02 1.453005243092775345e-02 5.647258833050727844e-03 5.513684824109077454e-03 2.751464955508708954e-03 4.850022494792938232e-03 1.683738268911838531e-02 5.723590031266212463e-03
6.453188508749008179e-02 6.309951096773147583e-02 2.083894610404968262e-02 6.434044800698757172e-03 2.172913774847984314e-02 5.720941722393035889e-02 5.684281513094902039e-02 7.433355785906314850e-03 9.043694473803043365e-03 1.199758332222700119e-02 8.349762558937072754e-01 2.737550251185894012e-02 6.694094091653823853e-02 2.763163670897483826e-02 3.453616052865982056e-02 1.357527542859315872e-02 9.116973727941513062e-03 8.988799527287483215e-03 2.466646395623683929e-02 7.506608380936086178e-04 1.561095379292964935e-02 2.881254255771636963e-02 1.631265506148338318e-02 1.525870990008115768e-02 4.559836816042661667e-03 2.063649520277976990e-02 8.850296959280967712e-03 2.566512674093246460e-02 3.943354263901710510e-02 2.564976364374160767e-02 3.314145654439926147e-02 7.184371352195739746e-03 2.033700002357363701e-03 3.401321824640035629e-03 2.721131313592195511e-03 2.183347567915916443e-02 1.585457473993301392e-02 5.179928615689277649e-03 9.074415080249309540e-03 1.085887011140584946e-02 1.422564219683408737e-02 1.682308502495288849e-02 1.870279386639595032e-02 3.164984984323382378e-03 1.651753112673759460e-02 6.212868262082338333e-03 5.691913887858390808e-02 5.138312280178070068e-02 8.634303696453571320e-03 1.124363765120506287e-02 3.979051485657691956e-03 3.221791703253984451e-03 1.385472528636455536e-02 1.548800710588693619e-02 2.385115716606378555e-03 1.499855425208806992e-03 9.493364021182060242e-03 1.518496964126825333e-02 9.959327988326549530e-03 3.006989322602748871e-02 1.651770249009132385e-02 6.532832514494657516e-03 2.525235153734683990e-02 5.536959506571292877e-03 4.174805060029029846e-02 4.929324239492416382e-02 5.104890093207359314e-03 1.152649428695440292e-02 1.227190345525741577e-02 6.435513962060213089e-03 1.019195746630430222e-02 7.035576272755861282e-03 6.989828776568174362e-03 1.010847464203834534e-02 1.988416071981191635e-03 2.048400463536381721e-03 9.979744441807270050e-03 4.816282598767429590e-04 1.332487072795629501e-02 1.152151823043823242e-02 1.007308601401746273e-03 1.656009349972009659e-03 6.400062236934900284e-03 4.622069653123617172e-03 1.602896081749349833e-04 1.872266456484794617e-02 3.302787616848945618e-02 2.585454285144805908e-02 2.253515832126140594e-02 2.201951853930950165e-02 4.878713935613632202e-02 3.617150709033012390e-02 4.115825518965721130e-02 3.332328796386718750e-02 7.399551104754209518e-03 1.769851427525281906e-03 3.483866341412067413e-03 1.750524900853633881e-02 2.159920334815979004e-02 1.077079493552446365e-02 7.251853588968515396e-03 2.270981058245524764e-04 7.703954353928565979e-03 3.002383513376116753e-03 3.495484357699751854e-03 3.810122376307845116e-03 7.915384136140346527e-03 6.091705989092588425e-03 6.665261927992105484e-03 8.644013432785868645e-04 7.874001748859882355e-03 9.885190054774284363e-03 1.901121623814105988e-02 1.600868068635463715e-02 2.616063132882118225e-02 2.322506159543991089e-02
3.478741645812988281e-02 3.192773461341857910e-02 2.954532206058502197e-02 1.316408347338438034e-02 4.217297304421663284e-03 4.767496511340141296e-02 3.806346282362937927e-02 2.372136898338794708e-02 3.089640289545059204e-02 3.720232285559177399e-03 2.737550251185894012e-02 8.349762558937072754e-01 2.115857042372226715e-02 5.755329504609107971e-02 1.666633179411292076e-03 8.673172444105148315e-03 1.328022405505180359e-02 1.901720464229583740e-02 3.910810500383377075e-02 2.506750170141458511e-03 2.037546783685684204e-02 7.471286226063966751e-03 3.102246671915054321e-02 2.950003743171691895e-02 4.521628725342452526e-04 2.236225828528404236e-02 7.980175316333770752e-03 4.498910531401634216e-02 2.569492347538471222e-02 3.932874649763107300e-02 6.503959186375141144e-03 9.688138030469417572e-03 7.921519572846591473e-04 2.166756661608815193e-03 3.545426297932863235e-03 1.349272392690181732e-02 1.137566566467285156e-02 1.761026866734027863e-02 1.035012584179639816e-02 5.198835860937833786e-03 5.712569225579500198e-03 3.278965130448341370e-02 1.863532699644565582e-02 1.740833977237343788e-04 5.014308542013168335e-02 1.375478878617286682e-02 3.804633021354675293e-02 2.487313933670520782e-02 1.312784384936094284e-02 9.217294864356517792e-03 3.852540627121925354e-02 4.215060546994209290e-02 3.997151274234056473e-03 6.366052664816379547e-03 7.542093284428119659e-03 3.979171626269817352e-03 2.891151979565620422e-02 2.748408168554306030e-02 1.745171286165714264e-02 5.678106099367141724e-03 2.762012183666229248e-02 2.638900838792324066e-02 1.416798215359449387e-02 3.658377798274159431e-03 2.292095683515071869e-02 1.688799448311328888e-02 3.840599441900849342e-03 2.035046927630901337e-02 2.329678647220134735e-02 2.783665060997009277e-02 8.942264132201671600e-03 1.456637959927320480e-02 1.010012533515691757e-02 1.701900176703929901e-02 6.388234905898571014e-03 3.751697018742561340e-03 3.038484044373035431e-02 1.185493660159409046e-03 3.953788429498672485e-02 2.132922224700450897e-02 9.792074561119079590e-04 8.047840557992458344e-03 5.222002509981393814e-03 1.558122970163822174e-02 6.213672924786806107e-03 2.313024550676345825e-02 1.144065405242145061e-03 1.014665584079921246e-03 5.044394731521606445e-02 2.804390154778957367e-02 4.199393466114997864e-02 1.428875792771577835e-02 3.014635480940341949e-02 8.662838488817214966e-03 1.236389362020418048e-04 3.313900437206029892e-03 1.385336369276046753e-02 2.388273738324642181e-02 1.394720468670129776e-02 1.857657358050346375e-02 1.022056024521589279e-02 2.783393021672964096e-03 9.767083451151847839e-03 1.447051996365189552e-03 2.909025177359580994e-03 8.899279637262225151e-04 2.897922648116946220e-03 1.429993938654661179e-02 5.168943665921688080e-03 7.031851419014856219e-05 6.186811253428459167e-03 3.187202289700508118e-02 3.084537014365196228e-02 2.162527665495872498e-02 3.266583755612373352e-02 2.287049219012260437e-02
5.609531328082084656e-02 6.290852278470993042e-02 1.854445040225982666e-02 9.064945392310619354e-03 2.353498525917530060e-02 5.529517307877540588e-02 6.186857819557189941e-02 1.007386296987533569e-02 5.751125048846006393e-03 1.612646505236625671e-02 6.694094091653823853e-02 2.115857042372226715e-02 8.349762558937072754e-01 2.655860036611557007e-02 3.920897841453552246e-02 1.311391964554786682e-02 5.486003588885068893e-03 4.607639741152524948e-03 1.889646425843238831e-02 1.603839336894452572e-03 1.740506291389465332e-02 1.882872916758060455e-02 8.970330469310283661e-03 1.124610193073749542e-02 5.721658468246459961e-03 2.789203450083732605e-02 6.465545855462551117e-03 2.370826527476310730e-02 4.111079871654510498e-02 2.898379042744636536e-02 4.791901260614395142e-02 5.777517799288034439e-03 2.642895793542265892e-03 4.214036744087934494e-03 9.843585081398487091e-03 2.508527599275112152e-02 1.792685687541961670e-02 1.110422145575284958e-02 1.331712026149034500e-02 2.373871766030788422e-02 1.518396940082311630e-02 1.234845444560050964e-02 1.810720190405845642e-02 6.122368387877941132e-03 1.227743178606033325e-02 1.127322018146514893e-02 5.693875998258590698e-02 5.607483163475990295e-02 7.163087371736764908e-03 1.040060631930828094e-02 6.765185855329036713e-03 4.053715616464614868e-03 8.713856339454650879e-03 1.609075628221035004e-02 6.028971169143915176e-03 6.349614355713129044e-03 1.037599239498376846e-02 1.822862774133682251e-02 2.330704592168331146e-03 2.580894157290458679e-02 1.718836650252342224e-02 5.673361010849475861e-03 3.066946938633918762e-02 1.390806492418050766e-02 3.746393322944641113e-02 5.312137305736541748e-02 2.399313030764460564e-03 1.093202270567417145e-02 7.460014428943395615e-03 1.089801732450723648e-02 1.807596161961555481e-02 1.575043774209916592e-03 3.334403503686189651e-03 3.055506851524114609e-03 1.205066451802849770e-03 2.785657998174428940e-03 7.380289025604724884e-03 8.207679726183414459e-03 9.879479184746742249e-03 9.491751901805400848e-03 5.291801877319812775e-03 2.982351230457425117e-03 1.935883890837430954e-03 2.166715217754244804e-03 5.465121474117040634e-03 1.844591274857521057e-02 2.602986060082912445e-02 3.123178519308567047e-02 1.559833623468875885e-02 1.716598868370056152e-02 4.810212552547454834e-02 3.053078986704349518e-02 4.424301162362098694e-02 2.559992484748363495e-02 8.094791322946548462e-03 1.625678669370245188e-05 1.166179217398166656e-02 1.682735979557037354e-02 2.048844285309314728e-02 1.069711148738861084e-02 9.977937676012516022e-03 7.458161562681198120e-04 1.209846884012222290e-02 2.587756840512156487e-03 3.206246299669146538e-03 3.922197502106428146e-03 1.043573208153247833e-02 2.580138389021158218e-03 8.641662076115608215e-03 1.479842234402894974e-03 7.892639376223087311e-03 6.027200259268283844e-03 1.992803439497947693e-02 1.822133548557758331e-02 2.784433588385581970e-02 1.402366813272237778e-02
