8.378724455833435059e-01 6.680908054113388062e-02 7.128526340238749981e-04 8.217168971896171570e-03 2.705642487853765488e-03 6.240329891443252563e-02 3.455399349331855774e-02 3.498900216072797775e-03 1.024844590574502945e-02 1.641267538070678711e-02 6.436466425657272339e-02 1.371375471353530884e-02 6.209716945886611938e-02 2.438942529261112213e-02 2.071938849985599518e-02 1.891450956463813782e-02 2.136884257197380066e-02 2.161840820917859674e-04 7.010017521679401398e-03 1.536289881914854050e-02 1.017774362117052078e-02 3.523115813732147217e-02 2.322123758494853973e-02 2.604704722762107849e-02 8.824809454381465912e-03 7.728916127234697342e-03 3.957305848598480225e-02 2.058608271181583405e-02 3.624535724520683289e-02 1.672712154686450958e-02 2.427612990140914917e-02 4.865286871790885925e-03 5.937709473073482513e-03 8.307522162795066833e-03 8.175183087587356567e-03 1.111924462020397186e-02 9.437298402190208435e-03 1.066676340997219086e-02 1.151274051517248154e-02 4.130262415856122971e-03 1.496502291411161423e-02 2.621397748589515686e-02 6.752111483365297318e-03 4.994148388504981995e-03 2.027051523327827454e-02 6.279309280216693878e-03 4.359269514679908752e-02 9.474108926951885223e-03 2.313993126153945923e-02 7.655625231564044952e-03 7.887110114097595215e-03 7.412159349769353867e-03 1.156981009989976883e-02 4.451924469321966171e-03 2.011130005121231079e-02 1.020508352667093277e-02 5.756240803748369217e-03 1.142389327287673950e-02 6.986685097217559814e-03 6.450204178690910339e-03 3.344488563016057014e-03 6.733722519129514694e-03 1.061503496021032333e-02 1.491244882345199585e-02 4.427493363618850708e-02 4.457835853099822998e-02 7.923677912913262844e-05 1.386112649925053120e-03 1.347222272306680679e-02 2.223547361791133881e-02 1.927621848881244659e-02 2.254578284919261932e-02 7.046657614409923553e-03 4.128099884837865829e-03 8.098511956632137299e-03 8.150931447744369507e-03 8.814660832285881042e-03 6.077693309634923935e-03 2.095965668559074402e-02 2.428345568478107452e-02 1.399475033394992352e-03 1.451266277581453323e-02 9.728460572659969330e-03 1.024483609944581985e-02 5.778169725090265274e-03 2.454136684536933899e-02 1.290769036859273911e-02 1.598739251494407654e-02 1.801220700144767761e-02 3.327302262187004089e-02 3.927914053201675415e-02 3.972023725509643555e-02 2.776297740638256073e-02 3.361928835511207581e-02 1.579690724611282349e-02 1.556096971035003662e-02 2.745070261880755424e-03 1.764445193111896515e-02 1.920715533196926117e-02 1.082944683730602264e-02 7.612988818436861038e-03 4.665633197873830795e-03 1.092997193336486816e-02 1.248326245695352554e-02 5.060473922640085220e-03 1.122902729548513889e-03 2.445099642500281334e-03 1.858567632734775543e-02 6.848674966022372246e-04 5.256879958324134350e-04 4.930649884045124054e-03 1.490226294845342636e-02 9.090814739465713501e-03 6.404410232789814472e-04 1.205586246214807034e-03 2.365790680050849915e-02
6.680908054113388062e-02 8.378724455833435059e-01 6.143968552350997925e-03 6.274644751101732254e-03 7.983332499861717224e-03 6.846812367439270020e-02 5.068336427211761475e-02 7.314424030482769012e-03 2.944098319858312607e-03 9.770265780389308929e-03 6.177942454814910889e-02 2.213741093873977661e-02 6.593872606754302979e-02 2.341849543154239655e-02 2.395353280007839203e-02 5.220317281782627106e-03 1.002392545342445374e-02 6.502361968159675598e-03 2.319359453395009041e-03 5.423804279416799545e-03 5.222689826041460037e-03 3.557962179183959961e-02 1.220667548477649689e-02 1.165948063135147095e-02 6.721227895468473434e-03 5.687250290066003799e-03 3.792936354875564575e-02 1.979922875761985779e-02 3.067604638636112213e-02 1.804365031421184540e-02 2.131588384509086609e-02 1.534632500261068344e-02 6.284057162702083588e-03 8.304902352392673492e-03 9.698654757812619209e-04 1.081696525216102600e-02 3.438018728047609329e-03 1.021410804241895676e-02 1.214641425758600235e-02 1.840295083820819855e-02 7.821647450327873230e-03 2.416480518877506256e-02 1.508754212409257889e-02 8.221311494708061218e-03 9.965836070477962494e-03 1.662954315543174744e-02 3.677396848797798157e-02 1.654390711337327957e-03 1.785139925777912140e-02 1.246883533895015717e-03 6.229780148714780807e-03 8.287054486572742462e-03 1.866697333753108978e-02 1.735519059002399445e-02 1.415085606276988983e-02 2.546595409512519836e-03 2.247269032523036003e-03 4.574401769787073135e-03 1.869535818696022034e-02 2.196718566119670868e-02 1.157956648967228830e-04 6.350231706164777279e-05 9.396944195032119751e-03 1.647325046360492706e-02 3.900491073727607727e-02 3.940084204077720642e-02 1.027776952832937241e-02 7.004495244473218918e-03 9.772286750376224518e-03 1.674071140587329865e-02 1.080142986029386520e-02 9.352428838610649109e-03 1.708895200863480568e-03 2.689745975658297539e-03 4.358210717327892780e-04 1.534294569864869118e-03 7.039650226943194866e-04 5.765915266238152981e-04 1.307274028658866882e-02 2.613207884132862091e-02 5.186550319194793701e-03 1.240741368383169174e-02 2.029411308467388153e-02 2.149977022781968117e-03 5.348693113774061203e-03 1.331966090947389603e-02 1.518432330340147018e-02 2.234292961657047272e-02 3.001066856086254120e-02 3.489983454346656799e-02 2.391760796308517456e-02 3.631088510155677795e-02 2.504348009824752808e-02 2.631238289177417755e-02 2.241734787821769714e-02 2.211146987974643707e-02 4.082792904227972031e-03 1.527890842407941818e-02 2.313863858580589294e-02 1.812880672514438629e-02 1.645554788410663605e-02 1.403300277888774872e-02 1.566497422754764557e-02 1.190874446183443069e-02 1.658077724277973175e-02 1.742789521813392639e-02 1.352888904511928558e-02 1.760229468345642090e-02 1.068287529051303864e-02 3.561885023373179138e-05 8.164704777300357819e-03 9.803978726267814636e-03 1.661187410354614258e-02 4.496376495808362961e-03 4.849501885473728180e-03 1.549189444631338120e-02
7.128526340238749981e-04 6.143968552350997925e-03 8.378724455833435059e-01 7.423640228807926178e-03 1.167483907192945480e-02 2.435998292639851570e-03 5.905009340494871140e-03 6.099512428045272827e-02 1.036626126733608544e-04 8.068665862083435059e-03 5.885475315153598785e-03 1.022810861468315125e-02 8.259047754108905792e-03 6.908991839736700058e-03 2.996398322284221649e-02 1.118015218526124954e-02 1.264127064496278763e-02 7.821760373190045357e-04 1.828439533710479736e-03 7.555520860478281975e-04 5.319933407008647919e-03 1.574822701513767242e-02 3.017127281054854393e-03 1.960768364369869232e-03 7.500836160033941269e-03 3.056140383705496788e-03 1.329330727458000183e-02 1.726604253053665161e-02 3.913504537194967270e-03 1.743292994797229767e-02 8.394647389650344849e-03 1.321102306246757507e-02 1.981862820684909821e-02 3.073793603107333183e-03 1.452567242085933685e-02 1.444250997155904770e-02 9.134540334343910217e-03 8.616265840828418732e-03 1.527738012373447418e-02 6.539104506373405457e-03 2.086474373936653137e-02 5.761696957051753998e-03 3.523350926116108894e-03 4.374679550528526306e-02 3.602730110287666321e-03 1.547201420180499554e-03 2.300659660249948502e-03 3.619074122980237007e-03 6.149778142571449280e-03 7.364145014435052872e-03 1.648539118468761444e-02 2.165223471820354462e-02 3.649559989571571350e-02 2.107535861432552338e-02 1.373058743774890900e-02 1.365244667977094650e-02 2.395053394138813019e-02 2.112562535330653191e-03 4.713357239961624146e-02 3.457924351096153259e-02 1.575235836207866669e-02 1.506509142927825451e-03 2.587610669434070587e-02 1.911417394876480103e-02 9.481478482484817505e-03 7.782903034240007401e-03 1.315279584378004074e-02 3.769247326999902725e-03 4.692405462265014648e-03 4.779290407896041870e-03 8.941832929849624634e-03 4.414252005517482758e-03 1.371482852846384048e-02 1.940501155331730843e-03 1.491071842610836029e-02 4.249916411936283112e-03 1.471646246500313282e-03 1.499269250780344009e-02 9.400558657944202423e-03 1.968218013644218445e-02 6.716933846473693848e-02 6.340742111206054688e-02 6.040466018021106720e-03 7.508540991693735123e-03 1.077304221689701080e-02 8.399641141295433044e-03 3.895526751875877380e-02 3.711680695414543152e-02 2.621150575578212738e-03 6.271618418395519257e-03 2.152404049411416054e-03 9.503011591732501984e-03 1.658010645769536495e-03 9.722991846501827240e-03 5.070123355835676193e-03 7.241271901875734329e-03 3.746756352484226227e-03 1.237493287771940231e-02 4.398840479552745819e-03 9.959236485883593559e-04 5.416901782155036926e-03 5.242072511464357376e-04 7.096451241523027420e-03 1.319985464215278625e-02 3.421701490879058838e-02 2.564108371734619141e-02 4.104262217879295349e-03 2.337351255118846893e-02 2.890271425712853670e-04 2.134102582931518555e-02 2.214348874986171722e-02 2.643166482448577881e-02 7.791286800056695938e-03 4.025050438940525055e-03 1.297408435493707657e-02 1.913299597799777985e-02
8.217168971896171570e-03 6.274644751101732254e-03 7.423640228807926178e-03 8.378724455833435059e-01 5.754763260483741760e-02 9.093035012483596802e-03 2.401053532958030701e-02 1.168118976056575775e-02 3.006997331976890564e-02 1.435652375221252441e-02 1.286543812602758408e-02 1.647119061090052128e-03 8.806411176919937134e-03 2.245093323290348053e-02 9.471518918871879578e-03 3.736705705523490906e-02 3.085261397063732147e-02 4.168641567230224609e-02 3.447052463889122009e-02 2.291226759552955627e-03 3.468545386567711830e-03 1.983465068042278290e-02 2.930394932627677917e-02 1.083184219896793365e-02 5.715235136449337006e-03 6.241848692297935486e-03 1.289238035678863525e-02 2.898379461839795113e-03 1.112123765051364899e-02 1.315012294799089432e-02 1.723930053412914276e-02 9.987061843276023865e-03 1.032522786408662796e-02 9.271741844713687897e-03 1.281897258013486862e-02 7.099075242877006531e-03 8.371469564735889435e-03 1.794062368571758270e-02 4.852044209837913513e-02 3.571624308824539185e-02 2.189749293029308319e-02 9.884865023195743561e-03 1.071590092033147812e-02 7.349993102252483368e-03 1.012680772691965103e-02 4.841105081140995026e-03 5.239137448370456696e-03 7.349699735641479492e-03 7.842666469514369965e-03 1.569099491462111473e-03 2.788190357387065887e-02 1.599141024053096771e-02 1.542497891932725906e-02 4.251587204635143280e-03 1.440018415451049805e-02 6.020663306117057800e-03 1.452223956584930420e-02 4.655012395232915878e-03 1.350517850369215012e-02 5.402889568358659744e-03 3.726005554199218750e-02 3.498969227075576782e-02 1.214764919131994247e-02 3.456089412793517113e-03 1.280542369931936264e-02 1.843533851206302643e-02 4.269619006663560867e-03 2.396859228610992432e-03 4.306943714618682861e-02 1.688845828175544739e-02 2.558976039290428162e-02 1.789973117411136627e-02 4.653020575642585754e-02 1.024665869772434235e-02 4.632635414600372314e-02 1.524386741220951080e-02 4.295043274760246277e-02 1.279365736991167068e-02 1.526591554284095764e-02 9.112258441746234894e-03 3.727818140760064125e-03 4.912226460874080658e-03 4.316802695393562317e-02 4.480642080307006836e-02 7.737388368695974350e-04 1.129517890512943268e-02 4.654690157622098923e-03 7.429077755659818649e-03 2.540695481002330780e-02 1.179526094347238541e-02 1.793299056589603424e-02 1.334791909903287888e-02 9.110640734434127808e-03 1.746731251478195190e-02 2.677451819181442261e-02 2.078109048306941986e-02 1.429039519280195236e-02 1.297167502343654633e-02 1.564601995050907135e-02 9.081302210688591003e-03 2.088174037635326385e-02 1.316883694380521774e-02 1.051035895943641663e-02 9.026133455336093903e-03 1.533207017928361893e-03 1.547643914818763733e-03 7.394877262413501740e-03 1.576401479542255402e-02 2.286412566900253296e-02 3.801688319072127342e-03 6.255270913243293762e-03 1.512494869530200958e-02 1.180939562618732452e-02 4.501862917095422745e-03 2.082215063273906708e-02 6.688390392810106277e-03
2.705642487853765488e-03 7.983332499861717224e-03 1.167483907192945480e-02 5.754763260483741760e-02 8.378724455833435059e-01 6.436121650040149689e-03 1.152881979942321777e-02 1.393263414502143860e-02 1.320419926196336746e-02 3.084364160895347595e-02 1.084516011178493500e-02 1.705874875187873840e-02 8.333183825016021729e-03 6.611676421016454697e-03 8.023170754313468933e-03 2.946820110082626343e-02 2.989403158426284790e-02 2.129555121064186096e-02 3.551810979843139648e-02 6.699203513562679291e-03 1.241362374275922775e-02 1.687810383737087250e-02 1.024964544922113419e-02 9.972910396754741669e-03 1.501893904060125351e-02 1.213653199374675751e-02 8.430796675384044647e-03 2.875847509130835533e-03 1.207025907933712006e-02 1.140544004738330841e-02 1.289851963520050049e-02 2.376898424699902534e-03 1.015018206089735031e-03 3.652408951893448830e-03 8.163050748407840729e-03 5.762171000242233276e-03 1.870110630989074707e-02 1.914039812982082367e-02 3.659261018037796021e-02 5.546385422348976135e-02 1.781364902853965759e-02 9.265321306884288788e-03 2.009900286793708801e-02 6.181589327752590179e-03 7.788899354636669159e-03 1.851237006485462189e-02 5.536991171538829803e-03 1.527205668389797211e-02 4.006128758192062378e-03 1.790399849414825439e-02 1.894684508442878723e-02 3.119232133030891418e-03 6.603799760341644287e-03 2.726753242313861847e-03 2.123872982338070869e-03 2.042084932327270508e-02 7.980477996170520782e-03 1.549420412629842758e-02 1.078305765986442566e-02 2.659156918525695801e-03 2.737406454980373383e-02 4.125095158815383911e-02 2.560969442129135132e-03 2.574118319898843765e-03 6.930398754775524139e-03 1.108226645737886429e-02 1.231792499311268330e-03 5.968415178358554840e-03 3.396666795015335083e-02 2.442999370396137238e-02 3.418274596333503723e-02 1.014497317373752594e-02 4.037677869200706482e-02 2.585220709443092346e-02 4.769563674926757812e-02 3.149732248857617378e-03 2.409165352582931519e-02 3.087884187698364258e-02 1.452784333378076553e-02 2.278206497430801392e-02 9.351544431410729885e-04 9.604657068848609924e-03 2.856429852545261383e-02 4.970854893326759338e-02 3.689222270622849464e-03 9.285386651754379272e-03 2.384202321991324425e-03 3.357340116053819656e-03 9.114603511989116669e-03 2.114417590200901031e-02 1.441188342869281769e-02 1.421931758522987366e-02 2.468816563487052917e-02 1.279756706207990646e-02 2.005917765200138092e-02 2.658966183662414551e-02 2.203152328729629517e-02 5.299848970025777817e-03 1.075807027518749237e-02 5.056237801909446716e-03 1.386023033410310745e-02 1.058324053883552551e-02 1.502327155321836472e-02 7.426176685839891434e-03 6.456476636230945587e-03 1.028700848110020161e-03 1.660419069230556488e-02 1.970035955309867859e-02 2.704327739775180817e-02 1.976355724036693573e-02 2.182990312576293945e-02 8.104918524622917175e-03 1.316355913877487183e-02 1.028360612690448761e-02 2.579779550433158875e-02 2.269203588366508484e-02
6.240329891443252563e-02 6.846812367439270020e-02 2.435998292639851570e-03 9.093035012483596802e-03 6.436121650040149689e-03 8.378724455833435059e-01 6.877212971448898315e-02 1.160161476582288742e-02 9.688302874565124512e-03 1.546202786266803741e-02 5.762953683733940125e-02 8.770245127379894257e-03 5.845363438129425049e-02 9.500695392489433289e-03 1.692288368940353394e-02 1.085468754172325134e-02 1.410214696079492569e-02 1.247761305421590805e-02 1.347908750176429749e-02 1.539302896708250046e-02 1.308459602296352386e-02 2.515964210033416748e-02 2.546170726418495178e-02 1.899701543152332306e-02 1.394553482532501221e-02 1.203313097357749939e-02 3.460034355521202087e-02 2.257708273828029633e-02 2.647317945957183838e-02 1.898843981325626373e-02 2.234591729938983917e-02 1.148434821516275406e-02 4.700664896517992020e-03 2.968272427096962929e-03 1.143187843263149261e-02 6.088325288146734238e-03 5.760073661804199219e-03 2.266376744955778122e-03 4.538330715149641037e-03 1.749844232108443975e-04 2.499218797311186790e-03 1.690573617815971375e-02 9.077685885131359100e-03 2.245427574962377548e-03 1.075720041990280151e-02 1.655525900423526764e-02 5.178192630410194397e-02 6.919793784618377686e-03 1.370649505406618118e-02 4.461331118363887072e-04 4.858769942075014114e-03 1.682901405729353428e-03 7.709957659244537354e-03 6.288412958383560181e-03 3.506516572088003159e-03 3.238508012145757675e-03 1.695768721401691437e-02 6.960898754186928272e-04 1.805627346038818359e-02 1.421950943768024445e-02 1.353655848652124405e-02 1.487379241734743118e-02 7.342206314206123352e-03 5.620213691145181656e-03 4.127306118607521057e-02 4.442245513200759888e-02 1.989846350625157356e-03 1.694694044999778271e-03 2.082379348576068878e-02 8.377430960536003113e-03 1.974458433687686920e-02 3.991627134382724762e-03 1.673609204590320587e-02 1.173417363315820694e-02 1.863047294318675995e-02 6.312291137874126434e-03 9.857425466179847717e-03 7.821633480489253998e-03 6.875402294099330902e-03 2.888936363160610199e-02 7.579271914437413216e-04 9.808870032429695129e-03 2.668588794767856598e-02 1.688876189291477203e-02 6.390215829014778137e-03 1.721078529953956604e-02 1.388777885586023331e-02 1.572282053530216217e-02 3.501038253307342529e-02 3.512923046946525574e-02 2.565958164632320404e-02 2.974384650588035583e-02 3.596828132867813110e-02 1.976824551820755005e-02 1.613918133080005646e-02 1.326471287757158279e-02 3.514645621180534363e-03 5.552244838327169418e-03 1.060794107615947723e-02 9.677270427346229553e-03 6.695734802633523941e-03 7.585169281810522079e-03 7.511529605835676193e-03 3.376907203346490860e-03 9.260403923690319061e-03 9.985739365220069885e-03 6.229300517588853836e-03 8.634555153548717499e-03 3.883824101649224758e-04 4.271492362022399902e-03 1.076072361320257187e-02 7.727636955678462982e-03 6.380902603268623352e-03 7.947852835059165955e-03 1.040531415492296219e-02 1.789624430239200592e-02
3.455399349331855774e-02 5.068336427211761475e-02 5.905009340494871140e-03 2.401053532958030701e-02 1.152881979942321777e-02 6.877212971448898315e-02 8.378724455833435059e-01 5.690624006092548370e-03 3.175308927893638611e-02 1.674729399383068085e-02 2.809251844882965088e-02 6.527738180011510849e-03 3.643771633505821228e-02 1.797610335052013397e-02 4.352377727627754211e-03 8.690149523317813873e-03 1.045452803373336792e-02 3.754301741719245911e-02 1.928618550300598145e-02 1.466884184628725052e-02 1.885149069130420685e-02 1.227927044965326786e-03 2.723648399114608765e-02 1.328599173575639725e-02 1.800122857093811035e-02 1.169758476316928864e-02 8.580354042351245880e-03 9.379559196531772614e-03 7.506232243031263351e-03 2.364498097449541092e-03 3.719021100550889969e-03 2.649521455168724060e-03 2.542089112102985382e-02 4.245486576110124588e-03 2.119490504264831543e-02 1.102222502231597900e-02 1.381682790815830231e-02 1.858035661280155182e-02 1.983608305454254150e-02 6.937764701433479786e-04 2.044298872351646423e-02 4.304539179429411888e-04 1.988473813980817795e-03 5.551844369620084763e-03 7.468408904969692230e-03 6.975802127271890640e-03 4.839487001299858093e-02 1.302743144333362579e-02 2.607440110296010971e-04 1.522858976386487484e-03 2.089867368340492249e-02 1.379603985697031021e-02 4.925559740513563156e-03 9.896378964185714722e-03 1.465330738574266434e-02 1.102711190469563007e-03 3.605954721570014954e-02 5.032952758483588696e-04 1.160243246704339981e-02 1.527649536728858948e-02 3.513563051819801331e-02 2.102847583591938019e-02 1.917931810021400452e-02 3.094592131674289703e-03 1.826144568622112274e-02 2.904994972050189972e-02 7.952120155096054077e-03 1.134599372744560242e-02 3.179740533232688904e-02 1.649491302669048309e-02 1.822812855243682861e-02 1.828307285904884338e-02 1.888632029294967651e-02 1.802005246281623840e-02 1.471295487135648727e-02 1.967690885066986084e-02 3.075405582785606384e-02 8.803244563750922680e-04 1.135446783155202866e-02 3.342876210808753967e-02 1.061697769910097122e-02 1.482495572417974472e-02 4.168653488159179688e-02 9.886928834021091461e-03 1.274219248443841934e-02 7.710720878094434738e-03 8.706040680408477783e-03 2.865544753149151802e-03 4.611372575163841248e-02 3.295158222317695618e-02 1.180627569556236267e-02 9.715132182464003563e-04 3.508927673101425171e-02 5.495129618793725967e-03 4.363061860203742981e-03 3.453509882092475891e-03 1.407674513757228851e-02 9.622190147638320923e-03 5.913686938583850861e-03 9.679665090516209602e-04 9.458347223699092865e-03 8.799606934189796448e-03 1.088246144354343414e-02 1.357864774763584137e-02 2.444582059979438782e-03 1.396557502448558807e-02 7.550243288278579712e-03 6.243247073143720627e-03 9.978581219911575317e-03 5.640209652483463287e-03 5.091246683150529861e-03 1.181973423808813095e-02 2.634255215525627136e-03 1.313750073313713074e-02 3.213554993271827698e-02 1.029498782008886337e-02
3.498900216072797775e-03 7.314424030482769012e-03 6.099512428045272827e-02 1.168118976056575775e-02 1.393263414502143860e-02 1.160161476582288742e-02 5.690624006092548370e-03 8.378724455833435059e-01 3.511184360831975937e-03 5.036248825490474701e-03 1.251749880611896515e-02 3.741435240954160690e-03 1.809580810368061066e-02 1.201219297945499420e-02 3.778410330414772034e-02 1.339999493211507797e-02 1.322523318231105804e-02 1.138134859502315521e-03 4.276874475181102753e-03 2.459844946861267090e-02 2.597478404641151428e-02 1.940325461328029633e-02 2.666686894372105598e-03 8.657507714815437794e-04 2.958604693412780762e-02 2.915513329207897186e-02 1.809565722942352295e-02 3.318943828344345093e-02 4.336194600909948349e-03 2.823571301996707916e-02 3.282780991867184639e-03 2.358321286737918854e-02 2.554748766124248505e-02 2.053296938538551331e-02 3.076113201677799225e-02 2.695493772625923157e-02 2.720300294458866119e-02 9.032694622874259949e-03 1.364114508032798767e-02 1.164515386335551739e-03 1.425947248935699463e-02 1.275336183607578278e-02 1.613913476467132568e-02 4.298547748476266861e-03 4.292683210223913193e-03 3.990648314356803894e-03 6.165572442114353180e-03 3.140321932733058929e-03 1.957334019243717194e-02 2.879828400909900665e-02 1.387350913137197495e-02 1.358935981988906860e-02 2.259215526282787323e-02 1.229313667863607407e-02 1.607940159738063812e-02 1.765501499176025391e-02 1.401892397552728653e-02 1.252240780740976334e-02 3.501661866903305054e-02 2.939580194652080536e-02 8.134334348142147064e-03 6.843081209808588028e-03 1.500585582107305527e-02 2.286024764180183411e-02 1.731224544346332550e-02 1.291066873818635941e-02 2.446136437356472015e-02 1.889470219612121582e-02 6.846487522125244141e-03 4.920002538710832596e-03 1.012222468852996826e-02 1.089921500533819199e-02 1.284141000360250473e-02 4.245772957801818848e-03 1.388684380799531937e-02 1.916440762579441071e-02 8.595056831836700439e-03 7.872120477259159088e-03 2.703350270166993141e-03 5.347797647118568420e-03 5.878588557243347168e-02 5.055913329124450684e-02 4.015370737761259079e-03 1.003358140587806702e-02 2.054613456130027771e-02 1.459707226604223251e-02 4.864633455872535706e-02 4.079207777976989746e-02 9.992958977818489075e-03 1.351538393646478653e-02 5.143439862877130508e-03 1.418166793882846832e-02 3.845125902444124222e-03 1.258237008005380630e-02 8.747613988816738129e-03 4.791235551238059998e-03 1.279444084502756596e-03 1.940048299729824066e-02 1.348053291440010071e-02 1.088753156363964081e-02 1.350498385727405548e-02 1.653486676514148712e-02 4.210333805531263351e-03 1.298076473176479340e-02 2.003229595720767975e-02 3.067756444215774536e-02 1.558332238346338272e-02 1.848561689257621765e-02 1.627792045474052429e-02 9.731134399771690369e-03 1.301615405827760696e-02 1.613211818039417267e-02 1.503844279795885086e-02 8.084845729172229767e-03 1.003469456918537617e-03 4.801789298653602600e-03
1.024844590574502945e-02 2.944098319858312607e-03 1.036626126733608544e-04 3.006997331976890564e-02 1.320419926196336746e-02 9.688302874565124512e-03 3.175308927893638611e-02 3.511184360831975937e-03 8.378724455833435059e-01 1.531708706170320511e-02 6.447933148592710495e-03 2.975995652377605438e-02 7.609327440150082111e-04 2.873364835977554321e-02 1.684933155775070190e-02 7.771184318698942661e-04 7.103395648300647736e-03 5.411308258771896362e-02 1.663905382156372070e-02 5.229925736784934998e-03 6.967467721551656723e-03 1.545369811356067657e-02 1.126938126981258392e-02 1.613742485642433167e-02 9.955069981515407562e-03 1.198550872504711151e-02 1.946726813912391663e-02 2.234350144863128662e-02 4.205393139272928238e-03 3.768688812851905823e-02 9.089003317058086395e-03 8.774640038609504700e-03 1.297247968614101410e-02 3.188168397173285484e-03 2.419943688437342644e-03 3.700742265209555626e-03 9.715910069644451141e-03 1.458682306110858917e-02 1.968253217637538910e-02 2.194192726165056229e-03 9.984110482037067413e-03 2.381753362715244293e-02 1.035205367952585220e-02 2.741076424717903137e-02 2.286585606634616852e-02 1.983012445271015167e-02 7.687282282859086990e-03 2.662094682455062866e-02 3.354784473776817322e-02 6.168481893837451935e-03 2.902010269463062286e-02 1.278767548501491547e-02 1.514823269098997116e-02 1.895697414875030518e-02 4.167618975043296814e-02 5.594664253294467926e-03 2.424793131649494171e-02 1.072393264621496201e-02 1.250029541552066803e-03 1.693828031420707703e-02 2.481338754296302795e-02 1.741721061989665031e-03 8.146968320943415165e-04 1.339267380535602570e-02 1.320384722203016281e-02 1.014883536845445633e-02 3.120166365988552570e-04 2.313558245077729225e-03 1.586916856467723846e-02 2.212081849575042725e-02 9.300857782363891602e-03 4.544592648744583130e-02 1.113869901746511459e-02 4.461779724806547165e-03 7.456784136593341827e-03 3.795267269015312195e-02 5.869518965482711792e-02 1.445701904594898224e-02 3.886816278100013733e-02 3.057326935231685638e-02 1.980059593915939331e-02 6.878712214529514313e-03 6.281671673059463501e-02 1.365176122635602951e-02 1.467294432222843170e-02 5.752016790211200714e-03 1.286329329013824463e-02 1.303698122501373291e-02 6.450191885232925415e-02 4.440949298441410065e-03 3.165605664253234863e-02 1.595083251595497131e-02 5.659655667841434479e-03 3.209286183118820190e-02 9.182144887745380402e-03 9.787413000594824553e-05 9.240549989044666290e-03 2.518998272716999054e-02 8.416012860834598541e-03 9.623049758374691010e-03 7.990300655364990234e-03 5.533925723284482956e-03 7.109921891242265701e-03 1.792353577911853790e-02 6.949776783585548401e-03 1.342302747070789337e-02 3.661293594632297754e-04 1.084479596465826035e-02 3.404172137379646301e-03 4.378667566925287247e-03 5.005717743188142776e-03 2.649286016821861267e-02 9.075904265046119690e-03 8.645294234156608582e-03 5.229255184531211853e-03 2.185709960758686066e-02
1.641267538070678711e-02 9.770265780389308929e-03 8.068665862083435059e-03 1.435652375221252441e-02 3.084364160895347595e-02 1.546202786266803741e-02 1.674729399383068085e-02 5.036248825490474701e-03 1.531708706170320511e-02 8.378724455833435059e-01 1.242339517921209335e-02 2.361798286437988281e-02 1.369772385805845261e-02 2.194218337535858154e-02 5.358283873647451401e-03 1.992871984839439392e-02 2.836815454065799713e-02 2.174246869981288910e-02 6.178018823266029358e-02 8.102552383206784725e-04 1.080288179218769073e-02 3.863435471430420876e-03 1.138907173299230635e-04 1.939178630709648132e-02 1.261264923959970474e-02 1.177201792597770691e-02 2.270031953230500221e-03 1.299406960606575012e-02 1.775158755481243134e-02 6.590414326637983322e-03 2.094325982034206390e-02 1.101601216942071915e-02 1.608183421194553375e-02 9.986307471990585327e-03 1.136509818024933338e-03 1.857099309563636780e-02 1.056250371038913727e-02 3.537200158461928368e-03 5.399420857429504395e-03 1.865696534514427185e-02 3.201896790415048599e-03 1.674818620085716248e-02 1.141940802335739136e-02 1.657245121896266937e-02 1.431549713015556335e-02 3.580350056290626526e-02 1.826325803995132446e-02 2.518804371356964111e-02 1.544002443552017212e-02 4.452813416719436646e-02 1.127735152840614319e-02 2.353224344551563263e-02 2.663219347596168518e-03 2.972838934510946274e-03 3.947885707020759583e-03 5.556903779506683350e-02 1.913598040118813515e-03 1.226602238602936268e-03 1.160647533833980560e-02 4.619179293513298035e-03 2.624853886663913727e-02 5.062838643789291382e-02 1.821249723434448242e-02 1.993324421346187592e-02 1.652935519814491272e-02 2.126436866819858551e-02 4.959523677825927734e-03 7.008641958236694336e-03 2.368909865617752075e-02 2.236887067556381226e-02 3.453313186764717102e-02 3.612056374549865723e-03 1.078293938189744949e-02 4.896172881126403809e-02 1.386262197047472000e-02 8.240764960646629333e-03 6.606462411582469940e-03 4.502673819661140442e-02 6.442155689001083374e-03 6.561755388975143433e-02 1.172369066625833511e-02 6.163755897432565689e-03 2.589395083487033844e-02 5.895576253533363342e-02 1.083950791507959366e-02 1.867715641856193542e-02 5.998102482408285141e-03 8.695315569639205933e-03 1.049039274221286178e-04 5.192300677299499512e-02 9.008109569549560547e-03 8.978496305644512177e-03 2.114006504416465759e-02 1.349125616252422333e-02 6.908357143402099609e-03 1.097582094371318817e-02 2.022618427872657776e-02 1.837305538356304169e-02 2.863755682483315468e-03 9.295537893194705248e-05 9.971833787858486176e-03 4.554724786430597305e-03 9.392666397616267204e-04 7.647437509149312973e-03 6.128828972578048706e-03 7.617013761773705482e-04 3.008145140483975410e-03 3.309921827167272568e-03 6.775041110813617706e-03 2.294821664690971375e-02 2.474483475089073181e-02 1.926617696881294250e-03 3.194713499397039413e-03 4.736074712127447128e-03 8.528192527592182159e-03 7.728982716798782349e-03
6.436466425657272339e-02 6.177942454814910889e-02 5.885475315153598785e-03 1.286543812602758408e-02 1.084516011178493500e-02 5.762953683733940125e-02 2.809251844882965088e-02 1.251749880611896515e-02 6.447933148592710495e-03 1.242339517921209335e-02 8.378724455833435059e-01 2.171672880649566650e-02 6.788597255945205688e-02 3.342259302735328674e-02 2.780449949204921722e-02 3.747564274817705154e-03 5.952205043286085129e-03 1.034755608998239040e-03 3.072461578994989395e-03 7.451929617673158646e-03 6.298196036368608475e-03 4.075814411044120789e-02 1.395383104681968689e-02 1.831865310668945312e-02 7.700354326516389847e-03 1.043582987040281296e-02 4.318203777074813843e-02 1.826463826000690460e-02 4.236165061593055725e-02 1.832578144967556000e-02 3.319717943668365479e-02 1.475471165031194687e-02 1.130310352891683578e-02 7.382704061456024647e-04 4.991683643311262131e-03 2.055242657661437988e-02 5.591698456555604935e-03 1.691287942230701447e-02 1.242134720087051392e-02 1.292199175804853439e-02 2.116120234131813049e-02 2.668686583638191223e-02 1.356787141412496567e-02 4.185068886727094650e-03 1.677487418055534363e-02 9.525175206363201141e-03 3.878462687134742737e-02 1.359705114737153053e-03 2.003126032650470734e-02 4.394284449517726898e-03 1.226991228759288788e-02 1.162499189376831055e-02 1.061699073761701584e-02 8.045080117881298065e-03 1.418119296431541443e-02 9.530150331556797028e-03 7.030942942947149277e-03 4.220515489578247070e-03 5.007127299904823303e-03 8.024710230529308319e-03 7.242863066494464874e-03 4.095817916095256805e-03 1.248218957334756851e-02 1.493494957685470581e-02 4.565256834030151367e-02 4.587276652455329895e-02 7.998229004442691803e-03 1.761809340678155422e-03 7.696621469222009182e-04 2.275441400706768036e-02 2.885792171582579613e-03 1.892042905092239380e-02 3.443712135776877403e-03 9.640346979722380638e-05 2.937252400442957878e-03 7.823089137673377991e-03 9.419175796210765839e-03 2.818395383656024933e-03 2.021933160722255707e-02 1.968685165047645569e-02 5.660213064402341843e-03 7.839041762053966522e-03 9.501727297902107239e-03 6.079831160604953766e-03 1.279799267649650574e-03 2.691201679408550262e-02 2.025530673563480377e-02 2.374002709984779358e-02 1.746041886508464813e-02 2.400879375636577606e-02 3.309169039130210876e-02 4.173687100410461426e-02 1.874342001974582672e-02 3.455648943781852722e-02 2.781757526099681854e-02 2.916021458804607391e-02 5.086418706923723221e-03 1.804464310407638550e-02 2.059972658753395081e-02 1.355366315692663193e-02 1.791916228830814362e-02 1.319807488471269608e-02 1.740264147520065308e-02 1.462469436228275299e-02 6.485527381300926208e-03 2.737171016633510590e-03 1.537360809743404388e-02 2.600277401506900787e-02 9.774379432201385498e-03 3.695545485243201256e-03 1.384618412703275681e-02 1.770284026861190796e-02 1.358859892934560776e-02 2.005877438932657242e-03 1.698016375303268433e-02 2.939947322010993958e-02
1.371375471353530884e-02 2.213741093873977661e-02 1.022810861468315125e-02 1.647119061090052128e-03 1.705874875187873840e-02 8.770245127379894257e-03 6.527738180011510849e-03 3.741435240954160690e-03 2.975995652377605438e-02 2.361798286437988281e-02 2.171672880649566650e-02 8.378724455833435059e-01 2.706711366772651672e-02 3.330402076244354248e-02 2.016553189605474472e-03 6.497578695416450500e-03 1.342469640076160431e-02 2.993836300447583199e-03 3.563722223043441772e-02 4.297060426324605942e-03 1.608680374920368195e-02 8.916116319596767426e-03 3.128802776336669922e-02 5.092016421258449554e-03 1.653671264648437500e-02 2.256420999765396118e-02 1.085539534687995911e-02 1.244548987597227097e-02 1.916272193193435669e-02 9.173993021249771118e-03 2.128914557397365570e-02 4.706101492047309875e-03 5.342158488929271698e-03 2.025340450927615166e-03 1.413813140243291855e-02 5.586443003267049789e-03 1.748458296060562134e-02 2.495529130101203918e-03 7.254555239342153072e-04 2.523272670805454254e-02 1.739797927439212799e-02 1.267435029149055481e-02 8.090406656265258789e-03 2.861686795949935913e-02 2.624417282640933990e-02 4.157000221312046051e-03 6.392455194145441055e-03 7.288964698091149330e-04 1.385718025267124176e-02 1.228960976004600525e-02 2.205711044371128082e-02 2.402354404330253601e-02 9.812907315790653229e-03 1.633792929351329803e-02 5.041457246989011765e-03 3.133594617247581482e-02 8.260186761617660522e-03 7.410806138068437576e-03 1.256583927897736430e-04 5.131708923727273941e-03 2.137788943946361542e-02 4.994885623455047607e-02 5.523462314158678055e-03 4.508954472839832306e-03 9.623276069760322571e-03 1.628574170172214508e-02 5.819472949951887131e-03 1.279506739228963852e-02 1.219282764941453934e-02 1.221118774265050888e-02 3.563891723752021790e-02 8.912687189877033234e-03 1.784847304224967957e-02 2.072679810225963593e-02 1.489682774990797043e-02 1.770788244903087616e-02 2.447358146309852600e-02 2.378823794424533844e-02 1.581806689500808716e-02 5.373166408389806747e-03 9.382297284901142120e-03 9.107963182032108307e-03 1.343275699764490128e-02 1.892297156155109406e-02 2.075491100549697876e-02 2.207230590283870697e-02 6.617750506848096848e-03 6.224485114216804504e-03 5.286705866456031799e-02 1.168521866202354431e-02 9.667446720413863659e-04 5.652669817209243774e-03 1.265824399888515472e-02 4.320350475609302521e-03 2.057874575257301331e-02 2.174822241067886353e-02 2.299781917827203870e-04 1.268041413277387619e-02 4.483018070459365845e-03 4.855096340179443359e-03 4.956680815666913986e-03 8.455647039227187634e-04 6.862117908895015717e-03 8.667868562042713165e-03 2.925543673336505890e-02 1.932516507804393768e-02 5.008666310459375381e-03 1.768755167722702026e-02 1.032767584547400475e-03 2.694393508136272430e-02 1.007228251546621323e-02 3.618720453232526779e-03 1.365387067198753357e-02 1.692631840705871582e-02 1.918974332511425018e-02 2.052700519561767578e-02
6.209716945886611938e-02 6.593872606754302979e-02 8.259047754108905792e-03 8.806411176919937134e-03 8.333183825016021729e-03 5.845363438129425049e-02 3.643771633505821228e-02 1.809580810368061066e-02 7.609327440150082111e-04 1.369772385805845261e-02 6.788597255945205688e-02 2.706711366772651672e-02 8.378724455833435059e-01 3.351475670933723450e-02 2.958601154386997223e-02 7.240046397782862186e-04 3.967674449086189270e-03 6.967981811612844467e-03 4.787440411746501923e-03 1.194319687783718109e-03 5.908185150474309921e-03 3.990770876407623291e-02 1.260710414499044418e-02 1.561240665614604950e-02 7.698821369558572769e-03 1.101015321910381317e-02 4.276201128959655762e-02 1.966676674783229828e-02 3.357878327369689941e-02 1.333028636872768402e-02 2.857009135186672211e-02 1.783737540245056152e-02 1.032888144254684448e-02 2.686959458515048027e-03 3.383920062333345413e-03 2.631186321377754211e-02 9.915331378579139709e-03 1.409365143626928329e-02 5.837318021804094315e-03 1.496962551027536392e-02 1.662638038396835327e-02 2.205043472349643707e-02 7.771488279104232788e-03 2.148555940948426723e-04 1.079772040247917175e-02 1.078848913311958313e-02 3.187605738639831543e-02 8.203483303077518940e-04 1.849128305912017822e-02 3.221369814127683640e-03 9.356066584587097168e-03 9.901653043925762177e-03 1.535786874592304230e-02 1.023828517645597458e-02 1.292756572365760803e-02 7.933444343507289886e-03 5.444496491691097617e-05 2.880740445107221603e-03 1.440586894750595093e-02 1.409602724015712738e-02 7.284117862582206726e-03 1.981945475563406944e-03 9.280046448111534119e-03 8.370347321033477783e-03 4.170390218496322632e-02 4.944747313857078552e-02 1.044804975390434265e-02 1.403695088811218739e-03 1.632219296880066395e-03 1.490341965109109879e-02 1.946911332197487354e-03 1.295109558850526810e-02 7.178113719419343397e-06 6.603739166166633368e-05 3.287887200713157654e-03 5.611783824861049652e-03 1.087310141883790493e-03 5.749965552240610123e-03 1.482731569558382034e-02 2.234217524528503418e-02 1.785689848475158215e-03 7.061372511088848114e-03 1.937099918723106384e-02 5.922909360378980637e-03 2.935725962743163109e-03 2.666233852505683899e-02 1.997572369873523712e-02 3.062125481665134430e-02 2.185249887406826019e-02 2.280462160706520081e-02 2.176134288311004639e-02 3.704160451889038086e-02 1.595205999910831451e-02 3.403874859213829041e-02 3.299950063228607178e-02 3.005709312856197357e-02 5.709450342692434788e-04 1.449137087911367416e-02 1.786001212894916534e-02 1.359132677316665649e-02 1.521825324743986130e-02 1.090871077030897141e-02 1.155488193035125732e-02 1.095975469797849655e-02 1.016970444470643997e-02 5.048336926847696304e-03 1.851994358003139496e-02 2.281297743320465088e-02 1.074017863720655441e-02 6.605981849133968353e-03 7.464998867362737656e-03 1.217301189899444580e-02 1.078024972230195999e-02 1.164214219897985458e-03 7.459273561835289001e-03 1.684560813009738922e-02
