8.528400063514709473e-01 5.893984436988830566e-02 3.105340711772441864e-02 1.464764215052127838e-02 4.167419392615556717e-04 4.686446487903594971e-02 2.770378626883029938e-02 2.484153024852275848e-02 6.251025013625621796e-03 1.046010013669729233e-02 4.775851592421531677e-02 2.173608355224132538e-02 3.932746127247810364e-02 1.245103590190410614e-02 3.098129294812679291e-02 9.210487827658653259e-03 9.244840592145919800e-03 7.192978635430335999e-03 1.658190041780471802e-02 1.562141580507159233e-03 8.018045686185359955e-03 2.521714381873607635e-02 5.364867858588695526e-03 4.001876339316368103e-03 1.405610982328653336e-02 2.144263871014118195e-02 3.077062778174877167e-02 1.458353362977504730e-02 3.673930838704109192e-02 1.049738377332687378e-02 2.467194013297557831e-02 6.477935239672660828e-03 1.865437999367713928e-02 6.883960217237472534e-03 2.329091913998126984e-02 1.410051621496677399e-02 1.671109162271022797e-02 1.758222095668315887e-02 7.152511388994753361e-04 1.072792243212461472e-02 2.250452339649200439e-02 6.697600707411766052e-03 5.865657702088356018e-03 2.924575470387935638e-02 2.887846902012825012e-03 1.477405894547700882e-03 3.961730003356933594e-02 2.626821957528591156e-02 3.626569639891386032e-03 2.840783214196562767e-03 1.620261184871196747e-02 1.565620861947536469e-02 3.780429437756538391e-02 2.930305153131484985e-02 1.012821565382182598e-03 2.415315713733434677e-03 2.015642076730728149e-02 2.393725700676441193e-02 3.386624529957771301e-02 2.967505529522895813e-02 1.558042410761117935e-02 1.625363714993000031e-02 1.164075825363397598e-02 7.924824021756649017e-03 3.229749947786331177e-02 2.300889790058135986e-02 6.490759551525115967e-04 8.259915630333125591e-04 8.196223527193069458e-03 3.157432004809379578e-02 1.136768143624067307e-02 2.355982735753059387e-02 2.253970690071582794e-02 2.463117986917495728e-02 2.303560823202133179e-02 2.081428468227386475e-02 1.146186236292123795e-02 1.737939007580280304e-02 1.260979479411616921e-04 5.574959330260753632e-03 3.063545748591423035e-02 2.680427394807338715e-02 4.093337338417768478e-04 1.567680388689041138e-02 1.065426971763372421e-02 1.199728157371282578e-02 3.626213967800140381e-02 2.736910246312618256e-02 1.610239595174789429e-02 1.725774817168712616e-02 2.369992621243000031e-02 2.766957134008407593e-02 2.269895747303962708e-02 2.100202813744544983e-02 1.287776045501232147e-02 3.123195841908454895e-03 1.695474609732627869e-02 1.578349061310291290e-02 1.216671336442232132e-02 9.801877662539482117e-03 2.183672972023487091e-03 3.976079169660806656e-04 2.084549143910408020e-02 1.279684435576200485e-02 1.204705238342285156e-02 4.396726377308368683e-03 9.035523980855941772e-03 2.763826027512550354e-02 6.218355149030685425e-03 2.228977903723716736e-02 3.056185878813266754e-02 1.699900254607200623e-02 2.889410592615604401e-03 2.020975807681679726e-03 2.865194901823997498e-02 2.356651052832603455e-02
5.893984436988830566e-02 8.528400063514709473e-01 2.842142991721630096e-02 1.635327935218811035e-02 3.533059032633900642e-03 4.499919340014457703e-02 3.474269807338714600e-02 2.100987359881401062e-02 6.579461973160505295e-03 1.350231468677520752e-02 4.536347091197967529e-02 2.365186251699924469e-02 3.964249417185783386e-02 2.102087624371051788e-02 2.598344162106513977e-02 1.525649148970842361e-02 1.739661768078804016e-02 9.332043700851500034e-04 1.210597623139619827e-02 3.638808382675051689e-03 1.645178906619548798e-02 2.223987691104412079e-02 1.297996193170547485e-02 1.265159808099269867e-02 2.148566767573356628e-02 2.885874360799789429e-02 2.473375946283340454e-02 1.473103277385234833e-02 3.632621839642524719e-02 1.083702594041824341e-02 2.599265240132808685e-02 8.623449131846427917e-03 1.883450709283351898e-02 1.208080630749464035e-02 2.529143728315830231e-02 1.942550204694271088e-02 2.340861223638057709e-02 2.318717166781425476e-02 2.579649211838841438e-03 1.103565469384193420e-02 1.984200254082679749e-02 6.427262909710407257e-03 1.372972037643194199e-02 2.103226259350776672e-02 5.844300147145986557e-03 3.193278796970844269e-03 4.340210929512977600e-02 3.396505117416381836e-02 3.547470550984144211e-03 5.561598576605319977e-03 2.358547784388065338e-02 2.269443310797214508e-02 2.618368901312351227e-02 2.743580937385559082e-02 1.279085059650242329e-03 1.199758704751729965e-02 1.909930258989334106e-02 3.025801666080951691e-02 2.084610424935817719e-02 2.549629285931587219e-02 1.520334277302026749e-02 1.826654188334941864e-02 7.441120687872171402e-04 1.005534827709197998e-02 1.964236795902252197e-02 2.263008244335651398e-02 7.518327794969081879e-03 5.863760132342576981e-03 1.225513499230146408e-02 2.792724221944808960e-02 1.647720113396644592e-02 2.018875814974308014e-02 2.046239748597145081e-02 2.273957617580890656e-02 2.498819865286350250e-02 1.771170645952224731e-02 8.860817179083824158e-03 1.987796463072299957e-02 1.613427768461406231e-03 1.243997737765312195e-02 3.167558833956718445e-02 2.743776142597198486e-02 2.700205659493803978e-03 1.530275307595729828e-02 8.571315265726298094e-05 5.238798446953296661e-03 3.360464423894882202e-02 3.055133670568466187e-02 1.113897096365690231e-02 1.510408055037260056e-02 2.997428551316261292e-02 2.543707005679607391e-02 3.196462988853454590e-02 2.351153083145618439e-02 1.273663900792598724e-02 5.141010507941246033e-03 2.028313092887401581e-02 1.661594957113265991e-02 1.475825812667608261e-02 2.072042971849441528e-02 8.244145661592483521e-03 5.809969268739223480e-03 2.159517072141170502e-02 1.834482327103614807e-02 1.001318730413913727e-02 1.260105636902153492e-03 1.689602620899677277e-02 1.599124073982238770e-02 1.484739407896995544e-02 1.617749221622943878e-02 2.639625594019889832e-02 1.734504662454128265e-02 7.499367464333772659e-03 4.504651296883821487e-03 2.292235381901264191e-02 1.427243463695049286e-02
3.105340711772441864e-02 2.842142991721630096e-02 8.528400063514709473e-01 2.923231804743409157e-03 1.680594170466065407e-03 2.406908199191093445e-02 1.394469663500785828e-02 5.375695228576660156e-02 9.334890171885490417e-03 1.040747016668319702e-02 2.377159520983695984e-02 4.835369065403938293e-03 2.247426658868789673e-02 6.873628590255975723e-03 2.588489092886447906e-02 2.198924496769905090e-02 2.042509987950325012e-02 1.647975877858698368e-03 5.674866028130054474e-03 5.671841558068990707e-03 7.869488559663295746e-03 1.343753095716238022e-02 9.884259663522243500e-03 9.195789694786071777e-03 2.055354416370391846e-02 2.083439379930496216e-02 1.964086852967739105e-02 2.368186973035335541e-02 2.510792389512062073e-02 1.762159913778305054e-02 1.484581362456083298e-02 2.087563741952180862e-03 2.702853083610534668e-02 8.145708590745925903e-03 2.404088713228702545e-02 8.984964340925216675e-03 4.876639693975448608e-03 1.198945194482803345e-02 4.009325639344751835e-04 1.500764582306146622e-02 1.832910440862178802e-02 1.240119524300098419e-02 1.251383963972330093e-02 2.513709478080272675e-02 1.107120513916015625e-02 1.745044253766536713e-02 1.649182476103305817e-02 6.149000022560358047e-03 4.795564338564872742e-03 3.807147266343235970e-03 2.539521316066384315e-03 1.655220752581954002e-03 3.180142864584922791e-02 2.229836396872997284e-02 3.717090468853712082e-03 1.318420562893152237e-02 2.617131359875202179e-02 1.498624868690967560e-02 1.504805032163858414e-02 1.153646316379308701e-02 1.672267913818359375e-02 1.840758696198463440e-02 1.136703416705131531e-02 2.590814791619777679e-02 7.527573965489864349e-03 1.367840915918350220e-02 5.656739696860313416e-03 3.971864935010671616e-03 1.628650538623332977e-02 1.514284219592809677e-02 1.512503530830144882e-02 2.409930340945720673e-02 3.845266625285148621e-02 1.182843372225761414e-02 3.281792253255844116e-02 2.371671050786972046e-02 1.006359979510307312e-02 1.071650651283562183e-03 2.027397230267524719e-02 1.383424736559391022e-03 4.691540822386741638e-02 1.160075701773166656e-02 5.842371843755245209e-03 9.862451814115047455e-03 1.953586703166365623e-03 9.588981978595256805e-03 2.470007352530956268e-02 7.761067710816860199e-03 7.479386869817972183e-03 1.373846549540758133e-03 7.924627512693405151e-03 7.211029995232820511e-03 4.083602689206600189e-03 1.274941861629486084e-02 1.935036852955818176e-02 8.670669049024581909e-03 3.012160537764430046e-03 3.701474051922559738e-03 2.523931907489895821e-03 6.829654739703983068e-05 3.812442300841212273e-03 5.520960316061973572e-03 1.320844423025846481e-02 1.436024997383356094e-02 5.197288934141397476e-03 1.003641053102910519e-03 2.290039090439677238e-03 2.192014828324317932e-02 3.166789421811699867e-03 7.921330630779266357e-03 2.041249535977840424e-02 2.064929343760013580e-02 9.084303863346576691e-03 1.778703927993774414e-02 3.558751568198204041e-02 1.515079569071531296e-02
1.464764215052127838e-02 1.635327935218811035e-02 2.923231804743409157e-03 8.528400063514709473e-01 4.615917056798934937e-02 8.030577562749385834e-03 1.346645224839448929e-02 2.037899009883403778e-02 1.103077549487352371e-02 1.210690848529338837e-02 8.912961930036544800e-03 2.167705679312348366e-03 9.308958426117897034e-03 1.308605447411537170e-02 5.841323640197515488e-03 3.210608288645744324e-02 3.053764440119266510e-02 1.410048548132181168e-02 1.850129850208759308e-02 1.922586187720298767e-02 1.355649624019861221e-02 1.213821116834878922e-02 2.035433612763881683e-02 2.273135073482990265e-02 1.001871470361948013e-02 5.142567679286003113e-03 1.989420270547270775e-03 1.066521872417069972e-04 3.832756192423403263e-04 1.628211350180208683e-03 5.009947810322046280e-03 2.064240165054798126e-02 2.148104645311832428e-02 3.059703111648559570e-02 1.488851197063922882e-02 3.098221728578209877e-03 7.915358990430831909e-03 9.863195009529590607e-03 6.145648658275604248e-02 4.198285937309265137e-02 7.611448410898447037e-03 1.135904435068368912e-02 5.506180226802825928e-03 1.768561778590083122e-03 5.685316864401102066e-03 1.206289511173963547e-02 4.147956147789955139e-03 1.084115915000438690e-02 3.420247521717101336e-04 2.022631466388702393e-02 9.026505984365940094e-03 7.362220901995897293e-03 1.017649564892053604e-02 2.222845330834388733e-02 3.263886552304029465e-03 2.672755345702171326e-02 7.580294273793697357e-03 1.544236298650503159e-02 1.999354735016822815e-02 9.935831651091575623e-03 1.874561794102191925e-02 1.669514179229736328e-02 1.799265271984040737e-03 7.703551091253757477e-03 7.929226383566856384e-03 7.741240784525871277e-03 7.515517529100179672e-03 1.041453238576650620e-02 3.190492512658238411e-03 2.583706984296441078e-03 1.596573274582624435e-03 1.376306079328060150e-02 3.236875310540199280e-02 1.905259094201028347e-03 2.759217470884323120e-02 1.079934369772672653e-02 2.088896371424198151e-02 9.028466418385505676e-03 2.339811995625495911e-03 1.211876701563596725e-02 1.425369083881378174e-02 1.497692335397005081e-02 2.223135903477668762e-02 3.093500435352325439e-02 4.775950219482183456e-03 1.266321167349815369e-02 1.088066399097442627e-02 2.512553241103887558e-03 2.787219546735286713e-02 5.486398586072027683e-04 4.621732514351606369e-03 1.495624519884586334e-02 1.533189788460731506e-02 1.208626665174961090e-03 3.593264892697334290e-02 4.012100398540496826e-02 4.314876161515712738e-03 1.397473830729722977e-02 5.538368597626686096e-03 9.584935382008552551e-03 2.014311216771602631e-02 8.828965947031974792e-03 1.280584000051021576e-02 5.386598873883485794e-03 1.650194451212882996e-02 1.039561815559864044e-03 1.848793588578701019e-02 1.011457570712082088e-04 8.824572898447513580e-03 1.481087133288383484e-02 1.020376197993755341e-02 3.956080880016088486e-03 2.135021146386861801e-03 5.193558987230062485e-03 1.515994872897863388e-02 4.600657150149345398e-03
4.167419392615556717e-04 3.533059032633900642e-03 1.680594170466065407e-03 4.615917056798934937e-02 8.528400063514709473e-01 9.520719759166240692e-03 9.566975757479667664e-03 3.976150881499052048e-03 4.887716379016637802e-03 1.499720476567745209e-02 6.852730177342891693e-03 3.934654872864484787e-03 1.460430957376956940e-02 1.025994401425123215e-02 2.547770563978701830e-04 1.419961173087358475e-02 1.351231895387172699e-02 2.955337986350059509e-02 3.982849791646003723e-02 2.498721145093441010e-02 2.060141041874885559e-02 1.950356364250183105e-02 2.004401013255119324e-02 1.847701705992221832e-02 1.946544460952281952e-02 1.543782185763120651e-02 1.771183498203754425e-02 2.178782783448696136e-02 1.051042973995208740e-02 2.149878256022930145e-02 1.602512039244174957e-02 2.092532441020011902e-02 7.797559723258018494e-03 3.045951761305332184e-02 1.722518168389797211e-02 2.216964773833751678e-02 2.141223661601543427e-02 2.079400978982448578e-02 4.238851740956306458e-02 5.353059992194175720e-02 4.408488981425762177e-03 1.147077605128288269e-02 1.935304515063762665e-02 1.344256754964590073e-02 1.572545059025287628e-02 2.053409442305564880e-02 4.389015521155670285e-05 6.423741579055786133e-03 5.840425845235586166e-03 2.433080784976482391e-02 3.573117312043905258e-03 2.602556254714727402e-03 1.334722246974706650e-02 1.609178818762302399e-02 2.738247392699122429e-03 1.966197788715362549e-02 1.854184898547828197e-03 1.783764362335205078e-02 9.283452294766902924e-03 1.140384119935333729e-03 7.293532602488994598e-03 1.668665930628776550e-02 1.492310594767332077e-02 9.511960670351982117e-04 3.266470972448587418e-03 1.679536327719688416e-02 1.914750970900058746e-02 1.603439077734947205e-02 9.330415166914463043e-03 2.208903897553682327e-04 3.534547053277492523e-03 3.915004897862672806e-03 1.881114393472671509e-02 6.602949579246342182e-04 1.821898669004440308e-02 9.404485113918781281e-03 2.309126034379005432e-02 3.447099355980753899e-03 3.326890524476766586e-03 1.648123748600482941e-02 2.045370871201157570e-03 9.791769087314605713e-03 2.173517085611820221e-02 4.653912410140037537e-02 1.691330410540103912e-02 1.816370710730552673e-02 4.734690766781568527e-03 6.228540558367967606e-03 1.919152401387691498e-02 1.771806710166856647e-04 1.467702072113752365e-02 1.484055165201425552e-02 1.205370388925075531e-02 1.502969581633806229e-02 2.542703039944171906e-02 3.255349397659301758e-02 6.365389563143253326e-04 9.251847863197326660e-03 1.961130835115909576e-02 1.498053316026926041e-02 3.175292164087295532e-02 3.882407769560813904e-02 8.431805297732353210e-03 7.960899733006954193e-03 1.929364912211894989e-02 1.507537346333265305e-02 3.282150626182556152e-02 2.496701432392001152e-03 2.466535754501819611e-02 1.544192899018526077e-02 1.212232280522584915e-02 1.037292182445526123e-02 1.759839989244937897e-02 1.995033025741577148e-02 2.021658606827259064e-02 1.310257427394390106e-02
4.686446487903594971e-02 4.499919340014457703e-02 2.406908199191093445e-02 8.030577562749385834e-03 9.520719759166240692e-03 8.528400063514709473e-01 6.085124984383583069e-02 1.823760010302066803e-02 5.487342830747365952e-03 1.261367276310920715e-02 3.574616461992263794e-02 3.292977064847946167e-02 3.844799101352691650e-02 2.174624428153038025e-02 2.579401060938835144e-02 1.542456727474927902e-02 1.484661642462015152e-02 1.122476160526275635e-02 1.910736667923629284e-03 3.970589488744735718e-03 1.537671405822038651e-02 3.123499825596809387e-02 1.594937779009342194e-02 1.766401715576648712e-02 2.265788614749908447e-02 2.831732109189033508e-02 2.251046709716320038e-02 3.089577332139015198e-02 3.496474772691726685e-02 2.156621217727661133e-02 3.066590987145900726e-02 7.805232889950275421e-03 1.490741968154907227e-02 6.635997910052537918e-03 1.985246501863002777e-02 1.428338047116994858e-02 1.938386261463165283e-02 1.808118261396884918e-02 5.715357838198542595e-04 5.527531611733138561e-04 9.719140827655792236e-03 3.903354518115520477e-03 7.127106189727783203e-03 1.117236446589231491e-02 1.380294933915138245e-02 1.175428833812475204e-02 6.039764359593391418e-02 4.551570490002632141e-02 4.790754523128271103e-03 2.118310425430536270e-03 1.642277278006076813e-02 1.675855368375778198e-02 1.605589501559734344e-02 1.345586217939853668e-02 2.529375022277235985e-03 3.279740922152996063e-03 2.152291871607303619e-02 1.867513917386531830e-02 7.256862241774797440e-03 2.831322839483618736e-03 7.635097135789692402e-04 9.069674648344516754e-03 5.095181521028280258e-03 1.505522150546312332e-02 1.327289175242185593e-02 1.825949735939502716e-02 1.444678939878940582e-02 1.654821448028087616e-02 6.239112466573715210e-03 2.454303577542304993e-02 1.738972775638103485e-02 1.757336035370826721e-02 3.243006765842437744e-03 2.342059276998043060e-02 1.223901938647031784e-02 2.350858412683010101e-02 1.003393810242414474e-02 1.499132998287677765e-02 1.477384008467197418e-02 5.102042108774185181e-03 1.790083572268486023e-02 2.434751018881797791e-02 7.624373771250247955e-03 4.704876628238707781e-04 9.201942943036556244e-03 6.191383115947246552e-03 2.349865995347499847e-02 2.554941177368164062e-02 1.295226439833641052e-02 1.434442307800054550e-02 2.715628035366535187e-02 2.068501897156238556e-02 2.980105765163898468e-02 2.334175445139408112e-02 4.426664207130670547e-03 2.198566216975450516e-03 2.158404514193534851e-02 1.698002964258193970e-02 1.248649228364229202e-02 1.447295770049095154e-02 3.140796907246112823e-03 5.208384245634078979e-03 1.909715868532657623e-02 1.218463759869337082e-02 3.567692358046770096e-03 9.646076359786093235e-04 2.683500992134213448e-03 1.383159868419170380e-02 9.110013954341411591e-03 7.572690956294536591e-03 1.961653493344783783e-02 6.350348703563213348e-03 4.749788437038660049e-03 5.646018311381340027e-03 1.496206689625978470e-02 7.937305606901645660e-03
2.770378626883029938e-02 3.474269807338714600e-02 1.394469663500785828e-02 1.346645224839448929e-02 9.566975757479667664e-03 6.085124984383583069e-02 8.528400063514709473e-01 1.486915443092584610e-02 9.923884645104408264e-03 2.562057040631771088e-02 2.880778163671493530e-02 3.490459918975830078e-02 3.649125993251800537e-02 3.626667708158493042e-02 1.361080817878246307e-02 2.360820397734642029e-02 2.148953080177307129e-02 5.081433337181806564e-03 2.942908555269241333e-03 1.955092139542102814e-02 3.000645898282527924e-02 2.639130502939224243e-02 3.166960552334785461e-02 3.414211422204971313e-02 3.410991281270980835e-02 3.370449692010879517e-02 1.504048053175210953e-02 1.142630539834499359e-02 3.363126888871192932e-02 7.608560845255851746e-03 3.504670038819313049e-02 2.104784734547138214e-02 1.431935094296932220e-02 2.246701717376708984e-02 2.325239405035972595e-02 2.210951782763004303e-02 2.632087469100952148e-02 1.945495977997779846e-02 6.476687733083963394e-03 6.242061965167522430e-03 2.996077062562108040e-03 7.918460294604301453e-03 1.973292045295238495e-02 2.190141705796122551e-03 1.246807281859219074e-03 6.929428782314062119e-03 5.610512942075729370e-02 5.297282338142395020e-02 1.171832811087369919e-02 1.212090998888015747e-02 2.109627611935138702e-02 2.639586292207241058e-02 7.554377429187297821e-03 1.383494492620229721e-02 4.411258269101381302e-03 1.197429466992616653e-02 1.378461346030235291e-02 2.525187470018863678e-02 9.849900379776954651e-04 6.469977553933858871e-03 1.120578218251466751e-02 1.760910148732364178e-03 4.886026959866285324e-03 8.728497661650180817e-03 9.865758940577507019e-03 2.565069310367107391e-02 2.820713631808757782e-02 3.003543615341186523e-02 1.916571985930204391e-03 1.507273688912391663e-02 8.010731078684329987e-03 6.397485733032226562e-03 1.353069674223661423e-04 1.140840817242860794e-02 1.276904251426458359e-02 6.132714916020631790e-03 4.134779330343008041e-03 1.766014844179153442e-02 1.148895081132650375e-02 1.445507910102605820e-02 1.710421405732631683e-02 2.104283683001995087e-02 9.397541172802448273e-03 1.315705757588148117e-02 7.357390597462654114e-03 1.355218980461359024e-02 1.328096725046634674e-02 2.837466076016426086e-02 3.817058401182293892e-03 9.897684678435325623e-03 3.802629932761192322e-02 2.027985081076622009e-02 4.030813649296760559e-02 2.331339567899703979e-02 3.299612551927566528e-03 1.071258913725614548e-02 2.212809212505817413e-02 1.000806037336587906e-02 2.317590825259685516e-02 2.427459880709648132e-02 2.066991850733757019e-02 2.090128511190414429e-02 1.772953011095523834e-02 1.313589699566364288e-02 5.476312246173620224e-03 1.555357361212372780e-03 2.162162587046623230e-02 2.678502351045608521e-03 2.094645239412784576e-02 8.498450741171836853e-03 1.091072894632816315e-02 2.884021028876304626e-03 2.169269137084484100e-02 1.082829385995864868e-02 1.033428497612476349e-02 4.344141634646803141e-04
2.484153024852275848e-02 2.100987359881401062e-02 5.375695228576660156e-02 2.037899009883403778e-02 3.976150881499052048e-03 1.823760010302066803e-02 1.486915443092584610e-02 8.528400063514709473e-01 6.651717238128185272e-03 1.075637433677911758e-02 2.253765612840652466e-02 7.417173124849796295e-03 2.853590995073318481e-02 1.265100575983524323e-02 3.072202391922473907e-02 1.123131136409938335e-03 8.438766235485672951e-04 9.237060323357582092e-03 5.557403434067964554e-03 9.574095718562602997e-03 1.424793805927038193e-02 1.727700792253017426e-02 4.907908849418163300e-03 1.235486008226871490e-03 2.638090774416923523e-02 1.866403035819530487e-02 2.397911250591278076e-02 2.136593125760555267e-02 2.462426200509071350e-02 1.977945119142532349e-02 1.919451169669628143e-02 1.372708659619092941e-02 5.245517473667860031e-03 7.178126834332942963e-03 1.149154268205165863e-02 7.360711228102445602e-03 4.831477068364620209e-03 1.366241741925477982e-02 8.026382885873317719e-03 8.016959764063358307e-03 8.190312422811985016e-03 1.729859225451946259e-02 1.157258357852697372e-02 1.046964246779680252e-02 3.763294080272316933e-03 8.515849709510803223e-03 2.097206190228462219e-02 8.812343701720237732e-03 7.454416714608669281e-03 1.700524054467678070e-02 1.081461738795042038e-02 1.095350552350282669e-02 3.494088351726531982e-02 1.979525014758110046e-02 3.464227775111794472e-03 5.594320595264434814e-03 3.221948863938450813e-03 9.671927429735660553e-03 2.811769768595695496e-02 2.245985157787799835e-02 2.580342069268226624e-02 2.493140287697315216e-03 4.443622659891843796e-03 9.861863218247890472e-03 2.071787416934967041e-02 2.448776550590991974e-02 1.628472283482551575e-02 1.908082328736782074e-02 8.328272961080074310e-03 2.602622285485267639e-02 1.267260871827602386e-03 1.292525976896286011e-02 8.710418478585779667e-04 1.538111828267574310e-02 8.752165362238883972e-03 6.177769508212804794e-03 6.212294567376375198e-03 1.188977714627981186e-02 1.417598687112331390e-02 5.701991729438304901e-03 5.944959074258804321e-02 3.972553089261054993e-02 2.412793925032019615e-03 1.197623182088136673e-02 1.083018351346254349e-02 3.014721442013978958e-03 4.445228725671768188e-02 2.914516627788543701e-02 2.304760180413722992e-02 9.050875902175903320e-03 1.404321473091840744e-02 1.726067997515201569e-02 7.700030691921710968e-03 1.734192669391632080e-02 1.125320233404636383e-02 3.222840372473001480e-03 2.104725874960422516e-02 1.458371151238679886e-02 1.855664886534214020e-02 8.646259084343910217e-03 1.094941888004541397e-02 9.783615358173847198e-03 1.829679124057292938e-02 1.460357010364532471e-02 2.345728687942028046e-03 2.374797314405441284e-02 8.815719746053218842e-03 1.170043181627988815e-02 5.539922975003719330e-03 1.966113783419132233e-02 1.337401103228330612e-02 2.003235742449760437e-03 8.355160243809223175e-03 8.631185628473758698e-03 2.250373736023902893e-02 1.255867071449756622e-02
6.251025013625621796e-03 6.579461973160505295e-03 9.334890171885490417e-03 1.103077549487352371e-02 4.887716379016637802e-03 5.487342830747365952e-03 9.923884645104408264e-03 6.651717238128185272e-03 8.528400063514709473e-01 3.814912587404251099e-02 1.313030626624822617e-02 3.276179358363151550e-02 1.315220445394515991e-02 1.243745349347591400e-02 1.568639650940895081e-02 8.850222453474998474e-03 1.553271338343620300e-02 4.903253912925720215e-02 1.324923709034919739e-02 3.473726101219654083e-03 1.231844909489154816e-02 3.990648314356803894e-03 6.142588332295417786e-03 1.839487696997821331e-03 9.581272490322589874e-03 9.564942680299282074e-03 2.054646424949169159e-02 1.825104840099811554e-02 1.382245775312185287e-02 2.350661531090736389e-02 1.855126395821571350e-02 2.174722962081432343e-02 1.726576685905456543e-02 1.004484668374061584e-02 1.564926467835903168e-02 1.054265815764665604e-02 4.365956410765647888e-03 1.017505070194602013e-03 1.137400418519973755e-02 9.006595239043235779e-03 3.815580392256379128e-03 4.309945926070213318e-02 1.422863360494375229e-02 8.679945953190326691e-03 2.617800980806350708e-02 1.225972082465887070e-02 1.248478144407272339e-02 8.063537068665027618e-03 3.644738718867301941e-02 1.474422868341207504e-03 3.095860779285430908e-02 2.285674214363098145e-02 4.469367209821939468e-03 1.194689795374870300e-02 3.413934260606765747e-02 1.643080450594425201e-02 1.310986652970314026e-02 1.239180332049727440e-03 2.224228717386722565e-02 1.083156792446970940e-03 2.298360876739025116e-02 6.675367709249258041e-03 1.132877916097640991e-02 2.078667050227522850e-03 7.697254419326782227e-03 8.874671533703804016e-03 1.387517061084508896e-02 7.487066090106964111e-03 1.255356054753065109e-02 6.837226450443267822e-03 2.966773696243762970e-03 2.866281196475028992e-02 1.957318559288978577e-02 9.129133541136980057e-04 1.062276214361190796e-02 2.141560800373554230e-02 7.110027968883514404e-02 3.964037075638771057e-02 4.774807393550872803e-02 4.342354834079742432e-03 1.550738699734210968e-02 1.249026157893240452e-03 4.595927149057388306e-02 1.773737929761409760e-02 2.208810113370418549e-02 6.120832171291112900e-03 5.571344401687383652e-03 2.471028827130794525e-03 3.318549692630767822e-02 7.569063920527696609e-03 9.632144123315811157e-03 5.719986744225025177e-03 7.952674292027950287e-03 1.226572226732969284e-02 1.092512067407369614e-02 6.488522049039602280e-03 1.151954010128974915e-02 2.852473780512809753e-02 3.450826555490493774e-02 2.075146511197090149e-02 7.334006950259208679e-03 1.529931649565696716e-02 9.542427957057952881e-03 2.608577720820903778e-02 4.029734525829553604e-03 5.410044454038143158e-03 7.447331678122282028e-03 1.604389213025569916e-02 3.976956941187381744e-03 1.807244867086410522e-02 6.318399100564420223e-04 1.285694073885679245e-03 1.927994377911090851e-02 1.914117671549320221e-02 1.357585098594427109e-02 9.987427853047847748e-03
1.046010013669729233e-02 1.350231468677520752e-02 1.040747016668319702e-02 1.210690848529338837e-02 1.499720476567745209e-02 1.261367276310920715e-02 2.562057040631771088e-02 1.075637433677911758e-02 3.814912587404251099e-02 8.528400063514709473e-01 1.722215488553047180e-02 1.714467816054821014e-02 1.816915161907672882e-02 3.677232936024665833e-02 5.356300622224807739e-03 1.634521613596007228e-04 1.468605548143386841e-02 3.509667515754699707e-02 4.384300857782363892e-02 9.215896949172019958e-03 1.872439496219158173e-02 9.407641366124153137e-03 1.420703437179327011e-02 2.485962212085723877e-02 1.565400883555412292e-02 2.209595590829849243e-02 1.522198505699634552e-02 1.735998503863811493e-02 2.010323107242584229e-02 7.982584647834300995e-03 2.314078062772750854e-02 7.040429394692182541e-03 6.431658286601305008e-03 1.923301257193088531e-02 1.485521905124187469e-02 8.158051408827304840e-03 1.971841976046562195e-02 2.052046544849872589e-02 1.293568639084696770e-03 2.833186881616711617e-03 1.135078351944684982e-02 1.654316112399101257e-02 2.054798975586891174e-02 4.517280496656894684e-03 1.660352339968085289e-03 1.419189851731061935e-02 1.524188742041587830e-02 1.661391183733940125e-02 5.744616501033306122e-03 3.085501119494438171e-02 2.149421907961368561e-02 2.104284241795539856e-02 1.462029904359951615e-04 9.489987045526504517e-03 1.878713630139827728e-02 1.980472356081008911e-02 6.017893902026116848e-04 2.973788417875766754e-02 1.218887604773044586e-02 1.330129802227020264e-02 8.234451524913311005e-03 2.944230102002620697e-02 3.219852922484278679e-03 7.288709282875061035e-03 5.592264700680971146e-03 9.063085541129112244e-03 9.694834239780902863e-03 1.093348022550344467e-02 6.510201841592788696e-03 3.080831095576286316e-02 2.457174472510814667e-02 1.034838333725929260e-02 5.810712464153766632e-03 3.202830255031585693e-02 1.098650135099887848e-02 6.393679417669773102e-03 8.046893402934074402e-03 5.339296534657478333e-02 4.083318635821342468e-03 5.883505940437316895e-02 1.229262817651033401e-02 1.293128542602062225e-02 4.884428158402442932e-02 5.390780046582221985e-02 5.794674623757600784e-03 3.122508898377418518e-02 5.175412166863679886e-03 1.138638332486152649e-02 2.515881555154919624e-03 4.124280065298080444e-02 1.414440106600522995e-02 1.249594707041978836e-02 1.705636270344257355e-02 1.273074652999639511e-02 6.515483371913433075e-03 2.584443241357803345e-02 2.708132937550544739e-02 1.951950415968894958e-02 2.080240473151206970e-02 1.694820076227188110e-02 1.374996639788150787e-02 1.574917696416378021e-02 1.883374340832233429e-02 1.666699349880218506e-02 7.800573948770761490e-03 1.965186384040862322e-04 2.340428531169891357e-02 5.358852911740541458e-03 1.859572157263755798e-02 1.818009465932846069e-02 1.689252071082592010e-02 1.014632405713200569e-03 1.345250103622674942e-02 6.372415460646152496e-03 2.259081462398171425e-03 3.843613667413592339e-03
4.775851592421531677e-02 4.536347091197967529e-02 2.377159520983695984e-02 8.912961930036544800e-03 6.852730177342891693e-03 3.574616461992263794e-02 2.880778163671493530e-02 2.253765612840652466e-02 1.313030626624822617e-02 1.722215488553047180e-02 8.528400063514709473e-01 8.601007983088493347e-03 4.913778603076934814e-02 5.824701394885778427e-03 4.532146081328392029e-02 1.429893262684345245e-02 8.124518208205699921e-03 1.092864666134119034e-03 2.538250526413321495e-03 7.295008283108472824e-03 1.934182830154895782e-02 3.932537883520126343e-02 1.074690278619527817e-02 1.117634307593107224e-02 2.279523946344852448e-02 2.564649656414985657e-02 3.010746836662292480e-02 3.948489204049110413e-03 3.635162115097045898e-02 3.222529077902436256e-03 3.250111639499664307e-02 1.766784116625785828e-02 2.597612887620925903e-02 2.176485210657119751e-02 2.220622077584266663e-02 2.677719853818416595e-02 2.988177910447120667e-02 2.231105230748653412e-02 7.217678241431713104e-03 1.649136841297149658e-02 2.232682332396507263e-02 4.403532948344945908e-03 1.528028398752212524e-02 3.919195756316184998e-02 2.480000723153352737e-03 2.298356499522924423e-03 3.244520351290702820e-02 3.035004995763301849e-02 1.186646614223718643e-02 7.128958590328693390e-03 2.732753008604049683e-02 2.666267007589340210e-02 2.855755016207695007e-02 2.805827558040618896e-02 8.200500160455703735e-03 1.265724841505289078e-02 1.097997464239597321e-02 1.985316537320613861e-02 2.362194098532199860e-02 2.291146852076053619e-02 8.570053614675998688e-03 7.992241531610488892e-03 1.626363839022815228e-03 3.228668123483657837e-03 2.848229371011257172e-02 2.644008025527000427e-02 1.274984329938888550e-02 1.499470230191946030e-02 1.911762519739568233e-03 2.761596255004405975e-02 3.624830627813935280e-03 2.261954359710216522e-02 1.458269264549016953e-02 2.021789737045764923e-02 1.989283971488475800e-02 1.383741199970245361e-02 6.962053943425416946e-03 1.594062894582748413e-02 1.320036826655268669e-03 3.898536320775747299e-03 2.456067688763141632e-02 2.248542010784149170e-02 1.324453670531511307e-02 1.811942458152770996e-02 6.222046911716461182e-03 4.037993028759956360e-03 4.659855365753173828e-02 3.326473012566566467e-02 9.351477026939392090e-03 3.982287831604480743e-03 2.557425387203693390e-02 3.813970461487770081e-02 2.370409667491912842e-02 2.950487099587917328e-02 8.996590971946716309e-03 4.387568216770887375e-03 2.129877731204032898e-02 2.045731619000434875e-02 2.420464158058166504e-02 2.517138607800006866e-02 1.308078970760107040e-02 1.287082582712173462e-02 2.189973555505275726e-02 1.619831286370754242e-02 1.973230950534343719e-02 9.552611969411373138e-03 1.431241910904645920e-02 1.303611602634191513e-02 1.720881462097167969e-02 1.229497138410806656e-02 2.835114859044551849e-02 1.860332116484642029e-02 9.939924813807010651e-03 8.314890787005424500e-03 2.554026991128921509e-02 1.628906093537807465e-02
2.173608355224132538e-02 2.365186251699924469e-02 4.835369065403938293e-03 2.167705679312348366e-03 3.934654872864484787e-03 3.292977064847946167e-02 3.490459918975830078e-02 7.417173124849796295e-03 3.276179358363151550e-02 1.714467816054821014e-02 8.601007983088493347e-03 8.528400063514709473e-01 1.411627046763896942e-02 7.015088945627212524e-02 2.802265807986259460e-03 8.457272313535213470e-03 1.530165132135152817e-02 2.158731408417224884e-02 4.262595903128385544e-03 7.919623516499996185e-03 1.004808675497770309e-02 1.121600810438394547e-02 3.650420159101486206e-02 2.935112640261650085e-02 2.501668641343712807e-03 1.550586801022291183e-02 1.873118244111537933e-02 3.117833286523818970e-02 2.043468877673149109e-02 2.541681006550788879e-02 3.158054500818252563e-02 2.756614470854401588e-03 3.986388910561800003e-03 1.881776610389351845e-03 9.847886860370635986e-03 2.236395142972469330e-02 1.414473075419664383e-02 2.602114109322428703e-04 7.323992904275655746e-03 7.700440008193254471e-03 2.980802906677126884e-03 2.070527523756027222e-02 8.113912772387266159e-04 5.350505933165550232e-03 3.866035491228103638e-02 2.996801026165485382e-02 3.402629867196083069e-02 2.851052954792976379e-02 8.197437637136317790e-06 1.783108338713645935e-02 1.888636872172355652e-02 2.419058047235012054e-02 1.050239894539117813e-02 6.425723433494567871e-03 2.573211386334151030e-04 2.625847607851028442e-02 2.371618710458278656e-02 2.916436828672885895e-02 9.385828161612153053e-04 5.364839453250169754e-03 4.646467976272106171e-03 1.597040565684437752e-03 1.306191645562648773e-02 1.027164608240127563e-02 1.508780103176832199e-02 1.966998539865016937e-02 6.192664615809917450e-03 6.693308823741972446e-04 1.296982355415821075e-02 1.329756993800401688e-02 1.218318939208984375e-02 2.518637850880622864e-02 1.017236523330211639e-02 1.220316998660564423e-02 1.711671426892280579e-02 2.423068694770336151e-02 3.898141533136367798e-02 3.495109826326370239e-02 2.814126200973987579e-02 5.624181125313043594e-03 1.452686265110969543e-02 1.944164186716079712e-02 4.481129348278045654e-03 1.042030006647109985e-02 9.127710945904254913e-03 9.810723364353179932e-03 4.050645045936107635e-03 1.012478675693273544e-02 4.394728317856788635e-02 3.301846608519554138e-02 3.261387348175048828e-02 9.987334720790386200e-03 3.300581499934196472e-02 1.494958065450191498e-02 4.541653033811599016e-04 8.303883485496044159e-03 1.020942348986864090e-02 9.579062461853027344e-03 7.606235798448324203e-03 1.007646787911653519e-02 5.052487831562757492e-03 1.152580324560403824e-02 1.169439777731895447e-02 8.817904628813266754e-03 1.596793346107006073e-02 1.964310742914676666e-02 6.750781089067459106e-03 1.409546472132205963e-02 4.067292902618646622e-03 2.091314271092414856e-02 1.787577569484710693e-02 1.375854667276144028e-02 1.513485983014106750e-02 1.686196215450763702e-02 1.170414872467517853e-02 1.892887614667415619e-02
3.932746127247810364e-02 3.964249417185783386e-02 2.247426658868789673e-02 9.308958426117897034e-03 1.460430957376956940e-02 3.844799101352691650e-02 3.649125993251800537e-02 2.853590995073318481e-02 1.315220445394515991e-02 1.816915161907672882e-02 4.913778603076934814e-02 1.411627046763896942e-02 8.528400063514709473e-01 1.458962541073560715e-02 4.327892512083053589e-02 7.796494290232658386e-03 2.056031255051493645e-03 6.975409574806690216e-03 4.613147117197513580e-03 1.274303440004587173e-02 1.984324306249618530e-02 4.470568150281906128e-02 1.625563949346542358e-02 1.646543852984905243e-02 2.885209769010543823e-02 2.507625892758369446e-02 3.708473592996597290e-02 5.354445311240851879e-04 3.708391636610031128e-02 1.266769395442679524e-04 4.150072857737541199e-02 1.672135666012763977e-02 1.837147213518619537e-02 1.843929290771484375e-02 2.476422674953937531e-02 2.310133911669254303e-02 2.414238825440406799e-02 2.711165137588977814e-02 2.089865971356630325e-03 1.627874374389648438e-02 1.526918821036815643e-02 1.070465613156557083e-02 1.846945844590663910e-02 2.336704730987548828e-02 4.894029814749956131e-03 3.314635017886757851e-03 3.750835731625556946e-02 3.726797923445701599e-02 1.264264900237321854e-02 2.952567767351865768e-03 2.630643919110298157e-02 2.314456738531589508e-02 2.651965245604515076e-02 2.263684570789337158e-02 2.250636694952845573e-03 1.058523543179035187e-03 1.278227940201759338e-02 2.288932725787162781e-02 2.108803205192089081e-02 1.711794361472129822e-02 4.009844735264778137e-03 1.561724813655018806e-03 6.955647841095924377e-03 2.442739438265562057e-03 3.343562409281730652e-02 3.649465367197990417e-02 1.973101496696472168e-02 1.879276521503925323e-02 3.441509790718555450e-03 2.803629450500011444e-02 1.582058961503207684e-03 2.289189212024211884e-02 8.855096995830535889e-03 2.169488370418548584e-02 1.906237006187438965e-02 1.305682770907878876e-02 9.177671745419502258e-03 1.751090772449970245e-02 3.845755243673920631e-03 5.853635957464575768e-04 2.287095785140991211e-02 2.380125969648361206e-02 1.332297362387180328e-02 2.312969043850898743e-02 1.092863455414772034e-02 2.917002188041806221e-03 4.186334460973739624e-02 4.013052582740783691e-02 3.917998168617486954e-03 5.129212047904729843e-03 3.032664023339748383e-02 4.020301625132560730e-02 3.234065324068069458e-02 3.493494912981987000e-02 4.785760305821895599e-03 7.971272803843021393e-03 2.338305674493312836e-02 1.750696823000907898e-02 2.409732528030872345e-02 1.930101960897445679e-02 1.123846601694822311e-02 1.568666286766529083e-02 2.632490359246730804e-02 1.788563840091228485e-02 1.138380728662014008e-02 1.618633791804313660e-02 1.271232869476079941e-02 1.379445753991603851e-02 1.459857076406478882e-02 2.138617448508739471e-02 2.530827745795249939e-02 1.639716327190399170e-02 1.466487813740968704e-02 1.397710386663675308e-02 2.441742829978466034e-02 1.928313076496124268e-02
