8.900790810585021973e-01 5.436300113797187805e-02 1.910248585045337677e-02 1.492885220795869827e-02 1.596342958509922028e-02 3.502012044191360474e-02 3.182151913642883301e-02 5.892818793654441833e-03 2.290194667875766754e-02 2.303549833595752716e-02 3.671291470527648926e-02 2.273395285010337830e-02 3.277935832738876343e-02 2.216920070350170135e-02 1.864038594067096710e-02 1.969888992607593536e-02 2.064527757465839386e-02 1.868063211441040039e-02 2.682820893824100494e-02 2.270132116973400116e-02 1.675028167665004730e-02 1.284917723387479782e-02 2.011068724095821381e-02 2.181276120245456696e-02 2.012090012431144714e-02 2.052040211856365204e-02 1.494615431874990463e-02 2.795724943280220032e-02 1.724154315888881683e-02 2.239990420639514923e-02 2.170982770621776581e-02 1.369031053036451340e-02 1.080640032887458801e-02 1.431860309094190598e-02 1.158561278134584427e-02 1.311535853892564774e-02 1.011703815311193466e-02 1.370353158563375473e-02 9.881214238703250885e-03 2.485526725649833679e-03 1.649249345064163208e-02 1.482715178281068802e-02 1.093749143183231354e-02 1.655337400734424591e-02 1.685789413750171661e-02 1.244818698614835739e-02 2.800899185240268707e-02 3.179002925753593445e-02 9.930254891514778137e-03 9.868102148175239563e-03 2.252016589045524597e-02 2.508589439094066620e-02 1.135851349681615829e-02 1.547900587320327759e-02 3.261461970396339893e-04 1.186486799269914627e-02 1.751751825213432312e-02 1.823892258107662201e-02 1.007161475718021393e-02 1.481011975556612015e-02 1.183426100760698318e-02 1.144945807754993439e-02 1.131524611264467239e-02 9.512310847640037537e-03 1.133236661553382874e-02 1.807811483740806580e-02 2.564482018351554871e-02 1.638030074536800385e-02 1.340951863676309586e-02 5.331602413207292557e-03 1.630092784762382507e-02 5.990669596940279007e-04 1.846347190439701080e-02 1.071214210242033005e-02 1.860834471881389618e-02 4.937976598739624023e-03 2.217393927276134491e-02 2.219125628471374512e-02 2.389709651470184326e-02 2.134208567440509796e-02 1.556145772337913513e-02 1.943255960941314697e-02 1.786671392619609833e-02 2.128206007182598114e-02 2.154677920043468475e-02 2.080627903342247009e-02 1.351802609860897064e-02 2.071061171591281891e-02 2.017248608171939850e-02 2.605981379747390747e-02 3.132785856723785400e-02 5.704892333596944809e-03 2.970160171389579773e-02 1.296584866940975189e-02 3.927392885088920593e-03 1.978611201047897339e-02 9.475422091782093048e-03 1.392800826579332352e-03 1.616455242037773132e-02 1.791452243924140930e-02 1.997122541069984436e-02 1.792244613170623779e-02 3.963016439229249954e-03 1.248809788376092911e-02 1.048454642295837402e-02 7.867393083870410919e-03 2.274039760231971741e-02 1.102789491415023804e-02 1.678781770169734955e-02 1.046795770525932312e-02 1.028639357537031174e-02 1.309989020228385925e-02 2.139674499630928040e-02 7.513023447245359421e-03 3.471254836767911911e-03 4.849003162235021591e-03
5.436300113797187805e-02 8.900790810585021973e-01 1.865654252469539642e-02 6.953719072043895721e-03 1.153202727437019348e-02 3.175941482186317444e-02 4.114044457674026489e-02 3.776106052100658417e-03 1.648257486522197723e-02 1.492636743932962418e-02 3.606078773736953735e-02 2.015262097120285034e-02 4.087559133768081665e-02 2.607752569019794464e-02 9.217496961355209351e-03 1.080413814634084702e-02 7.552384864538908005e-03 2.646960876882076263e-02 2.213739603757858276e-02 2.097645960748195648e-02 1.736929453909397125e-02 4.451428540050983429e-03 1.578099653124809265e-02 1.913793571293354034e-02 1.402061246335506439e-02 1.740975491702556610e-02 9.464397095143795013e-03 1.311161462217569351e-02 2.026169328019022942e-03 9.528106078505516052e-03 2.117201685905456543e-02 1.353363972157239914e-02 9.982211515307426453e-03 1.432502456009387970e-02 6.545629352331161499e-03 1.180547103285789490e-02 8.724335581064224243e-03 2.794031985104084015e-03 7.432491052895784378e-03 5.604052916169166565e-03 1.112605631351470947e-02 1.405610889196395874e-02 9.507880546152591705e-03 1.248119864612817764e-02 2.338374964892864227e-02 1.234516501426696777e-02 2.505303360521793365e-02 4.089283943176269531e-02 8.797038346529006958e-03 3.692007856443524361e-03 1.629261113703250885e-02 2.744851261377334595e-02 2.856663428246974945e-03 1.183755230158567429e-02 8.095294237136840820e-03 5.239035002887248993e-03 2.488261461257934570e-02 1.773905754089355469e-02 2.824719762429594994e-03 1.037948857992887497e-02 1.817909255623817444e-02 1.311714574694633484e-02 8.470316417515277863e-03 4.127939231693744659e-03 5.617565475404262543e-03 2.207989245653152466e-02 2.029441669583320618e-02 1.306323613971471786e-02 3.965359646826982498e-03 1.116920914500951767e-02 2.645818516612052917e-03 3.396745305508375168e-03 5.826779175549745560e-03 2.976498100906610489e-03 4.225070588290691376e-03 1.555881835520267487e-02 1.223982311785221100e-02 1.369669940322637558e-02 2.907644398510456085e-02 2.150090225040912628e-02 1.256866287440061569e-02 1.690501533448696136e-02 2.991904271766543388e-03 4.446091130375862122e-03 2.420495636761188507e-02 2.314529195427894592e-02 8.594664745032787323e-03 1.783357933163642883e-02 2.256452105939388275e-02 2.294198796153068542e-02 2.926860190927982330e-02 9.423674782738089561e-04 3.475166112184524536e-02 7.468682248145341873e-03 5.314856767654418945e-03 1.399652380496263504e-02 1.927866367623209953e-03 1.159426383674144745e-02 1.015911903232336044e-02 1.466911844909191132e-02 1.548010203987360001e-02 1.234949007630348206e-02 5.447304341942071915e-03 6.391517817974090576e-03 6.920818705111742020e-03 3.972499165683984756e-03 2.583303861320018768e-02 6.376731675118207932e-03 1.480908039957284927e-02 8.654551580548286438e-03 4.211809486150741577e-03 8.472439832985401154e-03 2.181062661111354828e-02 3.548298031091690063e-03 1.061429176479578018e-02 7.336663082242012024e-03
1.910248585045337677e-02 1.865654252469539642e-02 8.900790810585021973e-01 5.754187237471342087e-03 4.730918444693088531e-03 9.777389466762542725e-03 7.177195511758327484e-03 5.004237964749336243e-02 8.742505684494972229e-03 9.890571236610412598e-04 2.503053285181522369e-02 5.090249236673116684e-03 3.051238693296909332e-02 6.160998251289129257e-03 4.196561500430107117e-02 5.032208282500505447e-03 9.149689227342605591e-03 5.573241505771875381e-03 1.914820820093154907e-02 1.297259051352739334e-02 1.205004937946796417e-02 2.998845465481281281e-02 2.597890561446547508e-03 1.051350263878703117e-03 1.484724693000316620e-02 1.211198605597019196e-02 2.531474642455577850e-02 9.916570037603378296e-03 1.160455029457807541e-02 1.205969322472810745e-02 1.263656280934810638e-02 1.472101453691720963e-02 1.944819837808609009e-02 1.520063076168298721e-02 2.003073506057262421e-02 2.121091820299625397e-02 7.846985943615436554e-03 2.852520346641540527e-02 1.606611534953117371e-02 2.220445498824119568e-02 2.753238938748836517e-02 1.362352748401463032e-03 7.673538493691012263e-05 2.953800000250339508e-02 6.442392710596323013e-03 3.486840054392814636e-03 4.120150581002235413e-03 9.313005954027175903e-03 7.269815541803836823e-03 8.450814522802829742e-03 8.622838184237480164e-03 4.816493485122919083e-03 2.050886116921901703e-02 2.397515438497066498e-02 2.238683868199586868e-03 4.069637041538953781e-03 1.362081337720155716e-02 1.528321951627731323e-02 2.265514992177486420e-02 2.235029079020023346e-02 1.517069805413484573e-02 1.146253757178783417e-02 2.088518068194389343e-02 2.245543524622917175e-02 2.940485253930091858e-02 2.892764098942279816e-02 1.302401907742023468e-02 9.113876149058341980e-03 1.325343269854784012e-03 1.387462578713893890e-02 5.772992037236690521e-03 2.037237584590911865e-02 9.397100657224655151e-03 1.883407309651374817e-02 1.240529026836156845e-02 1.755687780678272247e-02 8.751808665692806244e-03 3.667135024443268776e-03 9.083652868866920471e-03 1.250946521759033203e-02 5.282166600227355957e-02 4.532586783170700073e-02 2.552188234403729439e-03 9.878235869109630585e-03 7.643662393093109131e-03 1.425710227340459824e-02 4.301289096474647522e-02 4.161805287003517151e-02 1.049070712178945541e-02 2.016893215477466583e-02 1.010542828589677811e-02 2.569293417036533356e-02 1.071148272603750229e-02 2.894218824803829193e-02 1.173471380025148392e-02 1.386313326656818390e-02 2.163809910416603088e-02 1.967204175889492035e-02 4.695283714681863785e-03 5.138409323990345001e-03 6.241747643798589706e-03 1.158863212913274765e-02 2.553634159266948700e-02 2.782236970961093903e-02 1.404301263391971588e-02 2.103859372437000275e-02 1.111396681517362595e-02 1.953015103936195374e-02 5.923962686210870743e-03 2.124097198247909546e-02 2.828237973153591156e-02 2.206877805292606354e-02 8.288941346108913422e-03 4.394271411001682281e-03 1.110852230340242386e-02 1.700643636286258698e-02
1.492885220795869827e-02 6.953719072043895721e-03 5.754187237471342087e-03 8.900790810585021973e-01 6.474497169256210327e-02 2.750555425882339478e-02 2.211313508450984955e-02 1.302906405180692673e-02 2.839452959597110748e-02 2.342496253550052643e-02 6.198057904839515686e-03 2.979908883571624756e-02 3.904687939211726189e-03 2.100819721817970276e-02 4.883227404206991196e-03 3.234054893255233765e-02 3.220805525779724121e-02 3.342810645699501038e-02 2.475328743457794189e-02 3.904149401932954788e-03 1.481496542692184448e-02 7.286096457391977310e-03 2.026008069515228271e-02 1.644261553883552551e-02 5.453899968415498734e-03 6.786260288208723068e-03 6.713645067065954208e-03 2.544853603467345238e-03 7.051345426589250565e-03 4.105980973690748215e-03 8.253308013081550598e-03 5.374500527977943420e-03 1.080035418272018433e-02 7.186121772974729538e-03 7.387157995253801346e-03 1.091239135712385178e-02 1.082021370530128479e-02 2.953288611024618149e-03 3.377675637602806091e-02 3.425966575741767883e-02 3.494600299745798111e-03 2.231432497501373291e-02 1.128830853849649429e-02 8.015806670300662518e-04 2.803699485957622528e-02 2.213810011744499207e-02 2.923656813800334930e-02 1.364377234131097794e-02 2.016454003751277924e-02 1.941224560141563416e-02 2.265523374080657959e-02 1.545863598585128784e-02 1.151323434896767139e-03 5.170242395251989365e-03 1.629486866295337677e-02 2.211977355182170868e-02 1.656385138630867004e-02 1.791751943528652191e-02 7.090878672897815704e-03 4.690768197178840637e-03 2.051257155835628510e-02 1.249525789171457291e-02 8.615637198090553284e-03 9.825902059674263000e-03 4.319486208260059357e-03 8.778983727097511292e-03 8.732965216040611267e-04 5.314367357641458511e-03 3.364397585391998291e-02 1.932251267135143280e-02 3.524841368198394775e-02 1.157912425696849823e-02 5.946497246623039246e-02 1.053473539650440216e-02 5.656552687287330627e-02 5.444965790957212448e-03 2.841513976454734802e-02 2.520469948649406433e-02 1.832789927721023560e-02 1.407763920724391937e-02 4.959626588970422745e-03 1.749226707033813000e-03 5.642599239945411682e-02 4.937741160392761230e-02 1.597257331013679504e-02 1.725578494369983673e-02 7.898214273154735565e-03 3.845818573608994484e-03 2.414723299443721771e-02 1.440536510199308395e-02 2.006598003208637238e-02 1.288582570850849152e-02 2.164265885949134827e-02 6.697645410895347595e-03 1.792020536959171295e-02 2.342746034264564514e-02 1.475447695702314377e-02 2.311380114406347275e-03 1.742152124643325806e-02 1.519722398370504379e-02 2.965940395370125771e-03 1.705187722109258175e-03 1.571644283831119537e-02 5.629340885207056999e-04 7.405293174088001251e-03 1.656678738072514534e-03 3.899938659742474556e-03 8.452744223177433014e-03 4.307060968130826950e-03 1.041787117719650269e-02 3.042968455702066422e-03 1.904891541926190257e-04 1.387617830187082291e-02 7.930753752589225769e-03 2.226701751351356506e-02 4.558054264634847641e-03
1.596342958509922028e-02 1.153202727437019348e-02 4.730918444693088531e-03 6.474497169256210327e-02 8.900790810585021973e-01 2.649048157036304474e-02 2.111135609447956085e-02 1.015643868595361710e-02 2.444945648312568665e-02 2.535467408597469330e-02 7.650467101484537125e-03 3.091682866215705872e-02 4.293332807719707489e-03 2.351642958819866180e-02 5.730159580707550049e-03 3.010784834623336792e-02 3.170515969395637512e-02 3.585488349199295044e-02 3.057876974344253540e-02 3.546894295141100883e-04 1.393176149576902390e-02 8.507049642503261566e-04 2.007979899644851685e-02 1.746332645416259766e-02 8.132655173540115356e-03 1.292725559324026108e-02 4.280214197933673859e-03 1.613220549188554287e-03 1.109664328396320343e-02 3.538096323609352112e-03 9.434479288756847382e-03 6.588720716536045074e-03 1.105250790715217590e-02 8.694446645677089691e-03 1.021155249327421188e-02 9.613546542823314667e-03 1.184050645679235458e-02 6.859085522592067719e-03 3.999762982130050659e-02 4.399483278393745422e-02 2.979952143505215645e-03 2.239691093564033508e-02 7.347249425947666168e-03 8.730611298233270645e-04 3.216492384672164917e-02 2.714336663484573364e-02 2.428467385470867157e-02 1.230530999600887299e-02 1.517621427774429321e-02 1.700805872678756714e-02 2.312121912837028503e-02 1.529199536889791489e-02 6.206517573446035385e-04 4.176210612058639526e-03 6.923842709511518478e-03 2.014132216572761536e-02 2.014774270355701447e-02 2.161903120577335358e-02 4.301133565604686737e-03 5.462123081088066101e-03 1.689594984054565430e-02 1.615663431584835052e-02 8.810378611087799072e-03 1.158903446048498154e-02 4.825730808079242706e-03 5.881635937839746475e-03 4.271515645086765289e-03 4.540915135294198990e-03 2.880853042006492615e-02 1.819222979247570038e-02 3.360689058899879456e-02 1.388087775558233261e-02 5.378470569849014282e-02 1.226821448653936386e-02 5.608466640114784241e-02 1.108387298882007599e-02 2.352735772728919983e-02 2.554786764085292816e-02 2.265554852783679962e-02 2.003709599375724792e-02 4.958729725331068039e-03 1.950428355485200882e-03 5.186066403985023499e-02 5.096519738435745239e-02 1.758239977061748505e-02 1.733318902552127838e-02 5.692561622709035873e-03 6.511330138891935349e-04 2.396262809634208679e-02 1.839220151305198669e-02 1.699313893914222717e-02 9.833169169723987579e-03 1.873066090047359467e-02 4.747806582599878311e-03 1.797292381525039673e-02 2.682626806199550629e-02 1.544082630425691605e-02 4.736069589853286743e-03 1.599106937646865845e-02 1.679401099681854248e-02 8.087074384093284607e-03 4.544761031866073608e-03 1.547403633594512939e-02 3.007252526003867388e-04 2.976513467729091644e-03 8.752319845370948315e-04 1.088033802807331085e-02 7.891019806265830994e-03 1.708565745502710342e-03 5.945733748376369476e-03 2.321256091818213463e-03 3.742415719898417592e-05 1.877621747553348541e-02 8.146166801452636719e-03 2.149985358119010925e-02 2.813522005453705788e-03
3.502012044191360474e-02 3.175941482186317444e-02 9.777389466762542725e-03 2.750555425882339478e-02 2.649048157036304474e-02 8.900790810585021973e-01 5.282814055681228638e-02 4.640603438019752502e-03 2.437825687229633331e-02 2.257094718515872955e-02 2.018097415566444397e-02 3.953756019473075867e-02 1.873581111431121826e-02 4.037832468748092651e-02 7.440698798745870590e-03 1.787047274410724640e-02 2.191136591136455536e-02 2.623089589178562164e-02 1.989866606891155243e-02 1.171787083148956299e-02 5.117851775139570236e-03 1.924904063344001770e-02 2.282837033271789551e-02 2.834841236472129822e-02 6.813003215938806534e-03 1.528234221041202545e-02 2.021952718496322632e-02 2.546904981136322021e-02 1.761526055634021759e-02 3.170085325837135315e-02 1.563502103090286255e-02 3.805473446846008301e-03 1.509096100926399231e-02 7.125024218112230301e-03 1.197273563593626022e-02 6.447216961532831192e-03 2.436531241983175278e-03 9.197244420647621155e-03 3.398059401661157608e-03 8.274872787296772003e-03 4.318716470152139664e-03 1.053793635219335556e-02 1.273779291659593582e-02 5.744778551161289215e-03 2.333284728229045868e-02 2.246043644845485687e-02 5.091919749975204468e-02 4.452938959002494812e-02 7.549060508608818054e-03 1.433990616351366043e-02 1.836021617054939270e-02 3.096900135278701782e-02 7.020535413175821304e-03 5.371304228901863098e-03 1.024399232119321823e-02 1.083619426935911179e-02 2.183530479669570923e-02 2.193012274801731110e-02 5.061078816652297974e-03 1.004362665116786957e-02 9.823642671108245850e-03 1.347656548023223877e-02 1.478148531168699265e-02 1.435329299420118332e-02 1.235440373420715332e-02 1.361444126814603806e-02 8.609889075160026550e-03 1.369716483168303967e-03 1.913413032889366150e-02 3.185813780874013901e-03 2.411929145455360413e-02 2.507327822968363762e-03 2.235753275454044342e-02 7.828669622540473938e-03 2.302911877632141113e-02 2.767540281638503075e-03 1.856466755270957947e-02 2.424126677215099335e-02 2.081908099353313446e-02 2.417124062776565552e-02 3.420243738219141960e-03 6.630887743085622787e-03 2.962586842477321625e-02 2.288526110351085663e-02 1.478609442710876465e-02 2.114923484623432159e-02 5.368271376937627792e-03 8.904052898287773132e-03 3.074307925999164581e-02 2.883984707295894623e-02 3.744192793965339661e-02 1.510625798255205154e-02 3.495265543460845947e-02 1.285690814256668091e-02 4.160467069596052170e-03 8.910804986953735352e-03 6.007924210280179977e-03 8.156619733199477196e-04 7.684580981731414795e-03 1.498355064541101456e-02 5.932358093559741974e-03 4.604853224009275436e-03 4.901704960502684116e-04 2.055971883237361908e-03 2.330063842236995697e-03 1.065479591488838196e-02 9.914875030517578125e-03 2.212348580360412598e-02 5.468942224979400635e-03 1.344080176204442978e-02 4.877148196101188660e-03 6.222592201083898544e-03 1.180273573845624924e-02 5.586404353380203247e-03 1.945400959812104702e-03 7.781659718602895737e-03
3.182151913642883301e-02 4.114044457674026489e-02 7.177195511758327484e-03 2.211313508450984955e-02 2.111135609447956085e-02 5.282814055681228638e-02 8.900790810585021973e-01 5.843465682119131088e-03 1.991489343345165253e-02 1.779296621680259705e-02 2.785374782979488373e-02 3.996164351701736450e-02 3.461567312479019165e-02 4.713067784905433655e-02 1.226126216351985931e-02 4.691887181252241135e-03 7.529825903475284576e-03 1.579159870743751526e-02 1.197303738445043564e-02 1.018039789050817490e-02 9.225197136402130127e-03 2.540385164320468903e-02 2.049661614000797272e-02 2.748892083764076233e-02 4.848862066864967346e-03 1.180315483361482620e-02 2.158747427165508270e-02 1.206700690090656281e-02 1.878810487687587738e-02 1.959756016731262207e-02 1.943511888384819031e-02 1.532829483039677143e-03 1.566072367131710052e-02 5.718349479138851166e-03 1.059550140053033829e-02 1.181248947978019714e-02 7.407141849398612976e-03 1.066550239920616150e-02 2.644043648615479469e-03 6.812360137701034546e-03 8.969714865088462830e-03 1.649793237447738647e-02 1.886444725096225739e-02 1.023742649704217911e-02 3.624540567398071289e-02 3.323149681091308594e-02 5.684334784746170044e-02 6.504615396261215210e-02 3.666527103632688522e-03 1.241889549419283867e-03 2.070649527013301849e-02 3.983635455369949341e-02 5.512511357665061951e-03 7.124869152903556824e-03 8.054092526435852051e-03 2.726540435105562210e-03 1.656516641378402710e-02 1.746446266770362854e-02 5.323949269950389862e-03 1.301927492022514343e-02 1.022695284336805344e-02 9.883899241685867310e-03 1.021604705601930618e-02 9.562209248542785645e-03 1.894854381680488586e-02 2.278608083724975586e-02 7.566533167846500874e-04 4.209471400827169418e-03 1.001852750778198242e-02 2.370861126109957695e-03 1.273659616708755493e-02 9.242364205420017242e-03 1.388490572571754456e-02 7.917153649032115936e-03 1.377334445714950562e-02 4.179250914603471756e-03 1.969211548566818237e-02 2.323413267731666565e-02 2.306189015507698059e-02 1.337839197367429733e-02 8.738288655877113342e-03 9.549940936267375946e-03 1.814583502709865570e-02 1.320661511272192001e-02 1.132165081799030304e-02 1.407478004693984985e-02 7.832122966647148132e-03 1.308220904320478439e-02 2.580082602798938751e-02 1.837400533258914948e-02 4.993511363863945007e-02 1.645913720130920410e-02 4.554122686386108398e-02 1.834065280854701996e-02 2.613255009055137634e-02 1.333467010408639908e-02 9.979989379644393921e-03 8.109930204227566719e-04 6.981265265494585037e-03 1.549025531858205795e-02 9.145697578787803650e-03 4.412178881466388702e-03 8.970560156740248203e-04 4.215578548610210419e-03 2.534811850637197495e-03 1.013836171478033066e-02 2.094681374728679657e-03 1.875496469438076019e-02 4.416929092258214951e-03 1.300009991973638535e-02 7.272451650351285934e-03 1.220225915312767029e-02 1.459387224167585373e-02 1.311920676380395889e-02 2.433744724839925766e-03 8.185741491615772247e-03
5.892818793654441833e-03 3.776106052100658417e-03 5.004237964749336243e-02 1.302906405180692673e-02 1.015643868595361710e-02 4.640603438019752502e-03 5.843465682119131088e-03 8.900790810585021973e-01 4.532234277576208115e-03 8.252568542957305908e-03 1.983935944736003876e-02 6.191507913172245026e-03 3.226299956440925598e-02 9.896614588797092438e-03 5.282928422093391418e-02 9.927785024046897888e-03 9.778597392141819000e-03 1.605594344437122345e-02 2.738389885053038597e-03 1.595644652843475342e-02 1.087660249322652817e-02 3.456699848175048828e-02 3.154830541461706161e-03 1.276314142160117626e-04 1.352367922663688660e-02 6.435080897063016891e-03 3.410852327942848206e-02 5.988755263388156891e-03 1.572727784514427185e-02 7.943210192024707794e-03 6.930900737643241882e-03 7.426195312291383743e-03 1.791676133871078491e-02 6.190791260451078415e-03 1.525088213384151459e-02 2.647630497813224792e-02 9.277858771383762360e-03 3.445928543806076050e-02 7.823974825441837311e-03 1.256776228547096252e-02 3.427280858159065247e-02 2.513607731088995934e-03 3.416658146306872368e-04 3.713566064834594727e-02 4.566770978271961212e-03 4.664025269448757172e-03 3.221098566427826881e-03 7.754319347441196442e-03 1.300962734967470169e-02 6.323410198092460632e-03 6.373037584125995636e-03 1.215771213173866272e-02 1.797625981271266937e-02 2.181453257799148560e-02 1.204952504485845566e-02 1.129884459078311920e-02 8.432196918874979019e-04 1.061534974724054337e-03 1.868821494281291962e-02 1.994457468390464783e-02 4.653881769627332687e-03 4.320835229009389877e-03 1.258141919970512390e-02 1.527230348438024521e-02 3.279203921556472778e-02 3.015978448092937469e-02 4.358682781457901001e-03 1.759241917170584202e-03 7.774752564728260040e-03 2.381037175655364990e-02 4.277990665286779404e-03 2.840786240994930267e-02 1.097760256379842758e-02 2.584694139659404755e-02 6.909429095685482025e-03 2.549310959875583649e-02 1.398542372044175863e-04 9.652462904341518879e-04 6.268794648349285126e-03 3.868923522531986237e-03 5.663929134607315063e-02 4.862469807267189026e-02 1.538498234003782272e-02 1.169367786496877670e-02 7.619184325449168682e-04 3.465450135990977287e-03 5.245671793818473816e-02 4.564733058214187622e-02 2.981460420414805412e-03 9.382998570799827576e-03 6.441843230277299881e-03 3.082727827131748199e-02 2.895298879593610764e-03 3.282768279314041138e-02 3.943822346627712250e-03 1.002103183418512344e-02 2.923331223428249359e-02 2.259024605154991150e-02 2.657144796103239059e-03 3.632711479440331459e-03 4.491149913519620895e-03 2.499106805771589279e-03 3.014509566128253937e-02 2.611134946346282959e-02 9.376913309097290039e-03 1.482770778238773346e-02 3.888295963406562805e-03 1.414573378860950470e-02 8.850110694766044617e-03 1.416882034391164780e-02 3.393225371837615967e-02 2.542498894035816193e-02 3.173456061631441116e-03 6.549258250743150711e-03 2.304671332240104675e-02 2.259126678109169006e-02
2.290194667875766754e-02 1.648257486522197723e-02 8.742505684494972229e-03 2.839452959597110748e-02 2.444945648312568665e-02 2.437825687229633331e-02 1.991489343345165253e-02 4.532234277576208115e-03 8.900790810585021973e-01 3.373220190405845642e-02 1.235495414584875107e-02 2.909906581044197083e-02 1.199806760996580124e-02 2.355118095874786377e-02 1.056841854006052017e-02 3.195599094033241272e-02 3.275728970766067505e-02 3.176476061344146729e-02 2.196050621569156647e-02 1.275065168738365173e-02 8.906323462724685669e-03 1.036382652819156647e-02 3.323872387409210205e-02 3.332515060901641846e-02 1.968795806169509888e-02 1.892233639955520630e-02 4.995262250304222107e-03 1.827821135520935059e-02 1.493770815432071686e-02 1.260127965360879898e-02 2.004072070121765137e-02 2.484842203557491302e-02 1.816073060035705566e-02 2.445732988417148590e-02 1.527926325798034668e-02 1.035139802843332291e-02 1.198729220777750015e-02 7.014815229922533035e-03 1.141593791544437408e-02 1.525957323610782623e-02 1.237569004297256470e-02 2.935046888887882233e-02 2.414377778768539429e-02 1.086054928600788116e-02 2.840846404433250427e-02 2.464903891086578369e-02 1.922668516635894775e-02 1.786979846656322479e-02 3.747145086526870728e-02 3.102138265967369080e-02 2.563209459185600281e-02 2.499819733202457428e-02 1.232083886861801147e-02 1.413802709430456161e-02 3.716101869940757751e-02 3.500968590378761292e-02 2.359586022794246674e-02 2.134189195930957794e-02 1.162423845380544662e-02 1.653394848108291626e-02 2.947210520505905151e-02 2.073881961405277252e-02 1.334634795784950256e-02 1.047430932521820068e-02 7.268143817782402039e-03 8.126582950353622437e-03 1.940620318055152893e-02 1.673352345824241638e-02 3.398495912551879883e-02 1.337204035371541977e-02 3.409544005990028381e-02 2.611988689750432968e-03 2.898222953081130981e-02 5.352461244910955429e-03 2.558873035013675690e-02 5.320687312632799149e-03 3.985268622636795044e-02 3.489362820982933044e-02 3.019466064870357513e-02 2.218103036284446716e-02 4.233412444591522217e-03 4.174020607024431229e-03 3.206565603613853455e-02 2.491673827171325684e-02 2.705234102904796600e-02 2.708782255649566650e-02 4.021282307803630829e-03 7.753078360110521317e-03 2.714312076568603516e-02 2.248336002230644226e-02 2.514540031552314758e-02 9.934755507856607437e-04 2.363084629178047180e-02 1.883334713056683540e-03 1.628004759550094604e-02 2.407899312674999237e-02 4.186462319921702147e-04 2.803815586958080530e-04 2.815415523946285248e-02 3.065656125545501709e-02 1.954874582588672638e-02 2.146946825087070465e-02 4.178945906460285187e-03 8.545365184545516968e-03 1.593672297894954681e-02 1.795243285596370697e-02 1.601015962660312653e-02 1.700243167579174042e-02 2.055686712265014648e-02 7.864269427955150604e-03 8.024110458791255951e-03 1.166767813265323639e-02 1.956542022526264191e-02 2.110081166028976440e-02 9.049340151250362396e-03 2.647855784744024277e-03
2.303549833595752716e-02 1.492636743932962418e-02 9.890571236610412598e-04 2.342496253550052643e-02 2.535467408597469330e-02 2.257094718515872955e-02 1.779296621680259705e-02 8.252568542957305908e-03 3.373220190405845642e-02 8.900790810585021973e-01 1.524158008396625519e-02 2.482196688652038574e-02 1.023009046912193298e-02 2.529397048056125641e-02 7.801051251590251923e-03 3.681214898824691772e-02 3.829043358564376831e-02 2.706724219024181366e-02 3.106871806085109711e-02 1.630244217813014984e-02 1.062329765409231186e-02 7.202426902949810028e-03 3.366980329155921936e-02 3.524127230048179626e-02 2.394346147775650024e-02 2.142680250108242035e-02 1.829700311645865440e-03 2.223963290452957153e-02 1.365525461733341217e-02 1.484257448464632034e-02 2.484485879540443420e-02 2.500337734818458557e-02 8.433002978563308716e-03 2.688548713922500610e-02 7.902812212705612183e-03 9.003301151096820831e-03 1.655787788331508636e-02 1.932163722813129425e-03 1.483463961631059647e-02 1.556709501892328262e-02 9.562254883348941803e-03 2.829925902187824249e-02 2.737346291542053223e-02 6.465133279561996460e-03 2.876968123018741608e-02 3.182245418429374695e-02 1.580205559730529785e-02 1.514420378953218460e-02 2.124446444213390350e-02 3.009963221848011017e-02 2.603684552013874054e-02 1.756500639021396637e-02 4.484065342694520950e-03 5.684529896825551987e-03 1.164286024868488312e-02 3.204705193638801575e-02 1.451468188315629959e-02 2.014344185590744019e-02 4.490542691200971603e-03 9.370827116072177887e-03 1.502415537834167480e-02 2.418983355164527893e-02 6.770469481125473976e-04 1.316253445111215115e-03 4.963468760251998901e-03 2.262995112687349319e-03 2.421571500599384308e-02 2.158309705555438995e-02 3.546651452779769897e-02 1.723667979240417480e-02 4.061431065201759338e-02 1.237597316503524780e-02 2.903871424496173859e-02 1.259040669538080692e-03 2.791023254394531250e-02 5.901529919356107712e-03 3.119445219635963440e-02 4.257582873106002808e-02 3.473395481705665588e-02 3.907004743814468384e-02 5.753854289650917053e-03 1.363227958790957928e-03 3.055680915713310242e-02 3.346249833703041077e-02 2.581125125288963318e-02 2.677909843623638153e-02 1.060100767062976956e-04 5.262144375592470169e-03 2.359763346612453461e-02 2.606902830302715302e-02 1.863302849233150482e-02 1.608449267223477364e-03 2.126914635300636292e-02 3.389983670786023140e-03 1.250386890023946762e-02 2.333359979093074799e-02 4.909440875053405762e-03 1.175065431743860245e-02 2.771861106157302856e-02 3.255062177777290344e-02 2.371739409863948822e-02 2.229796908795833588e-02 9.773271158337593079e-03 2.571002347394824028e-03 8.104228414595127106e-03 6.773426663130521774e-03 2.769106999039649963e-02 7.563553750514984131e-03 1.936366781592369080e-02 4.404908511787652969e-03 6.809304002672433853e-03 6.611073855310678482e-03 2.995473891496658325e-02 2.861548587679862976e-02 1.286944374442100525e-02 3.184699919074773788e-03
3.671291470527648926e-02 3.606078773736953735e-02 2.503053285181522369e-02 6.198057904839515686e-03 7.650467101484537125e-03 2.018097415566444397e-02 2.785374782979488373e-02 1.983935944736003876e-02 1.235495414584875107e-02 1.524158008396625519e-02 8.900790810585021973e-01 5.885022692382335663e-04 5.248957872390747070e-02 7.271587848663330078e-03 2.570422366261482239e-02 5.665919277817010880e-03 4.401328042149543762e-03 9.982937946915626526e-03 2.951624058187007904e-02 1.853632740676403046e-02 1.605965942144393921e-02 2.819567173719406128e-02 7.916337810456752777e-03 8.842543698847293854e-03 1.387206651270389557e-02 1.450521871447563171e-02 1.860059238970279694e-02 1.967740245163440704e-04 2.573552913963794708e-02 5.396736785769462585e-03 2.326331846415996552e-02 2.005236595869064331e-02 1.364145055413246155e-02 1.963457278907299042e-02 1.279340218752622604e-02 9.678606875240802765e-03 4.835996776819229126e-03 1.330654136836528778e-02 1.328045316040515900e-02 1.073903776705265045e-02 2.052831090986728668e-02 1.832231692969799042e-02 2.334515750408172607e-02 2.542419359087944031e-02 1.246090419590473175e-02 6.649648770689964294e-03 3.542136028409004211e-02 3.644827380776405334e-02 2.252416685223579407e-03 9.212958626449108124e-03 3.764576744288206100e-03 1.890606060624122620e-02 1.577226072549819946e-02 2.096153795719146729e-02 4.166012164205312729e-03 6.550274323672056198e-03 9.585907682776451111e-03 7.645177654922008514e-03 1.874502934515476227e-02 2.153813838958740234e-02 1.236761175096035004e-02 1.219300366938114166e-02 1.263003423810005188e-02 1.040416304022073746e-02 3.810358420014381409e-02 3.745766729116439819e-02 1.675198227167129517e-02 1.401376817375421524e-02 1.039164792746305466e-02 8.021227084100246429e-03 9.740170091390609741e-03 1.181448157876729965e-02 8.561589755117893219e-03 1.493877265602350235e-02 7.728909142315387726e-03 4.503427539020776749e-03 1.156141515821218491e-02 1.200504414737224579e-02 2.073870785534381866e-02 1.468849927186965942e-02 2.150567620992660522e-02 2.283508516848087311e-02 9.184859693050384521e-03 1.754659973084926605e-02 1.305234525352716446e-02 1.489215716719627380e-02 2.187120728194713593e-02 2.535728923976421356e-02 9.305083192884922028e-03 7.243257947266101837e-03 2.990938350558280945e-02 2.740215696394443512e-02 2.545494772493839264e-02 2.757126651704311371e-02 1.248483546078205109e-02 9.870169451460242271e-04 1.850595138967037201e-02 6.444903556257486343e-03 1.222239807248115540e-02 1.394522376358509064e-02 1.176689192652702332e-02 1.642486825585365295e-02 1.389799173921346664e-02 1.246069930493831635e-02 1.525129470974206924e-02 1.727273128926753998e-02 2.067086473107337952e-02 2.174705453217029572e-02 1.937473192811012268e-02 2.723414823412895203e-02 1.847926527261734009e-02 1.667469367384910583e-02 2.230989001691341400e-02 1.684280484914779663e-02 8.147578686475753784e-03 1.018264330923557281e-02
2.273395285010337830e-02 2.015262097120285034e-02 5.090249236673116684e-03 2.979908883571624756e-02 3.091682866215705872e-02 3.953756019473075867e-02 3.996164351701736450e-02 6.191507913172245026e-03 2.909906581044197083e-02 2.482196688652038574e-02 5.885022692382335663e-04 8.900790810585021973e-01 1.098628062754869461e-02 5.747040733695030212e-02 1.726794056594371796e-02 1.893020421266555786e-02 2.100722491741180420e-02 1.809912733733654022e-02 5.315251648426055908e-03 1.209062989801168442e-02 1.040357071906328201e-02 1.360010262578725815e-02 3.621051833033561707e-02 3.708233311772346497e-02 1.606633886694908142e-02 1.677814684808254242e-02 1.822251453995704651e-02 3.007890097796916962e-02 6.775734014809131622e-03 3.518768027424812317e-02 1.033711899071931839e-02 7.384326308965682983e-03 1.392064709216356277e-02 6.550674326717853546e-03 1.123798545449972153e-02 1.234192401170730591e-02 7.008166983723640442e-03 1.190945506095886230e-02 1.211452577263116837e-02 1.747553609311580658e-02 9.157009422779083252e-03 1.856155321002006531e-02 1.074259169399738312e-02 7.578841410577297211e-03 4.457307234406471252e-02 4.077459126710891724e-02 2.663783170282840729e-02 2.951307594776153564e-02 8.234372362494468689e-03 9.733553975820541382e-03 3.350968658924102783e-02 3.984039276838302612e-02 6.318366620689630508e-03 5.864848848432302475e-03 1.252514496445655823e-02 1.183295063674449921e-02 2.179747633635997772e-02 1.806117407977581024e-02 2.274262020364403725e-03 1.277062855660915375e-02 1.108790561556816101e-02 7.830035872757434845e-03 1.105879526585340500e-02 1.085353642702102661e-02 3.522418439388275146e-03 7.921656593680381775e-03 1.518956199288368225e-02 5.816471762955188751e-03 1.947055757045745850e-02 6.193687673658132553e-03 2.328618057072162628e-02 3.447407390922307968e-03 2.446635998785495758e-02 7.600271143019199371e-03 2.408218756318092346e-02 8.580655790865421295e-03 3.048504516482353210e-02 3.150470554828643799e-02 2.673133276402950287e-02 1.776203513145446777e-02 3.510388778522610664e-03 6.401992402970790863e-03 2.938994579017162323e-02 1.863330043852329254e-02 2.363458275794982910e-02 1.974060758948326111e-02 6.204880774021148682e-03 9.443106129765510559e-03 3.900343924760818481e-02 3.136360272765159607e-02 2.820301614701747894e-02 5.379749462008476257e-03 3.249888122081756592e-02 5.716864950954914093e-03 1.222585095092654228e-03 4.989621229469776154e-03 6.772284395992755890e-03 1.046269107609987259e-02 1.582414843142032623e-02 2.445164881646633148e-02 2.514770487323403358e-03 3.826190950348973274e-03 9.430614882148802280e-04 8.548988960683345795e-03 2.590520307421684265e-03 8.632519282400608063e-03 5.922237876802682877e-03 1.414097566157579422e-02 7.335829548537731171e-03 1.798260258510708809e-03 5.567712243646383286e-03 1.234794035553932190e-02 1.692662201821804047e-02 1.618191786110401154e-02 7.635419722646474838e-03 4.391734022647142410e-03
3.277935832738876343e-02 4.087559133768081665e-02 3.051238693296909332e-02 3.904687939211726189e-03 4.293332807719707489e-03 1.873581111431121826e-02 3.461567312479019165e-02 3.226299956440925598e-02 1.199806760996580124e-02 1.023009046912193298e-02 5.248957872390747070e-02 1.098628062754869461e-02 8.900790810585021973e-01 1.889145746827125549e-02 3.295132517814636230e-02 1.080026733689010143e-03 3.795485943555831909e-03 7.355294190347194672e-03 1.888227462768554688e-02 1.515757106244564056e-02 1.195212919265031815e-02 3.212929144501686096e-02 9.639540687203407288e-03 1.246817223727703094e-02 1.122124120593070984e-02 1.580372639000415802e-02 2.588183619081974030e-02 2.346427878364920616e-03 2.075619995594024658e-02 1.609307364560663700e-03 2.210141904652118683e-02 1.673389784991741180e-02 1.671032793819904327e-02 1.415118202567100525e-02 1.168515719473361969e-02 9.894713759422302246e-03 3.646529046818614006e-03 2.088309638202190399e-02 7.250328548252582550e-03 9.197764098644256592e-03 2.621157094836235046e-02 1.892705634236335754e-02 1.997442543506622314e-02 3.130730241537094116e-02 2.107874862849712372e-02 1.394455693662166595e-02 3.319082781672477722e-02 4.222097247838973999e-02 9.697792120277881622e-04 3.817474469542503357e-03 8.107997477054595947e-03 2.173102460801601410e-02 1.357319951057434082e-02 2.077535726130008698e-02 7.574187591671943665e-03 1.406364375725388527e-03 1.416957657784223557e-02 9.301369078457355499e-03 1.774543896317481995e-02 2.170300483703613281e-02 1.415537949651479721e-02 9.171098470687866211e-03 1.167977601289749146e-02 9.654802270233631134e-03 3.703372925519943237e-02 4.226184263825416565e-02 9.360508061945438385e-03 6.618132814764976501e-03 4.199360962957143784e-03 7.538027130067348480e-03 3.532541217282414436e-03 1.864858530461788177e-02 2.185845747590065002e-03 1.568782143294811249e-02 9.415646782144904137e-04 1.169051881879568100e-02 1.005657389760017395e-02 1.166491396725177765e-02 2.133565768599510193e-02 1.085941959172487259e-02 2.886944822967052460e-02 3.008842654526233673e-02 3.842216683551669121e-03 5.071896128356456757e-03 1.374264247715473175e-02 1.431460119783878326e-02 2.749402262270450592e-02 3.366032615303993225e-02 1.151264645159244537e-02 8.291239850223064423e-03 3.278822824358940125e-02 2.945265918970108032e-02 2.768567018210887909e-02 3.190144896507263184e-02 1.886107400059700012e-02 7.856732234358787537e-03 2.268521673977375031e-02 1.357117760926485062e-02 1.191296055912971497e-02 1.542656961828470230e-02 4.900905769318342209e-03 9.701899252831935883e-03 1.936194673180580139e-02 1.877948082983493805e-02 1.387940440326929092e-02 1.828914694488048553e-02 1.334597449749708176e-02 2.049408480525016785e-02 1.630748435854911804e-02 2.229053340852260590e-02 2.388747408986091614e-02 2.298894897103309631e-02 2.085277438163757324e-02 1.796282827854156494e-02 7.140216417610645294e-03 8.725408464670181274e-03
