8.307073116302490234e-01 8.982850611209869385e-02 1.450304593890905380e-02 1.664226315915584564e-02 1.391827780753374100e-02 2.301852591335773468e-02 1.736306026577949524e-02 6.885956507176160812e-03 2.555867657065391541e-03 6.701779086142778397e-03 7.515061646699905396e-02 1.509291958063840866e-02 6.327913701534271240e-02 8.787417784333229065e-03 8.844573982059955597e-03 1.502466737292706966e-03 5.108317360281944275e-03 1.681364607065916061e-03 2.516417950391769409e-02 2.584555651992559433e-03 1.882233284413814545e-02 1.865394040942192078e-02 1.978563889861106873e-02 1.377536077052354813e-02 1.191743183881044388e-02 1.417185924947261810e-02 2.384827844798564911e-02 2.311034186277538538e-04 2.932155691087245941e-02 1.091208774596452713e-02 3.220766782760620117e-03 2.425136230885982513e-02 2.813247963786125183e-02 1.673851907253265381e-02 2.204028517007827759e-02 1.274886890314519405e-03 1.032891124486923218e-02 2.056776732206344604e-02 3.258348908275365829e-03 9.307730942964553833e-03 2.975379675626754761e-02 6.098895799368619919e-03 1.751967705786228180e-03 5.122799798846244812e-02 1.335931848734617233e-02 7.752534002065658569e-03 1.191092282533645630e-02 1.395297353155910969e-03 6.795073277316987514e-04 6.429203785955905914e-04 3.049166174605488777e-03 1.239672768861055374e-02 5.506839137524366379e-03 1.652270741760730743e-02 3.551915520802140236e-03 1.911087543703615665e-03 7.163245696574449539e-03 7.627591490745544434e-03 1.898286305367946625e-02 8.178540505468845367e-03 9.369648061692714691e-03 1.552533078938722610e-02 5.292799323797225952e-03 2.571476437151432037e-02 1.413772162050008774e-02 6.300450302660465240e-03 1.235666126012802124e-02 2.516966871917247772e-02 4.388437606394290924e-03 3.543437272310256958e-02 4.561120877042412758e-04 1.530320569872856140e-02 7.299601566046476364e-03 8.409805595874786377e-03 4.836299922317266464e-03 5.038544535636901855e-03 5.786315072327852249e-03 7.034689653664827347e-03 8.677530102431774139e-03 9.152699261903762817e-03 1.623537018895149231e-02 6.632614880800247192e-03 1.587757840752601624e-02 2.412949129939079285e-02 2.586466027423739433e-03 7.880376651883125305e-03 2.080327458679676056e-02 1.636835373938083649e-02 2.354384632781147957e-03 5.388209596276283264e-03 2.884735353291034698e-02 2.468493767082691193e-02 7.523532025516033173e-03 1.761128194630146027e-02 2.917189709842205048e-02 1.016195281408727169e-03 1.109603606164455414e-02 1.523458631709218025e-03 1.809383556246757507e-02 1.472154539078474045e-02 8.926224894821643829e-03 1.011945932987146080e-04 5.055856425315141678e-03 4.562424146570265293e-04 3.601582255214452744e-03 9.448438882827758789e-03 1.202827878296375275e-02 9.128276258707046509e-03 7.337518967688083649e-03 3.064372809603810310e-03 3.397117927670478821e-02 3.545260056853294373e-02 8.759659714996814728e-03 8.923212997615337372e-03 8.414614945650100708e-03 8.328245021402835846e-03
8.982850611209869385e-02 8.307073116302490234e-01 7.618204224854707718e-03 2.947399951517581940e-02 2.293615415692329407e-02 3.548547998070716858e-02 3.400924056768417358e-02 2.896845340728759766e-03 8.942280896008014679e-03 1.299474388360977173e-02 5.768063664436340332e-02 1.026209443807601929e-02 7.303901761770248413e-02 1.619175309315323830e-03 1.439172308892011642e-02 3.231771290302276611e-03 1.326743862591683865e-03 1.122930180281400681e-02 3.416834771633148193e-02 9.755095466971397400e-03 8.251504972577095032e-03 7.073622196912765503e-03 8.725509047508239746e-03 1.735477522015571594e-02 1.143090333789587021e-02 1.103931386023759842e-02 1.622169278562068939e-02 4.982840269804000854e-03 2.980151399970054626e-02 2.069023670628666878e-03 8.166332729160785675e-03 1.772223412990570068e-02 2.971826680004596710e-02 2.000259980559349060e-02 2.438903972506523132e-02 1.838901638984680176e-02 5.633627530187368393e-03 1.698424108326435089e-02 1.264080684632062912e-02 2.080612629652023315e-02 1.532936003059148788e-02 7.040468510240316391e-03 3.178389975801110268e-03 4.429898411035537720e-02 4.483293276280164719e-03 6.910612341016530991e-03 2.853537164628505707e-02 1.942599751055240631e-02 2.036870457231998444e-02 1.376473903656005859e-02 9.986895136535167694e-03 1.581418514251708984e-02 1.630781218409538269e-02 1.714187301695346832e-02 8.492052555084228516e-03 3.010470187291502953e-03 1.676907949149608612e-02 1.708515919744968414e-02 2.930357493460178375e-02 1.355113834142684937e-02 2.601061388850212097e-02 1.747349090874195099e-02 4.657841753214597702e-03 2.271469309926033020e-02 9.779529646039009094e-03 4.882288631051778793e-03 6.493913009762763977e-03 1.465203985571861267e-02 3.099541645497083664e-03 9.279537945985794067e-03 1.287730224430561066e-02 1.008707471191883087e-02 1.780448714271187782e-03 5.401217844337224960e-03 1.284910924732685089e-02 1.163842808455228806e-02 9.545479901134967804e-03 1.454202551394701004e-02 1.581807248294353485e-02 1.212256122380495071e-02 1.106626354157924652e-02 4.671121016144752502e-03 2.253839187324047089e-02 3.071963600814342499e-02 1.908900588750839233e-02 6.941880565136671066e-03 1.613753102719783783e-02 1.178763154894113541e-02 4.336691927164793015e-03 1.436578761786222458e-02 3.376216441392898560e-02 2.583844587206840515e-03 8.352487348020076752e-03 2.331971627427265048e-04 3.364959731698036194e-02 1.718416623771190643e-02 2.161538694053888321e-03 4.340217448770999908e-03 4.932512063533067703e-03 4.611993674188852310e-03 2.298891730606555939e-02 1.628175377845764160e-02 1.043610181659460068e-02 7.120338268578052521e-03 5.651401006616652012e-04 1.839698292315006256e-02 5.624698009341955185e-03 3.456061938777565956e-03 1.062281616032123566e-02 6.977372337132692337e-03 1.429772563278675079e-02 2.825156040489673615e-02 1.639665802940726280e-03 1.296667149290442467e-03 1.175740454345941544e-02 1.544540002942085266e-02
1.450304593890905380e-02 7.618204224854707718e-03 8.307073116302490234e-01 7.794570177793502808e-03 6.161646917462348938e-03 9.130734018981456757e-03 8.600557222962379456e-03 4.084200784564018250e-02 8.287893608212471008e-03 1.549115777015686035e-02 2.055007778108119965e-02 7.054001092910766602e-03 1.251599285751581192e-02 1.139863301068544388e-02 1.822132430970668793e-02 1.334266737103462219e-02 1.345209870487451553e-02 2.027023769915103912e-02 1.593376323580741882e-02 6.013319361954927444e-03 1.310666836798191071e-02 1.183486636728048325e-02 5.697038955986499786e-03 8.483272977173328400e-03 2.095598727464675903e-02 3.242629393935203552e-02 7.163847330957651138e-03 8.253212086856365204e-03 2.352519705891609192e-02 6.454202346503734589e-03 1.371558941900730133e-02 1.506375498138368130e-03 1.563341589644551277e-03 1.482049934566020966e-02 2.736165653914213181e-03 2.083012089133262634e-02 9.017365053296089172e-03 8.441024459898471832e-03 1.625241711735725403e-02 1.373500749468803406e-02 1.662086509168148041e-02 6.217262707650661469e-03 1.650582626461982727e-02 1.535999774932861328e-02 9.215081110596656799e-03 2.257559914141893387e-03 6.519298534840345383e-03 3.106664400547742844e-03 7.022226229310035706e-03 8.828860707581043243e-03 1.859583333134651184e-02 2.743046171963214874e-02 1.927944482304155827e-03 5.388974212110042572e-03 6.978695746511220932e-03 3.569456283003091812e-03 8.729002438485622406e-03 1.347277313470840454e-02 5.120475776493549347e-03 6.557890214025974274e-03 1.336332689970731735e-02 2.122520469129085541e-03 3.237053006887435913e-02 2.646443434059619904e-02 7.163850590586662292e-03 2.571174409240484238e-03 1.722624897956848145e-02 2.769507840275764465e-02 2.183975279331207275e-02 9.451389778405427933e-04 2.765759080648422241e-02 2.156897261738777161e-02 1.004904974251985550e-02 5.539278499782085419e-03 1.741621829569339752e-02 1.568483375012874603e-02 2.972152456641197205e-02 3.928822278976440430e-02 1.622211188077926636e-02 3.655264386907219887e-03 4.892658814787864685e-02 9.150452911853790283e-03 1.016119308769702911e-02 1.904533989727497101e-02 1.487009599804878235e-02 1.860083825886249542e-02 1.713765412569046021e-02 2.772893756628036499e-02 1.767128519713878632e-02 2.287124656140804291e-02 2.836419269442558289e-02 1.511883147031767294e-05 2.762896753847599030e-02 1.459098700433969498e-02 8.231199346482753754e-03 1.463895384222269058e-02 4.259514156728982925e-03 2.216893713921308517e-03 1.799471117556095123e-02 2.616792358458042145e-02 1.591853052377700806e-02 1.018457952886819839e-02 4.701452795416116714e-03 1.898379623889923096e-02 8.109530434012413025e-03 1.695279643172398210e-04 4.987375345081090927e-03 1.614834554493427277e-02 1.624870859086513519e-02 1.565035432577133179e-02 1.166600175201892853e-02 1.166438776999711990e-02 1.326412800699472427e-02 1.588577590882778168e-02 1.932432502508163452e-02 8.194938302040100098e-03
1.664226315915584564e-02 2.947399951517581940e-02 7.794570177793502808e-03 8.307073116302490234e-01 7.515829056501388550e-02 2.069282159209251404e-02 1.130461134016513824e-02 6.411574315279722214e-03 2.526685129851102829e-03 1.338146440684795380e-02 1.680877618491649628e-02 1.092974052880890667e-04 1.213874388486146927e-02 1.054334919899702072e-02 1.140106189996004105e-02 1.417326461523771286e-02 5.486240610480308533e-03 2.451268956065177917e-02 2.055929042398929596e-02 1.202609017491340637e-02 2.095255069434642792e-02 7.728564087301492691e-03 8.311002515256404877e-03 1.676641032099723816e-02 7.919296622276306152e-03 1.045621465891599655e-02 6.879419554024934769e-03 1.177396811544895172e-02 1.234049163758754730e-02 1.141611579805612564e-02 6.751318462193012238e-03 9.944178164005279541e-04 3.833895921707153320e-02 1.790687255561351776e-02 3.334099054336547852e-02 2.449163235723972321e-02 2.741716802120208740e-02 6.783213466405868530e-03 4.151803627610206604e-02 2.450517006218433380e-02 5.298303905874490738e-03 4.357182886451482773e-03 9.019388817250728607e-03 2.208017371594905853e-02 8.235279470682144165e-03 2.738782018423080444e-02 7.641152478754520416e-03 7.778325234539806843e-04 6.769686937332153320e-03 2.154885604977607727e-02 1.043591648340225220e-02 4.695130046457052231e-04 1.897859759628772736e-02 2.079085074365139008e-02 1.604787074029445648e-02 1.346769090741872787e-02 4.828643798828125000e-02 1.481878943741321564e-02 1.510495040565729141e-02 1.131781563162803650e-02 5.898256972432136536e-02 1.385701447725296021e-02 4.299251735210418701e-02 2.418650500476360321e-02 1.970674376934766769e-03 2.694217255339026451e-03 2.242455817759037018e-02 3.723196219652891159e-03 1.476124860346317291e-02 1.334061659872531891e-02 1.131296996027231216e-02 3.821694990620017052e-03 6.156891956925392151e-02 3.479646402411162853e-04 4.342072084546089172e-02 2.338486351072788239e-02 5.743429996073246002e-03 1.733181253075599670e-02 4.130519460886716843e-03 2.167153544723987579e-02 1.811048761010169983e-02 9.982805699110031128e-03 6.207891181111335754e-02 4.239754751324653625e-02 1.584943942725658417e-02 1.078945212066173553e-02 7.692293263971805573e-03 2.503528492525219917e-03 2.780815772712230682e-02 7.258867379277944565e-03 1.083783991634845734e-02 1.687361299991607666e-02 2.176802605390548706e-03 7.904647849500179291e-03 6.494139786809682846e-03 6.582303903996944427e-03 1.104638096876442432e-03 1.011699065566062927e-02 9.529389790259301662e-04 1.918054185807704926e-02 2.238779701292514801e-02 2.670926228165626526e-02 4.622335545718669891e-03 1.626999862492084503e-02 1.005064416676759720e-02 1.455651037395000458e-02 5.012069013901054859e-04 1.594539918005466461e-02 1.650835387408733368e-02 4.771852865815162659e-03 9.671587496995925903e-03 1.711446978151798248e-02 1.853020861744880676e-03 1.492273714393377304e-02 8.610073709860444069e-04 6.386402063071727753e-03
1.391827780753374100e-02 2.293615415692329407e-02 6.161646917462348938e-03 7.515829056501388550e-02 8.307073116302490234e-01 3.599514812231063843e-02 2.420924976468086243e-02 1.475962996482849121e-02 1.447551068849861622e-03 5.611124448478221893e-03 2.422257699072360992e-02 9.260470978915691376e-03 1.145606301724910736e-02 1.033463049679994583e-02 1.234339177608489990e-02 1.998728606849908829e-03 1.506329164840281010e-03 1.696555316448211670e-02 2.224268577992916107e-02 1.659520203247666359e-03 1.587415486574172974e-02 1.672064070589840412e-03 2.051721327006816864e-03 9.618260897696018219e-03 1.781081594526767731e-02 1.080786529928445816e-02 1.483607571572065353e-02 5.445941817015409470e-03 2.887013833969831467e-03 8.040430955588817596e-03 1.255208905786275864e-02 7.062343414872884750e-03 4.769468680024147034e-02 2.914442447945475578e-03 3.596117347478866577e-02 3.317731618881225586e-02 2.794525958597660065e-02 1.714691752567887306e-03 4.441944509744644165e-02 4.312195628881454468e-02 1.498417928814888000e-02 2.241498325020074844e-03 1.884479820728302002e-02 5.061002448201179504e-03 3.708716016262769699e-03 4.230965394526720047e-03 1.874618232250213623e-02 8.156104013323783875e-03 1.126699335873126984e-02 1.859151944518089294e-02 7.517206482589244843e-03 7.541751954704523087e-03 2.087444067001342773e-02 2.199531160295009613e-02 1.522074732929468155e-02 3.516416531056165695e-03 4.007605835795402527e-02 1.171034667640924454e-02 2.694148570299148560e-02 2.648284099996089935e-02 5.050931125879287720e-02 2.406219951808452606e-02 4.079394042491912842e-02 3.592543303966522217e-02 1.012117881327867508e-02 1.326055172830820084e-02 9.089221246540546417e-03 3.381680231541395187e-03 1.536728814244270325e-02 2.942379750311374664e-02 1.707750372588634491e-02 2.520826086401939392e-02 4.555826261639595032e-02 1.932607777416706085e-02 5.174785852432250977e-02 1.436627097427845001e-02 8.361226879060268402e-03 1.098548993468284607e-02 6.085892673581838608e-03 2.452987013384699821e-03 9.729833342134952545e-03 7.934353314340114594e-03 5.206377059221267700e-02 5.615993589162826538e-02 5.840239115059375763e-03 5.053335800766944885e-03 1.198207587003707886e-02 4.091944429092109203e-04 1.764727942645549774e-02 2.480871044099330902e-02 1.128753833472728729e-02 1.420679222792387009e-02 2.550185890868306160e-03 1.340040285140275955e-02 1.582409814000129700e-02 8.765622042119503021e-03 6.662709638476371765e-03 2.334138844162225723e-03 2.125640632584691048e-03 1.296597998589277267e-02 1.972379535436630249e-02 1.988711021840572357e-02 1.530010905116796494e-02 6.524472963064908981e-03 1.671402528882026672e-02 4.636969417333602905e-03 3.999195527285337448e-03 1.618232391774654388e-02 1.160848885774612427e-02 1.373792346566915512e-02 1.105726417154073715e-02 2.055935189127922058e-02 3.073625499382615089e-03 9.320267476141452789e-03 1.840228401124477386e-02 7.524605374783277512e-03
2.301852591335773468e-02 3.548547998070716858e-02 9.130734018981456757e-03 2.069282159209251404e-02 3.599514812231063843e-02 8.307073116302490234e-01 8.747813105583190918e-02 8.071821182966232300e-03 4.607097653206437826e-04 7.785563357174396515e-03 3.316096216440200806e-02 5.432350933551788330e-02 2.973361127078533173e-02 4.767669737339019775e-02 5.476153921335935593e-03 1.383331231772899628e-02 1.463972963392734528e-02 1.710807345807552338e-02 5.565263330936431885e-03 4.812717437744140625e-03 2.481662854552268982e-02 2.279072767123579979e-03 2.118311449885368347e-02 1.689088158309459686e-02 1.770987361669540405e-02 1.532922871410846710e-02 1.640412770211696625e-02 1.362741924822330475e-02 1.261943136341869831e-03 9.534241631627082825e-03 1.191802881658077240e-02 6.758192088454961777e-03 7.403834722936153412e-03 8.339682593941688538e-03 2.061248989775776863e-03 4.011060297489166260e-02 4.864590242505073547e-02 9.196981787681579590e-03 8.021438494324684143e-03 1.372157223522663116e-02 2.698411419987678528e-02 1.169857848435640335e-02 6.460181903094053268e-03 1.404545642435550690e-02 3.060946986079216003e-02 2.182257361710071564e-02 7.412432134151458740e-02 4.017785936594009399e-02 1.192053873091936111e-02 1.657682657241821289e-02 2.540533617138862610e-02 3.290947899222373962e-02 8.872837759554386139e-03 1.266284473240375519e-02 5.926981568336486816e-03 1.043830160051584244e-02 2.282949909567832947e-02 2.123427204787731171e-02 6.122365593910217285e-04 3.681492991745471954e-03 5.266744177788496017e-03 1.506530563347041607e-03 4.255211446434259415e-03 1.884680474177002907e-03 1.183663262054324150e-03 9.257066063582897186e-03 5.231487448327243328e-04 2.657787408679723740e-03 1.361601985991001129e-02 3.142248373478651047e-03 6.528387777507305145e-03 2.071761153638362885e-02 4.788948688656091690e-03 1.192330499179661274e-03 3.569208085536956787e-03 1.836365903727710247e-03 4.823589697480201721e-03 3.711218247190117836e-03 3.543726634234189987e-03 1.592806354165077209e-02 1.000117417424917221e-02 1.125445496290922165e-02 2.812964841723442078e-02 1.628894917666912079e-02 2.163255400955677032e-02 1.025507505983114243e-02 6.175172748044133186e-04 4.835418891161680222e-03 2.605298161506652832e-02 3.313852846622467041e-02 2.717664651572704315e-02 2.855499042198061943e-03 2.526904642581939697e-02 1.896682009100914001e-02 4.653081297874450684e-02 2.345577999949455261e-02 5.104545038193464279e-03 1.749394461512565613e-02 1.810930669307708740e-02 1.319191884249448776e-02 2.338107675313949585e-02 1.434541959315538406e-02 2.329958975315093994e-02 1.291441451758146286e-02 1.077361870557069778e-02 9.719471447169780731e-03 1.103525888174772263e-02 1.760019361972808838e-02 2.083166502416133881e-02 6.010313984006643295e-03 1.968679204583168030e-02 2.437839470803737640e-02 2.178011089563369751e-02 1.172298192977905273e-02 2.265514992177486420e-02 3.152439603582024574e-03
1.736306026577949524e-02 3.400924056768417358e-02 8.600557222962379456e-03 1.130461134016513824e-02 2.420924976468086243e-02 8.747813105583190918e-02 8.307073116302490234e-01 2.780383452773094177e-03 3.609534353017807007e-03 1.183277089148759842e-02 3.356630355119705200e-02 4.707132652401924133e-02 3.424801677465438843e-02 4.785043001174926758e-02 8.535539731383323669e-03 3.948868717998266220e-03 5.095602013170719147e-03 2.425774559378623962e-02 2.693229587748646736e-03 9.843172505497932434e-03 1.237051002681255341e-02 1.076914370059967041e-03 2.783291973173618317e-02 2.817038260400295258e-02 2.468601986765861511e-02 2.275624684989452362e-02 2.084865234792232513e-02 1.106263790279626846e-02 3.436324186623096466e-03 9.335631504654884338e-03 1.350455638021230698e-02 1.122311502695083618e-02 6.104902364313602448e-03 3.236969234421849251e-03 2.117851690854877234e-04 2.113884687423706055e-02 3.250733762979507446e-02 9.340724209323525429e-04 2.051854133605957031e-02 2.094700559973716736e-02 1.822200231254100800e-02 1.674799062311649323e-02 6.138158962130546570e-03 3.185912210028618574e-04 4.494901373982429504e-02 3.709454089403152466e-02 8.386117219924926758e-02 5.908348411321640015e-02 8.432743139564990997e-03 9.735213592648506165e-03 1.657444611191749573e-02 3.101951628923416138e-02 5.215860903263092041e-03 1.607084833085536957e-02 9.259068407118320465e-03 3.226482775062322617e-03 2.539133280515670776e-02 3.152754530310630798e-02 5.993946455419063568e-03 4.440754186362028122e-03 1.476293429732322693e-03 1.803881314117461443e-04 4.363499465398490429e-04 1.375883258879184723e-02 4.455870948731899261e-03 1.626377739012241364e-02 5.600388161838054657e-03 7.862426340579986572e-03 7.823494262993335724e-03 2.021345542743802071e-03 3.251207992434501648e-03 1.496371533721685410e-02 2.586326794698834419e-03 3.109875367954373360e-03 4.821446724236011505e-03 2.307189395651221275e-03 7.323332130908966064e-03 8.250687271356582642e-03 6.530008278787136078e-03 2.429289370775222778e-02 1.126743946224451065e-02 9.878820739686489105e-03 1.695698499679565430e-02 8.695872500538825989e-03 3.064291179180145264e-02 2.091931551694869995e-02 6.684103864245116711e-04 3.037051064893603325e-03 2.718446776270866394e-02 2.359874732792377472e-02 3.521839901804924011e-02 1.104435790330171585e-02 3.613869473338127136e-02 5.142045207321643829e-03 3.398582339286804199e-02 1.238391920924186707e-02 1.633914886042475700e-03 7.624029181897640228e-03 1.862490549683570862e-02 2.027988061308860779e-02 6.573713384568691254e-03 3.136788029223680496e-03 1.809731870889663696e-02 1.468040718464180827e-04 2.256096340715885162e-03 1.765358028933405876e-03 2.774435561150312424e-03 1.855771802365779877e-02 4.502500407397747040e-03 9.267965797334909439e-04 1.329681184142827988e-02 1.819127611815929413e-02 2.609741501510143280e-02 2.330925129354000092e-02 1.487111952155828476e-02 3.265268635004758835e-03
6.885956507176160812e-03 2.896845340728759766e-03 4.084200784564018250e-02 6.411574315279722214e-03 1.475962996482849121e-02 8.071821182966232300e-03 2.780383452773094177e-03 8.307073116302490234e-01 1.472603529691696167e-02 1.082814391702413559e-02 2.307214960455894470e-02 1.479126140475273132e-02 1.751443557441234589e-02 5.147545598447322845e-03 4.977322742342948914e-02 1.009799074381589890e-02 5.702163907699286938e-04 3.742148634046316147e-03 4.846373572945594788e-03 2.371832914650440216e-02 2.846667170524597168e-02 2.755047194659709930e-02 3.324187826365232468e-03 2.691569505259394646e-03 1.524505671113729477e-02 1.705539040267467499e-02 1.119211222976446152e-02 6.709532346576452255e-03 2.022351510822772980e-02 1.511040143668651581e-02 1.877614669501781464e-02 2.720236033201217651e-02 4.610818810760974884e-03 2.022022195160388947e-02 1.012121234089136124e-02 1.353899948298931122e-02 1.563199609518051147e-02 1.175477728247642517e-02 1.755854487419128418e-02 2.018878608942031860e-02 2.885570935904979706e-02 3.011052869260311127e-02 2.531681582331657410e-02 2.281161025166511536e-02 4.055848345160484314e-03 4.958769772201776505e-03 1.546561252325773239e-02 2.243200130760669708e-02 2.231407910585403442e-03 1.269655488431453705e-02 2.744990959763526917e-02 1.296751387417316437e-02 1.110476534813642502e-02 4.265318159013986588e-03 4.039322026073932648e-03 2.405282296240329742e-02 8.997429162263870239e-03 1.024679839611053467e-02 2.411462180316448212e-02 6.017106119543313980e-03 4.443933255970478058e-03 8.923990651965141296e-03 1.144420355558395386e-02 1.756429905071854591e-03 2.371522597968578339e-02 2.591256424784660339e-02 1.229056343436241150e-02 2.313930913805961609e-02 1.158611383289098740e-02 4.965092521160840988e-03 1.401675026863813400e-02 4.243324976414442062e-03 1.893624477088451385e-02 1.247329637408256531e-02 9.324301034212112427e-03 4.642127081751823425e-03 2.561727724969387054e-02 2.317577786743640900e-02 7.602117490023374557e-03 8.441152051091194153e-03 7.070291787385940552e-02 2.676148340106010437e-02 1.231612544506788254e-02 2.356346696615219116e-03 6.015779450535774231e-03 2.471962198615074158e-02 6.342123448848724365e-02 4.042173177003860474e-02 9.966361336410045624e-03 4.764873883686959743e-04 2.635383233428001404e-02 2.341267094016075134e-02 2.526544034481048584e-02 2.532344125211238861e-02 3.753695171326398849e-03 2.308436855673789978e-02 2.540922164916992188e-02 8.038466796278953552e-03 1.819564588367938995e-02 1.468590740114450455e-02 2.488716971129179001e-03 2.645728178322315216e-03 2.509318105876445770e-02 3.229173598811030388e-03 5.116697400808334351e-03 2.664844272658228874e-03 6.112321279942989349e-03 1.623284257948398590e-02 2.397339418530464172e-02 1.780717633664608002e-02 2.182108350098133087e-02 1.965321786701679230e-02 2.235959470272064209e-02 6.970650516450405121e-03 1.283842511475086212e-02 7.436585146933794022e-04
2.555867657065391541e-03 8.942280896008014679e-03 8.287893608212471008e-03 2.526685129851102829e-03 1.447551068849861622e-03 4.607097653206437826e-04 3.609534353017807007e-03 1.472603529691696167e-02 8.307073116302490234e-01 4.155948385596275330e-02 2.257826039567589760e-03 9.671818464994430542e-03 7.543694227933883667e-03 1.796879951143637300e-04 2.780174836516380310e-03 3.384835645556449890e-02 2.817338891327381134e-02 4.205704852938652039e-02 1.433995645493268967e-02 1.188146509230136871e-02 2.418235875666141510e-03 4.455206915736198425e-03 2.417339384555816650e-02 2.142042480409145355e-02 1.900517195463180542e-02 4.458670504391193390e-03 2.055004425346851349e-02 3.029947914183139801e-02 2.919070981442928314e-02 1.724501885473728180e-02 2.661021798849105835e-02 1.497331075370311737e-02 1.293745008297264576e-04 1.558565720915794373e-02 4.055003169924020767e-03 1.613390259444713593e-02 1.244967058300971985e-02 1.906565017998218536e-02 9.877419797703623772e-04 7.857118733227252960e-03 1.346881408244371414e-02 4.827986657619476318e-02 3.851414844393730164e-02 4.495805129408836365e-03 3.260922431945800781e-02 3.293292596936225891e-02 1.096454262733459473e-02 2.011524513363838196e-02 2.819599956274032593e-02 1.872617751359939575e-02 2.864476479589939117e-02 3.136689215898513794e-02 1.887855306267738342e-02 2.526935376226902008e-02 4.187412187457084656e-02 2.047735638916492462e-02 1.752584427595138550e-02 1.091791968792676926e-02 1.552058476954698563e-02 2.208039909601211548e-02 2.368004061281681061e-02 2.095638774335384369e-02 2.602533902972936630e-03 4.211662337183952332e-03 2.556847780942916870e-02 1.799628883600234985e-02 1.516033522784709930e-02 4.426077648531645536e-04 3.851494565606117249e-02 6.195587571710348129e-03 3.675704821944236755e-02 2.525873668491840363e-02 1.552650146186351776e-02 9.282588958740234375e-03 1.024702098220586777e-02 2.531644701957702637e-02 6.500975042581558228e-02 4.504763334989547729e-02 4.297294840216636658e-02 1.044117659330368042e-02 5.944288335740566254e-03 6.664884276688098907e-03 6.116193253546953201e-04 1.071727275848388672e-02 1.725371740758419037e-02 1.202154718339443207e-02 2.104390645399689674e-03 7.340064272284507751e-03 3.767816722393035889e-02 3.537786891683936119e-03 2.249653823673725128e-02 1.373165869154036045e-03 4.507564939558506012e-03 6.257494445890188217e-03 2.422945015132427216e-02 2.304130792617797852e-02 4.707922693341970444e-03 2.270848304033279419e-02 4.220432788133621216e-02 2.077974192798137665e-02 1.406501978635787964e-02 1.421574596315622330e-02 5.422069225460290909e-03 2.008943632245063782e-02 1.670105010271072388e-02 4.442608449608087540e-03 1.764167845249176025e-02 2.308707498013973236e-02 6.029492709785699844e-03 2.000256255269050598e-02 1.119996234774589539e-02 1.650515198707580566e-02 3.770324960350990295e-02 3.752592578530311584e-02 1.061899494379758835e-02 7.224837318062782288e-03
6.701779086142778397e-03 1.299474388360977173e-02 1.549115777015686035e-02 1.338146440684795380e-02 5.611124448478221893e-03 7.785563357174396515e-03 1.183277089148759842e-02 1.082814391702413559e-02 4.155948385596275330e-02 8.307073116302490234e-01 1.020674314349889755e-02 1.736990525387227535e-03 1.095942594110965729e-02 6.759891984984278679e-04 1.162985619157552719e-02 2.498195506632328033e-02 3.189752623438835144e-02 6.348724011331796646e-03 5.061936378479003906e-02 2.902542427182197571e-02 8.277329616248607635e-03 1.978801377117633820e-02 3.696633502840995789e-02 4.181863367557525635e-02 2.568776160478591919e-02 1.977604068815708160e-02 1.775626093149185181e-02 1.831143349409103394e-02 2.242785319685935974e-02 2.179708331823348999e-02 2.051818417385220528e-03 3.088487684726715088e-02 3.934196196496486664e-03 3.176188096404075623e-02 1.252672728151082993e-02 5.987228825688362122e-03 1.274044159799814224e-02 2.628342946991324425e-03 4.587733186781406403e-03 3.587790299206972122e-03 1.866494654677808285e-03 1.892261207103729248e-02 3.626944497227668762e-02 4.459663294255733490e-03 4.058014310430735350e-04 1.192569080740213394e-02 1.195203233510255814e-02 1.230168715119361877e-02 1.933974213898181915e-02 4.333364218473434448e-02 2.922500111162662506e-02 3.816634416580200195e-02 1.387172378599643707e-02 1.832809858024120331e-02 1.943160220980644226e-02 5.654299259185791016e-02 4.284059163182973862e-03 1.874857582151889801e-02 2.781795104965567589e-03 5.424406263045966625e-04 6.906568538397550583e-03 5.401436612010002136e-02 2.002489008009433746e-02 1.057867705821990967e-02 9.402293711900711060e-03 3.770634066313505173e-03 2.456199750304222107e-02 3.746891859918832779e-03 2.548031695187091827e-02 1.730191707611083984e-02 4.480121657252311707e-02 7.741277571767568588e-03 1.312293205410242081e-02 1.826655305922031403e-02 1.851382781751453876e-03 3.268529544584453106e-04 3.035880252718925476e-02 6.054405495524406433e-02 1.664539240300655365e-02 5.215699970722198486e-02 8.198811672627925873e-03 2.371194213628768921e-02 1.383240055292844772e-02 2.307562902569770813e-02 4.984736908227205276e-03 2.715942077338695526e-02 3.659755922853946686e-03 1.451906282454729080e-02 1.222864165902137756e-02 3.704656660556793213e-02 2.215353958308696747e-02 1.745795458555221558e-02 2.966015832498669624e-03 3.830380504950881004e-03 4.260247515048831701e-04 1.992884650826454163e-02 7.983608171343803406e-03 4.719804972410202026e-03 3.433403000235557556e-02 3.471356630325317383e-02 1.791611872613430023e-02 1.739073172211647034e-02 1.165086124092340469e-02 6.275816820561885834e-03 1.358670834451913834e-02 2.282119542360305786e-02 2.515627443790435791e-02 1.056404970586299896e-02 5.809161812067031860e-03 1.071514212526381016e-03 4.174599889665842056e-03 1.278757303953170776e-02 2.165430784225463867e-02 2.526579611003398895e-02 1.491977088153362274e-02 2.072925865650177002e-02
7.515061646699905396e-02 5.768063664436340332e-02 2.055007778108119965e-02 1.680877618491649628e-02 2.422257699072360992e-02 3.316096216440200806e-02 3.356630355119705200e-02 2.307214960455894470e-02 2.257826039567589760e-03 1.020674314349889755e-02 8.307073116302490234e-01 2.066734479740262032e-03 7.301054149866104126e-02 1.168034784495830536e-02 2.308277413249015808e-02 4.759099334478378296e-03 2.311622491106390953e-03 2.836684230715036392e-03 1.395698171108961105e-02 1.561511866748332977e-02 2.045020274817943573e-02 2.080820687115192413e-02 1.403390616178512573e-02 1.322865765541791916e-02 2.464333735406398773e-02 3.387187048792839050e-02 2.382288128137588501e-02 1.186320651322603226e-02 3.265700489282608032e-02 8.358414284884929657e-03 3.119849599897861481e-03 3.245273977518081665e-02 2.453790977597236633e-02 2.512416988611221313e-02 8.040905930101871490e-03 1.183546893298625946e-02 1.432262826710939407e-03 1.476028002798557281e-02 1.786109991371631622e-02 1.643316447734832764e-02 1.398081611841917038e-02 4.574662074446678162e-03 7.001925259828567505e-03 2.681968547403812408e-02 1.233746856451034546e-02 1.919495314359664917e-02 2.929603867232799530e-02 6.585170514881610870e-03 8.972058072686195374e-03 6.596550345420837402e-03 2.040115650743246078e-03 2.727013640105724335e-02 7.464323192834854126e-03 9.682544623501598835e-04 1.333366526523604989e-04 1.174787804484367371e-02 3.107879497110843658e-02 2.461580187082290649e-02 3.571637347340583801e-02 1.831113547086715698e-02 4.816049244254827499e-03 1.581756956875324249e-02 9.044825099408626556e-03 7.292472291737794876e-03 3.366320952773094177e-02 3.553894162178039551e-02 1.661816611886024475e-02 3.107569739222526550e-02 1.945092924870550632e-03 2.181351929903030396e-02 6.863376125693321228e-03 2.130078850314021111e-03 8.541965857148170471e-03 1.737071084789931774e-03 1.058192690834403038e-03 9.784282185137271881e-03 4.444036167114973068e-03 1.210353896021842957e-02 6.658896803855895996e-03 2.549071609973907471e-02 1.766599714756011963e-02 1.285534584894776344e-03 2.260052785277366638e-02 4.462204873561859131e-03 1.555249746888875961e-02 2.605845779180526733e-02 3.917188569903373718e-02 2.623451314866542816e-02 1.116632390767335892e-02 1.607239060103893280e-02 3.017883934080600739e-02 3.130862861871719360e-02 7.165946532040834427e-03 1.730103604495525360e-02 2.791652269661426544e-02 1.766443834640085697e-03 8.221580646932125092e-03 1.107956375926733017e-02 1.283271517604589462e-02 1.462371554225683212e-02 9.688097052276134491e-03 1.509934081695973873e-03 8.604370988905429840e-03 7.554330397397279739e-03 8.396221324801445007e-03 1.684347726404666901e-02 1.381418947130441666e-02 5.380808375775814056e-03 3.790276357904076576e-03 1.590173505246639252e-02 1.491861045360565186e-02 2.032498270273208618e-02 1.342156250029802322e-02 2.743167988955974579e-02 7.149344775825738907e-03 1.906992681324481964e-02
1.509291958063840866e-02 1.026209443807601929e-02 7.054001092910766602e-03 1.092974052880890667e-04 9.260470978915691376e-03 5.432350933551788330e-02 4.707132652401924133e-02 1.479126140475273132e-02 9.671818464994430542e-03 1.736990525387227535e-03 2.066734479740262032e-03 8.307073116302490234e-01 4.087135661393404007e-03 8.569988608360290527e-02 3.147092415019869804e-03 7.327619474381208420e-03 1.406825333833694458e-02 1.879969798028469086e-02 3.943861648440361023e-02 8.240263559855520725e-05 1.679951697587966919e-02 2.050007227808237076e-03 3.320323675870895386e-02 2.523691207170486450e-02 7.108064834028482437e-03 1.791312731802463531e-02 1.485238038003444672e-02 5.409801378846168518e-02 2.845677314326167107e-03 4.901776462793350220e-02 1.172725018113851547e-02 1.617965660989284515e-02 3.111344017088413239e-02 2.632857672870159149e-02 2.667983435094356537e-02 1.965980604290962219e-02 1.950461417436599731e-02 9.594997391104698181e-03 7.912682369351387024e-03 6.745931226760149002e-03 2.533699758350849152e-02 1.303519774228334427e-02 1.851223222911357880e-02 1.188077963888645172e-03 5.332729220390319824e-02 4.734649509191513062e-02 4.463523626327514648e-02 4.388427361845970154e-02 1.009533926844596863e-02 1.578183472156524658e-02 4.227617383003234863e-02 2.755734696984291077e-02 2.432628534734249115e-03 3.439141903072595596e-03 1.050208136439323425e-02 1.937063597142696381e-02 1.637127622961997986e-02 2.922154590487480164e-02 2.732520690187811852e-03 1.676943269558250904e-03 1.816585659980773926e-02 2.294682525098323822e-02 6.286334712058305740e-03 2.042249962687492371e-02 3.169027389958500862e-03 5.936174420639872551e-04 1.166546065360307693e-02 1.066423021256923676e-02 9.600079618394374847e-03 8.498502429574728012e-04 8.749110624194145203e-03 2.037771046161651611e-03 8.359433268196880817e-04 8.629250340163707733e-03 1.620887633180245757e-04 3.264671540819108486e-04 1.685612834990024567e-02 6.031817756593227386e-03 2.749535255134105682e-02 2.545541524887084961e-02 1.525800116360187531e-02 1.460990961641073227e-02 1.129230111837387085e-02 3.095756750553846359e-03 3.265405818819999695e-02 1.077928207814693451e-02 4.587340168654918671e-03 1.375709660351276398e-02 4.537353664636611938e-02 4.678823426365852356e-02 2.176791243255138397e-02 1.091029727831482887e-03 4.225889965891838074e-02 7.618217729032039642e-03 2.588048763573169708e-02 1.138595398515462875e-02 1.974025741219520569e-03 9.520316496491432190e-03 1.269115507602691650e-02 5.750966258347034454e-03 5.683909170329570770e-03 4.440445918589830399e-03 8.711908943951129913e-03 6.946472916752099991e-03 4.462530370801687241e-03 5.792248994112014771e-03 9.844677522778511047e-03 1.099105272442102432e-02 1.193160843104124069e-02 1.990315970033407211e-03 1.716321147978305817e-02 2.742287144064903259e-02 2.747082151472568512e-02 2.232982032001018524e-02 7.009915541857481003e-03 3.823740873485803604e-03
6.327913701534271240e-02 7.303901761770248413e-02 1.251599285751581192e-02 1.213874388486146927e-02 1.145606301724910736e-02 2.973361127078533173e-02 3.424801677465438843e-02 1.751443557441234589e-02 7.543694227933883667e-03 1.095942594110965729e-02 7.301054149866104126e-02 4.087135661393404007e-03 8.307073116302490234e-01 5.105193238705396652e-03 3.345488384366035461e-02 6.925772875547409058e-03 3.797808603849261999e-04 6.651609670370817184e-03 1.172581501305103302e-02 1.280974783003330231e-02 9.573596529662609100e-03 2.939505688846111298e-02 5.643435753881931305e-03 1.070623286068439484e-02 1.517098397016525269e-02 1.162194740027189255e-02 2.903501875698566437e-02 7.144039962440729141e-03 3.559937700629234314e-02 2.513194456696510315e-03 2.728495374321937561e-02 2.531652525067329407e-02 1.324004773050546646e-02 1.379755605012178421e-02 3.874730085954070091e-03 7.075955509208142757e-04 9.242632077075541019e-04 1.838644035160541534e-02 1.537589356303215027e-02 2.269639633595943451e-02 1.090044621378183365e-02 1.348033430986106396e-03 1.634938525967299938e-03 2.260835841298103333e-02 1.238190755248069763e-02 1.292783394455909729e-02 2.997194044291973114e-02 1.251130178570747375e-02 6.492708344012498856e-03 7.927823811769485474e-03 3.319927025586366653e-03 2.201119065284729004e-02 1.935449615120887756e-02 9.912920184433460236e-03 6.411150679923593998e-04 4.041375592350959778e-03 1.780868507921695709e-02 2.119814418256282806e-02 4.158537462353706360e-02 2.715357579290866852e-02 1.332980394363403320e-02 7.230145856738090515e-03 7.968896068632602692e-03 3.017142415046691895e-03 3.559042140841484070e-02 3.682076930999755859e-02 8.699205704033374786e-03 1.978722400963306427e-02 4.649532493203878403e-03 1.759479567408561707e-02 6.304925191216170788e-04 2.275798097252845764e-02 1.067015249282121658e-02 2.108331583440303802e-02 9.461804293096065521e-03 3.271473571658134460e-02 4.653724841773509979e-03 1.337613817304372787e-02 8.508069440722465515e-03 1.275094877928495407e-02 1.390223391354084015e-02 2.923311898484826088e-03 3.074972704052925110e-02 1.328681968152523041e-02 3.118337830528616905e-03 9.650410152971744537e-03 2.856260724365711212e-02 3.071080707013607025e-02 1.047252677381038666e-02 4.362132400274276733e-03 2.987737394869327545e-02 2.088172361254692078e-02 1.120430789887905121e-02 2.409368567168712616e-02 2.463799342513084412e-02 6.447449326515197754e-03 1.587332412600517273e-02 3.258751332759857178e-02 9.972109692171216011e-04 1.553566544316709042e-03 1.475208159536123276e-02 3.212752752006053925e-03 5.474818754009902477e-04 2.126607298851013184e-02 5.476284306496381760e-03 1.075406838208436966e-02 1.314522232860326767e-02 1.154753938317298889e-02 1.803788915276527405e-02 2.574798837304115295e-02 1.921847695484757423e-03 1.871464215219020844e-02 1.124169211834669113e-02 1.749616488814353943e-02 7.956175133585929871e-03 2.991246292367577553e-03
