8.435307741165161133e-01 5.466881394386291504e-02 1.449231989681720734e-02 1.596697047352790833e-02 1.576391980051994324e-02 4.701574891805648804e-02 4.991280660033226013e-02 2.828964218497276306e-02 2.777487598359584808e-02 1.945681311190128326e-02 5.155358463525772095e-02 1.163083361461758614e-03 4.528270661830902100e-02 1.523766573518514633e-02 3.513570129871368408e-02 4.783494863659143448e-03 3.731791861355304718e-03 2.058249898254871368e-03 3.277509007602930069e-03 1.864058710634708405e-02 1.361520029604434967e-02 2.458060905337333679e-02 1.917509920895099640e-02 1.018419302999973297e-02 4.785634577274322510e-03 3.398459870368242264e-03 7.778631057590246201e-03 6.032381206750869751e-03 2.637918479740619659e-02 1.691269874572753906e-02 9.161674417555332184e-03 1.873674616217613220e-02 5.732215009629726410e-03 1.992267929017543793e-02 1.245438773185014725e-02 3.478293865919113159e-02 2.959147468209266663e-02 8.266601711511611938e-03 1.711701625026762486e-03 1.468401961028575897e-02 1.230374723672866821e-02 2.424123138189315796e-02 1.080832257866859436e-02 9.223154745995998383e-03 5.741444882005453110e-03 1.459287945181131363e-03 3.584052622318267822e-02 4.027967900037765503e-02 6.360390223562717438e-03 8.732753922231495380e-04 3.359367325901985168e-02 3.234358131885528564e-02 8.068997412919998169e-03 1.406424958258867264e-02 5.249041598290205002e-03 9.470885619521141052e-03 6.198849994689226151e-03 5.444482434540987015e-03 1.030553784221410751e-02 2.650205232203006744e-02 3.904933109879493713e-03 8.068282157182693481e-03 4.172099288552999496e-03 5.449056159704923630e-03 2.554101869463920593e-02 2.405187115073204041e-02 1.540296897292137146e-02 9.915739297866821289e-03 2.166937477886676788e-02 8.277642540633678436e-03 1.936901547014713287e-02 1.769216544926166534e-02 1.173714827746152878e-02 2.875492209568619728e-03 5.032911896705627441e-03 1.805024966597557068e-02 2.761065028607845306e-02 2.485368773341178894e-02 9.228217095369473100e-05 1.373285055160522461e-02 1.211832277476787567e-02 2.048411779105663300e-02 1.113620959222316742e-02 5.711961537599563599e-03 3.278139280155301094e-03 2.020861580967903137e-02 3.547256067395210266e-02 2.809283137321472168e-02 9.305048733949661255e-03 4.882819019258022308e-03 3.485943004488945007e-02 2.237514220178127289e-02 2.640102244913578033e-02 5.120406392961740494e-03 1.807803660631179810e-02 1.094704959541559219e-02 6.792904343456029892e-03 1.612700894474983215e-02 2.759291231632232666e-02 2.888971939682960510e-02 1.297904085367918015e-02 2.883984893560409546e-02 7.569500710815191269e-03 1.440171152353286743e-02 6.145204417407512665e-03 1.336079556494951248e-02 1.702204905450344086e-02 1.255473773926496506e-02 3.553681075572967529e-02 6.643006578087806702e-03 8.844086551107466221e-06 5.781687796115875244e-03 2.029765956103801727e-02 9.986276738345623016e-03 6.888337898999452591e-03 2.626608870923519135e-02
5.466881394386291504e-02 8.435307741165161133e-01 1.354233268648386002e-02 1.537825725972652435e-02 1.026795525103807449e-02 4.680329188704490662e-02 5.079292878508567810e-02 2.662516757845878601e-02 2.049510739743709564e-02 1.005781814455986023e-02 5.024094134569168091e-02 5.852314177900552750e-03 4.976451024413108826e-02 1.168598514050245285e-02 3.080892749130725861e-02 6.698329001665115356e-03 3.813796676695346832e-03 7.556349970400333405e-03 7.323353085666894913e-03 1.874525658786296844e-02 1.891253516077995300e-02 2.446942031383514404e-02 1.609698683023452759e-02 8.155387826263904572e-03 6.319019943475723267e-03 5.198096390813589096e-03 8.549599442631006241e-05 4.627589660231024027e-04 2.812828682363033295e-02 9.379209019243717194e-03 1.864649169147014618e-02 2.380013093352317810e-02 1.122515462338924408e-02 2.838801406323909760e-02 1.971873827278614044e-02 3.273819386959075928e-02 2.608302421867847443e-02 1.632476970553398132e-02 9.431494399905204773e-04 4.910148680210113525e-03 1.566952466964721680e-02 2.218072116374969482e-02 1.233797241002321243e-02 2.194562548538669944e-04 9.376180358231067657e-03 1.133615849539637566e-03 3.422065451741218567e-02 3.931079804897308350e-02 7.969656027853488922e-03 3.953986160922795534e-04 3.570411726832389832e-02 3.193367272615432739e-02 9.124489501118659973e-03 1.679287850856781006e-02 8.030045777559280396e-03 2.297607949003577232e-03 4.477952141314744949e-03 6.402954459190368652e-03 1.226793508976697922e-02 2.641547657549381256e-02 3.765184897929430008e-03 1.525462372228503227e-03 6.794608780182898045e-04 5.819638259708881378e-03 2.354799211025238037e-02 2.729096822440624237e-02 1.517539285123348236e-02 1.150135044008493423e-02 1.799543201923370361e-02 2.239185385406017303e-03 1.632159575819969177e-02 2.713326364755630493e-02 1.264924928545951843e-02 1.248231995850801468e-02 7.690925151109695435e-03 3.017884492874145508e-02 2.315600588917732239e-02 1.943536661565303802e-02 6.303359754383563995e-03 9.588464163243770599e-03 1.503807678818702698e-02 2.502468042075634003e-02 4.378675017505884171e-03 4.519863519817590714e-03 5.043594632297754288e-03 1.255351305007934570e-02 3.316114470362663269e-02 2.993855625391006470e-02 9.381281211972236633e-03 5.969936028122901917e-03 3.122623451054096222e-02 1.511401496827602386e-02 2.927481196820735931e-02 6.621272303164005280e-03 1.910210959613323212e-02 9.247084148228168488e-03 1.306886039674282074e-02 2.198930457234382629e-02 2.547510713338851929e-02 2.576052583754062653e-02 1.163881924003362656e-02 2.938716299831867218e-02 1.822361955419182777e-04 2.109945751726627350e-02 1.982581336051225662e-03 7.117802277207374573e-03 1.675915904343128204e-02 2.340288832783699036e-03 3.267278522253036499e-02 7.586332503706216812e-03 7.458050269633531570e-03 6.667087785899639130e-03 2.492599189281463623e-02 1.512310747057199478e-02 9.994836524128913879e-03 3.847543895244598389e-02
1.449231989681720734e-02 1.354233268648386002e-02 8.435307741165161133e-01 2.097727358341217041e-02 2.829772606492042542e-02 2.419852185994386673e-03 4.943518433719873428e-03 5.626560188829898834e-03 1.506086625158786774e-02 2.891372516751289368e-02 9.957199916243553162e-03 1.316840294748544693e-02 1.360101997852325439e-02 1.678582839667797089e-02 1.544223073869943619e-02 1.761800236999988556e-02 7.753225509077310562e-03 3.581579076126217842e-03 3.283221740275621414e-04 4.958214238286018372e-03 1.575758494436740875e-02 2.138523152098059654e-03 9.813435375690460205e-03 1.859145984053611755e-02 2.511542290449142456e-03 4.480558447539806366e-03 3.207549452781677246e-02 3.477845713496208191e-02 9.967989753931760788e-04 3.027077391743659973e-02 2.385129965841770172e-02 1.402366615366190672e-04 2.654385939240455627e-02 4.968812572769820690e-04 2.346528135240077972e-02 1.495414320379495621e-02 1.553334575146436691e-02 2.351338230073451996e-02 7.465698290616273880e-03 4.266054183244705200e-02 8.954154327511787415e-03 1.871804520487785339e-02 1.833926141262054443e-02 1.812328025698661804e-02 1.014799159020185471e-02 2.988327760249376297e-04 4.842178896069526672e-03 7.057995535433292389e-03 1.206252817064523697e-02 2.431103214621543884e-02 2.416263520717620850e-02 2.949944697320461273e-02 2.574640698730945587e-02 2.324203960597515106e-02 9.301579557359218597e-03 3.420732170343399048e-02 3.449100628495216370e-02 2.066334942355751991e-03 1.422168593853712082e-02 1.817097514867782593e-02 1.139751076698303223e-02 1.267215423285961151e-02 1.276130601763725281e-02 7.718333508819341660e-04 1.908151246607303619e-02 1.948665268719196320e-02 3.673316910862922668e-03 1.004981994628906250e-02 3.534656250849366188e-03 1.788384839892387390e-02 1.390515081584453583e-02 2.336220117285847664e-03 1.679659076035022736e-02 1.745640300214290619e-03 1.660938188433647156e-02 2.762165386229753494e-03 9.748063981533050537e-03 2.153006196022033691e-02 2.331057004630565643e-02 1.893807388842105865e-02 2.184227295219898224e-02 1.530602201819419861e-02 1.104083377867937088e-02 1.401325687766075134e-02 9.435826912522315979e-03 2.738366462290287018e-02 7.726375944912433624e-03 2.784368116408586502e-03 2.699459157884120941e-02 1.467236317694187164e-02 9.464384987950325012e-03 8.620711741968989372e-04 1.715821235848125070e-05 3.847121261060237885e-03 1.740725524723529816e-02 1.641159132122993469e-02 1.598082669079303741e-02 7.973117753863334656e-03 2.597590349614620209e-02 3.420691937208175659e-02 1.030302420258522034e-02 9.533158503472805023e-03 1.385456044226884842e-02 3.772292751818895340e-03 1.131283584982156754e-02 4.625272005796432495e-03 1.697793975472450256e-02 1.431113481521606445e-02 1.442658994346857071e-02 1.659975387156009674e-02 4.314100369811058044e-04 1.059818454086780548e-02 1.395883411169052124e-02 8.012689067982137203e-04 2.122958004474639893e-02 1.758053898811340332e-03
1.596697047352790833e-02 1.537825725972652435e-02 2.097727358341217041e-02 8.435307741165161133e-01 6.633955240249633789e-02 7.661182899028062820e-03 1.612559333443641663e-02 9.354944340884685516e-03 1.236406806856393814e-02 1.664418354630470276e-02 2.374356798827648163e-02 1.728200167417526245e-02 1.268148608505725861e-02 3.220864804461598396e-03 3.056097030639648438e-02 1.637466438114643097e-02 1.094257086515426636e-02 4.188328236341476440e-02 2.919823862612247467e-02 2.968681417405605316e-02 2.098264545202255249e-02 3.205854818224906921e-02 6.483179051429033279e-03 1.433254871517419815e-02 2.590681612491607666e-02 1.668825745582580566e-02 2.228691428899765015e-02 2.872335957363247871e-03 1.301685534417629242e-02 8.476599119603633881e-03 1.252081710845232010e-02 2.544107288122177124e-02 6.720117758959531784e-03 1.128451526165008545e-02 4.666625056415796280e-03 2.462171576917171478e-02 2.181365154683589935e-02 1.024302374571561813e-02 3.013487718999385834e-02 2.198720537126064301e-02 5.908594932407140732e-03 9.926596656441688538e-03 1.615627855062484741e-02 1.172288972884416580e-02 3.649815451353788376e-03 2.602504799142479897e-03 7.636763155460357666e-03 1.468282844871282578e-02 2.587767131626605988e-02 5.998708307743072510e-03 9.052290581166744232e-03 1.375327724963426590e-02 3.951270598918199539e-03 1.546212472021579742e-02 1.541690994054079056e-02 4.507757723331451416e-03 5.653325002640485764e-03 8.234646171331405640e-03 1.143842563033103943e-02 7.161542773246765137e-03 2.682339027523994446e-02 1.195162534713745117e-02 3.046650439500808716e-03 5.568245891481637955e-03 1.885057799518108368e-02 2.279808185994625092e-02 2.529011853039264679e-02 3.150091320276260376e-02 3.802446648478507996e-03 1.170403137803077698e-02 8.780224743532016873e-05 1.426762621849775314e-02 2.982292510569095612e-02 1.568794809281826019e-02 1.035981997847557068e-02 1.105356588959693909e-02 4.442078527063131332e-03 4.815670836251229048e-04 7.241903222166001797e-04 3.951101098209619522e-03 2.823008224368095398e-03 1.792921312153339386e-02 5.644832924008369446e-02 2.741967886686325073e-02 2.644471079111099243e-02 5.875763017684221268e-03 2.317678742110729218e-02 1.413471810519695282e-02 8.523888885974884033e-03 9.932053275406360626e-03 1.531410589814186096e-02 3.553721681237220764e-02 2.023711800575256348e-02 3.317447006702423096e-02 1.995949260890483856e-02 6.820337846875190735e-03 2.153447642922401428e-02 6.031178403645753860e-03 1.856490969657897949e-02 5.506576038897037506e-03 1.132293324917554855e-02 1.031147036701440811e-02 9.384111501276493073e-03 2.747389255091547966e-03 1.177310198545455933e-02 1.130421645939350128e-02 3.177665406838059425e-03 1.633801870048046112e-02 2.353397384285926819e-02 5.753733217716217041e-03 8.128634653985500336e-03 1.750185340642929077e-02 2.379614859819412231e-02 1.927122287452220917e-02 3.312475048005580902e-03 2.578033367171883583e-03
1.576391980051994324e-02 1.026795525103807449e-02 2.829772606492042542e-02 6.633955240249633789e-02 8.435307741165161133e-01 4.204521537758409977e-04 7.570087909698486328e-03 8.026165887713432312e-03 1.624608784914016724e-02 2.888093329966068268e-02 2.161822281777858734e-02 3.966679796576499939e-03 6.744705606251955032e-03 2.658062381669878960e-03 2.673818729817867279e-02 1.308527123183012009e-02 3.137402236461639404e-03 4.320430383086204529e-02 3.226863965392112732e-02 3.052274882793426514e-02 1.632800325751304626e-02 2.691841125488281250e-02 9.935692884027957916e-03 9.071289561688899994e-03 2.204416133463382721e-02 1.326855830848217010e-02 3.449362516403198242e-02 1.631635986268520355e-02 7.265663007274270058e-04 1.801927946507930756e-02 2.397911390289664268e-03 1.736487634479999542e-02 2.708039944991469383e-03 3.096702741459012032e-03 1.268634665757417679e-02 2.989826537668704987e-02 2.583518624305725098e-02 1.600832119584083557e-02 2.715692855417728424e-02 3.605024516582489014e-02 6.218725815415382385e-03 7.567578926682472229e-03 2.046904340386390686e-02 2.343782037496566772e-02 5.177857819944620132e-03 8.605791255831718445e-03 1.257986575365066528e-02 2.095463499426841736e-02 2.087553218007087708e-02 1.670091599225997925e-02 1.726001850329339504e-03 9.737025015056133270e-03 5.371882114559412003e-03 9.463496506214141846e-03 2.289033681154251099e-02 2.193327434360980988e-02 2.730166015680879354e-04 3.029407700523734093e-03 1.341809332370758057e-02 4.325676243752241135e-03 2.957721054553985596e-02 2.688260376453399658e-02 3.038324415683746338e-03 1.756590604782104492e-02 1.614291593432426453e-02 1.614220440387725830e-02 2.564355358481407166e-02 3.286907449364662170e-02 3.544644685462117195e-03 3.983415197581052780e-03 6.122023798525333405e-03 2.712022047489881516e-03 2.153970301151275635e-02 3.694194369018077850e-03 7.310046814382076263e-03 2.261691988678649068e-04 5.125807598233222961e-03 6.737367250025272369e-03 4.459412884898483753e-04 1.947823539376258850e-02 2.176980953663587570e-03 2.090621553361415863e-02 6.096451729536056519e-02 4.223177582025527954e-02 2.942303940653800964e-02 2.526651602238416672e-03 1.970143802464008331e-02 4.169917199760675430e-03 1.890390296466648579e-03 7.943043485283851624e-03 1.532078348100185394e-02 3.392545133829116821e-02 2.566987089812755585e-02 2.824102155864238739e-02 8.714251220226287842e-03 9.361708536744117737e-03 2.236741408705711365e-02 3.190357005223631859e-03 1.631680317223072052e-02 5.060715135186910629e-03 9.280270896852016449e-03 3.690376412123441696e-03 1.613184437155723572e-02 2.363190753385424614e-03 8.958835154771804810e-03 1.855160109698772430e-02 4.288163909222930670e-04 2.530789189040660858e-02 2.010691165924072266e-02 1.668438315391540527e-02 1.959573291242122650e-02 1.934904791414737701e-02 2.298097498714923859e-02 2.632366679608821869e-02 6.438694894313812256e-03 1.415813248604536057e-02
4.701574891805648804e-02 4.680329188704490662e-02 2.419852185994386673e-03 7.661182899028062820e-03 4.204521537758409977e-04 8.435307741165161133e-01 6.077280268073081970e-02 2.557931281626224518e-02 1.704995706677436829e-02 4.716440103948116302e-03 4.274604097008705139e-02 1.869598403573036194e-02 4.050816223025321960e-02 4.304493777453899384e-03 2.304198965430259705e-02 2.184101939201354980e-02 1.801268570125102997e-02 6.917707156389951706e-03 1.803030958399176598e-03 3.785334120038896799e-04 3.047415520995855331e-03 2.176025882363319397e-02 2.931067347526550293e-02 1.981699839234352112e-02 1.075390540063381195e-02 1.188457943499088287e-02 2.643122803419828415e-03 2.530546113848686218e-02 2.413950860500335693e-02 1.193065568804740906e-02 1.721866801381111145e-02 6.792384665459394455e-03 1.001206226646900177e-02 1.208405103534460068e-02 5.175243597477674484e-03 1.175615098327398300e-02 3.108750097453594208e-03 1.339478511363267899e-02 1.724999025464057922e-02 1.054067537188529968e-02 2.255105786025524139e-02 1.740416884422302246e-02 1.733754016458988190e-02 1.976798754185438156e-03 5.786698893643915653e-04 6.108511704951524734e-03 5.472589284181594849e-02 5.240624397993087769e-02 1.332781370729207993e-02 2.105478569865226746e-02 3.400329872965812683e-02 3.203704953193664551e-02 1.385533716529607773e-02 3.146942704916000366e-03 5.886909551918506622e-03 1.519539393484592438e-02 2.038673684000968933e-02 3.682225476950407028e-03 2.114972448907792568e-04 1.373501773923635483e-02 6.932531483471393585e-03 7.196419755928218365e-04 6.943688262253999710e-03 9.041998535394668579e-03 1.098506152629852295e-02 1.891369931399822235e-02 1.626753830350935459e-03 4.746174439787864685e-03 3.013812378048896790e-02 9.473296813666820526e-03 2.622737735509872437e-02 1.909386180341243744e-02 2.863647416234016418e-02 4.117009229958057404e-03 2.608016319572925568e-02 1.320001389831304550e-02 2.551171369850635529e-02 1.829103752970695496e-02 8.692854084074497223e-03 2.901793690398335457e-03 7.024072692729532719e-04 1.692791283130645752e-02 2.717978786677122116e-03 2.732262713834643364e-03 7.787324953824281693e-03 1.604221947491168976e-02 2.125628665089607239e-02 2.215686254203319550e-02 2.600701339542865753e-02 1.776042021811008453e-02 4.286231100559234619e-02 2.052578888833522797e-02 4.533565789461135864e-02 3.717102343216538429e-03 1.814856380224227905e-02 4.356102086603641510e-03 1.338032912462949753e-02 2.737804083153605461e-03 1.870095916092395782e-02 2.090564556419849396e-02 6.889815907925367355e-03 1.786161214113235474e-02 1.139043644070625305e-02 2.910338807851076126e-03 2.460150793194770813e-02 7.366556674242019653e-03 3.296022303402423859e-03 1.202908437699079514e-02 1.806334219872951508e-02 2.472191816195845604e-03 1.483121607452630997e-02 1.783975772559642792e-02 2.481995150446891785e-02 3.060612082481384277e-02 5.008411128073930740e-03 3.206026181578636169e-02
4.991280660033226013e-02 5.079292878508567810e-02 4.943518433719873428e-03 1.612559333443641663e-02 7.570087909698486328e-03 6.077280268073081970e-02 8.435307741165161133e-01 2.571046911180019379e-02 2.267237752676010132e-02 1.151737640611827374e-03 4.641686007380485535e-02 2.015851065516471863e-02 4.268861934542655945e-02 9.433549712412059307e-04 2.547346614301204681e-02 1.894288882613182068e-02 1.518359221518039703e-02 5.754327867180109024e-03 2.321976935490965843e-03 8.568935096263885498e-03 8.597420528531074524e-03 2.171959355473518372e-02 2.671601995825767517e-02 1.555525604635477066e-02 1.889204489998519421e-03 3.568347310647368431e-03 5.124140996485948563e-03 2.072296850383281708e-02 2.634545415639877319e-02 7.191846147179603577e-03 1.420504134148359299e-02 1.441550906747579575e-02 6.156463641673326492e-03 1.758514717221260071e-02 5.221133120357990265e-03 1.547990366816520691e-02 9.615700691938400269e-03 1.105768792331218719e-02 1.994231715798377991e-02 5.309079308062791824e-03 1.954840682446956635e-02 1.883426867425441742e-02 1.661610603332519531e-02 9.433517698198556900e-04 3.385247429832816124e-03 7.567048887722194195e-04 5.020696669816970825e-02 4.768550395965576172e-02 1.447292603552341461e-02 1.633982546627521515e-02 3.924781084060668945e-02 3.748657926917076111e-02 1.049309317022562027e-02 4.737946204841136932e-03 4.081512801349163055e-03 1.625770702958106995e-02 1.780232228338718414e-02 8.141458034515380859e-03 8.174047252396121621e-05 1.639292202889919281e-02 8.915388956665992737e-03 5.954333464615046978e-04 6.709658540785312653e-03 7.320641539990901947e-03 1.632326655089855194e-02 2.317185886204242706e-02 8.420173078775405884e-03 5.059076473116874695e-03 3.179060667753219604e-02 8.618541993200778961e-03 2.681854926049709320e-02 2.233550511300563812e-02 2.870264463126659393e-02 2.729532541707158089e-03 2.100355923175811768e-02 1.589026860892772675e-02 2.997669018805027008e-02 2.384244091808795929e-02 5.261668935418128967e-03 1.845421211328357458e-04 2.154707210138440132e-03 1.501645706593990326e-02 4.803755320608615875e-03 4.374732263386249542e-03 3.790742252022027969e-03 1.426963414996862411e-02 2.562261931598186493e-02 2.621430344879627228e-02 2.276308275759220123e-02 1.105576194822788239e-02 3.944477438926696777e-02 2.517054602503776550e-02 4.149278625845909119e-02 8.797430433332920074e-03 2.372408472001552582e-02 9.515794226899743080e-05 9.102754294872283936e-03 1.486209104768931866e-03 2.043302170932292938e-02 2.319354750216007233e-02 1.648281700909137726e-03 2.249493449926376343e-02 1.335846725851297379e-02 2.095048548653721809e-03 2.172995172441005707e-02 5.871538072824478149e-03 8.859713561832904816e-04 9.791145101189613342e-03 2.386293932795524597e-02 1.941382070071995258e-03 6.097089499235153198e-03 6.251937244087457657e-03 2.023038826882839203e-02 2.757616899907588959e-02 9.775540092960000038e-04 3.390388190746307373e-02
2.828964218497276306e-02 2.662516757845878601e-02 5.626560188829898834e-03 9.354944340884685516e-03 8.026165887713432312e-03 2.557931281626224518e-02 2.571046911180019379e-02 8.435307741165161133e-01 1.127996947616338730e-02 2.618424408137798309e-02 3.118384443223476410e-02 2.263890579342842102e-02 1.926138997077941895e-02 1.207846682518720627e-02 3.324927389621734619e-02 1.195685099810361862e-02 1.051125302910804749e-02 5.126498173922300339e-03 1.386281754821538925e-02 3.343988955020904541e-02 4.528919700533151627e-03 3.652929514646530151e-02 2.775138244032859802e-03 4.606443922966718674e-03 1.826030947268009186e-02 7.072785869240760803e-03 2.924561128020286560e-02 1.438674866221845150e-03 6.096229888498783112e-03 1.650711405090987682e-03 1.818807050585746765e-02 7.785453926771879196e-03 9.643499739468097687e-03 4.057734273374080658e-03 1.117084920406341553e-02 2.973011694848537445e-02 2.516292780637741089e-02 5.343805067241191864e-03 2.264071069657802582e-02 7.970927399583160877e-04 3.853257512673735619e-03 2.351087145507335663e-02 1.905841380357742310e-02 1.463496871292591095e-02 2.795718237757682800e-02 3.221498802304267883e-02 1.963181979954242706e-02 1.329545676708221436e-02 2.058742567896842957e-02 1.781927049160003662e-02 9.395262226462364197e-03 1.649368554353713989e-02 2.122724615037441254e-02 1.899372227489948273e-02 1.249099709093570709e-02 8.847980061545968056e-04 3.190380753949284554e-03 1.238275226205587387e-02 1.710127666592597961e-02 2.454843372106552124e-02 2.399492543190717697e-03 2.486160025000572205e-03 3.097958303987979889e-02 3.733029216527938843e-02 3.274307399988174438e-02 2.026382088661193848e-02 1.245283056050539017e-02 7.343292701989412308e-03 9.027170017361640930e-03 2.548421174287796021e-02 1.419888809323310852e-02 7.390080951154232025e-03 1.194281317293643951e-02 8.738555014133453369e-03 1.020293217152357101e-02 2.259220927953720093e-03 8.598305284976959229e-03 2.001408115029335022e-02 2.207062020897865295e-02 2.253913693130016327e-02 3.496419265866279602e-02 3.894033282995223999e-02 4.730009939521551132e-03 8.336293511092662811e-03 9.661337360739707947e-03 1.322748791426420212e-02 4.514016583561897278e-02 3.157189115881919861e-02 2.273512538522481918e-03 1.107763219624757767e-02 2.129502221941947937e-02 3.405314311385154724e-02 1.264092139899730682e-02 2.582173421978950500e-02 1.435598358511924744e-02 5.646023200824856758e-04 2.453989814966917038e-03 4.554679981083609164e-05 5.991523619741201401e-03 1.398684736341238022e-02 1.093493122607469559e-02 1.078604348003864288e-02 1.668318145675584674e-04 1.340462360531091690e-02 1.055259071290493011e-02 1.735621131956577301e-02 1.648261211812496185e-02 3.037518635392189026e-02 2.106491290032863617e-02 8.308295160531997681e-03 3.407344629522413015e-04 2.324872184544801712e-03 1.797211356461048126e-02 2.099549770355224609e-02 6.020571105182170868e-03 1.072728191502392292e-04
2.777487598359584808e-02 2.049510739743709564e-02 1.506086625158786774e-02 1.236406806856393814e-02 1.624608784914016724e-02 1.704995706677436829e-02 2.267237752676010132e-02 1.127996947616338730e-02 8.435307741165161133e-01 3.618095815181732178e-02 3.302498161792755127e-02 1.782491430640220642e-02 2.262253314256668091e-02 2.225489122793078423e-03 1.996527425944805145e-02 1.510948408395051956e-02 2.033239230513572693e-02 1.074213348329067230e-02 1.012475043535232544e-02 8.670547977089881897e-03 1.710386388003826141e-02 1.406653039157390594e-02 3.523495048284530640e-02 3.389643877744674683e-02 1.470407354645431042e-03 2.723002573475241661e-03 2.858203137293457985e-03 2.749872161075472832e-03 3.644159808754920959e-02 1.466284133493900299e-02 9.028619155287742615e-03 7.322604302316904068e-03 2.743838820606470108e-03 4.072302486747503281e-03 4.605676513165235519e-03 1.305107306689023972e-02 1.599460653960704803e-02 2.628264017403125763e-02 8.488355204463005066e-03 5.252063856460154057e-04 2.445991337299346924e-02 3.466210514307022095e-02 1.137616485357284546e-02 1.640452817082405090e-02 3.685769857838749886e-03 3.781717037782073021e-03 2.611435949802398682e-02 1.766252145171165466e-02 1.378972921520471573e-02 8.658187463879585266e-03 3.099031001329421997e-02 3.593779727816581726e-02 6.161510478705167770e-03 1.491493452340364456e-02 2.888401784002780914e-02 1.299411896616220474e-02 8.650995790958404541e-03 1.107811927795410156e-02 1.557006780058145523e-02 2.960575744509696960e-02 1.266329642385244370e-02 8.797823451459407806e-03 3.911835607141256332e-03 2.982572885230183601e-03 2.956945821642875671e-02 2.748077362775802612e-02 1.437635533511638641e-02 1.345133781433105469e-02 4.053458943963050842e-02 1.813820190727710724e-02 3.514781221747398376e-02 2.118774875998497009e-02 1.088855788111686707e-02 1.900799013674259186e-02 4.167670340393669903e-05 8.682459592819213867e-03 5.123330280184745789e-02 4.834593459963798523e-02 2.518747933208942413e-02 1.599956117570400238e-02 2.305324375629425049e-02 1.463573891669511795e-02 1.918405853211879730e-02 3.583174198865890503e-03 7.047550752758979797e-03 1.692293211817741394e-02 2.591184526681900024e-02 2.499507740139961243e-02 1.539156958460807800e-02 2.870561089366674423e-03 3.291704505681991577e-02 2.781562879681587219e-02 2.139613777399063110e-02 3.569462802261114120e-03 2.096167393028736115e-02 1.251277141273021698e-02 1.409220881760120392e-02 3.551754867658019066e-03 3.531251102685928345e-02 3.529447689652442932e-02 1.021113619208335876e-02 7.104308344423770905e-03 3.557225689291954041e-02 7.034034468233585358e-03 1.954843522980809212e-03 2.496782224625349045e-03 6.758338306099176407e-03 2.608064748346805573e-02 1.084955502301454544e-02 1.090933103114366531e-02 3.533168137073516846e-02 1.791896112263202667e-02 1.948873326182365417e-02 6.542101968079805374e-03 2.415335364639759064e-02 1.200787536799907684e-02
1.945681311190128326e-02 1.005781814455986023e-02 2.891372516751289368e-02 1.664418354630470276e-02 2.888093329966068268e-02 4.716440103948116302e-03 1.151737640611827374e-03 2.618424408137798309e-02 3.618095815181732178e-02 8.435307741165161133e-01 1.637105084955692291e-02 1.927499286830425262e-02 8.299711160361766815e-03 1.015442982316017151e-02 2.551874332129955292e-02 6.867174524813890457e-03 2.281780820339918137e-03 1.800160668790340424e-02 1.707198843359947205e-02 3.099748864769935608e-02 1.679852418601512909e-02 1.790968328714370728e-02 1.718977838754653931e-02 2.311091497540473938e-02 1.695195399224758148e-02 8.850160986185073853e-03 2.901646122336387634e-02 2.576118707656860352e-02 5.236984230577945709e-03 1.952063851058483124e-02 2.445884514600038528e-03 7.487689144909381866e-03 7.844574749469757080e-03 2.406205050647258759e-03 5.349177517928183079e-04 1.807262934744358063e-02 2.350085042417049408e-02 2.382439002394676208e-02 5.492972675710916519e-03 1.638108864426612854e-02 1.501168310642242432e-02 4.043602198362350464e-02 2.308418042957782745e-02 1.220473833382129669e-02 2.643511444330215454e-02 2.857593074440956116e-02 3.914803382940590382e-04 6.703061051666736603e-03 2.645249851047992706e-02 4.308585450053215027e-02 1.597481220960617065e-02 2.280521579086780548e-02 1.668981090188026428e-02 8.684730157256126404e-03 3.054088540375232697e-02 3.616671264171600342e-02 4.418640863150358200e-03 6.261022295802831650e-03 1.259261276572942734e-02 1.688976585865020752e-02 1.017781998962163925e-02 1.805064640939235687e-02 2.414924837648868561e-02 1.180595252662897110e-02 2.844711951911449432e-02 1.886792108416557312e-02 1.802441850304603577e-02 1.260605547577142715e-02 1.531208772212266922e-02 2.380144409835338593e-02 1.805073954164981842e-02 8.569526486098766327e-03 1.770079397829249501e-04 9.237125515937805176e-03 6.123194471001625061e-03 9.454078041017055511e-03 2.202985249459743500e-02 3.875741362571716309e-02 4.125104472041130066e-02 5.099638924002647400e-02 3.369232267141342163e-02 1.955721713602542877e-02 1.158912945538759232e-02 9.030483663082122803e-03 8.867819793522357941e-03 2.814096771180629730e-02 2.730994857847690582e-02 1.851502992212772369e-02 7.964762859046459198e-03 2.557242056354880333e-03 1.620705798268318176e-02 2.305629849433898926e-02 7.765227463096380234e-03 8.905773982405662537e-03 3.265031613409519196e-03 6.462599150836467743e-03 9.606683626770973206e-03 3.911004401743412018e-03 2.841919474303722382e-02 3.349692374467849731e-02 9.264975786209106445e-03 3.420802298933267593e-03 1.787294261157512665e-02 1.010506413877010345e-02 4.655333701521158218e-03 5.486745387315750122e-03 1.832060515880584717e-02 3.429865092039108276e-02 1.126487459987401962e-02 1.163184642791748047e-02 3.099575452506542206e-02 1.776564680039882660e-02 2.015714719891548157e-02 6.055569276213645935e-03 2.474125009030103683e-03 1.073730085045099258e-02
5.155358463525772095e-02 5.024094134569168091e-02 9.957199916243553162e-03 2.374356798827648163e-02 2.161822281777858734e-02 4.274604097008705139e-02 4.641686007380485535e-02 3.118384443223476410e-02 3.302498161792755127e-02 1.637105084955692291e-02 8.435307741165161133e-01 8.482968434691429138e-03 4.431845620274543762e-02 1.275955699384212494e-02 3.498759120702743530e-02 5.960766691714525223e-03 6.457364652305841446e-03 1.854123780503869057e-03 6.830866914242506027e-03 2.189946174621582031e-02 1.940315216779708862e-02 3.178523108363151550e-02 1.631198637187480927e-02 1.093885861337184906e-02 1.195199321955442429e-02 1.210578158497810364e-02 3.884502453729510307e-03 3.416800172999501228e-03 2.868833392858505249e-02 1.719271577894687653e-02 1.454957202076911926e-02 2.304387092590332031e-02 1.200752146542072296e-02 2.084409818053245544e-02 1.689361967146396637e-02 3.812283650040626526e-02 3.092987835407257080e-02 5.086127202957868576e-03 1.361694652587175369e-03 6.189076695591211319e-03 8.770210668444633484e-03 1.995665393769741058e-02 2.467933110892772675e-03 2.643078798428177834e-03 7.729616481810808182e-03 2.796443877741694450e-03 3.234668821096420288e-02 3.495374694466590881e-02 3.636302892118692398e-03 2.752592088654637337e-03 3.270442038774490356e-02 3.285560011863708496e-02 1.409977208822965622e-02 2.555130235850811005e-02 6.561795249581336975e-03 8.606452029198408127e-04 1.385036594001576304e-04 1.862752437591552734e-02 1.504968013614416122e-02 3.328652679920196533e-02 7.933676824904978275e-04 1.215954544022679329e-03 5.464356858283281326e-03 4.451438784599304199e-03 3.216158971190452576e-02 3.058438934385776520e-02 2.142152749001979828e-02 1.947142742574214935e-02 2.287218347191810608e-02 5.080615170300006866e-03 2.014734782278537750e-02 2.275073528289794922e-02 1.094289217144250870e-02 2.725617028772830963e-03 1.390454010106623173e-03 2.148552052676677704e-02 3.217617794871330261e-02 2.629882097244262695e-02 1.805889769457280636e-03 8.382345549762248993e-03 1.402507722377777100e-02 1.472127158194780350e-02 2.244972623884677887e-02 9.899384342133998871e-03 8.430556044913828373e-04 1.333937980234622955e-02 4.012881219387054443e-02 3.135734051465988159e-02 8.054036647081375122e-03 2.815418411046266556e-03 3.072063624858856201e-02 3.095483779907226562e-02 2.990868315100669861e-02 5.761778913438320160e-03 2.373640611767768860e-02 2.440757583826780319e-03 5.838344804942607880e-03 1.730418205261230469e-02 2.078340016305446625e-02 2.400238066911697388e-02 9.759710170328617096e-03 2.990741468966007233e-02 8.187993429601192474e-03 1.355827972292900085e-02 3.347831545397639275e-03 2.234426356153562665e-04 7.443469017744064331e-03 1.954476162791252136e-02 3.401331230998039246e-02 1.396411657333374023e-02 7.045005913823843002e-03 2.340321196243166924e-03 1.371110510081052780e-02 8.164725266396999359e-03 8.926156442612409592e-04 2.724271640181541443e-02
1.163083361461758614e-03 5.852314177900552750e-03 1.316840294748544693e-02 1.728200167417526245e-02 3.966679796576499939e-03 1.869598403573036194e-02 2.015851065516471863e-02 2.263890579342842102e-02 1.782491430640220642e-02 1.927499286830425262e-02 8.482968434691429138e-03 8.435307741165161133e-01 7.739044260233640671e-03 5.833887308835983276e-02 9.963653050363063812e-03 1.938003115355968475e-03 1.375843072310090065e-03 3.116101492196321487e-03 1.883018016815185547e-02 2.597684226930141449e-02 2.267613261938095093e-02 1.229248661547899246e-02 2.106550522148609161e-02 2.780414652079343796e-03 1.112639345228672028e-02 2.429738640785217285e-03 2.388178184628486633e-02 4.050468653440475464e-02 3.894844651222229004e-02 3.278323262929916382e-02 3.648551926016807556e-02 1.713108457624912262e-02 5.715264473110437393e-03 2.278450131416320801e-02 5.886496976017951965e-03 1.157577615231275558e-02 1.018122117966413498e-02 1.472924556583166122e-02 8.495598449371755123e-04 3.445181995630264282e-02 2.638703957200050354e-02 9.405962191522121429e-04 1.429811120033264160e-03 4.668049886822700500e-02 7.261580321937799454e-03 2.022610232234001160e-02 2.062823995947837830e-02 7.313440553843975067e-03 2.917413413524627686e-02 4.396815970540046692e-02 2.149204351007938385e-02 2.295234054327011108e-02 2.170775271952152252e-02 4.335852339863777161e-03 2.206537500023841858e-02 3.622396662831306458e-02 2.006915025413036346e-02 2.306670881807804108e-03 1.419210340827703476e-02 2.747619291767477989e-03 4.731978289783000946e-03 2.546891383826732635e-02 1.650433614850044250e-02 7.173015270382165909e-03 7.704840973019599915e-04 1.501362584531307220e-02 9.498509461991488934e-04 1.679315790534019470e-02 1.473016943782567978e-02 2.191806677728891373e-03 6.827951408922672272e-03 2.359167672693729401e-02 2.406523004174232483e-02 1.830983906984329224e-02 1.839284412562847137e-02 6.223835982382297516e-03 1.896833442151546478e-02 2.496305853128433228e-03 4.058068443555384874e-04 1.975915953516960144e-02 9.673669934272766113e-03 1.350851729512214661e-02 7.430164609104394913e-03 9.630502201616764069e-03 6.287458818405866623e-03 1.401699241250753403e-02 9.405169636011123657e-03 1.244053337723016739e-02 2.490201592445373535e-02 1.611898653209209442e-02 7.426206138916313648e-04 1.845086365938186646e-02 1.911853067576885223e-02 8.682135492563247681e-03 1.214131992310285568e-02 6.535416934639215469e-03 1.669114269316196442e-02 2.007725276052951813e-02 3.044027835130691528e-03 3.613009583204984665e-03 5.510556045919656754e-03 7.393577136099338531e-03 2.862578071653842926e-02 3.579173609614372253e-02 1.266975607722997665e-02 1.091834437102079391e-02 1.900192536413669586e-02 2.323743142187595367e-02 6.863536313176155090e-03 1.662821508944034576e-02 9.255774319171905518e-03 2.659379132091999054e-02 3.529944689944386482e-03 7.969079539179801941e-03 1.895851083099842072e-02 6.123767700046300888e-03
4.528270661830902100e-02 4.976451024413108826e-02 1.360101997852325439e-02 1.268148608505725861e-02 6.744705606251955032e-03 4.050816223025321960e-02 4.268861934542655945e-02 1.926138997077941895e-02 2.262253314256668091e-02 8.299711160361766815e-03 4.431845620274543762e-02 7.739044260233640671e-03 8.435307741165161133e-01 1.184686459600925446e-02 3.580545261502265930e-02 9.308598004281520844e-03 9.430020116269588470e-03 5.745204631239175797e-03 6.173713132739067078e-03 1.677205786108970642e-02 2.426920272409915924e-02 3.152006864547729492e-02 2.292996644973754883e-02 1.748681440949440002e-02 9.899452328681945801e-03 6.866268347948789597e-03 8.462624973617494106e-04 5.820320220664143562e-04 2.702892757952213287e-02 1.140987314283847809e-02 1.807806640863418579e-02 2.224177122116088867e-02 1.652250252664089203e-02 2.556151896715164185e-02 2.416007034480571747e-02 2.946095541119575500e-02 2.609440311789512634e-02 1.361978426575660706e-02 4.809420555830001831e-03 2.092990616802126169e-04 1.543218176811933517e-02 2.189321815967559814e-02 1.070088241249322891e-02 1.821450772695243359e-03 5.491614807397127151e-03 9.730377234518527985e-03 3.281054645776748657e-02 4.227669909596443176e-02 9.298734366893768311e-03 3.169992472976446152e-03 3.133191540837287903e-02 2.721879072487354279e-02 1.264540571719408035e-02 2.071349509060382843e-02 6.559168454259634018e-03 3.388933604583144188e-03 8.017211803235113621e-04 1.436811126768589020e-02 1.963295973837375641e-02 3.191500529646873474e-02 3.277935786172747612e-03 1.087355078198015690e-03 7.945611723698675632e-04 6.538755726069211960e-03 2.710115909576416016e-02 3.868195787072181702e-02 1.838336139917373657e-02 1.105430070310831070e-02 2.081926167011260986e-02 1.594249159097671509e-02 1.742167025804519653e-02 3.052458539605140686e-02 7.261889521032571793e-03 2.374006435275077820e-02 3.496525809168815613e-03 3.912328183650970459e-02 2.520767413079738617e-02 2.013479731976985931e-02 8.784207748249173164e-04 3.113837679848074913e-03 8.165054954588413239e-03 2.300965785980224609e-02 5.317625589668750763e-03 6.120348814874887466e-03 9.154917206615209579e-04 8.530115708708763123e-03 3.209202736616134644e-02 3.142412006855010986e-02 1.147098094224929810e-02 8.230337407439947128e-04 2.978767640888690948e-02 1.155802141875028610e-02 3.463286533951759338e-02 8.406364358961582184e-03 8.950401097536087036e-03 1.770797371864318848e-02 1.780918426811695099e-02 3.035253286361694336e-02 2.545721828937530518e-02 2.541392110288143158e-02 9.386114776134490967e-03 3.118420578539371490e-02 1.676204148679971695e-03 2.282161451876163483e-02 3.717788204085081816e-04 6.193886976689100266e-03 1.817146874964237213e-02 6.791236344724893570e-03 3.334689140319824219e-02 2.109900489449501038e-02 1.326117943972349167e-02 1.196168828755617142e-02 2.629353478550910950e-02 1.155033055692911148e-02 1.092052832245826721e-02 3.647387772798538208e-02
