8.196661472320556641e-01 8.631403744220733643e-02 3.839756827801465988e-03 1.158722024410963058e-02 8.931914344429969788e-03 8.883436024188995361e-02 5.402956157922744751e-02 7.713022176176309586e-03 5.645771045237779617e-03 2.336468547582626343e-02 8.226478844881057739e-02 8.145432919263839722e-03 7.588608562946319580e-02 6.526376586407423019e-03 4.406331479549407959e-02 3.532494592946022749e-04 3.341521602123975754e-03 3.230899339541792870e-03 4.671548958867788315e-03 4.323756787925958633e-03 4.959732294082641602e-03 2.894859202206134796e-02 1.456159353256225586e-02 1.770685799419879913e-02 1.139199640601873398e-02 9.645719081163406372e-03 7.928250357508659363e-03 1.126527786254882812e-02 3.026262298226356506e-02 1.284516765736043453e-03 2.190188691020011902e-02 8.332146331667900085e-03 8.041965775191783905e-03 1.934153027832508087e-02 1.818735711276531219e-02 1.441241428256034851e-02 4.816991277039051056e-03 1.008297223597764969e-02 2.405677456408739090e-03 4.962024977430701256e-04 3.551515983417630196e-04 3.888709703460335732e-03 1.294157747179269791e-02 3.978090535383671522e-04 1.484424993395805359e-02 2.243248559534549713e-02 6.677759438753128052e-02 4.118315130472183228e-02 1.737662358209490776e-03 2.271601557731628418e-02 2.126987650990486145e-02 1.774730719625949860e-02 1.634023338556289673e-02 1.069210935384035110e-02 9.025247767567634583e-03 9.881545789539813995e-03 7.284265477210283279e-03 7.350179366767406464e-03 1.186364609748125076e-02 6.573099526576697826e-04 9.220369160175323486e-03 1.263183890841901302e-03 2.648278512060642242e-02 2.265710383653640747e-02 2.679736912250518799e-02 2.635889686644077301e-02 1.187749952077865601e-02 1.260119397193193436e-02 2.876929705962538719e-03 6.014286540448665619e-03 1.303422963246703148e-03 5.849720444530248642e-03 9.819227270781993866e-03 9.559422731399536133e-03 2.492732601240277290e-03 1.578036509454250336e-02 1.144064217805862427e-02 3.907686565071344376e-03 1.791357807815074921e-02 2.478690445423126221e-02 8.175964467227458954e-04 3.202708438038825989e-03 1.453623990528285503e-03 1.131457556039094925e-02 3.698238404467701912e-03 2.081807889044284821e-02 5.972294136881828308e-03 2.815544418990612030e-02 2.168217673897743225e-03 4.493006039410829544e-03 2.790652401745319366e-02 2.292810380458831787e-02 2.996681258082389832e-02 1.420740690082311630e-02 5.036249756813049316e-03 4.822722636163234711e-03 5.178748164325952530e-03 9.286574786528944969e-04 1.480785757303237915e-02 1.354757137596607208e-02 2.065374329686164856e-02 1.740868948400020599e-02 1.467007864266633987e-02 2.048483584076166153e-03 2.196344546973705292e-02 1.436995808035135269e-02 1.072529051452875137e-02 9.459476568736135960e-04 1.584869995713233948e-02 6.389737594872713089e-03 9.839330799877643585e-03 2.910344861447811127e-03 2.613786607980728149e-02 3.376417979598045349e-02 7.076653419062495232e-04 1.895649475045502186e-04
8.631403744220733643e-02 8.196661472320556641e-01 4.343203734606504440e-03 1.441326737403869629e-02 8.694716729223728180e-03 7.067859917879104614e-02 6.351602822542190552e-02 3.187099006026983261e-03 1.351332291960716248e-02 9.596969000995159149e-03 7.287183403968811035e-02 8.672914467751979828e-03 8.405671268701553345e-02 3.131592529825866222e-04 3.537556529045104980e-02 1.604878157377243042e-02 6.668791640549898148e-03 1.092127710580825806e-02 3.037475515156984329e-03 8.609967306256294250e-03 7.104000542312860489e-03 3.591709583997726440e-02 1.187386363744735718e-02 2.396940998733043671e-02 1.541226264089345932e-02 1.706015132367610931e-02 1.550531480461359024e-02 4.149701446294784546e-03 2.737061493098735809e-02 3.161658998578786850e-03 4.044723883271217346e-02 5.788898124592378736e-05 4.021195694804191589e-03 3.279338357970118523e-03 9.391677449457347393e-04 3.516556322574615479e-02 2.565204910933971405e-02 1.717991940677165985e-02 2.207009866833686829e-02 1.219190936535596848e-02 7.217788603156805038e-03 9.177613072097301483e-03 5.092635750770568848e-03 7.618509698659181595e-03 1.063580741174519062e-03 4.761527292430400848e-03 5.680396780371665955e-02 4.349457100033760071e-02 1.246009115129709244e-02 1.885142922401428223e-02 1.148964464664459229e-02 1.722956309095025063e-03 6.540503818541765213e-03 1.408057636581361294e-03 1.030863169580698013e-02 1.246318873018026352e-02 2.809208072721958160e-02 1.128348242491483688e-02 1.350849494338035583e-02 1.196137722581624985e-02 5.874494090676307678e-03 2.793001011013984680e-03 2.187137678265571594e-02 4.834309685975313187e-03 2.517429552972316742e-02 3.999226167798042297e-02 2.032580086961388588e-03 3.676533000543713570e-03 9.454901330173015594e-03 7.378008216619491577e-03 9.500526823103427887e-03 7.440660148859024048e-03 3.732107579708099365e-03 2.272851578891277313e-02 3.757376689463853836e-03 1.843119226396083832e-02 6.279484368860721588e-03 4.090675152838230133e-03 4.406508989632129669e-03 1.047769282013177872e-02 7.110358681529760361e-03 4.043442662805318832e-03 1.001637242734432220e-02 3.065020777285099030e-03 5.984571762382984161e-03 4.423405509442090988e-03 1.037015579640865326e-02 2.837189845740795135e-02 1.061046123504638672e-02 3.190729301422834396e-03 2.341469191014766693e-02 2.780485153198242188e-02 3.176306560635566711e-02 3.049913793802261353e-02 2.174640633165836334e-02 6.215445231646299362e-03 4.348225193098187447e-04 4.888604744337499142e-04 2.699197735637426376e-03 1.284261420369148254e-02 6.260588415898382664e-04 2.328547416254878044e-03 1.144994143396615982e-02 5.023218691349029541e-03 1.635678671300411224e-02 8.019955828785896301e-03 2.665414940565824509e-03 2.248362638056278229e-03 7.126455195248126984e-03 1.279823854565620422e-02 9.379689581692218781e-03 6.291736382991075516e-03 1.807077042758464813e-02 2.159606292843818665e-02 8.816305547952651978e-03 2.135273301973938942e-03
3.839756827801465988e-03 4.343203734606504440e-03 8.196661472320556641e-01 1.263781171292066574e-02 1.468164194375276566e-02 1.485525444149971008e-02 1.835880242288112640e-02 6.383457779884338379e-02 1.204943051561713219e-03 7.483823690563440323e-03 1.337110647000372410e-03 1.601025462150573730e-02 1.094564143568277359e-02 2.091198042035102844e-02 1.280530262738466263e-02 1.032880856655538082e-03 1.680286414921283722e-02 1.682102493941783905e-02 5.243601743131875992e-03 1.145296962931752205e-03 1.710378564894199371e-03 1.792688667774200439e-02 1.181604247540235519e-02 1.557211019098758698e-02 3.501475555822253227e-03 1.573689281940460205e-02 1.100535597652196884e-02 1.408628188073635101e-02 3.695133840665221214e-03 2.535869926214218140e-02 5.583593156188726425e-03 1.614185795187950134e-02 1.445835549384355545e-02 8.415084332227706909e-03 1.491157617419958115e-02 2.498575672507286072e-02 1.107373088598251343e-02 7.816571742296218872e-03 8.830003440380096436e-03 9.482208639383316040e-03 1.157744973897933960e-02 9.932788088917732239e-03 1.113242469727993011e-02 1.357375551015138626e-02 7.444645743817090988e-03 5.016298964619636536e-04 4.544354451354593039e-04 2.009860239923000336e-02 2.578024007380008698e-02 1.323775853961706161e-02 2.777974121272563934e-03 1.499296724796295166e-02 1.310080662369728088e-02 1.616849377751350403e-02 5.787598900496959686e-03 1.823841407895088196e-02 1.549692172557115555e-02 3.152031917124986649e-03 4.965685307979583740e-02 4.348566755652427673e-03 3.223052993416786194e-02 2.096401341259479523e-02 5.658207010128535330e-05 1.286659669131040573e-02 2.106596715748310089e-02 1.198413223028182983e-02 8.772767148911952972e-03 1.306373160332441330e-02 6.616686005145311356e-03 7.767080795019865036e-03 9.830181486904621124e-03 1.768526248633861542e-02 3.709614649415016174e-02 4.670563153922557831e-03 2.042261511087417603e-02 4.807339981198310852e-03 7.035822607576847076e-03 1.789635792374610901e-02 1.012932043522596359e-02 5.275308154523372650e-03 4.893955588340759277e-02 1.190236303955316544e-02 2.607874339446425438e-03 1.796475239098072052e-02 8.257651934400200844e-04 3.291989443823695183e-03 1.408562436699867249e-02 2.853883430361747742e-02 1.362227648496627808e-02 1.495950296521186829e-02 2.230598591268062592e-03 3.586989361792802811e-03 5.588736894424073398e-05 8.585343137383460999e-03 1.157646905630826950e-02 8.391714654862880707e-03 1.435130089521408081e-02 6.899379659444093704e-03 9.462581016123294830e-03 2.376562217250466347e-03 4.174707282800227404e-04 8.350947871804237366e-03 7.061952725052833557e-03 5.987460725009441376e-03 1.719773747026920319e-02 1.145442016422748566e-02 2.178007178008556366e-02 1.841438235715031624e-03 2.534016221761703491e-02 1.190788391977548599e-02 2.823252289090305567e-04 1.154535566456615925e-03 5.700801499187946320e-03 1.142260245978832245e-02 1.352023240178823471e-02 2.357429265975952148e-02
1.158722024410963058e-02 1.441326737403869629e-02 1.263781171292066574e-02 8.196661472320556641e-01 6.422606110572814941e-02 1.364238280802965164e-02 1.004082802683115005e-02 1.213258504867553711e-02 6.477945018559694290e-03 8.219676092267036438e-03 1.045120507478713989e-02 9.522556327283382416e-03 1.734204962849617004e-02 1.066636200994253159e-02 2.334090694785118103e-02 2.145722508430480957e-02 8.976726792752742767e-03 4.838225990533828735e-02 4.085897654294967651e-02 8.339807391166687012e-03 1.169888675212860107e-02 4.308717034291476011e-04 7.489645853638648987e-03 6.139022298157215118e-04 1.950269006192684174e-02 8.404020220041275024e-03 1.505008060485124588e-02 7.383231539279222488e-03 1.296259090304374695e-02 1.597719267010688782e-02 9.148150682449340820e-03 9.217265993356704712e-03 1.167694665491580963e-02 1.086540799587965012e-02 9.950581938028335571e-03 1.804547756910324097e-02 4.613435268402099609e-02 5.755583290010690689e-03 1.801641285419464111e-02 2.098358608782291412e-02 5.536423530429601669e-03 5.786302499473094940e-03 2.295543812215328217e-02 2.645125426352024078e-02 2.140138531103730202e-03 6.883423775434494019e-03 1.448884233832359314e-02 9.737686254084110260e-03 1.834743539802730083e-03 6.598008330911397934e-03 1.540087908506393433e-02 7.837367244064807892e-03 2.031368948519229889e-02 3.071208484470844269e-03 1.673417538404464722e-02 3.729349747300148010e-02 2.736846683546900749e-03 7.788320071995258331e-03 2.423205040395259857e-02 1.818338387238327414e-05 5.174566060304641724e-02 4.698448628187179565e-02 1.733630523085594177e-02 3.587345359846949577e-03 2.138466807082295418e-03 4.032671451568603516e-03 2.096170559525489807e-02 2.028082311153411865e-02 3.513342514634132385e-02 6.493191234767436981e-03 2.275567874312400818e-02 2.499437890946865082e-03 4.869555309414863586e-02 2.446485869586467743e-02 4.131601005792617798e-02 1.321537420153617859e-02 3.863944113254547119e-02 1.229071989655494690e-02 2.668306929990649223e-03 3.434838494285941124e-03 2.011498669162392616e-03 1.315027941018342972e-02 6.427568942308425903e-02 1.699756644666194916e-02 1.672514830715954304e-03 9.375112131237983704e-03 1.473916973918676376e-02 4.532753024250268936e-03 6.033106241375207901e-03 8.790831081569194794e-03 2.322040199942421168e-05 8.630406111478805542e-03 6.809266284108161926e-03 7.390951272100210190e-03 2.801455324515700340e-03 6.135584320873022079e-03 1.594927161931991577e-02 5.430922377854585648e-03 3.286229330115020275e-04 2.173997228965163231e-03 3.843203186988830566e-03 6.604207213968038559e-03 5.824338644742965698e-03 3.475030418485403061e-03 2.134390920400619507e-02 1.401720941066741943e-02 1.199861802160739899e-02 1.478809583932161331e-02 9.755759383551776409e-04 6.333008408546447754e-03 1.353096961975097656e-02 1.073679537512362003e-03 2.076632226817309856e-04 1.341768511338159442e-04 2.486026659607887268e-02 3.256606683135032654e-02
8.931914344429969788e-03 8.694716729223728180e-03 1.468164194375276566e-02 6.422606110572814941e-02 8.196661472320556641e-01 3.683643881231546402e-03 1.253039762377738953e-02 2.512706909328699112e-03 4.446281120181083679e-03 1.406658440828323364e-02 6.225406192243099213e-03 1.578128896653652191e-02 1.782035082578659058e-02 1.756803505122661591e-02 6.874763872474431992e-03 1.736213639378547668e-02 1.517645642161369324e-02 4.624276608228683472e-02 3.461465984582901001e-02 1.862480305135250092e-02 1.464572828263044357e-02 4.866843111813068390e-03 1.590048335492610931e-02 1.030934043228626251e-02 7.123268675059080124e-03 9.640022180974483490e-04 2.493133768439292908e-02 3.848669584840536118e-03 7.096471264958381653e-03 9.727095253765583038e-03 1.814859919250011444e-03 2.944946102797985077e-02 2.792889019474387169e-03 1.232531853020191193e-02 1.468473765999078751e-02 2.442567422986030579e-02 3.664821013808250427e-02 1.975622028112411499e-02 2.997570112347602844e-02 4.985227063298225403e-02 2.079590689390897751e-03 1.037462893873453140e-02 1.779450289905071259e-02 1.820412278175354004e-02 5.923585500568151474e-03 2.603994496166706085e-02 1.050908118486404419e-02 7.430597906932234764e-04 1.833748631179332733e-02 9.308204986155033112e-03 3.568533062934875488e-02 2.339800447225570679e-02 2.995452471077442169e-02 2.196853235363960266e-02 2.628099406138062477e-03 1.135810557752847672e-02 6.676148157566785812e-03 1.818271726369857788e-02 1.741107739508152008e-02 3.217619087081402540e-04 2.534659393131732941e-02 4.410825297236442566e-02 3.138741478323936462e-02 2.976550161838531494e-02 1.079960260540246964e-02 7.610240485519170761e-03 2.612341754138469696e-02 2.202286198735237122e-02 2.081977948546409607e-02 5.965922959148883820e-03 1.732789538800716400e-02 1.113509573042392731e-02 1.386131346225738525e-02 2.649665810167789459e-02 3.864070400595664978e-02 2.210184931755065918e-02 4.994873888790607452e-03 1.457169838249683380e-02 2.729662461206316948e-03 1.334206294268369675e-02 1.056319754570722580e-02 2.112305490300059319e-03 5.915662646293640137e-02 5.418993532657623291e-02 5.369109567254781723e-03 4.583213943988084793e-03 1.257405057549476624e-02 4.481308627873659134e-03 7.750358432531356812e-03 1.579838432371616364e-02 3.670796519145369530e-03 1.949236379005014896e-03 5.278482567518949509e-03 1.599471271038055420e-02 1.018164493143558502e-02 7.724106777459383011e-03 2.506477013230323792e-02 1.424955576658248901e-02 5.491871270351111889e-04 1.328738499432802200e-02 1.240204088389873505e-02 7.005220744758844376e-03 9.745921939611434937e-03 5.446712486445903778e-03 2.515257149934768677e-02 1.611538231372833252e-02 1.947223767638206482e-02 3.267004713416099548e-02 1.731646247208118439e-02 4.292794689536094666e-02 3.568195272237062454e-03 5.021346732974052429e-03 1.941180787980556488e-02 6.126835010945796967e-03 3.093843720853328705e-02 4.338357131928205490e-03
8.883436024188995361e-02 7.067859917879104614e-02 1.485525444149971008e-02 1.364238280802965164e-02 3.683643881231546402e-03 8.196661472320556641e-01 4.471825063228607178e-02 5.313875619322061539e-03 5.923320073634386063e-03 2.556909434497356415e-02 6.584162265062332153e-02 2.999186329543590546e-02 5.626030638813972473e-02 2.263883128762245178e-02 3.307815641164779663e-02 4.510564729571342468e-03 1.059419126249849796e-03 1.582584902644157410e-02 2.381216036155819893e-03 1.158523187041282654e-02 8.273441344499588013e-03 1.401334907859563828e-02 1.771776378154754639e-02 2.933309972286224365e-02 1.727379672229290009e-02 9.073706343770027161e-03 1.072088489308953285e-04 1.959663070738315582e-02 1.180210337042808533e-02 1.765026710927486420e-02 1.870431937277317047e-02 9.552167728543281555e-03 3.786818822845816612e-03 1.784292235970497131e-02 1.614881306886672974e-02 5.088168196380138397e-03 4.675042815506458282e-03 7.137373089790344238e-03 1.342989690601825714e-02 1.218213234096765518e-02 1.287474483251571655e-02 5.511421244591474533e-03 1.046604476869106293e-02 4.971268121153116226e-03 1.088151894509792328e-02 2.511113695800304413e-02 7.064777612686157227e-02 2.370746247470378876e-02 1.528699975460767746e-02 2.065094560384750366e-02 1.721481792628765106e-02 2.217004820704460144e-02 2.772239781916141510e-02 2.738002128899097443e-02 5.686064250767230988e-03 1.453122822567820549e-03 8.629033109173178673e-04 1.107303891330957413e-02 1.651817373931407928e-02 8.898870088160037994e-03 1.680985651910305023e-02 9.130104444921016693e-03 4.713604692369699478e-03 1.084537152200937271e-02 2.440225891768932343e-02 1.912644691765308380e-02 9.098905138671398163e-03 6.725461687892675400e-03 1.794889918528497219e-03 1.006167009472846985e-02 6.335309590213000774e-04 1.725101098418235779e-02 2.185732312500476837e-02 1.403068844228982925e-02 1.365838386118412018e-02 1.568964868783950806e-02 1.243606582283973694e-02 3.087306628003716469e-03 1.690406166017055511e-02 2.325512841343879700e-02 1.151874009519815445e-02 5.306400358676910400e-03 8.047847659327089787e-04 2.141913957893848419e-02 2.483000978827476501e-03 1.116148289293050766e-02 5.243593477644026279e-04 1.718156412243843079e-02 1.745970919728279114e-02 3.337516682222485542e-03 1.691659726202487946e-02 1.017392799258232117e-02 2.001937292516231537e-02 8.658662438392639160e-03 8.015375584363937378e-03 8.684648200869560242e-04 3.245191648602485657e-03 2.922745887190103531e-03 6.561385001987218857e-03 1.204094942659139633e-02 2.516582980751991272e-02 2.839705720543861389e-02 1.374972425401210785e-02 9.313560440205037594e-04 3.318912908434867859e-02 2.575769834220409393e-02 1.795211434364318848e-02 3.487299894914031029e-03 2.567190304398536682e-02 2.216964960098266602e-03 7.417855318635702133e-03 1.362279406748712063e-03 2.269095927476882935e-02 2.316035516560077667e-02 8.159304969012737274e-03 1.853795605711638927e-03
5.402956157922744751e-02 6.351602822542190552e-02 1.835880242288112640e-02 1.004082802683115005e-02 1.253039762377738953e-02 4.471825063228607178e-02 8.196661472320556641e-01 6.903626490384340286e-03 1.332794222980737686e-02 2.962099947035312653e-02 4.625367373228073120e-02 7.243808358907699585e-04 5.566009506583213806e-02 1.779600046575069427e-02 1.274475734680891037e-02 5.196599289774894714e-03 1.071848068386316299e-02 4.772098269313573837e-03 6.907742936164140701e-03 1.602807827293872833e-02 1.871986500918865204e-02 1.171721052378416061e-02 8.680184371769428253e-03 2.205322124063968658e-02 1.605319604277610779e-02 1.383227203041315079e-02 5.805336870253086090e-03 7.163076195865869522e-03 2.824879810214042664e-02 1.237842021510004997e-03 5.214414000511169434e-02 8.310697041451931000e-03 1.818222808651626110e-03 8.826015517115592957e-03 8.225752972066402435e-03 8.357631042599678040e-03 1.527279149740934372e-02 9.822237305343151093e-03 3.361643478274345398e-02 1.977838017046451569e-02 5.940709728747606277e-03 1.314788497984409332e-02 2.603914216160774231e-02 7.999215158633887768e-04 1.456184312701225281e-02 3.182328119874000549e-02 6.409350037574768066e-02 7.995051890611648560e-02 8.518971502780914307e-03 3.939682617783546448e-02 1.419155392795801163e-02 1.727245561778545380e-02 1.918006874620914459e-02 7.339463569223880768e-03 4.416056443005800247e-03 1.774011924862861633e-02 6.511254236102104187e-03 1.366615574806928635e-02 4.059464670717716217e-03 1.067214366048574448e-02 1.092021726071834564e-02 2.083471481455489993e-04 3.869466250762343407e-03 4.848969168961048126e-03 3.117460757493972778e-02 4.856530576944351196e-02 1.767425052821636200e-02 1.745921745896339417e-02 1.310461200773715973e-03 2.299631945788860321e-03 4.217338282614946365e-03 3.485818626359105110e-03 1.242831256240606308e-02 1.252946257591247559e-02 3.738681087270379066e-03 4.980034660547971725e-03 3.082800423726439476e-03 1.615080982446670532e-02 1.131005119532346725e-02 2.975671552121639252e-02 7.203157059848308563e-03 3.236389253288507462e-03 1.802243478596210480e-02 4.336216486990451813e-03 5.373037885874509811e-03 2.678016666322946548e-03 1.068252138793468475e-03 1.012778375297784805e-02 9.881565347313880920e-03 2.588385529816150665e-02 4.796238988637924194e-02 2.746080979704856873e-02 5.294897779822349548e-02 1.297935284674167633e-02 1.065173838287591934e-02 7.036252878606319427e-03 6.610975600779056549e-03 2.940190024673938751e-03 1.945195952430367470e-03 3.567304834723472595e-02 1.263161684619262815e-04 1.977742358576506376e-04 6.822185590863227844e-03 3.434528596699237823e-03 9.972796775400638580e-03 4.674016498029232025e-03 2.079995116218924522e-03 5.129460245370864868e-03 1.754560624249279499e-03 2.472343109548091888e-02 7.584034930914640427e-03 8.575851097702980042e-03 6.126344203948974609e-03 2.273957245051860809e-03 1.533126551657915115e-02 1.317524164915084839e-02
7.713022176176309586e-03 3.187099006026983261e-03 6.383457779884338379e-02 1.213258504867553711e-02 2.512706909328699112e-03 5.313875619322061539e-03 6.903626490384340286e-03 8.196661472320556641e-01 1.817773841321468353e-02 1.439008582383394241e-02 9.035143069922924042e-03 2.690992504358291626e-02 1.870032399892807007e-02 2.176875993609428406e-02 3.166366741061210632e-02 1.714897342026233673e-03 1.820207689888775349e-03 5.955651868134737015e-04 1.817498705349862576e-03 1.113556139171123505e-02 2.532131038606166840e-02 3.765694797039031982e-03 2.834400348365306854e-02 1.379332970827817917e-02 9.626038372516632080e-03 2.676648553460836411e-03 6.067890208214521408e-03 1.588425971567630768e-02 7.414354942739009857e-03 1.495613064616918564e-02 9.548855014145374298e-03 5.864429287612438202e-03 1.606842875480651855e-02 9.345199796371161938e-04 5.737375002354383469e-03 1.152002066373825073e-02 1.768404804170131683e-02 1.257863920181989670e-02 1.841025054454803467e-02 8.674494922161102295e-03 1.801460166461765766e-04 2.863246202468872070e-02 2.290308848023414612e-02 1.546668168157339096e-02 2.616032026708126068e-02 2.371888980269432068e-02 1.146784890443086624e-02 1.669225096702575684e-02 2.142958901822566986e-02 2.642676793038845062e-02 6.976961623877286911e-03 3.323125466704368591e-02 4.072085721418261528e-04 1.384974922984838486e-02 9.817064739763736725e-03 1.470691640861332417e-03 7.031781598925590515e-03 1.154076680541038513e-02 3.358683735132217407e-02 7.854282855987548828e-03 3.899979405105113983e-03 9.191249497234821320e-03 1.036328170448541641e-02 2.542779408395290375e-02 1.437811180949211121e-02 2.768231090158224106e-03 9.023665450513362885e-03 7.752050179988145828e-03 4.112193826586008072e-03 7.740854285657405853e-03 9.203384630382061005e-03 2.828614320605993271e-03 2.544401772320270538e-02 2.344024367630481720e-03 8.440383709967136383e-03 8.323435322381556034e-04 3.524863719940185547e-02 2.027575671672821045e-02 1.377325784415006638e-02 2.631698548793792725e-02 5.681470036506652832e-02 4.792112857103347778e-02 5.539000499993562698e-03 1.587809063494205475e-02 5.150014534592628479e-03 2.455115318298339844e-02 1.961103267967700958e-02 3.339150920510292053e-02 3.425192460417747498e-02 2.733005397021770477e-02 2.345087938010692596e-02 7.892402820289134979e-03 2.640498057007789612e-02 4.788053222000598907e-03 2.195983752608299255e-02 1.257867552340030670e-02 1.022310741245746613e-02 2.361856168136000633e-03 3.679519984871149063e-03 2.137866988778114319e-02 1.711944933049380779e-03 7.627002429217100143e-03 2.900043327827006578e-04 1.022973656654357910e-02 1.774421893060207367e-03 2.484751399606466293e-03 1.041871216148138046e-02 3.489284077659249306e-03 8.506604470312595367e-03 1.941106654703617096e-02 3.635134082287549973e-03 9.441331028938293457e-03 1.312741078436374664e-02 4.219119995832443237e-02 1.246779598295688629e-02 1.190916821360588074e-02
5.645771045237779617e-03 1.351332291960716248e-02 1.204943051561713219e-03 6.477945018559694290e-03 4.446281120181083679e-03 5.923320073634386063e-03 1.332794222980737686e-02 1.817773841321468353e-02 8.196661472320556641e-01 3.228742256760597229e-02 8.422962389886379242e-03 3.214756399393081665e-02 7.316399569390341640e-05 3.896319773048162460e-03 8.061146363615989685e-03 1.005145628005266190e-02 1.447403803467750549e-03 2.692829072475433350e-02 2.438727766275405884e-02 1.916158013045787811e-02 1.468911580741405487e-02 1.959280297160148621e-02 4.314685240387916565e-02 2.690869569778442383e-02 4.328359384089708328e-03 1.456167548894882202e-02 7.240680046379566193e-03 1.218298822641372681e-02 1.805413886904716492e-02 7.454701699316501617e-03 3.192493692040443420e-03 2.927524410188198090e-02 2.609773725271224976e-02 9.702350012958049774e-03 1.895163953304290771e-02 9.772861376404762268e-03 4.737482871860265732e-03 7.783498585922643542e-05 1.968030259013175964e-02 2.233138307929039001e-02 9.561044164001941681e-03 4.688970372080802917e-02 7.828761823475360870e-03 8.893166668713092804e-03 3.911737352609634399e-02 1.689650490880012512e-02 1.554298028349876404e-02 4.939085338264703751e-03 2.728137560188770294e-02 1.143685448914766312e-02 6.839261855930089951e-03 1.786318235099315643e-02 1.965791359543800354e-02 1.465396303683519363e-02 5.215337872505187988e-02 1.190382707864046097e-02 2.539062127470970154e-02 2.555674873292446136e-02 2.994322590529918671e-02 9.647556580603122711e-03 4.274046805221587420e-04 1.376111619174480438e-02 2.071414329111576080e-02 2.145786024630069733e-02 8.931512944400310516e-03 9.469565935432910919e-03 1.045230682939291000e-02 1.817803271114826202e-02 3.053738037124276161e-03 1.210568379610776901e-02 1.186436228454113007e-02 3.114046528935432434e-02 6.403931416571140289e-03 1.638127956539392471e-03 1.414722856134176254e-02 1.616084948182106018e-02 5.823676660656929016e-02 1.953241601586341858e-02 5.198331922292709351e-02 2.526691369712352753e-02 6.015048129484057426e-04 1.225781347602605820e-02 5.262558348476886749e-03 1.004431024193763733e-02 3.550780192017555237e-02 1.280327048152685165e-02 1.700682938098907471e-02 1.002869382500648499e-02 1.549181877635419369e-03 1.284129335545003414e-03 1.121826656162738800e-02 1.402814872562885284e-03 3.045642515644431114e-03 2.124046534299850464e-02 1.968045532703399658e-02 7.850329391658306122e-03 5.580544937402009964e-03 1.856488734483718872e-02 2.173093892633914948e-02 2.872384712100028992e-02 1.215275563299655914e-02 2.152387751266360283e-03 1.228062063455581665e-02 1.522619370371103287e-02 1.121131610125303268e-02 9.777389466762542725e-03 1.868166588246822357e-02 1.508417073637247086e-02 1.656433008611202240e-02 1.644778967602178454e-04 1.331621315330266953e-02 2.201873995363712311e-02 3.669111430644989014e-02 1.913545280694961548e-02 1.596119487658143044e-03 3.271936252713203430e-02
2.336468547582626343e-02 9.596969000995159149e-03 7.483823690563440323e-03 8.219676092267036438e-03 1.406658440828323364e-02 2.556909434497356415e-02 2.962099947035312653e-02 1.439008582383394241e-02 3.228742256760597229e-02 8.196661472320556641e-01 1.711229979991912842e-02 3.733505681157112122e-02 1.326202973723411560e-02 3.794252499938011169e-02 1.507280487567186356e-02 7.576510775834321976e-03 2.137639559805393219e-03 1.626463420689105988e-02 5.277748405933380127e-02 7.456820458173751831e-03 7.725332863628864288e-03 1.113502494990825653e-02 3.730035945773124695e-02 4.730631038546562195e-02 1.388254342600703239e-03 1.386585645377635956e-03 1.944727078080177307e-02 2.484962716698646545e-02 1.603909209370613098e-02 2.762202732264995575e-02 2.478464692831039429e-02 9.806239977478981018e-04 1.782238669693470001e-02 1.598186790943145752e-03 1.986755291000008583e-03 2.088771946728229523e-02 2.074498217552900314e-03 1.855666376650333405e-02 2.027635835111141205e-02 5.596544593572616577e-03 1.241604238748550415e-02 1.016546133905649185e-02 2.256708778440952301e-02 1.195508893579244614e-02 2.693177759647369385e-02 4.758340865373611450e-02 2.334044128656387329e-02 2.871850878000259399e-02 1.958712004125118256e-02 5.922172218561172485e-02 1.328202430158853531e-02 4.024503752589225769e-02 8.788597770035266876e-03 1.178701780736446381e-02 6.520492956042289734e-03 1.890180259943008423e-02 2.376589365303516388e-02 2.314917929470539093e-02 1.265684235841035843e-02 4.577002488076686859e-03 2.193428762257099152e-02 2.759372629225254059e-02 4.142143297940492630e-03 1.195951153931673616e-05 1.780320145189762115e-02 7.509922143071889877e-03 1.280305441468954086e-03 3.978406544774770737e-03 3.152307821437716484e-03 2.421776764094829559e-02 2.164822816848754883e-02 2.258907479699701071e-04 2.740243636071681976e-02 3.688721358776092529e-02 2.850129967555403709e-03 1.293267309665679932e-02 2.403474180027842522e-03 5.549368634819984436e-02 3.314190730452537537e-02 6.634446233510971069e-02 1.873606629669666290e-02 7.567044813185930252e-03 4.235353320837020874e-03 4.397958144545555115e-02 2.211366780102252960e-02 2.288869954645633698e-02 5.892543587833642960e-03 3.152862191200256348e-03 1.827530935406684875e-02 5.560854077339172363e-02 2.522170543670654297e-02 2.112414315342903137e-02 2.639232203364372253e-02 6.838520639576017857e-04 2.032571472227573395e-03 7.391056860797107220e-04 3.384455665946006775e-02 1.079699769616127014e-02 3.635100554674863815e-03 3.274906054139137268e-02 4.926839843392372131e-03 1.811337890103459358e-03 1.919121108949184418e-02 7.349275052547454834e-03 1.772742718458175659e-02 6.926159840077161789e-03 5.613201763480901718e-03 1.006541680544614792e-02 5.929709877818822861e-03 3.425385430455207825e-02 1.606779545545578003e-02 6.220702081918716431e-03 5.810240749269723892e-03 1.317975204437971115e-02 1.025546062737703323e-02 7.558216340839862823e-03
8.226478844881057739e-02 7.287183403968811035e-02 1.337110647000372410e-03 1.045120507478713989e-02 6.225406192243099213e-03 6.584162265062332153e-02 4.625367373228073120e-02 9.035143069922924042e-03 8.422962389886379242e-03 1.711229979991912842e-02 8.196661472320556641e-01 3.039462026208639145e-03 8.581017702817916870e-02 7.452083751559257507e-03 3.927728161215782166e-02 8.967177942395210266e-03 5.374313797801733017e-03 6.669767666608095169e-03 3.829168388620018959e-03 5.674312822520732880e-03 3.390287980437278748e-03 2.711358293890953064e-02 3.417891217395663261e-03 1.629706472158432007e-02 4.953515715897083282e-03 6.722823600284755230e-04 8.053890429437160492e-03 2.045891433954238892e-02 4.253072664141654968e-02 2.113441750407218933e-02 3.650537878274917603e-02 1.041207695379853249e-03 5.668210214935243130e-04 1.129868812859058380e-02 1.115441787987947464e-02 2.571165934205055237e-02 9.559042751789093018e-03 2.495901845395565033e-02 1.141281053423881531e-02 1.203868724405765533e-02 1.081613358110189438e-02 1.568360067903995514e-02 2.896100049838423729e-03 2.884289482608437538e-03 2.476065233349800110e-02 1.786425523459911346e-02 5.810335278511047363e-02 3.394710272550582886e-02 5.951003171503543854e-03 1.830536872148513794e-02 1.486815139651298523e-02 3.543390892446041107e-03 2.256545471027493477e-03 3.348318859934806824e-03 1.281339488923549652e-02 8.746485225856304169e-03 1.234294939786195755e-02 5.331719294190406799e-03 9.559310041368007660e-03 1.487491093575954437e-02 4.295011982321739197e-03 3.162526991218328476e-03 1.080150133930146694e-03 7.473103702068328857e-03 4.148983955383300781e-02 3.026267327368259430e-02 9.149626828730106354e-03 8.169209584593772888e-03 4.805051721632480621e-03 1.428064331412315369e-02 3.345930948853492737e-03 1.596879400312900543e-02 2.843945287168025970e-03 1.978558674454689026e-02 2.440007170662283897e-03 5.587022751569747925e-03 5.172859411686658859e-03 5.841998849064111710e-03 2.704253792762756348e-02 2.017309330403804779e-02 1.300228107720613480e-02 7.728143129497766495e-03 2.082958351820707321e-03 1.459669088944792747e-03 1.303846389055252075e-02 1.499737426638603210e-02 2.635484375059604645e-02 3.353043273091316223e-02 9.306214749813079834e-03 1.080579706467688084e-03 3.228361159563064575e-02 2.773459441959857941e-02 2.689171023666858673e-02 3.326004743576049805e-02 9.067461825907230377e-03 5.866281222552061081e-03 8.821178227663040161e-03 4.767687525600194931e-03 1.860776334069669247e-03 2.019872330129146576e-02 3.298592753708362579e-03 7.659739349037408829e-03 1.671043224632740021e-02 2.271909452974796295e-02 1.412625308148562908e-03 8.181230165064334869e-03 1.155747682787477970e-03 1.779009029269218445e-02 9.715399704873561859e-03 1.811192953027784824e-03 7.286316831596195698e-04 2.072552777826786041e-02 2.122892998158931732e-03 1.788857579231262207e-02 1.061667781323194504e-02 1.929808408021926880e-03
8.145432919263839722e-03 8.672914467751979828e-03 1.601025462150573730e-02 9.522556327283382416e-03 1.578128896653652191e-02 2.999186329543590546e-02 7.243808358907699585e-04 2.690992504358291626e-02 3.214756399393081665e-02 3.733505681157112122e-02 3.039462026208639145e-03 8.196661472320556641e-01 1.925102621316909790e-02 6.490731984376907349e-02 1.472047809511423111e-02 1.181909255683422089e-02 1.296271849423646927e-02 5.944125819951295853e-03 1.090269256383180618e-02 1.075611356645822525e-02 7.516771089285612106e-03 3.006838727742433548e-03 4.716593399643898010e-02 4.016965627670288086e-02 8.489177562296390533e-04 1.634521504456643015e-05 9.308062493801116943e-03 5.626067146658897400e-02 6.478631403297185898e-03 5.404456332325935364e-02 5.236073862761259079e-03 1.615703664720058441e-02 2.353974245488643646e-02 9.743307717144489288e-03 9.236584417521953583e-03 4.463710822165012360e-03 4.700025077909231186e-03 1.011814238154329360e-04 9.066184982657432556e-03 9.236264973878860474e-03 5.799157079309225082e-03 6.222859490662813187e-03 4.542833659797906876e-03 8.302577771246433258e-03 4.298986867070198059e-02 5.026740953326225281e-02 1.485843583941459656e-02 5.225234199315309525e-03 2.970350906252861023e-03 1.658092439174652100e-02 2.374931983649730682e-02 5.350640043616294861e-02 2.327463030815124512e-02 2.381774596869945526e-02 3.586289822123944759e-04 1.271419413387775421e-02 7.218457758426666260e-03 2.259275875985622406e-03 6.854398176074028015e-03 8.154587820172309875e-03 3.125077486038208008e-02 1.512439735233783722e-02 5.180537234991788864e-03 5.230967653915286064e-04 7.498344406485557556e-03 6.482242606580257416e-03 1.286719198105856776e-04 1.452549640089273453e-02 4.936642944812774658e-03 1.928844372741878033e-03 7.365583907812833786e-03 2.146704820916056633e-03 5.504685640335083008e-02 2.506466768682003021e-02 2.709232084453105927e-02 2.061598747968673706e-02 1.167363859713077545e-02 1.614600792527198792e-02 3.466853126883506775e-02 3.678075969219207764e-02 2.043253555893898010e-02 7.330615073442459106e-03 2.060351707041263580e-02 4.291909560561180115e-02 2.888506464660167694e-02 2.193456143140792847e-02 7.906846702098846436e-03 2.079528523609042168e-03 1.972752436995506287e-02 2.717882581055164337e-02 2.200019545853137970e-02 9.601436555385589600e-03 2.806599996984004974e-02 4.285167437046766281e-03 3.698950400575995445e-03 1.720156148076057434e-02 3.767425566911697388e-02 3.493744507431983948e-02 1.208433508872985840e-02 9.557610377669334412e-03 4.720200784504413605e-03 1.383307017385959625e-02 1.227054558694362640e-02 2.229871042072772980e-02 2.825558930635452271e-02 1.851966977119445801e-02 2.143112756311893463e-02 7.817182689905166626e-03 1.570454612374305725e-02 2.510924078524112701e-02 7.874093949794769287e-03 6.093749310821294785e-03 3.445625538006424904e-03 1.308231614530086517e-02 2.670972794294357300e-02 3.275271877646446228e-02
7.588608562946319580e-02 8.405671268701553345e-02 1.094564143568277359e-02 1.734204962849617004e-02 1.782035082578659058e-02 5.626030638813972473e-02 5.566009506583213806e-02 1.870032399892807007e-02 7.316399569390341640e-05 1.326202973723411560e-02 8.581017702817916870e-02 1.925102621316909790e-02 8.196661472320556641e-01 9.707022458314895630e-03 4.215133935213088989e-02 1.762921572662889957e-03 5.465742433443665504e-04 8.165868930518627167e-03 1.296081347391009331e-03 7.048575789667665958e-04 7.129415869712829590e-03 4.084633663296699524e-02 4.983177059330046177e-04 1.190723851323127747e-02 1.155334431678056717e-02 1.190270669758319855e-02 1.358247175812721252e-02 1.665892265737056732e-02 3.627875074744224548e-02 1.206921972334384918e-02 4.208114743232727051e-02 9.886738844215869904e-03 1.126954890787601471e-02 2.069892361760139465e-03 8.833196945488452911e-03 3.677394986152648926e-02 1.213356014341115952e-02 2.317769452929496765e-02 1.563296653330326080e-03 3.252617025282233953e-04 1.924117282032966614e-02 2.112642489373683929e-02 1.071805972605943680e-02 1.202727388590574265e-02 4.980564583092927933e-03 3.644189797341823578e-03 5.242902785539627075e-02 4.060002416372299194e-02 7.836350239813327789e-03 1.897565834224224091e-02 1.851792214438319206e-03 1.041230931878089905e-02 1.554374210536479950e-02 2.007045224308967590e-02 1.569368690252304077e-02 1.148173399269580841e-02 1.057977508753538132e-02 1.409067481290549040e-04 4.951274488121271133e-03 2.192111127078533173e-02 9.954569861292839050e-03 2.563379239290952682e-03 2.639871789142489433e-03 8.752254652790725231e-04 3.579404205083847046e-02 4.885574057698249817e-02 7.523311069235205650e-04 2.972598187625408173e-03 1.642349525354802608e-03 9.590744972229003906e-03 3.597140777856111526e-03 1.753709465265274048e-02 1.336961705237627029e-02 2.265126444399356842e-02 2.111295936629176140e-03 6.521888077259063721e-03 2.419216558337211609e-03 1.269358326680958271e-03 1.176183018833398819e-02 1.203304063528776169e-02 1.357415691018104553e-02 2.427519112825393677e-02 1.535063330084085464e-02 1.112331170588731766e-02 1.182056032121181488e-02 4.545644856989383698e-03 2.712374739348888397e-02 5.043524503707885742e-02 4.766407422721385956e-03 2.336305100470781326e-03 2.505778335034847260e-02 3.617843613028526306e-02 2.773179858922958374e-02 4.365475103259086609e-02 1.612441986799240112e-02 8.163041435182094574e-03 6.164124701172113419e-03 5.903996061533689499e-03 1.090868655592203140e-02 1.993868686258792877e-02 2.971996786072850227e-03 1.001668977551162243e-03 7.860913872718811035e-03 8.057090453803539276e-03 3.884936915710568428e-03 1.428785827010869980e-02 7.422049064189195633e-03 6.859519053250551224e-03 1.095337886363267899e-02 3.202025545760989189e-03 3.052771557122468948e-03 1.065105106681585312e-02 3.407294570934027433e-04 9.683205746114253998e-03 1.963134109973907471e-02 7.377922069281339645e-03
