8.371621370315551758e-01 5.284193158149719238e-02 1.718832552433013916e-02 8.432066068053245544e-03 4.921267274767160416e-03 5.451864004135131836e-02 4.441448301076889038e-02 2.740579657256603241e-03 2.312936261296272278e-02 1.842965185642242432e-02 5.141711607575416565e-02 6.030217278748750687e-03 4.725236818194389343e-02 4.659703117795288563e-04 2.515780739486217499e-02 3.465585410594940186e-02 3.011142089962959290e-02 3.920861519873142242e-03 6.711311638355255127e-03 1.465348619967699051e-02 1.477912720292806625e-02 2.277454547584056854e-02 2.429194375872612000e-02 3.022973611950874329e-02 9.520294144749641418e-03 1.440945547074079514e-02 1.482093799859285355e-02 7.745586335659027100e-03 1.550206355750560760e-02 6.566427182406187057e-03 2.628122456371784210e-02 2.054592967033386230e-02 2.047005668282508850e-02 2.168060466647148132e-02 2.737225778400897980e-02 1.945268921554088593e-02 1.873076148331165314e-02 1.934629119932651520e-02 2.717918902635574341e-02 1.790003851056098938e-02 1.887989230453968048e-02 1.473631430417299271e-02 1.249473262578248978e-02 1.193497702479362488e-02 1.430816715583205223e-03 7.755045313388109207e-03 5.153393745422363281e-02 3.580043464899063110e-02 2.105604484677314758e-02 1.527920365333557129e-02 1.174410991370677948e-02 1.420659758150577545e-02 1.486269198358058929e-02 5.569200962781906128e-03 1.043540798127651215e-02 8.562200237065553665e-04 8.142346632666885853e-04 3.190873423591256142e-03 6.434157025068998337e-03 5.541369784623384476e-03 2.603644132614135742e-02 3.471619915217161179e-03 3.778333775699138641e-03 2.729841135442256927e-02 2.452129498124122620e-02 3.350805118680000305e-02 4.700735677033662796e-03 1.209208276122808456e-02 2.531233429908752441e-02 1.343317795544862747e-02 2.226482331752777100e-02 1.572889462113380432e-02 2.205383405089378357e-02 3.205288201570510864e-03 1.319268532097339630e-02 9.429036872461438179e-04 2.771621569991111755e-02 2.444266341626644135e-02 6.916325655765831470e-04 8.754669688642024994e-03 1.114319916814565659e-02 1.028496865183115005e-02 2.512152073904871941e-03 1.959657110273838043e-02 7.224157452583312988e-03 1.529906224459409714e-02 2.373716048896312714e-02 3.033171221613883972e-02 8.647869341075420380e-03 1.226926501840353012e-02 3.127937018871307373e-02 1.740154996514320374e-02 1.844662241637706757e-02 2.595214918255805969e-02 3.969879820942878723e-02 2.335604839026927948e-02 1.776183140464127064e-03 4.814821761101484299e-03 2.343011088669300079e-02 2.089538984000682831e-02 2.430365048348903656e-02 2.233636751770973206e-02 1.661595515906810760e-02 1.373087428510189056e-02 8.078835904598236084e-03 6.483807228505611420e-03 1.701147109270095825e-02 7.981798611581325531e-03 1.056716963648796082e-02 6.788839818909764290e-04 2.809254918247461319e-03 1.910704933106899261e-02 1.146063790656626225e-03 1.809947774745523930e-03 1.767910830676555634e-02 3.601951524615287781e-03
5.284193158149719238e-02 8.371621370315551758e-01 8.052965276874601841e-04 1.522326096892356873e-02 2.337003359571099281e-03 4.012265428900718689e-02 3.652883693575859070e-02 1.684270054101943970e-02 1.691440679132938385e-02 1.672762632369995117e-02 3.949585184454917908e-02 9.758727625012397766e-03 5.139175057411193848e-02 2.294666832312941551e-03 2.529539540410041809e-02 2.641402184963226318e-02 1.999903842806816101e-02 7.932507432997226715e-04 3.977351821959018707e-03 1.398114673793315887e-02 1.579925045371055603e-02 1.986368000507354736e-02 2.675629407167434692e-02 3.070793300867080688e-02 1.519193686544895172e-02 1.578699983656406403e-02 8.351289667189121246e-03 1.794384419918060303e-02 1.204470172524452209e-02 6.454091635532677174e-04 2.496670186519622803e-02 2.009349502623081207e-02 2.165752463042736053e-02 1.960883103311061859e-02 2.481462247669696808e-02 2.156392112374305725e-02 2.104240283370018005e-02 2.727006934583187103e-02 2.669962123036384583e-02 1.085349358618259430e-02 2.714025415480136871e-02 1.922410540282726288e-02 1.529922429472208023e-02 7.102284114807844162e-03 7.297966629266738892e-03 3.024730598554015160e-03 4.528002440929412842e-02 3.497474640607833862e-02 1.566427014768123627e-02 1.619583927094936371e-02 1.252213399857282639e-02 1.150685455650091171e-02 1.699833013117313385e-02 1.430876739323139191e-02 8.839408867061138153e-03 5.465523805469274521e-03 1.803841209039092064e-03 6.232814863324165344e-03 7.362999953329563141e-03 7.842532359063625336e-03 1.909739710390567780e-02 1.115384744480252266e-03 9.091790765523910522e-03 1.026518084108829498e-02 2.083102986216545105e-02 2.737948670983314514e-02 1.065427158027887344e-02 1.354149635881185532e-02 1.919504255056381226e-02 8.927922695875167847e-03 2.179127000272274017e-02 1.046174392104148865e-02 2.167388983070850372e-02 8.038340136408805847e-03 1.489331293851137161e-02 5.721102934330701828e-03 2.416241168975830078e-02 2.588683925569057465e-02 6.725208833813667297e-03 9.882349520921707153e-03 2.438757568597793579e-02 1.872839778661727905e-02 1.832260284572839737e-03 1.879020966589450836e-02 9.780998341739177704e-03 1.595808938145637512e-02 2.380513586103916168e-02 2.966543659567832947e-02 7.094005588442087173e-03 8.147007785737514496e-03 2.546770498156547546e-02 1.483740471303462982e-02 2.374278195202350616e-02 1.981743983924388885e-02 3.760477527976036072e-02 2.044609189033508301e-02 5.364876706153154373e-03 1.226050406694412231e-02 2.159135788679122925e-02 2.105806395411491394e-02 2.246197685599327087e-02 2.463970705866813660e-02 2.401994541287422180e-02 8.032187819480895996e-03 3.836491145193576813e-03 8.535030297935009003e-03 1.444439776241779327e-02 3.617102513089776039e-03 7.154274266213178635e-03 1.618183217942714691e-03 5.751294549554586411e-03 1.048661954700946808e-02 9.033864364027976990e-03 6.716758012771606445e-03 8.243785239756107330e-03 1.085485238581895828e-02
1.718832552433013916e-02 8.052965276874601841e-04 8.371621370315551758e-01 1.522282324731349945e-02 3.222186863422393799e-02 8.066691458225250244e-03 1.379852648824453354e-02 5.932112038135528564e-02 1.946599804796278477e-03 4.111630842089653015e-03 1.091535575687885284e-02 3.355765342712402344e-02 2.577567007392644882e-03 2.732679992914199829e-02 9.638395160436630249e-03 1.646303758025169373e-02 1.375543326139450073e-02 3.901146585121750832e-03 2.127256058156490326e-02 6.111415568739175797e-03 7.270153611898422241e-03 4.803005605936050415e-03 1.216878066770732403e-03 3.670832840725779533e-03 5.671190563589334488e-03 3.134431783109903336e-03 1.623750291764736176e-02 2.014287002384662628e-02 2.769527584314346313e-02 3.613841161131858826e-02 6.701647769659757614e-03 1.266032923012971878e-02 1.675475039519369602e-03 2.067913301289081573e-02 3.392415354028344154e-03 1.391883101314306259e-02 1.115837227553129196e-02 4.758797120302915573e-03 3.338731825351715088e-02 1.473152358084917068e-02 1.625146716833114624e-02 8.884141221642494202e-03 1.231075637042522430e-02 2.441392093896865845e-02 1.204425282776355743e-02 1.895481953397393227e-03 1.776759512722492218e-02 1.843723095953464508e-02 4.544970113784074783e-03 5.914515350013971329e-03 3.109191311523318291e-05 1.334183663129806519e-02 4.772196058183908463e-03 1.010686717927455902e-02 4.394111689180135727e-03 6.751995999366044998e-03 1.749501004815101624e-02 1.743616536259651184e-02 9.010660462081432343e-03 1.838117092847824097e-02 1.140219438821077347e-02 7.317859213799238205e-03 2.867336757481098175e-02 3.596362192183732986e-03 9.425332769751548767e-03 1.118880975991487503e-02 1.268909196369349957e-03 9.337379597127437592e-04 1.287830760702490807e-03 8.292814716696739197e-03 7.006871514022350311e-03 1.341566443443298340e-02 7.023153826594352722e-03 4.554184153676033020e-03 1.087191235274076462e-02 2.663650922477245331e-02 6.719369906932115555e-03 6.359467515721917152e-04 6.656932178884744644e-03 4.217488225549459457e-03 4.241227358579635620e-02 3.012140281498432159e-02 6.716828793287277222e-03 1.222449727356433868e-02 9.742832626216113567e-04 8.746029925532639027e-05 1.333399326540529728e-03 1.165443379431962967e-02 4.352801293134689331e-02 2.724329009652137756e-02 1.213543396443128586e-02 4.326151218265295029e-03 1.224878896027803421e-02 5.016777664422988892e-03 9.612021036446094513e-03 2.307344973087310791e-02 4.562978574540466070e-04 2.091802656650543213e-02 4.945978056639432907e-03 8.729250170290470123e-03 6.058769649825990200e-04 7.978720823302865028e-04 1.147456234320998192e-03 1.225271634757518768e-02 1.775741577148437500e-02 1.849855179898440838e-03 2.484645461663603783e-03 6.506711943075060844e-04 5.197267513722181320e-03 9.773501195013523102e-03 2.449281886219978333e-02 3.980569913983345032e-02 2.698045689612627029e-03 3.375998698174953461e-03 4.188411403447389603e-03 3.828453132882714272e-03
8.432066068053245544e-03 1.522326096892356873e-02 1.522282324731349945e-02 8.371621370315551758e-01 1.927928440272808075e-02 5.395933054387569427e-03 5.539662670344114304e-04 5.665873643010854721e-03 3.812577575445175171e-02 2.083152718842029572e-02 8.697319775819778442e-03 4.275553859770298004e-03 1.243282668292522430e-02 1.113017275929450989e-02 1.259802491404116154e-03 4.570492077618837357e-03 2.530282072257250547e-04 3.696374967694282532e-02 1.122227218002080917e-02 4.064722917973995209e-03 1.555027533322572708e-02 6.274417974054813385e-03 8.060933090746402740e-03 1.862015761435031891e-02 1.063959486782550812e-02 5.471025593578815460e-03 1.241037528961896896e-02 2.485067583620548248e-03 9.040152654051780701e-03 8.793733082711696625e-03 1.095512788742780685e-02 1.902780123054981232e-02 3.327183052897453308e-02 2.092207781970500946e-02 5.594287533313035965e-03 2.451480738818645477e-02 1.569733396172523499e-02 8.804010227322578430e-03 3.302136436104774475e-02 5.182351451367139816e-03 7.383426651358604431e-03 1.669922843575477600e-02 2.427650243043899536e-02 3.785158321261405945e-02 7.272947579622268677e-03 7.917837239801883698e-03 1.195044256746768951e-02 1.506990403868257999e-03 2.244436740875244141e-02 1.088337413966655731e-02 7.953573949635028839e-03 7.775790989398956299e-03 2.052288036793470383e-03 3.893374931067228317e-03 2.877153642475605011e-02 1.366698089987039566e-02 1.862125098705291748e-02 3.834329312667250633e-03 4.828345030546188354e-03 1.681907661259174347e-02 4.046447575092315674e-02 1.181311812251806259e-02 9.935419075191020966e-03 1.343613024801015854e-02 2.942784223705530167e-03 1.691511087119579315e-02 3.410280449315905571e-03 1.719546318054199219e-02 1.029754150658845901e-02 2.879067556932568550e-03 1.119612716138362885e-02 4.853988531976938248e-03 2.943521179258823395e-02 9.090074338018894196e-03 1.076615601778030396e-02 5.207606591284275055e-03 1.664657332003116608e-02 1.760161109268665314e-02 2.347222343087196350e-02 2.546549402177333832e-02 1.742607541382312775e-02 4.483647644519805908e-03 1.365113165229558945e-02 5.445222835987806320e-03 7.450564298778772354e-03 2.086267620325088501e-02 9.124213829636573792e-03 5.702236201614141464e-03 1.254122704267501831e-02 8.688376983627676964e-04 1.133607979863882065e-02 9.387413971126079559e-03 6.539927329868078232e-03 1.179291307926177979e-02 2.338773192605003715e-04 4.118115466553717852e-04 5.229217465966939926e-03 6.950492039322853088e-03 1.067858096212148666e-02 1.119676604866981506e-02 9.190418757498264313e-03 1.247765775769948959e-02 1.534215756691992283e-03 6.218365859240293503e-03 1.299607008695602417e-02 1.186890061944723129e-02 1.359573937952518463e-02 1.783716492354869843e-02 4.965914413332939148e-03 1.244661025702953339e-02 2.636674046516418457e-02 7.745621260255575180e-03 1.179626677185297012e-02 1.247576251626014709e-02 9.972288273274898529e-03 1.361528597772121429e-02
4.921267274767160416e-03 2.337003359571099281e-03 3.222186863422393799e-02 1.927928440272808075e-02 8.371621370315551758e-01 4.493286833167076111e-03 2.118775434792041779e-02 6.349185481667518616e-03 1.427698601037263870e-02 3.978500142693519592e-02 1.404303126037120819e-02 4.083444178104400635e-02 3.801663406193256378e-03 9.813453070819377899e-03 1.218118704855442047e-02 5.351531319320201874e-03 1.226753275841474533e-02 5.504132248461246490e-03 5.105320736765861511e-02 6.074967328459024429e-03 2.991724992170929909e-03 2.189948409795761108e-02 7.092365995049476624e-03 1.114904228597879410e-02 1.085429079830646515e-02 3.906634170562028885e-03 3.008970245718955994e-02 4.082874953746795654e-02 1.793782925233244896e-03 1.849472522735595703e-02 9.223809465765953064e-03 2.016452327370643616e-02 6.653282325714826584e-03 2.351211942732334137e-02 5.546553991734981537e-03 5.109220277518033981e-03 1.158689800649881363e-02 5.533573683351278305e-03 4.560303874313831329e-03 2.873007766902446747e-02 2.312514930963516235e-02 3.964446485042572021e-03 7.563157472759485245e-03 1.988030271604657173e-03 5.644033662974834442e-04 1.814403943717479706e-02 8.297160093206912279e-05 1.223866641521453857e-02 9.190492331981658936e-03 3.010785393416881561e-02 6.826452445238828659e-03 3.975854255259037018e-03 5.884766578674316406e-03 9.280560538172721863e-03 1.708534359931945801e-02 3.673593699932098389e-02 3.527703881263732910e-02 8.633275516331195831e-03 1.749319955706596375e-02 8.120577549561858177e-04 1.023302786052227020e-02 3.496148437261581421e-02 4.415504634380340576e-03 8.540235459804534912e-03 9.397854097187519073e-03 9.148120880126953125e-04 1.452885475009679794e-02 7.387339137494564056e-03 1.241256482899188995e-02 4.867084696888923645e-02 4.710083361715078354e-03 1.903778873383998871e-03 1.801720820367336273e-02 4.349017888307571411e-02 3.336338698863983154e-02 4.985967651009559631e-03 2.463202178478240967e-02 2.349475026130676270e-02 3.612424945458769798e-03 2.802088856697082520e-02 1.448139082640409470e-02 2.389203384518623352e-02 7.586852647364139557e-03 5.527572706341743469e-02 1.312071084976196289e-02 1.420235168188810349e-02 7.342849130509421229e-05 1.665916293859481812e-03 3.523644804954528809e-02 1.722090505063533783e-02 6.279127672314643860e-03 3.045105561614036560e-02 4.080848302692174911e-03 8.641621097922325134e-03 6.872103549540042877e-03 2.352170459926128387e-02 4.122767224907875061e-02 2.191612496972084045e-03 1.396442111581563950e-02 8.194598369300365448e-03 3.543989034369587898e-03 2.293969504535198212e-03 1.638222113251686096e-02 5.610460881143808365e-03 1.812849007546901703e-02 6.355378427542746067e-04 1.558387000113725662e-02 3.416390623897314072e-03 3.639563452452421188e-03 1.852103695273399353e-02 5.481077823787927628e-03 2.277038060128688812e-02 3.446598537266254425e-03 6.622119341045618057e-03 2.267502481117844582e-03 4.353162646293640137e-02
5.451864004135131836e-02 4.012265428900718689e-02 8.066691458225250244e-03 5.395933054387569427e-03 4.493286833167076111e-03 8.371621370315551758e-01 5.097309127449989319e-02 5.099660251289606094e-03 3.049748577177524567e-02 7.446832489222288132e-03 4.656058922410011292e-02 2.535669133067131042e-02 3.716366738080978394e-02 2.470076270401477814e-02 8.415130898356437683e-03 3.440319746732711792e-02 2.940700575709342957e-02 4.986796062439680099e-03 4.574944265186786652e-03 5.259397905319929123e-03 1.161887217313051224e-02 1.288974471390247345e-02 2.188325673341751099e-02 2.824023365974426270e-02 3.397348104044795036e-03 1.956545375287532806e-02 1.153605617582798004e-02 3.110322356224060059e-02 1.080730650573968887e-02 1.443619560450315475e-02 1.996461302042007446e-02 1.711218990385532379e-02 1.737910881638526917e-02 1.439670193940401077e-02 2.761753834784030914e-02 1.723267696797847748e-02 8.551595732569694519e-03 1.611821912229061127e-02 2.131320722401142120e-02 1.422356627881526947e-02 2.064334414899349213e-02 4.343471024185419083e-03 4.565171431750059128e-03 5.679243244230747223e-03 5.109245830681174994e-05 1.488200388848781586e-02 5.861455574631690979e-02 4.014845937490463257e-02 1.702565886080265045e-02 5.111537757329642773e-04 1.377008506096899509e-03 1.633596373721957207e-03 6.742445752024650574e-03 6.276862695813179016e-03 2.480398630723357201e-03 1.828018203377723694e-02 2.161697298288345337e-02 6.206148304045200348e-03 2.843281021341681480e-03 1.520868507213890553e-03 3.171518445014953613e-02 1.072770450264215469e-02 1.600232161581516266e-02 3.192171826958656311e-02 2.103707380592823029e-02 3.442698717117309570e-02 8.659248240292072296e-03 4.063912201672792435e-03 2.504528500139713287e-02 8.975438773632049561e-03 1.319496240466833115e-02 1.631391607224941254e-02 3.059367090463638306e-02 6.258552893996238708e-03 2.363566868007183075e-02 5.534327588975429535e-03 3.147458657622337341e-02 1.066453289240598679e-02 5.786628462374210358e-03 1.525428518652915955e-02 1.143238972872495651e-02 1.131375320255756378e-02 1.409554481506347656e-02 2.209449559450149536e-02 6.749836727976799011e-03 5.778040736913681030e-03 1.754953153431415558e-02 2.529761940240859985e-02 8.393275551497936249e-03 2.476233523339033127e-03 3.032173216342926025e-02 1.650342531502246857e-02 1.698253117501735687e-02 2.320271730422973633e-02 3.271505236625671387e-02 1.738146692514419556e-02 2.669323468580842018e-03 2.775368513539433479e-03 1.046636793762445450e-02 9.558448567986488342e-03 1.949449814856052399e-02 1.297781243920326233e-02 1.287997793406248093e-02 1.802289113402366638e-02 1.475613913498818874e-03 3.744555404409766197e-03 1.891744881868362427e-02 1.235544029623270035e-02 3.672751830890774727e-03 1.945048198103904724e-02 2.056317962706089020e-02 2.456551301293075085e-04 1.099336706101894379e-02 1.509206648916006088e-02 2.537112310528755188e-02 1.493379659950733185e-02
4.441448301076889038e-02 3.652883693575859070e-02 1.379852648824453354e-02 5.539662670344114304e-04 2.118775434792041779e-02 5.097309127449989319e-02 8.371621370315551758e-01 1.413400005549192429e-02 1.659223437309265137e-02 2.199385873973369598e-02 4.638790711760520935e-02 1.663728035055100918e-03 2.855093590915203094e-02 3.008562698960304260e-02 7.202845998108386993e-03 3.405321761965751648e-02 3.468442708253860474e-02 1.563308015465736389e-02 1.267441734671592712e-02 8.313175290822982788e-03 1.407605037093162537e-02 4.226125311106443405e-03 2.160095795989036560e-02 3.542107343673706055e-02 7.860220037400722504e-03 2.002187632024288177e-02 7.104084361344575882e-04 6.310653872787952423e-03 2.893551066517829895e-02 3.943569026887416840e-03 3.077205503359436989e-03 2.177328988909721375e-02 1.447104196995496750e-02 2.027556858956813812e-02 2.283375523984432220e-02 1.736111752688884735e-02 9.321686811745166779e-03 5.926200537942349911e-04 2.791869826614856720e-02 2.387359738349914551e-02 6.213879678398370743e-04 1.657055225223302841e-03 4.947389941662549973e-03 1.102159658330492675e-04 1.113356370478868484e-02 1.208811346441507339e-02 5.046350881457328796e-02 5.134679749608039856e-02 1.269962824881076813e-02 1.625472865998744965e-02 3.877024399116635323e-03 5.020399577915668488e-03 1.601503416895866394e-02 3.123738802969455719e-03 5.199288018047809601e-03 8.849139325320720673e-03 1.245555933564901352e-02 1.490083336830139160e-02 1.039396412670612335e-02 1.509450562298297882e-02 1.980416849255561829e-02 4.475578200072050095e-03 1.385207753628492355e-02 2.056564576923847198e-02 4.197189956903457642e-02 3.193061798810958862e-02 5.662624724209308624e-03 4.924715030938386917e-03 8.431328460574150085e-03 2.508178725838661194e-02 1.949029043316841125e-02 7.662160322070121765e-03 1.937635801732540131e-02 1.490081474184989929e-02 3.489042073488235474e-02 1.964407786726951599e-02 8.611903525888919830e-03 2.373878285288810730e-02 7.167187053710222244e-03 5.868410225957632065e-04 3.791688475757837296e-03 2.526623196899890900e-02 1.142696477472782135e-02 2.222889801487326622e-03 1.772986375726759434e-03 1.544496975839138031e-02 1.294690556824207306e-02 2.086053974926471710e-02 3.022370859980583191e-02 2.360735274851322174e-02 3.471144288778305054e-02 2.810129150748252869e-02 2.453056164085865021e-02 1.173411123454570770e-02 2.769521623849868774e-02 2.222418226301670074e-02 1.136790961027145386e-02 1.355109456926584244e-02 1.024013198912143707e-02 9.507667273283004761e-03 2.034644223749637604e-02 1.574051566421985626e-02 1.067417394369840622e-02 1.063912757672369480e-03 1.889181509613990784e-02 1.154468581080436707e-02 1.400432176887989044e-02 2.781229093670845032e-03 4.607584793120622635e-03 2.742400160059332848e-03 1.054242067039012909e-02 5.091418046504259109e-03 1.116310805082321167e-02 1.083318702876567841e-02 8.740632794797420502e-03 7.858491502702236176e-03
2.740579657256603241e-03 1.684270054101943970e-02 5.932112038135528564e-02 5.665873643010854721e-03 6.349185481667518616e-03 5.099660251289606094e-03 1.413400005549192429e-02 8.371621370315551758e-01 4.399369005113840103e-03 1.413677632808685303e-02 9.486444294452667236e-03 1.403591595590114594e-02 1.332170795649290085e-02 2.952170092612504959e-03 3.970506414771080017e-02 4.558708518743515015e-03 3.453231183812022209e-03 4.950241185724735260e-03 1.470422837883234024e-03 1.483417581766843796e-02 9.727168828248977661e-03 3.443222120404243469e-02 2.438738383352756500e-02 1.578052714467048645e-02 1.339037250727415085e-02 8.494528010487556458e-03 2.900798618793487549e-02 7.702779490500688553e-03 9.267476387321949005e-03 1.291348040103912354e-02 2.735687885433435440e-03 6.877353880554437637e-03 6.537253502756357193e-03 6.822531577199697495e-03 1.476637367159128189e-02 1.066344603896141052e-02 1.834877766668796539e-02 2.955876849591732025e-02 4.503748845309019089e-03 9.539133752696216106e-04 2.519787289202213287e-02 9.663354605436325073e-03 8.650998584926128387e-03 1.157215889543294907e-02 1.149619091302156448e-02 6.353813689202070236e-03 1.595813781023025513e-02 8.647142909467220306e-03 2.151494100689888000e-02 1.528265606611967087e-02 1.412461791187524796e-02 6.859263405203819275e-03 1.771208271384239197e-02 1.776003278791904449e-02 1.621850021183490753e-02 8.740406483411788940e-03 8.951040916144847870e-03 1.958268694579601288e-02 1.799457147717475891e-02 1.235838700085878372e-02 6.426674081012606621e-04 9.966483339667320251e-03 1.532702613621950150e-02 7.393963169306516647e-03 6.506861187517642975e-03 2.134869806468486786e-03 1.720107533037662506e-02 1.937293820083141327e-02 1.342435646802186966e-02 2.379127033054828644e-02 1.515456382185220718e-02 3.022580780088901520e-02 9.899061173200607300e-03 2.811626531183719635e-02 1.081231329590082169e-02 3.110946342349052429e-02 1.192070357501506805e-02 1.655867137014865875e-02 7.724822964519262314e-03 3.827814012765884399e-03 4.302356392145156860e-02 3.149601817131042480e-02 3.044614568352699280e-03 4.719006363302469254e-03 2.218449302017688751e-02 1.654503867030143738e-02 3.333110362291336060e-02 1.708585210144519806e-02 1.447864901274442673e-02 7.855616509914398193e-03 1.112732943147420883e-02 3.121905960142612457e-02 8.388333022594451904e-03 2.307496406137943268e-02 4.645288456231355667e-03 6.341180298477411270e-03 2.721821703016757965e-02 3.330584987998008728e-02 2.343131788074970245e-02 2.068087831139564514e-02 4.766740836203098297e-03 3.357011126354336739e-03 2.530062571167945862e-02 2.314005605876445770e-02 6.134300958365201950e-03 1.413470879197120667e-02 6.309782154858112335e-03 2.025340124964714050e-02 3.787512250710278749e-04 1.570900529623031616e-02 1.520699728280305862e-02 1.483522169291973114e-02 1.592223346233367920e-02 2.032847143709659576e-02 1.698830164968967438e-02 2.291499823331832886e-02
2.312936261296272278e-02 1.691440679132938385e-02 1.946599804796278477e-03 3.812577575445175171e-02 1.427698601037263870e-02 3.049748577177524567e-02 1.659223437309265137e-02 4.399369005113840103e-03 8.371621370315551758e-01 2.231416106224060059e-02 2.278541587293148041e-02 3.212466463446617126e-02 2.286043763160705566e-02 9.433177299797534943e-03 3.681315807625651360e-03 1.744926162064075470e-02 1.104289572685956955e-02 4.336061328649520874e-02 6.852286169305443764e-04 6.238776259124279022e-04 1.600726693868637085e-02 3.030204214155673981e-03 2.932891994714736938e-02 2.667895890772342682e-02 1.108785145333968103e-04 1.028663199394941330e-02 7.668232545256614685e-03 1.086803060024976730e-02 1.772882044315338135e-02 7.447875570505857468e-03 2.188580483198165894e-02 2.502913028001785278e-02 2.473831735551357269e-02 1.718663051724433899e-02 2.211472019553184509e-02 2.389578521251678467e-02 1.390708237886428833e-02 6.001875735819339752e-03 3.672413062304258347e-03 1.866345293819904327e-02 2.545538591220974922e-03 2.376989647746086121e-02 1.855071447789669037e-02 1.082244981080293655e-02 3.737671673297882080e-02 2.496689790859818459e-03 3.145729750394821167e-02 2.169756405055522919e-02 3.822746127843856812e-02 1.641480438411235809e-02 2.420993521809577942e-02 2.074974216520786285e-02 1.345449406653642654e-02 7.589825894683599472e-03 3.505553305149078369e-02 6.574307102710008621e-03 1.584879308938980103e-02 6.695425603538751602e-03 1.410120166838169098e-02 4.810983780771493912e-03 3.989197686314582825e-02 4.079092759639024734e-03 4.614201840013265610e-03 9.548789821565151215e-03 1.767086237668991089e-02 2.497017942368984222e-02 4.054910968989133835e-03 1.835450343787670135e-02 3.204210847616195679e-02 1.019597519189119339e-02 1.017153076827526093e-02 2.372543886303901672e-02 2.498573856428265572e-03 8.364195935428142548e-03 1.486346591264009476e-02 9.665047749876976013e-03 4.993444308638572693e-02 2.199907228350639343e-02 4.022762551903724670e-02 5.674545653164386749e-03 1.391823170706629753e-03 1.013707602396607399e-03 6.959774531424045563e-03 1.497555058449506760e-02 1.356510818004608154e-02 2.677130699157714844e-02 9.085607714951038361e-03 1.747397147119045258e-02 2.577133476734161377e-02 8.919580839574337006e-03 2.899225987493991852e-02 1.065972540527582169e-02 2.356239035725593567e-02 2.238363772630691528e-02 1.907442510128021240e-02 7.322661112993955612e-03 1.088138669729232788e-02 1.464998070150613785e-02 2.414731495082378387e-02 2.212269790470600128e-02 1.137074641883373260e-02 1.292303018271923065e-02 1.362640224397182465e-02 1.969682052731513977e-02 1.112079340964555740e-02 2.564685884863138199e-03 1.305884588509798050e-02 1.328554237261414528e-03 6.252603139728307724e-03 4.866267088800668716e-03 4.686228465288877487e-03 1.578524149954319000e-02 1.497701834887266159e-02 8.595461957156658173e-03 1.891466230154037476e-02 1.628507301211357117e-02
1.842965185642242432e-02 1.672762632369995117e-02 4.111630842089653015e-03 2.083152718842029572e-02 3.978500142693519592e-02 7.446832489222288132e-03 2.199385873973369598e-02 1.413677632808685303e-02 2.231416106224060059e-02 8.371621370315551758e-01 2.474287152290344238e-02 2.591664344072341919e-02 2.353626675903797150e-02 2.178037306293845177e-03 1.386129204183816910e-02 1.559027470648288727e-02 2.139325626194477081e-02 1.627437584102153778e-02 5.082073807716369629e-02 8.300654590129852295e-03 1.314567588269710541e-02 1.702296547591686249e-02 1.067421957850456238e-02 2.172672376036643982e-02 1.756490021944046021e-02 1.388812065124511719e-02 3.033898957073688507e-02 3.028775379061698914e-02 1.483741030097007751e-02 1.934176869690418243e-02 1.687059924006462097e-02 2.547604031860828400e-02 1.981004513800144196e-02 2.644178830087184906e-02 6.310516968369483948e-03 1.513710618019104004e-02 1.856660470366477966e-02 9.725304320454597473e-03 8.588303462602198124e-04 3.207284584641456604e-02 6.815866567194461823e-03 2.081467956304550171e-02 1.501573342829942703e-02 1.412060484290122986e-02 1.811239123344421387e-02 2.962265536189079285e-02 2.172765508294105530e-02 2.451184019446372986e-02 2.523882128298282623e-02 3.695539012551307678e-02 8.036367595195770264e-03 8.069302886724472046e-03 5.889813415706157684e-03 7.686324883252382278e-03 3.457051888108253479e-02 3.933014348149299622e-02 1.354958955198526382e-02 2.173295617103576660e-02 1.852311193943023682e-03 6.648101843893527985e-03 2.547772787511348724e-02 3.800661489367485046e-02 9.237100370228290558e-03 2.618915634229779243e-03 1.824456639587879181e-02 2.005175128579139709e-02 1.367044541984796524e-02 1.234350726008415222e-02 5.658552981913089752e-03 4.498293250799179077e-02 2.086984552443027496e-02 1.296709943562746048e-02 2.215671539306640625e-02 3.269358351826667786e-02 7.942959666252136230e-03 3.365349024534225464e-03 7.859621546231210232e-04 3.977181389927864075e-02 2.386810258030891418e-02 4.958895966410636902e-02 1.922756247222423553e-02 2.589213289320468903e-02 2.037227340042591095e-02 3.396448865532875061e-02 1.988626085221767426e-02 3.016491793096065521e-02 1.284452970139682293e-03 1.540303509682416916e-02 1.681680232286453247e-02 2.697826735675334930e-02 1.704441942274570465e-02 2.740490436553955078e-02 2.110896073281764984e-02 2.134615182876586914e-02 1.282109878957271576e-02 2.353723533451557159e-02 3.535186871886253357e-02 4.679393023252487183e-03 2.310477755963802338e-02 1.559705939143896103e-02 1.171534135937690735e-02 1.675590500235557556e-02 1.691247336566448212e-02 6.807241123169660568e-03 6.163541693240404129e-03 3.468147246167063713e-03 5.928664468228816986e-03 5.299254786223173141e-03 8.725713938474655151e-03 1.830750890076160431e-02 1.990602537989616394e-02 2.393056824803352356e-02 1.013991329818964005e-02 1.046269852668046951e-02 1.905256067402660847e-03 2.037563174962997437e-02
5.141711607575416565e-02 3.949585184454917908e-02 1.091535575687885284e-02 8.697319775819778442e-03 1.404303126037120819e-02 4.656058922410011292e-02 4.638790711760520935e-02 9.486444294452667236e-03 2.278541587293148041e-02 2.474287152290344238e-02 8.371621370315551758e-01 3.850056324154138565e-03 3.828144818544387817e-02 1.825874298810958862e-02 2.756133116781711578e-02 3.019659407436847687e-02 2.769846282899379730e-02 1.026428188197314739e-03 1.413816306740045547e-02 2.076226472854614258e-02 2.227337844669818878e-02 2.433219924569129944e-02 2.760020084679126740e-02 3.500300645828247070e-02 1.338288001716136932e-02 1.547076832503080368e-02 1.589487679302692413e-02 1.499860663898289204e-03 1.961279660463333130e-02 3.466734779067337513e-04 1.767192780971527100e-02 2.359398268163204193e-02 1.928360015153884888e-02 2.469497919082641602e-02 2.380070462822914124e-02 2.256566099822521210e-02 2.226080931723117828e-02 1.499989256262779236e-02 2.131939493119716644e-02 2.035929821431636810e-02 1.824981346726417542e-02 9.020167402923107147e-03 1.178470160812139511e-02 1.535685639828443527e-02 9.915688075125217438e-03 3.968917299062013626e-03 4.448194056749343872e-02 3.776089474558830261e-02 2.223856002092361450e-02 1.646207086741924286e-02 1.824232749640941620e-02 1.943292468786239624e-02 1.937823183834552765e-02 7.904882542788982391e-03 1.136928144842386246e-02 4.592577926814556122e-03 9.140574838966131210e-04 1.415420323610305786e-02 1.656262204051017761e-02 1.613291352987289429e-02 2.427082136273384094e-02 1.410183683037757874e-02 1.238500885665416718e-02 2.265636436641216278e-02 2.967920340597629547e-02 3.216256201267242432e-02 8.820462040603160858e-03 1.800527609884738922e-02 1.892396248877048492e-02 2.796958386898040771e-02 2.137281931936740875e-02 1.638778112828731537e-02 8.974255993962287903e-03 1.459143310785293579e-02 1.507477182894945145e-02 6.498754373751580715e-04 2.226954884827136993e-02 2.956371940672397614e-02 7.868944521760568023e-06 1.603957149200141430e-03 7.408294361084699631e-03 1.600459031760692596e-02 8.397863712161779404e-04 5.030944477766752243e-03 1.296424586325883865e-02 2.255592122673988342e-02 2.749331295490264893e-02 3.149854019284248352e-02 1.113240700215101242e-02 1.330769155174493790e-03 3.335297107696533203e-02 2.750780060887336731e-02 1.980239711701869965e-02 2.509890310466289520e-02 3.110110200941562653e-02 2.183832973241806030e-02 1.287745777517557144e-02 3.222153754904866219e-03 2.341010421514511108e-02 2.566215209662914276e-02 1.777904294431209564e-02 1.666137762367725372e-02 1.576928235590457916e-02 1.292067579925060272e-02 1.212777290493249893e-02 1.394675578922033310e-02 1.195304561406373978e-02 7.319075055420398712e-03 1.266196649521589279e-02 3.292247653007507324e-03 6.557059474289417267e-03 1.101138070225715637e-02 1.523854094557464123e-03 5.731549579650163651e-03 1.633111760020256042e-02 1.226546615362167358e-02
6.030217278748750687e-03 9.758727625012397766e-03 3.355765342712402344e-02 4.275553859770298004e-03 4.083444178104400635e-02 2.535669133067131042e-02 1.663728035055100918e-03 1.403591595590114594e-02 3.212466463446617126e-02 2.591664344072341919e-02 3.850056324154138565e-03 8.371621370315551758e-01 1.639807410538196564e-02 6.895589083433151245e-02 4.951850511133670807e-03 2.574100857600569725e-03 3.489863360300660133e-03 3.463687899056822062e-04 3.952150791883468628e-02 4.681135993450880051e-03 1.072025552275590599e-04 3.990888595581054688e-03 2.153008244931697845e-02 1.018361561000347137e-02 8.077758364379405975e-03 1.285695191472768784e-02 2.132170274853706360e-02 6.297191977500915527e-02 6.671604700386524200e-03 5.365119129419326782e-02 1.480824965983629227e-02 1.918565132655203342e-03 5.347998347133398056e-03 7.636358030140399933e-03 1.159336976706981659e-02 7.607019506394863129e-03 1.085262629203498363e-03 8.999024867080152035e-04 8.962332271039485931e-03 1.058721635490655899e-02 4.584093578159809113e-03 1.712471246719360352e-02 7.089204620569944382e-03 4.294995684176683426e-03 1.847424358129501343e-02 2.994572743773460388e-02 7.344224723055958748e-04 4.977019038051366806e-03 1.188149955123662949e-02 2.803350053727626801e-02 5.183364264667034149e-03 1.655445899814367294e-03 7.764062378555536270e-03 8.118506520986557007e-03 7.281730417162179947e-03 5.081838741898536682e-02 3.838953003287315369e-02 9.028091095387935638e-03 1.097579952329397202e-02 6.147894542664289474e-03 1.892471191240474582e-04 3.597294166684150696e-02 9.178860113024711609e-03 5.226462613791227341e-03 5.546562839299440384e-03 1.156679168343544006e-02 6.767700891941785812e-03 4.127309191972017288e-03 1.370200235396623611e-02 1.377325691282749176e-02 7.865816354751586914e-03 1.011549145914614201e-03 1.969325169920921326e-02 2.128290571272373199e-02 1.979034859687089920e-03 3.614610061049461365e-03 3.020463138818740845e-02 1.024404820054769516e-02 1.279285177588462830e-03 3.002980910241603851e-02 1.884833909571170807e-02 1.097826473414897919e-02 2.127053029835224152e-02 2.787286974489688873e-02 6.985307205468416214e-03 2.600116422399878502e-03 1.661650091409683228e-02 3.029117360711097717e-03 4.325003549456596375e-02 6.909180432558059692e-03 2.317895647138357162e-03 6.499165203422307968e-03 7.983408868312835693e-03 5.924665019847452641e-04 8.646401576697826385e-03 1.488178595900535583e-02 1.675753854215145111e-02 1.007330883294343948e-02 4.694072064012289047e-03 4.520329821389168501e-04 7.637894246727228165e-03 1.296509057283401489e-02 3.572668647393584251e-03 2.109456993639469147e-02 1.519420091062784195e-02 4.439687356352806091e-03 9.832710959017276764e-03 1.374054048210382462e-02 6.330004427582025528e-03 3.591979295015335083e-02 4.226565361022949219e-02 3.183406963944435120e-02 6.492237444035708904e-04 1.361144823022186756e-03 2.199136465787887573e-02 2.999743632972240448e-02
4.725236818194389343e-02 5.139175057411193848e-02 2.577567007392644882e-03 1.243282668292522430e-02 3.801663406193256378e-03 3.716366738080978394e-02 2.855093590915203094e-02 1.332170795649290085e-02 2.286043763160705566e-02 2.353626675903797150e-02 3.828144818544387817e-02 1.639807410538196564e-02 8.371621370315551758e-01 1.408369932323694229e-02 2.290037274360656738e-02 3.034333325922489166e-02 2.262471802532672882e-02 6.239751819521188736e-03 4.318282939493656158e-03 1.502166502177715302e-02 1.955690979957580566e-02 2.621473744511604309e-02 2.301100082695484161e-02 2.640462294220924377e-02 1.627674326300621033e-02 1.592033915221691132e-02 2.684962190687656403e-02 7.070429623126983643e-03 1.262682024389505386e-02 1.034046616405248642e-02 4.235552251338958740e-02 2.413479238748550415e-02 1.757304742932319641e-02 2.183900959789752960e-02 2.135521918535232544e-02 1.270044315606355667e-02 1.718026585876941681e-02 2.944206260144710541e-02 1.936480030417442322e-02 1.210220716893672943e-02 2.608766220510005951e-02 2.093204855918884277e-02 1.596497371792793274e-02 7.819818332791328430e-03 5.760590080171823502e-03 7.581617683172225952e-03 4.554023221135139465e-02 3.558783605694770813e-02 2.008122578263282776e-02 2.413760125637054443e-02 1.316513866186141968e-02 1.687973551452159882e-02 1.393922418355941772e-02 1.806087233126163483e-02 1.330434530973434448e-02 1.170540601015090942e-02 2.764831297099590302e-03 9.749912656843662262e-03 4.023379180580377579e-03 9.478522464632987976e-03 2.137902379035949707e-02 5.111458245664834976e-03 3.890157444402575493e-03 2.023056708276271820e-02 2.235319279134273529e-02 3.963180631399154663e-02 1.083900593221187592e-02 1.681984774768352509e-02 2.520383335649967194e-02 1.809022948145866394e-02 2.174742333590984344e-02 3.064841032028198242e-02 1.811328344047069550e-02 2.748526399955153465e-03 3.847908519674092531e-04 9.477953426539897919e-03 2.864154987037181854e-02 2.555872499942779541e-02 1.242494676262140274e-02 2.455249661579728127e-03 1.619432494044303894e-02 1.033248566091060638e-02 9.356458671391010284e-03 1.412618253380060196e-02 1.355777401477098465e-02 1.898078061640262604e-02 1.990991458296775818e-02 2.973754517734050751e-02 1.044470554916188121e-04 1.108949910849332809e-02 3.247180208563804626e-02 1.593300700187683105e-02 2.955495566129684448e-02 3.268489241600036621e-02 2.990978211164474487e-02 2.046251669526100159e-02 1.201552711427211761e-02 2.012259559705853462e-03 2.551266551017761230e-02 2.211328037083148956e-02 2.146856300532817841e-02 2.111034095287322998e-02 2.575100213289260864e-02 1.504821795970201492e-02 2.629034221172332764e-03 1.003537327051162720e-02 1.296563632786273956e-02 5.080933682620525360e-03 1.135929487645626068e-02 1.528806053102016449e-02 4.315584897994995117e-03 1.331864949315786362e-02 1.093673892319202423e-02 9.253118187189102173e-03 1.403237413614988327e-02 9.977889247238636017e-03
