8.413206934928894043e-01 5.269987881183624268e-02 3.339746966958045959e-02 3.581522777676582336e-02 3.659862279891967773e-02 3.307969495654106140e-02 3.585173189640045166e-02 1.512639038264751434e-02 2.014934457838535309e-02 2.414236031472682953e-02 4.240677878260612488e-02 2.330671064555644989e-03 3.145464882254600525e-02 1.108322059735655785e-03 2.129987441003322601e-02 3.296929353382438421e-04 3.875118214637041092e-03 2.337764762341976166e-02 3.642766922712326050e-02 9.275892749428749084e-03 9.082808159291744232e-03 1.640202850103378296e-02 1.318294461816549301e-02 1.511402986943721771e-02 1.657171919941902161e-02 2.248816937208175659e-02 2.035316824913024902e-02 2.474615350365638733e-03 6.175969727337360382e-03 9.263051673769950867e-03 8.676507510244846344e-03 1.260836981236934662e-02 6.370313465595245361e-03 1.292259059846401215e-02 1.855982840061187744e-02 1.649986952543258667e-02 7.787351496517658234e-03 1.338550169020891190e-02 3.348025307059288025e-02 2.970756962895393372e-02 6.351625546813011169e-03 2.278476580977439880e-02 1.945832371711730957e-02 2.212154120206832886e-02 6.215117406100034714e-03 3.028607554733753204e-02 1.879802532494068146e-02 1.993946917355060577e-02 1.889419928193092346e-02 1.494671031832695007e-02 9.089705534279346466e-03 1.125626149587333202e-03 1.691337674856185913e-02 2.414435381069779396e-03 5.323736928403377533e-03 4.442563746124505997e-03 1.268750894814729691e-02 1.626200601458549500e-02 1.581502147018909454e-02 1.490324921905994415e-02 8.791742846369743347e-03 3.758942335844039917e-02 2.867135591804981232e-02 3.643001243472099304e-02 7.810014765709638596e-03 1.176675874739885330e-02 1.242015697062015533e-02 5.639748647809028625e-03 5.588162690401077271e-03 3.490136191248893738e-02 1.167795713990926743e-02 9.280276484787464142e-03 3.390897810459136963e-02 3.238643333315849304e-02 2.550247870385646820e-02 1.407818216830492020e-02 1.789760030806064606e-02 1.527110021561384201e-02 2.200870215892791748e-02 2.841693814843893051e-03 2.835606038570404053e-02 2.399530634284019470e-02 2.808658033609390259e-02 2.298806048929691315e-02 1.961931400001049042e-02 6.618145853281021118e-03 1.894986256957054138e-02 3.940141294151544571e-03 1.182827400043606758e-03 6.928184069693088531e-03 2.884423732757568359e-02 2.913739997893571854e-03 1.980936620384454727e-03 1.216523465700447559e-03 1.326711010187864304e-02 9.610653854906558990e-03 1.618557842448353767e-03 1.358482148498296738e-02 9.848757646977901459e-03 9.338640607893466949e-03 1.055735722184181213e-02 8.064615540206432343e-03 6.303275935351848602e-03 4.179309122264385223e-03 1.102369464933872223e-02 9.861623868346214294e-03 2.438759803771972656e-02 3.181227075401693583e-04 9.650089778006076813e-03 2.474118024110794067e-02 1.955673284828662872e-02 2.703597210347652435e-02 2.405695430934429169e-02 1.537180878221988678e-02 1.571588218212127686e-02 1.046725362539291382e-02
5.269987881183624268e-02 8.413206934928894043e-01 3.212262690067291260e-02 2.704845555126667023e-02 2.387454919517040253e-02 4.667855054140090942e-02 4.965331405401229858e-02 9.945313446223735809e-03 4.757964052259922028e-03 1.707286201417446136e-02 5.151412636041641235e-02 2.270502969622612000e-02 3.478740900754928589e-02 2.677883766591548920e-02 1.711371168494224548e-02 1.250886265188455582e-02 2.777572255581617355e-03 2.886960469186306000e-02 2.557755075395107269e-02 5.261434242129325867e-03 3.175316611304879189e-03 2.345007099211215973e-02 8.853301405906677246e-03 7.229929324239492416e-03 1.009539701044559479e-03 8.264636620879173279e-03 6.379627622663974762e-03 2.516011893749237061e-02 2.646473236382007599e-03 8.963416330516338348e-03 9.836730547249317169e-03 9.040692821145057678e-03 3.212108090519905090e-02 3.336359746754169464e-03 1.293976139277219772e-02 2.548109041526913643e-04 6.570686120539903641e-03 1.807801984250545502e-02 1.515837479382753372e-02 1.526674348860979080e-02 1.264687860384583473e-03 1.965559553354978561e-03 5.083783180452883244e-04 8.689225651323795319e-03 2.351831411942839622e-03 2.211662940680980682e-02 2.997725643217563629e-02 3.995265066623687744e-02 2.597287239041179419e-04 6.930011440999805927e-04 9.121601469814777374e-03 6.815211847424507141e-03 9.590948931872844696e-03 2.751714736223220825e-02 1.427691988646984100e-02 1.332340203225612640e-02 9.877785108983516693e-03 8.033133111894130707e-03 9.867843240499496460e-03 8.960144594311714172e-03 3.183910623192787170e-02 2.252886630594730377e-02 2.471094019711017609e-02 2.305530384182929993e-02 2.768670022487640381e-02 8.250150829553604126e-03 6.035090889781713486e-03 7.714418694376945496e-03 5.343536380678415298e-03 1.841801963746547699e-02 3.067114856094121933e-03 6.339772138744592667e-03 3.132481127977371216e-02 2.472571656107902527e-02 1.543968450278043747e-02 8.257804438471794128e-03 7.989265024662017822e-03 4.154372029006481171e-03 2.630044938996434212e-03 1.478615496307611465e-02 2.848367579281330109e-02 2.928673289716243744e-02 4.562512040138244629e-02 2.094006538391113281e-02 1.837421394884586334e-02 2.835241844877600670e-03 2.126860432326793671e-02 5.375839769840240479e-03 8.235326036810874939e-03 1.656758040189743042e-02 2.858177572488784790e-02 2.992755500599741936e-03 2.594496868550777435e-02 1.396587397903203964e-02 2.888407558202743530e-03 1.021168008446693420e-02 1.670892536640167236e-02 2.258156053721904755e-02 1.442705187946557999e-02 1.158721931278705597e-02 8.157850243151187897e-03 2.038533240556716919e-02 7.832332630641758442e-05 1.183924637734889984e-02 1.224338356405496597e-02 1.393318641930818558e-02 7.451940327882766724e-03 1.650911569595336914e-02 9.532880969345569611e-03 2.572724223136901855e-02 1.758321560919284821e-02 2.135987393558025360e-02 1.023841183632612228e-02 5.653881933540105820e-03 2.071296051144599915e-02 5.056747235357761383e-03
3.339746966958045959e-02 3.212262690067291260e-02 8.413206934928894043e-01 3.104021586477756500e-02 3.088491410017013550e-02 2.993798255920410156e-02 2.648242376744747162e-02 9.380762465298175812e-03 3.159564454108476639e-03 6.137820892035961151e-04 1.612765714526176453e-02 7.549739908427000046e-03 5.150899291038513184e-03 1.524484832771122456e-03 6.234748754650354385e-03 2.278153970837593079e-02 1.411192212253808975e-02 2.559221908450126648e-02 3.291211649775505066e-02 2.585409907624125481e-03 1.251143310219049454e-02 4.521703347563743591e-03 1.050213631242513657e-02 1.249032747000455856e-02 2.525932155549526215e-03 1.639074832201004028e-02 6.490363273769617081e-03 1.869258284568786621e-02 2.366772480309009552e-02 2.475149184465408325e-02 1.976239122450351715e-02 4.945226479321718216e-03 5.500934086740016937e-03 6.199195515364408493e-03 1.623406447470188141e-02 9.733008337207138538e-04 1.020204927772283554e-02 2.369792014360427856e-02 2.445556595921516418e-02 2.326564677059650421e-02 2.609164686873555183e-03 2.646836452186107635e-02 1.357271894812583923e-02 6.332624703645706177e-03 3.156954795122146606e-02 1.317768823355436325e-02 2.604972757399082184e-02 2.003528922796249390e-02 2.368058264255523682e-02 4.068728012498468161e-04 2.566512441262602806e-03 1.684398972429335117e-03 3.570147557184100151e-03 2.006567269563674927e-02 1.746347546577453613e-02 3.878526622429490089e-04 2.755599096417427063e-02 7.971972227096557617e-03 5.259532015770673752e-03 1.078432425856590271e-02 5.935357417911291122e-03 3.146637603640556335e-02 1.165670808404684067e-02 3.091154806315898895e-02 2.464215969666838646e-03 2.058059908449649811e-02 1.339193433523178101e-02 8.401141501963138580e-03 2.810676768422126770e-02 2.575279586017131805e-02 3.042085096240043640e-02 1.801674440503120422e-02 3.846508264541625977e-02 3.087687306106090546e-02 3.563721477985382080e-02 2.779723331332206726e-02 7.722728885710239410e-03 1.955250278115272522e-02 2.485647425055503845e-02 2.355169504880905151e-03 4.239563643932342529e-02 4.723795875906944275e-02 3.035473078489303589e-02 4.137117043137550354e-02 1.530011929571628571e-02 8.272125385701656342e-03 1.417987048625946045e-02 8.496575988829135895e-03 1.125681959092617035e-02 1.446042209863662720e-03 2.973383851349353790e-02 5.190832074731588364e-03 1.077306922525167465e-02 1.323318667709827423e-02 7.143462542444467545e-03 2.102654986083507538e-02 2.175169810652732849e-02 2.669029869139194489e-02 4.100264050066471100e-03 1.110736280679702759e-03 7.845611311495304108e-03 1.538269501179456711e-02 2.193375956267118454e-03 2.276746369898319244e-02 2.112970128655433655e-02 7.613222114741802216e-03 8.150590583682060242e-03 1.901387423276901245e-02 4.505190066993236542e-03 1.249789353460073471e-02 6.357432808727025986e-03 3.370882198214530945e-02 2.930114790797233582e-02 7.393007632344961166e-03 1.499320566654205322e-02 3.493154363241046667e-04
3.581522777676582336e-02 2.704845555126667023e-02 3.104021586477756500e-02 8.413206934928894043e-01 5.485917255282402039e-02 1.482029911130666733e-02 2.127919718623161316e-02 2.263118885457515717e-02 2.354807779192924500e-02 2.933206968009471893e-02 2.402015775442123413e-02 2.471398329362273216e-03 2.858951874077320099e-02 4.179517272859811783e-03 3.560211881995201111e-02 1.901495084166526794e-02 2.547179907560348511e-02 1.319876965135335922e-02 2.725590765476226807e-02 7.483566179871559143e-03 1.302701141685247421e-02 2.596871927380561829e-02 1.919495686888694763e-02 1.819081418216228485e-02 9.245022200047969818e-03 1.138938497751951218e-02 2.779835369437932968e-03 8.369616232812404633e-03 1.229158602654933929e-02 1.755805569700896740e-03 1.285384129732847214e-02 9.054670110344886780e-03 8.737452328205108643e-03 2.019997872412204742e-02 1.325907558202743530e-02 2.169961296021938324e-02 2.518172562122344971e-02 2.277562743984162807e-04 4.068965092301368713e-02 3.337088972330093384e-02 1.120368577539920807e-02 1.584315299987792969e-02 2.003221027553081512e-02 1.057804375886917114e-02 3.221053164452314377e-03 1.727478392422199249e-02 8.653848432004451752e-03 1.469399314373731613e-02 3.018875606358051300e-02 3.307076543569564819e-02 3.365502692759037018e-03 1.181449554860591888e-02 1.098851393908262253e-02 8.045641705393791199e-03 1.563764549791812897e-02 5.523044615983963013e-03 3.381886705756187439e-02 2.776970388367772102e-03 6.346302572637796402e-03 4.637838574126362801e-04 5.873206071555614471e-03 2.492140419781208038e-02 2.042503794655203819e-03 2.634687907993793488e-02 7.817626930773258209e-03 2.001867257058620453e-02 1.367995422333478928e-02 1.693010143935680389e-02 6.235878914594650269e-03 1.832205057144165039e-02 4.481465090066194534e-03 4.284809809178113937e-03 5.040676146745681763e-02 2.614682726562023163e-02 4.314630851149559021e-02 1.465636678040027618e-02 1.567500084638595581e-02 9.992017410695552826e-03 3.093471750617027283e-02 7.395176682621240616e-03 3.210669383406639099e-02 1.871136017143726349e-02 3.861960768699645996e-02 2.945650555193424225e-02 3.309947997331619263e-02 2.708148397505283356e-02 2.964033372700214386e-02 5.622655618935823441e-03 1.698091160506010056e-03 2.325888164341449738e-02 2.045369334518909454e-02 1.670419797301292419e-02 2.357017947360873222e-03 7.029810920357704163e-03 5.596385337412357330e-03 2.349100075662136078e-03 1.784653431968763471e-04 7.275209762156009674e-03 1.150938868522644043e-02 1.656078360974788666e-02 1.204717904329299927e-03 1.731406082399189472e-03 2.770416066050529480e-02 3.414777340367436409e-03 2.184481918811798096e-02 3.802540013566613197e-03 1.126810815185308456e-02 1.177329011261463165e-02 1.637264899909496307e-02 8.356421254575252533e-03 1.017006486654281616e-02 2.653702348470687866e-02 1.724469289183616638e-02 1.839812472462654114e-02 2.355972491204738617e-02 8.954685181379318237e-03
3.659862279891967773e-02 2.387454919517040253e-02 3.088491410017013550e-02 5.485917255282402039e-02 8.413206934928894043e-01 1.636890508234500885e-02 2.044583484530448914e-02 2.074416726827621460e-02 2.198855951428413391e-02 1.839666813611984253e-02 1.416734885424375534e-02 5.979021443636156619e-05 1.529801823198795319e-02 9.616447612643241882e-03 3.053946979343891144e-02 1.560347992926836014e-02 2.043854258954524994e-02 8.765947073698043823e-03 2.794848009943962097e-02 1.194800902158021927e-02 2.488550730049610138e-02 1.722431927919387817e-02 1.933689042925834656e-02 1.729461364448070526e-02 1.168018672615289688e-02 1.107973512262105942e-02 5.136982537806034088e-03 1.541834790259599686e-02 1.840002089738845825e-02 4.520592745393514633e-03 1.289938203990459442e-02 1.656736992299556732e-02 1.370141003280878067e-02 2.621853537857532501e-02 8.697557263076305389e-03 2.084060013294219971e-02 2.080301381647586823e-02 3.959294874221086502e-03 4.115567356348037720e-02 3.434131667017936707e-02 7.021164055913686752e-03 1.834089681506156921e-02 1.695823483169078827e-02 1.621111109852790833e-02 6.567912641912698746e-03 1.646956428885459900e-02 1.363536342978477478e-02 1.584271714091300964e-02 3.301434591412544250e-02 2.598774246871471405e-02 2.657460514456033707e-03 3.182695480063557625e-03 5.851427558809518814e-03 6.488903425633907318e-03 1.918758824467658997e-02 4.715604707598686218e-03 4.057116806507110596e-02 4.229563754051923752e-03 4.215607419610023499e-03 7.449418772011995316e-04 1.175435143522918224e-03 2.805258706212043762e-02 7.102625444531440735e-03 2.362121082842350006e-02 4.420495126396417618e-03 1.909525506198406219e-02 1.990282349288463593e-02 2.597752399742603302e-02 3.663912182673811913e-03 2.858239784836769104e-02 1.204515714198350906e-02 1.781783998012542725e-03 4.447879269719123840e-02 3.652790933847427368e-02 4.404459148645401001e-02 2.106053009629249573e-02 1.791473664343357086e-02 5.048891063779592514e-03 3.621456772089004517e-02 9.049110114574432373e-03 2.685943618416786194e-02 1.601555570960044861e-02 3.703240677714347839e-02 3.451262041926383972e-02 3.431902453303337097e-02 2.203419432044029236e-02 2.053077518939971924e-02 3.116455860435962677e-03 5.278342403471469879e-03 2.430407516658306122e-02 2.879003249108791351e-02 1.051618903875350952e-02 5.273070564726367593e-05 5.946912337094545364e-03 3.269465174525976181e-03 4.966429434716701508e-03 6.815127097070217133e-03 1.167715899646282196e-02 1.167766656726598740e-02 1.251446921378374100e-02 6.097209639847278595e-03 4.282042384147644043e-03 2.329247258603572845e-02 3.257422009482979774e-03 1.645305007696151733e-02 4.222431220114231110e-03 1.177285052835941315e-02 2.244870923459529877e-02 2.156750857830047607e-02 3.896230598911643028e-03 9.739580564200878143e-03 2.842571400105953217e-02 2.313422970473766327e-02 1.832644641399383545e-02 1.976811513304710388e-02 5.051102023571729660e-03
3.307969495654106140e-02 4.667855054140090942e-02 2.993798255920410156e-02 1.482029911130666733e-02 1.636890508234500885e-02 8.413206934928894043e-01 6.017766892910003662e-02 2.061691833660006523e-03 2.528409659862518311e-02 2.338964026421308517e-03 2.217096276581287384e-02 3.395142778754234314e-02 7.729564327746629715e-03 3.592784702777862549e-02 5.595709662884473801e-03 1.400640234351158142e-02 4.667386878281831741e-03 3.500742092728614807e-02 1.565932668745517731e-02 5.861965939402580261e-03 4.209232516586780548e-03 1.745729241520166397e-03 1.192787196487188339e-02 1.061198022216558456e-02 7.072311709634959698e-04 4.281402565538883209e-03 4.485556855797767639e-03 1.450743060559034348e-02 4.655465949326753616e-03 7.920683361589908600e-03 1.104069873690605164e-02 1.211941335350275040e-02 2.388870902359485626e-02 6.618171464651823044e-03 8.310507051646709442e-03 4.188231658190488815e-03 4.729600623250007629e-04 3.346408158540725708e-02 1.389638241380453110e-02 8.119038306176662445e-03 1.911987550556659698e-02 6.086620967835187912e-03 1.125547662377357483e-02 1.393499318510293961e-02 1.491113938391208649e-02 1.062583457678556442e-02 5.068456754088401794e-02 5.420730635523796082e-02 5.377926281653344631e-04 7.228599861264228821e-03 1.953744888305664062e-02 1.274383999407291412e-02 1.932249031960964203e-02 2.464039810001850128e-02 8.331323973834514618e-03 1.634616218507289886e-02 1.830688491463661194e-02 1.220043748617172241e-02 1.115711499005556107e-02 6.746951024979352951e-03 3.366940841078758240e-02 9.059396572411060333e-03 1.337171532213687897e-02 5.122785456478595734e-03 1.996749453246593475e-02 4.370155278593301773e-03 6.497229915112257004e-03 6.222034804522991180e-03 1.407933048903942108e-02 2.024208381772041321e-02 3.383700968697667122e-03 2.232307754456996918e-02 1.823086664080619812e-02 2.925525419414043427e-02 6.831359583884477615e-03 1.743784360587596893e-02 1.887575536966323853e-02 8.083262480795383453e-03 6.636832840740680695e-03 2.182307653129100800e-02 1.473560370504856110e-02 2.529894188046455383e-02 4.138712584972381592e-02 2.467481046915054321e-02 1.714313216507434845e-02 3.241155529394745827e-03 1.293436391279101372e-03 5.276167765259742737e-03 9.011138230562210083e-03 2.119201421737670898e-02 4.969535768032073975e-02 6.077031139284372330e-03 3.534974157810211182e-02 3.039276693016290665e-03 1.486141234636306763e-02 1.219397876411676407e-02 3.902458399534225464e-02 3.316406905651092529e-02 1.974454708397388458e-02 1.402283459901809692e-02 1.799031347036361694e-02 2.601917646825313568e-02 2.790955081582069397e-02 2.709661051630973816e-02 1.606347598135471344e-02 2.505697542801499367e-03 5.331508349627256393e-03 7.173687219619750977e-03 1.374113839119672775e-02 7.241352461278438568e-03 1.903373748064041138e-02 2.017931267619132996e-02 1.203577220439910889e-02 2.100829966366291046e-02 9.408067911863327026e-03 9.744394570589065552e-03
3.585173189640045166e-02 4.965331405401229858e-02 2.648242376744747162e-02 2.127919718623161316e-02 2.044583484530448914e-02 6.017766892910003662e-02 8.413206934928894043e-01 4.543542396277189255e-03 2.250866405665874481e-02 4.844732582569122314e-03 2.286015823483467102e-02 3.355896845459938049e-02 1.320452895015478134e-02 3.823090717196464539e-02 2.713319147005677223e-03 1.153171714395284653e-02 1.997438957914710045e-03 3.198760002851486206e-02 1.376366149634122849e-02 1.200917083770036697e-02 5.741308908909559250e-03 1.442484441213309765e-03 1.001288648694753647e-02 5.643765442073345184e-03 2.992542926222085953e-03 2.673987066373229027e-03 9.094396373257040977e-04 1.401652023196220398e-02 1.199015229940414429e-02 7.388809230178594589e-03 9.993272833526134491e-03 1.705441251397132874e-02 2.794095873832702637e-02 6.699427962303161621e-03 7.841770537197589874e-03 1.907088910229504108e-03 5.604314152151346207e-03 3.133314102888107300e-02 1.770647428929805756e-02 1.154145412147045135e-02 2.388642914593219757e-02 1.074956543743610382e-02 8.343243040144443512e-03 2.004837244749069214e-02 2.468358725309371948e-03 2.116191759705543518e-02 4.639377444982528687e-02 5.414178222417831421e-02 4.572529811412096024e-03 3.286535851657390594e-03 1.308182254433631897e-02 2.430633408948779106e-03 9.443133138120174408e-03 1.962842978537082672e-02 1.904064789414405823e-02 1.386674866080284119e-02 1.743951998651027679e-02 7.726838812232017517e-03 1.450941199436783791e-03 1.966746523976325989e-03 4.119522124528884888e-02 1.500661484897136688e-02 1.233640499413013458e-02 8.082793094217777252e-03 3.307643905282020569e-02 1.352183893322944641e-02 2.051980700343847275e-03 1.308358833193778992e-02 1.628495566546916962e-02 1.520009897649288177e-02 5.912239663302898407e-03 1.715615577995777130e-02 2.374179102480411530e-02 2.499899081885814667e-02 7.692045066505670547e-03 1.427275221794843674e-02 1.283620111644268036e-02 2.375496085733175278e-03 1.803002902306616306e-03 1.937874034047126770e-02 1.681475527584552765e-02 1.689889654517173767e-02 4.297455027699470520e-02 1.647462323307991028e-02 1.941587962210178375e-02 4.498982336372137070e-03 3.904493991285562515e-03 1.281121559441089630e-02 1.338240597397089005e-02 2.018333040177822113e-02 4.555463790893554688e-02 5.902986507862806320e-03 3.258175775408744812e-02 5.045518264523707330e-05 1.499846205115318298e-02 1.543632708489894867e-02 2.822560817003250122e-02 3.040110878646373749e-02 2.307507768273353577e-02 9.795494377613067627e-03 2.009490132331848145e-02 2.508631534874439240e-02 1.448249071836471558e-02 2.732228487730026245e-02 1.665811985731124878e-02 9.035284630954265594e-03 2.582993591204285622e-03 1.386899873614311218e-02 1.138735935091972351e-02 1.175253652036190033e-02 2.358083799481391907e-02 2.657514065504074097e-02 4.356361925601959229e-03 1.841939054429531097e-02 1.234307419508695602e-02 5.303848534822463989e-03
1.512639038264751434e-02 9.945313446223735809e-03 9.380762465298175812e-03 2.263118885457515717e-02 2.074416726827621460e-02 2.061691833660006523e-03 4.543542396277189255e-03 8.413206934928894043e-01 1.297082100063562393e-02 7.396468892693519592e-03 2.368315681815147400e-02 1.890867948532104492e-02 2.792481146752834320e-02 1.572047593072056770e-03 4.889783635735511780e-02 8.054333738982677460e-03 2.736957510933279991e-03 3.033332340419292450e-02 3.220295906066894531e-02 1.130640739575028419e-03 1.392748299986124039e-02 1.875088922679424286e-02 2.295597270131111145e-02 1.727601513266563416e-02 2.225161530077457428e-03 2.182292938232421875e-02 1.613063924014568329e-02 2.142749167978763580e-02 3.136406652629375458e-03 1.440317137166857719e-03 9.225158020853996277e-03 1.576663926243782043e-02 1.758241280913352966e-02 1.146950200200080872e-02 1.059003733098506927e-02 3.991992399096488953e-02 4.489175230264663696e-02 1.033905893564224243e-02 1.861342042684555054e-02 3.274550288915634155e-02 1.683126576244831085e-02 1.052545104175806046e-02 2.198800444602966309e-02 2.239722386002540588e-02 8.032589685171842575e-04 1.692078821361064911e-02 3.746855538338422775e-03 4.439838230609893799e-03 7.316453848034143448e-03 2.921823225915431976e-02 1.775699667632579803e-02 3.173210844397544861e-02 1.281706057488918304e-02 2.425610274076461792e-02 4.365825094282627106e-03 2.522167051210999489e-04 1.379803754389286041e-02 1.065802667289972305e-02 3.989408258348703384e-03 3.347768262028694153e-02 2.730702981352806091e-03 1.069846469908952713e-02 1.958420500159263611e-02 9.651940315961837769e-03 6.944395136088132858e-03 2.563409507274627686e-02 1.258738618344068527e-02 9.975283406674861908e-03 3.440240689087659121e-04 1.230323314666748047e-02 1.682554371654987335e-02 3.845241386443376541e-03 1.773984916508197784e-02 2.311900607310235500e-04 1.712800189852714539e-02 2.129031904041767120e-02 9.235106408596038818e-03 1.302272640168666840e-02 7.476730737835168839e-03 2.815061993896961212e-02 4.169270396232604980e-02 2.265017293393611908e-02 1.786567457020282745e-02 1.482268143445253372e-02 7.975123822689056396e-03 9.248348884284496307e-03 4.673983901739120483e-02 9.932577610015869141e-03 2.128693461418151855e-02 3.713867813348770142e-02 1.924055744893848896e-03 4.091742914170026779e-03 6.605272181332111359e-03 2.566084265708923340e-02 3.127770498394966125e-02 3.682072740048170090e-03 3.769465722143650055e-03 5.690426332876086235e-04 1.493406947702169418e-03 2.218256518244743347e-02 2.286597155034542084e-03 7.434526924043893814e-03 8.936381898820400238e-03 3.856698516756296158e-03 4.682593047618865967e-03 1.976515352725982666e-02 3.382729366421699524e-02 1.905829086899757385e-02 2.882389724254608154e-02 3.639755398035049438e-02 2.227739617228507996e-02 2.907080575823783875e-02 1.936699636280536652e-02 2.185886912047863007e-02 1.935852877795696259e-02 4.188732802867889404e-02
2.014934457838535309e-02 4.757964052259922028e-03 3.159564454108476639e-03 2.354807779192924500e-02 2.198855951428413391e-02 2.528409659862518311e-02 2.250866405665874481e-02 1.297082100063562393e-02 8.413206934928894043e-01 3.042056597769260406e-02 1.659920788370072842e-03 1.914257928729057312e-02 1.168317068368196487e-02 3.824484720826148987e-02 2.101765759289264679e-02 1.868394762277603149e-02 8.120076730847358704e-03 1.135925389826297760e-02 2.124079503118991852e-02 2.166374213993549347e-02 1.328194513916969299e-02 1.080893073230981827e-02 2.818385325372219086e-02 2.224399149417877197e-02 2.247849106788635254e-02 2.043214812874794006e-02 2.088307030498981476e-02 1.641602069139480591e-02 2.697929739952087402e-02 1.718527264893054962e-02 1.827408559620380402e-02 2.605864591896533966e-02 2.774921432137489319e-02 1.645346730947494507e-02 8.234176784753799438e-03 2.341880276799201965e-02 7.159654051065444946e-03 1.441501174122095108e-02 2.796148695051670074e-02 2.216328680515289307e-02 1.716567203402519226e-03 3.043713793158531189e-02 3.016562201082706451e-02 9.990129619836807251e-03 5.697695538401603699e-03 1.505973655730485916e-02 2.109203860163688660e-02 2.836101129651069641e-02 2.965055033564567566e-02 2.729090861976146698e-02 3.001410327851772308e-02 1.619692519307136536e-02 2.921198122203350067e-02 2.232611924409866333e-02 2.956635877490043640e-02 1.167766563594341278e-02 5.782679654657840729e-03 1.964145153760910034e-02 1.320403814315795898e-02 3.726329188793897629e-03 2.871857769787311554e-02 2.147735469043254852e-02 7.374266628175973892e-03 2.870874293148517609e-02 2.204052172601222992e-02 1.012870855629444122e-02 8.923209272325038910e-03 1.526700332760810852e-02 1.457311958074569702e-02 1.125570759177207947e-02 1.591172628104686737e-02 3.054292313754558563e-02 1.775563135743141174e-02 5.898775998502969742e-03 2.449003979563713074e-02 9.493065997958183289e-03 4.016977176070213318e-02 2.280240878462791443e-02 2.882401645183563232e-02 1.946193352341651917e-02 1.146819721907377243e-02 4.960200283676385880e-03 1.065630186349153519e-02 1.225301809608936310e-02 6.247996352612972260e-03 4.704733844846487045e-03 9.216416627168655396e-03 1.346575468778610229e-02 4.729851149022579193e-03 3.190756589174270630e-02 8.997787721455097198e-03 5.664499942213296890e-03 3.036067448556423187e-02 1.286399923264980316e-02 2.300911583006381989e-02 1.745121320709586143e-03 3.316149860620498657e-02 2.072845958173274994e-02 3.689403459429740906e-02 2.959334664046764374e-02 2.282663434743881226e-02 9.569995105266571045e-03 2.367539890110492706e-02 2.820621244609355927e-02 3.314274596050381660e-03 1.765288994647562504e-03 3.116141818463802338e-02 2.375070005655288696e-02 2.062775380909442902e-02 9.388252161443233490e-03 5.255994852632284164e-03 7.279341807588934898e-04 1.769623719155788422e-02 3.629591688513755798e-02 1.351499091833829880e-02 1.849140739068388939e-03
2.414236031472682953e-02 1.707286201417446136e-02 6.137820892035961151e-04 2.933206968009471893e-02 1.839666813611984253e-02 2.338964026421308517e-03 4.844732582569122314e-03 7.396468892693519592e-03 3.042056597769260406e-02 8.413206934928894043e-01 1.777669414877891541e-02 1.832904666662216187e-02 2.692450769245624542e-02 4.516200162470340729e-03 1.675632782280445099e-02 1.021229475736618042e-02 2.021288126707077026e-02 1.200295519083738327e-03 7.783348206430673599e-03 2.652710117399692535e-02 1.460005342960357666e-02 4.044363275170326233e-02 5.325132049620151520e-03 1.244420185685157776e-02 2.615601196885108948e-02 1.426135841757059097e-02 8.954679593443870544e-03 1.628528907895088196e-02 2.661222033202648163e-02 2.702367492020130157e-03 3.150890767574310303e-02 1.965143950656056404e-03 1.055992487818002701e-02 4.678455181419849396e-03 1.570536941289901733e-02 5.898337345570325851e-03 6.887589115649461746e-03 3.107787575572729111e-03 2.665943838655948639e-02 3.950303420424461365e-03 5.219692829996347427e-03 1.507225446403026581e-02 1.109530311077833176e-02 7.278633303940296173e-03 1.231124810874462128e-02 8.786637336015701294e-03 5.545831751078367233e-03 5.045695696026086807e-03 2.801534254103899002e-03 2.943092398345470428e-02 1.506693661212921143e-02 1.105874776840209961e-02 2.959733828902244568e-02 1.864751242101192474e-02 1.343242637813091278e-02 2.466702647507190704e-02 1.136979926377534866e-02 1.194422412663698196e-02 3.483926504850387573e-02 3.442106395959854126e-02 2.334400266408920288e-02 7.945629768073558807e-03 1.583487540483474731e-02 1.253500115126371384e-02 1.710185408592224121e-02 1.878228411078453064e-02 2.245728671550750732e-02 1.064060628414154053e-02 5.298768519423902035e-04 5.266473162919282913e-03 1.809661276638507843e-02 1.124996971338987350e-02 3.194132447242736816e-02 7.101457566022872925e-03 1.504458673298358917e-02 1.722116209566593170e-02 1.291750278323888779e-02 5.513942614197731018e-02 1.208861730992794037e-02 1.972959004342556000e-02 5.644151009619235992e-03 6.991619244217872620e-03 1.255661714822053909e-02 1.946253585629165173e-03 4.503180738538503647e-03 2.317390218377113342e-02 3.361521055921912193e-03 1.167171914130449295e-02 2.172228135168552399e-02 4.517326131463050842e-03 8.903183043003082275e-03 3.196957707405090332e-02 1.239616249222308397e-04 2.230331301689147949e-02 9.700668975710868835e-03 1.431035064160823822e-02 3.093238174915313721e-02 1.684083254076540470e-04 1.261961925774812698e-02 1.246533729135990143e-02 4.910074174404144287e-03 1.326512172818183899e-02 3.226964548230171204e-02 1.103269960731267929e-02 2.334388345479965210e-02 1.488020271062850952e-02 1.741584390401840210e-02 4.107546526938676834e-03 7.077334448695182800e-03 5.305762868374586105e-03 1.849079132080078125e-02 1.381572242826223373e-02 1.227905880659818649e-02 1.236444059759378433e-02 1.455505471676588058e-02 3.656201437115669250e-02
4.240677878260612488e-02 5.151412636041641235e-02 1.612765714526176453e-02 2.402015775442123413e-02 1.416734885424375534e-02 2.217096276581287384e-02 2.286015823483467102e-02 2.368315681815147400e-02 1.659920788370072842e-03 1.777669414877891541e-02 8.413206934928894043e-01 3.376162145286798477e-03 6.140220910310745239e-02 1.700586639344692230e-02 4.007163271307945251e-02 1.059258542954921722e-02 2.351254783570766449e-02 3.486588969826698303e-02 1.732724346220493317e-02 6.078590173274278641e-03 1.092489901930093765e-02 4.716239497065544128e-02 7.802141830325126648e-03 1.177992951124906540e-02 6.835774984210729599e-03 6.018281448632478714e-03 2.056239917874336243e-02 1.290665753185749054e-02 2.142666094005107880e-02 4.951450973749160767e-04 1.652343012392520905e-02 9.330716915428638458e-03 1.410274952650070190e-02 1.100371964275836945e-02 7.123561110347509384e-03 2.041781507432460785e-02 3.069299273192882538e-02 7.465742994099855423e-03 6.705886684358119965e-03 8.327983319759368896e-03 1.092492369934916496e-03 3.765974426642060280e-03 1.036238856613636017e-02 9.179281070828437805e-03 1.192368473857641220e-02 1.617602258920669556e-02 2.868759911507368088e-03 1.946611702442169189e-02 3.364006290212273598e-03 1.433708239346742630e-02 1.268802327103912830e-03 4.889869014732539654e-04 2.342532388865947723e-03 2.916902070865035057e-03 1.265895366668701172e-02 7.031759712845087051e-03 1.708138175308704376e-02 2.352826530113816261e-03 1.811623945832252502e-02 9.004671126604080200e-03 1.881225407123565674e-02 5.899584852159023285e-03 3.346396610140800476e-02 1.490443293005228043e-02 1.278427615761756897e-02 9.183853864669799805e-03 5.819306708872318268e-03 6.436760071665048599e-03 1.121305301785469055e-02 1.628008671104907990e-02 9.585831314325332642e-03 3.493853146210312843e-03 2.215629629790782928e-02 2.103032916784286499e-02 6.947297602891921997e-03 6.978706223890185356e-04 3.808837383985519409e-03 5.457486491650342941e-03 2.063878066837787628e-02 1.551706995815038681e-02 3.254895284771919250e-02 3.245616331696510315e-02 2.510187029838562012e-02 1.779875135980546474e-03 8.179580792784690857e-03 1.515018567442893982e-02 4.751035198569297791e-02 3.506900370121002197e-02 2.061853744089603424e-02 4.369040485471487045e-03 6.523232441395521164e-03 2.694848738610744476e-02 4.993229638785123825e-03 2.293266169726848602e-02 3.281706199049949646e-02 2.452642284333705902e-02 8.660586550831794739e-03 1.030081976205110550e-02 1.532900379970669746e-03 3.021553857252001762e-03 3.144634887576103210e-03 2.278258791193366051e-03 6.171139539219439030e-04 5.501404521055519581e-04 6.287078722380101681e-04 1.103861723095178604e-02 2.087624184787273407e-02 4.216325655579566956e-02 1.034006942063570023e-02 2.557600103318691254e-02 2.928926609456539154e-02 2.355874329805374146e-02 2.702582394704222679e-03 5.056595895439386368e-03 1.128059998154640198e-02 7.115095388144254684e-03
2.330671064555644989e-03 2.270502969622612000e-02 7.549739908427000046e-03 2.471398329362273216e-03 5.979021443636156619e-05 3.395142778754234314e-02 3.355896845459938049e-02 1.890867948532104492e-02 1.914257928729057312e-02 1.832904666662216187e-02 3.376162145286798477e-03 8.413206934928894043e-01 6.078727543354034424e-03 3.626105561852455139e-02 1.641426002606749535e-03 5.278152413666248322e-03 1.487515692133456469e-04 2.549741044640541077e-02 1.338303461670875549e-02 2.844457142055034637e-02 1.704240776598453522e-02 4.134091082960367203e-03 9.255439043045043945e-03 1.968230307102203369e-02 2.086876705288887024e-02 5.402441136538982391e-03 3.010733239352703094e-02 6.480451673269271851e-03 1.535505434731021523e-04 2.806466771289706230e-03 9.860329329967498779e-03 2.215266600251197815e-02 4.863374400883913040e-03 2.486700005829334259e-02 4.004738759249448776e-03 4.578181076794862747e-03 6.002156529575586319e-03 2.392484992742538452e-02 7.877523079514503479e-03 5.604546167887747288e-04 3.280665352940559387e-02 2.788993343710899353e-02 1.348109450191259384e-02 7.604675367474555969e-03 9.152462705969810486e-03 1.343359425663948059e-02 3.151204809546470642e-02 3.082394413650035858e-02 9.578006342053413391e-03 7.980819646036252379e-05 7.351093459874391556e-03 2.364314161241054535e-02 2.050512470304965973e-02 2.264087088406085968e-02 3.271841269452124834e-04 3.143319487571716309e-02 1.532570924609899521e-02 1.963539980351924896e-02 7.373777683824300766e-03 2.018698677420616150e-02 2.091143466532230377e-02 1.179049722850322723e-02 1.475842949002981186e-02 1.090731285512447357e-02 2.481961622834205627e-02 1.577447541058063507e-02 2.085314691066741943e-02 2.631342969834804535e-02 1.867422834038734436e-02 1.763997040688991547e-02 1.911267265677452087e-02 2.011765260249376297e-03 5.434244871139526367e-03 2.013634890317916870e-02 6.091498304158449173e-03 2.134794555604457855e-02 1.234993524849414825e-02 2.020268142223358154e-02 2.750451862812042236e-02 3.381175547838211060e-02 1.238883472979068756e-02 1.638844795525074005e-02 3.347083553671836853e-02 2.770547010004520416e-02 9.943657787516713142e-04 9.552836418151855469e-03 5.208584014326334000e-03 1.735921204090118408e-02 1.893161679618060589e-03 1.200566720217466354e-02 2.407831698656082153e-02 1.486208010464906693e-02 2.894398383796215057e-02 1.748175173997879028e-02 1.589790917932987213e-02 2.526147291064262390e-02 2.158756740391254425e-02 2.321864664554595947e-02 2.214677818119525909e-02 5.015840753912925720e-03 3.978953510522842407e-02 3.934595361351966858e-02 1.532449387013912201e-02 2.078256942331790924e-02 2.198095992207527161e-02 1.541994046419858932e-02 1.082685217261314392e-02 6.495687644928693771e-03 2.717696316540241241e-02 1.374287717044353485e-02 2.399787073954939842e-03 3.583452897146344185e-03 1.737834140658378601e-02 2.123474329710006714e-02 2.204276248812675476e-02 1.914303749799728394e-02
3.145464882254600525e-02 3.478740900754928589e-02 5.150899291038513184e-03 2.858951874077320099e-02 1.529801823198795319e-02 7.729564327746629715e-03 1.320452895015478134e-02 2.792481146752834320e-02 1.168317068368196487e-02 2.692450769245624542e-02 6.140220910310745239e-02 6.078727543354034424e-03 8.413206934928894043e-01 1.148971263319253922e-02 4.176188260316848755e-02 2.772076055407524109e-02 3.506227955222129822e-02 3.243500366806983948e-02 1.953734830021858215e-02 3.307781880721449852e-03 1.415869779884815216e-02 4.065548256039619446e-02 2.334120869636535645e-02 2.672282978892326355e-02 9.179997257888317108e-03 7.650044281035661697e-03 1.723917946219444275e-02 1.146542956121265888e-03 1.924541220068931580e-02 7.505771238356828690e-03 2.943857200443744659e-02 1.092258747667074203e-02 7.613487541675567627e-03 1.519912760704755783e-02 1.726188510656356812e-02 3.018379583954811096e-02 3.739044442772865295e-02 1.252192072570323944e-02 1.175090298056602478e-02 1.291979569941759109e-02 1.545436866581439972e-02 4.587742034345865250e-03 1.495521329343318939e-02 1.913285627961158752e-02 2.616295777261257172e-02 3.246827051043510437e-02 1.449720654636621475e-02 6.732486188411712646e-03 2.595192985609173775e-03 2.566435933113098145e-02 4.268027842044830322e-03 1.011235266923904419e-02 1.241791527718305588e-02 6.177816074341535568e-03 1.226054038852453232e-02 8.034190163016319275e-03 1.207297854125499725e-02 1.942123519256711006e-03 2.876032516360282898e-02 1.059063870343379676e-04 1.307717896997928619e-02 6.163636688143014908e-03 2.464415132999420166e-02 5.315104033797979355e-03 1.026134099811315536e-02 6.160335615277290344e-03 4.130226559937000275e-03 5.616887938231229782e-03 2.577412873506546021e-02 3.723233938217163086e-03 2.009985968470573425e-02 1.712606102228164673e-02 2.067708037793636322e-02 3.719068990903906524e-05 4.811086226254701614e-03 1.213912665843963623e-02 1.203805953264236450e-02 2.498571202158927917e-02 1.764851622283458710e-02 1.277435477823019028e-02 2.133923582732677460e-02 1.253223884850740433e-02 2.062888257205486298e-02 3.224975662305951118e-03 1.327672414481639862e-02 2.647430077195167542e-02 4.023648053407669067e-02 1.676385290920734406e-02 1.393240224570035934e-02 1.492256764322519302e-02 1.575669087469577789e-02 2.128987014293670654e-02 5.408351775258779526e-03 1.798470877110958099e-02 3.146640956401824951e-02 1.790006645023822784e-02 9.413857012987136841e-03 7.206515874713659286e-03 7.517526391893625259e-03 1.606704294681549072e-02 1.840132521465420723e-03 1.239051111042499542e-03 1.420995965600013733e-02 1.299396250396966934e-02 5.932269617915153503e-03 2.012550644576549530e-02 2.269894070923328400e-02 3.594717010855674744e-02 5.639447364956140518e-03 1.986323855817317963e-02 2.494627237319946289e-02 1.545905228704214096e-02 9.386777877807617188e-03 1.016469672322273254e-02 1.935936138033866882e-02 1.185142435133457184e-02
