8.229783177375793457e-01 8.456619828939437866e-02 3.221423830837011337e-03 1.617611385881900787e-02 1.005635876208543777e-02 6.827441602945327759e-02 6.272496283054351807e-02 1.361813209950923920e-02 1.115008443593978882e-02 4.809129051864147186e-03 7.216849178075790405e-02 1.082392502576112747e-02 7.542363554239273071e-02 1.776394061744213104e-02 2.565417438745498657e-02 1.235062722116708755e-02 1.498228870332241058e-02 1.564060896635055542e-02 5.196281243115663528e-03 1.623429916799068451e-02 2.180455811321735382e-02 2.717249654233455658e-02 6.969684269279241562e-03 9.214220568537712097e-03 2.308195084333419800e-02 9.223362430930137634e-03 6.750171538442373276e-03 2.007653191685676575e-02 3.231554105877876282e-02 1.819613017141819000e-02 3.365054726600646973e-02 1.886998862028121948e-02 2.911461284384131432e-03 2.343980781733989716e-02 3.182342275977134705e-03 2.821497991681098938e-02 2.612528763711452484e-02 5.490937735885381699e-03 6.658094469457864761e-03 9.351322427392005920e-03 1.042911317199468613e-02 4.586275666952133179e-03 1.809093542397022247e-02 5.522707011550664902e-03 5.447436589747667313e-03 9.309475310146808624e-03 6.309251487255096436e-02 5.181452259421348572e-02 2.220593392848968506e-03 1.931161433458328247e-02 8.667497895658016205e-03 2.076747268438339233e-02 7.870353758335113525e-03 9.334326721727848053e-03 9.172249119728803635e-04 1.664458191953599453e-03 8.796645328402519226e-03 2.512449165806174278e-03 1.549450214952230453e-02 1.663484796881675720e-02 4.832653794437646866e-03 8.692609844729304314e-04 1.128740981221199036e-02 1.521245762705802917e-02 3.215745836496353149e-02 3.279608115553855896e-02 2.368221059441566467e-02 2.994400635361671448e-02 1.729471608996391296e-02 9.465055540204048157e-03 1.820627972483634949e-02 1.367640588432550430e-02 1.980829983949661255e-02 1.371964346617460251e-02 1.596106961369514465e-02 1.771351136267185211e-02 1.937486045062541962e-02 8.743778802454471588e-03 1.188206300139427185e-02 5.999855697154998779e-03 1.040991768240928650e-02 1.523488759994506836e-02 1.025390718132257462e-02 4.963873070664703846e-04 1.029627583920955658e-02 1.258215121924877167e-02 1.965035684406757355e-02 2.467564493417739868e-02 1.398746389895677567e-02 1.024299673736095428e-02 4.001031816005706787e-02 2.292153798043727875e-02 4.241586476564407349e-02 2.004581969231367111e-03 9.921794757246971130e-03 5.206821486353874207e-03 5.442269612103700638e-03 2.566112764179706573e-02 7.567012216895818710e-03 1.199250854551792145e-02 9.747519157826900482e-03 1.956501603126525879e-02 3.293744521215558052e-03 4.405173473060131073e-03 8.129671216011047363e-03 1.262431778013706207e-02 1.964299567043781281e-02 4.718948155641555786e-03 2.487028017640113831e-02 5.137825850397348404e-03 4.235859960317611694e-03 9.767683222889900208e-03 1.710991258732974529e-03 2.485723700374364853e-03 1.465599704533815384e-02 2.584483940154314041e-03
8.456619828939437866e-02 8.229783177375793457e-01 1.484672538936138153e-03 1.673914864659309387e-02 9.596001356840133667e-03 6.225167587399482727e-02 6.156522780656814575e-02 1.990869268774986267e-02 2.021646685898303986e-02 4.196483641862869263e-04 6.543413549661636353e-02 7.825862616300582886e-03 8.109208941459655762e-02 1.643593050539493561e-02 3.019087761640548706e-02 2.256480418145656586e-02 1.915780827403068542e-02 2.716672793030738831e-02 2.346274268347769976e-04 8.343027904629707336e-03 1.920866966247558594e-02 3.558345884084701538e-02 1.480136270401999354e-04 8.097087848000228405e-04 1.886394247412681580e-02 9.071435779333114624e-03 3.871019696816802025e-03 2.212631329894065857e-02 2.835720218718051910e-02 1.373263634741306305e-02 3.407892957329750061e-02 9.639861062169075012e-03 6.243405863642692566e-03 2.411550469696521759e-02 8.307119831442832947e-03 2.647476084530353546e-02 2.557166665792465210e-02 6.166493985801935196e-03 2.306394744664430618e-03 6.253795698285102844e-03 7.209329865872859955e-03 3.134015714749693871e-04 1.519599743187427521e-02 7.214661687612533569e-03 1.151900179684162140e-02 6.697111763060092926e-03 5.308201164007186890e-02 4.604203253984451294e-02 3.665898460894823074e-03 1.143068354576826096e-02 7.441930007189512253e-03 1.887390390038490295e-02 2.570672659203410149e-03 7.527717389166355133e-03 9.290863759815692902e-03 8.470308384858071804e-04 1.482830289751291275e-02 6.110121612437069416e-04 8.233279921114444733e-03 1.653224416077136993e-02 1.093322131782770157e-02 2.699403092265129089e-03 9.534619748592376709e-03 8.123802021145820618e-03 2.101004868745803833e-02 2.645005285739898682e-02 1.779281534254550934e-02 2.786721289157867432e-02 2.224475145339965820e-02 1.929257879965007305e-03 1.701496541500091553e-02 1.254875026643276215e-02 2.030093036592006683e-02 4.238825291395187378e-03 1.387115102261304855e-02 1.442768797278404236e-02 2.593153901398181915e-02 9.880177676677703857e-03 2.044473960995674133e-02 8.076420985162258148e-03 1.421113591641187668e-02 1.559975370764732361e-02 1.184141729027032852e-02 1.517503056675195694e-03 2.939845435321331024e-03 3.829547902569174767e-03 2.004343457520008087e-02 2.522845007479190826e-02 2.037463150918483734e-02 7.489409297704696655e-03 3.112099692225456238e-02 2.692262828350067139e-02 3.815850988030433655e-02 5.192405078560113907e-03 1.551258377730846405e-03 2.044006716459989548e-03 5.508319940418004990e-03 2.369671873748302460e-02 2.004419220611453056e-03 5.619829986244440079e-03 3.361252136528491974e-03 1.443223003298044205e-02 1.037078443914651871e-03 6.316531915217638016e-03 1.228023413568735123e-02 2.246485464274883270e-02 5.694735795259475708e-03 8.907102048397064209e-03 1.574711129069328308e-02 7.518254569731652737e-04 2.662895014509558678e-03 1.458266284316778183e-02 1.810347428545355797e-03 1.405930961482226849e-03 7.301096338778734207e-03 4.085685592144727707e-03
3.221423830837011337e-03 1.484672538936138153e-03 8.229783177375793457e-01 2.022682316601276398e-02 2.229086495935916901e-02 3.673466620966792107e-03 2.450927626341581345e-03 5.411749705672264099e-02 6.066761910915374756e-03 3.158071544021368027e-03 7.116896100342273712e-03 4.679084289819002151e-03 1.450541429221630096e-02 2.245298773050308228e-02 2.423429861664772034e-02 1.062970608472824097e-03 3.160363994538784027e-03 5.600864998996257782e-03 1.375463232398033142e-02 8.755269809626042843e-04 1.026519294828176498e-02 9.823129512369632721e-03 1.824611239135265350e-02 2.367418073117733002e-02 3.808499546721577644e-03 1.385330408811569214e-02 1.510398089885711670e-02 1.007483340799808502e-02 4.390337504446506500e-03 6.630417192354798317e-04 1.384740928187966347e-03 1.523059420287609100e-02 3.587047383189201355e-02 9.319810196757316589e-03 6.351665128022432327e-03 7.626026403158903122e-03 7.175874430686235428e-03 1.073379907757043839e-02 3.591078147292137146e-02 4.687616601586341858e-02 1.684493198990821838e-02 8.546477183699607849e-03 2.012418815866112709e-03 1.562476903200149536e-02 1.435609720647335052e-02 7.710545323789119720e-03 9.775269776582717896e-03 9.757826337590813637e-04 1.017819996923208237e-02 8.369410410523414612e-03 4.853861406445503235e-03 9.245533496141433716e-03 3.712086006999015808e-02 5.250055342912673950e-03 2.644454129040241241e-02 2.233176678419113159e-02 8.197727613151073456e-03 8.420022204518318176e-03 1.638412126339972019e-03 2.263407921418547630e-03 9.393479675054550171e-03 1.386914867907762527e-02 2.073884755373001099e-02 2.670003101229667664e-02 4.919844213873147964e-03 1.047536358237266541e-02 7.961596362292766571e-03 6.222491618245840073e-03 1.233383547514677048e-02 4.169758409261703491e-03 1.657113991677761078e-02 1.207450404763221741e-02 9.410278871655464172e-03 6.649316288530826569e-03 8.698276360519230366e-04 1.161663141101598740e-02 1.077232230454683304e-02 2.308962168172001839e-03 9.375056251883506775e-03 8.693528361618518829e-04 1.007278934121131897e-01 8.711551874876022339e-02 1.797187142074108124e-02 1.172675751149654388e-02 5.940902512520551682e-03 1.983060268685221672e-03 3.529619053006172180e-02 3.724040836095809937e-02 1.148489583283662796e-02 4.732086323201656342e-03 3.552918788045644760e-03 2.573373261839151382e-03 1.235806848853826523e-02 3.575750859454274178e-03 1.204356923699378967e-02 1.094080228358507156e-02 1.911023631691932678e-02 4.325218498706817627e-03 4.469675011932849884e-03 1.266130828298628330e-03 4.179916344583034515e-03 2.608642913401126862e-03 2.354294247925281525e-02 2.902806177735328674e-02 2.683426464500371367e-05 1.190398447215557098e-02 1.178604271262884140e-02 1.069404371082782745e-02 7.478990592062473297e-03 2.356634242460131645e-03 2.230728976428508759e-02 1.886205933988094330e-02 1.377507392317056656e-02 6.697775796055793762e-03 1.547783520072698593e-02 1.683826372027397156e-02
1.617611385881900787e-02 1.673914864659309387e-02 2.022682316601276398e-02 8.229783177375793457e-01 7.283443212509155273e-02 3.428333252668380737e-02 3.594679757952690125e-02 1.023609749972820282e-02 1.826504059135913849e-02 1.371798571199178696e-02 3.299875417724251747e-03 1.763777248561382294e-02 1.339826826006174088e-02 1.844170317053794861e-02 1.550475973635911942e-02 1.190556306391954422e-02 8.111427538096904755e-03 2.581259794533252716e-02 2.383198589086532593e-02 1.877941424027085304e-03 1.083265244960784912e-02 9.590096771717071533e-03 1.004977803677320480e-02 4.796026274561882019e-03 2.484739990904927254e-03 1.801322912797331810e-03 1.921777985990047455e-02 3.019521385431289673e-02 2.399912569671869278e-03 2.968797832727432251e-02 3.489204216748476028e-03 1.405989751219749451e-02 2.292951941490173340e-02 1.285807695239782333e-02 1.240187790244817734e-02 1.153096370398998260e-02 2.391038928180932999e-03 1.700225658714771271e-02 3.872992470860481262e-02 3.289317339658737183e-02 1.918375305831432343e-02 1.460166927427053452e-02 8.689055219292640686e-03 1.100235059857368469e-02 1.091604470275342464e-03 3.800194710493087769e-03 1.830291561782360077e-02 7.842881605029106140e-03 2.413690648972988129e-02 5.897966213524341583e-03 1.151889842003583908e-02 2.398077212274074554e-02 2.257600426673889160e-02 3.234788402915000916e-02 3.482692874968051910e-03 1.111686322838068008e-02 2.574699558317661285e-02 3.243105858564376831e-02 2.889397367835044861e-02 2.600333467125892639e-02 3.212912380695343018e-02 2.929762937128543854e-02 2.895144559442996979e-02 4.156710207462310791e-02 1.650632917881011963e-02 1.591822132468223572e-02 1.081906259059906006e-02 1.166601944714784622e-02 1.346729695796966553e-02 1.299893483519554138e-02 2.631424181163311005e-02 2.107787076965905726e-05 5.902771279215812683e-02 1.225508283823728561e-02 5.414769798517227173e-02 9.626172832213342190e-04 1.101166103035211563e-02 3.243178827688097954e-03 1.544923754408955574e-03 9.047997184097766876e-03 2.168491110205650330e-02 1.724743843078613281e-02 1.287663541734218597e-02 3.228851826861500740e-03 1.963601633906364441e-02 1.712080463767051697e-02 2.497860789299011230e-02 8.548698388040065765e-03 2.047148719429969788e-02 3.370859473943710327e-02 1.098137348890304565e-02 3.243191167712211609e-03 3.203004132956266403e-03 5.025996826589107513e-03 5.181760992854833603e-03 8.225548081099987030e-03 2.569148316979408264e-02 3.402739064767956734e-03 1.087920088320970535e-02 1.005237828940153122e-02 2.131667174398899078e-02 4.055060911923646927e-03 9.813571348786354065e-03 6.304062437266111374e-03 2.013920433819293976e-02 2.458781003952026367e-02 5.961937829852104187e-03 3.538274019956588745e-02 8.577125146985054016e-03 3.901369124650955200e-02 1.614259928464889526e-02 6.782116834074258804e-04 6.540270056575536728e-03 4.792661406099796295e-03 1.555684208869934082e-02 1.934343017637729645e-02
1.005635876208543777e-02 9.596001356840133667e-03 2.229086495935916901e-02 7.283443212509155273e-02 8.229783177375793457e-01 2.696788683533668518e-02 2.481684647500514984e-02 2.984492341056466103e-03 3.679277841001749039e-03 1.804835628718137741e-03 1.258975127711892128e-03 8.476343937218189240e-03 9.771777316927909851e-03 1.272934209555387497e-02 6.483040750026702881e-03 7.501135696657001972e-04 3.299937816336750984e-03 2.704883553087711334e-02 2.952832542359828949e-02 7.833332754671573639e-03 1.909307949244976044e-02 1.498784590512514114e-02 3.546010702848434448e-03 4.715679213404655457e-03 1.037512719631195068e-02 1.932899001985788345e-03 1.762105338275432587e-02 1.418962422758340836e-02 5.863863043487071991e-03 5.970792844891548157e-03 2.642147941514849663e-03 1.047694357112050056e-03 3.347488120198249817e-02 3.704546717926859856e-03 3.728263825178146362e-02 2.541857399046421051e-02 4.138635471463203430e-03 2.253966964781284332e-02 3.421972692012786865e-02 2.886867709457874298e-02 2.069282718002796173e-02 5.730905104428529739e-03 1.659853942692279816e-02 9.119901224039494991e-04 1.241005491465330124e-03 1.219221740029752254e-03 1.828740164637565613e-02 1.221219170838594437e-02 4.432271234691143036e-03 3.591560991480946541e-03 1.383633445948362350e-02 3.842894732952117920e-02 1.907660253345966339e-02 2.863787487149238586e-02 4.993181210011243820e-03 1.653672009706497192e-02 2.556626684963703156e-02 2.320845983922481537e-02 3.201751038432121277e-02 1.846126839518547058e-02 4.377673193812370300e-02 4.336452111601829529e-02 2.973839826881885529e-02 4.798898473381996155e-02 1.997986063361167908e-02 1.943433657288551331e-02 4.250320140272378922e-03 8.639412000775337219e-03 1.048092078417539597e-02 1.067063026130199432e-02 1.582397520542144775e-02 1.109839999116957188e-03 3.296654298901557922e-02 6.300165783613920212e-03 4.863595589995384216e-02 2.656460739672183990e-03 1.568276435136795044e-02 3.960671019740402699e-04 7.933557964861392975e-03 1.087188720703125000e-02 1.994087733328342438e-02 2.053392678499221802e-02 1.315790042281150818e-02 2.065200544893741608e-02 5.860025063157081604e-03 1.838554814457893372e-02 2.333251573145389557e-02 1.357683632522821426e-02 1.642687246203422546e-02 2.239007875323295593e-02 4.600686021149158478e-03 5.681965500116348267e-03 4.611141514033079147e-03 2.738039765972644091e-04 6.662590429186820984e-03 4.538989160209894180e-03 1.631747372448444366e-02 2.060531638562679291e-03 4.384303931146860123e-03 1.153387036174535751e-02 1.478297868743538857e-03 9.036372415721416473e-03 8.691445924341678619e-03 1.182139664888381958e-02 2.070333808660507202e-02 2.870410121977329254e-02 7.763128262013196945e-03 3.386202082037925720e-02 3.864804515615105629e-03 3.328182175755500793e-02 1.454555056989192963e-02 9.899103082716464996e-03 9.393095970153808594e-03 6.170947570353746414e-03 3.141826164210215211e-05 1.525443978607654572e-02
6.827441602945327759e-02 6.225167587399482727e-02 3.673466620966792107e-03 3.428333252668380737e-02 2.696788683533668518e-02 8.229783177375793457e-01 8.283798396587371826e-02 1.241782028228044510e-02 3.355550346896052361e-03 6.067695794627070427e-04 5.552238225936889648e-02 2.798479050397872925e-02 5.565831810235977173e-02 3.349917009472846985e-02 9.348315186798572540e-03 2.380743157118558884e-03 1.471466617658734322e-03 2.149747498333454132e-02 1.221825461834669113e-02 2.647879160940647125e-02 3.207661211490631104e-02 1.718456856906414032e-02 2.722609043121337891e-02 2.539262920618057251e-02 3.516375273466110229e-02 2.204650454223155975e-02 4.694719333201646805e-03 9.993290528655052185e-03 1.933374791406095028e-03 1.215669140219688416e-02 1.260543335229158401e-02 2.593442425131797791e-02 3.234274918213486671e-03 2.141019888222217560e-02 3.383476054295897484e-03 1.167862862348556519e-02 7.933698594570159912e-03 3.178414190188050270e-03 2.098566183121874928e-04 3.182632615789771080e-03 2.302755787968635559e-02 7.057365961372852325e-03 1.368635683320462704e-03 3.962901420891284943e-03 2.805786579847335815e-02 1.283392310142517090e-02 6.918103992938995361e-02 3.289844095706939697e-02 1.159798633307218552e-02 2.793179301079362631e-04 2.921891165897250175e-03 2.033503912389278412e-02 7.988973520696163177e-03 6.498739589005708694e-03 3.198420628905296326e-03 2.868595533072948456e-03 1.492484821937978268e-03 2.028172602877020836e-03 1.046372577548027039e-02 6.344774737954139709e-03 1.343766506761312485e-02 1.220112666487693787e-02 1.050146948546171188e-02 3.207253664731979370e-02 1.123964134603738785e-02 7.725675124675035477e-03 3.484525531530380249e-02 3.170087933540344238e-02 7.585182320326566696e-03 1.584002003073692322e-02 1.559656392782926559e-02 4.334876779466867447e-03 2.896855026483535767e-02 1.616384088993072510e-02 2.031249552965164185e-02 7.018463220447301865e-03 1.208334695547819138e-02 1.270966976881027222e-02 9.285542182624340057e-03 4.581398796290159225e-03 9.893794544041156769e-03 3.064904827624559402e-03 1.645014807581901550e-02 5.767919123172760010e-03 4.100244119763374329e-02 2.763168700039386749e-02 1.255797874182462692e-02 1.000096276402473450e-02 1.180260442197322845e-02 4.765482153743505478e-03 9.452290832996368408e-03 1.102925185114145279e-02 2.524854429066181183e-02 2.835354534909129143e-03 1.998158730566501617e-02 1.020342763513326645e-02 1.861935481429100037e-02 1.288741454482078552e-02 5.243709310889244080e-03 1.095749530941247940e-02 1.647055335342884064e-02 1.664214581251144409e-02 9.980659000575542450e-03 5.919382441788911819e-03 9.841927327215671539e-03 1.252420805394649506e-02 2.813945151865482330e-02 8.705508895218372345e-03 2.810950018465518951e-02 2.051389589905738831e-02 6.809678860008716583e-03 1.965157920494675636e-03 4.909905139356851578e-03 1.603175699710845947e-02 1.882055774331092834e-03 2.562261885032057762e-03
6.272496283054351807e-02 6.156522780656814575e-02 2.450927626341581345e-03 3.594679757952690125e-02 2.481684647500514984e-02 8.283798396587371826e-02 8.229783177375793457e-01 9.315994568169116974e-03 3.275089198723435402e-03 1.007560361176729202e-02 5.329751595854759216e-02 2.550050429999828339e-02 5.436212196946144104e-02 3.928349539637565613e-02 6.676023360341787338e-03 9.564748033881187439e-03 7.393229752779006958e-03 2.771232835948467255e-02 1.004246901720762253e-02 2.959258854389190674e-02 2.852557413280010223e-02 2.051302231848239899e-02 2.592963539063930511e-02 2.777432091534137726e-02 3.238492086529731750e-02 1.802562177181243896e-02 5.113907158374786377e-03 1.716328971087932587e-02 8.816929534077644348e-03 1.439493428915739059e-02 1.968227513134479523e-02 2.749664522707462311e-02 2.263685222715139389e-03 2.653788216412067413e-02 1.124834455549716949e-02 7.481518201529979706e-03 7.968018180690705776e-04 1.313830725848674774e-03 8.857233449816703796e-03 1.543732243590056896e-03 2.164312638342380524e-02 1.142216729931533337e-03 4.792569670826196671e-03 9.286565706133842468e-03 2.698483131825923920e-02 1.329043298028409481e-03 6.328544020652770996e-02 4.002840816974639893e-02 1.703804731369018555e-02 8.387273177504539490e-03 8.535142987966537476e-03 2.080446667969226837e-02 6.333523197099566460e-04 1.056240033358335495e-02 9.770803153514862061e-04 5.129015771672129631e-04 8.137478493154048920e-03 9.806676534935832024e-04 2.955981763079762459e-03 8.363771485164761543e-04 1.786519028246402740e-02 7.985780946910381317e-03 1.128541119396686554e-02 2.596935071051120758e-02 1.165455579757690430e-02 1.067776512354612350e-02 3.685964643955230713e-02 3.558984398841857910e-02 1.347788237035274506e-02 8.079122751951217651e-03 1.315146870911121368e-02 2.092731185257434845e-03 3.502723947167396545e-02 1.097341347485780716e-02 2.605140209197998047e-02 1.922486722469329834e-02 1.369250472635030746e-02 3.871928201988339424e-03 1.152638345956802368e-02 1.165049523115158081e-02 1.305800583213567734e-02 1.123064663261175156e-02 2.124396152794361115e-02 5.154216662049293518e-03 4.290685802698135376e-02 3.262233734130859375e-02 7.890074513852596283e-03 1.002390682697296143e-02 1.100791501812636852e-03 9.994793217629194260e-04 1.254634186625480652e-02 2.153522521257400513e-02 3.009770996868610382e-02 5.781345069408416748e-03 6.899267900735139847e-03 5.115353502333164215e-03 8.505906909704208374e-03 2.095751091837882996e-02 1.206217799335718155e-02 1.799286156892776489e-02 1.533923391252756119e-02 1.910989172756671906e-02 2.995206741616129875e-03 1.008669752627611160e-02 2.065127715468406677e-02 1.200797222554683685e-02 1.863067597150802612e-02 1.039583887904882431e-02 2.414195425808429718e-02 1.690791547298431396e-02 2.693695714697241783e-03 2.449922962114214897e-03 5.941504496149718761e-04 5.703671835362911224e-03 9.139946661889553070e-03 7.496196310967206955e-03
1.361813209950923920e-02 1.990869268774986267e-02 5.411749705672264099e-02 1.023609749972820282e-02 2.984492341056466103e-03 1.241782028228044510e-02 9.315994568169116974e-03 8.229783177375793457e-01 2.635553479194641113e-02 7.781425025314092636e-03 8.208689279854297638e-03 1.292139943689107895e-02 2.433110959827899933e-02 1.833631657063961029e-02 7.434633374214172363e-02 4.933327436447143555e-03 1.692764274775981903e-02 5.639242473989725113e-03 7.011912763118743896e-03 4.077950958162546158e-03 2.029819041490554810e-02 2.469730935990810394e-02 4.672352224588394165e-03 6.758150178939104080e-03 1.086413301527500153e-02 3.192003816366195679e-03 1.107689738273620605e-02 6.404680665582418442e-03 4.702636972069740295e-03 1.667758077383041382e-02 8.437688462436199188e-03 9.054093621671199799e-03 6.009468808770179749e-03 1.885572634637355804e-02 4.315808415412902832e-03 2.450954727828502655e-02 3.932277858257293701e-02 1.165758725255727768e-02 4.680528119206428528e-02 4.931804537773132324e-02 1.339801121503114700e-02 1.930772326886653900e-02 1.194947908516041934e-04 2.375474199652671814e-02 4.425598308444023132e-03 1.182881370186805725e-02 1.865276484750211239e-03 9.578298195265233517e-04 2.144140750169754028e-02 1.244681607931852341e-02 8.020399138331413269e-03 1.740824803709983826e-02 3.905096277594566345e-02 9.186332114040851593e-03 2.762077562510967255e-02 1.218162290751934052e-02 5.964306183159351349e-04 1.784216845408082008e-03 2.812815457582473755e-02 8.441730460617691278e-05 1.051657088100910187e-02 5.147425457835197449e-03 2.101269736886024475e-02 2.732910588383674622e-02 2.136360853910446167e-02 5.964592492091469467e-05 8.646933711133897305e-04 5.620485637336969376e-03 1.304973475635051727e-02 1.035264809615910053e-03 1.569744199514389038e-02 1.651230826973915100e-02 1.653199899010360241e-03 3.650516038760542870e-03 3.044052748009562492e-03 8.191858418285846710e-03 2.676120772957801819e-02 1.010737195611000061e-02 2.808351442217826843e-02 3.294711466878652573e-03 7.103818655014038086e-02 5.800762400031089783e-02 2.966335602104663849e-02 1.245808973908424377e-02 1.010139659047126770e-02 8.296538144350051880e-03 5.573362112045288086e-02 5.197261273860931396e-02 1.187159679830074310e-02 1.035496126860380173e-02 3.020277014002203941e-03 1.562971062958240509e-02 6.870403303764760494e-04 5.957423243671655655e-03 2.503582090139389038e-02 8.739699609577655792e-03 1.485155057162046432e-02 8.157038129866123199e-03 1.464527845382690430e-02 1.199983526021242142e-02 5.115201231092214584e-03 9.807748720049858093e-03 1.643371023237705231e-02 2.091160416603088379e-02 9.288171306252479553e-03 6.552702747285366058e-03 4.089614748954772949e-02 2.654634416103363037e-02 1.949932612478733063e-02 2.069019153714179993e-02 1.690424233675003052e-02 2.097358554601669312e-02 4.018295090645551682e-03 2.681035839486867189e-04 8.534429594874382019e-03 6.701278500258922577e-03
1.115008443593978882e-02 2.021646685898303986e-02 6.066761910915374756e-03 1.826504059135913849e-02 3.679277841001749039e-03 3.355550346896052361e-03 3.275089198723435402e-03 2.635553479194641113e-02 8.229783177375793457e-01 3.586144745349884033e-02 1.515574986115098000e-03 3.060333058238029480e-02 1.159169245511293411e-02 7.662391290068626404e-03 1.545384153723716736e-02 8.870054036378860474e-03 1.008579507470130920e-02 3.611576184630393982e-02 1.388798584230244160e-03 1.048995368182659149e-02 6.301319226622581482e-03 1.963983289897441864e-02 2.511893212795257568e-02 1.912597753107547760e-02 1.045021787285804749e-02 8.399393409490585327e-04 5.868372041732072830e-03 1.013354770839214325e-02 1.692593097686767578e-02 1.763690821826457977e-02 9.161045774817466736e-03 1.405101176351308823e-02 5.514663178473711014e-03 1.860764808952808380e-02 1.394489128142595291e-02 1.367725338786840439e-02 4.127642512321472168e-02 1.544477511197328568e-02 1.632277108728885651e-02 2.614646777510643005e-02 1.206903718411922455e-02 3.669682145118713379e-02 5.459020845592021942e-03 1.803039945662021637e-02 4.590729251503944397e-02 9.727126918733119965e-03 3.768175840377807617e-03 1.412602607160806656e-02 3.767890855669975281e-02 1.350544625893235207e-03 3.568947082385420799e-03 7.770035881549119949e-04 4.070112481713294983e-03 1.272494439035654068e-02 4.647553712129592896e-02 8.369995281100273132e-03 1.927767135202884674e-02 1.396351866424083710e-02 1.778924465179443359e-02 1.858391426503658295e-02 1.429460663348436356e-02 4.664510954171419144e-03 1.632400602102279663e-02 2.349293604493141174e-02 1.114212069660425186e-02 1.808271161280572414e-03 8.867380209267139435e-03 1.271079201251268387e-02 2.835569530725479126e-02 5.203980952501296997e-03 1.386619452387094498e-02 1.159514021128416061e-02 3.116760961711406708e-02 1.674739085137844086e-02 2.472977899014949799e-02 1.094873528927564621e-03 7.097030431032180786e-02 1.561027020215988159e-02 6.253079324960708618e-02 3.608226543292403221e-03 1.405216474086046219e-02 9.700881317257881165e-03 3.493471071124076843e-03 7.805852801539003849e-04 3.368834406137466431e-02 1.612564083188772202e-03 1.355276443064212799e-02 7.536950521171092987e-03 2.380033396184444427e-02 8.158075623214244843e-03 1.840336620807647705e-02 7.762632332742214203e-03 1.374204643070697784e-02 9.765251539647579193e-03 8.122087456285953522e-04 2.270152326673269272e-03 1.662357151508331299e-02 6.115715950727462769e-03 3.748334571719169617e-02 1.630516722798347473e-02 2.178990095853805542e-02 1.264862064272165298e-02 1.247446797788143158e-02 1.489454228430986404e-02 8.833706378936767578e-03 9.956500492990016937e-03 3.322492353618144989e-03 7.329866290092468262e-03 3.271972062066197395e-03 1.490685343742370605e-02 2.656409889459609985e-02 3.484429419040679932e-02 1.181253392132930458e-04 1.642838679254055023e-02 4.047862719744443893e-03 4.264295101165771484e-03
4.809129051864147186e-03 4.196483641862869263e-04 3.158071544021368027e-03 1.371798571199178696e-02 1.804835628718137741e-03 6.067695794627070427e-04 1.007560361176729202e-02 7.781425025314092636e-03 3.586144745349884033e-02 8.229783177375793457e-01 5.784898065030574799e-03 8.582109585404396057e-03 6.504150107502937317e-03 3.168967366218566895e-02 7.431868580169975758e-04 3.110317920800298452e-04 2.217030338943004608e-02 3.586567239835858345e-03 4.494872316718101501e-02 2.402848564088344574e-03 5.144341266714036465e-04 5.234198644757270813e-03 5.741413333453238010e-04 2.928295172750949860e-02 2.562058391049504280e-03 4.604853689670562744e-03 2.523429226130247116e-03 3.191086649894714355e-02 1.981207728385925293e-02 1.777765341103076935e-02 1.584302634000778198e-02 5.315423943102359772e-03 3.996237181127071381e-03 2.731653302907943726e-02 1.548532582819461823e-02 1.785207167267799377e-02 8.698876015841960907e-03 1.976523548364639282e-03 1.308051962405443192e-02 1.206610444933176041e-02 1.335076242685317993e-02 1.671428047120571136e-02 3.592377156019210815e-02 1.727218739688396454e-02 1.395571511238813400e-02 4.535967856645584106e-02 6.462556309998035431e-03 1.666003093123435974e-02 9.467276744544506073e-03 5.559165403246879578e-02 6.260270252823829651e-03 1.551766507327556610e-02 1.439061295241117477e-02 2.077953191474080086e-03 7.245790213346481323e-03 3.572134673595428467e-02 2.410966344177722931e-02 1.269765477627515793e-02 1.397401280701160431e-02 1.334903109818696976e-02 1.246442180126905441e-02 3.052218444645404816e-02 1.412659883499145508e-02 7.274046656675636768e-04 6.323301349766552448e-04 6.545441225171089172e-03 9.403893724083900452e-03 1.455103233456611633e-02 8.209189400076866150e-03 2.506281435489654541e-02 4.060843959450721741e-02 4.631499759852886200e-03 2.819406986236572266e-02 1.219609752297401428e-02 1.681681722402572632e-02 2.687321975827217102e-02 4.341802094131708145e-03 7.106415927410125732e-02 2.289769612252712250e-02 7.176247239112854004e-02 8.245144970715045929e-03 7.274684961885213852e-03 5.656539928168058395e-03 5.198561400175094604e-02 1.009829714894294739e-02 4.426541924476623535e-02 3.028061706572771072e-03 5.135695450007915497e-03 2.571258693933486938e-02 1.606699824333190918e-02 1.495071407407522202e-02 1.818343810737133026e-02 1.385269220918416977e-02 1.324691926129162312e-03 1.049911137670278549e-02 1.862671226263046265e-02 1.691267825663089752e-02 2.378758601844310760e-02 2.360749244689941406e-02 3.745564445853233337e-02 1.094118040055036545e-02 1.286196056753396988e-02 1.488247886300086975e-02 8.185198530554771423e-04 2.967373467981815338e-02 2.077536471188068390e-02 8.723069913685321808e-04 2.328252792358398438e-02 9.243243373930454254e-03 1.207846123725175858e-02 8.660295046865940094e-03 2.359193935990333557e-02 9.643165394663810730e-03 3.493892401456832886e-02 1.369255967438220978e-02 9.436226449906826019e-03
7.216849178075790405e-02 6.543413549661636353e-02 7.116896100342273712e-03 3.299875417724251747e-03 1.258975127711892128e-03 5.552238225936889648e-02 5.329751595854759216e-02 8.208689279854297638e-03 1.515574986115098000e-03 5.784898065030574799e-03 8.229783177375793457e-01 3.115661907941102982e-03 6.836536526679992676e-02 1.872622873634099960e-03 2.364486083388328552e-02 9.293264709413051605e-03 1.344611402601003647e-02 3.885881742462515831e-03 1.749653369188308716e-03 1.939569041132926941e-02 2.816240489482879639e-02 2.381151542067527771e-02 5.624214187264442444e-03 1.095920335501432419e-02 2.574854716658592224e-02 9.673888795077800751e-03 4.943702952004969120e-04 1.724528521299362183e-02 3.915043175220489502e-02 1.802485249936580658e-02 3.985363245010375977e-02 1.618947088718414307e-02 1.552222762256860733e-02 2.922285348176956177e-02 2.141285873949527740e-02 2.500246092677116394e-02 1.529677025973796844e-02 8.297543041408061981e-03 1.912795240059494972e-03 2.729634754359722137e-03 5.700723268091678619e-03 1.056535914540290833e-02 7.034089416265487671e-03 2.280356595292687416e-03 3.776328871026635170e-03 1.144746225327253342e-02 6.434047222137451172e-02 5.049772188067436218e-02 2.071303082630038261e-03 2.059285528957843781e-02 5.517283920198678970e-03 1.569926179945468903e-02 1.842545159161090851e-02 5.782780703157186508e-03 9.276750497519969940e-03 7.570386398583650589e-03 5.334731191396713257e-03 7.493857759982347488e-03 2.831983380019664764e-02 1.865527406334877014e-02 1.374541688710451126e-02 1.441054884344339371e-02 1.134542096406221390e-02 8.097155019640922546e-03 5.239272862672805786e-02 4.722675681114196777e-02 1.906357705593109131e-02 2.530432492494583130e-02 7.590239867568016052e-03 3.295276081189513206e-03 8.909260854125022888e-03 1.063712965697050095e-02 1.249900273978710175e-02 1.724717766046524048e-02 1.077974773943424225e-02 2.594023756682872772e-02 3.474962897598743439e-03 6.180286873131990433e-03 2.216388238593935966e-03 6.474333349615335464e-03 3.491750452667474747e-03 1.205348130315542221e-02 1.581685058772563934e-02 3.273839683970436454e-05 6.819056812673807144e-03 9.237279184162616730e-03 2.284759469330310822e-02 1.985710486769676208e-02 1.446269080042839050e-02 1.985037326812744141e-02 4.496802017092704773e-02 3.187310323119163513e-02 4.315735027194023132e-02 7.142533548176288605e-03 1.638891361653804779e-02 1.083578448742628098e-03 4.598028899636119604e-04 2.846173942089080811e-02 2.021191827952861786e-02 1.897253841161727905e-02 1.523191761225461960e-02 2.483230270445346832e-02 1.923732226714491844e-03 1.396325323730707169e-02 1.104004587978124619e-02 8.965455926954746246e-03 1.695420406758785248e-02 4.337070044130086899e-03 2.808233536779880524e-02 1.458049565553665161e-02 1.655569183640182018e-03 4.780661780387163162e-03 5.647151265293359756e-03 7.536435499787330627e-03 1.120419707149267197e-02 1.008416432887315750e-02
1.082392502576112747e-02 7.825862616300582886e-03 4.679084289819002151e-03 1.763777248561382294e-02 8.476343937218189240e-03 2.798479050397872925e-02 2.550050429999828339e-02 1.292139943689107895e-02 3.060333058238029480e-02 8.582109585404396057e-03 3.115661907941102982e-03 8.229783177375793457e-01 1.395800150930881500e-03 7.097791880369186401e-02 5.414871033281087875e-03 2.898461744189262390e-02 1.351209636777639389e-02 1.203703880310058594e-02 3.386713191866874695e-02 2.114464156329631805e-02 1.279918942600488663e-02 1.641960814595222473e-02 6.407397240400314331e-02 4.789109528064727783e-02 1.642549782991409302e-02 2.422562986612319946e-02 2.734850719571113586e-02 4.402047768235206604e-02 2.012034505605697632e-02 3.727292641997337341e-02 9.114114567637443542e-03 1.628462783992290497e-02 1.249949913471937180e-02 1.388488244265317917e-02 4.168257000856101513e-04 1.247480139136314392e-02 1.190331578254699707e-02 2.242819778621196747e-02 2.933623082935810089e-02 2.669549360871315002e-02 1.576966047286987305e-02 4.044664558023214340e-03 7.511751726269721985e-03 5.280890502035617828e-03 1.655172929167747498e-02 6.479942239820957184e-03 1.114645856432616711e-03 6.176023278385400772e-03 2.047574147582054138e-03 3.052128851413726807e-02 2.192110195755958557e-02 5.715128500014543533e-03 8.952391333878040314e-03 3.515625139698386192e-03 1.027978118509054184e-02 3.741984069347381592e-02 1.867343299090862274e-02 1.199009176343679428e-02 1.561762299388647079e-02 9.082562290132045746e-03 1.810358464717864990e-02 3.592926636338233948e-02 2.457292517647147179e-03 1.067672297358512878e-02 6.439219694584608078e-03 2.125432342290878296e-02 2.733011730015277863e-03 6.440793164074420929e-03 1.501491852104663849e-02 2.601135335862636566e-02 2.723386278375983238e-03 1.468947250396013260e-02 9.963259799405932426e-04 2.175432816147804260e-02 3.622898599132895470e-03 9.646799415349960327e-03 3.307095915079116821e-02 1.024195551872253418e-02 2.808634936809539795e-02 8.446997962892055511e-03 9.792305529117584229e-03 4.927406087517738342e-03 1.301673054695129395e-02 9.236593730747699738e-03 2.454894781112670898e-02 7.843795232474803925e-03 3.844171063974499702e-03 2.691744128242135048e-03 4.512784257531166077e-02 1.439026277512311935e-02 1.376983709633350372e-02 2.018775232136249542e-02 1.676872372627258301e-03 3.855239972472190857e-02 1.499567646533250809e-02 1.530362945050001144e-02 1.996545493602752686e-02 1.618204638361930847e-02 1.581642427481710911e-03 1.069509144872426987e-02 1.017933338880538940e-02 6.045223213732242584e-03 1.928457990288734436e-02 1.719375886023044586e-02 1.826281286776065826e-02 5.542582366615533829e-03 4.138099495321512222e-03 4.443284589797258377e-03 4.582077730447053909e-03 3.182257711887359619e-02 1.608472503721714020e-02 7.890226319432258606e-03 9.345774538815021515e-03 3.135545179247856140e-03 1.804281375370919704e-03 1.809265697374939919e-03
7.542363554239273071e-02 8.109208941459655762e-02 1.450541429221630096e-02 1.339826826006174088e-02 9.771777316927909851e-03 5.565831810235977173e-02 5.436212196946144104e-02 2.433110959827899933e-02 1.159169245511293411e-02 6.504150107502937317e-03 6.836536526679992676e-02 1.395800150930881500e-03 8.229783177375793457e-01 1.360249891877174377e-02 3.669553250074386597e-02 1.852133870124816895e-02 1.710337400436401367e-02 1.893352158367633820e-02 1.589444582350552082e-03 1.108733098953962326e-02 1.578558981418609619e-02 3.708878904581069946e-02 3.171641845256090164e-03 5.985773634165525436e-03 2.030630037188529968e-02 6.296925130300223827e-04 8.047033916227519512e-04 2.565978094935417175e-02 2.782436273992061615e-02 1.551598496735095978e-02 3.151829913258552551e-02 1.728246547281742096e-02 2.069948706775903702e-03 2.534466795623302460e-02 7.467599119991064072e-03 2.769447863101959229e-02 2.624989487230777740e-02 1.302781887352466583e-02 4.250448662787675858e-03 1.168011967092752457e-02 3.370884107425808907e-03 3.278383519500494003e-03 1.277656760066747665e-02 1.051427703350782394e-02 1.076539419591426849e-02 8.573683910071849823e-03 4.821165278553962708e-02 4.247433692216873169e-02 2.387393498793244362e-03 1.333187427371740341e-02 8.443007245659828186e-03 2.083946391940116882e-02 1.481943763792514801e-03 1.404783595353364944e-02 9.510661475360393524e-03 9.124979376792907715e-03 1.638635061681270599e-02 4.664696753025054932e-03 6.508664228022098541e-03 1.808832772076129913e-02 6.874741520732641220e-03 1.265359809622168541e-03 2.075973898172378540e-02 1.816710829734802246e-02 2.772839739918708801e-02 3.814997524023056030e-02 2.131738513708114624e-02 2.409394085407257080e-02 2.364556305110454559e-02 2.175995148718357086e-03 2.027911692857742310e-02 1.185957714915275574e-02 2.362553961575031281e-02 8.643169887363910675e-03 1.856521889567375183e-02 1.647487469017505646e-02 2.268346771597862244e-02 5.080781411379575729e-03 1.758237741887569427e-02 8.853725157678127289e-03 1.724632270634174347e-02 2.177493274211883545e-02 4.328719805926084518e-03 2.024585613980889320e-03 9.944964200258255005e-03 2.207054290920495987e-03 3.099530562758445740e-02 3.879105299711227417e-02 2.709610760211944580e-02 1.717541925609111786e-02 3.021751344203948975e-02 3.403407335281372070e-02 3.743373230099678040e-02 1.600776053965091705e-02 4.377115983515977859e-03 9.398118709214031696e-04 4.283170681446790695e-03 2.246631309390068054e-02 9.839162230491638184e-03 9.115799330174922943e-03 8.109374903142452240e-03 1.555099990218877792e-02 9.618091396987438202e-03 6.277274340391159058e-03 1.410763990134000778e-02 1.023761462420225143e-02 1.835081726312637329e-02 1.093858573585748672e-02 1.937014795839786530e-02 1.621169038116931915e-03 8.145807310938835144e-03 1.238944847136735916e-02 5.691989324986934662e-03 1.811180380173027515e-03 1.350579876452684402e-02 3.024391597136855125e-03
