8.208289742469787598e-01 8.772425353527069092e-02 1.199208293110132217e-02 1.002467796206474304e-02 1.383271720260381699e-02 7.615678757429122925e-02 6.132405623793601990e-02 1.225716806948184967e-02 7.869181223213672638e-03 1.271290238946676254e-03 8.141227811574935913e-02 2.328147878870368004e-03 4.439707845449447632e-02 2.290137810632586479e-03 1.312180794775485992e-02 9.814620949327945709e-03 4.955199547111988068e-03 1.505508925765752792e-02 1.804388873279094696e-02 4.077309742569923401e-03 3.190654143691062927e-02 6.269154604524374008e-03 2.009989111684262753e-04 8.103481493890285492e-03 1.663301140069961548e-02 2.257611416280269623e-02 7.455689832568168640e-03 3.142136614769697189e-03 3.968134522438049316e-02 2.022828441113233566e-03 1.732427068054676056e-02 1.496676262468099594e-02 2.280519576743245125e-03 2.124472707509994507e-02 8.875935338437557220e-03 2.423887886106967926e-02 3.307378292083740234e-02 5.233439151197671890e-03 3.506075358018279076e-03 8.207038044929504395e-03 1.421747170388698578e-02 9.401845745742321014e-03 9.797569364309310913e-03 1.015444099903106689e-02 3.480117069557309151e-03 5.343361757695674896e-03 6.275676190853118896e-02 4.523401334881782532e-02 1.033431664109230042e-02 1.077057700604200363e-02 7.830178365111351013e-03 1.737025193870067596e-02 1.800002902746200562e-02 1.122302259318530560e-03 1.658887602388858795e-02 1.199064403772354126e-02 9.894903749227523804e-03 1.056815590709447861e-02 2.611720992717891932e-04 1.516915205866098404e-02 1.747196889482438564e-03 2.539676800370216370e-02 1.612806133925914764e-02 1.256936695426702499e-02 4.480163380503654480e-02 1.578259840607643127e-02 1.148855965584516525e-02 1.720129139721393585e-02 1.870917715132236481e-02 6.732551846653223038e-04 2.020869031548500061e-02 1.410359703004360199e-02 2.776432782411575317e-02 8.334574522450566292e-05 2.356113120913505554e-02 2.775093074887990952e-03 1.853858004324138165e-03 3.017155220732092857e-03 1.840327121317386627e-02 3.466502949595451355e-02 9.688849560916423798e-03 2.272637374699115753e-02 9.011236252263188362e-04 2.132798172533512115e-02 3.375901607796549797e-03 1.597067224793136120e-03 1.594172231853008270e-02 1.231199037283658981e-02 7.929177023470401764e-03 1.351894252002239227e-02 3.269291669130325317e-02 1.787990890443325043e-02 2.398498542606830597e-02 1.639813766814768314e-03 1.044583600014448166e-02 9.748349548317492008e-04 1.098342612385749817e-02 9.626414626836776733e-03 2.070332504808902740e-02 6.577947642654180527e-03 1.464122440665960312e-02 5.776893347501754761e-03 9.045120677910745144e-04 2.115579089149832726e-03 1.174345891922712326e-02 2.947641350328922272e-02 3.196743503212928772e-02 6.076920777559280396e-03 4.099502228200435638e-03 6.969779729843139648e-03 7.967057637870311737e-03 1.847799122333526611e-02 9.093210101127624512e-03 3.372266190126538277e-03 7.065063808113336563e-03 6.742611061781644821e-03
8.772425353527069092e-02 8.208289742469787598e-01 2.307585207745432854e-03 1.350163575261831284e-02 1.715146005153656006e-02 6.446147710084915161e-02 8.769401907920837402e-02 1.853446662425994873e-02 9.792173281311988831e-03 3.996097017079591751e-03 6.328553706407546997e-02 3.706558840349316597e-03 6.633924692869186401e-02 3.072444233112037182e-04 1.652693748474121094e-02 3.294799244031310081e-03 4.403759259730577469e-03 3.057505935430526733e-02 1.994046941399574280e-02 1.420900225639343262e-02 3.368642181158065796e-02 6.240231916308403015e-03 4.298078361898660660e-03 1.326947007328271866e-02 2.258014306426048279e-02 1.808350533246994019e-02 4.374780226498842239e-03 1.146947313100099564e-02 1.185594685375690460e-02 4.471490625292062759e-03 5.207617301493883133e-03 2.908825129270553589e-02 9.117099456489086151e-03 2.882990427315235138e-02 1.463027112185955048e-02 2.535003796219825745e-02 1.972115598618984222e-02 8.405839093029499054e-03 2.070554299280047417e-03 1.074248645454645157e-02 1.522888056933879852e-02 8.784750476479530334e-03 1.010944228619337082e-02 4.313944373279809952e-03 7.766197901219129562e-03 5.572577472776174545e-03 6.203307211399078369e-02 6.644178926944732666e-02 1.871901378035545349e-02 1.696923375129699707e-02 1.572754234075546265e-02 2.621353231370449066e-02 9.972407482564449310e-03 5.795978475362062454e-03 1.788207329809665680e-02 1.118973642587661743e-02 8.731077425181865692e-03 6.011704914271831512e-03 2.459655143320560455e-02 1.933131925761699677e-02 1.229478698223829269e-02 2.289234846830368042e-02 8.615090511739253998e-03 9.629189968109130859e-03 4.279639199376106262e-02 2.034426666796207428e-02 1.690813712775707245e-02 2.431370876729488373e-02 7.633562665432691574e-03 1.527652726508677006e-03 6.869648583233356476e-03 1.683029346168041229e-02 2.052349224686622620e-02 7.407276891171932220e-03 1.575590856373310089e-02 1.560865156352519989e-02 3.795116906985640526e-03 8.188192732632160187e-03 1.717430725693702698e-02 2.782326564192771912e-02 1.703243888914585114e-02 1.634036749601364136e-02 1.331173349171876907e-02 2.478602156043052673e-02 3.859841963276267052e-03 6.059583276510238647e-03 2.796647883951663971e-02 2.567138709127902985e-02 4.325432237237691879e-03 1.130689634010195732e-03 2.481800876557826996e-02 1.752980053424835205e-02 3.305868059396743774e-02 5.245334468781948090e-03 7.329678162932395935e-03 2.764578675851225853e-03 3.667906858026981354e-03 1.021490804851055145e-02 1.384140737354755402e-02 4.432747373357415199e-04 1.490725576877593994e-02 8.033119956962764263e-05 1.477814395911991596e-03 4.575998522341251373e-03 1.307886280119419098e-02 1.349089201539754868e-02 2.973696030676364899e-02 1.742334919981658459e-03 8.931719698011875153e-03 5.531304981559514999e-03 5.121872760355472565e-03 1.080035604536533356e-02 7.860032841563224792e-03 1.641184673644602299e-03 7.197309285402297974e-03 1.113629434257745743e-02
1.199208293110132217e-02 2.307585207745432854e-03 8.208289742469787598e-01 2.380105666816234589e-03 1.179925445467233658e-02 2.253276854753494263e-02 8.135305717587471008e-03 5.478611961007118225e-02 1.486659515649080276e-02 1.017351355403661728e-02 5.578474141657352448e-03 1.286093052476644516e-02 1.435201265849173069e-03 1.600040681660175323e-02 1.811597030609846115e-04 2.933934889733791351e-02 3.203529119491577148e-02 6.811486091464757919e-03 3.124581882730126381e-03 9.739914094097912312e-04 7.353005930781364441e-03 5.121544003486633301e-03 8.052780292928218842e-03 1.473110541701316833e-02 2.508607693016529083e-03 1.756399869918823242e-02 8.847348392009735107e-03 1.191124413162469864e-02 3.584135789424180984e-03 3.536034841090440750e-03 1.436724234372377396e-02 1.748891919851303101e-02 4.139985144138336182e-02 2.708322182297706604e-02 2.281565964221954346e-02 3.981398418545722961e-03 1.461831480264663696e-02 5.612198263406753540e-03 1.130428980104625225e-03 8.800891228020191193e-03 2.873464114964008331e-02 1.245223451405763626e-02 7.959647104144096375e-03 3.909382969141006470e-02 1.301582960877567530e-04 8.806658908724784851e-03 2.090868912637233734e-02 1.778672635555267334e-02 2.988389926031231880e-03 4.651632625609636307e-03 1.608414226211607456e-03 3.048172453418374062e-03 2.264653565362095833e-03 1.020682603120803833e-02 1.317416667006909847e-03 7.881443016231060028e-03 5.166720598936080933e-03 3.138948697596788406e-03 2.977529168128967285e-02 1.824980042874813080e-02 6.023709429427981377e-04 1.233767066150903702e-02 3.639955818653106689e-02 1.512645464390516281e-02 8.194405585527420044e-03 1.203389558941125870e-02 3.042458789423108101e-03 1.869386993348598480e-02 1.044067394104786217e-04 1.182287372648715973e-02 3.958982881158590317e-03 1.195547915995121002e-02 4.359805025160312653e-03 2.229711227118968964e-02 5.874873604625463486e-03 1.174068823456764221e-02 4.416332580149173737e-03 2.460467629134654999e-02 4.146155901253223419e-03 2.648016624152660370e-02 6.388805061578750610e-02 8.925619721412658691e-02 1.165925059467554092e-03 2.850555465556681156e-04 2.325612865388393402e-02 1.532951602712273598e-03 3.319786116480827332e-02 4.670001566410064697e-02 7.502814289182424545e-03 1.309173181653022766e-03 4.141912329941987991e-03 8.388128131628036499e-03 5.263717379420995712e-03 1.720964163541793823e-02 3.357627196237444878e-03 2.241745358332991600e-03 1.598323509097099304e-02 6.013500504195690155e-03 1.456055790185928345e-02 1.115400902926921844e-02 2.468965947628021240e-02 3.839324228465557098e-03 4.947769921272993088e-03 2.975390991196036339e-03 5.937811918556690216e-03 5.073749925941228867e-03 1.423361524939537048e-02 4.099086392670869827e-03 8.653426542878150940e-03 7.207477465271949768e-03 4.094178788363933563e-03 2.671322412788867950e-02 1.333244424313306808e-02 8.288209326565265656e-03 1.259989943355321884e-02 1.014003879390656948e-03
1.002467796206474304e-02 1.350163575261831284e-02 2.380105666816234589e-03 8.208289742469787598e-01 8.285500109195709229e-02 3.819878911599516869e-03 8.683960884809494019e-03 9.148526936769485474e-03 1.502043195068836212e-02 2.445933036506175995e-02 1.479671802371740341e-02 2.112306095659732819e-02 9.386853198520839214e-04 1.817631721496582031e-02 1.838140189647674561e-02 1.226137205958366394e-02 2.378738485276699066e-02 4.196086153388023376e-02 2.119975723326206207e-02 2.112234797095879912e-04 1.214662846177816391e-02 7.083563134074211121e-03 8.764949627220630646e-03 4.367807880043983459e-03 9.551911498419940472e-04 1.288897357881069183e-02 2.837356366217136383e-02 2.999854274094104767e-02 1.519275549799203873e-02 2.035658247768878937e-02 6.110600661486387253e-03 2.436618786305189133e-03 8.024115115404129028e-03 1.966019533574581146e-02 1.311030797660350800e-02 8.389282971620559692e-03 7.222384214401245117e-03 1.737996563315391541e-02 2.453574910759925842e-02 1.371018774807453156e-02 1.274131424725055695e-02 3.175578778609633446e-03 1.503021805547177792e-03 2.509943023324012756e-02 4.030167590826749802e-03 1.187555305659770966e-02 1.374016515910625458e-02 1.230155304074287415e-02 1.084945444017648697e-02 2.754154428839683533e-02 5.386058706790208817e-03 9.487329982221126556e-03 2.203793730586767197e-03 2.857823669910430908e-02 2.502057515084743500e-02 1.495061628520488739e-02 9.871471673250198364e-03 3.088132850825786591e-02 3.088136203587055206e-02 1.008398458361625671e-02 3.480621054768562317e-02 9.530817158520221710e-03 9.928189218044281006e-03 2.048583142459392548e-02 3.042677976191043854e-02 9.645847603678703308e-04 5.445916671305894852e-03 6.444561760872602463e-03 2.542461501434445381e-03 1.151902042329311371e-02 3.810773370787501335e-03 3.928896039724349976e-03 6.869982928037643433e-02 3.212338546290993690e-03 1.871977187693119049e-02 1.283671986311674118e-02 3.667763434350490570e-03 1.479879487305879593e-02 1.312440261244773865e-02 7.663914468139410019e-03 5.782559979707002640e-03 1.621022261679172516e-02 7.325054705142974854e-02 7.011948036961257458e-05 9.758458472788333893e-03 1.136218270403333008e-04 7.029545959085226059e-03 1.203717105090618134e-02 4.210073500871658325e-02 9.956484427675604820e-04 2.207332104444503784e-02 6.027569994330406189e-03 2.180224470794200897e-02 6.299614440649747849e-03 1.197143644094467163e-02 2.141374722123146057e-02 6.382005754858255386e-03 6.491858046501874924e-03 6.171929650008678436e-03 2.979141660034656525e-03 1.962705701589584351e-02 6.818592548370361328e-03 1.132331322878599167e-02 7.113960105925798416e-03 1.644441392272710800e-03 8.355254307389259338e-03 2.739408286288380623e-03 1.411403529345989227e-02 2.703868784010410309e-02 1.499152742326259613e-02 2.449951320886611938e-02 1.361101400107145309e-02 5.054845474660396576e-03 1.862666010856628418e-02 1.581650786101818085e-02 9.173087892122566700e-04
1.383271720260381699e-02 1.715146005153656006e-02 1.179925445467233658e-02 8.285500109195709229e-02 8.208289742469787598e-01 2.349579517613165081e-05 1.223355066031217575e-02 7.592725567519664764e-03 2.166880993172526360e-03 4.110572114586830139e-02 2.506487071514129639e-02 2.328891679644584656e-02 8.750534616410732269e-03 2.008506283164024353e-02 9.309648536145687103e-03 2.692989259958267212e-02 3.499190136790275574e-02 7.232624571770429611e-03 2.355116885155439377e-03 1.377207878977060318e-02 1.733100786805152893e-02 1.071608159691095352e-02 9.091663378058001399e-05 1.170293521136045456e-02 3.606369718909263611e-03 2.066356828436255455e-03 3.953390289098024368e-03 4.117571189999580383e-02 8.825625292956829071e-03 2.277846261858940125e-02 1.082006841897964478e-02 2.227285131812095642e-02 8.029876276850700378e-03 3.595174476504325867e-02 8.297576569020748138e-03 8.759928867220878601e-03 9.656155481934547424e-03 6.216863170266151428e-03 2.521532401442527771e-02 1.534797623753547668e-02 1.054687332361936569e-02 6.920700427144765854e-03 1.245288085192441940e-02 1.509838271886110306e-02 2.310504391789436340e-02 3.276102989912033081e-02 2.608150057494640350e-02 2.839848399162292480e-02 9.308556094765663147e-03 3.700587525963783264e-02 9.953159838914871216e-03 2.040006779134273529e-02 1.961774379014968872e-02 4.738497955258935690e-04 1.947145792655646801e-03 3.078669309616088867e-02 9.296916425228118896e-03 2.366491220891475677e-02 1.592866331338882446e-02 1.306844875216484070e-02 3.686303505674004555e-03 4.227392375469207764e-03 4.833100829273462296e-03 1.999919861555099487e-02 2.644835226237773895e-02 7.246673572808504105e-03 8.270291611552238464e-03 9.512711316347122192e-03 1.567185856401920319e-02 3.734531579539179802e-03 4.376486409455537796e-03 1.458904799073934555e-02 4.876883700489997864e-02 2.725390717387199402e-02 4.476343467831611633e-02 2.618346549570560455e-02 3.208628855645656586e-03 2.126943320035934448e-02 4.357941448688507080e-03 5.022907280363142490e-04 5.030076485127210617e-03 3.054372593760490417e-02 2.115293219685554504e-02 6.846580654382705688e-03 2.783980162348598242e-04 1.503369677811861038e-02 3.552978392690420151e-03 1.330339256674051285e-02 3.721400722861289978e-02 1.826257258653640747e-02 1.683264225721359253e-02 1.953749172389507294e-02 1.904002390801906586e-02 1.823007874190807343e-02 1.108692958950996399e-03 1.445865724235773087e-02 6.439165677875280380e-03 1.453352626413106918e-02 4.401606973260641098e-03 4.552897997200489044e-03 4.487573634833097458e-03 1.609158702194690704e-02 1.713566482067108154e-03 7.038739509880542755e-03 3.697351319715380669e-03 7.682732306420803070e-03 9.708499535918235779e-03 1.792946830391883850e-02 3.053129091858863831e-02 1.764936000108718872e-02 1.223642565310001373e-02 1.745819486677646637e-02 9.425770491361618042e-03 1.820334605872631073e-02 2.149832621216773987e-02 1.429081242531538010e-02
7.615678757429122925e-02 6.446147710084915161e-02 2.253276854753494263e-02 3.819878911599516869e-03 2.349579517613165081e-05 8.208289742469787598e-01 9.497989714145660400e-02 7.323668804019689560e-03 8.271975675597786903e-04 2.577461767941713333e-03 4.855487123131752014e-02 9.369628503918647766e-03 1.754070073366165161e-02 8.998684352263808250e-04 9.845136664807796478e-03 4.391906550154089928e-04 1.403289288282394409e-02 2.355285547673702240e-02 1.064617279917001724e-02 1.629893109202384949e-02 2.592267841100692749e-02 1.369065325707197189e-02 1.323823630809783936e-02 6.054452387616038322e-05 2.015583217144012451e-02 1.340900082141160965e-02 1.002048049122095108e-02 1.241364865563809872e-03 4.131915513426065445e-03 1.179447956383228302e-02 2.338637970387935638e-02 2.383631654083728790e-02 8.999227546155452728e-03 1.356533356010913849e-02 1.522552920505404472e-03 5.919130519032478333e-03 4.854593891650438309e-03 9.477551095187664032e-03 1.187359541654586792e-02 1.656830310821533203e-03 1.517335884273052216e-02 1.403733715415000916e-02 1.997127756476402283e-02 6.452816538512706757e-03 1.216375548392534256e-02 6.620320025831460953e-03 7.405391335487365723e-02 5.641127005219459534e-02 2.006759867072105408e-02 9.982909075915813446e-03 3.014592919498682022e-03 1.414376311004161835e-02 1.035238336771726608e-02 6.668426096439361572e-03 1.830709911882877350e-02 1.029575522989034653e-02 3.874638350680470467e-03 2.129076747223734856e-03 2.779049798846244812e-02 1.143207494169473648e-02 1.870462088845670223e-03 7.464263122528791428e-03 2.736374922096729279e-02 1.718462817370891571e-02 2.330881170928478241e-02 9.350948035717010498e-03 2.316866070032119751e-02 3.047221340239048004e-02 1.424562558531761169e-02 8.320646360516548157e-03 5.300205200910568237e-03 1.214287616312503815e-02 1.055792253464460373e-02 8.763215155340731144e-04 6.112468428909778595e-03 2.574052661657333374e-03 3.759265644475817680e-03 2.544356137514114380e-02 2.595240483060479164e-03 3.568163886666297913e-02 6.092435680329799652e-03 1.523506734520196915e-02 2.050345297902822495e-03 7.652835338376462460e-04 1.633089222013950348e-02 2.393405511975288391e-02 6.799901369959115982e-03 1.080490765161812305e-03 1.254674978554248810e-02 1.507434528321027756e-02 3.602635813876986504e-03 7.566173444502055645e-04 1.012079999782145023e-03 1.614329777657985687e-02 3.077625297009944916e-03 1.568843238055706024e-02 9.301424026489257812e-03 9.873086586594581604e-03 1.484318450093269348e-02 9.726228192448616028e-03 7.059207651764154434e-03 1.628485321998596191e-02 2.256002742797136307e-03 2.145520783960819244e-02 7.986562326550483704e-03 8.660214953124523163e-04 1.257794443517923355e-02 1.259985659271478653e-02 1.118936389684677124e-02 4.799211397767066956e-03 1.021112874150276184e-02 8.887077681720256805e-03 2.045768499374389648e-02 1.325263828039169312e-02 1.960993185639381409e-02 3.616948798298835754e-02
6.132405623793601990e-02 8.769401907920837402e-02 8.135305717587471008e-03 8.683960884809494019e-03 1.223355066031217575e-02 9.497989714145660400e-02 8.208289742469787598e-01 3.569177584722638130e-03 4.758667666465044022e-03 6.723992060869932175e-03 4.589530080556869507e-02 3.186408663168549538e-03 4.443652182817459106e-02 1.663199363974854350e-04 3.299722680822014809e-03 2.000360051169991493e-03 5.425307899713516235e-03 2.701877057552337646e-02 1.200374215841293335e-02 1.718417368829250336e-02 3.191806375980377197e-02 5.000337958335876465e-03 5.746557726524770260e-04 4.621657077223062515e-03 2.647555619478225708e-02 1.046113576740026474e-02 5.096966866403818130e-03 3.962677437812089920e-03 2.618657797574996948e-02 9.043686441145837307e-04 3.917225450277328491e-02 2.755619958043098450e-02 5.714263301342725754e-03 1.909996569156646729e-02 2.803518669679760933e-03 1.850816607475280762e-02 6.991870701313018799e-03 1.525503816083073616e-03 1.147259306162595749e-02 1.748634688556194305e-02 7.396783214062452316e-03 1.785662397742271423e-02 1.495459489524364471e-02 7.527112611569464207e-04 1.690915785729885101e-02 1.151085551828145981e-02 6.366573274135589600e-02 7.817669957876205444e-02 2.455815672874450684e-02 1.874569430947303772e-02 1.305919233709573746e-02 2.189707756042480469e-02 8.642485365271568298e-03 7.298985030502080917e-03 2.055797912180423737e-02 5.242252722382545471e-03 2.771508414298295975e-03 1.161486376076936722e-02 3.210245072841644287e-02 3.667712444439530373e-04 2.764574717730283737e-03 1.438163314014673233e-02 1.360640861093997955e-02 2.876066043972969055e-02 2.270396612584590912e-02 9.796358644962310791e-04 2.034957334399223328e-02 2.581713348627090454e-02 5.689629469998180866e-04 6.954020820558071136e-03 4.977213684469461441e-03 1.200114935636520386e-02 1.149659231305122375e-02 1.008923910558223724e-02 7.616228424012660980e-03 1.656447537243366241e-02 3.602946642786264420e-03 1.549944654107093811e-02 7.440217304974794388e-03 3.255647048354148865e-02 4.946107510477304459e-04 1.248857285827398300e-02 6.115926895290613174e-03 1.883162558078765869e-02 6.087307352572679520e-03 1.176017615944147110e-02 2.487904764711856842e-02 9.984977543354034424e-03 8.176629431545734406e-03 1.452649012207984924e-03 7.386295124888420105e-03 5.140856374055147171e-03 3.902581287547945976e-03 2.888638991862535477e-03 1.737432205118238926e-03 9.156157262623310089e-03 3.459517378360033035e-03 1.344205345958471298e-02 1.607759855687618256e-02 4.636807367205619812e-03 2.205720404163002968e-03 2.078459411859512329e-02 4.956606775522232056e-03 1.019044686108827591e-02 1.209560129791498184e-02 1.006329990923404694e-02 1.938468404114246368e-02 1.552698435261845589e-03 1.135046686977148056e-02 1.475650630891323090e-02 1.681206747889518738e-02 5.015633068978786469e-03 1.660992391407489777e-02 5.386556964367628098e-03 6.577805615961551666e-03 1.742164790630340576e-02
1.225716806948184967e-02 1.853446662425994873e-02 5.478611961007118225e-02 9.148526936769485474e-03 7.592725567519664764e-03 7.323668804019689560e-03 3.569177584722638130e-03 8.208289742469787598e-01 1.428219489753246307e-03 7.265731226652860641e-03 1.481210067868232727e-02 8.033707737922668457e-03 2.638032101094722748e-02 7.025170605629682541e-03 5.379362404346466064e-02 2.127649076282978058e-02 1.927253790199756622e-02 3.607452381402254105e-03 1.815376058220863342e-02 1.335687097162008286e-02 3.799440711736679077e-02 1.230318844318389893e-02 1.670717843808233738e-03 1.190769253298640251e-03 1.595437340438365936e-02 3.307960182428359985e-02 1.870793290436267853e-03 9.230576455593109131e-03 1.391713507473468781e-02 3.060937160626053810e-04 6.570232566446065903e-03 1.752941682934761047e-02 3.401188924908638000e-02 4.132902622222900391e-02 3.313107416033744812e-02 2.493300847709178925e-02 1.739259622991085052e-02 9.028323926031589508e-03 1.396536827087402344e-02 3.751577064394950867e-02 2.557121589779853821e-02 3.248429857194423676e-03 1.009534578770399094e-02 2.728330902755260468e-02 3.735985141247510910e-03 9.110607206821441650e-03 1.801292761228978634e-03 4.225209355354309082e-03 4.642413405235856771e-04 9.953137487173080444e-03 6.165110389702022076e-04 7.188809569925069809e-03 2.478039264678955078e-02 3.007601760327816010e-02 1.038797385990619659e-02 7.490603718906641006e-03 3.632355714216828346e-03 9.944524616003036499e-03 1.667827181518077850e-02 2.915399521589279175e-02 2.423038939014077187e-03 1.893583312630653381e-02 1.212386880069971085e-02 6.795368622988462448e-03 1.973942667245864868e-02 2.550509385764598846e-02 1.110807247459888458e-02 3.012848086655139923e-02 2.587281633168458939e-03 2.034065499901771545e-02 6.117555778473615646e-03 1.740400120615959167e-02 6.115445401519536972e-03 2.924138866364955902e-02 1.418067421764135361e-02 2.153295278549194336e-02 8.271579863503575325e-04 8.643103763461112976e-03 6.678138859570026398e-03 1.162763871252536774e-02 8.063704520463943481e-02 3.144585341215133667e-02 2.770478138700127602e-03 1.926231570541858673e-02 1.626258529722690582e-02 9.698852896690368652e-03 5.277533829212188721e-02 5.852618813514709473e-02 5.055144429206848145e-04 1.357738580554723740e-02 2.942292718216776848e-03 1.791043765842914581e-02 1.689134724438190460e-02 1.194513402879238129e-02 1.790825650095939636e-02 1.526229362934827805e-02 1.315636653453111649e-02 7.892937399446964264e-03 1.159768458455801010e-02 2.401892561465501785e-03 1.037299074232578278e-02 1.980424486100673676e-02 9.562334977090358734e-03 1.938659348525106907e-03 2.201378904283046722e-02 2.499308250844478607e-02 3.680306300520896912e-02 1.787770725786685944e-02 2.507095597684383392e-02 7.263232022523880005e-03 1.170870102941989899e-02 2.423437125980854034e-02 2.734215930104255676e-03 1.685723848640918732e-02 4.601201042532920837e-03 1.474131736904382706e-02
7.869181223213672638e-03 9.792173281311988831e-03 1.486659515649080276e-02 1.502043195068836212e-02 2.166880993172526360e-03 8.271975675597786903e-04 4.758667666465044022e-03 1.428219489753246307e-03 8.208289742469787598e-01 2.281201817095279694e-02 7.750562392175197601e-03 4.165314882993698120e-02 2.158991433680057526e-02 3.080008924007415771e-02 7.347913458943367004e-03 1.239331625401973724e-02 1.805936545133590698e-02 1.494775246828794479e-02 3.272223845124244690e-02 6.375235971063375473e-03 1.550664659589529037e-03 2.698742784559726715e-02 4.062954708933830261e-02 3.393145278096199036e-02 6.105308420956134796e-03 2.986356150358915329e-03 6.346072535961866379e-03 7.513543590903282166e-03 3.363085488672368228e-05 4.335306119173765182e-03 8.788522332906723022e-03 2.187513746321201324e-03 4.150703316554427147e-04 1.595909707248210907e-02 5.524491891264915466e-03 1.656375359743833542e-03 1.391678233630955219e-03 4.638686310499906540e-03 1.121246069669723511e-02 1.848743669688701630e-02 6.544713396579027176e-03 3.102138265967369080e-02 2.493523061275482178e-02 1.604662276804447174e-02 2.618072740733623505e-02 1.786774396896362305e-02 2.000860311090946198e-02 1.440021023154258728e-02 2.170700579881668091e-02 1.357180997729301453e-02 2.402624301612377167e-02 2.518357895314693451e-02 5.683053750544786453e-04 5.838833749294281006e-03 3.069718368351459503e-02 1.940052583813667297e-02 2.726994082331657410e-02 4.048470873385667801e-03 2.261366695165634155e-02 2.132539637386798859e-03 2.884587273001670837e-02 2.784988656640052795e-02 3.261733055114746094e-02 1.109337317757308483e-03 1.538197882473468781e-02 1.734048128128051758e-02 1.042134244926273823e-03 1.290478161536157131e-03 5.888120457530021667e-02 7.158902008086442947e-04 2.671837434172630310e-02 2.806692011654376984e-02 2.934566931799054146e-03 7.706720847636461258e-03 2.619544602930545807e-02 3.000864572823047638e-02 8.223640173673629761e-02 4.523707181215286255e-02 4.588752985000610352e-02 1.004812773317098618e-02 9.958258830010890961e-03 3.309936262667179108e-03 2.409783750772476196e-02 5.024436116218566895e-02 4.352306574583053589e-02 2.302063070237636566e-02 2.579229697585105896e-02 7.136472035199403763e-03 4.280404374003410339e-02 1.913454756140708923e-02 2.046403288841247559e-02 2.145371399819850922e-02 1.471778284758329391e-02 2.103883028030395508e-02 1.918034441769123077e-02 2.046685107052326202e-02 5.701094400137662888e-03 1.423078496009111404e-02 2.625940181314945221e-02 2.088119275867938995e-02 1.657259091734886169e-02 5.133356899023056030e-03 5.258453544229269028e-03 2.750808605924248695e-03 2.423683367669582367e-02 1.575814187526702881e-02 1.905518467538058758e-03 1.264543179422616959e-02 3.698478685691952705e-04 1.847794745117425919e-03 1.013821572996675968e-03 1.615562289953231812e-02 2.047522366046905518e-02 2.416838519275188446e-02 5.839954828843474388e-04 8.466760627925395966e-04
1.271290238946676254e-03 3.996097017079591751e-03 1.017351355403661728e-02 2.445933036506175995e-02 4.110572114586830139e-02 2.577461767941713333e-03 6.723992060869932175e-03 7.265731226652860641e-03 2.281201817095279694e-02 8.208289742469787598e-01 1.018375903367996216e-02 1.531443465501070023e-02 1.523703802376985550e-02 7.566772401332855225e-03 1.148464530706405640e-02 1.067582052201032639e-02 6.794703658670186996e-03 1.301942393183708191e-02 3.416246175765991211e-02 2.416012063622474670e-02 1.515306718647480011e-02 2.190704271197319031e-02 2.712340839207172394e-02 3.469305112957954407e-02 1.866070902906358242e-03 8.871435187757015228e-03 7.753036334179341793e-04 2.370286174118518829e-02 1.191771868616342545e-02 3.568390849977731705e-03 2.087388420477509499e-03 1.033166918205097318e-04 2.591862808912992477e-03 2.153797633945941925e-02 1.464472152292728424e-02 1.383049972355365753e-02 1.672161743044853210e-02 2.560725435614585876e-03 2.713405527174472809e-02 1.514337863773107529e-02 6.768720224499702454e-03 1.988326385617256165e-02 1.718056201934814453e-02 1.242638658732175827e-02 7.438669446855783463e-03 1.620357856154441833e-02 6.538112182170152664e-03 3.170652416883967817e-05 1.816741749644279480e-02 6.076771020889282227e-02 2.954868972301483154e-02 3.182316198945045471e-02 2.222363092005252838e-02 4.696640651673078537e-03 1.606410741806030273e-02 7.015284150838851929e-02 2.068424224853515625e-02 6.176256574690341949e-03 1.628505438566207886e-02 7.035546470433473587e-03 8.643858600407838821e-04 2.100330591201782227e-02 1.191087439656257629e-02 6.541201844811439514e-03 6.022557150572538376e-03 7.179453037679195404e-03 1.510427054017782211e-02 1.002737600356340408e-02 1.748851127922534943e-02 1.551764085888862610e-02 6.821886450052261353e-02 1.133408281020820141e-03 9.294568561017513275e-03 1.706642843782901764e-02 1.327131222933530807e-02 2.294593956321477890e-03 1.467232685536146164e-02 8.130177110433578491e-02 5.100802052766084671e-03 1.060133147984743118e-02 1.202544104307889938e-02 2.076347358524799347e-02 9.195558726787567139e-03 7.707579992711544037e-03 7.409388199448585510e-03 1.261899992823600769e-02 3.219378413632512093e-04 4.518766887485980988e-03 1.768646389245986938e-02 1.208764873445034027e-02 1.750225573778152466e-02 1.568011380732059479e-02 8.491883054375648499e-03 1.682082563638687134e-02 4.569228272885084152e-03 1.823378168046474457e-02 9.324294514954090118e-03 2.330003539100289345e-03 1.817893050611019135e-02 4.134290292859077454e-02 1.111294515430927277e-02 4.078484326601028442e-02 1.192351803183555603e-02 2.428319538012146950e-03 1.793543994426727295e-02 1.184689998626708984e-02 1.220577023923397064e-02 1.415910478681325912e-02 3.722755238413810730e-02 2.059333212673664093e-02 3.897138871252536774e-03 6.761634722352027893e-03 6.565012037754058838e-03 6.178145995363593102e-04 2.431847853586077690e-03 9.964749217033386230e-03
8.141227811574935913e-02 6.328553706407546997e-02 5.578474141657352448e-03 1.479671802371740341e-02 2.506487071514129639e-02 4.855487123131752014e-02 4.589530080556869507e-02 1.481210067868232727e-02 7.750562392175197601e-03 1.018375903367996216e-02 8.208289742469787598e-01 7.475480437278747559e-03 6.477576494216918945e-02 6.989360786974430084e-03 2.003283426165580750e-02 1.077727647498250008e-03 2.575420774519443512e-03 1.355655025690793991e-02 1.704373210668563843e-02 4.549978766590356827e-03 1.704450882971286774e-02 7.850343361496925354e-03 1.272229384630918503e-02 1.823409576900303364e-03 1.468660309910774231e-02 2.139834500849246979e-02 1.811187155544757843e-02 2.474020002409815788e-03 5.116125941276550293e-02 9.120002388954162598e-03 2.533378452062606812e-02 1.023413334041833878e-02 1.048851758241653442e-03 1.632100529968738556e-02 1.515068579465150833e-02 2.733216620981693268e-02 2.822316065430641174e-02 1.193395070731639862e-02 1.021824404597282410e-02 1.383894402533769608e-02 1.244284957647323608e-02 1.677416078746318817e-02 1.006015017628669739e-02 1.094326190650463104e-02 1.301817130297422409e-02 1.919179596006870270e-02 6.312280893325805664e-02 5.505210161209106445e-02 1.909288577735424042e-02 2.254877006635069847e-03 1.317892130464315414e-02 2.202392322942614555e-03 4.304121539462357759e-04 1.618053391575813293e-02 2.239817008376121521e-02 1.367725804448127747e-02 1.851939363405108452e-03 1.110611017793416977e-02 1.532930694520473480e-02 3.248883038759231567e-02 1.090457104146480560e-02 2.273382060229778290e-02 1.653490215539932251e-02 1.464741304516792297e-03 6.207611784338951111e-02 3.170383349061012268e-02 8.948720991611480713e-03 7.719805464148521423e-03 1.667373441159725189e-02 2.407282218337059021e-02 2.797769010066986084e-02 1.378107070922851562e-02 1.839079894125461578e-02 2.059289440512657166e-02 1.359235495328903198e-02 2.332681789994239807e-03 4.036420024931430817e-03 1.250063627958297729e-02 1.238287892192602158e-03 2.555918134748935699e-02 6.165967788547277451e-03 2.007309719920158386e-02 3.381423652172088623e-03 9.616431780159473419e-03 6.767628248780965805e-03 4.179255105555057526e-03 2.512221783399581909e-02 1.658946834504604340e-02 2.283834852278232574e-02 1.436736620962619781e-02 4.420644789934158325e-02 2.384402230381965637e-02 3.865789249539375305e-02 1.163101010024547577e-02 3.240204881876707077e-03 1.486020511947572231e-03 5.093142390251159668e-03 1.635134778916835785e-02 1.693172752857208252e-02 7.374824024736881256e-03 1.307330932468175888e-02 1.562823913991451263e-02 5.025799851864576340e-03 3.670844482257962227e-03 1.070320885628461838e-02 7.781460415571928024e-03 2.430288307368755341e-02 7.392279338091611862e-03 6.477219518274068832e-03 7.225321140140295029e-03 3.323485376313328743e-03 1.592730358242988586e-02 1.237286720424890518e-02 9.663617238402366638e-03 2.721437485888600349e-03 7.723407354205846786e-03
2.328147878870368004e-03 3.706558840349316597e-03 1.286093052476644516e-02 2.112306095659732819e-02 2.328891679644584656e-02 9.369628503918647766e-03 3.186408663168549538e-03 8.033707737922668457e-03 4.165314882993698120e-02 1.531443465501070023e-02 7.475480437278747559e-03 8.208289742469787598e-01 6.629034876823425293e-03 8.122085779905319214e-02 1.487580593675374985e-02 1.773617044091224670e-02 1.334582455456256866e-02 1.829452067613601685e-02 3.506891801953315735e-02 2.298619411885738373e-02 6.018268875777721405e-03 1.413040142506361008e-02 3.688438236713409424e-02 3.064636141061782837e-02 2.542048925533890724e-03 1.599911600351333618e-02 1.654336601495742798e-02 7.087381184101104736e-02 4.523115698248147964e-03 6.726453453302383423e-02 3.127958858385682106e-03 1.220813486725091934e-02 9.122038260102272034e-03 1.780062541365623474e-02 1.469834707677364349e-02 1.795154251158237457e-02 3.663781564682722092e-03 6.146620027720928192e-03 6.073971744626760483e-03 5.074911285191774368e-03 1.417497638612985611e-03 2.842521853744983673e-02 2.538481354713439941e-02 6.529884878545999527e-03 3.958937153220176697e-02 3.724260255694389343e-02 1.193766295909881592e-02 1.223284844309091568e-02 3.695604158565402031e-03 2.491306141018867493e-02 3.145644441246986389e-02 3.551323339343070984e-02 1.858313567936420441e-02 2.321265637874603271e-03 1.035961508750915527e-02 2.770197577774524689e-02 1.827282831072807312e-02 1.748353615403175354e-02 3.214755281805992126e-02 1.812874898314476013e-02 9.048609063029289246e-04 3.042144887149333954e-02 1.209368277341127396e-02 1.188850682228803635e-02 1.204170007258653641e-02 2.479372546076774597e-03 3.989929798990488052e-03 5.814959295094013214e-03 1.954973489046096802e-02 2.482919208705425262e-02 5.950692109763622284e-03 1.550551620312035084e-03 3.410883992910385132e-02 1.175744738429784775e-02 1.305825728923082352e-02 8.860794827342033386e-03 4.435914382338523865e-02 1.053594332188367844e-02 3.591698035597801208e-02 1.190499868243932724e-02 2.118780650198459625e-02 4.112843424081802368e-03 6.950997281819581985e-03 2.275656349956989288e-02 1.120096258819103241e-02 1.106317434459924698e-02 1.582592912018299103e-02 1.075522881001234055e-02 5.786088109016418457e-02 1.337832584977149963e-02 5.773837678134441376e-03 4.493048414587974548e-03 5.325343925505876541e-03 3.840427612885832787e-03 9.612448513507843018e-03 2.464721351861953735e-02 4.955182783305644989e-03 1.401439425535500050e-03 1.403185725212097168e-02 1.100946497172117233e-02 2.955621294677257538e-02 3.500404953956604004e-02 9.069627150893211365e-03 3.128006355836987495e-03 4.818479064851999283e-03 1.035798341035842896e-02 8.577869273722171783e-03 2.760710380971431732e-02 1.960684359073638916e-02 1.066209934651851654e-02 1.581648737192153931e-02 1.639773882925510406e-02 2.110053412616252899e-02 3.573498129844665527e-02 2.202745713293552399e-02 1.164251100271940231e-02
4.439707845449447632e-02 6.633924692869186401e-02 1.435201265849173069e-03 9.386853198520839214e-04 8.750534616410732269e-03 1.754070073366165161e-02 4.443652182817459106e-02 2.638032101094722748e-02 2.158991433680057526e-02 1.523703802376985550e-02 6.477576494216918945e-02 6.629034876823425293e-03 8.208289742469787598e-01 4.722208250313997269e-03 4.333016648888587952e-02 5.460264161229133606e-03 3.386715427041053772e-03 9.496808052062988281e-03 1.534913945943117142e-02 6.552557460963726044e-03 1.506523322314023972e-02 3.248945996165275574e-02 5.169169977307319641e-03 3.958369139581918716e-03 7.729445584118366241e-03 5.134446080774068832e-03 1.955699175596237183e-02 5.409747827798128128e-03 3.251363709568977356e-02 8.728858665563166142e-04 3.689368814229965210e-02 3.150058677420020103e-03 2.911834977567195892e-03 1.753453537821769714e-02 1.672452688217163086e-02 2.529833279550075531e-02 2.067719958722591400e-02 2.717047557234764099e-02 1.513050403445959091e-02 1.000092178583145142e-02 2.514956332743167877e-02 1.381939928978681564e-02 6.671511218883097172e-04 1.191868819296360016e-02 5.458007100969552994e-03 1.299521420150995255e-02 4.654172435402870178e-02 6.016932055354118347e-02 1.011934131383895874e-02 4.846626688959077001e-05 8.094064542092382908e-04 5.016333889216184616e-04 1.530034560710191727e-02 2.339938282966613770e-02 4.786641802638769150e-03 3.091965336352586746e-03 2.010103547945618629e-03 5.181642482057213783e-04 2.430036291480064392e-02 3.193913027644157410e-02 4.969337023794651031e-03 1.489069592207670212e-02 3.067138139158487320e-03 8.162524551153182983e-03 5.163583531975746155e-02 5.079839006066322327e-02 4.521674942225217819e-03 2.552436431869864464e-03 1.830701529979705811e-02 2.495244890451431274e-02 2.439512871205806732e-02 1.754757575690746307e-02 2.759670605883002281e-04 1.189880538731813431e-02 5.364652723073959351e-03 1.769783091731369495e-03 2.246307022869586945e-02 2.571354433894157410e-02 2.257782965898513794e-03 1.411014050245285034e-02 1.904754340648651123e-02 7.034000009298324585e-03 4.634927492588758469e-03 1.636557467281818390e-02 3.676558844745159149e-03 7.363663171418011189e-04 4.984553158283233643e-02 3.866094723343849182e-02 1.004676800221204758e-02 7.955186069011688232e-03 3.993296623229980469e-02 3.374386951327323914e-02 4.792233929038047791e-02 3.368195891380310059e-02 4.472987726330757141e-03 1.705490431049838662e-04 1.759422197937965393e-02 1.968144439160823822e-02 1.252228580415248871e-02 6.233040709048509598e-03 1.009281072765588760e-02 1.277511101216077805e-02 1.993084512650966644e-02 1.255043037235736847e-02 3.786106593906879425e-03 1.440347870811820030e-03 1.908970437943935394e-02 1.519940269645303488e-04 6.369433831423521042e-04 5.319434683769941330e-03 1.585437729954719543e-02 1.109747868031263351e-02 6.983925588428974152e-03 4.609815310686826706e-03 8.682447485625743866e-03 5.116981919854879379e-03
