8.217042088508605957e-01 6.069434434175491333e-02 2.875902503728866577e-02 2.002588100731372833e-02 1.484509371221065521e-02 4.865051805973052979e-02 4.724405705928802490e-02 1.153423637151718140e-02 2.361967600882053375e-02 1.771566458046436310e-02 6.404981017112731934e-02 3.564942255616188049e-02 3.264306113123893738e-02 2.896716259419918060e-02 2.592421323060989380e-02 8.093184791505336761e-03 1.271412894129753113e-02 2.832154743373394012e-02 1.778721809387207031e-02 1.813973486423492432e-02 4.404270293889567256e-05 1.144055835902690887e-02 1.190357562154531479e-02 1.128842961043119431e-02 1.885214634239673615e-02 2.180746756494045258e-02 9.064363315701484680e-03 3.125899657607078552e-02 8.611688390374183655e-03 3.221831098198890686e-02 4.321866855025291443e-02 2.384652569890022278e-02 9.762906469404697418e-03 4.037685226649045944e-03 1.173941418528556824e-02 2.308178506791591644e-02 2.692843601107597351e-02 2.265999279916286469e-02 6.532122381031513214e-03 9.000970749184489250e-04 1.901557296514511108e-02 2.502135559916496277e-02 1.773092895746231079e-02 1.215170996147207916e-04 7.236459292471408844e-03 2.708003483712673187e-02 5.047599226236343384e-02 1.037147943861782551e-03 3.039803728461265564e-02 1.713282428681850433e-02 5.012179259210824966e-03 1.184386666864156723e-02 3.422134742140769958e-02 2.002402022480964661e-02 2.532457932829856873e-02 1.453617308288812637e-02 8.739371551200747490e-04 9.823988191783428192e-03 1.669649645918980241e-04 1.152170449495315552e-02 1.845753751695156097e-02 7.753513287752866745e-03 1.284661586396396160e-03 3.476092591881752014e-03 1.491169165819883347e-02 8.372729644179344177e-03 1.997452974319458008e-02 6.826222408562898636e-03 2.996028400957584381e-03 1.092410273849964142e-02 6.081509869545698166e-03 2.251053228974342346e-02 1.650693453848361969e-02 2.319164387881755829e-02 1.997937262058258057e-02 2.659955061972141266e-02 1.656257361173629761e-02 6.044602487236261368e-03 8.065685629844665527e-03 1.313933264464139938e-02 1.122373901307582855e-02 1.524459198117256165e-02 2.032273449003696442e-02 8.111287839710712433e-03 7.368245162069797516e-03 9.233881719410419464e-03 1.763146743178367615e-02 2.460016682744026184e-02 3.653939068317413330e-02 1.725774258375167847e-03 1.433737948536872864e-02 2.296176180243492126e-02 5.153113976120948792e-03 1.277693640440702438e-02 1.511040423065423965e-02 2.791587321553379297e-04 2.245407365262508392e-02 1.959720440208911896e-02 3.631231188774108887e-02 2.117929421365261078e-02 1.572093227878212929e-03 2.295388840138912201e-03 1.198442559689283371e-02 2.468789368867874146e-02 2.207090891897678375e-02 9.985487908124923706e-03 5.835446529090404510e-03 1.860087551176548004e-02 1.383390836417675018e-02 4.382921755313873291e-02 6.252565421164035797e-03 3.852347377687692642e-03 5.453085526823997498e-03 1.173406001180410385e-02 4.017396830022335052e-03 1.425227848812937737e-03
6.069434434175491333e-02 8.217042088508605957e-01 2.686730399727821350e-02 2.505076304078102112e-02 1.631699316203594208e-02 4.474424943327903748e-02 5.285582318902015686e-02 4.900354892015457153e-03 2.582869492471218109e-02 4.131611436605453491e-03 4.969553276896476746e-02 1.433955319225788116e-02 4.877358675003051758e-02 1.649055816233158112e-02 1.750901341438293457e-02 1.310801692306995392e-02 1.628296263515949249e-02 2.735834382474422455e-02 7.980708032846450806e-03 1.033746730536222458e-02 5.432480946183204651e-03 2.258943207561969757e-02 1.513211429119110107e-02 1.283150538802146912e-02 2.319958060979843140e-02 3.440514206886291504e-02 1.657617092132568359e-02 2.672496065497398376e-02 4.662855993956327438e-03 2.549682743847370148e-02 6.612619617953896523e-04 2.470584213733673096e-02 1.413983199745416641e-02 2.061926014721393585e-02 2.466304041445255280e-02 1.139684114605188370e-02 2.415358275175094604e-02 1.891572028398513794e-02 2.797666937112808228e-03 1.279351301491260529e-03 1.489695627242326736e-02 3.821916505694389343e-02 4.502699710428714752e-03 8.350760675966739655e-03 1.703401654958724976e-02 1.836206950247287750e-02 3.668171912431716919e-02 2.860119380056858063e-02 2.729948796331882477e-02 1.555622927844524384e-02 1.240509934723377228e-02 5.710609257221221924e-03 2.509893663227558136e-02 2.030311152338981628e-02 2.880219928920269012e-02 1.759343221783638000e-02 1.267084758728742599e-02 1.163051836192607880e-02 1.391279138624668121e-02 2.636351995170116425e-02 1.145238406024873257e-03 3.182073356583714485e-03 1.381326816044747829e-03 1.170083647593855858e-03 3.198649268597364426e-03 1.444501336663961411e-03 1.922514848411083221e-02 1.453072880394756794e-03 4.513983614742755890e-03 6.278384011238813400e-03 1.226478535681962967e-02 1.828210800886154175e-02 1.136014983057975769e-02 3.390879556536674500e-02 2.559383772313594818e-02 3.061101585626602173e-02 1.864274404942989349e-02 1.019374653697013855e-02 2.921556122601032257e-02 1.907612080685794353e-03 2.534662373363971710e-03 1.704034768044948578e-02 1.019709464162588120e-02 1.612986437976360321e-03 1.076955348253250122e-02 1.797363162040710449e-03 1.763464324176311493e-02 2.167312195524573326e-03 1.410069316625595093e-02 1.106291310861706734e-04 9.805792011320590973e-03 2.598670870065689087e-02 1.573722623288631439e-02 3.622501390054821968e-03 1.217920798808336258e-02 4.413826973177492619e-04 3.648681193590164185e-02 3.457720577716827393e-02 2.512549422681331635e-02 6.645809859037399292e-03 2.410950371995568275e-03 9.432050399482250214e-03 1.671557128429412842e-02 3.077896684408187866e-02 1.465810462832450867e-02 1.929471269249916077e-02 4.994910210371017456e-03 2.593601681292057037e-02 2.475733496248722076e-02 4.372408241033554077e-02 1.831223443150520325e-02 8.210969157516956329e-03 1.057103276252746582e-02 5.225137807428836823e-03 1.531947124749422073e-02 2.229533344507217407e-02
2.875902503728866577e-02 2.686730399727821350e-02 8.217042088508605957e-01 1.830106601119041443e-02 1.246831961907446384e-03 1.634511165320873260e-02 1.849984377622604370e-02 2.340565621852874756e-02 1.011893246322870255e-02 5.043366458266973495e-03 3.950698673725128174e-02 3.308002650737762451e-02 6.558168213814496994e-03 3.828408941626548767e-02 3.736789152026176453e-02 1.487923134118318558e-02 8.938169106841087341e-03 2.229397185146808624e-02 1.445194426923990250e-02 8.905794471502304077e-03 1.690920814871788025e-02 2.426001057028770447e-02 8.815107867121696472e-03 8.889351971447467804e-03 7.008971180766820908e-03 1.074844971299171448e-02 2.344623580574989319e-02 9.000798687338829041e-03 3.480901941657066345e-02 1.554690767079591751e-02 7.799067534506320953e-03 1.061469037085771561e-02 2.078566234558820724e-03 4.502379801124334335e-03 1.267607090994715691e-03 3.933660313487052917e-02 1.249582599848508835e-02 3.632940724492073059e-02 9.171862155199050903e-03 3.344628727063536644e-03 1.318920310586690903e-02 9.748703800141811371e-03 1.111457031220197678e-02 2.617602294776588678e-04 1.223746873438358307e-02 2.605604473501443863e-03 3.205642849206924438e-02 5.291629116982221603e-03 1.395018585026264191e-02 6.524439086206257343e-04 2.265536598861217499e-02 1.843959651887416840e-02 2.790463529527187347e-02 9.502930566668510437e-03 2.332372404634952545e-02 1.529168989509344101e-02 5.812295246869325638e-03 2.624720521271228790e-02 1.229305937886238098e-02 2.158816345036029816e-02 1.101641077548265457e-02 8.512352593243122101e-03 9.356048889458179474e-03 1.346464455127716064e-02 1.549631915986537933e-02 1.742373965680599213e-02 7.054968271404504776e-03 4.687260836362838745e-03 3.631880739703774452e-03 1.918291859328746796e-02 8.809548802673816681e-03 1.213918253779411316e-02 2.577148377895355225e-02 1.445162668824195862e-02 4.270358476787805557e-04 3.679396118968725204e-03 9.310883469879627228e-03 1.756439916789531708e-02 7.795441430062055588e-03 7.681681308895349503e-03 3.778458014130592346e-02 6.429943442344665527e-02 4.078646656125783920e-03 2.466526348143815994e-03 2.081175567582249641e-03 3.001130931079387665e-02 1.951799355447292328e-02 1.279775891453027725e-02 2.594476938247680664e-02 1.338510215282440186e-02 3.680393472313880920e-02 1.903920806944370270e-02 5.591986700892448425e-03 1.351626310497522354e-02 3.038121759891510010e-02 2.724588848650455475e-02 7.037842646241188049e-03 1.999291358515620232e-03 2.685160748660564423e-02 8.256600121967494488e-04 8.459095843136310577e-03 1.047881320118904114e-03 9.109375067055225372e-03 7.058091461658477783e-03 1.614501886069774628e-02 1.540053286589682102e-03 2.137115597724914551e-02 2.847099443897604942e-03 1.415737625211477280e-02 1.275607664138078690e-02 1.697706244885921478e-02 1.784656080417335033e-03 9.653425775468349457e-03 9.397690882906317711e-04 1.201332174241542816e-02 2.925805002450942993e-02
2.002588100731372833e-02 2.505076304078102112e-02 1.830106601119041443e-02 8.217042088508605957e-01 6.909041106700897217e-02 1.766930520534515381e-02 3.064299747347831726e-02 2.114300429821014404e-02 1.445004623383283615e-02 1.160451862961053848e-02 9.877344593405723572e-03 1.366205792874097824e-02 4.103244747966527939e-03 1.957403309643268585e-02 1.677875034511089325e-02 8.712906390428543091e-03 1.131095550954341888e-02 2.056619711220264435e-02 4.476992785930633545e-02 1.011713221669197083e-02 1.566465012729167938e-02 3.372091101482510567e-03 3.003439866006374359e-02 1.690980233252048492e-02 8.869626559317111969e-03 9.637636132538318634e-03 2.886141184717416763e-03 1.849679090082645416e-02 8.657253347337245941e-03 2.322894521057605743e-02 2.306690206751227379e-03 9.540182538330554962e-03 2.139880694448947906e-02 1.090232469141483307e-02 1.327898912131786346e-02 5.869172513484954834e-03 1.599956303834915161e-02 2.140721678733825684e-02 5.045703053474426270e-02 3.958563879132270813e-02 1.516818907111883163e-02 4.577523097395896912e-03 5.201207008212804794e-03 5.238971672952175140e-03 3.969437442719936371e-03 7.826026529073715210e-03 2.509026788175106049e-02 3.643139451742172241e-02 2.369088819250464439e-03 2.577507309615612030e-02 2.501975186169147491e-02 3.448891220614314079e-03 9.047611616551876068e-03 1.222842279821634293e-02 2.533399965614080429e-03 6.863535381853580475e-03 7.303777965717017651e-04 2.875212347134947777e-03 4.146089404821395874e-02 5.257083848118782043e-02 1.856501027941703796e-02 3.009071014821529388e-02 1.612861640751361847e-02 3.272249922156333923e-02 1.601568609476089478e-02 1.343359332531690598e-02 3.137553110718727112e-03 1.845158636569976807e-02 1.653352007269859314e-02 1.372457761317491531e-02 1.939317397773265839e-02 3.391619771718978882e-03 4.675061628222465515e-02 1.561227627098560333e-02 3.787201270461082458e-02 5.309957079589366913e-03 2.081727841868996620e-03 1.214930415153503418e-02 7.856697775423526764e-04 5.639798473566770554e-03 6.727748550474643707e-03 2.486435882747173309e-02 3.181213140487670898e-02 3.034130111336708069e-02 7.290090434253215790e-03 3.234896808862686157e-02 2.917788922786712646e-03 2.442126348614692688e-02 1.340658869594335556e-02 1.281794905662536621e-02 1.203531026840209961e-02 1.129664946347475052e-02 3.346051648259162903e-02 5.744359921663999557e-03 5.505649838596582413e-03 1.066098082810640335e-02 5.245445761829614639e-03 7.832221686840057373e-03 1.492465101182460785e-02 9.628009051084518433e-03 3.702679276466369629e-02 4.786499589681625366e-02 1.343895588070154190e-02 7.900686934590339661e-03 6.785216741263866425e-03 4.163666628301143646e-03 1.589876599609851837e-02 5.040615424513816833e-02 3.481226414442062378e-02 4.154498502612113953e-02 2.187469741329550743e-03 2.066484652459621429e-02 1.477636210620403290e-02 6.850699894130229950e-03 2.268296200782060623e-03 1.021387800574302673e-02
1.484509371221065521e-02 1.631699316203594208e-02 1.246831961907446384e-03 6.909041106700897217e-02 8.217042088508605957e-01 5.793141666799783707e-03 1.820713281631469727e-02 3.221170976758003235e-02 1.964799128472805023e-02 1.122666336596012115e-02 2.680196193978190422e-03 6.849658209830522537e-03 8.720549754798412323e-03 1.089745014905929565e-02 3.639756934717297554e-03 2.887091133743524551e-03 1.055210735648870468e-02 1.086515467613935471e-02 4.690480604767799377e-02 1.354232709854841232e-02 1.975780166685581207e-02 7.731728255748748779e-03 2.057817205786705017e-02 1.710840500891208649e-02 1.058437675237655640e-02 9.953137487173080444e-04 4.684029147028923035e-03 1.960355788469314575e-02 2.398477494716644287e-02 2.698399126529693604e-02 1.390626654028892517e-02 1.797249773517251015e-03 2.452690154314041138e-02 4.676810465753078461e-03 1.422020699828863144e-02 5.219093989580869675e-03 7.665075827389955521e-03 1.289493590593338013e-02 3.980346396565437317e-02 5.189282447099685669e-02 1.576557010412216187e-02 1.895817345939576626e-03 1.244439929723739624e-02 5.187748931348323822e-03 1.253970782272517681e-03 1.172835472971200943e-02 1.514651998877525330e-02 3.068665042519569397e-02 2.797338645905256271e-03 3.536904975771903992e-02 9.012353839352726936e-04 8.343931403942406178e-04 6.057310965843498707e-04 2.390253171324729919e-02 7.666637189686298370e-03 1.605030335485935211e-02 5.213760770857334137e-03 9.005873464047908783e-03 3.127188235521316528e-02 4.605121910572052002e-02 1.636004261672496796e-02 3.691187500953674316e-02 1.001934520900249481e-02 2.682899311184883118e-02 3.262817859649658203e-02 2.897197194397449493e-02 1.128498464822769165e-02 1.484237238764762878e-02 1.894877664744853973e-02 6.870415527373552322e-03 3.106978535652160645e-02 9.742520749568939209e-03 3.959067910909652710e-02 1.893309131264686584e-02 4.937376827001571655e-02 1.077687460929155350e-02 8.003667928278446198e-03 1.604201155714690685e-03 5.961385555565357208e-03 3.311241976916790009e-03 1.881782710552215576e-02 1.416883151978254318e-02 2.976960688829421997e-02 4.246595129370689392e-02 1.378758437931537628e-02 3.451384231448173523e-02 2.207654528319835663e-02 4.103319346904754639e-02 1.042362116277217865e-02 1.445425115525722504e-02 5.169953219592571259e-04 5.634957342408597469e-04 1.902569271624088287e-02 2.086843363940715790e-02 4.892369266599416733e-03 1.020062807947397232e-02 1.332990825176239014e-02 1.628963090479373932e-02 4.547575488686561584e-03 2.755215577781200409e-02 2.359980717301368713e-02 3.242174908518791199e-02 1.542793773114681244e-02 1.017116941511631012e-02 1.907016336917877197e-02 1.721222139894962311e-02 6.589559372514486313e-03 4.571333155035972595e-02 3.054294362664222717e-02 2.801397815346717834e-02 4.610323812812566757e-03 1.853380352258682251e-02 1.122605707496404648e-02 9.029733948409557343e-03 1.941306167282164097e-03 4.090870730578899384e-03
4.865051805973052979e-02 4.474424943327903748e-02 1.634511165320873260e-02 1.766930520534515381e-02 5.793141666799783707e-03 8.217042088508605957e-01 6.646192073822021484e-02 7.770728319883346558e-03 5.577164236456155777e-03 5.566164385527372360e-03 4.054328799247741699e-02 1.391683891415596008e-02 4.647063091397285461e-02 1.668589189648628235e-02 1.824397966265678406e-02 1.727511361241340637e-02 1.683688163757324219e-02 3.605974093079566956e-02 2.623235434293746948e-02 1.490292884409427643e-02 9.090570732951164246e-03 2.652270905673503876e-02 1.759723573923110962e-02 2.883708663284778595e-02 2.408147230744361877e-02 1.653779670596122742e-02 1.194357499480247498e-02 4.086203873157501221e-02 2.330984733998775482e-02 3.087941743433475494e-02 1.472586859017610550e-02 2.457516454160213470e-02 1.669146493077278137e-02 8.007612079381942749e-03 5.531786940991878510e-03 3.920287999790161848e-04 1.195462420582771301e-02 2.092618308961391449e-02 6.750204134732484818e-03 6.399767007678747177e-03 2.352890558540821075e-02 3.301553055644035339e-02 8.485894650220870972e-03 1.052118372172117233e-02 3.264831751585006714e-02 4.270316287875175476e-02 5.153115466237068176e-02 1.270188763737678528e-02 9.332013316452503204e-03 1.346417795866727829e-02 2.137839607894420624e-02 4.590230062603950500e-03 1.374875381588935852e-02 4.303568508476018906e-03 1.334146223962306976e-02 1.264042221009731293e-02 3.397847758606076241e-03 1.444742269814014435e-02 1.380850654095411301e-02 2.662856318056583405e-02 1.428867224603891373e-02 6.793156731873750687e-03 4.261603578925132751e-03 1.423816382884979248e-02 1.277110632508993149e-02 7.133828476071357727e-04 3.635705262422561646e-02 1.217232551425695419e-02 6.912516430020332336e-03 4.705938044935464859e-03 2.132381312549114227e-02 5.219217855483293533e-03 1.515413168817758560e-02 2.786592021584510803e-02 2.589380741119384766e-02 1.981625519692897797e-02 1.912202103994786739e-03 9.108266676776111126e-04 2.066201344132423401e-02 8.885038085281848907e-03 1.775635592639446259e-02 2.259556204080581665e-02 3.570657223463058472e-02 1.692619547247886658e-02 8.053245022892951965e-03 2.144630299881100655e-03 8.221562951803207397e-03 1.144548133015632629e-02 1.446708920411765575e-03 4.333639051765203476e-03 1.448976621031761169e-02 1.434958167374134064e-02 1.803444465622305870e-03 5.794778931885957718e-03 1.330248545855283737e-02 1.275963988155126572e-02 2.077465504407882690e-02 2.075565978884696960e-02 2.700135856866836548e-02 1.177901588380336761e-02 5.381421186029911041e-03 3.956343978643417358e-03 1.067580003291368484e-02 2.652368135750293732e-02 1.367036812007427216e-02 3.682067384943366051e-03 2.818487409967929125e-04 2.453285828232765198e-02 1.617080159485340118e-02 5.406219884753227234e-02 2.234728448092937469e-02 2.911952510476112366e-02 2.284045144915580750e-02 2.519961446523666382e-02 1.521759945899248123e-02 1.412411779165267944e-02
4.724405705928802490e-02 5.285582318902015686e-02 1.849984377622604370e-02 3.064299747347831726e-02 1.820713281631469727e-02 6.646192073822021484e-02 8.217042088508605957e-01 8.186674676835536957e-03 9.526389651000499725e-03 1.718889456242322922e-03 3.537357226014137268e-02 5.634574685245752335e-03 4.448837041854858398e-02 1.032979413866996765e-02 1.172521989792585373e-02 2.197631448507308960e-02 2.273841388523578644e-02 3.322184458374977112e-02 2.657893486320972443e-02 1.147108525037765503e-02 4.429701715707778931e-03 1.849116384983062744e-02 2.245076186954975128e-02 3.237134963274002075e-02 1.763224788010120392e-02 2.006071060895919800e-02 2.178666414692997932e-03 3.129904344677925110e-02 2.049158327281475067e-02 2.402216754853725433e-02 1.120308064855635166e-03 2.407268062233924866e-02 1.487242057919502258e-02 1.210860256105661392e-02 8.391499519348144531e-03 1.370326033793389797e-03 1.693047396838665009e-02 2.053321525454521179e-02 2.848052652552723885e-03 7.481115404516458511e-03 1.315122190862894058e-02 3.527349978685379028e-02 7.035735994577407837e-03 1.026532519608736038e-02 3.586103022098541260e-02 3.816670179367065430e-02 4.198909178376197815e-02 3.841202706098556519e-02 1.409868616610765457e-02 5.805717781186103821e-03 1.944969967007637024e-02 6.787184975109994411e-04 1.337757334113121033e-02 2.303488319739699364e-03 1.176879554986953735e-02 9.638314135372638702e-03 2.365462016314268112e-03 1.751358993351459503e-02 2.058970928192138672e-02 3.514521569013595581e-02 7.616467773914337158e-03 2.476645866408944130e-03 4.353103227913379669e-03 7.725312840193510056e-03 1.810653880238533020e-02 1.081183785572648048e-03 3.059672750532627106e-02 1.155048422515392303e-02 1.335488632321357727e-02 3.880467265844345093e-03 2.217853628098964691e-02 6.003669928759336472e-03 8.282495662569999695e-03 2.367336489260196686e-02 2.052646130323410034e-02 1.747142337262630463e-02 1.415023463778197765e-03 1.472922880202531815e-02 2.735154330730438232e-02 7.353338878601789474e-03 2.294143103063106537e-02 2.512177638709545135e-02 3.676298260688781738e-02 1.601059548556804657e-02 3.892863867804408073e-03 4.657135345041751862e-03 1.527996617369353771e-03 1.416248548775911331e-02 4.589552059769630432e-03 2.821048023179173470e-03 1.344087906181812286e-02 1.692760176956653595e-02 1.519652456045150757e-02 5.817216821014881134e-03 8.041686378419399261e-03 3.465389600023627281e-03 1.784764416515827179e-02 2.343378774821758270e-02 2.416581846773624420e-02 4.102431237697601318e-03 9.441580623388290405e-03 1.056616380810737610e-02 7.721633650362491608e-03 2.214309573173522949e-02 1.416039839386940002e-02 1.830676337704062462e-04 3.971755970269441605e-03 3.204573690891265869e-02 2.709071896970272064e-02 5.250021442770957947e-02 1.803446561098098755e-02 2.963628061115741730e-02 1.917202584445476532e-02 2.033391036093235016e-02 2.282531931996345520e-02 1.049161236733198166e-02
1.153423637151718140e-02 4.900354892015457153e-03 2.340565621852874756e-02 2.114300429821014404e-02 3.221170976758003235e-02 7.770728319883346558e-03 8.186674676835536957e-03 8.217042088508605957e-01 1.641009375452995300e-02 1.109569333493709564e-02 2.502576634287834167e-02 1.659984327852725983e-02 9.977604262530803680e-03 2.406614599749445915e-03 3.684537112712860107e-02 7.150228600949048996e-03 3.539626253768801689e-03 7.449981290847063065e-03 3.383722528815269470e-02 1.944214478135108948e-02 3.049008175730705261e-02 2.128174342215061188e-02 1.263153925538063049e-02 2.695923857390880585e-02 2.105511538684368134e-02 1.524863205850124359e-02 1.961520873010158539e-02 1.662049628794193268e-02 8.252440951764583588e-03 1.683031208813190460e-02 2.139493450522422791e-02 5.488925613462924957e-03 1.712146028876304626e-02 6.474784109741449356e-03 8.295424282550811768e-03 8.041443303227424622e-03 1.799917779862880707e-02 1.083503104746341705e-02 2.065876871347427368e-02 2.584533393383026123e-02 7.028061896562576294e-03 1.635879511013627052e-03 1.452705543488264084e-02 1.285331381950527430e-04 7.350378204137086868e-03 1.141562033444643021e-02 4.829898476600646973e-03 3.464454412460327148e-02 2.667061286047101021e-03 2.148753963410854340e-02 1.550521049648523331e-02 2.334966324269771576e-03 1.885613985359668732e-02 2.448927424848079681e-02 1.256348658353090286e-02 2.274027938256040215e-04 2.167325839400291443e-02 1.729993708431720734e-02 2.794149145483970642e-02 1.964668557047843933e-02 2.169884741306304932e-03 1.875408925116062164e-02 1.233640965074300766e-02 1.022305525839328766e-02 4.411069303750991821e-02 1.575570240675006062e-05 1.112787052989006042e-02 3.666368313133716583e-03 6.951291579753160477e-03 2.517680823802947998e-02 1.091808080673217773e-02 1.585987024009227753e-02 2.807725407183170319e-02 8.376795798540115356e-03 2.209453843533992767e-02 1.170896459370851517e-03 4.674491938203573227e-03 6.970170885324478149e-03 8.473502472043037415e-03 2.034646272659301758e-02 6.192578002810478210e-02 2.297008596360683441e-02 1.126743294298648834e-02 3.023161925375461578e-02 2.286773407831788063e-03 2.132215164601802826e-02 5.805318802595138550e-02 3.587543964385986328e-02 1.473145675845444202e-03 4.690540488809347153e-03 1.290628127753734589e-02 3.247794881463050842e-02 1.882378570735454559e-02 1.697043888270854950e-02 2.324226498603820801e-02 7.738243788480758667e-03 1.246372470632195473e-03 6.838444154709577560e-03 2.251747995615005493e-02 2.246566489338874817e-02 1.738927821861580014e-04 1.662058872170746326e-03 9.704232215881347656e-03 9.785113856196403503e-03 1.747681945562362671e-02 2.512444928288459778e-02 1.237178128212690353e-02 2.257717214524745941e-02 1.502475794404745102e-02 2.228400844614952803e-04 2.646720036864280701e-03 7.083259057253599167e-03 7.032597437500953674e-03 5.973458755761384964e-03 1.221006922423839569e-02 1.076006051152944565e-02
2.361967600882053375e-02 2.582869492471218109e-02 1.011893246322870255e-02 1.445004623383283615e-02 1.964799128472805023e-02 5.577164236456155777e-03 9.526389651000499725e-03 1.641009375452995300e-02 8.217042088508605957e-01 2.457673661410808563e-02 2.707498520612716675e-02 1.037225499749183655e-02 1.953778229653835297e-02 6.970013491809368134e-03 1.555510144680738449e-02 8.655991405248641968e-03 1.149084535427391529e-03 2.140263095498085022e-02 2.609131298959255219e-02 1.993163861334323883e-02 5.744167603552341461e-03 4.565780516713857651e-03 2.364099957048892975e-02 2.330214530229568481e-02 1.146700140088796616e-02 5.992080550640821457e-03 3.908251598477363586e-02 1.734393090009689331e-02 7.107825949788093567e-03 1.527131535112857819e-02 8.145362138748168945e-03 1.360500510782003403e-02 2.188368141651153564e-02 4.034677520394325256e-03 2.582034282386302948e-02 9.369118139147758484e-03 8.115611039102077484e-03 1.055253483355045319e-02 1.310518477112054825e-02 3.191401809453964233e-02 1.319576054811477661e-02 2.582922391593456268e-02 1.237900869455188513e-04 3.361600916832685471e-03 6.811652798205614090e-03 3.740792395547032356e-03 1.043238025158643723e-02 6.919166073203086853e-03 3.839461877942085266e-02 2.968208491802215576e-02 9.084703400731086731e-03 2.872254699468612671e-03 1.485024113208055496e-02 1.287395786494016647e-02 4.435975104570388794e-02 1.554635912179946899e-02 7.224183063954114914e-04 5.740425083786249161e-03 1.345479022711515427e-02 1.975103653967380524e-02 1.094764098525047302e-02 1.881087385118007660e-02 2.897296659648418427e-02 3.371601551771163940e-02 2.676922827959060669e-02 1.707557961344718933e-02 1.142808143049478531e-02 1.361958123743534088e-02 1.840074919164180756e-02 5.050213076174259186e-03 8.587258867919445038e-03 3.217505291104316711e-02 2.041335962712764740e-02 1.429929304867982864e-02 3.383181244134902954e-02 2.795463241636753082e-02 7.232028990983963013e-02 2.793723158538341522e-02 2.397396042943000793e-02 1.227113511413335800e-02 1.179369352757930756e-02 1.739047095179557800e-02 1.932446099817752838e-02 1.734402216970920563e-02 2.695987001061439514e-02 2.244152314960956573e-02 2.853175625205039978e-02 2.555093541741371155e-02 3.422442078590393066e-02 4.541411530226469040e-03 1.715800166130065918e-02 1.473349705338478088e-02 6.063233129680156708e-03 1.176265254616737366e-02 1.036593131721019745e-02 1.445978786796331406e-02 2.979829721152782440e-02 2.915470302104949951e-02 3.595649078488349915e-02 1.430150493979454041e-02 3.292856737971305847e-03 6.539373658597469330e-03 2.227662689983844757e-02 1.863306201994419098e-02 2.195386402308940887e-02 4.081493709236383438e-03 1.482571568340063095e-02 1.704907417297363281e-02 2.222198992967605591e-02 5.733649712055921555e-03 3.668163204565644264e-03 9.496885351836681366e-03 1.391831552609801292e-03 7.555560674518346786e-03 1.101687084883451462e-03 3.324748948216438293e-02
1.771566458046436310e-02 4.131611436605453491e-03 5.043366458266973495e-03 1.160451862961053848e-02 1.122666336596012115e-02 5.566164385527372360e-03 1.718889456242322922e-03 1.109569333493709564e-02 2.457673661410808563e-02 8.217042088508605957e-01 4.917201120406389236e-03 2.097265794873237610e-02 4.085858818143606186e-03 1.309417071752250195e-03 5.329318344593048096e-03 2.261994220316410065e-02 2.352371625602245331e-02 8.602445013821125031e-03 4.892042838037014008e-03 1.462353952229022980e-02 1.537819206714630127e-02 2.258103340864181519e-02 2.688348060473799706e-03 1.333272829651832581e-02 3.463390516117215157e-03 1.267015468329191208e-02 1.256519183516502380e-02 1.315858867019414902e-02 9.374980814754962921e-03 4.474408458918333054e-03 2.497583813965320587e-02 1.154203712940216064e-02 8.921761065721511841e-03 2.633352391421794891e-02 2.825410664081573486e-02 7.899670861661434174e-03 2.533742808736860752e-04 6.482764147222042084e-03 1.542584877461194992e-02 1.244482398033142090e-02 2.192537300288677216e-02 5.478033330291509628e-03 3.985293675214052200e-03 1.657351478934288025e-02 2.175869233906269073e-02 1.867548935115337372e-02 3.164511639624834061e-03 2.840179577469825745e-02 1.031999103724956512e-02 4.840392991900444031e-02 6.612807512283325195e-03 7.935491739772260189e-04 2.899803780019283295e-02 1.365570817142724991e-02 9.498944506049156189e-03 3.570944443345069885e-02 4.966537468135356903e-03 2.640395832713693380e-04 4.685274139046669006e-02 2.414988353848457336e-02 2.101798169314861298e-02 2.655961737036705017e-02 9.131780243478715420e-04 6.063263863325119019e-03 2.046064846217632294e-02 5.136904772371053696e-03 8.140791207551956177e-03 8.674566633999347687e-03 2.843225747346878052e-02 4.915572702884674072e-02 3.451713919639587402e-02 1.128716673702001572e-02 3.269068151712417603e-02 2.229997143149375916e-02 1.808071509003639221e-02 1.177673134952783585e-02 7.138716056942939758e-03 6.971365958452224731e-02 1.565876789391040802e-02 7.572320848703384399e-02 9.754339233040809631e-03 2.477334439754486084e-02 1.501105353236198425e-02 2.943735010921955109e-02 2.696144767105579376e-02 1.173025369644165039e-02 1.955928280949592590e-02 1.833919063210487366e-02 3.081528237089514732e-03 3.744476288557052612e-02 1.251123379915952682e-02 2.068904601037502289e-02 3.640772774815559387e-03 1.578099280595779419e-02 4.483885597437620163e-03 3.750061616301536560e-03 2.326271682977676392e-02 7.890691980719566345e-03 2.491392195224761963e-02 3.123972751200199127e-02 3.987997770309448242e-03 2.262431941926479340e-02 9.793684817850589752e-03 1.322935521602630615e-02 1.513343863189220428e-02 1.955000311136245728e-02 1.446351874619722366e-02 2.608739212155342102e-02 1.595549844205379486e-02 3.340901108458638191e-03 3.795580705627799034e-03 1.696033286862075329e-03 1.545563898980617523e-02 1.090441551059484482e-02 2.615640871226787567e-02 1.329589076340198517e-02
6.404981017112731934e-02 4.969553276896476746e-02 3.950698673725128174e-02 9.877344593405723572e-03 2.680196193978190422e-03 4.054328799247741699e-02 3.537357226014137268e-02 2.502576634287834167e-02 2.707498520612716675e-02 4.917201120406389236e-03 8.217042088508605957e-01 2.428270317614078522e-02 3.489090129733085632e-02 1.811262778937816620e-02 3.508575260639190674e-02 8.070795796811580658e-03 8.364391513168811798e-03 2.346682175993919373e-02 5.085435695946216583e-03 1.743549481034278870e-02 3.072220133617520332e-03 1.523495744913816452e-02 5.970092024654150009e-03 5.304043646901845932e-03 2.520625479519367218e-02 2.805471979081630707e-02 1.343664992600679398e-02 2.621459960937500000e-02 1.626953110098838806e-02 3.178437054157257080e-02 3.256765753030776978e-02 1.341499481350183487e-02 5.080297123640775681e-03 6.741353776305913925e-03 2.352745458483695984e-02 2.466297708451747894e-02 2.496737986803054810e-02 2.922125160694122314e-02 2.174626104533672333e-03 9.366878308355808258e-03 8.784961886703968048e-03 1.767144538462162018e-02 2.203680947422981262e-02 2.630361821502447128e-03 6.857487373054027557e-03 2.010311931371688843e-02 5.042947083711624146e-02 1.918279565870761871e-03 3.618213161826133728e-02 1.549727097153663635e-02 5.153718870133161545e-03 1.450619008392095566e-02 3.233159333467483521e-02 3.094996325671672821e-02 3.855343908071517944e-02 1.107429899275302887e-02 2.143445191904902458e-03 1.983889192342758179e-02 2.133496891474351287e-04 5.007723812013864517e-03 2.375871501863002777e-02 1.048417482525110245e-02 7.032771129161119461e-03 6.831289734691381454e-03 3.270240500569343567e-02 4.439855460077524185e-03 1.436718180775642395e-02 8.090496994554996490e-03 8.607720024883747101e-03 2.604281343519687653e-02 1.508045010268688202e-02 2.977751754224300385e-02 7.481615524739027023e-03 1.051678974181413651e-02 2.277169749140739441e-02 2.613508701324462891e-02 2.744593098759651184e-02 5.652359686791896820e-03 1.230384316295385361e-02 4.346693400293588638e-03 3.851981600746512413e-03 1.567605137825012207e-02 1.206129230558872223e-02 1.177607011049985886e-02 6.721435114741325378e-03 3.223940497264266014e-03 3.939011693000793457e-02 6.251070648431777954e-03 2.733870968222618103e-02 4.102115985006093979e-03 2.496284246444702148e-02 4.149541631340980530e-02 1.048562582582235336e-02 8.839426445774734020e-04 8.242311887443065643e-03 6.759111303836107254e-03 1.946359314024448395e-02 1.902429200708866119e-02 3.284274041652679443e-02 1.472884230315685272e-02 1.353392377495765686e-03 6.308137439191341400e-03 1.122440863400697708e-02 2.862030826508998871e-02 2.364802546799182892e-02 2.037928439676761627e-02 9.965969366021454334e-05 6.125897634774446487e-03 3.256694180890917778e-03 3.300486877560615540e-02 4.686987493187189102e-03 1.975857419893145561e-03 1.162858959287405014e-02 1.450119726359844208e-02 3.669671787065453827e-05 1.510544959455728531e-02
3.564942255616188049e-02 1.433955319225788116e-02 3.308002650737762451e-02 1.366205792874097824e-02 6.849658209830522537e-03 1.391683891415596008e-02 5.634574685245752335e-03 1.659984327852725983e-02 1.037225499749183655e-02 2.097265794873237610e-02 2.428270317614078522e-02 8.217042088508605957e-01 3.109051380306482315e-03 7.349728792905807495e-02 3.583243489265441895e-02 1.840338297188282013e-02 1.713509112596511841e-02 5.906608421355485916e-03 1.689286530017852783e-02 1.431809831410646439e-02 4.254860337823629379e-03 1.622881926596164703e-02 5.913382396101951599e-03 2.387725748121738434e-03 3.807462519034743309e-03 3.587236627936363220e-03 1.865071058273315430e-02 3.304846584796905518e-02 2.113415114581584930e-02 3.663206100463867188e-02 2.517921663820743561e-02 9.108401834964752197e-03 3.056973591446876526e-02 1.421934925019741058e-02 3.246937692165374756e-02 2.459881268441677094e-02 4.040558822453022003e-03 1.929791644215583801e-02 9.549781680107116699e-03 1.459429739043116570e-03 1.383506692945957184e-02 3.268815577030181885e-03 2.608508057892322540e-02 4.638373793568462133e-04 3.493671119213104248e-02 3.511243034154176712e-03 2.016050741076469421e-02 2.185639366507530212e-02 1.205193717032670975e-02 1.442960742861032486e-02 1.846766099333763123e-02 2.683898620307445526e-02 3.588674217462539673e-02 9.599366225302219391e-03 2.463465323671698570e-03 1.786351203918457031e-02 1.101745758205652237e-02 2.624001540243625641e-02 1.277903281152248383e-02 7.749170530587434769e-03 3.537504002451896667e-02 2.615000307559967041e-02 4.379744455218315125e-02 2.762553468346595764e-02 2.259402349591255188e-02 1.882470957934856415e-02 5.471816621138714254e-05 1.093859877437353134e-02 2.218836173415184021e-02 2.341774851083755493e-02 1.678070425987243652e-02 8.370190858840942383e-03 5.312021821737289429e-04 3.592604771256446838e-04 6.301840767264366150e-03 4.099426791071891785e-03 5.393557250499725342e-03 7.023252081125974655e-03 3.571806848049163818e-02 1.208047755062580109e-02 7.724151480942964554e-03 2.878087759017944336e-02 1.159182935953140259e-02 5.046622827649116516e-04 1.564054377377033234e-02 2.433581277728080750e-02 1.181633491069078445e-02 2.393013797700405121e-02 2.341726422309875488e-02 2.216491103172302246e-02 3.199293464422225952e-02 1.387290656566619873e-03 1.046696119010448456e-02 2.495803311467170715e-02 3.399749845266342163e-02 3.354322165250778198e-02 7.661617128178477287e-04 1.149527728557586670e-02 3.510207310318946838e-02 2.692304737865924835e-02 1.265065278857946396e-02 2.261434681713581085e-02 1.710986602120101452e-03 4.723010119050741196e-03 4.615017387550324202e-04 1.008772756904363632e-02 1.707660965621471405e-02 5.410146899521350861e-03 1.668963022530078888e-02 1.516476459801197052e-02 1.246004737913608551e-02 5.253307521343231201e-03 5.182121414691209793e-03 5.748258903622627258e-03 1.689093932509422302e-02 5.855341907590627670e-03
3.264306113123893738e-02 4.877358675003051758e-02 6.558168213814496994e-03 4.103244747966527939e-03 8.720549754798412323e-03 4.647063091397285461e-02 4.448837041854858398e-02 9.977604262530803680e-03 1.953778229653835297e-02 4.085858818143606186e-03 3.489090129733085632e-02 3.109051380306482315e-03 8.217042088508605957e-01 6.303121335804462433e-04 2.539429813623428345e-02 1.759681291878223419e-02 1.998189464211463928e-02 8.778986521065235138e-03 5.680397618561983109e-03 2.008137851953506470e-02 3.090358804911375046e-03 4.081083461642265320e-02 4.706481471657752991e-03 8.676521480083465576e-03 2.941028960049152374e-02 2.462007477879524231e-02 6.289802026003599167e-03 3.983966633677482605e-02 2.397855045273900032e-03 3.512705862522125244e-02 2.738357707858085632e-02 1.914607919752597809e-02 1.368742715567350388e-02 1.272352784872055054e-02 2.122993580996990204e-02 4.773478023707866669e-03 1.257777772843837738e-02 1.089412625879049301e-02 3.032908134628087282e-04 1.130664534866809845e-02 7.278442848473787308e-03 3.970097377896308899e-02 4.793887492269277573e-03 1.518981065601110458e-03 2.397536113858222961e-02 1.645131036639213562e-02 2.464337088167667389e-02 2.622704580426216125e-02 2.550462074577808380e-02 4.007653519511222839e-02 1.605823053978383541e-03 7.265045307576656342e-03 2.312247641384601593e-02 3.495726734399795532e-02 3.390203043818473816e-02 3.154548257589340210e-02 7.761934772133827209e-03 1.273288764059543610e-02 4.425706341862678528e-03 1.511154323816299438e-02 1.080256979912519455e-02 1.032587606459856033e-03 2.540302695706486702e-03 1.205898588523268700e-03 4.276387859135866165e-03 3.569988906383514404e-02 3.613077849149703979e-02 6.671430077403783798e-03 6.364927394315600395e-04 3.101353533565998077e-03 3.372212871909141541e-02 2.009615488350391388e-02 3.186823800206184387e-02 1.584869436919689178e-02 4.896406456828117371e-02 2.162808366119861603e-02 9.576657786965370178e-03 9.160787798464298248e-03 3.845297917723655701e-02 1.056219544261693954e-02 1.925167511217296124e-03 2.464832505211234093e-03 2.283539809286594391e-02 2.611464122310280800e-03 2.433486282825469971e-02 3.558158874511718750e-02 2.518784441053867340e-02 1.911167986690998077e-02 4.621708067134022713e-04 4.126681014895439148e-03 5.567236803472042084e-03 2.037180773913860321e-02 1.285156980156898499e-02 3.580019250512123108e-02 7.563605438917875290e-03 5.950682330876588821e-03 2.974546514451503754e-02 3.007469885051250458e-02 1.419622916728258133e-02 8.839334361255168915e-03 4.228356294333934784e-03 2.637196332216262817e-03 1.539985742419958115e-02 2.320083416998386383e-02 1.481301989406347275e-02 3.702292684465646744e-03 1.359807793051004410e-02 6.861446425318717957e-03 1.350777968764305115e-02 3.375659510493278503e-02 2.638516947627067566e-02 1.115228980779647827e-02 3.849147818982601166e-03 7.239054888486862183e-03 2.887027105316519737e-03 1.268623210489749908e-02
