8.335921168327331543e-01 4.369376972317695618e-02 9.124320931732654572e-03 1.500439364463090897e-02 4.527719691395759583e-03 8.245726674795150757e-02 4.639283940196037292e-02 1.918938942253589630e-02 6.099358433857560158e-04 5.923682823777198792e-03 7.432470470666885376e-02 1.254361309111118317e-02 6.355774402618408203e-02 1.668439805507659912e-02 1.275657024234533310e-02 1.411482412368059158e-02 1.617593318223953247e-02 1.092615071684122086e-02 6.575435400009155273e-03 7.969269528985023499e-03 2.146190265193581581e-03 2.642903290688991547e-02 1.596859283745288849e-02 1.994366385042667389e-02 6.756636430509388447e-04 1.897751935757696629e-03 2.915959060192108154e-02 2.059197425842285156e-02 1.307415775954723358e-02 1.542061194777488708e-02 2.253716997802257538e-02 1.318742521107196808e-02 1.611581072211265564e-02 1.486288942396640778e-02 1.026454661041498184e-02 1.078240387141704559e-02 1.027175784111022949e-02 3.048255667090415955e-02 1.917908340692520142e-02 3.146998817101120949e-03 4.326510801911354065e-02 1.175002753734588623e-02 1.705212169326841831e-03 1.366795622743666172e-03 3.244550200179219246e-03 1.257951557636260986e-02 6.879957020282745361e-02 2.542433701455593109e-02 3.332815133035182953e-03 4.925044253468513489e-03 2.993654925376176834e-03 7.369826547801494598e-03 1.702341809868812561e-02 2.268629893660545349e-02 9.039268828928470612e-03 2.709925174713134766e-03 1.404472277499735355e-03 3.269390901550650597e-03 4.587764269672334194e-04 6.673497613519430161e-03 1.216028816998004913e-02 4.758844617754220963e-03 8.708605542778968811e-03 1.572269480675458908e-03 3.037186153233051300e-02 3.870389983057975769e-02 1.152221299707889557e-02 1.543542556464672089e-02 9.300934150815010071e-03 4.058262798935174942e-03 3.908425569534301758e-03 1.631248183548450470e-02 6.856241729110479355e-03 1.179521810263395309e-02 3.430864540860056877e-03 1.267532235942780972e-03 4.537933506071567535e-03 1.291381195187568665e-02 4.537315107882022858e-03 1.451512798666954041e-02 1.543607376515865326e-02 5.064956843852996826e-03 1.935341861099004745e-03 2.213117200881242752e-03 3.205234883353114128e-03 2.818114589899778366e-03 1.799802295863628387e-02 8.622526191174983978e-03 4.841469693928956985e-03 4.185597877949476242e-03 2.631384879350662231e-02 2.017970383167266846e-02 4.584999009966850281e-02 4.495329782366752625e-02 7.544297841377556324e-04 1.464454643428325653e-02 1.208926457911729813e-02 4.272055812180042267e-03 1.265047024935483932e-02 6.348902359604835510e-03 1.111037377268075943e-02 9.744804352521896362e-03 1.834654249250888824e-02 1.026736572384834290e-03 1.158025488257408142e-02 4.622425418347120285e-03 2.529040677472949028e-03 1.797219179570674896e-02 1.078997831791639328e-02 9.990340098738670349e-03 1.441227179020643234e-02 9.926472790539264679e-03 1.095863804221153259e-02 1.282386854290962219e-02 2.337351255118846893e-02 4.421820398420095444e-03
4.369376972317695618e-02 8.335921168327331543e-01 3.978035878390073776e-03 1.449259463697671890e-03 1.694434508681297302e-02 5.690288543701171875e-02 5.487215891480445862e-02 2.905443497002124786e-02 1.449508243240416050e-03 1.912906020879745483e-02 4.731508344411849976e-02 6.793246604502201080e-03 6.626939028501510620e-02 1.347452681511640549e-02 1.461975183337926865e-02 2.405012398958206177e-02 1.448900252580642700e-02 2.366859279572963715e-02 2.843042649328708649e-02 5.929195787757635117e-03 4.439053591340780258e-03 2.775404229760169983e-02 2.456252695992588997e-03 7.289408706128597260e-03 5.227947607636451721e-03 1.413887925446033478e-02 1.594482734799385071e-02 1.406455598771572113e-02 1.029821485280990601e-02 6.175692658871412277e-03 8.407187648117542267e-03 1.634345389902591705e-02 8.219794370234012604e-03 1.420296728610992432e-02 2.371927723288536072e-02 4.390922840684652328e-03 1.690919743850827217e-03 2.379106299486011267e-04 2.082302793860435486e-02 5.619363859295845032e-03 2.617726277094334364e-04 7.881927303969860077e-03 2.145145647227764130e-02 2.389208786189556122e-02 8.682378567755222321e-03 1.545752678066492081e-02 4.782483354210853577e-02 1.908320933580398560e-02 1.484408229589462280e-02 1.526654977351427078e-02 9.401230141520500183e-03 2.290093526244163513e-02 1.967734284698963165e-02 2.971705980598926544e-02 1.616296544671058655e-02 4.655953496694564819e-03 2.397351339459419250e-02 1.475996058434247971e-02 1.036791689693927765e-02 9.919732809066772461e-03 2.577755227684974670e-02 2.390324883162975311e-02 2.672766102477908134e-03 1.945891790091991425e-02 2.440368384122848511e-02 1.512217987328767776e-02 1.125107891857624054e-02 1.055400073528289795e-02 2.211952209472656250e-02 8.664016611874103546e-03 9.808014146983623505e-03 1.504473667591810226e-02 2.030085586011409760e-02 4.789874888956546783e-03 5.800446961075067520e-03 5.813018884509801865e-03 3.234790638089179993e-03 1.468408945947885513e-02 3.680733963847160339e-02 2.771023660898208618e-02 9.145366959273815155e-03 1.273921079700812697e-04 1.298135239630937576e-02 1.488882210105657578e-02 2.180049754679203033e-02 2.487845160067081451e-02 2.732860669493675232e-02 7.977350614964962006e-04 1.760369539260864258e-02 9.052147157490253448e-03 6.195347290486097336e-03 2.071352489292621613e-02 7.051485590636730194e-03 2.661313861608505249e-03 7.575448602437973022e-03 5.010052118450403214e-03 6.085678469389677048e-03 3.435678780078887939e-03 1.180990505963563919e-02 1.515792030841112137e-02 8.492404595017433167e-03 1.930813677608966827e-02 2.895448589697480202e-03 3.801062703132629395e-02 3.523839986883103848e-04 1.316491328179836273e-02 9.409880265593528748e-03 1.924704760313034058e-02 7.410644087940454483e-03 1.854014210402965546e-02 1.396502647548913956e-02 1.803473196923732758e-02 2.320527844130992889e-02 3.350093960762023926e-02 1.024956931360065937e-03 5.759496707469224930e-03
9.124320931732654572e-03 3.978035878390073776e-03 8.335921168327331543e-01 1.538102631457149982e-03 9.313988499343395233e-03 6.092459429055452347e-03 2.977133030071854591e-03 5.216759070754051208e-02 2.788525307551026344e-03 6.056298967450857162e-03 7.348579820245504379e-03 3.804585663601756096e-03 2.536204457283020020e-02 1.304973196238279343e-02 3.338565817102789879e-03 2.197829261422157288e-02 1.889881864190101624e-02 9.224267676472663879e-03 4.486541263759136200e-03 3.390459809452295303e-03 1.116001419723033905e-02 1.253104861825704575e-02 7.527242414653301239e-03 1.360706146806478500e-02 4.089937079697847366e-03 1.824344275519251823e-03 2.047755382955074310e-02 1.694244891405105591e-02 1.143737696111202240e-03 7.772138342261314392e-03 9.160482324659824371e-03 2.408312400802969933e-03 8.320962078869342804e-03 1.153796445578336716e-02 2.211260609328746796e-03 7.632690831087529659e-04 6.405785679817199707e-03 2.582526952028274536e-02 7.298113778233528137e-03 4.384698346257209778e-03 2.320709452033042908e-02 2.942292392253875732e-02 2.586519159376621246e-02 1.079418044537305832e-02 4.570799879729747772e-03 5.021812394261360168e-03 1.473832409828901291e-02 3.623952157795429230e-03 8.890926837921142578e-03 9.483150206506252289e-03 1.176731428131461143e-03 4.764695651829242706e-03 1.308269798755645752e-03 8.992732502520084381e-03 3.644925309345126152e-03 3.396757645532488823e-03 2.068942785263061523e-02 9.772553108632564545e-03 8.530971244908869267e-04 1.457435777410864830e-03 7.011189125478267670e-03 2.939340425655245781e-03 1.714674942195415497e-02 9.604969061911106110e-03 5.586999468505382538e-03 1.775766722857952118e-02 1.213513594120740891e-02 1.817933400161564350e-03 1.392629742622375488e-02 1.298420503735542297e-02 2.114756964147090912e-03 3.112278180196881294e-03 5.651155486702919006e-03 9.787544608116149902e-03 2.134511712938547134e-03 5.242215469479560852e-03 5.598129238933324814e-03 1.156260445713996887e-02 1.892932318150997162e-02 2.853329293429851532e-02 5.190844833850860596e-02 1.721460372209548950e-02 1.962415874004364014e-03 3.014984773471951485e-03 6.485098041594028473e-03 5.561413243412971497e-03 6.437230389565229416e-03 5.944393109530210495e-03 2.971253730356693268e-02 2.866172231733798981e-02 4.338676109910011292e-03 1.836097054183483124e-02 2.609716914594173431e-02 3.726892173290252686e-02 2.001267671585083008e-02 1.663856394588947296e-02 1.890268735587596893e-02 1.887377724051475525e-02 2.737098746001720428e-02 1.811310648918151855e-02 1.491278968751430511e-02 1.931044273078441620e-02 1.857586670666933060e-03 9.164122748188674450e-04 8.955324068665504456e-03 9.359419345855712891e-03 3.071490209549665451e-03 1.596165006048977375e-03 1.955655030906200409e-02 5.160855595022439957e-03 1.484861783683300018e-02 1.739011518657207489e-02 2.615429461002349854e-02 1.697544567286968231e-02 2.988846041262149811e-03 1.293186843395233154e-02
1.500439364463090897e-02 1.449259463697671890e-03 1.538102631457149982e-03 8.335921168327331543e-01 4.069456458091735840e-02 6.512461230158805847e-03 7.120120339095592499e-03 1.597794145345687866e-02 1.562973298132419586e-02 1.506672613322734833e-02 8.346584625542163849e-03 1.492458116263151169e-02 1.248918240889906883e-03 1.779147423803806305e-02 8.132678456604480743e-03 8.404848165810108185e-03 9.993358980864286423e-04 1.429982483386993408e-02 1.487476378679275513e-02 9.620836004614830017e-03 1.880581607110798359e-03 7.788354996591806412e-03 1.326706353574991226e-02 2.733993530273437500e-02 2.567300386726856232e-02 2.551876567304134369e-02 1.043048128485679626e-02 8.135897805914282799e-04 1.264901272952556610e-02 1.058308524079620838e-03 6.334837991744279861e-03 2.657181024551391602e-02 4.550772532820701599e-02 2.020517736673355103e-02 3.747090324759483337e-02 5.484379944391548634e-04 3.817918477579951286e-03 1.860881596803665161e-02 4.011508449912071228e-02 3.274818882346153259e-02 3.813867922872304916e-03 1.141231320798397064e-02 1.212285598739981651e-03 7.072299718856811523e-03 7.307213381864130497e-04 1.193821080960333347e-03 1.236705924384295940e-03 2.822692738845944405e-03 2.442726865410804749e-03 6.747292354702949524e-03 3.035466000437736511e-02 1.263205427676439285e-02 6.920391693711280823e-03 2.432491257786750793e-02 8.554968982934951782e-03 1.599744334816932678e-02 3.994932025671005249e-02 3.153135254979133606e-02 1.087091024965047836e-02 2.275701612234115601e-02 2.306716702878475189e-02 3.490838408470153809e-02 6.166585907340049744e-02 7.060879468917846680e-02 1.302491221576929092e-02 1.418880745768547058e-02 7.601046469062566757e-03 1.170907355844974518e-02 7.153198122978210449e-03 1.509775687009096146e-02 2.651482634246349335e-02 1.868018321692943573e-02 5.816998332738876343e-02 4.537645727396011353e-03 3.789778798818588257e-02 1.227673608809709549e-02 3.264419967308640480e-03 2.098661474883556366e-02 5.622610333375632763e-04 9.327911771833896637e-03 5.820170510560274124e-03 1.496214699000120163e-02 1.895052148029208183e-03 1.386092510074377060e-02 5.952385254204273224e-03 3.918584901839494705e-03 1.051986007951200008e-03 2.518928144127130508e-03 2.521424181759357452e-02 2.184377796947956085e-02 4.051130730658769608e-03 1.121869031339883804e-02 1.209118776023387909e-02 1.172797009348869324e-02 5.366853438317775726e-03 8.366278372704982758e-03 2.559128217399120331e-02 6.087633781135082245e-03 6.009973585605621338e-03 4.102448001503944397e-03 9.880349971354007721e-04 8.431911701336503029e-04 1.771015929989516735e-03 4.116528667509555817e-03 1.337382011115550995e-02 3.055222332477569580e-02 3.084105206653475761e-03 1.084664277732372284e-02 9.956459514796733856e-03 2.843648754060268402e-02 1.455647405236959457e-03 1.186588965356349945e-02 7.654163986444473267e-03 1.176900468635722063e-06 7.667720783501863480e-04 1.719641499221324921e-02
4.527719691395759583e-03 1.694434508681297302e-02 9.313988499343395233e-03 4.069456458091735840e-02 8.335921168327331543e-01 7.565976586192846298e-03 6.616363301873207092e-03 1.276190765202045441e-02 4.120479337871074677e-03 4.097965359687805176e-02 2.299753017723560333e-03 1.656984910368919373e-02 1.110745035111904144e-02 1.375392917543649673e-02 2.017330937087535858e-02 1.779585890471935272e-02 3.075469844043254852e-02 6.769927567802369595e-04 2.792691625654697418e-02 9.331921115517616272e-03 6.792178377509117126e-03 1.366086187772452831e-03 1.829471625387668610e-02 3.243858739733695984e-02 1.472003199160099030e-02 1.063537038862705231e-02 1.201087143272161484e-02 2.969192340970039368e-03 2.089603617787361145e-02 2.313357591629028320e-02 8.592792786657810211e-03 1.512304972857236862e-02 1.091490220278501511e-02 5.227785557508468628e-03 1.067864149808883667e-02 1.325345784425735474e-02 2.995051071047782898e-02 6.524083670228719711e-03 1.005046535283327103e-02 3.807803988456726074e-02 1.270150765776634216e-02 4.626542329788208008e-03 1.036615925841033459e-03 1.041411235928535461e-02 2.421353757381439209e-02 5.344584211707115173e-02 4.072319716215133667e-03 1.299583911895751953e-02 2.635137643665075302e-03 3.997397143393754959e-03 3.667878732085227966e-02 3.626129776239395142e-02 1.329667214304208755e-02 1.041951909428462386e-04 1.627609506249427795e-02 3.298863023519515991e-02 1.797535270452499390e-02 3.619069978594779968e-02 2.410633862018585205e-02 1.828147657215595245e-02 1.358257234096527100e-02 2.890970744192600250e-02 1.053526648320257664e-03 2.991528995335102081e-02 1.752776838839054108e-02 8.233504369854927063e-03 1.623395644128322601e-02 2.023664116859436035e-02 5.647182464599609375e-03 1.073711831122636795e-02 2.643781714141368866e-02 7.654153741896152496e-04 2.172258216887712479e-03 6.464604288339614868e-03 4.852686449885368347e-02 3.297789255157113075e-03 6.050523836165666580e-03 2.686919830739498138e-02 1.670515537261962891e-02 3.017082996666431427e-02 1.649615727365016937e-02 2.658246085047721863e-02 1.944188028573989868e-02 4.324307665228843689e-02 1.147579215466976166e-02 3.889713436365127563e-03 2.017358317971229553e-02 7.577606476843357086e-03 5.051344167441129684e-03 6.260036025196313858e-03 1.261541619896888733e-02 1.659168861806392670e-03 1.091577485203742981e-02 1.612881571054458618e-02 1.314235292375087738e-02 3.303977474570274353e-02 9.773781057447195053e-04 7.952922023832798004e-03 7.873375434428453445e-04 2.114491537213325500e-02 6.910924799740314484e-03 9.531814604997634888e-03 1.680951216258108616e-03 9.769698604941368103e-03 9.529160335659980774e-03 1.333867083303630352e-03 3.739658975973725319e-03 1.081477571278810501e-02 6.213358719833195210e-04 3.800076246261596680e-02 5.123084876686334610e-03 2.356845419853925705e-03 4.876360180787742138e-04 9.915937669575214386e-03 1.178181171417236328e-02 2.495045214891433716e-02
8.245726674795150757e-02 5.690288543701171875e-02 6.092459429055452347e-03 6.512461230158805847e-03 7.565976586192846298e-03 8.335921168327331543e-01 6.969486922025680542e-02 1.480964571237564087e-02 4.214745946228504181e-03 1.903887721709907055e-03 5.764240399003028870e-02 2.215879596769809723e-02 5.674852058291435242e-02 2.308088727295398712e-02 9.564026258885860443e-03 1.263469364494085312e-02 5.168099422007799149e-03 1.808838732540607452e-02 1.395922992378473282e-02 8.147702552378177643e-03 4.761884920299053192e-03 2.832545898854732513e-02 6.351757328957319260e-03 9.284683503210544586e-03 5.262666381895542145e-03 2.421049773693084717e-02 2.438449114561080933e-02 1.523329410701990128e-02 3.121136222034692764e-03 1.234520599246025085e-02 4.817076027393341064e-03 4.945386201143264771e-03 1.006469037383794785e-02 8.915712125599384308e-03 6.504608318209648132e-03 2.286693081259727478e-02 2.583024278283119202e-02 3.354401269461959600e-05 7.499488536268472672e-03 1.462792325764894485e-02 8.839447982609272003e-03 6.945917382836341858e-03 1.869627041742205620e-03 2.566698566079139709e-02 1.560416910797357559e-02 1.018974557518959045e-02 6.221306696534156799e-02 2.323488518595695496e-02 5.139903165400028229e-03 3.573448397219181061e-03 8.505965583026409149e-03 2.029415627475827932e-04 4.861648660153150558e-03 1.897205598652362823e-02 1.545798312872648239e-02 9.795493446290493011e-03 3.268843144178390503e-02 1.571453548967838287e-02 9.925481863319873810e-03 2.280366374179720879e-03 2.855903841555118561e-02 1.038903556764125824e-02 5.204832646995782852e-03 1.426067482680082321e-02 1.887288875877857208e-02 2.452172338962554932e-02 7.480136118829250336e-03 2.123741991817951202e-02 3.195115830749273300e-03 1.807980355806648731e-03 1.907501742243766785e-02 5.463912151753902435e-03 1.500380807556211948e-03 9.250054135918617249e-03 4.822909832000732422e-03 1.701119728386402130e-02 1.180396974086761475e-02 9.274283656850457191e-04 1.350661274045705795e-02 7.941949181258678436e-03 6.399530102498829365e-04 1.128980703651905060e-02 1.300987694412469864e-02 2.361905062571167946e-03 1.079937283066101372e-04 3.698400396388024092e-04 1.946555636823177338e-02 3.387937555089592934e-03 1.834582723677158356e-02 1.453290879726409912e-02 5.948449950665235519e-03 2.929371222853660583e-02 1.639883778989315033e-02 2.047441154718399048e-02 1.294414605945348740e-02 2.175912633538246155e-02 1.698216050863265991e-02 1.193650998175144196e-02 8.052219345699995756e-05 6.579475477337837219e-03 1.196292042732238770e-02 1.379415392875671387e-02 1.620642282068729401e-02 1.632628217339515686e-02 7.881483063101768494e-03 1.735482737421989441e-02 1.354472246021032333e-02 1.339481561444699764e-03 3.312279237434267998e-03 2.716205082833766937e-03 1.873428560793399811e-02 1.054738648235797882e-02 1.380609069019556046e-02 1.927955076098442078e-02 5.429109558463096619e-03 7.337709423154592514e-03
4.639283940196037292e-02 5.487215891480445862e-02 2.977133030071854591e-03 7.120120339095592499e-03 6.616363301873207092e-03 6.969486922025680542e-02 8.335921168327331543e-01 1.345190219581127167e-02 7.987311691977083683e-04 1.672892132773995399e-03 5.982087180018424988e-02 2.220940031111240387e-02 4.316613823175430298e-02 3.299205377697944641e-02 4.463637247681617737e-03 2.077952027320861816e-02 1.529637817293405533e-02 4.960919730365276337e-03 6.921695894561707973e-04 7.999586872756481171e-03 1.736361533403396606e-02 7.306247483938932419e-03 9.226201102137565613e-03 7.804013788700103760e-03 1.682659052312374115e-02 2.842295169830322266e-02 6.244595628231763840e-03 9.566765278577804565e-03 3.896564617753028870e-02 1.567883789539337158e-02 2.524486929178237915e-02 1.560167409479618073e-02 2.092648111283779144e-02 2.103875018656253815e-02 2.104608528316020966e-02 1.453316956758499146e-02 1.939109154045581818e-02 1.927501708269119263e-02 1.146065071225166321e-02 1.058444008231163025e-02 6.367547903209924698e-03 8.164927363395690918e-03 1.622792147099971771e-02 1.404339540749788284e-02 1.981459558010101318e-02 1.217529363930225372e-02 6.568823009729385376e-02 5.752199515700340271e-02 1.513590384274721146e-02 1.721870526671409607e-02 6.395247299224138260e-03 8.439794182777404785e-03 6.910179276019334793e-03 2.311514504253864288e-02 1.199473626911640167e-02 1.001904718577861786e-02 2.639149501919746399e-02 8.937302045524120331e-03 9.246960980817675591e-04 9.229935705661773682e-03 1.414601039141416550e-02 7.819527760148048401e-03 1.264342106878757477e-02 8.877688087522983551e-03 4.553813114762306213e-02 3.469841927289962769e-02 2.296943031251430511e-02 2.822200953960418701e-02 1.288566272705793381e-02 1.744982413947582245e-02 6.107985507696866989e-03 4.837139509618282318e-03 7.681952789425849915e-03 1.391581445932388306e-02 1.177640166133642197e-02 1.265923772007226944e-02 3.598715411499142647e-03 6.795702502131462097e-03 1.604310423135757446e-02 1.303744874894618988e-02 7.418572437018156052e-03 7.157938671298325062e-04 2.795916516333818436e-03 7.703365292400121689e-03 1.396494824439287186e-02 1.723175123333930969e-02 1.662292517721652985e-02 3.365329466760158539e-03 8.496082387864589691e-03 1.737291924655437469e-02 4.638949409127235413e-02 3.199790418148040771e-02 2.793694660067558289e-02 1.125072408467531204e-02 7.695147302001714706e-03 5.369653925299644470e-03 3.909094724804162979e-03 1.050213538110256195e-02 1.296332851052284241e-02 9.792136959731578827e-03 2.268013544380664825e-02 1.917495019733905792e-02 9.171243757009506226e-03 1.063537318259477615e-02 1.661001518368721008e-02 8.306778036057949066e-03 2.738352119922637939e-02 6.636035628616809845e-03 2.307476289570331573e-02 8.032397367060184479e-03 1.309261750429868698e-02 1.051985472440719604e-02 2.091112174093723297e-02 2.887197025120258331e-02 1.897528651170432568e-03 5.600972101092338562e-03
1.918938942253589630e-02 2.905443497002124786e-02 5.216759070754051208e-02 1.597794145345687866e-02 1.276190765202045441e-02 1.480964571237564087e-02 1.345190219581127167e-02 8.335921168327331543e-01 1.057915505953133106e-03 5.189618561416864395e-03 2.703807875514030457e-02 1.515810284763574600e-02 4.264337196946144104e-02 1.124296523630619049e-02 4.294136539101600647e-02 2.402402460575103760e-03 1.371766719967126846e-02 1.031435187906026840e-02 1.109929196536540985e-02 1.503339409828186035e-02 2.206522226333618164e-02 3.808692842721939087e-02 1.178271695971488953e-02 3.546952735632658005e-03 1.050248625688254833e-03 6.748224142938852310e-03 2.836216427385807037e-02 2.499169670045375824e-02 3.197723999619483948e-02 2.933619357645511627e-02 1.091444678604602814e-02 7.503831759095191956e-03 1.288504432886838913e-02 1.508828904479742050e-02 1.064048148691654205e-02 2.451678737998008728e-02 3.411021828651428223e-02 2.362409420311450958e-02 4.294700920581817627e-02 2.875265665352344513e-02 2.034995332360267639e-02 1.121002528816461563e-02 3.308450104668736458e-03 1.093530748039484024e-02 1.758098788559436798e-02 1.216411124914884567e-02 2.794267423450946808e-02 1.739849336445331573e-02 5.468576680868864059e-03 3.196122590452432632e-03 1.735876500606536865e-02 1.311270147562026978e-02 2.785376831889152527e-02 2.420629933476448059e-02 1.761330408044159412e-03 6.980252917855978012e-03 5.491113755851984024e-03 6.702876184135675430e-03 2.003156393766403198e-02 2.425866387784481049e-02 5.738351028412580490e-03 2.121759811416268349e-03 1.908636186271905899e-04 1.396484673023223877e-02 2.647539414465427399e-02 2.794660814106464386e-02 1.545430975966155529e-03 7.861242629587650299e-03 2.990025328472256660e-03 7.649699691683053970e-03 7.375383749604225159e-03 1.916415407322347164e-03 1.509682368487119675e-02 6.361020263284444809e-03 2.718545682728290558e-02 2.076804172247648239e-03 6.882394081912934780e-04 6.335136480629444122e-03 3.119114553555846214e-03 2.652037190273404121e-03 4.833488166332244873e-02 4.180127009749412537e-02 1.062273606657981873e-02 2.415115945041179657e-03 3.723200177773833275e-03 4.353394033387303352e-04 3.136920928955078125e-02 3.028533980250358582e-02 1.080456189811229706e-02 1.415638532489538193e-02 1.892000064253807068e-02 7.986060343682765961e-03 2.118861116468906403e-02 2.657426334917545319e-02 2.043637633323669434e-02 7.541424129158258438e-03 9.388579986989498138e-03 2.682846970856189728e-02 7.763244211673736572e-04 1.149759069085121155e-02 1.653547398746013641e-02 1.211754232645034790e-02 1.015990693122148514e-02 7.661787793040275574e-03 2.136590704321861267e-02 2.195119298994541168e-02 1.239881105720996857e-02 1.355200260877609253e-02 2.609643852338194847e-03 1.666067354381084442e-02 2.244094945490360260e-02 2.130383811891078949e-02 3.436138387769460678e-03 8.435461670160293579e-03 1.460109464824199677e-02 3.692804649472236633e-02
6.099358433857560158e-04 1.449508243240416050e-03 2.788525307551026344e-03 1.562973298132419586e-02 4.120479337871074677e-03 4.214745946228504181e-03 7.987311691977083683e-04 1.057915505953133106e-03 8.335921168327331543e-01 3.419925272464752197e-02 9.565072105033323169e-05 3.297334909439086914e-02 9.488179348409175873e-03 1.641229912638664246e-02 2.125326730310916901e-02 5.790232680737972260e-03 5.967255216091871262e-03 6.289876997470855713e-02 3.849452361464500427e-02 1.220201607793569565e-02 1.182261947542428970e-02 1.920548081398010254e-02 3.688060119748115540e-02 2.071627229452133179e-02 2.797850780189037323e-02 1.281352341175079346e-02 1.190717890858650208e-02 3.710215911269187927e-02 1.057176012545824051e-02 2.387809380888938904e-02 2.240841835737228394e-02 2.000935189425945282e-02 4.606252070516347885e-03 5.884401965886354446e-03 5.631392821669578552e-03 3.048547543585300446e-02 1.011927891522645950e-02 6.502345204353332520e-03 7.103929296135902405e-03 2.579273656010627747e-03 1.092410413548350334e-03 1.143937837332487106e-02 1.806056010536849499e-03 1.200103317387402058e-03 3.560471907258033752e-02 1.580203138291835785e-02 3.622977295890450478e-03 6.591654848307371140e-03 1.668492704629898071e-02 1.193890161812305450e-02 1.856910623610019684e-02 1.885731704533100128e-02 1.553321536630392075e-02 2.679000608623027802e-04 4.665841907262802124e-02 8.900330401957035065e-03 1.834288798272609711e-02 1.094705541618168354e-03 3.186057787388563156e-03 9.411075734533369541e-04 5.626427382230758667e-02 1.883326098322868347e-02 1.244132500141859055e-02 2.159859985113143921e-02 6.430766545236110687e-03 3.616868751123547554e-03 1.931317034177482128e-03 8.597656269557774067e-04 3.142043948173522949e-02 4.027029126882553101e-02 4.761217627674341202e-03 4.980155453085899353e-02 1.456944737583398819e-03 2.754645235836505890e-02 2.318853512406349182e-02 4.459057003259658813e-02 6.792106479406356812e-02 2.690082415938377380e-02 4.430927708745002747e-02 2.285065501928329468e-02 1.526214741170406342e-02 1.907108165323734283e-02 5.168590322136878967e-02 3.810350969433784485e-02 2.206830680370330811e-02 1.256734877824783325e-02 1.308196806348860264e-03 9.269136004149913788e-03 2.172732353210449219e-02 1.236711628735065460e-02 1.257602311670780182e-02 9.524045162834227085e-04 2.398529555648565292e-03 5.571011453866958618e-03 4.205252602696418762e-02 2.661446109414100647e-02 4.356537945568561554e-03 2.599732577800750732e-02 7.889982312917709351e-03 4.714883863925933838e-03 1.664496958255767822e-02 7.670407649129629135e-03 1.174833066761493683e-02 3.248183522373437881e-03 7.260866463184356689e-03 3.288932610303163528e-03 2.027161046862602234e-02 1.878873445093631744e-02 7.912820205092430115e-03 1.537523791193962097e-02 9.840107522904872894e-04 1.971228234469890594e-02 1.390830241143703461e-02 2.566076349467039108e-03 2.269125357270240784e-02 7.005249150097370148e-03
5.923682823777198792e-03 1.912906020879745483e-02 6.056298967450857162e-03 1.506672613322734833e-02 4.097965359687805176e-02 1.903887721709907055e-03 1.672892132773995399e-03 5.189618561416864395e-03 3.419925272464752197e-02 8.335921168327331543e-01 6.031627999618649483e-04 4.064891859889030457e-02 6.045117042958736420e-03 3.739125654101371765e-02 2.484747767448425293e-02 9.737375192344188690e-03 1.167892105877399445e-02 2.377517893910408020e-02 4.782205820083618164e-02 2.586885821074247360e-03 6.152784451842308044e-03 1.953049190342426300e-02 3.814362362027168274e-02 4.973943904042243958e-02 6.176979281008243561e-03 1.175417657941579819e-02 9.796228259801864624e-03 1.837134361267089844e-02 3.478372935205698013e-03 3.320618718862533569e-02 2.491668332368135452e-03 2.039727382361888885e-02 6.137991324067115784e-03 1.084338966757059097e-02 3.793290117755532265e-03 1.696511730551719666e-02 2.354733459651470184e-02 1.166984997689723969e-02 6.438693497329950333e-03 1.510095875710248947e-02 8.611191296949982643e-04 1.795681007206439972e-02 1.573677733540534973e-02 7.977928966283798218e-03 3.357117995619773865e-02 4.823220521211624146e-02 1.024877559393644333e-02 9.097769856452941895e-03 1.651595532894134521e-02 3.038191050291061401e-02 1.891579478979110718e-02 3.321016952395439148e-02 2.425090596079826355e-02 3.577384399250149727e-03 2.012914977967739105e-02 3.505363315343856812e-02 8.473163470625877380e-03 1.845943368971347809e-02 2.154973521828651428e-02 2.325590513646602631e-02 1.776279881596565247e-02 3.579556196928024292e-02 2.518218755722045898e-02 1.347127463668584824e-02 5.068770609796047211e-03 8.442156016826629639e-03 1.522652572020888329e-03 9.131575934588909149e-03 8.250374346971511841e-03 3.809559345245361328e-02 2.241636253893375397e-02 1.806956529617309570e-02 1.459528412669897079e-02 1.729363761842250824e-02 8.024370181374251842e-04 1.671471260488033295e-02 3.038748167455196381e-02 5.731631815433502197e-02 3.012055158615112305e-02 5.309561267495155334e-02 1.776113174855709076e-02 4.660613369196653366e-03 3.163270652294158936e-02 4.746817797422409058e-02 1.116243284195661545e-02 3.504952415823936462e-03 1.703089661896228790e-02 2.056721225380897522e-02 1.216936204582452774e-02 2.014204487204551697e-02 5.828261375427246094e-03 1.258160732686519623e-02 1.134733762592077255e-02 8.342729881405830383e-03 1.949850097298622131e-02 3.167403861880302429e-02 1.426289323717355728e-02 1.740841008722782135e-02 1.622818596661090851e-02 3.011195175349712372e-02 2.276778966188430786e-02 2.916424535214900970e-02 2.764889970421791077e-03 1.277755759656429291e-02 1.625693216919898987e-02 4.290160723030567169e-03 1.766505464911460876e-02 1.975561864674091339e-02 1.829423569142818451e-02 2.739323861896991730e-02 1.004791259765625000e-02 1.713913306593894958e-02 1.336254924535751343e-02 1.334878988564014435e-02 3.307458013296127319e-03 1.609112136065959930e-03
7.432470470666885376e-02 4.731508344411849976e-02 7.348579820245504379e-03 8.346584625542163849e-03 2.299753017723560333e-03 5.764240399003028870e-02 5.982087180018424988e-02 2.703807875514030457e-02 9.565072105033323169e-05 6.031627999618649483e-04 8.335921168327331543e-01 1.758741959929466248e-02 6.746798753738403320e-02 2.870462462306022644e-02 2.161993458867073059e-02 2.432636544108390808e-02 2.525459602475166321e-02 4.199345130473375320e-03 5.454161670058965683e-03 1.288994401693344116e-02 6.831283215433359146e-03 1.915799267590045929e-02 1.766965538263320923e-02 1.103813014924526215e-02 2.061956562101840973e-03 7.783284410834312439e-03 1.069061458110809326e-02 1.228496059775352478e-02 4.409913346171379089e-02 1.724755764007568359e-02 4.168632254004478455e-02 1.013547740876674652e-02 5.695444997400045395e-03 1.228116918355226517e-02 4.112391732633113861e-03 7.904307916760444641e-03 3.221943043172359467e-03 6.167673040181398392e-03 2.780626527965068817e-02 1.526495348662137985e-02 2.142476290464401245e-02 1.124648749828338623e-02 1.555415894836187363e-02 2.298703650012612343e-03 1.399571658112108707e-03 9.862002916634082794e-04 6.526444852352142334e-02 4.988014698028564453e-02 3.555380040779709816e-03 6.163600366562604904e-03 5.290287081152200699e-03 3.835754003375768661e-03 2.759633399546146393e-02 3.129557520151138306e-02 2.134522655978798866e-03 7.404381874948740005e-03 9.349971078336238861e-03 5.122045055031776428e-03 1.108089741319417953e-02 2.093444950878620148e-02 9.393528103828430176e-03 6.612515076994895935e-03 4.731955938041210175e-03 1.749437251419294626e-05 6.031678617000579834e-02 5.100039392709732056e-02 7.106695324182510376e-03 8.852185681462287903e-03 1.234477758407592773e-02 1.049652881920337677e-02 2.396145835518836975e-03 1.918140426278114319e-02 1.274035964161157608e-02 8.258711313828825951e-04 6.860094144940376282e-03 2.962224418297410011e-03 2.410566201433539391e-03 2.085759304463863373e-03 1.583579368889331818e-02 1.107247825711965561e-02 9.451248683035373688e-03 1.862205564975738525e-02 5.848446395248174667e-03 2.569743897765874863e-03 3.890598425641655922e-03 4.086777567863464355e-03 3.166504204273223877e-02 2.588406391441822052e-02 6.628121715039014816e-03 7.849825546145439148e-03 4.729282855987548828e-02 3.852380812168121338e-02 4.587575420737266541e-02 4.223993048071861267e-02 9.816624224185943604e-03 1.352279214188456535e-03 6.790317129343748093e-03 1.453887671232223511e-03 2.119648503139615059e-03 4.454287700355052948e-03 8.120162412524223328e-03 6.174837704747915268e-03 1.118003856390714645e-02 3.558532334864139557e-03 1.128630992025136948e-02 1.481519266963005066e-02 1.500918995589017868e-03 9.310624562203884125e-03 1.502611907199025154e-03 1.002301182597875595e-02 1.412017084658145905e-02 1.367855537682771683e-02 1.798963174223899841e-02 2.337213419377803802e-02 1.569333299994468689e-02 1.210566796362400055e-02
1.254361309111118317e-02 6.793246604502201080e-03 3.804585663601756096e-03 1.492458116263151169e-02 1.656984910368919373e-02 2.215879596769809723e-02 2.220940031111240387e-02 1.515810284763574600e-02 3.297334909439086914e-02 4.064891859889030457e-02 1.758741959929466248e-02 8.335921168327331543e-01 1.116871926933526993e-02 7.308238744735717773e-02 3.186236694455146790e-02 6.179031915962696075e-03 1.582590048201382160e-03 1.312412042170763016e-02 2.479640953242778778e-02 2.114338241517543793e-02 1.220098230987787247e-02 2.310468442738056183e-02 4.334970563650131226e-02 4.160407930612564087e-02 1.415896415710449219e-02 1.167867425829172134e-02 1.300038397312164307e-02 5.609450116753578186e-02 7.450209464877843857e-03 5.629079788923263550e-02 1.445795875042676926e-02 2.650906099006533623e-03 2.193271927535533905e-02 4.162728320807218552e-03 1.757582277059555054e-02 1.205365080386400223e-02 1.241211313754320145e-02 1.070667617022991180e-02 4.984504543244838715e-03 6.248315330594778061e-04 8.671123534440994263e-03 1.422075089067220688e-02 5.730201024562120438e-03 1.314778067171573639e-02 4.162624478340148926e-02 4.192570224404335022e-02 8.435145020484924316e-03 2.814164385199546814e-02 7.605160586535930634e-03 1.188032887876033783e-02 2.029736526310443878e-02 3.021154366433620453e-02 1.440053246915340424e-02 6.645127665251493454e-03 1.227398402988910675e-03 3.365661948919296265e-03 5.036872811615467072e-03 1.599886221811175346e-03 2.373309247195720673e-02 2.906455285847187042e-02 1.222289633005857468e-03 4.004078917205333710e-03 7.963920943439006805e-03 7.966278120875358582e-03 1.184797007590532303e-02 1.749461703002452850e-02 1.076366659253835678e-02 1.318564917892217636e-02 1.094636507332324982e-02 3.584676608443260193e-02 5.612406879663467407e-03 1.814690418541431427e-02 6.687523331493139267e-03 1.501341816037893295e-02 1.571831479668617249e-02 1.205537561327219009e-02 3.416056558489799500e-02 3.916416689753532410e-02 2.643960155546665192e-02 1.710860431194305420e-02 8.566993288695812225e-03 8.748156018555164337e-03 2.273810841143131256e-02 3.604875504970550537e-02 9.582034312188625336e-03 6.391841918230056763e-03 1.965285651385784149e-02 2.716714702546596527e-02 2.606929093599319458e-02 2.178461290895938873e-02 1.820892840623855591e-02 1.712482236325740814e-02 1.239202916622161865e-02 1.329635269939899445e-02 4.346531815826892853e-03 1.500564743764698505e-03 6.322566419839859009e-03 2.838571555912494659e-03 6.477030110545456409e-04 1.042014267295598984e-02 3.103069961071014404e-03 5.387246143072843552e-03 6.715969648212194443e-03 8.005617419257760048e-04 1.208677701652050018e-02 2.487260382622480392e-03 3.195419209077954292e-03 2.226323820650577545e-02 1.190099678933620453e-02 2.210738137364387512e-02 1.889537088572978973e-02 3.157436102628707886e-02 1.829687505960464478e-02 1.534442789852619171e-02 7.084363605827093124e-03 1.193291321396827698e-02
6.355774402618408203e-02 6.626939028501510620e-02 2.536204457283020020e-02 1.248918240889906883e-03 1.110745035111904144e-02 5.674852058291435242e-02 4.316613823175430298e-02 4.264337196946144104e-02 9.488179348409175873e-03 6.045117042958736420e-03 6.746798753738403320e-02 1.116871926933526993e-02 8.335921168327331543e-01 2.162829786539077759e-02 2.884872443974018097e-02 1.154885254800319672e-02 1.437129918485879898e-02 2.537505142390727997e-02 2.346680685877799988e-02 1.265583653002977371e-02 1.016312651336193085e-02 4.105940833687782288e-02 1.089170807972550392e-03 9.239066392183303833e-03 4.476170521229505539e-03 4.375565797090530396e-03 3.603438287973403931e-02 9.685853146947920322e-04 2.003796398639678955e-02 4.595380742102861404e-03 4.772443324327468872e-03 4.250401630997657776e-03 3.258327487856149673e-03 4.040469415485858917e-03 7.334479014389216900e-04 1.410476397722959518e-03 1.295128371566534042e-02 2.845824137330055237e-02 3.155319020152091980e-02 1.253551710397005081e-02 2.527426369488239288e-02 6.330601405352354050e-03 9.823969565331935883e-03 6.608003750443458557e-03 9.000999853014945984e-03 1.629539998248219490e-03 5.496485903859138489e-02 2.626260742545127869e-02 3.075283719226717949e-03 9.766191244125366211e-03 1.593057182617485523e-03 4.685744643211364746e-03 2.636513113975524902e-02 3.556150943040847778e-02 1.438126713037490845e-02 2.620603423565626144e-03 7.861280813813209534e-03 2.460459247231483459e-03 2.136049233376979828e-02 2.560086920857429504e-02 2.872604317963123322e-02 1.485529169440269470e-02 6.207332015037536621e-03 1.338958390988409519e-03 4.215832054615020752e-02 4.593275114893913269e-02 5.457196384668350220e-03 1.110550947487354279e-02 1.988230040296912193e-03 8.568426594138145447e-03 6.608528085052967072e-03 4.708697379101067781e-04 1.736092939972877502e-02 8.110934286378324032e-04 1.108607649803161621e-02 1.420746208168566227e-03 8.050004951655864716e-03 1.587921404279768467e-03 2.154367975890636444e-02 6.886004004627466202e-03 2.121686749160289764e-02 2.548605576157569885e-02 7.204095367342233658e-03 8.316994644701480865e-03 3.759758081287145615e-03 7.081381976604461670e-03 3.900513797998428345e-02 3.205735981464385986e-02 4.614248871803283691e-03 1.119931228458881378e-02 1.502999663352966309e-02 2.264155447483062744e-02 2.598180994391441345e-02 4.735894873738288879e-02 5.636285059154033661e-03 7.677714806050062180e-03 1.941529475152492523e-02 1.249193120747804642e-02 1.407881849445402622e-03 4.047942347824573517e-03 1.430877856910228729e-02 5.480715073645114899e-03 3.124969266355037689e-02 1.778956502676010132e-04 1.796492561697959900e-02 2.115788869559764862e-02 4.603768233209848404e-03 2.541018882766366005e-03 1.149140764027833939e-02 2.936156932264566422e-03 3.320067375898361206e-02 1.185965072363615036e-02 1.551667042076587677e-02 2.358629740774631500e-02 2.652164362370967865e-02 1.820384524762630463e-02
