8.572932481765747070e-01 6.347065418958663940e-02 1.846442930400371552e-02 1.047824788838624954e-02 8.833735773805528879e-05 2.838652022182941437e-02 2.893709763884544373e-02 1.764828711748123169e-02 6.591284647583961487e-03 1.071741338819265366e-02 3.704482689499855042e-02 1.368770003318786621e-02 4.287062585353851318e-02 1.425734441727399826e-02 3.063980862498283386e-02 9.799486724659800529e-05 7.506695110350847244e-03 1.325975451618432999e-02 7.979963906109333038e-03 3.358612954616546631e-02 2.896305918693542480e-02 3.145940601825714111e-02 1.670002471655607224e-03 4.471770487725734711e-03 3.043779358267784119e-02 2.442540414631366730e-02 2.934275008738040924e-02 7.178704254329204559e-04 2.365411445498466492e-02 9.212275035679340363e-03 8.113162592053413391e-03 2.113583311438560486e-02 1.664095371961593628e-02 2.833264134824275970e-02 7.186138536781072617e-03 2.289411984384059906e-02 2.843932621181011200e-02 3.081909753382205963e-02 4.759554285556077957e-03 1.440680352970957756e-03 2.699213288724422455e-02 2.759466646239161491e-03 1.339549757540225983e-02 2.099264226853847504e-02 3.523925552144646645e-03 2.338985214009881020e-03 2.122716233134269714e-02 2.152872644364833832e-02 2.144778333604335785e-02 3.458914160728454590e-02 1.845636777579784393e-02 1.804579235613346100e-02 1.430614944547414780e-02 2.992789447307586670e-02 4.834385123103857040e-03 1.644258759915828705e-02 2.360830269753932953e-02 2.530114538967609406e-02 1.326996646821498871e-02 2.521525695919990540e-02 1.464646868407726288e-02 3.273429116234183311e-03 1.214640028774738312e-02 1.319487020373344421e-02 1.579467952251434326e-02 1.870862394571304321e-02 3.113940916955471039e-02 2.762238308787345886e-02 4.349181428551673889e-03 2.150274440646171570e-02 2.622123283799737692e-04 2.599899470806121826e-02 6.155267823487520218e-03 1.672573573887348175e-02 1.747516542673110962e-02 1.777777262032032013e-02 1.136821578256785870e-03 7.965636439621448517e-03 1.455375459045171738e-02 3.791927883867174387e-04 1.932207308709621429e-02 1.983907818794250488e-02 2.269702032208442688e-03 1.544271595776081085e-02 3.354034270159900188e-04 8.193449117243289948e-03 2.037440054118633270e-02 2.531327493488788605e-02 1.818171516060829163e-02 1.167487353086471558e-02 3.514364361763000488e-02 1.925097219645977020e-02 1.962706074118614197e-02 2.914493903517723083e-02 6.384732201695442200e-03 3.364602569490671158e-03 2.393459901213645935e-02 2.587358467280864716e-02 1.661079749464988708e-02 1.532784476876258850e-02 7.266549393534660339e-03 9.726326912641525269e-03 2.818847447633743286e-02 2.780630625784397125e-02 1.638616621494293213e-02 1.075508818030357361e-02 4.103226456209085882e-05 1.143564376980066299e-02 4.552633035928010941e-03 1.645537558943033218e-03 2.324522100389003754e-02 2.634115703403949738e-02 2.355344360694289207e-03 7.465465925633907318e-03 1.063744165003299713e-02 1.390916481614112854e-02
6.347065418958663940e-02 8.572932481765747070e-01 1.288017537444829941e-02 2.710986183956265450e-03 3.016610164195299149e-03 3.137916326522827148e-02 3.543998301029205322e-02 1.503295078873634338e-02 1.228102133609354496e-03 1.084826700389385223e-02 3.455831110477447510e-02 1.732654310762882233e-02 4.082606360316276550e-02 1.958883367478847504e-02 3.147827833890914917e-02 2.912918105721473694e-03 1.055849716067314148e-02 7.454214617609977722e-03 2.879712264984846115e-03 2.917640283703804016e-02 3.524468466639518738e-02 2.838965691626071930e-02 6.480813957750797272e-03 2.739156130701303482e-03 2.233313024044036865e-02 2.827389910817146301e-02 2.583393454551696777e-02 1.149395667016506195e-02 1.653603836894035339e-02 1.692405529320240021e-02 8.010239340364933014e-03 2.217947877943515778e-02 1.563576795160770416e-02 2.995220758020877838e-02 1.076930947601795197e-02 2.866901457309722900e-02 3.122840821743011475e-02 2.421728521585464478e-02 4.033207893371582031e-03 1.142802182585000992e-03 1.820628158748149872e-02 3.134144935756921768e-03 1.262914761900901794e-02 1.332232262939214706e-02 2.202779753133654594e-03 5.609441548585891724e-03 1.999962329864501953e-02 2.405263297259807587e-02 2.702615782618522644e-02 3.463048487901687622e-02 2.065451256930828094e-02 2.127224765717983246e-02 1.261641271412372589e-02 2.782195433974266052e-02 1.460267324000597000e-02 1.218771561980247498e-02 1.624502241611480713e-02 2.494087629020214081e-02 1.541874837130308151e-02 2.314357459545135498e-02 1.210531406104564667e-02 1.172980293631553650e-03 1.440710388123989105e-02 1.003888994455337524e-02 9.251995943486690521e-03 1.571236178278923035e-02 2.770346403121948242e-02 3.707524389028549194e-02 3.917469584848731756e-04 1.127375289797782898e-02 2.138848649337887764e-03 1.968597434461116791e-02 4.910332150757312775e-03 5.850576329976320267e-03 1.865041814744472504e-02 7.045254576951265335e-03 3.514475189149379730e-03 1.088193617761135101e-02 1.576750166714191437e-02 3.012296743690967560e-03 1.652889698743820190e-02 1.690360344946384430e-02 7.869126857258379459e-04 1.268423534929752350e-02 2.422769088298082352e-03 5.149244796484708786e-03 1.962174847722053528e-02 2.165677770972251892e-02 1.067700795829296112e-02 1.797004230320453644e-02 2.755466103553771973e-02 1.453508157283067703e-02 2.362653240561485291e-02 2.476027794182300568e-02 1.255793403834104538e-02 6.676004733890295029e-03 1.840369217097759247e-02 2.093845605850219727e-02 2.197628468275070190e-02 2.006997168064117432e-02 1.206806115806102753e-02 9.519131854176521301e-03 2.524393424391746521e-02 2.137107029557228088e-02 1.604339666664600372e-02 8.484087884426116943e-03 6.016928236931562424e-03 4.038402345031499863e-03 2.019099658355116844e-03 2.560356399044394493e-03 1.959501765668392181e-02 1.820475235581398010e-02 4.930980037897825241e-03 9.248107671737670898e-03 5.427312105894088745e-03 7.321148179471492767e-03
1.846442930400371552e-02 1.288017537444829941e-02 8.572932481765747070e-01 9.257433935999870300e-03 1.545927487313747406e-02 5.919710267335176468e-03 1.193111017346382141e-02 2.662381529808044434e-02 6.035735830664634705e-03 2.433884423226118088e-03 1.840439625084400177e-02 1.126544829457998276e-02 2.474464848637580872e-02 6.799740716814994812e-03 2.305709756910800934e-02 9.804878383874893188e-03 1.224255189299583435e-02 1.825202815234661102e-02 1.110996305942535400e-02 1.682491227984428406e-02 1.007175911217927933e-02 2.195749618113040924e-02 9.733029583003371954e-05 5.040771793574094772e-03 2.175837382674217224e-02 1.056653913110494614e-02 2.201227098703384399e-02 1.095710974186658859e-02 1.307189092040061951e-02 9.157710337603930384e-06 9.751878678798675537e-03 6.391153670847415924e-03 5.239598918706178665e-03 1.115132868289947510e-02 2.586943283677101135e-02 1.807395601645112038e-03 9.461340494453907013e-03 3.019673563539981842e-02 1.297696959227323532e-02 1.580508239567279816e-02 4.056833311915397644e-02 4.062398802489042282e-03 1.005166675895452499e-03 4.485121741890907288e-02 7.776526268571615219e-03 2.085030637681484222e-02 8.546046447008848190e-04 6.672559306025505066e-03 1.272680237889289856e-02 9.527397342026233673e-03 6.233008578419685364e-03 8.474534377455711365e-03 1.883439719676971436e-02 2.355501055717468262e-02 5.346909165382385254e-03 1.038980856537818909e-02 2.587120234966278076e-02 1.813775114715099335e-02 1.277771126478910446e-02 3.266833350062370300e-02 1.696117408573627472e-02 1.008132938295602798e-02 1.814980432391166687e-02 3.678109124302864075e-02 1.637786254286766052e-02 1.510120462626218796e-02 1.674520969390869141e-02 2.774752909317612648e-03 2.453497145324945450e-03 2.096943557262420654e-02 2.453711116686463356e-03 2.069843001663684845e-02 1.082876976579427719e-02 2.018171548843383789e-02 8.149140514433383942e-03 1.532323937863111496e-02 9.130184538662433624e-03 2.864646259695291519e-03 1.519740652292966843e-02 9.154056897386908531e-04 3.943614289164543152e-02 4.520986601710319519e-02 1.181003544479608536e-02 1.291815377771854401e-02 1.684955693781375885e-02 3.576905466616153717e-03 2.660275809466838837e-02 3.232067450881004333e-02 3.324706805869936943e-03 3.828919492661952972e-03 1.088092010468244553e-02 2.263984456658363342e-02 1.928505080286413431e-04 1.327997725456953049e-02 1.193215372040867805e-03 5.839303135871887207e-03 3.184859082102775574e-02 1.531313988380134106e-03 7.576746866106987000e-03 8.627216331660747528e-03 9.177313768304884434e-04 1.201688125729560852e-02 3.502799198031425476e-02 1.667511463165283203e-02 1.287851762026548386e-02 2.362852171063423157e-02 1.066926028579473495e-02 1.787859387695789337e-02 2.894692443078383803e-05 1.863798871636390686e-02 2.050357311964035034e-02 2.158021368086338043e-02 7.725419942289590836e-03 6.933779921382665634e-03 1.748703187331557274e-03 1.721541746519505978e-03
1.047824788838624954e-02 2.710986183956265450e-03 9.257433935999870300e-03 8.572932481765747070e-01 5.764653906226158142e-02 6.833981722593307495e-03 5.977336782962083817e-03 1.298652309924364090e-02 1.678430847823619843e-02 2.041545137763023376e-02 1.457522623240947723e-02 1.035740785300731659e-02 1.368023827672004700e-02 1.516654156148433685e-02 1.270573399960994720e-02 1.936246454715728760e-02 1.167722232639789581e-02 5.136937648057937622e-02 5.244343355298042297e-02 4.841614514589309692e-03 1.688092364929616451e-03 1.980065181851387024e-02 1.305801328271627426e-02 1.085526216775178909e-02 1.936890184879302979e-02 1.652559638023376465e-02 1.412797532975673676e-02 8.328737691044807434e-03 1.761804707348346710e-02 1.489758770912885666e-02 2.333045564591884613e-02 1.924277283251285553e-02 3.110298514366149902e-02 2.124760486185550690e-02 1.635025837458670139e-03 2.110963687300682068e-04 7.481243927031755447e-03 4.928229842334985733e-03 3.209344670176506042e-02 3.420379385352134705e-02 8.641974069178104401e-03 6.631239783018827438e-03 5.570226814597845078e-03 2.983970567584037781e-03 9.630658663809299469e-03 2.078379504382610321e-02 5.429547745734453201e-03 3.478597791399806738e-04 3.753548662643879652e-04 5.694291088730096817e-03 2.005785517394542694e-02 2.183151990175247192e-02 1.807509362697601318e-02 1.598772034049034119e-02 5.469793453812599182e-03 3.162068128585815430e-02 2.245094627141952515e-02 2.669178880751132965e-02 9.265072643756866455e-03 7.989294826984405518e-03 3.588433936238288879e-02 4.492188990116119385e-02 5.461331922560930252e-03 1.098266150802373886e-02 2.265807613730430603e-02 2.134641259908676147e-02 1.664814166724681854e-02 1.333886478096246719e-02 1.785875111818313599e-02 2.116464264690876007e-02 1.274121180176734924e-02 2.119748480618000031e-02 4.099147021770477295e-02 1.588193885982036591e-02 2.512787096202373505e-02 1.855514757335186005e-02 1.982064358890056610e-02 1.044769305735826492e-02 4.973663948476314545e-03 3.334420733153820038e-03 1.974553428590297699e-02 1.787514239549636841e-02 4.312897846102714539e-02 4.487618431448936462e-02 1.629278250038623810e-02 4.943868611007928848e-03 1.751230470836162567e-02 1.290793064981698990e-02 3.306484781205654144e-03 3.114482678938657045e-04 7.117913919501006603e-04 1.806262880563735962e-02 5.620373412966728210e-03 1.430406142026185989e-02 1.186233107000589371e-02 2.529835328459739685e-02 2.028630115091800690e-04 2.047171350568532944e-03 1.582297123968601227e-02 1.154520642012357712e-02 1.610289886593818665e-02 2.701263129711151123e-02 1.653385930694639683e-03 6.737700197845697403e-03 1.549385301768779755e-02 2.642318606376647949e-02 6.290433811955153942e-04 1.849195733666419983e-02 2.226762659847736359e-02 2.670487202703952789e-02 1.370945665985345840e-02 1.504947058856487274e-02 8.497817441821098328e-03 9.128797799348831177e-03 1.999164372682571411e-02 1.519575156271457672e-02
8.833735773805528879e-05 3.016610164195299149e-03 1.545927487313747406e-02 5.764653906226158142e-02 8.572932481765747070e-01 1.128626056015491486e-02 1.182468142360448837e-02 1.488707866519689560e-02 2.574359998106956482e-02 2.112569287419319153e-02 9.615303017199039459e-03 8.243147283792495728e-03 4.710285458713769913e-03 1.863997988402843475e-02 1.034956518560647964e-02 2.406339347362518311e-02 1.377328578382730484e-02 4.071627557277679443e-02 4.848949611186981201e-02 1.401865592924878001e-04 5.683861672878265381e-03 1.346912048757076263e-02 1.938614249229431152e-02 1.496001891791820526e-02 1.359340827912092209e-02 1.427132263779640198e-02 1.174055971205234528e-02 1.424511149525642395e-02 1.175362337380647659e-02 2.049948088824748993e-02 2.556264027953147888e-02 1.353903859853744507e-02 2.789736352860927582e-02 1.508800312876701355e-02 6.112951785326004028e-03 3.572693094611167908e-03 7.035947870463132858e-03 2.708055777475237846e-03 3.343717753887176514e-02 3.963442891836166382e-02 5.590379703789949417e-03 1.492855884134769440e-02 3.048332175239920616e-03 3.100412199273705482e-03 9.402488358318805695e-03 2.029252983629703522e-02 1.068628020584583282e-02 6.834587082266807556e-03 7.158653810620307922e-03 7.301151636056602001e-04 2.146470546722412109e-02 2.125573344528675079e-02 2.308964915573596954e-02 9.317623451352119446e-03 3.326431848108768463e-03 3.149402886629104614e-02 1.862724311649799347e-02 2.642260864377021790e-02 1.824285462498664856e-02 7.642013486474752426e-03 2.867966331541538239e-02 4.537621140480041504e-02 1.098805107176303864e-02 1.830306649208068848e-02 1.846331916749477386e-02 2.051623910665512085e-02 9.613353759050369263e-03 1.242718566209077835e-02 2.387022785842418671e-02 1.148690935224294662e-02 1.554298028349876404e-02 1.384265907108783722e-02 3.760389611124992371e-02 1.039140671491622925e-02 2.279696241021156311e-02 9.600208140909671783e-03 2.508831769227981567e-02 1.319197099655866623e-02 1.786794699728488922e-02 6.308522075414657593e-03 1.971615292131900787e-02 1.930412277579307556e-02 3.976029530167579651e-02 4.288213700056076050e-02 2.477505430579185486e-02 1.236886810511350632e-02 1.839506626129150391e-02 1.132294069975614548e-02 7.415919099003076553e-03 2.392749302089214325e-03 9.858435951173305511e-03 1.717947423458099365e-02 2.607354545034468174e-04 4.791581537574529648e-03 1.787713728845119476e-02 3.340795636177062988e-02 1.505872467532753944e-03 6.959764286875724792e-03 1.771282963454723358e-02 1.340154744684696198e-02 2.002048864960670471e-02 2.966003865003585815e-02 3.370907623320817947e-03 1.751040836097672582e-04 1.759967207908630371e-02 2.440066821873188019e-02 1.005760859698057175e-02 1.709683798253536224e-02 2.990833111107349396e-02 3.355175256729125977e-02 8.738137781620025635e-03 6.684274412691593170e-03 1.434680819511413574e-02 7.802880369126796722e-03 1.434152107685804367e-02 6.978623569011688232e-03
2.838652022182941437e-02 3.137916326522827148e-02 5.919710267335176468e-03 6.833981722593307495e-03 1.128626056015491486e-02 8.572932481765747070e-01 8.938211947679519653e-02 1.371476054191589355e-02 1.741689280606806278e-03 1.049492601305246353e-02 2.116637118160724640e-02 3.223787248134613037e-02 2.120489068329334259e-02 2.819414809346199036e-02 1.634380593895912170e-02 1.584651879966259003e-03 5.931213963776826859e-03 1.737662404775619507e-02 1.001540105789899826e-02 8.011339232325553894e-03 3.431416815146803856e-03 2.704053558409214020e-02 1.128106564283370972e-02 1.014872454106807709e-02 3.714431077241897583e-04 5.024978425353765488e-03 2.169036306440830231e-02 1.620448194444179535e-02 2.193478308618068695e-02 1.437106542289257050e-02 1.350505556911230087e-02 4.237720859237015247e-04 1.062222640030086040e-03 7.799453102052211761e-03 1.440324913710355759e-02 9.226305410265922546e-03 9.101198054850101471e-03 1.122737862169742584e-02 4.534937907010316849e-04 1.227328320965170860e-03 5.078381858766078949e-03 1.612828671932220459e-02 1.395162940025329590e-02 7.057392504066228867e-03 4.799433983862400055e-03 5.042963661253452301e-03 7.480851560831069946e-02 7.588380575180053711e-02 1.375067140907049179e-02 6.349205970764160156e-03 8.074633777141571045e-03 1.268055103719234467e-02 4.939963109791278839e-03 9.618517011404037476e-03 8.874954655766487122e-03 1.484541106037795544e-03 1.117219217121601105e-02 1.497925445437431335e-02 1.907266490161418915e-02 5.651186686009168625e-03 5.940576549619436264e-03 9.664909914135932922e-03 5.941342096775770187e-03 1.555329468101263046e-02 1.607811264693737030e-02 1.700540445744991302e-02 1.007619313895702362e-02 2.435461804270744324e-02 1.793225854635238647e-02 2.025138214230537415e-02 2.174610830843448639e-02 9.502837434411048889e-03 9.108282625675201416e-03 2.065953612327575684e-02 5.435011815279722214e-03 1.356597337871789932e-02 4.628113936632871628e-03 1.710266061127185822e-02 2.108630724251270294e-02 4.567810392472893000e-04 1.234014984220266342e-02 6.376670673489570618e-03 1.226266194134950638e-02 2.343075582757592201e-03 3.504482097923755646e-03 2.008220413699746132e-03 1.020842790603637695e-02 6.556833628565073013e-03 2.226386591792106628e-02 1.748480647802352905e-02 4.301143810153007507e-02 2.026402018964290619e-02 6.800831109285354614e-02 2.155427262187004089e-02 8.084739558398723602e-03 5.461912136524915695e-03 2.552164718508720398e-02 3.175888210535049438e-02 1.299121230840682983e-02 1.508791279047727585e-02 3.360330127179622650e-03 7.439920678734779358e-03 1.712332852184772491e-02 1.838816516101360321e-02 7.728735916316509247e-03 9.451653459109365940e-04 1.040202472358942032e-02 1.380766462534666061e-02 3.287625266239047050e-03 8.979177102446556091e-03 1.068866439163684845e-02 1.507165841758251190e-02 1.375757809728384018e-02 1.530215702950954437e-02 8.672712370753288269e-03 2.909866906702518463e-02
2.893709763884544373e-02 3.543998301029205322e-02 1.193111017346382141e-02 5.977336782962083817e-03 1.182468142360448837e-02 8.938211947679519653e-02 8.572932481765747070e-01 1.226035505533218384e-02 9.053259273059666157e-04 1.217324752360582352e-03 1.973508670926094055e-02 3.783978894352912903e-02 2.116481587290763855e-02 3.414000198245048523e-02 1.805687509477138519e-02 3.599040675908327103e-03 3.768384689465165138e-03 1.434353459626436234e-02 4.148320294916629791e-03 1.254893746227025986e-02 2.420842414721846581e-03 2.618991769850254059e-02 1.065008156001567841e-02 4.363043233752250671e-03 8.355060592293739319e-03 8.469560183584690094e-03 1.863536052405834198e-02 2.298881672322750092e-02 1.496832631528377533e-02 2.101887948811054230e-02 1.131758838891983032e-02 1.761450665071606636e-03 1.254629925824701786e-03 8.747999556362628937e-03 1.550117507576942444e-02 9.406930766999721527e-03 5.338741000741720200e-03 5.241127684712409973e-03 2.711990149691700935e-03 4.151700995862483978e-03 8.710964175406843424e-05 1.905703172087669373e-02 1.986545976251363754e-03 8.677171543240547180e-03 6.641081999987363815e-03 7.739251479506492615e-03 7.656820863485336304e-02 8.496633917093276978e-02 1.518130302429199219e-02 2.070141257718205452e-03 1.133195217698812485e-02 1.764300838112831116e-02 3.548298496752977371e-03 1.041883509606122971e-02 9.937208145856857300e-03 1.601650845259428024e-03 2.730278763920068741e-03 1.759579777717590332e-02 1.422815024852752686e-02 2.291852142661809921e-03 1.689107040874660015e-03 6.519485730677843094e-03 9.186007082462310791e-04 9.753681719303131104e-03 1.160803902894258499e-02 1.530325412750244141e-02 5.648048594594001770e-03 2.443647198379039764e-02 1.723741181194782257e-02 1.836656406521797180e-02 1.533612515777349472e-02 8.406164124608039856e-03 5.426037125289440155e-03 1.483981963247060776e-02 7.946310564875602722e-03 7.580675650388002396e-03 9.091494604945182800e-03 8.878147229552268982e-03 2.140086703002452850e-02 9.460238739848136902e-03 8.705319836735725403e-03 2.821471542119979858e-03 8.747451007366180420e-03 7.449243566952645779e-04 1.251401659101247787e-02 3.616411937400698662e-03 1.048089098185300827e-02 3.167860908433794975e-03 2.576217800378799438e-02 1.723503693938255310e-02 3.820027783513069153e-02 1.962812803685665131e-02 7.208520174026489258e-02 1.932917349040508270e-02 5.244337953627109528e-03 4.123910330235958099e-03 1.808433793485164642e-02 2.426114678382873535e-02 1.542864367365837097e-02 1.440535020083189011e-02 6.179472431540489197e-03 9.086063131690025330e-03 1.132026221603155136e-02 1.273046527057886124e-02 5.952325183898210526e-03 2.904306398704648018e-03 7.950323633849620819e-03 3.567912848666310310e-03 6.732744630426168442e-03 6.248226854950189590e-03 8.304555900394916534e-03 1.250964775681495667e-02 1.854805648326873779e-02 7.029549218714237213e-03 1.339494250714778900e-02 2.666755579411983490e-02
1.764828711748123169e-02 1.503295078873634338e-02 2.662381529808044434e-02 1.298652309924364090e-02 1.488707866519689560e-02 1.371476054191589355e-02 1.226035505533218384e-02 8.572932481765747070e-01 5.378864239901304245e-03 1.886883866973221302e-03 3.438163921236991882e-02 1.070010103285312653e-02 3.170522674918174744e-02 1.247645821422338486e-02 4.156121611595153809e-02 1.139399316161870956e-02 1.599107310175895691e-02 4.698501434177160263e-03 1.393924560397863388e-02 1.654892414808273315e-02 4.999967291951179504e-03 3.528645262122154236e-02 9.798397310078144073e-03 1.043172786012291908e-03 2.439895458519458771e-02 1.791060902178287506e-02 3.497606143355369568e-02 2.124896273016929626e-02 2.264946140348911285e-02 2.472787909209728241e-02 2.865266427397727966e-02 1.452597230672836304e-02 5.310490378178656101e-04 1.618499122560024261e-02 2.094716019928455353e-02 1.696991920471191406e-02 1.263678912073373795e-02 3.010396100580692291e-02 1.771569252014160156e-02 1.190809439867734909e-02 2.905287407338619232e-02 1.314784283749759197e-03 1.242708065547049046e-03 2.014536969363689423e-02 2.058241749182343483e-03 9.408413316123187542e-04 1.565472967922687531e-02 1.092078164219856262e-02 9.126345627009868622e-03 1.065844297409057617e-02 1.139312051236629486e-02 1.346728391945362091e-02 3.339689224958419800e-02 2.639170177280902863e-02 1.258402224630117416e-02 1.884874142706394196e-02 2.974932640790939331e-02 2.833181992173194885e-02 2.367205172777175903e-02 2.151377312839031219e-02 1.364767737686634064e-02 1.561907585710287094e-02 3.797698765993118286e-03 1.032889448106288910e-02 3.432117402553558350e-02 3.070092573761940002e-02 1.964170671999454498e-02 9.374220855534076691e-03 7.501061540096998215e-03 2.867844514548778534e-02 1.034718286246061325e-02 2.953806146979331970e-02 1.582165621221065521e-02 2.378300577402114868e-02 2.045917510986328125e-02 2.158824540674686432e-02 4.762354306876659393e-03 1.579692587256431580e-03 8.967663161456584930e-03 1.070081372745335102e-03 4.396653547883033752e-02 3.537664562463760376e-02 8.034993894398212433e-03 1.260245125740766525e-02 1.798787340521812439e-02 4.105356521904468536e-03 4.508231952786445618e-02 3.711092472076416016e-02 5.265005398541688919e-03 4.777946043759584427e-03 1.974046416580677032e-02 3.985487669706344604e-02 1.668903045356273651e-02 2.827890031039714813e-02 1.056234631687402725e-02 1.665835827589035034e-02 2.738326229155063629e-02 6.268016062676906586e-03 1.465513464063405991e-02 6.274112965911626816e-03 8.934069424867630005e-03 1.655911281704902649e-02 2.772624976933002472e-02 1.807582750916481018e-02 1.035652030259370804e-02 2.406269311904907227e-02 2.478927932679653168e-02 1.976083777844905853e-02 1.752206683158874512e-02 2.989567816257476807e-02 1.783303171396255493e-02 2.401913143694400787e-02 5.326891783624887466e-03 1.419948646798729897e-03 5.815104115754365921e-03 1.386684179306030273e-02
6.591284647583961487e-03 1.228102133609354496e-03 6.035735830664634705e-03 1.678430847823619843e-02 2.574359998106956482e-02 1.741689280606806278e-03 9.053259273059666157e-04 5.378864239901304245e-03 8.572932481765747070e-01 4.352198913693428040e-02 5.325796082615852356e-03 2.136397361755371094e-02 4.447189159691333771e-03 2.912918478250503540e-02 9.142557159066200256e-03 3.854844346642494202e-02 3.862397000193595886e-02 2.894177287817001343e-02 1.835382357239723206e-02 1.415351033210754395e-02 1.433687470853328705e-02 4.905069246888160706e-03 3.167331591248512268e-02 3.050563484430313110e-02 1.478391326963901520e-02 1.136312633752822876e-02 9.225986897945404053e-03 2.444998733699321747e-02 7.387221325188875198e-03 1.916121505200862885e-02 1.434390991926193237e-02 1.394942589104175568e-02 2.373125404119491577e-02 6.705834530293941498e-03 5.359378643333911896e-03 2.843895163096021861e-05 1.680506626144051552e-03 2.157161571085453033e-02 5.351108033210039139e-03 1.891868934035301208e-02 1.936900615692138672e-02 5.243108794093132019e-02 1.076616160571575165e-02 2.153323963284492493e-02 2.223503589630126953e-02 2.838492952287197113e-02 1.010892633348703384e-02 3.309056861326098442e-03 1.566793769598007202e-02 3.655571490526199341e-03 1.985288411378860474e-02 2.199930883944034576e-02 9.544784203171730042e-03 4.059340804815292358e-03 4.753074049949645996e-02 7.046700455248355865e-03 1.460445113480091095e-02 4.924615845084190369e-03 8.356799371540546417e-03 6.860935594886541367e-03 1.929414644837379456e-02 1.617185771465301514e-02 2.839703671634197235e-02 1.448120269924402237e-02 7.593222835566848516e-05 1.457203761674463749e-03 1.411774009466171265e-02 9.857729077339172363e-03 4.718780517578125000e-02 1.513272989541292191e-02 3.593542054295539856e-02 2.252118196338415146e-03 1.973279751837253571e-02 1.547208987176418304e-02 1.437619514763355255e-02 7.562235929071903229e-03 6.379370391368865967e-02 3.892142698168754578e-02 1.708036288619041443e-02 1.805701106786727905e-02 2.221804061264265329e-05 3.163840156048536301e-03 2.373644523322582245e-02 2.560931444168090820e-02 2.287646988406777382e-03 1.736363023519515991e-02 2.226904965937137604e-03 1.210699509829282761e-02 2.488657832145690918e-02 3.041385486721992493e-02 2.942611649632453918e-02 3.031471744179725647e-03 4.352302756160497665e-03 8.958063088357448578e-03 1.747795753180980682e-02 1.956423930823802948e-02 2.281412668526172638e-02 1.109530590474605560e-02 2.678578533232212067e-02 2.494616061449050903e-02 2.366792969405651093e-02 1.151190046221017838e-02 1.713204570114612579e-02 1.716348715126514435e-02 8.159331046044826508e-03 4.650290065910667181e-04 1.580034382641315460e-02 2.179060829803347588e-03 1.747088693082332611e-02 1.002780348062515259e-02 4.801842384040355682e-03 1.389012392610311508e-02 3.891387209296226501e-02 1.374895125627517700e-02 7.113511208444833755e-03 7.412042468786239624e-03
1.071741338819265366e-02 1.084826700389385223e-02 2.433884423226118088e-03 2.041545137763023376e-02 2.112569287419319153e-02 1.049492601305246353e-02 1.217324752360582352e-03 1.886883866973221302e-03 4.352198913693428040e-02 8.572932481765747070e-01 1.165434066206216812e-02 2.021512761712074280e-02 1.223055925220251083e-02 2.759624272584915161e-02 1.993215410038828850e-03 2.979386784136295319e-02 3.359211608767509460e-02 2.758998982608318329e-02 2.089254371821880341e-02 3.216438693925738335e-03 8.665458299219608307e-03 8.882741443812847137e-03 3.308443352580070496e-02 4.801303148269653320e-02 7.395647000521421432e-03 1.561734476126730442e-03 1.824020757339894772e-03 4.101559519767761230e-03 1.600670255720615387e-02 7.686458411626517773e-05 1.715159416198730469e-02 1.609477959573268890e-02 2.798876166343688965e-02 1.336436346173286438e-02 8.491819724440574646e-03 1.050233189016580582e-02 1.639495417475700378e-02 6.154898554086685181e-03 2.344552893191576004e-03 1.393506955355405807e-02 1.937437220476567745e-03 4.067203775048255920e-02 5.353374034166336060e-02 1.398481521755456924e-02 3.144876286387443542e-02 4.058698937296867371e-02 8.002024143934249878e-03 1.211878471076488495e-02 7.611432112753391266e-03 1.853371225297451019e-02 1.820729300379753113e-02 1.726036146283149719e-02 1.492426171898841858e-02 3.084055380895733833e-03 2.107087895274162292e-02 1.774196699261665344e-02 2.869829069823026657e-03 3.573008114472031593e-03 1.049760449677705765e-02 6.485402700491249561e-04 1.610343717038631439e-02 2.010976150631904602e-02 3.132859617471694946e-02 2.247023768723011017e-02 1.606163568794727325e-02 8.627156727015972137e-03 2.995118557009845972e-04 7.000289042480289936e-04 4.308280348777770996e-02 1.307543134316802025e-03 5.340517684817314148e-02 9.447013959288597107e-03 1.609504967927932739e-02 2.196478424593806267e-03 1.960523985326290131e-02 8.894930593669414520e-03 4.868151247501373291e-02 7.001540064811706543e-02 2.401623874902725220e-03 4.405684769153594971e-02 7.516064215451478958e-03 1.980272587388753891e-03 1.947546750307083130e-02 3.144425898790359497e-02 8.219266310334205627e-03 1.230006106197834015e-02 8.351475000381469727e-03 3.613219363614916801e-03 1.289875060319900513e-02 4.036508500576019287e-02 1.191903022117912769e-03 1.050224900245666504e-02 1.052900869399309158e-02 8.599028224125504494e-04 1.478865835815668106e-02 1.970110274851322174e-02 4.611132026184350252e-04 1.307460945099592209e-02 2.003780007362365723e-02 2.963808737695217133e-02 1.446824520826339722e-02 1.544102188199758530e-02 4.914768505841493607e-03 1.418946892954409122e-03 7.612504996359348297e-03 6.018392741680145264e-03 6.966657470911741257e-03 9.822228923439979553e-03 1.545104570686817169e-02 1.233376003801822662e-02 1.404271181672811508e-02 2.956346841529011726e-03 3.468645736575126648e-02 4.398692771792411804e-02 2.052508853375911713e-02 2.374286577105522156e-02
3.704482689499855042e-02 3.455831110477447510e-02 1.840439625084400177e-02 1.457522623240947723e-02 9.615303017199039459e-03 2.116637118160724640e-02 1.973508670926094055e-02 3.438163921236991882e-02 5.325796082615852356e-03 1.165434066206216812e-02 8.572932481765747070e-01 1.329306047409772873e-02 4.290798306465148926e-02 1.431802846491336823e-02 3.635414317250251770e-02 1.174379233270883560e-02 1.604041829705238342e-02 5.172399803996086121e-03 9.846049360930919647e-03 1.741433702409267426e-02 1.222704909741878510e-02 3.796790912747383118e-02 1.129523292183876038e-02 8.885193616151809692e-03 2.674986235797405243e-02 1.855763420462608337e-02 3.694957494735717773e-02 7.938864640891551971e-03 3.624391183257102966e-02 1.427250169217586517e-02 3.129998967051506042e-02 1.513757649809122086e-02 5.158397834748029709e-03 2.087636291980743408e-02 8.795814588665962219e-03 2.396675758063793182e-02 2.197185903787612915e-02 3.061838634312152863e-02 8.939290419220924377e-03 1.271216198801994324e-03 2.862656489014625549e-02 5.301272030919790268e-04 1.288191601634025574e-02 1.445168070495128632e-02 9.023179300129413605e-03 5.824715830385684967e-03 1.826405338943004608e-02 1.872778311371803284e-02 1.102272979915142059e-02 2.334514260292053223e-02 1.760980486869812012e-02 1.830067113041877747e-02 2.892064116895198822e-02 2.735126577317714691e-02 3.877995535731315613e-03 1.978695765137672424e-02 3.500153869390487671e-02 2.788238599896430969e-02 2.291446179151535034e-02 2.059904113411903381e-02 1.254280097782611847e-02 1.112852618098258972e-02 1.373737771064043045e-02 1.995717920362949371e-02 3.999646380543708801e-02 3.035488352179527283e-02 2.016652002930641174e-02 1.363874413073062897e-02 1.050682924687862396e-02 3.550816699862480164e-02 1.619347929954528809e-02 3.205578401684761047e-02 1.379762310534715652e-02 3.476256132125854492e-02 1.833703182637691498e-02 3.374634683132171631e-02 2.183489967137575150e-03 9.763550013303756714e-03 4.760968149639666080e-04 3.805826185271143913e-03 3.075061738491058350e-02 2.059315145015716553e-02 8.725896477699279785e-04 1.030899398028850555e-02 5.730834789574146271e-03 2.653607865795493126e-03 3.918741270899772644e-02 3.189348429441452026e-02 2.729743486270308495e-03 7.249330170452594757e-03 2.517994865775108337e-02 4.016308486461639404e-02 2.182682417333126068e-02 3.041672892868518829e-02 1.243427116423845291e-02 1.468145847320556641e-02 3.247329965233802795e-02 2.561192773282527924e-02 1.417783182114362717e-02 1.246453355997800827e-02 9.622959420084953308e-03 1.685412973165512085e-02 2.740779891610145569e-02 2.876498177647590637e-02 3.446849295869469643e-03 1.133758760988712311e-02 1.257870718836784363e-02 2.081123553216457367e-02 1.152711641043424606e-02 2.305626682937145233e-02 2.488017454743385315e-02 3.094843588769435883e-02 2.803819719702005386e-03 1.193416863679885864e-02 1.425701193511486053e-02 2.637127041816711426e-02
1.368770003318786621e-02 1.732654310762882233e-02 1.126544829457998276e-02 1.035740785300731659e-02 8.243147283792495728e-03 3.223787248134613037e-02 3.783978894352912903e-02 1.070010103285312653e-02 2.136397361755371094e-02 2.021512761712074280e-02 1.329306047409772873e-02 8.572932481765747070e-01 1.747633703052997589e-02 6.175964325666427612e-02 1.817930303514003754e-02 1.036493759602308273e-02 1.798768900334835052e-02 8.207290084101259708e-04 7.038856390863656998e-03 6.128644570708274841e-03 7.960257120430469513e-03 1.177209801971912384e-02 2.315050922334194183e-02 1.768135651946067810e-02 6.948318332433700562e-03 1.537033356726169586e-02 9.197876788675785065e-03 2.286873944103717804e-02 1.284981332719326019e-02 1.978036388754844666e-02 1.271563116461038589e-02 2.122791856527328491e-02 1.482804026454687119e-02 1.896260492503643036e-02 1.352487783879041672e-02 1.472613774240016937e-02 1.101869437843561172e-02 6.287318188697099686e-03 4.698973614722490311e-03 3.094940446317195892e-03 2.098657190799713135e-03 3.045586682856082916e-02 2.748014964163303375e-02 8.066834881901741028e-03 5.774998664855957031e-02 5.941275879740715027e-02 2.441994845867156982e-02 3.549637645483016968e-02 6.913301069289445877e-03 4.780629649758338928e-03 3.936766833066940308e-02 4.517644643783569336e-02 1.496113371104001999e-02 9.563319385051727295e-03 3.313114284537732601e-04 1.155061088502407074e-02 6.079806480556726456e-03 1.436173357069492340e-02 8.957967162132263184e-03 4.060414619743824005e-03 1.489203888922929764e-02 8.089861832559108734e-03 5.128016695380210876e-03 1.315264776349067688e-02 1.199214346706867218e-02 1.801488175988197327e-02 1.403606496751308441e-02 1.089512556791305542e-02 1.903291977941989899e-02 1.016914937645196915e-02 2.320125326514244080e-02 9.531247429549694061e-03 2.872775075957179070e-03 9.443751536309719086e-03 1.136917248368263245e-02 8.644495159387588501e-03 2.989839017391204834e-02 2.270114608108997345e-02 1.926556229591369629e-02 2.799663133919239044e-02 2.406646264716982841e-03 6.834628991782665253e-03 1.393329002894461155e-03 6.713774055242538452e-03 5.115971434861421585e-03 2.497287653386592865e-02 8.981065824627876282e-03 1.173203159123659134e-02 2.758569270372390747e-02 4.192137718200683594e-02 1.121222693473100662e-02 8.657285012304782867e-03 2.836890518665313721e-02 1.349329669028520584e-02 9.763303096406161785e-04 5.132887046784162521e-03 4.008902702480554581e-03 1.091887988150119781e-02 3.347219154238700867e-02 4.036898538470268250e-02 1.167518924921751022e-02 8.898706175386905670e-03 5.527574685402214527e-04 6.977195851504802704e-03 1.548663713037967682e-02 1.366657670587301254e-02 1.662271469831466675e-02 1.539870258420705795e-02 9.527008980512619019e-03 1.251608598977327347e-02 8.987705223262310028e-03 9.687153622508049011e-03 3.098438866436481476e-02 3.856291994452476501e-02 1.403947360813617706e-02 2.255222946405410767e-02
4.287062585353851318e-02 4.082606360316276550e-02 2.474464848637580872e-02 1.368023827672004700e-02 4.710285458713769913e-03 2.120489068329334259e-02 2.116481587290763855e-02 3.170522674918174744e-02 4.447189159691333771e-03 1.223055925220251083e-02 4.290798306465148926e-02 1.747633703052997589e-02 8.572932481765747070e-01 1.894664019346237183e-02 3.847549483180046082e-02 7.837525568902492523e-03 1.531602442264556885e-02 1.100999768823385239e-02 9.084489196538925171e-03 2.520897984504699707e-02 2.037337422370910645e-02 3.754707798361778259e-02 7.369481027126312256e-03 3.823450766503810883e-03 2.985962294042110443e-02 2.111069299280643463e-02 3.556742891669273376e-02 5.776843521744012833e-03 2.897744625806808472e-02 1.446694973856210709e-02 2.077915705740451813e-02 1.994675956666469574e-02 8.548485115170478821e-03 2.375372871756553650e-02 7.554905954748392105e-03 2.136648073792457581e-02 2.354360930621623993e-02 3.568681702017784119e-02 4.953486379235982895e-03 1.291133929044008255e-03 3.569939732551574707e-02 1.999713946133852005e-03 1.269385311752557755e-02 2.210499532520771027e-02 1.167849358171224594e-02 9.184650145471096039e-03 1.973473280668258667e-02 2.122337743639945984e-02 1.910578273236751556e-02 2.350710704922676086e-02 1.854901202023029327e-02 1.923022232949733734e-02 2.471835725009441376e-02 3.091749735176563263e-02 1.131078315665945411e-04 1.815417595207691193e-02 3.154335170984268188e-02 2.720205858349800110e-02 1.872155442833900452e-02 2.487148530781269073e-02 1.585658453404903412e-02 6.736906711012125015e-03 1.495648920536041260e-02 2.025531791150569916e-02 3.148644790053367615e-02 2.899630367755889893e-02 2.662760578095912933e-02 1.533123198896646500e-02 4.440849181264638901e-03 3.401803597807884216e-02 1.063555013388395309e-02 3.421457856893539429e-02 9.564679116010665894e-03 3.159815818071365356e-02 1.509607676416635513e-02 3.104143589735031128e-02 2.707586158066987991e-03 1.020066905766725540e-02 8.091655327007174492e-04 6.559549830853939056e-03 2.940032072365283966e-02 2.479851245880126953e-02 1.949665485881268978e-03 1.024758070707321167e-02 3.654380096122622490e-03 6.096313591115176678e-04 3.474357351660728455e-02 3.522015362977981567e-02 2.214828738942742348e-03 1.469383947551250458e-02 2.741085737943649292e-02 3.399196267127990723e-02 2.165898866951465607e-02 3.603789955377578735e-02 5.013190209865570068e-03 6.545064039528369904e-03 3.140305355191230774e-02 2.680493146181106567e-02 1.475658267736434937e-02 1.317180786281824112e-02 6.744840182363986969e-03 1.324800122529268265e-02 3.135602548718452454e-02 3.220179677009582520e-02 7.750864140689373016e-03 1.293483469635248184e-02 4.877897445112466812e-03 1.846519671380519867e-02 2.564670285210013390e-03 1.608908362686634064e-02 2.912794612348079681e-02 3.403240069746971130e-02 6.008608266711235046e-03 9.727022610604763031e-03 1.695944927632808685e-02 2.718466334044933319e-02
