8.343876004219055176e-01 8.309566974639892578e-02 1.228176802396774292e-02 2.528024604544043541e-03 2.335000596940517426e-02 7.663115859031677246e-02 5.501590296626091003e-02 1.081375312060117722e-02 1.808981643989682198e-03 7.687348872423171997e-03 5.618646740913391113e-02 2.401649206876754761e-02 6.417285650968551636e-02 3.342253342270851135e-02 2.468931302428245544e-02 1.115112751722335815e-02 1.545836712466552854e-04 1.615507528185844421e-02 8.887807838618755341e-03 2.327384427189826965e-03 7.653900422155857086e-03 4.919828381389379501e-03 1.004258263856172562e-02 5.937094800174236298e-03 5.878415890038013458e-03 1.059575821273028851e-03 4.307608120143413544e-03 3.846774250268936157e-02 2.578507736325263977e-02 2.756945788860321045e-02 3.327225893735885620e-02 8.007605742932355497e-07 1.728245429694652557e-02 2.042494947090744972e-03 1.963177230209112167e-03 2.233251696452498436e-03 3.816546406596899033e-03 8.360432460904121399e-03 1.362713985145092010e-02 9.218899533152580261e-03 6.104798521846532822e-03 2.537054009735584259e-02 1.928042992949485779e-02 8.942358195781707764e-03 2.453427761793136597e-03 1.292049884796142578e-02 6.158755719661712646e-02 4.405077919363975525e-02 3.026114718522876501e-04 9.083210024982690811e-04 1.584211178123950958e-02 5.579357035458087921e-03 2.438439242541790009e-02 1.635033870115876198e-03 2.204320020973682404e-02 3.242762992158532143e-03 6.025966722518205643e-03 3.046103287488222122e-03 2.130875363945960999e-02 1.676695793867111206e-02 1.416993886232376099e-02 1.255465112626552582e-02 3.788876114413142204e-03 1.489984057843685150e-02 2.713982202112674713e-02 3.456283733248710632e-02 3.785999491810798645e-03 2.830456243827939034e-03 9.482723660767078400e-03 1.728886924684047699e-02 6.853591185063123703e-03 1.857875287532806396e-02 1.301817595958709717e-02 1.854142732918262482e-02 2.683453261852264404e-02 4.089824215043336153e-04 8.701764163561165333e-04 5.696750013157725334e-04 5.521095357835292816e-03 4.702321719378232956e-03 8.909136988222599030e-03 3.785840934142470360e-03 1.524897757917642593e-02 1.603057608008384705e-02 1.673287525773048401e-02 3.917621914297342300e-03 9.606996551156044006e-03 5.764730274677276611e-03 1.386194396764039993e-02 1.133463811129331589e-03 4.421921819448471069e-02 2.777667017653584480e-03 2.910540066659450531e-02 9.339685551822185516e-03 2.877364167943596840e-03 2.308553643524646759e-02 1.994310133159160614e-02 1.918746624141931534e-03 1.763103716075420380e-02 1.268658041954040527e-02 2.747503574937582016e-03 6.358901504427194595e-03 6.231080740690231323e-03 1.667197979986667633e-02 1.309056766331195831e-02 6.435596384108066559e-03 1.816148171201348305e-03 9.620347991585731506e-03 6.830920465290546417e-03 1.071650348603725433e-02 8.270832709968090057e-03 1.399822346866130829e-02 2.605003118515014648e-02 1.332206837832927704e-02 6.785237230360507965e-03 1.954170130193233490e-02
8.309566974639892578e-02 8.343876004219055176e-01 5.792194046080112457e-03 2.755471039563417435e-03 2.794334292411804199e-02 6.778889894485473633e-02 5.471918731927871704e-02 8.735556155443191528e-03 1.425938494503498077e-02 3.854933660477399826e-03 4.430286213755607605e-02 2.899503521621227264e-02 5.557697638869285583e-02 3.837785497307777405e-02 3.376802057027816772e-02 1.444385387003421783e-02 1.402915571816265583e-03 1.249522715806961060e-02 1.026120036840438843e-02 5.428662057965993881e-03 1.313433237373828888e-02 2.061010152101516724e-02 1.191684044897556305e-02 1.230094581842422485e-02 2.167682396247982979e-03 6.568287033587694168e-03 2.257958427071571350e-02 3.172433376312255859e-02 2.712249755859375000e-02 2.989200502634048462e-02 3.072389587759971619e-02 6.553908344358205795e-03 1.690149493515491486e-02 6.431926041841506958e-03 1.166230719536542892e-02 1.087911892682313919e-02 1.355104148387908936e-02 1.898258924484252930e-02 1.229813881218433380e-02 1.503208279609680176e-02 2.761897303571458906e-05 2.211900800466537476e-02 8.572767488658428192e-03 1.204681303352117538e-02 5.587284686043858528e-04 1.125136204063892365e-02 5.536548420786857605e-02 3.848034143447875977e-02 4.966503474861383438e-03 3.274578833952546120e-03 1.610380597412586212e-02 1.969547756016254425e-02 2.224190346896648407e-02 5.924923811107873917e-03 1.494185347110033035e-02 3.362656338140368462e-03 8.640689775347709656e-03 1.138441497460007668e-03 2.667286992073059082e-02 1.363449357450008392e-02 7.962726987898349762e-03 3.056201618164777756e-03 1.099562551826238632e-02 5.143678281456232071e-03 2.922473661601543427e-02 2.998049557209014893e-02 1.973446924239397049e-03 7.708345074206590652e-03 1.263408735394477844e-02 1.045977044850587845e-02 1.219957135617733002e-02 1.184878032654523849e-02 7.592604029923677444e-03 8.735626004636287689e-03 1.892940141260623932e-02 7.822414045222103596e-05 8.385033346712589264e-03 4.788887221366167068e-03 4.527935292571783066e-03 4.908990580588579178e-03 7.685692398808896542e-04 5.466648144647479057e-04 3.186462074518203735e-02 2.424564026296138763e-02 9.312399663031101227e-03 3.399077104404568672e-03 1.514357700943946838e-02 5.986877251416444778e-03 2.118478342890739441e-02 5.077838897705078125e-03 3.287865594029426575e-02 1.346793491393327713e-02 3.175624087452888489e-02 1.103717926889657974e-02 7.551482878625392914e-03 1.613947190344333649e-02 3.001902019605040550e-03 3.048577927984297276e-04 6.635336205363273621e-03 4.080089740455150604e-03 9.414762258529663086e-03 3.534012241289019585e-03 6.853218190371990204e-03 1.589133031666278839e-02 1.497237756848335266e-02 1.593615300953388214e-02 5.578609649091959000e-03 1.240941043943166733e-02 9.903691709041595459e-03 1.765663176774978638e-02 3.206102177500724792e-03 1.010364945977926254e-02 1.914663799107074738e-02 9.910982102155685425e-03 7.203576387837529182e-05 2.283820696175098419e-02
1.228176802396774292e-02 5.792194046080112457e-03 8.343876004219055176e-01 1.543308724649250507e-03 1.402385346591472626e-02 1.416790671646595001e-02 2.788166888058185577e-02 8.737578243017196655e-02 7.185774855315685272e-03 5.631667096167802811e-03 9.506475180387496948e-03 4.526994656771421432e-03 1.741971261799335480e-02 9.606641717255115509e-03 4.614531993865966797e-03 1.206968096084892750e-03 8.009140379726886749e-03 3.020399715751409531e-03 1.768850907683372498e-02 1.210543513298034668e-02 5.675191525369882584e-03 7.337999530136585236e-03 4.627585876733064651e-03 5.035024601966142654e-03 5.046748090535402298e-03 7.648877333849668503e-03 1.001215074211359024e-02 2.934063784778118134e-03 1.971554011106491089e-02 5.860816221684217453e-03 1.742490194737911224e-02 6.537091685459017754e-04 2.055799774825572968e-02 6.508459337055683136e-03 1.817760756239295006e-03 1.083007082343101501e-02 1.556768640875816345e-02 2.385086938738822937e-02 2.100356668233871460e-02 1.623688824474811554e-02 2.644171752035617828e-02 9.108671918511390686e-03 1.138936611823737621e-03 3.572992235422134399e-02 4.298523534089326859e-03 1.179150585085153580e-02 1.214377768337726593e-02 3.039237298071384430e-02 2.759769558906555176e-03 5.744158290326595306e-03 1.350626721978187561e-02 7.481540087610483170e-03 1.043164823204278946e-02 1.010645553469657898e-02 1.335652358829975128e-02 3.171577304601669312e-02 3.660053014755249023e-02 2.897558361291885376e-02 7.209237664937973022e-03 1.898401603102684021e-02 6.287846248596906662e-03 1.721989363431930542e-02 8.467530831694602966e-03 1.963234879076480865e-02 1.559424959123134613e-02 3.057090938091278076e-02 1.815501833334565163e-03 2.197616267949342728e-03 1.394136901944875717e-02 3.826380241662263870e-03 2.495868690311908722e-02 7.979547604918479919e-03 3.475833800621330738e-04 3.638178110122680664e-03 9.457763284444808960e-03 1.059237960726022720e-02 1.030075922608375549e-02 6.074026692658662796e-03 2.583602629601955414e-02 2.092699892818927765e-02 8.291119337081909180e-02 4.457293450832366943e-02 1.208110898733139038e-02 1.120005175471305847e-02 2.723977668210864067e-03 6.598848383873701096e-03 2.148970030248165131e-02 2.973627112805843353e-02 2.142129652202129364e-02 1.446519605815410614e-02 3.033469617366790771e-02 1.211598049849271774e-02 1.723693124949932098e-02 3.694743849337100983e-03 1.974691404029726982e-03 1.788303628563880920e-02 6.547203287482261658e-03 2.287688292562961578e-02 3.522058716043829918e-03 4.201297182589769363e-03 5.684246309101581573e-03 3.231915645301342010e-03 1.434318255633115768e-03 1.370875723659992218e-02 3.721216635312885046e-04 2.769011072814464569e-03 1.575843058526515961e-02 9.808073751628398895e-03 1.269996259361505508e-02 1.544571202248334885e-02 1.846682280302047729e-02 1.775473356246948242e-02 1.815601252019405365e-03 4.559383727610111237e-03 7.234693970531225204e-03 1.174512319266796112e-03
2.528024604544043541e-03 2.755471039563417435e-03 1.543308724649250507e-03 8.343876004219055176e-01 6.539840996265411377e-02 1.339179370552301407e-02 2.634623460471630096e-02 1.626545563340187073e-02 2.294961549341678619e-02 2.524479292333126068e-02 1.516852900385856628e-02 5.286001600325107574e-03 1.215734425932168961e-02 1.224133744835853577e-02 1.415885169990360737e-03 1.457351911813020706e-02 1.642298651859164238e-03 2.893384918570518494e-02 1.363906357437372208e-02 1.512246951460838318e-02 5.973707418888807297e-03 1.444604806602001190e-02 1.347020640969276428e-02 1.912037841975688934e-02 9.979680180549621582e-04 3.343186108395457268e-03 1.017930684611201286e-03 1.988019794225692749e-02 3.826951375231146812e-03 1.269172783941030502e-02 8.861396345309913158e-04 2.213807590305805206e-02 9.858941193670034409e-04 1.793734915554523468e-02 4.792107734829187393e-03 1.382148917764425278e-02 1.219025999307632446e-02 5.401263013482093811e-03 3.773731365799903870e-02 8.124119602143764496e-03 1.497410144656896591e-02 9.589896537363529205e-03 1.124753430485725403e-02 1.945685967803001404e-02 1.154062245041131973e-02 2.185472846031188965e-02 1.339925732463598251e-02 1.323808077722787857e-02 2.285913564264774323e-02 2.145116776227951050e-02 1.006965711712837219e-02 4.664843901991844177e-03 9.326097555458545685e-03 1.658451976254582405e-03 2.074101753532886505e-02 7.082750555127859116e-03 1.758484169840812683e-02 2.144009992480278015e-02 1.296268310397863388e-02 9.171689860522747040e-03 2.407511882483959198e-02 2.623446844518184662e-02 3.082435764372348785e-02 3.251605108380317688e-02 8.954206481575965881e-03 1.282343734055757523e-02 2.177389152348041534e-02 2.045501954853534698e-02 1.605302444659173489e-03 1.727011054754257202e-02 1.816637068986892700e-02 6.773083470761775970e-03 6.920266151428222656e-02 1.087637245655059814e-02 6.755425035953521729e-02 9.558565216138958931e-04 2.691836468875408173e-02 3.756756894290447235e-03 5.436850711703300476e-03 2.171812951564788818e-02 5.091325379908084869e-03 8.943528519012033939e-04 4.510879889130592346e-02 6.515839137136936188e-03 1.670305244624614716e-02 3.139470517635345459e-02 4.746256396174430847e-03 4.112769238417968154e-05 3.038022480905056000e-02 2.174868434667587280e-02 1.200260594487190247e-02 1.094517484307289124e-02 8.051778189837932587e-03 1.609330065548419952e-02 1.397443749010562897e-02 7.757332641631364822e-03 1.412121020257472992e-02 3.254629671573638916e-02 1.905687153339385986e-02 1.763598062098026276e-02 8.826946839690208435e-03 7.767618633806705475e-03 1.052432414144277573e-02 1.408798526972532272e-02 7.645751349627971649e-03 8.368954062461853027e-03 1.195307821035385132e-02 2.738742157816886902e-02 2.062723971903324127e-02 6.807017489336431026e-04 1.194285321980714798e-02 2.314746007323265076e-02 7.854771683923900127e-05 4.486741032451391220e-03 1.177306938916444778e-02 1.376788783818483353e-02
2.335000596940517426e-02 2.794334292411804199e-02 1.402385346591472626e-02 6.539840996265411377e-02 8.343876004219055176e-01 2.473376505076885223e-02 1.596697419881820679e-02 1.850957050919532776e-02 4.568450152873992920e-03 6.994727300480008125e-04 3.469844581559300423e-03 2.389436773955821991e-02 1.360368262976408005e-02 2.378704398870468140e-02 3.836286487057805061e-03 5.776716396212577820e-03 1.379262539558112621e-04 6.534180603921413422e-03 3.104972420260310173e-03 1.031427178531885147e-02 8.360329084098339081e-03 9.098308160901069641e-03 3.318523988127708435e-03 3.638211870566010475e-03 3.169620642438530922e-03 6.829039193689823151e-03 1.189181674271821976e-02 3.966553136706352234e-02 1.158109586685895920e-02 3.308536857366561890e-02 2.175953797996044159e-02 1.643094420433044434e-02 9.081805124878883362e-03 1.459009945392608643e-02 7.322469260543584824e-03 6.100838538259267807e-03 5.605785176157951355e-03 1.295902021229267120e-02 1.500102598220109940e-02 1.078387070447206497e-02 2.286482602357864380e-02 2.555241808295249939e-03 1.139297895133495331e-02 2.534449473023414612e-02 9.853227995336055756e-03 1.143000088632106781e-02 6.975935306400060654e-03 1.358000561594963074e-02 8.553960360586643219e-03 6.246877834200859070e-03 1.697071082890033722e-02 5.709764081984758377e-04 5.987299606204032898e-03 2.248680451884865761e-03 3.918684553354978561e-03 7.085039280354976654e-03 2.101635560393333435e-02 2.531217969954013824e-02 4.684793762862682343e-03 4.412554670125246048e-03 6.886851042509078979e-03 5.754868965595960617e-03 2.147809043526649475e-02 1.469588000327348709e-02 5.469680763781070709e-03 1.592658273875713348e-02 1.386091392487287521e-02 2.943032886832952499e-03 5.704584531486034393e-03 5.666949786245822906e-03 2.001322619616985321e-02 2.705462509766221046e-03 4.106963798403739929e-02 3.439719788730144501e-03 6.758537143468856812e-02 1.721257460303604603e-03 1.278463564813137054e-02 1.274425187148153782e-03 6.717639043927192688e-03 5.521379534911829978e-06 7.988186553120613098e-03 2.086401171982288361e-02 4.975283145904541016e-02 4.388592019677162170e-02 8.033805526793003082e-03 1.573748514056205750e-02 7.781585212796926498e-03 8.883021771907806396e-03 2.985988743603229523e-02 3.004456125199794769e-02 1.716728694736957550e-02 2.776939654722809792e-03 2.464005909860134125e-02 3.532740985974669456e-03 1.145924348384141922e-02 1.224973611533641815e-02 2.079267753288149834e-03 2.167123369872570038e-02 1.206815615296363831e-02 1.356279011815786362e-02 2.787008415907621384e-03 6.760524120181798935e-03 1.393790240399539471e-03 2.760552568361163139e-03 2.861985703930258751e-03 1.197928935289382935e-02 1.540792174637317657e-02 1.062742900103330612e-02 1.504269428551197052e-02 5.514886695891618729e-03 2.282672375440597534e-02 2.790164016187191010e-02 9.833483956754207611e-03 2.720487071201205254e-03 3.393609449267387390e-02 1.731822267174720764e-02
7.663115859031677246e-02 6.778889894485473633e-02 1.416790671646595001e-02 1.339179370552301407e-02 2.473376505076885223e-02 8.343876004219055176e-01 7.634100317955017090e-02 1.147470530122518539e-02 8.012969046831130981e-03 1.956052146852016449e-02 5.591159686446189880e-02 2.782925963401794434e-02 6.232839450240135193e-02 3.945438563823699951e-02 2.853035181760787964e-02 9.399211034178733826e-03 4.956349730491638184e-03 1.654947549104690552e-02 1.540907425805926323e-03 7.362151518464088440e-03 5.818395875394344330e-03 2.013699710369110107e-02 3.569756168872117996e-03 8.979573845863342285e-03 1.248690765351057053e-02 7.607556413859128952e-03 6.535363849252462387e-03 3.467559069395065308e-02 5.391548946499824524e-02 2.455657534301280975e-02 4.633163288235664368e-02 3.743748413398861885e-03 1.418492943048477173e-02 6.478106603026390076e-03 6.268418394029140472e-03 1.350701088085770607e-03 3.363228868693113327e-03 5.392132326960563660e-03 5.289986263960599899e-03 9.830674156546592712e-03 2.207044512033462524e-03 1.694373600184917450e-02 2.152554318308830261e-02 4.820753354579210281e-03 3.928352147340774536e-03 1.566740684211254120e-02 7.654557377099990845e-02 6.246888637542724609e-02 7.830261019989848137e-04 8.645422756671905518e-03 2.203718759119510651e-02 1.463215239346027374e-02 1.385762449353933334e-02 1.150207026512362063e-04 6.896219216287136078e-03 3.668580204248428345e-03 4.446896782610565424e-04 7.146126125007867813e-03 1.273716054856777191e-02 1.628111489117145538e-02 9.707211516797542572e-03 9.719036170281469822e-04 1.893517561256885529e-03 7.470061536878347397e-04 3.835001587867736816e-02 4.714507237076759338e-02 7.869900204241275787e-03 2.590496325865387917e-03 1.853755791671574116e-03 2.115857088938355446e-03 4.004948772490024567e-03 1.015884918160736561e-03 2.569007454439997673e-03 2.546746749430894852e-03 1.866976730525493622e-02 1.270833599846810102e-04 2.465992933139204979e-03 1.302314735949039459e-02 3.220351180061697960e-03 6.129752844572067261e-03 1.658058911561965942e-02 2.420235541649162769e-04 1.939739659428596497e-02 2.135213278234004974e-02 1.483873464167118073e-02 3.834927454590797424e-03 1.206317543983459473e-02 9.130492806434631348e-03 7.925232872366905212e-03 7.027537096291780472e-03 5.785098299384117126e-02 2.182364091277122498e-02 4.616434499621391296e-02 2.048987150192260742e-02 5.481988191604614258e-03 1.864772103726863861e-02 8.646081201732158661e-03 8.225501514971256256e-03 1.149628497660160065e-02 6.097748409956693649e-03 5.615794565528631210e-03 1.320907752960920334e-02 1.876416383311152458e-03 8.801382035017013550e-03 1.056852191686630249e-02 2.147141611203551292e-03 5.752649158239364624e-04 4.383193794637918472e-03 7.627916056662797928e-03 2.804221818223595619e-03 3.943059593439102173e-03 1.859472831711173058e-03 3.019987232983112335e-02 1.740991137921810150e-02 1.498314365744590759e-02 1.070454902946949005e-02
5.501590296626091003e-02 5.471918731927871704e-02 2.788166888058185577e-02 2.634623460471630096e-02 1.596697419881820679e-02 7.634100317955017090e-02 8.343876004219055176e-01 1.911509968340396881e-02 9.953082771971821785e-04 1.935841888189315796e-02 5.273021757602691650e-02 1.252699829638004303e-02 5.617818236351013184e-02 3.313378617167472839e-02 2.168553322553634644e-02 1.229145005345344543e-02 8.216999471187591553e-03 2.727454900741577148e-02 9.873279370367527008e-03 1.387105789035558701e-03 4.769507795572280884e-03 1.312061212956905365e-02 9.572152048349380493e-03 1.437400560826063156e-02 3.471283940598368645e-03 3.335939021781086922e-03 8.637585677206516266e-03 1.688146591186523438e-02 5.506757274270057678e-02 1.728014275431632996e-02 4.141902551054954529e-02 9.580536745488643646e-03 2.089211903512477875e-02 5.592790432274341583e-03 1.495308708399534225e-03 1.087542716413736343e-02 1.034673582762479782e-02 5.011764355003833771e-03 2.852660836651921272e-03 1.834841631352901459e-02 5.064627155661582947e-03 1.165634952485561371e-02 1.211128942668437958e-02 3.245308296754956245e-03 3.106872085481882095e-03 2.450387179851531982e-02 6.447773426771163940e-02 7.449839264154434204e-02 7.002718746662139893e-03 1.502130180597305298e-02 2.751856483519077301e-02 1.920751482248306274e-02 1.458975858986377716e-02 1.163688115775585175e-02 9.867602027952671051e-03 1.104129850864410400e-02 9.710847400128841400e-03 5.333222914487123489e-03 1.782429404556751251e-02 1.969240605831146240e-02 5.454542115330696106e-03 2.036660350859165192e-02 1.430945587344467640e-03 8.199284784495830536e-03 3.449134901165962219e-02 3.920850157737731934e-02 4.752118606120347977e-03 1.127213519066572189e-02 3.540526609867811203e-03 6.630549207329750061e-03 2.613983117043972015e-03 4.098158329725265503e-03 1.694464124739170074e-02 8.112496579997241497e-04 6.308010197244584560e-04 1.411959249526262283e-02 1.587440632283687592e-02 1.201950758695602417e-02 7.601994089782238007e-03 1.865736022591590881e-02 2.927675284445285797e-02 8.860150352120399475e-03 9.241999126970767975e-03 2.491891384124755859e-02 8.640497690066695213e-04 2.025792375206947327e-02 1.781187020242214203e-02 1.464651152491569519e-02 1.997683942317962646e-02 5.646151024848222733e-03 4.524812102317810059e-02 2.532438747584819794e-02 4.303546622395515442e-02 2.081314846873283386e-02 4.262778442353010178e-03 9.989964775741100311e-03 1.723011489957571030e-03 2.072901232168078423e-03 6.286755204200744629e-03 1.506868167780339718e-03 2.481094095855951309e-03 5.292796064168214798e-03 1.597696216776967049e-03 4.259322769939899445e-03 8.787171915173530579e-03 5.659701768308877945e-03 8.810896426439285278e-03 5.520918057300150394e-04 2.911874616984277964e-04 6.357302889227867126e-03 1.033655367791652679e-03 1.123521011322736740e-03 1.496062707155942917e-02 5.139024928212165833e-03 1.025352068245410919e-02 4.704679362475872040e-03
1.081375312060117722e-02 8.735556155443191528e-03 8.737578243017196655e-02 1.626545563340187073e-02 1.850957050919532776e-02 1.147470530122518539e-02 1.911509968340396881e-02 8.343876004219055176e-01 5.707510281354188919e-03 3.189299721270799637e-03 9.637728333473205566e-03 2.362804487347602844e-02 1.866032555699348450e-02 2.396359480917453766e-02 2.406624704599380493e-02 7.339932490140199661e-03 9.209359996020793915e-04 7.281827274709939957e-04 1.555415056645870209e-02 5.794611934106796980e-05 3.896626876667141914e-03 1.291703805327415466e-02 4.455863963812589645e-03 3.333865432068705559e-03 7.843509083613753319e-04 1.520197372883558273e-02 9.672816377133131027e-04 1.569024473428726196e-02 1.465386897325515747e-02 2.646503597497940063e-02 1.454176194965839386e-02 2.060118131339550018e-03 1.139456499367952347e-02 3.482562256976962090e-03 4.772379994392395020e-03 1.290362980216741562e-02 1.863635331392288208e-02 3.271758556365966797e-02 1.608385145664215088e-02 2.678339835256338120e-03 2.403108030557632446e-02 2.337960712611675262e-02 2.113655768334865570e-02 2.673332951962947845e-02 3.269465014454908669e-05 1.190450508147478104e-02 7.740407716482877731e-03 2.910176664590835571e-02 5.063288845121860504e-03 2.691441681236028671e-03 2.767890319228172302e-02 7.491559255868196487e-03 1.469398755580186844e-02 1.643773354589939117e-02 1.112828496843576431e-02 2.407167851924896240e-02 3.477597609162330627e-02 3.410129994153976440e-02 2.262056618928909302e-02 2.140455879271030426e-02 3.313058521598577499e-03 1.034941896796226501e-02 1.354179810732603073e-02 2.902162633836269379e-02 2.150281704962253571e-02 3.198606893420219421e-02 4.906488116830587387e-03 9.517439757473766804e-04 6.396444048732519150e-03 1.236543152481317520e-02 1.668837293982505798e-02 1.072044018656015396e-02 1.126172579824924469e-02 1.171674393117427826e-02 1.931621506810188293e-02 1.821078173816204071e-02 9.133799001574516296e-03 1.316541456617414951e-03 1.875976286828517914e-02 1.366614643484354019e-02 7.143795490264892578e-02 5.348487198352813721e-02 3.949635196477174759e-03 1.273058354854583740e-02 5.001014098525047302e-03 1.587509526871144772e-03 3.638408705592155457e-02 4.551563039422035217e-02 2.820284850895404816e-02 1.717920787632465363e-02 2.380710653960704803e-02 2.225421741604804993e-02 1.710155792534351349e-02 1.294610463082790375e-02 4.130108747631311417e-03 1.409405376762151718e-02 3.721962682902812958e-03 1.211313530802726746e-02 5.653563886880874634e-03 1.152759045362472534e-02 3.263905644416809082e-03 7.979617454111576080e-03 1.499852910637855530e-02 2.948090434074401855e-02 2.156854607164859772e-03 3.707298077642917633e-03 6.417317781597375870e-03 1.624204963445663452e-02 6.445952691137790680e-03 1.539296843111515045e-02 2.704155258834362030e-02 1.935360766947269440e-02 1.026091072708368301e-02 1.948441006243228912e-02 7.002775091677904129e-03 5.871313624083995819e-04
1.808981643989682198e-03 1.425938494503498077e-02 7.185774855315685272e-03 2.294961549341678619e-02 4.568450152873992920e-03 8.012969046831130981e-03 9.953082771971821785e-04 5.707510281354188919e-03 8.343876004219055176e-01 2.849472500383853912e-02 6.992639100644737482e-05 3.954716026782989502e-02 1.037936192005872726e-03 2.562445588409900665e-02 1.206921972334384918e-02 3.840110031887888908e-03 7.664013653993606567e-03 3.982688486576080322e-02 2.050236798822879791e-02 2.500450983643531799e-02 1.130721764639019966e-03 7.071234285831451416e-03 2.682774513959884644e-02 1.972093619406223297e-02 8.553254418075084686e-03 4.521664697676897049e-03 6.262189708650112152e-03 1.238833647221326828e-02 4.605294452630914748e-05 1.241328194737434387e-02 5.434924736618995667e-03 1.324748434126377106e-02 1.112274266779422760e-02 8.711860515177249908e-03 6.287382566370069981e-04 2.117254957556724548e-02 7.081128191202878952e-03 1.427148468792438507e-02 2.888109907507896423e-02 7.007979787886142731e-03 7.141929119825363159e-03 2.158393524587154388e-02 5.749269854277372360e-03 5.137500353157520294e-03 1.594845764338970184e-02 6.939623504877090454e-03 1.375642698258161545e-02 4.262663424015045166e-03 4.663080722093582153e-02 1.913906447589397430e-02 2.757675712928175926e-03 1.275783032178878784e-02 2.769850194454193115e-03 4.129010252654552460e-03 4.533107578754425049e-02 3.986603580415248871e-03 1.091366820037364960e-02 2.989078173413872719e-03 3.233200870454311371e-03 4.576921463012695312e-03 1.434065029025077820e-02 3.719809697940945625e-03 1.147301215678453445e-02 4.078313708305358887e-03 2.439030678942799568e-03 7.265249732881784439e-03 4.427870735526084900e-03 8.315319195389747620e-03 3.967549186199903488e-03 4.599673557095229626e-04 1.877212524414062500e-02 3.243571892380714417e-02 3.349354863166809082e-02 7.761952583678066730e-04 3.499237820506095886e-02 4.446514323353767395e-02 8.673626929521560669e-02 4.846407100558280945e-03 5.402947962284088135e-02 2.595599740743637085e-03 2.003100700676441193e-02 1.191237103193998337e-02 1.394878607243299484e-02 5.480505526065826416e-03 5.197622347623109818e-03 1.543412823230028152e-02 9.024326689541339874e-03 8.074330165982246399e-03 2.113293670117855072e-02 4.678743425756692886e-03 1.560399215668439865e-02 2.868530573323369026e-03 2.494572289288043976e-02 8.926012553274631500e-03 3.261301293969154358e-02 1.530810538679361343e-02 1.937413937412202358e-03 3.120092675089836121e-02 1.724724657833576202e-02 1.738760061562061310e-02 1.430087443441152573e-02 8.516225032508373260e-03 1.011028885841369629e-02 3.727043280377984047e-03 5.487148184329271317e-03 2.416271250694990158e-03 3.578922897577285767e-02 1.681794598698616028e-02 1.907065138220787048e-02 1.460052002221345901e-02 6.204020464792847633e-04 6.603755522519350052e-03 6.587869022041559219e-03 5.560029763728380203e-03 7.631551474332809448e-03 1.461500185541808605e-03
7.687348872423171997e-03 3.854933660477399826e-03 5.631667096167802811e-03 2.524479292333126068e-02 6.994727300480008125e-04 1.956052146852016449e-02 1.935841888189315796e-02 3.189299721270799637e-03 2.849472500383853912e-02 8.343876004219055176e-01 1.474112179130315781e-02 2.072878368198871613e-02 1.826377399265766144e-02 3.988744691014289856e-02 8.140149526298046112e-03 5.980471614748239517e-03 1.515209395438432693e-02 2.114641480147838593e-02 4.876562207937240601e-02 9.390433318912982941e-03 6.873907521367073059e-03 6.497276481240987778e-03 1.702614687383174896e-02 2.968049235641956329e-02 8.877607993781566620e-03 1.506639737635850906e-02 1.485419273376464844e-02 1.815668120980262756e-02 1.758966594934463501e-03 2.726478874683380127e-02 5.512202158570289612e-03 9.913286194205284119e-03 1.425275579094886780e-03 1.417192537337541580e-02 8.366716094315052032e-03 8.429887704551219940e-03 1.728722080588340759e-02 2.367673907428979874e-03 1.499070227146148682e-02 8.680059574544429779e-03 7.554716430604457855e-03 1.633334346115589142e-02 1.137300394475460052e-02 1.836389862000942230e-02 1.305628288537263870e-02 2.518903650343418121e-02 1.971621066331863403e-02 1.496842224150896072e-02 2.525179274380207062e-02 3.215473890304565430e-02 7.622762583196163177e-03 1.081843394786119461e-02 2.220572205260396004e-03 5.929482169449329376e-03 2.394871087744832039e-03 4.135107249021530151e-02 1.342686824500560760e-02 2.574588917195796967e-02 1.411573030054569244e-02 1.481530442833900452e-02 1.522725727409124374e-02 3.462472185492515564e-02 3.767641261219978333e-03 4.913926590234041214e-03 3.384130075573921204e-03 6.591422948986291885e-03 1.235063280910253525e-02 2.866918221116065979e-03 3.880627080798149109e-02 4.454391449689865112e-02 4.158430919051170349e-02 2.202192507684230804e-02 3.529526665806770325e-02 4.681910201907157898e-02 8.536979556083679199e-03 1.072867121547460556e-02 1.656446233391761780e-02 5.934138596057891846e-02 2.812592498958110809e-02 5.291781947016716003e-02 1.166638545691967010e-02 5.530472844839096069e-03 1.038455497473478317e-02 3.316628932952880859e-02 9.315767325460910797e-03 3.252303972840309143e-02 1.589985215105116367e-03 8.343001827597618103e-04 1.427699718624353409e-02 4.854746162891387939e-02 1.229757443070411682e-02 2.650399133563041687e-02 1.080512721091508865e-02 1.389774959534406662e-02 1.601045392453670502e-02 2.150930464267730713e-02 1.516887824982404709e-02 2.183463983237743378e-02 1.512531097978353500e-02 1.432171370834112167e-02 6.320565938949584961e-03 3.932859748601913452e-03 7.924181409180164337e-03 1.343343406915664673e-02 5.196524318307638168e-03 1.027480140328407288e-02 1.442927587777376175e-02 4.852897021919488907e-03 2.255602180957794189e-02 3.415217623114585876e-02 1.930462010204792023e-02 1.156176533550024033e-02 7.436968851834535599e-03 4.726244602352380753e-03 1.007419172674417496e-02 6.044745445251464844e-03
5.618646740913391113e-02 4.430286213755607605e-02 9.506475180387496948e-03 1.516852900385856628e-02 3.469844581559300423e-03 5.591159686446189880e-02 5.273021757602691650e-02 9.637728333473205566e-03 6.992639100644737482e-05 1.474112179130315781e-02 8.343876004219055176e-01 4.733489826321601868e-03 5.772453173995018005e-02 1.444773562252521515e-02 3.106590174138545990e-02 3.106332197785377502e-02 2.714040316641330719e-02 8.977429941296577454e-03 1.756415818817913532e-03 1.632744818925857544e-02 1.980940066277980804e-02 2.018969506025314331e-02 1.976036652922630310e-02 2.328582480549812317e-02 1.320756785571575165e-02 1.518240664154291153e-02 3.337016096338629723e-03 4.241443239152431488e-03 4.149886965751647949e-02 6.812104955315589905e-03 3.106136620044708252e-02 2.409080229699611664e-02 2.223935350775718689e-02 2.489351294934749603e-02 1.722568273544311523e-02 1.739594712853431702e-02 2.123347669839859009e-02 2.683996863197535276e-04 1.525701023638248444e-02 2.752534113824367523e-02 7.371735759079456329e-03 1.681080274283885956e-02 3.879035124555230141e-03 6.082573905587196350e-03 2.664385130628943443e-03 2.080637402832508087e-02 5.889950692653656006e-02 4.952259734272956848e-02 1.920315064489841461e-02 2.431195043027400970e-02 8.922316133975982666e-03 1.522676739841699600e-02 3.405043855309486389e-02 2.531903237104415894e-02 8.692109026014804840e-03 1.255531050264835358e-02 9.343056939542293549e-03 1.321679074317216873e-02 2.955086156725883484e-02 2.762483246624469757e-02 4.022158682346343994e-03 1.206053979694843292e-02 3.793907118961215019e-03 1.498964522033929825e-02 4.642881825566291809e-02 4.119282215833663940e-02 1.754213310778141022e-02 2.089687250554561615e-02 1.390588190406560898e-02 9.332202374935150146e-03 1.098960638046264648e-02 5.612048786133527756e-03 1.391716301441192627e-03 1.025089644826948643e-03 3.673782106488943100e-03 2.518804976716637611e-03 4.385038744658231735e-03 1.341894734650850296e-02 6.987982778809964657e-04 1.170727051794528961e-02 1.610558666288852692e-02 1.599463820457458496e-02 1.098763290792703629e-02 1.090841460973024368e-02 5.937922280281782150e-03 2.543697878718376160e-02 2.780531160533428192e-02 2.069145441055297852e-02 1.504496950656175613e-02 1.490341499447822571e-03 3.541732951998710632e-02 2.578511834144592285e-02 2.086703851819038391e-02 2.703662589192390442e-02 1.334515400230884552e-02 1.606736797839403152e-03 7.107057608664035797e-03 8.883071132004261017e-03 4.179766401648521423e-03 7.581830024719238281e-03 1.993490383028984070e-02 1.727856136858463287e-02 8.267143741250038147e-03 3.825764870271086693e-03 2.918669953942298889e-02 2.298777922987937927e-02 2.310894802212715149e-02 1.130342297255992889e-02 1.880362443625926971e-02 1.709287054836750031e-02 6.930705276317894459e-04 1.145199965685606003e-02 5.857047159224748611e-03 6.043714471161365509e-03 3.967821132391691208e-03 8.631439879536628723e-03
2.401649206876754761e-02 2.899503521621227264e-02 4.526994656771421432e-03 5.286001600325107574e-03 2.389436773955821991e-02 2.782925963401794434e-02 1.252699829638004303e-02 2.362804487347602844e-02 3.954716026782989502e-02 2.072878368198871613e-02 4.733489826321601868e-03 8.343876004219055176e-01 1.540522929280996323e-02 6.765159964561462402e-02 3.030743077397346497e-02 1.193404942750930786e-02 1.482502464205026627e-02 6.702961400151252747e-03 1.485178526490926743e-02 1.830152049660682678e-02 7.923119701445102692e-03 4.218991845846176147e-03 1.532790530472993851e-02 1.117364224046468735e-02 1.410092692822217941e-02 1.838868297636508942e-02 7.248040288686752319e-03 5.333533883094787598e-02 1.202912442386150360e-02 5.640481784939765930e-02 5.800198297947645187e-03 6.584043148905038834e-03 2.570817247033119202e-03 2.992287743836641312e-03 1.476186420768499374e-02 1.477736048400402069e-02 1.525163929909467697e-02 1.512794522568583488e-03 3.925377037376165390e-03 7.618973497301340103e-03 5.742408335208892822e-03 3.374505415558815002e-02 1.846272125840187073e-02 1.239402219653129578e-02 4.110803455114364624e-02 2.629818581044673920e-02 1.079732272773981094e-02 1.065397355705499649e-02 1.671943441033363342e-02 1.127437502145767212e-02 2.984258905053138733e-02 2.230061218142509460e-02 2.126004314050078392e-03 3.326847450807690620e-03 2.858114894479513168e-03 1.793536171317100525e-02 9.272840805351734161e-03 3.286395967006683350e-02 4.251735750585794449e-03 1.429719012230634689e-02 1.635074149817228317e-04 8.077864535152912140e-03 3.301873221062123775e-04 1.733514666557312012e-02 1.360832713544368744e-02 1.584834605455398560e-02 8.961436338722705841e-03 2.492500643711537123e-04 1.213524490594863892e-02 1.438945718109607697e-02 8.883451111614704132e-03 3.591198474168777466e-03 3.875649766996502876e-03 1.710791140794754028e-02 1.530482620000839233e-02 1.697337627410888672e-02 5.177270993590354919e-02 2.189551293849945068e-02 3.591159358620643616e-02 1.473319623619318008e-02 7.126638200134038925e-03 8.353903889656066895e-03 2.475026994943618774e-02 3.197031840682029724e-02 1.292788516730070114e-02 1.010067062452435493e-03 1.630381308495998383e-02 2.493825554847717285e-02 2.675783820450305939e-02 3.032435476779937744e-02 2.669329755008220673e-02 2.288451232016086578e-02 1.780611276626586914e-02 1.187761873006820679e-02 4.898401908576488495e-03 1.937937922775745392e-02 4.224050324410200119e-03 8.592332713305950165e-03 2.843390591442584991e-02 2.323061600327491760e-02 1.098733674734830856e-02 1.546633080579340458e-03 2.180273458361625671e-02 1.621185988187789917e-02 4.992374684661626816e-03 3.062881296500563622e-03 6.656296551227569580e-03 1.189643051475286484e-03 1.354898326098918915e-02 6.807244848459959030e-03 2.988457679748535156e-02 2.341658994555473328e-02 1.408060733228921890e-02 1.036883611232042313e-02 5.432216916233301163e-03 1.755955815315246582e-02
6.417285650968551636e-02 5.557697638869285583e-02 1.741971261799335480e-02 1.215734425932168961e-02 1.360368262976408005e-02 6.232839450240135193e-02 5.617818236351013184e-02 1.866032555699348450e-02 1.037936192005872726e-03 1.826377399265766144e-02 5.772453173995018005e-02 1.540522929280996323e-02 8.343876004219055176e-01 2.848171256482601166e-02 3.674333915114402771e-02 2.061014622449874878e-02 1.308695413172245026e-02 8.265162818133831024e-03 1.300181914120912552e-02 1.186246983706951141e-02 1.690055429935455322e-02 1.638509705662727356e-02 1.427217200398445129e-02 1.553500443696975708e-02 6.781532894819974899e-03 1.075170747935771942e-02 1.316804904490709305e-02 2.116758935153484344e-02 4.248369112610816956e-02 2.422681450843811035e-02 4.919463023543357849e-02 1.749278604984283447e-02 2.750268019735813141e-02 1.315939333289861679e-02 4.506787750869989395e-03 1.352485828101634979e-02 1.867468468844890594e-02 1.634578220546245575e-02 6.101856939494609833e-03 1.702591776847839355e-02 1.004472281783819199e-02 1.136685349047183990e-02 6.108292844146490097e-03 1.664051972329616547e-02 2.892130753025412560e-03 2.624518424272537231e-02 6.002563983201980591e-02 5.577757209539413452e-02 1.668166555464267731e-02 1.679549179971218109e-02 1.533014606684446335e-02 1.576816476881504059e-02 2.659537456929683685e-02 1.481027808040380478e-02 1.112061366438865662e-02 1.427978929132223129e-02 1.431101188063621521e-02 1.299688685685396194e-02 3.132115676999092102e-02 2.642571181058883667e-02 1.306554675102233887e-02 1.316343341022729874e-02 8.650752715766429901e-03 1.097430009394884109e-02 3.919462114572525024e-02 4.809074103832244873e-02 1.228448562324047089e-02 1.610543578863143921e-02 1.101693138480186462e-02 7.650829851627349854e-03 1.343443989753723145e-02 1.040280889719724655e-02 6.460052682086825371e-04 2.760786446742713451e-04 1.079361233860254288e-02 1.056788209825754166e-02 1.205420121550559998e-02 1.605975255370140076e-02 7.671928964555263519e-03 1.281053945422172546e-02 1.766420342028141022e-02 9.180261753499507904e-03 1.149324327707290649e-02 2.635347843170166016e-02 4.426359664648771286e-03 1.606989279389381409e-02 2.170865237712860107e-02 2.116298675537109375e-02 1.759514794684946537e-03 1.173974946141242981e-02 3.947581723332405090e-02 1.774844899773597717e-02 3.227279335260391235e-02 2.857305854558944702e-02 8.185391314327716827e-03 2.796218264847993851e-03 3.289983840659260750e-03 9.507393464446067810e-03 2.481273142620921135e-03 2.204750897362828255e-03 6.432295776903629303e-03 8.169968496076762676e-04 4.883544053882360458e-03 3.965087234973907471e-03 1.631193794310092926e-02 5.719549953937530518e-03 1.185221131891012192e-02 9.273359319195151329e-05 2.389870351180434227e-03 1.944804936647415161e-02 5.449183285236358643e-03 6.255111191421747208e-03 7.038170937448740005e-03 5.606085062026977539e-03 1.526575884781777859e-03 5.296015180647373199e-03
