8.412448763847351074e-01 7.935278117656707764e-02 8.807749487459659576e-03 1.938484795391559601e-02 2.153450995683670044e-02 8.120946586132049561e-02 3.952027484774589539e-02 2.723012119531631470e-03 9.675642359070479870e-04 9.418947622179985046e-03 8.469949662685394287e-02 1.438902341760694981e-03 5.639067664742469788e-02 4.958502016961574554e-03 8.569749072194099426e-03 2.560456842184066772e-02 5.130375735461711884e-03 7.833180017769336700e-03 6.129015702754259109e-03 1.457647979259490967e-02 8.088739588856697083e-03 1.076698862016201019e-02 1.285284874029457569e-03 3.430712735280394554e-03 1.990707777440547943e-02 1.253664214164018631e-02 7.259366102516651154e-03 6.943694781512022018e-03 3.495620796456933022e-03 2.539014071226119995e-02 2.659717574715614319e-03 1.656632497906684875e-02 1.311445701867341995e-02 8.052589371800422668e-03 1.651914790272712708e-03 2.172781340777873993e-02 4.337240010499954224e-03 1.986901462078094482e-02 3.963678702712059021e-02 2.501957304775714874e-02 3.680898807942867279e-03 4.382107872515916824e-03 3.910831641405820847e-03 1.038245763629674911e-02 1.446370128542184830e-02 1.054450217634439468e-02 5.169571191072463989e-02 1.876515801995992661e-03 3.827903885394334793e-03 7.149623706936836243e-03 1.834907016018405557e-04 1.725004799664020538e-02 8.123006671667098999e-03 1.459912862628698349e-02 3.231293056160211563e-03 8.563564158976078033e-03 3.672828432172536850e-03 1.150934677571058273e-02 1.773683354258537292e-02 2.005892992019653320e-02 7.897629402577877045e-03 6.654466269537806511e-04 1.434123981744050980e-02 1.316886581480503082e-02 1.550390757620334625e-02 1.946808956563472748e-02 1.501790899783372879e-02 4.304429050534963608e-03 6.385555607266724110e-04 1.071318145841360092e-02 1.391931553371250629e-03 5.711408448405563831e-04 2.500535361468791962e-02 7.082236930727958679e-03 2.255813404917716980e-02 9.582478553056716919e-03 8.197113638743758202e-04 6.240016315132379532e-03 3.462104592472314835e-03 2.544906921684741974e-02 1.273750513792037964e-02 8.003419265151023865e-03 6.241077557206153870e-03 8.522188290953636169e-03 8.328772149980068207e-03 2.119681425392627716e-02 2.154194662580266595e-04 1.557307085022330284e-03 4.047789610922336578e-03 1.472629606723785400e-02 6.543636787682771683e-03 8.885673247277736664e-03 1.875935681164264679e-02 2.534469962120056152e-02 2.716254256665706635e-02 1.203318312764167786e-02 1.953501068055629730e-02 7.919248891994357109e-04 1.440732274204492569e-03 7.664994918741285801e-04 8.821623399853706360e-03 4.269458819180727005e-03 1.968508213758468628e-02 1.842323876917362213e-02 6.826973520219326019e-03 1.401344779878854752e-02 4.846804775297641754e-03 3.428199095651507378e-03 1.154159472207538784e-04 1.799966767430305481e-02 1.768356305547058582e-03 1.441005244851112366e-02 2.178487367928028107e-03 2.221872843801975250e-02 8.448028936982154846e-03 1.908605918288230896e-02
7.935278117656707764e-02 8.412448763847351074e-01 4.473907873034477234e-03 1.571893109939992428e-03 1.588579080998897552e-02 6.420496106147766113e-02 5.887525528669357300e-02 1.454314310103654861e-02 1.862786151468753815e-02 1.176159735769033432e-02 5.668087303638458252e-02 1.316295703873038292e-03 6.775282323360443115e-02 5.737089551985263824e-03 6.243444979190826416e-03 5.884997546672821045e-03 1.844591111876070499e-03 7.066023070365190506e-03 1.309173740446567535e-02 5.025141872465610504e-03 2.192933345213532448e-03 4.598905146121978760e-02 5.300686461851000786e-04 3.480694955214858055e-03 1.864740252494812012e-02 2.038393355906009674e-02 4.950734786689281464e-03 1.556009403429925442e-03 3.290336951613426208e-02 1.637954637408256531e-02 4.097264725714921951e-03 1.935805007815361023e-02 2.440460259094834328e-03 1.686581037938594818e-02 1.912727253511548042e-03 6.234742235392332077e-03 8.211474778363481164e-05 2.671959064900875092e-02 9.881878271698951721e-03 1.426546648144721985e-02 2.960810996592044830e-02 2.301772110513411462e-05 4.725096747279167175e-03 2.690809080377221107e-03 3.091154387220740318e-03 5.046362057328224182e-03 2.576508745551109314e-02 1.654792577028274536e-02 9.645694866776466370e-03 1.293984893709421158e-02 7.284920662641525269e-03 1.153305917978286743e-02 1.999760512262582779e-03 7.232985808514058590e-04 3.903832286596298218e-03 2.641124650835990906e-03 1.509127579629421234e-02 6.659199949353933334e-03 1.593042165040969849e-02 1.257860660552978516e-02 4.731184802949428558e-03 2.497013425454497337e-03 1.473674643784761429e-02 3.965179901570081711e-03 3.051732433959841728e-03 1.295486558228731155e-02 1.998168788850307465e-02 3.767499001696705818e-03 1.386026386171579361e-02 2.729836292564868927e-02 6.373490206897258759e-03 1.119219698011875153e-02 1.035585626959800720e-02 2.689490839838981628e-02 9.854720905423164368e-03 1.881247572600841522e-02 1.773392595350742340e-02 1.668940111994743347e-02 3.072762861847877502e-03 1.426830701529979706e-02 9.739936329424381256e-03 5.869882879778742790e-04 1.598872942849993706e-03 2.037713304162025452e-02 5.506161600351333618e-03 5.059013608843088150e-03 1.067628152668476105e-02 6.242242176085710526e-03 5.589073523879051208e-03 9.773396886885166168e-03 2.126079238951206207e-02 7.607399486005306244e-03 3.158251289278268814e-03 2.967033360619097948e-04 4.933276679366827011e-03 5.051490385085344315e-03 3.402886167168617249e-02 1.330984104424715042e-02 5.862180609256029129e-03 1.477233693003654480e-02 1.140569522976875305e-02 5.496182013303041458e-03 2.730909734964370728e-02 3.250800818204879761e-02 3.929102327674627304e-03 5.826340522617101669e-03 1.118892058730125427e-02 1.448453683406114578e-02 1.220772322267293930e-02 1.617413200438022614e-02 1.355532463639974594e-02 3.724098950624465942e-02 7.049512118101119995e-03 1.536199636757373810e-02 2.021459676325321198e-02 2.839718014001846313e-02
8.807749487459659576e-03 4.473907873034477234e-03 8.412448763847351074e-01 6.567030679434537888e-03 2.113988064229488373e-02 1.741400361061096191e-02 1.729517430067062378e-02 4.254673421382904053e-02 1.904175430536270142e-02 2.232133410871028900e-03 1.496016234159469604e-02 2.084606885910034180e-02 2.451104298233985901e-02 4.287889972329139709e-02 1.584527431987226009e-03 1.028521265834569931e-02 1.363708917051553726e-02 1.094899792224168777e-02 5.553158465772867203e-03 1.187326014041900635e-02 1.950940862298011780e-02 3.588931402191519737e-03 1.433146465569734573e-02 9.147769771516323090e-03 4.189057275652885437e-03 1.825993321835994720e-02 1.146733574569225311e-02 2.243334800004959106e-02 8.138809353113174438e-04 4.380700644105672836e-03 1.582548394799232483e-02 2.232203725725412369e-03 4.014419857412576675e-03 1.050579454749822617e-02 2.579334005713462830e-02 2.540457621216773987e-02 9.399549104273319244e-03 6.910022348165512085e-03 2.421737462282180786e-02 1.307158172130584717e-02 1.219290960580110550e-02 8.889356628060340881e-03 1.867623254656791687e-02 2.284098789095878601e-02 3.910549357533454895e-02 3.111503832042217255e-02 3.355367481708526611e-02 1.784535124897956848e-02 1.567735336720943451e-03 8.165526669472455978e-04 3.248755121603608131e-03 1.190557796508073807e-02 1.066456921398639679e-02 1.564378477632999420e-02 1.126889046281576157e-02 2.348324051126837730e-03 3.573318943381309509e-02 1.033371128141880035e-02 1.155535224825143814e-03 6.574419792741537094e-03 3.183343261480331421e-02 1.701679266989231110e-02 1.950991898775100708e-02 1.985408551990985870e-02 5.467385519295930862e-03 3.228691220283508301e-02 1.094571873545646667e-02 1.035573612898588181e-02 2.614541538059711456e-02 3.161419183015823364e-03 1.090388186275959015e-02 8.160728029906749725e-03 1.971946656703948975e-02 1.233639940619468689e-02 1.181872840970754623e-02 1.374444365501403809e-02 2.528409659862518311e-02 9.145191870629787445e-03 1.342127099633216858e-02 1.273113116621971130e-02 3.711186721920967102e-02 2.670859545469284058e-02 3.341761883348226547e-03 1.723862253129482269e-02 8.813567459583282471e-03 6.130849011242389679e-03 2.448621764779090881e-02 1.027787802740931511e-03 2.737479470670223236e-02 3.284088522195816040e-02 2.362065389752388000e-02 6.440202239900827408e-03 3.479263186454772949e-02 7.924264296889305115e-03 2.127936854958534241e-02 2.212152257561683655e-02 7.401727605611085892e-03 9.362582117319107056e-03 1.442220807075500488e-02 1.776628382503986359e-02 1.041629002429544926e-03 4.578777006827294827e-04 6.476570386439561844e-03 9.623942896723747253e-03 7.560651749372482300e-03 2.019762992858886719e-02 1.224877126514911652e-02 8.586837910115718842e-03 1.003334950655698776e-02 7.218818180263042450e-03 1.455843169242143631e-02 1.489345543086528778e-02 1.050591748207807541e-02 3.214468248188495636e-03 1.880449615418910980e-02 3.605891019105911255e-03
1.938484795391559601e-02 1.571893109939992428e-03 6.567030679434537888e-03 8.412448763847351074e-01 4.485552385449409485e-02 3.747497976291924715e-04 3.635955974459648132e-03 1.171182002872228622e-02 1.294743549078702927e-02 1.129768695682287216e-02 1.578936167061328888e-02 6.489934399724006653e-03 5.964613053947687149e-03 1.476637460291385651e-02 4.854078870266675949e-03 2.544864639639854431e-02 9.128756821155548096e-03 2.617286518216133118e-03 2.503351541236042976e-03 4.333689808845520020e-03 2.374381758272647858e-03 3.367530880495905876e-04 7.298004347831010818e-03 7.861874997615814209e-03 1.912966836243867874e-04 1.345356088131666183e-02 1.861209422349929810e-02 1.189462002366781235e-02 3.209388256072998047e-02 2.261907421052455902e-02 1.375157944858074188e-02 6.059602368623018265e-03 1.243786886334419250e-02 1.689967513084411621e-02 1.583308726549148560e-02 1.705489703454077244e-03 6.271056365221738815e-03 9.226856753230094910e-03 6.070494651794433594e-02 2.304637804627418518e-02 3.459613397717475891e-02 2.352199144661426544e-02 1.672652550041675568e-02 4.727901890873908997e-03 2.628516964614391327e-02 4.879829939454793930e-03 1.392387319356203079e-02 1.917191594839096069e-02 2.069912664592266083e-02 5.103692412376403809e-03 1.238234527409076691e-02 8.393117226660251617e-03 3.171671181917190552e-02 3.027720563113689423e-02 2.660549432039260864e-02 1.123750489205121994e-02 1.537411008030176163e-02 9.431535378098487854e-03 3.972227871417999268e-02 2.520927600562572479e-02 1.552719902247190475e-02 2.719969488680362701e-03 2.527917362749576569e-02 2.306459844112396240e-02 4.259871318936347961e-02 2.762725390493869781e-02 8.012910839170217514e-04 6.089578848332166672e-03 1.116839237511157990e-02 3.341939067468047142e-03 1.011616829782724380e-02 2.334491349756717682e-03 5.868510156869888306e-02 1.111932471394538879e-02 5.540279671549797058e-02 2.793407300487160683e-03 1.364659890532493591e-02 3.073159372434020042e-03 2.232328429818153381e-02 1.935899443924427032e-02 1.473991014063358307e-02 1.855972409248352051e-02 1.383111719042062759e-02 2.677841484546661377e-02 1.727119903080165386e-03 3.272349387407302856e-02 2.113072201609611511e-02 2.145445346832275391e-02 9.690955281257629395e-03 4.761449992656707764e-03 3.060375899076461792e-02 8.611194789409637451e-03 2.077283151447772980e-02 1.018349453806877136e-02 1.421018317341804504e-02 9.564114734530448914e-04 1.246723067015409470e-02 1.327415276318788528e-02 4.868294578045606613e-03 6.155564915388822556e-04 3.418436972424387932e-03 6.912246812134981155e-03 3.282656194642186165e-03 5.707138217985630035e-03 8.623869158327579498e-03 2.276355773210525513e-02 9.033755050040781498e-04 2.709619700908660889e-02 1.654913648962974548e-02 1.802040636539459229e-02 2.325254864990711212e-02 8.290898054838180542e-03 2.279607206583023071e-02 1.898664981126785278e-02 1.935253106057643890e-02 3.692137775942683220e-03
2.153450995683670044e-02 1.588579080998897552e-02 2.113988064229488373e-02 4.485552385449409485e-02 8.412448763847351074e-01 9.142904542386531830e-03 2.302753273397684097e-03 2.141807414591312408e-02 1.053385902196168900e-02 7.114330306649208069e-03 2.149997092783451080e-02 7.471815915778279305e-04 1.048797182738780975e-02 5.082680843770503998e-03 2.316479943692684174e-02 2.364984527230262756e-02 2.378882840275764465e-02 1.193809881806373596e-02 1.531396876089274883e-03 1.787319895811378956e-03 8.188633248209953308e-03 2.367394044995307922e-02 1.345004700124263763e-02 1.237505767494440079e-02 1.489755138754844666e-02 1.807952485978603363e-02 3.274857765063643456e-03 5.768826231360435486e-04 7.189762312918901443e-03 9.551012888550758362e-03 3.502401290461421013e-03 3.108225530013442039e-03 2.020923048257827759e-02 2.451607258990406990e-03 2.394637092947959900e-02 2.072810567915439606e-02 1.745389774441719055e-02 8.909058757126331329e-03 4.692130163311958313e-02 4.140652716159820557e-02 7.182637229561805725e-03 1.189167052507400513e-02 1.636522635817527771e-02 1.526834350079298019e-02 1.239022240042686462e-02 6.606097333133220673e-03 1.696050749160349369e-03 1.034396584145724773e-03 5.989974364638328552e-03 1.288827043026685715e-02 1.104163564741611481e-02 1.984149590134620667e-02 3.830144926905632019e-02 3.160858154296875000e-02 5.636537447571754456e-03 2.009167522192001343e-02 1.099172886461019516e-02 2.167010493576526642e-02 3.752294182777404785e-02 2.583717927336692810e-02 2.758282423019409180e-02 2.975676208734512329e-02 3.032650612294673920e-02 1.697630994021892548e-02 1.535540260374546051e-02 4.184115212410688400e-03 1.316353119909763336e-02 2.302848733961582184e-03 2.216848358511924744e-02 1.043903268873691559e-02 2.609276399016380310e-02 1.599437184631824493e-02 4.492884501814842224e-02 3.739257110282778740e-03 5.563212931156158447e-02 1.876897923648357391e-02 2.295199222862720490e-02 1.316649280488491058e-02 2.417310606688261032e-03 8.264903910458087921e-03 2.506559528410434723e-02 2.837776392698287964e-02 1.586435548961162567e-02 1.393625140190124512e-02 5.305984057486057281e-03 8.001344278454780579e-03 2.441408112645149231e-02 2.616664022207260132e-02 2.211908251047134399e-02 2.799988258630037308e-03 2.214100677520036697e-03 1.724044978618621826e-02 2.107243984937667847e-03 2.022780105471611023e-02 1.522379089146852493e-02 8.955909870564937592e-03 9.793665260076522827e-03 1.845292374491691589e-02 9.789971634745597839e-03 6.713971961289644241e-03 1.758023723959922791e-02 8.355955593287944794e-03 4.609582480043172836e-03 2.389762178063392639e-02 1.959312334656715393e-02 3.485042229294776917e-02 2.139214798808097839e-02 7.170177064836025238e-03 1.842473447322845459e-02 5.136675667017698288e-03 1.170681280200369656e-04 7.396511500701308250e-05 2.324822545051574707e-02 4.189489874988794327e-03 1.690069586038589478e-02 1.963660120964050293e-03
8.120946586132049561e-02 6.420496106147766113e-02 1.741400361061096191e-02 3.747497976291924715e-04 9.142904542386531830e-03 8.412448763847351074e-01 6.722971051931381226e-02 1.720363087952136993e-02 2.106575295329093933e-02 1.822414994239807129e-02 6.376684457063674927e-02 1.478655915707349777e-02 5.849629268050193787e-02 1.925162039697170258e-02 1.171763241291046143e-02 1.307583600282669067e-02 3.026506630703806877e-03 1.159865222871303558e-02 2.413759753108024597e-02 1.626566424965858459e-02 1.030113827437162399e-02 1.164995227009057999e-02 1.331457123160362244e-02 3.786582266911864281e-03 3.494738833978772163e-03 4.811475984752178192e-03 6.918819621205329895e-03 1.865032128989696503e-02 1.687766239047050476e-02 3.413204848766326904e-02 1.109228096902370453e-02 7.394885178655385971e-03 3.848930355161428452e-03 6.388184614479541779e-03 1.029747352004051208e-02 8.667281828820705414e-03 3.349461359903216362e-03 2.169561013579368591e-02 1.790596172213554382e-02 2.211199328303337097e-02 7.515056058764457703e-03 1.071104686707258224e-02 9.649351239204406738e-03 2.377758920192718506e-02 1.459924317896366119e-02 1.453235466033220291e-02 5.801300704479217529e-02 1.386231463402509689e-02 1.922405138611793518e-02 1.515393331646919250e-02 1.503468025475740433e-02 1.349564292468130589e-03 8.464478887617588043e-03 5.886862985789775848e-03 1.972833834588527679e-02 2.527948655188083649e-02 1.818196102976799011e-02 1.864818297326564789e-02 6.278211716562509537e-03 6.446635816246271133e-04 9.332173503935337067e-03 1.617429964244365692e-02 1.159078720957040787e-02 1.000345684587955475e-02 9.003457962535321712e-04 7.867688313126564026e-03 7.074599154293537140e-03 1.365150697529315948e-02 1.018632110208272934e-02 1.171752996742725372e-02 4.773973487317562103e-03 7.410746067762374878e-03 1.222988311201334000e-02 1.372998394072055817e-02 9.810215793550014496e-03 1.684845983982086182e-02 1.523820403963327408e-02 1.756515167653560638e-02 1.328588742762804031e-02 2.932056039571762085e-02 9.829088114202022552e-03 2.707408508285880089e-03 5.955656059086322784e-03 1.579444482922554016e-02 5.032525397837162018e-03 1.508243009448051453e-02 1.258577965199947357e-02 2.634651493281126022e-03 2.107576467096805573e-02 2.064255811274051666e-02 5.380511749535799026e-03 3.832121612504124641e-03 8.921517059206962585e-03 1.296220161020755768e-02 5.540794227272272110e-03 9.961506351828575134e-03 2.505927719175815582e-02 8.998329751193523407e-03 1.060512848198413849e-02 8.900453336536884308e-03 5.973022431135177612e-03 2.446829108521342278e-03 2.405025437474250793e-02 1.171131711453199387e-02 6.405527703464031219e-03 7.201278582215309143e-03 2.673598239198327065e-03 1.816633716225624084e-02 8.569180965423583984e-03 2.556253224611282349e-02 5.705687799490988255e-04 1.711793430149555206e-02 5.215505603700876236e-03 2.304830029606819153e-02 4.613488446921110153e-03 2.013326622545719147e-02
3.952027484774589539e-02 5.887525528669357300e-02 1.729517430067062378e-02 3.635955974459648132e-03 2.302753273397684097e-03 6.722971051931381226e-02 8.412448763847351074e-01 9.433522820472717285e-03 4.112704098224639893e-02 1.828541420400142670e-02 5.308901518583297729e-02 1.388518139719963074e-02 5.401550233364105225e-02 2.757749706506729126e-02 4.105110187083482742e-03 3.535060677677392960e-03 5.590001586824655533e-03 1.583304628729820251e-02 2.434789389371871948e-02 3.451941534876823425e-02 2.125109173357486725e-02 2.172410301864147186e-02 1.190760452300310135e-02 4.352069459855556488e-03 8.840354159474372864e-03 1.381094683893024921e-03 8.484456688165664673e-03 1.175193488597869873e-02 1.487891189754009247e-02 2.593287266790866852e-02 4.968196735717356205e-04 1.507935859262943268e-02 5.845914711244404316e-04 7.512522395700216293e-03 4.679960256908088923e-04 3.540721256285905838e-03 2.731970278546214104e-03 1.011101249605417252e-02 3.845586907118558884e-03 1.307818572968244553e-02 4.548700992017984390e-03 8.379535749554634094e-03 1.045536529272794724e-02 9.988643229007720947e-03 3.262453246861696243e-03 3.033641725778579712e-03 4.465397819876670837e-02 4.832309484481811523e-02 3.086808882653713226e-02 1.073917187750339508e-02 1.266703475266695023e-02 1.638736017048358917e-02 1.023907493799924850e-02 1.095012854784727097e-02 2.468967996537685394e-02 1.614388823509216309e-02 2.304655499756336212e-02 1.103258971124887466e-02 1.601340365596115589e-03 8.002507383935153484e-04 1.026608981192111969e-02 1.146616693586111069e-02 3.817910328507423401e-03 2.916531637310981750e-03 1.350111607462167740e-02 7.536108605563640594e-03 2.217690087854862213e-02 2.263306453824043274e-02 1.501041837036609650e-02 1.155195012688636780e-02 2.757400041446089745e-03 2.317246980965137482e-02 7.313017733395099640e-03 1.014278735965490341e-02 5.458265542984008789e-03 2.488133311271667480e-02 3.335005789995193481e-02 2.078655362129211426e-02 1.932791806757450104e-02 1.818022131919860840e-02 3.261358477175235748e-03 1.601559668779373169e-02 1.764799468219280243e-02 1.714678108692169189e-02 2.139184437692165375e-02 6.382835563272237778e-04 9.494368918240070343e-03 3.209647722542285919e-03 2.887983620166778564e-02 5.867691361345350742e-04 7.541405037045478821e-03 8.834893815219402313e-03 1.533376052975654602e-02 8.410040289163589478e-03 2.190058492124080658e-02 1.800949685275554657e-02 2.105415426194667816e-02 2.045750617980957031e-02 2.298627421259880066e-02 2.053924277424812317e-02 1.222042628796771169e-04 1.197679783217608929e-03 2.135705947875976562e-02 2.331596612930297852e-02 3.646941622719168663e-03 2.068867674097418785e-03 8.215727284550666809e-03 1.951841078698635101e-02 1.581342075951397419e-03 1.896801032125949860e-02 7.796022109687328339e-03 3.216702863574028015e-02 1.062923949211835861e-02 2.532269433140754700e-02 7.828378002159297466e-04 1.638702303171157837e-02
2.723012119531631470e-03 1.454314310103654861e-02 4.254673421382904053e-02 1.171182002872228622e-02 2.141807414591312408e-02 1.720363087952136993e-02 9.433522820472717285e-03 8.412448763847351074e-01 1.462203450500965118e-02 1.543907541781663895e-02 3.313870402052998543e-03 7.009398192167282104e-03 4.462741781026124954e-04 3.779992461204528809e-03 2.030304446816444397e-02 9.784912690520286560e-03 1.021667104214429855e-02 2.054485678672790527e-02 1.059370022267103195e-02 1.025007758289575577e-02 1.693504862487316132e-02 1.758934743702411652e-02 1.857836730778217316e-02 1.443149615079164505e-02 3.085174132138490677e-03 4.644025117158889771e-03 1.114619802683591843e-02 6.537356879562139511e-03 1.218806114047765732e-02 6.247260607779026031e-03 1.307123061269521713e-02 4.467852413654327393e-03 9.253942407667636871e-03 6.013358011841773987e-03 1.969343237578868866e-02 2.892108820378780365e-02 2.000433765351772308e-02 6.010180222801864147e-04 1.766290143132209778e-02 1.281539164483547211e-02 1.937892846763134003e-02 7.721296977251768112e-03 2.036292664706707001e-02 4.466775339096784592e-03 2.952374285086989403e-03 2.140538021922111511e-02 2.249403484165668488e-02 1.463715266436338425e-02 7.793927099555730820e-03 6.772296503186225891e-03 3.121164068579673767e-02 2.739383280277252197e-02 1.771846413612365723e-02 1.863233186304569244e-02 1.049561146646738052e-02 2.008465304970741272e-02 1.692067645490169525e-02 8.962918072938919067e-03 2.211770601570606232e-02 1.241620630025863647e-02 2.555310912430286407e-02 2.590223960578441620e-02 2.269910648465156555e-02 3.141659498214721680e-02 1.439622603356838226e-03 1.117301406338810921e-03 1.456800661981105804e-02 7.060011848807334900e-03 1.213537156581878662e-02 5.809110123664140701e-03 1.592575199902057648e-02 5.522031569853425026e-04 8.838842622935771942e-03 1.799216121435165405e-02 6.185696460306644440e-03 1.009816769510507584e-02 1.372760068625211716e-02 2.918746322393417358e-02 4.694509785622358322e-03 2.667929045855998993e-02 5.396906286478042603e-02 3.391262888908386230e-02 8.523612283170223236e-03 4.986808635294437408e-03 1.173274312168359756e-02 1.296401768922805786e-02 4.186597838997840881e-02 2.881864085793495178e-02 2.816171944141387939e-02 3.296894580125808716e-02 2.460341528058052063e-02 3.997635503765195608e-04 1.384518388658761978e-02 3.188997652614489198e-05 7.876985706388950348e-03 1.249420456588268280e-02 1.456587109714746475e-02 4.507356788963079453e-03 2.013392280787229538e-03 9.599687531590461731e-03 2.782135736197233200e-03 3.092831466346979141e-03 3.600109834223985672e-03 7.992463652044534683e-04 4.548004362732172012e-03 1.449685264378786087e-02 2.784874290227890015e-02 1.089897286146879196e-02 1.371723972260951996e-02 3.529011271893978119e-03 1.395405642688274384e-02 2.002937346696853638e-02 1.384427677839994431e-02 2.586567401885986328e-02 2.615233883261680603e-03 2.054884796962141991e-03
9.675642359070479870e-04 1.862786151468753815e-02 1.904175430536270142e-02 1.294743549078702927e-02 1.053385902196168900e-02 2.106575295329093933e-02 4.112704098224639893e-02 1.462203450500965118e-02 8.412448763847351074e-01 3.577477857470512390e-02 1.864374987781047821e-02 3.971554804593324661e-03 3.079636953771114349e-02 9.654331952333450317e-03 1.002145372331142426e-02 2.830869331955909729e-02 2.260725572705268860e-02 3.516224399209022522e-02 1.899166777729988098e-02 1.375141553580760956e-02 2.782693691551685333e-02 2.785775111988186836e-03 2.924051322042942047e-02 1.869879290461540222e-02 1.147385220974683762e-02 1.510836929082870483e-02 1.845977082848548889e-02 3.600208088755607605e-03 1.020045485347509384e-02 1.116106007248163223e-02 2.817687112838029861e-03 2.519676275551319122e-02 1.906877756118774414e-02 1.993422582745552063e-02 2.303452417254447937e-02 9.928344748914241791e-03 5.804285407066345215e-03 5.895107518881559372e-03 9.476372972130775452e-03 1.053282991051673889e-03 4.699892364442348480e-03 3.049785271286964417e-02 2.357995510101318359e-02 4.102383274585008621e-03 1.627917587757110596e-02 2.725520636886358261e-03 2.251939661800861359e-02 3.199115395545959473e-02 2.854162640869617462e-02 2.477787993848323822e-02 1.585788093507289886e-02 2.295901998877525330e-02 1.556939212605357170e-03 8.346428163349628448e-03 3.624730184674263000e-02 1.984128728508949280e-02 3.011475689709186554e-02 1.190100889652967453e-02 4.420884884893894196e-03 5.697869230061769485e-03 2.664806134998798370e-02 1.698349788784980774e-02 1.394858863204717636e-02 6.606001872569322586e-03 1.700948225334286690e-03 1.388447172939777374e-02 1.486326381564140320e-02 2.397482469677925110e-02 3.670221567153930664e-02 2.049352601170539856e-02 2.106514759361743927e-02 3.781223669648170471e-02 1.554175396449863911e-03 1.591435261070728302e-02 2.390423469478264451e-04 3.444840013980865479e-02 5.252017453312873840e-02 3.634180128574371338e-02 2.832327596843242645e-02 1.601646468043327332e-02 1.706416159868240356e-02 2.450159750878810883e-02 4.053883999586105347e-02 1.456478517502546310e-02 3.309961780905723572e-02 7.178920786827802658e-03 1.030597556382417679e-02 3.949196543544530869e-03 3.683479502797126770e-02 3.753419034183025360e-03 3.760397201403975487e-03 1.623240113258361816e-02 2.159575559198856354e-02 2.570242807269096375e-02 2.927598170936107635e-02 1.765635795891284943e-02 1.503382995724678040e-02 3.520369529724121094e-02 3.365470468997955322e-02 3.078895993530750275e-02 1.553914695978164673e-02 3.047955222427845001e-03 2.483835443854331970e-02 2.972904406487941742e-02 1.393267884850502014e-02 9.397367946803569794e-03 1.230599638074636459e-02 2.504540234804153442e-02 3.488180460408329964e-03 1.311797555536031723e-02 3.985853400081396103e-03 3.153793141245841980e-02 2.688598632812500000e-02 2.566892281174659729e-02 5.124773015268146992e-04 3.298478573560714722e-02
9.418947622179985046e-03 1.176159735769033432e-02 2.232133410871028900e-03 1.129768695682287216e-02 7.114330306649208069e-03 1.822414994239807129e-02 1.828541420400142670e-02 1.543907541781663895e-02 3.577477857470512390e-02 8.412448763847351074e-01 6.651449482887983322e-03 1.215582247823476791e-02 1.676629111170768738e-02 1.665056683123111725e-02 2.494443207979202271e-02 1.827141083776950836e-02 2.636929787695407867e-02 3.279173001646995544e-02 4.199268668889999390e-02 3.597147762775421143e-03 1.856903359293937683e-02 9.836507961153984070e-03 3.211905807256698608e-02 2.725372835993766785e-02 2.006326802074909210e-02 2.220576629042625427e-02 2.169757708907127380e-02 1.533489674329757690e-03 1.820380100980401039e-03 5.615162663161754608e-03 1.847087405622005463e-03 2.280468121170997620e-02 1.718891598284244537e-02 2.348790131509304047e-02 1.797840744256973267e-02 1.417621225118637085e-02 1.641112938523292542e-02 1.640285551548004150e-02 8.203985169529914856e-03 2.679351717233657837e-03 1.423766650259494781e-02 2.257776632905006409e-02 2.306480705738067627e-02 9.999794419854879379e-04 8.024502545595169067e-03 2.624009549617767334e-02 1.679597236216068268e-02 1.941892318427562714e-02 1.496413163840770721e-02 4.075128212571144104e-02 1.392575446516275406e-02 2.425245009362697601e-02 8.097060956060886383e-03 1.158756320364773273e-03 9.955608285963535309e-03 3.982817381620407104e-02 2.052747085690498352e-02 3.134663403034210205e-02 2.255048369988799095e-03 1.041257404722273350e-03 2.045778557658195496e-02 3.087404556572437286e-02 3.323822049424052238e-03 2.821490401402115822e-03 1.090055913664400578e-03 1.145114749670028687e-02 1.048019248992204666e-02 1.978994160890579224e-02 2.829853817820549011e-02 3.460033237934112549e-02 2.859159559011459351e-02 2.989522926509380341e-02 2.444032765924930573e-02 3.091595321893692017e-02 1.545219868421554565e-02 2.934617921710014343e-02 2.898205816745758057e-02 4.685647413134574890e-02 1.173708029091358185e-02 4.133419692516326904e-02 1.534386258572340012e-02 1.842634752392768860e-02 3.162780404090881348e-02 3.828947618603706360e-02 2.112766355276107788e-02 3.104120492935180664e-02 8.247696794569492340e-03 8.112916722893714905e-03 2.258667536079883575e-02 1.946434937417507172e-02 6.035326048731803894e-03 2.613555081188678741e-02 1.155736763030290604e-02 2.575561217963695526e-02 1.405769214034080505e-02 2.032746374607086182e-02 2.274315431714057922e-02 2.199976332485675812e-02 2.148487977683544159e-02 2.803919464349746704e-02 2.253993041813373566e-02 1.778302900493144989e-02 2.808350138366222382e-02 2.469385042786598206e-02 1.617684029042720795e-02 7.916203700006008148e-03 1.848403178155422211e-02 1.613060012459754944e-02 2.217768691480159760e-02 2.080788649618625641e-02 1.828305236995220184e-02 2.010322920978069305e-02 1.556939352303743362e-02 2.147646993398666382e-02 1.267660968005657196e-02 3.041749633848667145e-02
8.469949662685394287e-02 5.668087303638458252e-02 1.496016234159469604e-02 1.578936167061328888e-02 2.149997092783451080e-02 6.376684457063674927e-02 5.308901518583297729e-02 3.313870402052998543e-03 1.864374987781047821e-02 6.651449482887983322e-03 8.412448763847351074e-01 1.316003181273117661e-05 7.395965605974197388e-02 1.219165232032537460e-02 3.907981794327497482e-03 7.023767102509737015e-03 7.884282968007028103e-04 1.360677182674407959e-03 3.624175908043980598e-03 1.125785615295171738e-02 1.601504161953926086e-02 1.630169339478015900e-02 4.799820948392152786e-03 1.439358340576291084e-03 6.836739368736743927e-03 3.832658054307103157e-03 6.780266296118497849e-03 3.745767520740628242e-03 2.422081679105758667e-02 1.678220368921756744e-02 2.348444238305091858e-02 9.163815528154373169e-03 3.521722042933106422e-03 8.436581119894981384e-03 6.586859934031963348e-03 2.744165807962417603e-02 1.461830455809831619e-02 9.081816300749778748e-03 2.728010155260562897e-02 2.775427699089050293e-02 2.241232432425022125e-03 2.314815792487934232e-04 2.800902817398309708e-03 1.432055793702602386e-02 8.561310241930186749e-04 1.183331850916147232e-02 6.205373629927635193e-02 2.986411191523075104e-02 1.176541391760110855e-02 1.386332674883306026e-03 1.400095294229686260e-03 7.572012254968285561e-04 1.453550625592470169e-02 1.225402764976024628e-02 2.354005537927150726e-02 5.766914226114749908e-03 9.382253512740135193e-03 1.144739682786166668e-03 2.940127626061439514e-02 2.717005833983421326e-02 1.826951396651566029e-03 1.274348702281713486e-03 2.122055273503065109e-03 1.018876302987337112e-02 4.911305755376815796e-02 4.430021345615386963e-02 1.096124760806560516e-02 1.684926263988018036e-02 6.937826983630657196e-03 3.879101248458027840e-03 9.892936795949935913e-03 1.579679083079099655e-03 1.224323920905590057e-02 7.625845726579427719e-03 1.950395666062831879e-02 7.056166214169934392e-05 1.556022372096776962e-02 7.075665518641471863e-03 2.506274264305830002e-03 5.062548909336328506e-03 1.730603538453578949e-02 6.312618032097816467e-03 8.329567499458789825e-03 2.648559864610433578e-03 1.335275080054998398e-02 1.849004067480564117e-02 1.320590265095233917e-02 3.675958840176463127e-03 1.690121926367282867e-02 3.552530659362673759e-03 3.003118745982646942e-02 1.392121426761150360e-02 1.499514281749725342e-02 2.726659178733825684e-02 5.241603124886751175e-03 6.614812882617115974e-04 8.489672094583511353e-03 7.338616531342267990e-03 1.348308753222227097e-02 5.676816217601299286e-03 2.134276740252971649e-02 4.705273080617189407e-03 9.676639921963214874e-03 1.297786086797714233e-02 1.210021669976413250e-03 1.199329737573862076e-02 3.032413125038146973e-02 5.391133599914610386e-04 1.469248253852128983e-02 3.813381539657711983e-03 1.016370113939046860e-02 9.172127582132816315e-03 5.109024699777364731e-03 1.760632358491420746e-02 1.817244663834571838e-02 6.910139694809913635e-03
1.438902341760694981e-03 1.316295703873038292e-03 2.084606885910034180e-02 6.489934399724006653e-03 7.471815915778279305e-04 1.478655915707349777e-02 1.388518139719963074e-02 7.009398192167282104e-03 3.971554804593324661e-03 1.215582247823476791e-02 1.316003181273117661e-05 8.412448763847351074e-01 7.067122496664524078e-03 7.649834454059600830e-02 2.486651577055454254e-02 3.628574684262275696e-02 2.713846601545810699e-02 3.505249973386526108e-03 1.701964251697063446e-02 8.227158337831497192e-03 9.162948466837406158e-03 1.461991108953952789e-02 2.185138687491416931e-02 2.934357896447181702e-02 5.250832531601190567e-03 2.125143055309308693e-06 4.011890850961208344e-03 7.465107738971710205e-02 2.591365948319435120e-02 6.672229617834091187e-02 3.041110187768936157e-02 1.601893641054630280e-02 1.052819471806287766e-02 1.047405879944562912e-02 1.532182190567255020e-02 2.125068381428718567e-02 2.182959020137786865e-02 9.661933407187461853e-03 1.174498465843498707e-03 1.214785408228635788e-02 8.424803614616394043e-03 2.115711010992527008e-02 6.921149324625730515e-04 2.143965102732181549e-02 1.393003668636083603e-02 1.824621483683586121e-02 9.962219046428799629e-04 3.009257651865482330e-02 3.611185401678085327e-02 4.421507765073329210e-04 9.300842881202697754e-03 1.258377172052860260e-02 8.591734804213047028e-03 1.386088877916336060e-02 2.647133171558380127e-02 3.314605914056301117e-03 1.943139918148517609e-02 1.526891533285379410e-02 2.554943412542343140e-02 1.341490726917982101e-02 1.267148368060588837e-02 1.517421938478946686e-02 2.303828299045562744e-02 2.731136977672576904e-02 3.052974352613091469e-03 8.437818847596645355e-03 6.035677157342433929e-03 3.745646681636571884e-03 1.421404443681240082e-02 7.259717211127281189e-03 2.228143066167831421e-02 2.939823549240827560e-03 1.042197924107313156e-02 1.604433357715606689e-02 2.164987660944461823e-02 1.957523869350552559e-03 9.641281329095363617e-03 1.530145388096570969e-02 9.836923331022262573e-03 2.146964147686958313e-02 1.717813313007354736e-02 1.473687123507261276e-02 1.549349352717399597e-02 4.053264856338500977e-03 2.316402085125446320e-02 2.932359650731086731e-02 1.906392350792884827e-02 4.574188031256198883e-03 3.284400701522827148e-02 1.224576146341860294e-03 1.178415259346365929e-03 7.364241406321525574e-03 1.324722915887832642e-02 7.485520094633102417e-03 2.318154461681842804e-02 1.259083673357963562e-02 7.162249647080898285e-03 3.524318104609847069e-03 2.191229490563273430e-03 6.247348152101039886e-03 9.557838784530758858e-04 5.085602402687072754e-03 1.410258281975984573e-02 3.360867500305175781e-03 3.273957641795277596e-03 8.728269487619400024e-03 4.462919197976589203e-03 1.131112407892942429e-02 9.609455242753028870e-03 9.175703860819339752e-03 1.298308745026588440e-02 2.970708347856998444e-02 4.276153049431741238e-04 6.555190309882164001e-03 7.474957033991813660e-03 1.901525072753429413e-03
5.639067664742469788e-02 6.775282323360443115e-02 2.451104298233985901e-02 5.964613053947687149e-03 1.048797182738780975e-02 5.849629268050193787e-02 5.401550233364105225e-02 4.462741781026124954e-04 3.079636953771114349e-02 1.676629111170768738e-02 7.395965605974197388e-02 7.067122496664524078e-03 8.412448763847351074e-01 2.338503673672676086e-02 4.251710604876279831e-03 3.853164380416274071e-03 1.240517478436231613e-02 4.642106592655181885e-03 6.654324475675821304e-03 6.242400035262107849e-03 1.436863560229539871e-02 4.132014140486717224e-02 3.606027690693736076e-03 6.276963278651237488e-03 9.730987250804901123e-03 2.578658983111381531e-03 5.261131562292575836e-03 1.290092431008815765e-02 2.056958153843879700e-02 2.308396622538566589e-02 3.518319502472877502e-02 3.608522238209843636e-03 1.195687521249055862e-02 1.748799346387386322e-03 1.447400171309709549e-02 8.984668180346488953e-03 1.385428756475448608e-02 1.256744191050529480e-02 7.360238581895828247e-03 1.619991101324558258e-02 3.146188799291849136e-03 1.011245325207710266e-02 5.529866553843021393e-03 2.304769121110439301e-02 1.427040551789104939e-04 1.707575283944606781e-02 5.078624561429023743e-02 2.973656915128231049e-02 3.298771753907203674e-02 7.176112383604049683e-03 7.874060422182083130e-03 1.002327073365449905e-02 6.107519380748271942e-03 1.931393519043922424e-03 3.047885559499263763e-02 8.595670573413372040e-03 3.290748596191406250e-02 7.561753503978252411e-03 2.059769257903099060e-02 1.623855903744697571e-02 1.654961146414279938e-02 1.579351606778800488e-03 7.545538246631622314e-03 1.859782263636589050e-02 1.435178425163030624e-02 4.274524748325347900e-02 4.627860151231288910e-03 1.356729399412870407e-02 2.166714332997798920e-02 1.040837168693542480e-02 4.334741737693548203e-03 6.884301081299781799e-03 1.341832801699638367e-02 8.442634716629981995e-03 1.035760715603828430e-02 1.085012219846248627e-02 2.914172410964965820e-02 1.492416393011808395e-02 4.475601890590041876e-04 6.594971753656864166e-03 9.165713563561439514e-03 2.573948819190263748e-03 4.481163807213306427e-03 1.064846292138099670e-02 1.168598234653472900e-02 3.724131034687161446e-03 2.561717294156551361e-03 1.211884617805480957e-02 2.144025266170501709e-02 8.846283890306949615e-03 2.799519279506057501e-04 2.900410676375031471e-03 2.295534871518611908e-02 1.393864769488573074e-02 8.570843376219272614e-03 1.263454090803861618e-03 1.634614728391170502e-02 1.243912801146507263e-02 1.266906224191188812e-02 4.710647743195295334e-03 1.742477901279926300e-02 1.518872287124395370e-02 1.507345866411924362e-02 3.036751411855220795e-02 1.885171048343181610e-03 3.350021434016525745e-04 1.613808423280715942e-02 2.552415616810321808e-02 1.570310816168785095e-02 1.440056692808866501e-02 2.364249667152762413e-03 2.637495286762714386e-02 1.302153989672660828e-02 1.393831241875886917e-02 2.353012561798095703e-02 1.124261785298585892e-02
