8.333234190940856934e-01 8.061486482620239258e-02 1.598078571259975433e-02 1.865142397582530975e-02 1.885923929512500763e-02 7.156895846128463745e-02 6.409815698862075806e-02 4.598578438162803650e-03 9.893204085528850555e-03 6.555012078024446964e-04 7.908660173416137695e-02 8.275043801404535770e-04 6.977484375238418579e-02 1.078278105705976486e-02 1.964359078556299210e-03 2.730897162109613419e-03 4.293585661798715591e-03 2.923505194485187531e-02 1.429696381092071533e-02 3.388960147276520729e-03 3.763237036764621735e-03 2.343943715095520020e-02 1.769105717539787292e-02 2.908767492044717073e-04 1.488238014280796051e-02 1.311891898512840271e-02 4.240161925554275513e-02 1.762934774160385132e-02 5.851359106600284576e-03 3.692509199026972055e-04 1.257939822971820831e-02 1.179399061948060989e-02 1.862718909978866577e-02 1.221443619579076767e-02 1.602616347372531891e-02 2.562796697020530701e-03 2.797289937734603882e-02 1.516578812152147293e-02 9.234130382537841797e-03 3.412353573366999626e-03 2.794118598103523254e-02 1.653276756405830383e-02 1.557240262627601624e-02 9.372461587190628052e-03 4.630320705473423004e-03 3.688006894662976265e-03 7.152619957923889160e-02 3.559286147356033325e-02 6.821220740675926208e-03 1.718891970813274384e-02 6.900807376950979233e-03 2.268797345459461212e-02 5.754054524004459381e-03 4.159511532634496689e-03 7.504407316446304321e-03 1.635429821908473969e-02 1.398390065878629684e-02 3.505317261442542076e-03 2.103108167648315430e-02 2.428587526082992554e-02 1.281501259654760361e-02 1.909629628062248230e-02 2.517151879146695137e-03 1.057095080614089966e-02 1.008101925253868103e-02 1.274202857166528702e-02 4.322313237935304642e-03 1.245263731107115746e-03 8.922075852751731873e-03 6.381179671734571457e-03 1.284570898860692978e-02 2.751025930047035217e-02 1.195711735635995865e-02 9.954443201422691345e-03 8.196457289159297943e-03 1.538726687431335449e-02 1.866349205374717712e-02 6.584980525076389313e-03 2.886912971735000610e-02 5.754623562097549438e-03 1.629571244120597839e-02 1.020821742713451385e-02 5.538239143788814545e-03 9.454244747757911682e-03 1.498021464794874191e-02 1.538200303912162781e-02 6.172019056975841522e-04 1.706008054316043854e-02 1.702685840427875519e-02 9.384915232658386230e-03 2.707592025399208069e-02 2.528693294152617455e-03 2.077958919107913971e-02 2.935627289116382599e-02 4.843616916332393885e-04 1.234157849103212357e-02 1.286460086703300476e-02 1.411060336977243423e-02 3.720446489751338959e-03 2.467607893049716949e-02 9.985431097447872162e-03 1.066246628761291504e-02 6.097260396927595139e-03 1.604666560888290405e-02 3.264188126195222139e-04 1.213570125401020050e-02 5.308191757649183273e-03 3.445640951395034790e-02 1.506563974544405937e-03 9.078721515834331512e-03 7.706311997026205063e-03 2.043846622109413147e-02 1.772150746546685696e-03 3.288711188361048698e-03 2.130073495209217072e-02 1.386060751974582672e-02
8.061486482620239258e-02 8.333234190940856934e-01 5.631267558783292770e-03 9.406405501067638397e-03 1.074058748781681061e-02 7.710354775190353394e-02 7.147227227687835693e-02 6.016571074724197388e-03 1.390117127448320389e-02 4.870164673775434494e-03 6.943234056234359741e-02 3.286353545263409615e-03 7.150255143642425537e-02 2.090270444750785828e-02 2.049687900580465794e-04 5.372998770326375961e-03 9.341914206743240356e-03 3.607118874788284302e-02 1.710938103497028351e-02 1.780569436959922314e-03 3.278478281572461128e-03 2.706944383680820465e-02 2.391393855214118958e-02 9.395612869411706924e-04 2.458219416439533234e-03 1.364996540360152721e-03 3.904088959097862244e-02 9.033466689288616180e-03 2.099157311022281647e-03 1.030284352600574493e-02 1.371106319129467010e-02 7.283749291673302650e-04 2.401280653430148959e-04 1.044244156219065189e-03 7.232275092974305153e-04 6.526609882712364197e-03 2.050341665744781494e-02 9.703572839498519897e-03 7.126227952539920807e-03 3.270399756729602814e-03 2.233216911554336548e-02 9.062712080776691437e-03 7.005094084888696671e-03 2.248228713870048523e-02 1.027287216857075691e-03 4.598018713295459747e-03 7.375942170619964600e-02 4.137741029262542725e-02 1.751644164323806763e-02 8.647674694657325745e-03 2.796757733449339867e-03 1.541450060904026031e-02 9.078672155737876892e-03 8.219967596232891083e-03 1.014462579041719437e-02 5.299787502735853195e-03 1.874327845871448517e-02 6.162843201309442520e-03 2.634487301111221313e-02 3.060972318053245544e-02 2.680495195090770721e-02 1.872355700470507145e-03 1.685322262346744537e-02 2.099832147359848022e-02 2.202166430652141571e-02 2.071037143468856812e-02 4.495411645621061325e-03 9.199382737278938293e-03 2.085484564304351807e-02 1.707806810736656189e-02 2.036943478742614388e-04 3.018448501825332642e-02 1.937223039567470551e-02 6.958945188671350479e-03 2.404266595840454102e-02 1.354005280882120132e-02 2.715682238340377808e-02 1.022994611412286758e-02 2.928570844233036041e-02 4.725678823888301849e-03 6.548067322000861168e-04 2.612131088972091675e-02 1.643464714288711548e-02 1.058171875774860382e-02 1.527221911601372994e-06 7.772602606564760208e-03 1.502172462642192841e-02 2.317217178642749786e-02 2.407125942409038544e-02 1.594646461308002472e-02 3.042418695986270905e-02 7.833760231733322144e-03 2.504754438996315002e-02 3.237807378172874451e-02 1.228799112141132355e-03 1.550774928182363510e-02 3.577314200811088085e-04 4.764005076140165329e-03 2.451747655868530273e-03 1.325219217687845230e-02 2.265701623400673270e-04 4.653581418097019196e-03 9.079279378056526184e-03 5.802163854241371155e-03 1.061802078038454056e-02 4.273680038750171661e-03 8.092183619737625122e-03 3.609398007392883301e-02 1.390829915180802345e-03 1.552025508135557175e-02 1.854208414442837238e-03 1.697735115885734558e-02 5.881188437342643738e-03 8.512520231306552887e-03 2.160390280187129974e-02 1.538520492613315582e-02
1.598078571259975433e-02 5.631267558783292770e-03 8.333234190940856934e-01 2.094748429954051971e-02 1.477436535060405731e-02 4.297863226383924484e-03 3.209470072761178017e-03 1.802825555205345154e-02 2.222865819931030273e-02 9.923280216753482819e-03 1.790940947830677032e-02 3.737189763342030346e-05 1.687380298972129822e-02 2.508378028869628906e-02 2.180684544146060944e-02 2.265715412795543671e-02 2.231848239898681641e-02 3.552408656105399132e-03 1.949106459505856037e-03 1.497077755630016327e-02 8.152479305863380432e-03 2.836458943784236908e-02 1.137976534664630890e-02 1.916250213980674744e-02 2.661053789779543877e-03 9.456234984099864960e-03 7.462056819349527359e-03 4.777435678988695145e-03 1.245817262679338455e-02 1.594820618629455566e-02 2.349642664194107056e-02 2.952670492231845856e-02 2.016477100551128387e-02 1.645460724830627441e-02 3.683174028992652893e-03 2.242080122232437134e-02 3.818914992734789848e-03 1.699115149676799774e-02 3.128615440800786018e-03 1.019050017930567265e-03 2.189105190336704254e-02 9.882377460598945618e-03 4.943009931594133377e-03 1.231953501701354980e-02 7.482724031433463097e-04 1.211803685873746872e-02 1.155486889183521271e-02 1.384481322020292282e-02 1.891227997839450836e-02 2.465502545237541199e-02 2.953371033072471619e-02 2.980284392833709717e-02 1.813299953937530518e-03 2.824888937175273895e-02 1.885439455509185791e-02 2.574928291141986847e-02 8.655079640448093414e-03 3.509314265102148056e-03 3.121220739558339119e-03 8.983152918517589569e-03 1.827061176300048828e-02 1.435042917728424072e-02 3.076483868062496185e-02 1.110752858221530914e-02 1.316717267036437988e-02 8.554609492421150208e-03 7.452276186086237431e-04 7.035436574369668961e-03 3.460023924708366394e-02 1.281702239066362381e-02 4.024542402476072311e-03 3.491666540503501892e-02 4.544564057141542435e-03 5.168990697711706161e-03 2.083249576389789581e-02 3.279953077435493469e-02 2.738351188600063324e-02 9.287986904382705688e-03 1.086688321083784103e-02 1.284720748662948608e-02 4.496879503130912781e-02 2.512628398835659027e-02 5.851721856743097305e-03 8.612131699919700623e-03 5.840349476784467697e-03 8.758818730711936951e-03 3.050683531910181046e-03 6.429090863093733788e-04 1.065896917134523392e-02 1.105174981057643890e-02 8.543153293430805206e-03 7.036541937850415707e-04 1.021949853748083115e-02 1.722390763461589813e-02 4.832777380943298340e-02 4.077811166644096375e-02 6.242206320166587830e-03 6.275044288486242294e-03 2.446148358285427094e-02 2.060519158840179443e-02 3.050140291452407837e-02 2.159513905644416809e-02 1.515425462275743484e-02 8.446017280220985413e-03 2.060214243829250336e-02 2.061454392969608307e-02 2.499301731586456299e-02 1.163454633206129074e-02 1.661151461303234100e-02 1.281339861452579498e-02 2.455710247159004211e-02 2.693658135831356049e-02 4.806091543287038803e-03 9.799570776522159576e-03 1.477340981364250183e-02 9.565567597746849060e-03
1.865142397582530975e-02 9.406405501067638397e-03 2.094748429954051971e-02 8.333234190940856934e-01 7.913402467966079712e-02 4.399650730192661285e-03 4.001227207481861115e-03 3.726430470123887062e-03 2.847117604687809944e-03 1.502033043652772903e-02 2.137672528624534607e-02 7.032575085759162903e-04 2.207073941826820374e-02 7.135952822864055634e-03 1.648532599210739136e-02 1.117499661631882191e-03 8.192432112991809845e-03 7.171169389039278030e-03 1.632029563188552856e-02 1.918890513479709625e-02 1.125970203429460526e-02 5.783084314316511154e-03 9.028991684317588806e-03 8.146573789417743683e-03 3.425314789637923241e-03 2.927958406507968903e-02 7.599751465022563934e-03 2.501869387924671173e-02 2.472866885364055634e-02 2.621994726359844208e-02 1.600443758070468903e-02 1.506267394870519638e-02 4.604879301041364670e-03 1.609667949378490448e-02 2.860339358448982239e-02 3.299138695001602173e-02 7.062787655740976334e-03 7.804873399436473846e-03 3.386733308434486389e-02 3.635390475392341614e-02 2.303385175764560699e-02 1.298408396542072296e-02 8.148150518536567688e-03 1.740287803113460541e-02 1.221061032265424728e-02 9.701728820800781250e-03 1.108526438474655151e-02 4.885887261480093002e-03 1.324388664215803146e-02 6.687261629849672318e-03 2.035220712423324585e-02 1.499075721949338913e-02 1.395179610699415207e-02 3.707434982061386108e-03 1.754867471754550934e-02 4.492301028221845627e-03 4.614928271621465683e-03 3.234225511550903320e-02 1.363746821880340576e-02 1.409383304417133331e-02 5.151868332177400589e-03 9.344637393951416016e-03 1.362700294703245163e-02 1.360633224248886108e-02 1.674373634159564972e-02 2.038345299661159515e-02 1.946920342743396759e-02 1.434615440666675568e-02 9.312365204095840454e-03 1.583185419440269470e-02 2.999092079699039459e-02 9.088763035833835602e-03 5.868849903345108032e-02 2.964655496180057526e-02 4.296195879578590393e-02 5.395974963903427124e-03 1.137621048837900162e-02 7.925670593976974487e-03 1.273156609386205673e-02 2.376235276460647583e-02 1.737720705568790436e-02 2.331608533859252930e-02 3.475033491849899292e-02 9.396649547852575779e-04 3.130079060792922974e-02 1.709580048918724060e-02 1.199707109481096268e-02 1.244054641574621201e-02 1.397422235459089279e-02 2.373618073761463165e-02 1.857451722025871277e-02 2.363684587180614471e-02 1.100840233266353607e-02 1.020502299070358276e-03 3.871188731864094734e-03 1.938580535352230072e-02 3.306612744927406311e-02 2.171583706513047218e-03 6.743699312210083008e-03 2.508607879281044006e-02 1.635967567563056946e-02 7.914299145340919495e-03 8.219316601753234863e-03 2.991687040776014328e-03 1.345782354474067688e-02 7.093918975442647934e-04 2.679101377725601196e-02 3.048078157007694244e-03 3.176699206233024597e-02 1.590148545801639557e-02 4.675775766372680664e-03 9.169744327664375305e-03 8.092157542705535889e-03 5.118482280522584915e-03 7.525171618908643723e-03 1.115727145224809647e-02
1.885923929512500763e-02 1.074058748781681061e-02 1.477436535060405731e-02 7.913402467966079712e-02 8.333234190940856934e-01 4.090245347470045090e-03 7.756771054118871689e-03 1.082573365420103073e-02 1.891953288577497005e-03 6.480556912720203400e-03 3.331601619720458984e-02 7.918541319668292999e-03 3.362930566072463989e-02 2.151418477296829224e-03 3.246994456276297569e-03 1.137962099164724350e-03 5.290838424116373062e-03 1.618656702339649200e-02 7.638460956513881683e-03 2.357860282063484192e-02 1.362745184451341629e-02 7.059745956212282181e-03 2.595801372081041336e-03 1.652434654533863068e-02 3.176606725901365280e-03 1.132103055715560913e-02 7.429687771946191788e-03 8.656656369566917419e-03 3.483844920992851257e-02 7.347420323640108109e-03 2.944006212055683136e-02 5.545828957110643387e-03 1.090646442025899887e-02 8.441279642283916473e-03 1.495644077658653259e-02 2.094502747058868408e-02 8.787744678556919098e-03 1.197574380785226822e-02 3.269815072417259216e-02 4.685343056917190552e-02 1.669299229979515076e-02 2.627249620854854584e-02 1.527107972651720047e-02 3.468286618590354919e-02 1.041239872574806213e-02 1.073129358701407909e-03 1.151160243898630142e-02 8.613167330622673035e-03 2.283820509910583496e-02 8.566418662667274475e-03 2.014883048832416534e-02 2.826548181474208832e-02 2.716403640806674957e-02 1.035481784492731094e-02 2.709452621638774872e-02 8.271052502095699310e-03 1.311681792140007019e-02 1.505125500261783600e-02 4.010971635580062866e-03 7.096553687006235123e-03 6.657245568931102753e-03 5.291197448968887329e-03 7.946512661874294281e-03 6.185952108353376389e-03 2.060931175947189331e-02 1.473669707775115967e-02 1.814800500869750977e-02 9.756502695381641388e-03 3.605530655477195978e-04 1.526247709989547729e-02 2.067250758409500122e-02 3.693502163514494896e-03 4.188472405076026917e-02 2.816033549606800079e-02 4.320934787392616272e-02 4.322554916143417358e-03 1.812760531902313232e-02 1.622026436962187290e-03 1.866635121405124664e-02 1.597756892442703247e-02 1.043409761041402817e-02 1.970795542001724243e-02 5.416307225823402405e-02 2.912585809826850891e-02 1.702333800494670868e-02 2.364662662148475647e-02 1.040783710777759552e-02 1.381330890581011772e-03 2.561565022915601730e-03 8.982989937067031860e-03 2.253953367471694946e-02 2.580747008323669434e-02 1.675612479448318481e-02 9.016332216560840607e-03 1.642297953367233276e-02 2.233151160180568695e-02 2.936062030494213104e-02 3.077622968703508377e-04 3.720825538039207458e-03 2.018235251307487488e-02 4.791650455445051193e-03 8.115737698972225189e-03 1.410190667957067490e-02 6.305900868028402328e-03 1.848187483847141266e-02 6.141136400401592255e-03 1.629171520471572876e-02 8.695123717188835144e-03 1.962193846702575684e-02 1.530610676854848862e-02 1.686517894268035889e-02 1.286421157419681549e-02 1.962369121611118317e-02 1.263334508985280991e-02 1.632380299270153046e-02 8.946640416979789734e-03
7.156895846128463745e-02 7.710354775190353394e-02 4.297863226383924484e-03 4.399650730192661285e-03 4.090245347470045090e-03 8.333234190940856934e-01 7.819323241710662842e-02 6.728555541485548019e-03 1.625655591487884521e-02 1.000165939331054688e-02 6.709350645542144775e-02 1.768244802951812744e-02 5.537095665931701660e-02 2.372452616691589355e-02 5.351328756660223007e-03 5.056575173512101173e-04 2.360489015700295568e-04 3.831895813345909119e-02 3.209021314978599548e-02 6.681322120130062103e-03 9.753113612532615662e-03 2.142943441867828369e-02 2.957621961832046509e-02 1.088668359443545341e-03 2.965654712170362473e-03 1.353001920506358147e-03 2.265602722764015198e-02 5.650673061609268188e-03 1.777425967156887054e-02 7.828078232705593109e-03 8.500670082867145538e-03 3.286338876932859421e-03 1.779688871465623379e-03 7.442263886332511902e-04 4.843767266720533371e-03 1.465809065848588943e-03 2.385839447379112244e-02 7.469396572560071945e-03 6.340097635984420776e-03 8.775767870247364044e-03 1.682903734035789967e-03 2.903932472690939903e-03 8.958088583312928677e-04 1.928134262561798096e-02 2.845373703166842461e-03 1.648722030222415924e-02 8.071582764387130737e-02 3.206783533096313477e-02 2.040044777095317841e-02 3.130950964987277985e-03 1.666056551039218903e-02 3.163345158100128174e-03 9.058845229446887970e-03 9.675706736743450165e-03 1.119350083172321320e-02 2.026609145104885101e-03 8.014407008886337280e-03 6.335408892482519150e-03 2.401668950915336609e-02 2.705382555723190308e-02 1.975825428962707520e-02 4.360379651188850403e-03 1.422746758908033371e-02 1.697577163577079773e-02 1.810257509350776672e-02 1.968462020158767700e-02 9.697645902633666992e-03 7.537063211202621460e-03 1.798054575920104980e-02 3.295174241065979004e-02 5.544971674680709839e-03 2.667148225009441376e-02 1.373665407299995422e-02 2.304232493042945862e-02 1.698865555226802826e-02 1.616307720541954041e-02 2.321247383952140808e-02 1.341232378035783768e-02 4.239566624164581299e-02 2.585392259061336517e-02 4.732291679829359055e-03 3.163596242666244507e-02 2.039751783013343811e-02 2.373361587524414062e-02 3.897823859006166458e-03 2.617727441247552633e-04 1.636010408401489258e-02 2.068381197750568390e-02 1.259181927889585495e-02 1.050863880664110184e-02 2.454104833304882050e-02 6.143017672002315521e-03 1.151702087372541428e-02 3.075547143816947937e-02 6.130743771791458130e-03 9.741932153701782227e-03 5.318911280483007431e-03 6.672249175608158112e-03 1.457229722291231155e-02 6.726750172674655914e-03 6.733307149261236191e-03 2.894169650971889496e-03 1.338057965040206909e-02 1.222510728985071182e-02 5.040775984525680542e-03 6.345834117382764816e-04 3.008423605933785439e-03 3.011441044509410858e-02 2.957152202725410461e-03 2.383749186992645264e-02 9.679950773715972900e-03 2.026648074388504028e-02 1.032178476452827454e-02 1.474914886057376862e-02 3.012408316135406494e-02 8.892470970749855042e-03
6.409815698862075806e-02 7.147227227687835693e-02 3.209470072761178017e-03 4.001227207481861115e-03 7.756771054118871689e-03 7.819323241710662842e-02 8.333234190940856934e-01 1.427300553768873215e-02 1.013373211026191711e-02 4.934038966894149780e-03 5.629241093993186951e-02 1.611654274165630341e-02 5.338159203529357910e-02 2.818910218775272369e-02 1.180603355169296265e-02 7.826632820069789886e-03 4.846760712098330259e-04 2.247336693108081818e-02 2.116290479898452759e-02 8.499971590936183929e-03 8.901742286980152130e-03 2.191146649420261383e-02 2.969889156520366669e-02 1.102149672806262970e-02 9.382540360093116760e-03 5.842323414981365204e-03 1.025733724236488342e-02 8.189684711396694183e-03 9.804124012589454651e-03 1.326393568888306618e-03 3.227034467272460461e-04 8.203645120374858379e-04 7.728041149675846100e-03 1.830028631957247853e-04 7.220006082206964493e-03 5.185612011700868607e-03 1.660515926778316498e-02 8.733761496841907501e-03 8.965816348791122437e-03 1.082717441022396088e-02 2.511205850169062614e-03 8.442706312052905560e-04 3.026623511686921120e-03 8.467493578791618347e-03 4.250111989676952362e-03 1.023930311203002930e-02 7.635442167520523071e-02 4.543044045567512512e-02 2.157646231353282928e-02 5.503690335899591446e-03 1.512450352311134338e-02 8.368286304175853729e-03 1.686292141675949097e-02 1.606659591197967529e-02 6.185925099998712540e-03 1.073901914060115814e-02 9.344839490950107574e-03 5.273264367133378983e-03 2.456593327224254608e-02 2.949154190719127655e-02 1.716207899153232574e-02 1.218068064190447330e-03 1.766731776297092438e-02 2.141479961574077606e-02 1.809059642255306244e-02 1.931083761155605316e-02 1.277073100209236145e-02 1.003425847738981247e-02 1.319742947816848755e-02 3.275285661220550537e-02 9.170443750917911530e-03 2.584270946681499481e-02 2.287570154294371605e-03 2.665999718010425568e-02 1.060444954782724380e-02 1.857158541679382324e-02 2.414629049599170685e-02 1.005614176392555237e-02 3.544593229889869690e-02 1.884397864341735840e-02 8.899947628378868103e-03 3.422554209828376770e-02 3.635943168774247169e-03 1.079386007040739059e-02 1.392550207674503326e-02 3.732751065399497747e-04 2.045108005404472351e-02 2.686455659568309784e-02 1.095072552561759949e-02 1.084004994481801987e-02 2.662901766598224640e-02 1.010027155280113220e-02 2.556947432458400726e-02 2.881876565515995026e-02 8.593725506216287613e-04 1.421831734478473663e-02 1.156586036086082458e-02 1.409863494336605072e-02 1.417060755193233490e-02 4.663527477532625198e-03 4.055491182953119278e-03 1.609581522643566132e-03 1.587584987282752991e-02 1.776807196438312531e-02 7.645005360245704651e-03 5.408522207289934158e-03 6.448525004088878632e-03 3.168288990855216980e-02 1.158057479187846184e-03 2.238160558044910431e-02 1.630694046616554260e-02 2.324570715427398682e-02 1.663320884108543396e-02 2.350558899343013763e-02 2.698577567934989929e-02 6.506641395390033722e-03
4.598578438162803650e-03 6.016571074724197388e-03 1.802825555205345154e-02 3.726430470123887062e-03 1.082573365420103073e-02 6.728555541485548019e-03 1.427300553768873215e-02 8.333234190940856934e-01 4.092341754585504532e-03 4.479167051613330841e-03 4.482853692024946213e-03 1.547654997557401657e-02 1.143646775744855404e-03 2.297131344676017761e-02 4.674445837736129761e-02 1.173131866380572319e-03 1.230661850422620773e-02 1.696218177676200867e-02 1.432890631258487701e-02 2.629058249294757843e-02 2.962582930922508240e-02 2.014821395277976990e-02 1.136589795351028442e-02 8.004780858755111694e-03 3.759664669632911682e-02 3.679708763957023621e-02 2.680442109704017639e-02 5.794366355985403061e-03 4.198132082819938660e-03 1.209114864468574524e-02 4.508534912019968033e-03 9.140542533714324236e-05 3.453739732503890991e-02 7.418977562338113785e-03 2.550663240253925323e-02 1.223279163241386414e-03 1.554210297763347626e-02 2.753672376275062561e-02 1.080235932022333145e-02 1.403872203081846237e-02 2.573576569557189941e-02 4.455834627151489258e-02 2.227593772113323212e-02 2.252008020877838135e-02 9.894590824842453003e-03 5.120807327330112457e-03 8.232654072344303131e-04 1.149688195437192917e-02 2.220627479255199432e-02 1.414315216243267059e-02 1.141840498894453049e-02 2.748202299699187279e-03 3.198081254959106445e-02 2.451672963798046112e-02 2.154916524887084961e-02 3.210584819316864014e-02 3.480127081274986267e-02 1.349957659840583801e-02 2.325702458620071411e-02 3.175496309995651245e-02 2.692026831209659576e-02 7.373773958534002304e-03 2.471098676323890686e-02 2.759020961821079254e-02 1.351431757211685181e-02 3.275465220212936401e-02 1.876491494476795197e-02 1.454466208815574646e-02 9.713942185044288635e-03 4.766250029206275940e-03 4.187301173806190491e-02 1.324168685823678970e-02 9.661448188126087189e-03 2.507370896637439728e-03 1.039925031363964081e-02 1.956281252205371857e-02 1.602190081030130386e-03 8.512697182595729828e-03 7.195796351879835129e-04 1.714149676263332367e-02 5.858658999204635620e-02 4.335162043571472168e-02 1.929907500743865967e-02 1.629147119820117950e-02 3.704477101564407349e-02 1.289123320020735264e-04 5.248897895216941833e-02 4.697275906801223755e-02 4.981714300811290741e-03 4.448388237506151199e-03 1.697659119963645935e-02 1.137744449079036713e-02 3.846711944788694382e-03 1.923132874071598053e-02 8.975245058536529541e-03 6.773512810468673706e-03 8.211953099817037582e-04 2.789517864584922791e-02 7.627677172422409058e-03 1.173818204551935196e-02 4.753623157739639282e-03 1.299183350056409836e-02 4.357917932793498039e-04 1.958933472633361816e-02 1.160899735987186432e-02 9.089449420571327209e-03 5.566664505749940872e-03 1.958981342613697052e-02 7.855912670493125916e-03 6.431499961763620377e-03 6.317247636616230011e-03 3.851196030154824257e-03 2.920201048254966736e-02 2.537089213728904724e-02 1.301395148038864136e-02 2.347140200436115265e-02
9.893204085528850555e-03 1.390117127448320389e-02 2.222865819931030273e-02 2.847117604687809944e-03 1.891953288577497005e-03 1.625655591487884521e-02 1.013373211026191711e-02 4.092341754585504532e-03 8.333234190940856934e-01 5.022638291120529175e-02 7.367178797721862793e-03 1.928848773241043091e-02 5.346751306205987930e-03 9.060107171535491943e-03 1.708039897494018078e-03 1.968986727297306061e-02 1.250720396637916565e-02 4.123197868466377258e-02 2.011407352983951569e-02 2.329202555119991302e-02 8.425283245742321014e-03 9.273052215576171875e-03 2.199988067150115967e-02 3.423492982983589172e-02 1.806513220071792603e-02 2.837297692894935608e-02 1.700707897543907166e-02 2.462401753291487694e-03 1.174786034971475601e-02 7.186009082943201065e-03 1.598486490547657013e-02 8.852897735778242350e-05 8.621101267635822296e-03 8.230771869421005249e-03 2.400809340178966522e-02 1.094993713195435703e-04 1.828691177070140839e-02 5.507268011569976807e-03 2.155658416450023651e-02 2.467887103557586670e-02 1.109528541564941406e-02 3.135707927867770195e-03 9.367134189233183861e-04 9.082185104489326477e-03 1.308151986449956894e-02 1.491702254861593246e-02 2.350928820669651031e-02 3.381783244549296796e-05 1.252656057476997375e-02 3.904729383066296577e-03 1.592046394944190979e-02 2.206546254456043243e-02 9.574614465236663818e-03 1.292368397116661072e-02 2.600451000034809113e-02 2.392750000581145287e-03 1.195035688579082489e-02 3.168418304994702339e-03 1.314685679972171783e-02 2.976088551804423332e-03 1.276051811873912811e-02 1.738580130040645599e-02 1.253250800073146820e-02 1.829262077808380127e-02 2.795906364917755127e-02 1.312587037682533264e-02 2.544627338647842407e-02 1.873290538787841797e-02 4.539645463228225708e-02 2.610519155859947205e-02 3.511613234877586365e-02 3.663928061723709106e-02 3.708993783220648766e-03 9.481451474130153656e-03 1.779417623765766621e-03 2.423817850649356842e-02 5.356032773852348328e-02 3.272637352347373962e-02 3.988908603787422180e-02 3.878722712397575378e-02 2.340492233633995056e-02 1.447716914117336273e-02 1.146288402378559113e-02 2.247597463428974152e-02 1.342672761529684067e-02 1.065439172089099884e-02 3.644931130111217499e-03 3.676918568089604378e-03 3.693542256951332092e-02 3.476102603599429131e-03 2.147792838513851166e-03 8.776681497693061829e-03 6.759369745850563049e-03 3.582566604018211365e-02 1.672010123729705811e-02 8.795211091637611389e-03 3.508851863443851471e-03 1.015433017164468765e-02 1.676543243229389191e-02 1.531932875514030457e-02 1.173608284443616867e-02 2.158644609153270721e-02 1.354919839650392532e-02 1.237697288161143661e-04 1.206070929765701294e-02 3.052641451358795166e-02 8.504750207066535950e-03 2.295037172734737396e-02 2.531705889850854874e-03 1.662566699087619781e-02 2.334899455308914185e-02 1.903032511472702026e-02 1.915827766060829163e-02 4.590862430632114410e-03 2.858418039977550507e-02 1.859372854232788086e-02
6.555012078024446964e-04 4.870164673775434494e-03 9.923280216753482819e-03 1.502033043652772903e-02 6.480556912720203400e-03 1.000165939331054688e-02 4.934038966894149780e-03 4.479167051613330841e-03 5.022638291120529175e-02 8.333234190940856934e-01 2.130293287336826324e-03 1.876660250127315521e-02 1.771878078579902649e-02 5.353926215320825577e-03 1.034313347190618515e-02 2.510277554392814636e-02 1.391413528472185135e-02 2.467177435755729675e-02 2.678424119949340820e-02 7.697455119341611862e-03 2.319827489554882050e-02 3.140381770208477974e-03 6.828907644376158714e-04 3.612333536148071289e-02 8.773359470069408417e-03 2.691036276519298553e-02 5.782988388091325760e-03 2.275922708213329315e-02 1.110801659524440765e-02 2.429252490401268005e-02 2.702558040618896484e-02 1.503246184438467026e-02 3.911539446562528610e-03 1.732356660068035126e-02 1.819218695163726807e-02 1.430522650480270386e-02 8.612143807113170624e-03 2.338522672653198242e-02 2.714428119361400604e-03 5.291467998176813126e-03 2.747044339776039124e-02 7.624812424182891846e-04 1.128508010879158974e-03 3.402120247483253479e-02 2.891813172027468681e-03 2.348550036549568176e-02 2.001971565186977386e-02 1.335642766207456589e-02 2.325352467596530914e-02 3.038161806762218475e-02 6.125272251665592194e-03 1.159908249974250793e-02 7.134269457310438156e-03 1.144264079630374908e-02 3.051197156310081482e-02 1.487131137400865555e-02 5.436924751847982407e-03 4.958631936460733414e-03 1.704996638000011444e-02 7.616247516125440598e-03 1.212573843076825142e-04 2.162009850144386292e-02 1.008393336087465286e-02 2.741159871220588684e-02 2.850005030632019043e-02 1.150032971054315567e-02 1.244877651333808899e-02 2.007466368377208710e-02 1.864990219473838806e-02 1.691797748208045959e-02 3.261140733957290649e-02 7.775950245559215546e-03 2.051672432571649551e-03 6.507894955575466156e-03 1.174460165202617645e-02 2.078248187899589539e-02 1.110947597771883011e-02 3.371608629822731018e-02 3.159289807081222534e-02 5.136631801724433899e-02 1.126516051590442657e-02 1.397637533955276012e-03 5.924787372350692749e-03 2.413307316601276398e-02 1.465390436351299286e-02 2.106198295950889587e-02 2.295791171491146088e-03 4.435041337274014950e-04 1.055875327438116074e-02 2.816596254706382751e-02 2.487784717231988907e-03 1.140298973768949509e-02 2.223953045904636383e-02 1.871149800717830658e-02 2.271362952888011932e-02 7.822497747838497162e-03 6.745571736246347427e-03 2.114472724497318268e-02 1.538676116615533829e-02 1.042344048619270325e-02 3.934837004635483027e-04 8.873369544744491577e-03 3.445396199822425842e-02 2.955575659871101379e-02 2.204464981332421303e-03 2.139063738286495209e-02 1.265458669513463974e-02 1.034807227551937103e-02 1.238859072327613831e-02 2.270514704287052155e-02 2.747427672147750854e-02 9.374518878757953644e-03 4.319024737924337387e-03 1.255217357538640499e-03 2.668796479701995850e-02 3.010796941816806793e-02
7.908660173416137695e-02 6.943234056234359741e-02 1.790940947830677032e-02 2.137672528624534607e-02 3.331601619720458984e-02 6.709350645542144775e-02 5.629241093993186951e-02 4.482853692024946213e-03 7.367178797721862793e-03 2.130293287336826324e-03 8.333234190940856934e-01 1.007466763257980347e-02 8.069359511137008667e-02 9.910280816256999969e-03 5.550836678594350815e-03 4.456603899598121643e-03 8.205420337617397308e-03 2.289551869034767151e-02 5.428947973996400833e-03 2.084322972223162651e-03 2.041306579485535622e-03 1.693120412528514862e-02 1.489249523729085922e-02 9.095220826566219330e-03 9.704383090138435364e-03 1.213764585554599762e-02 3.513677418231964111e-02 1.063045673072338104e-02 1.957641541957855225e-02 6.235064007341861725e-03 2.320706285536289215e-02 7.960578426718711853e-03 1.351789757609367371e-02 8.860317990183830261e-03 3.673909464851021767e-03 2.372546354308724403e-03 2.401065081357955933e-02 1.701763272285461426e-02 7.674775086343288422e-03 1.742856018245220184e-02 2.600374817848205566e-02 1.646075211465358734e-02 1.339260209351778030e-02 6.628586910665035248e-03 5.001006647944450378e-04 3.662928706035017967e-03 6.651947647333145142e-02 3.290883079171180725e-02 1.120009180158376694e-02 1.148069091141223907e-02 3.164413850754499435e-03 1.924574002623558044e-02 2.507662400603294373e-03 3.127165837213397026e-04 7.971204817295074463e-03 2.231546305119991302e-02 6.194727495312690735e-03 1.041884766891598701e-03 9.117200970649719238e-03 5.113456398248672485e-03 4.165379330515861511e-03 1.510526984930038452e-02 5.198071710765361786e-03 1.684186793863773346e-02 1.351428776979446411e-02 5.404458381235599518e-03 2.306746318936347961e-03 1.792845723684877157e-04 4.058480262756347656e-03 2.658174606040120125e-03 3.293278813362121582e-02 1.584661006927490234e-02 6.225204560905694962e-03 1.269909646362066269e-02 1.059724297374486923e-02 7.796639110893011093e-04 2.017258107662200928e-02 5.484434776008129120e-03 4.152797162532806396e-02 1.134640444070100784e-02 1.451252494007349014e-02 2.888762857764959335e-03 4.141683690249919891e-03 1.403524074703454971e-03 5.915538873523473740e-03 6.714802235364913940e-03 1.234690658748149872e-02 7.735231425613164902e-03 1.126765552908182144e-02 6.346249487251043320e-03 3.852266445755958557e-02 1.342788152396678925e-02 2.540778927505016327e-02 2.036226168274879456e-02 8.190100197680294514e-04 5.785832647234201431e-03 1.042782608419656754e-02 1.062695775181055069e-02 2.066952176392078400e-03 1.855308935046195984e-02 1.458908990025520325e-02 1.384080387651920319e-02 9.087963029742240906e-03 1.540632545948028564e-02 4.505273420363664627e-03 1.228255219757556915e-02 1.790780224837362766e-03 2.558282017707824707e-02 8.389733731746673584e-03 3.519380697980523109e-03 1.110796444118022919e-02 1.194375660270452499e-02 8.214956149458885193e-03 2.182584255933761597e-03 2.416240982711315155e-02 2.793739363551139832e-02
8.275043801404535770e-04 3.286353545263409615e-03 3.737189763342030346e-05 7.032575085759162903e-04 7.918541319668292999e-03 1.768244802951812744e-02 1.611654274165630341e-02 1.547654997557401657e-02 1.928848773241043091e-02 1.876660250127315521e-02 1.007466763257980347e-02 8.333234190940856934e-01 8.431809023022651672e-03 5.635978654026985168e-02 9.422718547284603119e-03 1.576837734319269657e-03 5.286189261823892593e-03 2.431250642985105515e-03 7.191069889813661575e-03 4.026409611105918884e-02 4.090113937854766846e-02 9.309008717536926270e-03 4.364855121821165085e-03 1.486596371978521347e-02 3.429597243666648865e-02 2.880489081144332886e-02 1.040979695972055197e-04 2.884671650826931000e-02 1.008288189768791199e-02 2.628356590867042542e-02 1.353723183274269104e-02 1.762211695313453674e-02 1.838793791830539703e-02 1.959016546607017517e-02 3.977826330810785294e-03 7.233658339828252792e-03 2.831778302788734436e-02 2.562933973968029022e-02 1.874712482094764709e-02 3.938518464565277100e-03 2.502247132360935211e-02 1.762172579765319824e-02 3.635430708527565002e-02 1.840863004326820374e-02 2.080735377967357635e-02 1.788788288831710815e-02 1.011689845472574234e-02 1.173563022166490555e-02 3.172053024172782898e-02 3.169364109635353088e-02 2.591438032686710358e-02 1.160902716219425201e-02 2.552533708512783051e-02 1.270304713398218155e-02 2.666092291474342346e-02 3.005433455109596252e-02 3.202464431524276733e-03 2.766663907095789909e-03 3.414567932486534119e-02 1.619780808687210083e-02 2.732249721884727478e-02 9.881148114800453186e-03 1.443487498909235001e-02 8.327838964760303497e-03 1.040717866271734238e-02 1.147086452692747116e-02 4.261689633131027222e-02 3.691076487302780151e-02 2.159230876713991165e-03 1.642866875045001507e-03 7.063989527523517609e-03 5.440412089228630066e-03 3.395664971321821213e-04 1.078042853623628616e-02 1.112454105168581009e-02 1.068679988384246826e-02 3.058489039540290833e-02 3.923984244465827942e-02 3.729192540049552917e-03 2.370925061404705048e-02 4.200587049126625061e-03 1.543957646936178207e-02 1.574128307402133942e-02 1.091880258172750473e-02 1.154587045311927795e-02 1.747207343578338623e-02 1.728871278464794159e-02 1.272032689303159714e-02 3.650445491075515747e-02 3.063420951366424561e-02 7.997247157618403435e-04 9.065830148756504059e-03 1.004579197615385056e-02 2.991476794704794884e-03 1.293583493679761887e-02 3.748533781617879868e-03 3.138282103464007378e-03 2.365759806707501411e-03 3.506818786263465881e-02 2.571489103138446808e-02 1.719354465603828430e-02 2.005744539201259613e-02 1.722684688866138458e-02 1.314966753125190735e-02 2.123375423252582550e-02 5.302899982780218124e-03 1.337671652436256409e-02 1.360240951180458069e-02 1.856829784810543060e-02 8.058331906795501709e-03 1.979603618383407593e-02 1.267162989825010300e-02 3.149968385696411133e-02 3.198253363370895386e-02 8.470844477415084839e-03 3.195296227931976318e-02
6.977484375238418579e-02 7.150255143642425537e-02 1.687380298972129822e-02 2.207073941826820374e-02 3.362930566072463989e-02 5.537095665931701660e-02 5.338159203529357910e-02 1.143646775744855404e-03 5.346751306205987930e-03 1.771878078579902649e-02 8.069359511137008667e-02 8.431809023022651672e-03 8.333234190940856934e-01 7.289806846529245377e-03 1.257541473023593426e-03 1.049826480448246002e-02 5.254745017737150192e-03 2.030812576413154602e-02 2.960045821964740753e-03 6.261236849240958691e-04 5.317708477377891541e-03 1.037012040615081787e-02 1.346989162266254425e-02 1.699530333280563354e-02 1.453153230249881744e-02 6.376881152391433716e-03 2.842557057738304138e-02 1.946107670664787292e-02 2.197518199682235718e-02 8.263635099865496159e-04 3.685669973492622375e-02 9.317782707512378693e-03 4.387859007692895830e-05 6.407211534678936005e-03 4.973371978849172592e-03 7.512472569942474365e-03 2.298428677022457123e-02 2.566247433423995972e-02 2.779409987851977348e-03 1.208912488073110580e-02 3.269048407673835754e-02 1.783602312207221985e-02 1.202829275280237198e-02 1.452536438591778278e-03 1.333866734057664871e-02 2.131628431379795074e-02 5.436593294143676758e-02 4.555608332157135010e-02 6.800876930356025696e-03 1.704863086342811584e-02 1.374929305166006088e-02 3.268845006823539734e-02 2.457627328112721443e-03 2.896298537962138653e-04 4.523059760686010122e-04 2.190657332539558411e-02 1.494363136589527130e-02 4.928829614073038101e-03 5.885750986635684967e-03 1.187635958194732666e-02 1.268467213958501816e-02 4.737676586955785751e-03 1.211670041084289551e-02 2.044818550348281860e-02 3.644181182608008385e-03 2.838366432115435600e-03 8.598531130701303482e-04 6.371302995830774307e-03 1.064801402390003204e-02 1.300399191677570343e-02 2.251110039651393890e-02 2.082260884344577789e-02 3.955188207328319550e-03 2.243336057290434837e-03 2.690783003345131874e-03 2.542349742725491524e-03 2.397517301142215729e-02 2.530138473957777023e-03 2.434247918426990509e-02 5.961229559034109116e-03 1.103059109300374985e-02 1.277422066777944565e-02 5.087028723210096359e-03 8.292184211313724518e-03 5.216477438807487488e-04 6.355080287903547287e-03 1.520294230431318283e-03 2.076624892652034760e-02 2.944915369153022766e-02 2.367264963686466217e-02 3.779578953981399536e-02 1.136950403451919556e-02 3.862945735454559326e-02 2.812224999070167542e-02 1.395460404455661774e-02 1.527526136487722397e-02 3.303822886664420366e-04 2.909130183979868889e-03 8.037432096898555756e-03 2.452492341399192810e-02 1.073106471449136734e-02 1.357007864862680435e-02 4.242856986820697784e-03 4.768314305692911148e-03 3.775428747758269310e-03 5.836234049638733268e-05 4.848992917686700821e-03 2.646641433238983154e-02 6.440789438784122467e-04 4.337784193921834230e-04 8.448597975075244904e-03 1.240086555480957031e-02 9.287371300160884857e-03 4.614837002009153366e-03 1.286363508552312851e-02 2.818051911890506744e-02
