8.374621868133544922e-01 8.003437519073486328e-02 1.326498575508594513e-02 2.853137208148837090e-03 1.703961193561553955e-02 6.182504817843437195e-02 5.656654387712478638e-02 5.717720836400985718e-03 2.351021394133567810e-03 1.144689694046974182e-02 6.176076456904411316e-02 6.664927583187818527e-03 6.051658466458320618e-02 1.774283475242555141e-03 1.945056766271591187e-02 7.298300974071025848e-03 1.000964641571044922e-02 8.841746021062135696e-04 1.102000102400779724e-02 4.375841002911329269e-03 5.154430400580167770e-03 2.363534271717071533e-02 7.453646045178174973e-03 8.821994066238403320e-03 6.300264038145542145e-03 5.256982054561376572e-03 4.270208999514579773e-03 2.364100702106952667e-02 3.680108487606048584e-02 2.626457717269659042e-04 4.189053550362586975e-02 1.304543204605579376e-02 1.060990244150161743e-02 8.098942227661609650e-03 6.115842610597610474e-03 7.324197795242071152e-03 8.547850884497165680e-03 1.634144224226474762e-02 1.085023023188114166e-02 1.196709228679537773e-03 1.356931310147047043e-02 9.982341434806585312e-04 7.631657645106315613e-03 1.438160799443721771e-02 1.984445750713348389e-02 1.447710581123828888e-02 4.295943677425384521e-02 4.539225995540618896e-02 9.646676480770111084e-03 3.423874964937567711e-03 7.773641496896743774e-03 2.233215980231761932e-02 5.107678938657045364e-03 2.171554602682590485e-03 5.690892692655324936e-03 1.621016673743724823e-02 8.353582583367824554e-03 1.382349291816353798e-04 1.111098472028970718e-02 8.816963061690330505e-03 1.047001406550407410e-02 2.046684501692652702e-03 8.574300445616245270e-03 1.113149058073759079e-02 2.901157364249229431e-02 3.698831796646118164e-02 1.458413619548082352e-02 1.779812760651111603e-02 2.685661427676677704e-03 1.082189939916133881e-02 1.195436809211969376e-02 1.831867150031030178e-03 2.673950977623462677e-02 3.187460452318191528e-02 1.327929459512233734e-02 1.082439161837100983e-02 1.232880633324384689e-02 5.184618756175041199e-03 1.728318072855472565e-02 7.427848409861326218e-03 1.404565386474132538e-02 2.468089107424020767e-03 2.445795387029647827e-02 7.290278561413288116e-03 1.105856150388717651e-02 7.892739027738571167e-03 1.521273143589496613e-02 2.558955922722816467e-02 2.768045524135231972e-03 6.247862242162227631e-03 4.420423507690429688e-02 3.060439974069595337e-02 4.550107568502426147e-02 3.577746078372001648e-02 4.431010747794061899e-04 1.327175647020339966e-03 1.202948391437530518e-02 2.031594701111316681e-02 1.146731618791818619e-02 1.020591892302036285e-02 1.203963160514831543e-02 9.692292660474777222e-03 1.427861396223306656e-02 3.772634081542491913e-03 8.096178062260150909e-03 6.271534133702516556e-03 4.498519934713840485e-03 2.219859883189201355e-02 7.177984341979026794e-03 7.291980437003076077e-04 6.150402594357728958e-03 3.232511924579739571e-03 7.583973929286003113e-03 7.701968308538198471e-03 1.765212044119834900e-02 1.391157135367393494e-02
8.003437519073486328e-02 8.374621868133544922e-01 8.065422996878623962e-03 8.698952151462435722e-04 9.427053853869438171e-03 5.467008426785469055e-02 6.062094867229461670e-02 1.909809652715921402e-03 9.494571946561336517e-03 1.126414258033037186e-02 5.357209593057632446e-02 2.758994698524475098e-03 6.023623794317245483e-02 1.699517667293548584e-02 1.996657997369766235e-02 9.613062255084514618e-03 8.381114341318607330e-03 1.157196052372455597e-02 1.153458561748266220e-02 8.128623478114604950e-03 9.399004280567169189e-03 1.652039028704166412e-02 6.880762986838817596e-03 1.163500268012285233e-02 1.143748499453067780e-02 8.481113240122795105e-03 4.991870839148759842e-03 6.743477657437324524e-03 3.247226029634475708e-02 3.861234057694673538e-03 4.399736970663070679e-02 9.180276654660701752e-03 8.030815050005912781e-03 5.207155831158161163e-03 4.645373206585645676e-03 7.173836696892976761e-03 1.506514847278594971e-02 1.317353267222642899e-02 1.205767132341861725e-02 4.586806055158376694e-03 1.065367087721824646e-02 5.375012406148016453e-04 1.281795464456081390e-02 1.350955292582511902e-02 1.573422364890575409e-02 5.076774861663579941e-03 4.145133495330810547e-02 5.045267567038536072e-02 7.836249656975269318e-03 2.729448024183511734e-03 5.827092565596103668e-03 2.468241006135940552e-02 3.338918788358569145e-03 5.694360937923192978e-03 1.128116529434919357e-02 1.460984442383050919e-02 3.138469997793436050e-03 4.660161212086677551e-03 1.521510723978281021e-02 1.438441313803195953e-02 1.991429366171360016e-03 8.624457754194736481e-03 3.972066566348075867e-03 1.230892259627580643e-03 2.483932115137577057e-02 3.919268399477005005e-02 1.793243177235126495e-02 2.099623531103134155e-02 8.016849867999553680e-03 1.364736631512641907e-02 1.168928015977144241e-02 7.959133014082908630e-03 1.344955712556838989e-02 3.042910806834697723e-02 2.535916399210691452e-03 1.753291301429271698e-02 1.304602017626166344e-03 3.762756939977407455e-03 1.558584719896316528e-02 4.569548182189464569e-03 1.348662655800580978e-02 4.189853556454181671e-03 4.490745253860950470e-03 3.865987993776798248e-03 1.109489705413579941e-02 8.268835954368114471e-03 1.574981771409511566e-02 2.821987494826316833e-02 4.480435978621244431e-03 2.245959360152482986e-03 4.779760912060737610e-02 2.207756228744983673e-02 5.169998481869697571e-02 2.589460648596286774e-02 3.649934194982051849e-03 6.849018973298370838e-05 1.514532975852489471e-02 2.347650006413459778e-02 8.787741884589195251e-03 1.314518135040998459e-02 1.085898373275995255e-02 1.336888037621974945e-02 9.776317514479160309e-03 1.545981504023075104e-03 6.912373937666416168e-03 1.494894851930439472e-03 2.137180417776107788e-03 2.691120281815528870e-02 1.097360718995332718e-02 1.158227561973035336e-03 1.267304550856351852e-02 6.973743904381990433e-03 9.115201421082019806e-03 1.232345867902040482e-02 1.947576366364955902e-02 1.771950535476207733e-02
1.326498575508594513e-02 8.065422996878623962e-03 8.374621868133544922e-01 1.096215564757585526e-02 2.861180575564503670e-03 5.819668993353843689e-03 6.905360147356987000e-03 3.415143117308616638e-02 3.950608894228935242e-03 2.187065221369266510e-02 3.577228402718901634e-03 1.606441661715507507e-02 9.004218503832817078e-03 1.966238953173160553e-02 2.955874428153038025e-02 2.889863448217511177e-03 1.052918843924999237e-02 2.218577265739440918e-02 9.818538092076778412e-03 1.208041422069072723e-02 7.036221679300069809e-03 9.014314971864223480e-03 1.713170297443866730e-02 1.090439222753047943e-02 1.161375362426042557e-02 1.078685931861400604e-02 1.462290994822978973e-03 9.663625620305538177e-03 2.269908227026462555e-02 2.351951599121093750e-02 1.766420528292655945e-02 1.497241854667663574e-02 2.699734643101692200e-02 1.316772215068340302e-02 1.516830269247293472e-02 8.235902525484561920e-03 8.389418944716453552e-03 1.167150586843490601e-02 2.014522999525070190e-02 1.871817931532859802e-02 2.292540110647678375e-02 6.784422788769006729e-03 6.065927445888519287e-03 1.320249773561954498e-02 1.136886049062013626e-02 2.541126683354377747e-02 1.144080795347690582e-02 1.318490225821733475e-02 1.373155042529106140e-02 5.510361515916883945e-04 3.742814296856522560e-03 1.027878653258085251e-02 2.250986546277999878e-02 1.125179976224899292e-02 1.978428103029727936e-02 1.211739028804004192e-03 1.546207629144191742e-02 2.999245189130306244e-03 3.881453350186347961e-02 1.446699071675539017e-02 2.077481150627136230e-02 7.272308226674795151e-03 2.338490635156631470e-02 5.267053842544555664e-03 4.502979107201099396e-03 8.014930412173271179e-03 1.928877457976341248e-02 9.969602338969707489e-03 3.116974839940667152e-03 1.427187491208314896e-02 8.365117944777011871e-03 6.500868592411279678e-03 1.079114340245723724e-02 1.231917121913284063e-04 5.631700158119201660e-03 1.742646843194961548e-02 1.133861835114657879e-03 1.490649208426475525e-02 1.544468291103839874e-02 3.271659603342413902e-03 5.346195399761199951e-02 4.355278238654136658e-02 2.030814997851848602e-02 5.117228254675865173e-03 1.068048737943172455e-02 1.100656297057867050e-02 1.617053523659706116e-02 1.739061437547206879e-02 8.420179598033428192e-03 2.469886280596256256e-02 2.203400246798992157e-02 1.288586389273405075e-02 1.811566762626171112e-02 5.174697143957018852e-04 7.135697174817323685e-03 4.663579165935516357e-03 3.963731694966554642e-03 1.367561612278223038e-02 8.275673724710941315e-03 9.650632739067077637e-03 6.161355122458189726e-05 2.509946934878826141e-03 1.005808729678392410e-02 3.879593452438712120e-03 2.316570840775966644e-02 1.929662190377712250e-02 1.050004921853542328e-02 1.513456739485263824e-02 7.450239081663312390e-06 3.008207539096474648e-03 3.189613576978445053e-03 7.041504606604576111e-03 1.289882883429527283e-02 5.503119900822639465e-03 2.579738385975360870e-02 7.512454409152269363e-03
2.853137208148837090e-03 8.698952151462435722e-04 1.096215564757585526e-02 8.374621868133544922e-01 5.206996202468872070e-02 8.611605153419077396e-04 1.497245248174294829e-04 2.196761593222618103e-02 7.634450215846300125e-03 8.663063636049628258e-04 7.405415177345275879e-03 1.478883158415555954e-02 1.119153294712305069e-02 1.697667175903916359e-03 1.476120855659246445e-02 2.777022309601306915e-02 1.913942396640777588e-02 1.605679653584957123e-02 1.232887501828372478e-03 1.147000305354595184e-02 1.295429281890392303e-02 7.298769429326057434e-03 1.710584387183189392e-02 2.423628419637680054e-02 1.232734136283397675e-02 9.604347869753837585e-03 1.106963958591222763e-02 6.679455284029245377e-03 9.661084972321987152e-03 1.268680859357118607e-02 3.195096738636493683e-03 1.347042247653007507e-02 1.581141538918018341e-02 1.521015074104070663e-02 9.757047519087791443e-03 8.017475716769695282e-03 2.027983590960502625e-02 8.405696600675582886e-03 6.912555545568466187e-02 5.105298757553100586e-02 1.379219070076942444e-02 1.507669687271118164e-02 1.125918421894311905e-02 1.078321505337953568e-02 1.778743229806423187e-02 2.497330866754055023e-02 4.991504363715648651e-03 4.857793683186173439e-04 1.462238188832998276e-02 1.603173278272151947e-02 1.087801624089479446e-02 9.940370917320251465e-03 1.451261527836322784e-02 1.257318351417779922e-02 7.498979684896767139e-04 6.176727358251810074e-03 5.746167153120040894e-03 9.907409548759460449e-03 1.054363604635000229e-02 8.511026971973478794e-04 1.505404245108366013e-02 8.268980309367179871e-03 1.276868302375078201e-02 2.239173650741577148e-02 5.354988854378461838e-03 2.147797495126724243e-03 1.499652024358510971e-02 1.533356681466102600e-02 6.895096506923437119e-03 1.651301747187972069e-03 7.735832128673791885e-03 8.579351007938385010e-03 7.468276191502809525e-03 4.349517636001110077e-03 2.399960532784461975e-02 7.515382952988147736e-03 6.489403545856475830e-03 1.986538525670766830e-03 1.499741617590188980e-02 4.101108293980360031e-03 1.083810161799192429e-02 1.353966724127531052e-02 9.881866164505481720e-03 1.421491242945194244e-02 1.552258711308240891e-02 1.479128375649452209e-02 8.978122845292091370e-03 8.828049525618553162e-03 2.578200772404670715e-02 1.961899921298027039e-02 3.200297476723790169e-03 2.955142408609390259e-04 3.728927695192396641e-04 5.000847391784191132e-03 3.274073079228401184e-02 2.626595087349414825e-02 5.540864076465368271e-03 1.496459171175956726e-02 1.325500477105379105e-02 1.936855167150497437e-02 2.067030407488346100e-02 2.036776766180992126e-02 8.364171721041202545e-03 1.184174418449401855e-02 8.755147457122802734e-03 2.899348177015781403e-02 1.294073089957237244e-02 2.104817330837249756e-02 8.187301456928253174e-03 2.755287662148475647e-02 5.138506181538105011e-03 3.416814375668764114e-03 1.604928635060787201e-02 1.650504209101200104e-02 1.273711957037448883e-02 1.132391672581434250e-02
1.703961193561553955e-02 9.427053853869438171e-03 2.861180575564503670e-03 5.206996202468872070e-02 8.374621868133544922e-01 5.972785409539937973e-03 6.102858576923608780e-03 2.310734614729881287e-02 4.806458018720149994e-03 2.004673518240451813e-02 1.337454561144113541e-02 2.024893276393413544e-02 2.419418841600418091e-02 1.085859606973826885e-03 2.590247429907321930e-02 3.354746475815773010e-02 2.940675057470798492e-02 1.997018046677112579e-02 2.638086304068565369e-02 5.894021596759557724e-03 6.540185306221246719e-03 1.557420846074819565e-02 1.284123118966817856e-02 2.328241989016532898e-02 1.742858323268592358e-03 1.488490263000130653e-03 1.260928995907306671e-02 6.755861104466021061e-04 6.388550624251365662e-03 1.757960021495819092e-02 9.692022576928138733e-03 1.449116505682468414e-02 2.664511092007160187e-03 2.194065228104591370e-02 1.120218634605407715e-02 2.502711024135351181e-03 1.094098854809999466e-02 8.031955920159816742e-03 4.537948966026306152e-02 6.459358334541320801e-02 1.060448307543992996e-02 3.273356705904006958e-03 2.684062812477350235e-03 6.208682316355407238e-04 1.597928069531917572e-02 4.067799309268593788e-04 3.934407141059637070e-03 3.201392712071537971e-03 6.234261672943830490e-03 1.174423750489950180e-02 1.006355788558721542e-02 4.522551782429218292e-03 3.300576470792293549e-03 1.170566957443952560e-02 8.664055727422237396e-03 9.388880804181098938e-03 8.307805284857749939e-03 6.085357628762722015e-03 1.372197922319173813e-02 5.637207534164190292e-03 1.126719359308481216e-02 2.575912326574325562e-02 5.174270831048488617e-03 2.090627327561378479e-02 9.570244699716567993e-03 3.625004785135388374e-03 8.761418052017688751e-03 1.174027752131223679e-02 2.263396792113780975e-02 2.749179489910602570e-02 2.972087636590003967e-02 2.114585787057876587e-02 1.671695709228515625e-02 2.655016072094440460e-02 4.033194482326507568e-02 9.948440827429294586e-03 5.565118975937366486e-03 2.556947804987430573e-02 1.939920894801616669e-02 1.472728047519922256e-02 1.783665642142295837e-02 1.233711559325456619e-02 2.118772640824317932e-02 4.105384647846221924e-02 2.612718148157000542e-03 8.392093703150749207e-03 1.948917098343372345e-02 1.436334475874900818e-02 3.363931179046630859e-02 1.601549447514116764e-03 9.396820329129695892e-03 1.500459015369415283e-02 6.457465933635830879e-04 1.634060032665729523e-02 1.149218901991844177e-02 2.055546455085277557e-02 1.946469023823738098e-02 9.584608487784862518e-03 1.167282648384571075e-02 9.465192444622516632e-03 7.404278498142957687e-03 1.960121467709541321e-02 1.780688017606735229e-02 1.924905553460121155e-02 1.917364890687167645e-03 1.933802478015422821e-02 1.142912544310092926e-03 7.929148152470588684e-03 5.323865450918674469e-03 4.205297678709030151e-03 8.533258922398090363e-03 2.089912816882133484e-02 4.807922523468732834e-03 3.487643087282776833e-03 1.131681841798126698e-03 1.588459685444831848e-02
6.182504817843437195e-02 5.467008426785469055e-02 5.819668993353843689e-03 8.611605153419077396e-04 5.972785409539937973e-03 8.374621868133544922e-01 7.727540284395217896e-02 9.848880581557750702e-03 1.157132536172866821e-02 1.698365062475204468e-02 5.903436616063117981e-02 5.144592374563217163e-03 4.451518133282661438e-02 7.991687394678592682e-03 1.127507258206605911e-02 1.383473258465528488e-02 1.448095683008432388e-02 6.615642458200454712e-03 1.586058363318443298e-02 9.106999263167381287e-03 5.537421442568302155e-03 1.341934036463499069e-02 2.651482820510864258e-03 5.811398848891258240e-03 1.363794878125190735e-02 1.072491891682147980e-02 7.937932386994361877e-03 2.658697776496410370e-02 1.797784119844436646e-02 7.788378745317459106e-03 2.522062882781028748e-02 1.004276890307664871e-02 7.118651177734136581e-03 7.570460904389619827e-03 1.344092190265655518e-02 3.715625964105129242e-03 3.398647997528314590e-03 1.769847050309181213e-02 1.044655404984951019e-02 6.601576227694749832e-03 6.455593742430210114e-03 3.045003861188888550e-03 6.256040185689926147e-03 1.056552026420831680e-02 2.041922323405742645e-02 1.127291936427354813e-02 6.059917435050010681e-02 4.837448149919509888e-02 2.404333557933568954e-03 5.891913082450628281e-03 3.979818895459175110e-03 1.613865047693252563e-02 4.746785387396812439e-03 1.066109444946050644e-02 1.939887553453445435e-02 2.376947179436683655e-02 1.208285614848136902e-02 4.136798903346061707e-03 1.444116886705160141e-02 2.379204612225294113e-03 9.440871654078364372e-04 5.740790627896785736e-03 5.918491166085004807e-03 5.940414033830165863e-03 1.963502168655395508e-02 2.002283371984958649e-02 1.333326939493417740e-02 1.637731119990348816e-02 2.749365754425525665e-03 1.559663750231266022e-02 1.656877435743808746e-02 1.087790448218584061e-02 4.551485180854797363e-03 2.509639970958232880e-02 1.133533567190170288e-02 1.357439532876014709e-02 2.101745456457138062e-03 1.369951572269201279e-02 1.066775643266737461e-03 1.114013791084289551e-02 6.343852262943983078e-03 4.245065618306398392e-03 1.339880400337278843e-03 3.837992902845144272e-03 1.154635474085807800e-02 1.089961919933557510e-02 8.887007832527160645e-03 1.197217218577861786e-02 9.919421747326850891e-03 7.742364890873432159e-03 2.889520488679409027e-02 2.044068090617656708e-02 3.416779264807701111e-02 1.392293255776166916e-02 1.372171100229024887e-02 8.815575391054153442e-03 1.782996021211147308e-02 3.131817281246185303e-02 8.864391595125198364e-03 1.243918947875499725e-02 6.782809738069772720e-03 2.932703355327248573e-03 3.323814366012811661e-03 1.851654797792434692e-02 3.468825714662671089e-03 3.476742655038833618e-03 3.983799833804368973e-03 2.491175755858421326e-02 1.752531505189836025e-03 1.338114589452743530e-02 1.788022555410861969e-02 9.391649626195430756e-03 5.976641084998846054e-03 7.977340370416641235e-03 1.502092368900775909e-02 2.936517074704170227e-02
5.656654387712478638e-02 6.062094867229461670e-02 6.905360147356987000e-03 1.497245248174294829e-04 6.102858576923608780e-03 7.727540284395217896e-02 8.374621868133544922e-01 5.149919074028730392e-03 2.336644381284713745e-02 1.229017879813909531e-02 5.171538144350051880e-02 1.785794738680124283e-03 5.202502757310867310e-02 1.861179433763027191e-02 1.291487365961074829e-02 1.659803278744220734e-02 1.550346799194812775e-02 1.358914840966463089e-02 1.092512905597686768e-02 1.540695223957300186e-02 1.282020378857851028e-02 1.419646292924880981e-02 5.544515443034470081e-04 2.874569036066532135e-03 1.939212530851364136e-02 1.529268175363540649e-02 1.008667983114719391e-02 4.618763923645019531e-03 3.235710784792900085e-02 1.637822366319596767e-03 3.658755123615264893e-02 9.186686016619205475e-03 9.178390726447105408e-03 1.094252616167068481e-02 1.742492988705635071e-02 5.586397368460893631e-03 9.529000148177146912e-03 1.662364415824413300e-02 1.988483127206563950e-03 1.209259266033768654e-03 2.740336582064628601e-03 1.875042798928916454e-03 1.513220649212598801e-02 5.896541289985179901e-03 1.581443659961223602e-02 1.642973348498344421e-02 6.657604128122329712e-02 6.382302939891815186e-02 2.004450652748346329e-03 4.169202409684658051e-03 2.098742639645934105e-03 1.597156375646591187e-02 5.127121694386005402e-04 3.424277761951088905e-03 2.092918008565902710e-02 9.775320999324321747e-03 1.018333248794078827e-02 1.608175039291381836e-02 1.363366004079580307e-02 1.081174053251743317e-02 1.467942493036389351e-03 2.313920995220541954e-03 4.353133030235767365e-03 1.003473345190286636e-02 3.262227028608322144e-02 3.878743201494216919e-02 1.684542372822761536e-02 2.096495032310485840e-02 8.135512471199035645e-03 1.067753974348306656e-02 1.069025136530399323e-02 1.240881811827421188e-02 1.255123317241668701e-02 2.221643738448619843e-02 6.459694355726242065e-03 2.003117650747299194e-02 6.146991159766912460e-03 8.599565364420413971e-03 1.974555104970932007e-02 6.303981412202119827e-03 1.373856142163276672e-02 2.065279753878712654e-03 1.347538363188505173e-02 6.477681919932365417e-03 1.226510480046272278e-02 1.477902103215456009e-02 3.434797516092658043e-03 1.841782592236995697e-02 8.863900788128376007e-03 5.566652864217758179e-03 4.911244288086891174e-02 2.415510639548301697e-02 5.597401410341262817e-02 1.666398346424102783e-02 1.468815840780735016e-02 5.143499467521905899e-03 1.801138743758201599e-02 3.446469828486442566e-02 7.133339997380971909e-03 1.241041254252195358e-02 7.097136229276657104e-03 1.106516923755407333e-02 1.443678280338644981e-03 1.491081994026899338e-02 7.383249234408140182e-03 1.217296253889799118e-02 1.227586180903017521e-03 1.854247786104679108e-02 1.180054526776075363e-02 6.353158969432115555e-03 1.037532463669776917e-02 1.023446023464202881e-02 9.471501223742961884e-03 1.504897978156805038e-02 1.397778280079364777e-02 2.494217455387115479e-02
5.717720836400985718e-03 1.909809652715921402e-03 3.415143117308616638e-02 2.196761593222618103e-02 2.310734614729881287e-02 9.848880581557750702e-03 5.149919074028730392e-03 8.374621868133544922e-01 1.015712693333625793e-02 1.049816142767667770e-02 7.890909910202026367e-03 2.408427186310291290e-02 1.259112078696489334e-02 2.083064615726470947e-02 4.226490855216979980e-02 9.685661643743515015e-03 3.656942164525389671e-03 2.407770790159702301e-02 1.253590267151594162e-02 2.048593573272228241e-02 2.589483931660652161e-02 2.969805710017681122e-02 1.984764076769351959e-02 1.781930029392242432e-02 2.070414088666439056e-02 1.857005991041660309e-02 2.395244315266609192e-02 1.553974580019712448e-02 1.355881802737712860e-03 8.466006256639957428e-03 6.965914741158485413e-03 2.351137250661849976e-02 1.932908967137336731e-02 2.574884146451950073e-02 1.359642297029495239e-02 2.621149644255638123e-02 2.006118185818195343e-02 2.642555534839630127e-02 2.709595113992691040e-02 3.174683824181556702e-02 2.034720033407211304e-02 1.965593546628952026e-02 2.138016559183597565e-02 5.998205859214067459e-03 4.347692709416151047e-03 1.171703115687705576e-04 2.225011819973587990e-03 4.368982277810573578e-03 2.155716344714164734e-02 2.312399819493293762e-02 1.791628822684288025e-02 8.286565542221069336e-03 3.254873678088188171e-02 2.452698349952697754e-02 2.277403324842453003e-02 1.884364336729049683e-02 1.208637934178113937e-02 4.494055174291133881e-03 1.758725196123123169e-02 1.614972390234470367e-02 2.694215625524520874e-02 1.760100945830345154e-02 1.702778227627277374e-02 1.100565493106842041e-02 7.514863740652799606e-03 6.538746878504753113e-03 2.598781511187553406e-02 2.466465719044208527e-02 1.691311225295066833e-02 1.821356639266014099e-02 8.974530734121799469e-03 2.417258732020854950e-02 2.287776395678520203e-02 1.998166553676128387e-02 1.497423835098743439e-02 2.221012115478515625e-02 1.154722552746534348e-02 8.581889793276786804e-03 1.171984989196062088e-02 6.192650645971298218e-03 3.754591196775436401e-02 3.668250516057014465e-02 1.701832748949527740e-02 1.562074525281786919e-03 1.795844361186027527e-02 1.529455650597810745e-02 3.793787211179733276e-02 3.481408581137657166e-02 3.634726395830512047e-03 1.035880483686923981e-02 6.480883806943893433e-03 1.454315334558486938e-02 4.249544348567724228e-03 1.772367954254150391e-02 2.607339248061180115e-02 2.485520392656326294e-02 1.705460809171199799e-02 1.738305762410163879e-02 2.294007129967212677e-02 1.890031807124614716e-02 1.908071897923946381e-02 2.171435579657554626e-02 2.349968627095222473e-02 2.586679533123970032e-02 1.939523592591285706e-02 2.482671104371547699e-02 1.620695739984512329e-02 1.721260696649551392e-02 7.863342761993408203e-03 1.159836817532777786e-02 5.828463938087224960e-03 1.822807453572750092e-02 2.367209270596504211e-02 1.685147173702716827e-02 2.341359481215476990e-02 2.474471926689147949e-02
2.351021394133567810e-03 9.494571946561336517e-03 3.950608894228935242e-03 7.634450215846300125e-03 4.806458018720149994e-03 1.157132536172866821e-02 2.336644381284713745e-02 1.015712693333625793e-02 8.374621868133544922e-01 3.275790065526962280e-02 1.533402974018827081e-04 1.620316877961158752e-02 1.231864001601934433e-02 2.489676885306835175e-02 7.311788795050233603e-05 2.676546806469559669e-03 7.712341379374265671e-03 4.228793829679489136e-02 1.446883846074342728e-02 6.588479503989219666e-03 8.224902674555778503e-03 6.936305668205022812e-03 1.608341373503208160e-02 6.506878882646560669e-03 6.764573045074939728e-03 9.372682310640811920e-03 3.799404576420783997e-02 2.559424610808491707e-04 5.466713337227702141e-04 2.495463192462921143e-02 1.242135185748338699e-03 3.447735449299216270e-03 8.228147402405738831e-03 4.481520038098096848e-03 2.271233126521110535e-02 2.140377648174762726e-02 4.058018326759338379e-03 8.907718583941459656e-03 5.111993523314595222e-04 5.713276099413633347e-03 9.565074928104877472e-03 2.000321634113788605e-02 1.044706441462039948e-02 1.135908346623182297e-02 3.774212300777435303e-02 6.123398896306753159e-03 1.112829893827438354e-02 1.940930075943470001e-02 1.920005492866039276e-02 7.945042103528976440e-03 2.099632099270820618e-02 8.067473769187927246e-03 2.413157140836119652e-03 1.780222728848457336e-02 4.301978647708892822e-02 6.309879012405872345e-03 4.181189287919551134e-04 1.886755414307117462e-02 2.126702666282653809e-02 2.883153781294822693e-02 2.291740290820598602e-02 3.917512483894824982e-03 2.644096966832876205e-03 2.180934324860572815e-02 1.248375792056322098e-02 2.044834196567535400e-02 6.689322181046009064e-03 2.569392789155244827e-03 1.940692216157913208e-02 2.126437611877918243e-02 1.563246478326618671e-03 3.370139002799987793e-02 8.879837580025196075e-03 2.141723595559597015e-02 2.357287798076868057e-03 3.948776796460151672e-02 5.840509384870529175e-02 2.438230440020561218e-02 6.566829234361648560e-02 1.122151874005794525e-02 4.533576779067516327e-03 1.146579347550868988e-02 2.957523427903652191e-02 5.352526786737143993e-04 6.781359203159809113e-03 2.051832620054483414e-03 1.168430224061012268e-02 4.951765760779380798e-03 4.829876869916915894e-02 6.006335373967885971e-03 1.141525339335203171e-02 7.592227309942245483e-03 1.826448552310466766e-02 1.576995290815830231e-02 2.867960557341575623e-02 1.476385723799467087e-02 2.068362571299076080e-02 4.571791738271713257e-02 2.282796986401081085e-02 1.278497651219367981e-02 1.454772520810365677e-02 7.664158008992671967e-03 1.922443136572837830e-02 2.238501608371734619e-02 8.807959035038948059e-03 2.437748946249485016e-02 1.336606312543153763e-02 7.706559263169765472e-03 2.601291984319686890e-03 1.223334949463605881e-02 1.048289332538843155e-02 1.852614805102348328e-02 1.415925007313489914e-02 8.859961293637752533e-03 1.780548878014087677e-02 2.338861487805843353e-02
1.144689694046974182e-02 1.126414258033037186e-02 2.187065221369266510e-02 8.663063636049628258e-04 2.004673518240451813e-02 1.698365062475204468e-02 1.229017879813909531e-02 1.049816142767667770e-02 3.275790065526962280e-02 8.374621868133544922e-01 9.054691530764102936e-03 3.467568755149841309e-02 1.944916672073304653e-03 1.466998551040887833e-02 4.624164721462875605e-04 2.702449262142181396e-02 3.234828636050224304e-02 2.869294025003910065e-02 7.506763935089111328e-02 5.886198487132787704e-03 1.263496838510036469e-02 9.010402485728263855e-03 3.031684900633990765e-04 1.747275330126285553e-02 5.970695521682500839e-03 1.711648073978722095e-03 2.227899618446826935e-02 1.098379958420991898e-02 1.040800567716360092e-02 1.704570255242288113e-03 1.715975999832153320e-02 3.320176852867007256e-03 5.254687857814133167e-04 1.123001705855131149e-02 6.393294781446456909e-03 1.653938787057995796e-03 7.662544492632150650e-03 6.409401539713144302e-03 2.801938353513833135e-05 1.829568855464458466e-02 7.560934871435165405e-03 1.644815318286418915e-02 4.535558633506298065e-03 2.944309636950492859e-02 2.076846919953823090e-02 3.558680415153503418e-02 1.153859402984380722e-02 2.458944916725158691e-03 1.221265178173780441e-02 1.865220442414283752e-02 1.185774244368076324e-02 7.920267991721630096e-03 8.841273374855518341e-03 9.055526927113533020e-03 1.711916993372142315e-03 4.536223411560058594e-02 1.885758154094219208e-02 7.875845767557621002e-03 1.114462129771709442e-02 6.361397448927164078e-03 1.305715832859277725e-02 3.806269541382789612e-02 2.976252697408199310e-03 2.751923166215419769e-03 1.302172895520925522e-02 9.960256516933441162e-03 7.261208258569240570e-03 3.873222507536411285e-03 3.761814534664154053e-02 5.418913066387176514e-02 5.213195458054542542e-02 2.514048852026462555e-02 3.878882387652993202e-03 5.079110711812973022e-02 2.669530548155307770e-02 2.715102164074778557e-03 2.614598721265792847e-02 6.432549655437469482e-02 1.338775269687175751e-02 7.013904303312301636e-02 3.105789422988891602e-03 9.126178338192403316e-04 2.143219858407974243e-02 4.901488497853279114e-02 1.637902297079563141e-02 1.372571382671594620e-02 1.159656210802495480e-03 2.978446660563349724e-03 1.082716137170791626e-02 4.961065948009490967e-02 8.911893703043460846e-03 1.580402255058288574e-02 1.299691852182149887e-03 7.325073704123497009e-03 7.098320405930280685e-03 1.650763116776943207e-02 2.821206673979759216e-02 7.493012817576527596e-04 1.143075153231620789e-02 3.702485933899879456e-03 2.362279221415519714e-03 7.108707446604967117e-03 1.316588278859853745e-02 1.604993827641010284e-02 1.360876020044088364e-02 5.273164715617895126e-03 4.988609580323100090e-04 2.061523869633674622e-02 6.706000567646697164e-05 9.056305512785911560e-03 2.128055505454540253e-02 2.391854999586939812e-03 1.115737948566675186e-02 3.872874367516487837e-04 3.520833561196923256e-03 2.445193380117416382e-02
6.176076456904411316e-02 5.357209593057632446e-02 3.577228402718901634e-03 7.405415177345275879e-03 1.337454561144113541e-02 5.903436616063117981e-02 5.171538144350051880e-02 7.890909910202026367e-03 1.533402974018827081e-04 9.054691530764102936e-03 8.374621868133544922e-01 7.972904480993747711e-03 5.928138270974159241e-02 8.576278574764728546e-03 2.407859824597835541e-02 4.876982420682907104e-03 1.013095118105411530e-02 1.657204469665884972e-03 1.071541849523782730e-02 7.525992579758167267e-03 6.439074408262968063e-03 3.253467753529548645e-02 1.279720012098550797e-02 1.142754778265953064e-02 1.669738627970218658e-02 1.482873037457466125e-02 1.109225023537874222e-02 1.535000652074813843e-02 3.317243978381156921e-02 1.736657693982124329e-03 3.229767456650733948e-02 2.001540549099445343e-02 2.011086232960224152e-02 1.567341946065425873e-02 1.472402177751064301e-02 1.821638271212577820e-02 1.787999086081981659e-02 1.682341098785400391e-02 4.681509453803300858e-03 2.917176461778581142e-04 1.451734453439712524e-02 1.106477342545986176e-02 1.521108485758304596e-02 9.893673472106456757e-03 8.511430583894252777e-03 5.120864138007164001e-03 5.087664723396301270e-02 4.423841461539268494e-02 1.823468133807182312e-02 1.069013494998216629e-02 8.645474910736083984e-03 2.405768260359764099e-02 1.339753344655036926e-02 1.271895226091146469e-02 6.468054838478565216e-03 2.542731119319796562e-03 1.785002276301383972e-02 8.745282888412475586e-03 1.738657616078853607e-02 1.619488745927810669e-02 1.780790649354457855e-02 6.669287104159593582e-03 1.788795925676822662e-02 1.504990085959434509e-02 4.287697374820709229e-02 3.685498610138893127e-02 1.880021207034587860e-02 2.073233015835285187e-02 7.333971094340085983e-03 2.366870641708374023e-03 6.148369982838630676e-03 3.781639505177736282e-03 2.180226147174835205e-02 1.792516000568866730e-02 1.308557926677167416e-03 3.419781802222132683e-03 1.149715390056371689e-02 5.116716958582401276e-03 9.286766871809959412e-03 9.167871321551501751e-04 1.219647470861673355e-03 4.675049334764480591e-03 6.301981862634420395e-03 9.233379736542701721e-03 1.833618618547916412e-02 1.561563648283481598e-02 2.550111711025238037e-02 2.944917045533657074e-02 3.875736147165298462e-03 1.334548275917768478e-02 3.721225261688232422e-02 3.801903501152992249e-02 3.911083564162254333e-02 3.413233533501625061e-02 7.663903292268514633e-03 8.908880874514579773e-03 2.694213064387440681e-03 1.619444228708744049e-02 1.930055953562259674e-02 2.011371217668056488e-02 1.993538811802864075e-02 1.644542999565601349e-02 1.612842641770839691e-02 3.028110601007938385e-03 1.375936530530452728e-02 9.531741961836814880e-03 1.530823204666376114e-02 9.745347313582897186e-03 1.099988911300897598e-02 6.702317390590906143e-03 4.088798072189092636e-03 4.531687125563621521e-03 1.660685800015926361e-02 1.527782622724771500e-02 6.396017502993345261e-03 8.348806761205196381e-03
6.664927583187818527e-03 2.758994698524475098e-03 1.606441661715507507e-02 1.478883158415555954e-02 2.024893276393413544e-02 5.144592374563217163e-03 1.785794738680124283e-03 2.408427186310291290e-02 1.620316877961158752e-02 3.467568755149841309e-02 7.972904480993747711e-03 8.374621868133544922e-01 1.672625541687011719e-02 5.597090721130371094e-02 2.543482556939125061e-02 5.989483557641506195e-03 6.446761079132556915e-03 1.639789715409278870e-02 4.927795380353927612e-02 3.121495246887207031e-03 1.355474721640348434e-02 2.139013074338436127e-02 8.106186985969543457e-03 6.290931254625320435e-03 1.008640509098768234e-02 3.694816492497920990e-03 1.978069916367530823e-02 2.075389958918094635e-02 1.986254192888736725e-02 1.053143944591283798e-02 3.053166158497333527e-02 6.520072929561138153e-03 2.402549609541893005e-02 1.442934852093458176e-02 1.955307833850383759e-02 5.394138861447572708e-03 8.027168922126293182e-03 2.414209209382534027e-02 1.550069637596607208e-02 2.132072485983371735e-02 3.024980984628200531e-02 1.518400944769382477e-02 3.986335359513759613e-03 2.940863370895385742e-02 3.737930953502655029e-02 2.740235812962055206e-02 1.051639090292155743e-03 2.592765912413597107e-02 9.194403886795043945e-03 7.547475397586822510e-03 5.351443774998188019e-03 1.076101511716842651e-02 1.719538308680057526e-02 2.550284937024116516e-02 3.589026629924774170e-03 1.934400945901870728e-02 8.670752868056297302e-03 1.335298269987106323e-02 2.750132232904434204e-02 2.385045588016510010e-02 2.083180099725723267e-02 3.054547682404518127e-02 2.075762674212455750e-02 1.554178260266780853e-02 1.259302999824285507e-02 1.972560957074165344e-02 3.688880940899252892e-03 7.201856933534145355e-03 1.431793347001075745e-02 2.785079739987850189e-02 2.221219055354595184e-02 2.135438099503517151e-02 1.854129135608673096e-02 2.533907629549503326e-02 2.343904972076416016e-02 8.912765420973300934e-03 1.372124627232551575e-02 1.454086042940616608e-02 1.818577572703361511e-02 3.842077404260635376e-02 5.336439236998558044e-03 3.057527169585227966e-02 1.735533587634563446e-02 2.641730383038520813e-02 1.031844783574342728e-02 1.562198437750339508e-02 8.443911559879779816e-03 1.762233115732669830e-02 3.236424550414085388e-02 3.871051128953695297e-03 8.719878271222114563e-03 2.420349605381488800e-02 2.019958011806011200e-02 2.420620433986186981e-02 6.986700464040040970e-03 1.005245000123977661e-02 6.763730663806200027e-03 1.465004310011863708e-02 7.563351653516292572e-03 1.325264573097229004e-03 3.021382726728916168e-03 2.222876297309994698e-03 2.536742016673088074e-03 8.109406568109989166e-03 1.627328246831893921e-02 2.045566961169242859e-02 8.678042649989947677e-05 6.809891667217016220e-03 3.403268055990338326e-03 2.285710722208023071e-02 4.882312845438718796e-03 4.798776470124721527e-03 8.811360225081443787e-03 2.790735103189945221e-03 1.474354765377938747e-03 7.802443578839302063e-03
6.051658466458320618e-02 6.023623794317245483e-02 9.004218503832817078e-03 1.119153294712305069e-02 2.419418841600418091e-02 4.451518133282661438e-02 5.202502757310867310e-02 1.259112078696489334e-02 1.231864001601934433e-02 1.944916672073304653e-03 5.928138270974159241e-02 1.672625541687011719e-02 8.374621868133544922e-01 4.951001144945621490e-03 2.450897172093391418e-02 7.096661720424890518e-03 4.476421047002077103e-03 5.882193217985332012e-04 1.935817301273345947e-03 1.216215826570987701e-02 1.401301752775907516e-02 3.089321590960025787e-02 1.128877513110637665e-02 1.745631359517574310e-02 1.342751458287239075e-02 1.091614179313182831e-02 8.255355991423130035e-03 5.761002656072378159e-03 3.227486088871955872e-02 1.025089249014854431e-02 4.030743613839149475e-02 2.021479792892932892e-02 1.828522607684135437e-02 1.901378482580184937e-02 1.424294803291559219e-02 1.457304414361715317e-02 1.821487210690975189e-02 1.556123141199350357e-02 8.826145902276039124e-03 1.113819144666194916e-02 7.932049222290515900e-03 1.522926031611859798e-03 1.126326061785221100e-02 1.211925502866506577e-02 2.095836587250232697e-02 1.640857430174946785e-03 4.234412312507629395e-02 4.601646959781646729e-02 9.299308061599731445e-03 7.578978780657052994e-03 7.578569930046796799e-03 2.049342170357704163e-02 1.298447884619235992e-02 1.707889698445796967e-02 6.210858467966318130e-03 1.717861974611878395e-03 5.644475109875202179e-03 7.224045693874359131e-03 1.744396239519119263e-02 2.264865674078464508e-02 1.116242352873086929e-02 1.046894956380128860e-02 7.895685732364654541e-03 1.384260412305593491e-02 4.022991284728050232e-02 4.615821316838264465e-02 1.713225618004798889e-02 1.998919434845447540e-02 8.901270106434822083e-03 8.287698030471801758e-03 6.176955066621303558e-03 8.429971523582935333e-03 2.340223453938961029e-02 1.143320184201002121e-02 1.686791703104972839e-02 1.121602393686771393e-02 4.301493056118488312e-03 6.478419527411460876e-03 2.947164885699748993e-02 3.621584037318825722e-03 6.023226771503686905e-03 8.741367608308792114e-03 4.892648197710514069e-03 4.463307559490203857e-03 1.041157264262437820e-02 1.136996783316135406e-02 2.080439776182174683e-02 3.561173751950263977e-02 1.429747231304645538e-02 1.952442224137485027e-03 3.716387599706649780e-02 3.867070749402046204e-02 4.470723867416381836e-02 3.853270411491394043e-02 6.194677669554948807e-03 1.537140924483537674e-02 1.193993724882602692e-03 1.765110529959201813e-02 1.486603822559118271e-02 1.503194682300090790e-02 1.620881818234920502e-02 1.957273110747337341e-02 1.977251842617988586e-02 1.102329883724451065e-02 1.524000428617000580e-02 1.318714302033185959e-02 7.458388339728116989e-03 1.690322346985340118e-02 1.243469398468732834e-02 1.324075832962989807e-02 3.543487749993801117e-03 8.789510466158390045e-04 1.142734382301568985e-02 9.514520876109600067e-03 1.443862263113260269e-02 4.165957216173410416e-04
