8.466027975082397461e-01 5.738263949751853943e-02 1.274012122303247452e-02 1.528837345540523529e-02 8.126305416226387024e-03 4.403684288263320923e-02 3.558321669697761536e-02 1.337508019059896469e-02 9.355829097330570221e-03 3.768329042941331863e-03 5.591875314712524414e-02 9.476211853325366974e-03 4.357228428125381470e-02 4.677695687860250473e-03 2.437099628150463104e-02 1.693679019808769226e-02 1.707986555993556976e-02 1.917203702032566071e-02 1.201896276324987411e-02 2.036131918430328369e-02 1.808040030300617218e-02 2.518045157194137573e-02 1.468553673475980759e-02 1.426040567457675934e-02 8.783494122326374054e-03 1.131540909409523010e-02 1.557146012783050537e-02 2.605601958930492401e-02 3.576823696494102478e-02 2.366119064390659332e-02 2.669463865458965302e-02 7.994599640369415283e-03 1.079539116472005844e-02 1.788050052709877491e-03 9.188330732285976410e-03 1.821403577923774719e-02 1.030097249895334244e-02 1.592155732214450836e-02 4.766411148011684418e-03 9.570530615746974945e-03 1.587318256497383118e-02 2.030271477997303009e-02 2.527840621769428253e-02 2.197436988353729248e-02 3.122937399893999100e-03 2.383579267188906670e-03 5.081423744559288025e-02 3.032985702157020569e-02 5.059831310063600540e-03 5.378604982979595661e-04 7.679632864892482758e-03 6.127386004664003849e-04 2.760693244636058807e-02 1.803210377693176270e-02 8.007092401385307312e-03 2.019120380282402039e-03 4.068185109645128250e-03 6.025647278875112534e-03 2.569261379539966583e-02 2.580112591385841370e-02 1.752163632772862911e-03 4.499623551964759827e-03 1.473389565944671631e-02 2.376202464802190661e-04 3.269256651401519775e-02 2.152772620320320129e-02 1.840684004127979279e-02 1.691793277859687805e-02 2.195856533944606781e-02 8.709155023097991943e-03 2.053131163120269775e-02 2.373396418988704681e-02 2.791907824575901031e-02 2.655283547937870026e-02 1.734499447047710419e-02 1.504757627844810486e-02 9.146097116172313690e-03 1.172362361103296280e-02 2.693841001018881798e-03 1.365519873797893524e-02 1.706903101876378059e-03 1.968848705291748047e-02 1.838550786487758160e-03 8.337086066603660583e-03 5.021352320909500122e-03 2.387721790000796318e-03 1.312674488872289658e-02 6.291341036558151245e-03 1.789754070341587067e-02 1.206247974187135696e-02 4.182090982794761658e-02 1.839856244623661041e-02 3.312632441520690918e-02 5.466676317155361176e-03 3.528680186718702316e-03 6.651439704000949860e-03 2.412299253046512604e-02 2.243347652256488800e-02 3.952238708734512329e-03 7.288242690265178680e-03 1.879490166902542114e-02 1.397904101759195328e-02 2.074153348803520203e-02 2.377106435596942902e-02 1.702838949859142303e-02 2.032797038555145264e-02 7.200364489108324051e-03 2.173195406794548035e-02 1.966260559856891632e-02 1.411786209791898727e-02 1.757770963013172150e-02 2.439474314451217651e-02 2.266813255846500397e-02 2.088943496346473694e-02 6.540249101817607880e-03 3.465521731413900852e-04
5.738263949751853943e-02 8.466027975082397461e-01 5.683336872607469559e-03 1.268072519451379776e-03 1.120866858400404453e-03 4.232604056596755981e-02 4.178411886096000671e-02 2.223808504641056061e-02 6.359532009810209274e-03 1.194887980818748474e-02 4.987497627735137939e-02 9.613757138140499592e-04 5.451589450240135193e-02 1.713860966265201569e-02 2.675280347466468811e-02 1.856402680277824402e-02 2.063949033617973328e-02 1.607751101255416870e-02 4.774363711476325989e-03 2.387532591819763184e-02 2.016692236065864563e-02 3.113491646945476532e-02 1.733975671231746674e-02 2.255964837968349457e-02 1.183806732296943665e-02 1.104808598756790161e-02 2.831708453595638275e-02 1.549069676548242569e-02 3.207338228821754456e-02 1.482781209051609039e-02 2.842546626925468445e-02 1.682831905782222748e-02 1.175797544419765472e-02 1.428625360131263733e-02 7.352096959948539734e-03 2.211433835327625275e-02 1.736083440482616425e-02 1.851110160350799561e-02 6.149412132799625397e-03 1.665347488597035408e-03 1.457570772618055344e-02 2.519079297780990601e-02 2.460925839841365814e-02 9.674387052655220032e-03 7.237929850816726685e-03 1.913526654243469238e-02 4.349209368228912354e-02 4.057257622480392456e-02 8.910610340535640717e-03 1.647914573550224304e-02 4.965575411915779114e-03 7.213591597974300385e-03 2.584335766732692719e-02 2.306409738957881927e-02 1.144879963248968124e-02 8.748632855713367462e-03 2.897172002121806145e-03 1.723538711667060852e-02 2.622073143720626831e-02 3.088081441819667816e-02 2.713240217417478561e-03 1.354353851638734341e-03 1.568003743886947632e-02 8.054270409047603607e-03 3.812081366777420044e-02 3.192213177680969238e-02 2.056634239852428436e-02 2.006527036428451538e-02 2.210818789899349213e-02 8.312826976180076599e-03 2.258947119116783142e-02 8.274067193269729614e-03 9.222560562193393707e-03 1.398764550685882568e-02 2.425735583528876305e-03 9.429848752915859222e-03 1.101331878453493118e-02 1.793879270553588867e-02 8.827111683785915375e-03 7.061946205794811249e-03 4.078159690834581852e-04 9.290755726397037506e-03 1.624113135039806366e-02 9.444748866371810436e-05 6.280351895838975906e-03 8.332302793860435486e-03 1.219317503273487091e-02 2.356821112334728241e-02 9.951356798410415649e-03 1.470758300274610519e-02 3.817489370703697205e-02 2.573307044804096222e-02 4.125924035906791687e-02 1.730900257825851440e-02 7.290932815521955490e-03 1.001956406980752945e-02 1.110370829701423645e-02 1.167280413210391998e-02 1.190606318414211273e-02 1.110336370766162872e-02 2.083418518304824829e-02 1.651858538389205933e-02 8.578415960073471069e-03 1.058373227715492249e-02 1.722764223814010620e-02 2.174661681056022644e-02 1.235834602266550064e-02 2.190624363720417023e-02 2.042187191545963287e-02 2.468650415539741516e-02 1.287656649947166443e-02 1.761277019977569580e-02 2.030019275844097137e-02 1.530507579445838928e-02 6.930676754564046860e-03 5.591347813606262207e-03
1.274012122303247452e-02 5.683336872607469559e-03 8.466027975082397461e-01 6.109350360929965973e-03 7.958200760185718536e-03 1.430879253894090652e-02 1.927300170063972473e-02 5.784943327307701111e-02 1.086120959371328354e-02 4.402592778205871582e-03 2.139541134238243103e-02 1.466720458120107651e-02 8.010738529264926910e-03 4.870538134127855301e-03 2.836895361542701721e-02 4.849419463425874710e-03 4.541588015854358673e-03 1.197862820845330134e-05 1.486788876354694366e-02 1.169734168797731400e-02 1.034408342093229294e-02 1.308412197977304459e-02 1.129942573606967926e-02 9.075030684471130371e-03 2.097973786294460297e-02 2.164984121918678284e-02 2.330169780179858208e-03 9.589462541043758392e-03 1.664993911981582642e-02 1.083124522119760513e-02 4.904669243842363358e-03 1.324203424155712128e-02 6.204051896929740906e-03 9.045314975082874298e-03 1.686846092343330383e-02 9.495866484940052032e-03 1.681152358651161194e-02 4.113630391657352448e-03 1.059351721778512001e-03 4.268056713044643402e-03 1.587105728685855865e-02 4.748493432998657227e-03 1.555147301405668259e-02 1.623363420367240906e-02 2.343035535886883736e-03 1.092534884810447693e-02 2.857902832329273224e-02 1.060411799699068069e-02 2.614322490990161896e-02 3.053394146263599396e-03 9.454150684177875519e-03 5.383226089179515839e-03 2.096597850322723389e-02 1.942194811999797821e-02 8.893519639968872070e-03 1.271637063473463058e-02 2.113388851284980774e-02 1.883136667311191559e-02 2.523757703602313995e-02 2.022539824247360229e-02 6.466242484748363495e-04 1.320201344788074493e-02 8.145269006490707397e-03 2.583382092416286469e-02 9.534155018627643585e-03 5.023747682571411133e-03 1.639758795499801636e-02 2.039119414985179901e-02 4.258535336703062057e-03 8.951824158430099487e-03 5.748661234974861145e-03 2.307508327066898346e-02 5.962387658655643463e-03 2.241606265306472778e-02 6.135870353318750858e-04 1.517168153077363968e-02 6.293702870607376099e-03 1.201328728348016739e-02 7.055624388158321381e-03 5.755777005106210709e-03 8.547302335500717163e-02 6.194199249148368835e-02 4.520911897998303175e-04 6.832542363554239273e-03 2.094688639044761658e-02 1.076336856931447983e-02 4.589209333062171936e-02 3.159848973155021667e-02 1.328502316027879715e-02 4.590055905282497406e-03 1.853535510599613190e-02 6.664728862233459949e-04 4.643702413886785507e-03 2.949038986116647720e-03 1.326694432646036148e-02 2.047839574515819550e-02 1.052550226449966431e-02 1.517286757007241249e-03 1.304513122886419296e-02 9.938181377947330475e-03 3.619185183197259903e-03 1.163970120251178741e-02 7.454835344105958939e-03 4.279321583453565836e-04 1.429527718573808670e-02 1.752816140651702881e-02 9.254917502403259277e-03 8.754130452871322632e-03 9.804143570363521576e-03 5.574608687311410904e-03 7.872272282838821411e-03 1.332532963715493679e-03 1.243125833570957184e-02 9.890564717352390289e-03 1.778708212077617645e-02 3.370549529790878296e-02
1.528837345540523529e-02 1.268072519451379776e-03 6.109350360929965973e-03 8.466027975082397461e-01 8.102799952030181885e-02 1.411952916532754898e-02 3.524807980284094810e-03 1.520360168069601059e-02 9.082193719223141670e-04 4.334307741373777390e-03 5.706227384507656097e-03 5.303448066115379333e-03 4.550480283796787262e-03 2.965016849339008331e-02 7.273660041391849518e-03 8.776031434535980225e-03 4.061111714690923691e-03 4.799271747469902039e-02 3.825961053371429443e-02 1.495806127786636353e-02 1.854508928954601288e-02 2.889844181481748819e-04 7.547232962679117918e-05 1.116990484297275543e-02 1.387329120188951492e-02 2.017492614686489105e-02 1.922739436849951744e-03 2.728458493947982788e-02 1.087662094505503774e-04 2.337481640279293060e-02 8.427557535469532013e-03 8.984570740722119808e-04 2.603900246322154999e-02 6.561883725225925446e-03 1.065424736589193344e-02 7.228573318570852280e-03 1.094504818320274353e-02 1.231017243117094040e-02 5.232166126370429993e-02 1.908235251903533936e-02 2.066732197999954224e-02 2.845819573849439621e-03 1.144494954496622086e-02 1.140420790761709213e-02 4.047946259379386902e-02 2.322061359882354736e-02 5.349985323846340179e-03 2.839990891516208649e-03 1.555099617689847946e-02 1.974567538127303123e-03 1.751619763672351837e-02 2.921508997678756714e-02 1.774385385215282440e-02 9.232708252966403961e-03 3.969804942607879639e-02 2.085579000413417816e-02 1.862642541527748108e-02 3.132560290396213531e-03 3.775614080950617790e-03 1.298296498134732246e-03 4.207271337509155273e-02 2.478738501667976379e-02 3.836093470454216003e-02 1.430711057037115097e-02 8.843886316753923893e-04 5.917161237448453903e-03 1.517048687674105167e-03 8.707717992365360260e-03 2.376707457005977631e-02 5.717800813727080822e-04 9.077200666069984436e-03 8.241806179285049438e-03 7.088355720043182373e-02 2.351354807615280151e-02 6.895701587200164795e-02 3.821629658341407776e-02 1.416071667335927486e-03 5.810498725622892380e-03 2.043862827122211456e-02 1.795291155576705933e-02 3.576526651158928871e-03 2.202849136665463448e-03 6.517867743968963623e-02 6.757093966007232666e-02 2.044890448451042175e-02 1.469934917986392975e-02 9.482651017606258392e-03 8.011794416233897209e-04 2.532661519944667816e-02 3.754623606801033020e-02 1.043557841330766678e-02 4.746277816593647003e-03 1.483187172561883926e-02 1.876044087111949921e-03 2.198918536305427551e-02 1.200201082974672318e-02 2.364800311625003815e-03 4.305049311369657516e-03 1.396153774112462997e-02 8.694910444319248199e-03 2.520491741597652435e-02 9.588479064404964447e-03 5.759319756180047989e-03 1.487906672991812229e-03 2.809177525341510773e-02 1.260294392704963684e-02 1.166820805519819260e-02 2.342491410672664642e-02 2.687145723029971123e-03 4.531762097030878067e-03 2.665851265192031860e-03 5.752449855208396912e-03 2.763824770227074623e-03 2.231242600828409195e-03 1.150183193385601044e-02 6.523869931697845459e-03
8.126305416226387024e-03 1.120866858400404453e-03 7.958200760185718536e-03 8.102799952030181885e-02 8.466027975082397461e-01 8.632568642497062683e-03 1.665573683567345142e-03 1.598532497882843018e-02 4.543408285826444626e-03 3.230907168472185731e-05 6.462907418608665466e-03 1.152185350656509399e-02 2.120387973263859749e-03 2.875470928847789764e-02 4.150423221290111542e-03 1.340444141533225775e-04 4.759827163070440292e-03 5.429638177156448364e-02 4.499252885580062866e-02 8.674558252096176147e-03 1.015515346080064774e-02 3.216493176296353340e-03 7.149307522922754288e-03 1.907907798886299133e-02 7.235990837216377258e-03 1.215113885700702667e-02 2.107322448864579201e-03 1.863578334450721741e-02 2.521821064874529839e-03 1.635690778493881226e-02 1.056662667542695999e-02 1.950098783709108829e-03 1.775466836988925934e-02 1.054040435701608658e-02 4.342202562838792801e-03 1.446192245930433273e-02 1.717545278370380402e-02 9.411998093128204346e-03 5.507266893982887268e-02 2.656527049839496613e-02 1.713343150913715363e-02 1.067135855555534363e-02 3.502032253891229630e-03 6.008621770888566971e-03 3.548651188611984253e-02 1.951094530522823334e-02 3.886267775669693947e-03 8.972871000878512859e-05 1.622592099010944366e-02 2.881924156099557877e-03 1.804931834340095520e-02 2.641040086746215820e-02 1.122109964489936829e-02 4.063970874994993210e-03 3.545234724879264832e-02 1.957060955464839935e-02 1.023621205240488052e-02 2.502422139514237642e-04 7.867535576224327087e-03 3.876341274008154869e-03 3.476756811141967773e-02 2.026611566543579102e-02 2.981252968311309814e-02 1.361029967665672302e-02 2.400430530542507768e-04 8.760011754930019379e-03 3.993400838226079941e-03 3.858710872009396553e-03 5.911720450967550278e-03 1.268010027706623077e-02 7.442933507263660431e-03 1.733894646167755127e-02 6.859811395406723022e-02 3.069754503667354584e-02 7.459565252065658569e-02 4.329119622707366943e-02 1.735172607004642487e-02 6.533972918987274170e-03 1.966520771384239197e-02 1.307404600083827972e-02 6.121693179011344910e-03 1.154039707034826279e-02 7.214229553937911987e-02 7.900396734476089478e-02 2.696556411683559418e-02 1.728143915534019470e-02 8.722924627363681793e-03 9.158093598671257496e-04 1.555106882005929947e-02 3.078400529921054840e-02 1.011318154633045197e-02 4.840184934437274933e-03 1.470769476145505905e-02 5.879764285054989159e-05 1.334051880985498428e-02 7.986558601260185242e-03 1.060836389660835266e-02 1.614630222320556641e-02 2.101264521479606628e-02 1.565151289105415344e-02 2.186092361807823181e-02 5.298768170177936554e-03 2.311405027285218239e-03 6.082563661038875580e-03 2.441399730741977692e-02 8.820471353828907013e-03 1.259935554116964340e-02 2.248926274478435516e-02 2.521878574043512344e-03 5.220698192715644836e-03 5.148160271346569061e-03 1.343035604804754257e-02 5.465418566018342972e-03 3.041144926100969315e-03 9.441806003451347351e-03 3.594008507207036018e-03
4.403684288263320923e-02 4.232604056596755981e-02 1.430879253894090652e-02 1.411952916532754898e-02 8.632568642497062683e-03 8.466027975082397461e-01 6.984546780586242676e-02 1.876083388924598694e-02 3.186780493706464767e-03 5.102328024804592133e-03 3.434198722243309021e-02 2.520528063178062439e-02 3.646949678659439087e-02 1.101760286837816238e-02 1.813409850001335144e-02 2.003773488104343414e-02 2.386946976184844971e-02 1.683021895587444305e-02 5.851336289197206497e-03 2.312585711479187012e-02 1.993200927972793579e-02 1.666544377803802490e-02 1.092769112437963486e-02 1.292117964476346970e-02 1.257379539310932159e-02 1.217090245336294174e-02 1.870754919946193695e-02 3.273776918649673462e-02 6.434736773371696472e-03 3.261752054095268250e-02 1.245337259024381638e-02 3.759111044928431511e-03 2.414488233625888824e-02 6.521705538034439087e-03 1.702527701854705811e-02 7.562398910522460938e-03 5.244843196123838425e-03 5.537840537726879120e-03 3.409029683098196983e-03 5.536393262445926666e-03 1.151790376752614975e-02 8.409111760556697845e-03 1.789658144116401672e-02 8.101820014417171478e-03 1.317677670158445835e-03 2.121403813362121582e-03 6.540210545063018799e-02 4.512324929237365723e-02 6.360670085996389389e-03 9.327033534646034241e-03 1.866926252841949463e-02 1.009757444262504578e-02 1.914686523377895355e-02 1.219352427870035172e-02 8.974506519734859467e-03 3.405837109312415123e-03 1.746217347681522369e-02 5.483672954142093658e-03 1.941409148275852203e-02 1.746501773595809937e-02 6.376120727509260178e-03 2.778741996735334396e-03 2.683736942708492279e-02 1.190320588648319244e-02 2.761074714362621307e-02 1.902582123875617981e-02 1.401431299746036530e-02 1.821165904402732849e-02 3.083990141749382019e-02 1.352976914495229721e-02 3.514108434319496155e-02 1.865213923156261444e-02 2.101543545722961426e-02 9.302813559770584106e-03 1.430142577737569809e-02 8.156679570674896240e-03 2.200325392186641693e-02 1.633525826036930084e-02 2.159623196348547935e-03 1.588496728800237179e-03 7.241696584969758987e-03 1.763912849128246307e-02 1.051795389503240585e-02 8.374405093491077423e-03 3.483000909909605980e-03 2.257190272212028503e-02 5.180853419005870819e-03 7.573957089334726334e-03 2.304835990071296692e-02 1.885384321212768555e-02 3.045927546918392181e-02 1.627743802964687347e-02 2.237560227513313293e-02 1.400688779540359974e-03 3.577524796128273010e-03 7.448866032063961029e-03 1.601536199450492859e-02 1.782977767288684845e-02 5.586036946624517441e-03 1.074156444519758224e-02 2.203700505197048187e-02 1.744969934225082397e-02 1.997121237218379974e-02 2.140785381197929382e-02 1.854870840907096863e-02 1.059007272124290466e-02 1.511078421026468277e-02 1.606315374374389648e-02 1.653901115059852600e-02 8.365449495613574982e-03 9.119196794927120209e-03 1.213292405009269714e-02 2.132165059447288513e-02 1.743491552770137787e-02 3.188956761732697487e-04 1.400120835751295090e-02
3.558321669697761536e-02 4.178411886096000671e-02 1.927300170063972473e-02 3.524807980284094810e-03 1.665573683567345142e-03 6.984546780586242676e-02 8.466027975082397461e-01 1.281188707798719406e-02 8.046324364840984344e-03 8.291333913803100586e-03 3.812019899487495422e-02 1.879503764212131500e-02 4.179587587714195251e-02 2.031422220170497894e-02 1.076381001621484756e-02 1.548966392874717712e-02 1.855645328760147095e-02 1.623451709747314453e-02 7.959464564919471741e-03 2.332484163343906403e-02 2.218507044017314911e-02 2.159477397799491882e-02 1.630447246134281158e-02 2.053287811577320099e-02 9.884555824100971222e-03 1.350014843046665192e-02 3.196913748979568481e-02 2.085442654788494110e-02 1.787234656512737274e-02 2.486302703619003296e-02 2.551072463393211365e-02 2.442479133605957031e-03 2.044198662042617798e-02 7.763185072690248489e-03 1.255173329263925552e-02 7.374965585768222809e-03 4.393475130200386047e-03 1.775494404137134552e-02 1.639825350139290094e-04 7.077381946146488190e-03 1.676492579281330109e-02 1.413000561296939850e-02 1.932121999561786652e-02 6.274890620261430740e-03 1.866535842418670654e-02 1.647858321666717529e-02 6.909651309251785278e-02 6.433231383562088013e-02 1.254590111784636974e-03 2.370914677157998085e-03 1.943540014326572418e-02 1.086566876620054245e-02 1.368981320410966873e-02 1.149469800293445587e-02 3.460227278992533684e-03 8.263414725661277771e-03 1.291851606220006943e-02 4.065476823598146439e-03 1.575614139437675476e-02 1.818195544183254242e-02 1.359660178422927856e-03 1.076399162411689758e-02 1.980539411306381226e-02 8.929683826863765717e-03 2.814100123941898346e-02 2.799102477729320526e-02 1.820510998368263245e-02 2.277882024645805359e-02 1.836501806974411011e-02 4.526805598288774490e-03 2.533437125384807587e-02 9.532152675092220306e-03 7.848923094570636749e-03 6.706243380904197693e-03 2.306523034349083900e-03 1.944199553690850735e-03 1.211612671613693237e-02 1.512812823057174683e-02 1.190754398703575134e-02 1.130341831594705582e-02 9.048296138644218445e-03 2.003339678049087524e-02 9.859642013907432556e-03 6.729159969836473465e-03 3.252554452046751976e-03 6.509135477244853973e-03 3.156044112984091043e-04 8.549004793167114258e-03 1.207567006349563599e-02 1.215144898742437363e-02 4.659022018313407898e-02 2.193154580891132355e-02 4.029339179396629333e-02 8.141004480421543121e-03 6.009398959577083588e-03 3.309159539639949799e-03 7.562949787825345993e-03 7.016040384769439697e-03 3.474691649898886681e-03 7.552226539701223373e-03 8.151694200932979584e-03 4.416816867887973785e-03 8.237513713538646698e-03 1.028863899409770966e-02 1.495382748544216156e-02 8.907843381166458130e-03 1.285833027213811874e-02 2.202410809695720673e-02 8.997074328362941742e-03 1.972490921616554260e-02 1.002266420982778072e-03 5.967530421912670135e-03 2.175459451973438263e-02 2.168052084743976593e-02 6.324124522507190704e-03 1.594894565641880035e-02
1.337508019059896469e-02 2.223808504641056061e-02 5.784943327307701111e-02 1.520360168069601059e-02 1.598532497882843018e-02 1.876083388924598694e-02 1.281188707798719406e-02 8.466027975082397461e-01 9.271425195038318634e-03 7.906774990260601044e-03 1.159875746816396713e-02 1.868010684847831726e-02 2.953464537858963013e-02 5.885644350200891495e-03 3.471796214580535889e-02 1.161336246877908707e-02 1.152995973825454712e-02 1.202582102268934250e-02 1.240782439708709717e-02 6.264698691666126251e-03 3.431820077821612358e-04 2.664382569491863251e-02 1.989106182008981705e-03 1.019960548728704453e-02 1.577089726924896240e-02 1.396857667714357376e-02 8.383824490010738373e-03 1.289793197065591812e-02 8.823265321552753448e-03 1.438884623348712921e-02 3.125643730163574219e-02 8.417626842856407166e-03 1.468081306666135788e-02 6.831849459558725357e-03 4.651137161999940872e-03 2.609761804342269897e-02 2.924394793808460236e-02 1.798889599740505219e-03 6.598946056328713894e-04 4.129642155021429062e-03 9.898202493786811829e-03 6.146673113107681274e-03 1.968284137547016144e-03 5.986793898046016693e-03 7.396152243018150330e-03 1.726909540593624115e-02 9.001362137496471405e-03 2.237919904291629791e-02 1.943936198949813843e-02 3.499341197311878204e-03 5.627119098789989948e-04 1.835763920098543167e-03 2.733363397419452667e-02 1.723280549049377441e-02 5.962584167718887329e-03 1.122644450515508652e-02 9.163930080831050873e-03 2.330306684598326683e-03 3.418239578604698181e-02 3.307116776704788208e-02 7.342134136706590652e-03 3.446821589022874832e-03 1.617596670985221863e-02 3.524803323671221733e-03 1.882074959576129913e-02 1.974617689847946167e-02 1.457437034696340561e-02 9.880160912871360779e-03 9.938766248524188995e-03 8.397487923502922058e-03 1.051486469805240631e-02 3.478059079498052597e-03 1.270859129726886749e-02 8.555402979254722595e-03 1.588056795299053192e-02 1.491514686495065689e-02 5.547166801989078522e-03 2.515605185180902481e-03 1.817621174268424511e-03 5.236599128693342209e-03 4.472299665212631226e-02 2.546544000506401062e-02 3.217741101980209351e-02 6.673185620456933975e-03 6.422934122383594513e-03 4.114039242267608643e-03 4.340950399637222290e-02 4.825467988848686218e-02 4.259206354618072510e-03 7.789711002260446548e-03 9.272607974708080292e-03 2.271509170532226562e-02 1.934920437633991241e-02 9.925405494868755341e-03 1.191043574362993240e-02 1.274631824344396591e-02 2.404905855655670166e-03 9.872128255665302277e-03 6.264405325055122375e-03 8.037359802983701229e-04 8.050490170717239380e-03 1.587072573602199554e-02 7.851451518945395947e-04 1.092912256717681885e-02 2.175459079444408417e-02 2.356701903045177460e-02 3.267996758222579956e-02 4.264292772859334946e-03 2.375425398349761963e-02 2.962723188102245331e-02 4.198107402771711349e-03 3.412808058783411980e-03 1.533110346645116806e-02 1.622196054086089134e-03 1.200275029987096786e-02 1.946789585053920746e-02
9.355829097330570221e-03 6.359532009810209274e-03 1.086120959371328354e-02 9.082193719223141670e-04 4.543408285826444626e-03 3.186780493706464767e-03 8.046324364840984344e-03 9.271425195038318634e-03 8.466027975082397461e-01 4.621281847357749939e-02 2.731449715793132782e-02 3.079461120069026947e-02 1.991434209048748016e-02 7.971545681357383728e-03 1.468679960817098618e-02 1.732724346220493317e-02 1.563592627644538879e-02 3.672084584832191467e-02 5.729607772082090378e-03 1.305223815143108368e-02 7.242636289447546005e-03 1.561126206070184708e-02 5.311400163918733597e-03 6.366262678056955338e-04 1.569467596709728241e-02 2.054234966635704041e-02 1.641232869587838650e-03 1.374007109552621841e-02 7.294029928743839264e-03 2.378924004733562469e-02 1.232322957366704941e-02 3.009216859936714172e-02 3.709016600623726845e-03 1.913822069764137268e-02 5.627384409308433533e-03 2.517948159947991371e-03 1.178750395774841309e-02 4.655493889003992081e-03 5.898743402212858200e-03 1.410925411619246006e-03 1.860493049025535583e-02 3.544287011027336121e-02 1.175582292489707470e-03 2.501621143892407417e-03 1.509254425764083862e-02 8.706949651241302490e-03 7.427433039993047714e-03 1.670165173709392548e-02 4.638239368796348572e-02 2.653782442212104797e-02 1.472640130668878555e-02 1.886243186891078949e-02 1.531110331416130066e-02 7.705858442932367325e-03 4.684790223836898804e-02 3.801025077700614929e-02 2.736825495958328247e-02 2.416754141449928284e-02 1.772373542189598083e-02 5.352105479687452316e-03 1.921784691512584686e-02 1.983571238815784454e-02 8.050059899687767029e-03 3.775278339162468910e-03 2.004576101899147034e-02 1.578007638454437256e-02 1.520448643714189529e-02 6.386664463207125664e-04 2.665949799120426178e-02 1.355683244764804840e-02 2.344620972871780396e-02 1.413205638527870178e-02 1.048612594604492188e-02 8.652107790112495422e-03 1.374472025781869888e-02 1.190029922872781754e-02 7.618869841098785400e-02 2.130508236587047577e-02 3.203466162085533142e-02 1.093832589685916901e-02 2.501175366342067719e-02 2.415421232581138611e-02 1.551887579262256622e-02 5.535334814339876175e-03 1.697769016027450562e-02 1.534929033368825912e-03 2.617306262254714966e-02 1.535682752728462219e-02 9.591041132807731628e-03 9.071980603039264679e-03 1.903703249990940094e-02 2.028045989573001862e-02 7.853141985833644867e-03 1.936186803504824638e-03 1.380603015422821045e-02 3.887371160089969635e-03 4.237355198711156845e-03 1.163594797253608704e-02 3.247772902250289917e-02 1.103282091207802296e-03 7.643040735274553299e-03 1.396955829113721848e-02 1.768866926431655884e-02 4.881709814071655273e-03 5.875245667994022369e-03 2.854571212083101273e-03 1.347616408020257950e-02 2.072636038064956665e-03 3.961372189223766327e-03 1.496313326060771942e-02 1.718987897038459778e-02 4.184683319181203842e-03 7.163959089666604996e-03 1.613416150212287903e-02 1.955199614167213440e-02 1.726639829576015472e-02
3.768329042941331863e-03 1.194887980818748474e-02 4.402592778205871582e-03 4.334307741373777390e-03 3.230907168472185731e-05 5.102328024804592133e-03 8.291333913803100586e-03 7.906774990260601044e-03 4.621281847357749939e-02 8.466027975082397461e-01 2.485964214429259300e-03 8.534268476068973541e-03 1.914435182698071003e-03 2.202865108847618103e-02 3.148974385112524033e-03 1.928825117647647858e-02 3.212575241923332214e-02 2.688412927091121674e-02 3.049484640359878540e-02 1.714383065700531006e-02 1.699596084654331207e-02 6.998489610850811005e-03 1.206144504249095917e-02 1.972815580666065216e-02 2.188923954963684082e-02 2.905940264463424683e-02 1.003941753879189491e-03 2.597357705235481262e-02 1.274118106812238693e-02 2.797800675034523010e-02 1.342064514756202698e-02 2.139093726873397827e-02 2.346985228359699249e-02 2.570854499936103821e-02 2.228653803467750549e-02 5.389736965298652649e-03 4.494130145758390427e-03 3.018412040546536446e-03 4.130809567868709564e-03 1.293186563998460770e-03 1.647532545030117035e-02 2.365015819668769836e-02 6.056750193238258362e-03 1.512955222278833389e-02 8.168350905179977417e-03 2.918114885687828064e-02 5.544113810174167156e-04 1.400027982890605927e-02 3.855628892779350281e-02 5.039513111114501953e-02 9.232008829712867737e-03 7.669873535633087158e-03 3.791407449170947075e-03 1.023611798882484436e-02 3.539474681019783020e-02 5.903748050332069397e-02 1.907509006559848785e-02 3.271791711449623108e-02 1.886238460429012775e-03 1.527142897248268127e-02 2.680632285773754120e-02 4.091048985719680786e-02 1.257467269897460938e-02 2.098776400089263916e-02 1.562075223773717880e-02 1.774135045707225800e-02 1.438043080270290375e-02 7.553834933787584305e-03 2.529252320528030396e-02 1.334432419389486313e-02 4.035459086298942566e-02 1.203825976699590683e-02 1.447670254856348038e-02 1.096578408032655716e-02 1.093623787164688110e-02 1.037630252540111542e-02 3.446983546018600464e-02 5.600200966000556946e-02 8.375363424420356750e-03 4.657670855522155762e-02 2.004461176693439484e-02 1.557280682027339935e-02 5.626122001558542252e-03 3.353782463818788528e-03 3.480376210063695908e-03 1.397168356925249100e-02 1.447227131575345993e-02 3.143812762573361397e-03 4.739943426102399826e-03 2.703368104994297028e-02 7.036201655864715576e-03 1.016714028082787991e-03 2.242728136479854584e-02 1.107469387352466583e-02 1.987720467150211334e-02 9.934660047292709351e-03 1.340712513774633408e-02 1.463839504867792130e-02 1.910143159329891205e-02 6.978628691285848618e-03 4.472197033464908600e-03 2.833437174558639526e-03 4.501814953982830048e-03 5.768866278231143951e-03 7.281735073775053024e-03 1.130943465977907181e-02 5.746787879616022110e-03 1.736930944025516510e-02 6.126740481704473495e-05 1.614364422857761383e-02 9.243338368833065033e-03 1.282579451799392700e-02 1.315133558819070458e-04 1.814016699790954590e-02 3.556154435500502586e-03 1.611882075667381287e-02
5.591875314712524414e-02 4.987497627735137939e-02 2.139541134238243103e-02 5.706227384507656097e-03 6.462907418608665466e-03 3.434198722243309021e-02 3.812019899487495422e-02 1.159875746816396713e-02 2.731449715793132782e-02 2.485964214429259300e-03 8.466027975082397461e-01 1.250905450433492661e-02 5.941340327262878418e-02 5.686338990926742554e-03 2.383909560739994049e-02 1.885938085615634918e-02 1.072224415838718414e-02 1.297659240663051605e-02 1.255519129335880280e-02 6.299429107457399368e-03 1.270773913711309433e-02 2.730838209390640259e-02 1.924019120633602142e-02 2.103798091411590576e-02 1.120245666243135929e-03 3.411427838727831841e-03 2.051355317234992981e-02 1.304373797029256821e-02 5.365765467286109924e-02 1.588563248515129089e-02 4.334184899926185608e-02 7.847698405385017395e-03 8.230883628129959106e-03 1.842872938141226768e-03 2.078540157526731491e-03 2.600238099694252014e-02 2.011112123727798462e-02 1.642806641757488251e-02 9.816238656640052795e-03 2.080484293401241302e-03 1.647948473691940308e-02 3.674583742395043373e-03 1.904533617198467255e-02 1.314860861748456955e-02 2.285864669829607010e-03 9.576106444001197815e-03 5.146788433194160461e-02 3.698820993304252625e-02 6.210894323885440826e-03 8.090099319815635681e-03 2.234189887531101704e-04 5.417061969637870789e-03 2.277944236993789673e-02 1.575367525219917297e-02 1.546691753901541233e-03 4.340009763836860657e-03 8.141384460031986237e-03 1.404433045536279678e-02 2.391640655696392059e-02 1.974358223378658295e-02 5.000993609428405762e-03 6.517973262816667557e-03 9.233025833964347839e-03 3.844531485810875893e-03 5.063320323824882507e-02 4.623226821422576904e-02 7.664814591407775879e-03 1.529623288661241531e-02 4.870789591223001480e-03 9.467020630836486816e-03 3.410729113966226578e-03 6.468358915299177170e-03 1.412399485707283020e-02 1.784810982644557953e-02 1.365773659199476242e-02 6.794614717364311218e-03 2.061555162072181702e-02 6.237225607037544250e-03 3.324164310470223427e-03 5.682199844159185886e-04 7.419011555612087250e-03 5.602167453616857529e-03 8.653111755847930908e-03 1.193476145999738947e-05 7.429846446029841900e-04 1.280073542147874832e-02 1.720875874161720276e-02 1.918731816112995148e-02 7.096513174474239349e-03 3.262859070673584938e-03 4.960478097200393677e-02 2.972354181110858917e-02 3.716951236128807068e-02 1.800962910056114197e-02 3.184407250955700874e-03 1.286145951598882675e-02 8.550633676350116730e-03 3.245012136176228523e-03 1.712312106974422932e-03 1.101170293986797333e-02 2.121802605688571930e-02 1.915406063199043274e-02 4.177828785032033920e-03 1.935603329911828041e-03 1.896591857075691223e-02 1.609112136065959930e-02 2.306243032217025757e-02 2.642587013542652130e-02 2.036783471703529358e-02 3.807629272341728210e-02 5.760046187788248062e-03 2.922791521996259689e-03 2.735796850174665451e-03 1.945751532912254333e-02 2.565066562965512276e-03 8.714070543646812439e-03
9.476211853325366974e-03 9.613757138140499592e-04 1.466720458120107651e-02 5.303448066115379333e-03 1.152185350656509399e-02 2.520528063178062439e-02 1.879503764212131500e-02 1.868010684847831726e-02 3.079461120069026947e-02 8.534268476068973541e-03 1.250905450433492661e-02 8.466027975082397461e-01 7.555181626230478287e-03 6.451566517353057861e-02 2.780617913231253624e-03 1.080432906746864319e-02 1.330432388931512833e-02 1.058528851717710495e-02 1.369679812341928482e-02 2.590162493288516998e-02 1.178236119449138641e-02 7.629723288118839264e-03 3.234724327921867371e-02 2.042555809020996094e-02 2.391431108117103577e-02 1.154422853142023087e-02 1.704979874193668365e-02 3.459959104657173157e-02 1.590951159596443176e-02 2.977217733860015869e-02 1.230951398611068726e-02 1.167339738458395004e-02 6.725682411342859268e-03 1.088015828281641006e-02 2.016409486532211304e-02 5.431001540273427963e-03 9.643464349210262299e-03 9.981318376958370209e-03 1.331433840095996857e-02 3.589484549593180418e-04 3.655950305983424187e-03 2.388663589954376221e-02 1.126785110682249069e-02 4.122729878872632980e-03 3.045062348246574402e-02 1.024110987782478333e-02 1.687775924801826477e-02 9.314670227468013763e-03 9.628222323954105377e-04 2.012234367430210114e-02 1.052752044051885605e-02 9.033739566802978516e-03 6.622198503464460373e-03 1.076426269719377160e-04 2.666567219421267509e-03 1.324065681546926498e-02 4.480832070112228394e-02 1.086248736828565598e-02 8.018035441637039185e-03 1.271394197829067707e-03 9.344906546175479889e-03 1.176385580947680864e-06 6.227308418601751328e-03 1.032747048884630203e-02 3.582540433853864670e-03 1.595293357968330383e-02 2.599044516682624817e-02 1.547767501324415207e-02 1.910683698952198029e-02 1.348148379474878311e-02 2.055573090910911560e-02 1.505987625569105148e-02 4.589922260493040085e-03 9.863406419754028320e-03 3.467915812507271767e-03 1.778353936970233917e-02 5.249290540814399719e-02 2.515381947159767151e-02 3.691644221544265747e-02 1.532183378003537655e-03 9.121341630816459656e-03 2.112134173512458801e-02 3.199440194293856621e-03 2.346403198316693306e-03 2.676849253475666046e-02 5.467592738568782806e-03 2.386386739090085030e-03 1.860290765762329102e-02 4.509972408413887024e-02 3.273335099220275879e-02 5.923694930970668793e-03 8.517684414982795715e-03 3.565673716366291046e-03 3.665456082671880722e-03 4.695896524935960770e-03 7.920920848846435547e-03 4.834897350519895554e-03 2.160878665745258331e-02 2.860931865870952606e-02 1.911346055567264557e-02 6.651160307228565216e-03 5.323873367160558701e-03 4.270522855222225189e-03 1.277796179056167603e-02 1.278139185160398483e-03 5.661525647155940533e-04 5.196332000195980072e-03 5.434181541204452515e-03 7.459837011992931366e-03 1.530419755727052689e-02 1.336801797151565552e-03 1.242447644472122192e-02 3.290912881493568420e-02 2.313524857163429260e-02 1.192669942975044250e-02 4.738395102322101593e-03
4.357228428125381470e-02 5.451589450240135193e-02 8.010738529264926910e-03 4.550480283796787262e-03 2.120387973263859749e-03 3.646949678659439087e-02 4.179587587714195251e-02 2.953464537858963013e-02 1.991434209048748016e-02 1.914435182698071003e-03 5.941340327262878418e-02 7.555181626230478287e-03 8.466027975082397461e-01 1.248035486787557602e-02 3.102149628102779388e-02 1.866305246949195862e-02 1.670193299651145935e-02 1.384585071355104446e-02 6.980102043598890305e-03 1.510296296328306198e-02 1.632477715611457825e-02 3.434838727116584778e-02 2.019931934773921967e-02 2.162453345954418182e-02 3.870353335514664650e-03 2.441924298182129860e-03 3.381450101733207703e-02 1.767897233366966248e-02 4.629644006490707397e-02 1.703114062547683716e-02 4.396968707442283630e-02 1.570249348878860474e-02 1.087815593928098679e-02 1.182144973427057266e-02 5.125255789607763290e-03 2.340616099536418915e-02 2.047751285135746002e-02 1.851455867290496826e-02 1.350528793409466743e-03 7.390754763036966324e-03 2.284451201558113098e-02 9.650852531194686890e-03 1.610435545444488525e-02 1.562719792127609253e-02 6.461175624281167984e-03 1.917156018316745758e-02 4.417265206575393677e-02 4.848759248852729797e-02 2.200413262471556664e-03 8.610988967120647430e-03 3.168346593156456947e-03 2.831164747476577759e-03 2.490557357668876648e-02 2.081544511020183563e-02 7.104936987161636353e-03 2.603783039376139641e-03 9.277969365939497948e-04 1.646016724407672882e-02 2.445380389690399170e-02 2.643167786300182343e-02 7.193551864475011826e-03 1.332219806499779224e-03 1.504127960652112961e-02 1.715588755905628204e-02 4.645742475986480713e-02 4.919908568263053894e-02 1.022125594317913055e-02 1.692800596356391907e-02 1.404870674014091492e-02 1.648321561515331268e-02 1.190201472491025925e-02 8.866405114531517029e-03 4.240275826305150986e-03 9.119207970798015594e-03 3.022842574864625931e-03 2.019143430516123772e-03 4.206617828458547592e-03 3.059094538912177086e-03 4.930297844111919403e-03 9.959932416677474976e-03 3.772987518459558487e-03 3.706660354509949684e-03 1.673574745655059814e-02 2.706754719838500023e-03 4.688783083111047745e-03 7.102272473275661469e-03 2.266528643667697906e-02 3.111795336008071899e-02 2.994218375533819199e-03 6.282974965870380402e-03 4.492817074060440063e-02 3.071624785661697388e-02 4.340305551886558533e-02 2.676400728523731232e-02 5.150554701685905457e-03 1.160867139697074890e-02 4.712012130767107010e-03 2.730529056861996651e-03 8.128659799695014954e-03 7.982817478477954865e-03 2.735649980604648590e-02 2.116067893803119659e-02 2.859379164874553680e-03 5.407117423601448536e-04 2.060547284781932831e-02 1.852940768003463745e-02 2.367099747061729431e-02 2.496741712093353271e-02 2.461773157119750977e-02 4.020252451300621033e-02 1.114168949425220490e-02 2.694402122870087624e-03 8.854561485350131989e-03 1.760035380721092224e-02 7.177084684371948242e-03 9.903909638524055481e-03
