8.360894322395324707e-01 7.156213372945785522e-02 1.204804517328739166e-02 1.235074736177921295e-02 4.111489653587341309e-02 4.239460453391075134e-02 2.199221029877662659e-02 9.237757767550647259e-04 1.352030970156192780e-02 4.175104200839996338e-03 6.612364202737808228e-02 3.340912610292434692e-02 4.547013714909553528e-02 2.593358233571052551e-02 1.002787798643112183e-02 6.781490053981542587e-03 1.009373646229505539e-02 4.249037429690361023e-02 1.534452103078365326e-02 2.452234271913766861e-03 2.129569649696350098e-03 2.160673402249813080e-02 1.605595834553241730e-02 1.611701399087905884e-02 1.732781529426574707e-02 3.069325909018516541e-02 2.674214914441108704e-02 2.187960967421531677e-02 7.611558772623538971e-03 2.685158513486385345e-02 6.790402345359325409e-03 6.654011085629463196e-03 1.059186324710026383e-04 5.004873033612966537e-03 5.286028143018484116e-03 2.555128931999206543e-02 2.658821828663349152e-02 9.774216450750827789e-03 9.507380425930023193e-03 9.139917790889739990e-03 6.234033964574337006e-03 7.343596778810024261e-03 8.488898165524005890e-03 1.854800060391426086e-02 1.063720323145389557e-02 1.329518202692270279e-02 2.905262075364589691e-02 1.569439098238945007e-02 1.050947420299053192e-02 1.968397991731762886e-03 2.441861480474472046e-02 1.093683857470750809e-02 1.334755774587392807e-02 1.008020900189876556e-02 1.044871099293231964e-02 1.347282528877258301e-02 2.164528332650661469e-02 2.136869542300701141e-02 1.111509930342435837e-02 3.022735752165317535e-02 1.062155049294233322e-02 6.489992141723632812e-03 1.053615752607584000e-02 1.774552511051297188e-03 2.371396683156490326e-02 2.038577944040298462e-02 8.347077295184135437e-03 8.834810927510261536e-03 2.245135605335235596e-02 3.369973972439765930e-02 1.883551292121410370e-02 2.945269457995891571e-02 1.049258746206760406e-02 1.036113500595092773e-02 2.138363925041630864e-04 1.201453618705272675e-02 4.051643423736095428e-03 3.243725514039397240e-03 5.988330813124775887e-04 8.863905444741249084e-03 4.932630807161331177e-03 4.829604644328355789e-03 3.471789136528968811e-02 3.221466019749641418e-02 3.578954562544822693e-02 9.856503456830978394e-03 1.304963976144790649e-02 3.751529613509774208e-03 1.692068390548229218e-02 2.418314293026924133e-02 9.674856439232826233e-03 2.880122885107994080e-02 8.750791661441326141e-03 2.189166285097599030e-02 1.112625747919082642e-02 2.120313234627246857e-02 2.128041815012693405e-03 3.436324885115027428e-03 1.120194233953952789e-02 7.409933023154735565e-03 4.959172569215297699e-03 4.095279145985841751e-03 1.684696413576602936e-02 1.282757241278886795e-02 2.506684977561235428e-03 1.698095002211630344e-03 4.379942547529935837e-03 4.993296694010496140e-03 2.467366401106119156e-03 1.978392101591452956e-04 1.200324669480323792e-02 3.753034397959709167e-03 2.648427896201610565e-02 9.622954763472080231e-03 2.226937003433704376e-02 5.953538697212934494e-03
7.156213372945785522e-02 8.360894322395324707e-01 6.848347838968038559e-03 4.412121139466762543e-03 3.469386696815490723e-02 1.999839767813682556e-02 2.727067098021507263e-02 7.511038333177566528e-03 7.722238078713417053e-03 5.634152796119451523e-03 4.580364376306533813e-02 2.808765135705471039e-02 5.626586079597473145e-02 1.575172878801822662e-02 9.953184053301811218e-03 4.282338544726371765e-03 1.301838178187608719e-02 4.135783389210700989e-02 1.504164002835750580e-02 6.121909245848655701e-03 8.123397827148437500e-03 1.086428388953208923e-02 1.511125359684228897e-02 1.450397819280624390e-02 2.186081372201442719e-02 3.067407570779323578e-02 9.352058172225952148e-03 1.910507492721080780e-02 1.785975880920886993e-02 1.960002817213535309e-02 1.429447904229164124e-02 9.967984631657600403e-03 2.690697554498910904e-03 7.680733106099069118e-04 5.992213264107704163e-03 2.982254140079021454e-02 3.150757029652595520e-02 1.615719404071569443e-03 1.508595515042543411e-02 1.867679320275783539e-02 7.308757398277521133e-03 8.465382270514965057e-03 1.237618084996938705e-02 2.809367328882217407e-02 1.590932160615921021e-02 1.790851727128028870e-02 1.680232211947441101e-02 1.847208663821220398e-02 2.527387812733650208e-02 9.294046903960406780e-04 2.961439639329910278e-02 2.089933305978775024e-02 2.652493491768836975e-02 2.506963675841689110e-03 1.098654512315988541e-02 8.124854415655136108e-03 1.776222884654998779e-02 1.695740222930908203e-02 1.466915104538202286e-02 2.165240421891212463e-02 9.807915426790714264e-03 8.106131106615066528e-03 2.003445476293563843e-02 1.861982047557830811e-02 1.585043594241142273e-02 3.063851594924926758e-02 3.532145638018846512e-03 1.402882114052772522e-02 2.401362359523773193e-02 1.669219695031642914e-02 1.618454791605472565e-02 2.685392647981643677e-02 1.195114664733409882e-02 5.178325809538364410e-04 2.458092931192368269e-04 3.733169753104448318e-03 2.578921383246779442e-03 5.293127615004777908e-03 4.742694552987813950e-03 1.478153839707374573e-02 1.577565213665366173e-03 3.000922035425901413e-03 3.805522248148918152e-02 3.389087319374084473e-02 2.193920314311981201e-02 1.059538312256336212e-02 4.236045293509960175e-03 1.096396055072546005e-02 2.165971696376800537e-02 2.367581799626350403e-02 9.643104858696460724e-03 1.597717776894569397e-02 1.440944708883762360e-02 3.562336042523384094e-02 2.019382826983928680e-02 2.482246980071067810e-02 9.833321906626224518e-03 9.035132825374603271e-03 1.399280782788991928e-02 1.101545710116624832e-02 2.032655538641847670e-05 1.823291764594614506e-03 5.969161167740821838e-03 4.856334067881107330e-03 7.098903413861989975e-03 1.701818546280264854e-03 2.651750342920422554e-03 9.718908695504069328e-04 1.096212677657604218e-02 1.935213687829673290e-03 1.175012812018394470e-02 1.069120783358812332e-02 2.998210489749908447e-02 1.054292544722557068e-02 2.100060507655143738e-02 5.336611066013574600e-04
1.204804517328739166e-02 6.848347838968038559e-03 8.360894322395324707e-01 1.027694903314113617e-02 5.535143427550792694e-03 1.731675118207931519e-02 2.991181565448641777e-03 3.199078142642974854e-02 9.145923890173435211e-03 5.352159962058067322e-03 1.008388679474592209e-02 2.342809690162539482e-03 1.669287867844104767e-02 4.451102577149868011e-03 1.947956159710884094e-02 8.485542610287666321e-03 5.476259626448154449e-03 4.560160450637340546e-03 6.110693793743848801e-03 1.678694970905780792e-02 2.606032416224479675e-02 1.722487062215805054e-02 6.742152385413646698e-03 1.930097490549087524e-02 2.368843741714954376e-02 6.917274557054042816e-03 4.042458534240722656e-02 1.847549155354499817e-02 1.632667332887649536e-02 2.123228646814823151e-02 1.540159620344638824e-02 8.590028621256351471e-03 9.577229502610862255e-04 4.396647214889526367e-03 6.723904516547918320e-03 9.272825904190540314e-03 1.814434863626956940e-02 3.476851806044578552e-02 7.883030921220779419e-03 2.316386811435222626e-02 3.719366714358329773e-02 1.692439895123243332e-03 8.960314095020294189e-03 4.438555613160133362e-02 1.371427159756422043e-02 1.811359077692031860e-02 2.357945218682289124e-02 8.121823891997337341e-03 1.250337250530719757e-02 1.849529705941677094e-02 1.837262511253356934e-02 2.739853225648403168e-02 8.649356663227081299e-03 1.320251380093395710e-03 8.960410952568054199e-03 2.580216899514198303e-02 2.514129271730780602e-03 8.085367269814014435e-03 1.479391288012266159e-02 6.211715750396251678e-03 2.502463757991790771e-02 1.745007932186126709e-02 1.140078157186508179e-02 1.730107329785823822e-02 1.946156285703182220e-02 2.042651735246181488e-02 2.418148331344127655e-02 4.245414747856557369e-04 1.492514181882143021e-02 2.539335191249847412e-02 2.061451785266399384e-02 3.164268285036087036e-02 1.938130520284175873e-02 1.132293231785297394e-02 1.202493440359830856e-02 2.301049418747425079e-02 1.274013612419366837e-02 2.453628554940223694e-02 8.514644578099250793e-03 4.690850619226694107e-03 5.055064707994461060e-02 6.269254535436630249e-02 4.818166140466928482e-03 5.421190988272428513e-03 7.635323796421289444e-03 1.958292536437511444e-02 1.706748083233833313e-02 7.233506999909877777e-03 1.810136437416076660e-02 1.966488733887672424e-02 1.951744966208934784e-02 1.740803569555282593e-02 5.354465916752815247e-03 1.955055259168148041e-02 2.460076473653316498e-03 1.300730183720588684e-02 2.119415672495961189e-03 1.313340268097817898e-03 4.109594970941543579e-03 1.081435754895210266e-02 1.654635742306709290e-02 1.702610030770301819e-02 2.793784253299236298e-02 1.082003116607666016e-02 1.984768314287066460e-03 2.476970106363296509e-02 1.361960172653198242e-02 2.618810161948204041e-02 3.666075645014643669e-03 6.305195856839418411e-03 1.392505015246570110e-03 7.028192048892378807e-04 4.129778593778610229e-03 2.017879672348499298e-02 1.216127909719944000e-02 6.193518638610839844e-03
1.235074736177921295e-02 4.412121139466762543e-03 1.027694903314113617e-02 8.360894322395324707e-01 3.374322876334190369e-02 2.428578399121761322e-02 2.368712984025478363e-02 2.585478127002716064e-03 5.923356860876083374e-03 2.906961925327777863e-02 1.285470928996801376e-02 4.601540509611368179e-03 1.140033639967441559e-02 6.924127694219350815e-03 7.105821743607521057e-03 2.902110293507575989e-02 3.296981006860733032e-02 7.700380869209766388e-03 1.020668912678956985e-02 2.132184617221355438e-02 2.093399129807949066e-02 1.332762371748685837e-02 1.718211360275745392e-02 1.752706244587898254e-02 7.357967086136341095e-03 1.323433220386505127e-02 7.640569005161523819e-03 3.208220750093460083e-02 1.295163389295339584e-02 2.781098149716854095e-02 1.649543270468711853e-02 2.317497693002223969e-02 3.868547454476356506e-02 2.574732899665832520e-02 2.056268230080604553e-02 7.859350182116031647e-03 1.534394174814224243e-02 2.022652886807918549e-02 2.992889471352100372e-02 1.914324238896369934e-02 1.647913455963134766e-02 2.838014159351587296e-03 1.542406855151057243e-03 9.097603149712085724e-03 2.416740544140338898e-02 2.174563705921173096e-02 2.393871732056140900e-02 2.243952453136444092e-02 1.665096497163176537e-03 1.010427158325910568e-02 1.268446631729602814e-02 2.125832997262477875e-02 2.107754535973072052e-02 2.201834134757518768e-02 6.286719348281621933e-03 9.621280245482921600e-03 1.722184382379055023e-02 1.697500050067901611e-02 2.693050773814320564e-03 2.233210578560829163e-02 3.112730756402015686e-02 2.171994931995868683e-02 2.364186942577362061e-02 2.216861955821514130e-02 1.442351657897233963e-02 1.121953222900629044e-02 1.305866241455078125e-02 2.323189564049243927e-02 4.413627460598945618e-02 3.666416509076952934e-03 4.076551645994186401e-02 7.071495056152343750e-04 4.482888802886009216e-02 2.183398045599460602e-02 4.438813403248786926e-02 4.513077903538942337e-03 2.612382173538208008e-02 3.178524598479270935e-02 5.510766524821519852e-03 2.974573150277137756e-02 6.622608751058578491e-03 1.932584121823310852e-02 2.959651499986648560e-02 2.271331846714019775e-02 4.918127786368131638e-03 2.505898289382457733e-02 7.227238267660140991e-03 5.739193409681320190e-03 1.996753923594951630e-02 2.667658030986785889e-02 1.571540907025337219e-02 2.152481582015752792e-03 2.013844437897205353e-02 1.757447421550750732e-02 1.527858711779117584e-02 7.074031513184309006e-03 1.772130094468593597e-02 5.063806194812059402e-03 1.832994446158409119e-02 1.952397637069225311e-02 8.378343656659126282e-03 2.177038602530956268e-02 1.693695038557052612e-02 7.272819522768259048e-03 3.287428990006446838e-02 2.060452662408351898e-02 7.240706123411655426e-03 8.043558336794376373e-03 1.507770176976919174e-02 1.328602712601423264e-02 1.320791896432638168e-02 1.617369614541530609e-02 7.300122641026973724e-03 1.825736463069915771e-02 1.239133905619382858e-02 7.643382530659437180e-03
4.111489653587341309e-02 3.469386696815490723e-02 5.535143427550792694e-03 3.374322876334190369e-02 8.360894322395324707e-01 1.696163415908813477e-02 1.246719621121883392e-02 4.308650270104408264e-03 5.320759955793619156e-03 7.583423051983118057e-03 1.242775283753871918e-02 1.773244328796863556e-02 3.786731511354446411e-03 1.735438033938407898e-02 1.119347382336854935e-02 1.969809457659721375e-02 3.010958991944789886e-02 2.516140416264533997e-02 2.708976529538631439e-02 2.977293683215975761e-03 3.292898181825876236e-03 2.596113272011280060e-02 5.940889939665794373e-03 7.450292818248271942e-03 1.875749789178371429e-02 1.209368463605642319e-02 9.030946530401706696e-03 3.694026265293359756e-03 9.788890369236469269e-03 2.839891705662012100e-03 7.384214550256729126e-03 3.376130945980548859e-03 1.815871149301528931e-02 1.623102091252803802e-02 2.254031971096992493e-02 7.502268068492412567e-03 1.192615833133459091e-03 2.958533121272921562e-03 4.251044616103172302e-02 5.101185664534568787e-02 5.701442714780569077e-03 2.027453482151031494e-02 1.800364442169666290e-02 1.174287125468254089e-02 6.922161206603050232e-03 4.282796289771795273e-03 1.550441514700651169e-02 9.630175307393074036e-03 7.030405104160308838e-03 1.385086216032505035e-02 3.195859864354133606e-02 2.641995064914226532e-02 2.498760120943188667e-03 9.799959138035774231e-03 8.312157355248928070e-03 1.671155542135238647e-02 1.426080986857414246e-02 1.218678988516330719e-02 5.950176157057285309e-03 3.481809049844741821e-02 1.314903236925601959e-02 1.473382115364074707e-02 4.189965501427650452e-02 2.659652382135391235e-02 2.532335929572582245e-03 6.663473788648843765e-03 5.872848443686962128e-03 1.395827159285545349e-03 4.004065692424774170e-02 1.562175923027098179e-03 4.556805640459060669e-02 3.845198312774300575e-03 1.176462695002555847e-02 2.154049463570117950e-03 2.260557748377323151e-02 9.652073495090007782e-03 1.150626968592405319e-02 2.406161464750766754e-02 2.576079778373241425e-02 2.471397630870342255e-02 5.921726115047931671e-03 3.502256004139780998e-03 6.285122036933898926e-02 5.650467798113822937e-02 3.512397035956382751e-02 3.754325211048126221e-03 1.813776325434446335e-03 2.584326546639204025e-03 5.062391050159931183e-03 1.619590818881988525e-02 7.297206204384565353e-03 5.425196606665849686e-03 7.385810837149620056e-03 1.368053909391164780e-02 4.978563170880079269e-03 1.628736592829227448e-02 5.794824566692113876e-03 1.162590738385915756e-02 2.307875454425811768e-02 1.563892327249050140e-02 1.771055720746517181e-02 4.626125446520745754e-04 9.463785216212272644e-03 2.670246921479701996e-02 1.286492403596639633e-02 3.835183009505271912e-02 2.079068683087825775e-02 8.747730404138565063e-03 1.097956765443086624e-02 1.502229087054729462e-02 1.537734083831310272e-02 8.620300330221652985e-03 3.895276784896850586e-02 1.324560213834047318e-02 1.429296098649501801e-02 2.150745503604412079e-02
4.239460453391075134e-02 1.999839767813682556e-02 1.731675118207931519e-02 2.428578399121761322e-02 1.696163415908813477e-02 8.360894322395324707e-01 6.058907508850097656e-02 4.467097751330584288e-04 1.641886308789253235e-02 6.805344950407743454e-03 4.562607407569885254e-02 3.678743029013276100e-03 4.335689544677734375e-02 5.882164929062128067e-03 5.464838352054357529e-03 2.977690659463405609e-02 2.302456088364124298e-02 2.359934151172637939e-02 5.647632759064435959e-03 1.706360955722630024e-03 8.672847179695963860e-04 3.302306402474641800e-03 1.331052929162979126e-02 1.259514689445495605e-02 6.436813622713088989e-03 4.352189716883003712e-04 1.099264901131391525e-02 2.400798909366130829e-02 2.379482425749301910e-02 8.561685681343078613e-03 2.211703360080718994e-02 1.787630654871463776e-02 1.475834101438522339e-02 3.327746642753481865e-03 7.932679727673530579e-03 6.681668572127819061e-03 3.025192068889737129e-03 2.374034933745861053e-02 2.342947199940681458e-02 1.851293491199612617e-03 1.438795123249292374e-02 2.278177766129374504e-03 1.820948906242847443e-02 9.779642336070537567e-03 1.125748362392187119e-02 3.201950341463088989e-03 6.125873327255249023e-02 5.068053305149078369e-02 1.167857740074396133e-02 8.263712748885154724e-03 2.089682035148143768e-02 1.962428167462348938e-02 1.607399992644786835e-02 1.500578410923480988e-02 4.070335533469915390e-03 3.977752756327390671e-03 1.058888621628284454e-02 1.740035228431224823e-02 7.628934457898139954e-03 7.985933683812618256e-03 5.052870605140924454e-03 3.689692355692386627e-03 2.638160251080989838e-02 5.880624055862426758e-03 3.326078504323959351e-02 3.743428364396095276e-02 3.145355149172246456e-04 1.247848942875862122e-02 2.087606303393840790e-02 1.233327854424715042e-02 9.964890778064727783e-03 1.904700510203838348e-02 2.060883864760398865e-02 7.111957762390375137e-03 1.387926656752824783e-02 2.326296269893646240e-02 2.142503671348094940e-02 7.933611981570720673e-03 1.552963443100452423e-02 3.455370664596557617e-03 1.370531134307384491e-02 9.370688349008560181e-03 1.434153970330953598e-02 5.575960967689752579e-03 1.427386049181222916e-02 1.650687656365334988e-03 3.412800375372171402e-03 5.169603042304515839e-03 8.030052296817302704e-03 2.237164229154586792e-02 2.793942205607891083e-02 1.472418103367090225e-02 2.601410821080207825e-02 6.492420565336942673e-03 3.139129653573036194e-02 3.242677194066345692e-04 1.117606530897319317e-03 1.317304372787475586e-02 1.004262734204530716e-02 1.716251671314239502e-02 7.616000715643167496e-03 5.859481170773506165e-03 3.168351203203201294e-02 5.591238383203744888e-03 3.136709798127412796e-03 1.166419824585318565e-03 3.614672692492604256e-03 1.093070581555366516e-02 6.942502688616514206e-03 1.301414519548416138e-02 4.458996467292308807e-03 1.102754566818475723e-02 5.470582284033298492e-03 2.620608545839786530e-03 1.657885313034057617e-02 2.364117419347167015e-03
2.199221029877662659e-02 2.727067098021507263e-02 2.991181565448641777e-03 2.368712984025478363e-02 1.246719621121883392e-02 6.058907508850097656e-02 8.360894322395324707e-01 1.522900303825736046e-03 8.207294158637523651e-03 1.321760239079594612e-03 3.675822541117668152e-02 1.141195883974432945e-03 4.654156044125556946e-02 1.348051894456148148e-02 2.098644338548183441e-02 2.231169492006301880e-02 1.441858522593975067e-02 2.865517139434814453e-02 3.826784715056419373e-02 7.954622618854045868e-03 9.729901328682899475e-03 1.685444451868534088e-02 1.688262820243835449e-02 1.321692205965518951e-02 3.361869603395462036e-03 5.408219527453184128e-03 1.095963362604379654e-02 1.427997369319200516e-02 2.939615771174430847e-02 1.974951475858688354e-02 3.506204113364219666e-02 3.042771108448505402e-02 2.684615179896354675e-02 1.404248271137475967e-02 2.030443027615547180e-02 7.065380341373383999e-04 3.855930874124169350e-03 1.892332802526652813e-03 2.713466994464397430e-02 3.169405972585082054e-03 5.540413316339254379e-03 3.025626298040151596e-03 1.533228345215320587e-02 7.047526538372039795e-03 1.633627340197563171e-02 1.803162693977355957e-02 4.520417749881744385e-02 6.024512276053428650e-02 1.442346815019845963e-02 7.215027697384357452e-03 5.175868049263954163e-03 1.883044093847274780e-02 1.293489430099725723e-02 2.391066960990428925e-02 2.541032619774341583e-02 1.254887972027063370e-02 1.907142926938831806e-03 7.983429823070764542e-04 7.701928261667490005e-04 2.703401073813438416e-02 2.450479194521903992e-02 2.298033609986305237e-02 3.384171053767204285e-02 1.632022485136985779e-02 3.374757245182991028e-02 4.668951034545898438e-02 1.392586342990398407e-02 1.291978731751441956e-02 1.911006309092044830e-02 9.735198691487312317e-03 7.410334423184394836e-03 2.653746167197823524e-03 3.445835039019584656e-02 7.956899702548980713e-03 3.417292609810829163e-02 8.345615118741989136e-03 1.502038724720478058e-02 6.007726304233074188e-03 3.793076146394014359e-03 2.026655897498130798e-02 1.078854128718376160e-02 2.811589045450091362e-03 1.550342142581939697e-02 1.558840181678533554e-02 5.488882306963205338e-03 1.550386007875204086e-02 1.623344793915748596e-02 9.466931223869323730e-03 1.738027855753898621e-02 7.034499663859605789e-03 3.221230581402778625e-02 8.354177116416394711e-04 4.489729553461074829e-02 1.747471746057271957e-03 1.769399270415306091e-02 1.389305293560028076e-02 2.243681624531745911e-02 9.525849483907222748e-03 1.207182742655277252e-02 2.077053114771842957e-02 1.361665315926074982e-02 1.353991776704788208e-02 1.339507475495338440e-02 7.482985965907573700e-04 1.036339718848466873e-02 1.730256900191307068e-02 1.261901855468750000e-02 7.287152577191591263e-03 1.070247776806354523e-02 1.094601210206747055e-02 1.321222260594367981e-02 1.757458411157131195e-02 8.654882200062274933e-03 1.524110510945320129e-02 9.657560847699642181e-03 4.829673562198877335e-03
9.237757767550647259e-04 7.511038333177566528e-03 3.199078142642974854e-02 2.585478127002716064e-03 4.308650270104408264e-03 4.467097751330584288e-04 1.522900303825736046e-03 8.360894322395324707e-01 3.659656504169106483e-03 5.570954177528619766e-03 3.107505850493907928e-03 1.427052635699510574e-02 2.089201007038354874e-03 8.115864358842372894e-03 4.171507060527801514e-02 1.948872208595275879e-02 1.498486008495092392e-02 1.461573038250207901e-02 1.658574491739273071e-02 2.988572791218757629e-02 2.676966227591037750e-02 3.140037134289741516e-02 1.788864284753799438e-02 1.329449471086263657e-02 2.911261282861232758e-02 1.482200250029563904e-02 1.674696244299411774e-02 2.790993452072143555e-02 1.174617558717727661e-02 1.708667539060115814e-02 6.177553907036781311e-03 1.759081706404685974e-02 5.389412865042686462e-03 2.064460143446922302e-02 2.095085196197032928e-02 1.729435473680496216e-02 2.802865020930767059e-02 1.836695894598960876e-02 7.123198825865983963e-03 7.900548516772687435e-04 1.038276404142379761e-02 5.659188609570264816e-03 1.411785557866096497e-02 5.882196594029664993e-03 5.675901193171739578e-03 8.087510359473526478e-04 9.438197012059390545e-04 2.577392733655869961e-04 1.265910267829895020e-02 4.900268744677305222e-03 2.309196256101131439e-02 1.039837859570980072e-02 3.211521543562412262e-04 9.563138708472251892e-03 8.676693774759769440e-03 3.102787071838974953e-03 2.136301808059215546e-02 9.226311929523944855e-03 2.137631550431251526e-02 5.870841443538665771e-03 6.755500100553035736e-03 2.770894672721624374e-03 6.718273740261793137e-03 2.633371204137802124e-02 1.006663683801889420e-02 6.731371860951185226e-03 3.156559169292449951e-02 3.391471505165100098e-02 2.089782385155558586e-03 2.784442342817783356e-02 6.917160470038652420e-03 1.769187301397323608e-02 1.323961652815341949e-02 2.950397133827209473e-02 1.895794295705854893e-03 2.904855459928512573e-02 4.041821230202913284e-03 7.945019751787185669e-03 3.145646769553422928e-03 9.809358976781368256e-03 5.989252403378486633e-02 5.346326157450675964e-02 4.555250518023967743e-03 4.126753658056259155e-03 2.637649700045585632e-02 5.532302893698215485e-03 4.051281884312629700e-02 3.992913663387298584e-02 1.495661027729511261e-02 2.123428508639335632e-03 8.603848516941070557e-03 2.987696602940559387e-02 4.378524608910083771e-03 2.615315653383731842e-02 9.602318517863750458e-03 2.281342633068561554e-02 7.872912101447582245e-03 1.893976330757141113e-02 2.053114213049411774e-02 2.016782388091087341e-02 1.481713261455297470e-02 1.405032910406589508e-02 2.531377039849758148e-02 2.640845254063606262e-02 1.472805906087160110e-02 1.406572200357913971e-02 1.655836589634418488e-02 1.339280512183904648e-02 5.933090578764677048e-04 1.621742174029350281e-02 3.294515609741210938e-02 2.712300233542919159e-02 2.406985266134142876e-03 1.571476226672530174e-03 2.087375894188880920e-02 2.538090758025646210e-02
1.352030970156192780e-02 7.722238078713417053e-03 9.145923890173435211e-03 5.923356860876083374e-03 5.320759955793619156e-03 1.641886308789253235e-02 8.207294158637523651e-03 3.659656504169106483e-03 8.360894322395324707e-01 2.477668225765228271e-02 4.095235839486122131e-03 3.396048769354820251e-02 5.573821254074573517e-03 1.549465395510196686e-02 1.696478575468063354e-02 1.611609384417533875e-02 2.499091997742652893e-02 1.149536855518817902e-02 2.396137639880180359e-02 4.740310367196798325e-03 2.988765249028801918e-03 3.984421025961637497e-03 2.280651405453681946e-02 1.151953823864459991e-02 2.720107557252049446e-03 1.226584892719984055e-03 4.602324217557907104e-03 1.336269825696945190e-02 6.297399755567312241e-03 5.055213812738656998e-03 4.444517253432422876e-05 7.249185815453529358e-03 2.487149275839328766e-02 1.914014853537082672e-02 2.256622165441513062e-02 1.697613275609910488e-03 8.149995468556880951e-03 5.490232724696397781e-03 1.127070933580398560e-02 8.895325474441051483e-03 6.542582996189594269e-03 6.128525361418724060e-03 4.266903735697269440e-03 1.889778487384319305e-02 7.049167063087224960e-03 1.927417330443859100e-02 1.138747390359640121e-02 7.041475735604763031e-03 1.341127324849367142e-02 3.621691837906837463e-02 1.330102141946554184e-02 3.159023448824882507e-02 2.743142470717430115e-02 1.247046887874603271e-02 3.003323264420032501e-02 4.852976649999618530e-02 7.478704210370779037e-03 2.939681522548198700e-02 1.421633269637823105e-02 3.186872228980064392e-03 2.421840280294418335e-02 3.281043469905853271e-02 2.791061252355575562e-02 3.120716474950313568e-02 1.153062621597200632e-04 4.191068292129784822e-04 2.555300947278738022e-03 7.249502465128898621e-03 2.407098934054374695e-02 3.093355707824230194e-02 9.696296183392405510e-04 3.448241949081420898e-02 1.337972655892372131e-02 1.860576681792736053e-02 3.113968111574649811e-02 3.581124916672706604e-02 5.666084587574005127e-02 1.188200060278177261e-02 1.111247576773166656e-02 3.263428807258605957e-02 2.081627724692225456e-03 4.820365924388170242e-03 9.535839781165122986e-04 1.057964097708463669e-02 3.396993968635797501e-03 1.400798000395298004e-02 1.211092248558998108e-02 1.064036600291728973e-02 3.049049340188503265e-02 3.131169825792312622e-02 8.899806067347526550e-03 1.537064835429191589e-02 1.905685523524880409e-03 1.953039132058620453e-02 1.389278378337621689e-02 2.666532760486006737e-03 6.636535748839378357e-03 3.780880570411682129e-02 9.031666442751884460e-03 4.133301787078380585e-03 4.346093162894248962e-03 6.272638216614723206e-03 1.459998451173305511e-02 1.479408238083124161e-02 2.874723263084888458e-02 3.326313197612762451e-02 1.788709126412868500e-02 2.261859178543090820e-02 3.354642307385802269e-03 1.892425678670406342e-02 6.386060733348131180e-03 8.919344283640384674e-03 1.114671025425195694e-02 6.616030819714069366e-03 1.309009548276662827e-02 2.371799666434526443e-03
4.175104200839996338e-03 5.634152796119451523e-03 5.352159962058067322e-03 2.906961925327777863e-02 7.583423051983118057e-03 6.805344950407743454e-03 1.321760239079594612e-03 5.570954177528619766e-03 2.477668225765228271e-02 8.360894322395324707e-01 1.131265517324209213e-02 6.417454686015844345e-03 1.640320057049393654e-03 1.127485837787389755e-02 1.664977148175239563e-02 2.482856437563896179e-02 4.205633327364921570e-02 9.662088006734848022e-03 8.022615686058998108e-03 2.337043732404708862e-02 2.831159718334674835e-02 1.691849902272224426e-02 3.105683438479900360e-02 4.172789305448532104e-02 2.778042480349540710e-02 2.155452407896518707e-02 7.832835428416728973e-03 1.138275489211082458e-02 1.690456457436084747e-02 1.453473512083292007e-02 7.431570906192064285e-03 2.409365028142929077e-02 1.327469013631343842e-02 3.257995098829269409e-02 1.743904082104563713e-03 1.456284616142511368e-02 2.732345275580883026e-02 3.157873824238777161e-02 3.489934140816330910e-03 2.107308432459831238e-02 2.064716629683971405e-02 7.931130938231945038e-03 8.250835351645946503e-03 1.586174359545111656e-03 2.810495346784591675e-02 2.421780861914157867e-02 7.923052646219730377e-03 1.171446032822132111e-02 2.284581307321786880e-03 1.343298796564340591e-02 2.318911999464035034e-02 1.784448279067873955e-03 1.002808474004268646e-02 1.269933022558689117e-02 1.059449370950460434e-02 1.193053554743528366e-03 2.629303373396396637e-02 2.549569308757781982e-02 2.663892228156328201e-03 2.003985829651355743e-02 7.666569203138351440e-03 1.791050657629966736e-02 1.037626154720783234e-02 4.968496505171060562e-03 9.435005486011505127e-03 1.160859409719705582e-02 2.266643196344375610e-02 2.668678387999534607e-02 2.459279447793960571e-02 2.603895775973796844e-02 3.098224289715290070e-02 4.918066319078207016e-03 3.378434106707572937e-03 3.183002397418022156e-02 1.224948931485414505e-02 1.040928345173597336e-02 2.033958956599235535e-02 5.538158118724822998e-02 1.563003845512866974e-02 2.442855574190616608e-02 3.274572372902184725e-04 9.736036881804466248e-03 7.082336116582155228e-03 8.774786256253719330e-03 2.539339661598205566e-02 3.595796227455139160e-02 2.007285691797733307e-02 2.134891040623188019e-02 2.592546492815017700e-02 3.499702736735343933e-02 3.128411946818232536e-03 2.695671096444129944e-02 2.264928817749023438e-02 8.953721262514591217e-03 7.013056310825049877e-04 3.534823481459170580e-04 1.567580923438072205e-02 5.308744148351252079e-04 2.123302780091762543e-02 2.907835133373737335e-02 3.036762773990631104e-02 3.641629591584205627e-02 2.588648162782192230e-02 1.963388174772262573e-02 7.072801701724529266e-03 6.865554489195346832e-03 1.745234057307243347e-02 1.011420041322708130e-02 4.146635159850120544e-02 1.734987646341323853e-02 2.359524741768836975e-02 1.880716346204280853e-02 1.188398618251085281e-02 1.570262759923934937e-02 1.085957605391740799e-02 1.163423340767621994e-02
6.612364202737808228e-02 4.580364376306533813e-02 1.008388679474592209e-02 1.285470928996801376e-02 1.242775283753871918e-02 4.562607407569885254e-02 3.675822541117668152e-02 3.107505850493907928e-03 4.095235839486122131e-03 1.131265517324209213e-02 8.360894322395324707e-01 3.193835914134979248e-02 5.666029825806617737e-02 2.383185364305973053e-02 9.321113117039203644e-03 4.153763409703969955e-03 1.794792944565415382e-03 4.407665878534317017e-02 2.866074815392494202e-02 9.359239600598812103e-03 1.213866006582975388e-02 3.528369218111038208e-02 3.413746133446693420e-03 1.161522348411381245e-03 5.355489905923604965e-03 1.963171362876892090e-02 3.072996996343135834e-02 2.064642496407032013e-02 3.082858771085739136e-02 2.711460180580615997e-02 1.559143513441085815e-02 1.532259490340948105e-02 1.267916057258844376e-02 7.979757152497768402e-03 5.687603261321783066e-03 2.467291429638862610e-02 2.439066953957080841e-02 6.233552936464548111e-03 3.588470863178372383e-03 2.285779773956164718e-04 9.392944164574146271e-03 1.479161065071821213e-02 1.567276380956172943e-02 2.182178571820259094e-02 1.060336455702781677e-02 8.572969585657119751e-03 4.846851527690887451e-02 3.661217167973518372e-02 1.180903147906064987e-02 6.157006137073040009e-03 1.209146250039339066e-02 6.459115538746118546e-03 9.578637778759002686e-03 1.937517896294593811e-02 1.683071814477443695e-02 1.761703938245773315e-02 2.372327260673046112e-03 7.054869551211595535e-03 1.761554740369319916e-02 2.928491681814193726e-02 2.508567832410335541e-02 1.907527260482311249e-02 7.505175191909074783e-03 2.058469923213124275e-03 4.819482192397117615e-02 4.375603422522544861e-02 1.086741336621344090e-03 1.290072966367006302e-02 1.303058210760354996e-02 3.379094973206520081e-02 9.372016414999961853e-03 2.104734443128108978e-02 8.970836177468299866e-03 1.611868664622306824e-02 1.442582067102193832e-02 4.441883414983749390e-03 5.914410110563039780e-03 4.090411588549613953e-03 5.799398757517337799e-03 2.217041561380028725e-03 8.252637460827827454e-03 4.469834268093109131e-03 1.658543944358825684e-02 2.608406543731689453e-02 1.330980192869901657e-02 6.806039717048406601e-03 1.978940889239311218e-02 1.824540086090564728e-02 2.727622166275978088e-02 1.733365096151828766e-02 2.785557694733142853e-02 3.848573192954063416e-02 3.110800310969352722e-02 1.847375370562076569e-02 7.138000335544347763e-03 9.138388559222221375e-03 3.104611765593290329e-03 8.433532901108264923e-03 7.210869342088699341e-03 1.464823819696903229e-02 2.429223805665969849e-02 1.708370447158813477e-02 2.238050661981105804e-02 8.376117795705795288e-03 9.969999082386493683e-03 4.142296500504016876e-03 1.363213639706373215e-02 1.188779994845390320e-02 1.202320493757724762e-02 1.177028845995664597e-02 4.251729231327772141e-03 6.363118067383766174e-03 2.524092793464660645e-03 1.622227765619754791e-02 1.716697402298450470e-02 2.530098136048763990e-04
3.340912610292434692e-02 2.808765135705471039e-02 2.342809690162539482e-03 4.601540509611368179e-03 1.773244328796863556e-02 3.678743029013276100e-03 1.141195883974432945e-03 1.427052635699510574e-02 3.396048769354820251e-02 6.417454686015844345e-03 3.193835914134979248e-02 8.360894322395324707e-01 1.829282380640506744e-02 7.323261350393295288e-02 1.696764864027500153e-02 5.588308442384004593e-03 5.349659360945224762e-03 3.411630913615226746e-02 2.462085522711277008e-02 2.042004605755209923e-03 6.422360893338918686e-03 1.543023809790611267e-02 4.692950472235679626e-02 3.961262106895446777e-02 2.214807644486427307e-02 2.223396301269531250e-02 1.350691262632608414e-02 5.536509677767753601e-02 2.703957492485642433e-03 4.573236405849456787e-02 1.649717427790164948e-02 4.557206295430660248e-03 7.847752422094345093e-03 1.277730893343687057e-02 3.592098131775856018e-03 1.719957962632179260e-02 4.251653794199228287e-03 2.094149217009544373e-02 1.871210895478725433e-02 2.235353551805019379e-02 1.087920274585485458e-02 7.277541793882846832e-03 2.450997475534677505e-03 3.012159373611211777e-03 1.406016387045383453e-02 4.917626734822988510e-03 1.574058644473552704e-02 6.078834645450115204e-03 1.889511570334434509e-02 3.427351638674736023e-02 3.194162622094154358e-02 1.057658810168504715e-02 9.618697804398834705e-04 4.548392724245786667e-03 3.827250376343727112e-02 4.078537225723266602e-02 2.055672369897365570e-02 3.743891371414065361e-03 1.215654890984296799e-02 6.376798730343580246e-03 2.172530815005302429e-02 3.186748921871185303e-02 8.032786659896373749e-03 6.853768602013587952e-03 1.240293495357036591e-02 4.551071673631668091e-03 1.413152739405632019e-02 1.399613544344902039e-02 7.567985448986291885e-03 1.253549195826053619e-02 2.531710080802440643e-02 1.462987344712018967e-02 9.648405946791172028e-03 7.184381131082773209e-03 1.308569777756929398e-02 3.332526981830596924e-02 4.092570766806602478e-02 8.504589088261127472e-03 7.264901883900165558e-03 2.427966333925724030e-03 3.395929932594299316e-03 9.319536387920379639e-03 3.201347962021827698e-02 3.610529378056526184e-02 3.110372088849544525e-02 4.862445406615734100e-03 3.423283575102686882e-03 6.090628448873758316e-03 4.796712845563888550e-02 8.213846012949943542e-03 2.727984683588147163e-03 2.262719906866550446e-02 2.002999186515808105e-03 6.390721071511507034e-03 2.965808100998401642e-02 2.765598148107528687e-02 7.632239721715450287e-03 3.354716673493385315e-02 1.785817742347717285e-02 1.813416182994842529e-02 1.988396070373710245e-05 3.121170448139309883e-03 1.631760504096746445e-03 2.329033054411411285e-02 1.436202600598335266e-02 1.669096574187278748e-02 2.711650682613253593e-03 1.245677098631858826e-02 3.123048227280378342e-03 1.626801490783691406e-02 1.044598035514354706e-02 1.493441313505172729e-02 4.955844487994909286e-03 4.590507596731185913e-03 1.656686514616012573e-02 8.249358274042606354e-03
4.547013714909553528e-02 5.626586079597473145e-02 1.669287867844104767e-02 1.140033639967441559e-02 3.786731511354446411e-03 4.335689544677734375e-02 4.654156044125556946e-02 2.089201007038354874e-03 5.573821254074573517e-03 1.640320057049393654e-03 5.666029825806617737e-02 1.829282380640506744e-02 8.360894322395324707e-01 1.133835641667246819e-03 8.193303830921649933e-03 7.772819953970611095e-04 3.984558861702680588e-03 3.443609923124313354e-02 1.029195170849561691e-02 1.159534044563770294e-02 1.620686426758766174e-02 2.421286143362522125e-02 4.165200050920248032e-03 2.403282451268751174e-06 6.290474906563758850e-03 1.788076199591159821e-02 2.861037664115428925e-02 9.798632003366947174e-03 4.932324215769767761e-02 1.325971074402332306e-02 3.887684643268585205e-02 2.053781971335411072e-02 1.596442423760890961e-02 5.628181388601660728e-04 3.653429681435227394e-03 2.784761786460876465e-02 3.448799252510070801e-02 1.280463673174381256e-02 4.567712603602558374e-04 1.045429706573486328e-02 1.314859464764595032e-02 1.103328820317983627e-02 1.467418018728494644e-02 3.408777341246604919e-02 1.176981348544359207e-02 9.020572528243064880e-03 4.286817461252212524e-02 4.760912433266639709e-02 5.262530874460935593e-03 1.987663330510258675e-03 1.330564171075820923e-02 1.129504013806581497e-02 1.064237672835588455e-02 1.301816385239362717e-02 7.509213406592607498e-03 4.272280493751168251e-04 3.170543117448687553e-03 3.174268174916505814e-03 1.524026319384574890e-02 1.922575011849403381e-02 1.651615649461746216e-02 9.584147483110427856e-03 1.393921859562397003e-02 6.282701622694730759e-03 3.774214535951614380e-02 5.725327134132385254e-02 1.453201839467510581e-04 1.907719671726226807e-02 1.434591785073280334e-02 2.039114758372306824e-02 1.287646155105903745e-04 2.434648014605045319e-02 7.567882072180509567e-03 1.910178177058696747e-02 1.580603793263435364e-02 9.219110012054443359e-03 7.684818119741976261e-04 7.576526142656803131e-03 5.625950638204813004e-03 8.554181084036827087e-03 1.478832028806209564e-02 5.573301576077938080e-03 1.509915571659803391e-02 2.549380064010620117e-02 6.362706422805786133e-03 6.921117193996906281e-03 1.352616306394338608e-02 4.591885022819042206e-03 3.119157627224922180e-02 1.621059514582157135e-02 3.659707680344581604e-02 1.607864722609519958e-02 4.162622988224029541e-02 2.418474294245243073e-02 3.671589307487010956e-03 3.830764442682266235e-03 3.327684011310338974e-03 4.353047814220190048e-03 8.746137842535972595e-03 1.370846666395664215e-02 2.346987277269363403e-02 1.626911200582981110e-02 2.391946502029895782e-02 1.142574287950992584e-02 1.006492599844932556e-02 6.512840278446674347e-03 1.572741754353046417e-02 1.595740020275115967e-02 1.375637855380773544e-02 8.647933602333068848e-03 1.113973185420036316e-02 1.263043005019426346e-02 9.727730415761470795e-03 1.654698699712753296e-02 2.913785632699728012e-03 2.065089065581560135e-03
