8.333747982978820801e-01 8.140635490417480469e-02 1.407290995121002197e-02 1.704332232475280762e-02 2.659501135349273682e-02 6.756941974163055420e-02 6.442921608686447144e-02 1.382060069590806961e-02 1.680679805576801300e-02 9.165932424366474152e-03 7.333821058273315430e-02 5.559241864830255508e-03 6.369559466838836670e-02 1.275106985121965408e-02 3.186728060245513916e-02 2.075148280709981918e-03 9.275640361011028290e-03 6.158833391964435577e-03 3.954397514462471008e-03 1.567696779966354370e-02 1.255864184349775314e-02 2.188669145107269287e-02 5.353545770049095154e-03 3.219458507373929024e-03 8.112606592476367950e-04 2.608882496133446693e-03 1.099282037466764450e-02 1.128544006496667862e-02 5.241150408983230591e-02 5.370966624468564987e-03 3.951200842857360840e-02 1.070210337638854980e-02 7.444030605256557465e-03 1.582285761833190918e-02 6.973073352128267288e-03 1.605002023279666901e-02 1.057611592113971710e-02 1.205379609018564224e-03 2.737388759851455688e-02 4.776671994477510452e-03 1.181110739707946777e-03 6.280673202127218246e-03 1.199488993734121323e-02 5.312063265591859818e-03 1.297967322170734406e-02 1.041848771274089813e-02 5.694923922419548035e-02 4.029719904065132141e-02 2.954221097752451897e-03 6.934816949069499969e-03 9.805145673453807831e-03 1.236495748162269592e-02 1.223435346037149429e-02 3.203445812687277794e-03 7.577281910926103592e-03 7.412339560687541962e-03 1.520243193954229355e-02 1.012802310287952423e-02 1.455021090805530548e-02 3.487898036837577820e-02 8.707312517799437046e-04 3.863314166665077209e-03 9.372343309223651886e-03 3.181533422321081161e-03 3.958150744438171387e-02 4.613265395164489746e-02 1.006588339805603027e-02 3.990720491856336594e-03 8.947033435106277466e-03 2.234932500869035721e-03 2.295455336570739746e-02 1.607462018728256226e-02 1.145566627383232117e-02 1.717496477067470551e-02 2.709374763071537018e-02 1.531330868601799011e-02 1.027576625347137451e-02 5.128115415573120117e-03 5.570970475673675537e-03 7.568136788904666901e-03 3.914729692041873932e-03 3.895047819241881371e-03 6.179764866828918457e-03 2.310873940587043762e-03 5.422998219728469849e-03 2.745694946497678757e-03 1.232117600739002228e-02 1.770594157278537750e-02 8.165234699845314026e-03 1.503136102110147476e-02 5.049566924571990967e-02 7.805696688592433929e-03 3.353768959641456604e-02 2.563341334462165833e-02 1.384044717997312546e-02 7.109579630196094513e-03 3.082495881244540215e-03 2.671596966683864594e-02 5.985301919281482697e-03 6.834011990576982498e-03 5.988691933453083038e-03 4.645946901291608810e-03 1.206920947879552841e-02 8.913984522223472595e-03 7.821778766810894012e-03 8.227050304412841797e-03 1.805954053997993469e-02 1.761894114315509796e-02 5.685376003384590149e-03 1.366310473531484604e-02 1.131157763302326202e-02 5.984247662127017975e-03 8.788228966295719147e-03 1.333664637058973312e-02 1.907142251729965210e-02 8.476095274090766907e-03
8.140635490417480469e-02 8.333747982978820801e-01 8.464301936328411102e-03 1.739363744854927063e-02 2.904765307903289795e-02 6.348554044961929321e-02 6.821507215499877930e-02 2.399859204888343811e-02 1.621680147945880890e-02 4.985831212252378464e-03 7.165909558534622192e-02 3.990719560533761978e-03 7.032260298728942871e-02 2.006685733795166016e-02 3.416205197572708130e-02 5.924332886934280396e-03 9.585684165358543396e-03 2.951279515400528908e-03 3.893353510648012161e-03 1.409283187240362167e-02 1.679565384984016418e-02 1.912136375904083252e-02 7.523249223595485091e-06 9.978068992495536804e-03 5.536609096452593803e-04 1.907661091536283493e-03 9.086036123335361481e-03 7.914658635854721069e-03 4.869814217090606689e-02 5.088520701974630356e-03 3.865588083863258362e-02 8.215238340198993683e-03 1.674201153218746185e-02 1.651633344590663910e-02 9.408068843185901642e-03 2.084236405789852142e-02 1.206919737160205841e-02 2.955901902168989182e-03 3.422272205352783203e-02 1.051190309226512909e-02 6.114423740655183792e-03 4.147122148424386978e-03 1.497024390846490860e-02 5.613668356090784073e-03 1.502896845340728760e-02 1.464199647307395935e-02 5.114326998591423035e-02 4.734615981578826904e-02 7.791046518832445145e-04 2.346297493204474449e-03 1.336116809397935867e-02 1.626188866794109344e-02 1.697566732764244080e-02 6.836813874542713165e-03 5.166669841855764389e-03 7.260636426508426666e-03 1.353742461651563644e-02 1.198437530547380447e-02 1.597867719829082489e-02 3.484988585114479065e-02 2.295937621966004372e-03 1.723954454064369202e-03 1.587366499006748199e-02 3.703249152749776840e-03 4.271578043699264526e-02 5.247798562049865723e-02 9.982437826693058014e-03 5.988336168229579926e-03 4.054676741361618042e-03 4.132127505727112293e-04 1.726157218217849731e-02 1.261253468692302704e-02 9.063314646482467651e-03 2.520206011831760406e-02 2.571303956210613251e-02 1.833001524209976196e-02 8.410360664129257202e-03 1.030935719609260559e-02 5.817424971610307693e-03 9.838997386395931244e-03 1.101783011108636856e-02 1.220190525054931641e-02 3.516397264320403337e-04 9.469724027439951897e-04 2.111152047291398048e-03 5.785107146948575974e-03 1.551565993577241898e-02 3.000005893409252167e-02 9.083178825676441193e-03 1.642520539462566376e-02 4.673175141215324402e-02 7.821222767233848572e-03 4.391354694962501526e-02 2.854469604790210724e-02 6.069941911846399307e-03 1.095276884734630585e-02 1.937930472195148468e-03 3.051160275936126709e-02 2.699639182537794113e-03 1.201828941702842712e-02 7.436167448759078979e-03 1.242569368332624435e-02 7.269770838320255280e-03 4.812108352780342102e-03 5.731985904276371002e-03 9.854653850197792053e-03 1.704920642077922821e-02 2.215239033102989197e-02 1.381091494113206863e-02 7.824086584150791168e-03 2.019515447318553925e-02 2.104558516293764114e-03 6.228134501725435257e-03 1.432721875607967377e-02 1.759359054267406464e-02 6.752604153007268906e-03
1.407290995121002197e-02 8.464301936328411102e-03 8.333747982978820801e-01 7.784516084939241409e-03 1.751361647620797157e-03 1.034560520201921463e-02 2.381369937211275101e-03 3.319588676095008850e-02 2.194424159824848175e-02 1.683467882685363293e-03 8.518313989043235779e-04 2.638398483395576477e-02 1.127208955585956573e-02 2.783847227692604065e-02 4.763240925967693329e-03 9.893313981592655182e-03 3.304591402411460876e-03 2.566808089613914490e-02 6.644927896559238434e-03 3.637571644503623247e-04 1.195045933127403259e-02 1.277122553437948227e-02 9.308284148573875427e-03 4.598490428179502487e-03 8.249280042946338654e-03 7.695127744227647781e-03 1.875828951597213745e-02 2.668388001620769501e-02 5.399948917329311371e-03 4.284953325986862183e-02 1.306122541427612305e-02 9.409037418663501740e-03 1.353181200101971626e-03 1.257024426013231277e-02 6.517352536320686340e-03 1.490184571593999863e-02 9.611445479094982147e-03 4.559691529721021652e-03 1.787385990610346198e-04 1.704114116728305817e-02 8.368646376766264439e-04 1.691578701138496399e-02 2.386790327727794647e-02 2.981040440499782562e-02 1.911257766187191010e-02 1.526941731572151184e-02 3.715428523719310760e-03 2.168402075767517090e-03 2.113534696400165558e-02 1.497935131192207336e-02 7.928420789539813995e-03 1.117318496108055115e-02 1.099362131208181381e-02 2.848845161497592926e-02 2.101307502016425133e-03 2.379449829459190369e-02 1.056169997900724411e-02 2.811335213482379913e-02 1.709584519267082214e-02 7.287209853529930115e-03 2.007327973842620850e-02 2.902474021539092064e-03 5.388022400438785553e-03 1.362323947250843048e-02 2.235181309515610337e-04 1.125084515661001205e-02 4.725697916001081467e-03 1.070454716682434082e-02 1.536285318434238434e-02 1.448918366804718971e-03 1.781985908746719360e-02 3.723221132531762123e-03 1.960074529051780701e-02 6.209837738424539566e-03 2.400158531963825226e-02 3.041456080973148346e-02 2.775454707443714142e-02 5.655957385897636414e-03 1.455403491854667664e-02 3.150792559608817101e-03 2.284898422658443451e-02 1.194555894471704960e-03 8.401036262512207031e-03 3.856957890093326569e-03 1.584694534540176392e-02 1.071310322731733322e-02 5.625669378787279129e-03 2.969078486785292625e-03 9.360296651721000671e-03 2.841431647539138794e-02 1.697073504328727722e-02 1.570905186235904694e-02 8.845734409987926483e-03 2.059960272163152695e-03 1.595659926533699036e-02 1.868277415633201599e-02 3.291644388809800148e-03 3.647362440824508667e-02 5.114964675158262253e-03 1.628573983907699585e-02 1.285610906779766083e-02 1.328867301344871521e-02 1.577447727322578430e-02 1.248798146843910217e-02 3.941037226468324661e-03 1.829626038670539856e-02 1.095857354812324047e-03 3.485494479537010193e-02 1.514869090169668198e-02 6.957859732210636139e-03 2.073504775762557983e-02 2.412042953073978424e-02 1.257742848247289658e-02 1.770556718111038208e-02 6.292838603258132935e-03 2.926971763372421265e-03
1.704332232475280762e-02 1.739363744854927063e-02 7.784516084939241409e-03 8.333747982978820801e-01 8.115789294242858887e-02 8.955021388828754425e-03 1.508158538490533829e-02 1.068497775122523308e-03 6.626945454627275467e-03 1.768292300403118134e-02 1.325157005339860916e-02 5.061555653810501099e-03 1.551867555826902390e-02 5.844146944582462311e-03 5.652701947838068008e-03 2.053377963602542877e-02 9.917790070176124573e-03 1.881549321115016937e-02 4.973628558218479156e-03 9.617432020604610443e-03 2.286525256931781769e-02 1.011200132779777050e-03 3.351470455527305603e-03 1.294631417840719223e-02 5.474578589200973511e-03 2.363092498853802681e-03 7.725168485194444656e-03 1.090645231306552887e-02 3.485999768599867821e-03 1.321818213909864426e-03 1.354311499744653702e-02 1.985784806311130524e-02 2.779447287321090698e-02 1.730266399681568146e-02 1.074068713933229446e-02 1.420794613659381866e-02 2.889033034443855286e-02 2.891612425446510315e-02 5.756716057658195496e-02 3.240715712308883667e-02 2.327030897140502930e-02 1.432657800614833832e-02 9.859886951744556427e-03 9.095778805203735828e-04 1.695253141224384308e-02 1.516915671527385712e-02 3.353161970153450966e-03 1.493459101766347885e-02 2.113124169409275055e-02 2.008269540965557098e-02 5.523721221834421158e-03 7.221974432468414307e-03 5.604390054941177368e-03 1.312845852226018906e-02 2.151650004088878632e-02 3.072887659072875977e-03 1.178887765854597092e-02 1.105630770325660706e-02 7.315209368243813515e-04 7.968608289957046509e-03 3.730316832661628723e-02 2.165617980062961578e-02 3.825379908084869385e-02 3.535643592476844788e-02 2.803652547299861908e-03 1.269360817968845367e-02 1.878850907087326050e-02 2.351666055619716644e-02 5.482488870620727539e-02 8.146271109580993652e-03 2.042037248611450195e-02 2.763048186898231506e-02 5.566334724426269531e-02 1.733085885643959045e-02 2.787458710372447968e-02 2.274717390537261963e-02 2.071768231689929962e-02 5.920230876654386520e-03 1.600678637623786926e-02 9.725347161293029785e-03 1.492391154170036316e-02 8.436065167188644409e-03 3.861731663346290588e-02 8.426468819379806519e-03 7.001379039138555527e-03 1.260781381279230118e-02 8.061339147388935089e-03 8.062089793384075165e-03 3.907982259988784790e-02 5.893194582313299179e-03 6.421253085136413574e-03 7.151342928409576416e-03 5.320912227034568787e-03 5.043079610913991928e-03 1.488841511309146881e-02 2.818216010928153992e-02 9.345537051558494568e-03 1.630505546927452087e-02 1.668787747621536255e-02 1.641399413347244263e-02 2.242517285048961639e-02 1.566098444163799286e-02 7.857210002839565277e-03 5.518430378288030624e-03 6.006250157952308655e-03 2.214601729065179825e-03 1.358836307190358639e-03 1.894369954243302345e-03 1.556345913559198380e-02 5.415851715952157974e-03 2.560632070526480675e-03 1.126440800726413727e-02 1.589502952992916107e-02 1.113675534725189209e-02 6.590049248188734055e-03 1.569774560630321503e-02
2.659501135349273682e-02 2.904765307903289795e-02 1.751361647620797157e-03 8.115789294242858887e-02 8.333747982978820801e-01 2.417102456092834473e-02 3.486799448728561401e-02 7.085411343723535538e-03 1.645233854651451111e-02 5.710330326110124588e-03 2.306056022644042969e-02 9.175862185657024384e-03 2.193512953817844391e-02 1.917289383709430695e-02 1.346330041997134686e-03 2.030585194006562233e-03 3.741419641301035881e-03 1.314116548746824265e-02 1.368835382163524628e-02 6.080340128391981125e-03 8.809542283415794373e-03 1.786724291741847992e-02 7.193950004875659943e-03 7.636006921529769897e-03 5.095244850963354111e-03 4.441744182258844376e-03 2.039688266813755035e-02 8.524090051651000977e-03 7.307649124413728714e-03 9.295276366174221039e-03 1.418871898204088211e-02 1.166361011564731598e-02 6.536593195050954819e-03 7.059842813760042191e-03 1.239885762333869934e-02 2.356687560677528381e-03 1.358955446630716324e-02 2.529254928231239319e-02 6.630960106849670410e-02 5.518342554569244385e-02 2.288064733147621155e-02 1.293885521590709686e-02 1.746958703733980656e-03 1.255639176815748215e-02 3.766637528315186501e-03 3.737698309123516083e-03 1.038146112114191055e-02 2.385348640382289886e-02 1.668815687298774719e-02 1.172778289765119553e-02 6.969894282519817352e-03 3.078753827139735222e-03 1.019599754363298416e-02 2.031193301081657410e-02 1.015839399769902229e-03 3.450518008321523666e-03 2.759295515716075897e-03 1.771303452551364899e-02 6.563344039022922516e-03 2.948983572423458099e-02 1.206895615905523300e-02 1.649805344641208649e-02 2.003983221948146820e-02 3.754550591111183167e-02 1.438412070274353027e-02 2.143970131874084473e-02 3.194801509380340576e-03 9.541551582515239716e-03 3.216140717267990112e-02 7.245985791087150574e-03 2.115651220083236694e-02 1.295114774256944656e-02 4.419435933232307434e-02 1.312528830021619797e-02 4.300716891884803772e-02 7.468562107533216476e-03 4.532982595264911652e-03 1.465717679820954800e-03 1.029040757566690445e-02 8.499514311552047729e-03 2.314338646829128265e-02 1.876018755137920380e-02 2.717319130897521973e-02 3.465984389185905457e-02 5.722338333725929260e-03 1.021309476345777512e-02 2.140280790627002716e-03 1.982256770133972168e-02 1.292805373668670654e-02 1.331197377294301987e-02 1.596480607986450195e-02 4.881590604782104492e-03 1.381196640431880951e-02 2.037715021288022399e-04 1.331922970712184906e-02 1.704606972634792328e-02 1.906004175543785095e-02 2.603169716894626617e-02 1.583245955407619476e-02 5.586016923189163208e-03 4.960492253303527832e-03 4.775656852871179581e-03 2.036312967538833618e-02 7.241087965667247772e-03 3.380654088687151670e-04 5.704329232685267925e-04 2.258837455883622169e-03 5.199241451919078827e-03 1.132898125797510147e-02 1.150378840975463390e-03 7.786010392010211945e-03 1.842407695949077606e-02 9.492192417383193970e-03 1.239027013070881367e-03 1.620446145534515381e-02 9.469120763242244720e-03
6.756941974163055420e-02 6.348554044961929321e-02 1.034560520201921463e-02 8.955021388828754425e-03 2.417102456092834473e-02 8.333747982978820801e-01 7.579488307237625122e-02 1.945075765252113342e-02 1.639027521014213562e-02 1.790514402091503143e-02 6.081122532486915588e-02 2.946774102747440338e-02 5.237739533185958862e-02 3.943107277154922485e-02 3.041095286607742310e-02 7.395596709102392197e-03 4.501021932810544968e-03 1.797489076852798462e-02 1.345174573361873627e-02 1.892180740833282471e-02 1.335441321134567261e-02 2.719895355403423309e-02 1.763173262588679790e-03 1.222194731235504150e-02 6.485304795205593109e-03 4.784993827342987061e-03 1.992691867053508759e-02 2.312574535608291626e-02 3.337527066469192505e-02 1.994756236672401428e-02 2.393842674791812897e-02 1.522406702861189842e-03 8.082278072834014893e-03 1.031106337904930115e-02 1.805115677416324615e-02 2.211528271436691284e-02 1.182688307017087936e-02 8.985024876892566681e-03 1.646650955080986023e-02 1.574487891048192978e-03 6.251087877899408340e-03 3.469403134658932686e-03 9.595782496035099030e-03 1.674467138946056366e-02 2.597314119338989258e-02 2.370740287005901337e-02 6.363239139318466187e-02 5.376924574375152588e-02 4.792212508618831635e-03 7.561415899544954300e-03 2.609125571325421333e-03 8.132763206958770752e-03 9.193555451929569244e-03 6.358174141496419907e-04 7.318599149584770203e-03 4.221792798489332199e-03 1.218913705088198185e-03 4.422404337674379349e-03 3.675474785268306732e-03 2.616699971258640289e-02 1.071843411773443222e-02 2.083934284746646881e-02 2.372155140619724989e-04 3.656462067738175392e-03 3.806275501847267151e-02 3.437096998095512390e-02 3.491756040602922440e-03 2.239546505734324455e-03 1.113765779882669449e-02 2.369624853599816561e-04 2.804493764415383339e-03 1.381675392622128129e-04 2.606060588732361794e-03 1.113315206021070480e-02 1.172400079667568207e-02 1.239570602774620056e-02 1.583183556795120239e-02 1.455201883800327778e-03 1.953756203874945641e-03 1.379012409597635269e-02 1.365544926375150681e-02 2.159727923572063446e-02 1.176123693585395813e-02 7.284765131771564484e-03 6.634389050304889679e-03 1.335867797024548054e-03 2.219460718333721161e-02 2.595575526356697083e-02 3.526172833517193794e-03 1.550426520407199860e-02 4.498704522848129272e-02 1.634025946259498596e-02 4.281606152653694153e-02 2.348404936492443085e-02 3.792795352637767792e-03 9.640460833907127380e-03 9.469496086239814758e-03 2.311917394399642944e-02 3.593639004975557327e-03 9.033300913870334625e-03 7.902278564870357513e-03 2.020790474489331245e-03 1.920990832149982452e-02 4.926458932459354401e-03 1.538044959306716919e-02 1.835459843277931213e-02 1.096649374812841415e-02 2.229714207351207733e-02 6.168956402689218521e-03 5.186771973967552185e-03 1.815230213105678558e-02 3.753063268959522247e-03 2.280218526721000671e-03 1.157129649072885513e-02 2.448244579136371613e-02 1.291436888277530670e-02
6.442921608686447144e-02 6.821507215499877930e-02 2.381369937211275101e-03 1.508158538490533829e-02 3.486799448728561401e-02 7.579488307237625122e-02 8.333747982978820801e-01 2.640381269156932831e-02 1.155832316726446152e-02 6.040938664227724075e-03 6.080450862646102905e-02 9.794490411877632141e-03 5.773262307047843933e-02 2.730759046971797943e-02 3.120827674865722656e-02 7.886729203164577484e-03 2.783142495900392532e-03 4.017258994281291962e-03 3.910299856215715408e-03 1.799452304840087891e-02 1.914364099502563477e-02 2.513625286519527435e-02 3.385982476174831390e-03 7.344305980950593948e-03 1.220953650772571564e-03 8.497401140630245209e-03 1.905802823603153229e-02 3.970648627728223801e-03 4.381899535655975342e-02 1.946498290635645390e-03 3.804051131010055542e-02 6.927951471880078316e-04 1.595071516931056976e-02 8.557922206819057465e-03 1.228591613471508026e-02 1.635965146124362946e-02 7.126713171601295471e-03 1.008592545986175537e-02 3.124619834125041962e-02 1.529931742697954178e-02 1.035053981468081474e-03 6.612325087189674377e-03 2.063385583460330963e-02 1.352487597614526749e-02 2.797278575599193573e-02 2.782271988689899445e-02 5.970049649477005005e-02 6.165280193090438843e-02 2.872518729418516159e-03 8.713165298104286194e-04 9.413583204150199890e-03 1.674795709550380707e-02 3.860750235617160797e-03 6.034868303686380386e-03 9.465645067393779755e-03 2.568884985521435738e-03 5.745624657720327377e-03 1.700252667069435120e-02 9.998615831136703491e-03 3.573188185691833496e-02 9.752295911312103271e-03 1.743380539119243622e-02 5.566612351685762405e-03 3.829816589131951332e-03 4.204095900058746338e-02 4.578658193349838257e-02 1.082589663565158844e-02 7.729076780378818512e-03 5.509567912667989731e-03 9.126703371293842793e-04 4.397457465529441833e-03 7.962989620864391327e-03 4.502208903431892395e-03 1.300016604363918304e-02 1.783109270036220551e-02 1.081590261310338974e-02 8.044633083045482635e-03 4.582042805850505829e-03 2.910441486164927483e-03 1.635675504803657532e-02 1.476882770657539368e-02 2.679125778377056122e-02 7.251993520185351372e-05 2.849414478987455368e-03 1.681436435319483280e-03 1.018151827156543732e-02 2.541980706155300140e-02 3.262173011898994446e-02 5.645721685141324997e-03 1.427824515849351883e-02 5.119451135396957397e-02 1.351068168878555298e-02 5.307096242904663086e-02 2.513800002634525299e-02 4.308083094656467438e-03 1.297759730368852615e-02 1.021877862513065338e-02 2.528931759297847748e-02 4.211190622299909592e-03 1.502507179975509644e-02 1.636037253774702549e-03 3.930745646357536316e-03 1.818078197538852692e-02 8.231261745095252991e-03 5.806983448565006256e-03 1.076248195022344589e-02 1.154829468578100204e-02 1.603602245450019836e-02 1.508725620806217194e-02 1.356591843068599701e-02 2.115681208670139313e-02 8.636915008537471294e-04 9.445244446396827698e-03 2.084722742438316345e-02 2.491327747702598572e-02 1.546846586279571056e-03
1.382060069590806961e-02 2.399859204888343811e-02 3.319588676095008850e-02 1.068497775122523308e-03 7.085411343723535538e-03 1.945075765252113342e-02 2.640381269156932831e-02 8.333747982978820801e-01 1.939611323177814484e-02 1.296685170382261276e-02 3.084542974829673767e-02 5.821194034069776535e-03 2.784649468958377838e-02 1.709385775029659271e-02 5.479022115468978882e-02 6.226378493010997772e-03 1.056796684861183167e-02 2.698441408574581146e-02 1.343631278723478317e-02 7.642724085599184036e-03 9.122884832322597504e-03 1.876549981534481049e-02 1.735518872737884521e-02 2.037088200449943542e-02 1.910576014779508114e-03 1.058785058557987213e-02 1.579911820590496063e-02 5.948353558778762817e-03 1.054481603205204010e-02 5.503666587173938751e-03 1.328485179692506790e-02 4.664494656026363373e-03 1.315838564187288284e-02 6.124802399426698685e-03 2.957878401502966881e-03 2.026008814573287964e-02 1.935002394020557404e-02 3.016062080860137939e-03 2.021446637809276581e-02 8.347396738827228546e-03 1.470586471259593964e-02 1.379216648638248444e-02 1.753639802336692810e-02 7.756045553833246231e-03 2.073174342513084412e-02 2.057923376560211182e-02 2.157901227474212646e-02 2.379744127392768860e-02 1.053760293871164322e-02 8.039357140660285950e-03 1.609148830175399780e-02 1.741817966103553772e-02 1.969337696209549904e-03 2.355656772851943970e-02 3.187639173120260239e-03 1.040264265611767769e-03 5.693852901458740234e-03 1.488315593451261520e-02 4.730800632387399673e-03 4.849926102906465530e-03 1.500775571912527084e-03 2.080189529806375504e-03 5.560494028031826019e-03 1.063666865229606628e-02 1.678855903446674347e-02 1.713118888437747955e-02 1.022111903876066208e-02 7.561599370092153549e-03 4.906697198748588562e-03 2.382526732981204987e-02 1.095306128263473511e-02 7.441272027790546417e-03 1.820040866732597351e-02 2.669867873191833496e-02 3.235635580494999886e-03 5.786367692053318024e-03 3.107125870883464813e-02 2.662814036011695862e-02 2.142575383186340332e-02 1.841381937265396118e-02 5.117312446236610413e-02 3.670653328299522400e-02 2.339534834027290344e-02 1.988395117223262787e-03 1.690679788589477539e-02 2.057112194597721100e-02 4.319315776228904724e-02 3.405798971652984619e-02 2.180352108553051949e-03 4.790620412677526474e-03 1.875881291925907135e-02 9.537693113088607788e-03 2.483739890158176422e-02 9.081568568944931030e-03 1.714217662811279297e-02 1.322674099355936050e-02 1.559280976653099060e-02 7.477596402168273926e-03 6.548050325363874435e-03 1.443252153694629669e-02 1.796449720859527588e-02 1.469028647989034653e-02 2.346628811210393906e-03 4.418425727635622025e-03 7.688709301874041557e-04 1.186718698590993881e-02 2.436084114015102386e-02 4.079296719282865524e-03 2.080463245511054993e-02 4.261577967554330826e-03 7.463692221790552139e-03 6.174680893309414387e-04 1.740087382495403290e-02 1.854582689702510834e-02 2.132715471088886261e-02 2.192700840532779694e-02
1.680679805576801300e-02 1.621680147945880890e-02 2.194424159824848175e-02 6.626945454627275467e-03 1.645233854651451111e-02 1.639027521014213562e-02 1.155832316726446152e-02 1.939611323177814484e-02 8.333747982978820801e-01 5.443924292922019958e-02 9.101179428398609161e-03 2.153807319700717926e-02 1.103772968053817749e-02 5.022530909627676010e-03 6.645177491009235382e-03 1.726132072508335114e-02 1.155475247651338577e-02 4.777573049068450928e-02 3.644412755966186523e-02 6.063605193048715591e-03 5.781592801213264465e-03 2.056438475847244263e-02 7.218862883746623993e-03 7.858698954805731773e-04 4.808659199625253677e-03 1.125546917319297791e-02 2.304708212614059448e-02 8.700138889253139496e-03 6.292252801358699799e-04 2.214812906458973885e-03 1.208480447530746460e-02 1.931474916636943817e-02 1.497744466178119183e-03 3.774779383093118668e-03 6.844423711299896240e-03 1.191669981926679611e-02 9.273460134863853455e-03 3.152967430651187897e-03 1.270265411585569382e-02 1.906320452690124512e-02 1.004131324589252472e-02 3.067172132432460785e-02 7.586071267724037170e-03 4.898038692772388458e-03 2.662354148924350739e-02 2.314426936209201813e-02 6.105534732341766357e-03 1.095368433743715286e-02 3.945386409759521484e-02 2.021912485361099243e-02 1.089899241924285889e-02 8.829359896481037140e-03 2.094334177672863007e-02 1.449433527886867523e-02 2.645289152860641479e-02 7.424212060868740082e-03 5.703852977603673935e-03 1.361109130084514618e-02 5.950643680989742279e-03 6.110011599957942963e-03 2.110487967729568481e-02 8.848625235259532928e-03 1.841190620325505733e-03 1.483692415058612823e-02 8.441586978733539581e-03 5.877269897609949112e-03 1.087980531156063080e-02 1.070711389183998108e-02 2.156754955649375916e-03 2.306250855326652527e-02 4.485379438847303391e-03 2.782198786735534668e-02 3.561428189277648926e-02 3.315176814794540405e-02 2.339295484125614166e-02 3.096953593194484711e-02 6.634152680635452271e-02 3.540640324354171753e-02 4.802649095654487610e-02 3.145541250705718994e-02 1.098019443452358246e-02 1.064955163747072220e-02 2.327415533363819122e-02 3.327536955475807190e-02 1.893942616879940033e-02 5.941951181739568710e-03 7.065547630190849304e-03 6.027713418006896973e-03 1.701430417597293854e-02 7.858667522668838501e-03 8.969713235273957253e-05 2.250554785132408142e-02 9.764106012880802155e-03 1.095761451870203018e-02 2.828466333448886871e-02 2.448999136686325073e-02 2.471964806318283081e-02 2.988496981561183929e-02 2.634353935718536377e-02 2.438224852085113525e-02 1.342705637216567993e-02 7.637345232069492340e-03 1.260338444262742996e-02 2.458394272252917290e-03 1.249206066131591797e-02 1.903529092669487000e-02 1.433442812412977219e-02 3.575515374541282654e-02 1.223927456885576248e-02 2.005224302411079407e-02 7.083903066813945770e-03 5.037439055740833282e-03 1.719969138503074646e-02 8.291968144476413727e-03 8.472749963402748108e-03 2.973557217046618462e-03
9.165932424366474152e-03 4.985831212252378464e-03 1.683467882685363293e-03 1.768292300403118134e-02 5.710330326110124588e-03 1.790514402091503143e-02 6.040938664227724075e-03 1.296685170382261276e-02 5.443924292922019958e-02 8.333747982978820801e-01 2.793497871607542038e-03 1.856654882431030273e-02 5.301572848111391068e-03 2.560013532638549805e-02 1.198016013950109482e-02 8.221381343901157379e-03 7.871944457292556763e-03 3.464878350496292114e-02 6.440762430429458618e-02 2.793946769088506699e-03 2.664519241079688072e-03 8.199734613299369812e-03 2.527190558612346649e-02 4.008427262306213379e-02 1.730613783001899719e-02 1.607645116746425629e-02 6.768145598471164703e-03 6.857849657535552979e-03 8.206931874155998230e-03 1.248710229992866516e-02 2.144488133490085602e-02 1.548622921109199524e-02 1.084464602172374725e-02 1.956231705844402313e-02 1.960857212543487549e-02 8.285408839583396912e-03 1.157594099640846252e-02 5.165609531104564667e-03 3.673258004710078239e-03 6.364318542182445526e-03 1.257485244423151016e-02 1.823936402797698975e-02 1.272283960133790970e-02 1.059564482420682907e-02 1.667773537337779999e-02 3.195714950561523438e-02 4.948985297232866287e-03 8.745256811380386353e-03 2.086341381072998047e-02 3.734844923019409180e-02 1.364116650074720383e-02 2.299183234572410583e-02 1.315776351839303970e-02 4.448666237294673920e-03 1.473776064813137054e-02 2.051028609275817871e-02 1.063038036227226257e-02 3.419325500726699829e-02 9.590255212970077991e-04 1.117848977446556091e-02 3.830068279057741165e-03 1.872129179537296295e-02 2.732747979462146759e-02 1.195441931486129761e-03 1.332631109107751399e-05 6.624396424740552902e-03 1.754745282232761383e-02 1.523379888385534286e-02 1.586299203336238861e-02 2.886076830327510834e-02 1.461901608854532242e-02 6.689018104225397110e-03 4.555179178714752197e-02 2.826066687703132629e-02 1.050917990505695343e-02 5.034311674535274506e-03 2.307716757059097290e-02 6.028665229678153992e-02 3.845258802175521851e-02 6.912521272897720337e-02 4.451469518244266510e-03 1.693156920373439789e-02 1.358653325587511063e-02 4.427810385823249817e-02 2.043714933097362518e-02 2.435843832790851593e-02 1.273555587977170944e-02 1.733097434043884277e-02 1.810142397880554199e-02 4.034311324357986450e-02 6.328967399895191193e-03 2.257481962442398071e-02 1.545873121358454227e-03 3.595038317143917084e-03 5.436734762042760849e-03 2.788075432181358337e-02 2.691234834492206573e-02 3.100903471931815147e-03 8.564346469938755035e-03 2.294535376131534576e-02 2.345409989356994629e-02 2.453848905861377716e-02 8.266396820545196533e-03 6.621440872550010681e-03 7.069416344165802002e-03 1.500969985499978065e-03 7.686221972107887268e-03 1.348335109651088715e-02 2.319827862083911896e-02 2.854225225746631622e-02 8.566333912312984467e-03 7.681424031034111977e-04 2.015877328813076019e-02 1.867799460887908936e-02 4.275987390428781509e-03 6.054125726222991943e-03
7.333821058273315430e-02 7.165909558534622192e-02 8.518313989043235779e-04 1.325157005339860916e-02 2.306056022644042969e-02 6.081122532486915588e-02 6.080450862646102905e-02 3.084542974829673767e-02 9.101179428398609161e-03 2.793497871607542038e-03 8.333747982978820801e-01 8.392913267016410828e-03 6.906339526176452637e-02 8.637595921754837036e-03 3.426303714513778687e-02 6.247443612664937973e-03 4.759886767715215683e-03 1.807555323466658592e-03 5.360113922506570816e-03 1.437119580805301666e-02 1.682282611727714539e-02 3.275694325566291809e-02 3.533970331773161888e-03 1.105298171751201153e-03 2.363228239119052887e-03 4.620723892003297806e-03 2.016477286815643311e-02 1.748562604188919067e-02 4.918864741921424866e-02 1.623243466019630432e-02 3.831459954380989075e-02 6.843619048595428467e-03 1.361116301268339157e-02 1.349249389022588730e-02 8.712919428944587708e-03 1.558389794081449509e-02 3.883815836161375046e-03 5.727634299546480179e-03 2.626016363501548767e-02 9.424103423953056335e-03 4.611281212419271469e-03 1.597643643617630005e-02 2.476182766258716583e-02 9.302681311964988708e-03 2.434827387332916260e-02 2.533311769366264343e-02 5.360592156648635864e-02 5.132875218987464905e-02 1.068209949880838394e-02 1.044198870658874512e-02 1.690184511244297028e-02 1.638379879295825958e-02 1.564561016857624054e-02 9.535705670714378357e-03 1.127247605472803116e-02 8.457144722342491150e-03 8.427605964243412018e-03 1.033940911293029785e-02 2.570316009223461151e-02 3.818793594837188721e-02 5.495191086083650589e-03 4.007847979664802551e-03 9.577880613505840302e-03 9.039054624736309052e-03 5.230576545000076294e-02 5.051159858703613281e-02 1.204707380384206772e-02 9.359817020595073700e-03 7.758846972137689590e-03 5.482202395796775818e-03 2.170343417674303055e-03 1.312598679214715958e-02 3.292730310931801796e-03 1.646598055958747864e-02 6.146225612610578537e-03 1.343586668372154236e-02 9.940203279256820679e-03 1.432592544006183743e-04 7.029336411505937576e-03 1.141013950109481812e-02 1.479326840490102768e-02 2.348642051219940186e-02 1.300043659284710884e-03 8.573461323976516724e-03 3.412922669667750597e-04 1.061707735061645508e-02 2.221549861133098602e-02 3.041067905724048615e-02 8.771866559982299805e-03 3.575004870072007179e-03 4.923900961875915527e-02 2.237720973789691925e-02 4.721640795469284058e-02 3.226979449391365051e-02 2.496926113963127136e-03 1.278346590697765350e-02 6.752376444637775421e-03 1.762479916214942932e-02 2.951965900138020515e-03 8.015749976038932800e-03 2.595226513221859932e-03 2.728126128204166889e-05 1.494223903864622116e-02 1.091441046446561813e-02 8.827251382172107697e-03 1.809762092307209969e-03 1.389391254633665085e-02 2.529234858229756355e-03 5.134977865964174271e-03 2.102181687951087952e-02 2.141323126852512360e-02 6.583768408745527267e-03 1.452430896461009979e-02 2.315245382487773895e-02 2.408139780163764954e-02 2.749653533101081848e-03
5.559241864830255508e-03 3.990719560533761978e-03 2.638398483395576477e-02 5.061555653810501099e-03 9.175862185657024384e-03 2.946774102747440338e-02 9.794490411877632141e-03 5.821194034069776535e-03 2.153807319700717926e-02 1.856654882431030273e-02 8.392913267016410828e-03 8.333747982978820801e-01 2.171403495594859123e-03 9.422685950994491577e-02 1.432748232036828995e-02 7.317697163671255112e-03 1.300402916967868805e-02 1.354565843939781189e-02 1.418595574796199799e-02 1.270520407706499100e-02 1.041572727262973785e-02 7.099309936165809631e-03 4.367473348975181580e-02 4.748647287487983704e-02 5.324553698301315308e-03 3.343205666169524193e-03 3.729135496541857719e-03 7.164407521486282349e-02 7.876824587583541870e-03 6.990810483694076538e-02 3.001497534569352865e-04 3.644357275334186852e-05 1.308005116879940033e-02 6.778631825000047684e-03 3.923137672245502472e-03 2.877692924812436104e-03 1.840541884303092957e-02 4.648678936064243317e-03 1.649580197408795357e-03 4.114599898457527161e-03 7.117547560483217239e-03 1.294778380542993546e-02 1.672460138797760010e-02 1.533652888610959053e-03 1.947865448892116547e-02 2.677643485367298126e-02 4.439982585608959198e-03 3.882606106344610453e-04 8.592733182013034821e-03 1.666965521872043610e-02 8.590769022703170776e-03 1.627227291464805603e-02 3.281389176845550537e-02 8.792869746685028076e-03 2.151763439178466797e-02 1.404534373432397842e-02 1.264801900833845139e-02 1.654143445193767548e-02 4.873435944318771362e-03 2.909553877543658018e-04 6.383004598319530487e-03 1.364560332149267197e-02 1.969784684479236603e-02 5.189859308302402496e-03 9.651206433773040771e-03 5.073219537734985352e-03 3.198066493496298790e-03 7.700426504015922546e-03 1.559745799750089645e-02 1.213098876178264618e-02 3.626807825639843941e-03 4.022204317152500153e-03 1.968449354171752930e-02 2.362329699099063873e-02 1.487358845770359039e-02 4.997576470486819744e-04 3.041068464517593384e-02 4.348972439765930176e-02 2.242700569331645966e-02 4.517153277993202209e-02 7.265953463502228260e-04 1.051621511578559875e-02 3.637761110439896584e-04 2.582507673650979996e-03 8.535587228834629059e-03 1.747852936387062073e-02 1.552511937916278839e-03 7.714598905295133591e-03 3.165343776345252991e-02 5.497040227055549622e-02 6.077719852328300476e-03 1.100656576454639435e-03 6.229014135897159576e-03 2.266271505504846573e-03 1.036928035318851471e-03 8.924006251618266106e-04 2.184819057583808899e-02 2.911483352363575250e-05 3.448151750490069389e-03 2.018705382943153381e-02 8.818500791676342487e-04 5.266897380352020264e-03 1.602334156632423401e-02 8.784262463450431824e-03 2.745768614113330841e-02 3.185547888278961182e-02 1.419662497937679291e-03 2.454027161002159119e-02 1.204736158251762390e-02 1.246988587081432343e-02 2.099300175905227661e-02 1.648771390318870544e-02 7.734681479632854462e-03 1.169114606454968452e-03 6.125593557953834534e-03 1.158858183771371841e-02
6.369559466838836670e-02 7.032260298728942871e-02 1.127208955585956573e-02 1.551867555826902390e-02 2.193512953817844391e-02 5.237739533185958862e-02 5.773262307047843933e-02 2.784649468958377838e-02 1.103772968053817749e-02 5.301572848111391068e-03 6.906339526176452637e-02 2.171403495594859123e-03 8.333747982978820801e-01 1.645954512059688568e-02 3.331045061349868774e-02 4.616220016032457352e-03 3.319303737953305244e-03 2.311698626726865768e-03 9.660260751843452454e-03 1.646052673459053040e-02 1.491218805313110352e-02 2.653207071125507355e-02 7.181318942457437515e-03 1.342041976749897003e-02 9.536383673548698425e-03 1.375477854162454605e-02 1.480624265968799591e-02 9.153258986771106720e-03 5.109630897641181946e-02 6.774423178285360336e-03 4.769675433635711670e-02 9.889933280646800995e-03 9.738476946949958801e-03 1.629443094134330750e-02 4.137173295021057129e-03 1.521443109959363937e-02 1.179319806396961212e-02 2.025968628004193306e-03 3.060892038047313690e-02 6.579482462257146835e-03 4.561544861644506454e-03 1.077169179916381836e-02 2.050410956144332886e-02 7.405157666653394699e-04 1.624453812837600708e-02 2.117861062288284302e-02 4.385530203580856323e-02 4.947556555271148682e-02 6.401869468390941620e-03 9.666452184319496155e-03 1.847755908966064453e-02 1.750478520989418030e-02 2.707669138908386230e-02 1.659590564668178558e-02 1.130701694637537003e-02 1.548641920089721680e-02 2.993769943714141846e-03 1.744204387068748474e-02 2.443907782435417175e-02 4.174803942441940308e-02 6.343899294734001160e-04 1.491711009293794632e-03 1.077466923743486404e-02 5.531367845833301544e-03 5.138362199068069458e-02 6.128968298435211182e-02 1.310115866363048553e-02 1.036742422729730606e-02 9.937424911186099052e-04 7.856142707169055939e-03 6.814396940171718597e-03 1.424740068614482880e-02 3.191774711012840271e-03 1.725586317479610443e-02 1.029151771217584610e-02 1.570898108184337616e-02 1.004378963261842728e-02 5.790162365883588791e-03 4.153811838477849960e-03 1.714793406426906586e-02 1.594116911292076111e-02 2.119261771440505981e-02 8.656577207148075104e-03 7.823258638381958008e-03 5.027706734836101532e-03 1.323321368545293808e-02 1.920138671994209290e-02 3.643297031521797180e-02 8.108706213533878326e-03 8.892337791621685028e-03 4.662431403994560242e-02 1.701217703521251678e-02 5.237116292119026184e-02 3.780530765652656555e-02 2.776763903966639191e-05 1.226649433374404907e-02 4.509866703301668167e-03 1.978455297648906708e-02 3.651405451819300652e-03 7.997774519026279449e-03 7.322464138269424438e-03 9.900618344545364380e-03 1.123124733567237854e-02 1.287824660539627075e-02 1.287552434951066971e-02 4.097623750567436218e-03 1.770923286676406860e-02 9.469837881624698639e-03 9.493412449955940247e-03 1.855774782598018646e-02 2.106609940528869629e-02 7.611452601850032806e-03 1.468542777001857758e-02 2.002027258276939392e-02 1.808497682213783264e-02 1.096028601750731468e-03
