8.130832910537719727e-01 3.639439120888710022e-02 1.060783956199884415e-02 5.389014724642038345e-03 1.384181808680295944e-02 5.156474560499191284e-02 1.843342743813991547e-02 2.834596298635005951e-02 4.565071314573287964e-03 2.025024732574820518e-04 4.539912939071655273e-02 2.290297858417034149e-02 5.548040568828582764e-02 3.303919732570648193e-02 4.625691473484039307e-02 3.618420287966728210e-02 4.047825559973716736e-02 2.319779247045516968e-02 1.665174216032028198e-02 2.530956827104091644e-02 4.370963666588068008e-03 3.737669065594673157e-02 1.537874620407819748e-02 1.880667358636856079e-02 1.586141064763069153e-02 2.345428429543972015e-02 2.519530057907104492e-02 1.329772081226110458e-02 1.230088435113430023e-02 2.799050509929656982e-02 2.004424668848514557e-02 1.623935252428054810e-02 2.419275697320699692e-03 4.962753970175981522e-03 5.507668480277061462e-03 1.969678699970245361e-02 2.156362496316432953e-02 1.305023953318595886e-02 8.206450380384922028e-03 2.639571763575077057e-02 2.949325554072856903e-02 1.424162089824676514e-02 9.985181502997875214e-03 2.431746252113953233e-04 2.898916788399219513e-02 7.192505523562431335e-03 3.529961407184600830e-02 5.170437507331371307e-04 1.755630038678646088e-02 1.948629319667816162e-02 7.866620086133480072e-03 4.733932670205831528e-03 2.495606057345867157e-02 2.685911953449249268e-02 1.799325831234455109e-02 2.292476221919059753e-02 4.197876900434494019e-03 2.174348104745149612e-03 1.771046593785285950e-02 2.838803641498088837e-02 1.368632819503545761e-02 1.206433307379484177e-02 1.551401073811575770e-04 9.864950552582740784e-03 5.535726901143789291e-03 1.130325905978679657e-02 1.327843312174081802e-02 1.597815379500389099e-02 2.229589968919754028e-02 1.227817032486200333e-02 1.585800386965274811e-02 2.576186694204807281e-02 3.233842551708221436e-02 1.099566370248794556e-02 2.900466695427894592e-02 1.761661842465400696e-02 1.851259544491767883e-02 3.053959831595420837e-02 2.527990005910396576e-02 4.990356508642435074e-03 1.974099315702915192e-02 2.543820627033710480e-02 7.322533521801233292e-03 9.632448665797710419e-03 1.945140026509761810e-02 2.252331189811229706e-02 2.757128886878490448e-02 4.079298675060272217e-02 3.305329009890556335e-03 1.069835107773542404e-02 2.831272780895233154e-02 7.466739974915981293e-03 1.516368705779314041e-02 3.750867024064064026e-02 2.694440446794033051e-02 3.056818619370460510e-02 4.396643955260515213e-03 8.139946497976779938e-03 1.363240648061037064e-02 4.469168838113546371e-03 1.974094100296497345e-02 1.870083250105381012e-02 1.657901890575885773e-02 8.741347119212150574e-04 1.329390332102775574e-02 5.340603180229663849e-03 7.094986736774444580e-03 1.015270873904228210e-02 2.331388369202613831e-02 1.195569150149822235e-02 1.650788448750972748e-02 4.839578177779912949e-03 3.837293945252895355e-03 1.415319647639989853e-02 1.717818155884742737e-02 3.752162680029869080e-03
3.639439120888710022e-02 8.130832910537719727e-01 1.181949954479932785e-02 8.789686486124992371e-03 6.098769605159759521e-03 2.363860234618186951e-02 2.431274577975273132e-02 9.317697025835514069e-03 5.418139975517988205e-03 8.878228254616260529e-03 1.147469389252364635e-03 1.061060093343257904e-02 4.249266535043716431e-02 1.253504306077957153e-03 1.605653762817382812e-02 1.348569709807634354e-02 1.764677092432975769e-02 5.536883138120174408e-03 3.944324329495429993e-03 1.224789768457412720e-02 1.748069934546947479e-02 1.102043595165014267e-02 1.221422571688890457e-02 2.559336088597774506e-02 1.660659536719322205e-02 5.434720776975154877e-03 2.141496632248163223e-03 4.665743559598922729e-03 2.284329384565353394e-02 5.954813212156295776e-03 6.810714304447174072e-02 4.729216379928402603e-05 2.060629660263657570e-03 2.710537239909172058e-02 1.377550978213548660e-02 1.721841469407081604e-02 1.606991328299045563e-02 1.583246886730194092e-02 1.643627532757818699e-03 7.187416777014732361e-03 2.929837070405483246e-02 1.499519683420658112e-02 2.061166800558567047e-02 1.251425687223672867e-02 8.159132674336433411e-03 2.296993695199489594e-02 1.520598120987415314e-02 8.069401606917381287e-03 1.510933507233858109e-02 3.870273474603891373e-03 4.483350086957216263e-03 1.361287757754325867e-02 3.155785053968429565e-02 1.683655567467212677e-02 1.207735855132341385e-02 3.412167774513363838e-03 4.141932353377342224e-03 4.063392058014869690e-03 2.399519085884094238e-02 6.738013587892055511e-03 4.357226134743541479e-04 2.716056304052472115e-03 3.081941744312644005e-03 2.623404189944267273e-02 3.394582122564315796e-02 4.289708659052848816e-02 1.113334205001592636e-02 1.225005742162466049e-02 2.809734083712100983e-02 2.076861634850502014e-02 2.522036246955394745e-02 3.459357470273971558e-02 1.452000625431537628e-02 2.943211235105991364e-02 1.387502625584602356e-02 1.366911735385656357e-02 3.470555692911148071e-02 1.850999332964420319e-02 9.758489206433296204e-03 9.555634111166000366e-03 1.482905633747577667e-02 3.919225186109542847e-03 1.742446981370449066e-02 2.837321534752845764e-02 6.636199541389942169e-03 7.004025857895612717e-03 9.454558603465557098e-03 3.029074287042021751e-03 3.424157202243804932e-02 1.953622791916131973e-03 4.036742262542247772e-03 3.591561689972877502e-02 1.000412856228649616e-03 1.597483269870281219e-02 1.926819980144500732e-02 1.348224002867937088e-02 1.925059780478477478e-02 7.865404710173606873e-03 2.438939409330487251e-03 1.742122694849967957e-03 3.303732955828309059e-03 8.024951443076133728e-03 4.305409733206033707e-03 1.727503165602684021e-02 2.270348370075225830e-02 8.771282620728015900e-03 4.687662702053785324e-03 1.493358286097645760e-03 5.247362423688173294e-03 2.018252853304147720e-03 1.416857820004224777e-02 1.794881559908390045e-02 1.855908706784248352e-02 1.551083661615848541e-02 1.830944046378135681e-02 1.991569437086582184e-02
1.060783956199884415e-02 1.181949954479932785e-02 8.130832910537719727e-01 1.383075769990682602e-02 3.373301401734352112e-02 2.580566145479679108e-02 8.846051990985870361e-03 4.209847003221511841e-02 3.292539715766906738e-02 3.380641713738441467e-02 1.207810081541538239e-02 5.403621122241020203e-03 2.525828406214714050e-02 4.843622446060180664e-03 1.809634640812873840e-02 2.178142778575420380e-02 1.790756359696388245e-02 7.924152538180351257e-03 9.391648694872856140e-03 8.984164451248943806e-04 1.763315498828887939e-02 1.011706702411174774e-02 2.247933484613895416e-02 1.175362616777420044e-02 2.581808948889374733e-03 3.652416169643402100e-03 1.867691613733768463e-02 1.678341068327426910e-02 6.417988333851099014e-03 2.223712578415870667e-02 7.217974402010440826e-03 2.178047783672809601e-02 4.956726450473070145e-03 1.750973798334598541e-02 6.697815842926502228e-03 2.205198165029287338e-03 5.506444256752729416e-03 1.927445083856582642e-02 3.436643630266189575e-03 7.550233975052833557e-03 2.651564590632915497e-02 7.896264083683490753e-03 1.707327924668788910e-02 4.080317541956901550e-02 1.982385106384754181e-02 2.585194259881973267e-02 2.504540234804153442e-02 1.498917001299560070e-03 7.749519776552915573e-03 1.450353115797042847e-02 1.531919348053634167e-03 7.160846143960952759e-03 1.783609623089432716e-03 4.724564962089061737e-03 8.554826490581035614e-03 4.690597765147686005e-03 3.358152229338884354e-03 2.624827623367309570e-02 1.077466737478971481e-02 1.988847739994525909e-02 1.366124674677848816e-02 4.924354143440723419e-03 6.035350263118743896e-03 1.308466587215662003e-02 1.614405214786529541e-02 2.547726966440677643e-03 1.863139308989048004e-02 2.196163125336170197e-02 1.532505825161933899e-02 2.988416515290737152e-02 1.793671515770256519e-03 1.527914684265851974e-02 1.463274564594030380e-02 2.704843692481517792e-02 1.468706876039505005e-02 2.427352964878082275e-02 3.324752300977706909e-02 1.415279693901538849e-02 2.242127666249871254e-04 1.056544762104749680e-02 2.260500565171241760e-02 2.299709618091583252e-02 1.860014908015727997e-02 3.630834072828292847e-02 6.699847872368991375e-04 2.146774344146251678e-02 2.564386464655399323e-02 3.876088559627532959e-02 8.276349981315433979e-04 1.228513196110725403e-02 1.582291722297668457e-02 1.445545814931392670e-02 1.414419710636138916e-02 3.241565823554992676e-02 1.458162907510995865e-02 3.986218944191932678e-03 1.700102293398231268e-04 1.004339475184679031e-02 2.185744047164916992e-02 4.932591225951910019e-03 8.816875051707029343e-04 5.285342223942279816e-03 5.013499874621629715e-03 9.286083281040191650e-03 2.789264731109142303e-02 1.940916292369365692e-02 3.482522442936897278e-04 1.145725231617689133e-02 1.382531132549047470e-02 8.559950627386569977e-03 2.949887327849864960e-02 2.530100382864475250e-02 7.505005225539207458e-03 1.942268945276737213e-02 2.476600371301174164e-02 2.911568246781826019e-02
5.389014724642038345e-03 8.789686486124992371e-03 1.383075769990682602e-02 8.130832910537719727e-01 1.746067404747009277e-02 1.622942090034484863e-02 5.302293226122856140e-03 4.842281807214021683e-03 1.439762301743030548e-03 3.875901550054550171e-02 5.340473726391792297e-03 2.448888868093490601e-02 1.796586625277996063e-02 1.115158665925264359e-02 1.440735440701246262e-02 2.560042403638362885e-02 5.674163112416863441e-04 1.922030188143253326e-02 2.725565806031227112e-02 6.794299464672803879e-03 1.775942370295524597e-02 1.305748149752616882e-02 3.706671670079231262e-02 1.022944971919059753e-02 1.759404130280017853e-02 2.516500279307365417e-02 2.740345662459731102e-03 4.021238163113594055e-02 9.339513257145881653e-03 2.108565531671047211e-02 7.986066862940788269e-03 1.380025129765272141e-02 3.159422054886817932e-02 1.347787771373987198e-02 2.101778052747249603e-02 7.706573233008384705e-03 2.051807940006256104e-02 1.230047177523374557e-02 3.449573367834091187e-02 1.145552936941385269e-02 1.094744727015495300e-02 1.626105280593037605e-03 1.779776252806186676e-02 2.076837234199047089e-02 1.285026967525482178e-02 3.103220835328102112e-02 1.691066846251487732e-02 9.149155579507350922e-03 5.296196788549423218e-03 2.853311598300933838e-02 1.902507431805133820e-02 2.990962238982319832e-03 1.084586232900619507e-02 2.613887935876846313e-02 1.006078533828258514e-02 9.168351069092750549e-03 3.434371948242187500e-02 2.730947174131870270e-02 2.744989097118377686e-02 2.684875950217247009e-02 1.723942346870899200e-02 1.217754185199737549e-02 3.284598886966705322e-02 2.117399312555789948e-02 2.215791307389736176e-02 1.846734061837196350e-02 1.036403141915798187e-02 4.795475862920284271e-03 4.098892956972122192e-02 6.430302746593952179e-03 3.228840231895446777e-02 7.026627659797668457e-03 4.300415888428688049e-02 1.259780675172805786e-02 2.206841483712196350e-02 1.679497212171554565e-02 3.089649789035320282e-02 1.847861893475055695e-02 2.918222546577453613e-02 5.209660157561302185e-02 1.902566850185394287e-02 2.033002965617924929e-04 1.508697587996721268e-02 9.214238263666629791e-03 3.259795950725674629e-03 2.933180332183837891e-02 8.807014673948287964e-03 8.157361298799514771e-03 3.848696500062942505e-02 1.337856333702802658e-02 6.939867977052927017e-03 1.279552187770605087e-02 1.014403649605810642e-03 1.535973162390291691e-03 2.010148763656616211e-02 1.913858577609062195e-02 2.050177939236164093e-02 1.052310969680547714e-02 8.797170594334602356e-03 2.003649622201919556e-02 2.123114420101046562e-03 1.321098767220973969e-02 1.087084691971540451e-02 9.424807503819465637e-03 4.454033914953470230e-03 1.135468669235706329e-02 2.413054229691624641e-03 1.407660450786352158e-02 3.468873351812362671e-02 4.169348161667585373e-03 9.816531091928482056e-03 3.749908879399299622e-02 2.343173325061798096e-02 1.000316068530082703e-02 1.018828246742486954e-02 9.108744561672210693e-03
1.384181808680295944e-02 6.098769605159759521e-03 3.373301401734352112e-02 1.746067404747009277e-02 8.130832910537719727e-01 7.670573424547910690e-03 1.253557670861482620e-02 3.759880363941192627e-02 1.651543378829956055e-02 4.835206270217895508e-02 3.096329048275947571e-02 1.644264161586761475e-02 1.768801175057888031e-02 9.244373068213462830e-03 2.670943923294544220e-02 2.407561510153755080e-07 2.919340319931507111e-02 1.536643132567405701e-02 3.146898746490478516e-02 1.541528757661581039e-02 9.336949326097965240e-03 3.409510478377342224e-02 2.750899456441402435e-02 1.179104484617710114e-02 1.037744060158729553e-02 1.341725233942270279e-02 1.999755203723907471e-02 2.831200323998928070e-02 9.703712537884712219e-03 1.360960118472576141e-02 1.583261787891387939e-02 1.381286513060331345e-02 6.395389325916767120e-03 9.259211830794811249e-03 4.467498045414686203e-03 1.790215075016021729e-02 3.025956684723496437e-03 4.655022174119949341e-02 1.244702842086553574e-02 4.494496062397956848e-02 2.013432793319225311e-02 6.596211809664964676e-03 2.466657012701034546e-02 1.108094467781484127e-03 3.306696424260735512e-03 2.236733958125114441e-02 1.307253260165452957e-02 7.363967597484588623e-03 1.373390108346939087e-02 2.380713820457458496e-02 4.720140248537063599e-03 2.074983902275562286e-03 1.493241079151630402e-02 7.205770350992679596e-03 6.548664532601833344e-03 1.621170341968536377e-02 1.567714102566242218e-02 2.292368561029434204e-02 9.416147135198116302e-03 1.947945170104503632e-02 6.600673310458660126e-03 7.219074905151501298e-05 2.000008337199687958e-02 8.251746185123920441e-03 1.054332312196493149e-02 1.310743298381567001e-02 3.076354227960109711e-02 1.957459934055805206e-02 2.455133246257901192e-03 1.838568970561027527e-02 2.589376410469412804e-03 2.617659978568553925e-02 3.016352420672774315e-04 4.371471703052520752e-02 1.615615445189177990e-03 3.087765164673328400e-02 2.277626888826489449e-03 2.126558311283588409e-02 6.671904586255550385e-03 2.836592495441436768e-02 1.245731301605701447e-02 1.873755455017089844e-02 2.741569466888904572e-02 4.857316613197326660e-02 2.696841210126876831e-02 1.081904303282499313e-02 1.476969942450523376e-02 2.769570611417293549e-02 3.121700882911682129e-02 1.026684232056140900e-02 7.572338799946010113e-04 2.390450099483132362e-03 5.880401935428380966e-03 3.704319521784782410e-02 9.330204688012599945e-03 1.137746963649988174e-02 2.631434984505176544e-02 6.151279900223016739e-03 5.360299255698919296e-03 1.126656774431467056e-02 7.969663478434085846e-03 1.957980170845985413e-02 1.215242967009544373e-02 4.099788609892129898e-03 1.912719570100307465e-02 1.611408777534961700e-02 1.517809741199016571e-02 4.033586475998163223e-03 2.377993986010551453e-02 1.229045819491147995e-02 4.033825360238552094e-03 7.580458186566829681e-03 3.237352892756462097e-02 3.570771776139736176e-03 5.534463562071323395e-03 3.334045410156250000e-02
5.156474560499191284e-02 2.363860234618186951e-02 2.580566145479679108e-02 1.622942090034484863e-02 7.670573424547910690e-03 8.130832910537719727e-01 4.187642410397529602e-02 2.129413746297359467e-02 3.459803294390439987e-03 8.487911545671522617e-04 3.164168074727058411e-02 4.322527348995208740e-02 5.007269605994224548e-02 5.012922361493110657e-02 3.191563487052917480e-02 3.222879767417907715e-02 3.236232697963714600e-02 3.444960713386535645e-02 2.529329434037208557e-02 2.888361923396587372e-03 1.422021072357892990e-02 2.883352525532245636e-02 2.168127521872520447e-02 3.450541943311691284e-02 1.711650006473064423e-02 3.402008861303329468e-02 2.301561832427978516e-02 1.972999051213264465e-02 7.276125717908143997e-03 2.924053929746150970e-02 2.461626939475536346e-02 1.051400415599346161e-02 2.236034721136093140e-03 4.814824555069208145e-03 8.413277566432952881e-03 1.341851986944675446e-02 1.747439615428447723e-02 4.869239870458841324e-03 4.281966015696525574e-03 1.865872298367321491e-03 2.687626704573631287e-02 1.885886117815971375e-02 1.328865718096494675e-02 1.213494129478931427e-02 1.653280481696128845e-02 1.180223561823368073e-02 4.728178307414054871e-02 4.154421389102935791e-03 2.070694044232368469e-02 1.767802238464355469e-02 3.790884511545300484e-03 1.419552229344844818e-02 6.268410943448543549e-03 1.379131153225898743e-02 2.933349646627902985e-02 2.396182343363761902e-02 7.072586566209793091e-03 8.485518395900726318e-03 8.699996396899223328e-03 1.254821103066205978e-02 2.514900825917720795e-02 3.095016069710254669e-02 5.929592996835708618e-03 1.602077297866344452e-02 3.678711829707026482e-03 1.909650862216949463e-02 2.360939281061291695e-03 2.244753704871982336e-04 1.594544947147369385e-02 1.339716464281082153e-02 1.257337909191846848e-02 1.852283254265785217e-02 2.705962210893630981e-02 5.051864311099052429e-03 2.540616877377033234e-02 1.431265007704496384e-02 8.720771409571170807e-03 2.929167635738849640e-02 3.199819847941398621e-02 1.993606239557266235e-02 1.140078529715538025e-02 2.350768074393272400e-02 2.658586017787456512e-02 4.664225503802299500e-03 7.793172844685614109e-04 2.917613135650753975e-03 1.916003413498401642e-02 3.573895245790481567e-02 2.657842822372913361e-03 1.537910848855972290e-02 2.908445149660110474e-02 8.796997368335723877e-03 1.370152458548545837e-02 3.533139452338218689e-02 1.655933260917663574e-02 1.697058230638504028e-02 8.733283728361129761e-03 1.605444238521158695e-03 7.627108599990606308e-03 4.620318766683340073e-03 2.256115525960922241e-02 2.057659439742565155e-02 1.574006862938404083e-02 7.923701778054237366e-03 9.414696134626865387e-03 6.775986868888139725e-03 1.653637550771236420e-02 1.490083895623683929e-02 6.047788076102733612e-03 3.267529234290122986e-02 1.142180431634187698e-02 1.575759053230285645e-02 6.405294407159090042e-03 1.285432372242212296e-02 2.161218225955963135e-02 1.542434561997652054e-02
1.843342743813991547e-02 2.431274577975273132e-02 8.846051990985870361e-03 5.302293226122856140e-03 1.253557670861482620e-02 4.187642410397529602e-02 8.130832910537719727e-01 1.111598405987024307e-02 1.614372618496417999e-02 7.477668114006519318e-03 5.269986763596534729e-02 3.001223504543304443e-02 1.006893813610076904e-02 2.983920276165008545e-02 9.450552053749561310e-03 2.657942706719040871e-03 1.695237308740615845e-02 3.116100840270519257e-02 1.638486608862876892e-02 5.654501728713512421e-03 6.993726361542940140e-03 2.038993872702121735e-02 3.182275593280792236e-02 3.162161260843276978e-02 3.514774609357118607e-03 6.863068789243698120e-03 4.089469462633132935e-02 2.483845315873622894e-02 8.215234614908695221e-03 1.721772365272045135e-02 1.231499947607517242e-02 3.030870109796524048e-02 2.875405130907893181e-03 5.242231767624616623e-03 3.839306009467691183e-05 1.002691686153411865e-02 1.100469660013914108e-02 1.953952386975288391e-02 2.153518050909042358e-02 1.307914964854717255e-03 9.610593318939208984e-03 2.561888098716735840e-02 3.330812556669116020e-03 5.710511934012174606e-03 2.761763753369450569e-03 3.416553372517228127e-03 2.165781520307064056e-02 6.673409789800643921e-02 2.719671465456485748e-02 1.673564128577709198e-02 4.288906604051589966e-02 3.571904823184013367e-02 1.224212907254695892e-02 7.657613139599561691e-03 2.660225331783294678e-02 3.174797073006629944e-02 1.063517411239445210e-03 2.718517929315567017e-02 7.669671438634395599e-03 1.457544695585966110e-02 2.784172445535659790e-02 1.537430193275213242e-02 1.243058778345584869e-02 3.749578318092972040e-04 1.563567109405994415e-02 3.875269554555416107e-03 3.100712411105632782e-02 3.649474121630191803e-03 2.484695520251989365e-03 7.494432386010885239e-03 9.994377382099628448e-03 2.579638501629233360e-03 2.087857760488986969e-02 3.177293017506599426e-02 1.267845649272203445e-02 6.450945977121591568e-03 6.980608217418193817e-03 1.980830356478691101e-02 2.805098518729209900e-02 8.316883817315101624e-03 2.967531606554985046e-02 4.936215002089738846e-03 1.285326108336448669e-02 1.914891647174954414e-03 2.410379238426685333e-02 9.685114957392215729e-03 1.511060819029808044e-02 3.448575502261519432e-03 2.144905924797058105e-02 1.391919236630201340e-02 3.286365047097206116e-02 1.379373110830783844e-02 5.069537088274955750e-02 1.064310781657695770e-02 2.302496461197733879e-03 2.530106110498309135e-03 1.430822885595262051e-04 1.529384125024080276e-02 6.131041329354047775e-03 9.015052579343318939e-03 2.824830822646617889e-03 1.917187124490737915e-02 1.771386712789535522e-02 5.273229442536830902e-03 2.222766354680061340e-02 1.347263436764478683e-02 2.305043628439307213e-03 3.056922182440757751e-02 1.486113481223583221e-02 6.366272456943988800e-03 1.842870563268661499e-02 2.418215619400143623e-03 1.380781456828117371e-02 1.820712722837924957e-02 1.478299126029014587e-02 2.730201557278633118e-02
2.834596298635005951e-02 9.317697025835514069e-03 4.209847003221511841e-02 4.842281807214021683e-03 3.759880363941192627e-02 2.129413746297359467e-02 1.111598405987024307e-02 8.130832910537719727e-01 2.374512143433094025e-02 1.073947059921920300e-03 3.218819200992584229e-02 9.022312238812446594e-03 3.354822471737861633e-02 1.053633261471986771e-02 3.863230720162391663e-02 1.450430229306221008e-02 2.071946114301681519e-02 3.928403835743665695e-03 7.198590319603681564e-03 1.799396798014640808e-02 1.078744605183601379e-02 2.191669307649135590e-02 8.983960375189781189e-03 6.651469506323337555e-03 8.495268411934375763e-03 1.244476996362209320e-02 3.043224476277828217e-02 7.767895702272653580e-03 3.691053716465830803e-03 2.268930431455373764e-03 7.477330509573221207e-03 5.948188249021768570e-03 1.683648675680160522e-02 1.332435850054025650e-02 1.075035426765680313e-02 6.771076004952192307e-03 1.087013352662324905e-02 1.228605024516582489e-02 8.744997903704643250e-03 2.252370864152908325e-02 2.763599157333374023e-02 9.680260904133319855e-03 1.282313838601112366e-02 1.310462225228548050e-02 8.506543817929923534e-04 5.960194859653711319e-03 7.623176090419292450e-03 2.470038598403334618e-03 1.557880174368619919e-02 2.085785754024982452e-02 3.138566389679908752e-02 3.447231370955705643e-03 2.719192951917648315e-02 1.302020996809005737e-02 1.061825919896364212e-02 2.416858449578285217e-02 6.935909856110811234e-03 2.017369680106639862e-02 1.997225917875766754e-02 1.076939329504966736e-02 1.145022615673951805e-04 1.301937270909547806e-02 1.464858185499906540e-02 5.671942140907049179e-03 1.402843371033668518e-02 8.142040111124515533e-03 1.630370132625102997e-02 1.780018769204616547e-02 3.654427360743284225e-03 2.160583622753620148e-02 2.654327824711799622e-02 3.338088840246200562e-02 1.437601353973150253e-02 2.218882553279399872e-02 2.444155141711235046e-02 2.718938700854778290e-02 1.546051353216171265e-02 4.847163800150156021e-03 1.671477220952510834e-02 1.143538043834269047e-03 4.821138083934783936e-02 3.844585269689559937e-02 1.528431661427021027e-02 1.576891355216503143e-02 1.432872470468282700e-02 7.641266565769910812e-04 3.088670037686824799e-02 4.460377246141433716e-02 1.115077920258045197e-02 1.504805311560630798e-02 3.856682451441884041e-03 1.359699387103319168e-02 2.562129404395818710e-03 3.591262549161911011e-02 1.866055279970169067e-02 1.650048978626728058e-02 7.443708367645740509e-03 1.316941063851118088e-02 1.272730994969606400e-02 5.228196736425161362e-03 2.052936702966690063e-02 1.049290038645267487e-02 1.721835322678089142e-02 1.256037503480911255e-02 3.654748946428298950e-02 1.131056062877178192e-02 7.769535877741873264e-04 1.121156290173530579e-02 2.755255438387393951e-03 9.686741046607494354e-03 1.544945593923330307e-02 1.056887395679950714e-02 1.704269275069236755e-02 1.518430281430482864e-02 2.273797616362571716e-02 4.894782975316047668e-02
4.565071314573287964e-03 5.418139975517988205e-03 3.292539715766906738e-02 1.439762301743030548e-03 1.651543378829956055e-02 3.459803294390439987e-03 1.614372618496417999e-02 2.374512143433094025e-02 8.130832910537719727e-01 1.142023503780364990e-02 3.802837105467915535e-03 1.064733136445283890e-02 1.435915939509868622e-02 2.057196758687496185e-02 1.383369509130716324e-02 1.568237505853176117e-02 4.373249597847461700e-03 4.887865111231803894e-02 8.211592212319374084e-03 3.282990306615829468e-02 1.854807883501052856e-02 4.677189514040946960e-03 9.561330080032348633e-03 1.130570191890001297e-02 4.186986479908227921e-03 7.750493474304676056e-03 1.003058161586523056e-02 2.590560168027877808e-02 2.427600324153900146e-02 3.334913402795791626e-02 5.642784293740987778e-03 3.242639824748039246e-02 1.659661717712879181e-02 1.381110772490501404e-02 2.578172646462917328e-02 1.049609854817390442e-03 1.886554621160030365e-02 1.045320741832256317e-02 7.887652143836021423e-03 2.650284208357334137e-02 1.548104267567396164e-02 2.734918147325515747e-02 1.838861033320426941e-03 3.090246021747589111e-02 2.889439277350902557e-02 7.674872176721692085e-04 2.010852098464965820e-02 1.836806535720825195e-02 3.651449456810951233e-02 1.080988161265850067e-02 1.143992226570844650e-02 2.095253765583038330e-02 9.535240009427070618e-03 4.243160132318735123e-03 4.512311890721321106e-02 2.750372223090380430e-04 2.603529579937458038e-02 2.845947071909904480e-02 8.497448638081550598e-03 3.103839233517646790e-03 5.469254404306411743e-02 1.708069443702697754e-02 9.203406982123851776e-03 1.525777019560337067e-02 5.548878572881221771e-03 1.036635879427194595e-02 6.198639981448650360e-03 1.657099346630275249e-03 2.898678369820117950e-02 2.611851878464221954e-02 3.501874860376119614e-03 3.898699954152107239e-02 1.440428942441940308e-02 8.958906866610050201e-03 1.208778191357851028e-02 4.867967963218688965e-02 5.498308315873146057e-02 4.019910993520170450e-04 2.698543295264244080e-02 2.582736546173691750e-03 6.814508233219385147e-03 4.073784686625003815e-03 3.358719870448112488e-02 5.231196526437997818e-03 1.738701574504375458e-02 9.393619373440742493e-03 7.233580574393272400e-03 1.555814966559410095e-02 3.704361990094184875e-02 1.467664726078510284e-02 2.458731411024928093e-03 3.433755831792950630e-03 2.487734705209732056e-02 1.263766456395387650e-02 1.127833966165781021e-02 9.380826726555824280e-03 2.092325873672962189e-02 3.655908256769180298e-02 2.971873059868812561e-02 2.955980971455574036e-02 1.146094873547554016e-02 1.475430745631456375e-02 6.247166544198989868e-03 2.137307450175285339e-02 2.668654173612594604e-02 4.394265823066234589e-03 1.694745942950248718e-02 5.016652494668960571e-02 1.438017562031745911e-02 5.975387524813413620e-03 2.622300386428833008e-02 1.257443148642778397e-02 1.298873103223741055e-03 2.185983769595623016e-02 1.054695434868335724e-02 2.074974961578845978e-02
2.025024732574820518e-04 8.878228254616260529e-03 3.380641713738441467e-02 3.875901550054550171e-02 4.835206270217895508e-02 8.487911545671522617e-04 7.477668114006519318e-03 1.073947059921920300e-03 1.142023503780364990e-02 8.130832910537719727e-01 1.555381435900926590e-02 2.898249775171279907e-02 6.069103721529245377e-03 6.406004074960947037e-03 1.550742145627737045e-02 1.156475674360990524e-02 1.190015580505132675e-02 2.569862641394138336e-02 5.380069464445114136e-02 1.803719555027782917e-03 3.081082133576273918e-03 1.725249923765659332e-02 3.031722269952297211e-02 1.384968217462301254e-02 4.274989478290081024e-03 7.706996519118547440e-03 1.262055430561304092e-02 4.394354298710823059e-02 1.173077989369630814e-02 3.447405621409416199e-02 4.446134436875581741e-03 1.972970739006996155e-02 2.732046693563461304e-02 1.470300927758216858e-02 6.456434726715087891e-03 1.303348783403635025e-02 2.356872195377945900e-03 2.310198917984962463e-02 2.081766538321971893e-02 1.453944202512502670e-02 5.368597921915352345e-04 2.231178514193743467e-04 2.771613933145999908e-02 2.755536511540412903e-02 9.678329341113567352e-03 3.468540310859680176e-02 5.301672499626874924e-03 2.003840729594230652e-02 1.035248953849077225e-02 5.654002353549003601e-02 8.855487219989299774e-03 1.532802265137434006e-02 3.575918730348348618e-03 3.718795627355575562e-02 6.544745992869138718e-03 1.199512463063001633e-02 2.659375034272670746e-02 1.198059506714344025e-02 8.407893590629100800e-03 2.963138930499553680e-02 1.232915837317705154e-02 7.624993566423654556e-03 3.296901658177375793e-02 2.172610908746719360e-02 1.900764647871255875e-03 3.102040616795420647e-03 1.180568011477589607e-03 3.281316161155700684e-02 2.291831374168395996e-02 1.998830214142799377e-02 1.015567802824079990e-03 1.124410424381494522e-02 1.887126639485359192e-02 3.125292062759399414e-02 6.890452466905117035e-03 1.682085357606410980e-02 1.239072624593973160e-02 6.613978743553161621e-02 1.574929431080818176e-02 4.962918907403945923e-02 1.289807027205824852e-03 2.324256859719753265e-02 1.300202496349811554e-02 5.817778781056404114e-02 4.192564636468887329e-03 3.122103959321975708e-02 1.206682622432708740e-02 5.935615859925746918e-03 3.131677582859992981e-02 4.301335290074348450e-02 2.397294621914625168e-03 3.427813062444329262e-03 2.356962068006396294e-03 2.315386757254600525e-02 8.356009609997272491e-03 1.203451771289110184e-02 2.614812739193439484e-02 1.214966061525046825e-03 3.780382976401597261e-04 3.091961552854627371e-04 1.361478003673255444e-03 1.185935921967029572e-02 1.461668685078620911e-02 4.928743466734886169e-03 1.645971089601516724e-02 2.375591918826103210e-02 2.420035656541585922e-03 3.603357123211026192e-03 1.082494854927062988e-02 1.613795012235641479e-02 8.083337917923927307e-03 4.250429570674896240e-03 2.094253711402416229e-02 1.359216962009668350e-02 1.311914157122373581e-02 1.356207579374313354e-02
4.539912939071655273e-02 1.147469389252364635e-03 1.207810081541538239e-02 5.340473726391792297e-03 3.096329048275947571e-02 3.164168074727058411e-02 5.269986763596534729e-02 3.218819200992584229e-02 3.802837105467915535e-03 1.555381435900926590e-02 8.130832910537719727e-01 7.103681098669767380e-03 2.544760331511497498e-02 1.582029834389686584e-02 2.592392265796661377e-02 1.511102193035185337e-03 2.914925478398799896e-02 1.232815254479646683e-02 3.740253625437617302e-03 1.226035691797733307e-02 6.009954959154129028e-03 5.003206804394721985e-02 1.111531350761651993e-02 1.047444902360439301e-02 1.311126165091991425e-02 8.015079423785209656e-03 6.052557379007339478e-02 6.543992087244987488e-03 9.335788898169994354e-03 1.298705395311117172e-02 2.325271256268024445e-02 3.753544995561242104e-03 1.756794005632400513e-02 9.988905861973762512e-03 9.338235482573509216e-03 1.263344194740056992e-03 6.778958719223737717e-03 1.518819108605384827e-02 1.967344665899872780e-03 4.118965193629264832e-02 8.617976680397987366e-03 2.147821336984634399e-02 1.750795729458332062e-02 1.474746409803628922e-02 7.187814451754093170e-03 1.041125971823930740e-02 2.814766205847263336e-02 5.503281950950622559e-02 2.772582322359085083e-02 8.180756121873855591e-03 2.867370657622814178e-02 2.294497378170490265e-02 3.831591457128524780e-02 1.518822461366653442e-02 1.821861788630485535e-02 2.222046442329883575e-02 9.462896734476089478e-03 1.294244639575481415e-02 2.592422999441623688e-02 1.111089834012091160e-03 1.212660316377878189e-02 4.657646641135215759e-03 1.554667949676513672e-02 1.231458317488431931e-02 5.462814588099718094e-03 2.267630025744438171e-02 2.396303974092006683e-02 2.150793559849262238e-02 1.079537719488143921e-02 3.821626538410782814e-03 1.779256947338581085e-02 1.744409278035163879e-02 2.362004853785037994e-02 2.917388267815113068e-02 1.374597754329442978e-02 2.768586762249469757e-02 2.700414275750517845e-03 2.492099441587924957e-02 2.441194280982017517e-02 9.713827632367610931e-03 2.590816281735897064e-02 1.043297722935676575e-02 8.799859788268804550e-04 1.989358104765415192e-02 2.585250325500965118e-02 1.238581165671348572e-02 2.287052199244499207e-02 2.849134989082813263e-02 2.344681881368160248e-02 1.886084303259849548e-02 1.725155487656593323e-02 1.855299109593033791e-03 3.193217143416404724e-02 2.516092732548713684e-02 1.582235842943191528e-02 1.512045972049236298e-02 3.916663583368062973e-03 1.599142560735344887e-03 2.380029298365116119e-03 1.648111641407012939e-02 1.489287242293357849e-02 3.009887784719467163e-02 6.331505253911018372e-03 1.795059069991111755e-02 6.251154933124780655e-03 4.265828989446163177e-03 7.702096365392208099e-03 1.635583303868770599e-02 2.849729359149932861e-02 8.384780026972293854e-03 2.453653886914253235e-02 7.271146401762962341e-03 9.626849554479122162e-03 1.470873504877090454e-02 2.436910755932331085e-02 2.514295838773250580e-02
2.290297858417034149e-02 1.061060093343257904e-02 5.403621122241020203e-03 2.448888868093490601e-02 1.644264161586761475e-02 4.322527348995208740e-02 3.001223504543304443e-02 9.022312238812446594e-03 1.064733136445283890e-02 2.898249775171279907e-02 7.103681098669767380e-03 8.130832910537719727e-01 1.256964448839426041e-02 6.671705842018127441e-02 2.556917816400527954e-02 2.157616801559925079e-02 1.592333242297172546e-02 5.436731502413749695e-02 6.018606945872306824e-02 2.727093361318111420e-02 7.515226490795612335e-03 1.496318262070417404e-02 5.022345483303070068e-02 4.299696534872055054e-02 3.461640095338225365e-03 2.190913073718547821e-02 7.595314178615808487e-03 5.423147976398468018e-02 4.536855965852737427e-03 5.379029363393783569e-02 3.233398310840129852e-03 3.383275043233879842e-06 1.298118382692337036e-03 1.829382218420505524e-02 1.075382251292467117e-02 7.495172321796417236e-03 6.269108969718217850e-03 1.141196489334106445e-02 1.083064172416925430e-02 2.613138966262340546e-02 1.857185969129204750e-03 1.581084914505481720e-02 2.485102973878383636e-02 5.869921296834945679e-03 1.871038414537906647e-02 1.437987200915813446e-02 1.030055922456085682e-03 8.268043398857116699e-03 3.291108831763267517e-02 4.130633547902107239e-02 3.655955079011619091e-04 5.425325594842433929e-03 1.481744647026062012e-02 2.475598454475402832e-02 4.344194754958152771e-02 3.165837377309799194e-02 1.290352363139390945e-02 1.264613121747970581e-03 4.525249823927879333e-03 1.358010806143283844e-02 3.524703159928321838e-02 4.203372448682785034e-02 4.219040740281343460e-03 4.987718071788549423e-03 9.418252855539321899e-03 7.779232226312160492e-03 1.156421843916177750e-02 1.803934201598167419e-02 8.960475213825702667e-03 1.749680028297007084e-03 4.880344029515981674e-03 3.124195616692304611e-03 2.951282076537609100e-02 6.802325136959552765e-03 1.902273856103420258e-02 1.255847141146659851e-02 7.003242615610361099e-03 1.836922951042652130e-03 1.642686501145362854e-02 1.326339039951562881e-02 1.654120720922946930e-02 1.395444292575120926e-02 1.792722009122371674e-02 2.008864842355251312e-02 2.054760232567787170e-02 1.425157580524682999e-02 1.517550274729728699e-02 1.755907572805881500e-02 1.663311384618282318e-02 1.561662741005420685e-02 3.317379951477050781e-02 6.559105589985847473e-03 1.289058383554220200e-02 1.831316761672496796e-02 5.086418706923723221e-03 6.600409746170043945e-03 8.119284175336360931e-03 2.164174057543277740e-02 2.242065407335758209e-02 1.953112223418429494e-04 1.593698002398014069e-02 1.669629663228988647e-02 1.887845061719417572e-02 6.423969171009957790e-04 2.487263176590204239e-03 5.495055112987756729e-03 1.190668158233165741e-02 3.123859502375125885e-02 1.456565689295530319e-02 2.461606450378894806e-02 2.492642216384410858e-02 1.716141961514949799e-02 3.866710467264056206e-03 2.961790002882480621e-02 8.861089125275611877e-03 3.816070500761270523e-03
5.548040568828582764e-02 4.249266535043716431e-02 2.525828406214714050e-02 1.796586625277996063e-02 1.768801175057888031e-02 5.007269605994224548e-02 1.006893813610076904e-02 3.354822471737861633e-02 1.435915939509868622e-02 6.069103721529245377e-03 2.544760331511497498e-02 1.256964448839426041e-02 8.130832910537719727e-01 2.335007302463054657e-02 3.026924282312393188e-02 2.403857372701168060e-02 2.784776315093040466e-02 9.730007877806201577e-05 1.863633049651980400e-03 1.917632669210433960e-02 6.383053550962358713e-05 1.853647641837596893e-02 2.137617208063602448e-03 2.146041020750999451e-02 1.088225562125444412e-02 1.118875760585069656e-02 9.883801452815532684e-03 3.692229976877570152e-03 1.811891049146652222e-02 1.833684928715229034e-02 2.856846898794174194e-03 2.228267258033156395e-03 8.024519775062799454e-04 8.589657023549079895e-03 4.148352891206741333e-03 7.546098902821540833e-03 2.284420281648635864e-02 3.896334441378712654e-03 1.940642669796943665e-02 2.527636848390102386e-02 3.799709677696228027e-02 7.512859068810939789e-03 2.489842101931571960e-02 2.495731599628925323e-02 9.139678440988063812e-03 1.416055485606193542e-02 6.537514925003051758e-02 9.337844327092170715e-03 4.438028205186128616e-03 9.206959046423435211e-03 1.216215826570987701e-02 1.924379728734493256e-02 2.356847748160362244e-02 2.196700684726238251e-02 7.326241116970777512e-03 1.739342138171195984e-02 7.297495612874627113e-04 7.240084931254386902e-03 1.034483034163713455e-02 2.429943345487117767e-02 3.743286244571208954e-03 9.903105907142162323e-03 5.786069668829441071e-03 1.025557285174727440e-03 1.855662278831005096e-02 3.484801575541496277e-02 5.211983807384967804e-03 1.966007426381111145e-02 1.881079375743865967e-02 1.971193961799144745e-02 1.012906897813081741e-02 3.794434666633605957e-02 2.668192982673645020e-02 1.564472541213035583e-02 3.700893744826316833e-02 3.891638666391372681e-02 2.732494473457336426e-02 2.416057512164115906e-02 2.210398949682712555e-02 1.760166510939598083e-02 1.853297464549541473e-02 3.565149009227752686e-02 9.798738174140453339e-03 1.799491420388221741e-02 8.248522877693176270e-03 1.279125735163688660e-02 1.920624449849128723e-02 3.948698565363883972e-02 7.208819501101970673e-03 3.960988018661737442e-03 4.739754647016525269e-02 8.073919452726840973e-03 2.913368493318557739e-02 4.182603582739830017e-02 1.977710798382759094e-02 2.268549427390098572e-02 1.025887671858072281e-03 1.527491863816976547e-02 9.976265020668506622e-03 3.617035457864403725e-03 8.161169476807117462e-03 7.743108086287975311e-03 3.037593327462673187e-02 1.171405706554651260e-02 1.366013102233409882e-02 3.690247191116213799e-03 2.114255679771304131e-03 4.937462043017148972e-03 1.863729022443294525e-02 8.973913267254829407e-03 2.052373997867107391e-02 1.568956114351749420e-02 2.831276040524244308e-03 2.104210853576660156e-02 3.229635581374168396e-02 1.110191829502582550e-02
