8.282005786895751953e-01 1.109125167131423950e-01 2.995777316391468048e-02 1.140259392559528351e-02 8.749228902161121368e-03 7.538741081953048706e-02 6.332211196422576904e-02 3.602378536015748978e-03 9.748342446982860565e-03 2.432635228615254164e-04 9.371729195117950439e-02 1.308168284595012665e-02 7.270186394453048706e-02 8.899680338799953461e-03 3.547418490052223206e-02 7.486629299819469452e-03 5.410174839198589325e-03 1.203757710754871368e-03 1.110566873103380203e-02 7.950201630592346191e-03 9.338330477476119995e-03 1.113391108810901642e-02 1.258598081767559052e-02 1.766340807080268860e-02 1.849138643592596054e-03 1.035403832793235779e-02 1.066987519152462482e-03 2.679203823208808899e-02 1.892904005944728851e-02 1.233462244272232056e-02 5.998345557600259781e-03 2.842485439032316208e-03 9.150386904366314411e-05 2.592846285551786423e-03 3.124849172309041023e-03 1.033612247556447983e-02 5.158602725714445114e-03 2.155970036983489990e-02 1.713276468217372894e-02 5.515255499631166458e-03 1.350003294646739960e-02 7.081207353621721268e-03 8.605168201029300690e-03 2.534126862883567810e-02 4.092603456228971481e-03 1.365539268590509892e-03 5.470621958374977112e-02 6.017928570508956909e-02 1.342484634369611740e-02 3.381417991477064788e-05 3.888690145686268806e-03 4.402454011142253876e-03 1.411605859175324440e-03 1.202864106744527817e-03 5.920770112425088882e-03 1.276351418346166611e-02 1.300347782671451569e-02 1.185277849435806274e-02 1.088524982333183289e-02 1.480284146964550018e-02 5.787148140370845795e-03 1.228348934091627598e-03 1.519122347235679626e-02 2.374856732785701752e-03 4.954594001173973083e-02 2.477975562214851379e-02 5.813219118863344193e-03 4.572103731334209442e-03 5.303025245666503906e-03 1.109942793846130371e-02 1.268382649868726730e-03 8.065090514719486237e-03 9.183523245155811310e-03 1.094885449856519699e-02 1.327854697592556477e-04 1.369785889983177185e-02 8.859747089445590973e-03 3.155896672978997231e-03 1.348012406378984451e-02 1.238699350506067276e-02 2.695385180413722992e-02 3.232752531766891479e-02 1.277196314185857773e-02 8.837887085974216461e-03 1.087250281125307083e-02 8.580457419157028198e-03 3.787745907902717590e-02 2.795438282191753387e-02 2.366676926612854004e-03 1.567268860526382923e-03 3.096600621938705444e-02 3.035274706780910492e-02 3.217994049191474915e-02 3.865249222144484520e-03 7.569780107587575912e-03 1.078234286978840828e-03 8.729965426027774811e-03 4.846788011491298676e-03 6.385168991982936859e-03 1.090664067305624485e-03 7.694154977798461914e-03 2.211921237176284194e-04 6.262731039896607399e-04 1.333419606089591980e-02 2.763782860711216927e-03 9.164722636342048645e-03 9.610488079488277435e-03 2.606686437502503395e-03 4.932061769068241119e-03 8.059354498982429504e-03 1.613906212151050568e-02 8.799404837191104889e-03 2.585634822025895119e-03 2.171827014535665512e-03 8.457612246274948120e-03 1.857427321374416351e-02
1.109125167131423950e-01 8.282005786895751953e-01 1.727796904742717743e-02 2.427089586853981018e-02 2.408021129667758942e-02 6.313543766736984253e-02 7.647351175546646118e-02 4.587681498378515244e-03 1.421506609767675400e-02 2.697171876206994057e-03 8.495924621820449829e-02 4.575436934828758240e-03 9.710780531167984009e-02 1.805741712450981140e-02 3.627114742994308472e-02 1.864178571850061417e-03 1.081053866073489189e-03 2.451658481732010841e-03 6.691946182399988174e-03 5.784636829048395157e-03 4.370058886706829071e-03 1.288785785436630249e-02 2.251151250675320625e-03 7.257866207510232925e-03 7.890313863754272461e-03 3.484526183456182480e-03 2.843468682840466499e-04 2.691482938826084137e-02 7.135708816349506378e-03 8.535934612154960632e-03 1.324227079749107361e-02 1.213223487138748169e-02 9.763347916305065155e-04 3.634769702330231667e-03 2.094979165121912956e-03 4.297801293432712555e-03 8.626269176602363586e-03 1.578410714864730835e-02 1.380879711359739304e-02 4.897539503872394562e-03 1.732615754008293152e-02 3.563775448128581047e-03 1.593132037669420242e-03 2.390285395085811615e-02 1.694397255778312683e-02 8.579158224165439606e-03 4.989589378237724304e-02 7.013992965221405029e-02 4.003700800240039825e-03 1.283822488039731979e-02 7.191913202404975891e-03 9.015442337840795517e-04 7.853135466575622559e-03 1.499918871559202671e-03 4.512314219027757645e-03 1.811638660728931427e-02 1.922190748155117035e-02 6.208130624145269394e-03 1.317413337528705597e-02 1.237317733466625214e-02 8.446085266768932343e-03 3.698045155033469200e-03 7.544536609202623367e-03 1.555642229504883289e-03 4.304575175046920776e-02 3.115483932197093964e-02 1.495945174247026443e-02 7.463416084647178650e-03 7.043011952191591263e-03 8.808352984488010406e-03 4.195482935756444931e-03 1.020656526088714600e-02 1.476348552387207747e-04 2.573475707322359085e-03 6.396106909960508347e-03 1.294381450861692429e-03 1.963906735181808472e-02 6.087680347263813019e-03 1.282299589365720749e-02 1.734859310090541840e-02 6.926965899765491486e-03 2.070100046694278717e-02 1.810409501194953918e-02 7.375347893685102463e-03 4.553690552711486816e-03 6.158212781883776188e-04 2.666582539677619934e-02 1.527849026024341583e-02 1.263189013116061687e-03 8.321620523929595947e-03 1.397275272756814957e-02 2.137002721428871155e-02 3.745833784341812134e-02 4.550239536911249161e-03 2.779418369755148888e-03 1.990285381907597184e-04 7.195457350462675095e-03 4.132249392569065094e-03 1.697100140154361725e-02 9.017301490530371666e-04 2.809221623465418816e-03 8.999859914183616638e-03 4.145461600273847580e-03 7.897079922258853912e-03 4.997563548386096954e-03 8.469117805361747742e-03 1.082917093299329281e-03 2.551579615101218224e-03 9.885992622002959251e-04 4.761131480336189270e-03 8.652323856949806213e-03 8.169367909431457520e-03 1.353484019637107849e-02 4.390040878206491470e-03 3.432620782405138016e-03 1.383148692548274994e-02
2.995777316391468048e-02 1.727796904742717743e-02 8.282005786895751953e-01 1.179673708975315094e-03 5.095558241009712219e-03 1.224136818200349808e-02 1.166118029505014420e-02 5.254871398210525513e-02 6.319895386695861816e-03 1.035967216012068093e-04 3.570913523435592651e-02 2.140319906175136566e-03 3.443249966949224472e-03 1.122967433184385300e-02 4.363685846328735352e-02 6.056360900402069092e-03 6.991309579461812973e-03 2.671065740287303925e-04 1.179795898497104645e-02 4.528693389147520065e-03 2.503301016986370087e-02 2.615891583263874054e-02 1.088031381368637085e-02 1.004268322139978409e-02 3.901992458850145340e-04 8.333849720656871796e-03 5.681843031197786331e-03 4.226310178637504578e-03 6.667919456958770752e-03 7.447763346135616302e-03 1.986322691664099693e-03 4.717906937003135681e-03 1.883179135620594025e-02 1.051072310656309128e-02 2.173910662531852722e-02 6.807089317589998245e-03 1.110348105430603027e-02 3.398025035858154297e-02 9.507233276963233948e-03 1.660481467843055725e-02 9.314734488725662231e-03 2.699520846363157034e-04 5.322922952473163605e-03 1.378709857817739248e-04 1.954348571598529816e-02 6.181349046528339386e-03 1.148027088493108749e-02 1.193130947649478912e-02 3.317102324217557907e-03 8.612034842371940613e-03 7.533206604421138763e-03 1.298909541219472885e-03 3.592846449464559555e-03 1.442355196923017502e-02 4.732106812298297882e-03 7.910883054137229919e-03 4.527399316430091858e-03 1.752168685197830200e-02 4.242790397256612778e-03 2.870491892099380493e-02 9.349198080599308014e-03 4.976463038474321365e-03 5.586249008774757385e-02 1.997363939881324768e-02 8.264116942882537842e-03 1.195962075144052505e-02 9.585439227521419525e-03 1.875505223870277405e-02 4.848903510719537735e-03 3.269366919994354248e-02 2.455999376252293587e-03 2.533414959907531738e-02 2.085089916363358498e-03 3.794827312231063843e-02 1.483097765594720840e-02 4.238139465451240540e-02 6.773416418582201004e-03 4.628560505807399750e-03 5.933638196438550949e-03 7.818202138878405094e-04 8.425042033195495605e-02 6.944740563631057739e-02 3.566372673958539963e-03 1.304598059505224228e-02 1.238465495407581329e-02 8.172416128218173981e-04 5.634211003780364990e-02 5.703642219305038452e-02 9.815478697419166565e-03 1.071466039866209030e-02 6.298092193901538849e-04 4.893733561038970947e-02 5.030961474403738976e-04 3.574381768703460693e-02 2.337482757866382599e-03 9.312504902482032776e-03 1.766147091984748840e-03 2.107330225408077240e-02 2.802531234920024872e-03 1.838163007050752640e-03 9.939483366906642914e-03 2.678492804989218712e-03 1.613585092127323151e-02 3.582313284277915955e-02 1.148472423665225506e-03 1.952857337892055511e-02 1.450717356055974960e-02 1.727609522640705109e-02 9.523583576083183289e-03 3.403459861874580383e-02 3.601473569869995117e-02 3.457564488053321838e-02 1.153089944273233414e-02 4.946709144860506058e-03 7.906741811893880367e-04 3.667072951793670654e-02
1.140259392559528351e-02 2.427089586853981018e-02 1.179673708975315094e-03 8.282005786895751953e-01 7.401996850967407227e-02 1.002700999379158020e-02 2.137998118996620178e-02 2.110259793698787689e-02 5.069601349532604218e-03 6.305438582785427570e-04 5.490588024258613586e-03 6.676462944597005844e-03 8.531103841960430145e-03 1.813926734030246735e-02 6.413750816136598587e-03 2.091884985566139221e-02 2.075199782848358154e-02 2.804593183100223541e-02 1.594720035791397095e-02 1.384957879781723022e-02 3.303628880530595779e-03 2.721545845270156860e-02 1.405756454914808273e-02 1.082909293472766876e-02 8.500478230416774750e-03 2.360694296658039093e-02 5.725844675907865167e-05 4.994720220565795898e-04 1.086252182722091675e-02 1.850781962275505066e-02 4.511931911110877991e-03 1.288196537643671036e-03 3.255432099103927612e-02 1.704460009932518005e-02 2.592622116208076477e-02 6.890321150422096252e-03 4.140509292483329773e-03 1.199720334261655807e-02 4.602026566863059998e-02 4.124362021684646606e-02 6.918703671544790268e-03 1.160094328224658966e-02 2.586956834420561790e-03 1.789615303277969360e-02 2.672243863344192505e-02 8.184942416846752167e-03 1.309830322861671448e-02 1.063537318259477615e-02 1.497324276715517044e-02 8.165584877133369446e-03 5.561313126236200333e-03 1.959953457117080688e-02 1.534504257142543793e-02 2.890246175229549408e-02 2.783829532563686371e-02 1.182132679969072342e-02 2.751376107335090637e-02 3.286604210734367371e-02 1.524906232953071594e-02 2.634449489414691925e-02 3.713552653789520264e-02 4.018226638436317444e-02 1.265315618366003036e-02 1.449375040829181671e-02 1.908154110424220562e-03 7.664591539651155472e-03 1.119608152657747269e-02 6.160628516227006912e-03 3.215569630265235901e-02 1.152927335351705551e-02 1.950754970312118530e-02 1.732777454890310764e-03 5.308390408754348755e-02 2.458801120519638062e-02 3.564749658107757568e-02 6.838815752416849136e-03 2.200591377913951874e-02 4.584125243127346039e-03 1.701966114342212677e-02 8.078802376985549927e-03 9.888832457363605499e-03 1.504944451153278351e-02 4.020703211426734924e-02 3.730046376585960388e-02 3.101417561993002892e-03 1.225513685494661331e-02 1.213936950080096722e-03 6.214031949639320374e-03 1.089734863489866257e-02 7.940364070236682892e-03 1.353492407361045480e-04 7.798118051141500473e-03 8.188946172595024109e-03 5.252143368124961853e-03 1.760119386017322540e-02 3.723500529304146767e-03 2.581692673265933990e-02 2.314853109419345856e-02 1.314523257315158844e-02 8.655401878058910370e-03 6.607342511415481567e-03 5.781379528343677521e-03 2.202622778713703156e-02 2.391655556857585907e-02 1.594959199428558350e-02 1.470437459647655487e-02 6.086316425353288651e-03 3.313975408673286438e-02 2.872430486604571342e-03 2.074014581739902496e-02 8.708919398486614227e-03 3.541149897500872612e-03 2.139567211270332336e-02 1.971498422790318727e-04 4.674632102251052856e-03 2.357517136260867119e-03
8.749228902161121368e-03 2.408021129667758942e-02 5.095558241009712219e-03 7.401996850967407227e-02 8.282005786895751953e-01 7.848458364605903625e-03 2.319077588617801666e-02 1.066192425787448883e-02 1.259667798876762390e-02 1.386992633342742920e-02 3.189534181728959084e-03 2.098310040310025215e-03 1.921543665230274200e-02 1.455418299883604050e-02 1.619534566998481750e-03 2.277233824133872986e-02 3.282425552606582642e-02 1.625172607600688934e-02 2.967045642435550690e-02 5.669084494002163410e-04 7.054339163005352020e-03 1.115023903548717499e-02 1.937119849026203156e-02 8.710561320185661316e-03 4.399345722049474716e-03 2.021928131580352783e-02 9.880203753709793091e-03 9.761564433574676514e-03 6.733925547450780869e-03 2.713139168918132782e-03 3.550530876964330673e-03 1.783658750355243683e-02 2.917256765067577362e-02 4.565366252791136503e-04 2.383788675069808960e-02 7.785894908010959625e-03 1.631034538149833679e-02 6.998550612479448318e-03 2.894682809710502625e-02 3.725848719477653503e-02 4.154276102781295776e-03 1.868598163127899170e-02 7.760792039334774017e-03 6.394471856765449047e-04 2.742552012205123901e-02 3.162671579048037529e-03 1.180788129568099976e-02 8.842597715556621552e-03 1.690747588872909546e-02 4.121956881135702133e-03 5.067228339612483978e-03 1.649449579417705536e-02 1.665694639086723328e-02 2.294802106916904449e-02 2.385423704981803894e-02 9.749318473041057587e-03 2.259145304560661316e-02 2.551455609500408173e-02 2.167567424476146698e-02 1.567531377077102661e-02 3.585937991738319397e-02 4.221184551715850830e-02 1.946803182363510132e-02 2.385462261736392975e-02 3.906663972884416580e-03 2.900545368902385235e-04 2.269256301224231720e-02 2.941238693892955780e-03 4.327328875660896301e-02 4.388314671814441681e-03 3.754380345344543457e-02 7.019405718892812729e-03 3.693667799234390259e-02 7.405610755085945129e-03 3.722080215811729431e-02 3.338490845635533333e-03 3.039720654487609863e-02 1.897305250167846680e-02 1.745653897523880005e-02 1.156389806419610977e-02 7.277464959770441055e-03 2.639853162690997124e-03 3.186299279332160950e-02 6.198884546756744385e-02 1.733011007308959961e-02 1.869999431073665619e-02 6.092138588428497314e-03 8.659602142870426178e-03 1.972755417227745056e-02 7.886328239692375064e-05 2.715565031394362450e-03 5.766775459051132202e-03 5.568743217736482620e-03 1.160975452512502670e-02 1.494784001260995865e-02 6.559680216014385223e-03 1.226560398936271667e-02 1.084880251437425613e-02 1.517193112522363663e-02 1.208851765841245651e-02 3.576808376237750053e-03 7.837463170289993286e-03 4.032644908875226974e-03 1.648780331015586853e-02 7.851658388972282410e-03 1.845087297260761261e-02 1.712683355435729027e-03 2.729432471096515656e-02 1.898949965834617615e-03 1.613545976579189301e-02 3.446381771937012672e-03 1.002864330075681210e-03 3.061520867049694061e-02 2.845016773790121078e-03 9.357142262160778046e-03 4.099870100617408752e-03
7.538741081953048706e-02 6.313543766736984253e-02 1.224136818200349808e-02 1.002700999379158020e-02 7.848458364605903625e-03 8.282005786895751953e-01 9.791401773691177368e-02 2.164607681334018707e-02 1.335159596055746078e-02 8.049772586673498154e-04 4.839720204472541809e-02 4.584955424070358276e-02 3.033712878823280334e-02 4.118951037526130676e-02 1.216192916035652161e-02 4.468832630664110184e-04 2.156364032998681068e-03 1.052125450223684311e-02 3.486743895336985588e-03 1.799382851459085941e-03 2.539917826652526855e-03 3.583895042538642883e-03 1.590204052627086639e-02 1.850581355392932892e-02 6.282153539359569550e-03 9.711408056318759918e-03 5.014145281165838242e-03 1.735052280128002167e-02 2.327791647985577583e-03 1.565610989928245544e-02 1.313973870128393173e-02 8.409590460360050201e-03 1.474284916184842587e-03 5.964979529380798340e-03 5.077939480543136597e-03 9.256429970264434814e-03 1.262078527361154556e-02 2.679344080388545990e-02 1.608580723404884338e-02 1.479050703346729279e-02 3.456077724695205688e-02 8.115970995277166367e-04 9.544546483084559441e-04 2.734886668622493744e-02 4.172930028289556503e-03 2.001847140491008759e-03 5.173499882221221924e-02 5.237504094839096069e-02 5.294566042721271515e-03 1.077114883810281754e-02 6.282174028456211090e-03 2.659267187118530273e-02 3.512062598019838333e-03 1.175387948751449585e-02 5.988717894069850445e-04 1.134996395558118820e-02 8.318730629980564117e-03 7.678876165300607681e-03 1.270399149507284164e-02 3.490427741780877113e-03 1.114560663700103760e-02 2.120687160640954971e-03 4.332339391112327576e-03 1.644394011236727238e-03 2.582757920026779175e-02 5.736422725021839142e-03 5.551270674914121628e-03 8.793136104941368103e-03 1.104273367673158646e-02 1.171202491968870163e-02 1.579000987112522125e-02 1.471229270100593567e-02 4.550835583359003067e-03 8.503202348947525024e-03 1.798886060714721680e-02 1.134931389242410660e-02 1.283075008541345596e-02 2.100273035466670990e-03 5.826950538903474808e-03 1.082693971693515778e-02 1.250710245221853256e-02 1.373774558305740356e-02 7.347612176090478897e-03 5.194177385419607162e-03 3.006226615980267525e-04 4.044663510285317898e-04 1.272312365472316742e-02 2.155113965272903442e-02 4.199454560875892639e-02 2.597757987678050995e-02 1.963137835264205933e-02 1.342213246971368790e-02 1.753533072769641876e-02 1.867082528769969940e-02 1.300860545597970486e-03 1.254811882972717285e-02 7.772545330226421356e-03 1.909801736474037170e-02 9.300035424530506134e-03 3.488125978037714958e-03 1.722258701920509338e-02 6.693192757666110992e-03 1.326224417425692081e-03 2.163765020668506622e-02 8.098470978438854218e-03 5.993282888084650040e-03 3.367749974131584167e-03 1.604393240995705128e-03 6.744647864252328873e-03 1.323646772652864456e-02 1.234942954033613205e-02 1.136114541441202164e-02 5.401758942753076553e-03 1.726008392870426178e-02 1.193802524358034134e-02 4.134412389248609543e-03
6.332211196422576904e-02 7.647351175546646118e-02 1.166118029505014420e-02 2.137998118996620178e-02 2.319077588617801666e-02 9.791401773691177368e-02 8.282005786895751953e-01 1.483359141275286674e-03 7.718617562204599380e-04 1.135444268584251404e-02 5.252893641591072083e-02 3.599165380001068115e-02 5.031092092394828796e-02 5.532788112759590149e-02 9.388857521116733551e-03 1.656895619817078114e-03 6.329501047730445862e-05 1.420450396835803986e-03 3.273048903793096542e-03 8.827935904264450073e-03 6.532375235110521317e-03 3.573636291548609734e-03 1.583196036517620087e-02 2.010592259466648102e-02 3.303257748484611511e-03 5.064496770501136780e-03 1.641012728214263916e-02 2.179881371557712555e-02 1.606560498476028442e-02 1.284130010753870010e-02 1.491693034768104553e-02 1.504084002226591110e-02 4.792146384716033936e-03 6.042181514203548431e-03 6.644278764724731445e-03 1.127302274107933044e-02 9.436701424419879913e-03 1.618456840515136719e-02 1.744767464697360992e-02 1.313010510057210922e-02 3.239700570702552795e-02 8.623937144875526428e-03 1.552199944853782654e-02 2.680592983961105347e-02 2.635860815644264221e-02 1.473685912787914276e-02 3.419647738337516785e-02 5.753487348556518555e-02 8.192921988666057587e-03 9.222778491675853729e-03 1.796269789338111877e-02 1.937275938689708710e-02 9.454241953790187836e-04 1.349544990807771683e-02 1.709326170384883881e-02 3.627558005973696709e-03 1.634182262932881713e-04 1.302355551160871983e-03 1.573646813631057739e-02 4.377095028758049011e-03 7.342569297179579735e-04 1.834874623455107212e-03 5.328303202986717224e-03 3.317375667393207550e-03 2.519052103161811829e-02 1.082086004316806793e-02 2.105672284960746765e-02 5.447324365377426147e-03 2.570871030911803246e-03 3.872220171615481377e-03 9.821264073252677917e-03 1.154798269271850586e-02 1.482893247157335281e-02 6.700601079501211643e-04 2.155450358986854553e-02 4.232648294419050217e-03 3.721474902704358101e-03 4.908035974949598312e-03 3.691241436172276735e-04 8.012472651898860931e-03 1.106348168104887009e-02 1.187352463603019714e-02 1.625168509781360626e-02 2.054537646472454071e-02 1.637500897049903870e-02 1.720749028027057648e-02 9.273074567317962646e-03 1.249061431735754013e-02 4.279025271534919739e-02 3.013583458960056305e-02 3.671095008030533791e-03 1.125737559050321579e-02 1.701089553534984589e-03 1.678036153316497803e-02 1.395500078797340393e-02 1.951713301241397858e-02 5.343381315469741821e-03 9.752296842634677887e-03 2.331950329244136810e-02 6.530900951474905014e-03 7.112408522516489029e-03 6.216758396476507187e-03 2.111259847879409790e-03 1.456397213041782379e-02 4.727352876216173172e-03 6.848593708127737045e-03 4.226497374475002289e-03 9.466757997870445251e-03 1.423333398997783661e-02 9.569493122398853302e-03 9.963808581233024597e-03 4.467113874852657318e-03 6.180506316013634205e-04 2.464444003999233246e-02 4.468002822250127792e-03 3.655944252386689186e-03
3.602378536015748978e-03 4.587681498378515244e-03 5.254871398210525513e-02 2.110259793698787689e-02 1.066192425787448883e-02 2.164607681334018707e-02 1.483359141275286674e-03 8.282005786895751953e-01 2.748734317719936371e-03 1.877163653261959553e-03 2.481224015355110168e-02 5.966661032289266586e-03 1.330634765326976776e-02 6.195866502821445465e-03 4.248720034956932068e-02 1.046864688396453857e-02 6.526975776068866253e-04 3.688192460685968399e-03 1.999505562707781792e-03 3.338704584166407585e-03 9.264270775020122528e-03 1.346757262945175171e-02 8.374072611331939697e-03 5.748944357037544250e-03 2.967533189803361893e-03 1.962777227163314819e-02 3.521854430437088013e-02 6.040308624505996704e-03 1.139921508729457855e-02 9.212740696966648102e-04 1.712387055158615112e-02 4.736905917525291443e-03 2.626987732946872711e-02 1.241198368370532990e-02 1.946450397372245789e-02 2.258425811305642128e-03 1.240186206996440887e-02 8.103337138891220093e-03 2.249314449727535248e-02 3.836183995008468628e-02 1.670520938932895660e-02 5.933461245149374008e-03 5.444457754492759705e-03 6.721510086208581924e-03 1.449519861489534378e-02 5.974105559289455414e-03 1.524648163467645645e-03 1.647520810365676880e-02 8.528969250619411469e-03 2.394932322204113007e-02 1.389419008046388626e-02 2.499146014451980591e-02 1.515511050820350647e-02 2.345639467239379883e-02 6.325971335172653198e-03 1.054675877094268799e-02 1.444228366017341614e-02 2.682236209511756897e-02 1.562918163836002350e-02 3.082733228802680969e-02 1.084689237177371979e-02 9.212778881192207336e-03 2.760887704789638519e-02 1.368844509124755859e-02 1.680876128375530243e-02 2.593919821083545685e-02 5.356326699256896973e-03 7.292452268302440643e-03 4.394554998725652695e-03 2.975065447390079498e-02 1.177443005144596100e-02 2.783494070172309875e-02 2.150909230113029480e-02 2.077398635447025299e-02 2.087189443409442902e-02 3.416187688708305359e-02 4.336134996265172958e-03 6.101063452661037445e-03 1.212344039231538773e-02 2.033716067671775818e-03 6.060251221060752869e-02 5.134817212820053101e-02 1.202440541237592697e-02 4.588668234646320343e-03 3.512420458719134331e-03 1.253487449139356613e-02 3.778411075472831726e-02 3.988642245531082153e-02 5.660387687385082245e-04 1.648689620196819305e-03 1.430344115942716599e-02 2.882203646004199982e-02 4.807075951248407364e-03 3.543062508106231689e-02 7.248190697282552719e-03 1.521058566868305206e-02 7.768662180751562119e-03 5.670643877238035202e-03 9.403069503605365753e-03 1.631533913314342499e-02 1.796265318989753723e-02 2.481342526152729988e-03 4.238666966557502747e-03 2.037151902914047241e-02 1.702135615050792694e-02 1.067768875509500504e-02 4.956668242812156677e-03 2.302040532231330872e-02 1.524614822119474411e-02 4.184052348136901855e-02 1.536585669964551926e-02 2.519072778522968292e-02 6.235989276319742203e-03 2.999570220708847046e-03 1.319983694702386856e-02 1.238876115530729294e-02
9.748342446982860565e-03 1.421506609767675400e-02 6.319895386695861816e-03 5.069601349532604218e-03 1.259667798876762390e-02 1.335159596055746078e-02 7.718617562204599380e-04 2.748734317719936371e-03 8.282005786895751953e-01 5.177775025367736816e-02 5.299257114529609680e-03 4.878619313240051270e-02 3.112057037651538849e-02 3.047050349414348602e-02 4.080384504050016403e-03 2.893743664026260376e-02 2.782049588859081268e-02 4.696565866470336914e-02 1.861716248095035553e-02 8.157103438861668110e-04 8.321563713252544403e-03 6.158025469630956650e-03 3.733330965042114258e-02 3.576948866248130798e-02 2.791640581563115120e-03 1.163038983941078186e-02 1.051384676247835159e-02 2.121801674365997314e-02 7.858819328248500824e-03 6.667511072009801865e-03 1.901517994701862335e-02 1.847769878804683685e-02 4.888833034783601761e-03 5.626319441944360733e-03 1.689767651259899139e-02 7.962270639836788177e-03 2.359041245654225349e-04 1.818677224218845367e-02 2.277322113513946533e-03 3.696775762364268303e-03 2.362926490604877472e-02 4.474278539419174194e-02 1.153795514255762100e-02 1.222059410065412521e-02 3.819425776600837708e-02 1.625897735357284546e-02 1.286425348371267319e-02 1.925161667168140411e-02 4.470159858465194702e-02 2.337855659425258636e-02 2.267268672585487366e-02 2.821031026542186737e-02 8.461146615445613861e-03 1.944153383374214172e-02 5.030165240168571472e-02 2.645506709814071655e-02 2.175529114902019501e-02 9.114176034927368164e-03 3.777508856728672981e-03 2.044369094073772430e-02 2.038067393004894257e-02 3.479756647720932961e-03 6.017545703798532486e-03 1.662958040833473206e-02 2.304133959114551544e-02 2.607707120478153229e-02 4.794310079887509346e-04 8.991928771138191223e-04 3.852457925677299500e-02 3.981207963079214096e-03 2.550442703068256378e-02 1.152203790843486786e-02 1.107509946450591087e-03 5.715129896998405457e-03 1.095284335315227509e-02 5.317155155353248119e-04 6.504804641008377075e-02 3.823448345065116882e-02 4.827681183815002441e-02 3.232227265834808350e-02 2.874148311093449593e-03 2.437644638121128082e-02 3.845811635255813599e-02 1.693309098482131958e-02 8.777663111686706543e-03 1.127100642770528793e-02 1.120948139578104019e-02 1.916711032390594482e-02 3.004845604300498962e-02 2.658531535416841507e-03 5.702762398868799210e-03 1.182092167437076569e-02 2.512984722852706909e-02 7.847061380743980408e-03 1.037318492308259010e-03 2.884918591007590294e-03 8.367466740310192108e-03 6.394708529114723206e-03 4.701755940914154053e-02 2.632806263864040375e-02 4.769480787217617035e-03 1.943014189600944519e-02 7.694072555750608444e-03 1.255089975893497467e-02 5.741578526794910431e-03 1.702062413096427917e-02 1.197465136647224426e-02 1.210355106741189957e-02 9.649497456848621368e-03 2.006714418530464172e-02 5.757783656008541584e-04 4.057942423969507217e-03 1.843391801230609417e-03 9.156726300716400146e-03 2.601075917482376099e-03 1.377719826996326447e-02
2.432635228615254164e-04 2.697171876206994057e-03 1.035967216012068093e-04 6.305438582785427570e-04 1.386992633342742920e-02 8.049772586673498154e-04 1.135444268584251404e-02 1.877163653261959553e-03 5.177775025367736816e-02 8.282005786895751953e-01 7.972805178724229336e-04 1.862970739603042603e-02 1.736761629581451416e-02 1.549404207617044449e-02 3.517848672345280647e-03 3.373496234416961670e-02 4.348434880375862122e-02 2.465447597205638885e-02 4.605075716972351074e-02 1.085218414664268494e-02 1.948470808565616608e-02 9.830809198319911957e-03 3.230386972427368164e-02 3.597388789057731628e-02 2.389939874410629272e-02 2.547224424779415131e-02 5.914990324527025223e-03 1.016897335648536682e-02 1.181549951434135437e-02 7.969811558723449707e-03 2.327842637896537781e-02 2.237124741077423096e-02 1.140059716999530792e-02 2.727136015892028809e-02 1.162068638950586319e-02 4.035343416035175323e-03 2.384344302117824554e-02 1.821384951472282410e-02 1.593305729329586029e-02 1.214414089918136597e-02 2.103799581527709961e-02 2.800932340323925018e-02 3.128594160079956055e-02 2.041050791740417480e-02 2.904194779694080353e-02 1.839346252381801605e-02 8.560816757380962372e-03 1.896044053137302399e-02 2.934656105935573578e-02 4.471598938107490540e-02 2.734808437526226044e-02 2.197746001183986664e-02 5.373131949454545975e-03 2.049774862825870514e-03 3.300374373793601990e-02 4.858977720141410828e-02 2.768433885648846626e-03 6.201915908604860306e-03 3.487869631499052048e-03 7.205697707831859589e-03 1.583147095516324043e-03 1.117775030434131622e-02 8.509372361004352570e-03 1.817625015974044800e-02 1.820577681064605713e-02 2.056342922151088715e-02 1.167595107108354568e-02 1.875959523022174835e-02 1.814614422619342804e-02 1.682449830695986748e-03 2.716199867427349091e-02 1.136196660809218884e-03 1.093725766986608505e-02 5.480076186358928680e-03 2.259803470224142075e-03 3.404912538826465607e-03 2.611085399985313416e-02 6.169876456260681152e-02 3.737016022205352783e-02 5.068734288215637207e-02 4.642576910555362701e-03 1.686646789312362671e-02 2.634107880294322968e-02 3.964071720838546753e-02 2.106515690684318542e-02 2.840231172740459442e-02 1.308635063469409943e-02 1.239866018295288086e-02 6.305519025772809982e-03 5.889221560209989548e-03 5.901800934225320816e-03 7.160910405218601227e-03 2.228547632694244385e-02 3.930416889488697052e-03 1.307499408721923828e-02 2.509028837084770203e-02 1.345310173928737640e-02 1.666511222720146179e-02 4.573088884353637695e-02 3.627153858542442322e-02 3.467557486146688461e-03 2.600625623017549515e-03 1.987590640783309937e-02 1.022913400083780289e-02 1.095342077314853668e-02 1.695490209385752678e-03 1.155310077592730522e-03 1.738682389259338379e-02 1.142999157309532166e-02 2.007517591118812561e-02 7.370811654254794121e-04 7.157047744840383530e-03 1.617789268493652344e-02 3.944175690412521362e-02 1.016332861036062241e-02 1.378631405532360077e-02
9.371729195117950439e-02 8.495924621820449829e-02 3.570913523435592651e-02 5.490588024258613586e-03 3.189534181728959084e-03 4.839720204472541809e-02 5.252893641591072083e-02 2.481224015355110168e-02 5.299257114529609680e-03 7.972805178724229336e-04 8.282005786895751953e-01 6.424334831535816193e-03 6.857274472713470459e-02 5.698310211300849915e-03 3.104241378605365753e-02 3.615694120526313782e-03 8.484719321131706238e-03 3.899117466062307358e-03 8.134714327752590179e-03 2.119839889928698540e-03 7.858697324991226196e-03 8.928369730710983276e-03 2.253458136692643166e-03 1.548866566736251116e-04 5.721779074519872665e-03 6.457682233303785324e-03 3.521434264257550240e-04 6.011349149048328400e-03 3.163343667984008789e-02 2.705083752516657114e-04 2.077346481382846832e-02 2.950800815597176552e-03 2.943963336292654276e-04 3.424270544201135635e-03 3.802443621680140495e-03 7.604437880218029022e-03 1.338637154549360275e-02 3.141455352306365967e-02 1.778392307460308075e-02 3.529073670506477356e-03 1.318243518471717834e-02 8.236778900027275085e-03 1.477812649682164192e-03 3.532857447862625122e-02 1.107693370431661606e-02 8.984477026388049126e-04 4.924106225371360779e-02 5.858673527836799622e-02 3.571676556020975113e-03 4.985763225704431534e-03 1.201103790663182735e-03 2.017081016674637794e-03 3.941421397030353546e-03 9.078695438802242279e-03 4.439697135239839554e-03 5.571540910750627518e-03 8.538432419300079346e-03 1.710129715502262115e-02 1.834591291844844818e-02 2.369596995413303375e-02 3.462478518486022949e-03 8.277408778667449951e-03 2.027077414095401764e-02 4.541200120002031326e-03 6.657718122005462646e-02 4.226057976484298706e-02 3.543528728187084198e-03 3.750278381630778313e-03 5.291388835757970810e-03 1.639798469841480255e-02 8.405772969126701355e-03 5.613678600639104843e-03 9.488346055150032043e-03 9.211146272718906403e-03 9.632331319153308868e-03 1.186035852879285812e-02 4.765778779983520508e-03 4.130875691771507263e-03 7.324496284127235413e-03 3.890067804604768753e-03 4.062715917825698853e-02 3.600932657718658447e-02 1.661056093871593475e-02 3.385005285963416100e-03 6.559563800692558289e-03 5.371559527702629566e-04 5.180326849222183228e-02 2.321203984320163727e-02 7.704557850956916809e-03 6.132811307907104492e-03 3.982006013393402100e-02 3.656028583645820618e-02 2.507051266729831696e-02 5.058009177446365356e-03 1.531176641583442688e-02 7.657211739569902420e-03 6.576503627002239227e-03 1.556686591356992722e-02 7.353610126301646233e-04 2.207592333434149623e-04 2.387952618300914764e-02 7.845789194107055664e-03 2.594552352093160152e-04 3.686401247978210449e-02 4.188529215753078461e-03 8.460084791295230389e-04 1.925040967762470245e-02 6.822498515248298645e-03 1.138398796319961548e-02 1.749936863780021667e-02 2.064032480120658875e-02 3.089412814006209373e-03 6.029947195202112198e-03 2.258374355733394623e-03 2.938574738800525665e-02 2.905666362494230270e-03
1.308168284595012665e-02 4.575436934828758240e-03 2.140319906175136566e-03 6.676462944597005844e-03 2.098310040310025215e-03 4.584955424070358276e-02 3.599165380001068115e-02 5.966661032289266586e-03 4.878619313240051270e-02 1.862970739603042603e-02 6.424334831535816193e-03 8.282005786895751953e-01 2.131196297705173492e-02 7.164805382490158081e-02 1.248942594975233078e-02 1.318744570016860962e-02 1.757143996655941010e-02 1.995998993515968323e-02 7.688163896091282368e-04 8.876476436853408813e-03 6.625676993280649185e-03 9.644505567848682404e-03 2.779729105532169342e-02 2.317093126475811005e-02 1.350639108568429947e-02 9.970387909561395645e-04 2.094345167279243469e-03 4.925655201077461243e-02 1.210332754999399185e-02 3.652742132544517517e-02 2.347615547478199005e-02 2.318960148841142654e-03 1.361994352191686630e-02 1.670161262154579163e-02 2.157390862703323364e-02 4.680445999838411808e-04 1.596528291702270508e-02 2.816612087190151215e-02 1.151719316840171814e-02 1.536850538104772568e-02 3.280387073755264282e-02 2.801761403679847717e-02 6.148097570985555649e-03 3.219165280461311340e-02 4.537025094032287598e-02 3.992563858628273010e-02 4.015143029391765594e-03 6.343125365674495697e-03 4.687992390245199203e-03 8.000575006008148193e-03 2.085761539638042450e-02 2.500896900892257690e-02 2.027410827577114105e-02 2.998523041605949402e-02 8.734270930290222168e-03 3.348849015310406685e-03 6.568057928234338760e-03 1.206008251756429672e-02 4.192302934825420380e-03 2.469832636415958405e-02 2.418525749817490578e-03 6.142312660813331604e-03 4.892345517873764038e-03 4.860221408307552338e-03 9.583409875631332397e-03 3.321822360157966614e-02 1.029550470411777496e-02 2.205009385943412781e-02 1.679977960884571075e-02 1.645652391016483307e-02 1.379858702421188354e-02 8.151456713676452637e-03 9.476241539232432842e-04 7.147414144128561020e-03 2.747619291767477989e-03 4.340856801718473434e-03 4.095041379332542419e-02 2.692880481481552124e-02 3.394285589456558228e-02 1.818187907338142395e-02 1.529798470437526703e-02 1.615615561604499817e-02 2.965926425531506538e-03 7.454105187207460403e-03 3.394979576114565134e-04 3.469573799520730972e-03 2.656525932252407074e-03 2.526900172233581543e-02 4.070774838328361511e-02 2.503142319619655609e-02 1.439273357391357422e-02 6.827033590525388718e-03 2.088758163154125214e-02 3.511463850736618042e-02 1.268152333796024323e-02 1.514062192291021347e-02 3.567901439964771271e-03 6.461773067712783813e-03 2.215779013931751251e-02 4.632160998880863190e-03 6.331083364784717560e-03 1.915868930518627167e-02 2.472800901159644127e-03 1.901912875473499298e-02 1.437152363359928131e-02 2.021027170121669769e-02 2.659951522946357727e-02 2.004534378647804260e-02 2.314523607492446899e-02 1.899774931371212006e-02 2.140952972695231438e-03 8.494324050843715668e-03 4.646178334951400757e-03 4.707790503744035959e-04 8.071983233094215393e-03 1.238169427961111069e-02
7.270186394453048706e-02 9.710780531167984009e-02 3.443249966949224472e-03 8.531103841960430145e-03 1.921543665230274200e-02 3.033712878823280334e-02 5.031092092394828796e-02 1.330634765326976776e-02 3.112057037651538849e-02 1.736761629581451416e-02 6.857274472713470459e-02 2.131196297705173492e-02 8.282005786895751953e-01 6.039657746441662312e-04 3.018435090780258179e-02 1.141097978688776493e-03 4.282168578356504440e-03 8.661122992634773254e-03 4.206694662570953369e-03 1.089060213416814804e-02 8.088501170277595520e-03 1.514331065118312836e-02 4.985340870916843414e-03 7.317311130464076996e-03 6.534935906529426575e-03 2.520328853279352188e-03 3.672118531540036201e-03 3.290348500013351440e-02 2.188346907496452332e-02 1.627436839044094086e-02 4.077013581991195679e-02 8.566107600927352905e-03 4.653367432183586061e-05 9.340090677142143250e-03 1.107639353722333908e-02 8.512167842127382755e-04 1.589158922433853149e-02 4.493056796491146088e-03 6.911953678354620934e-04 6.322277709841728210e-03 4.904966801404953003e-03 1.375180855393409729e-02 5.582078592851758003e-04 4.459023009985685349e-03 2.878176793456077576e-02 1.073687430471181870e-02 5.134613066911697388e-02 7.017867267131805420e-02 4.096587654203176498e-03 1.344516593962907791e-02 1.957615092396736145e-02 6.831010803580284119e-03 1.402763836085796356e-02 1.970378495752811432e-02 2.372611314058303833e-03 1.138622500002384186e-02 9.183707647025585175e-03 1.754441484808921814e-02 2.668766304850578308e-02 3.391090780496597290e-02 1.128242351114749908e-03 1.066587585955858231e-02 4.484964068979024887e-03 1.608714810572564602e-03 5.138092115521430969e-02 6.177303567528724670e-02 1.084416732192039490e-02 7.028636988252401352e-03 2.179195173084735870e-03 1.742151565849781036e-02 9.433061932213604450e-04 1.289667654782533646e-02 1.385435182601213455e-02 4.380682017654180527e-03 7.241710089147090912e-03 1.289169024676084518e-02 2.325156144797801971e-02 1.269074622541666031e-02 1.688459143042564392e-02 2.152997069060802460e-02 3.372790757566690445e-03 2.068426087498664856e-02 9.885680861771106720e-03 1.420804299414157867e-02 9.058882482349872589e-03 2.324221190065145493e-03 2.422235161066055298e-02 2.195191010832786560e-02 1.070663216523826122e-03 1.964899711310863495e-02 3.076043352484703064e-02 1.363989803940057755e-02 5.157593637704849243e-02 1.558778248727321625e-02 1.982004148885607719e-03 7.502845954149961472e-03 4.461306612938642502e-03 1.110882684588432312e-02 2.426847256720066071e-02 6.663330830633640289e-03 3.526791115291416645e-04 1.718046516180038452e-02 6.498585920780897141e-03 4.917453043162822723e-03 1.050252746790647507e-02 1.154421828687191010e-02 4.576138220727443695e-03 1.270699035376310349e-02 1.281194039620459080e-03 2.123388461768627167e-02 1.551479683257639408e-03 1.115795690566301346e-02 1.436138153076171875e-02 1.416470913682132959e-04 4.727512598037719727e-03 9.158640750683844090e-04
