8.391256928443908691e-01 5.124188959598541260e-02 2.481878921389579773e-02 8.131192997097969055e-03 4.413457121700048447e-03 5.227676779031753540e-02 4.480155557394027710e-02 9.684504009783267975e-03 1.020465791225433350e-02 2.329339738935232162e-03 4.315315932035446167e-02 4.520859569311141968e-02 3.501962497830390930e-02 3.800290822982788086e-02 1.156839355826377869e-02 1.511621847748756409e-02 1.923466846346855164e-02 3.904826007783412933e-03 2.102384343743324280e-03 2.563270367681980133e-02 1.992290094494819641e-02 2.213958650827407837e-02 1.540355291217565536e-02 1.579484902322292328e-02 2.179145626723766327e-02 2.015966363251209259e-02 9.481857530772686005e-03 3.203251212835311890e-02 2.522391267120838165e-02 2.651353180408477783e-02 2.200003340840339661e-02 1.315083354711532593e-02 7.082891184836626053e-03 1.584481447935104370e-02 1.008226722478866577e-02 1.764712855219841003e-02 2.506990544497966766e-02 2.902387175709009171e-03 2.102203294634819031e-02 1.990953227505087852e-03 1.181329227983951569e-02 8.229582570493221283e-03 2.196796052157878876e-02 2.848920784890651703e-02 2.693718671798706055e-02 2.424575388431549072e-02 4.286048933863639832e-02 4.047737643122673035e-02 1.602483354508876801e-02 6.437842268496751785e-03 1.119385659694671631e-02 3.869800129905343056e-03 1.979344151914119720e-02 1.595744676887989044e-02 8.961323648691177368e-03 1.170235686004161835e-02 1.826572977006435394e-02 2.191596291959285736e-02 2.017723582684993744e-02 2.622646465897560120e-02 6.753666326403617859e-03 4.222186747938394547e-03 2.171348966658115387e-02 9.038173593580722809e-03 2.602827548980712891e-02 2.368102222681045532e-02 1.344573311507701874e-02 2.451105043292045593e-02 1.059844065457582474e-02 2.105068042874336243e-02 1.913301832973957062e-02 2.368777431547641754e-02 1.639353111386299133e-02 1.905209012329578400e-02 1.520366221666336060e-02 6.817897316068410873e-03 1.056541409343481064e-02 1.375358551740646362e-02 5.469046067446470261e-03 1.379214972257614136e-02 2.302517928183078766e-02 1.305389218032360077e-02 1.317477971315383911e-02 5.421432200819253922e-03 3.139800101052969694e-04 2.031361870467662811e-02 1.927514933049678802e-02 9.636567905545234680e-03 1.267721224576234818e-02 1.322341850027441978e-04 3.380522876977920532e-02 2.570377103984355927e-02 2.905545756220817566e-02 1.668825931847095490e-02 4.293467849493026733e-03 1.742006465792655945e-02 5.445885006338357925e-03 1.694243401288986206e-02 1.475463341921567917e-02 8.494473993778228760e-03 2.303816191852092743e-02 3.012810833752155304e-02 3.383905161172151566e-03 1.443973742425441742e-02 1.963882520794868469e-02 1.827615499496459961e-02 1.660943217575550079e-02 1.906517520546913147e-02 2.457685396075248718e-02 1.758244074881076813e-02 7.818339392542839050e-03 2.442083135247230530e-02 2.945996355265378952e-03 2.285747230052947998e-02 3.538056975230574608e-03 1.809976063668727875e-02
5.124188959598541260e-02 8.391256928443908691e-01 1.671195216476917267e-02 1.157471258193254471e-02 8.644451154395937920e-04 3.976937010884284973e-02 4.979012906551361084e-02 9.458555839955806732e-03 8.525353856384754181e-03 9.857110679149627686e-03 4.221869632601737976e-02 3.562841564416885376e-02 5.200387910008430481e-02 3.923269733786582947e-02 1.494106557220220566e-02 1.510175969451665878e-02 1.662062294781208038e-02 8.350393734872341156e-03 1.005720579996705055e-03 2.155309915542602539e-02 1.774166710674762726e-02 3.454315289855003357e-02 2.132914774119853973e-02 2.183088846504688263e-02 2.018263190984725952e-02 1.861022599041461945e-02 2.384384348988533020e-02 1.966649666428565979e-02 2.874473482370376587e-02 3.554550185799598694e-02 2.025510556995868683e-02 1.716427691280841827e-02 5.752853117883205414e-03 1.622533611953258514e-02 9.674631059169769287e-03 1.981699652969837189e-02 2.683158777654170990e-02 4.934803000651299953e-04 2.339555695652961731e-02 3.804331878200173378e-03 1.281442679464817047e-02 6.474865134805440903e-03 2.291043102741241455e-02 2.361479774117469788e-02 2.173071168363094330e-02 2.304003015160560608e-02 3.867128118872642517e-02 4.613947868347167969e-02 1.235596573678776622e-04 2.112256363034248352e-02 9.039558470249176025e-03 3.818616271018981934e-03 1.441406831145286560e-02 1.603651978075504303e-02 6.298492662608623505e-03 2.034880779683589935e-02 1.657991297543048859e-02 2.402205765247344971e-02 1.116212550550699234e-02 2.797137014567852020e-02 2.648026449605822563e-03 7.678743451833724976e-03 2.050293236970901489e-02 5.698165856301784515e-03 2.339954487979412079e-02 3.856062144041061401e-02 1.645363494753837585e-02 2.083553932607173920e-02 9.407128207385540009e-03 2.489045448601245880e-02 2.536900155246257782e-02 2.711645513772964478e-02 5.941504612565040588e-03 2.899621613323688507e-02 1.102379988878965378e-02 2.535424195230007172e-02 1.270171720534563065e-02 2.246672660112380981e-02 5.541034508496522903e-03 1.419191062450408936e-02 2.263645827770233154e-02 9.272197494283318520e-04 1.254964037798345089e-03 3.550633788108825684e-03 7.136420812457799911e-03 1.602337881922721863e-02 1.266437768936157227e-02 2.845807000994682312e-02 8.757513016462326050e-03 1.561860647052526474e-02 3.249927982687950134e-02 3.170995041728019714e-02 3.463957458734512329e-02 3.995848819613456726e-02 1.203272305428981781e-02 1.057825330644845963e-02 1.661633513867855072e-02 2.530663274228572845e-03 4.095352720469236374e-03 1.805536635220050812e-02 2.618904225528240204e-02 2.689622901380062103e-02 5.326252430677413940e-03 5.888636689633131027e-03 1.325997989624738693e-02 1.062322966754436493e-02 1.904161088168621063e-02 1.756557077169418335e-02 2.432076819241046906e-02 1.721602119505405426e-02 6.721344310790300369e-03 1.881108805537223816e-02 1.789107685908675194e-03 1.597270183265209198e-02 1.846975088119506836e-02 1.257698331028223038e-02
2.481878921389579773e-02 1.671195216476917267e-02 8.391256928443908691e-01 3.181534353643655777e-03 1.187349576503038406e-02 3.575335815548896790e-02 2.982481569051742554e-02 6.456118822097778320e-02 7.486772665288299322e-05 2.388645661994814873e-04 1.694949530065059662e-02 1.727415248751640320e-02 1.224359311163425446e-02 1.836763694882392883e-02 1.244796253740787506e-02 2.179416187573224306e-04 8.923266083002090454e-03 4.894789308309555054e-03 1.816427335143089294e-02 1.697923056781291962e-02 4.331620875746011734e-03 4.052397329360246658e-03 4.471747204661369324e-03 8.714161231182515621e-04 5.056377500295639038e-03 7.923160679638385773e-03 1.119195832870900631e-03 8.327075280249118805e-03 8.054469712078571320e-03 6.504554301500320435e-03 1.892816461622714996e-02 3.175930469296872616e-04 2.038118988275527954e-02 1.280827680602669716e-03 6.149305962026119232e-03 1.253519731108099222e-04 1.066683605313301086e-02 3.679926041513681412e-03 2.131643891334533691e-02 1.451542321592569351e-02 2.030211500823497772e-03 2.570166252553462982e-02 2.456072543282061815e-04 8.376999758183956146e-03 2.264932496473193169e-03 2.428361680358648300e-03 2.496271766722202301e-02 1.810632459819316864e-02 1.012312620878219604e-02 1.462967414408922195e-02 1.176613755524158478e-02 2.088892273604869843e-03 5.316092167049646378e-03 4.987533320672810078e-04 9.989349171519279480e-03 1.238038297742605209e-02 1.996508426964282990e-02 9.025723673403263092e-03 8.122907020151615143e-03 6.097518373280763626e-03 1.524691935628652573e-02 1.010602992027997971e-02 3.550844732671976089e-03 9.263833053410053253e-03 4.032569006085395813e-03 9.499380365014076233e-03 1.075749658048152924e-02 5.776193458586931229e-03 9.529586881399154663e-03 3.542475868016481400e-03 9.625019505620002747e-03 1.620822213590145111e-02 5.677349865436553955e-03 1.265731826424598694e-02 2.392380731180310249e-03 8.420395664870738983e-03 9.999136440455913544e-03 6.581752095371484756e-03 1.333457510918378830e-02 7.219973020255565643e-03 8.698419481515884399e-02 5.693806335330009460e-02 3.421622514724731445e-02 7.797701749950647354e-03 7.922908291220664978e-03 6.200688076205551624e-04 8.305208757519721985e-03 6.400939542800188065e-03 2.119098789989948273e-02 1.383750583045184612e-03 1.443302445113658905e-02 2.818803477566689253e-04 1.662906818091869354e-02 6.074373610317707062e-03 5.891136359423398972e-03 1.094181090593338013e-02 2.405730541795492172e-03 6.427664775401353836e-03 1.524645183235406876e-02 2.351675182580947876e-03 1.923302887007594109e-03 2.644189866259694099e-03 1.079778838902711868e-02 3.446326300036162138e-04 1.239882409572601318e-02 2.302078995853662491e-03 2.091917442157864571e-03 2.053667791187763214e-03 5.005322396755218506e-03 1.625069975852966309e-02 4.379898309707641602e-03 8.493563160300254822e-03 3.238001838326454163e-02 7.854122086428105831e-04 7.426941301673650742e-03 2.576259896159172058e-02
8.131192997097969055e-03 1.157471258193254471e-02 3.181534353643655777e-03 8.391256928443908691e-01 9.967634826898574829e-02 9.959626942873001099e-03 1.806712709367275238e-02 1.497963443398475647e-02 6.835411186330020428e-04 1.540493103675544262e-03 5.726887378841638565e-03 2.138696052134037018e-02 7.867826148867607117e-03 1.365707907825708389e-02 6.561132147908210754e-03 5.516216158866882324e-03 7.193068158812820911e-04 4.944122210144996643e-02 1.715115271508693695e-02 7.195066660642623901e-03 7.593362592160701752e-03 9.984829463064670563e-03 8.342345245182514191e-03 1.247769780457019806e-02 2.225989155704155564e-04 3.786586967180483043e-05 1.137361302971839905e-02 3.798284800723195076e-03 1.061182562261819839e-02 9.585981257259845734e-03 2.888898598030209541e-03 2.929158217739313841e-04 2.091167122125625610e-02 1.681452989578247070e-02 3.151688491925597191e-03 8.650378324091434479e-03 1.233571860939264297e-02 2.794890664517879486e-02 1.886999793350696564e-02 1.553373876959085464e-02 2.053492143750190735e-02 2.026679739356040955e-02 1.287673879414796829e-02 1.224976871162652969e-02 5.382710602134466171e-03 1.789566129446029663e-03 4.150925204157829285e-03 4.741964861750602722e-03 1.794245094060897827e-02 8.813397958874702454e-03 6.480197189375758171e-04 1.419656618963927031e-04 1.856582611799240112e-02 7.859407924115657806e-03 7.344778627157211304e-03 8.076661266386508942e-03 2.069121226668357849e-03 5.564593593589961529e-04 5.640596617013216019e-03 1.138449646532535553e-03 4.286837950348854065e-02 2.728557400405406952e-02 2.880214154720306396e-02 8.605202659964561462e-03 3.946548327803611755e-03 5.034747067838907242e-03 2.039152663201093674e-03 5.276289768517017365e-03 1.081506442278623581e-02 4.444665741175413132e-03 1.303511578589677811e-02 1.563834608532488346e-03 6.094158068299293518e-02 5.886652972549200058e-03 4.537793621420860291e-02 4.736614879220724106e-03 2.762529253959655762e-02 6.727642845362424850e-03 1.378068886697292328e-02 1.123564410954713821e-02 6.034483667463064194e-03 1.816409081220626831e-02 5.911009758710861206e-02 3.709860891103744507e-02 8.302727364934980869e-04 3.008900675922632217e-03 8.353298529982566833e-03 1.232159510254859924e-02 1.168368477374315262e-02 3.160676686093211174e-03 6.951017770916223526e-03 1.119280885905027390e-02 6.149294204078614712e-04 1.180904358625411987e-02 1.308223232626914978e-02 6.985895335674285889e-03 1.098777051083743572e-03 1.303370576351881027e-02 7.039098534733057022e-03 1.483688596636056900e-03 9.849923662841320038e-03 5.352135282009840012e-03 2.060746401548385620e-02 7.986852899193763733e-03 1.957982033491134644e-02 3.594770329073071480e-03 1.302166096866130829e-02 1.215374097228050232e-02 6.615867372602224350e-03 5.973257590085268021e-03 2.250455878674983978e-02 6.655395962297916412e-03 1.109607331454753876e-02 1.893330947495996952e-03 3.482456505298614502e-02 2.894185110926628113e-02
4.413457121700048447e-03 8.644451154395937920e-04 1.187349576503038406e-02 9.967634826898574829e-02 8.391256928443908691e-01 6.800507660955190659e-03 2.945243613794445992e-03 7.018332689767703414e-05 3.396384650841355324e-03 1.687427982687950134e-02 5.521199665963649750e-03 1.774021238088607788e-02 4.026255104690790176e-03 6.592667195945978165e-03 8.047451265156269073e-03 6.231868173927068710e-03 1.096041407436132431e-02 3.467928245663642883e-02 2.956602163612842560e-02 1.306067593395709991e-02 7.289710454642772675e-03 4.916523466818034649e-04 5.125617608428001404e-03 2.726037055253982544e-03 7.521515712141990662e-03 6.215587724000215530e-03 4.386399872601032257e-03 4.659760161302983761e-04 5.543130449950695038e-03 2.724876860156655312e-03 1.809676922857761383e-02 1.421123463660478592e-02 3.257918357849121094e-02 3.005618415772914886e-02 1.422618236392736435e-02 5.311462096869945526e-03 4.062653053551912308e-03 2.384936437010765076e-02 1.262129377573728561e-02 2.702176943421363831e-02 6.937385071069002151e-03 1.038239803165197372e-02 1.641112379729747772e-02 1.165486406534910202e-02 3.566914703696966171e-03 3.439199936110526323e-04 6.508806254714727402e-03 9.495194070041179657e-03 7.628741674125194550e-03 2.620284818112850189e-02 9.778260253369808197e-03 8.353332988917827606e-03 2.087415941059589386e-02 1.757036522030830383e-02 1.649068295955657959e-02 2.910625003278255463e-02 9.859243407845497131e-03 1.383417285978794098e-02 1.488080900162458420e-02 1.399098802357912064e-02 4.339511692523956299e-02 4.658427834510803223e-02 2.729153446853160858e-02 3.108841367065906525e-02 6.262984592467546463e-03 1.153217721730470657e-02 1.486560329794883728e-02 3.690201556310057640e-03 1.742645353078842163e-02 5.379419773817062378e-03 3.551849722862243652e-02 8.700969628989696503e-03 4.547962546348571777e-02 7.244994863867759705e-03 4.961902275681495667e-02 1.336142420768737793e-02 1.697960309684276581e-02 1.472978945821523666e-02 4.151989705860614777e-03 1.251627597957849503e-02 8.258421905338764191e-03 3.913064138032495975e-04 3.183651715517044067e-02 4.109728708863258362e-02 5.758754909038543701e-03 3.868660889565944672e-03 9.693671949207782745e-03 3.408753778785467148e-03 2.324278000742197037e-03 1.010274607688188553e-02 1.991571299731731415e-02 2.651244169101119041e-03 1.486568432301282883e-02 2.432324836263433099e-04 2.506279759109020233e-02 4.864004440605640411e-03 9.308899752795696259e-03 9.594263508915901184e-03 3.761903382837772369e-03 5.449880380183458328e-03 1.190671883523464203e-02 1.010583434253931046e-02 1.953031681478023529e-02 2.579749561846256256e-03 2.320292778313159943e-02 1.487502548843622208e-02 1.151801925152540207e-02 1.827234588563442230e-02 1.373469945974647999e-03 1.870823092758655548e-02 1.243293471634387970e-02 8.476810529828071594e-03 3.699328517541289330e-03 3.208665177226066589e-03 1.509893499314785004e-02 2.814965695142745972e-02
5.227676779031753540e-02 3.976937010884284973e-02 3.575335815548896790e-02 9.959626942873001099e-03 6.800507660955190659e-03 8.391256928443908691e-01 5.924738571047782898e-02 3.079513087868690491e-02 2.444920130074024200e-02 4.891016520559787750e-03 2.440171688795089722e-02 6.690581142902374268e-02 2.126952074468135834e-02 5.383042991161346436e-02 3.904775250703096390e-03 1.037585455924272537e-02 7.633291184902191162e-03 6.520245224237442017e-03 2.016594633460044861e-02 2.504623681306838989e-02 1.311731897294521332e-02 9.172192658297717571e-04 2.272414974868297577e-02 1.494189258664846420e-02 1.352865807712078094e-02 9.498829022049903870e-03 1.487713586539030075e-02 3.596569970250129700e-02 9.988436475396156311e-03 3.102791868150234222e-02 6.856319494545459747e-03 8.721191436052322388e-03 2.800281392410397530e-03 6.067086011171340942e-03 1.569236814975738525e-02 1.289264857769012451e-02 1.830041036009788513e-02 1.219050027430057526e-02 1.289409026503562927e-02 1.035880763083696365e-03 1.068630069494247437e-02 9.498134255409240723e-03 1.551457215100526810e-02 1.945538818836212158e-02 2.408424019813537598e-02 1.970514282584190369e-02 6.316745281219482422e-02 4.349409788846969604e-02 1.702891848981380463e-02 6.505291908979415894e-03 1.929941773414611816e-02 3.561468096449971199e-03 1.506387908011674881e-02 2.066208049654960632e-02 5.705944262444972992e-03 6.580422050319612026e-04 1.390688307583332062e-02 8.061779662966728210e-03 1.937768794596195221e-02 3.737915307283401489e-02 1.265851594507694244e-02 1.145690400153398514e-02 1.980170048773288727e-02 2.079007960855960846e-02 1.899583637714385986e-02 1.219891011714935303e-02 1.104750856757164001e-02 1.820079050958156586e-02 2.156708855181932449e-03 3.910673316568136215e-03 6.834429688751697540e-03 2.440255368128418922e-03 8.115258067846298218e-03 9.384238364873453975e-05 8.742555510252714157e-04 1.705257594585418701e-02 2.071885392069816589e-02 9.835993871092796326e-03 1.059693843126296997e-02 1.110928039997816086e-02 4.051196947693824768e-02 1.793024875223636627e-02 1.870598830282688141e-02 7.526056724600493908e-04 9.639356285333633423e-03 1.854283176362514496e-02 2.859823405742645264e-03 2.108837710693478584e-03 1.239715702831745148e-02 4.983613267540931702e-03 3.073706291615962982e-02 9.176938794553279877e-03 2.858396992087364197e-02 1.625401433557271957e-03 2.499621594324707985e-03 8.601899025961756706e-04 1.782756298780441284e-02 2.055513672530651093e-02 1.452561002224683762e-02 3.017063718289136887e-03 1.074382383376359940e-02 1.761307381093502045e-02 1.941990666091442108e-02 9.804422967135906219e-03 2.274774014949798584e-02 1.577690616250038147e-02 1.063336711376905441e-02 1.835960149765014648e-02 8.231383748352527618e-03 1.384150236845016479e-03 4.213378764688968658e-03 1.198559254407882690e-02 5.753729055868461728e-05 2.593813277781009674e-02 5.868984386324882507e-03 2.174480259418487549e-02
4.480155557394027710e-02 4.979012906551361084e-02 2.982481569051742554e-02 1.806712709367275238e-02 2.945243613794445992e-03 5.924738571047782898e-02 8.391256928443908691e-01 2.353233657777309418e-02 1.293529756367206573e-02 1.681180484592914581e-02 3.142428398132324219e-02 4.606230556964874268e-02 3.588845953345298767e-02 5.415517464280128479e-02 3.048357088118791580e-03 1.309343799948692322e-02 1.269217394292354584e-02 4.776091736857779324e-05 8.798910304903984070e-03 2.355294674634933472e-02 1.934632472693920135e-02 1.151819340884685516e-02 2.582307718694210052e-02 2.722220681607723236e-02 1.330414973199367523e-02 1.030732411891222000e-02 1.317330985330045223e-03 2.435527183115482330e-02 1.490481849759817123e-02 3.860641643404960632e-02 1.814493350684642792e-02 1.125875394791364670e-02 5.349620478227734566e-04 9.684477001428604126e-03 1.172060612589120865e-02 1.664967648684978485e-02 2.994586899876594543e-02 5.445868242532014847e-03 1.669364795088768005e-02 3.567794105038046837e-03 1.220791880041360855e-02 6.731685716658830643e-03 3.095639124512672424e-02 2.528516389429569244e-02 2.088408730924129486e-02 2.823117747902870178e-02 4.909897223114967346e-02 5.579252913594245911e-02 4.857959225773811340e-03 1.319232676178216934e-02 4.752699285745620728e-03 4.521999508142471313e-03 1.744414493441581726e-02 2.368236891925334930e-02 2.947492292150855064e-03 1.308829616755247116e-02 9.239166975021362305e-03 1.252985559403896332e-02 3.947906196117401123e-03 3.600044921040534973e-02 1.104564405977725983e-02 5.310612730681896210e-03 1.380503363907337189e-02 8.955043740570545197e-03 1.244833320379257202e-02 2.314350940287113190e-02 2.079001069068908691e-02 2.580505236983299255e-02 6.271307822316884995e-03 8.567921817302703857e-03 2.042439021170139313e-02 1.150193531066179276e-02 1.568687730468809605e-03 1.406894624233245850e-02 6.188752595335245132e-03 8.034219034016132355e-03 5.513078067451715469e-03 2.627686597406864166e-02 6.141477264463901520e-03 2.284282632172107697e-02 2.908457815647125244e-02 5.899288225919008255e-03 2.157084411010146141e-03 8.042531087994575500e-03 9.482772089540958405e-03 2.453980408608913422e-02 5.217105615884065628e-03 1.723153516650199890e-02 1.107654441148042679e-02 3.388082236051559448e-02 2.954442426562309265e-02 1.954942569136619568e-02 4.626883566379547119e-02 1.721437461674213409e-02 8.242815732955932617e-03 3.783924039453268051e-03 2.085647138301283121e-04 9.584224782884120941e-03 2.496632281690835953e-03 7.991726510226726532e-03 1.835605688393115997e-02 2.003234811127185822e-02 1.310927327722311020e-02 7.935628294944763184e-03 1.766354963183403015e-02 1.103723887354135513e-02 2.280866727232933044e-02 4.060542210936546326e-03 2.160971798002719879e-02 6.015335209667682648e-03 9.282149374485015869e-03 2.218804694712162018e-02 5.761053762398660183e-04 3.094366937875747681e-02 6.132602225989103317e-03 2.549988031387329102e-02
9.684504009783267975e-03 9.458555839955806732e-03 6.456118822097778320e-02 1.497963443398475647e-02 7.018332689767703414e-05 3.079513087868690491e-02 2.353233657777309418e-02 8.391256928443908691e-01 4.508296959102153778e-03 2.259184420108795166e-02 1.150635071098804474e-02 2.564342692494392395e-02 5.811321083456277847e-03 1.772759296000003815e-02 4.434363916516304016e-02 4.152879584580659866e-03 1.458933926187455654e-03 1.041429303586483002e-02 3.588519617915153503e-02 5.763649474829435349e-03 5.431403871625661850e-03 2.178011275827884674e-02 1.186656579375267029e-02 6.155991461127996445e-03 2.162729576230049133e-02 2.943672053515911102e-02 2.333573065698146820e-02 9.272691793739795685e-03 2.229874394834041595e-02 5.322447046637535095e-03 3.992703743278980255e-03 1.360751502215862274e-02 3.010523319244384766e-02 1.591842621564865112e-02 2.913471870124340057e-02 1.134441327303647995e-02 9.711947292089462280e-03 1.968539319932460785e-02 6.394719239324331284e-03 1.308016385883092880e-02 2.063622884452342987e-02 8.967716246843338013e-03 6.071342504583299160e-04 1.774743013083934784e-02 1.502544991672039032e-02 1.131279300898313522e-02 2.061410062015056610e-02 9.076591581106185913e-03 2.689498104155063629e-02 2.717653848230838776e-02 5.638634320348501205e-03 8.634192869067192078e-03 1.486087869852781296e-02 1.488601323217153549e-03 8.411488495767116547e-03 2.919583767652511597e-02 2.909456565976142883e-02 2.857226878404617310e-02 2.470278367400169373e-02 6.723057478666305542e-03 2.114306576550006866e-02 2.898869104683399200e-02 3.386361931916326284e-04 1.842406229116022587e-03 2.806751988828182220e-02 1.396542415022850037e-02 7.166267372667789459e-03 7.038253359496593475e-03 6.045076996088027954e-03 3.057400323450565338e-02 3.709525568410754204e-03 1.563977822661399841e-02 1.086464431136846542e-02 1.616882719099521637e-02 1.601652614772319794e-02 1.556818000972270966e-02 2.397604985162615776e-03 7.673398125916719437e-03 9.119424037635326385e-03 5.115816369652748108e-03 6.628767400979995728e-02 4.847185313701629639e-02 7.187644019722938538e-03 7.786006666719913483e-03 7.155248895287513733e-03 8.786845952272415161e-03 3.472786769270896912e-02 2.054192684590816498e-02 9.478349238634109497e-03 6.702499464154243469e-03 3.747177077457308769e-03 2.788096107542514801e-02 5.174838472157716751e-03 1.702370122075080872e-02 7.699582260102033615e-03 2.992256544530391693e-03 2.442690916359424591e-02 1.682035438716411591e-02 2.196426130831241608e-02 1.695637591183185577e-02 6.240946240723133087e-03 4.602188244462013245e-03 2.159539610147476196e-02 9.982563555240631104e-03 6.520784925669431686e-03 8.491387590765953064e-03 4.467712715268135071e-03 1.830952055752277374e-02 1.344361528754234314e-02 2.911061048507690430e-02 2.115858159959316254e-02 2.683168649673461914e-02 7.334155961871147156e-03 5.893938709050416946e-03 1.953090168535709381e-02 1.903385668992996216e-02
1.020465791225433350e-02 8.525353856384754181e-03 7.486772665288299322e-05 6.835411186330020428e-04 3.396384650841355324e-03 2.444920130074024200e-02 1.293529756367206573e-02 4.508296959102153778e-03 8.391256928443908691e-01 1.941452547907829285e-02 2.346569672226905823e-03 1.346375048160552979e-02 3.270713204983621836e-04 1.297781616449356079e-02 7.909544743597507477e-03 3.479063883423805237e-02 1.078173890709877014e-02 2.324397861957550049e-02 1.290115248411893845e-02 1.925980113446712494e-02 9.384740144014358521e-03 1.862312480807304382e-02 4.138628765940666199e-02 3.242268040776252747e-02 1.039379276335239410e-02 2.734844340011477470e-03 2.305420115590095520e-02 1.933484338223934174e-02 1.574876718223094940e-02 1.337777730077505112e-02 2.548549138009548187e-02 3.699126094579696655e-02 1.118826121091842651e-02 1.232067588716745377e-02 6.682165898382663727e-03 2.071341685950756073e-02 5.462746601551771164e-03 3.727174922823905945e-02 2.473402023315429688e-02 2.642446756362915039e-02 2.590009011328220367e-02 4.744981974363327026e-02 2.114118263125419617e-02 1.284123305231332779e-02 2.919652266427874565e-03 7.010413799434900284e-03 1.872361078858375549e-02 5.223102867603302002e-03 2.874474041163921356e-02 2.862147288396954536e-03 8.164229802787303925e-03 2.648152597248554230e-02 5.864677368663251400e-04 2.609330695122480392e-03 5.063968524336814880e-02 5.896319635212421417e-03 2.639323007315397263e-03 8.774368092417716980e-03 1.611765357665717602e-03 8.520439732819795609e-04 7.892426103353500366e-03 2.519127726554870605e-02 6.564316805452108383e-03 1.460239570587873459e-02 6.613906938582658768e-03 9.052975103259086609e-03 2.541140094399452209e-02 2.055456303060054779e-02 2.964257635176181793e-02 1.306026987731456757e-02 1.681810244917869568e-03 1.873516291379928589e-02 1.331964856944978237e-03 1.077203452587127686e-02 2.898249076679348946e-03 2.472981996834278107e-02 7.091327756643295288e-02 1.795983687043190002e-02 3.456610068678855896e-02 1.313044968992471695e-02 1.170180970802903175e-03 3.154692240059375763e-03 2.561241202056407928e-02 1.035587210208177567e-02 4.547606408596038818e-02 3.599283844232559204e-02 7.373633328825235367e-03 1.461027190089225769e-02 3.455480933189392090e-02 2.282784786075353622e-03 1.105344202369451523e-02 1.278342213481664658e-02 4.085150547325611115e-03 1.256773248314857483e-02 2.735173702239990234e-02 1.405905000865459442e-02 2.550839260220527649e-02 1.631642132997512817e-02 1.512442994862794876e-02 2.578486688435077667e-03 2.088948152959346771e-02 7.924193516373634338e-03 3.789086267352104187e-02 1.492548640817403793e-02 1.404690369963645935e-02 7.673374377191066742e-03 2.018804289400577545e-02 2.949232701212167740e-03 3.796898061409592628e-03 1.430278830230236053e-02 1.498376112431287766e-02 5.488106980919837952e-03 2.959403768181800842e-02 2.347899414598941803e-02 1.871917955577373505e-02 1.085282862186431885e-02
2.329339738935232162e-03 9.857110679149627686e-03 2.388645661994814873e-04 1.540493103675544262e-03 1.687427982687950134e-02 4.891016520559787750e-03 1.681180484592914581e-02 2.259184420108795166e-02 1.941452547907829285e-02 8.391256928443908691e-01 2.804113086313009262e-03 3.293505404144525528e-03 1.429326087236404419e-02 2.319007553160190582e-02 2.563903480768203735e-02 8.300515823066234589e-03 2.618705295026302338e-02 2.161592431366443634e-02 4.349612072110176086e-02 2.526672370731830597e-02 1.392331719398498535e-02 8.474910631775856018e-03 2.575479447841644287e-02 3.844985738396644592e-02 2.749399840831756592e-02 1.555403321981430054e-02 1.327003072947263718e-02 1.670387387275695801e-02 8.175678551197052002e-03 3.236722201108932495e-02 6.581214984180405736e-05 2.816540375351905823e-02 8.629528805613517761e-03 3.182984143495559692e-02 1.551067084074020386e-02 9.232957847416400909e-03 2.623231895267963409e-02 8.805497549474239349e-03 7.740658707916736603e-03 3.565531224012374878e-03 1.312764454632997513e-02 5.091573577374219894e-03 3.754534572362899780e-02 1.064670458436012268e-02 7.424997631460428238e-03 1.474461890757083893e-02 4.007004667073488235e-03 9.072297252714633942e-03 1.154353469610214233e-02 4.747526347637176514e-02 1.330700796097517014e-02 1.131444144994020462e-02 1.035260502249002457e-02 1.317573944106698036e-03 1.249664695933461189e-03 4.293492808938026428e-02 1.609167829155921936e-02 1.947291195392608643e-02 3.196081612259149551e-03 1.191911287605762482e-02 6.019578315317630768e-03 3.227847814559936523e-02 1.833526184782385826e-03 2.619527094066143036e-02 1.391096971929073334e-03 4.284630995243787766e-03 3.098285570740699768e-02 1.928237825632095337e-02 2.661650627851486206e-02 7.417057175189256668e-03 5.553860589861869812e-02 1.034377026371657848e-03 5.762681830674409866e-03 1.598007231950759888e-02 1.620426587760448456e-02 1.073970273137092590e-02 1.034596655517816544e-02 6.637575477361679077e-02 5.811124574393033981e-03 2.827894128859043121e-02 5.087599158287048340e-03 1.177447196096181870e-02 3.979647532105445862e-03 3.434782475233078003e-02 2.036709897220134735e-02 2.759272791445255280e-02 4.653191659599542618e-03 1.947722025215625763e-02 2.158076502382755280e-02 6.299328058958053589e-02 1.024791598320007324e-02 1.005239505320787430e-02 2.012160420417785645e-02 8.307976648211479187e-03 7.212282507680356503e-04 3.293396206572651863e-03 1.640423573553562164e-02 5.504458677023649216e-03 2.310018800199031830e-02 4.597739130258560181e-02 1.145287230610847473e-02 1.656162552535533905e-02 8.885766728781163692e-04 6.459467113018035889e-03 3.003147430717945099e-03 3.666728967800736427e-03 1.900195144116878510e-02 1.810862915590405464e-03 2.508351765573024750e-02 5.908770021051168442e-03 1.359725603833794594e-03 5.683688912540674210e-03 1.736321114003658295e-02 1.305041648447513580e-02 1.732245273888111115e-02 1.657556369900703430e-02
4.315315932035446167e-02 4.221869632601737976e-02 1.694949530065059662e-02 5.726887378841638565e-03 5.521199665963649750e-03 2.440171688795089722e-02 3.142428398132324219e-02 1.150635071098804474e-02 2.346569672226905823e-03 2.804113086313009262e-03 8.391256928443908691e-01 2.135458588600158691e-02 4.690525308251380920e-02 2.288031019270420074e-02 3.090458363294601440e-02 1.840695366263389587e-02 1.203885860741138458e-02 1.139307580888271332e-02 1.538784056901931763e-02 1.550399698317050934e-02 1.749493740499019623e-02 3.966562077403068542e-02 2.078729216009378433e-03 5.839058198034763336e-03 2.398577705025672913e-02 2.751825377345085144e-02 2.765819057822227478e-02 1.270321849733591080e-02 3.721373900771141052e-02 1.469855383038520813e-02 2.271226979792118073e-02 1.510377880185842514e-02 2.128262259066104889e-02 1.527808792889118195e-02 1.996846497058868408e-02 2.627062983810901642e-02 2.770032733678817749e-02 1.744620501995086670e-02 2.388662099838256836e-02 1.615674234926700592e-02 5.344370845705270767e-03 3.161789616569876671e-03 1.582159288227558136e-02 8.683929219841957092e-03 2.013399824500083923e-02 2.016498148441314697e-02 2.619940787553787231e-02 3.208524361252784729e-02 9.358554147183895111e-03 7.036942522972822189e-03 1.396421436220407486e-02 2.530026249587535858e-03 3.169377148151397705e-02 2.789592184126377106e-02 5.670535610988736153e-04 1.175246387720108032e-02 2.434803359210491180e-02 2.648025751113891602e-02 2.996201440691947937e-02 2.977579459547996521e-02 7.609358988702297211e-03 8.676691912114620209e-03 2.199812605977058411e-02 1.169492723420262337e-03 3.850611671805381775e-02 3.693992644548416138e-02 7.549003232270479202e-03 1.778370141983032227e-02 4.770156461745500565e-03 3.799302875995635986e-02 6.732199341058731079e-03 3.442417830228805542e-02 2.666695415973663330e-02 3.359951078891754150e-02 2.738724462687969208e-02 3.030155040323734283e-02 5.841997917741537094e-03 6.175909657031297684e-03 4.132288042455911636e-03 1.092790719121694565e-02 9.150395053438842297e-04 3.528301138430833817e-03 1.365010999143123627e-02 1.167946844361722469e-03 5.261089187115430832e-03 9.171749465167522430e-03 4.409584403038024902e-02 2.863500826060771942e-02 1.294645667076110840e-02 8.385041292058303952e-05 2.776470035314559937e-02 5.008412152528762817e-02 2.375965937972068787e-02 3.306350111961364746e-02 1.916338503360748291e-02 2.305498346686363220e-02 3.087389841675758362e-02 4.591301549226045609e-03 1.082297880202531815e-02 1.513494760729372501e-03 2.367113716900348663e-02 2.409235015511512756e-02 1.985551044344902039e-02 3.131173318251967430e-03 2.151776850223541260e-02 1.435541175305843353e-02 2.225220948457717896e-02 2.900156192481517792e-02 2.109834179282188416e-02 3.366770222783088684e-02 1.882712356746196747e-02 1.317005604505538940e-03 2.260878449305891991e-03 1.476740464568138123e-02 1.311758160591125488e-02 4.126573621761053801e-04
4.520859569311141968e-02 3.562841564416885376e-02 1.727415248751640320e-02 2.138696052134037018e-02 1.774021238088607788e-02 6.690581142902374268e-02 4.606230556964874268e-02 2.564342692494392395e-02 1.346375048160552979e-02 3.293505404144525528e-03 2.135458588600158691e-02 8.391256928443908691e-01 1.956602744758129120e-02 7.436250895261764526e-02 3.911826293915510178e-03 1.138877123594284058e-02 9.456792846322059631e-03 1.091721281409263611e-02 1.676280237734317780e-02 1.689466089010238647e-02 1.029910799115896225e-02 1.132294908165931702e-02 3.116513416171073914e-02 2.917897701263427734e-02 1.240385696291923523e-02 8.394395932555198669e-03 4.647292196750640869e-03 3.689600899815559387e-02 1.123922877013683319e-02 4.353889077901840210e-02 1.769696711562573910e-03 4.648660309612751007e-03 2.798076951876282692e-03 6.632708478718996048e-03 8.176059462130069733e-03 1.239400263875722885e-02 1.854291372001171112e-02 1.977499574422836304e-03 1.457162667065858841e-02 9.897673502564430237e-03 7.562569342553615570e-03 1.619568909518420696e-03 1.338372472673654556e-02 1.108265109360218048e-02 4.874600097537040710e-02 4.636888206005096436e-02 4.862386733293533325e-02 3.916903585195541382e-02 1.785412617027759552e-02 4.741576500236988068e-03 1.532384473830461502e-02 3.075540997087955475e-02 1.063750125467777252e-02 9.019535966217517853e-03 1.469624880701303482e-02 1.889456529170274734e-03 1.869999244809150696e-02 1.308046188205480576e-02 1.985433883965015411e-02 3.096261993050575256e-02 2.572776190936565399e-02 8.037880063056945801e-03 2.180069498717784882e-02 2.139180153608322144e-02 1.689147017896175385e-02 1.165519747883081436e-02 1.008790824562311172e-02 8.200835436582565308e-03 6.916196551173925400e-03 7.322262506932020187e-03 7.269227877259254456e-03 4.729006905108690262e-03 6.746416911482810974e-03 4.044277127832174301e-03 1.196680357679724693e-03 1.224925741553306580e-02 1.560722128488123417e-03 1.512441225349903107e-02 8.488778024911880493e-03 1.281176228076219559e-02 2.874355204403400421e-02 3.550140419974923134e-03 4.691333509981632233e-03 8.577145636081695557e-03 1.953242346644401550e-02 1.787371188402175903e-02 1.691281213425099850e-03 6.195683963596820831e-03 9.850293397903442383e-03 1.317714806646108627e-02 1.968071796000003815e-02 1.590334437787532806e-02 2.100860141217708588e-02 6.570278201252222061e-04 1.658785040490329266e-03 4.618180915713310242e-03 2.505894284695386887e-03 1.654769293963909149e-02 8.609412238001823425e-03 8.475334383547306061e-03 1.437912881374359131e-02 2.394708618521690369e-02 9.870745241641998291e-03 9.178261272609233856e-03 1.609892584383487701e-02 6.982322782278060913e-03 9.595170617103576660e-03 1.090308465063571930e-02 1.478590909391641617e-02 6.524706259369850159e-04 3.339472692459821701e-03 1.474761217832565308e-02 6.032697274349629879e-04 2.403934858739376068e-02 2.283775247633457184e-03 1.075396966189146042e-02
3.501962497830390930e-02 5.200387910008430481e-02 1.224359311163425446e-02 7.867826148867607117e-03 4.026255104690790176e-03 2.126952074468135834e-02 3.588845953345298767e-02 5.811321083456277847e-03 3.270713204983621836e-04 1.429326087236404419e-02 4.690525308251380920e-02 1.956602744758129120e-02 8.391256928443908691e-01 2.662120014429092407e-02 3.058564662933349609e-02 1.245546620339155197e-02 1.169381476938724518e-02 1.237347256392240524e-02 1.479016244411468506e-02 1.588028483092784882e-02 1.021973695605993271e-02 5.037352070212364197e-02 1.067992392927408218e-02 1.479250378906726837e-02 2.222742699086666107e-02 1.714343018829822540e-02 3.842540085315704346e-02 1.196708623319864273e-02 3.801757842302322388e-02 2.963469550013542175e-02 1.445633172988891602e-02 1.468181144446134567e-02 9.968454949557781219e-03 1.183274481445550919e-02 9.381103329360485077e-03 1.852529682219028473e-02 2.738765068352222443e-02 1.015594135969877243e-02 1.873562484979629517e-02 6.118059623986482620e-03 5.214625038206577301e-03 4.680211190134286880e-03 1.828232780098915100e-02 1.357647683471441269e-02 1.808010600507259369e-02 1.784520968794822693e-02 2.728105522692203522e-02 3.815988451242446899e-02 4.804983618669211864e-04 1.996420510113239288e-02 8.391158655285835266e-03 1.237629097886383533e-03 1.919148117303848267e-02 1.933624595403671265e-02 1.417692401446402073e-03 2.196622453629970551e-02 2.168340235948562622e-02 2.207363769412040710e-02 1.428319234400987625e-02 2.945711277425289154e-02 5.751173011958599091e-03 1.432570815086364746e-02 2.041032537817955017e-02 7.285106927156448364e-03 3.015159443020820618e-02 4.534411430358886719e-02 1.290339510887861252e-02 1.000633835792541504e-02 4.787434008903801441e-04 3.504063934087753296e-02 2.234665304422378540e-02 3.051567450165748596e-02 8.559822104871273041e-03 4.045099020004272461e-02 1.898653060197830200e-02 4.230346530675888062e-02 1.044605486094951630e-02 2.197886444628238678e-02 7.803523447364568710e-03 1.399428769946098328e-02 8.535151369869709015e-03 1.188994571566581726e-02 1.691412646323442459e-03 4.397501703351736069e-03 3.430575830861926079e-03 8.945993147790431976e-03 2.338946796953678131e-02 4.651148617267608643e-02 7.038479670882225037e-03 1.644941419363021851e-02 3.179892897605895996e-02 4.405789077281951904e-02 3.025931119918823242e-02 5.483010411262512207e-02 1.293303351849317551e-02 9.917857125401496887e-03 3.520919382572174072e-02 2.095753513276576996e-02 1.000724826008081436e-02 1.511666737496852875e-02 2.114826999604701996e-02 1.860451698303222656e-02 6.913750432431697845e-03 2.441451326012611389e-02 1.246404461562633514e-02 5.550505593419075012e-03 1.557522453367710114e-02 2.417777292430400848e-02 1.914435252547264099e-02 2.157047763466835022e-02 3.075969405472278595e-03 2.412702422589063644e-03 3.218209836632013321e-03 7.437623571604490280e-03 2.557782642543315887e-02 2.191309817135334015e-03
