8.226036429405212402e-01 9.576956927776336670e-02 1.384072937071323395e-02 1.139912568032741547e-02 1.748909242451190948e-02 6.248707696795463562e-02 6.444758921861648560e-02 2.280537784099578857e-02 1.521436031907796860e-02 2.170564047992229462e-02 7.256839424371719360e-02 5.919388029724359512e-03 5.277889221906661987e-02 1.554669067263603210e-02 4.168098419904708862e-02 3.082239767536520958e-03 1.162821194157004356e-03 5.441040731966495514e-03 2.312059327960014343e-02 4.425456747412681580e-03 9.799307445064187050e-04 3.678043186664581299e-02 6.498575210571289062e-03 1.372362580150365829e-02 1.477810926735401154e-02 2.628307044506072998e-02 7.672947831451892853e-03 1.109256967902183533e-02 6.420050747692584991e-03 2.102237567305564880e-02 2.420331351459026337e-03 6.779382470995187759e-03 2.510403841733932495e-02 2.311205957084894180e-03 2.494458481669425964e-02 1.525918394327163696e-02 8.075156249105930328e-03 1.354752760380506516e-02 8.105559274554252625e-03 2.217879332602024078e-02 1.645545242354273796e-03 3.286217525601387024e-02 2.590238302946090698e-02 1.618236489593982697e-02 1.334655564278364182e-02 1.694766059517860413e-02 5.280412733554840088e-02 4.866820201277732849e-02 1.112524187192320824e-03 8.860468864440917969e-03 1.111478824168443680e-02 2.711253007873892784e-03 6.546313525177538395e-04 1.307157333940267563e-02 9.302097372710704803e-03 6.461801473051309586e-03 2.510881796479225159e-02 8.741828612983226776e-03 1.389410067349672318e-02 4.931344185024499893e-03 4.954294301569461823e-03 3.310859901830554008e-03 1.025655213743448257e-02 1.805348135530948639e-02 1.201818138360977173e-02 1.531797368079423904e-02 3.292358480393886566e-03 8.795717731118202209e-03 5.842422833666205406e-04 7.469110656529664993e-03 1.372193917632102966e-02 7.044123951345682144e-03 8.626870810985565186e-03 1.770365983247756958e-02 1.618186011910438538e-02 1.766025088727474213e-02 1.759998872876167297e-02 2.076720818877220154e-02 8.000599220395088196e-03 1.399198174476623535e-02 1.784689375199377537e-03 4.899480380117893219e-03 3.532676957547664642e-03 2.128177881240844727e-02 4.521307710092514753e-04 9.571283124387264252e-03 1.189752761274576187e-02 1.550216344185173512e-03 5.482600536197423935e-03 1.674246229231357574e-02 1.266667060554027557e-02 3.912176936864852905e-02 1.311112008988857269e-02 2.191148139536380768e-02 3.650489496067166328e-03 1.751546002924442291e-02 1.794819906353950500e-02 1.220462284982204437e-02 3.065061569213867188e-02 1.793110184371471405e-02 4.043112508952617645e-03 1.468844944611191750e-03 1.068926602602005005e-02 5.461275577545166016e-03 1.580659858882427216e-02 7.494315505027770996e-03 2.226655744016170502e-02 5.954681895673274994e-03 1.155158318579196930e-02 4.506492521613836288e-03 2.376108430325984955e-02 1.579909771680831909e-02 1.573545485734939575e-02 4.908329807221889496e-03 1.434378046542406082e-02 2.064528129994869232e-02
9.576956927776336670e-02 8.226036429405212402e-01 5.814074072986841202e-03 1.005596597678959370e-03 1.242172531783580780e-02 4.808381199836730957e-02 6.945610791444778442e-02 1.355199608951807022e-02 4.014906007796525955e-03 1.600576564669609070e-02 6.080401688814163208e-02 2.278279326856136322e-02 6.287139654159545898e-02 1.709994114935398102e-02 3.968533128499984741e-02 1.381504000164568424e-03 4.561849869787693024e-03 3.427426330745220184e-03 7.275132462382316589e-03 2.531398553401231766e-03 2.515472588129341602e-04 4.011621326208114624e-02 1.098984014242887497e-02 1.382827199995517731e-02 1.092644874006509781e-02 1.143456995487213135e-02 1.035425253212451935e-02 6.354364100843667984e-03 9.698515757918357849e-03 9.941427037119865417e-03 1.940273214131593704e-03 2.837926615029573441e-03 1.357481162995100021e-02 7.690723985433578491e-03 9.730433113873004913e-03 2.108410745859146118e-02 1.724033034406602383e-03 1.162056531757116318e-02 1.586879231035709381e-02 2.566699311137199402e-02 6.270395126193761826e-03 3.127570822834968567e-02 2.154747769236564636e-02 1.739849522709846497e-02 1.351805590093135834e-02 1.139468140900135040e-02 5.496574565768241882e-02 6.205773353576660156e-02 3.312562592327594757e-03 2.743660297710448503e-04 1.441054884344339371e-02 4.753368441015481949e-03 5.028437823057174683e-03 1.225745771080255508e-02 1.521821971982717514e-02 2.895004115998744965e-03 1.813231967389583588e-02 3.770097158849239349e-03 2.192240208387374878e-02 1.034119725227355957e-02 1.644619368016719818e-02 1.491513103246688843e-05 1.794374175369739532e-02 1.437138207256793976e-02 1.481112837791442871e-02 1.804739423096179962e-02 3.187257098034024239e-03 7.156074047088623047e-03 4.878120962530374527e-03 4.369689617305994034e-03 1.607514545321464539e-02 2.551828976720571518e-03 1.326846890151500702e-03 1.580705493688583374e-02 7.761536631733179092e-03 6.246329750865697861e-03 1.079381536692380905e-02 1.735132932662963867e-02 1.602069288492202759e-02 1.110217999666929245e-02 5.583730060607194901e-03 1.168017182499170303e-02 1.046556048095226288e-02 1.043405756354331970e-02 8.504863828420639038e-03 1.723056845366954803e-02 5.132562364451587200e-04 1.914183230837807059e-04 2.118482952937483788e-03 1.867264509201049805e-02 6.455412600189447403e-03 4.152079671621322632e-02 1.637935452163219452e-02 2.818419970571994781e-02 2.378422208130359650e-02 2.475811727344989777e-02 2.145136892795562744e-02 1.116667687892913818e-02 2.979524619877338409e-02 2.053597196936607361e-02 1.264437567442655563e-02 3.151438722852617502e-04 1.413719821721315384e-02 1.230197865515947342e-02 6.032130680978298187e-03 4.995909403078258038e-04 1.881991140544414520e-02 6.788659840822219849e-03 7.460785564035177231e-03 4.579535219818353653e-03 2.722504362463951111e-02 1.469712145626544952e-02 1.697444543242454529e-02 9.190713171847164631e-04 1.607508584856987000e-02 1.375189796090126038e-02
1.384072937071323395e-02 5.814074072986841202e-03 8.226036429405212402e-01 1.517572067677974701e-02 2.137173525989055634e-02 1.595904614077880979e-04 9.323673322796821594e-03 5.451837927103042603e-02 1.300578936934471130e-02 1.226268522441387177e-02 1.693581789731979370e-02 4.427578300237655640e-03 1.483278628438711166e-02 3.315877402201294899e-03 2.065089717507362366e-02 3.947778604924678802e-03 2.251592930406332016e-03 2.432557009160518646e-02 2.478778734803199768e-02 1.563074439764022827e-02 6.090631708502769470e-03 3.047884441912174225e-02 1.680538873188197613e-03 2.004971029236912727e-03 3.798975842073559761e-03 1.774627901613712311e-02 1.284181885421276093e-02 1.230404805392026901e-02 1.959755271673202515e-02 1.280932873487472534e-02 2.861365489661693573e-02 3.638087306171655655e-03 2.513441443443298340e-02 8.879954926669597626e-03 3.170192614197731018e-02 8.363463915884494781e-03 2.256890200078487396e-02 1.009875908493995667e-02 2.268853038549423218e-02 2.241174690425395966e-02 2.124645188450813293e-02 1.501467265188694000e-02 5.797604098916053772e-03 2.799904346466064453e-02 9.749164804816246033e-03 8.170059882104396820e-03 2.230383642017841339e-02 1.246832031756639481e-02 8.993303403258323669e-03 2.292262203991413116e-02 4.431627225130796432e-03 6.434958893805742264e-03 4.364436957985162735e-03 6.175198592245578766e-03 2.332829497754573822e-02 1.143443398177623749e-03 7.372420746833086014e-03 1.234468445181846619e-02 9.244172833859920502e-03 2.154978737235069275e-02 1.295575872063636780e-02 7.325477898120880127e-03 1.381079107522964478e-02 2.945602498948574066e-02 1.925402879714965820e-02 3.361730277538299561e-02 6.406371830962598324e-04 5.794847384095191956e-03 2.868846617639064789e-02 1.928378082811832428e-02 1.826690323650836945e-02 7.169079501181840897e-03 2.744391001760959625e-02 3.129760036244988441e-03 2.782739326357841492e-02 1.125876232981681824e-02 1.830206811428070068e-02 2.282846532762050629e-02 2.115780115127563477e-02 5.846220068633556366e-03 6.888940930366516113e-02 5.932192876935005188e-02 9.535310673527419567e-04 1.771858148276805878e-02 5.826248787343502045e-03 9.153393097221851349e-03 4.503972455859184265e-02 4.482449963688850403e-02 2.593095600605010986e-02 9.337187744677066803e-03 1.676318608224391937e-02 3.239489346742630005e-02 2.074860222637653351e-02 3.381915390491485596e-02 2.518004970625042915e-03 1.306866854429244995e-02 1.564168604090809822e-03 5.852403119206428528e-03 8.719315752387046814e-03 1.954002073034644127e-03 8.051007054746150970e-03 9.260143153369426727e-03 4.850090015679597855e-03 6.941634695976972580e-03 3.104411810636520386e-02 4.661766067147254944e-02 2.808015607297420502e-02 3.260272368788719177e-02 1.616085506975650787e-02 3.021372482180595398e-02 5.385871045291423798e-03 7.800326682627201080e-03 8.438861928880214691e-03 3.081773407757282257e-03 3.511299379169940948e-03 2.343498542904853821e-02
1.139912568032741547e-02 1.005596597678959370e-03 1.517572067677974701e-02 8.226036429405212402e-01 1.000520884990692139e-01 9.739536792039871216e-03 9.532623924314975739e-03 2.612143056467175484e-03 1.469729095697402954e-02 2.073067240417003632e-02 2.616695128381252289e-03 1.822238601744174957e-02 9.834995493292808533e-03 9.688483551144599915e-03 7.693946827203035355e-03 1.684850268065929413e-02 1.341114565730094910e-02 3.698250651359558105e-02 1.035865582525730133e-02 2.236774563789367676e-02 5.082452204078435898e-03 3.613954409956932068e-02 3.732165554538369179e-03 1.274772174656391144e-02 8.345143869519233704e-03 1.513342093676328659e-02 1.272772438824176788e-02 1.772942207753658295e-02 5.843697581440210342e-03 3.736400511115789413e-03 2.192200534045696259e-02 8.752893656492233276e-03 1.743026077747344971e-02 1.812635175883769989e-02 1.831783168017864227e-02 1.034930720925331116e-02 1.200778875499963760e-02 3.078253241255879402e-03 3.400490060448646545e-02 2.380802854895591736e-02 8.321109227836132050e-03 1.021451782435178757e-03 2.828433737158775330e-02 5.972250946797430515e-04 1.355292275547981262e-02 1.262848358601331711e-02 6.984353065490722656e-03 1.432073884643614292e-03 1.291809510439634323e-02 2.102944999933242798e-02 2.437207475304603577e-02 2.340349368751049042e-03 2.124547585844993591e-02 1.625026389956474304e-02 8.652445860207080841e-03 1.133078895509243011e-02 3.434431180357933044e-02 7.548003457486629486e-03 4.222027026116847992e-03 9.674273431301116943e-03 3.690361976623535156e-02 4.409119486808776855e-02 2.851599827408790588e-02 1.355222077108919621e-03 5.562032107263803482e-03 5.859856028109788895e-03 3.551508998498320580e-03 1.559260301291942596e-03 2.246093004941940308e-02 2.920740842819213867e-02 9.327778592705726624e-03 2.054907009005546570e-02 7.297782599925994873e-02 3.663218347355723381e-03 3.782491013407707214e-02 2.134553715586662292e-02 8.745018392801284790e-03 7.522697560489177704e-03 2.435302361845970154e-02 1.701872237026691437e-02 7.515353150665760040e-03 1.227529626339673996e-02 5.616892501711845398e-02 1.812285510823130608e-03 2.478611189872026443e-03 4.475439433008432388e-03 2.642315812408924103e-03 1.330958586186170578e-02 2.939207293093204498e-02 1.077344175428152084e-03 2.255794359371066093e-03 2.280143275856971741e-02 3.749832103494554758e-04 6.007175892591476440e-03 2.004754962399601936e-03 1.765780709683895111e-02 3.509370610117912292e-03 1.656358502805233002e-02 2.162899821996688843e-02 1.597688719630241394e-02 1.624824944883584976e-04 2.370699774473905563e-03 3.311738371849060059e-03 1.831925823353230953e-03 2.566156722605228424e-02 1.150526572018861771e-03 2.481018938124179840e-02 1.317795272916555405e-02 4.714624024927616119e-03 2.415359951555728912e-03 1.587749831378459930e-02 2.253242209553718567e-02 4.610636737197637558e-03 3.256932646036148071e-02 1.697422750294208527e-02 2.459501102566719055e-02
1.748909242451190948e-02 1.242172531783580780e-02 2.137173525989055634e-02 1.000520884990692139e-01 8.226036429405212402e-01 1.486600656062364578e-02 1.405635662376880646e-02 2.027245063800364733e-04 1.909146085381507874e-02 9.307697415351867676e-03 1.118340156972408295e-02 1.656248793005943298e-02 1.302559394389390945e-02 1.701102033257484436e-02 1.053896034136414528e-03 1.905228942632675171e-02 9.394585154950618744e-03 2.425521798431873322e-02 2.397526614367961884e-02 2.279409207403659821e-02 5.087282042950391769e-03 4.147027432918548584e-02 4.347136709839105606e-03 1.524387509562075138e-03 1.384846307337284088e-02 4.287733696401119232e-03 1.768456585705280304e-02 1.628406532108783722e-02 2.223185962066054344e-03 8.895623497664928436e-03 1.483802311122417450e-02 3.339570248499512672e-03 2.206303738057613373e-02 6.697994656860828400e-03 2.053815126419067383e-02 1.089907344430685043e-02 5.273671355098485947e-03 1.552326604723930359e-03 2.316883578896522522e-02 2.140354551374912262e-02 5.076636560261249542e-03 1.562325190752744675e-02 1.497567817568778992e-02 3.409320488572120667e-03 8.111279457807540894e-03 3.575613955035805702e-03 1.853298954665660858e-02 1.521323900669813156e-02 1.021662261337041855e-02 2.386960946023464203e-02 7.646365091204643250e-03 1.023292541503906250e-02 2.930450439453125000e-02 2.607060782611370087e-02 3.468660172075033188e-03 4.104970488697290421e-03 1.988585852086544037e-02 1.235733553767204285e-02 1.810366474092006683e-02 1.344697922468185425e-02 2.480785362422466278e-02 4.833573475480079651e-02 2.762760221958160400e-02 6.839317735284566879e-03 8.961583487689495087e-03 8.690035901963710785e-03 7.804093416780233383e-03 5.348805338144302368e-03 1.388423051685094833e-02 2.836951054632663727e-02 1.871811598539352417e-02 2.915072254836559296e-02 5.361289530992507935e-02 3.554036607965826988e-03 4.632359370589256287e-02 1.640259474515914917e-02 4.792280960828065872e-03 5.786962341517210007e-03 1.485971361398696899e-02 1.014708075672388077e-02 8.270478807389736176e-03 2.910200506448745728e-03 3.594711422920227051e-02 1.974114403128623962e-02 5.388990393839776516e-04 2.334098564460873604e-03 7.413865067064762115e-03 7.644761353731155396e-03 1.295861229300498962e-02 1.774973049759864807e-02 1.423979643732309341e-03 3.339241817593574524e-02 5.713830469176173210e-04 2.102861925959587097e-02 3.640185110270977020e-03 2.881688065826892853e-02 5.945901852101087570e-03 7.729060016572475433e-03 2.730255015194416046e-02 1.868782564997673035e-02 4.415152943693101406e-04 7.203494198620319366e-03 1.180597901111468673e-04 1.251489110291004181e-02 2.738599106669425964e-02 6.395902484655380249e-03 3.098597191274166107e-02 1.364417374134063721e-02 4.589171148836612701e-03 4.736894741654396057e-03 2.416615374386310577e-02 2.991824969649314880e-02 1.141663640737533569e-03 2.041889913380146027e-02 1.724971085786819458e-02 3.219493478536605835e-02
6.248707696795463562e-02 4.808381199836730957e-02 1.595904614077880979e-04 9.739536792039871216e-03 1.486600656062364578e-02 8.226036429405212402e-01 9.133159369230270386e-02 3.394106775522232056e-02 1.429501827806234360e-02 1.660976372659206390e-02 3.295750543475151062e-02 2.454980835318565369e-02 3.866708651185035706e-02 7.763191126286983490e-03 3.977300226688385010e-02 2.479000389575958252e-02 2.552155591547489166e-02 6.144937127828598022e-03 2.876549400389194489e-02 9.240225888788700104e-03 1.715735904872417450e-02 2.030774392187595367e-02 1.839665579609572887e-03 1.568708685226738453e-03 1.951207406818866730e-02 2.914339490234851837e-02 6.729619577527046204e-03 1.648429781198501587e-02 6.949778180569410324e-03 2.080840757116675377e-03 4.761413671076297760e-03 4.428488202393054962e-03 1.766035147011280060e-02 7.650073152035474777e-03 2.426725253462791443e-02 1.307586580514907837e-02 2.086819894611835480e-02 1.223706360906362534e-02 2.323358505964279175e-02 2.551937848329544067e-02 1.298831216990947723e-02 1.876443065702915192e-02 1.613084971904754639e-02 2.951735397800803185e-03 1.415401604026556015e-02 2.227443084120750427e-02 4.807665944099426270e-02 3.176604956388473511e-02 1.858626119792461395e-02 3.537026699632406235e-03 1.143875531852245331e-02 3.359570167958736420e-03 3.950411919504404068e-03 1.036274433135986328e-02 1.277836132794618607e-02 6.993100978434085846e-03 2.602708525955677032e-02 2.772841975092887878e-02 1.461535971611738205e-02 9.126722034125123173e-06 1.154886186122894287e-02 1.087483949959278107e-03 7.497369777411222458e-03 1.792234554886817932e-02 1.038824953138828278e-02 1.281320024281740189e-02 5.171277560293674469e-03 9.317687712609767914e-03 1.420601177960634232e-02 1.673092879354953766e-02 2.519888337701559067e-03 5.503069609403610229e-03 5.104246549308300018e-03 2.166586928069591522e-02 1.110442634671926498e-02 1.155826635658740997e-02 6.612694822251796722e-03 2.275558374822139740e-02 8.556160144507884979e-03 3.969928249716758728e-03 1.302625797688961029e-02 1.166792679578065872e-02 2.333917468786239624e-02 1.736319623887538910e-02 1.020670030266046524e-02 1.468991511501371861e-03 2.129360102117061615e-02 1.916534826159477234e-02 2.548873983323574066e-02 1.288045197725296021e-02 1.406507939100265503e-02 4.478920716792345047e-03 1.409500092267990112e-02 3.710208460688591003e-03 1.906899851746857166e-03 6.588253192603588104e-03 1.904183253645896912e-02 1.670055906288325787e-03 5.726154427975416183e-03 8.962731808423995972e-03 6.002371665090322495e-03 7.716823834925889969e-03 4.672085866332054138e-03 1.820226316340267658e-04 3.254760801792144775e-02 2.005722187459468842e-02 1.225616782903671265e-02 1.104974281042814255e-02 1.189673412591218948e-02 1.759086735546588898e-02 2.350836247205734253e-02 3.059432469308376312e-02 1.120895426720380783e-02 6.892288103699684143e-03 1.556969061493873596e-02 2.140526100993156433e-02
6.444758921861648560e-02 6.945610791444778442e-02 9.323673322796821594e-03 9.532623924314975739e-03 1.405635662376880646e-02 9.133159369230270386e-02 8.226036429405212402e-01 2.862720191478729248e-02 8.458588272333145142e-03 3.519305260851979256e-03 3.473618254065513611e-02 4.161313176155090332e-03 4.409034177660942078e-02 1.068997383117675781e-02 3.418662771582603455e-02 1.060744747519493103e-02 1.610258407890796661e-02 7.604458369314670563e-03 5.306058563292026520e-03 9.678770788013935089e-03 1.304413657635450363e-02 2.958904393017292023e-02 5.072268657386302948e-03 1.332255639135837555e-02 1.475378684699535370e-02 1.405697036534547806e-02 4.715254530310630798e-03 3.620171453803777695e-03 1.164267305284738541e-02 2.424340927973389626e-03 1.127536306739784777e-04 4.538026172667741776e-03 1.582629978656768799e-02 7.716307416558265686e-03 1.301469001919031143e-02 1.857498474419116974e-02 8.965634740889072418e-03 8.135030046105384827e-03 1.865372993052005768e-02 1.855753175914287567e-02 1.716955564916133881e-03 7.117146160453557968e-03 1.547295600175857544e-02 1.033097971230745316e-02 1.646500080823898315e-02 1.571766100823879242e-02 5.512660741806030273e-02 4.970918595790863037e-02 2.060556784272193909e-02 9.591230191290378571e-03 2.241840818896889687e-03 2.255678409710526466e-03 4.848774056881666183e-03 2.428206615149974823e-02 6.971873808652162552e-03 1.229699421674013138e-02 1.264926046133041382e-02 1.902667060494422913e-02 2.347714081406593323e-02 4.182976670563220978e-03 1.231836061924695969e-02 2.427133731544017792e-03 1.093602366745471954e-02 1.801139116287231445e-02 9.070055559277534485e-03 1.475042756646871567e-02 4.705659113824367523e-03 1.206220034509897232e-02 3.205507295206189156e-03 6.086591631174087524e-03 6.045709829777479172e-03 2.498369896784424782e-03 6.454847753047943115e-03 2.238163165748119354e-02 2.984712133184075356e-03 9.731480851769447327e-03 1.546043530106544495e-02 1.159775163978338242e-02 1.999095827341079712e-02 8.234164677560329437e-03 1.312249992042779922e-02 8.761308155953884125e-03 2.271080203354358673e-02 5.833208095282316208e-03 1.248923782259225845e-02 8.817522786557674408e-03 1.372685935348272324e-02 2.279592305421829224e-02 8.199870586395263672e-03 1.237547025084495544e-02 6.012292578816413879e-03 1.665249653160572052e-02 1.435254048556089401e-02 1.593794301152229309e-02 1.044111791998147964e-02 5.278756376355886459e-03 1.817623712122440338e-02 2.681098412722349167e-03 1.494526118040084839e-02 6.780790630728006363e-03 7.945437915623188019e-03 1.359813660383224487e-02 9.351480752229690552e-03 8.856560103595256805e-03 1.814826577901840210e-02 1.318901591002941132e-02 1.628307625651359558e-02 3.206579480320215225e-03 6.980714853852987289e-03 1.573400199413299561e-02 2.304350212216377258e-02 3.054932877421379089e-02 8.991510607302188873e-03 7.191623095422983170e-03 1.793359033763408661e-02 2.271293476223945618e-02
2.280537784099578857e-02 1.355199608951807022e-02 5.451837927103042603e-02 2.612143056467175484e-03 2.027245063800364733e-04 3.394106775522232056e-02 2.862720191478729248e-02 8.226036429405212402e-01 4.349405877292156219e-03 1.063405629247426987e-02 2.656966820359230042e-02 1.211338024586439133e-02 3.580286726355552673e-02 1.435602456331253052e-02 5.537961795926094055e-02 1.168034877628087997e-02 1.823108643293380737e-02 5.884494166821241379e-03 2.592298947274684906e-02 7.180547254392877221e-05 4.523352254182100296e-03 1.954307034611701965e-02 1.052049640566110611e-02 8.165582083165645599e-03 2.091584727168083191e-02 3.277911990880966187e-02 1.363110356032848358e-02 8.779618889093399048e-03 2.311747148633003235e-02 1.225970312952995300e-02 2.448481135070323944e-02 4.148241132497787476e-03 3.595785796642303467e-02 1.122203189879655838e-02 3.468647599220275879e-02 1.020888146013021469e-02 1.164893526583909988e-02 1.016035303473472595e-02 2.721509337425231934e-02 2.030767686665058136e-02 1.827584765851497650e-02 4.529584548436105251e-04 1.324366685003042221e-02 2.222201041877269745e-02 1.191517920233309269e-03 1.058597932569682598e-03 2.489139139652252197e-02 1.890302449464797974e-02 1.012499723583459854e-02 2.364578656852245331e-02 4.922933410853147507e-03 9.371251799166202545e-03 3.563265874981880188e-02 3.315151482820510864e-02 1.835098024457693100e-03 1.155217271298170090e-02 2.617295272648334503e-02 3.786358982324600220e-02 1.895740814507007599e-02 3.278578445315361023e-02 7.832558825612068176e-03 3.502064850181341171e-03 1.812719739973545074e-02 3.723154962062835693e-02 1.226792484521865845e-02 2.955874055624008179e-02 3.080516122281551361e-03 1.337980618700385094e-03 6.773776374757289886e-03 9.954218752682209015e-03 7.245922461152076721e-03 7.569144014269113541e-03 5.576856434345245361e-03 1.093937270343303680e-02 1.121610752306878567e-03 1.122416555881500244e-02 7.542385254055261612e-03 1.570130512118339539e-02 9.395657107234001160e-03 6.290307268500328064e-03 6.599018722772598267e-02 5.527706071734428406e-02 1.133927516639232635e-02 1.293385867029428482e-02 1.250824891030788422e-02 1.467149052768945694e-02 6.148696318268775940e-02 5.465451627969741821e-02 1.025736145675182343e-02 2.131130779162049294e-03 3.100170381367206573e-02 1.235834555700421333e-03 3.240420296788215637e-02 4.565877374261617661e-03 1.227393280714750290e-02 1.984055852517485619e-03 9.618046693503856659e-03 1.114655286073684692e-02 6.111873313784599304e-03 1.132191903889179230e-02 7.997194305062294006e-03 9.679332375526428223e-03 7.335880305618047714e-03 8.522023446857929230e-03 4.158670082688331604e-02 4.553530737757682800e-02 1.159664243459701538e-02 3.427874669432640076e-02 1.751817390322685242e-02 3.999844193458557129e-02 7.625003345310688019e-03 1.662395521998405457e-02 1.790761132724583149e-03 2.788184443488717079e-03 1.458693761378526688e-02 1.408252026885747910e-02
1.521436031907796860e-02 4.014906007796525955e-03 1.300578936934471130e-02 1.469729095697402954e-02 1.909146085381507874e-02 1.429501827806234360e-02 8.458588272333145142e-03 4.349405877292156219e-03 8.226036429405212402e-01 4.225147143006324768e-02 9.917463175952434540e-03 2.613480761647224426e-02 8.894425816833972931e-03 2.096626674756407738e-03 5.670904647558927536e-03 2.018826454877853394e-02 6.839655805379152298e-03 3.357535228133201599e-02 8.463011123239994049e-03 4.777773749083280563e-03 5.867049563676118851e-03 5.244494415819644928e-03 2.952205389738082886e-02 2.358761802315711975e-02 1.404393406119197607e-04 1.885030069388449192e-03 8.943811990320682526e-03 1.766038313508033752e-02 2.017122879624366760e-02 2.173298597335815430e-02 1.940523087978363037e-02 2.879973314702510834e-02 9.805912151932716370e-03 2.318391948938369751e-02 1.591072883456945419e-03 4.918346181511878967e-03 1.082032080739736557e-02 2.188988728448748589e-03 1.713983900845050812e-02 2.668841741979122162e-02 2.318813698366284370e-03 3.744909539818763733e-02 2.785249147564172745e-03 9.841990657150745392e-03 3.732349956408143044e-03 1.085172127932310104e-02 2.485803270246833563e-04 6.858351640403270721e-03 3.743682056665420532e-02 3.035583905875682831e-02 9.624981321394443512e-03 6.100327707827091217e-03 4.391210153698921204e-03 3.195966780185699463e-02 5.478911846876144409e-02 5.245273932814598083e-02 2.081260271370410919e-02 8.135381154716014862e-03 1.483583915978670120e-02 1.017682906240224838e-02 1.336889620870351791e-02 1.261114515364170074e-02 3.886643424630165100e-02 1.168980449438095093e-02 1.350470352917909622e-02 1.829755865037441254e-02 4.420046228915452957e-03 1.660709152929484844e-03 4.149116203188896179e-02 7.818791083991527557e-03 2.055840007960796356e-02 3.683178219944238663e-03 2.736415714025497437e-02 1.091501861810684204e-02 1.884158514440059662e-02 1.045125816017389297e-02 8.752568066120147705e-02 3.218373283743858337e-02 3.658777847886085510e-02 2.793145831674337387e-03 9.248930029571056366e-03 1.555854803882539272e-03 2.570253051817417145e-02 2.661237865686416626e-02 1.373446080833673477e-02 1.636712439358234406e-02 1.314676715992391109e-03 4.048162605613470078e-03 5.836306605488061905e-03 2.257349155843257904e-02 5.460588727146387100e-03 1.294811628758907318e-02 1.773174107074737549e-02 9.180852212011814117e-03 1.306836400181055069e-02 1.462034787982702255e-02 5.800999235361814499e-03 4.282325971871614456e-03 5.176412314176559448e-02 4.030854254961013794e-02 5.202647764235734940e-03 4.341883119195699692e-03 4.501066170632839203e-03 7.959634065628051758e-03 9.742001071572303772e-03 2.833677083253860474e-02 1.152554247528314590e-02 9.909763000905513763e-03 2.530688187107443810e-03 1.419078465551137924e-02 5.474403034895658493e-03 4.803519695997238159e-03 8.202129974961280823e-03 1.283655874431133270e-03 9.633357636630535126e-03 7.101450581103563309e-03
2.170564047992229462e-02 1.600576564669609070e-02 1.226268522441387177e-02 2.073067240417003632e-02 9.307697415351867676e-03 1.660976372659206390e-02 3.519305260851979256e-03 1.063405629247426987e-02 4.225147143006324768e-02 8.226036429405212402e-01 2.153447642922401428e-02 1.674143597483634949e-02 5.344126839190721512e-03 1.326725725084543228e-02 1.381676457822322845e-02 2.443019673228263855e-02 2.903425320982933044e-02 1.572358608245849609e-02 5.654414743185043335e-02 5.325702484697103500e-03 1.411990914493799210e-02 1.590836234390735626e-02 3.528313711285591125e-02 5.388465523719787598e-02 1.014724653214216232e-02 9.787511080503463745e-04 8.923055604100227356e-03 3.876303508877754211e-02 2.144594473065808415e-04 1.758409105241298676e-02 7.046505343168973923e-03 2.935842797160148621e-02 6.717897020280361176e-03 3.702918812632560730e-02 2.316639386117458344e-02 5.624656565487384796e-03 1.344959437847137451e-02 1.462829182855784893e-03 4.537902772426605225e-03 2.454591542482376099e-02 2.802393166348338127e-03 1.406486844643950462e-03 7.001433521509170532e-03 1.488390751183032990e-02 2.564668655395507812e-03 7.243189495056867599e-03 1.150257419794797897e-02 1.365280710160732269e-02 2.872947417199611664e-02 4.175189882516860962e-02 2.988784387707710266e-02 2.441590093076229095e-02 5.006163846701383591e-03 1.552641484886407852e-02 2.306806854903697968e-02 5.647105723619461060e-02 2.679475583136081696e-02 9.878561832010746002e-03 4.589682910591363907e-03 1.220137113705277443e-03 4.518406465649604797e-03 1.454573497176170349e-02 3.186646848917007446e-02 2.376127243041992188e-02 1.171199977397918701e-02 1.306392252445220947e-02 1.857450231909751892e-03 3.682830836623907089e-03 1.197092514485120773e-02 2.898616483435034752e-03 2.410044893622398376e-02 7.400391623377799988e-03 3.033101744949817657e-02 1.703348476439714432e-03 4.483163822442293167e-03 2.112049050629138947e-02 1.465482078492641449e-02 6.638773530721664429e-02 1.482975296676158905e-02 6.267769634723663330e-02 4.147538449615240097e-03 9.537744917906820774e-04 1.796412840485572815e-02 7.000545412302017212e-02 1.422164868563413620e-02 3.088231943547725677e-02 2.354823052883148193e-03 3.469142538961023092e-04 3.419400006532669067e-02 1.601810753345489502e-02 1.023300085216760635e-02 1.619589328765869141e-02 1.078485697507858276e-02 2.221731655299663544e-02 1.565120741724967957e-02 1.415864378213882446e-02 3.476114943623542786e-03 1.897533796727657318e-02 2.690390869975090027e-02 4.704786464571952820e-02 1.803436875343322754e-02 2.223288081586360931e-02 2.940238919109106064e-03 1.343359984457492828e-02 2.100992389023303986e-02 1.208324730396270752e-02 6.253289175219833851e-04 1.924215070903301239e-02 1.316942367702722549e-02 1.057035988196730614e-03 2.166135469451546669e-03 1.866676099598407745e-02 1.721911830827593803e-03 3.881760174408555031e-03 5.985317286103963852e-03 1.439706888049840927e-02
7.256839424371719360e-02 6.080401688814163208e-02 1.693581789731979370e-02 2.616695128381252289e-03 1.118340156972408295e-02 3.295750543475151062e-02 3.473618254065513611e-02 2.656966820359230042e-02 9.917463175952434540e-03 2.153447642922401428e-02 8.226036429405212402e-01 1.642446033656597137e-02 6.455387175083160400e-02 3.141770139336585999e-02 3.645340353250503540e-02 8.031119796214625239e-05 7.887705229222774506e-03 7.787797134369611740e-03 1.968168094754219055e-02 2.080489648506045341e-03 7.902737706899642944e-03 3.634971752762794495e-02 5.788759794086217880e-03 1.599480211734771729e-02 3.652639454230666161e-03 7.504679262638092041e-03 3.649708116427063942e-03 1.555749401450157166e-02 2.204079553484916687e-02 2.539380453526973724e-02 2.582894824445247650e-02 1.584373787045478821e-02 1.747904159128665924e-02 1.380465365946292877e-02 2.490514889359474182e-02 3.010220825672149658e-03 1.337092649191617966e-02 5.740591441281139851e-04 1.042970456182956696e-02 1.028885599225759506e-02 1.500421296805143356e-02 1.278745010495185852e-02 1.282234117388725281e-02 1.380223967134952545e-02 2.152836183086037636e-03 9.154163300991058350e-03 5.877622961997985840e-02 5.681824311614036560e-02 1.730170659720897675e-02 4.967851418768987060e-05 6.329293246380984783e-04 7.626225706189870834e-03 5.560829769819974899e-03 1.865613157860934734e-03 1.331975916400551796e-03 2.217367058619856834e-03 1.464584004133939743e-02 4.627591181360912742e-07 4.048346541821956635e-03 1.029323320835828781e-02 7.991519756615161896e-03 1.129871452576480806e-04 1.091499067842960358e-02 1.328233629465103149e-02 4.869991913437843323e-02 4.283714666962623596e-02 2.006937377154827118e-02 1.892407238483428955e-02 1.058092247694730759e-02 7.186376024037599564e-03 3.387784585356712341e-03 5.465885624289512634e-03 1.298771589063107967e-03 1.350684370845556259e-02 1.602503098547458649e-02 1.048551220446825027e-02 2.201117761433124542e-02 2.149702049791812897e-02 9.462922811508178711e-03 1.564115099608898163e-02 1.177999842911958694e-02 2.152414526790380478e-03 1.210553804412484169e-03 1.655969582498073578e-02 1.245304476469755173e-02 1.583912782371044159e-02 3.111048974096775055e-02 2.788832038640975952e-02 3.600295458454638720e-04 2.868667617440223694e-02 3.187189623713493347e-02 5.092604830861091614e-02 3.324284031987190247e-02 3.164916858077049255e-02 1.028984971344470978e-02 2.696121577173471451e-03 1.502747088670730591e-02 1.165248360484838486e-02 1.333602331578731537e-02 3.939219750463962555e-04 1.727726124227046967e-02 1.948752999305725098e-02 8.934698067605495453e-03 1.185693312436342239e-02 9.855334646999835968e-03 7.761522661894559860e-03 1.142338663339614868e-02 6.608506198972463608e-03 5.189656279981136322e-03 3.112975740805268288e-03 1.643186435103416443e-02 1.440190430730581284e-02 5.861679557710886002e-03 5.735348910093307495e-03 3.502239705994725227e-03 1.375677529722452164e-02
5.919388029724359512e-03 2.278279326856136322e-02 4.427578300237655640e-03 1.822238601744174957e-02 1.656248793005943298e-02 2.454980835318565369e-02 4.161313176155090332e-03 1.211338024586439133e-02 2.613480761647224426e-02 1.674143597483634949e-02 1.642446033656597137e-02 8.226036429405212402e-01 3.269657120108604431e-02 8.012833446264266968e-02 4.802855663001537323e-03 2.238186076283454895e-03 1.598417572677135468e-02 1.238529104739427567e-02 2.619587071239948273e-02 1.916663488373160362e-03 4.495429806411266327e-03 1.802439242601394653e-02 1.239851024001836777e-02 5.226023960858583450e-03 6.659912876784801483e-03 1.008703373372554779e-02 8.252225816249847412e-03 5.795178934931755066e-02 1.074187085032463074e-02 3.926150500774383545e-02 3.708414442371577024e-04 1.310569234192371368e-02 1.123075745999813080e-02 8.008511736989021301e-03 5.089521873742341995e-03 9.933684952557086945e-03 4.912506323307752609e-03 8.511304040439426899e-04 1.874007470905780792e-02 1.293225772678852081e-02 8.248640224337577820e-03 8.740161545574665070e-03 1.019376888871192932e-02 2.711972920224070549e-04 4.475208371877670288e-02 2.264154702425003052e-02 1.191963627934455872e-02 6.674561183899641037e-03 4.630964249372482300e-03 1.559431664645671844e-02 1.286277081817388535e-03 1.782162487506866455e-02 2.158277481794357300e-02 1.595470868051052094e-02 6.811202503740787506e-03 2.823000308126211166e-03 2.860680595040321350e-02 3.223463147878646851e-02 3.615481406450271606e-02 2.519265003502368927e-02 2.996896579861640930e-02 1.303195208311080933e-02 2.226635813713073730e-03 1.351021695882081985e-02 6.835690699517726898e-03 1.698124222457408905e-03 9.964439086616039276e-03 8.781670592725276947e-03 8.279569447040557861e-03 8.290031924843788147e-03 1.725883036851882935e-02 2.192883519455790520e-03 2.411737479269504547e-02 1.428203191608190536e-02 2.848768047988414764e-02 3.442269284278154373e-03 2.511964738368988037e-02 1.155171357095241547e-02 4.503854736685752869e-02 3.143309615552425385e-03 7.217546924948692322e-03 1.492244936525821686e-02 7.000975776463747025e-03 1.311434991657733917e-02 7.841720245778560638e-03 7.661689538508653641e-03 2.098785340785980225e-02 6.617394974455237389e-04 2.905940636992454529e-02 3.254491463303565979e-02 3.535288944840431213e-02 2.923750877380371094e-02 1.302808988839387894e-02 1.346890069544315338e-02 1.212231535464525223e-02 9.402710013091564178e-03 1.661220937967300415e-02 2.317828126251697540e-02 1.605907455086708069e-02 1.632005907595157623e-02 2.241154434159398079e-03 8.104744367301464081e-03 1.875438168644905090e-02 2.402488701045513153e-02 1.902376860380172729e-02 6.425564177334308624e-03 3.802384715527296066e-03 3.605705127120018005e-02 7.414679508656263351e-03 2.579735033214092255e-02 1.879244297742843628e-02 1.166180986911058426e-02 2.504504751414060593e-03 4.294406156986951828e-03 1.394129078835248947e-02 1.297090202569961548e-02
5.277889221906661987e-02 6.287139654159545898e-02 1.483278628438711166e-02 9.834995493292808533e-03 1.302559394389390945e-02 3.866708651185035706e-02 4.409034177660942078e-02 3.580286726355552673e-02 8.894425816833972931e-03 5.344126839190721512e-03 6.455387175083160400e-02 3.269657120108604431e-02 8.226036429405212402e-01 3.244515880942344666e-02 5.601434037089347839e-02 2.651769109070301056e-02 9.172115474939346313e-03 2.130435407161712646e-02 1.534120924770832062e-02 7.843779399991035461e-03 8.500776253640651703e-03 3.584505245089530945e-02 1.148383598774671555e-02 3.837844589725136757e-03 2.025356702506542206e-02 1.853607036173343658e-02 1.809612475335597992e-02 2.307232469320297241e-02 2.511759102344512939e-02 2.705403789877891541e-02 3.407902270555496216e-02 8.416214957833290100e-03 2.654558420181274414e-02 9.699451737105846405e-03 1.793950237333774567e-02 6.896769627928733826e-03 4.950995091348886490e-03 6.124557694420218468e-05 1.287274714559316635e-02 1.205271761864423752e-02 8.955187164247035980e-03 1.930777169764041901e-02 2.144758589565753937e-02 3.053559223189949989e-03 1.134064793586730957e-02 1.225699111819267273e-02 4.561150446534156799e-02 4.886271804571151733e-02 7.534055504947900772e-03 1.869518123567104340e-02 9.031734429299831390e-03 3.075870685279369354e-03 1.231056451797485352e-02 3.164131427183747292e-03 1.206680480390787125e-02 2.189894439652562141e-03 6.696064956486225128e-03 5.703108385205268860e-03 3.011606633663177490e-03 1.545919012278318405e-02 2.841573394834995270e-02 1.784908701665699482e-03 1.409609243273735046e-02 1.691429689526557922e-02 3.276843577623367310e-02 4.114070534706115723e-02 4.184702876955270767e-03 1.412093843100592494e-04 2.170158736407756805e-02 1.080083847045898438e-02 5.092919338494539261e-03 9.773291647434234619e-03 3.456477774307131767e-03 1.956975460052490234e-02 2.196660498157143593e-03 1.044683065265417099e-02 9.748474694788455963e-03 1.419486757367849350e-02 2.292755432426929474e-02 2.095433417707681656e-03 1.033471710979938507e-02 1.366966590285301208e-02 2.262157620862126350e-03 4.827292636036872864e-03 3.172161523252725601e-03 1.652490580454468727e-03 3.063386678695678711e-02 4.534943401813507080e-02 2.006657421588897705e-03 2.592365816235542297e-02 2.604992128908634186e-02 2.982817962765693665e-02 3.496469184756278992e-02 1.909962482750415802e-02 2.691179141402244568e-02 1.690956391394138336e-02 1.861421950161457062e-02 1.975668407976627350e-02 1.557597424834966660e-02 8.342717774212360382e-03 1.276494818739593029e-03 2.243110677227377892e-03 1.190353929996490479e-02 2.386692725121974945e-02 1.449653506278991699e-02 1.000946573913097382e-02 6.825750693678855896e-03 6.687437999062240124e-04 1.118948031216859818e-02 1.057340297847986221e-02 2.197560295462608337e-02 2.228370122611522675e-02 9.652803651988506317e-03 5.222596693783998489e-03 1.203534007072448730e-02 6.399587728083133698e-03
