8.175715804100036621e-01 7.265736162662506104e-02 2.369367517530918121e-03 1.396964117884635925e-02 4.301053006201982498e-03 7.229970395565032959e-02 5.379824340343475342e-02 6.392891984432935715e-03 1.926046237349510193e-02 2.226919680833816528e-02 7.796824723482131958e-02 1.146888360381126404e-03 6.504726409912109375e-02 5.362263415008783340e-03 1.858640834689140320e-02 1.439270935952663422e-02 2.099915407598018646e-02 5.935425870120525360e-03 7.673182990401983261e-03 1.406531874090433121e-02 1.393016800284385681e-02 1.588091626763343811e-02 1.615102775394916534e-02 5.061725154519081116e-03 2.523768693208694458e-02 1.592745445668697357e-02 7.437148597091436386e-03 1.292354660108685493e-03 3.160955756902694702e-02 7.858448661863803864e-04 1.457135193049907684e-02 1.133835036307573318e-02 1.270231977105140686e-02 2.185516245663166046e-02 3.736338578164577484e-03 6.079158280044794083e-03 1.344930264167487621e-03 2.325354330241680145e-02 3.920531366020441055e-03 1.903671072795987129e-03 1.129078771919012070e-02 1.547142863273620605e-02 6.964247673749923706e-03 3.210042370483279228e-03 2.627932280302047729e-02 1.785306632518768311e-02 7.129631191492080688e-02 4.062037914991378784e-02 2.444061450660228729e-02 9.439361281692981720e-03 8.993687108159065247e-03 1.598976738750934601e-02 1.536327647045254707e-03 1.578443869948387146e-02 1.333396695554256439e-02 1.542166923172771931e-03 3.745296271517872810e-03 1.430253996659303084e-05 1.135194860398769379e-02 6.823009345680475235e-03 1.164815947413444519e-02 8.313386933878064156e-04 1.208009850233793259e-02 4.108074121177196503e-03 4.186013340950012207e-02 3.874287009239196777e-02 3.390771802514791489e-03 1.133277919143438339e-02 5.957460496574640274e-03 1.586867310106754303e-02 3.558012656867504120e-03 1.279382500797510147e-02 1.920037344098091125e-02 1.403499487787485123e-02 1.839637011289596558e-02 4.973545670509338379e-03 1.776549220085144043e-02 2.061937004327774048e-02 1.490524318069219589e-02 1.239778660237789154e-02 1.581262610852718353e-02 6.433181930333375931e-03 1.578747108578681946e-02 9.941511787474155426e-03 3.450966905802488327e-03 1.414361968636512756e-02 1.234486326575279236e-02 2.779799140989780426e-02 1.020205393433570862e-02 1.537534501403570175e-02 5.098858103156089783e-02 3.469238430261611938e-02 3.221311420202255249e-02 1.782850176095962524e-02 8.029488846659660339e-03 1.119909808039665222e-02 8.917160332202911377e-03 7.332761771976947784e-03 2.112155035138130188e-02 1.350297871977090836e-02 1.747927255928516388e-02 2.110840519890189171e-03 8.260863833129405975e-03 4.778734408318996429e-03 1.019288320094347000e-02 2.387812593951821327e-03 1.348254643380641937e-02 2.028486877679824829e-02 8.063741261139512062e-04 1.241810340434312820e-02 3.081115428358316422e-03 6.700308062136173248e-03 1.853782311081886292e-02 2.029018243774771690e-03 1.868624053895473480e-02 2.148116007447242737e-03
7.265736162662506104e-02 8.175715804100036621e-01 5.119371227920055389e-03 1.194286625832319260e-02 1.683111535385251045e-03 6.919481605291366577e-02 6.581056863069534302e-02 7.832866162061691284e-03 8.098090067505836487e-03 1.291325874626636505e-02 4.984117671847343445e-02 6.707313470542430878e-03 6.904724985361099243e-02 7.887426763772964478e-04 2.451860532164573669e-02 2.090526744723320007e-02 2.307593263685703278e-02 2.671063877642154694e-03 1.824961416423320770e-02 1.784368604421615601e-02 4.523416981101036072e-03 1.349098794162273407e-02 1.292869262397289276e-02 8.263646624982357025e-03 1.590227149426937103e-02 9.516535326838493347e-03 3.443979891017079353e-03 2.025024034082889557e-03 2.798349596560001373e-02 1.734313555061817169e-03 3.175392746925354004e-02 1.123806834220886230e-02 1.397907268255949020e-03 1.951758936047554016e-02 1.623393472982570529e-04 9.506352245807647705e-03 1.883942447602748871e-02 3.083929652348160744e-03 7.988097146153450012e-03 4.907709546387195587e-03 9.793367935344576836e-04 2.639191038906574249e-02 2.984128147363662720e-02 3.611381398513913155e-03 2.901668660342693329e-02 7.467695395462214947e-04 5.134716629981994629e-02 5.798614397644996643e-02 1.846010796725749969e-02 9.378333576023578644e-03 2.161730080842971802e-02 3.429034724831581116e-02 5.907655227929353714e-03 5.572219961322844028e-04 1.909503526985645294e-02 1.860119635239243507e-03 1.040349621325731277e-02 1.516034244559705257e-03 1.744852028787136078e-02 1.715297251939773560e-02 5.936069646850228310e-04 1.037178561091423035e-02 1.831584726460278034e-03 7.523638778366148472e-04 3.241921961307525635e-02 5.027810484170913696e-02 6.676192861050367355e-03 8.491586777381598949e-04 5.797406192868947983e-03 1.601433567702770233e-02 7.524801883846521378e-03 6.791739258915185928e-03 1.558823790401220322e-02 1.877566985785961151e-02 1.175102405250072479e-02 3.342414274811744690e-03 4.985805135220289230e-03 2.022274769842624664e-02 3.333635162562131882e-03 2.148926025256514549e-03 2.189335413277149200e-02 9.942285250872373581e-04 2.645163238048553467e-02 2.727610431611537933e-02 3.771302057430148125e-03 6.909204646944999695e-03 5.689496640115976334e-03 4.633423313498497009e-02 2.074915543198585510e-02 2.022417262196540833e-02 4.816283285617828369e-02 2.453154139220714569e-02 5.314720422029495239e-02 2.454224973917007446e-02 1.112691871821880341e-02 3.353633452206850052e-03 8.289679884910583496e-03 3.717264393344521523e-03 1.363238599151372910e-02 1.370647270232439041e-02 2.127162180840969086e-02 9.735363535583019257e-03 9.253506548702716827e-03 3.191030817106366158e-03 4.314774181693792343e-03 3.512070397846400738e-04 2.165875164791941643e-03 1.795513741672039032e-02 8.817219175398349762e-03 2.343123033642768860e-02 8.250764571130275726e-03 7.314920891076326370e-03 2.891650795936584473e-02 2.822551503777503967e-02 1.141277793794870377e-02 1.848763320595026016e-03
2.369367517530918121e-03 5.119371227920055389e-03 8.175715804100036621e-01 7.023406215012073517e-03 5.675246007740497589e-03 5.290332483127713203e-04 5.000714678317308426e-03 5.934909731149673462e-02 1.909879595041275024e-02 2.777636609971523285e-02 1.688176579773426056e-02 6.916030542925000191e-04 6.840087473392486572e-03 3.417295636609196663e-03 2.890005148947238922e-02 1.479438785463571548e-02 3.191437106579542160e-03 1.000107452273368835e-02 2.373735979199409485e-02 1.725150458514690399e-02 1.010530628263950348e-02 2.241078577935695648e-02 2.426772378385066986e-03 7.844396866858005524e-03 1.379282772541046143e-02 1.162974070757627487e-02 2.896989136934280396e-02 8.490991895087063313e-04 3.314296482130885124e-03 4.152789711952209473e-03 1.129128970205783844e-03 3.119756653904914856e-02 3.734674677252769470e-02 2.414634451270103455e-02 3.041183948516845703e-02 1.942428760230541229e-02 1.428704708814620972e-02 4.066105931997299194e-03 1.886359415948390961e-02 3.088377416133880615e-03 8.569564670324325562e-03 1.264483667910099030e-02 5.141191650182008743e-03 2.530975453555583954e-02 3.400339558720588684e-02 2.954019792377948761e-02 2.568464493378996849e-03 1.854843087494373322e-02 5.796672310680150986e-03 4.032466094940900803e-03 1.505829673260450363e-02 6.569425575435161591e-03 5.046460777521133423e-03 1.605077087879180908e-02 4.507164005190134048e-03 7.641186239197850227e-04 1.416273973882198334e-02 1.069246698170900345e-02 2.053164318203926086e-02 1.710023730993270874e-02 3.405447304248809814e-02 3.174443170428276062e-02 4.195059463381767273e-02 2.165433019399642944e-02 5.489104893058538437e-03 1.270890608429908752e-02 1.627845875918865204e-02 1.362296007573604584e-02 2.902007661759853363e-03 1.070159580558538437e-02 1.854360848665237427e-02 1.642375811934471130e-02 3.896381705999374390e-03 1.221946347504854202e-02 6.466084625571966171e-03 2.431976608932018280e-02 1.427121460437774658e-02 2.305059507489204407e-02 2.485683001577854156e-02 1.270347181707620621e-02 6.868631392717361450e-02 4.384000971913337708e-02 1.167339552193880081e-02 4.023715853691101074e-03 7.771755568683147430e-03 2.328703878447413445e-03 4.219543188810348511e-02 3.419703617691993713e-02 2.854673191905021667e-02 1.532809343189001083e-02 1.224042568355798721e-02 2.470959909260272980e-02 1.503680273890495300e-02 2.407541312277317047e-02 3.992903977632522583e-03 1.589071191847324371e-02 1.194162643514573574e-03 2.630454301834106445e-02 1.796809025108814240e-02 2.049230411648750305e-02 9.291948750615119934e-03 4.046267364174127579e-03 3.502475563436746597e-03 1.658252067863941193e-02 2.354776300489902496e-02 1.917060092091560364e-02 1.774278841912746429e-02 1.040046010166406631e-02 1.839015819132328033e-02 1.951332553289830685e-03 1.902717910706996918e-02 1.659170538187026978e-02 2.389716915786266327e-03 1.349492557346820831e-02 2.613747119903564453e-02 8.716515265405178070e-03
1.396964117884635925e-02 1.194286625832319260e-02 7.023406215012073517e-03 8.175715804100036621e-01 7.328109443187713623e-02 1.615037769079208374e-02 2.053127437829971313e-02 6.593882571905851364e-03 3.201479092240333557e-02 1.613496616482734680e-02 1.875550113618373871e-02 1.174878608435392380e-02 1.062704622745513916e-02 2.259488776326179504e-02 1.049634348601102829e-02 6.015450228005647659e-03 9.070020169019699097e-03 5.404891911894083023e-03 2.056887000799179077e-02 1.278990763239562511e-03 1.437332830391824245e-03 1.332099363207817078e-02 9.557968005537986755e-03 2.145462855696678162e-02 9.177080355584621429e-03 1.350785954855382442e-03 2.022525854408740997e-02 4.245075583457946777e-02 2.614649757742881775e-02 4.230470955371856689e-02 9.227246046066284180e-03 8.602911606431007385e-03 8.229873143136501312e-03 8.008447475731372833e-03 9.268086287193000317e-04 6.769019179046154022e-03 6.138809490948915482e-03 1.797542348504066467e-02 4.305594787001609802e-02 3.935640677809715271e-02 1.322591118514537811e-02 4.452895373106002808e-03 6.106426008045673370e-03 1.768155023455619812e-02 1.302281580865383148e-02 1.135369064286351204e-03 1.916153170168399811e-02 2.714632265269756317e-02 6.981986574828624725e-03 4.691807087510824203e-03 4.458406474441289902e-03 5.212872289121150970e-03 3.609279543161392212e-02 2.075516246259212494e-02 1.058306638151407242e-02 1.551380939781665802e-02 3.714199701789766550e-04 1.944548822939395905e-02 3.241634368896484375e-02 3.396781161427497864e-02 1.362039707601070404e-02 1.890519261360168457e-02 4.395982250571250916e-03 3.017621114850044250e-03 4.511683806777000427e-02 2.251124568283557892e-02 5.470871459692716599e-03 1.580338343046605587e-03 1.083455514162778854e-03 1.551594398915767670e-02 3.343465737998485565e-03 8.630422875285148621e-03 6.491020321846008301e-02 2.373236976563930511e-02 5.015911906957626343e-02 1.544908341020345688e-02 2.484600059688091278e-02 3.049637004733085632e-02 1.619543507695198059e-02 3.912053257226943970e-02 7.796327699907124043e-04 8.510391227900981903e-03 2.020476572215557098e-02 1.412658020853996277e-02 2.490854123607277870e-03 1.209552492946386337e-02 5.538897588849067688e-03 8.054947480559349060e-03 4.334991332143545151e-03 9.838984347879886627e-03 2.590847760438919067e-02 2.775607630610466003e-02 2.680849283933639526e-02 7.913410663604736328e-03 3.108266741037368774e-03 2.897653030231595039e-03 3.017503023147583008e-02 7.030765060335397720e-03 1.630930975079536438e-02 9.730840101838111877e-03 1.374826766550540924e-02 1.299302000552415848e-02 3.169970959424972534e-02 1.106708869338035583e-02 2.378056943416595459e-02 1.465575955808162689e-02 1.318953465670347214e-02 2.114160917699337006e-02 8.202128112316131592e-03 3.018062934279441833e-02 1.855917647480964661e-02 1.309709157794713974e-02 6.985267624258995056e-03 4.450101405382156372e-03 4.985585343092679977e-03 5.408159922808408737e-03
4.301053006201982498e-03 1.683111535385251045e-03 5.675246007740497589e-03 7.328109443187713623e-02 8.175715804100036621e-01 1.238571014255285263e-02 1.681177504360675812e-02 2.177622402086853981e-03 2.585158310830593109e-02 2.730399742722511292e-02 1.259928010404109955e-02 2.278254833072423935e-03 1.151100918650627136e-02 1.773245073854923248e-02 1.122492551803588867e-02 6.928343209438025951e-04 1.554511487483978271e-02 1.263012550771236420e-02 2.587358839809894562e-02 5.260354373604059219e-03 5.107551813125610352e-03 2.092886529862880707e-02 4.742430057376623154e-03 1.392539218068122864e-02 1.999240368604660034e-02 5.542920902371406555e-03 2.432527579367160797e-02 3.978965431451797485e-02 1.849630847573280334e-02 4.002485051751136780e-02 1.880996674299240112e-02 8.505494333803653717e-03 1.021077018231153488e-02 7.105133961886167526e-03 3.317853203043341637e-03 6.141361081972718239e-04 3.181900363415479660e-03 1.400220394134521484e-02 5.073028057813644409e-02 4.966549947857856750e-02 1.642238348722457886e-02 1.105273375287652016e-03 8.471859619021415710e-03 2.159197255969047546e-02 2.908412832766771317e-03 4.219240508973598480e-03 1.444403082132339478e-02 1.619577966630458832e-02 9.626152925193309784e-03 1.539674028754234314e-02 1.499884948134422302e-02 1.723688282072544098e-02 2.680456079542636871e-02 1.335824094712734222e-02 5.708119366317987442e-03 3.515728516504168510e-03 5.444254726171493530e-03 1.982211694121360779e-02 2.028440125286579132e-02 1.586700975894927979e-02 6.327849347144365311e-03 1.737912371754646301e-02 1.157166250050067902e-02 1.415354548953473568e-03 3.414770960807800293e-02 1.600366830825805664e-02 7.517258170992136002e-03 3.460710169747471809e-03 8.207757025957107544e-03 2.358639612793922424e-02 3.762093139812350273e-03 1.704505831003189087e-02 6.388683617115020752e-02 3.913446515798568726e-02 6.783977895975112915e-02 2.658689953386783600e-02 1.714310422539710999e-02 2.453692629933357239e-02 2.853570319712162018e-02 4.402988404035568237e-02 6.996659794822335243e-04 1.802438125014305115e-02 5.399470683187246323e-03 3.392865881323814392e-02 1.073248777538537979e-02 1.155770476907491684e-02 7.445502560585737228e-03 1.981749199330806732e-03 9.041342884302139282e-03 2.486213808879256248e-03 1.581365987658500671e-02 2.385808899998664856e-02 2.285774610936641693e-02 1.216367818415164948e-02 4.040950909256935120e-03 3.607326187193393707e-03 2.953455410897731781e-02 1.653474383056163788e-02 1.166562736034393311e-02 9.717546403408050537e-03 1.522070728242397308e-02 2.060485444962978363e-02 2.604290284216403961e-02 1.640829071402549744e-02 2.383071929216384888e-02 2.080992609262466431e-02 1.087896712124347687e-02 1.201367657631635666e-02 5.083529278635978699e-03 2.343253232538700104e-02 2.427881024777889252e-02 8.676095865666866302e-03 2.962107537314295769e-03 2.398595772683620453e-02 3.175606019794940948e-03 2.612462500110268593e-03
7.229970395565032959e-02 6.919481605291366577e-02 5.290332483127713203e-04 1.615037769079208374e-02 1.238571014255285263e-02 8.175715804100036621e-01 7.526425272226333618e-02 1.986655406653881073e-03 1.910815713927149773e-03 1.901132613420486450e-02 5.789924040436744690e-02 1.197828445583581924e-02 5.632672086358070374e-02 1.746735349297523499e-02 2.550529316067695618e-02 1.865559443831443787e-02 2.542496100068092346e-02 3.390162019059062004e-03 1.212149951606988907e-02 3.409883379936218262e-02 2.679112367331981659e-02 2.307561412453651428e-02 1.248282473534345627e-02 8.938808925449848175e-03 3.473894670605659485e-02 1.668360643088817596e-02 1.302329823374748230e-02 2.044313214719295502e-02 1.454109046608209610e-02 2.040504664182662964e-02 1.259177550673484802e-02 1.613761112093925476e-02 1.011788193136453629e-02 2.676478959619998932e-02 1.438109762966632843e-02 3.530733752995729446e-03 1.097513735294342041e-02 7.302089128643274307e-03 1.723435707390308380e-03 3.383666509762406349e-03 1.015499932691454887e-03 2.124448865652084351e-02 2.313379943370819092e-02 8.966607041656970978e-03 3.890216350555419922e-02 6.441341247409582138e-03 6.663415580987930298e-02 4.743912443518638611e-02 6.809556391090154648e-03 1.296182256191968918e-02 1.656787469983100891e-02 3.229726105928421021e-02 2.390478504821658134e-03 1.051121670752763748e-02 1.568650128319859505e-03 1.500228326767683029e-02 4.550331272184848785e-03 4.491324070841073990e-03 7.966769859194755554e-03 9.201124310493469238e-03 8.004415431059896946e-04 7.621423806995153427e-03 1.022216491401195526e-02 1.559119205921888351e-02 3.134447708725929260e-02 3.300629556179046631e-02 5.203064996749162674e-03 1.672643050551414490e-02 1.303601451218128204e-02 1.248540822416543961e-02 3.183579770848155022e-03 4.221167881041765213e-03 2.034618705511093140e-02 6.524414289742708206e-03 1.889717951416969299e-02 6.086641806177794933e-04 1.731748692691326141e-03 1.780832000076770782e-02 3.235830692574381828e-03 2.272214367985725403e-02 1.716579124331474304e-02 7.193365134298801422e-03 1.883423328399658203e-02 1.355659961700439453e-02 2.611676231026649475e-03 1.612145826220512390e-02 1.052965223789215088e-02 3.224768489599227905e-02 1.390864606946706772e-02 1.987619139254093170e-02 3.794514760375022888e-02 3.700880706310272217e-02 3.756609559059143066e-02 1.868655160069465637e-02 2.682084217667579651e-03 3.332657506689429283e-03 7.652201224118471146e-03 1.279727322980761528e-03 1.429750490933656693e-02 1.185538340359926224e-02 1.002478785812854767e-02 4.920047707855701447e-03 4.088532179594039917e-03 4.014866426587104797e-03 8.714940398931503296e-03 6.590694189071655273e-03 4.408041480928659439e-03 7.869690656661987305e-03 3.470005700364708900e-03 1.650326885282993317e-02 7.319918833673000336e-03 5.610507447272539139e-03 2.408655919134616852e-02 8.933315984904766083e-03 1.103147584944963455e-02 1.453343499451875687e-02
5.379824340343475342e-02 6.581056863069534302e-02 5.000714678317308426e-03 2.053127437829971313e-02 1.681177504360675812e-02 7.526425272226333618e-02 8.175715804100036621e-01 3.090288490056991577e-03 9.048385545611381531e-03 8.018286898732185364e-03 4.326548427343368530e-02 2.294006384909152985e-02 5.452541261911392212e-02 3.486438468098640442e-02 2.670745365321636200e-02 1.518337056040763855e-02 1.749981753528118134e-02 1.359310373663902283e-02 1.499341893941164017e-02 2.830754406750202179e-02 2.035568654537200928e-02 2.338925749063491821e-02 1.217778958380222321e-02 1.788776833564043045e-03 2.782514505088329315e-02 9.558676742017269135e-03 1.678112335503101349e-02 2.026085183024406433e-02 2.057882770895957947e-02 2.460575290024280548e-02 2.840681560337543488e-02 1.302954647690057755e-02 5.200237501412630081e-03 2.180556394159793854e-02 9.799155406653881073e-03 1.030492223799228668e-02 2.057586424052715302e-02 6.569045130163431168e-03 5.710861179977655411e-03 1.275211852043867111e-02 1.642466057091951370e-03 2.129051834344863892e-02 2.625380270183086395e-02 8.482723496854305267e-03 4.660315811634063721e-02 2.547229081392288208e-02 6.043309345841407776e-02 6.551056355237960815e-02 9.757007937878370285e-04 5.713779013603925705e-03 1.392375305294990540e-02 3.264561295509338379e-02 1.090613659471273422e-02 4.077696241438388824e-03 5.845966516062617302e-04 1.758148521184921265e-02 1.518292166292667389e-02 6.605410948395729065e-03 1.778845675289630890e-02 2.411684952676296234e-02 5.987792741507291794e-03 1.408789027482271194e-02 3.870547050610184669e-03 1.683978177607059479e-02 3.173631802201271057e-02 4.529533162713050842e-02 2.482518611941486597e-04 1.073561608791351318e-02 1.550961285829544067e-02 1.418781653046607971e-02 8.778593502938747406e-03 6.075013894587755203e-03 2.445007674396038055e-02 1.372473780065774918e-03 2.673901244997978210e-02 5.471064243465662003e-03 5.764131434261798859e-03 1.690418832004070282e-02 5.376277025789022446e-03 2.295903488993644714e-02 1.968538947403430939e-02 6.058248225599527359e-03 1.873885467648506165e-02 8.164806291460990906e-03 5.481034517288208008e-03 1.343870814889669418e-02 5.428362637758255005e-03 3.520932048559188843e-02 1.458319276571273804e-02 9.484067559242248535e-03 4.133725911378860474e-02 2.155678719282150269e-02 5.419767647981643677e-02 1.709837280213832855e-02 4.501218427321873605e-05 9.812718257308006287e-03 2.130439272150397301e-03 3.691304475069046021e-03 7.563703227788209915e-03 3.412523539736866951e-03 1.028712932020425797e-02 5.461613181978464127e-04 5.806397646665573120e-03 3.442201530560851097e-03 1.113199442625045776e-02 1.202122122049331665e-02 1.450080191716551781e-03 2.571947872638702393e-03 3.060951828956604004e-03 2.590750157833099365e-02 1.431012176908552647e-03 4.158694762736558914e-03 1.521545462310314178e-02 2.379152690991759300e-03 1.339207682758569717e-02 1.023096870630979538e-02
6.392891984432935715e-03 7.832866162061691284e-03 5.934909731149673462e-02 6.593882571905851364e-03 2.177622402086853981e-03 1.986655406653881073e-03 3.090288490056991577e-03 8.175715804100036621e-01 2.071724645793437958e-02 1.537626422941684723e-02 1.701559126377105713e-02 4.204028751701116562e-03 1.220900472253561020e-02 1.478289137594401836e-03 4.546440392732620239e-02 1.050702016800642014e-02 3.516265423968434334e-03 8.150012232363224030e-03 1.677754893898963928e-02 9.063929319381713867e-03 1.024600863456726074e-02 3.411576896905899048e-02 5.234595853835344315e-03 2.026257850229740143e-02 1.789169944822788239e-02 9.839958511292934418e-03 2.134272456169128418e-02 1.227414049208164215e-02 7.107615470886230469e-03 7.935375906527042389e-03 1.449933741241693497e-02 3.314654901623725891e-02 3.865255042910575867e-02 2.881806157529354095e-02 3.030509687960147858e-02 3.585173189640045166e-02 2.276266179978847504e-02 8.142661303281784058e-03 1.051425188779830933e-02 1.520011201500892639e-02 1.178298378363251686e-03 7.907383143901824951e-03 3.256097901612520218e-03 1.114213746041059494e-02 1.908382400870323181e-02 1.003237254917621613e-02 1.306851278059184551e-03 1.388777792453765869e-02 2.783821197226643562e-03 4.631108138710260391e-03 1.752584427595138550e-02 1.853091758675873280e-03 1.321262028068304062e-02 1.674651540815830231e-02 4.434193950146436691e-03 3.298249095678329468e-03 6.079797632992267609e-03 1.694738492369651794e-02 2.097798325121402740e-02 2.945593185722827911e-02 2.413653582334518433e-02 2.599567547440528870e-02 3.242916613817214966e-02 2.627340331673622131e-02 4.576007835566997528e-03 3.588316496461629868e-03 2.072881907224655151e-02 1.447777729481458664e-02 4.350436502136290073e-04 8.087852969765663147e-03 1.710543595254421234e-02 1.136516802944242954e-03 1.112622208893299103e-02 1.237543486058712006e-02 7.084136828780174255e-03 1.718599349260330200e-02 3.179393708705902100e-02 9.645005688071250916e-03 5.964360665529966354e-03 5.783745087683200836e-03 7.357571274042129517e-02 5.879273265600204468e-02 1.094596367329359055e-02 9.163033217191696167e-03 6.268057622946798801e-04 4.561109002679586411e-03 5.705235153436660767e-02 3.612105548381805420e-02 8.623936213552951813e-03 1.332931220531463623e-03 3.455682890489697456e-03 2.636918053030967712e-02 1.578452810645103455e-02 1.974308304488658905e-02 1.333445776253938675e-02 5.885147955268621445e-03 7.492034230381250381e-03 1.958063431084156036e-02 2.347012422978878021e-02 2.631645835936069489e-02 8.396825753152370453e-03 1.343739964067935944e-02 2.239433676004409790e-02 2.721049077808856964e-02 1.941505447030067444e-02 2.482175454497337341e-02 2.755964361131191254e-02 1.792679657228291035e-03 2.588726766407489777e-02 1.322156190872192383e-02 1.238307799212634563e-03 7.267138920724391937e-03 1.023171097040176392e-02 1.379230245947837830e-02 7.150377146899700165e-03 1.637871563434600830e-02
1.926046237349510193e-02 8.098090067505836487e-03 1.909879595041275024e-02 3.201479092240333557e-02 2.585158310830593109e-02 1.910815713927149773e-03 9.048385545611381531e-03 2.071724645793437958e-02 8.175715804100036621e-01 1.243566162884235382e-02 1.595653034746646881e-02 3.375571395736187696e-04 5.905763711780309677e-03 1.842406019568443298e-02 1.650660124141722918e-04 1.610969379544258118e-02 2.048900164663791656e-02 2.407221868634223938e-02 1.315833814442157745e-02 4.728535190224647522e-03 2.095358446240425110e-02 9.674820466898381710e-04 4.327495768666267395e-02 4.763345792889595032e-02 9.081801399588584900e-03 5.086282268166542053e-03 2.049711300060153008e-03 1.923594274558126926e-03 9.706398472189903259e-03 5.329219624400138855e-03 1.593475975096225739e-02 1.400557719171047211e-02 3.314292058348655701e-03 5.108562298119068146e-03 9.374455548822879791e-03 3.901519812643527985e-03 4.416299983859062195e-03 5.696244537830352783e-03 1.391209103167057037e-02 6.955543532967567444e-03 7.635090500116348267e-03 2.835887111723423004e-02 8.231715299189090729e-03 1.018005888909101486e-02 5.067850463092327118e-03 1.537081599235534668e-02 3.625684650614857674e-03 1.471616979688405991e-02 3.842078149318695068e-02 5.707627627998590469e-03 1.444360334426164627e-02 8.414020761847496033e-03 4.175041802227497101e-03 7.086201803758740425e-04 4.101230576634407043e-02 2.110191062092781067e-02 1.700372248888015747e-02 2.150612697005271912e-02 5.977430846542119980e-03 1.608741283416748047e-02 9.711854159832000732e-03 2.812117524445056915e-02 1.371961180120706558e-02 2.649664320051670074e-02 3.680465277284383774e-03 2.494457876309752464e-03 1.458232477307319641e-02 1.821749471127986908e-02 1.333297323435544968e-02 2.625611238181591034e-02 8.475130423903465271e-03 1.757146045565605164e-02 1.560101658105850220e-02 3.001734428107738495e-02 1.132265198975801468e-02 2.907359506934881210e-03 8.529665321111679077e-02 3.782563284039497375e-02 4.001017287373542786e-02 1.863075420260429382e-02 1.523332390934228897e-02 2.106775715947151184e-02 4.258085042238235474e-02 2.231613500043749809e-03 1.740788109600543976e-02 3.621434560045599937e-03 2.846699208021163940e-03 8.535931818187236786e-03 2.819722332060337067e-02 1.184061402454972267e-03 1.132817356847226620e-03 1.291205734014511108e-02 1.063679624348878860e-02 9.691078215837478638e-03 2.398702129721641541e-02 1.287293341010808945e-02 4.100935161113739014e-02 3.789293346926569939e-03 3.732618317008018494e-02 3.131980076432228088e-02 2.045415155589580536e-02 3.595208283513784409e-03 1.785386539995670319e-02 1.014847494661808014e-02 3.930351696908473969e-03 8.254479616880416870e-03 2.479327842593193054e-02 9.725871495902538300e-03 1.563217141665518284e-03 1.449846383184194565e-02 1.987136900424957275e-02 1.699413289315998554e-03 4.062567837536334991e-03 9.776468388736248016e-03 1.050894497893750668e-03 4.312094300985336304e-03
2.226919680833816528e-02 1.291325874626636505e-02 2.777636609971523285e-02 1.613496616482734680e-02 2.730399742722511292e-02 1.901132613420486450e-02 8.018286898732185364e-03 1.537626422941684723e-02 1.243566162884235382e-02 8.175715804100036621e-01 1.935994625091552734e-02 1.757496781647205353e-02 1.841566152870655060e-02 6.470435764640569687e-03 1.109075918793678284e-02 1.150928903371095657e-02 2.505944855511188507e-02 9.448003023862838745e-03 4.940692707896232605e-02 5.021624267101287842e-03 1.007111743092536926e-02 1.191597711294889450e-02 1.750985509715974331e-03 2.095668204128742218e-02 4.736792761832475662e-03 4.302891436964273453e-03 2.247983217239379883e-02 1.510536763817071915e-02 5.366714671254158020e-03 2.709461608901619911e-03 1.140343118458986282e-02 7.463383488357067108e-03 1.562980376183986664e-02 1.599871926009654999e-02 1.167417969554662704e-02 8.323361980728805065e-04 1.062638685107231140e-02 2.143637463450431824e-02 5.777847021818161011e-03 7.747421041131019592e-04 1.084331702440977097e-02 7.743801921606063843e-03 2.775467745959758759e-02 1.579035073518753052e-02 5.537800025194883347e-03 4.656438902020454407e-02 2.185979112982749939e-02 1.474972162395715714e-02 1.839833683334290981e-03 5.504170805215835571e-02 6.813182961195707321e-03 2.060923911631107330e-02 1.559342816472053528e-02 2.688148804008960724e-02 1.133272796869277954e-02 3.391119837760925293e-02 4.283817484974861145e-03 3.955928143113851547e-03 4.095228796359151602e-04 2.052824571728706360e-02 1.290268916636705399e-02 5.651231855154037476e-03 2.030542865395545959e-02 9.035649709403514862e-03 8.915202692151069641e-03 3.888707840815186501e-03 1.156526734121143818e-03 1.604951731860637665e-02 1.281684357672929764e-02 4.086614120751619339e-03 1.528716087341308594e-02 2.905497699975967407e-02 1.374711282551288605e-02 1.228721346706151962e-02 1.799112744629383087e-02 2.867264300584793091e-02 4.351517651230096817e-03 6.256785988807678223e-02 1.812814502045512199e-03 4.556825384497642517e-02 2.081281132996082306e-02 8.641715161502361298e-03 5.827062763273715973e-03 1.411159522831439972e-02 5.272572860121726990e-03 2.833818458020687103e-02 2.946319244801998138e-02 2.003485523164272308e-02 1.754241250455379486e-02 3.095490857958793640e-02 9.283015504479408264e-03 2.408317662775516510e-02 4.796880297362804413e-03 3.596362099051475525e-02 2.123522199690341949e-02 3.859643125906586647e-03 1.208701054565608501e-03 2.470964379608631134e-02 1.200097426772117615e-02 8.464016951620578766e-03 9.830996394157409668e-03 3.337515518069267273e-02 6.185395177453756332e-03 6.593895610421895981e-03 1.398012414574623108e-02 2.759227342903614044e-02 5.640614312142133713e-03 1.874719373881816864e-02 2.626581303775310516e-02 2.130201831459999084e-02 1.176053285598754883e-02 7.536100223660469055e-03 2.476389636285603046e-05 3.079837001860141754e-02 4.285967443138360977e-03 1.416284684091806412e-02
7.796824723482131958e-02 4.984117671847343445e-02 1.688176579773426056e-02 1.875550113618373871e-02 1.259928010404109955e-02 5.789924040436744690e-02 4.326548427343368530e-02 1.701559126377105713e-02 1.595653034746646881e-02 1.935994625091552734e-02 8.175715804100036621e-01 2.256948966532945633e-03 6.717392802238464355e-02 3.266180632635951042e-03 2.949804253876209259e-02 9.816125035285949707e-03 1.747276075184345245e-02 7.235733792185783386e-03 5.255540367215871811e-03 8.888197131454944611e-03 9.155109524726867676e-03 3.525473549962043762e-02 1.681547798216342926e-02 8.202963508665561676e-03 2.945220842957496643e-02 1.520763803273439407e-02 2.230687811970710754e-02 3.694531042128801346e-03 3.515385091304779053e-02 3.205701941624283791e-03 2.168428525328636169e-02 4.270952194929122925e-03 1.921957917511463165e-02 1.534077897667884827e-02 1.129581872373819351e-02 3.916180692613124847e-03 1.274609472602605820e-03 2.240643277764320374e-02 1.437589153647422791e-02 1.164793595671653748e-02 3.222829895094037056e-03 5.412925966084003448e-03 2.938531106337904930e-03 2.978637581691145897e-03 1.912398263812065125e-02 5.199379753321409225e-03 7.170921564102172852e-02 3.432668372988700867e-02 2.124728076159954071e-02 9.438912384212017059e-03 1.173138339072465897e-02 1.166019681841135025e-02 8.121056598611176014e-04 9.217176586389541626e-03 1.149996370077133179e-02 1.998389139771461487e-03 3.004789177794009447e-04 9.964719414710998535e-03 1.418203953653573990e-02 1.144978962838649750e-02 2.304823510348796844e-02 9.601224213838577271e-03 1.545164268463850021e-02 1.725227013230323792e-02 4.626718536019325256e-02 3.746910020709037781e-02 2.021617721766233444e-03 3.173155244439840317e-03 5.269049201160669327e-03 7.401214446872472763e-03 8.613747777417302132e-04 2.041637524962425232e-02 1.182874850928783417e-02 4.911532625555992126e-03 1.365575473755598068e-02 2.008993364870548248e-02 1.788562163710594177e-02 1.340421196073293686e-02 4.652133211493492126e-03 5.220617167651653290e-03 3.854823764413595200e-03 1.616028370335698128e-03 1.238581491634249687e-03 1.075080316513776779e-02 9.643562952987849712e-04 3.773870179429650307e-03 3.143833950161933899e-02 2.979585714638233185e-02 4.282504785805940628e-03 3.055364359170198441e-03 4.550025984644889832e-02 4.569191113114356995e-02 2.936062030494213104e-02 1.385683566331863403e-02 2.603760221973061562e-03 5.121182184666395187e-03 3.310997970402240753e-03 1.997845061123371124e-02 3.043457493185997009e-02 2.259667031466960907e-02 8.589007891714572906e-03 1.626041717827320099e-03 9.861602447926998138e-03 9.452952072024345398e-03 1.456449367105960846e-02 1.007867231965065002e-02 1.536152325570583344e-02 1.397862657904624939e-02 1.144612953066825867e-02 1.939303800463676453e-02 7.878811098635196686e-03 2.203886862844228745e-03 3.927935380488634109e-03 8.136156946420669556e-03 2.134931273758411407e-02 1.062655169516801834e-02
1.146888360381126404e-03 6.707313470542430878e-03 6.916030542925000191e-04 1.174878608435392380e-02 2.278254833072423935e-03 1.197828445583581924e-02 2.294006384909152985e-02 4.204028751701116562e-03 3.375571395736187696e-04 1.757496781647205353e-02 2.256948966532945633e-03 8.175715804100036621e-01 5.435577128082513809e-03 7.960925251245498657e-02 5.183276254683732986e-03 7.290153764188289642e-03 6.411875132471323013e-03 2.018824778497219086e-02 2.598999813199043274e-02 1.453142985701560974e-02 2.376014180481433868e-02 9.450096637010574341e-03 1.691947318613529205e-02 5.175875965505838394e-03 1.816737093031406403e-02 7.445042487233877182e-03 1.459094975143671036e-02 4.481639713048934937e-02 9.437324479222297668e-03 4.067102447152137756e-02 5.516950041055679321e-03 1.321047917008399963e-02 2.891001058742403984e-03 2.620858885347843170e-02 1.519523467868566513e-02 4.456528462469577789e-03 5.487085320055484772e-03 8.797196671366691589e-03 1.035316474735736847e-02 5.680324509739875793e-03 1.699278689920902252e-02 1.173453778028488159e-02 7.604918908327817917e-03 4.292920231819152832e-03 2.546649985015392303e-02 1.015404518693685532e-02 1.713261567056179047e-02 8.217695169150829315e-03 2.870458178222179413e-02 3.156885877251625061e-02 1.710319891571998596e-02 1.904651150107383728e-02 4.778532776981592178e-03 2.768086502328515053e-03 8.653063327074050903e-03 2.923820866271853447e-03 4.783524200320243835e-02 4.446113016456365585e-03 1.800522953271865845e-02 1.261646673083305359e-02 2.719578705728054047e-02 3.152382373809814453e-02 1.287750783376395702e-03 3.496212139725685120e-02 2.057941444218158722e-02 1.426044851541519165e-02 1.475647836923599243e-02 2.118631079792976379e-02 2.404883317649364471e-02 3.546880185604095459e-02 1.642011455260217190e-03 2.369973249733448029e-02 5.341664887964725494e-03 2.781039476394653320e-02 2.932495670393109322e-03 2.630871161818504333e-02 1.243779994547367096e-02 3.074925020337104797e-02 9.720833972096443176e-03 3.463767841458320618e-02 1.468904083594679832e-03 6.138424389064311981e-03 2.049307897686958313e-02 2.406548149883747101e-02 5.566806998103857040e-03 3.216071054339408875e-02 2.504241885617375374e-03 1.089955959469079971e-02 4.983500763773918152e-02 2.577848546206951141e-02 1.834757998585700989e-02 2.204693388193845749e-03 1.367316674441099167e-02 7.422024849802255630e-03 4.471544642001390457e-03 3.383409231901168823e-02 1.982512325048446655e-02 2.941066212952136993e-02 4.127272404730319977e-03 6.125641986727714539e-03 4.630404524505138397e-03 1.580902002751827240e-02 1.646835356950759888e-03 1.060570590198040009e-02 1.160615123808383942e-02 2.169495634734630585e-02 1.025328040122985840e-02 3.090444765985012054e-02 1.876993663609027863e-02 2.752947062253952026e-02 8.156600408256053925e-03 2.031811885535717010e-02 4.643478430807590485e-03 5.329811945557594299e-03 3.539208322763442993e-03 7.457156665623188019e-03
6.504726409912109375e-02 6.904724985361099243e-02 6.840087473392486572e-03 1.062704622745513916e-02 1.151100918650627136e-02 5.632672086358070374e-02 5.452541261911392212e-02 1.220900472253561020e-02 5.905763711780309677e-03 1.841566152870655060e-02 6.717392802238464355e-02 5.435577128082513809e-03 8.175715804100036621e-01 1.295197568833827972e-02 3.835321217775344849e-02 1.976204290986061096e-02 2.476258389651775360e-02 9.762141853570938110e-03 1.407818309962749481e-02 1.675709709525108337e-02 4.293274134397506714e-03 3.242513537406921387e-02 1.357273384928703308e-02 3.223869483917951584e-03 3.145501017570495605e-02 1.791555806994438171e-02 1.808466576039791107e-02 3.450999269261956215e-03 3.607923164963722229e-02 1.047089346684515476e-03 4.712319001555442810e-02 5.351056810468435287e-03 1.227325666695833206e-02 1.282302290201187134e-02 2.091383561491966248e-03 8.287879638373851776e-03 1.572413370013237000e-02 1.914994604885578156e-02 6.057986523956060410e-03 1.145265065133571625e-02 6.814840715378522873e-03 1.636242866516113281e-02 1.322096120566129684e-02 9.591930545866489410e-03 1.632229797542095184e-02 2.719165524467825890e-03 5.856194719672203064e-02 5.125570669770240784e-02 1.758027821779251099e-02 2.986722625792026520e-03 1.250334177166223526e-02 1.619622856378555298e-02 4.987318068742752075e-03 4.518542264122515917e-04 1.319884322583675385e-02 1.464805193245410919e-02 7.250449620187282562e-03 3.648124169558286667e-03 1.581085473299026489e-02 1.765308901667594910e-02 1.182393450289964676e-02 5.263116909191012383e-04 9.657724760472774506e-03 6.955582182854413986e-03 3.862186893820762634e-02 5.447041615843772888e-02 7.899704389274120331e-03 1.359801390208303928e-03 8.475199341773986816e-03 3.983670845627784729e-03 9.262526407837867737e-03 2.323873527348041534e-02 1.075528841465711594e-02 1.955684972926974297e-03 1.501980796456336975e-02 1.788364164531230927e-02 6.669789087027311325e-03 1.432449556887149811e-02 5.715143866837024689e-03 9.854428935796022415e-04 4.380230326205492020e-03 2.781028626486659050e-03 9.976239874958992004e-03 2.405151724815368652e-03 1.042440533638000488e-02 1.764167100191116333e-04 2.426616288721561432e-02 4.709483683109283447e-02 8.530348539352416992e-03 4.021664615720510483e-03 4.772688448429107666e-02 3.243306279182434082e-02 5.201768502593040466e-02 2.679017186164855957e-02 2.666834974661469460e-03 4.256918560713529587e-03 1.198953832499682903e-03 1.591664180159568787e-02 2.252694219350814819e-02 1.837244816124439240e-02 1.705565303564071655e-02 8.659770712256431580e-03 1.570214331150054932e-02 1.763766072690486908e-02 1.189164910465478897e-02 1.209999527782201767e-02 8.417281322181224823e-03 1.521343179047107697e-02 1.848082989454269409e-02 2.999507077038288116e-02 2.332368632778525352e-03 9.090266190469264984e-03 7.574473973363637924e-03 2.795581007376313210e-03 1.956943608820438385e-02 1.016309857368469238e-02
