8.511357307434082031e-01 4.261795058846473694e-02 8.460941608063876629e-04 6.418779492378234863e-03 1.044872589409351349e-02 4.376199468970298767e-02 4.298469051718711853e-02 1.686181686818599701e-02 1.013483852148056030e-02 3.031070518773049116e-04 4.497998952865600586e-02 7.069759070873260498e-03 3.643745556473731995e-02 7.075441535562276840e-03 1.990688405930995941e-02 1.851326227188110352e-02 8.449978195130825043e-03 3.016976825892925262e-02 3.879041643813252449e-03 8.337751030921936035e-03 2.662909589707851410e-02 2.820871956646442413e-02 6.542829796671867371e-03 1.097757555544376373e-02 1.591704227030277252e-02 1.815635152161121368e-02 2.170736901462078094e-02 5.704638082534074783e-03 4.423655197024345398e-02 1.130081806331872940e-02 3.318562731146812439e-02 1.458400115370750427e-02 2.086028270423412323e-02 1.431792322546243668e-02 1.079092267900705338e-02 1.394299417734146118e-02 1.321708690375089645e-02 1.668045856058597565e-02 1.300677284598350525e-02 2.237842977046966553e-02 2.605371177196502686e-02 1.523964386433362961e-02 2.110676467418670654e-02 2.029056660830974579e-02 2.065857313573360443e-02 1.306616701185703278e-02 4.441008344292640686e-02 3.344304487109184265e-02 1.261415053158998489e-02 1.696036942303180695e-02 7.059885188937187195e-03 1.259502768516540527e-02 2.247766777873039246e-02 1.914340071380138397e-02 1.616720110177993774e-02 1.040592417120933533e-02 1.366293895989656448e-02 1.995804533362388611e-02 5.832483060657978058e-03 8.798839524388313293e-03 2.055877447128295898e-02 1.204019412398338318e-02 3.613227279856801033e-03 5.190691445022821426e-03 2.683818526566028595e-02 3.043093159794807434e-02 1.572896167635917664e-02 2.180123887956142426e-02 1.876614615321159363e-02 2.134570665657520294e-02 2.162656281143426895e-03 2.082762122154235840e-02 2.636322937905788422e-02 8.389243856072425842e-03 5.856250878423452377e-03 1.719381101429462433e-02 1.887087151408195496e-02 8.072312921285629272e-03 5.418596323579549789e-03 9.902846999466419220e-03 8.297939784824848175e-03 2.142638986697420478e-04 2.341626212000846863e-02 1.390465628355741501e-02 1.334415469318628311e-02 1.274543534964323044e-02 9.088502265512943268e-03 3.690679091960191727e-03 5.494576878845691681e-03 1.515643764287233353e-02 3.671442717313766479e-02 2.565196342766284943e-02 3.716811910271644592e-02 2.017296850681304932e-02 2.364662475883960724e-02 1.461555995047092438e-02 9.725269861519336700e-03 1.900833472609519958e-02 1.283029280602931976e-02 2.546671777963638306e-03 1.228315662592649460e-02 1.464758254587650299e-02 1.443015597760677338e-02 1.995929703116416931e-02 2.302819117903709412e-02 2.099725417792797089e-02 1.216836832463741302e-02 1.409139577299356461e-02 1.250701677054166794e-02 2.171054296195507050e-02 2.613859623670578003e-02 2.240503020584583282e-02 1.339003443717956543e-02 1.915036514401435852e-02 1.723576709628105164e-02 2.197965048253536224e-02
4.261795058846473694e-02 8.511357307434082031e-01 5.623617675155401230e-03 1.278349757194519043e-02 1.293868664652109146e-02 4.489281028509140015e-02 4.704404994845390320e-02 1.203453727066516876e-02 1.609876193106174469e-02 8.876422420144081116e-03 3.339790552854537964e-02 1.094762887805700302e-02 3.605199605226516724e-02 6.042222958058118820e-03 1.438040658831596375e-02 2.444361895322799683e-02 1.374048832803964615e-02 2.811814472079277039e-02 8.458706550300121307e-03 1.085553504526615143e-02 2.464574202895164490e-02 2.056521549820899963e-02 1.355624012649059296e-02 1.563827507197856903e-02 1.959602162241935730e-02 2.005722373723983765e-02 1.227030623704195023e-02 5.939676892012357712e-03 2.799060195684432983e-02 1.979503780603408813e-03 3.074307739734649658e-02 2.069967053830623627e-02 2.372024208307266235e-02 2.141692861914634705e-02 1.390969473868608475e-02 1.807354949414730072e-02 1.801491715013980865e-02 1.151349768042564392e-02 1.415576413273811340e-02 1.987073384225368500e-02 1.672371663153171539e-02 2.121726609766483307e-02 2.563773468136787415e-02 1.937180198729038239e-02 2.629530616104602814e-02 1.854637823998928070e-02 3.549160808324813843e-02 3.985982388257980347e-02 2.138632722198963165e-02 2.474060468375682831e-02 1.953536644577980042e-02 2.018176019191741943e-02 2.769509330391883850e-02 2.438022196292877197e-02 2.118953876197338104e-02 1.510435622185468674e-02 1.945321261882781982e-02 2.471628040075302124e-02 1.267553307116031647e-02 2.034377865493297577e-02 2.247658744454383850e-02 1.301446370780467987e-02 1.046598050743341446e-02 1.073255855590105057e-02 2.476096525788307190e-02 2.929414622485637665e-02 2.226734720170497894e-02 2.597698755562305450e-02 1.221954356878995895e-02 1.694974489510059357e-02 1.463123015128076077e-03 2.148773893713951111e-02 1.539490558207035065e-02 5.865182261914014816e-03 3.826706670224666595e-03 1.579954661428928375e-02 2.423510141670703888e-02 3.288934705778956413e-03 1.487077586352825165e-02 3.709330223500728607e-03 6.540943402796983719e-03 4.314859397709369659e-03 1.980406045913696289e-02 1.195507310330867767e-02 1.537036523222923279e-02 1.649682596325874329e-02 1.078211888670921326e-02 9.057811461389064789e-03 8.431137539446353912e-03 2.339984988793730736e-03 3.452344983816146851e-02 1.967685669660568237e-02 3.992088511586189270e-02 2.210129238665103912e-02 2.104450762271881104e-02 1.675439998507499695e-02 2.556762658059597015e-03 2.286285348236560822e-02 1.536354795098304749e-02 1.059342827647924423e-02 1.427976507693529129e-02 1.943832822144031525e-02 1.047835592180490494e-02 1.897834613919258118e-02 3.161383420228958130e-02 2.279043011367321014e-02 8.991850540041923523e-03 1.855021901428699493e-02 1.710482686758041382e-02 2.348927967250347137e-02 1.539030857384204865e-02 1.196968462318181992e-02 2.072957903146743774e-02 2.144920825958251953e-02 8.547975681722164154e-03 1.805781573057174683e-02
8.460941608063876629e-04 5.623617675155401230e-03 8.511357307434082031e-01 6.691951770335435867e-03 4.321090411394834518e-03 2.927912282757461071e-04 5.849680746905505657e-05 6.628268957138061523e-02 9.305489948019385338e-04 9.181275032460689545e-03 2.049393206834793091e-02 5.360013339668512344e-03 5.029449239373207092e-03 1.472753123380243778e-03 4.038016125559806824e-02 1.688975607976317406e-03 4.271879326552152634e-03 3.727239090949296951e-03 2.433021552860736847e-02 3.417783649638295174e-03 1.840858533978462219e-02 2.331642806529998779e-02 3.862483426928520203e-04 3.310521598905324936e-03 2.443986386060714722e-02 1.384407468140125275e-02 1.987544819712638855e-02 6.414720322936773300e-03 6.198298186063766479e-03 2.670332323759794235e-03 5.176065955311059952e-03 1.537749078124761581e-03 7.199155166745185852e-03 1.200651936233043671e-02 5.932122934609651566e-03 1.151157170534133911e-02 1.573100127279758453e-02 3.957603126764297485e-02 1.435141544789075851e-02 1.296556461602449417e-02 2.031464315950870514e-02 1.285775378346443176e-02 1.611104002222418785e-03 4.705238714814186096e-02 1.678396575152873993e-02 9.027847554534673691e-04 5.815197713673114777e-03 1.651684870012104511e-04 2.680351026356220245e-04 9.176759049296379089e-03 2.320440020412206650e-03 1.609571743756532669e-03 3.817195072770118713e-03 1.985019072890281677e-02 5.563313607126474380e-04 7.051104214042425156e-03 9.605254046618938446e-03 9.161250665783882141e-03 5.869903834536671638e-04 1.173640880733728409e-02 1.514017209410667419e-02 2.239053137600421906e-02 3.165014088153839111e-02 1.144522987306118011e-02 4.368103574961423874e-03 4.504310432821512222e-03 9.567524306476116180e-03 2.026374824345111847e-02 1.641695015132427216e-02 1.675315201282501221e-02 9.820492006838321686e-03 1.104781217873096466e-02 4.942142404615879059e-03 2.739770337939262390e-03 6.307411473244428635e-03 1.904959045350551605e-02 1.360888220369815826e-02 3.262835787609219551e-03 4.731964145321398973e-04 8.193534798920154572e-03 6.511957943439483643e-02 4.242402035742998123e-03 6.631424184888601303e-03 1.390245370566844940e-02 2.347347512841224670e-02 9.319941513240337372e-03 5.526346340775489807e-02 1.917936094105243683e-02 1.150743104517459869e-02 1.283160131424665451e-02 8.594974875450134277e-03 2.531561814248561859e-02 2.917661331593990326e-03 2.416217140853404999e-02 2.004224807024002075e-02 1.143299881368875504e-02 1.672150753438472748e-02 2.035329490900039673e-02 4.097563680261373520e-03 7.918757386505603790e-03 6.436025723814964294e-03 1.129150576889514923e-02 2.440216392278671265e-02 2.095960313454270363e-03 1.250250078737735748e-02 2.421480603516101837e-03 2.353612519800662994e-02 7.113790605217218399e-03 2.484643459320068359e-02 7.859717123210430145e-03 9.970881976187229156e-03 2.419494092464447021e-02 1.378825027495622635e-02 1.457672566175460815e-03 1.360187213867902756e-02 1.791119202971458435e-02
6.418779492378234863e-03 1.278349757194519043e-02 6.691951770335435867e-03 8.511357307434082031e-01 8.053702116012573242e-02 1.352643873542547226e-02 5.625111050903797150e-03 4.459124524146318436e-03 2.334747835993766785e-02 2.538038417696952820e-02 7.634915411472320557e-03 4.535290878266096115e-03 1.539439894258975983e-02 1.504034362733364105e-02 1.387496478855609894e-03 2.027860283851623535e-02 1.522256806492805481e-02 3.082201629877090454e-02 2.673645503818988800e-02 5.095743108540773392e-03 1.010310929268598557e-02 7.696330547332763672e-03 4.498108290135860443e-03 3.000946249812841415e-03 3.591658547520637512e-03 2.321337582543492317e-03 3.798605408519506454e-03 6.677701603621244431e-03 1.944213546812534332e-02 1.494619157165288925e-02 1.271871384233236313e-02 4.120939120184630156e-04 1.901152729988098145e-02 1.027037948369979858e-02 1.915031112730503082e-02 1.296673715114593506e-02 6.006640032865107059e-04 4.174869973212480545e-03 3.860806673765182495e-02 3.918382897973060608e-02 7.533250842243432999e-03 6.243578158318996429e-03 1.061377581208944321e-02 2.872640080749988556e-02 1.684225909411907196e-02 8.433290757238864899e-03 1.008634921163320541e-02 8.884773589670658112e-03 1.564654707908630371e-02 1.014876551926136017e-02 1.039115060120820999e-02 3.207978559657931328e-03 2.337276004254817963e-02 1.873998157680034637e-02 2.174148894846439362e-02 1.527313981205224991e-02 1.726286485791206360e-02 1.732357777655124664e-02 2.810766547918319702e-02 2.079894766211509705e-02 2.693591639399528503e-02 2.792924456298351288e-02 3.737155720591545105e-02 3.259125351905822754e-02 1.629369915463030338e-03 1.097815390676259995e-02 9.047585539519786835e-03 2.038383390754461288e-03 3.251039609313011169e-02 9.677482768893241882e-03 3.840733319520950317e-02 1.995495706796646118e-02 5.173390731215476990e-02 1.486503425985574722e-02 4.951886087656021118e-02 2.049443684518337250e-02 2.320728451013565063e-02 2.287531271576881409e-02 1.121752150356769562e-02 7.333611138164997101e-03 1.028774131555110216e-04 1.064959261566400528e-02 3.542177006602287292e-02 3.519919514656066895e-02 5.909592844545841217e-03 4.422585014253854752e-03 1.595032983459532261e-03 1.348533108830451965e-02 4.039330035448074341e-02 3.101546503603458405e-02 4.271175712347030640e-03 4.249904770404100418e-03 9.367709048092365265e-03 1.085259392857551575e-02 1.421823073178529739e-02 1.893958635628223419e-02 2.443837234750390053e-03 2.140065887942910194e-03 1.496136095374822617e-02 1.394086610525846481e-02 9.368822909891605377e-03 1.028009131550788879e-02 2.096694661304354668e-03 2.671879529953002930e-02 2.894264273345470428e-02 1.602686941623687744e-02 1.080456469208002090e-02 2.108604833483695984e-02 1.898631802760064602e-03 5.656311288475990295e-03 8.582750335335731506e-03 1.313916221261024475e-02 1.088624820113182068e-02 1.205332018435001373e-02 2.737938892096281052e-03 7.076740264892578125e-03
1.044872589409351349e-02 1.293868664652109146e-02 4.321090411394834518e-03 8.053702116012573242e-02 8.511357307434082031e-01 1.803840510547161102e-02 1.128394808620214462e-02 8.775430731475353241e-03 1.125367917120456696e-02 1.742446050047874451e-02 1.003905013203620911e-02 8.376300334930419922e-03 1.539181917905807495e-02 8.739484474062919617e-03 6.578793283551931381e-03 1.938243024051189423e-02 2.094295807182788849e-02 1.092874817550182343e-02 3.558722138404846191e-02 5.792361684143543243e-03 8.415855467319488525e-03 1.348064932972192764e-02 9.587752865627408028e-04 1.039135240716859698e-04 1.425314985681325197e-04 2.217273460701107979e-03 1.866861479356884956e-03 4.893508739769458771e-03 1.903673820197582245e-02 2.001228928565979004e-02 1.824370957911014557e-02 7.016007439233362675e-04 2.112202346324920654e-02 8.875440806150436401e-03 2.378810197114944458e-02 9.790642186999320984e-03 3.164521651342511177e-03 8.146056905388832092e-03 5.427960678935050964e-02 5.368719622492790222e-02 1.474984735250473022e-02 4.091077484190464020e-03 9.920538403093814850e-03 3.301384299993515015e-02 7.517266087234020233e-03 7.141000125557184219e-03 1.395514886826276779e-02 8.951098658144474030e-03 1.065804716199636459e-02 1.546854432672262192e-02 1.024517603218555450e-02 3.294134803581982851e-04 2.434250526130199432e-02 2.032468095421791077e-02 1.524440851062536240e-02 1.414175983518362045e-02 1.370738074183464050e-02 1.460996642708778381e-02 1.469382364302873611e-02 1.787505857646465302e-02 1.735679246485233307e-02 2.171451970934867859e-02 3.133869543671607971e-02 3.772569820284843445e-02 3.543486236594617367e-04 1.018483284860849380e-02 6.771282758563756943e-03 2.081441227346658707e-03 1.713487505912780762e-02 3.779664169996976852e-03 2.341857179999351501e-02 1.258808933198451996e-02 4.079525917768478394e-02 7.358346134424209595e-03 6.165170297026634216e-02 1.241128239780664444e-02 1.879847981035709381e-02 1.829516328871250153e-02 4.559990949928760529e-03 9.526867070235311985e-04 1.090252306312322617e-02 1.289307419210672379e-02 3.096187300980091095e-02 5.226606875658035278e-02 5.736493039876222610e-03 1.644286792725324631e-03 1.054073870182037354e-02 1.723114587366580963e-02 2.450883388519287109e-02 2.613005973398685455e-02 5.706298630684614182e-03 6.436992436647415161e-03 4.619716666638851166e-03 8.369770832359790802e-03 1.368255540728569031e-02 2.000205963850021362e-02 7.749800104647874832e-03 3.517991630360484123e-03 1.063666073605418205e-03 1.324678654782474041e-03 1.236151531338691711e-02 1.439173612743616104e-02 9.845622815191745758e-03 2.113003470003604889e-02 3.531302884221076965e-02 2.178747020661830902e-02 1.252772472798824310e-02 1.645470969378948212e-02 3.555272705852985382e-03 2.222105162218213081e-03 5.174649413675069809e-03 2.751702908426523209e-03 1.314512267708778381e-02 9.964201599359512329e-03 9.909429587423801422e-03 8.509609870088752359e-06
4.376199468970298767e-02 4.489281028509140015e-02 2.927912282757461071e-04 1.352643873542547226e-02 1.803840510547161102e-02 8.511357307434082031e-01 5.514363944530487061e-02 2.325842715799808502e-02 6.581182242371141911e-04 6.733425892889499664e-03 3.155069798231124878e-02 3.146447241306304932e-02 2.820304036140441895e-02 1.265143323689699173e-02 1.049891486763954163e-02 2.268699929118156433e-02 1.794071495532989502e-02 1.197616010904312134e-02 2.065652795135974884e-02 1.343526504933834076e-02 1.994759775698184967e-02 1.178883388638496399e-02 1.139994338154792786e-02 1.002293918281793594e-02 1.321810297667980194e-02 1.027323212474584579e-02 8.814991451799869537e-03 1.478149928152561188e-02 1.968841627240180969e-02 1.045613549649715424e-02 1.534774713218212128e-02 1.425320468842983246e-02 1.489835325628519058e-02 1.695396751165390015e-02 7.377876900136470795e-03 9.724111296236515045e-03 1.633728854358196259e-02 5.443711765110492706e-03 2.068969607353210449e-02 1.401129551231861115e-02 1.719184406101703644e-02 2.750570885837078094e-03 1.653813570737838745e-02 1.579848490655422211e-02 1.540918741375207901e-02 1.491803023964166641e-02 5.025283992290496826e-02 4.591405019164085388e-02 1.594611816108226776e-02 2.381761558353900909e-02 8.683125488460063934e-03 3.952989573008380830e-05 2.316612377762794495e-02 1.631022989749908447e-02 1.903288811445236206e-02 1.839499175548553467e-02 8.352566510438919067e-03 2.051074430346488953e-02 8.514384739100933075e-03 1.058497093617916107e-02 1.750332489609718323e-02 1.300038769841194153e-02 1.148289535194635391e-02 5.941757000982761383e-03 1.757896877825260162e-02 1.675177924335002899e-02 1.704754680395126343e-02 2.423397265374660492e-02 1.584579236805438995e-02 1.658533816225826740e-03 5.302323959767818451e-03 8.301877416670322418e-03 2.007666230201721191e-02 1.523135136812925339e-02 6.978563033044338226e-03 1.619629096239805222e-03 1.182346604764461517e-02 7.639226503670215607e-03 1.097333431243896484e-02 1.261598058044910431e-02 9.069940075278282166e-03 1.574310287833213806e-02 1.225428562611341476e-02 1.476641930639743805e-02 1.863135769963264465e-02 9.722128510475158691e-03 1.876119989901781082e-03 5.490771960467100143e-03 1.602421514689922333e-02 1.638993993401527405e-02 3.752227127552032471e-02 8.851318620145320892e-03 3.886552155017852783e-02 1.216510310769081116e-02 1.323898322880268097e-02 7.601439487189054489e-03 1.743310503661632538e-02 2.755366767814848572e-05 8.177712559700012207e-03 2.510009566321969032e-03 4.722854588180780411e-03 1.539888419210910797e-02 4.262302536517381668e-03 1.493675913661718369e-02 3.206654265522956848e-02 1.002055313438177109e-02 9.747337549924850464e-03 2.393542556092143059e-03 2.312246710062026978e-02 1.274300273507833481e-02 1.194424834102392197e-02 1.901926659047603607e-02 1.680583134293556213e-02 1.058772113174200058e-02 4.525991622358560562e-03 2.933894842863082886e-02
4.298469051718711853e-02 4.704404994845390320e-02 5.849680746905505657e-05 5.625111050903797150e-03 1.128394808620214462e-02 5.514363944530487061e-02 8.511357307434082031e-01 1.311083417385816574e-02 8.934769779443740845e-03 6.793689448386430740e-03 3.541914373636245728e-02 1.186104398220777512e-02 3.189452365040779114e-02 8.257909677922725677e-03 1.893737167119979858e-02 2.599564567208290100e-02 1.874759793281555176e-02 2.150358259677886963e-02 2.210732549428939819e-02 6.209135055541992188e-03 1.911235973238945007e-02 2.371540479362010956e-02 1.547855325043201447e-02 1.429354213178157806e-02 1.337327901273965836e-02 1.463861484080553055e-02 1.938406936824321747e-02 1.888802461326122284e-02 2.539232186973094940e-02 5.537324585020542145e-03 2.496353909373283386e-02 1.529299002140760422e-02 1.547583937644958496e-02 1.626348868012428284e-02 7.025317754596471786e-03 1.043757889419794083e-02 1.246048696339130402e-02 1.699878834187984467e-02 1.376596186310052872e-02 1.749007217586040497e-02 2.316868677735328674e-02 1.251433324068784714e-02 1.888032630085945129e-02 1.002198457717895508e-02 1.952768675982952118e-02 2.267788164317607880e-02 4.978566989302635193e-02 5.579179897904396057e-02 1.646554656326770782e-02 2.064320817589759827e-02 7.596617098897695541e-03 4.574589896947145462e-03 2.690234221518039703e-02 1.734268479049205780e-02 2.019382081925868988e-02 1.444089878350496292e-02 1.801276765763759613e-02 2.641327120363712311e-02 7.871908135712146759e-03 1.188373286277055740e-02 2.077881619334220886e-02 1.598802953958511353e-02 1.032630633562803268e-02 8.293178863823413849e-03 2.352101914584636688e-02 2.650192379951477051e-02 1.457525976002216339e-02 2.199189551174640656e-02 1.411006785929203033e-02 1.332608424127101898e-02 9.607568383216857910e-03 1.469202246516942978e-02 1.721970923244953156e-02 7.847015745937824249e-03 5.025992169976234436e-03 1.141941919922828674e-02 1.598264463245868683e-02 4.261466674506664276e-03 1.426737569272518158e-02 1.022362057119607925e-02 6.262938492000102997e-03 4.080065526068210602e-03 9.427749551832675934e-03 2.499987604096531868e-03 1.465425733476877213e-02 1.469147857278585434e-02 9.837395511567592621e-03 1.193622592836618423e-02 1.276942156255245209e-02 7.208523456938564777e-04 3.883912786841392517e-02 1.891014538705348969e-02 4.808983206748962402e-02 1.759472489356994629e-02 1.191271096467971802e-02 1.670039258897304535e-02 3.571850713342428207e-03 1.403427217155694962e-02 7.373009808361530304e-03 4.771789535880088806e-04 7.565777283161878586e-03 1.578480377793312073e-02 9.109363891184329987e-03 1.306360960006713867e-02 3.297743201255798340e-02 1.667845249176025391e-02 6.895363796502351761e-03 1.499999035149812698e-02 1.571928337216377258e-02 1.828065328299999237e-02 1.652674563229084015e-02 1.195356342941522598e-02 1.773677766323089600e-02 1.486892066895961761e-02 1.244932506233453751e-02 2.042484283447265625e-02
1.686181686818599701e-02 1.203453727066516876e-02 6.628268957138061523e-02 4.459124524146318436e-03 8.775430731475353241e-03 2.325842715799808502e-02 1.311083417385816574e-02 8.511357307434082031e-01 3.311996581032872200e-03 2.927187131717801094e-03 2.326802909374237061e-02 3.619025810621678829e-04 1.615374162793159485e-02 2.654656767845153809e-03 4.510235413908958435e-02 1.343789510428905487e-02 9.081931784749031067e-03 3.323429729789495468e-03 2.931164763867855072e-02 1.930263638496398926e-02 1.867534592747688293e-02 3.193224221467971802e-02 7.682286202907562256e-03 1.085936371237039566e-02 1.593412831425666809e-02 6.623836234211921692e-03 2.349218912422657013e-02 1.612826995551586151e-02 1.378182228654623032e-02 8.765957318246364594e-03 1.097886078059673309e-02 8.384653367102146149e-03 6.321924738585948944e-03 1.720141805708408356e-02 4.472447093576192856e-03 1.694762334227561951e-02 1.482252124696969986e-02 3.124248422682285309e-02 1.415603701025247574e-02 2.539495564997196198e-02 2.458924613893032074e-02 8.908880874514579773e-03 2.846349496394395828e-03 2.897441759705543518e-02 2.904244465753436089e-03 1.574415154755115509e-02 1.647393964231014252e-02 1.131268497556447983e-02 8.723229169845581055e-03 1.723925210535526276e-02 1.684279879555106163e-03 1.460524275898933411e-03 1.738025248050689697e-02 1.673303171992301941e-02 6.811117782490327954e-05 1.246239151805639267e-02 1.160384248942136765e-02 1.428030151873826981e-02 6.994764320552349091e-03 4.582393914461135864e-03 1.671131514012813568e-02 1.789808459579944611e-02 1.645936630666255951e-02 3.476536367088556290e-03 1.599155925214290619e-02 1.263991557061672211e-02 4.311665426939725876e-03 1.736923865973949432e-02 6.533040432259440422e-04 1.202876865863800049e-02 6.134257186204195023e-03 9.570907801389694214e-03 7.207361515611410141e-03 1.143113151192665100e-02 1.946825650520622730e-03 3.651180304586887360e-04 1.198536250740289688e-02 4.054458811879158020e-03 6.819664966315031052e-03 8.091825991868972778e-03 4.929429665207862854e-02 1.529599726200103760e-02 1.520444359630346298e-02 1.806525886058807373e-02 2.182601764798164368e-02 1.090310886502265930e-02 4.341739416122436523e-02 1.651375740766525269e-02 5.209294147789478302e-03 1.421270426362752914e-02 1.689117401838302612e-02 2.774390205740928650e-02 1.059695705771446228e-02 1.641230098903179169e-02 4.194780252873897552e-03 8.711304515600204468e-03 1.447545737028121948e-02 1.245941035449504852e-02 2.003071131184697151e-04 6.243847776204347610e-03 1.345547288656234741e-02 1.530383620411157608e-02 1.941569335758686066e-02 1.116716209799051285e-02 1.130212005227804184e-02 1.943833939731121063e-02 3.189424052834510803e-02 5.944329313933849335e-03 1.513342279940843582e-02 1.165808457881212234e-02 1.905223354697227478e-02 1.326058339327573776e-02 1.225018780678510666e-02 1.514446455985307693e-03 3.353459062054753304e-03 1.087643112987279892e-02
1.013483852148056030e-02 1.609876193106174469e-02 9.305489948019385338e-04 2.334747835993766785e-02 1.125367917120456696e-02 6.581182242371141911e-04 8.934769779443740845e-03 3.311996581032872200e-03 8.511357307434082031e-01 3.828118368983268738e-02 5.721991416066884995e-03 1.898009097203612328e-03 2.012880332767963409e-02 1.698409579694271088e-02 3.789629321545362473e-03 1.892736554145812988e-02 1.714016124606132507e-02 3.973266109824180603e-02 8.016202598810195923e-03 8.615663682576268911e-05 2.460424555465579033e-03 1.898535178042948246e-03 1.725262589752674103e-02 1.372909639030694962e-02 6.941604427993297577e-03 4.760250914841890335e-03 8.131528273224830627e-03 2.087782369926571846e-03 6.640964653342962265e-03 1.540895178914070129e-02 6.500692106783390045e-03 1.856896653771400452e-02 9.453913196921348572e-03 9.469487704336643219e-03 7.040105294436216354e-03 2.935973182320594788e-02 1.037196442484855652e-02 4.434845410287380219e-03 4.801156464964151382e-03 7.416971027851104736e-03 5.187974311411380768e-03 2.315259166061878204e-02 2.413868717849254608e-02 1.047457568347454071e-02 3.283834457397460938e-02 8.017838117666542530e-04 1.462508924305438995e-03 1.654351502656936646e-02 2.912564203143119812e-02 1.497540716081857681e-02 7.868865504860877991e-03 1.448423508554697037e-02 7.071121130138635635e-03 3.502273233607411385e-03 4.921930655837059021e-02 2.354309335350990295e-02 1.758968643844127655e-02 1.971840159967541695e-03 2.204503491520881653e-02 2.069667540490627289e-02 2.413095720112323761e-02 2.167605236172676086e-02 1.001886744052171707e-02 1.880789548158645630e-02 4.464869853109121323e-03 4.520614631474018097e-03 1.267648302018642426e-02 8.258926100097596645e-04 3.078343905508518219e-02 2.712270058691501617e-02 2.443599700927734375e-02 3.053520061075687408e-02 1.979632303118705750e-02 2.816977910697460175e-02 1.550885732285678387e-03 4.108043387532234192e-02 5.426488444209098816e-02 3.462003543972969055e-02 4.501916468143463135e-02 5.977783584967255592e-04 6.677389610558748245e-03 1.822608895599842072e-02 1.961204409599304199e-02 4.326033871620893478e-03 7.461113389581441879e-03 7.600239012390375137e-03 1.012909691780805588e-02 7.234622607938945293e-04 3.317162767052650452e-02 1.442429795861244202e-02 2.008096780627965927e-03 1.298817107453942299e-03 1.242127828299999237e-02 1.808196678757667542e-02 3.487771749496459961e-02 2.713803015649318695e-02 1.442278549075126648e-02 3.159735351800918579e-02 2.952587045729160309e-02 4.573254287242889404e-02 9.949536062777042389e-03 6.586962845176458359e-03 1.331238914281129837e-02 1.656505838036537170e-02 1.799354678951203823e-03 4.892900120466947556e-03 1.906331256031990051e-02 2.463711239397525787e-02 3.156573744490742683e-03 2.640079939737915993e-03 1.046860124915838242e-02 1.915736310184001923e-02 6.597070489078760147e-03 1.238498184829950333e-02 1.191770378500223160e-02 1.020498666912317276e-02
3.031070518773049116e-04 8.876422420144081116e-03 9.181275032460689545e-03 2.538038417696952820e-02 1.742446050047874451e-02 6.733425892889499664e-03 6.793689448386430740e-03 2.927187131717801094e-03 3.828118368983268738e-02 8.511357307434082031e-01 1.014044508337974548e-02 4.158962052315473557e-03 1.616190001368522644e-02 1.081928983330726624e-02 3.786359215155243874e-03 1.631709747016429901e-02 2.518561668694019318e-02 2.421058900654315948e-02 2.753750793635845184e-02 1.911644078791141510e-02 8.425514213740825653e-03 3.097894368693232536e-04 1.172856241464614868e-02 1.987828873097896576e-02 2.163771167397499084e-02 1.873232051730155945e-02 2.192214829847216606e-03 2.217900007963180542e-02 1.121489144861698151e-02 7.716432213783264160e-03 6.552559789270162582e-03 1.995219290256500244e-02 1.416460704058408737e-02 2.183280885219573975e-02 2.111890912055969238e-02 3.755515441298484802e-02 3.057472780346870422e-02 7.195403333753347397e-03 1.560275908559560776e-02 4.514689091593027115e-03 1.494464837014675140e-02 2.285960875451564789e-02 3.301605582237243652e-02 5.597632378339767456e-03 1.979154907166957855e-02 3.135306760668754578e-02 1.280146557837724686e-02 1.642559282481670380e-02 2.281526848673820496e-02 2.651720680296421051e-02 8.054199628531932831e-03 1.880681328475475311e-02 1.157399732619524002e-02 7.124545052647590637e-03 2.545946463942527771e-02 3.711429983377456665e-02 1.693359576165676117e-02 1.621899381279945374e-02 2.197288163006305695e-02 2.553096413612365723e-02 1.196993421763181686e-02 2.387858368456363678e-02 2.645999751985073090e-02 3.151899948716163635e-02 1.591529324650764465e-02 1.099972892552614212e-02 1.622726023197174072e-02 3.230819012969732285e-03 9.863964514806866646e-04 1.175000425428152084e-02 2.058032155036926270e-02 1.628081779927015305e-03 2.144768601283431053e-03 5.631276406347751617e-03 8.679045364260673523e-03 3.090819809585809708e-03 3.423791006207466125e-02 5.862932652235031128e-02 2.987326867878437042e-02 3.603422641754150391e-02 5.253781564533710480e-03 2.041368931531906128e-02 2.459923550486564636e-02 1.959049515426158905e-02 1.990094780921936035e-02 1.954757608473300934e-02 2.195375785231590271e-02 2.311443723738193512e-02 1.231369189918041229e-02 1.945231109857559204e-02 7.628955412656068802e-03 6.939639337360858917e-03 1.321160886436700821e-02 1.292582787573337555e-02 2.610932104289531708e-02 2.882552705705165863e-02 1.239306665956974030e-02 2.276123501360416412e-03 2.051351219415664673e-02 3.841397166252136230e-02 1.762367226183414459e-02 2.174779959022998810e-02 9.821480140089988708e-03 8.062687702476978302e-03 4.884546622633934021e-03 3.348172875121235847e-03 1.968470588326454163e-02 1.650895737111568451e-02 1.620229706168174744e-02 5.323865916579961777e-03 8.113072253763675690e-03 7.849283516407012939e-03 1.811120472848415375e-02 2.430131286382675171e-02 2.164137695217505097e-04 9.397916495800018311e-03
4.497998952865600586e-02 3.339790552854537964e-02 2.049393206834793091e-02 7.634915411472320557e-03 1.003905013203620911e-02 3.155069798231124878e-02 3.541914373636245728e-02 2.326802909374237061e-02 5.721991416066884995e-03 1.014044508337974548e-02 8.511357307434082031e-01 5.323653575032949448e-03 4.114561527967453003e-02 1.077471766620874405e-02 2.015741169452667236e-02 6.670498754829168320e-03 1.541933277621865273e-03 1.761584728956222534e-02 2.634063421282917261e-04 5.137713378644548357e-05 2.352537214756011963e-02 3.341403231024742126e-02 1.771442126482725143e-03 2.870745956897735596e-03 1.788411475718021393e-02 1.979662664234638214e-02 2.888809889554977417e-02 1.313295587897300720e-02 4.350756853818893433e-02 5.558996461331844330e-03 3.646199032664299011e-02 8.581011556088924408e-03 2.117854170501232147e-02 1.509850192815065384e-02 1.263210736215114594e-02 1.589351892471313477e-02 1.536905206739902496e-02 2.278136089444160461e-02 8.444751612842082977e-03 2.201586216688156128e-02 2.232121676206588745e-02 1.542748045176267624e-02 1.513363141566514969e-02 2.827582880854606628e-02 1.515639945864677429e-02 1.895967125892639160e-02 4.463155195116996765e-02 3.662899136543273926e-02 1.602428592741489410e-02 2.321247383952140808e-02 2.422462916001677513e-03 9.929406456649303436e-03 1.704815588891506195e-02 1.693423092365264893e-02 1.176679041236639023e-02 1.751344464719295502e-02 1.223407685756683350e-02 1.872909255325794220e-02 1.068672351539134979e-02 4.703932907432317734e-03 1.602845638990402222e-02 1.080960407853126526e-02 4.056899342685937881e-03 5.964815500192344189e-04 3.482704609632492065e-02 4.119849577546119690e-02 1.170565187931060791e-02 2.485925331711769104e-02 7.043855730444192886e-03 2.293994277715682983e-02 9.481634013354778290e-03 2.114781551063060760e-02 1.001043338328599930e-02 5.025519989430904388e-03 1.872773515060544014e-03 1.342257391661405563e-02 4.364154767245054245e-03 2.045068424195051193e-03 8.730102330446243286e-03 6.570091936737298965e-03 2.354785427451133728e-02 8.140865713357925415e-03 1.766318641602993011e-02 1.547958143055438995e-02 1.223643682897090912e-02 1.832556910812854767e-02 2.644134685397148132e-02 2.643331419676542282e-03 1.363738626241683960e-02 1.025006826967000961e-02 3.937558457255363464e-02 3.011089749634265900e-02 3.835519403219223022e-02 2.988349087536334991e-02 2.835490368306636810e-02 1.414779014885425568e-02 1.897556148469448090e-02 2.063636295497417450e-02 4.175863228738307953e-03 2.755616791546344757e-03 1.199471484869718552e-02 1.399332005530595779e-02 2.251083776354789734e-02 2.760238386690616608e-02 1.690207235515117645e-02 1.635461486876010895e-02 9.074165485799312592e-03 1.771678775548934937e-02 1.311093848198652267e-02 2.231545932590961456e-02 2.585690096020698547e-02 2.091349847614765167e-02 1.615558378398418427e-02 2.011650986969470978e-02 2.665199339389801025e-02 1.845227368175983429e-02
7.069759070873260498e-03 1.094762887805700302e-02 5.360013339668512344e-03 4.535290878266096115e-03 8.376300334930419922e-03 3.146447241306304932e-02 1.186104398220777512e-02 3.619025810621678829e-04 1.898009097203612328e-03 4.158962052315473557e-03 5.323653575032949448e-03 8.511357307434082031e-01 3.535190597176551819e-03 6.853774189949035645e-02 6.077463272958993912e-03 2.687361836433410645e-02 1.321386545896530151e-02 8.378588594496250153e-03 9.375613182783126831e-03 4.812239203602075577e-03 9.697667323052883148e-03 2.375541999936103821e-02 3.169468417763710022e-02 2.198093570768833160e-02 1.162802707403898239e-02 1.818796619772911072e-02 2.470391802489757538e-02 4.728687182068824768e-02 1.691842824220657349e-02 1.692306995391845703e-02 2.296297810971736908e-02 1.621382497251033783e-02 1.027887780219316483e-02 1.692604087293148041e-02 1.899360492825508118e-02 2.406328916549682617e-02 2.837127074599266052e-02 7.840019650757312775e-03 1.627686084248125553e-03 6.360203842632472515e-04 2.097355946898460388e-02 4.518234636634588242e-03 2.243747003376483917e-02 1.154744904488325119e-02 2.497455850243568420e-02 1.018306426703929901e-02 2.747197169810533524e-03 5.903444252908229828e-03 1.791703142225742340e-02 1.006258651614189148e-02 1.936908438801765442e-02 6.282126065343618393e-03 1.234939601272344589e-02 2.474533580243587494e-02 3.122410271316766739e-04 1.241774670779705048e-02 4.089520312845706940e-03 6.907983217388391495e-03 6.162166595458984375e-03 2.745551464613527060e-04 1.010276935994625092e-02 1.282293722033500671e-02 1.639512367546558380e-02 5.900980904698371887e-04 6.810511462390422821e-03 2.132630348205566406e-02 1.321482378989458084e-02 1.523555605672299862e-03 1.478872029110789299e-03 3.109365515410900116e-02 1.713184639811515808e-02 1.239456422626972198e-02 1.151788746938109398e-03 4.136773198843002319e-02 7.406753138639032841e-04 2.258553635329008102e-03 1.494934689253568649e-02 1.586213521659374237e-02 2.087466605007648468e-02 1.455334480851888657e-02 2.134212292730808258e-02 1.661834120750427246e-02 2.923047170042991638e-02 5.831255111843347549e-03 9.594643488526344299e-03 1.446654647588729858e-02 1.883574947714805603e-02 2.397993113845586777e-03 1.685823500156402588e-02 1.117997337132692337e-02 7.045804522931575775e-03 1.187158375978469849e-02 4.607482405845075846e-04 3.303073113784193993e-03 2.576343715190887451e-03 3.702315269038081169e-03 3.567012771964073181e-02 5.036418791860342026e-03 1.889933831989765167e-02 1.932120695710182190e-02 6.646150723099708557e-03 1.330100838094949722e-02 6.254834588617086411e-03 1.718380022794008255e-03 5.213954020291566849e-03 6.946577224880456924e-03 4.422449041157960892e-03 2.312127267941832542e-03 2.502093650400638580e-02 9.742245078086853027e-03 1.681228168308734894e-02 8.022993803024291992e-03 1.640762388706207275e-02 1.725840941071510315e-02 2.204836346209049225e-02 4.089970607310533524e-03
3.643745556473731995e-02 3.605199605226516724e-02 5.029449239373207092e-03 1.539439894258975983e-02 1.539181917905807495e-02 2.820304036140441895e-02 3.189452365040779114e-02 1.615374162793159485e-02 2.012880332767963409e-02 1.616190001368522644e-02 4.114561527967453003e-02 3.535190597176551819e-03 8.511357307434082031e-01 2.638701582327485085e-03 2.094358950853347778e-02 1.406632550060749054e-02 7.444086484611034393e-03 2.337940223515033722e-02 3.754027886316180229e-03 5.157296545803546906e-03 3.201250359416007996e-02 2.896352671086788177e-02 4.303603898733854294e-03 1.103602256625890732e-02 1.998755894601345062e-02 2.436813339591026306e-02 2.519725263118743896e-02 1.034921687096357346e-02 2.395290508866310120e-02 1.077849045395851135e-02 2.581761404871940613e-02 1.908235065639019012e-02 2.445502206683158875e-02 2.535528689622879028e-02 1.986445486545562744e-02 2.413176931440830231e-02 2.134996838867664337e-02 1.952882297337055206e-02 1.138309109956026077e-02 2.864305675029754639e-02 1.834675297141075134e-02 2.238509990274906158e-02 2.313389629125595093e-02 2.646840177476406097e-02 2.289412356913089752e-02 1.506428141146898270e-02 3.561881929636001587e-02 3.871474787592887878e-02 3.014451451599597931e-02 2.996078133583068848e-02 1.110691484063863754e-02 1.789673976600170135e-02 2.228693477809429169e-02 1.511320844292640686e-02 2.050344832241535187e-02 2.004438824951648712e-02 1.242727134376764297e-02 2.264988236129283905e-02 1.437180861830711365e-02 1.435737591236829758e-02 1.598530635237693787e-02 1.143500301986932755e-02 2.787466626614332199e-03 1.129116490483283997e-02 2.812433987855911255e-02 3.664645552635192871e-02 2.033371850848197937e-02 3.122184239327907562e-02 1.851433655247092247e-03 2.877823077142238617e-02 3.365098498761653900e-03 2.396234497427940369e-02 8.471553213894367218e-03 1.074048224836587906e-02 1.574007561430335045e-03 1.872362568974494934e-02 1.963190361857414246e-02 2.668982837349176407e-03 1.603695936501026154e-02 3.988525830209255219e-03 1.591415330767631531e-02 2.027059206739068031e-03 1.825609616935253143e-02 1.141741126775741577e-02 1.537737157195806503e-02 2.230075374245643616e-02 1.664082892239093781e-02 1.404320728033781052e-02 2.985609928146004677e-03 5.500163417309522629e-03 3.353419527411460876e-02 2.784538455307483673e-02 4.134567081928253174e-02 3.366683050990104675e-02 2.838243171572685242e-02 2.021616697311401367e-02 1.967584155499935150e-02 2.207839116454124451e-02 7.318444550037384033e-03 7.295803632587194443e-03 2.007654681801795959e-02 2.037332765758037567e-02 2.709816396236419678e-02 2.263942919671535492e-02 1.986042223870754242e-02 2.310323528945446014e-02 2.551098354160785675e-02 2.246090956032276154e-02 1.327807456254959106e-02 1.776146516203880310e-02 2.342343330383300781e-02 2.606655471026897430e-02 2.311289124190807343e-02 2.446240000426769257e-02 2.410439215600490570e-02 2.774563245475292206e-02
