8.315588235855102539e-01 6.202141568064689636e-02 1.170048210769891739e-02 3.732325974851846695e-03 1.884602592326700687e-03 4.883739352226257324e-02 4.630954563617706299e-02 3.444984182715415955e-02 2.026159688830375671e-02 9.409778751432895660e-03 4.725031554698944092e-02 1.026336196810007095e-02 4.602112993597984314e-02 4.320648033171892166e-03 2.922878414392471313e-02 4.505509510636329651e-03 3.395817708224058151e-03 7.676138775423169136e-04 2.301231026649475098e-02 1.250428054481744766e-02 1.380968140438199043e-03 2.057454176247119904e-02 1.096131745725870132e-03 1.617534272372722626e-02 1.336383167654275894e-02 3.658262779936194420e-03 3.650076687335968018e-02 2.191625721752643585e-02 3.019068017601966858e-02 2.825467847287654877e-02 2.374652214348316193e-02 2.177868445869535208e-04 1.335082389414310455e-02 2.471192972734570503e-03 2.849546959623694420e-03 2.893073111772537231e-02 2.914816699922084808e-02 1.995872706174850464e-02 1.238567382097244263e-02 8.078267797827720642e-03 2.822516486048698425e-02 1.064302772283554077e-02 5.800671409815549850e-03 5.226997658610343933e-03 1.411749981343746185e-02 2.194587374106049538e-03 4.904994368553161621e-02 3.347249701619148254e-02 1.692243106663227081e-02 1.664709299802780151e-02 1.231101248413324356e-02 2.122495323419570923e-02 1.477278862148523331e-02 3.425237024202942848e-03 1.564710773527622223e-02 4.349162802100181580e-03 2.063487283885478973e-02 1.562863588333129883e-02 2.129989489912986755e-02 3.518112003803253174e-02 1.240010373294353485e-02 7.758148945868015289e-03 2.147173509001731873e-02 1.292819716036319733e-02 3.322223573923110962e-02 4.028714448213577271e-02 9.893517941236495972e-03 5.541974212974309921e-03 4.981679841876029968e-03 1.374625880271196365e-02 1.528082881122827530e-02 3.445336222648620605e-02 2.958332654088735580e-03 2.074681222438812256e-02 1.598017406649887562e-03 4.518453776836395264e-02 1.617555506527423859e-02 4.450781270861625671e-04 1.153892185539007187e-02 9.566893568262457848e-04 2.214144915342330933e-02 1.034704037010669708e-02 8.989171124994754791e-03 5.012630484998226166e-03 1.277468353509902954e-02 9.226839058101177216e-03 3.691444545984268188e-02 2.962183579802513123e-02 8.299146778881549835e-03 1.819961122237145901e-03 4.504742845892906189e-02 8.872129023075103760e-03 4.989051818847656250e-02 2.796837687492370605e-02 1.489482913166284561e-02 4.078679718077182770e-03 1.728683710098266602e-02 3.720683231949806213e-02 5.309105850756168365e-03 4.863289184868335724e-03 3.054606495425105095e-03 5.994909442961215973e-03 1.310895755887031555e-02 2.350183017551898956e-02 8.135326206684112549e-03 1.118598692119121552e-02 1.429401338100433350e-02 2.646060660481452942e-02 2.715892344713211060e-02 1.525890082120895386e-02 7.656878791749477386e-03 2.039337344467639923e-02 7.171252276748418808e-03 4.417549818754196167e-03 3.076202608644962311e-02 2.236563898622989655e-02
6.202141568064689636e-02 8.315588235855102539e-01 1.889065722934901714e-03 1.103371661156415939e-02 1.120032370090484619e-02 5.736140161752700806e-02 5.353229492902755737e-02 3.398447483777999878e-02 7.319744676351547241e-03 3.369218669831752777e-03 4.615205526351928711e-02 1.810895279049873352e-03 5.927513539791107178e-02 1.163231953978538513e-02 1.818974502384662628e-02 7.902042008936405182e-03 3.373146755620837212e-03 1.824890635907649994e-02 1.534065790474414825e-02 1.569080166518688202e-02 1.003879588097333908e-02 2.327828109264373779e-02 1.638401299715042114e-02 2.839241735637187958e-02 1.197948493063449860e-02 8.536621928215026855e-03 3.437095507979393005e-02 3.141780197620391846e-02 3.783598542213439941e-02 2.714445255696773529e-02 3.738186508417129517e-02 1.361756306141614914e-02 6.833525374531745911e-03 5.948023870587348938e-03 6.744268815964460373e-03 1.853253878653049469e-02 2.524525485932826996e-02 1.156267244368791580e-02 4.201945383101701736e-03 5.524302832782268524e-03 9.809562005102634430e-03 3.036139300093054771e-03 9.831840172410011292e-03 1.889763283543288708e-03 3.596174647100269794e-04 7.502080406993627548e-03 4.866869375109672546e-02 3.118625096976757050e-02 8.108794689178466797e-03 2.677851729094982147e-02 8.200552547350525856e-04 7.058629766106605530e-03 3.779108403250575066e-03 1.138194929808378220e-02 1.224278006702661514e-02 1.777350844349712133e-04 1.172902714461088181e-02 1.821343041956424713e-02 6.821469403803348541e-03 1.630966365337371826e-02 5.729032680392265320e-03 5.328722298145294189e-03 5.220724735409021378e-03 2.062207832932472229e-02 2.542601525783538818e-02 3.187448158860206604e-02 2.199171669781208038e-02 8.690946735441684723e-03 1.801518164575099945e-02 1.478834170848131180e-02 1.594241335988044739e-02 2.636472694575786591e-02 4.577158484607934952e-03 2.325871214270591736e-02 1.340392325073480606e-02 3.196827694773674011e-02 4.976009950041770935e-03 2.773846208583563566e-04 8.831075974740087986e-04 4.190333187580108643e-03 3.906965255737304688e-02 7.400048896670341492e-03 3.268857672810554504e-02 6.483945064246654510e-03 1.418746262788772583e-02 3.487587673589587212e-03 3.880297765135765076e-02 1.025475747883319855e-02 3.420481225475668907e-03 1.291275024414062500e-02 3.159266337752342224e-02 1.381149794906377792e-02 4.019384458661079407e-02 2.114653773605823517e-02 1.198000274598598480e-02 8.823384414426982403e-04 1.643811352550983429e-02 2.600405365228652954e-02 7.846879772841930389e-03 1.389440498314797878e-03 3.726142225787043571e-03 1.235093548893928528e-02 1.661808229982852936e-02 1.589759439229965210e-02 9.543394669890403748e-03 8.540452457964420319e-03 1.141455490142107010e-02 1.216518227010965347e-02 2.703451551496982574e-02 8.855252526700496674e-03 5.424145609140396118e-03 1.537287794053554535e-02 1.789030991494655609e-02 1.477534882724285126e-03 8.844752795994281769e-03 1.062052324414253235e-02
1.170048210769891739e-02 1.889065722934901714e-03 8.315588235855102539e-01 9.500219486653804779e-03 1.047656033188104630e-02 5.393385887145996094e-03 1.273260544985532761e-02 3.605456650257110596e-02 1.695285551249980927e-02 2.699857577681541443e-03 4.009114578366279602e-03 2.852903306484222412e-02 5.781373009085655212e-03 2.836800925433635712e-02 1.725582033395767212e-02 9.374948218464851379e-03 1.082793902605772018e-02 4.721507895737886429e-03 1.071172649972140789e-03 3.638621419668197632e-03 1.054733991622924805e-02 2.967265062034130096e-02 3.358620405197143555e-02 2.689014375209808350e-02 1.336940191686153412e-02 5.492923664860427380e-04 8.975259028375148773e-03 1.093040592968463898e-02 1.085322257131338120e-02 1.240221597254276276e-02 1.596901938319206238e-02 1.266054809093475342e-02 7.817853474989533424e-04 1.394085027277469635e-02 1.231492217630147934e-02 2.106359042227268219e-02 3.819877281785011292e-02 7.230475312098860741e-04 7.765565067529678345e-03 7.605482824146747589e-03 2.078035473823547363e-02 1.587835513055324554e-02 1.892456039786338806e-02 1.345408521592617035e-02 2.277665026485919952e-02 3.902960941195487976e-02 1.032485999166965485e-02 2.743675000965595245e-02 3.441898152232170105e-02 3.055115975439548492e-02 1.184655632823705673e-02 2.356916293501853943e-02 1.604176126420497894e-03 2.910624258220195770e-02 1.537659205496311188e-02 3.715455904603004456e-02 7.681054528802633286e-03 1.475694216787815094e-02 2.230658568441867828e-02 1.301758177578449249e-02 7.656653411686420441e-03 1.912944205105304718e-02 7.111631799489259720e-03 2.223080210387706757e-02 9.530222043395042419e-03 1.588459126651287079e-02 1.253759674727916718e-02 6.492889951914548874e-03 1.193710695952177048e-02 1.010453235357999802e-02 7.544930558651685715e-03 9.932305663824081421e-03 1.373138930648565292e-02 4.219535738229751587e-03 3.653508378192782402e-03 2.544258255511522293e-03 1.685637608170509338e-02 1.106238085776567459e-02 2.486586384475231171e-02 1.466569397598505020e-02 2.162130922079086304e-02 1.009761448949575424e-02 8.728113956749439240e-03 8.296462707221508026e-03 2.396685257554054260e-02 2.973752841353416443e-02 4.428852349519729614e-03 1.417438616044819355e-03 1.118894107639789581e-02 1.390496827661991119e-02 1.848325692117214203e-02 6.551084807142615318e-04 1.560670882463455200e-02 1.123501360416412354e-02 1.452421396970748901e-02 2.340600267052650452e-02 2.575652208179235458e-03 3.955788444727659225e-03 1.816652901470661163e-02 2.012159675359725952e-02 2.163568139076232910e-02 1.728091575205326080e-02 2.369951689615845680e-03 1.626050844788551331e-02 1.232308987528085709e-02 3.265039622783660889e-02 6.693950388580560684e-03 1.403437927365303040e-02 2.659978158771991730e-02 1.286401133984327316e-02 2.365302667021751404e-02 3.752856329083442688e-02 2.303638262674212456e-03 2.953594177961349487e-02 1.598571240901947021e-02 3.471017256379127502e-02
3.732325974851846695e-03 1.103371661156415939e-02 9.500219486653804779e-03 8.315588235855102539e-01 6.217152252793312073e-02 1.166270230896770954e-03 1.680582645349204540e-03 1.792701892554759979e-02 6.537869572639465332e-03 3.131999075412750244e-02 8.758602663874626160e-03 2.393386699259281158e-02 7.254307856783270836e-04 1.280336547642946243e-02 1.658471859991550446e-02 2.671996876597404480e-02 3.591789677739143372e-02 8.517256006598472595e-03 7.476660422980785370e-03 1.574974320828914642e-02 1.498848199844360352e-03 2.824901975691318512e-02 2.613265626132488251e-02 2.200460806488990784e-02 9.084289893507957458e-03 1.690088398754596710e-02 6.641780957579612732e-03 5.061191320419311523e-02 1.327218767255544662e-02 1.895747706294059753e-02 6.911125034093856812e-03 6.909734103828668594e-03 5.622289143502712250e-03 5.117481574416160583e-03 2.320482954382896423e-02 3.670225851237773895e-03 1.556624192744493484e-02 4.680145531892776489e-03 2.168193832039833069e-02 2.234568819403648376e-02 4.354947712272405624e-03 2.023482881486415863e-02 1.224312279373407364e-02 1.384959928691387177e-02 4.037366248667240143e-03 6.786874495446681976e-03 3.824141575023531914e-03 2.190440194681286812e-03 4.112096503376960754e-03 1.073679886758327484e-02 3.512019990012049675e-03 2.334033371880650520e-03 1.293195993639528751e-03 1.782624237239360809e-02 1.858429424464702606e-02 2.415734529495239258e-02 5.037573352456092834e-02 4.575787112116813660e-02 2.180787175893783569e-02 2.091393619775772095e-02 2.132275141775608063e-02 4.339938238263130188e-02 1.971248351037502289e-02 4.331392794847488403e-02 1.516851224005222321e-02 2.010392956435680389e-02 2.417616173624992371e-02 1.921223662793636322e-02 1.711561693809926510e-03 1.936431974172592163e-02 3.649390861392021179e-02 1.208382379263639450e-02 2.318119630217552185e-02 3.043679334223270416e-02 7.170681376010179520e-03 2.356597594916820526e-02 1.577321905642747879e-03 1.720359176397323608e-02 1.314707472920417786e-02 2.440413646399974823e-02 1.143147796392440796e-02 1.731010712683200836e-02 3.948203101754188538e-02 1.407398190349340439e-02 1.494665630161762238e-02 2.591988444328308105e-02 9.316212497651576996e-03 1.513461116701364517e-02 3.922947496175765991e-02 1.780082355253398418e-03 9.629721753299236298e-04 4.490130115300416946e-03 7.091332226991653442e-03 3.361346665769815445e-03 3.152050450444221497e-02 1.301158964633941650e-02 2.374852634966373444e-02 3.001947654411196709e-03 3.198648802936077118e-03 5.612798486254177988e-05 1.408844254910945892e-02 6.652782205492258072e-03 7.668736390769481659e-03 1.565564610064029694e-02 2.083560638129711151e-02 1.532144844532012939e-02 3.423176333308219910e-02 4.007546976208686829e-02 8.034702390432357788e-03 1.814370043575763702e-02 2.182731218636035919e-02 3.197599900886416435e-03 2.206453494727611542e-02 5.816491786390542984e-03 1.277620811015367508e-02 4.835849627852439880e-03
1.884602592326700687e-03 1.120032370090484619e-02 1.047656033188104630e-02 6.217152252793312073e-02 8.315588235855102539e-01 9.529524482786655426e-03 7.705913856625556946e-03 1.460955757647752762e-02 6.160340271890163422e-03 8.210627362132072449e-03 1.543399132788181305e-02 3.606735169887542725e-02 4.821970593184232712e-03 2.484604157507419586e-02 2.182692475616931915e-02 2.306198514997959137e-02 2.740248851478099823e-02 1.763208210468292236e-02 2.926905453205108643e-02 1.049344614148139954e-02 1.017812173813581467e-03 1.540546957403421402e-02 2.369654737412929535e-02 2.504214271903038025e-02 5.889382213354110718e-03 1.673466525971889496e-02 8.936014957726001740e-03 3.108456917107105255e-02 2.256999723613262177e-03 5.569873377680778503e-03 8.270426653325557709e-03 4.206478130072355270e-03 1.639372855424880981e-02 1.452561467885971069e-02 3.405718505382537842e-02 3.246842883527278900e-03 1.683032698929309845e-02 6.897950079292058945e-03 2.371392026543617249e-02 2.898355573415756226e-02 1.984437368810176849e-02 1.045699976384639740e-02 1.517338864505290985e-02 3.495160955935716629e-03 5.746368318796157837e-03 4.177500028163194656e-03 4.483276512473821640e-03 3.321529831737279892e-03 1.924102893099188805e-03 3.883381723426282406e-04 4.587056115269660950e-03 1.809251698432490230e-04 1.489816233515739441e-03 1.924225827679038048e-03 1.559528522193431854e-02 2.475640363991260529e-02 4.380106180906295776e-02 4.744495078921318054e-02 2.030549757182598114e-02 2.252288721501827240e-02 2.052153646945953369e-02 4.616057127714157104e-02 1.828938163816928864e-02 3.751406446099281311e-02 1.450662966817617416e-02 1.129007339477539062e-02 9.306830354034900665e-03 1.493731699883937836e-02 8.314081351272761822e-04 3.645099326968193054e-02 2.488193660974502563e-02 2.255764976143836975e-02 2.887737005949020386e-02 3.581137955188751221e-02 2.575891278684139252e-02 2.452268265187740326e-02 6.220871582627296448e-03 2.481991890817880630e-03 1.682227104902267456e-02 8.107713423669338226e-03 5.880793556571006775e-03 3.437730669975280762e-02 4.347472637891769409e-02 3.902854770421981812e-02 2.850473299622535706e-02 2.450920827686786652e-02 1.387392263859510422e-02 6.233158055692911148e-03 2.944928593933582306e-02 1.191561110317707062e-02 3.351992694661021233e-03 1.288890186697244644e-02 3.386049938853830099e-04 8.829928934574127197e-03 2.527953311800956726e-02 1.125652110204100609e-03 1.574959233403205872e-02 1.708135381340980530e-02 7.909817621111869812e-03 1.341495383530855179e-02 6.419164128601551056e-03 1.081461459398269653e-02 8.880876004695892334e-03 3.390221390873193741e-03 2.523716166615486145e-02 2.047200873494148254e-02 1.774124614894390106e-02 1.916365884244441986e-02 9.992864215746521950e-04 1.501912903040647507e-02 1.340910419821739197e-02 1.007809955626726151e-02 9.688769467175006866e-03 2.403299789875745773e-03 1.993660070002079010e-02 3.569319145753979683e-03
4.883739352226257324e-02 5.736140161752700806e-02 5.393385887145996094e-03 1.166270230896770954e-03 9.529524482786655426e-03 8.315588235855102539e-01 6.260024011135101318e-02 3.462266642600297928e-03 6.016657222062349319e-03 1.817957870662212372e-02 4.876162484288215637e-02 1.882416941225528717e-02 4.578819125890731812e-02 2.301700599491596222e-02 3.209445858374238014e-03 1.504940260201692581e-02 1.909510791301727295e-02 1.719644479453563690e-02 1.833290047943592072e-02 8.677378296852111816e-03 1.485946960747241974e-02 9.731907397508621216e-03 4.635593853890895844e-03 2.533784834668040276e-03 4.369151778519153595e-03 1.015271991491317749e-02 2.471042238175868988e-02 2.194758504629135132e-02 4.122656211256980896e-02 2.307575568556785583e-02 1.803753711283206940e-02 1.251136232167482376e-02 1.728207134874537587e-04 4.449314437806606293e-03 2.898572385311126709e-02 2.449447661638259888e-02 2.782841026782989502e-02 2.129401778802275658e-03 1.949220895767211914e-03 2.345183864235877991e-02 1.332298759371042252e-02 3.655300242826342583e-03 1.397812180221080780e-02 5.872504319995641708e-03 1.936897635459899902e-02 2.759705297648906708e-03 5.901885777711868286e-02 2.376869320869445801e-02 7.210911717265844345e-03 1.844694651663303375e-02 1.898433268070220947e-02 2.181599102914333344e-02 4.150947555899620056e-03 1.516580581665039062e-02 7.580743636935949326e-03 1.743197813630104065e-02 1.561887189745903015e-02 3.102125786244869232e-02 2.582325134426355362e-03 5.516045261174440384e-03 6.702862214297056198e-03 2.273703925311565399e-02 1.055421121418476105e-02 6.029439624398946762e-03 2.850248105823993683e-02 2.621561288833618164e-02 1.995825674384832382e-03 8.180649951100349426e-03 2.259213104844093323e-02 2.607185579836368561e-02 1.221366785466670990e-02 2.174370735883712769e-02 5.124242743477225304e-04 2.821147255599498749e-02 1.321036182343959808e-02 1.950319856405258179e-02 6.085419561713933945e-03 1.289880461990833282e-02 6.070694886147975922e-03 7.505010347813367844e-03 3.016914427280426025e-02 9.108879603445529938e-03 7.801460102200508118e-03 1.523892767727375031e-02 2.231508260592818260e-03 8.671309798955917358e-03 1.356580574065446854e-02 2.948121353983879089e-02 3.121912712231278419e-03 1.069748308509588242e-03 3.534115105867385864e-02 2.891005948185920715e-02 3.572753444314002991e-02 1.616088114678859711e-02 4.561247304081916809e-03 5.525106564164161682e-03 1.213766727596521378e-02 1.826708205044269562e-02 1.615223102271556854e-02 1.113758981227874756e-02 1.602599769830703735e-02 2.723960578441619873e-02 1.173695176839828491e-02 1.176179945468902588e-02 2.912042895331978798e-03 7.712931372225284576e-03 1.739981671562418342e-04 1.375933364033699036e-02 5.020764190703630447e-03 5.828134715557098389e-03 7.051754742860794067e-03 3.522170335054397583e-02 9.963738732039928436e-03 7.677765097469091415e-03 3.988524898886680603e-03 1.271668821573257446e-02
4.630954563617706299e-02 5.353229492902755737e-02 1.273260544985532761e-02 1.680582645349204540e-03 7.705913856625556946e-03 6.260024011135101318e-02 8.315588235855102539e-01 9.603808633983135223e-03 3.393059596419334412e-03 2.271321602165699005e-02 4.756652936339378357e-02 1.231830567121505737e-02 5.356416478753089905e-02 3.435715660452842712e-02 1.046335790306329727e-02 3.029973478987812996e-03 3.458932740613818169e-03 5.499430000782012939e-03 1.260350644588470459e-02 4.751026630401611328e-03 8.302923291921615601e-03 8.596112951636314392e-03 7.194005884230136871e-03 1.019562035799026489e-02 1.022480893880128860e-03 1.970480382442474365e-02 2.826927602291107178e-02 1.520308852195739746e-02 4.142148792743682861e-02 7.111646700650453568e-03 3.707206621766090393e-02 1.475534518249332905e-03 1.282186992466449738e-02 7.259271573275327682e-03 1.962447911500930786e-02 1.718572527170181274e-02 2.732770703732967377e-02 1.083822920918464661e-02 9.682478383183479309e-03 2.095953561365604401e-02 2.169443853199481964e-02 2.517116023227572441e-03 7.008319254964590073e-03 2.587521215900778770e-03 4.953786730766296387e-03 1.262127514928579330e-02 5.053347349166870117e-02 4.463778808712959290e-02 3.228296991437673569e-03 2.840360626578330994e-02 1.157104875892400742e-02 3.017261810600757599e-02 1.316214352846145630e-02 1.417698687873780727e-03 4.703550948761403561e-04 4.039776511490345001e-03 6.509598810225725174e-03 2.483407221734523773e-02 1.157639641314744949e-02 2.325540967285633087e-02 1.653773151338100433e-02 2.352432534098625183e-02 6.299079541349783540e-05 6.366265006363391876e-04 2.305382862687110901e-02 3.349837660789489746e-02 1.298488816246390343e-03 5.723868031054735184e-03 5.621466785669326782e-03 2.699832431972026825e-02 4.709890112280845642e-03 2.092181146144866943e-02 9.393605403602123260e-03 2.129447273910045624e-02 2.897106809541583061e-03 1.743264682590961456e-02 7.922710850834846497e-03 1.388193108141422272e-02 5.897489842027425766e-03 2.301455708220601082e-03 3.222589194774627686e-02 3.275121795013546944e-03 9.124932810664176941e-03 5.204257555305957794e-03 3.647569566965103149e-03 5.731618963181972504e-03 2.139640599489212036e-02 2.369825169444084167e-02 6.550507154315710068e-03 3.749886527657508850e-03 2.123472094535827637e-02 4.685525223612785339e-02 2.594911307096481323e-02 1.543281506747007370e-02 2.111560432240366936e-03 2.007779432460665703e-03 1.667322218418121338e-02 2.747121267020702362e-02 1.519454829394817352e-02 7.690132595598697662e-03 2.294697426259517670e-02 2.282852120697498322e-02 5.259545869193971157e-04 1.425120048224925995e-02 1.048058271408081055e-02 1.699870638549327850e-02 7.669772021472454071e-03 1.387317385524511337e-02 2.596937352791428566e-03 2.039488777518272400e-02 1.291077584028244019e-02 3.609092906117439270e-02 1.178343314677476883e-02 1.493912469595670700e-02 7.931100204586982727e-03 2.770530059933662415e-02
3.444984182715415955e-02 3.398447483777999878e-02 3.605456650257110596e-02 1.792701892554759979e-02 1.460955757647752762e-02 3.462266642600297928e-03 9.603808633983135223e-03 8.315588235855102539e-01 2.289577620103955269e-03 6.600060034543275833e-03 1.346128247678279877e-02 1.626730337738990784e-02 2.960413880646228790e-02 1.080198213458061218e-02 5.181557312607765198e-02 2.737868635449558496e-04 2.202481403946876526e-02 1.797770708799362183e-02 4.386619199067354202e-03 3.580537438392639160e-02 1.440754812210798264e-02 4.021752253174781799e-02 3.198837488889694214e-02 4.431592673063278198e-02 2.579046599566936493e-02 3.934539854526519775e-03 2.601920254528522491e-02 2.900775708258152008e-02 1.464184559881687164e-02 3.221965208649635315e-02 2.325187996029853821e-02 5.925496108829975128e-03 1.496720593422651291e-02 3.180243074893951416e-03 2.158629707992076874e-02 4.409766755998134613e-03 4.250914324074983597e-03 2.672314085066318512e-02 8.999148383736610413e-03 1.989424414932727814e-02 5.201518535614013672e-03 5.766394897364079952e-04 1.502342202002182603e-04 1.388313714414834976e-02 1.876728981733322144e-02 4.096853546798229218e-03 1.355684641748666763e-02 3.526111133396625519e-03 1.301259268075227737e-03 7.027382031083106995e-03 8.611791767179965973e-03 1.156822778284549713e-02 1.376629527658224106e-02 8.872766047716140747e-03 3.300538752228021622e-03 2.063459344208240509e-02 7.387067656964063644e-03 1.389533188194036484e-02 6.244188640266656876e-03 2.096884697675704956e-02 9.692641906440258026e-03 1.303958706557750702e-02 2.271228842437267303e-02 3.322313353419303894e-02 3.134489757940173149e-03 1.399567630141973495e-02 2.977981977164745331e-02 1.874447241425514221e-02 1.439736690372228622e-03 7.961861789226531982e-03 1.761349290609359741e-02 2.292730100452899933e-02 1.512768561951816082e-03 1.039888057857751846e-02 3.963923081755638123e-03 3.207857161760330200e-02 8.917251601815223694e-03 5.183141212910413742e-03 1.308026630431413651e-02 2.543191425502300262e-03 3.096182830631732941e-02 2.301564440131187439e-02 7.108587305992841721e-03 1.027136389166116714e-02 2.622678317129611969e-02 3.375067561864852905e-02 2.763931825757026672e-02 7.083083037286996841e-03 2.888262388296425343e-04 2.645168220624327660e-03 1.397158019244670868e-02 4.510173574090003967e-03 1.562402583658695221e-02 2.762991562485694885e-02 1.036680862307548523e-02 1.157385390251874924e-02 6.860007531940937042e-03 2.104016393423080444e-02 1.360270287841558456e-02 8.855801075696945190e-03 1.625246368348598480e-02 1.504501793533563614e-02 8.349841460585594177e-03 1.926931180059909821e-02 6.289758253842592239e-03 5.365433171391487122e-03 2.091993391513824463e-02 8.467364124953746796e-03 2.418668381869792938e-02 8.634251542389392853e-03 9.715926833450794220e-03 2.289867587387561798e-02 1.303257700055837631e-02 7.051826454699039459e-03 1.338421925902366638e-02 9.991749189794063568e-03
2.026159688830375671e-02 7.319744676351547241e-03 1.695285551249980927e-02 6.537869572639465332e-03 6.160340271890163422e-03 6.016657222062349319e-03 3.393059596419334412e-03 2.289577620103955269e-03 8.315588235855102539e-01 2.068068273365497589e-02 2.868407871574163437e-03 2.789550274610519409e-02 2.797630848363041878e-03 9.218222461640834808e-03 7.163579110056161880e-03 2.529179677367210388e-02 1.675758138298988342e-02 3.134666383266448975e-02 5.556364776566624641e-04 8.963570930063724518e-03 1.425655931234359741e-02 1.894858852028846741e-02 3.576049953699111938e-02 2.001973055303096771e-02 1.940191024914383888e-03 1.623039692640304565e-02 2.436343394219875336e-02 3.084239084273576736e-03 1.100967172533273697e-02 1.994518190622329712e-02 5.809675902128219604e-03 2.254730090498924255e-02 1.319338567554950714e-02 7.228761445730924606e-03 5.223501008003950119e-03 3.425364941358566284e-02 2.481306716799736023e-02 1.265682559460401535e-02 2.587964758276939392e-02 1.000659633427858353e-02 2.009997516870498657e-02 2.844486199319362640e-02 7.905363454483449459e-04 6.256818771362304688e-03 4.196682199835777283e-02 7.962902076542377472e-03 1.585550047457218170e-02 1.032334193587303162e-02 9.218635037541389465e-03 8.323643356561660767e-03 2.821030840277671814e-02 3.342673927545547485e-02 2.335385605692863464e-02 3.296546265482902527e-02 3.981086239218711853e-02 7.618868257850408554e-03 1.635076291859149933e-02 1.603954588063061237e-03 2.495923638343811035e-02 1.815676130354404449e-02 1.926171034574508667e-02 3.402563044801354408e-03 9.252500720322132111e-03 1.216002274304628372e-03 3.099959157407283783e-02 2.115520462393760681e-02 2.344304509460926056e-02 1.751598156988620758e-02 3.044901043176651001e-02 1.868337392807006836e-02 9.479426778852939606e-03 3.042768873274326324e-02 1.761583797633647919e-02 1.676161400973796844e-02 9.674063883721828461e-03 2.402826398611068726e-02 5.659297108650207520e-02 2.899087592959403992e-02 2.632048539817333221e-02 6.020477507263422012e-03 7.241341751068830490e-03 6.150783505290746689e-03 2.855186350643634796e-02 2.070426242426037788e-03 1.960155926644802094e-02 1.454229117371141911e-03 7.517915801145136356e-04 1.591810584068298340e-02 2.725948207080364227e-02 1.991847343742847443e-02 2.675634622573852539e-02 1.039138808846473694e-02 1.869421079754829407e-02 2.677799016237258911e-02 1.470446027815341949e-02 6.773622240871191025e-03 2.511983178555965424e-02 2.477945759892463684e-02 1.639809273183345795e-02 5.957194603979587555e-03 1.538824383169412613e-02 1.173534314148128033e-03 2.880366891622543335e-02 2.945216186344623566e-02 2.655537799000740051e-02 7.584671024233102798e-03 6.353421602398157120e-03 1.943870633840560913e-02 1.346700079739093781e-02 6.068635266274213791e-03 3.559960052371025085e-02 3.087532706558704376e-02 4.082541912794113159e-03 2.633436997712124139e-05 3.072991780936717987e-02 3.051139786839485168e-02
9.409778751432895660e-03 3.369218669831752777e-03 2.699857577681541443e-03 3.131999075412750244e-02 8.210627362132072449e-03 1.817957870662212372e-02 2.271321602165699005e-02 6.600060034543275833e-03 2.068068273365497589e-02 8.315588235855102539e-01 2.129141241312026978e-03 1.690262113697826862e-03 1.128930971026420593e-02 2.393921464681625366e-02 9.743607603013515472e-03 2.416334860026836395e-02 1.818045414984226227e-02 3.634189069271087646e-02 1.111790351569652557e-02 3.111051395535469055e-03 1.594164222478866577e-02 3.548279870301485062e-03 7.610660395585000515e-04 2.046380750834941864e-02 2.059658057987689972e-02 1.923511736094951630e-02 4.378615412861108780e-03 2.592944353818893433e-02 2.956271171569824219e-02 1.890764012932777405e-02 3.834414528682827950e-03 2.258614636957645416e-02 4.853423219174146652e-03 2.593020536005496979e-02 2.628592075780034065e-03 9.820723906159400940e-03 3.176310658454895020e-02 1.277821511030197144e-02 7.616902235895395279e-03 1.039500627666711807e-02 1.107766665518283844e-02 9.805126115679740906e-03 3.114237450063228607e-02 1.387648563832044601e-02 5.966653581708669662e-03 2.818560414016246796e-02 2.176913619041442871e-02 2.714324742555618286e-03 5.938799586147069931e-03 3.307219594717025757e-02 1.453325431793928146e-02 1.922858692705631256e-02 1.337132323533296585e-02 1.566751860082149506e-02 7.537439931184053421e-03 1.629429683089256287e-02 3.449260443449020386e-02 5.681321956217288971e-03 3.032181179150938988e-03 2.892847638577222824e-03 8.046136645134538412e-05 2.364628715440630913e-03 1.959766820073127747e-02 1.052000280469655991e-02 1.110568176954984665e-02 2.596130035817623138e-02 1.134660933166742325e-02 1.966757932677865028e-03 1.158913876861333847e-02 3.369710640981793404e-03 1.936047221533954144e-03 1.010318635962903500e-03 3.726790193468332291e-03 2.506146207451820374e-03 9.557666257023811340e-03 8.485029451549053192e-03 1.620915345847606659e-02 6.414924561977386475e-02 4.919372498989105225e-02 4.126288741827011108e-02 2.773470617830753326e-02 8.648745715618133545e-03 2.030265983194112778e-03 1.828869432210922241e-02 1.726726442575454712e-02 7.928634062409400940e-03 2.030936302617192268e-03 2.362697618082165718e-03 1.357934903353452682e-02 2.372219413518905640e-02 9.534724988043308258e-03 2.619766443967819214e-02 1.083536166697740555e-02 1.760022947564721107e-03 1.635814458131790161e-02 1.263135019689798355e-02 7.882173173129558563e-03 5.095969419926404953e-03 1.329184975475072861e-02 1.842161081731319427e-02 4.035263881087303162e-02 3.318450599908828735e-02 2.426297031342983246e-02 5.862395279109477997e-03 1.757429330609738827e-03 7.917488925158977509e-03 2.918964624404907227e-02 3.053130023181438446e-02 3.963541239500045776e-02 1.015602517873048782e-02 7.182060740888118744e-03 2.081880718469619751e-02 1.233973633497953415e-02 1.825989224016666412e-02 1.790634170174598694e-02 1.118635851889848709e-02
4.725031554698944092e-02 4.615205526351928711e-02 4.009114578366279602e-03 8.758602663874626160e-03 1.543399132788181305e-02 4.876162484288215637e-02 4.756652936339378357e-02 1.346128247678279877e-02 2.868407871574163437e-03 2.129141241312026978e-03 8.315588235855102539e-01 1.553514879196882248e-02 4.083807393908500671e-02 2.299589570611715317e-03 9.244697168469429016e-03 1.720845513045787811e-02 9.379395283758640289e-03 1.993780490010976791e-03 2.196087315678596497e-02 1.758795976638793945e-02 2.306124893948435783e-03 9.746551513671875000e-03 1.033521490171551704e-03 1.237667817622423172e-02 3.726229071617126465e-03 9.681946597993373871e-03 3.258946537971496582e-02 2.316088601946830750e-02 1.883349195122718811e-02 2.639808133244514465e-02 2.406258694827556610e-02 7.677956018596887589e-03 2.847277745604515076e-02 2.123497892171144485e-03 1.442651171237230301e-02 1.244779117405414581e-02 6.707563064992427826e-03 1.985684409737586975e-02 1.127348002046346664e-02 1.436736714094877243e-02 1.642452180385589600e-02 1.199170108884572983e-02 2.315829275175929070e-03 8.313429541885852814e-03 1.562261860817670822e-02 7.088213227689266205e-03 3.741922229528427124e-02 2.870068699121475220e-02 6.401462596841156483e-04 1.191914919763803482e-02 2.303345873951911926e-02 2.174509316682815552e-02 1.160219777375459671e-02 2.214336534962058067e-03 4.989024600945413113e-04 1.494301715865731239e-03 2.463375963270664215e-02 2.156747877597808838e-02 1.625633426010608673e-02 1.527667418122291565e-02 7.600133307278156281e-03 1.386704854667186737e-02 2.301330678164958954e-02 3.202482359483838081e-03 3.814478218555450439e-02 3.380242735147476196e-02 1.117348205298185349e-02 9.317955933511257172e-03 2.160953171551227570e-02 2.676006965339183807e-02 1.294726505875587463e-02 4.333001747727394104e-02 9.705416159704327583e-04 2.149401605129241943e-02 9.834461845457553864e-03 3.752193599939346313e-02 9.718165732920169830e-03 9.885696927085518837e-04 2.959463163278996944e-04 1.182598341256380081e-02 2.946135401725769043e-02 2.254503779113292694e-02 3.406046191230416298e-03 1.974814385175704956e-02 3.755802055820822716e-03 1.017921045422554016e-02 3.070657700300216675e-02 2.943608351051807404e-02 5.017655435949563980e-03 8.447731845080852509e-03 2.747064270079135895e-02 2.823358215391635895e-02 3.531822562217712402e-02 3.761596232652664185e-02 7.059565279632806778e-03 6.872245285194367170e-05 8.187290281057357788e-03 3.899748623371124268e-02 1.834820024669170380e-02 1.809103786945343018e-02 2.957476535812020302e-03 1.708021946251392365e-02 7.771612145006656647e-04 1.318407338112592697e-02 8.248667232692241669e-03 2.835834957659244537e-02 1.694938167929649353e-02 2.301541529595851898e-02 2.891892753541469574e-02 6.729402579367160797e-03 7.908722385764122009e-03 1.022629905492067337e-02 2.687366679310798645e-02 1.567180082201957703e-02 9.672312997281551361e-03 3.168121445924043655e-03
1.026336196810007095e-02 1.810895279049873352e-03 2.852903306484222412e-02 2.393386699259281158e-02 3.606735169887542725e-02 1.882416941225528717e-02 1.231830567121505737e-02 1.626730337738990784e-02 2.789550274610519409e-02 1.690262113697826862e-03 1.553514879196882248e-02 8.315588235855102539e-01 1.844249200075864792e-03 4.851106181740760803e-02 2.179084345698356628e-02 6.061936728656291962e-03 6.742278579622507095e-03 7.434609578922390938e-04 2.593057928606867790e-03 9.060116484761238098e-03 9.954571723937988281e-03 5.621960386633872986e-03 4.470344632863998413e-02 2.679760567843914032e-02 3.377036005258560181e-02 3.036483190953731537e-02 2.315854094922542572e-02 3.221204504370689392e-02 2.781755756586790085e-03 1.155562233179807663e-02 1.738004945218563080e-02 1.936639845371246338e-02 1.808775775134563446e-02 2.213167585432529449e-02 3.769700974225997925e-02 2.191444486379623413e-02 1.864732615649700165e-02 6.585086812265217304e-04 1.879388652741909027e-02 2.680241689085960388e-02 1.356366928666830063e-02 3.406755859032273293e-03 2.863234607502818108e-03 3.491890616714954376e-03 3.015390038490295410e-02 6.139300763607025146e-03 1.655347086489200592e-02 1.391760818660259247e-02 6.588252261281013489e-03 2.436362672597169876e-03 1.850227266550064087e-02 3.151044994592666626e-02 2.043887414038181305e-02 2.386759594082832336e-02 2.026476897299289703e-02 1.641952805221080780e-02 4.559059068560600281e-02 3.735433891415596008e-02 1.339254900813102722e-02 7.929702289402484894e-03 1.513377763330936432e-02 1.965950988233089447e-02 2.180899120867252350e-02 2.973546087741851807e-02 1.126198191195726395e-02 2.244278416037559509e-02 7.463040295988321304e-03 1.534548355266451836e-03 6.842345464974641800e-03 2.819312550127506256e-02 1.841613650321960449e-02 1.855422183871269226e-02 2.926233224570751190e-02 2.590135112404823303e-02 1.704838871955871582e-02 1.523852348327636719e-02 2.904405631124973297e-02 8.153322152793407440e-03 4.906810820102691650e-03 1.958501152694225311e-02 3.771841293200850487e-03 5.527656525373458862e-03 2.383981086313724518e-02 6.587722804397344589e-03 6.270744651556015015e-02 3.935610502958297729e-02 9.153906255960464478e-03 1.817547250539064407e-03 4.150475189089775085e-02 1.324317790567874908e-02 3.776750294491648674e-03 2.322974056005477905e-02 2.729349303990602493e-03 1.897564902901649475e-02 1.470544561743736267e-02 3.038880415260791779e-03 4.483456257730722427e-03 1.788516156375408173e-02 3.668474778532981873e-02 3.574751690030097961e-02 1.732654869556427002e-02 1.497097220271825790e-02 4.857819993048906326e-03 2.302026934921741486e-02 2.665311843156814575e-02 2.489744499325752258e-02 5.561085883527994156e-03 8.809085935354232788e-03 1.208442449569702148e-02 5.483170505613088608e-03 9.610009379684925079e-03 3.560372069478034973e-02 1.585714169777929783e-03 4.202932119369506836e-03 1.498218346387147903e-02 2.823198027908802032e-02
4.602112993597984314e-02 5.927513539791107178e-02 5.781373009085655212e-03 7.254307856783270836e-04 4.821970593184232712e-03 4.578819125890731812e-02 5.356416478753089905e-02 2.960413880646228790e-02 2.797630848363041878e-03 1.128930971026420593e-02 4.083807393908500671e-02 1.844249200075864792e-03 8.315588235855102539e-01 2.014554105699062347e-02 3.002807497978210449e-02 4.683990497142076492e-03 1.192676462233066559e-02 1.553960703313350677e-02 2.198957605287432671e-03 1.921126060187816620e-02 1.453616376966238022e-02 1.711768284440040588e-02 4.639578517526388168e-03 1.145854499191045761e-02 1.743820682168006897e-02 2.777433209121227264e-02 3.956234455108642578e-02 1.419642101973295212e-02 5.196314305067062378e-02 1.940001361072063446e-02 6.400068849325180054e-02 7.158199790865182877e-03 3.856588155031204224e-03 1.122888992540538311e-03 9.313318878412246704e-04 9.671995416283607483e-03 2.188550867140293121e-02 1.149663981050252914e-02 4.498381633311510086e-03 2.442538505420088768e-03 2.155010588467121124e-02 3.982441965490579605e-03 6.988873239606618881e-03 4.268439079169183969e-04 2.023528516292572021e-02 6.236606859602034092e-04 3.536617755889892578e-02 2.538597956299781799e-02 1.680770330131053925e-02 2.783335559070110321e-02 1.339607965201139450e-02 2.331331372261047363e-02 2.104560844600200653e-03 9.599558543413877487e-04 1.446028798818588257e-02 1.066204439848661423e-02 1.056859921663999557e-02 2.744728513062000275e-02 1.656832173466682434e-04 8.785423822700977325e-03 7.973274216055870056e-03 9.176483144983649254e-04 7.723271381109952927e-03 6.824162788689136505e-03 2.407473325729370117e-02 3.223857283592224121e-02 1.335851033218204975e-03 9.661776857683435082e-05 3.180698491632938385e-03 2.899815887212753296e-02 7.840763777494430542e-03 4.069956019520759583e-02 3.605162200983613729e-04 2.664604783058166504e-02 2.429322525858879089e-02 4.427443072199821472e-02 3.510111942887306213e-03 1.160869188606739044e-02 7.773044519126415253e-03 2.292524557560682297e-03 3.530553355813026428e-02 1.890206150710582733e-02 1.178921852260828018e-02 2.953802980482578278e-02 1.348513457924127579e-02 4.113062750548124313e-03 1.770648360252380371e-02 3.093749284744262695e-02 6.506421137601137161e-03 8.125374006340280175e-05 1.518532261252403259e-02 2.954533696174621582e-02 2.057050354778766632e-02 3.277304396033287048e-02 3.362482879310846329e-03 1.207767520099878311e-02 4.428895656019449234e-03 2.702097967267036438e-02 1.040214765816926956e-02 6.313469726592302322e-03 6.306852214038372040e-03 1.304807048290967941e-02 1.465957798063755035e-02 1.201302977278828621e-03 8.440300822257995605e-03 4.039699211716651917e-03 2.501254715025424957e-02 1.603025384247303009e-02 8.357151411473751068e-03 5.432332400232553482e-03 4.780111368745565414e-03 1.795092783868312836e-02 8.483053185045719147e-03 2.692374633625149727e-03 1.319222990423440933e-02 1.496650464832782745e-02
