8.401539325714111328e-01 7.583851367235183716e-02 1.009642519056797028e-02 1.598725654184818268e-02 1.721063256263732910e-02 6.113681942224502563e-02 4.523008689284324646e-02 2.430918440222740173e-02 1.645690179429948330e-03 1.677320688031613827e-03 7.938470691442489624e-02 1.595577038824558258e-02 5.859846621751785278e-02 1.345714088529348373e-03 1.633017323911190033e-02 3.555979207158088684e-02 3.571568801999092102e-02 1.911547034978866577e-02 1.969706034287810326e-03 3.493555821478366852e-03 1.605148427188396454e-02 5.873959977179765701e-03 2.815657109022140503e-02 2.146476507186889648e-02 1.677204272709786892e-03 9.301177226006984711e-03 1.045723818242549896e-02 4.403942823410034180e-02 3.237867029383778572e-03 3.642909973859786987e-02 2.124221646226942539e-04 2.020307816565036774e-03 2.297130972146987915e-02 4.056105972267687321e-04 1.465855352580547333e-02 6.921570282429456711e-03 9.270660229958593845e-04 9.746425785124301910e-03 2.264235913753509521e-02 2.353467047214508057e-02 2.493377076461911201e-03 9.099078015424311161e-04 1.002664212137460709e-03 9.187404066324234009e-03 2.034881338477134705e-02 1.580123417079448700e-02 6.051674857735633850e-02 3.397058695554733276e-02 7.004857761785387993e-04 1.011542975902557373e-02 9.003625251352787018e-03 1.851790584623813629e-02 8.110770955681800842e-03 1.277330424636602402e-02 5.056492984294891357e-03 2.222102921223267913e-04 2.558582648634910583e-02 2.016075327992439270e-02 1.798629760742187500e-02 9.795625694096088409e-03 2.861439250409603119e-02 1.280451472848653793e-02 2.700992487370967865e-02 8.174885995686054230e-03 8.413434028625488281e-03 3.834858303889632225e-03 9.486824274063110352e-03 8.620806969702243805e-03 2.795488014817237854e-02 1.014524511992931366e-02 1.348446123301982880e-02 1.286058500409126282e-02 2.665521577000617981e-02 1.138408854603767395e-02 2.166161127388477325e-02 1.624098978936672211e-02 1.135066710412502289e-02 8.106611669063568115e-03 1.086819544434547424e-02 5.469090770930051804e-03 1.772405765950679779e-02 3.283331170678138733e-02 2.629736997187137604e-02 2.891619224101305008e-03 5.276070907711982727e-03 3.363263094797730446e-04 1.752467826008796692e-02 1.597259007394313812e-02 1.921056583523750305e-02 6.991093512624502182e-03 8.547944948077201843e-03 1.277507562190294266e-02 7.878519594669342041e-03 1.117313094437122345e-02 1.399075705558061600e-02 1.916214451193809509e-02 1.314528007060289383e-02 2.433512918651103973e-02 2.363261766731739044e-03 4.648073576390743256e-03 1.662653312087059021e-02 1.372913457453250885e-02 1.374253351241350174e-02 1.140811853110790253e-02 2.594636380672454834e-02 1.588654145598411560e-02 8.497991599142551422e-03 2.452940307557582855e-02 1.244306378066539764e-02 2.494195103645324707e-02 1.003741193562746048e-02 1.005686353892087936e-02 2.844785340130329132e-03 8.029659278690814972e-03 1.267653715331107378e-04 2.272555138915777206e-03
7.583851367235183716e-02 8.401539325714111328e-01 1.574926078319549561e-02 1.848736777901649475e-02 2.519418857991695404e-02 6.586132198572158813e-02 6.112004816532135010e-02 1.148488000035285950e-02 7.848620414733886719e-03 1.228143693879246712e-03 6.281351298093795776e-02 1.393636036664247513e-02 7.418290525674819946e-02 9.828352369368076324e-03 3.817539662122726440e-02 3.995002433657646179e-02 4.056091979146003723e-02 1.383717451244592667e-02 5.211892072111368179e-03 2.245166106149554253e-03 1.447817776352167130e-02 1.130829378962516785e-02 2.972978726029396057e-02 1.859811134636402130e-02 3.271599533036351204e-03 3.954573767259716988e-04 8.751151151955127716e-03 4.729279130697250366e-02 1.222334336489439011e-02 3.010870516300201416e-02 9.703584015369415283e-03 3.048743586987257004e-03 2.122531086206436157e-02 7.592359906993806362e-04 1.796334632672369480e-03 1.103166863322257996e-02 5.984346353216096759e-05 2.831625519320368767e-03 2.216897532343864441e-02 3.469954803586006165e-02 1.466418150812387466e-03 1.819370547309517860e-03 1.899374066852033138e-03 9.475894272327423096e-03 1.642171107232570648e-02 7.760504260659217834e-03 5.634747073054313660e-02 4.122782871127128601e-02 6.468189414590597153e-03 9.621219709515571594e-03 9.059504605829715729e-03 2.139448374509811401e-02 8.937022648751735687e-03 1.299167051911354065e-02 2.075382275506854057e-03 2.094430848956108093e-03 2.018911764025688171e-02 1.358239538967609406e-02 2.232072129845619202e-02 9.497066959738731384e-03 3.022008202970027924e-02 1.362835988402366638e-02 2.504908107221126556e-02 1.066316384822130203e-02 1.205086518893949687e-04 5.082177929580211639e-03 3.647157456725835800e-03 3.141834400594234467e-03 4.034468531608581543e-02 1.950794830918312073e-02 1.239110156893730164e-02 1.371939573436975479e-02 2.986763790249824524e-02 1.045649871230125427e-02 2.678790129721164703e-02 1.678837463259696960e-02 2.650808356702327728e-02 8.216817863285541534e-03 1.193597540259361267e-02 1.965913921594619751e-03 1.007568370550870895e-02 2.838720940053462982e-02 2.003556862473487854e-02 1.018527615815401077e-02 8.619159460067749023e-03 1.487313187681138515e-03 1.201527751982212067e-02 1.277091633528470993e-02 1.906897686421871185e-02 1.057999022305011749e-02 4.146532155573368073e-03 5.043386481702327728e-03 2.040393184870481491e-03 8.294420316815376282e-03 1.044244039803743362e-02 2.514947950839996338e-02 6.047754548490047455e-03 2.289814688265323639e-02 3.767234273254871368e-03 9.471327997744083405e-03 1.106689218431711197e-02 1.508330926299095154e-02 5.540963727980852127e-03 6.291319150477647781e-03 2.336202189326286316e-02 1.566206105053424835e-02 1.223187055438756943e-02 3.070185706019401550e-02 1.431625057011842728e-02 2.816376090049743652e-02 5.027573206461966038e-04 6.080113817006349564e-03 7.240981794893741608e-03 1.267773099243640900e-02 3.552848706021904945e-03 1.835878792917355895e-04
1.009642519056797028e-02 1.574926078319549561e-02 8.401539325714111328e-01 3.646149707492440939e-04 6.894249469041824341e-03 1.207817345857620239e-03 1.427970360964536667e-03 7.880063354969024658e-02 1.565783843398094177e-02 3.824106417596340179e-03 9.593291208148002625e-03 4.243215080350637436e-03 9.234775789082050323e-03 2.112000016495585442e-03 4.405518621206283569e-02 1.217075390741229057e-03 1.125184353440999985e-02 1.327663101255893707e-02 3.916051238775253296e-03 2.650289610028266907e-02 2.658105404407251626e-05 1.462727226316928864e-02 3.351361025124788284e-03 6.183026358485221863e-03 1.552296057343482971e-02 2.079518046230077744e-03 1.066559343598783016e-03 1.882370561361312866e-04 6.555763073265552521e-03 7.755423896014690399e-03 1.130340248346328735e-02 1.444846391677856445e-02 4.032008815556764603e-03 6.018370389938354492e-03 2.743889950215816498e-02 8.378115482628345490e-03 1.297496631741523743e-02 9.293360635638237000e-03 2.276791725307703018e-03 1.351430360227823257e-02 1.592152379453182220e-02 1.497895549982786179e-02 9.385283105075359344e-03 4.573468118906021118e-02 1.325239520519971848e-02 7.564301136881113052e-03 9.437391534447669983e-03 2.225612697657197714e-04 1.405853591859340668e-02 1.789316534996032715e-02 3.336810972541570663e-03 9.561644867062568665e-03 1.517956517636775970e-02 1.425386522896587849e-03 6.313472054898738861e-03 1.830848865211009979e-02 1.182079687714576721e-02 2.032537572085857391e-02 8.615877479314804077e-03 5.263943690806627274e-03 1.016389927826821804e-03 1.070196833461523056e-02 8.080217055976390839e-03 2.159530995413661003e-03 1.625820808112621307e-02 1.328686811029911041e-02 1.586547121405601501e-02 1.514610648155212402e-02 1.143584679812192917e-02 1.632624864578247070e-02 4.628206603229045868e-03 1.563203707337379456e-02 5.770380608737468719e-03 2.208602428436279297e-02 9.285637177526950836e-03 1.505154371261596680e-02 8.619566448032855988e-03 8.688923902809619904e-03 1.661394350230693817e-02 1.412330847233533859e-02 8.187665045261383057e-02 5.675667524337768555e-02 1.397100742906332016e-02 2.111099287867546082e-02 1.302208751440048218e-03 3.306638391222804785e-04 1.014766283333301544e-02 1.693904027342796326e-02 9.277834556996822357e-03 6.658362224698066711e-03 6.716053467243909836e-03 7.729177828878164291e-03 7.162831258028745651e-03 2.228609519079327583e-03 1.107556000351905823e-02 1.222865004092454910e-02 1.213279739022254944e-02 1.169449649751186371e-02 1.646815799176692963e-02 1.349328551441431046e-02 1.964846253395080566e-02 1.046294812113046646e-02 1.998204737901687622e-03 7.508567068725824356e-03 1.762977428734302521e-02 1.697116903960704803e-02 4.572655016090720892e-04 1.779882982373237610e-02 8.826672099530696869e-03 2.054119110107421875e-02 1.252685207873582840e-02 2.257492579519748688e-02 2.205983502790331841e-03 6.142580881714820862e-03 8.279629983007907867e-03 3.238049522042274475e-02
1.598725654184818268e-02 1.848736777901649475e-02 3.646149707492440939e-04 8.401539325714111328e-01 5.861904472112655640e-02 1.908293925225734711e-02 2.387151494622230530e-02 1.994844898581504822e-02 9.990759193897247314e-03 1.507210312411189079e-03 8.021027781069278717e-03 2.280708868056535721e-03 8.503922261297702789e-03 1.052507571876049042e-02 8.265475742518901825e-03 1.820938847959041595e-02 1.398111227899789810e-02 1.115694083273410797e-02 2.355722337961196899e-02 1.073599327355623245e-02 2.088155038654804230e-02 2.472449466586112976e-02 3.369693411514163017e-03 3.694385988637804985e-03 2.002952806651592255e-02 1.667236350476741791e-02 2.486385405063629150e-02 1.778283342719078064e-02 1.490131858736276627e-02 1.336568780243396759e-02 1.117911748588085175e-02 1.996166445314884186e-02 2.477448247373104095e-02 1.381075661629438400e-02 2.497396059334278107e-02 1.678709499537944794e-02 1.555477641522884369e-02 1.694643124938011169e-02 4.165903851389884949e-02 3.497041389346122742e-02 2.634520269930362701e-02 1.727403327822685242e-02 1.163947675377130508e-02 3.387668402865529060e-03 1.118374895304441452e-02 1.588916033506393433e-02 5.187474191188812256e-03 1.095447316765785217e-02 7.125196978449821472e-03 1.211738213896751404e-02 1.689337752759456635e-02 7.897879928350448608e-03 7.778977043926715851e-03 2.080468460917472839e-02 1.970722340047359467e-03 3.091134596616029739e-03 2.944457903504371643e-02 1.947201788425445557e-02 1.533933635801076889e-02 1.246277894824743271e-02 2.561806142330169678e-02 4.565215203911066055e-03 1.009119581431150436e-02 6.594324950128793716e-03 7.458450738340616226e-03 1.150600984692573547e-02 1.612783968448638916e-02 7.573369424790143967e-03 9.567449800670146942e-03 1.721807755529880524e-02 1.321224402636289597e-02 1.843675971031188965e-02 4.882328212261199951e-02 1.883986406028270721e-02 3.806750476360321045e-02 1.732442341744899750e-02 1.245795749127864838e-02 4.915451630949974060e-03 1.105292700231075287e-02 9.243710897862911224e-03 8.991361595690250397e-03 1.608803309500217438e-02 7.948155514895915985e-03 1.835911162197589874e-02 2.437052316963672638e-02 1.367443054914474487e-02 2.182193566113710403e-03 2.216696925461292267e-02 2.018515951931476593e-02 1.082090660929679871e-02 1.096223108470439911e-02 9.070159867405891418e-03 3.587242914363741875e-03 2.521973103284835815e-02 2.192148752510547638e-02 2.131409943103790283e-02 2.173401974141597748e-02 1.394278276711702347e-02 6.745169870555400848e-03 4.577402796712704003e-05 1.986287720501422882e-02 1.914010941982269287e-02 2.259872667491436005e-02 1.824256777763366699e-02 1.917216926813125610e-02 1.686469838023185730e-02 2.590319141745567322e-02 2.121565304696559906e-02 2.149859070777893066e-02 1.322507951408624649e-02 2.017384022474288940e-02 1.714375987648963928e-02 1.667331904172897339e-02 1.303309481590986252e-02 4.121984820812940598e-04 7.296476978808641434e-03
1.721063256263732910e-02 2.519418857991695404e-02 6.894249469041824341e-03 5.861904472112655640e-02 8.401539325714111328e-01 2.326691336929798126e-02 3.274212405085563660e-02 6.683448795229196548e-03 1.291696820408105850e-02 1.702252775430679321e-03 1.222363580018281937e-02 7.677137386053800583e-03 1.999104022979736328e-02 1.677333563566207886e-02 3.707201452925801277e-03 1.101398468017578125e-02 1.510928943753242493e-02 1.099681574851274490e-02 1.892653107643127441e-02 2.709313295781612396e-03 1.809715479612350464e-02 1.961095817387104034e-02 4.519212059676647186e-03 2.389982575550675392e-03 5.181269720196723938e-03 8.357774466276168823e-03 1.895920746028423309e-02 1.016548834741115570e-02 1.262462697923183441e-02 8.630800992250442505e-03 1.244269311428070068e-02 1.415549684315919876e-02 1.532003749161958694e-02 1.109339855611324310e-02 2.355410531163215637e-02 2.361436747014522552e-02 2.995754964649677277e-02 1.924616098403930664e-02 3.495698049664497375e-02 5.018606036901473999e-02 1.601440086960792542e-02 2.545815892517566681e-02 1.391175668686628342e-02 1.381570473313331604e-02 1.860818639397621155e-02 1.098222564905881882e-02 1.302768290042877197e-02 1.715679839253425598e-02 1.760525512509047985e-03 5.724152550101280212e-03 1.289442554116249084e-02 1.381006441079080105e-03 1.505381334573030472e-02 1.815781928598880768e-02 1.374420523643493652e-02 1.455416437238454819e-02 3.367846459150314331e-02 2.489052712917327881e-02 1.763888262212276459e-02 8.718088269233703613e-03 2.943712100386619568e-02 1.204146444797515869e-02 6.765106227248907089e-03 1.330106798559427261e-02 6.940971594303846359e-03 5.500335711985826492e-03 7.160212378948926926e-03 6.235133041627705097e-04 1.237555034458637238e-02 1.489472854882478714e-02 1.617935113608837128e-02 1.420952845364809036e-02 4.714209958910942078e-02 1.916179619729518890e-02 4.180260002613067627e-02 2.228297851979732513e-02 1.438525877892971039e-02 1.034958381205797195e-02 1.867714710533618927e-02 4.562751390039920807e-03 1.083732116967439651e-02 2.001154934987425804e-03 1.100046746432781219e-02 1.982401497662067413e-02 3.078333660960197449e-02 1.860255375504493713e-02 3.898014081642031670e-03 1.077903900295495987e-02 2.251703850924968719e-02 2.386268042027950287e-02 8.248376660048961639e-03 1.028434373438358307e-02 6.223328411579132080e-03 1.778678037226200104e-02 2.485579252243041992e-02 3.077301755547523499e-02 1.188031956553459167e-02 1.167120411992073059e-02 1.100978441536426544e-02 7.390873041003942490e-03 1.900154165923595428e-02 2.270093001425266266e-02 1.728373020887374878e-02 1.739745028316974640e-02 1.852015033364295959e-02 1.831443607807159424e-02 1.968253403902053833e-02 2.768616378307342529e-02 1.813792437314987183e-02 1.662467047572135925e-02 1.816853508353233337e-02 2.086475677788257599e-02 1.728471368551254272e-02 6.991304922848939896e-03 1.350969308987259865e-03 6.423962302505970001e-03
6.113681942224502563e-02 6.586132198572158813e-02 1.207817345857620239e-03 1.908293925225734711e-02 2.326691336929798126e-02 8.401539325714111328e-01 7.540328055620193481e-02 1.236391533166170120e-02 3.384699579328298569e-03 4.019243642687797546e-03 5.651354417204856873e-02 3.380404785275459290e-03 5.450478568673133850e-02 4.634069278836250305e-03 3.186106309294700623e-02 3.093278221786022186e-02 2.684525214135646820e-02 1.325053535401821136e-02 1.068074139766395092e-03 7.373297121375799179e-03 1.237890496850013733e-02 1.483656838536262512e-02 2.093538828194141388e-02 1.220655161887407303e-02 3.600576194003224373e-03 4.934182856231927872e-03 1.252231840044260025e-02 3.560698777437210083e-02 2.639678493142127991e-02 2.938763052225112915e-02 1.750519871711730957e-02 7.720313966274261475e-03 1.382599398493766785e-02 4.258719272911548615e-03 6.678643170744180679e-03 2.024239487946033478e-02 2.479194663465023041e-03 7.838102057576179504e-03 1.790411584079265594e-02 2.422013692557811737e-02 2.579089626669883728e-02 1.524489000439643860e-02 7.676446344703435898e-03 9.390955790877342224e-03 2.394036389887332916e-02 1.052272040396928787e-02 6.368229538202285767e-02 4.232165217399597168e-02 6.893309298902750015e-03 6.783614400774240494e-03 7.331538479775190353e-03 1.526431087404489517e-02 1.321180351078510284e-02 1.295629981905221939e-02 1.320063415914773941e-02 2.191252307966351509e-03 2.528988942503929138e-02 1.370179280638694763e-02 1.850625500082969666e-02 7.204539608210325241e-03 2.939982153475284576e-02 1.653748936951160431e-02 1.824348606169223785e-02 8.873793296515941620e-03 1.240593148395419121e-03 6.389945338014513254e-05 3.537667216733098030e-03 1.271544303745031357e-02 2.849151939153671265e-02 1.253720838576555252e-02 1.169276610016822815e-02 2.479613386094570160e-02 3.725720569491386414e-02 1.374877616763114929e-02 2.414850890636444092e-02 2.441374957561492920e-02 1.642648503184318542e-02 9.363900870084762573e-03 1.321330107748508453e-02 3.951337712351232767e-04 1.667617261409759521e-02 2.347813732922077179e-02 1.459256652742624283e-02 5.731435376219451427e-04 6.262525916099548340e-03 1.524253631941974163e-03 8.507302030920982361e-03 9.014936164021492004e-03 1.686497218906879425e-02 7.983752875588834286e-04 1.258832309395074844e-02 1.234155334532260895e-02 3.937072586268186569e-03 1.058221887797117233e-02 9.254461154341697693e-03 1.506152283400297165e-02 1.079627033323049545e-02 1.769510656595230103e-02 8.311924524605274200e-03 5.694200750440359116e-03 1.310572493821382523e-02 1.058780681341886520e-02 1.348480395972728729e-02 1.363026164472103119e-02 1.853090897202491760e-02 1.291171927005052567e-02 1.616067625582218170e-02 2.049923501908779144e-02 1.299263443797826767e-02 2.103693783283233643e-02 1.984743028879165649e-02 2.345841564238071442e-02 1.079787593334913254e-02 1.002821512520313263e-02 1.867125742137432098e-02 1.473484467715024948e-02
4.523008689284324646e-02 6.112004816532135010e-02 1.427970360964536667e-03 2.387151494622230530e-02 3.274212405085563660e-02 7.540328055620193481e-02 8.401539325714111328e-01 8.078190498054027557e-03 1.510730944573879242e-02 6.488163024187088013e-03 4.002702608704566956e-02 4.837071523070335388e-03 6.115751340985298157e-02 1.928623579442501068e-02 2.427849732339382172e-02 3.777518495917320251e-02 3.204596415162086487e-02 3.432847093790769577e-03 4.188186954706907272e-03 1.134287449531257153e-03 3.096134867519140244e-03 1.286498643457889557e-02 1.452323328703641891e-02 6.635793019086122513e-03 5.637598223984241486e-03 5.314716137945652008e-03 1.294441241770982742e-02 2.044677734375000000e-02 2.177918702363967896e-02 1.380050089210271835e-02 1.906004548072814941e-02 1.053027529269456863e-02 9.453552775084972382e-03 3.459499217569828033e-03 1.510781585238873959e-03 2.783120051026344299e-02 1.081519760191440582e-02 1.106085348874330521e-02 2.072104252874851227e-02 3.281180560588836670e-02 2.891886420547962189e-02 2.030948549509048462e-02 8.675925433635711670e-03 1.238177879713475704e-03 1.725351251661777496e-02 1.895431196317076683e-03 5.776889994740486145e-02 5.706032738089561462e-02 9.335555136203765869e-03 5.150583107024431229e-03 4.214668646454811096e-03 5.804715678095817566e-03 8.711821399629116058e-03 8.484726771712303162e-03 2.094031870365142822e-02 2.844779053702950478e-03 2.388015948235988617e-02 4.280635621398687363e-03 2.047089859843254089e-02 2.856261329725384712e-03 3.667249158024787903e-02 1.582516543567180634e-02 6.644664332270622253e-03 1.761718885973095894e-03 1.364543568342924118e-03 4.329517483711242676e-03 6.086844019591808319e-03 1.041446812450885773e-02 4.269477725028991699e-02 1.126099377870559692e-02 1.484791003167629242e-02 2.641820907592773438e-02 4.032478109002113342e-02 1.590834930539131165e-02 2.392077259719371796e-02 2.490627020597457886e-02 2.639920637011528015e-02 1.060989592224359512e-02 1.822518743574619293e-02 1.975566381588578224e-03 1.251561194658279419e-02 1.796318031847476959e-02 4.328929819166660309e-03 3.719415515661239624e-03 1.193575374782085419e-02 7.336883805692195892e-03 6.496762391179800034e-03 3.747643902897834778e-03 1.672056503593921661e-02 2.139579737558960915e-03 7.509914226830005646e-03 6.299668923020362854e-03 1.109001459553837776e-03 1.038873568177223206e-02 2.222071401774883270e-02 2.287403866648674011e-02 1.436015684157609940e-02 2.278000488877296448e-02 1.691005565226078033e-02 3.011272056028246880e-03 1.269005145877599716e-02 1.229810528457164764e-02 1.766777038574218750e-02 2.466470003128051758e-02 1.894943043589591980e-02 9.992950595915317535e-03 2.077752538025379181e-02 1.563520170748233795e-02 1.326632685959339142e-02 1.726680248975753784e-02 2.244053594768047333e-02 2.947068400681018829e-02 8.696013130247592926e-03 8.121167309582233429e-03 1.775644533336162567e-02 2.102436311542987823e-02
2.430918440222740173e-02 1.148488000035285950e-02 7.880063354969024658e-02 1.994844898581504822e-02 6.683448795229196548e-03 1.236391533166170120e-02 8.078190498054027557e-03 8.401539325714111328e-01 1.305857731495052576e-04 1.779872924089431763e-02 8.180156350135803223e-03 3.786958288401365280e-03 1.522382139228284359e-03 8.176400326192378998e-03 5.791757255792617798e-02 2.119275042787194252e-03 6.563891191035509109e-03 1.671722531318664551e-02 1.724091172218322754e-02 1.191129349172115326e-02 1.145163900218904018e-03 2.693254500627517700e-02 8.902813307940959930e-03 1.402121223509311676e-02 7.820113678462803364e-04 1.377590745687484741e-02 2.110694907605648041e-02 2.862790599465370178e-03 1.760626095347106457e-03 4.030342213809490204e-03 3.731206525117158890e-04 1.252611540257930756e-02 1.216302439570426941e-02 1.809634384699165821e-03 1.641986891627311707e-02 2.189222024753689766e-03 1.439485792070627213e-02 4.977275384590029716e-04 2.416241355240345001e-02 1.300454698503017426e-02 6.550120189785957336e-03 1.213155593723058701e-02 1.240145508199930191e-02 3.543814271688461304e-02 2.193817682564258575e-02 2.602356299757957458e-02 6.992640905082225800e-03 4.546305630356073380e-03 3.178009763360023499e-02 1.309179887175559998e-02 1.037043239921331406e-02 1.020996365696191788e-02 1.589187048375606537e-02 1.563803479075431824e-02 7.786579662933945656e-04 4.597103688865900040e-03 9.637163020670413971e-03 1.993710547685623169e-02 2.797054685652256012e-02 2.120047248899936676e-02 3.568000625818967819e-03 3.810897702351212502e-03 2.813852764666080475e-02 9.187671355903148651e-03 3.674997482448816299e-03 1.139701809734106064e-02 2.001866325736045837e-02 1.079620420932769775e-02 9.805043227970600128e-03 4.054562188684940338e-03 1.623039320111274719e-02 1.293488219380378723e-02 1.521121896803379059e-02 2.140487730503082275e-02 2.590584754943847656e-02 1.106148492544889450e-02 1.144768390804529190e-02 1.436431799083948135e-02 1.044852193444967270e-02 2.455815859138965607e-02 8.347670733928680420e-02 5.034007132053375244e-02 1.938250660896301270e-02 1.596007496118545532e-02 1.025691069662570953e-02 1.839130884036421776e-03 5.156754329800605774e-02 3.919851779937744141e-02 3.596548223868012428e-03 8.038018830120563507e-03 1.311197876930236816e-03 2.351321745663881302e-03 2.350925205973908305e-04 1.964473724365234375e-02 2.730699954554438591e-03 1.073020137846469879e-02 1.507457438856363297e-02 9.826945140957832336e-03 1.694837026298046112e-02 8.645909838378429413e-03 6.327579729259014130e-03 7.374020293354988098e-03 4.644039552658796310e-03 5.338190589100122452e-03 2.984397299587726593e-02 3.032854944467544556e-02 5.903334356844425201e-03 1.713913120329380035e-02 1.753062009811401367e-02 1.524895988404750824e-02 3.143399488180875778e-03 1.799473538994789124e-02 6.599334999918937683e-03 1.621717028319835663e-02 1.131074153818190098e-03 9.242535568773746490e-03
1.645690179429948330e-03 7.848620414733886719e-03 1.565783843398094177e-02 9.990759193897247314e-03 1.291696820408105850e-02 3.384699579328298569e-03 1.510730944573879242e-02 1.305857731495052576e-04 8.401539325714111328e-01 3.542667627334594727e-02 2.482508542016148567e-03 4.412819072604179382e-02 2.175649814307689667e-02 2.638884074985980988e-02 9.149922989308834076e-03 3.245108202099800110e-02 2.525809220969676971e-02 4.629023000597953796e-02 5.478479433804750443e-03 1.949449069797992706e-03 1.324676536023616791e-02 1.456065755337476730e-02 4.116569459438323975e-02 3.803001344203948975e-02 8.601481094956398010e-03 1.565715670585632324e-02 1.143963821232318878e-02 1.680691912770271301e-02 2.898348122835159302e-02 2.956531569361686707e-02 3.142130374908447266e-02 2.276749722659587860e-02 1.892427681013941765e-03 8.351931348443031311e-03 2.439939416944980621e-03 1.710204780101776123e-02 3.292948706075549126e-03 1.668731682002544403e-02 2.061555394902825356e-03 5.207495763897895813e-03 9.274531155824661255e-03 2.985088154673576355e-03 3.906002501025795937e-03 1.057411264628171921e-02 1.359432237222790718e-03 4.304298758506774902e-02 2.339204959571361542e-02 3.766225650906562805e-02 4.710163455456495285e-03 6.388058420270681381e-03 2.211565151810646057e-03 5.722071000491268933e-05 8.246837183833122253e-03 7.360798306763172150e-03 1.733674481511116028e-02 2.813318185508251190e-02 1.452281791716814041e-02 2.735759504139423370e-02 1.028021983802318573e-02 4.628759343177080154e-03 1.324519747868180275e-03 1.178549230098724365e-02 4.182357806712388992e-03 8.940851315855979919e-03 2.196082845330238342e-02 2.692427299916744232e-02 9.400077164173126221e-03 8.841497823596000671e-03 4.298138245940208435e-02 1.095381751656532288e-02 1.709472388029098511e-02 1.316160988062620163e-02 6.932831835001707077e-03 4.913720302283763885e-03 2.206617780029773712e-02 9.908977895975112915e-03 7.774519175291061401e-02 3.802159056067466736e-02 3.459703922271728516e-02 1.433481834828853607e-02 1.230094395577907562e-02 1.298162247985601425e-02 4.356337338685989380e-02 1.544363237917423248e-02 1.197468489408493042e-02 1.879693567752838135e-02 8.915443904697895050e-03 8.944948203861713409e-03 3.719852492213249207e-02 5.496413446962833405e-03 3.462816029787063599e-02 8.227840997278690338e-03 3.759635984897613525e-02 1.152215898036956787e-02 4.006981849670410156e-03 4.241572227329015732e-03 1.036781631410121918e-02 1.185417361557483673e-02 2.218398451805114746e-02 8.071078918874263763e-03 2.160867676138877869e-03 5.340497475117444992e-03 1.026864256709814072e-02 4.266815725713968277e-03 1.026247069239616394e-02 8.954895660281181335e-03 2.019525691866874695e-02 1.146056130528450012e-02 4.678677767515182495e-03 2.590191736817359924e-02 7.869074121117591858e-03 1.907310215756297112e-03 1.071483478881418705e-03 7.192283868789672852e-03 1.526464615017175674e-02 1.340721268206834793e-02
1.677320688031613827e-03 1.228143693879246712e-03 3.824106417596340179e-03 1.507210312411189079e-03 1.702252775430679321e-03 4.019243642687797546e-03 6.488163024187088013e-03 1.779872924089431763e-02 3.542667627334594727e-02 8.401539325714111328e-01 1.373298745602369308e-02 1.037290319800376892e-02 3.823730163276195526e-03 3.472354635596275330e-02 1.030125375837087631e-02 2.286500670015811920e-02 3.522392362356185913e-02 2.309095114469528198e-03 4.666994884610176086e-02 2.952831238508224487e-02 2.697216812521219254e-03 4.445037804543972015e-03 3.067754954099655151e-02 4.870267212390899658e-02 1.153697166591882706e-02 1.250653876923024654e-03 3.814878407865762711e-03 2.290423028171062469e-03 3.941232338547706604e-03 3.347085043787956238e-02 4.765836987644433975e-03 4.098019003868103027e-02 1.313974522054195404e-02 3.868636488914489746e-02 4.103701096028089523e-03 1.562181580811738968e-02 3.204327821731567383e-02 3.224825253710150719e-03 1.181682292371988297e-02 5.227261222898960114e-03 5.918025039136409760e-03 1.043938565999269485e-02 3.301246836781501770e-02 7.393624633550643921e-03 4.734449903480708599e-04 2.153163775801658630e-03 5.378476344048976898e-03 1.767644309438765049e-03 1.652027480304241180e-03 4.501462355256080627e-02 2.703051455318927765e-02 2.606604993343353271e-02 2.272520400583744049e-02 1.283518411219120026e-02 3.087710356339812279e-04 2.640175074338912964e-02 1.959856599569320679e-02 1.352370833046734333e-03 2.881768532097339630e-02 1.571761630475521088e-02 6.023136898875236511e-03 1.981920562684535980e-02 1.164357177913188934e-02 1.322798896580934525e-03 1.393269374966621399e-02 1.235677022486925125e-02 3.120218776166439056e-02 3.798476979136466980e-02 1.429136097431182861e-02 3.320039948448538780e-03 5.190076306462287903e-02 1.273212768137454987e-02 2.252779528498649597e-02 4.918897058814764023e-03 2.078756690025329590e-03 8.057435974478721619e-03 3.759614191949367523e-04 6.443249434232711792e-02 1.212308183312416077e-02 6.064876168966293335e-02 1.575702428817749023e-02 3.456480568274855614e-03 6.907794158905744553e-04 3.232404217123985291e-02 1.697842963039875031e-02 4.222518950700759888e-02 1.883412897586822510e-02 1.271419879049062729e-02 1.569614745676517487e-02 4.735469073057174683e-02 1.391818746924400330e-03 2.237848564982414246e-02 6.728386506438255310e-03 8.229508996009826660e-03 9.318503551185131073e-03 1.869128830730915070e-02 5.859054159373044968e-03 1.002208888530731201e-02 1.782874949276447296e-02 3.353845328092575073e-02 2.492730133235454559e-02 3.383990377187728882e-02 6.135102361440658569e-03 2.277791872620582581e-02 1.960403285920619965e-02 9.592474438250064850e-03 2.178604342043399811e-02 6.845293682999908924e-05 3.176292404532432556e-02 2.467952668666839600e-03 6.149263354018330574e-04 1.639145985245704651e-02 2.199554443359375000e-02 2.759122848510742188e-02 1.772530935704708099e-02 9.937565773725509644e-03
7.938470691442489624e-02 6.281351298093795776e-02 9.593291208148002625e-03 8.021027781069278717e-03 1.222363580018281937e-02 5.651354417204856873e-02 4.002702608704566956e-02 8.180156350135803223e-03 2.482508542016148567e-03 1.373298745602369308e-02 8.401539325714111328e-01 2.574472315609455109e-02 6.630957871675491333e-02 5.372501909732818604e-03 1.338323950767517090e-02 3.357386589050292969e-02 2.697837352752685547e-02 1.891809701919555664e-02 1.865044794976711273e-02 1.304053235799074173e-02 1.796456798911094666e-02 1.239442359656095505e-02 2.228378318250179291e-02 1.319680642336606979e-02 1.115007046610116959e-02 2.585716778412461281e-03 6.027252529747784138e-04 4.490476474165916443e-02 1.061501726508140564e-02 3.589835762977600098e-02 1.366904564201831818e-02 8.250329643487930298e-03 1.846785098314285278e-02 9.982033632695674896e-03 1.426965277642011642e-02 3.065028460696339607e-03 3.971511963754892349e-03 8.560652844607830048e-03 1.911279000341892242e-02 2.016330137848854065e-02 1.784135028719902039e-02 1.600236631929874420e-03 5.734403152018785477e-03 8.680668659508228302e-03 9.457146748900413513e-03 3.773538861423730850e-03 7.244149595499038696e-02 4.233809560537338257e-02 9.903192985802888870e-04 1.900370046496391296e-02 1.002750359475612640e-03 8.233114145696163177e-03 3.990640863776206970e-03 2.533715218305587769e-03 5.625829217024147511e-04 9.880602359771728516e-03 2.050578035414218903e-02 1.296616811305284500e-02 1.306247315369546413e-03 8.027357049286365509e-03 2.121396176517009735e-02 7.895058020949363708e-03 1.451632939279079437e-02 7.869732566177845001e-03 3.468277305364608765e-02 2.091571874916553497e-02 1.990211009979248047e-02 2.209838107228279114e-02 2.689539827406406403e-02 2.018284751102328300e-03 4.160000476986169815e-03 1.217636652290821075e-02 2.701078914105892181e-02 8.765714243054389954e-03 1.104338373988866806e-02 2.104597538709640503e-02 1.818904280662536621e-02 1.001217868179082870e-02 1.035984978079795837e-02 2.880859887227416039e-03 8.645680733025074005e-03 3.219210729002952576e-02 2.387567795813083649e-02 1.864653266966342926e-02 7.968489080667495728e-03 2.325570210814476013e-03 6.618491373956203461e-03 1.623718533664941788e-03 1.835160516202449799e-02 1.234777830541133881e-02 1.832306385040283203e-02 3.011128678917884827e-02 1.783427409827709198e-02 4.605056717991828918e-03 1.931146159768104553e-02 2.041771821677684784e-02 7.068685721606016159e-03 2.404515258967876434e-02 1.060147583484649658e-02 1.169861759990453720e-02 1.006905082613229752e-02 7.360046263784170151e-03 8.186712861061096191e-03 7.039450574666261673e-03 1.958244107663631439e-02 9.282776154577732086e-03 4.020052030682563782e-03 1.351079344749450684e-02 5.816260818392038345e-03 7.570753339678049088e-03 1.398718357086181641e-02 2.099902555346488953e-02 5.265632178634405136e-03 8.378392667509615421e-04 1.986446091905236244e-03 1.688769459724426270e-02
1.595577038824558258e-02 1.393636036664247513e-02 4.243215080350637436e-03 2.280708868056535721e-03 7.677137386053800583e-03 3.380404785275459290e-03 4.837071523070335388e-03 3.786958288401365280e-03 4.412819072604179382e-02 1.037290319800376892e-02 2.574472315609455109e-02 8.401539325714111328e-01 1.952920854091644287e-02 8.785481750965118408e-02 2.257600892335176468e-03 1.136634266003966331e-03 1.806453801691532135e-03 6.737209856510162354e-03 1.769352890551090240e-02 7.709339726716279984e-03 7.658812217414379120e-03 4.498968832194805145e-03 4.148841276764869690e-02 3.461164236068725586e-02 2.462481521070003510e-02 8.751013316214084625e-03 2.756166039034724236e-03 6.383936852216720581e-02 3.504408523440361023e-02 6.496217846870422363e-02 4.018926993012428284e-02 8.420386351644992828e-03 2.023820951581001282e-02 8.231511310441419482e-05 1.390890870243310928e-02 1.426122244447469711e-02 9.558308869600296021e-03 6.638549733906984329e-03 5.069985520094633102e-03 2.983427140861749649e-03 2.652575494721531868e-03 7.712633349001407623e-03 1.317201368510723114e-02 2.190124243497848511e-03 4.758697003126144409e-02 1.617395551875233650e-03 3.303223475813865662e-02 2.555732801556587219e-02 1.060939487069845200e-02 2.244937419891357422e-02 1.186102442443370819e-02 2.022815309464931488e-02 5.016881041228771210e-03 6.524991244077682495e-03 7.338194642215967178e-03 1.387422718107700348e-02 1.153854001313447952e-02 9.303229860961437225e-03 1.778983860276639462e-03 3.901859279721975327e-03 9.619091637432575226e-03 2.136216685175895691e-02 1.745404303073883057e-02 1.644867472350597382e-02 2.205005474388599396e-02 1.925073005259037018e-02 1.754295453429222107e-02 3.640216076746582985e-03 4.738158546388149261e-03 1.133325602859258652e-02 9.034050628542900085e-03 4.517762921750545502e-03 5.679337773472070694e-04 4.009755793958902359e-03 9.814292425289750099e-04 8.319729007780551910e-03 3.128794953227043152e-02 1.854746975004673004e-02 2.418508939445018768e-02 2.529029501602053642e-03 1.306897401809692383e-02 3.173197852447628975e-03 2.534743584692478180e-02 9.883284568786621094e-03 2.229313738644123077e-02 1.252856478095054626e-02 1.293414458632469177e-02 1.486661261878907681e-03 4.699636250734329224e-02 1.516083348542451859e-02 2.849629521369934082e-02 2.172146923840045929e-02 3.348748013377189636e-02 4.061410203576087952e-03 1.262976694852113724e-02 6.463035009801387787e-03 7.023751735687255859e-03 1.128980796784162521e-02 1.884510181844234467e-02 1.590724289417266846e-02 8.379198610782623291e-03 1.036754343658685684e-02 7.935044355690479279e-03 7.790184114128351212e-03 1.753793098032474518e-02 1.409432105720043182e-02 1.423315983265638351e-02 3.792403498664498329e-03 4.391064867377281189e-03 1.193507388234138489e-02 4.486713092774152756e-03 3.523029736243188381e-04 2.053003385663032532e-02 2.486142038833349943e-04 8.661034516990184784e-03 6.628461182117462158e-03
5.859846621751785278e-02 7.418290525674819946e-02 9.234775789082050323e-03 8.503922261297702789e-03 1.999104022979736328e-02 5.450478568673133850e-02 6.115751340985298157e-02 1.522382139228284359e-03 2.175649814307689667e-02 3.823730163276195526e-03 6.630957871675491333e-02 1.952920854091644287e-02 8.401539325714111328e-01 3.851360408589243889e-03 3.937640413641929626e-02 4.576857760548591614e-02 4.094975814223289490e-02 9.915320202708244324e-03 9.047226049005985260e-03 2.860140986740589142e-03 1.552891358733177185e-02 2.082165144383907318e-02 2.940225601196289062e-02 1.678692363202571869e-02 1.750717684626579285e-02 1.576719619333744049e-02 4.502778756432235241e-04 4.151877760887145996e-02 4.323255270719528198e-03 2.978487871587276459e-02 1.403929013758897781e-02 4.388579633086919785e-03 9.595541283488273621e-03 9.031173773109912872e-03 1.477382262237370014e-03 1.870249211788177490e-02 1.036697812378406525e-02 1.830965513363480568e-03 2.011017873883247375e-02 3.100518509745597839e-02 1.305161695927381516e-02 6.509788800030946732e-04 3.686144016683101654e-03 5.199095699936151505e-03 1.284706965088844299e-02 6.896869745105504990e-03 6.626239418983459473e-02 6.006553024053573608e-02 1.091910712420940399e-02 1.553349383175373077e-02 1.297729904763400555e-03 8.460339158773422241e-03 8.495500311255455017e-03 5.995965562760829926e-03 5.065747536718845367e-03 1.203821506351232529e-02 9.841354563832283020e-03 3.818803466856479645e-03 9.860871359705924988e-03 3.458185819908976555e-03 2.266266196966171265e-02 1.338519388809800148e-03 1.223968435078859329e-02 3.951414953917264938e-03 2.254814654588699341e-02 2.461720257997512817e-02 1.448027044534683228e-02 1.220705639570951462e-02 4.568155109882354736e-02 1.250841538421809673e-03 1.008577737957239151e-02 6.676507182419300079e-03 2.630147710442543030e-02 3.603149205446243286e-03 1.619170792400836945e-02 1.456702500581741333e-02 3.579359129071235657e-02 1.870569773018360138e-03 1.543407235294580460e-02 4.108989611268043518e-03 5.275711417198181152e-03 2.673558145761489868e-02 1.920342445373535156e-02 8.902705274522304535e-03 4.332088399678468704e-03 6.171159911900758743e-03 8.261218667030334473e-03 8.864348754286766052e-03 2.114956825971603394e-02 6.427237764000892639e-03 1.505235861986875534e-02 2.209578640758991241e-02 2.197061851620674133e-02 1.087127719074487686e-02 1.179155986756086349e-02 1.992889493703842163e-02 2.067328430712223053e-03 2.186988294124603271e-02 4.449495114386081696e-03 8.764507248997688293e-03 2.109548076987266541e-03 8.525941520929336548e-03 2.985201310366392136e-03 1.576007925905287266e-03 1.844683848321437836e-02 7.058901246637105942e-03 5.119049455970525742e-03 2.003263495862483978e-02 7.467275019735097885e-03 9.496617130935192108e-03 3.468101611360907555e-03 1.226706523448228836e-02 3.723363624885678291e-04 4.802050534635782242e-03 8.001606911420822144e-03 1.185662485659122467e-02
