8.423261046409606934e-01 6.530790776014328003e-02 7.116141729056835175e-03 7.210430223494768143e-03 1.191213168203830719e-02 6.928721815347671509e-02 4.903642833232879639e-02 6.259602960199117661e-04 7.772078737616539001e-03 2.771485596895217896e-02 4.434907063841819763e-02 2.541128545999526978e-02 3.647967055439949036e-02 3.315624222159385681e-02 1.465759053826332092e-02 7.552979048341512680e-03 2.151252701878547668e-02 1.537869777530431747e-02 9.008211083710193634e-03 1.275198534131050110e-02 7.106056436896324158e-03 1.511410810053348541e-03 1.527727302163839340e-02 1.954807154834270477e-02 3.250313224270939827e-03 4.405491985380649567e-03 9.315836359746754169e-05 2.458795718848705292e-02 1.812106184661388397e-02 2.299335598945617676e-02 2.505363197997212410e-03 3.197411773726344109e-03 1.330638071522116661e-03 1.451037009246647358e-03 9.004519321024417877e-03 3.194153832737356424e-04 5.514034535735845566e-03 6.695495452731847763e-03 2.410836983472108841e-03 1.202900800853967667e-02 2.280917763710021973e-02 9.839225560426712036e-03 1.561245764605700970e-03 2.044252492487430573e-02 2.624627435579895973e-03 1.394940912723541260e-02 4.645143076777458191e-02 3.020920231938362122e-02 6.459691096097230911e-03 9.967203252017498016e-03 6.276119034737348557e-03 3.553281072527170181e-03 9.816043078899383545e-03 7.511335890740156174e-03 1.000370320980437100e-04 3.069807589054107666e-02 5.926210898905992508e-03 1.218528952449560165e-02 1.497201807796955109e-02 1.792168803513050079e-02 1.538865640759468079e-02 8.847790770232677460e-03 1.865858398377895355e-02 4.377636127173900604e-03 1.955891214311122894e-02 8.284277282655239105e-03 3.022696124389767647e-03 5.164554342627525330e-03 1.445310376584529877e-02 1.284798234701156616e-02 1.680275425314903259e-02 2.616239944472908974e-03 6.120079662650823593e-03 3.165186941623687744e-02 2.151966467499732971e-02 1.343902945518493652e-02 9.182177484035491943e-03 2.636534720659255981e-02 9.106509387493133545e-03 2.786476910114288330e-02 3.708095988258719444e-03 3.135974518954753876e-03 1.267557498067617416e-03 6.605239119380712509e-03 1.460633706301450729e-02 2.006174065172672272e-03 8.495861664414405823e-03 1.458276156336069107e-02 8.607212454080581665e-03 3.032275475561618805e-02 3.446962684392929077e-02 1.428816560655832291e-02 3.298558294773101807e-02 8.837196975946426392e-03 7.150901015847921371e-03 6.858439184725284576e-03 2.983111515641212463e-02 1.216499228030443192e-02 3.094515996053814888e-03 6.651041097939014435e-03 1.799794496037065983e-03 4.549420846160501242e-04 1.922751776874065399e-02 1.646894402801990509e-02 1.131778955459594727e-02 2.767111640423536301e-03 1.731293974444270134e-03 7.671911153011023998e-04 7.903440855443477631e-04 7.024765945971012115e-03 3.518054261803627014e-02 2.612613886594772339e-02 1.116990856826305389e-02 1.050255075097084045e-02 2.940230071544647217e-02 7.241033017635345459e-03
6.530790776014328003e-02 8.423261046409606934e-01 1.146164070814847946e-02 1.952310092747211456e-03 4.297839011996984482e-03 3.747652098536491394e-02 4.238722845911979675e-02 7.556459866464138031e-03 1.092851720750331879e-02 3.103678487241268158e-02 3.511293604969978333e-02 2.240448817610740662e-02 4.157748073339462280e-02 3.490480408072471619e-02 1.916472800076007843e-03 2.133314311504364014e-02 2.773483842611312866e-02 9.941718541085720062e-03 1.028485037386417389e-02 2.266599796712398529e-02 2.423631586134433746e-02 5.702139809727668762e-03 2.883422560989856720e-02 3.330935165286064148e-02 1.687937229871749878e-02 2.353301271796226501e-02 1.936030806973576546e-03 1.576195284724235535e-02 9.219502098858356476e-04 1.326910965144634247e-02 6.825468037277460098e-03 1.376982405781745911e-02 1.021089870482683182e-02 2.087341994047164917e-02 2.091933600604534149e-02 7.511659059673547745e-03 1.734079979360103607e-02 1.677535101771354675e-02 3.440820728428661823e-04 1.582242734730243683e-02 2.609313093125820160e-02 5.431427620351314545e-03 5.692667327821254730e-03 1.716384664177894592e-02 9.783855639398097992e-03 8.469654247164726257e-03 1.200870703905820847e-02 2.631456218659877777e-02 1.898525049909949303e-03 2.700285753235220909e-03 1.247433759272098541e-02 1.373984757810831070e-02 1.068215444684028625e-02 1.164118107408285141e-02 3.788934322074055672e-03 1.337499171495437622e-02 2.071481198072433472e-02 2.432466484606266022e-02 1.073989272117614746e-02 1.840140484273433685e-02 5.925250705331563950e-03 1.738658547401428223e-02 2.442559599876403809e-02 6.592598278075456619e-03 1.213678717613220215e-02 5.532777402549982071e-03 1.494880020618438721e-02 1.442719902843236923e-02 2.633854001760482788e-02 1.364323683083057404e-02 2.892099879682064056e-02 9.028078988194465637e-03 9.862799197435379028e-03 2.477544359862804413e-02 2.427349425852298737e-02 1.368311326950788498e-02 1.357788033783435822e-02 3.377084061503410339e-02 1.041130535304546356e-02 2.576828561723232269e-02 2.093650633469223976e-03 1.157393679022789001e-02 2.206173492595553398e-03 1.475172489881515503e-02 2.254317747429013252e-03 1.861422508955001831e-02 7.220443338155746460e-03 1.255398057401180267e-02 1.373089943081140518e-02 3.040470555424690247e-02 1.806707121431827545e-02 1.296066772192716599e-02 2.591461129486560822e-02 1.292367279529571533e-02 9.787722490727901459e-03 1.664113486185669899e-03 2.306628227233886719e-02 1.275009848177433014e-02 2.014562301337718964e-02 1.708545163273811340e-02 3.350858576595783234e-03 1.342849154025316238e-02 2.651826106011867523e-02 2.182300016283988953e-02 1.361656840890645981e-02 1.185558177530765533e-02 8.314028382301330566e-03 1.366753247566521168e-03 2.051988616585731506e-02 1.352482941001653671e-02 3.683057427406311035e-02 2.820859849452972412e-02 5.468571325764060020e-04 5.059165414422750473e-03 3.023395314812660217e-02 3.817772958427667618e-04
7.116141729056835175e-03 1.146164070814847946e-02 8.423261046409606934e-01 9.235227480530738831e-03 1.254126057028770447e-02 1.238113176077604294e-02 1.241099368780851364e-02 3.466615825891494751e-02 1.123932655900716782e-03 6.763820070773363113e-03 7.241818588227033615e-03 1.923921890556812286e-02 3.319575451314449310e-03 1.431613322347402573e-02 3.868620097637176514e-02 1.172998268157243729e-02 9.359896648675203323e-04 2.415890432894229889e-02 2.150081470608711243e-02 3.830456407740712166e-03 1.835919392760843039e-04 2.175223641097545624e-02 1.189707685261964798e-02 1.183955278247594833e-02 2.042312361299991608e-02 2.133923768997192383e-02 5.286817904561758041e-03 1.881966134533286095e-03 1.405448839068412781e-02 1.975613879039883614e-03 2.638632245361804962e-02 2.964397426694631577e-03 1.051424350589513779e-02 6.282813847064971924e-03 1.862491481006145477e-02 3.096378594636917114e-02 2.548674307763576508e-02 1.755344122648239136e-02 1.302854996174573898e-02 8.397418074309825897e-03 2.110643312335014343e-02 2.130076475441455841e-02 1.679689064621925354e-02 2.364981174468994141e-02 9.776345686987042427e-04 1.158823259174823761e-02 4.404389765113592148e-04 4.075567703694105148e-03 2.277310378849506378e-02 3.509689122438430786e-02 1.324813626706600189e-02 4.513535182923078537e-03 1.994155161082744598e-02 1.131916698068380356e-02 2.491225488483905792e-02 1.561628095805644989e-02 1.329098083078861237e-02 9.483808651566505432e-03 1.310210116207599640e-02 2.103625982999801636e-02 8.035437203943729401e-03 4.517238121479749680e-03 1.312094274908304214e-03 7.109730504453182220e-03 2.283952012658119202e-02 9.594841860234737396e-03 1.054517086595296860e-02 8.505786769092082977e-03 1.978294312721118331e-04 1.562226656824350357e-02 2.665736712515354156e-03 4.985479172319173813e-03 3.511551069095730782e-03 2.000720426440238953e-02 1.180951949208974838e-02 3.160511841997504234e-03 8.598466403782367706e-03 9.122191928327083588e-03 7.492899429053068161e-03 4.030233714729547501e-03 5.976790562272071838e-02 3.462031111121177673e-02 1.414220966398715973e-02 2.980632521212100983e-02 4.244785755872726440e-03 5.681165494024753571e-04 3.603255376219749451e-02 2.963541075587272644e-02 9.448328055441379547e-03 9.213970042765140533e-03 1.719201356172561646e-02 1.989039592444896698e-02 1.710251532495021820e-02 1.109356712549924850e-02 3.861191496253013611e-02 7.653414737433195114e-03 1.784875616431236267e-02 3.189411945641040802e-03 1.218983437865972519e-02 1.090296264737844467e-02 2.241877466440200806e-02 6.875619757920503616e-03 1.176803093403577805e-02 1.156897749751806259e-02 3.004144877195358276e-03 9.483969770371913910e-03 3.847279027104377747e-02 1.460180059075355530e-02 1.930991420522332191e-03 2.216168679296970367e-02 9.232995100319385529e-03 5.585088860243558884e-03 6.520225666463375092e-03 1.020744722336530685e-02 8.948084432631731033e-04 1.086878473870456219e-03
7.210430223494768143e-03 1.952310092747211456e-03 9.235227480530738831e-03 8.423261046409606934e-01 7.106308639049530029e-02 1.852688146755099297e-03 3.740293672308325768e-03 4.269468598067760468e-03 2.928143600001931190e-03 6.568216485902667046e-04 7.151654455810785294e-03 2.412083745002746582e-02 3.863919991999864578e-03 2.361792325973510742e-02 2.204084023833274841e-02 1.659973710775375366e-02 1.713725365698337555e-02 1.129225455224514008e-02 1.452748198062181473e-02 5.541397724300622940e-03 1.716749370098114014e-02 2.201591990888118744e-02 1.426604762673377991e-02 7.743277586996555328e-03 2.179374918341636658e-02 1.100817415863275528e-02 1.458140905015170574e-03 2.369563095271587372e-02 9.168342687189579010e-03 1.433839462697505951e-02 5.216890946030616760e-03 1.370385009795427322e-02 3.052993118762969971e-02 1.797552779316902161e-02 2.011556364595890045e-02 9.602837264537811279e-03 4.094903822988271713e-03 1.326969452202320099e-02 4.959961026906967163e-02 4.801175370812416077e-02 7.565875537693500519e-03 2.741789259016513824e-02 2.377380244433879852e-02 2.250002697110176086e-02 2.834778279066085815e-02 3.618288785219192505e-02 1.123225595802068710e-02 1.616148464381694794e-02 5.747465882450342178e-03 2.937839133664965630e-03 1.942262239754199982e-02 1.029539201408624649e-02 2.301723696291446686e-02 2.435892075300216675e-02 4.376573953777551651e-03 3.924063872545957565e-03 1.369546074420213699e-02 7.934934459626674652e-03 2.083767578005790710e-02 1.504656579345464706e-02 2.757472917437553406e-02 2.245955914258956909e-02 2.474489063024520874e-02 1.869704015552997589e-02 1.341772824525833130e-02 1.723880995996296406e-03 2.020571567118167877e-02 2.411883138120174408e-02 1.399950496852397919e-02 8.536329492926597595e-03 1.471552532166242599e-02 6.442730780690908432e-03 5.396822094917297363e-02 6.251370068639516830e-03 3.487911075353622437e-02 2.407560357823967934e-03 1.047834567725658417e-02 1.414786279201507568e-02 2.623059414327144623e-02 9.409829974174499512e-03 5.444576032459735870e-03 6.190852262079715729e-03 4.462537541985511780e-02 1.375063322484493256e-02 1.867670379579067230e-02 9.714630432426929474e-03 1.751068606972694397e-02 7.762651424854993820e-03 1.482222974300384521e-02 1.281334366649389267e-02 1.701505854725837708e-02 1.818340830504894257e-02 1.887567527592182159e-02 1.963915675878524780e-02 1.104170456528663635e-02 1.273929327726364136e-02 2.676863223314285278e-03 5.445646587759256363e-03 1.779994228854775429e-03 7.316322997212409973e-03 2.018588036298751831e-02 2.192869782447814941e-02 6.245823577046394348e-03 1.037130877375602722e-02 1.702012866735458374e-02 2.576244249939918518e-02 1.252504438161849976e-02 1.618993841111660004e-02 4.250260069966316223e-03 1.073549501597881317e-02 3.000735305249691010e-03 1.141147408634424210e-02 3.304671123623847961e-02 2.835614979267120361e-02 1.020722277462482452e-02 1.705127023160457611e-02
1.191213168203830719e-02 4.297839011996984482e-03 1.254126057028770447e-02 7.106308639049530029e-02 8.423261046409606934e-01 4.761289805173873901e-03 3.384146373718976974e-03 9.659486822783946991e-03 7.053911220282316208e-03 1.426511351019144058e-02 7.562831044197082520e-03 1.942760497331619263e-02 1.147720776498317719e-02 1.666004396975040436e-02 1.718696020543575287e-02 7.832220755517482758e-03 1.933445408940315247e-02 1.971413753926753998e-02 1.217593718320131302e-02 1.184283103793859482e-02 5.846339743584394455e-03 1.009963266551494598e-02 4.822831135243177414e-03 3.322209930047392845e-03 7.005392108112573624e-03 5.353537271730601788e-04 1.727441325783729553e-02 1.837615296244621277e-02 5.469152238219976425e-03 7.780502783134579659e-04 1.919922186061739922e-03 1.816542819142341614e-03 2.217078208923339844e-02 5.509148817509412766e-03 2.501729130744934082e-02 4.760145675390958786e-03 2.521499991416931152e-03 9.279506281018257141e-03 4.477777332067489624e-02 6.038752943277359009e-02 8.983919396996498108e-03 2.221787162125110626e-02 9.482586756348609924e-03 1.738140918314456940e-02 3.477185964584350586e-02 3.461557626724243164e-02 5.504567641764879227e-03 6.899076048284769058e-03 2.051826333627104759e-03 1.474807970225811005e-02 5.627497099339962006e-03 2.751683816313743591e-03 1.748217269778251648e-02 1.077872887253761292e-02 1.610012375749647617e-03 1.334453187882900238e-02 1.468425802886486053e-02 4.214409738779067993e-03 1.675503142178058624e-02 1.104355091229081154e-03 2.291563898324966431e-02 2.312171645462512970e-02 1.654528826475143433e-02 2.638901583850383759e-02 7.779894862323999405e-03 9.584739804267883301e-03 2.469235099852085114e-03 1.530507020652294159e-02 1.815011352300643921e-02 6.642543012276291847e-04 8.887021802365779877e-03 1.048396155238151550e-02 4.478202760219573975e-02 1.254854537546634674e-02 4.504049569368362427e-02 1.068267878144979477e-02 3.061530180275440216e-03 1.433461671695113182e-03 2.267954312264919281e-02 3.990250173956155777e-03 1.002772944048047066e-03 7.683726493269205093e-03 3.821288049221038818e-02 1.015416439622640610e-02 9.993339888751506805e-03 3.390245372429490089e-03 1.192595157772302628e-02 5.548952613025903702e-03 1.895307563245296478e-02 6.407340057194232941e-03 1.148901414126157761e-02 8.260152302682399750e-03 1.423803903162479401e-02 1.260358374565839767e-02 1.143229659646749496e-02 1.654188334941864014e-02 1.400173641741275787e-03 6.217565853148698807e-03 8.188758045434951782e-03 4.461127799004316330e-03 1.280957553535699844e-02 1.386402640491724014e-02 3.795708529651165009e-03 1.084415335208177567e-02 8.971069939434528351e-03 1.737058348953723907e-02 1.614023186266422272e-02 1.738445833325386047e-02 9.846897795796394348e-03 7.353997789323329926e-03 2.878232859075069427e-03 7.442890200763940811e-03 1.837765239179134369e-02 1.550143025815486908e-02 1.698933355510234833e-02 2.042294852435588837e-02
6.928721815347671509e-02 3.747652098536491394e-02 1.238113176077604294e-02 1.852688146755099297e-03 4.761289805173873901e-03 8.423261046409606934e-01 7.908599823713302612e-02 2.122025936841964722e-03 4.098590929061174393e-03 3.831908479332923889e-02 3.130624443292617798e-02 3.709407523274421692e-02 1.546235755085945129e-02 4.085162654519081116e-02 3.926022443920373917e-03 1.154666114598512650e-02 2.045712806284427643e-02 3.976596519351005554e-03 2.282227575778961182e-02 1.029190048575401306e-02 3.383053001016378403e-03 2.045681700110435486e-03 1.005907729268074036e-02 1.721381023526191711e-02 1.303654513321816921e-03 5.945342709310352802e-04 1.189180277287960052e-02 2.813099324703216553e-02 2.311396971344947815e-02 1.779042370617389679e-02 9.550778195261955261e-03 5.923259072005748749e-03 1.871167216449975967e-03 1.639021647861227393e-04 4.982868209481239319e-03 1.548849605023860931e-02 1.680698245763778687e-02 1.770288567058742046e-03 1.146294269710779190e-02 8.867933414876461029e-03 1.398517284542322159e-02 1.244262326508760452e-03 2.304173074662685394e-03 1.147009246051311493e-02 1.101358910091221333e-03 1.445436663925647736e-02 7.357294112443923950e-02 4.204368218779563904e-02 1.314652804285287857e-02 6.735196337103843689e-03 1.092132763005793095e-03 4.298666492104530334e-03 1.229352969676256180e-02 4.205525387078523636e-03 4.587883595377206802e-03 9.964043274521827698e-03 7.781846914440393448e-03 7.444506976753473282e-03 1.211632974445819855e-02 7.058360613882541656e-03 1.764313317835330963e-02 1.677714847028255463e-02 1.709733903408050537e-02 1.842860947363078594e-03 1.779053919017314911e-02 4.409634042531251907e-03 1.299049472436308861e-03 6.027162307873368263e-04 1.060408912599086761e-02 6.850279401987791061e-03 1.361449342221021652e-02 2.804950345307588577e-03 1.671940460801124573e-02 1.987356878817081451e-02 3.709296509623527527e-02 9.819461032748222351e-03 6.293229758739471436e-03 2.953149005770683289e-02 6.779314484447240829e-03 3.180289268493652344e-02 1.203087740577757359e-03 1.577759394422173500e-03 5.083549767732620239e-03 2.508017700165510178e-03 1.488909497857093811e-02 6.899280706420540810e-04 4.565663635730743408e-03 5.626712460070848465e-03 1.326805353164672852e-02 3.499855473637580872e-02 2.234592661261558533e-02 1.335064787417650223e-02 2.716002240777015686e-02 4.126375075429677963e-03 1.656892150640487671e-02 2.253348194062709808e-02 2.430539019405841827e-02 1.263913791626691818e-02 1.090973801910877228e-02 8.687943220138549805e-03 1.841074321419000626e-03 2.929912181571125984e-03 1.921490393579006195e-02 1.304772589355707169e-02 1.055372320115566254e-02 1.300132949836552143e-03 2.350121736526489258e-02 1.275126007385551929e-03 6.746840663254261017e-03 7.757457904517650604e-03 2.719996497035026550e-02 1.963844336569309235e-02 1.745660090819001198e-03 9.457602165639400482e-03 8.150367997586727142e-03 2.797030378133058548e-03
4.903642833232879639e-02 4.238722845911979675e-02 1.241099368780851364e-02 3.740293672308325768e-03 3.384146373718976974e-03 7.908599823713302612e-02 8.423261046409606934e-01 3.785762004554271698e-03 5.209419876337051392e-03 3.399083763360977173e-02 3.032360784709453583e-02 2.522547729313373566e-02 2.422095462679862976e-02 3.806081414222717285e-02 4.390798043459653854e-03 1.586433872580528259e-02 1.969557069242000580e-02 1.047607604414224625e-02 2.210971526801586151e-02 1.982927136123180389e-02 1.409033592790365219e-02 2.824813360348343849e-03 1.779356598854064941e-02 2.056038938462734222e-02 1.195073779672384262e-02 1.313052978366613388e-02 1.065210904926061630e-02 2.002877369523048401e-02 3.266080096364021301e-02 1.124750170856714249e-02 5.393703468143939972e-03 6.262425798922777176e-03 1.373938284814357758e-02 1.777614094316959381e-02 8.205034770071506500e-03 1.035279687494039536e-02 3.560482000466436148e-04 1.310637593269348145e-02 1.327295508235692978e-02 7.462959270924329758e-03 1.114189531654119492e-02 9.092505089938640594e-03 1.132836658507585526e-02 7.308193482458591461e-03 6.783853168599307537e-04 2.706953324377536774e-02 5.880219489336013794e-02 5.963901430368423462e-02 9.980998001992702484e-03 6.997914984822273254e-03 1.257825642824172974e-02 1.961059868335723877e-02 1.016556416288949549e-04 8.169992943294346333e-04 8.814824745059013367e-03 6.507551297545433044e-03 1.649641059339046478e-02 2.014885842800140381e-02 4.462839104235172272e-03 8.210948668420314789e-03 1.518064830452203751e-02 8.179931901395320892e-03 2.093111909925937653e-02 4.830621182918548584e-03 2.359359711408615112e-02 1.733808405697345734e-02 1.779668778181076050e-02 1.461798697710037231e-02 1.427276618778705597e-02 1.060734875500202179e-02 1.732644066214561462e-02 6.867250427603721619e-03 1.757075451314449310e-02 1.456947159022092819e-02 2.654881589114665985e-02 8.100208826363086700e-03 3.472964512184262276e-03 2.359399199485778809e-02 3.932908177375793457e-03 3.096860833466053009e-02 1.530698616988956928e-03 1.651358790695667267e-03 5.115272942930459976e-03 9.366862475872039795e-03 5.779906641691923141e-04 8.840323425829410553e-03 7.031781598925590515e-03 7.679326459765434265e-03 1.054307632148265839e-02 3.502704203128814697e-02 3.275187686085700989e-02 1.684493198990821838e-02 3.829465061426162720e-02 1.346382498741149902e-02 2.802715450525283813e-02 3.099233657121658325e-02 2.035858482122421265e-02 1.013076212257146835e-02 4.814362153410911560e-03 1.129928790032863617e-02 7.221182808279991150e-03 2.005565445870161057e-03 2.253826521337032318e-02 2.066056057810783386e-02 7.456691819243133068e-04 8.267135359346866608e-03 1.857579685747623444e-02 1.683774637058377266e-03 9.182292968034744263e-03 2.888446673750877380e-03 2.588218264281749725e-02 2.082591317594051361e-02 1.451735850423574448e-02 1.114872284233570099e-02 1.476322114467620850e-02 8.667293936014175415e-03
6.259602960199117661e-04 7.556459866464138031e-03 3.466615825891494751e-02 4.269468598067760468e-03 9.659486822783946991e-03 2.122025936841964722e-03 3.785762004554271698e-03 8.423261046409606934e-01 3.365712473168969154e-04 2.476018294692039490e-02 8.123067207634449005e-03 2.148162759840488434e-02 5.897922907024621964e-03 2.350154519081115723e-02 4.272974282503128052e-02 2.789960242807865143e-02 1.296971179544925690e-02 6.260014488361775875e-04 1.211273483932018280e-02 1.775216683745384216e-02 4.433048423379659653e-03 7.440824992954730988e-03 2.774020284414291382e-02 2.882187068462371826e-02 9.842888452112674713e-03 3.598591778427362442e-03 3.954679239541292191e-03 6.580886431038379669e-03 9.095529094338417053e-03 8.725326508283615112e-03 1.617817208170890808e-02 3.265367355197668076e-03 4.996989388018846512e-03 9.011397138237953186e-03 2.107790112495422363e-02 1.641738042235374451e-02 1.053068507462739944e-02 7.495342288166284561e-03 2.355089411139488220e-03 1.549234054982662201e-02 1.890328899025917053e-02 1.748754642903804779e-03 1.626960746943950653e-02 2.521843649446964264e-02 3.576902672648429871e-03 1.252290513366460800e-02 1.206764299422502518e-02 5.384698510169982910e-03 2.875886298716068268e-02 2.416238188743591309e-02 1.344644464552402496e-02 1.314647775143384933e-02 2.063151681795716286e-03 7.682079914957284927e-03 2.788813598453998566e-02 1.711234264075756073e-02 9.082415141165256500e-03 3.334385575726628304e-03 3.443969646468758583e-03 7.713570259511470795e-03 2.099776081740856171e-02 2.471418993081897497e-04 6.729387096129357815e-04 2.507641911506652832e-03 8.346956223249435425e-03 6.244510412216186523e-03 1.189262326806783676e-02 9.258473291993141174e-03 3.188926028087735176e-03 1.502998825162649155e-02 1.382775139063596725e-02 1.694085076451301575e-02 2.093628980219364166e-02 1.346380822360515594e-02 2.678662538528442383e-02 1.922923140227794647e-02 1.155367679893970490e-02 2.899361588060855865e-02 1.553879864513874054e-02 1.344196614809334278e-03 5.357464775443077087e-02 4.946063458919525146e-02 6.397232878953218460e-03 3.368136286735534668e-02 1.856531575322151184e-02 1.048544049263000488e-02 3.458493947982788086e-02 2.473820559680461884e-02 1.258533820509910583e-02 2.302716113626956940e-02 1.333243120461702347e-02 5.233405623584985733e-03 3.535001014824956656e-04 8.578025735914707184e-03 3.205429762601852417e-02 6.335034966468811035e-03 1.604606769979000092e-02 1.484613586217164993e-02 7.377699017524719238e-03 9.080409072339534760e-03 1.886547356843948364e-02 1.851814886322245002e-04 7.182483095675706863e-03 9.457796812057495117e-03 7.115881890058517456e-03 6.780084688216447830e-03 2.147402241826057434e-02 5.539304111152887344e-03 1.559393759816884995e-02 1.776597090065479279e-02 8.069137111306190491e-03 2.268500858917832375e-03 1.384501997381448746e-02 8.086198009550571442e-03 1.290637184865772724e-03 1.524599362164735794e-02
7.772078737616539001e-03 1.092851720750331879e-02 1.123932655900716782e-03 2.928143600001931190e-03 7.053911220282316208e-03 4.098590929061174393e-03 5.209419876337051392e-03 3.365712473168969154e-04 8.423261046409606934e-01 4.097175970673561096e-02 3.225195920094847679e-03 3.917772695422172546e-02 2.009042771533131599e-03 1.382982358336448669e-02 9.921372402459383011e-04 3.481165319681167603e-02 2.231981419026851654e-02 5.154931172728538513e-02 2.222169749438762665e-02 1.114246807992458344e-02 4.230597987771034241e-03 3.460219595581293106e-03 3.576971963047981262e-02 3.072226978838443756e-02 1.167722046375274658e-02 1.329632941633462906e-02 3.425666363909840584e-03 3.081419132649898529e-02 1.799888536334037781e-02 8.418587967753410339e-03 9.070277214050292969e-03 3.145914152264595032e-02 3.879595780745148659e-03 1.011984981596469879e-02 1.102319732308387756e-02 1.924183778464794159e-02 8.149937726557254791e-03 1.612825435586273670e-03 9.070257656276226044e-03 1.425595488399267197e-03 7.271788083016872406e-03 2.107421308755874634e-02 7.262263447046279907e-03 8.186569903045892715e-04 1.748145557940006256e-02 1.933027245104312897e-02 1.665301620960235596e-02 1.815810054540634155e-02 2.697400376200675964e-02 1.809240877628326416e-02 2.137221023440361023e-02 1.702339574694633484e-02 2.067272551357746124e-03 4.236029926687479019e-03 4.655218869447708130e-02 1.895270682871341705e-02 2.688447572290897369e-02 1.620522141456604004e-02 1.618334208615124226e-03 8.646693080663681030e-03 3.469088301062583923e-02 1.564516313374042511e-02 1.417645625770092010e-02 6.255358923226594925e-03 1.099660433828830719e-02 1.535366848111152649e-02 1.129866018891334534e-02 1.153594627976417542e-02 4.357875138521194458e-02 3.857458941638469696e-03 2.790052816271781921e-02 2.104525081813335419e-02 2.351136645302176476e-04 1.341347023844718933e-02 2.332692733034491539e-03 2.417214401066303253e-02 7.348462939262390137e-02 2.870611101388931274e-02 2.462488785386085510e-02 4.106485750526189804e-03 9.383302181959152222e-03 1.217931229621171951e-02 3.727740421891212463e-02 4.136802628636360168e-03 2.392009831964969635e-02 2.962229959666728973e-02 2.003055065870285034e-03 2.680750621948391199e-04 5.024871230125427246e-02 1.078615430742502213e-02 7.107904180884361267e-03 6.259932415559887886e-04 1.352533232420682907e-02 3.880839329212903976e-03 6.729160435497760773e-03 3.880855860188603401e-03 1.215931400656700134e-02 1.583720184862613678e-02 2.102666907012462616e-02 1.902713812887668610e-02 1.926209032535552979e-02 7.243550382554531097e-03 1.343292277306318283e-02 6.911774980835616589e-04 1.459956727921962738e-02 1.103999372571706772e-02 1.108937058597803116e-02 1.333799329586327076e-03 4.397545009851455688e-03 2.088826894760131836e-02 1.194797223433852196e-04 7.928480394184589386e-03 1.603627018630504608e-02 8.670785464346408844e-03 8.288419921882450581e-04 1.190255396068096161e-03
2.771485596895217896e-02 3.103678487241268158e-02 6.763820070773363113e-03 6.568216485902667046e-04 1.426511351019144058e-02 3.831908479332923889e-02 3.399083763360977173e-02 2.476018294692039490e-02 4.097175970673561096e-02 8.423261046409606934e-01 1.166715379804372787e-02 2.690679021179676056e-02 1.433881558477878571e-02 3.207501024007797241e-02 2.626182278618216515e-03 3.304157778620719910e-02 3.674028441309928894e-02 4.479675088077783585e-03 3.695943625643849373e-03 2.203280851244926453e-02 6.250408478081226349e-03 9.692561812698841095e-03 3.352548927068710327e-02 3.975499793887138367e-02 2.287135273218154907e-02 1.935178600251674652e-02 7.838867604732513428e-03 1.817813143134117126e-02 9.094445034861564636e-03 1.912016794085502625e-02 1.847637700848281384e-03 2.306738682091236115e-02 1.237518154084682465e-02 2.190284803509712219e-02 1.165398582816123962e-02 6.943027023226022720e-03 1.623978023417294025e-03 2.905304427258670330e-04 2.279680455103516579e-03 1.463948283344507217e-03 5.422112531960010529e-03 1.862861961126327515e-02 2.505005151033401489e-02 6.528632715344429016e-03 8.484499994665384293e-04 9.808389469981193542e-03 1.982901245355606079e-02 2.698894776403903961e-02 2.688687760382890701e-03 2.104835025966167450e-02 2.886185795068740845e-02 2.213955111801624298e-02 2.506553195416927338e-03 1.312497444450855255e-02 1.403959002345800400e-02 2.868297509849071503e-02 1.925857737660408020e-02 2.366831339895725250e-02 1.076812623068690300e-03 1.492998376488685608e-02 4.819369409233331680e-03 5.891578271985054016e-03 1.354027539491653442e-02 3.696484724059700966e-03 7.015862036496400833e-03 1.366334618069231510e-03 2.043478935956954956e-02 1.853345520794391632e-02 2.830178663134574890e-02 1.016819663345813751e-02 3.614148497581481934e-02 1.394026633352041245e-02 1.026192773133516312e-02 8.792142383754253387e-03 1.849629543721675873e-02 1.464191824197769165e-02 2.832336910068988800e-02 5.887116119265556335e-02 8.681342005729675293e-03 4.048820957541465759e-02 2.105322433635592461e-03 4.652275703847408295e-03 7.856292650103569031e-03 1.928366720676422119e-02 3.925689030438661575e-03 2.458984591066837311e-02 1.253433059900999069e-03 4.523276817053556442e-03 5.400719121098518372e-03 4.102140665054321289e-02 1.770272850990295410e-02 5.828190594911575317e-03 1.809442229568958282e-02 3.745842725038528442e-03 4.275125451385974884e-03 1.556056085973978043e-02 1.432261057198047638e-02 1.630485430359840393e-02 2.781027741730213165e-02 2.861941978335380554e-02 3.880398115143179893e-03 9.981233626604080200e-03 1.585305668413639069e-02 1.934766536578536034e-03 2.941570477560162544e-03 5.055394489318132401e-03 3.474169410765171051e-03 1.053486857563257217e-02 7.962608709931373596e-03 8.035230450332164764e-03 2.834823681041598320e-03 1.723465975373983383e-03 2.217529155313968658e-02 1.653723418712615967e-02 2.719308482483029366e-03 1.042664237320423126e-02
4.434907063841819763e-02 3.511293604969978333e-02 7.241818588227033615e-03 7.151654455810785294e-03 7.562831044197082520e-03 3.130624443292617798e-02 3.032360784709453583e-02 8.123067207634449005e-03 3.225195920094847679e-03 1.166715379804372787e-02 8.423261046409606934e-01 2.302559465169906616e-02 4.822862520813941956e-02 2.768722549080848694e-02 2.236808463931083679e-02 1.659070141613483429e-02 1.680483482778072357e-02 8.450488559901714325e-03 7.987541146576404572e-03 2.107559889554977417e-02 2.172744460403919220e-02 2.026443742215633392e-02 2.653520740568637848e-02 2.716876007616519928e-02 2.077620662748813629e-02 2.302331849932670593e-02 2.491016313433647156e-02 1.289285812526941299e-02 2.223406545817852020e-02 1.969182305037975311e-02 6.128207780420780182e-03 1.711295917630195618e-02 1.314340718090534210e-02 2.255961112678050995e-02 1.872964203357696533e-02 1.512703578919172287e-02 1.531207095831632614e-02 1.803497597575187683e-02 1.087806001305580139e-02 2.009556256234645844e-02 2.454497478902339935e-02 8.446495048701763153e-03 2.296231500804424286e-02 2.793023735284805298e-02 1.062100101262331009e-02 2.106527984142303467e-02 2.892862632870674133e-02 2.630341611802577972e-02 1.964320894330739975e-03 1.075409236364066601e-03 1.856539025902748108e-02 2.054337225854396820e-02 1.954254880547523499e-02 1.416044402867555618e-02 1.960634719580411911e-03 2.681126352399587631e-03 1.871051825582981110e-02 1.646657288074493408e-02 2.230437844991683960e-02 2.536901086568832397e-02 4.504284355789422989e-03 1.275492738932371140e-02 2.579863741993904114e-02 9.714973159134387970e-03 3.130165860056877136e-02 1.803545840084552765e-02 2.459972724318504333e-02 2.318375185132026672e-02 6.980446167290210724e-03 1.968196220695972443e-02 1.528318040072917938e-02 1.295957993716001511e-02 1.662595756351947784e-02 2.100625820457935333e-02 1.766751706600189209e-02 1.563064008951187134e-02 7.796678692102432251e-03 1.974060013890266418e-02 9.096435271203517914e-03 2.283111959695816040e-02 1.779610104858875275e-02 9.487742558121681213e-03 8.537475951015949249e-03 3.793348092585802078e-03 1.804718561470508575e-02 2.288583666086196899e-02 2.524918690323829651e-02 3.043483942747116089e-02 1.355078164488077164e-02 2.067843452095985413e-02 2.071231603622436523e-02 3.348367288708686829e-02 2.227889560163021088e-02 2.356722392141819000e-02 1.583706028759479523e-02 6.149789784103631973e-03 2.328111790120601654e-02 1.888792216777801514e-02 1.448131632059812546e-02 1.522430405020713806e-02 1.138595305383205414e-02 1.194497477263212204e-02 2.204334922134876251e-02 2.007853984832763672e-02 1.896573603153228760e-02 1.961869932711124420e-02 7.864407263696193695e-03 1.809458062052726746e-02 1.250150427222251892e-02 2.516935812309384346e-03 3.248023614287376404e-02 2.783511765301227570e-02 1.583765633404254913e-02 1.729958876967430115e-02 1.931872032582759857e-02 1.414175494574010372e-03
2.541128545999526978e-02 2.240448817610740662e-02 1.923921890556812286e-02 2.412083745002746582e-02 1.942760497331619263e-02 3.709407523274421692e-02 2.522547729313373566e-02 2.148162759840488434e-02 3.917772695422172546e-02 2.690679021179676056e-02 2.302559465169906616e-02 8.423261046409606934e-01 1.482714060693979263e-02 4.668077453970909119e-02 1.382066169753670692e-03 3.030563518404960632e-02 1.729004085063934326e-02 2.327185124158859253e-02 4.454638808965682983e-03 1.955274492502212524e-02 8.075087331235408783e-03 1.048753317445516586e-02 3.613809496164321899e-02 2.698842249810695648e-02 1.680448837578296661e-02 8.347447030246257782e-03 1.306567341089248657e-02 4.426748678088188171e-02 2.425672952085733414e-03 2.343142777681350708e-02 5.764732602983713150e-03 1.780443266034126282e-02 1.376355160027742386e-02 1.244287751615047455e-02 2.354520931839942932e-02 2.287541050463914871e-03 1.063124276697635651e-02 1.941727846860885620e-02 2.255754359066486359e-02 2.619419433176517487e-02 1.545136794447898865e-02 1.877345517277717590e-02 1.391658280044794083e-02 8.697145618498325348e-03 4.023554921150207520e-02 2.175464108586311340e-02 1.746392250061035156e-02 1.643964275717735291e-02 2.378706587478518486e-03 2.454025484621524811e-02 1.982345804572105408e-02 2.114730514585971832e-02 1.371148694306612015e-02 1.381887774914503098e-02 5.447116680443286896e-03 6.477854214608669281e-03 2.410369925200939178e-02 1.598535105586051941e-02 1.885926164686679840e-02 1.193236559629440308e-02 1.089668087661266327e-02 9.936157613992691040e-03 2.283463440835475922e-02 1.024396531283855438e-02 1.052605174481868744e-02 2.534235827624797821e-03 1.830706186592578888e-02 1.516108959913253784e-02 2.223509550094604492e-02 1.134345028549432755e-02 2.018517814576625824e-02 1.528190821409225464e-02 3.198022767901420593e-02 1.459102239459753036e-02 4.068103060126304626e-02 1.670556701719760895e-02 4.124599322676658630e-02 2.785738185048103333e-02 3.037318587303161621e-02 1.558057032525539398e-02 1.972266618395224214e-04 1.596510782837867737e-02 3.284674510359764099e-02 1.854105666279792786e-02 2.962188795208930969e-02 2.524481154978275299e-02 1.190460473299026489e-02 6.097893230617046356e-03 4.412492364645004272e-02 2.678306959569454193e-02 9.209876880049705505e-03 1.995956152677536011e-02 1.346528157591819763e-02 1.635294966399669647e-02 1.890447922050952911e-02 6.529407110065221786e-03 1.827815733850002289e-02 1.509948354214429855e-02 5.938820075243711472e-03 6.692539434880018234e-03 3.587723709642887115e-03 1.116490550339221954e-02 2.032172679901123047e-02 1.560252066701650620e-02 1.103093009442090988e-02 1.944622211158275604e-02 8.469382300972938538e-03 1.356284692883491516e-02 2.162489399779587984e-04 5.493774078786373138e-03 2.509289793670177460e-02 2.837184257805347443e-02 2.234727703034877777e-02 1.954194903373718262e-02 1.776148565113544464e-02 1.154363434761762619e-02
3.647967055439949036e-02 4.157748073339462280e-02 3.319575451314449310e-03 3.863919991999864578e-03 1.147720776498317719e-02 1.546235755085945129e-02 2.422095462679862976e-02 5.897922907024621964e-03 2.009042771533131599e-03 1.433881558477878571e-02 4.822862520813941956e-02 1.482714060693979263e-02 8.423261046409606934e-01 2.780525758862495422e-02 1.727922633290290833e-02 1.798637211322784424e-02 1.638745702803134918e-02 1.471259165555238724e-02 1.540438551455736160e-02 1.598045788705348969e-02 1.944657228887081146e-02 2.455754019320011139e-02 2.515057474374771118e-02 2.942014299333095551e-02 2.326185256242752075e-02 2.801798470318317413e-02 2.951227128505706787e-02 9.950649924576282501e-03 1.595985516905784607e-02 2.615386061370372772e-02 1.402145065367221832e-02 1.170006580650806427e-02 1.248202193528413773e-02 2.195259556174278259e-02 2.224524691700935364e-02 1.599008589982986450e-02 2.180643193423748016e-02 1.986476965248584747e-02 6.988475564867258072e-03 1.900061219930648804e-02 1.911810040473937988e-02 6.569577381014823914e-03 2.899888902902603149e-02 1.694211363792419434e-02 7.744648028165102005e-04 2.190074697136878967e-02 6.506759673357009888e-03 2.184772677719593048e-02 1.245708297938108444e-02 5.587310879491269588e-04 1.816872879862785339e-02 2.507085353136062622e-02 2.243124321103096008e-02 1.650956645607948303e-02 1.391955837607383728e-02 1.121652894653379917e-03 1.632134616374969482e-02 2.338647842407226562e-02 1.984070427715778351e-02 2.767602168023586273e-02 9.787129238247871399e-03 1.232657954096794128e-02 2.181173302233219147e-02 1.094642933458089828e-02 2.666459977626800537e-02 2.886014617979526520e-02 2.093847468495368958e-02 2.321289107203483582e-02 1.859620795585215092e-03 2.444757707417011261e-02 1.998212747275829315e-02 1.467439625412225723e-02 1.594833470880985260e-02 2.049474418163299561e-02 1.531994901597499847e-02 1.242630649358034134e-02 5.723311565816402435e-03 2.592445164918899536e-02 5.554831586778163910e-03 1.472770515829324722e-02 1.353876292705535889e-02 1.524912565946578979e-02 1.473253709264099598e-03 1.854607649147510529e-02 1.579976826906204224e-02 1.946544833481311798e-02 2.422684989869594574e-02 2.545815147459506989e-02 1.393150887452065945e-03 1.918987184762954712e-02 1.282147783786058426e-02 3.133019804954528809e-02 2.260266244411468506e-02 2.782282233238220215e-02 2.037317678332328796e-02 2.860864624381065369e-03 2.277824282646179199e-02 1.470781769603490829e-02 2.458241395652294159e-02 2.661849372088909149e-02 1.101198373362421989e-03 1.026234216988086700e-02 2.100133150815963745e-02 2.238571830093860626e-02 2.085724286735057831e-02 1.732146926224231720e-02 7.567882072180509567e-03 2.026248164474964142e-02 2.200601436197757721e-02 1.201458089053630829e-02 2.627670951187610626e-02 2.343347482383251190e-02 1.598768122494220734e-02 2.433402650058269501e-02 2.269156463444232941e-02 7.805505301803350449e-04
