8.322602510452270508e-01 8.253899216651916504e-02 1.790159381926059723e-02 1.258996315300464630e-02 1.234420668333768845e-02 5.244056880474090576e-02 4.845387116074562073e-02 1.053673680871725082e-02 2.323328983038663864e-03 1.090988423675298691e-02 7.877523452043533325e-02 1.607456803321838379e-02 7.158647477626800537e-02 2.102183178067207336e-02 1.544205099344253540e-02 8.392580784857273102e-03 1.015003956854343414e-02 1.168950181454420090e-02 7.871457375586032867e-03 2.494298666715621948e-02 2.169510535895824432e-02 4.205143451690673828e-02 1.034587621688842773e-02 8.625585585832595825e-03 2.384108491241931915e-02 1.389183755964040756e-02 2.722832001745700836e-02 9.557012468576431274e-03 2.800208516418933868e-02 1.888127066195011139e-02 3.261922299861907959e-02 1.023705955594778061e-02 1.801331155002117157e-02 1.515437755733728409e-02 1.881126686930656433e-02 2.610023692250251770e-02 1.374173536896705627e-02 1.923007518053054810e-02 1.413520891219377518e-02 4.695789248216897249e-04 3.318184986710548401e-03 1.678284490481019020e-03 7.687581237405538559e-03 1.724496483802795410e-02 1.388184912502765656e-02 1.724219508469104767e-02 5.585116893053054810e-02 2.949503809213638306e-02 5.661151837557554245e-03 2.590441610664129257e-03 7.191592827439308167e-03 4.698277916759252548e-03 1.947950944304466248e-02 1.072382275015115738e-02 4.194603767246007919e-03 6.269591394811868668e-03 5.837273783981800079e-04 1.838035648688673973e-03 2.841577865183353424e-02 1.265586819499731064e-02 8.060234598815441132e-03 1.403303630650043488e-02 2.680712379515171051e-02 2.346388250589370728e-02 4.317736253142356873e-03 3.999534237664192915e-04 1.287368964403867722e-02 2.170952968299388885e-02 5.231561604887247086e-03 1.332324463874101639e-02 8.561911061406135559e-03 1.502996217459440231e-02 2.950117923319339752e-03 1.092246919870376587e-02 1.587933948030695319e-04 4.431160166859626770e-03 4.633848555386066437e-03 8.776674978435039520e-03 6.893272045999765396e-03 2.684621431399136782e-04 8.427542634308338165e-03 9.186422452330589294e-03 1.684633269906044006e-02 9.242165833711624146e-03 4.164974670857191086e-03 8.642397820949554443e-03 2.412201277911663055e-02 3.044032678008079529e-02 2.061286382377147675e-02 4.086932167410850525e-03 1.431416068226099014e-02 8.761150762438774109e-03 1.128462608903646469e-02 1.472849491983652115e-02 4.568637348711490631e-03 1.742593827657401562e-03 1.015379186719655991e-02 2.308136969804763794e-02 8.103144355118274689e-03 7.078734226524829865e-03 1.028620731085538864e-02 1.369580160826444626e-02 9.857933968305587769e-03 9.392898529767990112e-03 1.245272625237703323e-02 1.357079367153346539e-03 5.528740584850311279e-03 2.535488747525960207e-04 5.891028791666030884e-03 1.089218724519014359e-02 2.396946214139461517e-02 1.306447759270668030e-02 1.730991154909133911e-02 1.087387371808290482e-02 1.194658037275075912e-02 4.024955444037914276e-03
8.253899216651916504e-02 8.322602510452270508e-01 2.076066331937909126e-03 1.120028644800186157e-02 1.165359932929277420e-02 3.808335959911346436e-02 5.496251583099365234e-02 4.345338791608810425e-03 1.269122585654258728e-02 2.354522980749607086e-02 5.343568325042724609e-02 1.556932926177978516e-02 7.961044460535049438e-02 1.616879925131797791e-02 1.962845772504806519e-02 1.721731014549732208e-02 2.008253149688243866e-02 2.613815944641828537e-03 6.692471448332071304e-03 2.884724736213684082e-02 2.302038297057151794e-02 3.984707593917846680e-02 2.953615225851535797e-02 2.551439404487609863e-02 1.550009008496999741e-02 9.969293139874935150e-03 1.789591088891029358e-02 1.376106869429349899e-02 1.838915795087814331e-02 1.945511251688003540e-02 1.456624921411275864e-02 4.979534074664115906e-03 1.179089676588773727e-02 5.838596727699041367e-03 2.018861472606658936e-02 1.591642387211322784e-02 4.956915974617004395e-03 3.142319247126579285e-02 2.420050324872136116e-03 1.389649347402155399e-03 3.283013647887855768e-04 2.165472134947776794e-03 7.005389314144849777e-03 1.327822450548410416e-02 1.289352960884571075e-02 1.276114676147699356e-02 2.163570933043956757e-02 4.309000447392463684e-02 1.342215691693127155e-03 8.157257921993732452e-03 1.411116030067205429e-02 9.639770723879337311e-03 2.571089752018451691e-02 1.325850002467632294e-02 2.366211265325546265e-03 4.109718138352036476e-04 1.413171179592609406e-02 6.725858431309461594e-03 2.028237283229827881e-02 2.159970439970493317e-02 3.260710742324590683e-03 2.644701395183801651e-03 1.871117390692234039e-02 2.156578935682773590e-02 1.980358269065618515e-03 2.213118411600589752e-02 1.625028252601623535e-02 2.084294520318508148e-02 1.549062505364418030e-02 8.384237065911293030e-03 1.841908693313598633e-02 6.089949980378150940e-03 5.912881344556808472e-03 7.251452654600143433e-03 4.515012260526418686e-03 3.022954333573579788e-03 1.310204155743122101e-02 1.577799767255783081e-02 9.928551502525806427e-03 1.622362621128559113e-02 1.149841025471687317e-02 9.773747064173221588e-03 1.846354827284812927e-02 4.013019148260354996e-03 9.878771379590034485e-03 1.128197554498910904e-02 9.740755194798111916e-04 4.159488156437873840e-02 6.297527346760034561e-03 1.526102889329195023e-02 7.404501084238290787e-03 9.333686903119087219e-03 8.280775509774684906e-03 2.975766174495220184e-02 9.009013883769512177e-03 3.433477366343140602e-03 1.407236442901194096e-03 2.578818798065185547e-02 5.268834531307220459e-03 1.383081660605967045e-03 5.999839864671230316e-03 9.667960926890373230e-03 1.630093157291412354e-02 4.380221944302320480e-03 1.797257922589778900e-02 1.191230956465005875e-03 1.221637148410081863e-02 5.838180659338831902e-04 1.404120819643139839e-03 3.662686329334974289e-03 2.585544995963573456e-02 1.596933044493198395e-02 7.460205350071191788e-03 8.412027731537818909e-03 4.340626765042543411e-04 5.692232516594231129e-04
1.790159381926059723e-02 2.076066331937909126e-03 8.322602510452270508e-01 1.643980108201503754e-02 1.980317570269107819e-02 5.091196391731500626e-03 5.830338224768638611e-03 6.578082591295242310e-02 1.424667239189147949e-02 3.189251758158206940e-03 3.042399883270263672e-02 9.060166776180267334e-03 3.897263202816247940e-03 2.575944876298308372e-03 2.640018612146377563e-02 2.034436538815498352e-02 7.863342761993408203e-03 3.671753918752074242e-03 3.943236952181905508e-04 1.419360656291246414e-02 2.452342398464679718e-02 2.358864247798919678e-02 1.968709193170070648e-02 7.747705094516277313e-03 7.367724087089300156e-03 1.573942042887210846e-02 2.184303663671016693e-02 3.135696053504943848e-02 5.750612821429967880e-03 7.545759901404380798e-03 4.004886839538812637e-03 1.928388699889183044e-02 5.304192192852497101e-03 2.194063365459442139e-02 2.177814021706581116e-02 2.854834869503974915e-02 9.616883471608161926e-03 1.817185431718826294e-03 1.549564022570848465e-02 2.784068696200847626e-03 3.624633885920047760e-03 6.925286725163459778e-03 5.024103913456201553e-03 3.306281566619873047e-02 6.854090373963117599e-03 1.351099554449319839e-02 2.694965712726116180e-02 8.501839474774897099e-04 8.630921132862567902e-03 2.041103085502982140e-03 2.059696428477764130e-02 4.492434673011302948e-03 1.778543181717395782e-02 9.199179708957672119e-03 2.096655592322349548e-02 4.888484720140695572e-03 4.336636513471603394e-03 4.905025474727153778e-03 2.194977924227714539e-02 1.961813075467944145e-03 1.223009545356035233e-02 8.785088546574115753e-03 4.956073127686977386e-03 1.876780006568878889e-04 2.125244215130805969e-02 2.865528222173452377e-03 2.130545116961002350e-02 1.415709778666496277e-02 1.107931323349475861e-02 1.697150873951613903e-03 3.122756956145167351e-03 8.361522923223674297e-04 1.691760611720383167e-03 7.044484373182058334e-03 1.403546798974275589e-02 5.187885835766792297e-03 2.457993477582931519e-02 9.607356972992420197e-03 3.501181956380605698e-03 5.719621200114488602e-03 4.629872366786003113e-02 4.699743911623954773e-02 5.251068156212568283e-03 2.244724892079830170e-03 6.363944616168737411e-03 1.959087094292044640e-03 1.660792529582977295e-02 1.184766273945569992e-02 2.782207168638706207e-02 5.126968026161193848e-03 1.837489008903503418e-02 6.919479463249444962e-03 1.967856427654623985e-03 1.750325434841215611e-03 5.408798344433307648e-03 4.121971782296895981e-03 3.191921394318342209e-03 2.918017655611038208e-02 8.755217306315898895e-03 4.444494377821683884e-03 8.691906929016113281e-03 1.550295483320951462e-02 7.889242842793464661e-03 1.051347143948078156e-02 1.569736376404762268e-02 2.110692299902439117e-02 4.884998779743909836e-03 3.389821620658040047e-03 1.344123948365449905e-02 6.097920704632997513e-03 1.513978652656078339e-02 4.908543545752763748e-03 8.270461112260818481e-03 2.087977016344666481e-03 5.291990470141172409e-03 1.155557669699192047e-02
1.258996315300464630e-02 1.120028644800186157e-02 1.643980108201503754e-02 8.322602510452270508e-01 4.746164008975028992e-02 2.176322229206562042e-02 1.141772838309407234e-03 1.867711544036865234e-02 6.108911707997322083e-03 2.425459970254451036e-04 2.225404139608144760e-03 3.914998099207878113e-02 1.795215345919132233e-02 2.310511656105518341e-02 1.651722006499767303e-02 1.294275838881731033e-02 1.388847921043634415e-02 2.555821556597948074e-03 8.871470578014850616e-03 8.991705253720283508e-03 2.171920612454414368e-03 1.005034893751144409e-02 6.306796334683895111e-03 3.659663489088416100e-03 1.596948876976966858e-02 2.133247070014476776e-02 9.721299633383750916e-03 1.699953898787498474e-02 6.986746098846197128e-03 2.438314631581306458e-02 1.014097710140049458e-03 1.793266274034976959e-02 3.527154773473739624e-02 2.093562483787536621e-02 1.732029393315315247e-02 7.351398933678865433e-03 4.449769854545593262e-03 2.096362225711345673e-02 5.037354305386543274e-02 4.423710331320762634e-02 2.135319076478481293e-02 9.539341554045677185e-03 2.388152061030268669e-03 6.443010643124580383e-04 1.903961040079593658e-02 1.227570138871669769e-02 5.566961131989955902e-03 7.063916418701410294e-03 1.558609958738088608e-02 1.691259630024433136e-02 4.083107050973922014e-04 2.049144590273499489e-03 3.994816541671752930e-02 4.607384279370307922e-02 1.375375501811504364e-02 8.480925112962722778e-03 2.729208953678607941e-02 2.191524207592010498e-02 3.573571145534515381e-02 3.469743952155113220e-02 2.961637265980243683e-02 2.974411286413669586e-02 3.782948106527328491e-02 4.248296469449996948e-02 1.374125201255083084e-02 7.005166262388229370e-04 5.824380088597536087e-03 1.019785180687904358e-02 2.500208094716072083e-02 7.993169128894805908e-03 2.630530484020709991e-02 2.812420390546321869e-02 6.173225492238998413e-02 1.468672882765531540e-02 4.505907371640205383e-02 2.728196978569030762e-02 1.059753447771072388e-02 1.136108394712209702e-02 2.729007415473461151e-02 1.325119659304618835e-02 1.420470606535673141e-02 3.138211090117692947e-03 8.427505963481962681e-05 4.959843587130308151e-03 1.893278770148754120e-02 1.343477703630924225e-02 1.012867223471403122e-02 9.668272919952869415e-03 1.998571678996086121e-02 4.016386345028877258e-02 4.343870561569929123e-03 6.590334814973175526e-04 6.255351938307285309e-03 1.147971581667661667e-02 1.869377680122852325e-02 4.549510311335325241e-03 2.940083295106887817e-02 2.322707511484622955e-02 4.456075839698314667e-03 8.925140835344791412e-03 6.122102495282888412e-03 7.447260897606611252e-03 2.425463311374187469e-02 2.098291181027889252e-02 7.162379100918769836e-03 1.065368205308914185e-02 2.085879445075988770e-02 1.612387411296367645e-02 1.402338966727256775e-02 1.189135387539863586e-02 1.626904122531414032e-02 2.153442241251468658e-02 1.374269835650920868e-03 4.759647417813539505e-03 6.026617716997861862e-03 1.283788215368986130e-02
1.234420668333768845e-02 1.165359932929277420e-02 1.980317570269107819e-02 4.746164008975028992e-02 8.322602510452270508e-01 1.553582772612571716e-02 1.012821309268474579e-02 2.527582645416259766e-02 1.421358622610569000e-02 1.844477094709873199e-02 2.290711970999836922e-03 1.023514560074545443e-04 1.642590574920177460e-02 1.792699843645095825e-02 1.737927459180355072e-02 1.664936728775501251e-02 1.544649433344602585e-02 2.054558321833610535e-02 3.945177048444747925e-02 1.135428249835968018e-02 8.547384291887283325e-03 1.122793648391962051e-02 1.939500495791435242e-02 1.931724697351455688e-02 5.154714919626712799e-03 2.247950993478298187e-03 8.552645333111286163e-03 9.744471870362758636e-03 4.429311025887727737e-03 2.205249667167663574e-02 2.398251090198755264e-03 7.082898169755935669e-03 1.159506198018789291e-02 2.061118604615330696e-03 1.049449900165200233e-03 1.897269114851951599e-02 5.444341804832220078e-03 1.003877632319927216e-02 2.067915536463260651e-02 3.870289400219917297e-02 2.170155197381973267e-02 5.484184715896844864e-03 2.373338676989078522e-03 2.983355196192860603e-03 1.040465384721755981e-02 1.343071274459362030e-02 7.303575519472360611e-03 8.141826838254928589e-03 1.623298600316047668e-02 8.445012383162975311e-03 1.094301883131265640e-02 2.611065469682216644e-02 2.714771032333374023e-02 4.013536870479583740e-02 1.111897733062505722e-02 2.229002304375171661e-02 4.564800765365362167e-03 1.869355142116546631e-02 3.592725843191146851e-02 5.329368636012077332e-02 7.883772253990173340e-03 2.580915950238704681e-02 2.439459413290023804e-02 1.946832239627838135e-02 8.519884431734681129e-04 7.160995155572891235e-03 8.147112093865871429e-03 7.776266429573297501e-03 8.276891894638538361e-04 1.062227226793766022e-02 2.413629926741123199e-02 2.694772928953170776e-02 4.062232375144958496e-02 8.824906311929225922e-03 6.689991056919097900e-02 1.546430028975009918e-02 1.479916973039507866e-03 3.497813642024993896e-02 1.078417059034109116e-02 2.363921888172626495e-02 6.048360955901443958e-04 1.072512008249759674e-03 2.764422446489334106e-02 4.916653409600257874e-02 3.320300718769431114e-03 1.271073613315820694e-02 1.284075435250997543e-03 1.989051513373851776e-02 4.905636887997388840e-03 3.789856284856796265e-02 4.985983483493328094e-03 4.226247780025005341e-03 2.627502661198377609e-03 1.809146255254745483e-02 3.009415604174137115e-02 9.812573902308940887e-03 1.176155265420675278e-02 4.458161070942878723e-03 5.835304968059062958e-03 1.647367957048118114e-03 1.190429273992776871e-02 9.727275930345058441e-03 7.138924207538366318e-03 1.235468313097953796e-02 1.699206419289112091e-02 2.662299014627933502e-02 3.886643797159194946e-02 1.450540404766798019e-02 4.727774299681186676e-03 1.453667227178812027e-02 6.276470143347978592e-03 1.910662837326526642e-02 5.277589894831180573e-03 2.338868565857410431e-03 5.751190241426229477e-03 2.247427776455879211e-02
5.244056880474090576e-02 3.808335959911346436e-02 5.091196391731500626e-03 2.176322229206562042e-02 1.553582772612571716e-02 8.322602510452270508e-01 6.810646504163742065e-02 7.487131282687187195e-03 1.390316709876060486e-02 9.393274784088134766e-03 2.237475849688053131e-02 1.157879736274480820e-02 1.726568117737770081e-02 1.390076614916324615e-02 2.636222913861274719e-02 2.145418897271156311e-02 1.727123931050300598e-02 4.298259038478136063e-03 1.954501261934638023e-03 1.888424344360828400e-02 1.668335311114788055e-02 1.177741307765245438e-02 1.185423415154218674e-02 1.764773577451705933e-02 2.445328794419765472e-02 2.730770967900753021e-02 4.224136471748352051e-03 2.528280392289161682e-02 2.947180904448032379e-02 1.830037496984004974e-02 2.257384918630123138e-02 3.335856134071946144e-03 3.479360416531562805e-02 5.971839185804128647e-03 3.208920359611511230e-02 1.947772875428199768e-02 1.972215436398983002e-02 2.175299637019634247e-02 2.646864578127861023e-02 7.190277799963951111e-03 1.781559921801090240e-02 1.613754034042358398e-02 1.842948375269770622e-03 1.754958368837833405e-02 2.455625683069229126e-02 2.419170364737510681e-02 4.077544808387756348e-02 1.651762239634990692e-02 1.186281628906726837e-02 2.175829745829105377e-02 3.375425003468990326e-03 9.354633279144763947e-03 2.108996734023094177e-02 8.777119219303131104e-03 2.693583257496356964e-02 1.707599312067031860e-02 3.428863710723817348e-04 7.419643807224929333e-04 2.138759940862655640e-02 4.739619791507720947e-03 3.053620690479874611e-03 5.237773875705897808e-04 3.307152166962623596e-02 2.646555751562118530e-02 2.404825575649738312e-02 3.346644714474678040e-02 1.479087769985198975e-02 2.030618488788604736e-02 6.697643082588911057e-03 2.139822021126747131e-02 1.182226114906370640e-03 3.086095675826072693e-02 2.275984548032283783e-02 1.738373376429080963e-02 2.011501602828502655e-02 1.398542337119579315e-02 9.436882100999355316e-03 5.363323143683373928e-04 3.874819492921233177e-03 1.501485123299062252e-03 2.219280926510691643e-03 2.813837025314569473e-03 1.156249921768903732e-02 8.130861446261405945e-03 3.284840378910303116e-03 1.070563402026891708e-02 6.755210459232330322e-03 1.325562316924333572e-02 1.863294653594493866e-02 3.417917992919683456e-03 2.319928072392940521e-02 1.479396224021911621e-02 3.317580372095108032e-02 1.191203482449054718e-02 6.497198715806007385e-03 2.937859855592250824e-03 6.667661946266889572e-03 8.137713186442852020e-03 3.859114600345492363e-03 7.619543001055717468e-03 6.769286468625068665e-03 1.179181225597858429e-02 1.036069728434085846e-02 1.600006967782974243e-02 2.763392589986324310e-02 1.282495562918484211e-03 4.927623085677623749e-03 1.612462662160396576e-02 1.384144161420408636e-05 1.224325597286224365e-02 4.269312322139739990e-02 3.827026858925819397e-02 1.355727016925811768e-02 7.177804131060838699e-03 2.663774415850639343e-02 3.502366319298744202e-02
4.845387116074562073e-02 5.496251583099365234e-02 5.830338224768638611e-03 1.141772838309407234e-03 1.012821309268474579e-02 6.810646504163742065e-02 8.322602510452270508e-01 2.440447919070720673e-03 1.485556457191705704e-02 1.021847967058420181e-02 1.593139022588729858e-02 1.139151211827993393e-02 2.949054911732673645e-02 1.968227140605449677e-02 1.750415936112403870e-02 9.918631054461002350e-03 8.120771497488021851e-03 1.366505050100386143e-03 1.360540278255939484e-03 3.394002094864845276e-02 3.352665528655052185e-02 9.101185947656631470e-03 3.593928879126906395e-03 1.816061139106750488e-02 2.419551461935043335e-02 2.259742841124534607e-02 2.057240530848503113e-02 2.632614225149154663e-02 2.078455686569213867e-02 1.203796826303005219e-02 2.619526640046387911e-04 1.458577252924442291e-02 2.487765811383724213e-02 1.788688078522682190e-02 3.132189437747001648e-02 1.158224325627088547e-02 8.404444903135299683e-03 2.767136693000793457e-02 6.732831243425607681e-04 1.093374844640493393e-02 1.204310823231935501e-02 1.256240345537662506e-02 1.044643484055995941e-02 1.180560234934091568e-02 2.394213899970054626e-02 1.926829293370246887e-02 2.878157235682010651e-02 4.917590320110321045e-02 3.961349837481975555e-03 1.365918014198541641e-02 1.861183089204132557e-03 1.880426891148090363e-02 4.396622069180011749e-03 1.005962677299976349e-02 2.669090032577514648e-02 2.450083196163177490e-02 2.402367815375328064e-02 8.926566690206527710e-03 2.448349958285689354e-03 4.491792060434818268e-04 1.166627835482358932e-02 8.479360491037368774e-03 1.945785991847515106e-02 1.678524538874626160e-02 3.126193583011627197e-02 9.886313229799270630e-03 2.945536002516746521e-02 3.376471251249313354e-02 8.819009177386760712e-03 7.766914553940296173e-03 3.495783545076847076e-03 2.884569577872753143e-02 1.429844298399984837e-03 3.197491634637117386e-03 8.549598045647144318e-03 1.844389736652374268e-02 2.093490585684776306e-02 1.508621498942375183e-03 1.580638694576919079e-03 5.166415590792894363e-03 3.774104872718453407e-03 1.616442692466080189e-03 1.275577675551176071e-02 3.444789326749742031e-04 3.568047890439629555e-03 1.277204509824514389e-02 9.861777536571025848e-03 2.642446570098400116e-02 3.102150978520512581e-03 8.639288134872913361e-03 1.774967275559902191e-02 1.247222162783145905e-02 1.259456016123294830e-02 5.901770666241645813e-03 1.317534316331148148e-02 9.949264116585254669e-03 1.310116052627563477e-02 6.054462399333715439e-03 7.723641581833362579e-03 1.529947016388177872e-02 7.821168750524520874e-03 1.117919571697711945e-02 2.023097360506653786e-03 1.637607067823410034e-02 1.526800170540809631e-02 7.475885096937417984e-03 4.246561788022518158e-03 2.407934889197349548e-02 1.402129884809255600e-03 1.110915932804346085e-02 3.466987982392311096e-02 3.948637843132019043e-02 1.962654478847980499e-02 1.585712283849716187e-02 2.265093103051185608e-02 3.285054862499237061e-02
1.053673680871725082e-02 4.345338791608810425e-03 6.578082591295242310e-02 1.867711544036865234e-02 2.527582645416259766e-02 7.487131282687187195e-03 2.440447919070720673e-03 8.322602510452270508e-01 1.661809365032240748e-04 4.275061655789613724e-03 3.727222606539726257e-02 2.273990027606487274e-02 1.836346276104450226e-02 2.569159306585788727e-02 4.446322470903396606e-02 9.384945034980773926e-03 1.259404886513948441e-02 4.981619305908679962e-03 1.471560075879096985e-02 1.888857595622539520e-02 3.276852890849113464e-02 2.427853457629680634e-02 5.160927772521972656e-03 9.360481053590774536e-03 1.930334791541099548e-02 1.101365312933921814e-02 1.571161299943923950e-02 1.576169207692146301e-02 1.151243038475513458e-02 1.126814913004636765e-02 1.318453252315521240e-02 2.856312692165374756e-02 5.256307311356067657e-03 3.444709628820419312e-02 9.315546602010726929e-03 1.149522978812456131e-02 2.090152725577354431e-02 2.142950147390365601e-02 1.787081174552440643e-02 9.864504449069499969e-03 3.024740703403949738e-02 1.410998665960505605e-04 9.153816848993301392e-03 1.064638420939445496e-02 9.616443887352943420e-03 1.561755593866109848e-02 3.080209717154502869e-02 9.165060706436634064e-03 1.332054287195205688e-02 2.333552949130535126e-02 1.385983359068632126e-02 8.387913927435874939e-03 9.725638665258884430e-03 9.723365306854248047e-03 8.677948266267776489e-03 9.268186055123806000e-03 1.540761324577033520e-03 1.474017626605927944e-03 2.112141251564025879e-02 1.196287106722593307e-02 1.885620318353176117e-02 2.207400836050510406e-02 7.341316435486078262e-03 3.287224099040031433e-03 2.086372673511505127e-02 4.412339534610509872e-03 2.729111909866333008e-02 3.014727681875228882e-02 1.005894225090742111e-02 2.586680091917514801e-02 5.600409582257270813e-03 5.289467051625251770e-03 2.264016121625900269e-02 1.496783737093210220e-02 3.487176820635795593e-02 1.151329372078180313e-02 7.432217244058847427e-03 6.428848020732402802e-03 1.223415881395339966e-02 4.541689122561365366e-04 5.893206223845481873e-02 5.854902416467666626e-02 2.614847198128700256e-02 8.468921878375113010e-04 7.510249968618154526e-03 1.904479786753654480e-02 4.596108198165893555e-02 2.330524288117885590e-02 6.310237105935811996e-03 5.801891442388296127e-03 3.471604734659194946e-02 3.494922816753387451e-02 1.417602226138114929e-02 1.513790246099233627e-02 1.283624768257141113e-02 4.097435623407363892e-03 1.615798100829124451e-02 5.770575255155563354e-03 1.096811611205339432e-02 2.001536451280117035e-02 7.500841747969388962e-03 1.659149862825870514e-02 2.970640920102596283e-02 1.214396115392446518e-02 7.771455682814121246e-03 1.848745718598365784e-02 1.604841818334534764e-04 8.549205958843231201e-03 9.549496695399284363e-03 4.116800613701343536e-03 1.591551862657070160e-02 2.206288510933518410e-03 5.350186955183744431e-03 1.515739597380161285e-03 3.119040047749876976e-03 3.361678682267665863e-03
2.323328983038663864e-03 1.269122585654258728e-02 1.424667239189147949e-02 6.108911707997322083e-03 1.421358622610569000e-02 1.390316709876060486e-02 1.485556457191705704e-02 1.661809365032240748e-04 8.322602510452270508e-01 3.963417932391166687e-02 6.344497669488191605e-03 3.618802502751350403e-02 1.695458428002893925e-03 1.604478061199188232e-02 1.134393550455570221e-02 1.476693782024085522e-03 4.029673989862203598e-03 4.214388132095336914e-02 1.889868266880512238e-02 2.818361483514308929e-02 7.893181405961513519e-03 5.355086177587509155e-03 2.801335230469703674e-02 3.632811829447746277e-03 2.029988449066877365e-03 1.462500356137752533e-02 1.223242748528718948e-02 8.062831126153469086e-03 6.799043156206607819e-03 2.371886558830738068e-02 1.183409895747900009e-02 4.339682403951883316e-03 9.677785448729991913e-03 3.629982238635420799e-03 1.370442938059568405e-02 2.678159810602664948e-02 1.526318676769733429e-02 2.659770473837852478e-02 3.022082673851400614e-04 1.308332011103630066e-02 5.155046936124563217e-03 3.179519250988960266e-02 1.080216933041810989e-02 4.651396535336971283e-03 3.023968823254108429e-02 1.231545116752386093e-02 5.825169850140810013e-03 4.212788306176662445e-03 4.266152158379554749e-02 1.918667368590831757e-02 1.447710394859313965e-02 6.209791637957096100e-03 2.133325114846229553e-02 1.937026530504226685e-02 5.147170275449752808e-02 1.893962733447551727e-02 4.128784313797950745e-02 2.725556492805480957e-02 2.206517150625586510e-03 1.499409042298793793e-02 2.069253660738468170e-02 8.056714199483394623e-03 1.526087708771228790e-02 5.198132246732711792e-03 1.767339184880256653e-02 1.319566182792186737e-02 2.228469401597976685e-02 1.681268960237503052e-02 4.749109596014022827e-02 2.542613074183464050e-02 2.365053072571754456e-02 3.634152188897132874e-02 6.616396829485893250e-03 2.042973227798938751e-02 1.321497187018394470e-02 2.790872566401958466e-02 6.875189393758773804e-02 2.452176436781883240e-02 4.176156967878341675e-02 2.468462847173213959e-02 1.651166821829974651e-03 9.401219896972179413e-03 3.418606519699096680e-02 2.162800356745719910e-02 2.497322112321853638e-02 1.318611856549978256e-02 3.666030475869774818e-03 7.353061810135841370e-04 5.046156421303749084e-02 2.311633713543415070e-02 1.060962211340665817e-02 1.024016179144382477e-02 1.248595677316188812e-02 1.954308338463306427e-02 3.635031357407569885e-02 2.072329632937908173e-02 1.350427279248833656e-03 8.439196273684501648e-03 1.924687810242176056e-02 3.144318703562021255e-03 1.458160765469074249e-02 1.071507390588521957e-02 6.375337019562721252e-03 1.016098354011774063e-02 1.849279925227165222e-02 1.801510527729988098e-02 1.860654167830944061e-02 1.855638995766639709e-02 2.987502701580524445e-02 1.785489916801452637e-02 6.379677914083003998e-03 2.944150380790233612e-02 2.310051582753658295e-03 4.165512975305318832e-03 1.430255942977964878e-03 3.169570118188858032e-02
1.090988423675298691e-02 2.354522980749607086e-02 3.189251758158206940e-03 2.425459970254451036e-04 1.844477094709873199e-02 9.393274784088134766e-03 1.021847967058420181e-02 4.275061655789613724e-03 3.963417932391166687e-02 8.322602510452270508e-01 4.480954725295305252e-03 9.246150031685829163e-03 1.503341016359627247e-03 1.500503066927194595e-02 6.065766792744398117e-03 1.306744385510683060e-02 2.606998756527900696e-02 3.432668000459671021e-02 5.252626538276672363e-02 8.702701888978481293e-03 2.532431622967123985e-03 7.853821851313114166e-03 4.132954776287078857e-02 3.409518301486968994e-02 4.694276954978704453e-03 1.040776725858449936e-02 1.061489712446928024e-02 4.633392207324504852e-03 7.997272536158561707e-03 9.969033300876617432e-03 6.346062757074832916e-03 7.734136655926704407e-03 3.202009480446577072e-03 1.430254522711038589e-02 7.404471281915903091e-03 4.537559871096163988e-04 2.173067815601825714e-02 2.698533609509468079e-02 6.173084490001201630e-03 5.356048699468374252e-03 2.420609071850776672e-02 1.452694088220596313e-02 1.614958792924880981e-02 1.642715185880661011e-02 9.658085182309150696e-03 2.072847262024879456e-02 8.311531506478786469e-03 5.174456164240837097e-03 2.435968257486820221e-02 4.378730803728103638e-02 2.283758483827114105e-02 2.500943839550018311e-02 2.028286084532737732e-02 1.399111468344926834e-03 1.377457752823829651e-02 2.766158990561962128e-02 2.733236551284790039e-02 3.219662606716156006e-02 2.700787445064634085e-05 1.342153549194335938e-02 9.430852718651294708e-03 1.995616964995861053e-02 5.981543101370334625e-03 1.640962995588779449e-02 2.066598832607269287e-02 1.981699280440807343e-02 3.554025199264287949e-03 5.307442508637905121e-03 4.005722329020500183e-02 3.450316563248634338e-02 4.954927414655685425e-02 1.682280190289020538e-02 8.105830289423465729e-03 3.769310563802719116e-02 8.817200548946857452e-03 1.123316399753093719e-02 3.617170453071594238e-02 5.879699066281318665e-02 2.290049754083156586e-02 5.459469929337501526e-02 1.945026963949203491e-02 2.480814419686794281e-02 1.185085531324148178e-02 4.786477237939834595e-02 2.475295774638652802e-02 3.964701294898986816e-02 1.603939197957515717e-02 1.078466512262821198e-02 1.972234435379505157e-02 4.769974946975708008e-02 1.127679832279682159e-02 2.046274580061435699e-02 1.729753799736499786e-02 1.045017410069704056e-02 1.797067560255527496e-02 2.124714106321334839e-02 1.843636669218540192e-02 2.179751638323068619e-03 1.327312178909778595e-02 2.126311697065830231e-02 8.030850440263748169e-03 1.712128520011901855e-02 2.072376012802124023e-02 1.758070476353168488e-02 6.739307194948196411e-03 1.437373342923820019e-03 1.339726429432630539e-02 1.944510638713836670e-02 1.909759268164634705e-02 2.407003752887248993e-02 2.653462067246437073e-02 2.212907373905181885e-02 4.573887679725885391e-03 8.881609886884689331e-03 1.123786438256502151e-02 1.257105823606252670e-02
7.877523452043533325e-02 5.343568325042724609e-02 3.042399883270263672e-02 2.225404139608144760e-03 2.290711970999836922e-03 2.237475849688053131e-02 1.593139022588729858e-02 3.727222606539726257e-02 6.344497669488191605e-03 4.480954725295305252e-03 8.322602510452270508e-01 2.383414283394813538e-02 6.715320050716400146e-02 2.962462231516838074e-02 3.958705067634582520e-02 6.084734573960304260e-03 5.158290266990661621e-03 1.478821318596601486e-02 1.877919584512710571e-02 1.336058136075735092e-02 1.633905619382858276e-02 4.876924306154251099e-02 5.829066969454288483e-03 6.432764232158660889e-03 1.797163300216197968e-02 9.457219392061233521e-03 4.368546605110168457e-02 8.845325559377670288e-03 9.016043506562709808e-03 1.556349918246269226e-02 3.249805048108100891e-02 1.814762502908706665e-02 1.376728434115648270e-02 2.302867546677589417e-02 1.786162890493869781e-02 2.821934968233108521e-02 1.932444237172603607e-02 1.022491417825222015e-02 1.787294819951057434e-02 1.135785481892526150e-03 7.186297792941331863e-03 2.501528710126876831e-03 3.080817172303795815e-03 1.556386519223451614e-02 1.618258841335773468e-02 1.948114670813083649e-02 5.812017619609832764e-02 2.213537693023681641e-02 1.248450204730033875e-02 1.011410821229219437e-02 1.158982049673795700e-03 1.083011925220489502e-02 9.866670705378055573e-03 2.207465469837188721e-03 1.259344629943370819e-02 1.741926185786724091e-02 6.124281790107488632e-03 1.361006638035178185e-03 1.797340251505374908e-02 8.464599028229713440e-03 1.705732755362987518e-02 2.393469400703907013e-02 2.510762214660644531e-02 2.210975252091884613e-02 2.909922040998935699e-02 5.100521259009838104e-03 7.326446473598480225e-03 1.612254418432712555e-02 5.350020248442888260e-03 3.726200433447957039e-03 2.449981169775128365e-03 6.880093365907669067e-03 1.322463341057300568e-02 1.671736245043575764e-03 2.012156322598457336e-02 8.716016076505184174e-03 2.280024345964193344e-03 4.442606586962938309e-03 1.100541930645704269e-02 7.526306901127099991e-03 3.193161264061927795e-02 2.569363452494144440e-02 3.894236870110034943e-03 1.304449792951345444e-02 3.724281908944249153e-03 1.765260845422744751e-02 5.113518610596656799e-02 2.497879043221473694e-02 1.817996054887771606e-02 3.531316993758082390e-03 3.948167338967323303e-02 3.084908612072467804e-02 3.439453939790837467e-05 1.242407783865928650e-02 8.264659903943538666e-03 1.013877708464860916e-02 1.107728225179016590e-03 1.775671355426311493e-02 1.123592164367437363e-02 8.765982463955879211e-03 4.364208318293094635e-03 1.312359329313039780e-02 6.601846311241388321e-03 1.349508203566074371e-02 9.575657546520233154e-03 6.241682451218366623e-03 4.792798310518264771e-03 4.075815901160240173e-03 4.022379405796527863e-03 6.694178096950054169e-03 9.714674204587936401e-03 5.344419041648507118e-04 9.141304530203342438e-03 2.693382790312170982e-03 1.496127620339393616e-02 2.128305658698081970e-02
1.607456803321838379e-02 1.556932926177978516e-02 9.060166776180267334e-03 3.914998099207878113e-02 1.023514560074545443e-04 1.157879736274480820e-02 1.139151211827993393e-02 2.273990027606487274e-02 3.618802502751350403e-02 9.246150031685829163e-03 2.383414283394813538e-02 8.322602510452270508e-01 1.170572359114885330e-02 5.048607289791107178e-02 6.085891276597976685e-03 5.945250857621431351e-03 1.038736547343432903e-03 8.591406978666782379e-03 1.572339981794357300e-02 2.754805423319339752e-02 1.954832114279270172e-02 2.690749242901802063e-03 1.227712165564298630e-02 1.323830708861351013e-02 1.387497410178184509e-02 9.380859322845935822e-03 6.768708699382841587e-04 2.825800143182277679e-02 5.619916133582592010e-03 2.117374539375305176e-02 7.537460187450051308e-04 3.763468563556671143e-02 5.824076361022889614e-04 4.245859757065773010e-02 7.870164699852466583e-03 5.415439605712890625e-03 1.735752215608954430e-03 9.738283231854438782e-03 2.718477882444858551e-02 1.069720461964607239e-02 6.576199550181627274e-03 4.133424721658229828e-03 1.784187369048595428e-02 1.652869395911693573e-03 1.185492612421512604e-02 1.425625290721654892e-02 1.769361831247806549e-02 3.784212842583656311e-02 3.726262133568525314e-03 1.894876733422279358e-02 2.912216586992144585e-03 1.388038042932748795e-02 1.732109487056732178e-02 1.743227057158946991e-02 1.108091231435537338e-02 9.931214153766632080e-03 3.659930452704429626e-02 1.461755018681287766e-02 1.363231707364320755e-02 4.714051261544227600e-03 3.286112099885940552e-03 8.964885957539081573e-03 2.429507672786712646e-03 1.083899103105068207e-02 6.701287813484668732e-03 1.547956280410289764e-02 2.619757503271102905e-02 2.782305702567100525e-02 4.033900797367095947e-02 1.730244723148643970e-03 1.571972481906414032e-02 7.286402862519025803e-03 4.731816425919532776e-02 1.266162958927452564e-03 2.697462774813175201e-02 1.377802691422402859e-03 5.106906220316886902e-02 4.498964175581932068e-03 1.337232906371355057e-02 1.392915099859237671e-02 2.383395470678806305e-02 1.353780645877122879e-02 2.826749160885810852e-02 6.580431945621967316e-03 1.070753671228885651e-02 2.577924542129039764e-02 2.972126565873622894e-02 1.560073997825384140e-02 6.065181270241737366e-02 4.209615662693977356e-02 1.119311247020959854e-02 1.911706477403640747e-02 1.658727414906024933e-02 6.188491359353065491e-03 5.367279052734375000e-03 2.058066427707672119e-03 2.598587237298488617e-02 2.149166539311408997e-03 1.503393147140741348e-02 2.973031252622604370e-02 1.206433586776256561e-02 1.103333104401826859e-02 1.999284140765666962e-02 1.947532780468463898e-02 1.199273299425840378e-02 1.914465427398681641e-02 4.339118022471666336e-03 8.499153191223740578e-04 3.864449681714177132e-03 2.233548089861869812e-03 1.210621651262044907e-02 8.806579746305942535e-03 1.756697148084640503e-02 2.295342460274696350e-02 1.347363460808992386e-02 7.816189900040626526e-03
7.158647477626800537e-02 7.961044460535049438e-02 3.897263202816247940e-03 1.795215345919132233e-02 1.642590574920177460e-02 1.726568117737770081e-02 2.949054911732673645e-02 1.836346276104450226e-02 1.695458428002893925e-03 1.503341016359627247e-03 6.715320050716400146e-02 1.170572359114885330e-02 8.322602510452270508e-01 1.364358700811862946e-02 5.240993201732635498e-02 2.521119266748428345e-02 1.392588391900062561e-02 7.297772914171218872e-03 1.399910077452659607e-02 1.381109002977609634e-02 1.432773936539888382e-02 4.022283479571342468e-02 2.253741025924682617e-02 2.297901920974254608e-02 1.154488045722246170e-02 3.863392397761344910e-03 2.691692486405372620e-02 7.402454968541860580e-03 3.092509694397449493e-03 1.066077779978513718e-02 3.200027160346508026e-03 7.606407161802053452e-04 1.342303934507071972e-03 4.395917989313602448e-03 6.808501202613115311e-03 1.159613719210028648e-03 5.482113454490900040e-03 1.517522893846035004e-02 9.508560411632061005e-03 7.704192306846380234e-03 1.775680854916572571e-02 6.964297965168952942e-03 2.161881653591990471e-03 8.881670422852039337e-03 1.457378920167684555e-02 2.361525595188140869e-02 2.539961040019989014e-02 3.616318106651306152e-02 1.018646173179149628e-02 9.609630331397056580e-03 6.110796704888343811e-03 1.159340050071477890e-02 1.275938935577869415e-02 1.947426982223987579e-02 8.521643467247486115e-03 2.019137330353260040e-02 4.809958045370876789e-04 2.416520845144987106e-03 8.475687354803085327e-03 2.381990104913711548e-02 1.959870569407939911e-02 2.266381680965423584e-02 1.903384365141391754e-02 2.518417313694953918e-02 2.766353450715541840e-02 4.152746498584747314e-02 5.480647552758455276e-03 1.028912328183650970e-02 4.589595831930637360e-03 2.112130075693130493e-02 2.477846574038267136e-03 5.538936704397201538e-03 6.943027023226022720e-03 2.292227745056152344e-02 8.452103473246097565e-03 4.228372126817703247e-04 4.279161803424358368e-03 3.004183294251561165e-03 1.775905862450599670e-02 1.005803141742944717e-02 3.636230714619159698e-03 1.209649443626403809e-02 3.687900491058826447e-03 1.746496558189392090e-02 1.396124064922332764e-02 2.452631713822484016e-03 3.110611997544765472e-02 5.195717141032218933e-02 9.376336820423603058e-03 7.741387933492660522e-03 3.706888481974601746e-02 3.752983734011650085e-02 2.029375731945037842e-02 3.663427010178565979e-02 5.688656121492385864e-03 1.497028395533561707e-03 9.138000197708606720e-03 7.602152880281209946e-03 7.083391305059194565e-03 2.806061820592731237e-04 1.138329692184925079e-02 1.820005476474761963e-03 6.806460674852132797e-03 7.374272216111421585e-03 3.978214226663112640e-03 7.588639389723539352e-03 9.916678071022033691e-03 3.608653089031577110e-03 1.302230171859264374e-02 5.816268385387957096e-04 8.217718568630516529e-04 1.791386166587471962e-03 9.070457890629768372e-03 9.418715722858905792e-03 2.012526802718639374e-02 1.918139681220054626e-02
