8.334739208221435547e-01 6.871537119150161743e-02 6.103106425143778324e-04 6.557202432304620743e-04 1.728910580277442932e-02 5.453323200345039368e-02 4.563844576478004456e-02 6.156640127301216125e-03 7.316411007195711136e-03 2.001383155584335327e-02 6.409563869237899780e-02 2.485224045813083649e-02 6.905425339937210083e-02 2.355313487350940704e-02 5.069697275757789612e-02 9.588833898305892944e-03 1.221233699470758438e-02 2.698746277019381523e-03 1.385821774601936340e-02 1.999732665717601776e-02 3.307227161712944508e-04 3.505706042051315308e-02 3.267870750278234482e-03 4.682124592363834381e-03 3.592279739677906036e-03 7.986617274582386017e-03 1.035676151514053345e-02 3.889134898781776428e-02 1.506776642054319382e-02 4.443968459963798523e-02 1.557600311934947968e-02 1.553862821310758591e-02 1.027634926140308380e-02 1.080559752881526947e-02 3.280519694089889526e-02 7.023920770734548569e-04 5.687595810741186142e-03 2.192827314138412476e-02 9.530864190310239792e-04 1.635208353400230408e-02 2.666295878589153290e-02 9.278582409024238586e-03 1.216185092926025391e-02 2.739085815846920013e-02 1.559377298690378666e-03 8.558575063943862915e-03 4.509466886520385742e-02 3.093137964606285095e-02 1.084085460752248764e-02 8.901151828467845917e-03 7.127027492970228195e-03 1.259836554527282715e-02 4.562477115541696548e-03 5.349377170205116272e-03 2.301261387765407562e-02 5.980882328003644943e-03 1.605544053018093109e-02 9.419689886271953583e-03 3.918238449841737747e-03 1.505821011960506439e-02 2.114804647862911224e-02 5.579902324825525284e-03 8.877176791429519653e-03 3.356492891907691956e-02 2.052313648164272308e-02 1.892584934830665588e-02 1.112872920930385590e-02 9.623636491596698761e-03 2.283512614667415619e-02 9.083986282348632812e-03 5.955607164651155472e-03 6.217623595148324966e-03 3.225755318999290466e-02 2.836202736943960190e-03 1.931868121027946472e-02 3.840885183308273554e-04 1.091614365577697754e-02 4.728379659354686737e-03 9.569150395691394806e-03 1.794340275228023529e-02 6.416526739485561848e-04 2.834169752895832062e-02 1.827346044592559338e-03 3.757620602846145630e-02 1.640574075281620026e-02 2.797555364668369293e-02 1.980211026966571808e-02 2.918304502964019775e-02 2.314922958612442017e-02 3.358054891577921808e-05 4.729142040014266968e-02 2.818552032113075256e-02 2.464218810200691223e-02 8.659843355417251587e-03 9.236574987880885601e-04 1.178152114152908325e-02 9.700073860585689545e-03 2.994268434122204781e-03 9.613249450922012329e-03 4.484550561755895615e-03 2.319740131497383118e-03 1.287841890007257462e-02 1.223101280629634857e-02 6.821756833232939243e-04 3.978721331804990768e-03 1.324508593825157732e-05 1.634951680898666382e-03 2.591706346720457077e-03 2.081724628806114197e-02 8.106781169772148132e-03 5.563730839639902115e-03 2.459729555994272232e-03 5.460937041789293289e-03 6.779353134334087372e-03 5.222315900027751923e-03 1.339369453489780426e-02
6.871537119150161743e-02 8.334739208221435547e-01 1.564510911703109741e-02 1.235557533800601959e-02 7.983050309121608734e-03 4.565215483307838440e-02 4.198679327964782715e-02 5.035681184381246567e-03 1.285145618021488190e-02 7.425450719892978668e-03 5.397192388772964478e-02 2.843459881842136383e-02 6.287702918052673340e-02 3.625995293259620667e-02 4.437885433435440063e-02 5.450076889246702194e-03 2.379981242120265961e-02 3.739446401596069336e-03 7.563796360045671463e-03 2.541785687208175659e-02 1.125914044678211212e-02 3.972759097814559937e-02 5.266516003757715225e-03 8.503964170813560486e-03 1.635448448359966278e-02 5.700964946299791336e-03 2.905995026230812073e-02 1.660437323153018951e-02 2.401956170797348022e-02 3.568932786583900452e-02 2.359307743608951569e-02 1.936390437185764313e-02 6.636637263000011444e-03 2.297473326325416565e-02 1.640551909804344177e-02 2.722420031204819679e-03 8.306629024446010590e-03 1.775251142680644989e-02 1.037832628935575485e-02 2.846794668585062027e-03 2.493023127317428589e-02 1.618858240544795990e-02 5.558078177273273468e-03 2.101150713860988617e-02 1.903628185391426086e-02 1.077561452984809875e-02 4.445686563849449158e-02 3.354201838374137878e-02 3.677544184029102325e-03 3.582195146009325981e-03 3.063127631321549416e-03 1.193732209503650665e-02 1.279454212635755539e-02 1.129847578704357147e-02 1.367830019444227219e-02 1.064240373671054840e-02 9.725774638354778290e-03 7.564508356153964996e-03 6.017864216119050980e-03 4.965265281498432159e-03 1.747387088835239410e-02 1.987349009141325951e-03 1.064170524477958679e-02 1.739011518657207489e-02 8.304990828037261963e-03 1.096988935023546219e-02 1.450589392334222794e-02 1.674526557326316833e-02 2.577582187950611115e-02 4.469601903110742569e-03 1.102894358336925507e-02 9.872644208371639252e-03 1.944018900394439697e-02 3.729181771632283926e-04 1.156765874475240707e-02 9.972469881176948547e-03 2.586489543318748474e-02 9.607483632862567902e-03 5.830331239849328995e-03 1.478415727615356445e-02 7.546028937213122845e-04 2.014577947556972504e-02 5.997630651108920574e-04 2.609870582818984985e-02 7.225129753351211548e-03 1.459672860801219940e-02 1.021383795887231827e-02 3.225982189178466797e-02 1.727065630257129669e-02 4.152159672230482101e-03 5.205427855253219604e-02 2.213773131370544434e-02 3.671992197632789612e-02 1.251890417188405991e-02 1.404532883316278458e-02 1.742925308644771576e-02 1.585557311773300171e-02 1.052918843924999237e-03 1.087176613509654999e-02 3.048562444746494293e-03 1.151580363512039185e-02 1.323777716606855392e-02 2.380851469933986664e-02 1.086547877639532089e-02 1.018436998128890991e-02 2.022332884371280670e-02 1.513803657144308090e-02 5.719521548599004745e-03 1.428806781768798828e-02 9.012184105813503265e-03 9.194702841341495514e-03 7.395198568701744080e-03 2.879567211493849754e-03 4.619789775460958481e-03 2.498433366417884827e-02 4.443394485861063004e-03
6.103106425143778324e-04 1.564510911703109741e-02 8.334739208221435547e-01 1.493766251951456070e-02 1.715234480798244476e-02 1.199783943593502045e-02 1.809871569275856018e-02 4.756056889891624451e-02 1.929965987801551819e-02 4.001873545348644257e-03 1.916885189712047577e-02 2.664442919194698334e-02 9.518533013761043549e-03 2.648062258958816528e-02 1.826109737157821655e-02 1.464595273137092590e-02 1.525208004750311375e-03 2.062449418008327484e-02 7.154009072110056877e-04 2.281220443546772003e-02 6.456714123487472534e-03 2.318552695214748383e-02 2.562062256038188934e-02 1.704592257738113403e-02 1.677657291293144226e-02 1.636038161814212799e-02 1.357347890734672546e-02 1.736369449645280838e-03 1.933125779032707214e-02 1.876373658888041973e-03 3.625020384788513184e-03 2.595138736069202423e-02 2.047912916168570518e-03 2.438963018357753754e-02 1.439118944108486176e-02 8.038597181439399719e-03 1.983401738107204437e-02 2.117047458887100220e-02 4.702672827988862991e-03 9.479043073952198029e-03 3.171092271804809570e-02 6.681854836642742157e-03 1.299771480262279510e-02 5.069255828857421875e-02 7.569962181150913239e-03 4.001073073595762253e-03 5.192862357944250107e-03 9.883405640721321106e-03 5.052473861724138260e-03 5.199745297431945801e-03 1.747130788862705231e-02 2.282627858221530914e-03 4.624178633093833923e-03 2.995507232844829559e-02 2.697937190532684326e-02 9.588801302015781403e-03 2.179794572293758392e-02 2.360477484762668610e-02 2.297904342412948608e-02 5.246732383966445923e-03 1.529455650597810745e-02 1.448489911854267120e-02 1.020478084683418274e-02 1.124769821763038635e-02 2.285010553896427155e-02 1.752772554755210876e-02 2.363455295562744141e-02 4.062048159539699554e-03 2.391472691670060158e-03 1.571277342736721039e-02 4.317183920647948980e-04 5.756175611168146133e-03 1.328030135482549667e-02 1.417433936148881912e-02 1.431684195995330811e-02 1.538421027362346649e-02 2.175606787204742432e-02 1.771280728280544281e-02 3.915139473974704742e-03 1.388922985643148422e-02 5.548182129859924316e-02 4.317864775657653809e-02 1.997399702668190002e-02 4.592048644553869963e-04 2.530381083488464355e-02 1.793023757636547089e-02 3.229577466845512390e-02 2.137464657425880432e-02 1.811250671744346619e-02 7.418358232825994492e-03 5.513450130820274353e-03 2.734079770743846893e-02 7.017164956778287888e-03 1.742705702781677246e-02 3.712408617138862610e-02 2.022198960185050964e-02 2.022938057780265808e-02 2.384970150887966156e-02 1.940814219415187836e-02 2.987209148705005646e-02 8.481970056891441345e-03 8.613238111138343811e-03 1.552849635481834412e-02 1.997024565935134888e-02 3.703932976350188255e-03 1.122813299298286438e-02 2.557852678000926971e-02 1.064444240182638168e-02 1.160899642854928970e-02 1.929800584912300110e-02 3.817693516612052917e-02 2.875334955751895905e-02 7.723409682512283325e-03 3.157435683533549309e-03 1.385100185871124268e-02 1.076526287943124771e-02
6.557202432304620743e-04 1.235557533800601959e-02 1.493766251951456070e-02 8.334739208221435547e-01 9.134718030691146851e-02 1.764573156833648682e-02 2.286562882363796234e-02 3.716176841408014297e-03 1.435337215662002563e-02 3.333264589309692383e-02 6.789251696318387985e-03 7.342252880334854126e-03 5.354673601686954498e-03 1.861060224473476410e-02 1.083998102694749832e-02 8.948429604060947895e-04 1.235357299447059631e-02 2.361961826682090759e-02 7.100401911884546280e-03 1.094891224056482315e-02 5.979538545943796635e-04 1.378824119456112385e-03 1.673070155084133148e-02 3.759043524041771889e-03 3.889756044372916222e-03 7.126825861632823944e-03 1.705999858677387238e-02 6.730287801474332809e-03 1.006456837058067322e-02 3.263226710259914398e-03 2.080106176435947418e-03 2.000465989112854004e-02 1.630667410790920258e-02 1.014241948723793030e-02 1.451382227241992950e-02 1.432714238762855530e-02 1.188704185187816620e-02 1.786453463137149811e-02 2.090069651603698730e-02 2.142798714339733124e-02 4.447225015610456467e-03 1.879823044873774052e-03 1.180455647408962250e-02 2.229819772765040398e-03 8.584800176322460175e-03 1.776139624416828156e-02 1.408167090266942978e-02 9.365031495690345764e-03 3.955967258661985397e-03 2.865824475884437561e-02 1.829898171126842499e-02 8.948131464421749115e-03 2.180600725114345551e-02 2.745015919208526611e-02 2.445950405672192574e-03 8.718597702682018280e-03 2.203428559005260468e-02 8.389347232878208160e-03 6.887689698487520218e-03 1.824106834828853607e-02 2.737525384873151779e-03 5.627311766147613525e-03 2.327222377061843872e-02 4.904970992356538773e-03 1.249362435191869736e-02 1.132200658321380615e-02 8.750231936573982239e-04 3.173113102093338966e-03 1.611305959522724152e-02 1.038806978613138199e-02 1.345850154757499695e-02 8.332338184118270874e-03 5.865895375609397888e-02 2.732268720865249634e-02 6.444565951824188232e-02 3.138050064444541931e-02 1.084712147712707520e-02 1.133782439865171909e-03 1.114691607654094696e-02 2.530512213706970215e-02 1.302499789744615555e-03 3.935907967388629913e-03 4.593754932284355164e-02 3.823507577180862427e-03 1.740126125514507294e-02 1.496063359081745148e-02 4.220437724143266678e-03 8.975605014711618423e-04 3.243711590766906738e-02 1.794186793267726898e-02 1.727148774079978466e-04 8.040832355618476868e-03 2.289036521688103676e-03 2.867093309760093689e-03 2.503305114805698395e-02 9.409002959728240967e-03 1.293034944683313370e-02 2.265843003988265991e-02 4.718163982033729553e-03 5.848384462296962738e-03 2.190977334976196289e-03 3.150923177599906921e-02 4.412215203046798706e-03 8.300802670419216156e-03 2.784596942365169525e-02 2.954301610589027405e-02 4.513972438871860504e-03 4.338207095861434937e-02 6.051884498447179794e-03 1.600014232099056244e-02 3.806008258834481239e-03 1.231249514967203140e-02 1.335205510258674622e-03 4.461652599275112152e-03 2.539876475930213928e-02 1.044565718621015549e-02
1.728910580277442932e-02 7.983050309121608734e-03 1.715234480798244476e-02 9.134718030691146851e-02 8.334739208221435547e-01 8.095511235296726227e-03 8.586925454437732697e-03 7.265404332429170609e-03 1.338093355298042297e-02 1.119484286755323410e-02 5.023756995797157288e-03 1.413495466113090515e-02 2.075929008424282074e-02 1.064822729676961899e-02 6.988431559875607491e-04 1.224975474178791046e-02 2.707968465983867645e-02 3.722650557756423950e-02 5.156829487532377243e-03 4.558418411761522293e-03 1.048264279961585999e-02 1.304045878350734711e-02 2.393567562103271484e-02 1.375278737396001816e-02 1.034473534673452377e-02 6.418177508749067783e-04 1.486421562731266022e-03 1.077955681830644608e-02 2.309539541602134705e-02 1.637859828770160675e-02 1.583776250481605530e-02 3.079375810921192169e-02 7.433013990521430969e-03 1.491374801844358444e-02 2.014172822237014771e-02 6.638769060373306274e-03 1.369093731045722961e-02 2.097748965024948120e-02 5.615949165076017380e-03 2.669158577919006348e-02 2.185991592705249786e-02 1.003422657959163189e-03 1.611891575157642365e-02 9.886101906886324286e-05 5.708815995603799820e-03 6.238619331270456314e-03 4.639557562768459320e-03 1.237556524574756622e-02 8.354547433555126190e-03 3.325721947476267815e-03 7.251753937453031540e-03 1.408086530864238739e-02 7.537243422120809555e-03 1.358585804700851440e-02 1.542444061487913132e-02 1.740624755620956421e-02 6.474028807133436203e-03 1.349506992846727371e-02 5.079568363726139069e-03 8.105536922812461853e-03 4.611223936080932617e-03 1.325060706585645676e-02 2.894716151058673859e-02 1.212515123188495636e-02 1.561965793371200562e-02 2.559068240225315094e-02 1.477719843387603760e-02 1.127775479108095169e-02 9.161880239844322205e-03 8.977199904620647430e-03 1.948436349630355835e-02 4.963392857462167740e-03 4.300311952829360962e-02 1.809300668537616730e-02 6.240888684988021851e-02 1.215388067066669464e-02 5.324850324541330338e-03 1.864925026893615723e-02 2.156358398497104645e-02 5.481458269059658051e-03 1.318665035068988800e-02 1.596922427415847778e-02 4.428752139210700989e-02 2.253868989646434784e-02 2.239464665763080120e-04 9.017345495522022247e-03 4.186311736702919006e-03 1.774576678872108459e-02 1.453720871359109879e-02 5.755423335358500481e-04 1.721727475523948669e-02 1.040506991557776928e-03 2.075568772852420807e-02 1.689489930868148804e-03 1.977127976715564728e-02 1.327868737280368805e-02 5.761427804827690125e-03 8.084205910563468933e-03 4.174330970272421837e-04 1.404569949954748154e-03 6.824722979217767715e-03 2.493083290755748749e-02 1.504863961599767208e-03 1.702207513153553009e-02 1.866376027464866638e-02 2.484672516584396362e-02 2.516141161322593689e-03 2.762833423912525177e-02 7.312225177884101868e-03 2.727189846336841583e-02 4.299850668758153915e-03 4.955377895385026932e-03 8.544811978936195374e-03 1.149932481348514557e-02 4.998282063752412796e-03 3.261893987655639648e-03
5.453323200345039368e-02 4.565215483307838440e-02 1.199783943593502045e-02 1.764573156833648682e-02 8.095511235296726227e-03 8.334739208221435547e-01 6.922998279333114624e-02 9.300064295530319214e-03 8.046916685998439789e-03 3.047760983463376760e-04 5.072208121418952942e-02 4.045224934816360474e-02 4.734820872545242310e-02 4.166977852582931519e-02 4.482397064566612244e-02 7.069171406328678131e-03 9.400139562785625458e-03 9.687214158475399017e-03 2.204257296398282051e-03 2.182784676551818848e-02 4.510542843490839005e-03 3.189784660935401917e-02 1.416426058858633041e-02 1.639392413198947906e-02 4.103597602806985378e-04 8.136507123708724976e-03 2.900325693190097809e-02 4.357900843024253845e-02 1.728224568068981171e-02 5.016740411520004272e-02 2.712653577327728271e-02 7.674750871956348419e-03 8.381642401218414307e-03 2.499996684491634369e-03 2.111717313528060913e-02 1.194291934370994568e-02 8.517335169017314911e-03 2.289249561727046967e-02 7.794863078743219376e-03 9.281315840780735016e-03 1.561012864112854004e-02 1.085851807147264481e-02 2.585192956030368805e-02 2.076934464275836945e-02 5.184387788176536560e-03 8.409128058701753616e-04 6.380089372396469116e-02 3.479139506816864014e-02 1.048275735229253769e-02 3.997646272182464600e-03 3.365891519933938980e-03 1.657512784004211426e-02 1.437553856521844864e-02 1.870283274911344051e-03 6.286299321800470352e-03 4.292126744985580444e-03 1.483442820608615875e-02 6.026300601661205292e-03 8.472225628793239594e-03 1.153355278074741364e-02 1.455835811793804169e-02 1.445308327674865723e-03 1.423011161386966705e-02 2.236740849912166595e-02 2.441887743771076202e-02 3.482966497540473938e-02 9.889496490359306335e-03 8.793740533292293549e-03 5.792176350951194763e-03 8.243915624916553497e-03 2.909392118453979492e-02 1.008789613842964172e-02 3.827243810519576073e-03 1.082832459360361099e-02 1.496272906661033630e-02 5.035125650465488434e-03 1.821088953875005245e-03 1.388474926352500916e-02 1.210355479270219803e-02 3.415444632992148399e-03 2.895460929721593857e-03 4.095952957868576050e-03 2.440900728106498718e-02 2.737480215728282928e-02 1.284299511462450027e-02 1.146253291517496109e-02 2.128122001886367798e-02 4.010461270809173584e-02 1.915773004293441772e-02 5.215309094637632370e-03 5.011824145913124084e-02 2.873480319976806641e-02 2.066357061266899109e-02 3.199822828173637390e-02 1.838920637965202332e-02 4.112569149583578110e-03 1.907932921312749386e-03 3.473339136689901352e-03 5.913570057600736618e-03 1.896855421364307404e-03 2.162808086723089218e-03 1.578304171562194824e-02 1.304440479725599289e-02 1.773589849472045898e-02 1.606006058864295483e-03 6.725369021296501160e-03 4.097823053598403931e-03 9.534239768981933594e-03 2.351566776633262634e-02 7.556147873401641846e-03 5.336809437721967697e-03 6.561344023793935776e-03 6.153122056275606155e-03 4.189352504909038544e-03 1.586216315627098083e-02 1.643429324030876160e-02
4.563844576478004456e-02 4.198679327964782715e-02 1.809871569275856018e-02 2.286562882363796234e-02 8.586925454437732697e-03 6.922998279333114624e-02 8.334739208221435547e-01 8.687295019626617432e-03 9.307562373578548431e-03 2.863241126760840416e-03 4.754621908068656921e-02 3.273554146289825439e-02 4.401381313800811768e-02 3.985020145773887634e-02 3.324848785996437073e-02 6.848288234323263168e-03 1.174357347190380096e-02 1.848723925650119781e-02 4.972184542566537857e-03 2.087292261421680450e-02 6.845984142273664474e-03 3.816232085227966309e-02 1.579578779637813568e-02 1.505637634545564651e-02 4.481018986552953720e-04 1.164848729968070984e-02 4.146774485707283020e-02 3.920342028141021729e-02 2.333097532391548157e-02 4.328051209449768066e-02 3.364623337984085083e-02 4.946293309330940247e-03 8.424419793300330639e-04 3.501206403598189354e-03 1.795706897974014282e-02 1.129490043967962265e-02 3.342858748510479927e-03 2.794622071087360382e-02 8.225175552070140839e-03 1.258992776274681091e-02 2.124804444611072540e-02 1.807835325598716736e-02 2.896568551659584045e-02 1.832912676036357880e-02 1.201812177896499634e-02 1.520168129354715347e-02 5.641458183526992798e-02 4.657163470983505249e-02 1.289167907088994980e-02 9.087903425097465515e-03 1.367273367941379547e-02 3.063010424375534058e-02 1.469839736819267273e-02 7.182286586612462997e-03 4.893324803560972214e-03 1.111554447561502457e-03 1.179668959230184555e-02 5.595925729721784592e-03 4.247485194355249405e-03 7.317851763218641281e-03 1.292605884373188019e-02 7.401631679385900497e-03 2.863374073058366776e-03 1.612126268446445465e-02 2.488780580461025238e-02 3.546192124485969543e-02 6.015246734023094177e-03 1.177309453487396240e-02 7.722146110609173775e-04 1.208613440394401550e-02 3.102798014879226685e-02 1.172230020165443420e-02 1.717536128126084805e-03 1.126522384583950043e-02 2.333367243409156799e-02 3.833745606243610382e-03 1.243938808329403400e-03 1.001549698412418365e-02 9.393680840730667114e-03 2.676165022421628237e-04 6.914896890521049500e-03 4.964046180248260498e-03 2.681956253945827484e-02 2.210244536399841309e-02 1.306209061294794083e-02 9.552236297167837620e-04 2.118150703608989716e-02 3.681745007634162903e-02 8.729054592549800873e-03 5.586748011410236359e-03 4.470920190215110779e-02 3.623656928539276123e-02 2.784137055277824402e-02 3.774458169937133789e-02 1.906394958496093750e-02 1.504598651081323624e-02 6.482912693172693253e-03 2.213460160419344902e-03 1.151464134454727173e-02 9.664468467235565186e-03 2.488099504262208939e-03 1.459231227636337280e-02 2.156989648938179016e-02 2.639150619506835938e-02 3.930061124265193939e-03 3.536768257617950439e-03 8.193571120500564575e-03 2.814973937347531319e-03 1.926045119762420654e-02 8.555334992706775665e-03 1.238315645605325699e-02 4.844891373068094254e-03 1.799177005887031555e-02 2.066950686275959015e-02 1.535337138921022415e-02 1.033150032162666321e-02
6.156640127301216125e-03 5.035681184381246567e-03 4.756056889891624451e-02 3.716176841408014297e-03 7.265404332429170609e-03 9.300064295530319214e-03 8.687295019626617432e-03 8.334739208221435547e-01 4.109268542379140854e-03 1.600001566112041473e-02 8.688781410455703735e-03 1.710053160786628723e-02 4.369024187326431274e-03 1.043524220585823059e-02 2.981225401163101196e-02 6.871187128126621246e-03 8.845562115311622620e-03 8.298309519886970520e-03 7.899317890405654907e-03 2.365418337285518646e-02 2.473832666873931885e-02 2.937635779380798340e-02 4.770017694681882858e-03 3.395929001271724701e-03 2.512422017753124237e-02 1.322855986654758453e-02 8.813445456326007843e-03 7.020744960755109787e-03 8.954648859798908234e-03 1.113109989091753960e-03 9.667719714343547821e-03 2.867678925395011902e-02 1.820624805986881256e-02 2.925398387014865875e-02 1.453162077814340591e-02 2.624956332147121429e-02 1.178659591823816299e-02 1.314791571348905563e-02 2.655516937375068665e-02 1.312004681676626205e-02 1.106528099626302719e-02 6.876466330140829086e-03 2.274654619395732880e-02 1.985724829137325287e-02 2.377754310145974159e-03 3.685463219881057739e-03 5.615452537313103676e-04 1.156068313866853714e-02 2.773947268724441528e-02 1.012637862004339695e-03 5.781725980341434479e-03 6.430138368159532547e-03 1.367584615945816040e-02 4.588940646499395370e-03 6.545302458107471466e-03 1.234295079484581947e-03 1.512362342327833176e-02 1.230186317116022110e-03 2.203441970050334930e-02 1.270927023142576218e-02 1.452225539833307266e-02 1.060672476887702942e-02 5.280824378132820129e-03 1.005527749657630920e-02 2.589935436844825745e-02 1.055219769477844238e-02 2.933648787438869476e-02 3.161861374974250793e-02 7.602049037814140320e-03 7.018141332082450390e-04 9.848200716078281403e-03 1.929849502630531788e-03 1.345892320387065411e-03 6.630318239331245422e-03 1.106958277523517609e-02 1.744601409882307053e-03 1.445956714451313019e-02 5.114561878144741058e-03 1.912062428891658783e-02 5.562447011470794678e-03 5.103301256895065308e-02 4.903441667556762695e-02 1.662206277251243591e-02 4.960730206221342087e-03 2.765463478863239288e-02 1.384646631777286530e-02 4.413985088467597961e-02 3.292729705572128296e-02 3.051714785397052765e-02 1.019540056586265564e-02 6.559449713677167892e-03 2.473285235464572906e-02 4.600445739924907684e-03 2.658468857407569885e-02 5.000556353479623795e-03 1.439673732966184616e-02 3.335939254611730576e-03 1.692219078540802002e-02 1.701085828244686127e-02 1.416438445448875427e-02 1.313994824886322021e-02 9.337699972093105316e-03 1.839296892285346985e-02 1.702158711850643158e-02 2.449323423206806183e-02 4.029213450849056244e-03 6.637913640588521957e-03 2.139150910079479218e-02 2.472511678934097290e-02 3.891957021551206708e-05 1.829652674496173859e-02 2.502588927745819092e-02 1.108492817729711533e-02 2.102020755410194397e-02 1.810728386044502258e-02 1.247636321932077408e-02
7.316411007195711136e-03 1.285145618021488190e-02 1.929965987801551819e-02 1.435337215662002563e-02 1.338093355298042297e-02 8.046916685998439789e-03 9.307562373578548431e-03 4.109268542379140854e-03 8.334739208221435547e-01 2.602244354784488678e-02 6.304326001554727554e-03 2.357495576143264771e-02 1.857514958828687668e-03 2.763370238244533539e-02 1.306905969977378845e-02 1.922035403549671173e-02 5.486285313963890076e-03 1.179348211735486984e-02 1.160289254039525986e-02 5.174326710402965546e-03 1.977748982608318329e-02 8.329366333782672882e-03 2.288592047989368439e-02 1.942288316786289215e-02 3.852121881209313869e-04 2.707668812945485115e-03 1.639272272586822510e-02 2.848424762487411499e-02 1.026455033570528030e-02 8.648565970361232758e-03 8.880492299795150757e-03 2.539388136938214302e-03 1.412832643836736679e-02 8.803032338619232178e-03 1.994227059185504913e-02 1.693429797887802124e-02 9.664135053753852844e-03 9.652603417634963989e-03 1.794227026402950287e-02 2.254765667021274567e-02 8.661117404699325562e-03 3.571644052863121033e-02 1.515532284975051880e-02 1.321770064532756805e-02 2.741584740579128265e-02 1.445667468942701817e-03 6.427244748920202255e-03 2.244165912270545959e-02 2.520478703081607819e-02 2.535700798034667969e-03 1.649604365229606628e-02 1.603978872299194336e-02 3.140913089737296104e-03 2.727488055825233459e-02 2.251905947923660278e-02 9.846003726124763489e-03 4.522257018834352493e-03 2.451371774077415466e-02 5.052139516919851303e-03 7.205987349152565002e-03 1.699730195105075836e-02 1.184576656669378281e-02 1.215456798672676086e-02 5.996355786919593811e-03 1.303332019597291946e-02 1.145971380174160004e-02 5.795014440082013607e-04 9.287719614803791046e-03 1.380152255296707153e-02 2.743139676749706268e-02 1.886895671486854553e-02 3.617484867572784424e-02 5.167114548385143280e-03 3.342457488179206848e-02 1.252973638474941254e-02 4.333562031388282776e-02 5.814666673541069031e-02 4.934191331267356873e-02 1.695021614432334900e-02 6.146181374788284302e-03 3.214663127437233925e-03 8.756975643336772919e-03 1.052996012731455266e-04 7.002529222518205643e-03 2.998267859220504761e-02 3.756234049797058105e-02 6.734337192028760910e-03 1.192102767527103424e-02 1.102663576602935791e-02 2.300071902573108673e-02 7.600625976920127869e-04 5.285884253680706024e-03 1.283519342541694641e-02 1.332004321739077568e-03 1.972569711506366730e-02 5.660091526806354523e-03 3.335517272353172302e-02 2.186161838471889496e-02 2.440249361097812653e-02 3.563122823834419250e-02 1.781245879828929901e-02 4.163796547800302505e-03 1.962959580123424530e-02 2.133696526288986206e-02 2.375275641679763794e-02 3.011615760624408722e-02 3.785453736782073975e-02 9.969838894903659821e-03 6.022103130817413330e-03 3.213051008060574532e-03 2.998260036110877991e-02 2.649162337183952332e-02 2.426191233098506927e-02 2.367374952882528305e-03 7.230408024042844772e-03 3.200943768024444580e-02
2.001383155584335327e-02 7.425450719892978668e-03 4.001873545348644257e-03 3.333264589309692383e-02 1.119484286755323410e-02 3.047760983463376760e-04 2.863241126760840416e-03 1.600001566112041473e-02 2.602244354784488678e-02 8.334739208221435547e-01 7.967907004058361053e-03 6.530649494379758835e-03 1.182202808558940887e-02 1.205502077937126160e-02 1.703346893191337585e-02 2.208750881254673004e-02 1.264651212841272354e-02 3.960317932069301605e-03 5.704806745052337646e-02 1.158676296472549438e-02 2.223568409681320190e-02 2.363060368224978447e-03 2.019022125750780106e-03 8.524697273969650269e-03 2.276822179555892944e-02 8.523402735590934753e-03 1.015361864119768143e-02 3.688349854201078415e-03 6.563670001924037933e-03 7.974614389240741730e-03 1.326014846563339233e-02 1.244079321622848511e-02 1.774809882044792175e-02 1.176016405224800110e-02 1.058797724545001984e-02 4.940492566674947739e-03 1.165091153234243393e-02 5.347267724573612213e-03 3.712747991085052490e-02 2.938084490597248077e-02 4.679158329963684082e-03 3.263506805524230003e-03 1.081890333443880081e-02 8.157652802765369415e-03 6.101117935031652451e-03 2.949337102472782135e-02 3.621355630457401276e-03 4.500890150666236877e-03 4.623032733798027039e-02 4.689076542854309082e-02 1.040769182145595551e-02 9.463168680667877197e-03 3.779622912406921387e-02 2.791591733694076538e-02 4.571537300944328308e-02 2.179742418229579926e-02 2.437558025121688843e-02 1.488348934799432755e-02 1.491589751094579697e-02 1.384412217885255814e-02 2.138649579137563705e-03 2.104691416025161743e-02 9.890172630548477173e-03 2.181119984015822411e-03 1.960732787847518921e-02 6.844856310635805130e-03 1.472500432282686234e-02 1.907213963568210602e-02 2.282457612454891205e-02 1.089046802371740341e-02 1.396447699517011642e-02 1.350195088889449835e-04 3.706414997577667236e-02 9.886119514703750610e-03 1.156344451010227203e-02 9.900249540805816650e-03 6.744123995304107666e-03 4.527118057012557983e-02 2.603407949209213257e-03 5.549530312418937683e-02 2.112761326134204865e-02 1.496661826968193054e-02 2.493658848106861115e-02 4.822819307446479797e-02 1.904639974236488342e-02 2.113416790962219238e-02 3.023254871368408203e-02 8.646531961858272552e-03 2.990534156560897827e-02 5.592060461640357971e-02 2.534459112212061882e-03 8.125889115035533905e-03 3.505245083943009377e-03 2.464397344738245010e-03 3.007898293435573578e-02 9.439477580599486828e-04 9.387466125190258026e-03 9.866244159638881683e-03 8.825293742120265961e-03 2.091462956741452217e-03 3.929426148533821106e-02 1.675452920608222485e-03 6.687816232442855835e-03 6.257848348468542099e-03 3.794799372553825378e-02 2.789871394634246826e-02 3.759749978780746460e-02 2.463086880743503571e-02 2.629397995769977570e-02 5.778044927865266800e-03 1.697827503085136414e-02 8.508061990141868591e-03 5.414918530732393265e-03 1.701697008684277534e-03 1.226792763918638229e-02 9.557133540511131287e-03
6.409563869237899780e-02 5.397192388772964478e-02 1.916885189712047577e-02 6.789251696318387985e-03 5.023756995797157288e-03 5.072208121418952942e-02 4.754621908068656921e-02 8.688781410455703735e-03 6.304326001554727554e-03 7.967907004058361053e-03 8.334739208221435547e-01 2.286976948380470276e-02 6.729605048894882202e-02 2.558518387377262115e-02 5.626343935728073120e-02 6.382763385772705078e-03 9.874057956039905548e-03 7.057946640998125076e-04 8.645806228742003441e-04 1.879429072141647339e-02 8.594235405325889587e-04 3.811579942703247070e-02 7.869957014918327332e-03 8.757069008424878120e-04 1.999192405492067337e-03 1.159680914133787155e-02 1.757292635738849640e-02 3.304595500230789185e-02 1.325665507465600967e-02 4.040467739105224609e-02 2.289641089737415314e-02 7.572253700345754623e-03 1.786034740507602692e-02 2.610767493024468422e-03 3.349227085709571838e-02 6.938613485544919968e-03 1.066597830504179001e-02 1.990765891969203949e-02 3.621228272095322609e-03 1.117495447397232056e-02 2.709408476948738098e-02 7.746678311377763748e-03 8.407367393374443054e-03 2.889817580580711365e-02 1.146268681623041630e-03 4.898167215287685394e-03 4.326806589961051941e-02 3.187177702784538269e-02 5.657039117068052292e-03 4.900865722447633743e-03 1.515210140496492386e-02 2.565855532884597778e-02 3.950233804062008858e-04 8.718877215869724751e-04 8.783470839262008667e-03 3.283256432041525841e-03 2.079381048679351807e-02 1.750835403800010681e-02 5.742575041949748993e-03 1.972368732094764709e-02 3.657399863004684448e-02 1.294854748994112015e-02 1.279265992343425751e-02 4.037801176309585571e-02 2.942986972630023956e-02 3.290707617998123169e-02 7.020397111773490906e-03 6.702194921672344208e-03 1.296306680887937546e-02 1.770724356174468994e-02 1.163699384778738022e-02 1.699883257970213890e-03 2.264604158699512482e-02 1.297919778153300285e-03 9.687892161309719086e-03 5.561693571507930756e-03 8.177859708666801453e-03 2.079950536426622421e-05 1.557290274649858475e-02 1.976698078215122223e-02 1.063883211463689804e-02 1.134280767291784286e-02 6.595653947442770004e-03 3.212748467922210693e-02 1.035868003964424133e-02 2.167142368853092194e-02 3.162667527794837952e-02 3.707978129386901855e-02 2.424215897917747498e-02 2.358895959332585335e-03 4.505303129553794861e-02 4.367338120937347412e-02 2.637847326695919037e-02 2.625554054975509644e-02 4.623233806341886520e-03 3.480039536952972412e-03 1.184578146785497665e-02 8.308039978146553040e-03 1.325932610780000687e-02 3.938016016036272049e-03 4.872001707553863525e-03 1.412168424576520920e-02 1.421599835157394409e-02 3.614024259150028229e-03 9.762823581695556641e-03 6.387335248291492462e-03 3.872300498187541962e-03 6.754061672836542130e-03 8.646450936794281006e-03 1.983200013637542725e-02 1.661637425422668457e-02 5.438864231109619141e-03 1.484435633756220341e-03 4.454643567441962659e-05 1.469498674850910902e-04 1.266039628535509109e-02
2.485224045813083649e-02 2.843459881842136383e-02 2.664442919194698334e-02 7.342252880334854126e-03 1.413495466113090515e-02 4.045224934816360474e-02 3.273554146289825439e-02 1.710053160786628723e-02 2.357495576143264771e-02 6.530649494379758835e-03 2.286976948380470276e-02 8.334739208221435547e-01 1.947164535522460938e-02 5.981427803635597229e-02 1.264217682182788849e-02 6.141606718301773071e-03 7.957102730870246887e-03 3.764488734304904938e-03 7.513105403631925583e-03 6.297459825873374939e-03 9.689802303910255432e-03 1.801597140729427338e-02 4.165367037057876587e-02 4.217852279543876648e-02 1.512779016047716141e-02 1.981494016945362091e-02 1.273475680500268936e-02 2.854824438691139221e-02 1.763603184372186661e-03 3.426785022020339966e-02 9.996371809393167496e-04 1.253952737897634506e-02 3.572350600734353065e-03 9.482904337346553802e-03 1.540162879973649979e-02 1.832908578217029572e-02 7.790442556142807007e-03 1.612176746129989624e-02 1.081740763038396835e-02 5.366669502109289169e-03 1.384816784411668777e-02 2.376941777765750885e-02 1.523512043058872223e-02 3.589892387390136719e-02 3.916529938578605652e-02 8.445229614153504372e-04 3.673470392823219299e-02 3.434480633586645126e-03 1.002575177699327469e-02 1.162279583513736725e-02 2.395134046673774719e-02 1.808205246925354004e-02 7.052191067487001419e-03 1.310127117903903127e-04 1.874529756605625153e-02 9.377772919833660126e-03 1.956478692591190338e-02 2.371762134134769440e-02 2.590996772050857544e-02 2.267461828887462616e-02 4.078301601111888885e-03 9.547454304993152618e-03 1.772287883795797825e-03 2.764697745442390442e-02 1.994005404412746429e-02 2.282713912427425385e-02 1.458902191370725632e-02 1.509590633213520050e-02 5.794891621917486191e-03 7.478675805032253265e-03 1.152755226939916611e-02 2.008304372429847717e-02 1.055295392870903015e-02 7.533957716077566147e-03 4.375940654426813126e-03 2.408664859831333160e-02 3.591944649815559387e-02 1.259941328316926956e-02 2.201218716800212860e-02 1.869929395616054535e-02 2.570759877562522888e-02 1.276475004851818085e-02 3.361841430887579918e-03 2.466198615729808807e-02 2.762773446738719940e-02 2.468260191380977631e-02 2.316359430551528931e-02 2.223643101751804352e-02 2.791418880224227905e-02 5.419013090431690216e-03 3.187024220824241638e-02 1.808364875614643097e-02 1.930498518049716949e-02 2.235125936567783356e-02 1.547802984714508057e-02 2.066287025809288025e-02 1.935380324721336365e-02 2.289509959518909454e-02 2.690314315259456635e-02 3.241026774048805237e-02 1.085343677550554276e-02 1.483987551182508469e-02 1.774393208324909210e-02 2.709421329200267792e-02 5.027734208852052689e-03 1.407746225595474243e-03 2.985988510772585869e-03 1.593331247568130493e-02 2.083471044898033142e-02 2.335176244378089905e-02 1.771103590726852417e-02 2.165885269641876221e-02 2.720591053366661072e-02 1.210675854235887527e-02 7.159987464547157288e-03 4.470564424991607666e-03
6.905425339937210083e-02 6.287702918052673340e-02 9.518533013761043549e-03 5.354673601686954498e-03 2.075929008424282074e-02 4.734820872545242310e-02 4.401381313800811768e-02 4.369024187326431274e-03 1.857514958828687668e-03 1.182202808558940887e-02 6.729605048894882202e-02 1.947164535522460938e-02 8.334739208221435547e-01 2.505335211753845215e-02 6.262914091348648071e-02 2.101107034832239151e-03 2.330181002616882324e-02 3.276426810771226883e-03 1.023610867559909821e-02 1.974883303046226501e-02 4.763058386743068695e-03 3.749115765094757080e-02 6.228766404092311859e-03 7.417593151330947876e-03 5.636915098875761032e-03 5.922184573137201369e-05 2.478895336389541626e-02 2.362591959536075592e-02 2.571910247206687927e-02 3.728674352169036865e-02 3.038959018886089325e-02 1.273888163268566132e-02 1.985156442970037460e-03 9.645351208746433258e-03 1.993932202458381653e-02 1.312516443431377411e-02 1.265237201005220413e-02 1.942018046975135803e-02 7.145630079321563244e-04 1.678357087075710297e-02 2.732710540294647217e-02 1.396290119737386703e-02 9.839643724262714386e-03 2.296868339180946350e-02 1.012094039469957352e-02 6.732257083058357239e-03 4.158216342329978943e-02 3.784194216132164001e-02 4.968312103301286697e-03 1.795219141058623791e-03 1.659931614995002747e-02 2.373622730374336243e-02 1.135693024843931198e-02 3.623747499659657478e-03 1.593629643321037292e-02 4.760873969644308090e-03 6.944821216166019440e-03 5.520528182387351990e-03 7.913591340184211731e-03 1.330238115042448044e-02 2.492795325815677643e-02 3.377844346687197685e-03 2.170356223359704018e-03 2.412633970379829407e-02 2.526887133717536926e-02 3.443231806159019470e-02 9.904264472424983978e-03 9.962376207113265991e-03 1.538439560681581497e-02 1.278741657733917236e-02 8.596949279308319092e-03 2.929740119725465775e-03 2.397751808166503906e-02 1.113177649676799774e-02 1.641117967665195465e-02 9.039326570928096771e-03 1.390823442488908768e-02 2.060764469206333160e-03 1.252560503780841827e-02 1.810291409492492676e-02 9.639367344789206982e-04 2.111444436013698578e-02 1.590417581610381603e-03 3.113007731735706329e-02 1.234466955065727234e-02 2.159127406775951385e-02 2.468914724886417389e-02 4.364500194787979126e-02 7.405620999634265900e-03 3.171751974150538445e-03 4.927245154976844788e-02 3.685926645994186401e-02 3.629682958126068115e-02 2.309471927583217621e-02 1.005240716040134430e-03 3.834933973848819733e-03 6.653430871665477753e-03 6.428625900298357010e-03 1.474895048886537552e-02 4.572554025799036026e-03 3.507937537506222725e-03 1.784125901758670807e-02 1.020824722945690155e-02 2.928580157458782196e-03 2.023190259933471680e-03 8.341572829522192478e-04 1.417826511897146702e-03 2.239604946225881577e-03 2.277390332892537117e-03 1.435108855366706848e-02 2.339420374482870102e-03 1.304841134697198868e-03 2.111106645315885544e-03 4.221421200782060623e-03 9.108481928706169128e-03 4.210583865642547607e-03
