8.669906258583068848e-01 4.638766869902610779e-02 1.786680519580841064e-02 2.294099424034357071e-03 2.799981273710727692e-03 3.692564368247985840e-02 2.959574945271015167e-02 1.985439332202076912e-03 2.292361296713352203e-02 1.467919256538152695e-02 4.842754453420639038e-02 2.503252774477005005e-02 4.141086339950561523e-02 2.028695680201053619e-02 2.254160307347774506e-02 1.458432897925376892e-02 1.475454494357109070e-02 6.594995968043804169e-03 3.353595500811934471e-03 1.460844464600086212e-02 1.776021817931905389e-04 2.764809131622314453e-02 1.669203676283359528e-02 1.620240136981010437e-02 1.770299114286899567e-02 1.004618685692548752e-02 2.179380506277084351e-02 2.262366190552711487e-02 3.235558420419692993e-02 8.462941274046897888e-03 3.299605473875999451e-02 1.730802282691001892e-02 6.863844580948352814e-03 1.328642666339874268e-02 1.183314714580774307e-03 1.578752323985099792e-02 6.855215411633253098e-03 2.533539570868015289e-02 7.340103853493928909e-03 5.390932783484458923e-03 2.823572047054767609e-02 1.579367555677890778e-02 1.428117603063583374e-02 2.459847833961248398e-03 3.098753094673156738e-02 1.663950085639953613e-02 3.940435871481895447e-02 3.413078933954238892e-02 6.271848455071449280e-03 3.073029685765504837e-03 1.265778113156557083e-02 1.250690966844558716e-02 4.396862350404262543e-03 3.483007429167628288e-03 1.795681938529014587e-02 3.717594547197222710e-03 2.216998487710952759e-02 1.352653931826353073e-02 2.680070931091904640e-03 4.589246120303869247e-03 2.050122804939746857e-02 1.514928229153156281e-02 2.541602822020649910e-03 2.039861865341663361e-03 2.602682076394557953e-02 2.483732439577579498e-02 4.605568479746580124e-03 6.792222848162055016e-04 1.374725811183452606e-02 1.864516921341419220e-02 5.517527461051940918e-03 1.826331019401550293e-02 1.374050322920084000e-02 8.068498224020004272e-03 1.979162171483039856e-02 2.091151289641857147e-02 2.017495036125183105e-02 1.138408761471509933e-02 1.773024350404739380e-02 4.527541808784008026e-03 6.545750889927148819e-03 5.044731660746037960e-04 6.444033235311508179e-03 2.613396150991320610e-03 9.348478168249130249e-03 1.301912404596805573e-02 2.153046242892742157e-02 9.775061160326004028e-03 1.663656346499919891e-02 5.934488493949174881e-03 4.307920485734939575e-02 2.353788353502750397e-02 3.253045678138732910e-02 3.004065714776515961e-02 1.563978381454944611e-02 1.204987522214651108e-02 4.005102440714836121e-03 5.049191415309906006e-03 1.603192463517189026e-02 1.704889349639415741e-02 8.511561900377273560e-03 4.604034591466188431e-03 1.789434812963008881e-02 1.509248185902833939e-02 2.375715877860784531e-03 5.881329416297376156e-04 2.205285616219043732e-02 2.279702201485633850e-02 3.398144850507378578e-03 1.272615417838096619e-02 1.869597844779491425e-02 1.915562152862548828e-02 1.101890765130519867e-02 1.863764785230159760e-02 1.497820671647787094e-02 1.000143028795719147e-02
4.638766869902610779e-02 8.669906258583068848e-01 8.216336369514465332e-03 7.886626757681369781e-03 1.141495257616043091e-02 3.529982641339302063e-02 3.504166007041931152e-02 1.536567509174346924e-02 1.420312002301216125e-02 9.319265373051166534e-03 3.707892820239067078e-02 2.752628549933433533e-02 4.244995862245559692e-02 2.455506660044193268e-02 3.075660020112991333e-02 1.483279373496770859e-02 1.661127805709838867e-02 3.123666159808635712e-03 5.092648789286613464e-03 1.853479631245136261e-02 9.425711818039417267e-03 2.904770337045192719e-02 1.342454645782709122e-02 1.486808899790048599e-02 2.103302627801895142e-02 1.560427527874708176e-02 1.880714856088161469e-02 1.758995652198791504e-02 3.235200047492980957e-02 1.204105652868747711e-02 3.414995595812797546e-02 1.949810981750488281e-02 1.435605902224779129e-02 1.579875312745571136e-02 9.399764239788055420e-03 2.260582707822322845e-02 1.523233111947774887e-02 3.051752783358097076e-02 1.723492704331874847e-02 1.546900533139705658e-02 2.871010825037956238e-02 1.911496743559837341e-02 1.949053630232810974e-02 1.037245988845825195e-02 3.119942545890808105e-02 1.876063086092472076e-02 3.806511685252189636e-02 4.015586152672767639e-02 1.528497692197561264e-02 9.309151209890842438e-03 2.088381536304950714e-02 2.263866923749446869e-02 7.240993436425924301e-03 3.260122844949364662e-03 2.035605162382125854e-02 1.258579175919294357e-02 2.619424089789390564e-02 1.812160946428775787e-02 5.823485553264617920e-03 7.601857185363769531e-03 2.121373265981674194e-02 1.908986270427703857e-02 1.594327157363295555e-03 2.102093305438756943e-03 2.938279882073402405e-02 2.851257845759391785e-02 1.126146968454122543e-02 9.469207376241683960e-03 1.815657876431941986e-02 1.566473767161369324e-02 1.290964055806398392e-02 6.500668358057737350e-03 1.363109424710273743e-02 2.972897375002503395e-03 1.874861679971218109e-02 1.790616475045681000e-02 2.012949436902999878e-02 1.284256484359502792e-02 1.993352547287940979e-02 4.141762387007474899e-03 2.319348976016044617e-02 1.256738789379596710e-02 1.080069039016962051e-02 7.560577243566513062e-03 1.987781934440135956e-02 1.894626393914222717e-02 2.751165628433227539e-02 2.000865153968334198e-02 1.803944632411003113e-02 1.288534794002771378e-02 3.877101093530654907e-02 2.637874893844127655e-02 3.743954002857208252e-02 3.350226581096649170e-02 1.271030679345130920e-02 1.184858754277229309e-02 2.036938531091436744e-04 8.758990094065666199e-03 1.979490369558334351e-02 2.251663990318775177e-02 1.687158644199371338e-02 1.148760598152875900e-02 2.055807970464229584e-02 1.480826269835233688e-02 7.806197274476289749e-03 4.082850180566310883e-03 2.282574959099292755e-02 2.333541214466094971e-02 1.104171108454465866e-02 2.109714969992637634e-02 1.955494657158851624e-02 1.888391934335231781e-02 1.890783943235874176e-02 2.205157466232776642e-02 8.860588073730468750e-03 1.871591433882713318e-02
1.786680519580841064e-02 8.216336369514465332e-03 8.669906258583068848e-01 3.615300636738538742e-03 3.380852285772562027e-03 7.943877018988132477e-03 4.407735541462898254e-03 4.353814944624900818e-02 2.402284927666187286e-02 1.160567346960306168e-02 7.861302234232425690e-03 2.570849610492587090e-03 1.633012481033802032e-02 2.634085947647690773e-03 8.852547965943813324e-03 1.861927285790443420e-02 1.330394856631755829e-02 7.321816403418779373e-03 7.206559646874666214e-03 3.897402202710509300e-03 2.015860518440604210e-03 2.278607571497559547e-03 6.384471431374549866e-03 8.650324889458715916e-04 3.565415390767157078e-04 6.308910669758915901e-04 3.747946582734584808e-03 5.340201314538717270e-03 6.984348874539136887e-04 1.197809353470802307e-02 1.948587596416473389e-02 6.122319493442773819e-03 4.715593531727790833e-03 8.441927842795848846e-03 6.208594888448715210e-03 1.844016136601567268e-03 1.521062455140054226e-03 5.780112929642200470e-03 1.731488038785755634e-03 4.280932247638702393e-03 2.296761423349380493e-02 2.849671989679336548e-02 1.615988090634346008e-02 2.199041098356246948e-02 1.526290178298950195e-02 7.175652775913476944e-03 9.729447774589061737e-03 8.368162525584921241e-05 2.005730569362640381e-02 1.176216918975114822e-02 3.121660836040973663e-02 1.904158294200897217e-02 1.387515105307102203e-02 1.091307774186134338e-02 1.613638922572135925e-02 7.342842407524585724e-03 3.949380014091730118e-03 4.018475301563739777e-03 1.998447440564632416e-02 9.475569240748882294e-03 7.503265049308538437e-03 6.267643533647060394e-03 2.028449438512325287e-03 1.190643478184938431e-02 9.157347492873668671e-03 3.575508948415517807e-03 5.760573316365480423e-03 6.258714478462934494e-03 1.860939664766192436e-03 1.230093371123075485e-02 9.569091722369194031e-03 4.190801642835140228e-03 2.733004279434680939e-02 1.848540036007761955e-03 2.439391054213047028e-02 1.152734830975532532e-02 1.458549313247203827e-02 9.664915502071380615e-03 1.702121086418628693e-02 1.109004765748977661e-02 3.387796133756637573e-02 3.400778025388717651e-02 3.243199607823044062e-04 5.936794448643922806e-03 1.001365575939416885e-02 2.230736240744590759e-02 3.154193051159381866e-03 2.365721156820654869e-03 3.848082269541919231e-04 5.341332871466875076e-03 5.938540678471326828e-03 1.874478347599506378e-02 4.815030377358198166e-03 1.124650239944458008e-02 2.898805402219295502e-02 2.590036578476428986e-02 1.082778675481677055e-03 2.678880468010902405e-02 6.913438439369201660e-03 7.743848022073507309e-03 1.545035187155008316e-02 1.161732617765665054e-02 1.148381642997264862e-02 1.185254752635955811e-02 9.943647310137748718e-03 1.576107554137706757e-02 1.469547674059867859e-02 1.138839963823556900e-02 9.724339470267295837e-03 2.917311387136578560e-03 1.655467972159385681e-02 2.565856650471687317e-02 1.193567831069231033e-02 1.392106618732213974e-02 8.278486318886280060e-03 1.765763759613037109e-02
2.294099424034357071e-03 7.886626757681369781e-03 3.615300636738538742e-03 8.669906258583068848e-01 6.158934906125068665e-02 1.438217610120773315e-02 2.123559638857841492e-02 2.164767310023307800e-02 1.548379287123680115e-02 1.498069334775209427e-02 1.327008241787552834e-03 6.420303136110305786e-03 9.279863908886909485e-03 6.266848649829626083e-03 2.518052700906991959e-03 2.101738750934600830e-02 1.471839286386966705e-02 2.758249454200267792e-02 2.175754494965076447e-02 1.257238257676362991e-02 2.154295891523361206e-02 1.734760007821023464e-03 2.327061258256435394e-03 3.450795542448759079e-03 1.567001454532146454e-02 2.426552213728427887e-02 1.500258315354585648e-02 1.136854174546897411e-03 1.237576361745595932e-02 5.255860742181539536e-03 4.993797745555639267e-03 6.256873253732919693e-03 1.992473006248474121e-02 9.320029057562351227e-03 1.350894849747419357e-02 1.682341098785400391e-02 1.382701285183429718e-02 6.589906290173530579e-03 4.153923317790031433e-02 4.627804830670356750e-02 3.071149112656712532e-03 1.748161949217319489e-02 2.788771502673625946e-02 1.312303543090820312e-02 6.825654767453670502e-03 1.071364432573318481e-02 1.382865756750106812e-02 1.572760567069053650e-02 2.335767634212970734e-02 2.455323562026023865e-02 9.877810254693031311e-03 1.829504780471324921e-02 5.320403259247541428e-03 2.460210584104061127e-03 2.781148441135883331e-02 2.690734155476093292e-02 2.484359778463840485e-02 2.736171707510948181e-02 1.877865195274353027e-02 1.144834328442811966e-02 2.331217564642429352e-02 2.892971038818359375e-02 1.974989660084247589e-02 2.661782130599021912e-02 3.607393242418766022e-03 8.937426842749118805e-03 2.027259953320026398e-02 2.149845845997333527e-02 2.224699035286903381e-02 2.659824676811695099e-03 3.353510797023773193e-02 7.358028553426265717e-03 4.232018068432807922e-02 1.163197774440050125e-02 3.537537902593612671e-02 6.810149061493575573e-04 2.060770615935325623e-02 1.240495126694440842e-02 5.780664272606372833e-03 8.884397335350513458e-03 7.816202938556671143e-03 6.150680128484964371e-03 4.756344109773635864e-02 3.898353502154350281e-02 2.880391106009483337e-02 1.888708397746086121e-02 1.434289105236530304e-02 5.112333223223686218e-03 1.521967910230159760e-02 2.520669065415859222e-02 1.394341606646776199e-02 2.754338085651397705e-03 1.321704778820276260e-02 4.296898376196622849e-03 2.611148171126842499e-02 2.208008430898189545e-02 4.612250719219446182e-03 8.001156151294708252e-03 1.176712289452552795e-02 1.482335757464170456e-02 1.540455594658851624e-02 1.520862057805061340e-02 7.402434013783931732e-03 1.462252158671617508e-02 3.255811287090182304e-03 1.156672602519392967e-03 4.031084477901458740e-03 1.290089264512062073e-02 7.746216375380754471e-03 1.018393598496913910e-02 1.091747637838125229e-02 8.042104542255401611e-03 1.913191936910152435e-02 1.759896054863929749e-02 1.371334888972342014e-03 1.346410159021615982e-02
2.799981273710727692e-03 1.141495257616043091e-02 3.380852285772562027e-03 6.158934906125068665e-02 8.669906258583068848e-01 9.818039834499359131e-03 1.613477617502212524e-02 2.325192652642726898e-02 1.644720323383808136e-02 2.434502728283405304e-02 2.384199760854244232e-03 8.781950920820236206e-03 1.338258944451808929e-02 1.450365688651800156e-02 6.939489860087633133e-03 1.628470793366432190e-02 1.033295970410108566e-02 3.166792541742324829e-02 3.513444587588310242e-02 3.936760127544403076e-03 1.652805134654045105e-02 4.835572093725204468e-03 2.321559004485607147e-03 4.450903274118900299e-03 6.574457511305809021e-03 1.474099513143301010e-02 2.208675257861614227e-03 3.390621393918991089e-03 1.779767125844955444e-02 7.110602688044309616e-03 1.321587711572647095e-02 2.911848132498562336e-04 1.244307216256856918e-02 3.828354878351092339e-03 4.642888437956571579e-03 1.177394669502973557e-02 1.141548808664083481e-02 1.083073113113641739e-02 5.107481405138969421e-02 5.121877044439315796e-02 9.475499391555786133e-03 1.424956135451793671e-02 2.188233099877834320e-02 9.105612523853778839e-03 6.553887855261564255e-03 1.562654599547386169e-02 1.766795478761196136e-02 1.340394373983144760e-02 1.436072960495948792e-02 2.213981561362743378e-02 1.121523603796958923e-02 1.693781092762947083e-02 2.928521553258178756e-06 7.982984185218811035e-03 2.022582478821277618e-02 2.469493448734283447e-02 1.887397840619087219e-02 2.931428886950016022e-02 1.351621747016906738e-02 1.007645297795534134e-02 1.164401322603225708e-02 2.667721733450889587e-02 2.592132426798343658e-02 3.064275905489921570e-02 1.081881020218133926e-02 1.142746955156326294e-02 1.067271176725625992e-02 1.541525032371282578e-02 1.523606944829225540e-02 1.227883156388998032e-02 3.060708008706569672e-02 1.298028882592916489e-02 3.499045222997665405e-02 1.661645481362938881e-03 3.982673212885856628e-02 8.970067836344242096e-03 2.094946429133415222e-02 2.506373636424541473e-02 1.272753346711397171e-02 1.681337691843509674e-02 8.789503015577793121e-03 1.479536201804876328e-02 3.938290104269981384e-02 4.576233029365539551e-02 2.391375415027141571e-02 1.579741202294826508e-02 1.968644000589847565e-02 1.596818305552005768e-02 1.397884543985128403e-02 3.467065468430519104e-02 1.868277229368686676e-02 1.227564737200737000e-02 8.609244599938392639e-03 1.199064683169126511e-02 2.727610990405082703e-02 2.318453602492809296e-02 1.436933758668601513e-03 7.159342989325523376e-03 1.122998911887407303e-02 1.993925310671329498e-02 1.193338446319103241e-02 1.291282288730144501e-02 8.255167864263057709e-03 1.607745513319969177e-02 2.822255482897162437e-03 5.945509299635887146e-03 6.341474130749702454e-03 1.658557169139385223e-02 5.599734839051961899e-03 1.933793723583221436e-02 1.055335160344839096e-02 9.359080344438552856e-03 1.493081822991371155e-02 1.170054916292428970e-02 5.135376937687397003e-03 4.870408214628696442e-03
3.692564368247985840e-02 3.529982641339302063e-02 7.943877018988132477e-03 1.438217610120773315e-02 9.818039834499359131e-03 8.669906258583068848e-01 4.814242571592330933e-02 2.621736610308289528e-03 1.588611491024494171e-02 1.313586905598640442e-02 3.888273239135742188e-02 3.282408043742179871e-02 2.923045307397842407e-02 2.850660867989063263e-02 1.104897912591695786e-02 2.320141531527042389e-02 2.802739851176738739e-02 3.131422214210033417e-03 3.151198383420705795e-03 1.709257625043392181e-02 1.243079733103513718e-02 2.350897341966629028e-02 8.985933847725391388e-03 1.027526427060365677e-02 2.035378105938434601e-02 2.058083191514015198e-02 9.574418887495994568e-03 3.418113663792610168e-02 3.030529804527759552e-02 2.550857141613960266e-02 2.212386019527912140e-02 1.422294974327087402e-02 1.617069938220083714e-03 1.132776029407978058e-02 2.521888352930545807e-03 1.442860625684261322e-02 1.679103076457977295e-02 1.818436570465564728e-02 5.617695860564708710e-03 1.075094100087881088e-02 1.286761183291673660e-02 6.629244424402713776e-03 1.159587781876325607e-02 1.061404962092638016e-02 2.755022421479225159e-02 3.169934824109077454e-02 4.804538190364837646e-02 4.749248176813125610e-02 2.724115177989006042e-02 1.825374737381935120e-02 3.534064628183841705e-03 8.803736418485641479e-03 5.388925783336162567e-03 1.149577583419159055e-04 1.840397901833057404e-02 2.343771234154701233e-02 2.718213386833667755e-02 2.137541584670543671e-02 4.718184936791658401e-03 4.219310358166694641e-03 2.448326721787452698e-02 2.194190025329589844e-02 5.842720158398151398e-03 5.283106584101915359e-03 2.379297092556953430e-02 2.919723093509674072e-02 1.389712374657392502e-02 1.789904199540615082e-02 2.415478602051734924e-02 3.313341364264488220e-02 1.788119412958621979e-02 1.289519947022199631e-02 2.116772346198558807e-02 4.856589250266551971e-03 1.900121197104454041e-02 8.697980083525180817e-03 2.175427228212356567e-02 1.098273787647485733e-02 8.164917118847370148e-03 7.379667833447456360e-03 1.029691658914089203e-02 4.924449604004621506e-04 7.799415849149227142e-03 8.240404538810253143e-03 2.076067961752414703e-02 2.079707384109497070e-02 1.032502762973308563e-02 8.807510137557983398e-03 2.657067216932773590e-02 2.358550764620304108e-02 4.556116461753845215e-02 2.784919366240501404e-02 4.840070009231567383e-02 2.803010307252407074e-02 3.313478548079729080e-03 2.835832070559263229e-03 4.176308400928974152e-03 3.732138779014348984e-03 3.192886244505643845e-03 4.188157152384519577e-03 1.052547525614500046e-02 1.026465836912393570e-02 1.503628585487604141e-02 1.159348152577877045e-02 8.169669657945632935e-03 6.497316062450408936e-03 1.325580291450023651e-02 1.051420625299215317e-02 5.752876866608858109e-03 7.046158891171216965e-03 1.900551095604896545e-02 1.702099852263927460e-02 1.119165774434804916e-02 1.291842386126518250e-02 4.736389033496379852e-03 5.057226400822401047e-03
2.959574945271015167e-02 3.504166007041931152e-02 4.407735541462898254e-03 2.123559638857841492e-02 1.613477617502212524e-02 4.814242571592330933e-02 8.669906258583068848e-01 4.139422904700040817e-03 1.327381096780300140e-02 1.165802869945764542e-02 3.373132273554801941e-02 2.459299564361572266e-02 2.835468202829360962e-02 2.364144846796989441e-02 2.331375703215599060e-02 1.615110225975513458e-02 1.981881633400917053e-02 8.691444993019104004e-03 6.644219625741243362e-03 1.701389066874980927e-02 1.524981483817100525e-02 2.875849790871143341e-02 1.039614435285329819e-02 1.283781975507736206e-02 2.093539200723171234e-02 2.148590795695781708e-02 1.481005642563104630e-02 1.853223517537117004e-02 3.558041900396347046e-02 1.482081692665815353e-02 2.536796778440475464e-02 1.198156364262104034e-02 9.084514342248439789e-03 1.172391604632139206e-02 3.154061967507004738e-03 1.448656804859638214e-02 1.332643814384937286e-02 2.352155745029449463e-02 2.158225700259208679e-02 2.525222860276699066e-02 1.484392490237951279e-02 1.358951255679130554e-02 2.067713998258113861e-02 1.380276307463645935e-02 2.807988040149211884e-02 3.033056296408176422e-02 3.681841492652893066e-02 5.067865550518035889e-02 2.286990545690059662e-02 1.849500089883804321e-02 2.115855022566393018e-04 9.676158428192138672e-03 2.170948311686515808e-03 4.347241949290037155e-03 1.768286153674125671e-02 1.900138519704341888e-02 2.593422308564186096e-02 2.231122925877571106e-02 4.054517950862646103e-03 4.161002580076456070e-03 1.899788342416286469e-02 1.687795110046863556e-02 4.341695457696914673e-03 4.263961222022771835e-03 2.345376461744308472e-02 2.827453427016735077e-02 1.980491727590560913e-02 2.131824754178524017e-02 1.879421435296535492e-02 2.763569541275501251e-02 1.683761738240718842e-02 1.657440327107906342e-02 1.622359827160835266e-02 4.859055858105421066e-03 1.777458563446998596e-02 1.939054392278194427e-02 1.843757554888725281e-02 1.169312093406915665e-02 7.879092358052730560e-03 1.318362541496753693e-02 1.102715265005826950e-02 3.132562153041362762e-03 1.854006759822368622e-02 1.446676347404718399e-02 2.497487701475620270e-02 2.537785284221172333e-02 1.766156591475009918e-02 1.185350026935338974e-02 2.196146920323371887e-02 2.324069105088710785e-02 4.375993460416793823e-02 3.180550411343574524e-02 4.760624468326568604e-02 2.970593422651290894e-02 4.777572117745876312e-03 7.516547571867704391e-03 1.302870223298668861e-03 7.607951294630765915e-03 8.596193045377731323e-03 9.677252732217311859e-03 1.401311531662940979e-02 1.130472123622894287e-02 1.534621790051460266e-02 1.655193045735359192e-02 6.855032406747341156e-03 2.532636513933539391e-03 1.920973695814609528e-02 1.067894697189331055e-02 8.289608173072338104e-03 1.131234597414731979e-02 2.040522173047065735e-02 1.833912916481494904e-02 1.841325499117374420e-02 1.912702061235904694e-02 4.014426842331886292e-03 9.554274380207061768e-03
1.985439332202076912e-03 1.536567509174346924e-02 4.353814944624900818e-02 2.164767310023307800e-02 2.325192652642726898e-02 2.621736610308289528e-03 4.139422904700040817e-03 8.669906258583068848e-01 5.683377457899041474e-05 4.592160694301128387e-03 6.959523539990186691e-03 3.373762825503945351e-03 2.367829903960227966e-02 1.054250542074441910e-02 3.530020639300346375e-02 9.838276542723178864e-03 3.269511740654706955e-03 4.192771390080451965e-03 1.684078597463667393e-03 4.022138193249702454e-03 1.515542529523372650e-02 1.814850233495235443e-02 9.106312878429889679e-03 7.477269973605871201e-03 6.360805127769708633e-03 1.718268170952796936e-02 8.213086053729057312e-03 9.069180116057395935e-03 2.490750700235366821e-02 5.934861488640308380e-03 9.890610352158546448e-03 1.794823259115219116e-02 2.535697631537914276e-02 1.946227066218852997e-02 3.466336056590080261e-02 1.596985757350921631e-02 6.834316067397594452e-03 1.439004391431808472e-02 1.069667469710111618e-02 1.807225868105888367e-02 5.877754185348749161e-03 2.424983307719230652e-03 9.452227968722581863e-04 1.384056080132722855e-02 1.086103636771440506e-02 4.626191221177577972e-03 9.213481098413467407e-03 5.865389481186866760e-03 3.295917995274066925e-03 1.393806305713951588e-03 3.562371432781219482e-02 3.244325518608093262e-02 2.827067673206329346e-02 2.737778238952159882e-02 6.500997580587863922e-03 2.686236752197146416e-03 9.515595622360706329e-03 1.712923869490623474e-02 3.379445523023605347e-02 3.338023275136947632e-02 1.537769753485918045e-02 9.325504302978515625e-03 2.914243005216121674e-02 1.440544519573450089e-02 1.721629872918128967e-02 1.856317929923534393e-02 5.311271641403436661e-03 1.168806105852127075e-02 8.937982842326164246e-03 4.431098699569702148e-03 1.255476661026477814e-02 2.719890326261520386e-03 1.561204530298709869e-02 9.198450483381748199e-03 1.973980478942394257e-02 9.174565784633159637e-03 3.766301320865750313e-03 8.231038009398616850e-06 8.774670772254467010e-03 5.927518941462039948e-04 7.654035836458206177e-02 6.603068113327026367e-02 1.602411642670631409e-02 1.035342644900083542e-02 3.577508032321929932e-03 6.957644131034612656e-03 4.446556419134140015e-02 3.108018077909946442e-02 5.083246156573295593e-03 6.834441795945167542e-03 1.317198760807514191e-02 1.071950828190892935e-04 7.091369479894638062e-03 1.664243824779987335e-02 2.743993420153856277e-03 1.976794796064496040e-03 1.018481422215700150e-02 5.805404856801033020e-03 1.235126797109842300e-02 1.270121522247791290e-02 6.843251176178455353e-03 8.928591385483741760e-03 7.279336918145418167e-03 1.401738263666629791e-04 2.963730320334434509e-02 2.875451743602752686e-02 6.419044453650712967e-03 2.782053500413894653e-02 1.875095628201961517e-02 3.074279986321926117e-02 2.320704050362110138e-03 3.737577004358172417e-03 3.004939528182148933e-03 9.676506742835044861e-03 8.118011057376861572e-03 1.088574179448187351e-03
2.292361296713352203e-02 1.420312002301216125e-02 2.402284927666187286e-02 1.548379287123680115e-02 1.644720323383808136e-02 1.588611491024494171e-02 1.327381096780300140e-02 5.683377457899041474e-05 8.669906258583068848e-01 4.180692136287689209e-02 1.463459525257349014e-02 2.766443416476249695e-02 1.508894283324480057e-02 2.563404478132724762e-02 6.841138936579227448e-03 1.180739235132932663e-02 7.299723103642463684e-03 3.626458346843719482e-02 1.875676959753036499e-02 1.366223953664302826e-02 1.427845191210508347e-02 1.157507766038179398e-02 2.562908083200454712e-02 2.276158519089221954e-02 1.534549519419670105e-02 2.010175213217735291e-02 3.814031602814793587e-03 1.503226719796657562e-02 1.099318359047174454e-02 1.123439148068428040e-02 1.889692433178424835e-02 1.412153337150812149e-02 8.877097629010677338e-03 1.087947655469179153e-02 5.958789959549903870e-03 2.152083441615104675e-02 2.355003356933593750e-02 7.951455190777778625e-03 5.678727757185697556e-03 6.046082824468612671e-03 2.007235772907733917e-02 3.470878303050994873e-02 2.464276552200317383e-02 9.542955085635185242e-03 2.489223517477512360e-02 1.649120263755321503e-02 1.710542850196361542e-02 7.638944778591394424e-03 2.278046123683452606e-02 2.558812685310840607e-02 3.737889928743243217e-04 9.611085057258605957e-03 1.387871894985437393e-02 6.156662479043006897e-03 3.712597116827964783e-02 2.930674143135547638e-02 2.838495746254920959e-02 2.449900843203067780e-02 1.539460383355617523e-02 1.410448830574750900e-02 1.520669367164373398e-02 2.136481739580631256e-02 2.183115296065807343e-02 2.649324759840965271e-02 2.177941612899303436e-02 1.823175884783267975e-02 1.890331506729125977e-03 1.366381347179412842e-02 2.450804412364959717e-02 1.705844700336456299e-02 2.030186168849468231e-02 1.804217579774558544e-03 8.853966719470918179e-04 1.003037556074559689e-03 1.103116851300001144e-02 1.810751738958060741e-03 4.415458813309669495e-02 3.490112721920013428e-02 4.022153466939926147e-02 3.503257781267166138e-02 3.263889520894736052e-04 2.123507903888821602e-03 2.735236287117004395e-02 2.249606512486934662e-02 2.815716713666915894e-02 2.844626456499099731e-02 1.440257392823696136e-02 1.221844553947448730e-02 2.935117855668067932e-02 3.297854587435722351e-02 1.372971478849649429e-02 1.655105501413345337e-02 8.918976411223411560e-03 2.267369069159030914e-02 2.997354976832866669e-02 2.334262803196907043e-02 1.896783593110740185e-03 1.326272916048765182e-02 2.199293673038482666e-02 2.154730446636676788e-02 2.301823347806930542e-02 2.361114695668220520e-02 7.147316820919513702e-03 1.161796133965253830e-02 4.402959253638982773e-03 9.379552677273750305e-03 1.814460195600986481e-02 2.571275271475315094e-02 1.753302663564682007e-02 1.459086406975984573e-02 1.405014935880899429e-02 1.828077808022499084e-02 1.886497810482978821e-02 2.034020051360130310e-02 9.817232377827167511e-03 2.925439039245247841e-03
1.467919256538152695e-02 9.319265373051166534e-03 1.160567346960306168e-02 1.498069334775209427e-02 2.434502728283405304e-02 1.313586905598640442e-02 1.165802869945764542e-02 4.592160694301128387e-03 4.180692136287689209e-02 8.669906258583068848e-01 1.539559289813041687e-02 2.322321012616157532e-02 8.669543080031871796e-03 3.123766370117664337e-02 1.637000939808785915e-03 1.997870858758687973e-03 1.348272897303104401e-02 3.763532266020774841e-02 5.390098318457603455e-02 9.149700403213500977e-03 5.377336870878934860e-03 8.091556839644908905e-03 1.614178158342838287e-02 2.076007425785064697e-02 6.367049645632505417e-03 1.342496089637279510e-02 2.866052091121673584e-03 3.291205212008208036e-04 1.731348410248756409e-02 8.359005674719810486e-03 1.609966903924942017e-02 2.432269393466413021e-04 2.351180883124470711e-03 1.329760649241507053e-03 5.760089028626680374e-03 1.421973109245300293e-02 2.143382839858531952e-02 3.054294793400913477e-04 7.403077557682991028e-03 9.524572640657424927e-03 8.612631820142269135e-03 2.608396485447883606e-02 1.384979393333196640e-02 1.802864111959934235e-02 2.311994507908821106e-02 3.117361105978488922e-02 1.643106527626514435e-02 9.549713693559169769e-03 2.411925606429576874e-02 4.485916346311569214e-02 1.167034078389406204e-02 3.367403987795114517e-03 6.111103110015392303e-03 4.984400235116481781e-03 2.028375677764415741e-02 4.268252849578857422e-02 2.234606072306632996e-02 3.428222984075546265e-02 1.895501045510172844e-03 6.475229747593402863e-03 4.842039197683334351e-03 2.665909752249717712e-02 1.667093485593795776e-02 2.590086311101913452e-02 1.993940584361553192e-02 1.653078570961952209e-02 9.797303937375545502e-04 3.207536414265632629e-03 1.803496107459068298e-02 2.409250847995281219e-02 3.394578024744987488e-02 3.351916326209902763e-03 7.749092765152454376e-03 1.047702413052320480e-02 9.657888673245906830e-03 1.048566121608018875e-02 3.713142871856689453e-02 5.996874719858169556e-02 3.712739422917366028e-02 6.014531478285789490e-02 8.578182198107242584e-03 8.075176738202571869e-03 1.905654370784759521e-02 3.904588147997856140e-02 2.568235248327255249e-02 2.249251119792461395e-02 5.998787819407880306e-04 1.700903638266026974e-03 1.314406190067529678e-02 5.366502702236175537e-02 1.890970394015312195e-02 2.136984653770923615e-02 1.061060559004545212e-02 1.836597919464111328e-02 1.687061041593551636e-02 2.205302007496356964e-02 8.356492966413497925e-03 1.692727580666542053e-02 1.454193890094757080e-02 1.856980100274085999e-02 7.809726987034082413e-03 9.123239666223526001e-03 7.348867133259773254e-03 4.593371413648128510e-03 1.758733997121453285e-03 2.491825493052601814e-03 8.624196983873844147e-03 2.291304059326648712e-02 9.438473731279373169e-03 2.234151773154735565e-02 5.788021255284547806e-03 9.911597706377506256e-03 1.731115207076072693e-02 5.717458203434944153e-03 6.367502734065055847e-03 4.627299495041370392e-03
4.842754453420639038e-02 3.707892820239067078e-02 7.861302234232425690e-03 1.327008241787552834e-03 2.384199760854244232e-03 3.888273239135742188e-02 3.373132273554801941e-02 6.959523539990186691e-03 1.463459525257349014e-02 1.539559289813041687e-02 8.669906258583068848e-01 1.403213571757078171e-02 4.661659896373748779e-02 1.499954797327518463e-02 2.722386457026004791e-02 2.727723214775323868e-03 1.092727482318878174e-02 6.735348142683506012e-03 3.294645342975854874e-03 1.660284027457237244e-02 2.535938750952482224e-03 3.626292943954467773e-02 7.015262326603988186e-06 8.210645057260990143e-03 1.995668187737464905e-02 1.216615363955497742e-02 2.802412211894989014e-02 3.341595409438014030e-03 4.558495432138442993e-02 7.633331231772899628e-03 3.278228268027305603e-02 1.392037048935890198e-02 8.919178508222103119e-03 1.051950640976428986e-02 4.946999251842498779e-04 1.395478472113609314e-02 3.349211299791932106e-03 2.457880601286888123e-02 6.843193550594151020e-04 5.054439883679151535e-03 2.073861472308635712e-02 1.279569696635007858e-02 1.303153764456510544e-02 5.772383301518857479e-04 3.015627339482307434e-02 1.721223630011081696e-02 4.735777154564857483e-02 3.906761854887008667e-02 1.833787560462951660e-02 1.585928723216056824e-02 2.300387481227517128e-03 4.855457227677106857e-03 4.193544853478670120e-03 2.148736268281936646e-03 1.662771962583065033e-02 1.237951125949621201e-02 2.219133079051971436e-02 1.758741028606891632e-02 2.417937386780977249e-03 1.043396652676165104e-03 2.297413721680641174e-02 1.527781412005424500e-02 7.272971328347921371e-03 2.868400188162922859e-03 3.509417176246643066e-02 3.313655033707618713e-02 9.460777975618839264e-03 1.056962274014949799e-02 1.347301527857780457e-02 2.919132262468338013e-02 1.255884487181901932e-02 2.792330458760261536e-02 2.429323969408869743e-03 1.619994267821311951e-02 2.340106759220361710e-03 2.673751860857009888e-02 1.949708350002765656e-02 1.571482978761196136e-02 7.492980454117059708e-03 8.024531416594982147e-03 1.721940934658050537e-02 3.936921246349811554e-03 1.898757298476994038e-03 3.052601125091314316e-03 1.547354180365800858e-02 1.900094375014305115e-02 2.035786211490631104e-02 7.441570051014423370e-03 6.697254721075296402e-03 8.183863013982772827e-03 4.900947585701942444e-02 3.429879248142242432e-02 3.866923227906227112e-02 3.753459453582763672e-02 1.181626459583640099e-03 1.111422898247838020e-03 9.066236205399036407e-03 6.755701266229152679e-03 1.385320909321308136e-02 1.182451378554105759e-02 3.502408042550086975e-03 5.346185062080621719e-03 1.671154797077178955e-02 2.314434386789798737e-02 2.739852294325828552e-03 1.076572458259761333e-03 1.463644206523895264e-02 1.655266992747783661e-02 1.851516310125589371e-03 1.703585684299468994e-02 1.510476879775524139e-02 2.504959516227245331e-02 1.355953887104988098e-02 2.093934826552867889e-02 5.385892931371927261e-03 9.347335435450077057e-03
2.503252774477005005e-02 2.752628549933433533e-02 2.570849610492587090e-03 6.420303136110305786e-03 8.781950920820236206e-03 3.282408043742179871e-02 2.459299564361572266e-02 3.373762825503945351e-03 2.766443416476249695e-02 2.322321012616157532e-02 1.403213571757078171e-02 8.669906258583068848e-01 1.850659772753715515e-02 5.737180262804031372e-02 1.865416951477527618e-02 1.548605691641569138e-02 1.587598584592342377e-02 9.475879371166229248e-03 7.554966490715742111e-03 1.174855977296829224e-02 4.505031742155551910e-03 2.439696900546550751e-02 2.750214003026485443e-02 2.247736416757106781e-02 8.633826859295368195e-03 1.149212941527366638e-02 1.444127527065575123e-03 5.948294326663017273e-02 9.313686750829219818e-03 5.392429977655410767e-02 1.309985946863889694e-02 5.987820681184530258e-03 1.072606886737048626e-03 1.792098279111087322e-03 3.718084888532757759e-03 1.648555696010589600e-02 2.256559021770954132e-02 1.732361502945423126e-02 5.893369205296039581e-03 7.611830718815326691e-03 3.029148653149604797e-02 1.524493563920259476e-02 9.224451147019863129e-03 1.128516625612974167e-02 3.141421452164649963e-02 3.043904714286327362e-02 2.346937730908393860e-02 1.908071525394916534e-02 1.385102607309818268e-02 7.900957949459552765e-03 1.444178633391857147e-02 2.178395725786685944e-02 1.087118964642286301e-02 8.467943407595157623e-03 6.407727953046560287e-03 1.755591668188571930e-02 2.345036156475543976e-02 1.741172745823860168e-02 4.627659916877746582e-03 6.518770474940538406e-03 1.189117878675460815e-02 2.052609249949455261e-02 5.623272620141506195e-03 1.517415698617696762e-02 1.777125895023345947e-02 1.601499505341053009e-02 1.009796978905797005e-03 2.338162390515208244e-03 2.114742808043956757e-02 1.606174185872077942e-02 1.539338566362857819e-02 1.505769230425357819e-02 1.800135523080825806e-02 1.595012657344341278e-02 1.841990277171134949e-02 1.470236200839281082e-02 2.977211028337478638e-02 2.614277414977550507e-02 3.333474323153495789e-02 1.600891724228858948e-02 3.611244726926088333e-03 2.193474909290671349e-03 1.489930413663387299e-02 2.685245126485824585e-02 1.220306195318698883e-02 1.485519763082265854e-02 1.164504606276750565e-02 1.902142725884914398e-02 4.012864455580711365e-02 3.605743497610092163e-02 2.700587175786495209e-02 2.398982085287570953e-02 2.413118630647659302e-02 2.225966379046440125e-02 1.553472969681024551e-02 1.997710764408111572e-02 1.572193950414657593e-02 3.142979461699724197e-03 7.712267339229583740e-03 1.287109591066837311e-02 1.376683637499809265e-02 8.223440498113632202e-03 1.926002651453018188e-02 5.551948212087154388e-03 5.748391849920153618e-04 4.991123452782630920e-03 1.609637215733528137e-02 1.267287973314523697e-02 1.274896878749132156e-02 9.272000752389431000e-03 2.479768358170986176e-02 2.995766513049602509e-02 1.728216372430324554e-02 1.362451724708080292e-02 2.225251495838165283e-02 7.823485881090164185e-03
4.141086339950561523e-02 4.244995862245559692e-02 1.633012481033802032e-02 9.279863908886909485e-03 1.338258944451808929e-02 2.923045307397842407e-02 2.835468202829360962e-02 2.367829903960227966e-02 1.508894283324480057e-02 8.669543080031871796e-03 4.661659896373748779e-02 1.850659772753715515e-02 8.669906258583068848e-01 1.690532453358173370e-02 3.446514904499053955e-02 7.364933844655752182e-03 8.870406076312065125e-03 6.570219527930021286e-03 4.278454463928937912e-03 1.250040438026189804e-02 4.664089530706405640e-03 3.540610522031784058e-02 1.042394991964101791e-02 1.053582783788442612e-02 1.577257737517356873e-02 1.168095134198665619e-02 2.240361832082271576e-02 9.357643313705921173e-03 3.539370000362396240e-02 4.808552563190460205e-03 3.968539088964462280e-02 1.567282155156135559e-02 1.318057812750339508e-02 9.961370378732681274e-03 9.448996745049953461e-03 1.986042782664299011e-02 8.828202262520790100e-03 3.161486983299255371e-02 1.634041033685207367e-02 1.809128001332283020e-02 2.811242826282978058e-02 2.018184959888458252e-02 1.916732452809810638e-02 2.487840829417109489e-03 2.918125502765178680e-02 2.097430825233459473e-02 3.978370875120162964e-02 3.718128055334091187e-02 1.060391031205654144e-02 6.515047047287225723e-03 1.564868725836277008e-02 1.071666926145553589e-02 9.072214365005493164e-03 3.790343413129448891e-03 2.004456147551536560e-02 5.299003794789314270e-03 2.422089688479900360e-02 2.068539522588253021e-02 9.059006348252296448e-03 1.259798184037208557e-02 2.082763426005840302e-02 1.793309859931468964e-02 7.778674829751253128e-03 7.205488625913858414e-03 3.127668052911758423e-02 3.714199736714363098e-02 7.867217063903808594e-03 9.311436675488948822e-03 1.550427731126546860e-02 1.603035628795623779e-02 1.320388074964284897e-02 1.293052919209003448e-02 7.775907870382070541e-03 8.988151326775550842e-03 1.000930182635784149e-02 2.618632838129997253e-02 2.093625068664550781e-02 1.222168654203414917e-02 2.028589881956577301e-02 4.339286126196384430e-03 2.468121610581874847e-02 1.615683548152446747e-02 9.490476921200752258e-03 1.772968331351876259e-03 1.767012476921081543e-02 1.827527396380901337e-02 3.008114546537399292e-02 2.984027750790119171e-02 1.247528847306966782e-02 5.755238234996795654e-03 3.785493969917297363e-02 2.619260177016258240e-02 3.513510152697563171e-02 3.898294642567634583e-02 8.397384546697139740e-03 3.710146062076091766e-03 2.792097162455320358e-03 1.209439360536634922e-03 2.101674303412437439e-02 1.598420366644859314e-02 1.481159310787916183e-02 1.063913106918334961e-02 2.056063897907733917e-02 1.734206825494766235e-02 9.268390946090221405e-03 7.961848750710487366e-03 1.941002532839775085e-02 2.618195302784442902e-02 1.010206714272499084e-02 2.698375284671783447e-02 2.199531719088554382e-02 1.775279454886913300e-02 2.193498052656650543e-02 2.630577422678470612e-02 1.134848967194557190e-02 9.687053970992565155e-03
