8.292760848999023438e-01 6.842218339443206787e-02 1.442561764270067215e-02 2.034778147935867310e-02 3.725727647542953491e-02 6.417955458164215088e-02 5.023895576596260071e-02 3.180710133165121078e-03 1.154682319611310959e-02 3.335141018033027649e-02 5.845913663506507874e-02 2.381211146712303162e-02 3.659104555845260620e-02 2.517991326749324799e-02 2.671922370791435242e-02 1.320425048470497131e-02 2.584592439234256744e-02 2.020884305238723755e-02 3.304652497172355652e-02 2.060430590063333511e-03 6.727861240506172180e-03 5.201674066483974457e-03 2.355970256030559540e-02 3.342465683817863464e-02 7.414496038109064102e-03 7.733291946351528168e-03 6.882118526846170425e-03 3.758389269933104515e-03 5.031555192545056343e-04 2.284407988190650940e-02 1.261009648442268372e-02 4.465005826205015182e-03 6.324734538793563843e-03 1.004118099808692932e-02 1.544752996414899826e-02 2.252591587603092194e-02 1.954272761940956116e-02 4.310451447963714600e-03 1.131733320653438568e-02 6.835330859757959843e-04 7.860922254621982574e-03 1.423882506787776947e-02 4.444087389856576920e-03 2.506276965141296387e-02 2.840289659798145294e-02 2.644804120063781738e-02 6.069431081414222717e-02 3.514260053634643555e-02 1.628374564461410046e-03 2.081923373043537140e-02 1.055578887462615967e-02 1.513030100613832474e-02 4.575912025757133961e-04 8.008195087313652039e-03 3.057828405871987343e-03 1.387788448482751846e-02 1.699743047356605530e-02 1.788272894918918610e-02 4.248716868460178375e-03 7.701096474193036556e-04 6.091731134802103043e-03 1.703364215791225433e-02 6.919663865119218826e-03 3.244951739907264709e-02 1.988452859222888947e-02 6.772021763026714325e-03 6.441655568778514862e-03 1.262428332120180130e-02 1.502665039151906967e-02 7.399112451821565628e-03 3.052567131817340851e-02 1.140608731657266617e-02 2.816423028707504272e-02 3.253306262195110321e-03 3.104560449719429016e-02 3.190691117197275162e-03 1.173255685716867447e-02 2.656283974647521973e-02 2.489815652370452881e-02 3.796533122658729553e-02 6.269725039601325989e-03 8.333733305335044861e-03 2.263944409787654877e-02 2.959353663027286530e-02 5.785326007753610611e-03 5.690819583833217621e-03 1.636086776852607727e-02 1.700914837419986725e-02 1.292605977505445480e-02 3.269428759813308716e-02 2.335972152650356293e-02 4.312688484787940979e-03 1.814522896893322468e-03 9.641611948609352112e-03 1.303603523410856724e-03 1.919974572956562042e-02 9.975247085094451904e-03 1.053589861840009689e-03 9.908378124237060547e-03 1.828346773982048035e-02 1.630558632314205170e-02 1.972609572112560272e-02 7.117439527064561844e-03 4.396193195134401321e-03 1.035091374069452286e-02 1.241420861333608627e-02 6.240539252758026123e-03 1.609638519585132599e-02 1.005721557885408401e-02 1.400339975953102112e-02 5.756975151598453522e-03 2.540863584727048874e-03 1.504977513104677200e-02 1.329783909022808075e-02 1.475290860980749130e-02 1.177976001054048538e-02
6.842218339443206787e-02 8.292760848999023438e-01 1.155710220336914062e-02 1.947111636400222778e-02 3.518661856651306152e-02 5.970327556133270264e-02 7.266702502965927124e-02 2.325442153960466385e-03 8.737172931432723999e-03 1.918337307870388031e-02 3.877036273479461670e-02 1.704302802681922913e-02 4.247760772705078125e-02 2.026582509279251099e-02 2.783066593110561371e-02 9.817160665988922119e-03 2.317860350012779236e-02 6.019132211804389954e-03 2.036040648818016052e-02 1.777065917849540710e-03 1.840450684539973736e-03 4.571422934532165527e-03 2.523243427276611328e-02 3.453724086284637451e-02 6.188023835420608521e-03 6.543011870235204697e-03 1.149721536785364151e-02 2.657049335539340973e-02 9.589326567947864532e-03 3.591318801045417786e-02 6.971366237848997116e-03 1.035201549530029297e-02 1.542545505799353123e-03 1.418526982888579369e-03 2.648640051484107971e-02 2.283176593482494354e-02 2.049849368631839752e-02 1.149890013039112091e-02 1.418072264641523361e-02 8.922122651711106300e-04 7.356730289757251740e-03 8.307090960443019867e-03 8.651079609990119934e-03 3.631498664617538452e-02 2.785642445087432861e-02 3.662449121475219727e-02 5.104337260127067566e-02 6.055093556642532349e-02 1.778873987495899200e-02 3.523395955562591553e-02 9.595849551260471344e-03 1.440653577446937561e-02 1.894701621495187283e-03 1.567834243178367615e-02 5.824149120599031448e-03 1.859987154603004456e-02 1.468313671648502350e-02 1.343732140958309174e-02 9.100766852498054504e-03 8.349040523171424866e-03 1.043909601867198944e-02 1.241809595376253128e-02 8.233057451434433460e-04 3.627205640077590942e-02 9.401126764714717865e-03 4.733167123049497604e-03 3.764281282201409340e-03 6.179184652864933014e-03 1.132900174707174301e-02 8.339120075106620789e-03 2.351081185042858124e-02 2.306038141250610352e-02 2.710235118865966797e-02 3.405706956982612610e-03 3.102764673531055450e-02 1.783756725490093231e-02 5.070789717137813568e-03 1.586678251624107361e-02 3.909279592335224152e-03 2.708245068788528442e-02 9.076682617887854576e-04 1.109407190233469009e-02 8.196474052965641022e-03 2.823320776224136353e-02 5.187886767089366913e-03 6.951432209461927414e-03 1.158356200903654099e-02 1.868308708071708679e-02 1.110131945461034775e-02 1.812714710831642151e-02 2.934266626834869385e-02 5.826454143971204758e-03 2.328824996948242188e-02 1.019197516143321991e-02 2.837295643985271454e-03 1.847190409898757935e-02 3.760593943297863007e-03 2.852844772860407829e-03 7.331556640565395355e-03 1.139636617153882980e-02 8.107493631541728973e-03 1.874244399368762970e-02 2.971829148009419441e-03 3.246541833505034447e-03 1.654417254030704498e-02 8.303152397274971008e-03 8.255825378000736237e-03 2.445515710860490799e-03 1.095626410096883774e-02 2.025433629751205444e-02 1.247136201709508896e-02 9.350840002298355103e-03 1.259558741003274918e-02 1.197889912873506546e-02 1.627794280648231506e-02 1.186987292021512985e-02
1.442561764270067215e-02 1.155710220336914062e-02 8.292760848999023438e-01 2.548234723508358002e-02 1.110688224434852600e-02 2.176099084317684174e-02 1.294562127441167831e-02 5.122131481766700745e-02 4.697815515100955963e-03 6.187043036334216595e-04 4.498206544667482376e-03 2.367163263261318207e-02 2.361499238759279251e-03 2.352573722600936890e-02 1.801832020282745361e-02 1.116491109132766724e-02 1.933069434016942978e-03 1.318818982690572739e-02 8.796423673629760742e-03 2.478579990565776825e-02 2.939849533140659332e-02 1.848258078098297119e-02 2.224818803369998932e-02 4.640327300876379013e-03 1.220010407269001007e-02 1.861188374459743500e-02 5.517290905117988586e-03 1.528970710933208466e-02 7.391436491161584854e-03 1.087281014770269394e-02 1.719579100608825684e-02 2.982107549905776978e-02 1.775243505835533142e-02 3.103347495198249817e-02 7.925571873784065247e-03 1.143969129770994186e-02 1.768060028553009033e-02 1.396310050040483475e-02 4.835809580981731415e-03 1.493312884122133255e-02 2.908356487751007080e-02 5.811955779790878296e-03 1.365527883172035217e-02 4.343478754162788391e-02 1.415517646819353104e-03 2.585154958069324493e-03 1.497763488441705704e-02 6.826449651271104813e-03 1.436001621186733246e-03 8.473387919366359711e-03 1.537558715790510178e-02 7.506448309868574142e-03 2.805654890835285187e-02 3.792713209986686707e-02 1.447335537523031235e-02 1.681985100731253624e-03 2.729258500039577484e-02 1.025154604576528072e-03 2.829802222549915314e-02 2.680902555584907532e-02 8.966083638370037079e-03 2.755781868472695351e-03 1.655808533541858196e-03 1.238649943843483925e-03 1.601765118539333344e-02 1.711564324796199799e-02 2.841667272150516510e-02 1.850893720984458923e-02 6.144033279269933701e-03 9.850089438259601593e-03 1.867188955657184124e-03 1.778710447251796722e-02 1.264915615320205688e-02 6.096310680732131004e-04 9.582407772541046143e-03 5.091824568808078766e-03 3.875204594805836678e-03 1.553554926067590714e-02 8.413035422563552856e-03 1.571808569133281708e-02 5.063733831048011780e-02 3.079722076654434204e-02 8.815408218652009964e-04 4.292258992791175842e-03 4.852340091019868851e-03 9.974794462323188782e-03 2.962122298777103424e-02 1.897589862346649170e-02 6.389174610376358032e-03 6.511823274195194244e-03 3.722966648638248444e-03 2.217177115380764008e-02 6.100729573518037796e-03 2.069001458585262299e-02 2.258446626365184784e-02 1.176428329199552536e-02 2.006569877266883850e-02 1.581204123795032501e-02 5.809612106531858444e-03 6.640691775828599930e-03 1.930836122483015060e-03 1.614275202155113220e-02 2.242278121411800385e-02 1.771352626383304596e-02 3.548445552587509155e-02 3.727427124977111816e-02 1.911597209982573986e-03 9.488653740845620632e-04 2.444848604500293732e-02 1.189526077359914780e-02 1.269074995070695877e-02 1.720636524260044098e-02 1.774153090082108974e-03 2.976609161123633385e-03 1.938816718757152557e-02 3.462399542331695557e-02
2.034778147935867310e-02 1.947111636400222778e-02 2.548234723508358002e-02 8.292760848999023438e-01 6.712922453880310059e-02 1.174532249569892883e-02 2.478120103478431702e-02 5.815134849399328232e-03 6.288514472544193268e-03 1.190284825861454010e-02 3.234540671110153198e-02 1.939929090440273285e-02 2.648919075727462769e-02 8.621004410088062286e-03 7.354198489338159561e-03 1.007999380817636847e-04 5.809556227177381516e-03 2.044872567057609558e-02 7.495370693504810333e-03 1.250464655458927155e-02 2.319855615496635437e-02 7.025990169495344162e-03 1.510239904746413231e-03 1.487900223582983017e-02 2.740566246211528778e-02 8.329290896654129028e-03 1.896767131984233856e-02 2.798679750412702560e-03 1.597302779555320740e-02 6.597128813154995441e-04 1.584534347057342529e-02 1.668929681181907654e-02 4.060989245772361755e-03 1.521263457834720612e-02 3.065741248428821564e-02 6.744199898093938828e-03 1.052497327327728271e-02 1.062693633139133453e-02 8.785080164670944214e-03 4.167662002146244049e-03 1.683017797768115997e-02 9.127882309257984161e-03 7.146964198909699917e-04 1.453026290982961655e-02 1.394083164632320404e-02 9.026722051203250885e-03 3.011315315961837769e-02 2.333518862724304199e-02 1.855647005140781403e-02 6.701926700770854950e-03 1.171130104921758175e-03 4.442353732883930206e-03 1.351430173963308334e-02 2.695748989935964346e-04 4.295535385608673096e-02 2.251763269305229187e-02 3.334525227546691895e-02 1.990192010998725891e-02 1.473652664572000504e-03 1.203654985874891281e-02 3.509194031357765198e-02 1.765958406031131744e-02 1.915902015753090382e-03 2.089443057775497437e-02 7.422621827572584152e-03 1.798015087842941284e-02 9.093850851058959961e-03 1.559010613709688187e-02 2.521469444036483765e-02 3.387454524636268616e-02 1.976717822253704071e-02 8.254641667008399963e-03 2.822923474013805389e-02 2.835071273148059845e-02 1.637555100023746490e-02 2.214822918176651001e-03 1.072710007429122925e-02 1.794172823429107666e-02 6.801472976803779602e-03 1.435569208115339279e-02 2.056620083749294281e-02 3.188878530636429787e-03 3.313716873526573181e-02 4.966280609369277954e-02 1.609160751104354858e-02 1.127051562070846558e-02 5.450975149869918823e-03 3.987384494394063950e-03 6.647558766417205334e-04 3.333102446049451828e-03 1.938719302415847778e-02 1.162970438599586487e-02 1.636112481355667114e-02 4.776301793754100800e-03 7.458989857695996761e-04 2.781838178634643555e-03 3.455312922596931458e-02 1.648212783038616180e-03 1.570385997183620930e-03 8.955148048698902130e-03 1.887245476245880127e-02 5.395897198468446732e-03 2.131974138319492340e-02 1.637215912342071533e-02 3.906837664544582367e-03 1.886910945177078247e-02 1.242575584910809994e-03 3.110834956169128418e-02 2.055293694138526917e-02 3.070877492427825928e-02 2.337435726076364517e-03 7.080504670739173889e-03 1.259553153067827225e-02 1.648741192184388638e-03 6.154941394925117493e-03 6.360771600157022476e-03
3.725727647542953491e-02 3.518661856651306152e-02 1.110688224434852600e-02 6.712922453880310059e-02 8.292760848999023438e-01 1.959221810102462769e-02 2.327980473637580872e-02 2.233157865703105927e-03 1.583194010891020298e-03 2.891195751726627350e-02 3.537650033831596375e-02 5.506130401045084000e-05 2.973070926964282990e-02 2.217167243361473083e-02 2.094287239015102386e-02 6.384328473359346390e-03 1.766252703964710236e-02 1.378672476857900620e-02 2.540275081992149353e-02 1.419782871380448341e-03 1.241814624518156052e-02 3.512765280902385712e-03 9.353782981634140015e-03 2.938446961343288422e-02 4.577818792313337326e-03 6.523777730762958527e-03 3.957953769713640213e-03 1.911486033350229263e-03 6.453971844166517258e-03 2.574316039681434631e-02 3.434380283579230309e-03 3.084812080487608910e-03 1.154883485287427902e-02 5.987705197185277939e-03 2.849743701517581940e-02 3.438561223447322845e-03 2.561961673200130463e-02 8.268117904663085938e-03 4.690135829150676727e-03 6.727298721671104431e-03 8.548837504349648952e-04 6.750331958755850792e-04 4.555507097393274307e-03 7.870216853916645050e-03 4.420872312039136887e-03 5.874278489500284195e-03 2.757340669631958008e-02 1.002875715494155884e-02 1.191006973385810852e-02 1.022670883685350418e-02 4.290526267141103745e-03 1.084982417523860931e-02 1.228735595941543579e-02 1.198447658680379391e-03 1.106669474393129349e-02 2.149525098502635956e-02 1.583129633218050003e-03 3.246837109327316284e-02 1.988654024899005890e-02 1.126777194440364838e-02 3.971607424318790436e-03 2.412105910480022430e-02 6.597264204174280167e-03 2.356660552322864532e-02 5.876685958355665207e-03 1.547992043197154999e-02 3.175816033035516739e-03 1.804090477526187897e-02 1.858225651085376740e-02 2.155839093029499054e-02 4.648212343454360962e-02 5.909475963562726974e-03 4.315963014960289001e-02 1.041341293603181839e-02 5.941402539610862732e-02 9.619811549782752991e-03 1.233469508588314056e-02 2.685897983610630035e-02 5.751256248913705349e-04 1.582700200378894806e-02 1.046115439385175705e-02 4.711078014224767685e-03 1.360206957906484604e-02 5.590518936514854431e-02 9.285481646656990051e-03 3.950146958231925964e-03 1.160655450075864792e-02 4.811154212802648544e-03 9.346491657197475433e-03 4.720467329025268555e-02 1.364865899085998535e-02 2.049155719578266144e-02 2.787429373711347580e-03 2.123467996716499329e-02 8.339119143784046173e-03 5.463324021548032761e-03 3.390046581625938416e-02 5.608452484011650085e-03 3.770129056647419930e-03 1.298626977950334549e-02 5.187720060348510742e-03 1.623410359025001526e-02 2.265423163771629333e-02 2.050950005650520325e-02 6.725856801494956017e-04 1.491365116089582443e-02 7.867027074098587036e-03 1.186501979827880859e-02 1.672065444290637970e-02 1.862996071577072144e-02 5.025845952332019806e-03 1.354329474270343781e-02 1.253999886102974415e-03 7.719837129116058350e-03 8.380441926419734955e-03 1.364620751701295376e-03
6.417955458164215088e-02 5.970327556133270264e-02 2.176099084317684174e-02 1.174532249569892883e-02 1.959221810102462769e-02 8.292760848999023438e-01 6.899674981832504272e-02 7.489855866879224777e-03 1.656856946647167206e-02 2.827853709459304810e-02 3.783011436462402344e-02 1.572272367775440216e-02 2.136192843317985535e-02 1.270547322928905487e-02 8.858622051775455475e-03 2.487918734550476074e-02 3.388027474284172058e-02 2.532755583524703979e-02 4.140905663371086121e-02 1.255984231829643250e-02 4.982289392501115799e-03 1.332972850650548935e-02 1.674258895218372345e-02 2.814424410462379456e-02 5.672114435583353043e-03 8.872522041201591492e-03 2.131467685103416443e-03 9.536104276776313782e-03 6.364169064909219742e-03 1.557422801852226257e-02 1.162061095237731934e-02 4.114013630896806717e-03 5.134526174515485764e-03 8.769453852437436581e-04 1.860910095274448395e-02 1.327394321560859680e-02 1.306383404880762100e-02 1.136039942502975464e-02 6.782922893762588501e-03 1.572648994624614716e-02 6.065853405743837357e-03 2.430999465286731720e-02 2.151455497369170189e-03 2.643756382167339325e-02 1.963680051267147064e-02 2.219956181943416595e-02 7.870462536811828613e-02 4.088639467954635620e-02 5.662663606926798820e-04 2.263643406331539154e-02 5.422482267022132874e-03 1.293490082025527954e-02 1.287762075662612915e-02 6.708537694066762924e-04 3.712052712216973305e-03 1.210999861359596252e-02 2.636328898370265961e-02 1.079414505511522293e-02 9.600669145584106445e-03 8.443463593721389771e-03 1.024399045854806900e-02 3.026137128472328186e-02 9.270175360143184662e-03 2.984455041587352753e-02 1.456050784327089787e-03 7.009987719357013702e-03 1.390086207538843155e-02 1.495234668254852295e-02 3.040964528918266296e-02 1.097533106803894043e-02 2.559460140764713287e-02 2.970992401242256165e-02 3.062958270311355591e-02 4.323283210396766663e-03 1.966810598969459534e-02 1.095671579241752625e-02 2.766309864819049835e-02 3.958605229854583740e-02 1.863619126379489899e-02 3.349479287862777710e-02 8.365815505385398865e-03 6.954140961170196533e-03 2.706450223922729492e-02 2.748182974755764008e-02 5.836939439177513123e-03 2.145087579265236855e-03 2.372973831370472908e-03 1.474157674238085747e-03 5.763569381088018417e-03 1.151268556714057922e-02 1.765457913279533386e-02 1.438237261027097702e-02 2.461815951392054558e-03 1.960081607103347778e-02 4.586327821016311646e-03 2.175378240644931793e-02 2.386159263551235199e-03 5.311829037964344025e-03 1.125900261104106903e-02 1.803728938102722168e-02 1.094185747206211090e-02 1.916884072124958038e-02 1.332140644080936909e-03 2.563134999945759773e-03 2.753587253391742706e-02 5.699730012565851212e-03 8.190493099391460419e-03 5.652531981468200684e-03 6.321128923445940018e-03 5.622794385999441147e-03 1.959189958870410919e-02 1.442104205489158630e-02 7.170895114541053772e-03 2.388093620538711548e-03 9.460185654461383820e-03 1.326790545135736465e-02
5.023895576596260071e-02 7.266702502965927124e-02 1.294562127441167831e-02 2.478120103478431702e-02 2.327980473637580872e-02 6.899674981832504272e-02 8.292760848999023438e-01 1.416078652255237103e-03 1.348178647458553314e-02 1.630596816539764404e-02 2.903031930327415466e-02 1.191222388297319412e-02 2.897258102893829346e-02 2.041522786021232605e-02 1.291679963469505310e-02 2.033428661525249481e-02 3.043653815984725952e-02 1.470877788960933685e-02 2.442206442356109619e-02 3.084312425926327705e-03 1.182171283289790154e-03 9.887985885143280029e-03 2.278253994882106781e-02 3.439604490995407104e-02 4.064240958541631699e-03 3.742464585229754448e-03 2.168276580050587654e-03 1.981312222778797150e-02 5.259183235466480255e-03 2.343476563692092896e-02 9.404692798852920532e-03 1.278260163962841034e-02 3.323951503261923790e-03 2.268820069730281830e-03 2.765376120805740356e-02 2.139500528573989868e-02 8.222267031669616699e-03 9.741796180605888367e-03 1.771834492683410645e-02 1.342913322150707245e-02 7.961771450936794281e-03 2.695539034903049469e-02 6.411979906260967255e-03 2.648899704217910767e-02 2.470836229622364044e-02 3.779154643416404724e-02 6.592547148466110229e-02 7.042950391769409180e-02 2.992961672134697437e-04 1.839127950370311737e-02 1.627606712281703949e-02 2.422859333455562592e-02 1.230387389659881592e-02 1.053223386406898499e-02 1.070610899478197098e-02 7.514332886785268784e-03 3.038087859749794006e-02 1.053838524967432022e-02 9.397597983479499817e-03 2.469578757882118225e-03 8.922614157199859619e-03 1.114468928426504135e-02 1.238223444670438766e-02 3.220539167523384094e-02 5.370575934648513794e-03 8.372638840228319168e-04 7.424891926348209381e-03 8.423861116170883179e-03 2.348972484469413757e-02 1.307086739689111710e-02 1.901304163038730621e-02 2.146317437291145325e-02 2.675741538405418396e-02 6.041968241333961487e-03 2.468676865100860596e-02 6.546535994857549667e-03 2.294567786157131195e-02 2.486607618629932404e-02 1.452118996530771255e-02 2.737336233258247375e-02 3.280884120613336563e-03 4.805650096386671066e-03 2.855631150305271149e-02 2.063514851033687592e-02 8.372852462343871593e-04 7.464667578460648656e-05 1.215121126733720303e-03 1.187777984887361526e-02 9.476921521127223969e-03 1.615899498574435711e-03 2.522299252450466156e-02 9.857499971985816956e-03 2.268063649535179138e-02 5.629179533571004868e-03 6.090964190661907196e-03 9.184299036860466003e-03 1.512523507699370384e-03 3.236378310248255730e-03 1.545028761029243469e-02 1.312923058867454529e-02 1.388031174428761005e-03 1.261645462363958359e-02 1.245476212352514267e-02 6.854587234556674957e-03 2.812476456165313721e-02 4.977639182470738888e-04 1.461097504943609238e-03 8.984095416963100433e-03 8.831144077703356743e-04 1.828866265714168549e-02 2.312076278030872345e-02 1.578730717301368713e-02 1.263028848916292191e-02 8.674834854900836945e-03 1.145184412598609924e-02 6.401999853551387787e-03
3.180710133165121078e-03 2.325442153960466385e-03 5.122131481766700745e-02 5.815134849399328232e-03 2.233157865703105927e-03 7.489855866879224777e-03 1.416078652255237103e-03 8.292760848999023438e-01 5.158046726137399673e-03 9.532278403639793396e-03 1.801893301308155060e-02 4.045191220939159393e-03 8.924331516027450562e-03 8.455202914774417877e-04 3.292988985776901245e-02 1.816942938603460789e-03 8.075587102212011814e-04 3.369770245626568794e-03 9.585767053067684174e-03 2.305717393755912781e-02 2.183304913341999054e-02 3.545244038105010986e-02 3.851833753287792206e-03 1.730769057758152485e-03 2.505737170577049255e-02 2.564222365617752075e-02 1.844307407736778259e-02 2.510386519134044647e-03 2.519394736737012863e-03 4.656638018786907196e-03 9.902731515467166901e-03 1.095146220177412033e-02 2.556294016540050507e-02 2.211480587720870972e-02 1.990775205194950104e-02 2.468766085803508759e-02 3.241728618741035461e-02 2.445002645254135132e-02 2.722280099987983704e-03 1.263895817101001740e-02 3.135169669985771179e-02 8.389564231038093567e-03 1.637976057827472687e-02 1.760197989642620087e-02 1.351437810808420181e-02 1.710127107799053192e-02 1.735149067826569080e-03 7.004526909440755844e-03 3.554582595825195312e-03 1.050072722136974335e-02 7.519216160289943218e-04 6.533525418490171432e-03 2.950811199843883514e-02 3.776039183139801025e-02 5.666620098054409027e-03 4.167288076132535934e-03 1.427036244422197342e-02 7.333446294069290161e-03 3.383010253310203552e-02 4.176148772239685059e-02 3.828196553513407707e-03 2.115984819829463959e-02 8.508375845849514008e-03 3.047378035262227058e-03 2.211197093129158020e-02 2.605026401579380035e-02 2.085560001432895660e-02 7.411203347146511078e-03 3.499194979667663574e-03 1.391249988228082657e-02 7.770139258354902267e-03 8.962807245552539825e-03 1.090063014999032021e-03 2.157342433929443359e-02 4.530332516878843307e-03 1.514021586626768112e-02 4.171828739345073700e-03 2.448523184284567833e-03 3.606312442570924759e-03 4.960022866725921631e-03 6.104934960603713989e-02 4.969209060072898865e-02 1.167778973467648029e-03 3.146844450384378433e-03 3.163304645568132401e-03 6.035066675394773483e-03 5.266173928976058960e-02 4.249994084239006042e-02 1.850485242903232574e-02 9.689441882073879242e-03 1.663340628147125244e-02 3.423637524247169495e-02 1.509421318769454956e-02 2.765368297696113586e-02 1.397111220285296440e-03 1.831059902906417847e-02 3.343020752072334290e-02 1.998447254300117493e-02 4.385618027299642563e-03 4.012987483292818069e-03 1.454726234078407288e-02 2.483403868973255157e-02 3.412093967199325562e-02 3.078865632414817810e-02 3.938174620270729065e-02 3.459801152348518372e-02 4.189476836472749710e-03 1.190724223852157593e-02 2.921569347381591797e-02 2.718578837811946869e-02 3.104206360876560211e-02 3.290281072258949280e-02 8.478100411593914032e-03 4.911866970360279083e-03 2.926486171782016754e-02 3.493661805987358093e-02
1.154682319611310959e-02 8.737172931432723999e-03 4.697815515100955963e-03 6.288514472544193268e-03 1.583194010891020298e-03 1.656856946647167206e-02 1.348178647458553314e-02 5.158046726137399673e-03 8.292760848999023438e-01 3.597184270620346069e-02 4.409783985465764999e-03 2.776541002094745636e-02 4.960839636623859406e-03 2.859399840235710144e-02 1.925490424036979675e-02 1.960871554911136627e-02 1.759069412946701050e-02 5.469816178083419800e-02 2.216739114373922348e-03 1.704636216163635254e-02 3.543004859238862991e-03 1.995660178363323212e-02 1.996519789099693298e-02 1.787729002535343170e-02 3.596601542085409164e-03 1.419277675449848175e-02 1.728033646941184998e-02 2.618095092475414276e-02 5.021632649004459381e-03 2.771287970244884491e-02 1.217221654951572418e-02 3.088296949863433838e-02 1.598547399044036865e-02 1.150987693108618259e-03 2.331169322133064270e-02 2.874474972486495972e-02 1.954870298504829407e-03 2.398292906582355499e-02 3.352024941705167294e-04 1.372819487005472183e-02 8.133720606565475464e-03 3.646007552742958069e-02 7.732413243502378464e-03 1.039298344403505325e-02 2.264527976512908936e-02 2.425380749627947807e-03 2.037512138485908508e-02 1.204460626468062401e-03 5.688228458166122437e-02 3.167168423533439636e-02 1.402276102453470230e-03 3.345303935930132866e-03 1.383158378303050995e-02 1.465074345469474792e-02 3.248897194862365723e-02 1.220452040433883667e-02 6.549109704792499542e-03 2.069252310320734978e-03 1.774762943387031555e-02 5.104669835418462753e-03 1.747188530862331390e-02 2.171278558671474457e-02 1.611369103193283081e-02 1.695121452212333679e-02 7.976878434419631958e-03 1.251457072794437408e-02 6.132407113909721375e-03 5.745843518525362015e-04 1.538121793419122696e-02 2.726014703512191772e-02 7.520744111388921738e-03 9.627808816730976105e-03 1.668510027229785919e-02 1.051222812384366989e-02 1.600131858140230179e-03 1.770796254277229309e-02 6.674781441688537598e-02 3.161544352769851685e-02 5.806662514805793762e-02 2.009906619787216187e-02 1.578843034803867340e-02 1.823237724602222443e-02 4.624865949153900146e-02 4.647740628570318222e-03 3.199421241879463196e-02 1.860978454351425171e-02 1.434001605957746506e-02 1.712387986481189728e-02 1.287604589015245438e-02 6.364809814840555191e-03 6.396358832716941833e-03 2.483686991035938263e-02 2.085093036293983459e-02 6.266000680625438690e-03 2.183342352509498596e-02 2.050621900707483292e-03 1.150348503142595291e-02 1.486751623451709747e-02 4.512015357613563538e-02 3.180523589253425598e-02 2.347810938954353333e-02 4.136573988944292068e-03 7.980036316439509392e-04 4.555316176265478134e-03 1.196347363293170929e-02 1.120092719793319702e-02 5.038017407059669495e-03 1.982185617089271545e-02 4.074329975992441177e-03 1.580919325351715088e-02 3.768068179488182068e-02 1.465404033660888672e-02 2.613788936287164688e-03 3.462134860455989838e-03 1.515878178179264069e-02 7.959914393723011017e-03
3.335141018033027649e-02 1.918337307870388031e-02 6.187043036334216595e-04 1.190284825861454010e-02 2.891195751726627350e-02 2.827853709459304810e-02 1.630596816539764404e-02 9.532278403639793396e-03 3.597184270620346069e-02 8.292760848999023438e-01 3.077084012329578400e-02 1.430184859782457352e-02 3.990174084901809692e-02 2.151435799896717072e-02 2.274808241054415703e-03 2.198947593569755554e-02 3.917550668120384216e-02 1.831514947116374969e-02 4.768142104148864746e-02 7.990516722202301025e-03 1.329866331070661545e-02 3.135368169751018286e-04 1.608078368008136749e-02 3.330114483833312988e-02 8.194329217076301575e-03 1.570277661085128784e-02 8.706890046596527100e-03 1.459135394543409348e-02 2.711212635040283203e-02 7.976797409355640411e-03 2.193026989698410034e-02 8.492517285048961639e-03 6.316667888313531876e-03 1.792367920279502869e-02 1.282136538065969944e-03 2.093306742608547211e-02 3.635241463780403137e-02 5.191938485950231552e-03 1.868506148457527161e-02 1.285961363464593887e-02 1.389154139906167984e-02 3.710158343892544508e-04 5.663084797561168671e-03 2.620159462094306946e-02 9.032833389937877655e-03 1.289685722440481186e-02 2.652367576956748962e-02 1.002554874867200851e-02 5.078087560832500458e-03 2.621227316558361053e-02 1.588495075702667236e-02 4.797798115760087967e-03 1.440755743533372879e-02 6.480083800852298737e-03 1.795269548892974854e-02 3.950474411249160767e-02 2.792296698316931725e-03 3.945037350058555603e-02 9.750149329192936420e-04 8.634357713162899017e-03 2.492069266736507416e-02 1.875182427465915680e-02 1.383254956454038620e-02 6.294266786426305771e-03 4.169593565165996552e-03 5.804120097309350967e-03 1.018383167684078217e-02 2.336153015494346619e-02 3.481585159897804260e-02 4.433923866599798203e-03 4.814191907644271851e-02 8.537644520401954651e-03 8.027184754610061646e-03 2.900309301912784576e-02 1.623089611530303955e-02 1.090420410037040710e-02 2.111405320465564728e-02 5.729977786540985107e-02 1.321787014603614807e-02 4.425436630845069885e-02 1.767761772498488426e-03 8.017720654606819153e-03 1.422327198088169098e-02 3.141704201698303223e-02 1.548344455659389496e-02 3.326883167028427124e-02 2.402748214080929756e-03 3.054203698411583900e-03 2.157588675618171692e-02 4.685371369123458862e-02 1.680291257798671722e-03 1.778475358150899410e-03 4.600676242262125015e-03 1.181019749492406845e-02 3.857256844639778137e-02 4.573028907179832458e-02 8.826981298625469208e-03 5.638770293444395065e-03 1.000134833157062531e-02 2.569260634481906891e-02 2.657858468592166901e-02 1.577241532504558563e-02 7.300539291463792324e-04 4.780942254001274705e-05 7.003977429121732712e-03 7.487564347684383392e-03 2.556393668055534363e-02 7.305738050490617752e-03 1.731823384761810303e-02 9.266872890293598175e-03 4.671209026128053665e-03 7.447220385074615479e-03 8.147686719894409180e-03 9.449881501495838165e-03 2.256010472774505615e-02 1.925964467227458954e-02
5.845913663506507874e-02 3.877036273479461670e-02 4.498206544667482376e-03 3.234540671110153198e-02 3.537650033831596375e-02 3.783011436462402344e-02 2.903031930327415466e-02 1.801893301308155060e-02 4.409783985465764999e-03 3.077084012329578400e-02 8.292760848999023438e-01 9.782347828149795532e-03 5.456743761897087097e-02 1.160655915737152100e-02 2.430160716176033020e-02 1.887879800051450729e-03 8.222865872085094452e-03 1.467519626021385193e-02 1.933519355952739716e-02 6.513930857181549072e-03 1.225098408758640289e-02 2.159127220511436462e-02 1.144126523286104202e-02 2.103976346552371979e-02 3.960059955716133118e-03 2.343747578561306000e-02 1.342376228421926498e-02 2.298707142472267151e-03 2.020015195012092590e-02 2.346781082451343536e-02 9.824759326875209808e-04 3.079361980780959129e-03 9.226785972714424133e-03 5.369151476770639420e-03 2.253087796270847321e-02 1.854939572513103485e-02 2.481497451663017273e-02 7.408110424876213074e-03 1.587985025253146887e-04 1.622731238603591919e-02 1.063376665115356445e-02 4.113769100513309240e-04 1.064251270145177841e-02 1.972305355593562126e-03 1.607084460556507111e-02 1.775730587542057037e-02 5.179298296570777893e-02 2.363601513206958771e-02 3.132430370897054672e-03 2.501833997666835785e-02 1.135280448943376541e-02 7.975202985107898712e-03 1.549070887267589569e-02 1.017429772764444351e-02 6.002890877425670624e-03 1.766006462275981903e-02 1.340523641556501389e-02 2.836755290627479553e-02 1.723624393343925476e-02 1.585047878324985504e-02 1.192983891814947128e-02 1.894974522292613983e-02 2.956305863335728645e-03 2.552019618451595306e-02 5.657390132546424866e-02 3.682359680533409119e-02 7.933917222544550896e-04 1.586654409766197205e-02 3.111565252766013145e-03 7.018130272626876831e-04 2.205724827945232391e-02 7.138896733522415161e-03 1.860976032912731171e-02 8.422587998211383820e-03 2.027078159153461456e-02 2.170412335544824600e-03 9.085253812372684479e-03 2.029186487197875977e-02 1.816262118518352509e-02 3.484667092561721802e-02 1.311841607093811035e-02 1.417504809796810150e-02 1.634271815419197083e-02 2.101884409785270691e-02 1.709678093902766705e-03 1.370240934193134308e-02 2.467887848615646362e-02 1.658610813319683075e-02 5.914801731705665588e-03 3.362153097987174988e-02 3.560780361294746399e-02 2.487014234066009521e-02 1.499929931014776230e-02 1.354492455720901489e-02 8.271817117929458618e-03 9.598401375114917755e-03 3.648808458819985390e-03 3.118671011179685593e-03 3.116596257314085960e-03 1.797051727771759033e-02 1.045090612024068832e-03 1.094259135425090790e-02 1.150082171079702675e-04 2.676759613677859306e-03 4.758700262755155563e-03 1.909189857542514801e-02 3.464997513219714165e-03 2.086125314235687256e-02 1.147349830716848373e-02 2.429066970944404602e-02 1.555409468710422516e-02 1.428444869816303253e-02 3.679028712213039398e-03 1.360738999210298061e-03 1.250131404958665371e-03 8.189290761947631836e-03
2.381211146712303162e-02 1.704302802681922913e-02 2.367163263261318207e-02 1.939929090440273285e-02 5.506130401045084000e-05 1.572272367775440216e-02 1.191222388297319412e-02 4.045191220939159393e-03 2.776541002094745636e-02 1.430184859782457352e-02 9.782347828149795532e-03 8.292760848999023438e-01 1.412564655765891075e-03 6.613290309906005859e-02 1.876948773860931396e-02 2.206773683428764343e-02 1.444552186876535416e-02 1.467754691839218140e-02 1.233527902513742447e-02 5.241199862211942673e-03 1.892656087875366211e-02 1.582129113376140594e-02 4.182623699307441711e-02 3.099473938345909119e-02 1.592182181775569916e-02 3.283643862232565880e-03 1.054511405527591705e-02 2.876192890107631683e-02 1.863750442862510681e-02 2.205349877476692200e-02 6.288846489042043686e-03 3.062931075692176819e-02 2.694735676050186157e-02 3.016734309494495392e-02 8.479395881295204163e-03 3.195197135210037231e-02 1.860925927758216858e-02 7.948457263410091400e-03 1.362747419625520706e-02 9.720060043036937714e-03 3.211842617020010948e-03 2.458657138049602509e-02 1.045387331396341324e-02 1.100876688724383712e-04 4.376343637704849243e-02 2.608462050557136536e-02 1.005536038428544998e-02 3.082867944613099098e-03 1.297225710004568100e-02 8.659518323838710785e-03 2.121833711862564087e-02 2.575816400349140167e-02 2.533695660531520844e-02 2.906418778002262115e-02 1.025260146707296371e-02 1.472933683544397354e-02 1.319701783359050751e-02 1.590113155543804169e-03 2.926421351730823517e-02 2.018909528851509094e-02 7.659714668989181519e-03 1.258115516975522041e-04 2.422516793012619019e-02 2.229265868663787842e-02 2.135000377893447876e-02 1.725822803564369678e-04 1.903703622519969940e-02 1.992448791861534119e-02 5.002584308385848999e-03 1.650203019380569458e-02 2.224437659606337547e-03 2.169930748641490936e-02 2.681428194046020508e-02 1.951379142701625824e-02 2.380016259849071503e-02 1.748186536133289337e-02 1.364236138761043549e-02 4.970695357769727707e-03 4.253743961453437805e-02 1.257011946290731430e-02 1.557660289108753204e-02 9.895572438836097717e-03 5.213641095906496048e-03 1.515284460037946701e-02 2.478461898863315582e-02 6.024527363479137421e-03 1.669567637145519257e-02 1.248101238161325455e-02 7.177318911999464035e-03 1.063791289925575256e-02 2.280760928988456726e-02 7.371349260210990906e-03 1.881424454040825367e-03 4.093655443284660578e-04 9.429934434592723846e-03 6.556854117661714554e-03 1.151062827557325363e-02 2.642703987658023834e-02 2.588662505149841309e-02 3.528814017772674561e-02 2.229036390781402588e-02 2.017464861273765564e-02 2.312256768345832825e-02 2.535331808030605316e-02 1.705466769635677338e-02 1.374997757375240326e-02 1.999547146260738373e-02 3.605403751134872437e-02 5.458375904709100723e-03 6.897402927279472351e-03 7.702223956584930420e-04 1.829447969794273376e-02 1.736372709274291992e-02 1.506606023758649826e-02 1.038075704127550125e-02 1.802795939147472382e-02
3.659104555845260620e-02 4.247760772705078125e-02 2.361499238759279251e-03 2.648919075727462769e-02 2.973070926964282990e-02 2.136192843317985535e-02 2.897258102893829346e-02 8.924331516027450562e-03 4.960839636623859406e-03 3.990174084901809692e-02 5.456743761897087097e-02 1.412564655765891075e-03 8.292760848999023438e-01 1.212847791612148285e-02 2.411272749304771423e-02 7.111586164683103561e-03 4.524011630564928055e-03 8.236394263803958893e-03 1.098192483186721802e-02 1.993729732930660248e-02 1.500532403588294983e-02 1.531110238283872604e-02 1.758641097694635391e-03 9.501009248197078705e-03 9.003250859677791595e-03 1.867979206144809723e-02 2.261454239487648010e-03 1.803050050511956215e-03 2.135292394086718559e-03 6.376132369041442871e-03 2.398448530584573746e-03 2.349384874105453491e-02 7.865103892982006073e-03 1.250811852514743805e-02 1.863165199756622314e-02 7.190900854766368866e-03 2.251177653670310974e-02 3.419328422751277685e-04 5.388156278058886528e-04 6.458760239183902740e-03 1.547707617282867432e-02 7.541220635175704956e-03 3.724596695974469185e-03 1.478307973593473434e-02 1.238593249581754208e-03 1.819022558629512787e-02 2.757520228624343872e-02 4.133364185690879822e-02 2.430162020027637482e-02 3.319485113024711609e-02 9.233951568603515625e-03 1.660562586039304733e-03 4.013908561319112778e-03 1.837684772908687592e-02 2.719392534345388412e-03 4.164772480726242065e-02 6.010792218148708344e-03 5.142581090331077576e-02 2.293811365962028503e-02 3.708876669406890869e-02 3.194625303149223328e-02 8.549116551876068115e-03 9.255144745111465454e-03 6.185910664498806000e-03 3.761076927185058594e-02 5.763410776853561401e-02 1.852627284824848175e-02 2.312263287603855133e-02 4.459371557459235191e-04 7.241512183099985123e-03 2.715559676289558411e-02 6.880753673613071442e-03 2.093092352151870728e-02 1.365887373685836792e-02 2.541619539260864258e-02 7.221655687317252159e-04 7.043426390737295151e-03 1.526762731373310089e-02 2.592759672552347183e-03 9.581934660673141479e-03 7.322631427086889744e-04 1.520359609276056290e-02 1.139614265412092209e-02 4.200211912393569946e-02 1.694032549858093262e-02 5.854568444192409515e-03 1.133399456739425659e-02 1.934420503675937653e-02 1.394825614988803864e-02 3.960233554244041443e-02 2.252027764916419983e-02 8.165748789906501770e-03 5.514657869935035706e-02 6.722522899508476257e-03 2.002505585551261902e-03 1.907299086451530457e-02 5.197324324399232864e-03 9.728363715112209320e-03 8.781645447015762329e-03 5.636480636894702911e-03 6.889391690492630005e-03 2.952744718641042709e-03 3.834621980786323547e-03 1.515423692762851715e-02 2.240216126665472984e-03 1.669642329216003418e-02 1.066055987030267715e-02 5.479981657117605209e-03 5.439080763608217239e-03 3.096891380846500397e-02 1.857896149158477783e-02 7.860611192882061005e-03 1.101665012538433075e-02 7.082476280629634857e-03 8.420228958129882812e-03 5.337726790457963943e-03
