8.384851813316345215e-01 8.620550483465194702e-02 1.554423756897449493e-02 3.067612880840897560e-03 1.525135128758847713e-03 5.618091300129890442e-02 6.214122101664543152e-02 1.891961134970188141e-02 2.010940574109554291e-03 1.817693188786506653e-02 6.157510355114936829e-02 2.342079207301139832e-02 4.054723307490348816e-02 2.598968334496021271e-02 3.834893926978111267e-02 6.905254907906055450e-03 3.791240742430090904e-03 1.594020985066890717e-02 8.881137706339359283e-03 9.536286816000938416e-03 1.409610081464052200e-02 3.473440185189247131e-02 1.409316807985305786e-02 1.324984803795814514e-02 2.588755916804075241e-03 1.781163387931883335e-03 2.401972562074661255e-02 1.045065186917781830e-02 1.615261286497116089e-02 1.476019527763128281e-02 1.278351806104183197e-02 7.256809622049331665e-03 3.695080056786537170e-03 1.848272280767560005e-03 3.555070608854293823e-03 4.633074160665273666e-03 6.115349940955638885e-03 3.209184110164642334e-02 2.511372789740562439e-02 2.525465562939643860e-02 4.237696528434753418e-03 2.724835881963372231e-03 1.887414488010108471e-03 4.560002416837960482e-04 1.294938195496797562e-02 2.632669638842344284e-03 5.102832615375518799e-02 4.227327182888984680e-02 3.977167420089244843e-03 3.022827906534075737e-03 1.721306005492806435e-03 1.259406679309904575e-03 1.292818877846002579e-02 1.233574002981185913e-02 3.176890080794692039e-03 2.185260644182562828e-03 1.296704262495040894e-02 9.396323002874851227e-03 1.065520290285348892e-02 4.913898184895515442e-03 1.482663303613662720e-02 1.519501791335642338e-03 8.034245693124830723e-04 3.236541990190744400e-03 1.406907755881547928e-02 1.588301733136177063e-02 6.331841927021741867e-03 7.666328921914100647e-03 2.549003064632415771e-02 1.320597622543573380e-02 2.941481769084930420e-02 1.064568199217319489e-02 1.967799384146928787e-03 2.075842395424842834e-02 6.817945279181003571e-03 1.655265502631664276e-02 1.390072423964738846e-02 2.440763637423515320e-03 1.631622202694416046e-02 1.103871315717697144e-02 1.977853477001190186e-03 3.153214463964104652e-03 1.311789639294147491e-02 1.714578829705715179e-02 7.771968841552734375e-03 5.504064611159265041e-04 1.225983444601297379e-02 1.943376846611499786e-02 6.816827226430177689e-03 4.227095749229192734e-03 3.925502300262451172e-02 2.821231074631214142e-02 3.500159457325935364e-02 1.932718604803085327e-02 1.195043296320363879e-04 7.498955354094505310e-03 3.823671489953994751e-02 1.599297672510147095e-02 1.996784657239913940e-02 1.534650195389986038e-02 1.382796093821525574e-02 9.157812222838401794e-03 2.756981924176216125e-02 2.038345858454704285e-02 3.064228221774101257e-03 4.560670931823551655e-04 1.792429760098457336e-02 3.012497210875153542e-03 1.273556961677968502e-03 1.968151517212390900e-02 1.464235316962003708e-02 5.975025240331888199e-03 9.903154568746685982e-04 6.516398396342992783e-03 2.827722579240798950e-02 6.184273399412631989e-03
8.620550483465194702e-02 8.384851813316345215e-01 1.891557686030864716e-02 6.165875121951103210e-03 1.424533082172274590e-03 4.277971759438514709e-02 5.990187823772430420e-02 1.025947742164134979e-02 1.401830092072486877e-02 4.987803753465414047e-03 5.061687901616096497e-02 1.921681873500347137e-02 4.523429274559020996e-02 2.029202878475189209e-02 3.260669484734535217e-02 1.816540258005261421e-03 3.880912438035011292e-03 2.153708226978778839e-02 1.283831195905804634e-03 5.782851018011569977e-03 1.563895866274833679e-02 2.392434515058994293e-02 6.498108152300119400e-03 3.679528599604964256e-03 4.195538349449634552e-03 1.641035341890528798e-04 6.077681202441453934e-03 1.011825725436210632e-02 1.387047674506902695e-02 1.229032129049301147e-02 1.709698140621185303e-02 1.659207232296466827e-02 7.884537801146507263e-03 4.043312277644872665e-03 2.971125999465584755e-03 1.673114858567714691e-02 3.484724089503288269e-03 3.341687470674514771e-02 2.060692198574542999e-02 2.493897825479507446e-02 1.215399987995624542e-02 1.014659274369478226e-02 2.403365651844069362e-04 2.345803193747997284e-03 1.624861173331737518e-02 7.948520593345165253e-03 4.373025149106979370e-02 4.299089685082435608e-02 1.778573059709742665e-04 2.178034745156764984e-03 3.842257894575595856e-03 2.558191074058413506e-03 1.370663009583950043e-02 1.219859626144170761e-02 9.143681265413761139e-03 3.921258903574198484e-04 5.117230117321014404e-03 1.240416197106242180e-03 9.528958238661289215e-03 3.238160570617765188e-04 1.214014273136854172e-02 3.448288654908537865e-03 2.609147457405924797e-03 8.799041388556361198e-04 1.644443720579147339e-02 1.482567470520734787e-02 4.967891611158847809e-03 5.385597469285130501e-04 2.151122130453586578e-02 7.239985279738903046e-03 2.364143915474414825e-02 1.705609261989593506e-02 9.635895490646362305e-03 1.623685099184513092e-02 2.329316688701510429e-03 7.174995727837085724e-03 1.492364145815372467e-02 1.203414052724838257e-03 1.500484626740217209e-02 1.905619911849498749e-02 2.346270252019166946e-03 9.840847924351692200e-04 3.259910736232995987e-03 1.058206055313348770e-02 8.565359748899936676e-03 7.098222151398658752e-03 6.230029277503490448e-03 2.248891629278659821e-02 1.057518180459737778e-02 1.009826175868511200e-02 3.135488927364349365e-02 2.742704749107360840e-02 3.322163224220275879e-02 2.031807228922843933e-02 1.406807824969291687e-02 1.921552792191505432e-02 4.211548343300819397e-02 1.718166284263134003e-02 2.845878899097442627e-02 1.789877936244010925e-02 2.305016294121742249e-02 1.541068125516176224e-02 3.449773788452148438e-02 2.670123614370822906e-02 1.459366641938686371e-03 1.581339747644960880e-03 1.887136884033679962e-02 5.819903686642646790e-03 3.776464378461241722e-03 1.627888716757297516e-02 1.931786350905895233e-02 1.385474298149347305e-02 1.470116712152957916e-02 4.393754934426397085e-04 4.034993425011634827e-02 1.654842123389244080e-02
1.554423756897449493e-02 1.891557686030864716e-02 8.384851813316345215e-01 4.963253159075975418e-03 1.571762748062610626e-02 7.220212719403207302e-04 7.971363142132759094e-03 6.289192289113998413e-02 3.568918630480766296e-02 4.263852722942829132e-03 3.682203963398933411e-02 3.097901120781898499e-03 1.501787733286619186e-02 1.501311454921960831e-02 2.401240542531013489e-02 1.212093885987997055e-02 3.294308262411504984e-04 1.717360131442546844e-02 1.054957788437604904e-02 1.816252432763576508e-02 1.222281251102685928e-02 3.071089275181293488e-02 2.100432757288217545e-03 1.131979748606681824e-02 2.189670922234654427e-03 9.639379568397998810e-04 3.039359487593173981e-02 3.445676062256097794e-03 1.762595772743225098e-02 2.335143042728304863e-03 1.207057572901248932e-02 1.032237522304058075e-02 1.094616483896970749e-02 1.412454177625477314e-03 1.311334781348705292e-02 1.673003192991018295e-03 1.436665002256631851e-02 2.465012297034263611e-02 2.204961329698562622e-02 3.903335426002740860e-03 3.570009395480155945e-02 1.775168697349727154e-03 2.187298983335494995e-02 3.638428822159767151e-02 6.083921995013952255e-03 1.680886372923851013e-02 1.707115559838712215e-03 1.711952313780784607e-02 2.721085958182811737e-02 1.248073577880859375e-02 1.446277182549238205e-02 7.822630926966667175e-03 1.495476812124252319e-03 3.743907902389764786e-03 1.513851899653673172e-02 3.595053451135754585e-03 3.941727802157402039e-03 7.636422757059335709e-03 8.711703121662139893e-03 1.050809863954782486e-02 7.738056592643260956e-03 9.138208115473389626e-04 1.406067400239408016e-03 6.369033828377723694e-03 1.961775869131088257e-02 1.846976950764656067e-02 2.565850270912051201e-03 8.047337643802165985e-03 2.745459554716944695e-03 1.407373603433370590e-02 3.968304954469203949e-04 7.208687718957662582e-03 2.716200612485408783e-02 1.299167488468810916e-04 4.448077641427516937e-03 2.302062930539250374e-03 1.585381291806697845e-02 7.180888205766677856e-03 9.439748711884021759e-03 2.602621540427207947e-02 4.594876989722251892e-02 4.313758015632629395e-02 1.820346806198358536e-03 5.136568099260330200e-03 3.301795339211821556e-03 7.597103249281644821e-03 2.424422465264797211e-02 1.962606422603130341e-02 1.150365546345710754e-02 2.702853269875049591e-02 1.185478363186120987e-02 2.767724171280860901e-02 8.359339088201522827e-03 2.056237682700157166e-02 4.423999693244695663e-03 1.359403971582651138e-02 9.144484065473079681e-03 7.011229754425585270e-04 1.135574840009212494e-02 1.808179728686809540e-02 9.670732542872428894e-04 5.554425995796918869e-03 1.080211717635393143e-02 1.395062636584043503e-02 1.682689040899276733e-02 1.422644685953855515e-02 3.388047451153397560e-03 6.781179457902908325e-03 1.312285102903842926e-02 6.178086157888174057e-03 1.216188631951808929e-02 2.187294699251651764e-02 7.177224382758140564e-03 1.683062873780727386e-02 1.378028281033039093e-02 8.806929923593997955e-03
3.067612880840897560e-03 6.165875121951103210e-03 4.963253159075975418e-03 8.384851813316345215e-01 9.078651666641235352e-02 2.180981636047363281e-02 2.567161433398723602e-02 2.083048038184642792e-02 1.642283238470554352e-02 2.581478096544742584e-02 9.103944525122642517e-03 2.289720810949802399e-02 6.782740820199251175e-03 2.750434353947639465e-02 8.303308859467506409e-03 2.595180645585060120e-02 2.486673742532730103e-02 2.178054675459861755e-02 4.726680740714073181e-02 1.679426431655883789e-02 1.267292536795139313e-03 1.889899000525474548e-02 1.308667100965976715e-02 7.213649805635213852e-03 1.132612954825162888e-02 1.273359358310699463e-02 1.482958346605300903e-02 1.825712993741035461e-02 4.821634851396083832e-03 1.287279464304447174e-02 1.563083939254283905e-02 6.169765838421881199e-04 1.519119646400213242e-02 1.509489957243204117e-04 1.353134494274854660e-02 1.497455965727567673e-02 2.115685492753982544e-03 4.246655385941267014e-03 3.618562221527099609e-02 2.451450563967227936e-02 3.729861695319414139e-03 2.030687406659126282e-02 5.148889496922492981e-03 2.390633523464202881e-02 1.033920049667358398e-02 3.267223015427589417e-02 2.157947607338428497e-02 2.531281672418117523e-02 2.969328779727220535e-03 3.245742293074727058e-03 2.267451025545597076e-02 1.315259933471679688e-02 2.580124139785766602e-02 1.966911368072032928e-02 1.083434559404850006e-02 6.448901724070310593e-03 1.351215410977602005e-02 1.842244900763034821e-02 6.083481479436159134e-03 1.372804958373308182e-02 1.041969843208789825e-02 5.676548462361097336e-03 2.982020843774080276e-03 3.407249599695205688e-02 2.012614859268069267e-03 6.466617342084646225e-03 6.513906177133321762e-03 1.319270115345716476e-03 3.621365502476692200e-02 1.721677184104919434e-02 2.656214684247970581e-02 2.204754948616027832e-02 6.365838646888732910e-02 1.495228148996829987e-02 4.087924212217330933e-02 2.025268040597438812e-02 2.959418483078479767e-02 1.761812157928943634e-02 2.323658019304275513e-02 2.361720241606235504e-02 8.091125637292861938e-03 9.196592494845390320e-03 1.565945334732532501e-02 1.434274856001138687e-02 2.420043107122182846e-03 1.462273881770670414e-03 6.680187303572893143e-03 2.158142859116196632e-03 5.322383251041173935e-03 5.431946367025375366e-03 4.373920150101184845e-03 1.773268100805580616e-03 7.562478538602590561e-03 6.392921786755323410e-03 1.243899483233690262e-02 1.382497977465391159e-02 6.281494628638029099e-03 8.318484760820865631e-03 3.735400037840008736e-03 2.662935294210910797e-03 2.654513344168663025e-03 8.532688952982425690e-03 1.113974023610353470e-02 1.491889078170061111e-02 7.774063851684331894e-03 5.960663314908742905e-03 3.584923921152949333e-03 1.640140637755393982e-02 1.495621399953961372e-03 1.498478930443525314e-02 6.945095956325531006e-03 3.026768099516630173e-03 1.278443168848752975e-02 2.196215093135833740e-02 1.896169595420360565e-02 3.302593482658267021e-03
1.525135128758847713e-03 1.424533082172274590e-03 1.571762748062610626e-02 9.078651666641235352e-02 8.384851813316345215e-01 1.072376780211925507e-02 1.492475345730781555e-02 1.602398417890071869e-02 5.252780392765998840e-03 2.900635264813899994e-02 1.389667950570583344e-02 2.026410587131977081e-02 3.747211303561925888e-03 2.140685543417930603e-02 8.448358625173568726e-03 2.161797322332859039e-02 3.018809854984283447e-02 2.030497416853904724e-02 5.311666429042816162e-02 1.081161946058273315e-02 1.548866089433431625e-02 1.873891614377498627e-02 1.471637282520532608e-02 1.372016128152608871e-02 2.000412205234169960e-03 1.844438258558511734e-03 1.482031587511301041e-02 1.318737491965293884e-02 6.100679282099008560e-03 4.040811676532030106e-03 1.090398896485567093e-02 1.010203082114458084e-02 2.226728945970535278e-02 1.152521185576915741e-02 1.805431023240089417e-02 6.577348336577415466e-03 5.444310139864683151e-03 4.182001110166311264e-03 3.273445740342140198e-02 4.548813402652740479e-02 2.928483067080378532e-03 4.457829054445028305e-04 1.215734146535396576e-02 7.031006272882223129e-03 1.088115945458412170e-02 1.971865072846412659e-02 2.053889445960521698e-02 2.484600059688091278e-02 1.743664965033531189e-02 2.292275056242942810e-02 1.148406695574522018e-02 4.353695083409547806e-03 6.990855559706687927e-03 1.971340738236904144e-02 6.295489612966775894e-03 1.255368255078792572e-02 4.651654046028852463e-03 1.631090790033340454e-02 5.748681258410215378e-03 7.592368870973587036e-03 1.739420578815042973e-03 1.890864572487771511e-03 1.706778071820735931e-02 2.387162484228610992e-02 6.606590002775192261e-03 5.730023607611656189e-03 4.113794770091772079e-03 1.961485110223293304e-02 1.817765086889266968e-02 2.143688686192035675e-02 2.084067463874816895e-02 1.168073900043964386e-02 5.896183848381042480e-02 2.407638914883136749e-02 5.655059963464736938e-02 1.395559962838888168e-02 1.406846661120653152e-02 1.214062795042991638e-02 1.568026281893253326e-02 2.739227190613746643e-02 8.130355272442102432e-04 2.904645632952451706e-03 1.875038072466850281e-02 2.566151879727840424e-02 1.921478286385536194e-02 1.344858109951019287e-02 3.126610768958926201e-03 2.910343464463949203e-03 6.842816714197397232e-03 9.989929385483264923e-04 1.787766814231872559e-03 3.171171993017196655e-03 8.757795207202434540e-03 7.478587795048952103e-03 1.374825742095708847e-02 9.920018492266535759e-04 1.896123215556144714e-02 2.827401040121912956e-03 1.339740771800279617e-02 5.902329459786415100e-03 4.860769491642713547e-03 1.541505684144794941e-03 5.712665617465972900e-03 6.790770683437585831e-03 2.892790827900171280e-03 3.866235027089715004e-03 2.473269589245319366e-03 6.971807684749364853e-03 4.796556662768125534e-03 1.468428410589694977e-02 6.632285658270120621e-04 4.302585031837224960e-03 4.659345839172601700e-03 1.803089166060090065e-03 2.533199638128280640e-02 3.827414766419678926e-04
5.618091300129890442e-02 4.277971759438514709e-02 7.220212719403207302e-04 2.180981636047363281e-02 1.072376780211925507e-02 8.384851813316345215e-01 8.512581884860992432e-02 9.688214398920536041e-03 8.598924614489078522e-03 1.061518955975770950e-02 3.696699440479278564e-02 5.434528738260269165e-02 2.198289521038532257e-02 6.278505921363830566e-02 1.840222813189029694e-02 2.294073812663555145e-02 1.958952518180012703e-03 2.512625604867935181e-02 1.453726738691329956e-02 6.112144794315099716e-03 1.864644698798656464e-02 2.811389975249767303e-02 1.990779070183634758e-03 1.465797983109951019e-02 9.035427356138825417e-04 4.463130608201026917e-03 2.201832085847854614e-02 2.605806291103363037e-02 7.515997160226106644e-03 2.260155975818634033e-02 1.112394407391548157e-02 1.116728130728006363e-02 7.935998961329460144e-03 7.769716903567314148e-03 5.105549003928899765e-03 2.072932571172714233e-02 5.737612489610910416e-03 1.943381316959857941e-02 5.099496338516473770e-03 2.076477557420730591e-02 1.393176708370447159e-02 2.217996679246425629e-02 8.745575323700904846e-03 2.208212390542030334e-02 2.081083878874778748e-02 9.947259910404682159e-03 7.669546455144882202e-02 5.684693902730941772e-02 1.502062659710645676e-02 2.494228538125753403e-03 6.655903998762369156e-03 2.529022516682744026e-03 1.060691662132740021e-02 1.589797064661979675e-02 2.455874346196651459e-02 1.532456930726766586e-02 1.206594798713922501e-02 1.107560563832521439e-02 4.907892551273107529e-03 2.903071464970707893e-03 3.411477804183959961e-02 9.737885557115077972e-03 8.748440071940422058e-03 6.287799682468175888e-03 2.904796274378895760e-03 1.499739196151494980e-02 6.964134983718395233e-03 4.357418511062860489e-03 3.210522979497909546e-02 5.487648770213127136e-03 2.398508973419666290e-02 3.490292932838201523e-03 1.285104546695947647e-02 1.341558760032057762e-03 2.779471396934241056e-04 7.302678190171718597e-03 1.538525894284248352e-02 2.811809256672859192e-02 3.082437627017498016e-02 5.851130932569503784e-03 3.468113252893090248e-03 1.023331750184297562e-02 7.908349856734275818e-03 3.627592930570244789e-03 1.593817025423049927e-02 1.069983094930648804e-02 7.522888947278261185e-03 6.742053665220737457e-04 1.027065236121416092e-02 1.294822525233030319e-02 3.338319808244705200e-02 1.845099776983261108e-02 4.031102731823921204e-02 6.478797644376754761e-03 3.789098467677831650e-03 2.124695107340812683e-03 2.188983559608459473e-02 7.154997438192367554e-03 5.219807382673025131e-03 1.796591281890869141e-02 8.195097907446324825e-04 1.557522569783031940e-03 1.621823944151401520e-02 1.496084220707416534e-02 2.310539566678926349e-04 4.607243929058313370e-03 7.384087657555937767e-04 1.008936017751693726e-02 9.997553192079067230e-03 6.302874535322189331e-04 6.798680871725082397e-03 2.812831895425915718e-03 1.172306574881076813e-02 1.232736650854349136e-02 4.425094462931156158e-03 3.611353924497961998e-03
6.214122101664543152e-02 5.990187823772430420e-02 7.971363142132759094e-03 2.567161433398723602e-02 1.492475345730781555e-02 8.512581884860992432e-02 8.384851813316345215e-01 7.302701007574796677e-03 1.753021031618118286e-02 4.017646890133619308e-03 4.071614146232604980e-02 4.381590709090232849e-02 2.931378968060016632e-02 5.007869005203247070e-02 1.573765836656093597e-02 2.787259966135025024e-02 6.518819835036993027e-03 2.906391955912113190e-02 1.631303504109382629e-02 9.107818827033042908e-03 2.138080634176731110e-02 2.564928680658340454e-02 4.166359081864356995e-03 5.047724582254886627e-03 1.576426555402576923e-03 2.778820227831602097e-03 1.993529684841632843e-02 7.087686099112033844e-03 5.968576297163963318e-03 5.435529630631208420e-03 9.558066725730895996e-03 3.386187134310603142e-03 8.081453852355480194e-03 7.205006666481494904e-03 1.256931945681571960e-02 1.483639050275087357e-02 7.936255075037479401e-03 2.246969006955623627e-02 7.985158823430538177e-03 2.170749194920063019e-02 3.935993649065494537e-03 8.754404261708259583e-03 1.305085513740777969e-02 1.449022907763719559e-02 2.659769915044307709e-02 1.444204058498144150e-02 7.670480012893676758e-02 6.575859338045120239e-02 8.363965898752212524e-03 3.015380818396806717e-03 2.926164597738534212e-04 4.714258480817079544e-03 1.812903210520744324e-02 2.329850196838378906e-02 2.586459927260875702e-02 1.637948304414749146e-02 8.349196985363960266e-03 9.478803724050521851e-03 2.590929390862584114e-03 3.999243956059217453e-03 3.118436969816684723e-02 1.121606118977069855e-02 6.903730100020766258e-04 7.169694174081087112e-03 5.558744538575410843e-03 1.472726836800575256e-02 1.867977087385952473e-03 6.704992265440523624e-04 3.394109383225440979e-02 9.369868785142898560e-03 2.430899441242218018e-02 8.241862058639526367e-03 2.443280071020126343e-02 8.431641384959220886e-03 1.049621310085058212e-02 3.923538606613874435e-03 1.911731064319610596e-02 2.278049476444721222e-02 2.798913605511188507e-02 2.950165886431932449e-03 3.219944890588521957e-03 9.681421332061290741e-03 8.548679761588573456e-03 3.083534305915236473e-03 4.739913623780012131e-03 1.190372370183467865e-02 3.926321223843842745e-04 4.181880503892898560e-03 8.396884426474571228e-03 1.901919487863779068e-03 3.305554389953613281e-02 2.145264111459255219e-02 4.332352057099342346e-02 1.006601285189390182e-02 8.411647286266088486e-05 5.146315786987543106e-03 3.360114619135856628e-02 1.125766988843679428e-02 9.260890074074268341e-03 2.331027202308177948e-02 8.694827556610107422e-03 4.182461183518171310e-03 2.651930414140224457e-02 1.614408940076828003e-02 3.309673862531781197e-03 3.387900767847895622e-03 1.512595918029546738e-03 5.537636578083038330e-03 4.021994769573211670e-03 1.646137563511729240e-03 2.042068354785442352e-02 6.359891500324010849e-03 1.396195497363805771e-03 6.636695936322212219e-03 1.688463054597377777e-02 1.473565679043531418e-02
1.891961134970188141e-02 1.025947742164134979e-02 6.289192289113998413e-02 2.083048038184642792e-02 1.602398417890071869e-02 9.688214398920536041e-03 7.302701007574796677e-03 8.384851813316345215e-01 1.240043714642524719e-02 2.224233932793140411e-03 3.802149742841720581e-02 1.888361759483814240e-02 1.910193637013435364e-02 2.294689603149890900e-02 3.774984925985336304e-02 4.108758177608251572e-03 6.473903544247150421e-03 9.239703416824340820e-03 1.551800128072500229e-02 6.178801413625478745e-03 2.903827466070652008e-02 3.405001759529113770e-02 7.339558098465204239e-03 2.373553998768329620e-02 1.028195302933454514e-02 1.187796331942081451e-02 2.984488010406494141e-02 3.832806134596467018e-03 3.119154088199138641e-02 1.105638593435287476e-02 1.567053422331809998e-02 7.179558277130126953e-03 6.741150747984647751e-03 2.060487121343612671e-02 1.395038329064846039e-03 1.286422368139028549e-02 3.175730258226394653e-02 1.782098412513732910e-02 2.638447843492031097e-02 7.574611343443393707e-03 1.114610303193330765e-02 8.093494921922683716e-03 1.470912247896194458e-02 3.612918779253959656e-02 1.080580428242683411e-02 3.276765579357743263e-03 5.469802767038345337e-03 1.044479012489318848e-02 1.501210872083902359e-02 2.273317612707614899e-02 9.278359822928905487e-03 1.300833374261856079e-02 1.974560134112834930e-02 2.671441249549388885e-02 1.210069749504327774e-02 1.743134669959545135e-02 1.454229583032429218e-03 1.874852366745471954e-02 1.886240951716899872e-02 2.338778786361217499e-02 1.765557378530502319e-02 1.841991022229194641e-02 1.696868427097797394e-02 1.094106398522853851e-02 2.982695214450359344e-02 2.747036330401897430e-02 8.022719994187355042e-03 1.571773551404476166e-02 2.045744098722934723e-02 9.164511226117610931e-03 1.854088343679904938e-02 2.694753929972648621e-03 2.246337197721004486e-02 4.931384697556495667e-03 2.877480583265423775e-03 7.667368627153337002e-04 1.187660451978445053e-02 1.001472337520681322e-04 2.076155273243784904e-03 2.198281139135360718e-02 4.320570081472396851e-02 4.514541104435920715e-02 9.822230786085128784e-04 8.693809621036052704e-03 5.162390880286693573e-04 1.528617180883884430e-02 4.022037982940673828e-02 3.089933283627033234e-02 1.355128921568393707e-02 3.146093711256980896e-02 2.073795720934867859e-02 2.865456417202949524e-02 1.009559910744428635e-02 3.193684667348861694e-02 1.182101015001535416e-02 8.881323039531707764e-03 1.138708088546991348e-03 4.000861197710037231e-03 5.082442425191402435e-03 1.847039163112640381e-02 6.036038976162672043e-03 1.238203141838312149e-02 8.257007226347923279e-03 1.859101001173257828e-03 8.486477658152580261e-03 1.698490045964717865e-02 1.526595652103424072e-02 1.597764156758785248e-02 2.195710316300392151e-02 1.345672551542520523e-02 5.300145130604505539e-03 8.052784949541091919e-03 3.824239538516849279e-04 5.138503387570381165e-03 2.850440563634037971e-03 9.897387586534023285e-03
2.010940574109554291e-03 1.401830092072486877e-02 3.568918630480766296e-02 1.642283238470554352e-02 5.252780392765998840e-03 8.598924614489078522e-03 1.753021031618118286e-02 1.240043714642524719e-02 8.384851813316345215e-01 2.593683637678623199e-02 3.254862036556005478e-03 9.845983237028121948e-03 1.625955477356910706e-02 2.291576564311981201e-02 1.410826575011014938e-02 2.500899694859981537e-02 7.403372321277856827e-03 5.733630433678627014e-02 2.195280045270919800e-02 4.910107236355543137e-03 1.973288366571068764e-03 1.317356340587139130e-02 2.946998551487922668e-02 1.795156160369515419e-03 1.110193505883216858e-02 6.803742609918117523e-03 1.479247026145458221e-02 2.460277872160077095e-03 1.315101515501737595e-02 2.600865997374057770e-02 5.820067133754491806e-03 1.960165053606033325e-02 4.567226569633930922e-04 7.927541621029376984e-03 1.823768019676208496e-02 1.690823584794998169e-02 2.173053566366434097e-03 3.209074027836322784e-03 1.090843137353658676e-02 1.258340012282133102e-02 8.269264362752437592e-03 1.148312911391258240e-02 1.101409643888473511e-02 9.968854486942291260e-03 1.497196033596992493e-02 2.968359552323818207e-02 8.050385862588882446e-03 1.322147995233535767e-02 4.555306211113929749e-02 6.786693353205919266e-03 2.393551729619503021e-02 1.945283077657222748e-02 3.842060919851064682e-03 3.401936730369925499e-03 6.232785433530807495e-02 2.327275089919567108e-02 9.933770634233951569e-03 3.689379198476672173e-03 9.852825663983821869e-03 2.690604189410805702e-03 4.218906164169311523e-02 6.080280290916562080e-04 1.602970645762979984e-03 2.036779560148715973e-02 5.502459243871271610e-04 7.781740860082209110e-04 3.571747103706002235e-03 1.359306834638118744e-02 2.593773789703845978e-02 4.872839199379086494e-04 1.578930951654911041e-02 2.996779233217239380e-02 2.787661738693714142e-02 6.183800753206014633e-03 8.988569490611553192e-03 2.876328490674495697e-02 6.078145653009414673e-02 6.450599525123834610e-03 2.635009214282035828e-02 1.190441660583019257e-02 5.129005294293165207e-03 2.091120183467864990e-02 5.712832510471343994e-02 5.518837366253137589e-03 2.897660247981548309e-03 1.308894809335470200e-02 2.132948720827698708e-03 1.203687954694032669e-02 1.259301323443651199e-03 1.246048975735902786e-02 6.306423339992761612e-03 1.986204832792282104e-02 1.011316548101603985e-03 4.896037746220827103e-03 3.399476781487464905e-02 2.785526588559150696e-02 2.910929033532738686e-03 1.614749990403652191e-02 1.232412923127412796e-02 3.001154167577624321e-03 6.430915091186761856e-03 4.746038466691970825e-03 4.672616254538297653e-03 1.063982862979173660e-02 1.124687143601477146e-03 5.081658251583576202e-03 2.452704496681690216e-02 1.852320134639739990e-02 5.348533391952514648e-03 6.080543156713247299e-03 7.786664180457592010e-03 1.071844436228275299e-02 1.294464059174060822e-02 2.196219377219676971e-02 2.662774734199047089e-02 1.527861808426678181e-03
1.817693188786506653e-02 4.987803753465414047e-03 4.263852722942829132e-03 2.581478096544742584e-02 2.900635264813899994e-02 1.061518955975770950e-02 4.017646890133619308e-03 2.224233932793140411e-03 2.593683637678623199e-02 8.384851813316345215e-01 1.563588040880858898e-03 1.495224144309759140e-02 1.516326889395713806e-02 2.600509673357009888e-03 9.169163182377815247e-03 1.720389351248741150e-02 3.675346449017524719e-02 2.075441740453243256e-02 4.917985945940017700e-02 1.198501791805028915e-02 1.188810542225837708e-02 5.248430185019969940e-03 2.842253539711236954e-03 3.433544933795928955e-02 1.996494643390178680e-02 1.885816454887390137e-02 1.300938427448272705e-02 2.295463532209396362e-02 4.989005625247955322e-03 1.441596914082765579e-02 1.468844898045063019e-02 2.158189192414283752e-02 2.269482240080833435e-02 2.584432996809482574e-02 2.570908889174461365e-02 7.661534938961267471e-03 2.909419592469930649e-03 8.146317675709724426e-03 1.155739650130271912e-02 1.741506531834602356e-02 8.623804897069931030e-03 8.793598972260951996e-03 1.888297498226165771e-02 6.702239159494638443e-03 3.194674616679549217e-03 1.192823611199855804e-02 6.342848064377903938e-04 1.678048260509967804e-02 2.423436008393764496e-02 3.498401260003447533e-03 1.603185199201107025e-02 2.187725715339183807e-02 4.664259497076272964e-03 1.782929291948676109e-03 9.134785272181034088e-03 1.649555563926696777e-02 2.811864763498306274e-02 1.188643462955951691e-02 2.168623358011245728e-02 4.153629299253225327e-03 2.756720967590808868e-02 6.850733421742916107e-03 1.117865834385156631e-02 3.719593863934278488e-03 9.284153580665588379e-03 9.898543357849121094e-03 1.752509176731109619e-02 2.588508091866970062e-02 4.323465283960103989e-03 4.000899568200111389e-02 9.795159101486206055e-03 1.208045147359371185e-02 2.966896258294582367e-02 2.409401349723339081e-02 3.318551555275917053e-02 4.519778303802013397e-03 2.634975826367735863e-03 6.410513818264007568e-02 6.546819582581520081e-03 5.091205239295959473e-02 4.592994228005409241e-03 1.665603485889732838e-03 1.837183162569999695e-02 3.934849426150321960e-02 3.808455169200897217e-02 1.054228562861680984e-02 3.004682948812842369e-03 3.683380782604217529e-03 3.006239980459213257e-02 4.202977567911148071e-02 8.601383306086063385e-03 9.025737643241882324e-03 1.583891175687313080e-02 1.112299691885709763e-02 1.414771657437086105e-03 2.364243380725383759e-03 5.019963253289461136e-03 2.004945091903209686e-02 1.897695288062095642e-02 1.805120334029197693e-02 7.858416996896266937e-03 1.213955506682395935e-02 2.126079984009265900e-02 2.425081469118595123e-02 1.323562115430831909e-02 1.640889048576354980e-02 6.791695021092891693e-03 1.513020321726799011e-02 1.638646423816680908e-02 5.628779996186494827e-03 2.451422065496444702e-02 3.027794416993856430e-03 1.122887525707483292e-02 2.312962338328361511e-02 5.030822940170764923e-03 2.577464841306209564e-02
6.157510355114936829e-02 5.061687901616096497e-02 3.682203963398933411e-02 9.103944525122642517e-03 1.389667950570583344e-02 3.696699440479278564e-02 4.071614146232604980e-02 3.802149742841720581e-02 3.254862036556005478e-03 1.563588040880858898e-03 8.384851813316345215e-01 2.586852014064788818e-02 4.675921797752380371e-02 1.859425567090511322e-02 3.415523841977119446e-02 1.293169893324375153e-02 1.907816343009471893e-02 1.476577855646610260e-02 7.775319740176200867e-03 2.461456693708896637e-03 1.128521934151649475e-02 4.168169945478439331e-02 9.136716835200786591e-03 3.619768889620900154e-03 1.421085279434919357e-02 2.178264223039150238e-02 3.334400057792663574e-02 1.234966609627008438e-02 3.613981232047080994e-02 1.326306164264678955e-02 2.047376893460750580e-02 1.173362322151660919e-02 1.182278711348772049e-02 6.771934218704700470e-03 7.593567483127117157e-03 9.558598510921001434e-03 8.350074291229248047e-03 2.879766561090946198e-02 2.094822004437446594e-02 2.620290033519268036e-03 1.594385690987110138e-02 2.873647725209593773e-03 1.588195934891700745e-02 1.296149753034114838e-02 1.979001984000205994e-02 1.065115258097648621e-02 4.384282976388931274e-02 4.146217927336692810e-02 6.373832933604717255e-03 9.766248986124992371e-03 1.134283468127250671e-02 1.254392042756080627e-02 2.304006833583116531e-03 6.783928722143173218e-03 6.888260599225759506e-03 1.196200028061866760e-02 6.040689535439014435e-03 1.601123251020908356e-02 2.287562936544418335e-02 1.799982786178588867e-02 9.181046858429908752e-03 1.096963416785001755e-02 1.263288967311382294e-02 6.040150299668312073e-03 3.612004593014717102e-02 3.366069495677947998e-02 6.776656955480575562e-03 1.352233812212944031e-02 1.432730350643396378e-02 1.092747598886489868e-02 2.511942014098167419e-02 1.451157877454534173e-04 1.643821410834789276e-02 9.274536743760108948e-03 8.613415062427520752e-03 1.108527462929487228e-02 2.409371314570307732e-03 8.786834776401519775e-03 3.656588029116392136e-03 2.453198656439781189e-03 1.795638352632522583e-02 1.391972601413726807e-02 8.901480585336685181e-03 2.162684453651309013e-03 4.041549284011125565e-03 9.555582888424396515e-03 2.820785716176033020e-02 2.993206493556499481e-02 1.522736065089702606e-02 7.010985165834426880e-03 4.645672813057899475e-02 3.783128038048744202e-02 3.928960859775543213e-02 3.219197317957878113e-02 8.706248365342617035e-03 6.176912225782871246e-03 2.693181671202182770e-02 1.650204509496688843e-02 1.562130916863679886e-02 1.403697300702333450e-02 1.555259060114622116e-02 1.812328584492206573e-02 1.982924528419971466e-02 1.476681511849164963e-02 9.128093719482421875e-03 1.378856226801872253e-02 1.605268009006977081e-02 1.852111332118511200e-02 1.598885655403137207e-02 2.246893942356109619e-02 1.504863332957029343e-02 4.542428068816661835e-03 1.065629813820123672e-02 1.054326165467500687e-02 2.007140032947063446e-02 1.818552426993846893e-02
2.342079207301139832e-02 1.921681873500347137e-02 3.097901120781898499e-03 2.289720810949802399e-02 2.026410587131977081e-02 5.434528738260269165e-02 4.381590709090232849e-02 1.888361759483814240e-02 9.845983237028121948e-03 1.495224144309759140e-02 2.586852014064788818e-02 8.384851813316345215e-01 2.582392655313014984e-02 8.262997120618820190e-02 2.378417365252971649e-02 1.204875018447637558e-02 1.801706664264202118e-02 3.612028434872627258e-02 4.371446743607521057e-02 2.804040559567511082e-04 6.568729877471923828e-04 1.870189607143402100e-02 1.533973589539527893e-02 1.350024063140153885e-02 4.518915433436632156e-03 2.312224125489592552e-03 4.976750351488590240e-03 4.823309928178787231e-02 1.936971966642886400e-04 4.019967094063758850e-02 9.024304337799549103e-03 5.897026509046554565e-03 9.438313543796539307e-03 6.738695316016674042e-03 2.160190604627132416e-03 2.224517054855823517e-03 6.084036082029342651e-03 1.784993335604667664e-02 7.274296134710311890e-03 7.317505776882171631e-03 1.465366920456290245e-03 4.201834555715322495e-03 1.298203039914369583e-02 1.253807265311479568e-02 3.622616827487945557e-02 2.295163832604885101e-02 4.849673435091972351e-02 3.570378571748733521e-02 8.553653955459594727e-03 1.240440830588340759e-02 1.845409721136093140e-02 2.727192454040050507e-02 4.718370619229972363e-04 9.015002287924289703e-03 1.143848896026611328e-02 8.054578676819801331e-03 5.677930545061826706e-03 5.599680822342634201e-03 2.070331480354070663e-03 6.216776091605424881e-03 1.770260743796825409e-02 2.189115993678569794e-02 5.642251926474273205e-04 6.558806053362786770e-04 2.708490705117583275e-03 2.090523205697536469e-02 6.577325519174337387e-03 1.281113829463720322e-02 2.315143682062625885e-02 2.439542487263679504e-02 2.911431901156902313e-02 9.474487043917179108e-03 2.244878560304641724e-02 2.106306329369544983e-02 2.570262551307678223e-02 8.232351974584162235e-04 3.200912848114967346e-03 5.714553408324718475e-03 7.370215840637683868e-03 7.846763357520103455e-03 2.418931573629379272e-03 2.025610883720219135e-04 1.966995187103748322e-03 2.333392761647701263e-02 8.275497704744338989e-03 2.271739952266216278e-02 9.777122177183628082e-03 1.091927941888570786e-02 1.607202924787998199e-02 5.437600892037153244e-03 2.195270359516143799e-02 1.093802321702241898e-02 2.484410069882869720e-02 1.932043768465518951e-02 6.621781503781676292e-04 1.302829943597316742e-02 2.130851708352565765e-02 2.299899607896804810e-02 7.636961061507463455e-03 2.498437836766242981e-02 6.697164848446846008e-03 7.714986801147460938e-03 1.833551563322544098e-02 2.570219710469245911e-02 6.530261132866144180e-03 6.177964154630899429e-03 2.168963663280010223e-03 3.019596217200160027e-03 8.113217190839350224e-04 7.173846010118722916e-03 3.516846802085638046e-03 1.434982754290103912e-02 7.651221007108688354e-03 3.143578302115201950e-03 1.225290447473526001e-02 2.740592882037162781e-02
4.054723307490348816e-02 4.523429274559020996e-02 1.501787733286619186e-02 6.782740820199251175e-03 3.747211303561925888e-03 2.198289521038532257e-02 2.931378968060016632e-02 1.910193637013435364e-02 1.625955477356910706e-02 1.516326889395713806e-02 4.675921797752380371e-02 2.582392655313014984e-02 8.384851813316345215e-01 1.582192815840244293e-02 3.757632151246070862e-02 8.728150278329849243e-03 1.676269248127937317e-02 2.659106813371181488e-02 6.774879526346921921e-03 1.627098396420478821e-02 7.476224564015865326e-03 2.845958061516284943e-02 7.738078478723764420e-03 9.918755386024713516e-04 2.486424893140792847e-02 2.519821561872959137e-02 4.147174768149852753e-03 9.546059183776378632e-03 2.959103323519229889e-02 2.392021240666508675e-03 3.043584339320659637e-02 2.141597867012023926e-02 1.798218674957752228e-02 1.097498554736375809e-02 1.857387833297252655e-02 2.453691884875297546e-02 8.617775514721870422e-03 2.913613803684711456e-02 3.777892095968127251e-03 1.653582323342561722e-03 1.580727845430374146e-02 2.217176742851734161e-02 1.427723467350006104e-02 1.310794427990913391e-02 2.353688888251781464e-02 2.092077210545539856e-02 3.202467784285545349e-02 3.394900634884834290e-02 6.845748983323574066e-03 8.862129412591457367e-03 2.637212164700031281e-02 1.696679368615150452e-02 9.221913293004035950e-03 1.067200955003499985e-02 1.795024238526821136e-02 2.248737588524818420e-02 1.269920170307159424e-02 4.530294798314571381e-03 2.326401509344577789e-02 2.161727286875247955e-02 8.061141707003116608e-03 2.166510187089443207e-02 1.640425994992256165e-02 9.116242639720439911e-03 3.736469149589538574e-02 3.754297643899917603e-02 1.743954606354236603e-02 2.012064494192600250e-02 1.422392204403877258e-02 1.471105031669139862e-03 2.037882059812545776e-02 3.776806872338056564e-03 5.219084676355123520e-03 3.314202651381492615e-03 1.075148023664951324e-02 4.544752649962902069e-03 9.067750070244073868e-04 7.746713235974311829e-03 9.558714926242828369e-03 1.070682797580957413e-02 1.633644849061965942e-02 1.475496031343936920e-02 1.222965493798255920e-02 8.387899026274681091e-03 1.875925064086914062e-02 1.585195958614349365e-02 2.513911947607994080e-02 4.054170101881027222e-02 7.075038272887468338e-03 5.669323727488517761e-03 3.400035947561264038e-02 3.385988622903823853e-02 3.394839540123939514e-02 2.845879457890987396e-02 4.680819343775510788e-03 4.223910160362720490e-03 2.640204317867755890e-02 1.272745989263057709e-02 2.023916132748126984e-02 1.240377593785524368e-02 2.649088948965072632e-02 2.898876368999481201e-02 1.924872398376464844e-02 1.930191926658153534e-02 2.389679662883281708e-02 2.149508707225322723e-02 1.841375976800918579e-02 2.270230464637279510e-02 2.428655885159969330e-02 2.812584489583969116e-02 1.172483153641223907e-02 1.063777692615985870e-02 3.091961331665515900e-02 2.449539676308631897e-02 7.319519296288490295e-03 8.371116593480110168e-03
