8.383318781852722168e-01 5.937299504876136780e-02 1.855354383587837219e-02 2.180156111717224121e-02 2.107315324246883392e-02 4.893105477094650269e-02 4.008352756500244141e-02 1.491570565849542618e-02 2.661364711821079254e-02 7.143371272832155228e-03 5.125239118933677673e-02 2.016294514760375023e-03 5.650775134563446045e-02 5.332485772669315338e-03 4.198481142520904541e-02 1.491624955087900162e-02 1.887699775397777557e-02 3.134318441152572632e-02 3.337786346673965454e-02 1.013422105461359024e-02 1.020443718880414963e-02 3.537303581833839417e-02 9.905175305902957916e-03 8.349922718480229378e-04 9.888594038784503937e-03 1.357086934149265289e-03 3.345156088471412659e-02 1.358071900904178619e-02 3.712490573525428772e-02 2.482510916888713837e-02 3.720455616712570190e-02 9.255724959075450897e-03 1.060304883867502213e-02 1.160538569092750549e-02 4.440451972186565399e-03 1.097851525992155075e-02 6.867903750389814377e-03 2.927495539188385010e-02 3.470856230705976486e-03 1.368263084441423416e-02 3.049677982926368713e-02 9.484998881816864014e-03 7.980364374816417694e-03 1.183487381786108017e-02 2.010343223810195923e-02 2.229168079793453217e-02 4.009657353162765503e-02 3.767090663313865662e-02 5.850486923009157181e-03 1.036703772842884064e-02 2.285157097503542900e-03 6.193967419676482677e-04 1.479468028992414474e-02 9.099836461246013641e-03 6.426100619137287140e-03 3.445009002462029457e-03 1.378825679421424866e-02 8.707403205335140228e-03 6.517742876894772053e-04 4.607097245752811432e-03 1.151259336620569229e-02 1.907213404774665833e-02 1.837481372058391571e-02 3.063417272642254829e-03 2.026693150401115417e-02 2.949845790863037109e-02 2.659331774339079857e-03 1.964634051546454430e-03 8.939745835959911346e-03 1.937576010823249817e-02 7.373137865215539932e-03 1.800849288702011108e-02 2.296813018620014191e-02 2.052840404212474823e-02 1.492701843380928040e-02 8.922714740037918091e-03 3.660237789154052734e-02 1.326617132872343063e-02 7.226058747619390488e-03 7.053777575492858887e-03 7.350713713094592094e-05 4.179230891168117523e-04 1.326362416148185730e-02 2.359777875244617462e-02 2.639879530761390924e-04 9.721026755869388580e-03 2.399348095059394836e-02 2.866105362772941589e-02 1.193159841932356358e-03 1.539041567593812943e-02 4.140025377273559570e-02 3.173204883933067322e-02 2.941499650478363037e-02 2.813338488340377808e-02 2.170460298657417297e-02 2.274129167199134827e-02 1.985593140125274658e-02 2.523724921047687531e-03 3.533503506332635880e-03 3.017282811924815178e-03 2.274721674621105194e-02 1.612907834351062775e-02 2.038612216711044312e-02 1.678245142102241516e-02 1.889057084918022156e-02 8.634566329419612885e-03 2.591645903885364532e-02 2.912141848355531693e-03 2.342927269637584686e-02 1.706630922853946686e-02 4.730687476694583893e-03 1.848807930946350098e-02 3.170513082295656204e-03 4.133891314268112183e-03 8.485961705446243286e-03 1.718582957983016968e-02
5.937299504876136780e-02 8.383318781852722168e-01 1.943722367286682129e-02 3.035740926861763000e-02 2.305085398256778717e-02 4.560180008411407471e-02 5.089251697063446045e-02 7.428398821502923965e-03 2.994598262012004852e-02 1.346498494967818260e-03 3.640415519475936890e-02 3.516857395879924297e-04 5.895118042826652527e-02 2.708930289372801781e-03 3.336417675018310547e-02 6.260963156819343567e-03 7.407038938254117966e-03 3.152895718812942505e-02 3.223317861557006836e-02 2.240677364170551300e-03 3.299460513517260551e-03 3.607996180653572083e-02 1.294529996812343597e-02 5.267112050205469131e-03 2.058454556390643120e-03 3.015997353941202164e-03 3.332633525133132935e-02 1.643344387412071228e-02 3.033656626939773560e-02 2.112224698066711426e-02 3.616589680314064026e-02 6.176983006298542023e-03 2.109677903354167938e-02 1.195700932294130325e-02 9.765169583261013031e-03 3.651413833722472191e-03 9.260362014174461365e-03 2.579252794384956360e-02 2.704764192458242178e-04 1.496591325849294662e-02 2.853628247976303101e-02 4.486427176743745804e-03 5.254921037703752518e-03 3.926126752048730850e-03 1.921570859849452972e-02 1.684924028813838959e-02 3.885324299335479736e-02 4.109703004360198975e-02 7.583280559629201889e-03 1.384692825376987457e-02 3.151227720081806183e-03 1.122496789321303368e-03 1.337476074695587158e-03 8.072352968156337738e-03 3.098918125033378601e-03 8.040471002459526062e-03 1.395229995250701904e-02 1.709345169365406036e-02 2.088939538225531578e-03 3.097965847700834274e-03 1.268592197448015213e-02 2.773042581975460052e-02 2.455368638038635254e-02 6.749855354428291321e-03 1.520397514104843140e-02 3.214562684297561646e-02 6.649106740951538086e-03 3.330804640427231789e-03 1.311146002262830734e-02 2.200612053275108337e-02 1.286705862730741501e-02 2.475114725530147552e-02 2.185961231589317322e-02 1.791298575699329376e-02 1.888301037251949310e-02 1.017105858772993088e-02 3.579933568835258484e-02 1.228238642215728760e-02 4.205878358334302902e-03 7.319048512727022171e-03 1.428060978651046753e-02 6.629476323723793030e-03 1.994797773659229279e-02 2.399632893502712250e-02 4.935774020850658417e-03 1.168381236493587494e-02 1.139931287616491318e-02 2.890076488256454468e-02 1.296375505626201630e-02 7.217664271593093872e-03 4.271785914897918701e-02 2.901997603476047516e-02 3.768823668360710144e-02 3.145112097263336182e-02 1.680493354797363281e-02 1.790725253522396088e-02 1.655915752053260803e-02 8.920359425246715546e-03 4.570254590362310410e-03 6.280137225985527039e-03 1.797426305711269379e-02 1.906558498740196228e-02 1.912624202668666840e-02 1.159500237554311752e-02 1.365516800433397293e-02 1.412327308207750320e-02 1.859651692211627960e-02 5.400829482823610306e-03 2.903426438570022583e-02 1.486007682979106903e-02 2.709417138248682022e-03 2.591778710484504700e-02 4.352930933237075806e-03 8.988195913843810558e-04 8.145504631102085114e-03 2.164575457572937012e-02
1.855354383587837219e-02 1.943722367286682129e-02 8.383318781852722168e-01 2.186362817883491516e-02 2.075276523828506470e-02 7.028311491012573242e-03 7.106308359652757645e-03 5.488041415810585022e-02 1.327070314437150955e-02 2.914933860301971436e-02 2.778044901788234711e-02 3.325408697128295898e-02 3.642856702208518982e-02 2.959415316581726074e-02 5.801649764180183411e-03 5.898901727050542831e-03 1.025462616235017776e-02 4.813136998564004898e-03 1.591516286134719849e-02 6.507735088234767318e-05 4.398133140057325363e-03 1.282749231904745102e-02 4.759424831718206406e-03 1.799247809685766697e-03 4.106084816157817841e-03 5.497508216649293900e-03 3.730747476220130920e-02 1.097368192858994007e-03 2.165574394166469574e-02 1.452333200722932816e-02 2.527234889566898346e-02 5.558433476835489273e-03 7.852763868868350983e-03 1.388282980769872665e-02 2.663702704012393951e-03 3.705622220877557993e-04 1.875957474112510681e-02 2.476844750344753265e-02 7.910428568720817566e-03 2.542423782870173454e-03 9.662375785410404205e-03 1.432786695659160614e-02 3.176320111379027367e-03 9.926121681928634644e-03 1.112221856601536274e-03 4.448818974196910858e-03 1.400915347039699554e-02 2.251371368765830994e-02 7.813544012606143951e-03 5.120816174894571304e-03 1.428445614874362946e-02 1.204880699515342712e-02 4.854546859860420227e-03 8.027412928640842438e-03 1.370954606682062149e-02 9.601229801774024963e-03 1.080083427950739861e-03 2.080581762129440904e-04 1.307742670178413391e-02 8.341766893863677979e-03 1.521142572164535522e-02 1.765496656298637390e-02 1.698277331888675690e-02 3.939840942621231079e-03 4.673730116337537766e-03 2.274460345506668091e-02 1.219450868666172028e-02 1.568396203219890594e-02 5.607520695775747299e-03 1.411234377883374691e-03 2.459810115396976471e-02 1.694107241928577423e-02 2.437650784850120544e-02 1.186132803559303284e-02 5.322073586285114288e-03 5.391358863562345505e-03 1.058684778399765491e-03 2.726764790713787079e-02 9.124516509473323822e-03 1.252898853272199631e-02 6.895707547664642334e-02 6.012044847011566162e-02 1.091915089637041092e-02 1.962779834866523743e-02 1.052309852093458176e-02 1.856013695942237973e-04 2.746972069144248962e-02 6.897127255797386169e-03 1.272588502615690231e-02 6.288090255111455917e-03 1.537170168012380600e-02 2.214785665273666382e-02 1.718934066593647003e-02 2.622495964169502258e-02 4.571112804114818573e-03 9.688958525657653809e-03 8.459017612040042877e-03 1.006903592497110367e-02 1.323479972779750824e-02 1.108104013837873936e-03 7.475314661860466003e-03 1.100797299295663834e-02 1.444344501942396164e-02 2.904723398387432098e-03 3.204928711056709290e-02 1.452246680855751038e-02 4.275032319128513336e-03 7.809189148247241974e-03 2.447462268173694611e-02 1.074966508895158768e-02 2.253203094005584717e-02 1.071721035987138748e-02 2.592821791768074036e-02 1.462354511022567749e-02 1.387776806950569153e-02 3.446838585659861565e-03
2.180156111717224121e-02 3.035740926861763000e-02 2.186362817883491516e-02 8.383318781852722168e-01 6.284897029399871826e-02 1.615755446255207062e-02 2.565497532486915588e-02 3.954879008233547211e-03 1.784650608897209167e-02 8.517658337950706482e-03 1.031599938869476318e-02 1.417666114866733551e-02 1.659687981009483337e-02 1.124981883913278580e-02 6.715976633131504059e-03 1.324448548257350922e-02 7.972834631800651550e-03 2.505856752395629883e-02 1.772221736609935760e-02 2.388236857950687408e-02 1.423676405102014542e-02 9.398777037858963013e-03 9.775607613846659660e-04 1.412978861480951309e-02 1.118961628526449203e-02 8.240109309554100037e-04 4.946488887071609497e-03 1.021665893495082855e-02 2.098388038575649261e-02 1.384521275758743286e-02 1.399526558816432953e-02 7.007001899182796478e-03 3.018018975853919983e-02 1.131649501621723175e-02 8.260471513494849205e-04 7.005117367953062057e-03 7.850085385143756866e-03 4.220295697450637817e-03 4.437840357422828674e-02 4.590898379683494568e-02 9.416757151484489441e-03 9.556818753480911255e-03 1.595638319849967957e-02 3.472921997308731079e-02 1.255571004003286362e-02 2.179000154137611389e-02 1.610641740262508392e-02 3.059468977153301239e-02 2.431907132267951965e-02 2.356647886335849762e-02 1.207569614052772522e-02 7.615666836500167847e-03 5.447153307613916695e-05 2.390497131273150444e-03 3.157828003168106079e-02 2.139604039257392287e-04 2.343665622174739838e-02 1.744330301880836487e-02 1.618617586791515350e-02 1.282870210707187653e-02 3.991794213652610779e-02 1.663835346698760986e-02 3.466464206576347351e-02 7.943331263959407806e-03 1.223410107195377350e-02 1.397466380149126053e-02 2.304661646485328674e-02 1.605426520109176636e-02 1.671506837010383606e-02 2.417550049722194672e-02 1.240499224513769150e-02 1.580356992781162262e-02 4.048866406083106995e-02 1.933850720524787903e-02 2.348027192056179047e-02 1.035546325147151947e-02 3.019469790160655975e-02 8.683404885232448578e-03 5.848867353051900864e-03 1.853218860924243927e-02 3.306349972262978554e-03 1.839039614424109459e-03 3.075219877064228058e-02 2.471788786351680756e-02 1.661741547286510468e-02 9.189877659082412720e-03 1.293071196414530277e-03 8.806259371340274811e-03 2.937733754515647888e-02 4.436601884663105011e-03 2.819434367120265961e-02 1.527868118137121201e-02 3.091229870915412903e-02 1.890491135418415070e-02 1.442201063036918640e-02 5.893410183489322662e-03 7.030506618320941925e-03 9.700960945338010788e-04 1.451087417080998421e-03 7.119099609553813934e-03 1.105859875679016113e-02 7.658164831809699535e-04 1.348459441214799881e-02 2.777048619464039803e-03 1.791345141828060150e-02 1.132704876363277435e-02 4.926196299493312836e-03 1.699739880859851837e-02 1.951565616764128208e-03 7.368846796452999115e-03 8.675430901348590851e-03 4.865698516368865967e-03 1.042523328214883804e-02 1.410683733411133289e-03 1.128335017710924149e-02 1.053149811923503876e-02
2.107315324246883392e-02 2.305085398256778717e-02 2.075276523828506470e-02 6.284897029399871826e-02 8.383318781852722168e-01 1.162691228091716766e-02 1.925376243889331818e-02 2.467439742758870125e-03 1.962724141776561737e-02 9.144558571279048920e-03 8.405930362641811371e-03 1.673906482756137848e-02 7.692725397646427155e-03 2.059346809983253479e-02 1.972840540111064911e-02 1.860792003571987152e-02 2.776345796883106232e-02 2.650513686239719391e-02 3.179067000746726990e-02 2.619758481159806252e-03 4.626131150871515274e-03 9.619870223104953766e-03 7.973129861056804657e-03 1.339805312454700470e-02 2.669524168595671654e-03 6.826777476817369461e-03 1.178581640124320984e-02 5.311578046530485153e-03 2.192651666700839996e-02 6.410364527255296707e-03 1.821315288543701172e-02 1.285349950194358826e-02 2.563610672950744629e-02 5.167896961211226881e-05 1.904610171914100647e-02 1.534758717752993107e-03 4.021196626126766205e-03 2.294928953051567078e-02 4.818498715758323669e-02 5.530515313148498535e-02 2.250359579920768738e-02 3.438937710598111153e-04 7.070589810609817505e-03 1.293853390961885452e-02 8.891587145626544952e-03 2.321252413094043732e-02 1.759793423116207123e-02 2.592424303293228149e-02 5.728184245526790619e-03 2.235851250588893890e-02 1.769596710801124573e-02 1.584790274500846863e-02 1.251880638301372528e-02 1.219195593148469925e-02 1.022897008806467056e-02 3.377442713826894760e-03 8.879525586962699890e-03 1.400708034634590149e-02 7.972417399287223816e-03 9.079390205442905426e-03 1.982346549630165100e-02 1.281398255378007889e-02 3.810794651508331299e-02 1.839479431509971619e-02 1.183633878827095032e-02 1.249705720692873001e-02 5.297695286571979523e-03 1.041138265281915665e-02 1.239560917019844055e-02 2.646145969629287720e-02 2.027542516589164734e-02 1.389731466770172119e-02 3.428179398179054260e-02 2.711958810687065125e-02 4.223488271236419678e-02 1.323988940566778183e-02 1.993633620440959930e-02 2.104013413190841675e-02 1.636639982461929321e-02 8.603724651038646698e-03 4.722473211586475372e-03 3.367447992786765099e-03 2.690514549612998962e-02 4.401313140988349915e-02 8.592344820499420166e-03 1.080758869647979736e-03 2.136750705540180206e-02 9.439392015337944031e-03 2.410773746669292450e-02 1.624742522835731506e-02 2.316293865442276001e-02 1.765177957713603973e-02 2.630227617919445038e-02 1.507097017019987106e-02 2.323028817772865295e-02 2.065488137304782867e-02 7.804626366123557091e-04 1.967822946608066559e-02 3.640950424596667290e-03 6.450421642512083054e-03 2.179306373000144958e-02 9.308647364377975464e-03 2.260444313287734985e-02 2.725699171423912048e-02 1.910945214331150055e-02 1.489993184804916382e-02 6.089309696108102798e-03 1.410312019288539886e-02 7.080785930156707764e-03 1.122784800827503204e-02 1.642744615674018860e-02 1.357224117964506149e-02 6.265639793127775192e-03 3.286351915448904037e-03 9.422054514288902283e-03 3.530232701450586319e-03
4.893105477094650269e-02 4.560180008411407471e-02 7.028311491012573242e-03 1.615755446255207062e-02 1.162691228091716766e-02 8.383318781852722168e-01 5.834111943840980530e-02 8.452812209725379944e-03 3.072301857173442841e-02 1.293932646512985229e-02 5.324827879667282104e-02 2.502370998263359070e-02 3.774689510464668274e-02 1.943259267136454582e-03 3.294710442423820496e-02 4.070271737873554230e-03 6.681806553388014436e-05 2.702978067100048065e-02 1.927991583943367004e-02 4.059444181621074677e-03 1.081208977848291397e-02 2.304542809724807739e-02 4.369024187326431274e-03 6.899858126416802406e-04 8.253592997789382935e-03 1.262475270777940750e-03 2.677877806127071381e-02 8.053976111114025116e-03 3.642109036445617676e-02 1.558135822415351868e-02 3.324823826551437378e-02 5.514320917427539825e-03 9.241187945008277893e-03 1.098494790494441986e-02 8.056319784373044968e-04 1.210135687142610550e-02 5.184052046388387680e-03 2.442209608852863312e-02 5.957411602139472961e-03 3.007151652127504349e-03 2.423242293298244476e-02 8.274432271718978882e-03 1.979577168822288513e-02 4.845435265451669693e-03 3.019642457365989685e-02 2.544999867677688599e-02 6.165823712944984436e-02 4.252371937036514282e-02 1.090683508664369583e-02 1.475675031542778015e-02 5.830754060298204422e-03 7.777949213050305843e-04 5.533354356884956360e-03 1.774325035512447357e-02 1.498134620487689972e-02 1.775384135544300079e-02 2.242025360465049744e-02 1.673704199492931366e-02 1.479138527065515518e-02 1.169375889003276825e-02 2.073455788195133209e-02 7.264335174113512039e-03 2.180940099060535431e-02 3.299413656350225210e-04 1.898238807916641235e-02 3.038176335394382477e-02 3.606918035075068474e-03 5.751149263232946396e-03 2.180730458348989487e-03 1.445580925792455673e-02 2.619403647258877754e-03 1.294867787510156631e-02 1.970274001359939575e-02 8.960543200373649597e-03 9.847536683082580566e-03 2.456308156251907349e-02 3.513044118881225586e-02 1.411329256370663643e-03 1.616670005023479462e-02 3.041112795472145081e-02 1.007463131099939346e-02 9.207048453390598297e-03 2.904078550636768341e-02 2.553841099143028259e-02 9.572726674377918243e-03 2.830580109730362892e-03 1.804674230515956879e-02 2.020734176039695740e-02 8.964198641479015350e-03 3.051705844700336456e-02 5.201072618365287781e-02 2.445342577993869781e-02 4.015651717782020569e-02 2.508483827114105225e-02 4.185019992291927338e-03 8.688765577971935272e-03 1.448230817914009094e-02 4.632245749235153198e-03 7.754171267151832581e-03 4.824136383831501007e-03 9.584124200046062469e-03 7.821965031325817108e-03 1.049806736409664154e-02 1.138961408287286758e-02 2.732161199674010277e-03 6.825477816164493561e-03 4.739507567137479782e-03 3.122898750007152557e-03 4.795418120920658112e-03 2.299273759126663208e-02 4.669656511396169662e-03 1.597638800740242004e-02 1.082106027752161026e-03 4.532981198281049728e-03 6.853382801637053490e-04 1.613239198923110962e-02
4.008352756500244141e-02 5.089251697063446045e-02 7.106308359652757645e-03 2.565497532486915588e-02 1.925376243889331818e-02 5.834111943840980530e-02 8.383318781852722168e-01 1.226786989718675613e-02 2.661720849573612213e-02 4.593797028064727783e-03 4.189460724592208862e-02 2.091719023883342743e-02 3.835313394665718079e-02 1.233214419335126877e-02 2.746680192649364471e-02 1.702943234704434872e-03 2.597207203507423401e-03 2.239804528653621674e-02 2.107308432459831238e-02 8.771453052759170532e-03 3.020565956830978394e-03 3.101086989045143127e-02 3.820524725597351789e-04 1.657889224588871002e-03 3.582719014957547188e-03 6.401413585990667343e-03 3.170419856905937195e-02 9.886300191283226013e-03 3.730807825922966003e-02 1.417663693428039551e-02 3.246375545859336853e-02 1.222991966642439365e-03 1.088109053671360016e-02 1.036679465323686600e-02 9.355212387163192034e-05 1.433279830962419510e-02 7.520751096308231354e-04 2.786997705698013306e-02 1.615190180018544197e-03 1.108955219388008118e-02 3.049052320420742035e-02 1.868837699294090271e-02 5.081435665488243103e-03 6.443267222493886948e-03 3.730960935354232788e-02 3.204676136374473572e-02 5.321687459945678711e-02 5.216103792190551758e-02 1.757986284792423248e-02 6.574747967533767223e-04 1.282666902989149094e-02 1.260913815349340439e-02 9.314852766692638397e-03 6.486207246780395508e-03 1.341551356017589569e-02 2.422939985990524292e-03 2.449901029467582703e-02 3.138512000441551208e-02 2.976810559630393982e-03 1.051844810717739165e-04 1.481280103325843811e-02 2.059362642467021942e-02 1.652269624173641205e-02 5.034219473600387573e-03 2.518527582287788391e-02 3.889752179384231567e-02 8.906196802854537964e-03 2.252187259728088975e-04 1.772525720298290253e-02 2.730865031480789185e-02 1.637434959411621094e-02 2.580316737294197083e-02 2.535910345613956451e-02 1.754123717546463013e-02 1.808968745172023773e-02 1.963773369789123535e-02 3.597776964306831360e-02 2.946172608062624931e-03 2.125831879675388336e-02 1.321067754179239273e-02 5.913138855248689651e-03 1.753055606968700886e-03 2.794262208044528961e-02 1.710424199700355530e-02 9.328531101346015930e-03 4.575442522764205933e-03 1.123198773711919785e-02 3.203488513827323914e-02 1.774793490767478943e-02 1.206898503005504608e-02 4.892454296350479126e-02 2.897286415100097656e-02 5.061584711074829102e-02 3.073965013027191162e-02 7.319333497434854507e-03 1.278797071427106857e-02 1.105588674545288086e-02 6.563221570104360580e-03 4.024451132863759995e-03 1.267115701921284199e-03 1.315246149897575378e-02 1.330624707043170929e-02 2.023577503859996796e-02 1.554355584084987640e-02 3.988214302808046341e-03 2.155625261366367340e-03 6.266193930059671402e-03 6.078356411308050156e-03 1.244332920759916306e-02 2.575419656932353973e-02 6.705714389681816101e-03 2.611528523266315460e-02 6.982477381825447083e-03 4.050707910209894180e-03 5.151884164661169052e-03 1.571782864630222321e-02
1.491570565849542618e-02 7.428398821502923965e-03 5.488041415810585022e-02 3.954879008233547211e-03 2.467439742758870125e-03 8.452812209725379944e-03 1.226786989718675613e-02 8.383318781852722168e-01 1.143950689584016800e-02 1.399844512343406677e-02 2.624582033604383469e-03 3.752410784363746643e-02 1.111302874051034451e-03 1.251260563731193542e-02 4.510594159364700317e-02 9.601460769772529602e-03 1.093892753124237061e-02 1.711762743070721626e-03 7.948671118356287479e-04 5.116182379424571991e-03 2.039398066699504852e-02 1.320444140583276749e-02 1.446901541203260422e-02 1.766990311443805695e-02 1.330205891281366348e-02 1.424142811447381973e-02 1.077599450945854187e-02 1.500598527491092682e-02 3.210357856005430222e-03 1.559924427419900894e-02 5.604740697890520096e-03 1.974165439605712891e-02 1.945048198103904724e-02 2.263432927429676056e-02 1.606214605271816254e-02 1.313154585659503937e-02 1.265585143119096756e-02 4.371261748019605875e-04 3.583485726267099380e-03 4.269629425834864378e-04 1.552253309637308121e-02 9.948234073817729950e-03 1.306417025625705719e-02 9.417607448995113373e-03 6.073231808841228485e-03 2.000005729496479034e-02 3.226583357900381088e-03 3.231773152947425842e-03 1.798116043210029602e-02 1.069627981632947922e-02 3.272456675767898560e-02 2.555774524807929993e-02 7.208405295386910439e-04 9.933520108461380005e-03 5.415543913841247559e-03 1.537037547677755356e-02 1.052211504429578781e-02 1.372567145153880119e-03 8.277036249637603760e-03 3.762958571314811707e-03 2.318955026566982269e-02 2.175293862819671631e-02 6.199769675731658936e-03 1.846693083643913269e-02 9.552899748086929321e-03 1.421085931360721588e-02 1.778561063110828400e-02 2.514746226370334625e-02 6.635226774960756302e-03 1.119034131988883018e-03 2.566006034612655640e-02 1.047455146908760071e-02 3.294296329841017723e-03 1.554474327713251114e-02 1.769147580489516258e-03 7.689118850976228714e-03 8.355421014130115509e-03 1.400475203990936279e-02 7.398144807666540146e-03 6.659016478806734085e-03 7.216113060712814331e-02 7.749448716640472412e-02 1.747353118844330311e-03 2.444057725369930267e-03 1.198553107678890228e-02 1.432065665721893311e-02 5.006590113043785095e-02 2.739279717206954956e-02 3.718362655490636826e-03 7.726017851382493973e-03 3.183673834428191185e-03 2.687192289158701897e-03 8.426759392023086548e-03 7.804631721228361130e-03 6.385216023772954941e-03 1.197746116667985916e-02 4.237215500324964523e-03 1.723294891417026520e-02 2.064383961260318756e-02 1.722072716802358627e-03 8.288077078759670258e-03 5.035493522882461548e-03 2.868375042453408241e-03 8.698543533682823181e-03 5.981019698083400726e-03 5.636590532958507538e-03 5.430990830063819885e-03 3.203830495476722717e-02 8.729491382837295532e-03 2.326139248907566071e-02 1.377220172435045242e-02 3.788194153457880020e-03 1.518894080072641373e-02 3.276230394840240479e-02 1.248500682413578033e-02 6.735864095389842987e-03
2.661364711821079254e-02 2.994598262012004852e-02 1.327070314437150955e-02 1.784650608897209167e-02 1.962724141776561737e-02 3.072301857173442841e-02 2.661720849573612213e-02 1.143950689584016800e-02 8.383318781852722168e-01 3.300919383764266968e-02 1.427766494452953339e-02 3.149436041712760925e-02 6.883595604449510574e-03 1.737893186509609222e-02 1.935731247067451477e-02 1.681292988359928131e-02 2.480836585164070129e-02 4.681144282221794128e-02 1.951196044683456421e-02 5.799488630145788193e-03 2.486657164990901947e-02 2.528461441397666931e-02 7.092367857694625854e-03 8.684877306222915649e-03 4.533234983682632446e-03 1.251160074025392532e-02 8.856110274791717529e-03 2.651915326714515686e-02 2.374324575066566467e-02 2.605786547064781189e-02 1.419900078326463699e-02 3.300365991890430450e-03 2.280884794890880585e-02 6.545300595462322235e-03 9.818643331527709961e-03 9.414508007466793060e-03 1.162272319197654724e-02 1.251858472824096680e-02 7.850597612559795380e-03 1.000673789530992508e-02 3.098255582153797150e-02 5.124855786561965942e-03 5.182899534702301025e-03 5.456609185785055161e-03 1.872754842042922974e-02 1.988964900374412537e-02 2.922499552369117737e-02 2.316755987703800201e-02 1.713504828512668610e-02 1.767633482813835144e-02 1.977659575641155243e-02 1.873710192739963531e-02 1.035479945130646229e-03 1.547251362353563309e-03 1.819191500544548035e-02 1.462160423398017883e-02 2.656844817101955414e-02 8.661640807986259460e-03 1.383571326732635498e-02 1.188061013817787170e-02 1.421974692493677139e-02 9.695263579487800598e-03 1.287620887160301208e-02 3.372787963598966599e-03 2.820948511362075806e-02 2.212291583418846130e-02 2.363804494962096214e-03 9.620198979973793030e-03 2.920060977339744568e-02 1.846192590892314911e-02 1.171130407601594925e-02 1.475526485592126846e-03 3.864572383463382721e-03 1.932738348841667175e-03 4.357804078608751297e-03 5.368598271161317825e-03 5.020703002810478210e-02 4.214065521955490112e-02 2.564644254744052887e-02 1.010104082524776459e-02 2.965630590915679932e-02 1.277347188442945480e-02 2.589196525514125824e-02 2.855652570724487305e-02 1.330557279288768768e-02 3.173195291310548782e-03 3.965118527412414551e-02 1.731908880174160004e-02 2.898987196385860443e-02 2.618680940940976143e-03 3.569003567099571228e-02 2.275479398667812347e-02 2.225396037101745605e-02 2.103693038225173950e-02 2.165568433701992035e-02 1.700579747557640076e-02 2.244341932237148285e-02 9.014393202960491180e-03 6.357692182064056396e-03 7.982658222317695618e-03 1.049053203314542770e-02 4.714092705398797989e-03 1.599394716322422028e-02 5.381076596677303314e-03 2.385520376265048981e-03 1.114590372890233994e-02 9.278741665184497833e-03 1.260124891996383667e-02 3.584654303267598152e-03 1.171032804995775223e-02 1.628233306109905243e-02 9.791458956897258759e-03 1.098090503364801407e-02 5.237061996012926102e-03 2.984435670077800751e-02 3.281438723206520081e-03
7.143371272832155228e-03 1.346498494967818260e-03 2.914933860301971436e-02 8.517658337950706482e-03 9.144558571279048920e-03 1.293932646512985229e-02 4.593797028064727783e-03 1.399844512343406677e-02 3.300919383764266968e-02 8.383318781852722168e-01 2.097290381789207458e-02 3.346558660268783569e-03 1.465988717973232269e-02 2.768518775701522827e-02 2.104572486132383347e-03 1.750829443335533142e-02 4.559426754713058472e-02 1.321909669786691666e-02 3.424006700515747070e-02 2.724295668303966522e-02 1.947856880724430084e-02 9.263765998184680939e-03 1.854885742068290710e-02 3.174157068133354187e-02 2.037353627383708954e-02 1.976322010159492493e-02 6.247554440051317215e-03 9.658521972596645355e-03 3.319639246910810471e-03 7.631733082234859467e-03 3.759149403776973486e-04 1.627878099679946899e-02 1.488765794783830643e-02 9.290612302720546722e-03 6.295071449130773544e-03 2.680013515055179596e-02 2.792574651539325714e-02 1.551986642880365252e-04 1.787806861102581024e-02 2.022593095898628235e-02 1.924811489880084991e-02 1.609387807548046112e-02 2.280096895992755890e-02 5.892617627978324890e-03 4.366992041468620300e-03 1.863644644618034363e-02 5.053839180618524551e-03 6.644921377301216125e-03 9.717006236314773560e-03 2.470720000565052032e-02 2.852704934775829315e-02 3.128468245267868042e-02 1.167986635118722916e-02 1.202637515962123871e-02 4.083323292434215546e-03 3.612984716892242432e-02 6.168868392705917358e-03 7.956106215715408325e-03 3.259219229221343994e-02 2.518499083817005157e-02 1.629225723445415497e-02 1.362707698717713356e-03 4.324718844145536423e-03 7.590024266391992569e-03 1.230853609740734100e-02 1.180154271423816681e-03 1.591553725302219391e-02 5.335068330168724060e-03 3.864701464772224426e-02 2.223683334887027740e-02 4.446455091238021851e-02 6.710440851747989655e-03 3.361540846526622772e-03 2.349155768752098083e-02 1.768511161208152771e-02 1.459857821464538574e-02 1.964817382395267487e-02 6.466628611087799072e-02 7.599569391459226608e-03 6.860776990652084351e-02 2.662280760705471039e-02 4.386923462152481079e-02 5.568535067141056061e-03 1.150104962289333344e-02 1.197660248726606369e-02 1.529063098132610321e-02 2.746363729238510132e-02 1.256781350821256638e-02 9.264257387258112431e-04 4.133400321006774902e-02 6.575970444828271866e-03 6.446602637879550457e-04 8.450875058770179749e-03 2.255603438243269920e-03 3.091250173747539520e-02 3.584662079811096191e-02 2.697301097214221954e-02 1.823614537715911865e-02 2.727850712835788727e-02 3.708249703049659729e-02 1.315890997648239136e-02 6.575749255716800690e-03 2.276269905269145966e-02 7.739844731986522675e-04 8.473429828882217407e-03 1.187839824706315994e-02 1.808842830359935760e-02 7.515704492107033730e-04 7.545310072600841522e-03 9.869664063444361091e-05 3.279438614845275879e-02 4.397185519337654114e-03 5.834430456161499023e-03 6.498838309198617935e-03 3.067569620907306671e-02 1.047069672495126724e-02
5.125239118933677673e-02 3.640415519475936890e-02 2.778044901788234711e-02 1.031599938869476318e-02 8.405930362641811371e-03 5.324827879667282104e-02 4.189460724592208862e-02 2.624582033604383469e-03 1.427766494452953339e-02 2.097290381789207458e-02 8.383318781852722168e-01 1.214931905269622803e-02 5.368315055966377258e-02 1.043166033923625946e-02 3.524412959814071655e-02 4.711222834885120392e-03 5.068343132734298706e-03 1.950132101774215698e-02 8.917798288166522980e-03 1.184950489550828934e-02 1.182324532419443130e-02 2.909958548843860626e-02 1.579705858603119850e-03 2.006024587899446487e-03 1.710515841841697693e-02 7.320141885429620743e-03 3.029563277959823608e-02 4.220100119709968567e-03 4.642964154481887817e-02 1.641926169395446777e-02 4.225900024175643921e-02 7.876149611547589302e-04 1.039705006405711174e-03 1.289684046059846878e-02 1.076904707588255405e-03 1.252266112715005875e-02 2.151094144210219383e-03 2.325646765530109406e-02 2.898522419854998589e-03 3.519658697769045830e-03 1.827168278396129608e-02 2.792413579300045967e-03 1.043094787746667862e-02 1.022660452872514725e-02 2.920257300138473511e-02 2.187706902623176575e-02 5.151519179344177246e-02 4.720268398523330688e-02 3.370821359567344189e-04 1.055190898478031158e-02 7.230248302221298218e-03 2.630275208503007889e-03 1.200404856353998184e-02 5.208125803619623184e-03 6.604263093322515488e-03 2.171201631426811218e-02 2.595288306474685669e-02 2.102954126894474030e-02 5.373654421418905258e-03 1.024057506583631039e-03 1.280679926276206970e-02 2.567907562479376793e-03 1.046219840645790100e-02 3.816817770712077618e-04 3.156626597046852112e-02 4.389255121350288391e-02 1.137578487396240234e-02 9.121417999267578125e-03 5.573315545916557312e-03 1.643748395144939423e-02 1.198669616132974625e-02 1.440731063485145569e-02 1.559626031666994095e-02 9.339118376374244690e-03 2.061822218820452690e-03 1.956312730908393860e-02 2.628362365067005157e-02 1.243310142308473587e-02 1.400899328291416168e-02 2.764274924993515015e-02 6.370449555106461048e-04 1.465528551489114761e-02 2.413206733763217926e-02 2.136958949267864227e-02 1.183558534830808640e-02 1.742399181239306927e-03 2.026959508657455444e-02 3.073182515799999237e-02 5.223494488745927811e-03 3.173653036355972290e-02 5.004917457699775696e-02 3.750174865126609802e-02 3.980940952897071838e-02 2.980659715831279755e-02 2.902841661125421524e-03 2.654232550412416458e-03 1.008835341781377792e-02 5.388816818594932556e-03 6.378145888447761536e-03 2.983829472213983536e-03 1.661218889057636261e-02 1.346234884113073349e-02 1.243837457150220871e-02 1.454241666942834854e-02 1.543960347771644592e-02 3.890406806021928787e-03 1.266735419631004333e-02 4.449341446161270142e-03 8.424125611782073975e-03 2.546364068984985352e-02 4.761415533721446991e-03 1.964753679931163788e-02 1.542459428310394287e-02 1.281111594289541245e-02 4.433119669556617737e-03 1.683890447020530701e-02
2.016294514760375023e-03 3.516857395879924297e-04 3.325408697128295898e-02 1.417666114866733551e-02 1.673906482756137848e-02 2.502370998263359070e-02 2.091719023883342743e-02 3.752410784363746643e-02 3.149436041712760925e-02 3.346558660268783569e-03 1.214931905269622803e-02 8.383318781852722168e-01 1.485929638147354126e-02 6.910313665866851807e-02 3.651697887107729912e-03 8.018682710826396942e-03 3.925100434571504593e-03 4.979628603905439377e-03 1.313164713792502880e-03 5.244495347142219543e-03 2.711544511839747429e-03 2.020366955548524857e-03 1.786064967745915055e-04 5.391070153564214706e-03 7.508155889809131622e-03 1.176058314740657806e-02 1.050316076725721359e-02 3.135602548718452454e-02 8.802610449492931366e-03 4.200077429413795471e-02 4.609706811606884003e-03 4.107107874006032944e-03 1.159191248007118702e-03 1.292206812649965286e-02 1.086890883743762970e-02 6.377818062901496887e-03 6.421492900699377060e-03 1.058381050825119019e-03 1.122210919857025146e-02 1.258556358516216278e-02 2.495718374848365784e-02 9.051332250237464905e-03 2.694397605955600739e-02 3.648500144481658936e-02 3.391135483980178833e-02 1.780541986227035522e-02 2.183507382869720459e-02 1.656502671539783478e-02 3.327360318507999182e-04 2.507552504539489746e-02 4.287161864340305328e-03 1.087630447000265121e-02 8.652107790112495422e-03 1.165896467864513397e-02 2.010201476514339447e-02 7.002348545938730240e-03 3.161936253309249878e-02 2.245354093611240387e-02 1.942519564181566238e-03 8.082598447799682617e-03 1.438893232261762023e-04 1.583093963563442230e-02 3.833528375253081322e-03 3.800433361902832985e-03 1.909239590167999268e-02 3.232637420296669006e-03 1.591700874269008636e-02 2.088917978107929230e-02 2.192394994199275970e-02 1.584782637655735016e-02 3.128556162118911743e-02 7.142741378629580140e-05 7.906526327133178711e-03 1.049516256898641586e-02 4.092942399438470602e-04 2.788644284009933472e-03 2.243338152766227722e-02 1.182407140731811523e-02 3.748610988259315491e-02 1.327049452811479568e-03 4.036544263362884521e-02 1.319142989814281464e-02 1.697116717696189880e-02 8.029065094888210297e-03 1.559559814631938934e-02 7.922807708382606506e-04 3.139697015285491943e-02 5.609801039099693298e-03 4.049081355333328247e-02 2.792468667030334473e-02 2.784563787281513214e-02 1.089448574930429459e-02 1.464399136602878571e-02 7.205947767943143845e-04 1.154217170551419258e-03 8.625667542219161987e-03 1.701366709312424064e-04 3.846419602632522583e-02 1.934366114437580109e-02 1.466942206025123596e-02 5.944907665252685547e-03 1.238937489688396454e-02 1.485446374863386154e-02 2.860194817185401917e-02 8.847357821650803089e-04 1.071700826287269592e-02 2.308502234518527985e-02 1.764434273354709148e-03 1.525874249637126923e-02 5.648073856718838215e-04 3.130311146378517151e-02 2.599216997623443604e-02 1.506975013762712479e-02 1.740307360887527466e-02 1.758199371397495270e-02 3.956413362175226212e-03
5.650775134563446045e-02 5.895118042826652527e-02 3.642856702208518982e-02 1.659687981009483337e-02 7.692725397646427155e-03 3.774689510464668274e-02 3.835313394665718079e-02 1.111302874051034451e-03 6.883595604449510574e-03 1.465988717973232269e-02 5.368315055966377258e-02 1.485929638147354126e-02 8.383318781852722168e-01 1.907846517860889435e-02 4.832722246646881104e-02 5.189355928450822830e-03 2.661623293533921242e-03 2.280792780220508575e-02 2.483098581433296204e-02 5.903629120439291000e-03 3.497140249237418175e-03 4.563747718930244446e-02 1.677230559289455414e-02 3.273602109402418137e-03 1.444602967239916325e-03 1.380963600240647793e-03 4.362552240490913391e-02 5.625282065011560917e-04 3.481837734580039978e-02 1.224252395331859589e-02 4.460163414478302002e-02 5.326455924659967422e-03 3.012588480487465858e-03 1.063462067395448685e-02 9.740681853145360947e-04 3.802358871325850487e-03 1.038843579590320587e-02 2.405344136059284210e-02 9.177126921713352203e-03 3.352806437760591507e-03 1.377075165510177612e-02 5.217389669269323349e-03 9.109275415539741516e-03 2.424699719995260239e-03 6.356018129736185074e-03 7.789755240082740784e-03 3.480540588498115540e-02 4.287392273545265198e-02 6.688154768198728561e-03 1.310965325683355331e-02 1.235175970941781998e-02 6.930343341082334518e-03 4.130274057388305664e-03 7.004055660218000412e-03 2.889765985310077667e-02 2.272857539355754852e-02 1.971810590475797653e-03 5.839299410581588745e-03 1.997369341552257538e-02 1.363037526607513428e-02 1.047881320118904114e-03 1.651536673307418823e-02 9.413875639438629150e-03 8.242515847086906433e-03 5.667870864272117615e-03 3.702279925346374512e-02 1.386492513120174408e-03 2.896429738029837608e-03 1.050259917974472046e-03 2.271701022982597351e-02 5.401913076639175415e-03 3.193471953272819519e-02 1.431014481931924820e-02 1.925950124859809875e-02 8.945330977439880371e-03 1.161232497543096542e-02 1.637486554682254791e-02 4.039747640490531921e-03 2.503423951566219330e-03 9.625777602195739746e-03 2.312555536627769470e-02 1.899330690503120422e-02 2.172302827239036560e-02 3.025776892900466919e-02 3.205819521099328995e-03 9.915294358506798744e-04 1.067327219061553478e-03 3.772015869617462158e-02 6.774101406335830688e-03 1.112408097833395004e-02 3.259412571787834167e-02 3.501895070075988770e-02 3.302657231688499451e-02 3.866691514849662781e-02 1.478880411013960838e-03 2.833799924701452255e-03 1.459598657675087452e-03 3.780562663450837135e-03 6.055363453924655914e-03 5.377066787332296371e-03 1.450017467141151428e-02 1.581121981143951416e-02 7.784362416714429855e-03 1.083875168114900589e-02 1.648995652794837952e-02 5.086420569568872452e-04 1.334658917039632797e-02 2.543381648138165474e-03 2.114432118833065033e-02 1.231420505791902542e-02 8.949104696512222290e-03 1.565485447645187378e-02 3.557418473064899445e-03 2.510365564376115799e-03 1.323964912444353104e-03 2.117633260786533356e-02
