8.413971066474914551e-01 5.947913601994514465e-02 1.852483674883842468e-02 3.949860110878944397e-03 1.210176199674606323e-02 5.736704543232917786e-02 3.679100796580314636e-02 2.038459293544292450e-02 2.942229388281702995e-03 1.778518408536911011e-02 5.624020472168922424e-02 1.057285815477371216e-02 5.175075307488441467e-02 2.743293717503547668e-02 3.518895804882049561e-02 7.191942539066076279e-03 1.212415285408496857e-02 2.154010161757469177e-02 3.943042457103729248e-02 2.049400005489587784e-03 2.185126394033432007e-02 1.719763502478599548e-02 1.001960504800081253e-02 4.976235330104827881e-03 9.439845569431781769e-03 2.532812533900141716e-03 1.779725030064582825e-02 1.942488551139831543e-02 1.664061471819877625e-02 1.216839440166950226e-02 1.948841288685798645e-02 1.198598649352788925e-02 2.102846838533878326e-02 6.499305367469787598e-03 8.654923178255558014e-03 2.467688638716936111e-03 1.776865869760513306e-02 2.051105722784996033e-03 9.515149518847465515e-03 3.969247452914714813e-03 1.594902249053120613e-03 4.668810404837131500e-03 2.314387448132038116e-02 2.663431921973824501e-03 2.344190888106822968e-02 2.578656375408172607e-02 5.596246197819709778e-02 3.611557558178901672e-02 1.139411702752113342e-02 9.708326309919357300e-03 1.071604667231440544e-03 1.937310397624969482e-02 2.077779918909072876e-02 1.987215504050254822e-02 2.235254459083080292e-02 5.820252466946840286e-03 1.967291161417961121e-02 5.050100153312087059e-04 2.147675678133964539e-02 2.618627063930034637e-02 2.411866001784801483e-02 3.477593138813972473e-02 1.179313194006681442e-02 1.604861766099929810e-02 4.360295832157135010e-02 4.841159284114837646e-02 1.076181605458259583e-02 1.203042920678853989e-02 2.262032404541969299e-02 4.193715285509824753e-03 2.034071460366249084e-02 3.138413187116384506e-03 1.250014454126358032e-02 4.787694197148084641e-03 4.138669464737176895e-03 1.056021358817815781e-02 1.347774290479719639e-03 1.581425033509731293e-02 8.619905449450016022e-03 9.678574278950691223e-03 1.779432781040668488e-02 2.185722626745700836e-02 1.379042956978082657e-02 2.442705817520618439e-02 1.442094240337610245e-02 2.602707222104072571e-02 3.015781193971633911e-02 1.777993142604827881e-02 3.176754713058471680e-02 4.195221886038780212e-02 4.935291409492492676e-02 2.986378967761993408e-02 3.249744325876235962e-02 1.628562808036804199e-02 1.901326235383749008e-03 6.325179710984230042e-03 9.073371998965740204e-03 2.244243398308753967e-02 1.685190945863723755e-02 1.348724309355020523e-02 1.160316262394189835e-02 3.810091875493526459e-03 1.778341457247734070e-02 1.937680132687091827e-02 1.937574590556323528e-03 1.166412234306335449e-02 5.152644123882055283e-03 3.662144066765904427e-03 1.542750280350446701e-02 6.037693005055189133e-03 4.312529228627681732e-03 2.547479793429374695e-02 2.953248657286167145e-02 1.604359596967697144e-02 1.346594002097845078e-02 2.384250052273273468e-02
5.947913601994514465e-02 8.413971066474914551e-01 2.316278219223022461e-02 9.910911321640014648e-03 1.145647652447223663e-02 5.091722309589385986e-02 4.247899726033210754e-02 1.695938035845756531e-02 5.651758983731269836e-03 1.691805571317672729e-02 5.160595104098320007e-02 6.716778967529535294e-03 4.990978538990020752e-02 2.142077870666980743e-02 2.342911250889301300e-02 8.515657857060432434e-03 1.695165596902370453e-02 1.923374831676483154e-02 3.888610377907752991e-02 4.751604981720447540e-03 1.564181409776210785e-02 2.030550874769687653e-02 1.541875675320625305e-02 1.278592739254236221e-02 7.756533101201057434e-03 4.803354851901531219e-03 1.954683661460876465e-02 2.609063312411308289e-02 1.378960162401199341e-02 1.437201444059610367e-02 1.387685164809226990e-02 6.796828936785459518e-03 1.856381818652153015e-02 1.695882761850953102e-03 5.509596783667802811e-03 7.767412811517715454e-03 1.924026943743228912e-02 1.037048175930976868e-02 6.589517462998628616e-03 2.055124641628935933e-04 5.853526294231414795e-03 1.178132742643356323e-02 2.385787665843963623e-02 8.277759887278079987e-03 2.478642761707305908e-02 1.922001503407955170e-02 4.759471118450164795e-02 3.756480664014816284e-02 1.092243287712335587e-02 8.417503908276557922e-03 2.669978654012084007e-03 1.818699389696121216e-02 2.125777117908000946e-02 2.545600384473800659e-02 1.573064178228378296e-02 1.999599859118461609e-03 2.055133506655693054e-02 5.542519036680459976e-03 2.374973334372043610e-02 3.045114129781723022e-02 2.269056253135204315e-02 3.540896624326705933e-02 1.417340803891420364e-02 1.589596830308437347e-02 3.723263368010520935e-02 4.442690685391426086e-02 1.313037611544132233e-02 1.184841431677341461e-02 2.687034197151660919e-02 7.508959621191024780e-03 2.240577898919582367e-02 5.065575707703828812e-03 7.819277234375476837e-03 1.037709321826696396e-02 5.110830999910831451e-03 6.486500147730112076e-03 1.819411409087479115e-03 1.520467456430196762e-02 1.090968307107686996e-02 7.357480470091104507e-03 1.731142960488796234e-02 1.948495022952556610e-02 1.596595160663127899e-02 2.815143950283527374e-02 8.820040151476860046e-03 1.722996123135089874e-02 2.554406784474849701e-02 1.369038317352533340e-02 3.030215390026569366e-02 3.793700411915779114e-02 4.115673154592514038e-02 2.833859808743000031e-02 3.633888438344001770e-02 7.238190621137619019e-03 1.579664088785648346e-02 9.564909152686595917e-03 1.068896334618330002e-02 1.465989742428064346e-02 1.734735444188117981e-02 8.862276561558246613e-03 1.094599440693855286e-02 3.507327055558562279e-03 1.243108417838811874e-02 1.694901473820209503e-02 6.065304623916745186e-04 2.070355229079723358e-02 1.085877697914838791e-02 5.330757703632116318e-03 1.264801528304815292e-02 9.685285389423370361e-03 5.243263673037290573e-03 3.272198513150215149e-02 2.486331388354301453e-02 1.375316083431243896e-02 1.231360901147127151e-02 2.692067250609397888e-02
1.852483674883842468e-02 2.316278219223022461e-02 8.413971066474914551e-01 1.235796045511960983e-02 1.069143530912697315e-03 1.790815591812133789e-02 1.800402812659740448e-02 5.425539240241050720e-02 7.090378087013959885e-03 6.294119637459516525e-03 1.851991191506385803e-02 2.379685174673795700e-03 2.395601756870746613e-02 8.380192331969738007e-03 9.357453323900699615e-03 1.057975605363026261e-04 3.314944216981530190e-03 6.513027939945459366e-03 9.498599916696548462e-03 5.899113602936267853e-03 6.710967281833291054e-04 2.993916161358356476e-02 1.033271010965108871e-02 5.925470963120460510e-03 1.466348953545093536e-02 2.025041356682777405e-02 4.719968512654304504e-02 9.518994949758052826e-03 7.859921082854270935e-03 1.507919281721115112e-02 1.958079170435667038e-03 1.284099533222615719e-03 2.124949172139167786e-02 5.251239053905010223e-03 6.931529496796429157e-04 5.864756647497415543e-03 3.880389500409364700e-03 9.904458187520503998e-03 5.767912138253450394e-03 1.515158265829086304e-02 2.209781110286712646e-02 8.517002686858177185e-03 1.365712564438581467e-02 1.921423897147178650e-02 9.434264153242111206e-03 1.171712670475244522e-02 1.235300581902265549e-02 1.328127644956111908e-02 2.225287025794386864e-03 3.439385211095213890e-03 1.398619543761014938e-02 1.250331569463014603e-02 3.783357096835970879e-03 1.475671306252479553e-02 9.683059528470039368e-03 5.046810023486614227e-03 8.545856922864913940e-03 1.709473505616188049e-02 1.384555362164974213e-02 1.933250017464160919e-02 1.306675747036933899e-02 1.589258201420307159e-02 5.444773472845554352e-03 8.258950896561145782e-03 8.595699444413185120e-03 1.984781213104724884e-02 1.101580797694623470e-03 1.120452489703893661e-02 1.944551244378089905e-02 1.010525971651077271e-02 2.161121740937232971e-02 6.519864778965711594e-03 4.204244818538427353e-03 2.147060073912143707e-02 4.019734449684619904e-03 1.215019822120666504e-02 3.894978435710072517e-03 1.810054294764995575e-03 3.604843281209468842e-03 3.309401683509349823e-03 4.232568666338920593e-02 8.916819095611572266e-02 1.202554255723953247e-02 7.052328903228044510e-03 8.767575956881046295e-03 1.358692254871129990e-02 2.930713631212711334e-02 2.584925107657909393e-02 1.508712954819202423e-02 1.175719872117042542e-02 7.315787486732006073e-03 2.118585817515850067e-02 1.658410392701625824e-02 1.114934496581554413e-02 4.959318321198225021e-03 9.044851176440715790e-03 6.314842961728572845e-03 1.570151560008525848e-02 6.094928830862045288e-03 3.278796793892979622e-03 2.762745367363095284e-03 3.892589593306183815e-03 2.831338904798030853e-02 1.979063078761100769e-02 1.226982939988374710e-02 1.798350550234317780e-02 1.045714411884546280e-02 2.449801750481128693e-02 1.975830877199769020e-03 4.015002341475337744e-04 2.417431958019733429e-02 2.991794981062412262e-02 6.113658659160137177e-03 1.552551332861185074e-02 2.994491159915924072e-02 4.266464337706565857e-02
3.949860110878944397e-03 9.910911321640014648e-03 1.235796045511960983e-02 8.413971066474914551e-01 4.513030499219894409e-02 4.782987758517265320e-03 9.728192351758480072e-03 2.149214223027229309e-02 1.477004867047071457e-02 3.691313043236732483e-02 4.572291392832994461e-03 4.447587300091981888e-03 8.433542214334011078e-03 2.104200655594468117e-03 2.877180650830268860e-02 9.240642539225518703e-04 1.846783445216715336e-03 3.630010876804590225e-03 3.971972316503524780e-02 1.613445056136697531e-04 3.737088060006499290e-03 3.777370322495698929e-03 2.300944179296493530e-02 1.059922948479652405e-02 2.270960947498679161e-03 5.706168711185455322e-03 1.049204263836145401e-02 3.786395490169525146e-02 5.307239945977926254e-03 3.423240780830383301e-02 9.613748639822006226e-03 1.548878382891416550e-02 9.411255829036235809e-03 4.464308265596628189e-03 7.852364331483840942e-03 2.653943188488483429e-02 1.042250450700521469e-02 1.856647245585918427e-02 4.305737093091011047e-02 1.940464787185192108e-02 2.961914613842964172e-02 2.960802055895328522e-03 1.069766934961080551e-02 2.273025177419185638e-02 1.912734098732471466e-02 5.156012251973152161e-03 2.250858582556247711e-03 1.723931403830647469e-03 1.544827036559581757e-02 2.092782966792583466e-02 2.490754425525665283e-02 3.640915732830762863e-03 1.289843581616878510e-02 2.256456948816776276e-02 4.510762169957160950e-03 1.857732981443405151e-02 2.352191321551799774e-02 6.049056537449359894e-04 1.561685279011726379e-02 1.925736293196678162e-02 2.640513330698013306e-02 2.726539503782987595e-03 2.297139726579189301e-02 1.177715510129928589e-02 4.704363644123077393e-03 6.248696241527795792e-03 5.845082458108663559e-03 1.613415591418743134e-02 4.014246165752410889e-03 1.015185657888650894e-02 5.303401499986648560e-03 8.966439403593540192e-03 7.003567367792129517e-02 1.560501195490360260e-02 3.961051255464553833e-02 9.985911659896373749e-03 2.703444473445415497e-02 1.141972281038761139e-02 1.919135451316833496e-02 2.635408192873001099e-02 1.519621815532445908e-02 7.551940623670816422e-03 1.024534367024898529e-02 4.615707322955131531e-02 1.451519876718521118e-02 1.916137553052976727e-04 1.383824646472930908e-02 3.112023696303367615e-02 9.335682727396488190e-03 1.572266034781932831e-02 2.975587034597992897e-03 9.521595202386379242e-04 1.143074501305818558e-02 8.688596077263355255e-03 2.545477449893951416e-02 1.830726675689220428e-02 6.583961658179759979e-04 1.859789714217185974e-02 1.189965871162712574e-03 7.573182228952646255e-03 1.414393889717757702e-03 2.324808575212955475e-02 1.240213215351104736e-02 7.189859636127948761e-03 1.501017343252897263e-02 2.021235227584838867e-02 1.504561118781566620e-02 2.101323939859867096e-02 5.065119359642267227e-03 1.589500461705029011e-03 1.649254746735095978e-02 2.105029765516519547e-03 4.787184763699769974e-03 2.845618687570095062e-02 1.160813681781291962e-02 1.184675283730030060e-02
1.210176199674606323e-02 1.145647652447223663e-02 1.069143530912697315e-03 4.513030499219894409e-02 8.413971066474914551e-01 1.996547542512416840e-02 1.438652630895376205e-02 1.834522001445293427e-02 1.422616653144359589e-02 1.003928203135728836e-02 1.210063416510820389e-02 7.558815646916627884e-03 1.633970811963081360e-02 9.300763718783855438e-03 2.886881679296493530e-02 1.739534735679626465e-02 1.940827071666717529e-02 7.802770705893635750e-04 2.833051839843392372e-03 7.625136524438858032e-03 1.722763665020465851e-02 1.555522903800010681e-02 1.807850413024425507e-02 1.349429250694811344e-03 1.229309290647506714e-02 6.179935298860073090e-03 1.175211463123559952e-02 2.519478835165500641e-02 5.851012188941240311e-03 2.937647886574268341e-02 1.912351697683334351e-02 1.666636392474174500e-02 2.946603856980800629e-02 3.885404439643025398e-03 1.008817460387945175e-02 2.188323251903057098e-02 2.874698489904403687e-02 8.834202773869037628e-03 5.290745943784713745e-02 3.697572275996208191e-02 7.587034255266189575e-03 3.690487938001751900e-03 1.137918513268232346e-02 1.332086790353059769e-02 1.216369867324829102e-02 1.633165520615875721e-03 6.491708569228649139e-03 1.411331165581941605e-02 7.045388221740722656e-03 1.449193712323904037e-02 2.204009145498275757e-02 1.171080674976110458e-02 3.612611070275306702e-02 1.852973736822605133e-02 2.452120371162891388e-02 9.982674382627010345e-03 6.761580239981412888e-03 3.824102226644754410e-03 1.802631653845310211e-02 2.368073165416717529e-02 1.947572082281112671e-02 5.957035813480615616e-03 1.750120706856250763e-02 1.705918461084365845e-02 7.185229100286960602e-03 6.835095584392547607e-03 7.841710001230239868e-03 1.599265821278095245e-02 1.008197478950023651e-02 8.962811902165412903e-03 2.693942049518227577e-03 1.251506712287664413e-02 4.758816957473754883e-02 4.273824393749237061e-03 5.360249802470207214e-02 1.135792490094900131e-02 2.049641497433185577e-02 3.453071694821119308e-03 3.222480881959199905e-03 7.078710477799177170e-03 1.952994801104068756e-02 1.284699514508247375e-02 3.075705841183662415e-02 1.364072412252426147e-02 2.537311753258109093e-03 8.772408473305404186e-04 1.762107945978641510e-02 1.469947397708892822e-02 8.655256824567914009e-04 4.686491563916206360e-03 3.803544677793979645e-03 1.534611452370882034e-02 1.719701103866100311e-02 4.980026744306087494e-03 3.373314812779426575e-02 1.459584012627601624e-02 1.191316056065261364e-03 1.597427763044834137e-02 9.241105057299137115e-03 1.390450168401002884e-02 1.767310127615928650e-02 1.584046287462115288e-03 4.171330947428941727e-03 2.761769341304898262e-03 1.324258837848901749e-02 1.096353307366371155e-02 7.511659525334835052e-03 5.634328816086053848e-03 5.439096130430698395e-03 1.743494160473346710e-02 4.242792259901762009e-03 4.537748638540506363e-03 9.096312336623668671e-03 1.927465386688709259e-02 2.956029959022998810e-03 4.711595829576253891e-03
5.736704543232917786e-02 5.091722309589385986e-02 1.790815591812133789e-02 4.782987758517265320e-03 1.996547542512416840e-02 8.413971066474914551e-01 5.984053388237953186e-02 1.847926154732704163e-02 6.749873980879783630e-03 1.507855579257011414e-02 5.168000981211662292e-02 1.309021282941102982e-02 4.043339937925338745e-02 2.763694524765014648e-02 2.352709323167800903e-02 5.809566006064414978e-03 7.683233357965946198e-03 5.613824352622032166e-03 3.325408324599266052e-02 4.852697253227233887e-03 1.991421170532703400e-02 2.121161902323365211e-03 5.245609674602746964e-03 1.171047426760196686e-02 6.522157695144414902e-03 7.046631653793156147e-04 4.943801090121269226e-03 4.509375896304845810e-03 1.818110980093479156e-02 8.573976345360279083e-03 1.603497192263603210e-02 1.694442331790924072e-02 1.728266105055809021e-02 1.463150046765804291e-02 4.660184960812330246e-03 3.345801495015621185e-03 1.425831951200962067e-02 1.536208484321832657e-02 1.208130083978176117e-02 9.078031405806541443e-03 3.327855374664068222e-03 2.708284184336662292e-03 1.395779754966497421e-02 2.884756249841302633e-04 1.628471165895462036e-02 3.026166744530200958e-02 6.090946123003959656e-02 4.864869639277458191e-02 1.931137777864933014e-02 1.746710576117038727e-02 7.139907684177160263e-04 1.718020252883434296e-02 1.809209026396274567e-02 1.226897723972797394e-02 1.452087610960006714e-02 2.209675963968038559e-03 1.073235832154750824e-02 5.763567518442869186e-03 8.289543911814689636e-03 1.926194690167903900e-02 1.362576335668563843e-02 3.097462467849254608e-02 3.887961152940988541e-03 1.577951945364475250e-02 3.465460985898971558e-02 4.201805964112281799e-02 6.166069768369197845e-03 1.870867423713207245e-02 1.552545279264450073e-02 6.646032910794019699e-03 2.545930445194244385e-02 4.161320393905043602e-04 4.570819903165102005e-03 1.283516525290906429e-03 2.264752751216292381e-03 1.457417663186788559e-02 6.952417548745870590e-03 2.116021700203418732e-02 1.717112958431243896e-02 1.107331365346908569e-02 1.608712226152420044e-02 1.564769074320793152e-02 3.971190657466650009e-03 7.415582425892353058e-03 1.822693832218647003e-02 3.120499290525913239e-02 3.078122437000274658e-02 1.485322695225477219e-02 2.760071866214275360e-02 3.537518903613090515e-02 4.431646689772605896e-02 2.706890180706977844e-02 3.537282720208168030e-02 1.686164364218711853e-02 3.264627652242779732e-03 3.652135608717799187e-03 4.283778369426727295e-03 3.598741441965103149e-02 1.279178820550441742e-02 1.179410610347986221e-02 6.355381105095148087e-03 8.260187692940235138e-03 1.531939860433340073e-02 2.384908497333526611e-02 2.956960815936326981e-03 1.237478014081716537e-02 1.797329518012702465e-03 5.199274513870477676e-03 1.603850908577442169e-02 1.784664206206798553e-02 7.824051193892955780e-03 1.259506121277809143e-02 2.433875016868114471e-02 1.203195098787546158e-02 6.318541243672370911e-03 1.819674484431743622e-02
3.679100796580314636e-02 4.247899726033210754e-02 1.800402812659740448e-02 9.728192351758480072e-03 1.438652630895376205e-02 5.984053388237953186e-02 8.413971066474914551e-01 1.061001792550086975e-02 2.152801491320133209e-03 9.322829544544219971e-03 4.228926822543144226e-02 1.014705467969179153e-02 2.727586589753627777e-02 2.323330752551555634e-02 4.949224647134542465e-03 1.041841879487037659e-02 8.602637797594070435e-03 4.565161187201738358e-03 2.406109310686588287e-02 8.450911380350589752e-03 1.019664481282234192e-02 1.019534561783075333e-02 1.629376900382339954e-03 1.755855232477188110e-02 6.924964953213930130e-03 1.181541103869676590e-02 5.443149711936712265e-03 2.796351443976163864e-03 3.230086341500282288e-02 1.184737775474786758e-02 1.407022681087255478e-02 1.310189161449670792e-02 1.177856884896755219e-02 1.684284210205078125e-02 9.777147788554430008e-04 1.974445395171642303e-02 1.453023776412010193e-02 2.504329569637775421e-02 1.352194882929325104e-02 2.683136612176895142e-02 4.890727810561656952e-03 1.386157702654600143e-02 1.954552344977855682e-02 2.520833909511566162e-02 1.480835210531949997e-02 1.970436237752437592e-02 4.748455807566642761e-02 5.773372575640678406e-02 2.115977555513381958e-02 2.249395102262496948e-02 4.583335947245359421e-03 1.132704131305217743e-02 8.240416646003723145e-03 1.374527439475059509e-02 3.538926830515265465e-04 3.520827274769544601e-03 9.818358346819877625e-03 2.172527601942420006e-03 5.313962232321500778e-03 2.450841479003429413e-02 1.433951687067747116e-02 3.036447055637836456e-02 1.142091210931539536e-02 1.156064309179782867e-02 3.073707595467567444e-02 3.737440332770347595e-02 1.696237735450267792e-02 2.259876206517219543e-02 2.677445672452449799e-02 2.238800004124641418e-02 3.553070127964019775e-02 2.449256600812077522e-03 1.528329565189778805e-03 3.963035997003316879e-03 1.584162819199264050e-04 1.269997470080852509e-02 7.797831203788518906e-03 2.155860699713230133e-02 2.166220545768737793e-02 1.962995622307062149e-03 1.709410920739173889e-02 9.728915989398956299e-03 2.099900972098112106e-03 6.264840718358755112e-03 5.645944736897945404e-03 2.285132743418216705e-02 2.162023447453975677e-02 1.213653385639190674e-02 2.920948527753353119e-02 2.034919150173664093e-02 2.935381047427654266e-02 2.840046212077140808e-02 3.620413318276405334e-02 1.483260467648506165e-02 1.000849436968564987e-02 1.956040598452091217e-02 1.088684191927313805e-03 4.053283855319023132e-02 1.867074333131313324e-02 1.605534739792346954e-02 1.301546674221754074e-02 2.153469808399677277e-02 1.580278389155864716e-02 2.857517451047897339e-02 9.010964073240756989e-03 2.261610142886638641e-02 1.590737327933311462e-02 1.753580011427402496e-02 1.068204082548618317e-02 2.200833149254322052e-02 3.421227447688579559e-03 2.044691331684589386e-02 1.633086986839771271e-02 5.894083064049482346e-03 3.233010182157158852e-03 1.010046154260635376e-02
2.038459293544292450e-02 1.695938035845756531e-02 5.425539240241050720e-02 2.149214223027229309e-02 1.834522001445293427e-02 1.847926154732704163e-02 1.061001792550086975e-02 8.413971066474914551e-01 5.631448701024055481e-03 6.215235684067010880e-03 1.855629868805408478e-02 1.031302660703659058e-02 3.281909599900245667e-02 2.228656597435474396e-02 4.264112189412117004e-02 2.387137850746512413e-03 1.180828455835580826e-02 1.985220471397042274e-03 6.322352215647697449e-03 3.087121061980724335e-02 1.015436952002346516e-03 3.883822262287139893e-02 2.077647112309932709e-02 1.429198961704969406e-02 1.528780348598957062e-02 2.470802702009677887e-02 5.530943349003791809e-02 9.999699890613555908e-03 5.073896143585443497e-03 7.235997356474399567e-03 1.014272682368755341e-02 6.226344034075737000e-03 9.514553472399711609e-03 1.769912050804123282e-04 1.304996013641357422e-02 1.432566717267036438e-02 2.814791724085807800e-02 3.216325119137763977e-02 2.845255471765995026e-02 2.382082864642143250e-02 1.808941923081874847e-02 6.804015953093767166e-03 1.183395553380250931e-02 1.903693750500679016e-02 1.885311491787433624e-02 6.915024016052484512e-03 2.822780795395374298e-02 7.881814613938331604e-03 4.468612314667552710e-04 1.539115607738494873e-02 1.386298518627882004e-02 2.820075117051601410e-02 7.880810648202896118e-03 1.868619956076145172e-02 8.657705038785934448e-03 6.937663536518812180e-03 8.430358022451400757e-03 1.576057076454162598e-02 1.506219990551471710e-02 1.617715507745742798e-02 6.213921122252941132e-03 2.677008509635925293e-03 7.410501595586538315e-03 1.850091107189655304e-02 3.483859822154045105e-03 1.843541860580444336e-02 8.656606078147888184e-03 3.633062588050961494e-03 1.919084228575229645e-03 1.134307496249675751e-02 2.387713640928268433e-03 1.563858706504106522e-03 1.086240634322166443e-02 3.319451585412025452e-02 8.892873302102088928e-03 1.350072771310806274e-02 7.349799852818250656e-03 1.065955217927694321e-02 4.666712135076522827e-03 1.480766665190458298e-02 5.190354213118553162e-02 5.437863618135452271e-02 1.658347059674269985e-06 1.057008933275938034e-02 7.517764461226761341e-04 7.116626016795635223e-03 4.015893861651420593e-02 3.673327341675758362e-02 1.398737891577184200e-03 2.473211148753762245e-03 1.418501045554876328e-02 1.163504458963871002e-02 3.272639587521553040e-03 2.695366181433200836e-02 2.709703694563359022e-04 2.203522948548197746e-03 2.756985276937484741e-02 6.616686005145311356e-03 8.716914802789688110e-03 1.160947885364294052e-02 1.178963109850883484e-03 1.011515967547893524e-02 2.927521057426929474e-02 1.031030341982841492e-02 9.696676395833492279e-03 1.961049251258373260e-02 2.250568941235542297e-02 8.556357584893703461e-03 7.024590391665697098e-03 1.511186175048351288e-02 2.599870786070823669e-02 1.724615693092346191e-02 1.388162747025489807e-02 9.241896681487560272e-03 2.569254487752914429e-02 1.993947848677635193e-02
2.942229388281702995e-03 5.651758983731269836e-03 7.090378087013959885e-03 1.477004867047071457e-02 1.422616653144359589e-02 6.749873980879783630e-03 2.152801491320133209e-03 5.631448701024055481e-03 8.413971066474914551e-01 3.932989388704299927e-02 8.785518002696335316e-04 4.835825040936470032e-02 7.470477838069200516e-03 2.461943216621875763e-02 8.345299400389194489e-03 1.433958113193511963e-02 2.561025787144899368e-03 5.556024238467216492e-02 1.426192745566368103e-02 9.020704776048660278e-03 9.234212338924407959e-03 1.118330471217632294e-02 3.716536611318588257e-02 1.305336877703666687e-02 2.432131906971335411e-03 9.489489719271659851e-03 1.376125495880842209e-02 1.144227758049964905e-02 2.869460731744766235e-02 1.081052049994468689e-02 8.488236926496028900e-03 8.824519813060760498e-03 8.056889288127422333e-03 1.117839012295007706e-03 8.855393156409263611e-03 3.889549523591995239e-03 5.280975252389907837e-03 9.516382589936256409e-03 1.415839139372110367e-02 2.523481659591197968e-02 2.194602601230144501e-02 2.564233914017677307e-02 6.696463096886873245e-03 1.686854637227952480e-03 3.147804737091064453e-02 2.316141873598098755e-02 7.385735865682363510e-03 1.147114485502243042e-02 2.861509472131729126e-02 3.285805229097604752e-03 1.240565534681081772e-02 3.561598062515258789e-02 9.603961370885372162e-04 1.020003296434879303e-02 3.734323382377624512e-02 3.585743543226271868e-04 4.428773373365402222e-02 1.968603208661079407e-02 9.918438270688056946e-03 2.074293792247772217e-02 3.165982291102409363e-02 1.085271034389734268e-02 6.172238383442163467e-03 1.381929963827133179e-02 5.136338993906974792e-03 9.806180372834205627e-03 4.576863255351781845e-03 8.654367178678512573e-03 3.117628768086433411e-02 3.931391611695289612e-02 1.836143992841243744e-02 4.607128724455833435e-02 1.535259373486042023e-02 2.370295114815235138e-02 9.564935229718685150e-03 4.837731271982192993e-02 6.278413534164428711e-02 4.402555525302886963e-02 4.557835683226585388e-02 1.521389745175838470e-02 1.525297702755779028e-04 3.661355935037136078e-03 3.030119836330413818e-02 9.120097383856773376e-03 3.481817990541458130e-02 2.305929921567440033e-02 6.656680721789598465e-03 1.500745024532079697e-02 4.731809347867965698e-02 2.129547484219074249e-02 1.221788674592971802e-02 7.396172266453504562e-03 4.235983360558748245e-03 1.179674826562404633e-02 5.278349388390779495e-03 7.105469703674316406e-03 1.235917303711175919e-02 2.535852603614330292e-02 1.573674671817570925e-05 2.594873076304793358e-03 1.857357710832729936e-04 1.590027357451617718e-03 2.370227128267288208e-02 3.353230282664299011e-02 2.366126980632543564e-03 4.730218090116977692e-03 7.210964336991310120e-03 2.962809801101684570e-02 2.055813185870647430e-02 2.226117812097072601e-02 9.113568376051262021e-05 1.404492557048797607e-02 2.130758576095104218e-02 1.879972778260707855e-02 1.045804470777511597e-02 2.341205812990665436e-02
1.778518408536911011e-02 1.691805571317672729e-02 6.294119637459516525e-03 3.691313043236732483e-02 1.003928203135728836e-02 1.507855579257011414e-02 9.322829544544219971e-03 6.215235684067010880e-03 3.932989388704299927e-02 8.413971066474914551e-01 1.826907694339752197e-02 1.926672086119651794e-02 7.119960151612758636e-03 2.087054774165153503e-02 9.674163884483277798e-04 4.773991182446479797e-03 4.074334166944026947e-03 3.803992271423339844e-02 5.957664921879768372e-02 2.245886251330375671e-02 1.731964759528636932e-02 1.780143380165100098e-02 5.933114327490329742e-03 2.161931945011019707e-03 2.421247959136962891e-02 2.601537108421325684e-02 2.184646762907505035e-02 1.643557101488113403e-02 5.521188955754041672e-03 1.123623177409172058e-02 8.780499920248985291e-03 1.863299310207366943e-02 7.651823107153177261e-03 1.444759685546159744e-02 3.744029626250267029e-02 5.731074139475822449e-03 1.221458707004785538e-02 1.986594498157501221e-02 7.579347584396600723e-03 6.590732373297214508e-03 9.453585371375083923e-03 1.456493325531482697e-02 1.180075295269489288e-02 9.735841304063796997e-03 1.593565568327903748e-02 1.951761171221733093e-02 7.307002320885658264e-03 3.361910581588745117e-03 1.867949403822422028e-02 2.687000855803489685e-02 3.759950166568160057e-03 2.442535944283008575e-02 1.397650316357612610e-02 1.262700371444225311e-02 3.116927854716777802e-02 5.001663789153099060e-02 1.750307902693748474e-02 2.889921888709068298e-02 6.747419480234384537e-03 2.234731800854206085e-03 1.232104492373764515e-03 3.928736969828605652e-02 8.812031708657741547e-03 5.831674207001924515e-03 5.636764224618673325e-03 1.058080326765775681e-02 1.231503859162330627e-02 1.313317334279417992e-03 1.733087189495563507e-02 3.939766064286231995e-02 2.636466547846794128e-02 1.937770657241344452e-02 2.862793579697608948e-02 5.326944589614868164e-02 1.124474126845598221e-02 1.143984030932188034e-03 9.915335103869438171e-03 6.766792386770248413e-02 3.082253783941268921e-02 5.479827895760536194e-02 1.428970601409673691e-03 1.949319988489151001e-02 2.371148206293582916e-02 5.626169964671134949e-02 1.756098866462707520e-02 1.482460927218198776e-02 9.319266304373741150e-03 6.043952424079179764e-03 2.834990620613098145e-02 6.162619590759277344e-02 7.284400518983602524e-03 1.321651414036750793e-02 2.542511210776865482e-04 1.144095882773399353e-02 7.239555940032005310e-03 3.373936051502823830e-03 2.977898344397544861e-02 6.894685793668031693e-03 4.173647612333297729e-03 1.650700112804770470e-03 6.260715890675783157e-03 2.767715137451887131e-03 1.523324474692344666e-02 1.150221843272447586e-02 9.102538228034973145e-03 5.714979488402605057e-03 3.635415108874440193e-03 7.644982542842626572e-03 1.041184259520377964e-05 7.826948538422584534e-03 4.255342856049537659e-02 5.329701234586536884e-04 7.815933786332607269e-03 8.676121011376380920e-03 1.532053574919700623e-02 1.476857904344797134e-02
5.624020472168922424e-02 5.160595104098320007e-02 1.851991191506385803e-02 4.572291392832994461e-03 1.210063416510820389e-02 5.168000981211662292e-02 4.228926822543144226e-02 1.855629868805408478e-02 8.785518002696335316e-04 1.826907694339752197e-02 8.413971066474914551e-01 5.738499574363231659e-03 4.552391171455383301e-02 1.896598748862743378e-02 2.865743078291416168e-02 6.166227161884307861e-03 1.112847961485385895e-02 2.232168428599834442e-02 3.806350380182266235e-02 4.485271405428647995e-03 1.667200401425361633e-02 1.620252244174480438e-02 7.946634665131568909e-03 7.372883555945008993e-05 1.168101653456687927e-02 4.868993535637855530e-03 1.041223760694265366e-02 2.031277120113372803e-02 3.072688542306423187e-02 1.442981325089931488e-02 2.267481759190559387e-02 1.303122192621231079e-02 2.344148606061935425e-02 1.184984762221574783e-02 1.012614928185939789e-02 1.202370971441268921e-02 1.978738605976104736e-02 1.538832951337099075e-02 5.156358238309621811e-03 1.059099286794662476e-02 1.472466392442584038e-03 1.259678788483142853e-02 2.311687543988227844e-02 7.693944033235311508e-03 2.738034725189208984e-02 2.411231212317943573e-02 4.585025832056999207e-02 4.259133338928222656e-02 1.458836346864700317e-02 1.145186368376016617e-02 7.919438183307647705e-03 1.758939400315284729e-02 1.843942329287528992e-02 1.624587550759315491e-02 1.529854722321033478e-02 8.239159360527992249e-03 2.058700844645500183e-02 7.872520014643669128e-03 1.933908276259899139e-02 2.164085023105144501e-02 2.338329888880252838e-02 3.414660319685935974e-02 1.431203261017799377e-02 7.585076149553060532e-03 4.780065268278121948e-02 4.336357116699218750e-02 1.163523457944393158e-02 1.440932322293519974e-02 2.116478607058525085e-02 1.903203316032886505e-02 2.298778109252452850e-02 1.058023190125823021e-03 1.203313004225492477e-02 1.068469975143671036e-02 8.639063686132431030e-03 7.206820417195558548e-03 8.547207107767462730e-04 2.148522809147834778e-02 1.605332270264625549e-02 4.532158374786376953e-03 2.052810043096542358e-02 1.744147017598152161e-02 9.792209602892398834e-03 2.412297017872333527e-02 1.797488704323768616e-02 2.659940533339977264e-02 2.997824735939502716e-02 1.467433013021945953e-02 3.263106197118759155e-02 3.925964981317520142e-02 4.341891780495643616e-02 3.701150417327880859e-02 3.993903473019599915e-02 1.496401987969875336e-02 6.482684519141912460e-03 1.134691387414932251e-02 9.898427873849868774e-03 2.776609547436237335e-02 1.590331643819808960e-02 1.602827757596969604e-02 1.168607641011476517e-02 1.107302866876125336e-02 1.837321184575557709e-02 2.398817427456378937e-02 8.508067694492638111e-04 1.190438959747552872e-02 9.596075862646102905e-03 9.930890053510665894e-03 1.801723055541515350e-02 1.153895724564790726e-02 1.055905129760503769e-02 2.961018681526184082e-02 2.715050615370273590e-02 1.616294868290424347e-02 1.158619578927755356e-02 2.819772437214851379e-02
1.057285815477371216e-02 6.716778967529535294e-03 2.379685174673795700e-03 4.447587300091981888e-03 7.558815646916627884e-03 1.309021282941102982e-02 1.014705467969179153e-02 1.031302660703659058e-02 4.835825040936470032e-02 1.926672086119651794e-02 5.738499574363231659e-03 8.413971066474914551e-01 1.491275429725646973e-02 5.284182727336883545e-02 1.574007794260978699e-02 2.507573924958705902e-02 2.700736746191978455e-02 1.619238965213298798e-02 5.491987802088260651e-03 1.753706671297550201e-02 1.694029569625854492e-02 2.068341895937919617e-02 3.956411033868789673e-02 2.196051925420761108e-02 2.533189207315444946e-02 2.079525217413902283e-02 2.085670456290245056e-02 3.684278205037117004e-02 1.896284334361553192e-02 1.695549860596656799e-02 1.113788597285747528e-02 1.501049962826073170e-03 6.695222575217485428e-03 1.598534989170730114e-03 1.546138059347867966e-02 1.027929689735174179e-02 1.075099874287843704e-02 1.415769010782241821e-02 4.937408026307821274e-03 1.425579749047756195e-02 1.442671404220163822e-03 1.039127819240093231e-02 1.154699083417654037e-02 1.376122049987316132e-02 3.770973160862922668e-02 3.285287693142890930e-02 1.646498776972293854e-02 1.066322438418865204e-02 2.178588695824146271e-02 1.713867299258708954e-03 2.908956259489059448e-03 3.670889511704444885e-02 1.631122827529907227e-02 1.521834917366504669e-02 1.266587711870670319e-02 3.868172876536846161e-03 4.530800133943557739e-02 3.349091112613677979e-02 1.424194080755114555e-03 3.567878156900405884e-03 8.320319466292858124e-03 7.874513976275920868e-03 3.835901850834488869e-03 7.869543507695198059e-03 1.049870392307639122e-03 1.963670598343014717e-03 8.043419569730758667e-03 2.415533363819122314e-02 5.162663292139768600e-03 2.032318338751792908e-02 1.981344074010848999e-03 2.818683721125125885e-02 8.598393760621547699e-03 2.214578911662101746e-02 2.971177361905574799e-02 2.794110029935836792e-02 4.329106584191322327e-02 3.199341893196105957e-02 3.752040117979049683e-02 1.267264876514673233e-02 1.322412397712469101e-02 8.641398511826992035e-03 3.974048886448144913e-03 1.857084780931472778e-02 4.430734738707542419e-02 3.427126258611679077e-02 1.797149702906608582e-02 2.835618564859032631e-03 3.648221492767333984e-02 1.793009601533412933e-02 2.626206912100315094e-02 4.363349173218011856e-03 8.367249742150306702e-03 1.847334019839763641e-02 2.797442022711038589e-03 9.783461689949035645e-03 1.209637429565191269e-02 1.175686158239841461e-02 2.027537906542420387e-03 1.029207743704319000e-02 1.108175329864025116e-02 1.174642983824014664e-02 2.807537838816642761e-02 3.052285686135292053e-02 1.499973423779010773e-02 1.019809022545814514e-02 9.990987367928028107e-03 2.484324015676975250e-02 2.802214585244655609e-03 1.904436573386192322e-02 1.344722416251897812e-02 1.051760185509920120e-02 2.017124928534030914e-02 2.737579680979251862e-02 3.961391746997833252e-03 1.996283791959285736e-02
5.175075307488441467e-02 4.990978538990020752e-02 2.395601756870746613e-02 8.433542214334011078e-03 1.633970811963081360e-02 4.043339937925338745e-02 2.727586589753627777e-02 3.281909599900245667e-02 7.470477838069200516e-03 7.119960151612758636e-03 4.552391171455383301e-02 1.491275429725646973e-02 8.413971066474914551e-01 2.320073731243610382e-02 4.346292093396186829e-02 1.873426139354705811e-02 2.193489670753479004e-02 2.981062605977058411e-02 2.974027395248413086e-02 8.818531408905982971e-03 1.206877734512090683e-02 3.552328795194625854e-02 5.347715690732002258e-03 4.241720307618379593e-03 2.759747905656695366e-03 2.195984416175633669e-04 3.621685504913330078e-02 1.579772308468818665e-02 1.633779518306255341e-02 6.023882888257503510e-03 3.105107136070728302e-02 6.632061209529638290e-03 1.935488171875476837e-02 1.015379326418042183e-03 9.655670262873172760e-03 1.168535742908716202e-02 2.802005223929882050e-02 1.991929300129413605e-02 1.335451938211917877e-02 6.058282218873500824e-03 1.450843829661607742e-02 6.623507011681795120e-03 2.606786414980888367e-02 1.610372774302959442e-02 2.494040690362453461e-02 2.355356514453887939e-02 4.594128951430320740e-02 2.619360573589801788e-02 1.252950076013803482e-02 1.529309991747140884e-02 9.514489211142063141e-04 2.018358185887336731e-02 1.658553257584571838e-02 1.931067742407321930e-02 1.168522797524929047e-02 1.047064922749996185e-02 1.620985753834247589e-02 6.943363230675458908e-03 2.303449064493179321e-02 2.586112543940544128e-02 2.784967981278896332e-02 2.535166032612323761e-02 2.659196779131889343e-02 4.620032850652933121e-03 3.318271785974502563e-02 4.620847851037979126e-02 1.667702011764049530e-02 8.197735995054244995e-03 2.761428616940975189e-02 3.555455943569540977e-03 2.188537456095218658e-02 8.203858509659767151e-03 1.181203313171863556e-02 1.962126977741718292e-02 1.577646099030971527e-02 1.282607554458081722e-03 2.409251406788825989e-03 6.530708167701959610e-03 1.558641809970140457e-02 3.464626206550747156e-04 2.856805734336376190e-02 2.691086381673812866e-02 2.249381318688392639e-02 2.933123335242271423e-02 2.083708718419075012e-02 2.331736311316490173e-02 3.887295722961425781e-02 2.457239478826522827e-02 2.018050476908683777e-02 2.081880532205104828e-02 4.075618833303451538e-02 2.461859956383705139e-02 2.643207460641860962e-02 2.180026099085807800e-02 6.877378094941377640e-03 4.467635415494441986e-03 2.080880478024482727e-02 3.295722650364041328e-03 1.088675484061241150e-02 1.553291548043489456e-02 8.315167389810085297e-03 8.449194021522998810e-03 2.388820610940456390e-02 5.005798302590847015e-03 6.011582911014556885e-03 2.089481055736541748e-02 1.672079414129257202e-02 2.639667036419268698e-05 1.794235594570636749e-02 1.995115075260400772e-03 2.492485195398330688e-02 1.987076364457607269e-02 1.839693635702133179e-02 1.483576931059360504e-02 2.878721058368682861e-02 2.216873876750469208e-02
