8.451158404350280762e-01 7.009523361921310425e-02 1.477117463946342468e-02 1.034060493111610413e-02 3.518149722367525101e-03 6.709350645542144775e-02 6.026536226272583008e-02 2.654570899903774261e-02 8.134968578815460205e-03 2.114634262397885323e-03 5.907731875777244568e-02 1.419709902256727219e-02 4.803526774048805237e-02 1.944864541292190552e-02 1.627261564135551453e-02 4.971986054442822933e-04 4.237506538629531860e-03 2.167913226003292948e-05 5.724812857806682587e-03 6.918228231370449066e-03 5.452955141663551331e-03 2.389124780893325806e-02 4.409200511872768402e-03 1.050999853760004044e-02 1.194765674881637096e-03 1.239088736474514008e-02 1.549822976812720299e-03 1.646328717470169067e-02 2.308440394699573517e-03 1.279425807297229767e-02 2.148058824241161346e-02 4.159993957728147507e-03 8.349827490746974945e-03 2.506168559193611145e-03 4.985491279512643814e-03 1.402185298502445221e-02 2.167638950049877167e-02 1.234916783869266510e-02 1.262073521502315998e-03 2.663824707269668579e-02 1.623078808188438416e-02 7.053636480122804642e-03 5.387421231716871262e-03 1.830839738249778748e-02 7.464193738996982574e-03 1.066879834979772568e-02 2.857220545411109924e-02 2.407823130488395691e-02 6.061763968318700790e-03 7.225304143503308296e-04 2.868131967261433601e-03 6.915379344718530774e-05 1.685457676649093628e-02 2.524703182280063629e-02 2.634143084287643433e-02 1.222472265362739563e-02 8.477536612190306187e-04 7.840235717594623566e-03 2.701930887997150421e-02 2.397979237139225006e-02 1.167355291545391083e-02 1.291238609701395035e-02 5.120920948684215546e-03 8.995486423373222351e-03 3.121712617576122284e-02 2.995577268302440643e-02 1.439677458256483078e-02 1.212532538920640945e-02 1.512956526130437851e-02 9.594340808689594269e-03 3.956241998821496964e-03 9.474405087530612946e-03 1.368941389955580235e-03 5.039180163294076920e-03 1.814593560993671417e-02 1.554656121879816055e-02 1.604647189378738403e-02 1.638589240610599518e-02 1.670745760202407837e-02 2.342924661934375763e-02 2.037311904132366180e-02 1.923200674355030060e-02 2.998181153088808060e-03 6.191869033500552177e-04 2.176805026829242706e-02 1.779330521821975708e-02 3.475011885166168213e-02 2.569357119500637054e-02 1.210791151970624924e-02 1.553117390722036362e-02 5.778438877314329147e-03 3.811887279152870178e-02 2.807832555845379829e-03 2.163828909397125244e-02 1.510439906269311905e-03 2.318973280489444733e-02 1.683952659368515015e-02 1.747680641710758209e-02 7.241987623274326324e-03 8.717088960111141205e-03 1.444637496024370193e-02 6.482641678303480148e-03 7.066030055284500122e-03 9.100068360567092896e-03 5.320246797055006027e-03 1.368976570665836334e-02 1.117137540131807327e-02 1.595966750755906105e-03 7.618594914674758911e-03 8.694595657289028168e-03 1.174997165799140930e-02 1.487018540501594543e-02 1.140794996172189713e-02 1.842568255960941315e-02 3.420467674732208252e-02 3.606645017862319946e-02
7.009523361921310425e-02 8.451158404350280762e-01 1.100176479667425156e-02 1.476184185594320297e-02 3.747576614841818810e-03 6.128051877021789551e-02 5.298529192805290222e-02 2.455240674316883087e-02 1.467232778668403625e-02 1.065013115294277668e-03 4.921211674809455872e-02 9.715701453387737274e-03 4.537747055292129517e-02 2.755557931959629059e-02 2.042731456458568573e-02 3.182609099894762039e-03 6.220277864485979080e-03 1.085238531231880188e-02 4.288763739168643951e-03 6.375329103320837021e-03 7.275584619492292404e-03 2.344212122261524200e-02 9.246136061847209930e-03 8.263966999948024750e-03 1.157001685351133347e-02 2.140942029654979706e-02 4.722283221781253815e-03 1.789323426783084869e-02 8.602613583207130432e-03 1.231901627033948898e-02 2.520628087222576141e-02 5.036260117776691914e-04 1.214446593075990677e-02 9.746023453772068024e-03 7.566120009869337082e-03 1.710321381688117981e-02 2.364063262939453125e-02 9.054522030055522919e-03 2.665481762960553169e-03 2.505400590598583221e-02 1.289731357246637344e-02 1.962262578308582306e-02 5.492247175425291061e-03 7.156274281442165375e-03 7.084515411406755447e-03 1.340749766677618027e-02 1.566822826862335205e-02 1.818390190601348877e-02 3.874321933835744858e-03 3.419718006625771523e-03 9.990254417061805725e-03 3.109875833615660667e-03 1.574081555008888245e-02 2.420257031917572021e-02 2.962941117584705353e-02 1.477670669555664062e-02 8.556634187698364258e-03 3.131899051368236542e-03 3.042797558009624481e-02 2.988365851342678070e-02 2.098247222602367401e-02 1.459565944969654083e-02 2.623450011014938354e-03 1.084407232701778412e-02 2.586467377841472626e-02 3.025604598224163055e-02 1.374485157430171967e-02 1.350137963891029358e-02 1.690313220024108887e-02 1.237428188323974609e-02 6.563417613506317139e-03 1.058021187782287598e-02 5.621679592877626419e-04 4.496430512517690659e-03 1.705422438681125641e-02 2.230144105851650238e-02 1.417323201894760132e-02 1.562575437128543854e-02 1.398087013512849808e-02 1.868943870067596436e-02 2.265135385096073151e-02 2.154140360653400421e-02 3.255212213844060898e-03 1.179604791104793549e-02 1.882667466998100281e-02 1.882516033947467804e-02 3.630782291293144226e-02 3.145490214228630066e-02 1.455810014158487320e-02 1.533269323408603668e-02 1.350290328264236450e-02 3.902357071638107300e-02 5.528413690626621246e-03 2.319739013910293579e-02 1.131067052483558655e-03 2.869510836899280548e-02 1.887594722211360931e-02 2.044321782886981964e-02 1.563128782436251640e-03 8.708520792424678802e-03 1.693245209753513336e-02 7.384773809462785721e-03 1.322057750076055527e-02 6.938299164175987244e-03 1.248460821807384491e-02 1.460628304630517960e-02 1.317697949707508087e-02 3.643065458163619041e-03 1.065988838672637939e-02 7.066566962748765945e-03 1.219032052904367447e-02 1.786433160305023193e-02 4.567227326333522797e-03 1.673275791108608246e-02 3.422099351882934570e-02 4.018525779247283936e-02
1.477117463946342468e-02 1.100176479667425156e-02 8.451158404350280762e-01 1.463332772254943848e-02 1.207256037741899490e-02 4.415646661072969437e-03 2.697068499401211739e-03 6.665274500846862793e-02 1.481579430401325226e-02 2.363971620798110962e-02 4.612185992300510406e-03 9.466343559324741364e-03 2.043922804296016693e-02 7.809432689100503922e-03 3.015895374119281769e-02 2.773902565240859985e-02 2.194966189563274384e-02 2.615403383970260620e-03 1.352638099342584610e-02 5.580593366175889969e-03 1.468597562052309513e-03 3.692868631333112717e-03 3.506046906113624573e-02 2.695827372372150421e-02 1.229876279830932617e-02 8.952575735747814178e-03 8.826036937534809113e-03 3.298290073871612549e-02 6.250234786421060562e-03 3.413071110844612122e-02 1.001102942973375320e-02 2.786711417138576508e-02 1.041112467646598816e-02 2.792293764650821686e-02 2.727719210088253021e-02 7.295185700058937073e-03 1.647019572556018829e-02 3.361027687788009644e-03 2.243719063699245453e-02 1.277258060872554779e-02 6.376745179295539856e-03 9.436563588678836823e-03 2.733323490247130394e-03 1.328071579337120056e-02 2.584406547248363495e-02 3.214176371693611145e-02 6.073018070310354233e-03 1.778461784124374390e-02 8.147822518367320299e-05 1.066646259278059006e-02 2.346505597233772278e-02 2.743645384907722473e-02 3.963923372793942690e-04 2.322749933227896690e-03 7.026111707091331482e-03 7.094417233020067215e-03 1.603573001921176910e-02 1.312816143035888672e-02 2.674273028969764709e-02 8.611734956502914429e-03 2.147985436022281647e-02 8.590742945671081543e-03 4.416196141391992569e-03 5.113592487759888172e-04 2.188101643696427345e-03 8.504541474394500256e-04 1.442234218120574951e-02 1.574007235467433929e-02 5.052883643656969070e-03 1.464041415601968765e-02 2.313837641850113869e-03 1.943705952726304531e-03 4.208966623991727829e-03 3.323530033230781555e-02 8.110032416880130768e-03 1.522306120023131371e-03 1.131527777761220932e-02 1.898222602903842926e-02 2.942187152802944183e-02 4.050995409488677979e-02 6.163826212286949158e-02 4.436481744050979614e-02 1.549811568111181259e-02 4.787914920598268509e-03 1.714885584078729153e-03 2.004886511713266373e-03 2.840241231024265289e-02 1.625181920826435089e-02 1.171905640512704849e-02 2.250133082270622253e-02 3.037389542441815138e-04 8.821499533951282501e-03 2.733526052907109261e-03 1.304980181157588959e-02 2.295171469449996948e-02 6.308084120973944664e-04 1.793323270976543427e-02 1.481625251471996307e-02 1.560525316745042801e-02 1.431228872388601303e-02 4.848885349929332733e-03 5.458375904709100723e-03 9.034368209540843964e-03 6.513934116810560226e-03 1.744778640568256378e-02 1.807426474988460541e-02 1.873296452686190605e-03 9.949666447937488556e-03 4.389404319226741791e-03 1.237083924934267998e-03 2.025163359940052032e-02 7.876101881265640259e-03 1.755715534090995789e-02 1.226913556456565857e-02 1.461344771087169647e-02 4.797332920134067535e-03
1.034060493111610413e-02 1.476184185594320297e-02 1.463332772254943848e-02 8.451158404350280762e-01 6.362631171941757202e-02 1.413333509117364883e-02 1.529103331267833710e-02 8.019340224564075470e-03 2.408389002084732056e-03 1.582170091569423676e-02 1.816844008862972260e-02 2.561672404408454895e-02 1.159718073904514313e-02 2.722002100199460983e-03 2.820117166265845299e-03 7.860900834202766418e-03 2.046608552336692810e-02 1.248243357986211777e-02 3.834750270470976830e-03 2.368775755167007446e-02 2.552093006670475006e-03 5.358616355806589127e-03 5.664939060807228088e-03 1.707971445284783840e-03 6.003926042467355728e-03 6.944764405488967896e-03 6.049368996173143387e-03 1.157342456281185150e-02 8.978032507002353668e-03 1.365962252020835876e-02 5.153461359441280365e-03 1.609714701771736145e-02 2.387489378452301025e-02 1.703408919274806976e-02 3.154487162828445435e-02 4.731488297693431377e-04 4.672747571021318436e-03 2.935532107949256897e-02 2.507087960839271545e-02 2.217564359307289124e-02 2.365584298968315125e-02 1.261969376355409622e-02 1.649574749171733856e-02 3.434598073363304138e-02 2.927704341709613800e-02 1.294491346925497055e-03 5.297838710248470306e-03 3.522875485941767693e-03 3.639926388859748840e-02 2.498106658458709717e-02 3.914771601557731628e-02 3.243813663721084595e-02 3.225659951567649841e-02 2.466456592082977295e-02 1.224996615201234818e-02 2.266920171678066254e-02 1.209753844887018204e-02 4.737785551697015762e-03 2.336024492979049683e-02 2.776243537664413452e-02 1.424515340477228165e-02 3.096668282523751259e-03 3.221691399812698364e-02 3.071796707808971405e-02 8.893136866390705109e-03 9.027592837810516357e-03 2.040707692503929138e-02 1.428706292062997818e-02 2.345782704651355743e-03 1.960286684334278107e-02 3.102440852671861649e-03 1.678308844566345215e-02 4.481202363967895508e-02 2.681346423923969269e-02 1.857633702456951141e-02 2.401809953153133392e-02 1.366315595805644989e-02 1.240630075335502625e-02 7.795644924044609070e-03 3.298050723969936371e-04 1.771437935531139374e-02 1.284647267311811447e-02 3.653068467974662781e-02 3.116661496460437775e-02 1.961787045001983643e-02 1.683690212666988373e-02 4.064374137669801712e-03 1.357151195406913757e-03 1.504197251051664352e-02 1.053163968026638031e-02 7.263649720698595047e-03 3.966251097153872252e-04 3.761098720133304596e-03 1.162963919341564178e-03 9.255966171622276306e-03 3.734210273250937462e-03 1.311496272683143616e-02 4.099661484360694885e-03 1.040396839380264282e-02 2.042153105139732361e-02 2.271194010972976685e-02 1.002006325870752335e-02 2.655344456434249878e-02 1.352122798562049866e-02 2.903241291642189026e-02 3.250709921121597290e-02 9.673311375081539154e-03 2.648845314979553223e-02 1.283945236355066299e-02 8.621362969279289246e-03 3.565445542335510254e-02 3.136579319834709167e-02 5.105411633849143982e-03 9.360069409012794495e-03 6.617719773203134537e-03 8.494382724165916443e-03
3.518149722367525101e-03 3.747576614841818810e-03 1.207256037741899490e-02 6.362631171941757202e-02 8.451158404350280762e-01 3.676693886518478394e-03 1.343869697302579880e-02 8.472675457596778870e-03 1.512127835303544998e-02 3.076666733250021935e-03 1.400876790285110474e-02 2.562954276800155640e-02 1.039825193583965302e-02 7.187197450548410416e-03 8.942681364715099335e-03 5.210978910326957703e-03 3.789342241361737251e-03 1.032398780807852745e-03 2.001943998038768768e-02 2.312128618359565735e-02 8.152540773153305054e-03 5.806085187941789627e-03 1.231015287339687347e-02 6.827455479651689529e-03 3.704454866237938404e-05 4.647267982363700867e-03 1.243172399699687958e-02 1.615515351295471191e-02 5.572706926614046097e-03 1.697376370429992676e-02 5.291991401463747025e-04 6.679291836917400360e-03 1.312469784170389175e-02 1.165057718753814697e-02 2.348801493644714355e-02 1.483467058278620243e-03 3.709388663992285728e-03 2.948847040534019470e-02 3.846128657460212708e-02 3.889552131295204163e-02 2.688906900584697723e-02 3.409032244235277176e-03 7.652165833860635757e-03 2.354783006012439728e-02 1.347321271896362305e-02 5.829769186675548553e-03 6.583972834050655365e-03 7.885381579399108887e-03 3.518323600292205811e-02 2.447530068457126617e-02 3.366150707006454468e-02 2.512006834149360657e-02 3.013282082974910736e-02 2.063404954969882965e-02 1.327799912542104721e-02 1.605531759560108185e-02 1.307070627808570862e-02 1.378814224153757095e-03 2.233885042369365692e-02 2.557302638888359070e-02 2.071211859583854675e-02 9.204364381730556488e-03 2.367462031543254852e-02 2.716583758592605591e-02 4.115251358598470688e-03 3.688950557261705399e-03 1.557359937578439713e-02 1.356008835136890411e-02 1.689486205577850342e-02 1.983118057250976562e-02 1.602116413414478302e-02 2.486082911491394043e-02 4.625007882714271545e-02 2.984526567161083221e-02 3.058902919292449951e-02 2.981570735573768616e-02 2.729756012558937073e-02 2.231825515627861023e-02 3.133836726192384958e-04 9.313288144767284393e-03 1.212523784488439560e-02 8.597208186984062195e-03 4.682862386107444763e-02 4.907383024692535400e-02 1.683617942035198212e-02 1.438455376774072647e-02 2.239469438791275024e-03 3.819681005552411079e-04 2.522075921297073364e-02 1.933518797159194946e-02 9.235047618858516216e-04 7.977356435731053352e-04 1.034756563603878021e-02 2.975207287818193436e-03 1.936449855566024780e-02 1.331580220721662045e-03 1.090290024876594543e-02 7.387703750282526016e-03 1.266119163483381271e-02 2.054086141288280487e-02 2.810213714838027954e-02 1.785872131586074829e-02 2.454181946814060211e-02 1.654701493680477142e-02 3.031553328037261963e-02 2.567151375114917755e-02 1.735630817711353302e-02 2.232158929109573364e-02 1.852404512465000153e-02 7.629898376762866974e-03 3.346580639481544495e-02 3.838775306940078735e-02 3.960379865020513535e-03 5.219930317252874374e-03 3.291321685537695885e-03 1.374992076307535172e-02
6.709350645542144775e-02 6.128051877021789551e-02 4.415646661072969437e-03 1.413333509117364883e-02 3.676693886518478394e-03 8.451158404350280762e-01 7.235067337751388550e-02 1.506071072071790695e-02 7.162274792790412903e-03 5.231142044067382812e-03 4.512925073504447937e-02 1.987344818189740181e-03 3.236366808414459229e-02 3.812595084309577942e-02 1.814800547435879707e-03 2.110480703413486481e-02 2.174224704504013062e-02 1.301536895334720612e-02 1.174034085124731064e-02 5.115315318107604980e-03 9.739525266923010349e-04 8.587215095758438110e-03 1.303507946431636810e-02 2.761601097881793976e-02 7.400440052151679993e-03 1.110158208757638931e-02 2.692822366952896118e-02 3.261352423578500748e-03 1.649147458374500275e-02 7.707252167165279388e-03 3.072781674563884735e-02 1.651055412366986275e-03 1.284044701606035233e-02 3.023833036422729492e-03 1.422492414712905884e-02 3.635355271399021149e-03 6.145274732261896133e-03 2.559092827141284943e-02 6.117133423686027527e-03 2.042394317686557770e-02 2.669200301170349121e-02 1.928325556218624115e-02 7.561798207461833954e-03 1.171943265944719315e-03 2.313893847167491913e-02 6.051034666597843170e-03 4.598372802138328552e-02 1.568760536611080170e-02 3.201067913323640823e-03 6.538054905831813812e-03 5.973099265247583389e-03 3.377667162567377090e-03 9.204656817018985748e-03 1.619359292089939117e-02 1.723197288811206818e-02 8.736007846891880035e-03 2.934839110821485519e-03 6.512794177979230881e-03 1.961367577314376831e-02 1.324468478560447693e-02 4.177814989816397429e-04 7.352561224251985550e-03 3.471335629001259804e-03 3.622524091042578220e-04 1.405635662376880646e-02 7.825728505849838257e-03 9.901412762701511383e-03 7.499557686969637871e-04 9.709582664072513580e-03 5.446659401059150696e-03 5.488124210387468338e-03 9.566343389451503754e-03 1.543237455189228058e-02 7.067973725497722626e-03 3.263539820909500122e-02 1.887796819210052490e-02 1.497015450149774551e-02 5.771330092102289200e-03 2.784954942762851715e-02 3.089003264904022217e-02 1.520503591746091843e-02 1.365036517381668091e-02 5.545904859900474548e-03 5.427508614957332611e-03 1.969434879720211029e-02 2.528058132156729698e-03 2.374495938420295715e-02 1.194469630718231201e-02 6.734033580869436264e-03 1.127902045845985413e-02 1.593929715454578400e-02 2.267677523195743561e-02 1.591852121055126190e-02 5.720988265238702297e-04 6.559350993484258652e-03 3.464823961257934570e-02 9.250413626432418823e-03 2.139501646161079407e-02 3.219714853912591934e-03 1.581530668772757053e-03 1.256971992552280426e-02 6.766127422451972961e-03 2.987975894939154387e-04 6.713373586535453796e-03 2.216219529509544373e-02 1.754555618390440941e-03 1.661938801407814026e-02 2.237747237086296082e-02 1.769162714481353760e-02 1.810586079955101013e-02 1.174929901026189327e-03 3.323440439999103546e-03 5.814597010612487793e-03 3.761897096410393715e-03 1.812528446316719055e-02 3.166181966662406921e-02
6.026536226272583008e-02 5.298529192805290222e-02 2.697068499401211739e-03 1.529103331267833710e-02 1.343869697302579880e-02 7.235067337751388550e-02 8.451158404350280762e-01 3.784329630434513092e-03 2.283211424946784973e-02 6.202642340213060379e-03 4.893011972308158875e-02 1.486437674611806870e-02 3.806179761886596680e-02 2.719828113913536072e-02 4.470217972993850708e-03 6.663529668003320694e-03 6.882224231958389282e-03 2.115049771964550018e-02 1.418595761060714722e-02 1.159680355340242386e-02 1.476185210049152374e-02 1.210700161755084991e-02 1.449795998632907867e-02 2.512807771563529968e-02 1.211298629641532898e-03 1.900629722513258457e-03 1.853209547698497772e-02 5.993432365357875824e-03 2.519516739994287491e-03 3.785647451877593994e-03 2.184971608221530914e-02 5.803946871310472488e-03 1.630914397537708282e-02 1.516857743263244629e-02 7.000596728175878525e-03 1.279636402614414692e-03 1.025706902146339417e-02 2.098452486097812653e-02 1.030175760388374329e-02 1.805604435503482819e-02 3.443331643939018250e-02 4.390209447592496872e-03 1.245786156505346298e-02 9.887089952826499939e-03 9.056683629751205444e-03 5.317915230989456177e-03 4.556306079030036926e-02 2.635975927114486694e-02 1.273267902433872223e-03 5.401015281677246094e-03 8.039598353207111359e-03 4.025509580969810486e-03 2.451782813295722008e-03 9.545600041747093201e-03 1.873490959405899048e-02 6.967973429709672928e-03 6.815823260694742203e-03 5.143386311829090118e-03 8.370309136807918549e-03 5.736241117119789124e-03 8.233617059886455536e-03 6.640299689024686813e-03 1.455254107713699341e-02 1.132429670542478561e-02 2.111073955893516541e-02 1.314191240817308426e-02 2.290645428001880646e-02 2.010082267224788666e-02 2.815620042383670807e-02 1.084928298951126635e-04 9.401123970746994019e-03 2.915238030254840851e-02 1.590672531165182590e-03 8.467126637697219849e-03 1.935061067342758179e-02 2.926055714488029480e-02 8.720796555280685425e-03 5.061126314103603363e-03 3.089392185211181641e-02 3.734421730041503906e-02 1.217550225555896759e-02 8.963954634964466095e-03 2.071327902376651764e-02 1.357374619692564011e-02 2.758443541824817657e-02 1.995786651968955994e-02 2.453973703086376190e-02 1.504487730562686920e-02 2.576235681772232056e-02 2.464897185564041138e-02 6.584212183952331543e-03 3.151272982358932495e-02 4.254965577274560928e-03 5.583520513027906418e-03 8.064989000558853149e-03 2.450817078351974487e-02 1.984733715653419495e-02 1.542241219431161880e-02 7.290053181350231171e-03 9.332382120192050934e-03 1.611031033098697662e-02 4.694246221333742142e-03 8.574280887842178345e-03 1.053692027926445007e-02 2.210211567580699921e-02 3.042142838239669800e-03 2.047837153077125549e-02 2.049558237195014954e-02 1.186921726912260056e-02 8.793834596872329712e-03 5.620764568448066711e-03 9.170277044177055359e-03 6.240128539502620697e-03 1.384445279836654663e-02 3.392056003212928772e-02 3.761135786771774292e-02
2.654570899903774261e-02 2.455240674316883087e-02 6.665274500846862793e-02 8.019340224564075470e-03 8.472675457596778870e-03 1.506071072071790695e-02 3.784329630434513092e-03 8.451158404350280762e-01 1.080418564379215240e-02 2.401429973542690277e-02 1.663202233612537384e-02 4.970029462128877640e-03 2.461629733443260193e-02 6.074781063944101334e-03 4.083941876888275146e-02 2.382571063935756683e-02 1.943803578615188599e-02 2.340910723432898521e-03 8.606407791376113892e-03 9.588811546564102173e-03 1.223824638873338699e-02 1.624669693410396576e-02 3.443554416298866272e-02 1.921803131699562073e-02 1.310699712485074997e-02 2.188719063997268677e-02 1.628080569207668304e-02 3.682110831141471863e-02 1.239009667187929153e-02 3.561422601342201233e-02 2.026896923780441284e-02 1.351789478212594986e-02 1.584300026297569275e-02 2.017344534397125244e-02 1.892782002687454224e-02 2.024247683584690094e-02 2.430737577378749847e-02 8.727657259441912174e-04 1.432823762297630310e-02 2.480259281583130360e-04 1.020189374685287476e-03 1.251666713505983353e-02 8.564955554902553558e-03 8.408814668655395508e-03 2.613829635083675385e-02 2.726658433675765991e-02 2.620376646518707275e-03 1.172894984483718872e-02 1.341106719337403774e-03 7.488653529435396194e-03 1.485232450067996979e-02 2.511560730636119843e-02 1.287938188761472702e-02 1.437873765826225281e-02 1.351967826485633850e-02 3.127946285530924797e-03 8.828717283904552460e-03 8.804256096482276917e-03 3.387638553977012634e-02 1.962904632091522217e-02 1.985348202288150787e-02 1.395757310092449188e-02 7.990033365786075592e-03 3.690920071676373482e-03 9.137487038969993591e-03 9.963988326489925385e-03 5.759284831583499908e-03 1.207949686795473099e-02 1.392667414620518684e-03 3.081770800054073334e-02 6.553850602358579636e-03 1.175813004374504089e-02 4.261210095137357712e-03 3.609148785471916199e-02 4.706770647317171097e-03 6.713011302053928375e-03 1.228845678269863129e-02 1.707786880433559418e-02 2.465133741497993469e-02 2.813004516065120697e-02 6.397280097007751465e-02 5.725676193833351135e-02 1.680565066635608673e-02 2.916710451245307922e-03 1.061889063566923141e-02 8.372116833925247192e-03 4.075166583061218262e-02 2.789067104458808899e-02 6.751135457307100296e-03 3.826832398772239685e-03 1.379837864078581333e-03 2.460769377648830414e-02 5.016877781599760056e-03 3.114832192659378052e-02 5.312778055667877197e-03 7.677849382162094116e-03 3.067905269563198090e-02 1.953981071710586548e-02 3.508630907163023949e-03 5.599507596343755722e-03 9.724160656332969666e-03 6.224860437214374542e-03 1.041323691606521606e-02 1.300328783690929413e-02 1.389411650598049164e-02 9.765623137354850769e-03 2.625711960718035698e-03 1.863194815814495087e-02 9.189790114760398865e-03 8.024933747947216034e-03 1.789163798093795776e-02 1.764219440519809723e-02 6.437984760850667953e-03 1.021657790988683701e-02 5.472090095281600952e-03 1.465392857789993286e-02
8.134968578815460205e-03 1.467232778668403625e-02 1.481579430401325226e-02 2.408389002084732056e-03 1.512127835303544998e-02 7.162274792790412903e-03 2.283211424946784973e-02 1.080418564379215240e-02 8.451158404350280762e-01 2.864893525838851929e-02 2.126758731901645660e-02 2.291339635848999023e-02 1.688128150999546051e-02 1.547668687999248505e-02 2.565285190939903259e-02 1.026554871350526810e-02 1.482709031552076340e-02 3.386250883340835571e-02 2.400374971330165863e-02 3.124052472412586212e-02 2.207901142537593842e-02 1.315071713179349899e-02 8.539060945622622967e-04 1.122110150754451752e-02 2.886010101065039635e-03 1.115667913109064102e-02 8.100438863039016724e-03 7.628621533513069153e-03 8.528204634785652161e-03 2.970466448459774256e-04 1.271991897374391556e-02 4.150853026658296585e-03 1.387517782859504223e-03 1.889877021312713623e-02 1.707747695036232471e-03 1.047042384743690491e-02 1.981653645634651184e-02 1.230527646839618683e-02 9.206021204590797424e-03 5.413919570855796337e-04 6.689973175525665283e-03 1.286920532584190369e-02 1.828908547759056091e-02 7.945962250232696533e-03 1.223846338689327240e-04 9.784787893295288086e-03 2.235302887856960297e-02 8.754586800932884216e-03 4.203094635158777237e-03 1.026770472526550293e-02 1.042838674038648605e-02 1.740110665559768677e-02 1.736986567266285419e-03 9.646981954574584961e-03 2.929855696856975555e-02 8.697769604623317719e-03 4.335802048444747925e-02 2.210135385394096375e-02 8.252080529928207397e-03 1.355552859604358673e-02 2.881192415952682495e-02 1.992481015622615814e-02 1.311109168455004692e-03 1.219755131751298904e-02 2.636899054050445557e-02 1.859808526933193207e-02 2.541882358491420746e-02 2.910017594695091248e-02 3.832127526402473450e-02 6.961121223866939545e-03 3.495642170310020447e-02 4.228676110506057739e-02 1.130289211869239807e-02 1.827031932771205902e-02 1.287665683776140213e-02 4.271043092012405396e-02 5.110757425427436829e-02 2.206545136868953705e-02 3.691267594695091248e-02 2.838921360671520233e-02 1.376281608827412128e-03 1.268666423857212067e-02 3.481093049049377441e-02 3.107378445565700531e-02 9.993058629333972931e-03 1.951870508491992950e-02 2.156457677483558655e-02 1.908281072974205017e-02 4.098217934370040894e-02 3.075655363500118256e-02 1.280792150646448135e-02 2.195432595908641815e-02 1.916476991027593613e-03 2.645144704729318619e-03 1.964094303548336029e-02 3.006248921155929565e-02 1.389675680547952652e-02 2.807984314858913422e-02 5.802648956887423992e-04 2.077444083988666534e-02 1.177658513188362122e-02 2.022701315581798553e-02 2.245522290468215942e-02 2.646607579663395882e-03 3.320527262985706329e-03 2.256128191947937012e-02 3.739046165719628334e-03 8.832294493913650513e-03 1.207480207085609436e-02 9.205059614032506943e-04 1.632636063732206821e-03 1.284948457032442093e-02 3.403658512979745865e-03 1.075119804590940475e-02 3.148793801665306091e-02 3.178535401821136475e-02
2.114634262397885323e-03 1.065013115294277668e-03 2.363971620798110962e-02 1.582170091569423676e-02 3.076666733250021935e-03 5.231142044067382812e-03 6.202642340213060379e-03 2.401429973542690277e-02 2.864893525838851929e-02 8.451158404350280762e-01 5.668087760568596423e-05 1.338984537869691849e-02 1.355759054422378540e-02 1.546956226229667664e-02 3.718436928465962410e-03 1.234067697077989578e-02 2.631588093936443329e-02 2.563980035483837128e-02 4.960893839597702026e-02 1.297757960855960846e-02 2.331393305212259293e-03 9.426394477486610413e-03 3.860984230414032936e-03 6.247341632843017578e-03 9.939501993358135223e-03 2.881074324250221252e-02 2.192494831979274750e-02 1.979973912239074707e-02 1.182837504893541336e-02 2.041741274297237396e-02 8.890661410987377167e-03 3.020757623016834259e-02 1.663989387452602386e-02 2.014491334557533264e-02 1.578683778643608093e-02 1.581011526286602020e-02 1.375677250325679779e-02 1.159459468908607960e-03 1.841915887780487537e-03 8.634466677904129028e-03 6.829231046140193939e-03 1.548669021576642990e-02 2.249067882075905800e-03 4.517708439379930496e-04 1.127891335636377335e-02 2.803750522434711456e-02 9.715951979160308838e-03 2.063027769327163696e-02 2.933188527822494507e-02 3.767915815114974976e-02 1.536963135004043579e-02 1.458788476884365082e-02 1.215524133294820786e-02 1.944551058113574982e-02 2.562468685209751129e-02 4.298297688364982605e-02 1.812886260449886322e-02 4.734417423605918884e-02 2.226886339485645294e-03 9.338167496025562286e-03 1.640509255230426788e-02 4.918348789215087891e-02 1.692074723541736603e-02 5.112778395414352417e-03 1.176072284579277039e-02 6.655538454651832581e-03 1.353437080979347229e-02 9.584279730916023254e-03 3.098107688128948212e-02 2.977325953543186188e-02 3.410938009619712830e-02 8.197553455829620361e-03 2.559566870331764221e-02 3.224885091185569763e-02 8.649943396449089050e-03 1.152318995445966721e-02 1.012441236525774002e-02 4.483262449502944946e-02 3.959720209240913391e-02 5.467319488525390625e-02 1.740031875669956207e-02 6.930221337825059891e-03 1.767432875931262970e-02 2.926651015877723694e-02 1.123923342674970627e-02 2.205195464193820953e-02 4.026013892143964767e-03 3.627515106927603483e-04 7.760511245578527451e-03 2.693224884569644928e-02 1.012746244668960571e-02 3.383589675650000572e-03 5.220354069024324417e-03 5.101958755403757095e-03 1.192147377878427505e-02 2.205151133239269257e-03 2.854694146662950516e-03 2.666875347495079041e-02 1.994072459638118744e-02 6.348297931253910065e-03 8.769780979491770267e-04 1.490527647547423840e-03 1.606282405555248260e-02 1.430433429777622223e-02 4.062852822244167328e-03 1.875529065728187561e-02 2.415694110095500946e-02 1.254392974078655243e-02 2.023682370781898499e-02 2.734541520476341248e-02 1.703486079350113869e-03 2.992079360410571098e-03 1.462761126458644867e-02 6.890343036502599716e-03 1.228740904480218887e-02 2.050057984888553619e-03
5.907731875777244568e-02 4.921211674809455872e-02 4.612185992300510406e-03 1.816844008862972260e-02 1.400876790285110474e-02 4.512925073504447937e-02 4.893011972308158875e-02 1.663202233612537384e-02 2.126758731901645660e-02 5.668087760568596423e-05 8.451158404350280762e-01 3.295941278338432312e-02 4.892931506037712097e-02 5.734936799854040146e-03 2.814569137990474701e-02 1.500025857239961624e-02 1.326805818825960159e-02 4.377763252705335617e-03 1.130737946368753910e-03 2.336821518838405609e-02 1.527890004217624664e-02 2.705888077616691589e-02 1.336094737052917480e-02 6.071951240301132202e-03 1.349203195422887802e-02 3.931492567062377930e-03 9.484827751293778419e-04 2.732554078102111816e-02 1.002195943146944046e-02 2.573313936591148376e-02 1.130281481891870499e-02 8.546510711312294006e-03 3.693039296194911003e-03 1.688116416335105896e-02 1.058738678693771362e-02 9.147678501904010773e-03 2.226330526173114777e-02 1.152354385703802109e-02 1.250700931996107101e-02 4.545164760202169418e-03 1.804244145750999451e-02 4.113870672881603241e-03 2.170849405229091644e-02 2.293145097792148590e-02 4.441711585968732834e-03 1.837421208620071411e-02 3.701065853238105774e-02 3.270965442061424255e-02 1.490715984255075455e-02 1.773410476744174957e-02 1.237292308360338211e-02 7.807148620486259460e-03 1.161645981483161449e-03 1.216026861220598221e-02 1.109741907566785812e-02 2.000845415750518441e-04 1.083720382302999496e-02 3.857856616377830505e-03 1.290813181549310684e-02 9.043863043189048767e-03 1.957297511398792267e-02 1.417073421180248260e-02 1.660925708711147308e-02 2.705249935388565063e-02 3.597334027290344238e-02 2.982337400317192078e-02 2.689012326300144196e-02 2.522267028689384460e-02 3.073002956807613373e-02 8.958945982158184052e-03 2.499650791287422180e-02 2.838962152600288391e-02 1.690929196774959564e-02 1.597292535006999969e-02 7.805067114531993866e-03 2.875922992825508118e-02 1.146752107888460159e-02 1.100896974094212055e-03 1.211301144212484360e-02 2.313018031418323517e-02 8.838813751935958862e-03 1.439599785953760147e-02 1.743682660162448883e-02 2.117839269340038300e-02 2.885054610669612885e-02 2.913787215948104858e-02 3.211753815412521362e-02 1.825688034296035767e-02 3.174253553152084351e-02 3.408262878656387329e-02 8.354472927749156952e-03 4.084647446870803833e-02 1.157008484005928040e-02 1.569552905857563019e-02 4.786126781255006790e-03 2.222774550318717957e-02 1.781444996595382690e-02 1.570801250636577606e-02 8.740541525185108185e-03 8.854454383254051208e-03 5.768129136413335800e-03 1.108791399747133255e-02 7.274699863046407700e-03 2.809492172673344612e-03 7.376941852271556854e-03 1.165196299552917480e-02 2.451378153637051582e-03 1.379185356199741364e-03 3.197299549356102943e-03 1.157755684107542038e-02 4.343484528362751007e-03 4.199059680104255676e-03 1.027983799576759338e-02 2.107530273497104645e-02 3.224575147032737732e-02 3.058092854917049408e-02
1.419709902256727219e-02 9.715701453387737274e-03 9.466343559324741364e-03 2.561672404408454895e-02 2.562954276800155640e-02 1.987344818189740181e-03 1.486437674611806870e-02 4.970029462128877640e-03 2.291339635848999023e-02 1.338984537869691849e-02 3.295941278338432312e-02 8.451158404350280762e-01 2.044440060853958130e-02 3.506601601839065552e-02 1.479304861277341843e-02 1.880978792905807495e-02 1.129508018493652344e-02 9.794618934392929077e-03 1.068761292845010757e-02 3.605743497610092163e-02 1.588846184313297272e-02 1.781112886965274811e-02 1.271238457411527634e-02 1.463910192251205444e-02 1.452101673930883408e-02 1.545745600014925003e-02 1.370237208902835846e-02 3.300587460398674011e-02 1.607847213745117188e-02 3.489185869693756104e-02 1.229311991482973099e-02 1.638430170714855194e-02 1.922342367470264435e-02 3.083983995020389557e-02 2.368322759866714478e-02 8.321297354996204376e-03 2.900954103097319603e-03 3.598067210987210274e-03 1.265143044292926788e-02 1.477002725005149841e-02 1.640888676047325134e-02 1.256556529551744461e-02 2.659010514616966248e-02 2.573064342141151428e-02 7.725465577095746994e-03 1.741586253046989441e-02 2.468322031199932098e-02 2.673947811126708984e-02 2.561937086284160614e-02 3.395577147603034973e-02 2.298363484442234039e-02 2.198741771280765533e-02 3.106693550944328308e-02 2.539508417248725891e-02 1.133314054459333420e-02 2.379359863698482513e-02 1.689820736646652222e-02 8.178471587598323822e-03 2.466764859855175018e-02 2.520463243126869202e-02 1.500089000910520554e-02 1.115172915160655975e-02 2.876887097954750061e-02 2.655787765979766846e-02 1.918814703822135925e-02 1.684265211224555969e-02 2.319902367889881134e-02 2.981354855000972748e-02 2.412936650216579437e-02 2.011005580425262451e-02 2.487150765955448151e-02 3.073876537382602692e-02 3.438168391585350037e-02 2.181680686771869659e-02 2.682391926646232605e-02 2.173191122710704803e-02 3.453217819333076477e-02 1.258799061179161072e-02 8.764317259192466736e-03 1.136578619480133057e-02 7.147470489144325256e-03 8.202449535019695759e-04 1.907270029187202454e-02 1.790861971676349640e-02 2.613834291696548462e-02 3.875752538442611694e-02 4.433331545442342758e-03 6.610671058297157288e-03 4.025435447692871094e-02 3.901482373476028442e-02 1.255472842603921890e-02 1.829092018306255341e-02 1.764069311320781708e-02 4.604826215654611588e-03 5.457187537103891373e-03 5.746076349169015884e-03 1.213319506496191025e-02 6.467981263995170593e-03 5.396959371864795685e-03 7.332881912589073181e-03 4.523692186921834946e-03 8.800411596894264221e-03 3.882219607476145029e-04 9.636052884161472321e-03 9.042620658874511719e-03 1.071551814675331116e-02 2.807193435728549957e-03 8.708458626642823219e-04 1.291832420974969864e-02 1.858592964708805084e-02 1.825605519115924835e-02 2.662865631282329559e-02 4.502607509493827820e-03 1.466514915227890015e-02 1.258668024092912674e-02 1.497511286288499832e-02
4.803526774048805237e-02 4.537747055292129517e-02 2.043922804296016693e-02 1.159718073904514313e-02 1.039825193583965302e-02 3.236366808414459229e-02 3.806179761886596680e-02 2.461629733443260193e-02 1.688128150999546051e-02 1.355759054422378540e-02 4.892931506037712097e-02 2.044440060853958130e-02 8.451158404350280762e-01 8.283227682113647461e-03 3.195627778768539429e-02 9.772000834345817566e-03 4.934381693601608276e-03 9.533169795759022236e-04 1.147877052426338196e-02 3.011665493249893188e-02 3.268330916762351990e-02 2.901235967874526978e-02 1.183871924877166748e-02 3.838830161839723587e-03 1.948015950620174408e-02 3.133994061499834061e-03 1.244769524782896042e-02 2.629235759377479553e-02 1.756379008293151855e-02 2.298880741000175476e-02 2.801519120112061501e-03 1.623944938182830811e-02 1.883898163214325905e-03 2.217774093151092529e-02 2.156805805861949921e-02 2.328221127390861511e-02 3.596162050962448120e-02 5.737322848290205002e-03 5.845124833285808563e-03 5.083759780973196030e-03 3.381852293387055397e-03 9.849672205746173859e-03 2.436857670545578003e-02 5.165748298168182373e-03 1.634310930967330933e-02 3.048436343669891357e-02 2.264650724828243256e-02 3.549054265022277832e-02 1.693540811538696289e-02 2.291720733046531677e-02 2.835158724337816238e-03 4.482990596443414688e-03 9.964362718164920807e-03 1.616276428103446960e-02 7.238203659653663635e-03 7.766082882881164551e-03 1.647011376917362213e-03 1.929324306547641754e-02 2.604201436042785645e-02 1.888597942888736725e-02 2.123317308723926544e-02 8.066301234066486359e-03 3.989196848124265671e-03 2.362021617591381073e-02 3.303860500454902649e-02 3.573881462216377258e-02 3.084907121956348419e-02 3.104935213923454285e-02 1.686059497296810150e-02 7.441316265612840652e-03 1.470997370779514313e-02 1.852890290319919586e-02 1.710977405309677124e-02 4.785886965692043304e-03 1.224041823297739029e-02 2.032474055886268616e-02 3.223184961825609207e-03 1.549484301358461380e-02 2.136599272489547729e-03 2.070397837087512016e-03 2.352089807391166687e-02 1.875397935509681702e-02 1.035303808748722076e-02 1.804041117429733276e-02 2.038643881678581238e-02 2.712093666195869446e-02 3.423120826482772827e-02 2.804931625723838806e-02 1.686763390898704529e-02 1.272752322256565094e-02 1.093079615384340286e-02 3.847166523337364197e-02 2.057722769677639008e-02 2.356810122728347778e-02 2.555025042966008186e-03 2.517410181462764740e-02 1.791308447718620300e-02 1.509999297559261322e-02 1.798612251877784729e-02 1.967435330152511597e-02 2.988335676491260529e-03 1.487499754875898361e-02 1.563911512494087219e-02 1.189269404858350754e-02 3.686391748487949371e-03 1.619900763034820557e-02 1.033096201717853546e-02 1.219897624105215073e-02 1.226749364286661148e-02 2.094520814716815948e-02 1.681236177682876587e-02 6.814870517700910568e-03 1.796635054051876068e-02 3.128916397690773010e-02 3.136499971151351929e-02 3.193888813257217407e-02
