8.285038471221923828e-01 7.602486014366149902e-02 1.296024955809116364e-02 2.110189571976661682e-02 9.306375868618488312e-03 7.064358144998550415e-02 6.382653862237930298e-02 7.588751614093780518e-03 8.760078810155391693e-03 1.592803187668323517e-02 7.862599939107894897e-02 2.780082402750849724e-03 7.528476417064666748e-02 1.952389068901538849e-02 2.187989465892314911e-02 7.161223795264959335e-03 1.626683957874774933e-02 7.154857157729566097e-04 2.022933587431907654e-02 9.355743415653705597e-03 1.745362207293510437e-02 2.080229669809341431e-02 1.792533439584076405e-03 4.174120724201202393e-03 1.597122289240360260e-02 6.562953814864158630e-03 1.207185909152030945e-02 1.324025820940732956e-02 4.282394051551818848e-02 3.794301301240921021e-02 3.733101114630699158e-02 1.248611509799957275e-02 1.996785169467329979e-03 3.503371961414813995e-03 5.227070767432451248e-03 7.059306371957063675e-03 1.197315379977226257e-02 1.216076966375112534e-02 1.426870934665203094e-02 1.336455717682838440e-02 7.087790872901678085e-03 5.188101204112172127e-04 1.473484560847282410e-03 1.192896347492933273e-02 1.783583685755729675e-02 4.995850846171379089e-03 6.608252227306365967e-02 4.317515715956687927e-02 2.173335850238800049e-02 1.841269549913704395e-03 1.214754302054643631e-03 6.508804857730865479e-03 7.254578173160552979e-03 1.642477139830589294e-02 2.135156467556953430e-02 1.416535675525665283e-02 3.482088213786482811e-03 1.150964177213609219e-03 2.020550146698951721e-02 1.598579622805118561e-02 8.044872432947158813e-03 1.713399658910930157e-03 7.578213699162006378e-03 1.422009896486997604e-02 2.224664017558097839e-02 4.205848649144172668e-02 1.061389409005641937e-02 8.302919566631317139e-03 7.264027837663888931e-03 1.102987560443580151e-03 4.076875280588865280e-03 1.925912685692310333e-02 5.676446016877889633e-03 5.285426974296569824e-03 1.178196538239717484e-02 2.779718721285462379e-03 9.614204056560993195e-03 1.009460818022489548e-02 1.470467913895845413e-02 2.816825918853282928e-02 6.264739204198122025e-04 6.668063811957836151e-03 7.466227747499942780e-03 1.516581512987613678e-03 1.364957820624113083e-02 7.714634761214256287e-03 2.348025701940059662e-02 2.752838283777236938e-02 8.774235844612121582e-03 1.300876680761575699e-02 6.135410070419311523e-02 3.414428606629371643e-02 2.889456786215305328e-02 5.355650186538696289e-02 3.958791494369506836e-02 2.811603993177413940e-02 1.849698275327682495e-02 2.281960472464561462e-02 6.220068316906690598e-03 2.479261951521039009e-03 1.064959540963172913e-02 1.035081036388874054e-02 2.133279340341687202e-03 1.963155157864093781e-02 7.738712243735790253e-03 5.048996768891811371e-03 8.725147345103323460e-04 9.583199396729469299e-03 2.023982629179954529e-02 3.945624455809593201e-03 8.679700084030628204e-03 1.687474665232002735e-03 6.281029433012008667e-03 6.840480491518974304e-03 6.199254654347896576e-03 1.815056079067289829e-03
7.602486014366149902e-02 8.285038471221923828e-01 1.904339343309402466e-02 1.238930225372314453e-02 7.135475607356056571e-05 6.392785161733627319e-02 7.739168405532836914e-02 7.156294770538806915e-03 1.267145504243671894e-03 1.694970647804439068e-03 7.641012966632843018e-02 3.719956381246447563e-03 8.274739235639572144e-02 1.999707706272602081e-02 3.151803463697433472e-02 5.220072926022112370e-04 7.028966210782527924e-03 1.480140537023544312e-02 8.560782298445701599e-03 8.221750147640705109e-03 1.215897873044013977e-02 4.152542352676391602e-02 1.090693008154630661e-02 1.281122677028179169e-02 7.453326135873794556e-03 2.114295493811368942e-03 2.196207083761692047e-02 1.006759423762559891e-02 3.757068514823913574e-02 3.407258912920951843e-02 5.051419511437416077e-02 1.028765807859599590e-03 3.991495817899703979e-03 1.565090846270322800e-03 1.536196283996105194e-02 1.194003131240606308e-02 2.686834894120693207e-02 1.644489541649818420e-02 1.091087516397237778e-02 8.074057288467884064e-03 6.509119644761085510e-03 9.669029153883457184e-03 8.315652608871459961e-03 2.588400058448314667e-02 2.369094640016555786e-02 1.747839897871017456e-02 6.678742170333862305e-02 6.039876863360404968e-02 2.232285030186176300e-02 5.758085753768682480e-04 3.251614514738321304e-03 4.673624353017657995e-04 8.247811347246170044e-03 1.766606979072093964e-02 1.630521938204765320e-02 2.491156104952096939e-03 7.236422505229711533e-03 4.444255027920007706e-03 2.220308408141136169e-02 1.532432530075311661e-02 9.327808511443436146e-04 6.947498186491429806e-04 6.183067336678504944e-03 3.643568372353911400e-03 2.465223520994186401e-02 4.712440446019172668e-02 6.458333693444728851e-03 1.848343817982822657e-04 4.941264633089303970e-03 1.300045754760503769e-02 8.626399561762809753e-03 2.726654708385467529e-02 7.426974829286336899e-03 5.622108466923236847e-03 1.218329928815364838e-02 8.992929942905902863e-03 3.297597402706742287e-03 4.919872153550386429e-03 1.470761140808463097e-03 2.121426351368427277e-02 9.487278875894844532e-04 4.669058602303266525e-03 1.541384030133485794e-03 7.445640396326780319e-03 1.294811349362134933e-02 4.565885290503501892e-03 3.339066728949546814e-02 2.409422956407070160e-02 2.135635912418365479e-02 9.523198939859867096e-03 5.408243834972381592e-02 4.571313410997390747e-02 2.983392588794231415e-02 4.717577993869781494e-02 2.788064070045948029e-02 1.124041154980659485e-02 1.340459380298852921e-02 1.785097457468509674e-02 2.761786337941884995e-03 1.017475873231887817e-02 6.655320525169372559e-03 9.392701322212815285e-04 6.404150917660444975e-05 2.154247462749481201e-02 8.618039079010486603e-03 6.598344538360834122e-03 1.677078939974308014e-02 8.820636197924613953e-03 8.389183320105075836e-03 2.320800209417939186e-03 2.092660579364746809e-04 1.110537722706794739e-02 3.301929449662566185e-03 1.537592615932226181e-04 4.169741179794073105e-03 2.633027732372283936e-03
1.296024955809116364e-02 1.904339343309402466e-02 8.285038471221923828e-01 1.728047616779804230e-02 1.341450586915016174e-02 2.100695483386516571e-02 1.779541186988353729e-02 6.824914366006851196e-02 3.691103681921958923e-02 2.560387179255485535e-02 1.139746885746717453e-02 1.136455778032541275e-02 1.853321678936481476e-02 3.587327955756336451e-05 1.603863202035427094e-02 1.850225590169429779e-02 2.017481811344623566e-02 2.182121574878692627e-02 1.583659090101718903e-02 3.120630746707320213e-03 6.171835586428642273e-03 2.395159332081675529e-03 2.128122560679912567e-02 9.099246934056282043e-03 5.003057885915040970e-03 2.656501485034823418e-03 2.882927423343062401e-03 1.272610388696193695e-02 1.766086742281913757e-02 9.653165936470031738e-03 1.065828651189804077e-02 1.862023398280143738e-02 8.234234526753425598e-03 1.184911839663982391e-02 1.841790415346622467e-02 2.206377498805522919e-02 1.838156767189502716e-02 1.921714283525943756e-02 4.459749907255172729e-03 2.234981395304203033e-02 1.933222077786922455e-02 8.165434002876281738e-03 1.131709944456815720e-02 3.367181122303009033e-02 2.090861089527606964e-02 3.398972563445568085e-03 7.648815400898456573e-03 2.594984835013747215e-03 2.907642163336277008e-02 1.501674856990575790e-02 1.328194048255681992e-03 2.324396278709173203e-03 4.147112369537353516e-03 1.574182510375976562e-02 1.722231134772300720e-02 1.053050719201564789e-02 1.295613590627908707e-02 5.970781785435974598e-04 2.438056049868464470e-03 7.586809340864419937e-03 2.407260611653327942e-02 1.455649640411138535e-02 5.469170282594859600e-04 5.726167466491460800e-03 3.349198261275887489e-03 2.433053683489561081e-03 1.305234152823686600e-02 4.554161860141903162e-04 1.739431917667388916e-02 1.899298862554132938e-03 1.934176869690418243e-02 5.680721718817949295e-03 1.300408039242029190e-02 1.242125034332275391e-02 2.697221701964735985e-03 9.491013363003730774e-03 3.495477139949798584e-02 2.423624135553836823e-02 1.240485161542892456e-02 5.674854386597871780e-03 5.611743405461311340e-02 7.412297278642654419e-02 8.772662840783596039e-03 3.089963644742965698e-02 1.401610788889229298e-03 7.318265736103057861e-03 9.058122523128986359e-03 1.851560734212398529e-02 1.842838712036609650e-02 1.377815194427967072e-02 3.930556413251906633e-04 1.914413180202245712e-03 3.969252575188875198e-03 8.370878174901008606e-03 7.613895926624536514e-03 2.384791895747184753e-02 6.796858273446559906e-03 8.834185078740119934e-03 1.231521461158990860e-02 1.342459674924612045e-02 2.977721858769655228e-03 2.262630499899387360e-03 6.956217344850301743e-03 3.029339760541915894e-02 5.574678536504507065e-03 5.953137762844562531e-03 1.111709396354854107e-03 1.615813933312892914e-02 1.493382547050714493e-02 9.600839577615261078e-03 1.776225306093692780e-02 3.234979137778282166e-02 8.320334367454051971e-03 1.156962243840098381e-03 1.393350493162870407e-02 1.141067873686552048e-02
2.110189571976661682e-02 1.238930225372314453e-02 1.728047616779804230e-02 8.285038471221923828e-01 5.850423499941825867e-02 1.715865172445774078e-02 1.563121564686298370e-02 1.900051906704902649e-02 9.901952929794788361e-03 2.758101932704448700e-02 1.493357494473457336e-02 4.817377775907516479e-04 1.702024601399898529e-02 1.478834263980388641e-02 1.105492655187845230e-02 2.338608168065547943e-02 1.693211309611797333e-02 2.207297645509243011e-02 3.426293842494487762e-03 7.754859980195760727e-03 4.104134067893028259e-02 5.671825725585222244e-03 5.107550416141748428e-03 3.841090947389602661e-03 2.739991061389446259e-02 4.007815569639205933e-02 1.032342016696929932e-02 5.631933454424142838e-03 4.267978481948375702e-03 1.720478199422359467e-02 8.487656712532043457e-03 3.070861333981156349e-03 1.065521035343408585e-02 5.802054889500141144e-03 1.442767959088087082e-02 4.803105723112821579e-03 5.944899749010801315e-03 2.329909428954124451e-02 6.144594401121139526e-02 3.801413252949714661e-02 1.291776727885007858e-02 5.056788795627653599e-04 8.057166822254657745e-03 1.540109422057867050e-02 6.884850561618804932e-03 5.464075133204460144e-03 1.517692487686872482e-02 9.980711154639720917e-03 4.147354979068040848e-03 1.671463437378406525e-02 3.074448928236961365e-02 1.655136235058307648e-02 3.849457018077373505e-03 6.604954134672880173e-03 8.452350273728370667e-03 2.756098099052906036e-02 1.219508424401283264e-02 1.894988119602203369e-02 7.408098783344030380e-03 1.990891620516777039e-02 3.142198175191879272e-02 6.255632732063531876e-03 2.343029528856277466e-02 1.432336401194334030e-02 1.082806661725044250e-02 6.558543071150779724e-03 1.943414285778999329e-02 3.362668305635452271e-02 9.716128988657146692e-05 2.003539353609085083e-02 2.635543979704380035e-02 4.846897907555103302e-03 4.325689002871513367e-02 8.747222833335399628e-03 3.709957748651504517e-02 8.628716692328453064e-03 3.921081312000751495e-03 2.687997929751873016e-02 9.035895578563213348e-03 1.546413265168666840e-02 2.536253258585929871e-02 2.011643722653388977e-02 4.824918881058692932e-02 7.774776779115200043e-03 2.408569678664207458e-02 1.218443457037210464e-02 1.762342266738414764e-02 9.612799622118473053e-03 6.698692217469215393e-03 3.835910186171531677e-02 7.454950828105211258e-03 1.972067356109619141e-02 1.424126699566841125e-02 2.543737879022955894e-03 1.808733679354190826e-02 2.753111347556114197e-02 9.977965382859110832e-04 1.139995642006397247e-02 2.233757078647613525e-02 1.593627408146858215e-02 1.107525452971458435e-02 6.579132284969091415e-03 2.563701197504997253e-02 2.385954372584819794e-02 5.948937032371759415e-03 2.565315924584865570e-03 7.692025974392890930e-03 3.690911224111914635e-03 7.235302124172449112e-03 1.493706461042165756e-02 2.416037768125534058e-02 6.135839037597179413e-03 3.777541592717170715e-02 3.087378107011318207e-02 1.508680358529090881e-02 1.233911886811256409e-02
9.306375868618488312e-03 7.135475607356056571e-05 1.341450586915016174e-02 5.850423499941825867e-02 8.285038471221923828e-01 5.867811385542154312e-03 2.749745734035968781e-03 3.047111211344599724e-03 1.453752908855676651e-02 1.051816507242619991e-03 3.353226929903030396e-03 8.252644911408424377e-03 2.800214570015668869e-03 1.093228626996278763e-02 1.297541521489620209e-02 4.584659636020660400e-02 3.960192203521728516e-02 4.989562183618545532e-02 1.498094573616981506e-02 4.179478622972965240e-03 1.185375452041625977e-02 4.997139796614646912e-03 1.158428285270929337e-02 6.226222030818462372e-03 5.434513557702302933e-03 2.962245419621467590e-02 2.788123860955238342e-02 8.675231598317623138e-03 8.789883926510810852e-03 1.059566251933574677e-02 6.847709417343139648e-03 7.950193248689174652e-03 9.425918571650981903e-03 3.968939650803804398e-03 2.460776641964912415e-02 2.111294679343700409e-02 1.385501865297555923e-02 2.028872258961200714e-02 4.906416684389114380e-02 4.972955211997032166e-02 1.954753138124942780e-02 2.222109958529472351e-02 3.277601674199104309e-02 7.872087880969047546e-03 9.662112221121788025e-03 7.433713763020932674e-04 1.545611396431922913e-02 2.421298529952764511e-03 3.299181480542756617e-05 6.966968066990375519e-03 2.615381777286529541e-02 1.089240238070487976e-02 1.254292088560760021e-03 1.812885748222470284e-03 8.994166739284992218e-03 5.416812375187873840e-03 1.803777366876602173e-02 2.969155320897698402e-03 1.647727563977241516e-02 1.840194687247276306e-02 4.424176737666130066e-02 2.284147776663303375e-02 1.099369022995233536e-02 1.743546314537525177e-02 8.417731150984764099e-03 1.780995167791843414e-03 1.010727044194936752e-02 1.000216789543628693e-02 3.822633996605873108e-02 1.516857929527759552e-02 1.276240125298500061e-02 9.994820691645145416e-03 4.315974563360214233e-02 2.158533222973346710e-02 6.193589046597480774e-02 1.296145468950271606e-02 3.128856047987937927e-02 1.208675000816583633e-02 1.521979924291372299e-02 9.396236855536699295e-04 1.193605456501245499e-02 1.960454974323511124e-03 6.122342124581336975e-02 4.054201766848564148e-02 4.339917562901973724e-03 3.333130851387977600e-03 2.326587215065956116e-02 6.157984171295538545e-05 8.328366093337535858e-03 5.373254884034395218e-03 1.393329352140426636e-02 1.887740381062030792e-02 3.027287870645523071e-02 2.184558426961302757e-03 7.629272062331438065e-03 2.182281017303466797e-02 6.050174590200185776e-03 7.250749971717596054e-03 2.953578904271125793e-02 2.753973938524723053e-02 1.579613052308559418e-02 1.192874275147914886e-02 2.164084464311599731e-02 6.124080158770084381e-03 1.655612513422966003e-02 6.167857442051172256e-03 2.866837894544005394e-03 1.019889116287231445e-02 7.781217340379953384e-03 1.648742146790027618e-02 2.496527507901191711e-02 1.760916411876678467e-02 2.874434180557727814e-02 2.201838977634906769e-02 1.624036394059658051e-02 1.700388267636299133e-02
7.064358144998550415e-02 6.392785161733627319e-02 2.100695483386516571e-02 1.715865172445774078e-02 5.867811385542154312e-03 8.285038471221923828e-01 6.677155196666717529e-02 1.213253196328878403e-02 4.050550516694784164e-03 1.996306329965591431e-02 6.638337671756744385e-02 2.894091047346591949e-02 6.464920938014984131e-02 4.158930853009223938e-02 1.444768067449331284e-02 2.081508049741387367e-03 1.164329145103693008e-02 2.917253295890986919e-04 2.526062913239002228e-02 2.669177018105983734e-02 2.114585228264331818e-02 2.357421815395355225e-02 4.580564331263303757e-03 8.356417529284954071e-03 1.578461006283760071e-02 8.393073454499244690e-03 2.432981040328741074e-03 1.764898747205734253e-02 2.853806689381599426e-02 3.555613756179809570e-02 4.290775582194328308e-02 8.056549355387687683e-03 7.550669834017753601e-03 1.463047461584210396e-03 5.083297379314899445e-03 8.053816854953765869e-03 1.963434927165508270e-02 1.300499681383371353e-02 3.631876083090901375e-03 9.391699917614459991e-03 2.217000816017389297e-03 3.567150095477700233e-03 5.054138600826263428e-04 1.491580903530120850e-02 2.229635789990425110e-02 1.963496953248977661e-02 6.123739108443260193e-02 4.206943511962890625e-02 1.539336983114480972e-02 9.225027170032262802e-04 3.944670781493186951e-03 1.501822192221879959e-02 1.345020532608032227e-02 1.568538509309291840e-02 1.698491722345352173e-02 1.914044842123985291e-02 5.063917487859725952e-03 3.716914216056466103e-03 2.367442473769187927e-02 1.287380792200565338e-02 6.867749150842428207e-03 8.328428491950035095e-03 1.078194752335548401e-02 1.965034566819667816e-02 2.525424584746360779e-02 4.194115102291107178e-02 1.701196469366550446e-02 1.037831511348485947e-02 2.344417851418256760e-03 1.160276820883154869e-03 7.690038182772696018e-04 1.532463077455759048e-02 1.414435449987649918e-02 2.869577333331108093e-02 1.110146287828683853e-02 6.095044780522584915e-03 2.425255806883797050e-04 1.439424324780702591e-02 1.333785336464643478e-02 2.918107248842716217e-02 7.714243256486952305e-04 3.741477848961949348e-03 2.830571029335260391e-04 5.290038883686065674e-03 8.825929835438728333e-03 4.466025158762931824e-03 2.667550183832645416e-02 1.565321348607540131e-02 3.664232324808835983e-03 1.456811279058456421e-02 5.126451328396797180e-02 2.829998731613159180e-02 2.721000835299491882e-02 3.884961828589439392e-02 3.726641088724136353e-02 2.314198389649391174e-02 2.048745192587375641e-02 1.482524536550045013e-02 2.069494500756263733e-02 2.812469378113746643e-03 1.103116385638713837e-02 9.050974622368812561e-03 3.171519143506884575e-03 1.215181313455104828e-02 2.191679738461971283e-02 8.045992814004421234e-03 8.638718165457248688e-03 8.893444202840328217e-03 2.064866013824939728e-02 1.448274683207273483e-02 8.386510424315929413e-03 7.670204620808362961e-03 1.634727790951728821e-02 3.267426975071430206e-03 9.100820869207382202e-03 6.597772706300020218e-03
6.382653862237930298e-02 7.739168405532836914e-02 1.779541186988353729e-02 1.563121564686298370e-02 2.749745734035968781e-03 6.677155196666717529e-02 8.285038471221923828e-01 1.150190643966197968e-02 1.880330033600330353e-03 2.997936098836362362e-04 6.908275932073593140e-02 1.807791925966739655e-02 7.261846214532852173e-02 3.872016072273254395e-02 1.141027826815843582e-02 1.564304693602025509e-03 2.814767882227897644e-03 1.161569263786077499e-02 9.001584723591804504e-03 2.542609348893165588e-02 1.545744203031063080e-02 2.698472887277603149e-02 1.644409634172916412e-02 1.624441705644130707e-02 1.393311098217964172e-02 8.446388528682291508e-04 1.170977950096130371e-02 1.731674000620841980e-02 3.477541357278823853e-02 3.453439101576805115e-02 5.621066689491271973e-02 2.184205921366810799e-03 5.175953730940818787e-03 8.515981025993824005e-03 1.519379857927560806e-02 6.699313409626483917e-03 2.298968099057674408e-02 1.299602072685956955e-02 1.704459544271230698e-03 9.369368781335651875e-04 5.452003679238259792e-04 8.917625062167644501e-03 1.674748770892620087e-02 1.760262250900268555e-02 2.327962592244148254e-02 2.245989441871643066e-02 6.500190496444702148e-02 6.976096332073211670e-02 2.191942557692527771e-02 6.683698389679193497e-03 4.010656848549842834e-03 3.615237539634108543e-03 1.344053726643323898e-02 2.274908870458602905e-02 1.041234098374843597e-02 5.384934600442647934e-03 1.337959198281168938e-03 1.245629275217652321e-03 2.138418518006801605e-02 1.258622296154499054e-02 6.463952595368027687e-04 1.309772487729787827e-03 6.338762119412422180e-03 5.133313126862049103e-03 2.646164223551750183e-02 4.757511988282203674e-02 1.846502348780632019e-02 4.086642526090145111e-03 4.836622625589370728e-03 1.063781045377254486e-02 6.681502796709537506e-03 1.917747780680656433e-02 6.413765717297792435e-03 1.706328056752681732e-02 6.860058289021253586e-03 4.415299743413925171e-03 4.760634619742631912e-03 1.088676974177360535e-03 4.296929109841585159e-03 1.391574181616306305e-02 7.501089479774236679e-03 4.636735189706087112e-03 6.542479153722524643e-03 2.129820175468921661e-03 1.261293888092041016e-02 1.577891292981803417e-03 2.941396832466125488e-02 1.558411866426467896e-02 1.078439224511384964e-02 1.280040829442441463e-03 5.697989836335182190e-02 4.002997651696205139e-02 4.020503908395767212e-02 3.354064747691154480e-02 2.328758127987384796e-02 4.840592388063669205e-03 7.887838408350944519e-03 1.960750110447406769e-02 1.048531010746955872e-02 7.507409900426864624e-03 9.082143194973468781e-03 8.884069509804248810e-03 2.127141488017514348e-04 2.262244932353496552e-02 1.455082278698682785e-02 7.931626401841640472e-03 2.227201685309410095e-02 8.054320700466632843e-03 1.605483936145901680e-03 1.416523125953972340e-03 3.097275737673044205e-03 5.830390378832817078e-03 1.517406571656465530e-02 5.512306932359933853e-03 5.487189628183841705e-03 1.157026388682425022e-03
7.588751614093780518e-03 7.156294770538806915e-03 6.824914366006851196e-02 1.900051906704902649e-02 3.047111211344599724e-03 1.213253196328878403e-02 1.150190643966197968e-02 8.285038471221923828e-01 2.679372392594814301e-02 1.671427115797996521e-02 2.453096909448504448e-03 1.088198181241750717e-02 2.842643298208713531e-03 1.103617902845144272e-02 5.675914511084556580e-02 9.181175380945205688e-03 9.145816788077354431e-03 5.525084212422370911e-03 1.918405480682849884e-02 2.032034657895565033e-02 1.087980810552835464e-02 3.067810274660587311e-02 2.266841381788253784e-02 1.737324707210063934e-02 8.256001397967338562e-03 1.564654335379600525e-02 2.399760112166404724e-02 1.908913068473339081e-02 1.680183783173561096e-02 1.695893146097660065e-02 1.062789186835289001e-02 1.502974075265228748e-03 1.375839952379465103e-02 2.861794782802462578e-03 2.378829056397080421e-03 1.431827619671821594e-02 1.977900741621851921e-03 3.359822556376457214e-02 2.246566675603389740e-02 5.282565951347351074e-03 2.570886164903640747e-02 7.516372483223676682e-03 7.955587469041347504e-03 3.368306159973144531e-02 1.337587833404541016e-02 1.378152891993522644e-02 6.647277623414993286e-03 9.461250738240778446e-04 1.653227582573890686e-02 5.838573444634675980e-03 9.847002103924751282e-03 4.729789681732654572e-03 1.478466391563415527e-02 2.373081073164939880e-02 2.442227210849523544e-03 5.710004828870296478e-03 2.306822873651981354e-02 1.774636469781398773e-02 1.144814118742942810e-02 8.091453462839126587e-03 6.672119256108999252e-03 3.321361262351274490e-03 6.720520323142409325e-04 3.659051726572215557e-04 2.256948314607143402e-02 1.809100061655044556e-02 1.826582476496696472e-02 1.902830228209495544e-02 6.175830494612455368e-03 1.205147709697484970e-02 5.255561700323596597e-05 1.451154798269271851e-02 1.946021988987922668e-02 2.422549948096275330e-02 2.733325771987438202e-02 8.435963653028011322e-03 1.634651608765125275e-02 1.800859533250331879e-02 2.687630476430058479e-03 3.706595860421657562e-03 5.616416409611701965e-02 4.455729946494102478e-02 8.211520500481128693e-03 1.036027912050485611e-02 6.363573949784040451e-03 1.345155201852321625e-02 3.486189991235733032e-02 4.186025634407997131e-02 3.488085640128701925e-04 3.044968470931053162e-03 8.861337788403034210e-03 2.339823171496391296e-02 6.824621465057134628e-03 2.836012840270996094e-02 8.903661509975790977e-04 2.212270395830273628e-03 1.689754053950309753e-02 1.557816192507743835e-02 1.172883785329759121e-03 1.946111442521214485e-03 1.597463339567184448e-02 1.872357912361621857e-02 4.046731442213058472e-02 2.777535654604434967e-02 7.696199696511030197e-03 2.263624593615531921e-02 5.617747083306312561e-03 2.720299735665321350e-02 1.609666272997856140e-02 2.664833143353462219e-02 2.593538351356983185e-02 2.833020687103271484e-02 2.001455426216125488e-02 2.336011268198490143e-02 4.412556532770395279e-03 2.959231147542595863e-03
8.760078810155391693e-03 1.267145504243671894e-03 3.691103681921958923e-02 9.901952929794788361e-03 1.453752908855676651e-02 4.050550516694784164e-03 1.880330033600330353e-03 2.679372392594814301e-02 8.285038471221923828e-01 5.401054769754409790e-02 4.708583001047372818e-03 7.231543306261301041e-03 2.784703392535448074e-03 1.159863080829381943e-02 3.256699128542095423e-04 4.993855580687522888e-02 4.503355547785758972e-02 5.250480771064758301e-02 2.939464338123798370e-02 1.983920810744166374e-03 1.645617187023162842e-02 2.623984357342123985e-03 3.042753040790557861e-02 1.555205229669809341e-02 8.482286939397454262e-04 3.371004946529865265e-03 1.419068966060876846e-02 1.132377423346042633e-03 9.529250673949718475e-03 1.539385225623846054e-02 9.537825360894203186e-03 1.424942864105105400e-03 7.179424166679382324e-03 1.135895028710365295e-02 2.752537606284022331e-03 1.764012034982442856e-03 7.881406694650650024e-03 2.254968130728229880e-04 2.368389628827571869e-03 8.510186336934566498e-03 8.347245864570140839e-03 1.749142538756132126e-03 4.685388921643607318e-05 5.538913886994123459e-03 3.425472415983676910e-03 6.943401414901018143e-03 1.270428299903869629e-02 1.685103960335254669e-02 1.988214626908302307e-02 1.654506544582545757e-03 8.199365693144500256e-04 1.235393900424242020e-02 1.863100193440914154e-02 3.006910160183906555e-02 3.692431002855300903e-02 2.682153717614710331e-04 1.181771885603666306e-02 2.557305060327053070e-02 2.229567989706993103e-02 2.927496284246444702e-02 2.590774744749069214e-02 1.096202991902828217e-02 7.603443227708339691e-03 2.091192582156509161e-04 4.752880427986383438e-03 3.997318912297487259e-03 2.381305396556854248e-02 2.083222195506095886e-02 4.241107031702995300e-02 9.681575000286102295e-03 2.021560817956924438e-02 2.543866075575351715e-02 3.532666712999343872e-02 1.372294686734676361e-02 9.027362801134586334e-03 3.238152340054512024e-02 7.075601816177368164e-02 4.369512200355529785e-02 1.536797638982534409e-02 1.400164095684885979e-03 4.930682014673948288e-03 2.160297520458698273e-02 2.503843605518341064e-02 3.330855816602706909e-02 2.134715765714645386e-02 2.421604841947555542e-02 1.188507303595542908e-02 9.141251444816589355e-03 3.325578197836875916e-02 1.086094137281179428e-02 1.611022464931011200e-02 1.813439070247113705e-03 3.798986971378326416e-02 1.120843645185232162e-02 2.014020457863807678e-02 1.862784847617149353e-02 2.050806954503059387e-02 3.257135301828384399e-02 1.371450908482074738e-02 1.613115426152944565e-03 4.274697043001651764e-03 1.927969045937061310e-02 1.393021736294031143e-02 1.321096252650022507e-02 3.306912258267402649e-02 2.558637037873268127e-02 7.121161557734012604e-03 1.044830959290266037e-02 9.873980656266212463e-03 1.197695918381214142e-02 1.253666263073682785e-02 1.058155763894319534e-02 2.526330389082431793e-02 1.635827869176864624e-02 2.652710536494851112e-03 7.880300283432006836e-03
1.592803187668323517e-02 1.694970647804439068e-03 2.560387179255485535e-02 2.758101932704448700e-02 1.051816507242619991e-03 1.996306329965591431e-02 2.997936098836362362e-04 1.671427115797996521e-02 5.401054769754409790e-02 8.285038471221923828e-01 9.915632195770740509e-03 2.789636142551898956e-02 7.936709444038569927e-04 1.647578552365303040e-02 1.174807664938271046e-03 2.702811360359191895e-02 4.051200300455093384e-02 3.634600713849067688e-02 5.343488603830337524e-02 1.067143864929676056e-02 1.654710620641708374e-02 2.523288829252123833e-03 1.224539941176772118e-03 6.116104777902364731e-03 9.650184772908687592e-03 1.815479248762130737e-03 1.197468861937522888e-02 1.350299362093210220e-02 9.433684870600700378e-03 1.206298079341650009e-02 2.642528619617223740e-03 1.584988832473754883e-02 1.743896678090095520e-02 7.634775713086128235e-03 2.375220507383346558e-02 7.514273165725171566e-04 1.522934902459383011e-02 3.664223477244377136e-03 1.193408039398491383e-03 9.791196323931217194e-03 5.261885002255439758e-03 1.073030475527048111e-02 1.942812837660312653e-02 2.176991663873195648e-02 2.602088823914527893e-02 1.012525428086519241e-02 1.435985788702964783e-02 5.545130698010325432e-04 1.056700758635997772e-02 2.916585281491279602e-02 2.239663712680339813e-02 1.805125176906585693e-02 1.704022288322448730e-02 1.499075442552566528e-02 3.912447765469551086e-02 5.746870860457420349e-02 4.214385524392127991e-03 9.714445332065224648e-04 2.858868986368179321e-02 2.285888232290744781e-02 2.697921358048915863e-02 3.102843463420867920e-02 1.303796283900737762e-02 3.070560470223426819e-02 7.442528381943702698e-03 9.249645285308361053e-03 1.750701293349266052e-02 1.509853359311819077e-02 3.227047622203826904e-02 5.356695037335157394e-04 4.034392163157463074e-02 8.043777197599411011e-03 3.874657675623893738e-02 1.071952749043703079e-02 1.403965987265110016e-02 9.121365845203399658e-03 3.114008344709873199e-02 5.922497436404228210e-02 3.038647398352622986e-02 4.829357564449310303e-02 2.189213037490844727e-02 2.441783994436264038e-02 8.829396218061447144e-03 4.522653296589851379e-02 2.647807635366916656e-02 1.222071796655654907e-02 5.214098840951919556e-03 1.968786120414733887e-02 1.748428680002689362e-02 6.003249436616897583e-02 1.712630502879619598e-02 2.485044300556182861e-03 1.466967910528182983e-02 1.466853823512792587e-02 1.552442368119955063e-02 1.820764876902103424e-02 2.388802357017993927e-02 1.619732566177845001e-02 1.539016142487525940e-02 7.621574215590953827e-03 2.955534495413303375e-03 4.866305738687515259e-03 3.604367608204483986e-03 7.347951177507638931e-03 3.787184134125709534e-02 3.120048344135284424e-02 4.089113790541887283e-03 8.283451199531555176e-03 1.381968613713979721e-03 1.762461103498935699e-02 7.823697291314601898e-03 3.227501874789595604e-03 2.179905027151107788e-02 2.163913287222385406e-02 7.260683923959732056e-03 6.561897229403257370e-03
7.862599939107894897e-02 7.641012966632843018e-02 1.139746885746717453e-02 1.493357494473457336e-02 3.353226929903030396e-03 6.638337671756744385e-02 6.908275932073593140e-02 2.453096909448504448e-03 4.708583001047372818e-03 9.915632195770740509e-03 8.285038471221923828e-01 6.790471728891134262e-03 7.791317254304885864e-02 2.451723814010620117e-02 2.510727755725383759e-02 1.880864496342837811e-03 5.346124991774559021e-03 5.187495145946741104e-03 1.674776338040828705e-02 5.952321924269199371e-03 1.160975918173789978e-02 3.353106603026390076e-02 1.095854490995407104e-02 1.313586439937353134e-02 8.497329428791999817e-03 1.509453286416828632e-03 1.873009279370307922e-02 1.819653809070587158e-02 4.842772334814071655e-02 3.811436146497726440e-02 4.948731511831283569e-02 1.729573355987668037e-03 6.356656085699796677e-03 5.700533278286457062e-03 6.459533702582120895e-03 1.807043142616748810e-02 2.609903551638126373e-02 5.827126093208789825e-03 7.237607613205909729e-03 9.233932942152023315e-03 3.833657130599021912e-03 7.712000515311956406e-03 7.711075711995363235e-03 7.536441553384065628e-03 2.724081650376319885e-02 1.629712432622909546e-02 6.545422226190567017e-02 5.255922302603721619e-02 2.212474495172500610e-02 1.507163280621170998e-03 7.943282835185527802e-03 1.346247084438800812e-02 1.410635281354188919e-02 2.151172608137130737e-02 1.390192937105894089e-02 1.028916332870721817e-02 3.142934292554855347e-03 4.996592644602060318e-03 2.480514161288738251e-02 1.852900534868240356e-02 1.291306223720312119e-03 1.816142117604613304e-03 1.379644684493541718e-02 1.115766260772943497e-02 3.403400257229804993e-02 5.186333507299423218e-02 5.989355966448783875e-03 8.465002174489200115e-04 7.329725194722414017e-03 9.206848219037055969e-03 7.769837044179439545e-03 2.361483685672283173e-02 6.291421130299568176e-03 1.084177661687135696e-02 1.117831747978925705e-02 4.018451552838087082e-03 7.645057514309883118e-03 6.595718208700418472e-03 1.103725656867027283e-02 2.424479275941848755e-02 3.152711142320185900e-04 1.431845687329769135e-02 3.789089387282729149e-03 2.121230820193886757e-03 1.257973536849021912e-02 3.125931601971387863e-03 3.602273389697074890e-02 3.472673892974853516e-02 8.805111050605773926e-03 5.169271491467952728e-03 6.442550569772720337e-02 4.765023291110992432e-02 3.438926860690116882e-02 5.734955891966819763e-02 2.759991586208343506e-02 8.916102349758148193e-03 1.997086405754089355e-02 1.320749893784523010e-02 1.670348341576755047e-03 8.617946878075599670e-03 8.140340447425842285e-03 6.539684254676103592e-03 3.150925505906343460e-03 9.449958801269531250e-03 1.214908901602029800e-02 1.044128183275461197e-02 1.179136801511049271e-02 3.968808799982070923e-03 9.235939010977745056e-03 1.409562421031296253e-03 1.113824895583093166e-03 4.918638151139020920e-03 1.425358186679659411e-05 2.267231699079275131e-03 1.127705094404518604e-03 1.090861856937408447e-02
2.780082402750849724e-03 3.719956381246447563e-03 1.136455778032541275e-02 4.817377775907516479e-04 8.252644911408424377e-03 2.894091047346591949e-02 1.807791925966739655e-02 1.088198181241750717e-02 7.231543306261301041e-03 2.789636142551898956e-02 6.790471728891134262e-03 8.285038471221923828e-01 4.706534557044506073e-03 8.459884673357009888e-02 1.638953341171145439e-03 9.838078403845429420e-04 6.966464687138795853e-03 3.556300699710845947e-02 3.834295645356178284e-02 1.475285971537232399e-03 3.583561396226286888e-03 1.596898771822452545e-02 4.409651830792427063e-02 3.453204035758972168e-02 7.399719674140214920e-03 4.114694893360137939e-03 1.329934038221836090e-02 2.916944213211536407e-02 9.056054987013339996e-03 2.188149280846118927e-02 4.073910880833864212e-03 3.346633166074752808e-03 1.639491692185401917e-02 4.827800672501325607e-03 2.360397391021251678e-02 3.121992945671081543e-02 2.274920046329498291e-02 4.352801770437508821e-04 6.466951454058289528e-04 1.170084252953529358e-02 9.618256241083145142e-03 1.332958973944187164e-02 5.946618970483541489e-03 7.302578538656234741e-03 4.874584451317787170e-02 3.507613763213157654e-02 4.612809047102928162e-03 1.432809047400951385e-02 7.899932563304901123e-03 5.573032889515161514e-03 2.881628647446632385e-02 3.903139755129814148e-02 8.805095218122005463e-03 3.931055776774883270e-03 1.469072978943586349e-02 3.228929638862609863e-02 1.666864380240440369e-02 1.078962162137031555e-02 7.700842339545488358e-03 3.406276926398277283e-03 3.075546398758888245e-02 3.411969169974327087e-02 2.316701970994472504e-02 1.861364580690860748e-02 1.017133519053459167e-02 2.233478240668773651e-03 1.380958594381809235e-02 2.043440937995910645e-02 9.676430374383926392e-03 2.430653572082519531e-02 3.663251118268817663e-04 1.615698449313640594e-02 8.805043995380401611e-03 2.368117310106754303e-02 1.006400957703590393e-02 2.340751700103282928e-03 1.607547514140605927e-02 5.619509611278772354e-03 1.069182064384222031e-03 1.189679279923439026e-02 1.236686017364263535e-02 7.137943990528583527e-03 2.121907658874988556e-02 2.547033689916133881e-02 3.453926742076873779e-02 3.607818856835365295e-02 1.629438810050487518e-02 5.561473313719034195e-03 1.341311074793338776e-02 1.875435700640082359e-03 1.184011995792388916e-02 5.284292623400688171e-03 1.636901311576366425e-02 1.482073776423931122e-02 7.957112975418567657e-03 9.883631020784378052e-03 1.799613819457590580e-03 1.727201789617538452e-02 8.523858152329921722e-03 1.240861415863037109e-02 1.517870370298624039e-02 1.295708492398262024e-02 1.040997076779603958e-02 2.462767437100410461e-02 1.934617944061756134e-02 1.252329256385564804e-02 2.222173474729061127e-02 2.044066786766052246e-02 1.961111091077327728e-03 2.863598801195621490e-02 2.844693139195442200e-03 1.165405195206403732e-02 7.941431365907192230e-03 1.767564378678798676e-02 1.840913086198270321e-03 4.500174429267644882e-03
7.528476417064666748e-02 8.274739235639572144e-02 1.853321678936481476e-02 1.702024601399898529e-02 2.800214570015668869e-03 6.464920938014984131e-02 7.261846214532852173e-02 2.842643298208713531e-03 2.784703392535448074e-03 7.936709444038569927e-04 7.791317254304885864e-02 4.706534557044506073e-03 8.285038471221923828e-01 2.899377048015594482e-02 4.105263575911521912e-02 6.718463264405727386e-03 9.495021367911249399e-05 9.856863878667354584e-03 1.114445645362138748e-02 5.228119902312755585e-03 1.259321719408035278e-02 4.950340092182159424e-02 1.292148884385824203e-02 1.697654835879802704e-02 3.365999320521950722e-03 8.359971456229686737e-03 2.476465702056884766e-02 1.426899991929531097e-02 3.839613124728202820e-02 4.033222049474716187e-02 4.988342151045799255e-02 2.095875330269336700e-03 3.507214132696390152e-03 1.964254537597298622e-03 6.798657122999429703e-03 1.916055567562580109e-02 3.226548433303833008e-02 9.484322741627693176e-03 1.045393198728561401e-02 7.938427850604057312e-03 6.778176175430417061e-04 5.989457014948129654e-03 1.032737642526626587e-02 1.137876231223344803e-02 2.108483947813510895e-02 1.904248259961605072e-02 6.404286623001098633e-02 5.538956448435783386e-02 1.843176968395709991e-02 3.816036507487297058e-03 3.026834456250071526e-04 4.822950810194015503e-03 1.160646695643663406e-02 2.091791667044162750e-02 1.430721580982208252e-02 2.636735560372471809e-03 4.301026638131588697e-05 1.181317842565476894e-03 2.074108459055423737e-02 1.649825088679790497e-02 4.265445459168404341e-04 4.928961861878633499e-04 6.483462173491716385e-03 5.838273558765649796e-03 2.829295583069324493e-02 5.413448438048362732e-02 4.622644744813442230e-03 1.088048447854816914e-03 2.835748950019478798e-03 1.350564323365688324e-02 1.016223803162574768e-03 2.801781333982944489e-02 4.847629461437463760e-04 1.100220996886491776e-02 9.905708022415637970e-03 8.464227430522441864e-03 2.276320941746234894e-03 1.105529372580349445e-04 8.638526778668165207e-04 2.041897922754287720e-02 4.401229787617921829e-03 7.446289062500000000e-03 1.921643503010272980e-03 5.003069527447223663e-03 1.286736596375703812e-02 3.199717262759804726e-03 3.991844877600669861e-02 3.435970842838287354e-02 1.031853165477514267e-02 3.164355875924229622e-03 5.291699245572090149e-02 4.775524511933326721e-02 2.644910290837287903e-02 5.743394792079925537e-02 2.692385390400886536e-02 9.896897710859775543e-03 1.357139926403760910e-02 1.320787426084280014e-02 6.138620432466268539e-03 8.068219758570194244e-03 7.748745847493410110e-03 1.938236178830265999e-03 8.248416706919670105e-03 1.328816730529069901e-02 7.757831830531358719e-03 7.548755500465631485e-03 1.646987348794937134e-02 8.904399350285530090e-03 1.037869323045015335e-02 3.943596500903367996e-03 4.777749534696340561e-03 3.508821362629532814e-03 9.007542976178228855e-04 2.690432826057076454e-03 1.660393434576690197e-03 9.366973303258419037e-03
