8.224478363990783691e-01 8.578228205442428589e-02 8.198332972824573517e-03 1.017589215189218521e-02 1.274375058710575104e-02 7.269531488418579102e-02 7.301785051822662354e-02 1.881321333348751068e-02 2.704771934077143669e-03 1.116803195327520370e-02 6.783990561962127686e-02 2.951005473732948303e-02 6.563983857631683350e-02 4.184882715344429016e-02 3.828644007444381714e-02 3.986217780038714409e-04 5.604316480457782745e-03 2.824721857905387878e-03 9.110772982239723206e-03 3.235284471884369850e-03 1.061469595879316330e-02 1.983333751559257507e-02 1.710475422441959381e-02 1.038665324449539185e-02 5.283784586936235428e-03 2.885794639587402344e-02 1.822066493332386017e-02 2.376517048105597496e-03 7.890794426202774048e-03 3.702972084283828735e-03 4.077524878084659576e-03 1.345172524452209473e-03 1.679680659435689449e-03 1.484145876020193100e-03 6.559229455888271332e-03 1.414293516427278519e-02 2.768849954009056091e-02 7.314854301512241364e-03 1.589362882077693939e-02 1.707291044294834137e-02 8.687797002494335175e-03 8.725247345864772797e-03 2.773881191387772560e-03 8.878184482455253601e-03 5.238423123955726624e-03 7.522747386246919632e-03 6.219162419438362122e-02 5.891284719109535217e-02 1.184849720448255539e-02 1.646907627582550049e-02 2.382604219019412994e-02 4.021905362606048584e-03 9.952422231435775757e-03 1.846127770841121674e-02 4.087354056537151337e-03 1.760338805615901947e-02 2.066558599472045898e-02 3.108648024499416351e-02 1.459346525371074677e-02 1.673786155879497528e-02 1.317764515988528728e-03 4.412882030010223389e-03 3.488395304884761572e-04 2.452184213325381279e-03 1.411396823823451996e-02 2.570836432278156281e-02 3.609894076362252235e-03 7.689993828535079956e-03 3.293690970167517662e-03 1.855718158185482025e-02 1.986150862649083138e-03 1.520556397736072540e-02 1.769101433455944061e-02 1.394306775182485580e-02 1.241557858884334564e-02 3.553834976628422737e-03 7.016091607511043549e-03 3.158647101372480392e-03 7.758488936815410852e-05 1.101432368159294128e-02 1.756150834262371063e-02 9.790102019906044006e-03 1.669644145295023918e-03 7.332765962928533554e-03 1.510302070528268814e-02 2.527511864900588989e-02 2.514109760522842407e-02 2.719447389245033264e-02 2.002041973173618317e-02 2.251555398106575012e-02 4.281672090291976929e-02 2.993076853454113007e-02 1.736080832779407501e-02 2.067703939974308014e-02 5.163960624486207962e-03 1.471098512411117554e-02 6.576706189662218094e-03 1.570672169327735901e-02 8.684406988322734833e-03 4.797603469341993332e-03 4.514439962804317474e-03 1.089770346879959106e-02 8.256769739091396332e-03 7.083518430590629578e-03 7.217337843030691147e-03 9.407513774931430817e-03 1.758200669428333640e-04 1.981649547815322876e-02 1.368160359561443329e-02 8.295021019876003265e-03 7.487451191991567612e-03 5.393400788307189941e-03 1.086996868252754211e-02 4.680381156504154205e-03 2.252781204879283905e-02 2.164318971335887909e-02
8.578228205442428589e-02 8.224478363990783691e-01 7.602230645716190338e-03 1.637060544453561306e-03 2.005100715905427933e-03 6.822546571493148804e-02 7.572678476572036743e-02 1.793378405272960663e-02 1.616788911633193493e-03 5.691652651876211166e-03 7.171200960874557495e-02 1.614363119006156921e-02 7.664839923381805420e-02 3.534932062029838562e-02 3.494253382086753845e-02 3.541084239259362221e-03 8.883250877261161804e-03 3.587589133530855179e-03 9.720616973936557770e-03 3.369089681655168533e-03 1.643504761159420013e-02 2.374334447085857391e-02 1.608048751950263977e-02 1.429859455674886703e-02 1.262352522462606430e-02 3.248774632811546326e-02 1.121684163808822632e-02 1.037568040192127228e-02 2.259625308215618134e-02 4.282177891582250595e-03 2.124549634754657745e-02 8.876149542629718781e-03 3.777873236685991287e-03 6.878925953060388565e-03 5.549769848585128784e-03 1.381033565849065781e-02 2.374456077814102173e-02 1.260553486645221710e-02 1.551787555217742920e-02 8.977609686553478241e-03 1.192747801542282104e-02 1.545806229114532471e-02 7.188196294009685516e-03 8.431389927864074707e-03 1.140998862683773041e-02 9.910054504871368408e-03 5.479838699102401733e-02 5.974451825022697449e-02 1.690454967319965363e-02 9.754647500813007355e-03 2.020285651087760925e-02 7.451755460351705551e-03 1.885287463665008545e-02 1.985019631683826447e-02 7.776412647217512131e-03 8.806821890175342560e-03 1.144299283623695374e-02 2.183050103485584259e-02 2.143619582056999207e-02 2.299506776034832001e-02 4.308281000703573227e-03 1.809026929549872875e-03 1.664984854869544506e-03 2.915569813922047615e-03 2.945503592491149902e-02 3.706349432468414307e-02 5.696654785424470901e-03 1.102756243199110031e-02 3.579936455935239792e-03 1.329315919429063797e-02 2.087140455842018127e-03 1.991632580757141113e-02 1.099608279764652252e-02 6.349703297019004822e-03 5.065999925136566162e-03 7.530065719038248062e-03 8.423714898526668549e-03 5.340212010196410120e-05 6.570929195731878281e-03 1.837542396970093250e-03 1.071968395262956619e-02 3.257136559113860130e-03 2.348611596971750259e-03 9.561037644743919373e-03 1.363934297114610672e-02 2.102595940232276917e-02 2.289382927119731903e-02 2.902163751423358917e-02 8.123862557113170624e-03 7.996036671102046967e-03 3.661517798900604248e-02 2.767690084874629974e-02 2.380633167922496796e-02 2.474747411906719208e-02 3.904803423210978508e-03 1.831413805484771729e-02 3.208996728062629700e-03 1.625117473304271698e-02 1.861055352492257953e-04 1.149941235780715942e-03 6.919114850461483002e-03 1.455217227339744568e-02 6.836177781224250793e-03 1.774833910167217255e-02 1.112184859812259674e-02 6.741988938301801682e-03 2.783520321827381849e-04 1.489747967571020126e-02 1.147195231169462204e-02 1.344483345746994019e-03 1.272285450249910355e-02 3.459689905866980553e-03 9.969933889806270599e-03 9.234271128661930561e-04 1.491087023168802261e-02 1.997100748121738434e-02
8.198332972824573517e-03 7.602230645716190338e-03 8.224478363990783691e-01 6.973857060074806213e-03 2.931305672973394394e-03 7.282832171767950058e-03 1.304498873651027679e-02 4.387499019503593445e-02 1.172436494380235672e-02 9.954671375453472137e-03 1.436736434698104858e-02 1.365548931062221527e-03 1.404164824634790421e-02 1.651166705414652824e-03 8.068171329796314240e-03 1.468509063124656677e-02 1.140119507908821106e-02 2.272511832416057587e-02 1.313037332147359848e-02 2.477492950856685638e-02 1.413437258452177048e-02 9.898788295686244965e-03 3.186724614351987839e-03 5.609971121884882450e-04 3.294559568166732788e-02 1.233613677322864532e-02 7.017729803919792175e-03 1.073874812573194504e-02 1.150365639477968216e-02 1.614204258657991886e-03 4.044936504215002060e-03 1.237348001450300217e-02 2.889933623373508453e-02 6.270029116421937943e-03 3.059833310544490814e-02 1.855273544788360596e-02 1.868386752903461456e-02 1.031499169766902924e-02 5.972237791866064072e-03 5.396208725869655609e-03 2.244404330849647522e-02 2.097773365676403046e-02 6.267285905778408051e-03 3.683194518089294434e-02 1.630782149732112885e-02 5.251793656498193741e-03 9.655509144067764282e-03 1.642413064837455750e-02 4.303145222365856171e-03 5.711827427148818970e-03 2.241994440555572510e-02 1.087538339197635651e-02 3.398930653929710388e-02 2.815030887722969055e-02 1.876242272555828094e-02 6.840652786195278168e-03 1.274160668253898621e-02 1.215886604040861130e-02 3.658612072467803955e-02 3.879559412598609924e-02 1.596110314130783081e-02 1.197475288063287735e-02 2.434788085520267487e-02 2.953850477933883667e-02 2.355512604117393494e-02 2.697343379259109497e-02 1.719382405281066895e-02 3.469257848337292671e-03 2.566552720963954926e-03 1.407557632774114609e-02 2.897812053561210632e-03 5.073011852800846100e-04 1.207892782986164093e-03 1.186950225383043289e-02 8.030594326555728912e-04 1.146373245865106583e-02 4.778596572577953339e-03 1.112432125955820084e-02 1.390207093209028244e-02 1.654441468417644501e-02 6.570191681385040283e-02 5.085750296711921692e-02 1.915287412703037262e-02 1.640338217839598656e-03 5.099700298160314560e-03 4.890374373644590378e-03 2.505151927471160889e-02 3.821715712547302246e-02 3.285555634647607803e-03 1.379068288952112198e-02 1.826501078903675079e-02 1.282838918268680573e-02 1.198234595358371735e-02 2.176754362881183624e-02 1.423126645386219025e-02 4.081843886524438858e-03 8.936404250562191010e-03 2.782492432743310928e-03 6.113445851951837540e-03 4.693734459578990936e-03 2.625092118978500366e-02 1.344666816294193268e-02 1.314866170287132263e-02 1.449905801564455032e-02 2.477874420583248138e-02 1.990693621337413788e-02 1.916949637234210968e-02 1.797912828624248505e-02 2.556941099464893341e-02 1.428722497075796127e-02 1.637606136500835419e-02 5.941434763371944427e-03 1.792716979980468750e-02 1.369487494230270386e-02 2.470205351710319519e-02 2.802154608070850372e-02
1.017589215189218521e-02 1.637060544453561306e-03 6.973857060074806213e-03 8.224478363990783691e-01 9.188834577798843384e-02 2.953035756945610046e-03 2.644257387146353722e-03 1.393728540278971195e-03 1.540969125926494598e-02 2.111730398610234261e-03 3.938407171517610550e-03 1.894379779696464539e-02 2.095649106195196509e-04 3.302109660580754280e-03 4.757224582135677338e-03 2.265083417296409607e-02 1.531894225627183914e-02 1.391622517257928848e-02 1.152110286056995392e-02 6.497512105852365494e-03 1.671840436756610870e-02 9.556457400321960449e-03 3.949501551687717438e-03 3.606260288506746292e-03 6.862848531454801559e-03 1.717420108616352081e-02 1.533089019358158112e-02 3.926675766706466675e-02 1.909025385975837708e-02 3.168406710028648376e-02 2.100007981061935425e-02 9.603273123502731323e-03 3.314984589815139771e-02 8.457842282950878143e-03 9.467030875384807587e-03 1.870659925043582916e-02 8.360818028450012207e-03 1.217522751539945602e-02 4.860265180468559265e-02 4.206515476107597351e-02 4.075614851899445057e-04 3.823394188657402992e-03 3.611126681789755821e-03 2.430669032037258148e-02 7.841349579393863678e-03 2.438228577375411987e-03 4.121890378883108497e-05 7.602382916957139969e-03 7.491146214306354523e-03 1.780938915908336639e-02 8.143072947859764099e-03 1.389638613909482956e-02 1.000580377876758575e-03 9.198174811899662018e-03 3.206161549314856529e-03 4.003875888884067535e-03 4.393899813294410706e-02 2.817305363714694977e-02 1.470291987061500549e-03 1.128136864281259477e-05 1.000608876347541809e-02 1.539859455078840256e-03 3.920393064618110657e-02 2.196003124117851257e-02 1.536335982382297516e-02 1.189783401787281036e-02 1.732483069645240903e-04 9.714708663523197174e-03 5.058411136269569397e-02 2.865343121811747551e-03 3.543134033679962158e-02 1.818476803600788116e-02 6.733307987451553345e-02 3.231044486165046692e-02 4.975029826164245605e-02 4.278041049838066101e-02 4.463256523013114929e-02 2.699404209852218628e-02 9.492739103734493256e-03 1.497700437903404236e-02 4.536029591690748930e-04 2.205445198342204094e-03 4.410394281148910522e-02 7.741938345134258270e-03 1.894746720790863037e-02 2.355207223445177078e-03 5.754909478127956390e-03 8.921717293560504913e-03 4.692449048161506653e-02 4.379000514745712280e-02 3.467956790700554848e-03 6.964097265154123306e-03 7.333265617489814758e-03 1.299657393246889114e-03 1.921016164124011993e-02 1.058297045528888702e-02 1.244205050170421600e-02 3.323262557387351990e-02 1.268685329705476761e-02 9.835558943450450897e-03 3.306150436401367188e-03 3.673433791846036911e-03 3.156630555167794228e-03 5.639837589114904404e-03 1.744578033685684204e-02 1.194783300161361694e-02 3.464398672804236412e-03 1.051321439445018768e-02 1.206155121326446533e-02 4.838857275899499655e-04 4.585199523717164993e-03 8.233504369854927063e-03 4.371806047856807709e-03 2.694329246878623962e-03 1.968076638877391815e-02 1.897144317626953125e-02
1.274375058710575104e-02 2.005100715905427933e-03 2.931305672973394394e-03 9.188834577798843384e-02 8.224478363990783691e-01 2.469174796715378761e-03 1.019420960801653564e-04 5.760166677646338940e-04 1.277042925357818604e-02 3.698008600622415543e-03 6.093428935855627060e-03 2.068243734538555145e-02 5.205509718507528305e-03 8.450646884739398956e-03 1.147641614079475403e-02 9.496599435806274414e-03 2.659627934917807579e-03 1.187978312373161316e-02 6.510014645755290985e-03 4.287946037948131561e-03 1.042579952627420425e-02 1.473530079238116741e-03 1.089755096472799778e-03 4.681997001171112061e-03 3.952178172767162323e-03 1.745838299393653870e-02 2.024539560079574585e-02 3.576254472136497498e-02 1.974698901176452637e-02 3.226752579212188721e-02 2.424399740993976593e-02 1.261593401432037354e-02 2.956411428749561310e-02 1.123033370822668076e-02 2.302285470068454742e-02 1.290600188076496124e-02 9.115552529692649841e-03 3.991677425801753998e-03 4.788114503026008606e-02 5.193682760000228882e-02 1.905033132061362267e-03 9.337184019386768341e-03 3.284709295257925987e-03 1.767750829458236694e-02 7.838465273380279541e-03 1.742277527227997780e-03 1.320659415796399117e-03 6.418053526431322098e-03 4.624902270734310150e-03 1.466646674089133739e-03 6.714930757880210876e-03 9.309881366789340973e-03 1.891398569568991661e-04 9.800197556614875793e-03 9.313916787505149841e-03 1.382796652615070343e-02 4.173842445015907288e-02 3.653499484062194824e-02 4.412443842738866806e-03 3.040629904717206955e-03 1.383558474481105804e-02 2.082858979701995850e-02 3.438597545027732849e-02 2.472482621669769287e-02 1.838418468832969666e-02 1.512644160538911819e-02 5.017784424126148224e-03 1.554367918288335204e-04 3.533622995018959045e-02 1.720757223665714264e-02 2.727169729769229889e-02 2.846770361065864563e-02 5.642181262373924255e-02 4.274800419807434082e-02 4.819344356656074524e-02 4.467730596661567688e-02 2.897737734019756317e-02 2.214543335139751434e-02 1.087913755327463150e-02 2.015317417681217194e-02 3.128757525701075792e-04 3.269905922934412956e-03 2.970679290592670441e-02 3.160716593265533447e-02 1.599238440394401550e-02 2.716163173317909241e-03 6.566973024746403098e-05 1.082107424736022949e-02 4.629116132855415344e-02 4.545567184686660767e-02 4.378193523734807968e-03 9.217754006385803223e-03 8.412725292146205902e-03 4.777688533067703247e-03 1.175472419708967209e-02 2.376946853473782539e-03 2.378258155658841133e-03 3.429487720131874084e-02 2.158180112019181252e-03 1.165664521977305412e-03 9.530643001198768616e-03 4.055633209645748138e-03 6.769369821995496750e-03 5.658305250108242035e-03 1.748702675104141235e-02 2.277516759932041168e-02 5.640272051095962524e-03 2.104458212852478027e-02 9.209072217345237732e-03 1.535335183143615723e-02 3.487879410386085510e-03 6.116220261901617050e-03 4.844104405492544174e-03 1.079235691577196121e-02 1.663429429754614830e-03 1.256117317825555801e-02
7.269531488418579102e-02 6.822546571493148804e-02 7.282832171767950058e-03 2.953035756945610046e-03 2.469174796715378761e-03 8.224478363990783691e-01 8.090788125991821289e-02 1.799422129988670349e-02 7.018402684479951859e-03 1.872944086790084839e-02 5.307560414075851440e-02 4.153118282556533813e-02 5.260324478149414062e-02 5.323643609881401062e-02 2.968450821936130524e-02 9.165398776531219482e-03 1.569543406367301941e-02 9.541918523609638214e-03 8.127737790346145630e-03 6.837598979473114014e-03 3.598557552322745323e-03 1.868987455964088440e-02 3.537477180361747742e-02 3.251983597874641418e-02 7.936712354421615601e-03 2.010694146156311035e-02 2.600190695375204086e-03 4.677134100347757339e-03 1.216352824121713638e-02 1.431202609091997147e-02 2.539018867537379265e-03 1.297125872224569321e-02 5.795274046249687672e-04 1.033000834286212921e-02 1.019586808979511261e-02 1.111679803580045700e-02 2.412964962422847748e-02 1.419112086296081543e-03 4.955970682203769684e-03 8.787658996880054474e-03 9.559893980622291565e-03 5.853939335793256760e-03 5.643755197525024414e-03 2.055329084396362305e-02 7.366538979113101959e-03 5.985298659652471542e-03 6.897607445716857910e-02 5.719458684325218201e-02 1.430896762758493423e-02 1.900162734091281891e-02 1.969989947974681854e-02 1.106763072311878204e-02 2.653222996741533279e-03 1.423891447484493256e-02 5.897341761738061905e-03 1.494777388870716095e-02 1.237972546368837357e-02 1.985351555049419403e-02 1.037485711276531219e-02 1.602378487586975098e-02 4.406529478728771210e-03 5.590211600065231323e-03 2.915110962931066751e-04 2.149494597688317299e-03 1.193369831889867783e-02 1.911057531833648682e-02 1.378395408391952515e-02 8.559075184166431427e-03 1.096874126233160496e-03 1.954070106148719788e-02 5.852475296705961227e-03 2.566154859960079193e-02 3.250794718042016029e-03 8.742724545300006866e-03 6.317385006695985794e-03 2.197819948196411133e-02 6.268188357353210449e-03 8.478573523461818695e-03 4.865576513111591339e-03 1.780468225479125977e-02 1.402566209435462952e-02 5.117593333125114441e-03 5.314510315656661987e-03 8.288973011076450348e-03 2.704049833118915558e-02 3.555492311716079712e-02 1.840993575751781464e-02 2.071902342140674591e-02 1.755075901746749878e-02 2.113089710474014282e-02 4.526191949844360352e-02 2.861367911100387573e-02 2.210889011621475220e-02 1.386937871575355530e-02 6.353409960865974426e-03 1.602014899253845215e-02 1.426474936306476593e-02 2.646427229046821594e-02 3.034913679584860802e-03 6.321736611425876617e-03 1.723636500537395477e-02 1.634970307350158691e-02 1.307506673038005829e-02 1.845744810998439789e-02 3.555556759238243103e-04 3.431445453315973282e-03 5.951921921223402023e-03 1.403083652257919312e-02 5.706954747438430786e-03 1.219327375292778015e-02 4.554705694317817688e-03 8.912852033972740173e-03 9.653074666857719421e-03 9.619491174817085266e-03 1.956577785313129425e-02 3.210542351007461548e-02
7.301785051822662354e-02 7.572678476572036743e-02 1.304498873651027679e-02 2.644257387146353722e-03 1.019420960801653564e-04 8.090788125991821289e-02 8.224478363990783691e-01 2.022807858884334564e-02 8.005349896848201752e-03 1.545759942382574081e-02 6.164709106087684631e-02 2.892689406871795654e-02 6.622223556041717529e-02 4.570142924785614014e-02 3.215720504522323608e-02 2.473379252478480339e-03 5.250170361250638962e-03 5.620664451271295547e-03 4.922615829855203629e-03 5.838688928633928299e-03 1.265921443700790405e-02 2.276392281055450439e-02 2.415747195482254028e-02 2.315963804721832275e-02 1.111736055463552475e-02 2.660440839827060699e-02 7.189527619630098343e-03 9.594795294106006622e-03 1.938635297119617462e-02 4.846572410315275192e-04 8.224649354815483093e-03 8.633057586848735809e-03 2.507464261725544930e-03 5.499579012393951416e-03 9.394276887178421021e-03 1.002189237624406815e-02 2.167907170951366425e-02 8.837419562041759491e-03 1.207384746521711349e-03 4.253998864442110062e-03 2.135147899389266968e-02 8.850301615893840790e-03 9.123875759541988373e-03 1.636106520891189575e-02 3.585194703191518784e-03 7.938579656183719635e-03 7.337888330221176147e-02 7.147096097469329834e-02 1.540795248001813889e-02 1.195975579321384430e-02 2.010134048759937286e-02 9.099995717406272888e-03 9.924518875777721405e-03 1.835039444267749786e-02 1.011141855269670486e-02 9.860374033451080322e-03 1.070797257125377655e-02 2.306250110268592834e-02 1.674266345798969269e-02 2.223229408264160156e-02 3.282669000327587128e-03 3.988296724855899811e-03 1.239616307429969311e-03 6.079425569623708725e-03 2.338215149939060211e-02 3.354629874229431152e-02 9.579312056303024292e-03 4.176187794655561447e-03 2.526633208617568016e-03 1.282961387187242508e-02 2.718547126278281212e-03 1.889229193329811096e-02 3.676477645058184862e-04 7.401328068226575851e-03 8.791341679170727730e-04 1.542830094695091248e-02 5.797283258289098740e-03 5.622110329568386078e-03 6.233192048966884613e-03 1.594394631683826447e-02 1.695104874670505524e-02 3.179695224389433861e-03 2.906918060034513474e-03 1.378324348479509354e-02 1.765136048197746277e-02 2.541340701282024384e-02 2.085757628083229065e-02 2.743018977344036102e-02 1.283189188688993454e-02 1.650221087038516998e-02 4.762196168303489685e-02 2.534073591232299805e-02 3.214007988572120667e-02 2.275452204048633575e-02 4.197359550744295120e-03 1.288846880197525024e-02 4.868008196353912354e-03 2.261637523770332336e-02 1.280697528272867203e-03 2.429119078442454338e-03 1.257223729044198990e-02 1.563099399209022522e-02 1.288849394768476486e-02 1.782535947859287262e-02 7.371029932983219624e-04 4.285145550966262817e-03 9.828336769714951515e-04 1.399703882634639740e-02 8.261107839643955231e-03 9.755106642842292786e-03 1.518960949033498764e-02 1.524461200460791588e-03 8.602774702012538910e-03 6.102313287556171417e-03 1.782143488526344299e-02 3.507962822914123535e-02
1.881321333348751068e-02 1.793378405272960663e-02 4.387499019503593445e-02 1.393728540278971195e-03 5.760166677646338940e-04 1.799422129988670349e-02 2.022807858884334564e-02 8.224478363990783691e-01 1.236407551914453506e-03 9.641758166253566742e-03 1.901265047490596771e-02 6.993336137384176254e-03 2.556475251913070679e-02 4.276318941265344620e-03 4.549463838338851929e-02 1.157452003099024296e-03 5.683090537786483765e-03 1.595490425825119019e-02 1.547744730487465858e-03 1.952059753239154816e-02 1.534379087388515472e-02 3.771393373608589172e-02 9.387186728417873383e-03 3.959791269153356552e-03 1.333126705139875412e-02 2.120849676430225372e-02 1.775606162846088409e-02 2.225254848599433899e-02 2.198578324168920517e-03 1.624236069619655609e-02 6.957308389246463776e-03 2.546719461679458618e-02 2.752459235489368439e-02 2.014237083494663239e-02 2.676711603999137878e-02 2.420660294592380524e-02 2.468491159379482269e-02 4.189483076333999634e-02 2.581089735031127930e-02 1.822565682232379913e-02 2.488690055906772614e-02 1.980339922010898590e-02 4.089946392923593521e-03 3.023335896432399750e-02 1.559518091380596161e-02 6.709386594593524933e-03 1.392386481165885925e-02 1.525173522531986237e-02 2.555395476520061493e-02 1.235482282936573029e-02 2.914971671998500824e-03 3.004535567015409470e-03 2.517669647932052612e-02 2.952139638364315033e-02 2.580336295068264008e-02 1.164551172405481339e-02 8.991397917270660400e-03 6.102341227233409882e-03 3.278451040387153625e-02 3.130972385406494141e-02 1.967138610780239105e-02 1.472499314695596695e-02 1.285509765148162842e-02 2.038165740668773651e-02 4.878410603851079941e-03 1.717132516205310822e-02 1.634861156344413757e-02 7.634950801730155945e-03 3.004080615937709808e-03 4.523329902440309525e-03 9.892350994050502777e-03 9.257986210286617279e-03 2.177082234993577003e-03 1.962912268936634064e-03 9.128862875513732433e-04 8.060064166784286499e-03 1.640213537029922009e-03 1.007778011262416840e-02 2.103108167648315430e-02 1.076336577534675598e-02 5.159286782145500183e-02 3.739175200462341309e-02 2.739574573934078217e-02 9.429639205336570740e-03 4.024265799671411514e-03 3.537398064509034157e-03 3.368134424090385437e-02 4.042712971568107605e-02 1.595127047039568424e-03 2.556272316724061966e-03 4.080516751855611801e-03 1.031395234167575836e-02 8.635991252958774567e-03 1.831135712563991547e-02 1.759440870955586433e-03 7.924119941890239716e-03 4.333943128585815430e-03 1.829408342018723488e-03 3.533826209604740143e-03 4.237074870616197586e-03 1.540668029338121414e-02 2.054558694362640381e-02 1.137315481901168823e-02 2.315221726894378662e-02 1.788831315934658051e-02 2.186523377895355225e-02 2.068674936890602112e-02 5.211285315454006195e-03 2.730552665889263153e-02 9.550858289003372192e-03 8.801155490800738335e-04 6.892389617860317230e-03 3.347377525642514229e-03 2.175417263060808182e-03 1.263106614351272583e-02 2.481419220566749573e-02
2.704771934077143669e-03 1.616788911633193493e-03 1.172436494380235672e-02 1.540969125926494598e-02 1.277042925357818604e-02 7.018402684479951859e-03 8.005349896848201752e-03 1.236407551914453506e-03 8.224478363990783691e-01 4.345656931400299072e-02 6.861892179585993290e-04 3.356222435832023621e-02 5.411036312580108643e-03 1.739988103508949280e-02 1.138051040470600128e-02 1.195727381855249405e-02 1.271170470863580704e-02 5.200858414173126221e-02 2.583143068477511406e-04 1.378492824733257294e-02 1.223725359886884689e-02 2.396348398178815842e-03 3.397285938262939453e-02 2.305001951754093170e-02 8.985872380435466766e-03 1.496286503970623016e-02 1.301587931811809540e-02 1.431888062506914139e-02 1.385841518640518188e-02 6.332365795969963074e-03 1.735879480838775635e-02 4.668279550969600677e-03 2.544094168115407228e-04 6.424841936677694321e-03 1.008118223398923874e-02 3.061566734686493874e-03 7.987342774868011475e-03 9.330173954367637634e-03 5.092577543109655380e-03 1.998795382678508759e-02 6.771849002689123154e-03 2.289204299449920654e-02 1.830513961613178253e-02 4.021672997623682022e-03 1.766173541545867920e-02 1.907352590933442116e-03 7.951611652970314026e-03 7.801171857863664627e-03 2.343625016510486603e-02 1.087851542979478836e-02 9.566032327711582184e-03 4.767014179378747940e-03 6.425771862268447876e-03 2.621945692226290703e-03 4.543296992778778076e-02 8.190743625164031982e-03 1.964426971971988678e-02 1.512317731976509094e-02 3.207060042768716812e-03 2.821128815412521362e-03 2.844900265336036682e-02 6.261392263695597649e-04 1.404759660363197327e-02 5.443196743726730347e-03 1.069214940071105957e-02 1.583761477377265692e-04 1.400568429380655289e-02 1.843991689383983612e-02 4.353626072406768799e-02 3.548095235601067543e-03 1.605356670916080475e-02 4.488633573055267334e-02 1.269482169300317764e-02 1.532603870145976543e-03 4.875907208770513535e-03 2.741860412061214447e-02 7.711204141378402710e-02 3.250326216220855713e-02 3.586148098111152649e-02 2.310324087738990784e-02 1.697963289916515350e-02 6.981133949011564255e-03 3.085970506072044373e-02 1.208600401878356934e-02 1.571760699152946472e-02 1.896035484969615936e-02 7.439276203513145447e-03 6.409992929548025131e-03 2.772440575063228607e-02 1.561552938073873520e-02 7.907490944489836693e-04 9.394971653819084167e-03 3.907870501279830933e-03 1.715417020022869110e-02 2.593842335045337677e-02 4.383460327517241240e-04 1.116541866213083267e-02 1.883069798350334167e-02 4.022897779941558838e-02 1.500722765922546387e-02 1.306321006268262863e-02 1.149761304259300232e-02 2.076433598995208740e-02 1.096953731030225754e-02 5.823587798658991233e-06 1.064488664269447327e-02 7.702697999775409698e-03 1.962343044579029083e-02 1.022319961339235306e-02 3.907028120011091232e-03 8.306175470352172852e-03 5.579194519668817520e-03 1.679439656436443329e-02 1.936194673180580139e-02 8.146676234900951385e-03 2.719975449144840240e-02
1.116803195327520370e-02 5.691652651876211166e-03 9.954671375453472137e-03 2.111730398610234261e-03 3.698008600622415543e-03 1.872944086790084839e-02 1.545759942382574081e-02 9.641758166253566742e-03 4.345656931400299072e-02 8.224478363990783691e-01 8.486180566251277924e-03 1.707364991307258606e-02 1.091355644166469574e-02 2.151544578373432159e-02 6.337326020002365112e-03 9.268549270927906036e-03 3.345421329140663147e-02 1.058978494256734848e-02 5.341726541519165039e-02 8.550391532480716705e-03 1.288121938705444336e-02 7.049391511827707291e-03 4.291936755180358887e-02 5.646567046642303467e-02 8.966485969722270966e-03 9.975932771340012550e-04 3.660595742985606194e-03 6.094960495829582214e-03 1.713670231401920319e-02 1.678478159010410309e-02 3.938174247741699219e-02 9.845107793807983398e-03 7.083211559802293777e-03 1.887282542884349823e-02 6.681970320641994476e-03 1.082457881420850754e-02 6.496475543826818466e-03 9.839151054620742798e-03 1.002201344817876816e-02 8.573324419558048248e-03 3.112245351076126099e-03 2.088190987706184387e-03 1.933013275265693665e-02 4.491511732339859009e-03 3.971657133661210537e-04 2.671841531991958618e-03 1.541263796389102936e-02 5.164023488759994507e-03 2.533420920372009277e-02 5.641476809978485107e-02 1.193563733249902725e-02 2.535518491640686989e-03 8.190286345779895782e-03 2.485658740624785423e-03 1.837435737252235413e-02 6.429044157266616821e-02 1.461906824260950089e-03 2.499628067016601562e-02 1.235366892069578171e-02 1.864805701188743114e-03 2.477673580870032310e-03 3.153871744871139526e-02 3.880182513967156410e-03 2.925414824858307838e-03 8.016862906515598297e-03 8.114977739751338959e-03 1.480867899954319000e-02 1.000322960317134857e-02 1.292808167636394501e-02 3.665647655725479126e-02 3.904301673173904419e-02 7.863331586122512817e-03 2.687279321253299713e-02 1.532752532511949539e-02 9.115526452660560608e-03 1.135785318911075592e-02 8.989905007183551788e-03 7.674694061279296875e-02 2.059403248131275177e-02 7.565998286008834839e-02 1.865639165043830872e-02 3.361848415806889534e-03 4.713437519967556000e-03 4.685970023274421692e-02 1.963344961404800415e-02 4.946213960647583008e-02 3.037943039089441299e-03 2.747785532847046852e-03 6.666818517260253429e-04 4.117523878812789917e-02 1.232727989554405212e-02 1.544907595962285995e-02 2.795377373695373535e-02 2.173595828935503960e-03 8.408605353906750679e-04 1.182641461491584778e-02 3.411836549639701843e-02 8.429372683167457581e-03 2.032260783016681671e-02 3.713462129235267639e-02 9.154856204986572266e-03 1.341872941702604294e-02 1.773871481418609619e-02 2.661482430994510651e-03 1.958395587280392647e-03 3.636546607594937086e-04 1.132957870140671730e-03 5.256223026663064957e-03 4.125318489968776703e-03 7.072100881487131119e-03 1.030423771589994431e-02 2.313326578587293625e-03 2.833486301824450493e-03 2.008951827883720398e-02 3.907519858330488205e-03 2.383805066347122192e-02
6.783990561962127686e-02 7.171200960874557495e-02 1.436736434698104858e-02 3.938407171517610550e-03 6.093428935855627060e-03 5.307560414075851440e-02 6.164709106087684631e-02 1.901265047490596771e-02 6.861892179585993290e-04 8.486180566251277924e-03 8.224478363990783691e-01 3.261176636442542076e-03 7.688730210065841675e-02 2.321934327483177185e-02 3.688532859086990356e-02 3.782030660659074783e-03 3.991681151092052460e-03 4.893404897302389145e-03 2.250646008178591728e-03 4.066002089530229568e-03 1.746890717186033726e-03 2.621843665838241577e-02 1.204184163361787796e-02 1.379531435668468475e-02 4.854240920394659042e-03 1.543621812015771866e-02 1.750064827501773834e-02 1.946694217622280121e-02 3.813401982188224792e-02 9.938964620232582092e-03 2.675489708781242371e-02 5.887059960514307022e-03 2.671346999704837799e-03 2.295458456501364708e-03 6.337711820378899574e-04 1.796015352010726929e-02 2.559216879308223724e-02 1.671526767313480377e-02 8.084199391305446625e-03 2.555386163294315338e-03 1.686396822333335876e-02 1.613024808466434479e-02 1.052652834914624691e-03 4.176788963377475739e-03 4.282789770513772964e-03 5.070315673947334290e-04 5.865462869405746460e-02 5.627677589654922485e-02 1.183767709881067276e-02 1.203060988336801529e-02 1.433576177805662155e-02 1.362863928079605103e-02 3.422825783491134644e-02 3.258555755019187927e-02 1.722189132124185562e-03 1.056763622909784317e-02 4.063345957547426224e-03 1.906173862516880035e-02 4.136894643306732178e-02 3.632801026105880737e-02 2.102656988427042961e-03 3.844082122668623924e-03 3.604229772463440895e-03 2.545379800722002983e-03 5.311691015958786011e-02 5.667641013860702515e-02 1.007131766527891159e-03 9.588630928192287683e-05 4.873163998126983643e-03 2.662798576056957245e-02 1.404475769959390163e-03 1.366530265659093857e-02 3.743472043424844742e-03 9.567346423864364624e-03 1.693563186563551426e-03 1.244449522346258163e-02 6.859144195914268494e-03 4.879264160990715027e-03 2.122771693393588066e-03 6.459896452724933624e-03 1.854777149856090546e-02 1.895109191536903381e-02 4.882811568677425385e-03 3.430511336773633957e-03 5.908867809921503067e-03 1.245681941509246826e-02 3.502982854843139648e-02 3.919913247227668762e-02 2.351344563066959381e-03 4.435703624039888382e-03 3.968827798962593079e-02 3.526988625526428223e-02 2.983998879790306091e-02 3.207510337233543396e-02 1.140333898365497589e-02 1.640967838466167450e-02 7.240180391818284988e-03 1.431034877896308899e-02 4.707755520939826965e-03 1.290153618901968002e-02 1.353647466748952866e-02 1.697679981589317322e-02 1.540001202374696732e-02 9.186734445393085480e-03 1.569124311208724976e-02 1.557435095310211182e-02 1.194254495203495026e-02 1.206556335091590881e-02 1.663824729621410370e-02 2.505673794075846672e-03 1.064213924109935760e-02 2.899152692407369614e-03 3.374926978722214699e-03 7.509799208492040634e-03 2.134358137845993042e-02 1.990067586302757263e-02
2.951005473732948303e-02 1.614363119006156921e-02 1.365548931062221527e-03 1.894379779696464539e-02 2.068243734538555145e-02 4.153118282556533813e-02 2.892689406871795654e-02 6.993336137384176254e-03 3.356222435832023621e-02 1.707364991307258606e-02 3.261176636442542076e-03 8.224478363990783691e-01 9.886257350444793701e-03 9.334444254636764526e-02 2.099593169987201691e-02 6.279814522713422775e-03 8.991281501948833466e-03 1.463076751679182053e-02 2.252606675028800964e-02 1.491688564419746399e-02 2.261020563310012221e-04 1.596124260686337948e-03 4.323460906744003296e-02 3.129826858639717102e-02 7.169254589825868607e-03 3.433382837101817131e-03 1.247825473546981812e-02 5.807119607925415039e-02 1.093967352062463760e-02 5.915972217917442322e-02 8.509616367518901825e-03 2.616840181872248650e-03 3.726564347743988037e-03 1.250645052641630173e-02 1.307595986872911453e-02 1.585659570991992950e-02 1.806825958192348480e-02 8.756244555115699768e-03 4.056437406688928604e-03 2.499855589121580124e-03 8.815340697765350342e-03 3.945630509406328201e-03 8.182667195796966553e-03 3.547709900885820389e-03 4.817080497741699219e-02 5.055316537618637085e-02 3.416305035352706909e-02 3.112923912703990936e-02 1.028148643672466278e-02 1.596913486719131470e-02 4.051358904689550400e-03 4.728291649371385574e-03 1.315916609019041061e-02 5.100054666399955750e-03 9.742735885083675385e-03 7.062061224132776260e-03 9.853034280240535736e-03 6.051186006516218185e-03 2.953637856990098953e-03 4.679909907281398773e-04 1.904605701565742493e-02 1.605282537639141083e-02 4.997004289180040359e-03 2.572735305875539780e-03 1.461729686707258224e-02 1.027269382029771805e-02 1.826901687309145927e-03 4.004325252026319504e-03 1.095912884920835495e-02 1.131642796099185944e-02 1.142973732203245163e-02 8.564492687582969666e-03 2.135661058127880096e-02 1.205984130501747131e-02 2.509748190641403198e-02 1.459937356412410736e-02 2.274752035737037659e-02 2.123813517391681671e-02 3.239068388938903809e-02 2.690193243324756622e-02 1.384214218705892563e-02 1.851405203342437744e-02 8.469504304230213165e-03 2.814671024680137634e-03 9.317707270383834839e-03 1.252506021410226822e-02 1.412243209779262543e-02 1.194297336041927338e-02 3.058392181992530823e-02 3.604916855692863464e-02 2.914155833423137665e-02 1.225768961012363434e-02 2.102431468665599823e-02 6.452598609030246735e-03 1.068648882210254669e-02 6.210108287632465363e-03 5.818093661218881607e-03 3.120603971183300018e-03 6.366710644215345383e-03 8.599018678069114685e-03 6.851194892078638077e-03 1.169313793070614338e-03 1.158893574029207230e-02 1.541290245950222015e-02 1.144766210927627981e-04 3.652998129837214947e-04 3.740206375368870795e-05 1.400596229359507561e-03 1.729812123812735081e-03 1.118685118854045868e-02 1.099722925573587418e-02 1.710783317685127258e-02 1.711320504546165466e-02 1.973416656255722046e-02 2.718794159591197968e-02 2.673056535422801971e-02
6.563983857631683350e-02 7.664839923381805420e-02 1.404164824634790421e-02 2.095649106195196509e-04 5.205509718507528305e-03 5.260324478149414062e-02 6.622223556041717529e-02 2.556475251913070679e-02 5.411036312580108643e-03 1.091355644166469574e-02 7.688730210065841675e-02 9.886257350444793701e-03 8.224478363990783691e-01 2.799661830067634583e-02 4.168750345706939697e-02 3.154491540044546127e-03 5.872506182640790939e-03 7.542087230831384659e-03 4.971739836037158966e-03 3.909167833626270294e-03 1.273812819272279739e-02 2.656973898410797119e-02 1.316807046532630920e-02 1.526776514947414398e-02 9.558117948472499847e-03 2.213450148701667786e-02 1.504277344793081284e-02 1.991918683052062988e-02 2.892456203699111938e-02 1.019815355539321899e-02 2.399660833179950714e-02 1.111662574112415314e-02 9.517236612737178802e-04 1.160463225096464157e-02 3.441984066739678383e-03 1.535379793494939804e-02 2.535928413271903992e-02 1.698856055736541748e-02 7.095661014318466187e-03 4.962879698723554611e-03 1.846022903919219971e-02 1.388562656939029694e-02 2.542272908613085747e-03 7.221662439405918121e-03 3.360754810273647308e-03 1.096968655474483967e-03 5.597423762083053589e-02 5.959839373826980591e-02 1.824940368533134460e-02 1.008985377848148346e-02 1.827045157551765442e-02 1.080862712115049362e-02 2.994790114462375641e-02 3.147792816162109375e-02 7.557568140327930450e-03 9.132578969001770020e-03 4.013045225292444229e-03 1.513748429715633392e-02 3.200423344969749451e-02 3.395285457372665405e-02 4.346967674791812897e-03 4.508121404796838760e-03 5.055995192378759384e-03 4.234095104038715363e-03 4.394567385315895081e-02 5.233665183186531067e-02 2.977902768179774284e-03 3.864166326820850372e-03 2.747076330706477165e-03 1.828010380268096924e-02 2.587710740044713020e-03 1.190208457410335541e-02 3.381959162652492523e-03 8.113116957247257233e-03 2.368599642068147659e-03 8.636536076664924622e-03 5.009881686419248581e-03 5.654287990182638168e-03 1.604591263458132744e-03 9.338861331343650818e-03 2.016870491206645966e-02 1.960439234972000122e-02 1.072279270738363266e-02 3.990060649812221527e-03 6.114194169640541077e-03 1.378528960049152374e-02 3.280014544725418091e-02 4.062043502926826477e-02 2.485598437488079071e-03 4.440957214683294296e-03 3.455435112118721008e-02 2.774634212255477905e-02 3.182749077677726746e-02 3.204972296953201294e-02 8.243546821177005768e-03 1.606742851436138153e-02 3.627116559073328972e-03 1.269457209855318069e-02 5.839217919856309891e-03 8.116883225739002228e-03 1.448203157633543015e-02 2.164919301867485046e-02 1.083205454051494598e-02 1.119435578584671021e-02 1.292062271386384964e-02 1.573601178824901581e-02 9.066525846719741821e-03 9.645359590649604797e-03 1.838033832609653473e-02 7.601995021104812622e-04 1.135848090052604675e-02 6.773726083338260651e-03 3.841962607111781836e-04 3.417797153815627098e-03 1.317030098289251328e-02 2.286138944327831268e-02
