8.285356163978576660e-01 8.212004601955413818e-02 9.824917651712894440e-04 2.829393837600946426e-03 4.043570253998041153e-03 6.413363665342330933e-02 2.912176959216594696e-02 1.690734364092350006e-02 1.052215957315638661e-04 2.167271450161933899e-03 6.252455711364746094e-02 4.557110369205474854e-03 5.362209305167198181e-02 7.618649862706661224e-03 2.720603346824645996e-02 8.815443143248558044e-03 8.063855580985546112e-03 1.111036632210016251e-02 6.184082012623548508e-03 1.710096560418605804e-02 2.218733169138431549e-02 3.573581948876380920e-02 4.219016991555690765e-03 6.500544492155313492e-03 2.062828280031681061e-02 1.841441914439201355e-02 8.452519774436950684e-03 2.237324602901935577e-02 1.669159717857837677e-02 2.487563528120517731e-02 8.936702273786067963e-03 7.660147384740412235e-04 8.586072362959384918e-04 8.784164674580097198e-03 2.130307490006089211e-03 1.385378371924161911e-02 1.768483966588973999e-02 2.195162884891033173e-02 5.184104666113853455e-03 5.239688325673341751e-03 1.754681579768657684e-02 4.153766203671693802e-03 1.958408392965793610e-02 9.228807874023914337e-03 4.069618415087461472e-03 1.349607296288013458e-02 4.293356463313102722e-02 3.950897604227066040e-02 1.006229780614376068e-02 1.626453944481909275e-03 1.594403199851512909e-02 1.463665626943111420e-02 8.514442481100559235e-03 1.046189758926630020e-02 1.158982608467340469e-02 4.435815848410129547e-03 3.104904433712363243e-03 2.126432256773114204e-03 1.891219615936279297e-02 1.885096170008182526e-02 6.747805513441562653e-03 1.294193603098392487e-02 2.384979045018553734e-03 5.177545361220836639e-03 2.710388042032718658e-02 2.831416577100753784e-02 1.345531269907951355e-02 2.624340541660785675e-02 1.627084799110889435e-02 4.889072850346565247e-03 1.577979326248168945e-02 9.313401766121387482e-03 4.160508047789335251e-03 1.377829443663358688e-02 4.378015641123056412e-03 1.940663717687129974e-02 2.941015409305691719e-04 2.726827049627900124e-03 4.408270120620727539e-03 1.145039498805999756e-02 1.719348877668380737e-02 2.435797452926635742e-02 8.623760193586349487e-03 6.724228616803884506e-03 9.523992426693439484e-03 2.253513783216476440e-02 3.368089348077774048e-02 3.715576976537704468e-02 1.258483994752168655e-02 1.651655323803424835e-02 3.127089887857437134e-02 3.149591013789176941e-02 4.063976928591728210e-02 2.334434725344181061e-02 9.068450308404862881e-04 1.039966125972568989e-03 1.137698069214820862e-02 7.201426662504673004e-03 1.047186553478240967e-02 9.142318740487098694e-03 5.636482033878564835e-03 6.301195360720157623e-03 1.712600328028202057e-02 1.106855738908052444e-02 1.870857365429401398e-02 8.864820003509521484e-03 2.530394122004508972e-03 5.033289082348346710e-03 1.847705803811550140e-02 5.716782063245773315e-03 7.100918795913457870e-03 1.573083736002445221e-02 2.637542039155960083e-02 2.542806044220924377e-02 3.828847780823707581e-03 1.069417805410921574e-03
8.212004601955413818e-02 8.285356163978576660e-01 1.809228910133242607e-03 1.205507759004831314e-02 9.597918950021266937e-03 5.308462306857109070e-02 3.138464689254760742e-02 1.137183792889118195e-02 1.222844352014362812e-03 2.824940951541066170e-03 5.766998231410980225e-02 9.803977794945240021e-03 5.786309018731117249e-02 5.184146109968423843e-03 2.582512982189655304e-02 7.953770458698272705e-03 8.346064016222953796e-03 1.332816295325756073e-02 3.960746340453624725e-03 2.065693214535713196e-02 2.173082530498504639e-02 2.906234748661518097e-02 3.746501635760068893e-03 1.922001829370856285e-03 2.420900203287601471e-02 2.251522243022918701e-02 3.552968846634030342e-03 2.193280309438705444e-02 2.197430096566677094e-02 2.129923552274703979e-02 1.960789039731025696e-02 8.648141287267208099e-03 4.278891254216432571e-03 1.130488421767950058e-02 5.357241723686456680e-03 1.069880649447441101e-02 1.561679877340793610e-02 1.270093675702810287e-02 1.376069732941687107e-03 2.807743614539504051e-03 6.288480013608932495e-03 3.488337155431509018e-03 2.355926483869552612e-02 1.258248835802078247e-02 6.739371456205844879e-03 8.399171754717826843e-03 4.100699350237846375e-02 4.338285326957702637e-02 9.186364710330963135e-03 3.237792057916522026e-03 2.069400250911712646e-02 1.924801059067249298e-02 3.986579366028308868e-03 5.503886379301548004e-03 1.360906660556793213e-02 4.844116978347301483e-03 8.181435987353324890e-03 5.512669449672102928e-04 1.845762506127357483e-02 1.662110164761543274e-02 7.875174283981323242e-03 1.635113172233104706e-02 3.407019888982176781e-03 9.325281716883182526e-03 2.854548208415508270e-02 3.531384840607643127e-02 1.944813318550586700e-02 2.830039337277412415e-02 1.484656520187854767e-02 6.945293396711349487e-03 1.674537919461727142e-02 1.331559009850025177e-02 2.504564123228192329e-03 1.587792485952377319e-02 5.259297322481870651e-03 2.303295768797397614e-02 2.403314225375652313e-03 5.836908239871263504e-04 3.887089900672435760e-03 3.668447723612189293e-03 1.340928114950656891e-02 2.002449333667755127e-02 1.838521100580692291e-02 1.127717085182666779e-02 1.700400561094284058e-02 2.267805673182010651e-02 2.709606103599071503e-02 3.796330839395523071e-02 2.114262990653514862e-02 2.407066710293292999e-02 3.037521429359912872e-02 3.043985553085803986e-02 4.627029225230216980e-02 2.728509344160556793e-02 8.666438516229391098e-04 9.640399948693811893e-04 1.202132273465394974e-02 1.333930902183055878e-02 9.520080871880054474e-03 1.182297058403491974e-02 8.119074627757072449e-03 8.481653407216072083e-03 1.215220615267753601e-02 6.444022059440612793e-03 1.247875951230525970e-02 7.856780663132667542e-03 1.982391346246004105e-03 8.169430657289922237e-04 2.078801020979881287e-02 2.697319025173783302e-03 1.025210879743099213e-02 2.159775421023368835e-02 2.597181499004364014e-02 2.642563544213771820e-02 9.381469339132308960e-03 4.136808682233095169e-03
9.824917651712894440e-04 1.809228910133242607e-03 8.285356163978576660e-01 2.720606699585914612e-02 4.388376697897911072e-02 1.663826871663331985e-03 3.420649096369743347e-03 6.403111666440963745e-02 1.293697860091924667e-02 5.162099259905517101e-04 1.964275725185871124e-03 4.911253228783607483e-03 3.458595892880111933e-04 9.191242977976799011e-03 6.679299753159284592e-03 7.116845808923244476e-03 8.767248131334781647e-03 2.950634434819221497e-02 1.673747901804745197e-03 4.317917628213763237e-04 6.245349068194627762e-04 1.796848024241626263e-03 4.940317943692207336e-03 1.395306084305047989e-02 1.367106800898909569e-03 8.574098348617553711e-03 4.065549932420253754e-03 1.399089209735393524e-02 1.362440409138798714e-03 1.830396428704261780e-02 1.927051227539777756e-03 5.235103424638509750e-03 1.348635274916887283e-02 5.791522096842527390e-03 1.497117057442665100e-02 1.033999118953943253e-02 1.080519706010818481e-02 6.933661643415689468e-03 2.263132482767105103e-02 3.999216016381978989e-03 3.364433720707893372e-02 4.293921403586864471e-03 3.385453252121806145e-03 5.376990512013435364e-02 1.944784633815288544e-02 2.681485563516616821e-02 1.280128210783004761e-02 2.071755379438400269e-02 4.534548148512840271e-03 2.596153412014245987e-03 1.411564834415912628e-02 1.125606615096330643e-02 6.686191540211439133e-03 1.781471632421016693e-02 1.115726586431264877e-02 6.624101661145687103e-03 6.500883027911186218e-03 2.225687913596630096e-02 1.173957902938127518e-02 3.432917222380638123e-02 8.748724125325679779e-03 9.124527685344219208e-03 3.331890795379877090e-03 1.295460946857929230e-02 2.956187911331653595e-02 1.557418331503868103e-02 1.175581850111484528e-02 6.122041493654251099e-03 3.350920043885707855e-03 1.654183324717450887e-05 6.332410965114831924e-03 6.244882941246032715e-03 9.725714102387428284e-03 6.925452034920454025e-03 4.056023433804512024e-03 5.094686057418584824e-03 8.317264728248119354e-03 2.166494377888739109e-04 1.468185428529977798e-02 1.005065976642072201e-03 7.565666735172271729e-02 6.360604614019393921e-02 3.969804849475622177e-03 1.403674669563770294e-02 5.261609330773353577e-03 1.479508355259895325e-03 2.136949449777603149e-02 2.878894656896591187e-02 9.811447001993656158e-03 2.281341468915343285e-03 2.785205468535423279e-02 7.718967273831367493e-03 2.284258976578712463e-02 1.108976779505610466e-03 2.967623295262455940e-03 3.171852556988596916e-03 2.554003382101655006e-03 1.758709363639354706e-02 1.525909546762704849e-02 1.574222184717655182e-02 1.716659776866436005e-02 1.648102700710296631e-02 1.890490995720028877e-03 2.119218371808528900e-02 3.465018421411514282e-02 2.616352215409278870e-02 2.837797394022345543e-03 5.800913553684949875e-03 3.431159537285566330e-03 5.871448200196027756e-03 2.261600457131862640e-02 2.561091445386409760e-02 9.057941497303545475e-05 2.822089591063559055e-04 4.597703926265239716e-03 1.498350687325000763e-02
2.829393837600946426e-03 1.205507759004831314e-02 2.720606699585914612e-02 8.285356163978576660e-01 7.681142538785934448e-02 9.307718835771083832e-03 1.256222184747457504e-02 2.147503942251205444e-02 6.280884146690368652e-03 2.282518148422241211e-02 4.006610717624425888e-03 1.978221721947193146e-02 1.106796879321336746e-02 1.261201500892639160e-02 1.321267057210206985e-02 4.442945588380098343e-03 1.205739332363009453e-03 3.357565030455589294e-03 3.287284867838025093e-03 9.038568474352359772e-03 1.096771843731403351e-02 1.594678498804569244e-02 2.443017903715372086e-03 8.894452825188636780e-03 3.558390308171510696e-03 1.304606557823717594e-03 1.870755478739738464e-02 2.913632057607173920e-02 5.899572744965553284e-03 1.772895082831382751e-02 5.780980922281742096e-03 5.725730676203966141e-03 3.709060698747634888e-02 1.781304739415645599e-02 1.307696662843227386e-02 1.301974710077047348e-02 2.215989492833614349e-02 2.057082718238234520e-03 5.192857235670089722e-03 9.781274013221263885e-03 1.462563499808311462e-02 4.139992874115705490e-03 1.299819536507129669e-02 2.800012880470603704e-04 1.277493592351675034e-02 1.848789863288402557e-02 1.302106957882642746e-02 1.365188509225845337e-02 2.102342667058110237e-03 2.015713788568973541e-02 3.340114839375019073e-03 1.653005927801132202e-02 1.539466902613639832e-02 5.119618494063615799e-03 1.515298895537853241e-02 1.640338450670242310e-02 3.220732510089874268e-02 1.032525394111871719e-02 1.338897272944450378e-02 4.691254347562789917e-03 3.830173239111900330e-02 2.757542766630649567e-02 2.333893813192844391e-02 2.451579459011554718e-02 1.259831991046667099e-02 4.088392015546560287e-03 9.144665673375129700e-03 1.225910894572734833e-02 1.850059255957603455e-02 8.651771582663059235e-03 1.214353367686271667e-02 2.223659120500087738e-02 5.127961188554763794e-02 1.374799292534589767e-03 3.628535196185112000e-02 3.222307562828063965e-02 1.668092980980873108e-02 1.005987450480461121e-02 1.072072237730026245e-02 2.552028931677341461e-02 2.055818028748035431e-02 1.268584188073873520e-02 1.652727276086807251e-02 1.921886391937732697e-02 1.550733298063278198e-02 2.395242825150489807e-02 1.158540509641170502e-02 1.594612747430801392e-02 1.890356466174125671e-02 1.472566160373389721e-03 1.002768334001302719e-02 1.760284230113029480e-02 1.339561771601438522e-02 1.824243552982807159e-02 4.398894496262073517e-03 1.451656967401504517e-02 1.735512353479862213e-02 9.955405257642269135e-03 2.621644525788724422e-04 6.212722975760698318e-03 8.405543863773345947e-03 1.112160552293062210e-02 2.009679377079010010e-02 1.705215126276016235e-02 8.054964244365692139e-03 8.190663531422615051e-03 1.268807426095008850e-02 4.489591345191001892e-02 6.306227296590805054e-03 1.451302506029605865e-02 7.309787324629724026e-04 8.500111289322376251e-03 5.324334837496280670e-03 1.575428619980812073e-02 1.669624261558055878e-02 1.215638034045696259e-02
4.043570253998041153e-03 9.597918950021266937e-03 4.388376697897911072e-02 7.681142538785934448e-02 8.285356163978576660e-01 1.271219830960035324e-02 8.488814346492290497e-03 3.504453599452972412e-02 8.771069347858428955e-03 5.640849471092224121e-03 1.122544636018574238e-03 1.081353146582841873e-02 1.710593583993613720e-03 2.802714891731739044e-02 2.828182838857173920e-02 3.641532268375158310e-03 5.799454636871814728e-03 3.988284152001142502e-03 1.603897474706172943e-02 3.300382522866129875e-03 4.401107318699359894e-03 3.725339658558368683e-03 1.646809466183185577e-02 3.553460352122783661e-03 9.635392576456069946e-03 2.127416431903839111e-02 4.837189335376024246e-03 1.790255540981888771e-03 8.361971005797386169e-03 2.460751915350556374e-03 1.007777918130159378e-02 6.411914946511387825e-04 5.189714021980762482e-03 1.699184300377964973e-03 2.449142513796687126e-03 2.403062582015991211e-02 1.437347382307052612e-02 1.294205617159605026e-02 1.900418847799301147e-02 3.076918981969356537e-02 4.490963649004697800e-03 6.461020093411207199e-03 6.921504624187946320e-03 2.112293057143688202e-02 1.483380049467086792e-02 9.629846317693591118e-04 6.353110540658235550e-03 9.984076954424381256e-03 1.040491275489330292e-02 2.395456098020076752e-02 3.723336150869727135e-03 1.043458352796733379e-03 1.946534775197505951e-02 3.494833037257194519e-02 1.173935737460851669e-02 2.718381024897098541e-02 7.805075962096452713e-03 1.630380004644393921e-02 2.173992246389389038e-02 1.427328307181596756e-02 1.127670146524906158e-02 1.728137582540512085e-02 2.077329158782958984e-02 1.439417153596878052e-02 4.499012138694524765e-03 6.655908655375242233e-03 8.236074936576187611e-04 2.269796095788478851e-03 1.289481297135353088e-02 1.283820066601037979e-02 1.516782213002443314e-02 2.271932922303676605e-02 8.751088753342628479e-03 1.296224631369113922e-02 2.889293432235717773e-02 2.635325305163860321e-02 1.353700179606676102e-02 3.106030169874429703e-03 7.571945025119930506e-05 3.077251370996236801e-03 4.337254166603088379e-02 3.381618857383728027e-02 5.804390180855989456e-03 2.117425017058849335e-02 5.425620824098587036e-03 2.195955254137516022e-03 2.260438352823257446e-02 1.697887293994426727e-02 5.652894615195691586e-04 7.722137961536645889e-03 9.466006420552730560e-03 1.993546262383460999e-03 5.761891603469848633e-03 6.028964649885892868e-03 2.324187662452459335e-03 1.547311991453170776e-02 1.246393308974802494e-03 2.565856557339429855e-03 1.288642641156911850e-02 1.321276742964982986e-02 7.169185206294059753e-03 1.564252004027366638e-02 1.068099588155746460e-02 2.551959827542304993e-03 7.633444853127002716e-03 8.704612031579017639e-03 7.253317162394523621e-03 2.828430384397506714e-02 9.880982339382171631e-03 4.093899577856063843e-02 1.191171724349260330e-02 4.545053932815790176e-03 1.115406863391399384e-02 4.404484294354915619e-03 2.327062422409653664e-03 1.146363001316785812e-02
6.413363665342330933e-02 5.308462306857109070e-02 1.663826871663331985e-03 9.307718835771083832e-03 1.271219830960035324e-02 8.285356163978576660e-01 6.996145099401473999e-02 2.925022877752780914e-02 4.857479594647884369e-03 3.757136175408959389e-03 4.940453544259071350e-02 2.941901050508022308e-02 3.967560827732086182e-02 3.025739081203937531e-02 2.203965745866298676e-02 7.100379443727433681e-04 9.115438908338546753e-03 8.604522445239126682e-04 1.042876858264207840e-02 1.027871109545230865e-02 1.799974590539932251e-02 3.255562856793403625e-02 6.533445324748754501e-03 8.127226494252681732e-03 1.574231125414371490e-02 2.136417478322982788e-02 1.126220542937517166e-02 1.036617625504732132e-02 1.526931487023830414e-02 3.873014822602272034e-03 5.428936332464218140e-03 3.827676642686128616e-03 7.877554744482040405e-03 1.193384453654289246e-02 2.245836704969406128e-02 2.301981858909130096e-02 2.425578981637954712e-02 2.475386299192905426e-02 1.206533517688512802e-03 1.083490625023841858e-02 2.479531988501548767e-02 3.543705446645617485e-03 1.498878281563520432e-02 1.574753969907760620e-02 5.629520397633314133e-03 9.357724920846521854e-04 7.016240060329437256e-02 4.267532378435134888e-02 2.012217976152896881e-02 4.274913109838962555e-03 1.009869202971458435e-02 1.383784320205450058e-02 4.409354180097579956e-03 5.679064895957708359e-03 3.390533616766333580e-03 1.074675936251878738e-02 3.025608311872929335e-04 2.326410636305809021e-02 1.179170515388250351e-02 7.589567452669143677e-03 1.606677286326885223e-02 1.383011601865291595e-02 9.518071310594677925e-04 3.496725810691714287e-03 1.266972627490758896e-02 2.338836155831813812e-02 3.771049203351140022e-03 2.103567495942115784e-02 1.686137355864048004e-02 1.762933284044265747e-02 5.421436391770839691e-03 2.351761795580387115e-02 1.297703385353088379e-02 2.037960663437843323e-02 8.742051199078559875e-03 1.886421069502830505e-02 4.070792347192764282e-03 6.217045243829488754e-03 1.503596268594264984e-02 8.043600246310234070e-03 2.112234942615032196e-02 2.542342618107795715e-02 2.077841199934482574e-03 1.356917433440685272e-02 7.301437202841043472e-03 1.963625103235244751e-02 3.183717280626296997e-02 3.335694968700408936e-02 1.576063688844442368e-03 2.806933131068944931e-03 4.144272580742835999e-02 2.065995149314403534e-02 2.267394214868545532e-02 1.514108944684267044e-02 1.285316655412316322e-03 1.009243819862604141e-02 2.421244280412793159e-03 3.456130623817443848e-03 4.428794607520103455e-03 5.710214376449584961e-03 1.964134164154529572e-03 6.529654841870069504e-03 1.341694965958595276e-03 1.859488431364297867e-03 1.838239282369613647e-02 4.019659012556076050e-03 2.908471040427684784e-03 1.117977034300565720e-02 1.107653882354497910e-02 2.223165519535541534e-02 4.056189500261098146e-04 8.553268387913703918e-03 2.360399998724460602e-02 1.528021693229675293e-02 6.500427611172199249e-03 3.160838782787322998e-02
2.912176959216594696e-02 3.138464689254760742e-02 3.420649096369743347e-03 1.256222184747457504e-02 8.488814346492290497e-03 6.996145099401473999e-02 8.285356163978576660e-01 2.309811301529407501e-02 1.440473017282783985e-03 1.376081164926290512e-02 3.527841344475746155e-02 1.858079060912132263e-02 2.946834079921245575e-02 3.552839159965515137e-02 1.506897993385791779e-02 1.675273757427930832e-03 5.426764488220214844e-03 3.681334201246500015e-04 8.995779789984226227e-03 1.776969060301780701e-02 2.691031619906425476e-02 2.639391832053661346e-02 1.342223258689045906e-03 1.431058160960674286e-02 2.672404609620571136e-02 3.802784159779548645e-02 1.453460287302732468e-02 2.297290135174989700e-03 1.655768230557441711e-02 1.146828290075063705e-02 1.608433760702610016e-02 2.282997360453009605e-03 1.054125279188156128e-02 1.847631111741065979e-02 3.254587575793266296e-02 1.286937762051820755e-02 2.387143857777118683e-02 8.502242155373096466e-03 8.722701109945774078e-03 1.470357365906238556e-02 2.438639663159847260e-02 7.035443093627691269e-03 1.433218177407979965e-02 3.054846264421939850e-02 1.451514009386301041e-02 6.293804384768009186e-03 6.119125336408615112e-02 4.998299106955528259e-02 1.724946498870849609e-02 1.093246508389711380e-02 1.426911260932683945e-02 1.675925776362419128e-02 2.491593919694423676e-02 1.479215640574693680e-02 5.714908707886934280e-03 9.650332853198051453e-03 4.412177484482526779e-03 2.519595064222812653e-02 1.169987395405769348e-02 1.389136444777250290e-02 1.880141906440258026e-02 1.996448636054992676e-02 8.664621971547603607e-03 1.470963750034570694e-02 6.271965103223919868e-04 1.618843898177146912e-02 3.863820340484380722e-03 2.377084828913211823e-02 1.586818136274814606e-02 1.352158933877944946e-02 9.758497588336467743e-03 2.629316225647926331e-02 2.145658805966377258e-02 8.805038407444953918e-03 1.416574511677026749e-02 1.835510879755020142e-02 1.866446062922477722e-02 1.294761197641491890e-03 1.459299959242343903e-02 1.536903996020555496e-02 1.917038857936859131e-02 1.661614328622817993e-02 3.958029672503471375e-03 2.331703901290893555e-02 7.254872471094131470e-03 1.501171849668025970e-02 2.244852669537067413e-02 2.175683528184890747e-02 2.729033003561198711e-04 2.336845966055989265e-03 3.174592182040214539e-02 1.807699725031852722e-02 8.646613918244838715e-03 1.175810862332582474e-02 9.688756428658962250e-03 2.953511429950594902e-03 1.469517243094742298e-03 5.643949843943119049e-03 6.423733662813901901e-03 6.601646076887845993e-03 3.389837453141808510e-03 2.669330919161438942e-03 7.645237725228071213e-03 1.462954469025135040e-02 1.042789197526872158e-03 1.046322379261255264e-02 2.415079623460769653e-03 3.034579940140247345e-02 1.050378754734992981e-02 3.272324800491333008e-02 1.436512731015682220e-02 5.694865249097347260e-04 1.264210417866706848e-02 8.569703437387943268e-03 3.552645910531282425e-03 5.164127796888351440e-02
1.690734364092350006e-02 1.137183792889118195e-02 6.403111666440963745e-02 2.147503942251205444e-02 3.504453599452972412e-02 2.925022877752780914e-02 2.309811301529407501e-02 8.285356163978576660e-01 1.196133252233266830e-02 2.778796711936593056e-03 2.428165078163146973e-02 1.451930217444896698e-02 1.932520978152751923e-02 1.120513305068016052e-02 4.021441191434860229e-02 2.152602188289165497e-03 6.358093582093715668e-03 9.113609790802001953e-03 9.638673625886440277e-03 1.378535106778144836e-02 1.503937412053346634e-02 2.985782921314239502e-02 8.156682364642620087e-03 2.084685023874044418e-03 1.813037134706974030e-02 1.335960067808628082e-02 2.092004381120204926e-02 7.860145531594753265e-03 8.798981085419654846e-03 7.798808626830577850e-03 4.451786633580923080e-03 8.335631340742111206e-03 1.047950424253940582e-02 1.465180143713951111e-02 5.044388119131326675e-03 3.662945702672004700e-02 3.236882761120796204e-02 3.389691933989524841e-02 9.827678091824054718e-03 2.056561876088380814e-03 4.374849423766136169e-02 1.262629497796297073e-02 1.552875712513923645e-02 4.212326183915138245e-02 1.579840853810310364e-02 2.366806752979755402e-02 2.648810669779777527e-02 2.424685098230838776e-02 1.785732456482946873e-03 2.067663706839084625e-02 9.217653423547744751e-03 1.739675551652908325e-02 1.403965335339307785e-02 2.292975410819053650e-02 1.167261693626642227e-02 2.464918419718742371e-02 5.316741298884153366e-03 4.258972592651844025e-03 2.597191557288169861e-02 2.799361944198608398e-02 7.207690738141536713e-03 8.332591387443244457e-04 5.709216202376410365e-05 2.647594781592488289e-03 2.999873645603656769e-02 1.368209626525640488e-02 6.228321231901645660e-03 1.291736401617527008e-02 7.803104817867279053e-03 7.090162951499223709e-03 1.887244405224919319e-03 1.013768836855888367e-02 6.916864775121212006e-03 1.337304059416055679e-02 4.986457526683807373e-03 7.066457998007535934e-03 3.004428464919328690e-03 8.411516435444355011e-03 9.675533510744571686e-03 2.234810218214988708e-02 6.541962921619415283e-02 5.723139643669128418e-02 1.604793709702789783e-03 1.217786036431789398e-02 1.830331166274845600e-03 1.124372053891420364e-02 5.749479681253433228e-02 4.663965851068496704e-02 2.691635629162192345e-03 6.975106429308652878e-03 3.094029426574707031e-02 1.871079765260219574e-02 2.696410054340958595e-03 1.480826549232006073e-02 2.824020758271217346e-02 1.052810531109571457e-02 3.856054274365305901e-03 2.247167192399501801e-02 7.257660850882530212e-03 5.438867956399917603e-03 2.852605422958731651e-03 5.942083895206451416e-03 8.143096230924129486e-03 3.030273318290710449e-02 2.132356353104114532e-02 1.491303555667400360e-02 1.311384420841932297e-02 4.568341653794050217e-03 1.107261981815099716e-02 2.158019691705703735e-03 2.884887717664241791e-02 3.030659444630146027e-02 1.250596996396780014e-02 1.176672149449586868e-02 2.438350580632686615e-02 2.323715452803298831e-04
1.052215957315638661e-04 1.222844352014362812e-03 1.293697860091924667e-02 6.280884146690368652e-03 8.771069347858428955e-03 4.857479594647884369e-03 1.440473017282783985e-03 1.196133252233266830e-02 8.285356163978576660e-01 4.014492407441139221e-02 1.038858387619256973e-02 3.348488360643386841e-02 7.629448082298040390e-04 1.108819246292114258e-02 4.420010372996330261e-03 1.427631359547376633e-03 7.119798567146062851e-03 7.370201498270034790e-02 2.379411086440086365e-02 2.986951731145381927e-03 6.017911713570356369e-03 8.949541370384395123e-04 1.458588242530822754e-02 4.655457101762294769e-03 6.247321725822985172e-04 3.426652168855071068e-03 3.598272800445556641e-02 9.069325402379035950e-03 1.381063833832740784e-03 2.353494800627231598e-02 5.763379856944084167e-03 1.336178183555603027e-02 8.968462236225605011e-03 1.751560717821121216e-02 2.272766083478927612e-02 1.788326166570186615e-02 1.816823496483266354e-03 8.227893151342868805e-03 1.649952493607997894e-02 1.875475235283374786e-02 9.158578701317310333e-03 3.975385800004005432e-02 1.117793610319495201e-03 2.204906195402145386e-02 1.898293383419513702e-02 1.044217031449079514e-02 2.291760593652725220e-02 1.129039935767650604e-02 5.805454775691032410e-02 2.628732286393642426e-02 7.037828210741281509e-03 6.772531662136316299e-03 4.055737517774105072e-03 2.208472602069377899e-02 4.205521568655967712e-02 2.423370443284511566e-02 1.271221414208412170e-02 8.476495742797851562e-03 7.711797486990690231e-03 1.466092094779014587e-02 1.351171173155307770e-02 1.339987292885780334e-02 2.526372298598289490e-02 3.325666487216949463e-02 2.596658421680331230e-03 2.183078788220882416e-03 2.963647013530135155e-03 5.353822372853755951e-03 1.143107749521732330e-02 2.112832153216004372e-03 2.325881505385041237e-03 4.270069673657417297e-02 2.280229702591896057e-02 6.060882937163114548e-03 2.879930660128593445e-02 3.991312533617019653e-02 6.932394951581954956e-02 2.790407650172710419e-02 5.817933753132820129e-02 2.087346836924552917e-02 1.176021900027990341e-02 2.636240329593420029e-03 4.205245152115821838e-02 1.557837706059217453e-02 2.806327771395444870e-03 2.648235997185111046e-03 3.414951497688889503e-03 1.930233207531273365e-03 2.773175761103630066e-02 1.095980685204267502e-02 2.898313105106353760e-02 1.723433728329837322e-03 1.082444377243518829e-02 3.892174223437905312e-03 3.208546712994575500e-02 5.562691949307918549e-03 3.092217259109020233e-03 4.343548417091369629e-02 1.191590912640094757e-02 9.418976493179798126e-03 1.076079532504081726e-02 8.479152806103229523e-03 1.879927818663418293e-03 1.093362271785736084e-02 3.541002981364727020e-03 2.574002183973789215e-02 5.965660326182842255e-03 1.256222650408744812e-02 4.891633871011435986e-04 3.721042070537805557e-03 8.284978568553924561e-03 1.643533445894718170e-02 2.814144594594836235e-03 3.733815392479300499e-03 3.902179654687643051e-03 3.327538259327411652e-03
2.167271450161933899e-03 2.824940951541066170e-03 5.162099259905517101e-04 2.282518148422241211e-02 5.640849471092224121e-03 3.757136175408959389e-03 1.376081164926290512e-02 2.778796711936593056e-03 4.014492407441139221e-02 8.285356163978576660e-01 1.163471769541501999e-02 7.511331699788570404e-03 7.361847383435815573e-05 6.399139761924743652e-03 1.927961129695177078e-03 1.656747981905937195e-02 7.374298875220119953e-04 2.785055153071880341e-02 4.431639984250068665e-02 1.320609264075756073e-02 1.586147211492061615e-02 1.831169356591999531e-03 1.325379312038421631e-02 9.671838022768497467e-03 7.135294377803802490e-03 7.643592543900012970e-03 1.950989104807376862e-02 3.281584009528160095e-02 4.712176509201526642e-03 2.603781595826148987e-02 1.485835295170545578e-03 1.128865592181682587e-02 4.601569473743438721e-02 3.655685856938362122e-02 1.878784224390983582e-02 1.294175349175930023e-02 1.822804845869541168e-02 1.143405493348836899e-02 2.036160789430141449e-03 7.320866920053958893e-03 3.777304664254188538e-03 8.557764813303947449e-03 1.722593791782855988e-02 1.674258336424827576e-02 6.085031200200319290e-03 3.317521139979362488e-02 9.578863158822059631e-03 1.336090080440044403e-02 1.006095763295888901e-02 4.940325766801834106e-02 1.977801788598299026e-03 4.490790888667106628e-03 3.451071679592132568e-02 3.105745278298854828e-02 2.109855972230434418e-02 3.447685390710830688e-02 3.739746287465095520e-02 1.986506022512912750e-02 2.667601592838764191e-02 2.064407616853713989e-02 3.320939466357231140e-02 8.484028279781341553e-03 3.951926156878471375e-02 3.526107594370841980e-02 1.497764699161052704e-02 5.877413321286439896e-03 6.789353210479021072e-03 1.015630364418029785e-02 1.530312094837427139e-02 4.012402147054672241e-02 5.192517419345676899e-04 1.107989158481359482e-02 3.779369592666625977e-02 4.077275842428207397e-02 3.440000861883163452e-02 1.896481961011886597e-03 4.043740220367908478e-03 6.431413441896438599e-02 2.448314614593982697e-02 5.451755225658416748e-02 1.087211770936846733e-03 8.185041137039661407e-03 2.655351348221302032e-02 4.802881181240081787e-02 1.425965572707355022e-03 2.163962274789810181e-02 1.957496395334601402e-03 4.880286753177642822e-03 1.882617734372615814e-02 2.394345961511135101e-02 9.474505670368671417e-03 1.361469365656375885e-02 8.063379675149917603e-03 5.502482876181602478e-03 6.145633757114410400e-03 1.592606678605079651e-02 3.276370838284492493e-02 1.747003942728042603e-02 3.510025795549154282e-03 1.974321901798248291e-02 7.126021198928356171e-03 1.079751644283533096e-02 2.819596603512763977e-02 2.662818413227796555e-03 2.584475837647914886e-02 1.915411278605461121e-02 3.012972883880138397e-03 2.963135764002799988e-02 6.700001657009124756e-03 7.187058217823505402e-03 3.602299839258193970e-02 2.216923516243696213e-03 9.094876004382967949e-04 6.213583052158355713e-03 1.666166819632053375e-02 3.210010472685098648e-03
6.252455711364746094e-02 5.766998231410980225e-02 1.964275725185871124e-03 4.006610717624425888e-03 1.122544636018574238e-03 4.940453544259071350e-02 3.527841344475746155e-02 2.428165078163146973e-02 1.038858387619256973e-02 1.163471769541501999e-02 8.285356163978576660e-01 4.003785084933042526e-03 5.320764705538749695e-02 1.539356773719191551e-03 3.568764775991439819e-02 7.366677280515432358e-03 8.523678407073020935e-03 1.642396673560142517e-02 5.861103069037199020e-03 2.315788902342319489e-02 3.027031198143959045e-02 3.996801748871803284e-02 2.481061732396483421e-03 4.260949324816465378e-03 3.032418340444564819e-02 2.811334282159805298e-02 2.004608511924743652e-02 1.974396966397762299e-02 3.020212985575199127e-02 2.132684737443923950e-02 1.903958059847354889e-02 1.291506737470626831e-02 7.897432893514633179e-03 2.167291752994060516e-02 3.293725894764065742e-03 1.475930586457252502e-02 2.378653734922409058e-02 2.885094471275806427e-02 1.110186707228422165e-02 1.444687601178884506e-02 2.462771348655223846e-02 9.551198221743106842e-03 2.505639009177684784e-02 4.996316041797399521e-03 8.589158765971660614e-03 1.743845455348491669e-02 4.431054368615150452e-02 4.119446873664855957e-02 5.838178563863039017e-03 9.501680731773376465e-03 2.730835415422916412e-02 2.256114408373832703e-02 2.312878612428903580e-03 9.891601279377937317e-03 1.471681427210569382e-02 5.986994947306811810e-04 9.201783686876296997e-03 1.171755138784646988e-03 1.392535679042339325e-02 2.179179526865482330e-02 1.721731945872306824e-02 1.318278815597295761e-02 4.472583066672086716e-03 1.017166301608085632e-02 3.541196510195732117e-02 3.907122462987899780e-02 2.078457735478878021e-02 3.105117008090019226e-02 1.864311285316944122e-02 7.008282467722892761e-03 1.801672950387001038e-02 4.066478461027145386e-03 9.746408089995384216e-03 6.630636562476865947e-06 1.408627349883317947e-02 9.352968074381351471e-03 8.338297484442591667e-04 4.511383362114429474e-03 1.380649954080581665e-02 2.144402265548706055e-02 1.552689261734485626e-02 2.502958662807941437e-02 2.111569233238697052e-02 5.402675829827785492e-03 1.581043004989624023e-02 2.313869632780551910e-02 3.900353610515594482e-02 4.217995703220367432e-02 1.344541553407907486e-02 1.674532704055309296e-02 3.088766708970069885e-02 3.722258284687995911e-02 2.451055496931076050e-02 2.925256639719009399e-02 5.787421949207782745e-03 1.217178348451852798e-02 1.664368994534015656e-02 6.557065993547439575e-03 1.863194070756435394e-02 1.959111914038658142e-02 1.039520930498838425e-02 1.292246673256158829e-02 1.620189286768436432e-02 1.549982279539108276e-02 1.798310317099094391e-02 9.094202890992164612e-03 9.955802001059055328e-03 1.027411408722400665e-02 1.537660323083400726e-02 4.898816812783479691e-03 1.117528602480888367e-02 4.328163631726056337e-04 2.473671734333038330e-02 2.483649179339408875e-02 4.220050759613513947e-03 1.119235251098871231e-02
4.557110369205474854e-03 9.803977794945240021e-03 4.911253228783607483e-03 1.978221721947193146e-02 1.081353146582841873e-02 2.941901050508022308e-02 1.858079060912132263e-02 1.451930217444896698e-02 3.348488360643386841e-02 7.511331699788570404e-03 4.003785084933042526e-03 8.285356163978576660e-01 1.152776740491390228e-02 6.094891205430030823e-02 5.319851916283369064e-03 2.026999555528163910e-02 8.282208815217018127e-03 1.837826916016638279e-03 2.677608281373977661e-02 1.065356936305761337e-02 1.295316265895962715e-03 4.917277488857507706e-03 2.636736445128917694e-02 1.434231549501419067e-02 4.282001871615648270e-03 2.064148709177970886e-02 8.738035336136817932e-03 3.783958777785301208e-02 1.167543325573205948e-02 2.736715227365493774e-02 1.800161972641944885e-02 5.802147556096315384e-03 1.762249693274497986e-02 5.695887375622987747e-03 3.311261907219886780e-02 1.867488399147987366e-02 3.472353098914027214e-03 3.915113862603902817e-03 1.076312735676765442e-02 1.389779336750507355e-02 2.177855558693408966e-02 2.032472839346155524e-04 3.734774887561798096e-03 3.136883676052093506e-02 1.278528943657875061e-02 3.056698292493820190e-02 2.452513016760349274e-02 4.941106308251619339e-03 7.076435722410678864e-03 4.829657264053821564e-03 2.910138573497533798e-03 4.383615218102931976e-03 1.622348092496395111e-02 1.103706192225217819e-02 2.498279884457588196e-02 4.222069401293992996e-03 3.824337944388389587e-02 2.846460416913032532e-02 1.690468937158584595e-02 6.940929684787988663e-03 1.810903474688529968e-02 6.757164839655160904e-03 1.700953952968120575e-02 2.710077352821826935e-02 1.189130358397960663e-02 4.470734391361474991e-03 1.377832610160112381e-02 1.260329596698284149e-02 2.189679816365242004e-02 3.022019937634468079e-02 2.750912494957447052e-02 2.371767768636345863e-03 1.982191018760204315e-02 2.083615213632583618e-02 1.815933734178543091e-02 1.659778133034706116e-02 3.693630546331405640e-02 1.890701800584793091e-02 1.393163297325372696e-02 2.259571850299835205e-02 2.015446685254573822e-02 5.380798131227493286e-03 1.133927516639232635e-02 1.098812837153673172e-02 1.650609634816646576e-02 2.644299902021884918e-02 1.386223454028367996e-02 2.441727556288242340e-03 4.348556697368621826e-02 2.642847411334514618e-02 1.711216568946838379e-02 1.409759465605020523e-02 8.397736586630344391e-03 1.357396971434354782e-02 8.600281435064971447e-04 1.427871268242597580e-02 2.342836745083332062e-02 1.781049766577780247e-03 6.590390577912330627e-03 5.266023334115743637e-03 4.551917314529418945e-03 4.887070041149854660e-03 2.523009479045867920e-02 9.069190360605716705e-03 1.767605356872081757e-02 4.420894198119640350e-03 2.673165407031774521e-03 1.432210206985473633e-02 1.091594574972987175e-03 1.680111698806285858e-02 9.152828133665025234e-04 2.239743247628211975e-02 5.552175920456647873e-03 1.649910397827625275e-02 2.658115141093730927e-02 2.995528094470500946e-02
5.362209305167198181e-02 5.786309018731117249e-02 3.458595892880111933e-04 1.106796879321336746e-02 1.710593583993613720e-03 3.967560827732086182e-02 2.946834079921245575e-02 1.932520978152751923e-02 7.629448082298040390e-04 7.361847383435815573e-05 5.320764705538749695e-02 1.152776740491390228e-02 8.285356163978576660e-01 1.188641507178544998e-02 3.682246059179306030e-02 4.274364095181226730e-03 8.173777721822261810e-03 9.573672898113727570e-03 2.114779548719525337e-03 2.317724190652370453e-02 2.835027128458023071e-02 4.043004289269447327e-02 5.472200457006692886e-03 3.427178133279085159e-03 2.684538811445236206e-02 1.755124516785144806e-02 1.529569737613201141e-02 1.914173550903797150e-02 3.564459085464477539e-02 2.092560194432735443e-02 3.235683217644691467e-02 2.125164307653903961e-02 6.690281908959150314e-03 2.273880690336227417e-02 4.423535894602537155e-03 1.971430703997612000e-02 2.415242791175842285e-02 2.015222795307636261e-02 1.368443481624126434e-02 1.252525672316551208e-02 4.893780220299959183e-03 1.318354345858097076e-02 2.517241053283214569e-02 4.484917968511581421e-03 1.571789011359214783e-02 1.257185731083154678e-02 3.638272359967231750e-02 4.053919017314910889e-02 3.948003053665161133e-03 1.814256072975695133e-03 2.426165714859962463e-02 2.269812487065792084e-02 4.499612841755151749e-03 5.857989192008972168e-03 1.209023781120777130e-02 8.001934736967086792e-03 1.472867187112569809e-02 1.271753385663032532e-02 1.339300628751516342e-02 1.784584857523441315e-02 1.572028547525405884e-02 1.915481500327587128e-02 8.944762870669364929e-03 1.549810077995061874e-02 3.077564574778079987e-02 4.611499607563018799e-02 2.752478606998920441e-02 3.426626324653625488e-02 1.856387779116630554e-02 2.294958103448152542e-03 2.160535752773284912e-02 1.264295540750026703e-02 5.570462904870510101e-03 1.122473739087581635e-02 9.541503153741359711e-03 1.930105313658714294e-02 4.357493016868829727e-03 1.270405948162078857e-02 1.385091245174407959e-02 8.217886090278625488e-03 7.160268258303403854e-03 1.452593225985765457e-02 2.006777375936508179e-02 8.250597864389419556e-03 2.323863841593265533e-02 2.373137325048446655e-02 2.706445008516311646e-02 4.095714539289474487e-02 2.274335548281669617e-02 3.410622477531433105e-02 2.697253786027431488e-02 3.284129500389099121e-02 3.133645281195640564e-02 3.606368601322174072e-02 1.046381518244743347e-02 1.206838618963956833e-02 1.294353604316711426e-02 5.066554527729749680e-03 2.079396881163120270e-02 2.217054553329944611e-02 1.706082001328468323e-02 1.508624386042356491e-02 1.255526579916477203e-02 1.161000039428472519e-02 1.933945529162883759e-02 1.647217199206352234e-02 1.844384893774986267e-02 5.097569432109594345e-03 1.953960955142974854e-02 4.509360995143651962e-03 7.151270285248756409e-03 1.879202015697956085e-02 3.194177150726318359e-02 2.850169502198696136e-02 8.314773440361022949e-03 3.252700902521610260e-03
