8.780661821365356445e-01 3.886092454195022583e-02 1.036136317998170853e-02 1.243743859231472015e-02 1.090278569608926773e-02 3.717035800218582153e-02 3.609164059162139893e-02 1.889353804290294647e-02 1.688362564891576767e-03 7.698747329413890839e-03 3.713163733482360840e-02 1.735632121562957764e-02 3.091863356530666351e-02 1.642888784408569336e-02 3.186666220426559448e-02 1.689781621098518372e-02 1.487420406192541122e-02 7.232935633510351181e-03 5.043581477366387844e-04 1.814601756632328033e-02 2.291542664170265198e-02 1.991090364754199982e-02 1.161656435579061508e-02 9.153102524578571320e-03 2.400027774274349213e-02 2.036596089601516724e-02 4.151929635554552078e-03 1.800617575645446777e-02 2.256016246974468231e-02 1.479579880833625793e-02 2.954687178134918213e-02 1.964898221194744110e-02 2.141209319233894348e-02 2.225355058908462524e-02 1.483289804309606552e-02 2.014968916773796082e-02 2.470440976321697235e-02 2.160405181348323822e-02 1.759037561714649200e-02 1.713152974843978882e-02 1.418286468833684921e-02 3.990786150097846985e-03 1.275771297514438629e-02 1.883959979750216007e-03 3.503129817545413971e-03 1.254651322960853577e-02 3.212114796042442322e-02 2.831869572401046753e-02 6.692582275718450546e-03 1.134149264544248581e-02 2.322101593017578125e-02 1.847501471638679504e-02 1.992066763341426849e-02 2.091794461011886597e-02 1.452176366001367569e-02 1.480776350945234299e-02 1.642112247645854950e-02 1.705950126051902771e-02 1.438351720571517944e-02 1.731421798467636108e-02 2.071237936615943909e-02 1.671631447970867157e-02 1.649985462427139282e-02 7.269493304193019867e-03 1.853019744157791138e-02 2.182166092097759247e-02 1.693775318562984467e-02 2.471925318241119385e-02 1.572947204113006592e-02 1.633867248892784119e-02 1.461901795119047165e-02 1.781153492629528046e-02 1.811314560472965240e-02 8.979963138699531555e-03 1.503178011626005173e-02 1.388102490454912186e-02 1.284165214747190475e-02 1.045408006757497787e-02 8.477526716887950897e-03 4.229943268001079559e-03 1.550121605396270752e-02 1.832713373005390167e-02 4.570191260427236557e-03 5.684284493327140808e-03 1.140376459807157516e-02 9.934089146554470062e-03 2.867746539413928986e-02 2.640206925570964813e-02 7.447632029652595520e-03 7.341585587710142136e-03 2.916182205080986023e-02 2.570120804011821747e-02 3.010873496532440186e-02 2.196321077644824982e-02 1.741047203540802002e-02 1.044447813183069229e-02 8.514476008713245392e-03 1.263345126062631607e-02 8.551174774765968323e-03 1.311611197888851166e-02 2.090451307594776154e-02 2.197586558759212494e-02 1.474170200526714325e-02 1.078967098146677017e-02 2.067688107490539551e-02 1.954019442200660706e-02 8.327570743858814240e-03 1.288004405796527863e-02 2.191996574401855469e-02 1.879269070923328400e-02 8.371870964765548706e-03 7.827675901353359222e-03 9.540257975459098816e-03 1.140604261308908463e-02 5.794517230242490768e-03 8.024433627724647522e-03
3.886092454195022583e-02 8.780661821365356445e-01 4.509987309575080872e-03 1.661267504096031189e-02 1.102033164352178574e-02 3.247816115617752075e-02 3.763703256845474243e-02 2.239982225000858307e-02 9.718328714370727539e-03 1.047994103282690048e-02 3.501691669225692749e-02 1.743317022919654846e-02 3.405801951885223389e-02 1.863738149404525757e-02 3.042848221957683563e-02 1.861258782446384430e-02 1.454506907612085342e-02 9.003714658319950104e-03 3.888325532898306847e-03 1.765871979296207428e-02 2.735521271824836731e-02 1.892234385013580322e-02 1.642284356057643890e-02 1.461666822433471680e-02 2.576536498963832855e-02 2.715418674051761627e-02 5.699704866856336594e-03 1.382485497742891312e-02 1.990938931703567505e-02 1.253267284482717514e-02 3.452757745981216431e-02 2.384667098522186279e-02 2.573971822857856750e-02 2.481622435152530670e-02 2.149030566215515137e-02 2.076178044080734253e-02 2.309875749051570892e-02 1.574661023914813995e-02 1.128565613180398941e-02 1.134543120861053467e-02 1.355357468128204346e-02 7.095066830515861511e-03 1.767730899155139923e-02 8.690312504768371582e-03 4.343753680586814880e-03 1.484278589487075806e-02 3.108618408441543579e-02 3.199271112680435181e-02 1.487810537219047546e-02 1.767522096633911133e-02 2.433595620095729828e-02 2.082150056958198547e-02 2.034027688205242157e-02 2.217453718185424805e-02 1.742310822010040283e-02 1.936554163694381714e-02 2.196135558187961578e-02 2.137351408600807190e-02 1.614080928266048431e-02 1.944817416369915009e-02 2.171813510358333588e-02 1.884570531547069550e-02 1.941697485744953156e-02 1.432776823639869690e-02 1.984338648617267609e-02 2.529995702207088470e-02 1.712745800614356995e-02 2.436216175556182861e-02 2.046446502208709717e-02 1.618244126439094543e-02 1.713200472295284271e-02 1.925568841397762299e-02 1.837527751922607422e-02 7.544319145381450653e-03 1.451960578560829163e-02 1.423775311559438705e-02 1.643102802336215973e-02 1.185390911996364594e-02 5.217534489929676056e-03 1.931680832058191299e-03 1.614838279783725739e-02 1.921551488339900970e-02 8.273292332887649536e-03 4.502390045672655106e-03 1.408273354172706604e-02 1.453843712806701660e-02 2.927743270993232727e-02 2.403656207025051117e-02 1.219136733561754227e-02 1.132266037166118622e-02 2.998065389692783356e-02 2.321299910545349121e-02 3.302260860800743103e-02 2.268010377883911133e-02 1.693961583077907562e-02 1.222926937043666840e-02 1.141588017344474792e-02 1.442449446767568588e-02 1.453826203942298889e-02 1.814239285886287689e-02 2.497341856360435486e-02 2.506043761968612671e-02 1.787304319441318512e-02 1.046870928257703781e-02 1.866260170936584473e-02 2.215254306793212891e-02 1.126576773822307587e-02 1.398795284330844879e-02 2.311076037585735321e-02 2.004162780940532684e-02 1.238822378218173981e-02 9.205613285303115845e-03 9.128023870289325714e-03 1.118483301252126694e-02 3.618862014263868332e-03 8.295546285808086395e-03
1.036136317998170853e-02 4.509987309575080872e-03 8.780661821365356445e-01 3.912823740392923355e-03 8.466217666864395142e-03 1.236222032457590103e-02 6.847518496215343475e-03 6.491771340370178223e-02 1.174642425030469894e-02 8.630332536995410919e-03 5.826928652822971344e-03 4.687042906880378723e-03 4.372652620077133179e-03 3.384633222594857216e-03 9.634712710976600647e-03 6.013715639710426331e-03 9.875735267996788025e-03 7.298960816115140915e-03 2.485792792867869139e-04 9.316005744040012360e-03 7.823151536285877228e-03 4.436386749148368835e-03 6.524223368614912033e-03 3.131528384983539581e-03 4.312113393098115921e-03 4.886722192168235779e-03 1.087157987058162689e-02 3.238022327423095703e-02 1.878422568552196026e-03 2.535418234765529633e-02 3.195787081494927406e-03 1.783822104334831238e-02 9.696178138256072998e-03 1.339930947870016098e-02 9.197084233164787292e-03 1.119140908122062683e-02 7.379826158285140991e-03 1.995146460831165314e-02 7.907990948297083378e-04 7.689410820603370667e-03 3.704809816554188728e-03 2.487116493284702301e-03 1.529105100780725479e-02 7.948522455990314484e-03 8.011263562366366386e-04 1.048383675515651703e-02 2.355801174417138100e-03 2.163165714591741562e-03 5.469903815537691116e-03 1.790254563093185425e-02 1.067156437784433365e-02 9.788990020751953125e-03 1.441070903092622757e-02 8.134738542139530182e-03 3.272093134000897408e-03 4.229268059134483337e-03 1.250124350190162659e-02 5.079220049083232880e-03 7.859657518565654755e-03 6.401328835636377335e-03 4.062872845679521561e-03 1.433874829672276974e-03 1.872409880161285400e-02 1.000244542956352234e-02 2.750956220552325249e-03 7.684241514652967453e-03 1.146741770207881927e-02 7.795155048370361328e-03 8.549923077225685120e-03 1.046823430806398392e-02 4.684985149651765823e-03 4.518698900938034058e-03 1.289019640535116196e-02 8.909374475479125977e-03 1.417130883783102036e-02 1.228378433734178543e-02 4.537062719464302063e-03 3.728919429704546928e-03 1.248603127896785736e-02 1.438130158931016922e-02 6.237925216555595398e-02 5.739195272326469421e-02 4.388248082250356674e-03 5.459149833768606186e-03 1.342854183167219162e-02 1.519587077200412750e-02 9.815144352614879608e-03 2.703915815800428391e-03 1.530465111136436462e-02 3.230245318263769150e-03 1.072901394218206406e-02 2.860772947315126657e-04 1.957782777026295662e-03 1.253754552453756332e-02 1.399913989007472992e-02 1.978015713393688202e-02 1.454762089997529984e-02 3.462901804596185684e-03 2.224888838827610016e-02 2.640999481081962585e-02 1.349951233714818954e-02 1.585813611745834351e-02 1.374154258519411087e-02 2.071222476661205292e-02 1.744830049574375153e-02 3.692268161103129387e-03 3.542391583323478699e-02 8.480265736579895020e-03 1.587279886007308960e-02 9.170536883175373077e-03 9.541845647618174553e-04 2.741815987974405289e-03 3.314757021144032478e-03 6.282615941017866135e-03 7.133030332624912262e-03 1.076152827590703964e-02
1.243743859231472015e-02 1.661267504096031189e-02 3.912823740392923355e-03 8.780661821365356445e-01 3.746394440531730652e-02 1.319244317710399628e-02 1.148774567991495132e-02 8.920554071664810181e-03 1.186808943748474121e-02 8.755751885473728180e-03 1.244411058723926544e-02 1.900633238255977631e-02 1.631308719515800476e-02 1.886113733053207397e-02 1.363867986947298050e-02 1.807956211268901825e-02 2.228014357388019562e-02 2.214970625936985016e-02 1.446641329675912857e-02 1.292662508785724640e-02 9.331122972071170807e-03 1.003857236355543137e-02 1.549276150763034821e-02 1.383366435766220093e-02 1.646518893539905548e-02 1.657568849623203278e-02 1.166062429547309875e-02 1.409830339252948761e-02 1.964173652231693268e-02 1.534773409366607666e-02 1.613856852054595947e-02 1.404689531773328781e-02 2.842039428651332855e-02 1.001154351979494095e-02 2.116660028696060181e-02 2.030113711953163147e-02 1.590447127819061279e-02 9.867411572486162186e-04 3.811026364564895630e-02 3.567380458116531372e-02 7.429947610944509506e-03 2.128528058528900146e-02 5.017783492803573608e-03 3.316061338409781456e-03 1.273056678473949432e-02 1.646537147462368011e-02 8.257136680185794830e-03 1.555370166897773743e-02 1.222490426152944565e-02 8.244167082011699677e-03 1.692375540733337402e-02 1.467580720782279968e-02 2.614838629961013794e-02 2.388923987746238708e-02 1.515763252973556519e-02 2.127679251134395599e-02 2.568261511623859406e-02 2.273590117692947388e-02 2.502323873341083527e-02 2.672861330211162567e-02 2.457256056368350983e-02 2.504444308578968048e-02 2.268735505640506744e-02 2.311984077095985413e-02 2.411473356187343597e-02 2.530463784933090210e-02 7.794199977070093155e-03 5.366945639252662659e-03 2.722702920436859131e-02 1.471690461039543152e-02 2.219186909496784210e-02 2.028514631092548370e-02 3.465562313795089722e-02 1.332703977823257446e-02 3.179315850138664246e-02 1.855734735727310181e-02 2.464228682219982147e-02 1.877959631383419037e-02 1.881490345112979412e-03 1.010611373931169510e-02 1.251172181218862534e-02 1.399603486061096191e-02 2.245749719440937042e-02 1.526496093720197678e-02 3.730023279786109924e-03 8.218222297728061676e-03 1.411573216319084167e-02 2.437290735542774200e-02 1.687335222959518433e-02 2.098712697625160217e-02 1.626839302480220795e-02 1.323102694004774094e-02 1.754010654985904694e-02 1.917923800647258759e-02 2.223068661987781525e-02 1.921302638947963715e-02 6.026024930179119110e-03 1.692728884518146515e-02 1.456845179200172424e-02 8.138400502502918243e-03 1.854543574154376984e-02 1.462061423808336258e-02 1.931408978998661041e-02 1.677043735980987549e-02 3.208170086145401001e-02 3.069181554019451141e-02 5.656261928379535675e-03 2.077968418598175049e-02 1.703673228621482849e-02 1.954098045825958252e-02 9.409646503627300262e-03 1.514664944261312485e-02 3.861259901896119118e-03 2.214873908087611198e-03 1.901441626250743866e-02 2.721405401825904846e-02
1.090278569608926773e-02 1.102033164352178574e-02 8.466217666864395142e-03 3.746394440531730652e-02 8.780661821365356445e-01 1.061699073761701584e-02 1.294235419481992722e-02 1.249400712549686432e-02 1.529850158840417862e-02 1.672660931944847107e-02 3.673258004710078239e-03 1.285779848694801331e-02 6.477895658463239670e-03 1.540526282042264938e-02 9.708529338240623474e-03 2.995498292148113251e-02 3.924708813428878784e-02 3.670930396765470505e-03 1.948908087797462940e-03 9.664122946560382843e-03 1.026817690581083298e-02 8.704527281224727631e-03 1.922099292278289795e-02 2.181661128997802734e-02 1.118846144527196884e-02 1.137054339051246643e-02 5.873778834939002991e-03 7.989550009369850159e-03 5.616052541881799698e-03 1.525303069502115250e-02 5.170266143977642059e-03 1.779400743544101715e-02 2.626189030706882477e-02 1.413297187536954880e-02 1.445627678185701370e-02 1.632892712950706482e-02 1.680677197873592377e-02 8.252660743892192841e-03 5.579716339707374573e-02 5.953809991478919983e-02 1.655473723076283932e-03 1.320229098200798035e-02 5.638782400637865067e-03 3.838697681203484535e-03 4.387753084301948547e-03 1.137214805930852890e-02 3.558679483830928802e-03 1.054706145077943802e-02 1.575661264359951019e-02 1.987658627331256866e-02 1.503322739154100418e-02 1.062487624585628510e-02 1.005897577852010727e-02 9.962772950530052185e-03 1.978672482073307037e-02 1.636446826159954071e-02 5.978955887258052826e-03 7.757138460874557495e-03 1.695224829018115997e-02 1.918964460492134094e-02 2.660152316093444824e-02 3.196341544389724731e-02 1.518069021403789520e-02 7.686134427785873413e-03 8.952793665230274200e-03 1.194486487656831741e-02 6.049553863704204559e-03 2.158412709832191467e-03 2.452918328344821930e-02 7.959781214594841003e-03 3.038835711777210236e-02 5.221931263804435730e-03 2.990326844155788422e-02 8.167576044797897339e-03 4.131444543600082397e-02 1.205746899358928204e-03 1.349170785397291183e-02 1.768111810088157654e-02 5.895012989640235901e-03 3.713587298989295959e-03 7.809964008629322052e-03 1.241990271955728531e-02 3.271704912185668945e-02 2.032171003520488739e-02 3.608392435126006603e-04 1.455258170608431101e-04 6.404728628695011139e-03 1.507071126252412796e-02 2.873568795621395111e-03 1.095535419881343842e-02 1.125262933783233166e-03 6.703309249132871628e-03 1.283416245132684708e-02 1.075986865907907486e-02 2.949126623570919037e-02 2.915338054299354553e-02 1.129185408353805542e-02 6.700892001390457153e-03 1.414103992283344269e-02 9.600172750651836395e-03 1.528353802859783173e-02 5.982975009828805923e-03 1.351370103657245636e-02 1.304487697780132294e-02 2.240031771361827850e-02 1.794469915330410004e-02 2.416310645639896393e-02 5.892397370189428329e-03 1.475527975708246231e-02 6.344834342598915100e-03 4.114603623747825623e-03 1.115910522639751434e-02 7.641745731234550476e-03 9.977613575756549835e-03 9.147671982645988464e-03 1.545750349760055542e-02
3.717035800218582153e-02 3.247816115617752075e-02 1.236222032457590103e-02 1.319244317710399628e-02 1.061699073761701584e-02 8.780661821365356445e-01 4.463040083646774292e-02 6.787486840039491653e-03 1.014117524027824402e-02 1.235763821750879288e-02 3.002100065350532532e-02 2.160209976136684418e-02 2.638154290616512299e-02 2.099329791963100433e-02 1.991811022162437439e-02 2.490684762597084045e-02 2.133662253618240356e-02 1.762430765666067600e-03 1.808671164326369762e-03 1.524143107235431671e-02 1.749897934496402740e-02 7.877901196479797363e-03 1.868149638175964355e-02 1.889182440936565399e-02 2.325448952615261078e-02 2.289049327373504639e-02 1.038675080053508282e-03 2.194619178771972656e-02 2.658584900200366974e-02 2.502318844199180603e-02 3.161425888538360596e-02 1.835701242089271545e-02 1.791759207844734192e-02 2.021858282387256622e-02 1.655791699886322021e-02 1.739010773599147797e-02 2.121912315487861633e-02 6.719640921801328659e-03 1.272898819297552109e-02 1.330686919391155243e-02 9.900531731545925140e-03 6.535182241350412369e-03 6.176705472171306610e-03 2.624728716909885406e-03 8.749000262469053268e-04 1.279642432928085327e-02 3.922487422823905945e-02 3.343487158417701721e-02 2.909498056396842003e-03 9.134566411375999451e-03 1.585006713867187500e-02 1.770610548555850983e-02 2.006410807371139526e-02 2.131026424467563629e-02 6.687026005238294601e-03 1.279635354876518250e-02 1.952476054430007935e-02 2.015207707881927490e-02 1.386043336242437363e-02 1.646314561367034912e-02 1.485236175358295441e-02 1.166762597858905792e-02 1.911702938377857208e-02 1.397865079343318939e-02 1.817710325121879578e-02 2.044815197587013245e-02 1.584940217435359955e-02 1.751817762851715088e-02 1.849393360316753387e-02 1.855647936463356018e-02 1.969441398978233337e-02 1.922514662146568298e-02 2.028488367795944214e-02 5.347450263798236847e-03 1.385684497654438019e-02 1.886829920113086700e-02 1.802742294967174530e-02 1.467030495405197144e-02 6.973889190703630447e-03 5.217735655605792999e-03 2.958127763122320175e-03 1.099515147507190704e-02 1.298816874623298645e-02 7.683395408093929291e-03 1.521367672830820084e-02 1.615355163812637329e-02 2.094982750713825226e-02 1.928023435175418854e-02 1.424943655729293823e-02 1.373272761702537537e-02 2.927310951054096222e-02 2.047470584511756897e-02 3.014509379863739014e-02 1.969811506569385529e-02 2.071041055023670197e-02 1.029666047543287277e-02 7.640865165740251541e-03 1.939481124281883240e-02 9.682228846941143274e-05 5.263883620500564575e-03 1.727007143199443817e-02 1.820052228868007660e-02 1.566424407064914703e-02 1.085308287292718887e-02 1.635568216443061829e-02 1.903014071285724640e-02 2.225147094577550888e-03 1.762854866683483124e-02 1.600795611739158630e-02 1.982152648270130157e-02 1.011634711176156998e-02 9.121332317590713501e-03 1.021154690533876419e-03 5.444043781608343124e-03 7.689524441957473755e-03 8.967760019004344940e-03
3.609164059162139893e-02 3.763703256845474243e-02 6.847518496215343475e-03 1.148774567991495132e-02 1.294235419481992722e-02 4.463040083646774292e-02 8.780661821365356445e-01 1.366901770234107971e-02 1.587678492069244385e-02 1.390852965414524078e-02 3.026774898171424866e-02 1.780383288860321045e-02 2.853897027671337128e-02 2.046986483037471771e-02 2.048247680068016052e-02 2.499011717736721039e-02 1.827240735292434692e-02 4.674009513109922409e-03 3.961083944886922836e-03 1.479203719645738602e-02 2.333298325538635254e-02 1.180047262459993362e-02 1.673668250441551208e-02 1.815062202513217926e-02 2.473323978483676910e-02 2.518319897353649139e-02 4.155061673372983932e-03 1.449264027178287506e-02 2.027846872806549072e-02 1.775129139423370361e-02 3.316372632980346680e-02 2.177336066961288452e-02 2.174761332571506500e-02 2.188708260655403137e-02 1.830110885202884674e-02 1.983663253486156464e-02 2.050542645156383514e-02 7.782138418406248093e-03 9.139905683696269989e-03 1.264125574380159378e-02 1.209035795181989670e-02 1.258613192476332188e-03 1.303807273507118225e-02 1.216016430407762527e-02 1.267830259166657925e-03 1.538757234811782837e-02 3.749028220772743225e-02 3.720730543136596680e-02 1.384089328348636627e-02 1.684935390949249268e-02 1.874285191297531128e-02 1.834040507674217224e-02 1.700053736567497253e-02 1.935693621635437012e-02 1.502395141869783401e-02 1.287703774869441986e-02 1.864315755665302277e-02 1.807392016053199768e-02 1.491192821413278580e-02 1.608548685908317566e-02 1.891350559890270233e-02 1.244484167546033859e-02 2.099717035889625549e-02 1.066870149224996567e-02 1.667183637619018555e-02 2.067706361413002014e-02 1.571495644748210907e-02 2.263471670448780060e-02 1.869861967861652374e-02 1.564762182533740997e-02 1.563028432428836823e-02 1.568951085209846497e-02 1.642207801342010498e-02 2.753376495093107224e-03 1.137426961213350296e-02 1.117727905511856079e-02 1.810006424784660339e-02 1.107621099799871445e-02 5.148978903889656067e-03 3.848705673590302467e-03 7.348611950874328613e-03 1.308795623481273651e-02 1.390056312084197998e-02 9.703363291919231415e-03 1.243246160447597504e-02 1.385335251688957214e-02 2.199453860521316528e-02 1.622262038290500641e-02 1.180709246546030045e-02 9.250092320144176483e-03 2.899635024368762970e-02 2.101827599108219147e-02 3.350593149662017822e-02 1.724480278789997101e-02 1.869041845202445984e-02 1.314646564424037933e-02 1.046899612993001938e-02 1.300130784511566162e-02 8.605662733316421509e-03 1.043682638555765152e-02 2.038885280489921570e-02 1.949183084070682526e-02 1.636857166886329651e-02 8.421008475124835968e-03 1.307231560349464417e-02 1.571900211274623871e-02 9.212515316903591156e-03 1.356542762368917465e-02 1.634851470589637756e-02 1.649480313062667847e-02 9.937945753335952759e-03 8.135532960295677185e-03 3.205816028639674187e-03 7.025477010756731033e-03 2.950668800622224808e-03 1.205053646117448807e-03
1.889353804290294647e-02 2.239982225000858307e-02 6.491771340370178223e-02 8.920554071664810181e-03 1.249400712549686432e-02 6.787486840039491653e-03 1.366901770234107971e-02 8.780661821365356445e-01 1.167985517531633377e-02 1.173896063119173050e-02 2.621131762862205505e-02 4.093946423381567001e-03 2.550681494176387787e-02 6.460628472268581390e-03 4.252232611179351807e-02 1.097591035068035126e-02 7.967760786414146423e-03 4.139743279665708542e-03 1.428609713912010193e-03 9.352940134704113007e-03 1.892856694757938385e-02 1.773407682776451111e-02 1.306896656751632690e-02 7.718557957559823990e-03 1.035208348184823990e-02 1.407541148364543915e-02 4.943639039993286133e-03 7.025129627436399460e-03 1.049019512720406055e-03 6.656131241470575333e-03 1.533088833093643188e-02 2.489031665027141571e-02 1.112454663962125778e-02 2.279161661863327026e-02 1.836587861180305481e-02 2.379065565764904022e-02 2.310440503060817719e-02 3.719076141715049744e-02 1.424380578100681305e-02 9.676793590188026428e-03 6.432796828448772430e-03 4.293051548302173615e-03 1.070933043956756592e-02 2.243907889351248741e-03 7.011002860963344574e-03 7.814329117536544800e-03 7.914793677628040314e-03 1.421992573887109756e-02 9.504719637334346771e-03 1.920316182076931000e-02 1.077356748282909393e-02 9.965573437511920929e-03 5.492925643920898438e-03 1.300362776964902878e-02 1.815562136471271515e-02 1.325060892850160599e-02 1.186275039799511433e-03 9.848947636783123016e-03 1.173932943493127823e-02 1.508578471839427948e-02 1.693729497492313385e-02 1.691110990941524506e-02 6.038625258952379227e-03 1.296279858797788620e-02 3.954538144171237946e-03 1.627475768327713013e-02 2.001569373533129692e-03 7.737824227660894394e-03 6.756203249096870422e-03 1.405698806047439575e-02 8.464284241199493408e-03 5.412820726633071899e-03 4.997050389647483826e-03 8.442839607596397400e-03 3.552446141839027405e-03 6.907180417329072952e-03 4.187496844679117203e-03 7.475644350051879883e-03 1.068814657628536224e-02 2.926472807303071022e-03 5.581567808985710144e-02 4.407351091504096985e-02 6.936368998140096664e-03 9.231580770574510098e-04 4.455325659364461899e-03 4.971039481461048126e-03 2.997158281505107880e-02 1.593504846096038818e-02 8.859282359480857849e-03 2.962821163237094879e-03 8.249706588685512543e-03 9.611449204385280609e-03 1.428139582276344299e-02 1.817175187170505524e-02 3.805800527334213257e-02 3.684574738144874573e-02 2.101495116949081421e-02 3.315610578283667564e-03 1.573567092418670654e-02 1.652538403868675232e-02 2.591827884316444397e-02 2.363967522978782654e-02 1.656160876154899597e-02 1.186904124915599823e-02 5.084768054075539112e-04 9.692491963505744934e-03 3.022572211921215057e-02 4.538539331406354904e-03 1.960982009768486023e-02 5.552275106310844421e-03 5.423066206276416779e-03 4.007164854556322098e-03 1.029135542921721935e-03 3.514952957630157471e-03 2.711365930736064911e-03 2.775372937321662903e-03
1.688362564891576767e-03 9.718328714370727539e-03 1.174642425030469894e-02 1.186808943748474121e-02 1.529850158840417862e-02 1.014117524027824402e-02 1.587678492069244385e-02 1.167985517531633377e-02 8.780661821365356445e-01 5.106062814593315125e-02 9.615335613489151001e-03 2.500098943710327148e-02 1.258558314293622971e-02 2.443058416247367859e-02 1.343258284032344818e-02 2.305508032441139221e-02 1.006684731692075729e-02 3.292771428823471069e-02 1.219788379967212677e-02 6.296787410974502563e-03 1.601303927600383759e-02 8.009465411305427551e-03 3.350026533007621765e-02 3.095345757901668549e-02 1.256954018026590347e-02 1.360350102186203003e-02 2.366859093308448792e-02 1.662264764308929443e-02 2.862495835870504379e-03 1.978111080825328827e-02 6.055155303329229355e-03 2.184746973216533661e-02 2.242816612124443054e-02 1.400715112686157227e-02 1.645993068814277649e-02 1.174957863986492157e-02 1.816274947486817837e-03 7.600424811244010925e-03 3.186727873980998993e-03 4.156544804573059082e-03 6.041743326932191849e-03 2.917670831084251404e-02 1.008121483027935028e-02 1.977847516536712646e-02 2.546603092923760414e-03 5.588371772319078445e-03 1.377069670706987381e-02 1.172254513949155807e-02 5.129249021410942078e-02 2.448942884802818298e-02 1.643107272684574127e-02 2.467443235218524933e-02 5.536288488656282425e-03 4.845523275434970856e-03 4.596734791994094849e-02 1.539021264761686325e-02 1.543150003999471664e-02 6.353726610541343689e-03 2.006372809410095215e-02 1.372055150568485260e-02 2.752922475337982178e-02 1.496850419789552689e-02 9.419781155884265900e-03 4.962958395481109619e-03 1.228058710694313049e-02 9.819282218813896179e-03 2.173577435314655304e-03 5.027023726142942905e-04 2.419153414666652679e-02 1.473958604037761688e-03 4.950893577188253403e-03 1.836323551833629608e-02 8.275019936263561249e-03 3.667075885459780693e-03 2.436486771330237389e-03 1.991804316639900208e-02 3.753228858113288879e-02 1.941787265241146088e-02 2.386681502684950829e-03 1.059120707213878632e-02 1.451606117188930511e-02 6.910027470439672470e-03 4.235070198774337769e-02 1.203405950218439102e-02 7.064999081194400787e-04 2.109396038576960564e-03 1.624252833425998688e-02 3.569662803784012794e-03 2.456446178257465363e-02 7.968696765601634979e-03 1.342218718491494656e-03 1.301622018218040466e-03 8.852117694914340973e-03 6.673775147646665573e-03 1.244613248854875565e-02 1.266897004097700119e-02 1.165681332349777222e-02 2.174617163836956024e-02 2.746740169823169708e-02 1.763051934540271759e-02 1.582755893468856812e-02 4.321163054555654526e-03 9.397692978382110596e-03 1.232494041323661804e-02 3.558181459084153175e-03 8.176447823643684387e-03 1.131089869886636734e-02 3.428178373724222183e-03 3.306681290268898010e-03 1.361280330456793308e-03 1.489277277141809464e-02 1.930116303265094757e-02 8.099390193819999695e-03 1.612737961113452911e-02 7.838262245059013367e-04 8.479838259518146515e-03
7.698747329413890839e-03 1.047994103282690048e-02 8.630332536995410919e-03 8.755751885473728180e-03 1.672660931944847107e-02 1.235763821750879288e-02 1.390852965414524078e-02 1.173896063119173050e-02 5.106062814593315125e-02 8.780661821365356445e-01 9.793916717171669006e-03 2.038560435175895691e-02 8.070456795394420624e-03 2.163882367312908173e-02 1.354988198727369308e-02 2.418623678386211395e-02 1.786628365516662598e-02 1.215228531509637833e-02 2.752431295812129974e-02 1.605188846588134766e-02 1.994507573544979095e-02 3.814348019659519196e-03 3.178495913743972778e-02 3.605803474783897400e-02 1.613867096602916718e-02 1.308000925928354263e-02 6.067040842026472092e-03 1.754917018115520477e-02 8.144773542881011963e-03 1.569255441427230835e-02 2.132064895704388618e-03 2.307928726077079773e-02 1.680177822709083557e-02 2.594481594860553741e-02 1.597867347300052643e-02 7.700128946453332901e-03 1.075782068073749542e-02 1.102002221159636974e-03 4.859184628003276885e-05 1.542829675599932671e-03 7.014588918536901474e-03 1.942268945276737213e-02 2.118616551160812378e-02 2.484866417944431305e-02 2.087338361889123917e-03 1.706729456782341003e-02 1.895277202129364014e-02 1.576105318963527679e-02 3.017092496156692505e-02 3.913063555955886841e-02 1.786701753735542297e-02 2.592492103576660156e-02 4.639943130314350128e-03 4.571910947561264038e-03 3.502929210662841797e-02 2.546054497361183167e-02 9.564732201397418976e-03 1.035540923476219177e-02 1.398062705993652344e-02 1.098410785198211670e-02 1.925219409167766571e-02 2.539110556244850159e-02 1.017216499894857407e-02 6.236826535314321518e-03 1.197139080613851547e-02 1.023993175476789474e-02 1.067482121288776398e-02 9.381893090903759003e-03 1.770726032555103302e-02 9.806571528315544128e-03 1.621406525373458862e-02 1.014330517500638962e-02 6.647970993071794510e-03 1.535361632704734802e-02 5.940945353358983994e-03 7.355618290603160858e-03 2.178131416440010071e-02 3.002530522644519806e-02 7.330975495278835297e-03 2.559189684689044952e-02 5.232429131865501404e-03 6.972562987357378006e-03 2.173690684139728546e-02 2.239919453859329224e-02 7.896025665104389191e-03 8.632708340883255005e-03 1.236566901206970215e-02 5.443463567644357681e-03 1.101212296634912491e-02 1.480800192803144455e-02 6.325296126306056976e-03 3.332978114485740662e-03 7.203945890069007874e-03 5.003401078283786774e-03 8.793099783360958099e-03 1.208926737308502197e-02 1.845887117087841034e-02 7.152930833399295807e-03 2.090770937502384186e-02 2.405981346964836121e-02 1.229624263942241669e-02 1.440139953047037125e-02 8.985097520053386688e-03 2.414398826658725739e-03 5.916129332035779953e-03 9.544767439365386963e-03 1.337298471480607986e-02 1.061056181788444519e-02 1.442625001072883606e-02 9.373573586344718933e-03 1.656999625265598297e-02 1.290974393486976624e-02 5.833457107655704021e-04 4.375030286610126495e-03 5.339539609849452972e-03 4.689984023571014404e-03
3.713163733482360840e-02 3.501691669225692749e-02 5.826928652822971344e-03 1.244411058723926544e-02 3.673258004710078239e-03 3.002100065350532532e-02 3.026774898171424866e-02 2.621131762862205505e-02 9.615335613489151001e-03 9.793916717171669006e-03 8.780661821365356445e-01 1.865665428340435028e-02 3.832475841045379639e-02 1.781573705375194550e-02 3.493584319949150085e-02 1.354864984750747681e-02 9.630918502807617188e-03 6.769652944058179855e-03 2.358773490414023399e-03 1.576132327318191528e-02 2.075641788542270660e-02 2.415407076478004456e-02 1.307951938360929489e-02 1.056782994419336319e-02 2.481237053871154785e-02 2.208545058965682983e-02 9.001767262816429138e-03 2.018905803561210632e-02 2.061910182237625122e-02 1.724617369472980499e-02 3.131050616502761841e-02 1.830800995230674744e-02 2.369532920420169830e-02 2.116479910910129547e-02 2.418740279972553253e-02 1.655313558876514435e-02 1.648547686636447906e-02 2.324087172746658325e-02 8.683584630489349365e-03 3.379130037501454353e-03 1.480280235409736633e-02 9.356626309454441071e-03 1.026456058025360107e-02 5.555958487093448639e-03 1.215872238390147686e-03 1.109632756561040878e-02 2.387601323425769806e-02 2.436055056750774384e-02 2.093803696334362030e-02 1.162825338542461395e-02 1.787666231393814087e-02 1.671007089316844940e-02 2.228404581546783447e-02 2.268100157380104065e-02 2.121509425342082977e-02 1.791345141828060150e-02 2.309997007250785828e-02 1.907977648079395294e-02 1.932964846491813660e-02 2.006835862994194031e-02 2.301647141575813293e-02 1.941716298460960388e-02 1.753417775034904480e-02 1.523068360984325409e-02 2.249263972043991089e-02 2.553857862949371338e-02 1.036974322050809860e-02 1.640448160469532013e-02 1.813644915819168091e-02 2.202489413321018219e-02 1.122565940022468567e-02 2.076317928731441498e-02 1.622493192553520203e-02 1.414794474840164185e-02 1.459353882819414139e-02 1.395475957542657852e-02 1.611815392971038818e-02 7.525290828198194504e-03 4.563955124467611313e-03 1.160032232291996479e-03 1.885118335485458374e-02 2.428861334919929504e-02 5.829076748341321945e-03 5.125093739479780197e-03 1.106221461668610573e-03 3.320831339806318283e-03 3.365269303321838379e-02 3.009127452969551086e-02 1.421635225415229797e-02 1.033245492726564407e-02 2.851217053830623627e-02 2.764824777841567993e-02 2.858092077076435089e-02 2.923949994146823883e-02 1.436054613441228867e-02 8.547037839889526367e-03 1.432971842586994171e-02 1.624384149909019470e-02 1.082856953144073486e-02 1.135148201137781143e-02 2.007391490042209625e-02 2.150071598589420319e-02 1.884663663804531097e-02 1.255243644118309021e-02 1.690479367971420288e-02 1.759684085845947266e-02 1.026413589715957642e-02 1.321731973439455032e-02 1.985233090817928314e-02 1.915852725505828857e-02 9.643359109759330750e-03 5.609056912362575531e-03 2.563294954597949982e-03 2.211587736383080482e-03 3.547462867572903633e-03 6.874104030430316925e-03
1.735632121562957764e-02 1.743317022919654846e-02 4.687042906880378723e-03 1.900633238255977631e-02 1.285779848694801331e-02 2.160209976136684418e-02 1.780383288860321045e-02 4.093946423381567001e-03 2.500098943710327148e-02 2.038560435175895691e-02 1.865665428340435028e-02 8.780661821365356445e-01 2.018533088266849518e-02 4.035087674856185913e-02 1.523571088910102844e-02 1.354473736137151718e-02 1.803223788738250732e-02 3.767752321437001228e-03 1.545038260519504547e-02 1.440089195966720581e-02 9.733736515045166016e-03 1.323529984802007675e-02 2.610906213521957397e-02 2.506243251264095306e-02 1.428310107439756393e-02 2.371220104396343231e-02 2.130214311182498932e-02 3.562475740909576416e-02 2.062069065868854523e-02 3.662471845746040344e-02 1.221023127436637878e-02 6.549527752213180065e-04 1.361234392970800400e-02 2.096687676385045052e-03 2.081874385476112366e-02 1.049617119133472443e-02 1.475566718727350235e-02 2.873624209314584732e-03 1.177093666046857834e-02 1.212948653846979141e-02 2.158763073384761810e-02 2.036245726048946381e-02 3.220045939087867737e-03 1.268481183797121048e-02 1.761233061552047729e-02 1.956856437027454376e-02 1.801924593746662140e-02 2.031703665852546692e-02 2.007538918405771255e-03 5.535820964723825455e-03 1.843024231493473053e-02 2.259946800768375397e-02 2.738222479820251465e-02 2.739619463682174683e-02 1.547673455206677318e-04 1.980877853929996490e-02 2.592560648918151855e-02 3.011100925505161285e-02 2.786050550639629364e-02 2.887513674795627594e-02 9.878270328044891357e-03 1.445240993052721024e-02 2.268059365451335907e-02 2.811009436845779419e-02 2.742281742393970490e-02 2.248330786824226379e-02 4.240540321916341782e-03 3.534276271238923073e-03 2.572422102093696594e-02 2.183296903967857361e-02 2.498922310769557953e-02 2.678669057786464691e-02 2.679225057363510132e-02 2.009379863739013672e-02 2.294426225125789642e-02 3.012982942163944244e-02 3.453912213444709778e-02 3.260512650012969971e-02 1.031480450183153152e-02 1.635682955384254456e-02 9.500189684331417084e-03 1.604262180626392365e-02 2.982369437813758850e-02 1.320664491504430771e-02 2.778152702376246452e-03 1.552087138406932354e-03 2.135816030204296112e-02 2.339498326182365417e-02 3.729138895869255066e-02 3.717051073908805847e-02 2.116406522691249847e-02 1.893448829650878906e-02 1.851567625999450684e-02 1.297682058066129684e-02 2.131764777004718781e-03 9.366568177938461304e-03 1.130824815481901169e-02 2.865158766508102417e-02 6.993922404944896698e-03 9.542489424347877502e-03 9.517169557511806488e-03 8.186954073607921600e-03 1.972196251153945923e-02 2.170905098319053650e-02 2.154089696705341339e-02 2.263614162802696228e-02 3.474859753623604774e-03 2.719883993268013000e-02 1.415242161601781845e-02 2.607185393571853638e-02 2.317421324551105499e-02 2.658541873097419739e-02 3.046207828447222710e-03 4.708568099886178970e-03 2.278165146708488464e-02 2.302777580916881561e-02
3.091863356530666351e-02 3.405801951885223389e-02 4.372652620077133179e-03 1.631308719515800476e-02 6.477895658463239670e-03 2.638154290616512299e-02 2.853897027671337128e-02 2.550681494176387787e-02 1.258558314293622971e-02 8.070456795394420624e-03 3.832475841045379639e-02 2.018533088266849518e-02 8.780661821365356445e-01 2.002556249499320984e-02 3.400662541389465332e-02 1.629993692040443420e-02 1.186926756054162979e-02 1.009040232747793198e-02 1.336294133216142654e-02 2.029052749276161194e-02 2.118667587637901306e-02 2.627323754131793976e-02 1.843731477856636047e-02 1.524100918322801590e-02 2.591329999268054962e-02 2.590204402804374695e-02 1.277006044983863831e-02 1.777353696525096893e-02 2.005336806178092957e-02 1.604806445538997650e-02 3.305764496326446533e-02 2.068859152495861053e-02 2.519902773201465607e-02 2.081036195158958435e-02 2.584065869450569153e-02 1.942189410328865051e-02 1.984670944511890411e-02 1.524414867162704468e-02 9.287695400416851044e-03 7.522725965827703476e-03 1.755107194185256958e-02 1.333994604647159576e-02 1.143294014036655426e-02 1.308158040046691895e-02 4.040312953293323517e-03 1.468019466847181320e-02 2.316105738282203674e-02 2.617320418357849121e-02 1.518362574279308319e-02 1.027533598244190216e-02 2.065561525523662567e-02 2.028652839362621307e-02 2.315701171755790710e-02 2.453883364796638489e-02 1.761181652545928955e-02 1.700128056108951569e-02 2.429114840924739838e-02 2.257269434630870819e-02 2.163561247289180756e-02 2.228158526122570038e-02 2.162777259945869446e-02 1.852138154208660126e-02 1.933167129755020142e-02 1.969053596258163452e-02 2.273921482264995575e-02 2.713268995285034180e-02 1.510948315262794495e-02 1.681792922317981720e-02 1.971384882926940918e-02 2.257615700364112854e-02 1.420520059764385223e-02 2.455201558768749237e-02 1.749076135456562042e-02 1.359660271555185318e-02 1.516801118850708008e-02 1.762016862630844116e-02 2.086131833493709564e-02 1.343769766390323639e-02 7.768973009660840034e-04 2.944144420325756073e-03 2.218583039939403534e-02 2.385805174708366394e-02 8.320831693708896637e-03 1.122831739485263824e-02 9.914954192936420441e-03 1.050487346947193146e-02 3.244949877262115479e-02 2.983434312045574188e-02 1.551438309252262115e-02 1.315675210207700729e-02 2.715406008064746857e-02 2.622213959693908691e-02 2.956506051123142242e-02 2.964032068848609924e-02 1.532157324254512787e-02 1.030848361551761627e-02 1.564564369618892670e-02 2.086757123470306396e-02 1.727166213095188141e-02 1.734554767608642578e-02 2.455905452370643616e-02 2.327678538858890533e-02 2.233660966157913208e-02 1.785479858517646790e-02 1.882393658161163330e-02 2.269538119435310364e-02 9.460917674005031586e-03 1.484661176800727844e-02 2.125882729887962341e-02 2.097291871905326843e-02 1.971894130110740662e-02 1.564307697117328644e-02 1.040845364332199097e-02 6.865566130727529526e-03 1.171043887734413147e-02 1.471547782421112061e-02
