8.593629002571105957e-01 4.526497796177864075e-02 9.617204777896404266e-03 3.741022199392318726e-02 3.822631388902664185e-02 3.782583773136138916e-02 2.560770325362682343e-02 1.460032444447278976e-02 6.712783593684434891e-03 7.512744981795549393e-03 3.330196440219879150e-02 2.466647885739803314e-02 3.583206236362457275e-02 2.728185430169105530e-02 3.029330261051654816e-02 3.286442719399929047e-03 5.413848906755447388e-03 1.790268160402774811e-02 1.985489204525947571e-02 1.508991583250463009e-03 7.704449817538261414e-04 2.067255787551403046e-02 1.686385460197925568e-02 1.395048666745424271e-02 1.911507337354123592e-03 1.219863817095756531e-02 5.326890386641025543e-03 3.138884156942367554e-02 2.799422480165958405e-02 3.370986133813858032e-02 2.637618780136108398e-02 8.435327559709548950e-03 2.138667367398738861e-02 1.040254998952150345e-02 1.711562648415565491e-02 2.347021922469139099e-02 2.411573380231857300e-02 2.105528023093938828e-03 2.371842786669731140e-02 3.339365869760513306e-02 1.057495642453432083e-02 1.967022567987442017e-02 1.518928445875644684e-02 1.481172814965248108e-02 1.839363761246204376e-02 2.247892320156097412e-02 3.072584234178066254e-02 2.403733693063259125e-02 1.406616531312465668e-03 1.954961568117141724e-03 1.174488104879856110e-02 1.802915707230567932e-02 2.067802660167217255e-02 2.390358410775661469e-02 1.126787066459655762e-02 4.709917120635509491e-03 1.996029913425445557e-02 1.057224627584218979e-02 2.431009896099567413e-02 1.938069984316825867e-02 2.383193187415599823e-02 5.994465202093124390e-03 1.932716555893421173e-02 1.546616386622190475e-02 1.526138652116060257e-02 1.343416050076484680e-02 8.312508463859558105e-03 1.278719631955027580e-03 4.539808258414268494e-03 1.232731388881802559e-03 4.793764557689428329e-03 1.607560180127620697e-02 4.077369347214698792e-02 4.135000519454479218e-03 4.146310687065124512e-02 3.757539670914411545e-03 1.270317472517490387e-02 1.166970375925302505e-02 1.361006870865821838e-02 9.773819474503397942e-04 1.427172496914863586e-02 1.393333077430725098e-02 6.295802537351846695e-03 2.382465824484825134e-02 2.693323185667395592e-03 2.500363625586032867e-03 1.910970918834209442e-02 1.743537001311779022e-02 2.438071183860301971e-02 2.622119523584842682e-02 3.025360964238643646e-02 9.564306586980819702e-03 1.756224408745765686e-02 1.407061703503131866e-02 2.709542214870452881e-02 3.112602978944778442e-02 8.752605877816677094e-03 6.034226622432470322e-03 1.923342794179916382e-02 9.679458104074001312e-03 2.720028534531593323e-02 1.936215721070766449e-02 4.447795916348695755e-03 1.805880805477499962e-03 1.521618198603391647e-02 1.660421863198280334e-02 2.217639796435832977e-02 1.901393383741378784e-02 2.471159771084785461e-02 4.716886673122644424e-03 4.121676087379455566e-03 1.051867008209228516e-02 1.621275208890438080e-02 2.208426408469676971e-02 1.663077063858509064e-02 6.145933875814080238e-04
4.526497796177864075e-02 8.593629002571105957e-01 1.325174234807491302e-02 2.846380881965160370e-02 2.799277380108833313e-02 3.841220587491989136e-02 3.455665707588195801e-02 1.868658326566219330e-02 8.013503625988960266e-03 1.072397548705339432e-02 2.916334941983222961e-02 3.015049733221530914e-02 3.877839818596839905e-02 4.039027914404869080e-02 3.375957161188125610e-02 8.737058378756046295e-03 1.374361105263233185e-02 1.334090903401374817e-02 1.435163803398609161e-02 1.870155683718621731e-03 7.916055619716644287e-04 1.496056746691465378e-02 1.329107489436864853e-02 1.586999371647834778e-02 4.704875871539115906e-03 1.374034583568572998e-02 1.094602700322866440e-02 3.199835494160652161e-02 2.024402469396591187e-02 3.695513680577278137e-02 1.560274977236986160e-02 1.270387228578329086e-02 2.306269668042659760e-02 1.059626601636409760e-02 1.804587990045547485e-02 2.163301780819892883e-02 2.779929712414741516e-02 5.929836537688970566e-03 2.604901604354381561e-02 3.769287094473838806e-02 1.948362402617931366e-02 1.528047863394021988e-02 1.409715134650468826e-02 1.787841320037841797e-02 1.700643077492713928e-02 2.162448503077030182e-02 3.003122098743915558e-02 3.056817688047885895e-02 2.416239352896809578e-03 6.176835857331752777e-03 1.203350070863962173e-02 1.915846392512321472e-02 2.969092875719070435e-02 3.076405823230743408e-02 2.749269595369696617e-03 1.680506765842437744e-02 1.860427111387252808e-02 1.517687737941741943e-02 3.196625784039497375e-02 2.889379486441612244e-02 2.034369297325611115e-02 1.608317717909812927e-02 1.894078962504863739e-02 1.790419779717922211e-02 2.149500139057636261e-02 1.994969509541988373e-02 6.189912557601928711e-03 2.287664916366338730e-03 9.088283404707908630e-03 9.251416195183992386e-04 1.392582431435585022e-02 1.105639804154634476e-02 3.679310530424118042e-02 3.617288079112768173e-03 3.542672842741012573e-02 8.949673734605312347e-03 1.155339926481246948e-02 1.264288742095232010e-02 1.505761314183473587e-02 8.226576261222362518e-03 1.390683744102716446e-02 2.383159287273883820e-02 6.642570719122886658e-03 1.699691079556941986e-02 1.146364957094192505e-03 1.933796331286430359e-03 1.863885670900344849e-02 2.253542281687259674e-02 1.997052878141403198e-02 2.819876745343208313e-02 3.474589809775352478e-02 1.170312613248825073e-02 2.624922059476375580e-02 1.148330513387918472e-02 2.628849819302558899e-02 2.979398891329765320e-02 2.484070137143135071e-03 3.258770331740379333e-03 1.512577850371599197e-02 1.154934428632259369e-02 2.185228653252124786e-02 1.749143004417419434e-02 7.022823207080364227e-03 1.261902693659067154e-02 2.442894876003265381e-02 1.924479566514492035e-02 2.032310888171195984e-02 1.950876042246818542e-02 1.342301722615957260e-02 1.346993260085582733e-02 1.361935865134000778e-02 5.067376419901847839e-03 1.112670358270406723e-02 1.448071654886007309e-02 6.359931547194719315e-03 1.087503600865602493e-02
9.617204777896404266e-03 1.325174234807491302e-02 8.593629002571105957e-01 2.855482453014701605e-04 9.179619140923023224e-03 6.974028423428535461e-03 4.020343534648418427e-03 3.162512555718421936e-02 2.985504642128944397e-02 8.848346769809722900e-03 6.739220581948757172e-03 1.949563995003700256e-02 6.015158258378505707e-03 1.124195847660303116e-02 5.916096735745668411e-03 9.752312675118446350e-03 8.824157412163913250e-04 1.427808497101068497e-02 5.223488435149192810e-03 1.022212114185094833e-02 2.666614251211285591e-03 5.075281020253896713e-03 1.584045216441154480e-02 1.476292405277490616e-02 1.735165528953075409e-02 5.776160396635532379e-03 7.747882977128028870e-03 1.860527321696281433e-02 9.896392002701759338e-03 5.162352230399847031e-03 9.260018356144428253e-03 1.523601077497005463e-02 1.366994995623826981e-02 1.145093794912099838e-02 7.987750694155693054e-03 2.390551939606666565e-02 1.503094471991062164e-02 1.693914993666112423e-03 2.126879803836345673e-02 1.597632095217704773e-02 1.034554746001958847e-02 1.557098235934972763e-02 1.397019252181053162e-03 2.755748108029365540e-02 1.218062732368707657e-02 7.326450664550065994e-03 1.328699942678213120e-02 3.723675385117530823e-03 1.371895428746938705e-02 1.045426446944475174e-02 1.802396215498447418e-02 1.166856009513139725e-02 2.712522633373737335e-02 1.931173540651798248e-02 1.445317920297384262e-02 8.670954965054988861e-03 3.109910525381565094e-02 1.072478014975786209e-02 2.875060215592384338e-02 2.006700821220874786e-02 1.687090657651424408e-02 5.407628603279590607e-03 1.442755293101072311e-02 1.272247359156608582e-02 1.660274155437946320e-02 1.529938075691461563e-02 6.855225656181573868e-03 3.630492836236953735e-03 7.425896357744932175e-03 2.013600431382656097e-03 5.944831296801567078e-03 1.023265346884727478e-02 1.753500103950500488e-02 5.229804664850234985e-04 1.031982060521841049e-02 2.347726840525865555e-03 2.592160739004611969e-02 4.382498096674680710e-03 2.408742345869541168e-02 8.064967580139636993e-03 2.708980441093444824e-02 1.511370483785867691e-02 6.040780805051326752e-03 1.108595053665339947e-03 1.659092679619789124e-02 4.455263726413249969e-03 1.157891377806663513e-02 7.328329607844352722e-03 1.678642071783542633e-02 2.811539219692349434e-03 4.146534949541091919e-03 2.795699285343289375e-03 1.840891432948410511e-03 1.018949877470731735e-02 2.361530624330043793e-02 2.838161773979663849e-02 7.671553175896406174e-03 5.232650320976972580e-03 1.142313797026872635e-02 1.694260723888874054e-02 1.201493851840496063e-02 7.010160014033317566e-03 1.071116235107183456e-02 1.122959237545728683e-02 2.228769287467002869e-02 1.016423851251602173e-02 9.397683665156364441e-03 1.913189329206943512e-02 3.708217293024063110e-03 1.961525157094001770e-02 5.663675256073474884e-03 1.540662068873643875e-02 4.531688522547483444e-03 4.165073856711387634e-03 6.781670264899730682e-03 9.807446040213108063e-03
3.741022199392318726e-02 2.846380881965160370e-02 2.855482453014701605e-04 8.593629002571105957e-01 4.410705715417861938e-02 2.369345538318157196e-02 1.199083682149648666e-02 1.687675900757312775e-02 3.510896349325776100e-03 4.801901988685131073e-03 1.928609609603881836e-02 1.321519166231155396e-02 2.433454431593418121e-02 1.354906894266605377e-02 2.344124019145965576e-02 9.511067532002925873e-03 7.945766672492027283e-03 2.189888618886470795e-02 1.905034109950065613e-02 2.490633167326450348e-03 4.847025964409112930e-03 1.422914303839206696e-02 1.320555619895458221e-02 1.089621335268020630e-02 1.374603249132633209e-03 3.362953662872314453e-03 1.166358357295393944e-03 2.326241508126258850e-02 2.726003155112266541e-02 2.477923221886157990e-02 2.481461130082607269e-02 1.216650474816560745e-02 2.090166509151458740e-02 1.192031614482402802e-02 2.863142825663089752e-02 1.922386325895786285e-02 1.496829744428396225e-02 1.269618514925241470e-02 4.637090861797332764e-02 4.211366921663284302e-02 1.609460264444351196e-02 1.951605826616287231e-02 1.713361777365207672e-02 6.306220777332782745e-03 1.990320533514022827e-02 2.318639308214187622e-02 2.447023615241050720e-02 1.816569082438945770e-02 4.274116829037666321e-03 2.337606390938162804e-03 1.736899837851524353e-02 1.988376490771770477e-02 1.826972514390945435e-02 1.950266398489475250e-02 1.022685598582029343e-02 9.957926347851753235e-03 1.966469548642635345e-02 1.048510242253541946e-02 1.043951045721769333e-02 1.409860607236623764e-02 3.490260988473892212e-02 2.143919281661510468e-02 1.325577311217784882e-02 1.712006330490112305e-02 1.440771296620368958e-02 1.560874097049236298e-02 5.167957395315170288e-03 5.765238311141729355e-03 1.628656871616840363e-02 1.922844676300883293e-04 8.390701375901699066e-03 7.318929769098758698e-03 4.879196360707283020e-02 4.460306838154792786e-03 3.902775794267654419e-02 8.482907898724079132e-03 8.651216514408588409e-03 8.282735943794250488e-03 8.411162532866001129e-03 1.822147751227021217e-03 1.829586736857891083e-02 1.185273751616477966e-02 1.516077015548944473e-02 1.790989190340042114e-02 1.432266319170594215e-03 7.112805265933275223e-03 1.841731742024421692e-02 2.163932658731937408e-02 1.494689472019672394e-02 2.348940633237361908e-02 2.283727936446666718e-02 1.450125407427549362e-02 1.621017605066299438e-02 1.521018240600824356e-02 2.775871567428112030e-02 3.004300408065319061e-02 4.775179259013384581e-04 8.644710294902324677e-03 1.632440648972988129e-02 1.109879743307828903e-02 2.093308232724666595e-02 1.844418793916702271e-02 7.678638212382793427e-03 9.795289486646652222e-03 2.599881216883659363e-02 1.988491229712963104e-02 2.369762770831584930e-02 2.372414618730545044e-02 1.769447512924671173e-02 1.379272714257240295e-02 6.794537417590618134e-03 5.883079022169113159e-03 2.228191308677196503e-02 2.012784779071807861e-02 3.777880221605300903e-03 1.748115383088588715e-02
3.822631388902664185e-02 2.799277380108833313e-02 9.179619140923023224e-03 4.410705715417861938e-02 8.593629002571105957e-01 2.624876052141189575e-02 9.436730295419692993e-03 1.953215710818767548e-02 1.006889715790748596e-02 1.247879397124052048e-02 1.271673385053873062e-02 1.381155662238597870e-02 1.642883755266666412e-02 1.860324479639530182e-02 2.053431048989295959e-02 8.737958036363124847e-03 1.630692370235919952e-02 4.255925863981246948e-02 4.868085682392120361e-02 6.829427555203437805e-03 8.195300586521625519e-03 1.028493698686361313e-02 7.601721212267875671e-03 1.175287365913391113e-02 1.108469092287123203e-03 1.006179838441312313e-03 1.749051734805107117e-02 1.436009630560874939e-02 1.473327446728944778e-02 1.534356269985437393e-02 6.341024767607450485e-03 1.653138175606727600e-02 1.876768842339515686e-02 7.578633725643157959e-03 1.585956104099750519e-02 1.417872775346040726e-02 1.546048279851675034e-02 1.622135005891323090e-02 3.770070895552635193e-02 4.887291789054870605e-02 6.557898130267858505e-03 1.405173912644386292e-02 6.418618839234113693e-03 3.620191244408488274e-03 1.606206223368644714e-02 2.165702544152736664e-02 2.163227461278438568e-02 1.328311208635568619e-02 6.130702327936887741e-03 5.292399786412715912e-03 4.520325921475887299e-03 7.740838918834924698e-03 1.789439818821847439e-03 1.991026848554611206e-02 7.494459394365549088e-03 1.005168538540601730e-02 1.404450833797454834e-02 1.684585027396678925e-02 1.474743429571390152e-02 1.880295947194099426e-02 2.418093942105770111e-02 2.897681482136249542e-02 1.455926988273859024e-02 3.002235852181911469e-02 1.337697729468345642e-02 7.305215578526258469e-03 2.804308198392391205e-03 1.109076291322708130e-02 2.758851740509271622e-03 2.240161411464214325e-03 1.197141502052545547e-02 2.465139701962471008e-02 2.842113003134727478e-02 2.024152874946594238e-02 4.553298279643058777e-02 2.007754519581794739e-02 6.073711439967155457e-03 1.507706195116043091e-02 1.860421150922775269e-02 1.865701004862785339e-02 1.910157874226570129e-02 1.324383635073900223e-02 3.707704320549964905e-02 5.944686755537986755e-02 1.104229129850864410e-02 7.186365313827991486e-03 1.196152810007333755e-02 1.753060147166252136e-02 8.863490074872970581e-03 2.349377796053886414e-02 1.873760297894477844e-02 1.904754084534943104e-03 6.286642048507928848e-03 3.633988322690129280e-03 2.161390520632266998e-02 2.678323723375797272e-02 2.079395949840545654e-02 2.535577304661273956e-02 8.269666694104671478e-03 8.867528289556503296e-03 1.473692152649164200e-02 9.685411117970943451e-03 2.820988371968269348e-02 2.070134505629539490e-02 1.240523625165224075e-02 1.069983374327421188e-02 7.298128679394721985e-03 1.191072911024093628e-02 9.198351763188838959e-03 1.058130059391260147e-02 2.679951675236225128e-02 3.022698871791362762e-02 1.357352919876575470e-02 9.195354767143726349e-03 2.286256849765777588e-02 4.226435907185077667e-03
3.782583773136138916e-02 3.841220587491989136e-02 6.974028423428535461e-03 2.369345538318157196e-02 2.624876052141189575e-02 8.593629002571105957e-01 6.334307044744491577e-02 2.046364173293113708e-02 1.261381059885025024e-02 1.121584791690111160e-02 3.765696659684181213e-02 4.210786521434783936e-02 4.026340693235397339e-02 4.366551339626312256e-02 2.876599691808223724e-02 3.795213531702756882e-03 8.930265903472900391e-04 1.150127872824668884e-02 1.262207422405481339e-02 1.288945553824305534e-03 3.545772982761263847e-03 1.237780693918466568e-02 1.994230225682258606e-02 1.814513653516769409e-02 3.714711405336856842e-03 6.169782136566936970e-04 1.098651625216007233e-02 3.719240054488182068e-02 1.935002766549587250e-02 3.811397403478622437e-02 2.007325366139411926e-02 1.046720799058675766e-02 1.972507499158382416e-02 1.086485199630260468e-02 6.316838553175330162e-04 1.030822657048702240e-02 1.623991318047046661e-02 5.442695110104978085e-04 1.735644973814487457e-02 2.048039808869361877e-02 1.424238365143537521e-02 9.277406148612499237e-03 1.044087205082178116e-02 4.756278358399868011e-04 1.915665157139301300e-02 2.669902704656124115e-02 6.159164756536483765e-02 4.462843760848045349e-02 7.007556036114692688e-03 9.965373203158378601e-03 1.002575177699327469e-02 2.356168255209922791e-02 1.515942253172397614e-02 2.411391399800777435e-02 1.487099216319620609e-03 1.005659159272909164e-02 1.397271826863288879e-02 7.406448479741811752e-03 2.229363471269607544e-02 1.924546994268894196e-02 1.243660878390073776e-02 3.987982403486967087e-03 9.297004900872707367e-03 2.815319458022713661e-03 1.625631563365459442e-02 1.873585768043994904e-02 5.416124593466520309e-03 9.604338556528091431e-03 8.839406655170023441e-04 3.549557412043213844e-03 2.958953147754073143e-03 1.781657896935939789e-02 2.319982461631298065e-02 5.698969587683677673e-03 2.280678227543830872e-02 6.631649099290370941e-03 1.307425741106271744e-02 6.411341950297355652e-03 8.455962873995304108e-03 3.428018186241388321e-03 2.021552808582782745e-02 2.591194026172161102e-02 1.117148809134960175e-02 7.464292459189891815e-03 3.431209595873951912e-03 3.212820040062069893e-03 2.413514815270900726e-02 2.358894236385822296e-02 1.375404000282287598e-02 1.904932595789432526e-02 4.902248457074165344e-02 1.639062725007534027e-02 3.469787165522575378e-02 1.463269535452127457e-02 1.270064618438482285e-02 1.851543784141540527e-02 5.343384109437465668e-03 1.067333947867155075e-02 1.338152494281530380e-02 1.117642270401120186e-03 1.926451735198497772e-02 1.733293570578098297e-02 3.014415560755878687e-04 1.510668313130736351e-03 3.945902455598115921e-03 8.679876103997230530e-03 1.552362181246280670e-02 7.693840190768241882e-03 2.456045523285865784e-02 9.379352377436589450e-06 1.753927906975150108e-03 1.144101377576589584e-02 2.635050332173705101e-03 1.816483214497566223e-02 1.992000266909599304e-02 1.528386259451508522e-03
2.560770325362682343e-02 3.455665707588195801e-02 4.020343534648418427e-03 1.199083682149648666e-02 9.436730295419692993e-03 6.334307044744491577e-02 8.593629002571105957e-01 1.244662888348102570e-02 1.337532792240381241e-02 1.563492044806480408e-02 4.231600835919380188e-02 3.204590082168579102e-02 4.691207036375999451e-02 3.874735534191131592e-02 2.407089062035083771e-02 1.415872108191251755e-02 1.091212406754493713e-02 6.175236776471138000e-03 1.154984813183546066e-02 5.149337928742170334e-03 5.091657862067222595e-03 1.897528953850269318e-02 1.745209842920303345e-02 2.252200804650783539e-02 1.283853594213724136e-02 6.831313483417034149e-03 1.322532910853624344e-02 2.818811312317848206e-02 2.658468298614025116e-02 3.070083074271678925e-02 2.513524889945983887e-02 1.958908885717391968e-02 1.832615025341510773e-02 2.584590762853622437e-02 6.943932734429836273e-03 7.731367368251085281e-03 1.852799765765666962e-02 2.262652153149247169e-03 1.499065849930047989e-02 1.580066606402397156e-02 5.071832332760095596e-03 5.796727724373340607e-03 4.914626013487577438e-03 9.477341547608375549e-03 2.015071548521518707e-02 2.513724565505981445e-02 5.586281418800354004e-02 5.748321488499641418e-02 1.500332960858941078e-03 4.236696753650903702e-03 9.017627453431487083e-04 1.524261198937892914e-02 1.228891126811504364e-02 1.735087484121322632e-02 5.375787150114774704e-03 1.826827297918498516e-03 1.013485249131917953e-02 1.131125818938016891e-02 1.908098533749580383e-02 2.551970817148685455e-02 1.250743679702281952e-02 4.842313472181558609e-03 6.620767526328563690e-03 4.722660407423973083e-03 2.230805903673171997e-02 2.961395122110843658e-02 6.573066581040620804e-03 1.588765881024301052e-04 1.620697323232889175e-03 8.139852434396743774e-03 1.979930559173226357e-03 1.363935414701700211e-02 1.689284294843673706e-02 3.892070613801479340e-03 1.920423097908496857e-02 1.069563720375299454e-02 1.070618629455566406e-02 9.639743715524673462e-03 5.449065007269382477e-03 7.763348519802093506e-03 1.492022257298231125e-02 2.262478880584239960e-02 7.332519628107547760e-03 3.909980005118995905e-04 4.279279615730047226e-03 8.733755908906459808e-03 2.213428728282451630e-02 2.261006087064743042e-02 7.485430222004652023e-03 1.496548950672149658e-02 5.073293298482894897e-02 1.487142313271760941e-02 4.626311361789703369e-02 1.456790417432785034e-02 9.713304461911320686e-05 6.585868541151285172e-03 7.443845272064208984e-03 2.997250529006123543e-03 1.402392145246267319e-02 5.687450990080833435e-03 1.685011014342308044e-02 1.725798472762107849e-02 1.392871327698230743e-02 5.477066151797771454e-03 6.650667637586593628e-03 1.380723249167203903e-02 9.102787822484970093e-03 8.008725009858608246e-03 1.677838340401649475e-02 1.159553974866867065e-02 4.759768024086952209e-03 1.058315671980381012e-02 3.021925920620560646e-03 1.020832918584346771e-02 3.348879748955368996e-03 1.413104764651507139e-04
1.460032444447278976e-02 1.868658326566219330e-02 3.162512555718421936e-02 1.687675900757312775e-02 1.953215710818767548e-02 2.046364173293113708e-02 1.244662888348102570e-02 8.593629002571105957e-01 1.464193873107433319e-02 1.033219601958990097e-02 2.089781127870082855e-02 1.780239865183830261e-02 1.412415225058794022e-02 1.200512889772653580e-02 3.923499584197998047e-02 1.696442067623138428e-02 1.517211738973855972e-02 1.251393277198076248e-02 1.413948927074670792e-02 8.770990185439586639e-03 9.588913992047309875e-03 2.625327371060848236e-02 2.232430316507816315e-02 1.536169368773698807e-02 1.143770013004541397e-02 6.823804695159196854e-03 9.939459152519702911e-03 2.233466692268848419e-02 1.811179146170616150e-02 1.023050490766763687e-02 2.070117928087711334e-02 9.351052343845367432e-03 2.920966967940330505e-02 8.283348754048347473e-03 2.609325200319290161e-02 2.647042088210582733e-02 2.059244178235530853e-02 1.329726260155439377e-02 2.335532382130622864e-02 2.971499413251876831e-02 1.425232831388711929e-02 1.222749799489974976e-02 1.943615637719631195e-02 9.747390635311603546e-03 1.212741713970899582e-02 7.396198343485593796e-03 2.272254787385463715e-02 1.430719532072544098e-02 3.369384212419390678e-03 2.129383152350783348e-03 3.373318165540695190e-02 2.962593547999858856e-02 2.356620691716670990e-02 2.554439008235931396e-02 9.395480738021433353e-04 6.287086289376020432e-04 2.468781732022762299e-02 2.158375084400177002e-02 3.084788098931312561e-02 2.283425815403461456e-02 1.606195233762264252e-02 2.141465432941913605e-02 3.102400340139865875e-02 1.979794353246688843e-02 2.949270233511924744e-02 2.788243629038333893e-02 8.558560162782669067e-03 3.152462886646389961e-03 1.193917635828256607e-02 9.354198351502418518e-03 1.330383960157632828e-02 6.208892446011304855e-03 2.495347149670124054e-02 7.507786154747009277e-03 2.391997724771499634e-02 3.606783458963036537e-03 2.496549300849437714e-02 1.853669807314872742e-02 1.431133132427930832e-02 3.120945300906896591e-03 4.479030147194862366e-02 3.607552871108055115e-02 2.625385066494345665e-03 5.351137835532426834e-03 4.707415588200092316e-03 4.357402212917804718e-03 4.075474664568901062e-02 2.677381038665771484e-02 2.198295295238494873e-02 1.540039572864770889e-02 2.158479392528533936e-02 2.010782994329929352e-02 1.818750798702239990e-02 1.978655532002449036e-02 2.355772629380226135e-02 2.092017419636249542e-02 4.310286603868007660e-03 2.262071007862687111e-03 1.537380274385213852e-02 1.307958364486694336e-02 1.795408315956592560e-02 1.849263906478881836e-02 1.108997617848217487e-03 4.971260670572519302e-03 2.168021909892559052e-02 6.906220689415931702e-03 1.266102679073810577e-02 2.767267264425754547e-02 8.930453099310398102e-03 3.154124319553375244e-02 3.620887640863656998e-03 3.722378751263022423e-03 1.466048043221235275e-02 1.475109718739986420e-02 9.261201135814189911e-03 8.004134520888328552e-03
6.712783593684434891e-03 8.013503625988960266e-03 2.985504642128944397e-02 3.510896349325776100e-03 1.006889715790748596e-02 1.261381059885025024e-02 1.337532792240381241e-02 1.464193873107433319e-02 8.593629002571105957e-01 4.617584869265556335e-02 1.753698661923408508e-02 1.959777250885963440e-02 1.535661611706018448e-02 1.078309118747711182e-02 5.361349787563085556e-03 3.621174022555351257e-02 3.042260743677616119e-02 3.736976161599159241e-02 2.764812298119068146e-02 2.658753097057342529e-02 1.855200529098510742e-02 6.522406823933124542e-03 3.441184386610984802e-02 3.296716511249542236e-02 2.739398367702960968e-02 2.156866714358329773e-02 2.020509913563728333e-02 1.666315714828670025e-03 1.249704416841268539e-02 2.826764946803450584e-03 1.329782884567975998e-02 2.728317864239215851e-02 1.307539828121662140e-02 2.747623808681964874e-02 4.793991800397634506e-03 2.424341998994350433e-02 2.244946919381618500e-02 6.575037259608507156e-03 3.735441481694579124e-03 9.505902999080717564e-04 2.333036623895168304e-03 1.886905170977115631e-02 2.175265364348888397e-02 3.110705642029643059e-03 1.976131275296211243e-02 2.212482690811157227e-02 1.225402578711509705e-02 1.298964116722345352e-02 2.946318127214908600e-02 2.696055360138416290e-02 1.000975351780653000e-02 6.289551383815705776e-04 4.213155712932348251e-03 9.969312697649002075e-03 2.679703943431377411e-02 2.316523529589176178e-02 1.853026263415813446e-02 2.798555977642536163e-02 8.331023156642913818e-03 1.503521669656038284e-02 2.406906709074974060e-02 2.383509278297424316e-02 1.365218777209520340e-02 1.357010565698146820e-02 1.512013282626867294e-02 1.692174002528190613e-02 2.122732810676097870e-02 1.518831588327884674e-02 3.246992826461791992e-02 1.623431779444217682e-02 2.364574000239372253e-02 1.170155219733715057e-02 8.928264491260051727e-03 1.394926942884922028e-02 5.520211067050695419e-03 9.701157920062541962e-03 5.349531397223472595e-02 4.108931124210357666e-02 4.480538517236709595e-02 3.696101531386375427e-02 2.150973863899707794e-02 1.107808202505111694e-02 3.696034476161003113e-02 2.066780067980289459e-02 1.935448870062828064e-02 2.216340228915214539e-02 2.056747488677501678e-02 1.346081960946321487e-02 3.324580192565917969e-02 2.181550115346908569e-02 1.218769885599613190e-02 2.380061894655227661e-02 1.438572164624929428e-02 2.303484082221984863e-02 1.111079193651676178e-02 8.886870928108692169e-03 9.186907671391963959e-03 3.470783587545156479e-03 3.043220937252044678e-02 2.955096401274204254e-02 1.411223597824573517e-02 1.488085743039846420e-02 2.443756908178329468e-03 1.702987216413021088e-02 4.078707657754421234e-03 4.718491807579994202e-03 1.303074974566698074e-02 1.295232772827148438e-02 1.358900591731071472e-02 1.216369774192571640e-02 3.021073294803500175e-03 1.131595950573682785e-02 1.377897057682275772e-02 1.258270908147096634e-02 4.441045690327882767e-03 7.903310470283031464e-03
7.512744981795549393e-03 1.072397548705339432e-02 8.848346769809722900e-03 4.801901988685131073e-03 1.247879397124052048e-02 1.121584791690111160e-02 1.563492044806480408e-02 1.033219601958990097e-02 4.617584869265556335e-02 8.593629002571105957e-01 1.901148818433284760e-02 7.720936089754104614e-03 1.537981256842613220e-02 1.628466136753559113e-02 1.043625408783555031e-03 2.823170088231563568e-02 4.111476242542266846e-02 3.378845751285552979e-02 3.750567138195037842e-02 1.530600804835557938e-02 1.554871164262294769e-02 2.028903225436806679e-03 2.093446068465709686e-02 3.584824874997138977e-02 2.203698642551898956e-02 2.381156757473945618e-02 1.333129312843084335e-02 2.098273485898971558e-03 1.847984641790390015e-02 9.648508857935667038e-04 1.093793846666812897e-02 1.630561612546443939e-02 1.226773951202630997e-02 2.027713321149349213e-02 9.280863218009471893e-03 1.313139963895082474e-02 2.227017097175121307e-02 1.055984850972890854e-02 8.485437370836734772e-03 6.495167966932058334e-03 4.176616668701171875e-03 2.618979429826140404e-03 2.186527103185653687e-02 3.383091650903224945e-03 4.033431876450777054e-03 1.891247183084487915e-02 9.014299139380455017e-03 1.048712432384490967e-02 1.740839332342147827e-02 3.772275894880294800e-02 1.221737079322338104e-02 8.446015417575836182e-03 4.003773443400859833e-03 9.221853688359260559e-03 1.354644447565078735e-02 3.703833371400833130e-02 1.495767291635274887e-02 4.179602861404418945e-02 4.719897988252341747e-04 1.331249345093965530e-02 1.464424654841423035e-02 3.372557461261749268e-02 1.902661845088005066e-02 2.814312838017940521e-02 1.474225241690874100e-02 1.282068155705928802e-02 1.666484214365482330e-02 1.643201336264610291e-02 3.707780689001083374e-02 2.782993949949741364e-02 4.418737441301345825e-02 9.277100674808025360e-03 4.454307723790407181e-03 2.195785008370876312e-02 1.240208977833390236e-03 1.124849449843168259e-02 4.168242216110229492e-02 6.016497686505317688e-02 3.092893026769161224e-02 6.076471507549285889e-02 1.340344734489917755e-02 1.900178194046020508e-02 2.905428595840930939e-02 2.584489062428474426e-02 1.373632345348596573e-02 2.578937634825706482e-02 1.738148368895053864e-02 4.281716421246528625e-03 2.470406331121921539e-02 4.566489905118942261e-02 1.161771360784769058e-02 2.470761351287364960e-02 2.143602073192596436e-02 2.012324333190917969e-02 7.271198090165853500e-03 1.344759948551654816e-03 1.337733119726181030e-02 6.049945950508117676e-03 1.037222985178232193e-02 3.062523901462554932e-02 1.042625680565834045e-02 1.234830915927886963e-02 1.649907517276005819e-06 1.903413608670234680e-02 2.508645877242088318e-03 3.059613227378576994e-04 9.473484940826892853e-03 1.212442852556705475e-02 1.790677756071090698e-02 1.243976689875125885e-02 4.249687306582927704e-03 8.454501628875732422e-03 1.745100598782300949e-03 5.679001566022634506e-03 6.026744376868009567e-03 1.382061047479510307e-03
3.330196440219879150e-02 2.916334941983222961e-02 6.739220581948757172e-03 1.928609609603881836e-02 1.271673385053873062e-02 3.765696659684181213e-02 4.231600835919380188e-02 2.089781127870082855e-02 1.753698661923408508e-02 1.901148818433284760e-02 8.593629002571105957e-01 2.792157046496868134e-02 4.315030947327613831e-02 2.579255215823650360e-02 2.901896648108959198e-02 1.294880639761686325e-02 1.097666379064321518e-02 4.542191512882709503e-03 1.345761679112911224e-02 9.482288733124732971e-03 1.284167170524597168e-02 2.437694743275642395e-02 1.984158903360366821e-02 1.958059892058372498e-02 1.668258756399154663e-02 1.960984244942665100e-02 1.974215544760227203e-02 2.620523981750011444e-02 3.419003635644912720e-02 2.184169180691242218e-02 3.066430613398551941e-02 7.281408645212650299e-03 2.349600382149219513e-02 1.604188792407512665e-02 1.512867212295532227e-02 1.267974544316530228e-02 1.802324876189231873e-02 1.681318692862987518e-02 1.237282995134592056e-02 1.491906866431236267e-02 1.585208438336849213e-02 1.168718934059143066e-02 1.870324835181236267e-02 1.614422351121902466e-02 2.117684483528137207e-02 2.412680350244045258e-02 3.966125845909118652e-02 4.311946034431457520e-02 1.678530010394752026e-03 9.850139729678630829e-03 1.681410707533359528e-02 1.865345798432826996e-02 1.771465502679347992e-02 2.455293573439121246e-02 8.631758973933756351e-04 6.639115046709775925e-03 2.193306386470794678e-02 2.598753198981285095e-02 1.991884037852287292e-02 2.567664347589015961e-02 9.608550928533077240e-03 7.222296204417943954e-03 2.198902890086174011e-02 2.152606658637523651e-02 2.987328916788101196e-02 3.373658657073974609e-02 5.749320611357688904e-03 1.210587378591299057e-02 1.361735910177230835e-02 5.143699236214160919e-03 1.544756162911653519e-02 1.507367822341620922e-03 2.500071935355663300e-02 1.259852666407823563e-02 2.577237039804458618e-02 1.879360899329185486e-02 2.182971499860286713e-02 1.943790726363658905e-02 1.543972641229629517e-02 1.471638679504394531e-02 2.367831580340862274e-02 2.982143498957157135e-02 2.282086992636322975e-03 6.122240796685218811e-03 5.554866511374711990e-03 1.423451211303472519e-02 2.745786495506763458e-02 3.040836378931999207e-02 2.270820178091526031e-02 2.521732449531555176e-02 4.017783328890800476e-02 2.551417052745819092e-02 3.945542871952056885e-02 2.480346523225307465e-02 1.237635221332311630e-02 1.374173816293478012e-02 1.600315980613231659e-02 1.304599642753601074e-02 1.017384510487318039e-02 6.182888522744178772e-03 1.666009984910488129e-02 1.786513999104499817e-02 1.809396781027317047e-02 2.040315605700016022e-02 1.383027900010347366e-02 2.100338414311408997e-02 1.746268942952156067e-02 2.352722734212875366e-02 1.909306459128856659e-02 1.881667971611022949e-02 1.433063950389623642e-02 1.064306963235139847e-02 7.782143075019121170e-03 1.899175718426704407e-02 1.947406097315251827e-03 1.037935540080070496e-02
2.466647885739803314e-02 3.015049733221530914e-02 1.949563995003700256e-02 1.321519166231155396e-02 1.381155662238597870e-02 4.210786521434783936e-02 3.204590082168579102e-02 1.780239865183830261e-02 1.959777250885963440e-02 7.720936089754104614e-03 2.792157046496868134e-02 8.593629002571105957e-01 2.180167660117149353e-02 7.192527502775192261e-02 2.811872214078903198e-02 4.774563480168581009e-03 9.108301019296050072e-04 7.978204637765884399e-03 2.558768494054675102e-03 4.286056384444236755e-03 7.449996657669544220e-03 2.741497708484530449e-03 2.675240673124790192e-02 1.459929719567298889e-02 9.651511209085583687e-04 6.922419182956218719e-03 8.333982899785041809e-03 6.280049681663513184e-02 1.687601208686828613e-02 6.019015610218048096e-02 7.481326814740896225e-03 6.490705069154500961e-03 1.353001035749912262e-02 5.710234865546226501e-03 3.615415655076503754e-03 1.452343072742223740e-02 2.120923250913619995e-02 4.950154107064008713e-04 3.955599386245012283e-03 1.009643077850341797e-02 1.222248747944831848e-02 1.372626330703496933e-02 3.310020780190825462e-03 1.314851269125938416e-02 3.177164867520332336e-02 3.100722283124923706e-02 2.620855718851089478e-02 3.032811731100082397e-02 1.038212887942790985e-02 1.112973503768444061e-02 8.871489204466342926e-03 2.965249866247177124e-02 3.159228339791297913e-02 2.732797898352146149e-02 9.224506095051765442e-03 1.272225379943847656e-02 1.676501706242561340e-02 9.037788026034832001e-03 4.340564087033271790e-02 2.313905954360961914e-02 1.921974762808531523e-04 1.528577040880918503e-02 4.392322152853012085e-03 8.815412409603595734e-03 2.502874098718166351e-02 1.993925683200359344e-02 1.312664523720741272e-02 1.375117525458335876e-02 9.026980027556419373e-03 1.968558318912982941e-02 9.413939900696277618e-03 2.154801413416862488e-02 3.147273883223533630e-02 1.915239728987216949e-02 2.933484315872192383e-02 4.672236740589141846e-03 2.244550734758377075e-02 2.772267209365963936e-03 2.792860940098762512e-02 2.956542652100324631e-03 2.127206884324550629e-02 2.343914844095706940e-02 1.671229861676692963e-02 8.305969531647861004e-04 3.104713978245854378e-04 2.545561641454696655e-03 2.456795051693916321e-02 2.198638021945953369e-02 3.118675574660301208e-02 1.768444292247295380e-02 3.775298595428466797e-02 4.478776827454566956e-03 2.878222614526748657e-02 8.323002606630325317e-03 1.026171911507844925e-02 5.875693634152412415e-03 9.747621603310108185e-03 4.544212948530912399e-03 4.732522182166576385e-03 1.179231703281402588e-02 4.470644984394311905e-03 4.112435271963477135e-04 3.989683464169502258e-03 3.008453873917460442e-03 1.305764727294445038e-02 9.813681244850158691e-04 4.485209356062114239e-04 1.891281269490718842e-02 1.050070393830537796e-02 4.193128552287817001e-03 1.074702292680740356e-02 5.670939106494188309e-03 2.646916313096880913e-03 8.942517451941967010e-03 9.468100965023040771e-03 2.062979154288768768e-02
3.583206236362457275e-02 3.877839818596839905e-02 6.015158258378505707e-03 2.433454431593418121e-02 1.642883755266666412e-02 4.026340693235397339e-02 4.691207036375999451e-02 1.412415225058794022e-02 1.535661611706018448e-02 1.537981256842613220e-02 4.315030947327613831e-02 2.180167660117149353e-02 8.593629002571105957e-01 2.663428150117397308e-02 2.861146628856658936e-02 8.099984377622604370e-03 1.037961896508932114e-02 8.248193189501762390e-03 1.699578762054443359e-02 4.175751470029354095e-03 7.963511161506175995e-03 2.631952986121177673e-02 1.407972257584333420e-02 1.751800067722797394e-02 1.101011037826538086e-02 1.923400163650512695e-02 1.799763552844524384e-02 2.448726817965507507e-02 3.578161075711250305e-02 2.318675629794597626e-02 3.381993994116783142e-02 4.783099982887506485e-03 2.103232406079769135e-02 1.132224220782518387e-02 2.013358473777770996e-02 1.387660577893257141e-02 1.875665225088596344e-02 1.296542678028345108e-02 1.343343034386634827e-02 2.492126077413558960e-02 2.206612937152385712e-02 1.165655069053173065e-02 1.682959124445915222e-02 9.726239368319511414e-03 1.786489412188529968e-02 2.469969540834426880e-02 4.049366712570190430e-02 4.714712500572204590e-02 4.502555821090936661e-04 6.392507348209619522e-03 1.805267855525016785e-02 2.188822440803050995e-02 1.932877860963344574e-02 2.250143140554428101e-02 2.337278565391898155e-03 8.422741666436195374e-03 1.890930719673633575e-02 2.174527198076248169e-02 1.940359920263290405e-02 2.303533256053924561e-02 1.398611348122358322e-02 1.139789633452892303e-02 1.754463091492652893e-02 1.626698486506938934e-02 2.290940284729003906e-02 3.406441211700439453e-02 3.610794199630618095e-03 1.849472464527934790e-04 1.399728190153837204e-02 3.259673947468400002e-03 1.594325527548789978e-02 4.198566544800996780e-03 2.719816006720066071e-02 9.457475505769252777e-03 2.624449692666530609e-02 1.747182384133338928e-02 1.878214254975318909e-02 1.630784198641777039e-02 9.820108301937580109e-03 1.090399362146854401e-02 1.744853705167770386e-02 2.620583400130271912e-02 2.757624490186572075e-03 1.008197013288736343e-02 5.505234468728303909e-03 6.017392966896295547e-03 2.338701672852039337e-02 2.795199118554592133e-02 1.664080470800399780e-02 2.537052333354949951e-02 3.935932740569114685e-02 2.243079245090484619e-02 3.981247916817665100e-02 2.301858365535736084e-02 1.402130443602800369e-02 2.172105759382247925e-02 1.025576796382665634e-02 4.033940844237804413e-03 1.150426361709833145e-02 5.319660995155572891e-03 2.249378338456153870e-02 2.125348150730133057e-02 1.638611778616905212e-02 1.876504532992839813e-02 1.671169884502887726e-02 2.584865875542163849e-02 2.473764121532440186e-02 1.649896986782550812e-02 1.777876541018486023e-02 1.866598427295684814e-02 1.613264530897140503e-02 1.074319705367088318e-02 7.766505237668752670e-03 2.065688557922840118e-02 7.022112607955932617e-03 1.432438031770288944e-03
