8.601723909378051758e-01 5.348297208547592163e-02 1.141292788088321686e-02 2.658974262885749340e-04 7.889745756983757019e-03 5.108943209052085876e-02 4.743145033717155457e-02 1.723753847181797028e-02 1.731432974338531494e-02 1.600438915193080902e-02 4.139965772628784180e-02 1.412656810134649277e-02 4.289255291223526001e-02 1.188793778419494629e-02 2.330755814909934998e-02 1.828110590577125549e-02 1.464443374425172806e-02 1.421315781772136688e-02 1.382832508534193039e-02 2.193104475736618042e-02 2.174953185021877289e-02 2.663414180278778076e-02 2.150470204651355743e-02 2.088481374084949493e-02 1.953672803938388824e-02 2.127838134765625000e-02 1.656717993319034576e-02 1.051512546837329865e-02 2.524645999073982239e-02 6.233105901628732681e-03 3.255014866590499878e-02 1.763860695064067841e-02 2.381064929068088531e-02 1.596370525658130646e-02 2.401528321206569672e-02 2.136793732643127441e-02 1.888625137507915497e-02 3.076726198196411133e-02 2.071142569184303284e-02 2.309940382838249207e-02 2.349714748561382294e-02 1.361678633838891983e-02 2.427622675895690918e-02 9.301050566136837006e-03 3.051426494494080544e-03 5.147553514689207077e-03 4.395547136664390564e-02 3.857294470071792603e-02 3.969653509557247162e-03 1.276397798210382462e-02 1.899306848645210266e-02 1.978778652846813202e-02 1.847574487328529358e-02 2.069307863712310791e-02 1.024517789483070374e-02 1.138656493276357651e-02 1.647389680147171021e-02 1.360657159239053726e-02 1.341704092919826508e-02 1.660038344562053680e-02 1.643167994916439056e-02 1.216879487037658691e-02 8.748441468924283981e-04 1.012689992785453796e-02 2.748196944594383240e-02 3.452062234282493591e-02 1.583193242549896240e-02 1.746434159576892853e-02 1.803314313292503357e-02 1.136862300336360931e-02 1.208462379872798920e-02 1.284966804087162018e-02 2.966335276141762733e-03 7.893564179539680481e-03 5.766698741354048252e-04 1.772454567253589630e-02 1.970016583800315857e-02 1.452644262462854385e-02 1.151009462773799896e-03 5.232045892626047134e-03 9.185297414660453796e-03 1.368123292922973633e-02 9.436629712581634521e-03 7.041977252811193466e-03 1.114967558532953262e-02 7.157244253903627396e-03 2.541751228272914886e-02 2.416507899761199951e-02 1.107194693759083748e-03 1.994237769395112991e-03 3.331644833087921143e-02 3.111178055405616760e-02 3.540980070829391479e-02 2.506848424673080444e-02 1.914420723915100098e-02 1.861364208161830902e-02 1.333285868167877197e-02 2.292875200510025024e-02 1.832965016365051270e-02 2.168635837733745575e-02 1.308354083448648453e-02 1.417141873389482498e-02 1.798716373741626740e-02 2.462231181561946869e-02 2.005099691450595856e-02 1.810626499354839325e-02 1.584074646234512329e-02 2.588139381259679794e-03 2.134500071406364441e-02 1.110462285578250885e-02 1.513932924717664719e-02 1.752268150448799133e-02 9.419162757694721222e-03 1.875070109963417053e-02 1.241191173903644085e-03 2.817902946844696999e-03
5.348297208547592163e-02 8.601723909378051758e-01 1.722921617329120636e-02 1.124753709882497787e-02 1.641101762652397156e-02 5.659041181206703186e-02 5.277395620942115784e-02 1.695606857538223267e-02 1.491315104067325592e-02 1.654776558279991150e-02 4.218715056777000427e-02 1.407748647034168243e-02 4.859669879078865051e-02 1.659837923943996429e-02 1.818549819290637970e-02 1.890433207154273987e-02 1.722417399287223816e-02 9.979634545743465424e-03 1.372000109404325485e-02 1.658152043819427490e-02 1.346266549080610275e-02 2.278161793947219849e-02 2.314459532499313354e-02 2.200475335121154785e-02 1.337860990315675735e-02 1.620437204837799072e-02 7.224477827548980713e-03 7.945063523948192596e-03 2.006953582167625427e-02 6.932959426194429398e-03 2.706059999763965607e-02 1.560966577380895615e-02 1.624044589698314667e-02 1.374159567058086395e-02 2.187700569629669189e-02 2.168492972850799561e-02 1.646180078387260437e-02 2.676206082105636597e-02 1.658759079873561859e-02 1.972304657101631165e-02 1.944044791162014008e-02 1.581259071826934814e-02 2.014717645943164825e-02 8.517098613083362579e-03 8.143777959048748016e-03 8.507356978952884674e-03 4.582227393984794617e-02 3.810168802738189697e-02 2.781164133921265602e-03 1.279448624700307846e-02 1.188979856669902802e-02 8.585246279835700989e-03 7.913524284958839417e-03 7.873296737670898438e-03 3.415693063288927078e-03 1.053793914616107941e-02 1.216312963515520096e-02 9.014637209475040436e-03 9.311994537711143494e-03 6.362918298691511154e-03 8.658537641167640686e-03 1.213770825415849686e-02 2.805783413350582123e-03 1.151468977332115173e-02 2.591073326766490936e-02 3.187305107712745667e-02 1.212362106889486313e-02 1.186833996325731277e-02 1.715527847409248352e-02 6.562093738466501236e-03 1.269821356981992722e-02 8.274874649941921234e-03 1.582897733896970749e-03 6.629995536059141159e-03 1.050905208103358746e-03 8.740650489926338196e-03 1.810892857611179352e-02 1.613913103938102722e-02 3.414560807868838310e-03 1.050839945673942566e-02 1.065149344503879547e-02 2.308574132621288300e-02 8.115277625620365143e-03 8.390231058001518250e-03 1.482801325619220734e-02 7.191598881036043167e-03 2.522948570549488068e-02 2.554468624293804169e-02 4.624099470674991608e-03 5.358504597097635269e-03 3.120322152972221375e-02 2.868447080254554749e-02 4.011273756623268127e-02 1.913375593721866608e-02 2.212260290980339050e-02 2.135627903044223785e-02 2.095796912908554077e-02 1.771994121372699738e-02 2.257892116904258728e-02 2.202161215245723724e-02 1.287970319390296936e-02 1.069968566298484802e-02 1.957287266850471497e-02 2.065672539174556732e-02 1.150604523718357086e-02 1.155964937061071396e-02 1.619439199566841125e-02 3.500666469335556030e-03 1.851320452988147736e-02 7.774884346872568130e-03 9.206440299749374390e-03 2.082172222435474396e-02 8.476364426314830780e-03 7.952858693897724152e-03 3.884217934682965279e-03 1.574853318743407726e-03
1.141292788088321686e-02 1.722921617329120636e-02 8.601723909378051758e-01 9.977734880521893501e-04 3.720953362062573433e-03 1.169348321855068207e-02 1.812184974551200867e-02 5.295329913496971130e-02 1.870029838755726814e-03 1.293388567864894867e-02 2.602286264300346375e-02 8.178905583918094635e-03 2.205898985266685486e-02 1.841282472014427185e-02 3.354971110820770264e-02 5.819029640406370163e-03 2.180424286052584648e-03 4.867605399340391159e-03 1.008268166333436966e-02 6.528074853122234344e-03 1.022147596813738346e-03 3.218637779355049133e-02 6.557334214448928833e-03 1.118655595928430557e-02 3.269556676968932152e-03 6.178603041917085648e-03 1.418133080005645752e-02 1.084898412227630615e-02 1.937488466501235962e-02 1.255789306014776230e-02 1.973761618137359619e-02 4.511009436100721359e-03 1.682395115494728088e-02 1.033262908458709717e-02 1.861777156591415405e-02 1.191023644059896469e-02 1.581234112381935120e-02 2.333814650774002075e-02 2.891496755182743073e-02 2.577669918537139893e-02 6.322852801531553268e-03 3.617009613662958145e-03 3.274039831012487411e-03 2.638990245759487152e-02 1.068866346031427383e-02 1.018806640058755875e-02 1.281997095793485641e-02 1.229235809296369553e-02 1.771682314574718475e-02 8.728641550987958908e-04 3.671045415103435516e-03 3.494987031444907188e-03 2.252840809524059296e-02 2.761987224221229553e-02 1.542912703007459641e-02 1.358789484947919846e-02 8.726400323212146759e-03 2.834231127053499222e-04 2.809332124888896942e-02 3.149852156639099121e-02 3.132143057882785797e-03 1.237663906067609787e-02 1.598381623625755310e-02 4.857903812080621719e-03 2.697976678609848022e-02 2.334949001669883728e-02 5.518169607967138290e-03 2.590939402580261230e-03 8.004465140402317047e-03 2.268669195473194122e-02 1.110870973207056522e-03 2.240868844091892242e-02 3.386494470760226250e-03 2.341184578835964203e-02 1.242046255356399342e-05 1.826490089297294617e-02 1.360763330012559891e-03 1.486255135387182236e-02 7.448615971952676773e-03 8.709713816642761230e-03 4.675713181495666504e-02 4.645486548542976379e-02 1.000124681740999222e-02 1.116118673235177994e-02 1.673963479697704315e-02 8.674630080349743366e-04 3.572999313473701477e-02 3.372911363840103149e-02 1.538637652993202209e-02 3.772830823436379433e-03 9.944187477231025696e-03 2.226954326033592224e-02 1.171118859201669693e-02 1.789281703531742096e-02 1.357006933540105820e-02 3.369100857526063919e-03 3.060168586671352386e-02 2.051733620464801788e-02 1.477565709501504898e-02 1.110726874321699142e-02 1.548044732771813869e-03 3.830153960734605789e-03 1.776328496634960175e-02 1.773842237889766693e-02 1.923027820885181427e-02 2.657156251370906830e-02 8.449507877230644226e-03 2.867642045021057129e-02 8.216505870223045349e-03 2.503188326954841614e-02 2.895450964570045471e-02 4.624120425432920456e-03 2.545056631788611412e-03 2.100921003147959709e-03 2.623086422681808472e-02 3.003030316904187202e-03
2.658974262885749340e-04 1.124753709882497787e-02 9.977734880521893501e-04 8.601723909378051758e-01 8.721547573804855347e-02 5.856039468199014664e-03 8.795973844826221466e-03 6.323223467916250229e-03 1.498421747237443924e-02 1.613687165081501007e-02 6.620102562010288239e-03 1.478865463286638260e-02 4.825490177609026432e-04 6.898572202771902084e-03 1.668102690018713474e-03 1.281907223165035248e-02 1.797638251446187496e-04 3.064593859016895294e-02 1.673029549419879913e-02 8.521864190697669983e-03 2.280037850141525269e-03 1.065140590071678162e-02 2.962813945487141609e-03 6.272705271840095520e-03 5.593663547188043594e-03 1.841548713855445385e-03 3.351267427206039429e-02 2.766835130751132965e-02 1.568433642387390137e-02 1.457426324486732483e-02 1.678880490362644196e-02 1.371630001813173294e-02 5.355164874345064163e-03 1.326458994299173355e-02 3.795710857957601547e-03 1.750746741890907288e-02 1.052884384989738464e-02 2.774039749056100845e-03 2.901022136211395264e-02 1.790298335254192352e-02 1.054200343787670135e-02 3.183192107826471329e-03 7.185411639511585236e-03 1.289351377636194229e-02 2.999679557979106903e-02 2.419400028884410858e-02 2.152258064597845078e-03 3.347480669617652893e-03 4.281864967197179794e-03 1.485860720276832581e-02 2.378126606345176697e-02 2.131666056811809540e-02 2.420674823224544525e-02 1.833763532340526581e-02 2.689279150217771530e-03 1.502225548028945923e-02 2.398608997464179993e-02 8.085536770522594452e-03 2.239434048533439636e-02 1.952672563493251801e-02 3.495054319500923157e-02 2.676429040729999542e-02 2.222784049808979034e-02 1.946624554693698883e-02 1.500177383422851562e-02 1.172878313809633255e-02 9.930977597832679749e-03 6.563415285199880600e-03 4.219713434576988220e-02 2.895046398043632507e-02 2.804865501821041107e-02 4.448441416025161743e-02 6.076163798570632935e-02 2.588221617043018341e-02 4.351799190044403076e-02 3.898354247212409973e-02 3.040433116257190704e-02 3.427949734032154083e-03 5.586412153206765652e-04 7.683603093028068542e-03 9.191206656396389008e-03 9.901787154376506805e-03 3.635514155030250549e-02 6.784284487366676331e-03 1.955731771886348724e-03 1.632977463304996490e-02 8.489494211971759796e-03 1.755748875439167023e-03 4.045400395989418030e-02 2.288740128278732300e-02 7.957869209349155426e-03 1.324675278738141060e-03 1.535289920866489410e-03 1.233107410371303558e-02 4.574366845190525055e-03 1.032210537232458591e-03 8.593276143074035645e-03 2.212428860366344452e-02 5.196479614824056625e-03 4.031884949654340744e-03 1.443859655410051346e-03 6.556779844686388969e-04 6.591365672647953033e-03 3.535797353833913803e-03 7.623144891113042831e-03 8.179307915270328522e-03 2.085785847157239914e-03 3.364057047292590141e-03 1.150868088006973267e-02 1.713438704609870911e-02 1.960634253919124603e-02 3.535059222485870123e-04 1.211149245500564575e-02 1.922210678458213806e-03 6.860917434096336365e-03 1.166139263659715652e-02
7.889745756983757019e-03 1.641101762652397156e-02 3.720953362062573433e-03 8.721547573804855347e-02 8.601723909378051758e-01 9.126608259975910187e-03 9.322525933384895325e-03 3.182386746630072594e-03 8.645142428576946259e-03 7.709867320954799652e-03 5.244716070592403412e-03 1.752614229917526245e-02 8.546306751668453217e-03 1.295211142860352993e-03 2.910908777266740799e-03 8.213956840336322784e-03 3.142025088891386986e-03 2.352098934352397919e-02 1.708298176527023315e-02 1.634046807885169983e-02 4.733469802886247635e-03 7.639863528311252594e-03 6.547654513269662857e-03 1.391698978841304779e-02 9.459886699914932251e-03 7.827035151422023773e-03 4.868593811988830566e-02 1.685346662998199463e-02 9.393268264830112457e-03 8.432247675955295563e-03 1.027533411979675293e-02 1.870027929544448853e-02 3.465797344688326120e-04 1.882657967507839203e-02 6.339008454233407974e-03 6.064346525818109512e-03 4.563820082694292068e-03 7.479862775653600693e-03 2.188361249864101410e-02 1.610703021287918091e-02 7.862227037549018860e-03 4.368994385004043579e-03 1.131129357963800430e-02 1.132087595760822296e-02 1.026753243058919907e-02 7.821541279554367065e-03 2.483484277036041021e-04 2.243610331788659096e-03 5.937969312071800232e-03 1.449126750230789185e-02 1.171099953353404999e-02 1.705080457031726837e-02 1.115839648991823196e-02 1.442917063832283020e-02 2.265844494104385376e-03 5.482623353600502014e-03 1.664475724101066589e-02 7.618973031640052795e-03 1.845055259764194489e-02 1.760627515614032745e-02 2.160752750933170319e-02 2.406494133174419403e-02 4.613271157722920179e-04 6.788111757487058640e-03 1.209406461566686630e-02 6.354160606861114502e-03 1.406481210142374039e-02 1.629738509654998779e-02 2.862778864800930023e-02 4.101344570517539978e-02 2.158262953162193298e-02 4.643275961279869080e-02 4.826980084180831909e-02 3.326755762100219727e-02 4.044277220964431763e-02 3.733509778976440430e-02 2.566486783325672150e-02 5.885672289878129959e-04 1.525070285424590111e-03 3.919716982636600733e-04 4.545963834971189499e-03 6.119180936366319656e-03 4.170142859220504761e-02 2.429859712719917297e-02 1.792105962522327900e-03 2.027773670852184296e-02 1.518445648252964020e-02 7.015545852482318878e-03 2.861296571791172028e-02 1.204352080821990967e-02 5.178985651582479477e-03 6.489664316177368164e-03 5.405942909419536591e-03 1.533930934965610504e-02 5.038031958974897861e-04 2.389107830822467804e-03 1.015471993014216423e-03 1.682912185788154602e-02 4.001910332590341568e-03 4.626112058758735657e-03 4.881913773715496063e-03 6.311314180493354797e-03 6.241211201995611191e-03 1.236352603882551193e-03 7.041479460895061493e-03 1.324583496898412704e-02 2.405214123427867889e-03 6.531883031129837036e-03 1.431415043771266937e-02 1.143561955541372299e-02 1.880949176847934723e-02 8.272143080830574036e-03 1.116082910448312759e-02 5.780129227787256241e-03 2.635884284973144531e-02 2.957530878484249115e-02
5.108943209052085876e-02 5.659041181206703186e-02 1.169348321855068207e-02 5.856039468199014664e-03 9.126608259975910187e-03 8.601723909378051758e-01 6.282211095094680786e-02 1.470503304153680801e-02 2.325424738228321075e-02 1.850684545934200287e-02 3.839579969644546509e-02 1.926016807556152344e-02 4.027662053704261780e-02 1.640451885759830475e-02 1.474436465650796890e-02 1.463305670768022537e-02 1.148263737559318542e-02 1.980751194059848785e-02 1.930969022214412689e-02 1.072100829333066940e-02 1.388655602931976318e-02 1.810317672789096832e-02 2.601828239858150482e-02 2.312459051609039307e-02 1.521703042089939117e-02 1.793574169278144836e-02 8.606294170022010803e-03 9.952993132174015045e-03 1.897162385284900665e-02 3.579316195100545883e-03 2.456124499440193176e-02 1.397891342639923096e-02 1.996782794594764709e-02 1.255146227777004242e-02 2.294293791055679321e-02 1.449867803603410721e-02 9.044629521667957306e-03 2.554906904697418213e-02 1.622092351317405701e-02 2.212493494153022766e-02 2.441317215561866760e-02 1.648851111531257629e-02 2.311508730053901672e-02 1.653845049440860748e-02 1.299794018268585205e-02 7.334485650062561035e-03 6.005322560667991638e-02 4.879715293645858765e-02 7.259116508066654205e-03 1.542269252240657806e-02 1.539866160601377487e-02 1.682986132800579071e-02 1.636255998164415359e-03 2.349078422412276268e-03 1.033463049679994583e-02 1.712905615568161011e-02 1.291376259177923203e-02 6.789151579141616821e-03 2.875739941373467445e-03 6.376538891345262527e-03 2.003723569214344025e-02 2.068332396447658539e-02 7.848349399864673615e-03 5.469705909490585327e-03 2.395913004875183105e-02 2.920227311551570892e-02 6.159854587167501450e-03 7.891790941357612610e-03 1.869995146989822388e-02 4.515080247074365616e-03 1.131050754338502884e-02 6.568434648215770721e-03 1.490393187850713730e-04 2.526219235733151436e-03 1.612931722775101662e-03 9.779116138815879822e-03 2.350402064621448517e-02 1.386420521885156631e-02 5.046462174504995346e-03 9.743154980242252350e-03 2.543717622756958008e-03 1.998585648834705353e-02 1.180239673703908920e-02 1.491825282573699951e-02 1.702753640711307526e-02 2.023468725383281708e-03 1.974449679255485535e-02 2.542556449770927429e-02 1.942064729519188404e-03 7.286601467058062553e-04 3.564475849270820618e-02 2.636560611426830292e-02 4.194370657205581665e-02 1.895681768655776978e-02 1.638928055763244629e-02 1.466825883835554123e-02 1.635022833943367004e-02 2.123250812292098999e-02 2.252096310257911682e-02 2.409281209111213684e-02 1.110965292900800705e-02 8.507961407303810120e-03 1.791172102093696594e-02 2.036613784730434418e-02 4.778873641043901443e-03 1.397712714970111847e-02 1.288718264549970627e-02 5.537820514291524887e-03 1.919762231409549713e-02 4.798825830221176147e-03 1.139164716005325317e-02 1.978969760239124298e-02 4.974323790520429611e-03 9.849058464169502258e-03 3.335434710606932640e-03 5.700594279915094376e-03
4.743145033717155457e-02 5.277395620942115784e-02 1.812184974551200867e-02 8.795973844826221466e-03 9.322525933384895325e-03 6.282211095094680786e-02 8.601723909378051758e-01 1.574121415615081787e-02 2.032750472426414490e-02 2.239241451025009155e-02 3.683249279856681824e-02 2.025332115590572357e-02 3.870038315653800964e-02 2.222478948533535004e-02 1.492201164364814758e-02 1.864867284893989563e-02 1.848277822136878967e-02 1.679090410470962524e-02 2.238872647285461426e-02 8.835865184664726257e-03 9.229036048054695129e-03 2.228312194347381592e-02 2.309140563011169434e-02 2.511820383369922638e-02 1.259505003690719604e-02 1.410736422985792160e-02 1.297674514353275299e-02 1.360330823808908463e-02 2.453581057488918304e-02 1.001753192394971848e-02 3.128008544445037842e-02 8.470158092677593231e-03 2.301103621721267700e-02 1.012443099170923233e-02 1.968760602176189423e-02 1.356087438762187958e-02 9.179729968309402466e-03 2.696285396814346313e-02 2.010443620383739471e-02 2.238127216696739197e-02 1.921945437788963318e-02 1.213667541742324829e-02 1.948206871747970581e-02 1.635315082967281342e-02 2.135604433715343475e-02 1.393651124089956284e-02 5.966162681579589844e-02 5.537740141153335571e-02 2.507124445401132107e-04 1.060457061976194382e-02 9.354840964078903198e-03 1.374850049614906311e-02 3.685668343678116798e-04 3.621359355747699738e-03 3.305745078250765800e-03 1.286029256880283356e-02 1.157570444047451019e-02 2.367325127124786377e-03 2.432185690850019455e-03 5.700989626348018646e-03 1.597744040191173553e-02 1.929477415978908539e-02 8.498367387801408768e-04 9.181129746139049530e-03 2.659595385193824768e-02 2.996707707643508911e-02 3.128120908513665199e-03 8.005567360669374466e-05 1.656213775277137756e-02 1.131583843380212784e-02 1.310545392334461212e-02 1.419373881071805954e-02 1.720697153359651566e-03 1.033619418740272522e-02 1.732171629555523396e-03 1.615157909691333771e-02 2.187255583703517914e-02 1.889027655124664307e-02 2.631298964843153954e-03 6.770187988877296448e-03 6.682637613266706467e-03 1.405988726764917374e-02 1.195206306874752045e-02 1.901456527411937714e-02 7.360073272138834000e-03 3.487117588520050049e-03 1.953183859586715698e-02 1.974930614233016968e-02 3.817019751295447350e-03 2.014325466006994247e-03 3.904449939727783203e-02 2.880235016345977783e-02 4.893933981657028198e-02 2.088415436446666718e-02 1.549075264483690262e-02 1.263524219393730164e-02 2.277049422264099121e-02 2.592604607343673706e-02 1.692247577011585236e-02 2.088695392012596130e-02 8.811409585177898407e-03 6.837723311036825180e-03 2.031551301479339600e-02 2.066838741302490234e-02 6.684817839413881302e-03 1.498010475188493729e-02 1.247818022966384888e-02 2.930916845798492432e-03 1.798426732420921326e-02 7.164773996919393539e-03 1.312188152223825455e-02 1.720760576426982880e-02 1.510735637566540390e-05 3.733913414180278778e-03 1.005036476999521255e-02 9.273259784094989300e-04
1.723753847181797028e-02 1.695606857538223267e-02 5.295329913496971130e-02 6.323223467916250229e-03 3.182386746630072594e-03 1.470503304153680801e-02 1.574121415615081787e-02 8.601723909378051758e-01 7.790873292833566666e-03 8.126764558255672455e-03 2.801472321152687073e-02 1.491528283804655075e-02 2.706415019929409027e-02 1.920312456786632538e-02 4.603669792413711548e-02 2.168076299130916595e-02 1.567089557647705078e-02 5.118345841765403748e-03 4.026037640869617462e-03 1.515750307589769363e-02 9.695917367935180664e-03 3.280405327677726746e-02 1.707669720053672791e-02 1.602945476770401001e-02 1.473414245992898941e-02 1.817603595554828644e-02 1.263834908604621887e-02 2.154755592346191406e-02 1.725648157298564911e-02 1.946674287319183350e-02 1.864614337682723999e-02 9.207889437675476074e-03 2.405608631670475006e-02 1.032674498856067657e-02 2.202912792563438416e-02 1.937141641974449158e-02 1.938811875879764557e-02 2.825575321912765503e-02 2.628978900611400604e-02 3.676707297563552856e-02 1.085244119167327881e-02 5.526663735508918762e-03 5.652658175677061081e-03 2.297882176935672760e-02 6.774751469492912292e-03 5.190737079828977585e-03 1.278890669345855713e-02 8.518384769558906555e-03 1.300072856247425079e-02 3.516977885738015175e-03 1.543920207768678665e-02 7.717201951891183853e-03 3.445263952016830444e-02 3.600094839930534363e-02 4.428446292877197266e-03 3.044983139261603355e-03 2.008520066738128662e-02 1.325266528874635696e-02 3.468334674835205078e-02 3.581461682915687561e-02 1.055375207215547562e-02 1.627939380705356598e-02 1.800784841179847717e-02 2.153997682034969330e-02 2.692388929426670074e-02 2.474644593894481659e-02 8.709116838872432709e-03 1.106812711805105209e-02 1.204275060445070267e-02 1.732977665960788727e-02 9.944801218807697296e-03 2.256632223725318909e-02 1.351442001760005951e-02 2.320089749991893768e-02 1.251113228499889374e-02 1.815466396510601044e-02 1.079435460269451141e-02 1.371027063578367233e-02 7.602095138281583786e-03 1.790726906619966030e-03 4.811967164278030396e-02 5.227174609899520874e-02 1.517412136308848858e-03 4.447561223059892654e-03 8.177638985216617584e-03 1.176353893242776394e-03 4.935868456959724426e-02 4.059689491987228394e-02 4.599903244525194168e-03 1.054459810256958008e-02 8.461787365376949310e-03 2.434335462749004364e-02 1.139675173908472061e-02 2.076994068920612335e-02 2.013980969786643982e-02 1.262299995869398117e-02 2.084397338330745697e-02 1.957173086702823639e-02 1.422319840639829636e-02 1.276197191327810287e-02 1.089943293482065201e-02 1.082545798271894455e-02 2.355988696217536926e-02 2.073679491877555847e-02 2.254715375602245331e-02 2.556372061371803284e-02 1.326610613614320755e-02 1.737111620604991913e-02 1.500654406845569611e-02 2.286642976105213165e-02 7.784276269376277924e-03 1.215410511940717697e-02 2.957951975986361504e-03 2.076975302770733833e-03 9.967496618628501892e-03 4.907136317342519760e-03
1.731432974338531494e-02 1.491315104067325592e-02 1.870029838755726814e-03 1.498421747237443924e-02 8.645142428576946259e-03 2.325424738228321075e-02 2.032750472426414490e-02 7.790873292833566666e-03 8.601723909378051758e-01 3.539635986089706421e-02 1.740430109202861786e-02 2.307633496820926666e-02 7.808165624737739563e-03 1.114973518997430801e-02 5.152297206223011017e-03 2.995209535583853722e-03 3.785439999774098396e-03 4.284113645553588867e-02 3.302212804555892944e-02 1.134654786437749863e-02 1.159438211470842361e-02 6.955465301871299744e-03 2.648153528571128845e-02 2.227742969989776611e-02 2.071626856923103333e-02 2.342986874282360077e-02 1.086507551372051239e-02 5.481003317981958389e-03 2.211700379848480225e-02 4.587340168654918671e-03 1.644607074558734894e-02 1.750016026198863983e-02 1.458384003490209579e-02 8.717227727174758911e-03 1.918869093060493469e-02 1.582712307572364807e-02 7.815279066562652588e-03 6.511441897600889206e-03 9.401459246873855591e-03 5.493546836078166962e-03 2.028418146073818207e-02 3.976817801594734192e-02 2.060009911656379700e-02 5.340240430086851120e-03 1.407191902399063110e-02 2.150311047444120049e-04 2.602367289364337921e-02 2.027835883200168610e-02 3.503774851560592651e-02 2.430686354637145996e-02 2.992337197065353394e-02 2.862090803682804108e-02 3.233488881960511208e-03 3.059710375964641571e-03 3.702203929424285889e-02 2.070520259439945221e-02 2.322798594832420349e-02 1.934498362243175507e-02 9.287211112678050995e-03 7.954712957143783569e-03 3.592198342084884644e-02 2.327895909547805786e-02 4.480477888137102127e-03 1.075819134712219238e-02 2.021034993231296539e-02 1.727717742323875427e-02 6.811214145272970200e-03 7.215289864689111710e-03 2.900874987244606018e-02 1.582297496497631073e-02 1.159822847694158554e-02 1.846903190016746521e-02 2.647346118465065956e-03 8.546747267246246338e-03 6.495711859315633774e-03 2.039897069334983826e-02 5.806502699851989746e-02 3.233866021037101746e-02 4.658713936805725098e-02 2.003541775047779083e-02 1.322644576430320740e-02 2.376520540565252304e-03 3.452856838703155518e-02 2.655497193336486816e-02 3.766809031367301941e-02 3.224896499887108803e-03 1.286555547267198563e-02 1.424009352922439575e-02 3.136608749628067017e-02 2.224622480571269989e-02 2.005139179527759552e-02 1.240334473550319672e-02 1.761224493384361267e-02 1.564687490463256836e-02 1.683805510401725769e-02 1.351445075124502182e-02 3.478509839624166489e-03 2.204328216612339020e-02 2.604243904352188110e-02 2.256267145276069641e-02 1.966502144932746887e-02 1.180405262857675552e-02 9.757094085216522217e-03 1.296520140022039413e-02 8.820594288408756256e-03 9.942143224179744720e-03 1.367210038006305695e-02 1.179100107401609421e-02 1.367025729268789291e-02 1.529077347368001938e-02 7.245683576911687851e-03 1.718606613576412201e-02 1.105944346636533737e-02 1.460583042353391647e-02 2.670110203325748444e-03 2.072549425065517426e-02
1.600438915193080902e-02 1.654776558279991150e-02 1.293388567864894867e-02 1.613687165081501007e-02 7.709867320954799652e-03 1.850684545934200287e-02 2.239241451025009155e-02 8.126764558255672455e-03 3.539635986089706421e-02 8.601723909378051758e-01 1.539940107613801956e-02 2.486772718839347363e-04 1.381358876824378967e-02 1.702300459146499634e-02 1.397210638970136642e-02 1.991077139973640442e-02 2.813817001879215240e-02 9.516348131000995636e-03 3.817037492990493774e-02 7.181511260569095612e-03 4.982812330126762390e-03 1.825744099915027618e-02 2.556252852082252502e-02 3.889194875955581665e-02 1.189217343926429749e-02 1.883071660995483398e-02 1.206700224429368973e-02 6.307094823569059372e-03 2.649879083037376404e-02 1.276349532417953014e-03 1.251437235623598099e-02 1.412364654242992401e-02 1.219945587217807770e-02 2.335368841886520386e-02 2.196248807013034821e-02 1.207299251109361649e-02 2.861434407532215118e-02 1.636638119816780090e-02 1.238547917455434799e-02 9.595009498298168182e-03 1.534923538565635681e-02 9.952730499207973480e-03 1.725108176469802856e-02 1.723159290850162506e-02 6.952045485377311707e-03 2.366905845701694489e-02 2.515668421983718872e-02 2.313506975769996643e-02 9.013419039547443390e-03 4.470112547278404236e-02 1.067034318111836910e-03 7.935572415590286255e-03 1.295879855751991272e-02 4.924356471747159958e-03 5.103572737425565720e-03 3.254152834415435791e-02 2.915026620030403137e-03 2.202541753649711609e-02 3.464222885668277740e-03 9.460211731493473053e-04 3.435695543885231018e-03 2.802682667970657349e-02 6.291007623076438904e-03 1.228081900626420975e-02 1.789514906704425812e-02 1.128832530230283737e-02 1.898197340779006481e-03 4.617032594978809357e-03 8.003998547792434692e-03 2.916166186332702637e-02 2.590455301105976105e-02 1.245360262691974640e-02 2.905707433819770813e-02 1.996067166328430176e-02 1.743646711111068726e-02 6.474360823631286621e-03 2.081081829965114594e-02 6.663318723440170288e-02 2.109230309724807739e-02 5.497918277978897095e-02 1.163765974342823029e-02 3.329679835587739944e-03 1.376305613666772842e-02 4.213786125183105469e-02 1.731349155306816101e-02 1.565225422382354736e-02 1.143203675746917725e-02 5.647378973662853241e-03 1.992794312536716461e-02 2.534683793783187866e-02 2.156309597194194794e-02 2.391968481242656708e-02 1.545621361583471298e-02 1.355416420847177505e-02 2.225539088249206543e-02 2.921198308467864990e-02 2.608970366418361664e-02 4.943115636706352234e-03 2.416544035077095032e-02 3.391879424452781677e-02 7.293265312910079956e-03 1.057700533419847488e-02 1.885748654603958130e-02 1.238067634403705597e-02 5.794971715658903122e-03 6.261711008846759796e-03 1.632029563188552856e-02 7.914535701274871826e-03 1.422449201345443726e-02 8.017540909349918365e-03 3.467799630016088486e-03 1.328736823052167892e-02 3.006760729476809502e-03 2.247349621029570699e-04 1.610313914716243744e-02 3.877631097566336393e-04
4.139965772628784180e-02 4.218715056777000427e-02 2.602286264300346375e-02 6.620102562010288239e-03 5.244716070592403412e-03 3.839579969644546509e-02 3.683249279856681824e-02 2.801472321152687073e-02 1.740430109202861786e-02 1.539940107613801956e-02 8.601723909378051758e-01 1.704431721009314060e-03 4.714819416403770447e-02 1.878772745840251446e-03 2.784136310219764709e-02 1.432239171117544174e-02 6.843583658337593079e-03 2.189908735454082489e-02 2.238425239920616150e-02 1.923444867134094238e-02 2.237408421933650970e-02 3.257460147142410278e-02 1.814662292599678040e-02 1.876283809542655945e-02 1.834176294505596161e-02 2.216449752449989319e-02 2.243873476982116699e-02 5.681151058524847031e-03 3.480353578925132751e-02 2.582920133136212826e-04 3.684697672724723816e-02 1.715102605521678925e-02 2.592932432889938354e-02 1.925186067819595337e-02 2.509843558073043823e-02 2.357029542326927185e-02 2.032865025103092194e-02 3.641041740775108337e-02 2.092866972088813782e-02 2.214864827692508698e-02 1.569891907274723053e-02 1.370109058916568756e-02 2.303858846426010132e-02 1.161695271730422974e-02 1.939727575518190861e-03 7.953783497214317322e-03 3.662385419011116028e-02 3.813254088163375854e-02 5.371537525206804276e-03 1.228260900825262070e-02 2.245391160249710083e-02 1.755560003221035004e-02 2.245344035327434540e-02 2.349198050796985626e-02 1.012673228979110718e-02 5.160980392247438431e-03 1.771108619868755341e-02 1.213864237070083618e-02 1.280370820313692093e-02 1.691354252398014069e-02 2.344974689185619354e-02 1.878068968653678894e-02 1.243406534194946289e-02 1.146953646093606949e-02 3.864138945937156677e-02 3.977617248892784119e-02 1.345960143953561783e-02 1.981119439005851746e-02 1.184506248682737350e-02 2.410029247403144836e-02 5.170524120330810547e-03 2.449449524283409119e-02 2.249092794954776764e-03 1.813730597496032715e-02 2.247121650725603104e-03 2.194594405591487885e-02 1.739537902176380157e-02 1.230448577553033829e-02 4.509173799306154251e-03 3.506781766191124916e-03 2.293685451149940491e-02 2.571298927068710327e-02 1.973956450819969177e-02 1.562038343399763107e-02 6.732364650815725327e-03 1.223888155072927475e-02 3.414726629853248596e-02 3.106429986655712128e-02 3.915518056601285934e-03 4.512142390012741089e-03 3.475421294569969177e-02 3.580942004919052124e-02 3.480661287903785706e-02 2.952174283564090729e-02 1.849268004298210144e-02 1.299560349434614182e-02 2.171142771840095520e-02 2.497245557606220245e-02 1.861759647727012634e-02 1.816621236503124237e-02 1.372908242046833038e-02 1.653938181698322296e-02 2.505558170378208160e-02 2.588402666151523590e-02 1.940137334167957306e-02 1.597063429653644562e-02 1.610579155385494232e-02 1.469966862350702286e-02 1.885427907109260559e-02 2.545243315398693085e-02 2.260982524603605270e-03 1.807963242754340172e-03 5.669794976711273193e-03 2.013798616826534271e-02 1.762103848159313202e-02 1.271078642457723618e-02
1.412656810134649277e-02 1.407748647034168243e-02 8.178905583918094635e-03 1.478865463286638260e-02 1.752614229917526245e-02 1.926016807556152344e-02 2.025332115590572357e-02 1.491528283804655075e-02 2.307633496820926666e-02 2.486772718839347363e-04 1.704431721009314060e-03 8.601723909378051758e-01 3.099299967288970947e-03 8.161474019289016724e-02 5.038945470005273819e-03 1.741199940443038940e-02 2.082398533821105957e-02 3.190748248016461730e-05 6.455764640122652054e-03 2.348474663449451327e-04 3.708097618073225021e-03 2.076144330203533173e-03 3.216995671391487122e-02 2.347627654671669006e-02 3.101640148088335991e-03 5.770780146121978760e-03 8.030213415622711182e-03 5.732692405581474304e-02 2.610356314107775688e-04 5.591558292508125305e-02 4.126726416870951653e-04 1.888332189992070198e-03 7.242860272526741028e-03 1.217716839164495468e-02 1.663861330598592758e-03 1.900704763829708099e-02 9.701448492705821991e-03 5.045438185334205627e-03 1.954762823879718781e-02 2.833043783903121948e-02 2.321477420628070831e-02 1.193436793982982635e-02 1.048569465638138354e-04 8.395859971642494202e-03 2.752286009490489960e-02 1.006166730076074600e-02 1.363268215209245682e-02 6.339782383292913437e-03 6.302888970822095871e-03 9.977400302886962891e-03 1.730596646666526794e-02 1.836729608476161957e-02 1.290134619921445847e-02 1.150639727711677551e-02 3.402374684810638428e-03 7.691713981330394745e-03 2.176099643111228943e-02 1.628447696566581726e-02 2.271979488432407379e-02 1.413893885910511017e-02 4.280315712094306946e-03 2.278481144458055496e-03 1.358586549758911133e-02 1.760868541896343231e-02 1.276125694857910275e-04 2.924341242760419846e-03 3.769204020500183105e-03 6.648613139986991882e-03 3.856106847524642944e-02 4.173815716058015823e-03 3.006222657859325409e-02 1.438203081488609314e-02 4.155114293098449707e-02 2.234083227813243866e-02 4.309699311852455139e-02 2.484737895429134369e-02 3.303203731775283813e-02 1.423175726085901260e-02 1.243477873504161835e-02 1.785201951861381531e-02 1.312211435288190842e-02 6.432867958210408688e-04 8.410514332354068756e-03 3.944145049899816513e-03 1.627588644623756409e-02 1.249815989285707474e-02 6.178861949592828751e-03 2.459970070049166679e-03 5.420430004596710205e-02 4.336716979742050171e-02 1.222623232752084732e-02 3.120238034171052277e-05 4.959066864103078842e-03 6.980205886065959930e-03 1.429188437759876251e-02 1.575113460421562195e-02 6.325035355985164642e-03 3.005196899175643921e-02 3.015384310856461525e-03 6.464147940278053284e-03 1.256793551146984100e-02 8.431706577539443970e-03 1.217924803495407104e-02 1.090792100876569748e-02 1.608170568943023682e-02 2.198426425457000732e-02 8.042881265282630920e-03 2.565716020762920380e-02 9.013015776872634888e-03 6.089924834668636322e-03 3.254682198166847229e-02 4.109296575188636780e-02 1.649582758545875549e-02 1.569460611790418625e-03 2.842915803194046021e-02 3.020724467933177948e-02
4.289255291223526001e-02 4.859669879078865051e-02 2.205898985266685486e-02 4.825490177609026432e-04 8.546306751668453217e-03 4.027662053704261780e-02 3.870038315653800964e-02 2.706415019929409027e-02 7.808165624737739563e-03 1.381358876824378967e-02 4.714819416403770447e-02 3.099299967288970947e-03 8.601723909378051758e-01 1.336340908892452717e-03 2.757781371474266052e-02 1.629852503538131714e-02 1.137732435017824173e-02 1.239291951060295105e-02 1.762833073735237122e-02 1.654013246297836304e-02 1.863345876336097717e-02 3.436803445219993591e-02 1.422178838402032852e-02 1.587322540581226349e-02 1.544118952006101608e-02 2.033280581235885620e-02 2.096074260771274567e-02 3.739850595593452454e-03 3.024106845259666443e-02 1.804589119274169207e-04 3.429982438683509827e-02 1.351699046790599823e-02 2.244077995419502258e-02 1.830329746007919312e-02 2.508855983614921570e-02 2.116012386977672577e-02 2.131097018718719482e-02 3.781493753194808960e-02 1.763527095317840576e-02 2.206473052501678467e-02 1.745478250086307526e-02 8.610974065959453583e-03 2.017565257847309113e-02 1.023107115179300308e-02 2.476349472999572754e-03 6.984899751842021942e-03 3.776290640234947205e-02 3.789163753390312195e-02 8.733911818126216531e-05 1.382332388311624527e-02 1.475720945745706558e-02 1.179813686758279800e-02 1.864076778292655945e-02 2.282152324914932251e-02 3.382883500307798386e-03 7.855338044464588165e-03 1.381001528352499008e-02 5.323801655322313309e-03 8.872971870005130768e-03 1.120491977781057358e-02 1.589932478964328766e-02 2.084355801343917847e-02 1.520968694239854813e-02 1.456789672374725342e-02 3.636330738663673401e-02 4.105642065405845642e-02 8.196942508220672607e-03 1.402769517153501511e-02 9.964532218873500824e-03 2.180457673966884613e-02 5.729712080210447311e-03 2.078714594244956970e-02 5.022068507969379425e-04 1.634010113775730133e-02 4.743433557450771332e-03 1.591425389051437378e-02 1.091997511684894562e-02 1.165434531867504120e-02 4.864172544330358505e-03 3.344766562804579735e-03 2.173161320388317108e-02 2.695467323064804077e-02 1.598540693521499634e-02 1.646900177001953125e-02 2.735815942287445068e-03 7.964287884533405304e-03 3.168193995952606201e-02 2.949851006269454956e-02 1.043317932635545731e-02 1.095197815448045731e-02 3.559197857975959778e-02 3.800657391548156738e-02 3.816625848412513733e-02 3.196575865149497986e-02 1.641158014535903931e-02 1.488237921148538589e-02 2.694128267467021942e-02 2.014910057187080383e-02 1.782409101724624634e-02 1.699240878224372864e-02 1.164585351943969727e-02 1.488861069083213806e-02 3.161014989018440247e-02 2.775616943836212158e-02 1.597638055682182312e-02 1.489986013621091843e-02 1.617933809757232666e-02 9.780847467482089996e-03 1.838083192706108093e-02 1.828295364975929260e-02 4.755379632115364075e-03 7.166772149503231049e-03 5.064142751507461071e-04 1.222542021423578262e-02 1.347395684570074081e-02 1.017995364964008331e-02
