8.536291122436523438e-01 4.613001644611358643e-02 1.656553149223327637e-02 2.595437131822109222e-02 2.481520734727382660e-02 3.038252703845500946e-02 2.894018217921257019e-02 2.054656855762004852e-02 1.296824309974908829e-02 1.820382475852966309e-02 3.479889780282974243e-02 2.867138944566249847e-02 2.406839653849601746e-02 2.346744947135448456e-02 2.458715997636318207e-02 1.994473673403263092e-02 1.139843650162220001e-02 1.052448339760303497e-02 1.648829691112041473e-02 2.270588278770446777e-02 2.489033713936805725e-02 2.483231201767921448e-02 1.128704100847244263e-02 9.688812308013439178e-03 1.807543821632862091e-02 1.532316766679286957e-02 1.905049942433834076e-02 2.198017947375774384e-02 1.808921620249748230e-02 2.467672713100910187e-02 1.052369549870491028e-02 1.924005337059497833e-02 5.497296340763568878e-03 1.878114417195320129e-02 1.073613390326499939e-02 2.613366581499576569e-02 2.720085158944129944e-02 1.103111170232295990e-02 2.035102620720863342e-02 2.066991291940212250e-02 5.033489316701889038e-03 1.764672994613647461e-02 2.899765223264694214e-02 4.160689655691385269e-03 2.446218580007553101e-02 2.114205993711948395e-02 3.658401221036911011e-02 1.724359951913356781e-02 4.659201949834823608e-03 1.558025553822517395e-02 2.755894139409065247e-02 2.801544778048992157e-02 2.340036444365978241e-02 1.829515956342220306e-02 8.554778993129730225e-03 4.266647621989250183e-03 1.918060937896370888e-03 1.112796738743782043e-02 2.208858169615268707e-02 1.590257510542869568e-02 9.842672385275363922e-03 1.296975533477962017e-03 1.194565929472446442e-02 8.825526572763919830e-03 2.035938203334808350e-02 8.330617100000381470e-03 1.837899163365364075e-02 2.143407985568046570e-02 1.573567278683185577e-02 2.010843157768249512e-02 5.860504228621721268e-03 4.313306417316198349e-03 2.680234052240848541e-02 3.164616972208023071e-02 2.187149971723556519e-02 1.498497743159532547e-02 1.164750009775161743e-02 1.156363356858491898e-02 3.826594213023781776e-03 8.903663605451583862e-03 1.272567827254533768e-02 6.647827103734016418e-03 1.581325568258762360e-02 2.815975621342658997e-02 6.294281221926212311e-03 9.559878148138523102e-03 2.091091126203536987e-02 1.675067096948623657e-02 8.577523753046989441e-03 5.203573033213615417e-03 4.062402620911598206e-02 1.978355646133422852e-02 2.824966423213481903e-02 1.306770183145999908e-02 2.428249455988407135e-02 2.391786687076091766e-02 1.597289927303791046e-02 1.750482805073261261e-02 6.759868469089269638e-03 2.291214838624000549e-02 2.214027382433414459e-02 2.251433767378330231e-02 1.327218674123287201e-02 1.930110715329647064e-02 1.493075676262378693e-02 1.680288091301918030e-02 1.992368884384632111e-02 2.370047755539417267e-02 2.423564903438091278e-02 1.434943918138742447e-02 5.644693970680236816e-03 4.700547084212303162e-03 2.272414043545722961e-02 2.252443693578243256e-02 7.780320476740598679e-03 1.737145124934613705e-03
4.613001644611358643e-02 8.536291122436523438e-01 1.234107930213212967e-02 1.508520450443029404e-02 6.325380876660346985e-03 2.705129049718379974e-02 3.997690603137016296e-02 1.441573444753885269e-02 1.190818473696708679e-02 4.117212258279323578e-03 3.611741214990615845e-02 1.224206853657960892e-02 3.582362458109855652e-02 1.210195012390613556e-02 2.852280810475349426e-02 1.421539112925529480e-03 1.363813690841197968e-02 1.547607034444808960e-02 1.479737833142280579e-02 7.408257108181715012e-03 2.287479676306247711e-02 3.442681953310966492e-02 8.753561414778232574e-03 2.086238749325275421e-02 5.794770084321498871e-03 2.398473769426345825e-02 2.219879627227783203e-02 8.242292329668998718e-03 1.856301538646221161e-02 1.821055635809898376e-02 2.811737917363643646e-02 4.002323839813470840e-03 2.754179295152425766e-03 4.037647973746061325e-03 9.690130129456520081e-03 1.046540681272745132e-02 1.196007616817951202e-02 1.172675937414169312e-02 8.006494492292404175e-03 6.860873196274042130e-03 1.271018409170210361e-03 7.689360529184341431e-03 2.667357400059700012e-02 2.427279250696301460e-03 1.839833706617355347e-02 1.333661004900932312e-02 3.420681133866310120e-02 3.776188939809799194e-02 4.337005317211151123e-03 1.320684142410755157e-02 1.211102772504091263e-02 1.295294985175132751e-02 1.520830485969781876e-02 1.498140767216682434e-02 1.239993236958980560e-02 7.077452261000871658e-03 9.255900979042053223e-03 2.836259081959724426e-02 2.144341543316841125e-02 1.082256343215703964e-02 8.084483444690704346e-03 8.604768663644790649e-03 1.194203644990921021e-02 1.102785300463438034e-02 3.003323823213577271e-02 2.608905918896198273e-02 4.409569315612316132e-03 2.294748835265636444e-02 2.857858547940850258e-03 3.339149802923202515e-02 1.642509736120700836e-02 2.177060581743717194e-02 1.631400175392627716e-02 4.592628404498100281e-02 1.688027405180037022e-03 2.144498005509376526e-02 1.363891270011663437e-02 6.806734483689069748e-03 8.296829648315906525e-03 6.238341331481933594e-03 1.203371677547693253e-02 3.883494529873132706e-03 3.615443594753742218e-03 1.123175304383039474e-02 6.917632184922695160e-03 1.880994997918605804e-02 2.144424989819526672e-02 8.651670068502426147e-03 4.857107996940612793e-03 1.821820437908172607e-02 4.019258543848991394e-02 2.174013853073120117e-02 4.304275289177894592e-02 2.992451936006546021e-02 1.704872585833072662e-02 1.460710726678371429e-02 2.365907654166221619e-02 2.057248912751674652e-02 1.254430389963090420e-03 1.155364443548023701e-03 1.071525923907756805e-02 4.983073100447654724e-03 1.571508124470710754e-02 2.488285303115844727e-02 1.392846647650003433e-02 1.370424591004848480e-02 4.169895313680171967e-03 3.525183722376823425e-02 7.175265345722436905e-03 3.570720925927162170e-02 4.830503021366894245e-04 2.873217454180121422e-03 1.167432777583599091e-02 1.520632766187191010e-02 1.634611515328288078e-03 1.511906366795301437e-02
1.656553149223327637e-02 1.234107930213212967e-02 8.536291122436523438e-01 3.352813422679901123e-03 8.774788584560155869e-04 1.395858731120824814e-02 1.082915812730789185e-02 5.166777595877647400e-02 8.061912842094898224e-03 2.654634602367877960e-02 1.587161794304847717e-02 1.249790936708450317e-02 2.514591068029403687e-02 9.437290951609611511e-03 3.032995387911796570e-02 1.766290661180391908e-04 4.994425689801573753e-04 1.091368123888969421e-02 1.190063892863690853e-03 6.549956277012825012e-03 1.548827812075614929e-02 1.936520263552665710e-02 6.327941082417964935e-03 6.290955469012260437e-03 8.830154314637184143e-03 1.836760528385639191e-02 9.047490544617176056e-03 3.373091574758291245e-03 1.119777467101812363e-02 1.119807735085487366e-02 1.241692900657653809e-02 1.657933316892012954e-04 8.940393105149269104e-03 1.720327301882207394e-03 1.064689643681049347e-02 9.729000739753246307e-03 1.706739328801631927e-02 8.264094591140747070e-03 7.453898899257183075e-03 1.636792719364166260e-02 5.630922969430685043e-03 5.178433842957019806e-03 1.001544203609228134e-02 3.401583433151245117e-02 1.069416664540767670e-02 2.005577087402343750e-02 2.127990871667861938e-02 6.540770176798105240e-03 1.006110664457082748e-02 9.444938041269779205e-03 8.143721148371696472e-03 2.493837615475058556e-03 1.505062915384769440e-02 6.774464622139930725e-03 3.536254866048693657e-03 1.239629276096820831e-02 1.165651995688676834e-02 1.855123229324817657e-02 1.545475143939256668e-02 8.763043209910392761e-03 5.719498265534639359e-03 1.206735428422689438e-02 1.673560007475316525e-03 1.120960153639316559e-02 2.540233172476291656e-02 1.774238236248493195e-02 1.411839108914136887e-02 4.081454593688249588e-03 2.831065561622381210e-03 1.296458067372441292e-03 2.271190285682678223e-03 6.961141480132937431e-04 1.367654930800199509e-02 6.075656041502952576e-03 5.874759051948785782e-03 2.321110293269157410e-02 2.972394600510597229e-02 2.993747591972351074e-02 2.673624549061059952e-03 2.396006695926189423e-02 6.403753161430358887e-02 4.476134851574897766e-02 1.290634647011756897e-02 7.131767459213733673e-03 1.151074655354022980e-02 1.553978654555976391e-04 4.749034345149993896e-02 4.142212867736816406e-02 1.296139415353536606e-02 2.070157788693904877e-03 1.060175616294145584e-02 1.800934411585330963e-02 7.995151914656162262e-03 1.527632679790258408e-02 8.048868738114833832e-03 2.635754412040114403e-03 1.525238901376724243e-02 1.862728968262672424e-02 5.101381335407495499e-03 1.163056865334510803e-02 7.295631337910890579e-03 3.914440982043743134e-03 3.811027621850371361e-03 2.316898666322231293e-02 9.239688515663146973e-03 1.349669415503740311e-02 3.012819774448871613e-02 2.051125839352607727e-02 1.070736721158027649e-02 2.495760098099708557e-02 3.388243541121482849e-02 2.966588921844959259e-02 8.543328382074832916e-03 3.638092661276459694e-03 1.539470534771680832e-02 2.622204832732677460e-02
2.595437131822109222e-02 1.508520450443029404e-02 3.352813422679901123e-03 8.536291122436523438e-01 5.054284259676933289e-02 2.600168250501155853e-02 2.241116948425769806e-02 7.119453046470880508e-03 2.513239905238151550e-02 1.291393116116523743e-02 2.172778546810150146e-02 1.574692316353321075e-02 2.500708401203155518e-02 1.780265569686889648e-02 1.647147163748741150e-02 2.428590320050716400e-02 8.013712242245674133e-03 2.978979237377643585e-02 2.571878768503665924e-02 9.515520185232162476e-03 1.495920494198799133e-02 1.470548287034034729e-02 9.582687169313430786e-03 7.776993326842784882e-03 1.771026663482189178e-02 1.368110813200473785e-02 2.043206803500652313e-02 1.577463373541831970e-02 2.248831465840339661e-02 1.930636912584304810e-02 2.342743426561355591e-02 1.962326094508171082e-02 1.628475077450275421e-02 1.562303118407726288e-02 2.846337854862213135e-02 1.441542804241180420e-02 2.472789026796817780e-02 1.177848130464553833e-02 3.110128641128540039e-02 3.106362372636795044e-02 1.013464992865920067e-03 2.213194780051708221e-02 2.364842779934406281e-02 1.323885191231966019e-02 2.340144664049148560e-02 4.243763629347085953e-03 3.080843761563301086e-02 1.562515273690223694e-02 3.608498082030564547e-04 8.893859572708606720e-03 3.339637443423271179e-02 3.176740929484367371e-02 1.109122764319181442e-02 2.730412036180496216e-02 1.107358932495117188e-02 2.517815446481108665e-03 1.141397934406995773e-02 1.225177943706512451e-02 1.514911279082298279e-02 1.841444894671440125e-02 2.428189292550086975e-02 8.408856578171253204e-03 6.913301069289445877e-03 2.655103104189038277e-03 1.338047813624143600e-02 1.453415211290121078e-02 2.403687871992588043e-02 1.462925784289836884e-02 1.724306307733058929e-02 7.986174314282834530e-04 4.412157926708459854e-03 3.025874961167573929e-03 3.892162442207336426e-02 4.121363162994384766e-03 3.993680700659751892e-02 4.880717024207115173e-03 2.037668600678443909e-03 1.228464534506201744e-03 8.936656638979911804e-03 7.526138797402381897e-03 5.366159137338399887e-03 4.644747823476791382e-03 3.583018481731414795e-02 3.180946037173271179e-02 1.015055552124977112e-02 1.615210552699863911e-03 9.806873276829719543e-04 6.324608810245990753e-03 8.775722817517817020e-04 6.818366702646017075e-03 3.103592991828918457e-02 4.020549356937408447e-03 2.108703367412090302e-02 1.142318546772003174e-02 3.389209136366844177e-02 2.192938886582851410e-02 3.730255411937832832e-03 8.747950196266174316e-03 1.975946500897407532e-02 1.895702444016933441e-02 1.720274239778518677e-02 2.396854385733604431e-02 7.476497907191514969e-03 1.475624926388263702e-02 1.020504999905824661e-02 2.173244953155517578e-02 1.030147448182106018e-02 3.677280154079198837e-03 1.598024554550647736e-02 1.124911848455667496e-02 1.357858069241046906e-02 8.240506052970886230e-03 3.450405970215797424e-02 3.140890970826148987e-02 1.914485008455812931e-03 8.008697186596691608e-04
2.481520734727382660e-02 6.325380876660346985e-03 8.774788584560155869e-04 5.054284259676933289e-02 8.536291122436523438e-01 2.283165790140628815e-02 8.129548281431198120e-03 8.671812713146209717e-03 1.748781837522983551e-02 2.275369688868522644e-02 2.728977240622043610e-02 1.334881177172064781e-03 1.480929832905530930e-02 3.845747094601392746e-03 1.606172882020473480e-02 2.530514635145664215e-02 1.047158520668745041e-02 2.752454206347465515e-02 3.499355167150497437e-02 5.041186232119798660e-03 8.396988734602928162e-03 1.902329921722412109e-02 5.205579567700624466e-03 9.540083818137645721e-03 1.505331322550773621e-02 1.213875249959528446e-03 1.723494566977024078e-02 2.174143912270665169e-03 2.549627982079982758e-02 7.865329273045063019e-03 6.335228681564331055e-03 2.234263159334659576e-02 1.653570868074893951e-02 1.758492179214954376e-02 2.840916439890861511e-02 1.740231551229953766e-02 2.024733647704124451e-02 2.255454100668430328e-02 3.807982057332992554e-02 3.579096496105194092e-02 2.250655181705951691e-02 1.295698527246713638e-02 1.348104327917098999e-02 6.337314844131469727e-03 1.421993598341941833e-02 1.013559009879827499e-02 2.253063209354877472e-02 1.495057367719709873e-03 6.313761230558156967e-03 1.645276322960853577e-02 1.838793605566024780e-02 1.717749424278736115e-02 1.201264839619398117e-02 2.196434512734413147e-02 1.117412466555833817e-02 1.482694223523139954e-02 6.469171494245529175e-03 8.417640812695026398e-03 1.623318996280431747e-03 1.882935315370559692e-02 2.276621200144290924e-02 2.052439376711845398e-02 9.025408886373043060e-03 1.003147684969007969e-03 8.597549982368946075e-03 1.080911140888929367e-02 1.764789037406444550e-02 1.199770905077457428e-02 1.540015265345573425e-02 6.330140400677919388e-03 6.054051220417022705e-03 2.990052802488207817e-03 3.127598762512207031e-02 3.142423694953322411e-03 3.808888047933578491e-02 4.011356737464666367e-03 1.609824481420218945e-03 2.033427730202674866e-02 7.932954467833042145e-04 8.785195648670196533e-03 4.982421640306711197e-03 6.780726835131645203e-04 3.176838904619216919e-02 4.082949459552764893e-02 1.513411570340394974e-02 6.277363747358322144e-03 3.465336922090500593e-04 1.172251719981431961e-02 8.483258076012134552e-03 1.136792078614234924e-02 1.639009639620780945e-02 4.733904730528593063e-03 7.578427903354167938e-04 1.587108708918094635e-02 3.887072205543518066e-02 2.057549543678760529e-02 5.725023802369832993e-03 4.378595389425754547e-03 1.774969138205051422e-02 2.312827669084072113e-02 2.692507579922676086e-02 2.417400665581226349e-02 4.700097721070051193e-03 1.064782403409481049e-02 4.924287553876638412e-03 1.844044029712677002e-02 2.988832443952560425e-02 7.418859750032424927e-04 2.468317374587059021e-02 3.869638545438647270e-03 2.598432824015617371e-03 4.564309958368539810e-03 2.653842419385910034e-02 2.080518379807472229e-02 1.101671718060970306e-03 7.554402574896812439e-03
3.038252703845500946e-02 2.705129049718379974e-02 1.395858731120824814e-02 2.600168250501155853e-02 2.283165790140628815e-02 8.536291122436523438e-01 4.478123784065246582e-02 2.229692786931991577e-02 2.068098261952400208e-02 9.316613897681236267e-03 3.082661889493465424e-02 7.612922694534063339e-03 3.415950387716293335e-02 3.729710588231682777e-03 2.965752594172954559e-02 1.554660499095916748e-02 2.641236176714301109e-03 2.713890559971332550e-02 1.609226129949092865e-02 6.934894248843193054e-03 2.063493244349956512e-02 2.213806100189685822e-02 6.457457318902015686e-03 3.999646287411451340e-04 1.983822509646415710e-02 2.338486164808273315e-02 2.223601378500461578e-02 1.278240699321031570e-02 2.990139089524745941e-02 1.052754465490579605e-03 2.679004333913326263e-02 2.331510186195373535e-02 1.676889881491661072e-02 1.927347667515277863e-02 1.607234030961990356e-02 2.499378658831119537e-02 2.239795960485935211e-02 7.600983139127492905e-03 1.270882971584796906e-02 1.846229098737239838e-02 5.285459104925394058e-03 2.165157161653041840e-02 3.320465236902236938e-02 1.082515623420476913e-02 1.524265273474156857e-03 5.566867068409919739e-03 4.923392459750175476e-02 2.884481661021709442e-02 1.770956441760063171e-02 1.161201670765876770e-02 2.027788013219833374e-02 3.045646473765373230e-02 1.965590380132198334e-02 1.969049684703350067e-02 2.060180157423019409e-02 1.710302312858402729e-03 2.256948035210371017e-03 2.663298277184367180e-03 2.237165160477161407e-02 2.085121162235736847e-02 1.823606155812740326e-02 1.350833801552653313e-03 1.403741352260112762e-02 6.199827417731285095e-03 3.101300075650215149e-02 2.857270464301109314e-02 1.195288915187120438e-02 2.904327958822250366e-02 9.843193925917148590e-03 1.818220876157283783e-02 1.133733801543712616e-02 1.434825547039508820e-02 1.614403538405895233e-02 1.186344120651483536e-02 1.410608831793069839e-02 1.698403432965278625e-02 1.632027328014373779e-02 4.815885797142982483e-03 2.131146937608718872e-02 5.875754170119762421e-03 1.592621207237243652e-02 1.915015839040279388e-02 2.331166900694370270e-02 1.847514137625694275e-02 1.188382692635059357e-02 1.286173937842249870e-03 2.096860855817794800e-02 2.558904141187667847e-02 1.738987118005752563e-02 1.869954913854598999e-02 3.913066908717155457e-02 1.941645890474319458e-02 2.382983081042766571e-02 2.656804211437702179e-02 1.871123351156711578e-02 1.751643605530261993e-02 1.755245961248874664e-02 1.567799784243106842e-02 9.106467477977275848e-03 1.364353299140930176e-02 2.321063913404941559e-02 2.149803005158901215e-02 1.265182439237833023e-02 1.658128201961517334e-02 1.342473458498716354e-02 1.585154421627521515e-02 1.466521900147199631e-02 2.533582597970962524e-02 2.298599481582641602e-02 2.364898473024368286e-02 9.187269955873489380e-03 4.988671280443668365e-03 2.410019002854824066e-02 3.222125396132469177e-02 1.590010337531566620e-02 1.613907807040959597e-04
2.894018217921257019e-02 3.997690603137016296e-02 1.082915812730789185e-02 2.241116948425769806e-02 8.129548281431198120e-03 4.478123784065246582e-02 8.536291122436523438e-01 2.091020904481410980e-02 1.014036126434803009e-02 8.385734632611274719e-03 3.216487169265747070e-02 1.146632432937622070e-02 4.361540451645851135e-02 1.432112604379653931e-02 3.020963817834854126e-02 1.817122683860361576e-03 1.731174811720848083e-02 1.564634405076503754e-02 1.534755458123981953e-03 2.937923884019255638e-03 2.530285343527793884e-02 2.547404542565345764e-02 6.693936418741941452e-03 1.873824372887611389e-02 1.562536135315895081e-02 3.312898799777030945e-02 2.676997333765029907e-02 1.493628788739442825e-02 3.038379922509193420e-02 1.128661818802356720e-02 3.943220153450965881e-02 8.396589197218418121e-03 1.616339012980461121e-02 6.315962411463260651e-03 1.728710718452930450e-02 1.103687658905982971e-02 1.123381778597831726e-02 5.786370951682329178e-03 4.920785315334796906e-03 5.960510112345218658e-03 6.075518671423196793e-03 1.398077048361301422e-02 3.051841631531715393e-02 7.534597069025039673e-03 7.432655896991491318e-03 8.071925491094589233e-03 4.751272127032279968e-02 5.158645659685134888e-02 1.299943961203098297e-02 6.838625413365662098e-04 2.160572819411754608e-02 2.790146134793758392e-02 1.077406480908393860e-02 2.369471080601215363e-02 1.502557191997766495e-02 8.082934655249118805e-03 1.234011841006577015e-03 2.574392035603523254e-02 2.356678992509841919e-02 2.141639403998851776e-02 7.823789492249488831e-03 1.606663875281810760e-02 1.794318668544292450e-02 6.004724185913801193e-03 3.599637374281883240e-02 3.823155909776687622e-02 1.124191470444202423e-02 2.896633744239807129e-02 7.997415028512477875e-03 2.474624477326869965e-02 2.707799710333347321e-02 1.944803446531295776e-02 1.916396617889404297e-02 2.015947178006172180e-02 1.055739168077707291e-02 1.178714260458946228e-02 1.266862265765666962e-02 2.383473329246044159e-02 1.268493570387363434e-02 1.856881717685610056e-04 1.063927169889211655e-02 1.300142426043748856e-02 1.449983660131692886e-02 3.063577460125088692e-03 3.619266208261251450e-03 9.030735120177268982e-03 1.584160514175891876e-02 1.665415242314338684e-02 2.246357733383774757e-03 1.855370355769991875e-03 4.333425685763359070e-02 1.977856084704399109e-02 4.791264608502388000e-02 2.770987339317798615e-02 1.002157293260097504e-02 1.457602344453334808e-02 1.597529463469982147e-02 1.274987682700157166e-02 1.204677973873913288e-03 8.824081742204725742e-04 1.400966476649045944e-02 1.263967994600534439e-02 1.450522802770137787e-02 1.882894337177276611e-02 1.155518367886543274e-02 1.606765203177928925e-02 5.088063888251781464e-03 2.991707623004913330e-02 1.076232735067605972e-02 3.562410920858383179e-02 5.942825693637132645e-03 6.286158226430416107e-03 2.235337905585765839e-02 3.018036112189292908e-02 1.001024153083562851e-03 4.880160093307495117e-03
2.054656855762004852e-02 1.441573444753885269e-02 5.166777595877647400e-02 7.119453046470880508e-03 8.671812713146209717e-03 2.229692786931991577e-02 2.091020904481410980e-02 8.536291122436523438e-01 1.314676273614168167e-02 1.758860051631927490e-02 2.265704609453678131e-02 1.064778212457895279e-02 2.837866917252540588e-02 2.989660948514938354e-03 3.302917629480361938e-02 1.582973822951316833e-02 1.165593229234218597e-02 1.219309028238058090e-02 9.666480123996734619e-03 1.783920824527740479e-02 1.034934259951114655e-02 1.748072728514671326e-02 1.318588852882385254e-02 1.761065423488616943e-02 1.071038283407688141e-02 8.061924017965793610e-03 1.812991127371788025e-02 2.124775201082229614e-02 2.302175201475620270e-02 1.685955189168453217e-02 2.046519145369529724e-02 1.728861033916473389e-02 5.820261314511299133e-03 1.634137146174907684e-02 8.106804452836513519e-04 2.317519299685955048e-02 2.573215775191783905e-02 1.706023584119975567e-03 8.280170150101184845e-03 9.811297059059143066e-04 1.389321591705083847e-02 1.079534180462360382e-02 1.160007715225219727e-02 1.549857668578624725e-02 9.402948198840022087e-04 1.825121790170669556e-02 2.734304033219814301e-02 2.285899221897125244e-02 1.594262779690325260e-03 1.448856107890605927e-02 1.809417083859443665e-02 1.292557734996080399e-02 2.523230016231536865e-02 1.954333484172821045e-02 1.092897541821002960e-02 3.333411412313580513e-03 1.024124026298522949e-02 1.058319676667451859e-02 3.307522460818290710e-02 3.077817149460315704e-02 1.049448736011981964e-02 3.528862725943326950e-03 1.093173585832118988e-02 9.990570833906531334e-04 3.047645278275012970e-02 2.936802245676517487e-02 1.066180318593978882e-02 8.835813961923122406e-03 8.972648531198501587e-03 6.177074741572141647e-03 1.464275084435939789e-02 1.296841539442539215e-03 7.746828719973564148e-03 4.644923028536140919e-04 1.085549220442771912e-02 3.084248118102550507e-02 2.938537485897541046e-02 2.069001272320747375e-02 2.407326130196452141e-03 1.910605095326900482e-02 4.565569385886192322e-02 3.577229380607604980e-02 1.880851574242115021e-02 8.799622766673564911e-03 1.341181807219982147e-03 3.546870080754160881e-03 3.714492172002792358e-02 3.499296680092811584e-02 1.182068837806582451e-03 9.602655656635761261e-03 2.267710119485855103e-02 1.519469358026981354e-02 2.190727926790714264e-02 1.031525991857051849e-02 1.875266060233116150e-02 1.430688705295324326e-02 1.751291751861572266e-02 2.700719982385635376e-02 3.666453063488006592e-03 9.494864498265087605e-04 1.732513122260570526e-02 2.157198823988437653e-02 2.189079858362674713e-02 3.207016736268997192e-02 2.030999027192592621e-02 4.748886916786432266e-03 3.610754013061523438e-02 2.762739919126033783e-02 3.192135319113731384e-02 3.386690840125083923e-02 1.752562262117862701e-02 1.203700900077819824e-02 6.803098600357770920e-03 1.362773310393095016e-02 1.759621873497962952e-02 3.850015997886657715e-02
1.296824309974908829e-02 1.190818473696708679e-02 8.061912842094898224e-03 2.513239905238151550e-02 1.748781837522983551e-02 2.068098261952400208e-02 1.014036126434803009e-02 1.314676273614168167e-02 8.536291122436523438e-01 2.903677150607109070e-02 2.058609575033187866e-02 7.202477194368839264e-03 2.223083935678005219e-02 1.229146495461463928e-02 2.278016693890094757e-02 2.445323206484317780e-02 2.013113163411617279e-02 2.949639223515987396e-02 2.869595587253570557e-02 4.347927868366241455e-03 4.374167881906032562e-03 1.939669251441955566e-02 2.402250096201896667e-02 1.958229392766952515e-02 1.545328833162784576e-02 1.010862831026315689e-02 2.224995568394660950e-02 1.077775936573743820e-02 2.211798541247844696e-02 1.855842303484678268e-03 2.167538739740848541e-02 2.167858928442001343e-02 6.195856723934412003e-03 1.505190134048461914e-02 8.061397820711135864e-03 1.225527096539735794e-02 7.964177988469600677e-03 2.094152942299842834e-02 1.517273858189582825e-02 2.845314703881740570e-02 2.478844299912452698e-02 2.705573104321956635e-02 1.386515703052282333e-02 2.466212399303913116e-02 7.489036768674850464e-03 1.465048268437385559e-02 1.047401409596204758e-02 9.396041743457317352e-03 1.983988843858242035e-02 1.266059465706348419e-02 1.706566661596298218e-02 2.455506846308708191e-02 2.142594195902347565e-02 1.144545525312423706e-02 2.474131807684898376e-02 6.777820643037557602e-03 2.108424343168735504e-02 7.358231116086244583e-03 1.673053391277790070e-02 8.418948389589786530e-03 2.322593890130519867e-02 1.309738587588071823e-02 3.419122425839304924e-03 7.248773705214262009e-03 2.103268541395664215e-02 2.014282159507274628e-02 1.609586365520954132e-02 1.485979929566383362e-02 3.312458842992782593e-02 1.568281650543212891e-02 1.263147406280040741e-02 2.777880802750587463e-02 1.385405007749795914e-02 8.022165857255458832e-03 1.441407017409801483e-02 2.545742504298686981e-02 3.833467140793800354e-02 1.412035711109638214e-02 2.129459381103515625e-02 2.737665176391601562e-02 1.855622231960296631e-02 1.814075373113155365e-02 2.562482282519340515e-02 1.750210672616958618e-02 2.313565835356712341e-02 2.281377092003822327e-02 2.622622437775135040e-02 2.931405045092105865e-02 3.937862813472747803e-02 2.994314534589648247e-03 1.808671839535236359e-02 2.424891106784343719e-02 8.806811645627021790e-03 2.744585275650024414e-02 1.910025253891944885e-02 4.822144284844398499e-03 2.446309477090835571e-02 1.889753527939319611e-02 2.435787767171859741e-02 9.256724268198013306e-03 1.334927882999181747e-02 1.253562234342098236e-02 2.004959434270858765e-02 1.643709279596805573e-02 1.517562381923198700e-02 1.703421026468276978e-02 1.375445444136857986e-02 1.076124422252178192e-02 8.057658560574054718e-03 2.269830927252769470e-02 2.407289855182170868e-02 9.990310296416282654e-03 2.366847358644008636e-02 2.135198190808296204e-02 2.175031788647174835e-02 1.784717291593551636e-02
1.820382475852966309e-02 4.117212258279323578e-03 2.654634602367877960e-02 1.291393116116523743e-02 2.275369688868522644e-02 9.316613897681236267e-03 8.385734632611274719e-03 1.758860051631927490e-02 2.903677150607109070e-02 8.536291122436523438e-01 1.704837754368782043e-02 1.371259335428476334e-03 4.597059451043605804e-03 9.447227785130962729e-05 8.223005570471286774e-03 2.334033697843551636e-02 2.805778011679649353e-02 6.549728568643331528e-03 3.436302021145820618e-02 1.535768806934356689e-02 6.308910087682306767e-04 1.454093400388956070e-02 3.342254832386970520e-02 3.894548863172531128e-02 1.670591160655021667e-02 9.923148900270462036e-03 1.668444275856018066e-02 1.469314377754926682e-02 1.446388103067874908e-02 7.676011417061090469e-03 2.569790231063961983e-03 2.136338502168655396e-02 1.046441495418548584e-03 2.173547074198722839e-02 2.887600334361195564e-03 1.659323647618293762e-02 3.773201489821076393e-03 1.987280510365962982e-02 1.739961840212345123e-02 1.957606337964534760e-02 1.071287877857685089e-02 2.125278674066066742e-02 2.156294137239456177e-02 2.657228335738182068e-02 1.701199635863304138e-02 1.851740851998329163e-02 2.832880243659019470e-03 1.194594427943229675e-02 3.313042689114809036e-04 2.456484735012054443e-02 2.089100144803524017e-02 2.258355543017387390e-02 2.040653489530086517e-02 6.660506594926118851e-03 1.344591472297906876e-02 2.244247123599052429e-02 8.555307053029537201e-03 1.130615361034870148e-02 3.468901151791214943e-03 1.432125642895698547e-02 5.735045764595270157e-03 2.173805609345436096e-02 9.111530147492885590e-03 1.793060265481472015e-02 7.767636794596910477e-03 1.147125265561044216e-03 1.877575926482677460e-02 5.597298499196767807e-03 2.302499860525131226e-02 1.477034762501716614e-03 2.934868261218070984e-02 2.291637938469648361e-03 3.402263857424259186e-03 2.074203257507178932e-05 5.571921821683645248e-03 1.214528921991586685e-02 1.491317991167306900e-02 5.773981288075447083e-02 2.086549438536167145e-02 3.815486282110214233e-02 2.948345430195331573e-02 2.519482746720314026e-02 7.308518048375844955e-03 2.123248018324375153e-02 2.699421602301299572e-04 1.579958759248256683e-02 2.329176291823387146e-02 2.698693424463272095e-02 1.104280445724725723e-02 1.238980423659086227e-02 8.396662771701812744e-03 2.267405949532985687e-02 3.528122091665863991e-03 1.135247945785522461e-02 6.970054004341363907e-03 6.658921018242835999e-03 2.035838179290294647e-02 4.940131213515996933e-03 3.194943815469741821e-02 3.327757865190505981e-02 2.145585231482982635e-02 2.157985791563987732e-02 1.369673199951648712e-02 4.102597013115882874e-03 5.826079752296209335e-03 8.676587603986263275e-03 2.964081428945064545e-02 5.406980402767658234e-03 2.398356050252914429e-02 9.799866937100887299e-03 3.604451939463615417e-02 2.785834670066833496e-02 1.824687048792839050e-02 1.652945578098297119e-02 2.536099031567573547e-02 2.082431130111217499e-02
3.479889780282974243e-02 3.611741214990615845e-02 1.587161794304847717e-02 2.172778546810150146e-02 2.728977240622043610e-02 3.082661889493465424e-02 3.216487169265747070e-02 2.265704609453678131e-02 2.058609575033187866e-02 1.704837754368782043e-02 8.536291122436523438e-01 1.067365333437919617e-02 3.319703787565231323e-02 6.253452505916357040e-03 3.709207102656364441e-02 1.451783999800682068e-02 4.402048420161008835e-03 1.623500883579254150e-02 1.598754152655601501e-02 2.181926928460597992e-02 2.023908309638500214e-02 4.090331867337226868e-02 1.111394632607698441e-02 6.302931345999240875e-03 1.739247143268585205e-02 2.058780007064342499e-02 3.421956300735473633e-02 1.370710320770740509e-02 3.656548634171485901e-02 1.914711110293865204e-02 2.171236649155616760e-02 1.882747560739517212e-02 1.057975552976131439e-02 1.779936626553535461e-02 2.000436000525951385e-02 1.551778055727481842e-02 7.974933832883834839e-03 3.337895125150680542e-02 1.689076609909534454e-02 1.105847209692001343e-02 1.817284338176250458e-02 1.551258563995361328e-02 2.379716746509075165e-02 5.871227942407131195e-03 8.484906516969203949e-03 4.323571454733610153e-03 3.037053346633911133e-02 2.883977442979812622e-02 1.031235791742801666e-02 2.714632824063301086e-02 2.048828080296516418e-02 1.928956061601638794e-02 1.769404485821723938e-02 2.054125070571899414e-02 1.434377115219831467e-02 1.354505866765975952e-02 6.584687624126672745e-03 1.417500060051679611e-02 1.908164285123348236e-02 2.203193679451942444e-02 1.013210881501436234e-02 6.804137490689754486e-03 1.787783764302730560e-02 1.344040967524051666e-03 3.511708974838256836e-02 2.938742935657501221e-02 1.894386857748031616e-02 2.657796628773212433e-02 5.679589696228504181e-03 2.892346121370792389e-02 1.011515385471284389e-03 1.738078892230987549e-02 1.665451005101203918e-02 2.745069749653339386e-02 1.653923839330673218e-02 2.713255956768989563e-02 1.784283854067325592e-02 1.327092479914426804e-02 5.217204336076974869e-03 1.595238596200942993e-02 2.083954587578773499e-02 1.302756741642951965e-02 1.705643162131309509e-02 1.830808632075786591e-02 2.033497905358672142e-03 3.408766351640224457e-03 2.902697212994098663e-02 2.121124416589736938e-02 9.581943973898887634e-03 1.122105866670608521e-02 3.239963203668594360e-02 3.467183187603950500e-02 2.766145952045917511e-02 3.158011659979820251e-02 1.477227266877889633e-02 1.414685696363449097e-02 2.512273006141185760e-02 2.643469348549842834e-02 1.430435944348573685e-02 1.964213512837886810e-02 1.881211251020431519e-02 1.687653735280036926e-02 2.635703794658184052e-02 2.821766771376132965e-02 1.122990995645523071e-02 1.847852393984794617e-02 2.498102933168411255e-02 2.026934921741485596e-02 2.247867174446582794e-02 1.822223141789436340e-02 8.743551559746265411e-03 9.465234325034543872e-05 2.173103950917720795e-02 1.935657858848571777e-02 1.310696359723806381e-02 2.066676877439022064e-02
2.867138944566249847e-02 1.224206853657960892e-02 1.249790936708450317e-02 1.574692316353321075e-02 1.334881177172064781e-03 7.612922694534063339e-03 1.146632432937622070e-02 1.064778212457895279e-02 7.202477194368839264e-03 1.371259335428476334e-03 1.067365333437919617e-02 8.536291122436523438e-01 7.192023331299424171e-04 5.969935655593872070e-02 8.588688448071479797e-03 2.693907357752323151e-02 3.358740359544754028e-02 1.947781443595886230e-02 1.708425767719745636e-02 2.131560072302818298e-02 2.435690909624099731e-02 2.970146713778376579e-03 3.317542374134063721e-02 2.913835644721984863e-02 1.305894646793603897e-02 1.376177836209535599e-02 1.349107455462217331e-02 5.133855715394020081e-02 1.252075657248497009e-02 4.196976125240325928e-02 8.881315588951110840e-03 1.276604831218719482e-02 3.098221728578209877e-03 1.028728671371936798e-02 4.030640702694654465e-03 1.367595791816711426e-02 1.886439509689807892e-02 1.939805806614458561e-03 1.775969751179218292e-02 1.597713679075241089e-02 2.247816510498523712e-02 2.820884250104427338e-02 2.040446922183036804e-02 1.585175469517707825e-02 5.775510519742965698e-02 5.144005641341209412e-02 1.595547236502170563e-02 1.531831827014684677e-02 9.947393089532852173e-03 1.152999233454465866e-02 3.477686643600463867e-02 2.764639258384704590e-02 1.242013927549123764e-02 6.072655320167541504e-03 1.070923078805208206e-02 2.684525214135646820e-02 2.158411219716072083e-02 2.302645146846771240e-02 2.368312329053878784e-02 8.444958366453647614e-03 1.072726794518530369e-03 1.843236386775970459e-02 6.644878070801496506e-03 1.244081556797027588e-02 1.099872309714555740e-02 1.692663179710507393e-03 2.391420677304267883e-02 1.143424678593873978e-02 2.485210075974464417e-02 2.083306945860385895e-02 2.302226424217224121e-02 2.071225753752514720e-04 2.163808606564998627e-02 1.444918010383844376e-02 1.720515824854373932e-02 7.853358052670955658e-03 2.295242063701152802e-02 7.874133065342903137e-03 1.330038998275995255e-02 1.691908389329910278e-02 4.800060763955116272e-03 2.927865134552121162e-03 9.717977605760097504e-03 3.603436343837529421e-04 1.567262597382068634e-02 2.871230477467179298e-03 4.343718290328979492e-03 4.523832467384636402e-04 2.362737804651260376e-02 7.358883507549762726e-03 2.621921338140964508e-02 4.891228396445512772e-03 2.716067060828208923e-02 6.917843129485845566e-03 7.906209677457809448e-03 3.849140135571360588e-03 3.607612336054444313e-03 1.377892214804887772e-02 7.382862735539674759e-03 1.357507891952991486e-02 2.494544722139835358e-03 7.459602318704128265e-03 1.653775945305824280e-02 1.076876744627952576e-02 8.867355994880199432e-03 5.825995933264493942e-03 6.196603644639253616e-03 1.672941446304321289e-02 5.414366256445646286e-03 1.653440296649932861e-02 2.576537616550922394e-02 7.819763384759426117e-03 3.189660608768463135e-02 2.937121689319610596e-02 1.597074209712445736e-03 1.325041335076093674e-02
2.406839653849601746e-02 3.582362458109855652e-02 2.514591068029403687e-02 2.500708401203155518e-02 1.480929832905530930e-02 3.415950387716293335e-02 4.361540451645851135e-02 2.837866917252540588e-02 2.223083935678005219e-02 4.597059451043605804e-03 3.319703787565231323e-02 7.192023331299424171e-04 8.536291122436523438e-01 1.591998967342078686e-03 3.295497223734855652e-02 5.954545456916093826e-03 1.165609527379274368e-02 2.331339754164218903e-02 7.630153559148311615e-03 8.288146636914461851e-05 1.903632469475269318e-02 2.680474519729614258e-02 3.577766474336385727e-03 1.306027453392744064e-02 1.780119910836219788e-02 2.830095216631889343e-02 2.944085188210010529e-02 1.040573511272668839e-02 3.254731371998786926e-02 1.090978737920522690e-02 4.381232336163520813e-02 1.064306590706110001e-02 2.137123048305511475e-02 1.069916412234306335e-02 2.059741131961345673e-02 9.113685227930545807e-03 1.736132800579071045e-02 1.265852153301239014e-02 1.324995141476392746e-02 1.113854721188545227e-02 9.049308719113469124e-04 1.205401029437780380e-02 2.704107202589511871e-02 3.729372750967741013e-03 3.930645529180765152e-03 2.435830247122794390e-04 3.206836432218551636e-02 4.096024855971336365e-02 2.159583382308483124e-02 1.407476048916578293e-02 2.240806631743907928e-02 2.249176986515522003e-02 1.463517174124717712e-02 2.356485649943351746e-02 2.167721837759017944e-02 4.150626249611377716e-03 8.194409310817718506e-03 2.227430976927280426e-02 2.459851838648319244e-02 2.348008938133716583e-02 1.669336482882499695e-02 4.594434518367052078e-03 1.549830567091703415e-02 4.445123486220836639e-03 3.327084705233573914e-02 4.338552430272102356e-02 1.347234100103378296e-02 2.686499617993831635e-02 2.070940332487225533e-03 2.052323147654533386e-02 1.955631561577320099e-02 2.119133248925209045e-02 1.629363186657428741e-02 1.453073322772979736e-02 1.482171565294265747e-02 2.220847271382808685e-02 1.513695623725652695e-02 1.207175292074680328e-02 3.605545498430728912e-03 1.968039385974407196e-02 2.208922430872917175e-02 2.125799097120761871e-02 2.422646619379520416e-02 2.759352093562483788e-03 4.439240321516990662e-03 5.764305591583251953e-03 2.431963197886943817e-02 2.495717816054821014e-02 6.012467201799154282e-04 7.030753418803215027e-03 2.980393916368484497e-02 2.296929433941841125e-02 3.574055060744285583e-02 3.480867296457290649e-02 1.920527406036853790e-02 1.689998619258403778e-02 2.176718600094318390e-02 2.108396030962467194e-02 8.227878250181674957e-03 1.514183590188622475e-03 1.608750037848949432e-02 1.289847493171691895e-02 1.919951848685741425e-02 2.635151147842407227e-02 1.645580306649208069e-02 1.408448070287704468e-02 1.942184194922447205e-02 2.346612885594367981e-02 1.671793311834335327e-02 3.330926597118377686e-02 2.494011772796511650e-03 3.496763063594698906e-03 1.728562079370021820e-02 2.559375576674938202e-02 1.149561256170272827e-02 2.566749788820743561e-02
