8.466866016387939453e-01 7.862649112939834595e-02 1.449036225676536560e-02 1.152154896408319473e-02 2.038649283349514008e-03 5.921495705842971802e-02 5.049388855695724487e-02 4.448613617569208145e-03 2.671214379370212555e-02 2.972947992384433746e-02 5.858481675386428833e-02 8.235088549554347992e-03 4.288690537214279175e-02 2.014462137594819069e-03 1.005457807332277298e-02 1.796327531337738037e-02 3.257763758301734924e-02 9.923499077558517456e-03 2.281995117664337158e-02 1.453816331923007965e-02 4.117429256439208984e-03 4.328513983637094498e-03 1.201498135924339294e-02 1.099068112671375275e-02 7.950267754495143890e-04 1.103104930371046066e-02 6.146454252302646637e-03 2.516913693398237228e-03 2.419313095742836595e-04 6.088259164243936539e-03 7.125338539481163025e-03 1.388297788798809052e-02 1.024794112890958786e-02 9.598295204341411591e-03 1.304202899336814880e-02 4.160876944661140442e-02 3.144278749823570251e-02 2.113930881023406982e-03 9.469430893659591675e-03 6.607226096093654633e-04 5.816102027893066406e-03 2.066748775541782379e-02 6.483956240117549896e-03 1.674807630479335785e-02 4.401478916406631470e-03 2.325514331459999084e-02 4.199230670928955078e-02 2.415970526635646820e-02 2.326032333076000214e-02 2.412619441747665405e-02 2.001504227519035339e-02 3.427842631936073303e-03 1.189148705452680588e-02 1.320510986261069775e-03 3.081257641315460205e-02 3.197111189365386963e-02 1.711351098492741585e-03 1.019873097538948059e-02 3.069058805704116821e-02 2.087826840579509735e-02 3.240213915705680847e-02 4.184344783425331116e-02 1.493058260530233383e-02 1.853978261351585388e-02 6.700798869132995605e-03 3.776044817641377449e-03 6.715592928230762482e-03 2.513503655791282654e-03 3.654295578598976135e-02 1.030187215656042099e-02 4.542049765586853027e-02 1.556824427098035812e-02 1.296323165297508240e-02 1.079364120960235596e-02 3.029870241880416870e-02 2.015546662732958794e-03 1.821847259998321533e-02 3.422800451517105103e-02 2.376883849501609802e-02 3.038485348224639893e-02 6.615776102989912033e-03 9.445305913686752319e-03 1.867174915969371796e-02 2.303935470990836620e-04 1.442071795463562012e-02 2.267617918550968170e-02 5.063178017735481262e-03 9.525298373773694038e-04 2.382265403866767883e-02 3.593690320849418640e-02 2.320562489330768585e-02 7.898971671238541603e-04 7.735725026577711105e-03 2.418136922642588615e-03 1.839595474302768707e-02 6.884293630719184875e-03 9.449767880141735077e-03 1.556747360154986382e-03 1.056566275656223297e-02 1.185544300824403763e-02 3.941465634852647781e-03 1.164056733250617981e-02 4.981978796422481537e-03 2.138459589332342148e-03 4.634322598576545715e-03 1.993091718759387732e-04 3.042134689167141914e-03 1.403469312936067581e-02 6.945357890799641609e-04 1.923078298568725586e-02 9.055105037987232208e-03 9.638980031013488770e-03 4.125526174902915955e-03 9.942666627466678619e-03 1.765003241598606110e-02 1.175127364695072174e-02
7.862649112939834595e-02 8.466866016387939453e-01 3.212441224604845047e-03 3.745074849575757980e-03 1.759455911815166473e-02 3.957074135541915894e-02 5.321536958217620850e-02 4.208601545542478561e-03 2.288989908993244171e-02 1.458062045276165009e-02 5.350826680660247803e-02 1.008320972323417664e-02 5.675048008561134338e-02 1.722625456750392914e-03 2.252609841525554657e-02 2.077640220522880554e-02 3.548567369580268860e-02 1.780176535248756409e-03 7.829570095054805279e-04 4.946795292198657990e-03 1.634823903441429138e-02 3.788901958614587784e-03 1.200085878372192383e-02 4.665740707423537970e-04 1.144310925155878067e-02 7.004285696893930435e-03 6.535484455525875092e-03 2.147825993597507477e-02 5.817879922688007355e-03 2.625939063727855682e-02 9.675044566392898560e-03 8.118692203424870968e-04 6.293783895671367645e-03 4.513052699621766806e-04 4.242409951984882355e-03 3.005418181419372559e-02 2.245291694998741150e-02 6.578723434358835220e-03 1.761440187692642212e-02 2.266499958932399750e-02 7.020085118710994720e-03 8.215403184294700623e-03 1.125654391944408417e-02 9.730203892104327679e-04 7.372234947979450226e-03 1.023949822410941124e-03 3.992954269051551819e-02 3.833495080471038818e-02 1.170820440165698528e-03 5.783263128250837326e-03 1.166389789432287216e-02 1.145475171506404877e-02 4.917751997709274292e-03 8.132784627377986908e-03 1.460908260196447372e-02 1.825123280286788940e-02 1.102215261198580265e-03 5.314298905432224274e-03 1.687519438564777374e-02 1.189834158867597580e-02 1.527401618659496307e-02 2.627438865602016449e-02 1.451627933420240879e-03 3.777031786739826202e-03 1.006808504462242126e-02 1.282422919757664204e-03 1.386788021773099899e-02 7.706378586590290070e-03 3.070711530745029449e-02 9.890154935419559479e-03 4.228542745113372803e-02 1.728045940399169922e-02 3.013434819877147675e-02 1.364313182421028614e-03 4.596959799528121948e-02 3.530590329319238663e-04 1.893579028546810150e-02 2.222155593335628510e-02 1.159369293600320816e-02 9.525176137685775757e-03 8.570704958401620388e-04 3.531892551109194756e-03 9.411908686161041260e-03 1.811056956648826599e-02 4.729405511170625687e-03 1.054841675795614719e-03 1.116001512855291367e-02 5.841560196131467819e-03 2.363161370158195496e-02 2.740964479744434357e-02 2.799134328961372375e-02 1.870236941613256931e-03 1.684243604540824890e-02 6.388989277184009552e-03 1.715442864224314690e-03 3.935467917472124100e-03 5.217474885284900665e-03 4.140860401093959808e-03 8.463675039820373058e-04 1.771952083799988031e-04 4.600179381668567657e-03 5.142112262547016144e-03 5.093899555504322052e-03 2.218030160292983055e-03 6.818125490099191666e-03 9.648649138398468494e-04 1.196795795112848282e-02 1.574519905261695385e-03 1.034424267709255219e-02 2.301134372828528285e-04 2.168764732778072357e-02 2.881572395563125610e-02 1.010217051953077316e-02 9.009464643895626068e-03 9.150496684014797211e-03 7.232557516545057297e-03
1.449036225676536560e-02 3.212441224604845047e-03 8.466866016387939453e-01 1.791654713451862335e-02 9.603129699826240540e-03 2.688136696815490723e-02 1.532337279058992863e-03 5.133654549717903137e-02 1.080403383821249008e-02 4.919954109936952591e-03 1.331194676458835602e-02 3.251430811360478401e-03 1.997633464634418488e-02 1.686652377247810364e-02 1.525055337697267532e-02 2.340132370591163635e-02 1.085972040891647339e-02 1.621646806597709656e-02 1.223133597522974014e-02 6.329279392957687378e-03 9.082429111003875732e-03 1.280880905687808990e-02 1.183983962982892990e-02 9.092135354876518250e-03 8.259162306785583496e-03 1.575293205678462982e-02 9.182584472000598907e-03 1.239692978560924530e-02 1.658521778881549835e-02 6.869518198072910309e-03 1.585025526583194733e-02 2.011609636247158051e-02 3.260934352874755859e-02 2.652593655511736870e-03 1.768598519265651703e-02 1.520665828138589859e-02 1.666518300771713257e-02 5.413083708845078945e-04 5.568345542997121811e-03 5.260781850665807724e-03 2.198581025004386902e-02 2.816116204485297203e-03 2.355579286813735962e-03 4.351802170276641846e-02 9.062131866812705994e-03 5.588029045611619949e-03 1.978960633277893066e-02 1.195605099201202393e-02 2.265339344739913940e-02 7.140609435737133026e-03 8.918628096580505371e-03 3.050726372748613358e-03 1.288660056889057159e-02 1.371109858155250549e-02 1.329218503087759018e-02 9.819552302360534668e-03 9.475053288042545319e-03 1.372754015028476715e-02 2.590028010308742523e-02 1.467987336218357086e-02 2.860668487846851349e-02 2.361244149506092072e-02 2.406488731503486633e-02 2.044838853180408478e-02 5.266538355499505997e-03 1.320591662079095840e-02 1.221535843797028065e-03 1.415400672703981400e-02 6.776469293981790543e-03 3.982885740697383881e-03 2.661277540028095245e-03 7.517480757087469101e-03 1.197957899421453476e-02 5.219865124672651291e-03 1.614587017684243619e-05 3.297007642686367035e-03 5.301319062709808350e-03 2.821448491886258125e-03 1.861423626542091370e-02 1.155358739197254181e-02 7.848852872848510742e-02 5.930997431278228760e-02 7.651825435459613800e-04 1.167017035186290741e-02 1.333869155496358871e-02 4.274692328181117773e-04 3.905486688017845154e-02 9.046102873980998993e-03 2.514512278139591217e-03 1.165294740349054337e-02 1.778005249798297882e-02 1.298854779452085495e-02 8.963800035417079926e-03 9.921468794345855713e-03 1.332633383572101593e-02 2.371271513402462006e-02 5.731178913265466690e-03 7.130129262804985046e-03 3.218672005459666252e-03 3.792013041675090790e-03 2.463457547128200531e-02 8.126441389322280884e-03 4.282661247998476028e-03 8.540988899767398834e-03 4.255276173353195190e-03 5.222358740866184235e-03 2.399718388915061951e-02 1.443365681916475296e-02 1.388731691986322403e-02 8.816698566079139709e-03 5.315669812262058258e-03 8.204815909266471863e-03 4.426597151905298233e-03 2.591246506199240685e-03 6.760967429727315903e-03 1.378933899104595184e-02
1.152154896408319473e-02 3.745074849575757980e-03 1.791654713451862335e-02 8.466866016387939453e-01 5.244721099734306335e-02 1.891107670962810516e-02 1.650741137564182281e-02 1.087727118283510208e-02 1.592532917857170105e-02 1.045109936967492104e-03 1.322785019874572754e-02 4.923104774206876755e-03 1.178711745887994766e-02 3.782406682148575783e-03 5.395709536969661713e-03 3.726027905941009521e-02 1.911513507366180420e-02 1.448379922658205032e-02 1.119201164692640305e-02 2.854173362720757723e-04 6.869516335427761078e-03 9.286206215620040894e-03 2.042017690837383270e-02 2.729504741728305817e-02 6.740269251167774200e-03 7.239243015646934509e-03 1.911740563809871674e-02 1.329110935330390930e-03 2.822696976363658905e-02 5.375029519200325012e-03 1.881611347198486328e-02 3.187918802723288536e-03 7.231689058244228363e-03 3.255164716392755508e-03 7.500909734517335892e-03 6.823505740612745285e-03 2.800566435325890779e-04 4.111881717108190060e-04 8.171833306550979614e-02 7.137581706047058105e-02 3.394769504666328430e-03 6.870692130178213120e-03 1.841218024492263794e-02 1.169786043465137482e-02 5.621634423732757568e-03 1.180157763883471489e-03 1.754662021994590759e-02 1.419387012720108032e-02 2.965688239783048630e-03 4.966695327311754227e-03 2.813612110912799835e-03 4.333539400249719620e-03 4.819584079086780548e-03 1.338918413966894150e-02 1.813636743463575840e-03 1.269851112738251686e-03 9.472234523855149746e-04 1.603526179678738117e-03 1.648844964802265167e-02 2.167395129799842834e-02 3.086435841396450996e-03 6.439827382564544678e-03 1.423443760722875595e-02 7.001097314059734344e-03 1.098749320954084396e-02 9.727357886731624603e-03 3.944982308894395828e-04 7.515526842325925827e-03 8.632400073111057281e-03 2.378543466329574585e-02 1.718141254968941212e-03 1.198747381567955017e-02 3.273013606667518616e-02 1.572929695248603821e-02 3.043602406978607178e-02 1.016078703105449677e-02 9.808748029172420502e-03 2.015008591115474701e-03 5.528675857931375504e-03 1.478619314730167389e-02 1.077881921082735062e-02 2.262428216636180878e-02 3.386738523840904236e-02 5.959724076092243195e-03 1.174795255064964294e-02 2.421210333704948425e-02 2.050423296168446541e-03 8.198738796636462212e-04 7.951235398650169373e-03 4.506580531597137451e-03 2.511666715145111084e-02 2.002719230949878693e-02 1.557878684252500534e-02 1.634908467531204224e-02 4.793614521622657776e-02 4.593087360262870789e-02 4.601466469466686249e-03 1.709480769932270050e-02 1.276930700987577438e-02 1.435803156346082687e-02 2.366459928452968597e-02 6.381968967616558075e-03 5.919714923948049545e-03 1.519567798823118210e-02 1.775207370519638062e-02 2.650335617363452911e-02 1.221880782395601273e-02 1.728187897242605686e-03 3.401464968919754028e-02 1.014594454318284988e-02 1.761453412473201752e-02 1.135986577719449997e-02 4.418443888425827026e-03 1.378009095788002014e-02 1.060826121829450130e-03 1.514181308448314667e-02
2.038649283349514008e-03 1.759455911815166473e-02 9.603129699826240540e-03 5.244721099734306335e-02 8.466866016387939453e-01 2.402342797722667456e-04 4.379132762551307678e-03 1.394207030534744263e-02 1.219894457608461380e-02 2.654784126207232475e-03 6.992350332438945770e-03 8.749343454837799072e-03 1.530801528133451939e-03 1.453440822660923004e-02 7.079627830535173416e-03 2.899834513664245605e-02 1.873015426099300385e-02 2.103026490658521652e-03 7.583037018775939941e-03 2.614535577595233917e-02 1.126938126981258392e-02 2.251673117280006409e-02 5.239480175077915192e-03 1.105496566742658615e-02 1.658411510288715363e-02 1.946665928699076176e-03 2.719256281852722168e-02 1.399358268827199936e-02 1.662597432732582092e-02 2.399654686450958252e-02 5.917674861848354340e-03 2.441216027364134789e-03 1.334975007921457291e-02 4.950036527588963509e-04 2.868959214538335800e-03 1.918216422200202942e-02 5.593168549239635468e-03 7.562079932540655136e-03 7.166828215122222900e-02 6.555080413818359375e-02 9.832574985921382904e-03 1.681378670036792755e-02 7.128304801881313324e-03 1.557562872767448425e-02 4.640990868210792542e-03 2.627895213663578033e-03 4.260185174643993378e-03 1.865388941951096058e-03 5.701285786926746368e-03 3.587719053030014038e-03 3.679038956761360168e-03 1.825637742877006531e-02 5.544608924537897110e-03 1.777508296072483063e-02 2.361945109441876411e-03 7.928219274617731571e-04 2.200409071519970894e-03 7.087610196322202682e-03 1.267075538635253906e-02 2.105602063238620758e-02 8.389408700168132782e-03 3.046322613954544067e-03 3.742641769349575043e-03 8.546742610633373260e-03 2.391977980732917786e-02 1.275897957384586334e-02 3.385189920663833618e-02 1.808297075331211090e-02 9.165711700916290283e-03 1.279315538704395294e-02 6.373364012688398361e-03 9.489781223237514496e-03 2.484839595854282379e-02 3.126044757664203644e-03 3.545384481549263000e-02 5.930840503424406052e-03 3.993993159383535385e-03 5.904851481318473816e-03 3.550618188455700874e-03 1.067443005740642548e-02 9.508743882179260254e-03 2.047144062817096710e-02 3.040541708469390869e-02 1.047016400843858719e-02 1.525907125324010849e-02 2.429248997941613197e-03 1.296078413724899292e-02 6.908215582370758057e-03 9.393006563186645508e-03 1.166304922662675381e-03 4.556360654532909393e-03 3.106483444571495056e-02 2.712463727220892906e-03 3.428661823272705078e-02 3.872016072273254395e-02 4.993219673633575439e-02 1.693678088486194611e-03 1.906894892454147339e-02 2.179504372179508209e-03 1.508069690316915512e-03 3.977102413773536682e-02 1.719884201884269714e-02 1.614458672702312469e-02 2.072411775588989258e-02 3.436772152781486511e-02 1.005064602941274643e-02 3.256155177950859070e-02 2.238008426502346992e-03 1.594865694642066956e-02 2.066969173029065132e-03 1.764222793281078339e-02 1.631035469472408295e-02 8.048050105571746826e-03 4.854656290262937546e-03 6.842736154794692993e-03 7.033518049865961075e-03
5.921495705842971802e-02 3.957074135541915894e-02 2.688136696815490723e-02 1.891107670962810516e-02 2.402342797722667456e-04 8.466866016387939453e-01 8.893422037363052368e-02 5.670212674885988235e-03 2.597670536488294601e-03 4.353383556008338928e-03 4.481810703873634338e-02 2.450011111795902252e-02 4.029069468379020691e-02 1.185553241521120071e-02 3.132881363853812218e-03 3.396543441340327263e-03 1.159120537340641022e-02 2.349155256524682045e-03 7.882842794060707092e-03 2.754633314907550812e-02 5.054017528891563416e-03 1.510942541062831879e-02 4.401851445436477661e-03 8.732076734304428101e-03 1.596072688698768616e-02 2.497895155102014542e-03 1.983324624598026276e-02 1.529870554804801941e-02 1.115662045776844025e-02 1.061465777456760406e-02 1.407826691865921021e-02 1.654514670372009277e-02 1.102746557444334030e-02 2.034706994891166687e-03 4.720099270343780518e-03 2.880459837615489960e-02 3.012653812766075134e-02 8.697928860783576965e-03 1.908934861421585083e-02 1.842033304274082184e-02 1.432527555152773857e-03 8.450857363641262054e-03 5.327771417796611786e-03 1.226552110165357590e-02 1.494388096034526825e-02 7.505062967538833618e-03 7.402252405881881714e-02 4.787083342671394348e-02 2.210485003888607025e-02 1.622855477035045624e-02 1.362939924001693726e-02 7.014756556600332260e-03 6.638527847826480865e-03 5.213019438087940216e-03 1.748652942478656769e-02 1.962202228605747223e-02 1.138089969754219055e-02 8.867027238011360168e-03 1.071326062083244324e-02 1.415217411704361439e-03 1.937615871429443359e-02 2.672756835818290710e-02 6.140630692243576050e-03 9.197599254548549652e-03 1.726839318871498108e-02 8.436453528702259064e-03 2.912557870149612427e-02 1.150882430374622345e-02 1.233750116080045700e-02 1.343255024403333664e-02 2.450357750058174133e-02 8.920443244278430939e-03 6.214017048478126526e-03 6.157278548926115036e-03 2.721105469390749931e-03 1.430939324200153351e-02 4.523726645857095718e-03 8.806649595499038696e-03 8.379103615880012512e-03 1.849322579801082611e-02 2.870972082018852234e-02 1.878292858600616455e-02 2.709021791815757751e-02 8.015263825654983521e-03 1.822362095117568970e-02 1.430155150592327118e-02 1.393061410635709763e-02 7.189257070422172546e-03 2.625865396112203598e-03 1.734330132603645325e-02 3.336950391530990601e-02 1.653770916163921356e-02 1.856678538024425507e-02 1.373375207185745239e-02 1.388334203511476517e-02 1.314155943691730499e-02 4.101771395653486252e-03 1.690213195979595184e-02 3.460564417764544487e-03 3.171984804794192314e-03 8.841198869049549103e-03 2.001499291509389877e-03 6.856214720755815506e-03 2.036207169294357300e-02 1.265504863113164902e-02 7.678506430238485336e-03 3.611520398408174515e-03 1.128314528614282608e-02 1.973266247659921646e-03 1.934595778584480286e-02 5.136260762810707092e-03 1.123106200248003006e-02 3.399633802473545074e-03 1.055436325259506702e-03 1.109098363667726517e-02 8.860051748342812061e-04
5.049388855695724487e-02 5.321536958217620850e-02 1.532337279058992863e-03 1.650741137564182281e-02 4.379132762551307678e-03 8.893422037363052368e-02 8.466866016387939453e-01 4.543603397905826569e-03 2.913207747042179108e-03 9.435207583010196686e-03 2.974075265228748322e-02 2.248332090675830841e-02 4.372842982411384583e-02 3.518926352262496948e-02 5.452230107039213181e-03 4.782516974955797195e-03 1.698454655706882477e-02 4.533401690423488617e-03 5.127447191625833511e-03 2.949393168091773987e-02 6.872723344713449478e-03 1.796278357505798340e-02 8.838209323585033417e-03 1.124696247279644012e-02 8.384155109524726868e-03 1.009273529052734375e-02 3.245037049055099487e-02 2.000169130042195320e-03 1.697177998721599579e-02 5.334095098078250885e-03 2.024547010660171509e-02 2.054066164419054985e-03 6.877048872411251068e-03 3.840868826955556870e-03 8.194763213396072388e-03 1.820613443851470947e-02 2.483584918081760406e-02 1.972385868430137634e-02 6.121485028415918350e-03 1.644702255725860596e-02 4.324004985392093658e-03 1.072691055014729500e-03 9.029707871377468109e-03 2.973070135340094566e-03 2.786163426935672760e-02 6.857527419924736023e-03 6.835648417472839355e-02 5.996036157011985779e-02 5.731878802180290222e-03 6.561825517565011978e-03 7.365719415247440338e-03 1.406203862279653549e-02 3.294540569186210632e-03 1.133879274129867554e-02 1.425355020910501480e-02 7.383849937468767166e-03 1.479620113968849182e-04 1.162069942802190781e-02 7.836875505745410919e-03 1.282287179492413998e-03 1.592766679823398590e-02 1.135388854891061783e-02 9.475979022681713104e-03 2.355917677050456405e-04 1.603877916932106018e-02 7.464969996362924576e-03 1.876334100961685181e-02 1.947190612554550171e-02 2.118413895368576050e-02 1.988635025918483734e-02 2.353724464774131775e-02 1.035862695425748825e-02 3.573549212887883186e-03 1.639446057379245758e-02 1.192057691514492035e-02 1.473936159163713455e-02 1.963667105883359909e-03 1.277604606002569199e-03 1.635905588045716286e-03 4.755748901516199112e-03 1.417927816510200500e-02 1.476209890097379684e-02 3.665432706475257874e-02 1.156442333012819290e-02 1.165812928229570389e-02 5.567646119743585587e-03 1.140209194272756577e-02 1.224826648831367493e-02 7.490843068808317184e-03 9.354633279144763947e-03 3.864508494734764099e-02 1.319116726517677307e-02 2.872129902243614197e-02 1.538274902850389481e-02 9.101013652980327606e-03 1.446358207613229752e-02 2.173706889152526855e-02 2.325015515089035034e-02 4.548577591776847839e-03 4.738045390695333481e-03 7.335111964493989944e-03 9.237418882548809052e-03 2.215087786316871643e-02 2.959691360592842102e-02 5.920799914747476578e-03 1.052943617105484009e-02 1.222635037265717983e-03 3.049090737476944923e-03 8.569346740841865540e-03 4.800439812242984772e-03 1.328432932496070862e-02 1.193346641957759857e-02 2.584175672382116318e-03 2.055207965895533562e-03 9.439946152269840240e-03 5.214025732129812241e-03
4.448613617569208145e-03 4.208601545542478561e-03 5.133654549717903137e-02 1.087727118283510208e-02 1.394207030534744263e-02 5.670212674885988235e-03 4.543603397905826569e-03 8.466866016387939453e-01 1.152706425637006760e-02 6.714905612170696259e-03 1.020474173128604889e-02 2.749983035027980804e-02 4.038873128592967987e-03 1.306209131143987179e-03 4.133850708603858948e-02 5.040063988417387009e-03 9.504882618784904480e-03 4.463120363652706146e-03 3.087972290813922882e-03 1.837651617825031281e-02 9.796924889087677002e-03 8.538442663848400116e-03 1.826218701899051666e-02 7.097541238181293011e-04 4.588769283145666122e-03 6.964662112295627594e-03 5.767083726823329926e-03 2.327203564345836639e-02 1.632733456790447235e-02 1.446677651256322861e-02 2.013318426907062531e-02 2.615047618746757507e-02 7.039273157715797424e-03 2.144003286957740784e-02 9.015701711177825928e-03 1.397795788943767548e-02 3.739823820069432259e-03 1.932792365550994873e-02 1.230541989207267761e-02 9.351615444757044315e-04 1.400419790297746658e-02 1.321995258331298828e-02 1.437199022620916367e-02 1.462281402200460434e-02 2.025785079240449704e-06 5.103006493300199509e-03 6.821830756962299347e-03 1.213526725769042969e-02 1.023672521114349365e-02 1.369144115597009659e-02 3.615496912971138954e-03 9.074951522052288055e-03 1.356883905827999115e-02 2.419871650636196136e-02 7.590059540234506130e-04 1.228857412934303284e-02 7.953221909701824188e-03 1.672455109655857086e-02 5.274495482444763184e-02 3.379615396261215210e-02 2.254516351968050003e-03 9.498244151473045349e-03 9.580902755260467529e-03 9.796105325222015381e-03 3.551878780126571655e-02 1.013228204101324081e-02 1.017197780311107635e-02 8.418829180300235748e-03 2.590192854404449463e-02 1.996889244765043259e-03 1.893416233360767365e-02 2.847128082066774368e-03 1.032714638859033585e-02 4.951050039380788803e-03 3.342153970152139664e-03 1.491487957537174225e-03 2.288146317005157471e-02 2.077076816931366920e-03 1.341801509261131287e-02 1.329528982751071453e-03 7.591542601585388184e-02 6.303661316633224487e-02 2.471715910360217094e-03 2.918693935498595238e-03 3.785899840295314789e-03 5.474797450006008148e-03 6.530183553695678711e-02 5.279901996254920959e-02 2.404372580349445343e-02 1.076625846326351166e-02 1.827863045036792755e-02 6.470509804785251617e-03 1.402119360864162445e-02 1.794341136701405048e-03 1.709487102925777435e-02 7.812939584255218506e-03 1.199002657085657120e-02 1.213524956256151199e-02 4.093191120773553848e-03 3.745380789041519165e-03 7.891408313298597932e-05 5.063402000814676285e-03 1.868610619567334652e-03 1.021640840917825699e-03 1.502464804798364639e-02 1.885996945202350616e-02 3.675181185826659203e-03 5.020044278353452682e-03 1.088630966842174530e-02 4.820006899535655975e-03 9.598686359822750092e-03 9.313984774053096771e-03 2.642279257997870445e-03 1.003685756586492062e-03 1.242066174745559692e-02 3.845772473141551018e-03
2.671214379370212555e-02 2.288989908993244171e-02 1.080403383821249008e-02 1.592532917857170105e-02 1.219894457608461380e-02 2.597670536488294601e-03 2.913207747042179108e-03 1.152706425637006760e-02 8.466866016387939453e-01 3.120408952236175537e-02 3.043043799698352814e-02 3.793311864137649536e-02 2.108128368854522705e-02 3.898106887936592102e-02 1.159329526126384735e-02 2.076717466115951538e-02 3.143765404820442200e-02 3.455497324466705322e-02 2.345968782901763916e-02 1.498268637806177139e-02 2.033368870615959167e-02 9.814907796680927277e-03 1.793375611305236816e-02 9.936554357409477234e-03 1.148570445366203785e-03 1.559339836239814758e-02 1.757647469639778137e-02 1.817809417843818665e-02 4.605130525305867195e-04 1.902004517614841461e-02 3.058251924812793732e-03 1.358110341243445873e-03 1.627730950713157654e-02 2.340144012123346329e-03 2.130310423672199249e-02 1.046521775424480438e-02 7.827991794329136610e-05 1.287390710785984993e-03 1.708324626088142395e-02 1.657055877149105072e-02 9.757968597114086151e-03 2.954887598752975464e-02 1.218773797154426575e-02 1.504406332969665527e-02 2.707096748054027557e-02 2.985558658838272095e-02 1.521767000667750835e-03 6.485027726739645004e-03 2.535978518426418304e-02 1.938711665570735931e-02 1.376971788704395294e-02 1.175843458622694016e-02 2.243316033855080605e-03 1.250524539500474930e-03 4.342991113662719727e-02 2.722100913524627686e-02 2.799822762608528137e-02 2.611761912703514099e-02 1.067661028355360031e-02 9.882522746920585632e-03 2.604759298264980316e-02 2.840027399361133575e-02 2.763045020401477814e-02 2.675551921129226685e-02 1.490634586662054062e-02 8.468181476928293705e-04 6.788859143853187561e-03 1.410940010100603104e-02 4.056262224912643433e-02 1.860319077968597412e-02 3.716018795967102051e-02 3.934314474463462830e-02 1.963631436228752136e-02 2.339405938982963562e-02 2.146083675324916840e-02 3.578067943453788757e-02 5.585312098264694214e-02 3.569848462939262390e-02 4.340604692697525024e-02 2.421543933451175690e-02 6.500436924397945404e-03 3.193695563822984695e-03 2.314630150794982910e-02 1.959198340773582458e-02 6.839274894446134567e-03 9.828583337366580963e-03 1.296246051788330078e-02 1.922558760270476341e-03 4.507688432931900024e-02 4.251144453883171082e-02 1.762648345902562141e-03 9.584312327206134796e-03 1.685658283531665802e-02 1.863322593271732330e-02 1.903194375336170197e-02 1.434289291501045227e-02 1.462653279304504395e-02 3.500356152653694153e-02 1.664436608552932739e-02 1.390084903687238693e-02 2.016342431306838989e-02 2.094562910497188568e-02 1.425014436244964600e-02 1.586592383682727814e-02 8.837909437716007233e-03 4.161409102380275726e-03 1.386864762753248215e-02 2.512540854513645172e-02 1.643837429583072662e-02 2.523944340646266937e-02 5.543573293834924698e-03 7.734464481472969055e-03 1.004576683044433594e-02 9.546214714646339417e-03 1.670579239726066589e-02 2.186327613890171051e-02
2.972947992384433746e-02 1.458062045276165009e-02 4.919954109936952591e-03 1.045109936967492104e-03 2.654784126207232475e-03 4.353383556008338928e-03 9.435207583010196686e-03 6.714905612170696259e-03 3.120408952236175537e-02 8.466866016387939453e-01 1.590136066079139709e-02 1.450506132096052170e-02 3.149626078084111214e-03 2.664100006222724915e-02 1.842641271650791168e-02 9.013741277158260345e-03 1.157047599554061890e-02 1.910306140780448914e-02 3.342137485742568970e-02 5.344156175851821899e-03 1.343437761534005404e-04 2.344768680632114410e-02 9.318622760474681854e-03 2.453681267797946930e-02 1.218804344534873962e-02 2.172634564340114594e-02 2.788279391825199127e-02 1.966915093362331390e-02 1.825248636305332184e-02 1.487948372960090637e-02 1.438652351498603821e-02 2.909079566597938538e-02 1.996126398444175720e-02 3.364403545856475830e-02 2.022593840956687927e-02 1.034024078398942947e-02 5.636787042021751404e-03 1.840983144938945770e-02 9.058165363967418671e-03 5.331712309271097183e-03 8.503498509526252747e-03 3.261918574571609497e-02 3.206434100866317749e-02 6.922527682036161423e-03 2.442964538931846619e-02 4.210422933101654053e-02 6.468518171459436417e-03 1.671401411294937134e-02 2.751875855028629303e-02 4.923458397388458252e-02 2.529498562216758728e-02 2.493456937372684479e-02 1.199182588607072830e-02 2.079639025032520294e-02 3.632898256182670593e-02 4.796363040804862976e-02 2.637612866237759590e-03 2.628852240741252899e-02 1.060448493808507919e-02 7.439988199621438980e-03 1.524268835783004761e-02 3.073569200932979584e-02 8.075217716395854950e-03 9.832728654146194458e-03 1.651185005903244019e-02 1.961327157914638519e-02 6.972663104534149170e-03 9.334008209407329559e-03 1.124323997646570206e-02 3.621115535497665405e-02 1.480185892432928085e-02 1.555618830025196075e-02 2.423187019303441048e-03 3.471862152218818665e-02 1.916929148137569427e-02 9.410986676812171936e-03 1.409888546913862228e-02 4.608787596225738525e-02 3.371891751885414124e-02 4.933885857462882996e-02 3.502012696117162704e-03 9.389424696564674377e-03 1.459997147321701050e-02 2.186159603297710419e-02 2.103675901889801025e-02 3.881188854575157166e-02 6.123557221144437790e-03 1.782450079917907715e-02 8.600316941738128662e-03 2.743879519402980804e-02 7.735948543995618820e-03 2.408465184271335602e-02 2.394317649304866791e-02 1.845116168260574341e-02 1.076580863445997238e-02 1.610555872321128845e-02 4.303169623017311096e-02 1.858916133642196655e-02 3.887998312711715698e-02 3.956484422087669373e-02 2.295644022524356842e-02 3.230317309498786926e-02 3.041538223624229431e-02 1.792598329484462738e-02 1.827665977180004120e-02 1.330624055117368698e-02 3.642612136900424957e-03 3.061473742127418518e-02 1.540872640907764435e-02 2.984734997153282166e-02 1.092461030930280685e-02 2.679390832781791687e-03 2.123465389013290405e-02 2.872280403971672058e-02 2.372081205248832703e-02 1.003278512507677078e-02
5.858481675386428833e-02 5.350826680660247803e-02 1.331194676458835602e-02 1.322785019874572754e-02 6.992350332438945770e-03 4.481810703873634338e-02 2.974075265228748322e-02 1.020474173128604889e-02 3.043043799698352814e-02 1.590136066079139709e-02 8.466866016387939453e-01 2.404394745826721191e-02 6.568568199872970581e-02 2.168173529207706451e-02 9.977680630981922150e-03 5.050828214734792709e-03 1.670542731881141663e-02 1.231668051332235336e-02 9.542911313474178314e-03 5.237277597188949585e-03 2.400065399706363678e-02 2.198496274650096893e-02 1.946146599948406219e-02 8.302156813442707062e-03 8.000294677913188934e-03 1.245326083153486252e-02 1.153660193085670471e-02 1.676723361015319824e-02 3.175689280033111572e-02 1.522381976246833801e-02 2.838907390832901001e-02 9.037639945745468140e-03 4.857986350543797016e-04 8.537943474948406219e-03 9.943941608071327209e-03 3.602188453078269958e-02 2.666375413537025452e-02 1.219212822616100311e-02 9.845588356256484985e-03 7.585842628031969070e-03 1.441842527128756046e-03 2.055407315492630005e-02 9.144584648311138153e-03 8.570505306124687195e-03 4.751326516270637512e-03 1.609115675091743469e-02 3.289080038666725159e-02 1.839260384440422058e-02 2.461113594472408295e-02 1.168586220592260361e-02 6.638242397457361221e-03 1.159100141376256943e-02 1.786227338016033173e-02 1.023960951715707779e-02 2.345076948404312134e-02 2.293713390827178955e-02 1.078630983829498291e-02 1.389043778181076050e-02 1.497963443398475647e-02 1.638758368790149689e-02 2.366059087216854095e-02 3.558697924017906189e-02 1.237748656421899796e-02 2.000962942838668823e-02 4.019899293780326843e-02 1.983230002224445343e-02 4.114811774343252182e-03 1.419511344283819199e-02 3.339868038892745972e-02 1.705063739791512489e-03 4.232615604996681213e-02 2.297342754900455475e-02 5.470552481710910797e-03 7.427687756717205048e-03 1.332365069538354874e-02 1.257768366485834122e-02 2.712947130203247070e-02 2.107453346252441406e-02 3.287563472986221313e-02 2.395280450582504272e-02 1.017775200307369232e-02 9.192444384098052979e-03 8.380038663744926453e-03 8.744423277676105499e-03 8.224012330174446106e-03 1.157310418784618378e-02 9.848004207015037537e-03 1.148027833551168442e-02 3.461086377501487732e-02 3.383705019950866699e-02 2.193743921816349030e-02 2.021623775362968445e-02 6.057782098650932312e-03 4.765624646097421646e-03 1.495194341987371445e-02 8.935088291764259338e-03 2.031375421211123466e-03 7.572144735604524612e-03 2.818152308464050293e-03 5.323407822288572788e-04 6.838350556790828705e-03 9.881954174488782883e-04 1.565984566695988178e-03 2.836553147062659264e-03 4.178616683930158615e-03 1.168525125831365585e-02 1.867352053523063660e-02 1.232561480719596148e-04 4.578545223921537399e-03 2.586729824542999268e-03 1.369355712085962296e-02 1.291780453175306320e-02 7.012446876615285873e-03 8.672765456140041351e-03 1.296630408614873886e-02 1.846412383019924164e-02
8.235088549554347992e-03 1.008320972323417664e-02 3.251430811360478401e-03 4.923104774206876755e-03 8.749343454837799072e-03 2.450011111795902252e-02 2.248332090675830841e-02 2.749983035027980804e-02 3.793311864137649536e-02 1.450506132096052170e-02 2.404394745826721191e-02 8.466866016387939453e-01 2.960932813584804535e-02 5.058232694864273071e-02 2.772381063550710678e-03 2.316350815817713737e-03 1.000051386654376984e-02 1.622680388391017914e-02 7.233387324959039688e-03 3.243002668023109436e-02 3.634862229228019714e-02 1.771465688943862915e-02 1.665807515382766724e-02 1.461404142901301384e-03 2.224882878363132477e-02 2.161133452318608761e-04 5.893082357943058014e-03 5.863557383418083191e-02 1.826633512973785400e-02 5.652958527207374573e-02 9.864435531198978424e-03 3.633291274309158325e-02 5.519425496459007263e-03 3.933602571487426758e-02 1.250847894698381424e-02 5.567882210016250610e-03 1.868000137619674206e-03 7.930072955787181854e-03 2.681497018784284592e-03 4.547317512333393097e-03 2.522989176213741302e-03 3.134496742859482765e-03 1.121440157294273376e-02 6.292841397225856781e-03 2.130547352135181427e-02 3.188946051523089409e-03 6.172276102006435394e-03 7.265790365636348724e-03 3.109702374786138535e-03 2.839509211480617523e-02 1.251906342804431915e-02 6.657427642494440079e-03 1.397722307592630386e-02 2.624241448938846588e-02 3.678597975522279739e-03 1.776850037276744843e-02 3.556790202856063843e-02 1.800144836306571960e-02 1.363229937851428986e-03 1.584732532501220703e-02 6.275199353694915771e-03 2.127404324710369110e-03 3.140641376376152039e-02 2.836258709430694580e-02 3.456833586096763611e-02 1.901803724467754364e-02 3.696356341242790222e-02 3.904327005147933960e-02 3.850135952234268188e-02 8.496684953570365906e-03 3.245699778199195862e-02 3.229488804936408997e-02 1.379530224949121475e-02 1.357400673441588879e-03 4.244056064635515213e-03 3.786233812570571899e-02 5.318733304738998413e-02 1.064106472767889500e-03 2.455215714871883392e-02 1.016049738973379135e-02 1.378795038908720016e-02 1.935903355479240417e-02 1.081493124365806580e-02 9.043375961482524872e-03 1.656997390091419220e-02 2.357723563909530640e-02 2.385397441685199738e-03 1.627196930348873138e-02 5.131683126091957092e-02 2.986613288521766663e-02 4.380336962640285492e-03 1.550473179668188095e-02 6.820558570325374603e-03 1.673975610174238682e-03 1.653153594816103578e-04 5.116057000122964382e-04 1.883770711719989777e-02 2.892161533236503601e-02 2.364325895905494690e-02 2.184289135038852692e-02 4.038691520690917969e-03 7.807247340679168701e-03 7.816210389137268066e-03 9.799225255846977234e-03 2.646324038505554199e-02 2.365128695964813232e-02 7.725676987320184708e-03 1.226006657816469669e-03 1.016958057880401611e-02 1.031217863783240318e-03 6.198998074978590012e-03 1.132706296630203724e-03 8.789876475930213928e-03 1.158845797181129456e-02 3.144020680338144302e-03 2.090231142938137054e-02
4.288690537214279175e-02 5.675048008561134338e-02 1.997633464634418488e-02 1.178711745887994766e-02 1.530801528133451939e-03 4.029069468379020691e-02 4.372842982411384583e-02 4.038873128592967987e-03 2.108128368854522705e-02 3.149626078084111214e-03 6.568568199872970581e-02 2.960932813584804535e-02 8.466866016387939453e-01 1.712865754961967468e-02 1.215432211756706238e-02 1.014781277626752853e-02 1.791946031153202057e-02 1.506807049736380577e-03 1.565957628190517426e-02 9.508346556685864925e-04 2.661164291203022003e-02 2.949619106948375702e-02 2.515136636793613434e-02 1.317159831523895264e-02 4.459370858967304230e-03 3.857777919620275497e-03 2.324064448475837708e-02 2.349202893674373627e-02 4.332408681511878967e-02 2.168038859963417053e-02 4.806769639253616333e-02 2.087835455313324928e-03 3.861130448058247566e-03 1.537028234452009201e-02 5.387848243117332458e-03 2.515479177236557007e-02 2.301600761711597443e-02 1.598408818244934082e-02 3.479017177596688271e-03 4.230789374560117722e-03 6.347350310534238815e-03 8.794457651674747467e-03 2.499077469110488892e-03 5.234456155449151993e-03 7.118424400687217712e-03 5.172721575945615768e-03 4.221223294734954834e-02 4.027990251779556274e-02 9.448191151022911072e-03 1.293933717533946037e-03 8.851316757500171661e-03 3.536473959684371948e-02 8.259404450654983521e-03 1.069348677992820740e-02 1.455555111169815063e-02 7.539727259427309036e-03 1.799922436475753784e-02 6.583600305020809174e-03 3.309414023533463478e-03 6.112542934715747833e-03 1.656956039369106293e-02 2.129145897924900055e-02 6.267440505325794220e-03 1.143908686935901642e-02 4.296387732028961182e-02 4.089178889989852905e-02 6.463563069701194763e-03 1.081137172877788544e-02 3.202793002128601074e-02 1.175672467797994614e-02 4.051531478762626648e-02 1.476631965488195419e-02 1.072820369154214859e-02 6.146199069917201996e-03 1.856409013271331787e-02 7.101162802428007126e-03 2.387483604252338409e-02 6.947447545826435089e-03 1.855446398258209229e-02 6.465971469879150391e-03 2.474600635468959808e-02 1.958817057311534882e-02 1.380324549973011017e-02 6.479903124272823334e-03 9.289460256695747375e-03 3.404302522540092468e-03 1.161559391766786575e-02 1.542280521243810654e-02 3.158930689096450806e-02 2.483944594860076904e-02 3.619315102696418762e-02 2.381249144673347473e-02 2.142336592078208923e-02 1.500022504478693008e-02 4.577004350721836090e-03 1.044483156874775887e-03 1.882266998291015625e-02 5.524520529434084892e-04 7.936266250908374786e-03 7.904106751084327698e-03 1.008947938680648804e-02 1.238042395561933517e-02 9.821299463510513306e-03 1.354806218296289444e-02 7.517250720411539078e-03 1.101603265851736069e-02 1.361257676035165787e-02 1.243645511567592621e-02 3.927840385586023331e-03 1.325274351984262466e-02 1.161227654665708542e-02 7.069766987115144730e-03 1.102690235711634159e-03 9.719678200781345367e-03 8.532214909791946411e-03 2.039251103997230530e-02
