8.392558693885803223e-01 7.749362289905548096e-02 9.204880334436893463e-03 1.125224307179450989e-02 9.088911116123199463e-03 4.138168320059776306e-02 5.079550668597221375e-02 1.521708909422159195e-02 4.967104643583297729e-03 2.328226901590824127e-02 5.597590282559394836e-02 5.219809710979461670e-03 4.566162824630737305e-02 1.123228296637535095e-02 1.266072411090135574e-02 2.099457196891307831e-02 1.041821669787168503e-02 1.093609607778489590e-03 3.650046652182936668e-03 2.272226661443710327e-02 3.828920796513557434e-02 3.722675889730453491e-02 7.674953667446970940e-04 9.481698274612426758e-03 1.770984940230846405e-02 1.145564578473567963e-02 6.123400758951902390e-03 1.694247685372829437e-02 3.373994305729866028e-02 1.784924603998661041e-02 1.763833686709403992e-02 1.238691620528697968e-02 2.620652318000793457e-03 1.209957245737314224e-02 3.064684802666306496e-03 1.772466860711574554e-02 1.946969702839851379e-02 1.730803214013576508e-02 1.128968596458435059e-02 2.077551180263981223e-04 4.154247231781482697e-03 1.404876541346311569e-02 1.391847431659698486e-02 7.661461364477872849e-03 2.749276719987392426e-02 4.095413535833358765e-02 3.513151034712791443e-02 3.473202884197235107e-02 4.868112970143556595e-03 9.075843845494091511e-04 3.485338529571890831e-03 9.673427790403366089e-03 2.140348032116889954e-02 1.771660405211150646e-03 6.857731845229864120e-03 7.018277421593666077e-03 1.437175273895263672e-02 1.437271200120449066e-02 9.840348735451698303e-03 1.205098582431674004e-03 2.292800927534699440e-03 7.774659898132085800e-03 8.031087927520275116e-04 5.562216974794864655e-03 4.141880571842193604e-02 2.885773591697216034e-02 2.201096899807453156e-02 3.055282123386859894e-02 9.105073288083076477e-03 1.985516585409641266e-02 3.355474327690899372e-04 1.333672832697629929e-02 1.889290474355220795e-02 3.188505768775939941e-02 8.744716644287109375e-03 2.272646874189376831e-02 1.150493789464235306e-02 2.694045752286911011e-02 2.743745967745780945e-02 4.222115874290466309e-02 5.205511115491390228e-03 3.369488986209034920e-03 5.615875590592622757e-03 1.332420110702514648e-02 7.090454921126365662e-03 1.527625415474176407e-02 2.032119408249855042e-02 1.639350317418575287e-02 6.037014536559581757e-03 1.516952179372310638e-02 2.705416269600391388e-02 2.617015503346920013e-02 2.549781836569309235e-02 2.746878564357757568e-02 4.808203317224979401e-03 5.605475977063179016e-03 3.188664838671684265e-02 2.736629545688629150e-02 1.318079978227615356e-02 9.369846433401107788e-03 5.066049285233020782e-03 7.655879599042236805e-04 1.104450877755880356e-02 5.498350597918033600e-03 1.878609880805015564e-03 2.774745924398303032e-03 1.774992706486955285e-04 6.958360318094491959e-03 6.123043131083250046e-03 1.818989776074886322e-02 1.575879007577896118e-02 5.918580107390880585e-03 1.435372792184352875e-02 1.791596598923206329e-02 1.354977302253246307e-02 3.185570472851395607e-03
7.749362289905548096e-02 8.392558693885803223e-01 1.250963308848440647e-03 9.781320579349994659e-03 6.015291437506675720e-03 2.993820980191230774e-02 5.135057866573333740e-02 3.230816917493939400e-03 6.233786698430776596e-03 2.681188844144344330e-02 6.383158266544342041e-02 4.420550249051302671e-05 6.169427558779716492e-02 8.072573691606521606e-03 1.863033883273601532e-02 1.077191997319459915e-02 2.040672115981578827e-03 3.403873997740447521e-04 7.450826466083526611e-03 1.755464076995849609e-02 4.070097580552101135e-02 3.633077815175056458e-02 3.523562336340546608e-03 1.144330762326717377e-02 1.576108112931251526e-02 9.440242312848567963e-03 1.252424810081720352e-02 1.438099332153797150e-02 2.874255552887916565e-02 1.786184683442115784e-02 2.566417446359992027e-03 1.093123108148574829e-02 1.833859598264098167e-03 1.098898891359567642e-02 8.690919727087020874e-03 1.588275283575057983e-02 2.212488465011119843e-02 1.488093100488185883e-02 5.494321696460247040e-03 3.170735901221632957e-03 2.516356471460312605e-04 7.091888692229986191e-03 1.391357928514480591e-02 5.609221756458282471e-03 2.262443304061889648e-02 3.331474959850311279e-02 2.871368825435638428e-02 3.496936708688735962e-02 9.160508401691913605e-03 3.358312649652361870e-03 7.816849276423454285e-03 1.109547261148691177e-02 9.960304014384746552e-03 4.817914217710494995e-03 1.188948750495910645e-02 1.109506818465888500e-03 2.075790613889694214e-02 1.164767052978277206e-02 7.250685710459947586e-03 1.810174202546477318e-03 9.974497370421886444e-04 1.064133830368518829e-02 3.219807520508766174e-03 3.517871256917715073e-03 3.916578367352485657e-02 3.574735298752784729e-02 2.053689211606979370e-02 3.185523673892021179e-02 1.149243488907814026e-02 2.323397248983383179e-02 1.675943145528435707e-03 6.256073247641324997e-03 1.701279543340206146e-02 2.048603259027004242e-02 5.190798547118902206e-03 7.335017900913953781e-03 1.484946627169847488e-02 2.456499077379703522e-02 3.123478218913078308e-02 4.388251155614852905e-02 1.323512289673089981e-02 8.024859707802534103e-04 4.593256395310163498e-03 1.226232573390007019e-02 9.804734960198402405e-03 1.056229602545499802e-02 2.148443646728992462e-02 2.524569816887378693e-02 2.524167997762560844e-03 1.869794912636280060e-02 2.146109007298946381e-02 2.828961424529552460e-02 2.769188024103641510e-02 2.973139472305774689e-02 3.556441282853484154e-03 9.480865672230720520e-03 2.678496949374675751e-02 1.960813626646995544e-02 1.167741790413856506e-02 4.855409730225801468e-03 1.937687629833817482e-03 2.229415578767657280e-03 8.904748596251010895e-03 7.057414855808019638e-03 7.305248873308300972e-04 7.344823796302080154e-03 1.557318610139191151e-03 7.492387667298316956e-03 3.718591295182704926e-03 2.231760695576667786e-02 1.528050098568201065e-02 6.979084108024835587e-03 1.100793946534395218e-02 1.630236394703388214e-02 1.328067108988761902e-02 1.203941297717392445e-03
9.204880334436893463e-03 1.250963308848440647e-03 8.392558693885803223e-01 5.803771317005157471e-03 1.448471844196319580e-02 9.902853518724441528e-03 8.190574124455451965e-03 5.973251163959503174e-02 6.350027397274971008e-03 1.547580026090145111e-02 7.548784371465444565e-03 5.324413999915122986e-03 4.630107898265123367e-03 2.243480412289500237e-03 3.837985172867774963e-02 1.894420757889747620e-02 1.785191521048545837e-02 7.175675127655267715e-03 1.451091025955975056e-03 5.637568887323141098e-03 2.426184015348553658e-03 2.587449923157691956e-02 1.650709472596645355e-02 6.801227573305368423e-03 2.035817690193653107e-02 2.394076995551586151e-02 2.328499034047126770e-02 2.008015289902687073e-02 1.608627289533615112e-02 1.536323223263025284e-02 3.177691483870148659e-03 5.705603864043951035e-03 6.216881796717643738e-03 1.291982177644968033e-02 4.877365194261074066e-03 7.818040437996387482e-03 4.232558887451887131e-03 3.263730555772781372e-02 6.146092433482408524e-03 1.275848480872809887e-03 2.357696369290351868e-02 7.965128868818283081e-03 9.015388786792755127e-03 4.061736166477203369e-02 4.480097442865371704e-03 1.615946064703166485e-03 1.605214551091194153e-02 1.915480941534042358e-02 6.789300590753555298e-03 2.756453817710280418e-03 3.419488668441772461e-02 2.275062352418899536e-02 3.424488706514239311e-03 9.912775130942463875e-04 1.669612247496843338e-03 1.060377154499292374e-02 1.388750970363616943e-02 1.023332029581069946e-02 5.375611130148172379e-03 1.075390173355117440e-05 1.271196175366640091e-03 1.492234878242015839e-04 1.957593113183975220e-02 1.370850671082735062e-02 1.779884286224842072e-02 2.843547379598021507e-03 1.551387924700975418e-02 1.721960678696632385e-02 1.462218910455703735e-02 6.746430881321430206e-03 2.321270667016506195e-02 2.188914455473423004e-02 2.281011780723929405e-03 1.352390367537736893e-02 8.106756024062633514e-03 9.499115869402885437e-03 2.018240775214508176e-04 3.499529790133237839e-03 3.305699210613965988e-03 2.382633683737367392e-04 8.269418776035308838e-02 8.182492852210998535e-02 4.618954379111528397e-03 3.377768676728010178e-03 7.827475666999816895e-03 8.123232051730155945e-03 3.171531483530998230e-02 5.208047479391098022e-02 2.811785601079463959e-02 8.987508714199066162e-03 1.162164658308029175e-02 1.434198953211307526e-02 7.902830839157104492e-03 3.780719824135303497e-03 2.999546471983194351e-03 1.215744297951459885e-02 1.198882050812244415e-02 1.055476814508438110e-02 7.785641122609376907e-03 2.098053134977817535e-02 1.159506104886531830e-02 8.308544754981994629e-03 4.091806244105100632e-03 1.344233378767967224e-02 4.858608357608318329e-03 7.477765902876853943e-03 9.499263949692249298e-03 3.475797828286886215e-03 7.235983852297067642e-03 2.369869966059923172e-03 1.978481188416481018e-02 3.577803727239370346e-03 1.193316560238599777e-02 4.912581294775009155e-03 1.938257366418838501e-02 1.910266466438770294e-02
1.125224307179450989e-02 9.781320579349994659e-03 5.803771317005157471e-03 8.392558693885803223e-01 5.356417968869209290e-02 8.337146602571010590e-03 9.147669188678264618e-03 1.972160767763853073e-03 8.330348879098892212e-03 1.373406965285539627e-02 4.380370490252971649e-03 5.025133723393082619e-04 1.938924659043550491e-03 5.822233390063047409e-03 2.173107862472534180e-02 2.558227628469467163e-02 2.448671869933605194e-02 4.858990758657455444e-02 4.394827783107757568e-02 9.832518175244331360e-03 3.079211106523871422e-03 1.750234141945838928e-02 1.772697828710079193e-02 2.038014307618141174e-02 6.965294014662504196e-04 6.066949572414159775e-04 1.458721235394477844e-02 4.155585542321205139e-03 7.775092497467994690e-03 6.906051188707351685e-03 2.073287777602672577e-02 1.856441050767898560e-02 3.965338319540023804e-02 2.411459758877754211e-02 3.955697640776634216e-02 5.806074943393468857e-03 2.659197663888335228e-03 1.374907558783888817e-03 4.163668677210807800e-02 4.488481208682060242e-02 2.255215682089328766e-02 2.534204535186290741e-02 1.575419120490550995e-02 9.862425737082958221e-03 1.290660724043846130e-02 1.792725175619125366e-02 1.445120666176080704e-03 8.354078046977519989e-03 2.500596083700656891e-02 1.579633355140686035e-02 1.454987563192844391e-02 1.553253736346960068e-02 2.681463398039340973e-02 3.254214674234390259e-02 1.913266628980636597e-02 5.916582420468330383e-03 1.098451483994722366e-02 1.607855409383773804e-02 3.464108332991600037e-02 3.629731386899948120e-02 4.712260514497756958e-02 3.836795315146446228e-02 3.474516049027442932e-02 4.447525367140769958e-02 7.885474711656570435e-03 1.653191260993480682e-02 1.160538475960493088e-02 9.902596473693847656e-03 1.486296951770782471e-02 1.438658032566308975e-02 1.624641381204128265e-02 1.337008830159902573e-02 4.786935448646545410e-02 3.606916172429919243e-03 4.906091466546058655e-02 4.348467104136943817e-03 2.023609913885593414e-02 5.131741985678672791e-03 2.565391175448894501e-02 2.498026937246322632e-02 8.394805714488029480e-03 5.774054210633039474e-03 4.530368372797966003e-02 3.933619707822799683e-02 2.584933675825595856e-02 3.150798007845878601e-02 7.466628681868314743e-03 3.949004225432872772e-03 1.062091533094644547e-02 1.239145174622535706e-02 8.173530921339988708e-03 1.769777014851570129e-02 1.516582258045673370e-02 2.495302446186542511e-02 3.186078742146492004e-02 2.636581473052501678e-02 1.281513180583715439e-02 6.329134106636047363e-03 9.309249930083751678e-03 1.249903999269008636e-02 1.627183333039283752e-02 3.152520954608917236e-02 1.256779022514820099e-02 1.968321949243545532e-02 2.405243739485740662e-02 3.447027876973152161e-02 1.203232817351818085e-02 2.630763873457908630e-02 1.068583503365516663e-02 2.489459142088890076e-02 1.574005186557769775e-02 1.450137980282306671e-02 2.040062285959720612e-02 1.949090510606765747e-02 1.299110334366559982e-02 2.364048548042774200e-02
9.088911116123199463e-03 6.015291437506675720e-03 1.448471844196319580e-02 5.356417968869209290e-02 8.392558693885803223e-01 1.700159395113587379e-03 3.619696013629436493e-03 1.029044762253761292e-02 9.391400031745433807e-03 9.761083871126174927e-03 9.651340544223785400e-03 6.349065341055393219e-03 3.887513419613242149e-03 9.641431272029876709e-03 2.683030255138874054e-02 2.274755015969276428e-02 2.144245430827140808e-02 4.988864809274673462e-02 4.649431258440017700e-02 9.785880334675312042e-03 6.982740014791488647e-03 1.650759950280189514e-02 2.210441045463085175e-02 2.243945002555847168e-02 2.186488127335906029e-04 5.809199865325354040e-05 1.999464631080627441e-02 6.190062500536441803e-03 2.841924782842397690e-03 1.069172751158475876e-02 6.760217715054750443e-03 1.618253439664840698e-02 4.132632538676261902e-02 2.206672728061676025e-02 4.118200391530990601e-02 9.168030694127082825e-03 2.329372568055987358e-03 4.563129332382231951e-04 4.355175420641899109e-02 4.646046832203865051e-02 1.965415105223655701e-02 2.464383840560913086e-02 1.567809097468852997e-02 1.568827778100967407e-02 1.322118006646633148e-02 1.450696401298046112e-02 6.554224528372287750e-03 9.940007701516151428e-03 2.245157770812511444e-02 1.009449176490306854e-02 1.527638640254735947e-02 1.660611294209957123e-02 2.461064793169498444e-02 3.222316130995750427e-02 1.901284232735633850e-02 4.313903860747814178e-03 6.944321095943450928e-03 2.281889505684375763e-02 3.335349261760711670e-02 3.532302752137184143e-02 4.582623019814491272e-02 4.033159837126731873e-02 3.261257335543632507e-02 4.566534981131553650e-02 9.646622464060783386e-03 1.999502629041671753e-02 1.186755020171403885e-02 1.218182593584060669e-02 9.782856330275535583e-03 7.291230373084545135e-03 1.677686162292957306e-02 1.047422178089618683e-02 4.397474229335784912e-02 9.109309874475002289e-03 4.649720340967178345e-02 2.517250366508960724e-03 1.896119490265846252e-02 8.728897199034690857e-03 2.248106338083744049e-02 1.826871186494827271e-02 1.497975923120975494e-02 3.802797291427850723e-03 4.513902962207794189e-02 4.106509685516357422e-02 2.385211363434791565e-02 2.449843659996986389e-02 9.439083747565746307e-03 9.982081130146980286e-03 1.473696995526552200e-02 1.214187219738960266e-02 6.628627888858318329e-03 1.502318307757377625e-02 1.371129043400287628e-02 2.140653319656848907e-02 2.715351805090904236e-02 2.330066636204719543e-02 5.247599910944700241e-03 8.802663534879684448e-03 1.041168067604303360e-02 1.531052496284246445e-02 1.377503015100955963e-02 2.704572491347789764e-02 6.354060024023056030e-03 1.330219581723213196e-02 2.401684038341045380e-02 3.456322848796844482e-02 9.774727746844291687e-03 2.700718864798545837e-02 1.239584852010011673e-02 3.167827427387237549e-02 1.440684590488672256e-02 1.263722777366638184e-02 2.084133587777614594e-02 1.863228715956211090e-02 1.325243618339300156e-02 2.019398473203182220e-02
4.138168320059776306e-02 2.993820980191230774e-02 9.902853518724441528e-03 8.337146602571010590e-03 1.700159395113587379e-03 8.392558693885803223e-01 7.475041598081588745e-02 8.169448934495449066e-03 2.928819740191102028e-03 3.367973119020462036e-02 3.023362159729003906e-02 5.166734009981155396e-02 2.128608152270317078e-02 3.874368965625762939e-02 1.616784185171127319e-02 5.043780431151390076e-03 1.670691650360822678e-03 4.869918804615736008e-03 6.183317862451076508e-03 8.555194362998008728e-03 1.723285578191280365e-02 3.060529567301273346e-02 1.955035515129566193e-02 8.363982662558555603e-03 2.015954628586769104e-02 1.748671755194664001e-02 9.112540632486343384e-03 3.321233019232749939e-02 7.549257861683145165e-05 3.137207776308059692e-02 7.392798550426959991e-03 3.054342232644557953e-03 1.304554403759539127e-03 1.477914489805698395e-02 6.324628833681344986e-03 2.436171472072601318e-02 1.935395225882530212e-02 6.119371391832828522e-03 1.114225760102272034e-02 1.411050092428922653e-03 1.086043193936347961e-04 1.569320634007453918e-02 1.220918819308280945e-02 2.513579837977886200e-02 9.268252179026603699e-03 3.222232311964035034e-02 7.083895057439804077e-02 4.305947944521903992e-02 1.824234239757061005e-02 2.666822634637355804e-02 5.959416739642620087e-03 3.488509100861847401e-04 1.712610758841037750e-02 8.189680054783821106e-03 1.713781058788299561e-02 2.605310268700122833e-02 1.291978824883699417e-02 8.903033100068569183e-03 5.376593209803104401e-03 9.799287654459476471e-03 9.160531684756278992e-03 7.315294351428747177e-03 1.247648429125547409e-02 3.686397336423397064e-03 2.354995533823966980e-02 6.681689526885747910e-03 1.857341639697551727e-02 2.565887942910194397e-02 5.657704547047615051e-03 2.842891402542591095e-02 2.003477513790130615e-02 7.224981673061847687e-03 2.219861187040805817e-02 2.303959801793098450e-02 1.796488836407661438e-02 1.136637572199106216e-02 5.706734023988246918e-03 3.750054910778999329e-02 2.484871260821819305e-02 4.445419088006019592e-02 1.164302136749029160e-02 7.700637448579072952e-03 8.945032954216003418e-03 5.419789813458919525e-03 2.795819891616702080e-03 9.385160170495510101e-03 3.443089500069618225e-02 2.277645841240882874e-02 6.666784174740314484e-03 2.418176829814910889e-02 2.865975163877010345e-02 2.039388520643115044e-03 2.363154105842113495e-02 1.257569645531475544e-03 6.825231481343507767e-03 2.439727075397968292e-03 2.646525017917156219e-02 3.306273836642503738e-03 2.109113894402980804e-02 2.573064155876636505e-02 1.879303250461816788e-03 5.816109944134950638e-03 2.114998921751976013e-02 2.710642293095588684e-03 9.060447919182479382e-04 6.576945888809859753e-04 8.884201757609844208e-03 1.020229142159223557e-02 1.189673226326704025e-02 1.868816651403903961e-02 4.126069135963916779e-03 1.565878465771675110e-02 5.328102968633174896e-03 1.277232076972723007e-02 1.143717672675848007e-03 9.756782092154026031e-03
5.079550668597221375e-02 5.135057866573333740e-02 8.190574124455451965e-03 9.147669188678264618e-03 3.619696013629436493e-03 7.475041598081588745e-02 8.392558693885803223e-01 9.855082258582115173e-03 8.025324903428554535e-03 2.609347179532051086e-02 4.556623101234436035e-02 2.875843085348606110e-02 3.563734143972396851e-02 2.209541201591491699e-02 8.968914858996868134e-03 5.988294258713722229e-03 8.863715338520705700e-04 4.444806836545467377e-03 7.245879154652357101e-03 6.570451892912387848e-03 2.605151385068893433e-02 3.273956477642059326e-02 1.830961555242538452e-02 1.357073616236448288e-02 1.837579160928726196e-02 9.538216516375541687e-03 5.278843920677900314e-03 1.944573037326335907e-02 6.064893677830696106e-03 2.312036976218223572e-02 7.671260274946689606e-03 1.374405692331492901e-03 2.251458121463656425e-03 1.543531753122806549e-02 2.143425081158056855e-04 6.528881378471851349e-03 1.289999205619096756e-02 5.880757700651884079e-03 1.345628220587968826e-02 1.176484045572578907e-03 5.012012086808681488e-03 3.603077493607997894e-03 2.305802889168262482e-02 1.418283022940158844e-02 4.074078984558582306e-03 2.004121616482734680e-02 7.139264792203903198e-02 6.272365897893905640e-02 2.546580275520682335e-03 1.477845571935176849e-02 5.962428171187639236e-03 2.094527008011937141e-03 4.504031312535516918e-05 9.676607325673103333e-03 7.586331572383642197e-03 2.206177264451980591e-02 1.835995726287364960e-02 8.699921891093254089e-03 1.290450338274240494e-03 5.330878309905529022e-03 4.222178366035223007e-03 1.053906325250864029e-02 4.329172428697347641e-03 2.939822152256965637e-03 2.114439941942691803e-02 6.119755096733570099e-03 1.867399550974369049e-02 3.188226372003555298e-02 8.185080252587795258e-03 3.315485641360282898e-02 9.868552908301353455e-03 9.735841304063796997e-03 2.151536941528320312e-02 2.848677709698677063e-02 1.259346771985292435e-02 2.602142747491598129e-03 2.101499401032924652e-02 2.443945221602916718e-02 1.719530671834945679e-02 3.687705472111701965e-02 4.013616126030683517e-03 4.956556484103202820e-03 1.332470448687672615e-03 8.847533725202083588e-03 5.542213562875986099e-03 3.098557936027646065e-03 2.635160833597183228e-02 1.280942745506763458e-02 1.493642199784517288e-02 2.795432321727275848e-02 3.394892811775207520e-02 7.867620326578617096e-03 4.386903718113899231e-02 1.833065645769238472e-03 1.109692826867103577e-02 3.317450406029820442e-03 3.069880418479442596e-02 1.394995395094156265e-02 2.948755398392677307e-02 2.718319185078144073e-02 8.830119622871279716e-04 1.011447422206401825e-02 1.723581552505493164e-02 8.094067685306072235e-03 2.157416893169283867e-03 7.444734685122966766e-03 1.471265917643904686e-03 5.657070316374301910e-03 6.948355585336685181e-03 3.110700100660324097e-02 1.011556200683116913e-02 1.743430155329406261e-03 8.057863451540470123e-03 2.527826838195323944e-02 5.093452986329793930e-03 7.415295112878084183e-03
1.521708909422159195e-02 3.230816917493939400e-03 5.973251163959503174e-02 1.972160767763853073e-03 1.029044762253761292e-02 8.169448934495449066e-03 9.855082258582115173e-03 8.392558693885803223e-01 1.051184488460421562e-03 3.602747106924653053e-03 9.923567995429039001e-03 1.966007985174655914e-02 7.087576203048229218e-03 2.112211287021636963e-02 2.819398976862430573e-02 1.969760097563266754e-02 1.987713575363159180e-02 1.110410201363265514e-03 6.577782332897186279e-04 3.146393969655036926e-02 2.633964456617832184e-02 2.553528733551502228e-02 1.689889654517173767e-02 1.177587173879146576e-02 2.023932337760925293e-02 1.806091144680976868e-02 2.099959179759025574e-02 2.303247340023517609e-03 7.573960814625024796e-03 1.004149019718170166e-02 1.872942433692514896e-03 1.786947622895240784e-02 3.482765052467584610e-03 1.144027430564165115e-02 1.028659986332058907e-03 3.164924681186676025e-02 3.925869613885879517e-02 1.213621697388589382e-03 1.030351500958204269e-03 1.157010532915592194e-02 8.917006663978099823e-03 1.146064256317913532e-03 2.445508027449250221e-03 1.062467345036566257e-03 7.103834301233291626e-03 7.009436376392841339e-04 9.415639564394950867e-03 8.789106272161006927e-03 5.377720110118389130e-03 5.526302848011255264e-03 4.024284332990646362e-02 3.683826327323913574e-02 2.930619940161705017e-02 8.678340353071689606e-03 5.035993177443742752e-03 5.750455893576145172e-03 1.888926513493061066e-02 5.689005833119153976e-03 1.409850642085075378e-02 4.013346973806619644e-03 1.769194961525499821e-03 1.039315713569521904e-03 7.870578207075595856e-03 2.011157572269439697e-02 1.011944189667701721e-02 3.721280023455619812e-03 1.708959788084030151e-02 1.501372270286083221e-02 3.047744045034050941e-03 7.873169146478176117e-03 3.766517387703061104e-03 1.040480658411979675e-02 3.996369894593954086e-03 2.579274401068687439e-02 8.311067707836627960e-03 2.956916578114032745e-02 5.599990487098693848e-03 1.371760037727653980e-03 5.504041444510221481e-03 2.773956162855029106e-03 6.190850958228111267e-02 4.663775116205215454e-02 5.170579068362712860e-03 2.436107257381081581e-03 5.028968211263418198e-03 1.532890927046537399e-02 2.690010704100131989e-02 2.570678666234016418e-02 1.134633366018533707e-02 1.537468633614480495e-04 2.801756141707301140e-03 1.006800215691328049e-02 2.442339900881052017e-03 1.075236313045024872e-02 2.350335195660591125e-02 2.188395895063877106e-02 2.166847884654998779e-02 1.789774000644683838e-02 2.316992916166782379e-02 3.071599267423152924e-02 2.128768153488636017e-02 1.518893800675868988e-02 8.723418228328227997e-03 2.537583532102871686e-05 2.296502888202667236e-02 6.710031069815158844e-03 2.713933028280735016e-02 2.027723565697669983e-02 2.179113216698169708e-02 1.477861497551202774e-02 3.747741691768169403e-03 1.921102218329906464e-02 2.841330319643020630e-02 3.159976797178387642e-03 1.976218074560165405e-03 1.790708117187023163e-02
4.967104643583297729e-03 6.233786698430776596e-03 6.350027397274971008e-03 8.330348879098892212e-03 9.391400031745433807e-03 2.928819740191102028e-03 8.025324903428554535e-03 1.051184488460421562e-03 8.392558693885803223e-01 3.073982708156108856e-02 5.235381424427032471e-03 9.322010912001132965e-03 7.520402781665325165e-03 2.155094593763351440e-02 5.267499946057796478e-03 1.522272825241088867e-02 6.476732436567544937e-03 3.040550276637077332e-03 1.515529677271842957e-02 5.311332177370786667e-03 8.097853511571884155e-03 1.950314827263355255e-02 3.022958151996135712e-02 2.811977453529834747e-02 2.674794755876064301e-03 6.613723933696746826e-03 1.575644128024578094e-02 1.460024528205394745e-02 4.623142536729574203e-03 1.877026818692684174e-02 3.194550285115838051e-03 6.181375123560428619e-03 1.927296631038188934e-03 7.246442139148712158e-03 9.433268569409847260e-03 2.388903172686696053e-03 1.826007664203643799e-02 1.640414260327816010e-02 1.181701757013797760e-02 1.356264017522335052e-02 4.954326432198286057e-03 4.947110265493392944e-02 2.181893959641456604e-02 1.489891204982995987e-02 2.222490683197975159e-02 8.762114681303501129e-03 9.348023682832717896e-03 1.003041118383407593e-02 3.336381539702415466e-02 1.669616810977458954e-02 7.245329674333333969e-03 9.388809092342853546e-03 3.495833277702331543e-02 3.466190025210380554e-02 3.952671587467193604e-02 1.833851076662540436e-02 2.187888510525226593e-02 1.188653986901044846e-02 2.123460732400417328e-02 2.506478130817413330e-02 4.283691756427288055e-03 1.682579331099987030e-02 1.376738399267196655e-02 4.036597441881895065e-03 6.580339744687080383e-03 1.053632237017154694e-02 8.748638443648815155e-03 9.238246828317642212e-03 4.888847842812538147e-02 1.258707791566848755e-02 2.067532017827033997e-02 7.839588448405265808e-03 1.035313494503498077e-02 2.876143669709563255e-03 1.979005709290504456e-02 2.758102677762508392e-02 7.929782569408416748e-02 3.275961801409721375e-02 4.029926285147666931e-02 1.835654862225055695e-02 3.548004606273025274e-04 1.291291229426860809e-02 9.685913100838661194e-03 1.858645118772983551e-02 3.230281546711921692e-02 3.562679514288902283e-02 1.281334925442934036e-02 1.775410957634449005e-02 1.821823045611381531e-02 1.829648273997008801e-03 1.590682077221572399e-03 2.735389396548271179e-03 9.634739719331264496e-03 5.973356310278177261e-04 7.263397128554061055e-05 1.326591894030570984e-02 1.287193410098552704e-02 2.715451456606388092e-02 4.197016358375549316e-02 1.834492012858390808e-02 1.909011742100119591e-03 1.186719071120023727e-02 3.204229101538658142e-02 3.439327469095587730e-03 7.893371395766735077e-03 1.315941382199525833e-02 4.438220988959074020e-03 9.048615582287311554e-03 1.492893695831298828e-02 2.195850946009159088e-03 3.969518467783927917e-03 1.566467806696891785e-03 1.231726072728633881e-02 2.559350430965423584e-02 2.078924886882305145e-02 1.385902427136898041e-02
2.328226901590824127e-02 2.681188844144344330e-02 1.547580026090145111e-02 1.373406965285539627e-02 9.761083871126174927e-03 3.367973119020462036e-02 2.609347179532051086e-02 3.602747106924653053e-03 3.073982708156108856e-02 8.392558693885803223e-01 2.164539135992527008e-02 2.139713615179061890e-02 1.831630244851112366e-02 1.807487220503389835e-03 6.077810656279325485e-03 2.332454733550548553e-02 2.905935794115066528e-02 3.033906396012753248e-04 8.645396679639816284e-03 2.068228274583816528e-02 5.591957829892635345e-03 6.115310825407505035e-04 2.424912154674530029e-02 4.140808805823326111e-02 2.039591968059539795e-02 2.107642032206058502e-02 6.227118428796529770e-03 1.996766403317451477e-02 1.125183235853910446e-02 1.178336609154939651e-02 7.805902976542711258e-03 2.045342326164245605e-02 8.779241703450679779e-03 1.960067264735698700e-02 9.607158601284027100e-03 8.202260360121726990e-03 1.009232248179614544e-03 4.673734307289123535e-03 1.265427842736244202e-02 9.733673185110092163e-03 1.791742257773876190e-02 2.595369145274162292e-02 8.433182723820209503e-03 1.129592303186655045e-02 2.117200754582881927e-03 3.105696476995944977e-02 3.073921427130699158e-02 1.587301120162010193e-02 1.561267860233783722e-02 5.042955651879310608e-02 1.382608432322740555e-02 1.725588552653789520e-02 1.233206596225500107e-02 3.207192756235599518e-03 1.903306134045124054e-02 4.551394283771514893e-02 7.607433479279279709e-03 1.706755906343460083e-02 6.662385072559118271e-03 6.483167875558137894e-03 5.609613843262195587e-03 1.352602243423461914e-02 1.980478502810001373e-02 2.810165518894791603e-03 1.349297631531953812e-02 2.301419712603092194e-02 1.304861810058355331e-02 2.510312246158719063e-03 1.838579960167407990e-02 2.700493671000003815e-02 4.561121016740798950e-02 1.721607334911823273e-02 2.515005134046077728e-02 1.188576035201549530e-02 8.997526951134204865e-03 1.953771896660327911e-02 1.355703570879995823e-03 6.717439740896224976e-02 3.183691948652267456e-02 6.281441450119018555e-02 1.690266095101833344e-02 1.483207195997238159e-02 5.058774258941411972e-03 9.471549652516841888e-03 2.598125301301479340e-02 3.832390904426574707e-02 6.067961454391479492e-03 2.239852910861372948e-03 5.297694820910692215e-03 2.422750554978847504e-02 9.677577763795852661e-03 1.115688960999250412e-02 1.311613619327545166e-02 3.603980410844087601e-03 9.547990746796131134e-03 2.121818624436855316e-02 2.206547744572162628e-02 4.180893767625093460e-03 8.575673215091228485e-03 5.813281983137130737e-03 1.971014775335788727e-02 1.183462142944335938e-02 9.529713541269302368e-03 6.563373841345310211e-03 1.684498973190784454e-02 1.121554523706436157e-02 1.992747932672500610e-02 1.108921878039836884e-02 1.163096632808446884e-02 8.465089835226535797e-03 9.990623220801353455e-03 1.053809188306331635e-02 2.525322139263153076e-02 8.388021029531955719e-03 1.887597958557307720e-03 8.796569891273975372e-03
5.597590282559394836e-02 6.383158266544342041e-02 7.548784371465444565e-03 4.380370490252971649e-03 9.651340544223785400e-03 3.023362159729003906e-02 4.556623101234436035e-02 9.923567995429039001e-03 5.235381424427032471e-03 2.164539135992527008e-02 8.392558693885803223e-01 3.859067801386117935e-03 6.837041676044464111e-02 7.585315499454736710e-03 2.831151895225048065e-02 1.186822634190320969e-02 2.656659809872508049e-03 1.691177487373352051e-02 1.911049894988536835e-02 2.044899947941303253e-02 4.032003134489059448e-02 4.343387857079505920e-02 5.922524258494377136e-03 4.480716306716203690e-03 2.084407582879066467e-02 1.482858601957559586e-02 4.392545204609632492e-03 1.398710906505584717e-02 3.521087393164634705e-02 1.903199218213558197e-02 2.655488788150250912e-04 1.106172800064086914e-02 3.595272777602076530e-03 1.043568924069404602e-02 8.570759557187557220e-03 2.177309989929199219e-02 2.482350170612335205e-02 7.505620829761028290e-03 6.770806503482162952e-04 1.207971479743719101e-02 7.638523820787668228e-03 3.358203917741775513e-03 2.487389370799064636e-02 1.578456535935401917e-02 1.384037919342517853e-02 1.944757625460624695e-02 3.599856421351432800e-02 4.402818158268928528e-02 9.700841270387172699e-03 4.338623024523258209e-03 8.434341289103031158e-03 1.021685427986085415e-03 4.088050220161676407e-03 1.229960098862648010e-02 2.242410089820623398e-03 4.545154049992561340e-03 1.072066649794578552e-02 1.319296751171350479e-02 9.726823773235082626e-04 1.117274817079305649e-02 1.514328084886074066e-02 1.747904531657695770e-02 7.444089744240045547e-03 1.420723088085651398e-02 4.576070979237556458e-02 3.531428426504135132e-02 2.337757684290409088e-02 3.381975740194320679e-02 1.311883982270956039e-02 9.940889663994312286e-03 1.452394208172336221e-04 2.724723657593131065e-03 1.223676744848489761e-02 2.678036503493785858e-02 3.618657356128096581e-03 1.868658326566219330e-02 2.769610146060585976e-03 2.266732044517993927e-02 2.519704587757587433e-02 3.632961586117744446e-02 4.382533952593803406e-03 1.442659273743629456e-02 1.865337044000625610e-02 2.427822165191173553e-02 8.514414366800338030e-05 5.463449051603674889e-04 3.101164475083351135e-02 3.251075372099876404e-02 3.672906197607517242e-03 2.089087478816509247e-02 2.725532650947570801e-02 4.164944961667060852e-02 4.084295406937599182e-02 3.217849880456924438e-02 4.494825261645019054e-04 9.078022092580795288e-03 3.423659503459930420e-02 2.347044087946414948e-02 1.392489857971668243e-02 1.921778172254562378e-02 2.643750747665762901e-03 1.220859703607857227e-03 1.738772355020046234e-02 4.143940284848213196e-03 1.544633181765675545e-03 1.256133057177066803e-02 4.146744031459093094e-03 2.203888259828090668e-02 7.167863193899393082e-03 3.054437227547168732e-02 2.302706241607666016e-03 3.896597540006041527e-03 2.160741388797760010e-02 2.889062836766242981e-02 5.271423142403364182e-03 1.978170871734619141e-02
5.219809710979461670e-03 4.420550249051302671e-05 5.324413999915122986e-03 5.025133723393082619e-04 6.349065341055393219e-03 5.166734009981155396e-02 2.875843085348606110e-02 1.966007985174655914e-02 9.322010912001132965e-03 2.139713615179061890e-02 3.859067801386117935e-03 8.392558693885803223e-01 4.353602416813373566e-03 8.617411553859710693e-02 1.536224223673343658e-02 3.634294727817177773e-03 2.242306945845484734e-03 3.375835076440125704e-04 7.251922506839036942e-03 1.849463675171136856e-03 2.612265292555093765e-03 9.598339907824993134e-03 4.165134206414222717e-02 2.633606828749179840e-02 2.187852049246430397e-03 1.073838584125041962e-02 1.949657499790191650e-02 5.398602038621902466e-02 1.593136787414550781e-02 3.942984715104103088e-02 3.126070275902748108e-02 8.102227933704853058e-03 1.756130717694759369e-02 4.489969927817583084e-03 4.982124082744121552e-03 2.157057076692581177e-02 2.790242247283458710e-02 4.807601682841777802e-03 2.386592095717787743e-03 6.266959477216005325e-03 8.845446631312370300e-03 9.439171291887760162e-03 8.800460025668144226e-03 1.852428168058395386e-02 2.784147113561630249e-02 1.234359759837388992e-02 3.312432393431663513e-02 9.135812520980834961e-03 6.565315183252096176e-03 2.545732073485851288e-02 2.136800624430179596e-02 1.791163720190525055e-02 4.104270599782466888e-03 1.223687548190355301e-02 1.911559607833623886e-03 2.714234963059425354e-02 1.729335449635982513e-02 9.187461808323860168e-03 1.136386272264644504e-04 6.009845528751611710e-03 1.248649414628744125e-02 1.616745255887508392e-02 1.386060030199587345e-03 1.336347486358135939e-04 4.247266333550214767e-03 3.214491298422217369e-03 1.234738342463970184e-02 9.213409386575222015e-03 5.615967791527509689e-03 4.464346170425415039e-02 1.526711136102676392e-02 2.508040517568588257e-02 7.248377893120050430e-03 3.364289924502372742e-02 4.236573353409767151e-03 4.212562926113605499e-03 1.515509746968746185e-02 2.940418757498264313e-02 2.878212369978427887e-03 2.180141396820545197e-02 7.205537986010313034e-03 2.116258814930915833e-02 4.253641236573457718e-03 1.152283977717161179e-02 9.606010280549526215e-03 1.132693700492382050e-02 2.621200494468212128e-02 1.660231617279350758e-03 3.102082759141921997e-02 1.441156677901744843e-02 4.075924865901470184e-03 2.528920583426952362e-02 6.261650007218122482e-03 1.824723556637763977e-02 5.289146210998296738e-03 1.148899924010038376e-02 2.239792980253696442e-02 8.085913956165313721e-03 2.706172689795494080e-02 2.875804714858531952e-02 2.194126695394515991e-02 1.832490600645542145e-02 1.374802645295858383e-02 6.516617722809314728e-03 3.603286575525999069e-03 3.446170594543218613e-04 1.736404257826507092e-03 4.188398830592632294e-03 3.452556207776069641e-03 8.426406420767307281e-03 7.170912809669971466e-03 8.528301492333412170e-03 8.404556661844253540e-03 6.365722976624965668e-03 4.129555542021989822e-03 2.382725710049271584e-03
4.566162824630737305e-02 6.169427558779716492e-02 4.630107898265123367e-03 1.938924659043550491e-03 3.887513419613242149e-03 2.128608152270317078e-02 3.563734143972396851e-02 7.087576203048229218e-03 7.520402781665325165e-03 1.831630244851112366e-02 6.837041676044464111e-02 4.353602416813373566e-03 8.392558693885803223e-01 3.838209202513098717e-03 3.178570047020912170e-02 1.136268954724073410e-02 3.511752700433135033e-03 1.284626964479684830e-02 1.686969585716724396e-02 1.884301006793975830e-02 3.791584447026252747e-02 4.300448298454284668e-02 5.060418974608182907e-03 5.068564787507057190e-03 2.429274097084999084e-02 1.748182065784931183e-02 7.495444267988204956e-03 1.398080773651599884e-02 3.480376303195953369e-02 2.310399338603019714e-02 5.724697373807430267e-03 1.256984192878007889e-02 9.971183026209473610e-04 1.229855231940746307e-02 6.701058009639382362e-04 2.355124801397323608e-02 3.100231662392616272e-02 1.401209179311990738e-02 2.083510393276810646e-03 1.072066836059093475e-02 8.764899335801601410e-03 1.032738873618654907e-04 2.672496996819972992e-02 4.887507297098636627e-03 1.526339817792177200e-02 2.052281424403190613e-02 2.678651176393032074e-02 4.290054365992546082e-02 9.735519066452980042e-03 5.806583445519208908e-03 6.928971502929925919e-03 4.700238816440105438e-03 1.003044378012418747e-02 3.443797584623098373e-03 3.523942083120346069e-03 3.526452695950865746e-03 1.363807544112205505e-02 1.041581667959690094e-02 1.870489213615655899e-03 7.037358824163675308e-03 1.388540863990783691e-02 1.686543785035610199e-02 1.072947680950164795e-02 7.446418516337871552e-03 4.651350900530815125e-02 4.605206847190856934e-02 2.506536059081554413e-02 3.096115216612815857e-02 8.488700725138187408e-03 1.143458578735589981e-02 1.620505587197840214e-03 3.235177835449576378e-03 1.371617149561643600e-02 2.133992873132228851e-02 1.028985250741243362e-03 1.302343606948852539e-02 3.399907378479838371e-03 1.487956847995519638e-02 3.128175437450408936e-02 3.641293942928314209e-02 8.117718971334397793e-04 9.572451002895832062e-03 1.484565064311027527e-02 1.894825510680675507e-02 5.283324047923088074e-03 3.491177456453442574e-03 3.490904346108436584e-02 3.936877101659774780e-02 3.575858892872929573e-03 1.989428512752056122e-02 2.427763305604457855e-02 3.993879631161689758e-02 3.788250684738159180e-02 3.440036997199058533e-02 5.423245020210742950e-03 1.385955233126878738e-02 3.296939283609390259e-02 2.006066404283046722e-02 1.440924592316150665e-02 1.546403300017118454e-02 6.249113474041223526e-03 1.646063989028334618e-03 1.264160592108964920e-02 4.047447349876165390e-03 5.949948448687791824e-03 1.660778885707259178e-03 4.841130692511796951e-03 1.815317012369632721e-02 1.285280473530292511e-02 2.564867213368415833e-02 6.914834026247262955e-03 3.553338581696152687e-03 2.034811116755008698e-02 2.812173031270503998e-02 2.416049363091588020e-03 2.519210986793041229e-02
