8.403560519218444824e-01 6.667184084653854370e-02 7.044957019388675690e-03 3.467173501849174500e-02 6.504780612885951996e-04 6.017702445387840271e-02 4.165097698569297791e-02 1.626089215278625488e-03 8.238497190177440643e-03 2.147761173546314240e-02 5.908335000276565552e-02 1.826425828039646149e-02 4.156837239861488342e-02 2.043122611939907074e-02 1.800808473490178585e-03 4.822575487196445465e-03 7.676925044506788254e-03 2.381210448220372200e-03 4.679664503782987595e-03 7.785753812640905380e-03 2.589732035994529724e-02 2.683087065815925598e-02 1.898152637295424938e-03 1.469519454985857010e-02 9.593551978468894958e-03 1.137636508792638779e-02 1.635233871638774872e-02 6.031594239175319672e-03 6.489236373454332352e-03 1.748254336416721344e-02 1.874774135649204254e-02 5.845374427735805511e-03 7.332103326916694641e-03 7.101114839315414429e-03 3.395672189071774483e-03 8.071777410805225372e-03 8.527102181687951088e-04 2.868691273033618927e-02 8.938422426581382751e-03 9.514426812529563904e-03 1.933292485773563385e-02 9.958042763173580170e-03 8.811144653009250760e-05 1.531127188354730606e-02 1.340769603848457336e-02 6.850843783468008041e-03 4.437881708145141602e-02 3.686935827136039734e-02 1.128529477864503860e-02 9.119126014411449432e-03 6.499148905277252197e-03 8.222220465540885925e-03 5.185902118682861328e-03 4.747403319925069809e-03 3.602808574214577675e-03 1.677587255835533142e-02 9.681387804448604584e-03 1.650122366845607758e-02 4.082306753844022751e-03 1.278645079582929611e-02 1.186909992247819901e-02 5.745661444962024689e-03 1.418930012732744217e-02 1.962973922491073608e-02 2.084706723690032959e-02 1.146149449050426483e-02 2.041038870811462402e-02 1.939488947391510010e-02 1.709463447332382202e-02 2.894948981702327728e-02 5.522274412214756012e-03 2.382778190076351166e-02 1.983918994665145874e-02 3.452152386307716370e-02 2.720784023404121399e-02 2.212326228618621826e-02 6.038473453372716904e-03 1.792382635176181793e-02 1.021833997219800949e-02 2.754292450845241547e-02 4.143533587921410799e-04 1.351005746982991695e-03 2.182525210082530975e-02 1.827047020196914673e-02 1.540577132254838943e-02 6.472741719335317612e-03 3.744593705050647259e-04 7.905200123786926270e-03 1.386166084557771683e-02 2.759330719709396362e-02 1.162719447165727615e-02 6.422401871532201767e-03 1.546071190387010574e-02 2.743750438094139099e-02 1.791368424892425537e-02 2.502273768186569214e-03 2.589403279125690460e-02 1.727570034563541412e-02 3.226081281900405884e-02 1.573264785110950470e-02 1.840908452868461609e-02 1.185036357492208481e-02 1.478117145597934723e-02 7.296379189938306808e-03 1.005333848297595978e-02 4.132336936891078949e-03 2.413486689329147339e-02 2.737916307523846626e-03 1.549668051302433014e-02 1.425663474947214127e-03 2.782534621655941010e-02 1.885596290230751038e-02 7.978135836310684681e-04 1.463907770812511444e-03 7.291655056178569794e-03 9.616734459996223450e-03
6.667184084653854370e-02 8.403560519218444824e-01 2.913940511643886566e-02 3.300821408629417419e-02 1.201891154050827026e-02 4.140991345047950745e-02 4.494397342205047607e-02 1.659704558551311493e-02 1.414605882018804550e-02 2.212423831224441528e-02 3.208793327212333679e-02 3.342124633491039276e-03 6.174684688448905945e-02 3.773260395973920822e-03 2.302795834839344025e-02 8.056274615228176117e-03 5.288948770612478256e-03 9.467983618378639221e-03 1.349274534732103348e-02 1.336106192320585251e-02 1.885893382132053375e-02 2.792791835963726044e-02 2.197373192757368088e-03 1.324915140867233276e-02 6.961653940379619598e-03 9.709302335977554321e-03 2.793314121663570404e-02 2.795181702822446823e-03 2.803681651130318642e-03 5.857311654835939407e-03 8.284091018140316010e-03 1.070422958582639694e-02 6.573908613063395023e-04 8.965242654085159302e-03 5.296510178595781326e-03 2.206815220415592194e-02 2.414742857217788696e-02 2.867546863853931427e-02 1.590353250503540039e-02 4.986507352441549301e-03 1.675371639430522919e-02 4.912194795906543732e-03 7.120222318917512894e-03 1.175764575600624084e-02 1.434405334293842316e-02 2.839141758158802986e-03 3.896614164113998413e-02 2.811236679553985596e-02 6.611166521906852722e-03 1.064120978116989136e-02 1.487041823565959930e-03 5.485876463353633881e-03 1.143944822251796722e-02 1.897731795907020569e-02 1.383585203438997269e-02 1.493759825825691223e-02 6.067767273634672165e-03 1.357219181954860687e-02 1.994575187563896179e-02 4.296936385799199343e-04 1.439090073108673096e-02 7.876390591263771057e-03 1.410880312323570251e-02 2.329261228442192078e-02 2.674765512347221375e-02 2.031653746962547302e-02 1.517849788069725037e-02 1.856194809079170227e-02 6.563808419741690159e-04 2.369929291307926178e-02 1.568352989852428436e-02 1.995494961738586426e-02 1.674669981002807617e-02 1.933969929814338684e-02 1.735220104455947876e-02 2.199896611273288727e-02 2.544099930673837662e-03 2.117118053138256073e-02 3.066090866923332214e-03 2.690904587507247925e-02 1.400349545292556286e-03 1.061570923775434494e-02 4.302309826016426086e-03 2.181924507021903992e-02 1.577520370483398438e-02 1.706657931208610535e-02 2.903369814157485962e-02 2.548537682741880417e-03 1.892082951962947845e-02 2.892942354083061218e-02 1.124016009271144867e-03 2.453633956611156464e-02 1.495867152698338032e-03 2.500904910266399384e-02 2.129577472805976868e-02 1.134848501533269882e-02 1.501957187429070473e-03 3.680339455604553223e-02 3.329835459589958191e-02 1.688857376575469971e-02 3.034628368914127350e-02 1.203869376331567764e-02 2.706630341708660126e-02 2.218342199921607971e-02 8.896288461983203888e-03 6.106748711317777634e-03 3.545358404517173767e-02 9.898860938847064972e-03 4.328281211201101542e-04 3.984376788139343262e-03 9.714247658848762512e-03 1.495309732854366302e-02 8.595081977546215057e-03 3.635894507169723511e-03 3.881597192957997322e-03 1.194456964731216431e-02
7.044957019388675690e-03 2.913940511643886566e-02 8.403560519218444824e-01 9.447590447962284088e-03 1.825318299233913422e-02 2.805016003549098969e-02 3.341470658779144287e-02 6.376945972442626953e-02 3.300851956009864807e-02 2.754686027765274048e-02 2.794385189190506935e-03 4.481309559196233749e-03 6.916682701557874680e-03 1.606288738548755646e-02 1.125756278634071350e-02 1.891893707215785980e-02 2.148802950978279114e-02 3.242715029045939445e-03 6.402764935046434402e-03 5.211659707129001617e-03 8.769904263317584991e-03 8.295044302940368652e-03 7.637321483343839645e-03 1.052597258239984512e-02 3.455473808571696281e-03 5.276204552501440048e-03 3.402213798835873604e-03 1.564321573823690414e-03 1.174823660403490067e-02 3.102242480963468552e-03 1.882921718060970306e-02 1.016030367463827133e-02 2.421205490827560425e-02 1.239744946360588074e-03 8.698495104908943176e-03 7.410585414618253708e-03 2.602792810648679733e-03 3.072946146130561829e-02 6.378562655299901962e-03 7.588538341224193573e-03 1.812935061752796173e-02 2.272163331508636475e-02 1.005161274224519730e-02 2.961400896310806274e-02 1.536853797733783722e-02 5.195914302021265030e-03 2.129976451396942139e-02 3.062990959733724594e-03 1.677307859063148499e-02 1.385900191962718964e-02 5.223435815423727036e-03 1.043586898595094681e-02 6.488079205155372620e-03 4.045772366225719452e-03 2.730713039636611938e-02 8.812646381556987762e-03 3.566490253433585167e-03 1.135164964944124222e-02 2.165008895099163055e-02 1.944833435118198395e-02 1.517804991453886032e-02 1.248489040881395340e-02 1.379048917442560196e-02 1.128978095948696136e-02 2.091269567608833313e-02 1.025355700403451920e-02 4.665186628699302673e-03 7.540344726294279099e-03 2.616117522120475769e-02 2.956723235547542572e-02 3.093062341213226318e-02 1.398048643022775650e-02 6.897733546793460846e-03 1.314307190477848053e-02 1.120420917868614197e-02 5.938353016972541809e-03 4.223018512129783630e-02 4.108005762100219727e-02 7.089794147759675980e-03 2.105033770203590393e-02 4.113852232694625854e-02 5.099562555551528931e-02 1.444170344620943069e-02 9.388719685375690460e-03 1.349776610732078552e-02 5.906308535486459732e-03 6.228851154446601868e-03 3.269187361001968384e-02 2.582674659788608551e-02 2.238490246236324310e-02 1.979553606361150742e-03 3.087644581682980061e-04 8.313932456076145172e-03 6.988941691815853119e-03 2.248713187873363495e-02 1.375845819711685181e-02 8.068860508501529694e-03 1.625488512217998505e-02 3.879969473928213120e-03 2.073939703404903412e-02 2.120761899277567863e-03 9.799098595976829529e-03 1.252832449972629547e-02 2.480690553784370422e-02 7.739675696939229965e-03 9.647545404732227325e-03 1.832363381981849670e-02 2.220707712695002556e-03 3.293975815176963806e-02 3.315292671322822571e-02 1.665502786636352539e-02 4.971832036972045898e-03 6.968704983592033386e-03 1.131058204919099808e-03 1.021529175341129303e-02 2.094526775181293488e-02
3.467173501849174500e-02 3.300821408629417419e-02 9.447590447962284088e-03 8.403560519218444824e-01 4.745682235807180405e-03 2.090791799128055573e-02 1.231399923563003540e-02 1.495400257408618927e-02 2.253959514200687408e-02 3.528784960508346558e-02 1.186111290007829666e-02 3.880104282870888710e-03 9.197577834129333496e-03 5.394760984927415848e-03 2.373932860791683197e-03 7.981750182807445526e-03 2.844068966805934906e-02 3.276744391769170761e-03 4.732955992221832275e-02 5.605292506515979767e-03 1.090971380472183228e-02 3.938179463148117065e-03 1.402973569929599762e-02 2.065438032150268555e-02 4.521050490438938141e-03 3.511316026560962200e-04 1.565133035182952881e-02 3.971318900585174561e-02 8.334668353199958801e-03 2.399807795882225037e-02 1.671292557148262858e-04 2.205350063741207123e-02 6.984184496104717255e-03 1.729980297386646271e-02 1.239457633346319199e-02 1.781896688044071198e-02 5.393123254179954529e-03 1.376233156770467758e-02 1.873583160340785980e-02 1.963453181087970734e-02 1.028170157223939896e-02 3.224807092919945717e-03 8.963636122643947601e-03 2.836708910763263702e-02 6.464686244726181030e-03 6.334511097520589828e-03 1.279883552342653275e-02 7.871512323617935181e-03 2.234499901533126831e-02 2.855342812836170197e-02 5.105128046125173569e-03 2.223830297589302063e-02 1.891715824604034424e-02 1.185507606714963913e-02 3.287898004055023193e-02 3.961247578263282776e-02 7.781420717947185040e-04 2.513040974736213684e-02 4.700468387454748154e-03 6.044155918061733246e-03 2.783033624291419983e-02 4.155931621789932251e-02 3.446799516677856445e-02 3.609079495072364807e-02 9.910792112350463867e-03 2.795960463117808104e-04 5.545509513467550278e-03 1.107772812247276306e-02 3.095337888225913048e-03 1.261777896434068680e-02 3.751770360395312309e-03 1.375538948923349380e-02 7.452808320522308350e-02 8.015413768589496613e-03 4.947286099195480347e-02 1.992181129753589630e-02 1.044701971113681793e-02 1.476363185793161392e-02 1.866538822650909424e-02 3.065335564315319061e-02 1.177837606519460678e-02 1.752306241542100906e-03 4.905839636921882629e-02 1.082914043217897415e-02 1.842522877268493176e-03 4.863462876528501511e-03 1.535793859511613846e-02 2.229903079569339752e-02 2.280866354703903198e-02 1.650064368732273579e-03 3.210546856280416250e-04 8.852643892168998718e-03 5.372850224375724792e-03 7.698430214077234268e-03 1.935898885130882263e-02 1.013608090579509735e-02 1.498312689363956451e-02 4.419059026986360550e-03 4.823301453143358231e-03 1.629568263888359070e-02 6.295023486018180847e-03 7.092173211276531219e-03 1.278268173336982727e-02 1.110466290265321732e-02 4.737979732453823090e-03 2.337362989783287048e-02 1.299651921726763248e-03 2.598283113911747932e-03 8.808020502328872681e-03 2.373864315450191498e-02 1.193577889353036880e-02 2.021432388573884964e-03 2.231410471722483635e-03 1.567709026858210564e-03 3.474346548318862915e-02 1.489478629082441330e-02
6.504780612885951996e-04 1.201891154050827026e-02 1.825318299233913422e-02 4.745682235807180405e-03 8.403560519218444824e-01 1.090929284691810608e-02 9.288858855143189430e-04 6.753270048648118973e-03 8.870456367731094360e-03 1.510554691776633263e-03 7.790307980030775070e-03 1.369531545788049698e-02 1.252060942351818085e-02 2.617600932717323303e-02 7.240058388561010361e-03 5.878263618797063828e-04 1.618248596787452698e-02 3.226811811327934265e-02 4.345883056521415710e-02 6.089618895202875137e-03 1.245723199099302292e-02 2.301255054771900177e-02 9.392648935317993164e-03 6.449859123677015305e-03 1.064372155815362930e-02 3.718740073963999748e-03 1.012558396905660629e-02 1.750126294791698456e-02 7.833749987185001373e-03 6.830017548054456711e-03 2.696541696786880493e-02 2.506630681455135345e-02 2.529273740947246552e-02 1.759528554975986481e-02 1.723710447549819946e-02 1.321059651672840118e-02 6.788086146116256714e-03 1.187430112622678280e-03 2.311067841947078705e-02 1.370800845324993134e-02 1.747643947601318359e-02 3.048584237694740295e-02 2.070322073996067047e-02 1.230056397616863251e-02 1.533037750050425529e-03 1.188693940639495850e-02 1.249910984188318253e-02 1.452341303229331970e-02 1.853449270129203796e-02 2.368276007473468781e-02 1.495792809873819351e-02 7.184801157563924789e-03 1.442999020218849182e-02 2.482827519997954369e-03 8.912101387977600098e-03 2.537392778322100639e-03 9.719645604491233826e-03 1.925287395715713501e-02 3.002114593982696533e-02 9.253220632672309875e-03 5.054323002696037292e-03 7.356348913162946701e-03 1.185313519090414047e-02 7.718771696090698242e-03 3.109983634203672409e-03 1.131559815257787704e-02 1.019043475389480591e-02 4.444557242095470428e-03 7.438819855451583862e-03 1.652174070477485657e-02 1.927557215094566345e-02 2.400440536439418793e-02 1.054858416318893433e-02 2.432415261864662170e-02 2.929844334721565247e-02 2.013240754604339600e-02 9.104515629587695003e-05 6.290278397500514984e-04 2.161984518170356750e-02 7.148072589188814163e-03 1.247413922101259232e-02 6.218386348336935043e-03 2.157628163695335388e-02 4.823274910449981689e-02 2.134997956454753876e-02 9.153037331998348236e-03 7.116203196346759796e-03 5.290069151669740677e-03 1.235864125192165375e-02 2.614065771922469139e-03 1.678026653826236725e-02 5.500694736838340759e-03 2.148053608834743500e-02 1.732425391674041748e-02 8.794582448899745941e-03 4.491163883358240128e-03 3.747724369168281555e-02 1.473298296332359314e-02 3.087628819048404694e-02 2.328244037926197052e-02 1.489219348877668381e-02 7.238958030939102173e-03 2.306901104748249054e-02 1.138891559094190598e-02 2.168586850166320801e-02 1.220238022506237030e-02 3.044291399419307709e-03 1.285404618829488754e-02 6.660314742475748062e-03 3.487489884719252586e-04 6.831039674580097198e-03 1.144633907824754715e-02 3.518458455801010132e-03 4.256929736584424973e-03 1.176379993557929993e-02 2.739277854561805725e-02
6.017702445387840271e-02 4.140991345047950745e-02 2.805016003549098969e-02 2.090791799128055573e-02 1.090929284691810608e-02 8.403560519218444824e-01 7.806154340505599976e-02 1.367472484707832336e-02 1.467347890138626099e-02 1.943820528686046600e-02 2.548843994736671448e-02 1.510591898113489151e-02 2.377471514046192169e-02 8.020465262234210968e-03 6.566359661519527435e-03 1.111262384802103043e-02 2.368547953665256500e-02 3.202886786311864853e-03 1.396717038005590439e-02 4.713859409093856812e-03 2.583868242800235748e-02 3.273056354373693466e-03 3.740085754543542862e-03 1.712542772293090820e-02 2.202645118813961744e-04 5.349944811314344406e-03 1.206275355070829391e-02 9.759356267750263214e-03 3.479313105344772339e-02 7.072605192661285400e-03 1.273293886333703995e-02 6.285821087658405304e-03 4.856405314058065414e-03 8.149122819304466248e-03 2.109820488840341568e-03 7.194949313998222351e-03 1.740235649049282074e-02 2.495706453919410706e-02 1.166584063321352005e-02 8.850456215441226959e-03 8.419490186497569084e-04 4.898233339190483093e-03 4.180486313998699188e-03 1.654874160885810852e-02 1.470059528946876526e-02 7.303145248442888260e-03 3.745690360665321350e-02 1.454221364110708237e-02 8.639826555736362934e-04 5.887833423912525177e-03 1.865338720381259918e-02 1.266504731029272079e-02 1.215562410652637482e-02 7.243001367896795273e-03 4.103582818061113358e-03 1.339485030621290207e-02 7.594734895974397659e-03 1.339653623290359974e-03 8.274458348751068115e-03 1.757185161113739014e-02 1.109675411134958267e-02 7.674000691622495651e-03 1.140599139034748077e-02 2.793899364769458771e-02 6.516064750030636787e-04 2.324448432773351669e-03 9.170624427497386932e-03 1.489744056016206741e-02 1.121122203767299652e-02 3.510452434420585632e-02 2.119638398289680481e-02 3.335427492856979370e-02 7.844482548534870148e-03 1.931523345410823822e-02 1.697776466608047485e-02 2.566471695899963379e-02 1.144426781684160233e-02 7.019126322120428085e-03 8.018905296921730042e-03 1.824027858674526215e-02 8.649676106870174408e-03 2.556040883064270020e-02 1.487279776483774185e-02 9.184441529214382172e-03 6.944994907826185226e-03 2.152174897491931915e-02 2.829764969646930695e-03 1.211234554648399353e-02 1.940190419554710388e-02 1.907306537032127380e-02 3.967777267098426819e-02 1.648609875701367855e-03 2.576722949743270874e-02 1.004105550236999989e-03 3.573310794308781624e-03 2.153370529413223267e-02 4.574345890432596207e-03 3.639632835984230042e-02 8.575129322707653046e-03 8.713916875422000885e-03 1.942181587219238281e-02 4.441099241375923157e-03 1.849837601184844971e-02 1.811635680496692657e-02 5.685578100383281708e-03 4.460677038878202438e-03 3.187857940793037415e-02 1.602773740887641907e-02 1.764099858701229095e-02 5.731600336730480194e-03 1.229017134755849838e-02 1.591013744473457336e-02 5.273581948131322861e-03 6.838443689048290253e-03 1.452622842043638229e-02 1.793778385035693645e-03
4.165097698569297791e-02 4.494397342205047607e-02 3.341470658779144287e-02 1.231399923563003540e-02 9.288858855143189430e-04 7.806154340505599976e-02 8.403560519218444824e-01 2.857908420264720917e-02 1.035886164754629135e-02 1.910958439111709595e-02 3.962032124400138855e-02 6.928955670446157455e-03 3.655396029353141785e-02 5.321991629898548126e-03 3.066212870180606842e-03 1.441334839910268784e-03 2.130709588527679443e-02 9.087794460356235504e-03 1.032369583845138550e-02 2.321931347250938416e-02 2.108231745660305023e-02 7.601452525705099106e-03 2.851224038749933243e-03 1.440882030874490738e-02 1.365564111620187759e-02 1.564488746225833893e-02 5.005022394470870495e-04 5.361600313335657120e-03 8.285186253488063812e-03 1.832086592912673950e-02 1.947735808789730072e-02 1.470540370792150497e-02 1.380027271807193756e-03 1.949736662209033966e-02 1.179480925202369690e-02 1.088594365864992142e-02 9.804156608879566193e-03 4.762313328683376312e-03 6.224993616342544556e-03 2.397258533164858818e-03 1.953354850411415100e-02 1.017128583043813705e-02 1.807384192943572998e-02 1.069065742194652557e-02 3.453097864985466003e-02 1.402721181511878967e-02 4.415959119796752930e-02 4.628528654575347900e-02 4.018659703433513641e-03 4.391508642584085464e-03 2.052044961601495743e-03 6.896420381963253021e-03 1.107990462332963943e-02 3.428559983149170876e-03 3.226199420168995857e-03 1.606373698450624943e-03 6.431610090658068657e-04 4.389282781630754471e-03 6.076211109757423401e-03 8.509778417646884918e-03 4.703485406935214996e-03 5.824624531669542193e-05 9.214027784764766693e-03 1.558195892721414566e-02 3.454099595546722412e-02 2.167291566729545593e-02 2.224121429026126862e-02 2.515163272619247437e-02 1.433087233453989029e-02 2.369962632656097412e-02 2.705336920917034149e-02 4.373722523450851440e-02 2.562511013820767403e-03 1.870482787489891052e-02 1.058720145374536514e-02 4.091878980398178101e-02 1.158726122230291367e-02 1.482044067233800888e-02 1.040168851613998413e-02 6.993590388447046280e-03 1.303050480782985687e-02 2.754365094006061554e-02 4.513425286859273911e-03 2.113396767526865005e-03 1.048075035214424133e-02 3.388134390115737915e-02 1.584831811487674713e-02 2.173160761594772339e-02 2.959093637764453888e-02 1.971255429089069366e-02 5.207119043916463852e-03 2.846360951662063599e-02 1.293664332479238510e-02 1.011785399168729782e-02 1.605063676834106445e-02 1.559678837656974792e-02 2.936606295406818390e-03 3.871136531233787537e-02 1.890782639384269714e-02 4.651129245758056641e-03 2.791853249073028564e-02 9.380600415170192719e-03 1.302734017372131348e-02 2.123432047665119171e-02 2.032973105087876320e-03 1.239250320941209793e-02 3.479357063770294189e-02 6.533630075864493847e-04 1.301863975822925568e-02 2.503342367708683014e-02 1.925043202936649323e-02 1.888577640056610107e-02 2.286253683269023895e-02 1.496460847556591034e-02 2.595462719909846783e-04 9.051398374140262604e-03
1.626089215278625488e-03 1.659704558551311493e-02 6.376945972442626953e-02 1.495400257408618927e-02 6.753270048648118973e-03 1.367472484707832336e-02 2.857908420264720917e-02 8.403560519218444824e-01 2.348418347537517548e-02 2.152178622782230377e-02 1.219188608229160309e-02 1.290169544517993927e-03 3.507849294692277908e-03 2.062033116817474365e-02 3.758227452635765076e-02 2.219442650675773621e-02 3.028280474245548248e-02 1.295772148296236992e-03 2.569058164954185486e-02 1.172775123268365860e-02 3.453222336247563362e-03 6.083834450691938400e-03 5.289414431899785995e-03 5.093523301184177399e-03 6.872876081615686417e-03 8.610092103481292725e-03 1.146820141002535820e-03 2.512879436835646629e-03 8.521967567503452301e-03 1.602922915481030941e-03 2.466998994350433350e-03 1.263795606791973114e-02 2.798288129270076752e-02 5.932420026510953903e-03 1.171702705323696136e-02 9.459661319851875305e-03 1.246229279786348343e-02 9.859554469585418701e-03 1.886392012238502502e-02 1.778419874608516693e-02 1.059438101947307587e-03 1.789228245615959167e-02 7.362378295511007309e-03 4.217354580760002136e-02 1.389485690742731094e-02 1.741794403642416000e-03 6.930766161531209946e-03 1.033832971006631851e-02 2.140256948769092560e-02 1.175474934279918671e-02 1.329278759658336639e-02 8.818184956908226013e-03 1.342131290584802628e-02 1.289144903421401978e-02 2.648021839559078217e-02 1.231557130813598633e-02 1.217491645365953445e-02 2.265224792063236237e-02 2.453337423503398895e-02 1.731026172637939453e-02 2.441116422414779663e-02 2.500375360250473022e-02 6.356662604957818985e-03 7.511007424909621477e-05 2.326820790767669678e-02 3.438960993662476540e-03 8.035026490688323975e-03 3.640834940597414970e-03 3.107348829507827759e-02 1.620500721037387848e-02 3.174018114805221558e-02 1.656548492610454559e-02 2.497296780347824097e-03 6.231552921235561371e-03 2.409986779093742371e-02 1.860005408525466919e-02 3.116143122315406799e-02 3.298434615135192871e-02 1.830667071044445038e-02 1.963775232434272766e-02 4.652109742164611816e-02 6.411097943782806396e-02 8.051904849708080292e-03 1.081903465092182159e-02 6.216696929186582565e-03 2.167682396247982979e-03 2.328358404338359833e-02 4.561832174658775330e-02 2.095051482319831848e-02 1.550971809774637222e-02 6.974230520427227020e-03 2.673049457371234894e-03 8.847766555845737457e-03 2.666229568421840668e-02 2.693527936935424805e-02 1.781494915485382080e-02 1.013943739235401154e-02 1.473965868353843689e-02 5.272895563393831253e-03 1.615845784544944763e-02 8.343528024852275848e-03 1.992706395685672760e-02 1.776736602187156677e-02 9.967491962015628815e-03 7.674420252442359924e-03 8.223646320402622223e-03 1.060992386192083359e-02 1.771957054734230042e-02 2.636684849858283997e-02 8.651231415569782257e-03 1.342564704827964306e-03 4.096720833331346512e-03 1.082341745495796204e-02 1.516825053840875626e-02 4.834893625229597092e-03 6.769572384655475616e-03
8.238497190177440643e-03 1.414605882018804550e-02 3.300851956009864807e-02 2.253959514200687408e-02 8.870456367731094360e-03 1.467347890138626099e-02 1.035886164754629135e-02 2.348418347537517548e-02 8.403560519218444824e-01 4.377393797039985657e-02 1.337924972176551819e-03 5.776909645646810532e-03 9.275645017623901367e-03 1.029590144753456116e-02 5.176889710128307343e-03 1.689739339053630829e-02 2.973477542400360107e-02 5.291791260242462158e-02 3.403660282492637634e-02 1.321643963456153870e-02 1.113112736493349075e-02 6.857297848910093307e-03 1.625287532806396484e-02 7.013756316155195236e-03 8.555501699447631836e-03 9.184079244732856750e-03 1.090484019368886948e-02 2.246901392936706543e-02 4.744594916701316833e-03 2.626342885196208954e-02 3.399301553145051003e-03 1.228480227291584015e-02 5.132860038429498672e-03 1.388341042911633849e-04 1.566646620631217957e-03 1.032116264104843140e-02 2.487694437149912119e-04 1.485699135810136795e-02 5.660525057464838028e-03 2.139928564429283142e-02 1.494376175105571747e-02 3.746007755398750305e-02 1.100397016853094101e-02 2.924509719014167786e-02 2.892946451902389526e-02 1.414858456701040268e-02 1.095397397875785828e-02 1.028002356179058552e-03 3.130222856998443604e-02 4.491986706852912903e-03 1.919060759246349335e-02 1.882456615567207336e-02 1.019974052906036377e-02 1.676415093243122101e-02 5.127621814608573914e-02 1.425555814057588577e-02 1.028955169022083282e-02 1.708518830128014088e-03 8.394243195652961731e-03 1.083727367222309113e-02 4.165660589933395386e-02 1.994423940777778625e-02 2.309192344546318054e-02 1.154410466551780701e-02 1.925291866064071655e-02 1.622607745230197906e-02 1.209559850394725800e-02 1.687841676175594330e-02 3.664191812276840210e-02 1.664095558226108551e-02 2.323638461530208588e-02 1.391735859215259552e-02 1.174220815300941467e-02 1.515216380357742310e-02 2.857385762035846710e-02 3.979918081313371658e-03 6.379853188991546631e-02 4.225240275263786316e-02 4.493229836225509644e-02 3.474207222461700439e-02 2.654398977756500244e-02 2.328249253332614899e-02 1.025082170963287354e-02 1.401028037071228027e-02 3.815332194790244102e-03 1.637017587199807167e-03 1.064522657543420792e-02 9.432446211576461792e-03 2.544586919248104095e-02 1.901938766241073608e-02 1.558411773294210434e-02 3.394697094336152077e-03 1.471566036343574524e-02 8.498484268784523010e-03 2.833132259547710419e-02 2.520738355815410614e-02 7.472581230103969574e-03 1.881472393870353699e-02 1.768867298960685730e-02 2.161354012787342072e-02 4.949542693793773651e-03 9.880792349576950073e-03 2.499157190322875977e-02 1.279709674417972565e-02 1.483779028058052063e-02 1.631932333111763000e-02 1.420435868203639984e-02 1.740834303200244904e-02 7.841401733458042145e-03 1.591607928276062012e-02 1.343299727886915207e-02 1.171299070119857788e-02 2.593018580228090286e-03 4.578089807182550430e-03 2.159019559621810913e-02 3.082418814301490784e-02
2.147761173546314240e-02 2.212423831224441528e-02 2.754686027765274048e-02 3.528784960508346558e-02 1.510554691776633263e-03 1.943820528686046600e-02 1.910958439111709595e-02 2.152178622782230377e-02 4.377393797039985657e-02 8.403560519218444824e-01 1.430431287735700607e-02 9.872563183307647705e-03 1.147338654845952988e-02 9.352178312838077545e-03 1.883981749415397644e-03 6.605694536119699478e-03 3.518301621079444885e-02 1.784627512097358704e-02 5.155802518129348755e-02 3.935164306312799454e-03 1.686767674982547760e-02 1.104230340570211411e-02 1.893257535994052887e-02 3.142023459076881409e-02 2.098867902532219887e-03 8.490937761962413788e-03 2.074777614325284958e-03 2.406752295792102814e-02 1.022285781800746918e-02 1.706186123192310333e-02 3.557833144441246986e-03 6.901633460074663162e-03 8.194018155336380005e-03 7.968401536345481873e-03 4.620234831236302853e-04 3.200567327439785004e-03 1.968169026076793671e-02 7.673002779483795166e-03 8.744030259549617767e-03 1.939471997320652008e-02 6.066713249310851097e-04 2.079987525939941406e-02 1.687864772975444794e-02 2.965032123029232025e-02 1.265355572104454041e-02 2.446996979415416718e-02 2.663229033350944519e-02 1.162956282496452332e-02 1.657583005726337433e-02 2.738189138472080231e-02 1.159851904958486557e-02 2.791533619165420532e-02 1.983500830829143524e-02 1.567010767757892609e-02 3.665984421968460083e-02 4.164461791515350342e-02 4.103524144738912582e-03 1.816340349614620209e-02 8.960338309407234192e-03 6.032460834830999374e-03 2.301077917218208313e-02 2.557534724473953247e-02 2.082990296185016632e-02 1.780517213046550751e-02 1.906688511371612549e-02 1.298935711383819580e-02 1.207660883665084839e-02 1.329189911484718323e-02 4.861459136009216309e-03 3.950856626033782959e-02 3.429825603961944580e-02 2.248239517211914062e-02 2.573005482554435730e-02 3.134746104478836060e-02 3.022135607898235321e-02 1.134186144918203354e-02 6.673893891274929047e-03 6.102703884243965149e-02 4.050045832991600037e-02 6.436646729707717896e-02 1.715885289013385773e-02 1.060195732861757278e-02 1.107417885214090347e-02 1.665262691676616669e-02 1.950380043126642704e-03 1.438963878899812698e-02 1.140347030013799667e-02 1.606227084994316101e-02 1.766041037626564503e-03 3.941091895103454590e-02 4.208228085190057755e-03 3.228387795388698578e-03 1.712023466825485229e-02 1.073970738798379898e-02 6.426365580409765244e-03 2.372771874070167542e-02 1.331596542149782181e-02 1.813751459121704102e-02 2.271846169605851173e-03 3.338962420821189880e-02 2.837258216459304094e-04 6.321239285171031952e-03 2.125886082649230957e-02 1.555638387799263000e-02 1.239989697933197021e-02 2.326506376266479492e-02 2.055152691900730133e-02 1.196717843413352966e-02 1.487122476100921631e-02 2.474939916282892227e-03 1.170827381429262459e-04 3.765960922464728355e-03 5.960077513009309769e-03 8.428141474723815918e-03 1.358530204743146896e-02 2.053853310644626617e-02
5.908335000276565552e-02 3.208793327212333679e-02 2.794385189190506935e-03 1.186111290007829666e-02 7.790307980030775070e-03 2.548843994736671448e-02 3.962032124400138855e-02 1.219188608229160309e-02 1.337924972176551819e-03 1.430431287735700607e-02 8.403560519218444824e-01 4.310547932982444763e-02 4.763248190283775330e-02 2.833201177418231964e-02 1.139407325536012650e-02 2.024632692337036133e-02 4.973568953573703766e-03 1.321433857083320618e-02 1.310157938860356808e-03 2.191628701984882355e-02 2.545235864818096161e-02 1.283833850175142288e-02 3.252407768741250038e-03 4.181929863989353180e-03 2.330833487212657928e-02 2.004274167120456696e-02 5.035645794123411179e-03 2.621323987841606140e-02 1.708059571683406830e-02 2.883128635585308075e-02 5.669108591973781586e-03 1.521750446408987045e-02 1.605943590402603149e-02 2.273486927151679993e-02 1.675057038664817810e-02 6.399647332727909088e-03 3.679194720461964607e-03 3.409205237403512001e-03 7.423948962241411209e-03 2.552696131169795990e-02 1.442960463464260101e-02 2.533521875739097595e-02 1.585078611969947815e-02 2.237171120941638947e-02 7.507612928748130798e-03 2.365089766681194305e-02 4.539616033434867859e-02 5.230746045708656311e-02 1.919781044125556946e-02 1.607498340308666229e-02 7.681651506572961807e-03 2.186685800552368164e-03 7.519077509641647339e-03 6.401148624718189240e-03 7.210168405435979366e-04 5.072912666946649551e-03 6.356519181281328201e-03 1.358519424684345722e-03 3.560458775609731674e-03 5.414462182670831680e-03 4.135849885642528534e-03 3.038268769159913063e-03 1.307043433189392090e-02 7.152777630835771561e-03 5.061812698841094971e-02 3.473472595214843750e-02 3.139480948448181152e-02 2.969779074192047119e-02 1.545483898371458054e-02 1.899200491607189178e-02 9.208308532834053040e-03 2.883885800838470459e-02 2.486435696482658386e-03 3.654193878173828125e-02 1.112815365195274353e-02 3.416039422154426575e-02 6.011826451867818832e-03 1.806502975523471832e-02 1.522890105843544006e-02 9.876225143671035767e-03 1.817206479609012604e-02 2.732501365244388580e-03 8.875093422830104828e-03 1.783893071115016937e-02 2.044599875807762146e-02 1.538363751024007797e-02 7.937854155898094177e-03 3.726913593709468842e-03 3.114124573767185211e-02 2.996945381164550781e-02 1.200412958860397339e-02 2.624248899519443512e-02 1.263276487588882446e-02 7.928038015961647034e-03 1.646513235755264759e-03 5.072869360446929932e-03 3.226009383797645569e-02 9.387119673192501068e-03 3.528246656060218811e-02 1.200242526829242706e-02 1.314254757016897202e-02 1.857916824519634247e-02 1.487285923212766647e-02 6.159025710076093674e-03 8.382265456020832062e-03 4.873212426900863647e-03 1.671361736953258514e-02 1.393626444041728973e-02 2.323445677757263184e-02 1.842958293855190277e-02 3.115269541740417480e-02 1.988531649112701416e-02 1.254790555685758591e-02 1.444677263498306274e-02 1.064096391201019287e-02 1.415202626958489418e-03
1.826425828039646149e-02 3.342124633491039276e-03 4.481309559196233749e-03 3.880104282870888710e-03 1.369531545788049698e-02 1.510591898113489151e-02 6.928955670446157455e-03 1.290169544517993927e-03 5.776909645646810532e-03 9.872563183307647705e-03 4.310547932982444763e-02 8.403560519218444824e-01 3.445441648364067078e-02 6.993380934000015259e-02 7.588961627334356308e-03 3.403991460800170898e-03 9.408327750861644745e-03 2.499916777014732361e-02 1.323409937322139740e-02 1.765005849301815033e-02 1.747477240860462189e-02 1.522482186555862427e-02 4.267651587724685669e-02 2.783489227294921875e-02 2.676003426313400269e-02 1.729231327772140503e-02 1.105456426739692688e-02 4.426063224673271179e-02 3.801655396819114685e-02 4.778140783309936523e-02 3.792506456375122070e-02 6.567302625626325607e-05 1.294898893684148788e-02 3.007273189723491669e-03 1.225543767213821411e-02 2.242898009717464447e-02 9.882624261081218719e-03 1.067142095416784286e-02 2.965340763330459595e-02 2.872574329376220703e-02 1.007819827646017075e-02 2.265948988497257233e-02 2.312883548438549042e-02 6.042467895895242691e-03 1.281609758734703064e-02 2.474368736147880554e-02 3.566409647464752197e-02 4.959291219711303711e-02 1.725526899099349976e-02 2.070315927267074585e-02 1.545905228704214096e-02 4.957037512212991714e-03 1.983997598290443420e-02 1.410815399140119553e-02 7.618213538080453873e-03 1.118883304297924042e-02 1.682393834926187992e-03 5.371264647692441940e-03 2.072217315435409546e-02 1.016085408627986908e-02 9.775199927389621735e-03 1.474722288548946381e-02 8.524712757207453251e-04 1.824883371591567993e-02 4.126848280429840088e-02 5.710792914032936096e-02 2.102912962436676025e-02 1.935967989265918732e-02 2.062525041401386261e-02 6.073351018130779266e-03 2.268576761707663536e-03 3.310759086161851883e-03 1.581590622663497925e-02 2.227361872792243958e-02 7.790190633386373520e-03 3.984597977250814438e-03 1.516936812549829483e-03 1.332985796034336090e-02 1.833577267825603485e-02 1.238822843879461288e-02 2.205495693488046527e-04 4.675041418522596359e-03 2.500747097656130791e-03 4.855857696384191513e-03 2.014787122607231140e-02 2.333057811483740807e-03 5.172387231141328812e-03 1.063137408345937729e-02 2.709477581083774567e-02 3.429621458053588867e-02 2.635261043906211853e-02 2.036012150347232819e-02 2.986931800842285156e-02 2.329628914594650269e-02 1.133316010236740112e-02 1.558186369948089123e-03 1.735142618417739868e-02 2.854291116818785667e-03 1.880176924169063568e-02 6.892022211104631424e-03 5.123402923345565796e-03 7.697619032114744186e-03 3.805842483416199684e-03 2.353530749678611755e-02 1.769505068659782410e-02 1.175790932029485703e-02 4.364645574241876602e-04 2.161854133009910583e-02 1.798856072127819061e-02 1.937008462846279144e-02 1.958086155354976654e-02 2.369911409914493561e-02 1.999631896615028381e-02 2.228500694036483765e-02 9.427987039089202881e-03 5.305277649313211441e-03
4.156837239861488342e-02 6.174684688448905945e-02 6.916682701557874680e-03 9.197577834129333496e-03 1.252060942351818085e-02 2.377471514046192169e-02 3.655396029353141785e-02 3.507849294692277908e-03 9.275645017623901367e-03 1.147338654845952988e-02 4.763248190283775330e-02 3.445441648364067078e-02 8.403560519218444824e-01 1.639245636761188507e-02 1.796036586165428162e-02 3.943405114114284515e-03 1.416799705475568771e-02 1.174864242784678936e-03 2.495980821549892426e-03 1.671530865132808685e-02 1.110743544995784760e-02 2.313508652150630951e-02 1.264705043286085129e-02 2.101746574044227600e-02 3.661764552816748619e-03 7.131069432944059372e-03 2.100886777043342590e-02 1.402158476412296295e-02 1.681762747466564178e-02 9.869233705103397369e-03 2.748291566967964172e-02 3.191010560840368271e-03 2.568802330642938614e-03 4.324605688452720642e-03 4.028291907161474228e-03 3.788541303947567940e-03 1.170716807246208191e-02 1.609132438898086548e-02 6.953494157642126083e-03 3.172658756375312805e-02 6.380803533829748631e-04 1.512298546731472015e-02 1.617067679762840271e-02 2.916479017585515976e-03 1.756778219714760780e-03 2.640853822231292725e-02 4.973448067903518677e-02 4.283238947391510010e-02 4.143085330724716187e-03 4.046449437737464905e-03 5.306434817612171173e-03 2.105143619701266289e-03 6.214232183992862701e-03 1.684251800179481506e-02 1.383461803197860718e-02 1.527946069836616516e-02 2.021384984254837036e-02 8.361659944057464600e-03 2.168512344360351562e-02 4.633501172065734863e-03 9.275959804654121399e-03 2.436969894915819168e-03 8.311882615089416504e-03 5.456474609673023224e-03 3.582989424467086792e-02 5.476849898695945740e-02 9.248662739992141724e-03 1.553375273942947388e-02 1.432024757377803326e-03 2.251395396888256073e-02 1.062841992825269699e-02 9.427436627447605133e-03 1.718296436592936516e-03 2.619596756994724274e-02 6.089906208217144012e-03 1.769748702645301819e-02 1.624347292818129063e-03 6.871260236948728561e-03 9.992278181016445160e-03 2.191343717277050018e-02 9.706498123705387115e-03 2.061830600723624229e-03 3.890505759045481682e-03 1.881398446857929230e-02 1.111441198736429214e-02 1.918924972414970398e-02 1.049194484949111938e-02 8.889490738511085510e-03 2.636374346911907196e-02 3.398140519857406616e-02 2.114406973123550415e-02 1.760697364807128906e-02 3.548586368560791016e-02 3.512503579258918762e-02 2.062896732240915298e-03 1.046140771359205246e-02 5.526615772396326065e-03 3.785746544599533081e-02 2.659410238265991211e-02 1.579412817955017090e-02 2.962847054004669189e-02 1.095451414585113525e-02 6.871168501675128937e-03 2.099749259650707245e-02 6.039231084287166595e-03 3.932002000510692596e-03 2.513715252280235291e-02 2.150398911908268929e-03 1.637247391045093536e-02 6.858886685222387314e-03 7.295958232134580612e-03 2.477977983653545380e-02 7.229744922369718552e-03 5.422428948804736137e-04 1.029591355472803116e-02 3.906972706317901611e-03
