8.333317041397094727e-01 9.115729480981826782e-02 1.742063468554988503e-04 4.977232310920953751e-03 6.371735595166683197e-03 7.517243176698684692e-02 6.891814619302749634e-02 3.722637426108121872e-03 7.353966124355792999e-03 1.954067265614867210e-03 6.853891909122467041e-02 2.315488085150718689e-02 6.300921738147735596e-02 2.864551730453968048e-02 3.955753054469823837e-03 2.896906435489654541e-02 2.246178872883319855e-02 1.281665265560150146e-02 2.314991317689418793e-03 2.227304689586162567e-02 6.521031260490417480e-03 5.608027335256338120e-03 9.164743125438690186e-03 2.799176611006259918e-02 2.771801687777042389e-02 2.545003592967987061e-02 3.011888824403285980e-03 1.091133989393711090e-02 3.266272321343421936e-02 8.846753276884555817e-03 2.942119538784027100e-02 4.860407672822475433e-03 4.593034274876117706e-03 2.959583362098783255e-04 1.584904640913009644e-02 4.220161586999893188e-03 1.232736976817250252e-03 1.815747469663619995e-03 6.065655965358018875e-03 1.050171162933111191e-02 1.423815847374498844e-03 2.014257758855819702e-02 2.027562819421291351e-03 2.351572271436452866e-03 2.832947671413421631e-02 3.549828380346298218e-02 6.197039037942886353e-02 4.848606511950492859e-02 2.671899460256099701e-02 1.456626318395137787e-02 6.788436789065599442e-03 1.886505633592605591e-03 3.289923304691910744e-03 1.555438269861042500e-03 1.609581336379051208e-02 1.178075093775987625e-02 1.726102270185947418e-02 1.864285767078399658e-02 1.220030803233385086e-02 1.155249029397964478e-02 7.168126292526721954e-03 5.189923467696644366e-05 2.688224241137504578e-02 6.295994389802217484e-03 3.058178536593914032e-02 2.845793776214122772e-02 1.096827071160078049e-02 1.165676303207874298e-02 9.348354302346706390e-03 3.296592694823630154e-06 1.172808930277824402e-02 9.104270488023757935e-03 1.567492634057998657e-02 5.152646452188491821e-03 2.030981332063674927e-02 8.318885229527950287e-03 3.623644588515162468e-04 5.651220213621854782e-03 2.624027803540229797e-02 1.306513044983148575e-02 5.206387024372816086e-03 4.135106690227985382e-03 1.000994350761175156e-03 5.722400266677141190e-03 3.089234977960586548e-02 2.490885369479656219e-02 4.494374152272939682e-03 1.394783239811658859e-02 2.868123725056648254e-02 8.582803420722484589e-03 3.970476239919662476e-02 1.096513494849205017e-02 4.540317505598068237e-02 6.368004251271486282e-03 3.899622533936053514e-04 5.261056125164031982e-03 1.014537457376718521e-02 5.610418040305376053e-03 1.419724244624376297e-02 2.365260443184524775e-04 4.922211170196533203e-03 7.007278501987457275e-03 7.206068374216556549e-03 9.667479316703975201e-04 1.547307427972555161e-02 4.015092272311449051e-03 4.768415819853544235e-03 5.269512184895575047e-04 1.121160108596086502e-02 1.154754962772130966e-02 1.146092195995151997e-03 7.233945187181234360e-03 3.641057526692748070e-03 1.124653383158147335e-03 4.671554081141948700e-03 4.078040830790996552e-03
9.115729480981826782e-02 8.333317041397094727e-01 6.101723760366439819e-03 9.842610452324151993e-04 1.580373500473797321e-03 7.326555252075195312e-02 7.709262520074844360e-02 1.627340214326977730e-03 2.764675766229629517e-03 1.685247116256505251e-04 7.219247519969940186e-02 1.541968528181314468e-02 7.169666141271591187e-02 2.606678567826747894e-02 1.152880117297172546e-02 2.075664140284061432e-02 1.585983857512474060e-02 1.825440675020217896e-02 4.677862860262393951e-03 1.576358266174793243e-02 1.982705201953649521e-03 2.038669586181640625e-02 7.455423008650541306e-03 3.152110427618026733e-02 1.199775375425815582e-02 1.793759316205978394e-02 4.988813307136297226e-03 8.859418332576751709e-03 2.904685772955417633e-02 3.190617309883236885e-03 1.878998801112174988e-02 1.773494412191212177e-03 6.671652663499116898e-03 8.737373165786266327e-03 5.999821703881025314e-03 5.004222039133310318e-03 7.233047392219305038e-03 2.167487982660531998e-03 5.914206616580486298e-03 9.714893065392971039e-03 1.642180373892188072e-03 1.098341681063175201e-02 1.115308888256549835e-02 4.361378960311412811e-03 3.318969532847404480e-02 3.834352642297744751e-02 6.042210757732391357e-02 4.495101422071456909e-02 2.346904948353767395e-02 1.403986569494009018e-02 2.364963991567492485e-03 4.094745963811874390e-03 7.202000822871923447e-03 5.774631630629301071e-03 2.273843623697757721e-02 1.884895749390125275e-02 1.200980227440595627e-02 1.619285717606544495e-02 1.000643149018287659e-02 1.153915282338857651e-02 1.926446706056594849e-02 8.008041419088840485e-03 2.552879415452480316e-02 1.241337158717215061e-03 3.004338964819908142e-02 3.073036298155784607e-02 3.459455911070108414e-04 5.448944648378528655e-05 1.863259356468915939e-03 7.285267929546535015e-05 5.857871728949248791e-04 6.262613460421562195e-03 4.331531934440135956e-03 7.254186086356639862e-03 8.790456689894199371e-03 8.868666365742683411e-03 3.988090436905622482e-03 1.133150304667651653e-03 1.490274444222450256e-02 1.055581960827112198e-03 2.797442488372325897e-03 5.754081066697835922e-03 3.559846431016921997e-03 3.676812048070132732e-04 8.282536640763282776e-03 8.579581975936889648e-03 1.316446531563997269e-02 2.482126280665397644e-02 2.826823480427265167e-02 7.118038367480039597e-03 3.480213880538940430e-02 2.067541517317295074e-02 4.710046574473381042e-02 1.751005835831165314e-02 2.357943682000041008e-03 7.623627781867980957e-03 2.879856619983911514e-03 4.601474385708570480e-03 4.379995632916688919e-03 6.507551297545433044e-03 7.634311448782682419e-03 5.109066609293222427e-03 1.021346193738281727e-03 7.816111668944358826e-03 8.112640120089054108e-03 1.150157675147056580e-02 4.726331215351819992e-03 4.082744009792804718e-03 9.959552437067031860e-03 4.237309563905000687e-03 5.317032802850008011e-03 4.727266728878021240e-03 1.051762327551841736e-02 1.390735246241092682e-02 6.557302549481391907e-03 4.238873720169067383e-03
1.742063468554988503e-04 6.101723760366439819e-03 8.333317041397094727e-01 1.092864014208316803e-02 1.967292465269565582e-02 1.038968330249190331e-03 3.392371290829032660e-04 6.031406298279762268e-02 1.172405853867530823e-02 5.857429467141628265e-03 2.069317502900958061e-03 7.004525046795606613e-03 4.974774084985256195e-03 2.012449130415916443e-02 2.537349238991737366e-02 1.706884242594242096e-02 6.366822402924299240e-03 1.957187615334987640e-02 1.951652579009532928e-02 1.444745715707540512e-02 8.684007450938224792e-03 2.616822533309459686e-02 2.044789306819438934e-02 1.958217471837997437e-02 1.424458250403404236e-02 9.145777672529220581e-03 3.238056227564811707e-02 2.033492317423224449e-03 8.517187088727951050e-03 7.449457421898841858e-03 1.464508101344108582e-02 1.094160601496696472e-02 6.633362732827663422e-03 1.483727246522903442e-03 1.410744991153478622e-02 3.328573657199740410e-03 2.827341901138424873e-03 3.171370550990104675e-02 1.690651662647724152e-02 1.985752582550048828e-02 3.191037103533744812e-02 1.317151077091693878e-02 1.421776134520769119e-02 4.356575757265090942e-02 2.168856747448444366e-02 1.965003460645675659e-02 2.773592015728354454e-03 3.743054345250129700e-03 1.802530698478221893e-02 2.325266785919666290e-02 9.781356900930404663e-03 1.260106917470693588e-02 7.763072499074041843e-04 2.889086026698350906e-03 1.719927228987216949e-02 9.982927702367305756e-03 7.596482522785663605e-03 4.411435686051845551e-03 4.828456789255142212e-03 9.963841177523136139e-03 1.324781030416488647e-02 2.527382038533687592e-02 2.675448544323444366e-03 6.658394820988178253e-03 1.236406248062849045e-02 7.254537660628557205e-03 1.723722671158611774e-03 5.020687240175902843e-04 1.858840137720108032e-02 2.698916010558605194e-02 1.265212893486022949e-02 2.664918638765811920e-02 6.453347392380237579e-03 3.119574859738349915e-02 8.350389078259468079e-03 3.037713468074798584e-02 1.978062838315963745e-02 9.543153457343578339e-03 3.696864843368530273e-02 3.817569836974143982e-02 6.402396410703659058e-02 4.736346006393432617e-02 3.073718585073947906e-02 2.344553172588348389e-02 2.604214660823345184e-02 2.177295833826065063e-02 3.898887708783149719e-02 3.035714849829673767e-02 7.368538063019514084e-03 3.900561481714248657e-03 2.666853368282318115e-03 2.903156727552413940e-02 4.526682663708925247e-03 2.686054818332195282e-02 1.743817701935768127e-02 1.987561397254467010e-02 1.774342544376850128e-02 1.754295825958251953e-02 6.288982694968581200e-04 8.594468235969543457e-03 1.377713773399591446e-02 6.964389234781265259e-03 2.729334123432636261e-02 2.410220541059970856e-02 6.570692174136638641e-03 5.093828309327363968e-03 1.814185269176959991e-02 1.359363924711942673e-02 1.459211390465497971e-02 8.906848728656768799e-03 2.732449397444725037e-02 2.015062235295772552e-02 6.480741314589977264e-03 1.263365894556045532e-02 8.667269721627235413e-03 1.401345804333686829e-02
4.977232310920953751e-03 9.842610452324151993e-04 1.092864014208316803e-02 8.333317041397094727e-01 2.558453381061553955e-02 6.432083901017904282e-03 4.196711350232362747e-03 1.044694799929857254e-03 9.625139646232128143e-03 1.037155278027057648e-02 2.337014535441994667e-03 9.391687810420989990e-03 3.559035016223788261e-03 1.512515451759099960e-02 3.696348518133163452e-03 3.143711388111114502e-02 2.500198036432266235e-02 5.495519563555717468e-02 3.770450875163078308e-02 4.255740437656641006e-03 1.355151925235986710e-02 8.416927419602870941e-03 1.044297311455011368e-02 1.163938827812671661e-02 2.169852843508124352e-03 6.792717613279819489e-03 1.118836924433708191e-02 1.625145412981510162e-02 1.519068796187639236e-02 9.343175916001200676e-04 1.802855357527732849e-02 6.438788492232561111e-03 3.760281577706336975e-02 9.791264310479164124e-03 1.945208013057708740e-02 1.517160795629024506e-02 2.110164612531661987e-02 1.621600426733493805e-02 3.081508353352546692e-02 2.515465579926967621e-02 6.847090087831020355e-03 7.081251125782728195e-03 3.390480531379580498e-03 4.305044189095497131e-03 1.161884865723550320e-03 4.169318359345197678e-03 5.570339038968086243e-03 9.665925987064838409e-03 1.769800111651420593e-02 3.223015367984771729e-02 1.680478453636169434e-02 6.754610221832990646e-03 1.736620999872684479e-02 1.193112786859273911e-02 2.169235050678253174e-02 3.079019300639629364e-02 1.196957193315029144e-02 1.852632500231266022e-03 1.933639310300350189e-02 3.082816861569881439e-02 4.972851276397705078e-02 2.989851683378219604e-02 4.212087765336036682e-02 2.446499280631542206e-02 1.568511500954627991e-02 9.712124243378639221e-03 1.242682989686727524e-02 9.986882098019123077e-03 3.230789303779602051e-02 5.950213875621557236e-03 2.909629233181476593e-02 1.486610900610685349e-02 7.246909290552139282e-02 3.020302101504057646e-04 6.613931804895401001e-02 1.574184186756610870e-02 1.755040697753429413e-02 1.423411304131150246e-03 2.241460978984832764e-02 2.768444456160068512e-02 7.980206049978733063e-03 1.756285876035690308e-02 6.299733370542526245e-02 4.104073718190193176e-02 6.477298215031623840e-03 1.367442123591899872e-02 8.802837692201137543e-03 1.361115928739309311e-02 2.189206425100564957e-03 7.727546151727437973e-03 1.106216106563806534e-02 8.667612448334693909e-03 6.315235048532485962e-03 1.227589324116706848e-02 7.087981794029474258e-03 7.793501950800418854e-03 5.763916764408349991e-03 1.342938374727964401e-02 1.544467452913522720e-02 1.109228190034627914e-02 7.188081275671720505e-03 6.576553452759981155e-03 1.119736488908529282e-02 1.629831455647945404e-02 1.594740338623523712e-02 8.684393018484115601e-03 9.123883210122585297e-03 2.847301773726940155e-03 9.118630550801753998e-03 4.818432498723268509e-04 3.488117130473256111e-03 2.789317863062024117e-03 1.591558195650577545e-02 1.700902474112808704e-03 3.808954264968633652e-03 2.669988386332988739e-02
6.371735595166683197e-03 1.580373500473797321e-03 1.967292465269565582e-02 2.558453381061553955e-02 8.333317041397094727e-01 5.079363007098436356e-03 3.825049498118460178e-04 1.668918319046497345e-02 1.587519235908985138e-02 2.843891037628054619e-03 1.165347872301936150e-03 1.141662592999637127e-03 3.016537055373191833e-03 9.520107414573431015e-04 2.097225002944469452e-02 1.892506889998912811e-02 1.775092631578445435e-02 1.384940277785062790e-02 2.739634551107883453e-02 1.254332531243562698e-02 7.234922610223293304e-03 1.915201172232627869e-02 2.134548500180244446e-02 1.105002406984567642e-02 2.779319882392883301e-03 1.846606028266251087e-03 2.605859376490116119e-02 3.629217855632305145e-03 2.042900212109088898e-02 7.888412103056907654e-03 2.598498389124870300e-02 9.652962908148765564e-03 1.600044406950473785e-02 5.794060416519641876e-03 4.028742201626300812e-03 1.082607358694076538e-02 1.380847766995429993e-02 3.417058289051055908e-02 3.839354962110519409e-02 4.766581207513809204e-02 3.094401769340038300e-02 9.734261780977249146e-03 1.649154163897037506e-02 1.975280232727527618e-02 3.326997626572847366e-03 8.621860761195421219e-04 7.269547320902347565e-03 1.211499888449907303e-02 1.632268726825714111e-02 7.109876722097396851e-03 8.849536068737506866e-03 8.249498903751373291e-03 8.202834054827690125e-03 4.887870978564023972e-03 1.360001508146524429e-02 4.831895232200622559e-03 7.922081858851015568e-04 2.665349515154957771e-03 6.993240676820278168e-03 1.354355271905660629e-02 2.364107221364974976e-02 2.837194502353668213e-02 7.548253051936626434e-03 1.983274519443511963e-02 1.406739745289087296e-02 1.729137264192104340e-02 2.238893648609519005e-04 2.189475344493985176e-03 1.469699945300817490e-02 2.283622138202190399e-02 1.382865197956562042e-02 2.351499907672405243e-02 2.647047489881515503e-02 2.098103426396846771e-02 2.916309610009193420e-02 2.209484577178955078e-02 7.408772595226764679e-03 7.725833915174007416e-03 2.121360227465629578e-02 1.906527206301689148e-02 1.526991929858922958e-02 1.700233481824398041e-02 2.650301530957221985e-02 3.113305009901523590e-02 1.335631124675273895e-02 1.635655015707015991e-02 1.779476739466190338e-02 1.777673698961734772e-02 2.630894631147384644e-02 8.611234836280345917e-03 1.520454231649637222e-02 2.191880345344543457e-02 1.662603206932544708e-02 2.540923841297626495e-02 3.547143563628196716e-02 2.739178389310836792e-02 1.181479170918464661e-02 1.835337840020656586e-02 8.882501279003918171e-04 1.330630201846361160e-02 3.731371089816093445e-02 3.071591071784496307e-02 1.502731349319219589e-02 1.779793575406074524e-02 1.105305925011634827e-02 2.305332012474536896e-02 3.378076106309890747e-02 6.792907370254397392e-04 2.864490449428558350e-02 1.268307957798242569e-02 2.343329042196273804e-02 2.076797373592853546e-02 1.489522308111190796e-02 2.142735198140144348e-02 3.797511570155620575e-03 2.258852124214172363e-03
7.517243176698684692e-02 7.326555252075195312e-02 1.038968330249190331e-03 6.432083901017904282e-03 5.079363007098436356e-03 8.333317041397094727e-01 7.837501913309097290e-02 8.080419152975082397e-03 8.894648635759949684e-04 1.183679487439803779e-04 7.018177956342697144e-02 3.648323938250541687e-02 5.943962186574935913e-02 2.847130782902240753e-02 5.969376303255558014e-03 1.058751437813043594e-02 2.412349684163928032e-03 6.347755435854196548e-03 4.642015788704156876e-03 2.749459445476531982e-02 3.715465776622295380e-03 7.454292383044958115e-03 4.744564648717641830e-03 1.595058292150497437e-02 1.697847992181777954e-02 1.205672789365053177e-02 5.210414063185453415e-03 1.550674717873334885e-02 3.152073174715042114e-02 8.480568416416645050e-03 2.694964408874511719e-02 1.614222489297389984e-02 9.982382878661155701e-03 2.282466739416122437e-03 5.436999723315238953e-03 1.247732620686292648e-02 9.128576144576072693e-03 5.363190546631813049e-03 1.595337875187397003e-02 8.124192245304584503e-03 3.654072992503643036e-03 1.314039528369903564e-02 1.470147166401147842e-02 1.848987885750830173e-03 3.448278084397315979e-02 4.033099859952926636e-02 7.127863913774490356e-02 5.027741938829421997e-02 2.557567693293094635e-02 1.993059180676937103e-02 6.419138982892036438e-03 1.193427853286266327e-02 5.713856313377618790e-03 5.012668669223785400e-03 1.448442880064249039e-02 2.266486734151840210e-02 2.084576757624745369e-03 6.446011830121278763e-03 1.755994558334350586e-02 1.076553296297788620e-02 6.245448254048824310e-03 1.160722319036722183e-02 3.367588669061660767e-02 7.563346065580844879e-03 3.973220288753509521e-02 3.193745017051696777e-02 8.692289702594280243e-03 5.354284774512052536e-03 1.190994051285088062e-03 3.372669219970703125e-03 2.525562420487403870e-03 1.106605865061283112e-02 5.996613763272762299e-03 1.134114433079957962e-02 2.942304126918315887e-03 6.578666158020496368e-03 3.724024631083011627e-03 2.951717469841241837e-03 2.795636467635631561e-02 9.988106787204742432e-03 1.257640076801180840e-03 1.021136809140443802e-02 2.636195160448551178e-03 1.066562440246343613e-02 3.061471506953239441e-02 3.062405996024608612e-02 1.376346498727798462e-02 2.365892753005027771e-02 1.124450843781232834e-02 1.855350797995924950e-03 4.169082269072532654e-02 1.183858700096607208e-02 4.158948734402656555e-02 4.193273838609457016e-03 1.719205826520919800e-02 1.245345361530780792e-02 1.226765289902687073e-02 4.253078252077102661e-03 8.211967535316944122e-03 4.383803345263004303e-03 1.754375360906124115e-02 1.557082589715719223e-02 5.247903987765312195e-03 1.220547783304937184e-04 1.488383579999208450e-02 1.495827455073595047e-03 6.862341891974210739e-03 6.959494203329086304e-03 5.283742677420377731e-03 9.085013531148433685e-03 4.142444115132093430e-03 8.225570432841777802e-03 7.914457470178604126e-03 1.215277332812547684e-02 8.456788025796413422e-03 8.095430210232734680e-03
6.891814619302749634e-02 7.709262520074844360e-02 3.392371290829032660e-04 4.196711350232362747e-03 3.825049498118460178e-04 7.837501913309097290e-02 8.333317041397094727e-01 1.200148370116949081e-02 2.692355075851082802e-03 3.466359572485089302e-03 7.391226291656494141e-02 1.233231462538242340e-02 6.887433677911758423e-02 7.625637110322713852e-03 9.595386683940887451e-03 4.058449994772672653e-03 4.656523815356194973e-04 1.553156878799200058e-03 4.483901429921388626e-03 1.933745853602886200e-02 9.531456045806407928e-03 1.912500709295272827e-02 6.546731572598218918e-03 1.233112253248691559e-02 7.699667476117610931e-03 5.179895088076591492e-03 8.791624568402767181e-03 9.945986792445182800e-03 4.301135614514350891e-02 1.601140946149826050e-02 4.012217372655868530e-02 1.166811771690845490e-02 1.303545571863651276e-02 5.300562828779220581e-03 2.166527789086103439e-03 4.433380905538797379e-03 1.558480085805058479e-03 5.709797609597444534e-03 1.393802464008331299e-03 5.648664198815822601e-03 2.894247183576226234e-03 2.030565869063138962e-03 2.610749565064907074e-02 5.821963772177696228e-03 4.469533637166023254e-02 5.290711671113967896e-02 7.764452695846557617e-02 6.744101643562316895e-02 1.946443133056163788e-02 7.662585470825433731e-03 1.448875479400157928e-02 2.314912900328636169e-02 8.237062953412532806e-03 2.210224047303199768e-03 1.063427049666643143e-02 1.326398272067308426e-02 1.714512007310986519e-03 6.215876899659633636e-03 1.382733602076768875e-02 1.259010285139083862e-02 2.710322383791208267e-03 2.056061057373881340e-03 2.608359605073928833e-02 5.163621623069047928e-03 4.839084297418594360e-02 4.491976648569107056e-02 1.404710579663515091e-03 2.191179431974887848e-03 4.751450847834348679e-03 1.282363012433052063e-02 9.037911891937255859e-03 4.167066421359777451e-03 8.149540517479181290e-04 1.110968878492712975e-03 6.045020185410976410e-03 3.450505435466766357e-03 3.134955884888768196e-03 4.029917530715465546e-03 1.772386208176612854e-02 4.520489368587732315e-03 5.535077769309282303e-03 1.244644727557897568e-02 4.812854342162609100e-03 1.503463368862867355e-02 2.432455867528915405e-02 2.601820044219493866e-02 2.246918901801109314e-02 3.076964616775512695e-02 1.033332385122776031e-02 2.811130070767831057e-05 4.871126636862754822e-02 2.665912918746471405e-02 5.649245157837867737e-02 2.041209489107131958e-02 3.507232759147882462e-03 1.026683137752115726e-03 2.140638185665011406e-03 7.837435230612754822e-03 1.650853373575955629e-04 1.004136819392442703e-02 4.290823359042406082e-03 1.275264425203204155e-03 5.766001529991626740e-03 1.079604681581258774e-02 1.581340562552213669e-03 1.190453860908746719e-02 1.857117866165935993e-03 1.129912491887807846e-02 5.471249110996723175e-03 5.007284227758646011e-03 4.776543937623500824e-03 1.528514083474874496e-02 1.581701263785362244e-02 1.632087863981723785e-02 7.717025466263294220e-03 6.274779792875051498e-03
3.722637426108121872e-03 1.627340214326977730e-03 6.031406298279762268e-02 1.044694799929857254e-03 1.668918319046497345e-02 8.080419152975082397e-03 1.200148370116949081e-02 8.333317041397094727e-01 9.434463456273078918e-03 1.060692872852087021e-02 1.641793549060821533e-02 8.487232262268662453e-04 1.377279590815305710e-02 1.775202155113220215e-02 4.812790453433990479e-02 3.255801973864436150e-03 1.244692504405975342e-02 1.341878063976764679e-02 9.557702578604221344e-03 6.709090434014797211e-03 2.311063744127750397e-02 4.102555289864540100e-02 2.350636757910251617e-02 1.721750199794769287e-02 1.009860658086836338e-03 3.826032392680644989e-03 3.709896281361579895e-02 1.736987009644508362e-02 7.980225607752799988e-03 1.830112747848033905e-02 4.794683773070573807e-03 1.076584961265325546e-02 1.003461237996816635e-02 6.407519336789846420e-03 6.633074022829532623e-03 5.872375797480344772e-03 8.118432946503162384e-03 3.028284385800361633e-02 2.128090336918830872e-02 1.694751530885696411e-02 2.486162446439266205e-02 2.613533753901720047e-03 4.523037932813167572e-03 4.007360339164733887e-02 3.913143009413033724e-04 4.686489701271057129e-03 7.735610939562320709e-03 7.523906417191028595e-03 1.789559796452522278e-02 1.764415949583053589e-02 3.398919245228171349e-03 9.225110523402690887e-03 1.342892087996006012e-02 9.006045758724212646e-03 1.573113165795803070e-02 1.452923659235239029e-02 1.359269954264163971e-03 8.005557581782341003e-03 2.403089776635169983e-02 1.782331429421901703e-02 5.346115212887525558e-03 1.254352461546659470e-02 7.355670910328626633e-03 8.777533657848834991e-03 1.752710901200771332e-02 1.938524469733238220e-02 7.329133339226245880e-03 1.233205106109380722e-02 4.085065331310033798e-03 1.926373504102230072e-02 2.753162058070302010e-03 2.415934018790721893e-02 3.192657604813575745e-03 1.803253777325153351e-02 3.507578279823064804e-03 2.948033250868320465e-02 1.702264323830604553e-02 6.890639197081327438e-03 1.400551479309797287e-02 2.605222724378108978e-02 7.262503355741500854e-02 5.379170551896095276e-02 1.457945071160793304e-02 1.299383118748664856e-02 7.200587540864944458e-03 1.016533747315406799e-02 5.692377686500549316e-02 4.619023203849792480e-02 5.592115339823067188e-04 8.357079699635505676e-03 1.034408342093229294e-02 2.959897927939891815e-02 5.101392162032425404e-04 2.947730198502540588e-02 1.202021073549985886e-02 8.896042592823505402e-03 7.172645069658756256e-03 1.756565831601619720e-02 6.180012132972478867e-03 2.808685181662440300e-03 1.062702015042304993e-02 4.424947255756705999e-04 1.949198357760906219e-02 2.158520370721817017e-02 2.796798571944236755e-02 1.366424281150102615e-02 4.047595895826816559e-03 2.909410512074828148e-03 1.051431335508823395e-02 3.565433900803327560e-03 1.574650965631008148e-02 1.943575032055377960e-02 1.193142775446176529e-02 7.639719173312187195e-03 1.024852227419614792e-02 5.874969065189361572e-03
7.353966124355792999e-03 2.764675766229629517e-03 1.172405853867530823e-02 9.625139646232128143e-03 1.587519235908985138e-02 8.894648635759949684e-04 2.692355075851082802e-03 9.434463456273078918e-03 8.333317041397094727e-01 5.271101742982864380e-02 6.503359880298376083e-03 5.592510569840669632e-04 6.326094735413789749e-03 1.392694562673568726e-02 1.167213823646306992e-02 1.724250614643096924e-02 2.113432995975017548e-02 5.396048072725534439e-03 1.105342176742851734e-03 9.427504613995552063e-03 1.720010861754417419e-02 3.712241537868976593e-03 3.214336186647415161e-02 3.279015421867370605e-02 4.915546625852584839e-03 6.424959283322095871e-03 7.084941025823354721e-03 3.429359989240765572e-03 1.427694503217935562e-02 4.547628108412027359e-03 3.804869018495082855e-03 3.198413178324699402e-02 2.186298184096813202e-02 8.816136978566646576e-04 4.494240041822195053e-03 2.378221042454242706e-02 1.592692360281944275e-02 5.386476404964923859e-03 3.139772918075323105e-03 9.229302406311035156e-03 8.861120790243148804e-03 1.833060011267662048e-02 1.238549407571554184e-02 4.014131147414445877e-03 1.408023759722709656e-02 1.456069108098745346e-02 4.021010827273130417e-03 5.958452820777893066e-03 2.312239818274974823e-02 1.255258731544017792e-02 1.562328170984983444e-02 1.243668794631958008e-02 7.936250418424606323e-03 2.060838788747787476e-02 6.209049373865127563e-02 2.291065640747547150e-02 4.371144808828830719e-03 1.369092613458633423e-02 7.868049666285514832e-03 2.407975867390632629e-02 2.876624464988708496e-02 1.654816296650096774e-04 6.634871009737253189e-03 6.887105992063879967e-04 1.106637902557849884e-02 5.129429511725902557e-03 1.096714008599519730e-02 1.659567467868328094e-02 2.994660101830959320e-02 3.753077762667089701e-04 2.880070544779300690e-02 1.061797607690095901e-02 1.951020210981369019e-02 2.908037859015166759e-04 2.880593389272689819e-02 8.720838814042508602e-04 5.852918326854705811e-02 5.786262452602386475e-02 2.648074738681316376e-02 2.069056220352649689e-02 7.597432471811771393e-03 2.046881243586540222e-02 1.157353864982724190e-03 4.033622331917285919e-03 2.070975024253129959e-03 3.937786445021629333e-03 1.378178410232067108e-02 1.779872551560401917e-02 3.796679154038429260e-02 2.390508539974689484e-02 1.274451054632663727e-02 7.072769105434417725e-03 1.786745339632034302e-02 6.974769756197929382e-03 1.684367470443248749e-02 1.628185808658599854e-02 9.044447215273976326e-04 2.418599797238130122e-05 3.755379468202590942e-02 2.632228657603263855e-02 1.869126781821250916e-02 4.037241917103528976e-03 7.862186990678310394e-03 5.445778369903564453e-03 2.268572570756077766e-03 9.094692766666412354e-03 5.719130858778953552e-03 1.655714586377143860e-02 1.700930483639240265e-02 1.576367206871509552e-02 1.208366733044385910e-02 1.043780427426099777e-02 1.000313088297843933e-02 7.507527247071266174e-03 1.120168156921863556e-02 2.942993119359016418e-02
1.954067265614867210e-03 1.685247116256505251e-04 5.857429467141628265e-03 1.037155278027057648e-02 2.843891037628054619e-03 1.183679487439803779e-04 3.466359572485089302e-03 1.060692872852087021e-02 5.271101742982864380e-02 8.333317041397094727e-01 1.354952808469533920e-02 1.355373673141002655e-02 1.535469386726617813e-02 2.710390463471412659e-02 7.332868408411741257e-03 8.124155923724174500e-03 2.447994425892829895e-02 1.073153037577867508e-02 2.434415929019451141e-02 4.715743009001016617e-03 3.807132365182042122e-03 5.666565615683794022e-03 2.161757275462150574e-02 2.327637933194637299e-02 7.565672509372234344e-03 5.284300073981285095e-03 4.008763935416936874e-03 1.470455713570117950e-02 1.592428795993328094e-02 2.766669355332851410e-02 1.896644127555191517e-03 2.041704952716827393e-02 3.353948239237070084e-03 4.968537017703056335e-03 8.937027305364608765e-03 3.410575911402702332e-02 2.612609229981899261e-02 1.029092073440551758e-02 2.865738002583384514e-03 7.336951093748211861e-04 1.458531804382801056e-02 9.194685146212577820e-03 2.810955746099352837e-03 1.281498000025749207e-02 5.013835616409778595e-03 9.623595513403415680e-03 9.645309764891862869e-04 2.263960661366581917e-03 2.441809279844164848e-03 3.542940318584442139e-02 2.639278071001172066e-03 2.466935897246003151e-03 2.825704216957092285e-02 2.145742066204547882e-02 2.714820578694343567e-02 4.715695232152938843e-02 1.633812300860881805e-02 1.541283819824457169e-02 3.225738927721977234e-02 2.693047188222408295e-02 7.318132556974887848e-03 2.692629024386405945e-02 2.488336525857448578e-03 6.577395368367433548e-03 1.627220958471298218e-02 1.282364968210458755e-02 4.411929287016391754e-03 9.652718901634216309e-03 2.010849863290786743e-02 2.675555832684040070e-02 3.776571899652481079e-02 1.020972058176994324e-02 1.874549500644207001e-02 3.143211826682090759e-02 1.290530804544687271e-02 1.937844208441674709e-03 2.652036584913730621e-02 7.758399099111557007e-02 1.397892925888299942e-02 3.315723687410354614e-02 1.244453340768814087e-02 2.330635674297809601e-02 1.183812157250940800e-03 1.774683408439159393e-02 5.354046355932950974e-03 6.064537912607192993e-03 1.747510954737663269e-02 1.584587059915065765e-02 7.923457771539688110e-03 7.218530774116516113e-02 8.782458491623401642e-03 6.476766429841518402e-03 4.255575593560934067e-03 9.585559018887579441e-04 2.404483780264854431e-02 2.751325629651546478e-02 1.923153363168239594e-02 8.283152244985103607e-03 7.816976867616176605e-03 3.406481584534049034e-03 3.076058998703956604e-02 2.396972291171550751e-02 7.602557074278593063e-03 7.002827245742082596e-03 1.647389121353626251e-02 1.833427511155605316e-02 1.877527870237827301e-02 2.893277816474437714e-02 2.504281885921955109e-02 2.809702418744564056e-02 1.841760985553264618e-02 6.517118308693170547e-03 9.991263970732688904e-03 4.744262900203466415e-03 1.126479730010032654e-02 8.002427406609058380e-03
6.853891909122467041e-02 7.219247519969940186e-02 2.069317502900958061e-03 2.337014535441994667e-03 1.165347872301936150e-03 7.018177956342697144e-02 7.391226291656494141e-02 1.641793549060821533e-02 6.503359880298376083e-03 1.354952808469533920e-02 8.333317041397094727e-01 4.174908623099327087e-03 7.528183609247207642e-02 3.555732313543558121e-03 2.147434465587139130e-02 9.509253315627574921e-03 2.958338707685470581e-03 2.864769892767071724e-03 2.314162207767367363e-03 1.519194152206182480e-02 1.125629059970378876e-02 2.089056372642517090e-02 2.907250076532363892e-03 1.829540356993675232e-02 4.318139050155878067e-03 7.837793673388659954e-04 3.221648745238780975e-03 1.642289012670516968e-02 4.375278577208518982e-02 2.316069602966308594e-02 3.584241494536399841e-02 2.653467003256082535e-03 9.618585929274559021e-03 1.561927981674671173e-02 3.305712714791297913e-03 4.383099731057882309e-03 6.508957594633102417e-04 1.416528015397489071e-03 2.855915809050202370e-03 1.401092112064361572e-02 3.764292632695287466e-04 3.575338341761380434e-04 2.930816076695919037e-02 5.359112750738859177e-03 3.601648285984992981e-02 4.129357263445854187e-02 6.958480179309844971e-02 5.141134187579154968e-02 1.419438514858484268e-02 9.628726169466972351e-03 1.876819506287574768e-02 2.574576623737812042e-02 2.166570536792278290e-02 1.028170436620712280e-02 1.151731237769126892e-02 2.116721309721469879e-02 3.174819576088339090e-04 1.240617013536393642e-03 2.225845120847225189e-02 1.839203201234340668e-02 9.627060033380985260e-03 5.386335309594869614e-03 1.484463829547166824e-02 4.735020920634269714e-03 5.089022219181060791e-02 4.630131274461746216e-02 5.750201642513275146e-03 7.369600236415863037e-03 4.067810252308845520e-03 4.457286268007010221e-04 9.047663770616054535e-03 5.365260411053895950e-03 6.971064023673534393e-03 1.178573723882436752e-02 3.274062881246209145e-03 4.399647470563650131e-03 5.222138017416000366e-03 1.545156538486480713e-02 2.047887444496154785e-02 8.089727722108364105e-03 1.003029849380254745e-02 1.203533727675676346e-02 1.246080384589731693e-03 8.475318551063537598e-03 1.355485338717699051e-02 1.300167571753263474e-02 2.438768185675144196e-02 3.137772157788276672e-02 2.079378627240657806e-02 2.070308476686477661e-02 4.270106181502342224e-02 2.062292024493217468e-02 4.935598373413085938e-02 1.363286189734935760e-02 1.635812781751155853e-02 8.752589114010334015e-03 8.026164956390857697e-03 4.820382222533226013e-03 5.386315286159515381e-03 1.651650294661521912e-02 9.600881487131118774e-03 1.951002632267773151e-03 2.666897606104612350e-03 1.540436758659780025e-03 2.798337023705244064e-03 1.119904592633247375e-02 9.396779350936412811e-03 9.007067419588565826e-03 6.737985648214817047e-03 9.572931565344333649e-03 1.984872156754136086e-03 9.662030264735221863e-03 2.095177397131919861e-02 2.214191481471061707e-02 4.189895465970039368e-03 7.012716960161924362e-03
2.315488085150718689e-02 1.541968528181314468e-02 7.004525046795606613e-03 9.391687810420989990e-03 1.141662592999637127e-03 3.648323938250541687e-02 1.233231462538242340e-02 8.487232262268662453e-04 5.592510569840669632e-04 1.355373673141002655e-02 4.174908623099327087e-03 8.333317041397094727e-01 8.904644288122653961e-03 7.218404859304428101e-02 1.428566034883260727e-02 5.847659776918590069e-04 4.638410173356533051e-03 3.567459993064403534e-03 6.843992974609136581e-03 1.966032572090625763e-02 9.717146866023540497e-03 1.036042463965713978e-03 1.175347622483968735e-02 8.650189265608787537e-03 1.165198720991611481e-02 3.689250908792018890e-03 3.531479742377996445e-03 7.535870373249053955e-02 1.099159382283687592e-02 6.190178543329238892e-02 4.403746221214532852e-03 2.021936140954494476e-02 1.774274185299873352e-02 4.164582863450050354e-02 6.113567855209112167e-03 7.265440188348293304e-03 1.084788143634796143e-02 1.140344515442848206e-02 1.172915566712617874e-02 7.312693167477846146e-03 1.377637218683958054e-02 9.756641229614615440e-04 7.370989304035902023e-03 9.504460729658603668e-03 4.099297896027565002e-02 2.427636459469795227e-02 1.514640171080827713e-02 1.650824211537837982e-02 6.682148668915033340e-03 3.631124645471572876e-02 1.000537257641553879e-02 1.408186275511980057e-02 1.759369857609272003e-03 5.994051462039351463e-04 1.421502325683832169e-02 2.093981951475143433e-02 2.798517607152462006e-02 3.002293966710567474e-02 8.072585798799991608e-03 9.568312205374240875e-03 5.327819380909204483e-03 7.446223404258489609e-03 2.608395181596279144e-02 2.826287411153316498e-02 7.049020845443010330e-03 7.710590492933988571e-03 1.562017668038606644e-02 1.516848243772983551e-02 3.226168453693389893e-02 4.716439172625541687e-03 4.002346098423004150e-02 1.332454569637775421e-02 2.958654798567295074e-02 3.681025991681963205e-04 2.114685252308845520e-02 1.846410892903804779e-02 3.530076518654823303e-02 3.838644176721572876e-02 5.237593781203031540e-03 2.006259001791477203e-02 9.602534584701061249e-03 1.350373495370149612e-03 3.691651159897446632e-03 3.860892495140433311e-03 5.155313294380903244e-03 1.805113814771175385e-02 2.284970832988619804e-03 6.827070843428373337e-03 1.187682058662176132e-02 4.023180529475212097e-02 3.671009838581085205e-02 9.558440186083316803e-03 2.300582267343997955e-02 2.054724609479308128e-03 1.001270487904548645e-02 2.687670988962054253e-03 1.402768213301897049e-02 1.889280159957706928e-03 1.400216948240995407e-02 1.463937660446390510e-04 1.363463792949914932e-02 1.213507633656263351e-02 6.201575743034482002e-04 2.105809282511472702e-03 1.210153941065073013e-02 6.260406225919723511e-03 4.084803164005279541e-03 1.473027188330888748e-02 1.015619467943906784e-02 6.505158729851245880e-03 2.365722553804516792e-03 1.498756743967533112e-02 6.803291849792003632e-03 2.037807740271091461e-02 2.977205067873001099e-02 9.722476825118064880e-03
6.300921738147735596e-02 7.169666141271591187e-02 4.974774084985256195e-03 3.559035016223788261e-03 3.016537055373191833e-03 5.943962186574935913e-02 6.887433677911758423e-02 1.377279590815305710e-02 6.326094735413789749e-03 1.535469386726617813e-02 7.528183609247207642e-02 8.904644288122653961e-03 8.333317041397094727e-01 2.872787881642580032e-03 2.681111544370651245e-02 4.711148794740438461e-03 2.983250189572572708e-03 6.501245661638677120e-04 1.262119156308472157e-03 1.653198525309562683e-02 9.369667619466781616e-03 2.579744718968868256e-02 8.398804813623428345e-03 1.384826842695474625e-02 9.277371282223612070e-05 3.511651186272501945e-03 9.133406914770603180e-03 1.544146891683340073e-02 4.505215212702751160e-02 2.086458727717399597e-02 3.674724325537681580e-02 6.927387788891792297e-03 1.471866387873888016e-02 1.169538311660289764e-02 5.803897045552730560e-03 8.484695106744766235e-03 2.207128418376669288e-04 3.055737819522619247e-03 6.750329863280057907e-03 7.215371821075677872e-03 5.041695549152791500e-04 7.937477901577949524e-03 2.903311513364315033e-02 2.457704613334499300e-05 4.336808249354362488e-02 4.536304995417594910e-02 6.296795606613159180e-02 5.145620927214622498e-02 1.109300181269645691e-02 6.068551912903785706e-03 2.072502113878726959e-02 2.718074806034564972e-02 2.633607387542724609e-02 2.140100672841072083e-02 9.395715780556201935e-03 1.815789379179477692e-02 5.801179446280002594e-03 7.721015717834234238e-03 2.623643353581428528e-02 2.413900569081306458e-02 5.812507588416337967e-03 1.828947220928966999e-03 1.611163094639778137e-02 7.592278532683849335e-03 4.786742106080055237e-02 4.791083931922912598e-02 5.804427899420261383e-03 9.780164808034896851e-03 4.910894203931093216e-03 2.607954433187842369e-03 6.818275898694992065e-03 2.447345294058322906e-03 1.255263667553663254e-02 1.166500616818666458e-02 7.717282045632600784e-03 8.067585295066237450e-04 6.426305975764989853e-03 1.356245670467615128e-02 1.325097680091857910e-02 6.601248867809772491e-03 7.320508826524019241e-03 1.310027763247489929e-02 2.018630038946866989e-03 4.054793622344732285e-03 2.771359868347644806e-03 8.701639249920845032e-03 2.658861875534057617e-02 3.297296538949012756e-02 1.703054085373878479e-02 1.780994236469268799e-02 4.617150500416755676e-02 2.097363770008087158e-02 5.239793658256530762e-02 1.782219111919403076e-02 1.327245123684406281e-02 4.612824879586696625e-03 6.872928701341152191e-03 2.072228817269206047e-03 4.143215715885162354e-03 1.425632834434509277e-02 1.095761358737945557e-02 2.365040592849254608e-03 9.210736607201397419e-04 1.656905282288789749e-03 1.309444196522235870e-02 1.948578655719757080e-02 9.274058043956756592e-03 2.028308436274528503e-02 3.626981517300009727e-03 2.363215945661067963e-02 1.077668042853474617e-03 8.889394812285900116e-03 2.396870963275432587e-02 2.624123170971870422e-02 2.769499318674206734e-03 4.860763438045978546e-03
