8.237428665161132812e-01 6.998191028833389282e-02 2.173129841685295105e-02 6.542131304740905762e-03 8.691402152180671692e-03 6.489169597625732422e-02 4.916342347860336304e-02 2.054228261113166809e-02 8.131898008286952972e-03 2.579941414296627045e-03 7.736967504024505615e-02 1.434682495892047882e-02 6.810232251882553101e-02 1.247133244760334492e-03 3.722918406128883362e-02 9.708281722851097584e-04 7.929965853691101074e-03 2.197213098406791687e-02 4.254555795341730118e-03 2.674082643352448940e-04 3.250262001529335976e-03 3.062898479402065277e-02 1.262402348220348358e-02 6.582106463611125946e-03 1.332347374409437180e-02 1.802488043904304504e-02 3.771185874938964844e-02 8.861639536917209625e-03 7.519545033574104309e-03 1.843989454209804535e-02 1.191893033683300018e-02 8.766845799982547760e-03 4.530959762632846832e-03 1.765692234039306641e-02 1.723375753499567509e-03 3.629518439993262291e-03 8.007303811609745026e-03 2.564674243330955505e-02 1.554247178137302399e-02 8.296969346702098846e-03 2.664930000901222229e-02 1.665827585384249687e-04 2.056027529761195183e-03 9.039854630827903748e-03 3.771370043978095055e-03 7.132869213819503784e-03 5.687705799937248230e-02 3.556207567453384399e-02 5.521520040929317474e-03 1.572201773524284363e-02 2.201366424560546875e-02 4.448190331459045410e-03 1.197218196466565132e-03 1.664314232766628265e-02 3.432049183174967766e-03 1.527250371873378754e-02 1.168911997228860855e-02 1.796844042837619781e-02 4.240809939801692963e-03 1.144125964492559433e-02 3.627228550612926483e-03 2.270886488258838654e-02 3.126681223511695862e-02 1.549646258354187012e-02 2.069651335477828979e-02 1.636031456291675568e-02 9.601686149835586548e-03 1.643403992056846619e-02 6.153235444799065590e-04 1.981725683435797691e-03 1.250545959919691086e-02 1.821888424456119537e-02 8.455864153802394867e-03 1.539397984743118286e-02 8.912841789424419403e-03 2.103793993592262268e-02 1.300702337175607681e-02 3.192867850884795189e-03 5.776784848421812057e-03 8.161958307027816772e-03 2.293130382895469666e-03 6.032350007444620132e-03 1.673838868737220764e-02 9.594921022653579712e-03 1.098703779280185699e-02 2.026730030775070190e-02 3.949357941746711731e-02 2.946341037750244141e-02 1.287606451660394669e-02 4.800023976713418961e-03 1.865221187472343445e-02 2.528575062751770020e-02 6.117693847045302391e-04 2.264338918030261993e-02 8.883956819772720337e-03 4.834413528442382812e-03 1.378116942942142487e-02 3.279402852058410645e-02 1.326431985944509506e-02 1.886736974120140076e-02 2.085638232529163361e-03 5.835762713104486465e-03 1.692290231585502625e-02 2.362263388931751251e-02 1.223094575107097626e-02 3.284493833780288696e-02 5.964431911706924438e-03 1.448982115834951401e-02 1.603606343269348145e-02 8.919731713831424713e-03 1.650601066648960114e-02 2.038412354886531830e-02 9.434463456273078918e-03 1.191112957894802094e-02 2.087869495153427124e-02 1.551957055926322937e-02
6.998191028833389282e-02 8.237428665161132812e-01 9.862883016467094421e-03 1.097794738598167896e-03 1.443958282470703125e-02 5.642975121736526489e-02 6.496512889862060547e-02 2.207696251571178436e-02 1.429870841093361378e-03 1.110212039202451706e-02 7.065465301275253296e-02 7.718408014625310898e-03 8.909362554550170898e-02 1.896481215953826904e-02 3.195139020681381226e-02 2.251336351037025452e-03 1.949101686477661133e-02 7.019883021712303162e-03 6.203879136592149734e-03 4.013700876384973526e-03 1.194793730974197388e-02 2.618025802075862885e-02 6.955112912692129612e-04 1.142540108412504196e-02 3.104527713730931282e-03 2.032599179074168205e-03 3.475598618388175964e-02 2.082102000713348389e-02 2.061629854142665863e-02 2.565444912761449814e-03 1.361663918942213058e-02 4.548377823084592819e-03 6.229863036423921585e-03 4.665530286729335785e-03 1.368364039808511734e-02 9.717786684632301331e-03 1.571815344505012035e-03 3.290787339210510254e-02 2.042552269995212555e-02 1.640110090374946594e-02 3.377240896224975586e-02 1.877190172672271729e-02 9.404757060110569000e-03 1.248634140938520432e-02 1.113589387387037277e-03 2.079736627638339996e-02 5.578395351767539978e-02 3.102900646626949310e-02 1.003625919111073017e-03 3.958911169320344925e-03 2.092712372541427612e-02 6.103489082306623459e-03 1.316849701106548309e-02 5.020418902859091759e-04 5.420435685664415359e-03 8.664027787744998932e-03 8.456903742626309395e-04 2.445527352392673492e-03 2.273561991751194000e-02 6.958030164241790771e-03 9.669622406363487244e-03 2.768345875665545464e-03 1.980255171656608582e-02 2.380885370075702667e-02 4.019606485962867737e-02 4.383897781372070312e-02 8.571147918701171875e-04 4.461851902306079865e-03 7.863073609769344330e-03 9.568126872181892395e-03 1.615010946989059448e-02 5.305297207087278366e-03 1.313067274168133736e-03 2.375619485974311829e-03 1.919475011527538300e-02 3.352107480168342590e-03 1.447566435672342777e-03 1.324350200593471527e-02 1.320780348032712936e-02 7.630287203937768936e-03 4.482350777834653854e-03 7.316892035305500031e-03 2.428763080388307571e-03 1.587433181703090668e-02 1.383633632212877274e-02 2.371415495872497559e-02 3.986036032438278198e-02 4.190814495086669922e-02 1.593725755810737610e-02 9.304570266976952553e-04 3.243988007307052612e-02 2.422330528497695923e-02 1.370887085795402527e-02 4.585280083119869232e-03 5.632880609482526779e-03 1.203450653702020645e-02 4.947870504111051559e-03 1.049704849720001221e-02 1.002416200935840607e-02 1.124872919172048569e-02 1.229534856975078583e-02 1.518683601170778275e-02 1.178389135748147964e-02 4.198262467980384827e-03 7.898545823991298676e-03 6.981804501265287399e-03 5.668790079653263092e-03 7.421664427965879440e-03 8.680286817252635956e-03 2.862481633201241493e-04 7.426578085869550705e-03 9.644557721912860870e-03 3.753852332010865211e-03 1.053305529057979584e-02 2.019428880885243416e-03 4.989852663129568100e-03
2.173129841685295105e-02 9.862883016467094421e-03 8.237428665161132812e-01 1.983943954110145569e-02 1.518734451383352280e-02 2.162820659577846527e-02 1.537076197564601898e-02 8.746637403964996338e-02 1.106697600334882736e-02 2.857436193153262138e-03 3.300473093986511230e-02 1.302122510969638824e-02 8.354028686881065369e-03 1.204107422381639481e-02 1.828352734446525574e-02 2.240405976772308350e-02 1.006401889026165009e-02 8.114944212138652802e-03 4.546397831290960312e-03 8.349842391908168793e-04 1.831009425222873688e-02 1.985737308859825134e-02 2.046062797307968140e-02 1.703309826552867889e-02 1.557849440723657608e-02 2.081782929599285126e-02 3.683957038447260857e-03 2.109690941870212555e-02 1.019077003002166748e-02 3.059219568967819214e-02 8.067547343671321869e-03 6.011468823999166489e-03 1.866511069238185883e-02 1.939093228429555893e-03 1.753550395369529724e-02 1.084220223128795624e-02 6.813880056142807007e-03 1.661088503897190094e-02 6.193316541612148285e-03 2.479910617694258690e-03 6.657942198216915131e-03 4.717721138149499893e-03 2.055444568395614624e-02 9.184664115309715271e-03 2.100392058491706848e-02 1.639941893517971039e-02 1.347084250301122665e-02 2.408774942159652710e-02 1.388638280332088470e-03 5.466002970933914185e-03 1.588563807308673859e-02 1.692075841128826141e-02 1.717380248010158539e-02 1.397612411528825760e-02 1.251971442252397537e-02 4.731545690447092056e-03 1.031904201954603195e-02 9.334038943052291870e-03 2.339425869286060333e-02 1.649098657071590424e-02 1.843279227614402771e-02 1.549878157675266266e-02 2.253251848742365837e-03 5.057197064161300659e-03 1.062021031975746155e-02 7.220486644655466080e-03 5.357203073799610138e-03 1.835208013653755188e-02 3.440345823764801025e-02 4.220838600303977728e-04 2.185054868459701538e-02 9.423125535249710083e-03 4.073566233273595572e-04 4.939245991408824921e-03 2.960211597383022308e-03 1.281988620758056641e-02 1.615022658370435238e-03 3.188337199389934540e-03 9.851475246250629425e-03 1.582028158009052277e-02 7.002490013837814331e-02 5.991960316896438599e-02 2.038141712546348572e-02 5.843930412083864212e-03 2.977966563776135445e-03 9.328921325504779816e-03 3.310238569974899292e-02 2.440148964524269104e-02 1.617261208593845367e-02 6.486052181571722031e-03 4.561004228889942169e-03 1.173574756830930710e-02 4.495143424719572067e-03 4.952813498675823212e-03 5.216033663600683212e-03 1.139267068356275558e-02 6.680373102426528931e-03 8.560676127672195435e-03 6.712988950312137604e-03 1.554745435714721680e-02 1.155913341790437698e-02 1.344698294997215271e-02 9.768168092705309391e-05 4.017391707748174667e-03 2.077013486996293068e-03 1.202528178691864014e-02 2.649629116058349609e-02 1.984409755095839500e-03 1.246552355587482452e-02 1.977753080427646637e-02 1.222234219312667847e-03 2.074238844215869904e-02 1.459099911153316498e-02 6.950429640710353851e-03 8.240137249231338501e-03 1.054361462593078613e-02
6.542131304740905762e-03 1.097794738598167896e-03 1.983943954110145569e-02 8.237428665161132812e-01 7.510732859373092651e-02 5.453438498079776764e-03 1.470354385673999786e-03 2.897153608500957489e-03 1.946756988763809204e-02 2.875113394111394882e-03 1.431006286293268204e-02 6.580793298780918121e-03 3.419104963541030884e-03 3.710065735504031181e-03 1.897101476788520813e-02 4.586084745824337006e-03 1.390944933518767357e-03 4.067590460181236267e-02 1.526214741170406342e-02 1.315028499811887741e-02 8.426833897829055786e-03 2.591126225888729095e-02 1.331701758317649364e-03 7.731473888270556927e-04 1.101234089583158493e-02 6.862745154649019241e-03 1.603855378925800323e-02 5.511611234396696091e-03 1.731394976377487183e-02 1.416634023189544678e-02 2.349554002285003662e-02 7.115279324352741241e-03 8.464253507554531097e-03 1.401205174624919891e-02 1.238511316478252411e-02 2.305535413324832916e-02 5.121205002069473267e-03 1.471190713346004486e-02 3.779516369104385376e-02 1.402512658387422562e-02 1.336281467229127884e-02 3.219750151038169861e-02 4.466730169951915741e-04 2.246865071356296539e-02 4.494737461209297180e-02 2.298621274530887604e-02 8.119650185108184814e-03 5.976955872029066086e-03 2.894072234630584717e-02 7.310399785637855530e-03 6.662849802523851395e-03 5.151330493390560150e-03 2.008420648053288460e-03 1.329017803072929382e-02 2.701012603938579559e-02 4.644623491913080215e-03 1.485308911651372910e-02 8.744162623770534992e-04 2.404676517471671104e-03 6.660133134573698044e-03 2.970858477056026459e-02 1.301918085664510727e-02 3.363015130162239075e-02 1.103706005960702896e-02 6.587505340576171875e-03 1.122551597654819489e-02 1.752753159962594509e-03 7.434094324707984924e-03 2.571742050349712372e-02 2.124155685305595398e-02 1.411404553800821304e-02 1.656840369105339050e-02 6.273912638425827026e-02 5.146722309291362762e-03 2.807175368070602417e-02 1.799857616424560547e-02 1.801790297031402588e-02 2.028069226071238518e-03 2.661630697548389435e-02 9.193840436637401581e-03 2.187081798911094666e-02 1.030481792986392975e-02 6.166727840900421143e-02 3.120606765151023865e-02 7.919098250567913055e-03 3.668797435238957405e-03 1.492107007652521133e-02 1.181083917617797852e-02 6.645666435360908508e-03 1.630717702209949493e-02 2.852999232709407806e-02 1.768300309777259827e-02 5.643253214657306671e-03 1.617479324340820312e-02 4.198289662599563599e-02 1.518453098833560944e-02 8.205508813261985779e-03 1.647767797112464905e-02 3.397356485947966576e-03 2.702864352613687515e-03 4.502870142459869385e-03 1.494857389479875565e-02 1.363525819033384323e-02 6.951003451831638813e-04 2.209074608981609344e-02 1.972098089754581451e-02 3.032347885891795158e-03 3.225331008434295654e-02 2.841170178726315498e-03 2.408980205655097961e-02 1.332399842794984579e-04 1.487967674620449543e-03 1.200802996754646301e-02 6.780746858566999435e-03 1.378375105559825897e-02 6.201320793479681015e-03
8.691402152180671692e-03 1.443958282470703125e-02 1.518734451383352280e-02 7.510732859373092651e-02 8.237428665161132812e-01 3.135892795398831367e-03 9.911559522151947021e-03 7.660826202481985092e-03 8.897242136299610138e-03 2.646158263087272644e-02 2.101397141814231873e-02 1.449021417647600174e-02 2.134228497743606567e-02 5.682858638465404510e-03 1.503705792129039764e-02 1.668943837285041809e-02 9.166213683784008026e-03 3.278690576553344727e-02 3.066484071314334869e-02 1.992987096309661865e-02 8.074185810983181000e-03 1.886643283069133759e-02 1.333172712475061417e-02 1.776733994483947754e-02 2.126710861921310425e-02 2.574055688455700874e-03 1.270688325166702271e-02 2.690154314041137695e-02 1.093712355941534042e-02 2.363975718617439270e-02 1.128978934139013290e-02 1.463283691555261612e-02 9.474594844505190849e-04 7.996569387614727020e-03 1.269418932497501373e-02 2.413795888423919678e-02 1.641369611024856567e-02 2.307680994272232056e-02 4.841753467917442322e-02 3.757259249687194824e-02 4.842918366193771362e-03 2.671746350824832916e-02 7.701297756284475327e-03 9.832077659666538239e-03 1.855095662176609039e-02 7.623414508998394012e-03 2.548867196310311556e-04 4.047057125717401505e-03 2.536516264081001282e-02 2.616563811898231506e-02 1.056248974055051804e-02 8.272076025605201721e-03 2.252611331641674042e-03 4.942027386277914047e-03 5.611892789602279663e-03 1.398814935237169266e-02 1.989434659481048584e-02 3.445963375270366669e-03 3.323893062770366669e-03 4.477944225072860718e-03 6.384438835084438324e-03 1.214173622429370880e-02 3.349175676703453064e-02 4.711862653493881226e-03 1.441034837625920773e-03 1.502597983926534653e-02 1.673299819231033325e-02 1.481170020997524261e-02 2.927945926785469055e-03 2.762348018586635590e-02 2.879632636904716492e-03 2.225618809461593628e-03 2.983284741640090942e-02 1.101944688707590103e-02 3.749603033065795898e-02 7.192836608737707138e-03 7.673294749110937119e-04 2.396090514957904816e-02 2.462069503962993622e-02 2.156793139874935150e-02 1.374117843806743622e-02 2.882170723751187325e-03 4.298488423228263855e-02 5.438032746315002441e-02 2.211297303438186646e-02 1.646129414439201355e-02 7.597806863486766815e-03 2.669345028698444366e-02 7.600440643727779388e-03 9.617488831281661987e-03 1.389678008854389191e-02 1.926526427268981934e-02 3.970704041421413422e-03 2.153540775179862976e-02 3.253526613116264343e-02 3.498439118266105652e-02 2.211617305874824524e-02 1.179042458534240723e-02 1.458829641342163086e-02 1.599917188286781311e-02 2.608749642968177795e-02 1.079806033521890640e-02 2.637073211371898651e-02 7.245982065796852112e-03 1.173102646134793758e-03 1.976682106032967567e-03 1.430329121649265289e-02 1.955814473330974579e-02 2.163038589060306549e-02 6.999576464295387268e-03 1.730497367680072784e-02 3.997167106717824936e-03 1.462333137169480324e-03 4.141021054238080978e-03 1.533242594450712204e-02 1.666224561631679535e-02
6.489169597625732422e-02 5.642975121736526489e-02 2.162820659577846527e-02 5.453438498079776764e-03 3.135892795398831367e-03 8.237428665161132812e-01 7.494160532951354980e-02 1.914137229323387146e-02 1.193633768707513809e-02 1.452733762562274933e-03 6.129651516675949097e-02 2.506426535546779633e-02 5.085299536585807800e-02 1.937184855341911316e-02 1.373329013586044312e-02 7.197282742708921432e-03 2.564320573583245277e-03 1.436221320182085037e-02 1.096935290843248367e-02 1.451269444078207016e-02 2.031475864350795746e-02 3.265656065195798874e-03 2.252900786697864532e-02 9.013637900352478027e-03 2.478706091642379761e-02 2.129427529871463776e-02 2.370165847241878510e-02 1.340004894882440567e-02 2.339849993586540222e-02 1.350553333759307861e-02 2.917238138616085052e-02 1.397366169840097427e-02 1.940068975090980530e-02 1.910939440131187439e-02 3.659402136690914631e-04 8.086044341325759888e-03 1.030164863914251328e-02 1.496378146111965179e-02 1.215410605072975159e-02 1.936606713570654392e-03 1.960050873458385468e-02 1.362615358084440231e-02 1.592197827994823456e-02 6.465347949415445328e-03 2.828406170010566711e-02 1.383488718420267105e-02 6.522791832685470581e-02 4.542266950011253357e-02 1.780225522816181183e-02 1.939301006495952606e-02 2.136436104774475098e-02 9.629895910620689392e-03 5.149764474481344223e-03 1.729548349976539612e-02 1.585615333169698715e-03 1.671155914664268494e-02 1.131126563996076584e-02 2.176062762737274170e-02 3.546919615473598242e-04 3.499017562717199326e-03 4.252329468727111816e-03 2.055803313851356506e-02 1.766758970916271210e-02 1.212328858673572540e-02 1.451176404953002930e-02 1.819024980068206787e-02 2.578402683138847351e-02 2.797243930399417877e-02 5.237566772848367691e-03 5.408878438174724579e-03 1.047327555716037750e-02 1.204166281968355179e-02 7.595110684633255005e-03 4.803442396223545074e-03 3.159700427204370499e-03 1.939831674098968506e-02 1.245505362749099731e-02 2.603496424853801727e-03 5.007913336157798767e-03 1.221779920160770416e-02 2.045303769409656525e-02 1.231432775966823101e-03 2.380212955176830292e-02 1.320042740553617477e-02 1.597034186124801636e-02 2.222642675042152405e-02 1.682243309915065765e-02 1.448304299265146255e-02 1.670619100332260132e-02 2.184677636250853539e-03 1.386869139969348907e-02 1.701271347701549530e-02 5.552452988922595978e-03 1.691046403720974922e-03 1.551280077546834946e-02 5.037112161517143250e-03 2.747511724010109901e-03 1.854933984577655792e-02 2.748047374188899994e-02 2.658072300255298615e-02 6.350001785904169083e-03 1.303237397223711014e-02 8.768963743932545185e-05 4.381461534649133682e-03 4.422835540026426315e-03 3.203519433736801147e-02 8.946355432271957397e-03 2.269324148073792458e-03 1.406654994934797287e-02 1.206907723098993301e-02 3.127327188849449158e-03 1.151041779667139053e-02 3.167983889579772949e-02 2.275458537042140961e-02 1.098219212144613266e-02 1.618953421711921692e-02
4.916342347860336304e-02 6.496512889862060547e-02 1.537076197564601898e-02 1.470354385673999786e-03 9.911559522151947021e-03 7.494160532951354980e-02 8.237428665161132812e-01 1.964762434363365173e-02 2.610552823171019554e-03 2.033403888344764709e-02 5.726323276758193970e-02 1.915868557989597321e-02 4.873295500874519348e-02 3.906753659248352051e-02 7.264419924467802048e-03 1.701063709333539009e-03 1.567038148641586304e-02 7.432833313941955566e-03 1.026683952659368515e-02 1.689160242676734924e-02 1.608744263648986816e-02 6.393238436430692673e-03 5.360736511647701263e-03 1.457474287599325180e-02 1.270306855440139771e-02 3.607709193602204323e-03 1.154029089957475662e-02 3.203795850276947021e-02 2.462397888302803040e-02 1.171179348602890968e-03 3.477297723293304443e-02 4.174292553216218948e-03 6.569379940629005432e-03 2.074576681479811668e-03 2.757909893989562988e-02 1.593228615820407867e-02 6.334919948130846024e-03 3.807144239544868469e-02 2.354493923485279083e-02 1.353516522794961929e-02 3.150066360831260681e-02 3.629213431850075722e-03 7.871706970036029816e-03 6.289444863796234131e-03 2.918324247002601624e-02 1.697476580739021301e-02 5.914207175374031067e-02 7.141088694334030151e-02 1.187112927436828613e-02 1.372503465972840786e-03 1.531837787479162216e-02 2.238381188362836838e-03 5.841465317644178867e-04 7.902778685092926025e-03 2.969122026115655899e-03 2.923794323578476906e-03 6.978597957640886307e-04 6.142793223261833191e-03 3.466451307758688927e-03 1.866421080194413662e-03 6.393209914676845074e-04 6.764766294509172440e-03 1.614813506603240967e-02 2.642787434160709381e-02 1.722306199371814728e-02 3.191253170371055603e-02 1.747380942106246948e-02 1.203845161944627762e-02 2.120218938216567039e-03 4.139271622989326715e-04 1.845341920852661133e-02 8.415654301643371582e-03 9.357451461255550385e-03 8.126289583742618561e-03 8.593524806201457977e-03 4.690791945904493332e-03 7.070837076753377914e-03 2.174896188080310822e-02 6.001048022881150246e-04 2.604881115257740021e-02 1.478074234910309315e-03 1.240354031324386597e-02 1.490719337016344070e-02 2.295091748237609863e-02 4.302636079955846071e-04 8.793937973678112030e-03 2.176672220230102539e-02 2.441859617829322815e-02 6.785462610423564911e-04 1.390871219336986542e-02 9.501179680228233337e-03 2.224412560462951660e-02 1.819378137588500977e-02 4.447408020496368408e-03 7.274340372532606125e-03 1.567044854164123535e-02 7.290360983461141586e-03 1.054324023425579071e-02 1.285186316817998886e-02 5.735127720981836319e-03 1.110816001892089844e-02 6.592695601284503937e-03 1.451313681900501251e-02 8.788637816905975342e-03 7.356414571404457092e-03 1.362208556383848190e-02 5.003507249057292938e-03 1.083674468100070953e-02 5.841409787535667419e-03 9.908247739076614380e-03 1.559431571513414383e-02 1.182773057371377945e-02 1.554766949266195297e-02 6.443820893764495850e-03 3.907609730958938599e-03 2.518480829894542694e-02
2.054228261113166809e-02 2.207696251571178436e-02 8.746637403964996338e-02 2.897153608500957489e-03 7.660826202481985092e-03 1.914137229323387146e-02 1.964762434363365173e-02 8.237428665161132812e-01 4.894122947007417679e-03 4.274191334843635559e-03 1.237053330987691879e-02 8.349019917659461498e-04 1.468666084110736847e-02 4.969104193150997162e-04 3.016246296465396881e-02 1.723066717386245728e-02 2.044516382738947868e-03 5.521546117961406708e-03 1.183702982962131500e-02 2.035554870963096619e-02 6.179204676300287247e-03 6.883608642965555191e-03 9.093380533158779144e-03 1.165454741567373276e-02 7.782194297760725021e-03 5.483961664140224457e-03 2.455112058669328690e-03 2.022664621472358704e-02 4.751543048769235611e-03 1.051210984587669373e-02 2.955599222332239151e-03 7.070924621075391769e-03 2.177854254841804504e-02 4.805106204003095627e-03 3.140659304335713387e-03 1.431570388376712799e-02 1.955868117511272430e-02 1.050778012722730637e-02 7.671962957829236984e-03 3.399268607608973980e-04 3.092758730053901672e-02 5.622551310807466507e-03 3.341575153172016144e-03 1.220905338414013386e-03 1.211339025758206844e-03 8.108505047857761383e-03 1.660432666540145874e-02 6.016228348016738892e-03 4.905912093818187714e-03 4.693795461207628250e-03 4.856752976775169373e-02 9.055992588400840759e-03 1.380141940899193287e-03 7.400983013212680817e-03 1.620325446128845215e-02 4.245890770107507706e-03 4.136200062930583954e-03 9.152076207101345062e-03 3.368670865893363953e-02 2.580282092094421387e-02 2.282818965613842010e-02 2.944854786619544029e-03 1.410675141960382462e-02 9.736993815749883652e-04 5.441871006041765213e-03 2.924844855442643166e-03 3.276371164247393608e-03 9.962977841496467590e-03 3.070623613893985748e-02 5.560758290812373161e-04 1.690687425434589386e-02 3.330229548737406731e-03 6.061619147658348083e-03 7.817990146577358246e-03 8.056926541030406952e-03 1.021997723728418350e-02 1.489667501300573349e-02 7.301084231585264206e-03 1.971791498363018036e-03 1.054659136570990086e-03 1.091476306319236755e-01 7.269830256700515747e-02 2.183859702199697495e-03 7.128437049686908722e-03 6.131000816822052002e-03 1.178644411265850067e-02 4.937199875712394714e-02 1.756833493709564209e-02 2.440107986330986023e-02 2.326758112758398056e-03 1.096097193658351898e-02 5.899857729673385620e-03 6.380857899785041809e-03 4.221955314278602600e-03 2.262918744236230850e-03 1.694163493812084198e-02 7.877179305069148540e-04 7.299612276256084442e-03 2.620264422148466110e-03 2.492880914360284805e-03 1.661875471472740173e-02 5.193112883716821671e-03 4.735643975436687469e-03 1.082228031009435654e-02 1.051644096150994301e-03 1.216616947203874588e-02 2.189036691561341286e-03 1.234838459640741348e-02 2.196246525272727013e-03 1.087933499366044998e-02 7.628104649484157562e-03 3.015571087598800659e-02 3.737778635695576668e-03 7.349753286689519882e-03 2.085552737116813660e-02 2.649533003568649292e-02
8.131898008286952972e-03 1.429870841093361378e-03 1.106697600334882736e-02 1.946756988763809204e-02 8.897242136299610138e-03 1.193633768707513809e-02 2.610552823171019554e-03 4.894122947007417679e-03 8.237428665161132812e-01 2.412213385105133057e-02 7.344392128288745880e-03 3.563323616981506348e-02 5.673219449818134308e-03 1.636833621887490153e-04 9.620035067200660706e-03 2.251696307212114334e-03 1.117189042270183563e-02 5.536954104900360107e-02 4.311648011207580566e-02 5.743530113250017166e-03 4.914833232760429382e-03 2.562997629866003990e-03 1.016693748533725739e-02 1.015193876810371876e-03 8.581572328694164753e-04 1.379755884408950806e-02 1.200314844027161598e-03 1.606774516403675079e-02 1.223464962095022202e-02 9.723003022372722626e-03 1.504648290574550629e-02 6.297563202679157257e-03 3.558345511555671692e-02 6.959301419556140900e-03 3.424590826034545898e-02 2.618998661637306213e-02 6.822939962148666382e-03 2.727155946195125580e-02 5.704551469534635544e-03 4.549508739728480577e-04 2.368402108550071716e-02 1.398044638335704803e-02 1.707972772419452667e-02 1.446244027465581894e-02 3.320168470963835716e-03 2.157537825405597687e-02 9.505877271294593811e-03 1.164479530416429043e-03 3.113870136439800262e-02 3.227591747418045998e-03 3.888930380344390869e-02 8.581185247749090195e-04 2.606196701526641846e-02 3.738911077380180359e-02 6.088932976126670837e-02 1.922771893441677094e-02 2.309391647577285767e-02 8.634037803858518600e-04 1.865694485604763031e-02 2.723269909620285034e-02 2.811592258512973785e-02 1.270144991576671600e-02 1.652198843657970428e-02 3.156347945332527161e-02 1.703274063766002655e-02 1.652722805738449097e-02 9.902308695018291473e-03 1.094189286231994629e-02 3.250036388635635376e-02 2.499335259199142456e-02 9.883615188300609589e-03 4.279238358139991760e-02 2.816826803609728813e-03 1.876194402575492859e-02 1.079786941409111023e-02 4.239631816744804382e-02 6.823393702507019043e-02 3.936547785997390747e-03 5.746238399296998978e-03 7.080379873514175415e-03 2.839301014319062233e-03 1.906238496303558350e-03 4.629153385758399963e-02 1.823386363685131073e-02 7.741694338619709015e-03 2.256886288523674011e-02 4.477642476558685303e-03 5.312711931765079498e-03 3.579211980104446411e-02 1.165695604868233204e-03 1.862919703125953674e-02 3.224242944270372391e-03 9.618083946406841278e-03 1.101612113416194916e-02 4.977991804480552673e-02 3.748620301485061646e-02 1.829771697521209717e-02 3.894643858075141907e-02 1.990137435495853424e-02 4.504442404140718281e-05 1.692547835409641266e-02 3.502547508105635643e-03 7.229417562484741211e-03 9.271140210330486298e-03 2.900976315140724182e-02 3.113600797951221466e-02 1.076537650078535080e-02 2.993121370673179626e-02 2.247346099466085434e-03 1.573477499186992645e-02 2.372563583776354790e-03 5.999083630740642548e-03 9.423236362636089325e-03 3.315103426575660706e-02 8.001706562936306000e-03 9.603369049727916718e-03
2.579941414296627045e-03 1.110212039202451706e-02 2.857436193153262138e-03 2.875113394111394882e-03 2.646158263087272644e-02 1.452733762562274933e-03 2.033403888344764709e-02 4.274191334843635559e-03 2.412213385105133057e-02 8.237428665161132812e-01 8.029329590499401093e-03 2.258533058920875192e-04 1.195827219635248184e-02 2.294430881738662720e-02 1.364067662507295609e-02 2.111976779997348785e-02 1.614050939679145813e-02 1.009823195636272430e-02 5.728165060281753540e-02 2.537556737661361694e-02 1.337352395057678223e-02 1.048615295439958572e-02 3.046434931457042694e-02 3.794682398438453674e-02 2.070235833525657654e-02 2.068391628563404083e-02 1.712671853601932526e-02 1.388662867248058319e-02 1.171148009598255157e-02 1.306748110800981522e-02 6.290512159466743469e-03 3.710778057575225830e-02 1.592207513749599457e-02 3.032447956502437592e-02 2.818453358486294746e-04 3.059228695929050446e-02 4.028385132551193237e-02 2.525600604712963104e-03 1.921311765909194946e-02 2.166975289583206177e-02 1.775476336479187012e-02 2.124015428125858307e-02 2.370351552963256836e-02 2.417663298547267914e-02 1.585691701620817184e-03 6.401466205716133118e-03 2.707039937376976013e-03 3.852266119793057442e-03 1.857751049101352692e-02 4.111821576952934265e-02 1.745545864105224609e-02 7.700445712544023991e-04 9.565453045070171356e-03 1.032052841037511826e-02 1.066875923424959183e-02 4.220328852534294128e-02 1.722669601440429688e-02 2.441229112446308136e-02 5.065085832029581070e-03 5.157410632818937302e-03 4.280996043235063553e-03 1.637428067624568939e-02 1.060613896697759628e-02 1.202633325010538101e-02 9.297801298089325428e-04 1.411560736596584320e-02 2.329869195818901062e-02 2.404712326824665070e-02 7.042208686470985413e-03 3.183538466691970825e-02 3.637647628784179688e-02 1.542421337217092514e-02 8.757058531045913696e-03 3.347805887460708618e-02 2.848299220204353333e-02 2.182890102267265320e-02 1.100036967545747757e-02 5.596931651234626770e-02 2.145755477249622345e-02 3.070168010890483856e-02 6.018563639372587204e-03 1.167345605790615082e-02 9.667139500379562378e-03 5.800393223762512207e-02 1.697222888469696045e-02 1.799897849559783936e-02 1.084389723837375641e-02 1.933699846267700195e-02 3.740165615454316139e-03 3.460907191038131714e-02 1.041214633733034134e-02 9.814895689487457275e-03 7.564775296486914158e-05 1.863026176579296589e-03 3.225438296794891357e-03 3.739953786134719849e-02 2.409498766064643860e-02 2.591892844066023827e-03 2.875493094325065613e-02 3.784940019249916077e-02 1.641859300434589386e-02 1.887118257582187653e-02 1.906378194689750671e-02 5.561714526265859604e-03 7.675573229789733887e-03 4.100674297660589218e-03 2.347129583358764648e-02 1.360179018229246140e-02 3.131666406989097595e-02 3.559639677405357361e-03 1.180547662079334259e-02 1.007241848856210709e-02 1.842192374169826508e-02 1.446181721985340118e-02 4.665314219892024994e-03 5.720561370253562927e-03
7.736967504024505615e-02 7.065465301275253296e-02 3.300473093986511230e-02 1.431006286293268204e-02 2.101397141814231873e-02 6.129651516675949097e-02 5.726323276758193970e-02 1.237053330987691879e-02 7.344392128288745880e-03 8.029329590499401093e-03 8.237428665161132812e-01 1.648660562932491302e-02 7.542669773101806641e-02 1.896999217569828033e-02 2.813384495675563812e-02 6.985709071159362793e-03 5.768644623458385468e-03 6.995091680437326431e-03 2.110177883878350258e-03 4.876787308603525162e-03 5.804347340017557144e-03 1.330842170864343643e-02 1.705177873373031616e-02 2.593930345028638840e-03 1.736872270703315735e-02 1.473204139620065689e-02 2.308504283428192139e-02 1.901583746075630188e-02 8.744083344936370850e-03 1.101728063076734543e-02 8.572700433433055878e-03 8.895212784409523010e-03 2.684387611225247383e-03 7.398654706776142120e-03 7.242437452077865601e-03 1.676725901234021876e-06 2.993461210280656815e-03 3.473738953471183777e-02 6.941495463252067566e-03 6.779686082154512405e-03 2.437523007392883301e-02 7.383764721453189850e-03 3.649645019322633743e-03 6.854612845927476883e-03 1.196632348001003265e-02 1.194454543292522430e-02 5.758855119347572327e-02 4.895919561386108398e-02 1.431206334382295609e-02 6.786643993109464645e-03 6.740983575582504272e-03 2.281273715198040009e-02 1.888423110358417034e-03 6.654340308159589767e-03 1.468720287084579468e-02 5.396408028900623322e-03 7.803399930708110332e-04 7.433850783854722977e-03 1.822405681014060974e-02 7.736805360764265060e-03 3.812978276982903481e-03 5.650497507303953171e-03 2.753290534019470215e-02 2.314190939068794250e-02 4.751684516668319702e-02 4.205254465341567993e-02 5.893935915082693100e-03 1.263972185552120209e-02 1.100132707506418228e-02 1.383551280014216900e-03 5.912820342928171158e-03 4.446420818567276001e-03 2.143394900485873222e-03 7.732336875051259995e-03 1.461476087570190430e-02 1.523709273897111416e-03 7.269979687407612801e-04 9.048669598996639252e-03 7.931171916425228119e-03 1.757040061056613922e-02 2.048662491142749786e-02 1.166290231049060822e-02 3.963861148804426193e-03 1.091212499886751175e-02 1.500304229557514191e-02 1.747522130608558655e-02 4.434959590435028076e-02 3.817910328507423401e-02 3.219797043129801750e-03 1.525821909308433533e-02 2.905306033790111542e-02 2.996574342250823975e-02 2.390157245099544525e-02 1.109266560524702072e-02 1.369824819266796112e-02 8.413252420723438263e-03 1.167258946225047112e-03 1.335061155259609222e-02 2.252051047980785370e-02 1.635793223977088928e-02 7.471760269254446030e-03 8.368906565010547638e-03 6.655652076005935669e-03 6.532227154821157455e-03 8.056107326410710812e-04 1.902971044182777405e-02 1.325288042426109314e-02 2.499658614397048950e-03 9.883495047688484192e-03 4.537479486316442490e-03 9.392435662448406219e-03 1.585671212524175644e-03 1.043295674026012421e-02 5.194631870836019516e-03 9.288752451539039612e-03 9.858064353466033936e-03
1.434682495892047882e-02 7.718408014625310898e-03 1.302122510969638824e-02 6.580793298780918121e-03 1.449021417647600174e-02 2.506426535546779633e-02 1.915868557989597321e-02 8.349019917659461498e-04 3.563323616981506348e-02 2.258533058920875192e-04 1.648660562932491302e-02 8.237428665161132812e-01 2.856421924661844969e-04 7.360251247882843018e-02 1.826767809689044952e-02 1.158326864242553711e-02 1.835968717932701111e-02 1.192897930741310120e-02 6.959827151149511337e-03 7.960299029946327209e-03 1.918238401412963867e-02 7.201929111033678055e-03 3.002971410751342773e-02 1.530337519943714142e-02 1.488228049129247665e-02 2.111641131341457367e-02 1.758009544573724270e-03 5.584553256630897522e-02 1.455362699925899506e-02 4.780724272131919861e-02 1.724317786283791065e-03 1.802758080884814262e-03 2.148084715008735657e-02 7.761509157717227936e-03 9.964057244360446930e-03 3.141779825091362000e-02 5.976255517452955246e-03 1.001627277582883835e-02 9.487597271800041199e-03 5.051045678555965424e-03 1.317007839679718018e-02 8.084650151431560516e-03 2.804527431726455688e-02 1.246361061930656433e-02 4.206082597374916077e-02 4.018870647996664047e-03 2.327587455511093140e-02 1.049248035997152328e-02 1.982069388031959534e-02 2.256011962890625000e-02 3.950595110654830933e-02 8.330765180289745331e-03 5.230615381151437759e-03 3.738186089321970940e-03 6.870167795568704605e-03 4.151339456439018250e-02 2.733715623617172241e-02 1.462833117693662643e-02 1.667167432606220245e-02 5.358775146305561066e-03 2.641543745994567871e-03 1.555050536990165710e-02 1.203274819999933243e-02 8.163254242390394211e-04 9.710904210805892944e-03 3.532383416313678026e-04 1.744271069765090942e-02 2.228190563619136810e-02 2.001344971358776093e-02 1.000824104994535446e-02 9.521573781967163086e-03 1.022652070969343185e-02 2.391218766570091248e-02 9.661290794610977173e-03 1.157643273472785950e-02 3.122503682971000671e-02 3.758552297949790955e-02 1.226076390594244003e-02 3.440500469878315926e-03 8.339963387697935104e-04 3.138200379908084869e-03 1.787671819329261780e-02 1.244024559855461121e-02 5.474159959703683853e-03 1.066028722561895847e-03 2.071877196431159973e-02 1.541299372911453247e-02 1.935410313308238983e-02 2.810883149504661560e-02 1.458726730197668076e-02 1.370700541883707047e-02 2.077881433069705963e-02 1.602983474731445312e-02 2.152788452804088593e-02 2.339782007038593292e-02 9.181153029203414917e-03 2.600356703624129295e-03 2.478369325399398804e-02 2.227199263870716095e-02 2.266962453722953796e-02 1.990929886233061552e-04 1.794392429292201996e-02 4.753476474434137344e-03 6.401850841939449310e-03 6.552728824317455292e-03 1.799146458506584167e-02 3.798791673034429550e-03 1.366101484745740891e-02 2.116939611732959747e-02 1.525439880788326263e-02 4.991318099200725555e-03 2.473585866391658783e-02 2.741437032818794250e-02 2.559176646173000336e-02 1.494856085628271103e-02 4.954006988555192947e-03
6.810232251882553101e-02 8.909362554550170898e-02 8.354028686881065369e-03 3.419104963541030884e-03 2.134228497743606567e-02 5.085299536585807800e-02 4.873295500874519348e-02 1.468666084110736847e-02 5.673219449818134308e-03 1.195827219635248184e-02 7.542669773101806641e-02 2.856421924661844969e-04 8.237428665161132812e-01 3.193192649632692337e-03 3.638049960136413574e-02 4.202881827950477600e-03 5.705495714209973812e-04 1.381516736000776291e-02 1.294854097068309784e-02 2.560790453571826220e-04 5.766376852989196777e-03 3.506084904074668884e-02 1.935501117259263992e-03 5.576495081186294556e-03 1.817760523408651352e-03 1.187254209071397781e-02 3.948426619172096252e-02 1.911512203514575958e-02 2.516018599271774292e-02 1.837105676531791687e-02 3.479760885238647461e-02 3.197713231202214956e-04 2.941026818007230759e-03 6.226877303561195731e-05 3.885525511577725410e-03 1.224191742949187756e-03 7.401482667773962021e-03 2.640618942677974701e-02 6.875661667436361313e-03 2.560121938586235046e-03 3.325054422020912170e-02 1.934340596199035645e-02 1.208093669265508652e-02 2.318285405635833740e-04 4.500969778746366501e-03 2.448253799229860306e-03 5.869123712182044983e-02 4.476721957325935364e-02 1.997822429984807968e-03 3.430049167945981026e-03 4.848642740398645401e-03 2.935748919844627380e-02 4.127300344407558441e-03 1.009136810898780823e-02 2.457022666931152344e-03 1.508471649140119553e-02 5.283694248646497726e-03 1.348268426954746246e-02 1.430034078657627106e-02 1.985716400668025017e-03 8.552026003599166870e-03 2.647932851687073708e-03 2.008562721312046051e-02 1.559332292526960373e-02 4.213275015354156494e-02 5.700506642460823059e-02 3.340221010148525238e-03 5.212096963077783585e-03 3.034461697097867727e-04 2.272105542942881584e-03 2.940678095910698175e-04 9.545754641294479370e-03 6.861040368676185608e-03 1.110786385834217072e-02 4.494890104979276657e-03 8.556099608540534973e-03 4.963339772075414658e-03 9.783324785530567169e-04 1.007516402751207352e-02 3.148849355056881905e-03 6.960386876016855240e-03 1.150639448314905167e-02 5.978585220873355865e-03 1.816350966691970825e-02 1.959222368896007538e-02 2.778733707964420319e-02 3.717240691184997559e-02 4.649008065462112427e-02 5.396253895014524460e-03 1.468521775677800179e-03 4.027093201875686646e-02 2.062885090708732605e-02 2.734408900141716003e-02 1.751329004764556885e-02 3.378017339855432510e-03 1.015782915055751801e-02 8.052053861320018768e-03 1.546520087867975235e-02 2.001822693273425102e-03 4.867529496550559998e-04 9.512461721897125244e-03 1.278327312320470810e-02 9.451976977288722992e-03 5.150215234607458115e-03 2.285743132233619690e-03 1.078424323350191116e-02 5.619719158858060837e-03 9.474881924688816071e-03 6.159866694360971451e-03 1.296819373965263367e-02 5.129327997565269470e-03 9.891630150377750397e-03 1.086676958948373795e-02 1.420197263360023499e-02 6.878276821225881577e-03 8.854405023157596588e-03
