8.330945968627929688e-01 5.089454352855682373e-02 8.871218189597129822e-03 2.982814051210880280e-02 2.833582088351249695e-02 3.633416444063186646e-02 3.950822725892066956e-02 4.046893212944269180e-03 7.632412598468363285e-04 6.592889782041311264e-03 4.458636417984962463e-02 1.814252883195877075e-02 3.861466795206069946e-02 2.566698007285594940e-02 1.805888488888740540e-02 2.274793386459350586e-02 2.762565389275550842e-02 2.396691031754016876e-02 1.051473990082740784e-02 9.870662353932857513e-03 1.706723868846893311e-02 2.007933892309665680e-02 1.793456263840198517e-02 4.714028909802436829e-03 2.331447228789329529e-02 7.593947928398847580e-03 7.245452725328505039e-04 1.711044344119727612e-03 2.224041894078254700e-02 1.935761887580156326e-03 2.819542214274406433e-02 5.782937165349721909e-03 6.932251621037721634e-03 1.611147075891494751e-02 1.264104247093200684e-02 4.004900343716144562e-03 1.564227975904941559e-02 1.867634593509137630e-03 4.570727236568927765e-03 1.602525450289249420e-02 2.491596387699246407e-03 1.446031499654054642e-03 1.060378737747669220e-03 2.217621915042400360e-02 2.155460789799690247e-02 1.640146225690841675e-02 3.506972640752792358e-02 2.250356599688529968e-02 3.580884635448455811e-02 6.211678963154554367e-03 2.724745124578475952e-02 1.586760766804218292e-02 1.010906323790550232e-02 1.646564900875091553e-02 4.360989201813936234e-03 1.792142540216445923e-02 1.118355337530374527e-02 1.348184049129486084e-02 7.659853436052799225e-03 2.298367395997047424e-02 2.068260870873928070e-02 8.054612204432487488e-03 2.527957968413829803e-02 2.016376517713069916e-02 2.872409485280513763e-02 3.372061997652053833e-02 3.000268014147877693e-03 9.844550862908363342e-03 2.331809885799884796e-02 1.305775344371795654e-02 2.028312720358371735e-02 4.120256751775741577e-03 2.833717688918113708e-02 1.021436136215925217e-02 2.775839157402515411e-02 8.126264438033103943e-03 1.552094053477048874e-02 2.555359853431582451e-03 3.516240045428276062e-02 2.231305837631225586e-02 8.529414422810077667e-03 4.298242740333080292e-03 5.737685132771730423e-03 1.120481174439191818e-02 1.197688467800617218e-02 2.893869206309318542e-02 1.214234903454780579e-02 4.669899586588144302e-03 1.174929924309253693e-02 1.964656449854373932e-02 3.558981046080589294e-02 2.070331946015357971e-02 2.683727070689201355e-02 1.976316794753074646e-02 3.366153314709663391e-02 2.414535358548164368e-02 1.273366715759038925e-02 1.747952401638031006e-02 2.626467868685722351e-02 1.617569290101528168e-02 2.377546019852161407e-02 2.350657433271408081e-02 4.578709136694669724e-03 2.968511357903480530e-02 1.324503403156995773e-02 1.339729409664869308e-02 8.310959674417972565e-03 1.185847073793411255e-02 2.115464583039283752e-02 1.560468506067991257e-02 4.894874989986419678e-03 1.636877842247486115e-02 2.586935181170701981e-03 1.799784414470195770e-02 1.245152205228805542e-02 2.092679403722286224e-02
5.089454352855682373e-02 8.330945968627929688e-01 1.178291346877813339e-02 1.969093456864356995e-02 2.904077619314193726e-02 2.357885986566543579e-02 3.768306598067283630e-02 1.058876630850136280e-03 1.317133428528904915e-03 9.919902309775352478e-03 4.463695362210273743e-02 2.432825230062007904e-02 4.165051877498626709e-02 2.929721586406230927e-02 1.779584586620330811e-02 1.687479391694068909e-02 2.100264839828014374e-02 1.965965516865253448e-02 8.552437648177146912e-03 1.142995990812778473e-02 1.693606562912464142e-02 2.636609226465225220e-02 2.447663247585296631e-02 1.517953258007764816e-02 1.584891974925994873e-02 1.279305294156074524e-02 1.930199936032295227e-02 2.674887888133525848e-03 3.022079169750213623e-02 7.904559373855590820e-03 4.109271988272666931e-02 1.267842948436737061e-02 1.877193897962570190e-02 2.287828549742698669e-02 2.054657600820064545e-02 3.399686655029654503e-03 1.109060458838939667e-02 1.389965321868658066e-02 3.845291212201118469e-04 1.041209325194358826e-02 7.900280877947807312e-03 6.121025420725345612e-03 8.932897821068763733e-03 2.646477334201335907e-02 1.548994705080986023e-02 1.968958787620067596e-02 4.301569238305091858e-02 3.527378290891647339e-02 2.113431505858898163e-02 4.117591306567192078e-03 2.378070354461669922e-02 1.256535388529300690e-02 1.520984619855880737e-02 3.062805533409118652e-02 1.415428984910249710e-02 1.087177824229001999e-02 1.275489758700132370e-02 3.489176975563168526e-03 1.117754448205232620e-02 3.622049838304519653e-02 2.606326714158058167e-02 1.068126317113637924e-02 3.143640607595443726e-02 2.473183162510395050e-02 2.724868431687355042e-02 3.751830384135246277e-02 3.203629981726408005e-03 4.655699245631694794e-03 1.300736237317323685e-02 2.249125018715858459e-02 1.273013465106487274e-02 1.131750643253326416e-02 1.399509236216545105e-02 6.019716965965926647e-04 2.735097892582416534e-02 1.247418485581874847e-02 7.048685802146792412e-04 2.055433392524719238e-02 2.887796051800251007e-02 2.359456941485404968e-02 1.757834106683731079e-02 1.123603899031877518e-02 5.963694304227828979e-03 3.773624775931239128e-03 2.042617276310920715e-02 2.563724480569362640e-02 1.210280787199735641e-02 2.660848665982484818e-03 1.242875400930643082e-02 1.889242045581340790e-02 3.939829021692276001e-02 2.312159352004528046e-02 3.622244298458099365e-02 2.744823135435581207e-02 1.456689834594726562e-02 2.102482318878173828e-02 2.216029912233352661e-02 2.143379300832748413e-02 2.179273962974548340e-02 8.951374329626560211e-03 2.470605261623859406e-02 2.023335732519626617e-02 2.101325429975986481e-02 2.713542804121971130e-02 1.857793517410755157e-02 2.026651799678802490e-02 8.916411548852920532e-03 9.759214706718921661e-03 2.590089291334152222e-02 1.173421926796436310e-02 2.068671025335788727e-02 1.164784282445907593e-02 1.326211262494325638e-03 2.151804603636264801e-02 2.049693465232849121e-02 1.010598521679639816e-02
8.871218189597129822e-03 1.178291346877813339e-02 8.330945968627929688e-01 3.799342375714331865e-04 1.071738172322511673e-02 1.768530905246734619e-02 6.813977845013141632e-03 6.416220963001251221e-02 1.456266362220048904e-02 2.286651544272899628e-02 3.956729546189308167e-03 9.258650243282318115e-03 5.406889598816633224e-03 1.848419383168220520e-02 3.791720047593116760e-02 1.421570684760808945e-02 8.966145105659961700e-03 2.717765234410762787e-02 8.892102167010307312e-03 5.942033138126134872e-03 1.051963027566671371e-02 1.635133847594261169e-02 8.960461709648370743e-04 8.416696451604366302e-03 1.288256794214248657e-02 2.617665566504001617e-02 5.149786360561847687e-03 1.096893101930618286e-02 1.867836108431220055e-03 2.572660520672798157e-02 1.831462234258651733e-02 4.179878160357475281e-04 1.972289755940437317e-03 9.234421886503696442e-03 2.126922458410263062e-02 7.256064563989639282e-03 2.023133262991905212e-02 5.505842715501785278e-02 1.679538004100322723e-02 1.767468638718128204e-03 2.238110639154911041e-02 2.529194951057434082e-02 8.390245959162712097e-03 6.649978924542665482e-03 1.698406599462032318e-02 1.544950157403945923e-02 8.460820652544498444e-03 1.491061039268970490e-02 2.629126235842704773e-02 2.400857582688331604e-02 1.649039238691329956e-02 3.944758791476488113e-03 1.928869169205427170e-04 1.058143656700849533e-02 1.144694909453392029e-02 2.273681573569774628e-02 6.880490574985742569e-03 3.153744339942932129e-02 8.439792320132255554e-03 3.835508599877357483e-03 1.068695355206727982e-02 3.542435122653841972e-03 4.398974590003490448e-03 1.492662820965051651e-02 1.090763136744499207e-02 6.524968426674604416e-03 9.477714076638221741e-03 6.714568473398685455e-03 7.516309618949890137e-03 5.873775226064026356e-04 1.086029969155788422e-02 2.709264121949672699e-02 1.835990347899496555e-03 1.974011771380901337e-03 9.028433822095394135e-03 1.266533322632312775e-02 3.929802682250738144e-03 1.226347591727972031e-02 1.068689301609992981e-02 3.810329362750053406e-02 3.299298137426376343e-02 1.900966651737689972e-02 6.834728643298149109e-03 2.976896986365318298e-02 8.599030785262584686e-03 2.974693104624748230e-02 1.123996730893850327e-02 6.177101284265518188e-03 6.987277884036302567e-03 8.401143364608287811e-03 2.968576969578862190e-03 1.533492747694253922e-02 6.023497786372900009e-03 1.928446628153324127e-02 2.052908763289451599e-02 7.413838058710098267e-03 2.385431155562400818e-02 1.378408260643482208e-02 1.115667447447776794e-02 2.665052562952041626e-02 2.014203928411006927e-02 1.798725128173828125e-02 2.394361980259418488e-02 1.250828430056571960e-02 6.408667657524347305e-03 1.235900167375802994e-02 9.821589337661862373e-04 7.328263949602842331e-03 2.596105635166168213e-02 3.731862409040331841e-03 8.548528887331485748e-03 1.033704448491334915e-02 3.890478285029530525e-03 1.474256813526153564e-02 4.813950508832931519e-03 2.339118719100952148e-02
2.982814051210880280e-02 1.969093456864356995e-02 3.799342375714331865e-04 8.330945968627929688e-01 5.650649964809417725e-02 2.541027963161468506e-02 3.377562016248703003e-02 1.031221449375152588e-02 7.401939947158098221e-03 1.702886074781417847e-02 2.907559834420681000e-02 2.977618714794516563e-03 1.308873202651739120e-02 2.610320807434618473e-04 3.776335855945944786e-03 2.441818825900554657e-02 2.561260946094989777e-02 3.684121742844581604e-02 1.440413855016231537e-02 1.263171620666980743e-02 2.995195100083947182e-03 4.040350671857595444e-03 2.151355519890785217e-02 4.519283305853605270e-03 6.595877464860677719e-03 6.299520377069711685e-03 5.829538684338331223e-03 1.858189236372709274e-03 1.708504557609558105e-02 6.085382774472236633e-03 2.142097055912017822e-02 1.467065792530775070e-02 8.726924657821655273e-03 1.499999873340129852e-02 1.370050944387912750e-02 1.719372533261775970e-02 2.800986357033252716e-02 2.507086284458637238e-02 3.749638795852661133e-02 4.339362680912017822e-02 4.775452613830566406e-02 2.531991573050618172e-03 1.303145289421081543e-02 8.245685137808322906e-03 1.335124485194683075e-02 1.915866625495254993e-03 2.470830455422401428e-02 8.532795123755931854e-03 4.369669186417013407e-04 1.828571967780590057e-02 1.411722158081829548e-03 3.411774057894945145e-03 6.662192754447460175e-03 1.409163326025009155e-02 1.681196875870227814e-02 1.832436770200729370e-02 3.350154496729373932e-03 2.681150566786527634e-03 2.133847214281558990e-02 1.388455834239721298e-02 1.984371989965438843e-02 2.148350235074758530e-03 2.373783662915229797e-02 2.051098085939884186e-02 2.887087501585483551e-02 1.877779886126518250e-02 1.130007579922676086e-02 1.142451725900173187e-02 2.371411025524139404e-02 2.024786546826362610e-02 3.466271609067916870e-02 1.029535010457038879e-02 2.488202601671218872e-02 1.968869566917419434e-02 2.490771934390068054e-02 1.004908583126962185e-03 3.898568684235215187e-04 8.062686771154403687e-03 3.386943787336349487e-02 1.118047256022691727e-02 3.303145524114370346e-03 1.700693927705287933e-02 4.740650206804275513e-02 1.826064847409725189e-02 4.820355679839849472e-03 4.277236294001340866e-03 2.743587363511323929e-03 1.517574302852153778e-02 2.650993643328547478e-03 7.987873628735542297e-03 1.444723550230264664e-02 1.425325591117143631e-02 2.798204682767391205e-02 4.285651259124279022e-03 8.894632570445537567e-03 1.861771685071289539e-03 2.130144461989402771e-02 6.548513658344745636e-03 5.882733385078608990e-04 6.422487553209066391e-03 9.303929284214973450e-03 7.686370052397251129e-03 1.551651116460561752e-02 2.434212015941739082e-03 1.156480982899665833e-03 3.963071852922439575e-03 1.086017489433288574e-02 8.648790419101715088e-03 6.049092393368482590e-03 3.922480344772338867e-02 2.702044323086738586e-02 2.697933651506900787e-02 1.021344307810068130e-02 9.753864258527755737e-03 5.530425347387790680e-03 2.173801325261592865e-02
2.833582088351249695e-02 2.904077619314193726e-02 1.071738172322511673e-02 5.650649964809417725e-02 8.330945968627929688e-01 2.479909919202327728e-02 3.867466375231742859e-02 6.109187845140695572e-03 3.452274575829505920e-02 1.620178669691085815e-02 2.870878390967845917e-02 2.151555381715297699e-03 1.833796687424182892e-02 8.999456767924129963e-04 5.739399930462241173e-04 1.024619117379188538e-02 2.077328041195869446e-02 3.283200412988662720e-02 3.468701615929603577e-02 1.763402298092842102e-02 1.729995594359934330e-03 1.922311075031757355e-02 2.345757931470870972e-02 9.887743741273880005e-03 6.236846558749675751e-03 1.096070511266589165e-03 1.263053715229034424e-02 2.101109176874160767e-02 2.954807691276073456e-02 3.536695847287774086e-03 2.960055693984031677e-02 1.243855222128331661e-03 1.554041914641857147e-02 1.300072856247425079e-02 4.998613614588975906e-03 1.326356548815965652e-02 1.887068524956703186e-02 1.347313728183507919e-02 3.114870190620422363e-02 2.833039872348308563e-02 2.863932214677333832e-02 1.253610849380493164e-02 1.365397498011589050e-02 1.263268291950225830e-02 7.969473954290151596e-04 7.353397551923990250e-03 3.139308840036392212e-02 2.277782000601291656e-02 1.784489490091800690e-02 2.810721285641193390e-02 1.261339150369167328e-02 1.139646209776401520e-02 8.441181853413581848e-03 1.860735006630420685e-02 2.277846913784742355e-03 1.729557849466800690e-02 6.076609715819358826e-04 6.276018451899290085e-03 1.442342763766646385e-03 2.521823905408382416e-02 1.479771453887224197e-02 3.214172902517020702e-04 1.933465898036956787e-02 3.188556432723999023e-02 2.270531840622425079e-02 2.729585580527782440e-02 1.876053400337696075e-03 2.076528966426849365e-03 3.474411787465214729e-04 3.395349159836769104e-02 6.685151252895593643e-03 5.857905838638544083e-03 1.438456936739385128e-03 1.100504025816917419e-02 2.578768692910671234e-02 2.425488783046603203e-03 2.010225690901279449e-02 5.027224309742450714e-03 3.237422928214073181e-02 3.246471984311938286e-03 1.604864932596683502e-02 1.495758257806301117e-02 2.483198605477809906e-02 4.419054836034774780e-02 5.464702844619750977e-03 1.367227057926356792e-03 4.949708934873342514e-03 1.967059075832366943e-02 8.727617561817169189e-03 7.363532204180955887e-03 1.964890770614147186e-02 2.994470298290252686e-02 2.829196676611900330e-02 7.542729843407869339e-03 1.829583942890167236e-02 3.986465744674205780e-03 2.225281437858939171e-03 9.308881126344203949e-03 2.781079383566975594e-03 3.318628994747996330e-03 4.962871782481670380e-03 1.174852834083139896e-03 1.059762947261333466e-02 8.494626730680465698e-03 1.091531850397586823e-02 1.012015528976917267e-02 1.600627601146697998e-02 2.025034278631210327e-02 6.719437660649418831e-04 4.343846440315246582e-02 1.015907805413007736e-02 1.195972971618175507e-02 9.990395046770572662e-04 6.893258250784128904e-05 4.619377665221691132e-03 6.703949999064207077e-03
3.633416444063186646e-02 2.357885986566543579e-02 1.768530905246734619e-02 2.541027963161468506e-02 2.479909919202327728e-02 8.330945968627929688e-01 4.437996074557304382e-02 1.272403355687856674e-02 1.034059282392263412e-02 1.030678488314151764e-02 2.657165937125682831e-02 7.009885739535093307e-03 2.938715182244777679e-02 6.379919126629829407e-03 8.979440666735172272e-03 3.448162227869033813e-02 3.376242518424987793e-02 2.180951833724975586e-02 4.957724362611770630e-03 7.260693237185478210e-03 4.822734044864773750e-04 1.854803296737372875e-03 1.164370775222778320e-02 4.778228700160980225e-03 1.283977646380662918e-02 6.528343074023723602e-03 2.602784428745508194e-03 2.030378207564353943e-03 1.752304285764694214e-02 1.229971647262573242e-02 1.089552696794271469e-02 6.341629195958375931e-04 4.232018720358610153e-03 8.008618839085102081e-03 2.516793459653854370e-02 4.114146810024976730e-03 1.431005727499723434e-02 2.913098782300949097e-02 8.726343512535095215e-03 1.583326421678066254e-02 8.111811242997646332e-03 1.781939790816977620e-04 7.445623166859149933e-03 1.449380349367856979e-02 2.018596231937408447e-02 1.313569955527782440e-02 3.672346845269203186e-02 2.192038856446743011e-02 3.209181874990463257e-02 3.090038662776350975e-03 2.243821881711483002e-02 1.919632661156356335e-03 2.103080973029136658e-02 6.626714952290058136e-03 1.090841833502054214e-02 5.146262701600790024e-03 2.960748784244060516e-02 2.071096748113632202e-02 2.740255557000637054e-02 9.445497766137123108e-03 2.421531267464160919e-02 2.269628643989562988e-02 1.955023221671581268e-02 1.430310215801000595e-02 4.001286253333091736e-02 3.072587586939334869e-02 2.652716822922229767e-03 1.106898067519068718e-03 4.075405746698379517e-02 1.976308040320873260e-02 3.533677384257316589e-02 1.030716858804225922e-02 2.641131170094013214e-02 1.506718061864376068e-02 3.022134862840175629e-02 3.047672100365161896e-02 2.465580962598323822e-02 1.378541160374879837e-02 3.552374243736267090e-02 8.049075491726398468e-03 6.384630687534809113e-03 2.613291842862963676e-03 2.813895419239997864e-02 8.182310499250888824e-03 9.428421966731548309e-03 7.911482825875282288e-03 2.650659717619419098e-02 6.740331649780273438e-03 3.059298172593116760e-02 3.991428762674331665e-03 2.441840060055255890e-02 1.486752927303314209e-02 2.202593721449375153e-02 1.125376485288143158e-02 3.312116861343383789e-02 3.484098613262176514e-02 6.710603833198547363e-03 2.583822049200534821e-02 1.614658161997795105e-02 1.347389817237854004e-02 9.952655993402004242e-03 1.825043000280857086e-02 4.687981680035591125e-03 5.091119091957807541e-04 4.951336886733770370e-03 3.282380523160099983e-03 7.275341195054352283e-04 1.958223618566989899e-02 1.146518625319004059e-02 2.978296950459480286e-02 6.354160141199827194e-03 1.461005490273237228e-02 9.172531776130199432e-03 6.523582618683576584e-03 4.510453902184963226e-03 9.624449536204338074e-03
3.950822725892066956e-02 3.768306598067283630e-02 6.813977845013141632e-03 3.377562016248703003e-02 3.867466375231742859e-02 4.437996074557304382e-02 8.330945968627929688e-01 2.851605648174881935e-03 5.582885816693305969e-03 4.253730177879333496e-03 3.566398844122886658e-02 1.125830691307783127e-02 3.564390167593955994e-02 6.259546615183353424e-03 1.997643709182739258e-02 2.555814199149608612e-02 2.752243541181087494e-02 1.710751838982105255e-02 3.065316239371895790e-03 2.192247286438941956e-02 1.372429076582193375e-02 1.440713368356227875e-02 1.179259736090898514e-02 2.805183175951242447e-03 2.317989431321620941e-02 2.908405475318431854e-02 1.415796019136905670e-02 1.041006296873092651e-02 2.843482047319412231e-02 3.504057181999087334e-03 2.123692445456981659e-02 1.916328817605972290e-02 2.327927201986312866e-02 2.570714056491851807e-02 2.482348494231700897e-02 1.253599673509597778e-02 1.230749953538179398e-02 7.381812669336795807e-03 1.826642081141471863e-02 2.353382110595703125e-02 1.296863332390785217e-02 1.222618948668241501e-02 2.345275878906250000e-02 6.036962382495403290e-03 1.227097865194082260e-02 3.404533024877309799e-03 3.657219558954238892e-02 3.916006907820701599e-02 2.250818349421024323e-02 2.008784934878349304e-02 2.454586885869503021e-02 1.691073551774024963e-02 2.277380414307117462e-02 2.809374220669269562e-02 3.498048055917024612e-03 1.386382337659597397e-02 1.649692282080650330e-02 2.326688729226589203e-02 2.145177684724330902e-02 3.164697438478469849e-02 2.144738845527172089e-02 1.997778378427028656e-02 2.954697981476783752e-02 2.398247271776199341e-02 3.462829813361167908e-02 3.710348904132843018e-02 1.745785772800445557e-02 1.801555231213569641e-02 1.799917407333850861e-02 2.335972152650356293e-02 2.461511455476284027e-02 6.110333371907472610e-03 1.115347910672426224e-02 4.836647305637598038e-03 2.840260043740272522e-02 1.179265696555376053e-02 6.141302175819873810e-03 4.961249418556690216e-03 3.214151784777641296e-02 1.659968867897987366e-02 3.679708810523152351e-03 2.171252155676484108e-03 2.371816523373126984e-02 1.576131954789161682e-02 2.273203106597065926e-03 2.523309085518121719e-03 2.543381787836551666e-02 1.155217085033655167e-02 7.655313238501548767e-03 1.019285526126623154e-02 2.456726878881454468e-02 2.877723798155784607e-02 2.922525443136692047e-02 2.566647715866565704e-02 1.738503016531467438e-02 2.247224375605583191e-02 1.647880300879478455e-02 1.678129099309444427e-02 2.753525599837303162e-02 1.813371665775775909e-02 2.812617644667625427e-02 2.239887602627277374e-02 7.412580307573080063e-03 1.678201556205749512e-02 2.406693249940872192e-02 1.878125406801700592e-02 8.468393236398696899e-03 1.198372337967157364e-02 5.336150061339139938e-03 2.576833032071590424e-02 5.151646211743354797e-03 6.898488849401473999e-03 8.470239117741584778e-03 2.163297031074762344e-03 8.374598808586597443e-03 7.121014641597867012e-04
4.046893212944269180e-03 1.058876630850136280e-03 6.416220963001251221e-02 1.031221449375152588e-02 6.109187845140695572e-03 1.272403355687856674e-02 2.851605648174881935e-03 8.330945968627929688e-01 2.181332185864448547e-02 4.698636382818222046e-02 4.282155074179172516e-03 5.106216296553611755e-03 1.529571833088994026e-03 1.034421194344758987e-02 3.771127760410308838e-02 6.612611468881368637e-03 3.633350599557161331e-03 7.972735911607742310e-03 6.751622073352336884e-03 1.010454818606376648e-02 8.639388717710971832e-03 4.199758544564247131e-02 4.747335799038410187e-03 1.532164774835109711e-02 2.385237812995910645e-02 1.838457770645618439e-02 1.643207110464572906e-02 4.562751855701208115e-03 1.530683878809213638e-02 2.446202374994754791e-02 8.221208117902278900e-03 2.132491767406463623e-02 1.073632948100566864e-02 9.445025585591793060e-03 2.446134458296000957e-04 3.131349757313728333e-02 2.074883505702018738e-02 3.217654302716255188e-02 1.307747233659029007e-02 1.134044397622346878e-02 2.687380462884902954e-02 3.590638563036918640e-02 2.840761328116059303e-03 9.538070298731327057e-03 1.709672622382640839e-02 1.905220933258533478e-02 7.383831311017274857e-03 5.792588926851749420e-03 3.864613547921180725e-02 3.105048835277557373e-02 1.261747209355235100e-03 2.465315861627459526e-03 2.573283202946186066e-02 7.580882869660854340e-03 1.511968392878770828e-02 3.041242249310016632e-02 1.183316111564636230e-02 1.634917967021465302e-02 2.038729871856048703e-05 1.123658381402492523e-02 1.926151919178664684e-03 2.259661443531513214e-02 7.152245379984378815e-03 1.817053183913230896e-02 5.707605276256799698e-03 9.191441349685192108e-03 7.365008816123008728e-03 1.952711865305900574e-02 1.133937016129493713e-02 5.443832837045192719e-03 1.852907054126262665e-02 2.079121954739093781e-02 1.868952997028827667e-02 1.530015934258699417e-02 1.526677631773054600e-03 6.856782827526330948e-03 8.327143266797065735e-03 2.154298871755599976e-02 1.006593275815248489e-02 2.506690472364425659e-02 5.093410983681678772e-02 4.799940809607505798e-02 1.522578671574592590e-02 5.459367297589778900e-03 1.783178001642227173e-02 1.073897874448448420e-04 2.412616647779941559e-02 4.460754245519638062e-02 2.218629606068134308e-02 3.160462900996208191e-02 7.287833373993635178e-03 1.719448156654834747e-02 1.515758968889713287e-02 2.362470887601375580e-02 1.859029196202754974e-02 1.278661284595727921e-02 5.566004663705825806e-03 1.134247705340385437e-02 5.630747415125370026e-03 1.714018144411966205e-04 5.915851797908544540e-03 1.274661440402269363e-02 6.181477103382349014e-03 1.140514295548200607e-02 2.397683635354042053e-02 1.358161214739084244e-02 5.736078601330518723e-03 1.122188568115234375e-02 1.828101463615894318e-03 7.857584394514560699e-03 1.297957915812730789e-02 1.892459765076637268e-02 5.355646368116140366e-03 2.552286488935351372e-03 9.103179909288883209e-03 1.949392259120941162e-02
7.632412598468363285e-04 1.317133428528904915e-03 1.456266362220048904e-02 7.401939947158098221e-03 3.452274575829505920e-02 1.034059282392263412e-02 5.582885816693305969e-03 2.181332185864448547e-02 8.330945968627929688e-01 9.501014836132526398e-03 2.188681391999125481e-03 1.429140334948897362e-03 8.914996869862079620e-03 1.901940628886222839e-02 6.680685561150312424e-03 1.937287300825119019e-02 1.012579631060361862e-02 6.128813605755567551e-03 1.635167375206947327e-02 2.091700583696365356e-02 5.433666985481977463e-03 1.673418842256069183e-02 3.599572228267788887e-03 6.476604845374822617e-03 9.051770903170108795e-03 8.216915652155876160e-03 1.868363702669739723e-03 2.471364103257656097e-02 9.215816855430603027e-03 1.168291736394166946e-02 4.197010130155831575e-04 1.655729836784303188e-03 8.795588277280330658e-03 8.319620043039321899e-03 1.896311342716217041e-02 1.059523317962884903e-02 1.480964105576276779e-02 9.272613562643527985e-03 3.512992709875106812e-02 2.377670444548130035e-02 1.274876948446035385e-02 4.303489997982978821e-02 9.092786349356174469e-03 2.116349525749683380e-02 2.285307971760630608e-03 1.420868746936321259e-02 7.102679926902055740e-03 2.076880773529410362e-03 2.867045812308788300e-02 1.060901582241058350e-02 3.819324076175689697e-03 2.491257525980472565e-02 1.998741179704666138e-03 2.378345699980854988e-03 3.372785449028015137e-02 1.269196160137653351e-02 4.362105950713157654e-02 2.060422673821449280e-02 1.411115936934947968e-02 5.986770149320363998e-03 2.253310196101665497e-02 2.079873904585838318e-02 1.851254515349864960e-02 9.473486803472042084e-03 1.849018596112728119e-02 4.636179655790328979e-03 2.127902396023273468e-02 3.023004531860351562e-02 3.967398032546043396e-02 1.043449249118566513e-02 2.100736647844314575e-02 2.456630207598209381e-02 3.473939374089241028e-02 1.809644326567649841e-02 1.041423156857490540e-02 2.242110110819339752e-02 5.364742502570152283e-02 1.539954822510480881e-02 7.908046827651560307e-04 5.356969777494668961e-03 1.903203688561916351e-02 2.005654945969581604e-02 5.030293948948383331e-03 2.658162079751491547e-02 1.725299283862113953e-02 1.747338846325874329e-02 1.271707471460103989e-02 3.403526730835437775e-03 4.619694501161575317e-02 7.860269397497177124e-03 2.006641589105129242e-02 3.864887636154890060e-03 3.083527088165283203e-03 1.038898155093193054e-02 3.430283442139625549e-02 2.561214752495288849e-02 2.984894206747412682e-03 1.349806785583496094e-02 1.223273202776908875e-02 8.608610369265079498e-03 9.360642172396183014e-03 1.980096567422151566e-03 3.224605321884155273e-02 1.619868166744709015e-02 1.444032415747642517e-02 9.745683521032333374e-03 2.992916619405150414e-03 2.283916063606739044e-02 2.240879274904727936e-02 1.116572692990303040e-02 7.172912359237670898e-03 2.042976953089237213e-02 1.192527916282415390e-02 2.315763756632804871e-02 1.757230795919895172e-02 3.246443113312125206e-03
6.592889782041311264e-03 9.919902309775352478e-03 2.286651544272899628e-02 1.702886074781417847e-02 1.620178669691085815e-02 1.030678488314151764e-02 4.253730177879333496e-03 4.698636382818222046e-02 9.501014836132526398e-03 8.330945968627929688e-01 4.636456724256277084e-03 9.514050558209419250e-03 7.261856924742460251e-03 2.432798221707344055e-02 2.025123313069343567e-02 8.520019473508000374e-04 1.507850270718336105e-02 1.960602961480617523e-02 1.883478648960590363e-02 1.136302854865789413e-02 6.660909391939640045e-03 3.151871636509895325e-02 9.182543493807315826e-03 3.481384739279747009e-02 1.798529992811381817e-03 4.676188807934522629e-03 1.238264422863721848e-02 1.141114719212055206e-02 5.604495891020633280e-05 2.516615204513072968e-02 1.947143697179853916e-03 1.132751349359750748e-02 2.933877403847873211e-04 1.353807048872113228e-03 4.147383384406566620e-03 5.898850038647651672e-03 7.829851470887660980e-03 3.650323301553726196e-02 1.622060686349868774e-02 2.084118872880935669e-02 4.209544882178306580e-02 1.822778396308422089e-02 1.266816072165966034e-02 6.692976225167512894e-03 6.348207592964172363e-03 3.867124393582344055e-02 6.968732923269271851e-03 4.184015095233917236e-03 2.305961027741432190e-02 5.326693877577781677e-02 8.291036821901798248e-03 2.311760000884532928e-02 3.151016682386398315e-02 1.171419117599725723e-02 1.973523013293743134e-02 4.434373974800109863e-02 2.308145165443420410e-02 8.980195969343185425e-03 1.636330410838127136e-02 1.223486289381980896e-02 1.675334409810602665e-03 2.778079546988010406e-02 3.155685495585203171e-03 4.181019216775894165e-02 6.152755580842494965e-03 5.614914465695619583e-03 1.342031173408031464e-02 9.249390102922916412e-03 5.629062652587890625e-03 1.207716669887304306e-02 3.189561516046524048e-02 1.389470789581537247e-02 1.895090006291866302e-02 3.339843451976776123e-02 1.537632942199707031e-02 9.250069968402385712e-03 2.746225567534565926e-03 5.342849344015121460e-02 1.091703027486801147e-02 4.686490446329116821e-02 3.104164637625217438e-02 4.885921999812126160e-02 3.279094398021697998e-02 1.652114652097225189e-02 6.484327837824821472e-03 9.483581408858299255e-03 1.398721057921648026e-02 4.030585661530494690e-02 2.065588161349296570e-02 4.774451255798339844e-02 1.058366335928440094e-02 2.571984194219112396e-03 5.705524701625108719e-03 2.588211558759212494e-02 1.087499875575304031e-02 8.371737785637378693e-03 1.642512390390038490e-03 2.967465436086058617e-03 1.216940488666296005e-02 4.723264370113611221e-03 6.764941848814487457e-03 5.183145869523286819e-03 1.603022776544094086e-02 1.865760073997080326e-03 1.175086945295333862e-02 1.417256798595190048e-02 4.043702036142349243e-03 1.048611942678689957e-02 6.707166787236928940e-03 1.648792438209056854e-02 2.417150512337684631e-02 1.197757199406623840e-02 1.970033859834074974e-03 2.325733378529548645e-02 2.250096760690212250e-02 1.939043030142784119e-02
4.458636417984962463e-02 4.463695362210273743e-02 3.956729546189308167e-03 2.907559834420681000e-02 2.870878390967845917e-02 2.657165937125682831e-02 3.566398844122886658e-02 4.282155074179172516e-03 2.188681391999125481e-03 4.636456724256277084e-03 8.330945968627929688e-01 1.888429373502731323e-02 4.703162238001823425e-02 2.393599227070808411e-02 2.900523133575916290e-02 1.543299853801727295e-02 1.866992749273777008e-02 2.272736653685569763e-02 3.098514629527926445e-03 4.792718216776847839e-03 4.869202617555856705e-03 1.867945678532123566e-02 2.594456635415554047e-02 1.835957542061805725e-02 1.263733673840761185e-02 1.105209253728389740e-02 1.993286795914173126e-02 1.113962940871715546e-02 3.316998854279518127e-02 3.986208233982324600e-03 4.175224900245666504e-02 1.267391839064657688e-03 1.196965388953685760e-02 2.196587249636650085e-02 1.004558708518743515e-02 1.152503117918968201e-02 1.440316159278154373e-02 8.716481388546526432e-04 2.810629084706306458e-03 1.028044731356203556e-03 7.004535291343927383e-03 7.962116505950689316e-04 1.507437904365360737e-03 2.619304135441780090e-02 1.361120212823152542e-02 9.066616185009479523e-03 4.557685181498527527e-02 4.292007535696029663e-02 1.808925159275531769e-02 9.732622653245925903e-03 1.953506283462047577e-02 1.044339500367641449e-02 8.139017969369888306e-03 1.369615923613309860e-02 2.718919888138771057e-02 4.560363013297319412e-03 2.518870122730731964e-02 8.146225474774837494e-03 1.410789228975772858e-02 2.754537947475910187e-02 2.782835997641086578e-02 1.362651959061622620e-02 2.244588546454906464e-02 4.107613116502761841e-02 4.060249775648117065e-02 4.721362516283988953e-02 9.283500839956104755e-04 3.734570695087313652e-03 1.198530104011297226e-02 3.066882677376270294e-02 1.236086804419755936e-02 1.857098937034606934e-02 2.392546460032463074e-02 5.945825483649969101e-03 2.504842169582843781e-02 1.497417408972978592e-02 4.318738356232643127e-03 1.213922537863254547e-02 3.268198296427726746e-02 1.531641464680433273e-02 1.323899626731872559e-02 8.964132517576217651e-03 1.227374374866485596e-02 9.568334557116031647e-03 2.018042095005512238e-02 2.245679311454296112e-02 2.680004201829433441e-02 1.476583071053028107e-03 1.290266681462526321e-02 1.778082735836505890e-02 3.599838167428970337e-02 3.018108941614627838e-02 4.589069262146949768e-02 3.404994681477546692e-02 1.623730547726154327e-02 2.337762154638767242e-02 2.303594257682561874e-03 3.114029206335544586e-02 2.232240326702594757e-02 1.229529734700918198e-02 1.327557209879159927e-02 6.238442845642566681e-03 1.225736457854509354e-03 2.545747719705104828e-02 1.988452277146279812e-04 2.176831243559718132e-03 2.341495594009757042e-03 3.853935748338699341e-03 2.452631294727325439e-02 2.272683754563331604e-02 2.232879772782325745e-02 1.331208832561969757e-02 8.978936821222305298e-03 1.570863276720046997e-02 1.005429308861494064e-02 9.237520396709442139e-03
1.814252883195877075e-02 2.432825230062007904e-02 9.258650243282318115e-03 2.977618714794516563e-03 2.151555381715297699e-03 7.009885739535093307e-03 1.125830691307783127e-02 5.106216296553611755e-03 1.429140334948897362e-03 9.514050558209419250e-03 1.888429373502731323e-02 8.330945968627929688e-01 1.749686710536479950e-02 6.308952718973159790e-02 2.649558335542678833e-02 1.180627197027206421e-02 6.776486989110708237e-03 9.678110480308532715e-03 2.823068387806415558e-02 1.521416008472442627e-03 1.167377270758152008e-02 3.361633571330457926e-04 3.514656424522399902e-02 3.509617596864700317e-02 4.288641270250082016e-03 7.202127948403358459e-03 1.863832958042621613e-02 2.490892447531223297e-02 1.594822481274604797e-02 5.111900717020034790e-02 1.331514399498701096e-02 3.702743211761116982e-03 2.536750398576259613e-02 1.225115358829498291e-02 1.276679337024688721e-02 1.207938697189092636e-02 1.380024757236242294e-02 3.267106367275118828e-03 4.078827425837516785e-02 2.729571796953678131e-02 1.026702020317316055e-02 3.033083118498325348e-02 2.915896289050579071e-02 1.313486415892839432e-02 3.852228075265884399e-02 3.434309363365173340e-02 2.343018166720867157e-02 1.714379154145717621e-02 1.070722471922636032e-02 3.676995635032653809e-03 9.854892268776893616e-03 3.671162575483322144e-02 6.247438024729490280e-03 1.585832796990871429e-02 2.067248336970806122e-02 6.163865793496370316e-03 2.150021260604262352e-03 1.035757642239332199e-02 1.264034770429134369e-02 3.252834430895745754e-04 3.948294371366500854e-02 7.277023978531360626e-03 2.062018215656280518e-02 9.625712409615516663e-03 1.658890023827552795e-02 1.539454702287912369e-02 5.544577725231647491e-03 2.045849338173866272e-03 7.691892329603433609e-03 8.265237323939800262e-03 3.998318687081336975e-03 5.927653517574071884e-03 1.074588298797607422e-02 1.460565906018018723e-02 1.031958265230059624e-03 1.343938754871487617e-03 2.575977938249707222e-03 4.420777410268783569e-02 3.360944241285324097e-02 2.963572181761264801e-02 5.948272999376058578e-03 3.379336791113018990e-03 1.920940168201923370e-02 3.086600219830870628e-03 1.587084494531154633e-02 2.221290580928325653e-02 1.635564304888248444e-02 1.227869465947151184e-02 5.260039586573839188e-03 4.176095128059387207e-02 6.298519205302000046e-03 1.048568449914455414e-02 1.145300455391407013e-02 1.029848214238882065e-02 9.955256246030330658e-03 1.252869260497391224e-03 2.339840494096279144e-02 8.794553577899932861e-03 1.526498608291149139e-02 1.601855643093585968e-02 1.298632472753524780e-02 6.961849052459001541e-03 1.046440657228231430e-02 1.646013371646404266e-02 1.941340230405330658e-02 1.114573981612920761e-02 1.385904382914304733e-02 2.143078297376632690e-02 4.559146240353584290e-03 1.858590357005596161e-02 9.510905481874942780e-03 1.199981546960771084e-03 6.243064417503774166e-04 2.487557008862495422e-02 2.270602248609066010e-02 9.043006226420402527e-03
3.861466795206069946e-02 4.165051877498626709e-02 5.406889598816633224e-03 1.308873202651739120e-02 1.833796687424182892e-02 2.938715182244777679e-02 3.564390167593955994e-02 1.529571833088994026e-03 8.914996869862079620e-03 7.261856924742460251e-03 4.703162238001823425e-02 1.749686710536479950e-02 8.330945968627929688e-01 2.549778670072555542e-02 3.044198825955390930e-02 1.120844949036836624e-02 1.993856020271778107e-02 1.031483337283134460e-02 8.094953373074531555e-03 2.512246428523212671e-04 1.428091060370206833e-02 2.710912004113197327e-02 1.816345192492008209e-02 1.378900744020938873e-02 1.794938184320926666e-02 2.381577901542186737e-02 3.325292840600013733e-02 1.091138180345296860e-02 3.688827529549598694e-02 5.739147774875164032e-03 4.047279804944992065e-02 1.188471727073192596e-02 2.675934694707393646e-03 2.372218668460845947e-02 1.590079255402088165e-02 5.813271272927522659e-03 2.401628158986568451e-02 1.549428142607212067e-02 1.068212743848562241e-02 4.774363245815038681e-03 1.680222339928150177e-02 6.219431292265653610e-03 1.149327587336301804e-02 3.210567310452461243e-02 1.194806676357984543e-02 1.638763584196567535e-02 4.372093454003334045e-02 3.945240750908851624e-02 1.408986188471317291e-02 1.314149587415158749e-03 1.912262104451656342e-02 9.395473636686801910e-03 1.617403887212276459e-02 1.695832610130310059e-02 2.070419862866401672e-02 1.721064746379852295e-02 2.406959421932697296e-02 1.905545033514499664e-02 1.888508908450603485e-02 2.678548544645309448e-02 2.846975065767765045e-02 5.569191649556159973e-03 1.885332167148590088e-02 2.408582717180252075e-02 3.930047899484634399e-02 4.396081343293190002e-02 8.297033607959747314e-03 1.070736069232225418e-02 8.623052388429641724e-03 3.025156818330287933e-02 4.529400728642940521e-03 2.407075650990009308e-02 1.533122546970844269e-02 1.270965579897165298e-02 2.133029140532016754e-02 2.122482471168041229e-02 1.185344811528921127e-02 1.187113579362630844e-02 2.861809544265270233e-02 2.456736378371715546e-02 1.242923084646463394e-02 4.076081793755292892e-03 7.600901648402214050e-03 4.585985094308853149e-03 2.166386134922504425e-02 2.161777392029762268e-02 2.784551307559013367e-02 1.594519428908824921e-02 1.891025714576244354e-02 1.549533847719430923e-02 3.769601508975028992e-02 3.398219123482704163e-02 3.989092633128166199e-02 3.969777375459671021e-02 1.614953204989433289e-02 2.539529651403427124e-02 6.345672067254781723e-03 2.573881484568119049e-02 2.897651679813861847e-02 1.654238440096378326e-02 1.833231747150421143e-02 1.974136196076869965e-02 6.701007019728422165e-03 2.398940734565258026e-02 3.473216784186661243e-04 6.288948468863964081e-03 6.728043779730796814e-03 8.968546986579895020e-03 3.254788368940353394e-02 2.145033143460750580e-02 2.289643511176109314e-02 2.621668949723243713e-02 4.707943298853933811e-04 1.352025475353002548e-02 1.100808102637529373e-02 1.133461389690637589e-02
