8.325722217559814453e-01 8.764287829399108887e-02 7.832268252968788147e-03 1.337266992777585983e-02 1.351670362055301666e-02 5.098473280668258667e-02 3.234572708606719971e-02 1.675398834049701691e-02 1.883877255022525787e-02 2.871707268059253693e-02 5.744437873363494873e-02 1.471650972962379456e-02 4.528958350419998169e-02 1.075261970981955528e-03 2.391307055950164795e-02 5.870155058801174164e-03 1.998707465827465057e-02 1.522019691765308380e-02 1.776155270636081696e-02 1.379085984081029892e-02 2.325375936925411224e-02 1.548458263278007507e-02 2.990020206198096275e-03 9.361429139971733093e-03 1.196613186039030552e-03 7.910505868494510651e-03 3.286612778902053833e-02 9.402981959283351898e-03 1.283888146281242371e-02 7.091412320733070374e-03 2.252178452908992767e-02 3.718746826052665710e-03 5.662618204951286316e-03 1.785612292587757111e-02 2.345120883546769619e-04 3.857974335551261902e-02 2.394171059131622314e-02 2.519585937261581421e-02 7.730051409453153610e-03 1.618509879335761070e-03 1.384852454066276550e-02 7.569723296910524368e-03 1.107761636376380920e-02 1.079804450273513794e-02 3.377269720658659935e-03 3.171017626300454140e-03 3.271785005927085876e-02 4.278796259313821793e-03 4.993922542780637741e-03 1.160222850739955902e-02 2.844688948243856430e-03 2.109271939843893051e-03 2.805474400520324707e-02 2.689573541283607483e-02 2.837106399238109589e-02 1.137195713818073273e-02 9.623522870242595673e-03 8.657529018819332123e-03 1.918971538543701172e-02 1.362897362560033798e-02 2.146411314606666565e-02 1.065499894320964813e-02 6.293388549238443375e-03 1.878804899752140045e-02 2.025853469967842102e-02 2.211804501712322235e-02 5.581893958151340485e-03 4.888831637799739838e-03 1.569223823025822639e-03 6.797706708312034607e-03 2.649751119315624237e-02 2.805143408477306366e-02 2.569916658103466034e-03 2.237426117062568665e-02 1.157316565513610840e-02 2.023265510797500610e-02 8.213612250983715057e-03 3.878977149724960327e-02 3.274503629654645920e-03 1.219662651419639587e-02 1.172157749533653259e-02 1.586923003196716309e-02 1.975319491975824349e-06 2.966008335351943970e-02 3.547850064933300018e-03 2.365907095372676849e-02 2.702708169817924500e-02 1.819345355033874512e-02 8.723660372197628021e-03 5.298901814967393875e-04 2.190114371478557587e-02 2.105268649756908417e-02 1.989244716241955757e-03 1.927558705210685730e-02 2.334941737353801727e-02 3.240898624062538147e-02 3.374729072675108910e-03 1.249390468001365662e-02 1.090676244348287582e-02 1.293146517127752304e-02 1.239699497818946838e-02 7.101736497133970261e-03 2.436609752476215363e-02 7.800505962222814560e-03 2.654251642525196075e-02 1.442043483257293701e-02 1.020141039043664932e-02 1.450561545789241791e-02 1.089819427579641342e-02 1.115295104682445526e-02 2.003456279635429382e-02 3.988055686932057142e-04 5.570243112742900848e-03 3.913610242307186127e-03 7.898622192442417145e-03 2.877570688724517822e-03
8.764287829399108887e-02 8.325722217559814453e-01 5.267363041639328003e-03 7.923690602183341980e-03 1.517553348094224930e-02 5.310622602701187134e-02 4.036701098084449768e-02 1.200318988412618637e-02 1.305161789059638977e-02 2.236964553594589233e-02 5.645380541682243347e-02 1.436496898531913757e-02 5.143912881612777710e-02 5.188853479921817780e-03 2.055818215012550354e-02 6.319116335362195969e-03 1.623029261827468872e-02 1.497658155858516693e-02 2.267663367092609406e-02 1.401885692030191422e-02 2.227469906210899353e-02 1.530397497117519379e-02 5.530617665499448776e-03 9.762386791408061981e-03 4.285111092031002045e-03 3.025212790817022324e-03 3.461184725165367126e-02 2.290668664500117302e-03 1.501594111323356628e-02 8.460030891001224518e-03 2.018326520919799805e-02 5.018076393753290176e-03 3.829569555819034576e-03 1.577644236385822296e-02 6.257404456846415997e-04 3.870877251029014587e-02 2.221505902707576752e-02 2.663629315793514252e-02 1.679069595411419868e-03 7.144609000533819199e-03 1.172163523733615875e-02 1.438829675316810608e-02 1.551329344511032104e-02 1.497322507202625275e-02 6.765353609807789326e-04 8.242211304605007172e-03 3.976331278681755066e-02 3.805470652878284454e-03 9.842718020081520081e-03 4.062105901539325714e-03 1.048601814545691013e-03 1.855563838034868240e-03 2.866440266370773315e-02 2.591377496719360352e-02 2.732777968049049377e-02 1.738268882036209106e-02 7.415412925183773041e-03 2.820326481014490128e-03 1.591190695762634277e-02 1.075046882033348083e-02 1.594990491867065430e-02 9.738851338624954224e-03 3.290024353191256523e-03 9.662051685154438019e-03 1.720592193305492401e-02 2.535712160170078278e-02 7.457936182618141174e-03 6.157489493489265442e-03 2.949198009446263313e-03 9.199116379022598267e-03 2.396567352116107941e-02 2.666315063834190369e-02 1.600870047695934772e-03 2.937644906342029572e-02 1.205325312912464142e-02 2.178398333489894867e-02 5.964742042124271393e-03 3.464826196432113647e-02 7.364529184997081757e-03 9.499293752014636993e-03 8.772230707108974457e-03 1.093207579106092453e-02 4.655708093196153641e-03 3.021095320582389832e-02 1.703118439763784409e-03 1.606071367859840393e-02 2.303319051861763000e-02 1.851456239819526672e-02 5.774990189820528030e-03 6.172865396365523338e-04 2.766713313758373260e-02 1.890341751277446747e-02 5.583661608397960663e-03 1.952894590795040131e-02 2.224879711866378784e-02 2.807413414120674133e-02 7.226153276860713959e-03 1.301863230764865875e-02 9.476729668676853180e-03 9.575605392456054688e-03 1.417498383671045303e-02 1.141186896711587906e-02 2.504910714924335480e-02 8.026915602385997772e-03 2.741841226816177368e-02 1.551960501819849014e-02 9.430093690752983093e-03 1.146023347973823547e-02 1.395625527948141098e-02 7.756145205348730087e-03 2.361636795103549957e-02 6.604791153222322464e-03 9.332932531833648682e-03 2.135966205969452858e-03 6.766052450984716415e-03 6.090784445405006409e-04
7.832268252968788147e-03 5.267363041639328003e-03 8.325722217559814453e-01 2.919784560799598694e-02 3.701813146471977234e-02 2.848022803664207458e-02 1.980948634445667267e-02 4.457781836390495300e-02 7.399853784590959549e-03 4.343556705862283707e-03 7.674152497202157974e-03 7.631480228155851364e-03 3.370445920154452324e-03 1.600503223016858101e-03 2.037454023957252502e-02 1.597230089828372002e-03 1.142662484198808670e-02 1.393464021384716034e-02 3.286417946219444275e-02 1.211787946522235870e-02 1.414879783987998962e-02 3.022683411836624146e-02 1.766947447322309017e-03 1.282381080090999603e-02 1.262228284031152725e-02 1.113992184400558472e-02 2.479062601923942566e-02 2.117622271180152893e-02 5.810360424220561981e-03 2.206162549555301666e-02 7.883757352828979492e-03 6.490936968475580215e-03 6.040783133357763290e-03 1.157921832054853439e-02 2.037004014709964395e-05 2.243262017145752907e-03 8.345237933099269867e-03 1.941226981580257416e-02 2.521597035229206085e-02 3.635058552026748657e-02 7.266899920068681240e-04 1.815483346581459045e-02 1.635444909334182739e-02 8.602228946983814240e-03 4.847974982112646103e-03 9.439407847821712494e-03 1.239545084536075592e-02 2.282652631402015686e-02 4.567080177366733551e-03 5.638637579977512360e-03 9.839088656008243561e-03 1.019350346177816391e-02 1.861848123371601105e-02 1.787132932804524899e-03 1.980905188247561455e-03 6.912743556313216686e-04 7.378913927823305130e-03 1.158417295664548874e-02 4.336588457226753235e-02 3.294859081506729126e-02 8.920450927689671516e-04 3.644450381398200989e-02 2.521551400423049927e-02 3.389810770750045776e-02 2.627260051667690277e-02 1.711469329893589020e-02 1.818797551095485687e-02 2.489284612238407135e-02 1.122703962028026581e-02 2.363604865968227386e-02 9.042501449584960938e-03 1.814313419163227081e-02 1.025233324617147446e-02 8.715817704796791077e-03 1.721782609820365906e-02 1.000347547233104706e-02 3.019584342837333679e-02 4.510814615059643984e-04 1.759830862283706665e-03 1.879724301397800446e-02 5.173920840024948120e-02 3.783004358410835266e-02 1.110831834375858307e-02 2.299107424914836884e-02 5.973505321890115738e-03 4.284010734409093857e-03 3.649348765611648560e-02 2.712198905646800995e-02 1.894615218043327332e-02 1.001680828630924225e-02 3.180652391165494919e-03 2.479541487991809845e-02 4.352153278887271881e-03 2.956864424049854279e-02 2.280111052095890045e-02 2.707152441143989563e-02 2.274865843355655670e-02 3.476616367697715759e-02 1.740127988159656525e-02 2.473366260528564453e-02 7.207563030533492565e-04 9.650787338614463806e-03 2.843006514012813568e-03 1.078903768211603165e-02 1.114503247663378716e-03 9.994193678721785545e-04 1.332469843327999115e-02 2.523851394653320312e-02 1.457254588603973389e-02 1.767495833337306976e-02 2.463475102558732033e-03 6.686049513518810272e-03 1.845208741724491119e-02 1.900922507047653198e-02 1.103079505264759064e-02 3.285503387451171875e-02
1.337266992777585983e-02 7.923690602183341980e-03 2.919784560799598694e-02 8.325722217559814453e-01 5.103117600083351135e-02 4.029993433505296707e-03 1.080282148905098438e-03 2.407045848667621613e-02 1.124327164143323898e-02 3.312152251601219177e-02 1.222020294517278671e-02 2.794765494763851166e-02 6.181904580444097519e-03 1.266265986487269402e-03 6.226700730621814728e-03 1.579864136874675751e-02 1.012527756392955780e-02 1.981184445321559906e-02 2.991608111187815666e-03 3.620327915996313095e-03 3.238372970372438431e-03 1.833964698016643524e-02 1.563957333564758301e-02 5.094601772725582123e-03 4.783639218658208847e-03 7.527476176619529724e-03 7.724065799266099930e-03 3.277733922004699707e-02 1.468512788414955139e-02 1.926264166831970215e-02 1.239195931702852249e-02 4.602233879268169403e-03 3.058134391903877258e-02 1.136568188667297363e-02 2.075501158833503723e-02 6.911970674991607666e-03 2.556031802669167519e-03 5.420459900051355362e-03 5.490791425108909607e-02 3.877809271216392517e-02 1.030549220740795135e-02 2.792231505736708641e-03 5.226968321949243546e-03 1.904794014990329742e-02 1.270132511854171753e-02 4.078601952642202377e-03 1.775734312832355499e-02 1.870803069323301315e-03 1.104874536395072937e-02 1.644855923950672150e-02 4.209643695503473282e-03 5.432186182588338852e-03 2.843974158167839050e-03 2.434911951422691345e-02 1.598791219294071198e-02 2.220056718215346336e-03 4.411943629384040833e-02 2.315974794328212738e-02 3.517557308077812195e-02 3.338852897286415100e-02 3.019677102565765381e-02 3.343629464507102966e-02 3.452325612306594849e-02 2.397464029490947723e-02 2.123327925801277161e-02 2.468145079910755157e-02 6.216001231223344803e-03 5.281941033899784088e-03 1.627890206873416901e-02 1.145122945308685303e-02 8.491382002830505371e-03 2.952087903395295143e-03 3.946816548705101013e-02 2.579103223979473114e-02 3.845998272299766541e-02 1.208534743636846542e-02 2.277015300933271646e-05 1.858616992831230164e-02 8.986193686723709106e-03 2.261151559650897980e-02 1.953951828181743622e-02 2.226605452597141266e-02 3.956092149019241333e-02 4.868284333497285843e-03 4.369302187114953995e-03 9.047285653650760651e-03 1.719532720744609833e-02 1.857505552470684052e-02 1.262305025011301041e-02 1.645905897021293640e-02 1.865861378610134125e-02 1.093460991978645325e-02 4.411093425005674362e-03 2.011755853891372681e-02 2.508535608649253845e-02 2.223257534205913544e-02 2.127436688169836998e-03 2.118217945098876953e-02 1.257935911417007446e-02 1.352962106466293335e-02 9.469026699662208557e-03 2.900262596085667610e-03 1.729228533804416656e-02 1.446306332945823669e-02 1.968344859778881073e-02 1.358998287469148636e-02 1.536709070205688477e-02 3.823900222778320312e-02 2.475284039974212646e-03 1.904970593750476837e-02 2.813041210174560547e-03 4.948133602738380432e-03 4.637186415493488312e-03 1.870194217190146446e-03 3.223295882344245911e-02 2.940389513969421387e-02
1.351670362055301666e-02 1.517553348094224930e-02 3.701813146471977234e-02 5.103117600083351135e-02 8.325722217559814453e-01 1.412753667682409286e-02 2.059123013168573380e-03 2.547049522399902344e-02 8.213990367949008942e-03 1.289702020585536957e-03 5.711032077670097351e-03 1.137061137706041336e-02 5.398635752499103546e-03 2.729523461312055588e-03 9.666979312896728516e-03 3.327050246298313141e-03 8.848287165164947510e-03 1.433421205729246140e-02 2.607909217476844788e-02 8.104573003947734833e-03 1.012896839529275894e-02 1.883304305374622345e-02 9.930351516231894493e-04 3.535764291882514954e-03 1.172790490090847015e-02 2.019341289997100830e-02 1.460414659231901169e-02 6.983552128076553345e-03 2.133408188819885254e-02 3.866852261126041412e-03 2.539152279496192932e-02 6.006534211337566376e-03 2.210805006325244904e-02 9.230198338627815247e-03 2.325438708066940308e-02 6.002461072057485580e-03 1.126011647284030914e-02 1.514430064707994461e-02 3.521167114377021790e-02 5.814755335450172424e-02 1.044059521518647671e-03 2.011349424719810486e-02 9.960016468539834023e-04 7.395005784928798676e-03 1.684836484491825104e-02 9.934304282069206238e-03 1.337963854894042015e-03 5.962589057162404060e-04 4.829069599509239197e-03 1.130294869653880596e-03 5.465307272970676422e-03 2.287794835865497589e-03 5.855289287865161896e-03 1.008863560855388641e-02 1.471925433725118637e-02 3.983857110142707825e-03 1.652766019105911255e-02 2.591472677886486053e-02 2.327968366444110870e-02 2.402554266154766083e-02 1.360728684812784195e-02 3.780880570411682129e-02 1.729548349976539612e-02 3.210946545004844666e-02 2.072438411414623260e-02 2.645176649093627930e-02 3.917385824024677277e-03 1.296214293688535690e-03 4.625767003744840622e-03 8.615432307124137878e-03 5.210828501731157303e-03 5.598827192443422973e-05 1.637864671647548676e-02 1.227257214486598969e-02 3.882662579417228699e-02 9.305374696850776672e-03 2.239013090729713440e-02 3.458108403719961643e-04 1.436548586934804916e-02 8.426865097135305405e-04 1.410243008285760880e-02 1.158774923533201218e-02 8.594816550612449646e-03 2.619772031903266907e-02 1.556301722303032875e-03 7.509785238653421402e-03 1.038175262510776520e-02 1.276004128158092499e-02 1.317881327122449875e-02 2.474826760590076447e-03 1.244591828435659409e-02 1.649868674576282501e-02 8.121201768517494202e-03 2.255138754844665527e-02 2.858536317944526672e-02 2.171826735138893127e-02 1.315857656300067902e-02 3.011129237711429596e-02 1.252091303467750549e-02 1.238714158535003662e-02 2.288307249546051025e-02 1.561183203011751175e-02 7.666213903576135635e-03 2.237961394712328911e-03 6.969263311475515366e-03 2.484577009454369545e-03 4.524343088269233704e-02 1.296170800924301147e-02 2.262406423687934875e-02 1.746516115963459015e-02 1.201635040342807770e-02 5.274612456560134888e-03 4.028189927339553833e-03 1.057701278477907181e-02 3.145622462034225464e-02 1.741578988730907440e-02
5.098473280668258667e-02 5.310622602701187134e-02 2.848022803664207458e-02 4.029993433505296707e-03 1.412753667682409286e-02 8.325722217559814453e-01 5.664767324924468994e-02 7.006645202636718750e-03 1.815997529774904251e-03 2.394897304475307465e-02 4.444649815559387207e-02 1.124926842749118805e-02 4.338847845792770386e-02 4.922137595713138580e-03 8.292631246149539948e-03 6.663200445473194122e-03 1.450464036315679550e-02 1.514817122370004654e-02 3.178634122014045715e-02 3.133811056613922119e-02 3.790722414851188660e-02 2.323833992704749107e-03 1.459395606070756912e-02 9.980297647416591644e-03 2.284375019371509552e-02 1.474818028509616852e-02 1.102909445762634277e-02 2.908305823802947998e-02 2.216797508299350739e-02 2.901585772633552551e-02 7.808690425008535385e-04 1.653480343520641327e-02 1.506003085523843765e-02 2.911710180342197418e-02 4.753191315103322268e-04 1.594663783907890320e-02 9.641015902161598206e-03 8.046382106840610504e-03 1.884916709968820214e-04 1.107463054358959198e-02 4.566836636513471603e-03 2.612327411770820618e-02 3.177546709775924683e-02 3.115949034690856934e-02 4.107945598661899567e-03 1.464857906103134155e-02 5.238818377256393433e-02 4.141879454255104065e-02 1.813633716665208340e-03 4.183744546025991440e-03 2.060639113187789917e-02 1.788184978067874908e-02 3.538447991013526917e-02 2.482227981090545654e-02 2.024372108280658722e-02 9.465565904974937439e-03 1.211636583320796490e-03 4.868697840720415115e-03 6.582626141607761383e-03 5.411341786384582520e-03 2.770058624446392059e-02 2.843256806954741478e-03 1.141801103949546814e-02 2.286435849964618683e-02 5.738118663430213928e-03 2.215942554175853729e-02 2.474228478968143463e-02 2.797701396048069000e-02 2.200602181255817413e-02 1.059685368090867996e-02 5.423456896096467972e-04 5.174652207642793655e-03 1.835005357861518860e-02 2.386411651968955994e-02 2.646484877914190292e-03 1.613518223166465759e-02 1.783256605267524719e-02 1.909497007727622986e-02 9.179906919598579407e-04 3.003337979316711426e-02 1.326502021402120590e-02 4.669076297432184219e-03 2.477639168500900269e-02 2.487852796912193298e-02 6.721579120494425297e-05 4.917392972856760025e-03 4.478470422327518463e-03 7.402703166007995605e-03 1.096265576779842377e-02 1.349360449239611626e-03 2.897788025438785553e-02 7.574374321848154068e-03 3.210377320647239685e-02 5.308299791067838669e-03 2.327874675393104553e-02 1.377759687602519989e-02 7.708611432462930679e-03 3.496864065527915955e-02 9.669906459748744965e-03 1.471448782831430435e-02 1.858997717499732971e-02 2.305971644818782806e-02 8.349942974746227264e-03 6.282435497269034386e-04 2.663466706871986389e-02 1.738530769944190979e-02 6.698342040181159973e-03 1.151975942775607109e-03 1.448559109121561050e-02 2.782436553388834000e-03 2.794901840388774872e-02 4.914301913231611252e-03 3.248500078916549683e-02 2.491668052971363068e-02 3.471805015578866005e-03 2.189235948026180267e-02
3.234572708606719971e-02 4.036701098084449768e-02 1.980948634445667267e-02 1.080282148905098438e-03 2.059123013168573380e-03 5.664767324924468994e-02 8.325722217559814453e-01 8.635734207928180695e-03 6.567880511283874512e-03 8.092494681477546692e-03 3.278902545571327209e-02 4.765749443322420120e-03 4.397018253803253174e-02 1.160422433167695999e-02 1.038941740989685059e-02 7.182495668530464172e-03 3.606861457228660583e-03 1.240878365933895111e-02 2.851772308349609375e-02 2.672542072832584381e-02 3.219786286354064941e-02 1.518607605248689651e-02 9.508963674306869507e-03 8.740024641156196594e-03 2.937495522201061249e-02 2.405012026429176331e-02 1.746538467705249786e-02 2.124477364122867584e-02 3.000484965741634369e-02 3.280381113290786743e-02 2.059014327824115753e-02 1.786241121590137482e-02 2.125653997063636780e-02 2.463610842823982239e-02 1.151060871779918671e-02 1.669768802821636200e-02 1.238538511097431183e-02 1.381690241396427155e-02 3.130506025627255440e-03 4.030563868582248688e-04 1.159073319286108017e-02 2.062525786459445953e-02 3.086688555777072906e-02 2.926082350313663483e-02 2.302886219695210457e-03 1.735006086528301239e-02 4.837401956319808960e-02 4.880840331315994263e-02 3.279638709500432014e-03 4.775019362568855286e-03 2.230954542756080627e-02 1.912581361830234528e-02 2.827134914696216583e-02 2.333351969718933105e-02 2.668635686859488487e-03 1.368218194693326950e-02 4.392866103444248438e-04 1.213241182267665863e-02 5.291770678013563156e-03 2.735318150371313095e-03 1.570780202746391296e-02 4.690186586230993271e-03 1.888964697718620300e-02 2.181022195145487785e-03 8.001995272934436798e-03 2.708131074905395508e-02 2.700102142989635468e-02 2.709574066102504730e-02 1.876003108918666840e-02 6.249661091715097427e-03 4.056182689964771271e-03 8.835442364215850830e-03 1.401434931904077530e-02 3.143590316176414490e-02 5.300452932715415955e-03 1.385732740163803101e-02 5.670406855642795563e-03 8.149225264787673950e-03 1.407132856547832489e-02 2.578821405768394470e-02 9.579893201589584351e-03 4.357405938208103180e-03 2.350280806422233582e-02 9.026790969073772430e-03 1.082143280655145645e-02 1.088832598179578781e-02 7.102586794644594193e-03 1.485849637538194656e-02 9.367546997964382172e-03 7.221316918730735779e-03 3.466080129146575928e-02 1.424310356378555298e-02 3.962425515055656433e-02 1.753340661525726318e-02 2.401138097047805786e-02 1.392847020179033279e-02 2.062070881947875023e-03 2.218667604029178619e-02 1.363481115549802780e-02 1.882904581725597382e-02 2.343633398413658142e-02 3.239934518933296204e-02 1.421341113746166229e-02 1.482820976525545120e-02 1.875368691980838776e-02 2.736853435635566711e-02 1.293076295405626297e-02 5.445837043225765228e-03 2.585851773619651794e-02 1.259041298180818558e-02 2.237676829099655151e-02 1.640355959534645081e-02 3.141970559954643250e-02 2.394057810306549072e-02 2.985299332067370415e-03 2.450443804264068604e-02
1.675398834049701691e-02 1.200318988412618637e-02 4.457781836390495300e-02 2.407045848667621613e-02 2.547049522399902344e-02 7.006645202636718750e-03 8.635734207928180695e-03 8.325722217559814453e-01 1.551215164363384247e-02 8.247533813118934631e-03 3.033098019659519196e-02 3.692028811201453209e-03 1.717307791113853455e-02 3.163383807986974716e-04 5.191120505332946777e-02 3.651221748441457748e-03 2.021850232267752290e-04 1.542549394071102142e-02 1.374389976263046265e-02 1.636816654354333878e-03 4.468431230634450912e-03 3.771744668483734131e-02 6.536088185384869576e-04 6.518429610878229141e-03 2.477581379935145378e-03 2.970874484162777662e-04 2.413294091820716858e-02 8.146688342094421387e-03 2.702820114791393280e-02 1.846381835639476776e-02 3.144508600234985352e-02 1.508041517809033394e-03 6.359534803777933121e-03 3.068409627303481102e-03 4.470628686249256134e-03 6.982832215726375580e-03 6.243469659239053726e-03 3.528459230437874794e-03 2.885320410132408142e-02 2.738856337964534760e-02 1.380594447255134583e-02 8.945249021053314209e-03 2.854119811672717333e-04 1.087690889835357666e-02 1.408566441386938095e-02 1.842941716313362122e-02 8.370148018002510071e-03 5.535775795578956604e-03 4.979184450348839164e-05 7.927813567221164703e-03 1.682486501522362232e-03 8.294883184134960175e-03 2.469919621944427490e-03 1.406495738774538040e-02 1.037815771996974945e-02 4.626900423318147659e-03 3.461724380031228065e-03 1.982803642749786377e-02 4.861845821142196655e-02 4.235006868839263916e-02 5.477715749293565750e-03 2.450636401772499084e-02 2.671589143574237823e-02 2.475460618734359741e-02 4.727686569094657898e-02 3.941851481795310974e-02 1.102039590477943420e-02 1.178003009408712387e-02 1.231672056019306183e-02 2.650281414389610291e-02 1.768284477293491364e-02 2.541043795645236969e-02 2.453817520290613174e-03 7.800445426255464554e-03 1.044390373863279819e-03 1.166135631501674652e-02 2.346930652856826782e-02 1.040603499859571457e-03 1.382430363446474075e-02 1.171089056879281998e-02 5.442159995436668396e-02 5.163478106260299683e-02 1.033006701618432999e-02 3.380097448825836182e-03 7.780803833156824112e-03 2.709075110033154488e-03 5.982889607548713684e-02 4.245395958423614502e-02 2.306925877928733826e-02 4.938253201544284821e-03 2.555677853524684906e-02 3.540312871336936951e-02 2.199636958539485931e-02 3.141713514924049377e-02 1.606752537190914154e-02 1.643638685345649719e-02 4.582500085234642029e-03 6.707411259412765503e-03 1.437187753617763519e-02 1.152832806110382080e-02 6.294981110841035843e-03 1.287639373913407326e-03 1.112023182213306427e-02 8.796796202659606934e-03 4.423746839165687561e-03 1.182337477803230286e-02 2.370101772248744965e-02 4.306607320904731750e-02 7.604944519698619843e-03 3.634429350495338440e-02 2.080848673358559608e-03 1.128515880554914474e-02 7.286634761840105057e-03 4.639994353055953979e-03 1.952029578387737274e-02 3.286131098866462708e-02
1.883877255022525787e-02 1.305161789059638977e-02 7.399853784590959549e-03 1.124327164143323898e-02 8.213990367949008942e-03 1.815997529774904251e-03 6.567880511283874512e-03 1.551215164363384247e-02 8.325722217559814453e-01 7.001738995313644409e-02 8.157129399478435516e-03 2.815046813338994980e-03 1.731572789140045643e-03 1.766971871256828308e-02 6.025454029440879822e-03 2.178471907973289490e-02 7.282980717718601227e-03 5.252040922641754150e-02 3.351426869630813599e-02 1.369084697216749191e-03 1.052031852304935455e-02 8.809329010546207428e-03 1.069298386573791504e-02 1.044997200369834900e-02 9.837089106440544128e-03 5.276669398881494999e-04 2.111805602908134460e-02 3.508541360497474670e-02 9.332153014838695526e-03 4.296873137354850769e-02 8.192211389541625977e-03 5.259196739643812180e-03 1.107380352914333344e-02 6.493108812719583511e-03 1.869181520305573940e-03 1.487303432077169418e-02 1.628409326076507568e-02 1.274784374982118607e-02 2.351441979408264160e-02 1.512561924755573273e-02 4.252651706337928772e-03 3.450033813714981079e-02 5.793646443635225296e-03 7.139001972973346710e-03 7.353608030825853348e-03 6.593442987650632858e-03 1.810060441493988037e-02 2.624307759106159210e-03 1.020488329231739044e-02 2.115806378424167633e-02 2.181553049013018608e-03 1.893038861453533173e-03 1.400459837168455124e-02 6.860762368887662888e-04 3.198881074786186218e-02 4.772118292748928070e-03 1.103149726986885071e-03 3.075774060562252998e-03 5.102082621306180954e-03 1.582344644702970982e-03 2.051278948783874512e-02 4.284316673874855042e-03 2.599227428436279297e-02 2.197157824411988258e-03 1.244994695298373699e-03 9.208748117089271545e-03 7.446435280144214630e-03 2.675638534128665924e-03 1.667074672877788544e-02 2.201882191002368927e-02 2.617896720767021179e-02 2.541944757103919983e-02 1.249107625335454941e-02 3.079893998801708221e-02 4.102903883904218674e-03 4.889127612113952637e-02 8.127535879611968994e-02 5.553810670971870422e-02 3.555950149893760681e-02 1.891776733100414276e-02 1.183737907558679581e-02 7.705925498157739639e-03 1.318193413317203522e-02 1.389467250555753708e-02 1.034202612936496735e-02 1.126141846179962158e-02 1.696336641907691956e-02 5.566666834056377411e-03 3.574841842055320740e-02 5.970352794975042343e-03 1.156254764646291733e-02 9.262662380933761597e-03 2.074616029858589172e-03 8.878856897354125977e-03 2.715331735089421272e-03 2.568308496847748756e-03 6.221543997526168823e-03 1.019555144011974335e-02 2.732267044484615326e-02 2.195575647056102753e-02 2.836622996255755424e-03 3.912016283720731735e-03 3.661504248157143593e-03 1.112230960279703140e-02 9.905584156513214111e-03 2.247596718370914459e-02 1.134368032217025757e-02 7.628543302416801453e-03 4.113015718758106232e-03 5.310663487762212753e-03 2.003367803990840912e-02 8.653198368847370148e-03 3.358414163812994957e-03 3.220595419406890869e-03 8.745426312088966370e-04 1.106817182153463364e-02
2.871707268059253693e-02 2.236964553594589233e-02 4.343556705862283707e-03 3.312152251601219177e-02 1.289702020585536957e-03 2.394897304475307465e-02 8.092494681477546692e-03 8.247533813118934631e-03 7.001738995313644409e-02 8.325722217559814453e-01 6.887090858072042465e-03 2.380385436117649078e-02 2.179182600229978561e-03 3.040181938558816910e-03 1.851253770291805267e-02 2.876566350460052490e-02 7.537156343460083008e-03 2.067776210606098175e-02 4.166342318058013916e-02 6.344524212181568146e-03 1.022073626518249512e-02 1.955472491681575775e-02 3.272742731496691704e-03 1.146521046757698059e-02 1.600586809217929840e-03 1.391477324068546295e-02 1.729061827063560486e-02 5.277956649661064148e-02 3.329357597976922989e-03 3.691912814974784851e-02 2.704794518649578094e-02 4.057207610458135605e-03 1.719164475798606873e-02 2.397628733888268471e-03 1.898773596622049809e-03 2.721512923017144203e-03 8.108749985694885254e-03 2.905749948695302010e-03 2.968613989651203156e-02 1.142695429734885693e-03 1.069724000990390778e-02 8.270527236163616180e-03 7.954644970595836639e-03 1.305189635604619980e-02 2.083663456141948700e-02 1.399566140025854111e-02 3.254171088337898254e-02 1.144307851791381836e-02 1.326447469182312489e-03 3.603611513972282410e-02 1.051733852364122868e-03 8.488321676850318909e-03 1.007890701293945312e-02 9.906791383400559425e-04 7.932089269161224365e-03 2.240363508462905884e-02 2.358847297728061676e-02 2.015095762908458710e-02 1.496142009273171425e-03 7.260453421622514725e-03 2.691556140780448914e-02 1.250519510358572006e-02 2.876023389399051666e-02 6.159485317766666412e-03 5.924412980675697327e-03 9.058923460543155670e-03 5.363075993955135345e-03 1.143909059464931488e-03 1.735014840960502625e-02 4.162571951746940613e-02 1.622910425066947937e-02 2.121993340551853180e-02 2.870893105864524841e-02 3.667774796485900879e-02 8.249584585428237915e-03 2.549690380692481995e-02 2.214039675891399384e-02 6.937306374311447144e-02 1.073116902261972427e-02 5.542807281017303467e-02 4.134447779506444931e-03 9.696896187961101532e-03 1.373750343918800354e-02 3.031836636364459991e-02 2.490466577000916004e-04 3.299246728420257568e-02 5.148157360963523388e-04 1.755820401012897491e-02 2.181020099669694901e-03 8.995333686470985413e-03 4.407074302434921265e-03 2.427139505743980408e-02 1.413366664201021194e-02 1.486023887991905212e-02 5.903077777475118637e-03 1.033466658554971218e-03 1.824068091809749603e-02 7.828395813703536987e-03 1.244928035885095596e-02 2.243733592331409454e-02 5.356831010431051254e-03 4.499833565205335617e-03 4.424196202307939529e-03 2.111725043505430222e-03 1.805557683110237122e-02 5.021334509365260601e-04 1.695485785603523254e-02 1.370688900351524353e-02 3.384546842426061630e-03 1.978676021099090576e-02 1.276647578924894333e-02 8.198751136660575867e-03 2.472629130352288485e-04 2.855315804481506348e-03 8.767527528107166290e-03 2.069468237459659576e-02
5.744437873363494873e-02 5.645380541682243347e-02 7.674152497202157974e-03 1.222020294517278671e-02 5.711032077670097351e-03 4.444649815559387207e-02 3.278902545571327209e-02 3.033098019659519196e-02 8.157129399478435516e-03 6.887090858072042465e-03 8.325722217559814453e-01 8.304967544972896576e-03 5.773508548736572266e-02 8.920433931052684784e-03 4.418563470244407654e-02 9.828281588852405548e-03 2.285047248005867004e-02 1.160253863781690598e-02 1.307974848896265030e-02 1.684351451694965363e-02 2.443647570908069611e-02 2.965699508786201477e-02 5.316846072673797607e-04 6.621125619858503342e-03 6.255138199776411057e-03 2.011310774832963943e-03 3.535202890634536743e-02 1.048588473349809647e-02 3.888654336333274841e-02 1.549834944307804108e-02 9.755099192261695862e-03 1.021328382194042206e-03 2.441656077280640602e-03 1.665224879980087280e-02 7.692882791161537170e-04 4.060751572251319885e-02 2.107219770550727844e-02 1.942522078752517700e-02 1.297130435705184937e-02 7.039823569357395172e-03 1.830869726836681366e-02 1.039086747914552689e-02 1.779988594353199005e-02 4.116464406251907349e-03 3.914860077202320099e-03 1.886161789298057556e-02 2.965874597430229187e-02 2.002510055899620056e-02 3.411041572690010071e-03 1.352006103843450546e-02 9.304481558501720428e-03 9.284530766308307648e-03 3.643755987286567688e-02 3.299684450030326843e-02 3.140327055007219315e-03 1.339753158390522003e-03 1.176629960536956787e-02 9.024359285831451416e-03 3.191021457314491272e-02 2.726517617702484131e-02 4.769834224134683609e-03 1.050507370382547379e-02 1.147123333066701889e-02 6.186793092638254166e-03 3.917169570922851562e-02 4.415726289153099060e-02 7.429611403495073318e-03 1.266464404761791229e-02 2.927028341218829155e-03 1.951104775071144104e-02 2.196097560226917267e-02 3.262064605951309204e-02 4.768823273479938507e-03 2.997309714555740356e-02 2.508677542209625244e-03 1.783850602805614471e-02 1.621942967176437378e-03 1.111274212598800659e-02 1.115991547703742981e-02 3.883414436131715775e-03 2.289860136806964874e-02 2.919475547969341278e-02 3.097003092989325523e-03 2.275477163493633270e-02 2.020706422626972198e-03 7.440762594342231750e-03 4.101889207959175110e-02 3.390387073159217834e-02 8.406433276832103729e-03 1.428661029785871506e-02 3.837497904896736145e-02 3.640827536582946777e-02 2.397866919636726379e-02 3.164128214120864868e-02 2.508448995649814606e-02 1.978813484311103821e-02 4.160204436630010605e-03 2.979193115606904030e-03 1.161086931824684143e-02 2.127323998138308525e-03 1.474638190120458603e-02 1.410578563809394836e-02 1.900867745280265808e-02 1.551938708871603012e-03 2.007493004202842712e-02 1.722415350377559662e-02 1.969095133244991302e-02 1.401103474199771881e-02 1.505828648805618286e-02 1.032163668423891068e-02 1.270194817334413528e-02 2.251098118722438812e-02 1.348500140011310577e-02 1.233276072889566422e-02 9.104259312152862549e-03 6.807603407651185989e-03
1.471650972962379456e-02 1.436496898531913757e-02 7.631480228155851364e-03 2.794765494763851166e-02 1.137061137706041336e-02 1.124926842749118805e-02 4.765749443322420120e-03 3.692028811201453209e-03 2.815046813338994980e-03 2.380385436117649078e-02 8.304967544972896576e-03 8.325722217559814453e-01 1.069701183587312698e-02 6.393945962190628052e-02 3.304951591417193413e-03 2.399213425815105438e-02 2.059890329837799072e-02 1.380426529794931412e-02 2.165613695979118347e-02 1.247233618050813675e-02 4.399899393320083618e-03 1.189115457236766815e-02 3.032213076949119568e-02 2.648926712572574615e-02 7.951679639518260956e-03 1.842811889946460724e-02 8.611621451564133167e-04 2.091515064239501953e-02 4.992058966308832169e-03 2.698193304240703583e-02 1.636348664760589600e-02 3.106295363977551460e-03 1.042972039431333542e-02 4.074115771800279617e-03 1.288632676005363464e-02 1.971891894936561584e-02 2.752844244241714478e-02 6.089019123464822769e-03 3.196131438016891479e-02 1.165007473900914192e-03 1.775840669870376587e-02 2.238278090953826904e-02 7.431670092046260834e-03 4.388857167214155197e-03 4.594436660408973694e-02 1.955645566340535879e-04 1.356870587915182114e-02 8.878098800778388977e-03 2.707456052303314209e-02 6.906037218868732452e-03 1.342201977968215942e-02 8.920868858695030212e-03 4.916157573461532593e-03 1.162595022469758987e-02 2.861768007278442383e-02 4.210049752146005630e-03 4.216889664530754089e-02 2.685214392840862274e-02 1.075680647045373917e-02 1.350792124867439270e-02 2.177120372653007507e-02 1.402090117335319519e-02 9.942099452018737793e-03 1.413342915475368500e-02 1.410950906574726105e-02 1.251319237053394318e-02 9.533867239952087402e-03 5.746155045926570892e-03 1.930171623826026917e-02 1.113719027489423752e-02 2.999314107000827789e-02 5.322317127138376236e-03 4.092746227979660034e-02 5.710371769964694977e-03 3.872536122798919678e-02 1.988711208105087280e-02 2.555922605097293854e-02 1.669817604124546051e-02 2.818477526307106018e-02 2.266712859272956848e-02 2.243084833025932312e-02 1.363053917884826660e-02 3.552143462002277374e-03 2.541586197912693024e-02 3.192014992237091064e-02 1.002112403512001038e-02 1.525174453854560852e-02 1.932088285684585571e-02 4.143603611737489700e-03 4.660889878869056702e-02 2.247207611799240112e-02 1.001682505011558533e-02 2.235482679679989815e-03 1.211141515523195267e-02 1.266562286764383316e-02 3.708840813487768173e-03 1.694978959858417511e-02 2.953703049570322037e-03 3.313682274892926216e-03 1.372905215248465538e-03 2.153065521270036697e-03 8.288201875984668732e-03 1.332679949700832367e-02 2.419901639223098755e-02 1.085239741951227188e-02 7.599522359669208527e-03 8.529096841812133789e-03 2.580395340919494629e-02 8.312131278216838837e-03 5.113071296364068985e-03 1.974056009203195572e-03 3.397796768695116043e-03 1.140229497104883194e-02 1.519794482737779617e-02 1.983581483364105225e-02 7.389544043689966202e-03
4.528958350419998169e-02 5.143912881612777710e-02 3.370445920154452324e-03 6.181904580444097519e-03 5.398635752499103546e-03 4.338847845792770386e-02 4.397018253803253174e-02 1.717307791113853455e-02 1.731572789140045643e-03 2.179182600229978561e-03 5.773508548736572266e-02 1.069701183587312698e-02 8.325722217559814453e-01 1.725519634783267975e-02 3.903523832559585571e-02 1.317737274803221226e-03 6.506317295134067535e-03 4.397430457174777985e-03 1.965665444731712341e-02 2.320552058517932892e-02 2.656413614749908447e-02 2.664967998862266541e-02 7.563207298517227173e-03 1.075743045657873154e-02 1.575699076056480408e-02 1.535486988723278046e-02 2.619445882737636566e-02 2.669131150469183922e-03 3.104629553854465485e-02 1.502653863281011581e-02 1.920879259705543518e-02 1.056781411170959473e-02 5.388932768255472183e-03 1.959559321403503418e-02 6.090308073908090591e-03 3.778222203254699707e-02 2.145758643746376038e-02 4.655966535210609436e-03 9.337315335869789124e-03 9.501273743808269501e-03 2.781385323032736778e-03 2.040524035692214966e-02 2.820193767547607422e-02 1.633486896753311157e-02 7.858296856284141541e-03 2.045998536050319672e-02 3.152589499950408936e-02 3.045642748475074768e-02 1.026495732367038727e-02 4.994964692741632462e-03 1.794093102216720581e-02 1.577101089060306549e-02 3.262318298220634460e-02 3.577208146452903748e-02 9.350611828267574310e-03 1.614976301789283752e-02 7.852046750485897064e-03 1.865118369460105896e-02 2.887140586972236633e-02 2.784181758761405945e-02 8.656416088342666626e-03 1.426912378519773483e-02 1.255854964256286621e-02 6.900143343955278397e-03 2.708839625120162964e-02 4.068152233958244324e-02 1.721083372831344604e-02 1.829705014824867249e-02 9.528464288450777531e-04 1.688719168305397034e-02 1.416290458291769028e-02 2.091423980891704559e-02 7.021411322057247162e-03 2.705210633575916290e-02 1.048299163812771440e-04 5.694075487554073334e-03 1.567487255670130253e-03 7.380399387329816818e-03 1.255261432379484177e-02 7.250806316733360291e-03 1.794514618813991547e-02 2.192438021302223206e-02 9.996100328862667084e-03 2.534132078289985657e-02 1.580099761486053467e-02 9.429429657757282257e-03 3.210342302918434143e-02 3.280249610543251038e-02 9.710948797874152660e-04 4.394873976707458496e-03 3.710299357771873474e-02 3.244429454207420349e-02 3.530915454030036926e-02 2.821329981088638306e-02 3.033318556845188141e-02 2.384557574987411499e-02 1.962219132110476494e-03 1.849564607255160809e-03 1.119858716265298426e-04 9.864948689937591553e-03 1.428018696606159210e-02 1.861840300261974335e-02 9.682679548859596252e-03 8.250124752521514893e-03 2.053459174931049347e-02 2.479933202266693115e-02 1.369498576968908310e-02 8.341289125382900238e-03 1.097474619746208191e-02 1.934609003365039825e-02 2.116977982223033905e-02 2.371492329984903336e-03 2.191742137074470520e-02 1.966915838420391083e-02 1.676580309867858887e-02 1.026710495352745056e-03
