8.416281342506408691e-01 5.829790607094764709e-02 5.407002288848161697e-03 1.237528026103973389e-02 2.367696352303028107e-02 5.002343654632568359e-02 5.169036611914634705e-02 2.271420881152153015e-02 8.533510379493236542e-03 1.919842138886451721e-02 5.622993409633636475e-02 1.510252896696329117e-02 5.571022257208824158e-02 1.502839010208845139e-02 2.828558348119258881e-02 4.477133974432945251e-03 1.255489769391715527e-03 8.543562144041061401e-03 1.819466426968574524e-02 1.231973432004451752e-02 1.372660417109727859e-02 3.415150940418243408e-02 2.923376392573118210e-03 1.159666385501623154e-02 4.744772799313068390e-03 7.911534048616886139e-03 1.163543947041034698e-02 2.602215111255645752e-02 2.752792276442050934e-02 2.416476234793663025e-02 2.356684766709804535e-02 3.764811553992331028e-04 7.146202493458986282e-03 1.924753747880458832e-02 8.658546023070812225e-03 2.366316132247447968e-02 1.339185237884521484e-02 2.537650056183338165e-02 4.706183448433876038e-03 1.532868295907974243e-02 2.965290471911430359e-02 3.722007153555750847e-03 9.178729378618299961e-04 4.214935936033725739e-03 1.373641565442085266e-02 5.999228917062282562e-03 4.173954576253890991e-02 4.966885596513748169e-02 2.414963208138942719e-02 9.009457193315029144e-03 1.541723031550645828e-02 1.000969856977462769e-02 6.302387919276952744e-03 1.599457347765564919e-03 3.000169806182384491e-02 1.477398560382425785e-03 1.488660369068384171e-02 4.184653237462043762e-02 1.109762862324714661e-02 3.013210371136665344e-03 7.457489147782325745e-03 2.052786760032176971e-02 2.319639921188354492e-02 1.649435423314571381e-02 2.232419140636920929e-02 1.383680570870637894e-02 5.042503587901592255e-03 1.377225760370492935e-02 6.202420219779014587e-03 1.878288574516773224e-02 2.258815430104732513e-02 4.237752035260200500e-02 3.356523346155881882e-03 3.003123588860034943e-02 1.210641674697399139e-02 1.895624026656150818e-02 1.697128824889659882e-02 2.454511635005474091e-02 2.443397184833884239e-03 2.483966015279293060e-02 3.642225638031959534e-02 1.763610169291496277e-02 4.586314316838979721e-03 7.668604375794529915e-04 7.202274631708860397e-03 2.742824330925941467e-02 1.203101826831698418e-03 1.501058880239725113e-02 1.051666308194398880e-02 2.326167374849319458e-02 2.280675247311592102e-02 2.055702358484268188e-02 2.841625735163688660e-02 1.263240445405244827e-02 2.065427787601947784e-02 1.153116021305322647e-02 1.723700203001499176e-02 5.663036834448575974e-03 2.454976318404078484e-03 1.742291636765003204e-02 5.986643955111503601e-03 4.278355278074741364e-03 2.548028342425823212e-02 1.339948736131191254e-02 1.357893552631139755e-02 6.969811394810676575e-03 4.445665050297975540e-03 1.031466294080018997e-02 6.779554300010204315e-03 3.695696964859962463e-02 5.784228909760713577e-03 8.428691886365413666e-03 2.750017121434211731e-02 2.360967220738530159e-03 6.039815489202737808e-03 7.588891778141260147e-03
5.829790607094764709e-02 8.416281342506408691e-01 6.209394428879022598e-03 1.697169430553913116e-02 2.374758571386337280e-02 3.613765910267829895e-02 4.971856623888015747e-02 2.566866576671600342e-02 1.696908846497535706e-02 1.352498866617679596e-02 4.973484203219413757e-02 8.956760284490883350e-04 5.515595525503158569e-02 1.070026028901338577e-02 2.769723534584045410e-02 1.252948679029941559e-02 9.056380018591880798e-03 1.297841221094131470e-02 1.327152270823717117e-02 7.241793442517518997e-03 1.693563349545001984e-02 2.200595848262310028e-02 1.372599322348833084e-02 1.764360442757606506e-02 1.316001079976558685e-02 1.467329543083906174e-02 2.276706323027610779e-02 5.705413408577442169e-03 2.904259413480758667e-02 1.025634538382291794e-02 2.419289201498031616e-02 3.507852554321289062e-03 1.490398775786161423e-02 2.325319498777389526e-02 1.622958481311798096e-02 1.137709058821201324e-02 1.357373036444187164e-02 9.209404699504375458e-03 2.936267992481589317e-04 1.158493384718894958e-02 2.201073989272117615e-02 7.989432662725448608e-03 2.437412738800048828e-03 1.667896518483757973e-03 5.519524682313203812e-03 1.198271010071039200e-02 3.585284948348999023e-02 5.305657908320426941e-02 1.608678884804248810e-02 1.108214817941188812e-02 2.502756938338279724e-02 1.235290244221687317e-02 4.583811853080987930e-03 1.307307556271553040e-02 1.693582907319068909e-02 2.597801154479384422e-03 2.782878279685974121e-02 2.919693663716316223e-02 2.646115422248840332e-02 6.722473073750734329e-03 4.135837312787771225e-03 2.285631746053695679e-02 3.218559920787811279e-02 2.272752672433853149e-02 1.314908172935247421e-02 1.541179418563842773e-02 5.149504635483026505e-03 1.662538945674896240e-02 1.529769320040941238e-02 8.170305751264095306e-03 2.290005609393119812e-02 4.353322088718414307e-02 1.445533521473407745e-02 1.490553561598062515e-02 2.106883935630321503e-02 3.110877983272075653e-02 2.590503171086311340e-02 2.056585624814033508e-02 4.202879033982753754e-03 7.671798579394817352e-03 3.638492152094841003e-02 2.407789789140224457e-02 8.489718660712242126e-03 5.611663684248924255e-03 1.014916133135557175e-02 1.807259395718574524e-02 4.150387831032276154e-03 3.404971444979310036e-03 2.446260862052440643e-02 1.567984372377395630e-02 1.657912880182266235e-02 2.130693756043910980e-02 3.693587705492973328e-02 6.997494027018547058e-03 1.073339395225048065e-02 6.359850987792015076e-03 2.465533837676048279e-02 9.964653290808200836e-03 6.407537497580051422e-03 1.164310798048973083e-02 1.218161918222904205e-02 3.491794690489768982e-03 3.270142897963523865e-02 2.292446792125701904e-02 8.183396421372890472e-03 1.044308952987194061e-02 1.865342492237687111e-03 1.615760847926139832e-02 1.062877196818590164e-02 3.025409393012523651e-02 1.827012747526168823e-02 1.887804456055164337e-02 1.388302631676197052e-02 2.009475836530327797e-03 2.198266983032226562e-02 3.575048758648335934e-04
5.407002288848161697e-03 6.209394428879022598e-03 8.416281342506408691e-01 4.840414971113204956e-03 1.761363935656845570e-03 6.061476655304431915e-03 7.374761160463094711e-03 3.529904410243034363e-02 3.371518803760409355e-03 2.169841341674327850e-02 1.291499845683574677e-02 4.643354914151132107e-04 5.821447353810071945e-03 5.574110895395278931e-03 2.038649097084999084e-02 1.644688658416271210e-02 9.338479489088058472e-03 1.138874050229787827e-02 4.920659121125936508e-04 3.393371030688285828e-02 3.842106321826577187e-03 6.751958746463060379e-03 9.317747317254543304e-03 2.377168275415897369e-02 6.521439179778099060e-03 1.281797699630260468e-02 7.306117098778486252e-03 1.154589094221591949e-02 9.500044398009777069e-03 7.363761542364954948e-04 1.916045090183615685e-03 1.597120985388755798e-02 6.024325732141733170e-03 1.519177388399839401e-02 1.136676780879497528e-02 8.516247384250164032e-03 6.627823458984494209e-04 1.225472800433635712e-02 1.212986465543508530e-02 8.492751978337764740e-03 2.324159629642963409e-02 1.899834349751472473e-02 1.061546523123979568e-02 6.756608188152313232e-02 4.025834612548351288e-03 3.106474131345748901e-02 9.768872521817684174e-03 3.868349129334092140e-03 2.677256613969802856e-02 2.322130464017391205e-02 3.066981153097003698e-04 7.919643074274063110e-03 3.788546100258827209e-02 2.715239860117435455e-02 2.183993905782699585e-02 1.337897032499313354e-02 1.148669607937335968e-02 1.038855873048305511e-02 4.493947490118443966e-04 1.410453114658594131e-02 1.517042255727574229e-04 9.154736064374446869e-03 2.349430508911609650e-02 8.587822318077087402e-03 1.753187179565429688e-02 2.034501545131206512e-02 1.368867792189121246e-02 3.704439383000135422e-03 2.479117130860686302e-03 1.158483792096376419e-02 9.812462143599987030e-03 1.671190373599529266e-02 1.296349801123142242e-02 1.450686436146497726e-02 6.920902989804744720e-03 9.595892392098903656e-03 7.270986214280128479e-03 1.067764870822429657e-02 1.951471902430057526e-02 3.146760910749435425e-02 4.316251724958419800e-02 3.090497851371765137e-02 5.164673551917076111e-03 4.132604692131280899e-03 9.179530665278434753e-03 1.440764311701059341e-02 2.343002520501613617e-02 1.508394908159971237e-02 8.761038072407245636e-03 1.459908857941627502e-02 2.178757218644022942e-03 2.799980156123638153e-02 3.502716077491641045e-03 1.065267715603113174e-02 1.625091582536697388e-02 1.635142974555492401e-02 4.037512000650167465e-03 1.807532645761966705e-02 8.468565531075000763e-03 5.038148257881402969e-03 1.657814602367579937e-03 1.216373499482870102e-02 8.933626115322113037e-03 7.332979235798120499e-03 3.422195836901664734e-02 2.497160993516445160e-02 4.496606998145580292e-03 2.051693014800548553e-02 8.414064534008502960e-03 1.061975676566362381e-02 1.551564317196607590e-02 6.112164817750453949e-03 8.526848978362977505e-04 1.709498465061187744e-02 8.867596276104450226e-03 8.138169534504413605e-03
1.237528026103973389e-02 1.697169430553913116e-02 4.840414971113204956e-03 8.416281342506408691e-01 4.674083366990089417e-02 8.570560254156589508e-03 1.635314151644706726e-02 1.524313632398843765e-02 2.610290050506591797e-02 1.577679626643657684e-02 3.242866951040923595e-04 1.976282708346843719e-02 2.008080715313553810e-03 2.117910608649253845e-02 3.782302141189575195e-03 2.697252668440341949e-02 2.304595522582530975e-02 3.969061374664306641e-02 3.550993278622627258e-02 1.835420355200767517e-02 2.631551399827003479e-02 1.427413616329431534e-02 1.432869490236043930e-02 1.052972767502069473e-02 2.866656519472599030e-02 1.389559544622898102e-02 1.793650537729263306e-02 7.443446200340986252e-03 1.599316112697124481e-02 1.940732705406844616e-03 1.356937922537326813e-02 2.944403328001499176e-02 3.158636391162872314e-02 2.926625683903694153e-02 2.399474382400512695e-02 8.226082427427172661e-04 1.799963600933551788e-02 2.936994191259145737e-03 4.678125306963920593e-02 4.346127435564994812e-02 1.443350873887538910e-02 2.292553335428237915e-02 1.856110803782939911e-02 2.444867743179202080e-03 1.681965962052345276e-02 1.042410149239003658e-03 7.940392009913921356e-03 4.117942880839109421e-04 1.453437376767396927e-02 9.196976199746131897e-03 2.724902890622615814e-02 2.371146716177463531e-02 1.951980218291282654e-02 2.065398544073104858e-02 1.569140329957008362e-02 1.178639382123947144e-02 2.390554174780845642e-02 1.134824845939874649e-02 3.290927037596702576e-02 2.271915972232818604e-02 3.616118058562278748e-02 3.629757463932037354e-02 2.648169361054897308e-02 2.078747190535068512e-02 1.958737894892692566e-02 8.405236527323722839e-03 2.517786249518394470e-02 1.987812854349613190e-02 3.085763566195964813e-02 7.925913669168949127e-03 3.398526459932327271e-02 6.381884682923555374e-03 4.098599404096603394e-02 1.203755382448434830e-02 3.987765684723854065e-02 1.796758361160755157e-02 2.281738445162773132e-02 2.884848788380622864e-02 1.621423102915287018e-02 9.444858296774327755e-04 1.188115589320659637e-02 4.960906226187944412e-03 3.072842210531234741e-02 3.735946118831634521e-02 2.388184703886508942e-02 4.949803696945309639e-04 1.247708965092897415e-02 6.761538796126842499e-03 1.185579039156436920e-02 2.180493436753749847e-02 2.621451392769813538e-02 1.948677709151525050e-05 3.585708094760775566e-03 8.146321401000022888e-03 1.690514385700225830e-02 1.161234825849533081e-02 3.862159326672554016e-03 2.266054740175604820e-03 7.370407693088054657e-04 4.863812588155269623e-03 2.589318156242370605e-02 1.971553079783916473e-02 1.295386813580989838e-02 1.384760346263647079e-02 1.695392280817031860e-02 2.107656747102737427e-02 1.324587967246770859e-02 2.590028569102287292e-02 1.851474307477474213e-02 1.614987477660179138e-02 5.272128153592348099e-03 1.541067101061344147e-02 1.193580031394958496e-02 1.555897668004035950e-02 2.899937517940998077e-02 2.445169538259506226e-02
2.367696352303028107e-02 2.374758571386337280e-02 1.761363935656845570e-03 4.674083366990089417e-02 8.416281342506408691e-01 2.319617196917533875e-02 2.675418742001056671e-02 1.144966296851634979e-02 2.326906286180019379e-02 2.205527760088443756e-02 1.328799594193696976e-02 2.844249270856380463e-02 1.380149647593498230e-02 2.442330494523048401e-02 2.136181481182575226e-02 2.320671640336513519e-02 1.970348879694938660e-02 3.609611839056015015e-02 3.777092695236206055e-02 1.803489774465560913e-02 2.724699862301349640e-02 4.505824297666549683e-03 1.014149375259876251e-02 1.162400748580694199e-02 2.169450558722019196e-02 7.222588639706373215e-03 1.510632038116455078e-02 6.890836171805858612e-03 8.904993534088134766e-03 1.289032865315675735e-02 3.370462218299508095e-03 2.634701132774353027e-02 2.459252811968326569e-02 2.824339084327220917e-02 1.750778220593929291e-02 1.079918444156646729e-02 2.113980427384376526e-02 1.324919704347848892e-02 4.345868900418281555e-02 4.841274768114089966e-02 2.505884505808353424e-02 1.763851381838321686e-02 2.263429760932922363e-02 2.065698150545358658e-03 8.824557997286319733e-03 1.438369974493980408e-03 6.431764457374811172e-03 1.195488683879375458e-02 4.564231727272272110e-03 7.239819038659334183e-03 2.571199648082256317e-02 2.534919418394565582e-02 1.588137447834014893e-02 1.945161446928977966e-02 5.091923754662275314e-03 6.078682374209165573e-03 1.457702182233333588e-02 1.692706160247325897e-02 3.261420875787734985e-02 2.020030468702316284e-02 2.716419845819473267e-02 3.752762079238891602e-02 2.560470998287200928e-02 2.045859955251216888e-02 9.085991419851779938e-03 1.563089754199609160e-04 1.992194354534149170e-02 1.979515142738819122e-02 2.292472310364246368e-02 7.143926806747913361e-03 3.145456314086914062e-02 4.664225038141012192e-03 3.147469088435173035e-02 1.710220612585544586e-02 4.134148359298706055e-02 1.541610434651374817e-02 1.828028820455074310e-02 3.470493853092193604e-02 1.627464406192302704e-02 5.002268590033054352e-03 2.025847323238849640e-02 6.909578572958707809e-03 2.043236978352069855e-02 3.183393552899360657e-02 1.904303953051567078e-02 4.778746049851179123e-03 8.877927437424659729e-03 1.222743466496467590e-02 5.317346658557653427e-03 2.612672187387943268e-02 1.743944361805915833e-02 1.082784123718738556e-02 7.386540528386831284e-03 2.480160258710384369e-02 7.879421114921569824e-03 7.558038458228111267e-03 9.698484092950820923e-03 3.949895035475492477e-03 1.022839173674583435e-02 1.901334035210311413e-03 2.815410681068897247e-02 2.157942205667495728e-02 2.074462547898292542e-02 2.353381132706999779e-03 1.147559657692909241e-02 1.898325979709625244e-02 1.376974303275346756e-02 2.646648325026035309e-02 1.691289991140365601e-02 2.355180121958255768e-02 1.844349317252635956e-03 1.263988297432661057e-02 6.403430830687284470e-03 2.108423411846160889e-02 2.253157645463943481e-02 1.972396299242973328e-02
5.002343654632568359e-02 3.613765910267829895e-02 6.061476655304431915e-03 8.570560254156589508e-03 2.319617196917533875e-02 8.416281342506408691e-01 5.645880103111267090e-02 4.392966802697628736e-04 6.628632545471191406e-03 1.904408819973468781e-02 4.392734169960021973e-02 4.824499040842056274e-02 3.961564972996711731e-02 3.851037845015525818e-02 3.188400715589523315e-02 9.270933456718921661e-03 1.769053749740123749e-02 2.029900206252932549e-03 1.601673103868961334e-02 4.647731781005859375e-03 1.014040084555745125e-03 2.530970983207225800e-02 1.942372880876064301e-02 2.605466172099113464e-03 9.746001102030277252e-03 1.820204965770244598e-02 1.381081156432628632e-02 4.159167036414146423e-02 1.266517792828381062e-03 4.525379091501235962e-02 3.712677396833896637e-03 9.485992603003978729e-03 1.901458599604666233e-03 5.116522777825593948e-03 6.292020902037620544e-03 2.894945628941059113e-02 1.322749070823192596e-02 2.554813772439956665e-02 1.111232209950685501e-02 1.670750230550765991e-02 2.791319042444229126e-02 8.341377601027488708e-03 1.626169122755527496e-02 4.108802415430545807e-03 5.491123069077730179e-03 1.364044751971960068e-02 4.055549204349517822e-02 3.714454919099807739e-02 2.158724330365657806e-02 6.420226767659187317e-03 7.374038919806480408e-03 1.195875275880098343e-02 3.094308078289031982e-03 1.543359947390854359e-03 3.217593953013420105e-02 6.736520212143659592e-03 3.387439297512173653e-03 3.141655400395393372e-02 9.192554280161857605e-03 4.952382296323776245e-03 1.433799974620342255e-02 1.283216476440429688e-02 2.120240591466426849e-02 1.870739087462425232e-02 8.066720329225063324e-03 5.429038428701460361e-04 1.287642307579517365e-02 3.236931050196290016e-03 1.027881074696779251e-02 3.465022146701812744e-02 7.777361199259757996e-03 3.346827626228332520e-02 7.204338442534208298e-03 4.383534193038940430e-02 4.749482497572898865e-03 1.733618415892124176e-02 2.361751161515712738e-03 2.203160524368286133e-02 2.094657532870769501e-02 3.741483390331268311e-02 2.940421923995018005e-02 7.704604067839682102e-04 2.064289338886737823e-02 2.476311521604657173e-03 6.843626964837312698e-03 1.547215599566698074e-02 9.803405962884426117e-03 2.204829081892967224e-02 3.665590193122625351e-03 3.880721330642700195e-02 5.616770125925540924e-03 7.401643320918083191e-03 2.828220371156930923e-03 2.940748818218708038e-03 3.006661124527454376e-02 2.513595856726169586e-02 3.603785997256636620e-03 1.828034408390522003e-02 2.778923138976097107e-02 5.788076203316450119e-03 8.742135949432849884e-03 1.454021083191037178e-03 1.944826170802116394e-02 7.741156965494155884e-03 5.807758774608373642e-03 1.057727076113224030e-02 9.931895881891250610e-03 1.687692478299140930e-02 4.711262416094541550e-03 4.368499293923377991e-02 2.163348253816366196e-03 4.826295189559459686e-03 3.820291534066200256e-02 2.566654235124588013e-02 6.172674242407083511e-03 1.861624233424663544e-02
5.169036611914634705e-02 4.971856623888015747e-02 7.374761160463094711e-03 1.635314151644706726e-02 2.675418742001056671e-02 5.645880103111267090e-02 8.416281342506408691e-01 1.202406361699104309e-02 2.144587459042668343e-03 8.977101184427738190e-03 5.054703727364540100e-02 3.512439876794815063e-02 5.473376438021659851e-02 4.202311113476753235e-02 2.835616655647754669e-02 1.624737400561571121e-03 1.049111038446426392e-02 7.635645568370819092e-03 1.181816589087247849e-02 6.331982091069221497e-03 5.458227824419736862e-03 1.756902970373630524e-02 7.560555357486009598e-03 1.526893349364399910e-03 2.292555524036288261e-03 1.025045849382877350e-02 3.195659816265106201e-02 3.059297055006027222e-02 1.333572529256343842e-02 4.583789035677909851e-02 2.140603214502334595e-02 3.046158701181411743e-03 8.058137260377407074e-03 1.576607860624790192e-02 1.510765752755105495e-03 2.321146056056022644e-02 1.079549733549356461e-02 1.717211119830608368e-02 1.702888053841888905e-03 1.803241483867168427e-02 2.801348641514778137e-02 5.070863291621208191e-03 1.146008260548114777e-02 3.649921854957938194e-03 8.991262293420732021e-04 8.442713879048824310e-03 4.282684251666069031e-02 5.858381092548370361e-02 1.579822227358818054e-02 1.171258091926574707e-02 2.000919356942176819e-02 1.014178153127431870e-02 2.963691949844360352e-03 6.692756433039903641e-03 2.069773524999618530e-02 1.409158017486333847e-02 1.433868519961833954e-02 1.484544575214385986e-02 2.011766470968723297e-02 4.070183727890253067e-03 1.163133536465466022e-03 1.349598541855812073e-02 2.760013751685619354e-02 2.094240859150886536e-02 1.098445523530244827e-02 1.624748483300209045e-02 7.277378346771001816e-03 3.746137721464037895e-03 1.354487496428191662e-03 3.086946532130241394e-02 8.800636976957321167e-03 4.672078043222427368e-02 1.365539850667119026e-03 3.965606540441513062e-02 7.771255448460578918e-03 3.448488563299179077e-02 1.174725312739610672e-02 1.837179437279701233e-02 1.515131350606679916e-02 1.947964914143085480e-02 3.350986540317535400e-02 1.737630926072597504e-02 3.933401312679052353e-03 7.326399441808462143e-03 2.605113433673977852e-03 1.160789746791124344e-02 1.238639745861291885e-02 1.255857385694980621e-02 1.191261690109968185e-02 2.606942132115364075e-02 1.156894676387310028e-02 1.491906959563493729e-02 2.452311664819717407e-02 1.131296507082879543e-03 1.868674717843532562e-02 9.362564422190189362e-03 1.908009126782417297e-02 1.332947053015232086e-02 1.142453309148550034e-02 4.451457411050796509e-03 2.288135699927806854e-03 6.761116674169898033e-04 2.385424077510833740e-02 1.796412654221057892e-02 6.572012789547443390e-03 8.492018096148967743e-03 2.997972769662737846e-03 1.684048213064670563e-02 7.069989223964512348e-04 2.843143418431282043e-02 1.048840116709470749e-02 7.481093984097242355e-03 2.881529927253723145e-02 1.920982822775840759e-02 9.181518107652664185e-03 1.208743453025817871e-02
2.271420881152153015e-02 2.566866576671600342e-02 3.529904410243034363e-02 1.524313632398843765e-02 1.144966296851634979e-02 4.392966802697628736e-04 1.202406361699104309e-02 8.416281342506408691e-01 2.595984935760498047e-02 6.323676207102835178e-04 1.476691197603940964e-02 7.800250779837369919e-03 1.786288991570472717e-02 1.445991918444633484e-02 4.767492413520812988e-03 3.005261998623609543e-03 6.708799628540873528e-04 1.236394885927438736e-02 2.380086109042167664e-03 1.828118413686752319e-02 5.497874692082405090e-03 3.887157654389739037e-03 6.161174736917018890e-03 6.898558698594570160e-03 1.589588634669780731e-02 1.003602333366870880e-02 2.382728643715381622e-02 3.133122576400637627e-03 1.280925236642360687e-02 1.212176587432622910e-02 6.650182418525218964e-03 8.413176983594894409e-04 1.214006543159484863e-02 9.063050150871276855e-03 3.109190613031387329e-03 8.352056145668029785e-03 1.034770905971527100e-02 1.790633308701217175e-03 1.016093976795673370e-02 1.654662936925888062e-02 4.508518148213624954e-03 1.588769257068634033e-02 1.470124255865812302e-02 1.494253892451524734e-02 1.192135084420442581e-02 1.458660978823900223e-02 1.221096143126487732e-02 2.410839684307575226e-02 4.809127654880285263e-03 2.251797355711460114e-02 3.837800817564129829e-03 3.603645367547869682e-03 2.054821234196424484e-03 1.353946793824434280e-02 9.996483102440834045e-03 5.125337280333042145e-03 3.242131322622299194e-02 8.600293658673763275e-03 7.386106997728347778e-03 8.998815901577472687e-03 9.042749181389808655e-03 6.814109161496162415e-03 2.618040656670928001e-03 1.840581186115741730e-02 1.054144836962223053e-02 4.700746387243270874e-03 2.135978313162922859e-03 4.296536557376384735e-03 2.825301513075828552e-02 1.984639652073383331e-02 2.512097172439098358e-02 3.811313211917877197e-02 9.195840917527675629e-03 1.150542404502630234e-02 2.809269120916724205e-03 2.138621546328067780e-02 4.108838737010955811e-02 1.459562592208385468e-02 1.351022720336914062e-02 7.772515527904033661e-03 7.317989319562911987e-02 8.045582473278045654e-02 1.340682618319988251e-03 6.406594067811965942e-03 1.698064035736024380e-03 1.509743276983499527e-02 1.053884718567132950e-02 3.700698539614677429e-02 2.390345744788646698e-02 4.085937514901161194e-03 5.569848231971263885e-03 2.022641524672508240e-02 2.394919656217098236e-02 7.305015809834003448e-03 1.631584204733371735e-02 1.169321243651211262e-03 4.007740691304206848e-02 4.563916008919477463e-03 2.135755680501461029e-02 1.200561318546533585e-02 3.333529923111200333e-03 1.624654233455657959e-02 3.171451017260551453e-02 2.256372198462486267e-02 1.305946242064237595e-02 1.383287645876407623e-02 2.123459242284297943e-02 9.402409195899963379e-03 1.862610690295696259e-02 3.185073146596550941e-03 1.093028113245964050e-02 1.151357684284448624e-02 9.423045441508293152e-03 1.442993897944688797e-02 1.223173551261425018e-02 6.941408850252628326e-03
8.533510379493236542e-03 1.696908846497535706e-02 3.371518803760409355e-03 2.610290050506591797e-02 2.326906286180019379e-02 6.628632545471191406e-03 2.144587459042668343e-03 2.595984935760498047e-02 8.416281342506408691e-01 2.976776286959648132e-02 1.004917267709970474e-02 1.182158105075359344e-02 9.361132979393005371e-03 2.238965360447764397e-03 4.164985381066799164e-03 3.796389698982238770e-02 3.707716241478919983e-02 3.704522922635078430e-02 3.286784142255783081e-02 1.342365052551031113e-02 1.267345808446407318e-02 9.918772848322987556e-04 3.425986692309379578e-02 2.945991046726703644e-02 1.821865700185298920e-02 1.591572165489196777e-02 1.122124399989843369e-02 1.729485020041465759e-02 1.716930232942104340e-02 8.208878338336944580e-03 1.000190153717994690e-02 3.082076646387577057e-02 2.373285591602325439e-02 2.085360512137413025e-02 1.553700212389230728e-02 1.850214414298534393e-02 9.759447537362575531e-03 1.077206805348396301e-03 1.876262016594409943e-02 1.698859222233295441e-02 2.282385947182774544e-03 3.959295526146888733e-02 9.969935752451419830e-03 1.626604422926902771e-02 1.975317718461155891e-03 4.031642805784940720e-03 6.608509458601474762e-03 6.699367891997098923e-03 2.716266736388206482e-02 1.785884052515029907e-02 1.709549129009246826e-02 1.541876979172229767e-02 9.688710793852806091e-03 7.064162753522396088e-03 3.328097239136695862e-02 2.698399685323238373e-02 2.413623221218585968e-02 3.224151441827416420e-03 2.282059378921985626e-02 1.296958234161138535e-02 3.404162824153900146e-02 2.374187298119068146e-02 1.115839835256338120e-02 2.137036528438329697e-03 5.659587215632200241e-03 1.467441208660602570e-02 1.603380776941776276e-02 1.801979541778564453e-02 4.877440631389617920e-02 2.261674962937831879e-02 3.899181261658668518e-02 2.201089635491371155e-03 3.590561076998710632e-02 1.069382205605506897e-02 2.822902239859104156e-02 9.985928423702716827e-03 4.928312823176383972e-02 3.620297834277153015e-02 1.706583984196186066e-02 7.580664940178394318e-03 4.493580665439367294e-03 1.359113957732915878e-02 3.346735239028930664e-02 2.764644287526607513e-02 1.676944643259048462e-02 1.672583020990714431e-04 1.307180989533662796e-02 1.192507147789001465e-02 3.325099125504493713e-02 1.568693108856678009e-02 8.890168392099440098e-04 2.234482206404209137e-02 2.401580102741718292e-02 1.173589937388896942e-02 2.529043145477771759e-02 1.538303121924400330e-02 2.859506942331790924e-02 1.681782677769660950e-02 2.972785197198390961e-02 1.568024232983589172e-02 2.372899651527404785e-02 5.295539740473031998e-03 3.641458228230476379e-02 6.123541854321956635e-03 1.124047907069325447e-03 3.459099098108708858e-04 2.053330652415752411e-02 1.161830150522291660e-03 1.231025997549295425e-02 2.050018636509776115e-03 2.433554269373416901e-02 6.382097024470567703e-03 1.947655715048313141e-02 3.190907649695873260e-03 3.627838939428329468e-02 2.990947477519512177e-02
1.919842138886451721e-02 1.352498866617679596e-02 2.169841341674327850e-02 1.577679626643657684e-02 2.205527760088443756e-02 1.904408819973468781e-02 8.977101184427738190e-03 6.323676207102835178e-04 2.976776286959648132e-02 8.416281342506408691e-01 1.161261927336454391e-02 7.285700645297765732e-03 4.065451212227344513e-03 1.382026355713605881e-02 4.120570141822099686e-03 3.585525974631309509e-02 3.135299310088157654e-02 2.231941185891628265e-02 3.570636734366416931e-02 3.743548691272735596e-02 2.120242454111576080e-02 5.454891826957464218e-03 3.060922212898731232e-02 4.269713535904884338e-02 1.532913744449615479e-02 1.343299075961112976e-02 7.132868748158216476e-03 1.523781009018421173e-02 1.272765360772609711e-02 4.437892697751522064e-03 7.259295671246945858e-04 2.850500494241714478e-02 7.106881123036146164e-03 2.943830005824565887e-02 1.977051794528961182e-02 4.214939195662736893e-03 1.154059357941150665e-02 2.007730677723884583e-02 5.901053082197904587e-03 1.810932159423828125e-02 2.996783517301082611e-02 9.393800050020217896e-03 2.479274384677410126e-02 1.291997823864221573e-02 1.469573657959699631e-02 3.417110070586204529e-02 1.627794653177261353e-02 5.269736517220735550e-03 8.460154756903648376e-03 3.442165255546569824e-02 5.373761523514986038e-03 8.983188308775424957e-03 7.857809774577617645e-03 1.233008783310651779e-02 8.354447782039642334e-03 3.426995500922203064e-02 9.784140856936573982e-04 3.280279412865638733e-02 8.349940180778503418e-03 1.756778545677661896e-02 2.747918013483285904e-03 2.146140486001968384e-02 1.750367321074008942e-02 1.462764665484428406e-02 1.134274154901504517e-02 6.525454111397266388e-03 2.474257349967956543e-02 3.057323023676872253e-02 2.424447424709796906e-02 7.070916704833507538e-03 3.762511163949966431e-02 6.704917643219232559e-03 1.323392707854509354e-02 1.990138180553913116e-02 1.617877557873725891e-02 1.438887510448694229e-02 1.527566369622945786e-02 5.100427195429801941e-02 1.870572194457054138e-02 5.076650530099868774e-02 6.872687023133039474e-03 1.797087723389267921e-03 1.511669252067804337e-02 2.285401150584220886e-02 1.884615235030651093e-02 3.848548606038093567e-02 2.560724678914994001e-04 5.382390227168798447e-03 3.586930688470602036e-03 3.409753367304801941e-02 6.255042739212512970e-03 2.293699362780898809e-04 5.217698868364095688e-03 1.903497427701950073e-02 1.304415753111243248e-03 1.653852127492427826e-02 1.095455721952021122e-03 1.503112073987722397e-02 1.310561783611774445e-03 2.737820520997047424e-02 1.735728979110717773e-02 1.809335127472877502e-02 2.700494974851608276e-02 3.107083961367607117e-02 1.037149596959352493e-02 1.331098284572362900e-02 2.471213601529598236e-02 2.786392811685800552e-03 1.195478998124599457e-02 3.029808029532432556e-02 2.559241279959678650e-02 1.825166866183280945e-02 9.817524114623665810e-04 1.727376878261566162e-02 1.762834936380386353e-02 2.797116898000240326e-02
5.622993409633636475e-02 4.973484203219413757e-02 1.291499845683574677e-02 3.242866951040923595e-04 1.328799594193696976e-02 4.392734169960021973e-02 5.054703727364540100e-02 1.476691197603940964e-02 1.004917267709970474e-02 1.161261927336454391e-02 8.416281342506408691e-01 1.206563785672187805e-02 6.557497382164001465e-02 1.719791442155838013e-02 3.777446970343589783e-02 4.130312590859830379e-04 4.409933462738990784e-03 7.737840642221271992e-04 1.256859302520751953e-02 5.608143983408808708e-04 6.543466355651617050e-03 3.897211328148841858e-02 3.180544823408126831e-03 6.514483597129583359e-03 6.745512597262859344e-03 3.734932746738195419e-03 1.893885433673858643e-02 2.025359496474266052e-02 4.459692537784576416e-02 2.736898511648178101e-02 4.530062898993492126e-02 7.919454015791416168e-03 9.839260019361972809e-04 1.054989825934171677e-02 4.331619944423437119e-03 2.239639498293399811e-02 3.412967082113027573e-03 2.430413104593753815e-02 1.024351082742214203e-02 4.088119138032197952e-03 1.737344264984130859e-02 8.383220061659812927e-03 7.175915874540805817e-03 1.241594739258289337e-02 2.074728533625602722e-02 5.948788486421108246e-03 5.531887337565422058e-02 5.914253741502761841e-02 1.353524252772331238e-02 1.717565348371863365e-03 1.202771998941898346e-02 1.042070984840393066e-02 1.578514836728572845e-02 1.082499790936708450e-02 1.821000874042510986e-02 4.501458533923141658e-05 5.588266067206859589e-03 2.257402241230010986e-02 5.993031896650791168e-03 1.395196747034788132e-02 6.641769781708717346e-03 1.489591412246227264e-02 1.330470666289329529e-02 5.521497689187526703e-03 4.050284996628761292e-02 3.977967426180839539e-02 1.529958844184875488e-02 2.385391155257821083e-03 1.178621780127286911e-02 2.773386193439364433e-03 1.822100393474102020e-02 4.175315052270889282e-02 1.179948565550148487e-03 2.855426073074340820e-02 2.774991560727357864e-03 2.722938358783721924e-02 2.484902925789356232e-02 1.845880784094333649e-02 4.027449758723378181e-04 1.903036423027515411e-02 2.549856342375278473e-02 3.770548617467284203e-03 6.820393726229667664e-03 2.422225661575794220e-03 7.672038394957780838e-03 1.034201122820377350e-02 1.791690476238727570e-02 2.971608750522136688e-02 1.153659354895353317e-02 1.781559176743030548e-02 3.429976850748062134e-02 4.472349956631660461e-02 4.570281505584716797e-02 2.042428590357303619e-02 1.156727783381938934e-02 5.125640891492366791e-03 2.130872383713722229e-02 1.517400611191987991e-03 1.052663847804069519e-02 2.138870768249034882e-02 3.409255587030202150e-04 5.558881908655166626e-03 3.011305443942546844e-02 6.606078241020441055e-03 2.388971485197544098e-02 1.259982120245695114e-02 5.492113996297121048e-03 2.281371038407087326e-03 6.091460585594177246e-03 2.176830172538757324e-02 2.280392684042453766e-03 1.548361126333475113e-02 2.835634537041187286e-02 7.094999309629201889e-03 4.783404525369405746e-03 1.479366049170494080e-02
1.510252896696329117e-02 8.956760284490883350e-04 4.643354914151132107e-04 1.976282708346843719e-02 2.844249270856380463e-02 4.824499040842056274e-02 3.512439876794815063e-02 7.800250779837369919e-03 1.182158105075359344e-02 7.285700645297765732e-03 1.206563785672187805e-02 8.416281342506408691e-01 6.536672357469797134e-03 7.065190374851226807e-02 1.827991008758544922e-02 1.914511807262897491e-02 2.825052477419376373e-02 9.735499508678913116e-03 2.853671647608280182e-02 7.939678616821765900e-03 1.017866469919681549e-02 3.059243084862828255e-03 3.556938841938972473e-02 3.052955865859985352e-02 1.309957727789878845e-02 2.845924906432628632e-02 1.872658915817737579e-02 5.315832793712615967e-02 2.711117453873157501e-02 6.380166858434677124e-02 1.700815744698047638e-02 6.595353595912456512e-03 5.128413438796997070e-03 3.328616498038172722e-03 1.874463446438312531e-02 2.523848228156566620e-02 4.063111729919910431e-03 1.266209036111831665e-02 1.684450358152389526e-02 2.863334305584430695e-02 1.320859044790267944e-02 5.819213693030178547e-04 2.512631006538867950e-02 1.839700900018215179e-02 7.122897659428417683e-04 7.125287316739559174e-03 1.722447574138641357e-02 1.071535237133502960e-02 5.198081955313682556e-03 8.112439885735511780e-03 1.345997024327516556e-02 2.156296186149120331e-02 8.120873011648654938e-03 1.431107800453901291e-02 2.345390152186155319e-03 7.528852671384811401e-03 9.359135292470455170e-03 8.093496435321867466e-04 8.425154373981058598e-05 1.551823690533638000e-02 1.356803695671260357e-03 1.516962330788373947e-02 3.011501627042889595e-03 8.142261649481952190e-04 9.467924013733863831e-03 1.633528037928044796e-03 5.037358961999416351e-03 1.132832840085029602e-03 6.881300359964370728e-03 3.020304441452026367e-02 7.674327353015542030e-04 2.498532179743051529e-03 8.216483518481254578e-03 2.703029103577136993e-02 5.108259152621030807e-03 3.615480381995439529e-03 7.413335610181093216e-03 1.100360509008169174e-02 1.824144646525382996e-02 3.104704990983009338e-02 1.176091283559799194e-02 1.808143034577369690e-02 1.762820035219192505e-02 2.094061300158500671e-02 1.493729650974273682e-02 8.555710315704345703e-03 1.794284395873546600e-02 2.410067804157733917e-02 2.613871917128562927e-02 3.262562304735183716e-02 5.834837444126605988e-03 9.393401443958282471e-03 1.776238344609737396e-02 4.068537091370671988e-04 1.157611235976219177e-02 3.581922035664319992e-03 2.980404999107122421e-03 1.579899899661540985e-02 2.791207656264305115e-02 1.375537179410457611e-02 7.924025878310203552e-03 2.100316574797034264e-03 4.209504928439855576e-03 7.423752686008810997e-04 1.015217392705380917e-03 1.307629863731563091e-03 1.681618019938468933e-02 1.493645831942558289e-02 1.658095978200435638e-02 1.769455336034297943e-02 9.868778288364410400e-03 1.451552100479602814e-02 1.943618804216384888e-02 3.789325803518295288e-02 1.704480685293674469e-02 7.201981730759143829e-03
5.571022257208824158e-02 5.515595525503158569e-02 5.821447353810071945e-03 2.008080715313553810e-03 1.380149647593498230e-02 3.961564972996711731e-02 5.473376438021659851e-02 1.786288991570472717e-02 9.361132979393005371e-03 4.065451212227344513e-03 6.557497382164001465e-02 6.536672357469797134e-03 8.416281342506408691e-01 1.727568730711936951e-02 3.814425691962242126e-02 3.143155947327613831e-03 2.249489072710275650e-03 3.433104371652007103e-03 9.946751408278942108e-03 1.745740184560418129e-03 5.865706130862236023e-03 3.835322335362434387e-02 5.907053593546152115e-03 6.498664617538452148e-03 2.276026643812656403e-03 2.414407907053828239e-03 2.033870294690132141e-02 1.343323010951280594e-02 4.238387197256088257e-02 2.554184757173061371e-02 4.670017957687377930e-02 8.379955776035785675e-03 9.816234232857823372e-04 1.127666048705577850e-02 2.220570342615246773e-03 2.357431314885616302e-02 1.065520802512764931e-03 2.172536775469779968e-02 5.009133834391832352e-03 3.644583979621529579e-03 2.067098580300807953e-02 6.938287988305091858e-03 7.861997932195663452e-03 6.119310855865478516e-03 1.457399222999811172e-02 1.474944688379764557e-02 5.315571650862693787e-02 6.604178249835968018e-02 1.696556806564331055e-02 1.356816757470369339e-02 1.622491702437400818e-02 1.011545956134796143e-02 8.775842376053333282e-03 4.025876056402921677e-03 1.859046705067157745e-02 9.586420841515064240e-03 1.257118955254554749e-02 1.587339304387569427e-02 1.168286241590976715e-02 1.140663865953683853e-02 2.214630832895636559e-03 1.399897504597902298e-02 1.785129681229591370e-02 7.083368487656116486e-03 3.331227973103523254e-02 4.024364054203033447e-02 1.541410293430089951e-02 1.518389326520264149e-03 1.239597424864768982e-02 1.776717370375990868e-03 1.488608308136463165e-02 4.598263651132583618e-02 4.149855580180883408e-03 2.168975397944450378e-02 6.526877637952566147e-03 3.489631786942481995e-02 2.594293653964996338e-02 1.293016411364078522e-02 2.073501091217622161e-04 9.390542283654212952e-03 2.825569920241832733e-02 1.030272059142589569e-02 2.291315468028187752e-03 2.068544970825314522e-03 6.031778175383806229e-03 4.192179534584283829e-03 1.048204302787780762e-02 2.532822638750076294e-02 2.062688209116458893e-02 1.434329897165298462e-02 3.263793885707855225e-02 3.990787267684936523e-02 5.304474011063575745e-02 1.520992629230022430e-02 1.016492396593093872e-02 3.775025950744748116e-03 2.521487139165401459e-02 9.913569316267967224e-03 1.021974813193082809e-02 1.638645306229591370e-02 6.622440996579825878e-04 6.511406507343053818e-03 2.859185449779033661e-02 1.468987669795751572e-02 1.834642328321933746e-02 8.851469494402408600e-03 9.839957579970359802e-03 5.286684259772300720e-03 3.639744129031896591e-03 1.672357320785522461e-02 3.177164471708238125e-04 1.974092237651348114e-02 2.667393721640110016e-02 5.556223914027214050e-03 6.562874186784029007e-03 1.441062241792678833e-02
