8.463639020919799805e-01 7.536949217319488525e-02 1.344036718364804983e-04 2.196954749524593353e-02 1.855619624257087708e-02 7.078523933887481689e-02 6.472225487232208252e-02 2.421502023935317993e-02 1.033739186823368073e-02 1.553924847394227982e-02 6.502038985490798950e-02 2.493060380220413208e-02 5.265221744775772095e-02 2.699637413024902344e-02 2.361852303147315979e-02 9.384925477206707001e-03 7.942158728837966919e-03 1.177962683141231537e-02 2.047226205468177795e-02 9.210810996592044830e-03 1.437718980014324188e-02 3.416903689503669739e-02 3.014587564393877983e-03 1.213402836583554745e-03 1.120407320559024811e-02 6.213105749338865280e-03 1.968548074364662170e-02 1.621391996741294861e-02 5.336532741785049438e-02 1.290530525147914886e-02 5.612667277455329895e-02 2.804515650495886803e-03 2.192889573052525520e-03 3.611487336456775665e-03 2.717229537665843964e-03 8.032999001443386078e-03 6.933668628334999084e-03 1.693730056285858154e-02 1.289290655404329300e-02 6.529948208481073380e-03 5.719034466892480850e-03 3.994654398411512375e-04 3.081412985920906067e-03 4.760248586535453796e-03 4.732175264507532120e-03 2.633097465150058270e-04 7.099737226963043213e-02 6.127696484327316284e-02 2.510550897568464279e-03 1.558343996293842793e-03 1.380388252437114716e-02 1.241161394864320755e-02 1.093629281967878342e-02 7.412950042635202408e-03 2.919860417023301125e-03 9.774155914783477783e-04 1.102686487138271332e-02 8.894820697605609894e-03 1.050069346092641354e-03 7.209510542452335358e-03 1.370922662317752838e-02 1.422636583447456360e-02 1.197167299687862396e-02 4.362927284091711044e-03 3.611937910318374634e-02 3.112361207604408264e-02 4.021333996206521988e-03 7.131091784685850143e-03 1.321430201642215252e-03 1.495738420635461807e-02 6.421947386115789413e-03 1.156426034867763519e-02 2.547600679099559784e-02 5.781555082648992538e-04 1.974778622388839722e-02 6.981525570154190063e-03 1.060497015714645386e-03 1.641892158659175038e-04 9.621766512282192707e-04 6.944510154426097870e-03 1.350259408354759216e-02 1.705547794699668884e-02 1.867153309285640717e-02 2.928414940834045410e-02 3.157106228172779083e-03 1.669876463711261749e-02 2.377637475728988647e-02 2.164794318377971649e-02 7.098223082721233368e-03 4.261078778654336929e-03 6.495244055986404419e-02 3.070966340601444244e-02 6.407727301120758057e-02 2.326233126223087311e-02 6.494424771517515182e-03 9.584131650626659393e-03 2.867637434974312782e-03 9.713061153888702393e-03 4.891488235443830490e-03 2.787978737615048885e-04 1.250867266207933426e-02 1.508459681645035744e-04 7.911995984613895416e-03 1.291207130998373032e-02 2.005685353651642799e-03 3.706130431964993477e-03 2.111960761249065399e-02 4.462237469851970673e-03 5.478232167661190033e-03 1.157003361731767654e-02 2.837745472788810730e-03 8.691194467246532440e-03 1.523090293630957603e-03 3.160196647513657808e-04 2.851561293937265873e-04 2.967936731874942780e-02
7.536949217319488525e-02 8.463639020919799805e-01 1.251366082578897476e-02 1.930948719382286072e-02 1.249219849705696106e-02 5.976843461394309998e-02 5.739461258053779602e-02 3.480724245309829712e-02 8.835283108055591583e-03 9.197277016937732697e-03 5.979460850358009338e-02 2.389522828161716461e-02 5.973648279905319214e-02 2.806987427175045013e-02 2.887796796858310699e-02 7.130752783268690109e-03 4.026793874800205231e-03 4.607133567333221436e-03 1.686086691915988922e-02 1.479196269065141678e-02 2.211129106581211090e-02 4.016891121864318848e-02 1.732715987600386143e-03 2.089807996526360512e-03 5.635130219161510468e-03 1.392235420644283295e-02 2.343250997364521027e-02 1.626040972769260406e-02 4.312819242477416992e-02 2.367459982633590698e-02 5.141620710492134094e-02 1.008155662566423416e-02 8.245183154940605164e-03 7.534762844443321228e-03 6.665481720119714737e-03 1.580913364887237549e-02 2.196252346038818359e-02 1.763445511460304260e-02 1.115898042917251587e-02 8.260105736553668976e-03 1.099949236959218979e-02 2.398881828412413597e-03 7.078566122800111771e-03 9.119436144828796387e-03 3.422924550250172615e-03 1.804674975574016571e-03 6.096162647008895874e-02 5.264309793710708618e-02 8.350087329745292664e-03 1.826603431254625320e-03 7.685063406825065613e-03 7.446387317031621933e-03 1.867234520614147186e-02 1.705757156014442444e-02 3.345369128510355949e-03 1.940231653861701488e-03 6.551398895680904388e-03 1.637056469917297363e-02 5.243491381406784058e-03 4.419613163918256760e-03 1.107510086148977280e-02 1.904864422976970673e-02 1.296621840447187424e-02 5.272125359624624252e-03 3.337587043642997742e-02 3.506322205066680908e-02 1.902923104353249073e-03 6.583925802260637283e-03 4.662299528717994690e-03 1.312088128179311752e-02 1.378090819343924522e-03 1.635432057082653046e-02 1.735234819352626801e-02 3.444903995841741562e-04 1.459401007741689682e-02 8.248239755630493164e-03 2.134570619091391563e-03 5.299782846122980118e-03 3.414701903238892555e-03 8.320555207319557667e-04 2.069948613643646240e-02 2.593596652150154114e-02 3.530538175255060196e-03 1.813770458102226257e-02 3.517806529998779297e-03 1.878367178142070770e-02 2.897009067237377167e-02 3.084373101592063904e-02 9.643905796110630035e-03 9.679895825684070587e-03 5.871171876788139343e-02 3.112163208425045013e-02 5.903260782361030579e-02 2.852047793567180634e-02 4.076401703059673309e-03 2.822260372340679169e-03 3.934772685170173645e-03 1.055397279560565948e-02 5.636977675749221817e-06 5.551235284656286240e-03 1.879276521503925323e-02 5.925217177718877792e-03 8.285828866064548492e-03 1.375765539705753326e-02 1.230709813535213470e-02 2.059506950899958611e-04 2.574663423001766205e-02 4.279441665858030319e-03 1.552268117666244507e-02 1.378238108009099960e-02 4.715706687420606613e-03 1.440655440092086792e-02 2.803765702992677689e-03 1.648778561502695084e-03 5.318351555615663528e-03 3.883196040987968445e-02
1.344036718364804983e-04 1.251366082578897476e-02 8.463639020919799805e-01 3.954260610044002533e-03 1.197505858726799488e-03 1.420240616425871849e-03 5.631312262266874313e-03 3.696081787347793579e-02 1.076846662908792496e-02 1.028849929571151733e-02 5.403470713645219803e-03 2.232817467302083969e-03 1.061730924993753433e-02 4.638625308871269226e-03 2.325707301497459412e-02 9.991585277020931244e-03 1.112481672316789627e-02 4.090509843081235886e-03 4.216240253299474716e-03 2.861349377781152725e-03 8.947409223765134811e-04 1.906160824000835419e-02 1.595500856637954712e-02 1.634023338556289673e-02 9.390561841428279877e-03 5.822087638080120087e-03 1.771170832216739655e-02 9.424956515431404114e-03 8.350518532097339630e-03 4.724537022411823273e-03 1.040169224143028259e-02 1.049759704619646072e-02 2.783064357936382294e-02 8.716738782823085785e-03 2.188419550657272339e-02 3.023619065061211586e-03 4.239754285663366318e-03 1.758561469614505768e-02 7.882980629801750183e-03 6.210189778357744217e-03 3.119383007287979126e-02 1.062087435275316238e-02 1.760808192193508148e-02 4.688382521271705627e-02 1.295375358313322067e-02 1.462196558713912964e-02 2.095818286761641502e-03 1.779799116775393486e-03 3.612400265410542488e-03 1.572113484144210815e-02 4.670090042054653168e-03 6.586208473891019821e-03 2.833304181694984436e-02 2.090892381966114044e-02 8.431277237832546234e-03 2.406961284577846527e-03 2.787845733109861612e-04 5.223485175520181656e-03 2.739396505057811737e-02 2.115946263074874878e-02 1.925465092062950134e-02 5.054904613643884659e-03 2.332453615963459015e-02 2.784500457346439362e-02 1.759900711476802826e-02 1.376300584524869919e-02 1.843302627094089985e-03 9.099681861698627472e-03 9.135225787758827209e-03 2.544384635984897614e-02 5.653163883835077286e-03 1.701377332210540771e-02 1.180957723408937454e-02 1.736074313521385193e-02 5.467561539262533188e-03 1.070402935147285461e-02 5.112328566610813141e-03 1.099277101457118988e-02 6.489691324532032013e-03 6.771709304302930832e-04 5.221454054117202759e-02 3.675827756524085999e-02 5.481856875121593475e-03 2.439317293465137482e-03 5.612434353679418564e-03 7.725332397967576981e-03 3.691508620977401733e-02 3.049317188560962677e-02 6.802048068493604660e-03 4.330702126026153564e-03 7.579624652862548828e-03 1.812576502561569214e-02 3.152549499645829201e-03 1.840130612254142761e-02 6.532398401759564877e-04 1.186386123299598694e-02 2.517923898994922638e-02 4.950570408254861832e-03 1.878654211759567261e-02 1.018031965941190720e-02 7.091664709150791168e-03 6.180200725793838501e-03 2.526304498314857483e-02 1.833000220358371735e-02 1.764138415455818176e-02 1.303936541080474854e-02 1.617380231618881226e-02 2.845768816769123077e-02 1.131695788353681564e-02 1.482468936592340469e-02 3.478244692087173462e-02 3.133095428347587585e-02 8.012530393898487091e-03 2.704443410038948059e-03 1.907366141676902771e-02 3.363651037216186523e-02
2.196954749524593353e-02 1.930948719382286072e-02 3.954260610044002533e-03 8.463639020919799805e-01 8.794169872999191284e-02 2.510454133152961731e-02 3.269166871905326843e-02 1.315351459197700024e-03 6.785931531339883804e-03 4.272341262549161911e-03 1.183976698666810989e-02 2.261279005324468017e-04 1.267671585083007812e-02 3.949875943362712860e-03 1.237193029373884201e-02 2.696976810693740845e-02 2.854017354547977448e-02 3.967068716883659363e-02 3.385126963257789612e-02 1.082782261073589325e-02 1.019739639014005661e-02 4.662991501390933990e-03 1.927096396684646606e-02 2.072825841605663300e-02 1.341155963018536568e-03 4.338196478784084320e-03 5.633458495140075684e-03 6.510548410005867481e-04 1.489213574677705765e-02 1.882899232441559434e-04 7.453533355146646500e-03 1.238442398607730865e-02 7.418338209390640259e-03 2.581130247563123703e-03 2.244739234447479248e-02 2.288068085908889771e-02 2.735533192753791809e-02 1.983426278457045555e-03 5.031493306159973145e-02 5.818437412381172180e-02 2.085903193801641464e-03 1.694417186081409454e-02 1.500480249524116516e-02 5.260619800537824631e-03 6.713863112963736057e-04 7.102183531969785690e-03 2.243649028241634369e-02 3.135577589273452759e-02 1.400318276137113571e-02 3.896722802892327309e-03 3.085565112996846437e-04 3.064755583181977272e-03 1.045191660523414612e-02 3.343118121847510338e-03 1.336604170501232147e-02 1.799726672470569611e-02 2.613792428746819496e-03 1.460769027471542358e-02 1.054341089911758900e-03 6.541297305375337601e-03 2.937647327780723572e-02 1.976378820836544037e-02 1.303068734705448151e-02 1.816676370799541473e-02 2.111660316586494446e-02 1.209744159132242203e-02 1.273468602448701859e-02 6.417741533368825912e-03 2.063404768705368042e-02 5.030179861932992935e-03 3.033973835408687592e-02 1.591800391906872392e-04 6.414929032325744629e-02 6.210085935890674591e-03 5.779112502932548523e-02 3.425540344323962927e-04 8.081916719675064087e-03 1.401688996702432632e-02 1.696935296058654785e-02 1.367897784803062677e-04 7.262213155627250671e-03 4.870295524597167969e-03 5.889263749122619629e-02 6.011920794844627380e-02 1.946474798023700714e-02 1.421797648072242737e-02 2.187853213399648666e-03 5.027994629926979542e-04 1.956236176192760468e-02 2.627017907798290253e-02 1.620162278413772583e-02 1.799457822926342487e-03 2.092436887323856354e-02 8.124180021695792675e-04 4.819483147002756596e-04 1.161254476755857468e-02 1.097655016928911209e-02 3.427457530051469803e-03 6.411429960280656815e-03 4.827565513551235199e-03 4.944988526403903961e-03 4.674305673688650131e-03 1.083068642765283585e-02 7.143751252442598343e-03 1.153561193495988846e-02 2.550552308093756437e-04 4.802801180630922318e-03 1.500914571806788445e-03 1.989876665174961090e-02 6.457325536757707596e-03 1.610159873962402344e-02 1.715274900197982788e-02 1.863801106810569763e-02 6.479413248598575592e-03 1.309062726795673370e-02 2.126474719261750579e-04
1.855619624257087708e-02 1.249219849705696106e-02 1.197505858726799488e-03 8.794169872999191284e-02 8.463639020919799805e-01 1.831252872943878174e-02 2.929013408720493317e-02 5.077598616480827332e-03 1.854608068242669106e-03 1.233424153178930283e-02 6.255666259676218033e-03 6.392099428921937943e-03 8.735203184187412262e-03 4.684474319219589233e-03 1.565400138497352600e-02 3.453687205910682678e-02 3.699680417776107788e-02 4.267489910125732422e-02 4.886666685342788696e-02 1.502092275768518448e-02 7.151820464059710503e-04 2.068750094622373581e-03 1.423363946378231049e-02 1.263790577650070190e-02 3.228705376386642456e-03 3.445014590397477150e-03 2.880347659811377525e-03 3.419076558202505112e-03 4.757466726005077362e-03 8.715153671801090240e-03 8.363453671336174011e-03 7.051810156553983688e-03 9.545885957777500153e-03 4.022950772196054459e-03 1.619348302483558655e-02 1.844689995050430298e-02 2.520024403929710388e-02 1.022745762020349503e-02 5.857769027352333069e-02 5.796911567449569702e-02 1.296760234981775284e-02 1.138583011925220490e-02 1.050789747387170792e-02 3.533214563503861427e-03 1.316636800765991211e-03 1.665105344727635384e-03 2.074683457612991333e-02 3.383419290184974670e-02 8.724830113351345062e-03 6.690968759357929230e-03 2.306947717443108559e-04 6.140553858131170273e-03 1.196109782904386520e-02 3.325451863929629326e-03 1.330246590077877045e-02 2.916678972542285919e-02 1.156334416009485722e-03 7.768344134092330933e-03 2.741214353591203690e-03 3.332810010761022568e-03 3.153863921761512756e-02 3.092193417251110077e-02 1.187021750956773758e-02 1.289199665188789368e-02 1.560295466333627701e-02 1.107180304825305939e-02 1.521228253841400146e-02 5.817400757223367691e-03 2.549302205443382263e-02 3.328802529722452164e-03 3.431771323084831238e-02 5.067568738013505936e-03 6.343806535005569458e-02 9.160543791949748993e-03 6.824453920125961304e-02 2.053679199889302254e-03 1.630253344774246216e-02 1.674291677772998810e-02 1.540624070912599564e-02 1.533900853246450424e-03 1.662656315602362156e-03 1.070134225301444530e-03 5.596573278307914734e-02 6.769096106290817261e-02 1.382745802402496338e-02 9.997681714594364166e-03 1.164127839729189873e-03 7.270785281434655190e-04 1.401190832257270813e-02 2.261861786246299744e-02 7.613143883645534515e-03 1.083100214600563049e-03 1.709678582847118378e-02 1.066826982423663139e-03 1.795848598703742027e-03 1.623765192925930023e-02 1.588801853358745575e-02 4.151717759668827057e-03 1.631043734960258007e-03 3.008051775395870209e-03 1.041810028254985809e-02 1.067718770354986191e-02 1.292859110981225967e-02 5.831758957356214523e-03 1.279923785477876663e-02 2.139773219823837280e-03 1.224774029105901718e-02 4.156696610152721405e-03 1.776715554296970367e-02 3.237232798710465431e-03 1.837110146880149841e-02 2.026107348501682281e-02 1.266394555568695068e-02 1.433831825852394104e-02 2.488539367914199829e-02 1.647929893806576729e-04
7.078523933887481689e-02 5.976843461394309998e-02 1.420240616425871849e-03 2.510454133152961731e-02 1.831252872943878174e-02 8.463639020919799805e-01 8.578414469957351685e-02 8.111905306577682495e-03 3.580367425456643105e-03 1.785852387547492981e-02 4.571827128529548645e-02 3.240295127034187317e-02 2.648539841175079346e-02 3.669307008385658264e-02 2.170413266867399216e-03 2.302048355340957642e-02 1.829056255519390106e-02 1.631674915552139282e-02 2.566312812268733978e-02 8.360603824257850647e-03 1.150804758071899414e-02 1.640460081398487091e-02 8.839327841997146606e-03 6.462988909333944321e-03 1.572078838944435120e-02 1.004099939018487930e-02 5.688003730028867722e-03 1.214739866554737091e-02 4.795143380761146545e-02 1.804349129088222980e-03 4.068364575505256653e-02 9.256185963749885559e-03 2.667073567863553762e-04 1.190342009067535400e-03 2.365238266065716743e-03 5.089017096906900406e-03 4.680892452597618103e-03 7.390102371573448181e-03 1.126353256404399872e-02 4.549574106931686401e-03 3.784100525081157684e-03 8.640254847705364227e-03 1.893520355224609375e-03 7.368805352598428726e-03 1.769307069480419159e-02 1.598236151039600372e-02 8.835550397634506226e-02 7.692861557006835938e-02 4.058980848640203476e-03 1.733026234433054924e-03 2.370462007820606232e-02 2.526360563933849335e-02 8.549487218260765076e-03 9.415988810360431671e-03 3.020674455910921097e-03 6.055704434402287006e-04 1.496900524944067001e-02 1.875807531177997589e-02 2.522038295865058899e-02 2.232275344431400299e-02 1.969048008322715759e-02 1.684486120939254761e-02 1.141493115574121475e-02 5.683041177690029144e-03 2.207591012120246887e-02 1.370855234563350677e-02 3.522294806316494942e-03 1.134444773197174072e-02 2.886889735236763954e-03 3.791780036408454180e-04 8.852884173393249512e-03 6.214686203747987747e-03 2.493841759860515594e-02 1.316961180418729782e-02 2.044325135648250580e-02 6.609882228076457977e-03 6.010899320244789124e-03 4.799078684300184250e-03 1.106328703463077545e-02 5.687922704964876175e-03 2.999492571689188480e-04 3.049344755709171295e-03 2.222236618399620056e-02 3.338488563895225525e-02 3.160948632284998894e-03 1.489910576492547989e-02 3.778211539611220360e-03 2.751708729192614555e-03 2.670429460704326630e-02 1.414698921144008636e-02 6.783358752727508545e-02 1.624366454780101776e-02 6.471866369247436523e-02 1.022034091874957085e-03 1.495863217860460281e-02 5.514196120202541351e-03 6.482522469013929367e-03 1.707052579149603844e-03 1.216509100049734116e-02 6.268672645092010498e-03 1.198553014546632767e-02 1.507999026216566563e-03 4.849550779908895493e-03 2.355456352233886719e-03 1.990340184420347214e-03 1.792951487004756927e-02 1.482290402054786682e-02 1.138350088149309158e-02 5.909278988838195801e-03 1.330107636749744415e-02 8.988306857645511627e-03 2.666212385520339012e-03 3.018729155883193016e-03 1.595414243638515472e-03 7.073560846038162708e-04 1.475803181529045105e-02
6.472225487232208252e-02 5.739461258053779602e-02 5.631312262266874313e-03 3.269166871905326843e-02 2.929013408720493317e-02 8.578414469957351685e-02 8.463639020919799805e-01 1.261581201106309891e-02 1.604317314922809601e-02 4.831106867641210556e-03 4.582766070961952209e-02 2.913673594594001770e-02 3.436764329671859741e-02 4.362540692090988159e-02 5.469151772558689117e-03 1.377952005714178085e-02 1.249208580702543259e-02 9.986204095184803009e-04 3.633449226617813110e-02 2.424893714487552643e-02 1.827115565538406372e-02 1.909877359867095947e-02 2.136881230399012566e-03 1.053334912285208702e-03 1.666860771365463734e-03 2.842864952981472015e-03 1.402938086539506912e-02 8.716288022696971893e-03 5.210352689027786255e-02 7.345265243202447891e-03 4.842505231499671936e-02 8.364466018974781036e-03 2.762626856565475464e-03 2.170283114537596703e-04 1.269098138436675072e-03 1.049742009490728378e-02 2.668213332071900368e-03 6.164507940411567688e-03 5.609156563878059387e-03 4.014007281512022018e-03 2.097611781209707260e-03 5.880305543541908264e-03 6.324009154923260212e-04 6.176271010190248489e-03 1.715162023901939392e-02 3.110921196639537811e-02 8.451342582702636719e-02 9.166899323463439941e-02 2.933749346993863583e-04 6.552867591381072998e-03 4.799194633960723877e-03 1.612772606313228607e-02 1.345981191843748093e-02 3.585055237635970116e-03 7.251771632581949234e-03 4.217944573611021042e-03 1.172305201180279255e-03 5.772232543677091599e-03 2.283207327127456665e-02 6.707665044814348221e-03 1.185357198119163513e-02 2.114522084593772888e-02 7.551635149866342545e-03 3.459542291238903999e-03 2.782218344509601593e-02 2.788040786981582642e-02 1.455544400960206985e-02 6.384014151990413666e-03 4.202547017484903336e-03 1.453912700526416302e-03 1.247117063030600548e-03 1.029947423376142979e-03 2.327349968254566193e-02 7.881788536906242371e-03 1.841644570231437683e-02 2.843045862391591072e-03 7.322471123188734055e-03 3.020406235009431839e-03 6.778982933610677719e-04 1.395720150321722031e-02 2.496073720976710320e-03 5.051352549344301224e-03 1.348428241908550262e-02 3.531999513506889343e-02 1.935751177370548248e-03 2.236743830144405365e-02 4.999682307243347168e-03 1.282486692070960999e-02 1.111061312258243561e-02 2.282650955021381378e-02 6.457112729549407959e-02 1.945099979639053345e-02 7.481653988361358643e-02 1.085903402417898178e-02 2.491017058491706848e-02 1.054103765636682510e-02 3.539313096553087234e-03 6.484878249466419220e-03 7.069454295560717583e-04 3.439773572608828545e-03 1.108354888856410980e-02 6.343444809317588806e-03 1.899496070109307766e-03 5.345471203327178955e-03 5.334453657269477844e-03 4.545640666037797928e-03 6.065082270652055740e-04 1.453042216598987579e-02 2.561570843681693077e-03 8.340956643223762512e-03 1.070713344961404800e-02 8.774012676440179348e-04 6.968381814658641815e-03 1.177300116978585720e-03 8.605296723544597626e-03 9.102803654968738556e-03
2.421502023935317993e-02 3.480724245309829712e-02 3.696081787347793579e-02 1.315351459197700024e-03 5.077598616480827332e-03 8.111905306577682495e-03 1.261581201106309891e-02 8.463639020919799805e-01 1.922298222780227661e-02 1.580009469762444496e-03 3.210579976439476013e-02 3.313494380563497543e-03 3.805646300315856934e-02 4.485006444156169891e-03 4.475051164627075195e-02 2.321726176887750626e-03 3.121771151199936867e-03 1.260826829820871353e-02 8.343182504177093506e-03 1.982479915022850037e-02 2.882573939859867096e-02 2.522259950637817383e-02 9.656769223511219025e-03 5.428182194009423256e-04 9.268997237086296082e-03 3.468167036771774292e-02 2.333240024745464325e-02 1.584796421229839325e-02 2.770114690065383911e-02 1.468154788017272949e-02 2.388759702444076538e-02 1.955755054950714111e-02 1.616995595395565033e-02 2.890180610120296478e-02 2.956383116543292999e-02 3.182660415768623352e-02 3.306782990694046021e-02 1.487153675407171249e-02 4.378082696348428726e-03 1.218452583998441696e-02 1.315722428262233734e-02 5.517918150871992111e-03 8.844694239087402821e-04 1.718118786811828613e-02 4.214461892843246460e-03 8.122365921735763550e-03 1.598843000829219818e-02 1.390752755105495453e-02 1.623551174998283386e-02 1.823488622903823853e-02 5.262188613414764404e-03 1.038141734898090363e-02 2.603478543460369110e-02 3.078518249094486237e-02 1.994590740650892258e-03 1.666961424052715302e-02 8.890559896826744080e-03 3.234071657061576843e-02 3.237032145261764526e-02 2.868679538369178772e-02 1.989899203181266785e-02 2.134935744106769562e-02 5.260031204670667648e-03 2.684073895215988159e-02 3.489293158054351807e-02 3.169976174831390381e-02 5.982210859656333923e-03 1.748862862586975098e-02 1.042912993580102921e-02 1.397823076695203781e-02 4.009501077234745026e-03 1.155931595712900162e-02 1.612619671504944563e-04 3.571343608200550079e-03 1.410818542353808880e-03 5.202237050980329514e-03 1.042819861322641373e-02 6.918574683368206024e-03 9.562424384057521820e-03 1.097701303660869598e-02 3.422358259558677673e-02 4.779158905148506165e-02 9.120246395468711853e-03 6.804040167480707169e-04 5.660783033818006516e-03 1.221054513007402420e-02 4.008933901786804199e-02 4.290884733200073242e-02 9.291602764278650284e-04 8.176118135452270508e-03 2.720602601766586304e-02 3.084627911448478699e-02 1.901870779693126678e-02 2.891707047820091248e-02 1.186523865908384323e-02 6.008667405694723129e-03 1.204427052289247513e-02 1.472316449508070946e-03 6.633242592215538025e-03 1.124408841133117676e-02 2.563695423305034637e-02 3.328385576605796814e-02 1.507553737610578537e-02 8.263476192951202393e-03 2.605219557881355286e-02 2.967013046145439148e-02 2.555468305945396423e-02 1.243075355887413025e-02 3.241097554564476013e-02 2.746608108282089233e-02 1.305894367396831512e-02 1.617506891489028931e-02 4.896474070847034454e-03 5.558410659432411194e-03 8.361361920833587646e-03 2.309235557913780212e-02
1.033739186823368073e-02 8.835283108055591583e-03 1.076846662908792496e-02 6.785931531339883804e-03 1.854608068242669106e-03 3.580367425456643105e-03 1.604317314922809601e-02 1.922298222780227661e-02 8.463639020919799805e-01 4.807592928409576416e-02 1.097084674984216690e-02 2.714321576058864594e-02 1.690491102635860443e-02 1.085980236530303955e-02 5.853112321346998215e-03 3.833836689591407776e-02 3.987529501318931580e-02 2.688212506473064423e-02 2.143997000530362129e-03 1.871764101088047028e-02 3.505457658320665359e-03 1.213469915091991425e-02 5.266541242599487305e-02 5.324324965476989746e-02 1.213886216282844543e-02 5.621314048767089844e-03 2.282746881246566772e-02 2.007645927369594574e-02 2.765239402651786804e-02 1.203911565244197845e-02 1.361738797277212143e-02 1.017363090068101883e-02 2.700958400964736938e-02 7.272602058947086334e-03 1.655949396081268787e-03 6.901400163769721985e-03 7.614254020154476166e-03 1.184720918536186218e-02 3.002675715833902359e-03 5.427156109362840652e-03 8.473755791783332825e-03 4.398979619145393372e-02 3.277946263551712036e-02 1.455682795494794846e-02 1.409781724214553833e-02 4.081482533365488052e-03 9.795393794775009155e-03 1.371156796813011169e-02 1.951172016561031342e-02 2.115731127560138702e-02 2.682156674563884735e-02 2.071299590170383453e-02 2.275974838994443417e-04 1.481731515377759933e-02 4.067363962531089783e-02 2.075876481831073761e-02 1.738262735307216644e-02 5.618165247142314911e-03 7.258133962750434875e-03 1.098614558577537537e-02 1.504370826296508312e-03 7.837601937353610992e-03 1.213515643030405045e-02 1.356632419629022479e-04 1.716130226850509644e-02 2.071255818009376526e-02 1.695886254310607910e-02 7.268816232681274414e-03 5.658857524394989014e-02 1.888970099389553070e-02 4.240229353308677673e-02 1.399334985762834549e-02 6.040733773261308670e-03 1.441227551549673080e-02 8.067266084253787994e-03 2.583617344498634338e-03 6.918483972549438477e-02 5.261734873056411743e-02 4.083320498466491699e-02 2.142328582704067230e-02 1.664521172642707825e-02 1.870346441864967346e-02 1.148987747728824615e-02 8.581256261095404625e-04 1.856732182204723358e-02 2.119168452918529510e-02 1.206686068326234818e-02 7.145573850721120834e-03 2.462665922939777374e-02 1.321705617010593414e-02 1.107896678149700165e-02 1.441304478794336319e-02 2.574313804507255554e-02 1.118399761617183685e-02 1.544117182493209839e-02 2.151303738355636597e-02 9.754596278071403503e-03 8.963088039308786392e-04 5.220226943492889404e-02 4.874143376946449280e-02 1.281134039163589478e-02 6.117215845733880997e-03 7.184590213000774384e-03 4.144882783293724060e-03 1.612941548228263855e-02 1.868147403001785278e-02 4.672064445912837982e-03 3.683381015434861183e-03 4.944816231727600098e-03 1.844469271600246429e-02 3.580840770155191422e-03 4.620265681296586990e-03 2.403920888900756836e-02 2.106847427785396576e-02 9.950333274900913239e-03 4.781971685588359833e-03
1.553924847394227982e-02 9.197277016937732697e-03 1.028849929571151733e-02 4.272341262549161911e-03 1.233424153178930283e-02 1.785852387547492981e-02 4.831106867641210556e-03 1.580009469762444496e-03 4.807592928409576416e-02 8.463639020919799805e-01 1.203348860144615173e-02 2.926536463201045990e-02 6.255641579627990723e-03 2.565046213567256927e-02 1.666104304604232311e-03 3.850179910659790039e-02 4.551904276013374329e-02 4.125580191612243652e-02 1.603085920214653015e-02 1.785967126488685608e-02 1.061209850013256073e-02 1.962082460522651672e-03 3.383339568972587585e-02 3.647718578577041626e-02 1.447552256286144257e-02 1.699738204479217529e-02 1.510241068899631500e-02 1.130673475563526154e-02 3.567708190530538559e-03 1.139589212834835052e-02 4.672478884458541870e-03 1.005583535879850388e-02 2.886000275611877441e-02 2.986456081271171570e-02 3.236870747059583664e-03 1.378805842250585556e-02 3.699868917465209961e-03 3.374290827196091413e-04 2.216331288218498230e-02 1.355979871004819870e-02 9.276398457586765289e-03 2.593664824962615967e-02 3.356909006834030151e-02 2.048304863274097443e-02 1.055373717099428177e-02 7.273779716342687607e-03 1.082566287368535995e-02 1.066047465428709984e-03 6.068956106901168823e-03 5.852472037076950073e-02 2.704437263309955597e-02 2.223238162696361542e-02 1.084598479792475700e-03 7.994127459824085236e-03 2.027907222509384155e-02 5.715664848685264587e-02 1.951714605093002319e-02 7.907454855740070343e-03 2.222641604021191597e-03 1.027115155011415482e-03 1.024615019559860229e-02 3.275161236524581909e-02 1.305143907666206360e-02 3.793893614783883095e-03 1.576464995741844177e-02 3.657481400296092033e-03 6.453001871705055237e-03 1.885458081960678101e-02 4.731455072760581970e-02 8.805708028376102448e-03 5.035265162587165833e-02 1.739812083542346954e-02 1.846289262175559998e-02 1.165511645376682281e-02 2.033627219498157501e-02 4.262910224497318268e-03 4.776771739125251770e-02 6.563334167003631592e-02 1.780901849269866943e-02 9.835447184741497040e-03 1.075010374188423157e-02 1.093339524231851101e-03 3.403992950916290283e-02 2.406809292733669281e-02 1.325969956815242767e-02 2.943871542811393738e-02 6.077709840610623360e-04 8.135314099490642548e-03 1.317313127219676971e-02 1.148466113954782486e-02 8.340158499777317047e-03 7.568297907710075378e-03 1.473045349121093750e-02 6.467257160693407059e-03 2.170447446405887604e-02 3.223302960395812988e-02 8.888383163139224052e-04 5.186042282730340958e-03 3.479382395744323730e-02 4.027654975652694702e-02 4.289134405553340912e-03 2.772173285484313965e-02 3.213494317606091499e-03 8.754648151807487011e-04 2.175600081682205200e-02 1.369016431272029877e-02 4.233817569911479950e-03 6.357270292937755585e-03 1.967891678214073181e-02 1.788676157593727112e-02 9.148405864834785461e-03 5.863332189619541168e-03 1.042905356734991074e-02 2.174936980009078979e-02 2.339731156826019287e-02 1.361750345677137375e-02
6.502038985490798950e-02 5.979460850358009338e-02 5.403470713645219803e-03 1.183976698666810989e-02 6.255666259676218033e-03 4.571827128529548645e-02 4.582766070961952209e-02 3.210579976439476013e-02 1.097084674984216690e-02 1.203348860144615173e-02 8.463639020919799805e-01 1.465231552720069885e-02 5.508057028055191040e-02 1.883674040436744690e-02 2.680133655667304993e-02 1.635933294892311096e-03 2.081354323308914900e-04 6.017264095135033131e-04 1.994409784674644470e-02 1.373539306223392487e-02 1.651868224143981934e-02 3.930572047829627991e-02 1.721365260891616344e-03 1.058517373166978359e-03 1.173920277506113052e-02 1.755313575267791748e-02 2.447764016687870026e-02 8.584084920585155487e-03 5.273004621267318726e-02 6.504107266664505005e-03 4.547236487269401550e-02 7.925576530396938324e-03 1.336538349278271198e-03 1.013960689306259155e-02 1.331272162497043610e-02 1.209095120429992676e-02 1.361023914068937302e-02 1.817665621638298035e-02 9.762111119925975800e-03 8.649724535644054413e-03 1.286270190030336380e-02 7.065900717861950397e-04 8.499681949615478516e-03 2.334492746740579605e-03 3.817779477685689926e-03 1.745622023008763790e-03 5.347232148051261902e-02 4.498913139104843140e-02 9.709017351269721985e-03 8.547687903046607971e-03 6.017136853188276291e-03 7.373792584985494614e-03 1.042424235492944717e-02 1.330165658146142960e-02 5.855657509528100491e-04 8.627780713140964508e-03 1.544281095266342163e-02 2.238673716783523560e-02 9.153728373348712921e-03 5.637575406581163406e-03 1.430969685316085815e-02 2.130852267146110535e-02 6.586161442101001740e-03 8.339539170265197754e-03 4.940277338027954102e-02 3.884779661893844604e-02 9.721327223815023899e-04 4.949731519445776939e-04 5.478908307850360870e-03 2.232876233756542206e-02 8.144343155436217785e-04 1.645398885011672974e-02 1.001315936446189880e-02 4.017076920717954636e-03 5.547781474888324738e-03 6.751028355211019516e-03 7.395287510007619858e-03 4.405269864946603775e-03 6.850071251392364502e-03 8.668160298839211464e-04 1.689932122826576233e-02 2.577319554984569550e-02 5.805207882076501846e-03 1.333875209093093872e-02 6.475886330008506775e-03 1.999596692621707916e-02 3.566183149814605713e-02 2.994618564844131470e-02 8.157152682542800903e-03 1.713895704597234726e-03 5.400958284735679626e-02 4.544432833790779114e-02 4.826148599386215210e-02 3.160381689667701721e-02 5.803945939987897873e-03 5.664150696247816086e-03 1.343295536935329437e-02 1.019940711557865143e-02 3.359453519806265831e-03 5.015011411160230637e-03 2.124148793518543243e-02 1.161735970526933670e-02 1.961462944746017456e-02 1.640606857836246490e-02 9.247939102351665497e-03 6.495511624962091446e-03 1.999167911708354950e-02 1.158057805150747299e-02 1.797695457935333252e-02 1.817515678703784943e-02 7.751435041427612305e-03 1.206617336720228195e-02 2.552335383370518684e-03 4.436131101101636887e-03 9.053245186805725098e-03 3.833372518420219421e-02
2.493060380220413208e-02 2.389522828161716461e-02 2.232817467302083969e-03 2.261279005324468017e-04 6.392099428921937943e-03 3.240295127034187317e-02 2.913673594594001770e-02 3.313494380563497543e-03 2.714321576058864594e-02 2.926536463201045990e-02 1.465231552720069885e-02 8.463639020919799805e-01 3.777887439355254173e-03 8.242408931255340576e-02 4.006247967481613159e-03 1.079237647354602814e-02 7.303577847778797150e-03 6.322800181806087494e-03 7.220376282930374146e-03 4.887328483164310455e-03 4.198229871690273285e-03 7.022280246019363403e-03 4.881621897220611572e-02 3.757447004318237305e-02 1.730765216052532196e-02 1.736534014344215393e-02 2.187567576766014099e-02 3.887248411774635315e-02 2.164809498935937881e-03 3.024042211472988129e-02 8.460805402137339115e-04 9.874168783426284790e-03 2.194030582904815674e-02 4.209761973470449448e-03 5.658126436173915863e-03 7.748558651655912399e-03 7.318478543311357498e-03 1.448262669146060944e-02 5.330529063940048218e-03 5.046502687036991119e-03 6.692741997539997101e-03 3.576652333140373230e-02 1.678235083818435669e-02 1.127393636852502823e-02 7.100434601306915283e-02 4.404452070593833923e-02 3.404131159186363220e-02 3.308125585317611694e-02 5.312873981893062592e-04 7.245798129588365555e-03 4.614755138754844666e-02 5.095570161938667297e-02 4.360640421509742737e-03 1.258296612650156021e-02 2.449715277180075645e-03 1.349839102476835251e-02 2.015540190041065216e-02 1.408705394715070724e-02 1.192918326705694199e-02 6.390944123268127441e-03 7.381858304142951965e-03 1.223131828010082245e-02 1.737100072205066681e-02 1.070607453584671021e-03 9.857569821178913116e-03 1.018425216898322105e-03 1.490726717747747898e-03 7.947616279125213623e-03 6.919579114764928818e-03 1.146874297410249710e-02 7.568560075014829636e-03 1.556020602583885193e-02 5.164808128029108047e-03 1.201677601784467697e-02 5.143358372151851654e-03 1.077223569154739380e-02 2.526451647281646729e-02 2.683337777853012085e-02 5.400512367486953735e-02 3.686046227812767029e-02 1.115963887423276901e-02 5.481798667460680008e-03 2.101469552144408226e-03 5.333782173693180084e-03 2.722158655524253845e-02 1.977913267910480499e-02 5.070604383945465088e-03 3.076707711443305016e-03 4.656511917710304260e-02 4.564560949802398682e-02 3.282394632697105408e-02 5.726072005927562714e-03 1.794788427650928497e-02 5.782638676464557648e-03 8.997781202197074890e-03 3.253485308960080147e-03 2.546560717746615410e-03 1.575541245983913541e-04 2.863099612295627594e-02 3.373702988028526306e-02 7.784415356582030654e-05 1.157145015895366669e-02 5.725362338125705719e-03 2.392720431089401245e-03 1.230748021043837070e-03 4.733104258775711060e-03 7.564920000731945038e-03 9.986741468310356140e-03 2.032111771404743195e-02 8.581317961215972900e-03 3.194653196260333061e-03 6.497996393591165543e-03 3.706885129213333130e-02 2.413970232009887695e-02 1.500711124390363693e-02 2.299604751169681549e-02
5.265221744775772095e-02 5.973648279905319214e-02 1.061730924993753433e-02 1.267671585083007812e-02 8.735203184187412262e-03 2.648539841175079346e-02 3.436764329671859741e-02 3.805646300315856934e-02 1.690491102635860443e-02 6.255641579627990723e-03 5.508057028055191040e-02 3.777887439355254173e-03 8.463639020919799805e-01 8.998611010611057281e-03 4.523841664195060730e-02 5.883843638002872467e-03 6.656349636614322662e-03 6.467550992965698242e-03 1.198265142738819122e-02 6.333835422992706299e-03 2.800434082746505737e-02 4.212655872106552124e-02 6.828917656093835831e-03 7.585201878100633621e-03 2.636932767927646637e-03 2.354957722127437592e-02 3.119449131190776825e-02 9.315065108239650726e-03 3.993544355034828186e-02 2.401100285351276398e-02 4.850691184401512146e-02 6.327800918370485306e-03 1.084046717733144760e-02 7.325266487896442413e-03 1.216693688184022903e-02 1.611490920186042786e-02 1.823841780424118042e-02 2.145951800048351288e-02 1.055611390620470047e-02 7.886048406362533569e-03 1.793441176414489746e-02 1.228171680122613907e-02 6.520930211991071701e-03 1.204154081642627716e-02 1.226154714822769165e-02 2.583411056548357010e-03 3.348210453987121582e-02 3.508384898304939270e-02 6.794680375605821609e-03 5.250008543953299522e-04 9.993141517043113708e-03 1.193611137568950653e-02 2.413899451494216919e-02 3.035591170191764832e-02 2.567969728261232376e-03 2.747780177742242813e-03 2.045508241280913353e-03 3.470927476882934570e-02 1.832378283143043518e-02 2.365776896476745605e-02 9.209049865603446960e-03 1.020574104040861130e-02 7.071941625326871872e-03 1.347672007977962494e-02 3.786688297986984253e-02 4.664719477295875549e-02 1.014817226678133011e-02 2.756024710834026337e-03 9.260256774723529816e-03 1.986483298242092133e-02 2.942439867183566093e-03 2.588577382266521454e-02 7.599192205816507339e-03 7.584275212138891220e-03 4.799508955329656601e-03 1.637723483145236969e-02 1.055585965514183044e-02 1.397735439240932465e-02 1.221893914043903351e-02 8.825349505059421062e-04 2.331257238984107971e-02 3.262947499752044678e-02 8.736923336982727051e-03 5.990441422909498215e-03 5.095010623335838318e-03 2.043834142386913300e-02 3.712471202015876770e-02 4.286214336752891541e-02 4.039900377392768860e-03 1.103540998883545399e-03 3.704369440674781799e-02 3.456502407789230347e-02 4.345484450459480286e-02 3.842994198203086853e-02 6.116306874901056290e-03 8.808148093521595001e-03 8.709512650966644287e-03 1.253065932542085648e-02 8.911358192563056946e-03 1.074399147182703018e-02 1.524776872247457504e-02 5.700278561562299728e-03 1.179224066436290741e-02 1.672820188105106354e-02 1.765671186149120331e-02 1.976527646183967590e-02 1.307490188628435135e-02 1.464763935655355453e-02 9.745639748871326447e-03 3.616310656070709229e-02 8.268626406788825989e-03 1.333731133490800858e-02 7.970689795911312103e-03 9.876075200736522675e-04 4.984514787793159485e-03 3.616647794842720032e-02
