8.497425317764282227e-01 5.938158929347991943e-02 1.169299473986029625e-03 1.694980822503566742e-02 6.426482461392879486e-03 6.433874368667602539e-02 5.819522216916084290e-02 1.709746755659580231e-02 2.095635421574115753e-02 2.305010519921779633e-02 4.975296929478645325e-02 2.531352080404758453e-02 5.504024773836135864e-02 2.514046989381313324e-02 9.393298067152500153e-03 1.327317394316196442e-02 1.411956362426280975e-02 1.573550514876842499e-02 1.139963418245315552e-02 1.464964263141155243e-02 1.883816719055175781e-02 5.121252499520778656e-03 2.117048017680644989e-02 2.297991700470447540e-02 1.455972157418727875e-02 1.812422834336757660e-02 2.566973213106393814e-03 4.788693040609359741e-03 1.647490449249744415e-02 9.199949912726879120e-03 2.292302995920181274e-02 9.285192936658859253e-03 1.637890003621578217e-02 2.978014992550015450e-03 1.139584695920348167e-03 9.612817317247390747e-03 1.170119643211364746e-02 1.780395396053791046e-02 6.507497746497392654e-03 2.035254426300525665e-02 1.939930208027362823e-02 1.949680037796497345e-02 2.232906594872474670e-02 2.555117476731538773e-03 1.421747496351599693e-03 1.276326365768909454e-03 5.390507727861404419e-02 2.662273496389389038e-02 1.466655079275369644e-02 1.915896683931350708e-02 6.851792801171541214e-03 1.467599719762802124e-02 6.285100709646940231e-03 1.713446713984012604e-02 5.143024958670139313e-03 1.003042701631784439e-02 1.898519322276115417e-02 3.286711499094963074e-02 6.101894192397594452e-03 1.698408834636211395e-02 1.614468544721603394e-02 1.201669313013553619e-02 1.122567709535360336e-02 2.052751742303371429e-02 1.206470839679241180e-02 3.756253048777580261e-02 1.195013336837291718e-02 1.998235285282135010e-02 2.271016500890254974e-02 2.276838384568691254e-02 1.894475519657135010e-02 2.186066471040248871e-02 6.629182025790214539e-04 3.013136051595211029e-02 2.706275088712573051e-03 1.925934478640556335e-02 2.245681360363960266e-02 2.635588310658931732e-02 1.037695677950978279e-03 7.229762559290975332e-05 1.153927948325872421e-02 6.654093973338603973e-03 9.988467209041118622e-03 9.890064597129821777e-03 8.218049071729183197e-03 1.838963106274604797e-02 1.178204733878374100e-02 1.766257919371128082e-02 1.568194106221199036e-02 7.739240303635597229e-03 3.123698756098747253e-02 4.471610765904188156e-03 2.551450207829475403e-02 3.884072415530681610e-03 8.239456452429294586e-03 7.923281751573085785e-03 3.036852553486824036e-02 2.576148137450218201e-02 1.960709691047668457e-02 2.330251224339008331e-02 1.991668948903679848e-03 1.029334613122045994e-03 2.602692879736423492e-02 1.776358485221862793e-02 5.605568177998065948e-03 1.637265202589333057e-03 1.016048993915319443e-02 3.191337164025753736e-04 3.552244277670979500e-03 1.666976511478424072e-02 1.582277752459049225e-02 8.715492673218250275e-03 4.085172433406114578e-03 8.928188122808933258e-03 2.944137342274188995e-02 7.686022669076919556e-03
5.938158929347991943e-02 8.497425317764282227e-01 5.940401460975408554e-03 1.584407687187194824e-02 1.243887282907962799e-02 6.028717011213302612e-02 6.160277128219604492e-02 1.205202098935842514e-02 1.894982345402240753e-02 1.895998790860176086e-02 4.757415503263473511e-02 2.335172519087791443e-02 6.071508303284645081e-02 2.720315009355545044e-02 3.678907873108983040e-03 1.750427670776844025e-02 2.059303969144821167e-02 1.258118823170661926e-02 1.062741503119468689e-02 1.440728642046451569e-02 2.085202187299728394e-02 2.715301001444458961e-03 2.275309711694717407e-02 2.366623654961585999e-02 1.958199590444564819e-02 2.058487199246883392e-02 9.759476408362388611e-03 1.142265927046537399e-02 1.381262112408876419e-02 1.616214402019977570e-02 2.978309057652950287e-02 1.744488999247550964e-02 1.936738565564155579e-02 1.257456932216882706e-02 3.894549096003174782e-03 1.903004571795463562e-02 2.174779586493968964e-02 1.059775426983833313e-02 9.381661191582679749e-03 2.140272036194801331e-02 7.487758528441190720e-03 2.122267894446849823e-02 1.640448160469532013e-02 3.514744574204087257e-03 6.258250679820775986e-03 7.072234060615301132e-03 3.830894455313682556e-02 2.376390807330608368e-02 1.572980545461177826e-02 1.746369898319244385e-02 2.687282860279083252e-03 1.722089014947414398e-02 7.894577458500862122e-03 1.118685491383075714e-02 7.069502957165241241e-03 1.521930657327175140e-02 1.930431649088859558e-02 2.557307295501232147e-02 8.248895406723022461e-03 7.911918684840202332e-03 1.704866997897624969e-02 1.314480882138013840e-02 2.408578060567378998e-02 1.937730121426284313e-03 1.157513726502656937e-02 3.351957723498344421e-02 1.508098561316728592e-02 2.106188610196113586e-02 2.261733077466487885e-02 2.527393400669097900e-02 2.173593267798423767e-02 2.756868861615657806e-02 4.945444874465465546e-03 2.935617230832576752e-02 9.290362708270549774e-03 1.817016676068305969e-02 2.326605282723903656e-02 2.068294025957584381e-02 6.136325187981128693e-03 5.374825559556484222e-03 1.323547307401895523e-02 9.071825072169303894e-03 6.702054757624864578e-03 8.486897684633731842e-03 9.057666175067424774e-03 1.221938244998455048e-02 5.379379261285066605e-03 1.516956742852926254e-02 8.418322540819644928e-03 3.140798537060618401e-03 1.109118200838565826e-02 8.024491369724273682e-03 2.397971041500568390e-02 2.400587312877178192e-03 8.752522990107536316e-03 4.467464517802000046e-03 3.170352056622505188e-02 2.099116332828998566e-02 2.032764814794063568e-02 2.061558142304420471e-02 4.089622758328914642e-03 5.168492905795574188e-03 3.247635439038276672e-02 2.369679883122444153e-02 7.269512396305799484e-03 4.146880470216274261e-03 2.061759296339005232e-04 3.624899778515100479e-03 1.359713263809680939e-02 1.409071381203830242e-03 1.797433756291866302e-02 8.040217682719230652e-03 7.862420752644538879e-03 1.718785846605896950e-03 3.919480368494987488e-02 9.290134534239768982e-03
1.169299473986029625e-03 5.940401460975408554e-03 8.497425317764282227e-01 2.287325635552406311e-02 1.902538910508155823e-02 6.091577000916004181e-03 5.126374773681163788e-03 5.081142485141754150e-02 1.173929031938314438e-02 3.263496560975909233e-03 7.197923958301544189e-03 2.622437290847301483e-02 5.670924670994281769e-03 1.836510933935642242e-02 2.420386485755443573e-02 9.310839697718620300e-03 4.309447482228279114e-03 2.723409235477447510e-02 1.453769672662019730e-02 3.350702580064535141e-03 3.529843233991414309e-04 8.614064194262027740e-03 6.805661134421825409e-03 8.805599994957447052e-03 5.706290714442729950e-03 1.094806473702192307e-03 1.279513631016016006e-02 1.485800277441740036e-02 2.044096123427152634e-03 1.853436790406703949e-02 9.400297887623310089e-03 1.515142619609832764e-02 8.665571920573711395e-03 1.362886629067361355e-03 7.671846076846122742e-03 9.548265370540320873e-04 4.851696547120809555e-03 3.460251260548830032e-03 2.676489204168319702e-02 1.727331243455410004e-02 2.177123166620731354e-02 1.876469515264034271e-02 1.267460361123085022e-02 2.625543810427188873e-02 4.331616684794425964e-02 3.511305898427963257e-02 2.252471260726451874e-02 5.275504663586616516e-03 1.528383418917655945e-02 5.473662167787551880e-03 1.161841861903667450e-02 6.871711462736129761e-03 2.460939623415470123e-02 2.229209057986736298e-02 2.351153269410133362e-02 1.208031433634459972e-03 7.387626450508832932e-03 9.626163169741630554e-03 3.217086568474769592e-02 3.511932492256164551e-02 2.544819377362728119e-02 1.103333570063114166e-02 1.576769910752773285e-02 1.958010531961917877e-02 1.429941784590482712e-02 1.349410228431224823e-02 8.866831660270690918e-03 2.093814080581068993e-03 6.025642622262239456e-03 1.405151444487273693e-03 1.718783378601074219e-02 1.332510635256767273e-02 9.374720044434070587e-03 7.321179378777742386e-03 1.071156375110149384e-02 2.989633008837699890e-02 8.999699726700782776e-03 6.105916574597358704e-03 2.865829505026340485e-02 1.726114563643932343e-02 6.781385093927383423e-02 4.513438045978546143e-02 2.773761190474033356e-02 2.170129120349884033e-02 3.590944455936551094e-03 1.354329404421150684e-03 4.357279837131500244e-02 3.682218492031097412e-02 4.507084377110004425e-03 6.565573625266551971e-03 1.184184104204177856e-03 2.691954374313354492e-03 1.273737661540508270e-02 5.240394733846187592e-03 2.649472095072269440e-02 1.722847297787666321e-02 1.447459217160940170e-03 3.216883540153503418e-02 7.308177184313535690e-03 6.498381495475769043e-03 2.382356859743595123e-02 1.557823456823825836e-02 4.795058630406856537e-03 1.106233708560466766e-02 1.327649131417274475e-02 8.491487242281436920e-03 6.524471566081047058e-03 7.434643339365720749e-03 1.135532744228839874e-02 5.683269817382097244e-03 2.097802050411701202e-02 1.918895728886127472e-02 1.427644398063421249e-02 2.119078673422336578e-02 1.173420459963381290e-03 2.947192406281828880e-03
1.694980822503566742e-02 1.584407687187194824e-02 2.287325635552406311e-02 8.497425317764282227e-01 4.778007045388221741e-02 1.256878487765789032e-02 2.061208151280879974e-02 3.163113072514533997e-02 9.158052504062652588e-03 4.115605261176824570e-03 5.663992837071418762e-03 9.898665361106395721e-03 6.924892310053110123e-03 7.009798660874366760e-03 2.158584445714950562e-02 1.407421194016933441e-02 2.217600122094154358e-02 4.175478219985961914e-02 3.934989497065544128e-02 3.344518691301345825e-02 8.277790620923042297e-03 1.715349406003952026e-02 1.112268399447202682e-02 1.076693180948495865e-02 1.559512782841920853e-02 1.660171523690223694e-02 3.226004540920257568e-02 1.472006645053625107e-02 2.233993820846080780e-02 1.388807874172925949e-02 6.485029123723506927e-03 1.092097721993923187e-03 1.356954220682382584e-02 2.555199339985847473e-02 3.259363025426864624e-02 8.459868840873241425e-03 5.243229679763317108e-03 3.145353868603706360e-02 3.487209230661392212e-02 4.050664976239204407e-02 1.539016887545585632e-02 9.588934481143951416e-03 6.248420104384422302e-03 1.568648777902126312e-02 2.540201321244239807e-02 1.944870688021183014e-02 7.888236083090305328e-03 6.048680748790502548e-03 1.838684827089309692e-02 5.014925729483366013e-03 4.470352549105882645e-03 4.525811877101659775e-03 1.416012737900018692e-02 9.809835813939571381e-03 6.265435833483934402e-03 1.744760200381278992e-02 1.748923677951097488e-03 6.199785042554140091e-03 1.656585745513439178e-02 5.395522806793451309e-03 3.617564588785171509e-02 4.413634166121482849e-02 2.151346392929553986e-02 2.834569662809371948e-02 1.209210697561502457e-02 5.566309206187725067e-03 2.535691484808921814e-02 7.975751534104347229e-03 7.955617271363735199e-03 3.245547041296958923e-02 8.331230841577053070e-03 2.228104509413242340e-02 4.374669119715690613e-02 3.052983433008193970e-02 3.845388069748878479e-02 2.747756242752075195e-02 5.032683722674846649e-03 1.009280234575271606e-02 1.294839847832918167e-02 3.408827586099505424e-03 3.158480301499366760e-02 2.702860720455646515e-02 4.585377871990203857e-02 4.200275614857673645e-02 9.969516657292842865e-03 4.785622470080852509e-03 2.202858030796051025e-02 2.244973927736282349e-02 9.858622215688228607e-03 8.029037155210971832e-03 1.306654699146747589e-02 2.771430648863315582e-02 9.269963018596172333e-03 9.563393890857696533e-03 2.935728058218955994e-02 3.738694265484809875e-02 2.726791799068450928e-02 2.521666698157787323e-02 1.946463622152805328e-02 1.740302518010139465e-02 1.767610013484954834e-02 3.384642302989959717e-02 2.508223801851272583e-02 1.243194844573736191e-02 1.593988388776779175e-02 2.657750435173511505e-02 2.062855660915374756e-02 1.053336821496486664e-02 2.559351734817028046e-02 6.972089409828186035e-03 1.702964422293007374e-03 3.308429848402738571e-03 2.510647987946867943e-03 1.680949702858924866e-02 3.771212417632341385e-03 2.018301747739315033e-03
6.426482461392879486e-03 1.243887282907962799e-02 1.902538910508155823e-02 4.778007045388221741e-02 8.497425317764282227e-01 3.248896449804306030e-03 1.602725125849246979e-02 1.816323027014732361e-02 9.405977092683315277e-03 4.660835023969411850e-03 1.309782825410366058e-02 1.198050659149885178e-02 6.868114694952964783e-03 1.033820956945419312e-02 1.579239591956138611e-02 1.281053572893142700e-02 1.763078384101390839e-02 3.556951880455017090e-02 3.253417089581489563e-02 2.679495140910148621e-02 1.234504580497741699e-02 1.946462132036685944e-02 8.378131315112113953e-03 9.015056304633617401e-03 1.150587946176528931e-02 1.712628081440925598e-02 3.299939632415771484e-02 6.599239073693752289e-03 2.609908208250999451e-02 9.569063782691955566e-03 7.742270245216786861e-04 1.177302212454378605e-03 1.924397610127925873e-02 2.462580986320972443e-02 4.016222432255744934e-02 7.028920110315084457e-03 6.365286651998758316e-03 2.894273400306701660e-02 4.273383319377899170e-02 4.473053663969039917e-02 1.183696091175079346e-02 6.735381670296192169e-03 9.621140547096729279e-03 1.492953207343816757e-02 3.162678331136703491e-02 2.166933938860893250e-02 2.077310159802436829e-02 9.425788186490535736e-03 1.562520302832126617e-02 5.516762379556894302e-03 4.884532187134027481e-03 1.681734574958682060e-03 1.189099345356225967e-02 1.860415749251842499e-02 6.331658922135829926e-03 1.198991667479276657e-02 6.909631192684173584e-04 1.479552593082189560e-02 1.061563193798065186e-02 9.477706626057624817e-03 3.381282091140747070e-02 4.216404631733894348e-02 2.371900901198387146e-02 4.309463500976562500e-02 1.557834725826978683e-02 3.684411989524960518e-03 1.925439387559890747e-02 1.194969657808542252e-02 1.111541595309972763e-02 3.177642822265625000e-02 1.241724193096160889e-02 1.716104149818420410e-02 3.853985667228698730e-02 3.039351850748062134e-02 3.574454411864280701e-02 2.580698207020759583e-02 7.840569131076335907e-03 7.696213666349649429e-03 1.994190737605094910e-02 6.761347874999046326e-03 2.243051491677761078e-02 2.705607563257217407e-02 3.979872167110443115e-02 4.006463661789894104e-02 1.321483170613646507e-03 3.756772493943572044e-03 1.507687848061323166e-02 1.542535796761512756e-02 1.309398189187049866e-02 5.943701136857271194e-03 2.422757446765899658e-02 2.922409772872924805e-02 1.046360563486814499e-02 6.723012775182723999e-03 3.354024514555931091e-02 3.674709796905517578e-02 3.084414452314376831e-02 2.159512788057327271e-02 1.635581254959106445e-02 1.149375736713409424e-02 1.720442809164524078e-02 3.314562141895294189e-02 2.871316671371459961e-02 1.683117076754570007e-02 2.527904324233531952e-02 3.426817804574966431e-02 2.037630043923854828e-02 9.198289480991661549e-04 2.162100374698638916e-02 2.080870047211647034e-02 3.688123775646090508e-03 3.827496839221566916e-04 2.598863327875733376e-03 2.346790768206119537e-02 6.904931273311376572e-03 4.528405610471963882e-03
6.433874368667602539e-02 6.028717011213302612e-02 6.091577000916004181e-03 1.256878487765789032e-02 3.248896449804306030e-03 8.497425317764282227e-01 6.371276080608367920e-02 1.356905512511730194e-02 1.543615572154521942e-02 1.478338334709405899e-02 5.047544836997985840e-02 3.952133283019065857e-02 5.560589954257011414e-02 4.193268343806266785e-02 5.642609670758247375e-03 1.742948032915592194e-02 1.789964921772480011e-02 6.677175406366586685e-03 7.962214760482311249e-03 1.414516102522611618e-02 1.897482946515083313e-02 9.959025774151086807e-04 1.900702528655529022e-02 2.291879989206790924e-02 1.693691872060298920e-02 2.104867063462734222e-02 8.748584426939487457e-03 1.546556316316127777e-02 9.787916205823421478e-03 2.665614709258079529e-02 1.683445088565349579e-02 1.146692316979169846e-02 1.284960657358169556e-02 5.790309049189090729e-03 3.366983961313962936e-03 1.176605932414531708e-02 1.568315923213958740e-02 1.229137647897005081e-02 3.116851905360817909e-03 1.316293515264987946e-02 1.145789399743080139e-02 1.491930428892374039e-02 1.989566162228584290e-02 1.991967204958200455e-03 1.018164120614528656e-02 3.519798861816525459e-03 5.652194470167160034e-02 1.046127732843160629e-02 9.937196969985961914e-03 1.323085185140371323e-02 1.245870813727378845e-02 1.453515514731407166e-02 4.118543583899736404e-03 1.593092456459999084e-02 2.988054882735013962e-03 7.758924737572669983e-03 1.921891607344150543e-02 2.880394272506237030e-02 9.874523617327213287e-03 1.066752430051565170e-02 1.114042103290557861e-02 7.303773891180753708e-03 1.768517680466175079e-02 1.916692033410072327e-02 8.758534677326679230e-03 3.161238878965377808e-02 6.763125304132699966e-03 2.212821505963802338e-02 1.699263975024223328e-02 1.872702874243259430e-02 1.410945039242506027e-02 1.537962257862091064e-02 5.086631979793310165e-03 2.130700647830963135e-02 6.666377652436494827e-03 6.272716447710990906e-03 1.926971413195133209e-02 1.861716248095035553e-02 4.989577457308769226e-03 6.738590076565742493e-03 9.984578937292098999e-03 1.671327510848641396e-03 2.807603683322668076e-03 5.226740613579750061e-03 1.491995248943567276e-02 1.687837205827236176e-02 5.741369444876909256e-03 1.213626470416784286e-02 1.678281463682651520e-02 8.233128115534782410e-03 1.382815930992364883e-02 4.832364153116941452e-03 4.551516845822334290e-03 7.016603834927082062e-03 3.692967817187309265e-03 1.267046434804797173e-03 1.906163617968559265e-02 1.005792524665594101e-02 1.917573250830173492e-02 2.231072634458541870e-02 3.456696635112166405e-03 6.936797872185707092e-04 2.068113908171653748e-02 1.380077842622995377e-02 1.031493768095970154e-02 3.747569397091865540e-03 4.607192706316709518e-03 7.168763113440945745e-05 6.092790514230728149e-03 7.094465661793947220e-03 1.970978826284408569e-02 1.483715418726205826e-02 2.302685752511024475e-03 1.012405660003423691e-02 4.286224022507667542e-02 2.431586384773254395e-03
5.819522216916084290e-02 6.160277128219604492e-02 5.126374773681163788e-03 2.061208151280879974e-02 1.602725125849246979e-02 6.371276080608367920e-02 8.497425317764282227e-01 1.990593411028385162e-02 2.056632190942764282e-02 2.060738764703273773e-02 4.708624631166458130e-02 2.740953303873538971e-02 6.321206688880920410e-02 3.331763669848442078e-02 2.354202419519424438e-02 1.760121621191501617e-02 2.116624824702739716e-02 6.666296161711215973e-03 6.847968790680170059e-03 2.197461575269699097e-02 5.819263868033885956e-03 1.147306151688098907e-02 2.116001211106777191e-02 2.338951267302036285e-02 2.448752336204051971e-02 6.738004740327596664e-03 5.216645658947527409e-04 1.115159038454294205e-02 6.508042104542255402e-03 1.512753870338201523e-02 3.128460794687271118e-02 1.535065937787294388e-02 1.544925477355718613e-02 4.414129070937633514e-03 1.351685076951980591e-02 1.490236818790435791e-02 1.505387295037508011e-02 1.629035733640193939e-02 1.225169654935598373e-02 2.348681166768074036e-02 3.872771630994975567e-04 2.051509171724319458e-02 1.240187697112560272e-02 1.188488770276308060e-02 5.781525745987892151e-03 1.956431660801172256e-03 4.297981783747673035e-02 3.866355493664741516e-02 1.340726017951965332e-02 7.296142168343067169e-03 5.983332637697458267e-03 9.942868724465370178e-03 1.586250215768814087e-02 7.743099238723516464e-03 8.075216785073280334e-03 9.992762468755245209e-03 1.604283414781093597e-02 1.332148537039756775e-02 2.573588863015174866e-03 9.638967923820018768e-03 1.218965649604797363e-02 1.514743268489837646e-02 1.672590151429176331e-02 2.275843173265457153e-03 1.489756535738706589e-02 4.278044030070304871e-02 1.329796016216278076e-02 6.480967160314321518e-03 2.517279796302318573e-02 2.411783859133720398e-02 2.544341608881950378e-02 9.333420544862747192e-03 4.291283898055553436e-03 2.856503799557685852e-02 6.653484888374805450e-03 1.148507464677095413e-02 2.454403787851333618e-02 2.415145188570022583e-02 1.279713213443756104e-02 7.873251452110707760e-04 1.518887653946876526e-02 1.387101784348487854e-02 7.757408544421195984e-03 7.090264931321144104e-03 4.178237635642290115e-03 6.832022219896316528e-03 2.095153927803039551e-02 3.004514425992965698e-02 6.632492877542972565e-04 1.037360634654760361e-02 8.016619831323623657e-03 1.405972638167440891e-03 3.173011168837547302e-02 2.290190756320953369e-02 6.874528713524341583e-03 9.284124709665775299e-03 2.759532630443572998e-02 1.639164425432682037e-02 2.180758491158485413e-02 2.194857411086559296e-02 2.263447269797325134e-03 6.407430395483970642e-03 2.631318382918834686e-02 1.193843688815832138e-02 4.931289702653884888e-03 7.703355047851800919e-03 1.993927638977766037e-03 6.192773580551147461e-03 2.369601512327790260e-03 3.648916026577353477e-05 9.003981947898864746e-03 6.208906415849924088e-05 6.602455978281795979e-04 3.445527516305446625e-03 2.986018359661102295e-02 6.445487495511770248e-03
1.709746755659580231e-02 1.205202098935842514e-02 5.081142485141754150e-02 3.163113072514533997e-02 1.816323027014732361e-02 1.356905512511730194e-02 1.990593411028385162e-02 8.497425317764282227e-01 5.707543343305587769e-03 5.559335462749004364e-03 6.561808404512703419e-04 6.126519292593002319e-03 1.086795236915349960e-02 3.114861901849508286e-03 4.392653331160545349e-02 4.633404023479670286e-04 5.690301768481731415e-03 2.250090055167675018e-02 2.740624174475669861e-02 3.211392834782600403e-02 4.356006160378456116e-03 1.430100761353969574e-03 1.129730790853500366e-02 6.521677132695913315e-03 2.453566156327724457e-02 1.235763914883136749e-02 1.666262932121753693e-02 1.959842629730701447e-03 1.505163405090570450e-02 6.471558939665555954e-03 2.518731867894530296e-03 2.785935765132308006e-03 8.100446430034935474e-04 1.891702599823474884e-02 1.150345709174871445e-02 2.710979618132114410e-02 1.231077685952186584e-02 2.038880437612533569e-02 6.867748685181140900e-03 1.199629902839660645e-02 7.005101069808006287e-03 7.860003039240837097e-03 4.681409336626529694e-03 1.817368157207965851e-02 2.807453833520412445e-02 2.004763670265674591e-02 1.089723082259297371e-03 2.751242835074663162e-03 3.722061868757009506e-03 1.879497803747653961e-02 1.531974133104085922e-02 5.810733418911695480e-03 3.076993674039840698e-02 1.059470139443874359e-02 8.667992427945137024e-03 1.696573384106159210e-02 4.917984828352928162e-03 1.362385228276252747e-03 3.794287890195846558e-02 3.775264322757720947e-02 1.425363589078187943e-02 2.735985442996025085e-02 1.623112621018663049e-04 1.226168032735586166e-02 4.687211941927671432e-03 2.518206275999546051e-02 2.607291378080844879e-02 1.086697727441787720e-02 5.994193255901336670e-03 2.055853232741355896e-02 6.539841648191213608e-03 1.076625543646514416e-03 1.434171199798583984e-02 1.695213653147220612e-02 1.847726851701736450e-02 1.928954944014549255e-02 4.266567528247833252e-03 7.884036749601364136e-03 1.437076367437839508e-02 9.410790167748928070e-03 6.025238707661628723e-02 4.333211109042167664e-02 2.458142861723899841e-02 2.548279426991939545e-02 1.905407384037971497e-02 5.452215205878019333e-03 5.578036978840827942e-02 4.877438023686408997e-02 9.982186369597911835e-03 3.225280903279781342e-03 5.271642934530973434e-03 6.704002618789672852e-03 7.689012214541435242e-03 6.985697429627180099e-03 9.213996119797229767e-03 1.702086254954338074e-02 6.590763572603464127e-03 1.987166330218315125e-02 1.806076243519783020e-02 1.806986518204212189e-02 2.545894356444478035e-03 1.630206033587455750e-02 6.994681898504495621e-03 7.654868066310882568e-03 7.439140696078538895e-03 3.824970917776226997e-03 4.757834598422050476e-03 1.671407185494899750e-02 1.290697045624256134e-02 4.362927575130015612e-04 4.825411830097436905e-03 9.045242331922054291e-03 5.648757331073284149e-03 1.890137977898120880e-02 8.087053894996643066e-03 7.435559295117855072e-03
2.095635421574115753e-02 1.894982345402240753e-02 1.173929031938314438e-02 9.158052504062652588e-03 9.405977092683315277e-03 1.543615572154521942e-02 2.056632190942764282e-02 5.707543343305587769e-03 8.497425317764282227e-01 4.128639400005340576e-02 1.036356482654809952e-02 2.777046337723731995e-02 1.102042105048894882e-02 1.731255277991294861e-02 3.138115396723151207e-03 3.835144639015197754e-02 2.508364804089069366e-02 1.197150815278291702e-02 1.351089682430028915e-03 2.587625756859779358e-02 1.129033160395920277e-03 6.459150463342666626e-03 4.702505469322204590e-02 4.523571953177452087e-02 3.126550093293190002e-02 2.369946334511041641e-03 7.258833386003971100e-03 2.769667468965053558e-02 7.121709175407886505e-03 1.972595788538455963e-02 6.027617026120424271e-03 3.215647861361503601e-02 4.356409888714551926e-03 7.580925244837999344e-03 2.272675000131130219e-02 2.564604394137859344e-02 7.935989648103713989e-03 1.426470559090375900e-02 6.445353850722312927e-03 1.352429855614900589e-02 1.321117021143436432e-02 4.381298646330833435e-02 3.065863065421581268e-02 1.052931137382984161e-02 5.222669569775462151e-04 2.990606939420104027e-03 4.988955799490213394e-03 1.385014387778937817e-03 4.074648395180702209e-02 2.029843814671039581e-02 1.977556385099887848e-02 1.428903359919786453e-02 1.909989304840564728e-02 1.984415017068386078e-02 4.151375219225883484e-02 1.460893359035253525e-02 2.217717468738555908e-02 3.619617316871881485e-03 1.101338025182485580e-02 1.992823183536529541e-02 7.373370695859193802e-03 1.381570659577846527e-02 9.704164403956383467e-05 1.568128913640975952e-02 1.462871115654706955e-02 4.398405086249113083e-03 3.314497694373130798e-02 1.066655199974775314e-02 4.865848645567893982e-02 3.226500749588012695e-02 3.966704383492469788e-02 4.414896015077829361e-03 1.291600707918405533e-02 2.133202552795410156e-02 4.078369121998548508e-03 5.808152491226792336e-04 5.212018266320228577e-02 4.304429143667221069e-02 2.195592410862445831e-02 2.322238683700561523e-02 6.930912379175424576e-03 4.161328251939266920e-04 4.762439988553524017e-03 4.121629172004759312e-04 1.802337169647216797e-02 2.362673729658126831e-02 8.850772865116596222e-03 5.170045420527458191e-03 3.151806816458702087e-02 3.189509361982345581e-02 2.186947036534547806e-03 2.716346643865108490e-02 3.550195368006825447e-03 8.270571939647197723e-03 1.373377349227666855e-02 1.331242383457720280e-03 3.183183073997497559e-02 4.346052650362253189e-03 4.079129919409751892e-02 3.947732225060462952e-02 1.728244684636592865e-02 1.053665112704038620e-02 3.635817021131515503e-02 1.619712263345718384e-02 8.329980075359344482e-03 1.412804611027240753e-02 5.402225069701671600e-03 8.084359578788280487e-03 4.857782274484634399e-03 1.659057848155498505e-02 3.281245380640029907e-02 1.269754767417907715e-02 2.796255238354206085e-02 1.622154563665390015e-02 1.579161733388900757e-02 2.800660766661167145e-02
2.305010519921779633e-02 1.895998790860176086e-02 3.263496560975909233e-03 4.115605261176824570e-03 4.660835023969411850e-03 1.478338334709405899e-02 2.060738764703273773e-02 5.559335462749004364e-03 4.128639400005340576e-02 8.497425317764282227e-01 1.465809236833592877e-05 1.238249521702528000e-02 1.334108784794807434e-02 1.149513665586709976e-02 1.172057725489139557e-02 3.863371908664703369e-02 3.620719537138938904e-02 4.546120762825012207e-04 1.678781770169734955e-02 7.658347953110933304e-03 8.237228728830814362e-03 1.472372445277869701e-03 3.260736539959907532e-02 3.806826099753379822e-02 2.072068862617015839e-02 1.540306955575942993e-02 6.578718312084674835e-04 1.247429521754384041e-03 1.971467584371566772e-02 2.877730410546064377e-03 7.609282154589891434e-03 8.169772103428840637e-03 6.328978575766086578e-03 4.498211666941642761e-03 1.580726541578769684e-02 2.444500103592872620e-03 1.884216908365488052e-04 1.098367851227521896e-02 9.593762457370758057e-03 1.633982546627521515e-02 3.962650895118713379e-03 2.403253130614757538e-02 3.847126290202140808e-02 4.201831761747598648e-03 1.434318255633115768e-02 6.625999696552753448e-03 1.298000011593103409e-02 5.344566889107227325e-03 2.485108003020286560e-02 4.436976835131645203e-02 6.559787318110466003e-03 5.078808404505252838e-03 1.791268773376941681e-02 8.585664443671703339e-03 2.625512145459651947e-02 4.105621576309204102e-02 3.101629950106143951e-02 7.660217117518186569e-03 1.421973109245300293e-02 1.227324549108743668e-02 9.847223758697509766e-03 8.252983097918331623e-04 1.698342239251360297e-04 7.473620586097240448e-03 1.483358442783355713e-02 2.430705353617668152e-03 1.248186454176902771e-02 1.812521927058696747e-02 5.312189459800720215e-02 2.141145803034305573e-02 5.452382937073707581e-02 1.833328232169151306e-02 1.570713706314563751e-02 2.667919360101222992e-02 1.326411962509155273e-02 1.472331210970878601e-02 4.509826749563217163e-02 5.888443440198898315e-02 2.234233915805816650e-02 4.124815016984939575e-02 6.761190481483936310e-03 5.307297105900943279e-04 2.410463057458400726e-03 1.217063236981630325e-02 4.451961256563663483e-03 4.554419964551925659e-02 2.179310889914631844e-03 1.802411861717700958e-04 3.558406978845596313e-02 4.003134742379188538e-02 2.799379453063011169e-02 8.078951388597488403e-03 2.186108613386750221e-03 8.247341960668563843e-03 6.822176277637481689e-03 4.135970491915941238e-03 2.938905544579029083e-02 1.996134966611862183e-02 2.850445732474327087e-02 2.982096001505851746e-02 3.504609048832207918e-05 4.973837174475193024e-03 2.671455405652523041e-02 2.720166184008121490e-02 7.283925078809261322e-03 1.942081004381179810e-02 1.166415587067604065e-02 3.944351151585578918e-02 3.304938087239861488e-03 3.406671574339270592e-03 2.062380500137805939e-02 2.744886558502912521e-03 8.577721193432807922e-03 2.968940325081348419e-02 1.647252647671848536e-04 2.648662589490413666e-02
4.975296929478645325e-02 4.757415503263473511e-02 7.197923958301544189e-03 5.663992837071418762e-03 1.309782825410366058e-02 5.047544836997985840e-02 4.708624631166458130e-02 6.561808404512703419e-04 1.036356482654809952e-02 1.465809236833592877e-05 8.497425317764282227e-01 1.752154715359210968e-02 5.936623364686965942e-02 2.547488361597061157e-02 9.025183506309986115e-03 3.872051136568188667e-03 6.885488517582416534e-03 8.192317560315132141e-03 6.461509503424167633e-03 6.562636699527502060e-03 3.464423865079879761e-02 1.175569463521242142e-02 2.093146555125713348e-03 3.257947973906993866e-04 7.786493515595793724e-04 3.423960506916046143e-02 1.164700556546449661e-02 8.270732127130031586e-03 3.648923709988594055e-02 2.044557593762874603e-02 2.180505730211734772e-02 6.981060840189456940e-03 2.874854765832424164e-02 2.261941693723201752e-02 2.124439179897308350e-02 9.098052047193050385e-03 3.099754080176353455e-02 7.127496879547834396e-03 1.370681100524961948e-03 7.893368019722402096e-04 4.347014240920543671e-03 5.967969540506601334e-03 7.861582562327384949e-03 6.054230034351348877e-03 9.144327603280544281e-03 1.642336952500045300e-03 4.324124753475189209e-02 3.268482908606529236e-02 6.782671436667442322e-03 1.842980831861495972e-02 9.735960513353347778e-03 4.453837405890226364e-03 9.498487226665019989e-03 3.771944344043731689e-02 1.070695463567972183e-02 1.783264055848121643e-02 3.700901987031102180e-03 4.094513505697250366e-02 2.118603140115737915e-02 2.746621333062648773e-02 1.440367195755243301e-02 7.225743029266595840e-03 1.428424194455146790e-02 3.819384425878524780e-02 3.220184892416000366e-02 4.650795832276344299e-02 9.091711603105068207e-03 2.720777504146099091e-02 6.392548326402902603e-03 6.261593662202358246e-04 8.972034789621829987e-03 2.548699267208576202e-02 4.029271192848682404e-03 1.938373968005180359e-02 1.407798193395137787e-02 2.189893834292888641e-02 7.667352911084890366e-03 6.554276682436466217e-03 5.800670944154262543e-03 3.213644959032535553e-03 6.394284428097307682e-04 7.863045670092105865e-03 5.657481495290994644e-03 8.537379093468189240e-03 4.358531907200813293e-03 5.834989249706268311e-03 1.261437404900789261e-02 2.062569744884967804e-02 4.158714786171913147e-03 1.153923477977514267e-02 2.287726104259490967e-02 2.138305082917213440e-02 1.339196413755416870e-02 1.930656027980148792e-03 9.040583245223388076e-05 9.061433374881744385e-03 1.401391718536615372e-02 2.326261065900325775e-02 1.075981277972459793e-02 8.099611848592758179e-03 9.435600368306040764e-04 2.603363990783691406e-02 2.806093078106641769e-03 1.786300726234912872e-02 2.224036259576678276e-03 1.693496666848659515e-02 2.217638539150357246e-03 1.064521027728915215e-03 3.039380721747875214e-02 2.664598636329174042e-02 6.043787579983472824e-03 8.250070386566221714e-04 9.480601176619529724e-03 4.023865796625614166e-03 4.653181880712509155e-03 2.433697227388620377e-03
2.531352080404758453e-02 2.335172519087791443e-02 2.622437290847301483e-02 9.898665361106395721e-03 1.198050659149885178e-02 3.952133283019065857e-02 2.740953303873538971e-02 6.126519292593002319e-03 2.777046337723731995e-02 1.238249521702528000e-02 1.752154715359210968e-02 8.497425317764282227e-01 2.707426249980926514e-02 6.663446873426437378e-02 6.582207046449184418e-03 2.871108241379261017e-02 3.187456727027893066e-02 2.892914041876792908e-02 1.035268977284431458e-02 6.807713769376277924e-03 1.623677439056336880e-03 7.689267396926879883e-03 2.541588433086872101e-02 2.262188866734504700e-02 1.716800965368747711e-02 9.820821695029735565e-03 1.134161278605461121e-02 5.921146646142005920e-02 5.243942141532897949e-03 6.233318895101547241e-02 4.178371746093034744e-03 1.475085876882076263e-02 3.333200467750430107e-03 7.535771001130342484e-04 4.902478307485580444e-03 1.052934490144252777e-02 1.303768064826726913e-02 5.150720477104187012e-03 1.685318723320960999e-02 3.522170009091496468e-03 7.969792350195348263e-04 1.356281153857707977e-02 6.346049718558788300e-03 1.727146678604185581e-03 2.408237010240554810e-02 2.374599501490592957e-02 2.078490331768989563e-02 8.706679567694664001e-03 1.232787128537893295e-02 4.385986365377902985e-03 1.015672832727432251e-02 2.101775072515010834e-02 1.087969448417425156e-02 6.338068284094333649e-03 2.910628728568553925e-02 1.667932793498039246e-02 2.725140750408172607e-02 1.745781116187572479e-02 8.595118299126625061e-03 9.335748851299285889e-03 1.853225566446781158e-02 4.716173280030488968e-03 8.672687225043773651e-03 8.965759538114070892e-03 1.998892752453684807e-03 3.086706390604376793e-03 1.660092966631054878e-04 2.711517736315727234e-03 2.318236976861953735e-02 1.197955571115016937e-03 1.938548870384693146e-02 1.148496847599744797e-02 1.970619149506092072e-02 3.113611310254782438e-04 1.762377470731735229e-02 1.077708043158054352e-02 2.203286811709403992e-02 1.262521464377641678e-02 3.377933427691459656e-02 2.686440199613571167e-02 1.824940554797649384e-02 6.524357013404369354e-03 2.309336699545383453e-02 1.561675127595663071e-02 7.013733498752117157e-03 2.741035772487521172e-03 9.248798713088035583e-03 1.105999480932950974e-02 4.493769630789756775e-02 4.670360311865806580e-02 3.356180386617779732e-03 1.828822772949934006e-03 5.489069502800703049e-03 1.588392630219459534e-02 1.966200210154056549e-02 2.084716595709323883e-02 8.267796598374843597e-03 9.534022770822048187e-03 5.093567073345184326e-03 8.706433698534965515e-03 1.102845184504985809e-02 7.223703898489475250e-03 7.526556495577096939e-03 5.325275473296642303e-03 1.056888885796070099e-02 1.855880836956202984e-03 5.487361922860145569e-03 1.755119301378726959e-02 9.098413400352001190e-03 9.783269837498664856e-03 9.313710965216159821e-03 4.753037355840206146e-03 2.856724895536899567e-03 5.308920051902532578e-03 1.580086536705493927e-02 1.827858947217464447e-02
5.504024773836135864e-02 6.071508303284645081e-02 5.670924670994281769e-03 6.924892310053110123e-03 6.868114694952964783e-03 5.560589954257011414e-02 6.321206688880920410e-02 1.086795236915349960e-02 1.102042105048894882e-02 1.334108784794807434e-02 5.936623364686965942e-02 2.707426249980926514e-02 8.497425317764282227e-01 3.510819375514984131e-02 2.117816358804702759e-02 1.227889768779277802e-02 2.345746010541915894e-02 2.199977636337280273e-03 6.611923687160015106e-03 7.613129448145627975e-03 1.117632817476987839e-02 1.196667831391096115e-02 1.424458250403404236e-02 1.599426195025444031e-02 1.187179423868656158e-02 1.487830840051174164e-02 8.943810127675533295e-03 2.314887382090091705e-02 2.295845188200473785e-02 2.890278212726116180e-02 5.205222964286804199e-02 6.721069104969501495e-03 3.480528667569160461e-02 5.343012977391481400e-03 9.526865556836128235e-03 1.532154623419046402e-02 2.297492139041423798e-02 3.911699634045362473e-03 1.260440703481435776e-02 1.617143861949443817e-02 7.463171146810054779e-03 9.857870638370513916e-03 6.669861264526844025e-03 7.326118182390928268e-03 6.014864891767501831e-03 6.248854915611445904e-04 3.636718168854713440e-02 4.237265512347221375e-02 1.231371890753507614e-03 8.787595666944980621e-03 7.308748085051774979e-03 1.544350292533636093e-02 3.433336270973086357e-03 1.265410427004098892e-02 7.903405348770320415e-04 1.283754408359527588e-02 6.728897336870431900e-03 2.133065462112426758e-02 1.325442083179950714e-02 1.037601288408041000e-02 1.708601787686347961e-02 9.647052735090255737e-03 2.916095592081546783e-02 3.250588430091738701e-03 2.339016273617744446e-02 5.735948681831359863e-02 2.163449302315711975e-03 1.246362831443548203e-02 1.763307303190231323e-02 1.564177870750427246e-02 2.060163393616676331e-02 1.301789470016956329e-02 1.685620658099651337e-02 2.305738627910614014e-02 2.062396332621574402e-02 1.372489053755998611e-02 1.551553513854742050e-02 1.530482620000839233e-02 1.760586909949779510e-02 7.899316027760505676e-03 1.003847271203994751e-02 1.638308353722095490e-02 5.505191162228584290e-03 3.793383715674281120e-03 3.895604982972145081e-03 1.043407246470451355e-03 1.583976484835147858e-02 2.741297148168087006e-02 1.258815056644380093e-03 9.350391104817390442e-03 1.130437944084405899e-02 6.809010170400142670e-03 3.670089319348335266e-02 2.368127554655075073e-02 9.961761534214019775e-03 1.577461021952331066e-03 2.575371600687503815e-02 1.794507913291454315e-02 6.224190816283226013e-03 7.921053096652030945e-03 2.764233388006687164e-03 6.524736527353525162e-03 2.031080797314643860e-02 1.806161925196647644e-02 3.357027890160679817e-03 3.148767398670315742e-03 3.932408522814512253e-03 6.409609224647283554e-03 1.489065587520599365e-02 1.258091721683740616e-02 1.065949094481766224e-03 3.907504025846719742e-03 2.025352092459797859e-03 3.283780300989747047e-03 2.292300388216972351e-02 1.780544407665729523e-03
