8.170919418334960938e-01 5.385013297200202942e-02 1.683649234473705292e-02 1.531845331192016602e-02 2.719108248129487038e-03 7.194673269987106323e-02 5.623193830251693726e-02 9.246525354683399200e-03 7.952556945383548737e-03 1.571065001189708710e-02 5.505569651722908020e-02 1.908400841057300568e-02 3.120688349008560181e-02 1.973975636065006256e-02 3.638116270303726196e-02 1.075029280036687851e-02 7.704270072281360626e-03 2.751382766291499138e-03 9.867734275758266449e-03 1.776910386979579926e-02 4.602296277880668640e-03 1.820384524762630463e-02 8.052565157413482666e-03 1.548880827613174915e-04 1.893623732030391693e-02 9.609094820916652679e-03 2.277728170156478882e-02 3.140450268983840942e-02 4.629203584045171738e-03 1.016331277787685394e-02 1.527472864836454391e-02 1.586461812257766724e-02 1.358962617814540863e-02 4.404031671583652496e-03 1.493945438414812088e-02 3.202404081821441650e-02 2.783003821969032288e-02 2.569138444960117340e-02 8.051801472902297974e-03 1.064040604978799820e-02 2.856202609837055206e-02 1.055635418742895126e-02 1.501149591058492661e-02 1.843457855284214020e-02 1.281778514385223389e-02 5.702206399291753769e-03 4.421989619731903076e-02 3.285489231348037720e-02 1.446370128542184830e-02 1.210215874016284943e-02 9.856684133410453796e-03 1.088997442275285721e-02 4.390248656272888184e-02 1.314829848706722260e-02 5.378210917115211487e-03 6.707923603244125843e-04 9.735292755067348480e-03 2.758535556495189667e-02 2.163349650800228119e-02 5.604874240816570818e-05 7.115938700735569000e-03 1.123212557286024094e-02 1.498041953891515732e-02 2.539148181676864624e-02 3.478759154677391052e-02 2.594027481973171234e-02 2.031692862510681152e-02 1.329095009714365005e-02 1.305341254919767380e-02 1.248445268720388412e-02 2.271261252462863922e-02 1.087941043078899384e-02 1.638511568307876587e-02 1.667403429746627808e-02 1.179902628064155579e-02 5.721261259168386459e-03 6.779235322028398514e-03 2.574764564633369446e-02 7.041878532618284225e-03 2.007173746824264526e-02 9.125010110437870026e-03 4.927868489176034927e-03 1.845318125560879707e-03 1.162657607346773148e-02 2.103974111378192902e-02 3.936455119401216507e-03 2.508480846881866455e-02 1.141899917274713516e-02 3.114642342552542686e-03 1.345394551753997803e-02 2.545403130352497101e-02 3.113471716642379761e-02 1.398481428623199463e-02 1.165162492543458939e-02 3.154113190248608589e-03 1.504778675734996796e-02 1.612879149615764618e-02 2.198729291558265686e-02 4.694723524153232574e-03 5.261273123323917389e-03 2.950965799391269684e-02 1.328757498413324356e-02 2.277727238833904266e-02 1.500927377492189407e-02 1.364809367805719376e-02 7.160230888985097408e-04 2.864322438836097717e-02 3.918719012290239334e-03 6.597199011594057083e-03 4.151955246925354004e-03 2.634704858064651489e-02 3.235934674739837646e-02 1.358447968959808350e-02 1.481427811086177826e-02 2.363421581685543060e-02 7.196555379778146744e-03
5.385013297200202942e-02 8.170919418334960938e-01 1.225822884589433670e-02 7.081063464283943176e-03 1.049355603754520416e-02 2.357695065438747406e-02 2.986619994044303894e-02 4.848827957175672054e-04 2.116451971232891083e-02 2.312950044870376587e-02 4.832420125603675842e-02 2.127479389309883118e-02 6.906924396753311157e-02 2.624510601162910461e-02 2.918135002255439758e-02 2.755226567387580872e-03 4.596434067934751511e-03 5.490472540259361267e-03 1.154116168618202209e-02 8.926275186240673065e-03 8.697142824530601501e-03 4.113726690411567688e-02 2.516065491363406181e-03 1.579270325601100922e-02 1.666057854890823364e-02 1.396149396896362305e-03 2.869208157062530518e-02 7.763654924929141998e-03 6.579070352017879486e-03 2.769263926893472672e-03 3.902436792850494385e-02 7.689160294830799103e-03 1.523246755823493004e-03 1.315164472907781601e-02 7.681197486817836761e-03 2.072196453809738159e-02 7.411478552967309952e-03 2.400860749185085297e-02 1.178812328726053238e-02 1.541807688772678375e-02 1.428454648703336716e-02 3.617300186306238174e-03 1.539295166730880737e-02 1.175700314342975616e-02 2.253749035298824310e-02 5.201351828873157501e-03 3.835579380393028259e-02 3.973250836133956909e-02 1.969865988940000534e-03 3.469772636890411377e-03 3.412722609937191010e-03 1.133514475077390671e-02 2.421911060810089111e-02 1.529917493462562561e-02 1.653342880308628082e-02 1.892859108920674771e-05 2.599160745739936829e-02 3.249280527234077454e-02 2.141915960237383842e-03 2.051060553640127182e-03 2.296661585569381714e-02 2.008567936718463898e-02 1.141041796654462814e-02 1.408930215984582901e-02 2.204762399196624756e-02 3.479921072721481323e-02 2.949370630085468292e-02 2.699751220643520355e-02 1.530103385448455811e-02 1.323449076153337955e-03 1.051160413771867752e-02 4.532402381300926208e-04 1.516499929130077362e-02 1.613204553723335266e-02 1.020252611488103867e-02 2.311531279701739550e-04 2.771946974098682404e-02 1.327693462371826172e-02 1.043395884335041046e-02 4.042638465762138367e-03 4.779850598424673080e-03 9.824430570006370544e-03 1.550822705030441284e-02 5.464999005198478699e-03 4.088448360562324524e-03 5.550323519855737686e-03 1.346238330006599426e-02 1.804657466709613800e-02 1.988457515835762024e-02 1.014758925884962082e-02 1.828202046453952789e-02 2.459610812366008759e-02 3.160795941948890686e-02 3.415483981370925903e-02 7.864981889724731445e-03 6.232040002942085266e-03 6.511792074888944626e-03 5.212506512179970741e-04 1.749441772699356079e-02 1.202810322865843773e-03 1.142734475433826447e-02 1.708701625466346741e-02 7.357047870755195618e-03 3.000098280608654022e-02 5.007113795727491379e-03 1.146793738007545471e-02 5.242235958576202393e-03 4.590162541717290878e-03 1.241837814450263977e-02 3.126275492832064629e-03 3.187336493283510208e-03 1.184913609176874161e-02 2.189731225371360779e-02 3.625624580308794975e-03 1.931130141019821167e-02 2.433544723317027092e-03
1.683649234473705292e-02 1.225822884589433670e-02 8.170919418334960938e-01 4.833304788917303085e-03 1.641323976218700409e-02 2.217099070549011230e-02 2.021543867886066437e-02 5.417029932141304016e-02 2.593152923509478569e-03 2.663070708513259888e-02 7.092435262165963650e-04 1.100886729545891285e-03 8.114528842270374298e-03 1.715522073209285736e-02 1.453124079853296280e-02 1.364392321556806564e-02 3.370381658896803856e-03 1.106610987335443497e-02 9.878014214336872101e-03 3.638215828686952591e-03 1.087549515068531036e-02 3.039285726845264435e-02 3.848975291475653648e-03 9.675985202193260193e-03 1.069115102291107178e-02 1.072261668741703033e-02 1.290830876678228378e-02 2.399053983390331268e-02 1.350693963468074799e-02 2.016311325132846832e-02 2.047612331807613373e-02 1.213488914072513580e-02 4.375725612044334412e-02 6.306815892457962036e-03 2.612306736409664154e-02 1.794618554413318634e-02 5.252534523606300354e-03 1.734350435435771942e-02 1.549947261810302734e-02 1.179180853068828583e-02 3.503577085211873055e-03 6.394298281520605087e-03 7.561007980257272720e-03 2.254776842892169952e-02 1.172918593510985374e-03 2.513816813006997108e-03 4.993448499590158463e-03 4.894752521067857742e-03 3.351674415171146393e-03 6.247773766517639160e-03 3.542840946465730667e-03 1.213417574763298035e-02 4.062125459313392639e-03 1.112318783998489380e-02 1.230572257190942764e-02 1.163940038532018661e-02 1.546551845967769623e-02 9.968460537493228912e-03 1.546742860227823257e-02 1.437360420823097229e-02 4.609962459653615952e-03 3.788830246776342392e-03 2.651043795049190521e-02 7.092262152582406998e-03 1.889077946543693542e-02 1.587368175387382507e-02 1.001215167343616486e-02 4.672867245972156525e-03 1.936950907111167908e-02 1.020009256899356842e-02 2.106007188558578491e-02 8.399448357522487640e-03 9.832574985921382904e-03 7.108776480890810490e-04 2.389570139348506927e-02 2.594256307929754257e-03 9.555087424814701080e-03 4.201734438538551331e-02 1.800314756110310555e-03 9.758526459336280823e-03 4.387328401207923889e-02 5.208008736371994019e-02 1.614599255844950676e-03 2.237181412056088448e-03 1.120425201952457428e-02 1.462122332304716110e-02 3.533857688307762146e-02 3.589807823300361633e-02 2.231190446764230728e-03 2.101720310747623444e-02 9.089442901313304901e-03 3.163681551814079285e-02 4.622664302587509155e-03 1.772843115031719208e-02 3.066379576921463013e-02 9.383240714669227600e-03 4.730974324047565460e-03 9.783725254237651825e-03 8.684477768838405609e-03 1.454865187406539917e-02 1.167709007859230042e-03 1.849949732422828674e-02 8.810566738247871399e-03 1.313590724021196365e-02 3.292580693960189819e-02 1.411903183907270432e-03 1.446065679192543030e-02 3.752531716600060463e-03 1.569196954369544983e-02 1.232933998107910156e-02 7.893872447311878204e-03 8.348055183887481689e-03 1.028597727417945862e-02 2.088920027017593384e-02 8.465088903903961182e-03 2.076875045895576477e-02
1.531845331192016602e-02 7.081063464283943176e-03 4.833304788917303085e-03 8.170919418334960938e-01 5.136416479945182800e-02 3.033852204680442810e-02 3.199889510869979858e-02 1.453540101647377014e-02 2.430285094305872917e-03 1.412184722721576691e-02 1.588859478943049908e-03 4.059969633817672729e-02 1.657836325466632843e-02 4.579192399978637695e-02 2.678955160081386566e-02 1.199322380125522614e-02 4.855603445321321487e-03 2.733560651540756226e-02 4.364033043384552002e-02 9.805154055356979370e-03 7.135249208658933640e-03 4.156999348197132349e-04 1.327075879089534283e-03 1.135079376399517059e-02 1.580951549112796783e-02 1.721127517521381378e-02 1.940061897039413452e-02 1.773328147828578949e-02 1.030193641781806946e-02 1.873844675719738007e-02 1.201238296926021576e-02 3.512753173708915710e-03 3.656143555417656898e-03 1.873995922505855560e-02 2.233850769698619843e-02 2.051542699337005615e-02 1.933639496564865112e-02 3.206087648868560791e-02 3.903609514236450195e-02 2.311763353645801544e-02 1.606151275336742401e-02 5.304131773300468922e-04 6.212533917278051376e-04 7.316521834582090378e-03 1.443196646869182587e-02 8.462331024929881096e-04 1.187765784561634064e-02 1.267590932548046112e-02 1.049743499606847763e-02 4.632944241166114807e-03 2.543789707124233246e-02 1.451293937861919403e-02 7.681088522076606750e-03 8.491414599120616913e-03 9.977644309401512146e-03 1.071829907596111298e-02 6.167892366647720337e-03 4.707235842943191528e-03 1.703871786594390869e-02 2.552376873791217804e-02 3.964234888553619385e-02 3.585027530789375305e-02 3.146244585514068604e-02 2.437014877796173096e-02 8.060173131525516510e-03 1.084558852016925812e-02 1.413536630570888519e-02 9.602393954992294312e-03 6.009914912283420563e-03 4.503136035054922104e-03 3.109092824161052704e-02 3.294491022825241089e-02 4.775156825780868530e-02 2.095562964677810669e-02 3.991288319230079651e-02 2.474171668291091919e-02 2.695763949304819107e-03 6.033565383404493332e-03 4.206452053040266037e-03 9.489067830145359039e-03 1.804921030998229980e-02 6.001308094710111618e-03 6.644942611455917358e-02 3.406292200088500977e-02 4.616958554834127426e-03 2.138822339475154877e-02 8.731494657695293427e-03 5.778373684734106064e-03 7.252634968608617783e-03 2.080003172159194946e-02 9.023741818964481354e-03 5.929120350629091263e-03 6.453480105847120285e-03 3.307352587580680847e-02 3.433762583881616592e-03 3.300213720649480820e-03 2.098707854747772217e-02 2.078376710414886475e-02 1.689979247748851776e-02 1.984870433807373047e-02 2.747653797268867493e-02 9.995438158512115479e-03 2.929801493883132935e-02 3.614343330264091492e-02 1.519896904937922955e-03 1.080318074673414230e-02 3.223248198628425598e-02 2.291190251708030701e-02 1.557395607233047485e-02 2.201175130903720856e-02 2.020756714046001434e-02 8.123713545501232147e-03 4.919783677905797958e-03 1.240789983421564102e-02 1.180308777838945389e-02 1.386279705911874771e-02
2.719108248129487038e-03 1.049355603754520416e-02 1.641323976218700409e-02 5.136416479945182800e-02 8.170919418334960938e-01 1.251645479351282120e-02 2.474195137619972229e-02 4.587010480463504791e-03 7.457792293280363083e-03 5.784343462437391281e-03 7.099090609699487686e-03 2.424512803554534912e-02 1.144490763545036316e-02 2.259557507932186127e-02 5.812291055917739868e-03 1.218997203977778554e-04 2.097547240555286407e-02 2.418461721390485764e-03 1.974061317741870880e-02 1.201774086803197861e-02 1.524812169373035431e-02 1.594807393848896027e-02 2.619704790413379669e-02 1.614532433450222015e-02 7.700796704739332199e-03 1.666627824306488037e-02 8.660987950861454010e-03 8.359067142009735107e-03 2.060229517519474030e-02 7.626327686011791229e-03 1.722840592265129089e-02 3.421687055379152298e-03 4.024296253919601440e-02 2.395223826169967651e-02 1.713313744403421879e-03 2.509516105055809021e-02 3.100352734327316284e-02 1.078907493501901627e-02 4.008605703711509705e-02 3.394544869661331177e-02 1.451971940696239471e-02 1.096765324473381042e-02 3.245180100202560425e-02 6.926081608980894089e-03 2.408473053947091103e-03 1.481683459132909775e-02 3.657771041616797447e-03 1.754422439262270927e-03 1.389281172305345535e-02 1.124967355281114578e-02 2.064562775194644928e-02 1.294270344078540802e-02 2.019230276346206665e-02 4.204724100418388844e-04 1.666886545717716217e-02 6.259983871132135391e-03 2.575467573478817940e-03 3.479760140180587769e-02 4.688831046223640442e-03 2.379717864096164703e-02 3.214510530233383179e-02 2.363816136494278908e-03 5.380120128393173218e-02 2.926140092313289642e-02 1.416191365569829941e-02 1.032148953527212143e-02 5.255765747278928757e-03 1.502952352166175842e-02 3.669855184853076935e-03 4.998806864023208618e-03 1.020607352256774902e-02 1.858782395720481873e-02 5.178168416023254395e-03 1.560137048363685608e-02 2.729077078402042389e-02 9.863063693046569824e-03 1.037733256816864014e-02 1.193021330982446671e-02 7.743252208456397057e-04 2.085677348077297211e-03 1.058255974203348160e-02 2.432133071124553680e-02 3.755969181656837463e-02 5.224718898534774780e-02 2.016738057136535645e-02 3.895049914717674255e-02 1.394692249596118927e-02 6.818200927227735519e-03 1.528615225106477737e-02 2.752550505101680756e-02 1.478442177176475525e-02 1.915117492899298668e-03 1.892706495709717274e-03 1.619701460003852844e-02 6.999213714152574539e-03 7.629682775586843491e-03 1.507454086095094681e-02 1.406587311066687107e-03 4.173118795733898878e-04 9.260130114853382111e-03 9.615476243197917938e-03 3.108842298388481140e-02 1.200434379279613495e-02 7.984611205756664276e-03 2.820890024304389954e-02 1.116218045353889465e-02 3.122727386653423309e-02 1.382561679929494858e-02 1.790085248649120331e-02 1.418248657137155533e-02 2.758677676320075989e-02 1.610195823013782501e-02 3.330432809889316559e-03 6.915421690791845322e-03 4.246226046234369278e-03 2.122728526592254639e-02
7.194673269987106323e-02 2.357695065438747406e-02 2.217099070549011230e-02 3.033852204680442810e-02 1.251645479351282120e-02 8.170919418334960938e-01 9.095674753189086914e-02 8.242948097176849842e-04 1.082709990441799164e-03 2.493662759661674500e-02 3.774255514144897461e-02 3.110351413488388062e-02 3.332069842144846916e-03 4.188955575227737427e-02 2.867474034428596497e-02 2.074952796101570129e-02 1.292730960994958878e-02 1.729903928935527802e-02 2.449610270559787750e-02 4.238217603415250778e-03 7.416056934744119644e-03 1.562233641743659973e-02 1.966525986790657043e-02 7.629856001585721970e-03 8.391461335122585297e-03 5.548339337110519409e-03 2.515879459679126740e-02 4.674968495965003967e-02 6.484274286776781082e-03 2.173543907701969147e-02 1.558901928365230560e-02 3.504702544887550175e-05 6.202745251357555389e-03 5.978392902761697769e-03 1.646016351878643036e-02 1.089649088680744171e-02 1.186667941510677338e-02 1.046996191143989563e-02 3.723530843853950500e-02 7.430419325828552246e-03 1.195123977959156036e-02 4.740119038615375757e-04 1.659348024986684322e-03 2.719123382121324539e-03 2.069014124572277069e-02 1.512392144650220871e-02 6.140505522489547729e-02 4.817415401339530945e-02 1.469613704830408096e-02 4.985693376511335373e-03 1.679943315684795380e-02 1.466750819236040115e-02 3.328390419483184814e-02 1.184788299724459648e-03 3.964185249060392380e-03 6.506714504212141037e-03 1.144647877663373947e-02 3.854132723063230515e-03 7.810365408658981323e-03 2.484314376488327980e-03 1.113429665565490723e-02 1.970127038657665253e-02 6.028037518262863159e-03 1.325272861868143082e-02 2.809400297701358795e-02 2.071131579577922821e-02 5.486827809363603592e-03 2.403885824605822563e-03 3.055793792009353638e-02 9.602360427379608154e-03 3.204428777098655701e-02 4.589187446981668472e-03 2.190386317670345306e-02 1.085968036204576492e-02 3.075755201280117035e-03 1.127674616873264313e-02 1.565608754754066467e-02 3.690668568015098572e-02 3.151902230456471443e-03 7.256462704390287399e-03 2.193796914070844650e-03 7.823993451893329620e-03 1.818303205072879791e-02 7.089181337505578995e-03 5.367088597267866135e-03 1.225138828158378601e-02 1.260351855307817459e-02 3.190254792571067810e-03 1.355222426354885101e-03 2.263923175632953644e-03 2.756389975547790527e-02 1.885400712490081787e-02 2.476743608713150024e-02 7.551348302513360977e-03 1.147686503827571869e-02 1.017108466476202011e-02 1.361653208732604980e-03 6.151341367512941360e-03 2.953348914161324501e-03 9.469001553952693939e-03 2.878230810165405273e-02 8.560102432966232300e-03 4.277136176824569702e-03 3.665194148197770119e-03 1.795022049918770790e-03 6.258772686123847961e-03 2.316337637603282928e-02 8.518931455910205841e-03 3.501155646517872810e-03 1.555044762790203094e-02 8.742812089622020721e-03 2.208699658513069153e-02 9.075919166207313538e-03 1.955424621701240540e-02 4.427561070770025253e-03 9.124553762376308441e-03
5.623193830251693726e-02 2.986619994044303894e-02 2.021543867886066437e-02 3.199889510869979858e-02 2.474195137619972229e-02 9.095674753189086914e-02 8.170919418334960938e-01 3.036511829122900963e-03 7.955888286232948303e-03 3.054365888237953186e-02 3.692201524972915649e-02 1.937520317733287811e-02 8.807512000203132629e-03 4.326640069484710693e-02 2.016746066510677338e-02 2.157419733703136444e-02 8.313587866723537445e-03 1.790884532965719700e-03 1.966853253543376923e-02 2.574460115283727646e-03 4.234107676893472672e-03 1.077449414879083633e-02 1.677175611257553101e-02 3.524982836097478867e-03 4.493905231356620789e-03 3.023510100319981575e-03 1.279015000909566879e-02 3.132972493767738342e-02 1.355076581239700317e-02 2.336009033024311066e-02 2.693569473922252655e-02 4.724748898297548294e-03 5.237475037574768066e-03 7.878321222960948944e-03 1.067267917096614838e-02 1.000309083610773087e-02 1.486088335514068604e-02 1.788364839740097523e-03 2.988342382013797760e-02 1.246208883821964264e-02 1.039479626342654228e-03 2.181942760944366455e-02 2.362330816686153412e-02 5.251866299659013748e-03 2.990266866981983185e-02 3.012004308402538300e-02 4.781726375222206116e-02 6.763393431901931763e-02 2.396506257355213165e-02 6.251285318285226822e-03 4.844666458666324615e-03 1.378894783556461334e-03 2.710081078112125397e-02 7.716514635831117630e-03 1.389058306813240051e-02 7.117652799934148788e-03 2.378225326538085938e-03 3.408652963116765022e-03 6.399508565664291382e-03 9.857109747827053070e-03 9.727796539664268494e-03 1.942009106278419495e-02 1.379530131816864014e-02 3.340679977554827929e-04 2.509422414004802704e-02 2.574855834245681763e-02 5.973966326564550400e-03 4.743399564176797867e-03 2.180592902004718781e-02 1.805140823125839233e-02 2.091326192021369934e-02 1.316893566399812698e-02 1.669816672801971436e-02 9.242237545549869537e-03 3.963179886341094971e-03 3.914222586899995804e-03 5.691811908036470413e-03 3.849387541413307190e-02 1.051080878823995590e-03 2.375938231125473976e-03 1.135936472564935684e-02 9.101341129280626774e-04 8.973327465355396271e-03 1.953179575502872467e-02 1.089680381119251251e-02 1.366396783851087093e-03 2.249361714348196983e-03 4.976803436875343323e-03 1.594543084502220154e-02 4.056134785059839487e-04 1.829623803496360779e-02 4.605444148182868958e-03 4.491435363888740540e-02 3.675247775390744209e-03 1.298470515757799149e-02 7.037352770566940308e-03 3.417061408981680870e-03 9.513126686215400696e-03 2.776727778837084770e-03 2.793820749502629042e-04 2.567202970385551453e-02 1.358044985681772232e-02 3.816192736849188805e-03 3.148966468870639801e-03 3.688394092023372650e-03 4.418195690959692001e-03 1.321356929838657379e-02 8.463283069431781769e-03 1.662135310471057892e-02 2.080406807363033295e-02 6.112226285040378571e-03 1.565332897007465363e-02 1.190163660794496536e-02 2.681497950106859207e-03 3.166272072121500969e-03 1.356442365795373917e-02
9.246525354683399200e-03 4.848827957175672054e-04 5.417029932141304016e-02 1.453540101647377014e-02 4.587010480463504791e-03 8.242948097176849842e-04 3.036511829122900963e-03 8.170919418334960938e-01 9.470650926232337952e-03 3.364102542400360107e-02 1.135961618274450302e-02 1.642193965381011367e-04 1.674913987517356873e-02 1.047213841229677200e-02 4.231668263673782349e-02 1.169242989271879196e-02 1.191443111747503281e-02 1.175363361835479736e-02 1.118033006787300110e-02 3.762352839112281799e-02 6.974528077989816666e-03 1.467667240649461746e-02 2.018511481583118439e-02 7.985655218362808228e-03 1.415670011192560196e-02 5.706350784748792648e-03 8.452091133221983910e-04 2.159209549427032471e-02 2.007891424000263214e-02 7.244364824146032333e-03 7.713588420301675797e-03 2.674211375415325165e-02 3.048575948923826218e-03 1.466137077659368515e-02 4.884936846792697906e-03 1.990468427538871765e-02 3.282450512051582336e-02 9.140299633145332336e-03 3.163870191201567650e-03 2.756942249834537506e-02 1.594153419137001038e-02 1.305460371077060699e-02 6.767894607037305832e-03 1.424166001379489899e-02 2.221850864589214325e-02 1.540843304246664047e-02 3.106463234871625900e-03 8.813876658678054810e-03 1.859501563012599945e-02 1.851362362504005432e-02 1.574380137026309967e-02 8.797102607786655426e-03 8.965900167822837830e-03 3.147790580987930298e-02 9.271207265555858612e-03 2.856706082820892334e-02 6.485855672508478165e-03 1.668083481490612030e-02 2.890833280980587006e-02 2.579434402287006378e-02 7.577260490506887436e-03 1.154380806838162243e-04 1.278612203896045685e-02 1.461040228605270386e-02 3.017373941838741302e-02 2.266129478812217712e-02 2.721181698143482208e-02 1.546840416267514229e-03 6.729801185429096222e-03 6.469735875725746155e-03 5.358343012630939484e-03 9.783924557268619537e-03 2.664481475949287415e-02 8.645470370538532734e-04 5.024038255214691162e-03 1.408374775201082230e-02 1.994839124381542206e-02 1.194029860198497772e-02 1.093676406890153885e-02 2.039447659626603127e-03 4.138502478599548340e-02 5.454927682876586914e-02 7.437629159539937973e-03 1.296189706772565842e-02 7.073799148201942444e-03 5.971783306449651718e-03 3.913477435708045959e-02 3.046320565044879913e-02 6.995610892772674561e-03 3.770738141611218452e-03 1.322631444782018661e-02 1.942195929586887360e-02 1.451125461608171463e-02 1.100048795342445374e-02 2.159731648862361908e-02 3.731440752744674683e-02 1.290806010365486145e-02 1.833983883261680603e-02 3.582602832466363907e-03 3.250739537179470062e-03 2.049287781119346619e-02 3.111107833683490753e-02 8.931350894272327423e-03 3.541432321071624756e-03 2.326027490198612213e-03 2.192747034132480621e-02 1.071330066770315170e-02 8.863192982971668243e-03 3.033666312694549561e-02 1.024880446493625641e-02 2.511073136702179909e-03 2.147070504724979401e-02 1.187859941273927689e-02 9.181464090943336487e-03 3.208126500248908997e-02 1.098251342773437500e-02
7.952556945383548737e-03 2.116451971232891083e-02 2.593152923509478569e-03 2.430285094305872917e-03 7.457792293280363083e-03 1.082709990441799164e-03 7.955888286232948303e-03 9.470650926232337952e-03 8.170919418334960938e-01 1.140031311661005020e-02 6.356089841574430466e-03 2.406833134591579437e-02 2.720742253586649895e-03 8.631606586277484894e-03 3.051233477890491486e-03 2.588889189064502716e-02 3.768295422196388245e-02 4.554732143878936768e-02 6.063286215066909790e-03 1.600646763108670712e-03 1.322916429489850998e-02 3.427300835028290749e-03 2.412073872983455658e-02 4.458711948245763779e-03 2.139644138514995575e-02 9.720082394778728485e-03 1.724981144070625305e-02 8.314609527587890625e-03 4.927905276417732239e-03 2.362065948545932770e-02 4.455435555428266525e-04 2.580621046945452690e-03 2.090847864747047424e-02 3.704005503095686436e-04 3.588773543015122414e-03 1.927388086915016174e-02 2.736522350460290909e-03 5.609592422842979431e-03 2.956734783947467804e-02 4.922261089086532593e-02 5.422112531960010529e-03 2.051362022757530212e-02 1.846235245466232300e-03 2.391646243631839752e-02 3.812425129581242800e-04 1.182721368968486786e-02 8.501376956701278687e-03 6.716151256114244461e-03 4.335933551192283630e-02 2.581134904175996780e-03 1.533651840873062611e-03 2.281769923865795135e-02 4.975548363290727139e-04 2.192387543618679047e-02 6.546451896429061890e-02 8.500174619257450104e-03 3.278604522347450256e-02 3.801468526944518089e-03 2.889673691242933273e-03 1.328067667782306671e-02 1.746920496225357056e-02 1.422232890035957098e-04 9.026737883687019348e-03 1.224123593419790268e-02 1.464590243995189667e-02 5.473631317727267742e-04 3.720311215147376060e-03 4.916498437523841858e-03 4.190740734338760376e-02 2.809550054371356964e-02 3.278540913015604019e-03 5.867771338671445847e-03 8.483361452817916870e-03 2.317197807133197784e-02 3.146539675071835518e-03 5.080143455415964127e-03 8.092578500509262085e-02 1.268259529024362564e-02 6.238261982798576355e-02 4.043252673000097275e-03 4.010854754596948624e-04 1.700137043371796608e-03 1.738725230097770691e-02 7.558197248727083206e-03 2.237533032894134521e-02 1.040096487849950790e-02 1.150972116738557816e-02 2.578828483819961548e-03 4.955081269145011902e-02 1.060116291046142578e-02 7.221178151667118073e-03 2.320070751011371613e-02 3.949314355850219727e-03 3.078115405514836311e-03 6.719538941979408264e-03 3.872605739161372185e-03 2.826191112399101257e-02 3.730182070285081863e-03 1.603139750659465790e-02 1.454421132802963257e-02 1.093425881117582321e-02 4.392684902995824814e-03 2.575238980352878571e-02 4.018780309706926346e-03 5.714092403650283813e-03 2.132509090006351471e-02 4.163972102105617523e-03 3.371144086122512817e-02 8.672604337334632874e-03 9.293903596699237823e-03 2.404811419546604156e-02 9.292613714933395386e-03 1.100824493914842606e-02 1.474058348685503006e-02 1.627795770764350891e-02 1.889933831989765167e-02
1.571065001189708710e-02 2.312950044870376587e-02 2.663070708513259888e-02 1.412184722721576691e-02 5.784343462437391281e-03 2.493662759661674500e-02 3.054365888237953186e-02 3.364102542400360107e-02 1.140031311661005020e-02 8.170919418334960938e-01 1.824659761041402817e-03 1.668263599276542664e-02 4.983561113476753235e-03 2.321957424283027649e-02 4.135679453611373901e-03 2.627598866820335388e-02 8.501227945089340210e-03 6.592242512851953506e-03 2.729698084294795990e-02 2.329234965145587921e-02 2.571730408817529678e-03 1.186996605247259140e-02 2.476447634398937225e-02 7.331519853323698044e-03 8.679365419084206223e-05 2.599212806671857834e-03 8.301695808768272400e-03 1.585109718143939972e-02 1.967189274728298187e-02 5.320839583873748779e-03 1.915174163877964020e-02 9.396832436323165894e-03 2.137487381696701050e-02 1.294289901852607727e-02 8.285023272037506104e-03 1.560930442065000534e-02 2.745008282363414764e-02 5.462642759084701538e-03 9.217044338583946228e-03 2.876777667552232742e-03 5.498019047081470490e-03 9.555333293974399567e-03 6.759235169738531113e-03 9.987126104533672333e-03 3.596376627683639526e-03 2.769983746111392975e-02 3.928317688405513763e-03 6.411785259842872620e-03 1.747785322368144989e-02 4.775844514369964600e-02 1.458895765244960785e-02 1.814849674701690674e-03 1.196471881121397018e-02 1.228747516870498657e-02 9.509548544883728027e-03 4.010847583413124084e-02 1.773284375667572021e-02 8.984710089862346649e-03 1.325117610394954681e-02 2.322327159345149994e-02 4.274138808250427246e-02 5.571525078266859055e-03 2.803663164377212524e-02 1.069516129791736603e-02 1.015831809490919113e-02 1.304460037499666214e-02 2.305076271295547485e-02 5.884877871721982956e-03 6.532309576869010925e-03 9.301753714680671692e-03 2.100322395563125610e-02 1.252409163862466812e-02 2.618552744388580322e-02 9.152554906904697418e-03 5.343744065612554550e-03 1.312722824513912201e-02 4.453767091035842896e-03 7.845178246498107910e-02 7.599144708365201950e-03 3.339903429150581360e-02 2.661744318902492523e-02 2.010203711688518524e-02 8.509396575391292572e-03 1.263303309679031372e-02 5.842639948241412640e-04 1.677120663225650787e-02 1.111749745905399323e-02 3.215994313359260559e-02 1.869496144354343414e-02 1.506894547492265701e-02 1.643649116158485413e-02 1.501822471618652344e-02 1.210573688149452209e-02 4.058992490172386169e-03 6.239677313715219498e-03 3.460146859288215637e-02 1.481655798852443695e-02 1.117407996207475662e-02 2.939272485673427582e-02 1.752148382365703583e-02 2.200192958116531372e-02 1.793980225920677185e-02 7.549053989350795746e-03 2.975821495056152344e-03 7.293486036360263824e-03 2.788639068603515625e-02 2.262979932129383087e-02 1.193697098642587662e-04 1.021028310060501099e-02 9.665885940194129944e-03 9.111473918892443180e-04 2.177710877731442451e-03 1.645660772919654846e-02 1.912064850330352783e-02 7.048923056572675705e-03 1.819062232971191406e-02
5.505569651722908020e-02 4.832420125603675842e-02 7.092435262165963650e-04 1.588859478943049908e-03 7.099090609699487686e-03 3.774255514144897461e-02 3.692201524972915649e-02 1.135961618274450302e-02 6.356089841574430466e-03 1.824659761041402817e-03 8.170919418334960938e-01 2.122781984508037567e-02 4.885062947869300842e-02 1.264440640807151794e-02 3.276556730270385742e-02 1.638040691614151001e-02 5.765886511653661728e-03 2.505261637270450592e-02 3.134959377348423004e-03 9.893120266497135162e-03 1.422122400254011154e-02 2.446431666612625122e-02 1.114564202725887299e-02 5.836252123117446899e-03 2.087387023493647575e-03 2.102977037429809570e-02 1.656098663806915283e-02 9.533528238534927368e-03 9.295077063143253326e-03 1.200990471988916397e-02 7.571008522063493729e-03 1.161327771842479706e-02 2.494314452633261681e-03 3.213050775229930878e-03 5.959826987236738205e-03 2.844967879354953766e-02 2.888917550444602966e-02 1.510196831077337265e-02 4.068224225193262100e-03 6.539025809615850449e-03 9.857021272182464600e-03 1.291456818580627441e-02 1.855502836406230927e-02 1.907623000442981720e-02 3.622263297438621521e-02 1.369141414761543274e-02 5.167915299534797668e-02 4.184126108884811401e-02 2.316677942872047424e-02 3.402509726583957672e-03 1.085253804922103882e-02 4.498582798987627029e-03 5.045501142740249634e-02 2.189528010785579681e-02 8.848503232002258301e-03 2.478191629052162170e-03 1.026714313775300980e-02 1.137698814272880554e-02 4.421619325876235962e-02 2.577704936265945435e-02 1.487104501575231552e-02 2.179115777835249901e-03 8.474041707813739777e-03 1.077061146497726440e-02 5.548097193241119385e-02 3.722546249628067017e-02 1.667656004428863525e-02 4.634622484445571899e-03 1.805677195079624653e-03 1.857873424887657166e-02 9.950816165655851364e-04 1.388658490031957626e-02 6.613266654312610626e-03 1.351228076964616776e-02 1.319287810474634171e-03 1.764247380197048187e-02 1.827450282871723175e-02 1.326013263314962387e-02 2.270780736580491066e-03 8.804553188383579254e-03 6.698287092149257660e-03 1.331095932982861996e-03 4.388602916151285172e-03 2.962614409625530243e-02 4.322427790611982346e-03 6.844166666269302368e-03 3.309456259012222290e-02 2.142699435353279114e-02 6.686543580144643784e-03 1.748205395415425301e-03 3.883025795221328735e-02 4.196503013372421265e-02 3.696278855204582214e-02 8.903429843485355377e-03 2.413305826485157013e-02 2.472976921126246452e-03 3.773870319128036499e-02 2.391207776963710785e-02 1.376326009631156921e-02 1.231758296489715576e-02 2.802577801048755646e-02 7.852373644709587097e-03 1.538834907114505768e-02 1.458237227052450180e-02 1.267914008349180222e-02 6.214859429746866226e-03 3.392913565039634705e-02 6.182654295116662979e-03 9.247736888937652111e-04 1.472974196076393127e-02 9.221128188073635101e-03 1.459039188921451569e-02 8.384327404201030731e-03 1.168182585388422012e-02 1.774176023900508881e-02 1.671533286571502686e-02
1.908400841057300568e-02 2.127479389309883118e-02 1.100886729545891285e-03 4.059969633817672729e-02 2.424512803554534912e-02 3.110351413488388062e-02 1.937520317733287811e-02 1.642193965381011367e-04 2.406833134591579437e-02 1.668263599276542664e-02 2.122781984508037567e-02 8.170919418334960938e-01 1.407720148563385010e-02 6.491541117429733276e-02 2.004811167716979980e-02 2.305858768522739410e-02 1.354928780347108841e-02 5.774524994194507599e-03 3.357050940394401550e-02 5.871047731488943100e-03 2.041187603026628494e-03 7.104439195245504379e-03 2.504353970289230347e-02 1.334956008940935135e-02 1.257802010513842106e-03 1.533645950257778168e-02 7.442452944815158844e-03 7.950295694172382355e-03 1.542071718722581863e-02 1.843350357376039028e-03 1.961811073124408722e-02 2.136878296732902527e-02 1.431879401206970215e-02 2.227808535099029541e-02 1.564916037023067474e-02 1.637605577707290649e-02 1.913211867213249207e-02 2.459095790982246399e-03 2.770662866532802582e-02 1.646398752927780151e-02 6.064738146960735321e-03 5.970151163637638092e-03 1.287128962576389313e-02 2.649945393204689026e-02 2.817002311348915100e-02 2.016640640795230865e-02 2.304134890437126160e-02 9.612554684281349182e-03 2.678333967924118042e-02 4.951233975589275360e-03 2.160726580768823624e-06 2.902239747345447540e-02 2.256512269377708435e-02 4.183365963399410248e-03 2.097333967685699463e-02 1.887407270260155201e-04 2.764657698571681976e-02 1.630052737891674042e-02 3.350305557250976562e-02 1.072299759835004807e-02 2.226142957806587219e-02 4.638773202896118164e-02 1.207661349326372147e-02 2.594007179141044617e-02 2.140893414616584778e-02 3.372547216713428497e-03 8.320149965584278107e-03 1.644717762246727943e-03 1.192085165530443192e-02 2.339933812618255615e-02 2.480771578848361969e-02 1.837152801454067230e-02 4.533499851822853088e-02 3.092489950358867645e-02 4.349072650074958801e-02 4.414680879563093185e-03 1.844625361263751984e-02 1.896145567297935486e-02 1.279253698885440826e-02 5.296466872096061707e-03 2.379792928695678711e-02 2.557615051046013832e-03 3.455778583884239197e-02 3.617021813988685608e-02 2.276272885501384735e-02 3.072851523756980896e-02 2.296856604516506195e-02 1.617991738021373749e-02 3.469371423125267029e-02 1.298286579549312592e-02 1.254464592784643173e-02 3.188874945044517517e-02 5.714029073715209961e-03 8.889702148735523224e-03 1.702196081168949604e-03 1.132544409483671188e-02 4.458981007337570190e-02 1.334034930914640427e-02 3.672072198241949081e-03 1.306710764765739441e-02 1.113952789455652237e-02 3.038033610209822655e-03 8.245116099715232849e-03 4.421611782163381577e-03 9.030588902533054352e-03 1.096731610596179962e-02 3.460244461894035339e-02 1.585736870765686035e-02 1.504438184201717377e-02 4.440081305801868439e-03 1.549610123038291931e-02 2.207001857459545135e-02 5.225995555520057678e-03 8.002902031876146793e-04 1.002658158540725708e-02 4.243564605712890625e-02
3.120688349008560181e-02 6.906924396753311157e-02 8.114528842270374298e-03 1.657836325466632843e-02 1.144490763545036316e-02 3.332069842144846916e-03 8.807512000203132629e-03 1.674913987517356873e-02 2.720742253586649895e-03 4.983561113476753235e-03 4.885062947869300842e-02 1.407720148563385010e-02 8.170919418334960938e-01 2.643276192247867584e-02 3.684161230921745300e-02 2.458456717431545258e-02 1.779720559716224670e-02 2.428917028009891510e-02 2.791678532958030701e-02 2.160571701824665070e-02 2.364860847592353821e-02 4.239368438720703125e-02 1.612286269664764404e-02 8.288344368338584900e-03 1.061789225786924362e-02 7.426600437611341476e-03 2.282302081584930420e-02 1.842255331575870514e-02 2.192918583750724792e-02 1.539578381925821304e-02 5.367619916796684265e-02 1.378804445266723633e-02 1.855963841080665588e-03 1.996388658881187439e-02 1.120600034482777119e-03 2.119990065693855286e-02 2.452071197330951691e-02 2.271252870559692383e-02 4.313362762331962585e-03 1.397836301475763321e-02 9.022931568324565887e-03 4.539181478321552277e-03 1.915920153260231018e-02 9.332676418125629425e-03 2.685086056590080261e-02 5.140303168445825577e-03 3.431770205497741699e-02 3.884471207857131958e-02 6.882224231958389282e-03 7.766088936477899551e-03 2.529967343434691429e-03 4.906846210360527039e-03 2.019694261252880096e-02 1.675649173557758331e-02 2.912347204983234406e-03 1.253716740757226944e-02 1.982850767672061920e-02 1.905800960958003998e-02 9.449411183595657349e-03 9.385375306010246277e-03 1.415199134498834610e-02 2.236377820372581482e-02 4.655706696212291718e-03 1.871916279196739197e-02 3.270900994539260864e-02 5.164613947272300720e-02 2.236546017229557037e-02 2.575838938355445862e-02 1.590400934219360352e-02 1.038126461207866669e-02 1.556809293106198311e-04 1.817471720278263092e-02 5.101511254906654358e-03 1.279529090970754623e-02 2.327054738998413086e-02 8.074750192463397980e-03 2.000868879258632660e-02 4.961657337844371796e-03 1.100946310907602310e-02 1.023906562477350235e-02 8.800616487860679626e-03 1.915345340967178345e-02 2.710820175707340240e-02 4.516733344644308090e-03 4.147170577198266983e-03 7.247212808579206467e-03 1.673421449959278107e-02 2.791606076061725616e-02 1.655434444546699524e-02 1.974315848201513290e-03 2.823656611144542694e-02 2.835414744913578033e-02 4.205769672989845276e-02 4.144427925348281860e-02 2.584499679505825043e-02 2.866647765040397644e-02 8.670315146446228027e-03 1.094748545438051224e-02 2.155457995831966400e-02 6.494343746453523636e-03 1.674172841012477875e-02 1.318321470171213150e-02 1.150854118168354034e-02 2.334136702120304108e-02 7.596545037813484669e-04 1.398172415792942047e-02 1.286454871296882629e-02 2.410217886790633202e-03 4.364510998129844666e-03 1.110097020864486694e-02 7.134065497666597366e-03 1.045992597937583923e-02 2.171315066516399384e-02 1.491815433837473392e-03 1.465411018580198288e-02 7.044842466711997986e-03
