8.288819193840026855e-01 6.209402531385421753e-02 2.290330454707145691e-02 7.615117356181144714e-03 2.125104656442999840e-03 2.048815600574016571e-02 2.830878086388111115e-02 3.355934983119368553e-03 1.712049916386604309e-02 9.810241870582103729e-03 5.713948979973793030e-02 1.910766400396823883e-02 4.442468285560607910e-02 2.396274916827678680e-02 3.417222574353218079e-02 2.552569843828678131e-02 2.641195431351661682e-02 7.097518537193536758e-03 1.163904205895960331e-03 2.233662828803062439e-02 1.150795631110668182e-02 3.759314864873886108e-02 1.038752868771553040e-02 1.743897050619125366e-02 1.831918209791183472e-02 1.150716841220855713e-02 3.700175508856773376e-02 1.168784569017589092e-03 2.586452476680278778e-02 1.950042438693344593e-03 1.706334389746189117e-02 1.205056905746459961e-02 4.634741053450852633e-04 5.494031589478254318e-03 2.227671630680561066e-02 1.625577919185161591e-02 1.021017413586378098e-02 9.835229255259037018e-03 2.035184390842914581e-02 8.715643547475337982e-03 1.514477375894784927e-02 1.243360224179923534e-03 7.516239769756793976e-03 7.898613810539245605e-03 1.538513787090778351e-02 1.209400035440921783e-02 2.536089904606342316e-02 2.617346681654453278e-02 1.106849964708089828e-02 3.103718534111976624e-02 1.579962088726460934e-03 9.509024210274219513e-03 2.832712605595588684e-02 4.530150443315505981e-03 1.295739132910966873e-02 1.105389278382062912e-02 7.828156463801860809e-03 3.591005876660346985e-02 1.798911578953266144e-02 8.134828880429267883e-03 1.785830972949042916e-04 2.933613583445549011e-02 2.643233397975564003e-03 5.533794872462749481e-03 2.335188537836074829e-02 2.716335654258728027e-02 4.004212561994791031e-03 1.024589641019701958e-03 3.525049984455108643e-02 3.114242292940616608e-02 2.573266159743070602e-03 2.987910062074661255e-02 2.842091955244541168e-02 3.579184040427207947e-02 5.514954682439565659e-03 1.831807941198348999e-02 7.403596537187695503e-04 6.910898373462259769e-04 1.316269114613533020e-02 6.626028567552566528e-03 4.483244847506284714e-03 1.216762140393257141e-02 7.618193048983812332e-03 2.676572091877460480e-02 2.151319384574890137e-02 3.851910121738910675e-03 2.438266016542911530e-02 1.380528416484594345e-02 1.706299255602061749e-03 3.093659132719039917e-02 3.956165164709091187e-02 3.536596521735191345e-02 1.145777758210897446e-02 3.776793554425239563e-02 4.058015998452901840e-03 3.066064976155757904e-02 1.716058817692101002e-03 1.906090229749679565e-02 7.695764303207397461e-03 2.533967606723308563e-03 4.691801499575376511e-03 1.370444521307945251e-02 8.255052380263805389e-03 6.541593000292778015e-03 1.691331528127193451e-02 1.524616032838821411e-02 6.995250470936298370e-03 2.080454118549823761e-02 6.716562900692224503e-03 3.490463364869356155e-03 1.522272941656410694e-03 1.459025125950574875e-02 8.281117305159568787e-03 7.621155586093664169e-03 3.855679649859666824e-03 1.404054369777441025e-02
6.209402531385421753e-02 8.288819193840026855e-01 1.092848833650350571e-02 1.306874328292906284e-03 1.621362194418907166e-02 3.396994248032569885e-02 4.151743650436401367e-02 9.971251711249351501e-04 7.658613380044698715e-03 1.804160885512828827e-02 5.204628407955169678e-02 1.421323511749505997e-02 5.216752365231513977e-02 2.597507089376449585e-02 2.932311408221721649e-02 4.222600162029266357e-02 3.506985306739807129e-02 1.819458790123462677e-02 3.153538331389427185e-02 2.188492938876152039e-02 2.330468222498893738e-02 3.784666210412979126e-02 1.207218784838914871e-02 1.715894602239131927e-02 1.923293620347976685e-02 4.460806027054786682e-03 1.461757998913526535e-02 1.024565938860177994e-02 3.607571870088577271e-02 7.085955701768398285e-03 2.538822218775749207e-02 6.892403587698936462e-03 5.529754329472780228e-03 2.664767671376466751e-03 2.659624814987182617e-02 6.883727037347853184e-04 1.564935664646327496e-03 1.593320444226264954e-02 2.252193912863731384e-02 1.248776260763406754e-02 8.649321272969245911e-03 8.551002480089664459e-03 7.791083771735429764e-03 9.685444645583629608e-03 3.173122182488441467e-02 3.090964816510677338e-02 3.963837400078773499e-02 3.575550019741058350e-02 1.615197397768497467e-02 1.632101088762283325e-02 1.218716986477375031e-02 5.801464430987834930e-03 1.752911321818828583e-02 3.872608533129096031e-03 6.403171457350254059e-03 6.588842254132032394e-03 8.344586007297039032e-03 2.713882736861705780e-02 8.871498284861445427e-04 1.070632226765155792e-02 7.339483126997947693e-03 2.461153827607631683e-02 3.292013332247734070e-02 1.727530919015407562e-02 2.562876604497432709e-02 2.177165821194648743e-02 9.654513560235500336e-03 1.189114525914192200e-02 2.812574058771133423e-02 3.587136790156364441e-02 1.700863987207412720e-02 1.407674606889486313e-02 1.116540841758251190e-02 2.743314206600189209e-02 1.220413483679294586e-02 1.065529882907867432e-03 1.714841835200786591e-02 1.349047012627124786e-02 2.174271456897258759e-02 8.208733052015304565e-03 2.635565120726823807e-03 7.790416944772005081e-03 1.259087212383747101e-02 4.369913600385189056e-03 8.880051784217357635e-03 5.698712542653083801e-03 1.130067091435194016e-02 1.066581811755895615e-03 1.907431334257125854e-02 1.625593751668930054e-02 5.301703512668609619e-02 3.612477704882621765e-02 1.054481253959238529e-03 2.557192556560039520e-02 1.266926527023315430e-02 3.024549968540668488e-02 1.008966192603111267e-02 6.754108704626560211e-03 1.130287628620862961e-02 2.220642194151878357e-02 5.486019887030124664e-03 1.379667967557907104e-02 3.379593137651681900e-03 8.689931593835353851e-03 1.341704092919826508e-02 2.257650485262274742e-03 6.505485158413648605e-03 2.290076389908790588e-02 1.431866735219955444e-02 6.813014391809701920e-03 1.133067067712545395e-03 2.750223036855459213e-03 3.370044985786080360e-03 1.461959630250930786e-02 1.457797084003686905e-02 2.685137838125228882e-02
2.290330454707145691e-02 1.092848833650350571e-02 8.288819193840026855e-01 2.686013234779238701e-03 2.062659338116645813e-02 9.296779520809650421e-03 1.064600702375173569e-02 5.824412032961845398e-02 9.185803122818470001e-03 8.745154365897178650e-03 5.270686000585556030e-03 7.447436917573213577e-03 8.260542526841163635e-03 1.308820955455303192e-02 3.093840321525931358e-03 2.546330355107784271e-02 2.580274268984794617e-02 6.544375792145729065e-03 5.149739794433116913e-03 8.224079385399818420e-03 9.363117627799510956e-03 5.673441570252180099e-03 1.871171174570918083e-03 1.019182521849870682e-02 1.943630864843726158e-03 2.542952261865139008e-02 1.550795417279005051e-02 1.135530136525630951e-02 7.820080965757369995e-03 1.307948864996433258e-02 4.806630779057741165e-03 9.322579950094223022e-03 5.000130040571093559e-04 3.966946620494127274e-03 1.742357760667800903e-02 6.541708018630743027e-03 6.287787109613418579e-03 1.604077778756618500e-02 1.276538427919149399e-02 5.648770369589328766e-03 4.076597467064857483e-02 2.149209193885326385e-02 1.078557781875133514e-02 3.477833792567253113e-02 7.265555206686258316e-03 4.136807750910520554e-03 2.655236609280109406e-02 1.913034357130527496e-03 1.608264446258544922e-02 1.047533657401800156e-02 4.588392376899719238e-02 1.783171854913234711e-02 1.034979475662112236e-03 9.697125293314456940e-03 1.840858720242977142e-02 8.103684522211551666e-04 3.248691558837890625e-02 3.564482554793357849e-02 2.839541994035243988e-02 3.410910442471504211e-02 4.580262117087841034e-03 1.442803721874952316e-02 1.373050920665264130e-02 1.418977230787277222e-02 6.880154367536306381e-03 7.748600561171770096e-03 2.675060881301760674e-03 1.143171824514865875e-02 7.515868172049522400e-03 7.002991624176502228e-03 2.335525490343570709e-02 2.640180289745330811e-02 6.590484175831079483e-03 1.418476365506649017e-02 1.141048222780227661e-02 9.353706613183021545e-03 2.232494764029979706e-02 7.300868164747953415e-03 9.112611878663301468e-04 1.284361165016889572e-02 6.118772551417350769e-02 7.197197526693344116e-02 1.683386415243148804e-02 2.013290766626596451e-03 1.732845045626163483e-02 3.499148413538932800e-03 2.696445025503635406e-02 3.998530283570289612e-02 1.920186914503574371e-02 2.047197049250826240e-04 1.481115259230136871e-02 6.590250879526138306e-03 3.546009771525859833e-03 5.460807122290134430e-03 1.115998625755310059e-02 9.211155702359974384e-04 7.031506393104791641e-04 1.952617615461349487e-02 4.064689204096794128e-02 7.843952625989913940e-03 1.978182233870029449e-02 5.486410111188888550e-03 3.066939098061993718e-05 1.707287319004535675e-02 1.853351667523384094e-02 2.130720764398574829e-03 4.014405887573957443e-03 8.884983137249946594e-03 5.702703725546598434e-03 9.674129541963338852e-04 3.039980120956897736e-02 2.759285271167755127e-02 1.872017420828342438e-02 1.275992672890424728e-02 2.561150817200541496e-03 7.581659010611474514e-04
7.615117356181144714e-03 1.306874328292906284e-03 2.686013234779238701e-03 8.288819193840026855e-01 2.952433936297893524e-02 1.425839867442846298e-02 1.796882599592208862e-02 7.123445160686969757e-03 1.904015243053436279e-02 8.046778850257396698e-03 7.938395254313945770e-03 9.858639910817146301e-03 2.121136756613850594e-03 1.092518097721040249e-03 9.574305266141891479e-03 8.214429952204227448e-03 4.900031723082065582e-03 2.385069616138935089e-02 1.885080151259899139e-02 2.393675036728382111e-02 1.298040524125099182e-02 2.537602372467517853e-02 1.587459072470664978e-02 1.242606714367866516e-02 4.392676986753940582e-03 7.808652706444263458e-03 2.616110816597938538e-02 1.851712726056575775e-02 3.936341963708400726e-03 1.103975716978311539e-02 5.747401737608015537e-04 1.720174588263034821e-02 2.710834611207246780e-03 2.866469509899616241e-02 1.527876313775777817e-02 3.328886255621910095e-02 2.958588860929012299e-02 1.266994513571262360e-02 2.388193458318710327e-02 2.763300202786922455e-02 2.588128857314586639e-02 8.879998698830604553e-03 1.189926080405712128e-02 1.538939867168664932e-02 1.226150151342153549e-02 5.555453244596719742e-03 4.725306760519742966e-03 8.732598274946212769e-03 2.106806635856628418e-02 1.305409148335456848e-02 1.711810356937348843e-03 1.587177743203938007e-03 3.129107505083084106e-02 9.649659506976604462e-03 7.373054046183824539e-03 2.497749403119087219e-02 3.845483064651489258e-03 2.029355987906455994e-02 4.928338807076215744e-03 1.722872816026210785e-02 3.115739440545439720e-03 2.433464303612709045e-02 1.891204901039600372e-02 3.322487324476242065e-02 2.197420457378029823e-03 1.068635005503892899e-02 1.010631863027811050e-02 6.310654804110527039e-03 5.338171496987342834e-03 2.279978478327393532e-03 2.499267831444740295e-02 2.287468174472451210e-03 3.011964447796344757e-02 3.696295665577054024e-03 1.148062292486429214e-02 1.166680175811052322e-02 2.263434464111924171e-03 2.349013090133666992e-02 9.402428986504673958e-04 4.276026412844657898e-02 1.005062274634838104e-02 1.030928455293178558e-02 5.779406055808067322e-02 8.301212452352046967e-03 2.967555262148380280e-02 1.484203990548849106e-02 8.151561953127384186e-03 1.728939637541770935e-02 3.120118984952569008e-03 6.581012159585952759e-03 4.349680617451667786e-03 7.284866296686232090e-04 3.057315759360790253e-02 9.558683261275291443e-03 1.848287694156169891e-02 1.185553800314664841e-02 8.188756182789802551e-03 1.381504535675048828e-02 1.188836991786956787e-02 1.367331761866807938e-02 7.764646317809820175e-03 1.729129254817962646e-02 2.565244771540164948e-02 1.101091224700212479e-02 3.163360804319381714e-02 1.776270940899848938e-02 2.877741120755672455e-02 3.035289794206619263e-02 2.378117293119430542e-02 1.620214991271495819e-02 1.979275420308113098e-02 1.022853888571262360e-02 2.756561711430549622e-02 2.280396223068237305e-02 4.496613517403602600e-03 9.065032645594328642e-05
2.125104656442999840e-03 1.621362194418907166e-02 2.062659338116645813e-02 2.952433936297893524e-02 8.288819193840026855e-01 1.128853671252727509e-02 1.824766583740711212e-02 1.915090344846248627e-02 2.399818971753120422e-03 1.861046475823968649e-04 7.277773227542638779e-03 1.431915350258350372e-02 7.150435354560613632e-03 4.420913755893707275e-03 5.873367190361022949e-03 2.521047927439212799e-02 4.090135451406240463e-03 3.590043634176254272e-02 1.315044146031141281e-02 1.911616534925997257e-03 1.518671959638595581e-02 2.666999120265245438e-03 5.279496312141418457e-03 1.642569154500961304e-02 6.156947929412126541e-03 1.058782730251550674e-02 2.408161200582981110e-02 1.336886826902627945e-02 7.292961236089468002e-03 1.136189978569746017e-02 2.083553373813629150e-02 2.404690347611904144e-02 8.306987583637237549e-03 1.227944064885377884e-02 1.138715352863073349e-02 2.104413509368896484e-02 8.601095527410507202e-03 1.353693078272044659e-03 2.708080783486366272e-02 3.997602313756942749e-02 1.414776314049959183e-02 1.697146892547607422e-02 1.265271753072738647e-02 2.550137974321842194e-02 5.749010015279054642e-03 2.154761552810668945e-02 6.391124334186315536e-03 1.941444538533687592e-02 9.659314528107643127e-03 3.499934682622551918e-03 1.044639665633440018e-02 1.133127231150865555e-02 7.213121280074119568e-03 1.691436395049095154e-02 1.101289968937635422e-02 5.765294190496206284e-03 3.965021111071109772e-03 1.591212116181850433e-02 5.802182480692863464e-03 1.240176428109407425e-02 1.675136853009462357e-03 2.412992902100086212e-02 1.648814044892787933e-02 1.490906067192554474e-02 1.768929511308670044e-02 3.020315803587436676e-02 2.403715439140796661e-02 2.818624116480350494e-02 3.114101476967334747e-02 1.033443398773670197e-02 9.326788596808910370e-03 2.714354731142520905e-02 1.977937109768390656e-02 8.412853814661502838e-03 6.151148304343223572e-02 1.664984971284866333e-02 1.389057375490665436e-02 7.576507050544023514e-03 1.117484923452138901e-02 1.343760453164577484e-02 2.422843826934695244e-03 1.373144704848527908e-02 2.610948123037815094e-02 4.851590096950531006e-02 1.236280985176563263e-02 3.111997153609991074e-03 3.498071804642677307e-03 5.755241960287094116e-03 1.552256476134061813e-02 6.315412465482950211e-03 6.895343307405710220e-03 1.232514507137238979e-03 5.896060261875391006e-03 1.493376586586236954e-02 1.743118278682231903e-02 1.759611442685127258e-02 2.423926256597042084e-02 5.628437502309679985e-04 1.748294755816459656e-02 1.252456661313772202e-02 3.318602219223976135e-03 2.860532375052571297e-03 1.718196203000843525e-03 1.350055634975433350e-02 8.717771619558334351e-03 1.722599379718303680e-02 2.130175568163394928e-02 1.897923089563846588e-02 5.832080729305744171e-03 1.915535517036914825e-02 1.216853410005569458e-02 1.976236328482627869e-02 7.869112305343151093e-03 1.306190434843301773e-02 1.033548172563314438e-02 1.384668983519077301e-02
2.048815600574016571e-02 3.396994248032569885e-02 9.296779520809650421e-03 1.425839867442846298e-02 1.128853671252727509e-02 8.288819193840026855e-01 6.588368862867355347e-02 4.251550883054733276e-03 2.001358941197395325e-02 6.984960753470659256e-03 2.873364649713039398e-02 1.293014734983444214e-02 3.077518194913864136e-02 3.206426650285720825e-02 1.199819985777139664e-02 1.995931752026081085e-02 1.962249167263507843e-02 3.148896619677543640e-02 9.825094603002071381e-03 2.605589292943477631e-02 2.144065685570240021e-02 2.394376695156097412e-02 2.022784017026424408e-02 3.050514124333858490e-02 1.571030355989933014e-02 8.480327203869819641e-03 1.805956289172172546e-02 4.322618991136550903e-02 3.437853977084159851e-02 2.119969390332698822e-02 2.879983000457286835e-02 5.358168855309486389e-03 1.247249357402324677e-02 1.059427740983664989e-03 1.195691712200641632e-02 1.300505455583333969e-02 6.408767309039831161e-03 1.261547487229108810e-02 2.350516058504581451e-02 9.914255701005458832e-03 2.072768053039908409e-03 5.958835128694772720e-03 8.173647336661815643e-03 1.197057031095027924e-02 2.215588651597499847e-02 2.607427351176738739e-02 6.409348547458648682e-02 3.279693052172660828e-02 6.724694743752479553e-03 1.307725324295461178e-03 3.273732494562864304e-03 6.747305393218994141e-03 4.220937844365835190e-04 8.058384060859680176e-03 2.518107648938894272e-03 3.242716658860445023e-03 1.902967691421508789e-02 3.774636192247271538e-03 2.340499125421047211e-02 2.250131778419017792e-02 2.007599547505378723e-02 4.177619516849517822e-02 2.379928715527057648e-02 3.690857207402586937e-03 2.534602768719196320e-02 1.065755821764469147e-02 2.118225768208503723e-02 1.819819025695323944e-02 1.097316388040781021e-02 3.164049610495567322e-02 3.273901343345642090e-02 8.742795325815677643e-03 2.334134839475154877e-02 5.289863329380750656e-04 1.822487264871597290e-02 7.768812589347362518e-03 2.899329178035259247e-02 1.790945418179035187e-02 6.128960754722356796e-03 6.313635502010583878e-03 7.871310226619243622e-03 2.970003057271242142e-03 2.781713940203189850e-02 1.221538800746202469e-02 2.360522048547863960e-03 1.372565329074859619e-02 1.277161203324794769e-02 2.986804116517305374e-03 1.353217661380767822e-02 1.523669715970754623e-02 4.114692658185958862e-02 3.402521833777427673e-02 2.080839825794100761e-03 1.663859561085700989e-02 5.782299209386110306e-03 3.563410043716430664e-02 3.109539160504937172e-03 6.411547306925058365e-03 1.276910398155450821e-02 2.014021575450897217e-02 7.576433010399341583e-03 1.811716123484075069e-03 1.084971521049737930e-02 1.131305750459432602e-02 2.339313738048076630e-02 6.448642350733280182e-03 1.426782459020614624e-02 2.527198009192943573e-02 3.733132034540176392e-03 5.041777621954679489e-03 2.086946554481983185e-02 2.201078645884990692e-02 2.113274531438946724e-03 3.179694467689841986e-04 1.800440601073205471e-03 4.220341332256793976e-03
2.830878086388111115e-02 4.151743650436401367e-02 1.064600702375173569e-02 1.796882599592208862e-02 1.824766583740711212e-02 6.588368862867355347e-02 8.288819193840026855e-01 6.927829235792160034e-04 2.914351411163806915e-03 6.792738102376461029e-03 3.994428366422653198e-02 1.954850085894577205e-05 3.735908865928649902e-02 3.653693199157714844e-02 1.234603207558393478e-02 1.104135066270828247e-02 1.328841038048267365e-02 4.142358899116516113e-02 7.679888047277927399e-03 2.329142019152641296e-02 3.068147785961627960e-02 2.238582633435726166e-02 1.586969755589962006e-02 3.331372886896133423e-02 2.669704332947731018e-02 1.217787992209196091e-02 1.459429692476987839e-02 2.902334183454513550e-02 4.477054998278617859e-02 3.218290396034717560e-03 3.666267171502113342e-02 4.133595619350671768e-03 7.883083075284957886e-03 4.889400675892829895e-03 9.584655985236167908e-03 1.245210971683263779e-02 6.466397317126393318e-04 3.972521051764488220e-03 1.847624778747558594e-02 1.234419527463614941e-03 2.005407586693763733e-04 1.782680745236575603e-03 5.068592145107686520e-04 1.500806491822004318e-02 2.559545449912548065e-02 2.584727667272090912e-02 4.966976121068000793e-02 4.307134449481964111e-02 1.123346388339996338e-02 3.310934407636523247e-03 1.681340113282203674e-02 1.198708545416593552e-02 6.693307310342788696e-03 2.152787288650870323e-03 7.543094456195831299e-03 8.262285962700843811e-03 1.897720992565155029e-02 8.075105026364326477e-03 8.869653567671775818e-03 3.301879158243536949e-03 6.668401416391134262e-03 4.351196810603141785e-02 1.703791134059429169e-02 7.204243447631597519e-03 3.401703014969825745e-02 2.379599399864673615e-02 2.013224549591541290e-02 1.809793896973133087e-02 2.058734884485602379e-03 3.030521236360073090e-02 2.040247619152069092e-02 3.307879203930497169e-03 2.233887463808059692e-02 5.762710236012935638e-03 3.576047020033001900e-03 7.695097010582685471e-03 1.807761378586292267e-02 5.319644697010517120e-03 1.512344554066658020e-02 7.802550680935382843e-03 1.564979180693626404e-02 1.033035945147275925e-02 1.892943680286407471e-02 8.714647032320499420e-03 3.618582617491483688e-03 1.956069096922874451e-02 1.447255071252584457e-02 7.796159945428371429e-03 7.431225385516881943e-03 6.020146887749433517e-03 5.523645505309104919e-02 2.911394089460372925e-02 1.338145136833190918e-02 1.363947242498397827e-02 1.335302833467721939e-02 3.624485060572624207e-02 6.915722042322158813e-03 6.965826265513896942e-03 1.420362014323472977e-02 2.450201846659183502e-02 1.520597375929355621e-02 5.022826604545116425e-03 2.152024209499359131e-02 5.243001040071249008e-03 1.574801839888095856e-02 1.322298124432563782e-02 1.318834908306598663e-02 1.554092485457658768e-02 7.489856332540512085e-03 5.420206114649772644e-03 1.859003677964210510e-02 1.663922332227230072e-02 5.238366313278675079e-03 1.398238446563482285e-02 2.590517280623316765e-03 1.435106061398983002e-02
3.355934983119368553e-03 9.971251711249351501e-04 5.824412032961845398e-02 7.123445160686969757e-03 1.915090344846248627e-02 4.251550883054733276e-03 6.927829235792160034e-04 8.288819193840026855e-01 2.205796726047992706e-02 3.881641430780291557e-03 1.596894115209579468e-02 6.831681355834007263e-03 1.358748041093349457e-02 5.196930374950170517e-03 4.148746654391288757e-02 4.441197961568832397e-03 1.044148206710815430e-02 5.882496479898691177e-03 1.097998861223459244e-02 8.518317714333534241e-03 5.143947899341583252e-03 3.021490201354026794e-02 1.544193830341100693e-02 1.353304460644721985e-02 3.736119484528899193e-03 1.051578391343355179e-02 1.190370041877031326e-02 2.110095880925655365e-02 1.936940476298332214e-02 9.458201006054878235e-03 1.448811776936054230e-02 1.705716480500996113e-03 1.143323630094528198e-02 6.249109865166246891e-04 4.239863716065883636e-03 4.873462487012147903e-03 1.359864883124828339e-02 2.928119152784347534e-02 1.623163558542728424e-02 1.510156725998967886e-04 3.573272377252578735e-02 1.898283883929252625e-02 4.146826919168233871e-03 3.124584257602691650e-02 1.512589515186846256e-03 9.928691200911998749e-03 1.643225364387035370e-02 1.583685353398323059e-02 7.388800848275423050e-03 1.532120816409587860e-02 1.084427535533905029e-02 6.112056318670511246e-03 1.316559594124555588e-02 2.841233462095260620e-02 5.369901657104492188e-03 9.234157390892505646e-03 1.507976371794939041e-02 1.760220713913440704e-02 3.419765084981918335e-02 4.180509224534034729e-02 1.134958490729331970e-02 1.170289143919944763e-02 8.465819060802459717e-03 9.761621913639828563e-05 2.964892052114009857e-02 2.666264399886131287e-02 3.787841123994439840e-04 3.154218429699540138e-04 7.116147316992282867e-03 2.138605341315269470e-02 1.587947271764278412e-02 6.909693125635385513e-03 1.257236767560243607e-02 1.725961826741695404e-02 6.725260522216558456e-03 2.464327728375792503e-03 1.444917730987071991e-02 2.442423254251480103e-02 2.457084320485591888e-02 2.299018949270248413e-02 5.678819864988327026e-02 5.831427872180938721e-02 1.587438583374023438e-02 2.298380061984062195e-02 3.170217201113700867e-02 2.749879099428653717e-02 5.013247951865196228e-02 5.384017154574394226e-02 2.642145007848739624e-02 2.506946213543415070e-02 1.453300844877958298e-02 2.677733823657035828e-02 1.519225910305976868e-02 2.508019842207431793e-02 9.067508392035961151e-03 5.719079170376062393e-03 2.957191318273544312e-02 1.060426980257034302e-02 2.065351419150829315e-02 1.567204482853412628e-02 1.367304008454084396e-02 1.141105778515338898e-03 1.933339796960353851e-02 2.421689778566360474e-02 1.002436969429254532e-02 2.754509216174483299e-03 3.228447632864117622e-03 1.122236438095569611e-02 1.717735081911087036e-02 1.241698209196329117e-02 2.866621129214763641e-02 2.416062727570533752e-02 1.821824908256530762e-02 8.929266594350337982e-03 1.612904365174472332e-03 1.239394303411245346e-02
1.712049916386604309e-02 7.658613380044698715e-03 9.185803122818470001e-03 1.904015243053436279e-02 2.399818971753120422e-03 2.001358941197395325e-02 2.914351411163806915e-03 2.205796726047992706e-02 8.288819193840026855e-01 1.054329052567481995e-02 5.590000655502080917e-03 2.802694961428642273e-02 1.345003116875886917e-02 1.455898117274045944e-02 1.489934045821428299e-02 1.737681962549686432e-02 1.649622432887554169e-02 6.903136149048805237e-03 9.382978081703186035e-03 1.568444073200225830e-02 2.153473161160945892e-02 8.369950577616691589e-03 2.475316449999809265e-02 1.597060821950435638e-02 4.909581039100885391e-03 3.567321691662073135e-03 1.630301005207002163e-03 1.582882553339004517e-02 1.971554569900035858e-02 3.250749409198760986e-02 2.212762646377086639e-02 3.964595496654510498e-03 2.894172258675098419e-02 8.941946551203727722e-03 8.076132275164127350e-03 3.283090190961956978e-03 8.899217471480369568e-03 1.169335469603538513e-02 1.727104745805263519e-02 2.116288989782333374e-02 8.715569972991943359e-03 4.924492537975311279e-02 6.946416106075048447e-03 2.043955586850643158e-02 2.657199837267398834e-02 2.156636305153369904e-02 2.322194911539554596e-02 1.686400733888149261e-02 3.955570235848426819e-02 2.593158930540084839e-02 9.417255409061908722e-03 1.529784407466650009e-02 3.383946605026721954e-04 2.364949090406298637e-03 2.492781169712543488e-02 1.950268750078976154e-03 2.981187030673027039e-02 2.528725750744342804e-02 3.219393640756607056e-02 1.099448092281818390e-02 2.320322394371032715e-02 1.115846727043390274e-02 3.059524809941649437e-03 1.714864186942577362e-02 1.018213387578725815e-02 5.265112966299057007e-03 1.295444741845130920e-02 1.127399853430688381e-03 1.699604839086532593e-02 1.634957641363143921e-02 3.269031178206205368e-03 1.193444337695837021e-02 1.065922528505325317e-02 8.892463520169258118e-03 1.056667789816856384e-02 9.168946184217929840e-03 5.210480093955993652e-02 1.066349912434816360e-02 1.750184223055839539e-02 2.208830974996089935e-02 8.431180380284786224e-03 5.582035519182682037e-03 6.526269949972629547e-03 4.983063787221908569e-03 3.944870084524154663e-02 9.437433443963527679e-03 8.168731816112995148e-03 6.355775520205497742e-03 3.995046764612197876e-02 3.190024569630622864e-02 7.845494896173477173e-03 4.292712081223726273e-03 5.664196331053972244e-03 9.122390300035476685e-03 2.360398182645440102e-03 6.000520661473274231e-03 2.712350105866789818e-03 1.905857026576995850e-02 2.142046205699443817e-02 1.439936552196741104e-02 6.002799607813358307e-03 1.426125410944223404e-03 1.412079483270645142e-02 9.656880982220172882e-03 5.861856974661350250e-03 6.191257853060960770e-03 7.271936628967523575e-03 1.277267653495073318e-02 1.984135620296001434e-02 4.589163581840693951e-04 2.132175490260124207e-02 2.891338430345058441e-02 2.341844514012336731e-02 6.229400169104337692e-03 6.477473303675651550e-03 1.444158423691987991e-02
9.810241870582103729e-03 1.804160885512828827e-02 8.745154365897178650e-03 8.046778850257396698e-03 1.861046475823968649e-04 6.984960753470659256e-03 6.792738102376461029e-03 3.881641430780291557e-03 1.054329052567481995e-02 8.288819193840026855e-01 5.915308371186256409e-03 2.093051932752132416e-02 1.772247254848480225e-02 1.985199004411697388e-02 1.309537515044212341e-02 3.881356446072459221e-03 1.356845442205667496e-02 5.949784070253372192e-03 7.312323898077011108e-03 1.492466032505035400e-02 1.228685397654771805e-02 7.907022722065448761e-03 3.062368370592594147e-03 1.529971323907375336e-02 4.210523329675197601e-03 3.130857646465301514e-02 1.670711487531661987e-02 3.105882741510868073e-02 1.177551504224538803e-02 2.588316425681114197e-02 3.996412735432386398e-03 4.130618646740913391e-03 2.112755179405212402e-02 6.270611193031072617e-03 3.647455200552940369e-02 3.395651932805776596e-03 3.006101399660110474e-02 7.177611347287893295e-03 2.303943783044815063e-02 7.775990292429924011e-03 2.791884355247020721e-03 2.143697440624237061e-02 2.698530815541744232e-02 4.260804969817399979e-03 2.884769067168235779e-02 1.986643858253955841e-02 3.138573840260505676e-03 1.083363499492406845e-02 2.390068769454956055e-02 1.354780141264200211e-02 7.690211292356252670e-03 2.559728547930717468e-02 1.024718675762414932e-02 1.179295778274536133e-02 2.348604612052440643e-02 1.117155770771205425e-03 1.232530223205685616e-03 3.711588680744171143e-02 1.597383432090282440e-02 2.561765904829371721e-05 1.378945633769035339e-02 1.376168616116046906e-02 1.459921803325414658e-02 1.707655750215053558e-02 1.236189715564250946e-02 1.016217563301324844e-02 5.071909632533788681e-03 2.596734091639518738e-02 1.895447634160518646e-02 1.302928104996681213e-02 3.224765881896018982e-03 1.760245114564895630e-02 1.733594457618892193e-03 3.235003352165222168e-02 1.333460118621587753e-02 1.719095394946634769e-03 2.901492174714803696e-03 3.383251652121543884e-02 2.467072382569313049e-02 2.430461533367633820e-02 1.983782975003123283e-03 7.391944061964750290e-03 1.924510113894939423e-02 1.051109377294778824e-02 7.714647799730300903e-03 7.369938772171735764e-03 8.713524788618087769e-03 9.089686209335923195e-04 4.489266872406005859e-02 9.623967111110687256e-03 1.299388054758310318e-02 4.207150544971227646e-03 9.537953883409500122e-03 1.630451902747154236e-02 2.240966632962226868e-02 8.561140857636928558e-03 1.802716590464115143e-02 2.341756224632263184e-02 3.381948918104171753e-02 3.419708833098411560e-02 1.311696693301200867e-02 1.991222798824310303e-02 3.888683277182281017e-04 2.060716226696968079e-02 2.287216298282146454e-02 2.071615122258663177e-02 2.026614546775817871e-02 1.372934668324887753e-03 1.490362919867038727e-02 1.584445312619209290e-02 1.446331944316625595e-02 3.872022265568375587e-03 1.575412461534142494e-03 1.484428532421588898e-02 3.482453897595405579e-02 7.830601185560226440e-03
5.713948979973793030e-02 5.204628407955169678e-02 5.270686000585556030e-03 7.938395254313945770e-03 7.277773227542638779e-03 2.873364649713039398e-02 3.994428366422653198e-02 1.596894115209579468e-02 5.590000655502080917e-03 5.915308371186256409e-03 8.288819193840026855e-01 6.999139208346605301e-03 5.942364409565925598e-02 1.296803914010524750e-02 3.321502357721328735e-02 1.977222971618175507e-02 2.399113215506076813e-02 1.962093263864517212e-02 6.755695212632417679e-03 1.488688681274652481e-02 2.205659076571464539e-02 4.653853178024291992e-02 1.278885547071695328e-02 2.195859700441360474e-02 2.344093285501003265e-02 2.425896935164928436e-03 3.313552588224411011e-02 6.109135691076517105e-03 5.312671139836311340e-02 1.798308338038623333e-03 3.451022133231163025e-02 5.982136353850364685e-03 4.900882486253976822e-03 6.038293242454528809e-03 1.233871746808290482e-02 1.564624346792697906e-02 2.237101458013057709e-02 2.984236925840377808e-02 1.735746860504150391e-02 2.210465027019381523e-04 2.379449829459190369e-02 5.117394961416721344e-03 4.046443849802017212e-03 1.186454482376575470e-02 1.491283159703016281e-02 1.223025191575288773e-02 2.973981387913227081e-02 3.964936733245849609e-02 1.867394708096981049e-02 3.802705788984894753e-03 1.537687424570322037e-02 1.045869942754507065e-02 2.652138844132423401e-02 3.104503965005278587e-03 1.174134761095046997e-02 3.647568868473172188e-03 9.527491405606269836e-03 1.478098891675472260e-02 1.547780167311429977e-02 8.324363734573125839e-04 9.242648258805274963e-03 3.023328632116317749e-02 2.231792546808719635e-03 4.714880138635635376e-03 4.323960095643997192e-02 4.049127548933029175e-02 7.583725731819868088e-03 7.564363535493612289e-03 1.685647480189800262e-02 5.070476606488227844e-02 3.270772285759449005e-03 2.960469014942646027e-02 2.378226444125175476e-02 4.618142917752265930e-02 5.223067011684179306e-03 1.972952485084533691e-02 6.552257575094699860e-03 8.118553669191896915e-04 1.683927699923515320e-02 5.335051100701093674e-04 1.660725288093090057e-02 6.022354122251272202e-03 1.728523522615432739e-02 2.040629833936691284e-02 4.073124378919601440e-03 1.025214698165655136e-02 2.987333387136459351e-02 1.731403544545173645e-02 3.275609109550714493e-03 8.683526888489723206e-03 4.977145418524742126e-02 5.101156979799270630e-02 8.803082630038261414e-03 4.327178746461868286e-02 4.794795531779527664e-03 3.715679049491882324e-02 2.194427140057086945e-02 1.608122885227203369e-02 1.029024459421634674e-02 5.264083854854106903e-03 1.439220830798149109e-02 5.278598982840776443e-03 6.111411377787590027e-03 2.783428318798542023e-02 4.478408023715019226e-03 1.232614624314010143e-03 1.451040711253881454e-02 1.389920338988304138e-02 6.694542709738016129e-03 1.299462467432022095e-02 5.387073848396539688e-03 1.596616767346858978e-02 1.159349107183516026e-03 7.689679507166147232e-03 2.143344841897487640e-03 2.148417197167873383e-02
1.910766400396823883e-02 1.421323511749505997e-02 7.447436917573213577e-03 9.858639910817146301e-03 1.431915350258350372e-02 1.293014734983444214e-02 1.954850085894577205e-05 6.831681355834007263e-03 2.802694961428642273e-02 2.093051932752132416e-02 6.999139208346605301e-03 8.288819193840026855e-01 9.701319038867950439e-03 5.756437033414840698e-02 3.602646663784980774e-02 4.449944477528333664e-03 1.208197046071290970e-02 9.123116731643676758e-03 3.514462383463978767e-03 4.442339017987251282e-02 2.090392820537090302e-02 1.924961106851696968e-03 3.307708725333213806e-02 6.538765970617532730e-03 1.730959117412567139e-02 7.503584492951631546e-03 1.915309112519025803e-03 1.105197146534919739e-02 4.194626235403120518e-04 2.207759395241737366e-02 2.231381833553314209e-02 3.269774606451392174e-03 2.916573733091354370e-02 1.318243215791881084e-03 1.135745085775852203e-02 6.236480083316564560e-03 1.138970907777547836e-02 9.746775031089782715e-03 2.708748728036880493e-02 9.847585111856460571e-03 2.635098062455654144e-03 4.013217240571975708e-02 3.969117999076843262e-03 2.196002751588821411e-03 5.347538739442825317e-02 1.935305446386337280e-02 3.041492961347103119e-02 8.102456340566277504e-04 1.812292821705341339e-02 2.289716713130474091e-02 2.093703672289848328e-02 2.765645831823348999e-02 2.459978684782981873e-03 1.728698797523975372e-02 3.370309993624687195e-02 1.213087141513824463e-02 1.925666630268096924e-02 1.168847549706697464e-02 5.629561841487884521e-03 6.518516689538955688e-03 9.891437366604804993e-03 1.297383476048707962e-02 5.640489049255847931e-03 2.333963103592395782e-02 1.079977303743362427e-02 1.485324185341596603e-02 2.578422427177429199e-02 1.224018540233373642e-02 4.034298763144761324e-04 2.122439211234450340e-03 2.467067353427410126e-02 2.533764764666557312e-02 2.435025945305824280e-02 5.895943380892276764e-03 3.878874704241752625e-03 3.060353687033057213e-03 2.086450718343257904e-02 2.637883089482784271e-02 1.823249459266662598e-02 2.207389660179615021e-02 3.059121780097484589e-03 3.370141144841909409e-03 1.540488097816705704e-02 2.577384747564792633e-02 1.642470993101596832e-02 5.248218309134244919e-03 1.042960770428180695e-02 7.973319850862026215e-03 3.798494488000869751e-02 2.108205808326601982e-03 1.169185433536767960e-02 7.166492287069559097e-04 4.086937755346298218e-02 1.813605055212974548e-02 1.404390018433332443e-02 1.245894841849803925e-02 2.915722131729125977e-02 2.362061291933059692e-02 3.001267835497856140e-02 3.761261468753218651e-03 3.689498407766222954e-03 1.834007725119590759e-02 4.832767590414732695e-04 4.119165707379579544e-03 3.494315221905708313e-02 7.176739163696765900e-03 1.466183643788099289e-02 1.438820548355579376e-02 3.217452019453048706e-02 6.759415380656719208e-03 6.121296435594558716e-03 3.425781906116753817e-04 8.031632751226425171e-03 3.046447969973087311e-02 8.243415504693984985e-03 1.325741130858659744e-02
4.442468285560607910e-02 5.216752365231513977e-02 8.260542526841163635e-03 2.121136756613850594e-03 7.150435354560613632e-03 3.077518194913864136e-02 3.735908865928649902e-02 1.358748041093349457e-02 1.345003116875886917e-02 1.772247254848480225e-02 5.942364409565925598e-02 9.701319038867950439e-03 8.288819193840026855e-01 1.991505920886993408e-02 3.589457646012306213e-02 2.700549364089965820e-02 2.736981026828289032e-02 2.874772995710372925e-02 1.642870903015136719e-02 2.251383475959300995e-02 2.618808113038539886e-02 4.530512914061546326e-02 1.507064606994390488e-02 1.902342587709426880e-02 2.814264222979545593e-02 4.119081713724881411e-04 3.218114748597145081e-02 3.019122174009680748e-03 5.415279418230056763e-02 2.740666968747973442e-04 4.409513249993324280e-02 7.841006852686405182e-03 1.889861188828945160e-02 2.243130700662732124e-03 2.092145942151546478e-02 2.081832615658640862e-03 1.473411452025175095e-03 3.427271172404289246e-02 1.952878758311271667e-02 1.241069566458463669e-02 1.775305718183517456e-02 1.720668748021125793e-02 1.715856138616800308e-03 2.315349178388714790e-03 3.127307444810867310e-02 2.346621826291084290e-02 3.518285974860191345e-02 4.116456583142280579e-02 2.570679970085620880e-02 3.918460104614496231e-03 9.181673638522624969e-03 1.318322145380079746e-03 1.073287986218929291e-02 2.563716145232319832e-03 1.034167129546403885e-02 5.063312710262835026e-04 1.099206414073705673e-02 1.897199638187885284e-02 4.474980290979146957e-03 2.130754583049565554e-04 1.941469497978687286e-02 2.875038422644138336e-02 1.057062949985265732e-02 9.739368222653865814e-03 4.383875057101249695e-02 4.576352983713150024e-02 1.139129605144262314e-02 4.438770003616809845e-03 1.019264850765466690e-02 5.250455439090728760e-02 1.924128271639347076e-02 3.823661804199218750e-02 1.751982793211936951e-02 4.278298467397689819e-02 4.236747510731220245e-03 2.201757207512855530e-02 2.214921079576015472e-02 4.832640755921602249e-03 1.955293118953704834e-02 4.463987890630960464e-03 8.031941950321197510e-03 1.780650491127744317e-04 1.284360606223344803e-02 1.214525476098060608e-02 9.097161237150430679e-04 1.344736083410680294e-03 2.467578463256359100e-02 8.479870855808258057e-03 1.290880516171455383e-02 3.264137543737888336e-03 4.637498781085014343e-02 5.143136903643608093e-02 2.545957453548908234e-03 4.791028052568435669e-02 2.004799200221896172e-03 2.240468561649322510e-02 2.229553833603858948e-02 2.085672132670879364e-02 6.979120429605245590e-03 1.282780151814222336e-02 9.426115080714225769e-03 3.217346966266632080e-03 1.581391692161560059e-02 3.102351166307926178e-02 4.215466789901256561e-03 8.824556134641170502e-03 9.140520356595516205e-03 1.620662957429885864e-02 7.376352790743112564e-03 1.959475874900817871e-02 8.489693282172083855e-04 1.067378744482994080e-02 2.390576060861349106e-03 1.006926316767930984e-02 3.573785303160548210e-03 2.581899054348468781e-02
