8.228299617767333984e-01 1.100697144865989685e-01 1.587723940610885620e-02 2.245057746767997742e-02 2.323790267109870911e-02 7.981900870800018311e-02 7.181757688522338867e-02 2.532206661999225616e-02 2.503945492208003998e-03 6.842909846454858780e-03 8.042311668395996094e-02 6.877546547912061214e-04 5.289485678076744080e-02 4.397059790790081024e-03 2.868917584419250488e-02 6.305762100964784622e-03 9.736322797834873199e-03 2.306711487472057343e-02 1.200019731186330318e-03 3.720787120983004570e-03 3.040940733626484871e-03 5.330468527972698212e-03 2.255807863548398018e-03 1.070672296918928623e-03 7.362112402915954590e-03 3.556512761861085892e-03 1.065251138061285019e-02 4.814011510461568832e-03 2.654788270592689514e-02 4.355138633400201797e-03 7.813020609319210052e-03 9.492565877735614777e-03 1.770485308952629566e-03 5.893317051231861115e-03 5.360988900065422058e-03 6.302393507212400436e-03 4.783478099852800369e-03 4.267752636224031448e-03 2.156658843159675598e-02 2.236893959343433380e-02 9.297262877225875854e-03 6.259147543460130692e-03 2.038285508751869202e-02 9.374208748340606689e-03 1.643324829638004303e-02 1.148153003305196762e-02 5.640000104904174805e-02 4.183504730463027954e-02 2.807440236210823059e-03 7.226711604744195938e-03 4.593800753355026245e-03 1.231453614309430122e-03 8.292417041957378387e-03 1.112241297960281372e-02 1.830714382231235504e-02 5.205842200666666031e-03 1.098685059696435928e-02 1.460598665289580822e-03 3.266514092683792114e-02 1.234245765954256058e-02 3.743389679584652185e-04 3.429859643802046776e-03 6.079598795622587204e-03 6.979084573686122894e-03 3.677909076213836670e-02 1.467915531247854233e-02 6.620813161134719849e-03 2.056854590773582458e-02 6.718359421938657761e-03 1.796484459191560745e-03 7.102808449417352676e-03 1.369299739599227905e-02 1.371154095977544785e-02 1.623108750209212303e-03 1.200355216860771179e-02 6.569827673956751823e-04 1.737276092171669006e-03 5.294737871736288071e-03 5.655772984027862549e-03 5.913535133004188538e-03 3.272785618901252747e-02 3.094733227044343948e-03 1.482970081269741058e-03 1.911278069019317627e-02 1.822540722787380219e-02 3.125921264290809631e-02 2.472466975450515747e-02 7.125598844140768051e-03 6.529187783598899841e-03 5.373446736484766006e-03 1.643852703273296356e-02 1.561317872256040573e-02 1.608678512275218964e-02 5.477463826537132263e-03 5.422743852250277996e-04 3.151427488774061203e-03 1.913595013320446014e-02 7.494852412492036819e-03 5.998269189149141312e-03 6.890916265547275543e-03 1.501221209764480591e-02 1.120226364582777023e-02 1.432662364095449448e-02 1.675661653280258179e-02 2.131961099803447723e-02 1.140562724322080612e-02 2.350191120058298111e-03 5.845450796186923981e-03 1.078986097127199173e-02 3.255321877077221870e-03 3.392213582992553711e-02 1.144688110798597336e-02 2.046544104814529419e-02 2.661458216607570648e-02 1.300749368965625763e-02 7.159699685871601105e-03
1.100697144865989685e-01 8.228299617767333984e-01 1.998176053166389465e-02 2.690826170146465302e-02 3.013062104582786560e-02 6.832916289567947388e-02 7.680878043174743652e-02 2.057985030114650726e-02 2.634274307638406754e-03 5.026645027101039886e-03 6.987477093935012817e-02 1.052447594702243805e-02 6.195457652211189270e-02 1.328518614172935486e-02 2.672356553375720978e-02 1.226357556879520416e-02 1.495788898319005966e-02 1.142522692680358887e-02 3.235490294173359871e-03 7.057650480419397354e-03 2.928928704932332039e-03 9.163445793092250824e-03 1.229955535382032394e-02 1.469933055341243744e-02 4.190327133983373642e-03 5.289972294121980667e-03 3.763810673262923956e-04 4.455784801393747330e-03 1.252164226025342941e-02 1.569345244206488132e-03 5.242904648184776306e-03 4.378688056021928787e-03 1.085871923714876175e-02 9.608253836631774902e-03 9.556477889418601990e-03 8.461101911962032318e-03 7.508751936256885529e-03 7.905077189207077026e-03 2.042414806783199310e-02 2.181834541261196136e-02 1.997626759111881256e-02 6.663426174782216549e-04 1.825600117444992065e-02 1.071070786565542221e-02 1.036489102989435196e-02 6.975401192903518677e-03 5.152817070484161377e-02 4.770351201295852661e-02 7.993766106665134430e-03 4.254837404005229473e-04 3.194726770743727684e-03 5.979558918625116348e-03 6.205806508660316467e-03 9.169747121632099152e-03 3.745469730347394943e-03 6.425774190574884415e-04 2.030024770647287369e-04 1.534778857603669167e-03 2.851039171218872070e-02 1.952737756073474884e-02 1.068413071334362030e-02 5.851050373166799545e-03 4.983642138540744781e-03 7.317336276173591614e-03 2.123716846108436584e-02 1.333503704518079758e-02 4.566843854263424873e-04 1.376973930746316910e-02 8.347463794052600861e-03 1.726642367430031300e-03 3.815358970314264297e-03 1.577033288776874542e-02 1.205272972583770752e-03 4.377768840640783310e-03 2.597899176180362701e-03 7.388557307422161102e-03 3.838441043626517057e-04 1.536468230187892914e-02 2.198117785155773163e-02 1.067964639514684677e-02 3.496836498379707336e-02 4.552298225462436676e-03 7.044914178550243378e-03 1.090748421847820282e-02 2.383142150938510895e-02 3.234987705945968628e-02 2.960876002907752991e-02 4.298792220652103424e-03 3.675005631521344185e-03 3.783680032938718796e-03 5.902851698920130730e-04 6.311585661023855209e-03 1.559553109109401703e-02 1.594030181877315044e-03 1.886163605377078056e-03 7.480261847376823425e-03 5.535874515771865845e-03 1.397805567830801010e-02 1.439215242862701416e-02 6.787695456296205521e-03 1.369593758136034012e-02 1.918454281985759735e-02 5.247934255748987198e-03 7.958938367664813995e-03 2.527294307947158813e-02 1.480732206255197525e-02 1.413494814187288284e-03 2.238596230745315552e-02 3.322174539789557457e-03 1.149175968021154404e-02 2.056732401251792908e-02 2.540440182201564312e-04 1.233347598463296890e-02 1.808092556893825531e-02 4.028407856822013855e-03 7.474424783140420914e-03
1.587723940610885620e-02 1.998176053166389465e-02 8.228299617767333984e-01 6.610354408621788025e-03 2.127024903893470764e-02 2.066848240792751312e-02 1.671937108039855957e-02 5.809053033590316772e-02 1.545097958296537399e-02 7.762956432998180389e-03 7.828993722796440125e-03 4.623102140612900257e-04 4.516516812145709991e-03 4.959434270858764648e-03 2.511035092175006866e-02 4.716606810688972473e-03 1.309368573129177094e-02 1.717035472393035889e-02 6.301417597569525242e-04 5.410111974924802780e-03 2.456851070746779442e-03 3.797660395503044128e-02 2.814443549141287804e-03 4.923987202346324921e-03 6.631846539676189423e-03 5.714260973036289215e-03 3.019579872488975525e-02 1.296859793365001678e-02 1.895105466246604919e-02 1.109125930815935135e-02 2.012772671878337860e-02 1.322553213685750961e-02 1.862685382366180420e-02 3.540146630257368088e-03 5.175623111426830292e-03 6.639881059527397156e-03 1.674210466444492340e-02 2.347032539546489716e-02 3.328380733728408813e-02 2.648510225117206573e-02 2.934694103896617889e-02 1.045587705448269844e-04 7.105434313416481018e-03 2.019634470343589783e-02 3.049935447052121162e-03 1.461515668779611588e-02 2.054115943610668182e-02 1.006555184721946716e-02 2.804892370477318764e-03 1.026192400604486465e-02 2.064141258597373962e-02 1.960183121263980865e-02 7.156980223953723907e-03 1.018445566296577454e-02 3.415565937757492065e-03 4.420966142788529396e-04 2.207716368138790131e-02 9.618889540433883667e-03 8.125379099510610104e-04 1.783014833927154541e-02 8.587525226175785065e-03 1.414419151842594147e-03 5.313779693096876144e-04 1.231236755847930908e-02 6.274953484535217285e-03 2.592001855373382568e-02 9.346884675323963165e-03 3.083850722759962082e-03 4.408617969602346420e-04 1.555262412875890732e-02 2.291195793077349663e-03 3.014280274510383606e-02 1.227381452918052673e-02 1.586232148110866547e-02 6.717419601045548916e-04 2.041330188512802124e-02 2.605247870087623596e-02 5.824746040161699057e-05 3.228400601074099541e-03 3.751695854589343071e-03 7.463336735963821411e-02 6.816469132900238037e-02 1.294616889208555222e-02 1.354272291064262390e-02 3.654743079096078873e-03 2.725225385802332312e-05 4.248678684234619141e-02 4.127703979611396790e-02 1.155937090516090393e-02 7.482776883989572525e-03 9.712697938084602356e-03 1.931554079055786133e-02 6.978939287364482880e-03 3.980766236782073975e-02 5.595649592578411102e-03 3.168785769958049059e-04 9.467246010899543762e-03 1.961536891758441925e-02 4.319640342146158218e-03 7.488206494599580765e-03 7.281339727342128754e-03 5.348820239305496216e-03 2.742494456470012665e-03 6.621212232857942581e-03 3.183742985129356384e-02 1.883987337350845337e-02 6.702886894345283508e-03 1.917185634374618530e-02 1.495824288576841354e-02 3.314518555998802185e-02 1.954632624983787537e-02 2.002056501805782318e-02 3.928648773580789566e-03 1.700422540307044983e-02 4.622865002602338791e-03 2.123525599017739296e-03
2.245057746767997742e-02 2.690826170146465302e-02 6.610354408621788025e-03 8.228299617767333984e-01 8.127032220363616943e-02 2.289273403584957123e-02 1.828933320939540863e-02 1.240481529384851456e-02 1.994122192263603210e-02 5.469977390021085739e-03 1.269072480499744415e-02 1.550873275846242905e-02 2.464674971997737885e-02 1.834087655879557133e-03 1.524025015532970428e-02 1.078045275062322617e-02 2.489260584115982056e-02 2.399598620831966400e-02 4.415158648043870926e-03 2.713953889906406403e-02 1.784397475421428680e-02 7.701608701609075069e-04 1.508489716798067093e-02 1.209684461355209351e-02 1.484579034149646759e-02 2.573926467448472977e-03 7.974026375450193882e-04 1.490134745836257935e-02 1.929146982729434967e-02 2.750793704763054848e-03 6.535885389894247055e-03 9.390543214976787567e-03 4.199876263737678528e-02 6.653797347098588943e-03 1.192028820514678955e-02 1.259641256183385849e-02 2.563032903708517551e-04 1.522355992347002029e-02 3.275532275438308716e-02 3.020806238055229187e-02 2.241286076605319977e-02 1.334696076810359955e-02 1.495873555541038513e-02 1.956382580101490021e-02 1.070572296157479286e-03 1.970412558875977993e-04 1.877759210765361786e-02 2.051137015223503113e-02 1.581229153089225292e-03 3.005388425663113594e-03 1.639322750270366669e-02 2.512692473828792572e-02 5.751314572989940643e-03 9.171003475785255432e-03 1.198885869234800339e-02 1.997485198080539703e-02 2.435803040862083435e-02 3.076628781855106354e-02 1.197550911456346512e-02 1.517229434102773666e-02 3.679418936371803284e-02 2.222705818712711334e-02 2.918462082743644714e-02 2.107197418808937073e-02 6.459004711359739304e-03 3.762632375583052635e-03 1.553993392735719681e-02 1.991109549999237061e-02 8.187315426766872406e-03 9.612047113478183746e-03 1.674971659667789936e-03 1.017447747290134430e-02 3.504863381385803223e-02 1.000135671347379684e-02 9.866653941571712494e-03 1.246522788278525695e-05 1.343285012990236282e-02 5.169393960386514664e-03 2.785258553922176361e-02 2.137427777051925659e-02 1.618433371186256409e-02 9.434764273464679718e-03 4.866586532443761826e-03 2.472378499805927277e-02 4.384308587759733200e-03 6.954551790840923786e-04 1.917449384927749634e-02 1.342123746871948242e-02 2.021010778844356537e-02 6.401511374861001968e-03 2.349262684583663940e-02 7.475127931684255600e-03 1.647667028009891510e-02 7.441653404384851456e-03 1.755563076585531235e-03 1.837940653786063194e-03 7.010932080447673798e-03 3.730313386768102646e-03 1.367285568267107010e-02 2.406047098338603973e-02 5.411401856690645218e-03 2.863736823201179504e-03 4.249446094036102295e-03 1.705028349533677101e-03 1.095813978463411331e-02 1.944800093770027161e-02 2.029395103454589844e-02 1.572681404650211334e-02 4.698310978710651398e-03 1.750765368342399597e-02 7.692553568631410599e-03 4.809204954653978348e-03 1.627761684358119965e-02 1.836489699780941010e-02 7.598943775519728661e-04 1.221067458391189575e-02
2.323790267109870911e-02 3.013062104582786560e-02 2.127024903893470764e-02 8.127032220363616943e-02 8.228299617767333984e-01 2.541149780154228210e-02 1.606705039739608765e-02 2.151398733258247375e-02 2.737261168658733368e-02 1.370094600133597851e-03 1.705078594386577606e-02 2.119099535048007965e-02 1.941363327205181122e-02 6.244030781090259552e-03 1.046143751591444016e-02 2.543626166880130768e-02 2.817685157060623169e-02 1.371797733008861542e-02 2.506008185446262360e-02 1.033991575241088867e-02 1.334445085376501083e-02 9.427477605640888214e-03 1.821005344390869141e-02 8.257856592535972595e-03 9.775661863386631012e-03 5.084521602839231491e-03 1.076224446296691895e-02 2.807397209107875824e-02 2.032161131501197815e-02 1.073406822979450226e-02 5.238919984549283981e-03 5.781469735666178167e-05 2.868139930069446564e-02 1.151698408648371696e-03 1.135244150646030903e-03 1.936349458992481232e-02 5.434848368167877197e-03 1.676855422556400299e-02 4.552184417843818665e-02 3.945553302764892578e-02 1.441667322069406509e-02 1.335588842630386353e-02 1.602323725819587708e-02 1.496476470492780209e-03 1.425456348806619644e-02 1.367739681154489517e-02 2.526543475687503815e-02 1.903407648205757141e-02 1.157555915415287018e-02 3.448280971497297287e-03 1.468284241855144501e-02 2.437599189579486847e-02 2.750828163698315620e-03 5.580250639468431473e-03 2.301986888051033020e-02 1.380790211260318756e-02 1.770244911313056946e-02 3.369916230440139771e-02 1.800045184791088104e-02 6.632506381720304489e-03 1.403259485960006714e-02 2.262790128588676453e-02 1.012950390577316284e-02 1.830503530800342560e-02 1.134376879781484604e-02 4.876841790974140167e-03 4.609728232026100159e-03 5.015874747186899185e-03 2.216753922402858734e-02 2.284217253327369690e-02 5.663303192704916000e-03 9.810314513742923737e-03 1.272969972342252731e-02 2.115340344607830048e-02 2.319368347525596619e-02 7.749861571937799454e-03 2.699589729309082031e-02 2.286350587382912636e-03 1.549416780471801758e-02 4.930217750370502472e-03 2.049772627651691437e-02 1.702322065830230713e-02 8.367528207600116730e-03 5.152554064989089966e-02 6.178631912916898727e-03 8.832191117107868195e-03 2.279833145439624786e-02 1.402774546295404434e-02 2.613842859864234924e-02 1.442243810743093491e-02 2.180890180170536041e-02 3.882217686623334885e-03 1.485967915505170822e-02 9.712705388665199280e-03 3.611391643062233925e-03 6.320691318251192570e-04 2.510418416932225227e-03 3.088940866291522980e-03 1.212418358772993088e-02 1.288245618343353271e-02 9.172704070806503296e-03 2.542628441005945206e-03 6.061225663870573044e-03 1.334015931934118271e-02 2.631848305463790894e-02 2.648338861763477325e-02 1.107297744601964951e-02 1.223872043192386627e-02 4.482382442802190781e-03 1.823368109762668610e-02 1.615654095076024532e-03 1.240499899722635746e-03 1.993606239557266235e-02 2.137556672096252441e-02 9.880543686449527740e-03 3.056293912231922150e-02
7.981900870800018311e-02 6.832916289567947388e-02 2.066848240792751312e-02 2.289273403584957123e-02 2.541149780154228210e-02 8.228299617767333984e-01 9.303203970193862915e-02 2.556366845965385437e-02 5.943600088357925415e-03 1.111150719225406647e-02 4.276966676115989685e-02 2.316857129335403442e-02 1.772021129727363586e-02 7.756675593554973602e-03 4.448754340410232544e-02 1.293931156396865845e-02 1.728260889649391174e-02 3.736332291737198830e-04 1.605958677828311920e-02 7.785084657371044159e-03 6.649729795753955841e-03 2.537378482520580292e-02 1.072837132960557938e-02 1.312986668199300766e-02 6.094695534557104111e-03 9.784094989299774170e-03 6.590741686522960663e-03 2.819322980940341949e-02 1.828943844884634018e-03 2.133113890886306763e-02 9.135599248111248016e-03 1.567888422869145870e-03 3.983837086707353592e-03 9.666886180639266968e-03 8.431098423898220062e-03 6.516273133456707001e-03 1.907366793602705002e-03 1.489485520869493484e-02 2.833171561360359192e-02 2.646316401660442352e-02 1.537431962788105011e-02 5.469718948006629944e-03 4.571808036416769028e-03 1.450242009013891220e-02 1.534264348447322845e-02 5.633241496980190277e-03 8.631218224763870239e-02 6.494080275297164917e-02 1.016085222363471985e-02 6.839827256044372916e-05 1.744957081973552704e-02 6.752627436071634293e-03 1.336960867047309875e-02 1.287172455340623856e-02 5.858849734067916870e-03 4.868153948336839676e-03 1.526019349694252014e-02 2.466934034600853920e-03 3.172130323946475983e-03 2.073228359222412109e-02 1.309957634657621384e-02 9.073678404092788696e-03 1.910560764372348785e-02 8.584041148424148560e-03 7.962333038449287415e-03 1.117448508739471436e-02 8.628613315522670746e-03 3.051294013857841492e-03 1.071251835674047470e-02 1.028859522193670273e-02 2.869542222470045090e-03 2.668525837361812592e-02 6.625258829444646835e-03 9.057014249265193939e-03 6.636709906160831451e-03 1.359107997268438339e-02 7.466064300388097763e-03 3.057131776586174965e-03 2.591914730146527290e-03 1.442207721993327141e-03 3.710983693599700928e-02 2.083749882876873016e-02 1.014431938529014587e-02 2.215747721493244171e-02 7.833469426259398460e-04 1.341261714696884155e-02 3.419505059719085693e-02 1.446565799415111542e-02 1.618436351418495178e-02 6.776012945920228958e-03 1.987604796886444092e-02 2.668960951268672943e-03 8.406510576605796814e-03 1.283376291394233704e-02 1.499320100992918015e-02 1.676133088767528534e-02 5.904935300350189209e-03 1.905193552374839783e-02 6.109455134719610214e-04 3.708084113895893097e-03 8.031610399484634399e-03 1.232053991407155991e-02 1.011281274259090424e-02 1.357442513108253479e-02 2.943505533039569855e-02 2.006258442997932434e-02 9.873647941276431084e-04 1.233813818544149399e-03 1.233261777088046074e-03 1.706037856638431549e-02 1.529381331056356430e-02 3.336067311465740204e-03 1.014336477965116501e-02 1.387232076376676559e-02 8.974481374025344849e-03 5.882326513528823853e-03
7.181757688522338867e-02 7.680878043174743652e-02 1.671937108039855957e-02 1.828933320939540863e-02 1.606705039739608765e-02 9.303203970193862915e-02 8.228299617767333984e-01 2.821160480380058289e-02 8.580213412642478943e-03 8.047841489315032959e-03 4.067438468337059021e-02 2.103531546890735626e-02 1.875370554625988007e-02 2.572031132876873016e-02 4.658299311995506287e-02 6.360549014061689377e-03 1.363756321370601654e-02 9.229038842022418976e-03 6.742858793586492538e-03 9.976260364055633545e-03 6.285593379288911819e-03 1.927277073264122009e-02 7.089447462931275368e-04 5.746139213442802429e-03 5.556017626076936722e-03 1.274440251290798187e-02 7.923720404505729675e-03 3.062101267278194427e-02 3.151826676912605762e-04 3.742558136582374573e-02 1.148358173668384552e-02 3.244119929149746895e-03 5.757616367191076279e-03 1.044616382569074631e-02 8.161806501448154449e-03 1.353769190609455109e-02 8.136415854096412659e-03 1.097464654594659805e-02 1.679215393960475922e-02 1.945829764008522034e-02 1.634095236659049988e-02 1.463157776743173599e-02 2.114996779710054398e-03 5.849301349371671677e-03 8.157904259860515594e-03 3.717633429914712906e-03 7.930177450180053711e-02 7.048144191503524780e-02 9.579014033079147339e-03 3.150250297039747238e-03 1.795503124594688416e-02 1.290250103920698166e-02 1.645780168473720551e-02 2.192989550530910492e-02 4.582944326102733612e-03 9.376418776810169220e-03 6.198610179126262665e-03 7.337462622672319412e-03 3.964500036090612411e-03 1.732279174029827118e-02 2.177611738443374634e-02 3.892065491527318954e-03 1.423441804945468903e-02 2.482174662873148918e-03 8.865397423505783081e-03 6.712327711284160614e-03 9.595816954970359802e-03 9.179592132568359375e-03 4.871140234172344208e-03 3.492554184049367905e-03 3.623576136305928230e-03 2.979309111833572388e-02 2.558845467865467072e-02 7.359837763942778111e-04 1.729139499366283417e-02 1.586437597870826721e-02 1.093595102429389954e-02 6.167583633214235306e-03 5.948636215180158615e-03 1.457321923226118088e-04 3.365778550505638123e-02 1.614538766443729401e-02 4.414574708789587021e-03 1.598798669874668121e-02 8.580876514315605164e-03 1.242597773671150208e-02 3.500598669052124023e-02 1.063651964068412781e-02 3.984872717410326004e-03 7.307507563382387161e-03 4.718159325420856476e-03 9.110501850955188274e-04 1.674155704677104950e-03 9.146274067461490631e-03 2.493672072887420654e-02 2.331729792058467865e-02 6.105718202888965607e-03 2.023923583328723907e-02 2.675711875781416893e-03 9.511865675449371338e-03 1.739608589559793472e-03 9.529013186693191528e-03 7.106957025825977325e-03 8.746511302888393402e-03 2.158428728580474854e-02 2.222375012934207916e-02 7.319121155887842178e-03 3.806809196248650551e-03 3.584010526537895203e-03 2.022075653076171875e-02 1.871451549232006073e-02 4.719204269349575043e-03 8.668484166264533997e-03 1.342101581394672394e-02 1.578426174819469452e-02 1.395212486386299133e-03
2.532206661999225616e-02 2.057985030114650726e-02 5.809053033590316772e-02 1.240481529384851456e-02 2.151398733258247375e-02 2.556366845965385437e-02 2.821160480380058289e-02 8.228299617767333984e-01 1.026428863406181335e-02 3.070981474593281746e-03 5.888081621378660202e-03 1.919953268952667713e-03 6.006208714097738266e-03 9.325023740530014038e-03 5.396298319101333618e-02 8.389887399971485138e-03 5.345361205399967730e-05 2.071616007015109062e-03 1.049842964857816696e-02 2.222068794071674347e-02 5.007233936339616776e-03 4.000100493431091309e-02 1.074475422501564026e-02 3.145870054140686989e-03 1.811988651752471924e-02 7.197623606771230698e-03 2.725338377058506012e-02 1.839946396648883820e-02 8.546617813408374786e-03 2.294356701895594597e-03 1.171875838190317154e-02 2.293635904788970947e-02 1.807600446045398712e-02 2.084157802164554596e-02 1.482629776000976562e-02 2.851740643382072449e-02 3.774051740765571594e-02 3.017758019268512726e-02 3.424561023712158203e-02 3.703256696462631226e-02 3.971328958868980408e-02 1.394288241863250732e-02 1.499192416667938232e-02 2.418133430182933807e-02 1.149070821702480316e-02 1.284294854849576950e-02 2.247898280620574951e-02 1.152378227561712265e-02 1.146507100202143192e-03 1.022832700982689857e-03 3.034995310008525848e-02 3.405468165874481201e-02 1.815434359014034271e-02 2.985669113695621490e-02 4.337145073805004358e-04 3.019448136910796165e-03 1.674606837332248688e-02 9.585171937942504883e-03 4.828205797821283340e-03 2.571921423077583313e-02 8.337249048054218292e-03 4.456292372196912766e-03 4.644531756639480591e-03 3.048347076401114464e-03 5.053802859038114548e-03 2.292535454034805298e-02 2.276576682925224304e-02 1.356655731797218323e-02 7.458750158548355103e-03 1.853598654270172119e-02 9.423396550118923187e-03 2.640276215970516205e-02 1.997585641220211983e-04 2.314360253512859344e-02 1.260636281222105026e-02 2.415622398257255554e-02 1.265868544578552246e-02 1.829294138588011265e-03 1.299914810806512833e-02 3.387812990695238113e-03 5.707689374685287476e-02 5.496832355856895447e-02 1.366986543871462345e-03 5.078065674751996994e-03 1.385231968015432358e-02 1.981576159596443176e-02 5.137981846928596497e-02 4.779620096087455750e-02 4.681379534304141998e-03 1.133369654417037964e-02 1.670369761995971203e-03 2.109616808593273163e-02 1.547203166410326958e-03 3.489424288272857666e-02 1.701517403125762939e-02 1.931514963507652283e-02 6.736155133694410324e-03 1.852426864206790924e-02 4.232217557728290558e-03 1.699506677687168121e-02 1.982715353369712830e-02 1.627394370734691620e-02 9.462052956223487854e-03 1.308293733745813370e-02 3.038903884589672089e-02 3.052116930484771729e-02 2.063869126141071320e-02 1.469032280147075653e-02 2.310683019459247589e-02 2.489677444100379944e-02 1.832035742700099945e-02 3.337030857801437378e-02 2.385476045310497284e-02 2.532036416232585907e-02 1.528485026210546494e-02 7.773342076689004898e-03
2.503945492208003998e-03 2.634274307638406754e-03 1.545097958296537399e-02 1.994122192263603210e-02 2.737261168658733368e-02 5.943600088357925415e-03 8.580213412642478943e-03 1.026428863406181335e-02 8.228299617767333984e-01 3.236403688788414001e-02 6.778006209060549736e-04 4.085455089807510376e-02 7.905360311269760132e-03 2.315593324601650238e-02 1.628132420592010021e-03 1.146440487354993820e-02 9.393456391990184784e-03 6.411365419626235962e-02 7.961971685290336609e-03 1.080197095870971680e-02 1.345671899616718292e-02 7.748687639832496643e-03 4.561409354209899902e-02 4.273772612214088440e-02 3.113846061751246452e-03 1.460778061300516129e-03 1.344468793831765652e-03 8.137658238410949707e-03 1.193635910749435425e-02 2.133309608325362206e-03 1.993746869266033173e-02 3.713154792785644531e-02 1.008992083370685577e-03 1.966696605086326599e-02 1.969386637210845947e-02 2.569923922419548035e-02 2.305554226040840149e-03 1.315588451689109206e-04 1.806989312171936035e-02 1.769926957786083221e-02 1.621023938059806824e-02 3.370633721351623535e-02 1.174611318856477737e-02 1.653488725423812866e-02 3.907077480107545853e-03 3.075910732150077820e-02 3.734502941370010376e-03 2.320967428386211395e-02 3.584043309092521667e-02 1.625385950319468975e-03 9.951131418347358704e-03 1.964065013453364372e-03 8.212324231863021851e-03 6.143340375274419785e-03 5.481837317347526550e-02 6.103586871176958084e-03 1.572284847497940063e-02 8.063935674726963043e-03 7.321923039853572845e-03 1.738188043236732483e-02 1.958689279854297638e-02 1.493333722464740276e-03 1.386056537739932537e-03 2.685634652152657509e-03 8.573637343943119049e-03 9.922449477016925812e-03 1.400817185640335083e-02 2.320492407307028770e-03 4.281347990036010742e-02 4.999936558306217194e-03 1.215922832489013672e-02 1.817320473492145538e-02 7.390413898974657059e-03 3.098801709711551666e-03 7.627028971910476685e-04 1.728804036974906921e-02 1.000663712620735168e-01 2.561874501407146454e-02 3.607904165983200073e-02 5.088643636554479599e-03 1.687947101891040802e-02 5.320867057889699936e-03 3.830203786492347717e-02 3.194469318259507418e-04 3.162657842040061951e-02 1.779362373054027557e-02 7.219419348984956741e-03 3.276698989793658257e-03 6.881570070981979370e-02 2.208526246249675751e-02 2.737641520798206329e-02 5.884284619241952896e-03 3.144305944442749023e-02 1.190153602510690689e-02 2.005306014325469732e-04 4.738629329949617386e-03 1.648042909801006317e-02 5.111934151500463486e-03 3.511156141757965088e-02 1.437907107174396515e-02 5.519111175090074539e-03 1.970822224393486977e-03 1.573108136653900146e-02 1.620985381305217743e-02 5.354116670787334442e-03 4.021501634269952774e-03 1.047001872211694717e-02 2.941046142950654030e-03 2.227576449513435364e-03 2.498098462820053101e-02 1.129584014415740967e-02 1.463505718857049942e-02 8.992367424070835114e-03 2.101692929863929749e-02 6.600123364478349686e-03 2.871636487543582916e-02
6.842909846454858780e-03 5.026645027101039886e-03 7.762956432998180389e-03 5.469977390021085739e-03 1.370094600133597851e-03 1.111150719225406647e-02 8.047841489315032959e-03 3.070981474593281746e-03 3.236403688788414001e-02 8.228299617767333984e-01 1.209601480513811111e-02 1.128451805561780930e-02 1.840698532760143280e-02 1.860633678734302521e-02 6.844810559414327145e-04 1.582698710262775421e-02 2.384363859891891479e-02 1.554725877940654755e-02 7.127010822296142578e-02 1.435466483235359192e-02 4.712169989943504333e-03 4.540885798633098602e-03 2.482832409441471100e-02 4.000672325491905212e-02 9.650470688939094543e-03 9.768607094883918762e-03 1.546102110296487808e-02 7.008996792137622833e-03 2.595547027885913849e-02 1.187365734949707985e-03 3.614252433180809021e-02 2.216871827840805054e-02 2.142964629456400871e-03 2.832305058836936951e-02 1.658507436513900757e-02 7.735932711511850357e-03 3.924076911062002182e-03 8.204106241464614868e-03 2.581262029707431793e-03 2.899063751101493835e-03 8.708441630005836487e-03 2.421105653047561646e-02 5.832660477608442307e-03 7.076577749103307724e-03 2.117461711168289185e-02 3.572622314095497131e-02 1.873957179486751556e-02 2.365525066852569580e-02 1.602653786540031433e-02 5.279159545898437500e-02 1.423308905214071274e-02 1.813202165067195892e-02 2.917899400927126408e-04 3.677013795822858810e-03 9.213687852025032043e-03 3.106888197362422943e-02 1.845408044755458832e-02 6.381916318787261844e-05 7.536827586591243744e-03 4.471975844353437424e-03 1.424633082933723927e-03 3.024688549339771271e-02 1.716623455286026001e-02 2.428657142445445061e-03 2.479656599462032318e-02 2.092995122075080872e-02 1.872769743204116821e-02 1.130323112010955811e-02 1.387336757034063339e-02 1.517572253942489624e-02 2.330494672060012817e-02 1.362119521945714951e-02 9.767914190888404846e-03 1.610974594950675964e-02 4.726102109998464584e-03 4.001739900559186935e-03 6.915242411196231842e-03 7.140855491161346436e-02 1.665800064802169800e-02 7.064251601696014404e-02 6.143195554614067078e-03 1.570032509334851056e-05 6.438639480620622635e-03 3.801529482007026672e-02 1.732810516841709614e-03 3.476155921816825867e-02 1.369745284318923950e-02 5.653105210512876511e-03 8.202069438993930817e-03 5.262586846947669983e-02 4.112017899751663208e-02 9.802269749343395233e-03 4.435395449399948120e-02 7.880492135882377625e-03 1.437861938029527664e-02 2.800586633384227753e-02 1.985907740890979767e-02 1.546558178961277008e-02 1.495107449591159821e-02 4.053124692291021347e-03 6.158609408885240555e-03 1.452972367405891418e-02 2.823815867304801941e-02 2.746323682367801666e-02 3.446940099820494652e-03 2.300836611539125443e-03 1.355446595698595047e-02 1.713165454566478729e-02 1.944794133305549622e-02 3.277454152703285217e-02 6.353544071316719055e-03 4.718277195934206247e-04 2.801586408168077469e-03 2.634277753531932831e-02 1.307514868676662445e-02 2.728686295449733734e-02
8.042311668395996094e-02 6.987477093935012817e-02 7.828993722796440125e-03 1.269072480499744415e-02 1.705078594386577606e-02 4.276966676115989685e-02 4.067438468337059021e-02 5.888081621378660202e-03 6.778006209060549736e-04 1.209601480513811111e-02 8.228299617767333984e-01 1.066644303500652313e-02 6.847606599330902100e-02 1.510306261479854584e-02 5.571310408413410187e-03 7.789492607116699219e-03 1.234312914311885834e-02 1.792151108384132385e-02 2.361078979447484016e-03 7.816891185939311981e-03 1.956505002453923225e-03 2.472850494086742401e-02 7.103871554136276245e-03 7.327216677367687225e-03 2.158246748149394989e-02 6.648167967796325684e-03 2.442658692598342896e-02 1.200061850249767303e-02 4.890309274196624756e-02 4.928622394800186157e-03 2.592750638723373413e-02 1.405517198145389557e-02 8.536877110600471497e-03 1.097194105386734009e-02 9.734000079333782196e-03 1.354074198752641678e-02 1.796102733351290226e-03 1.487336121499538422e-02 2.125850878655910492e-02 1.538345590233802795e-02 3.624990349635481834e-03 1.297885365784168243e-02 1.685452088713645935e-02 8.965346962213516235e-03 1.630696840584278107e-02 5.460810381919145584e-03 4.032310470938682556e-02 3.575573489069938660e-02 1.165864057838916779e-02 4.091941751539707184e-03 5.642036441713571548e-03 6.853837112430483103e-05 2.723597921431064606e-02 2.845703251659870148e-02 2.097310498356819153e-02 5.365863908082246780e-03 1.961238868534564972e-02 6.050973199307918549e-03 3.651625663042068481e-02 1.955073326826095581e-02 1.320050563663244247e-02 1.576114445924758911e-02 1.088287588208913803e-02 2.412253757938742638e-03 6.305418908596038818e-02 3.904725238680839539e-02 3.352697473019361496e-03 9.803663939237594604e-03 1.435205340385437012e-02 1.643477380275726318e-02 2.423245925456285477e-03 1.164033077657222748e-02 1.652586087584495544e-02 7.743071299046278000e-03 9.663736447691917419e-03 1.624087244272232056e-02 2.956603653728961945e-03 1.428496092557907104e-02 4.011177923530340195e-03 5.967343226075172424e-03 1.478310953825712204e-02 7.447858806699514389e-04 1.195514414575882256e-06 2.387008070945739746e-02 3.716917010024189949e-03 6.084770895540714264e-03 7.179204374551773071e-03 2.065108343958854675e-02 6.756361108273267746e-03 6.029622163623571396e-03 2.576220780611038208e-02 4.252340644598007202e-02 2.323807217180728912e-02 3.174010291695594788e-02 4.919688683003187180e-03 8.767827413976192474e-03 2.536717988550662994e-02 1.603099890053272247e-02 4.272732883691787720e-03 4.226769786328077316e-03 1.015896815806627274e-02 1.032665371894836426e-02 2.188699319958686829e-02 2.215356938540935516e-02 7.942534983158111572e-03 6.215358152985572815e-04 1.436870079487562180e-03 1.646001450717449188e-02 8.517615497112274170e-03 1.634342968463897705e-02 2.828462794423103333e-02 1.787164993584156036e-02 1.475600153207778931e-02 1.633146591484546661e-02 2.903499640524387360e-02 2.074834331870079041e-02
6.877546547912061214e-04 1.052447594702243805e-02 4.623102140612900257e-04 1.550873275846242905e-02 2.119099535048007965e-02 2.316857129335403442e-02 2.103531546890735626e-02 1.919953268952667713e-03 4.085455089807510376e-02 1.128451805561780930e-02 1.066644303500652313e-02 8.228299617767333984e-01 2.628310024738311768e-02 9.515402466058731079e-02 1.748003251850605011e-02 1.018959842622280121e-02 2.845546463504433632e-03 6.170676089823246002e-03 4.761165007948875427e-02 2.818733628373593092e-04 1.402291096746921539e-02 8.544832468032836914e-03 5.555285885930061340e-02 4.400130361318588257e-02 4.504353273659944534e-03 8.029860444366931915e-03 4.729116801172494888e-03 5.506784841418266296e-02 1.639992743730545044e-02 5.913002789020538330e-02 2.995291724801063538e-02 6.437842268496751785e-03 7.179231848567724228e-03 5.663674164679832757e-05 7.339099887758493423e-03 1.410624850541353226e-02 1.070766337215900421e-02 1.351893879473209381e-03 5.441706744022667408e-04 2.788817975670099258e-03 1.109678205102682114e-02 3.209419781342148781e-03 1.426215050742030144e-03 1.382841635495424271e-02 4.095471277832984924e-02 1.986905466765165329e-03 3.265067189931869507e-02 1.560443639755249023e-02 4.182571545243263245e-03 1.576356589794158936e-02 3.853728529065847397e-03 1.374901458621025085e-02 6.136915180832147598e-03 1.697559258900582790e-03 4.944158717989921570e-04 5.621772259473800659e-03 1.591999083757400513e-02 2.491772919893264771e-02 2.484161965548992157e-02 9.706001728773117065e-03 2.062531001865863800e-02 2.086434885859489441e-02 1.029747072607278824e-02 8.721556514501571655e-03 7.381625473499298096e-03 1.476750988513231277e-02 3.034367924556136131e-03 1.906027668155729771e-03 7.860608398914337158e-03 1.546037197113037109e-02 9.817841928452253342e-04 1.810496300458908081e-02 2.904800232499837875e-03 3.079278161749243736e-03 7.165105082094669342e-03 5.126105621457099915e-03 3.377695381641387939e-02 5.445559043437242508e-03 1.750653795897960663e-02 4.343633726239204407e-02 1.189598254859447479e-02 3.944138530641794205e-03 7.405534852296113968e-04 2.785622142255306244e-02 5.015967041254043579e-02 8.897042833268642426e-03 3.678531793411821127e-04 9.620369412004947662e-03 2.784110233187675476e-02 3.703105449676513672e-02 1.142109278589487076e-02 1.400958094745874405e-02 2.307902090251445770e-02 1.421838067471981049e-02 2.882462181150913239e-02 2.293717488646507263e-02 1.593609899282455444e-02 3.286167746409773827e-03 1.426259800791740417e-02 3.289980581030249596e-03 1.348539721220731735e-03 1.275057147722691298e-04 1.216632407158613205e-02 1.078186463564634323e-02 7.361534517258405685e-03 1.052403077483177185e-02 1.473004370927810669e-02 3.194453194737434387e-02 6.012818310409784317e-03 1.466877665370702744e-02 1.219115313142538071e-02 2.407412417232990265e-02 6.330404430627822876e-03 8.380604907870292664e-03 1.617286354303359985e-02 8.824478834867477417e-03
5.289485678076744080e-02 6.195457652211189270e-02 4.516516812145709991e-03 2.464674971997737885e-02 1.941363327205181122e-02 1.772021129727363586e-02 1.875370554625988007e-02 6.006208714097738266e-03 7.905360311269760132e-03 1.840698532760143280e-02 6.847606599330902100e-02 2.628310024738311768e-02 8.228299617767333984e-01 3.199415281414985657e-02 1.663138903677463531e-02 1.052462309598922729e-02 1.220065820962190628e-02 1.463314238935709000e-02 2.650323556736111641e-03 5.007721949368715286e-03 1.492613577283918858e-03 2.824415452778339386e-02 1.613895967602729797e-02 2.410127781331539154e-02 1.133466511964797974e-02 1.301651820540428162e-02 1.930743269622325897e-02 1.961330510675907135e-02 5.785396322607994080e-02 1.891846396028995514e-02 6.748971343040466309e-02 5.674252752214670181e-03 4.198712296783924103e-03 1.047409325838088989e-02 1.332665793597698212e-02 1.840167865157127380e-02 1.801036857068538666e-02 9.378873743116855621e-03 2.151909098029136658e-02 9.585302323102951050e-03 7.627126295119524002e-03 2.187387319281697273e-03 9.139374014921486378e-04 1.823272183537483215e-02 7.499337196350097656e-03 1.993218436837196350e-02 2.362884022295475006e-02 4.467218369245529175e-02 4.723154939711093903e-03 3.248211229220032692e-03 6.944656837731599808e-03 4.088799469172954559e-03 2.475317008793354034e-02 3.253097087144851685e-02 6.116373464465141296e-03 2.324216766282916069e-03 2.806992037221789360e-03 3.698335029184818268e-03 2.550445497035980225e-02 2.526813186705112457e-02 5.400277208536863327e-03 1.650181040167808533e-02 8.777863695286214352e-04 2.704932587221264839e-03 5.291977524757385254e-02 5.546803027391433716e-02 3.933874424546957016e-03 5.120403133332729340e-03 9.783420711755752563e-03 1.007086876779794693e-02 6.218926515430212021e-03 6.488109938800334930e-03 1.451276894658803940e-02 5.920270457863807678e-03 1.037908531725406647e-02 3.864819416776299477e-03 1.182407322630751878e-05 9.674567729234695435e-03 8.328732103109359741e-03 9.412965737283229828e-03 9.920620359480381012e-03 7.495082449167966843e-03 6.857809610664844513e-03 1.835293322801589966e-02 1.703084073960781097e-02 1.129139680415391922e-02 2.383332932367920876e-03 2.659366652369499207e-02 4.864399787038564682e-03 1.333955302834510803e-02 3.996841609477996826e-02 3.143237903714179993e-02 6.354937702417373657e-02 3.009902313351631165e-02 1.743235252797603607e-02 2.164517343044281006e-02 8.524748496711254120e-03 9.523794869892299175e-04 8.404418826103210449e-03 7.678591180592775345e-03 1.533227041363716125e-02 2.321228198707103729e-02 6.833048071712255478e-03 7.339072413742542267e-03 1.823106221854686737e-02 3.461758315097540617e-04 7.174098864197731018e-03 2.819944638758897781e-03 3.620834089815616608e-03 3.105058521032333374e-02 2.820803783833980560e-03 4.761092422995716333e-04 1.000622432911768556e-04 1.017586886882781982e-02 1.721390336751937866e-02 1.400118414312601089e-02
