8.343513607978820801e-01 6.585249304771423340e-02 1.355461217463016510e-02 1.152280531823635101e-02 7.288548164069652557e-03 5.560656264424324036e-02 5.574228242039680481e-02 2.863238332793116570e-03 1.657921075820922852e-02 2.300341427326202393e-02 6.472301483154296875e-02 3.590274974703788757e-02 5.212918668985366821e-02 3.229317069053649902e-02 1.717632822692394257e-02 1.684829406440258026e-02 1.505662407726049423e-02 6.601763889193534851e-03 5.562209058552980423e-03 3.064009360969066620e-03 2.414856106042861938e-02 2.188099548220634460e-02 3.165082540363073349e-03 5.952755454927682877e-03 9.282749146223068237e-03 2.301842346787452698e-02 2.790398197248578072e-03 1.305679976940155029e-02 4.051591083407402039e-02 1.146363932639360428e-02 3.756345808506011963e-02 1.605807058513164520e-02 4.661233164370059967e-03 2.747991681098937988e-02 7.117403205484151840e-03 2.950800023972988129e-02 3.134840354323387146e-02 1.399296987801790237e-02 2.549316547811031342e-02 8.482095785439014435e-03 5.457541439682245255e-03 1.485569216310977936e-02 8.815277367830276489e-03 7.557232398539781570e-03 2.988894097506999969e-02 2.612912096083164215e-02 5.337653309106826782e-02 4.817170649766921997e-02 1.343429740518331528e-02 1.163771655410528183e-02 1.366856158711016178e-03 1.077217049896717072e-02 2.465323358774185181e-02 2.289010025560855865e-02 1.476687844842672348e-02 1.044366136193275452e-02 2.158074826002120972e-02 2.357357740402221680e-02 1.401258539408445358e-02 1.368619874119758606e-02 8.095679222606122494e-04 1.910196617245674133e-03 1.966523751616477966e-02 2.276306785643100739e-02 3.827637806534767151e-02 2.333816699683666229e-02 6.344693712890148163e-03 1.757559925317764282e-02 7.689798367209732533e-04 4.358919803053140640e-03 1.382873975671827793e-03 1.136618666350841522e-02 6.063518580049276352e-03 9.199000778608024120e-04 1.960151828825473785e-03 7.954235188663005829e-03 1.231330633163452148e-02 1.501309778541326523e-02 1.744166761636734009e-02 8.727923035621643066e-03 1.345215830951929092e-02 1.334392838180065155e-02 5.165376234799623489e-03 4.096687480341643095e-04 7.695076521486043930e-03 7.174311205744743347e-03 1.962940953671932220e-02 1.510188914835453033e-02 8.385079912841320038e-03 1.203028578311204910e-02 4.512745514512062073e-02 3.204278647899627686e-02 4.890453815460205078e-02 9.786710143089294434e-03 2.085504122078418732e-02 2.156682126224040985e-02 2.040066756308078766e-03 3.598436946049332619e-03 4.168774466961622238e-03 4.915360826998949051e-03 2.655958756804466248e-02 2.191548421978950500e-02 6.957932841032743454e-03 7.614354137331247330e-03 2.624221332371234894e-02 1.467139832675457001e-02 2.711627446115016937e-02 1.056334283202886581e-02 1.930863782763481140e-02 7.673601154237985611e-03 1.167665794491767883e-02 1.320548914372920990e-02 6.580304820090532303e-03 2.508369274437427521e-03 3.291226457804441452e-03 5.078289192169904709e-03
6.585249304771423340e-02 8.343513607978820801e-01 6.991956848651170731e-03 2.578828483819961548e-03 1.415467821061611176e-02 5.114969611167907715e-02 5.597978830337524414e-02 3.592404071241617203e-03 9.957222267985343933e-03 1.841194182634353638e-02 6.635660678148269653e-02 3.643148764967918396e-02 6.769836694002151489e-02 3.792223334312438965e-02 3.258199617266654968e-02 1.611660420894622803e-02 1.859802938997745514e-02 2.033412223681807518e-03 2.917377511039376259e-03 7.633015979081392288e-03 1.511111576110124588e-02 2.967252582311630249e-02 3.905712859705090523e-03 7.655361667275428772e-03 1.676921546459197998e-02 1.862291432917118073e-02 1.031946204602718353e-02 1.717740669846534729e-02 2.737882360816001892e-02 1.994960196316242218e-02 3.740062564611434937e-02 1.840208284556865692e-02 8.957913145422935486e-03 2.037257887423038483e-02 1.154254656285047531e-02 3.187579289078712463e-02 2.639530971646308899e-02 1.515291281975805759e-03 1.316226646304130554e-02 3.054739441722631454e-03 2.079902151308488101e-05 5.947969853878021240e-03 8.472855202853679657e-03 1.499577797949314117e-02 2.752000279724597931e-02 2.539902552962303162e-02 4.968720674514770508e-02 4.801171645522117615e-02 1.756584458053112030e-02 9.354790672659873962e-03 7.463708985596895218e-03 5.630070343613624573e-03 2.625616453588008881e-02 1.775800064206123352e-02 2.264716848731040955e-02 1.217477582395076752e-02 1.090863253921270370e-02 1.688378117978572845e-02 1.776130869984626770e-02 8.793972432613372803e-03 3.229346591979265213e-03 3.255528397858142853e-03 1.704319193959236145e-02 2.186336927115917206e-02 3.839234262704849243e-02 1.386271789669990540e-02 3.847824642434716225e-03 9.470167569816112518e-03 1.085427706129848957e-03 1.935393176972866058e-02 2.018664032220840454e-03 1.520708110183477402e-02 6.831127684563398361e-03 1.483265869319438934e-02 1.577578077558428049e-04 4.510271828621625900e-03 1.032856293022632599e-02 9.538500569760799408e-03 1.627686433494091034e-02 6.631885189563035965e-03 8.723562583327293396e-03 8.209585212171077728e-03 9.919538162648677826e-03 1.051959465257823467e-03 4.098162986338138580e-03 3.220436628907918930e-03 1.548086479306221008e-02 2.024779096245765686e-02 3.035027068108320236e-03 1.092573069036006927e-02 3.668958321213722229e-02 1.639887318015098572e-02 4.860381036996841431e-02 9.231441654264926910e-03 1.562190614640712738e-02 2.475428394973278046e-02 1.105295028537511826e-02 5.566870793700218201e-03 6.064876914024353027e-03 1.053685974329710007e-02 2.015107683837413788e-02 1.761103793978691101e-02 1.290116738528013229e-02 1.225494034588336945e-02 1.958934962749481201e-02 9.709085337817668915e-03 1.979788206517696381e-02 3.286636783741414547e-04 1.129603851586580276e-02 2.177012385800480843e-03 4.296122351661324501e-04 3.568788291886448860e-03 9.496909478912129998e-05 1.484584901481866837e-02 7.132931496016681194e-04 8.241420611739158630e-03
1.355461217463016510e-02 6.991956848651170731e-03 8.343513607978820801e-01 2.190533839166164398e-02 5.507173016667366028e-03 2.349203266203403473e-02 1.425563264638185501e-02 5.052250623703002930e-02 8.510120213031768799e-03 1.095881126821041107e-02 1.506180036813020706e-02 9.189647622406482697e-03 1.580605097115039825e-02 6.280376110225915909e-03 1.988137513399124146e-02 2.402344718575477600e-03 5.342544987797737122e-03 5.016334820538759232e-03 3.315417794510722160e-03 4.267337499186396599e-04 1.430030167102813721e-02 2.329585887491703033e-02 3.035799134522676468e-03 7.130360230803489685e-03 3.901273710653185844e-03 6.214447319507598877e-03 4.922638833522796631e-02 3.345270873978734016e-03 2.195457927882671356e-02 1.313839689828455448e-03 1.770418137311935425e-02 1.065550488419830799e-03 1.570576988160610199e-02 3.726953407749533653e-03 5.168388597667217255e-03 5.779710598289966583e-03 3.793886397033929825e-03 3.134174272418022156e-02 3.315184265375137329e-03 5.939650349318981171e-03 4.229158535599708557e-02 6.579271517693996429e-03 8.270638994872570038e-03 5.881917476654052734e-02 1.209943834692239761e-02 8.719378150999546051e-03 2.646386437118053436e-02 1.608759351074695587e-02 9.824699722230434418e-03 2.264336310327053070e-02 1.998619921505451202e-02 2.445102855563163757e-02 6.246252916753292084e-03 9.203767403960227966e-04 2.219108166173100471e-03 4.442792851477861404e-03 8.884952403604984283e-03 1.895793713629245758e-02 1.149042416363954544e-02 1.159469829872250557e-03 1.378979068249464035e-03 7.048156112432479858e-03 1.779972016811370850e-02 2.346940105780959129e-03 2.118999697268009186e-02 1.296510454267263412e-02 9.596843301551416516e-05 5.869401153177022934e-03 1.678823027759790421e-03 6.984783336520195007e-03 1.861570053733885288e-03 2.550822496414184570e-02 3.299634205177426338e-03 3.359873592853546143e-02 3.637197194620966911e-03 3.204406425356864929e-02 1.916569191962480545e-03 1.314022857695817947e-02 1.068163104355335236e-02 1.886367239058017731e-02 3.949608653783798218e-02 3.364129364490509033e-02 4.153004847466945648e-03 9.917919524013996124e-03 4.297149367630481720e-03 6.195246241986751556e-03 9.375290945172309875e-03 2.365273050963878632e-02 2.395460847765207291e-03 1.526076532900333405e-02 2.982536330819129944e-02 6.175554357469081879e-03 1.565041020512580872e-02 2.662565000355243683e-02 1.101323030889034271e-02 1.290456485003232956e-02 7.507076952606439590e-03 9.342826902866363525e-03 1.395067758858203888e-02 9.876152500510215759e-03 2.116048708558082581e-02 4.885458853095769882e-03 2.913115313276648521e-03 1.907003670930862427e-02 7.968607824295759201e-04 1.235026429640129209e-04 1.483356487005949020e-02 1.235122885555028915e-02 4.851339384913444519e-03 1.442497316747903824e-02 8.669651113450527191e-03 3.217573091387748718e-02 6.265640258789062500e-04 2.971530193462967873e-03 3.591604996472597122e-03 3.747713193297386169e-02
1.152280531823635101e-02 2.578828483819961548e-03 2.190533839166164398e-02 8.343513607978820801e-01 5.773249268531799316e-02 1.867035217583179474e-02 1.275355368852615356e-02 1.381282322108745575e-02 2.354984730482101440e-02 2.633070980664342642e-04 1.479698624461889267e-02 2.286675199866294861e-02 7.819805294275283813e-03 3.107554651796817780e-02 1.192505657672882080e-02 7.130816578865051270e-03 2.958667464554309845e-03 1.407056953758001328e-02 3.242795169353485107e-02 4.255613021086901426e-04 4.810197569895535707e-04 3.774088807404041290e-03 3.338616807013750076e-03 1.257197931408882141e-02 1.982892164960503578e-03 2.056795917451381683e-02 1.583674363791942596e-02 1.183448638767004013e-02 1.427798904478549957e-02 2.014994435012340546e-02 1.950215362012386322e-02 4.433928988873958588e-03 1.518112700432538986e-02 7.098325877450406551e-04 6.651496049016714096e-03 1.836419850587844849e-02 1.537153148092329502e-03 1.922148093581199646e-02 2.736227028071880341e-02 1.464205887168645859e-02 2.059915568679571152e-03 9.382283315062522888e-03 6.433353293687105179e-03 1.138859614729881287e-02 5.010385531932115555e-03 5.759262945502996445e-03 1.405871752649545670e-02 1.435367017984390259e-02 5.499587859958410263e-03 1.089043729007244110e-02 1.844931393861770630e-02 1.884756237268447876e-02 2.454782091081142426e-02 1.126659847795963287e-02 8.774913847446441650e-03 2.176132984459400177e-02 3.074158728122711182e-02 4.240727052092552185e-02 1.784276962280273438e-02 1.882151141762733459e-02 3.996929898858070374e-02 3.720879554748535156e-02 4.677791614085435867e-03 2.065560780465602875e-02 1.832497306168079376e-02 2.477614767849445343e-02 2.920824103057384491e-03 5.091315601021051407e-03 3.882515057921409607e-02 6.768594961613416672e-03 2.504168823361396790e-02 6.739043630659580231e-03 5.025289580225944519e-02 3.549521788954734802e-03 3.183943778276443481e-02 4.698111675679683685e-03 2.593145892024040222e-02 2.529955469071865082e-02 7.610182277858257294e-03 8.481264114379882812e-03 8.851334452629089355e-03 8.434044197201728821e-03 2.741679735481739044e-02 1.930770836770534515e-02 9.367789141833782196e-03 8.856920525431632996e-03 1.041212026029825211e-02 7.428730838000774384e-03 3.851380199193954468e-02 2.932102046906948090e-02 1.421659346669912338e-02 1.208694186061620712e-02 1.625231467187404633e-02 5.206129513680934906e-03 7.021605502814054489e-03 2.462993608787655830e-03 6.196505855768918991e-03 1.238521304912865162e-03 1.013656845316290855e-03 5.406540585681796074e-04 1.405879622325301170e-03 7.438864093273878098e-03 7.039393763989210129e-03 8.724948391318321228e-03 2.271818695589900017e-03 9.030320681631565094e-03 8.004271425306797028e-03 2.907193638384342194e-02 1.005918532609939575e-02 8.624961599707603455e-03 1.277885027229785919e-02 4.119636025279760361e-03 1.475147902965545654e-02 7.356385234743356705e-03 6.935937562957406044e-04 1.449404936283826828e-02
7.288548164069652557e-03 1.415467821061611176e-02 5.507173016667366028e-03 5.773249268531799316e-02 8.343513607978820801e-01 8.502717129886150360e-03 1.284903474152088165e-02 1.106509473174810410e-02 4.193519242107868195e-03 6.106358021497726440e-03 5.897249560803174973e-03 4.557766485959291458e-03 8.621717803180217743e-03 9.311974048614501953e-03 1.279981993138790131e-02 2.797286259010434151e-03 1.631710864603519440e-02 2.316497964784502983e-03 4.998670890927314758e-02 1.774250157177448273e-02 2.344705164432525635e-03 1.016193418763577938e-03 3.809024579823017120e-03 1.595662534236907959e-02 1.355670019984245300e-02 1.561915688216686249e-02 8.064585272222757339e-04 2.140937373042106628e-02 4.680363927036523819e-03 3.134119510650634766e-02 7.123578805476427078e-03 1.569259725511074066e-02 1.032817270606756210e-02 1.684437738731503487e-03 3.031244315207004547e-02 2.164064906537532806e-03 1.154213771224021912e-02 1.957489736378192902e-02 2.836552448570728302e-02 4.714945331215858459e-02 1.461129635572433472e-02 1.395581848919391632e-02 7.459117565304040909e-03 1.307734381407499313e-02 2.327180281281471252e-02 2.950282022356987000e-02 1.009092200547456741e-02 9.213571436703205109e-03 3.119576349854469299e-02 1.497191283851861954e-02 8.612447418272495270e-03 4.757965449243783951e-03 1.394536625593900681e-02 2.100753225386142731e-02 5.574227543547749519e-04 1.050505694001913071e-02 1.432865951210260391e-02 3.411185368895530701e-02 1.327119674533605576e-02 2.281363494694232941e-02 1.841657049953937531e-02 3.669147193431854248e-02 2.470105141401290894e-02 4.544739052653312683e-02 3.942927811294794083e-03 1.794166862964630127e-02 1.977727748453617096e-02 5.793456453830003738e-03 3.107352554798126221e-02 2.377429744228720665e-03 4.360359534621238708e-02 2.265566028654575348e-02 2.997194230556488037e-02 8.515893481671810150e-03 5.261886492371559143e-02 1.264012232422828674e-02 1.154176983982324600e-02 2.260560914874076843e-02 2.745714411139488220e-02 2.419625967741012573e-02 3.362134331837296486e-03 8.034105412662029266e-03 1.360369846224784851e-02 5.457935109734535217e-02 2.266756817698478699e-02 2.821915037930011749e-02 1.740585430525243282e-03 8.377875201404094696e-03 2.964375726878643036e-02 2.452531643211841583e-02 1.371847558766603470e-02 2.305577509105205536e-02 1.797179225832223892e-03 7.989351637661457062e-03 7.098787929862737656e-03 1.525109913200139999e-02 1.346843689680099487e-02 7.315374445170164108e-03 7.816092111170291901e-03 8.100224658846855164e-03 9.896395727992057800e-03 3.115324536338448524e-03 1.297316397540271282e-03 6.540645379573106766e-03 7.913219742476940155e-03 1.965570077300071716e-02 9.810572955757379532e-04 2.177802287042140961e-02 1.066027488559484482e-02 1.548617891967296600e-02 8.998871780931949615e-03 6.970004644244909286e-03 2.473122254014015198e-02 1.660771481692790985e-02 8.859496563673019409e-03 8.882341906428337097e-03
5.560656264424324036e-02 5.114969611167907715e-02 2.349203266203403473e-02 1.867035217583179474e-02 8.502717129886150360e-03 8.343513607978820801e-01 6.611170619726181030e-02 1.196890044957399368e-02 2.665659040212631226e-02 2.157173678278923035e-02 4.807168990373611450e-02 4.233144968748092651e-02 4.317178949713706970e-02 3.523870557546615601e-02 8.060039835982024670e-04 1.982123404741287231e-02 1.413372717797756195e-02 5.856826901435852051e-04 1.696868712315335870e-04 1.025976054370403290e-02 8.243989199399948120e-03 1.204154267907142639e-02 8.122990839183330536e-03 1.309230364859104156e-02 1.578539423644542694e-02 1.354136969894170761e-02 1.223814394325017929e-02 9.653290733695030212e-03 3.493322432041168213e-02 2.784794429317116737e-03 3.030900657176971436e-02 1.496646646410226822e-02 5.019442178308963776e-04 1.372027583420276642e-02 1.115963421761989594e-02 2.742681652307510376e-02 2.055955119431018829e-02 1.551535632461309433e-02 2.314572781324386597e-02 1.994442194700241089e-03 7.811609189957380295e-03 1.976790651679039001e-02 6.175814662128686905e-03 2.112856321036815643e-02 3.625461086630821228e-02 3.078194707632064819e-02 6.711623072624206543e-02 5.795340985059738159e-02 1.620886102318763733e-02 1.357440743595361710e-02 8.192928507924079895e-03 1.468242518603801727e-02 1.401832234114408493e-02 1.813035272061824799e-02 2.321050129830837250e-02 1.907717622816562653e-02 2.076062187552452087e-02 1.990560814738273621e-02 8.107097819447517395e-03 1.653826981782913208e-02 5.200289655476808548e-03 2.825028495863080025e-03 1.769009977579116821e-02 1.874654740095138550e-02 3.265240788459777832e-02 2.520540915429592133e-02 6.086298730224370956e-03 1.178817171603441238e-02 6.735744886100292206e-03 7.533162832260131836e-03 3.886172082275152206e-03 1.537064090371131897e-02 5.682101938873529434e-03 1.398886647075414658e-02 4.576355684548616409e-03 1.104627177119255066e-02 2.140864543616771698e-02 1.491131540387868881e-02 2.715155296027660370e-02 1.732487790286540985e-02 1.118072308599948883e-02 8.205518126487731934e-03 1.213680393993854523e-02 7.695626467466354370e-03 1.897188462316989899e-02 1.697698980569839478e-02 8.592332713305950165e-03 1.098571345210075378e-02 1.776069588959217072e-02 1.870022714138031006e-02 4.909361153841018677e-02 2.283623069524765015e-02 5.029507353901863098e-02 6.054552271962165833e-03 2.215062081813812256e-02 1.683014445006847382e-02 3.886399324983358383e-03 1.298114773817360401e-03 8.033094927668571472e-03 5.873489193618297577e-03 2.751010656356811523e-02 2.018499933183193207e-02 4.302568268030881882e-03 8.627966046333312988e-03 2.130191586911678314e-02 1.396332588046789169e-02 2.717956341803073883e-02 8.792438544332981110e-03 1.859516836702823639e-02 1.205880194902420044e-02 6.509177852421998978e-03 1.142569165676832199e-02 1.669710315763950348e-02 3.890947555191814899e-04 5.834454670548439026e-03 4.245682619512081146e-03
5.574228242039680481e-02 5.597978830337524414e-02 1.425563264638185501e-02 1.275355368852615356e-02 1.284903474152088165e-02 6.611170619726181030e-02 8.343513607978820801e-01 1.447252463549375534e-02 2.294385060667991638e-02 2.523219957947731018e-02 5.321946367621421814e-02 4.415217414498329163e-02 4.472517967224121094e-02 3.999021276831626892e-02 1.751189236529171467e-03 1.606226153671741486e-02 1.301607117056846619e-02 7.936093024909496307e-04 7.503058761358261108e-03 2.764737000688910484e-03 6.781982723623514175e-03 1.106479112058877945e-02 5.081337410956621170e-03 1.388782542198896408e-02 1.039218902587890625e-02 1.102063618600368500e-02 2.575979335233569145e-03 6.637480109930038452e-03 3.772078454494476318e-02 1.512363378424197435e-04 3.701523318886756897e-02 1.448277570307254791e-02 8.521752897650003433e-04 1.509070117026567459e-02 1.777141168713569641e-02 2.339627780020236969e-02 1.396565511822700500e-02 1.651002839207649231e-02 1.651703380048274994e-02 6.706832908093929291e-03 1.390695385634899139e-02 2.189206518232822418e-02 3.987896721810102463e-03 2.182252705097198486e-02 4.403218626976013184e-02 4.235187917947769165e-02 6.664737313985824585e-02 6.651093810796737671e-02 2.070283703505992889e-02 1.551317516714334488e-02 9.347852319478988647e-03 6.159737240523099899e-03 1.550033222883939743e-02 1.209697499871253967e-02 2.743675932288169861e-02 1.166998781263828278e-02 1.423149369657039642e-02 1.169271487742662430e-02 1.089524105191230774e-02 1.364846434444189072e-02 1.554013229906558990e-03 9.462250396609306335e-03 2.521427720785140991e-02 2.242150530219078064e-02 3.104827180504798889e-02 1.692692004144191742e-02 2.099756617099046707e-03 8.350948803126811981e-03 6.181483156979084015e-03 1.646848022937774658e-02 5.054948851466178894e-03 2.368747442960739136e-02 1.281906384974718094e-03 1.966564357280731201e-02 3.234784351661801338e-03 1.931573450565338135e-02 1.377998851239681244e-02 1.309533230960369110e-02 3.005802072584629059e-02 2.760403603315353394e-02 4.041528794914484024e-03 9.801179403439164162e-04 1.383443735539913177e-02 3.003828751388937235e-04 1.437610015273094177e-02 2.329176478087902069e-02 2.625529421493411064e-03 3.004747210070490837e-03 3.522501094266772270e-03 1.667902804911136627e-02 5.019342899322509766e-02 1.692785695195198059e-02 5.727917701005935669e-02 3.906403202563524246e-03 1.973351091146469116e-02 1.822287961840629578e-02 1.190159749239683151e-02 1.289014611393213272e-02 2.788874553516507149e-03 1.952703227289021015e-03 2.559055760502815247e-02 1.442610193043947220e-02 1.818149164319038391e-02 1.710664108395576477e-02 1.663294248282909393e-02 6.003965623676776886e-03 2.274880185723304749e-02 1.699954154901206493e-03 1.003609783947467804e-02 9.048396721482276917e-03 2.230562036857008934e-03 6.623501889407634735e-03 1.130670122802257538e-02 1.331879408098757267e-03 1.509063411504030228e-02 4.093360621482133865e-03
2.863238332793116570e-03 3.592404071241617203e-03 5.052250623703002930e-02 1.381282322108745575e-02 1.106509473174810410e-02 1.196890044957399368e-02 1.447252463549375534e-02 8.343513607978820801e-01 3.307876642793416977e-03 1.255863439291715622e-02 6.841534050181508064e-04 4.164270590990781784e-03 1.028916426002979279e-02 7.899944670498371124e-03 4.847138747572898865e-02 1.621182076632976532e-02 2.698102965950965881e-02 1.322345063090324402e-02 7.459982763975858688e-03 7.410498335957527161e-03 1.599164493381977081e-02 3.398966044187545776e-02 2.107824757695198059e-02 1.173594687134027481e-02 8.436531759798526764e-03 2.206068485975265503e-02 3.905561566352844238e-02 2.571494132280349731e-02 6.903586443513631821e-03 3.104132227599620819e-02 2.107220934703946114e-03 6.900981534272432327e-03 2.238030731678009033e-02 1.700791157782077789e-02 3.042488545179367065e-02 1.259614061564207077e-02 2.006422914564609528e-02 5.459739640355110168e-02 1.072573103010654449e-02 2.754534967243671417e-02 5.807590857148170471e-02 6.266973796300590038e-04 7.605966180562973022e-03 4.083257168531417847e-02 5.262837279587984085e-03 7.944959215819835663e-03 1.904279738664627075e-02 1.264227274805307388e-02 3.218937898054718971e-03 3.799446392804384232e-03 6.262128707021474838e-03 5.728038959205150604e-03 1.350298896431922913e-02 2.548357285559177399e-02 8.642924949526786804e-03 2.081269770860671997e-02 5.606373772025108337e-03 1.758638769388198853e-02 1.571117714047431946e-02 2.377386763691902161e-02 3.534877439960837364e-03 1.777915656566619873e-02 2.269621565937995911e-02 2.111144177615642548e-02 9.689054451882839203e-03 1.758691295981407166e-02 4.161964170634746552e-03 8.286733180284500122e-03 1.065486203879117966e-02 7.553989533334970474e-03 3.022830747067928314e-02 3.252939507365226746e-02 7.048584666335955262e-05 1.186398509889841080e-02 2.441705763339996338e-02 3.710266575217247009e-02 1.130122505128383636e-02 1.773341000080108643e-02 3.398123895749449730e-03 1.175206806510686874e-02 4.925216734409332275e-02 3.838608413934707642e-02 1.622630469501018524e-02 1.831659860908985138e-02 2.232002560049295425e-03 3.225644584745168686e-03 4.253885895013809204e-02 4.280959442257881165e-02 5.265300627797842026e-03 6.881443783640861511e-03 1.475171186029911041e-02 1.264442317187786102e-02 5.786051042377948761e-03 4.603745043277740479e-02 4.013289231806993484e-03 1.513627450913190842e-02 5.209657829254865646e-03 2.458172664046287537e-02 9.590759145794436336e-05 4.171496722847223282e-03 3.934569540433585644e-04 2.164559625089168549e-02 1.484884321689605713e-02 3.062877804040908813e-02 1.296785846352577209e-02 2.148685790598392487e-02 2.363219624385237694e-03 1.159557513892650604e-02 1.805811747908592224e-02 1.854866743087768555e-02 1.683753542602062225e-02 2.595413289964199066e-02 3.007716732099652290e-03 7.236519362777471542e-03 4.728556144982576370e-03 2.688132040202617645e-02
1.657921075820922852e-02 9.957222267985343933e-03 8.510120213031768799e-03 2.354984730482101440e-02 4.193519242107868195e-03 2.665659040212631226e-02 2.294385060667991638e-02 3.307876642793416977e-03 8.343513607978820801e-01 3.386915475130081177e-02 1.642962545156478882e-02 3.531996160745620728e-02 1.851348020136356354e-02 2.522734925150871277e-02 1.252727024257183075e-02 3.682627901434898376e-02 1.852792501449584961e-02 1.496944110840559006e-02 5.327296908944845200e-03 1.124115288257598877e-02 2.155398949980735779e-03 4.507455509155988693e-03 3.785931318998336792e-02 2.698883041739463806e-02 9.727858006954193115e-03 1.131123583763837814e-02 6.954187992960214615e-03 7.258239202201366425e-03 2.163072116672992706e-02 3.245284024160355330e-04 2.370175905525684357e-02 2.091514691710472107e-02 8.672703057527542114e-03 2.296426100656390190e-03 1.362341642379760742e-02 2.445347979664802551e-02 1.191298384219408035e-02 1.162912813015282154e-03 2.594241499900817871e-02 1.726640388369560242e-02 5.712690763175487518e-03 3.751296177506446838e-02 5.338937044143676758e-04 5.642177537083625793e-03 3.293164819478988647e-02 1.942352764308452606e-02 1.673197746276855469e-02 2.254815958440303802e-02 2.569606341421604156e-02 5.798149388283491135e-03 2.928045019507408142e-02 2.974870428442955017e-02 7.901264354586601257e-03 6.625211331993341446e-03 4.052408412098884583e-02 1.041692309081554413e-02 1.850947551429271698e-02 1.804101467132568359e-02 2.359836827963590622e-03 3.381613641977310181e-03 6.033822894096374512e-03 1.122761168517172337e-03 1.375975646078586578e-02 1.496068574488162994e-02 1.321048196405172348e-02 1.243665628135204315e-02 6.881813053041696548e-03 7.825703360140323639e-03 3.741307929158210754e-02 5.732116289436817169e-03 1.379139162600040436e-02 1.204538275487720966e-03 1.669280603528022766e-02 1.055949367582798004e-02 1.077056583017110825e-02 4.951581358909606934e-03 6.869404762983322144e-02 3.405192866921424866e-02 3.880043700337409973e-02 2.059639431536197662e-02 4.177901893854141235e-03 9.877744130790233612e-03 3.683209419250488281e-02 1.460034586489200592e-02 5.289323627948760986e-03 2.703041536733508110e-03 6.319554522633552551e-03 5.474983714520931244e-03 2.344052307307720184e-02 2.651061490178108215e-02 2.157215960323810577e-02 8.345333859324455261e-03 2.397669665515422821e-02 1.232325937598943710e-02 3.124513477087020874e-02 2.710270695388317108e-02 2.545063151046633720e-03 2.021486125886440277e-02 2.648370154201984406e-02 1.373771671205759048e-02 2.365613728761672974e-02 2.654192410409450531e-02 3.465682268142700195e-03 1.063883304595947266e-02 1.837730221450328827e-02 3.088464261963963509e-03 2.818537876009941101e-02 1.194864604622125626e-02 2.690555527806282043e-02 8.066250942647457123e-03 1.119926292449235916e-02 2.485429681837558746e-02 2.005232125520706177e-02 1.273593166843056679e-03 6.436740048229694366e-03 3.727758303284645081e-03
2.300341427326202393e-02 1.841194182634353638e-02 1.095881126821041107e-02 2.633070980664342642e-04 6.106358021497726440e-03 2.157173678278923035e-02 2.523219957947731018e-02 1.255863439291715622e-02 3.386915475130081177e-02 8.343513607978820801e-01 2.366832457482814789e-02 1.543105486780405045e-02 2.236876264214515686e-02 2.126751653850078583e-02 5.095715168863534927e-03 6.635464727878570557e-03 3.648122027516365051e-02 1.849949173629283905e-02 1.766379107721149921e-03 1.101555302739143372e-02 4.025869071483612061e-03 1.615824550390243530e-02 7.509426213800907135e-03 2.455111593008041382e-02 6.298553664237260818e-03 1.482820417732000351e-02 2.023027464747428894e-02 1.680589281022548676e-03 1.705501973628997803e-02 3.518969053402543068e-03 2.068463340401649475e-02 8.663347922265529633e-03 2.531640417873859406e-02 1.429424621164798737e-02 1.304369233548641205e-02 1.119596138596534729e-02 1.281565427780151367e-02 1.591539010405540466e-02 1.125119253993034363e-02 1.911757700145244598e-02 1.305279321968555450e-02 2.730477042496204376e-02 1.871153898537158966e-02 1.249027205631136894e-03 3.513163328170776367e-02 3.549734503030776978e-02 2.477862127125263214e-02 2.948989905416965485e-02 2.104028873145580292e-02 4.793553426861763000e-02 3.066539764404296875e-03 1.010382454842329025e-02 3.140392946079373360e-03 4.161850549280643463e-03 2.975814975798130035e-02 2.315075695514678955e-02 3.117866814136505127e-03 1.456983946263790131e-02 6.720989476889371872e-03 3.254726296290755272e-03 3.429603949189186096e-02 1.806526817381381989e-02 3.993160277605056763e-02 1.911875791847705841e-02 6.286494433879852295e-03 1.889653038233518600e-03 2.965040039271116257e-03 7.555562071502208710e-03 7.201308384537696838e-03 2.008266188204288483e-02 2.007923461496829987e-02 1.400744635611772537e-02 2.120157703757286072e-02 2.168457210063934326e-02 3.014974296092987061e-03 4.704518243670463562e-03 2.321787178516387939e-02 5.269677191972732544e-02 2.837878651916980743e-02 3.935790434479713440e-02 5.403727758675813675e-03 1.877351198345422745e-03 1.386670861393213272e-03 1.168033387511968613e-02 1.141461078077554703e-02 2.951009012758731842e-02 7.072708569467067719e-03 1.203365856781601906e-03 1.590863615274429321e-02 2.970875985920429230e-02 2.311937510967254639e-02 1.082077529281377792e-02 2.753770910203456879e-02 6.940749473869800568e-03 1.713199168443679810e-02 4.155322164297103882e-02 1.619849703274667263e-03 1.131745707243680954e-02 2.341345883905887604e-02 2.145466208457946777e-02 2.288509905338287354e-02 2.675616927444934845e-02 4.476770758628845215e-03 1.206924114376306534e-02 1.044634729623794556e-02 1.239110343158245087e-02 1.129657682031393051e-02 1.056821923702955246e-02 1.795316487550735474e-02 5.921005271375179291e-03 4.263402894139289856e-03 1.863462664186954498e-02 2.050150744616985321e-02 5.476488731801509857e-03 1.914652064442634583e-02 1.746416091918945312e-03
6.472301483154296875e-02 6.635660678148269653e-02 1.506180036813020706e-02 1.479698624461889267e-02 5.897249560803174973e-03 4.807168990373611450e-02 5.321946367621421814e-02 6.841534050181508064e-04 1.642962545156478882e-02 2.366832457482814789e-02 8.343513607978820801e-01 3.247497603297233582e-02 6.613720208406448364e-02 3.225224092602729797e-02 2.676896192133426666e-02 1.163756009191274643e-02 1.236365921795368195e-02 7.817821577191352844e-03 1.578112016431987286e-03 1.417242363095283508e-02 3.967122174799442291e-03 2.680483274161815643e-02 3.435164981056004763e-04 5.918471724726259708e-04 2.993508242070674896e-03 1.367803011089563370e-02 1.286667678505182266e-02 8.365537039935588837e-03 3.493317216634750366e-02 5.635938607156276703e-03 3.784999996423721313e-02 9.836850687861442566e-03 7.876559160649776459e-03 1.548299752175807953e-02 5.274631548672914505e-03 2.579095587134361267e-02 1.214548386633396149e-02 1.242417655885219574e-02 1.605273596942424774e-02 2.370877657085657120e-03 7.618156261742115021e-03 3.396439133211970329e-03 1.655523665249347687e-02 4.732348490506410599e-03 2.497956715524196625e-02 2.911022119224071503e-02 4.859476163983345032e-02 4.242233932018280029e-02 1.532107219099998474e-02 1.928661251440644264e-03 1.054196339100599289e-02 1.049699448049068451e-02 4.091244563460350037e-02 2.053367346525192261e-02 1.935702189803123474e-02 3.285582177340984344e-03 5.591466091573238373e-03 1.315235346555709839e-02 2.851321175694465637e-02 2.005182951688766479e-02 1.227763388305902481e-02 5.636557005345821381e-03 2.405130304396152496e-02 1.699930429458618164e-02 4.967373609542846680e-02 2.444595284759998322e-02 9.264999069273471832e-03 5.680685397237539291e-03 7.618041709065437317e-03 6.725704297423362732e-03 9.227647446095943451e-03 1.822873018682003021e-02 1.014055334962904453e-03 5.638858769088983536e-03 6.472947075963020325e-03 1.229006052017211914e-02 6.159149575978517532e-03 2.330672927200794220e-03 1.346469949930906296e-02 1.019897684454917908e-02 1.335607282817363739e-02 8.039863780140876770e-03 6.211535539478063583e-03 4.564501345157623291e-03 1.600424293428659439e-03 1.267170533537864685e-03 1.718060672283172607e-02 1.811500638723373413e-02 8.256023749709129333e-03 2.638695295900106430e-04 3.305022791028022766e-02 2.360244281589984894e-02 4.222670570015907288e-02 4.699790384620428085e-03 1.014536619186401367e-02 1.642803475260734558e-02 1.046764478087425232e-02 1.837048865854740143e-02 8.586705662310123444e-03 1.276917196810245514e-02 1.558304764330387115e-02 1.055797282606363297e-02 2.322790957987308502e-02 2.009641565382480621e-02 2.686836011707782745e-02 1.283702347427606583e-02 2.073770388960838318e-02 5.459303501993417740e-03 9.745338000357151031e-03 1.564554171636700630e-03 3.301179502159357071e-03 2.585949143394827843e-03 8.540870621800422668e-03 2.219405397772789001e-02 1.335331890732049942e-02 4.425738938152790070e-03
3.590274974703788757e-02 3.643148764967918396e-02 9.189647622406482697e-03 2.286675199866294861e-02 4.557766485959291458e-03 4.233144968748092651e-02 4.415217414498329163e-02 4.164270590990781784e-03 3.531996160745620728e-02 1.543105486780405045e-02 3.247497603297233582e-02 8.343513607978820801e-01 3.484906628727912903e-02 8.151575922966003418e-02 1.630441471934318542e-02 2.651535160839557648e-02 1.933786645531654358e-02 1.679669949226081371e-03 3.237586235627532005e-03 4.950433038175106049e-03 4.363779444247484207e-04 1.852149702608585358e-02 3.977508097887039185e-02 2.812557853758335114e-02 1.676173415035009384e-03 1.215855963528156281e-02 4.035400634165853262e-04 5.777506530284881592e-02 1.241540536284446716e-02 4.632607474923133850e-02 8.528397418558597565e-03 4.938596248393878341e-05 1.463743764907121658e-02 7.055732887238264084e-03 1.170528773218393326e-02 1.210534851998090744e-02 2.733196364715695381e-03 4.943259060382843018e-03 1.045293640345335007e-02 5.556151736527681351e-03 1.074956636875867844e-02 1.014252658933401108e-02 1.669168472290039062e-02 3.722801106050610542e-03 4.576420038938522339e-02 3.723383694887161255e-02 3.385890275239944458e-02 3.972436115145683289e-02 1.243759039789438248e-02 3.813024610280990601e-03 1.196859031915664673e-02 2.214638702571392059e-02 1.800072565674781799e-02 6.197086069732904434e-03 1.833716966211795807e-02 1.040172670036554337e-02 1.667735166847705841e-02 1.479592826217412949e-02 1.185087859630584717e-02 8.883589878678321838e-03 3.249194007366895676e-03 9.287723340094089508e-03 8.364330977201461792e-03 2.218553796410560608e-03 2.313248813152313232e-02 1.001188624650239944e-02 8.243802003562450409e-03 6.169991684146225452e-04 1.247458439320325851e-02 1.445779576897621155e-02 4.669678397476673126e-03 3.600418800488114357e-03 1.963170431554317474e-02 1.443568989634513855e-02 1.301817968487739563e-02 1.380826812237501144e-03 2.944020368158817291e-02 2.241269126534461975e-02 4.696951806545257568e-02 2.318838238716125488e-02 5.877506453543901443e-03 5.880032666027545929e-03 7.680651266127824783e-03 1.583432196639478207e-03 4.665167536586523056e-03 8.369136601686477661e-03 4.405523068271577358e-04 5.855627823621034622e-03 5.024038627743721008e-02 5.368787795305252075e-02 2.958807162940502167e-02 3.890295192832127213e-05 4.361628741025924683e-02 5.604163277894258499e-03 1.723120734095573425e-02 1.374757103621959686e-02 1.486016344279050827e-02 6.466867402195930481e-03 9.124762378633022308e-03 1.327056530863046646e-02 1.568077877163887024e-02 4.773635882884263992e-03 1.570884883403778076e-02 3.650006139650940895e-03 2.969573717564344406e-03 2.528262091800570488e-03 1.509794965386390686e-02 4.527558572590351105e-03 3.070789622142910957e-03 6.705812178552150726e-03 7.360316812992095947e-03 1.065889094024896622e-02 5.560446064919233322e-03 8.687566034495830536e-03 3.372728126123547554e-03 8.972120122052729130e-04
5.212918668985366821e-02 6.769836694002151489e-02 1.580605097115039825e-02 7.819805294275283813e-03 8.621717803180217743e-03 4.317178949713706970e-02 4.472517967224121094e-02 1.028916426002979279e-02 1.851348020136356354e-02 2.236876264214515686e-02 6.613720208406448364e-02 3.484906628727912903e-02 8.343513607978820801e-01 3.589057549834251404e-02 3.312294930219650269e-02 1.422609388828277588e-02 1.568904705345630646e-02 4.681625869125127792e-03 8.956302888691425323e-03 7.786447895341552794e-06 2.731064741965383291e-04 4.385560750961303711e-02 9.331448003649711609e-03 7.742400281131267548e-03 8.028188720345497131e-03 1.530371420085430145e-02 2.231121994554996490e-02 1.358819473534822464e-02 2.733954600989818573e-02 1.590408198535442352e-02 4.383503645658493042e-02 1.258241944015026093e-02 4.544502124190330505e-03 7.468863390386104584e-03 1.176627539098262787e-02 2.477009594440460205e-02 1.638681255280971527e-02 1.573198288679122925e-02 1.722577400505542755e-02 5.260189529508352280e-03 1.035636756569147110e-02 6.395004689693450928e-03 1.904423348605632782e-02 4.716543946415185928e-03 2.508665248751640320e-02 2.769729122519493103e-02 4.027418419718742371e-02 3.899418190121650696e-02 1.875683665275573730e-02 2.803988754749298096e-03 4.908647853881120682e-03 1.253762841224670410e-02 3.036444261670112610e-02 1.877853274345397949e-02 1.903019472956657410e-02 1.487384550273418427e-02 1.040566596202552319e-03 1.687888056039810181e-02 2.107276767492294312e-02 1.638761535286903381e-02 3.251517191529273987e-03 6.550937541760504246e-04 2.223783172667026520e-02 2.254560589790344238e-02 4.647947847843170166e-02 2.811778336763381958e-02 4.933848977088928223e-03 6.728271488100290298e-03 1.475220196880400181e-04 1.647300273180007935e-02 3.141276771202683449e-03 1.512776035815477371e-02 4.328481372795067728e-05 2.429425343871116638e-02 4.738796036690473557e-03 3.000371623784303665e-03 1.467888802289962769e-02 1.001257263123989105e-02 1.661641150712966919e-02 1.020895224064588547e-02 1.648979447782039642e-02 1.934015750885009766e-02 5.337699316442012787e-03 8.844358962960541248e-04 6.912713870406150818e-04 3.856378374621272087e-03 1.958515681326389313e-02 3.259234875440597534e-02 4.843167029321193695e-03 4.610614385455846786e-03 2.778904698789119720e-02 1.523559540510177612e-02 4.211768507957458496e-02 2.239189483225345612e-02 1.618302054703235626e-02 2.450514957308769226e-02 1.641052961349487305e-02 2.165201120078563690e-03 6.630272604525089264e-03 1.904156431555747986e-02 1.841101236641407013e-02 1.785635389387607574e-02 5.974493920803070068e-03 6.220649462193250656e-03 2.476003207266330719e-02 1.543231494724750519e-02 2.238587662577629089e-02 3.544003004208207130e-03 1.591822691261768341e-02 1.114079169929027557e-02 4.797057248651981354e-03 1.477460260502994061e-03 6.814239895902574062e-04 1.904820278286933899e-02 1.480263657867908478e-02 2.949451096355915070e-03
