8.297205567359924316e-01 9.313340485095977783e-02 4.968299996107816696e-03 1.117586623877286911e-02 1.346798613667488098e-03 5.108290538191795349e-02 4.671678692102432251e-02 4.683522041887044907e-03 5.971576552838087082e-03 9.205679409205913544e-03 6.352314352989196777e-02 2.678808942437171936e-02 5.281875655055046082e-02 2.876847237348556519e-02 3.605783684179186821e-03 1.303598005324602127e-02 1.527242548763751984e-02 7.478523533791303635e-03 1.754765957593917847e-02 1.777323149144649506e-02 1.697517745196819305e-02 1.149753946810960770e-02 2.112910617142915726e-03 6.885235663503408432e-03 1.867065206170082092e-02 1.195725612342357635e-02 7.355627138167619705e-03 3.453131997957825661e-03 2.044863067567348480e-02 8.389228954911231995e-03 1.960656791925430298e-02 1.069619692862033844e-02 2.354310825467109680e-02 2.038693614304065704e-02 2.221920900046825409e-02 3.294285014271736145e-02 3.668237850069999695e-02 8.292449638247489929e-03 1.686940528452396393e-02 8.165152743458747864e-03 2.709740307182073593e-03 1.334025990217924118e-02 1.440879981964826584e-02 4.809980280697345734e-03 8.072714321315288544e-03 4.618204664438962936e-03 5.418126285076141357e-02 2.035169862210750580e-02 1.494312286376953125e-02 1.800065045244991779e-03 1.578924618661403656e-02 3.235868737101554871e-02 2.187785226851701736e-03 7.430004887282848358e-03 5.295206326991319656e-03 3.131366567686200142e-03 3.453079238533973694e-02 1.193371694535017014e-02 6.875792518258094788e-03 3.810637863352894783e-03 4.596469458192586899e-03 2.875273115932941437e-03 2.592633850872516632e-02 1.813998632133007050e-02 6.041770800948143005e-03 2.314357832074165344e-02 9.444758296012878418e-03 1.007933821529150009e-02 1.399748306721448898e-02 5.970474798232316971e-03 3.670871024951338768e-03 1.801020582206547260e-03 1.177983824163675308e-03 8.364485576748847961e-03 9.451898746192455292e-03 7.779669482260942459e-03 1.619847316760569811e-04 1.354914251714944839e-02 9.803315624594688416e-03 4.249497782438993454e-03 1.090886653400957584e-03 1.098775770515203476e-02 3.926698584109544754e-03 2.843460824806243181e-04 1.656948775053024292e-02 1.063341088593006134e-02 2.103616483509540558e-03 5.873435293324291706e-05 2.397148869931697845e-02 1.028941757977008820e-02 2.516426611691713333e-03 1.850961707532405853e-02 1.332013960927724838e-02 1.748843677341938019e-02 1.381368935108184814e-02 1.492521725594997406e-02 1.608210243284702301e-02 6.387045141309499741e-03 2.014700695872306824e-02 2.346612326800823212e-02 6.182934739626944065e-04 3.402655478566884995e-03 2.436016499996185303e-02 1.657612062990665436e-02 7.444628281518816948e-04 3.808633191511034966e-03 7.404756732285022736e-03 2.666859328746795654e-02 9.573433198966085911e-04 4.760172683745622635e-03 8.346637710928916931e-03 2.170180343091487885e-02 4.682057071477174759e-03 5.576611030846834183e-03 9.240002371370792389e-03 2.214233390986919403e-03
9.313340485095977783e-02 8.297205567359924316e-01 1.292621996253728867e-02 4.241263028234243393e-03 4.318058490753173828e-03 4.541804268956184387e-02 4.167449474334716797e-02 2.038480888586491346e-04 3.751440905034542084e-03 7.052605040371417999e-03 4.962906613945960999e-02 1.682884246110916138e-02 5.456969141960144043e-02 1.481677591800689697e-02 1.676672138273715973e-03 1.429380290210247040e-02 1.409645285457372665e-02 6.997604854404926300e-03 1.617148146033287048e-02 1.213188399560749531e-03 1.301208604127168655e-02 1.985043846070766449e-02 5.653311032801866531e-03 1.114072743803262711e-02 1.400394737720489502e-02 5.144586786627769470e-03 1.910740509629249573e-02 4.962745588272809982e-03 9.444764815270900726e-03 7.287060376256704330e-03 1.012288616038858891e-03 1.630287058651447296e-02 2.451324835419654846e-02 2.076621167361736298e-02 1.257961243391036987e-02 3.354898840188980103e-02 3.254242613911628723e-02 1.778883673250675201e-02 5.701508373022079468e-03 7.849398534744977951e-04 1.351518649607896805e-02 1.924227364361286163e-02 2.989809401333332062e-02 1.669219322502613068e-02 3.650686703622341156e-03 1.704071089625358582e-02 4.509324952960014343e-02 2.084072679281234741e-02 1.430235151201486588e-02 9.006459149532020092e-04 1.940433681011199951e-02 1.993145793676376343e-02 2.045034896582365036e-03 9.831116534769535065e-03 6.234441418200731277e-03 2.297072438523173332e-03 2.405559271574020386e-02 2.639940008521080017e-03 3.256939584389328957e-03 2.254697028547525406e-03 1.206872425973415375e-02 3.302924800664186478e-03 2.304803580045700073e-02 1.471011340618133545e-02 2.192304469645023346e-03 1.807451061904430389e-02 1.717919483780860901e-02 1.895857974886894226e-02 1.006208918988704681e-02 4.943982698023319244e-03 1.304235868155956268e-02 1.246968517079949379e-03 1.607598736882209778e-02 9.113859385251998901e-03 3.115537390112876892e-02 1.260682474821805954e-03 3.795383381657302380e-04 1.997207477688789368e-02 1.642528455704450607e-03 2.429878339171409607e-03 8.128859102725982666e-03 7.920213043689727783e-03 4.698057658970355988e-03 1.035843743011355400e-03 1.160456519573926926e-02 6.039291620254516602e-04 1.514347502961754799e-03 5.178315332159399986e-04 1.749402657151222229e-02 7.721099071204662323e-03 9.931774809956550598e-03 2.240395173430442810e-02 5.223042797297239304e-03 1.889785565435886383e-02 1.967481337487697601e-02 2.387322299182415009e-02 1.268059108406305313e-02 5.991925019770860672e-03 2.765923179686069489e-02 2.707028388977050781e-02 1.097383350133895874e-02 2.037537842988967896e-02 2.032761648297309875e-02 2.398553490638732910e-02 1.151049695909023285e-02 2.575587248429656029e-03 1.494414918124675751e-02 1.129295770078897476e-02 1.665206812322139740e-02 1.350792008452117443e-03 1.467212662100791931e-02 8.940865285694599152e-03 2.237219177186489105e-02 9.269522503018379211e-03 1.635642373003065586e-03 7.774929050356149673e-03
4.968299996107816696e-03 1.292621996253728867e-02 8.297205567359924316e-01 1.275985152460634708e-03 1.109420042484998703e-02 1.775213517248630524e-02 1.802455075085163116e-02 5.252630263566970825e-02 1.771355979144573212e-02 4.010879993438720703e-02 2.142953872680664062e-02 1.434913720004260540e-03 1.972815953195095062e-02 9.811866329982876778e-04 3.040146455168724060e-02 4.420719109475612640e-03 1.543310843408107758e-02 1.069907192140817642e-02 2.851974777877330780e-02 1.711170375347137451e-02 6.277926731854677200e-03 2.079785242676734924e-02 1.330598723143339157e-02 1.317704934626817703e-02 1.610468886792659760e-02 8.890749886631965637e-03 1.828548498451709747e-02 1.381667889654636383e-02 1.799203804694116116e-03 1.310745440423488617e-02 1.381422509439289570e-03 2.149958722293376923e-02 1.468876563012599945e-02 6.304966751486063004e-03 2.935796976089477539e-03 2.421711571514606476e-02 2.245957031846046448e-02 2.986893989145755768e-02 1.126502174884080887e-02 2.724315272644162178e-03 3.806150704622268677e-02 3.267903579398989677e-03 2.015928504988551140e-03 4.195512831211090088e-02 4.992829635739326477e-03 1.078526861965656281e-02 1.011554710566997528e-02 8.309879340231418610e-03 1.296289451420307159e-02 2.334080263972282410e-02 1.380909141153097153e-02 1.379400677978992462e-02 2.545607462525367737e-02 2.320787869393825531e-02 8.078213781118392944e-03 2.888434752821922302e-02 9.873451665043830872e-03 7.670790422707796097e-03 2.529853954911231995e-02 1.514770556241273880e-02 9.253282099962234497e-03 1.965830475091934204e-02 1.898322254419326782e-02 1.725787110626697540e-02 2.115881443023681641e-02 2.592789195477962494e-02 2.817960269749164581e-02 1.132022868841886520e-02 3.511704504489898682e-03 6.600987631827592850e-03 1.341539714485406876e-02 2.551094861701130867e-03 8.366379886865615845e-03 7.959067821502685547e-03 7.595561910420656204e-03 4.266083706170320511e-03 2.998598152771592140e-03 2.380857244133949280e-02 1.363933179527521133e-02 3.649949654936790466e-02 5.556179583072662354e-02 5.116438120603561401e-02 1.186825055629014969e-02 1.201856695115566254e-02 3.224765136837959290e-02 4.066076595336198807e-03 3.735126554965972900e-02 3.853724896907806396e-02 9.067844599485397339e-03 3.028727881610393524e-02 7.130749989300966263e-03 2.048308961093425751e-02 3.971334081143140793e-03 1.816121302545070648e-02 2.852338552474975586e-02 2.208128385245800018e-02 1.223081815987825394e-02 2.234155498445034027e-02 2.938061021268367767e-02 2.951903827488422394e-02 2.429984509944915771e-02 2.415548078715801239e-02 1.818784512579441071e-02 2.098352834582328796e-02 2.014718204736709595e-02 1.954746060073375702e-02 1.912812143564224243e-02 1.374964788556098938e-02 1.549869496375322342e-02 8.555955253541469574e-03 9.398261085152626038e-03 5.383332725614309311e-03 2.094030566513538361e-02 1.877623237669467926e-02 2.527648117393255234e-03 6.723571103066205978e-03
1.117586623877286911e-02 4.241263028234243393e-03 1.275985152460634708e-03 8.297205567359924316e-01 7.779189944267272949e-02 9.608702734112739563e-03 7.502878084778785706e-03 1.722603221423923969e-03 9.266166947782039642e-03 1.507122535258531570e-02 1.399213727563619614e-02 2.213053964078426361e-02 6.492712069302797318e-03 1.540322788059711456e-02 9.517286904156208038e-03 1.385518070310354233e-02 5.088967271149158478e-03 2.714571170508861542e-02 1.877955161035060883e-02 7.604750804603099823e-03 1.022449880838394165e-02 4.161435645073652267e-03 9.134063497185707092e-03 4.809010308235883713e-03 1.062015350908041000e-02 1.380704157054424286e-02 2.819455973803997040e-02 3.108946792781352997e-02 1.432746415957808495e-03 2.493625134229660034e-02 8.901033550500869751e-03 5.908769089728593826e-03 3.374595567584037781e-02 1.960173482075333595e-03 2.520722523331642151e-02 8.188045583665370941e-03 4.884800873696804047e-03 1.063016802072525024e-02 3.283749520778656006e-02 4.015777632594108582e-02 1.763994432985782623e-02 1.509725674986839294e-02 8.419251069426536560e-03 8.637628518044948578e-03 7.782144472002983093e-03 1.263384986668825150e-02 2.529137302190065384e-03 2.879138046409934759e-04 3.106263931840658188e-03 8.393209427595138550e-03 1.102734357118606567e-02 1.749983802437782288e-02 4.786833189427852631e-03 1.009735930711030960e-02 1.161435339599847794e-02 3.029592335224151611e-03 5.466934293508529663e-03 2.698675263673067093e-03 9.946971200406551361e-03 9.062766097486019135e-03 3.221329674124717712e-02 2.819541469216346741e-02 4.002451896667480469e-02 2.904884144663810730e-02 9.344641119241714478e-03 2.458164095878601074e-02 6.337944418191909790e-03 8.104388834908604622e-04 1.894758082926273346e-02 2.312513999640941620e-02 1.754045113921165466e-02 4.066867381334304810e-02 5.801653861999511719e-02 2.413603290915489197e-02 2.783549018204212189e-02 3.409883752465248108e-02 2.416018582880496979e-02 4.385253123473376036e-04 1.000914163887500763e-02 2.514057978987693787e-02 2.895870245993137360e-03 1.612127944827079773e-02 5.663147941231727600e-02 1.940715359523892403e-03 4.434379749000072479e-03 6.699699442833662033e-03 6.806063000112771988e-03 1.517211273312568665e-02 2.171101514250040054e-03 1.168896257877349854e-02 1.883195154368877411e-02 7.372552528977394104e-03 1.026830077171325684e-02 5.974304513074457645e-04 4.340712912380695343e-03 6.131593603640794754e-03 1.176723744720220566e-02 7.897817995399236679e-04 2.499080728739500046e-03 1.423229114152491093e-03 4.319797269999980927e-03 9.135031141340732574e-03 2.627166546881198883e-02 1.454056706279516220e-02 5.425991956144571304e-03 1.725456118583679199e-02 2.153014298528432846e-03 2.484065853059291840e-02 4.743446130305528641e-03 2.238163352012634277e-02 3.086571767926216125e-02 2.327628806233406067e-02 3.019776009023189545e-02 8.160157129168510437e-03 2.872942201793193817e-02 3.549222648143768311e-02
1.346798613667488098e-03 4.318058490753173828e-03 1.109420042484998703e-02 7.779189944267272949e-02 8.297205567359924316e-01 1.447105221450328827e-02 8.912311866879463196e-03 5.907383281737565994e-03 3.664996707811951637e-03 9.694732725620269775e-03 3.259623190388083458e-03 9.203542955219745636e-03 1.631453982554376125e-03 1.524164713919162750e-02 1.023370423354208469e-03 2.426109090447425842e-02 2.627685666084289551e-02 2.852080762386322021e-02 9.580101323081180453e-05 3.775108052650466561e-05 4.719813354313373566e-03 1.253169868141412735e-02 4.374664276838302612e-04 1.878047361969947815e-03 4.303070716559886932e-03 1.467553805559873581e-02 3.585204947739839554e-03 3.125949203968048096e-02 7.600854150950908661e-04 3.493392840027809143e-02 1.151667069643735886e-02 5.859645083546638489e-03 2.798477560281753540e-02 3.126532305032014847e-03 3.095342032611370087e-02 3.817155258730053902e-03 1.785945962183177471e-03 3.420697059482336044e-03 3.724405169486999512e-02 4.902100935578346252e-02 4.107812419533729553e-03 2.037028223276138306e-02 1.306941732764244080e-02 7.838331162929534912e-03 3.546630963683128357e-03 1.923205703496932983e-02 1.534132845699787140e-02 5.729133728891611099e-03 5.903031211346387863e-03 1.414905209094285965e-02 3.295987378805875778e-03 8.688298985362052917e-03 1.004883926361799240e-02 2.256606239825487137e-03 1.568800397217273712e-02 1.989442482590675354e-02 1.316567510366439819e-02 1.095312461256980896e-02 3.038298571482300758e-03 1.597172929905354977e-03 3.787042200565338135e-02 5.236317217350006104e-02 2.552586421370506287e-02 2.414472401142120361e-02 1.483260421082377434e-03 1.392213441431522369e-02 1.453074440360069275e-02 1.387078687548637390e-02 1.535317022353410721e-02 1.654442027211189270e-02 3.427466377615928650e-02 1.921639405190944672e-02 4.164589941501617432e-02 1.784690655767917633e-02 4.379151389002799988e-02 1.691251248121261597e-02 1.098801940679550171e-02 2.058714069426059723e-02 1.183922775089740753e-02 6.105698412284255028e-04 8.386587724089622498e-03 4.944726824760437012e-03 5.339757725596427917e-02 2.434332296252250671e-02 1.558698900043964386e-02 1.198456343263387680e-02 5.127414595335721970e-03 7.103994023054838181e-03 4.790177568793296814e-03 7.293787784874439240e-03 2.111724950373172760e-02 1.751781627535820007e-02 6.357550155371427536e-03 1.320459134876728058e-02 9.308402426540851593e-03 6.163944024592638016e-03 4.215645603835582733e-03 1.133492495864629745e-02 1.860704645514488220e-02 9.860880672931671143e-03 6.598476786166429520e-03 5.493965465575456619e-03 9.666467085480690002e-03 3.908382263034582138e-03 8.264188654720783234e-03 1.225211750715970993e-02 6.077759899199008942e-03 1.111069414764642715e-02 3.488728776574134827e-03 3.666481748223304749e-02 1.872923783957958221e-02 1.618958078324794769e-02 3.509896993637084961e-02 4.995358176529407501e-03 3.376632928848266602e-02 3.788304328918457031e-02
5.108290538191795349e-02 4.541804268956184387e-02 1.775213517248630524e-02 9.608702734112739563e-03 1.447105221450328827e-02 8.297205567359924316e-01 8.016240596771240234e-02 2.606959827244281769e-02 2.286444418132305145e-02 2.176493220031261444e-02 1.956287957727909088e-02 1.150456164032220840e-02 6.206378806382417679e-03 7.619026582688093185e-03 3.324753418564796448e-02 3.427864611148834229e-02 3.407782316207885742e-02 7.476046681404113770e-03 4.895341116935014725e-03 1.060284860432147980e-02 4.773725289851427078e-03 1.127229072153568268e-02 2.807224541902542114e-02 2.674581296741962433e-02 3.227239241823554039e-03 2.687931992113590240e-03 7.865397259593009949e-03 2.233761362731456757e-02 2.013330720365047455e-02 2.095907181501388550e-02 2.099681086838245392e-02 6.502422504127025604e-03 4.554995335638523102e-03 1.289454568177461624e-02 9.460103698074817657e-03 2.144897822290658951e-03 1.314536295831203461e-02 2.264130488038063049e-02 2.520328760147094727e-02 3.096026927232742310e-02 1.088468823581933975e-02 3.091049566864967346e-02 3.390284255146980286e-02 3.104441100731492043e-03 4.399795085191726685e-03 1.478385366499423981e-02 7.546553760766983032e-02 5.547143146395683289e-02 2.182152308523654938e-02 1.091625820845365524e-02 1.370164752006530762e-02 2.218108437955379486e-02 1.566320285201072693e-02 1.284508034586906433e-02 1.994467526674270630e-02 1.357461046427488327e-02 1.364111527800559998e-02 2.407795935869216919e-02 1.315378118306398392e-02 1.019177585840225220e-02 3.400868445169180632e-04 1.384795084595680237e-02 1.982974121347069740e-03 1.066219527274370193e-03 2.095670998096466064e-02 8.722846396267414093e-03 1.422231364995241165e-02 8.873243816196918488e-03 8.574344217777252197e-03 9.379190392792224884e-03 1.498695928603410721e-02 2.221023291349411011e-02 1.565024815499782562e-02 2.997378353029489517e-03 1.265732944011688232e-02 1.876120083034038544e-02 7.416074513457715511e-04 5.644218996167182922e-03 6.878881715238094330e-03 5.718203610740602016e-04 2.007138542830944061e-02 2.275134995579719543e-02 2.264996618032455444e-02 9.313727729022502899e-03 1.385736372321844101e-02 1.672113873064517975e-02 2.412451431155204773e-02 2.323787100613117218e-02 2.390933921560645103e-03 6.902315188199281693e-03 1.910218596458435059e-02 1.225031167268753052e-02 9.908933192491531372e-03 1.209350582212209702e-02 1.080126781016588211e-02 7.017591968178749084e-03 1.003185845911502838e-02 5.581458564847707748e-03 1.520623918622732162e-02 1.793800666928291321e-02 7.072141859680414200e-03 2.741435309872031212e-04 4.188351798802614212e-03 3.299469593912363052e-03 3.403913229703903198e-03 6.781818345189094543e-03 1.130697317421436310e-02 1.177926920354366302e-02 4.245304502546787262e-03 1.346777845174074173e-02 3.221597522497177124e-03 1.150132040493190289e-03 1.211481727659702301e-02 4.138569813221693039e-03 1.695039309561252594e-02 2.661150880157947540e-02
4.671678692102432251e-02 4.167449474334716797e-02 1.802455075085163116e-02 7.502878084778785706e-03 8.912311866879463196e-03 8.016240596771240234e-02 8.297205567359924316e-01 2.281204052269458771e-02 1.924480311572551727e-02 2.429270558059215546e-02 2.476710639894008636e-02 8.561685681343078613e-03 1.333080697804689407e-02 9.835044620558619499e-04 3.470030799508094788e-02 3.794727101922035217e-02 3.008379414677619934e-02 6.800500210374593735e-03 6.267801392823457718e-03 4.241862334311008453e-04 1.742733875289559364e-04 1.734158769249916077e-02 2.584855444729328156e-02 2.200419083237648010e-02 8.027250878512859344e-03 7.881924510002136230e-03 1.250138040632009506e-02 2.530792355537414551e-02 1.832610927522182465e-02 2.456337958574295044e-02 1.441079657524824142e-02 1.184759661555290222e-02 2.948311390355229378e-03 1.167964376509189606e-02 1.082973927259445190e-02 4.190297331660985947e-03 1.451674941927194595e-02 2.671247720718383789e-02 3.938697651028633118e-02 3.433853015303611755e-02 7.365445606410503387e-03 1.822137460112571716e-02 2.979940362274646759e-02 1.584871904924511909e-03 5.858852528035640717e-03 1.239804551005363464e-02 8.078175038099288940e-02 6.782764941453933716e-02 1.735793426632881165e-02 1.251684967428445816e-02 4.167321138083934784e-03 1.340101379901170731e-02 1.319828536361455917e-02 1.355836447328329086e-02 1.222340296953916550e-02 1.055768784135580063e-02 1.799943298101425171e-02 2.936681360006332397e-02 1.286036986857652664e-02 1.056891493499279022e-02 4.158230032771825790e-03 7.380865048617124557e-03 6.045679401722736657e-05 1.323539530858397484e-03 1.450295187532901764e-02 1.411459175869822502e-03 1.417063921689987183e-02 1.157279964536428452e-02 1.494902186095714569e-03 1.204506400972604752e-02 4.041926003992557526e-03 1.531282719224691391e-02 2.334570884704589844e-02 9.434632956981658936e-03 1.715170219540596008e-02 1.597429253160953522e-02 2.536219777539372444e-03 1.517968345433473587e-02 3.594862064346671104e-03 4.431816283613443375e-03 2.414378710091114044e-02 2.417363971471786499e-02 2.653064392507076263e-02 1.125698070973157883e-02 1.314446981996297836e-02 2.096502110362052917e-02 3.136403858661651611e-02 2.800704166293144226e-02 1.390089280903339386e-03 4.166736267507076263e-03 2.912065200507640839e-02 4.436087328940629959e-03 2.462409995496273041e-02 1.545771118253469467e-02 1.842580735683441162e-02 1.488557551056146622e-02 1.510839792899787426e-03 9.911729954183101654e-03 9.692007675766944885e-03 1.887561753392219543e-02 1.833753287792205811e-02 7.755986880511045456e-03 1.360719185322523117e-02 8.715289644896984100e-03 4.728596191853284836e-03 4.290729295462369919e-03 1.474437210708856583e-02 1.006123702973127365e-02 1.784767955541610718e-03 7.740255445241928101e-03 8.669951930642127991e-03 3.663634182885289192e-03 1.603692211210727692e-02 4.410189576447010040e-03 7.872343994677066803e-03 2.789436466991901398e-02
4.683522041887044907e-03 2.038480888586491346e-04 5.252630263566970825e-02 1.722603221423923969e-03 5.907383281737565994e-03 2.606959827244281769e-02 2.281204052269458771e-02 8.297205567359924316e-01 1.104724872857332230e-02 1.970758661627769470e-02 2.065234817564487457e-03 4.281628411263227463e-03 1.147254649549722672e-02 5.235599237494170666e-04 6.230085343122482300e-02 1.170558016747236252e-02 6.883398164063692093e-03 1.357562001794576645e-02 2.043935470283031464e-02 1.677838526666164398e-02 8.216645568609237671e-03 4.814645275473594666e-03 1.846639439463615417e-02 2.707356214523315430e-02 6.948822643607854843e-03 2.440428594127297401e-03 9.460709406994283199e-04 2.827572450041770935e-02 1.484205760061740875e-02 1.942886784672737122e-02 3.773561911657452583e-03 2.051150426268577576e-02 1.418245118111371994e-02 4.104553721845149994e-03 4.241704475134611130e-03 2.948314324021339417e-02 2.308509126305580139e-02 1.675275899469852448e-02 1.481880154460668564e-02 1.489693392068147659e-02 1.799494400620460510e-02 4.772548854816704988e-04 3.202329855412244797e-03 8.110010996460914612e-03 1.300140004605054855e-02 7.779088336974382401e-03 2.080827020108699799e-02 2.137681096792221069e-02 8.250846527516841888e-03 9.059191681444644928e-03 1.100163068622350693e-02 4.993682727217674255e-03 2.185139060020446777e-02 1.025487855076789856e-02 3.197605721652507782e-03 1.458042394369840622e-02 1.190388761460781097e-02 1.119940914213657379e-02 2.063561975955963135e-02 4.443010315299034119e-03 1.021664030849933624e-02 9.204532951116561890e-03 2.124896645545959473e-02 8.144104853272438049e-03 2.141871675848960876e-02 1.778688654303550720e-02 1.312427874654531479e-02 5.181569722481071949e-04 7.768612354993820190e-03 6.234440021216869354e-03 1.894560293294489384e-03 1.280059106647968292e-02 6.737719755619764328e-03 9.817621903494000435e-04 3.202059306204319000e-03 1.134065072983503342e-02 1.054795552045106888e-02 4.227708093822002411e-03 6.808890961110591888e-03 5.120005924254655838e-03 6.727114319801330566e-02 4.170540347695350647e-02 1.523406151682138443e-02 6.179736927151679993e-03 1.211102772504091263e-02 8.896565996110439301e-03 5.614930018782615662e-02 4.887728765606880188e-02 3.099238267168402672e-03 1.405474264174699783e-02 1.170477177947759628e-02 9.571168571710586548e-03 5.855964962393045425e-03 1.630979962646961212e-02 3.366786614060401917e-02 2.518346160650253296e-02 1.904997276142239571e-03 1.374310255050659180e-02 1.852324046194553375e-02 2.133784256875514984e-02 1.862313412129878998e-02 1.966561004519462585e-02 9.983265772461891174e-03 1.657150872051715851e-02 1.005309820175170898e-02 6.330084986984729767e-03 3.164644911885261536e-02 1.753372140228748322e-02 1.937277615070343018e-02 3.969412297010421753e-03 1.073515042662620544e-02 1.197998039424419403e-02 1.226441655308008194e-02 1.657046377658843994e-02 3.448186907917261124e-03 1.591778360307216644e-02
5.971576552838087082e-03 3.751440905034542084e-03 1.771355979144573212e-02 9.266166947782039642e-03 3.664996707811951637e-03 2.286444418132305145e-02 1.924480311572551727e-02 1.104724872857332230e-02 8.297205567359924316e-01 4.045757651329040527e-02 1.902483962476253510e-02 3.091943822801113129e-02 2.237242087721824646e-02 9.516653604805469513e-03 1.698700524866580963e-02 3.382808715105056763e-02 1.691954210400581360e-02 4.248737916350364685e-02 1.542698685079813004e-02 1.182854641228914261e-02 1.114914775826036930e-03 2.259172871708869934e-02 5.079089198261499405e-03 1.500398269854485989e-03 2.595397084951400757e-02 1.105956826359033585e-02 9.651463478803634644e-03 7.777697872370481491e-03 9.516217745840549469e-03 2.666178043000400066e-04 2.938120439648628235e-02 1.968528144061565399e-03 4.427900537848472595e-03 1.285624876618385315e-02 9.444599039852619171e-03 4.252082144375890493e-04 4.280799534171819687e-03 1.227186730829998851e-04 1.711734384298324585e-02 1.156296487897634506e-02 7.565161213278770447e-03 9.935028851032257080e-03 2.054866030812263489e-02 6.243332754820585251e-03 1.201949734240770340e-02 1.148269698023796082e-02 1.251455768942832947e-02 1.337497308850288391e-02 3.245963482186198235e-03 7.282627280801534653e-03 1.202283613383769989e-02 8.433197624981403351e-03 1.487894915044307709e-02 1.924745365977287292e-02 6.608804222196340561e-03 1.956965774297714233e-02 1.751121133565902710e-03 7.484433241188526154e-03 1.632386818528175354e-03 1.268981141038239002e-03 2.790793031454086304e-02 1.547362469136714935e-02 4.291092045605182648e-03 3.896481066476553679e-04 7.892911089584231377e-04 1.787773333489894867e-02 2.026065066456794739e-02 1.253134850412607193e-02 5.115715414285659790e-02 2.031587064266204834e-02 9.914201684296131134e-03 4.087743349373340607e-03 1.076952926814556122e-02 2.461707964539527893e-02 2.760493371170014143e-04 3.405259922146797180e-02 8.217954635620117188e-02 4.672214016318321228e-02 2.955124527215957642e-02 1.618645153939723969e-02 1.633124798536300659e-02 1.766899414360523224e-02 2.354770526289939880e-02 1.596703194081783295e-02 1.688604988157749176e-02 1.005896832793951035e-02 1.617127284407615662e-02 1.679808832705020905e-02 3.509259596467018127e-02 2.887218259274959564e-03 1.265473105013370514e-02 1.089670578949153423e-03 2.762334886938333511e-03 1.364981755614280701e-02 5.085144191980361938e-03 1.567539758980274200e-02 1.497933920472860336e-02 2.662278339266777039e-02 5.866962485015392303e-03 9.303457103669643402e-03 2.279105596244335175e-02 2.624686993658542633e-02 8.470275439321994781e-03 2.528771758079528809e-02 2.539679780602455139e-02 1.693391427397727966e-02 6.863373797386884689e-03 3.815639065578579903e-03 7.418997120112180710e-03 2.439373359084129333e-02 5.220433697104454041e-03 1.793616078794002533e-02 8.837372995913028717e-03 7.947424426674842834e-03 5.574947688728570938e-03 1.186649315059185028e-02
9.205679409205913544e-03 7.052605040371417999e-03 4.010879993438720703e-02 1.507122535258531570e-02 9.694732725620269775e-03 2.176493220031261444e-02 2.429270558059215546e-02 1.970758661627769470e-02 4.045757651329040527e-02 8.297205567359924316e-01 2.966359443962574005e-02 1.985646318644285202e-03 2.257107198238372803e-02 1.318414229899644852e-02 2.554064989089965820e-02 9.969227947294712067e-03 2.269154600799083710e-02 2.956797368824481964e-02 4.949550330638885498e-02 6.766675040125846863e-03 1.553690712898969650e-02 1.922729425132274628e-02 6.198898423463106155e-03 4.550612531602382660e-03 1.824918575584888458e-02 2.102073282003402710e-02 1.287067681550979614e-02 3.864183090627193451e-03 2.498048543930053711e-02 2.763698110356926918e-03 4.612006712704896927e-03 1.120415423065423965e-02 1.852114126086235046e-02 5.877806106582283974e-04 1.529450248926877975e-02 1.457744091749191284e-02 1.109942793846130371e-02 1.200693752616643906e-02 1.984005048871040344e-02 6.569749210029840469e-03 1.007330790162086487e-02 1.113509945571422577e-02 1.671065203845500946e-02 1.832574792206287384e-02 6.164265214465558529e-04 2.658318541944026947e-02 8.865079842507839203e-03 1.369363348931074142e-02 5.218522157520055771e-03 3.427326306700706482e-02 8.365989662706851959e-03 9.975923603633418679e-05 2.447114512324333191e-02 1.744622737169265747e-02 1.386512722820043564e-02 3.498394042253494263e-02 1.688746735453605652e-02 2.978905802592635155e-03 1.443587429821491241e-02 3.517016302794218063e-04 9.450332261621952057e-03 1.601350493729114532e-02 1.976596936583518982e-02 2.227311767637729645e-02 4.031314456369727850e-04 1.567489095032215118e-02 1.722119934856891632e-02 4.455842077732086182e-03 1.280009001493453979e-02 6.978927645832300186e-03 2.226398326456546783e-02 6.088061258196830750e-03 1.203885674476623535e-02 1.922767660289537162e-05 1.625164225697517395e-02 1.215791329741477966e-02 1.515496894717216492e-02 6.446470320224761963e-02 1.682966761291027069e-02 5.151484906673431396e-02 3.388208150863647461e-02 3.190904110670089722e-02 8.693004929227754474e-05 3.350834548473358154e-02 3.732414916157722473e-02 2.522091672290116549e-04 2.735115401446819305e-02 2.868967503309249878e-02 9.613609872758388519e-04 4.181436449289321899e-02 3.085619956254959106e-02 4.141120240092277527e-03 2.002118900418281555e-02 1.688153855502605438e-02 1.729879528284072876e-02 2.912273630499839783e-03 3.675427753478288651e-03 2.922830916941165924e-02 8.681117556989192963e-03 2.995101269334554672e-03 2.818815782666206360e-02 2.220255136489868164e-02 1.669060625135898590e-02 2.821291983127593994e-02 1.853118091821670532e-02 7.349995896220207214e-03 2.320748381316661835e-02 1.802502758800983429e-02 1.461988408118486404e-02 1.235222537070512772e-02 1.586408820003271103e-03 1.272465568035840988e-02 9.223992936313152313e-03 1.359074283391237259e-02 5.074843764305114746e-03 1.271548215299844742e-03
6.352314352989196777e-02 4.962906613945960999e-02 2.142953872680664062e-02 1.399213727563619614e-02 3.259623190388083458e-03 1.956287957727909088e-02 2.476710639894008636e-02 2.065234817564487457e-03 1.902483962476253510e-02 2.966359443962574005e-02 8.297205567359924316e-01 2.256449311971664429e-02 7.095641642808914185e-02 3.423250466585159302e-02 2.204869873821735382e-02 2.306899428367614746e-02 1.762180775403976440e-02 1.991987973451614380e-02 2.188082970678806305e-02 1.351156830787658691e-02 8.017392829060554504e-03 3.153873234987258911e-02 2.882312517613172531e-03 8.160632569342851639e-04 1.919811032712459564e-02 1.119574345648288727e-02 1.901607401669025421e-02 3.411370096728205681e-03 4.772795364260673523e-03 1.497434079647064209e-02 7.013153284788131714e-03 1.055465894751250744e-03 1.696359738707542419e-02 5.975954700261354446e-03 1.654417067766189575e-02 2.516379766166210175e-02 2.966608293354511261e-02 2.089921571314334869e-02 9.901415556669235229e-03 1.019380707293748856e-02 1.559733599424362183e-02 1.712746219709515572e-03 9.117871522903442383e-03 2.121442370116710663e-02 8.762139827013015747e-03 4.979582037776708603e-03 3.680677711963653564e-02 1.677352376282215118e-02 4.388421439216472208e-05 2.166995406150817871e-02 1.665849052369594574e-02 2.808262035250663757e-02 1.318365801125764847e-02 1.437694858759641647e-02 1.567284949123859406e-02 2.119084075093269348e-02 2.027048729360103607e-02 4.379813035484403372e-04 1.138088200241327286e-02 1.472957711666822433e-02 1.941777952015399933e-02 1.178571861237287521e-02 1.802191883325576782e-02 1.838281005620956421e-02 2.421478554606437683e-02 2.778753265738487244e-02 1.747301034629344940e-02 1.047762925736606121e-03 8.907732553780078888e-03 6.763069890439510345e-03 1.085476763546466827e-02 1.007667183876037598e-02 5.269022192806005478e-03 7.890547625720500946e-03 2.749467268586158752e-03 1.170327141880989075e-02 1.636054366827011108e-02 2.334626950323581696e-02 9.954277426004409790e-03 2.257618680596351624e-02 1.471001282334327698e-02 3.154260292649269104e-02 5.546231754124164581e-03 7.008054293692111969e-03 2.170674689114093781e-02 2.647547982633113861e-03 2.324523963034152985e-02 1.764092966914176941e-02 8.398290723562240601e-03 1.267902832478284836e-02 4.000455141067504883e-03 2.580475434660911560e-02 2.479812130331993103e-03 2.002169564366340637e-02 3.865315811708569527e-03 7.828971371054649353e-03 1.474969647824764252e-02 2.213424071669578552e-02 2.158103697001934052e-02 2.863730303943157196e-02 1.955195330083370209e-03 7.321689627133309841e-04 2.656120248138904572e-02 2.759161405265331268e-02 6.550090853124856949e-03 3.852539462968707085e-03 1.117255887947976589e-03 1.784340851008892059e-02 1.076308824121952057e-02 1.078687515109777451e-02 1.501084305346012115e-02 1.738517358899116516e-02 9.868985041975975037e-03 1.445554196834564209e-02 1.343835261650383472e-03 3.096733707934617996e-03
2.678808942437171936e-02 1.682884246110916138e-02 1.434913720004260540e-03 2.213053964078426361e-02 9.203542955219745636e-03 1.150456164032220840e-02 8.561685681343078613e-03 4.281628411263227463e-03 3.091943822801113129e-02 1.985646318644285202e-03 2.256449311971664429e-02 8.297205567359924316e-01 2.675112150609493256e-02 7.944754511117935181e-02 2.316345460712909698e-02 7.670733612030744553e-03 7.714236155152320862e-03 1.053349021822214127e-02 6.517298053950071335e-03 2.138244174420833588e-02 4.446900449693202972e-03 9.681257419288158417e-03 3.565076738595962524e-02 2.065938897430896759e-02 4.680532030761241913e-03 7.607632316648960114e-03 6.940251216292381287e-03 4.780358448624610901e-02 3.048816462978720665e-03 4.503946751356124878e-02 1.820516772568225861e-02 2.304397756233811378e-03 1.149586681276559830e-02 3.027805825695395470e-03 7.349049672484397888e-03 2.641784027218818665e-02 7.259223144501447678e-03 1.919615454971790314e-02 1.927243918180465698e-02 2.548306474636774510e-05 9.869078174233436584e-03 3.023948520421981812e-03 1.764645613729953766e-02 3.288311709184199572e-04 2.369211614131927490e-02 2.113931067287921906e-02 8.930808980949223042e-04 1.247923355549573898e-02 6.505210767500102520e-04 1.345772761851549149e-02 1.899223215878009796e-02 2.615359798073768616e-02 8.631709031760692596e-03 3.286107908934354782e-03 8.141186088323593140e-03 1.355877052992582321e-02 2.233590744435787201e-02 5.143603266333229840e-05 1.297583989799022675e-02 1.201294828206300735e-02 3.445221111178398132e-03 2.436732640489935875e-03 1.307750027626752853e-02 1.352830417454242706e-02 2.719239518046379089e-02 2.054387144744396210e-02 3.423028392717242241e-03 2.748972922563552856e-02 3.231825307011604309e-02 1.456157863140106201e-02 1.673742569983005524e-02 2.146581746637821198e-02 1.702344603836536407e-02 1.058563403785228729e-02 1.658101193606853485e-02 8.206489495933055878e-03 3.359107673168182373e-02 1.941082254052162170e-02 2.385087125003337860e-02 1.745440252125263214e-02 1.187553280033171177e-03 8.484275080263614655e-03 1.335714384913444519e-02 2.144458331167697906e-02 1.233673188835382462e-03 1.505046524107456207e-02 1.341219991445541382e-02 8.919457904994487762e-03 6.222965940833091736e-02 4.492259025573730469e-02 8.997282944619655609e-03 6.978150340728461742e-04 1.915584504604339600e-02 5.403472110629081726e-03 1.258116960525512695e-02 4.991672933101654053e-03 4.956628195941448212e-03 7.566369604319334030e-03 1.654827152378857136e-03 1.188645418733358383e-02 1.501178648322820663e-02 2.265581674873828888e-02 2.155319042503833771e-02 1.066325791180133820e-02 2.214436419308185577e-02 1.337564457207918167e-02 4.939486389048397541e-04 2.982214652001857758e-02 2.106097526848316193e-02 1.461563818156719208e-02 1.937178149819374084e-02 3.678114712238311768e-02 1.120555214583873749e-02 4.039949853904545307e-04 1.198141463100910187e-02 1.684481091797351837e-02
5.281875655055046082e-02 5.456969141960144043e-02 1.972815953195095062e-02 6.492712069302797318e-03 1.631453982554376125e-03 6.206378806382417679e-03 1.333080697804689407e-02 1.147254649549722672e-02 2.237242087721824646e-02 2.257107198238372803e-02 7.095641642808914185e-02 2.675112150609493256e-02 8.297205567359924316e-01 3.426210582256317139e-02 3.147768974304199219e-02 2.091110497713088989e-02 6.383705418556928635e-03 2.214981429278850555e-02 1.815101876854896545e-02 2.481259405612945557e-03 1.556583307683467865e-02 3.277110680937767029e-02 6.291000638157129288e-03 7.302063982933759689e-03 1.261157798580825329e-03 5.906861275434494019e-03 2.118667773902416229e-02 4.159756936132907867e-03 1.170005300082266331e-03 1.449281629174947739e-02 3.661420568823814392e-02 1.113579235970973969e-02 1.017515081912279129e-02 2.695510629564523697e-03 3.541613463312387466e-03 1.304646395146846771e-02 1.400633994489908218e-02 2.817633375525474548e-02 3.632016014307737350e-03 5.343446042388677597e-03 2.009071037173271179e-02 1.393835991621017456e-02 7.229194510728120804e-03 2.990971691906452179e-02 9.657464921474456787e-03 6.935980636626482010e-03 2.308604493737220764e-02 1.251254137605428696e-02 4.818216431885957718e-03 1.844285801053047180e-02 1.378860790282487869e-02 1.816049963235855103e-02 1.025590347126126289e-03 2.636662218719720840e-03 3.467385470867156982e-02 1.929453387856483459e-02 7.594206253997981548e-04 1.641643233597278595e-02 2.807130105793476105e-03 1.306225894950330257e-03 1.778721623122692108e-02 1.173343695700168610e-02 1.796535449102520943e-03 5.160474684089422226e-03 1.133764442056417465e-02 3.470436111092567444e-02 6.004727445542812347e-03 1.482974365353584290e-02 1.025520451366901398e-02 3.066537436097860336e-03 1.930275559425354004e-02 9.537710808217525482e-03 2.698879875242710114e-02 3.922549076378345490e-03 1.345336623489856720e-02 9.388171136379241943e-03 1.733848825097084045e-02 2.222814410924911499e-02 3.108735941350460052e-02 1.880402863025665283e-02 1.663895882666110992e-02 2.528329566121101379e-02 5.867708940058946609e-03 7.768716197460889816e-03 1.249564252793788910e-02 1.630080863833427429e-02 2.529221400618553162e-02 1.538409106433391571e-02 1.037327107042074203e-02 2.804512623697519302e-03 1.649559848010540009e-02 1.607672497630119324e-02 6.526411045342683792e-03 1.037507969886064529e-02 6.946402136236429214e-03 5.230014212429523468e-03 1.671588863246142864e-03 1.585740223526954651e-02 1.468458957970142365e-02 1.951511763036251068e-02 1.613255031406879425e-02 1.185565441846847534e-02 1.273183431476354599e-02 2.034748159348964691e-02 3.127220086753368378e-03 2.080915495753288269e-02 8.572205901145935059e-03 1.759096630848944187e-03 2.419398911297321320e-02 5.455295089632272720e-03 7.730861194431781769e-03 9.135263040661811829e-03 6.385745946317911148e-03 3.615546040236949921e-03 9.971637278795242310e-03 1.430049352347850800e-02
