8.387390971183776855e-01 6.147526204586029053e-02 1.096093934029340744e-02 2.973088622093200684e-02 2.459879405796527863e-02 5.825773254036903381e-02 4.392895102500915527e-02 9.621363133192062378e-03 1.061804685741662979e-02 1.807526312768459320e-02 5.196930468082427979e-02 8.517585694789886475e-03 3.803740441799163818e-02 6.663057953119277954e-03 4.160988703370094299e-02 8.694474585354328156e-03 3.146510338410735130e-03 1.922905445098876953e-02 1.209664810448884964e-02 3.210116922855377197e-02 2.977215684950351715e-02 4.591494798660278320e-02 1.345243491232395172e-02 1.606463268399238586e-02 2.733276039361953735e-02 1.777853071689605713e-02 3.505228832364082336e-02 1.162362191826105118e-02 2.778881043195724487e-02 4.234428051859140396e-03 1.308243535459041595e-02 9.341074153780937195e-03 1.497546210885047913e-02 6.129030138254165649e-03 1.484038680791854858e-02 2.146222628653049469e-02 1.067300979048013687e-02 3.262825310230255127e-02 2.213557716459035873e-03 1.596454414539039135e-03 5.835570394992828369e-03 1.733331568539142609e-02 7.761289365589618683e-03 3.771450370550155640e-03 1.052681449800729752e-02 7.393849082291126251e-03 4.405668750405311584e-02 2.398583292961120605e-02 6.723770406097173691e-03 1.761744846589863300e-03 1.616851240396499634e-02 1.395496912300586700e-02 2.206748723983764648e-02 2.261748909950256348e-02 4.498497117310762405e-03 1.133913919329643250e-02 6.242679897695779800e-03 6.691362941637635231e-04 1.556771993637084961e-02 1.676972396671772003e-02 9.389024344272911549e-04 1.299998490139842033e-03 7.718886714428663254e-03 9.382621385157108307e-03 2.280353941023349762e-02 1.758118532598018646e-02 2.456134371459484100e-02 1.714216358959674835e-02 6.791367777623236179e-04 3.835720941424369812e-02 7.367205398622900248e-06 1.892613619565963745e-02 2.764558605849742889e-02 3.082703053951263428e-02 1.317358016967773438e-02 1.542779337614774704e-02 3.793226554989814758e-03 1.956931874155998230e-02 1.302289683371782303e-02 1.169062871485948563e-02 1.436517201364040375e-02 1.704966649413108826e-02 9.863282553851604462e-03 1.612772233784198761e-02 8.054918609559535980e-03 1.435011532157659531e-02 2.481927163898944855e-02 3.313410282135009766e-02 1.000490970909595490e-02 9.122473187744617462e-03 2.895811572670936584e-02 4.553176462650299072e-02 7.137116044759750366e-03 3.623590990900993347e-02 4.400853067636489868e-03 4.822093993425369263e-03 2.956976741552352905e-02 3.886894090101122856e-03 1.643223874270915985e-02 6.008956115692853928e-03 3.404342336580157280e-03 6.913311779499053955e-03 3.329481929540634155e-02 1.077445782721042633e-02 7.374600507318973541e-03 2.464858815073966980e-03 4.367658868432044983e-03 4.250381607562303543e-03 1.733690313994884491e-02 1.347722020000219345e-02 1.218692865222692490e-02 4.469722043722867966e-03 3.303366247564554214e-03 5.668643396347761154e-03 1.258856616914272308e-02 1.325520779937505722e-02
6.147526204586029053e-02 8.387390971183776855e-01 1.858873851597309113e-02 2.588991448283195496e-02 2.238262444734573364e-02 5.956847593188285828e-02 5.282877013087272644e-02 1.049681566655635834e-02 9.353903122246265411e-03 1.928731612861156464e-02 4.528460651636123657e-02 7.101955823600292206e-03 4.165440052747726440e-02 1.929501444101333618e-02 4.496967047452926636e-02 6.397634278982877731e-03 2.241247566416859627e-03 2.167514339089393616e-02 1.298015564680099487e-02 3.780597820878028870e-02 3.470575809478759766e-02 4.639683663845062256e-02 6.975086405873298645e-03 1.259313989430665970e-02 2.876994013786315918e-02 1.693827472627162933e-02 3.333494067192077637e-02 1.225403230637311935e-02 1.784284785389900208e-02 1.244237995706498623e-03 1.378998532891273499e-02 1.026712357997894287e-02 9.822716005146503448e-03 2.556597348302602768e-03 1.928706094622612000e-02 2.283458411693572998e-02 1.223954092711210251e-02 3.022254630923271179e-02 2.092985814670100808e-04 1.725418725982308388e-03 2.042179228737950325e-03 2.369291521608829498e-02 4.811557475477457047e-03 4.459858464542776346e-04 9.060948155820369720e-03 9.033969603478908539e-03 3.916894644498825073e-02 2.479841746389865875e-02 9.198220446705818176e-03 1.009162515401840210e-02 1.866896636784076691e-03 4.430237691849470139e-03 2.012422680854797363e-02 2.015784755349159241e-02 2.426751889288425446e-03 2.383052557706832886e-02 7.994259940460324287e-04 7.430242374539375305e-03 1.796677894890308380e-02 1.757472194731235504e-02 4.347861278802156448e-03 6.565378047525882721e-03 8.172747679054737091e-03 9.652271866798400879e-03 1.560797356069087982e-02 1.626154966652393341e-02 3.147587180137634277e-02 2.302968502044677734e-02 1.953284256160259247e-03 3.637709096074104309e-02 2.843312919139862061e-03 2.294941246509552002e-02 2.125444076955318451e-02 2.700741961598396301e-02 6.328707560896873474e-03 1.749942451715469360e-02 6.132427952252328396e-04 1.465211529284715652e-02 1.426994707435369492e-02 6.544053554534912109e-03 2.115599438548088074e-02 1.833394169807434082e-02 2.183885779231786728e-03 9.674860164523124695e-03 1.020976714789867401e-02 2.495425380766391754e-02 2.867442555725574493e-02 3.517574816942214966e-02 1.015487499535083771e-02 1.440046355128288269e-02 2.170348539948463440e-02 4.299754649400711060e-02 5.714108236134052277e-03 3.812041878700256348e-02 4.126412328332662582e-03 5.195471458137035370e-03 2.837640978395938873e-02 8.820390328764915466e-03 2.401270717382431030e-02 1.643715612590312958e-02 5.408012773841619492e-03 7.345504127442836761e-03 3.478077426552772522e-02 1.373142655938863754e-02 8.615886792540550232e-03 2.542022266425192356e-04 3.402509493753314018e-03 4.773422260768711567e-04 1.705103740096092224e-02 1.408111490309238434e-02 7.945987395942211151e-03 1.467383466660976410e-03 4.673802293837070465e-03 8.353333687409758568e-04 1.503313891589641571e-02 1.392790582031011581e-02
1.096093934029340744e-02 1.858873851597309113e-02 8.387390971183776855e-01 1.246814988553524017e-02 2.775562740862369537e-02 7.670265622437000275e-03 1.108788512647151947e-02 2.934188768267631531e-02 1.605617627501487732e-02 7.411845028400421143e-03 8.450481109321117401e-03 7.477631792426109314e-03 1.669565960764884949e-02 9.041363373398780823e-04 1.845995895564556122e-02 4.685138352215290070e-03 1.201543491333723068e-02 2.232505194842815399e-02 1.073964498937129974e-02 2.583437412977218628e-02 2.375574596226215363e-02 2.444297075271606445e-02 1.321940775960683823e-02 2.550347335636615753e-02 2.422580122947692871e-02 3.482740744948387146e-02 1.642977632582187653e-02 1.753016747534275055e-02 6.826853379607200623e-03 5.237918812781572342e-03 1.751851104199886322e-02 1.360376272350549698e-02 1.952708698809146881e-02 9.902867488563060760e-03 2.207837998867034912e-02 5.910383770242333412e-04 8.795846253633499146e-03 2.487137541174888611e-02 5.447826348245143890e-03 1.735453121364116669e-02 2.873437292873859406e-02 1.387688238173723221e-02 2.054677344858646393e-02 3.204090520739555359e-02 3.959856927394866943e-03 1.040781755000352859e-02 1.097156293690204620e-02 1.250941386388149112e-05 1.986422762274742126e-02 6.989156827330589294e-03 9.958536364138126373e-03 2.273418940603733063e-02 5.334206391125917435e-03 2.162743546068668365e-02 6.019268650561571121e-03 2.119442820549011230e-02 8.849336765706539154e-03 1.765920966863632202e-02 1.183918863534927368e-02 1.227447111159563065e-02 4.123295657336711884e-03 1.005615456961095333e-03 3.955826628953218460e-03 2.013579197227954865e-02 7.664253935217857361e-03 9.376109577715396881e-03 2.531116455793380737e-02 9.312897920608520508e-03 4.039868712425231934e-03 2.515426836907863617e-02 6.716846488416194916e-03 2.012236043810844421e-02 1.125218067318201065e-02 2.230112068355083466e-02 2.739820396527647972e-03 2.006858959794044495e-02 7.372337859123945236e-03 4.282819107174873352e-03 1.351224165409803391e-02 1.031245104968547821e-02 4.843868315219879150e-02 3.289778530597686768e-02 2.506789565086364746e-02 7.753034587949514389e-03 1.954466477036476135e-02 2.425705827772617340e-02 1.175658311694860458e-02 2.160253003239631653e-02 2.267874078825116158e-03 2.415784262120723724e-02 9.602818638086318970e-03 1.591016538441181183e-02 6.211946718394756317e-03 2.971449680626392365e-02 8.117922581732273102e-03 1.315586385317146778e-03 3.107985854148864746e-02 2.027751877903938293e-02 8.421067148447036743e-03 4.266844131052494049e-03 6.631701835431158543e-04 1.578590460121631622e-02 2.476939372718334198e-02 2.026987262070178986e-02 6.378574296832084656e-03 9.997646324336528778e-03 2.339377999305725098e-02 8.281124173663556576e-04 2.558028511703014374e-02 9.949973784387111664e-03 3.159742057323455811e-02 6.864042952656745911e-03 8.327230811119079590e-03 3.122659958899021149e-02 1.129931863397359848e-02 1.840061135590076447e-02
2.973088622093200684e-02 2.588991448283195496e-02 1.246814988553524017e-02 8.387390971183776855e-01 6.592309474945068359e-02 2.829510346055030823e-02 2.110461145639419556e-02 1.772862626239657402e-03 1.574562676250934601e-02 1.132774539291858673e-02 5.585083272308111191e-03 2.774378284811973572e-02 3.866419894620776176e-03 1.445048302412033081e-02 3.577665891498327255e-03 5.018736701458692551e-03 7.584890816360712051e-03 3.255016729235649109e-02 2.884848043322563171e-02 1.321913301944732666e-02 6.237871712073683739e-04 1.232759468257427216e-02 1.691314764320850372e-02 7.288456894457340240e-03 2.024610148509964347e-04 4.695785231888294220e-03 2.885346487164497375e-02 8.050086908042430878e-03 1.118484698235988617e-02 2.875407971441745758e-02 1.485835388302803040e-02 1.473333407193422318e-02 3.220008453354239464e-03 3.834644565358757973e-03 1.168870553374290466e-02 1.836003852076828480e-03 1.459301449358463287e-02 5.651222076267004013e-03 3.522531688213348389e-02 2.005043998360633850e-02 2.129852958023548126e-02 1.115717459470033646e-03 7.226492278277873993e-03 4.919626284390687943e-03 6.610369775444269180e-03 2.930557820945978165e-04 1.191420480608940125e-02 9.633849258534610271e-04 2.339308895170688629e-02 8.027128875255584717e-03 2.403238788247108459e-02 8.697312325239181519e-03 2.286749146878719330e-02 1.276760175824165344e-02 1.290771365165710449e-02 3.679333953186869621e-03 3.709649201482534409e-03 7.886390201747417450e-03 2.529276534914970398e-02 2.860936336219310760e-02 4.199581686407327652e-03 1.449824078008532524e-03 2.366389892995357513e-02 2.592465654015541077e-02 1.820698007941246033e-02 2.041630633175373077e-02 1.361739914864301682e-02 1.762814074754714966e-02 7.745213806629180908e-03 3.360941261053085327e-02 2.156169502995908260e-04 1.147402636706829071e-02 6.023667007684707642e-02 3.485856205224990845e-02 3.269541263580322266e-02 2.308291383087635040e-03 1.038912497460842133e-02 7.344273850321769714e-03 2.867993712425231934e-02 3.039348684251308441e-02 8.323462679982185364e-03 3.638026770204305649e-03 2.314520999789237976e-02 2.742184139788150787e-02 1.983742043375968933e-02 9.581283666193485260e-04 1.113225333392620087e-02 8.965595625340938568e-03 2.531054988503456116e-02 1.333561842329800129e-03 7.361627649515867233e-03 2.076180092990398407e-02 1.706327311694622040e-02 7.095050998032093048e-03 2.277777902781963348e-02 1.740889996290206909e-02 2.936985716223716736e-02 1.392430276609957218e-03 6.494697183370590210e-03 4.916927311569452286e-03 4.203656222671270370e-03 5.187499802559614182e-03 1.855552569031715393e-02 7.078100927174091339e-03 3.318760171532630920e-02 3.686011210083961487e-02 2.701963298022747040e-03 2.817403711378574371e-02 7.892053574323654175e-03 1.089353207498788834e-02 2.264338172972202301e-02 2.067496255040168762e-02 9.611385874450206757e-03 1.771564246155321598e-03 1.504927035421133041e-02 1.532097905874252319e-02
2.459879405796527863e-02 2.238262444734573364e-02 2.775562740862369537e-02 6.592309474945068359e-02 8.387390971183776855e-01 3.124752826988697052e-02 2.595737017691135406e-02 4.520787391811609268e-03 1.453869231045246124e-02 1.302934717386960983e-02 6.292383186519145966e-03 1.728250458836555481e-02 1.113513205200433731e-02 4.416008945554494858e-03 1.881961245089769363e-03 1.722445525228977203e-02 2.608430013060569763e-02 2.793882787227630615e-02 2.594817429780960083e-02 8.254279382526874542e-03 6.953400559723377228e-03 1.664640754461288452e-02 4.622237291187047958e-03 9.147105738520622253e-03 1.014146208763122559e-02 1.311728381551802158e-03 2.372317574918270111e-02 6.216148845851421356e-03 2.186214551329612732e-03 1.252168510109186172e-02 9.417649358510971069e-03 6.225426681339740753e-03 1.539105921983718872e-02 5.271898582577705383e-03 4.041718319058418274e-03 8.443968370556831360e-03 1.179921627044677734e-02 1.105084829032421112e-02 1.488590333610773087e-02 2.072069793939590454e-02 7.679255213588476181e-03 1.120020914822816849e-02 1.942883990705013275e-02 1.950380392372608185e-02 1.116950437426567078e-02 1.540120877325534821e-02 1.216207630932331085e-02 1.470347517170011997e-03 1.326879207044839859e-02 5.616985727101564407e-03 3.362354263663291931e-02 3.434623032808303833e-02 1.590695045888423920e-02 1.385428011417388916e-03 6.898720748722553253e-03 2.498471178114414215e-03 1.991207245737314224e-04 3.303902456536889076e-03 1.380897965282201767e-02 1.228614151477813721e-02 9.647034457884728909e-04 2.321230480447411537e-03 1.714753918349742889e-02 1.316418685019016266e-02 1.006987132132053375e-02 3.671278944239020348e-03 8.516575209796428680e-03 1.350277010351419449e-02 6.655638571828603745e-04 2.733178436756134033e-02 4.562595568131655455e-04 7.431849371641874313e-03 3.944841399788856506e-02 3.029889613389968872e-02 2.387534640729427338e-02 3.452678909525275230e-03 1.468678377568721771e-02 8.357408456504344940e-03 2.626903168857097626e-02 1.193158980458974838e-02 1.755223982036113739e-02 1.841722428798675537e-02 1.959224790334701538e-02 3.390657529234886169e-02 1.496610138565301895e-02 2.385509200394153595e-03 2.890495350584387779e-03 2.561813220381736755e-03 2.139449119567871094e-02 1.224099006503820419e-02 4.536065738648176193e-03 1.966203376650810242e-02 5.477461498230695724e-03 1.735197007656097412e-02 2.091357856988906860e-02 7.707662880420684814e-03 3.878573700785636902e-02 1.786400005221366882e-02 4.947474692016839981e-03 5.944070871919393539e-03 8.596439845860004425e-03 1.165296509861946106e-02 2.923116832971572876e-02 1.380241196602582932e-02 2.747635357081890106e-02 3.168873116374015808e-02 6.350489798933267593e-03 2.434066869318485260e-02 1.208148989826440811e-02 1.438467670232057571e-02 7.484423462301492691e-03 2.133464813232421875e-02 2.651005052030086517e-02 2.256180718541145325e-02 2.973788976669311523e-02 7.095652632415294647e-03
5.825773254036903381e-02 5.956847593188285828e-02 7.670265622437000275e-03 2.829510346055030823e-02 3.124752826988697052e-02 8.387390971183776855e-01 6.065103411674499512e-02 1.481185387820005417e-02 1.655724132433533669e-03 1.898800395429134369e-02 4.286703839898109436e-02 3.095533698797225952e-03 4.246231541037559509e-02 8.920164778828620911e-03 4.203574359416961670e-02 3.289146581664681435e-03 7.030977867543697357e-03 2.299087494611740112e-02 8.799241855740547180e-03 2.998859249055385590e-02 2.220357768237590790e-02 4.091420769691467285e-02 4.762716591358184814e-03 7.088633254170417786e-03 1.982142962515354156e-02 6.339563522487878799e-03 3.890942037105560303e-02 4.840633831918239594e-03 1.811824366450309753e-02 3.558822209015488625e-04 1.596398092806339264e-02 6.935878656804561615e-03 1.938786730170249939e-02 1.346581382676959038e-03 1.249648444354534149e-02 2.130736410617828369e-02 1.377974729984998703e-02 2.850683778524398804e-02 4.973193164914846420e-03 2.324606059119105339e-03 1.251712790690362453e-03 1.364089734852313995e-02 1.048769918270409107e-03 2.479421906173229218e-03 1.106014940887689590e-02 1.028480101376771927e-02 4.757735878229141235e-02 2.988200820982456207e-02 7.447761949151754379e-03 4.129417648073285818e-04 1.069012284278869629e-02 1.427787542343139648e-02 1.560544874519109726e-02 1.727897673845291138e-02 2.930203918367624283e-03 1.813748851418495178e-02 2.006896305829286575e-03 1.669654622673988342e-02 1.351994462311267853e-02 1.418622210621833801e-02 6.376225966960191727e-03 6.663699168711900711e-03 1.038035750389099121e-02 2.906468929722905159e-03 1.952542550861835480e-02 1.866260915994644165e-02 2.082513831555843353e-02 1.708955690264701843e-02 7.510228315368294716e-04 3.227731212973594666e-02 5.763252731412649155e-03 2.032518759369850159e-02 2.643841691315174103e-02 2.441420778632164001e-02 1.050108857452869415e-02 1.624449715018272400e-02 5.194859113544225693e-03 1.818358711898326874e-02 2.741200290620326996e-02 8.980868384242057800e-03 1.882334612309932709e-02 1.799947209656238556e-02 5.424838513135910034e-03 1.353070791810750961e-02 1.290419977158308029e-02 2.218202129006385803e-02 3.106593899428844452e-02 2.951958589255809784e-02 1.749810576438903809e-02 1.896666130051016808e-03 2.161318808794021606e-02 4.432731866836547852e-02 1.534405397251248360e-03 3.412745520472526550e-02 3.368645440787076950e-03 2.455234527587890625e-03 2.430262044072151184e-02 1.163263060152530670e-02 2.037777006626129150e-02 1.081919949501752853e-02 1.526751089841127396e-03 6.904724985361099243e-03 3.329865261912345886e-02 1.104625500738620758e-02 5.004485603421926498e-03 5.334207322448492050e-03 3.118032822385430336e-03 2.298930659890174866e-03 7.233070675283670425e-03 1.222277525812387466e-02 1.109171472489833832e-02 2.654321724548935890e-03 1.179337734356522560e-03 1.242686179466545582e-03 1.277379970997571945e-02 9.251969866454601288e-03
4.392895102500915527e-02 5.282877013087272644e-02 1.108788512647151947e-02 2.110461145639419556e-02 2.595737017691135406e-02 6.065103411674499512e-02 8.387390971183776855e-01 6.957649253308773041e-03 1.181519217789173126e-02 2.485813014209270477e-02 3.282419219613075256e-02 4.001486115157604218e-03 4.031338170170783997e-02 1.905935071408748627e-02 3.443768247961997986e-02 1.066363300196826458e-03 5.306625273078680038e-03 2.220073342323303223e-02 1.348546426743268967e-02 2.476640976965427399e-02 1.375646516680717468e-02 3.503704816102981567e-02 1.508741918951272964e-02 8.798784576356410980e-03 1.321496721357107162e-02 4.778067581355571747e-03 3.216905146837234497e-02 8.594013750553131104e-03 9.950908832252025604e-03 1.224088016897439957e-02 1.487871166318655014e-02 2.225682139396667480e-03 9.735695086419582367e-03 7.956222631037235260e-03 1.623800583183765411e-02 1.401294674724340439e-02 6.708458065986633301e-03 2.246559038758277893e-02 6.360101513564586639e-03 8.883988484740257263e-03 1.510192989371716976e-03 1.393263600766658783e-02 9.502657689154148102e-03 2.772813662886619568e-03 2.330899238586425781e-03 1.592712290585041046e-02 4.846637323498725891e-02 3.798473253846168518e-02 3.300950862467288971e-03 1.099474821239709854e-02 6.877555046230554581e-03 1.823223894461989403e-03 1.792453601956367493e-02 1.695658825337886810e-02 1.735793426632881165e-02 2.661565504968166351e-02 8.528127335011959076e-03 2.476417459547519684e-02 1.460678596049547195e-02 1.903410814702510834e-02 1.546304766088724136e-02 1.651372946798801422e-02 1.048253383487462997e-02 2.817427972331643105e-03 1.815747842192649841e-02 1.780815050005912781e-02 1.864840649068355560e-02 9.864491410553455353e-03 4.579454194754362106e-03 3.250020369887351990e-02 7.948949001729488373e-03 2.364465966820716858e-02 1.500480901449918747e-02 2.332443743944168091e-02 1.349339494481682777e-03 1.751804724335670471e-02 1.435986254364252090e-02 8.303421549499034882e-03 1.780119165778160095e-02 3.456982551142573357e-03 2.008628658950328827e-02 1.805014535784721375e-02 1.053268369287252426e-02 1.970561780035495758e-02 2.023913152515888214e-02 2.446015179157257080e-02 2.969939634203910828e-02 2.456102706491947174e-02 2.227473305538296700e-03 1.282043522223830223e-03 1.884953118860721588e-02 4.064792022109031677e-02 1.329060364514589310e-02 3.044255264103412628e-02 2.062337007373571396e-03 4.928868729621171951e-03 2.484779804944992065e-02 1.675124652683734894e-02 1.998253911733627319e-02 1.633645594120025635e-02 1.377236214466392994e-03 7.738324347883462906e-03 3.339700028300285339e-02 1.516086142510175705e-02 1.471389643847942352e-02 9.810262126848101616e-04 7.440550252795219421e-03 4.434976726770401001e-03 1.090622227638959885e-02 1.241620909422636032e-02 1.915572094731032848e-03 7.476179394870996475e-03 8.339198306202888489e-03 3.816234529949724674e-04 6.214719265699386597e-03 1.106550265103578568e-02
9.621363133192062378e-03 1.049681566655635834e-02 2.934188768267631531e-02 1.772862626239657402e-03 4.520787391811609268e-03 1.481185387820005417e-02 6.957649253308773041e-03 8.387390971183776855e-01 2.340765297412872314e-02 1.707570068538188934e-02 1.672407798469066620e-02 6.621941458433866501e-03 2.163305506110191345e-02 1.646563597023487091e-02 2.586032822728157043e-02 1.269845757633447647e-02 1.581890694797039032e-02 1.057381741702556610e-02 1.527777314186096191e-02 7.062041200697422028e-03 7.245094049721956253e-03 3.186063840985298157e-02 2.201427007094025612e-03 2.192397834733128548e-03 5.435992497950792313e-03 1.282074768096208572e-02 3.710899129509925842e-02 2.741804113611578941e-03 2.044142223894596100e-02 1.469098124653100967e-02 3.103276714682579041e-02 4.497640766203403473e-03 2.518528886139392853e-02 4.440733697265386581e-03 1.209049858152866364e-02 2.783726342022418976e-02 2.241561375558376312e-02 4.421276599168777466e-02 2.117444388568401337e-02 2.233989071100950241e-03 4.151168465614318848e-02 1.266697305254638195e-03 6.776193156838417053e-03 2.128799259662628174e-02 2.366842143237590790e-02 1.720522716641426086e-02 5.607422441244125366e-03 3.588882274925708771e-03 1.918015442788600922e-02 8.403920568525791168e-03 1.217121537774801254e-02 2.402224345132708549e-03 9.137502871453762054e-03 2.056457847356796265e-02 1.321638282388448715e-02 5.251598078757524490e-03 2.962715178728103638e-02 2.617741748690605164e-02 1.990053988993167877e-02 8.505121804773807526e-03 2.558268047869205475e-02 1.437772437930107117e-02 2.336785197257995605e-02 1.615120097994804382e-02 6.921604741364717484e-03 1.090194191783666611e-02 7.615612819790840149e-03 3.499036654829978943e-03 2.475271560251712799e-02 1.842275634407997131e-02 1.998529583215713501e-02 2.779655344784259796e-02 1.140291150659322739e-02 2.054590545594692230e-02 1.277887541800737381e-02 2.175911143422126770e-02 1.281106937676668167e-02 5.917345173656940460e-03 1.003219466656446457e-02 1.496504340320825577e-02 4.489249736070632935e-02 3.616779670119285583e-02 4.324745759367942810e-02 2.389659546315670013e-02 2.867086092010140419e-03 1.788322068750858307e-02 3.128396347165107727e-02 2.012478187680244446e-02 1.650838367640972137e-02 8.807712234556674957e-03 8.963393047451972961e-03 1.930793002247810364e-02 1.088260300457477570e-02 2.526899054646492004e-02 1.898466050624847412e-02 1.100641675293445587e-02 1.605806872248649597e-02 8.904229849576950073e-03 1.267259474843740463e-02 3.115317318588495255e-03 1.761695370078086853e-02 8.610542863607406616e-03 1.944937556982040405e-02 1.046940032392740250e-02 1.556190103292465210e-02 1.068986207246780396e-02 2.196194604039192200e-02 1.535556372255086899e-02 1.033781003206968307e-02 1.080455817282199860e-02 1.950560323894023895e-02 8.614141261205077171e-04 8.685863576829433441e-03 7.834983989596366882e-03 1.574354805052280426e-02 1.721432432532310486e-02
1.061804685741662979e-02 9.353903122246265411e-03 1.605617627501487732e-02 1.574562676250934601e-02 1.453869231045246124e-02 1.655724132433533669e-03 1.181519217789173126e-02 2.340765297412872314e-02 8.387390971183776855e-01 4.841554909944534302e-02 2.307436987757682800e-02 2.062687091529369354e-02 1.427033450454473495e-02 2.342257183045148849e-03 1.383665017783641815e-02 4.034649208188056946e-02 3.300164639949798584e-02 3.335281088948249817e-02 7.001759950071573257e-03 1.202654093503952026e-02 1.514443382620811462e-02 3.495186101645231247e-03 1.191426999866962433e-02 1.911359652876853943e-02 2.664354443550109863e-02 1.227121520787477493e-02 1.303494069725275040e-02 2.006105892360210419e-02 2.238877676427364349e-02 3.198865056037902832e-02 1.173906680196523666e-02 2.255381696159020066e-05 1.770254573784768581e-03 5.919617600739002228e-03 1.228642417117953300e-03 7.093392778187990189e-03 2.165331970900297165e-03 2.566868206486105919e-03 6.356761790812015533e-03 1.506227767094969749e-03 8.465199731290340424e-03 4.799512214958667755e-03 3.677855012938380241e-03 1.047787442803382874e-02 1.851925812661647797e-02 3.426029160618782043e-02 1.973237283527851105e-02 3.305292129516601562e-02 1.268475968390703201e-02 4.245351068675518036e-03 5.321474745869636536e-03 1.082001137547194958e-03 2.160761132836341858e-02 1.356848701834678650e-02 2.433777786791324615e-02 1.014890242367982864e-02 1.248452067375183105e-02 7.099174894392490387e-03 1.364576909691095352e-02 2.546288073062896729e-02 3.805183991789817810e-02 2.689859271049499512e-02 4.215457942336797714e-03 9.921023622155189514e-03 2.468574233353137970e-02 2.524251677095890045e-02 1.515675242990255356e-02 1.110685523599386215e-02 3.941717371344566345e-02 1.267882902175188065e-02 2.667665295302867889e-02 4.536529537290334702e-03 8.963729254901409149e-03 2.706196857616305351e-03 1.630457490682601929e-02 1.492383744334802032e-04 5.985296145081520081e-02 3.904009610414505005e-02 3.414454683661460876e-02 5.217294674366712570e-03 4.395852796733379364e-03 6.149220746010541916e-03 3.592735528945922852e-02 3.447275981307029724e-02 1.268805749714374542e-02 6.890233606100082397e-03 1.345856394618749619e-02 1.761266030371189117e-02 2.375119552016258240e-02 1.121271401643753052e-02 3.173349797725677490e-02 1.987677253782749176e-02 4.504264146089553833e-02 2.072651637718081474e-03 1.970224082469940186e-02 6.605060771107673645e-03 3.010095562785863876e-03 8.411156013607978821e-03 1.276890560984611511e-02 2.030995441600680351e-03 2.114074863493442535e-02 1.162486616522073746e-02 6.303677946561947465e-05 6.389226764440536499e-04 1.832513697445392609e-02 1.875561475753784180e-02 2.478071473888121545e-05 1.842978294007480145e-03 1.492992788553237915e-02 1.902529411017894745e-02 8.631669916212558746e-03 2.278582751750946045e-02 1.346736308187246323e-02 1.157763972878456116e-02 7.195033598691225052e-03 1.690823771059513092e-02
1.807526312768459320e-02 1.928731612861156464e-02 7.411845028400421143e-03 1.132774539291858673e-02 1.302934717386960983e-02 1.898800395429134369e-02 2.485813014209270477e-02 1.707570068538188934e-02 4.841554909944534302e-02 8.387390971183776855e-01 2.106652967631816864e-02 6.837817491032183170e-04 1.455872133374214172e-02 1.504098880104720592e-03 1.546992547810077667e-02 3.772426024079322815e-02 3.179556503891944885e-02 2.836206182837486267e-02 3.467615321278572083e-02 6.226141471415758133e-03 2.184366807341575623e-03 5.733248312026262283e-03 1.804024167358875275e-02 2.225090377032756805e-02 3.455535974353551865e-03 1.634730212390422821e-02 1.013099681586027145e-02 2.492328174412250519e-02 4.907212220132350922e-03 2.779358811676502228e-02 6.080002523958683014e-03 2.478782460093498230e-02 5.718914791941642761e-03 2.772464044392108917e-02 1.479569077491760254e-02 8.845888078212738037e-03 5.495817866176366806e-03 1.273345784284174442e-03 1.442573848180472851e-03 2.210112288594245911e-03 6.917839869856834412e-03 2.990859095007181168e-03 8.599870838224887848e-03 5.259388126432895660e-03 2.025848813354969025e-02 3.714324161410331726e-02 3.647064790129661560e-02 3.820062801241874695e-02 2.058246172964572906e-02 9.423810988664627075e-03 6.330807227641344070e-03 3.984016366302967072e-03 9.138448163866996765e-03 2.561239525675773621e-03 2.104778587818145752e-02 2.863520197570323944e-02 7.247330155223608017e-03 3.787270560860633850e-02 1.518138684332370758e-02 1.485134568065404892e-02 3.310099989175796509e-02 4.082415625452995300e-02 1.411190815269947052e-02 1.456325035542249680e-02 2.376441285014152527e-02 2.075684815645217896e-02 6.297350395470857620e-03 6.875814869999885559e-03 2.872749045491218567e-02 7.778362836688756943e-03 3.627727553248405457e-02 4.721630364656448364e-03 1.241734251379966736e-03 2.229196578264236450e-02 1.700896769762039185e-02 1.147926878184080124e-02 2.919805794954299927e-02 5.327922478318214417e-02 6.646941765211522579e-04 2.321908436715602875e-02 9.826302528381347656e-03 5.410023499280214310e-03 2.116361632943153381e-02 4.458302259445190430e-02 2.531217038631439209e-02 1.811180822551250458e-02 1.991483382880687714e-02 1.609132997691631317e-02 5.128919612616300583e-03 1.820719614624977112e-02 1.671778224408626556e-02 1.401491090655326843e-02 3.427233919501304626e-02 2.531481673941016197e-03 2.617228962481021881e-02 8.194365538656711578e-03 1.572872139513492584e-02 7.480685599148273468e-03 1.452205237001180649e-02 6.677455268800258636e-03 2.564547769725322723e-02 2.175989374518394470e-02 4.731570836156606674e-03 8.813660591840744019e-03 9.508246555924415588e-03 9.382070973515510559e-03 1.190191414207220078e-02 6.034248872310854495e-05 1.516566053032875061e-02 1.292027067393064499e-02 1.575034298002719879e-02 1.884731277823448181e-02 2.566355280578136444e-03 1.804975420236587524e-02 2.961071440950036049e-04 1.610285229980945587e-02
5.196930468082427979e-02 4.528460651636123657e-02 8.450481109321117401e-03 5.585083272308111191e-03 6.292383186519145966e-03 4.286703839898109436e-02 3.282419219613075256e-02 1.672407798469066620e-02 2.307436987757682800e-02 2.106652967631816864e-02 8.387390971183776855e-01 1.880187541246414185e-02 4.554192349314689636e-02 7.522049825638532639e-03 4.549495130777359009e-02 1.063017826527357101e-02 1.153446733951568604e-03 9.166664443910121918e-03 5.012937821447849274e-03 2.271805889904499054e-02 2.168867550790309906e-02 4.213522747159004211e-02 6.103567313402891159e-03 1.071535050868988037e-02 1.864871755242347717e-02 7.282476406544446945e-03 2.194916829466819763e-02 2.932897303253412247e-03 4.536645859479904175e-02 1.003421191126108170e-02 3.044341690838336945e-02 8.617742918431758881e-03 1.123488042503595352e-02 3.769761882722377777e-03 8.820313028991222382e-03 1.535957958549261093e-02 1.284761819988489151e-02 3.482292592525482178e-02 1.231056265532970428e-02 1.384898647665977478e-02 2.382026426494121552e-02 9.920840151607990265e-03 2.254084916785359383e-03 1.979905366897583008e-02 2.524523530155420303e-03 1.365637406706809998e-02 4.088074341416358948e-02 2.810475416481494904e-02 5.906989797949790955e-03 2.243027789518237114e-03 1.237603090703487396e-02 1.732476055622100830e-02 2.988629974424839020e-02 2.927333675324916840e-02 6.657284684479236603e-03 1.716275326907634735e-02 3.749271621927618980e-03 3.090836573392152786e-03 2.733150497078895569e-02 2.902780659496784210e-02 8.678792975842952728e-03 6.289482116699218750e-03 1.254157442599534988e-02 7.948363199830055237e-03 3.981826081871986389e-02 3.070205636322498322e-02 2.176456525921821594e-02 1.770850829780101776e-02 4.207657650113105774e-03 3.474614396691322327e-02 6.053286604583263397e-03 1.986106112599372864e-02 1.118031889200210571e-02 1.728939451277256012e-02 4.116541240364313126e-03 1.595387794077396393e-02 1.824384927749633789e-02 2.205385267734527588e-02 3.549462184309959412e-03 1.801020652055740356e-02 1.458328776061534882e-02 2.358536608517169952e-02 1.475927140563726425e-02 1.545420661568641663e-02 1.990722678601741791e-02 3.119054483249783516e-03 3.502620384097099304e-02 3.994582965970039368e-02 5.278977099806070328e-03 1.423979876562952995e-03 3.966719284653663635e-02 4.820430651307106018e-02 1.910138502717018127e-02 3.588480502367019653e-02 2.203069627285003662e-03 4.780904389917850494e-03 2.554415352642536163e-02 7.740198168903589249e-03 8.026700466871261597e-03 3.837949363514780998e-03 2.409212524071335793e-03 8.384935557842254639e-03 3.030846267938613892e-02 1.377263292670249939e-02 2.104629017412662506e-02 1.533658802509307861e-02 2.076314762234687805e-03 1.625226996839046478e-02 1.346383430063724518e-02 2.041931077837944031e-02 1.336064073257148266e-03 1.909368671476840973e-02 8.656040765345096588e-03 6.785715813748538494e-04 6.828664802014827728e-03 2.734535932540893555e-02
8.517585694789886475e-03 7.101955823600292206e-03 7.477631792426109314e-03 2.774378284811973572e-02 1.728250458836555481e-02 3.095533698797225952e-03 4.001486115157604218e-03 6.621941458433866501e-03 2.062687091529369354e-02 6.837817491032183170e-04 1.880187541246414185e-02 8.387390971183776855e-01 3.094642236828804016e-02 5.182617902755737305e-02 1.104367338120937347e-02 2.956392941996455193e-03 6.837080698460340500e-03 3.817074000835418701e-02 3.676011785864830017e-02 2.241080068051815033e-02 3.318216651678085327e-02 1.206252537667751312e-02 6.528290454298257828e-03 1.352168503217399120e-03 2.978379279375076294e-02 2.034085616469383240e-02 8.373379241675138474e-04 6.137011572718620300e-03 3.904893621802330017e-02 1.051274687051773071e-02 3.977123275399208069e-02 2.701946347951889038e-02 1.037150621414184570e-02 2.052053436636924744e-02 1.266606245189905167e-02 6.679475773125886917e-04 2.520786132663488388e-03 1.588892564177513123e-02 3.793774638324975967e-03 8.605239912867546082e-03 1.543396431952714920e-02 8.345625363290309906e-03 8.197742514312267303e-03 8.996039628982543945e-03 9.496289305388927460e-03 3.088380908593535423e-03 1.060780230909585953e-02 2.807040885090827942e-02 4.106903821229934692e-02 2.827152796089649200e-02 6.739142350852489471e-03 1.707958057522773743e-02 1.684376783668994904e-02 1.494609657675027847e-02 3.181849792599678040e-02 2.093430375680327415e-03 1.977871172130107880e-02 4.149306565523147583e-03 2.315137721598148346e-02 2.846263349056243896e-02 1.136177498847246170e-02 1.823017606511712074e-03 2.500660018995404243e-03 4.503547679632902145e-03 3.211587294936180115e-02 3.878187388181686401e-02 2.698868513107299805e-02 3.194835409522056580e-02 5.582769867032766342e-03 4.129472363274544477e-04 3.090611891821026802e-03 6.942437496036291122e-03 1.189973391592502594e-02 1.132618170231580734e-02 1.381228910759091377e-03 3.191746771335601807e-03 3.118846379220485687e-02 1.347141433507204056e-02 2.747154049575328827e-02 1.299710106104612350e-02 8.093292824923992157e-03 1.546078454703092575e-02 2.129829861223697662e-02 2.230266481637954712e-02 8.660016581416130066e-03 6.247241050004959106e-03 1.662810519337654114e-02 2.264015935361385345e-02 4.227794334292411804e-02 9.784645400941371918e-03 2.848464250564575195e-02 1.903675682842731476e-02 2.622743695974349976e-02 1.690672524273395538e-02 1.317431963980197906e-02 2.244678325951099396e-02 1.233096607029438019e-02 9.485824033617973328e-03 3.960128873586654663e-03 4.412257578223943710e-03 3.744462970644235611e-03 6.457406561821699142e-03 6.408256012946367264e-03 1.026993244886398315e-02 1.618504524230957031e-02 2.858903631567955017e-02 2.032052434515208006e-04 2.943796291947364807e-02 6.362156942486763000e-03 3.619439899921417236e-02 2.302742563188076019e-02 1.556652411818504333e-02 1.003624405711889267e-02 1.179295498877763748e-02 2.109964378178119659e-02 2.784713171422481537e-02
3.803740441799163818e-02 4.165440052747726440e-02 1.669565960764884949e-02 3.866419894620776176e-03 1.113513205200433731e-02 4.246231541037559509e-02 4.031338170170783997e-02 2.163305506110191345e-02 1.427033450454473495e-02 1.455872133374214172e-02 4.554192349314689636e-02 3.094642236828804016e-02 8.387390971183776855e-01 1.411344204097986221e-02 4.618999361991882324e-02 3.824084298685193062e-03 7.520957384258508682e-03 1.643742085434496403e-03 1.167746633291244507e-02 3.173378854990005493e-02 2.723972313106060028e-02 4.289575293660163879e-02 1.551550347357988358e-02 7.096379995346069336e-03 2.196220494806766510e-02 1.004438474774360657e-02 2.571697905659675598e-02 4.881570115685462952e-03 3.463804349303245544e-02 1.069056801497936249e-02 3.950902819633483887e-02 1.966477558016777039e-02 1.523291412740945816e-02 1.134874764829874039e-02 1.296090055257081985e-02 1.608278416097164154e-02 1.806666515767574310e-02 3.570356220006942749e-02 2.314717508852481842e-02 1.711053401231765747e-02 2.207169495522975922e-02 6.621434818953275681e-03 4.316917620599269867e-03 2.093831449747085571e-02 5.543841980397701263e-03 8.390388451516628265e-03 3.254308924078941345e-02 2.960586920380592346e-02 2.137498930096626282e-02 6.596453487873077393e-03 1.327816862612962723e-03 1.116246357560157776e-02 2.857375517487525940e-02 2.863705158233642578e-02 1.259115961147472262e-04 2.457257732748985291e-02 1.216654293239116669e-02 1.584914885461330414e-02 3.334290161728858948e-02 3.033892251551151276e-02 9.391799103468656540e-04 5.720186512917280197e-03 1.400486379861831665e-02 3.698616754263639450e-03 3.435834869742393494e-02 3.311400488018989563e-02 3.141127899289131165e-02 2.978111617267131805e-02 2.163695899071171880e-04 2.776676230132579803e-02 7.253107149153947830e-03 1.626536250114440918e-02 1.420709420926868916e-03 1.274397317320108414e-02 4.953676834702491760e-03 1.034215372055768967e-02 1.320832874625921249e-02 1.545523386448621750e-02 5.050243344157934189e-03 4.529471509158611298e-03 2.553724125027656555e-02 3.264664486050605774e-02 8.605793118476867676e-03 4.838315770030021667e-03 1.146373152732849121e-02 4.298483952879905701e-03 4.296627268195152283e-02 4.006304591894149780e-02 1.117307040840387344e-02 5.924627650529146194e-03 2.776603959500789642e-02 4.232643917202949524e-02 1.528261322528123856e-02 3.825515136122703552e-02 3.900562005583196878e-04 8.257691748440265656e-03 2.948416769504547119e-02 1.432827115058898926e-02 1.594847068190574646e-02 1.357083767652511597e-02 2.310917712748050690e-03 5.923254881054162979e-03 3.210453689098358154e-02 1.509495172649621964e-02 2.423256449401378632e-02 1.639962196350097656e-02 8.474491536617279053e-03 1.380757614970207214e-02 5.449986550956964493e-03 1.923287101089954376e-02 8.939250372350215912e-03 1.186524052172899246e-02 1.941437018103897572e-03 5.182146094739437103e-03 4.549837205559015274e-03 3.017390146851539612e-02
