8.670870661735534668e-01 6.705965846776962280e-02 9.475391358137130737e-03 1.637957431375980377e-02 1.256033871322870255e-02 4.320401698350906372e-02 5.278029292821884155e-02 2.878418425098061562e-03 3.564099082723259926e-03 1.692846417427062988e-03 6.248656660318374634e-02 3.557699266821146011e-03 5.496011301875114441e-02 4.107798449695110321e-03 2.334322594106197357e-02 2.594790235161781311e-02 2.321647852659225464e-02 6.602686829864978790e-03 5.525778513401746750e-03 8.201973512768745422e-03 1.366038061678409576e-02 2.655775658786296844e-02 1.805019378662109375e-02 1.992309652268886566e-02 5.377170164138078690e-03 8.216190151870250702e-03 1.742122322320938110e-02 1.087676454335451126e-02 1.680403947830200195e-02 1.199998520314693451e-02 2.567392960190773010e-02 9.928654879331588745e-03 1.833128742873668671e-02 1.822125166654586792e-02 1.298613939434289932e-02 9.042398072779178619e-03 7.534663658589124680e-03 1.629725284874439240e-02 1.291945204138755798e-02 1.681809127330780029e-02 1.722287386655807495e-02 1.453808881342411041e-02 1.990855671465396881e-02 1.266778726130723953e-02 1.515938621014356613e-02 3.151178592815995216e-03 2.727381885051727295e-02 2.310242416569963098e-04 1.484179869294166565e-02 7.386271841824054718e-03 4.362971521914005280e-03 1.423340383917093277e-02 2.431493625044822693e-02 2.718465402722358704e-02 4.451636224985122681e-03 1.157812424935400486e-03 1.095046522095799446e-03 2.563800662755966187e-03 2.146761491894721985e-02 2.468884922564029694e-02 7.893457077443599701e-03 1.658746227622032166e-02 2.060738392174243927e-02 1.273299101740121841e-02 2.343679778277873993e-02 3.443017974495887756e-02 1.268160995095968246e-02 2.267475239932537079e-02 2.261039242148399353e-02 5.371277220547199249e-04 2.392363734543323517e-02 2.823532791808247566e-03 2.603170275688171387e-02 2.623689593747258186e-03 2.327914349734783173e-02 5.275856165098957717e-05 1.704375632107257843e-02 1.560616493225097656e-02 2.054840885102748871e-02 7.381280884146690369e-03 8.079019375145435333e-03 1.146394200623035431e-02 2.181133022531867027e-03 1.544865430332720280e-03 2.900467719882726669e-03 8.018678054213523865e-03 2.921212092041969299e-02 2.591890655457973480e-02 6.107351742684841156e-03 2.567000454291701317e-03 2.226283028721809387e-02 2.323489449918270111e-02 9.093001484870910645e-03 2.060133032500743866e-02 2.344886399805545807e-02 2.712288312613964081e-02 1.859643234638497233e-04 8.344598114490509033e-03 1.631877571344375610e-02 1.612023264169692993e-02 8.351746946573257446e-03 1.621024683117866516e-02 1.332877296954393387e-02 8.245998062193393707e-03 1.810119859874248505e-02 2.300732955336570740e-02 1.188326394185423851e-03 3.398127388209104538e-03 1.666597276926040649e-02 4.249095916748046875e-03 9.957686997950077057e-03 2.030094526708126068e-02 1.485827378928661346e-02 1.805406995117664337e-02 2.014242671430110931e-02 9.058027062565088272e-04
6.705965846776962280e-02 8.670870661735534668e-01 8.558811619877815247e-03 1.509721297770738602e-02 1.249333098530769348e-02 3.523067757487297058e-02 5.590939149260520935e-02 3.029575804248452187e-03 1.320354919880628586e-02 1.549826352857053280e-03 5.836074426770210266e-02 2.134393434971570969e-03 5.708169192075729370e-02 5.275110015645623207e-04 1.308408100157976151e-02 1.976810209453105927e-02 1.751127094030380249e-02 1.540118549019098282e-02 6.785603705793619156e-03 1.516082417219877243e-02 2.079153060913085938e-02 1.901620812714099884e-02 1.363356597721576691e-02 1.604026928544044495e-02 4.249131772667169571e-03 1.215813960880041122e-02 1.378392055630683899e-02 2.801828784868121147e-03 1.621058769524097443e-02 5.712649319320917130e-03 2.964111231267452240e-02 1.370187569409608841e-02 1.414065994322299957e-02 2.244996652007102966e-02 1.090797502547502518e-02 8.751263841986656189e-03 1.011071074753999710e-02 1.593477651476860046e-02 1.778409630060195923e-02 1.971158199012279510e-02 1.044682879000902176e-02 1.069504301995038986e-02 2.022611163556575775e-02 1.165242400020360947e-02 1.944478414952754974e-02 7.053669076412916183e-03 2.909786999225616455e-02 1.321409177035093307e-02 1.992383785545825958e-02 1.004618871957063675e-02 6.696000229567289352e-03 7.696392014622688293e-03 1.894996687769889832e-02 2.294680476188659668e-02 1.249569468200206757e-02 3.007315564900636673e-03 1.156169269233942032e-02 3.947022370994091034e-03 2.107266150414943695e-02 2.283442206680774689e-02 4.287779156584292650e-04 1.145009603351354599e-02 1.615236140787601471e-02 8.759309537708759308e-03 1.435631513595581055e-02 3.327189385890960693e-02 1.652274839580059052e-02 2.528005093336105347e-02 1.780584640800952911e-02 5.935957655310630798e-03 1.639568246901035309e-02 7.199808955192565918e-03 2.141016162931919098e-02 5.614918773062527180e-04 1.780166663229465485e-02 6.522822193801403046e-03 6.750792730599641800e-03 1.413754280656576157e-02 2.358497865498065948e-02 7.622750010341405869e-03 1.091296784579753876e-02 1.525112311355769634e-03 1.113020442426204681e-02 5.958768073469400406e-03 2.688535721972584724e-03 9.255873039364814758e-03 1.800488680601119995e-02 2.319262176752090454e-02 2.031277166679501534e-03 5.547439679503440857e-03 2.711699716746807098e-02 1.840618997812271118e-02 2.158224396407604218e-02 1.020892523229122162e-02 2.907139994204044342e-02 2.882241085171699524e-02 2.670211484655737877e-03 1.255822926759719849e-02 1.353412400931119919e-02 1.920920237898826599e-02 1.334698777645826340e-02 2.179446630179882050e-02 9.318199008703231812e-03 7.225897628813982010e-03 1.611672714352607727e-02 1.788084767758846283e-02 2.008828800171613693e-03 4.695294890552759171e-03 2.198520861566066742e-02 2.679358934983611107e-03 4.524480551481246948e-03 9.339476004242897034e-03 1.538200676441192627e-02 1.588061079382896423e-02 1.864538900554180145e-02 2.130299806594848633e-03
9.475391358137130737e-03 8.558811619877815247e-03 8.670870661735534668e-01 2.311884611845016479e-02 9.308122098445892334e-03 1.914737187325954437e-02 2.988697215914726257e-02 3.966169804334640503e-02 1.215148810297250748e-02 1.294033788144588470e-02 4.376218188554048538e-03 8.370855823159217834e-03 2.371113747358322144e-03 5.808698013424873352e-03 3.635532781481742859e-02 1.589445024728775024e-02 1.367848180234432220e-02 1.355403382331132889e-02 5.211359821259975433e-03 1.218700408935546875e-02 7.491945871151983738e-05 1.826207712292671204e-02 4.509376361966133118e-03 3.859880613163113594e-03 9.944286197423934937e-03 7.433543913066387177e-03 1.641900278627872467e-02 1.610009931027889252e-02 3.016545088030397892e-04 1.570449583232402802e-02 5.635119508951902390e-03 7.950268685817718506e-03 9.442645125091075897e-03 9.892439469695091248e-03 7.211117772385478020e-04 1.454301644116640091e-03 1.644462347030639648e-03 7.803932297974824905e-03 3.574600210413336754e-03 1.900934148579835892e-03 5.993077997118234634e-03 8.171300403773784637e-03 6.781896576285362244e-03 3.284171223640441895e-02 9.278958663344383240e-03 1.217362191528081894e-02 1.748219504952430725e-02 1.454771775752305984e-02 1.255348883569240570e-02 8.320278488099575043e-03 5.548831541091203690e-04 6.041940650902688503e-04 3.207192989066243172e-03 3.525573411025106907e-04 1.694369502365589142e-02 7.517153862863779068e-03 9.310745634138584137e-03 7.191975601017475128e-04 1.090385578572750092e-02 5.387161392718553543e-03 9.220080450177192688e-03 8.715142612345516682e-04 5.676275584846735001e-03 1.084037683904170990e-02 4.137607757002115250e-03 3.751533513423055410e-04 7.664268370717763901e-03 4.930418916046619415e-03 1.245637191459536552e-03 2.949188277125358582e-02 1.266799308359622955e-02 8.713114075362682343e-03 6.027910276316106319e-04 1.251836214214563370e-02 1.583093777298927307e-02 1.164403185248374939e-02 1.927723875269293785e-03 2.676594536751508713e-03 1.803382299840450287e-02 4.781172610819339752e-03 5.072918161749839783e-02 3.974673338234424591e-03 4.701633471995592117e-03 8.138129487633705139e-03 1.086378097534179688e-02 4.186239093542098999e-03 1.481965556740760803e-02 1.530153304338455200e-02 3.849641652777791023e-03 4.425448831170797348e-03 1.561496127396821976e-02 2.524009533226490021e-02 8.770775981247425079e-03 1.033597253262996674e-02 7.317870040424168110e-05 6.493837106972932816e-03 1.523500122129917145e-02 9.606428444385528564e-03 1.336251851171255112e-02 7.860552519559860229e-03 1.871316810138523579e-03 1.472664065659046173e-02 1.825836114585399628e-02 9.714240208268165588e-03 2.725356956943869591e-03 2.131107077002525330e-02 2.429444529116153717e-02 1.328318938612937927e-02 2.002288959920406342e-02 8.815309964120388031e-03 6.857514847069978714e-03 5.758610768680227920e-06 6.320673506706953049e-03 1.142750959843397141e-02 1.093445904552936554e-02 1.904713106341660023e-03
1.637957431375980377e-02 1.509721297770738602e-02 2.311884611845016479e-02 8.670870661735534668e-01 3.930872306227684021e-02 9.559204801917076111e-03 3.318418050184845924e-03 2.752552973106503487e-03 1.298129186034202576e-02 1.260293368250131607e-02 9.333779104053974152e-03 1.108523271977901459e-02 1.242997031658887863e-02 4.499880596995353699e-03 2.133602742105722427e-03 1.700298115611076355e-02 1.540632173418998718e-02 2.223191596567630768e-02 1.767894253134727478e-02 8.245648816227912903e-03 1.390342321246862411e-02 3.583620302379131317e-03 5.855453200638294220e-03 9.484387002885341644e-03 2.456755144521594048e-03 1.647456362843513489e-02 1.111620198935270309e-02 3.292343765497207642e-02 1.043519377708435059e-02 3.188360482454299927e-02 7.093580439686775208e-03 3.357494482770562172e-03 1.405970007181167603e-02 8.258551359176635742e-03 2.329332754015922546e-02 1.756393350660800934e-02 1.756495609879493713e-02 1.728927716612815857e-02 3.725875541567802429e-02 2.892758697271347046e-02 2.673179470002651215e-02 7.942592725157737732e-03 5.673583131283521652e-03 1.962764933705329895e-02 4.341495689004659653e-03 5.022334866225719452e-03 6.596315186470746994e-03 4.344590008258819580e-03 5.699427798390388489e-03 4.676798824220895767e-03 1.184388250112533569e-02 9.964613243937492371e-03 2.607659250497817993e-02 2.224940806627273560e-02 5.009984597563743591e-03 3.973066806793212891e-03 2.280097827315330505e-02 2.552609704434871674e-02 2.644780278205871582e-02 2.881186082959175110e-02 1.955443248152732849e-02 1.680005528032779694e-02 1.718508265912532806e-02 2.094901166856288910e-02 1.685425452888011932e-02 9.838823229074478149e-03 9.420964634045958519e-04 9.206649847328662872e-03 3.230123594403266907e-02 8.913412690162658691e-03 2.083029597997665405e-02 2.421816810965538025e-02 4.806349053978919983e-02 1.734039559960365295e-02 3.467104956507682800e-02 1.750577613711357117e-02 1.077799964696168900e-02 4.761025309562683105e-03 2.125432016327977180e-03 1.473993156105279922e-02 3.384942421689629555e-03 1.427897484973073006e-03 2.007394470274448395e-02 1.292871497571468353e-02 7.653097622096538544e-03 8.818668313324451447e-03 2.259462140500545502e-03 2.348132198676466942e-03 3.086626715958118439e-02 1.743543334305286407e-02 1.819019322283565998e-03 6.440300028771162033e-03 8.132752031087875366e-03 6.850544363260269165e-03 1.919263415038585663e-02 1.862940005958080292e-02 2.766602301562670618e-05 1.102528534829616547e-02 1.077906414866447449e-02 8.019960485398769379e-03 1.142998132854700089e-02 2.503726631402969360e-02 5.584444385021924973e-03 1.374433934688568115e-02 1.818431168794631958e-02 2.287109382450580597e-02 5.742930807173252106e-03 2.642772719264030457e-02 1.533135864883661270e-02 2.105120196938514709e-02 2.212092652916908264e-02 2.256372198462486267e-02 7.318199612200260162e-03 1.411144156008958817e-03 2.328222803771495819e-02 1.840623840689659119e-02
1.256033871322870255e-02 1.249333098530769348e-02 9.308122098445892334e-03 3.930872306227684021e-02 8.670870661735534668e-01 5.914639215916395187e-03 5.432580597698688507e-03 2.192692086100578308e-02 8.422651328146457672e-03 7.116379681974649429e-03 5.339080467820167542e-03 1.357700675725936890e-02 7.705098949372768402e-03 1.711953245103359222e-02 1.270996220409870148e-02 1.819705218076705933e-02 2.103531919419765472e-02 2.047854475677013397e-02 1.096519082784652710e-02 7.029136642813682556e-03 1.547082234174013138e-02 6.500774063169956207e-03 1.088579930365085602e-02 1.481042522937059402e-02 5.339528899639844894e-03 1.595013216137886047e-02 1.364271808415651321e-02 1.971788331866264343e-02 1.425732392817735672e-02 2.547576092183589935e-02 6.279457826167345047e-03 1.378465240122750401e-04 1.971679925918579102e-02 1.433426234871149063e-02 1.859214156866073608e-02 1.387100387364625931e-02 2.312077768146991730e-02 1.256407145410776138e-02 2.472414821386337280e-02 3.131814673542976379e-02 2.188391983509063721e-02 7.373777683824300766e-03 6.668521091341972351e-03 2.181348949670791626e-02 5.905590369366109371e-04 5.080960225313901901e-03 1.116997841745615005e-02 3.327444195747375488e-03 5.420424975454807281e-03 5.334952729754149914e-04 1.102893892675638199e-02 1.335182320326566696e-02 3.079612739384174347e-02 2.344631589949131012e-02 5.261201411485671997e-03 1.717241830192506313e-03 1.537513267248868942e-02 2.368950285017490387e-02 2.851054072380065918e-02 3.029680810868740082e-02 1.599639467895030975e-02 2.401744201779365540e-02 2.340945415198802948e-02 2.105164900422096252e-02 2.490757405757904053e-02 9.977874346077442169e-03 3.554166760295629501e-03 1.289784163236618042e-02 2.340479940176010132e-02 1.564579829573631287e-02 2.384698018431663513e-02 2.803485281765460968e-02 2.844134345650672913e-02 2.135059237480163574e-02 3.425453975796699524e-02 1.974309422075748444e-02 1.439135521650314331e-02 1.396571099758148193e-02 2.236779779195785522e-03 1.694206707179546356e-02 3.010929189622402191e-02 1.629717648029327393e-02 1.527342665940523148e-02 1.820939406752586365e-02 5.581715144217014313e-03 1.991364639252424240e-03 1.381320971995592117e-02 1.755861565470695496e-02 3.118125721812248230e-02 2.606579288840293884e-02 2.616141457110643387e-03 1.658082939684391022e-02 8.157663978636264801e-03 2.184445597231388092e-02 1.476016920059919357e-02 2.104926295578479767e-02 7.843774743378162384e-03 2.050562389194965363e-02 6.479990668594837189e-03 8.440881967544555664e-03 3.178797662258148193e-03 1.375792082399129868e-02 6.257549859583377838e-03 1.461163908243179321e-02 2.432893030345439911e-02 2.779687568545341492e-02 3.948150668293237686e-03 1.470975019037723541e-02 1.017276383936405182e-02 1.623635552823543549e-02 1.843786425888538361e-02 2.716363407671451569e-02 8.183007128536701202e-03 1.150439120829105377e-02 1.607577688992023468e-02 7.948858663439750671e-03
4.320401698350906372e-02 3.523067757487297058e-02 1.914737187325954437e-02 9.559204801917076111e-03 5.914639215916395187e-03 8.670870661735534668e-01 6.050572544336318970e-02 6.380996201187372208e-03 9.210691787302494049e-03 8.635830134153366089e-03 1.935015991330146790e-02 2.659376338124275208e-02 9.847390465438365936e-03 3.058251738548278809e-02 2.166046015918254852e-02 2.124193869531154633e-02 2.426579408347606659e-02 7.723358925431966782e-03 5.168794188648462296e-03 1.548599451780319214e-02 2.117341384291648865e-02 1.815392635762691498e-02 2.692112326622009277e-02 3.136389330029487610e-02 2.403504960238933563e-02 2.453899756073951721e-02 1.452084281481802464e-03 2.955351211130619049e-02 3.231873735785484314e-02 2.898293547332286835e-02 2.440420538187026978e-02 2.563016861677169800e-02 2.003075368702411652e-02 2.524794824421405792e-02 1.677855476737022400e-02 1.070887688547372818e-02 6.610762327909469604e-03 1.059113722294569016e-02 1.353554893285036087e-02 1.157221104949712753e-02 4.164889920502901077e-03 7.864806801080703735e-03 1.058153621852397919e-02 4.381662874948233366e-04 9.034223854541778564e-03 7.654307410120964050e-03 1.318951416760683060e-02 1.362536940723657608e-02 2.482150681316852570e-03 1.237726397812366486e-02 6.578399799764156342e-03 2.006291411817073822e-02 1.862180233001708984e-02 8.584973402321338654e-03 1.217648386955261230e-02 8.313342928886413574e-03 2.023308537900447845e-02 1.435823179781436920e-02 3.649894148111343384e-03 2.994079608470201492e-03 9.223715402185916901e-03 1.624315790832042694e-02 1.898898929357528687e-02 1.870156079530715942e-02 1.521429605782032013e-02 9.988328441977500916e-03 2.384862676262855530e-02 3.097118437290191650e-02 1.818099617958068848e-02 3.058117581531405449e-03 1.951262727379798889e-02 4.656970966607332230e-03 1.644403114914894104e-02 7.159169297665357590e-03 1.291665807366371155e-02 9.167268872261047363e-03 1.609117724001407623e-02 1.417934242635965347e-02 2.803707262501120567e-03 5.366875557228922844e-04 2.340276027098298073e-03 1.040918007493019104e-02 1.195880118757486343e-02 5.318686831742525101e-03 2.638982795178890228e-02 1.819490268826484680e-02 1.674126274883747101e-02 1.483625452965497971e-02 1.563867740333080292e-02 1.990567147731781006e-02 2.020076289772987366e-02 7.831831462681293488e-03 2.860251441597938538e-02 3.885994199663400650e-03 1.455087494105100632e-02 1.262662839144468307e-02 7.301503326743841171e-03 4.678560886532068253e-03 1.485478598624467850e-02 1.284351199865341187e-02 5.315097980201244354e-03 1.351253502070903778e-02 1.549889426678419113e-02 1.952953822910785675e-02 9.209526702761650085e-03 1.509820390492677689e-02 8.243124932050704956e-03 1.386255305260419846e-02 2.845338312909007072e-03 2.336638746783137321e-03 3.952351864427328110e-03 1.227462384849786758e-02 1.651682145893573761e-02 1.794025115668773651e-02 1.287959399633109570e-03 6.394627038389444351e-03
5.278029292821884155e-02 5.590939149260520935e-02 2.988697215914726257e-02 3.318418050184845924e-03 5.432580597698688507e-03 6.050572544336318970e-02 8.670870661735534668e-01 1.055956166237592697e-02 2.715514414012432098e-02 3.721336135640740395e-03 4.414601996541023254e-02 1.248754747211933136e-02 3.372232988476753235e-02 1.781980041414499283e-03 1.107129547744989395e-02 8.691328577697277069e-03 4.552158992737531662e-03 1.455916464328765869e-02 5.516057368367910385e-03 9.126235730946063995e-03 1.445339154452085495e-02 9.695612825453281403e-03 4.672990471590310335e-04 3.381063870619982481e-04 6.118446122854948044e-03 4.456249531358480453e-03 4.291069693863391876e-03 4.927531699649989605e-04 4.416035953909158707e-03 1.791798509657382965e-03 1.040294580161571503e-02 1.205221097916364670e-02 7.271707523614168167e-03 2.016182988882064819e-02 5.393859464675188065e-03 5.026033148169517517e-03 6.364655680954456329e-03 4.155412316322326660e-03 5.236102733761072159e-03 1.513270195573568344e-03 5.557921249419450760e-03 1.097177062183618546e-02 2.246295660734176636e-02 7.113697007298469543e-03 3.239578753709793091e-02 1.433563698083162308e-02 5.721507966518402100e-02 3.588987514376640320e-02 2.075090818107128143e-02 7.508189417421817780e-03 5.081518553197383881e-03 1.129413489252328873e-02 4.201675765216350555e-03 6.295961793512105942e-03 1.069617178291082382e-02 1.876447116956114769e-03 1.436707284301519394e-02 6.108072120696306229e-03 7.706076372414827347e-03 3.337521775392815471e-05 4.260617773979902267e-03 1.086145453155040741e-02 8.153655566275119781e-03 1.025447854772210121e-03 3.306116908788681030e-03 2.020694315433502197e-02 1.128657907247543335e-02 2.510400861501693726e-02 4.218662623316049576e-03 1.196371763944625854e-02 6.247041746973991394e-04 1.928015239536762238e-02 4.390831454657018185e-04 1.695865578949451447e-02 5.076776724308729172e-03 2.044508233666419983e-02 1.498988550156354904e-02 5.535338073968887329e-03 1.693473011255264282e-02 5.441958550363779068e-03 6.059022271074354649e-04 7.904241792857646942e-03 1.706032454967498779e-02 5.204947665333747864e-03 4.943217616528272629e-03 6.706561543978750706e-04 1.502002030611038208e-02 1.862312480807304382e-02 1.768777333199977875e-02 6.523541174829006195e-03 2.416245080530643463e-02 1.352179609239101410e-02 3.976304549723863602e-03 5.331039894372224808e-03 1.407312578521668911e-03 2.538526896387338638e-03 1.342677511274814606e-02 2.284862659871578217e-02 1.387955737300217152e-03 7.548649329692125320e-03 1.178774423897266388e-02 1.406148914247751236e-02 8.770741522312164307e-03 1.437965314835309982e-03 1.021701144054532051e-03 1.873502321541309357e-02 5.014707800000905991e-03 1.259785424917936325e-02 5.238197743892669678e-03 1.605216530151665211e-03 1.721194386482238770e-02 1.168927177786827087e-02 1.270014327019453049e-02 1.348489429801702499e-02 1.438385515939444304e-04 1.413070596754550934e-02
2.878418425098061562e-03 3.029575804248452187e-03 3.966169804334640503e-02 2.752552973106503487e-03 2.192692086100578308e-02 6.380996201187372208e-03 1.055956166237592697e-02 8.670870661735534668e-01 8.868167642503976822e-04 5.335055757313966751e-03 1.237242016941308975e-02 6.576240994036197662e-03 3.817076794803142548e-03 1.112910266965627670e-02 4.983397200703620911e-02 3.335498506203293800e-03 8.682968094944953918e-03 8.500378578901290894e-03 1.127676945179700851e-02 2.213684609159827232e-03 1.694900915026664734e-02 1.876565068960189819e-02 6.403068080544471741e-03 8.424728177487850189e-03 1.275000814348459244e-02 9.906579740345478058e-03 2.480916492640972137e-02 1.699972781352698803e-03 8.127602748572826385e-03 7.019289769232273102e-04 2.183421514928340912e-03 3.497395198792219162e-03 1.342714764177799225e-02 2.966114785522222519e-03 8.359228260815143585e-03 3.610593965277075768e-03 4.098681165487505496e-05 7.655443158000707626e-03 1.436478225514292717e-03 1.562715508043766022e-03 1.947840861976146698e-02 5.207259207963943481e-03 3.498140024021267891e-03 1.760703697800636292e-02 7.762007415294647217e-03 1.625035330653190613e-02 7.292272057384252548e-03 3.851464716717600822e-03 1.088193338364362717e-02 2.782237948849797249e-03 8.362421765923500061e-03 7.394581101834774017e-03 1.739103533327579498e-02 1.617459394037723541e-02 1.385602355003356934e-02 6.248491350561380386e-03 1.326718949712812901e-03 4.722707904875278473e-03 1.347910892218351364e-02 2.352323941886425018e-02 9.908545762300491333e-03 8.709031157195568085e-03 2.054798603057861328e-02 1.873913593590259552e-02 3.184686601161956787e-02 1.970475167036056519e-02 5.120554473251104355e-03 6.988229230046272278e-03 2.861295593902468681e-03 3.381648659706115723e-02 1.273892633616924286e-02 2.270828187465667725e-02 1.351550687104463577e-03 1.949092373251914978e-02 9.490863420069217682e-03 1.368586439639329910e-02 1.232186146080493927e-02 8.767008781433105469e-03 5.281268153339624405e-03 4.522184375673532486e-03 6.327040493488311768e-02 6.826328486204147339e-02 1.513613387942314148e-02 2.462608739733695984e-02 2.252748934552073479e-03 6.236759945750236511e-03 4.797107726335525513e-02 4.496880993247032166e-02 7.787421811372041702e-03 9.672065265476703644e-03 1.027136202901601791e-02 3.663622960448265076e-02 5.158508662134408951e-03 3.186728432774543762e-02 2.446758153382688761e-04 7.547652814537286758e-03 1.107480749487876892e-02 1.176383811980485916e-02 1.289235893636941910e-02 1.120062079280614853e-03 1.122779957950115204e-02 1.832276117056608200e-03 1.891912892460823059e-02 7.070571184158325195e-03 1.181330159306526184e-02 1.689532771706581116e-02 9.660727344453334808e-03 2.975317649543285370e-03 3.316903894301503897e-04 5.032365676015615463e-03 1.175728999078273773e-02 1.083944272249937057e-02 3.522261977195739746e-03 2.802508650347590446e-03 2.871538884937763214e-02 2.687862142920494080e-02
3.564099082723259926e-03 1.320354919880628586e-02 1.215148810297250748e-02 1.298129186034202576e-02 8.422651328146457672e-03 9.210691787302494049e-03 2.715514414012432098e-02 8.868167642503976822e-04 8.670870661735534668e-01 3.633069992065429688e-02 1.907119899988174438e-02 3.383119031786918640e-02 1.391181442886590958e-02 3.112695366144180298e-02 1.135143078863620758e-02 2.089989557862281799e-02 1.850357279181480408e-02 3.586074709892272949e-02 2.878411114215850830e-02 4.176471382379531860e-03 1.289212703704833984e-02 9.541714563965797424e-03 2.736431360244750977e-02 2.496967650949954987e-02 2.868924476206302643e-02 2.171922475099563599e-02 1.365185994654893875e-02 2.074083685874938965e-02 2.118173614144325256e-02 1.925140991806983948e-02 1.981852948665618896e-02 2.055262960493564606e-02 1.889193989336490631e-02 1.522394828498363495e-02 1.798942126333713531e-02 2.066449634730815887e-02 1.650087721645832062e-02 9.653533808887004852e-03 1.163884997367858887e-02 1.255029812455177307e-02 2.258508466184139252e-03 1.727985590696334839e-02 4.400571808218955994e-03 2.839711727574467659e-03 2.412303583696484566e-03 7.233641110360622406e-03 3.000156395137310028e-02 2.082798257470130920e-02 3.825145959854125977e-02 1.274185534566640854e-02 1.385181117802858353e-02 1.633962243795394897e-02 1.081949006766080856e-02 1.553304842673242092e-03 4.013545066118240356e-02 2.890060096979141235e-02 2.750534005463123322e-02 2.309808321297168732e-02 9.218938648700714111e-03 5.716999527066946030e-03 2.389198727905750275e-02 1.910835132002830505e-02 3.549234243109822273e-03 8.947172202169895172e-03 9.859768673777580261e-03 1.813107356429100037e-02 1.623644120991230011e-02 1.251790765672922134e-02 1.882018707692623138e-02 2.103478275239467621e-02 1.738356798887252808e-02 2.933900244534015656e-02 8.274349384009838104e-03 2.857349254190921783e-02 1.514494605362415314e-02 3.150269761681556702e-02 3.487932682037353516e-02 3.078372403979301453e-02 3.601139783859252930e-02 1.419013272970914841e-02 1.389633305370807648e-02 3.084097057580947876e-03 2.987856231629848480e-02 2.431471832096576691e-02 2.694594487547874451e-02 2.829197607934474945e-02 7.308474741876125336e-04 1.673385500907897949e-03 2.670919150114059448e-02 2.889852598309516907e-02 2.355606667697429657e-02 3.339851740747690201e-03 1.293420884758234024e-02 1.279157586395740509e-02 8.649527095258235931e-03 9.484373964369297028e-03 2.668079361319541931e-02 2.801756747066974640e-02 2.986655756831169128e-02 1.918051578104496002e-02 1.566194929182529449e-02 6.901272106915712357e-03 1.285412907600402832e-02 1.584555953741073608e-02 1.412413455545902252e-02 3.679579822346568108e-03 1.775312423706054688e-02 3.528040647506713867e-02 3.062864532694220543e-03 1.409764122217893600e-02 8.357137441635131836e-03 1.074205990880727768e-02 1.874711923301219940e-02 1.310100127011537552e-02 2.106403233483433723e-03 1.812446862459182739e-02
1.692846417427062988e-03 1.549826352857053280e-03 1.294033788144588470e-02 1.260293368250131607e-02 7.116379681974649429e-03 8.635830134153366089e-03 3.721336135640740395e-03 5.335055757313966751e-03 3.633069992065429688e-02 8.670870661735534668e-01 1.165061257779598236e-02 2.335452102124691010e-02 1.184592116624116898e-02 2.349410951137542725e-02 8.480203337967395782e-03 7.927151396870613098e-03 7.218965329229831696e-03 3.157981112599372864e-02 4.722767323255538940e-02 1.602875813841819763e-02 1.773444935679435730e-02 3.757832804694771767e-03 2.598849125206470490e-02 2.331447601318359375e-02 2.652621455490589142e-02 1.993459835648536682e-02 1.207923609763383865e-02 1.019646599888801575e-02 2.296330779790878296e-02 1.225916016846895218e-02 1.023894175887107849e-02 2.226732298731803894e-02 1.685970276594161987e-02 2.231653593480587006e-02 1.464314106851816177e-02 1.420891378074884415e-02 1.912202499806880951e-02 9.523439221084117889e-03 3.363163210451602936e-03 5.036396440118551254e-03 4.643837746698409319e-05 2.859685197472572327e-02 1.543579623103141785e-02 1.806733664125204086e-03 1.538835745304822922e-02 2.132480405271053314e-02 1.271209772676229477e-02 6.241928786039352417e-03 3.267613425850868225e-02 2.991408668458461761e-02 2.017334848642349243e-02 1.547744311392307281e-02 2.912836847826838493e-03 2.370607107877731323e-03 2.892980538308620453e-02 4.557993263006210327e-02 1.103106047958135605e-02 2.880862914025783539e-02 2.327220281586050987e-03 3.904260462149977684e-03 1.912775635719299316e-02 3.003681637346744537e-02 2.270105760544538498e-03 1.297809835523366928e-02 9.052477777004241943e-03 5.245640873908996582e-03 2.482355572283267975e-02 1.815262250602245331e-02 6.183579564094543457e-03 2.706500142812728882e-02 1.514711044728755951e-02 1.730082184076309204e-02 1.722986344248056412e-03 2.973705343902111053e-02 9.093816392123699188e-03 1.497309096157550812e-02 1.740891486406326294e-02 3.569942712783813477e-02 3.584578633308410645e-02 4.421631246805191040e-02 8.953806012868881226e-03 1.133737061172723770e-02 1.722433231770992279e-02 3.824986889958381653e-02 2.161452546715736389e-02 3.379890695214271545e-02 1.382406102493405342e-03 9.611022658646106720e-03 1.629466190934181213e-02 3.796070441603660583e-02 1.661629788577556610e-02 1.043990161269903183e-02 6.678855512291193008e-03 1.400595251470804214e-02 1.127427723258733749e-02 1.154440082609653473e-02 2.114825695753097534e-02 9.899760596454143524e-03 2.870190516114234924e-02 2.447246573865413666e-02 1.500491797924041748e-02 1.427771337330341339e-02 6.483797915279865265e-03 9.631353430449962616e-03 1.192065887153148651e-02 3.717238083481788635e-03 1.272616628557443619e-02 1.761977560818195343e-02 2.156597096472978592e-03 2.042962796986103058e-02 3.768139285966753960e-03 3.066620847675949335e-04 2.455467358231544495e-02 1.773846894502639771e-02 7.176660001277923584e-03 1.924073509871959686e-02
6.248656660318374634e-02 5.836074426770210266e-02 4.376218188554048538e-03 9.333779104053974152e-03 5.339080467820167542e-03 1.935015991330146790e-02 4.414601996541023254e-02 1.237242016941308975e-02 1.907119899988174438e-02 1.165061257779598236e-02 8.670870661735534668e-01 1.697836257517337799e-02 6.471935659646987915e-02 1.510935556143522263e-02 1.882473751902580261e-02 1.429311279207468033e-02 1.242179702967405319e-02 1.987747289240360260e-02 1.782973855733871460e-02 5.542199593037366867e-03 2.769250568235293031e-05 2.829012088477611542e-02 7.065717596560716629e-03 6.704336032271385193e-03 9.177321568131446838e-03 6.567565258592367172e-03 1.761115156114101410e-02 6.215085741132497787e-03 4.137003794312477112e-02 8.052296936511993408e-03 4.306726902723312378e-02 6.894489284604787827e-03 1.051686052232980728e-02 9.033117443323135376e-03 9.116429719142615795e-04 2.250769874081015587e-03 6.018979474902153015e-04 1.534043252468109131e-02 5.021754186600446701e-03 4.630378913134336472e-03 1.666986942291259766e-02 1.296689268201589584e-02 1.758206449449062347e-02 1.120777148753404617e-02 1.481509581208229065e-02 1.078192144632339478e-03 4.103021696209907532e-02 1.347943115979433060e-02 1.884330064058303833e-02 6.004231981933116913e-03 5.061096977442502975e-03 1.270371256396174431e-03 1.732684485614299774e-02 2.075331658124923706e-02 1.594359055161476135e-02 7.375000044703483582e-03 1.329854596406221390e-02 1.082164607942104340e-02 1.890021562576293945e-02 2.372755110263824463e-02 1.194728654809296131e-03 5.614581983536481857e-03 1.773234270513057709e-02 8.524717763066291809e-03 4.454114660620689392e-02 5.591798573732376099e-02 6.205285433679819107e-03 1.120863296091556549e-02 1.187337655574083328e-02 2.981523750349879265e-03 1.315135601907968521e-02 3.669291269034147263e-03 1.460816524922847748e-02 7.000192534178495407e-03 8.918372914195060730e-03 1.042406167834997177e-02 5.754808895289897919e-03 6.259405985474586487e-03 2.820695750415325165e-02 1.445913221687078476e-02 1.690223999321460724e-02 2.406436577439308167e-02 8.574543520808219910e-03 8.889203891158103943e-03 9.436083957552909851e-03 1.687694899737834930e-02 3.482306748628616333e-02 3.389083594083786011e-02 9.739446453750133514e-03 2.087653987109661102e-02 3.695090860128402710e-02 3.119684942066669464e-02 2.524287439882755280e-02 2.167593687772750854e-02 1.269117742776870728e-02 1.974762789905071259e-02 4.961804952472448349e-03 1.628121361136436462e-02 9.386333636939525604e-03 9.567939676344394684e-03 5.409777164459228516e-03 1.017577387392520905e-02 1.318417396396398544e-02 2.114913426339626312e-03 1.021013967692852020e-02 1.101772673428058624e-02 6.159643642604351044e-03 8.292797952890396118e-03 1.612325757741928101e-02 2.301072236150503159e-04 1.273136120289564133e-02 1.474462635815143585e-02 6.642968859523534775e-03 1.044099684804677963e-02 1.400166749954223633e-02 6.534490239573642612e-05
3.557699266821146011e-03 2.134393434971570969e-03 8.370855823159217834e-03 1.108523271977901459e-02 1.357700675725936890e-02 2.659376338124275208e-02 1.248754747211933136e-02 6.576240994036197662e-03 3.383119031786918640e-02 2.335452102124691010e-02 1.697836257517337799e-02 8.670870661735534668e-01 1.718927919864654541e-02 4.928095638751983643e-02 1.924088411033153534e-02 2.052677236497402191e-02 2.069159410893917084e-02 2.335439063608646393e-02 1.757533848285675049e-02 8.507747203111648560e-03 1.611372642219066620e-02 1.397030893713235855e-02 3.429812192916870117e-02 3.242346644401550293e-02 2.734249271452426910e-02 2.282654680311679840e-02 6.891738623380661011e-03 3.199872002005577087e-02 3.082643076777458191e-02 3.448423370718955994e-02 3.247895836830139160e-02 2.118721231818199158e-02 1.866304501891136169e-02 1.902914419770240784e-02 1.519076991826295853e-02 1.829620823264122009e-02 1.360364258289337158e-02 1.256481837481260300e-02 1.542199030518531799e-02 1.550340279936790466e-02 5.356458481401205063e-03 1.033051963895559311e-02 2.492293016985058784e-03 3.646401921287178993e-03 9.078003466129302979e-03 2.134950459003448486e-02 3.153968974947929382e-02 1.688095554709434509e-02 2.047265693545341492e-02 1.487892679870128632e-02 2.130030840635299683e-02 2.314486913383007050e-02 1.154133491218090057e-02 4.227175086271017790e-04 1.938466913998126984e-02 1.389265619218349457e-02 2.472124062478542328e-02 2.285045012831687927e-02 5.448834039270877838e-03 9.299124940298497677e-04 1.406650803983211517e-02 1.190536096692085266e-02 1.375919207930564880e-02 1.165913883596658707e-02 1.641476340591907501e-02 1.993088796734809875e-02 2.151258662343025208e-02 2.218108251690864563e-02 9.746092371642589569e-03 1.425536535680294037e-02 8.812043815851211548e-03 2.289246208965778351e-02 6.771138869225978851e-03 2.305941469967365265e-02 1.512971147894859314e-02 2.572847530245780945e-02 2.916398458182811737e-02 2.568516321480274200e-02 2.775137871503829956e-02 1.152300275862216949e-02 8.105371380224823952e-04 1.052351482212543488e-02 2.528561279177665710e-02 1.614120788872241974e-02 3.450842946767807007e-02 3.007091954350471497e-02 6.518112495541572571e-03 1.183266751468181610e-02 2.883003465831279755e-02 3.303818404674530029e-02 2.679220587015151978e-02 5.227829795330762863e-03 1.588235236704349518e-02 1.050698757171630859e-02 1.138108503073453903e-02 1.480988133698701859e-02 2.891485206782817841e-02 2.709168195724487305e-02 1.265583373606204987e-02 1.622644066810607910e-02 1.332386862486600876e-02 1.376492809504270554e-02 2.084974199533462524e-02 2.469854988157749176e-02 1.319603808224201202e-02 8.014884777367115021e-03 1.144280564039945602e-02 2.320554666221141815e-02 6.393455900251865387e-03 6.873066537082195282e-03 1.428474299609661102e-02 2.022110112011432648e-02 2.021131478250026703e-02 1.668777130544185638e-02 5.845644511282444000e-03 1.958599872887134552e-02
5.496011301875114441e-02 5.708169192075729370e-02 2.371113747358322144e-03 1.242997031658887863e-02 7.705098949372768402e-03 9.847390465438365936e-03 3.372232988476753235e-02 3.817076794803142548e-03 1.391181442886590958e-02 1.184592116624116898e-02 6.471935659646987915e-02 1.718927919864654541e-02 8.670870661735534668e-01 1.540703326463699341e-02 1.722431182861328125e-02 1.458395831286907196e-02 9.337215684354305267e-03 1.153836026787757874e-02 1.489148288965225220e-02 6.869107484817504883e-03 8.706874214112758636e-03 2.574800141155719757e-02 1.933053135871887207e-03 2.039834624156355858e-03 1.183354295790195465e-02 1.081868656910955906e-03 2.057334035634994507e-02 3.968615084886550903e-03 4.231175035238265991e-02 6.537369452416896820e-03 5.238005891442298889e-02 1.799481571651995182e-03 9.281470440328121185e-03 6.423415616154670715e-03 3.615519031882286072e-03 2.616218058392405510e-03 7.748509757220745087e-03 1.671605184674263000e-02 1.101546362042427063e-02 1.467102952301502228e-02 1.040979288518428802e-02 9.962425567209720612e-03 2.269943803548812866e-02 1.887194067239761353e-02 1.421729102730751038e-02 4.163491539657115936e-04 3.116598911583423615e-02 1.604791544377803802e-02 2.252188697457313538e-02 4.704055376350879669e-03 7.080400828272104263e-04 3.314171626698225737e-04 2.022420614957809448e-02 2.910706028342247009e-02 1.067019719630479813e-02 1.376829692162573338e-03 8.660173974931240082e-03 5.890309344977140427e-03 2.250080369412899017e-02 3.100184537470340729e-02 2.731657586991786957e-03 7.724243681877851486e-03 1.515439525246620178e-02 7.139621768146753311e-03 4.270111769437789917e-02 6.282953917980194092e-02 1.107281888835132122e-03 1.103364489972591400e-02 1.901255734264850616e-02 4.306011833250522614e-03 1.043895352631807327e-02 3.113590180873870850e-03 2.341911941766738892e-02 6.986561231315135956e-03 1.584430597722530365e-02 7.244758307933807373e-03 3.758305450901389122e-03 2.971706446260213852e-03 2.860394492745399475e-02 1.326558459550142288e-02 7.869766093790531158e-03 8.571944781579077244e-04 4.503607284277677536e-03 1.212982647120952606e-02 1.374918222427368164e-02 2.486690878868103027e-02 2.013430185616016388e-02 2.452323399484157562e-02 8.258405141532421112e-03 2.302466332912445068e-02 4.018739983439445496e-02 2.624253369867801666e-02 3.883052244782447815e-02 2.010278776288032532e-02 2.203728817403316498e-02 2.692717872560024261e-02 2.971070585772395134e-03 1.769364811480045319e-02 1.404563244432210922e-02 1.542316377162933350e-02 1.507911644876003265e-02 1.689883321523666382e-02 5.594155751168727875e-03 4.222115501761436462e-03 1.112967915832996368e-02 1.182677317410707474e-02 3.830888541415333748e-03 9.884603787213563919e-05 2.346125245094299316e-02 5.539161618798971176e-03 1.036706101149320602e-02 9.190621785819530487e-03 4.727354273200035095e-03 1.152135152369737625e-02 1.671192422509193420e-02 3.159906715154647827e-03
