8.339762091636657715e-01 6.450302898883819580e-02 2.966213738545775414e-03 1.124349143356084824e-02 1.191895641386508942e-02 4.317686334252357483e-02 3.443185240030288696e-02 7.650209125131368637e-03 2.189962565898895264e-02 9.562139399349689484e-03 4.690092056989669800e-02 2.925552241504192352e-02 4.802979528903961182e-02 2.708479389548301697e-02 3.666148334741592407e-02 2.968353033065795898e-02 2.704986743628978729e-02 8.184920996427536011e-03 1.728790812194347382e-02 2.587215416133403778e-02 2.783540450036525726e-02 7.883658632636070251e-03 2.569933608174324036e-02 2.636603638529777527e-02 3.074338287115097046e-02 2.987670898437500000e-02 1.316048391163349152e-02 3.468079864978790283e-02 1.966648362576961517e-02 3.852276131510734558e-02 2.894883602857589722e-02 9.856248274445533752e-03 1.883426215499639511e-03 1.424833014607429504e-02 8.386299014091491699e-03 3.039384447038173676e-02 3.414079919457435608e-02 1.655279658734798431e-02 1.110568456351757050e-02 1.024789828807115555e-02 2.168867178261280060e-02 2.138956263661384583e-02 2.546770125627517700e-02 3.219202335458248854e-04 6.317587103694677353e-04 1.692499034106731415e-03 2.316812612116336823e-02 2.251172624528408051e-02 6.136149168014526367e-03 7.941537536680698395e-03 2.378818579018115997e-02 3.142888471484184265e-02 2.866003476083278656e-02 2.603187598288059235e-02 4.665069747716188431e-03 1.718056946992874146e-02 1.806564442813396454e-02 2.448822371661663055e-02 1.255412679165601730e-02 1.402669306844472885e-02 3.126365132629871368e-03 1.450640987604856491e-02 1.701381988823413849e-03 4.749541636556386948e-03 2.115869335830211639e-02 1.827345415949821472e-02 2.199910022318363190e-02 3.267604485154151917e-02 2.877441234886646271e-02 1.093663088977336884e-02 2.617656625807285309e-02 2.038611331954598427e-03 2.935773879289627075e-02 1.774464733898639679e-02 2.993234619498252869e-02 2.967765089124441147e-03 2.691349945962429047e-02 2.095633745193481445e-02 1.226322352886199951e-02 1.261674240231513977e-02 1.779379905201494694e-03 2.271758567076176405e-04 1.788565423339605331e-03 9.170971810817718506e-03 1.594615355134010315e-02 3.617920912802219391e-03 2.102592960000038147e-02 9.854728356003761292e-03 2.070360817015171051e-02 1.673151925206184387e-02 2.004906162619590759e-02 1.087359851226210594e-03 7.719906978309154510e-03 3.402418689802289009e-03 1.580197177827358246e-02 2.093196101486682892e-02 2.827226126100867987e-04 1.047191210091114044e-03 2.781095542013645172e-02 2.605504915118217468e-02 1.945924945175647736e-02 2.456639148294925690e-02 8.631322416476905346e-04 2.346904017031192780e-03 1.960662566125392914e-02 1.853639259934425354e-02 1.692721992731094360e-02 1.688026939518749714e-03 2.593087032437324524e-02 4.226136486977338791e-03 9.171633049845695496e-03 1.332894549705088139e-03 2.890517748892307281e-02 2.152628079056739807e-02 9.052751585841178894e-03 3.425037721171975136e-03
6.450302898883819580e-02 8.339762091636657715e-01 2.712632762268185616e-03 3.147552255541086197e-03 7.247460307553410530e-04 3.747621923685073853e-02 3.256450966000556946e-02 8.023214526474475861e-03 2.201834879815578461e-02 1.095918286591768265e-02 4.262010753154754639e-02 2.501788176596164703e-02 4.992783442139625549e-02 2.498686499893665314e-02 3.413859009742736816e-02 2.537239156663417816e-02 2.484826929867267609e-02 6.316507235169410706e-03 1.802068389952182770e-02 2.151329070329666138e-02 2.466257102787494659e-02 1.299555180594325066e-03 3.000614978373050690e-02 3.151911869645118713e-02 2.851612307131290436e-02 3.033781982958316803e-02 1.946659572422504425e-02 3.052358888089656830e-02 1.652020961046218872e-02 3.685156628489494324e-02 2.533341944217681885e-02 9.895199909806251526e-03 5.900376942008733749e-03 1.236462499946355820e-02 1.167902536690235138e-02 3.325735405087471008e-02 3.525134548544883728e-02 1.062192395329475403e-02 7.588005624711513519e-03 1.055480167269706726e-02 1.678850129246711731e-02 2.002210915088653564e-02 1.907352358102798462e-02 4.507127217948436737e-03 1.412215759046375751e-03 4.106947686523199081e-03 2.128632366657257080e-02 1.825503632426261902e-02 1.422728318721055984e-02 1.329166349023580551e-03 2.310341037809848785e-02 3.206325322389602661e-02 2.499853819608688354e-02 2.189285494387149811e-02 1.342471409589052200e-02 4.084045998752117157e-03 1.643463596701622009e-02 2.689901739358901978e-02 1.204410474747419357e-02 1.638356968760490417e-02 1.341225346550345421e-03 8.816126734018325806e-03 2.629440976306796074e-03 5.570628214627504349e-03 1.963783241808414459e-02 1.780032366514205933e-02 2.009687386453151703e-02 2.970756404101848602e-02 2.589241974055767059e-02 1.054626889526844025e-02 2.803271263837814331e-02 1.544598955661058426e-03 1.995461992919445038e-02 1.672065071761608124e-02 2.186623588204383850e-02 1.004833541810512543e-02 2.491209283471107483e-02 1.845279149711132050e-02 1.093787886202335358e-02 1.406744588166475296e-02 5.017737857997417450e-04 3.014639019966125488e-03 4.054111428558826447e-03 1.096727140247821808e-02 1.676221564412117004e-02 3.649749094620347023e-03 1.607164368033409119e-02 1.013389229774475098e-02 1.653449609875679016e-02 1.285038143396377563e-02 1.922707818448543549e-02 6.134768482297658920e-03 8.695107884705066681e-03 9.270117734558880329e-04 1.388549152761697769e-02 1.988745480775833130e-02 2.104796702042222023e-03 1.514033530838787556e-03 2.590521238744258881e-02 2.342691086232662201e-02 1.559419464319944382e-02 1.793656311929225922e-02 3.442704910412430763e-03 2.394397277384996414e-03 1.849259063601493835e-02 1.953185163438320160e-02 1.490693632513284683e-02 3.372048493474721909e-03 2.418474480509757996e-02 5.781895481050014496e-03 9.330544620752334595e-03 1.443279143131803721e-05 2.172829024493694305e-02 1.441401615738868713e-02 7.583919446915388107e-03 4.354837583377957344e-04
2.966213738545775414e-03 2.712632762268185616e-03 8.339762091636657715e-01 1.987756788730621338e-02 1.953271031379699707e-02 6.211334373801946640e-03 5.858541466295719147e-03 5.856745690107345581e-02 3.709993092343211174e-03 1.300333882682025433e-03 2.324269851669669151e-03 2.406911225989460945e-03 2.684770850464701653e-03 3.322798060253262520e-03 1.837441883981227875e-02 6.038993597030639648e-03 1.460781972855329514e-02 1.588710700161755085e-03 1.451576780527830124e-02 2.830771554727107286e-04 8.059982792474329472e-04 4.543639719486236572e-03 4.280733701307326555e-04 3.950370941311120987e-03 4.540046211332082748e-03 3.511719871312379837e-03 3.115344233810901642e-02 8.298840373754501343e-03 1.548930071294307709e-02 1.077363267540931702e-02 7.893615402281284332e-03 1.991322636604309082e-02 2.577689476311206818e-03 1.809826865792274475e-02 3.053433494642376900e-03 1.451915781944990158e-02 1.521424576640129089e-02 2.093139849603176117e-02 9.587620384991168976e-03 1.515572145581245422e-02 2.076997235417366028e-02 9.129661135375499725e-03 4.411776317283511162e-04 4.015282914042472839e-02 4.702955484390258789e-03 2.081821439787745476e-03 2.710221451707184315e-04 4.530683800112456083e-04 9.071462554857134819e-04 9.418789297342300415e-03 1.108009717427194118e-03 2.948409412056207657e-03 1.979888230562210083e-02 2.020008303225040436e-02 8.912828750908374786e-03 1.592767052352428436e-02 1.467191614210605621e-03 2.222561277449131012e-03 3.459225594997406006e-02 2.961729466915130615e-02 5.506925284862518311e-03 2.421102672815322876e-02 2.516205050051212311e-02 2.615115605294704437e-02 3.356041386723518372e-02 2.951689064502716064e-02 1.000154484063386917e-02 1.494249608367681503e-02 7.689556572586297989e-03 1.430105417966842651e-02 9.719301946461200714e-03 1.647109165787696838e-02 1.344020944088697433e-02 9.485760703682899475e-03 1.244661770761013031e-02 1.279362291097640991e-02 8.678275160491466522e-03 2.151932800188660622e-03 5.625615362077951431e-03 1.156665151938796043e-03 7.875123620033264160e-02 6.386812031269073486e-02 1.190004218369722366e-02 9.548607282340526581e-03 1.653112284839153290e-02 1.838305965065956116e-02 4.520374909043312073e-02 4.059305414557456970e-02 7.877417840063571930e-03 1.284719631075859070e-02 1.116814743727445602e-02 2.984858304262161255e-02 1.632350683212280273e-02 2.331453748047351837e-02 1.132278889417648315e-02 9.232120937667787075e-04 1.643616519868373871e-02 7.398700807243585587e-03 2.831976627930998802e-03 5.077414214611053467e-03 3.701674984768033028e-03 1.558954827487468719e-02 1.658950559794902802e-02 1.319340150803327560e-02 1.835756190121173859e-02 2.591777779161930084e-02 1.445843931287527084e-02 1.603363268077373505e-02 3.613967914134263992e-03 1.600854471325874329e-02 3.151363506913185120e-02 1.856259070336818695e-02 1.325109135359525681e-02 8.377146150451153517e-05 2.272322401404380798e-02 1.960567943751811981e-02
1.124349143356084824e-02 3.147552255541086197e-03 1.987756788730621338e-02 8.339762091636657715e-01 8.810158073902130127e-02 6.396073731593787670e-04 2.755362540483474731e-03 1.177945826202630997e-02 1.877384632825851440e-02 1.443378906697034836e-02 3.568359185010194778e-03 1.638840511441230774e-02 2.119374461472034454e-03 1.569697866216301918e-03 6.371427327394485474e-03 1.029747445136308670e-02 9.042034856975078583e-03 2.653408981859683990e-02 6.055624224245548248e-03 1.910525490529835224e-03 1.546142529696226120e-02 1.630136929452419281e-02 4.333334974944591522e-03 1.624993514269590378e-03 1.070356927812099457e-02 8.078359067440032959e-03 2.896807156503200531e-02 2.092136070132255554e-02 9.945402853190898895e-03 7.206569891422986984e-03 1.515358965843915939e-02 9.064693003892898560e-03 1.976831257343292236e-02 3.082685172557830811e-03 2.111447229981422424e-02 1.044673379510641098e-02 1.153130363672971725e-02 7.736172527074813843e-03 2.175883203744888306e-02 1.763076148927211761e-02 5.133872386068105698e-03 1.722273975610733032e-02 1.812892965972423553e-02 4.539549723267555237e-02 7.261761929839849472e-03 1.203364785760641098e-02 2.279496006667613983e-02 1.388408616185188293e-02 1.111961994320154190e-02 3.568358719348907471e-02 2.711657434701919556e-02 2.191797085106372833e-02 8.120434358716011047e-03 6.253132130950689316e-03 1.915219239890575409e-03 2.568501792848110199e-02 5.236648768186569214e-02 2.420604974031448364e-02 1.117086037993431091e-02 7.141539361327886581e-03 1.668203622102737427e-02 1.755905523896217346e-02 4.130309820175170898e-02 3.195235505700111389e-02 1.408495660871267319e-02 1.453939266502857208e-02 3.652177052572369576e-03 2.123014815151691437e-02 3.341897204518318176e-02 1.906912215054035187e-02 2.622863650321960449e-02 8.453950285911560059e-03 5.866959318518638611e-02 1.513189822435379028e-02 4.612728953361511230e-02 5.385945551097393036e-03 3.668846935033798218e-02 1.050614635460078716e-03 1.296110567636787891e-03 2.072098478674888611e-02 8.918852545320987701e-03 1.929195038974285126e-02 5.493548139929771423e-02 1.325548859313130379e-03 1.032608706736937165e-04 5.690528545528650284e-03 1.207611756399273872e-03 7.493569049984216690e-03 3.511936590075492859e-02 1.586754992604255676e-02 3.274049377068877220e-03 1.480122283101081848e-02 2.647727727890014648e-02 6.013860460370779037e-03 1.779829850420355797e-03 1.007852051407098770e-02 2.359133958816528320e-02 6.389561574906110764e-03 1.464314106851816177e-02 1.467723865061998367e-02 4.608307965099811554e-03 1.518464850960299373e-04 1.723145693540573120e-02 9.151891805231571198e-03 1.831073313951492310e-03 6.693252827972173691e-03 2.832468831911683083e-03 3.543127328157424927e-02 4.513873427640646696e-04 1.520161703228950500e-02 1.682998985052108765e-02 1.576721668243408203e-02 1.116996072232723236e-02 1.760297082364559174e-02 3.692777594551444054e-03 7.975959219038486481e-03
1.191895641386508942e-02 7.247460307553410530e-04 1.953271031379699707e-02 8.810158073902130127e-02 8.339762091636657715e-01 1.560711825732141733e-04 3.115790430456399918e-03 1.992723345756530762e-02 1.697727479040622711e-02 4.713363014161586761e-03 3.458786057308316231e-03 2.128931693732738495e-02 7.875705487094819546e-04 1.015242002904415131e-02 8.187612518668174744e-03 1.383573189377784729e-02 1.861058548092842102e-02 2.782904542982578278e-02 1.853703521192073822e-02 4.267854616045951843e-03 1.647207699716091156e-02 1.260687131434679031e-02 6.288612261414527893e-03 1.792613882571458817e-03 1.154750399291515350e-02 2.287422539666295052e-04 2.881187200546264648e-02 1.902515627443790436e-02 7.115905173122882843e-03 1.118040550500154495e-02 1.015483681112527847e-02 1.131413038820028305e-02 1.676911301910877228e-02 6.166464183479547501e-03 1.139320805668830872e-02 7.986783050000667572e-03 5.720645189285278320e-03 4.630113486200571060e-03 3.255800902843475342e-02 3.225223347544670105e-02 3.785025095567107201e-03 2.046231552958488464e-02 2.132488600909709930e-02 3.821606189012527466e-02 7.444686489179730415e-04 4.026729613542556763e-03 1.475502736866474152e-02 7.060151081532239914e-03 2.081715967506170273e-03 3.572895750403404236e-02 2.323088422417640686e-02 1.784836128354072571e-02 9.282439947128295898e-03 6.950876675546169281e-03 1.020322088152170181e-02 2.868176437914371490e-02 4.281165450811386108e-02 2.444655634462833405e-02 5.289025139063596725e-03 4.334789235144853592e-03 1.677842810750007629e-02 1.823917031288146973e-02 3.425056114792823792e-02 2.678648009896278381e-02 9.974396787583827972e-03 8.707034401595592499e-03 4.652981006074696779e-04 2.019016258418560028e-02 2.982860617339611053e-02 1.668333634734153748e-02 2.861957810819149017e-02 1.335599925369024277e-02 5.757983773946762085e-02 1.458604820072650909e-02 5.347116291522979736e-02 5.550504196435213089e-03 3.248886018991470337e-02 1.124288141727447510e-02 6.154615432024002075e-03 1.312468480318784714e-02 1.754291728138923645e-02 2.698390558362007141e-02 5.446149036288261414e-02 2.123763598501682281e-02 3.705741837620735168e-03 5.207315087318420410e-03 4.123206716030836105e-03 1.475416403263807297e-02 3.271581232547760010e-02 2.268909476697444916e-02 3.532240167260169983e-03 1.314022205770015717e-02 2.004878409206867218e-02 5.545346066355705261e-04 7.112493738532066345e-03 4.025287926197052002e-03 1.902511529624462128e-02 6.539717316627502441e-03 1.755716279149055481e-02 1.490633096545934677e-02 4.005468217656016350e-04 3.028305480256676674e-03 1.404281519353389740e-02 7.030772045254707336e-03 6.370462011545896530e-03 6.335903890430927277e-03 3.160462714731693268e-03 2.238356135785579681e-02 4.961645230650901794e-03 1.365679688751697540e-02 1.366337202489376068e-02 1.719291321933269501e-02 1.412442233413457870e-02 2.082884684205055237e-02 9.518371894955635071e-03 1.054337900131940842e-02
4.317686334252357483e-02 3.747621923685073853e-02 6.211334373801946640e-03 6.396073731593787670e-04 1.560711825732141733e-04 8.339762091636657715e-01 7.180692255496978760e-02 5.706502124667167664e-03 2.881536260247230530e-02 7.923312485218048096e-03 4.286595806479454041e-02 2.656516991555690765e-02 3.792802616953849792e-02 3.046813048422336578e-02 2.536571957170963287e-02 3.370616957545280457e-02 2.125932462513446808e-02 5.021962802857160568e-03 1.196219399571418762e-02 1.731761917471885681e-02 2.201194874942302704e-02 2.133116498589515686e-02 3.107033669948577881e-02 3.653943911194801331e-02 1.750683225691318512e-02 2.437030524015426636e-02 6.085464265197515488e-04 5.315852910280227661e-02 1.031288597732782364e-02 4.816901683807373047e-02 3.160186484456062317e-02 2.477290108799934387e-02 2.623845124617218971e-03 1.884383335709571838e-02 5.908425431698560715e-03 1.501237787306308746e-02 2.165056020021438599e-02 6.549589335918426514e-03 1.856500096619129181e-02 8.387222886085510254e-03 8.326773531734943390e-03 9.639709256589412689e-03 2.939445339143276215e-02 9.060375392436981201e-03 1.172626111656427383e-02 1.812970731407403946e-03 4.921479895710945129e-02 4.702232405543327332e-02 1.017775665968656540e-02 5.209439434111118317e-03 9.872504509985446930e-03 1.700975745916366577e-02 1.093013677746057510e-02 3.929643891751766205e-03 2.500887028872966766e-02 1.124554593116044998e-02 1.100913528352975845e-02 8.289637044072151184e-03 3.910275641828775406e-03 2.285009715706110001e-03 2.239289321005344391e-02 6.111244671046733856e-03 1.292604114860296249e-02 7.532265502959489822e-03 1.214662101119756699e-02 1.062523387372493744e-02 1.171952392905950546e-02 2.398130111396312714e-02 3.077763877809047699e-02 1.000420656055212021e-02 1.271517761051654816e-02 1.156949531286954880e-02 2.295345999300479889e-02 1.470077224075794220e-02 2.301196567714214325e-02 6.828444544225931168e-03 1.971480250358581543e-02 1.266040746122598648e-02 1.447810791432857513e-02 6.704506464302539825e-03 3.160759573802351952e-03 6.576922722160816193e-03 1.455503888428211212e-02 1.097910758107900620e-02 4.134999122470617294e-03 1.950497855432331562e-03 1.688225008547306061e-02 5.599987227469682693e-03 3.733395412564277649e-02 1.616834476590156555e-02 7.891966961324214935e-03 7.201493252068758011e-03 1.078894641250371933e-02 1.067433622665703297e-03 1.803556643426418304e-02 1.100957114249467850e-02 8.063560351729393005e-03 3.967929165810346603e-03 2.385717630386352539e-02 2.579239942133426666e-02 1.938546635210514069e-02 2.220260910689830780e-02 5.287244915962219238e-03 6.463894620537757874e-03 1.702058129012584686e-03 5.927689373493194580e-03 2.157125249505043030e-02 1.674208417534828186e-02 2.694115601480007172e-02 1.139506325125694275e-02 7.031958550214767456e-03 1.501382328569889069e-02 2.190652489662170410e-02 2.417261153459548950e-02 3.500765888020396233e-03 1.903393864631652832e-02
3.443185240030288696e-02 3.256450966000556946e-02 5.858541466295719147e-03 2.755362540483474731e-03 3.115790430456399918e-03 7.180692255496978760e-02 8.339762091636657715e-01 6.197575945407152176e-03 2.454494684934616089e-02 1.196095347404479980e-02 4.049688950181007385e-02 1.519678160548210144e-02 3.386177867650985718e-02 2.531806193292140961e-02 1.696176081895828247e-02 2.916276454925537109e-02 1.950808987021446228e-02 1.305043045431375504e-02 6.880495348013937473e-04 1.441030576825141907e-02 2.724426798522472382e-02 1.196842361241579056e-02 3.499386459589004517e-02 4.334405809640884399e-02 1.115713920444250107e-02 2.472781948745250702e-02 1.285538193769752979e-03 4.800831153988838196e-02 4.193343222141265869e-03 4.329843819141387939e-02 3.114846721291542053e-02 2.550422959029674530e-02 4.441316239535808563e-03 2.394855953752994537e-02 9.343137033283710480e-03 1.155385468155145645e-02 2.097354829311370850e-02 1.647736527957022190e-03 1.464935485273599625e-02 8.219346404075622559e-03 1.868942053988575935e-03 7.067448925226926804e-03 3.069387190043926239e-02 9.936981834471225739e-03 1.764292456209659576e-02 4.303064662963151932e-03 4.858389124274253845e-02 5.255020782351493835e-02 1.756471395492553711e-02 5.447888281196355820e-03 9.015185758471488953e-03 1.709910295903682709e-02 7.189889438450336456e-04 5.692627746611833572e-04 3.209361433982849121e-02 4.049919079989194870e-03 2.688829088583588600e-03 3.348656464368104935e-03 4.137272015213966370e-03 4.610064439475536346e-03 2.996455505490303040e-02 7.640205789357423782e-03 1.767223700881004333e-02 2.089574234560132027e-03 4.286210052669048309e-03 6.987440865486860275e-03 1.466086413711309433e-02 2.702328003942966461e-02 2.867515012621879578e-02 7.042362354695796967e-03 1.328828185796737671e-02 1.083223801106214523e-02 1.151572167873382568e-02 9.658153168857097626e-03 1.435446273535490036e-02 4.252620972692966461e-03 1.097839046269655228e-02 6.506989710032939911e-03 1.759002543985843658e-02 3.450296819210052490e-03 3.489537863060832024e-03 4.187012091279029846e-03 1.536075398325920105e-02 2.178543992340564728e-02 1.145568443462252617e-03 3.199580824002623558e-03 1.405730471014976501e-02 3.260976169258356094e-03 3.497990220785140991e-02 1.504560653120279312e-02 2.843814203515648842e-03 4.440563730895519257e-03 8.995498530566692352e-03 3.654020139947533607e-03 1.748668774962425232e-02 1.181648299098014832e-02 1.135672256350517273e-02 3.523031249642372131e-03 2.155084535479545593e-02 2.686635963618755341e-02 1.350599341094493866e-02 1.887069083750247955e-02 1.076031010597944260e-02 1.393445860594511032e-02 8.077933453023433685e-03 9.346177801489830017e-03 1.619837060570716858e-02 1.650878600776195526e-02 2.353648096323013306e-02 1.350030675530433655e-02 1.391294505447149277e-02 1.945844106376171112e-02 1.767243258655071259e-02 1.782931387424468994e-02 7.088612765073776245e-04 2.563455514609813690e-02
7.650209125131368637e-03 8.023214526474475861e-03 5.856745690107345581e-02 1.177945826202630997e-02 1.992723345756530762e-02 5.706502124667167664e-03 6.197575945407152176e-03 8.339762091636657715e-01 1.373483240604400635e-02 7.447613170370459557e-04 2.947708964347839355e-02 6.288026925176382065e-03 2.534906566143035889e-02 6.410756614059209824e-03 4.983682185411453247e-02 1.023669540882110596e-02 1.031413394957780838e-02 1.782407797873020172e-02 4.892043303698301315e-03 1.114679127931594849e-02 7.359529379755258560e-03 1.665578410029411316e-02 6.626691203564405441e-03 5.626984871923923492e-03 1.873703300952911377e-02 1.724841818213462830e-02 1.964924111962318420e-02 6.099363323301076889e-03 1.791640184819698334e-02 7.900192402303218842e-03 1.646038703620433807e-02 1.620748452842235565e-02 1.247560139745473862e-02 1.713939011096954346e-02 1.993352361023426056e-02 1.484803389757871628e-02 1.205125264823436737e-02 2.443008311092853546e-02 2.057158015668392181e-02 2.625541819725185633e-04 1.990190707147121429e-02 1.485688425600528717e-02 5.303768906742334366e-03 7.560553960502147675e-03 1.917605288326740265e-02 1.749019138514995575e-02 7.647750899195671082e-03 7.232470437884330750e-03 1.389398006722331047e-03 1.210559625178575516e-03 1.158767752349376678e-02 9.854074567556381226e-03 2.047090977430343628e-02 3.045376576483249664e-02 2.540813060477375984e-03 1.866258913651108742e-03 3.524858970195055008e-03 6.439719814807176590e-03 3.046478889882564545e-02 4.189887642860412598e-02 8.910190314054489136e-03 1.805067248642444611e-02 4.954136908054351807e-03 1.520048535894602537e-04 3.146216645836830139e-02 3.938413411378860474e-02 1.509018125943839550e-03 1.342354435473680496e-02 1.242785714566707611e-02 2.451350737828761339e-04 7.898070849478244781e-03 1.363601163029670715e-02 1.421627867966890335e-02 1.419400068698450923e-04 1.298641785979270935e-02 9.749293094500899315e-04 1.332688145339488983e-02 8.478085510432720184e-03 3.636757843196392059e-03 8.589215576648712158e-03 7.705716788768768311e-02 5.855488032102584839e-02 1.864982768893241882e-02 4.143987782299518585e-03 1.822760328650474548e-03 5.318149458616971970e-03 6.896928697824478149e-02 4.800834506750106812e-02 3.155060112476348877e-03 4.143374040722846985e-03 5.062296986579895020e-03 1.692515797913074493e-02 1.345263607800006866e-02 2.336520329117774963e-02 1.117813866585493088e-02 1.465086825191974640e-03 5.685785785317420959e-03 1.589549705386161804e-03 9.972257539629936218e-03 2.633637981489300728e-03 1.045229937881231308e-02 1.058128289878368378e-02 5.999046261422336102e-04 1.133763976395130157e-02 9.655809029936790466e-03 2.535068057477474213e-02 1.288031600415706635e-02 2.101729623973369598e-02 2.564258407801389694e-03 1.681354083120822906e-02 1.634212769567966461e-02 2.374729607254266739e-03 1.899455301463603973e-02 1.866180077195167542e-02 2.685233391821384430e-02 1.114362571388483047e-02
2.189962565898895264e-02 2.201834879815578461e-02 3.709993092343211174e-03 1.877384632825851440e-02 1.697727479040622711e-02 2.881536260247230530e-02 2.454494684934616089e-02 1.373483240604400635e-02 8.339762091636657715e-01 4.037195350974798203e-03 2.535183541476726532e-02 1.985912770032882690e-02 2.169656939804553986e-02 4.576819948852062225e-03 8.335930760949850082e-04 3.692950308322906494e-02 2.146131172776222229e-02 4.331067204475402832e-02 1.932361046783626080e-04 1.296133827418088913e-02 7.647111080586910248e-03 1.449725404381752014e-02 2.275630272924900055e-02 1.756226271390914917e-02 1.248915586620569229e-02 1.351179741322994232e-02 1.111415121704339981e-02 2.053751796483993530e-02 1.643433794379234314e-02 8.338630199432373047e-03 2.095486037433147430e-02 2.235869504511356354e-02 5.207862704992294312e-04 1.094070076942443848e-02 1.228816225193440914e-03 1.975137554109096527e-02 6.277638953179121017e-03 3.361777402460575104e-03 2.594313025474548340e-02 2.816594205796718597e-03 6.284075323492288589e-03 4.105888679623603821e-02 2.040354907512664795e-02 1.757827959954738617e-02 2.033214271068572998e-02 1.884752325713634491e-02 2.614845149219036102e-02 2.616622857749462128e-02 4.673606529831886292e-02 9.083257056772708893e-03 1.402411423623561859e-02 1.764921285212039948e-02 5.068596452474594116e-03 2.605960471555590630e-03 4.025296866893768311e-02 7.635769899934530258e-03 2.484766952693462372e-02 7.055252324789762497e-03 1.713418867439031601e-03 2.942035906016826630e-03 3.786540776491165161e-02 3.758190199732780457e-03 2.685123821720480919e-03 3.365670097991824150e-03 5.628176964819431305e-03 1.279401779174804688e-02 7.170084863901138306e-04 5.724322050809860229e-03 5.530996248126029968e-02 1.517086103558540344e-02 1.782322674989700317e-02 2.044750377535820007e-02 3.181508556008338928e-02 2.108958922326564789e-02 2.009458094835281372e-02 1.672773249447345734e-02 6.164176017045974731e-02 1.969368383288383484e-02 2.097399160265922546e-02 8.885722607374191284e-03 6.911950185894966125e-03 1.447733025997877121e-02 5.287884175777435303e-02 1.300901453942060471e-02 1.548026409000158310e-02 1.250091940164566040e-02 2.510358463041484356e-04 2.643731888383626938e-03 2.613263390958309174e-02 4.299343563616275787e-04 1.615303009748458862e-02 3.129755496047437191e-04 1.492270827293395996e-02 1.023830845952033997e-02 3.650477528572082520e-02 1.656739227473735809e-02 4.461376927793025970e-03 2.735441364347934723e-02 3.941757231950759888e-02 3.100168332457542419e-02 3.096982836723327637e-02 1.902459375560283661e-02 8.030512370169162750e-03 8.780441130511462688e-04 7.876199670135974884e-03 1.627244800329208374e-02 2.624396421015262604e-02 8.147096377797424793e-04 2.702915109694004059e-02 8.185722865164279938e-03 8.970495400717481971e-05 3.909559920430183411e-03 1.903623156249523163e-02 2.011987939476966858e-02 6.587910931557416916e-03 1.104106940329074860e-02
9.562139399349689484e-03 1.095918286591768265e-02 1.300333882682025433e-03 1.443378906697034836e-02 4.713363014161586761e-03 7.923312485218048096e-03 1.196095347404479980e-02 7.447613170370459557e-04 4.037195350974798203e-03 8.339762091636657715e-01 1.227508019655942917e-02 1.370551157742738724e-02 1.581697911024093628e-02 3.818856179714202881e-02 1.409802306443452835e-02 5.636998452246189117e-03 3.041940182447433472e-02 1.596849784255027771e-02 6.171481311321258545e-02 1.143509801477193832e-02 2.095446921885013580e-02 2.909606508910655975e-02 1.945742964744567871e-02 3.616477549076080322e-02 1.071718707680702209e-02 1.196110155433416367e-02 3.021213226020336151e-02 6.005602888762950897e-03 5.997748579829931259e-03 1.253151334822177887e-02 5.960312206298112869e-03 1.224526786245405674e-03 1.788137853145599365e-02 1.843243092298507690e-02 9.737278334796428680e-03 1.540555036626756191e-03 1.864915899932384491e-02 1.521668955683708191e-02 1.479724887758493423e-02 1.778591237962245941e-02 1.438742969185113907e-02 1.775680668652057648e-02 9.469925425946712494e-03 5.817702971398830414e-03 3.925452940165996552e-03 5.689614918082952499e-03 8.810231462121009827e-03 7.750174030661582947e-03 8.323346264660358429e-03 5.372465401887893677e-02 2.700736804399639368e-04 1.742418482899665833e-02 5.360413342714309692e-03 7.342339958995580673e-03 2.787948120385408401e-03 5.412204563617706299e-02 2.920621447265148163e-02 3.272406384348869324e-02 8.136241231113672256e-04 6.957135628908872604e-03 6.030031014233827591e-03 3.994140774011611938e-02 2.398650534451007843e-02 2.093924675136804581e-03 4.655408207327127457e-03 5.571566522121429443e-03 2.436141856014728546e-02 3.209835151210427284e-03 7.325193844735622406e-03 3.080253116786479950e-02 4.066361859440803528e-02 1.114690676331520081e-02 2.203404344618320465e-02 3.065623156726360321e-02 1.294927438721060753e-03 1.159127056598663330e-02 1.463450957089662552e-02 5.875569209456443787e-02 1.192573551088571548e-02 4.303263127803802490e-02 9.245838969945907593e-03 3.528934670612215996e-03 1.184664946049451828e-02 4.773153364658355713e-02 2.333861484657973051e-04 3.132455516606569290e-03 3.903419943526387215e-03 1.373144797980785370e-02 1.638695411384105682e-02 6.282740831375122070e-02 6.269670091569423676e-03 1.986040361225605011e-02 3.737276885658502579e-03 1.307578198611736298e-02 3.654429689049720764e-03 2.319376915693283081e-02 3.282683342695236206e-02 2.125188894569873810e-02 1.921722479164600372e-02 1.375390030443668365e-02 7.532601710408926010e-03 1.571553386747837067e-02 1.508993748575448990e-02 1.493570581078529358e-02 2.100447751581668854e-02 2.957785036414861679e-03 8.537684916518628597e-04 1.017135567963123322e-02 2.017465652897953987e-03 2.011976949870586395e-02 2.215503714978694916e-02 1.213329285383224487e-02 1.720854640007019043e-02 1.515338546596467495e-03 6.567589472979307175e-03 3.601022763177752495e-03
4.690092056989669800e-02 4.262010753154754639e-02 2.324269851669669151e-03 3.568359185010194778e-03 3.458786057308316231e-03 4.286595806479454041e-02 4.049688950181007385e-02 2.947708964347839355e-02 2.535183541476726532e-02 1.227508019655942917e-02 8.339762091636657715e-01 9.050706401467323303e-03 5.781076103448867798e-02 8.173099718987941742e-03 4.015963524580001831e-02 2.864383533596992493e-02 2.634215541183948517e-02 8.664055727422237396e-03 5.034696660004556179e-04 3.844404965639114380e-02 3.456435725092887878e-02 2.737046219408512115e-02 1.863563433289527893e-02 2.030644752085208893e-02 3.116484917700290680e-02 3.030067309737205505e-02 6.302473600953817368e-03 2.225556224584579468e-02 3.445215523242950439e-02 1.935064978897571564e-02 4.624437913298606873e-02 2.571763657033443451e-02 5.897046532481908798e-03 2.781578339636325836e-02 1.624598540365695953e-02 2.652609907090663910e-02 2.911838702857494354e-02 2.200607582926750183e-02 2.453336725011467934e-03 7.521749008446931839e-03 1.175305154174566269e-02 1.431466639041900635e-02 2.474157139658927917e-02 1.024724077433347702e-02 6.396549753844738007e-03 5.164315807633101940e-04 3.294434770941734314e-02 3.744059801101684570e-02 2.304824255406856537e-02 7.164746057242155075e-03 2.360046654939651489e-02 2.818364277482032776e-02 1.114885043352842331e-02 1.625980623066425323e-02 1.968135125935077667e-02 4.662739578634500504e-03 2.404969418421387672e-03 1.669820956885814667e-02 5.404618103057146072e-03 1.516419742256402969e-02 7.066572085022926331e-03 1.860151416622102261e-03 1.418765448033809662e-02 1.797399134375154972e-03 2.007879503071308136e-02 2.626194991171360016e-02 2.566329576075077057e-02 3.397385403513908386e-02 2.424100786447525024e-02 1.211441028863191605e-02 1.585695520043373108e-02 1.597553864121437073e-02 1.659971475601196289e-02 1.691196486353874207e-02 1.809933036565780640e-02 5.416519939899444580e-03 1.668788120150566101e-02 1.380615588277578354e-02 1.365468744188547134e-02 8.262766525149345398e-03 1.095811929553747177e-02 5.573263857513666153e-03 8.660716004669666290e-03 1.103140227496623993e-02 9.514642879366874695e-03 4.792113788425922394e-03 3.298564255237579346e-02 1.552281714975833893e-02 1.497330237179994583e-02 7.448551245033740997e-03 1.172685716301202774e-02 1.391055900603532791e-02 2.015103586018085480e-02 1.133334077894687653e-02 2.028604783117771149e-02 2.694408223032951355e-02 8.419260848313570023e-04 9.862739592790603638e-03 1.939126290380954742e-02 2.011777088046073914e-02 2.165027707815170288e-02 3.107072412967681885e-02 7.623544079251587391e-04 1.070170779712498188e-03 3.773990785703063011e-03 9.859046898782253265e-03 2.174549177289009094e-02 8.907445706427097321e-03 2.975825592875480652e-02 1.211708318442106247e-02 4.759842995554208755e-03 1.716568320989608765e-02 1.734981127083301544e-02 1.060256082564592361e-02 1.216111797839403152e-02 1.076215971261262894e-02
2.925552241504192352e-02 2.501788176596164703e-02 2.406911225989460945e-03 1.638840511441230774e-02 2.128931693732738495e-02 2.656516991555690765e-02 1.519678160548210144e-02 6.288026925176382065e-03 1.985912770032882690e-02 1.370551157742738724e-02 9.050706401467323303e-03 8.339762091636657715e-01 1.578254252672195435e-02 6.769654154777526855e-02 2.682777121663093567e-02 1.046655699610710144e-02 1.610502973198890686e-02 1.143982633948326111e-02 1.200933475047349930e-02 9.475473314523696899e-03 1.221462152898311615e-02 1.822367124259471893e-02 4.265751317143440247e-02 3.910315036773681641e-02 2.011440135538578033e-02 1.461310591548681259e-02 7.839261554181575775e-03 4.177422448992729187e-02 1.491900440305471420e-02 4.892483726143836975e-02 1.129085384309291840e-02 2.322563668712973595e-03 7.490484043955802917e-03 7.475643884390592575e-03 1.147850137203931808e-02 2.328358218073844910e-02 2.263545244932174683e-02 2.224526368081569672e-02 7.938191294670104980e-03 4.241678398102521896e-03 2.900759316980838776e-02 2.791265211999416351e-02 1.529732253402471542e-02 1.091406494379043579e-02 2.810090593993663788e-02 1.213840674608945847e-03 1.093907840549945831e-02 4.945067688822746277e-03 1.213282626122236252e-02 2.625702880322933197e-02 1.841208525002002716e-02 1.965159736573696136e-02 3.334304690361022949e-02 1.956904307007789612e-02 1.234116498380899429e-02 2.627999149262905121e-02 2.536208741366863251e-02 2.535397745668888092e-02 1.627152599394321442e-02 1.529324334114789963e-02 1.881455257534980774e-02 2.495915628969669342e-02 7.315073162317276001e-03 2.220206661149859428e-03 1.589256711304187775e-02 1.705718692392110825e-03 1.058766804635524750e-02 1.784209534525871277e-02 1.112234313040971756e-02 2.948657376691699028e-03 1.859633624553680420e-02 6.634149234741926193e-03 2.542798221111297607e-02 9.313554503023624420e-03 2.442721277475357056e-02 1.033161021769046783e-02 3.331294655799865723e-02 3.167374059557914734e-02 6.194775924086570740e-03 1.483528129756450653e-02 3.746876027435064316e-03 3.397502703592181206e-03 2.021780237555503845e-03 5.054859444499015808e-03 3.272015601396560669e-02 1.250037085264921188e-02 8.044863119721412659e-03 1.241883635520935059e-02 4.134238138794898987e-02 3.887239098548889160e-02 1.581741310656070709e-02 5.455411039292812347e-03 1.327772997319698334e-02 9.950034320354461670e-03 4.870723932981491089e-03 2.708483370952308178e-04 3.070346079766750336e-03 1.201348379254341125e-02 3.545487672090530396e-02 3.205088526010513306e-02 1.885711774230003357e-02 1.415526587516069412e-02 1.045680977404117584e-02 2.663778513669967651e-02 1.840766333043575287e-02 5.271092988550662994e-03 1.624536141753196716e-02 8.601299487054347992e-03 1.497933827340602875e-02 5.853729322552680969e-03 2.061353996396064758e-02 2.390521951019763947e-02 2.331314422190189362e-02 1.575214788317680359e-02 1.551272720098495483e-02 2.005138434469699860e-02
4.802979528903961182e-02 4.992783442139625549e-02 2.684770850464701653e-03 2.119374461472034454e-03 7.875705487094819546e-04 3.792802616953849792e-02 3.386177867650985718e-02 2.534906566143035889e-02 2.169656939804553986e-02 1.581697911024093628e-02 5.781076103448867798e-02 1.578254252672195435e-02 8.339762091636657715e-01 1.680020615458488464e-02 4.421339184045791626e-02 2.497775107622146606e-02 2.478008344769477844e-02 3.760532126761972904e-04 5.837024655193090439e-03 3.528212755918502808e-02 3.166620433330535889e-02 2.867871522903442383e-02 2.255602367222309113e-02 2.425547875463962555e-02 3.093660995364189148e-02 2.890612930059432983e-02 4.990107379853725433e-03 2.221277914941310883e-02 2.839858271181583405e-02 2.487595379352569580e-02 4.465854540467262268e-02 2.656942978501319885e-02 2.302480861544609070e-03 2.516642026603221893e-02 1.620279811322689056e-02 3.357723727822303772e-02 3.429968655109405518e-02 1.946540549397468567e-02 1.606372068636119366e-03 1.011282298713922501e-02 1.564037427306175232e-02 2.093260921537876129e-02 1.921786740422248840e-02 4.674493335187435150e-03 8.689601963851600885e-05 1.127894269302487373e-03 2.847691066563129425e-02 3.202348947525024414e-02 2.408664673566818237e-02 5.243524443358182907e-03 2.450122311711311340e-02 3.222893550992012024e-02 1.698159053921699524e-02 2.362275682389736176e-02 1.769691146910190582e-02 4.378641955554485321e-03 1.389098702929913998e-03 2.220850810408592224e-02 1.141073647886514664e-02 2.421605773270130157e-02 1.754850527504459023e-04 5.907987710088491440e-03 1.325381081551313400e-02 3.425730392336845398e-03 2.083466015756130219e-02 3.157593309879302979e-02 3.097106330096721649e-02 3.363772109150886536e-02 1.871207170188426971e-02 6.146089173853397369e-03 1.532889436930418015e-02 2.111919410526752472e-02 1.399455312639474869e-02 1.171720586717128754e-02 1.551201287657022476e-02 1.004089135676622391e-02 1.714248582720756531e-02 1.542314328253269196e-02 4.663474392145872116e-03 5.236031021922826767e-03 4.085038322955369949e-03 1.033348217606544495e-02 1.248785643838346004e-03 1.418354455381631851e-03 1.279123220592737198e-02 4.357341676950454712e-03 2.406951971352100372e-02 2.346329577267169952e-02 1.402015890926122665e-02 1.482041180133819580e-02 1.196455769240856171e-02 9.213244542479515076e-03 2.109464816749095917e-02 1.830277591943740845e-02 1.908809319138526917e-02 3.136405721306800842e-02 6.773271888960152864e-05 1.522125117480754852e-02 2.465082332491874695e-02 2.062216587364673615e-02 2.124522812664508820e-02 2.798307500779628754e-02 2.566661685705184937e-03 6.926697213202714920e-03 8.621555753052234650e-03 1.697709597647190094e-02 2.159496583044528961e-02 4.909023642539978027e-03 2.936964295804500580e-02 1.573604717850685120e-02 6.367501802742481232e-03 3.439371241256594658e-03 2.464642375707626343e-02 9.833053685724735260e-03 1.677721552550792694e-02 2.596364356577396393e-03
