8.309542536735534668e-01 1.046310588717460632e-01 2.956373058259487152e-02 3.634877037256956100e-03 1.077749300748109818e-02 8.905636519193649292e-02 6.877309083938598633e-02 1.448057033121585846e-02 1.028920151293277740e-02 6.365526933223009109e-03 6.022604182362556458e-02 2.555179037153720856e-02 6.405647844076156616e-02 1.409029006026685238e-03 2.133265510201454163e-02 1.815964095294475555e-02 2.158556133508682251e-02 4.695279989391565323e-03 9.207955008605495095e-05 7.816760800778865814e-03 1.102728117257356644e-02 2.149560675024986267e-02 4.015249200165271759e-03 1.079651527106761932e-02 1.185242179781198502e-02 1.008497551083564758e-02 5.502523388713598251e-03 8.127961307764053345e-03 1.126379705965518951e-02 1.709439046680927277e-02 2.529902569949626923e-02 4.000640939921140671e-03 3.189104842022061348e-03 8.110492490231990814e-03 1.468783710151910782e-02 1.764242537319660187e-03 1.617865823209285736e-02 9.879203513264656067e-03 5.942498333752155304e-03 4.913011565804481506e-03 1.597109064459800720e-02 6.544321309775114059e-03 2.718228660523891449e-02 1.975711900740861893e-03 3.473440930247306824e-02 4.293718561530113220e-02 5.621315911412239075e-02 4.428378492593765259e-02 1.202048920094966888e-02 1.874147099442780018e-03 9.365363977849483490e-03 6.355728488415479660e-03 7.267555687576532364e-03 2.268066816031932831e-02 4.719464632216840982e-04 4.436291288584470749e-03 1.608164794743061066e-02 2.758829295635223389e-02 2.314769290387630463e-02 2.352873608469963074e-02 1.176354847848415375e-02 1.640534959733486176e-02 1.444900501519441605e-02 2.437573857605457306e-02 1.491650124080479145e-03 2.697303146123886108e-02 2.866373863071203232e-03 1.097190473228693008e-02 1.233654562383890152e-02 2.520118840038776398e-03 1.306864153593778610e-02 5.587405525147914886e-03 3.143502166494727135e-03 1.510444446466863155e-03 2.355000237002968788e-03 1.485864748246967793e-03 7.142140064388513565e-03 8.666885085403919220e-03 2.830471284687519073e-02 9.124639444053173065e-03 4.379234276711940765e-03 1.922990009188652039e-02 8.794365450739860535e-03 2.987965941429138184e-03 2.200326137244701385e-02 6.513938773423433304e-03 1.041573379188776016e-02 3.779250197112560272e-03 8.464879938401281834e-04 8.862356655299663544e-03 1.312666106969118118e-02 9.442266076803207397e-03 2.603917941451072693e-02 4.228564444929361343e-03 2.696300856769084930e-03 5.094596184790134430e-03 8.771211840212345123e-03 5.203135311603546143e-03 1.238027005456387997e-03 5.542333703488111496e-03 1.004015561193227768e-02 9.154367260634899139e-03 1.376457978039979935e-02 1.210142485797405243e-02 6.065581459552049637e-03 1.953691989183425903e-02 5.228713620454072952e-03 1.914485171437263489e-02 1.115562580525875092e-02 1.229833997786045074e-02 2.701490418985486031e-03 1.299098506569862366e-02 7.285967003554105759e-03 5.049439147114753723e-03 1.812927797436714172e-02 2.440465323161333799e-04
1.046310588717460632e-01 8.309542536735534668e-01 3.589965403079986572e-02 1.498371013440191746e-03 7.671620696783065796e-03 8.128212392330169678e-02 7.261020690202713013e-02 2.799551002681255341e-02 5.889071151614189148e-03 6.397254765033721924e-03 5.692794546484947205e-02 2.406038343906402588e-02 7.371298968791961670e-02 5.273399874567985535e-03 2.481207624077796936e-02 8.961685001850128174e-03 1.227962411940097809e-02 1.605173223651945591e-03 2.976177958771586418e-03 1.486161444336175919e-02 4.390104208141565323e-03 2.576942183077335358e-02 5.771409254521131516e-03 9.243848733603954315e-03 1.254976261407136917e-02 6.469981279224157333e-03 9.478299878537654877e-03 5.487193353474140167e-03 1.677627116441726685e-02 1.432852540165185928e-02 3.019197471439838409e-02 1.417812658473849297e-03 7.338164723478257656e-04 4.404957406222820282e-03 1.074302662163972855e-02 7.075125817209482193e-03 1.169578637927770615e-02 1.725962385535240173e-02 2.566281764302402735e-04 9.386950172483921051e-03 2.480585873126983643e-02 7.031565532088279724e-03 2.760141715407371521e-02 1.028402987867593765e-02 3.040482103824615479e-02 3.291604667901992798e-02 5.167273432016372681e-02 4.547335952520370483e-02 1.175582874566316605e-02 3.543737344443798065e-03 1.920745894312858582e-02 2.169769816100597382e-02 1.138390041887760162e-02 2.766202390193939209e-02 2.251250669360160828e-03 1.700324821285903454e-03 1.136556826531887054e-02 1.890037767589092255e-02 2.448574453592300415e-02 3.207417950034141541e-02 5.681503564119338989e-03 1.078058313578367233e-02 1.390840765088796616e-02 2.326783537864685059e-02 1.011387817561626434e-02 4.136539623141288757e-02 1.295771449804306030e-03 6.408958230167627335e-03 7.086771074682474136e-03 9.709770791232585907e-03 5.835731513798236847e-03 3.946234937757253647e-04 4.708855412900447845e-04 4.559893626719713211e-03 1.400457811541855335e-03 5.653215106576681137e-03 1.837810734286904335e-03 7.837601588107645512e-04 2.124297060072422028e-02 7.840783335268497467e-03 1.250077504664659500e-02 2.846440114080905914e-02 4.962148144841194153e-03 2.118017757311463356e-03 2.745825797319412231e-02 5.678491201251745224e-03 2.291513048112392426e-02 1.895955391228199005e-02 1.296111004194244742e-04 6.111409515142440796e-03 8.030340075492858887e-03 1.773244701325893402e-02 2.544702962040901184e-02 1.250089704990386963e-02 8.676594123244285583e-03 4.817602690309286118e-03 1.622550305910408497e-03 1.867563114501535892e-03 1.691416022367775440e-03 9.158409200608730316e-03 1.045300997793674469e-02 9.145494550466537476e-03 5.952394101768732071e-03 4.286407493054866791e-03 1.317858044058084488e-02 1.681257970631122589e-02 3.993802703917026520e-03 9.563772939145565033e-03 1.390481460839509964e-02 1.071185804903507233e-02 2.098257280886173248e-02 1.898951455950737000e-02 5.549076013267040253e-03 5.765984533354640007e-04 7.955025881528854370e-03 1.292043551802635193e-02
2.956373058259487152e-02 3.589965403079986572e-02 8.309542536735534668e-01 2.132971072569489479e-03 7.206692360341548920e-03 2.920400723814964294e-02 3.443276882171630859e-02 8.216583728790283203e-02 1.492546498775482178e-02 1.885593123733997345e-02 2.483168244361877441e-02 1.316951966146007180e-04 3.101210668683052063e-02 1.647761464118957520e-02 1.300813350826501846e-02 1.014141179621219635e-02 1.701035164296627045e-02 6.259467918425798416e-04 1.842888817191123962e-02 4.608204122632741928e-03 1.414691098034381866e-02 5.318322218954563141e-03 1.274136267602443695e-02 1.633530110120773315e-02 1.297061215154826641e-03 7.009581197053194046e-03 2.692617126740515232e-04 1.134475576691329479e-03 1.644283533096313477e-02 1.233227434568107128e-03 2.750701270997524261e-02 1.565166004002094269e-02 4.622837295755743980e-04 1.176978182047605515e-02 5.265459883958101273e-03 7.496648933738470078e-03 2.565646357834339142e-02 1.398690883070230484e-02 8.623393252491950989e-03 2.101342007517814636e-02 3.934751264750957489e-03 1.772974431514739990e-02 3.392570093274116516e-02 2.594328019767999649e-03 1.423807628452777863e-02 1.239154953509569168e-02 3.060771897435188293e-02 3.056593611836433411e-02 2.369457669556140900e-02 1.375196687877178192e-02 2.146568149328231812e-02 2.785864844918251038e-02 1.884985715150833130e-02 2.334708347916603088e-02 1.970336213707923889e-02 1.185599807649850845e-02 6.068398244678974152e-03 6.172087509185075760e-03 8.959242142736911774e-03 1.029673311859369278e-02 3.794842865318059921e-03 1.466217916458845139e-02 5.656361114233732224e-03 3.837540280073881149e-03 2.220327220857143402e-02 3.138121217489242554e-02 4.300362430512905121e-03 2.134036913048475981e-04 6.593917962163686752e-03 2.272718958556652069e-02 7.136665750294923782e-03 5.175915546715259552e-03 1.465294882655143738e-02 8.065430447459220886e-03 1.470340695232152939e-02 1.245452091097831726e-02 6.348768365569412708e-04 1.366185303777456284e-02 1.093956362456083298e-02 2.273225411772727966e-02 7.720543444156646729e-02 7.374805212020874023e-02 9.347913786768913269e-03 2.031343057751655579e-03 7.003137376159429550e-03 1.353010162711143494e-02 2.250848524272441864e-02 2.230884134769439697e-02 1.292440388351678848e-02 6.084593012928962708e-03 1.766399107873439789e-02 1.098485756665468216e-02 9.250587783753871918e-03 4.961174447089433670e-03 9.006139822304248810e-03 1.062159705907106400e-02 1.517036347649991512e-03 9.440007619559764862e-03 1.624476164579391479e-02 3.364164754748344421e-02 5.505316890776157379e-03 1.691461168229579926e-02 7.183390203863382339e-03 3.548718523234128952e-03 8.941755630075931549e-03 2.234264090657234192e-02 1.426823996007442474e-02 8.237510919570922852e-04 8.163483813405036926e-03 1.103368028998374939e-02 2.066528983414173126e-02 1.790611632168292999e-02 1.105010276660323143e-03 1.649346202611923218e-02 3.259120509028434753e-03 2.794517017900943756e-02
3.634877037256956100e-03 1.498371013440191746e-03 2.132971072569489479e-03 8.309542536735534668e-01 7.942334562540054321e-02 4.014712758362293243e-03 7.095817010849714279e-03 6.335155339911580086e-04 1.274014636874198914e-02 7.523914333432912827e-03 8.272506296634674072e-03 2.411613427102565765e-02 4.863777663558721542e-03 2.506317570805549622e-02 1.281035970896482468e-02 3.074215538799762726e-02 2.942232228815555573e-02 4.580049961805343628e-02 4.887382313609123230e-02 1.546792336739599705e-03 6.939202081412076950e-03 1.269762963056564331e-02 2.609626762568950653e-02 3.046747110784053802e-02 3.662894479930400848e-03 1.756566343829035759e-03 6.851999554783105850e-03 3.101957775652408600e-02 7.683152798563241959e-03 2.070291526615619659e-02 3.691926598548889160e-03 1.257941033691167831e-02 2.778354100883007050e-02 1.890174299478530884e-02 2.012922801077365875e-02 1.625962369143962860e-02 1.150721567682921886e-03 1.910559087991714478e-02 5.699707195162773132e-02 4.288706555962562561e-02 6.622489076107740402e-03 1.099674869328737259e-02 5.731459707021713257e-03 6.556190550327301025e-03 4.707018844783306122e-03 1.904968288727104664e-03 8.427886292338371277e-03 1.787463948130607605e-02 6.681687664240598679e-03 2.779711736366152763e-03 1.684446074068546295e-02 2.502555958926677704e-02 1.515526557341217995e-03 3.894478082656860352e-03 1.653742045164108276e-02 6.775736343115568161e-03 1.138579193502664566e-02 1.397232152521610260e-02 1.529841031879186630e-02 1.180892344564199448e-03 2.691947668790817261e-02 4.278070107102394104e-02 2.149777486920356750e-02 2.053233236074447632e-02 1.023901253938674927e-02 5.701651331037282944e-03 2.799906942527741194e-04 3.550651483237743378e-03 2.367745339870452881e-02 1.529366988688707352e-02 2.676051110029220581e-02 1.651354692876338959e-02 6.244470179080963135e-02 2.113051339983940125e-02 6.491959095001220703e-02 2.672791667282581329e-02 2.452596649527549744e-02 1.109224651008844376e-02 1.163062732666730881e-02 4.362689331173896790e-03 2.826725691556930542e-02 1.028442755341529846e-02 5.379959568381309509e-02 5.033697560429573059e-02 1.809266977943480015e-03 2.883195178583264351e-03 1.967878639698028564e-02 4.286111798137426376e-03 1.876076497137546539e-02 2.350744977593421936e-02 1.482351031154394150e-02 1.393342856317758560e-02 1.620924472808837891e-02 1.078352890908718109e-02 1.601720927283167839e-03 6.981184706091880798e-03 5.922984331846237183e-03 1.716928742825984955e-02 1.223037112504243851e-02 1.460503228008747101e-02 2.067624032497406006e-02 2.118494175374507904e-02 1.924793794751167297e-02 1.213772804476320744e-03 2.311972901225090027e-02 4.383144900202751160e-03 2.731643803417682648e-02 1.198004186153411865e-02 3.101479820907115936e-02 1.535097323358058929e-02 9.226405993103981018e-03 1.212157309055328369e-02 4.779982380568981171e-03 7.495152764022350311e-03 2.211378701031208038e-02 5.970505066215991974e-03
1.077749300748109818e-02 7.671620696783065796e-03 7.206692360341548920e-03 7.942334562540054321e-02 8.309542536735534668e-01 3.525788430124521255e-03 1.026271004229784012e-02 4.823185503482818604e-03 1.339913625270128250e-02 1.422149012796580791e-03 1.124101039022207260e-02 2.387207560241222382e-02 1.071514189243316650e-02 2.439212985336780548e-02 1.124900672584772110e-02 2.588747069239616394e-02 2.392647229135036469e-02 4.027068987488746643e-02 4.732872173190116882e-02 5.349055863916873932e-03 4.614535253494977951e-03 1.328316051512956619e-02 1.537864748388528824e-02 1.939154230058193207e-02 4.110999871045351028e-03 1.145274960435926914e-03 4.398700781166553497e-03 2.449560165405273438e-02 8.175638504326343536e-04 1.634031906723976135e-02 5.793737247586250305e-03 1.120570953935384750e-02 2.378659881651401520e-02 1.788519695401191711e-02 1.817759312689304352e-02 1.381413172930479050e-02 5.815191194415092468e-03 1.504002697765827179e-02 5.349263548851013184e-02 4.553267359733581543e-02 1.075937319546937943e-02 2.432262524962425232e-03 1.195567008107900620e-02 1.286265207454562187e-03 1.419134903699159622e-02 1.453433278948068619e-02 9.718500077724456787e-03 1.979116536676883698e-02 1.167502850876189768e-04 2.780712442472577095e-03 1.320117618888616562e-02 2.377950586378574371e-02 4.384337225928902626e-04 3.951211459934711456e-03 4.489179234951734543e-03 9.882880374789237976e-03 1.002946775406599045e-02 1.390300784260034561e-02 1.029544044286012650e-02 5.726565141230821609e-04 1.956286281347274780e-02 3.897746279835700989e-02 1.551174186170101166e-02 1.515988446772098541e-02 8.671876043081283569e-03 5.394490435719490051e-03 2.328390255570411682e-03 9.039480239152908325e-03 2.072289958596229553e-02 2.053759992122650146e-02 2.589931897819042206e-02 1.919814944267272949e-02 5.394213646650314331e-02 2.645319513976573944e-02 6.059407442808151245e-02 3.056216612458229065e-02 1.970540173351764679e-02 1.699812151491641998e-02 4.397599957883358002e-03 1.590005680918693542e-02 2.388194575905799866e-02 4.435508511960506439e-03 4.590702429413795471e-02 5.973547697067260742e-02 2.937783487141132355e-03 3.159577026963233948e-03 1.339783146977424622e-02 4.293156787753105164e-03 1.476306281983852386e-02 1.823391951620578766e-02 1.150805596262216568e-02 9.652867913246154785e-03 1.437739282846450806e-02 1.408364810049533844e-02 9.598415344953536987e-04 6.897949613630771637e-03 1.619126461446285248e-02 1.816203631460666656e-02 1.109785586595535278e-02 1.530405040830373764e-02 2.099573239684104919e-02 1.918456330895423889e-02 1.069402135908603668e-02 1.198205398395657539e-03 2.733407542109489441e-02 1.676463638432323933e-03 2.192506007850170135e-02 2.134844288229942322e-02 2.821075171232223511e-02 2.756929397583007812e-02 1.531795505434274673e-02 7.972960360348224640e-03 1.358813024125993252e-04 2.914122305810451508e-03 7.906082086265087128e-03 5.877285730093717575e-03
8.905636519193649292e-02 8.128212392330169678e-02 2.920400723814964294e-02 4.014712758362293243e-03 3.525788430124521255e-03 8.309542536735534668e-01 1.016220971941947937e-01 2.015141956508159637e-02 5.392709281295537949e-03 1.970922603504732251e-04 6.039642915129661560e-02 7.209874223917722702e-03 6.120779365301132202e-02 2.723504044115543365e-02 9.900403209030628204e-03 2.328398078680038452e-02 2.154611051082611084e-02 9.450839716009795666e-04 4.723403137177228928e-03 1.670607365667819977e-02 3.748472081497311592e-04 1.969701051712036133e-02 1.437038462609052658e-02 2.568356133997440338e-02 1.120549719780683517e-02 8.408730849623680115e-03 1.257871394045650959e-03 8.965466171503067017e-03 5.337759386748075485e-03 1.064406149089336395e-02 1.671362854540348053e-02 1.072225510142743587e-03 3.367080120369791985e-03 9.508409537374973297e-03 2.611493924632668495e-03 2.682489715516567230e-02 1.073771994560956955e-02 1.177031733095645905e-02 3.021758049726486206e-03 1.434644032269716263e-02 1.312615722417831421e-02 3.436642466112971306e-03 2.165515720844268799e-02 7.714178878813982010e-03 3.357757348567247391e-03 2.266953140497207642e-02 8.345907181501388550e-02 6.287694722414016724e-02 1.895509340101853013e-04 6.645096465945243835e-03 3.206847759429365396e-04 9.832202456891536713e-03 1.924462430179119110e-02 2.130582288373261690e-05 7.131180725991725922e-03 5.094895139336585999e-03 3.298964118584990501e-03 1.648958027362823486e-02 6.729813292622566223e-03 1.344478596001863480e-02 1.530509092845022678e-03 8.901221677660942078e-03 2.900333842262625694e-03 4.836207255721092224e-03 4.611890763044357300e-03 2.973554283380508423e-02 4.968720022588968277e-03 7.808718364685773849e-04 1.640369370579719543e-02 1.070376485586166382e-03 1.348243933171033859e-02 6.406818982213735580e-03 2.909085247665643692e-03 6.698172655887901783e-04 4.465598147362470627e-03 3.781935665756464005e-03 2.854326739907264709e-03 2.604065230116248131e-03 1.849057339131832123e-02 1.058921124786138535e-02 1.280709169805049896e-02 2.956680953502655029e-02 1.871216483414173126e-02 1.080306340008974075e-02 1.676018163561820984e-02 3.310004016384482384e-03 1.312920264899730682e-02 5.352086853235960007e-03 4.325925372540950775e-03 6.636410485953092575e-03 2.009564079344272614e-02 1.322647277265787125e-02 2.283058874309062958e-02 7.804700871929526329e-04 2.098052576184272766e-02 8.147290907800197601e-03 1.122873509302735329e-03 2.442486584186553955e-03 4.023243673145771027e-03 7.967493496835231781e-03 1.334855798631906509e-02 5.607269704341888428e-03 4.393308889120817184e-03 9.087066166102886200e-03 7.996781729161739349e-03 5.197135731577873230e-03 7.342752534896135330e-03 2.730020508170127869e-02 6.234124884940683842e-04 2.530011534690856934e-02 1.077671442180871964e-02 1.476183254271745682e-02 1.648500747978687286e-02 9.969752281904220581e-03 1.379829738289117813e-02 7.374537177383899689e-03
6.877309083938598633e-02 7.261020690202713013e-02 3.443276882171630859e-02 7.095817010849714279e-03 1.026271004229784012e-02 1.016220971941947937e-01 8.309542536735534668e-01 2.759251557290554047e-02 1.239239121787250042e-03 4.832034930586814880e-03 6.138740479946136475e-02 8.563925512135028839e-03 6.557349115610122681e-02 1.907766424119472504e-02 9.821123443543910980e-03 1.317627169191837311e-02 1.139244902878999710e-02 3.667168552055954933e-03 5.389994475990533829e-04 1.399960275739431381e-02 4.604240879416465759e-03 1.792358979582786560e-02 3.291473723948001862e-03 1.584049314260482788e-02 7.850800640881061554e-03 4.349506925791501999e-03 2.395454794168472290e-03 7.007529493421316147e-03 2.601120620965957642e-02 1.499365549534559250e-03 4.204828664660453796e-02 4.809936042875051498e-03 1.177480071783065796e-02 2.755776746198534966e-03 1.065360475331544876e-02 2.810184098780155182e-02 1.104373764246702194e-02 1.674016565084457397e-02 1.152083743363618851e-02 1.875701732933521271e-02 1.644387468695640564e-02 6.816999521106481552e-03 2.466738596558570862e-02 2.102079614996910095e-02 6.276890635490417480e-04 1.005261670798063278e-02 8.612086623907089233e-02 7.567490637302398682e-02 4.823578987270593643e-03 1.118558924645185471e-02 5.694653838872909546e-03 1.555283274501562119e-02 1.420511305332183838e-02 3.984819166362285614e-03 1.365298032760620117e-02 8.929480798542499542e-03 7.187378592789173126e-03 5.979995243251323700e-03 4.600284155458211899e-03 1.215603202581405640e-02 7.425190880894660950e-03 3.758498467504978180e-03 1.063275989145040512e-02 9.051990695297718048e-03 1.864489540457725525e-02 4.596612229943275452e-02 4.881292581558227539e-03 1.865731086581945419e-03 1.278112083673477173e-02 2.984685590490698814e-03 1.209364086389541626e-02 1.089425757527351379e-02 9.772088378667831421e-03 2.258272841572761536e-03 1.210693642497062683e-02 1.684969058260321617e-03 4.341776482760906219e-03 1.508873188868165016e-03 2.224352024495601654e-02 6.012297235429286957e-03 1.983363740146160126e-02 2.594546787440776825e-02 1.308939605951309204e-02 6.565066985785961151e-03 2.151298150420188904e-02 7.355165435001254082e-04 1.805874146521091461e-02 8.844651281833648682e-03 1.930580660700798035e-02 8.018552325665950775e-03 3.349983692169189453e-02 1.887526549398899078e-02 3.695743903517723083e-02 3.480082843452692032e-03 2.343401126563549042e-02 1.020171027630567551e-02 5.766776390373706818e-03 5.241926992312073708e-04 5.480754654854536057e-03 1.182557363063097000e-02 2.425614185631275177e-02 1.444424688816070557e-02 3.696583909913897514e-03 5.874872673302888870e-03 1.918462105095386505e-02 1.353293005377054214e-02 1.532388757914304733e-02 3.009253554046154022e-02 5.302719306200742722e-03 2.563792839646339417e-02 2.075073681771755219e-02 1.249449606984853745e-02 1.897864043712615967e-02 5.211253650486469269e-03 1.017216563923284411e-04 1.510406378656625748e-03
1.448057033121585846e-02 2.799551002681255341e-02 8.216583728790283203e-02 6.335155339911580086e-04 4.823185503482818604e-03 2.015141956508159637e-02 2.759251557290554047e-02 8.309542536735534668e-01 1.683900877833366394e-02 1.455232035368680954e-02 2.681687287986278534e-02 6.696322001516819000e-03 4.290579259395599365e-02 1.986667513847351074e-02 3.811148554086685181e-02 1.146772410720586777e-02 1.383400801569223404e-02 2.524721203371882439e-04 1.487015280872583389e-02 8.598732762038707733e-03 9.588029235601425171e-03 1.875431649386882782e-02 2.192104049026966095e-02 2.739877067506313324e-02 2.490943996235728264e-03 1.251099049113690853e-03 5.327471066266298294e-03 1.096276380121707916e-02 2.461980655789375305e-02 8.622301742434501648e-03 2.977760322391986847e-02 9.864461608231067657e-03 1.050897501409053802e-02 4.082349129021167755e-03 1.522372663021087646e-02 7.328220817726105452e-05 5.024366080760955811e-03 5.271441768854856491e-03 1.046930439770221710e-02 2.101512998342514038e-02 5.810935515910387039e-03 1.138473115861415863e-02 1.905620656907558441e-02 1.515479478985071182e-02 1.153779868036508560e-02 4.878493957221508026e-03 2.357947826385498047e-02 2.199512533843517303e-02 2.285011485219001770e-02 8.758692070841789246e-03 2.591636031866073608e-02 3.623956069350242615e-02 2.376588247716426849e-02 2.517829090356826782e-02 2.172636240720748901e-02 1.174666080623865128e-02 2.728419145569205284e-03 4.078208468854427338e-03 1.063581742346286774e-02 2.036183327436447144e-02 2.572820987552404404e-03 8.660014718770980835e-03 5.562239326536655426e-03 6.062357220798730850e-03 2.320325560867786407e-02 3.701646253466606140e-02 8.227278885897248983e-05 6.829202175140380859e-03 1.695462618954479694e-03 1.575423404574394226e-02 5.067526944912970066e-04 2.296583959832787514e-03 1.372325792908668518e-02 3.464452165644615889e-04 1.404148060828447342e-02 3.250228473916649818e-03 1.579585857689380646e-02 2.293556742370128632e-02 8.252006955444812775e-03 1.457177195698022842e-02 5.833280086517333984e-02 6.534892320632934570e-02 5.597501061856746674e-03 5.839616060256958008e-03 1.722944155335426331e-02 8.072176016867160797e-03 3.322413563728332520e-02 4.736716300249099731e-02 7.238628459163010120e-04 1.221783645451068878e-02 1.705112121999263763e-02 9.214602410793304443e-03 9.564273990690708160e-03 1.485840789973735809e-02 6.946755573153495789e-03 3.332769265398383141e-03 1.321258489042520523e-02 3.767432062886655331e-04 1.731670647859573364e-02 3.044195845723152161e-02 8.043317124247550964e-03 1.616631075739860535e-02 2.313231863081455231e-02 1.071017328649759293e-02 1.735471375286579132e-02 2.192726731300354004e-02 6.489682011306285858e-03 8.728814311325550079e-03 1.283275522291660309e-02 6.568619515746831894e-03 2.134145237505435944e-02 1.338162552565336227e-02 1.515899132937192917e-02 3.814272815361618996e-03 4.845145158469676971e-03 2.953356504440307617e-02
1.028920151293277740e-02 5.889071151614189148e-03 1.492546498775482178e-02 1.274014636874198914e-02 1.339913625270128250e-02 5.392709281295537949e-03 1.239239121787250042e-03 1.683900877833366394e-02 8.309542536735534668e-01 3.725216910243034363e-02 1.217403635382652283e-02 4.460379853844642639e-02 9.784074500203132629e-03 2.633988112211227417e-02 3.182741813361644745e-03 2.467465400695800781e-02 1.960601285099983215e-02 1.708269678056240082e-02 7.199635729193687439e-03 6.134560331702232361e-03 2.226412761956453323e-03 1.344208233058452606e-02 3.999810665845870972e-02 3.152155131101608276e-02 5.116868298500776291e-03 5.112496670335531235e-03 2.716913633048534393e-02 1.054321881383657455e-02 1.297293044626712799e-02 7.297250907868146896e-03 1.409331057220697403e-02 2.538970671594142914e-02 1.209133304655551910e-02 2.036667801439762115e-02 6.182292476296424866e-03 2.114619314670562744e-02 2.209096215665340424e-02 9.895724244415760040e-03 4.359658341854810715e-03 4.247536882758140564e-03 2.771248482167720795e-02 2.271052636206150055e-02 1.727435924112796783e-02 6.667712703347206116e-03 4.597851261496543884e-02 2.436311915516853333e-02 2.840840490534901619e-03 4.769705701619386673e-03 2.322426065802574158e-02 2.116256393492221832e-02 1.320071052759885788e-02 7.095357868820428848e-03 1.504144049249589443e-03 2.553310012444853783e-03 2.796913497149944305e-02 1.699163019657135010e-02 8.794137276709079742e-03 6.222520489245653152e-03 1.253098435699939728e-02 3.368926467373967171e-03 2.630304079502820969e-04 5.464242305606603622e-03 5.789534188807010651e-03 7.255926728248596191e-03 8.119653910398483276e-03 4.056651145219802856e-03 9.599871933460235596e-03 3.711395256686955690e-04 3.364233300089836121e-02 3.197529166936874390e-02 2.164679393172264099e-02 3.140532970428466797e-02 1.182276662439107895e-02 2.960029616951942444e-02 5.280564073473215103e-03 4.295276105403900146e-02 6.838432699441909790e-02 4.885403066873550415e-02 5.759622156620025635e-02 4.283136874437332153e-02 2.186696231365203857e-02 1.159707549959421158e-02 1.962977834045886993e-02 2.857894450426101685e-02 2.185232192277908325e-02 2.515525370836257935e-02 8.281127549707889557e-03 1.401107199490070343e-02 2.795109152793884277e-02 1.551134698092937469e-02 9.870615787804126740e-03 9.592094458639621735e-03 2.065051719546318054e-02 2.381206862628459930e-02 1.010212674736976624e-02 2.565135061740875244e-02 2.901377528905868530e-02 4.432859271764755249e-02 3.678417578339576721e-02 1.724072173237800598e-02 1.840957626700401306e-02 1.160309650003910065e-02 1.684904471039772034e-02 2.694001980125904083e-02 8.084876462817192078e-03 3.712306206580251455e-04 3.867014078423380852e-03 2.056160755455493927e-02 1.284756581299006939e-03 7.401443086564540863e-03 3.041225671768188477e-02 3.529749438166618347e-02 7.247942034155130386e-03 1.128522213548421860e-03 8.177488110959529877e-03 1.088271196931600571e-02
6.365526933223009109e-03 6.397254765033721924e-03 1.885593123733997345e-02 7.523914333432912827e-03 1.422149012796580791e-03 1.970922603504732251e-04 4.832034930586814880e-03 1.455232035368680954e-02 3.725216910243034363e-02 8.309542536735534668e-01 7.830903865396976471e-03 2.834851155057549477e-03 5.246432963758707047e-03 3.007997758686542511e-02 4.634977784007787704e-03 2.282884158194065094e-02 2.405552938580513000e-02 1.534085813909769058e-02 2.772746607661247253e-02 1.713710837066173553e-02 2.932935021817684174e-02 1.949298195540904999e-02 2.684797346591949463e-02 3.479230403900146484e-02 5.530806723982095718e-03 1.141989137977361679e-02 3.194892778992652893e-02 5.652802530676126480e-03 1.425592345185577869e-03 2.425600774586200714e-03 1.060649380087852478e-02 8.697954006493091583e-03 7.441907655447721481e-03 1.037980336695909500e-02 6.017284002155065536e-03 3.473366610705852509e-03 1.149445027112960815e-02 1.832332089543342590e-02 2.386803040280938148e-03 3.845163853839039803e-03 3.133229538798332214e-02 4.886220209300518036e-03 8.633574470877647400e-04 2.630832977592945099e-02 1.087343692779541016e-02 3.061993792653083801e-02 3.647222649306058884e-03 6.513316766358911991e-04 2.161749824881553650e-02 5.088973417878150940e-02 2.230075001716613770e-02 4.189603496342897415e-03 1.087371143512427807e-03 1.229568757116794586e-02 1.374304108321666718e-02 4.784085229039192200e-02 7.380033843219280243e-03 6.190910935401916504e-03 1.832071342505514622e-03 1.156646176241338253e-03 4.901720676571130753e-03 1.486191805452108383e-02 3.064832463860511780e-02 2.985714003443717957e-02 9.682022035121917725e-03 3.341298317536711693e-03 2.700751181691884995e-03 4.660278558731079102e-03 2.121607586741447449e-02 4.077054932713508606e-02 2.525093965232372284e-02 4.718251060694456100e-03 1.228934153914451599e-02 2.679243311285972595e-02 4.923151340335607529e-03 1.102523133158683777e-02 1.520720496773719788e-02 6.268047541379928589e-02 3.005593828856945038e-02 6.467252224683761597e-02 1.838689856231212616e-02 1.229558791965246201e-02 1.192908920347690582e-02 3.154694288969039917e-02 9.991786442697048187e-03 4.482173919677734375e-02 1.397731807082891464e-02 2.325174212455749512e-02 1.772566139698028564e-02 6.027458701282739639e-03 6.790624000132083893e-03 3.936720266938209534e-02 1.261353585869073868e-02 1.407539565116167068e-02 3.517047688364982605e-02 4.273902624845504761e-02 3.099704533815383911e-02 2.355234883725643158e-02 2.955398336052894592e-02 3.971254825592041016e-02 1.704677590169012547e-03 6.745045538991689682e-03 3.075596317648887634e-02 2.841933816671371460e-02 1.545756403356790543e-02 2.763002645224332809e-03 3.099210793152451515e-03 8.312937803566455841e-03 3.376820357516407967e-03 1.074800267815589905e-02 2.706618048250675201e-02 2.412454597651958466e-02 1.498266216367483139e-02 3.994520753622055054e-03 2.103134989738464355e-02 1.497397478669881821e-02
6.022604182362556458e-02 5.692794546484947205e-02 2.483168244361877441e-02 8.272506296634674072e-03 1.124101039022207260e-02 6.039642915129661560e-02 6.138740479946136475e-02 2.681687287986278534e-02 1.217403635382652283e-02 7.830903865396976471e-03 8.309542536735534668e-01 2.707877382636070251e-02 7.543753087520599365e-02 1.241323910653591156e-02 3.205262124538421631e-02 7.404293399304151535e-03 6.378671620041131973e-03 8.288905955851078033e-03 7.902837358415126801e-03 1.156971510499715805e-02 1.241552364081144333e-02 2.802857197821140289e-02 5.017329007387161255e-03 3.256791038438677788e-03 2.223642170429229736e-02 2.816843241453170776e-02 3.007702995091676712e-03 1.845775917172431946e-02 4.122779518365859985e-02 1.205102633684873581e-02 4.515993595123291016e-02 1.017163693904876709e-02 1.564373378641903400e-03 1.389571558684110641e-02 1.065045502036809921e-02 2.370421588420867920e-02 2.021240256726741791e-02 1.730713434517383575e-02 7.013778667896986008e-03 1.634762994945049286e-02 7.409015204757452011e-03 1.756682322593405843e-04 2.818786166608333588e-02 1.004185341298580170e-02 1.595647190697491169e-03 6.119898986071348190e-03 6.650956720113754272e-02 4.823401570320129395e-02 7.887893356382846832e-03 2.113841474056243896e-02 7.429997902363538742e-03 1.026192796416580677e-03 1.484631281346082687e-02 1.188149023801088333e-02 6.744139827787876129e-03 1.693703234195709229e-02 8.369456045329570770e-03 1.325465086847543716e-02 6.154015660285949707e-03 1.947971247136592865e-02 1.445436943322420120e-02 6.699334364384412766e-03 9.626523591578006744e-03 1.795831136405467987e-02 3.760258108377456665e-02 4.649437591433525085e-02 2.215499244630336761e-02 2.625370211899280548e-02 1.205611042678356171e-03 2.147795865312218666e-03 5.954046268016099930e-03 2.169048041105270386e-02 1.627635024487972260e-02 7.486587855964899063e-04 1.008984912186861038e-02 1.261145155876874924e-02 1.783064566552639008e-02 7.376366294920444489e-03 1.965471543371677399e-02 5.589733831584453583e-03 1.934402063488960266e-02 2.124002762138843536e-02 1.569366641342639923e-02 2.885235939174890518e-03 9.186821989715099335e-04 1.439171191304922104e-02 3.229428082704544067e-02 1.815176382660865784e-02 2.900794707238674164e-02 2.450326830148696899e-02 3.699258342385292053e-02 3.606387600302696228e-02 3.206777572631835938e-02 5.872323527000844479e-04 1.030621118843555450e-02 8.901654742658138275e-03 5.713566206395626068e-03 1.010935101658105850e-02 8.492633700370788574e-03 1.603488624095916748e-02 1.527258660644292831e-02 6.234528031200170517e-03 4.687965381890535355e-03 7.438999135047197342e-03 9.718917426653206348e-04 7.508921436965465546e-03 1.214240211993455887e-02 1.799210533499717712e-02 1.045008655637502670e-02 1.312689390033483505e-02 1.057179924100637436e-02 1.459979824721813202e-02 2.911189803853631020e-03 1.570635288953781128e-02 5.442547611892223358e-03 5.690186750143766403e-03
2.555179037153720856e-02 2.406038343906402588e-02 1.316951966146007180e-04 2.411613427102565765e-02 2.387207560241222382e-02 7.209874223917722702e-03 8.563925512135028839e-03 6.696322001516819000e-03 4.460379853844642639e-02 2.834851155057549477e-03 2.707877382636070251e-02 8.309542536735534668e-01 2.551195770502090454e-02 6.962849199771881104e-02 1.025456748902797699e-02 3.194807097315788269e-02 2.282048203051090240e-02 4.125091712921857834e-03 1.384085323661565781e-02 5.213386379182338715e-03 1.057214289903640747e-02 8.077886886894702911e-03 5.770428106188774109e-02 3.704164922237396240e-02 1.144551392644643784e-02 4.768710117787122726e-03 5.056313821114599705e-04 4.511208832263946533e-02 2.099796198308467865e-02 2.916214428842067719e-02 2.924044057726860046e-02 1.417816523462533951e-02 1.328244246542453766e-02 2.120071090757846832e-02 3.031192172784358263e-04 1.895582489669322968e-02 1.382557023316621780e-02 7.587045896798372269e-03 1.715959608554840088e-02 2.323299832642078400e-02 6.972250062972307205e-03 3.033201210200786591e-03 3.184096887707710266e-02 3.258177079260349274e-03 4.564048349857330322e-02 2.461736090481281281e-02 1.217193342745304108e-02 1.284324936568737030e-02 1.644914038479328156e-03 9.405549615621566772e-03 1.965327933430671692e-02 2.721094293519854546e-03 5.900253541767597198e-03 3.972528502345085144e-03 3.771401010453701019e-03 1.169845927506685257e-02 1.915667089633643627e-03 3.070238977670669556e-03 2.104706689715385437e-02 3.376708773430436850e-04 6.695582065731287003e-03 8.732407353818416595e-03 1.570440642535686493e-02 1.042046304792165756e-02 7.743893191218376160e-03 8.521803654730319977e-03 4.286261682864278555e-04 6.846694741398096085e-03 3.176897019147872925e-02 7.667908910661935806e-03 1.729302108287811279e-02 2.269871532917022705e-02 3.633145987987518311e-02 1.360676065087318420e-02 2.108461782336235046e-02 2.714665979146957397e-02 5.035024508833885193e-02 2.448488213121891022e-02 4.405893012881278992e-02 1.283034123480319977e-02 2.560659544542431831e-03 3.171783173456788063e-03 2.024605683982372284e-02 2.242353186011314392e-02 3.321186080574989319e-02 1.578470133244991302e-02 1.132103148847818375e-03 4.611115437000989914e-03 3.495389968156814575e-02 3.056113794445991516e-02 3.413537982851266861e-03 1.512246485799551010e-02 1.138568297028541565e-02 3.756592981517314911e-03 1.097470056265592575e-03 1.255650911480188370e-02 1.332078222185373306e-02 1.728648878633975983e-02 9.446824900805950165e-03 8.436269708909094334e-04 1.642024889588356018e-02 1.007428299635648727e-02 3.483131527900695801e-03 2.112784655764698982e-03 1.903932308778166771e-03 9.132992126978933811e-04 3.868237137794494629e-03 2.286324650049209595e-02 2.499302383512258530e-03 9.103315882384777069e-03 1.064992789179086685e-02 1.553822401911020279e-02 5.561411846429109573e-03 1.581509597599506378e-02 6.976423319429159164e-03 1.325779221951961517e-02
6.405647844076156616e-02 7.371298968791961670e-02 3.101210668683052063e-02 4.863777663558721542e-03 1.071514189243316650e-02 6.120779365301132202e-02 6.557349115610122681e-02 4.290579259395599365e-02 9.784074500203132629e-03 5.246432963758707047e-03 7.543753087520599365e-02 2.551195770502090454e-02 8.309542536735534668e-01 7.751703727990388870e-03 5.263232439756393433e-02 5.763751105405390263e-04 1.025124220177531242e-03 8.175506256520748138e-03 7.440921850502490997e-03 3.637379733845591545e-03 8.464572019875049591e-03 4.424182698130607605e-02 3.317375201731920242e-03 5.096481647342443466e-03 3.446590388193726540e-03 1.455120369791984558e-02 1.235849875956773758e-02 2.639159560203552246e-03 3.307416662573814392e-02 2.624059794470667839e-03 5.007768422365188599e-02 2.583290217444300652e-03 3.674851497635245323e-03 4.722274839878082275e-03 4.257409309502691031e-04 1.687678135931491852e-02 1.125258300453424454e-02 2.194675803184509277e-02 8.524037897586822510e-03 1.507194153964519501e-02 1.716593839228153229e-02 5.001511890441179276e-03 2.527058310806751251e-02 9.996226988732814789e-03 1.989189535379409790e-02 2.544119767844676971e-02 5.739029869437217712e-02 5.083454400300979614e-02 6.803109310567378998e-03 5.703643546439707279e-04 3.607452847063541412e-03 6.428112741559743881e-03 2.007380686700344086e-02 2.769323624670505524e-02 7.526505738496780396e-03 1.597694063093513250e-04 1.199427153915166855e-02 1.287409476935863495e-02 8.865204639732837677e-03 3.616099804639816284e-02 1.395053509622812271e-02 5.844449624419212341e-03 2.917137229815125465e-03 1.995553961023688316e-03 3.544186428189277649e-02 6.616153568029403687e-02 1.101317256689071655e-02 1.419934630393981934e-02 4.981659818440675735e-03 4.739191848784685135e-03 5.669559352099895477e-03 1.339638140052556992e-03 1.178438216447830200e-02 2.308334456756711006e-03 1.313546672463417053e-02 2.688644221052527428e-03 7.662535179406404495e-03 7.477238774299621582e-03 2.185120992362499237e-02 1.219931524246931076e-02 1.973916403949260712e-02 2.262494526803493500e-02 4.667535424232482910e-03 1.127598620951175690e-02 1.281589455902576447e-02 5.936748348176479340e-04 3.798526898026466370e-02 4.104272276163101196e-02 6.611269898712635040e-03 1.198203954845666885e-02 2.519072033464908600e-02 3.306290134787559509e-02 3.177917748689651489e-02 2.401342801749706268e-02 1.441788859665393829e-02 1.297768205404281616e-02 3.226319095119833946e-03 4.830817226320505142e-03 2.034223405644297600e-03 5.876857787370681763e-03 1.769373193383216858e-02 2.081828424707055092e-03 3.155507380142807961e-03 5.505965091288089752e-03 1.422611437737941742e-02 1.775552332401275635e-02 1.137009542435407639e-02 4.358556179795414209e-04 2.900457940995693207e-03 4.742959979921579361e-03 1.862929947674274445e-02 1.344796922057867050e-02 7.141547743231058121e-03 3.275526920333504677e-03 1.017042063176631927e-02 2.306428737938404083e-02
