8.816266655921936035e-01 4.633402451872825623e-02 8.725367486476898193e-03 1.843679696321487427e-02 1.464011147618293762e-02 4.267713427543640137e-02 3.833576664328575134e-02 4.689398687332868576e-03 1.810874976217746735e-02 6.532711908221244812e-03 3.492940217256546021e-02 2.653783746063709259e-02 3.166238963603973389e-02 2.534521557390689850e-02 2.053303830325603485e-02 1.531523559242486954e-02 1.687012240290641785e-02 1.366692781448364258e-02 9.146312251687049866e-03 2.239320613443851471e-02 1.535650808364152908e-02 1.067920960485935211e-02 1.525443699210882187e-02 1.371731795370578766e-02 1.730317808687686920e-02 2.759218774735927582e-02 1.293635461479425430e-02 3.169161453843116760e-02 2.538559399545192719e-02 2.645997889339923859e-02 2.218479104340076447e-02 4.785883240401744843e-03 1.483640819787979126e-02 5.575160961598157883e-03 2.849044278264045715e-02 1.757892966270446777e-02 1.941050589084625244e-02 1.373930834233760834e-02 2.056494355201721191e-03 3.504163352772593498e-03 1.961404643952846527e-02 1.294670440256595612e-02 1.752727851271629333e-02 1.127446722239255905e-02 1.406665053218603134e-02 1.289899926632642746e-03 3.735645860433578491e-02 2.478486672043800354e-02 1.490054652094841003e-02 1.122678723186254501e-02 1.654535345733165741e-02 1.742516271770000458e-02 1.519682351499795914e-02 2.143389172852039337e-02 2.618707530200481415e-02 2.633841149508953094e-02 1.531700044870376587e-02 2.404948323965072632e-02 1.417871192097663879e-02 2.570098452270030975e-02 2.451611310243606567e-02 2.539134025573730469e-02 1.478962693363428116e-02 2.271761931478977203e-02 2.050544507801532745e-02 2.229402959346771240e-02 1.284710131585597992e-02 1.354866847395896912e-02 2.411753498017787933e-02 6.753680296242237091e-03 2.583455853164196014e-02 1.370334718376398087e-02 2.629103697836399078e-02 8.571740239858627319e-03 2.246489934623241425e-02 1.313113048672676086e-02 1.743964664638042450e-02 1.217868644744157791e-02 8.201611228287220001e-03 1.701282709836959839e-02 4.756045062094926834e-03 2.117899945005774498e-03 1.468207314610481262e-02 1.184895448386669159e-02 2.342294529080390930e-02 2.289311215281486511e-02 9.567795321345329285e-03 1.136134378612041473e-02 2.836690098047256470e-02 1.670960150659084320e-02 3.407876193523406982e-02 7.481774315237998962e-03 3.171167522668838501e-02 1.198568008840084076e-02 1.713021472096443176e-02 1.706173643469810486e-02 1.201209495775401592e-03 3.638752968981862068e-03 1.551264710724353790e-02 1.619531959295272827e-02 1.587582193315029144e-02 1.810240186750888824e-02 3.704193979501724243e-03 4.884183406829833984e-03 1.471525290980935097e-03 1.641132682561874390e-02 1.086629182100296021e-02 1.608900539577007294e-02 1.411567814648151398e-02 1.547774579375982285e-02 1.417764183133840561e-02 1.556276623159646988e-02 1.628511771559715271e-02 1.656495966017246246e-02 1.239069085568189621e-02 1.190796308219432831e-02
4.633402451872825623e-02 8.816266655921936035e-01 7.318986114114522934e-03 1.725539006292819977e-02 1.086353324353694916e-02 4.205445200204849243e-02 4.062138497829437256e-02 8.459796197712421417e-03 1.514032110571861267e-02 5.803601816296577454e-03 3.564857318997383118e-02 2.189781516790390015e-02 3.636077791452407837e-02 2.401687391102313995e-02 2.306850440800189972e-02 1.472555566579103470e-02 1.605858653783798218e-02 9.329275228083133698e-03 4.738134797662496567e-03 2.232811227440834045e-02 1.514161191880702972e-02 1.482452731579542160e-02 1.686138100922107697e-02 1.509844604879617691e-02 1.848876848816871643e-02 2.649134397506713867e-02 1.696922257542610168e-02 2.992954850196838379e-02 2.224735356867313385e-02 2.688478119671344757e-02 1.997677236795425415e-02 6.526377052068710327e-03 1.698477566242218018e-02 8.025358431041240692e-03 2.809060923755168915e-02 1.813610643148422241e-02 2.080241590738296509e-02 1.485976390540599823e-02 3.434068057686090469e-03 1.912627252750098705e-03 1.990221813321113586e-02 1.234657131135463715e-02 1.834326237440109253e-02 1.427507866173982620e-02 9.756294079124927521e-03 3.555985167622566223e-03 3.624377399682998657e-02 2.658963017165660858e-02 9.325368329882621765e-03 7.963301613926887512e-03 1.674501225352287292e-02 1.716335304081439972e-02 2.180868014693260193e-02 2.690475806593894958e-02 2.201426587998867035e-02 2.546729519963264465e-02 1.323551777750253677e-02 2.280986495316028595e-02 1.528085116297006607e-02 2.669073268771171570e-02 2.148527465760707855e-02 2.376402355730533600e-02 1.261404249817132950e-02 1.881771162152290344e-02 1.869248971343040466e-02 2.274483069777488708e-02 1.381736807525157928e-02 1.245654560625553131e-02 2.249901182949542999e-02 7.497537881135940552e-03 2.537626959383487701e-02 9.008608758449554443e-03 2.299492061138153076e-02 9.836154989898204803e-03 2.016998827457427979e-02 8.993954397737979889e-03 1.400110311806201935e-02 1.164076663553714752e-02 6.495289504528045654e-03 1.596959307789802551e-02 9.474037215113639832e-04 2.578494837507605553e-03 8.839961141347885132e-03 6.654315628111362457e-03 2.243160828948020935e-02 2.297215722501277924e-02 1.432574912905693054e-02 1.760361716151237488e-02 2.595968917012214661e-02 1.527485903352499008e-02 3.683139383792877197e-02 1.032267138361930847e-02 3.203935548663139343e-02 1.243870612233877182e-02 1.860907301306724548e-02 1.738407090306282043e-02 4.473205655813217163e-03 9.599226177670061588e-04 1.708314754068851471e-02 1.761036366224288940e-02 1.946682296693325043e-02 2.040450833737850189e-02 8.204330690205097198e-03 2.135276328772306442e-03 5.158195737749338150e-03 1.810903474688529968e-02 1.304353121668100357e-02 1.082173641771078110e-02 1.606352813541889191e-02 1.277593150734901428e-02 1.706586219370365143e-02 1.353868935257196426e-02 1.738223992288112640e-02 1.757517829537391663e-02 1.386610604822635651e-02 3.390686586499214172e-03
8.725367486476898193e-03 7.318986114114522934e-03 8.816266655921936035e-01 1.119670178741216660e-02 1.859891414642333984e-02 4.270273726433515549e-03 8.850296959280967712e-03 3.789263591170310974e-02 5.314388778060674667e-03 8.430116809904575348e-03 6.141437217593193054e-03 3.454718040302395821e-03 1.102109439671039581e-02 1.676246756687760353e-03 1.130388025194406509e-02 7.433685474097728729e-03 1.274190749973058701e-02 8.746845647692680359e-03 2.344968030229210854e-03 2.994468668475747108e-03 3.447709139436483383e-03 9.006254374980926514e-03 2.193788968725129962e-04 2.021460793912410736e-03 1.333289872854948044e-02 1.308206748217344284e-02 9.093282278627157211e-04 1.531921885907649994e-02 7.391964318230748177e-04 1.235725637525320053e-02 1.187626272439956665e-02 2.868149895220994949e-03 4.928917041979730129e-04 9.695451008155941963e-04 1.237294916063547134e-02 2.555429935455322266e-03 2.105852589011192322e-03 1.687244884669780731e-02 2.370029874145984650e-02 4.035016521811485291e-02 9.956141933798789978e-03 9.332763031125068665e-03 1.175829116255044937e-02 1.973408460617065430e-02 1.658811583183705807e-03 4.816010594367980957e-03 3.948425408452749252e-03 6.992958486080169678e-03 1.101802010089159012e-02 1.992502436041831970e-02 1.472666580229997635e-02 1.282081659883260727e-02 9.028661064803600311e-03 8.642004802823066711e-03 2.134305238723754883e-02 7.136169821023941040e-03 2.289973944425582886e-02 1.987614668905735016e-02 3.286877647042274475e-02 4.683923907577991486e-03 4.317042417824268341e-03 4.250260535627603531e-03 1.348857209086418152e-02 2.476358227431774139e-02 1.007692888379096985e-02 4.668889101594686508e-03 4.638212732970714569e-03 7.550673559308052063e-03 1.240603346377611160e-02 1.751948380842804909e-03 1.354740746319293976e-02 1.190196629613637924e-02 1.252601947635412216e-02 6.350210867822170258e-03 8.879830129444599152e-03 7.478986866772174835e-03 3.927061799913644791e-03 2.319978317245841026e-03 1.169994007796049118e-02 1.428895536810159683e-02 6.353503465652465820e-02 5.176137387752532959e-02 1.349736098200082779e-02 2.675408497452735901e-03 1.008648704737424850e-02 3.352875821292400360e-03 2.355793118476867676e-02 1.986034587025642395e-02 1.073995605111122131e-02 1.542300102300941944e-03 4.512344021350145340e-03 1.586340926587581635e-02 3.546642838045954704e-03 1.755925826728343964e-03 1.420347578823566437e-02 2.314520813524723053e-02 3.617612272500991821e-02 1.447100564837455750e-02 1.378289144486188889e-02 1.282229926437139511e-02 5.145469680428504944e-03 1.286898832768201828e-02 2.820057980716228485e-02 1.540662348270416260e-02 1.707364618778228760e-02 1.003547571599483490e-02 3.582886653020977974e-03 5.459413398057222366e-03 9.092314168810844421e-03 9.932488203048706055e-03 1.235128473490476608e-02 1.009052805602550507e-02 8.720577694475650787e-03 5.115509964525699615e-03 1.894834917038679123e-03 3.211691044270992279e-03
1.843679696321487427e-02 1.725539006292819977e-02 1.119670178741216660e-02 8.816266655921936035e-01 3.847127780318260193e-02 2.154529094696044922e-02 2.051326073706150055e-02 1.360223721712827682e-02 2.091778069734573364e-02 1.978725008666515350e-02 1.604261621832847595e-02 2.535875327885150909e-02 1.328807789832353592e-02 2.265235409140586853e-02 3.122020047158002853e-03 2.585400454699993134e-02 2.319322712719440460e-02 1.808799430727958679e-02 1.359147019684314728e-02 6.353695876896381378e-03 1.170504558831453323e-02 3.223299572709947824e-04 2.486216090619564056e-02 2.509920299053192139e-02 9.727246128022670746e-03 1.371628511697053909e-02 6.888158619403839111e-03 2.798940613865852356e-02 1.644159108400344849e-02 2.696636505424976349e-02 9.335270151495933533e-03 7.715862244367599487e-03 1.173262950032949448e-02 9.065859951078891754e-03 4.702362231910228729e-03 1.918686926364898682e-02 1.559736300259828568e-02 8.528742007911205292e-03 4.333180189132690430e-02 2.723232097923755646e-02 1.490856800228357315e-02 1.853709481656551361e-02 1.429546251893043518e-02 2.306060120463371277e-02 2.580055966973304749e-02 2.672648057341575623e-02 2.191590331494808197e-02 2.226801030337810516e-02 7.090666797012090683e-03 1.000904478132724762e-02 2.022738382220268250e-02 2.183430455625057220e-02 2.398929372429847717e-02 1.009225565940141678e-02 1.780874840915203094e-02 2.177516557276248932e-02 1.783931814134120941e-02 1.554166898131370544e-02 3.050322830677032471e-02 1.918846927583217621e-02 1.970870234072208405e-02 2.318414114415645599e-02 2.354702701268251985e-05 7.003270089626312256e-03 1.769892685115337372e-02 1.403746195137500763e-02 3.168690891470760107e-04 1.000072108581662178e-03 2.642654813826084137e-02 9.484974667429924011e-03 2.580410987138748169e-02 1.440728455781936646e-02 3.315693512558937073e-02 7.127662189304828644e-03 2.254112437367439270e-02 1.232676673680543900e-02 2.527503482997417450e-02 2.465721406042575836e-02 2.539737708866596222e-02 1.543282251805067062e-02 1.001819316297769547e-02 1.197938062250614166e-02 3.539949655532836914e-02 2.958877943456172943e-02 1.888289861381053925e-02 1.053960341960191727e-02 3.840052289888262749e-03 8.095682598650455475e-03 2.225651592016220093e-02 2.210655808448791504e-02 1.749689690768718719e-02 3.307920647785067558e-03 1.911975070834159851e-02 6.982278078794479370e-03 1.951511763036251068e-02 1.315202936530113220e-02 9.461013600230216980e-03 1.146262045949697495e-02 2.308022789657115936e-02 2.392825856804847717e-02 1.513364352285861969e-02 1.472086086869239807e-02 8.073275675997138023e-04 1.390265650115907192e-03 5.544055253267288208e-03 7.628332357853651047e-03 9.771555662155151367e-03 1.872607506811618805e-02 1.147007942199707031e-02 1.249377895146608353e-02 4.752202657982707024e-04 8.472510613501071930e-03 1.397944893687963486e-02 8.539656177163124084e-03 8.624747395515441895e-03 1.498872530646622181e-03
1.464011147618293762e-02 1.086353324353694916e-02 1.859891414642333984e-02 3.847127780318260193e-02 8.816266655921936035e-01 1.273078005760908127e-02 1.132488250732421875e-02 1.158202532678842545e-02 2.624033205211162567e-02 2.586931921541690826e-02 1.693599857389926910e-02 2.387688681483268738e-02 1.424109283834695816e-02 2.123001590371131897e-02 9.942173026502132416e-03 2.732657082378864288e-02 2.710494399070739746e-02 2.457960322499275208e-02 1.871396787464618683e-02 6.845655851066112518e-03 1.641582883894443512e-02 1.313721388578414917e-02 2.620332501828670502e-02 2.680103853344917297e-02 1.006384659558534622e-02 8.678140118718147278e-03 1.074203290045261383e-02 1.960119232535362244e-02 1.732273399829864502e-02 1.884822547435760498e-02 1.422948762774467468e-02 1.837829686701297760e-02 2.095047570765018463e-02 1.563210785388946533e-02 7.328310050070285797e-03 2.283050306141376495e-02 2.112529240548610687e-02 1.524552237242460251e-02 1.811512373387813568e-02 3.062821738421916962e-02 1.471195276826620102e-02 2.582437172532081604e-02 1.146570872515439987e-02 1.746030151844024658e-02 2.552310191094875336e-02 2.874097600579261780e-02 1.459511183202266693e-02 1.727249473333358765e-02 1.702877506613731384e-02 1.572248898446559906e-02 2.165817469358444214e-02 2.293020486831665039e-02 1.760227046906948090e-02 1.112664001993834972e-03 2.032487280666828156e-02 1.707284897565841675e-02 1.851174980401992798e-02 1.265397202223539352e-02 2.970569580793380737e-02 2.117206342518329620e-02 2.635660208761692047e-02 2.364469878375530243e-02 3.286813385784626007e-03 9.585209190845489502e-03 2.112923748791217804e-02 1.827461086213588715e-02 7.698823232203722000e-03 5.578876007348299026e-03 2.759915776550769806e-02 1.611893996596336365e-02 2.286282181739807129e-02 2.097927778959274292e-02 2.644209563732147217e-02 9.885362349450588226e-03 2.820992097258567810e-02 1.887976005673408508e-02 3.145717084407806396e-02 2.828754484653472900e-02 2.299001254141330719e-02 2.443235553801059723e-02 1.327463798224925995e-02 1.706244051456451416e-02 3.768809512257575989e-02 3.630709648132324219e-02 2.112349309027194977e-02 1.208099815994501114e-02 6.934864446520805359e-03 1.076165586709976196e-02 1.565376482903957367e-02 1.707649417221546173e-02 1.148951519280672073e-02 9.431830607354640961e-03 1.803257316350936890e-02 1.487104129046201706e-02 1.056184247136116028e-02 1.345762424170970917e-02 1.726950891315937042e-02 2.379210107028484344e-02 2.599860168993473053e-02 2.533929236233234406e-02 1.170015893876552582e-02 1.120048202574253082e-02 4.081139806658029556e-03 1.423056423664093018e-02 4.274091683328151703e-03 1.224852539598941803e-02 6.464439444243907928e-03 1.864241436123847961e-02 3.360134316608309746e-03 1.624903641641139984e-02 1.060486212372779846e-02 1.769468747079372406e-02 1.498719956725835800e-02 9.533436037600040436e-03 1.127615850418806076e-02 1.637168787419795990e-02
4.267713427543640137e-02 4.205445200204849243e-02 4.270273726433515549e-03 2.154529094696044922e-02 1.273078005760908127e-02 8.816266655921936035e-01 4.539110511541366577e-02 5.047477781772613525e-03 1.633219234645366669e-02 3.886185819283127785e-03 2.746075205504894257e-02 3.240359202027320862e-02 2.549921348690986633e-02 2.940324507653713226e-02 8.634484373033046722e-03 1.483268290758132935e-02 1.890839263796806335e-02 8.868996985256671906e-03 9.754119440913200378e-03 1.762617938220500946e-02 1.312100980430841446e-02 1.200883882120251656e-03 1.861179992556571960e-02 1.690841279923915863e-02 1.590695604681968689e-02 2.974021062254905701e-02 6.830926518887281418e-03 3.934834524989128113e-02 1.805384084582328796e-02 3.250786662101745605e-02 1.542825531214475632e-02 1.864784047938883305e-03 1.820742897689342499e-02 3.659400390461087227e-03 3.111577779054641724e-02 1.736644469201564789e-02 1.896880194544792175e-02 1.220336835831403732e-02 8.903643116354942322e-03 4.594973288476467133e-03 2.171639353036880493e-02 1.185528747737407684e-02 2.057592011988162994e-02 1.250050216913223267e-02 1.675720140337944031e-02 2.305102534592151642e-03 4.349810630083084106e-02 3.415502980351448059e-02 7.584258448332548141e-03 4.231905099004507065e-03 1.541397348046302795e-02 1.592070609331130981e-02 2.150355279445648193e-02 2.902919240295886993e-02 2.183228544890880585e-02 2.373597957193851471e-02 2.012119442224502563e-02 2.686801180243492126e-02 1.709032431244850159e-02 2.920797280967235565e-02 2.062677592039108276e-02 2.340153604745864868e-02 2.370304241776466370e-02 2.560810558497905731e-02 1.343496050685644150e-02 1.879134401679039001e-02 8.118343539535999298e-03 1.150818262249231339e-02 2.389988861978054047e-02 6.994912982918322086e-04 2.739685587584972382e-02 9.205138310790061951e-03 2.830620855093002319e-02 5.732881370931863785e-03 2.265887893736362457e-02 1.191981509327888489e-02 1.506300363689661026e-02 1.230042986571788788e-02 1.501832716166973114e-02 1.262541953474283218e-02 7.736562285572290421e-03 1.226897584274411201e-03 1.360134873539209366e-02 1.055560261011123657e-02 2.402235940098762512e-02 2.260722965002059937e-02 2.595453755930066109e-03 7.267685141414403915e-03 4.020691663026809692e-02 2.446238324046134949e-02 3.533938527107238770e-02 5.452475743368268013e-04 3.212333470582962036e-02 6.022620480507612228e-03 1.558452472090721130e-02 1.450259424746036530e-02 2.028083195909857750e-03 2.348043723031878471e-03 1.370379794389009476e-02 1.561923790723085403e-02 1.537055522203445435e-02 1.818473637104034424e-02 3.781789855565875769e-04 1.744883018545806408e-03 1.022771745920181274e-02 2.675492502748966217e-02 9.143036790192127228e-03 1.637748442590236664e-02 1.824094355106353760e-02 1.656309701502323151e-02 1.444634888321161270e-02 1.328745484352111816e-02 1.712204143404960632e-02 1.973806694149971008e-02 3.728338284417986870e-03 7.703302544541656971e-04
3.833576664328575134e-02 4.062138497829437256e-02 8.850296959280967712e-03 2.051326073706150055e-02 1.132488250732421875e-02 4.539110511541366577e-02 8.816266655921936035e-01 4.270247183740139008e-03 1.970907859504222870e-02 1.195876207202672958e-02 2.782321535050868988e-02 2.648202329874038696e-02 2.903483994305133820e-02 2.660755813121795654e-02 1.016824785619974136e-02 1.820573583245277405e-02 2.062371745705604553e-02 1.008608564734458923e-02 1.209652051329612732e-02 2.068956755101680756e-02 1.378047931939363480e-02 2.640569815412163734e-03 2.051145583391189575e-02 2.042052708566188812e-02 2.374639548361301422e-02 3.499389812350273132e-02 8.720615878701210022e-03 3.347257524728775024e-02 1.905555091798305511e-02 2.712908573448657990e-02 2.284257486462593079e-02 1.323315780609846115e-02 1.736565679311752319e-02 1.433090679347515106e-02 3.071734867990016937e-02 1.788573339581489563e-02 1.875208131968975067e-02 1.163936778903007507e-02 1.828606612980365753e-02 1.636004075407981873e-03 1.446205005049705505e-02 1.265953388065099716e-02 1.860663667321205139e-02 3.628766629844903946e-03 1.680099591612815857e-02 1.540457946248352528e-03 4.247132316231727600e-02 3.625267371535301208e-02 1.166637428104877472e-02 1.218955218791961670e-02 1.798765361309051514e-02 1.774506643414497375e-02 1.609080284833908081e-02 2.412382327020168304e-02 2.451224811375141144e-02 2.708441205322742462e-02 1.497776061296463013e-02 2.049637027084827423e-02 9.641009382903575897e-03 2.403919585049152374e-02 1.932035945355892181e-02 2.045900374650955200e-02 1.413008850067853928e-02 1.771350577473640442e-02 1.260657142847776413e-02 2.164327912032604218e-02 1.259181555360555649e-02 1.407500542700290680e-02 2.260013855993747711e-02 1.783658750355243683e-03 2.535447850823402405e-02 7.968984544277191162e-03 2.673865482211112976e-02 6.098016630858182907e-03 2.314455620944499969e-02 9.793306700885295868e-03 1.498158369213342667e-02 1.360451709479093552e-02 1.393768377602100372e-02 9.397656656801700592e-03 7.296423893421888351e-03 9.067628416232764721e-04 1.310922019183635712e-02 1.402148045599460602e-02 2.540887519717216492e-02 2.586273103952407837e-02 7.981263333931565285e-04 1.047613937407732010e-02 2.908837795257568359e-02 1.811260916292667389e-02 3.387588635087013245e-02 1.461575622670352459e-03 3.255692496895790100e-02 7.013653870671987534e-03 2.037216350436210632e-02 1.970136538147926331e-02 6.360475439578294754e-03 2.959038829430937767e-03 1.886149309575557709e-02 1.989792846143245697e-02 2.131843566894531250e-02 2.241468057036399841e-02 3.876199480146169662e-03 3.515286603942513466e-03 7.089867256581783295e-03 2.287741377949714661e-02 1.479508448392152786e-02 1.261605788022279739e-02 2.223833277821540833e-02 1.404251810163259506e-02 1.269751694053411484e-02 8.417642675340175629e-03 1.551517937332391739e-02 1.524411793798208237e-02 1.459677732782438397e-04 2.982086269184947014e-03
4.689398687332868576e-03 8.459796197712421417e-03 3.789263591170310974e-02 1.360223721712827682e-02 1.158202532678842545e-02 5.047477781772613525e-03 4.270247183740139008e-03 8.816266655921936035e-01 3.067550715059041977e-03 8.756361901760101318e-03 1.178078074008226395e-02 7.538164500147104263e-03 1.175024732947349548e-02 8.617131970822811127e-03 3.672827780246734619e-02 3.056560643017292023e-03 4.546626005321741104e-03 7.970612496137619019e-03 7.070142310112714767e-03 1.572901941835880280e-02 2.012548223137855530e-02 2.214742824435234070e-02 1.027747057378292084e-02 1.066031865775585175e-02 6.930117961019277573e-03 1.077778730541467667e-02 1.225443650037050247e-02 5.150828510522842407e-03 1.543756294995546341e-02 1.028158888220787048e-02 4.965134430676698685e-03 1.614718884229660034e-02 1.405554544180631638e-02 1.416112575680017471e-02 6.401152350008487701e-03 2.078335173428058624e-02 2.213766612112522125e-02 2.899355255067348480e-02 8.531820029020309448e-03 5.433402024209499359e-03 2.164834178984165192e-02 1.674520783126354218e-02 1.943669631145894527e-03 1.545846089720726013e-02 1.147634722292423248e-02 1.798344589769840240e-02 4.746058955788612366e-03 9.190525859594345093e-03 8.947138674557209015e-03 8.952398784458637238e-03 2.477800287306308746e-02 2.516935765743255615e-02 2.393380925059318542e-02 5.680168978869915009e-03 9.276905097067356110e-03 1.344173029065132141e-02 1.073605287820100784e-02 1.228615269064903259e-02 2.497961372137069702e-02 1.012606918811798096e-02 7.920757867395877838e-03 9.406249970197677612e-03 3.326594596728682518e-03 5.890615750104188919e-03 1.794183813035488129e-02 1.633185148239135742e-02 1.058220118284225464e-02 1.475473167374730110e-03 3.127684351056814194e-03 8.009808138012886047e-03 4.385964013636112213e-03 7.637573406100273132e-03 5.014555528759956360e-03 1.942623406648635864e-02 5.697512533515691757e-03 5.133933387696743011e-03 4.046815447509288788e-03 1.060021482408046722e-02 1.023207046091556549e-02 1.993950083851814270e-02 5.952235683798789978e-02 4.309406504034996033e-02 8.507807739078998566e-03 6.737069343216717243e-04 1.898840442299842834e-02 1.137967128306627274e-02 4.434608295559883118e-02 3.752775117754936218e-02 7.859188131988048553e-03 1.250844169408082962e-02 1.296679116785526276e-02 2.700905315577983856e-02 1.289780158549547195e-02 1.577954925596714020e-02 8.835463784635066986e-03 4.063956905156373978e-03 3.756859526038169861e-02 2.838436048477888107e-03 1.862982474267482758e-02 1.981941796839237213e-02 1.531127933412790298e-02 1.269028149545192719e-02 3.458894416689872742e-02 1.208171062171459198e-02 1.187614444643259048e-02 3.279915777966380119e-03 2.843885496258735657e-02 1.810374669730663300e-02 1.620493270456790924e-02 1.284022163599729538e-02 1.366076152771711349e-02 9.385396726429462433e-03 1.164970267564058304e-02 3.283229423686861992e-03 8.041511289775371552e-03 2.739265095442533493e-03
1.810874976217746735e-02 1.514032110571861267e-02 5.314388778060674667e-03 2.091778069734573364e-02 2.624033205211162567e-02 1.633219234645366669e-02 1.970907859504222870e-02 3.067550715059041977e-03 8.816266655921936035e-01 3.724072501063346863e-02 2.275867201387882233e-02 2.534498274326324463e-02 2.164357900619506836e-02 1.891538873314857483e-02 1.373329944908618927e-02 3.198392689228057861e-02 2.841044403612613678e-02 3.685976564884185791e-02 3.091900423169136047e-02 1.710978895425796509e-02 2.306138351559638977e-02 1.166344620287418365e-02 3.393073752522468567e-02 3.108802251517772675e-02 1.683026365935802460e-02 1.753475330770015717e-02 1.077418681234121323e-02 1.772189140319824219e-02 1.746799796819686890e-02 8.699341677129268646e-03 2.708335034549236298e-02 3.035863675177097321e-02 1.360927801579236984e-02 2.947437204420566559e-02 1.272709574550390244e-02 3.115625679492950439e-02 2.694159187376499176e-02 4.719799384474754333e-03 8.161775767803192139e-03 3.177098231390118599e-03 3.723945468664169312e-03 2.670787274837493896e-02 1.249409653246402740e-02 1.690326258540153503e-03 3.457855060696601868e-02 1.622516289353370667e-02 1.820398867130279541e-02 1.545971445739269257e-02 3.804231807589530945e-02 3.670227527618408203e-02 2.123680524528026581e-02 1.869834400713443756e-02 3.694694314617663622e-04 1.249691657721996307e-02 3.576243668794631958e-02 2.798315696418285370e-02 1.372136827558279037e-02 9.308535605669021606e-03 6.809484213590621948e-03 4.949628841131925583e-03 3.194287046790122986e-02 3.138698264956474304e-02 2.703355858102440834e-03 5.016847047954797745e-03 9.531903080642223358e-03 1.626600325107574463e-02 1.493972260504961014e-02 1.600139774382114410e-02 3.294719383120536804e-02 1.504289265722036362e-02 2.263901010155677795e-02 2.573029883205890656e-02 2.311967127025127411e-02 5.902947857975959778e-03 2.496687695384025574e-02 1.843360811471939087e-02 3.761694207787513733e-02 2.626520954072475433e-02 3.194209933280944824e-02 1.934131048619747162e-02 1.335963606834411621e-02 4.705506842583417892e-03 3.422260284423828125e-02 3.252933546900749207e-02 1.680235192179679871e-02 1.921231858432292938e-02 3.756530117243528366e-03 4.472010303288698196e-03 1.749639026820659637e-02 1.016593258827924728e-02 1.273633353412151337e-02 1.645445940084755421e-03 2.369768172502517700e-02 1.484997477382421494e-02 1.774963736534118652e-02 2.285751141607761383e-02 9.431302896700799465e-04 2.386520802974700928e-02 2.911600470542907715e-02 2.540585957467556000e-02 1.771656796336174011e-02 1.791253685951232910e-02 7.001556921750307083e-03 1.240500435233116150e-02 5.655772518366575241e-03 3.159256186336278915e-03 1.456688437610864639e-02 1.488315220922231674e-02 9.755285456776618958e-03 1.571982540190219879e-02 1.476100087165832520e-02 2.177845686674118042e-02 7.146576885133981705e-03 1.734738703817129135e-03 6.735414732247591019e-03 1.782528497278690338e-02
6.532711908221244812e-03 5.803601816296577454e-03 8.430116809904575348e-03 1.978725008666515350e-02 2.586931921541690826e-02 3.886185819283127785e-03 1.195876207202672958e-02 8.756361901760101318e-03 3.724072501063346863e-02 8.816266655921936035e-01 1.908675581216812134e-02 1.959888078272342682e-02 1.646102964878082275e-02 2.117167785763740540e-02 7.377266883850097656e-03 3.441290184855461121e-02 3.185949474573135376e-02 2.877585776150226593e-02 3.432281315326690674e-02 1.128616649657487869e-02 1.923890411853790283e-02 9.967135265469551086e-03 3.093094006180763245e-02 3.395193442702293396e-02 1.845448091626167297e-02 1.369303837418556213e-02 6.700900383293628693e-03 1.084916759282350540e-02 1.480152830481529236e-02 1.079773716628551483e-02 2.087738364934921265e-02 3.257370367646217346e-02 1.268610730767250061e-02 3.447447717189788818e-02 3.646826371550559998e-03 2.738735638558864594e-02 2.600289694964885712e-02 2.859334694221615791e-03 1.442540902644395828e-02 8.794763125479221344e-03 1.808912609703838825e-03 2.604536712169647217e-02 1.105613633990287781e-02 5.379232577979564667e-03 2.849970012903213501e-02 2.518773451447486877e-02 1.019725576043128967e-02 7.480311673134565353e-03 3.161091729998588562e-02 4.107388108968734741e-02 1.654597744345664978e-02 1.799447275698184967e-02 3.729480318725109100e-03 1.164385024458169937e-02 2.530308812856674194e-02 3.379281982779502869e-02 9.889265522360801697e-03 1.014846470206975937e-02 6.554369814693927765e-03 4.021537024527788162e-03 1.895384863018989563e-02 2.518982999026775360e-02 5.300812423229217529e-03 1.197478640824556351e-02 1.292772404849529266e-02 1.423156820237636566e-02 1.226150058209896088e-02 1.045972481369972229e-02 2.636629715561866760e-02 1.996969245374202728e-02 2.359700575470924377e-02 1.494538132101297379e-02 1.837771385908126831e-02 1.321595907211303711e-02 2.594897337257862091e-02 6.861949805170297623e-03 3.227032348513603210e-02 3.655929863452911377e-02 2.820733189582824707e-02 3.891419619321823120e-02 4.546644631773233414e-03 3.449863987043499947e-03 2.903153188526630402e-02 3.934603929519653320e-02 1.387381367385387421e-02 1.535993814468383789e-02 2.529768738895654678e-03 5.564503837376832962e-03 2.610254101455211639e-03 1.479216758161783218e-02 3.995534032583236694e-03 4.139883909374475479e-03 1.379993278533220291e-02 1.016429159790277481e-02 2.352772280573844910e-02 3.200598433613777161e-02 8.579740300774574280e-03 1.539704762399196625e-02 2.920538745820522308e-02 2.570031955838203430e-02 2.441308461129665375e-02 2.468477003276348114e-02 4.653708077967166901e-03 7.709754630923271179e-03 3.176114754751324654e-03 9.245849214494228363e-04 2.028702571988105774e-02 1.376556046307086945e-02 1.774030551314353943e-02 2.044540084898471832e-02 1.261158008128404617e-02 1.551660802215337753e-02 6.845124997198581696e-03 1.774737611413002014e-03 9.191872552037239075e-03 1.335256919264793396e-02
3.492940217256546021e-02 3.564857318997383118e-02 6.141437217593193054e-03 1.604261621832847595e-02 1.693599857389926910e-02 2.746075205504894257e-02 2.782321535050868988e-02 1.178078074008226395e-02 2.275867201387882233e-02 1.908675581216812134e-02 8.816266655921936035e-01 2.018869481980800629e-02 3.729788586497306824e-02 2.322824299335479736e-02 3.411224111914634705e-02 1.713448017835617065e-02 1.741465739905834198e-02 2.050760574638843536e-02 1.701666414737701416e-02 2.242179028689861298e-02 2.007456123828887939e-02 2.753853984177112579e-02 1.874715462327003479e-02 1.722995191812515259e-02 1.569923944771289825e-02 2.207283861935138702e-02 2.381924353539943695e-02 1.807549223303794861e-02 2.503044344484806061e-02 1.737759821116924286e-02 2.507169358432292938e-02 1.712691597640514374e-02 1.540139131247997284e-02 1.873914524912834167e-02 2.290728688240051270e-02 2.437419258058071136e-02 2.469269931316375732e-02 1.803935132920742035e-02 3.961577313020825386e-04 4.201481118798255920e-03 1.699082367122173309e-02 1.960472203791141510e-02 1.686030998826026917e-02 8.816696703433990479e-03 1.596785522997379303e-02 5.366824101656675339e-03 2.697874233126640320e-02 1.964835263788700104e-02 1.717296987771987915e-02 1.655028015375137329e-02 1.516106631606817245e-02 1.613453403115272522e-02 1.678054407238960266e-02 1.850879192352294922e-02 2.235174179077148438e-02 2.614000253379344940e-02 6.898795720189809799e-03 1.495483983308076859e-02 1.232146658003330231e-02 2.593211643397808075e-02 2.294787019491195679e-02 2.526031993329524994e-02 4.487266298383474350e-03 1.057749148458242416e-02 2.744489535689353943e-02 2.909797057509422302e-02 1.996073685586452484e-02 1.905426196753978729e-02 2.183105610311031342e-02 2.159337513148784637e-02 2.206150256097316742e-02 1.957947574555873871e-02 2.371596731245517731e-02 2.031311951577663422e-02 2.322782389819622040e-02 1.614105142652988434e-02 2.015065588057041168e-02 2.079365216195583344e-02 1.059952192008495331e-02 3.090999089181423187e-03 3.678701585158705711e-03 8.466372266411781311e-03 1.751115918159484863e-02 1.615976728498935699e-02 1.860447973012924194e-02 1.824448071420192719e-02 2.241923287510871887e-02 2.631492912769317627e-02 1.197790261358022690e-02 1.225819997489452362e-02 2.394352294504642487e-02 2.396574802696704865e-02 2.703040838241577148e-02 2.458572760224342346e-02 1.984086818993091583e-02 2.287531644105911255e-02 1.572049967944622040e-02 1.381015125662088394e-02 2.069492638111114502e-02 1.941369660198688507e-02 2.108183689415454865e-02 2.216253802180290222e-02 1.163590047508478165e-02 1.529195997864007950e-02 7.351255510002374649e-03 1.453062891960144043e-02 1.957345008850097656e-02 1.090899668633937836e-02 1.880139671266078949e-02 1.637357473373413086e-02 2.445162646472454071e-02 2.264298498630523682e-02 1.517120469361543655e-02 1.231288444250822067e-02 1.854524575173854828e-02 2.098433300852775574e-02
2.653783746063709259e-02 2.189781516790390015e-02 3.454718040302395821e-03 2.535875327885150909e-02 2.387688681483268738e-02 3.240359202027320862e-02 2.648202329874038696e-02 7.538164500147104263e-03 2.534498274326324463e-02 1.959888078272342682e-02 2.018869481980800629e-02 8.816266655921936035e-01 1.547810155898332596e-02 4.218587651848793030e-02 6.664310116320848465e-03 2.031709253787994385e-02 2.491479367017745972e-02 1.196655724197626114e-02 1.451739482581615448e-02 9.325179271399974823e-03 9.758491069078445435e-03 4.588242620229721069e-03 2.510412782430648804e-02 2.395242638885974884e-02 8.685213513672351837e-03 1.603993773460388184e-02 3.823739709332585335e-03 3.627672046422958374e-02 1.461526844650506973e-02 3.222424909472465515e-02 1.147113367915153503e-02 4.936113953590393066e-03 1.642195321619510651e-02 4.759574308991432190e-03 1.628825813531875610e-02 2.348162792623043060e-02 2.306233160197734833e-02 7.553204894065856934e-03 1.008476875722408295e-02 1.011433731764554977e-02 1.803283952176570892e-02 1.840693503618240356e-02 1.592442765831947327e-02 1.060626003891229630e-02 2.940985746681690216e-02 2.115822024643421173e-02 2.701820805668830872e-02 2.473986148834228516e-02 1.610438898205757141e-02 1.164938323199748993e-02 1.775319129228591919e-02 2.043610252439975739e-02 1.606172509491443634e-02 7.034881506115198135e-03 2.366893924772739410e-02 2.275316789746284485e-02 2.450769953429698944e-02 2.779346518218517303e-02 2.584906481206417084e-02 2.084582857787609100e-02 2.120877802371978760e-02 2.389389462769031525e-02 2.415827661752700806e-02 1.812628284096717834e-02 1.853011734783649445e-02 1.546824164688587189e-02 2.090248744934797287e-03 2.993752015754580498e-03 2.761741727590560913e-02 1.262459531426429749e-02 2.955935709178447723e-02 2.181080728769302368e-02 2.714685164391994476e-02 1.256039179861545563e-02 2.486860938370227814e-02 2.141299284994602203e-02 2.760505862534046173e-02 3.075142018496990204e-02 2.978375181555747986e-02 1.412625052034854889e-02 5.322092212736606598e-03 2.958141034469008446e-03 2.187701500952243805e-02 2.181528694927692413e-02 2.505901828408241272e-02 1.800079643726348877e-02 3.170388750731945038e-03 2.488756785169243813e-03 4.198812320828437805e-02 3.331338241696357727e-02 1.298433914780616760e-02 5.667754448950290680e-03 2.845774590969085693e-02 1.154241804033517838e-02 1.134456321597099304e-02 1.389768533408641815e-02 7.549833506345748901e-03 1.814019493758678436e-02 1.860660500824451447e-02 1.922997646033763885e-02 1.298872660845518112e-02 1.415737066417932510e-02 3.960487898439168930e-03 1.418420113623142242e-02 6.731143221259117126e-03 1.023348979651927948e-02 5.643813405185937881e-03 2.363078482449054718e-02 1.071079540997743607e-02 1.944761164486408234e-02 2.076463028788566589e-02 2.592801675200462341e-02 1.457351725548505783e-02 1.328270602971315384e-02 1.230329275131225586e-03 1.570275798439979553e-02
3.166238963603973389e-02 3.636077791452407837e-02 1.102109439671039581e-02 1.328807789832353592e-02 1.424109283834695816e-02 2.549921348690986633e-02 2.903483994305133820e-02 1.175024732947349548e-02 2.164357900619506836e-02 1.646102964878082275e-02 3.729788586497306824e-02 1.547810155898332596e-02 8.816266655921936035e-01 1.590788364410400391e-02 3.572143241763114929e-02 1.789602451026439667e-02 1.799771189689636230e-02 2.142354846000671387e-02 1.517468970268964767e-02 2.238699048757553101e-02 2.195755951106548309e-02 3.483094647526741028e-02 2.051743306219577789e-02 1.781776361167430878e-02 2.171707898378372192e-02 2.309791557490825653e-02 2.768986113369464874e-02 1.843359507620334625e-02 2.323745377361774445e-02 1.567337848246097565e-02 2.947349660098552704e-02 2.289900928735733032e-02 2.140731364488601685e-02 2.232113666832447052e-02 2.501183003187179565e-02 2.263542264699935913e-02 2.217327244579792023e-02 1.891005970537662506e-02 6.784768775105476379e-03 2.249706070870161057e-03 1.362641807645559311e-02 1.841015927493572235e-02 1.575393788516521454e-02 2.336234319955110550e-03 1.191614195704460144e-02 2.166729886084794998e-03 2.446767315268516541e-02 2.199248783290386200e-02 1.791005954146385193e-02 1.795381307601928711e-02 1.677400432527065277e-02 1.622716151177883148e-02 1.589244417846202850e-02 2.080647461116313934e-02 2.471570856869220734e-02 2.189774997532367706e-02 1.233148481696844101e-02 1.398426294326782227e-02 6.791093852370977402e-03 2.161722071468830109e-02 2.538648061454296112e-02 2.429253794252872467e-02 7.536017801612615585e-03 1.092096138745546341e-02 2.061488293111324310e-02 2.981881238520145416e-02 2.295754477381706238e-02 2.268495224416255951e-02 2.339825406670570374e-02 2.110516652464866638e-02 2.193264104425907135e-02 1.993713527917861938e-02 1.990940235555171967e-02 1.816328801214694977e-02 2.086469531059265137e-02 1.625698246061801910e-02 2.022431604564189911e-02 1.662834733724594116e-02 1.112393755465745926e-02 3.622110001742839813e-03 2.882206346839666367e-03 1.068184804171323776e-02 1.721122488379478455e-02 1.410299725830554962e-02 1.842651702463626862e-02 1.938568241894245148e-02 2.150344662368297577e-02 3.016937896609306335e-02 1.336298137903213501e-02 6.583463866263628006e-03 2.657037042081356049e-02 2.209481038153171539e-02 2.506196312606334686e-02 2.643654495477676392e-02 1.861660741269588470e-02 2.102476172149181366e-02 9.953229688107967377e-03 1.303211413323879242e-02 2.276051044464111328e-02 2.085626870393753052e-02 2.430238947272300720e-02 2.362470142543315887e-02 9.251687675714492798e-03 1.213479507714509964e-02 4.050974734127521515e-03 1.141463033854961395e-02 1.941767334938049316e-02 8.915289305150508881e-03 1.762070134282112122e-02 1.435642875730991364e-02 1.892259344458580017e-02 1.505795121192932129e-02 1.461835019290447235e-02 1.087229978293180466e-02 1.211569271981716156e-02 1.387413591146469116e-02
