8.381373882293701172e-01 7.473344355821609497e-02 1.563447713851928711e-02 8.958030492067337036e-03 1.309729274362325668e-02 4.782162979245185852e-02 4.059827327728271484e-02 5.812852177768945694e-03 1.417362946085631847e-03 1.243102177977561951e-02 8.183840662240982056e-02 4.664277192205190659e-03 6.593888998031616211e-02 1.387571822851896286e-02 1.660016551613807678e-02 1.733079925179481506e-02 1.466298568993806839e-02 1.543034892529249191e-02 3.463226137682795525e-03 7.083937525749206543e-03 1.950775831937789917e-02 2.359098568558692932e-02 9.205305017530918121e-03 4.888662602752447128e-03 2.657253108918666840e-02 2.149308659136295319e-02 1.979721710085868835e-02 3.717143554240465164e-04 6.370969582349061966e-03 9.352416731417179108e-03 2.414452610537409782e-03 5.815123207867145538e-03 1.676683314144611359e-02 2.581940265372395515e-03 2.569449599832296371e-03 1.361520681530237198e-02 7.125733885914087296e-03 4.060291685163974762e-03 1.153873186558485031e-02 1.481224596500396729e-02 7.050042040646076202e-03 1.521199359558522701e-03 8.142916485667228699e-03 2.487868443131446838e-02 1.171181537210941315e-02 1.983162946999073029e-02 7.179926335811614990e-02 5.015549063682556152e-02 3.058160655200481415e-03 9.875589981675148010e-03 1.633087731897830963e-02 5.550188012421131134e-03 1.627880893647670746e-02 7.397310691885650158e-04 3.744610771536827087e-02 2.467287005856633186e-03 3.258180990815162659e-02 2.132788859307765961e-02 1.372247561812400818e-02 4.224289674311876297e-03 2.730043418705463409e-02 3.455054713413119316e-03 1.897430233657360077e-02 1.078939437866210938e-02 6.715443916618824005e-03 4.952540155500173569e-03 3.604445606470108032e-03 7.452697958797216415e-03 1.767741516232490540e-02 1.786108501255512238e-02 3.208575304597616196e-03 2.112760208547115326e-03 1.522177923470735550e-02 7.275817915797233582e-03 1.381202600896358490e-02 1.069483347237110138e-02 1.450267853215336800e-03 2.786345407366752625e-02 1.004662364721298218e-02 5.248454399406909943e-03 7.438087486661970615e-04 2.033389359712600708e-02 1.696803979575634003e-02 2.521425858139991760e-02 1.415409147739410400e-03 6.623225286602973938e-03 1.314383093267679214e-02 3.867671824991703033e-03 1.085463445633649826e-02 1.190756168216466904e-02 3.176084160804748535e-02 6.249676458537578583e-03 3.621892258524894714e-02 1.447518123313784599e-03 1.830903254449367523e-02 4.057786893099546432e-03 1.328693144023418427e-02 8.779980242252349854e-03 1.000564545392990112e-02 1.795276999473571777e-02 4.033870529383420944e-03 4.931808914989233017e-03 1.185457594692707062e-02 6.514596287161111832e-03 2.191818552091717720e-03 1.310038845986127853e-02 3.862625686451792717e-03 3.083263291046023369e-03 5.016393959522247314e-03 1.232443004846572876e-02 1.278536394238471985e-02 1.097041647881269455e-02 4.202090669423341751e-03 2.914629643782973289e-03 1.884731836616992950e-02 1.327255461364984512e-02
7.473344355821609497e-02 8.381373882293701172e-01 6.675346288830041885e-03 4.227531608194112778e-04 3.321052528917789459e-03 5.193176865577697754e-02 7.046709209680557251e-02 1.167384907603263855e-02 1.704974658787250519e-02 8.547261357307434082e-03 5.327194556593894958e-02 1.572118257172405720e-03 8.315482735633850098e-02 2.391901798546314240e-02 1.195218693464994431e-02 2.332398667931556702e-02 2.127302810549736023e-02 2.491659112274646759e-02 5.969598423689603806e-03 9.440618567168712616e-03 6.631116848438978195e-03 1.822462305426597595e-02 5.014240741729736328e-03 4.085373599082231522e-03 3.361841896548867226e-03 5.537372082471847534e-03 1.331374328583478928e-02 1.548116677440702915e-03 5.729081574827432632e-03 1.138424221426248550e-02 4.966050852090120316e-03 2.897486323490738869e-03 8.380723185837268829e-03 2.033079741522669792e-03 8.590027689933776855e-03 1.639451645314693451e-02 8.340211585164070129e-03 6.501043098978698254e-04 1.279080752283334732e-02 1.558008603751659393e-02 4.300278611481189728e-03 7.684627547860145569e-03 2.118790522217750549e-03 2.608268894255161285e-02 3.560410346835851669e-03 5.683256313204765320e-03 5.904179066419601440e-02 6.785777211189270020e-02 3.856573486700654030e-03 1.377944462001323700e-02 1.336965616792440414e-02 6.657933816313743591e-03 1.740773580968379974e-02 2.530958270654082298e-03 3.783398866653442383e-02 1.552447356516495347e-04 1.011351589113473892e-02 1.452800165861845016e-02 2.537656761705875397e-02 1.736658066511154175e-02 3.744554892182350159e-02 8.473221678286790848e-04 1.709191477857530117e-03 7.245133630931377411e-03 6.205131299793720245e-03 2.862483263015747070e-02 2.094724215567111969e-02 1.228814665228128433e-02 2.552522718906402588e-02 1.891827024519443512e-02 1.267290860414505005e-02 3.026746446266770363e-03 1.990221068263053894e-02 1.730318740010261536e-02 1.549562066793441772e-02 2.902984153479337692e-03 1.122305542230606079e-02 4.777626600116491318e-03 3.452358068898320198e-03 4.212218336760997772e-03 4.978751298040151596e-03 1.140478067100048065e-02 2.206459827721118927e-02 1.754070818424224854e-02 1.791537553071975708e-02 7.734820246696472168e-03 1.808330416679382324e-02 9.500538930296897888e-03 1.295708864927291870e-02 5.276235169731080532e-04 2.248312905430793762e-02 2.578053390607237816e-03 5.221058800816535950e-02 2.070341492071747780e-03 2.488548494875431061e-02 1.188014540821313858e-02 1.604087650775909424e-02 5.971654900349676609e-05 1.949927955865859985e-02 1.582728885114192963e-02 4.421898047439754009e-04 1.917638466693460941e-03 1.437296532094478607e-02 1.495519187301397324e-02 2.289328025653958321e-03 1.027965918183326721e-02 3.462899709120392799e-03 6.481346208602190018e-03 2.362179104238748550e-03 1.048956159502267838e-02 2.237715385854244232e-02 1.965638063848018646e-02 1.454805117100477219e-02 1.316506043076515198e-02 1.769685745239257812e-02 6.101479288190603256e-03
1.563447713851928711e-02 6.675346288830041885e-03 8.381373882293701172e-01 2.989946166053414345e-03 4.086900036782026291e-03 1.760020502842962742e-03 5.625855177640914917e-03 5.382501333951950073e-02 1.671589352190494537e-02 4.896615166217088699e-03 1.448855176568031311e-02 2.318998426198959351e-02 1.150733791291713715e-02 2.577664330601692200e-02 2.820427715778350830e-02 9.221773594617843628e-03 7.939166389405727386e-03 6.022725254297256470e-03 1.884439960122108459e-02 1.814213581383228302e-03 1.102032489143311977e-03 1.841413974761962891e-02 1.853950321674346924e-02 1.903283223509788513e-02 2.424872014671564102e-03 1.110306754708290100e-02 9.583759121596813202e-03 1.489486079663038254e-02 5.187588612898252904e-05 2.681303396821022034e-02 3.577224910259246826e-03 1.046115905046463013e-02 2.108194492757320404e-02 6.153518334031105042e-03 8.228420279920101166e-03 3.950014710426330566e-03 5.976850166916847229e-03 9.003251791000366211e-03 4.939323291182518005e-03 1.305267331190407276e-03 5.579774733632802963e-03 8.230475708842277527e-03 6.030790973454713821e-03 5.262741819024085999e-03 5.172231234610080719e-03 1.691280049271881580e-03 1.243806537240743637e-02 1.296518277376890182e-02 1.181905902922153473e-02 8.641415275633335114e-03 1.616447977721691132e-02 1.662597805261611938e-02 2.099602296948432922e-02 2.860989607870578766e-02 2.087526023387908936e-02 5.168134346604347229e-03 4.315041471272706985e-03 6.387917324900627136e-03 1.540961302816867828e-02 1.845026761293411255e-02 2.152533456683158875e-02 1.504232874140143394e-03 5.153714446350932121e-04 3.491819603368639946e-03 1.326873665675520897e-03 4.588495008647441864e-03 2.211270853877067566e-03 6.236631423234939575e-03 1.393557991832494736e-02 1.643131859600543976e-02 8.548492565751075745e-03 2.639049477875232697e-02 1.107607781887054443e-02 2.672731317579746246e-02 6.825937889516353607e-03 3.605146706104278564e-02 1.248979661613702774e-02 2.418933436274528503e-02 3.135680221021175385e-03 6.452243775129318237e-03 5.651990324258804321e-02 2.907380275428295135e-02 2.415068261325359344e-02 2.573581971228122711e-02 3.073748433962464333e-03 1.108658220618963242e-02 3.113502822816371918e-02 3.331737220287322998e-02 1.999248983338475227e-03 3.280967101454734802e-02 4.890466574579477310e-03 8.067200891673564911e-03 2.020693942904472351e-02 1.236936729401350021e-02 2.150106616318225861e-02 7.105355150997638702e-03 1.450614351779222488e-02 1.304577849805355072e-02 2.076269499957561493e-02 1.921306923031806946e-02 7.710471749305725098e-03 6.745920982211828232e-03 2.421551384031772614e-02 1.785034500062465668e-02 1.306829880923032761e-02 1.265800464898347855e-02 5.397896282374858856e-03 6.065123248845338821e-03 4.159072879701852798e-03 1.657461980357766151e-03 2.946124039590358734e-02 2.223202213644981384e-02 6.616853177547454834e-03 3.561718855053186417e-03 1.679637841880321503e-02 6.878551095724105835e-03
8.958030492067337036e-03 4.227531608194112778e-04 2.989946166053414345e-03 8.381373882293701172e-01 8.018142729997634888e-02 1.454314030706882477e-02 5.837925709784030914e-03 1.499846391379833221e-02 1.061007473617792130e-02 7.060833275318145752e-03 4.924790002405643463e-03 2.869099564850330353e-02 2.074045315384864807e-02 2.153711393475532532e-02 1.011225860565900803e-03 1.465448737144470215e-02 1.346661616116762161e-02 1.680626720190048218e-02 1.375805586576461792e-02 7.980167865753173828e-03 6.023112800903618336e-04 7.510512601584196091e-03 1.543669216334819794e-02 1.264412607997655869e-02 4.077241756021976471e-04 4.480137489736080170e-03 1.671802066266536713e-02 1.299547217786312103e-02 1.316805928945541382e-02 6.599288433790206909e-03 2.649815753102302551e-02 1.182339806109666824e-02 1.622196100652217865e-02 5.823975428938865662e-03 6.963497027754783630e-03 1.340331975370645523e-02 1.288890931755304337e-02 1.017946843057870865e-02 1.185019779950380325e-02 1.836358569562435150e-02 1.820950023829936981e-02 1.240606419742107391e-02 9.749845601618289948e-03 4.809705074876546860e-03 1.626018434762954712e-02 1.823331043124198914e-02 9.135529398918151855e-04 8.275418542325496674e-03 5.196109414100646973e-03 5.833773408085107803e-03 1.555286720395088196e-02 1.690249703824520111e-02 1.387846656143665314e-02 2.395088551566004753e-03 4.710747161880135536e-04 1.017368678003549576e-02 1.474752184003591537e-02 5.576043855398893356e-03 4.532563965767621994e-03 1.232816255651414394e-03 1.456217560917139053e-02 1.895615272223949432e-02 2.667093835771083832e-02 2.947568334639072418e-02 9.934237226843833923e-03 1.985605806112289429e-02 1.333919540047645569e-02 3.028025850653648376e-03 1.747136469930410385e-03 1.021979190409183502e-02 2.316248603165149689e-03 7.321969605982303619e-03 3.792260214686393738e-02 1.844800636172294617e-02 4.102488607168197632e-02 1.733281090855598450e-02 3.117448417469859123e-03 3.143438836559653282e-03 8.063314482569694519e-03 1.381108257919549942e-02 2.736531198024749756e-03 1.622732356190681458e-02 2.542046457529067993e-02 3.949625417590141296e-02 1.087466534227132797e-02 8.970788680016994476e-03 1.621154951862990856e-03 5.729689728468656540e-04 2.289473637938499451e-02 2.064288966357707977e-02 8.629827760159969330e-03 8.920445106923580170e-03 1.704601757228374481e-02 3.130292287096381187e-03 8.255264721810817719e-03 1.769277453422546387e-02 1.916861720383167267e-02 2.472785115242004395e-02 2.686205506324768066e-02 2.191375568509101868e-02 2.912681363523006439e-02 2.651580981910228729e-02 1.526574045419692993e-02 2.917657047510147095e-02 1.059504039585590363e-02 8.269650861620903015e-03 3.383721783757209778e-02 1.499573886394500732e-02 1.159149687737226486e-02 3.953595645725727081e-03 1.013462059199810028e-02 1.899191364645957947e-02 2.101881243288516998e-02 1.882221177220344543e-02 1.616085134446620941e-02 9.451248683035373688e-03
1.309729274362325668e-02 3.321052528917789459e-03 4.086900036782026291e-03 8.018142729997634888e-02 8.381373882293701172e-01 3.073162224609404802e-04 3.894721623510122299e-03 4.356663208454847336e-03 2.732736244797706604e-02 1.393476873636245728e-02 9.828183101490139961e-04 2.059993706643581390e-02 4.854208789765834808e-03 2.699620090425014496e-02 1.096122991293668747e-02 8.805094985291361809e-04 5.270864130579866469e-05 3.303286386653780937e-03 3.414039732888340950e-03 9.378506802022457123e-03 1.580918021500110626e-02 1.497064251452684402e-02 6.589371245354413986e-03 5.762407090514898300e-03 8.012852631509304047e-03 1.683308929204940796e-02 2.123850025236606598e-02 1.085546100512146950e-03 6.972549017518758774e-04 1.907227677293121815e-03 7.455081213265657425e-03 1.172690838575363159e-02 1.449747849255800247e-02 1.390601042658090591e-02 1.744272373616695404e-02 1.841661706566810608e-02 1.817999221384525299e-02 1.469148416072130203e-02 2.733555808663368225e-02 3.306225314736366272e-02 8.328911848366260529e-03 1.728729158639907837e-02 2.548127807676792145e-02 4.060924984514713287e-03 1.276530139148235321e-02 1.386439148336648941e-02 1.177891041152179241e-03 7.447867188602685928e-03 1.330062001943588257e-02 2.435230463743209839e-02 6.249550729990005493e-03 4.482487216591835022e-03 1.380025874823331833e-02 6.854170467704534531e-03 7.611857290612533689e-05 3.037361055612564087e-02 1.889456808567047119e-02 2.660016156733036041e-02 1.062349509447813034e-02 5.182998720556497574e-03 3.542829770594835281e-03 2.447889558970928192e-02 2.432238310575485229e-02 3.336047753691673279e-02 2.642431529238820076e-03 1.631973125040531158e-02 2.072412148118019104e-02 1.385221723467111588e-02 1.282002590596675873e-02 1.463556848466396332e-02 8.562071248888969421e-03 1.518796547316014767e-03 1.870668865740299225e-02 1.535114459693431854e-02 4.393272101879119873e-02 2.041494846343994141e-02 2.434656396508216858e-02 7.418010849505662918e-03 6.906258407980203629e-03 9.513097815215587616e-03 4.295662045478820801e-03 2.664205618202686310e-03 1.383293420076370239e-02 3.084978275001049042e-02 2.020010538399219513e-02 2.910802140831947327e-02 8.694553747773170471e-03 6.385327782481908798e-03 2.404979197308421135e-03 2.363904565572738647e-02 3.722562454640865326e-03 1.385086774826049805e-02 1.236930489540100098e-02 5.592458415776491165e-03 6.037290673702955246e-03 1.587096042931079865e-02 1.971102878451347351e-02 2.630340494215488434e-02 1.703767850995063782e-02 1.753495261073112488e-02 2.131918258965015411e-02 1.965723186731338501e-02 2.171095274388790131e-02 2.847339026629924774e-02 1.294918730854988098e-02 1.097400207072496414e-02 3.198652714490890503e-02 2.165598794817924500e-02 1.932882145047187805e-02 9.002498351037502289e-03 1.346895005553960800e-02 1.196705829352140427e-02 2.375416643917560577e-02 2.127175033092498779e-02 1.040231250226497650e-02 1.862868852913379669e-02
4.782162979245185852e-02 5.193176865577697754e-02 1.760020502842962742e-03 1.454314030706882477e-02 3.073162224609404802e-04 8.381373882293701172e-01 6.940748542547225952e-02 1.386966439895331860e-03 2.058126404881477356e-02 5.999413318932056427e-03 3.377450630068778992e-02 7.586746476590633392e-03 4.063665494322776794e-02 1.741765812039375305e-02 3.568236716091632843e-03 4.849432036280632019e-02 4.614047706127166748e-02 3.323782235383987427e-02 1.745580136775970459e-02 1.167620811611413956e-02 1.129281148314476013e-02 5.806868895888328552e-03 1.499208342283964157e-02 2.310398779809474945e-02 2.835311740636825562e-02 7.314376067370176315e-03 8.361512795090675354e-03 1.947616785764694214e-02 6.163452751934528351e-03 2.926752669736742973e-03 6.000429391860961914e-03 2.428828179836273193e-02 1.950452290475368500e-02 1.233237236738204956e-02 2.027537906542420387e-03 1.419215369969606400e-02 7.921216078102588654e-03 1.245578285306692123e-03 2.221900410950183868e-02 2.707470767199993134e-02 8.664583787322044373e-03 1.206454914063215256e-02 1.931613124907016754e-02 2.485245652496814728e-02 1.841141656041145325e-02 1.755324192345142365e-02 6.070226058363914490e-02 5.007076635956764221e-02 2.045876812189817429e-03 1.844120584428310394e-02 1.905735582113265991e-02 1.718397438526153564e-02 2.301990054547786713e-02 7.917931303381919861e-03 2.330945245921611786e-02 1.403279416263103485e-02 1.362720876932144165e-02 1.600013300776481628e-02 1.767931133508682251e-02 7.466719485819339752e-03 3.943829610943794250e-02 1.124636502936482430e-03 1.478769443929195404e-02 1.438038074411451817e-03 8.839095011353492737e-03 1.916068419814109802e-02 3.927140962332487106e-03 3.607219550758600235e-03 1.882909424602985382e-02 1.034778263419866562e-02 2.972420305013656616e-03 2.397008065599948168e-04 4.485572874546051025e-02 1.474603638052940369e-02 3.356147557497024536e-02 6.599373184144496918e-03 2.163066715002059937e-02 7.886092178523540497e-03 1.081604231148958206e-02 5.847474094480276108e-03 1.944581163115799427e-03 2.325015701353549957e-02 3.051225468516349792e-02 2.454683929681777954e-02 3.867993131279945374e-03 8.171148598194122314e-03 1.055733487010002136e-02 3.352013649418950081e-03 2.450858242809772491e-02 1.587811857461929321e-02 7.536725024692714214e-04 3.127304837107658386e-03 2.791404351592063904e-02 1.258732518181204796e-03 3.878194093704223633e-02 2.365474961698055267e-02 6.240264046937227249e-03 3.902680007740855217e-03 1.500692963600158691e-02 1.446281280368566513e-02 2.283897250890731812e-02 1.078501157462596893e-02 1.123611629009246826e-02 1.171873416751623154e-02 8.824430406093597412e-03 2.868467709049582481e-03 1.952398009598255157e-02 1.800289493985474110e-03 4.435923416167497635e-03 3.757504979148507118e-03 1.124251168221235275e-02 8.231344632804393768e-03 9.228115901350975037e-03 1.349391415715217590e-02 1.653618528507649899e-03 1.199034694582223892e-02
4.059827327728271484e-02 7.046709209680557251e-02 5.625855177640914917e-03 5.837925709784030914e-03 3.894721623510122299e-03 6.940748542547225952e-02 8.381373882293701172e-01 7.849179208278656006e-03 2.463662810623645782e-02 7.040319964289665222e-03 2.524321898818016052e-02 1.064225449226796627e-03 5.342723801732063293e-02 2.104203402996063232e-02 1.028053928166627884e-03 4.691175743937492371e-02 4.028952121734619141e-02 3.201640397310256958e-02 5.643247161060571671e-03 5.636632908135652542e-03 3.785983717534691095e-04 5.434924270957708359e-03 1.012245099991559982e-02 1.895004510879516602e-02 8.597929030656814575e-03 1.455288263969123363e-03 5.738815292716026306e-03 1.760718598961830139e-02 4.050998482853174210e-03 5.734889302402734756e-03 3.125334857031702995e-03 1.501779630780220032e-02 1.376864407211542130e-02 3.593889763578772545e-03 6.783056072890758514e-03 8.923405781388282776e-03 8.999196812510490417e-03 1.763329841196537018e-03 2.097286656498908997e-02 2.226952463388442993e-02 1.503763720393180847e-02 1.328501477837562561e-02 9.707769379019737244e-03 3.486794233322143555e-02 9.189531207084655762e-03 5.716070532798767090e-03 5.377927049994468689e-02 6.701245158910751343e-02 1.046208851039409637e-02 2.275526523590087891e-02 1.729950122535228729e-02 1.741162315011024475e-02 2.058554627001285553e-02 8.535340428352355957e-03 2.221487276256084442e-02 1.562289334833621979e-02 5.801082588732242584e-03 7.404177449643611908e-04 2.292402461171150208e-02 2.177141606807708740e-02 4.105232283473014832e-02 8.783903904259204865e-03 6.952773779630661011e-03 7.615474984049797058e-03 9.849787689745426178e-03 3.034407645463943481e-02 2.359160408377647400e-02 1.301873289048671722e-02 2.093398571014404297e-02 1.234381273388862610e-02 5.813598167151212692e-03 4.314942343626171350e-04 3.724611550569534302e-02 8.231490850448608398e-03 2.775591984391212463e-02 1.114177284762263298e-03 2.187655866146087646e-02 2.992399735376238823e-03 1.855567214079201221e-03 7.725108414888381958e-03 7.513907738029956818e-03 9.799685329198837280e-03 2.735294401645660400e-02 1.761007681488990784e-02 2.008207142353057861e-02 8.714261464774608612e-03 1.544675789773464203e-02 9.194117039442062378e-03 1.847937889397144318e-02 5.699933506548404694e-03 4.935179371386766434e-03 1.349974772892892361e-03 4.814014956355094910e-02 5.679448135197162628e-03 3.300307318568229675e-02 1.850404217839241028e-02 5.081743467599153519e-03 6.152115762233734131e-03 2.409105375409126282e-02 1.822209358215332031e-02 1.082172710448503494e-02 7.161606103181838989e-03 8.090252988040447235e-03 1.623941399157047272e-02 1.088299509137868881e-02 8.169962675310671329e-04 8.329608477652072906e-03 3.685397561639547348e-03 3.319287206977605820e-03 1.946218777447938919e-03 1.431477162986993790e-02 1.547896116971969604e-02 1.921728998422622681e-02 1.669801399111747742e-02 1.232105889357626438e-03 1.790116727352142334e-02
5.812852177768945694e-03 1.167384907603263855e-02 5.382501333951950073e-02 1.499846391379833221e-02 4.356663208454847336e-03 1.386966439895331860e-03 7.849179208278656006e-03 8.381373882293701172e-01 4.042998421937227249e-03 3.332224732730537653e-04 1.430282834917306900e-02 3.412069287151098251e-03 2.411583438515663147e-02 4.889718722552061081e-03 5.478984117507934570e-02 3.077935427427291870e-03 6.101869046688079834e-03 1.184975448995828629e-02 2.194813080132007599e-02 1.023114938288927078e-02 1.955349184572696686e-02 2.965863049030303955e-02 6.946979090571403503e-03 1.182794570922851562e-02 8.753928355872631073e-03 2.079758048057556152e-02 1.663708314299583435e-02 1.704687997698783875e-02 7.990194484591484070e-03 3.300938010215759277e-02 1.114896964281797409e-02 2.879278268665075302e-03 1.173455035313963890e-03 1.052634883671998978e-02 2.268556505441665649e-02 6.779443006962537766e-03 1.633380725979804993e-02 1.652676984667778015e-02 2.977652847766876221e-02 2.475653029978275299e-02 2.180529013276100159e-02 7.104139309376478195e-03 2.975917304866015911e-04 1.890853047370910645e-02 7.087232545018196106e-03 1.256866846233606339e-02 7.285817991942167282e-03 7.354252040386199951e-03 5.504476372152566910e-03 6.585098453797399998e-04 8.878040127456188202e-03 5.326438695192337036e-03 2.859897166490554810e-02 4.203275218605995178e-02 1.096457988023757935e-02 1.071198610588908195e-03 1.093757105991244316e-03 2.725110203027725220e-02 3.752255067229270935e-02 3.620654717087745667e-02 9.319815784692764282e-03 7.150220219045877457e-03 4.557714797556400299e-03 1.243569329380989075e-02 1.561179943382740021e-02 1.867622509598731995e-02 7.519400678575038910e-04 5.223261658102273941e-03 5.674944259226322174e-03 1.787312328815460205e-02 1.223126426339149475e-02 4.073641728609800339e-03 1.073191128671169281e-02 2.149568311870098114e-02 6.775891408324241638e-03 8.409505710005760193e-03 9.113864041864871979e-03 2.472277916967868805e-02 1.896401681005954742e-02 1.301603857427835464e-02 7.242832332849502563e-02 5.954701825976371765e-02 1.814398355782032013e-02 1.040440984070301056e-02 1.293980167247354984e-03 1.055968087166547775e-02 5.767492949962615967e-02 5.463392287492752075e-02 1.504390314221382141e-02 8.223542943596839905e-03 1.561085972934961319e-02 1.716600917279720306e-02 1.088223606348037720e-02 1.917786151170730591e-02 1.131077017635107040e-02 5.945401499047875404e-04 1.258586533367633820e-02 1.665170537307858467e-03 3.936928696930408478e-03 1.027476415038108826e-02 1.591879688203334808e-02 5.158884450793266296e-04 2.496419847011566162e-02 1.583148539066314697e-02 2.915428392589092255e-02 3.056606277823448181e-02 4.604612011462450027e-03 1.057801209390163422e-02 4.612641409039497375e-03 1.777983084321022034e-02 8.155504241585731506e-03 2.868436509743332863e-03 2.948881126940250397e-03 3.262379323132336140e-04 2.265120623633265495e-03 8.286141790449619293e-03
1.417362946085631847e-03 1.704974658787250519e-02 1.671589352190494537e-02 1.061007473617792130e-02 2.732736244797706604e-02 2.058126404881477356e-02 2.463662810623645782e-02 4.042998421937227249e-03 8.381373882293701172e-01 2.602205052971839905e-02 5.669019650667905807e-03 1.699125580489635468e-02 3.742895321920514107e-03 2.203558105975389481e-03 2.166033955290913582e-03 3.792059049010276794e-02 3.048288822174072266e-02 2.650569938123226166e-02 9.768086485564708710e-03 1.750013791024684906e-03 9.838224388659000397e-03 7.166762370616197586e-03 8.935762569308280945e-03 1.135211996734142303e-02 9.516071528196334839e-03 1.757228001952171326e-02 9.480267763137817383e-03 4.251252685207873583e-04 1.097208075225353241e-02 1.492290664464235306e-02 1.616579364053905010e-03 1.341486442834138870e-02 7.071819622069597244e-03 1.355604501441121101e-03 1.431586872786283493e-02 1.966286636888980865e-02 2.025585994124412537e-02 2.639892511069774628e-03 5.787808448076248169e-03 1.410100422799587250e-02 2.830096753314137459e-03 3.652071813121438026e-03 9.881248697638511658e-03 1.489518303424119949e-02 2.314257621765136719e-02 1.672580465674400330e-02 5.454675760120153427e-03 1.005344092845916748e-02 6.930895149707794189e-03 1.562137901782989502e-02 1.664420997258275747e-04 5.676233209669589996e-03 2.016928233206272125e-02 6.033016368746757507e-03 2.290149778127670288e-02 1.740947552025318146e-02 4.419810138642787933e-03 1.789844036102294922e-02 6.615669466555118561e-03 1.570205576717853546e-02 2.253884263336658478e-02 1.717736385762691498e-02 8.024115231819450855e-04 3.378413151949644089e-03 1.266686152666807175e-02 5.287385080009698868e-03 1.041219662874937057e-02 1.198624633252620697e-02 4.136032238602638245e-02 3.358921821927651763e-05 4.019969701766967773e-02 3.424391979933716357e-05 2.145105786621570587e-02 1.112874690443277359e-02 6.602677050977945328e-03 5.550784524530172348e-03 9.768928587436676025e-02 4.565336927771568298e-02 4.724582284688949585e-02 4.307192936539649963e-02 1.001293864101171494e-02 7.950226776301860809e-03 3.541381284594535828e-02 6.257484667003154755e-03 1.364970859140157700e-02 8.168236352503299713e-03 1.110925525426864624e-02 5.842231214046478271e-03 4.186865314841270447e-02 9.820048697292804718e-03 6.220448296517133713e-03 8.601151406764984131e-03 1.066358061507344246e-03 1.608346821740269661e-03 2.298652008175849915e-02 1.440616138279438019e-02 2.972454577684402466e-02 4.758066206704825163e-04 3.091285005211830139e-03 5.614851252175867558e-04 1.704776845872402191e-02 9.526314213871955872e-03 1.368567813187837601e-02 2.051685377955436707e-02 9.110090322792530060e-03 3.636915935203433037e-03 1.869407854974269867e-02 8.335096761584281921e-03 1.779129845090210438e-03 1.047480385750532150e-02 2.561847120523452759e-02 8.973225019872188568e-03 9.603730402886867523e-03 4.630088806152343750e-03 2.342373691499233246e-02 8.669056929647922516e-03
1.243102177977561951e-02 8.547261357307434082e-03 4.896615166217088699e-03 7.060833275318145752e-03 1.393476873636245728e-02 5.999413318932056427e-03 7.040319964289665222e-03 3.332224732730537653e-04 2.602205052971839905e-02 8.381373882293701172e-01 1.503350492566823959e-02 1.318149641156196594e-02 1.826606132090091705e-02 2.653816901147365570e-02 1.837255782447755337e-03 4.682267550379037857e-03 1.601958833634853363e-02 1.733812689781188965e-02 1.157596427947282791e-02 1.234172284603118896e-02 2.495427429676055908e-02 2.877193968743085861e-03 1.090752799063920975e-02 1.478131581097841263e-02 7.690290454775094986e-03 2.751198224723339081e-02 8.346903137862682343e-03 9.479089640080928802e-03 4.391069989651441574e-03 8.950545452535152435e-03 1.471315510571002960e-02 2.346691675484180450e-02 4.328348208218812943e-03 3.526458889245986938e-02 2.855585515499114990e-02 2.112060785293579102e-02 3.764800354838371277e-02 4.761266056448221207e-03 1.415251661092042923e-02 1.852849498391151428e-02 2.345900749787688255e-03 1.851505413651466370e-02 2.051801793277263641e-02 1.463555824011564255e-02 9.402071125805377960e-03 1.637665182352066040e-02 1.351277623325586319e-02 1.853499189019203186e-02 3.067833743989467621e-02 4.772165417671203613e-02 4.703538957983255386e-03 5.097025423310697079e-04 1.277024392038583755e-02 2.229884825646877289e-02 1.049159467220306396e-02 4.452909156680107117e-02 1.420375239104032516e-02 2.421619370579719543e-02 3.980573732405900955e-03 1.390779484063386917e-02 1.598294265568256378e-02 3.389014303684234619e-02 4.359283484518527985e-04 1.844169013202190399e-02 6.472113542258739471e-03 1.679537817835807800e-02 2.424362115561962128e-02 2.389133162796497345e-02 4.221430979669094086e-03 2.587486524134874344e-03 3.097080066800117493e-02 3.623286262154579163e-02 2.159804804250597954e-03 3.298841416835784912e-03 1.125275995582342148e-02 1.128260511904954910e-02 1.806082576513290405e-02 6.347978115081787109e-02 2.152666822075843811e-02 4.792649671435356140e-02 3.278640098869800568e-03 1.926617138087749481e-02 1.157366391271352768e-02 2.469789050519466400e-02 2.102404087781906128e-02 4.533341526985168457e-02 8.577003143727779388e-03 9.881506673991680145e-03 8.192635141313076019e-03 4.500840976834297180e-02 8.325756527483463287e-03 1.943146809935569763e-03 2.263363078236579895e-02 9.808653965592384338e-03 2.186576835811138153e-03 3.145447745919227600e-02 4.497429181355983019e-04 2.067055739462375641e-02 1.819523051381111145e-02 2.868880331516265869e-02 1.150073483586311340e-02 1.712934859097003937e-02 1.524637918919324875e-02 1.581321842968463898e-02 1.257295720279216766e-02 9.047114290297031403e-03 1.921684294939041138e-02 9.115087799727916718e-03 2.296989969909191132e-02 1.316525414586067200e-02 1.847642101347446442e-02 1.056793238967657089e-02 1.586146093904972076e-02 1.784998178482055664e-02 3.553526708856225014e-03 1.841161586344242096e-02
8.183840662240982056e-02 5.327194556593894958e-02 1.448855176568031311e-02 4.924790002405643463e-03 9.828183101490139961e-04 3.377450630068778992e-02 2.524321898818016052e-02 1.430282834917306900e-02 5.669019650667905807e-03 1.503350492566823959e-02 8.381373882293701172e-01 1.009630132466554642e-02 6.715527176856994629e-02 1.275453716516494751e-02 2.627636678516864777e-02 1.457463297992944717e-02 8.961050771176815033e-03 1.560530159622430801e-02 5.462578497827053070e-03 6.879516877233982086e-03 1.055696047842502594e-02 3.730677440762519836e-02 1.414028927683830261e-03 2.080401638522744179e-03 1.610028557479381561e-02 3.965367563068866730e-03 3.389578685164451599e-02 9.787253104150295258e-03 1.697922125458717346e-02 1.872747391462326050e-02 1.711885258555412292e-02 7.815679535269737244e-03 2.407914958894252777e-02 6.873704027384519577e-03 9.453441016376018524e-04 9.999407455325126648e-03 6.693527568131685257e-03 1.763476245105266571e-02 1.184571720659732819e-02 1.091388240456581116e-02 8.611105382442474365e-03 6.033407058566808701e-03 8.601824752986431122e-03 1.764039881527423859e-02 2.451782301068305969e-02 2.394881658256053925e-02 6.440155208110809326e-02 4.691386967897415161e-02 4.116933851037174463e-04 1.026089768856763840e-02 3.635111497715115547e-03 1.609116792678833008e-03 2.022902667522430420e-02 1.143113058060407639e-02 2.432117424905300140e-02 8.751249872148036957e-03 1.987681724131107330e-02 9.552562609314918518e-03 3.136945888400077820e-02 1.211546268314123154e-02 2.731075324118137360e-02 4.032753873616456985e-03 2.669817581772804260e-02 1.432267203927040100e-02 3.564159199595451355e-02 3.288310393691062927e-02 4.806438926607370377e-03 4.722419194877147675e-03 1.103443559259176254e-02 7.102767471224069595e-03 9.501678869128227234e-04 1.418801210820674896e-02 4.092020913958549500e-03 1.786670880392193794e-03 2.026322064921259880e-03 1.845106109976768494e-02 6.408428307622671127e-03 1.600398495793342590e-02 2.021831087768077850e-02 1.973413163796067238e-03 1.119958329945802689e-02 2.227250952273607254e-03 1.218555867671966553e-02 1.327064353972673416e-02 2.354281023144721985e-03 1.334559544920921326e-02 2.988144196569919586e-02 2.137906663119792938e-02 3.557398915290832520e-03 2.065994404256343842e-02 5.156195908784866333e-02 3.250465169548988342e-02 4.651798307895660400e-02 2.745301648974418640e-02 7.170985918492078781e-03 3.560064360499382019e-03 5.990816280245780945e-03 1.395917404443025589e-02 3.934767562896013260e-03 1.045259367674589157e-02 1.523648505099117756e-03 4.251657985150814056e-03 2.660032594576478004e-03 6.309622898697853088e-03 6.753230001777410507e-03 3.590081818401813507e-03 2.494342334102839231e-04 2.053816430270671844e-02 1.783452695235610008e-03 1.026342529803514481e-02 1.471895072609186172e-02 7.767992210574448109e-04 1.079498091712594032e-03 3.284137230366468430e-03 3.211585059762001038e-02 1.915387995541095734e-02
4.664277192205190659e-03 1.572118257172405720e-03 2.318998426198959351e-02 2.869099564850330353e-02 2.059993706643581390e-02 7.586746476590633392e-03 1.064225449226796627e-03 3.412069287151098251e-03 1.699125580489635468e-02 1.318149641156196594e-02 1.009630132466554642e-02 8.381373882293701172e-01 8.017726242542266846e-03 7.266385853290557861e-02 5.004658014513552189e-04 3.593482309952378273e-03 9.080331772565841675e-03 1.620704866945743561e-02 2.198003046214580536e-02 1.286426745355129242e-02 2.842527348548173904e-03 1.291035953909158707e-02 3.417513146996498108e-02 2.611576765775680542e-02 9.030858986079692841e-03 5.123118753544986248e-04 7.107789162546396255e-03 4.546139389276504517e-02 4.170761257410049438e-02 3.793856129050254822e-02 4.140208661556243896e-02 8.653899654746055603e-03 1.994060538709163666e-02 3.299760865047574043e-03 2.169733121991157532e-02 2.564106509089469910e-02 2.103148587048053741e-02 2.566888695582747459e-03 6.492462474852800369e-03 2.971975132822990417e-03 1.689609140157699585e-02 1.164420228451490402e-02 1.001270115375518799e-02 1.653040014207363129e-02 1.798388082534074783e-03 4.394117742776870728e-03 2.629731968045234680e-02 2.937544696033000946e-02 1.154163200408220291e-02 1.138189155608415604e-02 2.056513726711273193e-02 3.296296298503875732e-02 1.727835275232791901e-02 4.485981073230504990e-03 1.461139600723981857e-02 4.266126547008752823e-03 3.137062862515449524e-02 3.425666945986449718e-04 1.173151936382055283e-02 1.119260583072900772e-02 2.907620277255773544e-03 8.161049336194992065e-03 2.491158246994018555e-02 2.201391384005546570e-02 2.886220999062061310e-02 2.820430137217044830e-02 1.431715209037065506e-02 1.525255199521780014e-02 1.251500658690929413e-02 9.278698824346065521e-03 1.748422347009181976e-02 1.183802844025194645e-03 3.099285997450351715e-02 8.664900436997413635e-03 2.590261958539485931e-02 2.313829213380813599e-02 2.301736921072006226e-02 1.840783655643463135e-02 1.488824747502803802e-02 1.282324828207492828e-02 3.898311988450586796e-04 9.426428005099296570e-03 9.287203662097454071e-03 1.111874007619917393e-03 1.017176359891891479e-02 1.602131687104701996e-02 3.363258671015501022e-03 3.401161171495914459e-03 4.323573783040046692e-02 4.214330762624740601e-02 3.855200111865997314e-02 6.348652765154838562e-03 3.779089823365211487e-02 8.043412119150161743e-03 1.584264636039733887e-02 1.677625440061092377e-02 7.052650325931608677e-04 2.121437713503837585e-02 1.648369804024696350e-02 1.397502887994050980e-02 1.380684971809387207e-02 7.938269525766372681e-03 1.622870331630110741e-03 9.209349751472473145e-03 3.690281417220830917e-03 7.349742227233946323e-04 1.037611812353134155e-02 5.072667263448238373e-03 7.365631405264139175e-03 2.639713324606418610e-02 1.421297900378704071e-03 1.848728954792022705e-02 1.918222382664680481e-02 1.677758805453777313e-02 2.771219611167907715e-02 1.551140332594513893e-03
6.593888998031616211e-02 8.315482735633850098e-02 1.150733791291713715e-02 2.074045315384864807e-02 4.854208789765834808e-03 4.063665494322776794e-02 5.342723801732063293e-02 2.411583438515663147e-02 3.742895321920514107e-03 1.826606132090091705e-02 6.715527176856994629e-02 8.017726242542266846e-03 8.381373882293701172e-01 4.752318840473890305e-03 2.186136879026889801e-02 1.703690551221370697e-02 1.176774315536022186e-02 1.503470633178949356e-02 3.186222747899591923e-04 6.712955422699451447e-03 3.290684893727302551e-03 2.974873594939708710e-02 2.554188482463359833e-03 2.476109890267252922e-03 2.784351236186921597e-04 4.610617645084857941e-03 2.261186391115188599e-02 8.899029344320297241e-03 7.423134520649909973e-03 1.590185053646564484e-02 1.651271618902683258e-02 6.462552584707736969e-03 1.713662408292293549e-02 5.972387269139289856e-03 9.571214322932064533e-04 1.355144754052162170e-02 6.816554814577102661e-03 4.859639331698417664e-03 2.026123367249965668e-02 1.632362045347690582e-02 4.680484067648649216e-03 8.294566534459590912e-03 7.805401110090315342e-04 2.137956768274307251e-02 7.485161535441875458e-03 6.074006669223308563e-03 5.312903597950935364e-02 6.334905326366424561e-02 9.307613363489508629e-04 9.920682758092880249e-03 1.151008624583482742e-02 6.020291242748498917e-03 1.712294854223728180e-02 8.988264948129653931e-03 3.184241801500320435e-02 6.135939154773950577e-03 1.366469077765941620e-03 8.054031059145927429e-03 3.497496247291564941e-02 2.113393507897853851e-02 3.669259324669837952e-02 3.424076363444328308e-03 1.086298096925020218e-02 1.282010925933718681e-03 2.187141776084899902e-02 5.017447471618652344e-02 1.452295016497373581e-02 3.643363248556852341e-03 2.114180848002433777e-02 5.639585433527827263e-04 7.021323312073945999e-03 1.579396799206733704e-02 9.570207446813583374e-03 7.557648234069347382e-03 7.489774376153945923e-03 8.205313235521316528e-03 5.629180930554866791e-03 1.049861498177051544e-02 3.263895167037844658e-03 1.249173749238252640e-02 1.367131434381008148e-02 4.654933698475360870e-03 1.006806641817092896e-02 8.297007530927658081e-03 1.467379648238420486e-02 9.003439918160438538e-03 2.938964590430259705e-02 2.293571084737777710e-02 1.358062261715531349e-03 1.499270740896463394e-02 3.245661035180091858e-02 1.446881331503391266e-02 6.077817827463150024e-02 2.321702800691127777e-02 1.858109980821609497e-02 3.956108819693326950e-03 2.020029118284583092e-03 4.134440794587135315e-03 1.494270749390125275e-02 1.207962073385715485e-02 3.251926740631461143e-03 1.647805911488831043e-04 8.494977839291095734e-03 5.747845396399497986e-03 1.843652862589806318e-04 9.247706038877367973e-04 6.177632603794336319e-04 2.048406167887151241e-04 8.866050280630588531e-03 1.192001276649534702e-03 3.052849322557449341e-02 1.687941141426563263e-02 1.033430919051170349e-02 6.877405103296041489e-03 2.549519762396812439e-02 2.653475617989897728e-03
