8.215735554695129395e-01 8.998337388038635254e-02 1.765818521380424500e-02 3.502537030726671219e-03 1.149535179138183594e-02 7.265967130661010742e-02 5.934410542249679565e-02 3.162511624395847321e-03 3.795209107920527458e-03 1.989855058491230011e-02 7.658267766237258911e-02 1.768231019377708435e-02 7.429862767457962036e-02 2.704562386497855186e-03 2.683598361909389496e-02 1.234722789376974106e-02 1.191297546029090881e-02 2.171637862920761108e-02 1.161948870867490768e-02 6.921055726706981659e-03 1.022120565176010132e-02 1.431490108370780945e-02 9.042239747941493988e-03 2.268934063613414764e-02 1.486198045313358307e-02 5.472502205520868301e-03 5.479883402585983276e-04 8.282499038614332676e-04 1.370421145111322403e-02 7.305075414478778839e-03 2.563120983541011810e-02 1.052198372781276703e-02 2.707894705235958099e-02 1.884593861177563667e-03 3.640127601101994514e-03 5.087383091449737549e-03 1.261071884073317051e-04 4.995578201487660408e-04 9.147278033196926117e-03 2.560258843004703522e-03 2.901974599808454514e-03 5.596841685473918915e-03 1.497374661266803741e-02 6.948024500161409378e-03 1.939191482961177826e-02 5.278679076582193375e-03 6.216111779212951660e-02 5.161298066377639771e-02 1.509599480777978897e-02 1.747440919280052185e-02 1.183392573148012161e-02 8.643968030810356140e-03 3.506674431264400482e-03 7.703504990786314011e-03 1.348275691270828247e-03 1.928027346730232239e-02 3.646735334768891335e-03 2.752806805074214935e-02 6.933074444532394409e-03 1.529567502439022064e-02 7.129615638405084610e-03 2.783278934657573700e-03 7.476055528968572617e-03 2.092108916258439422e-04 2.834063023328781128e-02 3.448914363980293274e-02 1.375483698211610317e-04 1.543591264635324478e-02 1.292852498590946198e-02 8.411118760704994202e-03 3.097648441325873137e-04 3.328642109408974648e-03 1.078660972416400909e-02 5.220194347202777863e-03 1.309354905970394611e-03 2.212228439748287201e-02 1.829763501882553101e-02 5.242362618446350098e-03 1.224873354658484459e-03 2.392425201833248138e-02 1.695205271244049072e-02 3.331826627254486084e-02 9.555702097713947296e-03 2.267283014953136444e-02 1.060003601014614105e-02 1.127182878553867340e-02 7.895342074334621429e-03 1.269023399800062180e-02 1.154546439647674561e-02 2.235545963048934937e-02 5.193424597382545471e-02 1.171547640115022659e-02 4.621266946196556091e-02 2.539390884339809418e-02 1.157843135297298431e-02 9.874918498098850250e-03 2.348931320011615753e-02 8.201878517866134644e-03 2.575455000624060631e-04 6.105231586843729019e-03 1.137787383049726486e-02 3.868018742650747299e-03 8.008590899407863617e-03 2.396693918853998184e-03 1.153580937534570694e-02 9.508115239441394806e-03 3.779694903641939163e-03 6.565553485415875912e-04 2.370067639276385307e-03 6.062211003154516220e-03 8.624684996902942657e-03 2.473369985818862915e-02 2.226710692048072815e-02 1.351347938179969788e-02 1.869665272533893585e-02 1.473989337682723999e-02
8.998337388038635254e-02 8.215735554695129395e-01 1.467911340296268463e-02 4.484484437853097916e-03 1.451243646442890167e-02 5.501252785325050354e-02 5.296020954847335815e-02 1.897845417261123657e-02 7.627432234585285187e-03 1.727820001542568207e-02 6.930947303771972656e-02 1.796876825392246246e-02 7.568913698196411133e-02 6.451840978115797043e-03 3.134146332740783691e-02 1.226679235696792603e-02 1.378456782549619675e-02 2.594014815986156464e-02 1.928621786646544933e-03 9.996281005442142487e-03 1.044410280883312225e-02 1.381682883948087692e-02 4.817483015358448029e-03 1.604727841913700104e-02 1.204834692180156708e-02 1.235156320035457611e-02 4.939664504490792751e-04 3.771455492824316025e-03 3.700876142829656601e-03 9.526321664452552795e-03 3.141110017895698547e-02 5.893803201615810394e-03 3.398016467690467834e-02 7.321645971387624741e-03 5.097432527691125870e-03 3.121143439784646034e-03 2.714023925364017487e-03 1.993379555642604828e-03 4.597086925059556961e-03 1.522121601738035679e-03 6.476325448602437973e-03 1.041514240205287933e-02 2.298377826809883118e-02 1.827437547035515308e-03 2.724167890846729279e-02 1.606242544949054718e-02 5.367199704051017761e-02 5.300793424248695374e-02 7.482485845685005188e-03 8.814816363155841827e-03 1.530344970524311066e-02 1.482040714472532272e-02 1.199489738792181015e-02 1.283004693686962128e-02 8.759012445807456970e-03 9.081359021365642548e-03 6.961115635931491852e-03 2.819718793034553528e-02 5.255913129076361656e-04 6.648659473285079002e-04 4.211633931845426559e-03 4.182631615549325943e-03 6.568890530616044998e-04 3.412395017221570015e-03 4.110144451260566711e-02 4.578133672475814819e-02 3.733778605237603188e-03 1.652269251644611359e-02 1.569981221109628677e-03 6.641957443207502365e-03 5.889143794775009155e-03 2.636885736137628555e-03 2.886735601350665092e-04 4.223738505970686674e-04 8.355139754712581635e-03 2.273106575012207031e-02 2.168746851384639740e-02 2.587517490610480309e-03 9.437485598027706146e-03 1.553820818662643433e-02 1.507373061031103134e-02 2.453312650322914124e-02 1.144876237958669662e-02 1.533516775816679001e-02 1.509268488734960556e-02 6.836475338786840439e-03 1.458441372960805893e-02 2.507107891142368317e-02 1.265238504856824875e-02 1.190287340432405472e-02 5.068299546837806702e-02 2.040943689644336700e-02 5.094694346189498901e-02 3.338082507252693176e-02 6.917939055711030960e-03 6.522843614220619202e-03 2.034790255129337311e-02 3.296119393780827522e-03 3.668491495773196220e-03 8.913272060453891754e-03 2.595444908365607262e-03 2.799764741212129593e-03 4.173434339463710785e-03 1.337656984105706215e-03 1.018196437507867813e-02 6.379876285791397095e-03 7.281833793967962265e-03 1.277181133627891541e-02 2.276759361848235130e-03 2.028334140777587891e-02 1.216104067862033844e-02 1.949263550341129303e-02 2.672431245446205139e-02 2.117395773530006409e-02 1.795695908367633820e-02 1.932835392653942108e-02
1.765818521380424500e-02 1.467911340296268463e-02 8.215735554695129395e-01 3.411036916077136993e-03 5.513124167919158936e-03 1.358218397945165634e-02 4.971755668520927429e-03 2.869682200253009796e-02 1.543523627333343029e-03 1.681571640074253082e-02 1.085842587053775787e-02 1.814785227179527283e-02 1.412557531148195267e-02 2.213169075548648834e-02 2.913501486182212830e-02 1.392459589987993240e-02 1.512280385941267014e-02 2.328863833099603653e-03 1.261585566680878401e-04 1.987929642200469971e-02 1.801371388137340546e-02 6.671566050499677658e-03 4.585852380841970444e-03 1.259668450802564621e-02 2.614368870854377747e-02 1.931237429380416870e-02 1.035640109330415726e-02 7.748918607831001282e-03 6.474490743130445480e-03 7.019940763711929321e-03 1.906355144456028938e-03 4.326186142861843109e-03 1.617609150707721710e-02 2.088426845148205757e-03 1.113239675760269165e-03 2.844031527638435364e-02 2.894327230751514435e-02 2.929527871310710907e-02 2.112793968990445137e-03 2.227415703237056732e-02 2.846881560981273651e-02 2.746362984180450439e-02 2.298480086028575897e-02 2.236818335950374603e-02 1.962642557919025421e-02 3.073831275105476379e-02 7.139090448617935181e-03 5.888420157134532928e-03 1.440722681581974030e-02 2.618401683866977692e-02 2.454259805381298065e-02 1.352110132575035095e-02 1.446580421179533005e-02 2.035512961447238922e-02 1.089335419237613678e-02 2.358143590390682220e-02 6.967606022953987122e-03 1.881893724203109741e-02 1.098614651709794998e-02 1.183683611452579498e-02 1.225274149328470230e-02 6.902256049215793610e-03 1.967428019270300865e-03 2.383888233453035355e-03 8.313397876918315887e-03 5.927424877882003784e-03 2.046135440468788147e-02 1.912729255855083466e-02 1.807898224797099829e-04 1.686849817633628845e-02 7.475461461581289768e-04 1.068638986907899380e-03 1.485941838473081589e-02 1.806462183594703674e-02 1.711713895201683044e-02 8.707538247108459473e-03 1.585384085774421692e-02 1.885915175080299377e-02 3.151956200599670410e-02 2.359829656779766083e-02 5.137009918689727783e-02 3.136423975229263306e-02 7.819739170372486115e-03 1.674438454210758209e-02 1.454399153590202332e-02 2.714515849947929382e-02 5.163054913282394409e-03 2.601583953946828842e-03 7.122508715838193893e-03 2.297250367701053619e-02 2.604566048830747604e-03 1.924588158726692200e-02 1.641374081373214722e-02 6.228605052456259727e-04 7.366415578871965408e-03 1.433900278061628342e-02 2.128166891634464264e-02 2.228723280131816864e-02 1.365652121603488922e-02 1.665996946394443512e-02 1.838396303355693817e-03 3.028817242011427879e-03 3.060979396104812622e-02 7.224036846309900284e-03 1.283570751547813416e-02 3.583175828680396080e-03 1.121163740754127502e-02 2.163517288863658905e-02 3.842330304905772209e-03 2.424824424088001251e-02 1.691229082643985748e-02 1.302214618772268295e-02 1.952409185469150543e-02 2.440747059881687164e-02 7.303270511329174042e-03 1.256621535867452621e-02
3.502537030726671219e-03 4.484484437853097916e-03 3.411036916077136993e-03 8.215735554695129395e-01 6.600730121135711670e-02 1.127888448536396027e-02 1.374213304370641708e-02 4.609338066074997187e-04 2.089577168226242065e-02 1.602011360228061676e-02 7.475864607840776443e-03 2.004755102097988129e-02 3.774048309423960745e-05 2.083278633654117584e-02 8.880196139216423035e-03 2.681065909564495087e-02 3.357484936714172363e-02 2.855600789189338684e-02 2.875747159123420715e-02 9.996776469051837921e-03 8.195195347070693970e-03 4.874109756201505661e-03 1.450270134955644608e-02 1.632187515497207642e-02 5.818620789796113968e-03 2.345267916098237038e-03 2.809009281918406487e-03 7.783670444041490555e-03 1.893749274313449860e-02 1.513660512864589691e-02 2.814044989645481110e-02 1.036153361201286316e-02 1.667653443291783333e-03 2.319016959518194199e-03 1.509157940745353699e-02 4.433965310454368591e-03 1.205074694007635117e-02 7.174517493695020676e-03 8.099684119224548340e-02 7.251881062984466553e-02 6.278124637901782990e-03 2.054159156978130341e-02 1.682639308273792267e-02 5.318305920809507370e-03 2.098362892866134644e-02 1.353021431714296341e-02 1.104806736111640930e-02 9.394392371177673340e-03 1.012401189655065536e-02 1.926685497164726257e-02 1.759028434753417969e-02 3.339622868224978447e-03 3.135263919830322266e-02 2.125824056565761566e-02 1.301562506705522537e-02 1.676281914114952087e-02 8.162110112607479095e-03 1.429294142872095108e-02 3.919109702110290527e-02 3.482464700937271118e-02 3.324072062969207764e-02 2.735916525125503540e-02 8.099003694951534271e-03 2.002990618348121643e-02 1.416883617639541626e-02 2.012906223535537720e-02 1.620647683739662170e-02 1.726553961634635925e-02 1.390151027590036392e-02 1.920742215588688850e-03 2.440589852631092072e-02 1.557251089252531528e-03 5.466070771217346191e-02 1.253557275049388409e-03 5.529489368200302124e-02 7.506276480853557587e-03 3.445511974859982729e-04 5.016913637518882751e-03 8.287712931632995605e-03 8.598955348134040833e-03 6.312639918178319931e-03 5.050460807979106903e-03 5.970973148941993713e-02 2.597214840352535248e-02 1.059242151677608490e-02 1.502547506242990494e-02 2.495763357728719711e-03 1.824846118688583374e-02 2.005226910114288330e-03 4.701355472207069397e-03 9.379658848047256470e-03 6.116196047514677048e-03 1.292228605598211288e-02 1.087060663849115372e-02 1.982361637055873871e-02 4.380893427878618240e-03 2.224997617304325104e-02 5.447414703667163849e-03 2.961641643196344376e-03 4.118447192013263702e-03 2.043508924543857574e-03 4.590270109474658966e-03 4.974803421646356583e-03 1.216786820441484451e-02 4.413989186286926270e-02 2.372967265546321869e-02 1.724341418594121933e-04 1.366064418107271194e-02 6.020324770361185074e-03 2.064009429886937141e-03 8.389702998101711273e-03 1.527456007897853851e-02 6.905260030180215836e-03 1.376590877771377563e-02 1.748384721577167511e-02 5.001152865588665009e-03
1.149535179138183594e-02 1.451243646442890167e-02 5.513124167919158936e-03 6.600730121135711670e-02 8.215735554695129395e-01 6.896396826050477102e-06 2.898614911828190088e-04 1.429983973503112793e-02 2.030289359390735626e-02 4.946013446897268295e-03 6.448372267186641693e-03 6.612700410187244415e-03 1.417656056582927704e-02 6.334333214908838272e-03 9.942149743437767029e-03 2.182799391448497772e-02 3.168808296322822571e-02 1.032972149550914764e-02 2.314290776848793030e-02 7.633289322257041931e-03 5.557588301599025726e-03 1.835066359490156174e-03 7.254716474562883377e-03 1.488444861024618149e-03 6.380923558026552200e-03 7.969447411596775055e-03 4.434969741851091385e-03 1.566782593727111816e-02 2.205152623355388641e-02 2.354488894343376160e-02 2.579752355813980103e-02 1.600526040419936180e-03 8.471799083054065704e-03 1.039244607090950012e-02 2.151837386190891266e-02 1.256061252206563950e-02 1.105267088860273361e-02 6.991434202063828707e-05 5.637527257204055786e-02 8.331384509801864624e-02 2.376147359609603882e-02 1.868414878845214844e-02 1.319485064595937729e-02 2.532700821757316589e-02 3.270354820415377617e-03 1.076738070696592331e-02 1.831992762163281441e-03 5.974598694592714310e-03 2.031528204679489136e-02 5.049143452197313309e-03 2.765632793307304382e-02 1.270571444183588028e-02 1.857760362327098846e-02 2.106036618351936340e-02 2.308931387960910797e-02 7.376452907919883728e-03 4.676605574786663055e-03 2.685467340052127838e-02 1.462715677917003632e-02 1.501562446355819702e-02 9.844821877777576447e-03 2.871719561517238617e-02 1.186501514166593552e-02 2.350922673940658569e-02 9.228013455867767334e-03 5.636842455714941025e-03 1.410965621471405029e-02 1.523425430059432983e-02 4.393328912556171417e-03 7.367455400526523590e-03 2.831050381064414978e-02 2.763302065432071686e-03 2.186295017600059509e-02 5.523017141968011856e-03 4.734723269939422607e-02 2.376662194728851318e-02 1.789552904665470123e-02 8.373247459530830383e-03 1.120617234846577048e-04 4.069637041538953781e-03 9.863763116300106049e-03 3.913194406777620316e-03 4.388089105486869812e-02 5.058022215962409973e-02 6.354536861181259155e-03 1.227458473294973373e-02 7.886642590165138245e-03 1.024699490517377853e-02 2.390068583190441132e-02 7.329641375690698624e-03 2.045949921011924744e-02 1.593617605976760387e-03 5.644834600389003754e-04 1.250584982335567474e-02 6.681628525257110596e-03 1.326463464647531509e-02 1.452808175235986710e-02 2.538702450692653656e-02 4.852176178246736526e-03 1.052296627312898636e-02 4.396796226501464844e-03 7.641827221959829330e-03 1.672002114355564117e-02 2.033661678433418274e-02 2.317882142961025238e-02 2.210709266364574432e-02 3.308805869892239571e-03 7.291261572390794754e-03 1.217096019536256790e-02 1.714088395237922668e-02 2.287398092448711395e-02 3.064977703616023064e-03 8.849662728607654572e-03 6.163913756608963013e-03 2.107626013457775116e-02 7.492370437830686569e-03
7.265967130661010742e-02 5.501252785325050354e-02 1.358218397945165634e-02 1.127888448536396027e-02 6.896396826050477102e-06 8.215735554695129395e-01 7.768828421831130981e-02 1.279984973371028900e-02 3.574899863451719284e-03 6.459518801420927048e-03 5.801479890942573547e-02 3.945646062493324280e-02 5.628909915685653687e-02 2.914749085903167725e-02 8.295712061226367950e-03 7.521210703998804092e-03 4.087873094249516726e-04 4.823065362870693207e-03 2.170200273394584656e-02 1.451286152587272227e-05 6.672774907201528549e-03 2.111148647964000702e-02 7.652678177691996098e-04 7.734303362667560577e-03 1.662442646920681000e-02 5.568221677094697952e-03 1.232744567096233368e-02 1.618603430688381195e-02 2.504746243357658386e-02 1.456911209970712662e-02 3.315525595098733902e-03 2.826861054927576333e-05 2.845983020961284637e-02 1.139885280281305313e-02 7.774755824357271194e-03 7.168193813413381577e-03 7.800667663104832172e-04 1.963335089385509491e-03 1.588010974228382111e-02 3.236383665353059769e-03 1.590041629970073700e-02 3.009119769558310509e-03 2.758301270660012960e-04 8.655602112412452698e-03 2.440326660871505737e-02 9.629430132918059826e-04 7.317104190587997437e-02 5.626009032130241394e-02 1.425221934914588928e-02 1.623955368995666504e-02 9.154423139989376068e-03 3.520478028804063797e-03 2.194508537650108337e-02 1.250579208135604858e-02 1.215122081339359283e-02 1.559469383209943771e-02 1.735556125640869141e-02 1.180756930261850357e-02 2.838311530649662018e-02 3.364247083663940430e-02 1.104634907096624374e-02 1.363298296928405762e-02 1.084161922335624695e-02 2.144696749746799469e-02 6.926206406205892563e-03 9.649937041103839874e-03 1.062880549579858780e-02 2.361872047185897827e-02 7.898217299953103065e-04 2.097528241574764252e-02 8.397989906370639801e-03 2.614899910986423492e-02 2.136718481779098511e-03 4.765576217323541641e-03 7.167087751440703869e-04 2.320450730621814728e-02 8.787440601736307144e-04 5.033620167523622513e-03 7.126339245587587357e-03 2.443389222025871277e-02 1.155807264149188995e-02 3.689096122980117798e-02 1.433387771248817444e-02 2.142892219126224518e-02 5.046055186539888382e-03 1.963198417797684669e-03 1.537127606570720673e-02 7.459671702235937119e-03 5.659614689648151398e-03 2.433605492115020752e-02 4.573328420519828796e-02 1.275045424699783325e-02 5.118458718061447144e-02 1.275417581200599670e-02 2.197347953915596008e-02 6.972488947212696075e-03 2.313247881829738617e-02 1.755980961024761200e-02 7.713452912867069244e-03 3.571138950064778328e-03 1.355724059976637363e-03 6.360128987580537796e-03 2.633498748764395714e-03 2.748211380094289780e-03 2.452842518687248230e-02 3.085794672369956970e-02 5.700240842998027802e-03 1.652648299932479858e-02 1.779102720320224762e-02 6.070150993764400482e-03 7.880689576268196106e-03 2.231494896113872528e-02 1.563301309943199158e-02 1.715392223559319973e-03 1.017615664750337601e-02 1.139861810952425003e-02
5.934410542249679565e-02 5.296020954847335815e-02 4.971755668520927429e-03 1.374213304370641708e-02 2.898614911828190088e-04 7.768828421831130981e-02 8.215735554695129395e-01 1.115057524293661118e-02 1.184639520943164825e-02 2.851639641448855400e-03 6.130318716168403625e-02 3.055327944457530975e-02 6.201766803860664368e-02 3.105524554848670959e-02 5.937462672591209412e-03 2.446208614856004715e-03 2.685611601918935776e-03 2.835883060470223427e-03 1.718990132212638855e-02 8.344363421201705933e-03 1.033444050699472427e-02 2.997965365648269653e-02 1.551498565822839737e-02 1.033684238791465759e-02 9.268967434763908386e-03 3.463465254753828049e-03 1.493270602077245712e-02 1.478628255426883698e-02 9.417066350579261780e-03 2.165518142282962799e-02 1.188923139125108719e-02 1.300923246890306473e-02 3.051309846341609955e-02 1.948132552206516266e-02 9.744946844875812531e-03 1.134970225393772125e-02 8.668737136758863926e-04 4.872057121247053146e-03 2.161156572401523590e-02 1.287853159010410309e-02 1.793934032320976257e-02 2.232741389889270067e-04 6.364007014781236649e-03 6.239881273359060287e-03 3.264631330966949463e-02 1.579838059842586517e-02 7.438829541206359863e-02 6.252495199441909790e-02 9.665787220001220703e-03 1.146869547665119171e-02 4.873405210673809052e-03 4.276445135474205017e-03 2.677950076758861542e-02 1.089063659310340881e-02 1.594583876430988312e-02 1.197662949562072754e-02 2.333734370768070221e-02 3.443103749305009842e-03 3.498623892664909363e-02 2.873416431248188019e-02 2.562201581895351410e-02 2.400841750204563141e-02 1.735975034534931183e-02 2.027546428143978119e-02 1.709793694317340851e-02 1.931519806385040283e-02 1.693230308592319489e-02 2.898553386330604553e-02 1.409686077386140823e-02 7.360502611845731735e-03 1.879638619720935822e-02 2.492015250027179718e-02 1.475788559764623642e-02 3.322005039080977440e-03 8.899589069187641144e-03 3.312098607420921326e-02 1.750218681991100311e-02 1.371559686958789825e-02 3.477607620880007744e-03 1.456248480826616287e-02 1.351322419941425323e-02 3.569704294204711914e-02 1.079545449465513229e-02 5.677106324583292007e-03 1.379754208028316498e-02 1.174790505319833755e-02 8.773587644100189209e-03 1.089391298592090607e-03 2.574266493320465088e-02 2.259268052875995636e-02 4.746139422059059143e-02 2.391983568668365479e-02 4.930297285318374634e-02 2.005665190517902374e-02 3.899585222825407982e-03 7.139593828469514847e-03 1.127861160784959793e-02 2.001368254423141479e-02 7.905924692749977112e-03 1.000879891216754913e-02 2.711216919124126434e-03 1.518441596999764442e-03 1.293672830797731876e-03 5.718197673559188843e-03 2.329862676560878754e-02 2.483483590185642242e-02 1.051872735843062401e-03 1.127003598958253860e-02 5.658180918544530869e-03 7.452808786183595657e-03 7.227888330817222595e-03 1.309954002499580383e-02 2.249104343354701996e-02 1.686662994325160980e-02 1.009675115346908569e-02 1.217078417539596558e-02
3.162511624395847321e-03 1.897845417261123657e-02 2.869682200253009796e-02 4.609338066074997187e-04 1.429983973503112793e-02 1.279984973371028900e-02 1.115057524293661118e-02 8.215735554695129395e-01 9.709734003990888596e-04 4.290565848350524902e-03 8.228244259953498840e-03 3.270962275564670563e-03 1.616397313773632050e-02 1.359984744340181351e-02 4.013158008456230164e-02 3.898562397807836533e-03 8.773310692049562931e-04 3.036141768097877502e-02 3.238036110997200012e-02 2.186173945665359497e-02 1.597495190799236298e-02 7.031985092908143997e-03 2.091379463672637939e-02 1.294241193681955338e-02 8.797617629170417786e-03 1.327004842460155487e-02 8.754505775868892670e-03 6.728128064423799515e-03 1.739607937633991241e-02 1.201114803552627563e-02 5.187246482819318771e-03 7.214846555143594742e-03 5.384779535233974457e-03 8.741481229662895203e-03 1.739154197275638580e-02 4.282793088350445032e-05 9.112543426454067230e-03 4.397831857204437256e-03 1.063616853207349777e-02 4.872229765169322491e-04 7.426160387694835663e-03 3.958782181143760681e-03 8.691327646374702454e-03 2.336172200739383698e-02 3.739274106919765472e-03 1.716894446872174740e-03 3.316539805382490158e-03 1.084107626229524612e-02 7.701746653765439987e-03 2.009002491831779480e-03 1.039912179112434387e-02 1.446489058434963226e-02 3.758656233549118042e-02 3.680467233061790466e-02 1.439343951642513275e-02 1.289389282464981079e-02 3.248392371460795403e-03 1.878738775849342346e-02 2.928313426673412323e-02 2.397281862795352936e-02 4.115309566259384155e-03 2.399346791207790375e-02 5.637221969664096832e-03 1.466368511319160461e-02 2.033599466085433960e-02 2.114699035882949829e-02 1.141216140240430832e-02 2.625710098072886467e-03 6.198114715516567230e-03 1.564798690378665924e-02 1.630257628858089447e-02 1.297261100262403488e-02 1.112227764679118991e-04 5.374905187636613846e-03 5.025967489928007126e-03 1.115216687321662903e-02 3.141863038763403893e-03 4.730185028165578842e-03 1.813256181776523590e-03 7.477411534637212753e-03 7.343710213899612427e-02 4.484654217958450317e-02 1.533321198076009750e-02 8.612960577011108398e-03 2.783260308206081390e-03 1.447250414639711380e-02 5.155325680971145630e-02 4.916162788867950439e-02 3.338591754436492920e-02 2.344925887882709503e-02 1.981719769537448883e-02 3.523074090480804443e-03 1.042018365114927292e-02 7.466572336852550507e-03 8.672504685819149017e-03 3.384466050192713737e-03 4.709483124315738678e-03 8.094198070466518402e-03 1.361812185496091843e-02 2.795150270685553551e-03 7.161766756325960159e-03 4.375733900815248489e-03 9.623218327760696411e-03 8.384247194044291973e-04 8.874385617673397064e-03 2.408599294722080231e-02 1.068030367605388165e-03 3.745010355487465858e-03 6.172660738229751587e-03 3.091278718784451485e-03 6.874871905893087387e-03 1.152679137885570526e-02 1.728837005794048309e-02 1.039418671280145645e-02 1.952839083969593048e-02 1.953848265111446381e-02
3.795209107920527458e-03 7.627432234585285187e-03 1.543523627333343029e-03 2.089577168226242065e-02 2.030289359390735626e-02 3.574899863451719284e-03 1.184639520943164825e-02 9.709734003990888596e-04 8.215735554695129395e-01 4.121745005249977112e-02 6.010084412992000580e-03 1.501595322042703629e-02 7.266256958246231079e-03 2.168365567922592163e-02 5.344215780496597290e-03 1.297342870384454727e-02 1.712806290015578270e-03 2.096770517528057098e-02 4.111787420697510242e-04 1.664754934608936310e-02 5.395687650889158249e-03 1.821774244308471680e-02 2.319185063242912292e-02 1.196606829762458801e-02 2.284926176071166992e-02 1.070914417505264282e-02 7.478764164261519909e-04 3.615375235676765442e-02 1.188709028065204620e-02 3.361158445477485657e-02 1.503325905650854111e-02 5.022386554628610611e-03 1.700056716799736023e-02 6.532886531203985214e-03 3.042658604681491852e-02 2.047014050185680389e-02 2.932507544755935669e-03 1.930182985961437225e-02 3.424427285790443420e-02 4.003214091062545776e-02 6.052779965102672577e-03 3.542736917734146118e-02 5.295862792991101742e-04 6.390690337866544724e-03 2.566256932914257050e-02 3.378559136763215065e-03 1.094017457216978073e-02 5.660199560225009918e-03 3.733980283141136169e-02 1.456184312701225281e-02 3.125024726614356041e-03 3.567709820345044136e-03 2.861221134662628174e-02 2.921870909631252289e-02 4.949539899826049805e-02 8.266562595963478088e-03 8.697446435689926147e-03 1.905222190544009209e-03 1.674237102270126343e-02 2.310485392808914185e-02 3.190558636561036110e-03 2.546762349084019661e-03 1.432738173753023148e-02 1.178470905870199203e-02 1.750783994793891907e-02 3.736493410542607307e-03 1.086303871124982834e-02 8.369460701942443848e-03 3.792255371809005737e-02 6.280194967985153198e-03 8.858746849000453949e-03 3.180971741676330566e-02 2.396597526967525482e-02 1.289029605686664581e-02 1.661720499396324158e-02 2.761237882077693939e-02 7.000661641359329224e-02 3.629945218563079834e-02 3.562290221452713013e-02 1.067160264938138425e-04 9.258160367608070374e-03 1.075861882418394089e-02 3.384154289960861206e-02 1.678571477532386780e-02 3.175463154911994934e-02 1.130655780434608459e-02 1.635860465466976166e-02 1.142421364784240723e-02 2.438119240105152130e-02 2.809813478961586952e-03 3.844016464427113533e-03 1.738545484840869904e-02 6.828158162534236908e-03 2.495118649676442146e-03 1.585942506790161133e-02 1.743239350616931915e-02 1.639273017644882202e-02 2.453709952533245087e-02 5.117564462125301361e-03 7.314278744161128998e-03 1.247354410588741302e-02 1.567655056715011597e-02 2.571641094982624054e-02 7.634349749423563480e-04 2.091619931161403656e-02 2.407420799136161804e-02 4.951882146997377276e-05 4.281068220734596252e-03 9.846800938248634338e-03 5.338851362466812134e-03 2.618274011183530092e-04 3.612841479480266571e-03 1.210574153810739517e-02 4.060359206050634384e-03 1.009888015687465668e-02 1.878275163471698761e-02
1.989855058491230011e-02 1.727820001542568207e-02 1.681571640074253082e-02 1.602011360228061676e-02 4.946013446897268295e-03 6.459518801420927048e-03 2.851639641448855400e-03 4.290565848350524902e-03 4.121745005249977112e-02 8.215735554695129395e-01 1.270637288689613342e-02 9.518452920019626617e-03 2.765217097476124763e-03 4.002334922552108765e-02 2.780193462967872620e-03 1.501968596130609512e-02 2.302396856248378754e-02 1.171441469341516495e-02 3.562197089195251465e-02 5.077509675174951553e-03 6.690275855362415314e-03 6.256680935621261597e-04 8.148269727826118469e-03 3.737711533904075623e-02 1.666736975312232971e-02 1.976063661277294159e-02 1.117618661373853683e-02 4.080129042267799377e-02 5.891894921660423279e-03 6.619893014430999756e-03 4.088592715561389923e-03 1.180742960423231125e-02 1.271226629614830017e-02 1.249912288039922714e-02 6.623556837439537048e-03 2.309578470885753632e-02 4.549812525510787964e-02 4.502278286963701248e-03 2.254236489534378052e-02 1.527663040906190872e-02 4.203448072075843811e-03 2.244334481656551361e-02 2.704968117177486420e-02 1.598672010004520416e-02 7.685832213610410690e-03 3.448064625263214111e-02 7.222249172627925873e-03 8.048201911151409149e-03 1.755676604807376862e-02 5.968991294503211975e-02 1.604043506085872650e-02 1.229196693748235703e-02 2.891138195991516113e-02 2.159969508647918701e-02 9.059710428118705750e-03 5.523695424199104309e-02 5.292538553476333618e-03 1.906013116240501404e-02 2.294204756617546082e-02 8.545273914933204651e-03 3.244879841804504395e-02 1.931839622557163239e-02 3.718220163136720657e-03 1.399617455899715424e-02 1.988914236426353455e-02 6.881938781589269638e-03 9.727273136377334595e-03 8.286773227155208588e-03 1.237233262509107590e-02 4.193855077028274536e-02 3.532382100820541382e-02 1.281511224806308746e-02 3.072284907102584839e-02 1.995656173676252365e-03 3.581602359190583229e-03 7.956688292324542999e-03 6.208039820194244385e-03 6.873885542154312134e-02 3.586362302303314209e-02 6.226006150245666504e-02 3.147450974211096764e-03 1.354521512985229492e-02 7.017327006906270981e-03 5.513297766447067261e-02 2.279904857277870178e-02 4.676047340035438538e-02 1.532347872853279114e-02 1.811833353713154793e-03 1.339349336922168732e-02 5.532922595739364624e-02 1.239519286900758743e-02 1.748571917414665222e-02 5.923447199165821075e-03 8.653426542878150940e-03 9.654818102717399597e-03 2.609105408191680908e-02 9.373934008181095123e-03 1.180223096162080765e-02 2.031739801168441772e-02 1.530234515666961670e-02 2.683768281713128090e-03 7.304705213755369186e-03 3.708218864630907774e-04 7.832008413970470428e-03 1.538158953189849854e-02 1.474811509251594543e-02 5.180771462619304657e-03 1.454173028469085693e-02 1.244695205241441727e-02 1.151512097567319870e-02 2.888408489525318146e-03 1.617044094018638134e-03 1.659854501485824585e-02 2.345846407115459442e-02 2.015474950894713402e-03 1.420722249895334244e-02
7.658267766237258911e-02 6.930947303771972656e-02 1.085842587053775787e-02 7.475864607840776443e-03 6.448372267186641693e-03 5.801479890942573547e-02 6.130318716168403625e-02 8.228244259953498840e-03 6.010084412992000580e-03 1.270637288689613342e-02 8.215735554695129395e-01 1.635250449180603027e-02 8.177477866411209106e-02 7.212791126221418381e-03 2.638332545757293701e-02 1.831915229558944702e-02 1.816978864371776581e-02 3.630515187978744507e-03 1.778864860534667969e-02 8.620854467153549194e-03 9.772937744855880737e-03 2.974903956055641174e-02 6.533575244247913361e-03 3.367319470271468163e-03 1.147104892879724503e-02 2.022099914029240608e-03 8.917172439396381378e-03 2.394243376329541206e-03 7.005895953625440598e-03 5.442704074084758759e-03 1.196717005223035812e-02 1.089065801352262497e-02 5.783823318779468536e-03 1.518914010375738144e-02 3.809785703197121620e-03 4.953253082931041718e-03 2.764393575489521027e-03 1.366845890879631042e-02 1.631185039877891541e-02 7.646002341061830521e-03 8.273622952401638031e-03 4.140401259064674377e-03 1.540606655180454254e-02 1.715100742876529694e-02 2.914652600884437561e-02 1.726642623543739319e-02 6.557648628950119019e-02 5.555098503828048706e-02 7.426462601870298386e-03 9.847068227827548981e-03 4.393955226987600327e-03 2.067374251782894135e-02 7.119518239051103592e-03 2.430812455713748932e-03 7.830202579498291016e-03 1.614515110850334167e-02 3.875629976391792297e-03 1.847441494464874268e-02 1.076744217425584793e-02 9.059805423021316528e-03 6.120793055742979050e-03 1.050845533609390259e-02 9.183051064610481262e-03 4.323281813412904739e-03 4.067980498075485229e-02 3.694618120789527893e-02 1.407692488282918930e-02 2.167511172592639923e-02 5.538071971386671066e-03 1.079545170068740845e-02 1.482163369655609131e-02 1.026534941047430038e-03 5.901430733501911163e-03 1.639279164373874664e-02 1.224380917847156525e-02 2.107431925833225250e-02 2.423813799396157265e-03 1.883769594132900238e-02 2.928126137703657150e-03 1.753441244363784790e-02 3.344364464282989502e-03 1.953282766044139862e-02 5.722990259528160095e-03 5.584186408668756485e-03 7.390601094812154770e-03 4.434557631611824036e-03 2.117826230823993683e-02 1.024612318724393845e-02 7.727920077741146088e-03 2.275960333645343781e-02 4.662422090768814087e-02 2.216836065053939819e-02 4.109653830528259277e-02 2.443744428455829620e-02 6.817968678660690784e-04 1.246199128217995167e-03 2.506495267152786255e-02 1.064050104469060898e-02 1.680749468505382538e-02 2.203716896474361420e-02 1.562865264713764191e-02 1.395101100206375122e-02 1.419891882687807083e-02 6.070141171221621335e-05 8.970338851213455200e-03 1.342400442808866501e-02 4.750953055918216705e-03 3.035486442968249321e-04 8.303103037178516388e-03 4.649094771593809128e-03 8.832751773297786713e-03 2.554066292941570282e-02 3.022388555109500885e-02 2.725517004728317261e-02 1.562383305281400681e-02 3.755782963708043098e-04
1.768231019377708435e-02 1.796876825392246246e-02 1.814785227179527283e-02 2.004755102097988129e-02 6.612700410187244415e-03 3.945646062493324280e-02 3.055327944457530975e-02 3.270962275564670563e-03 1.501595322042703629e-02 9.518452920019626617e-03 1.635250449180603027e-02 8.215735554695129395e-01 1.557197794318199158e-02 5.738829821348190308e-02 2.903552958741784096e-03 1.086400821805000305e-02 3.358073160052299500e-02 8.015272207558155060e-03 3.873905912041664124e-02 3.685485571622848511e-03 9.030015207827091217e-03 1.054729800671339035e-02 2.861018851399421692e-02 9.977122768759727478e-03 1.087500993162393570e-02 1.231332216411828995e-02 1.591008529067039490e-02 3.558141365647315979e-02 1.618760870769619942e-03 1.306378282606601715e-02 2.358926227316260338e-03 1.443160697817802429e-02 6.266353651881217957e-03 1.016674283891916275e-02 1.273465715348720551e-02 1.011421158909797668e-02 9.325199760496616364e-03 6.646015681326389313e-03 1.834873482584953308e-02 6.880421191453933716e-03 1.568263582885265350e-02 2.807125449180603027e-02 1.341001503169536591e-02 7.496342994272708893e-03 5.238465219736099243e-02 2.030565030872821808e-02 2.947795763611793518e-02 2.918423898518085480e-02 2.328614704310894012e-02 8.825574070215225220e-03 1.229077298194169998e-02 3.239986672997474670e-02 1.658807508647441864e-02 8.546004537492990494e-04 1.140767615288496017e-02 1.085854228585958481e-02 2.844705712050199509e-03 1.194209209643304348e-03 1.419383008033037186e-02 7.282319944351911545e-03 1.204619370400905609e-02 3.999748826026916504e-02 2.333657257258892059e-02 3.166405484080314636e-02 5.286044324748218060e-04 2.501920564100146294e-03 2.158505283296108246e-02 1.916096918284893036e-02 2.381465397775173187e-02 2.068303711712360382e-02 3.686001151800155640e-02 1.219723839312791824e-02 1.207875553518533707e-02 2.095306292176246643e-03 1.783502660691738129e-02 1.617902889847755432e-02 2.399209327995777130e-02 3.146417904645204544e-03 6.372404750436544418e-03 2.565078251063823700e-02 6.719447206705808640e-03 1.994813047349452972e-02 2.630332298576831818e-02 2.540925331413745880e-02 3.851193562150001526e-02 1.829704083502292633e-02 6.058796774595975876e-03 7.538559380918741226e-03 1.342627685517072678e-03 2.415427751839160919e-02 3.177690133452415466e-02 1.239786949008703232e-02 4.806182906031608582e-02 8.361917920410633087e-03 1.462655514478683472e-02 2.007860690355300903e-02 4.826734773814678192e-03 1.714229397475719452e-02 1.207003253512084484e-03 8.196985349059104919e-03 4.804117139428853989e-03 3.324395045638084412e-03 8.362062275409698486e-03 1.955478452146053314e-02 1.717909984290599823e-02 1.065810094587504864e-03 8.969615213572978973e-03 1.324392762035131454e-02 1.018801145255565643e-02 1.395576354116201401e-02 7.373873144388198853e-03 7.253400981426239014e-03 1.699321717023849487e-02 1.540193986147642136e-02 9.256955236196517944e-03 3.069884609431028366e-03
7.429862767457962036e-02 7.568913698196411133e-02 1.412557531148195267e-02 3.774048309423960745e-05 1.417656056582927704e-02 5.628909915685653687e-02 6.201766803860664368e-02 1.616397313773632050e-02 7.266256958246231079e-03 2.765217097476124763e-03 8.177477866411209106e-02 1.557197794318199158e-02 8.215735554695129395e-01 1.027709338814020157e-02 3.497216477990150452e-02 1.881884224712848663e-02 1.457652822136878967e-02 1.364159863442182541e-02 2.739968011155724525e-03 1.401140913367271423e-02 7.060724776238203049e-03 3.035821579396724701e-02 2.897553378716111183e-03 5.530691239982843399e-03 6.870206911116838455e-03 7.050658110529184341e-03 6.457824259996414185e-03 6.049196701496839523e-03 1.151870470494031906e-02 1.167410146445035934e-02 3.523929789662361145e-02 4.505394026637077332e-03 2.041668258607387543e-02 8.855907246470451355e-03 2.502111019566655159e-03 5.618308670818805695e-03 3.977756132371723652e-04 9.009507484734058380e-03 1.343087945133447647e-02 6.097417324781417847e-03 1.184496283531188965e-02 8.100188337266445160e-03 2.218259125947952271e-02 1.074572559446096420e-03 2.840336225926876068e-02 2.030236832797527313e-02 6.638260185718536377e-02 6.413140147924423218e-02 6.862277165055274963e-03 3.686182200908660889e-03 1.497965306043624878e-02 2.192343026399612427e-02 1.202437095344066620e-03 6.629018578678369522e-03 5.302502773702144623e-03 9.333182126283645630e-03 1.093165762722492218e-02 2.856453880667686462e-02 1.492161583155393600e-02 1.068792771548032761e-02 1.195000950247049332e-02 2.175473142415285110e-03 1.947645214386284351e-03 4.174288362264633179e-03 4.073150083422660828e-02 4.880416393280029297e-02 1.453463174402713776e-02 1.972752809524536133e-02 3.323232289403676987e-03 9.366666898131370544e-03 6.256038788706064224e-03 7.610255386680364609e-03 5.506914108991622925e-03 8.566076867282390594e-03 7.032583002001047134e-03 2.427979186177253723e-02 1.781763625331223011e-03 9.416034445166587830e-03 9.545518085360527039e-03 4.224875941872596741e-03 3.580676391720771790e-03 1.240009255707263947e-02 1.471705827862024307e-02 3.296416485682129860e-03 4.770065657794475555e-03 6.360226776450872421e-03 1.793615892529487610e-02 2.854750305414199829e-02 1.975579652935266495e-03 7.347059901803731918e-03 5.843202024698257446e-02 2.832759171724319458e-02 5.161203444004058838e-02 4.008380323648452759e-02 1.244267681613564491e-03 1.109904958866536617e-03 2.193770185112953186e-02 2.136164717376232147e-02 1.627835817635059357e-02 1.919932477176189423e-02 9.643870405852794647e-03 3.146792761981487274e-03 1.230611745268106461e-02 2.052666386589407921e-03 8.982009254395961761e-03 6.896755192428827286e-03 3.389595309272408485e-03 3.403397044166922569e-03 4.225957673043012619e-03 1.858491823077201843e-02 6.684503750875592232e-04 2.638812363147735596e-02 3.069206140935420990e-02 2.713301591575145721e-02 1.646029576659202576e-02 8.198779076337814331e-03
