8.226318955421447754e-01 6.862299889326095581e-02 1.053205505013465881e-02 1.113645918667316437e-02 4.903541877865791321e-03 6.882869452238082886e-02 5.504606291651725769e-02 9.360513649880886078e-03 4.849406424909830093e-03 3.174221515655517578e-02 7.732350379228591919e-02 8.374779485166072845e-03 6.223738938570022583e-02 8.781526237726211548e-03 1.903195679187774658e-02 6.892832927405834198e-03 1.156159862875938416e-02 8.876251056790351868e-03 4.734131973236799240e-03 1.129044219851493835e-03 1.281389687210321426e-02 2.887514606118202209e-02 4.642517305910587311e-03 1.696258597075939178e-02 6.650115363299846649e-03 1.902147568762302399e-02 3.876236733049154282e-03 2.679874887689948082e-03 1.903786137700080872e-02 7.805764325894415379e-04 2.530603669583797455e-03 1.169372256845235825e-02 7.278115954250097275e-04 1.671770215034484863e-02 8.465396240353584290e-03 4.126175772398710251e-03 1.430539134889841080e-02 9.257740341126918793e-03 2.044267021119594574e-02 1.803942583501338959e-02 1.781405322253704071e-02 1.890837214887142181e-02 2.921771071851253510e-02 3.552233055233955383e-02 1.429081056267023087e-02 3.909061104059219360e-02 5.087368190288543701e-02 2.590457350015640259e-02 1.109893433749675751e-02 1.771174930036067963e-02 1.496923621743917465e-02 4.734723363071680069e-03 3.503222391009330750e-02 1.749717816710472107e-02 1.137311290949583054e-02 3.307117614895105362e-03 2.717628516256809235e-02 2.767995931208133698e-02 2.678731223568320274e-03 1.619154028594493866e-02 1.133754034526646137e-03 3.646764205768704414e-03 3.227108716964721680e-02 2.638513036072254181e-02 3.199988603591918945e-02 2.437764033675193787e-02 1.139107253402471542e-02 4.540624096989631653e-03 2.849856158718466759e-03 7.335764355957508087e-03 1.659034192562103271e-02 2.692072186619043350e-03 5.975462496280670166e-03 4.596905782818794250e-04 5.487575661391019821e-03 7.505860412493348122e-04 2.756033837795257568e-02 3.238954767584800720e-02 9.840060025453567505e-03 2.149788662791252136e-02 5.109459161758422852e-03 1.435048133134841919e-02 1.040506083518266678e-02 4.692514427006244659e-03 7.374793756753206253e-03 1.111576333642005920e-02 1.153935398906469345e-02 1.804399862885475159e-02 5.007723346352577209e-03 1.008018665015697479e-02 1.691165962256491184e-03 3.161469241604208946e-03 5.394631531089544296e-03 7.339500356465578079e-03 6.876938045024871826e-03 2.769819274544715881e-02 7.337395101785659790e-03 3.731485689058899879e-03 1.357666123658418655e-02 3.253857791423797607e-02 1.491732988506555557e-02 1.663940399885177612e-02 4.671076312661170959e-03 1.605665311217308044e-03 1.393612101674079895e-02 7.631077896803617477e-03 1.682940870523452759e-02 3.401188924908638000e-02 5.935934372246265411e-03 2.129919826984405518e-02 1.964670047163963318e-02 2.374113351106643677e-02 4.117208532989025116e-03 1.114518102258443832e-02 2.800589799880981445e-02 1.475884765386581421e-02
6.862299889326095581e-02 8.226318955421447754e-01 1.810545846819877625e-02 5.273222457617521286e-03 4.299595486372709274e-03 5.841885134577751160e-02 6.038409098982810974e-02 1.131178066134452820e-02 1.619884558022022247e-02 3.994239494204521179e-02 6.027194485068321228e-02 1.401982549577951431e-02 6.912858039140701294e-02 1.202575676143169403e-02 5.903371609747409821e-03 5.807485431432723999e-03 1.083015836775302887e-02 1.696374639868736267e-02 2.642063889652490616e-03 1.631069928407669067e-02 1.108349766582250595e-02 2.024834975600242615e-02 4.186204168945550919e-03 1.355721428990364075e-02 1.174705289304256439e-02 8.469235152006149292e-03 7.446446456015110016e-03 7.728352677077054977e-03 4.107832163572311401e-02 4.532897379249334335e-03 2.844640612602233887e-02 4.153568763285875320e-03 2.209703088738024235e-04 7.707107346504926682e-03 2.018247032538056374e-03 6.885088048875331879e-03 6.733000278472900391e-03 1.426524203270673752e-02 1.710532605648040771e-02 1.913587003946304321e-02 2.097329869866371155e-02 1.690398156642913818e-02 3.213082998991012573e-02 1.461518183350563049e-02 9.254702366888523102e-03 3.495933860540390015e-02 5.583817884325981140e-02 4.868663102388381958e-02 1.760153844952583313e-02 2.350580319762229919e-02 1.811761595308780670e-02 1.704937021713703871e-04 2.120312303304672241e-02 1.163735426962375641e-02 7.801862899214029312e-03 6.960979662835597992e-04 2.882077917456626892e-02 2.620297856628894806e-02 3.860828292090445757e-04 1.395600102841854095e-02 1.801060512661933899e-02 4.345378838479518890e-03 3.030132688581943512e-02 2.656693197786808014e-02 3.484516590833663940e-02 3.767485171556472778e-02 1.438113395124673843e-02 1.039377041161060333e-02 7.980518043041229248e-03 1.146900560706853867e-02 1.771725341677665710e-02 5.371373612433671951e-03 6.757989525794982910e-03 1.625380478799343109e-02 1.770245959050953388e-03 6.326421629637479782e-03 1.584294624626636505e-02 4.049417749047279358e-02 8.533066138625144958e-03 3.011725470423698425e-02 2.337060682475566864e-02 2.034599706530570984e-02 1.084720250219106674e-02 7.158069405704736710e-03 1.402433845214545727e-03 1.546977367252111435e-02 3.134065307676792145e-03 2.367488853633403778e-02 8.332844823598861694e-03 5.632402375340461731e-03 2.624150365591049194e-02 7.551677525043487549e-03 3.356770426034927368e-02 7.714924402534961700e-03 4.962673876434564590e-03 1.144029758870601654e-02 2.236466109752655029e-02 7.127275224775075912e-03 1.033000554889440536e-02 2.517307363450527191e-02 1.322369091212749481e-03 6.860690191388130188e-03 1.749666593968868256e-02 1.223572809249162674e-02 5.208619404584169388e-03 9.599991142749786377e-03 1.142900157719850540e-02 2.656269446015357971e-02 1.898217760026454926e-02 2.033636532723903656e-02 1.878954353742301464e-04 6.764268502593040466e-03 6.106208078563213348e-03 1.768431439995765686e-02 9.963399730622768402e-03 7.025727070868015289e-03
1.053205505013465881e-02 1.810545846819877625e-02 8.226318955421447754e-01 1.551591139286756516e-02 1.203323993831872940e-02 1.094447169452905655e-02 1.348571758717298508e-02 3.996909037232398987e-02 1.529633346945047379e-02 1.073181442916393280e-02 1.658906228840351105e-02 1.920397742651402950e-03 2.569567225873470306e-02 2.384650986641645432e-03 8.117395453155040741e-03 1.491918135434389114e-02 1.618476212024688721e-02 3.501036204397678375e-03 1.349394489079713821e-02 3.069081716239452362e-02 3.426003502681851387e-03 9.559900499880313873e-03 1.157138496637344360e-02 1.173323206603527069e-02 8.369444869458675385e-03 2.488547004759311676e-02 2.014135941863059998e-02 3.910664469003677368e-03 1.542688254266977310e-02 1.706425845623016357e-02 1.280566863715648651e-02 8.495649322867393494e-03 1.219124533236026764e-03 1.337554422207176685e-03 2.471080981194972992e-02 3.482569707557559013e-03 1.696108467876911163e-02 3.887383639812469482e-02 4.935005214065313339e-03 6.076226476579904556e-03 2.834343723952770233e-02 1.757299713790416718e-02 3.598742559552192688e-02 5.196913611143827438e-03 2.516060194466263056e-04 5.490189778356580064e-06 1.493754144757986069e-02 4.698931705206632614e-03 1.239109598100185394e-02 8.183895610272884369e-03 2.546611987054347992e-02 1.256255898624658585e-02 9.367571212351322174e-03 1.066997926682233810e-02 1.635230146348476410e-03 3.693938022479414940e-03 8.775326423346996307e-03 3.132373467087745667e-02 1.451866980642080307e-02 1.623376831412315369e-02 1.711648702621459961e-02 1.948271994479000568e-03 5.301415920257568359e-03 1.336489431560039520e-02 1.770935393869876862e-02 2.126220986247062683e-02 5.906351376324892044e-03 3.595155721995979548e-04 1.831229403614997864e-02 1.856851764023303986e-02 1.052371039986610413e-02 3.854516893625259399e-02 3.664278192445635796e-03 4.617872182279825211e-03 1.054451987147331238e-02 3.034453652799129486e-02 1.249938621185719967e-03 1.516427728347480297e-03 6.771562620997428894e-03 8.806179721432272345e-06 5.322017520666122437e-02 7.642132788896560669e-02 6.689239293336868286e-03 3.074866905808448792e-02 2.699955599382519722e-03 2.849047072231769562e-03 2.997373929247260094e-03 2.086654491722583771e-02 5.817467346787452698e-03 5.866538267582654953e-03 4.846247378736734390e-03 5.052512511610984802e-03 1.802053861320018768e-02 2.122252248227596283e-02 4.268870130181312561e-02 2.798457629978656769e-03 1.096885418519377708e-03 3.053285647183656693e-03 2.705595456063747406e-02 1.120427995920181274e-02 1.788018830120563507e-02 6.048075854778289795e-03 5.101706366986036301e-03 7.373780477792024612e-03 2.079837024211883545e-02 5.156768485903739929e-03 4.879126790910959244e-03 2.945312531664967537e-03 5.818548612296581268e-03 5.714792758226394653e-03 2.462791511788964272e-03 1.175963878631591797e-02 2.148828096687793732e-02 1.741475425660610199e-02 9.522545151412487030e-03 2.941440558061003685e-03
1.113645918667316437e-02 5.273222457617521286e-03 1.551591139286756516e-02 8.226318955421447754e-01 7.305798679590225220e-02 1.884967274963855743e-02 2.105853334069252014e-02 4.094211384654045105e-02 3.147492930293083191e-02 6.273374892771244049e-03 3.601133648771792650e-04 2.354980446398258209e-02 2.755299210548400879e-03 2.824430540204048157e-02 2.674993127584457397e-02 1.156646199524402618e-02 5.832206225022673607e-04 3.237064927816390991e-02 5.503774061799049377e-02 1.733051612973213196e-02 2.027466334402561188e-02 2.472202060744166374e-03 6.242715287953615189e-03 1.970828045159578323e-03 2.646817825734615326e-02 4.041808191686868668e-03 9.374137967824935913e-03 5.868279840797185898e-04 2.854179963469505310e-02 2.259672433137893677e-02 2.234561927616596222e-02 2.749163284897804260e-02 6.132410373538732529e-03 2.102528885006904602e-02 1.265858882106840611e-03 3.837026422843337059e-03 2.087108092382550240e-03 4.865785595029592514e-03 4.343558102846145630e-02 3.663573041558265686e-02 7.310325279831886292e-03 5.617426708340644836e-03 1.628649421036243439e-03 1.998619921505451202e-02 3.909944556653499603e-03 8.025850169360637665e-03 5.757622420787811279e-03 1.828319160267710686e-03 1.619333773851394653e-02 9.514909470453858376e-04 4.601081833243370056e-03 9.678115748101845384e-05 5.509081762284040451e-03 7.194456178694963455e-03 1.297689415514469147e-02 1.719596236944198608e-02 1.179954875260591507e-02 1.325653400272130966e-02 1.578693464398384094e-02 3.716237843036651611e-03 4.359891265630722046e-02 4.409607499837875366e-02 1.645744778215885162e-02 7.359208539128303528e-03 1.484036352485418320e-02 1.688035577535629272e-02 2.832748368382453918e-02 4.950102791190147400e-02 1.053469721227884293e-02 1.572335138916969299e-03 1.544024329632520676e-03 8.200918324291706085e-03 5.615447461605072021e-02 4.434140864759683609e-03 5.115023255348205566e-02 5.100883077830076218e-03 1.187987858429551125e-03 1.656927634030580521e-03 5.017854738980531693e-03 6.203939206898212433e-03 2.250951342284679413e-02 3.702009096741676331e-03 4.281197488307952881e-02 5.199059844017028809e-02 2.903224714100360870e-02 2.168418839573860168e-02 2.082552947103977203e-02 1.969455368816852570e-02 2.333975955843925476e-02 1.387757901102304459e-02 9.281351231038570404e-03 2.658064709976315498e-03 1.117925718426704407e-02 1.202954445034265518e-02 9.273642674088478088e-03 2.109733782708644867e-02 8.473522029817104340e-03 1.514115836471319199e-02 1.374357379972934723e-02 1.437685545533895493e-02 2.324108593165874481e-02 1.584164798259735107e-02 2.080008946359157562e-02 2.370830997824668884e-02 1.204886473715305328e-03 3.677790984511375427e-03 1.905183121562004089e-02 1.979427225887775421e-02 6.557697895914316177e-03 2.126922272145748138e-02 7.303615100681781769e-03 2.171426452696323395e-02 2.040090411901473999e-02 6.464399397373199463e-03 1.786839775741100311e-02 8.313043043017387390e-03
4.903541877865791321e-03 4.299595486372709274e-03 1.203323993831872940e-02 7.305798679590225220e-02 8.226318955421447754e-01 1.749834045767784119e-02 1.208364963531494141e-02 3.350534290075302124e-02 2.270326390862464905e-02 5.162287503480911255e-03 2.047969261184334755e-03 1.819065399467945099e-02 7.519400678575038910e-04 2.057394199073314667e-02 1.499798148870468140e-02 3.175543621182441711e-02 2.262474782764911652e-02 3.941621631383895874e-02 5.746961012482643127e-02 2.607429400086402893e-02 1.769699901342391968e-02 4.490057472139596939e-03 2.690133173018693924e-03 4.518155939877033234e-03 3.228960186243057251e-02 5.396211519837379456e-03 1.454198732972145081e-02 1.239526201970875263e-03 2.845711633563041687e-02 2.355832234025001526e-02 2.873964793980121613e-02 1.839270256459712982e-02 9.052297100424766541e-03 5.339909810572862625e-03 6.065007764846086502e-04 9.997084736824035645e-03 1.706408336758613586e-03 9.847173467278480530e-03 4.334152862429618835e-02 4.807043820619583130e-02 1.128812204115092754e-03 5.756002385169267654e-03 9.338592179119586945e-03 4.039321094751358032e-03 6.240711547434329987e-03 4.469949926715344191e-04 1.489962800405919552e-03 1.814977638423442841e-02 2.451303228735923767e-02 1.047135610133409500e-02 1.170497946441173553e-02 5.794979166239500046e-03 1.667933684075251222e-04 5.138210020959377289e-03 1.982848159968852997e-02 1.802003011107444763e-02 2.850407268851995468e-03 2.063250867649912834e-03 1.407481916248798370e-02 7.530539296567440033e-03 4.550584778189659119e-02 4.944568499922752380e-02 7.304638624191284180e-03 1.203683856874704361e-02 1.039924193173646927e-02 8.609489537775516510e-03 3.592223674058914185e-02 4.607144370675086975e-02 1.294870208948850632e-02 6.765469908714294434e-03 7.026760838925838470e-03 2.067001722753047943e-02 4.333670437335968018e-02 1.802874542772769928e-02 5.671923235058784485e-02 9.331309236586093903e-03 1.086754258722066879e-02 1.570462482050061226e-03 1.060555130243301392e-02 5.519529338926076889e-03 2.131543494760990143e-02 5.123829469084739685e-03 5.273342505097389221e-02 5.796099826693534851e-02 3.853816539049148560e-02 3.124211356043815613e-02 8.713601157069206238e-03 1.755129545927047729e-02 2.860721759498119354e-02 4.830220248550176620e-03 2.107921056449413300e-02 1.043811719864606857e-02 1.410587807185947895e-03 1.848425529897212982e-02 1.009271387010812759e-02 2.952245622873306274e-02 1.751025952398777008e-02 2.264027111232280731e-02 5.133215803653001785e-03 1.876161620020866394e-02 2.605916373431682587e-02 1.477920636534690857e-02 2.823559939861297607e-02 2.828952297568321228e-02 5.554706789553165436e-03 4.796442110091447830e-03 1.062969770282506943e-02 1.110593974590301514e-02 6.386162247508764267e-03 1.995275355875492096e-02 5.781306885182857513e-03 1.626472175121307373e-02 2.230219170451164246e-02 1.522560976445674896e-02 1.510167215019464493e-02 4.828032106161117554e-03
6.882869452238082886e-02 5.841885134577751160e-02 1.094447169452905655e-02 1.884967274963855743e-02 1.749834045767784119e-02 8.226318955421447754e-01 7.956066727638244629e-02 3.884982550516724586e-03 1.050923299044370651e-02 3.148023784160614014e-02 5.391769483685493469e-02 3.103033639490604401e-02 6.434099376201629639e-02 3.294850513339042664e-02 1.336254528723657131e-03 2.959369448944926262e-03 1.900949887931346893e-02 1.389242336153984070e-02 1.570519059896469116e-02 2.025024592876434326e-02 7.585926912724971771e-03 9.876227937638759613e-03 8.085137233138084412e-03 6.203305441886186600e-03 1.727018877863883972e-02 2.529621683061122894e-02 1.019200775772333145e-02 8.775758557021617889e-03 9.761099703609943390e-03 1.210894715040922165e-02 1.433573430404067039e-03 1.179459411650896072e-02 2.071914449334144592e-02 2.403568010777235031e-03 1.322727184742689133e-02 1.471313927322626114e-02 2.178354933857917786e-02 1.556404866278171539e-02 4.863949725404381752e-04 2.354596275836229324e-03 1.731833256781101227e-02 1.501391641795635223e-02 2.366440556943416595e-02 1.847625896334648132e-02 1.090939342975616455e-02 2.852767333388328552e-02 7.176040112972259521e-02 3.479553759098052979e-02 1.285331789404153824e-02 2.294256351888179779e-02 1.808968745172023773e-02 1.527563575655221939e-02 4.006374627351760864e-03 7.751512806862592697e-03 1.749380305409431458e-02 6.775610148906707764e-03 2.201533317565917969e-02 3.108846955001354218e-02 1.304302457720041275e-02 3.012894885614514351e-03 1.438645459711551666e-02 1.732471026480197906e-02 2.557277493178844452e-02 1.636993139982223511e-02 1.760477945208549500e-02 2.346246503293514252e-02 6.420169025659561157e-03 2.648443216457962990e-03 9.172886610031127930e-03 8.725213818252086639e-03 1.412640511989593506e-02 1.411874219775199890e-02 1.052442193031311035e-02 3.977015148848295212e-03 4.352786112576723099e-03 2.853773767128586769e-03 1.103450427763164043e-03 2.694611065089702606e-02 1.337446924299001694e-02 4.970505833625793457e-03 2.279732143506407738e-03 1.503165549365803599e-04 1.276318728923797607e-02 2.176940441131591797e-02 2.346623688936233521e-02 1.871821121312677860e-03 3.759799525141716003e-03 3.376565873622894287e-03 2.721545461099594831e-04 2.519940491765737534e-03 6.088456604629755020e-03 4.549114033579826355e-03 1.220709271728992462e-02 3.431579389143735170e-04 3.552839392796158791e-03 3.193095617461949587e-04 1.805288158357143402e-02 2.784233773127198219e-03 2.317436225712299347e-02 1.884805038571357727e-02 1.136192027479410172e-02 1.238780561834573746e-02 3.978189488407224417e-04 2.722274279221892357e-03 5.653903353959321976e-04 2.086799358949065208e-03 1.663991436362266541e-02 4.128288105130195618e-02 2.009629085659980774e-02 3.213706240057945251e-02 8.925206027925014496e-03 8.972056210041046143e-03 6.765810307115316391e-03 1.343863084912300110e-02 1.633541844785213470e-02 3.503359621390700340e-04
5.504606291651725769e-02 6.038409098982810974e-02 1.348571758717298508e-02 2.105853334069252014e-02 1.208364963531494141e-02 7.956066727638244629e-02 8.226318955421447754e-01 7.293839589692652225e-04 6.606100127100944519e-03 3.651781752705574036e-02 3.640598803758621216e-02 2.480185776948928833e-02 5.516039952635765076e-02 3.109302558004856110e-02 2.260751789435744286e-03 6.830615457147359848e-03 1.153350807726383209e-02 1.133402925916016102e-03 9.890574030578136444e-03 1.390080899000167847e-02 6.845100782811641693e-03 6.290983874350786209e-03 1.817869767546653748e-02 1.328985858708620071e-02 2.108267880976200104e-02 2.115068957209587097e-02 3.710750723257660866e-03 1.448466163128614426e-02 1.064183935523033142e-02 1.851696893572807312e-02 5.923964083194732666e-03 8.125880733132362366e-03 2.178112231194972992e-02 1.147644966840744019e-02 7.765536662191152573e-03 1.049463264644145966e-02 6.150890607386827469e-03 9.149291552603244781e-03 5.677573848515748978e-03 1.519319042563438416e-02 2.185259386897087097e-02 1.980560831725597382e-02 1.936564780771732330e-02 8.818130008876323700e-03 1.406346540898084641e-02 3.092821501195430756e-02 6.324627995491027832e-02 5.660298466682434082e-02 1.205250620841979980e-02 1.695703156292438507e-02 2.954699844121932983e-02 1.696582324802875519e-02 6.125436630100011826e-03 3.205064916983246803e-03 3.368923498783260584e-04 1.441817265003919601e-02 3.246045485138893127e-02 1.442910172045230865e-02 1.224721129983663559e-02 2.455359208397567272e-04 4.214578308165073395e-03 3.860271070152521133e-03 3.425587713718414307e-02 2.359410375356674194e-02 1.357660163193941116e-02 2.946503646671772003e-02 9.408806450664997101e-03 5.585344973951578140e-03 8.854421786963939667e-03 2.098014764487743378e-02 6.764537189155817032e-03 1.596085727214813232e-02 4.634076729416847229e-03 1.520117744803428650e-02 3.597181523218750954e-03 1.238784659653902054e-02 1.166875567287206650e-02 3.510485216975212097e-02 4.644922446459531784e-03 5.089272744953632355e-03 5.829211324453353882e-03 2.449039020575582981e-04 1.340300776064395905e-02 2.408938109874725342e-02 1.367857959121465683e-02 2.284096786752343178e-03 1.321332436054944992e-02 2.753921551629900932e-03 4.595913924276828766e-03 9.157066233456134796e-03 7.609611842781305313e-03 1.702006533741950989e-02 3.246976435184478760e-02 1.197003293782472610e-02 5.722138099372386932e-03 3.465556306764483452e-03 3.301702439785003662e-02 2.197118476033210754e-02 2.142053283751010895e-02 2.551298961043357849e-02 7.714742794632911682e-03 1.012598350644111633e-02 1.577780023217201233e-02 1.831616833806037903e-02 9.319084929302334785e-04 1.515659503638744354e-02 1.412093266844749451e-02 3.450196236371994019e-02 1.208975538611412048e-02 1.770224608480930328e-02 1.242308039218187332e-02 8.032695390284061432e-03 1.640818826854228973e-02 2.259360998868942261e-02 1.707297191023826599e-02 9.999634698033332825e-03
9.360513649880886078e-03 1.131178066134452820e-02 3.996909037232398987e-02 4.094211384654045105e-02 3.350534290075302124e-02 3.884982550516724586e-03 7.293839589692652225e-04 8.226318955421447754e-01 3.935938701033592224e-03 1.102452632039785385e-02 2.005902864038944244e-02 6.512812804430723190e-03 1.038907840847969055e-02 4.426081664860248566e-03 5.712593719363212585e-02 2.079794183373451233e-03 9.722648537717759609e-04 1.782542467117309570e-02 2.552451565861701965e-02 7.244664710015058517e-03 7.614518515765666962e-03 4.639504477381706238e-03 4.023930814582854509e-04 6.026517134159803391e-03 1.589782908558845520e-02 3.364669857546687126e-03 9.438241831958293915e-03 5.059869028627872467e-03 2.617279067635536194e-02 1.731669157743453979e-02 5.624352023005485535e-03 4.661852959543466568e-03 1.301758643239736557e-02 5.979738663882017136e-03 1.157018076628446579e-02 4.646832123398780823e-03 1.319876406341791153e-02 1.893810741603374481e-02 4.194045439362525940e-02 3.026962280273437500e-02 1.881286129355430603e-02 3.229650901630520821e-03 3.220570506528019905e-04 2.690205350518226624e-02 1.736482954584062099e-03 1.104033924639225006e-02 1.426955964416265488e-02 1.393757853657007217e-02 5.869835149496793747e-04 8.804883807897567749e-03 4.969120025634765625e-03 4.568457603454589844e-03 3.844887716695666313e-03 2.934228070080280304e-02 4.475089663174003363e-04 6.407105829566717148e-03 1.426015514880418777e-02 2.805103547871112823e-02 2.284408546984195709e-02 2.710835635662078857e-02 3.119885362684726715e-02 2.974116429686546326e-02 8.700689300894737244e-03 1.479614246636629105e-02 4.310670495033264160e-02 3.597605228424072266e-02 2.995485812425613403e-02 2.442601509392261505e-02 8.067460730671882629e-03 2.531066769734025002e-03 2.066022483631968498e-03 4.353514872491359711e-03 1.187903061509132385e-02 4.669636953622102737e-03 1.751869171857833862e-02 1.385854464024305344e-02 1.006008707918226719e-03 2.326534595340490341e-03 1.469228137284517288e-02 4.226328339427709579e-03 6.775015592575073242e-02 3.029977716505527496e-02 2.063729986548423767e-02 1.271413546055555344e-02 1.063091959804296494e-02 7.316229399293661118e-03 4.777265340089797974e-02 4.323901236057281494e-02 6.000128574669361115e-03 1.095842383801937103e-02 2.964818105101585388e-02 4.817259032279253006e-03 1.313035376369953156e-02 7.253338117152452469e-04 9.727286174893379211e-03 8.369632065296173096e-03 1.589491777122020721e-02 1.765990816056728363e-02 2.141971327364444733e-02 2.520405128598213196e-02 2.586138434708118439e-02 1.289651449769735336e-02 3.322527557611465454e-02 3.022231906652450562e-02 4.018264822661876678e-03 1.808414980769157410e-02 2.354592271149158478e-02 2.599806152284145355e-02 1.063758879899978638e-02 2.001110091805458069e-02 9.951800107955932617e-03 2.506904536858201027e-03 5.566442850977182388e-03 5.270244088023900986e-03 2.392026409506797791e-02 3.467439115047454834e-02
4.849406424909830093e-03 1.619884558022022247e-02 1.529633346945047379e-02 3.147492930293083191e-02 2.270326390862464905e-02 1.050923299044370651e-02 6.606100127100944519e-03 3.935938701033592224e-03 8.226318955421447754e-01 1.433830522000789642e-02 4.561510402709245682e-03 2.355247177183628082e-02 6.331556942313909531e-03 1.188868284225463867e-02 1.294784713536500931e-02 1.126621756702661514e-02 2.466702833771705627e-03 1.237175054848194122e-02 3.597037494182586670e-02 8.749300613999366760e-03 8.456757292151451111e-03 1.562557741999626160e-02 2.604859322309494019e-02 7.088442333042621613e-03 1.205749902874231339e-02 4.270355682820081711e-03 1.709771528840065002e-02 2.292083390057086945e-02 1.698202826082706451e-02 2.100418321788311005e-02 1.209162548184394836e-02 1.020093727856874466e-02 1.305414643138647079e-02 5.740943364799022675e-03 2.080161496996879578e-02 1.879817061126232147e-02 2.730448904912918806e-04 1.731601357460021973e-02 2.378399670124053955e-02 9.347911924123764038e-03 6.863387767225503922e-03 2.001274749636650085e-02 7.846646010875701904e-03 9.414278902113437653e-03 3.892010450363159180e-02 1.629152335226535797e-02 1.077268365770578384e-02 2.070349641144275665e-02 1.712279394268989563e-02 1.473170239478349686e-02 1.204199623316526413e-02 3.180140256881713867e-02 1.391785405576229095e-02 3.816233074758201838e-04 4.123771190643310547e-02 6.126264110207557678e-03 3.309433115646243095e-03 3.414154285565018654e-03 7.694386295042932034e-04 1.299481187015771866e-02 8.018225431442260742e-03 2.697183378040790558e-02 1.721416413784027100e-02 1.027361396700143814e-02 7.288191467523574829e-03 1.125212479382753372e-02 1.362009719014167786e-02 5.176340695470571518e-03 2.983191981911659241e-03 3.510824218392372131e-02 2.026976086199283600e-02 6.508529651910066605e-03 2.877715602517127991e-02 3.079608269035816193e-02 2.959880977869033813e-02 6.813706364482641220e-03 2.954389899969100952e-02 1.591747254133224487e-02 4.435093328356742859e-02 3.159312903881072998e-02 6.434410810470581055e-03 1.282821968197822571e-02 6.358658894896507263e-03 4.062083363533020020e-02 9.879058226943016052e-03 2.014326304197311401e-02 1.351274270564317703e-02 1.049076020717620850e-02 1.302280090749263763e-02 1.564662903547286987e-02 2.581481449306011200e-02 3.398037329316139221e-02 3.303043171763420105e-02 7.121811620891094208e-03 1.521549094468355179e-02 1.852499507367610931e-02 2.731940336525440216e-02 4.208648111671209335e-03 4.389365389943122864e-02 1.757426559925079346e-02 1.379854045808315277e-02 1.401173416525125504e-02 2.346947416663169861e-02 8.555644191801548004e-03 1.351223513484001160e-02 9.784885682165622711e-03 3.836168907582759857e-03 2.816540561616420746e-02 5.948061123490333557e-03 2.015759050846099854e-02 2.329564094543457031e-02 7.628906983882188797e-03 7.843006402254104614e-03 6.456036120653152466e-03 4.205636214464902878e-03 3.986404091119766235e-02
3.174221515655517578e-02 3.994239494204521179e-02 1.073181442916393280e-02 6.273374892771244049e-03 5.162287503480911255e-03 3.148023784160614014e-02 3.651781752705574036e-02 1.102452632039785385e-02 1.433830522000789642e-02 8.226318955421447754e-01 2.237553894519805908e-02 3.765520080924034119e-02 3.811018168926239014e-02 2.486445941030979156e-02 4.876379389315843582e-03 1.786557724699378014e-03 2.955422364175319672e-02 1.738725230097770691e-02 1.013077702373266220e-02 3.899779403582215309e-04 2.703348919749259949e-02 6.269861944019794464e-03 2.533523738384246826e-02 5.103683564811944962e-03 7.934934459626674652e-03 1.093623507767915726e-02 9.443027898669242859e-03 3.112355060875415802e-02 1.007626485079526901e-02 2.093928121030330658e-02 1.411380246281623840e-02 1.765353232622146606e-02 1.567575521767139435e-02 1.562215574085712433e-02 3.207107633352279663e-02 2.148687280714511871e-02 1.614766567945480347e-02 1.312917750328779221e-02 3.776737255975604057e-03 3.455790574662387371e-04 1.544663310050964355e-02 1.903652795590460300e-03 1.242780941538512707e-03 9.361887350678443909e-03 3.002244047820568085e-02 1.155118923634290695e-03 3.843533992767333984e-02 3.993583470582962036e-02 9.818940423429012299e-03 5.546611919999122620e-02 3.397902473807334900e-02 3.932021558284759521e-02 8.897006773622706532e-05 8.468245156109333038e-03 1.885248348116874695e-02 2.241491712629795074e-02 1.592607586644589901e-03 1.710391975939273834e-02 9.155515581369400024e-03 5.051179323345422745e-03 8.881198242306709290e-03 6.714582443237304688e-03 3.127656877040863037e-02 4.754019528627395630e-02 1.549051422625780106e-02 1.304079592227935791e-02 6.481554359197616577e-03 1.270250882953405380e-02 1.208103541284799576e-02 2.313446812331676483e-02 4.188711941242218018e-02 1.181464921683073044e-02 6.083262152969837189e-03 1.753505505621433258e-02 1.336391922086477280e-02 1.113721076399087906e-02 2.041064947843551636e-02 5.901223048567771912e-02 2.694004774093627930e-02 4.357042536139488220e-02 1.132910698652267456e-02 4.588591400533914566e-03 5.416567903012037277e-03 1.627061516046524048e-02 1.596583239734172821e-02 1.310554705560207367e-02 1.445488724857568741e-02 1.008890196681022644e-02 1.658873818814754486e-02 1.643283665180206299e-02 2.925863116979598999e-02 4.890953656286001205e-03 2.897350303828716278e-02 2.473278902471065521e-02 4.819312598556280136e-03 6.997380405664443970e-03 2.277445979416370392e-02 2.480497024953365326e-02 2.107418514788150787e-02 3.975009173154830933e-02 3.013844368979334831e-03 1.510815927758812904e-03 2.190362103283405304e-02 2.161882258951663971e-02 1.090842019766569138e-02 1.863068784587085247e-03 3.316131653264164925e-03 7.653610082343220711e-04 1.719697564840316772e-02 3.440731018781661987e-02 2.915786753874272108e-04 7.708974648267030716e-03 5.916960537433624268e-03 7.095556706190109253e-03 1.695973612368106842e-02 1.077594279195182025e-04
7.732350379228591919e-02 6.027194485068321228e-02 1.658906228840351105e-02 3.601133648771792650e-04 2.047969261184334755e-03 5.391769483685493469e-02 3.640598803758621216e-02 2.005902864038944244e-02 4.561510402709245682e-03 2.237553894519805908e-02 8.226318955421447754e-01 1.019156631082296371e-02 7.247144728899002075e-02 6.337758619338274002e-03 1.867296546697616577e-02 2.226960286498069763e-02 1.817704737186431885e-02 1.700403541326522827e-02 2.703950740396976471e-03 1.505265012383460999e-02 2.273073233664035797e-02 2.536039426922798157e-02 7.680541835725307465e-03 1.614356040954589844e-02 1.096669957041740417e-02 1.503214146941900253e-02 1.655664481222629547e-02 4.863413050770759583e-03 4.133478179574012756e-02 2.012603450566530228e-03 1.669475436210632324e-02 1.342854928225278854e-03 1.002085022628307343e-02 2.572717145085334778e-03 5.946205463260412216e-03 4.065486136823892593e-03 2.411470003426074982e-02 1.179843209683895111e-02 2.066131122410297394e-02 1.665046997368335724e-02 1.229633018374443054e-02 1.179842464625835419e-02 3.509961813688278198e-02 9.802212007343769073e-03 2.393031725659966469e-03 2.765960060060024261e-02 3.906366974115371704e-02 5.910841282457113266e-03 3.789575537666678429e-03 2.249029092490673065e-02 1.191632542759180069e-02 1.198672596365213394e-02 2.459730952978134155e-02 2.108203992247581482e-02 8.238935843110084534e-03 4.820153117179870605e-03 2.010876545682549477e-03 2.129107713699340820e-02 2.045362198259681463e-04 1.152977533638477325e-02 1.632685959339141846e-02 8.457536459900438786e-04 2.155478112399578094e-02 1.754736155271530151e-02 4.172368347644805908e-02 3.287787362933158875e-02 5.559254204854369164e-04 3.744046902284026146e-03 1.134240906685590744e-02 2.592757530510425568e-02 1.860398240387439728e-02 1.732126809656620026e-02 7.757462561130523682e-03 8.617221377789974213e-03 4.846311639994382858e-03 1.905930042266845703e-02 1.598726585507392883e-02 1.913306303322315216e-02 8.319019107148051262e-04 7.365533150732517242e-03 1.671933941543102264e-02 1.660448685288429260e-02 4.747053608298301697e-03 4.568733740597963333e-03 2.384497784078121185e-02 5.273207556456327438e-03 1.946776360273361206e-02 9.445908479392528534e-03 9.287031367421150208e-03 1.634141243994235992e-02 4.976105876266956329e-03 1.858771033585071564e-02 1.483759470283985138e-02 1.554144173860549927e-02 9.031057357788085938e-03 3.549390530679374933e-04 5.988629534840583801e-03 3.527172142639756203e-03 1.074405852705240250e-02 2.804451435804367065e-02 1.875308109447360039e-03 5.272668786346912384e-03 7.050469517707824707e-03 1.478631398640573025e-03 5.898330360651016235e-03 9.427957236766815186e-03 1.592980814166367054e-03 2.156897075474262238e-02 2.390742301940917969e-02 1.819605566561222076e-02 2.469056053087115288e-04 2.102699130773544312e-02 5.600054864771664143e-04 1.176632195711135864e-02 2.726330794394016266e-02 4.680800251662731171e-03
8.374779485166072845e-03 1.401982549577951431e-02 1.920397742651402950e-03 2.354980446398258209e-02 1.819065399467945099e-02 3.103033639490604401e-02 2.480185776948928833e-02 6.512812804430723190e-03 2.355247177183628082e-02 3.765520080924034119e-02 1.019156631082296371e-02 8.226318955421447754e-01 1.384956203401088715e-02 8.273262530565261841e-02 1.234715338796377182e-02 2.165564522147178650e-02 5.908029153943061829e-03 4.043102671857923269e-04 2.533407695591449738e-02 1.329342718236148357e-03 2.608047053217887878e-02 2.392832189798355103e-02 6.537832319736480713e-02 4.998736083507537842e-02 5.525435786694288254e-03 2.502310089766979218e-03 1.297839451581239700e-02 7.344739884138107300e-02 1.308799535036087036e-02 6.550021469593048096e-02 1.280152425169944763e-02 4.529845900833606720e-03 1.097957883030176163e-02 1.528896245872601867e-04 2.936003962531685829e-03 1.461936812847852707e-02 1.189222093671560287e-02 1.921505667269229889e-02 1.656899228692054749e-02 4.667919594794511795e-03 1.299171987920999527e-02 8.425863925367593765e-04 2.313619479537010193e-03 1.402742043137550354e-02 3.604810684919357300e-02 1.841113902628421783e-02 1.240578666329383850e-02 1.488417107611894608e-02 4.491253275773487985e-05 5.281183496117591858e-02 1.491704955697059631e-02 8.944314904510974884e-03 1.857884461060166359e-03 4.760953132063150406e-03 6.891142576932907104e-03 4.673342406749725342e-02 1.290907710790634155e-02 2.165898447856307030e-03 6.106338929384946823e-03 1.429718360304832458e-02 1.781198754906654358e-02 2.691082470118999481e-02 5.790033377707004547e-03 8.390535600483417511e-03 3.023193916305899620e-03 2.242833841592073441e-03 2.758203772827982903e-03 3.827217733487486839e-03 1.477440074086189270e-02 2.739171870052814484e-02 2.452876418828964233e-02 7.075475528836250305e-03 5.064698401838541031e-03 2.391432411968708038e-02 1.511817332357168198e-02 7.391273044049739838e-03 1.721181161701679230e-02 2.945979684591293335e-02 3.123336471617221832e-02 1.171970460563898087e-02 1.008652849122881889e-03 1.132790697738528252e-03 3.124121809378266335e-03 1.691933162510395050e-02 2.414185367524623871e-02 6.789244245737791061e-03 4.708014894276857376e-03 4.366504959762096405e-03 5.708266049623489380e-02 2.729333378374576569e-02 4.686852451413869858e-03 9.312730282545089722e-03 1.588148437440395355e-02 6.288406904786825180e-03 1.018905662931501865e-03 1.009761542081832886e-02 2.607674896717071533e-02 4.952028859406709671e-03 3.334320848807692528e-03 1.666587218642234802e-02 3.776601050049066544e-03 1.041601505130529404e-02 1.435388717800378799e-02 1.230298168957233429e-02 1.698604226112365723e-02 1.043255161494016647e-02 1.557875610888004303e-02 7.909405045211315155e-03 1.454642135649919510e-02 2.072823047637939453e-02 1.215988886542618275e-03 3.362479852512478828e-03 7.914629764854907990e-03 1.086859684437513351e-02 7.219356484711170197e-03 2.342601865530014038e-02
6.223738938570022583e-02 6.912858039140701294e-02 2.569567225873470306e-02 2.755299210548400879e-03 7.519400678575038910e-04 6.434099376201629639e-02 5.516039952635765076e-02 1.038907840847969055e-02 6.331556942313909531e-03 3.811018168926239014e-02 7.247144728899002075e-02 1.384956203401088715e-02 8.226318955421447754e-01 9.768117219209671021e-03 1.154494937509298325e-02 1.515979762189090252e-03 1.610603742301464081e-02 1.569196023046970367e-02 5.442874040454626083e-03 2.705004997551441193e-03 1.718195155262947083e-02 2.347826398909091949e-02 4.377241712063550949e-03 5.223250947892665863e-03 5.183341912925243378e-03 1.735128089785575867e-02 1.342740841209888458e-02 6.660781800746917725e-03 3.836722671985626221e-02 4.872351419180631638e-03 2.754370495676994324e-02 4.063494037836790085e-03 8.036368526518344879e-03 7.111751008778810501e-03 1.392554678022861481e-02 2.840842353180050850e-03 1.697350759059190750e-03 2.252746559679508209e-02 1.586880907416343689e-02 1.692667417228221893e-02 2.509840205311775208e-02 1.954994350671768188e-02 3.066537156701087952e-02 5.915608257055282593e-03 8.847371675074100494e-03 2.783517166972160339e-02 5.088626965880393982e-02 2.573217824101448059e-02 1.718142814934253693e-02 3.311941027641296387e-02 1.846680231392383575e-02 9.950969368219375610e-03 1.956367492675781250e-02 8.446077816188335419e-03 6.660730112344026566e-03 1.072361040860414505e-02 2.173082903027534485e-02 2.919850125908851624e-02 5.619775969535112381e-03 1.157179288566112518e-02 1.464110054075717926e-02 2.517013344913721085e-03 3.281918168067932129e-02 2.711491473019123077e-02 3.749994933605194092e-02 4.527865350246429443e-02 5.342347547411918640e-03 9.364192374050617218e-03 1.357914041727781296e-02 1.764897489920258522e-03 1.485655922442674637e-02 1.280707214027643204e-02 5.940606351941823959e-03 5.875818431377410889e-03 3.712602658197283745e-03 1.174331456422805786e-02 1.160172559320926666e-02 3.326508775353431702e-02 8.786126971244812012e-03 2.178185805678367615e-02 1.855216734111309052e-02 2.509898319840431213e-02 5.797876045107841492e-03 1.091007050126791000e-02 1.366973761469125748e-02 1.465977542102336884e-02 8.850557729601860046e-03 1.348167285323143005e-02 1.872330158948898315e-02 1.333754789084196091e-02 1.541022793389856815e-03 1.250459812581539154e-03 1.285793632268905640e-02 1.614487729966640472e-02 1.565137319266796112e-02 1.164912432432174683e-02 1.558834221214056015e-02 1.748738577589392662e-03 1.282676775008440018e-02 2.145095355808734894e-02 6.386413704603910446e-03 6.453935988247394562e-03 1.174989435821771622e-02 5.020573735237121582e-03 5.420723464339971542e-03 4.008034244179725647e-03 1.837463863193988800e-02 1.799603365361690521e-02 2.471937984228134155e-02 1.853084191679954529e-02 7.292062509804964066e-03 7.584674283862113953e-03 7.211081217974424362e-03 1.635308004915714264e-02 2.021793648600578308e-02 3.915820736438035965e-03
