8.323903083801269531e-01 8.644048124551773071e-02 2.900682156905531883e-03 2.380211651325225830e-02 1.996116340160369873e-02 8.032788336277008057e-02 6.609693914651870728e-02 6.408409681171178818e-03 2.371280716033652425e-04 2.074723318219184875e-02 7.244999706745147705e-02 1.137306634336709976e-02 5.785442888736724854e-02 4.235450178384780884e-03 5.681237671524286270e-03 2.469176985323429108e-02 2.543276362121105194e-02 5.256487056612968445e-03 3.150961128994822502e-03 8.380342274904251099e-03 8.815482258796691895e-03 1.025752443820238113e-02 1.394317951053380966e-03 1.450880081392824650e-03 8.292444050312042236e-03 9.807996451854705811e-03 4.091613460332155228e-03 3.226312808692455292e-03 2.072108350694179535e-02 8.012769743800163269e-03 2.081285044550895691e-02 1.522022794233635068e-04 1.150569692254066467e-02 2.602474298328161240e-03 1.053635869175195694e-02 1.081326324492692947e-02 2.616204088553786278e-03 8.781563374213874340e-04 2.367606759071350098e-02 1.291560195386409760e-02 1.427037362009286880e-02 1.009527404676191509e-04 5.764266476035118103e-03 2.256266959011554718e-02 3.305931389331817627e-02 3.417770937085151672e-02 5.433433130383491516e-02 2.750748582184314728e-02 3.228791058063507080e-02 3.569778427481651306e-02 4.954203031957149506e-03 5.028724204748868942e-03 2.541374228894710541e-02 8.749566040933132172e-03 1.760786585509777069e-02 9.218366816639900208e-03 1.754771173000335693e-02 2.143476717174053192e-02 9.735372848808765411e-03 1.592959836125373840e-02 1.536388415843248367e-02 1.517267432063817978e-02 2.213283814489841461e-02 1.128815580159425735e-02 1.732573658227920532e-02 1.569576933979988098e-02 1.808603666722774506e-02 1.868739910423755646e-02 2.321796678006649017e-02 2.204892039299011230e-02 2.096006460487842560e-02 8.216734975576400757e-03 2.771159820258617401e-02 1.555670704692602158e-02 2.136469446122646332e-02 1.582249812781810760e-02 1.554639078676700592e-02 1.360480673611164093e-02 2.951104380190372467e-02 3.658454492688179016e-02 2.010954171419143677e-02 2.374506741762161255e-02 9.696822613477706909e-03 4.569448938127607107e-04 1.750141754746437073e-02 2.710094489157199860e-02 9.817012585699558258e-03 6.214428227394819260e-03 2.024109847843647003e-02 2.209024270996451378e-03 2.081671543419361115e-02 4.989749751985073090e-03 2.163111977279186249e-02 8.441452868282794952e-03 3.315540030598640442e-03 1.423366018570959568e-03 3.793725976720452309e-03 1.028136350214481354e-02 1.319097634404897690e-02 1.086347457021474838e-02 1.611428149044513702e-02 5.525710992515087128e-03 6.855186540633440018e-03 7.765832357108592987e-03 1.904721558094024658e-02 3.374104388058185577e-03 2.397880889475345612e-03 2.740527968853712082e-03 2.710653934627771378e-03 8.194286376237869263e-03 3.643394680693745613e-03 2.911936957389116287e-03 3.833960974588990211e-03 1.856047473847866058e-02 5.981449503451585770e-03 2.137324959039688110e-02
8.644048124551773071e-02 8.323903083801269531e-01 8.600336732342839241e-04 2.663965709507465363e-02 2.855227515101432800e-02 7.083312422037124634e-02 6.713937222957611084e-02 1.241522748023271561e-02 2.258121967315673828e-03 1.527786999940872192e-02 6.243850290775299072e-02 8.301417343318462372e-03 5.929005146026611328e-02 5.101288203150033951e-03 7.268066052347421646e-03 2.541696839034557343e-02 2.430542744696140289e-02 1.873597968369722366e-03 3.201524028554558754e-03 1.707508228719234467e-02 1.242092251777648926e-02 1.088344771414995193e-02 3.314491361379623413e-03 1.871842308901250362e-03 5.883071571588516235e-04 1.351682655513286591e-02 5.523493746295571327e-04 5.690986290574073792e-03 2.105495147407054901e-02 1.424305606633424759e-02 2.194909565150737762e-02 5.293759051710367203e-03 6.250349804759025574e-03 9.640973061323165894e-03 9.997966699302196503e-03 1.143826264888048172e-02 1.653329702094197273e-03 1.685438794083893299e-03 2.723406068980693817e-02 2.032653614878654480e-02 2.408377081155776978e-02 3.358600661158561707e-03 5.635818932205438614e-03 2.653095126152038574e-02 2.974371984601020813e-02 2.802850119769573212e-02 5.215485766530036926e-02 3.220643475651741028e-02 2.819396182894706726e-02 2.741003595292568207e-02 7.549896836280822754e-03 1.225890032947063446e-02 3.346133977174758911e-02 1.680874079465866089e-02 1.886274665594100952e-02 3.193397540599107742e-03 1.770141161978244781e-02 2.505849115550518036e-02 1.209491118788719177e-02 1.980545558035373688e-02 1.138297747820615768e-02 1.522842794656753540e-02 2.955936454236507416e-02 1.254662312567234039e-02 1.326996833086013794e-02 1.810083352029323578e-02 1.088979374617338181e-02 1.431207545101642609e-02 1.884358003735542297e-02 1.958780549466609955e-02 2.134105935692787170e-02 1.046528201550245285e-02 2.783021889626979828e-02 1.907901465892791748e-02 2.431195043027400970e-02 1.478595007210969925e-02 1.410164404660463333e-02 4.868052434176206589e-03 2.324839122593402863e-02 2.764527685940265656e-02 2.189485542476177216e-02 2.776579372584819794e-02 1.244272105395793915e-02 3.180977189913392067e-03 1.635210216045379639e-02 2.583200670778751373e-02 1.083541288971900940e-02 4.482500720769166946e-03 1.879616081714630127e-02 4.955205135047435760e-03 2.423004060983657837e-02 9.356582537293434143e-03 2.695693634450435638e-02 7.004851475358009338e-03 1.134288776665925980e-02 4.453909117728471756e-03 1.450146082788705826e-03 1.280184928327798843e-02 1.174995396286249161e-02 1.418058946728706360e-02 1.704505644738674164e-02 1.017760299146175385e-02 9.911073371767997742e-03 3.900654846802353859e-03 2.058395370841026306e-02 1.189438719302415848e-02 4.579990636557340622e-03 1.444264431484043598e-03 4.005636146757751703e-04 4.149803891777992249e-03 8.013035170733928680e-03 9.297112934291362762e-03 9.715260239318013191e-04 1.990101300179958344e-02 7.033781148493289948e-03 2.885127626359462738e-02
2.900682156905531883e-03 8.600336732342839241e-04 8.323903083801269531e-01 6.343462504446506500e-03 2.385651925578713417e-03 3.062821924686431885e-03 5.493417847901582718e-03 1.591761410236358643e-02 9.183537331409752369e-04 1.006746664643287659e-02 2.506185090169310570e-03 5.069964099675416946e-04 5.538198747672140598e-04 4.332539625465869904e-03 2.790292911231517792e-02 9.678597562015056610e-03 1.360633410513401031e-02 1.281734649091959000e-02 1.173003669828176498e-02 6.915071979165077209e-03 1.185676362365484238e-02 5.807466339319944382e-03 3.466277197003364563e-02 3.615592047572135925e-02 4.614728037267923355e-03 1.450474746525287628e-02 7.452438585460186005e-03 2.679140307009220123e-03 3.674858715385198593e-03 1.591540873050689697e-02 8.223869837820529938e-03 2.333990670740604401e-02 2.077141031622886658e-02 1.604327932000160217e-02 2.973198331892490387e-02 1.118383649736642838e-02 1.734980568289756775e-02 3.230411186814308167e-02 8.575499989092350006e-03 1.244893111288547516e-02 6.690024398267269135e-03 1.140342932194471359e-02 2.590006962418556213e-02 1.593356602825224400e-03 1.057326514273881912e-02 9.609903208911418915e-03 1.394769456237554550e-02 1.090500131249427795e-02 1.567049697041511536e-02 1.218835357576608658e-02 3.469079965725541115e-03 1.290219090878963470e-02 6.556287873536348343e-03 1.005464978516101837e-02 3.239867044612765312e-03 1.494607981294393539e-02 8.201480377465486526e-04 1.553631294518709183e-02 2.115768007934093475e-02 1.927794888615608215e-02 6.949570961296558380e-04 7.252013310790061951e-03 7.634367328137159348e-03 1.152023766189813614e-02 9.165792725980281830e-03 1.904092030599713326e-03 1.893679611384868622e-02 9.743528440594673157e-03 3.243653045501559973e-04 5.829210858792066574e-03 4.461127333343029022e-03 3.328311024233698845e-03 2.323596039786934853e-03 1.208708155900239944e-02 4.870741628110408783e-03 3.673107596114277840e-03 3.623660653829574585e-03 1.871736836619675159e-03 1.874026260338723660e-03 1.780234090983867645e-02 4.278409853577613831e-02 4.917820170521736145e-02 8.750352077186107635e-03 3.283936064690351486e-03 8.004220202565193176e-03 1.400093780830502510e-03 1.217598281800746918e-02 4.312390927225351334e-03 8.120963349938392639e-03 8.286278694868087769e-03 5.937165580689907074e-03 5.559033248573541641e-03 8.199905976653099060e-03 8.617823012173175812e-03 1.429105643182992935e-02 4.224880598485469818e-03 9.110348299145698547e-03 1.199423428624868393e-02 1.462168991565704346e-02 2.900272235274314880e-02 1.528403442353010178e-02 1.907489635050296783e-02 1.334132999181747437e-02 1.772516220808029175e-02 1.111697964370250702e-02 1.232483610510826111e-02 7.936211302876472473e-03 6.408090237528085709e-03 6.658433005213737488e-03 1.534014753997325897e-02 2.881118841469287872e-02 1.646347716450691223e-02 2.909684181213378906e-02 1.430998556315898895e-02 3.504094853997230530e-02 1.091865915805101395e-02
2.380211651325225830e-02 2.663965709507465363e-02 6.343462504446506500e-03 8.323903083801269531e-01 7.511363178491592407e-02 2.732387278228998184e-03 2.094852924346923828e-02 1.789772883057594299e-02 9.205591864883899689e-03 1.294135954231023788e-02 2.404080517590045929e-02 1.170033775269985199e-02 3.423108533024787903e-02 1.248320098966360092e-03 5.704520735889673233e-03 2.142721600830554962e-02 1.435080077499151230e-02 9.345592930912971497e-03 3.019951283931732178e-02 6.229203194379806519e-03 1.350161246955394745e-02 2.644064137712121010e-03 9.726420976221561432e-03 1.612452790141105652e-02 1.176930684596300125e-02 1.983125507831573486e-02 1.585843390785157681e-03 1.811032183468341827e-02 1.425897888839244843e-02 1.116282399743795395e-02 2.140234224498271942e-02 4.996839445084333420e-03 4.757211543619632721e-03 1.612405106425285339e-02 7.998351356945931911e-04 2.750432584434747696e-03 4.495056811720132828e-03 9.438474080525338650e-04 5.342716723680496216e-02 4.179128631949424744e-02 1.038710772991180420e-02 2.614221069961786270e-03 8.188898675143718719e-03 2.115101087838411331e-03 2.355588786303997040e-02 1.695433398708701134e-03 1.085696462541818619e-02 2.234482392668724060e-02 3.091304562985897064e-02 7.776558399200439453e-03 1.396636478602886200e-03 1.739418366923928261e-03 2.088746987283229828e-02 6.569776684045791626e-03 2.217082679271697998e-02 9.872001595795154572e-03 3.562288358807563782e-02 4.036746546626091003e-02 1.659310795366764069e-02 2.587166428565979004e-02 1.657577231526374817e-02 3.507648035883903503e-02 1.874989271163940430e-02 1.117809396237134933e-02 1.658859848976135254e-02 1.783060282468795776e-02 1.508328597992658615e-02 4.477510228753089905e-03 1.874674297869205475e-02 4.557782784104347229e-03 3.284314274787902832e-02 5.480180028825998306e-03 6.214841827750205994e-02 7.278751581907272339e-03 5.153472721576690674e-02 1.053168997168540955e-02 3.059087553992867470e-03 3.430371731519699097e-02 2.218991890549659729e-02 4.690995265264064074e-04 2.686864323914051056e-02 3.497724980115890503e-02 2.495108172297477722e-02 2.000141330063343048e-02 5.787211470305919647e-03 2.698310418054461479e-03 2.488842792809009552e-02 1.181173138320446014e-03 1.906046457588672638e-02 3.220980986952781677e-02 1.093954429961740971e-03 1.864368654787540436e-02 2.024748176336288452e-02 2.408868633210659027e-03 1.455913204699754715e-02 3.430606157053261995e-04 1.628849282860755920e-02 1.099507603794336319e-02 2.743464661762118340e-03 1.200000662356615067e-02 4.937816411256790161e-03 7.153352722525596619e-03 7.348640821874141693e-03 1.273651869269087911e-04 1.172811631113290787e-02 1.032976992428302765e-02 8.301112800836563110e-03 4.159724339842796326e-02 1.088445354253053665e-02 4.578914865851402283e-02 1.509436964988708496e-02 1.662329770624637604e-02 5.440652836114168167e-03 3.777678823098540306e-03 1.096071396023035049e-02 1.892986521124839783e-02
1.996116340160369873e-02 2.855227515101432800e-02 2.385651925578713417e-03 7.511363178491592407e-02 8.323903083801269531e-01 1.109123509377241135e-02 2.583450265228748322e-02 7.637529168277978897e-03 1.983912475407123566e-02 1.745002716779708862e-02 1.696270704269409180e-02 5.632647313177585602e-03 2.879082597792148590e-02 4.969688598066568375e-03 1.086395815946161747e-03 2.330785989761352539e-02 1.931159012019634247e-02 1.051705610007047653e-02 4.011545330286026001e-02 1.147020235657691956e-02 1.383266504853963852e-02 3.564403159543871880e-03 1.142942067235708237e-02 1.492119301110506058e-02 1.651009730994701385e-02 1.992004550993442535e-02 1.585763995535671711e-03 1.900159195065498352e-02 5.022878292948007584e-03 1.099431514739990234e-02 1.267081871628761292e-02 4.448798950761556625e-03 2.935848664492368698e-03 1.871944032609462738e-02 9.502020664513111115e-03 9.006425389088690281e-04 1.120070461183786392e-02 8.243911899626255035e-03 5.283770710229873657e-02 4.531748965382575989e-02 1.084185857325792313e-02 2.241500478703528643e-04 7.440266665071249008e-03 2.030331268906593323e-02 1.772022992372512817e-02 6.531555205583572388e-03 1.937907002866268158e-02 2.334412559866905212e-02 3.143455833196640015e-02 1.860073418356478214e-03 6.166028324514627457e-04 4.521950148046016693e-03 2.851748466491699219e-02 2.379239350557327271e-02 2.226752601563930511e-02 1.058986876159906387e-02 3.404554352164268494e-02 3.992476686835289001e-02 1.317311171442270279e-02 3.033317625522613525e-02 9.701097384095191956e-03 3.207920491695404053e-02 2.601485326886177063e-02 2.619897946715354919e-02 8.906510658562183380e-03 1.165709458291530609e-02 1.650358922779560089e-02 3.902014810591936111e-03 8.261386305093765259e-03 1.645245240069925785e-03 3.125300258398056030e-02 1.168324332684278488e-02 5.508457124233245850e-02 2.511942759156227112e-03 5.504239350557327271e-02 6.101039238274097443e-03 2.980428515002131462e-03 4.059111699461936951e-02 1.512166019529104233e-02 8.520775474607944489e-03 3.361859172582626343e-02 4.437587410211563110e-02 2.693145535886287689e-02 3.706175461411476135e-02 3.706094576045870781e-03 1.310889958404004574e-03 2.515153586864471436e-02 1.817441778257489204e-03 1.356127299368381500e-02 3.050540760159492493e-02 5.592294503003358841e-03 1.525780186057090759e-02 2.253255248069763184e-02 8.980963379144668579e-03 9.961936622858047485e-03 1.081452425569295883e-02 1.043728459626436234e-02 1.882697828114032745e-02 1.995674101635813713e-03 8.951824158430099487e-03 1.402874756604433060e-02 1.291575282812118530e-02 1.746601611375808716e-02 2.525930991396307945e-03 1.054832711815834045e-02 1.297475490719079971e-02 8.306741714477539062e-03 2.418717369437217712e-02 1.434875745326280594e-02 3.813298046588897705e-02 7.122269831597805023e-03 4.703216254711151123e-03 5.492259748280048370e-03 2.478306414559483528e-03 2.138850511983036995e-03 2.719800919294357300e-02
8.032788336277008057e-02 7.083312422037124634e-02 3.062821924686431885e-03 2.732387278228998184e-03 1.109123509377241135e-02 8.323903083801269531e-01 9.405929595232009888e-02 6.015911698341369629e-03 2.087645232677459717e-03 1.574439927935600281e-02 4.777431860566139221e-02 4.016439616680145264e-02 4.106429219245910645e-02 3.100235760211944580e-02 1.592694025021046400e-04 1.626532711088657379e-02 1.966416090726852417e-02 3.103630151599645615e-04 1.020884234458208084e-02 1.350702065974473953e-02 9.876666590571403503e-03 6.059127859771251678e-03 1.017480343580245972e-02 4.595304373651742935e-03 3.761721542105078697e-03 8.895024657249450684e-03 1.628154306672513485e-03 6.920140702277421951e-03 2.719569485634565353e-03 3.498894802760332823e-04 3.427336632739752531e-04 9.726430289447307587e-03 7.452100515365600586e-03 5.998840555548667908e-03 1.002197712659835815e-02 1.644636876881122589e-02 2.061157021671533585e-03 1.227763853967189789e-02 1.382205169647932053e-02 1.474653650075197220e-02 3.397728130221366882e-02 3.472430165857076645e-03 6.579313892871141434e-03 2.785911224782466888e-02 1.719478890299797058e-02 2.803133614361286163e-02 7.294436544179916382e-02 2.703162655234336853e-02 3.057698160409927368e-02 2.692168951034545898e-02 3.423447953537106514e-03 5.449308082461357117e-03 5.013196263462305069e-03 2.079773461446166039e-03 7.506875786930322647e-03 8.747351239435374737e-04 9.511858224868774414e-03 1.396995410323143005e-02 4.620627034455537796e-03 2.830198034644126892e-03 1.202236954122781754e-02 7.540587685070931911e-04 2.317958138883113861e-02 1.241333223879337311e-02 7.787634152919054031e-03 4.967212211340665817e-03 8.273344486951828003e-03 9.905386716127395630e-03 9.675654582679271698e-03 3.909918665885925293e-02 1.111962087452411652e-02 2.015968784689903259e-02 1.315196510404348373e-02 3.050101920962333679e-02 1.165475323796272278e-02 1.948661543428897858e-02 1.045042555779218674e-02 1.460363622754812241e-02 1.536513492465019226e-02 3.144749253988265991e-02 1.484744623303413391e-02 6.903737317770719528e-03 4.669601097702980042e-03 3.482198808342218399e-03 5.935122724622488022e-03 1.587571203708648682e-02 9.261621162295341492e-03 2.933518495410680771e-03 1.054035872220993042e-02 9.935161098837852478e-03 1.343124452978372574e-02 1.276157796382904053e-02 1.328566484153270721e-02 1.504131406545639038e-02 3.664485411718487740e-03 3.027876839041709900e-03 4.183094482868909836e-03 1.465326640754938126e-02 9.505885653197765350e-03 9.204717352986335754e-03 2.057291939854621887e-02 1.005848590284585953e-02 6.753366440534591675e-03 1.602594181895256042e-02 9.818722493946552277e-03 1.245396211743354797e-03 9.822227992117404938e-03 1.733987033367156982e-02 7.322439458221197128e-03 2.443014644086360931e-02 2.148041315376758575e-02 1.552608143538236618e-02 6.730291061103343964e-03 2.409501560032367706e-02 1.327226869761943817e-03 1.751421764492988586e-02
6.609693914651870728e-02 6.713937222957611084e-02 5.493417847901582718e-03 2.094852924346923828e-02 2.583450265228748322e-02 9.405929595232009888e-02 8.323903083801269531e-01 1.505090855062007904e-02 9.034386603161692619e-04 6.719324272125959396e-03 3.415796160697937012e-02 1.641199365258216858e-02 3.761522844433784485e-02 1.962372846901416779e-02 3.861594595946371555e-04 1.107462309300899506e-02 1.017791125923395157e-02 7.418500259518623352e-03 3.183650784194469452e-03 1.747965626418590546e-02 1.285757683217525482e-02 1.530129462480545044e-03 1.696817576885223389e-02 1.816215552389621735e-02 1.024256832897663116e-02 1.890225335955619812e-02 2.750330604612827301e-03 4.840600304305553436e-03 4.377753473818302155e-03 9.136329405009746552e-03 3.473281627520918846e-03 8.564947172999382019e-03 1.357941888272762299e-03 1.266340445727109909e-02 1.378750987350940704e-02 2.544340491294860840e-02 4.182349890470504761e-03 1.335612498223781586e-02 1.948625780642032623e-02 2.108863927423954010e-02 4.579205438494682312e-02 6.677965167909860611e-03 9.648684412240982056e-03 3.550113365054130554e-02 2.613647282123565674e-02 2.455510385334491730e-02 6.496735662221908569e-02 3.281266614794731140e-02 2.836996689438819885e-02 1.378179807215929031e-02 4.549080971628427505e-03 1.695109158754348755e-02 8.153799921274185181e-03 5.420353729277849197e-03 1.133960485458374023e-02 3.263181075453758240e-03 1.909065060317516327e-02 2.899273298680782318e-02 4.423078615218400955e-03 1.295710331760346889e-03 1.018642261624336243e-02 7.905523292720317841e-03 3.473419696092605591e-02 1.770385354757308960e-02 2.929910318925976753e-03 1.329790567979216576e-03 3.199857019353657961e-05 1.651326660066843033e-03 7.633927278220653534e-03 2.792108431458473206e-02 1.482371706515550613e-02 1.593686453998088837e-02 1.520617306232452393e-02 1.604149676859378815e-02 1.277413126081228256e-02 5.278310738503932953e-03 7.742757443338632584e-03 9.657324291765689850e-03 1.366014312952756882e-02 1.146749500185251236e-02 2.136413007974624634e-02 1.254368480294942856e-02 6.541932467371225357e-03 1.087715383619070053e-02 2.525649033486843109e-03 2.565189730376005173e-03 1.301207020878791809e-02 1.291818800382316113e-03 1.430837158113718033e-02 5.750330630689859390e-03 1.009050942957401276e-02 1.883604563772678375e-02 1.357095316052436829e-02 1.231910474598407745e-02 2.055159024894237518e-02 9.196641854941844940e-03 4.964921157807111740e-03 9.257921949028968811e-03 1.504962425678968430e-02 2.007495425641536713e-02 2.334250696003437042e-02 1.914083771407604218e-02 6.022071465849876404e-03 9.407377801835536957e-03 1.454076915979385376e-02 1.162413414567708969e-02 5.759209394454956055e-03 7.570359855890274048e-03 1.819886080920696259e-02 7.915441878139972687e-03 2.670743502676486969e-02 2.763287164270877838e-02 5.499609396792948246e-04 1.150427572429180145e-02 6.698409561067819595e-03 2.440481446683406830e-02
6.408409681171178818e-03 1.241522748023271561e-02 1.591761410236358643e-02 1.789772883057594299e-02 7.637529168277978897e-03 6.015911698341369629e-03 1.505090855062007904e-02 8.323903083801269531e-01 2.288559824228286743e-02 9.689719416201114655e-03 1.297830883413553238e-02 1.027399580925703049e-02 2.596702240407466888e-02 1.112319435924291611e-02 4.592803865671157837e-02 1.444239914417266846e-02 1.985641755163669586e-02 8.616977371275424957e-03 1.229499932378530502e-02 1.218213140964508057e-02 2.325826697051525116e-02 1.005782652646303177e-02 1.428655441850423813e-02 6.753804627805948257e-03 2.369798533618450165e-02 1.831206679344177246e-02 3.553274646401405334e-02 1.380143500864505768e-02 6.620748434215784073e-03 5.649347323924303055e-03 6.051226984709501266e-03 1.324474904686212540e-02 1.850581169128417969e-02 2.315119840204715729e-02 2.905482240021228790e-02 6.605731789022684097e-03 5.863691214472055435e-03 4.894020967185497284e-04 2.435810118913650513e-02 1.497307326644659042e-02 1.055960636585950851e-02 7.307162508368492126e-03 7.856004871428012848e-03 4.251935705542564392e-02 1.139780855737626553e-03 3.444694448262453079e-03 1.622969470918178558e-02 4.540665540844202042e-03 8.364043897017836571e-04 1.191845722496509552e-02 7.574680726975202560e-03 2.340707555413246155e-02 1.948101259768009186e-02 2.000423707067966461e-02 2.608515322208404541e-03 1.015366613864898682e-02 2.519975975155830383e-02 1.984355598688125610e-02 1.103935390710830688e-02 7.016566116362810135e-03 1.600752025842666626e-02 1.017610169947147369e-02 2.113843569532036781e-03 6.962287239730358124e-03 1.004195399582386017e-02 6.926689762622117996e-03 7.448320742696523666e-03 6.117119453847408295e-03 1.402905397117137909e-02 2.998768351972103119e-03 2.542134188115596771e-02 5.275812000036239624e-03 2.133713290095329285e-02 9.073717519640922546e-03 1.310627814382314682e-02 5.573283415287733078e-04 1.804924942553043365e-02 2.736723981797695160e-02 1.497988216578960419e-02 1.076568197458982468e-02 3.640460968017578125e-02 2.637035446241497993e-03 1.106272917240858078e-02 5.247785244137048721e-03 1.255042105913162231e-02 4.830580437555909157e-04 6.329326331615447998e-02 5.910969898104667664e-02 1.793501339852809906e-02 1.267827954143285751e-02 6.721990182995796204e-03 9.429998695850372314e-03 2.142334356904029846e-03 1.261409930884838104e-02 1.959746889770030975e-02 3.429325064644217491e-03 2.383082639425992966e-03 1.452760770916938782e-02 9.685054421424865723e-03 5.450877360999584198e-03 1.136054378002882004e-02 6.027141585946083069e-03 5.436391569674015045e-03 6.778440903872251511e-03 7.445985451340675354e-03 3.663669107481837273e-03 2.130707353353500366e-02 2.475386485457420349e-02 2.099739154800772667e-03 1.923313364386558533e-02 3.070885548368096352e-03 2.058755839243531227e-03 9.997788816690444946e-03 3.582300152629613876e-03 1.968754688277840614e-03 1.184436865150928497e-02
2.371280716033652425e-04 2.258121967315673828e-03 9.183537331409752369e-04 9.205591864883899689e-03 1.983912475407123566e-02 2.087645232677459717e-03 9.034386603161692619e-04 2.288559824228286743e-02 8.323903083801269531e-01 3.615345805883407593e-02 1.735668396577239037e-03 1.692390814423561096e-02 3.025466110557317734e-03 3.891316428780555725e-02 6.128574721515178680e-03 2.422778308391571045e-02 2.500473707914352417e-02 4.948660358786582947e-02 2.443086914718151093e-02 1.915207877755165100e-02 2.811446040868759155e-02 1.518108975142240524e-02 2.856290712952613831e-02 1.164531521499156952e-02 1.887583732604980469e-02 1.059997733682394028e-02 9.966173209249973297e-03 2.150545641779899597e-02 7.028765045106410980e-03 3.549984470009803772e-02 3.574924776330590248e-03 2.910584397614002228e-02 1.767998002469539642e-02 1.831271871924400330e-02 6.098825950175523758e-03 1.544702239334583282e-02 6.732319481670856476e-03 6.507847923785448074e-03 1.390546909533441067e-03 7.027122774161398411e-04 8.603996597230434418e-03 3.344295173883438110e-02 1.922329887747764587e-02 3.738597035408020020e-03 2.274190261960029602e-02 2.623588405549526215e-02 3.043378470465540886e-03 5.388039164245128632e-03 2.149479836225509644e-02 1.612917520105838776e-02 2.152105793356895447e-02 1.899058930575847626e-02 7.894443348050117493e-03 8.235135115683078766e-03 5.000640451908111572e-02 1.346805691719055176e-02 2.658662386238574982e-02 1.019894797354936600e-02 9.807470254600048065e-03 2.201786078512668610e-02 4.641777276992797852e-02 2.715760283172130585e-02 6.127179600298404694e-03 1.468155067414045334e-03 3.645648015663027763e-03 7.357642170973122120e-04 1.983070187270641327e-02 2.183913998305797577e-02 4.954003170132637024e-02 2.494516409933567047e-02 1.873267255723476410e-02 4.467822611331939697e-02 4.072270356118679047e-03 8.153874077834188938e-04 5.185954738408327103e-03 3.563513234257698059e-02 6.906107068061828613e-02 8.965926244854927063e-03 4.024980962276458740e-02 1.075333729386329651e-02 1.427898276597261429e-02 6.582738831639289856e-03 2.037061005830764771e-02 1.094435434788465500e-02 2.129243314266204834e-02 3.466579364612698555e-03 2.595197223126888275e-02 1.492589339613914490e-02 4.296391829848289490e-02 1.097444444894790649e-02 1.402323786169290543e-02 9.415935724973678589e-03 2.913284581154584885e-03 2.621582709252834320e-02 1.987945847213268280e-02 9.262297302484512329e-03 2.103289589285850525e-03 3.026057779788970947e-02 3.955694288015365601e-02 1.285400521010160446e-02 1.307220198214054108e-02 2.628433285281062126e-03 3.911514300853013992e-03 1.694911904633045197e-02 4.355531651526689529e-03 7.705734577029943466e-03 1.560623385012149811e-02 1.589010655879974365e-02 9.753845632076263428e-03 3.091997001320123672e-03 4.111451562494039536e-03 1.747513934969902039e-02 1.632942259311676025e-02 1.774414815008640289e-02 1.362141128629446030e-02 5.792497657239437103e-03
2.074723318219184875e-02 1.527786999940872192e-02 1.006746664643287659e-02 1.294135954231023788e-02 1.745002716779708862e-02 1.574439927935600281e-02 6.719324272125959396e-03 9.689719416201114655e-03 3.615345805883407593e-02 8.323903083801269531e-01 1.947331987321376801e-02 3.723548725247383118e-02 6.927745882421731949e-03 1.870140247046947479e-02 3.427059156820178032e-03 1.223166380077600479e-02 1.578697934746742249e-02 2.406266704201698303e-02 4.208320751786231995e-02 1.679909229278564453e-02 2.359825745224952698e-02 1.990406541153788567e-03 2.453449741005897522e-02 3.352870047092437744e-02 3.262024745345115662e-02 2.848692797124385834e-02 2.197563415393233299e-03 2.072098851203918457e-02 8.924415335059165955e-03 2.820771886035799980e-03 9.814175777137279510e-03 1.632037572562694550e-02 1.352646108716726303e-02 3.478809446096420288e-02 9.101315401494503021e-03 1.023585558868944645e-03 2.155074104666709900e-02 6.690035574138164520e-03 1.150187570601701736e-02 5.484899505972862244e-03 3.877262352034449577e-03 1.803551241755485535e-02 2.568817324936389923e-02 1.099899690598249435e-02 1.691351085901260376e-02 5.439837463200092316e-03 5.882390309125185013e-03 3.161387518048286438e-03 1.038161385804414749e-02 6.004748120903968811e-02 1.249613706022500992e-03 4.358727019280195236e-03 1.389265898615121841e-02 2.586486516520380974e-03 2.295219153165817261e-02 5.764551088213920593e-02 7.558192126452922821e-03 2.477868460118770599e-02 7.022973150014877319e-03 4.100163001567125320e-03 1.833373680710792542e-02 4.305611550807952881e-02 1.249859761446714401e-02 3.792401868849992752e-03 1.155135035514831543e-02 9.338008239865303040e-04 8.984821848571300507e-03 3.221277520060539246e-02 1.758226193487644196e-02 2.274614013731479645e-02 2.894886769354343414e-02 9.212328121066093445e-03 3.645050164777785540e-04 2.892030589282512665e-02 2.970770234242081642e-03 4.359679296612739563e-03 1.082330569624900818e-02 6.214399635791778564e-02 1.750911213457584381e-02 5.907780677080154419e-02 9.239260107278823853e-03 9.656593319959938526e-04 3.893675515428185463e-03 3.118452057242393494e-02 3.095163591206073761e-02 3.542266041040420532e-02 4.008590243756771088e-03 2.859635744243860245e-03 1.316943555139005184e-03 5.721141397953033447e-02 7.096229586750268936e-03 2.693730639293789864e-03 3.934470587410032749e-04 1.062390301376581192e-02 1.594517379999160767e-03 4.349593538790941238e-03 2.049495652318000793e-02 1.461984775960445404e-02 1.139486674219369888e-02 2.211448363959789276e-02 1.106164976954460144e-02 1.090900227427482605e-02 1.123116258531808853e-02 5.077918831375427544e-05 3.148060292005538940e-03 8.902660571038722992e-03 9.152455255389213562e-03 1.777529832907021046e-04 2.176694385707378387e-02 1.886162161827087402e-02 1.004624366760253906e-02 1.001804880797863007e-02 1.272147521376609802e-02 9.516168385744094849e-03 1.951640844345092773e-02 3.932075574994087219e-03
7.244999706745147705e-02 6.243850290775299072e-02 2.506185090169310570e-03 2.404080517590045929e-02 1.696270704269409180e-02 4.777431860566139221e-02 3.415796160697937012e-02 1.297830883413553238e-02 1.735668396577239037e-03 1.947331987321376801e-02 8.323903083801269531e-01 7.394494488835334778e-03 6.589528918266296387e-02 1.094654668122529984e-02 7.411226164549589157e-03 2.177281118929386139e-02 1.896851509809494019e-02 1.219041831791400909e-02 1.130640786141157150e-02 1.327501609921455383e-03 7.514146622270345688e-03 1.968369446694850922e-02 1.326653407886624336e-03 8.820849470794200897e-03 7.230725605040788651e-03 8.547808974981307983e-03 9.887546300888061523e-03 9.412754327058792114e-03 4.394294321537017822e-02 1.129685551859438419e-03 3.665293753147125244e-02 5.140882916748523712e-03 1.062675286084413528e-02 8.847301942296326160e-04 1.577413082122802734e-02 7.044512312859296799e-03 6.779726827517151833e-04 7.492445874959230423e-03 1.710026152431964874e-02 7.031835149973630905e-03 1.095781102776527405e-03 6.596248131245374680e-03 1.439448446035385132e-02 1.392706111073493958e-02 2.641226351261138916e-02 2.592758089303970337e-02 4.723289981484413147e-02 2.991897426545619965e-02 2.270606905221939087e-02 1.964148133993148804e-02 1.116998679935932159e-02 1.347942557185888290e-02 3.019196912646293640e-02 1.277853455394506454e-02 4.348033689893782139e-04 7.889400236308574677e-03 2.077696658670902252e-02 2.307718433439731598e-02 1.717455871403217316e-02 3.228551521897315979e-02 2.190998941659927368e-02 2.483616769313812256e-02 1.809594221413135529e-02 1.540691498667001724e-02 4.728706181049346924e-02 3.909968212246894836e-02 2.224281802773475647e-02 1.906297728419303894e-02 2.478827349841594696e-02 6.376743316650390625e-03 2.110032923519611359e-02 9.787824936211109161e-03 2.888799645006656647e-02 7.165065500885248184e-03 2.115743421018123627e-02 1.026827190071344376e-02 1.520531717687845230e-02 2.519295923411846161e-02 2.484436333179473877e-02 3.514049202203750610e-02 7.682206109166145325e-03 7.361201569437980652e-03 1.998418197035789490e-02 7.563839666545391083e-03 2.221875265240669250e-02 3.023490123450756073e-02 1.035495474934577942e-02 1.503458712249994278e-02 2.251423709094524384e-02 2.285005757585167885e-03 3.209902718663215637e-02 2.079560980200767517e-02 3.078831732273101807e-02 5.427654366940259933e-03 1.755950856022536755e-03 2.422332996502518654e-03 5.186749622225761414e-03 1.266490551643073559e-03 4.444108810275793076e-03 4.212290514260530472e-03 6.461013108491897583e-03 5.664649070240557194e-04 1.505422871559858322e-02 1.579137705266475677e-02 1.834293082356452942e-02 8.759530610404908657e-04 2.172347856685519218e-03 1.219162810593843460e-02 8.467308362014591694e-04 7.752514444291591644e-03 2.187459170818328857e-02 1.543096546083688736e-02 7.468993309885263443e-03 2.089240960776805878e-02 2.443494647741317749e-02 4.235388245433568954e-03
1.137306634336709976e-02 8.301417343318462372e-03 5.069964099675416946e-04 1.170033775269985199e-02 5.632647313177585602e-03 4.016439616680145264e-02 1.641199365258216858e-02 1.027399580925703049e-02 1.692390814423561096e-02 3.723548725247383118e-02 7.394494488835334778e-03 8.323903083801269531e-01 9.096643887460231781e-03 8.438915759325027466e-02 4.256797954440116882e-03 1.010566577315330505e-02 1.320851221680641174e-02 3.135101869702339172e-02 4.065030068159103394e-02 9.661108924774453044e-05 8.790707215666770935e-03 2.342344820499420166e-02 1.844059489667415619e-02 1.846427097916603088e-02 1.589941792190074921e-02 1.339603587985038757e-02 1.259594131261110306e-02 6.189047172665596008e-02 1.398160401731729507e-02 4.996554553508758545e-02 2.112951502203941345e-02 5.612066946923732758e-03 6.583992857486009598e-03 7.861553691327571869e-03 5.084222648292779922e-03 1.017714571207761765e-02 1.084308698773384094e-02 4.810036625713109970e-03 1.422378700226545334e-03 9.835448116064071655e-03 4.333524033427238464e-03 2.065604738891124725e-02 2.890895493328571320e-02 1.069223857484757900e-03 3.482319414615631104e-02 1.392586901783943176e-02 6.070939358323812485e-03 4.732416477054357529e-03 6.264905910938978195e-03 2.787454240024089813e-02 1.934206858277320862e-02 1.090036798268556595e-02 9.693508036434650421e-03 2.117154188454151154e-02 1.944407820701599121e-02 2.984229102730751038e-02 1.356388442218303680e-02 2.250778675079345703e-02 5.226048640906810760e-03 7.057830225676298141e-03 1.801468431949615479e-02 2.734925225377082825e-02 1.276852376759052277e-02 6.220411974936723709e-03 6.337597500532865524e-03 2.166129834949970245e-02 8.364840410649776459e-03 1.314302347600460052e-02 8.622895926237106323e-03 4.567260667681694031e-02 5.808120127767324448e-03 3.467358648777008057e-02 8.077190257608890533e-03 3.203190118074417114e-02 7.545998785644769669e-03 3.933228552341461182e-03 2.698111056815832853e-04 1.213672338053584099e-03 5.829581059515476227e-03 1.831045374274253845e-02 1.172379776835441589e-02 7.828301750123500824e-03 2.031657099723815918e-02 2.727442607283592224e-02 8.391458541154861450e-03 6.658267229795455933e-03 1.066683698445558548e-02 1.140214502811431885e-02 1.202203426510095596e-02 2.242207899689674377e-02 8.785955607891082764e-03 1.936968602240085602e-02 1.319257821887731552e-02 1.883964799344539642e-02 1.149530801922082901e-02 1.445193029940128326e-02 5.329154664650559425e-04 2.407634817063808441e-02 1.165500283241271973e-02 6.932917051017284393e-03 5.946212448179721832e-03 1.587742194533348083e-02 5.227042362093925476e-03 1.527905743569135666e-02 1.888211257755756378e-02 2.848462201654911041e-02 1.699718087911605835e-02 1.328815426677465439e-02 1.661003753542900085e-02 3.337182849645614624e-02 4.030219744890928268e-03 3.906865604221820831e-03 1.523329690098762512e-02 1.344626676291227341e-02 8.506054873578250408e-04 1.664094999432563782e-02
5.785442888736724854e-02 5.929005146026611328e-02 5.538198747672140598e-04 3.423108533024787903e-02 2.879082597792148590e-02 4.106429219245910645e-02 3.761522844433784485e-02 2.596702240407466888e-02 3.025466110557317734e-03 6.927745882421731949e-03 6.589528918266296387e-02 9.096643887460231781e-03 8.323903083801269531e-01 3.231372917070984840e-03 1.528130657970905304e-02 2.257912419736385345e-02 2.310530841350555420e-02 5.456165410578250885e-03 1.307061221450567245e-02 1.423093606717884541e-03 6.410613656044006348e-03 1.996295899152755737e-02 1.868746359832584858e-03 8.315366692841053009e-03 4.110395442694425583e-03 9.559994563460350037e-03 1.009137369692325592e-02 1.719945226795971394e-03 4.462575912475585938e-02 3.289020620286464691e-03 4.478144645690917969e-02 1.300169737078249454e-03 5.160612054169178009e-03 7.859818637371063232e-03 1.869546063244342804e-02 1.565353362821042538e-03 1.243010861799120903e-03 1.108482107520103455e-02 2.937750890851020813e-02 1.861897855997085571e-02 7.273579947650432587e-03 1.218030601739883423e-02 1.404595561325550079e-02 2.493469230830669403e-02 2.951980009675025940e-02 1.843721233308315277e-02 4.589042440056800842e-02 4.364910349249839783e-02 1.943501271307468414e-02 4.280547611415386200e-03 1.486661564558744431e-02 1.191977225244045258e-02 3.579704463481903076e-02 1.863919757306575775e-02 4.237637855112552643e-03 1.542377844452857971e-02 2.207359299063682556e-02 2.508841827511787415e-02 1.647423766553401947e-02 3.800394386053085327e-02 1.704733632504940033e-02 2.317647263407707214e-02 2.729881741106510162e-02 2.187401242554187775e-02 4.552416503429412842e-02 5.034423246979713440e-02 1.797418110072612762e-02 1.785316318273544312e-02 2.208217978477478027e-02 6.498327013105154037e-03 2.951675094664096832e-02 1.036521978676319122e-02 3.286600857973098755e-02 6.064219865947961807e-03 2.693162672221660614e-02 1.988084288313984871e-03 9.142201393842697144e-03 6.807530298829078674e-03 2.779071591794490814e-02 2.572605013847351074e-02 1.751957461237907410e-02 1.587375625967979431e-02 2.216322906315326691e-02 1.353245228528976440e-02 2.615773491561412811e-02 2.934710122644901276e-02 3.867555176839232445e-03 2.943525090813636780e-02 1.916967518627643585e-02 8.862221613526344299e-03 3.571564704179763794e-02 1.401123963296413422e-02 4.221949726343154907e-02 1.284591294825077057e-02 3.498509293422102928e-03 5.385803524404764175e-03 3.798588644713163376e-03 8.346952963620424271e-04 2.948867157101631165e-03 7.561597158201038837e-04 6.671610288321971893e-03 1.195654924958944321e-02 1.914563402533531189e-02 1.878678798675537109e-02 2.043411135673522949e-02 6.867124233394861221e-03 9.688276331871747971e-04 1.973907835781574249e-02 1.523924409411847591e-03 1.845220290124416351e-02 9.856336750090122223e-03 1.100087258964776993e-02 1.047426182776689529e-02 2.485069632530212402e-02 2.133764885365962982e-02 1.008596923202276230e-02
