8.260747790336608887e-01 1.114065349102020264e-01 1.594508625566959381e-02 2.199751324951648712e-02 1.877499977126717567e-03 1.183084119111299515e-02 2.265132218599319458e-02 2.458553016185760498e-02 1.157242245972156525e-02 1.543633453547954559e-02 2.681994438171386719e-02 1.969746313989162445e-02 5.953280720859766006e-03 2.857057377696037292e-02 1.330349408090114594e-02 2.038183063268661499e-02 1.609268411993980408e-02 1.821792684495449066e-02 1.656916551291942596e-02 8.275602012872695923e-03 1.561928261071443558e-02 5.059000570327043533e-03 1.811542734503746033e-02 1.327938400208950043e-02 2.210871502757072449e-02 1.549971289932727814e-02 1.235192827880382538e-02 7.083271630108356476e-03 1.061333715915679932e-02 6.538786459714174271e-03 2.216928265988826752e-02 1.668280735611915588e-02 2.520736306905746460e-02 1.276764739304780960e-02 8.105258457362651825e-03 2.738909609615802765e-02 3.431249409914016724e-02 1.541211921721696854e-02 2.719138376414775848e-02 1.988066919147968292e-02 2.385985106229782104e-03 7.568516302853822708e-03 4.105817060917615891e-03 1.280945609323680401e-03 9.170628152787685394e-03 8.154193870723247528e-03 7.538028527051210403e-03 8.036143146455287933e-03 6.679477635771036148e-03 1.667046686634421349e-03 3.488035500049591064e-02 2.828374505043029785e-02 2.633170224726200104e-02 3.907077759504318237e-02 2.405070466920733452e-03 1.433008816093206406e-03 1.915554143488407135e-02 2.077255584299564362e-02 2.086787857115268707e-02 9.478446096181869507e-03 2.920363098382949829e-02 1.351014990359544754e-02 8.143627201206982136e-04 1.160240639001131058e-02 1.620223931968212128e-02 2.273629978299140930e-02 9.265463799238204956e-03 6.789634935557842255e-03 1.277284510433673859e-02 1.060365885496139526e-02 3.870717715471982956e-03 6.404938641935586929e-03 1.154216378927230835e-02 2.906260546296834946e-03 2.289805095642805099e-03 2.308430848643183708e-03 2.281246008351445198e-03 1.152469310909509659e-02 7.269829045981168747e-03 2.761635743081569672e-02 1.042044535279273987e-02 7.882108911871910095e-03 1.933161914348602295e-02 5.526896566152572632e-03 3.677213797345757484e-03 2.163146389648318291e-03 1.069077849388122559e-02 1.505738217383623123e-02 3.376526990905404091e-03 5.208133254200220108e-03 1.972056180238723755e-02 8.814018219709396362e-03 1.712637208402156830e-02 5.561369936913251877e-03 4.261508584022521973e-03 1.587671600282192230e-02 6.212015869095921516e-04 9.696011547930538654e-04 6.472434382885694504e-03 2.078919112682342529e-02 1.871663704514503479e-02 2.183505147695541382e-02 2.322626300156116486e-02 8.378393948078155518e-03 1.350196078419685364e-02 7.035335060209035873e-03 2.033982239663600922e-02 7.124000228941440582e-03 2.510748058557510376e-02 7.657006382942199707e-03 6.696933996863663197e-04 2.589706331491470337e-02 1.287728082388639450e-02 8.316514082252979279e-03 1.513306889683008194e-02 1.441388949751853943e-02
1.114065349102020264e-01 8.260747790336608887e-01 1.915889419615268707e-02 3.599186660721898079e-03 7.434253115206956863e-03 1.164340414106845856e-03 6.209720391780138016e-03 2.047363668680191040e-02 5.752335302531719208e-03 8.873271755874156952e-03 4.011867940425872803e-02 5.338693503290414810e-03 2.858128398656845093e-02 1.282395608723163605e-02 2.162056230008602142e-02 1.280481740832328796e-02 3.554122056812047958e-03 6.465949583798646927e-03 1.019004383124411106e-03 9.470586664974689484e-03 8.961389772593975067e-03 9.173144586384296417e-03 8.900782093405723572e-03 7.953918538987636566e-03 8.875658735632896423e-03 1.225107931531965733e-03 1.213428378105163574e-02 6.909745745360851288e-03 9.130755439400672913e-03 2.596020139753818512e-02 1.036009285598993301e-02 6.855987012386322021e-03 2.237750682979822159e-03 3.262027399614453316e-03 3.752072341740131378e-03 2.110593765974044800e-02 3.224937990307807922e-02 2.300068736076354980e-02 8.274533785879611969e-03 1.618495560251176357e-03 2.243704162538051605e-03 1.608903985470533371e-03 1.326854154467582703e-02 9.882145561277866364e-03 1.935902051627635956e-02 1.119111385196447372e-02 1.182466046884655952e-03 1.050039846450090408e-02 9.117655456066131592e-03 3.729646792635321617e-03 4.119341075420379639e-02 3.589181974530220032e-02 1.557504385709762573e-02 4.224338755011558533e-02 2.118311589583754539e-03 1.803499273955821991e-02 1.493866671808063984e-03 8.307117968797683716e-03 1.690461183898150921e-03 9.868420660495758057e-03 1.740983687341213226e-02 2.701368182897567749e-03 1.463262178003787994e-02 9.971992112696170807e-03 3.616088768467307091e-03 2.330628409981727600e-02 5.445602815598249435e-03 9.082847274839878082e-03 8.067430928349494934e-03 2.758247405290603638e-02 1.413893885910511017e-03 3.469032235443592072e-04 2.176006697118282318e-02 1.329160388559103012e-02 7.269886787980794907e-03 1.658986671827733517e-03 5.348241393221542239e-05 3.742102766409516335e-03 9.580264799296855927e-03 2.093464322388172150e-02 1.427600719034671783e-02 1.162918750196695328e-02 1.697382424026727676e-03 2.525130286812782288e-03 1.561910472810268402e-02 1.177660562098026276e-02 1.412657089531421661e-02 4.708227235823869705e-03 5.622999742627143860e-03 1.065347343683242798e-02 8.249999023973941803e-03 2.575953491032123566e-02 3.614123445004224777e-03 2.965980581939220428e-02 6.907961214892566204e-04 1.609514281153678894e-02 4.831048659980297089e-03 5.639119073748588562e-03 2.501592738553881645e-03 1.596971414983272552e-02 1.358940824866294861e-02 1.352142542600631714e-02 4.117868468165397644e-02 2.270019426941871643e-02 2.109362976625561714e-03 1.092001702636480331e-02 2.943867817521095276e-02 7.270594127476215363e-03 1.406079530715942383e-02 4.878088366240262985e-03 1.269004214555025101e-02 3.590932488441467285e-02 2.592185698449611664e-02 1.416260935366153717e-02 1.218124013394117355e-02 7.953524589538574219e-03
1.594508625566959381e-02 1.915889419615268707e-02 8.260747790336608887e-01 2.895420044660568237e-02 7.956396439112722874e-04 9.133247658610343933e-05 9.387333877384662628e-03 6.999954581260681152e-02 1.478137820959091187e-02 1.081179548054933548e-02 6.196643691509962082e-03 3.569456050172448158e-03 5.500499624758958817e-03 1.364531228318810463e-03 2.196844667196273804e-03 1.669613085687160492e-02 1.623243838548660278e-02 1.747550442814826965e-02 2.246843837201595306e-02 1.732206344604492188e-02 9.297818876802921295e-03 2.426653727889060974e-02 1.611921377480030060e-02 1.265508309006690979e-02 2.006168849766254425e-02 1.631694100797176361e-02 4.687969572842121124e-03 3.807696281000971794e-03 2.806551288813352585e-03 2.623306820169091225e-03 3.775900695472955704e-03 2.550406381487846375e-02 1.326985750347375870e-02 1.752793602645397186e-02 6.530287209898233414e-04 1.605227589607238770e-03 6.865007337182760239e-03 2.472223900258541107e-02 2.447801642119884491e-02 8.333136327564716339e-03 3.569660708308219910e-02 1.260302495211362839e-02 1.159117743372917175e-02 4.932545591145753860e-03 2.017626306042075157e-03 1.327410805970430374e-03 5.941533949226140976e-03 4.901759093627333641e-04 2.017075568437576294e-02 2.580446191132068634e-02 1.228951150551438332e-03 6.371879950165748596e-03 6.061293650418519974e-03 2.378747332841157913e-03 2.034688368439674377e-02 3.042223863303661346e-02 3.290443914011120796e-03 1.174405450001358986e-03 1.724190427921712399e-03 1.852616318501532078e-03 1.558393426239490509e-02 6.260488880798220634e-04 1.495285425335168839e-02 6.471824832260608673e-03 6.672501098364591599e-03 3.772146627306938171e-02 1.074956264346837997e-02 2.567898482084274292e-02 1.464450452476739883e-02 5.643983837217092514e-03 1.270564552396535873e-02 4.913730081170797348e-03 5.336831323802471161e-03 4.939776379615068436e-03 6.726801861077547073e-03 1.300685759633779526e-02 1.817499846220016479e-02 1.318870205432176590e-02 2.293017227202653885e-03 5.362077150493860245e-03 1.004261597990989685e-01 9.647461771965026855e-02 1.812110096216201782e-02 8.444121107459068298e-03 7.542510516941547394e-03 6.611085962504148483e-03 5.253791064023971558e-02 7.133138924837112427e-02 1.177685428410768509e-02 1.365365833044052124e-02 1.232382055604830384e-04 2.750499732792377472e-02 1.542679267004132271e-03 3.623530268669128418e-02 3.588879480957984924e-03 1.676725596189498901e-02 1.435738336294889450e-02 1.312870532274246216e-02 2.047881856560707092e-02 1.768493279814720154e-02 1.897730119526386261e-02 7.827295921742916107e-03 2.863781899213790894e-02 6.387008354067802429e-03 8.426372893154621124e-03 2.398203872144222260e-02 1.035227160900831223e-02 8.525323122739791870e-03 2.140189986675977707e-03 6.593886297196149826e-03 1.549157779663801193e-02 9.805514477193355560e-03 6.138080731034278870e-03 1.018138881772756577e-02 2.806574106216430664e-02 2.884276024997234344e-02
2.199751324951648712e-02 3.599186660721898079e-03 2.895420044660568237e-02 8.260747790336608887e-01 3.869683295488357544e-02 1.303020492196083069e-02 3.186597023159265518e-03 2.459790930151939392e-02 2.339004725217819214e-02 5.132507067173719406e-03 2.331899292767047882e-02 4.202713817358016968e-02 3.250438719987869263e-02 3.501906618475914001e-02 9.002725593745708466e-03 1.601857133209705353e-02 4.169752355664968491e-03 8.281339891254901886e-03 1.908714137971401215e-02 1.202467270195484161e-02 5.955934757366776466e-04 1.465813536196947098e-02 6.543663796037435532e-03 1.012402237392961979e-03 1.388161536306142807e-02 3.796942299231886864e-03 1.403533294796943665e-02 8.661794476211071014e-03 1.884199865162372589e-02 4.119507502764463425e-03 7.441061548888683319e-03 1.969350688159465790e-02 1.410739379934966564e-03 1.138514932245016098e-02 5.992435850203037262e-03 1.167734386399388313e-03 6.736496929079294205e-03 1.311734318733215332e-02 6.588971614837646484e-02 1.810782589018344879e-02 2.666208194568753242e-03 1.559182070195674896e-02 1.887448132038116455e-02 5.477736704051494598e-03 3.512033447623252869e-02 3.690171614289283752e-02 1.470058877021074295e-02 2.706078113988041878e-03 6.675333715975284576e-04 2.259560488164424896e-02 6.009986158460378647e-03 4.590647760778665543e-03 1.363476552069187164e-02 1.362492423504590988e-02 2.542310860008001328e-03 5.470394156873226166e-03 1.173602044582366943e-02 1.302015036344528198e-02 1.244155224412679672e-02 2.955470466986298561e-03 1.960957795381546021e-02 1.052330061793327332e-02 2.345713414251804352e-02 1.071353070437908173e-02 8.519658818840980530e-03 1.746550551615655422e-03 2.209593914449214935e-02 1.115903444588184357e-02 3.533563017845153809e-02 1.190533302724361420e-02 2.562792785465717316e-02 1.335846725851297379e-02 5.711459368467330933e-02 2.515871450304985046e-02 3.746480494737625122e-02 3.543414641171693802e-03 2.676445059478282928e-02 3.007914312183856964e-02 4.329278692603111267e-02 2.219280786812305450e-02 3.390309587121009827e-02 2.032214216887950897e-02 5.225255712866783142e-02 2.511255256831645966e-02 3.081324044615030289e-03 2.340331114828586578e-02 1.482719089835882187e-02 7.788036484271287918e-03 3.296372666954994202e-02 1.986796036362648010e-02 1.914682216010987759e-04 2.009248919785022736e-02 4.716842900961637497e-03 7.009740220382809639e-04 8.405523374676704407e-03 1.406759489327669144e-02 3.962902701459825039e-04 5.368846002966165543e-03 1.130972243845462799e-02 5.427872762084007263e-03 6.613505072891712189e-03 9.945917874574661255e-03 1.343888323754072189e-02 1.178584434092044830e-02 7.698851637542247772e-03 9.141359478235244751e-03 1.107781846076250076e-02 1.078647188842296600e-02 6.464384496212005615e-03 1.425231806933879852e-02 3.235307754948735237e-03 1.564323087222874165e-03 1.263801008462905884e-02 1.053456799127161503e-03 2.217755652964115143e-02 1.702758669853210449e-02
1.877499977126717567e-03 7.434253115206956863e-03 7.956396439112722874e-04 3.869683295488357544e-02 8.260747790336608887e-01 6.626820191740989685e-03 1.393816620111465454e-02 5.908333696424961090e-03 2.202520333230495453e-02 7.656290195882320404e-03 7.495550904422998428e-03 3.562675416469573975e-02 1.133635267615318298e-02 3.582919389009475708e-02 1.304429862648248672e-02 2.100613526999950409e-02 1.969164609909057617e-02 3.074609301984310150e-02 3.117603994905948639e-02 9.204246103763580322e-03 1.832256279885768890e-02 9.771114215254783630e-03 5.653345142491161823e-04 9.363934397697448730e-03 6.135598290711641312e-03 2.311684377491474152e-02 4.781256429851055145e-03 1.068038283847272396e-03 2.283274754881858826e-02 8.190852589905261993e-03 1.107177883386611938e-02 1.216000225394964218e-02 4.322510678321123123e-03 1.875509507954120636e-02 2.027313783764839172e-02 1.165548246353864670e-02 8.731313049793243408e-03 5.305052734911441803e-03 2.339338138699531555e-02 4.366957768797874451e-02 9.536849334836006165e-03 4.728418309241533279e-03 2.116154134273529053e-02 2.424156107008457184e-02 2.341100201010704041e-02 2.755683287978172302e-02 5.255721975117921829e-03 2.088906988501548767e-02 1.863326318562030792e-02 4.862122237682342529e-03 5.830717273056507111e-03 1.025561708956956863e-03 2.014791779220104218e-02 4.961003083735704422e-03 1.818548142910003662e-02 7.863051723688840866e-05 2.504333294928073883e-02 2.445925772190093994e-02 2.463074587285518646e-02 2.955332631245255470e-03 2.929293923079967499e-02 4.288913309574127197e-02 1.264317426830530167e-02 1.893333159387111664e-02 1.603860594332218170e-02 2.778061665594577789e-02 1.368317287415266037e-02 1.315626967698335648e-02 2.974468283355236053e-02 1.202449202537536621e-02 2.961347810924053192e-02 9.278911165893077850e-03 1.341857761144638062e-02 8.516197558492422104e-04 3.404208272695541382e-02 6.544720381498336792e-04 2.223283611238002777e-02 2.461801469326019287e-02 2.850662358105182648e-02 2.775820158421993256e-02 8.079152554273605347e-03 9.705569595098495483e-03 4.633877426385879517e-02 4.669043049216270447e-02 2.151622995734214783e-02 6.298193242400884628e-03 5.119435023516416550e-03 1.783410459756851196e-02 3.825986012816429138e-02 2.995707839727401733e-02 1.895750500261783600e-02 3.486533882096409798e-03 2.237756922841072083e-02 6.406569853425025940e-03 2.335177361965179443e-02 2.515931800007820129e-02 1.562640257179737091e-02 5.767600145190954208e-03 1.755216857418417931e-03 5.436433013528585434e-03 2.738321013748645782e-02 2.329763770103454590e-02 1.322387717664241791e-02 1.217012014240026474e-02 1.671257428824901581e-02 1.323059760034084320e-02 1.841189153492450714e-02 2.347060106694698334e-02 1.433473452925682068e-02 8.525661192834377289e-03 8.930799551308155060e-03 1.533875986933708191e-02 1.033097133040428162e-02 1.058227196335792542e-02 4.297882784157991409e-03 6.242997478693723679e-03
1.183084119111299515e-02 1.164340414106845856e-03 9.133247658610343933e-05 1.303020492196083069e-02 6.626820191740989685e-03 8.260747790336608887e-01 7.916422933340072632e-02 1.191934198141098022e-02 1.847624219954013824e-02 1.801650598645210266e-02 1.985148340463638306e-02 1.674826070666313171e-02 1.998340897262096405e-02 2.971676364541053772e-02 2.417849842458963394e-03 2.808434143662452698e-02 4.042170941829681396e-02 4.864444490522146225e-03 2.139752497896552086e-03 2.499958127737045288e-02 1.125862821936607361e-02 2.209354378283023834e-02 1.625456288456916809e-02 6.489754654467105865e-03 2.820821851491928101e-02 2.195972204208374023e-02 5.528612527996301651e-03 2.775786444544792175e-03 2.579823881387710571e-02 9.817781858146190643e-03 1.722536422312259674e-02 2.295882813632488251e-02 1.947415992617607117e-02 1.669373922049999237e-02 1.982415094971656799e-02 1.904173940420150757e-02 1.787302829325199127e-02 1.709288917481899261e-02 9.420000948011875153e-03 1.777626387774944305e-02 1.142114307731389999e-02 1.544673461467027664e-02 2.182072214782238007e-02 1.017008721828460693e-02 5.393957253545522690e-03 6.187676917761564255e-03 6.573754549026489258e-02 6.152746453881263733e-02 7.598044350743293762e-03 6.782354321330785751e-03 9.943485260009765625e-03 3.555141016840934753e-02 1.420002430677413940e-02 2.614019671455025673e-03 1.665440015494823456e-02 1.640999224036931992e-03 1.962725073099136353e-02 1.422957796603441238e-02 7.816760800778865814e-03 8.309759199619293213e-03 1.763464137911796570e-02 1.662273332476615906e-02 2.362966164946556091e-02 2.121559157967567444e-02 3.035752661526203156e-02 1.565613900311291218e-03 1.846719533205032349e-02 9.713231585919857025e-03 2.119928784668445587e-02 2.966104075312614441e-03 1.745553500950336456e-02 2.863174537196755409e-03 1.466104760766029358e-03 4.839379806071519852e-03 3.916935995221138000e-03 4.909560550004243851e-03 2.165784593671560287e-03 2.343106642365455627e-02 2.978006936609745026e-02 3.467148868367075920e-03 8.955974131822586060e-03 7.930140011012554169e-03 5.205972120165824890e-03 8.688838221132755280e-03 2.536545321345329285e-02 2.808416821062564850e-02 1.598822535015642643e-03 1.104277325794100761e-03 2.557291276752948761e-02 3.432328253984451294e-02 4.714590311050415039e-02 2.641161903738975525e-02 5.365701392292976379e-02 2.502941340208053589e-02 5.210940260440111160e-03 6.364249158650636673e-03 3.147128969430923462e-03 2.414642367511987686e-03 1.436658669263124466e-03 1.433320716023445129e-02 2.303076349198818207e-02 2.233292721211910248e-02 2.011665608733892441e-03 2.098184078931808472e-02 3.536415845155715942e-02 2.461101673543453217e-02 2.349377237260341644e-02 4.214506596326828003e-03 2.530816197395324707e-02 8.195042610168457031e-03 1.110461773350834846e-03 8.776851929724216461e-03 2.019635587930679321e-02 3.983021154999732971e-02 2.188056334853172302e-02 1.312354672700166702e-02
2.265132218599319458e-02 6.209720391780138016e-03 9.387333877384662628e-03 3.186597023159265518e-03 1.393816620111465454e-02 7.916422933340072632e-02 8.260747790336608887e-01 2.909150440245866776e-03 1.395540032535791397e-02 1.682925038039684296e-02 1.540522556751966476e-02 2.744855731725692749e-02 1.148797851055860519e-02 4.208870977163314819e-02 3.532462986186146736e-03 3.370844572782516479e-02 4.283943027257919312e-02 1.304716058075428009e-02 1.029518246650695801e-02 1.822232082486152649e-02 1.679504662752151489e-02 1.693505793809890747e-02 1.216327212750911713e-02 3.926770761609077454e-03 2.533478476107120514e-02 2.478519082069396973e-02 8.186677470803260803e-03 4.662522580474615097e-03 2.356197498738765717e-02 4.804792348295450211e-03 2.122024632990360260e-02 1.674772985279560089e-02 1.792461238801479340e-02 1.536267250776290894e-02 1.903171651065349579e-02 1.727153174579143524e-02 1.648067869246006012e-02 1.076329499483108521e-02 1.920952275395393372e-02 2.291878499090671539e-02 3.860305296257138252e-03 1.407380308955907822e-02 2.317445911467075348e-02 8.482660166919231415e-03 4.322582390159368515e-03 1.637403853237628937e-02 6.203656271100044250e-02 6.595335155725479126e-02 4.317293409258127213e-03 9.303227066993713379e-03 7.982990704476833344e-03 2.928235940635204315e-02 1.673937030136585236e-02 5.997095722705125809e-03 1.194846350699663162e-02 2.316307974979281425e-03 2.472201921045780182e-02 2.243671566247940063e-02 1.068057958036661148e-02 8.615721948444843292e-03 2.165430039167404175e-02 2.092401124536991119e-02 2.043332718312740326e-02 2.895196899771690369e-02 2.962119132280349731e-02 2.448081504553556442e-03 1.247192826122045517e-02 8.747180923819541931e-03 2.363643050193786621e-02 9.167977259494364262e-04 1.992645673453807831e-02 1.030516461469233036e-03 4.666354507207870483e-03 3.232741262763738632e-03 7.281076628714799881e-03 2.350789029151201248e-03 5.904858000576496124e-03 1.583644188940525055e-02 1.692806556820869446e-02 5.484301131218671799e-03 2.100161509588360786e-03 8.678974118083715439e-04 1.845334284007549286e-02 2.030235715210437775e-03 2.946841903030872345e-02 2.376020327210426331e-02 6.002824753522872925e-03 8.140109479427337646e-03 3.168222308158874512e-02 3.648248687386512756e-02 4.849225655198097229e-02 1.447355002164840698e-02 5.731086432933807373e-02 2.319291979074478149e-02 4.915738943964242935e-03 7.565641310065984726e-03 4.466710612177848816e-03 1.589222811162471771e-03 3.290970576927065849e-03 1.454918086528778076e-02 2.142866700887680054e-02 2.152968943119049072e-02 5.589121952652931213e-03 1.639853604137897491e-02 3.349984064698219299e-02 2.434646338224411011e-02 1.945549249649047852e-02 1.079723122529685497e-03 2.387554571032524109e-02 7.931226282380521297e-04 5.856202449649572372e-03 1.448629610240459442e-02 1.440534554421901703e-02 3.759266808629035950e-02 1.555566862225532532e-02 7.038604468107223511e-03
2.458553016185760498e-02 2.047363668680191040e-02 6.999954581260681152e-02 2.459790930151939392e-02 5.908333696424961090e-03 1.191934198141098022e-02 2.909150440245866776e-03 8.260747790336608887e-01 5.283284466713666916e-03 7.437957450747489929e-03 2.000805549323558807e-02 4.497982736211270094e-04 2.170334570109844208e-03 4.752466920763254166e-03 4.094428196549415588e-02 1.563624478876590729e-02 7.898435927927494049e-03 1.565901748836040497e-02 8.957503363490104675e-03 1.511979848146438599e-02 5.617623217403888702e-03 9.639099240303039551e-03 2.129309996962547302e-02 1.334110554307699203e-02 1.125632040202617645e-02 2.336706034839153290e-02 7.459773914888501167e-04 2.187027037143707275e-02 1.688034273684024811e-02 2.734603174030780792e-02 6.121352314949035645e-03 2.175434119999408722e-02 6.263203918933868408e-03 1.707674562931060791e-02 2.142234006896615028e-04 1.057789893820881844e-03 6.973630283027887344e-03 1.261666603386402130e-02 2.376120910048484802e-02 1.668854057788848877e-02 2.073472365736961365e-02 1.009599398821592331e-02 1.070065237581729889e-02 2.404038235545158386e-02 1.441093906760215759e-02 4.174287896603345871e-03 9.374943911097943783e-04 2.598174149170517921e-03 1.664663292467594147e-02 6.202253047376871109e-03 1.068874541670084000e-02 2.228508936241269112e-03 1.447751652449369431e-02 4.458005353808403015e-02 9.143264964222908020e-03 1.429008319973945618e-02 4.210887709632515907e-04 1.116862706840038300e-02 2.985673584043979645e-02 3.434377163648605347e-02 9.043754078447818756e-03 6.965925567783415318e-04 3.004130907356739044e-02 4.054458811879158020e-03 1.920403353869915009e-02 2.095865830779075623e-02 1.862843148410320282e-02 2.561177127063274384e-02 2.152179367840290070e-03 5.755420774221420288e-03 1.491404487751424313e-03 8.871926111169159412e-04 6.511766929179430008e-03 2.069371752440929413e-03 1.219758670777082443e-02 6.109356414526700974e-03 3.808454377576708794e-03 3.624434117227792740e-03 8.963492698967456818e-03 9.470138698816299438e-03 9.397698193788528442e-02 6.799684464931488037e-02 1.262744702398777008e-02 1.135715655982494354e-02 8.349572308361530304e-03 4.388586152344942093e-03 9.854102879762649536e-02 4.694249108433723450e-02 7.247334811836481094e-03 9.784411638975143433e-03 2.617517253383994102e-03 6.597519386559724808e-03 2.507703378796577454e-03 1.086855214089155197e-02 1.357888337224721909e-02 1.271607074886560440e-02 3.857845673337578773e-03 2.504859352484345436e-03 1.627891324460506439e-02 1.431535184383392334e-02 1.680886559188365936e-02 9.446651674807071686e-03 5.215568002313375473e-03 1.105885580182075500e-02 8.979056030511856079e-03 8.510315674357116222e-04 8.269557729363441467e-03 1.707410812377929688e-02 1.074228994548320770e-02 1.427848543971776962e-02 3.156043589115142822e-03 6.665210239589214325e-03 1.473745796829462051e-02 2.341113286092877388e-03 5.442370660603046417e-03 2.137614181265234947e-03
1.157242245972156525e-02 5.752335302531719208e-03 1.478137820959091187e-02 2.339004725217819214e-02 2.202520333230495453e-02 1.847624219954013824e-02 1.395540032535791397e-02 5.283284466713666916e-03 8.260747790336608887e-01 6.059624999761581421e-02 1.905079558491706848e-02 1.552190911024808884e-02 2.249155007302761078e-02 7.666813675314188004e-03 3.126429393887519836e-02 1.258107740432024002e-02 6.309779360890388489e-03 2.210516110062599182e-02 3.779049962759017944e-02 3.361222567036747932e-03 1.608430035412311554e-02 3.775481833145022392e-03 4.120346531271934509e-02 3.638696670532226562e-02 2.189157530665397644e-03 3.603992052376270294e-03 2.630043961107730865e-02 6.609342060983181000e-03 4.982334561645984650e-03 9.059831500053405762e-03 1.215073652565479279e-02 7.024298422038555145e-03 1.699123345315456390e-02 2.902641426771879196e-03 1.274005277082324028e-03 2.345591317862272263e-03 4.712281282991170883e-03 3.259825054556131363e-03 1.843107677996158600e-02 1.963907387107610703e-03 1.098433881998062134e-02 4.875122755765914917e-02 2.885986678302288055e-02 1.145814359188079834e-02 3.103022836148738861e-02 2.630828693509101868e-02 6.459133001044392586e-04 3.381845541298389435e-03 3.372002393007278442e-02 1.092572137713432312e-02 1.160871982574462891e-02 1.455418206751346588e-02 6.875081919133663177e-03 1.774470880627632141e-02 4.079072549939155579e-02 2.375780418515205383e-02 1.251607201993465424e-02 1.681344769895076752e-02 9.054444381035864353e-04 1.103057432919740677e-02 1.963499560952186584e-02 2.430182136595249176e-02 2.500711940228939056e-03 6.280149798840284348e-03 1.265081926248967648e-03 1.431317161768674850e-02 9.916313923895359039e-03 2.500955248251557350e-03 4.215027764439582825e-02 2.068416588008403778e-02 4.003345221281051636e-02 1.854960806667804718e-02 2.613374963402748108e-03 1.139412168413400650e-02 2.512062666937708855e-03 9.282206185162067413e-03 6.882906705141067505e-02 7.449382543563842773e-02 5.004300177097320557e-02 3.041860461235046387e-02 1.044030021876096725e-02 5.042382515966892242e-03 2.995248325169086456e-02 4.096053168177604675e-02 2.097358740866184235e-02 2.011844189837574959e-03 3.038911381736397743e-03 4.722857382148504257e-03 2.667635492980480194e-02 1.115411147475242615e-02 9.231985546648502350e-03 8.141230791807174683e-03 6.595936603844165802e-03 1.959855668246746063e-02 1.063087768852710724e-02 1.688396558165550232e-02 1.205168105661869049e-02 9.157329797744750977e-03 4.389936104416847229e-02 4.374569281935691833e-02 4.137383657507598400e-04 1.129092462360858917e-02 1.017511915415525436e-02 8.765253238379955292e-03 9.292349568568170071e-04 1.544596161693334579e-02 6.053519435226917267e-03 2.031081728637218475e-02 2.054683864116668701e-02 8.948804810643196106e-03 1.638214453123509884e-03 7.629391271620988846e-03 3.272718191146850586e-02 2.002247795462608337e-02 2.602396719157695770e-02 1.484217029064893723e-02
1.543633453547954559e-02 8.873271755874156952e-03 1.081179548054933548e-02 5.132507067173719406e-03 7.656290195882320404e-03 1.801650598645210266e-02 1.682925038039684296e-02 7.437957450747489929e-03 6.059624999761581421e-02 8.260747790336608887e-01 2.474417851772159338e-04 1.701082289218902588e-02 1.678980304859578609e-03 1.379081420600414276e-02 1.649410091340541840e-02 5.531085655093193054e-03 1.353980740532279015e-03 2.108575962483882904e-02 3.656446561217308044e-02 1.462090574204921722e-02 5.722969770431518555e-03 1.674672961235046387e-02 2.975600026547908783e-02 4.258214682340621948e-02 9.513624943792819977e-03 7.366649806499481201e-03 3.113547898828983307e-02 9.761539287865161896e-03 1.145664229989051819e-02 8.744540624320507050e-03 7.641333620995283127e-03 1.944529265165328979e-02 1.517470646649599075e-02 1.943635754287242889e-02 9.350263513624668121e-03 1.114825904369354248e-02 1.433821860700845718e-02 6.077868398278951645e-03 8.169777691364288330e-03 6.740027107298374176e-03 1.436764467507600784e-02 2.526110969483852386e-02 5.280429124832153320e-02 3.861625678837299347e-03 5.387848243117332458e-03 1.007970329374074936e-02 7.309261243790388107e-03 2.859307453036308289e-03 3.263876959681510925e-02 4.879217222332954407e-02 1.463799364864826202e-02 5.398261826485395432e-03 7.196422200649976730e-03 2.178675495088100433e-02 4.022537171840667725e-02 6.260025501251220703e-02 1.622706651687622070e-02 2.483954280614852905e-02 4.887655377388000488e-03 1.593193784356117249e-02 1.311204209923744202e-02 3.156050294637680054e-02 2.243543043732643127e-03 2.315835841000080109e-02 1.150112715549767017e-03 1.444528158754110336e-02 2.639719843864440918e-02 1.720305159687995911e-02 2.093119174242019653e-02 2.260945178568363190e-02 2.104094065725803375e-02 2.383881434798240662e-02 1.723912172019481659e-02 2.187790907919406891e-02 1.579331606626510620e-02 1.774164848029613495e-03 3.576831519603729248e-02 5.797878280282020569e-02 3.072203882038593292e-02 2.210076525807380676e-02 4.985599778592586517e-03 1.633453532122075558e-03 8.890118449926376343e-03 3.767065331339836121e-02 2.578414790332317352e-02 2.951856702566146851e-03 1.952909398823976517e-03 1.655261730775237083e-03 2.368728630244731903e-03 8.130398578941822052e-03 9.746828116476535797e-03 1.385360956192016602e-02 6.471302825957536697e-03 2.916785702109336853e-02 1.190851442515850067e-03 1.795857027173042297e-02 1.181920431554317474e-02 2.382368547841906548e-03 2.000624686479568481e-02 2.513558231294155121e-02 6.502840667963027954e-03 6.262867245823144913e-04 8.256830275058746338e-03 3.225651104003190994e-03 8.149415254592895508e-03 4.544752649962902069e-03 4.341696389019489288e-03 5.233912728726863861e-03 1.188457943499088287e-02 3.162877634167671204e-03 3.819253994151949883e-03 1.925481483340263367e-03 2.725320681929588318e-02 1.852464675903320312e-02 2.286180481314659119e-02 2.470269799232482910e-02
2.681994438171386719e-02 4.011867940425872803e-02 6.196643691509962082e-03 2.331899292767047882e-02 7.495550904422998428e-03 1.985148340463638306e-02 1.540522556751966476e-02 2.000805549323558807e-02 1.905079558491706848e-02 2.474417851772159338e-04 8.260747790336608887e-01 1.370148267596960068e-02 9.950061887502670288e-02 3.989836201071739197e-03 5.772583186626434326e-02 7.590018212795257568e-04 5.627837032079696655e-03 7.934464141726493835e-03 6.623237393796443939e-03 6.602896377444267273e-03 3.180767642334103584e-03 2.114454036927781999e-05 1.104083657264709473e-02 9.951945394277572632e-03 2.130507305264472961e-02 7.941214367747306824e-03 2.735097147524356842e-02 2.171296253800392151e-02 5.712440609931945801e-02 1.057361252605915070e-02 4.434746876358985901e-02 1.679968088865280151e-02 1.536462921649217606e-02 2.294705249369144440e-02 4.400250036269426346e-03 7.650913321413099766e-04 8.671610616147518158e-03 1.945423893630504608e-02 4.623988643288612366e-03 4.281720612198114395e-03 2.000913489609956741e-03 2.924621663987636566e-02 9.210571646690368652e-03 8.610447868704795837e-03 1.307174284011125565e-02 4.641539417207241058e-03 1.853141188621520996e-02 7.413496263325214386e-03 1.391948852688074112e-02 2.082378417253494263e-02 1.633747853338718414e-02 1.093177124857902527e-02 1.395687460899353027e-02 3.595214337110519409e-03 1.584198325872421265e-02 1.011439878493547440e-02 7.595815695822238922e-03 5.978009197860956192e-03 6.621566601097583771e-03 3.734123602043837309e-04 2.359305974096059799e-03 7.221888750791549683e-03 1.262507680803537369e-02 2.512744255363941193e-02 3.659322112798690796e-02 2.178917452692985535e-02 2.569898404181003571e-02 1.211445592343807220e-02 2.969949040561914444e-03 3.862732276320457458e-02 1.022251509130001068e-02 2.585512958467006683e-02 3.068270720541477203e-02 2.537536807358264923e-02 2.959939651191234589e-02 1.889962702989578247e-02 1.167293265461921692e-02 2.489020489156246185e-02 2.116692997515201569e-02 1.072739134542644024e-03 2.463629469275474548e-03 5.988485179841518402e-03 1.105956453830003738e-02 4.863793961703777313e-03 7.970898412168025970e-03 5.034721456468105316e-03 2.972566336393356323e-02 6.461642682552337646e-03 9.287842549383640289e-03 1.238296087831258774e-02 1.542337145656347275e-02 4.041944164782762527e-03 1.016083266586065292e-02 5.282084923237562180e-03 2.549711847677826881e-03 3.828405635431408882e-03 8.769086562097072601e-03 1.292479503899812698e-02 8.084275759756565094e-03 1.824157871305942535e-02 1.238297577947378159e-02 2.513070218265056610e-02 7.177939172834157944e-03 6.093396339565515518e-03 2.905574860051274300e-03 1.016842201352119446e-02 1.092512998729944229e-02 1.421050541102886200e-02 2.423391677439212799e-02 1.077648159116506577e-02 3.266324847936630249e-02 2.721909433603286743e-02 3.342866525053977966e-02 1.100040972232818604e-02 2.914775861427187920e-03 2.064501494169235229e-02
1.969746313989162445e-02 5.338693503290414810e-03 3.569456050172448158e-03 4.202713817358016968e-02 3.562675416469573975e-02 1.674826070666313171e-02 2.744855731725692749e-02 4.497982736211270094e-04 1.552190911024808884e-02 1.701082289218902588e-02 1.370148267596960068e-02 8.260747790336608887e-01 7.172542158514261246e-03 8.710946142673492432e-02 4.359584301710128784e-03 2.866542199626564980e-03 4.639009479433298111e-03 8.172628469765186310e-03 4.248067736625671387e-03 3.576779272407293320e-03 8.114565571304410696e-05 2.133454568684101105e-02 1.580387353897094727e-02 5.630016792565584183e-03 1.152874622493982315e-02 5.785129964351654053e-03 2.216581488028168678e-03 3.018074482679367065e-02 9.985832497477531433e-03 4.500027000904083252e-02 1.030667033046483994e-02 1.026728469878435135e-02 1.059630420058965683e-02 1.109994016587734222e-02 1.478651724755764008e-02 1.161098666489124298e-02 1.470107492059469223e-02 7.098993286490440369e-03 1.818657107651233673e-02 2.578935399651527405e-02 1.531943865120410919e-02 1.357645541429519653e-02 4.361973702907562256e-02 1.298182178288698196e-02 6.044529005885124207e-02 4.881572350859642029e-02 2.059417602140456438e-04 2.999564260244369507e-02 8.322774432599544525e-03 2.966144680976867676e-02 3.150018304586410522e-02 3.322953125461935997e-03 1.310659013688564301e-02 1.166115794330835342e-02 6.508386577479541302e-04 2.644380368292331696e-02 7.766802329570055008e-03 1.619519107043743134e-02 1.380235143005847931e-02 2.939309692010283470e-03 5.524256266653537750e-03 9.156098589301109314e-03 1.384868193417787552e-02 2.403234876692295074e-02 1.028837449848651886e-02 1.836452819406986237e-02 1.165973674505949020e-02 1.398636610247194767e-03 2.151063643395900726e-02 7.801184896379709244e-03 3.504236042499542236e-02 4.191724117845296860e-03 2.275827527046203613e-02 3.244963474571704865e-03 2.574129030108451843e-02 3.005511825904250145e-05 2.416094951331615448e-02 1.074440125375986099e-02 3.148671984672546387e-02 3.260143473744392395e-02 3.803602885454893112e-03 8.355544880032539368e-03 3.656488656997680664e-02 2.299092896282672882e-02 1.317960862070322037e-02 5.221396684646606445e-03 3.065890632569789886e-03 3.218898782506585121e-03 6.017526611685752869e-02 5.369618535041809082e-02 1.977686397731304169e-02 8.955082856118679047e-03 3.285999968647956848e-02 2.417859993875026703e-02 2.335758134722709656e-02 1.201658789068460464e-02 6.918059196323156357e-03 9.464464150369167328e-03 2.128765173256397247e-02 3.143481165170669556e-02 3.538340330123901367e-03 1.896739122457802296e-03 2.882467815652489662e-04 2.608506474643945694e-03 1.082407869398593903e-02 1.662163622677326202e-02 1.593375951051712036e-02 2.039151638746261597e-02 1.777348923496901989e-03 6.740940269082784653e-03 5.097133573144674301e-03 6.320459302514791489e-03 1.791952364146709442e-02 5.654065404087305069e-03 8.454673923552036285e-03 7.857912220060825348e-03
5.953280720859766006e-03 2.858128398656845093e-02 5.500499624758958817e-03 3.250438719987869263e-02 1.133635267615318298e-02 1.998340897262096405e-02 1.148797851055860519e-02 2.170334570109844208e-03 2.249155007302761078e-02 1.678980304859578609e-03 9.950061887502670288e-02 7.172542158514261246e-03 8.260747790336608887e-01 1.914649619720876217e-04 5.808243528008460999e-02 1.570672355592250824e-02 1.850280910730361938e-02 6.802377756685018539e-03 5.023563862778246403e-04 3.657601773738861084e-03 3.018056973814964294e-03 1.149024628102779388e-02 1.781711354851722717e-02 1.465798355638980865e-02 1.035571750253438950e-02 5.217873957008123398e-03 2.974974736571311951e-02 1.193916797637939453e-02 4.510657489299774170e-02 5.713032442145049572e-04 4.298011958599090576e-02 9.349336847662925720e-03 9.253889322280883789e-03 1.489026751369237900e-02 3.429820761084556580e-03 3.977530170232057571e-03 3.601724980399012566e-03 1.864445395767688751e-02 2.353929542005062103e-02 1.378069072961807251e-02 2.302196808159351349e-03 3.511265292763710022e-02 1.413929369300603867e-02 2.172183711081743240e-03 1.603930070996284485e-02 1.277439994737505913e-03 1.211866457015275955e-02 4.532872233539819717e-03 1.282135769724845886e-02 2.311359904706478119e-02 1.732104830443859100e-02 1.210344024002552032e-02 2.402729121968150139e-03 1.016677822917699814e-02 1.356177031993865967e-02 3.478817408904433250e-03 2.960699144750833511e-03 8.696697652339935303e-03 2.202160656452178955e-03 8.286686614155769348e-03 3.166425274685025215e-03 4.701069556176662445e-03 8.769375272095203400e-03 3.592179343104362488e-02 3.214209899306297302e-02 2.335610985755920410e-02 1.706678606569766998e-02 9.291220456361770630e-03 1.194954756647348404e-02 3.357895463705062866e-02 1.443043909966945648e-02 2.967676520347595215e-02 1.833677291870117188e-02 2.350364811718463898e-02 2.181452140212059021e-02 1.648870483040809631e-02 1.695257984101772308e-02 1.972325518727302551e-02 2.362842671573162079e-02 9.277549572288990021e-03 1.221770141273736954e-02 6.838536937721073627e-04 1.125799585133790970e-02 4.692498594522476196e-03 3.768178168684244156e-03 3.864829195663332939e-03 2.033104188740253448e-02 1.515172794461250305e-02 8.089873939752578735e-03 1.105169113725423813e-02 3.207923378795385361e-03 1.120318938046693802e-02 7.016059476882219315e-03 6.030296906828880310e-03 1.340603083372116089e-02 1.458353269845247269e-02 5.499760620296001434e-03 1.199586037546396255e-02 1.903561502695083618e-02 2.615095116198062897e-02 8.818614878691732883e-04 1.011615153402090073e-02 1.818882487714290619e-02 1.366503536701202393e-02 5.118409637361764908e-03 5.598007235676050186e-03 5.247818771749734879e-03 1.312192250043153763e-02 5.328039173036813736e-03 3.098576795309782028e-03 3.331436216831207275e-02 2.822246961295604706e-02 4.258115962147712708e-02 1.433429867029190063e-02 5.822021048516035080e-03 2.762788906693458557e-02
