8.542563915252685547e-01 6.328712403774261475e-02 1.508940011262893677e-02 4.222440067678689957e-03 1.314949709922075272e-02 5.595626682043075562e-02 5.888898670673370361e-02 1.305386796593666077e-02 1.817671954631805420e-02 1.951051130890846252e-02 4.315486177802085876e-02 3.976773843169212341e-02 4.399089515209197998e-02 4.265300184488296509e-02 2.911649271845817566e-02 2.272420562803745270e-02 1.722531951963901520e-02 2.241861820220947266e-02 5.508578848093748093e-03 1.073324773460626602e-02 2.104564942419528961e-02 2.338071539998054504e-02 3.185933083295822144e-02 3.286191448569297791e-02 1.324663497507572174e-02 1.030505355447530746e-02 2.858369238674640656e-02 2.659720368683338165e-02 1.986402459442615509e-02 3.027969971299171448e-02 1.492000091820955276e-02 2.009156346321105957e-02 1.237581018358469009e-03 1.570455171167850494e-02 3.736592363566160202e-03 1.878091692924499512e-02 1.412711758166551590e-02 2.175229042768478394e-02 5.652536638081073761e-03 2.258366905152797699e-03 2.423744183033704758e-03 1.200864277780056000e-02 2.068107947707176208e-02 3.716176375746726990e-03 1.222436968237161636e-02 1.984346285462379456e-02 4.483231157064437866e-02 4.551353305578231812e-02 1.179897971451282501e-02 1.536102034151554108e-02 9.396720677614212036e-03 2.060497552156448364e-02 1.073358580470085144e-02 1.072335243225097656e-02 9.285978041589260101e-03 7.330891676247119904e-03 1.787846791557967663e-03 2.802346134558320045e-03 2.799869398586452007e-04 1.440255343914031982e-02 1.914535835385322571e-02 5.358734168112277985e-03 4.000495653599500656e-03 9.566605091094970703e-03 1.598781161010265350e-02 1.829793490469455719e-02 1.863196305930614471e-02 1.940795779228210449e-02 9.706334210932254791e-03 2.243744023144245148e-02 8.339504711329936981e-03 1.772039942443370819e-02 9.283239953219890594e-03 1.529266964644193649e-02 7.310899905860424042e-03 2.098796889185905457e-02 1.817992888391017914e-02 2.299670316278934479e-02 1.626263745129108429e-02 2.283453755080699921e-02 7.631652522832155228e-03 2.492524450644850731e-03 1.900073140859603882e-02 2.579635242000222206e-03 1.734544523060321808e-02 1.628384180366992950e-02 1.163358241319656372e-02 1.892258599400520325e-02 1.112259831279516220e-02 1.522960886359214783e-02 3.122384846210479736e-02 2.520368434488773346e-02 3.384416922926902771e-02 2.143946103751659393e-02 1.243582461029291153e-02 6.913146935403347015e-03 1.523432787507772446e-02 2.315786108374595642e-02 1.823794469237327576e-02 1.975530758500099182e-02 1.852031052112579346e-02 9.722440503537654877e-03 1.277547609061002731e-02 1.937512075528502464e-03 8.663703687489032745e-03 5.580717697739601135e-04 1.925126276910305023e-02 2.168229781091213226e-03 1.080052740871906281e-02 1.436079386621713638e-03 9.528657421469688416e-03 1.402345485985279083e-02 1.618491671979427338e-02 1.636057160794734955e-02 4.519868176430463791e-03 1.552584860473871231e-02
6.328712403774261475e-02 8.542563915252685547e-01 1.376389246433973312e-02 4.932591691613197327e-03 1.491064392030239105e-02 5.927299335598945618e-02 6.293789297342300415e-02 8.635175414383411407e-03 1.807204447686672211e-02 1.913900487124919891e-02 4.352708905935287476e-02 4.453970491886138916e-02 4.522386938333511353e-02 4.724870994687080383e-02 3.034389764070510864e-02 2.011604979634284973e-02 1.453434117138385773e-02 2.273692190647125244e-02 1.128712762147188187e-02 5.863034632056951523e-03 1.884340681135654449e-02 2.245848625898361206e-02 3.170583769679069519e-02 3.210567682981491089e-02 8.479179814457893372e-03 8.005489595234394073e-03 2.891781739890575409e-02 2.752281911671161652e-02 1.787590794265270233e-02 3.068846277892589569e-02 1.082304306328296661e-02 1.797229610383510590e-02 4.623754415661096573e-03 1.372725330293178558e-02 1.019734190776944160e-04 1.865029893815517426e-02 1.087224576622247696e-02 2.248251065611839294e-02 4.100075922906398773e-03 4.011571290902793407e-04 2.560185734182596207e-03 9.476186707615852356e-03 1.737060584127902985e-02 1.193061703816056252e-03 1.279464550316333771e-02 2.029326558113098145e-02 4.615328088402748108e-02 4.784299805760383606e-02 1.099001336842775345e-02 1.264923997223377228e-02 9.057186543941497803e-03 2.222234383225440979e-02 7.822696119546890259e-03 7.981800474226474762e-03 5.556128919124603271e-03 3.615355351939797401e-03 2.982761245220899582e-03 1.709977281279861927e-03 4.295224498491734266e-04 1.399938855320215225e-02 1.618486829102039337e-02 4.576702136546373367e-03 7.280012592673301697e-03 1.316123176366090775e-02 1.291978172957897186e-02 1.601895503699779510e-02 1.710712350904941559e-02 1.750634051859378815e-02 5.500246770679950714e-03 2.184605412185192108e-02 3.806983586400747299e-03 1.840930990874767303e-02 5.038047209382057190e-03 1.374038867652416229e-02 4.301513545215129852e-03 2.089788205921649933e-02 1.628486439585685730e-02 2.254472486674785614e-02 1.667239516973495483e-02 2.402442693710327148e-02 2.561368513852357864e-03 6.155518931336700916e-04 1.918275468051433563e-02 2.094253432005643845e-03 1.542569231241941452e-02 1.421821396797895432e-02 9.306578896939754486e-03 1.948971115052700043e-02 7.775521371513605118e-03 1.292909681797027588e-02 2.964600920677185059e-02 2.333609014749526978e-02 3.576317057013511658e-02 2.150359749794006348e-02 9.829387068748474121e-03 6.219638045877218246e-03 1.647980697453022003e-02 2.487734705209732056e-02 1.684495061635971069e-02 1.803479157388210297e-02 1.840224117040634155e-02 7.038142997771501541e-03 1.454692333936691284e-02 3.850473556667566299e-03 5.577162373811006546e-03 3.355717286467552185e-03 1.791531033813953400e-02 5.543750594370067120e-04 9.133456274867057800e-03 2.541592810302972794e-03 8.604863658547401428e-03 1.356006786227226257e-02 1.277764420956373215e-02 1.455920562148094177e-02 2.734184265136718750e-03 1.542620174586772919e-02
1.508940011262893677e-02 1.376389246433973312e-02 8.542563915252685547e-01 2.265611477196216583e-02 1.611155271530151367e-02 1.396242529153823853e-02 1.677830144762992859e-02 2.945052459836006165e-02 5.296005867421627045e-03 8.746427483856678009e-03 2.241834998130798340e-02 4.396827425807714462e-03 2.164881303906440735e-02 1.472531631588935852e-02 2.173835970461368561e-02 3.166765207424759865e-03 3.089966485276818275e-04 2.448845282196998596e-02 1.385312993079423904e-02 1.101138908416032791e-02 1.332567632198333740e-02 2.209940552711486816e-02 2.080037811538204551e-04 2.473901491612195969e-03 1.304158195853233337e-02 7.775910664349794388e-03 1.233257539570331573e-02 5.830224603414535522e-03 2.105317078530788422e-02 9.130329824984073639e-03 2.202751487493515015e-02 1.083603221923112869e-02 1.166269835084676743e-02 2.191104181110858917e-02 2.091252990067005157e-02 1.961648650467395782e-02 1.654347218573093414e-02 3.015769179910421371e-03 2.772231213748455048e-02 1.367953605949878693e-02 1.362313237041234970e-02 1.768972375430166721e-03 1.250144932419061661e-02 1.453809067606925964e-02 8.406265638768672943e-03 1.301360223442316055e-02 1.390875317156314850e-02 1.550905779004096985e-02 1.125701703131198883e-02 1.128312107175588608e-02 5.992898717522621155e-03 1.917334832251071930e-02 3.230109065771102905e-02 3.032291494309902191e-02 2.796920947730541229e-03 8.486433885991573334e-03 1.246989984065294266e-02 1.401804294437170029e-02 2.594312466681003571e-02 2.208694443106651306e-02 1.537590939551591873e-02 1.958994008600711823e-02 2.100168727338314056e-03 1.168036367744207382e-03 2.665434591472148895e-02 1.753684133291244507e-02 1.190764829516410828e-02 1.157728489488363266e-02 5.829757428728044033e-04 1.711884140968322754e-02 5.686519201844930649e-03 8.297565393149852753e-03 2.170672826468944550e-02 1.131266728043556213e-02 8.463597856462001801e-03 6.515354849398136139e-03 3.193251555785536766e-03 9.264876134693622589e-03 1.793759060092270374e-03 1.393854152411222458e-02 4.781803488731384277e-02 4.342376068234443665e-02 1.897147670388221741e-02 9.206338785588741302e-03 1.089178584516048431e-02 2.507933415472507477e-02 3.632284328341484070e-02 1.463942229747772217e-02 3.343719523400068283e-03 2.915856195613741875e-03 1.297039911150932312e-02 2.779081836342811584e-02 1.731918565928936005e-02 9.283008053898811340e-03 7.464284542948007584e-03 1.143973413854837418e-02 3.817938733845949173e-03 3.720273496583104134e-03 2.129109576344490051e-03 7.107058074325323105e-03 1.759959571063518524e-02 1.941945776343345642e-02 6.353469099849462509e-03 7.604822712892200798e-06 2.718376927077770233e-02 2.594177797436714172e-02 1.880045607686042786e-02 1.640076003968715668e-02 1.488838065415620804e-02 1.774824410676956177e-02 6.077693775296211243e-03 3.075404092669487000e-03 8.528552949428558350e-03 1.853176392614841461e-02 3.085435135290026665e-03 2.068597357720136642e-03
4.222440067678689957e-03 4.932591691613197327e-03 2.265611477196216583e-02 8.542563915252685547e-01 8.852295577526092529e-02 1.542789832456037402e-04 1.014234021567972377e-05 2.494593849405646324e-03 3.004589118063449860e-03 1.005295757204294205e-02 1.744506065733730793e-03 5.510681658051908016e-04 9.316448122262954712e-04 2.102483995258808136e-03 3.740222426131367683e-03 5.237343721091747284e-03 9.434380568563938141e-03 3.162769833579659462e-03 1.372848637402057648e-02 2.696102252230048180e-03 6.518376991152763367e-03 1.185251958668231964e-02 3.663125680759549141e-03 3.937181551009416580e-03 8.009781129658222198e-03 4.927063360810279846e-03 2.406728640198707581e-02 4.111017566174268723e-03 1.842706650495529175e-02 6.401246879249811172e-03 1.283614896237850189e-02 1.120651490055024624e-03 2.441870421171188354e-02 4.517498891800642014e-03 2.254615165293216705e-02 1.346022263169288635e-02 3.579540643841028214e-03 1.178914867341518402e-02 6.332588195800781250e-02 5.820991843938827515e-02 2.022367157042026520e-02 1.897131325677037239e-03 5.411570891737937927e-03 6.055933423340320587e-03 1.737800799310207367e-02 2.019380405545234680e-02 4.868568386882543564e-03 6.909607909619808197e-03 1.203973218798637390e-02 3.013038774952292442e-03 5.388563964515924454e-03 6.012777332216501236e-03 2.689140103757381439e-02 1.493100821971893311e-02 1.073322445154190063e-02 8.428744971752166748e-03 3.320711851119995117e-02 8.120188489556312561e-03 6.007490679621696472e-02 4.069899022579193115e-02 2.033042535185813904e-02 1.999210380017757416e-02 2.795738354325294495e-02 1.166104897856712341e-02 2.588996104896068573e-02 1.308866869658231735e-02 5.268039647489786148e-03 4.916777834296226501e-03 1.721274293959140778e-02 1.408185623586177826e-02 2.129682898521423340e-02 4.720909520983695984e-03 3.496575355529785156e-02 1.921088062226772308e-02 2.360747568309307098e-02 5.389469675719738007e-03 1.469515915960073471e-02 1.859536580741405487e-02 1.029427745379507542e-03 1.344821322709321976e-02 1.668196357786655426e-02 1.936293765902519226e-02 3.031946904957294464e-02 5.086904764175415039e-02 7.141049951314926147e-03 1.075482927262783051e-02 1.252248883247375488e-02 1.617624424397945404e-02 1.942760124802589417e-02 3.485447494313120842e-03 1.467207167297601700e-02 8.375934325158596039e-03 2.053839387372136116e-03 1.669042557477951050e-02 2.780588401947170496e-04 3.271171823143959045e-03 3.878714516758918762e-03 1.167412009090185165e-02 1.477778330445289612e-02 1.224136073142290115e-02 5.600746721029281616e-03 6.432030815631151199e-03 1.962540298700332642e-02 1.611518673598766327e-02 2.543836273252964020e-02 2.149173431098461151e-02 3.523582825437188148e-03 4.415457323193550110e-02 5.900678690522909164e-03 2.008327096700668335e-02 1.877625100314617157e-02 2.233689837157726288e-02 3.042579162865877151e-03 1.861182600259780884e-02 2.188317663967609406e-02 2.467592805624008179e-02
1.314949709922075272e-02 1.491064392030239105e-02 1.611155271530151367e-02 8.852295577526092529e-02 8.542563915252685547e-01 1.198584679514169693e-02 1.084026042371988297e-02 4.291364923119544983e-03 1.741227111779153347e-03 8.203994482755661011e-03 1.066949311643838882e-02 1.462167687714099884e-02 8.895051665604114532e-03 1.154015865176916122e-02 1.218810491263866425e-02 4.217937588691711426e-03 6.676061078906059265e-03 8.671846240758895874e-03 1.542084757238626480e-02 2.899279352277517319e-03 6.716490257531404495e-03 5.453498102724552155e-03 9.356111288070678711e-03 1.455592107959091663e-03 5.059565417468547821e-03 4.154933616518974304e-03 5.385194905102252960e-03 9.328460320830345154e-03 5.923200864344835281e-03 9.164217859506607056e-03 5.274496041238307953e-03 4.393473500385880470e-04 2.614325471222400665e-02 2.499402733519673347e-03 1.591163687407970428e-02 1.558183133602142334e-02 1.007700455375015736e-03 3.736487124115228653e-03 6.212523579597473145e-02 5.341062322258949280e-02 1.708761788904666901e-02 3.108478849753737450e-03 6.505586788989603519e-04 1.552686793729662895e-03 1.609650999307632446e-02 1.310591679066419601e-02 1.008035335689783096e-02 4.174131900072097778e-03 1.090699713677167892e-02 1.331884297542273998e-03 2.797969616949558258e-03 6.773034110665321350e-03 2.313616685569286346e-02 1.832561194896697998e-02 9.674469940364360809e-03 2.071169670671224594e-03 3.057503141462802887e-02 1.171507220715284348e-02 6.041414663195610046e-02 3.839734569191932678e-02 2.983425371348857880e-02 3.729335591197013855e-02 2.852155081927776337e-02 1.631980203092098236e-02 1.763381063938140869e-02 1.127276103943586349e-02 8.568258024752140045e-03 8.051973767578601837e-03 1.981124468147754669e-02 1.329354476183652878e-02 2.173725888133049011e-02 8.667085319757461548e-03 3.694453835487365723e-02 2.037744037806987762e-02 2.921837009489536285e-02 1.741713960655033588e-03 1.396393403410911560e-02 1.389246806502342224e-02 5.681482725776731968e-04 8.721127174794673920e-03 7.962927222251892090e-03 1.885729096829891205e-02 2.986305765807628632e-02 4.491505026817321777e-02 2.558318374212831259e-04 1.245340332388877869e-03 3.210555529221892357e-03 1.526263728737831116e-02 1.936584524810314178e-02 1.149274967610836029e-02 4.218462854623794556e-03 2.093831199090345763e-06 1.453892234712839127e-02 1.417342573404312134e-02 4.050549119710922241e-03 3.957382403314113617e-03 1.511368009232683107e-05 2.213171496987342834e-02 6.713444367051124573e-03 1.522119855508208275e-03 5.618197843432426453e-03 5.798046011477708817e-03 1.159643661230802536e-02 1.109751407057046890e-02 2.696592919528484344e-02 2.013335563242435455e-02 4.846965894103050232e-03 3.747200965881347656e-02 5.824459251016378403e-03 3.064531087875366211e-02 8.664233610033988953e-03 1.847142726182937622e-02 1.820502104237675667e-03 1.480305194854736328e-02 1.686047948896884918e-02 2.029366604983806610e-02
5.595626682043075562e-02 5.927299335598945618e-02 1.396242529153823853e-02 1.542789832456037402e-04 1.198584679514169693e-02 8.542563915252685547e-01 6.938255578279495239e-02 9.422819130122661591e-03 1.814204826951026917e-02 2.045805379748344421e-02 3.644514083862304688e-02 5.122561752796173096e-02 3.698291257023811340e-02 5.176742747426033020e-02 2.202697657048702240e-02 2.117291092872619629e-02 1.450355630367994308e-02 2.509182505309581757e-02 1.256865821778774261e-02 5.434747785329818726e-03 1.355279423296451569e-02 2.059203758835792542e-02 3.042709454894065857e-02 3.397917374968528748e-02 9.553648531436920166e-03 4.569836892187595367e-04 2.671775408089160919e-02 2.460622787475585938e-02 2.169441059231758118e-02 2.480609714984893799e-02 1.242380868643522263e-02 1.638716645538806915e-02 7.027837913483381271e-03 1.597617752850055695e-02 1.163838547654449940e-03 8.623868227005004883e-03 1.000891719013452530e-02 1.293708663433790207e-02 8.577104657888412476e-03 4.838560707867145538e-03 5.631296429783105850e-03 5.768402479588985443e-03 1.912908628582954407e-02 3.128777258098125458e-03 2.082654275000095367e-02 3.340329602360725403e-02 5.535090714693069458e-02 5.304152518510818481e-02 6.710888817906379700e-03 1.362822949886322021e-02 7.630689535290002823e-03 1.820593327283859253e-02 1.079287193715572357e-02 1.746188965626060963e-03 1.117629231885075569e-03 1.168031245470046997e-03 3.080881666392087936e-03 9.629128500819206238e-03 2.765557728707790375e-03 7.599284406751394272e-03 1.415718626230955124e-02 3.101699287071824074e-03 2.101284079253673553e-02 3.094538114964962006e-02 1.447105500847101212e-02 1.229833438992500305e-02 1.753086969256401062e-02 1.687691360712051392e-02 1.184670487418770790e-03 1.565540395677089691e-02 2.484363270923495293e-03 7.090271450579166412e-03 4.659243393689393997e-03 7.199697662144899368e-03 4.911038093268871307e-03 1.095733605325222015e-02 1.211106870323419571e-02 2.458116412162780762e-02 2.573716454207897186e-02 3.272606059908866882e-02 5.724825430661439896e-03 1.802723389118909836e-03 2.365765720605850220e-02 2.165861893445253372e-03 2.044638618826866150e-02 1.932535506784915924e-02 8.852742612361907959e-03 9.661953896284103394e-03 1.030312851071357727e-02 9.281547740101814270e-03 3.342675790190696716e-02 2.029309608042240143e-02 3.816483169794082642e-02 1.346184499561786652e-02 3.994119353592395782e-03 3.922508913092315197e-04 7.067749276757240295e-03 1.643649861216545105e-02 1.618579588830471039e-02 2.032854035496711731e-02 1.501063536852598190e-02 7.865870371460914612e-03 6.889575161039829254e-03 3.699612105265259743e-03 8.023628033697605133e-03 4.832679871469736099e-03 1.925808005034923553e-02 4.552719648927450180e-03 1.686387136578559875e-02 8.084801025688648224e-03 2.031684387475252151e-03 1.731427572667598724e-02 1.413853280246257782e-02 2.168508060276508331e-02 8.275023661553859711e-03 2.562428638339042664e-02
5.888898670673370361e-02 6.293789297342300415e-02 1.677830144762992859e-02 1.014234021567972377e-05 1.084026042371988297e-02 6.938255578279495239e-02 8.542563915252685547e-01 9.435492567718029022e-03 1.686707697808742523e-02 1.875843480229377747e-02 3.766138479113578796e-02 4.857553169131278992e-02 3.886112198233604431e-02 5.192647501826286316e-02 2.390979044139385223e-02 2.037799358367919922e-02 1.409177109599113464e-02 2.744363620877265930e-02 1.516889780759811401e-02 4.741204436868429184e-03 1.534107606858015060e-02 1.931966654956340790e-02 3.077406622469425201e-02 3.511333465576171875e-02 8.867952972650527954e-03 2.298841252923011780e-03 2.621832862496376038e-02 1.862486824393272400e-02 1.924357190728187561e-02 2.202888391911983490e-02 1.216792874038219452e-02 1.751047000288963318e-02 2.297528088092803955e-03 1.577399484813213348e-02 2.518202876672148705e-03 6.779701914638280869e-03 7.230060175061225891e-03 1.295888889580965042e-02 7.360957562923431396e-03 3.093146020546555519e-03 6.779397837817668915e-03 4.207409918308258057e-03 1.697250083088874817e-02 3.868481144309043884e-03 1.762410812079906464e-02 3.165351971983909607e-02 5.530792102217674255e-02 5.578990653157234192e-02 7.045484147965908051e-03 1.468200329691171646e-02 7.839033380150794983e-03 1.996632106602191925e-02 6.180264987051486969e-03 1.788631489034742117e-04 3.192190779373049736e-03 2.338469726964831352e-03 3.041993360966444016e-03 5.452094133943319321e-03 2.970561035908758640e-04 1.001088880002498627e-02 1.655514724552631378e-02 7.116967346519231796e-03 1.819862052798271179e-02 2.118063531816005707e-02 1.273798104375600815e-02 1.366290077567100525e-02 1.432518381625413895e-02 1.641920767724514008e-02 7.898029871284961700e-04 1.579013653099536896e-02 1.507830107584595680e-03 9.243221953511238098e-03 3.744143759831786156e-03 6.141819525510072708e-03 1.882109558209776878e-03 1.440617442131042480e-02 1.276558730751276016e-02 2.391244471073150635e-02 2.209258824586868286e-02 3.192272782325744629e-02 5.617274437099695206e-03 1.602860866114497185e-03 2.427895553410053253e-02 2.407098421826958656e-03 1.618972979485988617e-02 1.681075990200042725e-02 7.418721914291381836e-03 9.913320653140544891e-03 1.518229022622108459e-02 1.415959466248750687e-02 3.351587802171707153e-02 1.942548714578151703e-02 3.924569115042686462e-02 1.205630879849195480e-02 2.461386611685156822e-03 2.858507679775357246e-03 7.387202698737382889e-03 2.033092640340328217e-02 1.553492434322834015e-02 2.006102725863456726e-02 1.630344800651073456e-02 5.905252881348133087e-03 5.201727617532014847e-03 7.145170122385025024e-03 7.022908888757228851e-03 4.899590276181697845e-03 1.897870376706123352e-02 6.105996435508131981e-04 1.068878639489412308e-02 4.087638575583696365e-03 1.212359566125087440e-04 2.191315591335296631e-02 1.117086037993431091e-02 1.859010942280292511e-02 1.385437697172164917e-02 2.678108587861061096e-02
1.305386796593666077e-02 8.635175414383411407e-03 2.945052459836006165e-02 2.494593849405646324e-03 4.291364923119544983e-03 9.422819130122661591e-03 9.435492567718029022e-03 8.542563915252685547e-01 1.656403765082359314e-03 9.324130369350314140e-04 2.727662213146686554e-02 2.031240379437804222e-03 2.126153558492660522e-02 6.309889722615480423e-03 4.244111105799674988e-02 1.838622055947780609e-02 2.564441971480846405e-02 6.654419004917144775e-03 1.013636775314807892e-02 1.050514518283307552e-03 8.649137802422046661e-03 2.812436409294605255e-02 1.201413106173276901e-03 2.765141660347580910e-03 1.314814388751983643e-02 1.238637696951627731e-02 9.326464496552944183e-03 7.141196168959140778e-03 2.616658061742782593e-02 2.494587562978267670e-03 2.893459983170032501e-02 5.115905776619911194e-03 1.987137645483016968e-02 3.243406489491462708e-02 3.955624997615814209e-02 2.385875955224037170e-02 2.911729738116264343e-02 5.029556341469287872e-03 5.510499700903892517e-03 9.956595487892627716e-03 5.165470764040946960e-03 1.157426158897578716e-03 3.156759077683091164e-03 1.368280034512281418e-03 1.725563593208789825e-02 1.212717872112989426e-02 2.054004231467843056e-03 1.287609393330058083e-05 2.941964566707611084e-02 2.546456642448902130e-02 9.219115599989891052e-04 8.402332663536071777e-03 3.692848980426788330e-02 3.132119029760360718e-02 2.125475555658340454e-02 2.629169262945652008e-02 1.784827187657356262e-02 2.959473617374897003e-02 1.113587431609630585e-02 1.215988490730524063e-02 4.994737915694713593e-03 2.392557449638843536e-02 1.910506002604961395e-02 1.987440884113311768e-02 3.491580486297607422e-02 1.489647664129734039e-02 1.265330985188484192e-02 1.982564851641654968e-02 1.125652436167001724e-02 1.081261597573757172e-02 1.407664921134710312e-02 1.751788891851902008e-03 2.241754159331321716e-02 1.131608732976019382e-03 2.096764929592609406e-02 7.752822246402502060e-03 8.532855426892638206e-04 9.870701469480991364e-04 1.190812233835458755e-02 3.157424274832010269e-03 6.195761263370513916e-02 3.835497796535491943e-02 7.433088496327400208e-03 1.030639279633760452e-02 3.957197070121765137e-03 7.247038651257753372e-03 5.503596737980842590e-02 9.914944879710674286e-03 1.548229251056909561e-03 8.798088878393173218e-03 6.274256738834083080e-04 3.117108345031738281e-02 5.580582190304994583e-03 2.478743437677621841e-03 1.362366508692502975e-02 2.551900595426559448e-02 1.529529690742492676e-02 6.721202749758958817e-03 2.044331515207886696e-03 2.327598922420293093e-04 7.176799699664115906e-03 3.975511342287063599e-02 1.073665637522935867e-02 1.706082560122013092e-02 9.718797169625759125e-03 3.596348688006401062e-02 1.333979144692420959e-02 1.515921857208013535e-02 2.453212067484855652e-02 1.059954054653644562e-02 1.692380756139755249e-04 5.258926190435886383e-03 1.879780902527272701e-03 8.642675820738077164e-04 2.099790424108505249e-02 1.434751972556114197e-02
1.817671954631805420e-02 1.807204447686672211e-02 5.296005867421627045e-03 3.004589118063449860e-03 1.741227111779153347e-03 1.814204826951026917e-02 1.686707697808742523e-02 1.656403765082359314e-03 8.542563915252685547e-01 4.309845343232154846e-02 1.219153776764869690e-02 2.764897234737873077e-02 1.731702126562595367e-02 2.175651490688323975e-02 1.466344390064477921e-02 2.803329005837440491e-02 3.028231114149093628e-02 1.315988879650831223e-02 1.126320660114288330e-02 1.479401718825101852e-02 2.251998893916606903e-02 1.509285904467105865e-02 3.392928466200828552e-02 3.462250530719757080e-02 1.631479710340499878e-02 2.029432170093059540e-02 1.464759465306997299e-02 3.005243279039859772e-02 1.552444137632846832e-02 2.033102884888648987e-02 1.570139639079570770e-02 2.099442295730113983e-02 4.693025723099708557e-03 1.876730099320411682e-02 3.685161471366882324e-03 9.712028317153453827e-03 2.589962910860776901e-03 2.664620615541934967e-02 9.444263763725757599e-03 1.515419874340295792e-02 7.150417193770408630e-03 3.332382813096046448e-02 2.255496010184288025e-02 1.607366278767585754e-02 3.733106702566146851e-02 2.669359929859638214e-02 1.923385076224803925e-02 2.115099318325519562e-02 2.456678450107574463e-02 2.919389307498931885e-02 2.224146015942096710e-02 1.515311840921640396e-02 1.658997061895206571e-04 3.471987787634134293e-03 2.348248101770877838e-02 2.240118943154811859e-02 1.037222705781459808e-02 1.360066886991262436e-02 5.904116202145814896e-03 1.105667441152036190e-03 1.496995706111192703e-02 6.386890076100826263e-03 5.976042593829333782e-04 4.909236449748277664e-03 8.961179293692111969e-03 1.532202959060668945e-02 2.140603214502334595e-02 2.032936736941337585e-02 3.137608617544174194e-02 2.786886505782604218e-02 2.509929239749908447e-02 3.409179300069808960e-02 2.870046591851860285e-04 2.608725614845752716e-02 3.599602496251463890e-03 2.708026766777038574e-02 4.632329940795898438e-02 3.530024364590644836e-02 4.227932915091514587e-02 2.991462312638759613e-02 4.594703670591115952e-03 5.509834270924329758e-03 1.542284805327653885e-02 1.449192035943269730e-02 9.471500292420387268e-03 1.380464155226945877e-02 4.529748403001576662e-04 1.083415281027555466e-02 1.812751963734626770e-02 2.765701524913311005e-02 2.242342010140419006e-02 1.520913373678922653e-02 1.855769380927085876e-02 2.196402847766876221e-02 1.535025984048843384e-02 1.887471042573451996e-02 1.989027671515941620e-02 2.144400030374526978e-02 3.046449646353721619e-02 2.402854338288307190e-02 1.352278981357812881e-02 6.237511523067951202e-03 1.814804784953594208e-02 1.436128374189138412e-02 9.521556785330176353e-04 3.036040579900145531e-03 8.992454037070274353e-03 1.702035591006278992e-02 1.023741066455841064e-02 1.475049275904893875e-02 1.383197680115699768e-02 1.539594610221683979e-03 2.473121695220470428e-02 1.530589256435632706e-02 1.426992192864418030e-02 1.080296351574361324e-03
1.951051130890846252e-02 1.913900487124919891e-02 8.746427483856678009e-03 1.005295757204294205e-02 8.203994482755661011e-03 2.045805379748344421e-02 1.875843480229377747e-02 9.324130369350314140e-04 4.309845343232154846e-02 8.542563915252685547e-01 1.484089996665716171e-02 2.613376267254352570e-02 1.804269105195999146e-02 2.568157017230987549e-02 3.733333433046936989e-03 1.521903555840253830e-02 2.591464854776859283e-02 8.024381473660469055e-03 2.204444259405136108e-02 1.426355354487895966e-02 1.666018925607204437e-02 1.382466778159141541e-02 2.691098861396312714e-02 3.594152256846427917e-02 2.137933112680912018e-02 2.215428277850151062e-02 1.816994883120059967e-02 1.644487679004669189e-02 1.695909351110458374e-02 2.149273827672004700e-02 1.382897421717643738e-02 1.378238201141357422e-02 7.208703085780143738e-03 1.673804409801959991e-02 9.881548583507537842e-03 8.203799836337566376e-03 3.125794231891632080e-03 1.731789298355579376e-02 1.402438990771770477e-02 1.493758056312799454e-03 6.533295847475528717e-03 2.328337170183658600e-02 2.811540849506855011e-02 6.204156670719385147e-04 3.413466736674308777e-02 3.868696466088294983e-02 2.436180040240287781e-02 2.823678404092788696e-02 1.146030053496360779e-02 3.485134616494178772e-02 1.478176657110452652e-02 1.442539785057306290e-02 9.531606920063495636e-03 6.406783126294612885e-03 1.017707679420709610e-02 2.491899020969867706e-02 2.153768949210643768e-02 1.691698841750621796e-02 8.294678991660475731e-04 3.650779835879802704e-03 8.849827572703361511e-03 1.122395228594541550e-02 6.286125280894339085e-04 9.264320251531898975e-04 1.433366257697343826e-02 1.013199798762798309e-02 1.998550444841384888e-02 1.619402505457401276e-02 2.498094737529754639e-02 2.974695153534412384e-02 3.921340033411979675e-02 1.854251697659492493e-02 6.229619029909372330e-03 2.815003879368305206e-02 8.564955554902553558e-03 1.858652941882610321e-02 3.487768769264221191e-02 5.390259623527526855e-02 3.656623139977455139e-02 4.362341761589050293e-02 6.095795892179012299e-03 4.075601464137434959e-05 1.900179684162139893e-02 3.405111283063888550e-02 2.101740799844264984e-02 2.834258228540420532e-02 5.987965036183595657e-03 6.731305271387100220e-03 1.910077035427093506e-02 2.761052921414375305e-02 2.678828500211238861e-02 1.928220316767692566e-02 2.464274317026138306e-02 1.609123311936855316e-02 2.181334979832172394e-02 1.817051693797111511e-02 1.835248433053493500e-02 1.273806393146514893e-02 2.436660975217819214e-02 2.470650523900985718e-02 1.201692596077919006e-02 1.436339411884546280e-02 1.944471523165702820e-02 1.115642115473747253e-02 8.147002197802066803e-03 1.109657692722976208e-03 5.758643615990877151e-03 2.113126777112483978e-02 1.135755609720945358e-02 1.246998365968465805e-02 1.901404932141304016e-02 1.431223936378955841e-03 2.368946373462677002e-02 3.068927861750125885e-02 1.334274187684059143e-02 5.726616829633712769e-03
4.315486177802085876e-02 4.352708905935287476e-02 2.241834998130798340e-02 1.744506065733730793e-03 1.066949311643838882e-02 3.644514083862304688e-02 3.766138479113578796e-02 2.727662213146686554e-02 1.219153776764869690e-02 1.484089996665716171e-02 8.542563915252685547e-01 3.156824782490730286e-02 4.359970614314079285e-02 3.334094583988189697e-02 3.507422655820846558e-02 2.232589758932590485e-02 2.008694224059581757e-02 8.286074735224246979e-03 5.494898650795221329e-03 6.833955645561218262e-03 2.068305946886539459e-02 3.593581169843673706e-02 1.905553042888641357e-02 1.553587801754474640e-02 1.583776250481605530e-02 1.644900813698768616e-02 3.536164388060569763e-02 1.336319930851459503e-02 3.656952455639839172e-02 1.946626417338848114e-02 2.995804138481616974e-02 1.370517350733280182e-02 1.353555358946323395e-02 1.839800179004669189e-02 2.041871659457683563e-02 1.818415708839893341e-02 1.403620745986700058e-02 2.160043269395828247e-02 5.743722431361675262e-03 6.916751153767108917e-03 1.847833022475242615e-02 1.055960170924663544e-02 1.884735375642776489e-02 1.328950747847557068e-03 9.131690603680908680e-04 1.198632363229990005e-02 3.623441234230995178e-02 3.512552753090858459e-02 1.730098575353622437e-02 1.757574826478958130e-02 1.873714663088321686e-02 3.044383972883224487e-02 2.523205243051052094e-02 2.413180097937583923e-02 1.535317674279212952e-02 1.722555980086326599e-02 1.651337929069995880e-02 1.860690303146839142e-02 9.542156942188739777e-03 2.114833332598209381e-02 1.162906456738710403e-02 2.451932057738304138e-03 1.006802543997764587e-02 3.012686967849731445e-03 3.493231907486915588e-02 2.904814481735229492e-02 1.816665939986705780e-02 2.450456283986568451e-02 1.436378248035907745e-02 3.125923126935958862e-02 1.331492792814970016e-02 2.323706634342670441e-02 1.969475671648979187e-02 2.151411212980747223e-02 1.974814757704734802e-02 2.140748687088489532e-02 1.614192500710487366e-02 1.886486262083053589e-02 3.707338357344269753e-03 1.313434354960918427e-02 2.628267370164394379e-02 1.686844788491725922e-02 1.195013150572776794e-02 4.142438119743019342e-04 1.335538644343614578e-02 1.554327830672264099e-02 3.097395412623882294e-02 2.365213818848133087e-02 6.115153431892395020e-03 8.436564356088638306e-03 3.133536130189895630e-02 3.914313018321990967e-02 3.377363458275794983e-02 2.348386123776435852e-02 9.206066839396953583e-03 1.679372601211071014e-02 1.650909520685672760e-02 2.274027094244956970e-02 1.576245389878749847e-02 1.918370090425014496e-02 1.784844323992729187e-02 1.389758195728063583e-02 1.761580631136894226e-02 6.048093084245920181e-03 1.651635393500328064e-02 1.614688709378242493e-02 1.657368056476116180e-02 2.165295556187629700e-02 7.932486012578010559e-03 1.463003829121589661e-02 2.071610093116760254e-02 2.113057300448417664e-03 1.013337727636098862e-02 1.460778340697288513e-02 4.362961743026971817e-03 8.447115309536457062e-03
3.976773843169212341e-02 4.453970491886138916e-02 4.396827425807714462e-03 5.510681658051908016e-04 1.462167687714099884e-02 5.122561752796173096e-02 4.857553169131278992e-02 2.031240379437804222e-03 2.764897234737873077e-02 2.613376267254352570e-02 3.156824782490730286e-02 8.542563915252685547e-01 3.084966726601123810e-02 6.353282928466796875e-02 1.727461442351341248e-02 2.010834775865077972e-02 1.906390301883220673e-02 1.354276016354560852e-02 7.936224341392517090e-03 9.287623688578605652e-03 8.481355383992195129e-03 2.287843637168407440e-02 3.439835458993911743e-02 3.729321062564849854e-02 3.173605073243379593e-03 1.375004416331648827e-03 2.730706706643104553e-02 2.429485507309436798e-02 2.612761221826076508e-02 2.516771294176578522e-02 1.304087974131107330e-02 5.886184051632881165e-03 6.819234229624271393e-03 7.437109481543302536e-03 6.068265531212091446e-03 4.308304749429225922e-03 3.929428290575742722e-03 2.161578647792339325e-02 2.620001323521137238e-04 2.487674588337540627e-03 2.689129440113902092e-03 1.086329203099012375e-02 1.720215193927288055e-02 4.376443102955818176e-03 4.243655502796173096e-02 4.641444981098175049e-02 5.229374393820762634e-02 4.929858446121215820e-02 2.650185255333781242e-03 1.012593787163496017e-02 2.693585865199565887e-02 3.425918892025947571e-02 3.147799521684646606e-03 4.504114855080842972e-03 1.514176139608025551e-03 1.795824937289580703e-04 1.360487891361117363e-03 4.623378161340951920e-03 6.161966593936085701e-04 5.877520889043807983e-03 4.436985589563846588e-03 6.529348436743021011e-03 4.136112518608570099e-03 1.025931816548109055e-02 1.584964431822299957e-02 1.638706214725971222e-02 4.942113533616065979e-03 9.583096019923686981e-03 1.199936587363481522e-02 2.178848907351493835e-02 1.064796466380357742e-02 1.522160135209560394e-02 1.996378879994153976e-03 1.268814969807863235e-02 4.934438038617372513e-03 1.509504672139883041e-02 2.179375477135181427e-02 3.324261680245399475e-02 3.893443569540977478e-02 4.215222224593162537e-02 1.118118525482714176e-03 1.310090767219662666e-03 1.219432894140481949e-02 5.979450885206460953e-03 1.242096070200204849e-02 1.689925789833068848e-02 5.649105645716190338e-03 1.466685719788074493e-02 1.752975210547447205e-02 1.710276864469051361e-02 3.962846472859382629e-02 1.969152875244617462e-02 4.734578356146812439e-02 1.684240251779556274e-02 5.217331927269697189e-03 3.842172445729374886e-03 1.714781671762466431e-02 2.113808318972587585e-02 1.734585128724575043e-02 2.284350804984569550e-02 9.322966448962688446e-03 1.122585381381213665e-03 2.021825499832630157e-02 4.353743046522140503e-03 3.987086936831474304e-03 7.964632473886013031e-03 8.543348871171474457e-03 1.425906829535961151e-02 2.578031038865447044e-03 1.536157680675387383e-03 1.513992715626955032e-02 1.267801038920879364e-02 1.457863301038742065e-02 2.667039260268211365e-02 7.110978476703166962e-03 1.471124123781919479e-02
4.399089515209197998e-02 4.522386938333511353e-02 2.164881303906440735e-02 9.316448122262954712e-04 8.895051665604114532e-03 3.698291257023811340e-02 3.886112198233604431e-02 2.126153558492660522e-02 1.731702126562595367e-02 1.804269105195999146e-02 4.359970614314079285e-02 3.084966726601123810e-02 8.542563915252685547e-01 3.210335969924926758e-02 3.863238915801048279e-02 2.322645857930183411e-02 1.570505090057849884e-02 1.483220700174570084e-02 7.542102131992578506e-03 8.020351640880107880e-03 2.597497776150703430e-02 3.610174730420112610e-02 2.588430978357791901e-02 2.080495469272136688e-02 1.658494584262371063e-02 1.945889927446842194e-02 2.930680103600025177e-02 1.229200791567564011e-02 2.769834734499454498e-02 1.875044219195842743e-02 2.978929318487644196e-02 1.992641203105449677e-02 1.291249599307775497e-02 1.997114345431327820e-02 8.432231843471527100e-03 2.505216374993324280e-02 1.810504496097564697e-02 2.130860649049282074e-02 7.952098734676837921e-03 6.765111815184354782e-03 1.359852682799100876e-02 1.446418277919292450e-02 2.252831123769283295e-02 9.646874386817216873e-04 3.341264091432094574e-03 1.278992928564548492e-02 3.280089423060417175e-02 3.256282955408096313e-02 1.867233589291572571e-02 1.938693970441818237e-02 1.736374385654926300e-02 2.647807449102401733e-02 2.239694632589817047e-02 2.893185056746006012e-02 1.509304996579885483e-02 1.634261384606361389e-02 1.334419939666986465e-02 1.895370893180370331e-02 7.305538281798362732e-03 2.460208907723426819e-02 1.588412374258041382e-02 2.973928116261959076e-03 4.978764263796620071e-05 7.951830513775348663e-03 2.729720249772071838e-02 3.454555943608283997e-02 2.070069313049316406e-02 2.607155591249465942e-02 1.368696801364421844e-02 3.008632734417915344e-02 1.071877218782901764e-02 3.013237565755844116e-02 1.531689427793025970e-02 2.086748555302619934e-02 9.432384744286537170e-03 2.737501636147499084e-02 1.770973578095436096e-02 2.040686830878257751e-02 8.134658448398113251e-03 1.626802049577236176e-02 2.163075096905231476e-02 1.477386802434921265e-02 1.291817054152488708e-02 3.125861054286360741e-03 1.501492317765951157e-02 1.877344958484172821e-02 2.640114538371562958e-02 3.042797558009624481e-02 6.001164671033620834e-03 1.105043105781078339e-02 2.499428205192089081e-02 3.400763124227523804e-02 3.102144040167331696e-02 3.087244555354118347e-02 1.414836570620536804e-02 1.728332787752151489e-02 1.727156713604927063e-02 2.520076185464859009e-02 2.086558192968368530e-02 2.251096069812774658e-02 2.370256185531616211e-02 1.654217392206192017e-02 1.637013070285320282e-02 8.124886080622673035e-03 2.135048992931842804e-02 1.240069698542356491e-02 2.300188690423965454e-02 1.444180216640233994e-02 1.452918443828821182e-02 2.059301733970642090e-02 1.797013729810714722e-02 2.133579924702644348e-03 1.459389273077249527e-02 1.558408699929714203e-02 1.036862283945083618e-02 7.819348946213722229e-03
