8.272284865379333496e-01 5.901054292917251587e-02 1.065248716622591019e-02 2.488154172897338867e-02 2.581072971224784851e-02 6.099877879023551941e-03 2.879495732486248016e-02 7.284563034772872925e-03 2.359347790479660034e-02 2.416342124342918396e-02 4.811378568410873413e-02 2.522626332938671112e-02 1.509526465088129044e-02 9.787138551473617554e-03 3.615307854488492012e-03 1.615973189473152161e-02 1.975524984300136566e-02 1.096393540501594543e-02 1.044101314619183540e-03 1.166984729934483767e-04 2.136385766789317131e-03 5.904957652091979980e-03 7.550179492682218552e-03 6.828629877418279648e-03 1.531619112938642502e-02 1.706654205918312073e-02 1.053023058921098709e-02 2.771671675145626068e-02 8.503679186105728149e-03 2.353587746620178223e-02 3.763500368222594261e-03 1.277826912701129913e-02 1.906312070786952972e-02 9.861241094768047333e-03 8.259943686425685883e-03 2.861677785404026508e-04 1.200400758534669876e-02 2.223188290372490883e-03 2.754708379507064819e-02 3.813914209604263306e-02 2.282832004129886627e-02 2.170354127883911133e-02 7.292719557881355286e-03 1.659060246311128139e-03 1.935567520558834076e-02 7.825400680303573608e-03 3.850615816190838814e-03 3.622171003371477127e-03 8.841437287628650665e-03 9.624358266592025757e-03 7.736878003925085068e-03 7.987247779965400696e-03 1.439317967742681503e-02 1.079343631863594055e-02 5.159375257790088654e-03 1.655570790171623230e-02 1.587291248142719269e-02 2.067903988063335419e-03 2.866314910352230072e-02 4.161607101559638977e-02 2.265359507873654366e-03 9.496562182903289795e-03 1.086244545876979828e-02 4.708009772002696991e-03 2.046029269695281982e-02 2.547072619199752808e-02 8.805438876152038574e-03 8.908573538064956665e-03 2.060206979513168335e-02 2.598585188388824463e-02 2.945661172270774841e-02 2.756062336266040802e-02 3.005036152899265289e-02 2.593495883047580719e-02 4.068242385983467102e-02 2.030646614730358124e-02 2.018502354621887207e-02 3.729376196861267090e-02 2.369992248713970184e-02 1.503511890769004822e-02 6.704160477966070175e-03 7.278119213879108429e-03 8.795295841991901398e-03 1.267820689827203751e-02 3.721220185980200768e-03 4.426259547472000122e-03 3.441829467192292213e-03 1.007126760669052601e-03 1.927313022315502167e-02 3.146952763199806213e-02 1.115597318857908249e-02 1.127861160784959793e-02 3.253861330449581146e-03 2.096927538514137268e-02 2.975635416805744171e-02 1.590943522751331329e-02 3.026669472455978394e-02 1.350758969783782959e-02 1.634651795029640198e-02 8.582388050854206085e-03 2.714692614972591400e-03 9.222878143191337585e-03 1.632616855204105377e-02 1.299777254462242126e-02 1.266781822778284550e-03 7.035362068563699722e-03 5.698224529623985291e-03 2.057182230055332184e-02 4.318865947425365448e-03 1.465971395373344421e-02 2.785053290426731110e-02 4.099603742361068726e-02 1.762896217405796051e-02 1.122532133013010025e-02 3.103422746062278748e-02 1.051224954426288605e-02
5.901054292917251587e-02 8.272284865379333496e-01 8.252778090536594391e-03 2.567230910062789917e-02 2.420123852789402008e-02 2.148649469017982483e-02 4.475667607039213181e-03 2.314828569069504738e-03 1.651684939861297607e-02 2.410261519253253937e-02 2.808440662920475006e-02 1.695512793958187103e-02 6.446573138236999512e-02 1.366180647164583206e-02 2.335057826712727547e-03 2.482363209128379822e-02 2.748256921768188477e-02 7.803551852703094482e-03 1.379538211040198803e-03 1.782994717359542847e-02 1.366825029253959656e-02 1.728967949748039246e-02 5.521986633539199829e-03 1.998298801481723785e-02 2.992792287841439247e-04 4.055733326822519302e-03 1.864764280617237091e-02 1.691519096493721008e-02 7.029711268842220306e-03 1.757757179439067841e-02 1.294108573347330093e-02 1.153434999287128448e-02 6.912606768310070038e-03 5.432186182588338852e-03 1.246941159479320049e-03 2.749690029304474592e-04 5.245094653218984604e-03 1.738344505429267883e-02 1.385686174035072327e-02 2.038378827273845673e-02 1.855864562094211578e-02 2.138501498848199844e-03 1.572282053530216217e-02 2.095460705459117889e-02 7.043043151497840881e-04 2.208403078839182854e-03 2.069106325507164001e-02 1.673121750354766846e-02 1.218954287469387054e-02 1.199471764266490936e-02 1.380543783307075500e-02 1.163878664374351501e-02 1.048034057021141052e-02 8.318481966853141785e-03 1.827574335038661957e-02 5.008419044315814972e-03 3.496674820780754089e-03 1.746059581637382507e-02 2.046690881252288818e-02 2.680948562920093536e-02 2.449185354635119438e-03 8.676021359860897064e-03 5.747082643210887909e-03 1.185370422899723053e-02 7.807841058820486069e-03 2.749412320554256439e-02 4.592072800733149052e-04 7.811882067471742630e-03 2.812788449227809906e-02 2.727161906659603119e-02 3.924371302127838135e-02 2.417149953544139862e-02 2.470304816961288452e-02 1.775957643985748291e-02 2.753480523824691772e-02 1.310615241527557373e-02 2.606863901019096375e-02 2.810606732964515686e-02 5.255493801087141037e-03 1.205528154969215393e-02 3.568663261830806732e-03 1.017020829021930695e-02 2.451093867421150208e-02 1.844593882560729980e-02 5.543578416109085083e-03 3.928949590772390366e-03 1.024259533733129501e-02 8.985604159533977509e-03 3.446286171674728394e-02 3.671296313405036926e-02 1.383451744914054871e-02 1.341511122882366180e-02 3.016095422208309174e-02 2.638934925198554993e-02 9.884864091873168945e-03 4.223477735649794340e-04 1.369027700275182724e-02 1.337827532552182674e-03 1.052029896527528763e-02 1.300866808742284775e-02 1.153345871716737747e-02 4.860559944063425064e-03 2.435289695858955383e-02 2.375538460910320282e-03 1.164569426327943802e-02 1.473203999921679497e-03 4.756601992994546890e-03 8.622815832495689392e-03 3.472050186246633530e-03 1.970504038035869598e-02 2.787187509238719940e-02 2.660558000206947327e-02 2.956904005259275436e-03 1.317423302680253983e-02 2.938777580857276917e-02 1.855345675721764565e-03
1.065248716622591019e-02 8.252778090536594391e-03 8.272284865379333496e-01 2.543501555919647217e-03 2.783552627079188824e-04 5.282612051814794540e-03 2.006881311535835266e-02 5.211937054991722107e-02 4.244350828230381012e-03 2.152759581804275513e-02 2.177804335951805115e-02 4.734751768410205841e-03 1.861408352851867676e-02 2.118519274517893791e-03 2.450050972402095795e-02 3.758836770430207253e-03 9.316261857748031616e-03 1.449104864150285721e-02 2.863548882305622101e-02 1.179827004671096802e-02 1.350775454193353653e-02 1.614928618073463440e-02 1.850147359073162079e-02 6.194043904542922974e-03 2.939917147159576416e-02 2.664205804467201233e-02 1.227323338389396667e-02 1.578489504754543304e-02 7.064311765134334564e-03 1.738540269434452057e-02 8.893798105418682098e-03 2.505076862871646881e-02 1.022594142705202103e-02 2.210444957017898560e-02 2.150081470608711243e-02 8.343353867530822754e-03 1.440664380788803101e-02 2.617451548576354980e-02 1.043831650167703629e-02 6.036102771759033203e-03 1.867680810391902924e-02 4.205129574984312057e-03 1.278884988278150558e-02 3.619898925535380840e-04 2.094320021569728851e-02 1.912855729460716248e-02 2.109603025019168854e-02 2.788039855659008026e-02 1.307375961914658546e-03 1.438117306679487228e-02 2.428609877824783325e-02 1.606027409434318542e-02 6.980549544095993042e-03 1.713419915176928043e-03 9.682188741862773895e-03 3.527682507410645485e-03 6.359361577779054642e-03 9.880090132355690002e-03 9.985457174479961395e-03 3.362009534612298012e-03 1.486226078122854233e-02 2.049393579363822937e-02 2.421813405817374587e-05 3.704448463395237923e-03 1.849700324237346649e-02 1.066843047738075256e-02 4.979744553565979004e-03 2.210404910147190094e-02 1.306575443595647812e-02 9.458389133214950562e-03 2.980869263410568237e-02 9.182887151837348938e-03 1.010403968393802643e-03 1.323465909808874130e-02 1.402287743985652924e-02 8.739141747355461121e-03 1.577974297106266022e-02 2.388305589556694031e-02 3.311017062515020370e-04 2.187496796250343323e-02 4.157612472772598267e-02 3.934641927480697632e-02 9.836810640990734100e-03 1.523622963577508926e-02 2.822287753224372864e-02 2.339718677103519440e-02 3.004444949328899384e-02 2.135367877781391144e-02 1.776671595871448517e-02 2.943240106105804443e-02 2.419810928404331207e-02 4.133011214435100555e-03 2.347672171890735626e-02 8.938076905906200409e-03 9.958475828170776367e-03 9.724345989525318146e-03 2.798747038468718529e-03 6.859540008008480072e-03 5.691645201295614243e-03 1.839883811771869659e-02 1.135676912963390350e-02 1.417033746838569641e-02 2.283211983740329742e-02 1.058847364038228989e-02 4.832583479583263397e-03 1.390465907752513885e-02 1.310001872479915619e-02 1.058368943631649017e-02 3.359055612236261368e-03 1.521533541381359100e-02 1.411716826260089874e-02 1.590797863900661469e-02 1.084377430379390717e-02 5.371928680688142776e-03 1.925429701805114746e-02 2.954132854938507080e-03
2.488154172897338867e-02 2.567230910062789917e-02 2.543501555919647217e-03 8.272284865379333496e-01 8.359164744615554810e-02 7.945298217236995697e-03 8.793860673904418945e-03 2.234769612550735474e-02 2.319273538887500763e-02 2.050692960619926453e-02 1.017192192375659943e-02 2.601450076326727867e-03 1.923829317092895508e-02 1.275825430639088154e-03 3.676409134641289711e-03 9.658833034336566925e-03 1.262119412422180176e-02 7.799355778843164444e-03 9.128642268478870392e-04 1.813832484185695648e-02 9.795478545129299164e-03 1.323770382441580296e-03 1.049407105892896652e-02 3.473168006166815758e-03 8.225905708968639374e-03 1.849917136132717133e-02 8.231505751609802246e-03 5.207161419093608856e-03 3.918631467968225479e-03 1.462815911509096622e-03 5.753892939537763596e-03 1.069001667201519012e-02 2.943243645131587982e-02 7.208965253084897995e-03 2.720442228019237518e-02 1.167471613734960556e-02 2.193050645291805267e-02 8.707216940820217133e-03 7.029613852500915527e-02 5.961509048938751221e-02 2.787831425666809082e-02 1.918867346830666065e-04 1.024043653160333633e-02 2.371809072792530060e-02 1.058760471642017365e-02 1.457499340176582336e-02 3.256772179156541824e-03 1.348383491858839989e-03 1.395026966929435730e-02 1.140207517892122269e-03 2.592153614386916161e-03 2.338605918339453638e-05 2.605425566434860229e-02 1.615680381655693054e-02 9.261287748813629150e-03 2.483974583446979523e-02 1.103011984378099442e-02 2.514363080263137817e-02 4.687092080712318420e-02 3.408586233854293823e-02 3.609172627329826355e-02 3.517854213714599609e-02 4.103923216462135315e-02 4.384291172027587891e-02 2.025874564424157143e-03 9.368282742798328400e-03 1.202367246150970459e-02 3.530518850311636925e-03 6.695257965475320816e-03 1.727916649542748928e-03 1.311540510505437851e-02 1.432243152521550655e-03 5.660943686962127686e-02 1.187859103083610535e-02 4.753042384982109070e-02 5.584721919149160385e-03 3.269290085881948471e-03 6.111609283834695816e-03 2.953649163828231394e-05 1.034915354102849960e-02 1.550794206559658051e-02 1.469991263002157211e-02 5.456256493926048279e-02 5.142519250512123108e-02 4.537526052445173264e-03 4.425191320478916168e-03 5.505532491952180862e-03 3.261632751673460007e-03 5.653482396155595779e-03 5.716533865779638290e-03 9.665118530392646790e-03 1.649802178144454956e-02 1.586759346537292004e-03 1.043297350406646729e-02 2.940029092133045197e-02 1.904345117509365082e-02 2.384410612285137177e-02 2.126499265432357788e-02 7.890239357948303223e-03 2.697400283068418503e-03 2.176946029067039490e-02 1.693751290440559387e-02 2.789686992764472961e-02 2.784381154924631119e-03 1.821419573388993740e-04 7.367370999418199062e-04 5.627938662655651569e-04 2.460310421884059906e-02 1.386035582982003689e-03 2.318258583545684814e-02 3.381258994340896606e-02 2.780863828957080841e-02 8.052451536059379578e-03 2.224305644631385803e-02 1.775489561259746552e-02 2.266827039420604706e-02
2.581072971224784851e-02 2.420123852789402008e-02 2.783552627079188824e-04 8.359164744615554810e-02 8.272284865379333496e-01 5.224589724093675613e-03 8.179756812751293182e-03 1.422660797834396362e-02 1.548461895436048508e-02 1.279233489185571671e-02 6.560975220054388046e-03 1.849271939136087894e-04 2.553437091410160065e-02 2.064786618575453758e-03 1.197239267639815807e-03 1.202347408980131149e-02 1.374417915940284729e-02 7.870138622820377350e-03 1.453623734414577484e-02 1.444172672927379608e-02 9.866243228316307068e-03 6.417362950742244720e-03 6.877393461763858795e-03 2.618325874209403992e-03 5.115774925798177719e-03 1.987758092582225800e-02 8.646677248179912567e-03 8.187104947865009308e-03 5.803378298878669739e-03 6.776436697691679001e-03 8.228965103626251221e-03 4.153792280703783035e-03 2.849886938929557800e-02 1.143025513738393784e-02 3.345306590199470520e-02 1.636576838791370392e-02 2.508243732154369354e-02 5.491504911333322525e-03 6.868089735507965088e-02 5.956350639462471008e-02 1.947499439120292664e-02 2.105950843542814255e-04 6.395214237272739410e-03 1.338921952992677689e-02 3.564489074051380157e-03 1.039593107998371124e-02 7.087992853485047817e-04 2.683565253391861916e-03 1.035711914300918579e-02 3.469972638413310051e-03 6.574444007128477097e-03 4.830384161323308945e-03 1.626817323267459869e-02 2.078202366828918457e-02 6.179223768413066864e-03 2.647806890308856964e-02 9.423428215086460114e-03 3.231286257505416870e-02 4.551906138658523560e-02 3.412295877933502197e-02 3.531546890735626221e-02 4.785772413015365601e-02 3.650194033980369568e-02 4.892898723483085632e-02 5.697361193597316742e-03 1.941338926553726196e-02 1.096356380730867386e-02 5.093276035040616989e-03 7.595587521791458130e-03 3.061083378270268440e-03 1.769895665347576141e-02 5.528802867047488689e-04 5.502516776323318481e-02 1.568794436752796173e-02 5.331559106707572937e-02 3.030622145161032677e-03 2.939793514087796211e-03 1.076597813516855240e-02 1.583949546329677105e-03 1.618723571300506592e-02 8.802214637398719788e-03 7.834166288375854492e-03 4.754251986742019653e-02 5.682380124926567078e-02 3.401171183213591576e-03 3.145728725939989090e-03 1.546259853057563305e-03 1.759035745635628700e-03 5.413137376308441162e-03 1.290223095566034317e-02 1.091231685131788254e-02 2.264987304806709290e-02 5.908762570470571518e-03 9.705311618745326996e-03 3.307203203439712524e-02 2.154549397528171539e-02 2.156048081815242767e-02 1.686029694974422455e-02 3.782048122957348824e-03 1.781284692697227001e-03 1.422941777855157852e-02 1.725571416318416595e-02 2.162194065749645233e-02 5.277348100207746029e-04 4.590341821312904358e-03 7.469488773494958878e-03 9.231494041159749031e-04 2.234864607453346252e-02 3.177864477038383484e-03 2.795694582164287567e-02 2.709566429257392883e-02 2.522442676126956940e-02 6.803660187870264053e-03 1.537065859884023666e-02 1.202284917235374451e-02 3.022602573037147522e-02
6.099877879023551941e-03 2.148649469017982483e-02 5.282612051814794540e-03 7.945298217236995697e-03 5.224589724093675613e-03 8.272284865379333496e-01 8.077465742826461792e-02 1.586121134459972382e-02 1.746672019362449646e-02 6.897522602230310440e-03 1.008989289402961731e-02 2.981731668114662170e-02 1.417985418811440468e-03 3.895734995603561401e-02 1.083447877317667007e-02 1.689148694276809692e-02 2.062414400279521942e-02 6.727461586706340313e-04 1.205922570079565048e-02 1.680476241745054722e-03 8.824911899864673615e-03 8.854085579514503479e-03 3.365482669323682785e-03 7.958333007991313934e-03 2.523364871740341187e-02 1.592460757819935679e-04 4.525024560280144215e-04 6.358650512993335724e-03 3.776517137885093689e-02 6.248924415558576584e-03 3.712383285164833069e-02 7.026840932667255402e-03 1.997616328299045563e-02 5.484587512910366058e-03 9.994676336646080017e-03 2.329278737306594849e-02 3.057327680289745331e-02 4.220749906380660832e-05 9.565029293298721313e-03 7.917148992419242859e-03 3.778475103899836540e-03 1.199786551296710968e-02 2.431028708815574646e-02 2.361364662647247314e-02 4.112171009182929993e-02 5.168886482715606689e-02 7.138948887586593628e-02 4.792387038469314575e-02 9.757108055055141449e-03 2.349948277696967125e-03 1.946780085563659668e-02 2.716414444148540497e-02 1.170351915061473846e-02 8.162773447111248970e-04 2.166095189750194550e-02 1.431487221270799637e-02 2.410203777253627777e-02 3.139669308438897133e-03 1.797778345644474030e-02 2.859125146642327309e-03 1.838605292141437531e-02 2.104703336954116821e-02 2.336933277547359467e-03 1.338685769587755203e-02 1.378707773983478546e-02 1.716724969446659088e-02 1.047613844275474548e-02 2.789719589054584503e-02 2.936523593962192535e-02 8.228889666497707367e-03 2.173682302236557007e-02 5.988095887005329132e-03 1.243602950125932693e-02 5.764048546552658081e-04 1.033717114478349686e-02 4.696471150964498520e-03 1.259838603436946869e-02 1.075002457946538925e-02 2.257821150124073029e-02 1.237286347895860672e-02 2.074683457612991333e-02 1.805943436920642853e-02 1.925153657793998718e-02 6.054207216948270798e-03 2.125286124646663666e-02 2.675534226000308990e-02 2.530057728290557861e-02 2.791344374418258667e-02 1.188507024198770523e-02 5.377909168601036072e-03 2.977373078465461731e-03 1.110355928540229797e-02 9.428286924958229065e-03 6.293893791735172272e-03 1.742169633507728577e-02 2.003633044660091400e-02 1.442588120698928833e-02 2.317900536581873894e-03 7.632594555616378784e-03 1.542177610099315643e-02 1.352119026705622673e-03 2.013440011069178581e-03 2.136260084807872772e-02 2.542963996529579163e-02 8.201645687222480774e-03 3.696007886901497841e-03 6.320622749626636505e-03 2.942706830799579620e-02 1.688216254115104675e-02 2.253959514200687408e-02 2.101530320942401886e-02 1.358340959995985031e-02 1.433476246893405914e-02 2.372627891600131989e-02 2.969210036098957062e-03 2.271861536428332329e-03
2.879495732486248016e-02 4.475667607039213181e-03 2.006881311535835266e-02 8.793860673904418945e-03 8.179756812751293182e-03 8.077465742826461792e-02 8.272284865379333496e-01 1.749727688729763031e-02 8.130155503749847412e-03 6.881757173687219620e-03 2.782554551959037781e-02 1.567446067929267883e-02 3.501835465431213379e-02 3.517158329486846924e-02 6.766766775399446487e-03 1.187358796596527100e-02 1.761790923774242401e-02 2.184519916772842407e-02 2.047686371952295303e-03 1.351711712777614594e-02 6.889726035296916962e-03 8.439539931714534760e-03 2.688034903258085251e-03 4.587085451930761337e-03 3.613296151161193848e-02 1.619289070367813110e-02 1.393871789332479239e-04 5.493361037224531174e-03 2.880431339144706726e-02 1.090481691062450409e-02 2.148080430924892426e-02 3.817421849817037582e-03 9.366522543132305145e-03 5.953320767730474472e-03 6.989829242229461670e-03 1.318589132279157639e-02 1.175104826688766479e-02 9.897658601403236389e-03 5.084340460598468781e-03 1.162702334113419056e-03 3.911691717803478241e-03 4.963977728039026260e-03 2.803882583975791931e-02 1.681367121636867523e-02 1.872173696756362915e-02 4.079105332493782043e-02 6.472258269786834717e-02 7.129570096731185913e-02 5.284680519253015518e-03 4.884854890406131744e-03 5.943953525274991989e-03 1.367483474314212799e-02 1.135727763175964355e-02 1.089496351778507233e-02 2.467942610383033752e-02 2.567301876842975616e-02 7.429345045238733292e-03 1.526612322777509689e-02 3.899512579664587975e-03 1.235111150890588760e-02 9.431310929358005524e-03 2.033417671918869019e-02 6.914449855685234070e-03 2.134080510586500168e-03 2.879497036337852478e-02 2.183631248772144318e-02 8.722170256078243256e-03 2.610836550593376160e-02 1.923899538815021515e-02 5.376035114750266075e-04 1.585535518825054169e-02 9.492143988609313965e-03 8.141258731484413147e-03 4.997557494789361954e-03 3.608595870900899172e-04 3.313710214570164680e-03 2.220886060968041420e-03 6.401055492460727692e-03 1.661174744367599487e-02 1.429510489106178284e-02 2.296707034111022949e-02 2.186084352433681488e-02 6.066008470952510834e-03 7.424708921462297440e-03 2.225440368056297302e-02 3.322697058320045471e-02 1.928554475307464600e-02 2.868862450122833252e-02 8.288035169243812561e-04 5.574050359427928925e-03 1.066359039396047592e-02 1.347009371966123581e-02 1.408924721181392670e-02 8.340706117451190948e-03 7.765501271933317184e-03 1.258372981101274490e-02 5.028928630053997040e-03 3.326882841065526009e-03 2.388462424278259277e-03 1.372287422418594360e-02 5.045132711529731750e-03 3.904391545802354813e-03 2.016643248498439789e-02 1.688284426927566528e-02 7.643534801900386810e-03 1.961383968591690063e-02 3.391238627955317497e-03 3.425724804401397705e-02 2.203978411853313446e-02 2.391378954052925110e-02 1.092064939439296722e-02 4.788890655618160963e-04 8.651228621602058411e-03 2.591658197343349457e-02 3.645501565188169479e-03 8.682972751557826996e-03
7.284563034772872925e-03 2.314828569069504738e-03 5.211937054991722107e-02 2.234769612550735474e-02 1.422660797834396362e-02 1.586121134459972382e-02 1.749727688729763031e-02 8.272284865379333496e-01 1.959362812340259552e-02 4.150262102484703064e-03 7.477606646716594696e-03 1.414176914840936661e-02 1.253208424896001816e-02 1.917494460940361023e-02 5.764712765812873840e-02 9.016889147460460663e-03 1.041881553828716278e-02 1.671472378075122833e-02 5.256613367237150669e-04 1.791237294673919678e-02 1.054876670241355896e-02 1.097427960485219955e-02 1.175601501017808914e-02 8.816765621304512024e-03 2.490237355232238770e-02 1.265694573521614075e-02 7.487169932574033737e-03 1.307659596204757690e-02 2.311522513628005981e-02 1.424875855445861816e-02 2.729078195989131927e-02 1.169188972562551498e-02 3.276230767369270325e-02 1.297673489898443222e-02 2.908220142126083374e-02 1.687903073616325855e-03 3.208915237337350845e-03 3.175702318549156189e-02 1.391760166734457016e-02 1.789919286966323853e-02 1.689693331718444824e-02 1.031523663550615311e-02 2.357851341366767883e-02 3.812817158177495003e-03 7.448558695614337921e-03 1.624258235096931458e-02 4.756783135235309601e-03 1.525572780519723892e-02 2.102911099791526794e-02 9.949273429811000824e-03 3.481469303369522095e-02 3.266133368015289307e-02 9.989466518163681030e-03 9.411987266503274441e-04 9.710994549095630646e-03 8.401563391089439392e-03 8.142548031173646450e-04 1.902135461568832397e-02 2.115028351545333862e-02 1.403461489826440811e-02 8.736534975469112396e-03 2.051230752840638161e-03 2.938446216285228729e-02 2.075314149260520935e-02 5.111033678986132145e-04 1.080309506505727768e-02 9.701451286673545837e-03 1.671785861253738403e-02 1.680453494191169739e-02 1.748986355960369110e-02 2.258959785103797913e-02 2.080090902745723724e-02 6.379421334713697433e-03 3.034686436876654625e-03 6.525967270135879517e-03 8.351887576282024384e-03 2.585533075034618378e-02 6.588747724890708923e-03 4.290210548788309097e-03 5.980388261377811432e-03 6.424242258071899414e-02 6.039116531610488892e-02 2.283166628330945969e-03 3.546453663147985935e-04 1.480195205658674240e-02 1.595051027834415436e-02 5.319237336516380310e-02 5.787889286875724792e-02 2.467134781181812286e-02 1.564797945320606232e-02 2.251702919602394104e-02 4.747244063764810562e-03 3.006969206035137177e-02 6.032094242982566357e-04 7.154597435146570206e-03 7.698258850723505020e-03 1.571662724018096924e-02 3.287648549303412437e-03 9.964692406356334686e-03 2.121428772807121277e-02 1.181123196147382259e-03 4.529057536274194717e-03 2.673612721264362335e-02 1.532798912376165390e-02 7.498467806726694107e-03 4.706666804850101471e-03 6.339204497635364532e-03 7.272847462445497513e-03 7.550585083663463593e-03 6.287381052970886230e-03 2.540704049170017242e-02 2.127784118056297302e-02 7.020877208560705185e-03 2.023285441100597382e-02 1.920300163328647614e-02 7.293404196389019489e-04
2.359347790479660034e-02 1.651684939861297607e-02 4.244350828230381012e-03 2.319273538887500763e-02 1.548461895436048508e-02 1.746672019362449646e-02 8.130155503749847412e-03 1.959362812340259552e-02 8.272284865379333496e-01 4.152041673660278320e-02 1.886884123086929321e-02 4.607755690813064575e-04 5.203245207667350769e-03 1.855449937283992767e-02 7.258576340973377228e-03 7.768017705529928207e-03 6.980048055993393064e-05 4.477500542998313904e-02 1.211665011942386627e-02 1.306647248566150665e-02 6.578269414603710175e-03 2.722012624144554138e-02 2.476756693795323372e-03 5.444139242172241211e-03 1.402023155242204666e-02 5.504753440618515015e-03 2.346267178654670715e-02 1.178299915045499802e-02 1.943510584533214569e-02 2.325591258704662323e-02 1.488410960882902145e-02 1.739232102409005165e-04 1.920295879244804382e-02 1.609821058809757233e-02 1.769415289163589478e-02 1.933105848729610443e-02 2.789913676679134369e-03 1.034708879888057709e-02 5.285356659442186356e-03 1.150647085160017014e-02 3.741205437108874321e-03 3.373998031020164490e-02 1.352597586810588837e-02 1.775263249874114990e-02 1.927268691360950470e-02 4.741889424622058868e-03 8.739657700061798096e-03 1.175724621862173080e-02 3.025279752910137177e-02 1.184847322292625904e-03 1.373152364976704121e-03 4.790436942130327225e-03 3.089324571192264557e-02 3.197287395596504211e-02 4.274037852883338928e-02 4.399016965180635452e-03 1.250016596168279648e-02 1.223942916840314865e-02 1.938865706324577332e-02 1.402499433606863022e-02 1.320617180317640305e-02 6.667010020464658737e-03 3.818401321768760681e-02 3.363596647977828979e-02 4.584440495818853378e-03 7.371651474386453629e-03 1.673673279583454132e-02 1.247952599078416824e-02 4.568482935428619385e-02 2.319970913231372833e-02 1.876504719257354736e-02 4.928455874323844910e-02 1.433026511222124100e-02 1.386256236582994461e-02 1.176981907337903976e-02 5.207876116037368774e-02 6.518186628818511963e-02 3.245907649397850037e-02 3.306819871068000793e-02 7.734784856438636780e-03 1.270253094844520092e-03 1.322850212454795837e-02 2.404421009123325348e-02 2.124334132531657815e-04 1.103634480386972427e-02 6.981842219829559326e-03 1.154422352556139231e-04 4.132692702114582062e-03 2.533185295760631561e-02 6.641076412051916122e-03 1.041943207383155823e-02 1.919935829937458038e-02 1.252191886305809021e-02 3.666703402996063232e-02 2.099314704537391663e-02 2.430406166240572929e-03 1.763007836416363716e-03 3.439379855990409851e-02 2.957673557102680206e-02 1.465446874499320984e-02 1.936916820704936981e-02 1.655104942619800568e-02 5.991181824356317520e-03 7.760277367196977139e-05 4.814800340682268143e-03 2.695147646591067314e-03 1.663794391788542271e-03 1.182902790606021881e-02 8.493327535688877106e-03 5.685211159288883209e-03 1.481417007744312286e-02 1.263147220015525818e-02 1.612611487507820129e-02 4.746380727738142014e-03 6.034438032656908035e-03 1.173413265496492386e-02
2.416342124342918396e-02 2.410261519253253937e-02 2.152759581804275513e-02 2.050692960619926453e-02 1.279233489185571671e-02 6.897522602230310440e-03 6.881757173687219620e-03 4.150262102484703064e-03 4.152041673660278320e-02 8.272284865379333496e-01 1.684703864157199860e-02 4.770381841808557510e-03 6.170892738737165928e-04 7.949188875500112772e-05 2.563336864113807678e-03 7.627576589584350586e-03 1.943845860660076141e-02 2.921160124242305756e-02 6.764063239097595215e-02 8.851560764014720917e-03 2.055834420025348663e-02 2.399747818708419800e-02 1.250760443508625031e-02 3.274836018681526184e-02 2.969491481781005859e-02 3.383210673928260803e-02 1.590794511139392853e-02 5.531436763703823090e-03 7.715539075434207916e-03 2.752923872321844101e-03 1.578550972044467926e-02 7.082186057232320309e-04 2.903429418802261353e-02 7.296778261661529541e-03 2.597938291728496552e-02 1.040642242878675461e-02 1.009309850633144379e-02 1.333001721650362015e-02 2.071643248200416565e-02 1.414609886705875397e-02 2.312480006366968155e-03 3.310162574052810669e-02 1.569111086428165436e-02 1.594115421175956726e-02 1.883592084050178528e-02 1.914851367473602295e-02 1.523611322045326233e-02 1.152510382235050201e-02 1.726921834051609039e-02 3.128499910235404968e-02 1.043090689927339554e-02 9.710209444165229797e-03 1.070353575050830841e-02 5.541330901905894279e-04 2.563607413321733475e-03 2.226524055004119873e-03 2.466917596757411957e-02 6.847534095868468285e-04 1.393346674740314484e-02 3.843688638880848885e-03 1.736760884523391724e-02 4.223555326461791992e-03 2.320282533764839172e-02 1.414346881210803986e-02 4.949311260133981705e-04 2.954014635179191828e-04 5.345237907022237778e-03 3.180345986038446426e-03 1.488090027123689651e-02 2.792586572468280792e-02 3.841390833258628845e-02 1.477341260761022568e-02 2.605464495718479156e-02 3.749810159206390381e-02 1.255101431161165237e-02 1.414776965975761414e-02 8.824784308671951294e-03 5.962024256587028503e-02 3.189271315932273865e-02 6.458809971809387207e-02 3.075157757848501205e-03 7.913861423730850220e-03 6.393720395863056183e-03 3.268389776349067688e-02 1.181063894182443619e-02 1.683130301535129547e-02 9.553286246955394745e-03 1.017255522310733795e-02 5.064434371888637543e-03 2.838808670639991760e-02 3.585014201235026121e-04 2.731014229357242584e-02 6.017181556671857834e-03 2.496018074452877045e-02 1.480383239686489105e-02 3.530325833708047867e-03 2.698569558560848236e-02 1.958360336720943451e-02 3.215448185801506042e-02 2.870345301926136017e-02 3.799631493166089058e-03 1.311631314456462860e-02 8.678383193910121918e-03 1.201428752392530441e-02 1.769116334617137909e-02 2.181681804358959198e-02 5.608974024653434753e-03 4.594548139721155167e-03 1.127897016704082489e-02 1.127882627770304680e-03 8.206635713577270508e-03 3.254419425502419472e-04 1.663676090538501740e-02 4.060982260853052139e-03 1.339521631598472595e-02 1.631021685898303986e-02
4.811378568410873413e-02 2.808440662920475006e-02 2.177804335951805115e-02 1.017192192375659943e-02 6.560975220054388046e-03 1.008989289402961731e-02 2.782554551959037781e-02 7.477606646716594696e-03 1.886884123086929321e-02 1.684703864157199860e-02 8.272284865379333496e-01 2.146334014832973480e-02 4.066543653607368469e-02 4.868333227932453156e-03 7.202142849564552307e-03 5.589123466052114964e-04 1.177440118044614792e-02 1.173419295810163021e-03 4.791748709976673126e-03 2.334451489150524139e-02 3.016763366758823395e-02 1.754483766853809357e-02 1.710888557136058807e-02 1.263843290507793427e-02 3.390538692474365234e-02 1.325312443077564240e-02 8.372477255761623383e-03 2.961177565157413483e-02 3.077599965035915375e-02 2.536441013216972351e-02 1.124567911028862000e-02 3.017061017453670502e-02 2.275598421692848206e-02 3.073017485439777374e-02 1.631590910255908966e-02 2.385044004768133163e-03 1.665934920310974121e-02 1.002597715705633163e-02 5.479926709085702896e-03 3.964811563491821289e-03 7.419662550091743469e-03 9.075153619050979614e-03 1.490220148116350174e-02 2.044948376715183258e-02 2.368782833218574524e-02 1.560039352625608444e-03 1.119745988398790359e-02 1.616054587066173553e-02 6.896387785673141479e-03 1.369583792984485626e-02 2.092024311423301697e-02 2.553689666092395782e-02 5.117112770676612854e-03 3.525638487190008163e-03 4.124800208956003189e-03 3.572987159714102745e-03 1.383530627936124802e-02 1.354137156158685684e-02 3.682083217427134514e-03 1.398508250713348389e-02 1.261469069868326187e-02 7.566920947283506393e-03 2.429417218081653118e-04 1.490800525061786175e-03 3.964192047715187073e-02 2.254013530910015106e-02 1.996237784624099731e-02 3.083945624530315399e-02 1.683656498789787292e-02 3.857222199440002441e-02 2.051142603158950806e-02 1.357365213334560394e-02 1.493947114795446396e-02 2.817429415881633759e-02 1.748832315206527710e-02 1.259825285524129868e-02 1.738785766065120697e-02 2.544428035616874695e-02 3.842125879600644112e-03 5.744827794842422009e-04 1.080272346735000610e-02 9.727859869599342346e-03 5.410036537796258926e-03 1.631557568907737732e-02 2.133057266473770142e-02 2.296543307602405548e-02 2.632064744830131531e-03 2.725746482610702515e-03 3.250279277563095093e-02 3.635239601135253906e-02 3.202880546450614929e-02 2.779250778257846832e-02 2.377685904502868652e-02 1.013005711138248444e-02 1.035749260336160660e-02 5.959547124803066254e-03 1.432881597429513931e-02 4.073114600032567978e-03 9.863828308880329132e-03 2.545072138309478760e-02 1.236696820706129074e-02 1.081976015120744705e-02 3.219390986487269402e-03 4.907924216240644455e-03 2.607909962534904480e-02 2.807178534567356110e-02 1.750652305781841278e-02 1.432681828737258911e-02 5.620209034532308578e-03 1.420457195490598679e-02 1.445800345391035080e-02 7.206281647086143494e-03 1.112663559615612030e-02 1.302530243992805481e-02 1.445756666362285614e-02 5.104543641209602356e-03
2.522626332938671112e-02 1.695512793958187103e-02 4.734751768410205841e-03 2.601450076326727867e-03 1.849271939136087894e-04 2.981731668114662170e-02 1.567446067929267883e-02 1.414176914840936661e-02 4.607755690813064575e-04 4.770381841808557510e-03 2.146334014832973480e-02 8.272284865379333496e-01 3.396689146757125854e-02 7.917130738496780396e-02 2.447588928043842316e-02 1.908099651336669922e-02 1.408012211322784424e-02 3.277273476123809814e-02 3.304456174373626709e-02 5.872477413504384458e-05 4.492614883929491043e-03 1.855683326721191406e-02 2.123000845313072205e-02 2.222432196140289307e-02 2.193492464721202850e-02 4.501426592469215393e-03 7.592542562633752823e-03 6.232860311865806580e-02 6.346154841594398022e-04 5.145464465022087097e-02 4.263807786628603935e-04 2.085321024060249329e-02 4.660475242417305708e-04 1.248293649405241013e-02 7.467509247362613678e-03 1.080481056123971939e-02 1.394444890320301056e-02 2.081087604165077209e-02 1.230188878253102303e-03 1.339599583297967911e-02 2.979679731652140617e-03 7.221134379506111145e-03 8.603258058428764343e-03 5.222702398896217346e-03 4.296166822314262390e-02 3.537958860397338867e-02 2.612770907580852509e-02 1.436261553317308426e-02 4.611355252563953400e-03 2.896664664149284363e-02 1.770658977329730988e-02 2.224286086857318878e-02 1.337864808738231659e-02 5.229740869253873825e-03 3.733673831447958946e-03 2.479432709515094757e-02 7.969726808369159698e-03 6.606418173760175705e-03 2.343611605465412140e-02 1.209166552871465683e-02 2.207345701754093170e-02 2.606436423957347870e-02 1.481489278376102448e-02 3.834480419754981995e-03 7.060798350721597672e-03 4.945426248013973236e-03 5.817797500640153885e-03 1.049624290317296982e-02 4.984215833246707916e-03 4.535662941634654999e-03 1.133260875940322876e-02 4.901274573057889938e-03 3.478039056062698364e-02 1.672638393938541412e-02 3.234414383769035339e-02 1.631716266274452209e-02 1.631789840757846832e-02 1.968492567539215088e-02 2.943645045161247253e-02 2.339075319468975067e-03 1.874329335987567902e-02 1.745275035500526428e-02 2.674066461622714996e-02 2.018006145954132080e-02 6.293009500950574875e-03 2.975332783535122871e-03 1.091675460338592529e-02 1.846541464328765869e-02 2.932224236428737640e-02 3.945349529385566711e-02 2.827056683599948883e-02 1.576833426952362061e-02 2.143415436148643494e-02 9.246806614100933075e-03 1.316761784255504608e-02 3.111178753897547722e-03 1.038440875709056854e-02 1.646473072469234467e-02 3.893409157171845436e-03 1.009913347661495209e-02 1.007982250303030014e-02 1.633931882679462433e-02 6.231344770640134811e-03 2.422061050310730934e-03 1.124506909400224686e-02 1.386737823486328125e-02 1.324173156172037125e-02 7.243333384394645691e-03 3.892396762967109680e-02 9.774500504136085510e-03 2.067985758185386658e-02 3.054320625960826874e-02 6.879237480461597443e-03 1.211975049227476120e-02 3.872742410749197006e-03 6.508699618279933929e-03
1.509526465088129044e-02 6.446573138236999512e-02 1.861408352851867676e-02 1.923829317092895508e-02 2.553437091410160065e-02 1.417985418811440468e-03 3.501835465431213379e-02 1.253208424896001816e-02 5.203245207667350769e-03 6.170892738737165928e-04 4.066543653607368469e-02 3.396689146757125854e-02 8.272284865379333496e-01 3.130748867988586426e-02 1.721254736185073853e-02 9.980206377804279327e-03 5.084456410259008408e-03 6.647150963544845581e-03 2.801755676046013832e-03 1.049288269132375717e-02 7.990363053977489471e-03 1.677663996815681458e-02 6.494542118161916733e-03 1.543349120765924454e-03 8.980574086308479309e-03 2.233911864459514618e-02 2.268716460093855858e-03 2.549229562282562256e-02 3.015113249421119690e-02 1.927297376096248627e-02 3.218610584735870361e-02 1.949734240770339966e-02 4.249467514455318451e-03 9.673009626567363739e-03 9.522441774606704712e-03 5.222714506089687347e-03 3.914731089025735855e-03 3.011892782524228096e-03 1.006519142538309097e-02 7.347664330154657364e-03 4.232609178870916367e-03 1.230593770742416382e-02 1.600014744326472282e-03 1.872306317090988159e-02 8.092435076832771301e-03 6.003774236887693405e-03 5.222377367317676544e-03 1.805245131254196167e-02 4.254665691405534744e-03 1.834563910961151123e-02 1.787422783672809601e-02 1.380960084497928619e-02 1.112251891754567623e-03 4.515598062425851822e-03 1.672740466892719269e-02 7.961449213325977325e-03 3.033444099128246307e-02 2.983176708221435547e-02 1.393147371709346771e-02 9.415660984814167023e-03 1.363280694931745529e-02 3.010051324963569641e-03 3.205551952123641968e-02 3.283485025167465210e-02 1.354926917701959610e-02 2.942186780273914337e-02 3.516556229442358017e-03 2.848083153367042542e-03 7.531663868576288223e-03 2.200916968286037445e-02 9.674418717622756958e-03 1.737355999648571014e-02 2.871992997825145721e-02 4.457070026546716690e-03 2.485517039895057678e-02 5.555084208026528358e-04 2.098642103374004364e-02 5.097038578242063522e-03 1.921143848448991776e-03 5.415005143731832504e-03 1.032341271638870239e-02 1.393052656203508377e-02 1.762489601969718933e-02 2.152908779680728912e-02 2.027102746069431305e-03 4.097926896065473557e-03 6.108391098678112030e-03 2.386029250919818878e-02 4.275858029723167419e-02 3.478820994496345520e-02 3.178222104907035828e-02 3.186509013175964355e-03 4.483830183744430542e-02 1.907886750996112823e-02 1.875872351229190826e-02 8.144643157720565796e-03 6.904138252139091492e-03 6.920019630342721939e-03 1.073950063437223434e-02 1.785935834050178528e-02 7.897894829511642456e-03 2.010380849242210388e-02 9.786843322217464447e-03 2.065832726657390594e-03 1.412175688892602921e-02 6.738047581166028976e-03 6.495920009911060333e-03 4.130849847570061684e-04 3.051769547164440155e-02 1.610036380589008331e-02 1.941728219389915466e-02 1.046732999384403229e-02 2.481455449014902115e-03 2.201708732172846794e-03 1.227084454149007797e-02 1.394575368613004684e-02
