8.332079052925109863e-01 6.576112657785415649e-02 1.602987386286258698e-02 5.924125434830784798e-04 1.855807565152645111e-02 4.673774167895317078e-02 3.443153575062751770e-02 8.720545098185539246e-03 1.511457003653049469e-02 1.781097427010536194e-02 6.426177918910980225e-02 9.399623610079288483e-03 1.980798691511154175e-02 1.669915020465850830e-02 1.839736476540565491e-02 1.924781361594796181e-03 2.348717302083969116e-03 6.097816862165927887e-03 1.455572806298732758e-02 2.386393025517463684e-02 1.484756264835596085e-02 1.507114712148904800e-02 2.008163742721080780e-02 2.507266215980052948e-02 1.643341034650802612e-02 6.704194936901330948e-03 2.663552574813365936e-02 1.197212375700473785e-02 2.638339065015316010e-02 1.255427580326795578e-02 3.002023883163928986e-02 1.352507434785366058e-02 8.566878736019134521e-03 1.323025394231081009e-02 1.865143515169620514e-02 2.073524147272109985e-02 2.212843671441078186e-02 5.065822973847389221e-03 1.365532167255878448e-03 9.153097867965698242e-03 1.122043817304074764e-03 3.005281463265419006e-02 1.311098132282495499e-02 7.871045731008052826e-03 3.643745929002761841e-02 3.939911723136901855e-02 2.451236732304096222e-02 2.571000950410962105e-03 1.893252320587635040e-02 1.140300650149583817e-02 5.097000859677791595e-03 6.461199373006820679e-03 1.586366631090641022e-02 1.227138377726078033e-02 1.716642640531063080e-02 5.339003633707761765e-03 3.516311524435877800e-03 1.258212700486183167e-02 6.938034668564796448e-03 1.280817203223705292e-02 1.219585631042718887e-02 6.140425102785229683e-04 6.621230393648147583e-03 1.039107982069253922e-02 3.049159049987792969e-02 1.983634382486343384e-02 2.507224120199680328e-02 1.946688629686832428e-02 6.928171496838331223e-03 2.364441379904747009e-02 1.856768131256103516e-02 2.298286557197570801e-02 6.584506016224622726e-03 7.791189942508935928e-03 8.220175281167030334e-03 1.772609772160649300e-03 2.455114945769309998e-02 2.268657647073268890e-02 2.595288306474685669e-02 1.119261141866445541e-02 6.605867296457290649e-03 7.247056812047958374e-03 1.971768506336957216e-04 1.494211028330028057e-03 1.154630095697939396e-03 1.632587052881717682e-02 6.340420339256525040e-03 1.844858750700950623e-02 5.974153056740760803e-03 1.902084797620773315e-03 1.595786958932876587e-02 2.408583462238311768e-02 2.233549207448959351e-02 1.959188282489776611e-02 1.612417586147785187e-02 1.352463755756616592e-02 1.808226667344570160e-02 7.282922160811722279e-04 2.432441338896751404e-02 2.477641962468624115e-02 2.179567702114582062e-02 1.596595160663127899e-02 2.331358566880226135e-02 2.326179854571819305e-02 8.684976957738399506e-03 7.235975004732608795e-03 4.415078554302453995e-03 2.708932384848594666e-02 1.611354388296604156e-02 4.551066458225250244e-02 1.504635531455278397e-02 2.346880175173282623e-02 2.603533305227756500e-02 2.121985517442226410e-02 5.392807070165872574e-03 2.412027493119239807e-02
6.576112657785415649e-02 8.332079052925109863e-01 1.222300156950950623e-02 1.858791685663163662e-03 3.385988622903823853e-02 4.902278259396553040e-02 6.039790436625480652e-02 7.614180445671081543e-03 2.030916512012481689e-03 6.504293065518140793e-03 5.309463292360305786e-02 2.075816504657268524e-02 5.341637879610061646e-02 1.088104862719774246e-02 1.298869401216506958e-02 3.765451256185770035e-03 1.254769880324602127e-02 1.388212433084845543e-03 6.936222314834594727e-03 2.771966531872749329e-02 1.658002845942974091e-02 5.146945361047983170e-03 1.778283156454563141e-02 1.866259984672069550e-02 2.982730744406580925e-03 7.830101996660232544e-03 1.530659291893243790e-02 4.841194488108158112e-03 1.678203605115413666e-02 2.552554383873939514e-02 2.431553974747657776e-02 1.624274067580699921e-02 3.718247637152671814e-02 4.863367881625890732e-03 6.096203345805406570e-03 1.912242546677589417e-02 2.320975065231323242e-02 1.868392340838909149e-03 6.869401782751083374e-03 3.203153982758522034e-02 2.726172562688589096e-03 1.160295866429805756e-02 2.716558286920189857e-03 7.166813593357801437e-03 2.667677216231822968e-02 2.243907749652862549e-02 4.605446010828018188e-02 3.562662005424499512e-02 3.602546639740467072e-03 3.492431249469518661e-03 1.013182918541133404e-04 1.564912148751318455e-03 2.046110294759273529e-02 6.582223344594240189e-03 1.084703579545021057e-02 5.805825814604759216e-03 2.757973782718181610e-02 1.286060363054275513e-02 5.033247172832489014e-03 1.081943977624177933e-02 3.256222978234291077e-02 1.734562590718269348e-02 3.306471183896064758e-02 1.705430634319782257e-02 2.123319543898105621e-02 6.438622716814279556e-03 2.142526023089885712e-02 1.461852435022592545e-02 1.396324578672647476e-02 2.633066847920417786e-02 2.813474508002400398e-03 2.506696246564388275e-02 9.850438684225082397e-03 1.823403500020503998e-02 2.663781400769948959e-03 9.678188711404800415e-03 5.761069245636463165e-03 1.264781318604946136e-02 1.398405898362398148e-02 4.792375490069389343e-03 1.530457660555839539e-02 3.226712578907608986e-03 1.258387928828597069e-03 8.770530112087726593e-03 1.340825576335191727e-02 3.780636470764875412e-03 2.454372006468474865e-04 1.548208529129624367e-03 6.327041890472173691e-03 1.583176432177424431e-03 6.282760761678218842e-03 1.882816851139068604e-02 2.742035314440727234e-03 8.417426608502864838e-03 1.671867445111274719e-02 2.025025896728038788e-02 2.438616007566452026e-02 1.316343341022729874e-02 1.286688353866338730e-02 1.064383052289485931e-02 2.923162467777729034e-02 1.448761299252510071e-02 3.171166405081748962e-02 3.009727224707603455e-02 1.788508147001266479e-02 1.576338522136211395e-02 1.188812218606472015e-02 8.897082880139350891e-03 2.526490390300750732e-02 9.208578616380691528e-03 2.014719694852828979e-02 2.483877167105674744e-02 8.107015863060951233e-03 7.558415178209543228e-03 1.438203174620866776e-02 2.899769134819507599e-02
1.602987386286258698e-02 1.222300156950950623e-02 8.332079052925109863e-01 1.638003438711166382e-02 6.950656417757272720e-03 2.088900422677397728e-03 2.610348165035247803e-03 6.009888648986816406e-02 1.584995351731777191e-02 2.424066420644521713e-03 3.711406141519546509e-02 6.858114618808031082e-03 3.774541243910789490e-02 1.202686969190835953e-02 2.303465083241462708e-02 9.941789321601390839e-03 1.575390435755252838e-02 3.292937949299812317e-02 2.127108396962285042e-03 7.434252649545669556e-03 1.462042517960071564e-02 3.024399280548095703e-02 4.780559393111616373e-04 2.498131711035966873e-03 5.068778060376644135e-03 1.286165509372949600e-02 1.548609044402837753e-02 1.246904139406979084e-03 1.430928148329257965e-02 7.154066581279039383e-03 8.937893435359001160e-03 5.378239788115024567e-03 2.300638239830732346e-03 5.726287141442298889e-03 5.354816559702157974e-03 5.918876267969608307e-03 8.691953495144844055e-03 2.216231264173984528e-02 8.522385731339454651e-03 2.351030940189957619e-03 3.278109058737754822e-02 7.950183004140853882e-03 1.487859641201794147e-03 5.167976766824722290e-02 6.386597640812397003e-03 1.978895068168640137e-02 2.500342961866408587e-04 1.485138013958930969e-02 2.529211156070232391e-02 4.384627100080251694e-03 7.788023911416530609e-03 1.502253767102956772e-02 1.855587214231491089e-02 3.373930975794792175e-02 2.741331979632377625e-02 9.918545372784137726e-03 2.854468533769249916e-03 1.497124135494232178e-02 2.113817073404788971e-02 8.874719031155109406e-03 1.623899862170219421e-02 9.340599179267883301e-03 1.649992913007736206e-02 8.435862138867378235e-03 1.279383245855569839e-02 2.176914131268858910e-03 8.635062724351882935e-03 1.258064061403274536e-02 1.090617952286265790e-04 8.700633421540260315e-03 1.117520034313201904e-02 7.470819167792797089e-03 9.239295497536659241e-03 1.051344908773899078e-02 1.388513203710317612e-02 1.338301505893468857e-02 1.646705530583858490e-02 2.717401948757469654e-04 2.161567099392414093e-02 1.999834785237908363e-03 7.685521990060806274e-02 6.659510731697082520e-02 1.070849224925041199e-02 1.248498819768428802e-02 2.009595045819878578e-03 8.138940669596195221e-03 5.026273056864738464e-02 4.190874472260475159e-02 2.224498987197875977e-02 3.837298136204481125e-03 1.678468426689505577e-03 2.839367091655731201e-02 1.444882340729236603e-02 2.141680382192134857e-02 1.920956885442137718e-03 1.426651608198881149e-02 1.598037197254598141e-03 1.520846877247095108e-02 3.791002382058650255e-04 5.564518738538026810e-03 1.385520026087760925e-02 2.004082687199115753e-02 1.384775340557098389e-02 1.554418820887804031e-02 5.752147641032934189e-03 1.167966797947883606e-02 1.967059634625911713e-02 1.197958830744028091e-02 1.272257231175899506e-02 2.855796366930007935e-03 1.607313007116317749e-02 1.324060279875993729e-02 4.487298429012298584e-03 3.609590698033571243e-03 2.086928579956293106e-03 1.051865424960851669e-02
5.924125434830784798e-04 1.858791685663163662e-03 1.638003438711166382e-02 8.332079052925109863e-01 4.195212200284004211e-02 1.152835972607135773e-02 5.581227131187915802e-03 1.633700914680957794e-02 4.722835496068000793e-03 6.344484165310859680e-03 1.114112604409456253e-02 8.174329064786434174e-03 2.572689205408096313e-02 2.757136709988117218e-02 1.208071224391460419e-02 3.729913011193275452e-02 3.449477255344390869e-02 1.927470089867711067e-03 5.390751641243696213e-03 1.298704184591770172e-02 2.269065193831920624e-02 1.925527118146419525e-02 1.656463555991649628e-02 2.248616656288504601e-04 2.142984606325626373e-02 1.170232333242893219e-02 1.027637254446744919e-02 1.173362974077463150e-02 2.280103415250778198e-02 6.581415887922048569e-03 2.443096414208412170e-02 1.219244673848152161e-02 2.419925481081008911e-02 1.618877612054347992e-02 6.926419213414192200e-03 1.550748385488986969e-02 1.066371146589517593e-02 1.989979296922683716e-02 7.225699722766876221e-02 3.952934592962265015e-02 3.273032605648040771e-02 4.558665212243795395e-03 1.198110170662403107e-02 2.613374963402748108e-02 1.488293427973985672e-02 2.763250470161437988e-02 1.820261008106172085e-03 4.467719234526157379e-03 9.656740352511405945e-03 7.514592725783586502e-03 7.191289216279983521e-03 1.048927288502454758e-02 1.734738238155841827e-02 1.920328103005886078e-02 1.619098149240016937e-02 3.244861145503818989e-04 5.784917157143354416e-03 6.073952536098659039e-04 7.547564338892698288e-03 7.421325426548719406e-03 2.339621074497699738e-02 1.271195523440837860e-02 6.455565337091684341e-03 7.743654772639274597e-03 1.792359538376331329e-02 1.427312474697828293e-02 7.554130163043737411e-03 1.097661349922418594e-02 1.368135772645473480e-02 5.125539377331733704e-03 7.170468568801879883e-03 5.471650976687669754e-03 3.925695642828941345e-02 7.708842749707400799e-04 3.817263618111610413e-02 6.933769211173057556e-03 9.771284647285938263e-03 2.156243100762367249e-02 1.940211653709411621e-02 9.954127483069896698e-03 3.318704664707183838e-02 1.525370124727487564e-02 3.549278900027275085e-02 8.034644415602087975e-04 2.315462008118629456e-02 9.243243373930454254e-03 7.157493382692337036e-03 2.222541533410549164e-02 3.561390191316604614e-02 2.043583802878856659e-02 1.259518973529338837e-02 9.546780958771705627e-03 3.246129490435123444e-03 1.746892742812633514e-02 2.629671432077884674e-02 2.230161428451538086e-02 9.531676769256591797e-03 2.434732625260949135e-03 4.254846833646297455e-03 6.740743294358253479e-03 1.244025025516748428e-02 2.211579121649265289e-02 9.050154127180576324e-03 1.054091192781925201e-02 3.279850585386157036e-03 8.002274669706821442e-03 1.103420089930295944e-02 5.124780349433422089e-03 8.297922089695930481e-03 4.725728649646043777e-03 2.119761705398559570e-02 1.697504706680774689e-02 3.245172323659062386e-03 1.488370075821876526e-02 1.145562622696161270e-02 1.503593008965253830e-02
1.855807565152645111e-02 3.385988622903823853e-02 6.950656417757272720e-03 4.195212200284004211e-02 8.332079052925109863e-01 1.867116615176200867e-02 2.778208814561367035e-02 1.757306791841983795e-02 1.283275079913437366e-03 1.069341134279966354e-02 1.707378774881362915e-02 1.560109294950962067e-02 1.428853161633014679e-02 1.762849278748035431e-02 3.328480990603566170e-03 2.085762098431587219e-02 2.047451771795749664e-02 7.242737337946891785e-03 4.266385361552238464e-02 2.122655697166919708e-02 2.045468799769878387e-02 2.964102430269122124e-03 1.663823053240776062e-02 1.808573864400386810e-02 1.923086121678352356e-02 1.983781112357974052e-03 1.323968404904007912e-03 2.928985981270670891e-03 1.154782157391309738e-02 2.309045754373073578e-03 9.347166866064071655e-03 2.124483510851860046e-02 5.125761032104492188e-03 1.500246766954660416e-02 9.901656303554773331e-04 2.191592007875442505e-02 2.627906575798988342e-02 2.713321009650826454e-03 5.424705520272254944e-02 8.690952509641647339e-02 8.081486448645591736e-03 8.132949471473693848e-03 1.468280609697103500e-02 1.243811100721359253e-02 2.316385216545313597e-04 5.733564030379056931e-03 3.299330174922943115e-02 2.625379338860511780e-02 1.701054745353758335e-03 1.508710440248250961e-02 1.006563194096088409e-02 1.924173161387443542e-02 2.672806615009903908e-03 1.078520086593925953e-03 3.200344508513808250e-03 1.204288844019174576e-02 1.770344190299510956e-02 1.091344282031059265e-02 9.811875410377979279e-03 1.086746808141469955e-02 1.147416653111577034e-03 2.143268473446369171e-02 1.396441273391246796e-02 1.300316862761974335e-02 5.240867380052804947e-03 6.475985981523990631e-03 2.260428009321913123e-04 3.585674858186393976e-04 4.147977102547883987e-03 1.463121362030506134e-02 6.729130167514085770e-03 1.003518048673868179e-02 4.299308347981423140e-04 1.708791218698024750e-02 1.415295060724020004e-02 2.722501289099454880e-03 1.275438722223043442e-02 7.374564651399850845e-03 3.566767787560820580e-03 2.761618234217166901e-02 1.912019401788711548e-02 6.940677994862198830e-04 3.534943610429763794e-02 4.397031292319297791e-02 1.077438984066247940e-02 1.132789626717567444e-02 8.349070558324456215e-04 2.415600465610623360e-03 3.117392212152481079e-02 2.947519067674875259e-03 2.026235871016979218e-02 1.203057821840047836e-03 1.696175895631313324e-02 6.614792160689830780e-03 3.060806170105934143e-02 3.176771476864814758e-02 2.352410694584250450e-03 1.917423680424690247e-03 4.574003163725137711e-03 1.071918595698662102e-04 1.535838935524225235e-02 1.396406907588243484e-02 4.284772556275129318e-03 3.284322330728173256e-03 4.121107980608940125e-03 1.034916564822196960e-02 1.161427330225706100e-02 9.380511008203029633e-03 7.164892274886369705e-03 1.309445686638355255e-02 2.357307635247707367e-02 9.267890825867652893e-03 1.745827496051788330e-02 1.029437687247991562e-02 2.343586832284927368e-02 8.214306086301803589e-03
4.673774167895317078e-02 4.902278259396553040e-02 2.088900422677397728e-03 1.152835972607135773e-02 1.867116615176200867e-02 8.332079052925109863e-01 7.688496261835098267e-02 1.209901459515094757e-02 2.256999025121331215e-03 1.247137133032083511e-02 5.669999122619628906e-02 2.015654556453227997e-02 4.036160558462142944e-02 1.354093011468648911e-02 2.688306197524070740e-02 1.283994410187005997e-02 1.883448660373687744e-02 9.188688360154628754e-03 3.508143709041178226e-04 1.997037418186664581e-02 1.297582779079675674e-02 2.674141665920615196e-03 1.873522996902465820e-02 8.449372835457324982e-03 3.865299513563513756e-03 2.034834027290344238e-02 9.139254689216613770e-03 5.609201733022928238e-03 2.675290405750274658e-02 1.151507254689931870e-02 1.854296401143074036e-02 1.618283055722713470e-02 1.836667023599147797e-02 1.183662796393036842e-03 7.162986788898706436e-03 2.338090911507606506e-02 2.861332148313522339e-02 5.711248610168695450e-03 1.030751387588679790e-03 1.966030336916446686e-02 5.608305335044860840e-03 1.137560885399580002e-02 1.235266681760549545e-02 1.660399721004068851e-03 3.509952500462532043e-02 3.724187612533569336e-02 6.242351606488227844e-02 2.013960853219032288e-02 5.995324812829494476e-03 1.074009574949741364e-02 1.450178772211074829e-02 1.072346419095993042e-02 3.220511227846145630e-02 2.300982736051082611e-02 1.031077932566404343e-02 1.271236408501863480e-02 1.212340313941240311e-02 5.034924484789371490e-03 2.753325551748275757e-02 2.868786454200744629e-02 1.729283109307289124e-02 1.829193718731403351e-02 4.549944307655096054e-03 9.262923151254653931e-03 2.325348369777202606e-02 7.590069901198148727e-03 1.745287328958511353e-02 8.811555802822113037e-03 2.105866093188524246e-03 1.619603484869003296e-02 4.687245935201644897e-03 2.250368148088455200e-02 1.073124539107084274e-02 1.238910574465990067e-02 1.326158270239830017e-02 1.475572958588600159e-02 2.133441716432571411e-02 2.232361026108264923e-02 1.162988319993019104e-02 2.124611753970384598e-03 1.607891870662570000e-03 8.488234132528305054e-03 2.000441960990428925e-02 3.948306839447468519e-04 3.565334528684616089e-02 1.671396009624004364e-02 1.902625337243080139e-02 6.177612114697694778e-03 7.135402876883745193e-03 8.262912742793560028e-03 1.597968977876007557e-03 1.600661687552928925e-02 7.639206945896148682e-03 5.860482342541217804e-03 1.466789841651916504e-02 2.622522041201591492e-02 4.332974087446928024e-03 7.037744857370853424e-03 8.478779345750808716e-03 1.849317364394664764e-02 2.758334763348102570e-02 2.404545620083808899e-02 1.906304620206356049e-02 1.314007490873336792e-02 1.923344284296035767e-02 9.063763543963432312e-03 1.269827038049697876e-02 2.495710365474224091e-02 2.036014385521411896e-02 2.654556371271610260e-02 2.359487116336822510e-02 1.029106974601745605e-02 7.879150798544287682e-04 1.113830041140317917e-02 6.619124207645654678e-03 1.680858805775642395e-02
3.443153575062751770e-02 6.039790436625480652e-02 2.610348165035247803e-03 5.581227131187915802e-03 2.778208814561367035e-02 7.688496261835098267e-02 8.332079052925109863e-01 1.057251356542110443e-02 6.404574494808912277e-03 2.196764806285500526e-03 4.845569655299186707e-02 2.366849035024642944e-02 5.487548559904098511e-02 2.321626059710979462e-02 2.037036418914794922e-02 3.319576149806380272e-03 5.606943741440773010e-03 2.023942954838275909e-02 1.581786386668682098e-02 2.544769644737243652e-02 1.717913895845413208e-02 1.433301996439695358e-02 6.402230937965214252e-04 5.408877506852149963e-03 2.277647145092487335e-03 1.694588363170623779e-02 6.756041664630174637e-03 5.132489372044801712e-03 1.802703738212585449e-02 8.905347436666488647e-03 9.905241429805755615e-03 3.027528896927833557e-02 1.445165835320949554e-02 1.688084192574024200e-02 1.474461867474019527e-03 3.059264086186885834e-02 2.918805368244647980e-02 8.410683949477970600e-05 1.861339807510375977e-02 4.137830808758735657e-02 2.300859894603490829e-03 2.934168325737118721e-03 5.551127716898918152e-03 8.249924518167972565e-03 1.477302331477403641e-02 1.441152859479188919e-02 6.731323897838592529e-02 5.593495443463325500e-02 8.385598659515380859e-03 9.460212313570082188e-04 3.234471660107374191e-03 4.455183632671833038e-03 3.432045131921768188e-02 9.348432533442974091e-03 1.586912572383880615e-02 3.222398459911346436e-03 2.247101068496704102e-02 1.520055718719959259e-02 2.969811297953128815e-02 2.237552404403686523e-02 1.477957610040903091e-02 7.989884354174137115e-03 1.954081654548645020e-02 6.572252139449119568e-03 1.847594417631626129e-02 1.206940412521362305e-02 2.353431098163127899e-02 1.598343439400196075e-02 6.152909714728593826e-03 1.446733344346284866e-02 3.671242622658610344e-03 1.532572600990533829e-02 4.975512158125638962e-03 1.668760553002357483e-02 7.665924262255430222e-03 1.195114664733409882e-02 1.319514214992523193e-02 1.170601602643728256e-02 6.498751230537891388e-03 8.284909417852759361e-04 2.858615946024656296e-03 5.692058708518743515e-03 8.574896492063999176e-03 5.488262511789798737e-03 2.164266817271709442e-02 4.626086447387933731e-03 6.067267619073390961e-03 8.320747874677181244e-03 1.265719183720648289e-04 3.790157847106456757e-03 1.560702640563249588e-02 6.554542109370231628e-03 1.839603483676910400e-02 3.917951136827468872e-03 2.505230158567428589e-02 3.424713760614395142e-02 1.345007214695215225e-02 1.509123388677835464e-02 1.058712787926197052e-02 7.604354526847600937e-03 3.133979067206382751e-02 2.352837659418582916e-02 2.429105527698993683e-02 1.920229196548461914e-02 3.822722285985946655e-02 1.962630078196525574e-02 1.601780205965042114e-02 2.023193985223770142e-02 2.573497220873832703e-02 1.010571606457233429e-02 2.686947770416736603e-02 1.004657428711652756e-02 1.231290493160486221e-02 6.104841828346252441e-03 1.850820705294609070e-02 1.335859671235084534e-02
8.720545098185539246e-03 7.614180445671081543e-03 6.009888648986816406e-02 1.633700914680957794e-02 1.757306791841983795e-02 1.209901459515094757e-02 1.057251356542110443e-02 8.332079052925109863e-01 1.480045821517705917e-02 9.830038994550704956e-03 9.995521046221256256e-03 6.611670833081007004e-03 2.202543057501316071e-02 2.413674257695674896e-02 5.823270604014396667e-02 2.356683462858200073e-02 2.631426602602005005e-02 2.860601246356964111e-02 3.892896929755806923e-03 2.003026381134986877e-02 1.366970688104629517e-02 3.115340881049633026e-02 9.753709658980369568e-03 8.480636402964591980e-03 8.463229052722454071e-03 1.220394764095544815e-02 1.969432272017002106e-02 1.115081738680601120e-02 3.055626293644309044e-03 8.218550123274326324e-03 8.074541576206684113e-03 1.219031307846307755e-02 3.997987601906061172e-03 1.249312423169612885e-02 8.907286450266838074e-03 1.547217462211847305e-02 2.071380987763404846e-02 1.736615784466266632e-02 1.455417275428771973e-02 1.035851240158081055e-02 1.186759117990732193e-02 7.069772109389305115e-03 9.914696216583251953e-03 2.327279932796955109e-02 1.308091159444302320e-04 1.547641353681683540e-03 1.586336269974708557e-02 2.406947128474712372e-02 1.800769940018653870e-02 5.451974458992481232e-03 2.321878634393215179e-02 2.161744236946105957e-02 1.741085387766361237e-02 1.702899858355522156e-02 1.953186653554439545e-02 6.192919332534074783e-03 1.563732884824275970e-02 6.506041157990694046e-03 2.532592415809631348e-02 1.703877747058868408e-02 1.907667703926563263e-02 3.028253791853785515e-03 2.022805437445640564e-02 1.569512672722339630e-02 4.168706014752388000e-03 6.523051299154758453e-03 8.425081148743629456e-03 1.050542853772640228e-02 4.126282001379877329e-04 1.134515833109617233e-02 1.269514765590429306e-02 2.770511200651526451e-03 6.084564141929149628e-03 1.171261817216873169e-02 1.372738461941480637e-02 2.778997411951422691e-03 1.983170770108699799e-02 1.422918983735144138e-03 9.484472684562206268e-03 9.835609234869480133e-03 7.532961666584014893e-02 7.440555095672607422e-02 3.383837873116135597e-03 1.530587207525968552e-02 3.191646188497543335e-03 1.070615183562040329e-02 6.455114483833312988e-02 5.109779164195060730e-02 3.429846093058586121e-02 1.717569772154092789e-03 1.353915035724639893e-02 1.692635752260684967e-02 1.971166767179965973e-02 7.459855638444423676e-03 7.342698518186807632e-03 6.204422563314437866e-03 7.453615777194499969e-03 5.839934106916189194e-03 1.626127213239669800e-02 2.522628009319305420e-02 1.169565040618181229e-02 7.278426550328731537e-03 9.931158274412155151e-03 1.380392257124185562e-02 5.663280840963125229e-03 1.203374937176704407e-03 1.563961058855056763e-02 6.700407713651657104e-03 2.608651295304298401e-03 4.519686102867126465e-03 1.190396584570407867e-02 1.246825139969587326e-02 6.822585593909025192e-03 4.449485801160335541e-03 2.814112231135368347e-02 2.374907955527305603e-03
1.511457003653049469e-02 2.030916512012481689e-03 1.584995351731777191e-02 4.722835496068000793e-03 1.283275079913437366e-03 2.256999025121331215e-03 6.404574494808912277e-03 1.480045821517705917e-02 8.332079052925109863e-01 3.711828961968421936e-02 1.485009584575891495e-02 1.177963241934776306e-02 8.914301171898841858e-03 9.336633607745170593e-03 5.469601601362228394e-03 1.099121198058128357e-02 9.671055711805820465e-03 3.067533671855926514e-02 8.985644089989364147e-04 2.447794377803802490e-02 1.764972135424613953e-02 1.960745640099048615e-02 1.959447376430034637e-02 2.259186469018459320e-02 9.699439629912376404e-03 7.740080356597900391e-03 3.065047226846218109e-02 2.681049518287181854e-02 6.586227100342512131e-04 1.828595064580440521e-02 8.023301139473915100e-03 6.843598559498786926e-03 7.589546963572502136e-03 1.435826625674962997e-02 1.114710979163646698e-02 1.633486151695251465e-02 1.092690415680408478e-02 1.003619283437728882e-02 5.211093928664922714e-03 7.301265373826026917e-03 2.132121007889509201e-03 1.313931308686733246e-02 1.664561033248901367e-02 2.295879274606704712e-02 1.307634729892015457e-02 3.815259784460067749e-03 2.883159613702446222e-04 5.330509040504693985e-03 4.078027233481407166e-02 2.430594339966773987e-02 2.591207996010780334e-02 1.830795593559741974e-02 6.669460795819759369e-03 1.803323044441640377e-03 4.866681620478630066e-02 2.785139344632625580e-02 1.618695072829723358e-02 1.151308789849281311e-02 2.449746942147612572e-03 1.420064177364110947e-02 2.273491956293582916e-02 2.062607556581497192e-02 3.548717126250267029e-03 5.545555148273706436e-03 2.586867893114686012e-03 7.068866980262100697e-04 1.087069604545831680e-02 7.970103994011878967e-03 3.375562652945518494e-02 2.332299388945102692e-02 2.051351964473724365e-02 4.045825824141502380e-02 1.191089116036891937e-02 2.325472608208656311e-02 9.807307273149490356e-03 3.991757705807685852e-02 7.069666683673858643e-02 1.205356325954198837e-02 4.384601861238479614e-02 2.787998877465724945e-02 1.915048435330390930e-02 2.111305668950080872e-02 2.444673702120780945e-02 8.275397121906280518e-03 3.087113983929157257e-02 3.156043589115142822e-02 2.151545323431491852e-02 1.332783419638872147e-02 1.500041689723730087e-02 6.353442557156085968e-03 2.765910932794213295e-03 4.750034771859645844e-03 6.118788849562406540e-03 2.697882428765296936e-02 1.544431596994400024e-02 1.610381342470645905e-02 1.764143072068691254e-02 2.881860360503196716e-02 1.966079324483871460e-02 1.451556687243282795e-03 9.973270818591117859e-03 1.585759595036506653e-02 1.577593153342604637e-03 7.979644462466239929e-03 1.572678051888942719e-02 1.233675889670848846e-02 1.165024586953222752e-03 2.950020693242549896e-02 1.506794802844524384e-02 1.400342676788568497e-02 2.169582061469554901e-03 2.397132292389869690e-02 1.627806946635246277e-02 2.221272699534893036e-02 6.777584552764892578e-03 1.161467842757701874e-02
1.781097427010536194e-02 6.504293065518140793e-03 2.424066420644521713e-03 6.344484165310859680e-03 1.069341134279966354e-02 1.247137133032083511e-02 2.196764806285500526e-03 9.830038994550704956e-03 3.711828961968421936e-02 8.332079052925109863e-01 4.994767718017101288e-03 1.557713467627763748e-02 4.800257738679647446e-03 1.846482977271080017e-02 3.670352278277277946e-03 5.498703103512525558e-03 1.557086408138275146e-02 1.224039401859045029e-02 3.955855220556259155e-02 6.152358837425708771e-03 1.549217943102121353e-02 1.248522847890853882e-02 5.602530203759670258e-03 1.450472511351108551e-02 1.693572849035263062e-02 2.648598514497280121e-02 2.271585538983345032e-02 5.394673347473144531e-02 9.635928086936473846e-03 3.580155596137046814e-02 1.683389954268932343e-02 1.064672041684389114e-02 8.018400520086288452e-03 2.235183306038379669e-02 2.478549815714359283e-02 4.833504557609558105e-03 3.594815963879227638e-03 3.583953715860843658e-03 4.077076911926269531e-03 1.521589583717286587e-03 8.184128440916538239e-03 2.079345844686031342e-02 7.777262944728136063e-03 1.277818810194730759e-02 3.715846221894025803e-03 9.968084283173084259e-03 1.584780216217041016e-02 8.270455524325370789e-03 3.477569669485092163e-02 6.004822254180908203e-02 7.021001540124416351e-03 5.916918627917766571e-03 4.248586483299732208e-03 7.642198819667100906e-03 3.871865943074226379e-02 6.193159148097038269e-02 2.653764188289642334e-02 4.158733040094375610e-02 5.939926020801067352e-03 7.484762929379940033e-03 5.240501370280981064e-03 4.128071293234825134e-02 1.399267930537462234e-04 2.107676863670349121e-02 1.519902725704014301e-03 1.383096631616353989e-02 6.844554096460342407e-03 1.091948337852954865e-02 2.390628866851329803e-02 3.182506933808326721e-02 4.645171388983726501e-02 1.915947534143924713e-02 3.275158628821372986e-02 3.581885993480682373e-02 1.793949864804744720e-02 1.252156402915716171e-02 2.888451330363750458e-02 5.017919465899467468e-02 3.871053084731101990e-02 6.591314822435379028e-02 3.894356312230229378e-03 2.421184675768017769e-03 1.934994943439960480e-02 4.540038853883743286e-02 3.970532491803169250e-02 4.382714629173278809e-02 4.746169783174991608e-03 6.819510366767644882e-03 5.884908605366945267e-03 4.879642650485038757e-02 5.661286413669586182e-03 1.539404783397912979e-02 2.565821399912238121e-03 1.276957802474498749e-02 1.773699186742305756e-02 1.669267565011978149e-02 2.027552947402000427e-02 1.414823904633522034e-02 2.291101962327957153e-02 1.483486127108335495e-02 6.899648811668157578e-03 5.445912480354309082e-03 7.284805178642272949e-03 5.716291489079594612e-04 6.689623463898897171e-03 1.037691347301006317e-02 6.287794094532728195e-03 2.136692777276039124e-02 2.062316238880157471e-02 2.463696151971817017e-02 9.661844000220298767e-03 5.937084555625915527e-03 1.703050293144769967e-05 2.885283669456839561e-03 1.061145029962062836e-02 8.394242264330387115e-03
6.426177918910980225e-02 5.309463292360305786e-02 3.711406141519546509e-02 1.114112604409456253e-02 1.707378774881362915e-02 5.669999122619628906e-02 4.845569655299186707e-02 9.995521046221256256e-03 1.485009584575891495e-02 4.994767718017101288e-03 8.332079052925109863e-01 8.537713438272476196e-03 6.649426370859146118e-02 1.938017085194587708e-02 1.123768091201782227e-02 9.766124188899993896e-03 1.902421750128269196e-02 2.980938646942377090e-03 4.930401220917701721e-03 2.045336179435253143e-02 9.955760091543197632e-03 1.537189818918704987e-02 8.446404710412025452e-03 1.318274252116680145e-02 1.148824952542781830e-02 1.640716567635536194e-02 1.121767144650220871e-02 1.130817737430334091e-02 1.467642653733491898e-02 9.088754653930664062e-03 1.628097891807556152e-02 1.253606658428907394e-02 9.654836729168891907e-03 1.790484786033630371e-02 2.181557938456535339e-03 9.312586858868598938e-03 7.539361715316772461e-03 1.719030924141407013e-02 9.281397797167301178e-03 1.323931105434894562e-02 9.722553193569183350e-03 9.319176897406578064e-03 1.596320769749581814e-03 1.699620857834815979e-02 2.896447107195854187e-02 4.077259823679924011e-02 5.822685360908508301e-02 2.051258832216262817e-02 1.528691872954368591e-02 8.193257264792919159e-03 6.646046880632638931e-03 8.100522682070732117e-03 5.031687207520008087e-03 7.931070402264595032e-03 2.701149135828018188e-02 1.173055544495582581e-02 1.527454331517219543e-02 1.099257916212081909e-02 9.059514850378036499e-04 5.790368653833866119e-03 7.520759478211402893e-03 3.562459896784275770e-04 9.762119152583181858e-04 1.519966288469731808e-03 2.394480397924780846e-03 1.704609021544456482e-02 1.381171587854623795e-02 7.645816076546907425e-03 1.700641214847564697e-02 2.161232056096196175e-03 1.446563377976417542e-02 9.958888404071331024e-03 1.198101043701171875e-02 7.082185475155711174e-04 1.337557844817638397e-02 2.392224268987774849e-03 1.726260036230087280e-02 1.866961270570755005e-02 2.326777577400207520e-02 1.181697938591241837e-02 1.397428847849369049e-02 6.677868659608066082e-04 3.668612567707896233e-03 5.164036992937326431e-03 1.466606929898262024e-02 7.678034249693155289e-03 6.697004195302724838e-03 2.292349701747298241e-03 5.561114288866519928e-03 1.049119140952825546e-02 2.223659120500087738e-02 2.220421563833951950e-03 1.542821642942726612e-03 7.613950408995151520e-03 1.745806075632572174e-02 2.158555574715137482e-02 1.255949772894382477e-02 4.295300226658582687e-03 1.034218817949295044e-02 1.089824084192514420e-02 1.212036982178688049e-02 8.492678403854370117e-03 1.497650891542434692e-02 5.259050987660884857e-03 1.696525607258081436e-03 1.028297934681177139e-02 3.112718695774674416e-03 2.017690241336822510e-02 3.598317969590425491e-03 2.607903443276882172e-02 1.308845356106758118e-02 5.458505358546972275e-03 4.016483202576637268e-03 4.688541404902935028e-03 2.017053775489330292e-02 2.113747037947177887e-02
9.399623610079288483e-03 2.075816504657268524e-02 6.858114618808031082e-03 8.174329064786434174e-03 1.560109294950962067e-02 2.015654556453227997e-02 2.366849035024642944e-02 6.611670833081007004e-03 1.177963241934776306e-02 1.557713467627763748e-02 8.537713438272476196e-03 8.332079052925109863e-01 6.152855232357978821e-03 6.758667528629302979e-02 1.032755244523286819e-02 1.849118433892726898e-02 2.533495798707008362e-02 3.072737529873847961e-02 2.828881703317165375e-02 2.016860432922840118e-02 1.050725392997264862e-02 1.543542556464672089e-02 1.432501804083585739e-02 4.393713548779487610e-03 1.114149484783411026e-02 5.852762144058942795e-03 8.451572619378566742e-03 3.530646860599517822e-02 1.349772792309522629e-02 3.397684544324874878e-02 1.033590920269489288e-02 3.016241639852523804e-02 3.595483675599098206e-02 2.825826592743396759e-02 1.985431648790836334e-02 2.246839180588722229e-02 2.215272188186645508e-02 3.890149062499403954e-03 1.295262016355991364e-02 1.561409141868352890e-02 1.076062861829996109e-02 4.269448108971118927e-03 9.679497219622135162e-03 1.813952927477657795e-03 3.712273389101028442e-02 2.332320995628833771e-02 1.109378761611878872e-03 1.042219623923301697e-02 2.342589385807514191e-02 1.767528988420963287e-02 9.471450001001358032e-03 1.350104529410600662e-02 1.832655817270278931e-02 1.648400723934173584e-02 1.923586055636405945e-02 2.236747555434703827e-02 2.075579017400741577e-02 1.301909424364566803e-02 5.658921319991350174e-03 2.233008272014558315e-04 3.981307893991470337e-02 3.463989123702049255e-02 3.266362473368644714e-02 2.520498260855674744e-02 2.699764445424079895e-03 7.031087763607501984e-03 1.377510838210582733e-02 3.477989695966243744e-03 3.756493702530860901e-02 2.265780931338667870e-03 3.747297078371047974e-02 3.401921130716800690e-03 1.370996795594692230e-02 1.224258099682629108e-03 8.180513978004455566e-04 2.468917286023497581e-03 5.333899520337581635e-03 1.148148160427808762e-02 1.118131261318922043e-02 6.439104210585355759e-03 1.486354693770408630e-02 5.868482869118452072e-03 1.015334948897361755e-02 1.552262925542891026e-03 1.586509519256651402e-03 1.290378626435995102e-03 1.772834548319224268e-05 1.082884427160024643e-02 1.917024375870823860e-03 1.057801395654678345e-02 4.853553604334592819e-03 5.387641431298106909e-05 4.643146879971027374e-03 1.082179602235555649e-02 2.097932435572147369e-02 1.489960215985774994e-02 1.286811474710702896e-02 1.663204282522201538e-02 8.269472979009151459e-03 8.130879723466932774e-04 3.684660885483026505e-03 1.616939716041088104e-02 1.044858060777187347e-02 8.024206385016441345e-03 2.327177301049232483e-02 2.034294232726097107e-02 7.255704607814550400e-03 2.435227483510971069e-02 1.979763433337211609e-02 1.884528994560241699e-02 9.260782971978187561e-03 5.520503036677837372e-03 1.071948185563087463e-02 2.040348574519157410e-02 9.216970764100551605e-03 4.909366369247436523e-03
1.980798691511154175e-02 5.341637879610061646e-02 3.774541243910789490e-02 2.572689205408096313e-02 1.428853161633014679e-02 4.036160558462142944e-02 5.487548559904098511e-02 2.202543057501316071e-02 8.914301171898841858e-03 4.800257738679647446e-03 6.649426370859146118e-02 6.152855232357978821e-03 8.332079052925109863e-01 5.935495719313621521e-03 7.542765233665704727e-03 1.965154334902763367e-02 2.882173098623752594e-02 3.409913554787635803e-02 2.086312510073184967e-02 1.823629811406135559e-02 7.754059974104166031e-03 3.908313438296318054e-02 2.587889786809682846e-03 1.808198168873786926e-03 6.409068591892719269e-04 1.575000211596488953e-02 1.193524803966283798e-02 6.928266957402229309e-03 2.043087035417556763e-02 1.117963995784521103e-02 2.366697043180465698e-02 1.797964051365852356e-02 1.823658682405948639e-02 1.412801537662744522e-02 1.192833390086889267e-02 6.622639484703540802e-03 1.167046464979648590e-02 2.462660521268844604e-02 4.270385019481182098e-03 2.394014969468116760e-02 1.926038041710853577e-02 4.251792095601558685e-03 2.115883107762783766e-04 2.534244954586029053e-02 5.752985831350088120e-03 2.015020139515399933e-02 5.243233591318130493e-02 4.219060018658638000e-02 1.142973452806472778e-02 6.529199425131082535e-03 3.087515244260430336e-03 7.572901900857686996e-03 1.825091312639415264e-03 1.790460571646690369e-02 2.794625610113143921e-02 8.676134049892425537e-03 2.288481965661048889e-02 2.154324576258659363e-02 3.157037077471613884e-03 3.199345665052533150e-03 1.066104229539632797e-02 7.507627364248037338e-03 1.473895087838172913e-02 8.222027681767940521e-03 1.121774781495332718e-02 3.953275829553604126e-02 1.591127179563045502e-02 6.227205973118543625e-03 1.882098615169525146e-02 4.272772930562496185e-03 1.611585728824138641e-02 5.981898400932550430e-03 1.617963612079620361e-02 6.771976128220558167e-03 3.037384338676929474e-02 7.177958730608224869e-03 1.090669538825750351e-02 1.777475513517856598e-02 1.389430277049541473e-02 1.015567220747470856e-02 3.963068127632141113e-02 3.053782694041728973e-02 4.593373159877955914e-04 1.351032219827175140e-02 1.493665482848882675e-02 1.446257624775171280e-02 1.076030917465686798e-02 4.008523374795913696e-02 2.574608474969863892e-02 1.619206182658672333e-02 3.082056529819965363e-02 8.268150500953197479e-03 1.274096313863992691e-02 2.654650621116161346e-02 1.565191522240638733e-02 1.925434358417987823e-02 8.544103242456912994e-03 1.335392892360687256e-02 7.022359408438205719e-03 5.506704561412334442e-03 1.157279405742883682e-02 1.011719927191734314e-02 1.205860171467065811e-02 4.551266320049762726e-03 1.682173833250999451e-02 2.309285569936037064e-03 3.304052166640758514e-03 3.644722513854503632e-03 1.019307225942611694e-02 1.532801520079374313e-02 6.132304668426513672e-03 4.846379626542329788e-03 1.524953916668891907e-02 2.502615330740809441e-03 1.271075848489999771e-02 2.554522827267646790e-03
