8.367531895637512207e-01 6.589170545339584351e-02 6.230102386325597763e-03 1.561067439615726471e-02 2.029129303991794586e-02 3.727798536419868469e-02 4.495474696159362793e-02 2.496006153523921967e-02 1.283248607069253922e-02 5.183457862585783005e-03 4.170309752225875854e-02 2.413453534245491028e-02 2.891035377979278564e-02 1.948383264243602753e-02 3.640611469745635986e-02 9.579740464687347412e-03 4.331618081778287888e-03 2.539246156811714172e-02 7.879608310759067535e-03 5.823395680636167526e-03 1.127091795206069946e-02 1.829751580953598022e-02 1.080373884178698063e-03 1.244469825178384781e-02 5.424725823104381561e-03 2.554871141910552979e-03 2.694040909409523010e-02 1.786541566252708435e-02 2.322086831554770470e-03 1.967658475041389465e-02 1.521896105259656906e-02 1.071197260171175003e-02 1.381153706461191177e-02 1.343038491904735565e-02 1.180204562842845917e-03 1.162908598780632019e-02 1.187557913362979889e-02 2.038198150694370270e-02 2.118890872225165367e-03 6.110328715294599533e-03 3.945950418710708618e-02 3.869471140205860138e-03 8.332985453307628632e-03 2.715686522424221039e-02 7.807019166648387909e-03 1.615278609097003937e-02 2.961079031229019165e-02 3.145274147391319275e-02 1.037481054663658142e-02 3.613981418311595917e-03 1.096795406192541122e-02 1.303991954773664474e-02 1.325525902211666107e-02 8.514685556292533875e-03 2.654985338449478149e-02 1.622961275279521942e-02 6.603239569813013077e-03 5.553716327995061874e-03 1.680858805775642395e-02 7.812596857547760010e-03 2.056226693093776703e-02 2.134354971349239349e-02 1.530264416942372918e-04 1.812836900353431702e-02 2.151056192815303802e-02 2.359139919281005859e-02 1.778754033148288727e-02 9.329572319984436035e-03 3.182743489742279053e-02 2.375312708318233490e-02 2.935993857681751251e-02 2.718038670718669891e-02 2.836390025913715363e-02 2.095839753746986389e-02 3.320567682385444641e-02 2.353501506149768829e-02 2.004203014075756073e-02 8.899995125830173492e-03 1.532903220504522324e-02 2.462766133248806000e-02 1.117380429059267044e-02 1.980260945856571198e-03 4.025151429232209921e-05 2.864460460841655731e-03 2.558338828384876251e-02 2.445973269641399384e-02 3.069085441529750824e-02 7.262538187205791473e-03 1.997484266757965088e-02 2.086615376174449921e-02 2.520393766462802887e-02 2.657128870487213135e-02 3.090497851371765137e-02 2.712450362741947174e-02 1.071637403219938278e-02 1.026763394474983215e-02 8.746221661567687988e-03 2.087537571787834167e-02 5.244461353868246078e-03 4.921426298096776009e-04 2.417907118797302246e-03 3.254507901147007942e-04 3.238903358578681946e-03 5.754110403358936310e-03 5.183047614991664886e-03 6.476308684796094894e-03 8.593643084168434143e-03 8.151827496476471424e-04 3.486357862129807472e-03 3.595619695261120796e-03 3.326489031314849854e-02 2.216137573122978210e-02 6.703816819936037064e-03 1.580017432570457458e-02 2.458282560110092163e-02 1.360688544809818268e-02
6.589170545339584351e-02 8.367531895637512207e-01 9.909974411129951477e-03 1.029348373413085938e-02 1.218796614557504654e-02 2.615863829851150513e-02 4.244660958647727966e-02 1.843866333365440369e-02 1.389085408300161362e-02 9.962012059986591339e-03 3.696063905954360962e-02 2.467413246631622314e-02 3.569083660840988159e-02 2.692037634551525116e-02 3.684555739164352417e-02 8.124447427690029144e-03 2.869734307751059532e-03 2.734712325036525726e-02 9.279109537601470947e-03 1.187062077224254608e-02 1.419303473085165024e-02 1.873371377587318420e-02 8.053133264183998108e-03 5.760242231190204620e-03 9.935023263096809387e-03 9.916576556861400604e-03 2.749817073345184326e-02 7.550001610070466995e-03 5.343825905583798885e-04 1.884979940950870514e-02 2.254846319556236267e-02 2.606926427688449621e-04 8.534234948456287384e-03 1.146272942423820496e-02 2.033579163253307343e-03 1.140528917312622070e-02 1.164519134908914566e-02 2.609891258180141449e-02 9.175780229270458221e-03 9.219205006957054138e-03 4.033367335796356201e-02 3.901822725310921669e-03 1.715805730782449245e-03 3.809674084186553955e-02 2.766664698719978333e-02 1.025120913982391357e-02 2.342079766094684601e-02 3.192695975303649902e-02 3.162689274176955223e-03 5.971963051706552505e-03 5.306839011609554291e-03 1.049105264246463776e-02 1.432675402611494064e-02 1.697105541825294495e-02 2.360910736024379730e-02 1.037259958684444427e-02 9.849397465586662292e-04 5.678469315171241760e-04 1.980419829487800598e-02 8.907919749617576599e-03 1.621159724891185760e-02 1.073837466537952423e-02 1.932550454512238503e-03 7.990841753780841827e-03 2.401584014296531677e-02 2.970248647034168243e-02 8.621795102953910828e-03 3.283489262685179710e-03 2.737614512443542480e-02 1.762110739946365356e-02 2.583073824644088745e-02 3.039353713393211365e-02 2.266720309853553772e-02 1.678319647908210754e-02 2.118386514484882355e-02 3.221782669425010681e-02 1.572354510426521301e-02 7.616840768605470657e-03 1.761132734827697277e-03 2.483957633376121521e-02 9.325530845671892166e-04 9.073667461052536964e-04 5.052714608609676361e-03 3.448187373578548431e-03 1.968075521290302277e-02 2.458934485912322998e-02 2.756611071527004242e-02 1.138948090374469757e-02 1.230856962502002716e-02 2.209171652793884277e-02 2.133753336966037750e-02 1.643384248018264771e-02 3.620707616209983826e-02 3.067336231470108032e-02 6.319545209407806396e-03 2.914708806201815605e-03 9.570949710905551910e-03 3.228816762566566467e-02 5.195018369704484940e-03 1.641639508306980133e-03 1.129325572401285172e-02 6.183207035064697266e-03 6.691329181194305420e-03 2.009928040206432343e-02 1.086750626564025879e-02 1.304807723499834538e-03 1.586335524916648865e-02 2.499126829206943512e-03 6.459214724600315094e-03 4.256010055541992188e-03 3.355182707309722900e-02 2.677762880921363831e-02 3.024589736014604568e-03 4.354871809482574463e-03 2.436751686036586761e-02 2.768252976238727570e-03
6.230102386325597763e-03 9.909974411129951477e-03 8.367531895637512207e-01 1.429662946611642838e-02 1.431010663509368896e-02 1.459104940295219421e-02 6.138693541288375854e-03 2.009105309844017029e-02 8.873445913195610046e-03 1.055562309920787811e-02 7.515448145568370819e-03 1.192743331193923950e-02 9.532119147479534149e-03 7.317968644201755524e-03 3.562046622391790152e-04 1.806451939046382904e-02 2.200199477374553680e-02 9.229421848431229591e-04 1.580720394849777222e-02 2.037239260971546173e-02 4.180362913757562637e-03 1.152067072689533234e-02 2.251297421753406525e-02 1.843048445880413055e-02 2.531197853386402130e-03 2.784931799396872520e-03 8.205308578908443451e-03 1.858781464397907257e-02 5.355090368539094925e-03 5.698814522475004196e-03 6.760263349860906601e-03 1.790213026106357574e-02 1.699775573797523975e-03 1.099093910306692123e-02 1.349000539630651474e-02 2.126362733542919159e-02 2.627205662429332733e-02 5.897115916013717651e-03 1.729597221128642559e-03 9.468638338148593903e-03 1.698128692805767059e-02 2.764805033802986145e-02 1.054813805967569351e-02 8.342132787220180035e-04 4.012513440102338791e-03 4.627307411283254623e-03 5.939042661339044571e-03 1.179069466888904572e-02 1.420450676232576370e-02 1.623479276895523071e-02 1.830424554646015167e-02 2.026816643774509430e-02 2.708024112507700920e-03 9.741597808897495270e-03 4.028572700917720795e-03 1.833305694162845612e-02 9.019396267831325531e-03 1.455380022525787354e-02 7.297611329704523087e-03 1.115396432578563690e-02 2.997758099809288979e-03 2.133493497967720032e-02 3.254476934671401978e-02 1.227099169045686722e-02 4.388945642858743668e-03 4.109196830540895462e-03 3.888243436813354492e-02 4.754874855279922485e-02 8.102485910058021545e-03 1.950085349380970001e-02 8.838039822876453400e-03 1.705165393650531769e-02 1.657697837799787521e-03 2.004125155508518219e-02 1.256236620247364044e-02 7.097285706549882889e-04 7.671131286770105362e-03 9.073238819837570190e-03 2.377505041658878326e-02 2.713483525440096855e-03 4.087332636117935181e-02 1.184738613665103912e-02 7.978962734341621399e-03 1.664738729596138000e-02 3.015486523509025574e-02 3.068204969167709351e-03 1.645279116928577423e-03 9.668371640145778656e-04 1.470034290105104446e-02 7.361097261309623718e-03 1.084589632228016853e-03 2.083168365061283112e-02 3.555383300408720970e-03 1.186337135732173920e-02 2.393980883061885834e-02 3.201302140951156616e-03 1.131577976047992706e-02 1.578625664114952087e-02 2.687688544392585754e-02 3.268878906965255737e-02 2.823373861610889435e-02 3.455931320786476135e-02 1.086717937141656876e-02 2.532938495278358459e-02 9.022755548357963562e-04 6.306042894721031189e-03 2.220935560762882233e-02 3.994430415332317352e-03 3.193198516964912415e-02 1.257159002125263214e-02 6.727643776684999466e-03 8.742802892811596394e-04 3.344123810529708862e-02 3.081547468900680542e-02 8.993688970804214478e-03 3.764437884092330933e-02
1.561067439615726471e-02 1.029348373413085938e-02 1.429662946611642838e-02 8.367531895637512207e-01 5.215056985616683960e-02 7.420610170811414719e-03 6.090071052312850952e-03 1.517358329147100449e-02 1.443062163889408112e-02 2.769538015127182007e-02 2.339394018054008484e-02 9.064122103154659271e-03 1.880559511482715607e-02 1.529406872577965260e-03 2.044013887643814087e-02 2.151665277779102325e-02 8.356833714060485363e-04 3.585454076528549194e-03 7.793871220201253891e-03 3.631888329982757568e-02 2.572228200733661652e-02 1.078375522047281265e-02 1.688604988157749176e-02 1.753870048560202122e-03 3.561000525951385498e-02 2.364959567785263062e-02 4.300668835639953613e-03 2.517688274383544922e-02 2.162195928394794464e-02 2.843404002487659454e-02 2.977330295834690332e-04 1.569738797843456268e-02 2.714140713214874268e-02 2.246593311429023743e-02 2.826310507953166962e-02 3.582446137443184853e-03 6.807038094848394394e-03 1.142721716314554214e-02 3.714394196867942810e-02 3.503546491265296936e-02 1.109216362237930298e-02 2.552280761301517487e-02 2.570219337940216064e-02 1.843874156475067139e-02 1.049701590090990067e-03 4.773083142936229706e-03 7.262927014380693436e-03 2.523211296647787094e-03 2.343497239053249359e-03 1.065845880657434464e-02 2.120537497103214264e-02 2.048994973301887512e-02 3.083977848291397095e-02 2.679434791207313538e-02 2.477430552244186401e-02 1.543544139713048935e-02 3.821589797735214233e-02 2.811862155795097351e-02 3.662423044443130493e-02 3.218445181846618652e-02 3.312840312719345093e-02 1.939917914569377899e-02 1.176862232387065887e-02 1.405450631864368916e-03 1.513459812849760056e-02 1.041212119162082672e-02 2.817014604806900024e-02 2.740357443690299988e-02 3.027496300637722015e-02 1.122113782912492752e-02 1.728627271950244904e-02 1.262600708287209272e-04 5.429302528500556946e-02 3.883179044350981712e-03 3.733402118086814880e-02 9.889017790555953979e-03 2.770640188828110695e-03 6.840564776211977005e-03 1.115709263831377029e-02 2.610808610916137695e-02 1.080667134374380112e-02 8.123989216983318329e-03 6.844737101346254349e-03 1.559204515069723129e-02 2.197540365159511566e-02 4.032254684716463089e-03 1.673795096576213837e-02 2.178614214062690735e-02 6.798737216740846634e-03 3.723453497514128685e-03 1.706301607191562653e-02 9.420818649232387543e-03 2.032190095633268356e-03 3.975302446633577347e-03 2.469985978677868843e-03 2.965284511446952820e-04 1.503139175474643707e-02 6.604304071515798569e-03 1.794078201055526733e-02 1.672773994505405426e-02 2.192804403603076935e-02 2.284535393118858337e-02 8.885972783900797367e-04 1.771852374076843262e-02 2.064046822488307953e-02 2.832752466201782227e-02 1.261547114700078964e-02 3.534431383013725281e-02 2.105621434748172760e-02 3.440018370747566223e-02 1.262604352086782455e-02 2.667548833414912224e-03 3.994211554527282715e-02 3.237932175397872925e-02 6.326634436845779419e-03 1.457065995782613754e-02
2.029129303991794586e-02 1.218796614557504654e-02 1.431010663509368896e-02 5.215056985616683960e-02 8.367531895637512207e-01 1.560935098677873611e-02 1.271261367946863174e-02 1.629098877310752869e-02 2.567018754780292511e-02 1.860888488590717316e-02 2.357575483620166779e-02 1.861288212239742279e-02 1.739330776035785675e-02 9.824449196457862854e-03 1.749327406287193298e-02 2.108581922948360443e-02 8.273901417851448059e-03 5.001157522201538086e-03 1.628983765840530396e-03 2.553916908800601959e-02 2.200796268880367279e-02 3.223201958462595940e-03 1.136766467243432999e-02 4.209006205201148987e-03 2.474390156567096710e-02 1.926888711750507355e-02 2.094750758260488510e-03 2.165187522768974304e-02 2.235825546085834503e-02 2.544044330716133118e-02 3.617566078901290894e-03 3.576588118448853493e-03 9.067843668162822723e-03 9.409480728209018707e-03 1.257940661162137985e-02 1.451447885483503342e-02 1.388213224709033966e-02 1.478681806474924088e-02 4.151333123445510864e-02 4.572170600295066833e-02 1.510966569185256958e-02 1.209095679223537445e-02 2.652034349739551544e-02 2.342519909143447876e-02 8.016912266612052917e-03 3.424124559387564659e-03 1.563999988138675690e-02 1.191895548254251480e-02 2.458069100975990295e-02 1.029933057725429535e-02 2.779638953506946564e-02 2.768054977059364319e-02 2.735413424670696259e-02 3.373628109693527222e-02 1.056030299514532089e-02 1.729499734938144684e-02 3.336535394191741943e-02 3.101658448576927185e-02 2.985344827175140381e-02 3.014537692070007324e-02 2.269173227250576019e-02 1.774267666041851044e-02 2.680307626724243164e-02 1.612569577991962433e-02 1.813901029527187347e-02 1.196266897022724152e-02 1.194320991635322571e-02 1.993909105658531189e-02 2.535410039126873016e-02 5.872051697224378586e-03 2.010988257825374603e-02 1.682737097144126892e-02 4.241777956485748291e-02 1.125333458185195923e-02 4.736878350377082825e-02 6.566339638084173203e-03 1.617538160644471645e-03 5.922541487962007523e-03 1.576529070734977722e-02 2.431691065430641174e-02 2.440315438434481621e-03 2.826854586601257324e-03 7.671619765460491180e-03 7.193110417574644089e-03 1.256850548088550568e-02 5.281931255012750626e-03 2.110550180077552795e-02 2.102303132414817810e-02 1.262854691594839096e-02 1.967444643378257751e-02 2.694628946483135223e-02 7.734151091426610947e-03 1.399150956422090530e-02 7.100417278707027435e-03 4.751392640173435211e-03 9.306716732680797577e-03 1.111504342406988144e-02 1.108787022531032562e-03 1.187582779675722122e-02 1.704854890704154968e-02 8.426806889474391937e-03 1.791178807616233826e-02 2.748127328231930733e-03 3.911957144737243652e-03 1.450194977223873138e-02 1.972916722297668457e-02 1.350454520434141159e-02 1.943150162696838379e-02 2.363226376473903656e-02 2.735738828778266907e-02 2.338379248976707458e-02 4.659970756620168686e-03 3.612758964300155640e-02 2.551145851612091064e-02 1.379913464188575745e-02 1.196643244475126266e-02
3.727798536419868469e-02 2.615863829851150513e-02 1.459104940295219421e-02 7.420610170811414719e-03 1.560935098677873611e-02 8.367531895637512207e-01 5.690935626626014709e-02 2.208543568849563599e-02 5.833135917782783508e-03 2.564792754128575325e-03 4.135913029313087463e-02 3.796378895640373230e-02 3.231841698288917542e-02 3.865183889865875244e-02 3.496706858277320862e-02 2.936424920335412025e-03 4.108193796128034592e-03 5.957087036222219467e-03 1.624936424195766449e-02 1.611637696623802185e-02 6.886997725814580917e-03 3.342786431312561035e-02 8.681023493409156799e-03 5.651751533150672913e-03 1.589955948293209076e-02 5.072256084531545639e-03 3.299903869628906250e-02 3.096781298518180847e-02 2.710963040590286255e-02 2.010857872664928436e-02 2.302854135632514954e-02 1.878787018358707428e-02 7.758784573525190353e-03 1.986794173717498779e-02 6.782778073102235794e-03 1.291766762733459473e-02 5.737151484936475754e-03 2.794670686125755310e-02 3.695941762998700142e-03 5.242527695372700691e-04 3.072322160005569458e-02 1.528352149762213230e-03 2.367574349045753479e-02 4.189497791230678558e-03 3.029254265129566193e-02 4.159255418926477432e-03 6.038986891508102417e-02 5.097319558262825012e-02 1.586803002282977104e-03 1.330428640358150005e-03 1.259434781968593597e-02 1.131631527096033096e-02 1.724388636648654938e-02 1.573895476758480072e-02 5.252044647932052612e-03 6.002270965836942196e-04 1.561652310192584991e-02 1.517782453447580338e-02 6.048876326531171799e-03 1.114813052117824554e-02 8.437563665211200714e-03 1.480538165196776390e-03 4.614393401425331831e-04 2.653913339599967003e-03 2.174204774200916290e-02 2.318958938121795654e-02 2.586092241108417511e-02 1.281859818845987320e-02 1.146724913269281387e-02 3.171405941247940063e-02 1.813012547791004181e-02 1.150183007121086121e-02 1.578602753579616547e-02 3.093781135976314545e-02 2.346401102840900421e-02 2.931520575657486916e-03 1.512182317674160004e-02 1.563521474599838257e-02 7.411754224449396133e-03 7.277063094079494476e-03 2.873915433883666992e-02 1.688257092610001564e-03 9.315727278590202332e-03 3.314145142212510109e-03 2.096452750265598297e-02 3.276607487350702286e-03 2.817934937775135040e-02 1.787931472063064575e-02 3.543531522154808044e-02 2.991951256990432739e-02 3.995002061128616333e-02 3.694822639226913452e-02 3.792143985629081726e-02 2.445055171847343445e-02 2.158711664378643036e-03 1.774978823959827423e-03 2.705096267163753510e-02 7.181998342275619507e-03 6.664363201707601547e-03 1.103237271308898926e-03 2.488171495497226715e-02 1.156749017536640167e-02 2.546018548309803009e-02 5.538182798773050308e-03 1.276101451367139816e-02 1.820984482765197754e-02 2.355554699897766113e-02 4.077306948602199554e-04 8.190418593585491180e-03 8.695241995155811310e-03 3.279820084571838379e-02 1.263763476163148880e-02 5.893182009458541870e-03 4.015784710645675659e-03 2.505328133702278137e-02 1.858944445848464966e-02
4.495474696159362793e-02 4.244660958647727966e-02 6.138693541288375854e-03 6.090071052312850952e-03 1.271261367946863174e-02 5.690935626626014709e-02 8.367531895637512207e-01 2.320563606917858124e-02 1.093482784926891327e-02 5.780791863799095154e-03 4.276320338249206543e-02 3.751534223556518555e-02 3.777563571929931641e-02 4.021216556429862976e-02 3.948119282722473145e-02 4.760067444294691086e-03 2.171464730054140091e-03 1.331366132944822311e-02 1.157855428755283356e-02 1.507038809359073639e-02 4.794617649167776108e-03 3.512208536267280579e-02 1.201072800904512405e-02 2.910276642069220543e-03 1.748218014836311340e-02 2.060499245999380946e-04 3.737609088420867920e-02 2.221059985458850861e-02 1.961086504161357880e-02 1.772703602910041809e-02 2.840680442750453949e-02 1.877488940954208374e-02 5.938145332038402557e-03 2.238355949521064758e-02 9.172442514682188630e-05 2.426072023808956146e-03 1.329327840358018875e-02 3.252377733588218689e-02 6.667817942798137665e-03 9.527311660349369049e-03 3.799021244049072266e-02 3.903178265318274498e-03 2.398578077554702759e-02 9.203175082802772522e-03 3.202652931213378906e-02 4.440633638296276331e-04 5.456364154815673828e-02 5.342736095190048218e-02 7.567142602056264877e-03 5.542027298361063004e-03 1.619159616529941559e-02 1.682907156646251678e-02 1.531499437987804413e-02 1.155534572899341583e-02 1.123665738850831985e-02 3.315061796456575394e-03 4.790321458131074905e-03 1.125308405607938766e-02 7.495345082134008408e-03 7.032247725874185562e-03 9.693492203950881958e-03 6.405601743608713150e-03 1.680394751019775867e-03 6.836397107690572739e-03 2.129739150404930115e-02 2.729655615985393524e-02 2.452071383595466614e-02 8.318386040627956390e-03 1.916451007127761841e-02 3.362746536731719971e-02 2.487531304359436035e-02 1.674081385135650635e-02 1.576165109872817993e-02 3.104100190103054047e-02 2.418339438736438751e-02 9.685365483164787292e-03 1.602298207581043243e-02 1.895112171769142151e-02 6.884019821882247925e-03 9.323465637862682343e-03 2.318237721920013428e-02 2.787973033264279366e-03 9.565435349941253662e-03 6.228949874639511108e-03 2.058134041726589203e-02 4.867661278694868088e-03 2.871752530336380005e-02 1.667665690183639526e-02 2.897668816149234772e-02 2.712771482765674591e-02 3.183519467711448669e-02 3.729928657412528992e-02 4.256075993180274963e-02 2.817917615175247192e-02 5.467521958053112030e-03 2.205821452662348747e-03 2.650848217308521271e-02 1.282394398003816605e-03 6.647651316598057747e-04 2.464179648086428642e-03 2.029548212885856628e-02 9.811744093894958496e-03 2.675605937838554382e-02 5.983133451081812382e-04 6.822642870247364044e-03 6.609270349144935608e-03 2.090321481227874756e-02 8.169388398528099060e-03 1.037119980901479721e-02 8.476465940475463867e-03 4.105000942945480347e-02 1.859822869300842285e-02 6.799904163926839828e-03 6.230476312339305878e-03 2.805176377296447754e-02 1.812037825584411621e-02
2.496006153523921967e-02 1.843866333365440369e-02 2.009105309844017029e-02 1.517358329147100449e-02 1.629098877310752869e-02 2.208543568849563599e-02 2.320563606917858124e-02 8.367531895637512207e-01 9.223742410540580750e-03 2.129439497366547585e-03 2.657276205718517303e-02 1.083538495004177094e-02 2.614229731261730194e-02 9.294286370277404785e-03 3.292141482234001160e-02 9.407836943864822388e-03 3.646668279543519020e-03 2.906891750171780586e-03 5.629795603454113007e-03 9.392897598445415497e-03 8.425763808190822601e-03 1.710338518023490906e-02 1.156944315880537033e-02 5.381250288337469101e-03 1.714479364454746246e-02 2.309421822428703308e-02 4.803416784852743149e-03 1.952357031404972076e-02 7.757525891065597534e-03 1.352498680353164673e-02 4.337321966886520386e-03 8.097698912024497986e-03 4.352368414402008057e-03 8.883414790034294128e-03 1.398037187755107880e-03 2.884891442954540253e-02 2.403201907873153687e-02 1.575395837426185608e-02 3.309578169137239456e-03 1.733939535915851593e-02 3.290796652436256409e-02 1.194263901561498642e-02 6.982213817536830902e-03 1.718110777437686920e-02 8.467097766697406769e-03 9.553780779242515564e-03 1.992687955498695374e-02 2.066580578684806824e-02 2.982258982956409454e-02 2.990784868597984314e-02 4.428640007972717285e-03 9.759818203747272491e-03 1.875678263604640961e-02 1.065231952816247940e-02 3.722743690013885498e-02 3.724517673254013062e-02 9.040364995598793030e-03 1.276060473173856735e-02 1.004055049270391464e-02 1.666596392169594765e-03 3.648933395743370056e-02 2.223067171871662140e-02 2.922931499779224396e-02 1.442426536232233047e-02 1.675697974860668182e-02 1.399241760373115540e-02 4.326411057263612747e-03 2.789819147437810898e-03 2.770708873867988586e-02 1.990387216210365295e-02 2.478796243667602539e-02 2.086652256548404694e-02 1.680407486855983734e-02 1.713032834231853485e-02 2.863648161292076111e-02 2.087995782494544983e-02 8.678743615746498108e-03 5.155112128704786301e-03 1.281768362969160080e-02 1.101956609636545181e-02 6.257177889347076416e-02 5.315659940242767334e-02 9.986172430217266083e-03 9.573498740792274475e-03 4.443744663149118423e-03 4.952712915837764740e-03 3.534923493862152100e-02 2.771228924393653870e-02 1.040674652904272079e-02 4.105979576706886292e-03 1.778947934508323669e-02 1.475212350487709045e-02 1.364600658416748047e-02 1.534780021756887436e-02 3.992249257862567902e-03 1.588217541575431824e-02 4.233029671013355255e-03 6.425561849027872086e-03 6.614766549319028854e-03 3.288283711299300194e-03 1.249920949339866638e-02 1.019769255071878433e-02 3.091514110565185547e-03 1.355980709195137024e-02 2.789238700643181801e-03 8.439218625426292419e-03 2.326623350381851196e-02 5.723065696656703949e-03 2.490671351552009583e-02 3.288065316155552864e-03 2.460899576544761658e-02 1.038174238055944443e-02 1.817248016595840454e-02 6.803931668400764465e-03 1.594045385718345642e-02 2.442041411995887756e-02
1.283248607069253922e-02 1.389085408300161362e-02 8.873445913195610046e-03 1.443062163889408112e-02 2.567018754780292511e-02 5.833135917782783508e-03 1.093482784926891327e-02 9.223742410540580750e-03 8.367531895637512207e-01 2.380078658461570740e-02 9.113715030252933502e-03 5.977141205221414566e-03 8.897107094526290894e-03 2.609723247587680817e-03 4.173478519078344107e-04 3.063490428030490875e-02 2.630651742219924927e-02 4.007772728800773621e-02 1.113670691847801208e-02 8.465453051030635834e-03 2.392463013529777527e-02 1.471046358346939087e-02 2.604617550969123840e-02 2.926740981638431549e-02 2.634589001536369324e-02 1.835058256983757019e-02 2.219635806977748871e-02 2.769382204860448837e-03 4.396972362883388996e-04 1.612413115799427032e-02 2.199114486575126648e-02 2.122396789491176605e-02 1.741326414048671722e-02 5.119062261655926704e-04 1.399074774235486984e-02 3.560689091682434082e-02 2.524459920823574066e-02 6.679631303995847702e-03 1.940322294831275940e-02 3.152425587177276611e-02 1.171249523758888245e-02 1.685939356684684753e-02 1.238115015439689159e-03 2.558543160557746887e-02 1.246656524017453194e-03 2.169814147055149078e-02 4.376110155135393143e-03 1.258464250713586807e-02 5.880606546998023987e-02 1.550508895888924599e-03 7.977255620062351227e-03 1.853144541382789612e-02 8.906157687306404114e-03 2.183130197227001190e-02 3.481773659586906433e-02 4.070612136274576187e-03 4.713368602097034454e-03 2.641821838915348053e-02 1.078972686082124710e-02 1.389791071414947510e-02 2.625621855258941650e-02 2.803911687806248665e-03 7.469444535672664642e-03 1.061025541275739670e-03 8.951072581112384796e-03 1.668212190270423889e-02 8.225652389228343964e-03 6.090491078794002533e-03 3.279103338718414307e-02 3.273280709981918335e-02 2.571170032024383545e-02 5.161672830581665039e-02 5.831016693264245987e-03 1.226145215332508087e-02 3.795056371018290520e-03 4.941015318036079407e-02 6.046223640441894531e-02 3.059216216206550598e-02 1.410436071455478668e-02 2.218750305473804474e-04 6.199309602379798889e-03 9.987280936911702156e-04 2.858892083168029785e-02 1.100200694054365158e-02 7.210382609628140926e-04 1.287799421697854996e-02 9.715075604617595673e-03 3.251306479796767235e-04 1.561755500733852386e-02 1.205718331038951874e-02 1.765763154253363609e-03 1.888206228613853455e-02 1.266827341169118881e-02 2.982534281909465790e-02 2.345926873385906219e-02 1.306879799813032150e-02 1.489842077717185020e-03 3.876291448250412941e-03 2.843852899968624115e-02 8.111500181257724762e-03 1.503140293061733246e-02 1.282840408384799957e-02 2.114962786436080933e-03 1.220228988677263260e-02 7.666817982681095600e-04 1.620153151452541351e-02 2.204489149153232574e-02 1.014488283544778824e-02 9.651417843997478485e-03 7.752565667033195496e-03 5.822871811687946320e-03 2.447408623993396759e-02 1.682097837328910828e-02 3.860339522361755371e-03 1.537950360216200352e-03 9.497669525444507599e-03
5.183457862585783005e-03 9.962012059986591339e-03 1.055562309920787811e-02 2.769538015127182007e-02 1.860888488590717316e-02 2.564792754128575325e-03 5.780791863799095154e-03 2.129439497366547585e-03 2.380078658461570740e-02 8.367531895637512207e-01 5.163683090358972549e-03 1.552896294742822647e-02 1.258018426597118378e-02 2.388862340012565255e-04 1.147553976625204086e-02 1.779754762537777424e-03 6.024457048624753952e-03 2.804011851549148560e-02 3.676187992095947266e-02 1.663383841514587402e-02 3.025452606379985809e-02 1.326924539171159267e-03 4.223260562866926193e-03 1.199253462255001068e-02 1.421875599771738052e-02 4.503194242715835571e-03 2.296658494742587209e-04 3.411998972296714783e-02 2.101713791489601135e-02 3.829013556241989136e-02 1.830463670194149017e-02 5.036258604377508163e-03 1.169498916715383530e-02 7.704913616180419922e-03 2.114383876323699951e-02 1.606697100214660168e-03 1.141769532114267349e-02 1.057982724159955978e-02 2.454156987369060516e-02 2.044351957738399506e-02 7.186265196651220322e-03 9.058983065187931061e-03 2.231174148619174957e-02 5.059578921645879745e-03 6.234060041606426239e-03 1.093692053109407425e-02 5.088209873065352440e-04 1.147021888755261898e-03 1.292563322931528091e-02 5.188291892409324646e-02 2.202269993722438812e-02 2.415404096245765686e-02 2.348516881465911865e-02 1.636079140007495880e-02 1.077256537973880768e-02 2.615739218890666962e-02 3.264769539237022400e-02 4.974751267582178116e-03 1.580258458852767944e-02 1.200890634208917618e-02 5.107939243316650391e-03 2.811315283179283142e-02 1.932048238813877106e-03 1.624904014170169830e-02 1.842831633985042572e-02 2.226177416741847992e-02 1.028999220579862595e-02 1.383093558251857758e-02 4.056802019476890564e-03 2.548159658908843994e-02 1.945306919515132904e-02 4.800606053322553635e-03 3.313002735376358032e-02 2.978310175240039825e-02 1.540478318929672241e-02 4.785940516740083694e-03 3.288090927526354790e-03 4.990359023213386536e-02 2.373117581009864807e-02 4.387076571583747864e-02 5.093929823487997055e-03 1.258257403969764709e-02 4.741824045777320862e-02 5.419474095106124878e-02 1.457439735531806946e-02 2.223377861082553864e-02 6.519839167594909668e-03 1.276550628244876862e-02 1.456844806671142578e-02 1.598287932574748993e-02 1.705706119537353516e-02 1.713582873344421387e-02 6.929085589945316315e-03 1.464042626321315765e-02 1.166246552020311356e-02 2.665099687874317169e-03 3.994372859597206116e-02 1.151967886835336685e-02 5.672412458807229996e-03 1.465627737343311310e-02 1.866609416902065277e-02 1.449299231171607971e-02 2.870028652250766754e-02 7.450474426150321960e-03 3.336901590228080750e-02 2.116179093718528748e-02 7.615573704242706299e-03 3.475561365485191345e-02 9.273059666156768799e-03 1.127955410629510880e-02 1.362913521006703377e-03 7.821198552846908569e-03 3.129858989268541336e-03 6.049708928912878036e-03 1.310604717582464218e-02 4.416069947183132172e-03
4.170309752225875854e-02 3.696063905954360962e-02 7.515448145568370819e-03 2.339394018054008484e-02 2.357575483620166779e-02 4.135913029313087463e-02 4.276320338249206543e-02 2.657276205718517303e-02 9.113715030252933502e-03 5.163683090358972549e-03 8.367531895637512207e-01 1.721687056124210358e-02 4.549055546522140503e-02 1.890749298036098480e-02 4.492105171084403992e-02 1.215532794594764709e-02 3.697755746543407440e-03 1.728316396474838257e-02 1.539587322622537613e-02 9.318019263446331024e-03 1.462897658348083496e-02 3.711109235882759094e-02 1.428526081144809723e-02 3.524654544889926910e-03 6.356756668537855148e-03 1.870300620794296265e-02 3.189574182033538818e-02 2.033025771379470825e-02 2.781801857054233551e-02 1.689886115491390228e-02 3.063245117664337158e-02 8.180370787158608437e-04 2.020446024835109711e-02 7.677195244468748569e-04 1.071174256503582001e-02 1.325197517871856689e-03 8.381554856896400452e-03 3.681356832385063171e-02 5.116780288517475128e-03 4.648197907954454422e-03 3.867295756936073303e-02 1.586000807583332062e-02 2.716469950973987579e-02 1.707467995584011078e-02 1.710985228419303894e-02 1.451839972287416458e-02 4.170571640133857727e-02 3.639644384384155273e-02 7.725439034402370453e-03 3.153830068185925484e-03 1.320774480700492859e-02 1.488417666405439377e-02 3.108058869838714600e-02 2.431450225412845612e-02 2.539119310677051544e-02 1.099892333149909973e-02 2.474940568208694458e-02 1.996097527444362640e-02 2.550273947417736053e-02 2.336353808641433716e-02 2.569359168410301208e-02 1.020263694226741791e-02 5.508868023753166199e-03 9.928724728524684906e-03 3.728586062788963318e-02 3.586371243000030518e-02 1.175778685137629509e-03 1.703679747879505157e-02 2.756697870790958405e-02 2.443193830549716949e-02 2.060239017009735107e-02 1.967252977192401886e-02 2.583079598844051361e-02 1.928406953811645508e-02 2.722249180078506470e-02 1.558687258511781693e-02 1.216083113104104996e-02 1.085252873599529266e-02 1.149032544344663620e-02 2.428069524466991425e-02 2.050757780671119690e-02 4.104121122509241104e-03 5.413375794887542725e-03 9.084113873541355133e-03 1.506212574895471334e-04 2.144790720194578171e-03 4.270385205745697021e-02 2.652617730200290680e-02 3.048070520162582397e-02 1.127268653362989426e-02 3.193911164999008179e-02 3.698024153709411621e-02 3.428031504154205322e-02 2.997627481818199158e-02 9.272314608097076416e-03 2.327453112229704857e-03 1.784830354154109955e-02 7.528016343712806702e-03 1.148993801325559616e-02 1.010823715478181839e-02 5.580244120210409164e-03 1.109826937317848206e-02 2.498295344412326813e-02 8.114048279821872711e-03 2.534095384180545807e-02 2.683423087000846863e-02 1.492619747295975685e-03 8.639628067612648010e-03 1.038461644202470779e-02 1.775878854095935822e-02 3.086454048752784729e-02 1.459308993071317673e-02 1.831178367137908936e-02 1.479610521346330643e-02 2.239490859210491180e-02 4.436497110873460770e-03
2.413453534245491028e-02 2.467413246631622314e-02 1.192743331193923950e-02 9.064122103154659271e-03 1.861288212239742279e-02 3.796378895640373230e-02 3.751534223556518555e-02 1.083538495004177094e-02 5.977141205221414566e-03 1.552896294742822647e-02 1.721687056124210358e-02 8.367531895637512207e-01 2.042844891548156738e-02 7.155656814575195312e-02 3.017870150506496429e-02 1.064465474337339401e-02 1.667804829776287079e-02 1.379896793514490128e-02 2.428911440074443817e-02 3.201372455805540085e-03 6.101212464272975922e-03 1.691270992159843445e-02 2.625991776585578918e-02 1.408547256141901016e-02 7.016270421445369720e-03 5.816380027681589127e-03 2.253037504851818085e-02 4.662971198558807373e-02 1.773333176970481873e-02 4.748183116316795349e-02 1.443277299404144287e-02 1.414284296333789825e-02 8.505274541676044464e-03 2.007181942462921143e-02 4.746910184621810913e-03 8.841072209179401398e-03 3.091163560748100281e-02 1.050607860088348389e-02 6.319612264633178711e-03 5.623288452625274658e-03 1.396828982979059219e-02 1.075502764433622360e-02 6.934179458767175674e-03 6.423842627555131912e-03 4.529485851526260376e-02 1.096718115149997175e-04 3.730149939656257629e-02 3.228290379047393799e-02 2.580829709768295288e-02 1.340196840465068817e-02 6.808356847614049911e-03 1.176770590245723724e-02 1.157033164054155350e-02 1.736182160675525665e-02 1.041508279740810394e-02 1.344192423857748508e-03 7.054251153022050858e-03 2.431189827620983124e-02 8.264038711786270142e-03 1.147581916302442551e-02 3.584120888262987137e-03 2.778655034489929676e-04 1.704027876257896423e-03 5.478576291352510452e-03 7.575403433293104172e-03 1.217020116746425629e-02 2.205245010554790497e-02 1.366930268704891205e-02 1.400122418999671936e-02 8.254293352365493774e-03 2.740523405373096466e-02 1.589886029250919819e-03 2.348780632019042969e-02 2.538309432566165924e-02 3.442490100860595703e-02 7.350527681410312653e-03 3.063171543180942535e-02 1.926336064934730530e-02 1.324350479990243912e-02 1.326200552284717560e-02 1.632243045605719090e-03 6.530923303216695786e-03 3.377037122845649719e-03 1.082292664796113968e-02 1.311248354613780975e-02 5.128801334649324417e-03 1.420865859836339951e-02 1.345810201019048691e-02 5.104298237711191177e-03 3.743825852870941162e-02 4.168639704585075378e-02 6.392455659806728363e-03 3.369922190904617310e-02 1.182720810174942017e-02 1.227538567036390305e-02 2.324396045878529549e-03 4.305229987949132919e-03 2.026746794581413269e-02 3.834622213616967201e-03 4.770268220454454422e-03 1.625437475740909576e-02 1.778011582791805267e-02 2.997771836817264557e-03 1.376052945852279663e-02 4.525389987975358963e-03 4.575407598167657852e-03 1.531985495239496231e-02 7.789185736328363419e-03 1.557617820799350739e-02 1.570122875273227692e-02 3.256642445921897888e-02 1.632477529346942902e-02 4.053072188980877399e-05 8.776086382567882538e-03 2.219624444842338562e-02 1.196002960205078125e-02
2.891035377979278564e-02 3.569083660840988159e-02 9.532119147479534149e-03 1.880559511482715607e-02 1.739330776035785675e-02 3.231841698288917542e-02 3.777563571929931641e-02 2.614229731261730194e-02 8.897107094526290894e-03 1.258018426597118378e-02 4.549055546522140503e-02 2.042844891548156738e-02 8.367531895637512207e-01 2.542999573051929474e-02 4.451373219490051270e-02 1.582906767725944519e-02 6.992579903453588486e-03 2.245094627141952515e-02 1.272219046950340271e-02 1.016248948872089386e-02 2.237704023718833923e-02 3.768216073513031006e-02 2.514548413455486298e-02 1.730387471616268158e-02 7.389754988253116608e-03 1.885040849447250366e-02 3.150690346956253052e-02 1.261854916810989380e-02 3.069441951811313629e-02 1.480097882449626923e-02 4.061616212129592896e-02 8.949418552219867706e-03 2.175439521670341492e-02 4.462256096303462982e-03 1.216192077845335007e-02 6.831524893641471863e-03 1.438238285481929779e-02 3.871348872780799866e-02 5.299672018736600876e-03 1.557839801535010338e-03 3.965945914387702942e-02 1.035604998469352722e-02 1.508993562310934067e-02 1.577926613390445709e-02 3.070044144988059998e-02 9.868215769529342651e-03 3.507840260863304138e-02 3.631319850683212280e-02 5.832426715642213821e-03 9.664483368396759033e-03 5.446088500320911407e-03 3.329390659928321838e-03 2.934908680617809296e-02 2.794203348457813263e-02 2.471316792070865631e-02 7.685331162065267563e-03 2.239023149013519287e-02 1.837223209440708160e-02 2.297064661979675293e-02 1.999563723802566528e-02 2.851067483425140381e-02 7.215102203190326691e-03 1.666693598963320255e-03 1.225377898663282394e-03 3.980838507413864136e-02 4.252678900957107544e-02 2.375239273533225060e-03 2.372983843088150024e-02 2.756036818027496338e-02 1.688638329505920410e-02 1.918231323361396790e-02 2.033256553113460541e-02 2.264253981411457062e-02 8.067180402576923370e-03 1.976402662694454193e-02 1.756873913109302521e-02 1.242735702544450760e-02 6.001536268740892410e-03 5.699722561985254288e-03 2.542248181998729706e-02 2.360731177031993866e-02 5.438011605292558670e-03 1.696449704468250275e-02 1.613505184650421143e-02 5.616299458779394627e-04 2.424033358693122864e-03 4.036188498139381409e-02 3.419047966599464417e-02 2.637183852493762970e-02 8.959703147411346436e-03 3.126182407140731812e-02 2.890123426914215088e-02 3.667441755533218384e-02 3.415839746594429016e-02 9.118045680224895477e-03 3.722469555214047432e-03 1.179554779082536697e-02 8.962921798229217529e-03 9.053722955286502838e-03 5.804359912872314453e-03 1.168956607580184937e-02 1.058443170040845871e-02 2.115919999778270721e-02 8.625291287899017334e-03 2.636398561298847198e-02 2.302124723792076111e-02 4.894639831036329269e-03 8.741016499698162079e-03 5.545989144593477249e-03 1.618201285600662231e-02 2.624058909714221954e-02 1.534484140574932098e-02 1.426970679312944412e-02 1.686231978237628937e-02 1.975810155272483826e-02 4.866248928010463715e-03
