8.232677578926086426e-01 6.774556636810302734e-02 1.562067214399576187e-02 1.173219364136457443e-02 1.384286954998970032e-02 2.611630223691463470e-02 2.136819250881671906e-02 2.073420397937297821e-02 1.812205463647842407e-02 3.607854619622230530e-02 6.041058897972106934e-02 1.773532293736934662e-02 5.606663227081298828e-02 3.909065388143062592e-03 1.408141106367111206e-02 1.870399899780750275e-02 3.902798052877187729e-03 1.614697091281414032e-02 4.565193131566047668e-02 4.010653588920831680e-03 1.774613186717033386e-02 2.306167781352996826e-02 2.585628069937229156e-02 8.507826365530490875e-03 3.008174337446689606e-02 4.145196825265884399e-02 1.336486730724573135e-02 1.494110934436321259e-02 3.091688640415668488e-02 2.602947177365422249e-03 1.962140202522277832e-02 6.667142268270254135e-03 2.946554310619831085e-02 1.404414512217044830e-02 2.884478680789470673e-02 1.798949204385280609e-02 8.285860531032085419e-03 4.564131610095500946e-03 1.255803275853395462e-02 2.348204702138900757e-02 4.696279764175415039e-03 3.861327096819877625e-02 2.219456247985363007e-02 4.280412569642066956e-03 2.875818125903606415e-02 2.848005108535289764e-02 1.772263087332248688e-02 2.487930469214916229e-02 2.157616056501865387e-02 1.731949485838413239e-02 1.026449911296367645e-02 2.785802120342850685e-03 6.980341859161853790e-03 9.075814741663634777e-04 1.597772166132926941e-02 7.983186282217502594e-03 1.491996925324201584e-02 3.165894374251365662e-02 2.578904666006565094e-02 2.727911807596683502e-03 7.255891803652048111e-03 2.995793148875236511e-02 1.221500243991613388e-02 1.281614648178219795e-03 2.313661389052867889e-02 3.510279580950737000e-03 7.669213693588972092e-03 6.718817632645368576e-03 2.889416925609111786e-02 5.836483323946595192e-04 1.833222992718219757e-02 1.486564055085182190e-02 1.619747839868068695e-03 1.229431759566068649e-02 1.170142367482185364e-02 2.327986806631088257e-02 1.677781715989112854e-02 2.814703062176704407e-02 1.421257294714450836e-02 1.688778772950172424e-02 2.508560428395867348e-03 1.095274463295936584e-02 1.986858062446117401e-02 4.198656603693962097e-02 1.088220532983541489e-02 5.278155440464615822e-04 4.282809328287839890e-03 6.484370678663253784e-03 2.845261804759502411e-02 1.180219836533069611e-02 1.425742264837026596e-02 1.010755915194749832e-02 9.392821229994297028e-03 2.686937339603900909e-03 4.381742794066667557e-03 1.723253168165683746e-02 2.183059602975845337e-02 2.091998234391212463e-02 1.896349340677261353e-02 1.178952679038047791e-02 7.868126966059207916e-03 1.698226295411586761e-02 6.303711794316768646e-03 6.591182667762041092e-03 2.148255705833435059e-02 3.078635316342115402e-03 1.301196869462728500e-03 2.311185188591480255e-02 3.289791988208889961e-03 1.487505529075860977e-02 5.655900575220584869e-03 3.732674056664109230e-03 7.979745976626873016e-03 2.541762078180909157e-03 1.577340997755527496e-02 1.675391918979585171e-03
6.774556636810302734e-02 8.232677578926086426e-01 2.624424919486045837e-02 6.271294783800840378e-03 4.694339819252490997e-03 5.000501498579978943e-02 5.003017932176589966e-02 4.582364112138748169e-02 1.011591125279664993e-02 1.529687456786632538e-02 4.794785007834434509e-02 1.951488666236400604e-02 7.107596099376678467e-02 1.170084252953529358e-02 3.571684006601572037e-03 1.052354276180267334e-02 1.347923092544078827e-02 2.128417603671550751e-02 2.828991971909999847e-02 2.421571174636483192e-03 1.839856803417205811e-02 4.775777924805879593e-03 1.252626068890094757e-02 7.083360105752944946e-05 1.986662670969963074e-02 2.838884294033050537e-02 1.977400109171867371e-02 2.656942978501319885e-02 3.778713196516036987e-02 7.044650148600339890e-03 1.888638176023960114e-02 7.010448258370161057e-03 1.695330254733562469e-02 1.784580014646053314e-02 2.691747061908245087e-02 9.070537053048610687e-03 2.909444039687514305e-03 5.101809278130531311e-03 1.048877835273742676e-02 2.741048298776149750e-02 1.225224579684436321e-03 3.972286358475685120e-02 1.915834471583366394e-02 6.312514655292034149e-03 7.935201749205589294e-03 2.129848301410675049e-02 6.622631102800369263e-03 6.968630943447351456e-03 1.610135659575462341e-02 1.099962089210748672e-02 9.814762510359287262e-03 1.713171601295471191e-02 2.326410496607422829e-03 3.463888773694634438e-03 4.772358108311891556e-03 2.116361865773797035e-03 1.529169082641601562e-02 2.104978077113628387e-02 1.124547515064477921e-02 1.917658932507038116e-02 4.016868770122528076e-03 1.955905370414257050e-02 5.014771595597267151e-03 4.626229405403137207e-03 4.425118118524551392e-02 1.216025743633508682e-02 3.359916154295206070e-04 1.707309857010841370e-02 3.802499547600746155e-02 6.972440052777528763e-03 1.420478802174329758e-02 1.038895174860954285e-02 1.224742550402879715e-02 2.466338314116001129e-02 9.923472069203853607e-03 2.534965798258781433e-02 7.780672516673803329e-03 9.307581931352615356e-03 1.728788204491138458e-02 2.461832482367753983e-03 2.143558487296104431e-02 2.429915219545364380e-02 2.183944545686244965e-02 2.565194666385650635e-02 4.565229173749685287e-03 1.127262040972709656e-02 3.183458372950553894e-02 1.756568555720150471e-03 1.354873646050691605e-02 4.046713933348655701e-03 1.776855811476707458e-02 7.755248341709375381e-03 1.901757530868053436e-02 3.738970262929797173e-03 2.025279216468334198e-02 1.326921582221984863e-02 9.589879773557186127e-03 5.314453970640897751e-03 2.180436626076698303e-02 1.512215938419103622e-02 1.730040274560451508e-02 1.349730137735605240e-02 2.566717099398374557e-03 1.941387914121150970e-02 7.556368364021182060e-04 5.970463156700134277e-03 8.232536725699901581e-03 2.504252642393112183e-02 1.557071041315793991e-02 2.060717716813087463e-02 8.319790475070476532e-03 9.960872121155261993e-03 1.645141839981079102e-02 4.832847975194454193e-03 1.108067668974399567e-02 1.154369165305979550e-04
1.562067214399576187e-02 2.624424919486045837e-02 8.232677578926086426e-01 6.858803099021315575e-04 6.410351023077964783e-03 6.302557303570210934e-04 1.608483376912772655e-03 7.313436362892389297e-03 2.267586812376976013e-02 7.148079574108123779e-03 1.594572700560092926e-02 6.650960538536310196e-03 2.764089498668909073e-03 2.379643730819225311e-02 1.904934830963611603e-02 1.804609596729278564e-02 1.700747944414615631e-02 2.389099821448326111e-02 9.281638078391551971e-03 3.146511688828468323e-02 3.021258302032947540e-02 1.493069063872098923e-02 1.995611749589443207e-02 3.025317937135696411e-02 7.959477603435516357e-03 1.560046151280403137e-02 2.679893001914024353e-02 4.814603598788380623e-04 1.056826114654541016e-02 1.275422703474760056e-02 3.523009596392512321e-03 2.579111047089099884e-02 7.345719262957572937e-03 2.057376690208911896e-02 3.376861289143562317e-02 2.299489267170429230e-02 2.255235984921455383e-02 1.175365131348371506e-02 8.318262174725532532e-03 7.149420212954282761e-03 5.031721200793981552e-03 7.760995533317327499e-03 1.523236045613884926e-03 1.601868867874145508e-02 7.157694548368453979e-03 1.222417131066322327e-02 2.104490995407104492e-02 8.283044444397091866e-04 1.600494422018527985e-02 4.005210846662521362e-02 4.702371079474687576e-03 2.788460999727249146e-02 1.039337553083896637e-02 3.300801664590835571e-02 9.950752370059490204e-03 2.090760506689548492e-02 2.661447413265705109e-02 2.040785551071166992e-02 2.212420850992202759e-02 4.012927878648042679e-03 8.265644311904907227e-03 4.565267823636531830e-03 4.626069683581590652e-03 9.224658831954002380e-03 6.892534438520669937e-03 5.155771039426326752e-03 4.710803274065256119e-03 3.477876598481088877e-04 1.402184925973415375e-02 3.447793656960129738e-03 1.736473850905895233e-02 8.044185233302414417e-04 2.209726348519325256e-02 2.858436480164527893e-02 5.313643254339694977e-03 3.128453390672802925e-03 1.485744677484035492e-02 5.618748720735311508e-03 2.910417038947343826e-03 3.918102476745843887e-03 9.805772453546524048e-03 1.756893098354339600e-02 1.299960352480411530e-02 1.259215758182108402e-03 1.599681191146373749e-02 1.026761531829833984e-02 5.902153439819812775e-03 3.411798970773816109e-03 2.246484160423278809e-02 3.795157419517636299e-03 1.318736467510461807e-02 1.810201443731784821e-02 9.155116975307464600e-03 4.503898788243532181e-03 3.144089132547378540e-02 2.561782114207744598e-02 1.002575363963842392e-02 2.205195650458335876e-02 1.639570482075214386e-02 2.066850103437900543e-02 6.138127762824296951e-03 5.858620163053274155e-03 1.586509635671973228e-03 4.086294211447238922e-03 2.853149734437465668e-02 4.774146154522895813e-02 8.994620293378829956e-03 9.972344152629375458e-03 1.833638234529644251e-04 6.261957343667745590e-03 2.190630696713924408e-02 1.027060858905315399e-02 1.031559426337480545e-03 1.951391436159610748e-02 1.066735386848449707e-02 3.018598631024360657e-02
1.173219364136457443e-02 6.271294783800840378e-03 6.858803099021315575e-04 8.232677578926086426e-01 6.328760832548141479e-02 7.468288531526923180e-04 7.614104077219963074e-03 1.706707850098609924e-02 2.576605230569839478e-02 6.132197100669145584e-03 1.302785612642765045e-02 1.866880990564823151e-02 4.428435582667589188e-03 2.025740034878253937e-02 2.628253214061260223e-02 1.362804044038057327e-02 1.810177415609359741e-02 1.920961774885654449e-02 1.704541407525539398e-02 1.537668239325284958e-02 4.718581680208444595e-03 2.037331834435462952e-02 2.220849879086017609e-02 3.032089769840240479e-02 1.493173372000455856e-02 2.781948307529091835e-03 3.115504514425992966e-03 3.947231452912092209e-03 2.676014974713325500e-02 3.441396169364452362e-03 2.354590035974979401e-02 8.246483281254768372e-03 2.424170076847076416e-02 1.958693144842982292e-03 1.839954033493995667e-02 1.820610277354717255e-02 1.165126822888851166e-02 3.753401711583137512e-02 4.613912850618362427e-02 1.720449328422546387e-02 2.576049603521823883e-02 1.353214588016271591e-02 2.565464563667774200e-02 2.716202987357974052e-03 1.317845098674297333e-02 4.013680736534297466e-04 2.942166477441787720e-02 1.866810605861246586e-03 1.044072117656469345e-02 1.101866923272609711e-02 2.927361056208610535e-02 3.310094028711318970e-02 8.039219304919242859e-03 3.777236491441726685e-02 1.133120618760585785e-03 1.286394055932760239e-02 2.697174996137619019e-02 1.105620712041854858e-02 2.988992258906364441e-02 2.938316576182842255e-02 2.460866793990135193e-02 1.716530323028564453e-02 2.763633430004119873e-02 3.086245432496070862e-02 1.437991391867399216e-02 1.417614240199327469e-02 1.272812765091657639e-02 3.338624490424990654e-03 1.622836850583553314e-02 1.399370562285184860e-02 1.406006328761577606e-02 1.954764872789382935e-02 4.122799634933471680e-02 1.188119221478700638e-02 1.848422735929489136e-02 9.270369075238704681e-03 1.938147842884063721e-02 1.163251325488090515e-02 1.441411394625902176e-02 1.194959320127964020e-02 1.689075492322444916e-03 1.520148664712905884e-02 4.150874540209770203e-02 2.797048725187778473e-02 5.454894620925188065e-03 8.285872638225555420e-03 1.809928938746452332e-02 1.772413216531276703e-02 1.200521364808082581e-02 1.714276894927024841e-02 5.712469108402729034e-03 1.887579448521137238e-02 1.166730560362339020e-02 2.400890551507472992e-02 2.777274232357740402e-03 1.095913629978895187e-02 1.067209243774414062e-02 1.051328028552234173e-03 2.088649570941925049e-02 2.793678268790245056e-02 2.228113450109958649e-02 1.030046492815017700e-02 3.595876274630427361e-03 2.270200289785861969e-02 1.366837229579687119e-02 2.717458643019199371e-02 3.295957669615745544e-02 3.626827523112297058e-02 1.436597108840942383e-02 3.105864673852920532e-02 1.287299953401088715e-02 7.652424275875091553e-03 2.023156732320785522e-03 3.068526647984981537e-02 8.700641803443431854e-03 1.102431025356054306e-02
1.384286954998970032e-02 4.694339819252490997e-03 6.410351023077964783e-03 6.328760832548141479e-02 8.232677578926086426e-01 6.241378840059041977e-03 1.735041104257106781e-02 1.260942965745925903e-02 3.145883232355117798e-02 4.363105166703462601e-03 8.401369675993919373e-03 1.680997759103775024e-02 5.789463873952627182e-03 1.691393740475177765e-02 3.833905607461929321e-02 1.962007395923137665e-02 2.039460651576519012e-02 1.989759504795074463e-02 2.768771164119243622e-02 2.226884663105010986e-02 1.749766641296446323e-03 2.203706651926040649e-02 2.803603187203407288e-02 2.752035483717918396e-02 2.706916444003582001e-02 1.197544578462839127e-02 1.484376192092895508e-02 2.806227421388030052e-03 1.841060444712638855e-02 7.939763367176055908e-03 2.497155591845512390e-02 1.536384574137628078e-03 2.416647411882877350e-02 4.645270295441150665e-03 1.454106159508228302e-02 1.770560443401336670e-02 6.155489012598991394e-03 4.005780071020126343e-02 3.270884975790977478e-02 1.608331128954887390e-02 2.175141498446464539e-02 9.175952523946762085e-03 2.282853238284587860e-02 3.918871283531188965e-03 1.664299890398979187e-02 9.463028982281684875e-03 3.338801115751266479e-02 1.171719282865524292e-02 1.620003394782543182e-02 5.215537268668413162e-03 2.743691951036453247e-02 1.887674257159233093e-02 8.369054645299911499e-03 4.035075008869171143e-02 1.370756886899471283e-03 1.528903376311063766e-02 2.925553359091281891e-02 1.283627841621637344e-02 2.788737602531909943e-02 2.884170040488243103e-02 3.222655132412910461e-02 2.880157716572284698e-02 3.013304434716701508e-02 2.251001819968223572e-02 1.259094383567571640e-02 1.885635964572429657e-02 3.350090992171317339e-04 4.538120992947369814e-04 1.766405254602432251e-02 8.940829895436763763e-03 2.249646745622158051e-02 1.775579527020454407e-02 1.980759575963020325e-02 1.581399329006671906e-02 1.064232550561428070e-02 5.547644104808568954e-03 2.413866855204105377e-02 6.220038514584302902e-03 1.524924673140048981e-02 3.806954191531985998e-05 3.362243995070457458e-03 7.906212471425533295e-03 3.910859674215316772e-02 4.303621500730514526e-02 8.041013963520526886e-03 7.499701343476772308e-03 2.250258065760135651e-02 1.790531165897846222e-02 1.067078020423650742e-02 8.550398051738739014e-03 3.990439232438802719e-03 1.892665587365627289e-02 1.465649064630270004e-02 2.236936986446380615e-02 5.214856471866369247e-03 1.424692757427692413e-02 6.986149121075868607e-03 4.579679807648062706e-05 1.560066081583499908e-02 1.770521141588687897e-02 2.406769245862960815e-02 1.004742830991744995e-02 9.056673385202884674e-03 2.519281581044197083e-02 3.754021599888801575e-04 1.975027285516262054e-02 3.654695302248001099e-02 3.786331042647361755e-02 2.119360119104385376e-02 3.470655158162117004e-02 1.661689393222332001e-02 9.597827680408954620e-03 1.395246759057044983e-02 3.190685808658599854e-02 1.228230446577072144e-02 7.641698699444532394e-03
2.611630223691463470e-02 5.000501498579978943e-02 6.302557303570210934e-04 7.468288531526923180e-04 6.241378840059041977e-03 8.232677578926086426e-01 6.286143511533737183e-02 1.317855250090360641e-02 4.521032795310020447e-03 8.574410341680049896e-03 3.521670028567314148e-02 5.130930803716182709e-03 5.482044070959091187e-02 8.226464502513408661e-03 1.355158071964979172e-02 1.372553873807191849e-02 4.254231695085763931e-03 3.564917016774415970e-03 1.588179357349872589e-02 1.740081794559955597e-02 1.284739188849925995e-02 1.568838581442832947e-02 1.401527319103479385e-02 1.405545976012945175e-02 1.315070595592260361e-02 1.033250708132982254e-02 2.427723258733749390e-03 4.318992141634225845e-03 2.326435409486293793e-02 1.706793345510959625e-02 1.622669026255607605e-02 1.928443647921085358e-02 7.774680387228727341e-03 2.343530952930450439e-02 1.681857928633689880e-02 1.987778954207897186e-02 3.121196851134300232e-02 1.581102982163429260e-02 2.106660604476928711e-02 1.627502962946891785e-02 2.299359813332557678e-02 8.511482737958431244e-03 9.706010110676288605e-03 1.310652494430541992e-02 1.325454935431480408e-02 1.450141798704862595e-02 2.268068678677082062e-02 5.255530413705855608e-05 2.125883847475051880e-02 2.627948857843875885e-02 1.683367602527141571e-02 3.128720447421073914e-02 2.507483772933483124e-02 2.730604028329253197e-03 3.952701017260551453e-02 5.745630245655775070e-03 5.867405328899621964e-03 1.115374360233545303e-02 4.203037358820438385e-03 1.698216795921325684e-02 2.124923281371593475e-03 4.858395084738731384e-03 1.958950981497764587e-02 1.367560774087905884e-02 3.630510345101356506e-02 9.060087613761425018e-03 3.865513484925031662e-03 1.695593446493148804e-02 1.020356779918074608e-03 1.636398211121559143e-02 2.202136442065238953e-02 4.442160017788410187e-03 1.941576600074768066e-02 3.099804930388927460e-02 6.906717317178845406e-04 1.459681801497936249e-02 1.173610333353281021e-03 4.771578591316938400e-03 8.522667922079563141e-03 1.256849057972431183e-02 4.080157727003097534e-02 2.400514297187328339e-02 1.459686737507581711e-02 7.704957854002714157e-03 3.163461806252598763e-03 9.661004878580570221e-03 5.127895250916481018e-02 6.571429315954446793e-03 1.481281314045190811e-02 6.484149489551782608e-03 4.079046193510293961e-03 7.166112307459115982e-03 2.083894982933998108e-02 4.242309369146823883e-03 7.084172219038009644e-03 1.912111788988113403e-02 1.628201082348823547e-02 2.840760163962841034e-02 4.818510264158248901e-03 6.229080463526770473e-05 2.299958281219005585e-02 1.449428685009479523e-02 1.263374555855989456e-02 3.148038685321807861e-02 2.968231402337551117e-02 3.372514387592673302e-03 2.523321099579334259e-02 2.131085470318794250e-02 3.476402908563613892e-02 1.208604499697685242e-02 6.864127237349748611e-03 7.928745821118354797e-03 3.386547043919563293e-02 9.871038608253002167e-03 1.102309324778616428e-03 4.210271872580051422e-03
2.136819250881671906e-02 5.003017932176589966e-02 1.608483376912772655e-03 7.614104077219963074e-03 1.735041104257106781e-02 6.286143511533737183e-02 8.232677578926086426e-01 2.792008593678474426e-02 3.056479850783944130e-03 1.583635248243808746e-02 3.579932451248168945e-02 2.092229388654232025e-02 5.960740894079208374e-02 1.414940040558576584e-02 2.591594867408275604e-02 1.617523841559886932e-02 5.062299780547618866e-03 1.189843984320759773e-03 1.208955701440572739e-02 2.855578437447547913e-03 3.714726539328694344e-03 6.405194755643606186e-03 1.840039156377315521e-02 1.777521893382072449e-02 1.690974272787570953e-02 1.610601320862770081e-02 7.974032778292894363e-04 2.848283573985099792e-02 3.152911551296710968e-03 3.100017085671424866e-02 2.251164056360721588e-02 6.092671770602464676e-03 1.288742013275623322e-02 7.353752851486206055e-03 5.214125383645296097e-03 9.297655895352363586e-03 7.200571708381175995e-03 1.605197042226791382e-02 1.403248030692338943e-02 1.018578279763460159e-02 9.309891611337661743e-03 2.137384936213493347e-02 2.170207537710666656e-02 5.811273586004972458e-03 1.119518093764781952e-02 6.093437317758798599e-03 4.691586643457412720e-02 4.086922109127044678e-02 8.662216365337371826e-03 1.375025603920221329e-02 9.484591893851757050e-03 2.825291827321052551e-02 1.297589298337697983e-02 1.820527948439121246e-02 1.899549178779125214e-02 3.052873769775032997e-03 2.808852307498455048e-02 2.500008791685104370e-02 7.101963739842176437e-03 1.292626466602087021e-02 2.046515606343746185e-02 1.283628959208726883e-02 2.727768570184707642e-02 2.230123244225978851e-02 1.240420527756214142e-02 1.398656237870454788e-02 1.120542176067829132e-02 7.235888391733169556e-03 3.690504468977451324e-03 3.156731650233268738e-02 2.119108289480209351e-02 1.149288285523653030e-02 2.187090925872325897e-02 4.006944596767425537e-02 7.591823115944862366e-03 1.099170465022325516e-02 2.533322665840387344e-03 5.410282406955957413e-03 7.936968468129634857e-04 1.946528069674968719e-02 3.016468137502670288e-02 6.508438847959041595e-03 7.802668493241071701e-03 6.156103685498237610e-03 1.777186058461666107e-02 1.049023121595382690e-02 4.093205556273460388e-02 1.719003915786743164e-02 1.443791785277426243e-03 7.861893624067306519e-03 2.137751877307891846e-02 1.538451481610536575e-02 9.016267955303192139e-03 8.695870637893676758e-03 3.574406960979104042e-03 1.591049320995807648e-02 1.156194601207971573e-02 2.790570631623268127e-02 6.707610562443733215e-03 6.009729579091072083e-03 3.111590445041656494e-02 2.207090437877923250e-04 8.599040098488330841e-03 2.547593787312507629e-02 2.021518908441066742e-02 2.215337753295898438e-02 2.366142347455024719e-02 1.052710227668285370e-02 2.374761737883090973e-02 1.160410139709711075e-02 7.173926569521427155e-03 2.213621139526367188e-02 2.248579077422618866e-02 5.330171901732683182e-03 8.968474343419075012e-03 3.656538901850581169e-03
2.073420397937297821e-02 4.582364112138748169e-02 7.313436362892389297e-03 1.706707850098609924e-02 1.260942965745925903e-02 1.317855250090360641e-02 2.792008593678474426e-02 8.232677578926086426e-01 2.292145742103457451e-03 2.688978565856814384e-03 1.178403384983539581e-02 2.877919003367424011e-03 5.358586832880973816e-02 3.077896777540445328e-03 1.683690212666988373e-02 1.114399451762437820e-02 1.118442509323358536e-02 2.570355311036109924e-03 1.307895872741937637e-02 6.644373759627342224e-03 2.646657824516296387e-02 1.080300286412239075e-02 2.131823217496275902e-03 1.199879311025142670e-02 7.398730143904685974e-03 7.495054975152015686e-03 1.039731036871671677e-02 2.207864820957183838e-02 1.112618669867515564e-02 2.702099829912185669e-02 1.103622280061244965e-02 4.561918787658214569e-03 2.796105854213237762e-02 1.311531756073236465e-03 1.546465791761875153e-02 1.401702873408794403e-02 1.550694182515144348e-02 1.139759086072444916e-02 1.447866391390562057e-02 6.198069513629889116e-06 7.316684816032648087e-03 2.345654740929603577e-02 9.025496430695056915e-03 1.440884079784154892e-02 7.825007662177085876e-03 8.331595920026302338e-03 2.329597948119044304e-03 3.070725826546549797e-03 1.272210665047168732e-02 1.625323854386806488e-02 2.537683397531509399e-02 2.973592141643166542e-03 2.525792084634304047e-02 2.653757482767105103e-02 2.527661155909299850e-03 6.258836947381496429e-03 1.053987722843885422e-02 7.045042701065540314e-03 8.898452506400644779e-04 2.263414114713668823e-02 2.702526189386844635e-02 2.622464904561638832e-03 2.476878650486469269e-02 2.866294421255588531e-02 1.734407991170883179e-02 7.021043915301561356e-03 1.076690666377544403e-02 9.076202288269996643e-03 3.527352958917617798e-02 1.347506698220968246e-02 1.554123312234878540e-02 1.810137910069897771e-04 9.542734362185001373e-03 1.181003637611865997e-02 3.128765150904655457e-03 2.537052845582365990e-03 6.718904245644807816e-03 6.827674806118011475e-03 1.514920219779014587e-02 7.118566427379846573e-03 4.394609108567237854e-02 6.279912590980529785e-02 1.129025593400001526e-02 1.325304899364709854e-02 4.790440667420625687e-03 4.558957647532224655e-03 2.860662899911403656e-02 4.362063854932785034e-02 2.369798906147480011e-02 2.977487631142139435e-03 1.787552027963101864e-04 1.147981639951467514e-02 2.941476413980126381e-03 1.600971259176731110e-02 2.929298952221870422e-02 4.930509254336357117e-03 2.161919884383678436e-02 8.793381042778491974e-03 6.324944086372852325e-03 2.400672929070424289e-05 1.149039715528488159e-02 1.371556799858808517e-02 2.344447188079357147e-03 2.629255875945091248e-02 2.109895646572113037e-02 3.324330970644950867e-02 1.041732076555490494e-02 1.715167454676702619e-04 1.520164683461189270e-02 8.591386489570140839e-03 6.679574493318796158e-03 2.148099243640899658e-02 2.353983232751488686e-03 5.242442712187767029e-03 9.257759898900985718e-03 6.351376883685588837e-03
1.812205463647842407e-02 1.011591125279664993e-02 2.267586812376976013e-02 2.576605230569839478e-02 3.145883232355117798e-02 4.521032795310020447e-03 3.056479850783944130e-03 2.292145742103457451e-03 8.232677578926086426e-01 3.008916275575757027e-03 2.056838199496269226e-02 3.472422063350677490e-02 6.181458476930856705e-03 1.299182511866092682e-02 1.159708295017480850e-02 9.349110536277294159e-03 1.096696872264146805e-02 1.244527008384466171e-02 1.768253371119499207e-02 4.438292607665061951e-02 9.679947048425674438e-03 3.377392515540122986e-02 2.184533700346946716e-02 1.594599336385726929e-02 2.619631215929985046e-02 9.974830783903598785e-03 3.036418464034795761e-03 7.492634467780590057e-03 5.163805559277534485e-03 7.518610917031764984e-03 2.526940312236547470e-03 1.381509657949209213e-02 3.665230050683021545e-02 1.675116270780563354e-02 1.410271041095256805e-02 1.775127649307250977e-02 4.234549589455127716e-03 1.960726641118526459e-02 1.005437970161437988e-02 1.614083722233772278e-02 5.604626145213842392e-03 4.150222614407539368e-02 2.593138813972473145e-02 3.069484606385231018e-03 3.027406707406044006e-02 2.966295182704925537e-02 8.710712194442749023e-03 1.036465819925069809e-02 8.691824041306972504e-03 1.700324192643165588e-02 1.614542491734027863e-02 6.765180733054876328e-03 2.023114077746868134e-02 1.354836206883192062e-02 1.607419922947883606e-02 3.175036609172821045e-02 7.288586348295211792e-04 1.035409793257713318e-02 2.266886644065380096e-02 2.646912820637226105e-02 1.640643179416656494e-02 4.487724602222442627e-02 2.250883914530277252e-02 9.709606878459453583e-03 4.047292284667491913e-03 1.095153298228979111e-02 9.488241747021675110e-03 1.382245589047670364e-02 5.978730972856283188e-03 9.107319638133049011e-03 2.863379195332527161e-02 2.559163048863410950e-02 7.902475073933601379e-03 1.468866318464279175e-02 3.254671394824981689e-02 4.078250005841255188e-02 7.249744981527328491e-02 1.179870218038558960e-02 2.925491891801357269e-02 8.617741987109184265e-03 1.425697747617959976e-02 1.248824503272771835e-02 4.563789349049329758e-03 2.289850078523159027e-02 8.915640413761138916e-03 9.683256037533283234e-03 1.358305476605892181e-02 3.814085852354764938e-03 3.794559091329574585e-02 6.785437930375337601e-03 2.586315572261810303e-02 1.753312163054943085e-02 8.331945165991783142e-03 2.603816054761409760e-02 4.543445538729429245e-03 1.199898868799209595e-02 8.250195533037185669e-03 4.273443948477506638e-03 2.422203682363033295e-02 3.536084666848182678e-02 1.405389700084924698e-02 3.114372026175260544e-03 6.496030837297439575e-03 4.279064014554023743e-03 1.167865470051765442e-03 1.479719765484333038e-02 1.670035161077976227e-02 1.024356391280889511e-02 1.071046944707632065e-02 2.760584466159343719e-02 2.048256807029247284e-02 1.897813379764556885e-02 3.379080910235643387e-03 1.765035092830657959e-02 4.495983477681875229e-03 3.919818438589572906e-03
3.607854619622230530e-02 1.529687456786632538e-02 7.148079574108123779e-03 6.132197100669145584e-03 4.363105166703462601e-03 8.574410341680049896e-03 1.583635248243808746e-02 2.688978565856814384e-03 3.008916275575757027e-03 8.232677578926086426e-01 8.464138023555278778e-03 4.338889848440885544e-03 1.699433103203773499e-02 3.067566826939582825e-02 2.018745988607406616e-02 2.351464889943599701e-02 5.275104194879531860e-03 3.447643667459487915e-02 4.789050668478012085e-02 5.477574653923511505e-03 3.021149709820747375e-02 1.319381687790155411e-02 2.881615728256292641e-05 2.385665662586688995e-02 3.535256162285804749e-02 3.906546533107757568e-02 7.719709072262048721e-03 3.635839093476533890e-03 4.702298319898545742e-04 7.215817458927631378e-03 8.925483562052249908e-03 1.565563678741455078e-02 2.147681824862957001e-02 4.224437288939952850e-03 1.161762140691280365e-02 1.948240585625171661e-02 3.280333476141095161e-03 1.470204908400774002e-02 9.201076813042163849e-03 4.353931173682212830e-03 5.768796545453369617e-04 2.192349918186664581e-02 8.956243284046649933e-03 1.664536632597446442e-02 2.858302928507328033e-02 2.277375757694244385e-02 1.220483705401420593e-02 2.631753124296665192e-02 3.012744523584842682e-02 2.208484709262847900e-02 1.738869934342801571e-03 2.441724762320518494e-02 1.807739585638046265e-02 8.189419168047606945e-04 3.350890427827835083e-02 2.338964492082595825e-02 1.085780281573534012e-02 4.517411440610885620e-02 1.825038343667984009e-02 1.564620621502399445e-02 6.244066171348094940e-04 2.324865013360977173e-02 2.546643279492855072e-02 5.097564775496721268e-03 1.555438029754441231e-05 4.810332786291837692e-03 3.360829874873161316e-02 1.365226879715919495e-02 2.441682666540145874e-02 2.533033303916454315e-02 4.315811395645141602e-02 1.452480535954236984e-02 3.796425461769104004e-02 7.287638261914253235e-03 1.983729563653469086e-02 8.120480924844741821e-03 2.080666832625865936e-03 5.953674018383026123e-02 7.191685494035482407e-03 5.546564608812332153e-02 2.472406253218650818e-02 9.877742268145084381e-03 1.091924216598272324e-02 3.592324256896972656e-02 1.170251332223415375e-02 1.223460026085376740e-02 7.314268965274095535e-03 1.935897022485733032e-02 9.753985330462455750e-03 5.488914623856544495e-02 3.176313266158103943e-02 3.024122677743434906e-02 2.136727236211299896e-02 1.469092792831361294e-03 8.605974726378917694e-03 2.720472402870655060e-02 1.767598651349544525e-02 3.327420726418495178e-02 6.754733622074127197e-03 2.048642933368682861e-02 6.472874898463487625e-03 3.256642445921897888e-02 4.388399887830018997e-03 1.327129779383540154e-03 2.544501051306724548e-02 1.579172792844474316e-03 2.057356061413884163e-03 5.871406290680170059e-03 5.854614078998565674e-03 1.059510279446840286e-02 1.092515047639608383e-02 2.290477044880390167e-02 5.046923179179430008e-03 1.751748658716678619e-02 2.659497223794460297e-02 2.597320824861526489e-02
6.041058897972106934e-02 4.794785007834434509e-02 1.594572700560092926e-02 1.302785612642765045e-02 8.401369675993919373e-03 3.521670028567314148e-02 3.579932451248168945e-02 1.178403384983539581e-02 2.056838199496269226e-02 8.464138023555278778e-03 8.232677578926086426e-01 1.970659708604216576e-03 6.546635180711746216e-02 5.626920610666275024e-03 3.207612317055463791e-03 1.427529007196426392e-02 1.637618802487850189e-02 8.857443928718566895e-03 1.670373789966106415e-02 9.018581360578536987e-03 3.242385108023881912e-03 8.071495220065116882e-03 2.565711364150047302e-02 1.865012943744659424e-02 5.435519386082887650e-03 1.264557987451553345e-02 3.762983484193682671e-03 9.284966625273227692e-03 1.087624952197074890e-02 9.566687047481536865e-03 1.334418635815382004e-02 1.438443921506404877e-02 3.061021678149700165e-03 1.388482749462127686e-02 2.934093959629535675e-02 5.550652276724576950e-03 2.211560728028416634e-03 1.638310216367244720e-02 3.950864775106310844e-04 4.410275258123874664e-03 1.923495531082153320e-02 3.408043459057807922e-02 1.878248900175094604e-02 5.713509861379861832e-03 2.646999200806021690e-03 2.147015649825334549e-03 2.608526265248656273e-03 1.655439659953117371e-02 9.948109276592731476e-03 2.250157849630340934e-04 1.563030108809471130e-02 9.614425711333751678e-03 4.558083601295948029e-03 7.294308394193649292e-03 1.082804519683122635e-02 3.887420054525136948e-03 9.364854777231812477e-04 2.431801985949277878e-03 3.298773989081382751e-02 1.812716654967516661e-04 1.769432052969932556e-02 7.696888060308992863e-04 4.508319776505231857e-03 2.259577857330441475e-03 2.444325014948844910e-03 2.380256354808807373e-02 1.483691856265068054e-02 2.263396792113780975e-02 5.471429787576198578e-03 2.484983392059803009e-02 1.944950968027114868e-02 6.600581575185060501e-03 1.214488875120878220e-02 3.334998711943626404e-02 2.249381737783551216e-03 8.751836605370044708e-03 1.680927723646163940e-02 1.478985603898763657e-02 2.840006165206432343e-02 8.029895834624767303e-03 1.524555590003728867e-02 2.159287454560399055e-03 1.120570767670869827e-02 2.775854244828224182e-02 1.321589760482311249e-02 1.961743086576461792e-02 3.500523511320352554e-03 5.302825011312961578e-04 3.599199652671813965e-02 1.823628321290016174e-02 1.347890775650739670e-02 2.706884220242500305e-02 1.372586749494075775e-02 9.794721379876136780e-03 1.021072734147310257e-02 6.108452565968036652e-03 1.127906236797571182e-02 1.892424933612346649e-02 2.828123047947883606e-02 2.605865336954593658e-02 1.127549819648265839e-02 1.447290834039449692e-02 2.825806289911270142e-02 3.516766475513577461e-03 1.605479232966899872e-02 1.391922309994697571e-02 2.565802261233329773e-02 6.734947673976421356e-03 2.089844085276126862e-02 6.196290720254182816e-03 1.185503788292407990e-02 1.246049068868160248e-02 2.558839879930019379e-02 1.096108090132474899e-02 9.682097472250461578e-03 2.115290053188800812e-02
1.773532293736934662e-02 1.951488666236400604e-02 6.650960538536310196e-03 1.866880990564823151e-02 1.680997759103775024e-02 5.130930803716182709e-03 2.092229388654232025e-02 2.877919003367424011e-03 3.472422063350677490e-02 4.338889848440885544e-03 1.970659708604216576e-03 8.232677578926086426e-01 7.820886559784412384e-03 5.128026753664016724e-02 1.715365611016750336e-02 5.749926436692476273e-03 1.368179731070995331e-02 6.504804361611604691e-03 1.319427415728569031e-02 3.257947415113449097e-02 1.347139757126569748e-02 1.172982156276702881e-02 1.791892945766448975e-02 1.463569607585668564e-02 2.783889509737491608e-02 1.220942288637161255e-02 8.910275064408779144e-03 2.684328006580471992e-03 3.141482546925544739e-02 2.489735744893550873e-02 2.391383424401283264e-02 3.569171996787190437e-03 3.449890017509460449e-02 2.562817558646202087e-02 2.634611912071704865e-02 1.523882895708084106e-02 1.486381795257329941e-02 2.527006901800632477e-02 1.485064066946506500e-02 2.848183177411556244e-02 1.829768344759941101e-02 2.384174987673759460e-02 7.761081680655479431e-03 2.217154577374458313e-02 3.160336613655090332e-02 1.018264517188072205e-02 2.641362324357032776e-02 2.603851072490215302e-02 1.664323173463344574e-02 3.961319103837013245e-03 1.460435520857572556e-02 4.512118175625801086e-03 1.814695075154304504e-02 4.293180536478757858e-03 7.195693440735340118e-03 2.455521374940872192e-03 3.152462840080261230e-02 2.501730434596538544e-02 1.324004493653774261e-02 9.850393980741500854e-03 2.575527690351009369e-02 2.367317862808704376e-02 3.099072352051734924e-02 1.616127789020538330e-02 1.640634238719940186e-02 1.584681682288646698e-02 6.057683844119310379e-03 1.054711360484361649e-02 1.600076071918010712e-02 1.499024033546447754e-02 3.283175872638821602e-03 7.703160867094993591e-03 8.381309919059276581e-03 1.634898036718368530e-02 2.318577142432332039e-03 2.258650772273540497e-02 3.631735965609550476e-02 1.180399861186742783e-02 3.608717769384384155e-02 5.964075680822134018e-03 1.299025118350982666e-02 2.889632014557719231e-03 1.136871147900819778e-02 3.187306923791766167e-03 9.917001239955425262e-03 1.431791018694639206e-02 1.936828158795833588e-02 3.324148431420326233e-02 1.713480427861213684e-02 1.099164225161075592e-02 1.905255392193794250e-02 1.078735012561082840e-02 2.814429067075252533e-02 1.884928718209266663e-02 5.013258662074804306e-03 1.267861761152744293e-02 1.198703702539205551e-02 1.267465017735958099e-02 3.146523609757423401e-02 1.938062906265258789e-02 1.485307607799768448e-02 2.676354721188545227e-03 2.932789968326687813e-03 2.226821333169937134e-02 2.401608508080244064e-03 1.210770476609468460e-02 1.538115460425615311e-02 2.403872087597846985e-02 1.199286337941884995e-02 2.870020456612110138e-02 8.142484351992607117e-03 4.137508105486631393e-03 1.099048834294080734e-02 2.777442801743745804e-03 1.633837702684104443e-03 1.644803414819762111e-04
5.606663227081298828e-02 7.107596099376678467e-02 2.764089498668909073e-03 4.428435582667589188e-03 5.789463873952627182e-03 5.482044070959091187e-02 5.960740894079208374e-02 5.358586832880973816e-02 6.181458476930856705e-03 1.699433103203773499e-02 6.546635180711746216e-02 7.820886559784412384e-03 8.232677578926086426e-01 5.746643524616956711e-03 8.048159070312976837e-03 5.800338461995124817e-03 9.742078371345996857e-03 2.469629747793078423e-03 1.629358157515525818e-02 1.109101902693510056e-02 2.234798856079578400e-02 9.071606211364269257e-03 6.271039135754108429e-03 1.629666611552238464e-02 1.830764301121234894e-02 1.959594525396823883e-02 2.830354962497949600e-03 2.238200232386589050e-02 1.128050498664379120e-02 1.778110116720199585e-02 2.341414656257256866e-04 1.229261048138141632e-02 7.130147423595190048e-03 8.732295595109462738e-03 8.990675560198724270e-04 9.705255739390850067e-03 1.538219302892684937e-02 7.475224789232015610e-03 1.057939976453781128e-02 1.374930329620838165e-02 9.115589782595634460e-04 3.483120724558830261e-02 1.936428807675838470e-02 7.137100212275981903e-03 1.821534533519297838e-04 6.540364585816860199e-03 1.452137064188718796e-02 1.671031303703784943e-02 3.629744751378893852e-03 2.714034542441368103e-02 1.182759273797273636e-02 8.290648460388183594e-03 1.389070879667997360e-02 1.427073869854211807e-02 2.367210574448108673e-03 9.080556221306324005e-03 1.381048653274774551e-02 5.668229423463344574e-03 2.246514149010181427e-02 1.040148176252841949e-02 3.326321765780448914e-02 9.822840802371501923e-04 2.572470717132091522e-02 2.049027569591999054e-02 1.137817185372114182e-02 2.516076713800430298e-02 9.868738241493701935e-03 1.669623516499996185e-02 3.049962408840656281e-02 2.230508998036384583e-02 2.683509374037384987e-03 1.631182059645652771e-02 4.812978208065032959e-03 2.357139065861701965e-02 3.457273822277784348e-03 1.546755526214838028e-02 5.531545029953122139e-04 8.231709711253643036e-03 7.703602313995361328e-03 1.121042063459753990e-03 3.238001093268394470e-02 2.371203899383544922e-02 1.176136895082890987e-03 2.984487824141979218e-02 1.060334406793117523e-02 1.401523407548666000e-02 3.524763137102127075e-02 5.913652945309877396e-03 1.944977231323719025e-02 1.103903981857001781e-03 7.804243359714746475e-03 1.252422947436571121e-02 2.709942637011408806e-03 3.843912854790687561e-03 4.782745148986577988e-03 2.158837392926216125e-03 2.683403901755809784e-02 9.426174685359001160e-03 3.672116436064243317e-03 3.548389940988272429e-04 2.366676554083824158e-02 1.606918498873710632e-02 2.066040411591529846e-02 2.924983948469161987e-02 1.443261373788118362e-02 2.959921583533287048e-02 1.377440895885229111e-02 2.967359498143196106e-03 1.836896874010562897e-02 4.555735737085342407e-03 9.550180286169052124e-03 1.404653303325176239e-02 1.625006087124347687e-02 4.824174568057060242e-03 5.481042899191379547e-03 9.055200964212417603e-03
