8.403804898262023926e-01 6.257512420415878296e-02 8.121075807139277458e-04 3.149911994114518166e-03 2.547426614910364151e-03 6.674450635910034180e-02 5.718678981065750122e-02 1.416624803096055984e-02 1.537787541747093201e-02 2.579050324857234955e-02 6.155279651284217834e-02 1.718727685511112213e-02 5.583779513835906982e-02 2.690783329308032990e-02 4.741645976901054382e-02 1.678235421422868967e-04 1.997168408706784248e-03 2.229768969118595123e-02 1.496251486241817474e-02 2.786704897880554199e-02 1.149974763393402100e-02 4.370592162013053894e-02 4.013194702565670013e-03 1.142960786819458008e-02 5.516760982573032379e-03 1.083920057862997055e-02 1.021782308816909790e-02 8.501975797116756439e-03 2.009398862719535828e-02 1.095661800354719162e-02 1.310621155425906181e-03 9.947294369339942932e-03 6.887438707053661346e-03 1.279150042682886124e-02 3.209222108125686646e-03 2.756464667618274689e-02 2.569448389112949371e-02 8.078712038695812225e-03 7.741735316812992096e-03 2.177553949877619743e-03 7.675035391002893448e-03 1.333610620349645615e-02 2.535905502736568451e-02 9.163683280348777771e-03 8.786157704889774323e-03 9.252938441932201385e-03 5.554663017392158508e-02 3.350957110524177551e-02 1.292549422942101955e-03 1.273214729735627770e-04 1.713520660996437073e-02 2.551751909777522087e-03 3.030059486627578735e-02 2.122656628489494324e-02 1.196561567485332489e-02 8.424423635005950928e-03 1.279469672590494156e-02 1.845065690577030182e-02 1.445630285888910294e-02 1.928834803402423859e-02 1.960529759526252747e-02 1.391353458166122437e-02 6.820104550570249557e-03 3.066477831453084946e-03 3.643669188022613525e-02 3.320695832371711731e-02 1.864352263510227203e-02 2.213844843208789825e-02 1.522207353264093399e-02 2.215613611042499542e-02 2.219089539721608162e-03 1.769579760730266571e-02 3.057501045987010002e-03 2.683183364570140839e-02 6.207552272826433182e-03 2.196625247597694397e-02 8.172404952347278595e-03 8.986418135464191437e-03 4.324507433921098709e-03 2.677813917398452759e-02 1.254399027675390244e-02 3.221800783649086952e-03 1.157863624393939972e-02 1.559163630008697510e-02 6.432624068111181259e-03 8.723623119294643402e-03 4.523362591862678528e-02 3.776033967733383179e-02 6.514682434499263763e-03 1.280311960726976395e-02 2.948073111474514008e-02 2.309564873576164246e-02 2.253134734928607941e-02 2.261981554329395294e-02 5.341362673789262772e-03 1.035712938755750656e-02 6.056562531739473343e-03 7.154878228902816772e-03 1.160290930420160294e-02 2.099069952964782715e-02 6.288384553045034409e-03 1.560181751847267151e-02 5.032709334045648575e-03 1.756637543439865112e-02 1.727899350225925446e-02 1.361469924449920654e-02 8.116741082631051540e-04 7.766946218907833099e-03 5.541809368878602982e-03 1.336050499230623245e-02 1.458664704114198685e-02 1.122437976300716400e-02 2.254730276763439178e-02 2.036417461931705475e-02 3.309560008347034454e-03 1.210153475403785706e-02
6.257512420415878296e-02 8.403804898262023926e-01 1.244425401091575623e-02 6.290584802627563477e-03 5.009738379158079624e-04 6.866162270307540894e-02 6.834754347801208496e-02 4.371313378214836121e-03 2.216462604701519012e-02 2.236490510404109955e-02 5.305231735110282898e-02 1.591963879764080048e-02 6.531275808811187744e-02 3.685310110449790955e-02 4.149843752384185791e-02 3.454205812886357307e-03 1.033070310950279236e-02 2.257889881730079651e-02 1.501271966844797134e-02 1.021009869873523712e-02 4.577111452817916870e-03 3.335651755332946777e-02 1.239058468490839005e-02 2.278876677155494690e-02 3.727954113855957985e-03 8.403116837143898010e-03 5.431994330137968063e-03 9.305404499173164368e-03 3.417444415390491486e-03 1.163910795003175735e-02 1.384776271879673004e-02 8.013566024601459503e-03 6.840198300778865814e-03 1.393710263073444366e-02 3.516803728416562080e-03 2.086863480508327484e-02 1.728174835443496704e-02 1.177713274955749512e-02 2.339694881811738014e-03 6.665825378149747849e-03 8.149052038788795471e-03 1.296643353998661041e-02 1.884266547858715057e-02 1.641939394176006317e-03 2.669483888894319534e-03 9.101002477109432220e-03 5.129192024469375610e-02 4.394043982028961182e-02 1.075750775635242462e-02 2.008805051445960999e-03 1.599380001425743103e-02 1.501857303082942963e-03 2.176114544272422791e-02 1.198408193886280060e-02 1.784406602382659912e-02 1.092284824699163437e-02 7.558351382613182068e-03 1.417496241629123688e-02 5.470322445034980774e-03 8.067975752055644989e-03 1.616451516747474670e-02 1.159099582582712173e-02 6.236097309738397598e-03 8.096007630228996277e-03 2.533897198736667633e-02 2.610136754810810089e-02 1.182780228555202484e-02 1.802602969110012054e-02 1.093468070030212402e-02 2.592655830085277557e-02 2.633038908243179321e-03 2.950245700776576996e-02 3.348087659105658531e-03 3.088265098631381989e-02 1.583298319019377232e-03 3.469671681523323059e-02 1.691252924501895905e-03 1.665848679840564728e-02 8.044327609241008759e-03 2.442560717463493347e-02 2.159979892894625664e-03 5.255209282040596008e-03 4.852356389164924622e-03 8.823949843645095825e-03 4.701588302850723267e-03 1.430881116539239883e-02 3.492280095815658569e-02 3.367614373564720154e-02 9.009012952446937561e-03 2.073910646140575409e-02 2.443107590079307556e-02 1.448867097496986389e-02 3.171119838953018188e-02 9.099380113184452057e-03 3.605456324294209480e-03 5.300455726683139801e-03 7.518529426306486130e-03 2.389404177665710449e-02 1.614486612379550934e-02 1.866158284246921539e-02 1.136804930865764618e-03 7.634496781975030899e-03 8.230952546000480652e-03 3.871016670018434525e-04 1.527069509029388428e-02 9.848738089203834534e-03 1.144533324986696243e-02 9.296339703723788261e-04 6.152629852294921875e-03 1.536097470670938492e-02 2.391755394637584686e-02 1.157687790691852570e-02 1.935604773461818695e-02 1.893940195441246033e-02 8.944299072027206421e-03 5.611113010672852397e-05
8.121075807139277458e-04 1.244425401091575623e-02 8.403804898262023926e-01 4.147084429860115051e-03 1.447483431547880173e-02 9.086396545171737671e-03 1.571374386548995972e-02 3.387436643242835999e-02 2.618983387947082520e-02 3.686214610934257507e-02 2.157317474484443665e-03 2.716856636106967926e-02 1.145824696868658066e-02 2.524740993976593018e-02 3.920392598956823349e-03 6.104503292590379715e-03 3.865522332489490509e-03 2.292872639372944832e-03 1.870114239864051342e-03 1.195865496993064880e-02 1.374060474336147308e-02 2.044567093253135681e-02 1.451407279819250107e-02 1.870166510343551636e-02 1.034027151763439178e-02 5.209723021835088730e-03 1.764892414212226868e-02 8.507395163178443909e-03 3.383535658940672874e-03 1.790481805801391602e-02 1.541205216199159622e-02 1.112041901797056198e-02 1.084801927208900452e-02 1.810077228583395481e-03 1.136224484071135521e-03 1.645104028284549713e-02 2.295193448662757874e-02 9.337359108030796051e-03 5.592244211584329605e-03 1.785173825919628143e-02 1.907187700271606445e-02 3.467976301908493042e-02 1.796483062207698822e-02 2.386229345574975014e-03 1.722727157175540924e-02 1.276107598096132278e-02 8.248498663306236267e-03 1.810739748179912567e-02 2.596117556095123291e-02 2.673572301864624023e-02 1.712495647370815277e-02 1.188777294009923935e-02 6.062006112188100815e-03 6.449475418776273727e-03 3.677831031382083893e-03 2.805655077099800110e-02 1.319271977990865707e-02 2.330246381461620331e-02 1.232543680816888809e-02 1.469648722559213638e-02 1.594317145645618439e-02 9.143066592514514923e-03 3.758645383641123772e-03 6.898861378431320190e-03 1.454894896596670151e-02 1.383747160434722900e-02 8.079689927399158478e-03 1.023675221949815750e-02 7.418483961373567581e-03 3.470272198319435120e-02 1.155361812561750412e-02 2.083983644843101501e-02 6.803940515965223312e-03 3.321273997426033020e-02 9.101188741624355316e-03 2.512537466827780008e-04 7.796937134116888046e-03 2.941491641104221344e-02 4.243452847003936768e-02 4.472406208515167236e-02 4.581747204065322876e-02 2.385008521378040314e-02 4.691550973802804947e-03 3.967999946326017380e-03 1.924593374133110046e-02 1.466770283877849579e-02 1.537529006600379944e-02 9.270763024687767029e-03 3.556114435195922852e-02 4.289933294057846069e-02 1.172608882188796997e-02 3.473123908042907715e-02 1.340940315276384354e-02 2.717529423534870148e-02 1.874900981783866882e-02 9.353011846542358398e-03 3.377769142389297485e-02 1.124524883925914764e-02 1.048806868493556976e-02 1.933107501827180386e-03 1.385843660682439804e-02 1.492831856012344360e-03 6.943966262042522430e-03 7.668311707675457001e-03 1.199986319988965988e-02 1.935492269694805145e-02 9.741136804223060608e-03 2.430330030620098114e-02 8.118784055113792419e-03 3.160708397626876831e-02 2.881949394941329956e-02 1.811872422695159912e-02 1.872758753597736359e-02 8.122459053993225098e-03 3.433733060956001282e-02 1.295974384993314743e-02
3.149911994114518166e-03 6.290584802627563477e-03 4.147084429860115051e-03 8.403804898262023926e-01 6.723156571388244629e-02 6.186086684465408325e-03 5.959527567028999329e-03 1.288913888856768608e-03 2.150953747332096100e-03 6.673968397080898285e-03 7.730997167527675629e-03 2.190796285867691040e-02 8.608038537204265594e-03 3.226300468668341637e-03 4.482088261283934116e-04 2.112789079546928406e-02 1.523289363831281662e-02 7.695793639868497849e-03 9.137867949903011322e-03 3.549148328602313995e-03 1.254391204565763474e-02 4.848035518079996109e-03 3.880041465163230896e-02 5.778102204203605652e-03 1.943858340382575989e-02 2.691465616226196289e-02 6.723481230437755585e-03 2.946673147380352020e-02 1.849322952330112457e-02 1.925200410187244415e-02 8.632756769657135010e-03 1.185206114314496517e-03 2.969529852271080017e-02 7.561690290458500385e-04 3.840704262256622314e-02 4.484613891690969467e-03 1.433454174548387527e-02 5.321884527802467346e-03 5.216202139854431152e-02 3.985420241951942444e-02 1.315523684024810791e-02 2.812034683302044868e-03 8.242165669798851013e-03 4.056376928929239511e-04 1.097659487277269363e-02 8.152961527230218053e-05 3.043978707864880562e-03 2.291437936946749687e-03 1.246855314821004868e-02 6.879116990603506565e-04 1.054324768483638763e-02 2.649933798238635063e-03 2.322963252663612366e-02 2.760045416653156281e-02 3.005974739789962769e-02 1.626573503017425537e-02 2.023065462708473206e-02 6.183869205415248871e-03 3.370718285441398621e-02 2.532034926116466522e-02 3.143849223852157593e-02 3.039100021123886108e-02 3.751779347658157349e-02 3.770286217331886292e-02 2.830415405333042145e-02 2.858574315905570984e-02 2.013503573834896088e-03 3.730955068022012711e-03 2.894182316958904266e-02 1.017934177070856094e-02 3.619943931698799133e-02 1.766126416623592377e-02 5.889537557959556580e-02 6.853488739579916000e-03 5.743392184376716614e-02 1.594374328851699829e-02 3.834094479680061340e-02 1.402906700968742371e-02 6.101567763835191727e-03 7.259241770952939987e-03 6.741357035934925079e-03 8.383948355913162231e-03 3.246307745575904846e-02 1.375453639775514603e-02 7.154623046517372131e-03 1.023712754249572754e-02 1.192764285951852798e-02 6.087978370487689972e-03 4.137935861945152283e-02 1.900218799710273743e-02 7.977070286870002747e-03 5.127788055688142776e-03 2.957846270874142647e-03 9.058320894837379456e-03 2.261980623006820679e-02 3.024298232048749924e-03 1.339159253984689713e-02 5.610735388472676277e-04 1.026368001475930214e-03 2.183614764362573624e-03 1.861480809748172760e-02 1.381456479430198669e-02 1.453053392469882965e-02 4.236155655235052109e-03 2.632530964910984039e-02 1.785491779446601868e-02 6.205350160598754883e-03 4.264574497938156128e-02 4.637054167687892914e-03 1.217971742153167725e-02 8.869835175573825836e-03 9.033499285578727722e-03 1.914971158839762211e-03 3.206509572919458151e-04 6.875267252326011658e-03 1.105963159352540970e-02
2.547426614910364151e-03 5.009738379158079624e-04 1.447483431547880173e-02 6.723156571388244629e-02 8.403804898262023926e-01 5.812993040308356285e-04 6.517808418720960617e-03 1.267862319946289062e-02 8.143352344632148743e-03 4.841265734285116196e-03 6.773281376808881760e-03 2.329471334815025330e-02 7.370546460151672363e-03 2.076090080663561821e-03 8.445614948868751526e-03 1.641953177750110626e-02 1.888937503099441528e-02 4.502422176301479340e-03 2.363494969904422760e-02 1.400311104953289032e-02 1.290644146502017975e-02 1.345509756356477737e-02 3.745917230844497681e-02 1.356045482680201530e-03 2.234840393066406250e-02 2.232739701867103577e-02 1.402672030963003635e-03 3.079136088490486145e-02 1.299227587878704071e-02 2.395340055227279663e-02 2.000860404223203659e-03 2.856839215382933617e-03 2.087934315204620361e-02 1.525152823887765408e-03 2.877925522625446320e-02 1.283399201929569244e-02 6.381529383361339569e-03 4.104893654584884644e-03 4.343400895595550537e-02 3.191060572862625122e-02 7.217193953692913055e-03 1.497056614607572556e-02 5.827665328979492188e-03 9.500307496637105942e-04 1.388296484947204590e-02 6.598727311939001083e-03 5.462767556309700012e-03 3.780511033255606890e-04 9.436898981221020222e-04 1.206446439027786255e-03 2.269003307446837425e-03 2.845531096681952477e-03 2.777439914643764496e-02 3.138980641961097717e-02 3.211139887571334839e-02 1.426204387098550797e-02 1.750419288873672485e-02 6.145536433905363083e-03 3.655287995934486389e-02 3.424035757780075073e-02 2.248339541256427765e-02 3.216955810785293579e-02 3.167692571878433228e-02 3.025875426828861237e-02 2.933911979198455811e-02 3.351372107863426208e-02 6.007754243910312653e-03 6.844087969511747360e-03 2.701901085674762726e-02 1.359851006418466568e-02 4.120413959026336670e-02 1.186044514179229736e-02 4.903340339660644531e-02 9.908482432365417480e-03 5.683445185422897339e-02 2.726664999499917030e-03 4.298397526144981384e-02 3.209530934691429138e-02 2.126697078347206116e-02 8.501946926116943359e-03 1.759290881454944611e-02 1.510318927466869354e-02 3.532671555876731873e-02 2.751791104674339294e-02 9.947761893272399902e-03 1.661722734570503235e-02 1.641981862485408783e-02 1.337951608002185822e-02 3.635299205780029297e-02 2.545656450092792511e-02 4.683523147832602262e-04 1.125768665224313736e-02 8.924804627895355225e-03 1.961931400001049042e-02 2.143135108053684235e-02 6.258607842028141022e-03 3.476361278444528580e-03 1.088356366381049156e-03 6.122231949120759964e-03 3.526237094774842262e-03 1.923547685146331787e-02 1.318826712667942047e-02 1.625153794884681702e-02 2.360945334658026695e-03 2.208049222826957703e-02 1.375166513025760651e-02 1.086204871535301208e-02 3.810006380081176758e-02 1.271503232419490814e-02 2.111192792654037476e-02 1.994513208046555519e-03 9.313699789345264435e-03 1.382163818925619125e-02 1.996765611693263054e-03 7.627641316503286362e-03 1.531861163675785065e-02
6.674450635910034180e-02 6.866162270307540894e-02 9.086396545171737671e-03 6.186086684465408325e-03 5.812993040308356285e-04 8.403804898262023926e-01 7.270482927560806274e-02 7.343298755586147308e-03 1.054411288350820541e-02 1.830550841987133026e-02 6.254385411739349365e-02 2.219067513942718506e-02 6.411784142255783081e-02 3.756432235240936279e-02 4.029133170843124390e-02 3.786059794947504997e-03 7.574034971185028553e-04 1.290307659655809402e-02 9.032844565808773041e-03 1.312893070280551910e-02 1.959428889676928520e-03 3.653017431497573853e-02 6.949066184461116791e-03 2.165296114981174469e-02 2.572121564298868179e-03 1.764286682009696960e-02 3.258815733715891838e-03 6.947358138859272003e-03 9.069027379155158997e-03 7.645510137081146240e-03 6.166000850498676300e-03 6.663079839199781418e-03 1.297863293439149857e-02 1.154340617358684540e-02 3.369558835402131081e-03 1.861739158630371094e-02 1.425227709114551544e-02 1.461831294000148773e-02 1.411514915525913239e-02 2.313967095687985420e-03 4.107407759875059128e-03 1.409222651273012161e-02 1.818687468767166138e-02 7.875540759414434433e-04 1.643034070730209351e-02 6.646944675594568253e-04 6.804307550191879272e-02 4.704247042536735535e-02 2.081499900668859482e-03 7.428659591823816299e-03 1.293675135821104050e-02 2.558023843448609114e-04 1.606653444468975067e-02 6.909428164362907410e-03 1.433611102402210236e-02 7.359097362495958805e-04 1.129552349448204041e-02 9.854534640908241272e-03 3.150988137349486351e-03 8.668985217809677124e-03 1.533154211938381195e-02 1.248610764741897583e-02 9.263854473829269409e-03 2.421981189399957657e-03 2.889903075993061066e-02 2.906341850757598877e-02 9.424094110727310181e-03 1.631657965481281281e-02 1.399970334023237228e-02 2.291234396398067474e-02 9.049925021827220917e-03 1.768929697573184967e-02 3.955068998038768768e-03 2.843547239899635315e-02 5.041917320340871811e-04 2.053432911634445190e-02 7.249689660966396332e-03 1.577881164848804474e-02 4.437865689396858215e-03 2.283813431859016418e-02 6.732667330652475357e-03 5.158171523362398148e-03 3.555048955604434013e-03 5.196273792535066605e-03 8.641628548502922058e-03 1.060376130044460297e-02 3.360146284103393555e-02 4.392160475254058838e-02 1.320844702422618866e-02 1.954517513513565063e-02 2.819910459220409393e-02 2.054500579833984375e-02 3.063774853944778442e-02 2.065787278115749359e-02 3.134908853098750114e-03 4.755239468067884445e-03 6.290613673627376556e-03 7.418178487569093704e-03 1.423540059477090836e-02 1.755679585039615631e-02 2.295172074809670448e-03 1.161986961960792542e-02 8.115796372294425964e-03 1.269986573606729507e-02 9.295138530433177948e-03 1.040950603783130646e-02 1.272747851908206940e-02 1.725269481539726257e-03 4.827282857149839401e-03 1.138027571141719818e-02 2.057624980807304382e-02 3.460114123299717903e-03 2.286058291792869568e-02 1.839442178606987000e-02 1.526841893792152405e-02 4.589001182466745377e-03
5.718678981065750122e-02 6.834754347801208496e-02 1.571374386548995972e-02 5.959527567028999329e-03 6.517808418720960617e-03 7.270482927560806274e-02 8.403804898262023926e-01 8.353669196367263794e-03 1.253318414092063904e-02 1.701130904257297516e-02 5.975283682346343994e-02 7.255916483700275421e-03 6.965576112270355225e-02 3.118427097797393799e-02 2.623387612402439117e-02 2.108402084559202194e-03 4.885639529675245285e-03 9.537576697766780853e-03 2.074273861944675446e-02 5.713521502912044525e-03 6.932384800165891647e-03 2.483029663562774658e-02 1.003572344779968262e-02 2.514545246958732605e-02 7.661828305572271347e-03 1.574684120714664459e-02 2.546851523220539093e-03 3.561964258551597595e-03 1.305231731384992599e-02 4.075567703694105148e-03 2.481002546846866608e-02 9.990922175347805023e-03 2.806253498420119286e-03 1.603969559073448181e-02 2.601152984425425529e-03 8.071872405707836151e-03 2.922574989497661591e-03 5.467064678668975830e-03 8.247152902185916901e-03 6.394380703568458557e-03 4.993024631403386593e-04 1.147631183266639709e-02 1.745888218283653259e-02 2.975611714646220207e-03 7.645312696695327759e-03 3.522886661812663078e-03 6.788768619298934937e-02 6.069797277450561523e-02 8.092551492154598236e-03 1.128017157316207886e-02 1.421377621591091156e-02 9.972663829103112221e-04 5.481021478772163391e-03 2.308469731360673904e-03 1.191497314721345901e-02 7.976104505360126495e-03 5.787780042737722397e-03 5.382226314395666122e-03 1.422948762774467468e-02 3.533295821398496628e-03 6.046050693839788437e-03 1.026522647589445114e-02 4.974320530891418457e-03 7.016458082944154739e-03 2.310395427048206329e-02 2.461318671703338623e-02 3.311799140647053719e-03 1.458277367055416107e-02 1.014193054288625717e-02 2.493235468864440918e-02 1.520644780248403549e-02 1.987282559275627136e-02 8.311529643833637238e-03 2.842435427010059357e-02 6.132151000201702118e-03 1.940440200269222260e-02 4.322171153035014868e-04 2.821999974548816681e-02 1.605686172842979431e-02 2.578247897326946259e-02 3.971141763031482697e-03 7.405983749777078629e-03 7.370235864073038101e-03 1.524729467928409576e-02 2.885550493374466896e-03 1.649921201169490814e-02 2.218949049711227417e-02 3.751347586512565613e-02 1.642825268208980560e-02 2.820978313684463501e-02 3.730896860361099243e-02 1.425352133810520172e-02 4.760315269231796265e-02 9.011849761009216309e-03 6.650847382843494415e-03 1.033068983815610409e-03 9.623149409890174866e-03 1.704522781074047089e-02 1.420145761221647263e-02 1.649029739201068878e-02 1.423134701326489449e-03 9.840868413448333740e-03 9.448225609958171844e-03 4.359570739325135946e-04 1.125222444534301758e-02 1.423757243901491165e-02 1.746908947825431824e-02 1.971323741599917412e-03 3.406797302886843681e-03 1.284012850373983383e-02 3.115807659924030304e-02 7.339861709624528885e-03 1.542136166244745255e-02 1.339464168995618820e-02 1.455640234053134918e-02 7.326233666390180588e-03
1.416624803096055984e-02 4.371313378214836121e-03 3.387436643242835999e-02 1.288913888856768608e-03 1.267862319946289062e-02 7.343298755586147308e-03 8.353669196367263794e-03 8.403804898262023926e-01 2.013319730758666992e-02 1.906004175543785095e-02 6.081373430788516998e-03 3.162469342350959778e-02 6.080174818634986877e-03 2.274899557232856750e-02 3.355317935347557068e-02 3.094763262197375298e-03 1.578843686729669571e-03 1.480844686739146709e-03 1.943204365670681000e-02 2.354974485933780670e-02 1.382978074252605438e-02 3.622404858469963074e-02 3.691899823024868965e-03 5.050313659012317657e-03 1.164555782452225685e-03 5.019621923565864563e-03 3.922434523701667786e-02 3.986859694123268127e-03 9.496917016804218292e-03 1.149500440806150436e-02 3.680281341075897217e-02 1.344351842999458313e-02 2.889691852033138275e-02 1.062216144055128098e-02 1.548866461962461472e-02 4.049567133188247681e-02 3.393237665295600891e-02 1.557293254882097244e-02 2.752712462097406387e-03 1.569797657430171967e-02 5.377036519348621368e-03 3.052554093301296234e-02 1.112211029976606369e-02 9.008500725030899048e-03 2.179332450032234192e-02 1.529349479824304581e-03 2.137448063876945525e-05 2.201425470411777496e-02 2.511965669691562653e-02 1.061350945383310318e-02 6.671381648629903793e-03 1.266715675592422485e-02 2.965518645942211151e-02 2.092990837991237640e-02 5.798521917313337326e-03 6.675592623651027679e-03 6.969572510570287704e-03 5.751201882958412170e-03 3.682279214262962341e-02 2.319202944636344910e-02 2.225416339933872223e-02 1.108787022531032562e-02 1.923915371298789978e-02 1.178382150828838348e-02 1.740065403282642365e-02 1.195512898266315460e-02 1.060744747519493103e-02 1.263042353093624115e-02 6.764414254575967789e-03 3.092367015779018402e-02 1.033408567309379578e-02 2.138662524521350861e-02 6.907737348228693008e-03 2.382119745016098022e-02 2.995806280523538589e-04 6.089649163186550140e-03 1.444886252284049988e-02 2.048980630934238434e-02 4.121349751949310303e-02 2.357718907296657562e-02 4.599426686763763428e-02 5.349481105804443359e-02 3.350028302520513535e-03 1.818175427615642548e-02 3.153880359604954720e-03 6.122444756329059601e-03 3.875376656651496887e-02 3.813387453556060791e-02 1.600135304033756256e-02 1.963089220225811005e-02 1.996174268424510956e-02 4.276941344141960144e-02 3.028222918510437012e-02 4.249203577637672424e-02 2.641836367547512054e-02 1.279969420284032822e-02 3.096199035644531250e-02 2.556974254548549652e-02 3.580800723284482956e-03 1.521159661933779716e-03 1.577706076204776764e-02 3.212185576558113098e-03 9.142570197582244873e-03 1.685619354248046875e-02 5.561768775805830956e-04 1.501659769564867020e-02 2.353999204933643341e-02 1.579475775361061096e-02 1.064049545675516129e-03 1.220468617975711823e-02 2.548107318580150604e-02 1.157499104738235474e-02 1.813083514571189880e-02 1.222598925232887268e-02 1.590477116405963898e-02 3.169669955968856812e-02
1.537787541747093201e-02 2.216462604701519012e-02 2.618983387947082520e-02 2.150953747332096100e-03 8.143352344632148743e-03 1.054411288350820541e-02 1.253318414092063904e-02 2.013319730758666992e-02 8.403804898262023926e-01 4.502227902412414551e-02 9.309844113886356354e-03 1.525140274316072464e-02 1.228984072804450989e-02 1.034559402614831924e-02 1.184756960719823837e-02 1.151050254702568054e-02 1.246442459523677826e-02 4.451777040958404541e-02 2.487474307417869568e-02 2.111926674842834473e-02 1.241365354508161545e-02 1.868119696155190468e-03 1.918473630212247372e-03 2.793499734252691269e-03 1.389566063880920410e-02 1.815124414861202240e-03 2.162699773907661438e-02 2.134432829916477203e-02 5.316933384165167809e-04 1.421615574508905411e-02 4.660570062696933746e-03 1.481822971254587173e-02 4.861589521169662476e-03 1.128949970006942749e-02 1.035795547068119049e-02 2.843938302248716354e-03 9.469259530305862427e-03 2.296121418476104736e-02 3.054910572245717049e-03 1.230649184435606003e-02 1.886918582022190094e-02 2.573563344776630402e-02 1.172873657196760178e-02 1.121465861797332764e-02 2.590439096093177795e-02 1.902121677994728088e-02 5.204893648624420166e-03 3.718921652762219310e-05 2.387806586921215057e-02 2.194782905280590057e-02 2.501052059233188629e-02 7.529197260737419128e-03 1.602124422788619995e-02 1.842357590794563293e-02 3.211794793605804443e-02 3.536642715334892273e-02 2.040807716548442841e-02 2.898911200463771820e-02 8.649472874822095037e-05 2.955386880785226822e-03 1.732518896460533142e-02 1.361309736967086792e-02 5.406656302511692047e-03 2.839050721377134323e-03 3.341035218909382820e-03 2.631382551044225693e-03 1.960772462189197540e-02 2.120042219758033752e-02 2.450579404830932617e-02 3.895921260118484497e-02 2.489739796146750450e-03 4.367757588624954224e-02 1.255392283201217651e-02 3.217073902487754822e-02 1.448631659150123596e-02 4.340624809265136719e-02 3.020436502993106842e-02 2.706303261220455170e-02 3.623916581273078918e-02 3.533720970153808594e-02 2.362223900854587555e-02 2.385653741657733917e-02 3.089086897671222687e-02 3.474197536706924438e-02 6.297055166214704514e-03 1.899320515803992748e-03 5.432884208858013153e-03 2.800238318741321564e-02 1.355734188109636307e-02 1.880263909697532654e-02 1.323618344031274319e-03 1.384194847196340561e-02 2.455044072121381760e-03 3.019251860678195953e-02 1.312675327062606812e-02 2.241168916225433350e-02 2.490608021616935730e-02 4.875712841749191284e-02 6.621012464165687561e-03 8.151375688612461090e-03 8.150706067681312561e-03 5.733894649893045425e-04 2.080098912119865417e-02 3.445047885179519653e-02 1.707658544182777405e-02 1.630830019712448120e-02 3.487156471237540245e-03 7.681585382670164108e-03 1.249331980943679810e-03 1.667774841189384460e-02 2.876027859747409821e-02 3.410822525620460510e-02 2.503729891031980515e-03 2.401418425142765045e-02 2.608180278912186623e-03 3.762234747409820557e-02
2.579050324857234955e-02 2.236490510404109955e-02 3.686214610934257507e-02 6.673968397080898285e-03 4.841265734285116196e-03 1.830550841987133026e-02 1.701130904257297516e-02 1.906004175543785095e-02 4.502227902412414551e-02 8.403804898262023926e-01 1.913507468998432159e-02 1.398803293704986572e-02 1.739166490733623505e-02 2.284183911979198456e-02 1.482477039098739624e-02 7.299861172214150429e-04 8.565624244511127472e-03 3.883429244160652161e-02 3.912659734487533569e-02 1.184323709458112717e-02 1.823845668695867062e-04 7.703233510255813599e-03 1.157343853265047073e-02 2.881092950701713562e-02 9.035761468112468719e-03 8.133256924338638783e-04 2.232674742117524147e-03 2.207710593938827515e-02 2.103479020297527313e-02 2.063012123107910156e-02 7.821811363101005554e-03 8.115031960187479854e-06 1.444797683507204056e-02 1.082582119852304459e-02 1.075051818042993546e-02 9.466356597840785980e-03 1.720570726320147514e-03 8.842868730425834656e-03 2.853321202564984560e-04 2.411050722002983093e-03 2.036457322537899017e-02 2.486533299088478088e-02 7.399896625429391861e-03 2.457936294376850128e-03 1.719912141561508179e-02 3.402868658304214478e-02 1.334966998547315598e-02 7.387008052319288254e-03 2.208529040217399597e-02 4.628558829426765442e-02 1.435252279043197632e-02 1.098198629915714264e-02 2.750024199485778809e-02 3.205098211765289307e-02 5.865070037543773651e-03 3.881151229143142700e-02 1.583325490355491638e-02 3.523486480116844177e-02 9.919603355228900909e-03 1.208810601383447647e-02 4.643647931516170502e-03 1.578790508210659027e-02 1.580759300850331783e-03 8.971080183982849121e-03 1.253364048898220062e-02 1.301837246865034103e-02 1.742151333019137383e-03 2.096281386911869049e-03 1.351368520408868790e-02 3.555723652243614197e-02 6.189565174281597137e-03 1.357026863843202591e-02 3.055711276829242706e-02 3.576087206602096558e-02 2.412973716855049133e-02 5.345453042536973953e-03 4.770613741129636765e-03 3.659451380372047424e-02 4.210638999938964844e-02 6.072769314050674438e-02 1.364121213555335999e-02 1.145018916577100754e-02 2.760881185531616211e-02 5.062242224812507629e-02 1.122012175619602203e-02 1.500594057142734528e-02 1.448489539325237274e-02 1.979195512831211090e-03 1.136980645242147148e-04 1.419675443321466446e-02 1.420197635889053345e-02 2.183557860553264618e-02 3.262015292420983315e-03 1.067846920341253281e-02 9.274721145629882812e-03 6.844495423138141632e-03 3.883919492363929749e-02 1.478463131934404373e-02 9.886601939797401428e-03 2.239316236227750778e-03 6.901687476783990860e-03 9.151829872280359268e-04 1.389074046164751053e-02 3.257286036387085915e-03 1.771029084920883179e-02 1.512994710355997086e-02 2.204333664849400520e-03 1.405812613666057587e-02 1.193558424711227417e-02 4.237663745880126953e-02 1.527308207005262375e-02 1.230487041175365448e-02 4.859167616814374924e-03 1.015057973563671112e-02 2.483991719782352448e-02 1.396085601300001144e-02
6.155279651284217834e-02 5.305231735110282898e-02 2.157317474484443665e-03 7.730997167527675629e-03 6.773281376808881760e-03 6.254385411739349365e-02 5.975283682346343994e-02 6.081373430788516998e-03 9.309844113886356354e-03 1.913507468998432159e-02 8.403804898262023926e-01 7.468506693840026855e-03 6.202716752886772156e-02 1.798152178525924683e-02 3.785398602485656738e-02 4.995844792574644089e-03 3.373704850673675537e-03 1.041068974882364273e-02 1.288306992501020432e-02 2.142850123345851898e-02 1.157044712454080582e-02 3.594134375452995300e-02 1.043378375470638275e-03 7.666734512895345688e-03 7.849622517824172974e-03 1.040677912533283234e-02 1.209064107388257980e-02 8.319974876940250397e-03 3.182139620184898376e-02 8.200608193874359131e-03 1.230842620134353638e-02 1.629698462784290314e-02 4.588960669934749603e-03 1.787146367132663727e-02 1.069639716297388077e-02 1.802301406860351562e-02 1.496730744838714600e-02 2.180661773309111595e-03 1.002407516352832317e-03 8.762617595493793488e-03 1.368934568017721176e-02 9.474992752075195312e-03 2.809751592576503754e-02 1.336952671408653259e-02 9.790314361453056335e-03 2.928194124251604080e-03 6.408538669347763062e-02 4.517006501555442810e-02 2.171727683162316680e-04 7.275965996086597443e-03 7.969713769853115082e-03 5.052945576608181000e-03 2.185772359371185303e-02 1.426520384848117828e-02 8.070794865489006042e-03 2.764475764706730843e-03 5.320223979651927948e-03 1.559859700500965118e-02 1.277295965701341629e-02 1.897797547280788422e-02 7.076774258166551590e-03 6.863730028271675110e-03 3.598535200580954552e-03 6.414387375116348267e-03 4.530723765492439270e-02 3.852481395006179810e-02 1.958230696618556976e-02 2.375866658985614777e-02 9.529195725917816162e-03 2.082182653248310089e-02 5.476454272866249084e-03 1.188509725034236908e-02 6.071276497095823288e-03 2.544926851987838745e-02 9.050348773598670959e-03 1.220350340008735657e-02 1.023375429213047028e-02 1.073098648339509964e-02 8.226829580962657928e-03 2.583635412156581879e-02 5.879268981516361237e-03 3.468547714874148369e-03 5.639047827571630478e-03 1.155725307762622833e-02 1.171436998993158340e-02 9.249173104763031006e-03 3.903433308005332947e-02 3.649627789855003357e-02 1.117860712110996246e-02 1.931218989193439484e-02 4.305204376578330994e-02 2.529549971222877502e-02 3.404763713479042053e-02 2.057639509439468384e-02 5.897722672671079636e-03 1.177646405994892120e-02 8.393433876335620880e-03 2.960364567115902901e-03 1.209582760930061340e-02 2.292239852249622345e-02 8.333302102982997894e-03 2.175366505980491638e-02 4.984732717275619507e-03 2.004742436110973358e-02 2.396378666162490845e-02 2.453468367457389832e-02 1.911040861159563065e-03 1.631476730108261108e-02 6.504761520773172379e-03 1.262853946536779404e-02 2.542324177920818329e-02 6.175250280648469925e-03 1.888683065772056580e-02 2.163945697247982025e-02 4.184591118246316910e-03 8.134870789945125580e-03
1.718727685511112213e-02 1.591963879764080048e-02 2.716856636106967926e-02 2.190796285867691040e-02 2.329471334815025330e-02 2.219067513942718506e-02 7.255916483700275421e-03 3.162469342350959778e-02 1.525140274316072464e-02 1.398803293704986572e-02 7.468506693840026855e-03 8.403804898262023926e-01 7.811594754457473755e-03 6.695565581321716309e-02 2.553933672606945038e-02 1.291361730545759201e-02 7.097237277776002884e-03 5.790849099867045879e-04 3.410096687730401754e-04 1.060376316308975220e-02 7.963457144796848297e-03 2.093516662716865540e-02 4.211452975869178772e-02 3.900842741131782532e-02 4.767064005136489868e-03 8.841856382787227631e-03 9.568447712808847427e-04 4.198772087693214417e-02 1.654399372637271881e-02 3.762470185756683350e-02 2.629189006984233856e-02 1.789989322423934937e-02 1.777110621333122253e-02 4.285999108105897903e-03 4.977704957127571106e-03 1.572433114051818848e-02 9.041255339980125427e-03 2.757100621238350868e-03 1.130356639623641968e-02 9.208896663039922714e-04 1.224569883197546005e-02 1.761643402278423309e-02 7.068213541060686111e-03 2.311582677066326141e-02 3.030350245535373688e-02 1.769385649822652340e-03 2.948545385152101517e-03 1.839746162295341492e-02 2.317605307325720787e-03 2.096473425626754761e-02 3.725469810888171196e-03 7.363979704678058624e-03 2.250799536705017090e-02 1.909874379634857178e-02 1.138521637767553329e-02 1.078214589506387711e-02 8.416178636252880096e-03 1.132589392364025116e-02 2.454786561429500580e-02 2.811408415436744690e-02 1.556036900728940964e-02 9.693409316241741180e-03 2.151444787159562111e-03 1.401718426495790482e-02 1.056596729904413223e-02 1.204335317015647888e-02 9.508584480499848723e-05 5.523777101188898087e-03 3.551695495843887329e-03 6.820474285632371902e-03 1.353774499148130417e-02 1.745722605846822262e-03 2.015921287238597870e-02 8.151162182912230492e-04 8.319087326526641846e-03 7.575475610792636871e-03 1.097861398011445999e-02 7.771976292133331299e-03 2.632121741771697998e-02 1.744139194488525391e-02 2.856124937534332275e-02 3.128162026405334473e-02 2.717507258057594299e-02 2.254207991063594818e-02 2.180482819676399231e-02 2.111866138875484467e-02 2.733422815799713135e-02 2.332639507949352264e-02 3.304089978337287903e-02 2.978054061532020569e-02 1.666339859366416931e-02 1.956090889871120453e-02 2.396169677376747131e-02 1.613909937441349030e-02 5.764936562627553940e-03 4.595317412167787552e-03 1.000431273132562637e-02 4.273659083992242813e-03 8.699755184352397919e-03 1.121296081691980362e-02 1.568170078098773956e-02 9.230908937752246857e-03 6.729734130203723907e-03 6.417663767933845520e-03 6.809706334024667740e-03 1.649613678455352783e-02 1.245798356831073761e-02 2.121548354625701904e-02 4.501553718000650406e-03 6.102506071329116821e-03 1.504794787615537643e-02 1.134864334017038345e-02 9.142254479229450226e-03 9.643320925533771515e-03 3.942703455686569214e-02 2.625579759478569031e-02
5.583779513835906982e-02 6.531275808811187744e-02 1.145824696868658066e-02 8.608038537204265594e-03 7.370546460151672363e-03 6.411784142255783081e-02 6.965576112270355225e-02 6.080174818634986877e-03 1.228984072804450989e-02 1.739166490733623505e-02 6.202716752886772156e-02 7.811594754457473755e-03 8.403804898262023926e-01 2.395907044410705566e-02 3.348378464579582214e-02 1.184631045907735825e-02 1.460971962660551071e-02 1.092389319092035294e-02 1.204985659569501877e-02 4.360092803835868835e-03 5.881934892386198044e-03 2.859904989600181580e-02 1.588644087314605713e-02 2.085183002054691315e-02 7.974435575306415558e-03 7.385171949863433838e-03 5.329441279172897339e-03 1.748672104440629482e-03 2.263594046235084534e-02 2.541166264563798904e-03 3.257165476679801941e-02 1.497092004865407944e-02 6.518049631267786026e-03 2.054241858422756195e-02 1.449930947273969650e-02 1.287491340190172195e-02 7.345355115830898285e-03 3.493458032608032227e-03 5.776846781373023987e-03 1.616615056991577148e-02 7.428263314068317413e-03 1.139741577208042145e-02 2.125076577067375183e-02 8.001897484064102173e-03 5.801372230052947998e-03 2.816913183778524399e-03 5.915929377079010010e-02 5.359322205185890198e-02 6.127845961600542068e-03 6.649256683886051178e-03 5.081654526293277740e-03 1.001578476279973984e-02 1.435103081166744232e-02 7.804251275956630707e-03 9.682456962764263153e-03 1.889973762445151806e-03 3.346693236380815506e-03 6.166893988847732544e-03 8.101926068775355816e-04 8.735178038477897644e-03 9.845049353316426277e-04 2.348326612263917923e-03 6.100163795053958893e-03 1.364648714661598206e-02 3.337521106004714966e-02 3.447712212800979614e-02 1.387643907219171524e-02 1.990189775824546814e-02 1.225236570462584496e-03 2.604369819164276123e-02 9.425964090041816235e-04 2.192164212465286255e-02 4.655307158827781677e-03 3.016301989555358887e-02 9.312815964221954346e-03 2.093963511288166046e-02 1.095800101757049561e-02 1.386951189488172531e-02 6.321026943624019623e-03 2.193562127649784088e-02 2.378179458901286125e-03 1.207154057919979095e-02 2.272065030410885811e-04 6.764850113540887833e-03 6.308440351858735085e-04 1.225685514509677887e-02 2.891720831394195557e-02 3.614801540970802307e-02 1.177977770566940308e-02 2.529986947774887085e-02 3.836087509989738464e-02 1.417627185583114624e-02 4.056779667735099792e-02 9.161072783172130585e-03 5.106513854116201401e-03 1.091373804956674576e-02 1.059102639555931091e-02 1.359225902706384659e-02 1.662636920809745789e-02 2.153523638844490051e-02 3.779507242143154144e-03 1.837770640850067139e-02 3.983784466981887817e-03 1.350352354347705841e-02 2.326875180006027222e-02 2.338157035410404205e-02 1.115693524479866028e-02 1.382742356508970261e-02 1.110209245234727859e-02 9.312826208770275116e-03 3.078948333859443665e-02 4.980790428817272186e-03 2.348393574357032776e-02 2.613997459411621094e-02 3.683193353936076164e-03 2.241645473986864090e-03
