8.548971414566040039e-01 5.626834556460380554e-02 1.086262403987348080e-03 5.698146764189004898e-03 7.321669720113277435e-03 5.907705053687095642e-02 4.919746890664100647e-02 2.085402980446815491e-02 1.136122457683086395e-02 1.625947654247283936e-02 4.870831221342086792e-02 2.902834303677082062e-02 4.065751656889915466e-02 2.462113834917545319e-02 2.458251453936100006e-02 1.989716105163097382e-02 1.739465259015560150e-02 9.938756003975868225e-03 4.093141760677099228e-03 1.040230784565210342e-02 1.125351432710886002e-02 2.990419231355190277e-02 4.895827150903642178e-04 3.579983254894614220e-03 8.691982366144657135e-03 8.782013319432735443e-03 1.848201267421245575e-02 3.605927899479866028e-02 1.944473199546337128e-02 3.241835534572601318e-02 5.248568486422300339e-03 7.418852765113115311e-03 8.800604380667209625e-03 7.065293379127979279e-03 8.796592243015766144e-03 2.176043763756752014e-02 1.637301035225391388e-02 2.126221358776092529e-02 5.037358030676841736e-03 1.538175740279257298e-03 2.216136269271373749e-02 1.113296113908290863e-02 7.190561853349208832e-03 1.334536448121070862e-02 9.918339856085367501e-06 6.327482871711254120e-03 3.519726172089576721e-02 2.059741131961345673e-02 4.457200877368450165e-03 3.652592189610004425e-03 1.122527476400136948e-02 1.580669172108173370e-02 1.955151930451393127e-02 1.995551772415637970e-02 2.841488458216190338e-03 2.837351057678461075e-04 1.516540348529815674e-02 1.089905016124248505e-02 1.577213406562805176e-02 1.777742616832256317e-02 9.029270149767398834e-03 4.870161879807710648e-03 1.342946570366621017e-02 2.892310032621026039e-03 2.348306775093078613e-02 2.155979722738265991e-02 3.843706566840410233e-03 3.618540940806269646e-03 6.204376113601028919e-04 1.289140153676271439e-02 7.115306798368692398e-03 6.277335342019796371e-03 2.122182212769985199e-02 5.674684885889291763e-03 1.840135641396045685e-02 3.497849451377987862e-03 7.814544951543211937e-04 9.944644756615161896e-03 1.383342593908309937e-02 6.473619490861892700e-03 1.445406489074230194e-02 1.496824715286493301e-02 3.202248364686965942e-03 1.433988654753193259e-04 7.564905565232038498e-03 1.345311291515827179e-02 2.561894059181213379e-02 2.373043820261955261e-02 2.436192519962787628e-02 7.442095782607793808e-03 3.361281007528305054e-02 1.688280701637268066e-02 1.241697371006011963e-02 2.066757716238498688e-02 1.783153042197227478e-02 8.947676979005336761e-03 1.080908905714750290e-02 1.192969176918268204e-02 8.946644142270088196e-03 9.874618612229824066e-03 1.610914431512355804e-02 1.505700871348381042e-02 1.493474841117858887e-02 1.974719204008579254e-02 1.392749231308698654e-02 1.681579649448394775e-02 1.533737313002347946e-02 1.186653878539800644e-02 1.392718870192766190e-02 6.450476590543985367e-03 2.032488398253917694e-02 1.935311406850814819e-02 7.142138201743364334e-03 2.924483036622405052e-03 8.518039248883724213e-03 1.265101041644811630e-02
5.626834556460380554e-02 8.548971414566040039e-01 5.844358820468187332e-03 1.009218581020832062e-02 1.260908134281635284e-02 4.128804802894592285e-02 4.432184994220733643e-02 2.267338335514068604e-02 9.644215926527976990e-03 7.296173367649316788e-03 4.161804914474487305e-02 2.136429399251937866e-02 4.172277078032493591e-02 2.320472523570060730e-02 2.600614167749881744e-02 1.961886137723922729e-02 1.684156619012355804e-02 1.740654930472373962e-02 1.105385832488536835e-02 1.525381486862897873e-02 1.881193183362483978e-02 2.670949324965476990e-02 4.335687495768070221e-03 7.685300428420305252e-03 1.371836476027965546e-02 1.563006639480590820e-02 1.859098672866821289e-02 2.661237679421901703e-02 1.674595475196838379e-02 2.574406191706657410e-02 9.829496033489704132e-03 1.424607820808887482e-02 1.387426350265741348e-02 1.441389136016368866e-02 1.466766837984323502e-02 2.814356423914432526e-02 2.354770340025424957e-02 2.237422764301300049e-02 1.043917611241340637e-02 6.500263698399066925e-03 2.458686195313930511e-02 4.771559499204158783e-03 8.731343783438205719e-03 1.584842614829540253e-02 1.232522889040410519e-03 9.286843240261077881e-03 2.403031475841999054e-02 1.926850154995918274e-02 3.056352026760578156e-03 1.036967523396015167e-02 6.449265871196985245e-03 1.037037931382656097e-02 2.448284439742565155e-02 2.443406730890274048e-02 7.364843506366014481e-03 1.029256638139486313e-02 1.836659200489521027e-02 1.540198083966970444e-02 1.960251294076442719e-02 2.140465006232261658e-02 1.459469646215438843e-02 1.167713664472103119e-02 1.471468899399042130e-02 5.961943417787551880e-03 2.257369458675384521e-02 2.390643022954463959e-02 1.184957008808851242e-02 7.046602200716733932e-03 2.244970819447189569e-04 1.618902757763862610e-02 5.816911347210407257e-03 1.192334108054637909e-02 2.184995822608470917e-02 1.235633995383977890e-02 2.066947892308235168e-02 1.022011041641235352e-02 1.408449956215918064e-03 4.261048045009374619e-03 8.013161830604076385e-03 1.365694217383861542e-03 1.687959767878055573e-02 1.741955801844596863e-02 7.542607374489307404e-03 2.375701675191521645e-03 1.424801186658442020e-03 1.483503449708223343e-02 2.680267766118049622e-02 2.684053778648376465e-02 2.063986845314502716e-02 1.178400032222270966e-02 2.563711255788803101e-02 1.734050735831260681e-02 1.211657188832759857e-02 2.281862497329711914e-02 2.171378955245018005e-02 1.459998171776533127e-02 1.810541749000549316e-02 1.570130139589309692e-02 1.228764071129262447e-03 2.356796758249402046e-03 2.435347996652126312e-02 2.337500825524330139e-02 1.855632662773132324e-02 2.039471454918384552e-02 1.903648115694522858e-02 2.149286493659019470e-02 2.499531954526901245e-02 1.255435403436422348e-02 2.215595170855522156e-02 1.015251968055963516e-02 2.169715240597724915e-02 2.067587152123451233e-02 3.962277434766292572e-03 3.325333120301365852e-03 7.140608970075845718e-03 1.192609686404466629e-02
1.086262403987348080e-03 5.844358820468187332e-03 8.548971414566040039e-01 7.113206200301647186e-03 2.059379359707236290e-03 2.234511077404022217e-03 1.299337670207023621e-02 4.182615876197814941e-02 5.953361280262470245e-03 1.967891352251172066e-03 1.310078310780227184e-03 2.905052620917558670e-03 6.792814005166292191e-03 6.768416642444208264e-05 2.441879548132419586e-02 9.759646840393543243e-03 1.057247165590524673e-02 4.445398226380348206e-03 2.023411216214299202e-03 1.625197753310203552e-02 1.586151495575904846e-02 1.657652854919433594e-02 2.178622595965862274e-02 1.758659444749355316e-02 1.827584952116012573e-02 1.213058643043041229e-02 1.620750874280929565e-02 1.315710786730051041e-02 1.419387012720108032e-02 8.969733491539955139e-03 5.536882235901430249e-05 1.957065798342227936e-02 3.074493445456027985e-02 2.278812974691390991e-02 1.333361677825450897e-02 1.510561257600784302e-02 1.561245974153280258e-02 1.028647273778915405e-02 4.257723689079284668e-03 3.793445415794849396e-03 1.518379710614681244e-02 1.269788388162851334e-02 2.046455442905426025e-02 2.976437844336032867e-02 9.167627431452274323e-03 1.555559411644935608e-02 1.241803169250488281e-02 1.703445799648761749e-02 8.652370423078536987e-03 7.514400873333215714e-03 1.211713626980781555e-02 5.039240699261426926e-03 1.433391589671373367e-02 1.416346337646245956e-02 4.308954346925020218e-03 7.744251750409603119e-03 7.447923999279737473e-03 8.133723400533199310e-03 1.286970917135477066e-02 1.565266959369182587e-02 1.255777757614850998e-02 6.589006166905164719e-03 5.676793400198221207e-03 9.222423657774925232e-03 8.961544372141361237e-03 6.931896787136793137e-03 1.479651313275098801e-02 2.340795844793319702e-02 1.886478438973426819e-02 1.492269337177276611e-02 1.297996938228607178e-02 8.557375520467758179e-03 1.547060813754796982e-02 1.449202373623847961e-02 1.535441447049379349e-02 1.081854477524757385e-02 6.152920424938201904e-03 6.279416847974061966e-03 1.230182591825723648e-02 5.074222572147846222e-04 4.214024916291236877e-02 3.358342126011848450e-02 2.885318594053387642e-03 9.186417795717716217e-03 1.063594012521207333e-03 1.351084676571190357e-03 2.159754745662212372e-02 1.608076691627502441e-02 1.273372583091259003e-02 9.671926498413085938e-03 3.809853456914424896e-03 1.297805178910493851e-02 1.007255818694829941e-02 8.170036599040031433e-03 9.605991654098033905e-03 1.285127829760313034e-02 7.383409421890974045e-03 1.017430890351533890e-02 2.007467485964298248e-02 1.886708848178386688e-02 1.631932333111763000e-02 1.743650436401367188e-02 7.240997627377510071e-03 1.521674077957868576e-02 1.385980751365423203e-02 1.566745154559612274e-02 7.277731783688068390e-03 1.105282176285982132e-02 1.439659949392080307e-02 5.184834357351064682e-03 9.194439277052879333e-03 8.988583460450172424e-03 5.968509241938591003e-03 1.842233818024396896e-03 1.693934435024857521e-03 4.328916314989328384e-03
5.698146764189004898e-03 1.009218581020832062e-02 7.113206200301647186e-03 8.548971414566040039e-01 6.319065392017364502e-02 1.199043076485395432e-02 1.701932586729526520e-02 2.567556221038103104e-04 2.604390028864145279e-03 6.633459590375423431e-03 1.097011752426624298e-02 9.305206127464771271e-03 1.344658341258764267e-02 8.496689610183238983e-03 7.343571633100509644e-03 1.092447061091661453e-02 1.063455455005168915e-02 2.616514079272747040e-02 4.007482528686523438e-02 9.845687076449394226e-03 1.656039245426654816e-02 4.492041189223527908e-03 4.997399169951677322e-03 2.769126091152429581e-03 1.593383587896823883e-02 1.667371951043605804e-02 3.758573671802878380e-03 3.219317295588552952e-04 1.072253007441759109e-02 2.696009119972586632e-03 1.322656869888305664e-02 6.066507659852504730e-03 2.237160131335258484e-02 8.666738867759704590e-03 2.070911414921283722e-02 1.093499362468719482e-02 1.667356491088867188e-02 1.448603160679340363e-02 4.845759272575378418e-02 4.729750007390975952e-02 1.147516630589962006e-02 7.024464663118124008e-03 7.493299897760152817e-03 3.084658412262797356e-03 5.025798454880714417e-03 1.716110855340957642e-02 2.621725574135780334e-02 1.076233200728893280e-02 4.262116272002458572e-03 7.655885070562362671e-03 1.912571722641587257e-03 4.300143104046583176e-03 1.019719801843166351e-02 1.715026795864105225e-02 8.255302906036376953e-03 9.035235270857810974e-03 2.372558414936065674e-02 1.575651019811630249e-02 2.646027691662311554e-02 2.322997152805328369e-02 3.085763938724994659e-02 2.855193242430686951e-02 1.896746642887592316e-02 1.305844727903604507e-02 1.921894401311874390e-02 1.678266562521457672e-02 6.835645530372858047e-03 7.033082656562328339e-03 1.072218269109725952e-02 6.008469499647617340e-03 1.170762069523334503e-02 1.727415062487125397e-02 3.807643800973892212e-02 1.744372025132179260e-02 2.520208805799484253e-02 2.384680882096290588e-02 1.430148724466562271e-02 8.617444895207881927e-03 1.788676157593727112e-02 6.675524637103080750e-03 3.328868187963962555e-03 8.288016542792320251e-03 4.482898861169815063e-02 4.635825753211975098e-02 2.339924219995737076e-03 5.139039363712072372e-03 1.406337879598140717e-02 1.415154710412025452e-02 1.233090087771415710e-02 9.435138665139675140e-03 1.630098558962345123e-02 1.151955872774124146e-02 1.002256572246551514e-02 1.666344143450260162e-02 1.533998455852270126e-02 1.662011444568634033e-02 1.360196247696876526e-02 2.374172024428844452e-02 8.490404114127159119e-03 8.890107274055480957e-03 1.145608816295862198e-02 1.074660755693912506e-02 1.126586738973855972e-02 1.740245148539543152e-02 1.648240163922309875e-02 1.580603420734405518e-02 2.241458743810653687e-03 2.388350293040275574e-02 2.480709692463278770e-03 1.413182076066732407e-02 9.367395192384719849e-03 1.123855914920568466e-02 2.575560705736279488e-03 3.159504616633057594e-03 2.318070735782384872e-03 7.557043805718421936e-03
7.321669720113277435e-03 1.260908134281635284e-02 2.059379359707236290e-03 6.319065392017364502e-02 8.548971414566040039e-01 4.856676794588565826e-03 1.143792178481817245e-02 6.257557310163974762e-03 3.532740520313382149e-03 1.380300428718328476e-02 1.467666123062372208e-02 2.496598847210407257e-02 1.744163595139980316e-02 1.298466045409440994e-02 1.617910340428352356e-02 5.224338732659816742e-03 1.065712515264749527e-02 2.603632025420665741e-02 4.574815556406974792e-02 1.035542413592338562e-02 1.499201916158199310e-02 1.159860938787460327e-02 8.926425129175186157e-03 1.357932225801050663e-03 1.732725463807582855e-02 1.873472146689891815e-02 7.410732563585042953e-03 8.522608317434787750e-03 1.106754317879676819e-02 1.175275910645723343e-02 1.560499053448438644e-02 9.174896404147148132e-03 2.343033067882061005e-02 1.240136660635471344e-02 2.386113256216049194e-02 1.129796914756298065e-02 1.831819303333759308e-02 1.688370667397975922e-02 4.286780208349227905e-02 4.453445598483085632e-02 1.329336781054735184e-02 1.092507271096110344e-03 4.377290315460413694e-04 5.676950793713331223e-03 5.091323051601648331e-03 4.640628118067979813e-03 1.650332845747470856e-02 8.947709575295448303e-03 4.089253023266792297e-03 8.383432403206825256e-03 5.406459327787160873e-03 5.880770273506641388e-03 1.221111323684453964e-02 1.750984229147434235e-02 1.043315790593624115e-02 1.632010191679000854e-02 1.979054696857929230e-02 2.121184580028057098e-02 2.697196789085865021e-02 2.318314835429191589e-02 2.596298418939113617e-02 3.205030784010887146e-02 1.715833134949207306e-02 1.516357064247131348e-02 2.177820540964603424e-02 2.000594325363636017e-02 4.575434140861034393e-03 5.154665093868970871e-03 2.699142321944236755e-03 9.801728650927543640e-03 1.099433051422238350e-03 1.747352257370948792e-02 2.694400027394294739e-02 2.020706236362457275e-02 2.565641701221466064e-02 2.228387258946895599e-02 2.018717117607593536e-03 4.898360930383205414e-03 1.575403846800327301e-02 9.995011612772941589e-03 7.730368059128522873e-03 1.202661264687776566e-02 3.867657855153083801e-02 4.834343120455741882e-02 1.057880744338035583e-02 1.040381100028753281e-02 1.767825894057750702e-02 1.828225702047348022e-02 1.551471278071403503e-02 1.267395820468664169e-02 1.492961030453443527e-02 1.435268297791481018e-02 1.308355666697025299e-02 1.896320097148418427e-02 1.486464217305183411e-02 1.855538040399551392e-02 1.700687222182750702e-02 2.728216722607612610e-02 5.342878401279449463e-03 3.935476765036582947e-03 1.410765573382377625e-02 1.514480728656053543e-02 1.358968019485473633e-02 2.123669907450675964e-02 1.967285759747028351e-02 1.750394701957702637e-02 7.974438369274139404e-03 2.433971129357814789e-02 9.207495488226413727e-03 1.923220790922641754e-02 9.573574177920818329e-03 1.318762078881263733e-02 5.325948819518089294e-03 1.177281048148870468e-02 4.413741116877645254e-04 7.637140806764364243e-03
5.907705053687095642e-02 4.128804802894592285e-02 2.234511077404022217e-03 1.199043076485395432e-02 4.856676794588565826e-03 8.548971414566040039e-01 8.506567031145095825e-02 1.928117126226425171e-03 1.179554150439798832e-03 3.030223771929740906e-02 2.853682637214660645e-02 4.930635169148445129e-02 1.885775104165077209e-02 2.750095911324024200e-02 1.327542355284094810e-03 1.463428232818841934e-02 9.409991092979907990e-03 9.431336075067520142e-03 1.680623739957809448e-02 8.816901594400405884e-03 1.203191466629505157e-02 9.671517647802829742e-03 5.793111398816108704e-03 1.809400320053100586e-02 2.228791126981377602e-03 1.321539375931024551e-02 6.522252224385738373e-03 3.476576507091522217e-02 7.019190583378076553e-03 2.815944515168666840e-02 2.094349823892116547e-02 3.605826525017619133e-03 2.919451333582401276e-03 8.238819427788257599e-03 7.335229776799678802e-03 4.204356111586093903e-03 3.115337574854493141e-03 1.585863530635833740e-03 6.851065700175240636e-05 6.759767420589923859e-03 1.309172250330448151e-03 4.492726176977157593e-03 1.501512434333562851e-02 4.001921508461236954e-03 1.175728440284729004e-02 1.053696405142545700e-02 7.357345521450042725e-02 2.207326702773571014e-02 3.939994203392416239e-04 1.114788185805082321e-02 3.988414071500301361e-03 1.480540609918534756e-03 5.013014655560255051e-03 2.539801644161343575e-03 9.746723808348178864e-03 2.186068892478942871e-02 9.847526438534259796e-03 1.754026859998703003e-02 5.904273595660924911e-03 3.030412364751100540e-03 7.336444687098264694e-04 1.254265662282705307e-02 3.443828551098704338e-03 1.029050815850496292e-02 7.941915653645992279e-03 6.922864122316241264e-04 7.830403745174407959e-03 1.895106025040149689e-02 1.348221208900213242e-02 1.342198159545660019e-02 1.142095029354095459e-02 1.378354057669639587e-02 1.648191735148429871e-02 1.313825789839029312e-02 3.909017890691757202e-03 6.687686778604984283e-03 7.375699002295732498e-03 7.091470528393983841e-03 1.335811521857976913e-02 2.721791528165340424e-02 1.476992038078606129e-04 1.843171077780425549e-03 8.657603524625301361e-03 7.194167934358119965e-03 6.039573345333337784e-03 6.739397649653255939e-04 8.346505463123321533e-03 5.175467580556869507e-03 2.379784360527992249e-02 8.702932856976985931e-03 3.440798074007034302e-02 3.305915975943207741e-03 5.853829905390739441e-03 3.572602057829499245e-03 1.305802492424845695e-03 1.054349262267351151e-02 8.484260179102420807e-03 2.938246820122003555e-03 1.410482400387991220e-05 2.789935329928994179e-03 7.069380953907966614e-03 1.051172707229852676e-02 6.040370091795921326e-03 6.281220354139804840e-03 4.754188470542430878e-03 6.504801567643880844e-03 1.106059458106756210e-02 8.784341043792665005e-04 1.334588602185249329e-02 2.011161670088768005e-02 2.435029717162251472e-03 1.685780123807489872e-03 1.871001906692981720e-03 4.924019798636436462e-03 1.708392053842544556e-02 1.292905583977699280e-02
4.919746890664100647e-02 4.432184994220733643e-02 1.299337670207023621e-02 1.701932586729526520e-02 1.143792178481817245e-02 8.506567031145095825e-02 8.548971414566040039e-01 8.432950126007199287e-04 1.989033631980419159e-02 7.187016773968935013e-03 3.169283270835876465e-02 3.726444765925407410e-02 2.878526039421558380e-02 3.983793035149574280e-02 9.195593884214758873e-04 1.961710676550865173e-02 2.245150879025459290e-02 2.365287626162171364e-03 5.440657492727041245e-03 1.088689314201474190e-03 3.623057855293154716e-04 9.603574872016906738e-03 1.286844722926616669e-02 2.087575756013393402e-02 5.812844727188348770e-03 9.163227863609790802e-03 3.769447095692157745e-03 1.671808026731014252e-02 2.422520890831947327e-02 9.359468705952167511e-03 1.319387741386890411e-02 5.455276463180780411e-03 3.736716927960515022e-03 1.133766397833824158e-02 1.136546395719051361e-02 1.971552381291985512e-03 8.177712443284690380e-04 9.301605634391307831e-03 6.008922122418880463e-03 4.523057490587234497e-03 5.823605693876743317e-03 1.518502086400985718e-02 2.374015934765338898e-02 1.120150275528430939e-02 3.605484217405319214e-02 4.067916795611381531e-02 8.203418552875518799e-02 6.944765895605087280e-02 1.358253974467515945e-02 2.752290805801749229e-03 1.050272770226001740e-02 7.034506648778915405e-03 4.739892203360795975e-03 1.526030595414340496e-03 7.877872325479984283e-03 4.351765848696231842e-03 5.216844729147851467e-04 1.277068979106843472e-03 2.765674609690904617e-03 2.334237098693847656e-03 3.055110573768615723e-03 6.491520442068576813e-03 8.820996299618855119e-05 1.266371272504329681e-02 1.319073978811502457e-02 1.336719188839197159e-02 6.979335448704659939e-04 3.711040131747722626e-03 1.309116184711456299e-02 1.948757213540375233e-03 1.498401351273059845e-02 4.328440118115395308e-04 1.244840910658240318e-03 5.901900585740804672e-03 4.868260584771633148e-03 3.638387133833020926e-04 2.354408614337444305e-02 1.376421190798282623e-02 1.555748004466295242e-02 1.988850347697734833e-02 5.929453298449516296e-03 8.884561830200254917e-04 1.155682955868542194e-03 3.785734297707676888e-03 9.434819221496582031e-03 5.638692528009414673e-03 5.876716226339340210e-03 8.351963944733142853e-03 2.241418324410915375e-02 3.342783823609352112e-02 5.788892135024070740e-02 2.760153962299227715e-03 4.338045418262481689e-02 1.696474477648735046e-02 7.264077430590987206e-04 1.024484727531671524e-02 7.351007079705595970e-04 8.030822500586509705e-03 8.626473136246204376e-03 1.196026895195245743e-02 2.828769211191684008e-04 4.013933241367340088e-03 1.392741396557539701e-04 1.349392998963594437e-02 7.943890057504177094e-03 6.616427563130855560e-03 8.163024671375751495e-03 4.445032216608524323e-03 9.557383134961128235e-03 5.811066832393407822e-03 5.693342536687850952e-03 3.943323157727718353e-03 1.723543927073478699e-02 2.221669815480709076e-02 7.931641303002834320e-03 1.794393290765583515e-03
2.085402980446815491e-02 2.267338335514068604e-02 4.182615876197814941e-02 2.567556221038103104e-04 6.257557310163974762e-03 1.928117126226425171e-03 8.432950126007199287e-04 8.548971414566040039e-01 1.421877997927367687e-03 7.615385111421346664e-03 1.831695623695850372e-02 3.869927022606134415e-03 2.723547443747520447e-02 2.442912897095084190e-03 3.738172352313995361e-02 2.321563474833965302e-02 2.112313173711299896e-02 2.189954929053783417e-02 1.325618568807840347e-02 6.981952581554651260e-03 1.982756890356540680e-02 2.567827142775058746e-02 1.549774780869483948e-02 1.465727481991052628e-02 1.768498308956623077e-02 2.085832506418228149e-02 2.346826903522014618e-02 2.068424597382545471e-02 9.455060586333274841e-03 1.481363177299499512e-02 1.818148232996463776e-02 2.404391206800937653e-02 2.636587619781494141e-02 2.785156294703483582e-02 2.197410352528095245e-02 2.039771899580955505e-02 2.328249067068099976e-02 1.943630911409854889e-02 1.257035043090581894e-02 1.278268266469240189e-02 2.147988229990005493e-02 9.304848499596118927e-03 1.307498384267091751e-02 2.651854418218135834e-02 7.575927767902612686e-03 2.274799160659313202e-03 9.551866911351680756e-03 9.987966157495975494e-03 3.777962643653154373e-03 1.567989774048328400e-02 4.841864574700593948e-03 5.962672643363475800e-03 2.664859406650066376e-02 2.432479523122310638e-02 2.693903166800737381e-03 2.193325757980346680e-02 1.502528693526983261e-02 1.860957220196723938e-02 2.164811640977859497e-02 2.101788297295570374e-02 2.481648512184619904e-02 2.299132570624351501e-02 1.093923300504684448e-02 8.996891789138317108e-03 1.592692546546459198e-02 1.850894093513488770e-02 2.838874701410531998e-03 8.688469417393207550e-03 8.062336593866348267e-03 2.210380882024765015e-02 7.078507769620046020e-05 1.701914332807064056e-02 1.798273809254169464e-02 2.161208726465702057e-02 2.904621139168739319e-02 1.900367997586727142e-02 1.715727965347468853e-03 9.799779392778873444e-03 2.947566565126180649e-03 2.513659419491887093e-03 4.176607728004455566e-02 3.512723743915557861e-02 9.813464246690273285e-03 1.160114258527755737e-02 1.023433214868418872e-04 1.393574196845293045e-02 3.066972084343433380e-02 2.808894403278827667e-02 1.107400981709361076e-03 3.190452698618173599e-03 3.808440233115106821e-04 1.723296009004116058e-02 3.960824105888605118e-03 1.698471233248710632e-02 2.287583239376544952e-02 2.295055985450744629e-02 1.703990250825881958e-02 1.951908506453037262e-02 1.315379142761230469e-02 1.111055072396993637e-02 2.599567919969558716e-02 2.830299176275730133e-02 1.917285472154617310e-02 2.155701816082000732e-02 2.495163306593894958e-02 2.527831122279167175e-02 2.320599369704723358e-02 1.289148256182670593e-02 2.824723906815052032e-02 1.230318751186132431e-02 1.756544597446918488e-02 1.992146670818328857e-02 7.206381764262914658e-03 3.609311534091830254e-03 1.017493475228548050e-02 1.104500517249107361e-02
1.136122457683086395e-02 9.644215926527976990e-03 5.953361280262470245e-03 2.604390028864145279e-03 3.532740520313382149e-03 1.179554150439798832e-03 1.989033631980419159e-02 1.421877997927367687e-03 8.548971414566040039e-01 5.955671891570091248e-02 4.431782290339469910e-03 4.272340331226587296e-03 1.713757170364260674e-03 5.778475664556026459e-03 1.177707873284816742e-02 1.656201295554637909e-02 2.472943253815174103e-02 9.312558919191360474e-03 1.109240576624870300e-02 8.853005245327949524e-03 1.086666435003280640e-02 1.764697395265102386e-02 3.824173659086227417e-02 3.805207088589668274e-02 3.631871077232062817e-04 7.347485981881618500e-03 7.401200942695140839e-03 1.861957646906375885e-02 6.652804091572761536e-03 1.864020712673664093e-02 1.846012659370899200e-03 5.206989590078592300e-03 5.077200941741466522e-03 5.280785728245973587e-03 1.083011645823717117e-02 8.722367696464061737e-03 4.283114336431026459e-03 8.368672803044319153e-03 3.876131726428866386e-03 9.568914771080017090e-03 7.866524159908294678e-03 4.643280804157257080e-02 3.467286750674247742e-02 9.363370016217231750e-03 2.607408165931701660e-02 7.958749309182167053e-03 9.367097169160842896e-03 1.829428598284721375e-02 3.549494221806526184e-02 2.090292423963546753e-02 3.001314960420131683e-02 2.622832916676998138e-02 1.388039905577898026e-02 1.214167475700378418e-02 4.184314608573913574e-02 1.529193297028541565e-02 4.894665442407131195e-03 1.349993515759706497e-03 1.084905769675970078e-02 1.030871830880641937e-02 4.438916686922311783e-03 5.206240806728601456e-03 2.394928224384784698e-02 1.410037558525800705e-02 7.390895858407020569e-03 7.352486252784729004e-03 4.490790888667106628e-03 5.277268122881650925e-03 3.860105201601982117e-02 5.471655167639255524e-03 3.903796151280403137e-02 2.733002416789531708e-03 1.227474026381969452e-02 3.140567336231470108e-03 7.840422913432121277e-03 5.322950426489114761e-03 5.801615864038467407e-02 5.479443073272705078e-02 4.973103851079940796e-02 2.745522744953632355e-02 4.449853673577308655e-03 6.618751678615808487e-03 1.751747680827975273e-03 5.166076123714447021e-03 3.183413669466972351e-02 2.302683703601360321e-02 9.724193252623081207e-03 8.112745359539985657e-03 1.839157938957214355e-02 3.133350610733032227e-02 6.155439652502536774e-03 1.006520725786685944e-02 1.124064158648252487e-02 4.263092298060655594e-03 1.512396964244544506e-03 9.209011681377887726e-03 1.360024698078632355e-02 3.438262501731514931e-03 3.983670473098754883e-02 4.429026320576667786e-02 1.377470092847943306e-03 3.495864570140838623e-03 1.794049143791198730e-02 2.675642957910895348e-03 9.399493224918842316e-03 1.048692129552364349e-02 9.108385071158409119e-03 8.152337744832038879e-03 4.789097700268030167e-03 7.766691502183675766e-03 1.233087573200464249e-02 9.879478253424167633e-03 2.691665478050708771e-02 1.872903667390346527e-02 2.372277155518531799e-02 9.708041325211524963e-03
1.625947654247283936e-02 7.296173367649316788e-03 1.967891352251172066e-03 6.633459590375423431e-03 1.380300428718328476e-02 3.030223771929740906e-02 7.187016773968935013e-03 7.615385111421346664e-03 5.955671891570091248e-02 8.548971414566040039e-01 2.921134931966662407e-03 2.300054021179676056e-02 5.750011187046766281e-03 1.186312828212976456e-02 1.725847017951309681e-03 1.976917684078216553e-02 3.290095925331115723e-02 1.590804941952228546e-02 3.527278453111648560e-02 6.304179783910512924e-03 9.696822613477706909e-03 7.727594580501317978e-03 3.448454290628433228e-02 3.605769947171211243e-02 8.323174901306629181e-03 4.333560355007648468e-03 3.654548199847340584e-03 2.100127562880516052e-02 7.562229409813880920e-03 2.091342397034168243e-02 1.363886427134275436e-02 1.039983332157135010e-02 3.493339056149125099e-03 4.255824256688356400e-03 4.143489524722099304e-03 2.018333179876208305e-03 9.995689615607261658e-03 2.517440589144825935e-03 1.190642081201076508e-02 2.105628140270709991e-02 1.197703997604548931e-03 3.622542321681976318e-02 2.901429124176502228e-02 6.569253746420145035e-03 1.844457350671291351e-02 2.947519533336162567e-02 9.503524750471115112e-03 2.104213647544384003e-02 2.770164236426353455e-02 3.467355296015739441e-02 2.089161612093448639e-02 1.986923813819885254e-02 2.928014844655990601e-03 1.365192933008074760e-03 2.925708144903182983e-02 3.696387261152267456e-02 4.248224198818206787e-03 1.351023837924003601e-02 6.786399986594915390e-03 4.235476721078157425e-03 7.884613587521016598e-04 1.018326450139284134e-02 2.116729319095611572e-02 1.296714413911104202e-02 3.506890032440423965e-03 2.376495394855737686e-03 1.889064093120396137e-03 7.874527014791965485e-03 2.029389142990112305e-02 9.937384165823459625e-03 2.497818320989608765e-02 3.953902050852775574e-03 1.496902666985988617e-02 1.188308000564575195e-02 6.494380999356508255e-03 1.922042458318173885e-03 3.450569510459899902e-02 6.026224792003631592e-02 3.789201378822326660e-02 6.205713376402854919e-02 4.278648179024457932e-03 4.746117629110813141e-03 1.914403401315212250e-03 2.265901118516921997e-02 2.927989326417446136e-02 2.871904708445072174e-02 2.653870265930891037e-03 1.010159379802644253e-03 1.275333343073725700e-03 4.355831444263458252e-02 5.400696303695440292e-03 2.277584979310631752e-03 2.086020819842815399e-02 1.405844232067465782e-03 8.253429085016250610e-03 2.150306664407253265e-02 5.690413992851972580e-03 3.379365662112832069e-03 3.714413195848464966e-02 4.236052185297012329e-02 5.103339906781911850e-03 7.918020710349082947e-03 4.149805754423141479e-03 2.971147419884800911e-03 2.877044025808572769e-04 1.460968167521059513e-03 4.025602247565984726e-03 7.091559935361146927e-03 5.639585666358470917e-03 7.814990356564521790e-03 1.999322790652513504e-03 2.233997511211782694e-04 2.007117494940757751e-02 1.983649283647537231e-02 1.458592340350151062e-02 3.670971840620040894e-03
4.870831221342086792e-02 4.161804914474487305e-02 1.310078310780227184e-03 1.097011752426624298e-02 1.467666123062372208e-02 2.853682637214660645e-02 3.169283270835876465e-02 1.831695623695850372e-02 4.431782290339469910e-03 2.921134931966662407e-03 8.548971414566040039e-01 1.676318608224391937e-02 3.954317420721054077e-02 1.920888572931289673e-02 2.581655979156494141e-02 1.713575609028339386e-02 1.759858429431915283e-02 1.969568990170955658e-02 1.621565409004688263e-02 1.228452287614345551e-02 8.974232710897922516e-03 2.835896052420139313e-02 4.818938614334911108e-04 3.270983695983886719e-03 1.155884005129337311e-02 1.633873581886291504e-02 2.545128017663955688e-02 2.199150621891021729e-02 2.708393894135951996e-02 2.309197559952735901e-02 1.765413023531436920e-02 1.347009558230638504e-02 1.483116485178470612e-02 1.382779423147439957e-02 1.705291308462619781e-02 2.018479257822036743e-02 1.848569326102733612e-02 2.514049410820007324e-02 1.618125289678573608e-02 1.276860293000936508e-02 2.540636435151100159e-02 6.020928733050823212e-03 1.546402811072766781e-03 1.724155247211456299e-02 1.277179177850484848e-02 1.085277274250984192e-02 2.884574234485626221e-02 1.952878013253211975e-02 8.417112985625863075e-04 1.193225476890802383e-02 1.571042463183403015e-02 1.871500350534915924e-02 2.604063041508197784e-02 2.558923140168190002e-02 5.378110799938440323e-03 1.182634755969047546e-02 1.873911730945110321e-02 2.153690531849861145e-02 2.508954331278800964e-02 2.431444637477397919e-02 1.349466759711503983e-02 1.595881208777427673e-02 1.855401694774627686e-02 1.525826565921306610e-02 3.172772377729415894e-02 2.940513566136360168e-02 2.513968618586659431e-03 3.585947910323739052e-03 3.565840423107147217e-03 2.203987166285514832e-02 7.844529114663600922e-03 1.669700816273689270e-02 1.686865277588367462e-02 1.456643082201480865e-02 2.194707840681076050e-02 1.193806622177362442e-02 1.861100783571600914e-03 3.402065718546509743e-03 5.089029204100370407e-03 4.181682132184505463e-03 1.619508303701877594e-02 1.742487028241157532e-02 4.919399041682481766e-03 3.205016721040010452e-03 7.628810708411037922e-04 8.584608323872089386e-03 2.877329289913177490e-02 2.851552888751029968e-02 1.199790369719266891e-02 8.324386551976203918e-03 3.094314970076084137e-02 2.570289000868797302e-02 1.696247793734073639e-02 2.709672600030899048e-02 1.811236701905727386e-02 1.355547457933425903e-02 1.788098178803920746e-02 1.802757009863853455e-02 5.860704928636550903e-03 7.273746188730001450e-03 1.915515586733818054e-02 1.988563686609268188e-02 1.907267794013023376e-02 2.398118004202842712e-02 2.244657091796398163e-02 2.301819808781147003e-02 1.903104968369007111e-02 1.995579339563846588e-02 1.899335347115993500e-02 1.893755048513412476e-02 2.579207904636859894e-02 2.705308794975280762e-02 8.677767589688301086e-03 7.801040541380643845e-03 1.540873851627111435e-02 2.340262196958065033e-02
2.902834303677082062e-02 2.136429399251937866e-02 2.905052620917558670e-03 9.305206127464771271e-03 2.496598847210407257e-02 4.930635169148445129e-02 3.726444765925407410e-02 3.869927022606134415e-03 4.272340331226587296e-03 2.300054021179676056e-02 1.676318608224391937e-02 8.548971414566040039e-01 6.969902664422988892e-03 8.078251779079437256e-02 2.708653453737497330e-03 2.314529009163379669e-02 1.831966266036033630e-02 8.145746774971485138e-03 1.814521849155426025e-02 6.912619341164827347e-03 3.045377088710665703e-03 4.945473046973347664e-04 2.596479654312133789e-02 2.374136820435523987e-02 3.363050986081361771e-03 6.697972305119037628e-03 7.058052346110343933e-03 6.378403306007385254e-02 1.237912848591804504e-02 6.389277428388595581e-02 9.951806627213954926e-03 4.665635991841554642e-03 4.135455470532178879e-03 3.563832025974988937e-03 4.553881008177995682e-03 1.428540050983428955e-02 2.269068034365773201e-03 1.538224401883780956e-03 1.344303879886865616e-02 1.391969248652458191e-02 4.420746117830276489e-03 4.357283934950828552e-03 9.443192742764949799e-03 6.419519777409732342e-04 4.656914994120597839e-02 3.451809287071228027e-02 3.038616664707660675e-02 1.816556975245475769e-02 8.737798780202865601e-03 1.308894436806440353e-02 1.584894210100173950e-02 3.062160313129425049e-02 8.762171491980552673e-03 8.346752263605594635e-03 2.881868742406368256e-03 5.737604573369026184e-03 1.879762671887874603e-02 3.135638777166604996e-03 3.026936610694974661e-04 3.506959648802876472e-03 3.420207882300019264e-03 1.015232503414154053e-02 5.920817609876394272e-03 2.866075607016682625e-03 5.177055951207876205e-03 2.937825163826346397e-03 2.551710698753595352e-03 1.801477395929396152e-03 2.062110789120197296e-02 1.595122856087982655e-03 2.159386500716209412e-02 6.478073075413703918e-03 7.098006550222635269e-03 1.648798584938049316e-02 4.213900770992040634e-03 1.954305544495582581e-02 1.919564604759216309e-02 6.349400500766932964e-04 3.191553056240081787e-02 7.495705503970384598e-03 3.565741470083594322e-03 2.005630405619740486e-03 2.301186509430408478e-02 3.600967302918434143e-02 1.062022708356380463e-02 1.732085831463336945e-02 4.313688259571790695e-03 2.049839356914162636e-03 6.611551344394683838e-02 4.868447314947843552e-03 3.500324115157127380e-02 4.001978784799575806e-03 1.263722404837608337e-02 3.401831258088350296e-03 2.209301339462399483e-03 1.217311341315507889e-02 1.069087255746126175e-02 1.330188475549221039e-02 1.305515225976705551e-02 1.171197975054383278e-03 1.754142227582633495e-03 1.065504155121743679e-03 2.721808152273297310e-03 1.421284629032015800e-03 8.254031417891383171e-04 6.740067619830369949e-03 6.976657547056674957e-03 8.817100897431373596e-04 4.081613384187221527e-03 7.528803311288356781e-03 7.070997729897499084e-03 6.200688425451517105e-03 2.987610176205635071e-03 1.064592786133289337e-02 1.608575694262981415e-02 1.303100772202014923e-02
4.065751656889915466e-02 4.172277078032493591e-02 6.792814005166292191e-03 1.344658341258764267e-02 1.744163595139980316e-02 1.885775104165077209e-02 2.878526039421558380e-02 2.723547443747520447e-02 1.713757170364260674e-03 5.750011187046766281e-03 3.954317420721054077e-02 6.969902664422988892e-03 8.548971414566040039e-01 1.642111316323280334e-02 2.918741665780544281e-02 1.982470415532588959e-02 1.880041882395744324e-02 2.358041889965534210e-02 1.933375746011734009e-02 1.063036918640136719e-02 1.428524870425462723e-02 2.958988957107067108e-02 5.580264609307050705e-03 7.844686508178710938e-03 1.341674849390983582e-02 1.842447929084300995e-02 2.550952509045600891e-02 1.684395037591457367e-02 2.324717864394187927e-02 1.662826724350452423e-02 2.329726703464984894e-02 1.704337075352668762e-02 1.931228302419185638e-02 1.862673088908195496e-02 1.928781345486640930e-02 2.336649224162101746e-02 2.255314216017723083e-02 2.552276104688644409e-02 2.150575816631317139e-02 1.882022805511951447e-02 2.782957628369331360e-02 6.613087607547640800e-04 2.253536134958267212e-03 2.113089896738529205e-02 5.522505380213260651e-03 9.724423289299011230e-03 1.456101424992084503e-02 1.688328199088573456e-02 2.269052201882004738e-03 1.120599545538425446e-02 8.480990305542945862e-03 1.344699226319789886e-02 2.763513289391994476e-02 2.784863486886024475e-02 6.708352826535701752e-03 1.701036654412746429e-02 1.930939219892024994e-02 2.113701030611991882e-02 2.713549882173538208e-02 2.709028497338294983e-02 1.887136325240135193e-02 1.927849277853965759e-02 1.774274557828903198e-02 1.325496286153793335e-02 2.910287491977214813e-02 3.157335147261619568e-02 2.543995389714837074e-03 1.682781730778515339e-03 2.674890682101249695e-03 2.314867824316024780e-02 8.406653068959712982e-03 2.260557003319263458e-02 1.990645565092563629e-02 2.088961191475391388e-02 2.630202099680900574e-02 2.035974897444248199e-02 5.481179105117917061e-04 9.219070780090987682e-04 3.584701800718903542e-03 8.748870342969894409e-03 2.413434907793998718e-02 2.710385434329509735e-02 1.034375187009572983e-02 8.447653613984584808e-03 2.481637988239526749e-03 1.380399521440267563e-02 3.036633320152759552e-02 3.355276212096214294e-02 8.275525644421577454e-03 9.205162525177001953e-03 1.666297577321529388e-02 2.475896105170249939e-02 1.329390984028577805e-02 3.004286065697669983e-02 2.402269467711448669e-02 2.040028944611549377e-02 2.398236840963363647e-02 2.313603088259696960e-02 2.498234156519174576e-03 1.620721450308337808e-04 2.499187365174293518e-02 2.575075812637805939e-02 2.215912565588951111e-02 2.630847133696079254e-02 2.383709326386451721e-02 2.566486969590187073e-02 2.385632880032062531e-02 1.983207091689109802e-02 2.445646189153194427e-02 1.954324729740619659e-02 2.630614116787910461e-02 2.668859809637069702e-02 2.841189736500382423e-03 8.343193680047988892e-03 1.394617650657892227e-02 1.901165768504142761e-02
