8.425170779228210449e-01 5.625577270984649658e-02 5.944722797721624374e-03 2.090098150074481964e-02 1.605853671208024025e-03 4.432342574000358582e-02 4.724174737930297852e-02 1.235043443739414215e-02 8.382956497371196747e-03 1.877084746956825256e-02 4.774340242147445679e-02 1.824869588017463684e-02 4.280369728803634644e-02 1.724968291819095612e-02 1.749306172132492065e-02 1.865241676568984985e-02 3.089881502091884613e-02 9.379620663821697235e-03 1.384452916681766510e-02 2.412872947752475739e-02 2.846559323370456696e-02 3.050031326711177826e-02 6.120291072875261307e-03 5.993431434035301208e-03 3.039224073290824890e-02 2.719432301819324493e-02 2.433052100241184235e-02 4.139475990086793900e-03 2.800433151423931122e-02 5.918982438743114471e-03 3.019976243376731873e-02 1.766850054264068604e-02 1.368556078523397446e-02 2.776642888784408569e-02 1.684482395648956299e-02 2.140197157859802246e-02 2.074747532606124878e-02 1.534737553447484970e-02 6.888490170240402222e-03 1.735063455998897552e-02 1.096317078918218613e-02 1.227956730872392654e-02 2.068668417632579803e-02 2.687991596758365631e-03 1.342591084539890289e-02 8.568642660975456238e-03 3.843182325363159180e-02 4.306684061884880066e-02 2.617337368428707123e-02 2.221775613725185394e-02 1.989790238440036774e-03 5.795261822640895844e-03 1.492235902696847916e-02 1.703543774783611298e-02 1.491530518978834152e-02 2.698683179914951324e-02 3.071696124970912933e-02 2.789304032921791077e-02 1.561845274409279227e-04 1.265385420992970467e-03 1.010240614414215088e-02 1.353824418038129807e-02 6.204461678862571716e-04 1.518855802714824677e-03 2.730748057365417480e-02 2.296869643032550812e-02 2.522768825292587280e-02 2.706771530210971832e-02 1.244085561484098434e-02 2.391322143375873566e-02 1.672209799289703369e-02 1.363028399646282196e-02 9.181387722492218018e-03 2.307311818003654480e-02 2.998588792979717255e-02 1.312476582825183868e-02 7.990104146301746368e-03 1.490836124867200851e-02 1.466156542301177979e-02 7.419531699270009995e-03 6.812362931668758392e-03 4.900373052805662155e-03 1.960974652320146561e-03 2.416830696165561676e-02 2.665885351598262787e-02 1.795806549489498138e-02 6.271076388657093048e-03 1.141608506441116333e-02 1.228879671543836594e-02 1.872788299806416035e-03 3.729927167296409607e-02 2.517562173306941986e-02 3.574892878532409668e-02 2.107603102922439575e-02 1.712198927998542786e-02 2.499861083924770355e-02 1.354515366256237030e-02 1.506358571350574493e-02 4.696173593401908875e-03 1.125591900199651718e-02 1.873734407126903534e-02 2.231375128030776978e-02 5.568544380366802216e-03 2.082977630198001862e-02 1.470257807523012161e-02 6.110670510679483414e-04 1.720956712961196899e-02 1.676082052290439606e-02 1.928449235856533051e-02 1.825984939932823181e-02 7.786588277667760849e-03 1.019534561783075333e-02 1.955815777182579041e-02 1.577610522508621216e-02 4.072677809745073318e-03 4.315926227718591690e-03
5.625577270984649658e-02 8.425170779228210449e-01 4.277384839951992035e-03 2.739571221172809601e-02 4.209762439131736755e-03 4.953760281205177307e-02 5.735237896442413330e-02 1.470304839313030243e-02 6.019704975187778473e-03 1.399106904864311218e-02 4.784054309129714966e-02 1.805735565721988678e-02 5.043207108974456787e-02 1.987848430871963501e-02 1.809272542595863342e-02 1.510279625654220581e-02 2.861720509827136993e-02 1.157524436712265015e-02 6.462092045694589615e-03 2.086709067225456238e-02 2.659943141043186188e-02 2.801929600536823273e-02 4.527067299932241440e-03 4.989824257791042328e-03 2.394847385585308075e-02 2.389425970613956451e-02 1.698834076523780823e-02 7.776137441396713257e-03 1.906229369342327118e-02 2.632087271194905043e-04 2.536076493561267853e-02 1.713630370795726776e-02 8.319343440234661102e-03 2.550404518842697144e-02 1.355571951717138290e-02 2.257626689970493317e-02 2.210887707769870758e-02 1.142480410635471344e-02 6.849587429314851761e-03 1.658432930707931519e-02 4.360921215265989304e-03 1.513010356575250626e-02 1.998922787606716156e-02 6.639108993113040924e-03 1.072455104440450668e-02 1.026144716888666153e-02 3.732548654079437256e-02 4.764458909630775452e-02 2.540515922009944916e-02 1.947253011167049408e-02 4.543329589068889618e-03 7.153568789362907410e-03 1.184017490595579147e-02 1.818130537867546082e-02 1.319344714283943176e-02 2.449936419725418091e-02 2.173414640128612518e-02 2.354664914309978485e-02 5.400629597716033459e-04 4.246124590281397104e-04 1.349075604230165482e-02 8.707643486559391022e-03 1.587286009453237057e-03 9.175708517432212830e-03 2.144062705338001251e-02 2.166832238435745239e-02 2.426700294017791748e-02 2.633109502494335175e-02 7.175374310463666916e-03 1.184603944420814514e-02 1.124017685651779175e-02 4.524875897914171219e-03 1.621768111363053322e-03 1.369612663984298706e-02 2.329172007739543915e-02 5.793771706521511078e-03 5.274435039609670639e-03 1.048429962247610092e-02 1.208171620965003967e-02 4.544008988887071609e-03 9.176366962492465973e-03 6.422621197998523712e-03 4.366025794297456741e-03 1.717546395957469940e-02 2.328059822320938110e-02 1.504307333379983902e-02 2.066770102828741074e-03 1.093738991767168045e-02 3.841293742880225182e-03 1.336912973783910275e-03 2.983214333653450012e-02 1.649907976388931274e-02 3.316139057278633118e-02 1.506864465773105621e-02 1.365339383482933044e-02 2.294235676527023315e-02 9.906765073537826538e-03 1.036279648542404175e-02 4.277801141142845154e-03 1.121285464614629745e-02 1.889004744589328766e-02 2.170771360397338867e-02 2.267083618789911270e-03 1.536510698497295380e-02 1.227645296603441238e-02 9.618106996640563011e-04 1.702943630516529083e-02 1.167299598455429077e-02 1.979629695415496826e-02 1.229132898151874542e-02 3.849606728181242943e-03 5.927192978560924530e-03 2.362716943025588989e-02 1.667439006268978119e-02 1.407625386491417885e-03 1.062759401975199580e-04
5.944722797721624374e-03 4.277384839951992035e-03 8.425170779228210449e-01 1.599467732012271881e-02 1.380545273423194885e-02 4.641608393285423517e-04 2.028176560997962952e-03 4.710137844085693359e-02 2.741364296525716782e-03 2.381184604018926620e-03 2.207532379543408751e-04 8.314736187458038330e-03 9.998747147619724274e-03 1.311365794390439987e-02 3.445326164364814758e-02 1.820689439773559570e-02 4.983285441994667053e-03 1.152437739074230194e-02 9.955075569450855255e-03 2.294473722577095032e-02 2.176288515329360962e-03 1.647753268480300903e-02 9.025726467370986938e-03 5.768865812569856644e-03 1.471630949527025223e-02 5.642266944050788879e-03 1.854764111340045929e-02 2.224534004926681519e-02 1.159987132996320724e-02 2.216709777712821960e-02 3.454739460721611977e-03 3.153148666024208069e-02 2.234973572194576263e-02 1.533927489072084427e-02 2.546554990112781525e-02 1.856836304068565369e-02 1.540808100253343582e-02 2.632058225572109222e-02 2.828633785247802734e-02 2.720218338072299957e-02 2.909912168979644775e-02 7.837024517357349396e-03 1.198697020299732685e-03 3.994905203580856323e-02 2.366393338888883591e-03 9.846885222941637039e-04 1.223193295300006866e-02 1.344030722975730896e-02 8.511026389896869659e-03 7.499329280108213425e-03 5.265146959573030472e-03 8.654173463582992554e-03 2.205836400389671326e-02 2.204202488064765930e-02 1.654900982975959778e-02 9.245764522347599268e-05 7.513354998081922531e-03 1.352444943040609360e-02 1.755757443606853485e-02 3.252535685896873474e-02 2.330927737057209015e-02 1.849737390875816345e-02 3.609287738800048828e-02 4.809083789587020874e-02 1.101229805499315262e-03 1.685887388885021210e-02 1.862659305334091187e-02 5.948370788246393204e-03 3.075288143008947372e-03 1.069069560617208481e-02 3.859251271933317184e-03 1.326052006334066391e-02 1.920314319431781769e-02 1.229807175695896149e-02 7.266709581017494202e-04 1.117697358131408691e-02 4.700785968452692032e-03 9.016672149300575256e-03 2.682377351447939873e-03 6.341643631458282471e-03 3.721901029348373413e-02 3.943145275115966797e-02 2.019701525568962097e-02 1.811398076824843884e-03 4.931168165057897568e-03 2.858220832422375679e-03 1.216282602399587631e-02 3.202674537897109985e-02 4.985117819160223007e-03 3.361043054610490799e-03 5.259859841316938400e-03 8.511614985764026642e-03 1.961116865277290344e-02 2.433757483959197998e-02 2.473502419888973236e-02 1.635326631367206573e-02 9.636215865612030029e-03 5.376981571316719055e-04 2.207696903496980667e-03 1.974434126168489456e-04 2.404392510652542114e-02 2.182601578533649445e-02 9.002483449876308441e-03 1.538609806448221207e-02 3.046881221234798431e-02 2.821427583694458008e-02 1.650145649909973145e-02 7.862938567996025085e-03 1.874202862381935120e-02 1.674091815948486328e-02 4.447743296623229980e-03 2.063387446105480194e-02 9.946053847670555115e-03 7.797190453857183456e-03 4.291378892958164215e-03 9.641603566706180573e-03
2.090098150074481964e-02 2.739571221172809601e-02 1.599467732012271881e-02 8.425170779228210449e-01 7.322129607200622559e-02 3.604137105867266655e-03 1.021393202245235443e-02 1.140461023896932602e-02 4.725141916424036026e-03 1.392689184285700321e-03 3.342492878437042236e-02 7.064422825351357460e-04 1.926227845251560211e-02 1.063982211053371429e-02 9.876069612801074982e-03 1.678107189945876598e-03 1.781889051198959351e-02 3.210308030247688293e-02 1.480439305305480957e-02 1.178146246820688248e-02 1.307551190257072449e-02 5.860213190317153931e-03 5.908179562538862228e-03 7.751852390356361866e-04 7.448029704391956329e-03 4.823669733013957739e-04 7.950222119688987732e-03 1.038479339331388474e-02 1.732021383941173553e-02 8.283568546175956726e-03 1.023316383361816406e-02 1.078984607011079788e-02 1.074844878166913986e-02 3.986038733273744583e-03 1.112921442836523056e-02 5.284390135784633458e-05 8.726148866117000580e-03 1.368024665862321854e-02 2.582011511549353600e-03 1.666547032073140144e-03 1.032043900340795517e-02 7.357590366154909134e-03 4.940363578498363495e-03 3.340491326525807381e-03 3.222969360649585724e-03 5.720932967960834503e-03 1.749125425703823566e-03 1.373803336173295975e-02 9.186748415231704712e-03 1.097111962735652924e-02 1.014557387679815292e-02 3.744998481124639511e-03 1.069834223017096519e-03 9.736193343997001648e-03 2.253372687846422195e-03 7.971268147230148315e-03 5.475240293890237808e-03 2.582931192591786385e-03 2.568069100379943848e-02 1.046381145715713501e-02 5.095385387539863586e-02 1.204027049243450165e-02 1.448027137666940689e-02 1.772190630435943604e-02 3.190042823553085327e-02 1.678796671330928802e-02 2.317971782758831978e-03 4.172755405306816101e-03 1.184317283332347870e-02 1.613063924014568329e-02 5.798671394586563110e-03 2.360974904149770737e-03 5.771573260426521301e-02 1.366261579096317291e-02 2.486409852281212807e-03 4.533087834715843201e-03 1.860972680151462555e-02 9.483535774052143097e-03 5.231804214417934418e-03 2.799240639433264732e-03 4.562369722407311201e-04 9.083328768610954285e-03 5.543592944741249084e-02 9.839013218879699707e-03 3.631727769970893860e-03 7.585366256535053253e-03 1.450293324887752533e-02 7.488587871193885803e-03 2.378173172473907471e-02 2.278356254100799561e-02 1.211540400981903076e-02 2.043083868920803070e-02 2.664279378950595856e-02 3.333952743560075760e-03 9.112856932915747166e-04 8.093266747891902924e-03 2.500388212502002716e-02 8.242933079600334167e-03 1.814316213130950928e-02 1.159682590514421463e-02 4.603338311426341534e-04 7.507176138460636139e-03 1.071892213076353073e-02 6.194475106894969940e-03 8.112341165542602539e-03 2.436996251344680786e-02 7.633599918335676193e-03 1.939842104911804199e-02 7.365725468844175339e-03 4.934374243021011353e-03 1.486791181378066540e-03 2.485399600118398666e-03 8.636591956019401550e-03 1.699640764854848385e-03 8.510808460414409637e-03 1.668468583375215530e-03
1.605853671208024025e-03 4.209762439131736755e-03 1.380545273423194885e-02 7.322129607200622559e-02 8.425170779228210449e-01 2.647018991410732269e-02 1.249213330447673798e-02 1.367081329226493835e-02 7.506250403821468353e-03 1.534637622535228729e-02 5.163491237908601761e-03 1.202059444040060043e-02 8.976061828434467316e-03 1.991714583709836006e-03 1.145673729479312897e-02 5.171365570276975632e-03 1.454070396721363068e-02 4.169734194874763489e-03 2.061821334064006805e-02 2.995080780237913132e-03 9.859047830104827881e-03 8.452456444501876831e-03 5.385989788919687271e-04 3.372643142938613892e-03 6.504517048597335815e-03 1.423637010157108307e-02 2.394260466098785400e-02 1.376227941364049911e-02 8.215935900807380676e-03 1.589908637106418610e-02 3.291404340416193008e-03 1.085087656974792480e-02 1.810076646506786346e-02 1.279940176755189896e-02 1.776528730988502502e-02 6.829422432929277420e-03 1.095186825841665268e-02 1.127503905445337296e-02 5.579628515988588333e-03 1.750606857240200043e-02 3.603352233767509460e-04 7.965392433106899261e-03 7.066591177135705948e-03 5.517751444131135941e-03 1.275999471545219421e-02 3.794407472014427185e-03 3.639508783817291260e-02 1.825588941574096680e-02 6.350132171064615250e-04 1.738712005317211151e-02 1.467955950647592545e-02 4.759764997288584709e-04 1.499597728252410889e-02 7.059380412101745605e-03 1.362102292478084564e-02 2.307564951479434967e-03 1.602882146835327148e-02 6.669952068477869034e-03 9.430255740880966187e-03 3.317374363541603088e-02 1.923909224569797516e-02 1.136693079024553299e-02 2.439714036881923676e-02 1.468005962669849396e-02 1.460628467611968517e-03 1.604647934436798096e-02 2.997456758748739958e-04 1.983536779880523682e-02 2.389871329069137573e-02 2.162622474133968353e-02 2.761777117848396301e-02 9.693662635982036591e-03 2.741393400356173515e-03 1.382929831743240356e-02 2.592624537646770477e-02 9.322659112513065338e-03 2.185228280723094940e-02 2.713442035019397736e-02 1.514679379761219025e-02 4.747823812067508698e-03 1.659111492335796356e-02 2.420519851148128510e-02 2.532714419066905975e-02 4.278017953038215637e-02 1.605036109685897827e-02 1.207633758895099163e-03 9.772737510502338409e-03 1.337934099137783051e-02 2.072294987738132477e-02 1.602343469858169556e-02 2.411621063947677612e-02 8.331485092639923096e-03 1.205701660364866257e-02 1.261833473108708858e-03 1.016300544142723083e-02 1.513702096417546272e-03 2.487797988578677177e-03 1.104440540075302124e-02 1.846158318221569061e-02 1.848537474870681763e-02 1.014487911015748978e-02 4.302408080548048019e-03 5.819184705615043640e-03 8.856472559273242950e-03 1.431779097765684128e-02 1.558238291181623936e-03 1.546323485672473907e-02 5.432511679828166962e-03 1.339941564947366714e-02 4.862051457166671753e-03 6.443496327847242355e-03 1.566382311284542084e-02 6.058707367628812790e-03 2.066003857180476189e-03 1.947130449116230011e-02 1.303063891828060150e-02
4.432342574000358582e-02 4.953760281205177307e-02 4.641608393285423517e-04 3.604137105867266655e-03 2.647018991410732269e-02 8.425170779228210449e-01 6.036501005291938782e-02 8.107386529445648193e-03 1.081271283328533173e-02 2.141302078962326050e-02 3.317134827375411987e-02 2.615032717585563660e-02 2.969561703503131866e-02 2.475873567163944244e-02 1.003018207848072052e-02 1.559663005173206329e-02 3.672318160533905029e-02 8.875096216797828674e-03 1.224516145884990692e-02 1.818506047129631042e-02 3.417093679308891296e-02 2.066601067781448364e-02 1.099542714655399323e-02 1.182472147047519684e-02 2.282077819108963013e-02 2.831041440367698669e-02 1.912552118301391602e-02 1.358892582356929779e-02 9.225002489984035492e-03 5.290260072797536850e-03 4.191598854959011078e-03 9.449170902371406555e-03 1.186795998364686966e-02 2.899734489619731903e-02 2.338788285851478577e-02 1.633187755942344666e-02 1.674806326627731323e-02 1.388203725218772888e-02 1.459692511707544327e-02 2.440043166279792786e-02 6.608594208955764771e-03 1.559483353048563004e-02 2.304925955832004547e-02 6.946734152734279633e-03 1.201709266752004623e-02 6.691086571663618088e-03 4.980210959911346436e-02 4.945903271436691284e-02 2.000151760876178741e-02 2.403479628264904022e-02 1.344238314777612686e-02 1.128417626023292542e-02 1.762555353343486786e-02 1.073688268661499023e-02 5.202834960073232651e-03 1.926537044346332550e-02 2.276888675987720490e-02 1.893564686179161072e-02 3.778134705498814583e-04 9.376389905810356140e-03 6.485622376203536987e-03 9.740630164742469788e-03 8.423808962106704712e-03 6.452280562371015549e-03 2.055007405579090118e-02 6.593442987650632858e-03 1.939061842858791351e-02 3.748100623488426208e-02 2.082728594541549683e-02 1.899959146976470947e-02 2.800052799284458160e-02 2.112860791385173798e-03 4.685752093791961670e-03 1.367148756980895996e-02 2.521286159753799438e-02 1.210884656757116318e-03 1.545681431889533997e-02 2.457536011934280396e-02 1.731399260461330414e-02 4.907390568405389786e-03 1.376647315919399261e-02 9.281706996262073517e-03 4.620987456291913986e-03 3.223340585827827454e-02 3.414775803685188293e-02 2.517642267048358917e-02 5.213049240410327911e-03 4.578261636197566986e-03 1.973980665206909180e-02 9.867083281278610229e-03 3.547129034996032715e-02 1.328261848539113998e-02 3.201858326792716980e-02 1.032205112278461456e-02 1.066878717392683029e-02 2.588251046836376190e-02 1.241011172533035278e-02 4.330703988671302795e-03 1.297452766448259354e-02 2.012527361512184143e-02 1.227235887199640274e-02 1.787625998258590698e-02 2.469398546963930130e-03 1.731580868363380432e-02 5.724154412746429443e-03 3.478622762486338615e-03 5.435405299067497253e-03 1.188205741345882416e-02 1.331805624067783356e-02 4.115392453968524933e-03 7.593524642288684845e-04 1.206551911309361458e-03 2.198400348424911499e-02 1.474577840417623520e-02 3.146395552903413773e-03 5.532765295356512070e-03
4.724174737930297852e-02 5.735237896442413330e-02 2.028176560997962952e-03 1.021393202245235443e-02 1.249213330447673798e-02 6.036501005291938782e-02 8.425170779228210449e-01 1.174311712384223938e-02 2.827845280990004539e-03 1.656950265169143677e-02 3.794430196285247803e-02 1.697275228798389435e-02 3.963754698634147644e-02 2.227909862995147705e-02 9.551276452839374542e-03 1.120844669640064240e-02 2.912136539816856384e-02 1.357407029718160629e-02 2.813376951962709427e-03 1.739163137972354889e-02 3.297533467411994934e-02 2.231976389884948730e-02 1.073689945042133331e-02 1.307850703597068787e-02 2.211434207856655121e-02 2.621070295572280884e-02 1.578982174396514893e-02 1.094149053096771240e-02 8.800489827990531921e-03 6.508647929877042770e-03 7.755045779049396515e-03 1.115910708904266357e-02 9.262990206480026245e-03 2.819134108722209930e-02 1.936512626707553864e-02 1.667904481291770935e-02 2.453928440809249878e-02 1.117628160864114761e-02 7.460160646587610245e-03 1.693627797067165375e-02 6.988576613366603851e-03 1.434556674212217331e-02 2.456147037446498871e-02 9.522734209895133972e-03 6.245482247322797775e-03 6.702127400785684586e-03 4.214841499924659729e-02 5.440039932727813721e-02 2.192318253219127655e-02 2.443556115031242371e-02 1.093626767396926880e-02 1.198300626128911972e-02 1.157088298350572586e-02 1.430105417966842651e-02 5.988939665257930756e-03 1.988676004111766815e-02 1.953037083148956299e-02 2.001906372606754303e-02 7.278013508766889572e-04 9.553364361636340618e-04 1.365355495363473892e-02 4.703741054981946945e-03 5.104595329612493515e-03 7.782626431435346603e-03 1.958515308797359467e-02 1.465089619159698486e-02 1.858364790678024292e-02 3.615408390760421753e-02 1.121892780065536499e-02 1.400023791939020157e-02 1.584502309560775757e-02 5.945693235844373703e-03 3.437676350586116314e-04 1.346126757562160492e-02 1.868297718465328217e-02 1.234524068422615528e-03 5.391948390752077103e-03 1.530624367296695709e-02 1.238283049315214157e-02 3.147475217701867223e-05 4.570000339299440384e-03 5.992995575070381165e-03 1.265447703190147877e-03 2.053813450038433075e-02 3.422728925943374634e-02 2.407385967671871185e-02 5.072701722383499146e-03 5.683694034814834595e-03 8.659522049129009247e-03 3.025036072358489037e-03 2.851549163460731506e-02 1.808960549533367157e-02 3.151076659560203552e-02 1.064943056553602219e-02 9.026044979691505432e-03 2.371947467327117920e-02 1.091317273676395416e-02 1.368982048006728292e-04 6.672478746622800827e-03 1.671737991273403168e-02 1.193417701870203018e-02 1.823311857879161835e-02 3.695992054417729378e-03 1.462019700556993484e-02 7.581314537674188614e-03 3.706657793372869492e-03 7.041055243462324142e-03 5.683877505362033844e-03 1.421898882836103439e-02 3.813261399045586586e-03 1.134487614035606384e-02 6.724934559315443039e-03 2.342954091727733612e-02 1.590514741837978363e-02 1.888707192847505212e-04 2.987548941746354103e-03
1.235043443739414215e-02 1.470304839313030243e-02 4.710137844085693359e-02 1.140461023896932602e-02 1.367081329226493835e-02 8.107386529445648193e-03 1.174311712384223938e-02 8.425170779228210449e-01 7.295995019376277924e-04 3.785986220464110374e-03 1.768948137760162354e-02 2.044159732758998871e-02 3.392001613974571228e-02 2.480865828692913055e-02 5.392742156982421875e-02 1.222684606909751892e-02 9.592203423380851746e-03 1.168924034573137760e-03 3.865081118419766426e-03 2.213408052921295166e-02 7.963947951793670654e-03 3.107860684394836426e-02 1.589604653418064117e-02 1.608126610517501831e-02 1.398564036935567856e-02 6.576201878488063812e-03 1.921183802187442780e-02 1.448266115039587021e-02 1.385049801319837570e-02 2.685926109552383423e-02 2.256063744425773621e-03 2.436866424977779388e-02 1.566866599023342133e-02 2.040739171206951141e-02 2.907317131757736206e-02 1.981808803975582123e-02 2.020200528204441071e-02 2.714236080646514893e-02 3.619409352540969849e-02 3.015927225351333618e-02 3.119568340480327606e-02 1.151832751929759979e-02 1.102642435580492020e-02 7.053913082927465439e-03 6.776603870093822479e-03 1.606380566954612732e-02 3.458146704360842705e-03 2.533393912017345428e-03 8.066921494901180267e-03 9.126235730946063995e-03 1.854273118078708649e-02 2.690892852842807770e-02 3.784896433353424072e-02 4.141701385378837585e-02 4.163502249866724014e-03 2.892932854592800140e-03 6.915356032550334930e-03 1.437647733837366104e-02 2.955440059304237366e-02 4.394875094294548035e-02 1.635153777897357941e-02 1.327317208051681519e-02 2.522280439734458923e-02 3.025200590491294861e-02 1.166948210448026657e-02 3.008491918444633484e-02 1.680399850010871887e-02 5.420465487986803055e-03 3.833916271105408669e-04 2.823581686243414879e-03 7.165740826167166233e-04 1.839312538504600525e-02 8.758833282627165318e-04 4.156060982495546341e-03 1.561861135996878147e-03 1.544425077736377716e-02 6.151631823740899563e-04 3.089277597609907389e-04 1.851713634096086025e-03 8.901328779757022858e-03 3.667302802205085754e-02 5.366940423846244812e-02 4.015692975372076035e-03 8.828651625663042068e-04 3.628989681601524353e-03 5.773129872977733612e-03 3.159361705183982849e-02 4.726043343544006348e-02 1.550937769934535027e-03 5.433221813291311264e-03 6.080064922571182251e-04 2.527800155803561211e-03 6.736871786415576935e-03 2.910010889172554016e-02 2.243759855628013611e-02 1.610356010496616364e-02 3.746858274098485708e-04 7.899064570665359497e-03 6.427339278161525726e-03 1.063629146665334702e-02 2.480462752282619476e-02 2.015334926545619965e-02 2.169400686398148537e-03 1.286238431930541992e-02 3.810977563261985779e-02 3.409826010465621948e-02 2.506813034415245056e-02 1.372456829994916916e-02 2.144934237003326416e-02 1.502146199345588684e-02 1.290314015932381153e-03 1.714661531150341034e-02 9.857696481049060822e-03 1.311733294278383255e-02 1.158556155860424042e-02 3.923949785530567169e-03
8.382956497371196747e-03 6.019704975187778473e-03 2.741364296525716782e-03 4.725141916424036026e-03 7.506250403821468353e-03 1.081271283328533173e-02 2.827845280990004539e-03 7.295995019376277924e-04 8.425170779228210449e-01 3.837030380964279175e-02 4.515307024121284485e-03 3.638546168804168701e-02 3.619352821260690689e-03 2.922358363866806030e-02 1.315685175359249115e-02 1.472765207290649414e-02 1.439138315618038177e-02 2.883306331932544708e-02 1.966349594295024872e-02 1.045224722474813461e-02 1.764307729899883270e-02 1.301619410514831543e-02 3.736532479524612427e-02 3.554579988121986389e-02 1.401768811047077179e-02 2.577784284949302673e-02 1.448944583535194397e-02 1.421825774013996124e-02 1.639596885070204735e-03 7.479967549443244934e-03 1.344999909633770585e-04 1.346198003739118576e-02 9.757373481988906860e-03 1.994938775897026062e-02 6.661562249064445496e-03 1.238262001425027847e-02 9.070907719433307648e-03 1.414522621780633926e-02 9.227953851222991943e-03 1.040419191122055054e-02 1.710987649857997894e-03 4.219791293144226074e-02 2.826542034745216370e-02 7.125462871044874191e-03 3.299242258071899414e-02 2.757734991610050201e-02 1.606864295899868011e-02 8.324793539941310883e-03 1.951666735112667084e-02 1.811424642801284790e-02 1.980935409665107727e-02 2.399954199790954590e-02 1.291630603373050690e-02 1.152417343109846115e-02 3.237418830394744873e-02 1.428755465894937515e-02 1.501957792788743973e-02 1.839997246861457825e-02 4.091068636626005173e-03 6.130395457148551941e-03 1.388450711965560913e-02 1.474485639482736588e-02 6.589638069272041321e-03 7.119524292647838593e-03 2.388560213148593903e-03 9.873737581074237823e-04 1.383224595338106155e-02 1.883867010474205017e-02 4.510710760951042175e-02 4.812025930732488632e-03 4.064502194523811340e-02 6.976336590014398098e-04 8.362795924767851830e-04 1.410314929671585560e-03 1.694061607122421265e-02 3.065013792365789413e-03 5.817358195781707764e-02 4.629468172788619995e-02 3.900796547532081604e-02 4.290919750928878784e-02 2.609932050108909607e-02 2.620518207550048828e-03 1.169904880225658417e-02 1.439450308680534363e-02 8.123205043375492096e-03 2.803515084087848663e-02 2.180902473628520966e-02 1.140642352402210236e-02 2.824262902140617371e-02 4.488875344395637512e-02 1.255399454385042191e-02 1.098206453025341034e-02 8.825743570923805237e-03 1.314811035990715027e-02 1.321842893958091736e-02 1.589091308414936066e-02 1.368423365056514740e-02 1.493364386260509491e-02 4.716135933995246887e-02 4.032093659043312073e-02 1.541746780276298523e-02 1.716009341180324554e-02 3.172355704009532928e-03 4.491137340664863586e-03 6.917787686688825488e-05 5.589239764958620071e-03 4.926844034343957901e-03 1.297397073358297348e-02 1.510204561054706573e-02 2.689523855224251747e-03 2.391101047396659851e-02 8.262180723249912262e-03 2.648129872977733612e-02 2.763186767697334290e-02 1.366882584989070892e-02 9.820166043937206268e-03
1.877084746956825256e-02 1.399106904864311218e-02 2.381184604018926620e-03 1.392689184285700321e-03 1.534637622535228729e-02 2.141302078962326050e-02 1.656950265169143677e-02 3.785986220464110374e-03 3.837030380964279175e-02 8.425170779228210449e-01 1.473901700228452682e-02 3.109040111303329468e-02 1.029959693551063538e-02 2.619020454585552216e-02 1.316386647522449493e-02 2.035894617438316345e-02 2.538199536502361298e-02 1.103281695395708084e-02 3.157807514071464539e-02 1.674164459109306335e-02 2.263956516981124878e-02 2.074619568884372711e-02 2.875727415084838867e-02 3.186520189046859741e-02 2.553178369998931885e-02 2.656191773712635040e-02 2.226308733224868774e-02 2.787884790450334549e-03 1.878436096012592316e-02 3.656068118289113045e-03 9.180129505693912506e-03 1.609087549149990082e-02 1.585743762552738190e-02 2.646149508655071259e-02 1.318396907299757004e-02 6.216898094862699509e-03 1.375250611454248428e-02 1.693005487322807312e-02 8.269362151622772217e-03 1.363454293459653854e-02 1.315869763493537903e-02 3.061467781662940979e-02 3.552044928073883057e-02 5.677634384483098984e-03 3.529877960681915283e-02 3.090664930641651154e-02 2.570929005742073059e-02 1.718806661665439606e-02 2.546480484306812286e-02 3.612447157502174377e-02 2.343933470547199249e-02 2.564274705946445465e-02 1.578160934150218964e-02 1.012258790433406830e-02 1.799124479293823242e-02 3.440574184060096741e-02 2.496363222599029541e-02 2.105286903679370880e-02 1.465228502638638020e-03 4.963513347320258617e-04 4.720973316580057144e-03 2.224342711269855499e-02 7.087611593306064606e-04 4.836221341975033283e-04 1.240640413016080856e-02 5.427646450698375702e-03 1.935295015573501587e-02 2.298993431031703949e-02 3.392292559146881104e-02 2.060302160680294037e-02 3.495885431766510010e-02 1.363379298709332943e-03 3.451551019679754972e-04 1.413213089108467102e-02 1.515128556638956070e-02 1.144433510489761829e-03 3.724784776568412781e-02 4.631218686699867249e-02 3.766384720802307129e-02 3.800706937909126282e-02 2.026573382318019867e-02 1.471731811761856079e-03 9.557679295539855957e-03 2.948649972677230835e-02 1.986724324524402618e-02 3.320591151714324951e-02 1.303642056882381439e-02 1.175439823418855667e-02 2.009820565581321716e-02 2.961093746125698090e-02 2.964397892355918884e-02 7.578742224723100662e-03 1.424814108759164810e-02 1.870584674179553986e-02 1.722139678895473480e-02 2.721061930060386658e-02 1.548117958009243011e-02 1.110967528074979782e-02 3.108522295951843262e-02 3.508053719997406006e-02 1.610611006617546082e-02 2.195192873477935791e-02 3.561593824997544289e-03 1.922508887946605682e-02 1.015895418822765350e-02 2.262556925415992737e-03 9.615688584744930267e-03 1.698619686067104340e-02 1.606374979019165039e-02 1.222842372953891754e-02 7.707013282924890518e-03 7.471275050193071365e-03 2.529373951256275177e-02 2.781841531395912170e-02 1.979686785489320755e-03 3.664938034489750862e-03
4.774340242147445679e-02 4.784054309129714966e-02 2.207532379543408751e-04 3.342492878437042236e-02 5.163491237908601761e-03 3.317134827375411987e-02 3.794430196285247803e-02 1.768948137760162354e-02 4.515307024121284485e-03 1.473901700228452682e-02 8.425170779228210449e-01 1.424799300730228424e-02 4.839476570487022400e-02 1.458736695349216461e-02 1.934897527098655701e-02 1.158558297902345657e-02 2.350732684135437012e-02 1.857272721827030182e-02 1.582888327538967133e-02 1.212829537689685822e-02 1.558994408696889877e-02 3.415190801024436951e-02 4.429613240063190460e-03 3.465483197942376137e-03 2.465097047388553619e-02 1.522992923855781555e-02 2.765681594610214233e-02 1.297414186410605907e-03 3.660345450043678284e-02 1.238433085381984711e-02 3.710881993174552917e-02 8.197874762117862701e-03 1.992228627204895020e-02 1.885441876947879791e-02 1.329796295613050461e-02 1.576373353600502014e-02 1.108856778591871262e-02 1.434117648750543594e-02 1.798737910576164722e-03 1.288258936256170273e-02 1.421108562499284744e-02 1.956184394657611847e-03 1.306481286883354187e-02 3.892375389114022255e-03 1.382999122142791748e-02 1.186652015894651413e-02 3.086897730827331543e-02 3.721863031387329102e-02 2.065228670835494995e-02 1.936324872076511383e-02 1.102570164948701859e-02 5.427244119346141815e-03 2.010945975780487061e-02 2.120690979063510895e-02 5.936264991760253906e-03 2.361561730504035950e-02 3.040166385471820831e-02 2.004886977374553680e-02 1.630037836730480194e-02 8.106523193418979645e-03 1.223093271255493164e-02 1.479625236243009567e-02 6.197818438522517681e-04 9.684592951089143753e-04 4.224768280982971191e-02 3.667454048991203308e-02 1.489688735455274582e-02 1.672156527638435364e-02 6.701219361275434494e-03 3.445952758193016052e-02 1.132471952587366104e-02 2.050953917205333710e-02 4.093343857675790787e-03 3.315028175711631775e-02 2.977839671075344086e-02 2.240518480539321899e-02 1.314445282332599163e-03 9.614166803658008575e-03 8.922462351620197296e-03 6.905024871230125427e-03 8.742558769881725311e-03 3.349958220496773720e-03 8.406315930187702179e-03 1.865604333579540253e-02 1.885306462645530701e-02 5.393012426793575287e-03 2.842182293534278870e-02 1.497908495366573334e-02 5.407107993960380554e-03 6.573261693120002747e-03 3.469842672348022461e-02 4.061282426118850708e-02 3.450129181146621704e-02 2.408799156546592712e-02 1.075330749154090881e-02 1.504547894001007080e-02 2.140600793063640594e-02 2.104981616139411926e-02 2.694317605346441269e-03 3.601314034312963486e-03 8.918128907680511475e-03 1.500018965452909470e-02 1.411696802824735641e-02 1.985137909650802612e-02 2.168061956763267517e-02 2.053038915619254112e-03 1.116986013948917389e-02 2.281899191439151764e-02 1.237692683935165405e-02 2.186057344079017639e-02 1.309246290475130081e-02 1.460908818989992142e-02 8.843234740197658539e-03 9.661917574703693390e-03 3.652713727205991745e-03 9.055273607373237610e-03
1.824869588017463684e-02 1.805735565721988678e-02 8.314736187458038330e-03 7.064422825351357460e-04 1.202059444040060043e-02 2.615032717585563660e-02 1.697275228798389435e-02 2.044159732758998871e-02 3.638546168804168701e-02 3.109040111303329468e-02 1.424799300730228424e-02 8.425170779228210449e-01 1.717096753418445587e-02 5.362928286194801331e-02 2.747224830090999603e-02 1.838824339210987091e-02 2.524668537080287933e-02 7.313853129744529724e-03 1.517430134117603302e-02 9.683052077889442444e-03 1.371248904615640640e-02 1.883588731288909912e-02 3.984770923852920532e-02 4.089573398232460022e-02 1.138828694820404053e-02 1.788298971951007843e-02 1.551182195544242859e-02 3.929202258586883545e-02 4.733092617243528366e-03 3.439886122941970825e-02 6.694548763334751129e-03 1.124060619622468948e-02 1.957795955240726471e-02 1.995364017784595490e-02 1.968981511890888214e-02 1.612241566181182861e-02 6.898138206452131271e-03 1.952053606510162354e-02 1.726051792502403259e-02 1.687363162636756897e-02 1.047318335622549057e-02 2.925106510519981384e-02 2.629223838448524475e-02 3.493938129395246506e-04 2.842803113162517548e-02 2.533693984150886536e-02 1.937762275338172913e-02 1.281765289604663849e-02 1.124073937535285950e-02 1.632537692785263062e-02 2.668267115950584412e-02 2.979458682239055634e-02 2.521533332765102386e-02 1.765440031886100769e-02 8.214109577238559723e-03 9.311879053711891174e-03 1.503886003047227859e-02 1.290804054588079453e-02 9.708240628242492676e-03 9.381525218486785889e-03 1.734030805528163910e-02 1.227266527712345123e-02 1.286515127867460251e-02 3.279403317719697952e-03 7.433922030031681061e-03 4.543443210422992706e-03 1.126316562294960022e-02 1.821381412446498871e-02 3.510688245296478271e-02 6.881261244416236877e-03 3.667214140295982361e-02 1.063761487603187561e-02 4.152922891080379486e-03 6.283961236476898193e-03 1.946713030338287354e-02 6.023108027875423431e-03 3.667558357119560242e-02 3.914546966552734375e-02 2.420853637158870697e-02 2.600148133933544159e-02 1.524114329367876053e-02 8.538229390978813171e-03 6.038687191903591156e-03 2.121854573488235474e-02 1.095526572316884995e-02 2.116885595023632050e-02 9.915492497384548187e-03 2.024756930768489838e-02 2.807353436946868896e-02 3.649780526757240295e-02 1.579206623136997223e-02 5.984231363981962204e-03 2.911449642851948738e-03 1.393490098416805267e-02 1.600698940455913544e-02 1.785685867071151733e-02 1.421534828841686249e-02 5.035826470702886581e-03 3.160754963755607605e-02 3.382537886500358582e-02 1.707009971141815186e-02 1.506206393241882324e-02 1.876011141575872898e-03 1.284454856067895889e-02 1.685656048357486725e-02 1.574403047561645508e-02 6.825341377407312393e-03 1.228886563330888748e-02 1.145192235708236694e-02 2.521372865885496140e-03 1.175030693411827087e-02 8.042973931878805161e-04 2.286317758262157440e-02 2.476168423891067505e-02 7.454241625964641571e-03 1.428321842104196548e-02
4.280369728803634644e-02 5.043207108974456787e-02 9.998747147619724274e-03 1.926227845251560211e-02 8.976061828434467316e-03 2.969561703503131866e-02 3.963754698634147644e-02 3.392001613974571228e-02 3.619352821260690689e-03 1.029959693551063538e-02 4.839476570487022400e-02 1.717096753418445587e-02 8.425170779228210449e-01 1.994170434772968292e-02 3.595880419015884399e-02 1.100037898868322372e-02 1.311269216239452362e-02 8.906724862754344940e-03 3.873727051541209221e-03 2.024265192449092865e-02 7.592558860778808594e-03 3.999556601047515869e-02 7.414402440190315247e-03 6.158855743706226349e-03 2.358508668839931488e-02 1.292802207171916962e-02 2.081137150526046753e-02 7.873213849961757660e-03 2.943029627203941345e-02 5.370954517275094986e-03 3.594426065683364868e-02 2.277033962309360504e-02 1.541319955140352249e-02 1.977819949388504028e-02 1.675800234079360962e-02 2.035797946155071259e-02 1.670725829899311066e-02 1.835554279386997223e-02 9.278362616896629333e-03 1.504632458090782166e-02 1.986155845224857330e-02 1.130780391395092010e-02 1.793818548321723938e-02 2.577491395641118288e-04 1.621581986546516418e-02 2.191792801022529602e-02 2.130131423473358154e-02 3.508691489696502686e-02 2.014194056391716003e-02 1.567876338958740234e-02 7.144775008782744408e-04 8.593657985329627991e-03 2.368162386119365692e-02 3.188811987638473511e-02 5.756025668233633041e-03 2.071764878928661346e-02 2.235733717679977417e-02 2.498096786439418793e-02 8.105556480586528778e-03 2.156298607587814331e-02 5.223874934017658234e-03 1.802288927137851715e-02 8.280733600258827209e-03 1.844245824031531811e-03 2.426462620496749878e-02 4.021646827459335327e-02 1.756308972835540771e-02 7.557755336165428162e-03 1.932729617692530155e-03 1.226758956909179688e-02 4.257603141013532877e-04 1.172997173853218555e-03 1.296591944992542267e-02 1.736865565180778503e-02 1.704606972634792328e-02 8.883148431777954102e-03 2.946556545794010162e-03 3.836513962596654892e-03 7.502038031816482544e-03 1.114435121417045593e-02 1.920140930451452732e-03 1.696118339896202087e-02 1.535309827886521816e-03 3.948494326323270798e-03 9.936433285474777222e-03 4.133379086852073669e-03 1.666129752993583679e-02 3.125021606683731079e-02 5.700460635125637054e-03 1.493892632424831390e-03 2.037015929818153381e-02 1.579834707081317902e-02 2.162392437458038330e-02 2.873735129833221436e-02 1.601632870733737946e-02 1.198930013924837112e-02 6.610986310988664627e-03 1.641908288002014160e-02 4.003676120191812515e-03 9.862450882792472839e-03 2.350752614438533783e-02 1.965514570474624634e-02 1.474045566283166409e-03 2.468991093337535858e-02 3.046458773314952850e-02 1.503746397793292999e-02 2.949774824082851410e-02 1.523308921605348587e-02 2.036229707300662994e-02 2.120873145759105682e-02 7.609281223267316818e-03 2.117682248353958130e-02 1.651237346231937408e-02 1.681374944746494293e-02 1.115120667964220047e-02 7.045722566545009613e-03
