8.371758460998535156e-01 6.845413893461227417e-02 2.355703711509704590e-02 1.567152887582778931e-02 1.528806332498788834e-02 3.892293572425842285e-02 2.732905186712741852e-02 2.270678803324699402e-02 3.037084126845002174e-03 1.183160347864031792e-03 3.674321994185447693e-02 8.095290511846542358e-03 3.311202302575111389e-02 1.648640260100364685e-03 8.118407800793647766e-03 8.279534522444009781e-04 2.793287159875035286e-03 7.433071266859769821e-03 1.200144295580685139e-03 2.275077067315578461e-02 1.428163237869739532e-02 2.188883908092975616e-02 4.358242824673652649e-02 2.229851111769676208e-02 3.102003224194049835e-02 2.706462889909744263e-02 2.144327946007251740e-02 2.956867916509509087e-03 1.934642554260790348e-03 9.205271489918231964e-03 1.499238610267639160e-02 2.287236601114273071e-02 2.823834866285324097e-02 2.947846427559852600e-02 2.262043766677379608e-02 2.118059992790222168e-02 1.105807721614837646e-02 2.547293901443481445e-03 1.006454881280660629e-02 1.003570295870304108e-02 2.333117835223674774e-02 3.318465873599052429e-02 3.157511353492736816e-02 1.088569033890962601e-02 3.643944626674056053e-03 4.065864253789186478e-03 9.669573046267032623e-03 1.168286055326461792e-02 1.854998059570789337e-02 1.934627257287502289e-02 2.722457610070705414e-02 2.905570156872272491e-02 8.964212611317634583e-03 6.645057816058397293e-03 4.431955981999635696e-03 2.394932089373469353e-03 2.966432273387908936e-02 1.616969704627990723e-02 5.463577341288328171e-03 2.419531578198075294e-03 5.932029336690902710e-03 8.144674822688102722e-03 1.963866688311100006e-02 2.076578512787818909e-02 5.783012136816978455e-03 1.368597499094903469e-03 3.178605064749717712e-02 2.879909798502922058e-02 6.979047786444425583e-03 1.952441595494747162e-02 1.072184275835752487e-02 5.037978757172822952e-03 3.395397588610649109e-02 6.374232936650514603e-03 2.366106212139129639e-02 3.454134799540042877e-03 1.670043170452117920e-02 5.838903132826089859e-03 2.372821606695652008e-02 4.730411455966532230e-04 7.353181135840713978e-04 8.330825716257095337e-03 9.449741803109645844e-03 4.277003463357686996e-03 2.401015907526016235e-02 1.141622569411993027e-02 1.231880113482475281e-02 2.132997475564479828e-02 1.222229469567537308e-02 4.452243447303771973e-03 9.152646176517009735e-03 1.831904798746109009e-02 1.879146881401538849e-02 9.108450612984597683e-04 1.780644804239273071e-02 1.375968195497989655e-02 2.415721071884036064e-03 5.737720057368278503e-03 2.180651016533374786e-02 3.169307112693786621e-02 1.676799613051116467e-03 1.356078218668699265e-02 2.050438633887097239e-04 2.871068939566612244e-02 1.346548646688461304e-02 9.316103532910346985e-03 2.537376433610916138e-02 1.333154831081628799e-02 1.226078835316002369e-03 2.863124758005142212e-02 1.313161454163491726e-03 2.140712738037109375e-02 3.534119203686714172e-02 3.477356210350990295e-02 1.237194705754518509e-02 1.537128817290067673e-03
6.845413893461227417e-02 8.371758460998535156e-01 3.154639899730682373e-02 1.883963495492935181e-02 1.095694955438375473e-02 2.548353932797908783e-02 4.500250145792961121e-02 1.088034175336360931e-02 3.996219485998153687e-03 7.401370909065008163e-03 3.756815940141677856e-02 2.343632653355598450e-02 4.995124042034149170e-02 1.745242998003959656e-02 2.658329613041132689e-04 1.298416871577501297e-02 7.434980943799018860e-03 1.660662330687046051e-02 3.878653282299637794e-03 1.198413502424955368e-02 2.545328345149755478e-03 2.639554627239704132e-02 3.472455590963363647e-02 2.278577908873558044e-02 1.876557804644107819e-02 1.336234994232654572e-02 1.042659394443035126e-02 6.798883900046348572e-03 5.920154508203268051e-03 2.400408498942852020e-03 5.617460235953330994e-03 2.633848972618579865e-02 2.886113151907920837e-02 2.647437155246734619e-02 2.063607424497604370e-02 6.861298345029354095e-03 6.485078483819961548e-03 2.505145408213138580e-02 2.314550057053565979e-02 9.810403920710086823e-03 2.793001383543014526e-02 2.765482291579246521e-02 2.007416822016239166e-02 1.537718437612056732e-02 7.633573375642299652e-03 3.711326047778129578e-03 3.465708112344145775e-03 2.325828000903129578e-02 1.936328224837779999e-02 1.187865156680345535e-02 1.371972728520631790e-02 8.634555153548717499e-03 1.722356863319873810e-02 4.265669267624616623e-03 8.796803653240203857e-03 4.570439923554658890e-04 2.334748953580856323e-02 4.305035807192325592e-03 1.063934527337551117e-02 4.007133189588785172e-03 1.385111734271049500e-02 1.228536758571863174e-02 8.157514035701751709e-03 1.427640486508607864e-02 1.002097595483064651e-02 1.183598954230546951e-02 2.023761160671710968e-02 1.880139298737049103e-02 1.550038112327456474e-03 2.561606280505657196e-02 1.478437054902315140e-02 2.098714234307408333e-03 1.552585512399673462e-02 9.254199452698230743e-03 1.553924381732940674e-02 1.012095995247364044e-02 1.229895930737257004e-02 2.565944939851760864e-02 1.039603725075721741e-02 5.901958327740430832e-03 1.311059109866619110e-03 1.536320243030786514e-02 4.639527294784784317e-03 1.128688454627990723e-03 1.938918605446815491e-02 3.682838752865791321e-03 7.381597999483346939e-03 1.753380335867404938e-02 1.057161856442689896e-02 6.120168138295412064e-03 1.444776658900082111e-03 4.623545333743095398e-02 3.277780488133430481e-02 2.417342504486441612e-03 7.883406244218349457e-03 7.001493591815233231e-03 1.635141321457922459e-03 1.034904178231954575e-02 1.938752271234989166e-02 2.131110988557338715e-02 1.449750456959009171e-02 3.693092847242951393e-03 3.471903619356453419e-04 5.425439216196537018e-03 1.304610911756753922e-02 1.591486670076847076e-02 1.677614264190196991e-02 1.182507537305355072e-02 9.805195964872837067e-03 1.223178673535585403e-02 1.522543653845787048e-02 2.657115273177623749e-02 2.149336971342563629e-02 2.123259194195270538e-02 1.683621294796466827e-02 4.599099047482013702e-03
2.355703711509704590e-02 3.154639899730682373e-02 8.371758460998535156e-01 4.372031241655349731e-02 1.957385800778865814e-02 1.322506344877183437e-03 7.411596830934286118e-03 5.825429037213325500e-02 1.097813015803694725e-03 6.528838071972131729e-03 5.617304705083370209e-03 1.965617947280406952e-02 2.845966257154941559e-02 1.448974665254354477e-02 2.581152133643627167e-02 9.148222394287586212e-03 6.557892542332410812e-03 7.378911133855581284e-03 8.809603750705718994e-04 1.659998111426830292e-02 4.390275105834007263e-03 1.787761598825454712e-02 1.830068230628967285e-02 1.975187472999095917e-02 7.823922671377658844e-03 1.124657690525054932e-02 1.850426942110061646e-02 1.630589831620454788e-03 1.697935909032821655e-02 9.048718959093093872e-03 1.896725594997406006e-02 1.769075356423854828e-02 6.200333591550588608e-03 2.362744882702827454e-02 5.766415270045399666e-04 7.369663217104971409e-04 3.334651468321681023e-03 4.948999732732772827e-03 4.472764674574136734e-03 1.368035329505801201e-03 1.074283476918935776e-02 6.915737874805927277e-03 2.331249183043837547e-03 1.850724034011363983e-02 9.236112236976623535e-03 1.584245264530181885e-02 2.274228027090430260e-03 1.742853410542011261e-02 2.497024834156036377e-02 2.149688825011253357e-02 1.144492183811962605e-03 1.070137973874807358e-02 9.029199369251728058e-03 6.878703832626342773e-03 2.846564864739775658e-03 6.255183834582567215e-04 2.120374934747815132e-03 8.479885756969451904e-03 1.345731131732463837e-02 7.067473605275154114e-03 5.993014783598482609e-04 8.178378455340862274e-03 6.493018590845167637e-04 7.881203666329383850e-03 9.724814444780349731e-03 1.467592827975749969e-02 5.668397527188062668e-03 9.509710595011711121e-03 1.528926100581884384e-02 9.130672551691532135e-04 9.304597042500972748e-03 1.081884652376174927e-02 3.584128990769386292e-02 5.634327419102191925e-03 2.578879147768020630e-02 3.571402514353394508e-03 1.413410715758800507e-02 1.277316082268953323e-02 6.174904294312000275e-03 7.850161753594875336e-03 3.109816089272499084e-02 6.385375745594501495e-03 6.042399909347295761e-03 7.441313937306404114e-03 2.228249981999397278e-02 2.119360677897930145e-02 2.343290718272328377e-03 3.701430512592196465e-03 1.130955573171377182e-02 9.951678104698657990e-03 2.324998937547206879e-02 1.170192938297986984e-02 3.755715861916542053e-02 6.500281393527984619e-03 2.674555173143744469e-03 6.986131891608238220e-03 2.389498986303806305e-02 9.106053970754146576e-03 1.507856324315071106e-02 1.516348123550415039e-02 4.004589281976222992e-03 1.422077510505914688e-02 2.050450257956981659e-02 1.582472212612628937e-02 7.992383092641830444e-03 5.880512297153472900e-03 1.297697611153125763e-02 1.465989369899034500e-02 9.049160405993461609e-03 1.287928968667984009e-02 5.804235115647315979e-03 4.115886986255645752e-03 2.924929372966289520e-03 1.497586839832365513e-03 8.975774049758911133e-03 2.697608806192874908e-02
1.567152887582778931e-02 1.883963495492935181e-02 4.372031241655349731e-02 8.371758460998535156e-01 6.415912508964538574e-02 1.490780711174011230e-02 1.888124155811965466e-03 3.377525880932807922e-02 2.776340395212173462e-02 6.495872978121042252e-03 5.142999347299337387e-03 1.216581743210554123e-02 5.707432981580495834e-03 4.357167985290288925e-03 1.649956963956356049e-02 1.042995415627956390e-02 6.065055727958679199e-03 2.168162539601325989e-02 2.145209349691867828e-02 2.118413709104061127e-02 2.857193350791931152e-03 5.723800044506788254e-03 1.239789463579654694e-02 1.025432813912630081e-02 2.225925028324127197e-02 1.399361807852983475e-02 2.035208232700824738e-02 9.455809369683265686e-03 2.696917857974767685e-03 3.504392225295305252e-03 3.761690808460116386e-03 7.818716578185558319e-03 4.184244200587272644e-03 1.198794692754745483e-02 1.522855367511510849e-02 1.140996813774108887e-02 8.466953411698341370e-03 7.741593755781650543e-03 1.911508478224277496e-02 9.013130329549312592e-03 1.732616685330867767e-02 1.939002424478530884e-03 7.844024337828159332e-03 1.029818970710039139e-02 5.629641469568014145e-03 5.278754979372024536e-03 2.258127555251121521e-02 6.175668444484472275e-03 1.392748299986124039e-02 2.288636751472949982e-02 3.502832725644111633e-03 1.047561131417751312e-02 2.308454923331737518e-02 1.567870751023292542e-02 1.599751040339469910e-02 1.206160709261894226e-02 3.734768368303775787e-03 4.123119637370109558e-03 1.518572494387626648e-02 3.014249261468648911e-03 1.647070050239562988e-03 7.788717048242688179e-04 3.004616498947143555e-02 3.431535512208938599e-02 1.365983951836824417e-02 2.938476158306002617e-03 1.430260017514228821e-02 1.760825281962752342e-03 1.538117509335279465e-02 2.392161870375275612e-03 3.285604994744062424e-03 1.452024653553962708e-02 5.260419845581054688e-02 1.028712559491395950e-02 4.536285623908042908e-02 1.798157393932342529e-02 1.135526690632104874e-03 3.057287773117423058e-03 8.381947409361600876e-04 1.320240460336208344e-02 1.453532464802265167e-02 2.907700091600418091e-02 1.029412262141704559e-02 1.865994557738304138e-02 4.621650651097297668e-02 1.297483779489994049e-02 2.041517756879329681e-02 1.655761152505874634e-02 1.321742590516805649e-02 3.227284550666809082e-02 8.633857942186295986e-04 1.010964042507112026e-03 2.350498456507921219e-03 2.784277778118848801e-03 3.747117705643177032e-03 4.935063887387514114e-03 9.530849754810333252e-03 3.905245102941989899e-03 1.641977205872535706e-02 1.070610992610454559e-02 6.992319598793983459e-03 8.630570024251937866e-03 1.384210865944623947e-02 3.069335827603936195e-03 6.596682360395789146e-04 2.340431697666645050e-02 9.284278377890586853e-03 1.128036621958017349e-02 1.753136701881885529e-02 9.317633695900440216e-03 6.906657479703426361e-03 1.685922220349311829e-02 8.823462761938571930e-03 3.323083743453025818e-03 4.009852185845375061e-03 1.574444957077503204e-02
1.528806332498788834e-02 1.095694955438375473e-02 1.957385800778865814e-02 6.415912508964538574e-02 8.371758460998535156e-01 2.341106906533241272e-02 1.237200386822223663e-02 1.855695992708206177e-02 2.768519520759582520e-02 2.716349996626377106e-02 1.857362128794193268e-02 3.335840592626482248e-04 1.341734733432531357e-02 9.790557436645030975e-03 1.843687146902084351e-02 7.350940722972154617e-03 1.428487431257963181e-02 2.620786987245082855e-02 2.113616652786731720e-02 1.930254884064197540e-02 1.069668028503656387e-02 8.940895088016986847e-03 5.584249272942543030e-03 9.496777318418025970e-03 2.885600738227367401e-02 2.652854472398757935e-02 2.262552082538604736e-02 1.818833313882350922e-02 9.478552266955375671e-03 2.661179564893245697e-02 2.134982729330658913e-03 2.035718178376555443e-03 2.682923804968595505e-03 1.462710276246070862e-02 2.931364439427852631e-02 3.194297105073928833e-02 2.956552803516387939e-02 1.603973284363746643e-02 2.202005870640277863e-02 1.956174522638320923e-02 3.197681531310081482e-02 1.365799549967050552e-02 1.996660046279430389e-02 2.805306576192378998e-02 1.688989996910095215e-02 7.301733130589127541e-04 2.578319236636161804e-02 1.850264891982078552e-02 9.741585701704025269e-03 1.549332402646541595e-02 1.730258762836456299e-02 2.150638215243816376e-02 1.685255765914916992e-02 3.642523428425192833e-03 1.098298467695713043e-02 1.171890087425708771e-02 1.137062348425388336e-02 2.061082050204277039e-02 7.866550586186349392e-04 1.862913183867931366e-02 5.902852863073348999e-03 2.321444265544414520e-02 8.252711966633796692e-03 3.499743342399597168e-02 2.915787324309349060e-02 2.905177138745784760e-02 1.943304389715194702e-02 2.088845521211624146e-02 2.148952893912792206e-02 2.508477121591567993e-02 2.265576831996440887e-02 2.292814664542675018e-02 2.358077466487884521e-02 3.462881594896316528e-02 4.414840042591094971e-02 2.092447318136692047e-02 6.082528270781040192e-03 1.407261565327644348e-02 8.736520074307918549e-03 3.744787350296974182e-02 8.766097947955131531e-03 2.727037295699119568e-02 2.429230883717536926e-02 4.110594093799591064e-02 3.365290164947509766e-02 4.464637953788042068e-03 1.046701241284608841e-02 1.560546923428773880e-02 1.909381337463855743e-02 2.863194048404693604e-02 4.330064170062541962e-03 3.483408829197287560e-03 2.113275974988937378e-02 1.271991431713104248e-02 2.177231758832931519e-02 1.644579134881496429e-02 1.264885067939758301e-02 4.990058951079845428e-03 9.710546582937240601e-03 1.020847819745540619e-02 1.090573705732822418e-02 1.012730412185192108e-03 1.023657061159610748e-02 1.078180968761444092e-02 6.923750974237918854e-03 2.000870555639266968e-02 1.356855314224958420e-02 1.884578960016369820e-03 2.330805640667676926e-03 7.227696478366851807e-03 3.870247164741158485e-03 5.881451070308685303e-03 1.707503758370876312e-02 1.818784512579441071e-02 6.605909205973148346e-03 3.059526672586798668e-03
3.892293572425842285e-02 2.548353932797908783e-02 1.322506344877183437e-03 1.490780711174011230e-02 2.341106906533241272e-02 8.371758460998535156e-01 5.224387720227241516e-02 1.870005042292177677e-03 2.937643416225910187e-02 1.109515596181154251e-02 4.551836103200912476e-02 2.644320018589496613e-03 2.478217147290706635e-02 1.572883874177932739e-02 2.553815208375453949e-02 6.044043693691492081e-03 2.070296788588166237e-03 2.608343213796615601e-02 2.139944955706596375e-02 6.171968416310846806e-04 8.638650178909301758e-03 1.490199565887451172e-02 2.477285638451576233e-02 1.606351695954799652e-02 5.136671476066112518e-03 3.064660122618079185e-03 1.839804113842546940e-03 8.322356268763542175e-03 1.286209188401699066e-02 2.631752751767635345e-03 9.642999619245529175e-03 3.474305849522352219e-03 7.744232658296823502e-03 7.745599374175071716e-03 6.714175920933485031e-03 1.680164225399494171e-02 2.481590770184993744e-02 1.044010277837514877e-02 1.701741106808185577e-02 2.180903451517224312e-03 1.658334396779537201e-02 1.976289413869380951e-02 6.428207270801067352e-03 1.174508500844240189e-02 8.504822850227355957e-03 9.980925358831882477e-03 5.540551990270614624e-02 2.966441959142684937e-02 2.087505161762237549e-02 6.019240827299654484e-04 1.277902536094188690e-02 2.559564542025327682e-03 2.306170389056205750e-02 9.770764037966728210e-03 2.041576802730560303e-02 3.117059357464313507e-03 2.603077515959739685e-02 5.930397193878889084e-03 1.303264987654983997e-03 1.220008078962564468e-02 2.365102805197238922e-02 2.841999568045139313e-02 2.305701002478599548e-02 2.725843107327818871e-03 2.633556909859180450e-02 2.526194602251052856e-02 9.212248958647251129e-03 5.551630165427923203e-03 2.438999526202678680e-02 3.543216967955231667e-03 1.872831955552101135e-02 2.503311261534690857e-02 6.098427809774875641e-03 9.195838123559951782e-03 1.474270224571228027e-02 2.551939897239208221e-02 1.528384536504745483e-02 3.248018212616443634e-03 3.594315052032470703e-02 2.224363572895526886e-02 8.836808614432811737e-03 3.127808868885040283e-02 1.923147588968276978e-03 2.251294627785682678e-02 3.665284952148795128e-03 1.145551446825265884e-02 1.285859476774930954e-02 2.872673794627189636e-02 3.570048138499259949e-02 2.332486584782600403e-02 1.935153454542160034e-02 8.897309191524982452e-03 2.668696828186511993e-02 2.142253704369068146e-02 1.960886269807815552e-02 5.907194223254919052e-03 4.262145608663558960e-03 1.638690568506717682e-02 2.388786710798740387e-02 1.769870333373546600e-02 2.338228933513164520e-02 1.099686603993177414e-02 1.439669169485569000e-02 1.909712329506874084e-02 9.386072866618633270e-03 7.321293465793132782e-03 4.013911820948123932e-03 2.278583124279975891e-02 1.498209312558174133e-02 1.049199327826499939e-02 1.904018409550189972e-02 2.914960961788892746e-03 1.327014528214931488e-02 6.841612048447132111e-03 1.199047639966011047e-02 5.765793379396200180e-03
2.732905186712741852e-02 4.500250145792961121e-02 7.411596830934286118e-03 1.888124155811965466e-03 1.237200386822223663e-02 5.224387720227241516e-02 8.371758460998535156e-01 1.561498356750234962e-04 2.919297851622104645e-02 2.656315220519900322e-03 4.651973024010658264e-02 2.104625804349780083e-03 3.094401955604553223e-02 1.600496843457221985e-02 2.260765805840492249e-02 1.619943231344223022e-02 8.072418160736560822e-03 2.871718443930149078e-02 1.516216341406106949e-02 1.225431170314550400e-02 1.046213041990995407e-02 1.264631561934947968e-02 1.953631080687046051e-02 1.795727759599685669e-02 3.306959988549351692e-03 1.074048411101102829e-02 2.117346972227096558e-02 3.016317822039127350e-02 1.764755882322788239e-02 1.325646322220563889e-02 4.799095913767814636e-03 9.301671758294105530e-03 1.599449291825294495e-02 3.841815050691366196e-03 1.567499479278922081e-03 2.028836682438850403e-02 1.961625367403030396e-02 2.054962888360023499e-02 2.038025110960006714e-02 1.588691398501396179e-02 4.707550629973411560e-03 1.153512671589851379e-02 7.713304832577705383e-03 6.196708418428897858e-03 2.079624310135841370e-02 1.445128954946994781e-02 4.270594567060470581e-02 5.285794660449028015e-02 2.761958166956901550e-02 1.143683586269617081e-02 6.684429012238979340e-03 1.161599997431039810e-02 1.776137948036193848e-02 1.404995284974575043e-02 2.862426452338695526e-02 1.449077739380300045e-03 2.915206179022789001e-02 2.255414240062236786e-02 3.610262647271156311e-03 6.560884416103363037e-03 3.392244130373001099e-02 2.558050118386745453e-02 1.183570269495248795e-02 4.558821674436330795e-03 3.201242908835411072e-02 1.644983142614364624e-02 1.977928215637803078e-03 5.109215155243873596e-03 3.133933618664741516e-02 6.878870073705911636e-03 1.149160694330930710e-02 3.218026086688041687e-02 8.961836807429790497e-03 1.134170312434434891e-02 1.974208466708660126e-02 2.044420503079891205e-02 2.023551613092422485e-02 1.020537130534648895e-02 2.091204561293125153e-02 9.123302996158599854e-03 1.090193167328834534e-02 2.514699287712574005e-02 4.717045929282903671e-03 2.191878110170364380e-02 6.779646966606378555e-03 2.229645103216171265e-02 7.155189756304025650e-03 2.293362282216548920e-02 4.574148729443550110e-02 1.637978665530681610e-02 1.402284204959869385e-02 3.302376344799995422e-02 3.761737048625946045e-02 3.823810815811157227e-02 2.256697043776512146e-02 1.159007288515567780e-02 1.687580905854701996e-02 1.263149641454219818e-02 1.366848777979612350e-02 9.192724712193012238e-03 4.377413541078567505e-03 4.581890534609556198e-03 1.238093152642250061e-02 3.182207699865102768e-03 9.327194653451442719e-03 1.339365635067224503e-02 2.745778998360037804e-03 7.938591763377189636e-03 1.365882158279418945e-02 9.998915717005729675e-03 4.749250598251819611e-03 1.705837808549404144e-02 4.178000148385763168e-03 9.488379582762718201e-03 6.495348177850246429e-03 5.474664736539125443e-03
2.270678803324699402e-02 1.088034175336360931e-02 5.825429037213325500e-02 3.377525880932807922e-02 1.855695992708206177e-02 1.870005042292177677e-03 1.561498356750234962e-04 8.371758460998535156e-01 2.181428484618663788e-03 2.356714941561222076e-02 6.584348622709512711e-03 2.920666942372918129e-03 8.774678222835063934e-03 2.050729654729366302e-02 7.185334712266921997e-02 1.117580197751522064e-02 1.406204421073198318e-02 1.965027069672942162e-03 2.436647750437259674e-02 1.581650041043758392e-02 1.257822848856449127e-03 2.329911664128303528e-02 8.485941216349601746e-03 1.433937158435583115e-02 1.345902122557163239e-02 1.623977348208427429e-02 2.388010360300540924e-02 1.030030846595764160e-02 2.306891977787017822e-02 8.056856691837310791e-03 1.735951192677021027e-02 3.002612385898828506e-03 9.826713241636753082e-03 9.982908144593238831e-03 2.964756451547145844e-03 2.837986126542091370e-02 1.754436828196048737e-02 2.525574900209903717e-02 2.568321488797664642e-02 2.609236910939216614e-02 2.210391126573085785e-02 8.734443224966526031e-03 1.520148711279034615e-03 6.482332828454673290e-04 1.294204965233802795e-02 3.491370007395744324e-02 8.664957247674465179e-03 1.289250561967492104e-03 9.511891752481460571e-03 2.492632530629634857e-02 6.212913431227207184e-03 8.753476664423942566e-03 3.796495124697685242e-02 2.380701713263988495e-02 1.240127999335527420e-02 2.561742253601551056e-02 1.047279499471187592e-02 8.573493920266628265e-03 2.322495728731155396e-02 1.715400442481040955e-02 1.558370701968669891e-02 4.685956519097089767e-03 9.774426929652690887e-03 6.247848737984895706e-03 1.209791284054517746e-02 1.511258422397077084e-03 1.212258450686931610e-02 2.005988964810967445e-03 6.838725530542433262e-04 3.484250511974096298e-03 1.413581799715757370e-02 4.405350890010595322e-03 4.279429465532302856e-02 1.060375571250915527e-02 3.986968100070953369e-02 5.929742008447647095e-03 3.003694873768836260e-04 3.112587705254554749e-02 6.185671780258417130e-03 1.836726069450378418e-02 3.266507014632225037e-02 1.934547536075115204e-02 1.418532989919185638e-02 7.315091323107481003e-03 2.472060173749923706e-02 2.225713618099689484e-02 3.767837211489677429e-02 8.852503262460231781e-03 2.306684385985136032e-03 8.829860016703605652e-03 5.385704338550567627e-03 1.718698441982269287e-02 1.149872783571481705e-02 6.601536879315972328e-04 2.124821953475475311e-02 7.477147039026021957e-03 1.183102745562791824e-02 1.215310674160718918e-02 7.244693581014871597e-03 1.534964516758918762e-02 7.080263923853635788e-03 1.418100949376821518e-02 8.581377565860748291e-03 8.015071041882038116e-03 2.791421953588724136e-03 1.200393773615360260e-02 1.039771363139152527e-02 5.025377497076988220e-03 5.503090564161539078e-03 5.443958565592765808e-03 2.901002531871199608e-03 1.922483183443546295e-02 5.058893468230962753e-03 2.691989298909902573e-03 1.270244014449417591e-03 4.974075593054294586e-03
3.037084126845002174e-03 3.996219485998153687e-03 1.097813015803694725e-03 2.776340395212173462e-02 2.768519520759582520e-02 2.937643416225910187e-02 2.919297851622104645e-02 2.181428484618663788e-03 8.371758460998535156e-01 3.216484189033508301e-02 3.532660752534866333e-02 3.672437742352485657e-02 2.679770067334175110e-02 1.376745104789733887e-02 1.371998898684978485e-02 5.148922558873891830e-03 8.121818304061889648e-03 2.970585040748119354e-02 2.841688133776187897e-02 1.352680753916501999e-02 2.611566567793488503e-03 6.158271338790655136e-03 1.641056872904300690e-02 1.914033852517604828e-02 1.704726740717887878e-02 1.706747151911258698e-02 2.253704704344272614e-02 2.869030274450778961e-02 2.362527698278427124e-02 1.922880299389362335e-02 1.682454347610473633e-02 2.555799670517444611e-03 1.212874334305524826e-02 1.436198316514492035e-02 2.069638110697269440e-02 2.535498701035976410e-02 1.586251333355903625e-02 1.953941071406006813e-03 5.405142437666654587e-03 5.391978193074464798e-03 8.033969439566135406e-03 1.400190684944391251e-02 1.629961095750331879e-02 1.030438393354415894e-02 2.734832931309938431e-03 6.466722697950899601e-05 2.280365489423274994e-02 2.193232439458370209e-02 4.314191266894340515e-02 1.274656038731336594e-02 1.337852235883474350e-02 1.655247993767261505e-02 4.662480205297470093e-03 5.373206920921802521e-03 5.054588615894317627e-02 1.489700656384229660e-02 8.666035719215869904e-03 1.993357203900814056e-02 1.240650191903114319e-02 1.661334931850433350e-02 1.468103099614381790e-02 1.183854881674051285e-02 1.719155581668019295e-03 2.938939444720745087e-02 3.501565009355545044e-02 2.535904385149478912e-02 1.006463076919317245e-02 1.052789203822612762e-02 4.222652688622474670e-02 3.426239360123872757e-03 3.166431561112403870e-02 3.888364508748054504e-02 4.927412606775760651e-03 1.995113119482994080e-02 2.925979439169168472e-03 4.070328548550605774e-02 5.168267339468002319e-02 3.133078664541244507e-02 4.364394769072532654e-02 3.053596056997776031e-02 7.910999469459056854e-03 2.161250263452529907e-02 2.761271409690380096e-02 2.550329454243183136e-02 4.673628136515617371e-03 8.693940006196498871e-03 3.724617883563041687e-03 3.289176383987069130e-03 4.848368093371391296e-02 3.533928096294403076e-02 1.584688574075698853e-02 1.589822396636009216e-02 2.625634893774986267e-02 3.254568204283714294e-02 1.221039798110723495e-02 1.277689589187502861e-03 1.416585221886634827e-02 1.413528155535459518e-02 7.057921029627323151e-03 7.623458281159400940e-03 7.069195155054330826e-03 1.258903928101062775e-02 1.457432191818952560e-02 4.698773380368947983e-03 1.516822725534439087e-02 2.317432081326842308e-03 8.273847401142120361e-03 2.186520770192146301e-02 3.211530856788158417e-03 6.006142124533653259e-03 8.301047608256340027e-03 2.068225480616092682e-02 9.231708943843841553e-03 1.536104828119277954e-02 5.896646995097398758e-03 1.025422848761081696e-02
1.183160347864031792e-03 7.401370909065008163e-03 6.528838071972131729e-03 6.495872978121042252e-03 2.716349996626377106e-02 1.109515596181154251e-02 2.656315220519900322e-03 2.356714941561222076e-02 3.216484189033508301e-02 8.371758460998535156e-01 1.693771593272686005e-02 1.659174449741840363e-03 1.703839376568794250e-02 3.783164918422698975e-02 9.296352975070476532e-03 1.320044510066509247e-02 2.288598939776420593e-02 1.799876242876052856e-02 2.907866612076759338e-02 5.221405066549777985e-03 1.215168833732604980e-02 1.118517108261585236e-02 1.768954098224639893e-02 4.513245448470115662e-02 1.807432807981967926e-02 1.401982363313436508e-02 6.350446958094835281e-03 1.667725481092929840e-02 1.943207345902919769e-02 3.174560889601707458e-02 4.943692125380039215e-03 1.915392652153968811e-02 3.840222489088773727e-03 1.478351769037544727e-04 2.521735988557338715e-02 1.678832620382308960e-02 2.768429182469844818e-02 1.138351764529943466e-02 1.005435083061456680e-02 1.259549707174301147e-02 1.855375431478023529e-02 1.401590416207909584e-03 1.943573541939258575e-02 1.186528056859970093e-02 5.893105175346136093e-03 2.441903017461299896e-02 1.219095662236213684e-02 1.333973929286003113e-02 2.780453301966190338e-02 2.715058065950870514e-02 2.437902614474296570e-02 1.420526020228862762e-02 1.191766746342182159e-02 1.220138650387525558e-02 2.210959047079086304e-02 5.227356031537055969e-02 1.015200186520814896e-02 1.108209695667028427e-02 1.540423464030027390e-02 1.853870786726474762e-02 6.728190463036298752e-03 3.470930829644203186e-02 9.472901001572608948e-03 1.252546720206737518e-02 2.980274334549903870e-02 2.322629280388355255e-02 4.533077590167522430e-03 1.666151173412799835e-02 2.558343857526779175e-02 2.115483954548835754e-02 4.300201311707496643e-02 1.246915850788354874e-02 2.573635615408420563e-02 3.873927518725395203e-02 1.974495826289057732e-03 1.278916001319885254e-02 2.844713255763053894e-02 6.167268380522727966e-02 2.650837786495685577e-02 5.678804591298103333e-02 1.120515074580907822e-02 4.256764426827430725e-03 3.317373245954513550e-02 3.810317441821098328e-02 5.739044398069381714e-03 4.408867284655570984e-02 1.588693819940090179e-02 4.792673047631978989e-03 1.455672830343246460e-02 2.828656882047653198e-02 8.439411409199237823e-03 3.571786452084779739e-03 1.151264458894729614e-02 5.361692979931831360e-03 1.762394420802593231e-02 2.607323974370956421e-02 7.037981878966093063e-03 1.774112321436405182e-02 1.333331223577260971e-02 1.290986966341733932e-02 9.257387369871139526e-03 7.143720984458923340e-03 1.406476553529500961e-02 1.140110194683074951e-03 1.833998970687389374e-02 5.684474948793649673e-03 1.125907991081476212e-02 4.625581670552492142e-03 3.546919906511902809e-03 2.512027776901959442e-06 2.653281018137931824e-02 1.088045910000801086e-02 1.658839918673038483e-02 1.284155156463384628e-02 6.486951839178800583e-03 8.523330092430114746e-03
3.674321994185447693e-02 3.756815940141677856e-02 5.617304705083370209e-03 5.142999347299337387e-03 1.857362128794193268e-02 4.551836103200912476e-02 4.651973024010658264e-02 6.584348622709512711e-03 3.532660752534866333e-02 1.693771593272686005e-02 8.371758460998535156e-01 2.659112960100173950e-02 5.905191972851753235e-02 2.093727886676788330e-02 6.169553380459547043e-03 4.162020049989223480e-03 1.476385281421244144e-03 2.368221618235111237e-02 8.049415424466133118e-03 9.404762648046016693e-03 1.732922904193401337e-02 2.021816791966557503e-03 1.740038022398948669e-02 1.959428377449512482e-02 1.546492986381053925e-02 1.905426196753978729e-02 1.349147036671638489e-02 3.657719492912292480e-02 3.001964837312698364e-02 2.459158934652805328e-02 1.272661890834569931e-02 2.237151347799226642e-04 4.554977174848318100e-03 9.590041823685169220e-03 1.322627346962690353e-02 1.940215378999710083e-02 1.959092356264591217e-02 7.271986687555909157e-04 2.284842729568481445e-02 1.633108034729957581e-02 9.809909388422966003e-03 5.250405520200729370e-03 1.323875132948160172e-02 1.933491230010986328e-02 8.077750913798809052e-03 2.520263660699129105e-03 3.595267608761787415e-02 4.255341365933418274e-02 2.158996462821960449e-02 1.271907053887844086e-02 8.913359604775905609e-03 1.211844291538000107e-02 5.143983755260705948e-03 1.135150250047445297e-02 1.890702545642852783e-02 6.920136045664548874e-03 3.659539157524704933e-03 2.668344043195247650e-02 1.199961919337511063e-02 2.416331134736537933e-02 9.729339741170406342e-03 1.341038756072521210e-02 1.961625413969159126e-03 1.635574363172054291e-02 4.201894998550415039e-02 3.515960648655891418e-02 1.092257536947727203e-02 1.117148995399475098e-02 1.406075432896614075e-02 1.738842763006687164e-02 1.449241954833269119e-02 3.485422581434249878e-02 7.081361487507820129e-03 2.833447232842445374e-02 9.308178909122943878e-03 3.572702407836914062e-02 3.593666013330221176e-03 6.311592645943164825e-03 3.645548224449157715e-02 2.183446474373340607e-02 5.044637247920036316e-03 2.404834516346454620e-02 1.374836661852896214e-03 1.495484448969364166e-02 5.316599272191524506e-04 1.071966998279094696e-02 4.528687277343124151e-04 1.128692924976348877e-02 4.375131800770759583e-02 2.607819996774196625e-02 1.803665794432163239e-02 1.953091099858283997e-02 4.009031876921653748e-02 3.308736532926559448e-02 1.191349420696496964e-02 7.143101654946804047e-03 8.849619887769222260e-03 2.154195122420787811e-02 6.997656542807817459e-03 1.129877986386418343e-03 5.663844291120767593e-03 9.528717957437038422e-03 4.975547082722187042e-03 1.256704237312078476e-02 9.601040743291378021e-03 5.011764820665121078e-03 2.063055289909243584e-03 1.306673325598239899e-02 7.786762580508366227e-05 1.510051544755697250e-03 2.562831714749336243e-02 8.895811624825000763e-03 6.870224606245756149e-03 1.076931320130825043e-02 2.012633532285690308e-02 2.705908566713333130e-02
8.095290511846542358e-03 2.343632653355598450e-02 1.965617947280406952e-02 1.216581743210554123e-02 3.335840592626482248e-04 2.644320018589496613e-03 2.104625804349780083e-03 2.920666942372918129e-03 3.672437742352485657e-02 1.659174449741840363e-03 2.659112960100173950e-02 8.371758460998535156e-01 6.236775312572717667e-03 4.529536515474319458e-02 6.803572177886962891e-03 3.005144558846950531e-02 2.543705888092517853e-02 6.596618331968784332e-03 9.208993986248970032e-03 1.573026366531848907e-02 4.623918794095516205e-03 1.110923290252685547e-02 9.810933843255043030e-04 1.487110182642936707e-02 5.096861626952886581e-03 2.296614460647106171e-03 5.314555950462818146e-03 3.992101922631263733e-02 8.304945367854088545e-05 1.443452201783657074e-02 1.272295834496617317e-03 2.319872379302978516e-02 1.812766864895820618e-02 2.059751562774181366e-02 4.030532669275999069e-03 1.631770399399101734e-03 1.411470770835876465e-02 2.623254992067813873e-02 2.123014628887176514e-02 2.507090196013450623e-02 1.221651583909988403e-02 1.220000348985195160e-02 3.393278224393725395e-03 9.056502953171730042e-03 3.737383335828781128e-02 2.315302938222885132e-02 8.595652878284454346e-03 3.993564285337924957e-03 1.630525477230548859e-02 2.569075673818588257e-02 7.224274799227714539e-03 8.767964318394660950e-03 1.041549840010702610e-03 1.363318599760532379e-02 2.872225269675254822e-02 1.343765296041965485e-02 2.456953376531600952e-02 3.639944130554795265e-03 2.142179524526000023e-03 2.171397441998124123e-03 3.009199863299727440e-03 2.191871963441371918e-02 1.061804505297914147e-04 1.111519709229469299e-02 3.335350193083286285e-03 5.168071947991847992e-03 9.054809808731079102e-03 5.012236069887876511e-03 1.378857903182506561e-02 3.143833251670002937e-03 6.023461464792490005e-03 2.774131298065185547e-02 9.711824357509613037e-03 2.310864860191941261e-03 2.105996478348970413e-03 3.525014221668243408e-02 2.433372288942337036e-02 2.509229071438312531e-02 4.597441852092742920e-02 7.663549622520804405e-04 2.170309424400329590e-03 4.235617350786924362e-03 3.084714058786630630e-03 6.938524544239044189e-03 1.959847845137119293e-02 2.238138020038604736e-02 2.761936513707041740e-03 7.286528591066598892e-03 4.742760956287384033e-02 3.218667581677436829e-02 4.674756433814764023e-03 2.296618185937404633e-03 5.114888306707143784e-03 1.844710297882556915e-02 1.586019247770309448e-02 3.018392063677310944e-02 2.848873287439346313e-02 2.041577920317649841e-02 2.105393679812550545e-03 1.181253883987665176e-02 2.564593590795993805e-02 3.570393472909927368e-02 1.352345757186412811e-02 6.584390648640692234e-04 1.766442134976387024e-02 8.182112127542495728e-03 6.291404832154512405e-03 3.722738847136497498e-02 9.858033619821071625e-03 1.874841377139091492e-02 4.578163847327232361e-03 3.994145244359970093e-02 4.083865322172641754e-03 2.975957235321402550e-03 3.432857617735862732e-02 4.383177682757377625e-02
3.311202302575111389e-02 4.995124042034149170e-02 2.845966257154941559e-02 5.707432981580495834e-03 1.341734733432531357e-02 2.478217147290706635e-02 3.094401955604553223e-02 8.774678222835063934e-03 2.679770067334175110e-02 1.703839376568794250e-02 5.905191972851753235e-02 6.236775312572717667e-03 8.371758460998535156e-01 9.415639564394950867e-03 1.015556324273347855e-02 1.666792854666709900e-02 8.045691996812820435e-03 9.830076247453689575e-03 9.292196482419967651e-04 6.383806467056274414e-04 1.455394271761178970e-02 1.154856104403734207e-02 1.311877649277448654e-02 2.120813727378845215e-02 1.189403142780065536e-02 1.434182841330766678e-02 9.211476892232894897e-03 2.385942637920379639e-02 3.156537935137748718e-02 1.961832121014595032e-02 3.044948354363441467e-02 1.308503653854131699e-02 7.505482062697410583e-04 7.905590464361011982e-04 7.173323538154363632e-03 1.196984760463237762e-02 9.960685856640338898e-03 1.360562257468700409e-02 2.573572844266891479e-02 1.676781661808490753e-02 9.236984886229038239e-03 9.358312236145138741e-04 1.975257694721221924e-02 2.190932864323258400e-03 1.489434856921434402e-02 1.250452641397714615e-02 2.840207144618034363e-02 3.650705888867378235e-02 1.432360056787729263e-02 1.843764679506421089e-03 9.809112176299095154e-03 2.212206088006496429e-02 2.581065986305475235e-03 2.617402747273445129e-02 1.848707534372806549e-02 1.643413864076137543e-02 1.868766266852617264e-03 2.010575495660305023e-02 1.918925903737545013e-02 3.132088482379913330e-02 1.399137638509273529e-02 2.182041294872760773e-02 1.839499920606613159e-02 9.700178168714046478e-03 3.406913205981254578e-02 5.703014135360717773e-02 1.228017918765544891e-02 1.622899249196052551e-02 7.004073355346918106e-03 5.256582982838153839e-03 4.293554462492465973e-03 2.406598068773746490e-02 1.154969912022352219e-02 2.346278540790081024e-02 6.354420911520719528e-04 3.085997328162193298e-02 3.364394884556531906e-03 4.288408439606428146e-03 2.446747943758964539e-02 2.422407828271389008e-02 4.839125089347362518e-03 3.319302573800086975e-02 7.138702552765607834e-03 1.449046190828084946e-02 3.373609855771064758e-03 5.465441383421421051e-03 6.203701719641685486e-03 1.016595307737588882e-02 2.238790504634380341e-02 1.852893643081188202e-02 2.902370505034923553e-02 1.597103103995323181e-02 5.192327126860618591e-02 5.115021951496601105e-03 8.242833428084850311e-03 9.913679212331771851e-03 7.071041502058506012e-03 7.619861047714948654e-03 1.311732176691293716e-02 5.860394332557916641e-03 8.789294399321079254e-03 6.154964677989482880e-03 3.050295053981244564e-04 6.501536350697278976e-03 2.238467335700988770e-02 1.124000642448663712e-03 1.274898531846702099e-03 8.700014092028141022e-03 5.468559451401233673e-03 1.723621785640716553e-02 9.407569654285907745e-03 7.308159489184617996e-03 1.324440911412239075e-02 1.739391870796680450e-02 1.742402650415897369e-02 3.199437633156776428e-02
