8.598018288612365723e-01 6.397510319948196411e-02 8.759834803640842438e-03 1.234018360264599323e-03 9.076538495719432831e-03 5.759911239147186279e-02 4.709839075803756714e-02 1.555832941085100174e-02 1.108915428631007671e-03 3.149970201775431633e-03 5.403325706720352173e-02 2.499490976333618164e-02 4.472706839442253113e-02 2.230824716389179230e-02 2.629167400300502777e-02 2.949938736855983734e-02 1.130769494920969009e-02 2.810063539072871208e-03 9.942570701241493225e-03 2.892670966684818268e-02 2.129539102315902710e-02 1.982025615870952606e-02 1.759563758969306946e-02 2.110265940427780151e-02 3.124556131660938263e-02 2.588647976517677307e-02 1.381251681596040726e-02 3.432317078113555908e-02 2.990648895502090454e-02 3.437549248337745667e-02 2.391472458839416504e-02 1.474794279783964157e-02 8.702637627720832825e-03 4.487178288400173187e-03 4.792581312358379364e-03 1.669774204492568970e-02 1.181879639625549316e-02 1.469281036406755447e-02 1.027208101004362106e-02 8.969684713520109653e-04 1.644692942500114441e-02 5.960235372185707092e-03 7.033097092062234879e-03 1.781927980482578278e-02 7.882273755967617035e-03 1.576364738866686821e-03 4.223176836967468262e-02 3.292525559663772583e-02 2.050385251641273499e-02 7.309106294997036457e-04 1.628971286118030548e-02 1.365601830184459686e-02 1.131425704807043076e-02 1.647490076720714569e-02 1.794084720313549042e-02 5.774131510406732559e-03 3.890358284115791321e-02 2.503213286399841309e-02 2.319650957360863686e-04 1.128277461975812912e-02 1.034507621079683304e-02 7.600699551403522491e-03 2.814054489135742188e-03 6.356197874993085861e-03 2.124643698334693909e-02 1.914477348327636719e-02 2.163572609424591064e-02 1.808336004614830017e-02 1.920648105442523956e-02 2.192100137472152710e-02 4.842102527618408203e-03 1.486434880644083023e-02 1.524957083165645599e-02 9.021862410008907318e-03 6.215381901711225510e-03 2.728608204051852226e-03 2.829736564308404922e-03 5.525400396436452866e-03 8.209848776459693909e-03 7.943820208311080933e-03 1.894364506006240845e-02 2.248984761536121368e-02 5.916547379456460476e-04 2.290334925055503845e-02 7.372601889073848724e-03 1.164837554097175598e-02 1.394212990999221802e-02 1.985091343522071838e-02 1.271776761859655380e-02 9.300617501139640808e-03 4.043219238519668579e-02 2.358055114746093750e-02 2.589148096740245819e-02 1.995032094419002533e-02 1.120251510292291641e-02 1.462466199882328510e-03 6.727909203618764877e-03 1.293002068996429443e-02 5.027247127145528793e-03 3.936665132641792297e-03 9.555944241583347321e-03 5.276247859001159668e-03 8.293461985886096954e-03 8.508904837071895599e-03 1.774107106029987335e-02 6.048362702131271362e-03 2.798416418954730034e-03 1.530667860060930252e-02 1.230652444064617157e-02 2.741673728451132774e-03 5.964836571365594864e-03 1.077731885015964508e-02 1.305779255926609039e-02 4.719967255368828773e-04 4.009272903203964233e-03 1.074742060154676437e-02
6.397510319948196411e-02 8.598018288612365723e-01 1.382760354317724705e-03 8.811036124825477600e-03 4.377343226224184036e-03 5.938174203038215637e-02 5.883381143212318420e-02 5.702101159840822220e-03 4.202754236757755280e-03 1.647103810682892799e-03 4.594726487994194031e-02 2.457380108535289764e-02 4.687943682074546814e-02 2.838750742375850677e-02 2.287223190069198608e-02 2.515843696892261505e-02 8.800606243312358856e-03 1.077704131603240967e-03 1.931308209896087646e-02 3.612910211086273193e-02 2.795822173357009888e-02 7.955630309879779816e-03 1.414695288985967636e-02 1.475127134472131729e-02 3.343235328793525696e-02 2.580703608691692352e-02 1.374065876007080078e-03 2.117789722979068756e-02 2.638035640120506287e-02 2.901505492627620697e-02 1.177317369729280472e-02 1.448155194520950317e-02 5.153728416189551353e-04 8.499423041939735413e-03 6.927061825990676880e-03 9.251962415874004364e-03 3.957527689635753632e-03 1.794334687292575836e-02 1.192981563508510590e-02 2.312695374712347984e-03 1.507757510989904404e-02 1.170472707599401474e-02 1.140428241342306137e-03 1.096698828041553497e-02 6.222789641469717026e-03 2.967651700600981712e-03 5.007230117917060852e-02 4.156461358070373535e-02 2.269178628921508789e-02 1.107295509427785873e-02 8.930725045502185822e-03 1.111133024096488953e-02 7.265796884894371033e-03 2.041302435100078583e-02 1.658808253705501556e-02 8.028330281376838684e-03 3.948146104812622070e-02 2.455166727304458618e-02 1.983541762456297874e-03 1.164482627063989639e-02 9.779168292880058289e-03 2.276749722659587860e-02 1.078166346997022629e-02 1.989652588963508606e-02 1.835067570209503174e-02 1.190366595983505249e-02 3.050197660923004150e-02 2.187361940741539001e-02 1.367550250142812729e-02 1.091986056417226791e-02 5.072473548352718353e-03 2.083501080051064491e-03 2.271788939833641052e-02 7.351873442530632019e-03 1.915743574500083923e-03 7.475389633327722549e-03 3.536363132297992706e-03 3.435900900512933731e-03 2.057030214928090572e-04 8.983869105577468872e-03 1.716712862253189087e-02 2.934988960623741150e-02 9.714213199913501740e-03 3.615600988268852234e-02 2.860422537196427584e-04 5.050668027251958847e-03 6.879929453134536743e-03 2.126151137053966522e-02 1.206620014272630215e-03 1.985200680792331696e-02 3.635072335600852966e-02 2.253641746938228607e-02 2.748516201972961426e-02 1.487218309193849564e-02 1.341180992312729359e-03 7.305375300347805023e-03 8.101101033389568329e-03 1.093820389360189438e-02 1.030182233080267906e-03 2.855771919712424278e-03 2.964348066598176956e-03 1.373705919831991196e-02 2.953183837234973907e-03 4.930947907269001007e-03 2.040548436343669891e-02 4.958982026437297463e-05 1.154636871069669724e-02 9.026054292917251587e-03 2.484867908060550690e-02 2.148024365305900574e-02 2.677225973457098007e-03 9.591826237738132477e-03 2.013097703456878662e-02 6.531791295856237411e-03 2.970356028527021408e-03 3.948684316128492355e-03
8.759834803640842438e-03 1.382760354317724705e-03 8.598018288612365723e-01 2.456371486186981201e-02 2.008278109133243561e-02 6.282211747020483017e-03 9.585827589035034180e-03 5.050916969776153564e-02 9.778190404176712036e-03 3.612568601965904236e-03 1.365066319704055786e-02 9.443903341889381409e-03 1.709922403097152710e-02 8.491022512316703796e-03 3.180667385458946228e-02 5.649730563163757324e-03 3.108504693955183029e-03 1.456012832932174206e-03 2.129626832902431488e-02 1.523956842720508575e-02 3.947925288230180740e-03 1.705522462725639343e-02 6.015211343765258789e-03 1.759090693667531013e-03 1.111376937478780746e-02 8.613198064267635345e-03 1.774759590625762939e-02 8.363976376131176949e-04 6.178398150950670242e-03 2.894433215260505676e-03 1.246237847954034805e-02 6.324190180748701096e-03 5.551805719733238220e-03 1.956079155206680298e-02 1.191055309027433395e-02 1.224661152809858322e-02 1.604109071195125580e-02 4.931726492941379547e-03 1.330888085067272186e-02 1.029659807682037354e-02 8.455095812678337097e-03 1.191521342843770981e-02 4.916648380458354950e-03 1.883902586996555328e-02 1.492978259921073914e-02 1.184989884495735168e-02 4.153732676059007645e-03 6.652734242379665375e-03 5.303138867020606995e-03 7.929095998406410217e-03 5.844896659255027771e-03 5.704455543309450150e-04 1.743891462683677673e-02 2.741538919508457184e-02 3.215898061171174049e-03 3.801759565249085426e-03 1.113774720579385757e-03 9.741114452481269836e-03 1.487570814788341522e-02 2.883412316441535950e-02 8.470831438899040222e-03 1.415648497641086578e-02 1.088208984583616257e-02 9.126948192715644836e-03 1.090322155505418777e-02 2.671715617179870605e-02 8.401840925216674805e-03 9.776360820978879929e-04 5.301620811223983765e-03 2.677167207002639771e-02 5.853625014424324036e-03 1.870594359934329987e-02 6.484956480562686920e-03 2.071887627243995667e-02 1.125592505559325218e-03 5.101964343339204788e-03 9.716033935546875000e-03 1.161419227719306946e-02 1.191240735352039337e-02 8.619572035968303680e-03 6.180096045136451721e-02 5.992475897073745728e-02 3.838269971311092377e-03 1.586196012794971466e-02 7.923388853669166565e-03 7.782251574099063873e-03 3.319095075130462646e-02 3.824336454272270203e-02 5.563273560255765915e-03 1.642532087862491608e-02 2.817848930135369301e-03 2.206791564822196960e-02 4.635801815311424434e-05 2.658824622631072998e-02 1.356043200939893723e-02 9.068687446415424347e-03 1.408096402883529663e-02 5.551983849727548659e-05 1.006686594337224960e-02 1.002963352948427200e-02 9.622310288250446320e-03 1.344837713986635208e-02 6.635183468461036682e-03 1.719725690782070160e-02 1.914398930966854095e-02 2.487313002347946167e-02 1.559545658528804779e-02 9.875614196062088013e-03 1.298523973673582077e-02 2.004771865904331207e-02 1.416920032352209091e-02 1.710084266960620880e-02 1.209998689591884613e-02 5.945452488958835602e-03 1.174399256706237793e-02 7.814784534275531769e-03
1.234018360264599323e-03 8.811036124825477600e-03 2.456371486186981201e-02 8.598018288612365723e-01 9.088420122861862183e-02 9.713270701467990875e-03 6.835028994828462601e-03 7.472287397831678391e-03 1.558285765349864960e-02 1.486205402761697769e-02 5.818005185574293137e-03 6.171810440719127655e-03 1.113784871995449066e-02 8.071661926805973053e-03 1.962732896208763123e-02 2.926481701433658600e-02 4.104007501155138016e-03 2.304901927709579468e-02 3.979444503784179688e-03 6.468423642218112946e-03 1.244324445724487305e-02 2.182709984481334686e-02 4.366959910839796066e-03 1.267077284865081310e-03 8.075966499745845795e-03 5.666540935635566711e-03 2.562835626304149628e-02 4.627252928912639618e-03 4.126455169171094894e-03 4.179086070507764816e-03 5.063235294073820114e-03 4.799130372703075409e-03 6.003747694194316864e-03 1.751382462680339813e-02 1.906516612507402897e-03 1.698760874569416046e-02 1.026095356792211533e-02 2.394952578470110893e-03 2.720730006694793701e-02 6.415366660803556442e-03 2.269198559224605560e-02 1.765210554003715515e-02 1.973104290664196014e-02 1.212430372834205627e-02 6.785835139453411102e-03 1.880110427737236023e-02 2.662870101630687714e-03 4.559078253805637360e-03 4.493245389312505722e-03 6.486662197858095169e-03 7.424256298691034317e-03 1.438753120601177216e-02 2.771843173832166940e-05 1.091893296688795090e-02 6.921536754816770554e-03 2.498064935207366943e-02 2.067779935896396637e-02 8.411016315221786499e-03 5.084659904241561890e-03 5.487539805471897125e-03 1.508969068527221680e-02 1.207587774842977524e-03 2.479819115251302719e-03 1.047140359878540039e-02 2.330521354451775551e-03 1.890148222446441650e-02 4.543556366115808487e-03 1.447524700779467821e-04 1.414981903508305550e-03 1.759534887969493866e-02 3.950659811380319297e-05 2.311154082417488098e-02 7.086739689111709595e-02 2.212754823267459869e-02 3.699808195233345032e-02 2.216579392552375793e-02 1.472829189151525497e-02 9.082183241844177246e-03 9.719350375235080719e-03 2.292282506823539734e-02 1.290901284664869308e-02 6.003486923873424530e-03 7.348301261663436890e-02 1.394246146082878113e-02 5.619886331260204315e-03 1.597570069134235382e-02 1.278652623295783997e-02 1.044839154928922653e-02 1.047747116535902023e-02 9.978020563721656799e-03 1.927036978304386139e-02 2.018669433891773224e-02 1.223798282444477081e-02 2.469447441399097443e-02 5.967010743916034698e-03 1.673526316881179810e-02 1.194779761135578156e-02 1.713906601071357727e-02 1.810488663613796234e-02 1.670618914067745209e-02 9.805997833609580994e-03 1.831163465976715088e-02 1.574605703353881836e-02 1.237216871231794357e-02 3.377750283107161522e-03 1.361433509737253189e-02 2.395086549222469330e-02 6.752574816346168518e-03 2.175192162394523621e-02 2.504417300224304199e-02 2.999666146934032440e-02 1.672123617026954889e-04 1.454376801848411560e-02 1.832050830125808716e-02 7.831770926713943481e-03 8.598039858043193817e-03
9.076538495719432831e-03 4.377343226224184036e-03 2.008278109133243561e-02 9.088420122861862183e-02 8.598018288612365723e-01 2.226397627964615822e-03 3.765497822314500809e-03 8.432553149759769440e-03 1.424255128949880600e-02 1.190479937940835953e-02 9.756634943187236786e-03 1.275626569986343384e-02 1.202724967151880264e-02 1.339612901210784912e-02 1.294842269271612167e-02 1.670080423355102539e-02 1.363321789540350437e-03 1.758353598415851593e-02 8.071180433034896851e-03 6.112872622907161713e-03 2.630037814378738403e-02 1.318351738154888153e-02 9.820125065743923187e-03 2.992597175762057304e-03 7.486537098884582520e-03 1.245099306106567383e-02 1.302538253366947174e-02 8.554480969905853271e-03 2.436500042676925659e-03 1.168697234243154526e-02 1.100554130971431732e-02 4.545865114778280258e-03 8.231746032834053040e-03 1.212092395871877670e-02 2.002095617353916168e-02 1.444972213357686996e-02 1.756182499229907990e-02 2.529681194573640823e-03 5.660838913172483444e-03 1.995887607336044312e-02 2.151807211339473724e-02 2.130896039307117462e-02 1.449007820338010788e-02 3.027779748663306236e-03 1.228564884513616562e-02 2.135460264980792999e-02 3.793636569753289223e-03 7.747386116534471512e-03 6.126058753579854965e-03 1.279226131737232208e-02 2.304335590451955795e-03 1.033923029899597168e-02 2.141923177987337112e-03 5.959183908998966217e-03 2.079047262668609619e-02 2.706494368612766266e-02 6.527157966047525406e-03 1.165920868515968323e-02 9.183750487864017487e-03 1.279831491410732269e-02 1.030656788498163223e-02 1.890718005597591400e-02 1.547038462013006210e-02 1.512141898274421692e-02 5.124717485159635544e-03 1.083635725080966949e-02 6.111344788223505020e-03 1.290284562855958939e-02 1.813890296034514904e-03 8.224906399846076965e-03 1.812304952181875706e-03 8.979283273220062256e-03 4.352876543998718262e-02 1.256783399730920792e-02 3.536067903041839600e-02 1.170551776885986328e-02 9.353458881378173828e-03 3.113116370514035225e-03 1.523101981729269028e-02 1.821861229836940765e-02 8.082699961960315704e-03 2.024455741047859192e-02 5.602359771728515625e-02 3.905211389064788818e-02 3.937266301363706589e-03 9.694083593785762787e-03 3.237476805225014687e-03 8.235725574195384979e-03 3.554806578904390335e-03 7.559778634458780289e-03 2.210582233965396881e-02 1.658609695732593536e-02 2.399395685642957687e-03 1.422480028122663498e-02 3.243692684918642044e-03 1.495817769318819046e-02 1.005826983600854874e-02 9.567078202962875366e-03 1.559520047158002853e-02 1.132386364042758942e-02 9.880341589450836182e-03 1.806598529219627380e-02 1.280090399086475372e-02 5.182043183594942093e-03 1.692597568035125732e-02 1.115230657160282135e-02 2.439536340534687042e-02 2.915620571002364159e-03 1.927249319851398468e-02 7.873899303376674652e-03 1.864631474018096924e-02 1.034382358193397522e-02 2.466139011085033417e-02 1.410664152354001999e-02 1.317175943404436111e-02 1.633015088737010956e-02
5.759911239147186279e-02 5.938174203038215637e-02 6.282211747020483017e-03 9.713270701467990875e-03 2.226397627964615822e-03 8.598018288612365723e-01 7.496502995491027832e-02 9.174048900604248047e-03 3.253706730902194977e-03 4.209945618640631437e-04 4.516657069325447083e-02 2.929933182895183563e-02 4.156939312815666199e-02 2.992858365178108215e-02 9.960865601897239685e-03 2.436067163944244385e-02 1.280170213431119919e-02 1.674550585448741913e-02 1.472539268434047699e-02 2.607561647891998291e-02 1.840809173882007599e-02 1.372599881142377853e-02 1.709253527224063873e-02 1.984698139131069183e-02 2.854589931666851044e-02 1.951940171420574188e-02 8.777172304689884186e-03 3.646134212613105774e-02 2.317244559526443481e-02 3.754641115665435791e-02 9.099500253796577454e-03 1.414537895470857620e-02 6.976671051234006882e-03 2.020644722506403923e-03 6.515362765640020370e-03 1.285921316593885422e-02 9.096346795558929443e-03 1.149852853268384933e-02 1.334826089441776276e-02 3.401971771381795406e-04 1.684350892901420593e-02 3.967365249991416931e-03 3.147977869957685471e-03 1.655881665647029877e-02 9.198782499879598618e-04 6.016400177031755447e-03 6.367722898721694946e-02 4.928538575768470764e-02 9.474135935306549072e-03 4.381100647151470184e-03 1.544818840920925140e-02 1.103719417005777359e-02 5.848524160683155060e-03 1.547287777066230774e-02 1.398938987404108047e-02 1.133600156754255295e-02 3.500437363982200623e-02 1.500142645090818405e-02 1.385041978210210800e-03 1.212145481258630753e-02 2.003453299403190613e-02 3.784778993576765060e-03 1.619016402401030064e-03 4.850016441196203232e-03 2.175555005669593811e-02 1.857537962496280670e-02 2.096713706851005554e-02 1.559452805668115616e-02 1.663221418857574463e-02 1.293378509581089020e-02 1.195848081260919571e-02 6.905743852257728577e-03 2.346225641667842865e-02 7.091237697750329971e-03 1.205438096076250076e-02 3.334270324558019638e-03 5.227998830378055573e-03 1.809345791116356850e-03 6.554208230227231979e-04 1.373797096312046051e-02 1.275350805371999741e-02 1.489990949630737305e-02 1.290542073547840118e-02 2.126707322895526886e-02 9.047605097293853760e-03 9.670856408774852753e-03 6.382111925631761551e-03 1.617633923888206482e-02 8.971914649009704590e-03 1.971602626144886017e-02 4.705342277884483337e-02 2.070468477904796600e-02 2.615343220531940460e-02 1.600271835923194885e-02 9.917103685438632965e-03 4.676304291933774948e-03 7.978904992341995239e-03 8.954016491770744324e-03 5.834825336933135986e-03 3.821330843493342400e-03 1.185149233788251877e-02 2.267434028908610344e-03 8.112945593893527985e-03 9.008564986288547516e-03 9.916532784700393677e-03 3.793903160840272903e-03 2.566388342529535294e-03 8.331660181283950806e-03 9.827902540564537048e-03 9.188950993120670319e-03 5.169032141566276550e-03 1.179297268390655518e-02 1.444940268993377686e-02 5.850846413522958755e-03 6.460581440478563309e-03 1.118307001888751984e-02
4.709839075803756714e-02 5.883381143212318420e-02 9.585827589035034180e-03 6.835028994828462601e-03 3.765497822314500809e-03 7.496502995491027832e-02 8.598018288612365723e-01 2.472461783327162266e-04 6.202608812600374222e-03 9.938145056366920471e-03 3.468272835016250610e-02 2.984926290810108185e-02 3.517860174179077148e-02 3.717333450913429260e-02 2.348444424569606781e-03 2.331228367984294891e-02 1.319191046059131622e-02 1.248361729085445404e-02 1.874819211661815643e-02 3.273148834705352783e-02 2.966563031077384949e-02 7.763120345771312714e-03 2.156815119087696075e-02 2.639194205403327942e-02 3.150857985019683838e-02 2.536515146493911743e-02 2.496468834578990936e-03 3.068343736231327057e-02 1.940483786165714264e-02 3.440669924020767212e-02 6.900106556713581085e-03 1.389151345938444138e-02 4.176550079137086868e-03 2.170631662011146545e-03 5.845356499776244164e-04 8.256933651864528656e-03 1.255693007260560989e-02 1.462564337998628616e-02 1.063378062099218369e-02 5.682670976966619492e-03 1.613130979239940643e-02 1.345972903072834015e-02 1.968834549188613892e-03 1.912985555827617645e-02 1.111994590610265732e-02 2.975474111735820770e-03 6.528035551309585571e-02 6.541164964437484741e-02 7.402743678539991379e-03 2.527890168130397797e-02 5.165720358490943909e-03 7.751326076686382294e-03 2.159561030566692352e-03 1.551770046353340149e-02 8.514798246324062347e-03 1.838129013776779175e-02 3.201427310705184937e-02 1.678604818880558014e-02 2.802417147904634476e-03 8.185639977455139160e-03 1.465287525206804276e-02 1.248954329639673233e-02 4.925314337015151978e-03 7.449198048561811447e-03 1.423650328069925308e-02 1.043511182069778442e-02 2.425387501716613770e-02 2.289127558469772339e-02 1.168587710708379745e-02 4.932836629450321198e-03 1.849457994103431702e-02 2.421492943540215492e-03 2.371332235634326935e-02 4.134879913181066513e-03 4.201337229460477829e-03 3.087955294176936150e-03 5.240633618086576462e-03 5.613899789750576019e-03 1.294096186757087708e-02 5.841483362019062042e-03 3.495641751214861870e-03 1.047709211707115173e-02 1.536939945071935654e-02 2.661733515560626984e-02 1.158688776195049286e-02 1.328221987932920456e-02 4.653506912291049957e-04 1.062947697937488556e-02 4.987873253412544727e-04 3.129602223634719849e-02 4.255068674683570862e-02 1.650490052998065948e-02 3.642460703849792480e-02 8.661079220473766327e-03 6.645597051829099655e-03 2.154071116819977760e-03 5.931583698838949203e-03 1.478432212024927139e-03 2.234993735328316689e-03 3.518671146593987942e-04 6.493341643363237381e-03 2.984797465614974499e-04 5.605561193078756332e-03 8.632734417915344238e-03 1.080863177776336670e-02 9.479887085035443306e-04 3.571173176169395447e-03 5.026126746088266373e-03 1.032711938023567200e-02 1.467138715088367462e-02 1.980808563530445099e-03 7.407126948237419128e-03 2.630597725510597229e-02 6.073713768273591995e-03 8.245395496487617493e-03 1.469350233674049377e-02
1.555832941085100174e-02 5.702101159840822220e-03 5.050916969776153564e-02 7.472287397831678391e-03 8.432553149759769440e-03 9.174048900604248047e-03 2.472461783327162266e-04 8.598018288612365723e-01 1.438811537809669971e-03 4.414867609739303589e-03 2.564133517444133759e-02 9.340283460915088654e-03 2.429073303937911987e-02 5.775059573352336884e-03 5.077621713280677795e-02 1.522968150675296783e-02 3.359966445714235306e-03 1.180251501500606537e-02 9.822177700698375702e-03 6.711116293445229530e-04 1.206254214048385620e-02 2.863451652228832245e-02 1.014559995383024216e-02 1.344598084688186646e-02 1.584948040544986725e-03 1.508259866386651993e-02 1.661603525280952454e-02 1.590031944215297699e-02 1.285647880285978317e-02 1.459755096584558487e-02 1.879917271435260773e-02 2.132635749876499176e-02 1.874266564846038818e-02 1.940863393247127533e-02 1.428079605102539062e-02 1.589101739227771759e-02 2.506818622350692749e-02 6.235199980437755585e-03 2.084951661527156830e-02 2.451980486512184143e-02 1.629961468279361725e-02 3.873480251058936119e-03 6.937128026038408279e-03 8.729426190257072449e-03 2.694219816476106644e-03 2.795589854940772057e-03 7.758789695799350739e-03 2.555625396780669689e-04 9.572287090122699738e-04 1.478516613133251667e-03 9.196334518492221832e-03 1.274019107222557068e-02 2.659395523369312286e-02 3.086870908737182617e-02 6.324069574475288391e-03 4.048935603350400925e-03 5.542863160371780396e-03 1.677133142948150635e-02 2.749451622366905212e-02 2.996461279690265656e-02 1.895931549370288849e-02 1.314067002385854721e-02 2.047972939908504486e-02 8.162750862538814545e-03 2.670160494744777679e-02 2.614127099514007568e-02 6.151746674731839448e-06 1.064336951822042465e-02 1.724574528634548187e-02 2.260756120085716248e-02 5.587219260632991791e-03 2.376299723982810974e-02 2.780683862511068583e-04 1.978949643671512604e-02 1.126907020807266235e-02 4.385164473205804825e-03 3.167525865137577057e-03 4.749527201056480408e-03 2.006932161748409271e-03 4.045880865305662155e-03 6.269196420907974243e-02 5.189023539423942566e-02 1.302152499556541443e-02 7.670878432691097260e-03 4.042529035359621048e-03 4.494408145546913147e-03 4.905109852552413940e-02 4.265679046511650085e-02 5.881869234144687653e-03 1.170486956834793091e-02 7.232740521430969238e-03 2.478885464370250702e-02 8.638538420200347900e-03 2.973923087120056152e-02 1.802431419491767883e-02 7.121897302567958832e-03 2.470269612967967987e-02 3.809584071859717369e-03 2.660683530848473310e-04 1.522424165159463882e-03 2.634815685451030731e-02 2.238251455128192902e-02 1.220090873539447784e-02 1.897499896585941315e-02 2.278908714652061462e-02 2.833363972604274750e-02 3.007409349083900452e-02 1.926510967314243317e-02 2.387747541069984436e-02 2.212114259600639343e-02 1.485150493681430817e-02 2.334323525428771973e-02 1.407867996022105217e-03 3.644517157226800919e-03 1.786515861749649048e-02 5.939855705946683884e-03
1.108915428631007671e-03 4.202754236757755280e-03 9.778190404176712036e-03 1.558285765349864960e-02 1.424255128949880600e-02 3.253706730902194977e-03 6.202608812600374222e-03 1.438811537809669971e-03 8.598018288612365723e-01 4.519030824303627014e-02 6.179000716656446457e-03 3.209727257490158081e-02 1.211931370198726654e-02 3.477283567190170288e-02 4.215697292238473892e-03 6.089338567107915878e-03 1.563384383916854858e-02 9.264476597309112549e-03 8.299623616039752960e-03 1.699386164546012878e-02 1.144933141767978668e-02 4.263551905751228333e-03 3.926144912838935852e-02 2.982139214873313904e-02 1.478087157011032104e-02 1.137213408946990967e-02 1.267164573073387146e-02 1.073897164314985275e-02 8.947712369263172150e-03 1.147563382983207703e-02 2.486600307747721672e-03 2.159774862229824066e-02 1.790646836161613464e-02 2.422081679105758667e-02 1.472271885722875595e-02 1.157226879149675369e-02 2.305378438904881477e-04 2.039658837020397186e-02 2.958996919915080070e-03 8.580706082284450531e-03 1.685870252549648285e-02 4.271971061825752258e-02 3.320362046360969543e-02 7.565608248114585876e-03 3.567397221922874451e-02 4.316044971346855164e-02 1.583498157560825348e-02 1.035471633076667786e-02 2.295185439288616180e-02 2.026485651731491089e-02 2.402474358677864075e-02 3.412313014268875122e-02 1.183497626334428787e-02 3.366445191204547882e-03 2.615323476493358612e-02 2.922693826258182526e-02 4.466880578547716141e-03 9.231289848685264587e-03 1.990776881575584412e-02 1.140679977834224701e-02 1.224521268159151077e-02 1.593002118170261383e-02 8.900684304535388947e-03 1.660932973027229309e-02 1.328439079225063324e-02 6.829668302088975906e-03 2.303676307201385498e-02 2.064871974289417267e-02 3.225667774677276611e-02 2.792510786093771458e-04 4.138655215501785278e-02 1.081792730838060379e-02 1.633745618164539337e-02 1.541564799845218658e-02 5.349103827029466629e-03 2.350896224379539490e-02 5.862608551979064941e-02 5.263203755021095276e-02 2.828116342425346375e-02 4.508855566382408142e-02 3.728600451722741127e-03 3.432079916819930077e-03 1.542156748473644257e-02 5.269041866995394230e-04 1.191439758986234665e-02 1.375347375869750977e-02 4.994402173906564713e-03 3.800804959610104561e-03 2.563718706369400024e-02 3.482145816087722778e-02 9.802884887903928757e-04 6.838615983724594116e-03 1.948889344930648804e-03 1.187277399003505707e-02 7.377981673926115036e-04 2.257974632084369659e-02 1.359822135418653488e-02 2.796287089586257935e-02 5.607403069734573364e-02 5.190105363726615906e-02 1.187866646796464920e-02 1.952689513564109802e-02 1.061050966382026672e-02 1.765987277030944824e-02 2.687589265406131744e-03 1.697127893567085266e-02 3.611473075579851866e-04 1.301651913672685623e-02 1.032536942511796951e-02 3.437312785536050797e-03 7.620865944772958755e-03 8.881937712430953979e-03 2.175341919064521790e-02 3.915045782923698425e-02 6.233719614101573825e-05 1.500770915299654007e-02
3.149970201775431633e-03 1.647103810682892799e-03 3.612568601965904236e-03 1.486205402761697769e-02 1.190479937940835953e-02 4.209945618640631437e-04 9.938145056366920471e-03 4.414867609739303589e-03 4.519030824303627014e-02 8.598018288612365723e-01 5.183470901101827621e-03 2.706187032163143158e-02 1.271529309451580048e-02 3.294895216822624207e-02 6.883835420012474060e-03 2.434917259961366653e-03 8.099719882011413574e-03 1.185830216854810715e-03 1.669321767985820770e-02 1.554027665406465530e-02 8.925213478505611420e-03 3.070213831961154938e-03 3.639008477330207825e-02 3.608343005180358887e-02 8.133534342050552368e-03 1.313587184995412827e-02 2.077694609761238098e-02 5.536863580346107483e-03 1.657936349511146545e-02 6.907481234520673752e-03 9.242362342774868011e-03 1.423907745629549026e-02 1.382790040224790573e-02 2.576582320034503937e-02 1.509163435548543930e-02 8.942260406911373138e-03 2.476794878020882607e-03 1.917241141200065613e-02 1.628387905657291412e-02 4.037492442876100540e-03 1.329276803880929947e-02 3.965730592608451843e-02 4.184599220752716064e-02 8.152963593602180481e-03 4.365519061684608459e-02 4.000678658485412598e-02 1.577340438961982727e-02 1.981599070131778717e-02 2.364951185882091522e-02 3.727464005351066589e-02 1.808496564626693726e-02 2.609484829008579254e-02 5.728200078010559082e-03 8.474470814689993858e-04 1.330547966063022614e-02 3.392465412616729736e-02 2.026611473411321640e-03 7.053417153656482697e-03 1.119935512542724609e-02 9.283773601055145264e-03 3.806396562140434980e-04 1.581572555005550385e-02 9.492486715316772461e-03 2.400660887360572815e-02 1.017345860600471497e-02 6.994199939072132111e-03 1.697136089205741882e-02 1.415775157511234283e-02 2.953916601836681366e-02 8.111950010061264038e-03 4.576166719198226929e-02 1.144949905574321747e-02 1.763456873595714569e-02 2.025127224624156952e-02 3.132451325654983521e-03 2.813502959907054901e-02 4.669489711523056030e-02 5.827813595533370972e-02 4.774900153279304504e-02 4.303580150008201599e-02 8.735965006053447723e-03 7.452947553247213364e-03 1.035158708691596985e-02 3.251709509640932083e-03 2.912710793316364288e-02 2.568193711340427399e-02 5.127248005010187626e-04 3.816313110291957855e-03 2.955271303653717041e-02 3.687556087970733643e-02 7.707311306148767471e-03 5.009750369936227798e-03 1.591558940708637238e-02 1.189441327005624771e-02 1.482410822063684464e-03 2.228611521422863007e-02 1.773369684815406799e-02 3.043804503977298737e-02 4.339538514614105225e-02 4.711018130183219910e-02 4.747961182147264481e-03 1.531633920967578888e-02 1.019065361469984055e-02 2.097474038600921631e-02 1.417478546500205994e-02 1.001758128404617310e-02 3.835045732557773590e-03 9.296656586229801178e-03 3.389292163774371147e-03 6.868517491966485977e-03 9.935081005096435547e-03 1.002661325037479401e-02 2.437083423137664795e-02 3.728447854518890381e-02 2.568907337263226509e-03 2.329814806580543518e-02
5.403325706720352173e-02 4.594726487994194031e-02 1.365066319704055786e-02 5.818005185574293137e-03 9.756634943187236786e-03 4.516657069325447083e-02 3.468272835016250610e-02 2.564133517444133759e-02 6.179000716656446457e-03 5.183470901101827621e-03 8.598018288612365723e-01 2.698777057230472565e-02 5.240383744239807129e-02 2.292418479919433594e-02 3.549632802605628967e-02 2.207617461681365967e-02 9.453291073441505432e-03 7.349775638431310654e-03 1.219354104250669479e-03 1.842752099037170410e-02 2.041765861213207245e-02 3.073473647236824036e-02 1.821932196617126465e-02 2.029391378164291382e-02 2.278918400406837463e-02 2.441637590527534485e-02 1.819480583071708679e-02 3.281163424253463745e-02 3.262041509151458740e-02 3.371160477399826050e-02 2.469766885042190552e-02 1.880401372909545898e-02 1.449462212622165680e-02 3.996612038463354111e-03 1.093401852995157242e-02 1.647617854177951813e-02 1.459073927253484726e-02 1.099094934761524200e-02 1.206951122730970383e-02 4.802898969501256943e-03 2.069672569632530212e-02 9.514668025076389313e-03 1.341029349714517593e-02 2.298329491168260574e-03 5.646585486829280853e-03 4.346299450844526291e-03 3.221037238836288452e-02 2.174574322998523712e-02 2.218800969421863556e-02 2.599784405902028084e-03 2.195241674780845642e-02 2.144265547394752502e-02 1.762637868523597717e-02 1.587322540581226349e-02 2.292958274483680725e-02 1.076310127973556519e-02 3.233010321855545044e-02 2.362030930817127228e-02 8.437471464276313782e-03 1.498389802873134613e-02 1.480542868375778198e-02 8.366039255633950233e-04 1.241526380181312561e-02 1.141875400207936764e-03 3.447651490569114685e-02 2.640555426478385925e-02 1.820049062371253967e-02 1.710768789052963257e-02 1.657168380916118622e-02 3.220727667212486267e-02 8.507455699145793915e-03 2.541177906095981598e-02 7.353043183684349060e-03 1.898686401546001434e-02 1.291217096149921417e-02 3.047725651413202286e-03 9.008030407130718231e-03 8.046444418141618371e-05 9.285079315304756165e-03 1.736988080665469170e-03 2.701913565397262573e-02 2.952655963599681854e-02 6.081245373934507370e-03 1.330980751663446426e-02 1.062516309320926666e-02 1.559880841523408890e-02 3.023795410990715027e-02 3.071045130491256714e-02 1.221817079931497574e-02 7.929335348308086395e-03 2.424130029976367950e-02 3.568840026855468750e-02 1.028005219995975494e-02 3.121236152946949005e-02 1.483870577067136765e-02 1.303544035181403160e-03 1.837635040283203125e-02 8.115599863231182098e-03 2.786020748317241669e-03 3.265221836045384407e-03 1.498463004827499390e-02 3.682184731587767601e-03 1.940657570958137512e-02 1.300519984215497971e-02 2.178762108087539673e-02 1.160315796732902527e-02 6.396618671715259552e-03 2.591908536851406097e-02 3.498016623780131340e-03 5.603512283414602280e-03 1.711744442582130432e-02 1.455464493483304977e-02 1.600330695509910583e-02 7.717094384133815765e-03 1.872439309954643250e-02 1.188758946955204010e-02
2.499490976333618164e-02 2.457380108535289764e-02 9.443903341889381409e-03 6.171810440719127655e-03 1.275626569986343384e-02 2.929933182895183563e-02 2.984926290810108185e-02 9.340283460915088654e-03 3.209727257490158081e-02 2.706187032163143158e-02 2.698777057230472565e-02 8.598018288612365723e-01 2.581581845879554749e-02 5.042970553040504456e-02 1.605198532342910767e-02 1.261601038277149200e-02 1.653517782688140869e-02 8.992274291813373566e-03 5.162459798157215118e-03 2.394320815801620483e-02 1.992505230009555817e-02 1.567461341619491577e-02 4.021835699677467346e-02 3.592873737215995789e-02 2.287595160305500031e-02 1.931101083755493164e-02 1.030271500349044800e-02 3.424085676670074463e-02 1.610756106674671173e-02 3.675733134150505066e-02 1.293790806084871292e-02 2.198032848536968231e-02 1.977774128317832947e-02 1.092819496989250183e-02 1.344505418092012405e-02 1.452189963310956955e-02 1.479095127433538437e-02 1.891491562128067017e-02 4.877137020230293274e-03 5.322857759892940521e-03 2.180855348706245422e-02 3.569246828556060791e-02 2.544880844652652740e-02 6.114611867815256119e-03 4.201031848788261414e-02 3.457360714673995972e-02 3.496658802032470703e-02 2.789763547480106354e-02 2.307313866913318634e-02 1.454598922282457352e-02 2.880890108644962311e-02 3.294225409626960754e-02 1.359188277274370193e-02 9.717805311083793640e-03 2.613002993166446686e-02 1.871160790324211121e-02 1.996810548007488251e-02 2.407075092196464539e-02 1.120777335017919540e-02 8.628240786492824554e-03 1.980208605527877808e-02 2.541377209126949310e-03 7.392241153866052628e-03 6.585432216525077820e-03 1.759656704962253571e-02 1.147531345486640930e-02 2.515316940844058990e-02 2.396616339683532715e-02 2.590184472501277924e-02 7.789197843521833420e-03 3.002247400581836700e-02 1.544882077723741531e-02 4.239962436258792877e-03 1.048930268734693527e-02 1.252743788063526154e-02 1.237102318555116653e-02 3.293428197503089905e-02 3.053345158696174622e-02 3.876244276762008667e-02 2.254475094377994537e-02 8.329167962074279785e-03 7.761783897876739502e-03 4.784445278346538544e-03 1.057268120348453522e-02 2.071546949446201324e-02 1.918094418942928314e-02 1.114042755216360092e-02 1.511945016682147980e-02 2.811354212462902069e-02 3.548237308859825134e-02 1.181926392018795013e-02 1.276080217212438583e-02 1.793996617197990417e-02 1.878759451210498810e-02 7.721168920397758484e-03 1.137558184564113617e-02 1.387059967964887619e-02 9.149716235697269440e-03 2.896717377007007599e-02 2.954089269042015076e-02 1.221396774053573608e-02 9.489730931818485260e-03 1.403364911675453186e-02 1.657165586948394775e-02 1.434373110532760620e-02 1.095238141715526581e-02 9.354022768093273044e-05 1.866415888071060181e-02 6.095401477068662643e-04 4.287898074835538864e-03 1.049252692610025406e-02 1.495497860014438629e-02 3.527399152517318726e-02 2.622848376631736755e-02 6.018997170031070709e-03 1.898629404604434967e-02
4.472706839442253113e-02 4.687943682074546814e-02 1.709922403097152710e-02 1.113784871995449066e-02 1.202724967151880264e-02 4.156939312815666199e-02 3.517860174179077148e-02 2.429073303937911987e-02 1.211931370198726654e-02 1.271529309451580048e-02 5.240383744239807129e-02 2.581581845879554749e-02 8.598018288612365723e-01 2.577009797096252441e-02 3.925353661179542542e-02 1.794577017426490784e-02 1.027861330658197403e-02 8.411257527768611908e-03 5.216242279857397079e-03 1.923996396362781525e-02 2.261169068515300751e-02 2.817527018487453461e-02 1.936243288218975067e-02 2.122863382101058960e-02 2.029503323137760162e-02 2.595457620918750763e-02 1.794412732124328613e-02 2.961260825395584106e-02 2.985926344990730286e-02 3.234800323843955994e-02 2.331534586846828461e-02 2.166848070919513702e-02 1.201318856328725815e-02 1.304520200937986374e-02 8.426367305219173431e-03 2.000045217573642731e-02 1.550609990954399109e-02 5.964362062513828278e-03 9.431646205484867096e-03 7.506635505706071854e-03 1.672133989632129669e-02 1.118082832545042038e-02 1.513678953051567078e-02 6.340214051306247711e-03 7.195822428911924362e-03 7.337804883718490601e-03 3.598219528794288635e-02 2.469923906028270721e-02 2.480688691139221191e-02 4.305689595639705658e-03 1.682716980576515198e-02 2.078282460570335388e-02 1.982284896075725555e-02 1.741348020732402802e-02 2.649939432740211487e-02 1.966902054846286774e-02 2.451295778155326843e-02 2.536259219050407410e-02 1.344810705631971359e-02 1.600923761725425720e-02 1.539715752005577087e-02 2.133019035682082176e-03 1.247505657374858856e-02 4.459739662706851959e-03 3.364418819546699524e-02 2.694928459823131561e-02 2.239936962723731995e-02 2.003171667456626892e-02 2.164267748594284058e-02 2.750239893794059753e-02 1.688455045223236084e-02 2.097548544406890869e-02 1.167446491308510303e-03 1.897402107715606689e-02 1.220772042870521545e-02 6.762043107300996780e-03 1.418752036988735199e-02 6.299299653619527817e-03 6.356098689138889313e-03 2.353165065869688988e-03 2.559408918023109436e-02 3.181116655468940735e-02 9.645880199968814850e-03 8.754514157772064209e-03 1.254351809620857239e-02 1.255314331501722336e-02 2.916879020631313324e-02 3.377173468470573425e-02 1.418630033731460571e-02 1.516865193843841553e-02 2.166322059929370880e-02 3.108132816851139069e-02 1.316095702350139618e-02 3.093726374208927155e-02 1.390925142914056778e-02 7.992397993803024292e-03 2.009418979287147522e-02 9.297285578213632107e-05 6.006180774420499802e-03 5.849488079547882080e-03 1.819156669080257416e-02 9.950764477252960205e-03 1.819657906889915466e-02 1.710973680019378662e-02 1.589380390942096710e-02 1.217986270785331726e-02 7.813457399606704712e-03 2.328075282275676727e-02 3.961995244026184082e-04 4.512303043156862259e-03 1.617424562573432922e-02 1.829946041107177734e-02 1.458414550870656967e-02 6.468062289059162140e-03 1.923467032611370087e-02 1.464572269469499588e-02
