8.380753993988037109e-01 5.975164100527763367e-02 1.245431881397962570e-02 1.440057647414505482e-03 6.342231296002864838e-03 4.485572129487991333e-02 3.471807390451431274e-02 2.473553828895092010e-02 9.063006378710269928e-03 3.852396737784147263e-03 5.728282406926155090e-02 1.964922994375228882e-02 4.389294236898422241e-02 1.600525155663490295e-02 2.734985388815402985e-02 1.160070113837718964e-02 2.216997556388378143e-02 2.572599425911903381e-02 1.613646186888217926e-02 8.654782548546791077e-03 2.951984060928225517e-03 2.613390237092971802e-02 7.308406755328178406e-03 2.711749868467450142e-03 6.404457148164510727e-03 7.471527904272079468e-03 2.590312995016574860e-02 1.198591757565736771e-02 4.039174690842628479e-02 2.301975153386592865e-03 2.452478557825088501e-02 1.731843454763293266e-03 9.849401190876960754e-03 1.394523493945598602e-02 4.088422749191522598e-03 1.072057522833347321e-02 1.463962532579898834e-02 3.507793694734573364e-02 2.404061518609523773e-02 2.010831981897354126e-02 3.558281064033508301e-02 2.670496329665184021e-02 2.177157625555992126e-02 7.071469910442829132e-03 1.616858877241611481e-02 6.079541984945535660e-03 3.660490363836288452e-02 2.574611455202102661e-02 4.027133341878652573e-03 1.327976305037736893e-02 1.652993261814117432e-02 7.232342381030321121e-03 3.046879312023520470e-03 1.185987796634435654e-02 1.640527695417404175e-02 2.656422788277268410e-03 4.155703820288181305e-03 6.979257799685001373e-03 4.321931395679712296e-03 4.599930718541145325e-03 2.061742823570966721e-03 7.939107716083526611e-03 7.290273439139127731e-03 6.940765772014856339e-03 2.462954632937908173e-02 2.436256967484951019e-02 2.619477920234203339e-02 1.968589052557945251e-02 7.941522635519504547e-03 1.955757103860378265e-02 2.338991314172744751e-02 2.980828098952770233e-02 2.986870473250746727e-03 1.593015901744365692e-02 7.066883263178169727e-04 3.199827298521995544e-02 3.188544884324073792e-03 6.161992903798818588e-03 4.599794279783964157e-03 1.259091217070817947e-02 2.157772704958915710e-02 5.174050573259592056e-03 2.066886425018310547e-02 1.411264762282371521e-02 1.411707140505313873e-02 6.947641260921955109e-03 3.528849780559539795e-02 2.479403093457221985e-02 1.407156512141227722e-02 1.233261916786432266e-02 3.481547534465789795e-02 3.198387473821640015e-02 2.024926058948040009e-02 3.632318601012229919e-02 1.486977934837341309e-02 2.342306263744831085e-02 5.380732181947678328e-05 1.672900654375553131e-02 2.497569657862186432e-02 2.033917978405952454e-02 2.603008877485990524e-03 3.969237208366394043e-03 9.051269851624965668e-03 1.267099007964134216e-02 6.316979881376028061e-03 1.764720864593982697e-02 9.603613987565040588e-03 2.692938549444079399e-03 9.935921058058738708e-03 5.049528088420629501e-03 6.401049438863992691e-03 2.541281282901763916e-02 3.104109875857830048e-02 3.196345642209053040e-02 3.381458669900894165e-02 8.578250184655189514e-03
5.975164100527763367e-02 8.380753993988037109e-01 1.437927503138780594e-02 2.503202296793460846e-03 3.028284059837460518e-03 4.458020254969596863e-02 4.350493848323822021e-02 2.167761325836181641e-02 6.576163228601217270e-03 5.175055935978889465e-03 5.209138244390487671e-02 2.657330222427845001e-02 5.094227567315101624e-02 2.998617291450500488e-02 2.371082827448844910e-02 1.811306737363338470e-02 2.718740142881870270e-02 1.248137559741735458e-02 3.559308126568794250e-03 5.468870513141155243e-03 4.959290381520986557e-03 2.718084119260311127e-02 2.072960324585437775e-02 1.906198635697364807e-02 1.226831041276454926e-02 1.533738337457180023e-02 2.402056008577346802e-02 7.005781517364084721e-04 4.691471531987190247e-02 6.806676276028156281e-03 3.348077461123466492e-02 5.133430822752416134e-04 7.027237676084041595e-03 1.590447500348091125e-02 1.487142755649983883e-03 2.589696785435080528e-03 1.377967558801174164e-02 2.567006275057792664e-02 7.905566133558750153e-03 1.916162291308864951e-04 2.462518773972988129e-02 2.332860417664051056e-02 2.259274013340473175e-02 1.748727820813655853e-02 3.247896209359169006e-02 1.828649081289768219e-02 4.453328996896743774e-02 4.042721912264823914e-02 9.834372438490390778e-03 5.677792709320783615e-03 1.934412308037281036e-02 9.506452828645706177e-03 5.878810305148363113e-03 2.091834321618080139e-02 1.054889801889657974e-02 8.968794718384742737e-03 6.890102755278348923e-03 9.834623895585536957e-03 2.023759298026561737e-04 1.531020831316709518e-02 3.368454053997993469e-03 1.919145230203866959e-03 7.940297946333885193e-03 9.529151953756809235e-03 2.977768518030643463e-02 3.621144592761993408e-02 2.510040812194347382e-02 1.780696213245391846e-02 2.515972591936588287e-03 1.803812757134437561e-02 8.490037173032760620e-03 2.576046623289585114e-02 1.075777318328619003e-02 1.486882101744413376e-02 9.481461718678474426e-03 2.365710958838462830e-02 2.447217237204313278e-03 4.369950853288173676e-03 4.229180049151182175e-03 1.819129101932048798e-02 1.591321639716625214e-02 1.432210323400795460e-03 1.303908135741949081e-02 6.323159672319889069e-03 8.202459663152694702e-03 1.437545404769480228e-03 2.919324114918708801e-02 2.827071957290172577e-02 9.799702093005180359e-03 2.003155648708343506e-03 4.594339802861213684e-02 2.421376667916774750e-02 3.584189713001251221e-02 3.367337211966514587e-02 1.549798436462879181e-02 1.925474405288696289e-02 7.394620683044195175e-03 4.253315273672342300e-03 2.526854537427425385e-02 2.752505801618099213e-02 1.059012487530708313e-02 5.489859264343976974e-03 1.595440693199634552e-02 1.474095694720745087e-02 4.772422369569540024e-03 1.734608598053455353e-02 1.202690042555332184e-02 5.907109472900629044e-03 1.974464207887649536e-02 7.907330989837646484e-03 1.061967760324478149e-02 2.796658873558044434e-02 2.866118960082530975e-02 3.294080868363380432e-02 2.009465359151363373e-02 9.724847041070461273e-03
1.245431881397962570e-02 1.437927503138780594e-02 8.380753993988037109e-01 3.351590782403945923e-02 2.831419371068477631e-02 2.017934620380401611e-02 2.807565964758396149e-02 4.251693934202194214e-02 1.123458798974752426e-02 6.821622140705585480e-03 1.768450625240802765e-02 1.163481647381559014e-04 2.728671580553054810e-02 6.889661308377981186e-04 4.036654904484748840e-02 5.130118224769830704e-03 2.279621735215187073e-02 1.450729463249444962e-02 1.480794046074151993e-02 7.477489765733480453e-03 1.743559725582599640e-02 2.911356650292873383e-02 6.909939926117658615e-03 1.749790087342262268e-02 6.872197613120079041e-03 1.479078829288482666e-02 2.788733690977096558e-02 9.223797358572483063e-03 1.964484341442584991e-02 2.773662284016609192e-02 1.974147558212280273e-02 1.114789163693785667e-03 8.663040585815906525e-03 4.244733136147260666e-03 5.574302282184362411e-03 1.143907662481069565e-02 8.289088495075702667e-03 1.190257351845502853e-02 2.112312987446784973e-02 2.183943241834640503e-02 8.664809865877032280e-04 6.284692324697971344e-03 1.037627272307872772e-02 7.915278896689414978e-03 1.892835274338722229e-02 2.096381038427352905e-02 2.558207511901855469e-02 2.772716619074344635e-02 1.320561766624450684e-02 1.390287280082702637e-02 3.689319361001253128e-03 8.006982505321502686e-03 1.053630001842975616e-02 1.661146059632301331e-02 8.762076497077941895e-03 3.147442126646637917e-03 8.897390216588973999e-03 1.472525950521230698e-02 3.404225280974060297e-04 5.728335119783878326e-03 4.397115670144557953e-03 2.696815179660916328e-03 4.555361345410346985e-03 6.820928771048784256e-03 2.095515467226505280e-02 1.487404573708772659e-02 4.144238308072090149e-03 5.085270851850509644e-03 1.775750890374183655e-02 2.065696939826011658e-02 9.642273187637329102e-03 2.840826660394668579e-02 1.334838289767503738e-02 1.521926186978816986e-02 1.610108651220798492e-02 3.483610227704048157e-02 3.260121215134859085e-03 2.240906702354550362e-03 2.755826897919178009e-02 4.772230051457881927e-03 3.600076213479042053e-02 3.378498926758766174e-02 2.375153265893459320e-02 1.474491506814956665e-02 2.490136772394180298e-03 1.261962391436100006e-02 2.575498819351196289e-02 3.221774846315383911e-02 1.564681529998779297e-02 9.323596023023128510e-03 1.881521008908748627e-02 1.945153065025806427e-02 1.415333524346351624e-02 2.371761761605739594e-02 2.036660443991422653e-03 1.212237123399972916e-02 1.155332755297422409e-02 2.635040879249572754e-02 2.326289750635623932e-02 6.790661253035068512e-03 2.274746261537075043e-02 1.446378231048583984e-02 2.417205832898616791e-02 2.881326898932456970e-02 5.995380226522684097e-03 2.352157793939113617e-02 8.533064275979995728e-03 1.224614493548870087e-02 1.082360278815031052e-02 9.041028097271919250e-03 1.135217212140560150e-02 2.007179148495197296e-02 2.151741180568933487e-03 9.849297814071178436e-03 6.668087095022201538e-03 1.286944653838872910e-02
1.440057647414505482e-03 2.503202296793460846e-03 3.351590782403945923e-02 8.380753993988037109e-01 7.303369790315628052e-02 6.870431359857320786e-03 6.299482658505439758e-03 2.130541764199733734e-02 3.198857232928276062e-02 3.372505307197570801e-02 9.526251815259456635e-03 2.232830226421356201e-02 4.729681648313999176e-03 1.877516508102416992e-02 2.248034812510013580e-02 5.292885005474090576e-03 6.639196071773767471e-03 2.009777911007404327e-02 1.595166698098182678e-02 6.942605134099721909e-03 7.121437229216098785e-03 2.216202579438686371e-02 2.558966865763068199e-03 1.018779817968606949e-02 3.654051572084426880e-03 8.538009715266525745e-04 1.777570880949497223e-02 2.230671420693397522e-02 1.080508157610893250e-02 3.356489911675453186e-02 6.913437973707914352e-03 1.261953357607126236e-02 1.811736728996038437e-03 1.437766011804342270e-02 1.030977722257375717e-02 8.884205482900142670e-03 4.157624789513647556e-04 2.925996202975511551e-03 2.820041216909885406e-02 2.065462060272693634e-02 5.810534115880727768e-03 1.889398321509361267e-03 4.779892973601818085e-03 1.099878270179033279e-02 2.094702422618865967e-02 7.279789075255393982e-03 4.388458561152219772e-03 5.282535683363676071e-03 1.690590754151344299e-02 2.267802879214286804e-02 2.185981720685958862e-02 2.042942121624946594e-02 5.137185100466012955e-03 3.943770425394177437e-04 8.273871615529060364e-03 1.677832566201686859e-03 2.615883760154247284e-02 1.248861383646726608e-02 9.545693174004554749e-03 1.016770116984844208e-02 3.878880525007843971e-03 3.699947614222764969e-03 2.859883941709995270e-02 1.222886610776185989e-02 1.126463711261749268e-02 3.562322119250893593e-03 1.407326478511095047e-02 6.339243613183498383e-03 7.854904979467391968e-03 1.044394448399543762e-02 1.567595824599266052e-02 1.848600455559790134e-03 6.126720830798149109e-02 8.414516225457191467e-03 6.517303735017776489e-02 3.450298449024558067e-03 1.789417862892150879e-02 1.881382055580615997e-02 9.304332546889781952e-03 7.152959704399108887e-03 2.683155983686447144e-02 7.648980710655450821e-03 5.477798730134963989e-02 3.772568702697753906e-02 9.550650604069232941e-03 2.302542328834533691e-02 2.077265642583370209e-02 1.682587526738643646e-02 3.605752065777778625e-02 1.278359629213809967e-02 3.108264179900288582e-03 2.409451454877853394e-02 2.797044347971677780e-03 1.326155662536621094e-02 5.862402264028787613e-03 5.202003754675388336e-03 6.953814998269081116e-03 1.015735883265733719e-02 2.128612063825130463e-02 3.422256791964173317e-03 1.897612772881984711e-02 2.649789862334728241e-02 1.313079800456762314e-02 7.993536069989204407e-03 1.929921843111515045e-02 5.239360500127077103e-03 1.894984766840934753e-02 1.157851656898856163e-04 2.998328022658824921e-02 1.494192704558372498e-02 2.715838700532913208e-02 6.242118775844573975e-03 1.468455605208873749e-02 5.271590780466794968e-03 6.474837195128202438e-03 9.258248843252658844e-03
6.342231296002864838e-03 3.028284059837460518e-03 2.831419371068477631e-02 7.303369790315628052e-02 8.380753993988037109e-01 3.438824554905295372e-03 8.117309771478176117e-03 2.387020736932754517e-02 4.265852272510528564e-02 2.106368727982044220e-02 1.661780849099159241e-02 1.980190910398960114e-02 4.952470306307077408e-03 2.673957869410514832e-02 2.151614613831043243e-02 9.260880760848522186e-03 5.733167752623558044e-03 8.379038772545754910e-04 2.071772934868931770e-03 1.653430797159671783e-02 1.664960756897926331e-02 1.869016513228416443e-02 5.690837744623422623e-03 1.184139749966561794e-03 5.814605858176946640e-03 8.024300041142851114e-05 1.057945098727941513e-02 2.477662824094295502e-02 1.500022411346435547e-02 4.330397024750709534e-02 3.538382938131690025e-03 2.514564432203769684e-02 1.229132805019617081e-02 2.050033397972583771e-02 2.536157611757516861e-03 1.205146871507167816e-02 1.842970028519630432e-03 7.719764951616525650e-03 2.392804995179176331e-02 2.546070702373981476e-02 4.720383731182664633e-04 8.349047973752021790e-03 1.639409735798835754e-02 1.229084841907024384e-02 2.042807079851627350e-02 2.746143378317356110e-02 3.539624158293008804e-03 8.882642723619937897e-03 2.213669568300247192e-02 2.819596789777278900e-02 7.998762652277946472e-03 1.698980107903480530e-02 9.966179728507995605e-03 4.644512198865413666e-03 1.659808307886123657e-02 1.376718375831842422e-02 1.189487893134355545e-02 2.503866516053676605e-02 1.521600410342216492e-02 1.121066696941852570e-02 1.340253371745347977e-02 1.016006991267204285e-02 1.817397028207778931e-02 1.614710874855518341e-02 2.118260413408279419e-02 2.010688418522477150e-03 1.779306121170520782e-02 2.084366977214813232e-02 4.332032520323991776e-03 3.327075624838471413e-03 2.396593987941741943e-02 2.836022060364484787e-03 4.550719261169433594e-02 1.394479256123304367e-02 6.155453994870185852e-02 1.457244507037103176e-03 3.038666583597660065e-02 2.248992212116718292e-03 1.172696892172098160e-02 7.527546957135200500e-03 2.749185450375080109e-02 1.714354567229747772e-02 3.257378563284873962e-02 2.317638136446475983e-02 2.024529129266738892e-02 2.220283634960651398e-02 3.003120794892311096e-02 2.146668918430805206e-02 2.996204420924186707e-02 2.771679311990737915e-02 2.487488323822617531e-03 2.310890145599842072e-02 5.461040884256362915e-03 1.983638480305671692e-02 5.697850603610277176e-03 1.352399121969938278e-02 3.857845440506935120e-03 1.392918732017278671e-02 2.662844024598598480e-02 2.367171982768923044e-04 2.126026712357997894e-02 1.137895882129669189e-02 1.148548163473606110e-02 1.478647068142890930e-02 1.430485583841800690e-02 4.085673950612545013e-03 1.753561198711395264e-02 7.961722090840339661e-03 2.126534283161163330e-02 1.691520586609840393e-02 2.420174516737461090e-02 1.867642626166343689e-02 1.732189394533634186e-02 1.543798949569463730e-02 2.993006259202957153e-03 1.799540594220161438e-02
4.485572129487991333e-02 4.458020254969596863e-02 2.017934620380401611e-02 6.870431359857320786e-03 3.438824554905295372e-03 8.380753993988037109e-01 5.693290755152702332e-02 2.505928650498390198e-02 1.315410342067480087e-02 1.068169344216585159e-02 4.578587040305137634e-02 3.622059524059295654e-02 4.518982023000717163e-02 3.267018869519233704e-02 2.155746705830097198e-02 6.038842722773551941e-03 1.276495866477489471e-02 3.581722965463995934e-03 2.216614084318280220e-03 1.868654042482376099e-02 7.517580408602952957e-03 1.932131312787532806e-02 7.083051372319459915e-03 3.297002986073493958e-03 5.456189624965190887e-03 1.236217748373746872e-02 2.048554271459579468e-02 1.763743162155151367e-02 4.471882060170173645e-02 6.906580645591020584e-03 4.367398098111152649e-02 1.914328709244728088e-02 1.256283838301897049e-02 4.756019916385412216e-04 1.350349932909011841e-02 1.214577630162239075e-02 2.906261244788765907e-03 2.692790143191814423e-02 9.719421155750751495e-03 1.260789763182401657e-02 3.060259670019149780e-02 2.237602323293685913e-02 3.540330380201339722e-02 1.071632280945777893e-02 2.423576638102531433e-02 1.430244371294975281e-02 5.477793514728546143e-02 4.571424052119255066e-02 3.335902094841003418e-02 3.882836550474166870e-03 3.765428811311721802e-02 3.850069642066955566e-02 8.524977602064609528e-03 8.677087724208831787e-03 7.868922315537929535e-03 5.339492112398147583e-03 5.109429548610933125e-05 1.015512924641370773e-02 1.408426277339458466e-02 9.433923405595123768e-04 1.524317637085914612e-02 9.240902960300445557e-03 8.778172545135021210e-03 5.152736324816942215e-03 2.248528599739074707e-02 3.456212580204010010e-02 8.307158015668392181e-03 9.009457193315029144e-03 7.566589862108230591e-03 2.496680617332458496e-02 1.198953948915004730e-03 2.327019348740577698e-02 1.556240580976009369e-02 1.767361350357532501e-02 7.167557254433631897e-03 2.386199124157428741e-02 3.498896490782499313e-03 1.706843264400959015e-03 2.182274311780929565e-02 2.323293127119541168e-02 2.433031424880027771e-02 7.940521463751792908e-03 9.136904031038284302e-03 7.307394873350858688e-03 3.220504149794578552e-03 5.441961344331502914e-03 2.433231100440025330e-02 2.788895368576049805e-02 5.439743399620056152e-03 1.041296217590570450e-02 4.713818430900573730e-02 2.389606274664402008e-02 3.716392070055007935e-02 2.436617016792297363e-02 2.907221019268035889e-02 3.224688023328781128e-02 5.654977168887853622e-03 1.024265959858894348e-02 2.240276895463466644e-02 2.445603348314762115e-02 1.076671481132507324e-02 1.386296004056930542e-02 1.504494901746511459e-02 1.307792123407125473e-02 4.682657308876514435e-03 2.431246102787554264e-04 5.318185780197381973e-03 1.592161506414413452e-02 2.425793185830116272e-02 1.451038382947444916e-02 8.556878194212913513e-03 1.817918941378593445e-02 2.942451462149620056e-02 3.781878203153610229e-02 6.004819646477699280e-03 1.402394264005124569e-03
3.471807390451431274e-02 4.350493848323822021e-02 2.807565964758396149e-02 6.299482658505439758e-03 8.117309771478176117e-03 5.693290755152702332e-02 8.380753993988037109e-01 2.156536281108856201e-02 1.982313767075538635e-02 3.375048749148845673e-03 3.800492361187934875e-02 2.932540886104106903e-02 4.742485284805297852e-02 3.717641159892082214e-02 1.625754311680793762e-02 1.182657433673739433e-03 1.523010525852441788e-02 3.434291807934641838e-03 2.665166044607758522e-03 2.193801663815975189e-02 9.660274721682071686e-03 1.689115725457668304e-02 3.688038093969225883e-03 5.975820589810609818e-03 5.619725212454795837e-03 1.523717306554317474e-02 2.106326632201671600e-02 1.149901375174522400e-02 4.281999170780181885e-02 6.182417739182710648e-03 4.209892451763153076e-02 2.122536487877368927e-02 1.442462205886840820e-02 1.377298729494214058e-03 1.577145792543888092e-02 2.103062532842159271e-02 2.880849177017807961e-03 2.251535467803478241e-02 1.367763523012399673e-02 1.189936231821775436e-02 1.991371251642704010e-02 1.521728932857513428e-02 3.340267762541770935e-02 6.485896650701761246e-03 2.004426904022693634e-02 1.920480839908123016e-02 5.631678178906440735e-02 5.787100642919540405e-02 3.911236301064491272e-02 1.212282339110970497e-03 3.360041230916976929e-02 2.948209643363952637e-02 1.251888461410999298e-02 6.737426854670047760e-03 1.224862691015005112e-02 2.622059080749750137e-03 4.011100158095359802e-03 1.995915174484252930e-02 1.586074568331241608e-02 7.739621214568614960e-04 1.390865258872509003e-02 9.548810310661792755e-03 1.061625033617019653e-02 8.842918090522289276e-03 1.801620423793792725e-02 3.579342737793922424e-02 1.252682995982468128e-03 8.273735875263810158e-04 1.005777623504400253e-02 2.780504897236824036e-02 9.831047616899013519e-03 2.048837020993232727e-02 1.020382903516292572e-02 2.535292506217956543e-02 5.328791681677103043e-03 1.960530132055282593e-02 8.751809597015380859e-03 1.123133301734924316e-02 3.400763869285583496e-02 1.253394596278667450e-02 1.850473135709762573e-02 3.286863677203655243e-03 1.511470298282802105e-03 5.963270552456378937e-03 6.616141647100448608e-03 5.142869194969534874e-04 1.583531126379966736e-02 2.731895633041858673e-02 1.087250560522079468e-02 2.951168455183506012e-03 4.994894936680793762e-02 1.558588631451129913e-02 4.408774897456169128e-02 2.396629378199577332e-02 3.309398144483566284e-02 2.886304073035717010e-02 1.093419268727302551e-02 8.832392282783985138e-03 2.064318768680095673e-02 2.416303753852844238e-02 1.138954423367977142e-02 7.967595942318439484e-03 1.640920341014862061e-02 1.016779150813817978e-02 7.251672213897109032e-04 8.888293523341417313e-04 1.474312273785471916e-03 1.704947464168071747e-02 2.793511375784873962e-02 2.132651954889297485e-02 1.068132556974887848e-02 1.393131446093320847e-02 1.989396847784519196e-02 3.213748708367347717e-02 3.848375054076313972e-03 2.701627381611615419e-04
2.473553828895092010e-02 2.167761325836181641e-02 4.251693934202194214e-02 2.130541764199733734e-02 2.387020736932754517e-02 2.505928650498390198e-02 2.156536281108856201e-02 8.380753993988037109e-01 2.642828505486249924e-03 9.278039447963237762e-03 4.197977483272552490e-02 2.108855359256267548e-02 3.777568414807319641e-02 2.030521817505359650e-02 5.552769079804420471e-02 1.680670306086540222e-02 2.075132913887500763e-02 1.107074413448572159e-02 1.155316084623336792e-02 7.924978621304035187e-03 2.717614546418190002e-02 2.838644199073314667e-02 2.655248902738094330e-02 1.594772376120090485e-02 2.856499515473842621e-02 3.131027519702911377e-02 1.526510063558816910e-02 8.873396553099155426e-03 2.591962367296218872e-02 5.683539900928735733e-03 1.972592435777187347e-02 7.968707941472530365e-03 2.330384962260723114e-02 1.918788999319076538e-02 2.093027532100677490e-02 2.049035765230655670e-02 4.618320614099502563e-03 1.823993958532810211e-02 7.701784372329711914e-03 2.942808903753757477e-03 1.177304610610008240e-02 1.539509277790784836e-02 8.738338947296142578e-03 1.281039416790008545e-02 1.994942687451839447e-02 1.057543512433767319e-02 2.436450310051441193e-02 1.887775585055351257e-02 3.300842945463955402e-05 1.142159011214971542e-02 1.141691952943801880e-02 1.369106490164995193e-02 7.044170051813125610e-03 1.385576836764812469e-02 7.668910548090934753e-03 6.052236072719097137e-03 1.682125777006149292e-02 2.014054544270038605e-02 2.151299826800823212e-02 2.116396650671958923e-02 2.885530469939112663e-03 5.327325779944658279e-03 6.898388732224702835e-03 1.879598945379257202e-02 3.889221698045730591e-02 2.801791764795780182e-02 2.380795963108539581e-02 3.026922978460788727e-02 1.905816234648227692e-02 4.203774966299533844e-03 5.320181604474782944e-03 7.630175910890102386e-03 4.740225849673151970e-04 4.762236494570970535e-04 1.236020307987928391e-02 1.270893216133117676e-02 5.400904454290866852e-03 1.475519407540559769e-02 3.072463907301425934e-03 7.578535936772823334e-03 5.213767662644386292e-02 4.244744032621383667e-02 1.532765384763479233e-02 1.856943778693675995e-02 1.962382718920707703e-02 1.387034170329570770e-02 5.529341474175453186e-02 4.421039298176765442e-02 8.233274333178997040e-03 1.302897371351718903e-02 2.366880699992179871e-02 2.580499462783336639e-02 2.073615416884422302e-02 2.170890942215919495e-02 1.703032478690147400e-02 2.752629481256008148e-02 6.239271257072687149e-03 1.502795785199850798e-04 1.592997461557388306e-02 3.989686258137226105e-03 9.932702407240867615e-03 1.663257740437984467e-02 1.966822147369384766e-02 1.817742176353931427e-02 2.890135394409298897e-03 1.849878020584583282e-02 6.623496767133474350e-03 1.575459726154804230e-02 1.315121538937091827e-02 2.626903168857097626e-02 8.762470446527004242e-03 1.104263868182897568e-02 1.788398623466491699e-02 2.594183571636676788e-02 6.900810636579990387e-03 5.357518792152404785e-03
9.063006378710269928e-03 6.576163228601217270e-03 1.123458798974752426e-02 3.198857232928276062e-02 4.265852272510528564e-02 1.315410342067480087e-02 1.982313767075538635e-02 2.642828505486249924e-03 8.380753993988037109e-01 2.475312724709510803e-02 1.255287788808345795e-02 1.236451044678688049e-02 1.213402207940816879e-02 3.339080512523651123e-02 3.985908348113298416e-03 9.812118485569953918e-03 1.799865812063217163e-02 2.977149561047554016e-02 2.310568280518054962e-02 1.481046993285417557e-02 1.172696519643068314e-02 2.822329988703131676e-03 9.872937807813286781e-04 3.921700175851583481e-03 1.260799169540405273e-02 1.470429822802543640e-02 1.812965725548565388e-03 1.612268202006816864e-02 2.367190085351467133e-03 3.821542114019393921e-02 9.489831514656543732e-03 2.075920067727565765e-02 1.474696490913629532e-02 1.349406968802213669e-02 1.674110069870948792e-02 2.138997986912727356e-02 9.227922186255455017e-03 2.547758864238858223e-03 1.338721625506877899e-02 1.696174964308738708e-02 2.313971053808927536e-03 2.831001393496990204e-02 1.481514889746904373e-02 2.712100686039775610e-04 1.632606238126754761e-02 2.965304069221019745e-02 1.208116952329874039e-02 1.598073169589042664e-02 3.268531709909439087e-02 1.128512620925903320e-02 2.690688148140907288e-02 2.410664409399032593e-02 2.252128161489963531e-02 7.201971020549535751e-03 3.102930821478366852e-02 4.644673317670822144e-03 1.534732524305582047e-03 3.325217589735984802e-02 2.655876986682415009e-02 8.791991276666522026e-04 2.039108797907829285e-02 2.200266532599925995e-02 2.443504706025123596e-02 1.581330411136150360e-02 7.693755440413951874e-03 1.240722835063934326e-02 2.844478702172636986e-03 8.135639363899827003e-04 1.572988741099834442e-02 9.124335832893848419e-03 1.798875071108341217e-02 6.619343534111976624e-03 2.233353629708290100e-02 2.359668165445327759e-02 2.294211462140083313e-02 1.624403172172605991e-03 7.386748492717742920e-02 1.076391339302062988e-02 2.487875171937048435e-04 1.657022908329963684e-02 8.099810220301151276e-03 2.685098908841609955e-03 1.175711769610643387e-02 1.153498701751232147e-02 2.902486361563205719e-02 9.787756018340587616e-03 1.201874017715454102e-02 1.080030482262372971e-02 1.995909493416547775e-03 2.968529239296913147e-02 1.199514511972665787e-02 9.520345367491245270e-03 1.572111621499061584e-02 7.636830210685729980e-03 1.424625888466835022e-02 3.696321509778499603e-04 3.060596622526645660e-02 5.234608426690101624e-03 3.503417223691940308e-02 8.403312414884567261e-03 1.876754686236381531e-02 3.743928158655762672e-03 9.883983992040157318e-03 3.022345248609781265e-03 1.686047017574310303e-02 1.200104318559169769e-02 2.715694531798362732e-02 2.137804962694644928e-02 3.245756030082702637e-02 2.569244243204593658e-02 2.752102538943290710e-02 1.297882944345474243e-02 1.828949898481369019e-02 6.658464670181274414e-03 9.800595231354236603e-03 3.062640316784381866e-03
3.852396737784147263e-03 5.175055935978889465e-03 6.821622140705585480e-03 3.372505307197570801e-02 2.106368727982044220e-02 1.068169344216585159e-02 3.375048749148845673e-03 9.278039447963237762e-03 2.475312724709510803e-02 8.380753993988037109e-01 2.478928305208683014e-03 2.837754413485527039e-02 1.049357838928699493e-02 7.752005010843276978e-03 5.278134252876043320e-03 1.894040592014789581e-02 8.046813309192657471e-03 2.316829748451709747e-02 3.376747295260429382e-02 1.178983971476554871e-02 1.460646395571529865e-03 6.976194679737091064e-03 1.829107105731964111e-02 2.382269129157066345e-03 5.142983980476856232e-03 6.344157736748456955e-03 8.057308383285999298e-03 2.900379523634910583e-02 1.158229634165763855e-02 2.514207549393177032e-02 3.356506302952766418e-02 5.827029701322317123e-03 2.120814844965934753e-02 1.180543191730976105e-02 1.699214242398738861e-02 7.367255631834268570e-03 1.285083498805761337e-02 7.813203148543834686e-03 3.697001188993453979e-02 2.454827167093753815e-02 1.017863117158412933e-02 3.069141414016485214e-03 1.034066267311573029e-02 2.796707488596439362e-02 2.730420231819152832e-02 2.495798282325267792e-02 1.055500563234090805e-02 3.117528976872563362e-03 3.842948470264673233e-03 4.680947586894035339e-02 1.448991708457469940e-02 2.537535876035690308e-02 1.441899687051773071e-02 1.802134886384010315e-02 1.302012242376804352e-02 2.609705366194248199e-02 1.870445534586906433e-02 1.050759688951075077e-03 1.149266771972179413e-02 8.666346780955791473e-03 5.380349233746528625e-03 2.379309572279453278e-02 2.516738139092922211e-02 2.150249294936656952e-02 1.401337888091802597e-02 2.108391560614109039e-02 1.371089182794094086e-02 2.985323953907936811e-04 9.215906262397766113e-03 2.017560601234436035e-02 1.159678585827350616e-02 1.942471973598003387e-02 3.320550173521041870e-02 3.144546598196029663e-02 1.214774046093225479e-02 1.832997426390647888e-03 1.747961714863777161e-02 6.961436569690704346e-02 1.459956169128417969e-02 6.060664355754852295e-02 5.095885135233402252e-03 1.843010447919368744e-02 1.068072207272052765e-02 3.117941692471504211e-02 1.115923281759023666e-02 4.481806978583335876e-02 2.152741188183426857e-03 8.810755796730518341e-03 6.614709738641977310e-03 4.280048981308937073e-02 1.162396930158138275e-02 9.171525016427040100e-03 1.508194301277399063e-02 1.322343200445175171e-02 5.290361121296882629e-03 8.898369036614894867e-03 1.175680011510848999e-02 2.427841536700725555e-03 2.117985114455223083e-02 2.786601148545742035e-02 1.529719028621912003e-02 1.782192662358283997e-02 3.164667868986725807e-04 1.016733003780245781e-03 5.116746947169303894e-02 4.874274134635925293e-03 2.349223755300045013e-02 3.099221503362059593e-03 1.754342205822467804e-02 1.446375739760696888e-03 1.880801841616630554e-02 2.628965862095355988e-02 2.329254709184169769e-02 8.362837135791778564e-03 2.197416033595800400e-03 3.757781814783811569e-03
5.728282406926155090e-02 5.209138244390487671e-02 1.768450625240802765e-02 9.526251815259456635e-03 1.661780849099159241e-02 4.578587040305137634e-02 3.800492361187934875e-02 4.197977483272552490e-02 1.255287788808345795e-02 2.478928305208683014e-03 8.380753993988037109e-01 2.843228913843631744e-02 5.553643032908439636e-02 2.164098992943763733e-02 4.000939428806304932e-02 1.644161902368068695e-02 1.435793004930019379e-02 4.597259219735860825e-03 9.733447805047035217e-04 1.008880790323019028e-03 1.028372440487146378e-02 2.397992461919784546e-02 2.318204753100872040e-02 1.626957766711711884e-02 1.859076879918575287e-02 2.442438527941703796e-02 1.387737412005662918e-02 1.622678828425705433e-04 4.753959178924560547e-02 1.517702359706163406e-03 3.371931612491607666e-02 5.024913232773542404e-03 2.605163259431719780e-03 1.972869783639907837e-02 5.916664842516183853e-03 3.766418900340795517e-03 2.549345139414072037e-03 1.977043226361274719e-02 1.792859472334384918e-02 1.143848709762096405e-02 2.623117715120315552e-02 2.471578307449817657e-02 2.653780393302440643e-02 1.031526771839708090e-04 2.244234830141067505e-02 9.624341502785682678e-03 4.298155754804611206e-02 3.142522647976875305e-02 5.449836608022451401e-03 8.514735847711563110e-03 1.975904218852519989e-02 1.494546048343181610e-02 7.783100008964538574e-03 2.310777641832828522e-02 1.146193500608205795e-02 5.415173247456550598e-03 4.337192513048648834e-03 9.846447966992855072e-03 6.928944028913974762e-03 1.306681428104639053e-02 2.191821113228797913e-03 4.291404038667678833e-03 3.476325655356049538e-03 5.569324828684329987e-03 4.011979699134826660e-02 3.238153457641601562e-02 3.244683519005775452e-02 2.609866298735141754e-02 5.924071650952100754e-03 8.292737416923046112e-03 6.192628759890794754e-03 1.595448143780231476e-02 4.033889621496200562e-03 1.387484837323427200e-03 2.922636922448873520e-03 1.183999702334403992e-02 1.632137969136238098e-02 3.074232721701264381e-03 1.800256222486495972e-02 2.534900419414043427e-02 3.612440824508666992e-02 2.961194142699241638e-02 2.069196896627545357e-03 6.964945234358310699e-03 1.312338840216398239e-02 7.600894896313548088e-04 4.639152437448501587e-02 3.299308568239212036e-02 8.481383323669433594e-03 1.672003045678138733e-02 4.139231517910957336e-02 2.887192182242870331e-02 2.736073359847068787e-02 2.812375128269195557e-02 1.720751076936721802e-02 2.327234297990798950e-02 1.512385625392198563e-02 7.271826267242431641e-03 2.242068015038967133e-02 2.141258865594863892e-02 1.437360479030758142e-04 2.648671623319387436e-03 2.180230105295777321e-03 2.823024522513151169e-03 4.624756984412670135e-03 1.445044111460447311e-02 7.354824920184910297e-04 5.866199266165494919e-03 2.894471166655421257e-03 3.769903676584362984e-03 4.374336916953325272e-03 1.346989255398511887e-02 3.115198388695716858e-02 3.979736939072608948e-02 3.098736051470041275e-03 1.002575736492872238e-02
1.964922994375228882e-02 2.657330222427845001e-02 1.163481647381559014e-04 2.232830226421356201e-02 1.980190910398960114e-02 3.622059524059295654e-02 2.932540886104106903e-02 2.108855359256267548e-02 1.236451044678688049e-02 2.837754413485527039e-02 2.843228913843631744e-02 8.380753993988037109e-01 2.163592912256717682e-02 5.973966047167778015e-02 1.063297875225543976e-02 2.140433341264724731e-02 1.572688110172748566e-02 1.088931318372488022e-02 1.327111572027206421e-02 5.693211220204830170e-03 2.547718584537506104e-03 1.435694750398397446e-03 1.530560199171304703e-02 1.256384328007698059e-02 1.201307773590087891e-02 3.712198883295059204e-02 1.590438187122344971e-02 3.972732648253440857e-02 2.358072623610496521e-02 4.556140676140785217e-02 3.426282852888107300e-02 8.821415714919567108e-03 1.411871984601020813e-02 5.872115958482027054e-03 2.421269565820693970e-02 1.801117882132530212e-02 1.350695174187421799e-02 8.630374213680624962e-04 2.343498170375823975e-02 2.425564453005790710e-02 2.229039929807186127e-02 9.516539284959435463e-05 3.470760537311434746e-03 1.307594240643084049e-03 4.068189859390258789e-02 1.204051263630390167e-02 2.718597464263439178e-02 2.381824143230915070e-02 2.938595041632652283e-02 2.335376664996147156e-02 1.275193039327859879e-02 2.063028514385223389e-02 1.206411514431238174e-03 8.407382294535636902e-03 7.287674117833375931e-03 9.984684176743030548e-03 2.633516117930412292e-02 3.868805617094039917e-02 1.584663242101669312e-02 2.676510252058506012e-02 3.325836965814232826e-03 1.458983682096004486e-02 3.055470995604991913e-02 4.050138592720031738e-02 2.045381627976894379e-02 2.184496261179447174e-02 4.957489436492323875e-04 1.190138794481754303e-02 2.740299142897129059e-02 1.171314623206853867e-02 2.545148879289627075e-02 4.891669843345880508e-03 3.456625714898109436e-02 1.726923324167728424e-02 2.496047690510749817e-02 4.977923235855996609e-04 1.971436291933059692e-02 8.372453972697257996e-03 5.989397875964641571e-03 3.790217265486717224e-02 1.693576015532016754e-02 8.064980618655681610e-03 1.250152103602886200e-02 9.868872584775090218e-04 1.465676468797028065e-03 2.434640750288963318e-02 1.399333123117685318e-02 8.953494951128959656e-03 2.588557265698909760e-02 5.275781149975955486e-04 3.164511173963546753e-02 7.332291570492088795e-04 2.239852398633956909e-02 7.908904924988746643e-03 9.357572533190250397e-03 1.685172319412231445e-02 1.847629062831401825e-02 1.703735999763011932e-02 7.391791325062513351e-03 6.993543356657028198e-03 2.774309739470481873e-02 2.336244657635688782e-02 2.467043465003371239e-03 3.457306651398539543e-03 6.732866750098764896e-04 9.999879403039813042e-04 2.882123738527297974e-02 1.722438633441925049e-02 2.715149335563182831e-02 5.639374721795320511e-03 1.361476164311170578e-02 2.163884229958057404e-02 1.864262297749519348e-02 2.668586373329162598e-02 7.532882038503885269e-03 6.676117889583110809e-03
4.389294236898422241e-02 5.094227567315101624e-02 2.728671580553054810e-02 4.729681648313999176e-03 4.952470306307077408e-03 4.518982023000717163e-02 4.742485284805297852e-02 3.777568414807319641e-02 1.213402207940816879e-02 1.049357838928699493e-02 5.553643032908439636e-02 2.163592912256717682e-02 8.380753993988037109e-01 2.561361342668533325e-02 3.505239635705947876e-02 1.674937456846237183e-02 1.795506663620471954e-02 1.536623295396566391e-02 2.039353363215923309e-02 4.024459049105644226e-03 8.800822310149669647e-03 2.195393852889537811e-02 2.287297323346138000e-02 1.611998118460178375e-02 1.864282228052616119e-02 2.479115314781665802e-02 1.395553164184093475e-02 4.978871438652276993e-03 4.810034483671188354e-02 2.159781142836436629e-04 4.281219840049743652e-02 3.182242158800363541e-03 1.440815394744277000e-03 5.909465719014406204e-03 4.987347871065139771e-03 2.614366821944713593e-03 1.103548705577850342e-02 1.565041020512580872e-02 1.179538294672966003e-02 1.512227929197251797e-03 1.680260524153709412e-02 8.768448606133460999e-03 2.454283274710178375e-02 2.003637608140707016e-03 2.427470125257968903e-02 1.394477766007184982e-02 4.847609624266624451e-02 4.741916432976722717e-02 1.521051209419965744e-02 2.096158452332019806e-03 2.305260859429836273e-02 2.428115718066692352e-02 6.827741861343383789e-03 2.649489231407642365e-02 3.204430453479290009e-03 5.063197109848260880e-03 7.881823927164077759e-03 1.662667840719223022e-02 6.192518048919737339e-04 1.652315445244312286e-02 1.397584192454814911e-02 1.581588387489318848e-02 1.194969285279512405e-02 3.960223402827978134e-03 3.544815629720687866e-02 4.419179633259773254e-02 1.950859464704990387e-02 1.310698874294757843e-02 7.856838405132293701e-03 1.072348374873399734e-02 2.669481618795543909e-04 1.859167031943798065e-02 8.385281078517436981e-03 7.081732153892517090e-03 6.400865502655506134e-03 1.360733900219202042e-02 1.096112653613090515e-03 3.607045160606503487e-03 2.221084572374820709e-02 2.242675423622131348e-02 3.617600351572036743e-02 2.588612772524356842e-02 1.780167222023010254e-02 1.895199902355670929e-02 9.577733580954372883e-04 2.051254501566290855e-03 3.871079161763191223e-02 4.089470207691192627e-02 1.281646918505430222e-02 9.971967898309230804e-03 4.839499667286872864e-02 1.553350593894720078e-02 4.105399176478385925e-02 2.826191298663616180e-02 1.826809532940387726e-02 1.826369762420654297e-02 7.071134634315967560e-03 4.515298642218112946e-03 1.679155975580215454e-02 1.705398969352245331e-02 1.612404361367225647e-03 4.771566949784755707e-03 6.924586370587348938e-03 1.440963242202997208e-03 7.712186314165592194e-03 1.798855327069759369e-02 5.702002905309200287e-03 3.127214731648564339e-03 1.194059383124113083e-02 1.655884087085723877e-02 3.058387956116348505e-04 1.308930758386850357e-02 2.120296657085418701e-02 3.132013976573944092e-02 6.061452440917491913e-04 9.075849317014217377e-03
