8.304652571678161621e-01 7.315909117460250854e-02 4.624311346560716629e-03 9.238959290087223053e-03 3.177012503147125244e-02 6.652875989675521851e-02 7.109092921018600464e-02 5.636966321617364883e-03 2.394933626055717468e-02 2.358911186456680298e-02 7.276533544063568115e-02 1.333131548017263412e-02 6.611521542072296143e-02 2.159210853278636932e-02 2.389479801058769226e-02 1.146541722118854523e-02 1.665330678224563599e-02 9.681455790996551514e-03 1.752654649317264557e-02 2.322208136320114136e-02 1.060217339545488358e-02 2.701026946306228638e-02 8.612930774688720703e-03 9.014800190925598145e-03 3.046812675893306732e-02 1.032770704478025436e-02 2.102521248161792755e-02 1.801997795701026917e-02 3.291628137230873108e-02 9.911989327520132065e-04 2.610370889306068420e-02 2.030949294567108154e-02 1.534158713184297085e-03 1.388069149106740952e-02 7.656201254576444626e-03 9.266923181712627411e-03 1.825272291898727417e-02 2.562510222196578979e-02 4.622628446668386459e-03 3.529376583173871040e-03 1.988277584314346313e-02 8.928727358579635620e-03 9.753315709531307220e-03 6.989597342908382416e-03 9.164566174149513245e-03 1.816585427150130272e-03 3.164374083280563354e-02 3.135217726230621338e-02 1.434653811156749725e-02 9.700592490844428539e-04 8.046681992709636688e-03 6.977140903472900391e-03 2.276390977203845978e-02 2.131911460310220718e-03 1.043758727610111237e-02 1.175447367131710052e-02 1.727572642266750336e-02 1.854585669934749603e-02 6.054946687072515488e-03 8.969114162027835846e-03 3.706160699948668480e-03 1.155693084001541138e-02 1.604478619992733002e-02 3.856358118355274200e-03 4.013654589653015137e-02 3.797136619687080383e-02 2.230717986822128296e-02 6.541353650391101837e-03 2.102075889706611633e-02 1.873200573027133942e-02 2.161881700158119202e-02 1.834906870499253273e-03 1.042915228754281998e-02 1.530892867594957352e-02 5.269655492156744003e-03 2.588575473055243492e-03 2.707292325794696808e-02 2.891289629042148590e-02 1.317767705768346786e-02 1.508173905313014984e-02 5.076557281427085400e-04 1.029139617457985878e-03 3.545503132045269012e-04 2.591235563158988953e-02 1.805309951305389404e-02 2.169304341077804565e-02 2.919866330921649933e-02 1.577788032591342926e-02 1.375796180218458176e-02 1.329067908227443695e-02 3.114582970738410950e-02 2.959844283759593964e-02 1.050731353461742401e-02 2.737156488001346588e-02 3.486513160169124603e-04 1.370337232947349548e-02 1.294522173702716827e-02 1.318870228715240955e-03 1.483725477010011673e-02 1.416790671646595001e-02 1.046401355415582657e-02 4.323958419263362885e-03 1.041932683438062668e-02 1.021792180836200714e-02 6.297431420534849167e-03 2.287610899657011032e-03 8.622682653367519379e-03 9.037873824127018452e-04 5.233874544501304626e-03 6.527398712933063507e-03 1.047311257570981979e-02 1.141601707786321640e-02 1.200387254357337952e-02 9.983993135392665863e-03 1.248229481279850006e-02 1.518100965768098831e-03
7.315909117460250854e-02 8.304652571678161621e-01 8.792106062173843384e-03 8.025820367038249969e-03 2.832611091434955597e-02 5.742794275283813477e-02 6.680662930011749268e-02 6.219572387635707855e-03 1.571017876267433167e-02 1.430858392268419266e-02 6.827607005834579468e-02 5.658461595885455608e-04 6.632620096206665039e-02 6.532542407512664795e-03 2.493463829159736633e-02 9.587596170604228973e-03 1.473835576325654984e-02 1.289945445023477077e-03 5.464393179863691330e-03 3.266439959406852722e-02 2.000374160706996918e-02 2.906984649598598480e-02 1.506980136036872864e-02 1.104804221540689468e-02 3.167847916483879089e-02 8.588446304202079773e-03 2.388907968997955322e-02 2.463989704847335815e-02 1.787588931620121002e-02 4.764153156429529190e-03 2.704938128590583801e-02 2.187466062605381012e-02 4.464976023882627487e-03 1.735299825668334961e-02 1.590374112129211426e-02 1.730233989655971527e-02 2.281920239329338074e-02 3.036925569176673889e-02 3.386161406524479389e-04 8.716739830560982227e-04 2.253131009638309479e-02 1.627986878156661987e-02 2.157479710876941681e-02 1.392869628034532070e-03 1.075935456901788712e-02 2.618673956021666527e-03 2.043771184980869293e-02 1.774221099913120270e-02 1.814764551818370819e-02 2.700453624129295349e-03 1.347279269248247147e-02 8.185257203876972198e-03 2.133199013769626617e-02 6.563677452504634857e-03 1.108221709728240967e-02 1.140571944415569305e-02 5.455174483358860016e-03 5.993183236569166183e-03 7.615606766194105148e-03 1.140877883881330490e-02 1.909291837364435196e-03 9.102640673518180847e-03 1.965255849063396454e-02 3.726746945176273584e-05 3.499942272901535034e-02 3.428931161761283875e-02 3.274397924542427063e-02 2.133311145007610321e-02 1.281471736729145050e-02 3.684588242322206497e-03 1.471408922225236893e-02 1.231443975120782852e-02 1.142803300172090530e-02 8.363291621208190918e-03 7.828015834093093872e-03 9.636408649384975433e-03 1.884270086884498596e-02 1.985684782266616821e-02 1.394208613783121109e-02 5.038276314735412598e-03 1.054594991728663445e-03 2.960298443213105202e-03 4.221443959977477789e-04 2.354688197374343872e-02 2.399393171072006226e-02 2.649538964033126831e-02 2.959244512021541595e-02 2.215688489377498627e-02 1.857092254795134068e-03 4.315838217735290527e-03 1.815217733383178711e-02 3.219943121075630188e-02 3.225693712010979652e-03 2.196665666997432709e-02 6.176759954541921616e-03 1.387584954500198364e-02 1.782715134322643280e-02 5.006868857890367508e-03 1.961311697959899902e-02 2.114198170602321625e-02 1.791658811271190643e-02 2.048410288989543915e-02 1.359003596007823944e-02 9.283500723540782928e-03 2.021396905183792114e-02 9.763827547430992126e-03 1.551673375070095062e-02 3.925788681954145432e-03 1.424262393265962601e-02 7.456772029399871826e-03 1.022374350577592850e-02 1.099430117756128311e-02 2.254623733460903168e-02 2.414176240563392639e-02 1.306025497615337372e-02 4.642262065317481756e-04
4.624311346560716629e-03 8.792106062173843384e-03 8.304652571678161621e-01 1.315773185342550278e-02 1.285074371844530106e-02 4.495604895055294037e-03 5.498857703059911728e-03 4.094825685024261475e-02 2.882200991734862328e-03 1.825601607561111450e-02 1.353876781649887562e-03 8.847085759043693542e-03 2.284098416566848755e-03 5.569838685914874077e-04 1.825687475502490997e-02 1.282133255153894424e-02 1.564994268119335175e-02 9.864846942946314812e-04 5.791668314486742020e-03 1.653186976909637451e-02 1.955251395702362061e-02 1.067789923399686813e-02 9.975990280508995056e-03 9.447165764868259430e-03 2.375761233270168304e-02 1.058862265199422836e-02 1.378771010786294937e-02 2.370962686836719513e-02 1.469586975872516632e-02 1.832832768559455872e-02 8.240357972681522369e-03 9.479822590947151184e-03 1.816214760765433311e-03 2.281235903501510620e-02 1.577844284474849701e-02 2.872430346906185150e-02 2.168903127312660217e-02 1.701782643795013428e-02 2.156201982870697975e-03 9.286217391490936279e-03 6.148781161755323410e-03 3.060730174183845520e-02 4.795032367110252380e-02 1.263348571956157684e-02 1.587682031095027924e-02 1.149767823517322540e-02 1.491215638816356659e-02 2.304228581488132477e-02 2.117229439318180084e-02 1.617705635726451874e-02 3.279880061745643616e-02 4.440910741686820984e-02 3.162045730277895927e-03 1.108944509178400040e-02 9.051645174622535706e-04 5.255945026874542236e-03 2.005354035645723343e-03 3.944648895412683487e-03 2.046369947493076324e-02 6.927033420652151108e-03 1.591337472200393677e-02 7.187279406934976578e-03 4.871129058301448822e-03 3.482974367216229439e-03 4.516875836998224258e-03 8.844289695844054222e-04 3.247686848044395447e-02 3.590056672692298889e-02 7.371893618255853653e-03 6.512764375656843185e-03 2.351159043610095978e-02 1.324900542385876179e-03 2.729755081236362457e-02 6.429648958146572113e-03 1.394162792712450027e-02 8.489042520523071289e-03 1.202011294662952423e-02 2.165051177144050598e-02 1.208161469548940659e-02 1.463707350194454193e-02 2.961942180991172791e-02 2.148411795496940613e-02 8.462718687951564789e-03 2.067201770842075348e-02 3.237374126911163330e-02 2.259476482868194580e-02 2.383635751903057098e-02 3.252073377370834351e-02 2.689681714400649071e-03 1.936338609084486961e-03 1.277771219611167908e-02 2.402838505804538727e-02 3.149913996458053589e-02 1.396564766764640808e-02 2.117912983521819115e-03 6.966921500861644745e-03 3.983466420322656631e-03 1.965494453907012939e-02 3.401441872119903564e-02 3.757799416780471802e-02 2.199163474142551422e-02 2.415280044078826904e-02 1.814254373311996460e-02 3.364909812808036804e-02 5.040760152041912079e-03 4.663947969675064087e-03 1.941958628594875336e-02 1.964230462908744812e-02 1.743243075907230377e-02 1.293881563469767570e-03 1.363958138972520828e-02 2.917996607720851898e-02 3.941399976611137390e-02 3.787945210933685303e-02 6.537545472383499146e-03 2.208466455340385437e-02
9.238959290087223053e-03 8.025820367038249969e-03 1.315773185342550278e-02 8.304652571678161621e-01 5.684349685907363892e-02 1.387240551412105560e-02 4.420544020831584930e-03 4.223375581204891205e-03 2.449809201061725616e-02 1.697263680398464203e-02 8.347627706825733185e-03 8.277765475213527679e-03 1.204322744160890579e-02 9.047702886164188385e-03 2.794378902763128281e-03 3.510691970586776733e-02 3.643728047609329224e-02 1.748002134263515472e-02 1.731312088668346405e-02 1.202411018311977386e-02 6.456831470131874084e-03 2.426417544484138489e-03 1.835195720195770264e-02 1.048672944307327271e-02 1.585886068642139435e-02 3.499069251120090485e-03 1.531494053779169917e-04 2.000715211033821106e-02 4.355498123914003372e-03 1.668046414852142334e-02 9.286754066124558449e-04 1.562446728348731995e-02 5.848334636539220810e-03 8.702649734914302826e-03 3.014985239133238792e-03 1.433805469423532486e-02 5.394732579588890076e-04 2.518612891435623169e-02 4.612519219517707825e-02 2.308541350066661835e-02 1.300429273396730423e-02 2.952614799141883850e-02 1.653551310300827026e-02 2.699453197419643402e-02 3.437120001763105392e-03 1.858667237684130669e-03 3.382537048310041428e-03 6.002066656947135925e-03 1.881741173565387726e-02 1.434140652418136597e-02 2.179149352014064789e-02 1.741079846397042274e-03 2.544567361474037170e-02 1.404429133981466293e-02 2.217183634638786316e-02 2.408655174076557159e-02 2.345038391649723053e-02 6.958805024623870850e-03 3.590610995888710022e-02 3.506268933415412903e-02 3.722725808620452881e-02 2.090608701109886169e-02 1.126716658473014832e-02 8.299210108816623688e-03 2.171540260314941406e-02 2.063897997140884399e-02 1.080901082605123520e-02 5.950586870312690735e-03 3.504541888833045959e-02 1.482208026573061943e-03 1.035830657929182053e-02 2.587771159596741199e-04 3.107907436788082123e-02 3.173057688400149345e-03 3.216787427663803101e-02 6.951503921300172806e-03 3.378834202885627747e-02 8.883327245712280273e-03 2.758655697107315063e-02 1.588687673211097717e-02 2.660392038524150848e-02 2.366050332784652710e-02 3.320614621043205261e-02 2.558414824306964874e-02 1.807074248790740967e-02 6.143645383417606354e-03 1.977135613560676575e-02 2.718443609774112701e-02 1.967087388038635254e-02 1.239734794944524765e-02 4.024291876703500748e-03 1.280339807271957397e-02 1.585349999368190765e-02 2.005471475422382355e-02 9.526552632451057434e-03 1.611519604921340942e-02 1.057812944054603577e-02 3.094602609053254128e-03 1.796420291066169739e-02 4.594868049025535583e-03 1.467921957373619080e-02 1.318839099258184433e-02 1.852428168058395386e-02 2.763409353792667389e-02 2.152911946177482605e-02 2.467637881636619568e-02 6.813915912061929703e-03 2.446573227643966675e-02 1.273975707590579987e-02 5.160806234925985336e-03 3.116721473634243011e-02 2.824297174811363220e-02 1.414913125336170197e-02 1.112007535994052887e-02 6.913939490914344788e-03 3.314292058348655701e-02
3.177012503147125244e-02 2.832611091434955597e-02 1.285074371844530106e-02 5.684349685907363892e-02 8.304652571678161621e-01 1.194837130606174469e-02 2.662459202110767365e-02 4.088824149221181870e-03 1.608104258775711060e-02 1.948921196162700653e-02 2.823613025248050690e-02 1.289786957204341888e-02 2.720799855887889862e-02 6.479564588516950607e-03 4.976420197635889053e-03 2.092282846570014954e-02 2.094126306474208832e-02 4.982504062354564667e-03 2.020296454429626465e-02 1.031798031181097031e-02 1.138500031083822250e-02 1.328039262443780899e-02 6.958961021155118942e-03 1.204475201666355133e-02 2.335413545370101929e-02 3.393856808543205261e-03 1.024472061544656754e-02 1.870047487318515778e-02 1.709005795419216156e-02 3.223806386813521385e-03 8.771138265728950500e-03 1.190197747200727463e-02 3.174292389303445816e-03 1.508080121129751205e-02 8.708810433745384216e-03 7.867725566029548645e-03 7.565770298242568970e-03 2.299305424094200134e-02 2.903456240892410278e-02 3.021936863660812378e-02 1.715164980851113796e-03 2.280473150312900543e-02 1.949674263596534729e-02 1.424277760088443756e-02 2.518135355785489082e-03 2.549438038840889931e-03 1.573060452938079834e-02 2.049244195222854614e-02 6.637076381593942642e-03 1.084196288138628006e-02 2.810489013791084290e-02 1.310782879590988159e-02 3.017285652458667755e-02 2.348926290869712830e-02 3.654186846688389778e-03 2.335551008582115173e-02 8.965349756181240082e-03 1.289110723882913589e-02 2.649031020700931549e-02 2.903222106397151947e-02 2.011912874877452850e-02 2.817946672439575195e-02 4.068682901561260223e-03 1.334160845726728439e-02 2.295477315783500671e-02 2.070462331175804138e-02 1.683839783072471619e-02 1.495995675213634968e-03 2.193155512213706970e-02 7.132855709642171860e-03 2.019375190138816833e-02 2.779812552034854889e-03 2.490277215838432312e-02 8.253347128629684448e-03 4.752427339553833008e-02 1.937322132289409637e-02 2.710167877376079559e-02 2.053873613476753235e-02 1.603921875357627869e-02 1.534677017480134964e-02 2.839078754186630249e-02 2.495523728430271149e-02 2.281492017209529877e-02 3.535785898566246033e-02 1.702683791518211365e-02 2.141749486327171326e-02 2.365627884864807129e-02 2.653664909303188324e-02 1.892658649012446404e-03 3.182416083291172981e-03 1.151954382658004761e-02 1.176773011684417725e-02 2.464252524077892303e-02 2.161979116499423981e-02 1.583258621394634247e-02 3.795285476371645927e-03 3.126130672171711922e-03 3.069341881200671196e-03 2.293274551630020142e-02 1.939810626208782196e-02 2.077130973339080811e-02 1.862354017794132233e-02 6.562711670994758606e-03 2.124749124050140381e-02 1.844503916800022125e-02 2.621963433921337128e-02 4.937700927257537842e-03 1.403917185962200165e-02 1.785327307879924774e-02 4.875821527093648911e-03 1.836006157100200653e-02 1.804585009813308716e-02 1.364448666572570801e-02 1.518083456903696060e-02 1.185871846973896027e-02 2.466306649148464203e-02
6.652875989675521851e-02 5.742794275283813477e-02 4.495604895055294037e-03 1.387240551412105560e-02 1.194837130606174469e-02 8.304652571678161621e-01 7.437978684902191162e-02 6.035657599568367004e-03 1.892489567399024963e-02 1.495018880814313889e-02 5.958466976881027222e-02 3.543880209326744080e-02 5.316197127103805542e-02 3.230224177241325378e-02 2.946649678051471710e-02 8.722702972590923309e-03 9.287157095968723297e-03 5.670504644513130188e-03 1.588785671629011631e-03 1.924013160169124603e-02 1.246863417327404022e-02 2.837533317506313324e-02 1.072853803634643555e-02 1.000680588185787201e-02 2.755292877554893494e-02 1.112467423081398010e-02 2.462668530642986298e-02 9.888995438814163208e-03 4.064923897385597229e-02 1.477077323943376541e-02 3.363312408328056335e-02 1.051757670938968658e-02 4.881759174168109894e-03 1.116836350411176682e-02 1.075783977285027504e-03 6.659131031483411789e-03 3.505573142319917679e-03 1.602609083056449890e-02 2.490705624222755432e-02 1.019953191280364990e-02 9.968846105039119720e-03 1.340575399808585644e-03 6.564253009855747223e-03 1.463080639950931072e-03 2.029367908835411072e-02 1.161345653235912323e-02 4.312304034829139709e-02 3.831353038549423218e-02 6.203024182468652725e-03 1.649830117821693420e-02 6.157448515295982361e-03 3.248595399782061577e-03 1.195123698562383652e-02 1.302777696400880814e-02 3.410714445635676384e-03 6.421560421586036682e-03 1.398761756718158722e-02 1.106783747673034668e-02 4.981765057891607285e-03 3.412720514461398125e-03 9.496957063674926758e-03 8.787493221461772919e-03 7.563349325209856033e-03 1.273628696799278259e-02 4.203653335571289062e-02 3.328118473291397095e-02 1.905643567442893982e-02 1.436597481369972229e-02 2.432637382298707962e-03 1.459591183811426163e-02 1.288374140858650208e-02 6.927115377038717270e-03 1.800256408751010895e-02 1.247322093695402145e-02 1.571268029510974884e-02 1.659280434250831604e-02 1.814131811261177063e-02 1.725131832063198090e-02 1.084589399397373199e-02 7.036791648715734482e-04 9.324321523308753967e-03 3.716195002198219299e-03 9.081174619495868683e-03 1.429709140211343765e-02 1.267589442431926727e-02 2.012821473181247711e-02 2.648733742535114288e-02 1.376321539282798767e-02 1.331808790564537048e-02 6.371223833411931992e-03 3.900939971208572388e-02 2.192067913711071014e-02 1.315408851951360703e-02 1.909893751144409180e-02 6.115282420068979263e-03 4.188229329884052277e-03 1.765569113194942474e-02 8.712869137525558472e-03 5.524951498955488205e-03 5.850070156157016754e-03 2.591379219666123390e-03 2.114749368047341704e-04 1.134315878152847290e-02 8.281954564154148102e-03 4.146283492445945740e-03 2.422265242785215378e-03 1.097752153873443604e-02 5.518596153706312180e-03 4.795402928721159697e-04 9.038683958351612091e-03 1.165200863033533096e-02 9.664201061241328716e-04 8.364670909941196442e-03 4.871535114943981171e-03 1.842120289802551270e-02 1.347185578197240829e-02
7.109092921018600464e-02 6.680662930011749268e-02 5.498857703059911728e-03 4.420544020831584930e-03 2.662459202110767365e-02 7.437978684902191162e-02 8.304652571678161621e-01 7.114964537322521210e-04 7.229407783597707748e-03 7.209970150142908096e-03 7.307281345129013062e-02 1.211205031722784042e-03 6.309957057237625122e-02 9.477932937443256378e-03 1.810486428439617157e-02 9.556259028613567352e-03 1.001018565148115158e-02 8.427066728472709656e-03 7.134929765015840530e-03 2.724427543580532074e-02 2.618299052119255066e-02 2.398652955889701843e-02 9.225405752658843994e-03 5.316324532032012939e-03 3.473325446248054504e-02 1.687512919306755066e-02 1.734145730733871460e-02 2.037926204502582550e-02 4.072798043489456177e-02 1.010302361100912094e-02 2.826576121151447296e-02 1.493386179208755493e-02 3.838586271740496159e-04 1.589768193662166595e-02 1.213057804852724075e-02 4.983630031347274780e-03 8.988899178802967072e-03 2.216759324073791504e-02 1.447511836886405945e-02 4.777715075761079788e-03 1.850210875272750854e-02 1.021992880851030350e-02 1.296598091721534729e-02 3.202132880687713623e-03 2.294996567070484161e-02 6.849026307463645935e-03 4.239073023200035095e-02 5.353701114654541016e-02 5.610155407339334488e-03 7.684265263378620148e-03 1.102057192474603653e-02 5.126744508743286133e-03 2.405869774520397186e-02 8.170044980943202972e-03 6.136255338788032532e-03 6.877105217427015305e-03 1.446421723812818527e-03 8.199743926525115967e-03 1.908492762595415115e-03 9.761258028447628021e-03 9.191453500534407794e-06 1.188373658806085587e-02 1.444838196039199829e-02 3.055421111639589071e-04 4.208762198686599731e-02 4.718930274248123169e-02 2.439360134303569794e-02 1.543669216334819794e-02 6.376772187650203705e-03 9.111867286264896393e-03 1.156388502568006516e-02 9.062674827873706818e-03 1.190858054906129837e-02 2.928550122305750847e-03 1.857911585830152035e-03 7.762620691210031509e-03 1.494157500565052032e-02 7.861332967877388000e-03 7.824987405911087990e-04 8.733503520488739014e-03 6.422759499400854111e-03 5.944307893514633179e-03 1.028888486325740814e-02 1.927899755537509918e-02 8.628458715975284576e-03 1.150011457502841949e-02 2.593617141246795654e-02 1.699126139283180237e-02 6.518800742924213409e-03 4.873989615589380264e-03 2.820180170238018036e-02 2.569801174104213715e-02 2.506387233734130859e-02 2.622070536017417908e-02 9.043110185302793980e-04 1.215309929102659225e-02 9.770582430064678192e-03 4.390387795865535736e-03 1.713100634515285492e-02 1.039204280823469162e-02 1.215773820877075195e-02 1.221737172454595566e-02 1.293930783867835999e-02 1.913185231387615204e-02 8.936286903917789459e-03 1.594834774732589722e-02 1.798193529248237610e-02 1.049961801618337631e-02 1.263078395277261734e-02 4.652456380426883698e-03 2.183449832955375314e-04 1.996755308937281370e-04 1.822515204548835754e-02 1.993016898632049561e-02 1.414525322616100311e-02 5.244438536465167999e-03
5.636966321617364883e-03 6.219572387635707855e-03 4.094825685024261475e-02 4.223375581204891205e-03 4.088824149221181870e-03 6.035657599568367004e-03 7.114964537322521210e-04 8.304652571678161621e-01 1.235373225063085556e-02 5.414800718426704407e-03 2.585202688351273537e-03 2.163405716419219971e-02 5.300523247569799423e-03 5.024345591664314270e-03 5.301875621080398560e-02 1.908007822930812836e-02 3.055816516280174255e-02 1.034835632890462875e-02 1.247027795761823654e-02 1.232844684273004532e-02 8.558256551623344421e-03 4.056105017662048340e-02 1.410705386660993099e-03 7.898084819316864014e-03 1.106371823698282242e-02 5.749534815549850464e-03 3.433999046683311462e-02 6.686194334179162979e-03 1.363151427358388901e-02 1.252832915633916855e-02 1.511098351329565048e-02 1.782632665708661079e-03 1.325289625674486160e-02 6.593822967261075974e-03 1.606567949056625366e-02 3.559973090887069702e-02 4.084249958395957947e-02 3.651434928178787231e-02 3.136310260742902756e-03 7.646283600479364395e-03 1.329197268933057785e-02 1.045274455100297928e-02 1.977785676717758179e-02 1.331047154963016510e-02 1.183257158845663071e-02 3.799291327595710754e-03 5.731954239308834076e-03 1.030201278626918793e-02 7.300781086087226868e-03 1.145508140325546265e-02 1.156951300799846649e-02 3.439099714159965515e-02 2.337264455854892731e-02 1.872371695935726166e-02 2.433129586279392242e-02 3.207512199878692627e-02 9.517440572381019592e-03 1.446083281189203262e-02 1.672717742621898651e-02 8.121378719806671143e-03 2.453678287565708160e-02 2.610466629266738892e-02 1.065524853765964508e-02 1.840390730649232864e-03 1.256733201444149017e-02 4.405761137604713440e-03 1.169823668897151947e-02 1.733047515153884888e-02 2.199483290314674377e-02 1.398593746125698090e-02 2.462009526789188385e-02 2.456896565854549408e-02 1.093093585222959518e-02 5.916615948081016541e-03 5.573356524109840393e-03 1.529295835644006729e-02 6.743752863258123398e-03 1.007758779451251030e-03 1.063092704862356186e-02 7.252032402902841568e-03 4.543403908610343933e-02 4.056525230407714844e-02 6.567983888089656830e-03 1.528328005224466324e-02 2.184041962027549744e-02 1.638332568109035492e-02 3.495265170931816101e-02 3.422809019684791565e-02 8.446358144283294678e-03 1.084476709365844727e-02 1.068788021802902222e-02 2.748711034655570984e-02 4.134046379476785660e-03 3.310054168105125427e-02 1.139003224670886993e-02 1.292932126671075821e-02 6.625222042202949524e-03 1.811447553336620331e-02 6.930282805114984512e-03 1.360041834414005280e-02 8.492097258567810059e-03 1.386966742575168610e-02 2.332219853997230530e-02 3.106966428458690643e-02 1.284489221870899200e-02 2.029612101614475250e-02 1.456516608595848083e-02 1.743028312921524048e-02 1.562792062759399414e-02 7.805211935192346573e-03 1.665295101702213287e-02 2.382135950028896332e-02 2.100428938865661621e-02 3.361159190535545349e-02 1.835809089243412018e-02 2.122991718351840973e-02
2.394933626055717468e-02 1.571017876267433167e-02 2.882200991734862328e-03 2.449809201061725616e-02 1.608104258775711060e-02 1.892489567399024963e-02 7.229407783597707748e-03 1.235373225063085556e-02 8.304652571678161621e-01 5.509997531771659851e-02 2.227173000574111938e-02 1.994449459016323090e-02 2.026925235986709595e-02 1.374277658760547638e-02 1.352813094854354858e-02 1.017108187079429626e-02 2.139252610504627228e-02 4.539446905255317688e-02 4.024479165673255920e-02 1.140542142093181610e-02 7.061231415718793869e-03 1.021450106054544449e-02 2.648544125258922577e-02 2.498648874461650848e-02 2.344633918255567551e-03 3.205670509487390518e-03 1.041237916797399521e-02 3.853938309475779533e-03 5.428611300885677338e-03 1.940047554671764374e-02 9.477618732489645481e-04 1.471320446580648422e-02 1.040454953908920288e-02 8.860250934958457947e-03 1.763062551617622375e-02 7.397478446364402771e-03 1.428099535405635834e-02 6.811955245211720467e-04 1.029204390943050385e-02 1.946013048291206360e-02 1.479232311248779297e-02 3.913671150803565979e-02 4.963150247931480408e-03 1.752121932804584503e-02 1.437521819025278091e-02 1.233308389782905579e-02 1.900309929624199867e-03 3.617353970184922218e-03 4.038688167929649353e-02 3.419558703899383545e-02 3.769235219806432724e-03 2.616049489006400108e-03 4.451513290405273438e-03 3.005742840468883514e-02 5.524500831961631775e-02 2.681751921772956848e-02 2.785600908100605011e-02 1.569548738189041615e-03 2.128997631371021271e-02 1.438034605234861374e-02 3.286669775843620300e-02 1.226142048835754395e-02 8.491205051541328430e-03 2.127642743289470673e-02 1.702998019754886627e-02 1.403761003166437149e-02 2.126589883118867874e-03 2.246122807264328003e-03 5.123239010572433472e-02 3.957566805183887482e-03 1.616728492081165314e-02 2.564387582242488861e-02 5.802339408546686172e-03 1.418669824488461018e-03 8.129948750138282776e-03 1.605562865734100342e-02 7.009514421224594116e-02 4.981542751193046570e-02 3.977212309837341309e-02 4.175426810979843140e-02 3.720360109582543373e-03 3.614593995735049248e-03 2.488892711699008942e-02 2.960162237286567688e-02 1.080839429050683975e-02 4.655331838876008987e-03 1.730997301638126373e-02 1.251546666026115417e-02 3.160652145743370056e-02 2.384310774505138397e-02 9.996988810598850250e-03 4.743189085274934769e-03 3.796283272095024586e-04 7.291129790246486664e-03 1.919572614133358002e-02 1.399662531912326813e-02 7.409141981042921543e-04 1.860445714555680752e-03 2.171379514038562775e-02 1.710665971040725708e-02 1.198398094857111573e-04 9.674116969108581543e-03 1.176634803414344788e-02 7.066214457154273987e-03 1.441716216504573822e-02 4.114443436264991760e-03 5.758162122219800949e-03 2.373275533318519592e-02 4.357921890914440155e-03 1.310036052018404007e-02 2.977837342768907547e-03 3.960590343922376633e-03 6.564984098076820374e-03 1.620043069124221802e-02 6.727181375026702881e-03 1.977824373170733452e-03
2.358911186456680298e-02 1.430858392268419266e-02 1.825601607561111450e-02 1.697263680398464203e-02 1.948921196162700653e-02 1.495018880814313889e-02 7.209970150142908096e-03 5.414800718426704407e-03 5.509997531771659851e-02 8.304652571678161621e-01 2.097315341234207153e-02 6.625401787459850311e-03 1.547094620764255524e-02 1.088816206902265549e-02 1.463147718459367752e-02 1.932624913752079010e-02 2.890163660049438477e-02 3.021194785833358765e-02 5.574496835470199585e-02 2.981067867949604988e-03 7.735759019851684570e-03 8.422747254371643066e-03 1.585580036044120789e-02 3.156321495771408081e-02 2.782536437734961510e-03 5.208652466535568237e-03 2.654136915225535631e-04 1.596455462276935577e-02 4.534166306257247925e-03 1.796314679086208344e-02 6.849424447864294052e-03 1.705537736415863037e-02 7.232502568513154984e-03 2.648981660604476929e-02 1.884617842733860016e-03 5.845097359269857407e-03 5.122030153870582581e-03 9.548041969537734985e-03 5.475342739373445511e-03 2.512500435113906860e-02 1.493360474705696106e-02 2.635109424591064453e-02 7.155311759561300278e-03 2.984028309583663940e-02 2.602846734225749969e-02 3.973351418972015381e-02 8.906830102205276489e-03 6.627452559769153595e-03 3.402345627546310425e-02 5.178666487336158752e-02 2.608867362141609192e-03 1.056282781064510345e-02 2.280251355841755867e-03 2.167052216827869415e-02 3.280450031161308289e-02 3.358212113380432129e-02 2.395023329881951213e-04 1.177577767521142960e-02 1.463314704596996307e-02 2.333017811179161072e-02 1.558401808142662048e-02 2.022269181907176971e-02 2.079558558762073517e-02 2.853516303002834320e-02 3.959597088396549225e-03 7.945637218654155731e-03 4.321084357798099518e-03 9.162762202322483063e-03 4.217253625392913818e-02 1.740467734634876251e-02 1.952873915433883667e-02 1.842368021607398987e-02 1.419389992952346802e-02 3.619573311880230904e-03 6.525463890284299850e-03 9.931693784892559052e-03 3.875963017344474792e-02 5.814739689230918884e-02 3.663714975118637085e-02 6.600143760442733765e-02 6.136996671557426453e-03 1.442991476505994797e-02 9.633983485400676727e-03 4.919743165373802185e-02 2.364181913435459137e-02 3.085235320031642914e-02 1.675550080835819244e-02 1.800680905580520630e-02 2.076445892453193665e-02 2.950783073902130127e-02 8.789821527898311615e-03 5.405665840953588486e-03 5.628112237900495529e-03 3.130750264972448349e-03 1.661961525678634644e-02 2.724289707839488983e-02 3.560054348781704903e-03 1.486275694333016872e-03 1.060864143073558807e-02 1.448369026184082031e-02 1.523114275187253952e-02 1.335666514933109283e-03 1.812983863055706024e-02 8.736038580536842346e-03 9.972817264497280121e-03 2.708598738536238670e-03 1.599853113293647766e-02 6.911453790962696075e-03 6.911903619766235352e-03 4.823032300919294357e-03 3.746893489733338356e-03 3.102108603343367577e-03 7.250189315527677536e-03 7.925924845039844513e-03 7.917618378996849060e-03 7.418383844196796417e-03
7.276533544063568115e-02 6.827607005834579468e-02 1.353876781649887562e-03 8.347627706825733185e-03 2.823613025248050690e-02 5.958466976881027222e-02 7.307281345129013062e-02 2.585202688351273537e-03 2.227173000574111938e-02 2.097315341234207153e-02 8.304652571678161621e-01 2.373839728534221649e-03 6.730345636606216431e-02 1.118311192840337753e-02 3.040412999689579010e-02 1.800587400794029236e-02 2.328612096607685089e-02 1.803180202841758728e-02 1.974605396389961243e-02 2.494181506335735321e-02 2.079663611948490143e-02 2.428099326789379120e-02 1.477510016411542892e-02 1.154648419469594955e-02 2.525433525443077087e-02 5.389661062508821487e-03 1.978978887200355530e-02 2.037167549133300781e-02 3.382583335041999817e-02 1.068729814141988754e-02 3.022092767059803009e-02 2.234745025634765625e-02 4.694009199738502502e-03 2.144694142043590546e-02 5.775009747594594955e-03 1.393007207661867142e-02 1.523854490369558334e-02 2.462396398186683655e-02 1.433281344361603260e-03 6.936390884220600128e-03 2.433448657393455505e-02 1.291257049888372421e-02 1.366973854601383209e-02 9.667039848864078522e-03 1.566562615334987640e-02 5.858615972101688385e-03 3.022292442619800568e-02 3.238723799586296082e-02 1.404539588838815689e-02 5.466212518513202667e-03 5.300317425280809402e-03 2.226027427241206169e-03 2.285089343786239624e-02 1.941162860020995140e-03 1.241833157837390900e-02 1.160395890474319458e-02 7.008953834883868694e-04 3.230143338441848755e-04 8.878082968294620514e-03 1.760118268430233002e-02 2.534776693210005760e-03 1.049324963241815567e-02 1.551602035760879517e-02 1.040644757449626923e-02 4.483550414443016052e-02 4.842046648263931274e-02 2.268631011247634888e-02 1.388485450297594070e-02 1.704543642699718475e-02 1.011794805526733398e-02 1.641074195504188538e-02 3.232348710298538208e-03 1.463884674012660980e-02 3.569372231140732765e-03 2.956386655569076538e-03 3.694910556077957153e-03 2.364508435130119324e-02 1.716421358287334442e-02 1.384789310395717621e-02 8.148130029439926147e-03 2.532318932935595512e-03 1.836854498833417892e-03 6.113315466791391373e-03 2.240293845534324646e-02 1.209229696542024612e-02 1.325943786650896072e-02 3.084069304168224335e-02 2.072770707309246063e-02 4.493543878197669983e-03 6.643156055361032486e-03 2.934699505567550659e-02 3.008047118782997131e-02 1.086977217346429825e-02 2.742152102291584015e-02 6.502377800643444061e-03 1.881315559148788452e-02 5.686709657311439514e-03 1.648886944167315960e-03 1.441399194300174713e-02 8.958479389548301697e-03 9.881330654025077820e-03 8.664958178997039795e-03 3.303336212411522865e-03 8.115597069263458252e-03 2.323810756206512451e-02 7.533171679824590683e-03 1.726232096552848816e-02 4.637066740542650223e-03 9.429546073079109192e-03 1.302672433666884899e-03 2.297154860571026802e-03 7.100279442965984344e-03 1.549614965915679932e-02 1.516862027347087860e-02 1.745242998003959656e-02 1.746891182847321033e-03
1.333131548017263412e-02 5.658461595885455608e-04 8.847085759043693542e-03 8.277765475213527679e-03 1.289786957204341888e-02 3.543880209326744080e-02 1.211205031722784042e-03 2.163405716419219971e-02 1.994449459016323090e-02 6.625401787459850311e-03 2.373839728534221649e-03 8.304652571678161621e-01 2.890685340389609337e-03 8.589229732751846313e-02 3.243290260434150696e-02 1.257656980305910110e-02 1.589564047753810883e-02 5.451816599816083908e-03 1.413966622203588486e-02 1.708103530108928680e-02 3.426676243543624878e-02 5.645287223160266876e-03 8.172030560672283173e-03 9.886773303151130676e-03 1.345501467585563660e-02 9.140091016888618469e-03 2.115539507940411568e-03 5.219418182969093323e-02 2.912919037044048309e-02 4.103180393576622009e-02 1.500355824828147888e-02 1.266142074018716812e-02 7.986690849065780640e-03 1.642067357897758484e-02 5.573909147642552853e-04 2.244307892397046089e-03 2.308020368218421936e-03 1.741635031066834927e-03 3.216345328837633133e-03 1.269783242605626583e-03 1.142632029950618744e-02 5.271631758660078049e-03 1.812819764018058777e-02 2.118801698088645935e-02 1.979830302298069000e-02 1.572624221444129944e-02 1.458260044455528259e-02 4.051543772220611572e-03 1.164588145911693573e-02 2.614741772413253784e-02 3.920478746294975281e-03 1.506961882114410400e-02 4.482123069465160370e-03 9.410020895302295685e-03 7.095214445143938065e-03 2.636294439435005188e-02 3.588779643177986145e-02 1.900827698409557343e-02 1.194812264293432236e-02 2.198981354013085365e-03 3.730796510353684425e-03 1.891449280083179474e-02 5.742358043789863586e-03 1.130271982401609421e-02 3.085258975625038147e-02 3.380057867616415024e-03 2.094413340091705322e-02 2.799472399055957794e-02 9.015467949211597443e-03 1.862597465515136719e-02 1.365047227591276169e-02 3.077996522188186646e-02 1.898268423974514008e-02 1.717190071940422058e-02 7.269225898198783398e-04 4.613372683525085449e-02 2.520108222961425781e-02 2.814107760787010193e-02 1.549901440739631653e-02 7.940079667605459690e-04 1.370057463645935059e-02 1.690123602747917175e-02 9.348060935735702515e-03 2.019321173429489136e-02 9.402594878338277340e-04 1.378829218447208405e-02 1.452517136931419373e-02 5.540853831917047501e-03 4.735637083649635315e-02 3.822465240955352783e-02 2.988040074706077576e-02 6.470201537013053894e-03 1.645060256123542786e-03 6.635058671236038208e-03 3.383666276931762695e-02 4.572985693812370300e-03 1.238357648253440857e-02 3.644681721925735474e-02 6.882429588586091995e-03 1.255875080823898315e-02 1.986233051866292953e-03 1.524415612220764160e-02 9.637021459639072418e-03 6.026748567819595337e-03 1.291937567293643951e-02 1.135695818811655045e-02 5.042517092078924179e-03 1.894199475646018982e-02 1.772490888833999634e-02 7.853020913898944855e-03 2.905773581005632877e-04 2.667728438973426819e-02 4.563136957585811615e-03 7.103030104190111160e-03 5.812027491629123688e-03 2.163996687158942223e-03
6.611521542072296143e-02 6.632620096206665039e-02 2.284098416566848755e-03 1.204322744160890579e-02 2.720799855887889862e-02 5.316197127103805542e-02 6.309957057237625122e-02 5.300523247569799423e-03 2.026925235986709595e-02 1.547094620764255524e-02 6.730345636606216431e-02 2.890685340389609337e-03 8.304652571678161621e-01 4.683181643486022949e-03 2.600105479359626770e-02 1.211733650416135788e-02 2.229262515902519226e-02 4.040151368826627731e-03 1.020939741283655167e-02 3.678675368428230286e-02 2.130006067454814911e-02 3.183482214808464050e-02 8.754666894674301147e-03 6.226549856364727020e-03 3.419745713472366333e-02 1.710433885455131531e-02 2.951773814857006073e-02 2.294588088989257812e-02 2.922655269503593445e-02 1.051710359752178192e-02 2.991809137165546417e-02 1.738341897726058960e-02 1.201562583446502686e-03 1.917298696935176849e-02 2.090727537870407104e-02 1.068068481981754303e-02 2.040737494826316833e-02 2.416725456714630127e-02 2.167133148759603500e-03 6.362823303788900375e-03 1.143546495586633682e-02 1.879323087632656097e-02 1.518901064991950989e-02 2.595483558252453804e-03 9.545993991196155548e-03 6.122239865362644196e-03 2.339352667331695557e-02 2.118343673646450043e-02 1.642641797661781311e-02 8.443011902272701263e-03 1.537443697452545166e-02 1.181638147681951523e-02 2.787516638636589050e-02 1.446077413856983185e-02 1.215527113527059555e-02 1.583143696188926697e-02 8.447283878922462463e-03 6.193744949996471405e-03 1.192428544163703918e-02 2.082460746169090271e-02 3.049906576052308083e-03 1.371538080275058746e-02 5.407191812992095947e-03 7.888697087764739990e-03 4.117195680737495422e-02 5.101253464818000793e-02 2.812571637332439423e-02 1.640383340418338776e-02 1.066245604306459427e-02 2.010686323046684265e-03 1.419999636709690094e-02 7.927945262053981423e-06 1.270956825464963913e-02 6.161231081932783127e-03 2.941475948318839073e-03 3.409866010770201683e-03 1.875864714384078979e-02 2.087091840803623199e-02 1.618980430066585541e-02 8.152656257152557373e-03 2.556631807237863541e-03 5.332435015588998795e-03 3.957909066230058670e-03 1.627570018172264099e-02 1.930914446711540222e-02 1.994539611041545868e-02 3.019361756742000580e-02 2.703902311623096466e-02 2.759579801931977272e-03 3.172416239976882935e-03 2.374591864645481110e-02 2.969551458954811096e-02 2.800512826070189476e-03 2.952430024743080139e-02 1.043465547263622284e-02 1.308855880051851273e-02 1.314771454781293869e-02 1.601572264917194843e-03 1.675653830170631409e-02 1.653688028454780579e-02 9.850469417870044708e-03 1.510818023234605789e-02 1.115873549133539200e-02 1.111089717596769333e-02 1.985589973628520966e-02 1.784004084765911102e-02 8.411081507802009583e-03 8.143780753016471863e-03 1.095092296600341797e-02 8.502582088112831116e-03 1.042318157851696014e-02 1.264440268278121948e-02 1.677591726183891296e-02 2.092093601822853088e-02 1.489222142845392227e-02 5.541109014302492142e-03
