8.380306959152221680e-01 7.829938083887100220e-02 5.095565225929021835e-03 4.723636899143457413e-03 3.555114381015300751e-03 4.887698590755462646e-02 6.495078653097152710e-02 1.155524142086505890e-02 8.278863504528999329e-03 9.343978017568588257e-03 7.074797153472900391e-02 1.249624695628881454e-02 6.408604979515075684e-02 1.598105579614639282e-02 3.031281009316444397e-02 3.822767641395330429e-03 3.596673719584941864e-03 2.226587198674678802e-02 2.598547190427780151e-02 3.411028534173965454e-02 3.353709727525711060e-02 1.390405837446451187e-02 7.725266739726066589e-03 1.147555559873580933e-02 2.405537664890289307e-02 2.497027162462472916e-03 9.856215678155422211e-03 1.493710745126008987e-02 1.215774379670619965e-02 1.752696372568607330e-02 1.026254706084728241e-02 1.199918426573276520e-02 8.264456875622272491e-03 1.078300364315509796e-02 5.059892777353525162e-03 2.448405139148235321e-02 2.485306747257709503e-02 2.704100217670202255e-03 4.452111665159463882e-03 2.290725708007812500e-02 1.072751916944980621e-02 1.640678010880947113e-02 8.851741440594196320e-03 1.919918810017406940e-03 1.540401857346296310e-02 2.487145364284515381e-02 2.574717812240123749e-02 1.269953697919845581e-02 3.346855519339442253e-03 1.113008614629507065e-02 1.379525102674961090e-02 6.169189000502228737e-04 3.996794577687978745e-03 1.192009891383349895e-03 1.492400420829653740e-03 2.656831347849220037e-04 3.993140999227762222e-03 1.691250689327716827e-02 1.334463618695735931e-02 6.718451157212257385e-03 9.444589377380907536e-04 9.069270454347133636e-03 1.506538502871990204e-02 1.628464460372924805e-02 6.523085292428731918e-03 1.969305332750082016e-03 2.408581413328647614e-02 1.503718644380569458e-02 1.365799107588827610e-03 3.230123966932296753e-02 1.009323820471763611e-02 3.307198360562324524e-02 7.144557312130928040e-03 2.233299799263477325e-02 1.593752019107341766e-02 2.504425682127475739e-02 1.590678468346595764e-02 2.647388726472854614e-02 1.872246712446212769e-02 8.061728440225124359e-03 5.731522687710821629e-04 1.600276492536067963e-02 1.010163687169551849e-02 2.738309092819690704e-02 8.772012777626514435e-03 4.571026191115379333e-03 2.584329061210155487e-02 2.262237481772899628e-02 9.264384396374225616e-03 2.690506540238857269e-02 5.435651168227195740e-03 5.720878485590219498e-03 4.716398194432258606e-03 1.359141897410154343e-03 1.802326552569866180e-02 1.496421545743942261e-02 2.449101023375988007e-02 1.971937902271747589e-02 1.213968452066183090e-02 1.024883333593606949e-02 2.398390322923660278e-02 1.669033616781234741e-02 2.078062668442726135e-02 2.549692429602146149e-02 6.367599591612815857e-03 9.203291498124599457e-03 3.329705446958541870e-02 2.823253162205219269e-02 2.353959716856479645e-02 2.942140959203243256e-02 2.551252022385597229e-02 1.115273032337427139e-02 1.631103828549385071e-02 1.541038695722818375e-02 2.347942627966403961e-02 1.609634980559349060e-02
7.829938083887100220e-02 8.380306959152221680e-01 7.961217314004898071e-03 1.915360218845307827e-03 3.795858239755034447e-03 3.945112228393554688e-02 5.957303196191787720e-02 8.343232795596122742e-03 8.156513795256614685e-03 4.915147088468074799e-03 5.741935968399047852e-02 1.134771667420864105e-02 5.750413611531257629e-02 7.142832502722740173e-03 2.004504203796386719e-02 3.297181567177176476e-03 4.087863489985466003e-03 2.516881749033927917e-02 2.753901667892932892e-02 3.473291918635368347e-02 2.744258753955364227e-02 1.017406396567821503e-02 7.834919728338718414e-03 1.150010805577039719e-02 2.518606930971145630e-02 2.106603235006332397e-03 1.341787911951541901e-02 1.680527068674564362e-02 1.533875800669193268e-02 1.729615591466426849e-02 1.027326798066496849e-03 1.266483403742313385e-02 9.944232180714607239e-03 1.041407883167266846e-02 4.075153730809688568e-03 3.008611313998699188e-02 3.020154871046543121e-02 2.709765452891588211e-03 3.657452762126922607e-03 2.868469245731830597e-02 1.341689843684434891e-02 2.039132080972194672e-02 1.255943160504102707e-02 7.466858252882957458e-03 1.169373467564582825e-02 2.349488623440265656e-02 1.777127385139465332e-02 1.226145960390567780e-02 1.491766888648271561e-03 1.195159275084733963e-02 1.936687342822551727e-02 2.599014667794108391e-03 1.764097064733505249e-02 9.986812248826026917e-03 2.964391314890235662e-04 1.398637774400413036e-03 2.405819715932011604e-03 1.585263013839721680e-02 2.379350736737251282e-02 1.773998886346817017e-02 3.432766767218708992e-03 1.426279917359352112e-02 1.393890380859375000e-02 1.285198796540498734e-02 1.301926374435424805e-02 3.504957130644470453e-04 2.787331305444240570e-02 1.518621016293764114e-02 3.380264621227979660e-03 3.005834110081195831e-02 1.342246681451797485e-02 2.722466178238391876e-02 1.614221744239330292e-02 2.462594397366046906e-02 2.211333252489566803e-02 2.743348106741905212e-02 1.487306877970695496e-02 2.069224603474140167e-02 1.046500075608491898e-02 2.375053736614063382e-04 1.186272315680980682e-02 1.701533980667591095e-02 1.476323604583740234e-02 2.689994871616363525e-02 1.349791139364242554e-02 1.172268670052289963e-02 1.740041002631187439e-02 1.483303681015968323e-02 9.652212262153625488e-03 2.642118372023105621e-02 2.191727748140692711e-03 9.694961772765964270e-05 5.475892103277146816e-04 1.473891083151102066e-03 8.233271539211273193e-03 6.294942460954189301e-03 2.500420249998569489e-02 2.184681966900825500e-02 1.395227387547492981e-02 1.382881216704845428e-02 2.875843644142150879e-02 2.033937908709049225e-02 2.209297008812427521e-02 2.375875599682331085e-02 1.231654547154903412e-02 1.504814345389604568e-02 3.895365819334983826e-02 3.034195862710475922e-02 3.100717253983020782e-02 2.998250722885131836e-02 2.586886100471019745e-02 1.538680028170347214e-02 1.810685172677040100e-02 1.444330904632806778e-02 2.045015990734100342e-02 1.170330308377742767e-02
5.095565225929021835e-03 7.961217314004898071e-03 8.380306959152221680e-01 3.202167153358459473e-02 1.465655863285064697e-02 1.248781569302082062e-02 3.019446739926934242e-03 7.027838379144668579e-02 2.208297839388251305e-03 1.516492106020450592e-02 1.148811890743672848e-03 1.593304798007011414e-02 1.717147603631019592e-02 8.742551319301128387e-03 1.408759853802621365e-03 1.355992513708770275e-03 4.567501600831747055e-03 1.489083934575319290e-02 9.523508138954639435e-03 2.129425294697284698e-03 5.060627590864896774e-03 1.022256352007389069e-02 4.728605039417743683e-03 1.288372324779629707e-03 8.232116699218750000e-03 1.946638897061347961e-02 1.761754392646253109e-04 8.494659326970577240e-03 3.144563362002372742e-02 1.018046122044324875e-02 3.949837386608123779e-02 8.146595209836959839e-03 9.303973056375980377e-03 2.678584074601531029e-03 1.425572391599416733e-02 1.350519340485334396e-02 5.491313524544239044e-03 1.596795022487640381e-02 2.665937133133411407e-02 7.953783497214317322e-03 9.500709129497408867e-04 2.252788096666336060e-02 3.476999467238783836e-03 9.857782162725925446e-03 1.450470881536602974e-03 8.913885802030563354e-03 3.380453214049339294e-03 1.225119270384311676e-02 3.588091814890503883e-03 3.518543904647231102e-03 4.432804882526397705e-03 8.238093927502632141e-03 2.630180492997169495e-02 2.234086021780967712e-02 1.913973828777670860e-03 1.056136377155780792e-02 1.527438126504421234e-02 3.151999786496162415e-02 4.051775112748146057e-02 1.672031544148921967e-02 2.676045522093772888e-03 7.051690481603145599e-03 2.377164363861083984e-02 1.599497534334659576e-02 7.832868956029415131e-03 1.421291287988424301e-02 6.126984022557735443e-03 1.093314308673143387e-02 1.943358074640855193e-04 2.600864274427294731e-03 2.107514068484306335e-03 5.781257990747690201e-03 7.003220263868570328e-03 1.290550921112298965e-02 1.432914193719625473e-02 1.220229826867580414e-02 1.179227512329816818e-02 6.957054138183593750e-03 9.990615770220756531e-03 1.153714838437736034e-03 5.825712531805038452e-02 1.526979543268680573e-02 1.711743697524070740e-02 1.142775407060980797e-03 2.414537966251373291e-02 1.813820376992225647e-02 1.579218730330467224e-02 8.969046175479888916e-03 5.432425998151302338e-03 3.751272102817893028e-03 2.372286655008792877e-02 2.639330690726637840e-03 2.979836612939834595e-02 1.429840549826622009e-02 1.328361919149756432e-03 1.648093946278095245e-02 6.641529034823179245e-03 1.241450291126966476e-02 1.845296239480376244e-03 4.071014001965522766e-03 7.461710833013057709e-03 7.478506769984960556e-03 3.667490556836128235e-03 8.374000899493694305e-03 2.149183489382266998e-02 1.133540552109479904e-02 5.443122703582048416e-03 6.092478986829519272e-03 1.737422123551368713e-02 2.483180165290832520e-02 7.990568876266479492e-03 7.131597027182579041e-03 5.228790454566478729e-03 1.716638356447219849e-02 8.180803619325160980e-03 7.665019016712903976e-03
4.723636899143457413e-03 1.915360218845307827e-03 3.202167153358459473e-02 8.380306959152221680e-01 3.594986721873283386e-02 3.217858448624610901e-02 1.931380107998847961e-02 1.253829617053270340e-02 2.473341301083564758e-02 8.524978533387184143e-03 1.729794964194297791e-02 1.559282187372446060e-02 2.474056929349899292e-02 1.896022446453571320e-02 1.470959279686212540e-03 3.031943552196025848e-02 1.988258026540279388e-02 2.975001931190490723e-02 4.436403047293424606e-03 1.407522894442081451e-02 9.881461039185523987e-03 8.110396564006805420e-03 1.658712327480316162e-02 1.526725105941295624e-02 6.075775250792503357e-03 6.991321686655282974e-03 1.031302288174629211e-02 3.947519231587648392e-03 3.062844835221767426e-02 7.745301350951194763e-03 2.347223646938800812e-02 2.176428586244583130e-02 6.246343720704317093e-03 3.947407938539981842e-03 4.508581943809986115e-03 1.635042205452919006e-02 2.091587753966450691e-03 7.992978207767009735e-03 5.399941653013229370e-02 3.350286558270454407e-02 1.915330253541469574e-02 5.960076581686735153e-03 3.060019575059413910e-02 1.454512868076562881e-02 9.449654258787631989e-03 1.158998999744653702e-02 2.716044522821903229e-02 1.988063193857669830e-02 1.013807952404022217e-02 4.612992517650127411e-03 1.185343414545059204e-02 7.286371663212776184e-03 5.339835770428180695e-03 3.178582759574055672e-03 1.397682260721921921e-02 1.395270042121410370e-02 5.792347714304924011e-03 6.833043415099382401e-03 1.558871846646070480e-02 6.900682579725980759e-03 1.469787582755088806e-02 2.226296439766883850e-02 1.560334488749504089e-02 4.946349072270095348e-04 1.493118051439523697e-02 9.376911446452140808e-03 8.140639401972293854e-03 7.963957265019416809e-03 1.223122514784336090e-02 1.789845526218414307e-03 2.182809449732303619e-02 1.882517896592617035e-02 2.002146840095520020e-02 1.480880193412303925e-02 3.081828728318214417e-02 2.155754528939723969e-02 2.017060667276382446e-02 1.065804157406091690e-02 1.557240821421146393e-02 5.883524194359779358e-03 2.773518115282058716e-02 1.047041080892086029e-02 3.989630937576293945e-02 1.889118179678916931e-02 9.211706928908824921e-03 9.565649554133415222e-03 7.310406304895877838e-03 2.759821014478802681e-03 3.170166397467255592e-03 3.122552996501326561e-03 1.894467882812023163e-02 1.606980152428150177e-02 2.234465815126895905e-02 2.635320182889699936e-03 3.517745062708854675e-02 1.766730099916458130e-02 1.072719786316156387e-02 2.415730617940425873e-02 2.436474023852497339e-04 1.159888971596956253e-02 1.611866615712642670e-02 3.022396005690097809e-03 4.562938585877418518e-03 8.333370089530944824e-03 2.596255578100681305e-02 3.148573217913508415e-03 1.546736573800444603e-03 5.735366139560937881e-03 2.408322034170851111e-04 1.383096445351839066e-02 4.604096757248044014e-04 1.022470742464065552e-02 2.257193252444267273e-02 3.665148466825485229e-02 6.506336387246847153e-03 1.593428291380405426e-02
3.555114381015300751e-03 3.795858239755034447e-03 1.465655863285064697e-02 3.594986721873283386e-02 8.380306959152221680e-01 5.325297359377145767e-03 9.821719722822308540e-04 1.830145716667175293e-02 1.403325423598289490e-02 1.616450399160385132e-02 2.709136344492435455e-03 5.201022140681743622e-04 5.636850371956825256e-03 1.366201695054769516e-02 1.282260101288557053e-02 2.058768644928932190e-02 1.993529126048088074e-02 1.023482810705900192e-02 9.642215445637702942e-03 1.860481686890125275e-02 2.113106846809387207e-02 1.434889063239097595e-02 1.940805092453956604e-02 2.698606625199317932e-02 1.494185999035835266e-02 1.590566337108612061e-02 1.053283270448446274e-02 1.963664218783378601e-02 1.112240180373191833e-02 1.580990850925445557e-02 1.769848284311592579e-03 1.329136081039905548e-02 5.257752258330583572e-03 1.705866679549217224e-02 6.168566644191741943e-03 1.557781640440225601e-02 1.841893233358860016e-02 2.980303578078746796e-02 3.354993462562561035e-02 3.629263117909431458e-02 2.789150923490524292e-02 9.585374966263771057e-03 1.783842779695987701e-02 2.611210197210311890e-02 2.334307879209518433e-03 1.627222634851932526e-02 1.263507548719644547e-02 1.974858343601226807e-02 4.601260588970035315e-04 1.082772109657526016e-02 2.084173494949936867e-03 4.668327048420906067e-03 5.881374236196279526e-04 2.724395133554935455e-03 1.108018099330365658e-03 1.679797843098640442e-02 7.850854657590389252e-03 7.616701768711209297e-04 1.065407972782850266e-02 9.682411327958106995e-03 6.353097967803478241e-03 8.243224583566188812e-03 4.762629978358745575e-04 7.986900396645069122e-03 1.672068238258361816e-02 2.414037939161062241e-03 1.184385083615779877e-02 1.321208756417036057e-02 2.444542245939373970e-03 1.575219444930553436e-02 7.756667211651802063e-03 1.075997110456228256e-02 9.492973797023296356e-03 2.212875522673130035e-02 7.442147005349397659e-03 1.882802695035934448e-02 1.095043215900659561e-02 1.188231166452169418e-02 7.241502869874238968e-03 2.174737397581338882e-03 2.845124714076519012e-02 2.107542939484119415e-02 3.269311785697937012e-02 9.957416914403438568e-03 9.720050729811191559e-03 1.383855193853378296e-02 2.228265255689620972e-02 2.460273541510105133e-02 1.111008133739233017e-02 4.409565590322017670e-03 1.218856312334537506e-02 1.732277125120162964e-02 1.706627197563648224e-02 1.819536089897155762e-02 4.459216073155403137e-02 4.755294695496559143e-02 2.823544666171073914e-02 3.833779320120811462e-02 1.505144126713275909e-02 1.245903968811035156e-02 3.472153469920158386e-02 3.686968237161636353e-02 2.319394424557685852e-02 3.398288413882255554e-02 2.749949693679809570e-02 2.923088334500789642e-02 2.499078586697578430e-02 1.196180749684572220e-02 3.718204796314239502e-02 8.218582719564437866e-03 1.218783482909202576e-02 1.401244569569826126e-02 1.160881668329238892e-02 1.682542450726032257e-02 4.589097108691930771e-03 1.878723036497831345e-03
4.887698590755462646e-02 3.945112228393554688e-02 1.248781569302082062e-02 3.217858448624610901e-02 5.325297359377145767e-03 8.380306959152221680e-01 9.592323750257492065e-02 1.071899570524692535e-02 1.417919807136058807e-02 1.158590801060199738e-02 4.809028655290603638e-02 7.520982064306735992e-03 5.589587986469268799e-02 1.447796914726495743e-02 9.855163283646106720e-03 1.700428128242492676e-02 7.881628349423408508e-03 1.180485170334577560e-02 1.670809462666511536e-02 2.370020520174875855e-04 7.100700400769710541e-03 4.622634965926408768e-03 9.184109047055244446e-03 1.199495606124401093e-02 1.274023205041885376e-03 3.005067352205514908e-03 7.183382287621498108e-03 1.085989829152822495e-02 2.134449221193790436e-02 1.807524263858795166e-02 1.683943718671798706e-02 1.447210647165775299e-02 1.135432161390781403e-02 6.198178511112928391e-03 1.380003057420253754e-02 1.835429482161998749e-02 1.152339857071638107e-02 1.825587637722492218e-02 1.866503059864044189e-02 3.114908188581466675e-02 2.607346884906291962e-02 1.332571636885404587e-02 2.324977889657020569e-02 1.908122748136520386e-02 1.279970258474349976e-02 6.040357053279876709e-03 8.068335801362991333e-02 5.595101788640022278e-02 8.655265904963016510e-03 2.953091403469443321e-03 8.118651807308197021e-03 9.065238758921623230e-03 2.313097240403294563e-03 1.397351082414388657e-02 5.153758917003870010e-03 1.355472952127456665e-02 6.834803498350083828e-04 1.447703782469034195e-02 1.940926164388656616e-02 6.052066572010517120e-03 1.968235010281205177e-03 1.521953288465738297e-02 8.673267439007759094e-03 1.393576432019472122e-02 3.057247400283813477e-02 3.024071268737316132e-02 2.076512668281793594e-03 3.999979700893163681e-03 4.698208998888731003e-03 1.657075248658657074e-03 1.483058370649814606e-02 8.297585882246494293e-03 1.225364487618207932e-02 7.335785776376724243e-03 1.906251907348632812e-02 1.387916877865791321e-02 1.525893248617649078e-02 2.329827658832073212e-02 1.312271226197481155e-02 7.499761879444122314e-03 1.515192212536931038e-03 1.763139665126800537e-02 1.535359490662813187e-02 1.287668943405151367e-02 4.428350832313299179e-03 5.556478165090084076e-03 1.120239176088944077e-04 8.682953193783760071e-03 8.482082048431038857e-04 1.846735179424285889e-02 2.253059670329093933e-02 1.357232872396707535e-02 2.569678984582424164e-02 2.496717206668108702e-04 1.714919321238994598e-02 2.311475947499275208e-02 1.226005051285028458e-02 1.366894785314798355e-02 1.765913213603198528e-03 6.564707029610872269e-03 8.178958087228238583e-04 3.291680011898279190e-03 1.563687995076179504e-02 1.480608247220516205e-02 1.142168324440717697e-02 4.226483870297670364e-03 3.980591427534818649e-03 8.434783667325973511e-03 6.220894865691661835e-03 1.089002285152673721e-02 2.284193783998489380e-02 2.179012820124626160e-02 1.561427209526300430e-02 6.260979454964399338e-03 2.739221043884754181e-02 1.118578482419252396e-02
6.495078653097152710e-02 5.957303196191787720e-02 3.019446739926934242e-03 1.931380107998847961e-02 9.821719722822308540e-04 9.592323750257492065e-02 8.380306959152221680e-01 7.305429317057132721e-03 1.434856094419956207e-02 1.127434708178043365e-02 6.217377632856369019e-02 1.180854067206382751e-02 6.713492423295974731e-02 8.925356902182102203e-03 6.360760889947414398e-03 1.233144011348485947e-02 6.026817485690116882e-03 1.834710687398910522e-02 1.969554834067821503e-02 1.065712794661521912e-02 1.274546980857849121e-02 1.936477236449718475e-02 8.620685897767543793e-03 2.359622390940785408e-03 1.129092648625373840e-02 8.571193757234141231e-05 2.299216110259294510e-03 2.085793949663639069e-02 1.340977847576141357e-02 2.631959691643714905e-02 5.301217548549175262e-03 1.264737546443939209e-02 7.388857193291187286e-03 7.981236092746257782e-03 1.313903555274009705e-02 3.514611860737204552e-03 8.659229613840579987e-03 5.655277054756879807e-03 1.478783320635557175e-02 3.318785130977630615e-02 5.602312739938497543e-03 1.641257840674370527e-04 7.065935060381889343e-03 8.653486147522926331e-03 1.437537372112274170e-02 8.929613977670669556e-03 7.264219969511032104e-02 5.616611614823341370e-02 1.242892816662788391e-02 2.828549360856413841e-03 7.040421478450298309e-03 9.663289529271423817e-04 7.408803794533014297e-03 6.035184953361749649e-03 5.211350508034229279e-04 1.319081243127584457e-02 3.829833804047666490e-05 1.168289221823215485e-02 1.922687701880931854e-02 4.655213560909032822e-03 7.385565899312496185e-03 1.718045398592948914e-02 3.659765468910336494e-03 7.297639735043048859e-03 2.794545330107212067e-02 3.290051966905593872e-02 2.440571784973144531e-03 1.088157296180725098e-03 7.142305374145507812e-03 1.175652071833610535e-02 1.608337648212909698e-02 1.628567837178707123e-02 1.687193475663661957e-02 1.173937320709228516e-02 2.132217958569526672e-02 1.702703163027763367e-02 1.492170989513397217e-02 2.450495027005672455e-02 7.378626149147748947e-03 3.860181197524070740e-03 1.752147567458450794e-03 1.026965212076902390e-02 1.224324759095907211e-02 1.728329993784427643e-02 1.981158042326569557e-03 1.588870421983301640e-03 1.185166835784912109e-02 2.194927446544170380e-02 5.083409138023853302e-03 2.349472232162952423e-02 2.151983417570590973e-02 1.546866074204444885e-02 3.035139292478561401e-02 7.096742279827594757e-03 1.845737174153327942e-02 1.745864562690258026e-02 1.769101992249488831e-02 1.271057315170764923e-02 1.092302030883729458e-03 3.356426721438765526e-03 1.460769586265087128e-02 5.829056259244680405e-03 1.366617344319820404e-02 1.349367201328277588e-02 1.020607165992259979e-02 1.888661412522196770e-03 1.195454597473144531e-02 1.041780598461627960e-02 1.420893892645835876e-02 1.145629025995731354e-02 2.120191231369972229e-02 1.603832095861434937e-02 5.801886436529457569e-04 4.165540449321269989e-03 2.406856790184974670e-02 7.311834022402763367e-03
1.155524142086505890e-02 8.343232795596122742e-03 7.027838379144668579e-02 1.253829617053270340e-02 1.830145716667175293e-02 1.071899570524692535e-02 7.305429317057132721e-03 8.380306959152221680e-01 5.251341033726930618e-03 1.790623296983540058e-03 1.414097286760807037e-02 6.838075816631317139e-03 1.664955541491508484e-02 4.143641795963048935e-03 3.712028637528419495e-02 7.834281772375106812e-03 5.383233074098825455e-03 3.695625346153974533e-03 1.358573138713836670e-02 2.232914231717586517e-02 1.291650068014860153e-02 9.425893425941467285e-03 9.132676757872104645e-03 4.649266134947538376e-03 1.248266641050577164e-02 7.192969787865877151e-03 2.049091970548033714e-03 3.652117401361465454e-02 2.150891907513141632e-02 2.727057598531246185e-02 3.383465576916933060e-03 2.838894352316856384e-02 1.140159927308559418e-02 1.371069811284542084e-02 1.676218956708908081e-02 4.124563187360763550e-03 3.285180544480681419e-03 1.009805314242839813e-02 1.244841516017913818e-02 8.718605153262615204e-03 9.420703165233135223e-03 2.085341513156890869e-02 9.291295893490314484e-03 7.218317128717899323e-03 1.041956595145165920e-03 2.132354490458965302e-02 1.096618268638849258e-02 4.362189676612615585e-03 3.190835937857627869e-02 6.312962621450424194e-03 2.652433700859546661e-02 2.320578880608081818e-02 3.059937991201877594e-02 2.753733284771442413e-02 8.389711380004882812e-03 1.974146813154220581e-03 4.736080300062894821e-03 9.640435688197612762e-03 3.305109217762947083e-02 2.376641891896724701e-02 3.584351623430848122e-03 1.452702446840703487e-03 4.056231584399938583e-03 2.619546721689403057e-04 1.962797716259956360e-02 2.160467766225337982e-02 1.666081324219703674e-02 7.200775668025016785e-03 3.885293146595358849e-03 5.702952854335308075e-03 2.346515888348221779e-03 5.287469248287379742e-04 1.146640349179506302e-02 3.344223368912935257e-03 3.264287486672401428e-03 3.834193805232644081e-03 5.071446299552917480e-03 5.557443480938673019e-03 1.215906161814928055e-02 1.044096238911151886e-02 4.596232995390892029e-02 6.205247715115547180e-03 2.125029824674129486e-02 1.386856753379106522e-02 6.514646520372480154e-05 1.047191489487886429e-02 4.115685075521469116e-02 4.488882049918174744e-02 6.320392712950706482e-04 4.002128844149410725e-05 8.550211787223815918e-03 2.054660953581333160e-02 1.531200576573610306e-02 2.385162375867366791e-02 1.340515445917844772e-02 4.741037555504590273e-04 2.350091002881526947e-03 2.451136009767651558e-03 1.467091403901576996e-02 1.360851433128118515e-02 9.633054956793785095e-03 8.210416883230209351e-03 1.233913376927375793e-02 1.112156640738248825e-02 3.350341692566871643e-02 2.726050838828086853e-02 2.613392192870378494e-03 1.566272601485252380e-02 1.058150432072579861e-03 1.720928587019443512e-02 1.433938159607350826e-03 9.618873707950115204e-03 4.692240618169307709e-03 3.348894650116562843e-03 2.927059866487979889e-02 7.552966941148042679e-03
8.278863504528999329e-03 8.156513795256614685e-03 2.208297839388251305e-03 2.473341301083564758e-02 1.403325423598289490e-02 1.417919807136058807e-02 1.434856094419956207e-02 5.251341033726930618e-03 8.380306959152221680e-01 1.967323385179042816e-02 2.087572775781154633e-02 4.023373126983642578e-02 1.567430980503559113e-02 1.194619853049516678e-02 3.007345832884311676e-03 4.234882071614265442e-02 3.994304314255714417e-02 4.266677424311637878e-02 2.069353498518466949e-02 4.688128829002380371e-03 2.373919123783707619e-03 7.844137959182262421e-03 3.533549606800079346e-02 8.365308865904808044e-03 1.423575566150248051e-03 1.324348431080579758e-02 2.837765729054808617e-03 2.072350122034549713e-02 7.376148365437984467e-03 2.768485574051737785e-04 3.454386722296476364e-03 1.964134536683559418e-02 1.297997124493122101e-02 6.640256848186254501e-03 6.378124002367258072e-03 9.368688799440860748e-03 3.958437591791152954e-03 4.668560344725847244e-03 1.251371763646602631e-02 4.790257662534713745e-03 1.037578005343675613e-02 1.270343549549579620e-02 2.250083349645137787e-02 1.379352342337369919e-02 1.100733689963817596e-02 1.431092806160449982e-02 1.831362769007682800e-02 6.880598957650363445e-04 2.264676615595817566e-02 1.504685170948505402e-02 4.170090891420841217e-03 1.441084314137697220e-02 7.477565202862024307e-03 1.119749341160058975e-02 4.592486098408699036e-02 9.804071858525276184e-03 4.825566709041595459e-02 2.390905655920505524e-02 7.417206652462482452e-03 1.590728643350303173e-03 4.088808968663215637e-02 2.991028316318988800e-02 2.065475098788738251e-02 3.325658664107322693e-02 2.066097687929868698e-03 9.782387496670708060e-05 4.363122861832380295e-03 1.727800257503986359e-02 5.009321868419647217e-02 1.683518872596323490e-03 4.283638298511505127e-02 2.619520947337150574e-02 3.305241465568542480e-02 1.116908434778451920e-02 3.788351267576217651e-02 3.379359841346740723e-02 6.724600493907928467e-02 3.088081441819667816e-02 2.496361732482910156e-02 7.090265862643718719e-03 1.312935166060924530e-02 1.490896381437778473e-02 3.655047342181205750e-02 2.958464995026588440e-02 1.563435979187488556e-02 2.605072781443595886e-02 2.118803327903151512e-03 1.008850056678056717e-03 5.173707008361816406e-02 2.830281853675842285e-02 9.457116946578025818e-03 1.562194433063268661e-02 8.399507962167263031e-03 2.206294331699609756e-03 2.825154736638069153e-02 2.049418725073337555e-02 6.120542064309120178e-03 2.456025779247283936e-02 1.604607887566089630e-02 6.713199429214000702e-03 2.223372459411621094e-02 1.991430530324578285e-03 1.012089848518371582e-02 1.102433543564984575e-05 5.462263245135545731e-03 4.650596063584089279e-03 2.175933681428432465e-03 2.064028382301330566e-02 2.787453820928931236e-03 1.464684586971998215e-02 1.277257222682237625e-03 2.467463351786136627e-02 1.684310473501682281e-02 2.733299508690834045e-02 8.556441403925418854e-03 4.030918236821889877e-03
9.343978017568588257e-03 4.915147088468074799e-03 1.516492106020450592e-02 8.524978533387184143e-03 1.616450399160385132e-02 1.158590801060199738e-02 1.127434708178043365e-02 1.790623296983540058e-03 1.967323385179042816e-02 8.380306959152221680e-01 1.905569690279662609e-03 1.027085911482572556e-02 5.557207390666007996e-03 1.145693752914667130e-02 6.366836023516952991e-04 2.214481681585311890e-02 2.827799692749977112e-02 9.398213587701320648e-03 4.975233599543571472e-02 6.156483665108680725e-03 2.969984663650393486e-03 1.466424297541379929e-02 2.830793149769306183e-02 2.989570051431655884e-02 1.361296698451042175e-02 3.823371231555938721e-02 2.574445493519306183e-02 1.173215266317129135e-02 4.554882179945707321e-03 1.511470228433609009e-02 5.356450099498033524e-03 2.288133278489112854e-02 1.886804355308413506e-03 3.338636830449104309e-02 2.297190949320793152e-02 5.639586132019758224e-03 1.936857029795646667e-02 1.118844002485275269e-02 1.997683383524417877e-02 2.080962806940078735e-02 1.569065824151039124e-02 9.346175007522106171e-03 3.781223436817526817e-03 1.140133012086153030e-02 1.879515312612056732e-02 3.995084669440984726e-03 1.316719781607389450e-02 1.301082875579595566e-02 3.064318094402551651e-03 4.486164078116416931e-02 2.334512537345290184e-03 1.067802123725414276e-02 5.490557756274938583e-03 1.066323649138212204e-02 5.287029314786195755e-03 5.507685616612434387e-02 6.341089494526386261e-03 3.519075736403465271e-02 4.140888340771198273e-03 4.102482460439205170e-03 1.613311469554901123e-02 3.570191562175750732e-02 1.337830722332000732e-02 2.074967883527278900e-02 8.233696222305297852e-03 8.273299783468246460e-03 2.723664510995149612e-03 2.038826787611469626e-04 1.360328681766986847e-02 4.703665152192115784e-02 3.436879813671112061e-02 1.755561493337154388e-02 6.845518480986356735e-03 3.694619983434677124e-02 1.551903598010540009e-02 1.641185767948627472e-02 4.430846311151981354e-03 5.600927397608757019e-02 7.474637124687433243e-03 6.109741330146789551e-02 1.262811664491891861e-02 2.738281711935997009e-02 2.430811710655689240e-02 4.632874578237533569e-02 1.004445739090442657e-02 3.620508313179016113e-02 7.443790324032306671e-03 3.318683011457324028e-03 1.450822595506906509e-02 3.093222156167030334e-02 2.018163353204727173e-02 2.191179990768432617e-02 1.429255399852991104e-02 9.395827539265155792e-03 7.116488646715879440e-03 2.063404954969882965e-02 3.669710457324981689e-02 2.246364206075668335e-02 2.771208435297012329e-02 2.547111362218856812e-02 9.216796606779098511e-03 2.627186849713325500e-02 2.458741702139377594e-02 1.942575350403785706e-02 7.383373100310564041e-03 6.737413816154003143e-03 4.600962158292531967e-03 4.724975209683179855e-03 1.278502121567726135e-02 1.435943786054849625e-02 2.807513065636157990e-02 8.617525920271873474e-03 1.173300947993993759e-02 6.948293186724185944e-03 2.425933070480823517e-02 2.576225623488426208e-02
7.074797153472900391e-02 5.741935968399047852e-02 1.148811890743672848e-03 1.729794964194297791e-02 2.709136344492435455e-03 4.809028655290603638e-02 6.217377632856369019e-02 1.414097286760807037e-02 2.087572775781154633e-02 1.905569690279662609e-03 8.380306959152221680e-01 3.127895668148994446e-02 7.484839111566543579e-02 2.600719034671783447e-02 4.028953611850738525e-02 1.261710934340953827e-02 1.644288934767246246e-02 2.474776282906532288e-02 1.944476738572120667e-02 2.563357166945934296e-02 2.991786599159240723e-02 3.640614822506904602e-02 8.548216894268989563e-03 7.326659746468067169e-03 2.093347162008285522e-02 1.363454037345945835e-03 1.224509556777775288e-03 2.085668221116065979e-02 8.776427246630191803e-03 2.521555311977863312e-02 4.032327327877283096e-03 4.367219284176826477e-03 3.324107034131884575e-03 1.350455451756715775e-02 4.490049090236425400e-03 2.020274102687835693e-02 2.880082465708255768e-02 9.436679072678089142e-03 3.240428399294614792e-03 1.489076111465692520e-02 1.206609047949314117e-02 1.165132597088813782e-02 2.199067268520593643e-03 6.914504920132458210e-04 6.173852365463972092e-03 3.139672568067908287e-03 3.228003159165382385e-02 1.426330674439668655e-02 7.652361877262592316e-03 2.064615301787853241e-02 8.268376812338829041e-03 3.739453619346022606e-03 5.987779237329959869e-03 5.486887879669666290e-03 2.602514810860157013e-03 3.726293100044131279e-03 1.537638530135154724e-02 1.590526103973388672e-02 9.136966429650783539e-03 1.766580389812588692e-03 1.040489878505468369e-02 1.204275712370872498e-02 1.090125925838947296e-02 1.745896413922309875e-02 1.763781160116195679e-02 1.706418767571449280e-02 1.385955233126878738e-02 1.337390672415494919e-02 9.136484935879707336e-03 1.857996173202991486e-02 1.712423190474510193e-02 3.361717239022254944e-02 2.031043358147144318e-02 2.016993053257465363e-02 2.513227052986621857e-02 2.674119733273983002e-02 2.727529034018516541e-02 2.014464884996414185e-02 1.730990968644618988e-02 3.784644650295376778e-04 3.720434149727225304e-03 1.031925319693982601e-03 1.671839319169521332e-02 2.248760685324668884e-02 1.163396984338760376e-02 6.293466314673423767e-03 3.741930425167083740e-02 3.339644521474838257e-02 1.809919439256191254e-02 3.079203143715858459e-02 8.251454681158065796e-03 3.103077784180641174e-02 1.492081442847847939e-03 1.591466739773750305e-02 2.349210530519485474e-02 1.410943735390901566e-02 1.289202086627483368e-02 1.620814949274063110e-02 8.818560279905796051e-03 1.367597654461860657e-02 1.199886854737997055e-02 1.844261586666107178e-02 2.058250131085515022e-03 1.093724928796291351e-02 4.980081692337989807e-03 5.911533720791339874e-03 2.670830674469470978e-02 1.765239238739013672e-02 2.236321009695529938e-02 1.728985272347927094e-02 8.674877695739269257e-03 5.282061640173196793e-03 9.098990820348262787e-03 5.505258217453956604e-03 7.086575962603092194e-03 8.140034973621368408e-03
1.249624695628881454e-02 1.134771667420864105e-02 1.593304798007011414e-02 1.559282187372446060e-02 5.201022140681743622e-04 7.520982064306735992e-03 1.180854067206382751e-02 6.838075816631317139e-03 4.023373126983642578e-02 1.027085911482572556e-02 3.127895668148994446e-02 8.380306959152221680e-01 1.866472512483596802e-02 6.569537520408630371e-02 6.645651068538427353e-03 3.690217435359954834e-02 2.835846692323684692e-02 2.110965549945831299e-02 1.052892208099365234e-02 4.342661239206790924e-03 1.102972193621098995e-03 1.007967349141836166e-02 4.856451973319053650e-02 1.862508058547973633e-02 1.102332677692174911e-02 2.278732834383845329e-03 1.359411422163248062e-02 5.083794519305229187e-02 2.254878170788288116e-02 4.445292055606842041e-02 1.416104100644588470e-02 5.774301476776599884e-03 6.259044632315635681e-03 1.381217036396265030e-02 1.626962795853614807e-02 1.397349219769239426e-02 8.133689872920513153e-03 1.095220167189836502e-02 2.540118293836712837e-03 1.313872914761304855e-02 3.381128190085291862e-03 9.294413961470127106e-03 2.030220255255699158e-02 1.315528061240911484e-02 3.509589657187461853e-02 1.757182995788753033e-03 1.274043973535299301e-02 5.375255364924669266e-03 3.216375596821308136e-03 2.446477673947811127e-02 6.169456988573074341e-03 3.003707155585289001e-03 1.126579754054546356e-02 1.636723801493644714e-02 1.703378371894359589e-02 1.815812289714813232e-02 2.187350764870643616e-02 1.341754687018692493e-04 4.037741106003522873e-03 1.450527831912040710e-02 4.072017967700958252e-03 1.196297234855592251e-03 1.560511067509651184e-03 5.414393264800310135e-03 2.816536463797092438e-02 1.664810068905353546e-02 8.571106940507888794e-03 1.616856083273887634e-02 3.325777128338813782e-02 2.399908564984798431e-02 3.148958832025527954e-02 7.921813055872917175e-03 3.609694913029670715e-02 7.445130497217178345e-03 2.973902784287929535e-02 7.321681827306747437e-03 4.626604914665222168e-02 1.139753311872482300e-02 3.100639395415782928e-02 1.216829475015401840e-02 6.784614175558090210e-03 1.147336419671773911e-02 2.081001549959182739e-02 1.571873552165925503e-03 1.241744030267000198e-02 1.995269954204559326e-02 1.577481441199779510e-02 1.759000122547149658e-02 3.091764822602272034e-02 2.687683701515197754e-02 2.731511741876602173e-02 4.114859923720359802e-02 8.832518942654132843e-04 1.854857429862022400e-02 2.502577006816864014e-02 9.370001964271068573e-03 2.900447510182857513e-02 3.689688863232731819e-03 9.801441803574562073e-03 2.073593437671661377e-02 6.713875569403171539e-03 1.474543847143650055e-02 3.078682720661163330e-02 2.277706190943717957e-02 1.650220341980457306e-02 2.470667101442813873e-02 1.896014902740716934e-03 7.940723560750484467e-03 1.645810715854167938e-02 1.586304791271686554e-02 6.107515655457973480e-03 1.553111150860786438e-02 1.348550990223884583e-02 1.610241457819938660e-02 2.419255673885345459e-02 1.807074993848800659e-02
6.408604979515075684e-02 5.750413611531257629e-02 1.717147603631019592e-02 2.474056929349899292e-02 5.636850371956825256e-03 5.589587986469268799e-02 6.713492423295974731e-02 1.664955541491508484e-02 1.567430980503559113e-02 5.557207390666007996e-03 7.484839111566543579e-02 1.866472512483596802e-02 8.380306959152221680e-01 1.951299235224723816e-02 3.811051696538925171e-02 1.326881907880306244e-02 1.719528809189796448e-02 2.039094455540180206e-02 2.677565068006515503e-02 2.763753198087215424e-02 2.932619862258434296e-02 3.751770779490470886e-02 4.371001385152339935e-03 7.393464911729097366e-04 1.803962513804435730e-02 1.462670625187456608e-03 4.156190901994705200e-03 1.555137243121862411e-02 1.356920506805181503e-02 2.181986160576343536e-02 1.468785479664802551e-02 1.248835760634392500e-04 1.747838105075061321e-03 6.859342101961374283e-03 3.497590078040957451e-03 1.503631379455327988e-02 1.790091022849082947e-02 5.597863811999559402e-03 1.192400697618722916e-02 2.637182548642158508e-02 9.093008004128932953e-03 3.528393106535077095e-03 3.539146622642874718e-03 9.050679393112659454e-03 9.062719531357288361e-03 6.532396073453128338e-04 4.350256547331809998e-02 3.054441697895526886e-02 5.429737029771786183e-06 1.428554579615592957e-02 5.401817033998668194e-04 6.265023723244667053e-03 5.052884574979543686e-03 4.428291227668523788e-03 5.486706737428903580e-03 4.246957134455442429e-03 4.351652227342128754e-03 1.417725533246994019e-02 1.384034473448991776e-02 7.078867871314287186e-03 3.256420604884624481e-03 1.434615161269903183e-02 7.456209859810769558e-04 1.194605417549610138e-02 1.915186457335948944e-02 3.307351842522621155e-02 1.451608072966337204e-02 1.368382945656776428e-02 3.066970268264412880e-03 1.631370000541210175e-02 1.450736541301012039e-02 2.066914550960063934e-02 1.365160290151834488e-02 2.315665036439895630e-02 2.351279184222221375e-02 2.206117287278175354e-02 2.018715627491474152e-02 2.001061663031578064e-02 1.476415619254112244e-02 2.680859528481960297e-03 3.002718149218708277e-04 6.330476608127355576e-03 2.124341949820518494e-02 2.375293150544166565e-02 1.440855860710144043e-02 4.315174184739589691e-03 2.847479283809661865e-02 3.051541000604629517e-02 8.048920892179012299e-03 2.645569480955600739e-02 1.038253773003816605e-02 2.343266271054744720e-02 1.518799271434545517e-02 1.756343804299831390e-02 1.695151627063751221e-02 1.395872980356216431e-02 2.244538627564907074e-02 2.176707983016967773e-02 1.141951140016317368e-02 1.497197058051824570e-02 1.166523806750774384e-02 1.727603748440742493e-02 1.090004760771989822e-02 1.362842414528131485e-02 3.284500446170568466e-03 5.031274631619453430e-03 1.626978069543838501e-02 1.903106085956096649e-02 1.935215666890144348e-02 1.518815662711858749e-02 5.639587529003620148e-03 6.428080610930919647e-03 3.572958754375576973e-03 7.346406346186995506e-04 1.074487157166004181e-02 7.526400964707136154e-03
