8.156603574752807617e-01 8.827953040599822998e-02 9.925708174705505371e-03 1.459463965147733688e-02 1.447287970222532749e-03 6.035093963146209717e-02 4.710630699992179871e-02 7.634181063622236252e-03 2.888270467519760132e-02 1.854972355067729950e-02 8.112748712301254272e-02 2.005957253277301788e-02 5.085783824324607849e-02 1.838721521198749542e-02 9.318105876445770264e-03 9.195644408464431763e-03 5.268291104584932327e-03 1.940278150141239166e-02 1.603191345930099487e-02 7.692488841712474823e-03 2.956924261525273323e-03 3.078613057732582092e-02 8.996549062430858612e-03 3.447449300438165665e-03 1.763412845320999622e-03 1.646892912685871124e-02 1.369187608361244202e-02 2.661275677382946014e-02 2.840387402102351189e-03 3.789753094315528870e-02 1.618442911421880126e-04 1.321807410567998886e-02 1.083718985319137573e-02 2.875528763979673386e-03 1.893511600792407990e-02 6.198141723871231079e-03 2.210195362567901611e-02 8.378535509109497070e-03 1.619862020015716553e-02 6.912759039551019669e-03 1.371082762489095330e-04 1.688027568161487579e-02 1.440693903714418411e-02 2.755907177925109863e-02 2.603509463369846344e-02 2.431535162031650543e-02 4.166968911886215210e-02 2.923268824815750122e-02 6.844340823590755463e-03 6.249628961086273193e-03 6.464605685323476791e-03 1.548747811466455460e-02 1.020865049213171005e-02 1.998394541442394257e-02 3.594468347728252411e-03 1.479743979871273041e-02 2.030093967914581299e-02 2.194455452263355255e-02 2.067452482879161835e-02 4.819119814783334732e-03 3.177210688591003418e-02 2.197206765413284302e-02 6.056037265807390213e-03 1.618341193534433842e-03 8.336421102285385132e-03 8.988649351522326469e-04 1.146639348007738590e-03 2.805102616548538208e-03 3.772497922182083130e-02 1.356125902384519577e-02 1.321416720747947693e-02 1.223708037286996841e-02 2.521162293851375580e-02 1.504871645011007786e-03 2.383573912084102631e-02 5.350624676793813705e-03 8.202519267797470093e-03 1.032737665809690952e-03 2.683695405721664429e-02 2.142720855772495270e-03 4.968976601958274841e-03 9.392398409545421600e-03 6.508011370897293091e-03 3.958569373935461044e-03 7.341187447309494019e-04 1.177320629358291626e-02 1.596050523221492767e-02 1.332107814960181713e-03 1.227742061018943787e-02 1.735699130222201347e-03 1.404827926307916641e-02 1.379630155861377716e-02 9.331359178759157658e-04 3.394003259018063545e-03 6.511333864182233810e-03 3.150301199639216065e-05 1.695237867534160614e-02 1.222822442650794983e-02 1.694636186584830284e-03 1.091435458511114120e-02 1.007132232189178467e-02 5.716152489185333252e-03 1.701764017343521118e-02 7.250233087688684464e-03 1.862592250108718872e-02 2.497039176523685455e-02 4.349369090050458908e-03 2.427556365728378296e-02 1.629906520247459412e-02 2.556394413113594055e-02 5.111678037792444229e-03 2.934218570590019226e-02 1.287697441875934601e-02 1.977351866662502289e-02 1.216194778680801392e-02 5.561573896557092667e-03
8.827953040599822998e-02 8.156603574752807617e-01 7.281991187483072281e-03 8.152852766215801239e-03 2.298599109053611755e-03 7.149361073970794678e-02 6.320845335721969604e-02 4.032540600746870041e-03 2.201064489781856537e-02 2.335365675389766693e-02 6.721694022417068481e-02 1.926843449473381042e-02 6.228908151388168335e-02 3.069883212447166443e-03 1.908893883228302002e-02 2.093874849379062653e-02 1.293190289288759232e-02 1.899964548647403717e-02 6.369894836097955704e-03 2.049621194601058960e-02 8.967116475105285645e-03 3.211349993944168091e-02 4.110621288418769836e-03 9.613745845854282379e-03 1.508061029016971588e-02 1.694234833121299744e-02 9.057225659489631653e-03 2.206890843808650970e-02 5.504053551703691483e-03 3.479160740971565247e-02 8.377565070986747742e-03 1.024269033223390579e-02 2.012769319117069244e-02 8.362209424376487732e-03 2.773064479697495699e-04 9.694389998912811279e-03 1.003265846520662308e-03 4.494417458772659302e-03 1.310343295335769653e-02 3.764088265597820282e-03 5.075913388282060623e-03 5.806129192933440208e-04 9.638832882046699524e-03 2.646334469318389893e-02 3.374100103974342346e-02 2.271136641502380371e-02 3.771539404988288879e-02 2.167565561830997467e-02 1.029335428029298782e-02 7.011849433183670044e-03 1.565512618981301785e-03 3.788055852055549622e-03 1.931976643390953541e-03 3.384891897439956665e-03 9.127643890678882599e-03 6.977627985179424286e-03 3.856741264462471008e-02 2.475764229893684387e-02 1.461942493915557861e-02 2.239936497062444687e-03 3.024272061884403229e-02 2.361770719289779663e-02 1.125121396034955978e-02 6.312629673629999161e-03 1.600765995681285858e-02 1.050938293337821960e-02 1.455230265855789185e-02 2.952415030449628830e-03 1.860721595585346222e-02 1.078490633517503738e-02 4.658400546759366989e-03 1.868282072246074677e-02 1.502579171210527420e-02 2.690128749236464500e-04 8.040813729166984558e-03 1.677381247282028198e-02 6.708022207021713257e-03 9.526709327474236488e-04 2.537380903959274292e-02 2.397068589925765991e-02 6.327600218355655670e-03 5.532264243811368942e-03 5.725005175918340683e-03 7.113637402653694153e-03 3.749910392798483372e-04 1.180784311145544052e-02 1.171834301203489304e-03 5.712356418371200562e-03 6.825123447924852371e-03 1.356898806989192963e-02 1.359895989298820496e-02 6.188819184899330139e-03 1.903865369968116283e-03 9.438709355890750885e-03 1.322634890675544739e-02 1.197856292128562927e-02 2.557276748120784760e-02 2.701195701956748962e-02 1.052074972540140152e-02 4.287641961127519608e-03 1.742004603147506714e-02 6.570874247699975967e-03 9.874487295746803284e-03 6.883238907903432846e-03 8.885445073246955872e-03 1.803202740848064423e-02 8.891003206372261047e-03 9.137175045907497406e-03 1.077786739915609360e-02 3.442682698369026184e-02 2.059934660792350769e-03 2.279512397944927216e-02 1.357788918539881706e-03 6.613027770072221756e-03 1.358084729872643948e-03 2.882408536970615387e-02
9.925708174705505371e-03 7.281991187483072281e-03 8.156603574752807617e-01 1.521642971783876419e-02 1.365877408534288406e-02 1.621639821678400040e-03 1.102971285581588745e-02 7.812626659870147705e-02 7.124490803107619286e-04 4.063559696078300476e-02 1.680837594904005527e-03 1.982083357870578766e-02 1.028778264299035072e-03 2.600765228271484375e-02 1.565669663250446320e-02 6.612428696826100349e-04 1.412257831543684006e-02 2.841669134795665741e-02 3.475055098533630371e-02 6.472080480307340622e-03 2.863646252080798149e-03 1.249748189002275467e-02 1.862694136798381805e-02 1.502188853919506073e-02 1.116194389760494232e-02 2.840627171099185944e-02 2.659878507256507874e-02 1.675638370215892792e-02 1.556669175624847412e-02 2.078480459749698639e-02 1.806003041565418243e-02 3.400478046387434006e-03 8.738704957067966461e-03 1.226528175175189972e-02 1.928097940981388092e-02 8.071923628449440002e-03 1.344823278486728668e-02 3.117850236594676971e-02 7.595409639179706573e-03 2.698418684303760529e-03 2.285908721387386322e-02 1.420317031443119049e-02 3.214308619499206543e-02 8.067472837865352631e-03 1.685347035527229309e-02 1.363669708371162415e-02 6.088641472160816193e-03 1.553976163268089294e-02 3.856656141579151154e-03 1.586603373289108276e-02 4.594960808753967285e-02 3.033749014139175415e-02 3.116796351969242096e-02 1.245370879769325256e-02 6.843482609838247299e-03 1.033066492527723312e-02 6.051357835531234741e-03 1.613708212971687317e-02 2.351733483374118805e-02 8.553348481655120850e-03 1.270856149494647980e-02 9.621495380997657776e-03 6.227622274309396744e-03 1.545352023094892502e-02 2.042293921113014221e-02 1.249047089368104935e-02 1.992062199860811234e-03 3.129706950858235359e-03 1.611584238708019257e-02 1.871336065232753754e-02 2.426506020128726959e-03 1.228225324302911758e-02 2.580753341317176819e-02 1.140017155557870865e-02 1.378407329320907593e-02 4.831221885979175568e-03 1.282905694097280502e-02 3.690539300441741943e-02 1.174510456621646881e-02 4.777962714433670044e-02 7.060663402080535889e-02 3.810289502143859863e-02 3.130457550287246704e-02 2.827979810535907745e-02 5.511874769581481814e-05 1.416441751644015312e-03 1.371590700000524521e-02 9.576293639838695526e-03 4.714633803814649582e-03 4.235152155160903931e-03 2.343334443867206573e-02 1.360179763287305832e-02 2.697320654988288879e-02 9.296916425228118896e-03 1.220192108303308487e-02 2.508294302970170975e-03 1.530380640178918839e-02 1.074201241135597229e-02 2.156336419284343719e-02 2.142113074660301208e-02 1.057443488389253616e-02 1.861767726950347424e-03 3.642619121819734573e-04 1.224050857126712799e-02 5.529219051823019981e-04 6.229240447282791138e-03 2.117144642397761345e-03 4.505677614361047745e-03 1.657217927277088165e-02 4.121065285289660096e-05 6.537374109029769897e-03 1.316094305366277695e-02 1.332238875329494476e-02 1.977248489856719971e-02 3.073088591918349266e-03 1.302600372582674026e-03
1.459463965147733688e-02 8.152852766215801239e-03 1.521642971783876419e-02 8.156603574752807617e-01 8.199878782033920288e-02 1.844936981797218323e-02 1.719017513096332550e-02 8.111438713967800140e-03 1.841435022652149200e-02 2.139601670205593109e-02 6.921208463609218597e-03 4.073025193065404892e-03 1.273389533162117004e-02 1.090682297945022583e-02 2.209365181624889374e-02 1.049620844423770905e-02 2.086249925196170807e-02 1.950576319359242916e-03 4.900864325463771820e-03 5.763129796832799911e-03 2.306564711034297943e-02 2.630410343408584595e-02 2.713070809841156006e-02 2.973085083067417145e-02 1.639676094055175781e-02 1.026813499629497528e-02 9.943004697561264038e-03 7.559835910797119141e-03 1.600930280983448029e-02 2.571251010522246361e-03 2.332673780620098114e-02 2.314523421227931976e-02 1.601189002394676208e-02 9.393922053277492523e-03 1.186361187137663364e-03 1.105354167520999908e-02 2.353923022747039795e-02 3.209351748228073120e-02 3.813733905553817749e-02 4.214547201991081238e-02 1.886745356023311615e-02 1.945384033024311066e-02 1.307154633104801178e-02 3.681208938360214233e-02 1.148210931569337845e-02 1.841961406171321869e-02 2.971831150352954865e-02 1.840684749186038971e-02 9.791946038603782654e-03 1.072745770215988159e-02 1.401614770293235779e-02 1.273217890411615372e-02 5.937438923865556717e-03 4.283102694898843765e-03 1.724283955991268158e-02 6.782873533666133881e-03 2.132535539567470551e-02 1.397938001900911331e-02 1.198639860376715660e-03 9.906065650284290314e-03 6.782285869121551514e-02 3.735116869211196899e-02 6.655269768089056015e-03 6.028947886079549789e-03 1.219660881906747818e-02 1.117890700697898865e-02 2.421862818300724030e-02 2.357795834541320801e-02 1.872586202807724476e-03 4.775664769113063812e-03 8.328410796821117401e-03 1.232909597456455231e-02 4.528984799981117249e-02 5.744072142988443375e-03 2.774722687900066376e-02 7.475412450730800629e-03 3.086705878376960754e-02 9.688396938145160675e-03 4.749899264425039291e-03 2.436428330838680267e-03 1.013556215912103653e-02 2.992542274296283722e-02 3.592955321073532104e-02 1.274747960269451141e-02 9.398948401212692261e-03 1.127961743623018265e-02 1.378153823316097260e-02 2.840259484946727753e-02 6.686637643724679947e-03 2.025153301656246185e-02 2.402770705521106720e-02 2.535160258412361145e-02 2.806557528674602509e-02 1.086384896188974380e-02 4.666629247367382050e-03 1.880418881773948669e-02 3.932716324925422668e-03 1.481848489493131638e-02 8.748637628741562366e-04 1.618272066116333008e-02 1.962116919457912445e-02 1.718946546316146851e-02 1.555666793137788773e-02 8.438846562057733536e-04 2.625668421387672424e-03 9.537375532090663910e-03 2.560225315392017365e-02 3.500320482999086380e-03 7.816222496330738068e-03 3.824429353699088097e-03 1.368523575365543365e-03 1.459398190490901470e-03 2.448407374322414398e-02 1.043645292520523071e-02 9.997179731726646423e-04 3.292668145149946213e-03
1.447287970222532749e-03 2.298599109053611755e-03 1.365877408534288406e-02 8.199878782033920288e-02 8.156603574752807617e-01 1.495401747524738312e-02 7.621790282428264618e-03 6.890296004712581635e-03 2.495951205492019653e-02 1.652052812278270721e-02 2.478965558111667633e-03 4.463283810764551163e-03 1.317462045699357986e-02 1.713222451508045197e-02 1.427429728209972382e-02 1.540358550846576691e-02 2.460135705769062042e-02 1.658672653138637543e-02 1.451598946005105972e-02 7.499686907976865768e-03 1.824822649359703064e-02 2.675505727529525757e-02 3.112845867872238159e-02 3.226190432906150818e-02 7.628693711012601852e-03 5.282574566081166267e-04 7.586439605802297592e-03 1.177221443504095078e-02 1.145197637379169464e-02 7.523233070969581604e-04 1.734427735209465027e-02 2.466836757957935333e-02 2.003353089094161987e-03 1.144935563206672668e-02 4.372336436063051224e-03 8.137048222124576569e-03 1.831689476966857910e-02 1.865163818001747131e-02 3.240489214658737183e-02 6.109517067670822144e-02 1.729579875245690346e-03 8.919219486415386200e-03 6.094697862863540649e-03 2.231763489544391632e-02 1.735587231814861298e-02 2.160349115729331970e-02 2.895969338715076447e-02 7.609893567860126495e-03 1.545338705182075500e-02 3.587732091546058655e-03 9.747838601469993591e-03 1.595448330044746399e-02 4.693751689046621323e-03 4.165624734014272690e-03 3.225105255842208862e-02 1.028672908432781696e-03 6.502537988126277924e-03 1.073334366083145142e-02 2.651838352903723717e-03 2.304897177964448929e-03 4.943729937076568604e-02 4.618502035737037659e-02 3.444676985964179039e-04 1.195466518402099609e-02 5.013283807784318924e-03 3.143698209896683693e-03 2.288123965263366699e-02 1.850609295070171356e-02 6.458957213908433914e-03 7.146303541958332062e-03 7.014820817857980728e-03 1.998614147305488586e-02 3.431587293744087219e-02 9.746967698447406292e-04 4.758451879024505615e-02 1.003287918865680695e-02 3.370314463973045349e-02 1.143977511674165726e-03 8.291403762996196747e-03 4.012076649814844131e-03 1.325123943388462067e-02 3.796548768877983093e-02 3.994473442435264587e-02 1.978827640414237976e-02 1.543046254664659500e-02 2.106986381113529205e-02 5.031777545809745789e-03 1.944776251912117004e-02 2.338730171322822571e-02 1.656433753669261932e-02 2.310425415635108948e-02 1.841486617922782898e-02 2.207714505493640900e-02 1.241398975253105164e-02 1.270706392824649811e-02 3.353948006406426430e-03 4.947940353304147720e-03 2.033101953566074371e-02 6.451705936342477798e-03 6.386743858456611633e-03 1.118164230138063431e-02 1.544269360601902008e-02 8.627512492239475250e-03 3.875747323036193848e-03 9.864939376711845398e-03 2.675173245370388031e-02 2.001494728028774261e-02 6.068443413823843002e-03 1.392857450991868973e-02 6.983070634305477142e-03 1.795214484445750713e-04 7.174426224082708359e-03 7.569960318505764008e-03 9.928510524332523346e-03 1.762387342751026154e-02 1.471714768558740616e-02
6.035093963146209717e-02 7.149361073970794678e-02 1.621639821678400040e-03 1.844936981797218323e-02 1.495401747524738312e-02 8.156603574752807617e-01 7.115144282579421997e-02 1.201355084776878357e-02 1.046451553702354431e-02 2.169030718505382538e-02 4.633348435163497925e-02 1.986304484307765961e-02 3.593228012323379517e-02 1.674987375736236572e-02 3.266894724220037460e-03 1.409062836319208145e-02 1.341203879565000534e-02 9.722881019115447998e-03 8.429448935203254223e-04 1.121753454208374023e-02 5.859089549630880356e-03 2.509886398911476135e-02 7.681906223297119141e-03 7.508565671741962433e-03 5.820365622639656067e-03 1.284573879092931747e-02 8.809259161353111267e-03 1.382668875157833099e-02 1.670576818287372589e-02 2.842886745929718018e-02 6.083414424210786819e-03 7.636358961462974548e-03 2.128823846578598022e-02 8.552649989724159241e-03 9.064692072570323944e-03 3.625837620347738266e-03 1.661068387329578400e-02 1.046653091907501221e-02 1.066607050597667694e-02 9.409305639564990997e-03 7.997067645192146301e-03 1.809174939990043640e-02 3.836735384538769722e-03 2.275776863098144531e-02 3.844308108091354370e-02 2.375130541622638702e-02 4.406880587339401245e-02 1.626090519130229950e-02 1.644359529018402100e-02 8.746425621211528778e-03 8.641455322504043579e-03 1.385423261672258377e-02 1.555556803941726685e-02 2.433830872178077698e-02 1.687998324632644653e-02 2.738970331847667694e-03 3.693755343556404114e-02 3.153932467103004456e-02 2.379552833735942841e-02 1.946287043392658234e-02 3.423194587230682373e-02 3.479730337858200073e-02 2.264130627736449242e-03 1.947032660245895386e-02 3.351159766316413879e-02 1.898027397692203522e-02 1.686550863087177277e-02 1.898745656944811344e-03 1.562364120036363602e-02 5.281785503029823303e-03 2.772628329694271088e-03 2.309246361255645752e-02 1.812407746911048889e-02 3.318152856081724167e-03 5.832370370626449585e-03 4.926489200443029404e-03 4.281908273696899414e-03 6.854942534118890762e-03 3.758090361952781677e-02 1.476392615586519241e-02 5.285173654556274414e-03 3.446868155151605606e-03 4.764958750456571579e-03 7.502933032810688019e-03 1.370828319340944290e-02 1.875391602516174316e-02 1.273487135767936707e-02 9.821567684412002563e-03 5.770456511527299881e-03 2.222321229055523872e-03 2.014839462935924530e-02 3.407602431252598763e-03 8.767866529524326324e-03 1.894249580800533295e-02 1.433333940804004669e-02 1.024042069911956787e-02 5.689320154488086700e-03 1.456153485924005508e-02 1.750932633876800537e-02 5.137223750352859497e-03 1.186124607920646667e-02 1.197025272995233536e-02 1.135242823511362076e-02 1.572218909859657288e-02 2.571759372949600220e-02 1.870930008590221405e-02 2.912885742262005806e-03 2.109013870358467102e-02 2.351916953921318054e-02 2.491473220288753510e-02 1.271704398095607758e-02 1.991013437509536743e-02 1.389861758798360825e-02 1.989594288170337677e-02 1.666967757046222687e-02 1.685718260705471039e-02
4.710630699992179871e-02 6.320845335721969604e-02 1.102971285581588745e-02 1.719017513096332550e-02 7.621790282428264618e-03 7.115144282579421997e-02 8.156603574752807617e-01 3.519221767783164978e-02 4.837163258343935013e-03 1.062659453600645065e-02 4.743720218539237976e-02 3.061466105282306671e-02 4.580693691968917847e-02 3.927174489945173264e-03 6.130516529083251953e-03 1.163800712674856186e-02 1.861306838691234589e-02 1.980700716376304626e-02 6.109827081672847271e-04 4.317146725952625275e-03 9.690538048744201660e-03 2.075501345098018646e-02 7.509545423090457916e-03 1.076658070087432861e-02 2.976350719109177589e-03 3.606813697842881083e-05 1.008977089077234268e-02 1.612962782382965088e-02 1.446275319904088974e-02 2.057625725865364075e-02 5.050889682024717331e-03 5.143890623003244400e-03 1.308585237711668015e-02 1.364696654491126537e-03 1.678483560681343079e-03 1.598984189331531525e-02 1.161270868033170700e-02 1.470435969531536102e-02 1.092283334583044052e-02 2.047432120889425278e-03 1.779058482497930527e-03 1.618978753685951233e-02 8.018643595278263092e-03 1.311454083770513535e-02 3.962954133749008179e-02 1.672765612602233887e-02 5.243524909019470215e-02 4.239257425069808960e-02 2.958077564835548401e-02 1.831365167163312435e-03 1.086820848286151886e-02 2.062615752220153809e-02 1.597913727164268494e-02 1.113231107592582703e-02 1.954738609492778778e-02 5.380690097808837891e-03 3.901123628020286560e-02 2.116136997938156128e-02 3.372619301080703735e-02 1.788645051419734955e-02 3.555797040462493896e-02 1.405641064047813416e-02 1.685900264419615269e-03 1.110044866800308228e-02 3.489323332905769348e-02 2.183949761092662811e-02 1.129067316651344299e-02 4.163920879364013672e-03 5.699080880731344223e-03 5.371995270252227783e-03 4.277126863598823547e-03 8.894196711480617523e-03 1.682448014616966248e-02 6.368864793330430984e-03 2.531812526285648346e-03 1.145915687084197998e-02 1.815543323755264282e-02 1.010559964925050735e-02 3.898944705724716187e-02 1.866943202912807465e-02 7.015846669673919678e-03 5.153087433427572250e-03 4.564920440316200256e-03 6.309197284281253815e-03 6.143567617982625961e-03 1.026959996670484543e-02 2.254595234990119934e-02 2.598721906542778015e-02 5.099098663777112961e-03 7.636112160980701447e-03 4.035721998661756516e-03 1.651859283447265625e-02 8.879318833351135254e-03 2.083042636513710022e-02 2.651325613260269165e-02 1.284932903945446014e-02 7.861327379941940308e-03 1.182145997881889343e-02 1.362604089081287384e-02 6.960353348404169083e-03 7.550638634711503983e-03 6.770438514649868011e-03 2.205969020724296570e-02 1.081455871462821960e-02 2.730231732130050659e-02 6.447465158998966217e-03 6.978075951337814331e-03 2.667652443051338196e-02 1.600008457899093628e-02 2.347352914512157440e-02 9.861033409833908081e-03 2.280729822814464569e-02 2.277454547584056854e-02 2.667847089469432831e-02 4.934917669743299484e-03 2.948865853250026703e-02
7.634181063622236252e-03 4.032540600746870041e-03 7.812626659870147705e-02 8.111438713967800140e-03 6.890296004712581635e-03 1.201355084776878357e-02 3.519221767783164978e-02 8.156603574752807617e-01 8.042770437896251678e-03 2.672676928341388702e-02 8.853703737258911133e-03 4.013584926724433899e-03 2.595936181023716927e-03 1.393601018935441971e-02 3.692392632365226746e-02 5.972620565444231033e-03 1.350316917523741722e-03 8.891473524272441864e-03 3.584745153784751892e-02 2.523561194539070129e-02 1.805877685546875000e-02 1.104401703923940659e-02 4.625435918569564819e-03 1.300096884369850159e-02 1.566824689507484436e-02 1.359419198706746101e-03 2.805822528898715973e-02 1.434247940778732300e-02 7.323080208152532578e-03 9.171480312943458557e-03 2.630118466913700104e-02 9.658485651016235352e-03 2.039154758676886559e-03 1.349764317274093628e-02 6.789308506995439529e-03 1.725693419575691223e-02 2.138713560998439789e-02 5.462187156081199646e-02 2.432636171579360962e-02 2.535984106361865997e-02 4.035516455769538879e-02 9.561769664287567139e-03 6.502073258161544800e-03 1.886019948869943619e-03 5.393639672547578812e-03 6.776989903301000595e-03 1.454856805503368378e-02 2.689129486680030823e-02 1.327176298946142197e-02 1.583579741418361664e-02 9.365027770400047302e-03 5.807293113321065903e-03 1.136871706694364548e-02 3.304004902020096779e-03 1.854425854980945587e-02 8.930587209761142731e-03 1.261765509843826294e-02 1.064653694629669189e-02 2.562164627306628972e-05 7.236787118017673492e-03 1.111931051127612591e-03 1.206697523593902588e-02 1.625074446201324463e-02 1.217336859554052353e-02 2.439400879666209221e-03 9.203430381603538990e-04 8.562099188566207886e-03 1.986879669129848480e-02 1.771043241024017334e-02 1.393430959433317184e-02 2.480835246387869120e-05 1.089161611162126064e-03 8.563317358493804932e-03 1.370755955576896667e-02 6.011629942804574966e-03 6.234951317310333252e-03 7.118361536413431168e-04 4.415289312601089478e-02 2.156008593738079071e-02 2.750994637608528137e-02 6.004057079553604126e-02 3.381780162453651428e-02 3.210313990712165833e-02 1.888847537338733673e-02 1.332882419228553772e-02 8.622910827398300171e-03 3.855771943926811218e-02 2.834106236696243286e-02 1.640770025551319122e-02 1.685920916497707367e-02 1.657168194651603699e-02 1.808466948568820953e-02 2.504877001047134399e-02 3.689877688884735107e-03 1.947008632123470306e-02 1.621300354599952698e-02 2.850807085633277893e-02 1.397265587002038956e-02 6.346179172396659851e-03 1.091648079454898834e-02 3.153340425342321396e-03 8.590926416218280792e-03 2.484551072120666504e-02 3.021357348188757896e-03 1.296760421246290207e-02 4.556083586066961288e-03 3.706583054736256599e-03 6.896582432091236115e-03 3.066616132855415344e-03 5.693675018846988678e-03 4.198988899588584900e-03 8.923981338739395142e-03 1.691027544438838959e-02 3.645971883088350296e-03 1.967206411063671112e-02 1.654859818518161774e-02
2.888270467519760132e-02 2.201064489781856537e-02 7.124490803107619286e-04 1.841435022652149200e-02 2.495951205492019653e-02 1.046451553702354431e-02 4.837163258343935013e-03 8.042770437896251678e-03 8.156603574752807617e-01 2.190733142197132111e-02 9.624899365007877350e-03 2.275464497506618500e-02 7.942274212837219238e-03 3.167555481195449829e-02 2.508450765162706375e-03 2.429203502833843231e-02 1.503008231520652771e-02 3.853056952357292175e-02 2.648935653269290924e-02 1.408637315034866333e-02 1.755395904183387756e-02 9.086869657039642334e-03 2.172861807048320770e-02 2.719486318528652191e-02 2.322460152208805084e-02 2.803248539566993713e-02 1.336424984037876129e-02 4.398503340780735016e-03 1.664758287370204926e-02 1.102901995182037354e-02 6.327855866402387619e-03 1.662497408688068390e-02 9.161307476460933685e-03 3.102377988398075104e-03 6.709048058837652206e-03 2.541204169392585754e-02 1.360643771477043629e-03 1.984026655554771423e-02 4.809168167412281036e-03 1.522296760231256485e-02 2.574455551803112030e-02 6.028252653777599335e-03 1.202069316059350967e-02 7.635079091414809227e-04 1.667785272002220154e-02 1.631864905357360840e-02 1.138909603469073772e-03 6.649278569966554642e-03 5.283186212182044983e-02 1.664703153073787689e-02 5.601164884865283966e-04 5.877941381186246872e-03 1.338657271116971970e-02 5.827560555189847946e-03 4.506105557084083557e-02 1.569903269410133362e-02 2.245229668915271759e-02 1.548665482550859451e-02 1.086751092225313187e-02 7.044297177344560623e-03 1.720027416013181210e-03 1.717291586101055145e-02 1.290559885092079639e-03 5.991681944578886032e-03 1.427720393985509872e-02 5.324570927768945694e-03 3.083371743559837341e-02 1.532331760972738266e-02 1.905718259513378143e-02 1.551180146634578705e-02 1.211743149906396866e-02 7.572392467409372330e-03 2.626994810998439789e-02 1.058507803827524185e-02 2.027076669037342072e-02 1.252548769116401672e-02 6.588885933160781860e-02 5.582632496953010559e-03 5.762400571256875992e-03 9.896936826407909393e-03 1.164015731774270535e-03 7.964134216308593750e-03 5.375315435230731964e-03 4.066116816829890013e-04 7.817992009222507477e-03 2.094034478068351746e-02 4.864922084379941225e-04 1.591019798070192337e-03 2.938361652195453644e-02 1.551004033535718918e-02 2.035242039710283279e-03 6.020957371219992638e-04 7.519140839576721191e-03 9.943634271621704102e-03 1.714697480201721191e-02 1.739820814691483974e-03 3.990883473306894302e-03 2.726202458143234253e-02 2.477037347853183746e-02 1.201097480952739716e-02 1.214789133518934250e-02 1.117258425801992416e-02 1.899506896734237671e-03 2.812161669135093689e-02 2.566532418131828308e-02 1.258072163909673691e-02 2.340416982769966125e-02 1.020876225084066391e-02 7.536917459219694138e-03 1.120592840015888214e-02 2.506503462791442871e-02 2.398495376110076904e-02 1.896229013800621033e-02 1.281997887417674065e-03 2.218639012426137924e-03 6.388204637914896011e-04
1.854972355067729950e-02 2.335365675389766693e-02 4.063559696078300476e-02 2.139601670205593109e-02 1.652052812278270721e-02 2.169030718505382538e-02 1.062659453600645065e-02 2.672676928341388702e-02 2.190733142197132111e-02 8.156603574752807617e-01 1.017700601369142532e-02 1.615281915292143822e-03 7.566899061203002930e-03 8.815331384539604187e-03 2.391895093023777008e-02 3.049638308584690094e-02 3.726624697446823120e-02 1.425272598862648010e-02 3.144754841923713684e-02 2.273595333099365234e-02 1.898244954645633698e-02 1.848241314291954041e-02 2.008149772882461548e-02 2.949925698339939117e-02 1.951079070568084717e-02 1.037873141467571259e-02 2.302734367549419403e-02 5.546642933040857315e-03 3.230111673474311829e-02 6.334645673632621765e-03 2.704187855124473572e-02 3.745002672076225281e-02 2.947640605270862579e-02 3.853374719619750977e-02 2.698149345815181732e-02 1.065077073872089386e-02 3.462274745106697083e-02 2.266787923872470856e-02 3.582392819225788116e-03 1.359327323734760284e-02 2.077314816415309906e-02 9.069537743926048279e-03 4.117390140891075134e-03 9.688921272754669189e-03 2.857444435358047485e-02 2.483859658241271973e-02 9.897189214825630188e-03 2.665637433528900146e-02 2.498976886272430420e-02 3.612418100237846375e-02 1.238751132041215897e-02 3.203590400516986847e-03 4.362513311207294464e-03 3.555604722350835800e-03 1.658362708985805511e-02 1.387108862400054932e-02 5.897850729525089264e-03 1.318396814167499542e-02 1.673022657632827759e-02 3.841546364128589630e-03 8.792550070211291313e-04 2.661337517201900482e-02 7.063889410346746445e-03 2.583748474717140198e-02 3.169934079051017761e-02 2.355449274182319641e-02 3.311325237154960632e-02 2.081603929400444031e-02 4.814727697521448135e-03 5.159536376595497131e-03 4.237127956002950668e-03 1.223867665976285934e-02 1.363186072558164597e-02 2.138385176658630371e-02 6.563935428857803345e-03 6.190949119627475739e-03 5.577174946665763855e-03 5.561161786317825317e-02 9.183413349092006683e-03 4.280184581875801086e-02 3.443900868296623230e-02 1.925234124064445496e-02 3.064685687422752380e-02 3.887348249554634094e-02 2.581802010536193848e-02 2.867347188293933868e-02 8.933351375162601471e-03 1.167448703199625015e-02 1.723257265985012054e-02 1.227707974612712860e-02 3.180528432130813599e-02 9.413653751835227013e-04 3.435014933347702026e-02 9.195529128191992640e-05 1.971357688307762146e-02 2.972115203738212585e-02 5.219348240643739700e-03 2.576988190412521362e-03 2.786434255540370941e-02 2.805815823376178741e-02 1.653719879686832428e-02 1.386844646185636520e-02 5.230446811765432358e-03 2.149017062038183212e-03 7.009542896412312984e-04 1.599566196091473103e-03 2.523511461913585663e-02 3.792165080085396767e-04 6.284577772021293640e-03 6.203352473676204681e-03 3.492003073915839195e-03 3.352310508489608765e-02 1.342704985290765762e-02 9.149797260761260986e-04 8.074413985013961792e-03 2.671507559716701508e-02
8.112748712301254272e-02 6.721694022417068481e-02 1.680837594904005527e-03 6.921208463609218597e-03 2.478965558111667633e-03 4.633348435163497925e-02 4.743720218539237976e-02 8.853703737258911133e-03 9.624899365007877350e-03 1.017700601369142532e-02 8.156603574752807617e-01 2.709619514644145966e-02 8.538548648357391357e-02 1.859337836503982544e-02 6.749242078512907028e-03 1.275237300433218479e-03 1.828158041462302208e-03 4.980667494237422943e-03 2.445054613053798676e-02 3.800138656515628099e-04 3.216228913515806198e-03 2.465249784290790558e-02 1.567323505878448486e-02 6.217258982360363007e-03 2.720019780099391937e-03 1.972175016999244690e-02 1.808718219399452209e-02 2.936802059412002563e-02 6.796849425882101059e-03 3.401111066341400146e-02 1.659861393272876740e-02 1.330406591296195984e-02 2.962527796626091003e-03 4.915470723062753677e-03 1.757946237921714783e-02 2.788406098261475563e-03 2.055015228688716888e-02 9.079083683900535107e-04 1.095683593302965164e-02 7.645679637789726257e-03 1.935111649800091982e-04 3.636630019173026085e-03 3.587923012673854828e-03 2.565171010792255402e-02 1.894756406545639038e-02 2.153614722192287445e-02 5.609926208853721619e-02 4.031207039952278137e-02 1.160516124218702316e-02 2.383076958358287811e-02 4.021989647299051285e-03 1.061877515166997910e-02 4.598021041601896286e-03 1.715006423182785511e-03 1.539419684559106827e-02 2.486070245504379272e-02 1.208573766052722931e-02 3.348040953278541565e-02 1.527417637407779694e-02 1.142073515802621841e-02 1.100473571568727493e-02 2.141810767352581024e-02 1.297012437134981155e-02 1.997299492359161377e-03 7.296207360923290253e-03 2.245488576591014862e-02 1.478633843362331390e-03 5.137525498867034912e-03 1.643188484013080597e-02 8.180988021194934845e-03 9.905895218253135681e-03 2.039963193237781525e-02 4.338137060403823853e-02 1.957356743514537811e-02 2.509053424000740051e-02 3.470187541097402573e-03 1.341234054416418076e-02 2.582509070634841919e-02 1.010273117572069168e-02 8.714054711163043976e-03 6.688897847197949886e-04 6.885298527777194977e-03 4.510190337896347046e-03 3.999433014541864395e-03 1.286525651812553406e-02 3.198754740878939629e-03 2.147184452041983604e-03 4.109895380679517984e-04 1.419216766953468323e-02 2.782991901040077209e-02 8.765240636421367526e-05 1.895881257951259613e-02 1.085354387760162354e-02 1.293048262596130371e-02 8.241071365773677826e-03 1.765563897788524628e-02 4.964758642017841339e-03 1.711048558354377747e-02 7.072664331644773483e-03 8.280060254037380219e-03 6.784632802009582520e-03 4.305757582187652588e-03 2.223218418657779694e-02 7.172055542469024658e-03 4.316555336117744446e-03 1.811618171632289886e-02 1.101920846849679947e-02 2.294747158885002136e-02 1.190102007240056992e-02 6.347853690385818481e-03 5.377688445150852203e-03 1.659564673900604248e-02 8.815521374344825745e-03 2.920010313391685486e-02 2.088881796225905418e-03 4.845370538532733917e-03
2.005957253277301788e-02 1.926843449473381042e-02 1.982083357870578766e-02 4.073025193065404892e-03 4.463283810764551163e-03 1.986304484307765961e-02 3.061466105282306671e-02 4.013584926724433899e-03 2.275464497506618500e-02 1.615281915292143822e-03 2.709619514644145966e-02 8.156603574752807617e-01 1.481248624622821808e-02 6.911534816026687622e-02 3.978359512984752655e-03 1.894466765224933624e-02 1.491512870416045189e-03 8.932459168136119843e-03 2.807893417775630951e-02 2.433954924345016479e-02 1.469525601714849472e-02 1.171725103631615639e-03 3.397173807024955750e-02 2.793426252901554108e-02 2.618020027875900269e-02 2.550382167100906372e-02 1.150904409587383270e-02 5.697077140212059021e-02 1.769803231582045555e-03 2.771923132240772247e-02 6.845443975180387497e-03 2.408426441252231598e-02 3.185278549790382385e-02 1.763741113245487213e-02 2.514049969613552094e-02 2.835359238088130951e-02 1.231599692255258560e-02 5.904056597501039505e-03 8.100899867713451385e-03 1.611126028001308441e-02 1.767492969520390034e-03 2.193313837051391602e-02 9.910491295158863068e-03 9.714723564684391022e-03 5.490669980645179749e-02 2.114231325685977936e-02 2.389956265687942505e-02 1.549156382679939270e-02 2.296030754223465919e-03 4.888570401817560196e-03 2.935804612934589386e-02 4.531792178750038147e-02 3.002227842807769775e-02 2.899950556457042694e-02 6.968579720705747604e-03 2.594266552478075027e-03 1.149173476733267307e-03 7.291062269359827042e-03 2.563293650746345520e-02 3.360674530267715454e-02 1.756677590310573578e-02 2.850751765072345734e-02 8.380261249840259552e-03 1.590470201335847378e-03 8.361156098544597626e-03 1.404482312500476837e-02 1.751195080578327179e-02 1.725159958004951477e-02 1.349880825728178024e-02 9.811487980186939240e-03 1.400244608521461487e-02 1.946768350899219513e-02 3.566334396600723267e-02 2.162862941622734070e-02 1.487735938280820847e-02 4.825542680919170380e-03 2.184354513883590698e-02 4.155471455305814743e-03 2.701128274202346802e-02 2.135430090129375458e-02 6.799976807087659836e-03 1.439583254978060722e-03 6.963666062802076340e-03 4.486516118049621582e-03 2.043194137513637543e-02 2.842733077704906464e-02 7.487718481570482254e-03 1.434655580669641495e-02 2.796693332493305206e-02 2.098134486004710197e-03 1.494629774242639542e-02 1.781728817149996758e-03 7.602724712342023849e-03 1.837700046598911285e-02 8.527550846338272095e-03 1.505175326019525528e-02 1.205757167190313339e-02 1.313900202512741089e-02 1.839934848248958588e-02 2.439103648066520691e-02 1.613501226529479027e-03 4.647235386073589325e-03 1.200967095792293549e-02 1.599214388988912106e-03 2.460228977724909782e-03 1.165277697145938873e-02 9.624084457755088806e-03 3.819386288523674011e-02 3.459508589003235102e-04 1.210395898669958115e-02 3.934978041797876358e-03 1.645766384899616241e-02 2.236119285225868225e-02 3.921005502343177795e-02 9.538585320115089417e-03 1.100630685687065125e-02
5.085783824324607849e-02 6.228908151388168335e-02 1.028778264299035072e-03 1.273389533162117004e-02 1.317462045699357986e-02 3.593228012323379517e-02 4.580693691968917847e-02 2.595936181023716927e-03 7.942274212837219238e-03 7.566899061203002930e-03 8.538548648357391357e-02 1.481248624622821808e-02 8.156603574752807617e-01 6.458069663494825363e-03 1.169140543788671494e-02 8.923917077481746674e-03 7.031254470348358154e-03 9.054094552993774414e-03 2.031288482248783112e-02 7.792757969582453370e-06 3.424226073548197746e-03 2.582368627190589905e-02 1.241450477391481400e-02 6.514315959066152573e-03 4.028507973998785019e-03 1.953152753412723541e-02 2.621246036142110825e-03 2.150033973157405853e-02 2.129611559212207794e-02 3.044354170560836792e-02 2.550975792109966278e-02 1.724588498473167419e-02 8.044230751693248749e-03 2.287047542631626129e-02 9.859078563749790192e-03 6.031443830579519272e-03 8.952842094004154205e-03 8.427877910435199738e-03 3.864518133923411369e-03 4.044037312269210815e-03 8.117966353893280029e-04 3.779232501983642578e-04 1.583689125254750252e-03 5.728663410991430283e-03 3.271999303251504898e-03 1.539651118218898773e-02 5.361359566450119019e-02 5.094128102064132690e-02 3.578613745048642159e-03 1.357722654938697815e-02 1.653638854622840881e-02 1.047122641466557980e-03 1.232654228806495667e-02 1.818863116204738617e-02 1.030941121280193329e-02 2.321079373359680176e-02 1.726286299526691437e-02 3.912414982914924622e-02 4.335811361670494080e-03 2.387159690260887146e-02 7.325723301619291306e-03 8.034004829823970795e-03 3.896198002621531487e-03 1.129666436463594437e-02 1.539074443280696869e-02 3.900744393467903137e-02 9.458010084927082062e-03 1.238918770104646683e-02 1.250861678272485733e-03 9.041264653205871582e-03 8.793225279077887535e-04 1.700510084629058838e-02 1.797136105597019196e-02 1.662591844797134399e-02 1.852700673043727875e-02 1.036881376057863235e-02 3.568863030523061752e-03 1.555942930281162262e-02 1.875617657788097858e-03 2.253034897148609161e-02 2.086894121021032333e-03 1.606951700523495674e-03 2.066991990432143211e-03 2.680409932509064674e-03 2.016394212841987610e-02 1.736685261130332947e-02 1.567807747051119804e-03 8.631987497210502625e-03 8.045111782848834991e-03 5.051218345761299133e-02 1.749502494931221008e-02 2.782918163575232029e-04 3.475635871291160583e-02 1.729473285377025604e-02 6.944820052012801170e-04 8.074585348367691040e-03 6.780704017728567123e-03 1.610109023749828339e-02 2.073224447667598724e-02 9.920711629092693329e-03 3.223855979740619659e-03 8.236668072640895844e-03 1.333983428776264191e-02 5.364946555346250534e-03 1.592840813100337982e-02 1.721004210412502289e-02 1.554351393133401871e-02 3.191641764715313911e-03 1.941461674869060516e-02 2.478731982409954071e-02 1.769177243113517761e-02 1.450440101325511932e-02 6.721162353642284870e-04 1.945050805807113647e-02 7.911701686680316925e-03 5.937402602285146713e-04
