8.408130407333374023e-01 6.269026547670364380e-02 3.811499336734414101e-03 1.454452238976955414e-02 1.409945450723171234e-02 5.640147998929023743e-02 3.066991642117500305e-02 3.275853348895907402e-03 3.190325200557708740e-02 1.346845063380897045e-03 6.907089799642562866e-02 5.887427832931280136e-03 5.856699496507644653e-02 6.728455889970064163e-03 5.532502662390470505e-03 1.518469303846359253e-02 3.599175950512290001e-03 3.200583904981613159e-02 8.025946095585823059e-03 1.426421292126178741e-02 8.503790013492107391e-03 3.311333805322647095e-02 1.313070673495531082e-02 8.116434328258037567e-03 1.313398126512765884e-02 6.017453968524932861e-03 3.852159157395362854e-02 6.290955469012260437e-03 5.179001018404960632e-03 9.837871417403221130e-03 1.433119922876358032e-02 7.088253274559974670e-03 2.409774897387251258e-04 1.152112614363431931e-02 5.546525586396455765e-03 1.140831317752599716e-02 2.696030307561159134e-03 2.193883620202541351e-02 5.868661217391490936e-03 2.053244737908244133e-03 1.287088496610522270e-03 4.121044185012578964e-03 7.133541628718376160e-03 1.117821317166090012e-02 3.981063608080148697e-03 7.730924990028142929e-03 4.234785959124565125e-02 1.403378043323755264e-02 2.385222911834716797e-02 6.153448484838008881e-03 4.419767356012016535e-05 3.934615233447402716e-04 1.560520473867654800e-02 8.016842417418956757e-03 2.499130927026271820e-02 1.371796824969351292e-04 1.452235877513885498e-02 1.766054891049861908e-03 2.321087941527366638e-02 2.002115920186042786e-02 1.535435579717159271e-02 3.895565634593367577e-03 3.522824961692094803e-03 5.385670810937881470e-03 2.062265016138553619e-02 1.081069558858871460e-02 1.302651036530733109e-02 2.203057706356048584e-02 2.129271812736988068e-02 1.255327649414539337e-02 3.112066304311156273e-03 3.663805779069662094e-03 1.024225447326898575e-02 3.464421490207314491e-03 1.637080102227628231e-03 1.271870173513889313e-02 3.089603595435619354e-02 9.363654069602489471e-03 1.991945691406726837e-02 2.465735562145709991e-02 6.707525346428155899e-03 1.201388519257307053e-02 3.439333662390708923e-02 3.954781685024499893e-03 2.509897574782371521e-02 4.109509754925966263e-03 2.329797483980655670e-02 2.686812169849872589e-02 3.409027354791760445e-03 7.125181145966053009e-03 1.980660483241081238e-02 2.092034742236137390e-02 6.744063924998044968e-03 3.439893573522567749e-02 1.740997284650802612e-02 1.643981598317623138e-02 2.296829968690872192e-02 8.862056769430637360e-03 2.889186888933181763e-02 1.412655878812074661e-02 1.569973304867744446e-02 1.384855154901742935e-02 2.562887035310268402e-02 6.886785849928855896e-03 9.660788811743259430e-03 1.717999461106956005e-03 6.044412963092327118e-03 6.008104886859655380e-03 6.678400561213493347e-03 7.737571373581886292e-03 2.826295793056488037e-02 7.380788680166006088e-03 5.788184236735105515e-03 1.246045716106891632e-02 1.568265445530414581e-02 3.537411987781524658e-02
6.269026547670364380e-02 8.408130407333374023e-01 1.469136588275432587e-02 1.603084988892078400e-02 4.011840093880891800e-03 7.275456935167312622e-02 6.241154298186302185e-02 4.821113310754299164e-03 3.206434845924377441e-02 3.418652340769767761e-03 5.653205513954162598e-02 3.633004613220691681e-03 8.019622415304183960e-02 2.380161918699741364e-02 7.545255357399582863e-04 2.093210816383361816e-03 7.613034918904304504e-03 3.227937594056129456e-02 6.486439146101474762e-03 1.646216213703155518e-02 1.947562023997306824e-02 1.598913222551345825e-02 1.219465117901563644e-02 1.167935132980346680e-02 1.314942631870508194e-02 7.655802648514509201e-03 2.278372459113597870e-02 6.182685028761625290e-03 7.103520911186933517e-03 3.048609243705868721e-03 2.057398110628128052e-02 2.229178091511130333e-03 2.640094375237822533e-03 4.656594537664204836e-04 1.385231874883174896e-02 1.663204398937523365e-03 1.232135668396949768e-02 3.403814043849706650e-03 1.755244843661785126e-02 1.401736866682767868e-03 1.167406979948282242e-02 1.556061208248138428e-02 6.671503069810569286e-04 2.719661593437194824e-02 8.922104723751544952e-03 4.854675382375717163e-03 4.765227064490318298e-02 2.989469282329082489e-02 1.379011664539575577e-02 8.921742439270019531e-03 1.430092816008254886e-04 1.442247442901134491e-02 7.243237458169460297e-03 3.104811999946832657e-03 5.737779662013053894e-03 9.858464822173118591e-03 1.698502153158187866e-02 1.186836045235395432e-03 2.311549521982669830e-02 1.469500456005334854e-02 3.549231914803385735e-03 3.082153853029012680e-03 4.446302540600299835e-03 1.509812893345952034e-03 3.827760741114616394e-02 3.201552107930183411e-02 1.306387502700090408e-02 2.109219133853912354e-02 1.127827167510986328e-02 2.808633446693420410e-02 2.331188006792217493e-04 1.547228451818227768e-02 8.981519378721714020e-03 1.237465627491474152e-02 8.674946613609790802e-03 1.332194916903972626e-02 1.890078373253345490e-02 4.140818025916814804e-03 2.048866637051105499e-02 3.062814706936478615e-03 2.157919295132160187e-02 2.479420602321624756e-02 3.031965158879756927e-02 1.546486630104482174e-03 2.555753104388713837e-02 1.686610095202922821e-02 2.799765393137931824e-02 2.890740521252155304e-02 1.950879581272602081e-02 7.302546408027410507e-03 2.989937365055084229e-02 4.222537949681282043e-02 9.555888362228870392e-03 1.634591445326805115e-02 4.051013384014368057e-03 6.296280771493911743e-04 1.622892543673515320e-02 3.805837826803326607e-03 1.070964429527521133e-02 3.535834839567542076e-03 3.692078869789838791e-03 7.916206493973731995e-03 9.969254024326801300e-03 6.519123562611639500e-04 1.085849478840827942e-02 1.493850373663008213e-03 5.742691457271575928e-03 1.399877481162548065e-02 1.528040855191648006e-03 4.746619146317243576e-03 1.039898581802845001e-02 1.069812290370464325e-02 8.894200436770915985e-03 1.358043123036623001e-02 1.500387303531169891e-02 1.839008554816246033e-02
3.811499336734414101e-03 1.469136588275432587e-02 8.408130407333374023e-01 5.320999771356582642e-03 1.781033352017402649e-02 2.381552383303642273e-02 1.533051393926143646e-02 4.648305475711822510e-02 4.506699275225400925e-03 2.612603083252906799e-02 1.772540062665939331e-02 1.851968653500080109e-02 1.393055636435747147e-02 2.473008260130882263e-02 1.362601108849048615e-02 2.074855566024780273e-02 2.848339267075061798e-02 3.160162270069122314e-02 3.259844332933425903e-02 1.946532400324940681e-03 4.549570847302675247e-03 5.945452023297548294e-03 3.512781579047441483e-03 1.347850449383258820e-02 5.090300459414720535e-03 9.138351306319236755e-03 2.446975326165556908e-03 2.291981829330325127e-03 7.770440541207790375e-03 2.102354355156421661e-02 1.616368442773818970e-02 1.629065349698066711e-02 7.036383030936121941e-04 1.340334955602884293e-02 1.751830428838729858e-02 5.917442962527275085e-03 4.359862301498651505e-03 1.131973811425268650e-03 6.324703572317957878e-04 1.622546836733818054e-02 1.556802261620759964e-02 4.764528945088386536e-03 1.573584973812103271e-02 2.821826562285423279e-02 2.068102546036243439e-02 2.002261206507682800e-02 4.066784866154193878e-03 1.897786976769566536e-03 1.316475309431552887e-02 2.319951727986335754e-02 3.586758859455585480e-03 4.734294023364782333e-03 8.878977969288825989e-03 1.697384193539619446e-02 1.700898818671703339e-02 2.716094069182872772e-02 2.762598742265254259e-04 2.658110670745372772e-02 1.456319075077772141e-02 2.296362072229385376e-02 4.355904180556535721e-03 1.604323089122772217e-02 9.716937318444252014e-03 1.658949814736843109e-02 4.860413726419210434e-03 5.587970837950706482e-03 3.498649224638938904e-03 1.699295593425631523e-03 6.528730504214763641e-03 1.752504706382751465e-02 1.830694824457168579e-02 2.678903564810752869e-02 2.104743616655468941e-03 6.946120876818895340e-03 3.298451751470565796e-02 1.003200747072696686e-02 1.177766546607017517e-02 3.914210945367813110e-02 1.181481685489416122e-02 1.417457591742277145e-02 4.115436971187591553e-02 4.035736620426177979e-02 1.664691604673862457e-02 4.493486881256103516e-02 5.473878234624862671e-03 9.579229168593883514e-03 3.053744323551654816e-02 1.545533444732427597e-02 2.246329188346862793e-02 1.917434297502040863e-02 9.535451419651508331e-03 3.444855101406574249e-03 7.135997992008924484e-03 1.457501389086246490e-02 9.468979202210903168e-03 1.346782967448234558e-02 2.014271542429924011e-02 1.564372144639492035e-02 4.482402931898832321e-03 7.466869894415140152e-03 2.525040507316589355e-02 2.400668896734714508e-02 1.452390104532241821e-02 4.445750266313552856e-03 1.655335910618305206e-02 1.878090761601924896e-02 1.169878896325826645e-02 1.271914597600698471e-02 3.260255977511405945e-02 2.211503218859434128e-03 6.319283507764339447e-03 3.385646967217326164e-03 2.000900730490684509e-02 1.687466725707054138e-02 1.819956116378307343e-02 1.477509737014770508e-02
1.454452238976955414e-02 1.603084988892078400e-02 5.320999771356582642e-03 8.408130407333374023e-01 2.859354950487613678e-02 2.547828108072280884e-02 2.328023128211498260e-02 2.071641758084297180e-02 1.160208019427955151e-03 1.358888763934373856e-02 2.265797666041180491e-04 2.121449261903762817e-02 7.664126344025135040e-03 2.592241019010543823e-02 3.188738133758306503e-03 9.591760113835334778e-03 1.089192344807088375e-03 3.429783880710601807e-02 3.125948086380958557e-02 1.348132733255624771e-02 9.160081855952739716e-03 8.308495394885540009e-03 6.449076812714338303e-03 1.180996745824813843e-02 1.856059581041336060e-02 7.963167503476142883e-03 9.564732201397418976e-03 4.006879404187202454e-02 1.785971969366073608e-02 2.867907099425792694e-02 1.283502485603094101e-02 1.637373352423310280e-04 8.101175539195537567e-03 1.713337190449237823e-02 7.776980288326740265e-03 2.362796477973461151e-02 2.547203376889228821e-02 1.200489047914743423e-02 2.625788748264312744e-02 1.004290487617254257e-02 1.429730001837015152e-02 2.518549747765064240e-02 3.866021707653999329e-02 1.054761814884841442e-03 1.329548470675945282e-02 2.179411984980106354e-02 1.730624027550220490e-02 1.153661869466304779e-02 2.138659544289112091e-02 6.549168028868734837e-04 2.797930128872394562e-02 2.366380579769611359e-02 1.225132029503583908e-02 2.495169639587402344e-02 2.921937033534049988e-02 2.445692371111363173e-04 2.907555922865867615e-02 1.662627048790454865e-02 2.179840346798300743e-03 1.866776868700981140e-02 3.061711043119430542e-02 1.672031544148921967e-02 1.751513034105300903e-02 3.772025182843208313e-02 1.175133883953094482e-02 1.534292474389076233e-02 1.344762928783893585e-02 1.567989215254783630e-02 3.071670234203338623e-02 3.442424349486827850e-03 3.347915783524513245e-02 1.566432602703571320e-02 4.658137261867523193e-02 1.104308478534221649e-02 3.425344452261924744e-02 2.734053321182727814e-02 2.541885338723659515e-02 1.617476716637611389e-02 8.110552094876766205e-03 3.826411208137869835e-03 2.035394497215747833e-02 1.045280229300260544e-02 4.549133032560348511e-02 6.715974304825067520e-03 7.103167474269866943e-03 1.328000891953706741e-02 1.081820297986268997e-02 4.819544032216072083e-03 3.268023207783699036e-02 1.657510921359062195e-02 9.304917184635996819e-04 3.473317250609397888e-03 1.895708963274955750e-02 6.523051997646689415e-04 2.834800444543361664e-02 3.082466870546340942e-02 9.229123243130743504e-04 2.237192355096340179e-02 2.420919202268123627e-02 1.745218038558959961e-02 2.373731136322021484e-02 1.961610466241836548e-02 3.535850206390023232e-03 1.443233992904424667e-02 2.670072950422763824e-03 1.679668948054313660e-02 1.142413169145584106e-02 3.200214728713035583e-02 1.001679338514804840e-02 3.943673148751258850e-02 6.660151761025190353e-03 5.770725198090076447e-03 2.470261603593826294e-02 3.565274178981781006e-02 3.327253460884094238e-02 5.691911093890666962e-03
1.409945450723171234e-02 4.011840093880891800e-03 1.781033352017402649e-02 2.859354950487613678e-02 8.408130407333374023e-01 4.951975774019956589e-03 8.777391165494918823e-03 1.141521800309419632e-02 9.312836453318595886e-03 2.624724619090557098e-02 6.567635573446750641e-03 4.168733488768339157e-03 1.192004419863224030e-02 1.681861653923988342e-02 9.177160449326038361e-03 1.877705566585063934e-02 2.045797929167747498e-02 2.595444209873676300e-02 1.572790555655956268e-02 1.443523913621902466e-03 5.700001493096351624e-03 4.097760841250419617e-02 6.608438212424516678e-03 1.857560500502586365e-02 3.980601672083139420e-03 5.899592302739620209e-03 2.693171985447406769e-02 1.406019367277622223e-02 1.025464618578553200e-03 1.771246665157377720e-03 2.716591116040945053e-03 7.317171897739171982e-03 1.403966918587684631e-02 8.761211298406124115e-03 2.332821674644947052e-02 8.303446695208549500e-03 7.498862687498331070e-03 1.894063549116253853e-03 1.610438153147697449e-02 3.725867345929145813e-02 1.557392068207263947e-02 2.031669393181800842e-02 3.007582388818264008e-02 1.677574589848518372e-02 1.519328169524669647e-02 1.758607337251305580e-03 2.596162026748061180e-03 2.353819785639643669e-03 1.459871605038642883e-02 1.776925288140773773e-02 2.770355669781565666e-03 1.968368189409375191e-03 2.131847105920314789e-02 8.177470415830612183e-03 2.401577122509479523e-02 2.078743278980255127e-02 1.075400318950414658e-02 9.206139482557773590e-03 1.490072812885046005e-02 2.283590473234653473e-02 1.151845511049032211e-02 2.604939602315425873e-02 2.584849298000335693e-02 2.112774364650249481e-02 6.485143210738897324e-03 1.169769652187824249e-02 1.416921964846551418e-03 1.115752849727869034e-02 2.623602189123630524e-02 6.707157474011182785e-03 2.476832456886768341e-02 2.068869397044181824e-02 2.934604324400424957e-02 4.556343890726566315e-03 4.297615587711334229e-02 1.572730834595859051e-03 1.334569323807954788e-02 3.432754054665565491e-02 4.956976976245641708e-03 6.988465320318937302e-03 7.319113705307245255e-03 6.516473949886858463e-04 3.387792780995368958e-02 4.388746991753578186e-02 2.426928607746958733e-03 7.860631681978702545e-03 1.654898398555815220e-03 1.956142671406269073e-02 1.985100284218788147e-02 1.263217348605394363e-02 1.072894968092441559e-02 1.336922636255621910e-03 2.979253651574254036e-03 4.538900777697563171e-02 1.868419907987117767e-02 2.185917645692825317e-02 2.149486728012561798e-02 9.218950755894184113e-03 1.546347979456186295e-02 1.432266645133495331e-02 8.689254522323608398e-03 5.438765976577997208e-03 2.078251168131828308e-02 3.793731331825256348e-02 1.659895293414592743e-02 1.220746617764234543e-02 1.782700419425964355e-02 8.358138613402843475e-03 2.167241415008902550e-03 1.164239551872014999e-02 2.154328115284442902e-02 2.913059853017330170e-02 6.358213257044553757e-03 2.061101980507373810e-02 1.185864862054586411e-02 4.127930477261543274e-02
5.640147998929023743e-02 7.275456935167312622e-02 2.381552383303642273e-02 2.547828108072280884e-02 4.951975774019956589e-03 8.408130407333374023e-01 6.445208191871643066e-02 3.632937557995319366e-03 3.723515570163726807e-02 1.061571110039949417e-02 4.987972602248191833e-02 2.335076034069061279e-02 6.153711676597595215e-02 3.761674836277961731e-02 8.567582815885543823e-03 1.259133568964898586e-04 1.211086660623550415e-02 2.437470108270645142e-02 3.457788843661546707e-04 1.716750860214233398e-02 1.205053646117448807e-02 1.692186226136982441e-03 9.849061258137226105e-03 1.463586743921041489e-02 1.628305949270725250e-02 1.464085467159748077e-02 1.534218061715364456e-02 8.144581690430641174e-03 8.127136155962944031e-03 1.658463291823863983e-02 4.170655272901058197e-03 5.459337495267391205e-03 1.101248990744352341e-02 1.087575778365135193e-02 1.288801245391368866e-02 1.528646796941757202e-02 1.875113928690552711e-03 5.656613968312740326e-03 7.002039346843957901e-03 8.428164757788181305e-03 2.535540144890546799e-03 2.244874136522412300e-03 1.271800696849822998e-02 2.609808929264545441e-02 1.958596892654895782e-02 2.544682705774903297e-03 6.368005275726318359e-02 1.937298849225044250e-02 1.737776212394237518e-02 1.007045991718769073e-02 1.083054207265377045e-02 1.196959242224693298e-02 4.545279778540134430e-03 5.135044921189546585e-03 2.103147841989994049e-02 3.921294119209051132e-03 3.087467327713966370e-02 3.604855155572295189e-03 2.449137344956398010e-02 1.458781678229570389e-02 1.455329451709985733e-02 9.157555177807807922e-03 1.350574661046266556e-02 7.408720441162586212e-03 2.609826624393463135e-02 1.400858070701360703e-02 1.847124285995960236e-02 2.013546973466873169e-02 2.888239547610282898e-02 1.344370562583208084e-02 1.034356653690338135e-02 2.848934568464756012e-02 2.504331618547439575e-02 1.053666710504330695e-04 6.212824955582618713e-03 2.162109315395355225e-02 3.522888198494911194e-02 3.781939856708049774e-03 3.405010700225830078e-02 3.342661773785948753e-03 1.356460060924291611e-02 2.969843335449695587e-02 2.730516158044338226e-02 1.958404667675495148e-02 1.980777643620967865e-02 4.849242512136697769e-03 2.488407865166664124e-02 1.911913231015205383e-02 2.140190452337265015e-02 1.059861015528440475e-02 2.548953145742416382e-02 2.434608526527881622e-02 3.286716528236865997e-03 7.776237907819449902e-04 1.667889021337032318e-02 1.656018756330013275e-02 6.387352012097835541e-03 7.000752724707126617e-03 3.047367557883262634e-02 1.213434338569641113e-02 7.618589326739311218e-03 4.266249481588602066e-03 2.675711410120129585e-03 1.190677750855684280e-02 3.750670002773404121e-03 2.180492272600531578e-03 1.493082568049430847e-02 1.787158544175326824e-03 2.038236940279603004e-03 8.335223421454429626e-03 2.141782315447926521e-04 4.646839806810021400e-04 1.264675240963697433e-02 1.845427043735980988e-02 1.352072134613990784e-02 1.628250698558986187e-03
3.066991642117500305e-02 6.241154298186302185e-02 1.533051393926143646e-02 2.328023128211498260e-02 8.777391165494918823e-03 6.445208191871643066e-02 8.408130407333374023e-01 4.417452495545148849e-03 2.891928702592849731e-02 1.006967015564441681e-02 5.264436453580856323e-02 1.876655779778957367e-02 5.014477670192718506e-02 4.711168631911277771e-02 1.663446426391601562e-02 4.062321968376636505e-03 1.772073470056056976e-02 3.216430544853210449e-02 2.736091613769531250e-03 2.082470245659351349e-02 1.559593062847852707e-02 6.662311963737010956e-03 1.598648726940155029e-02 2.128693461418151855e-02 1.199633441865444183e-02 9.234270080924034119e-03 2.793563064187765121e-03 9.969286620616912842e-03 3.160644555464386940e-03 4.971678368747234344e-03 5.297785159200429916e-03 6.121743936091661453e-03 1.138802710920572281e-02 8.216957561671733856e-03 1.753750629723072052e-02 7.988905534148216248e-03 1.786553533747792244e-03 1.823184639215469360e-02 4.611871670931577682e-03 1.775242526491638273e-05 6.466220598667860031e-03 6.805967073887586594e-03 2.565324539318680763e-03 2.543005160987377167e-02 2.424644492566585541e-02 1.070479513145983219e-03 5.467682704329490662e-02 4.895112663507461548e-02 9.675996378064155579e-03 8.852933533489704132e-03 8.007520809769630432e-03 3.445975249633193016e-03 1.021704357117414474e-02 1.385684125125408173e-02 2.019508683588355780e-04 1.091329753398895264e-02 1.829846017062664032e-02 2.919025486335158348e-03 2.275395207107067108e-02 1.379907689988613129e-02 1.064717769622802734e-03 7.007065694779157639e-03 1.107449270784854889e-02 1.365717593580484390e-02 4.218462854623794556e-02 1.502611953765153885e-02 1.263411343097686768e-02 1.849442906677722931e-02 1.618002355098724365e-02 1.651048846542835236e-02 5.219006910920143127e-03 2.999962680041790009e-02 1.571261323988437653e-02 9.932054672390222549e-04 4.360566847026348114e-03 9.521122090518474579e-03 3.470909222960472107e-02 6.783978547900915146e-03 3.928639739751815796e-02 1.020156312733888626e-03 1.681287586688995361e-02 2.582527883350849152e-02 2.559640072286128998e-02 1.664172671735286713e-02 2.276043593883514404e-02 1.611345447599887848e-02 2.591323480010032654e-02 1.799102686345577240e-02 2.992451190948486328e-02 1.439252588897943497e-02 3.505448251962661743e-02 2.946731261909008026e-02 2.997189387679100037e-02 9.901552461087703705e-03 1.440345775336027145e-02 1.266549713909626007e-02 1.032229885458946228e-02 5.173508077859878540e-03 1.375514082610607147e-02 5.311599932610988617e-03 7.439958397299051285e-03 3.089101053774356842e-03 9.094289503991603851e-03 9.016793221235275269e-03 1.988308038562536240e-03 1.025810721330344677e-03 1.033264771103858948e-02 2.499877242371439934e-03 8.273323997855186462e-03 1.010269392281770706e-02 2.316148485988378525e-03 4.078262019902467728e-03 9.228466078639030457e-03 2.066582068800926208e-02 1.687357784248888493e-03 1.215544901788234711e-02
3.275853348895907402e-03 4.821113310754299164e-03 4.648305475711822510e-02 2.071641758084297180e-02 1.141521800309419632e-02 3.632937557995319366e-03 4.417452495545148849e-03 8.408130407333374023e-01 4.266420000931248069e-05 7.606901228427886963e-03 1.421022322028875351e-02 9.765920229256153107e-03 1.045528706163167953e-02 2.880991902202367783e-03 3.084259480237960815e-02 2.653352171182632446e-02 2.441764809191226959e-02 3.038998320698738098e-02 2.002479694783687592e-02 1.893450319766998291e-02 1.789698936045169830e-02 4.392606206238269806e-03 1.345732808113098145e-02 1.426500827074050903e-02 2.114838920533657074e-02 2.367120049893856049e-02 3.268521046265959740e-03 5.707270000129938126e-03 2.196903340518474579e-03 2.790383296087384224e-03 3.840249963104724884e-03 2.045539207756519318e-02 1.383046153932809830e-02 5.601916462182998657e-03 1.182569656521081924e-02 3.250029310584068298e-02 3.242877125740051270e-02 9.038228541612625122e-03 3.107967600226402283e-02 1.692384295165538788e-02 2.826299704611301422e-02 1.903423108160495758e-02 2.370884455740451813e-02 2.850798331201076508e-02 1.759809325449168682e-03 1.829658634960651398e-03 1.281874068081378937e-02 3.252215101383626461e-04 1.623397134244441986e-02 4.692073445767164230e-03 1.993078738451004028e-02 2.018839493393898010e-02 2.403411641716957092e-02 2.556621097028255463e-02 1.370085403323173523e-02 1.220368780195713043e-02 7.602707948535680771e-03 1.755284331738948822e-02 3.514511510729789734e-02 2.588225342333316803e-02 1.685214415192604065e-02 5.958550609648227692e-03 9.097401984035968781e-03 6.034539546817541122e-03 1.113886944949626923e-02 7.470217999070882797e-03 1.751856319606304169e-02 1.384465862065553665e-02 1.433696784079074860e-02 1.554308552294969559e-02 1.115539949387311935e-02 9.174053557217121124e-03 1.765462569892406464e-02 1.336610689759254456e-02 2.253038063645362854e-02 2.594606252387166023e-03 4.505842924118041992e-03 7.443332113325595856e-03 8.713180199265480042e-03 4.751570988446474075e-03 4.895057156682014465e-02 4.328643530607223511e-02 3.409812226891517639e-02 1.557314675301313400e-02 1.385636813938617706e-02 2.434494672343134880e-03 4.399252682924270630e-02 3.781557455658912659e-02 9.710896760225296021e-03 6.369793554767966270e-04 1.085998769849538803e-02 2.152656670659780502e-03 5.934354849159717560e-04 5.146465264260768890e-03 2.614023536443710327e-02 2.595359832048416138e-02 2.521031349897384644e-02 3.439206629991531372e-03 1.094840001314878464e-02 2.394881099462509155e-02 2.770039997994899750e-02 1.494063064455986023e-02 6.115486379712820053e-03 9.362935088574886322e-03 2.044667862355709076e-02 1.547766663134098053e-02 2.021141350269317627e-02 1.574176177382469177e-02 3.086772747337818146e-02 6.177200470119714737e-03 2.502880757674574852e-03 1.042198296636343002e-02 9.903784841299057007e-03 1.573426276445388794e-02 1.289869472384452820e-02 6.076054181903600693e-03
3.190325200557708740e-02 3.206434845924377441e-02 4.506699275225400925e-03 1.160208019427955151e-03 9.312836453318595886e-03 3.723515570163726807e-02 2.891928702592849731e-02 4.266420000931248069e-05 8.408130407333374023e-01 2.787655219435691833e-02 3.941106051206588745e-02 3.278889879584312439e-02 4.539066553115844727e-02 7.797974627465009689e-03 1.192101649940013885e-02 1.780309528112411499e-02 5.193569231778383255e-03 5.749533697962760925e-02 1.693179085850715637e-02 1.068543456494808197e-02 2.500604465603828430e-02 1.691028289496898651e-02 2.995266579091548920e-03 6.165950559079647064e-03 1.275704894214868546e-02 1.471485476940870285e-02 2.683261875063180923e-03 2.457549562677741051e-03 6.870594341307878494e-03 8.144258521497249603e-03 1.148773590102791786e-03 3.923346754163503647e-03 1.298915036022663116e-02 2.289306139573454857e-03 3.135745937470346689e-04 3.732518525794148445e-03 1.527444645762443542e-02 7.427340839058160782e-03 2.990002045407891273e-03 2.018446661531925201e-02 3.785949200391769409e-03 4.106727894395589828e-03 1.041780575178563595e-03 8.565842872485518456e-04 2.101588249206542969e-02 5.453817546367645264e-03 1.418889220803976059e-02 2.086900360882282257e-02 1.620556041598320007e-02 1.047662692144513130e-03 6.496947258710861206e-03 2.823734888806939125e-03 1.100650709122419357e-02 9.064497426152229309e-03 2.491076663136482239e-02 9.382293792441487312e-04 1.393826957792043686e-02 5.650225561112165451e-03 1.864241994917392731e-02 2.972937747836112976e-02 1.819841749966144562e-02 1.390973385423421860e-02 1.572614302858710289e-03 1.355275884270668030e-02 1.809891872107982635e-02 1.891063340008258820e-02 6.114383577369153500e-04 1.263067871332168579e-02 2.567564323544502258e-02 7.202222477644681931e-04 7.057263050228357315e-03 1.208629645407199860e-02 5.173011682927608490e-03 8.333269506692886353e-03 9.301195852458477020e-03 2.611468546092510223e-02 6.989188492298126221e-02 1.456725504249334335e-02 1.788523606956005096e-02 2.205119701102375984e-03 1.021734345704317093e-02 4.255367070436477661e-02 3.202559426426887512e-02 1.875030249357223511e-02 1.311166957020759583e-02 9.325044229626655579e-03 1.099359896034002304e-02 8.134120143949985504e-03 2.834198251366615295e-02 3.039157250896096230e-03 3.098793560639023781e-03 3.124420763924717903e-03 1.374611351639032364e-02 6.368543021380901337e-03 6.849687080830335617e-03 2.825802192091941833e-03 1.788919616956263781e-04 2.144081145524978638e-02 2.172831632196903229e-02 2.316030877409502864e-04 5.159416468814015388e-04 1.697294600307941437e-02 3.360004397109150887e-03 2.020218409597873688e-02 1.738581433892250061e-02 1.825893297791481018e-02 2.160108834505081177e-02 3.477050224319100380e-03 5.614501424133777618e-03 5.613857880234718323e-03 7.721277419477701187e-03 1.914991997182369232e-02 2.850383752956986427e-03 7.689008023589849472e-03 1.554363127797842026e-02 9.917672723531723022e-04
1.346845063380897045e-03 3.418652340769767761e-03 2.612603083252906799e-02 1.358888763934373856e-02 2.624724619090557098e-02 1.061571110039949417e-02 1.006967015564441681e-02 7.606901228427886963e-03 2.787655219435691833e-02 8.408130407333374023e-01 2.718802541494369507e-03 2.226029522716999054e-02 1.884180819615721703e-03 4.352028295397758484e-02 1.878402009606361389e-02 2.229914971394464374e-04 2.961324714124202728e-02 1.541654765605926514e-02 5.891490727663040161e-02 1.071802154183387756e-02 2.287767827510833740e-02 1.079929340630769730e-02 8.097399957478046417e-03 3.076867386698722839e-02 5.593036301434040070e-03 1.294746715575456619e-02 1.203495822846889496e-02 2.965251682326197624e-03 2.475445531308650970e-02 2.203510142862796783e-02 2.165065705776214600e-02 2.951574744656682014e-03 1.601884514093399048e-02 3.901509335264563560e-04 6.804675213061273098e-04 1.723466254770755768e-02 5.566649138927459717e-03 1.876894850283861160e-03 2.633411623537540436e-02 2.819559536874294281e-02 1.991008408367633820e-02 9.513136465102434158e-04 9.743615984916687012e-03 1.114823855459690094e-02 1.860068552196025848e-02 2.486346848309040070e-02 3.805299755185842514e-03 1.749542541801929474e-02 1.360094454139471054e-02 5.312719568610191345e-02 5.131806712597608566e-03 1.239869743585586548e-02 1.405157241970300674e-02 4.604187794029712677e-03 9.539888240396976471e-03 5.017846450209617615e-02 4.014866892248392105e-03 3.787083923816680908e-02 1.206889399327337742e-03 2.290762960910797119e-03 2.112299390137195587e-02 1.677361875772476196e-02 5.796387791633605957e-03 2.038047241512686014e-04 3.490153234452009201e-03 1.409432385116815567e-02 9.779465384781360626e-03 4.100508522242307663e-04 1.219682511873543262e-03 1.052568200975656509e-02 2.929901331663131714e-02 3.255876153707504272e-02 7.942186668515205383e-03 1.222774479538202286e-02 2.438925392925739288e-02 2.652338892221450806e-02 1.215423457324504852e-02 6.253828108310699463e-02 1.473511103540658951e-02 6.261827051639556885e-02 5.592406159848906100e-05 6.989597808569669724e-03 6.974506657570600510e-03 6.970085203647613525e-02 1.633618585765361786e-02 8.024816401302814484e-03 3.393874736502766609e-03 1.744484342634677887e-02 1.258283015340566635e-02 4.272546991705894470e-02 1.244446542114019394e-02 7.104476448148488998e-03 2.801352180540561676e-03 1.721084304153919220e-02 2.930766530334949493e-02 1.332781743258237839e-03 9.632598375901579857e-04 2.684432081878185272e-02 1.160051766782999039e-02 3.721635323017835617e-03 6.590237841010093689e-03 9.251019218936562538e-04 1.218485273420810699e-02 1.536110881716012955e-02 5.913915811106562614e-04 2.686652587726712227e-03 3.341195872053503990e-03 5.128002725541591644e-03 9.431788697838783264e-03 5.941264797002077103e-03 1.562989875674247742e-02 1.008415035903453827e-02 2.458017319440841675e-02 2.182477340102195740e-02 9.155726991593837738e-03 1.145305950194597244e-02
6.907089799642562866e-02 5.653205513954162598e-02 1.772540062665939331e-02 2.265797666041180491e-04 6.567635573446750641e-03 4.987972602248191833e-02 5.264436453580856323e-02 1.421022322028875351e-02 3.941106051206588745e-02 2.718802541494369507e-03 8.408130407333374023e-01 1.668977364897727966e-02 5.792013183236122131e-02 1.434960123151540756e-02 1.591223553987219930e-04 1.224790513515472412e-02 8.567988872528076172e-03 2.330425009131431580e-02 1.201734226197004318e-02 1.818782463669776917e-02 1.275832392275333405e-02 1.865012943744659424e-02 5.884260870516300201e-03 6.122681312263011932e-03 1.150632556527853012e-02 6.887495052069425583e-03 1.639108546078205109e-02 1.419307105243206024e-02 1.787742227315902710e-02 1.661114022135734558e-02 7.709678728133440018e-03 7.365640485659241676e-04 1.934086176333948970e-04 7.788381073623895645e-03 6.299357395619153976e-03 6.653296761214733124e-03 6.680329330265522003e-03 6.286848336458206177e-03 7.254339288920164108e-03 3.799308557063341141e-03 1.320189330726861954e-02 9.615182876586914062e-03 5.219519603997468948e-03 2.283057384192943573e-02 3.519786521792411804e-03 4.582324996590614319e-03 3.544460982084274292e-02 4.537772759795188904e-02 4.266457166522741318e-03 7.670168764889240265e-03 7.768693380057811737e-03 4.813410807400941849e-03 5.318550392985343933e-03 6.105700973421335220e-03 5.431718658655881882e-03 1.632006093859672546e-02 1.021676603704690933e-02 1.086170159396715462e-04 2.216938883066177368e-02 1.878801360726356506e-02 7.422012742608785629e-03 1.127036102116107941e-02 2.843684516847133636e-03 9.519421495497226715e-03 4.703145101666450500e-02 1.868361048400402069e-02 1.236648671329021454e-02 1.643035002052783966e-02 1.243601273745298386e-02 2.155008912086486816e-02 1.502569392323493958e-02 1.060047838836908340e-02 7.076229900121688843e-03 9.917438030242919922e-03 1.730901421979069710e-03 5.208657603361643851e-05 3.735986351966857910e-02 7.297921110875904560e-04 1.491657830774784088e-02 2.001424133777618408e-02 2.105444669723510742e-02 2.950613759458065033e-02 1.585701480507850647e-02 3.475457895547151566e-03 3.348452597856521606e-02 2.590657211840152740e-02 4.011375084519386292e-02 3.724251314997673035e-02 4.579417873173952103e-03 2.464440418407320976e-03 2.683576010167598724e-02 3.631086274981498718e-02 3.487618267536163330e-02 1.724872365593910217e-02 1.140374224632978439e-02 9.210060350596904755e-03 9.361284784972667694e-03 1.601443276740610600e-03 1.358113065361976624e-02 4.820046015083789825e-03 1.768400892615318298e-03 5.280952434986829758e-03 7.791491225361824036e-03 1.039696112275123596e-02 1.307681016623973846e-02 1.406981423497200012e-02 8.847111836075782776e-03 6.039982661604881287e-03 1.510073244571685791e-02 1.293845474720001221e-02 2.200058661401271820e-02 1.311747077852487564e-02 5.027165752835571766e-04 1.858200319111347198e-02 1.676873303949832916e-02 9.847579523921012878e-03
5.887427832931280136e-03 3.633004613220691681e-03 1.851968653500080109e-02 2.121449261903762817e-02 4.168733488768339157e-03 2.335076034069061279e-02 1.876655779778957367e-02 9.765920229256153107e-03 3.278889879584312439e-02 2.226029522716999054e-02 1.668977364897727966e-02 8.408130407333374023e-01 1.474892720580101013e-02 5.038498714566230774e-02 9.464777074754238129e-03 2.400830201804637909e-02 2.290189824998378754e-02 1.565334200859069824e-02 2.039987593889236450e-02 2.141722850501537323e-02 2.343533933162689209e-02 9.058872237801551819e-04 4.533666744828224182e-02 4.491919279098510742e-02 2.056604437530040741e-02 1.906633190810680389e-02 7.055524736642837524e-03 4.143999516963958740e-02 1.694335602223873138e-02 4.724204167723655701e-02 2.301554568111896515e-02 2.839622274041175842e-02 8.971898816525936127e-03 4.174046590924263000e-02 3.722490801010280848e-04 1.798855490051209927e-03 3.855623945128172636e-04 4.242915194481611252e-03 2.533401548862457275e-02 1.062707696110010147e-02 9.223873727023601532e-03 6.063876207917928696e-04 5.234760697931051254e-03 1.244852691888809204e-02 3.341374173760414124e-02 3.664554795250296593e-03 2.079664915800094604e-02 1.200234796851873398e-02 1.124031282961368561e-02 1.490895170718431473e-02 4.779520386364310980e-04 4.359328188002109528e-03 1.405047718435525894e-02 9.436228312551975250e-03 4.475525929592549801e-04 4.320892505347728729e-03 3.265918465331196785e-03 1.206705719232559204e-02 1.825316925533115864e-03 1.591577311046421528e-03 8.798616006970405579e-03 1.769654266536235809e-02 2.670837007462978363e-02 2.554111555218696594e-02 8.170270593836903572e-04 2.072153426706790924e-02 1.526263635605573654e-02 1.796714775264263153e-02 2.447370206937193871e-05 1.264248136430978775e-02 3.660638350993394852e-03 2.782596834003925323e-02 1.584475673735141754e-02 1.020389050245285034e-02 9.198158048093318939e-03 4.922148771584033966e-03 1.850639097392559052e-02 3.179294615983963013e-02 3.611848503351211548e-02 3.029534826055169106e-03 9.972652420401573181e-03 1.121251285076141357e-02 1.120692957192659378e-02 2.996391989290714264e-02 2.518668957054615021e-02 3.995020315051078796e-02 1.287894509732723236e-02 5.342601332813501358e-03 1.604555756784975529e-03 3.070879494771361351e-03 3.784422064200043678e-03 2.377524797338992357e-04 1.542476750910282135e-02 1.889709569513797760e-02 1.446319278329610825e-02 4.305789712816476822e-03 1.677310094237327576e-02 7.636549882590770721e-03 1.256881467998027802e-02 1.897505298256874084e-02 4.851816047448664904e-04 1.727198832668364048e-03 5.259536206722259521e-03 1.437143981456756592e-02 2.626918256282806396e-02 3.454921022057533264e-02 1.927810162305831909e-02 5.110482219606637955e-03 1.606892095878720284e-03 1.440129359252750874e-03 1.565194688737392426e-02 1.107890997081995010e-02 1.831470755860209465e-03 1.421664655208587646e-02 1.813220977783203125e-02 1.565119624137878418e-02
5.856699496507644653e-02 8.019622415304183960e-02 1.393055636435747147e-02 7.664126344025135040e-03 1.192004419863224030e-02 6.153711676597595215e-02 5.014477670192718506e-02 1.045528706163167953e-02 4.539066553115844727e-02 1.884180819615721703e-03 5.792013183236122131e-02 1.474892720580101013e-02 8.408130407333374023e-01 9.810637682676315308e-03 6.785083678551018238e-04 1.245748810470104218e-02 2.075076103210449219e-03 3.503641486167907715e-02 3.437544452026486397e-03 1.392761431634426117e-02 1.526631973683834076e-02 1.877600885927677155e-02 1.255019474774599075e-02 1.345427241176366806e-02 1.722555980086326599e-02 1.259580906480550766e-02 2.316506765782833099e-02 1.623321138322353363e-02 3.321574302390217781e-03 1.662248186767101288e-02 1.073750853538513184e-02 1.150542125105857849e-02 1.285572419874370098e-03 1.075865048915147781e-02 7.282544393092393875e-03 8.770736865699291229e-03 1.320267748087644577e-02 1.396447187289595604e-03 1.646796241402626038e-02 1.128871086984872818e-02 4.515463020652532578e-03 8.967222645878791809e-03 6.460410077124834061e-03 1.701417751610279083e-02 6.696293130517005920e-03 1.048054825514554977e-02 3.894084692001342773e-02 3.378633782267570496e-02 1.203253213316202164e-02 2.768386155366897583e-03 1.089650206267833710e-03 1.458245143294334412e-02 5.202225409448146820e-03 9.643253870308399200e-03 1.417477708309888840e-02 1.241254620254039764e-03 1.861171424388885498e-02 5.140365101397037506e-03 2.877786196768283844e-02 2.568322978913784027e-02 4.795813933014869690e-03 9.478181600570678711e-04 9.063843637704849243e-03 1.637546083657070994e-04 3.733529523015022278e-02 3.598675876855850220e-02 1.344117335975170135e-02 2.625411562621593475e-02 1.969459652900695801e-02 1.773721538484096527e-02 7.170656463131308556e-04 1.416293624788522720e-02 8.807363919913768768e-03 1.678977627307176590e-03 7.455926970578730106e-04 2.182479202747344971e-02 3.391389176249504089e-02 9.579568170011043549e-03 1.504748035222291946e-02 1.369149773381650448e-03 1.393153704702854156e-02 2.877556532621383667e-02 3.023324720561504364e-02 9.021340869367122650e-03 2.747220732271671295e-02 2.519280835986137390e-02 2.481192722916603088e-02 3.808625042438507080e-02 1.552951615303754807e-02 8.819106966257095337e-03 2.441150695085525513e-02 2.763863839209079742e-02 1.404352486133575439e-02 2.424660697579383850e-02 8.414516341872513294e-04 4.562226589769124985e-03 1.170801743865013123e-02 1.966334879398345947e-02 2.060363255441188812e-02 1.374162547290325165e-02 3.968356468249112368e-04 1.547894789837300777e-03 6.943683838471770287e-04 5.490197872859425843e-05 1.411493774503469467e-02 3.279780503362417221e-03 9.469969198107719421e-03 1.197602134197950363e-02 4.209582228213548660e-03 7.646502926945686340e-03 1.062560174614191055e-02 1.933738240040838718e-04 2.478865208104252815e-04 2.147183753550052643e-02 1.697607897222042084e-02 1.905536465346813202e-02
