8.357416987419128418e-01 6.622946262359619141e-02 1.080004731193184853e-03 1.500417105853557587e-02 9.089322993531823158e-04 5.389109626412391663e-02 5.266402289271354675e-02 1.600215956568717957e-02 1.108751911669969559e-02 6.087332731112837791e-04 5.681250989437103271e-02 1.798651739954948425e-02 4.727329686284065247e-02 2.601516060531139374e-02 2.973608486354351044e-02 1.530114095658063889e-02 1.520232111215591431e-02 1.640039123594760895e-02 1.335345767438411713e-02 9.162127040326595306e-03 2.096381038427352905e-02 2.386693842709064484e-02 7.530603557825088501e-03 1.451357919722795486e-02 1.702993921935558319e-02 1.475394144654273987e-02 2.872018329799175262e-02 1.888623833656311035e-02 2.282982692122459412e-02 1.589049771428108215e-02 1.169493887573480606e-02 1.173280924558639526e-02 2.224183827638626099e-02 1.370661053806543350e-02 1.523455325514078140e-02 1.367662195116281509e-02 1.392790675163269043e-02 2.418818511068820953e-02 2.795868366956710815e-02 2.399119362235069275e-02 1.455402094870805740e-02 1.872168038971722126e-03 9.549695067107677460e-03 1.692559453658759594e-03 1.052364613860845566e-02 7.878643460571765900e-03 3.978645056486129761e-02 2.962604723870754242e-02 1.736990059725940228e-03 6.394022493623197079e-04 1.886568963527679443e-02 1.415365841239690781e-02 2.608259767293930054e-02 2.751236595213413239e-02 2.829518169164657593e-03 1.165513135492801666e-02 2.027962729334831238e-02 1.913746446371078491e-02 1.615217328071594238e-02 2.559833787381649017e-02 1.009448710829019547e-02 4.942102357745170593e-03 2.840925939381122589e-02 2.315293624997138977e-02 2.846734970808029175e-02 3.005845844745635986e-02 1.323391590267419815e-02 2.227314002811908722e-02 3.153829136863350868e-03 1.998325437307357788e-02 5.981030408293008804e-03 1.251097768545150757e-02 1.783458143472671509e-02 2.365967258810997009e-02 1.552242552861571312e-03 3.534147515892982483e-03 1.756966300308704376e-02 4.610683303326368332e-03 1.757478900253772736e-02 2.119066007435321808e-02 1.252832915633916855e-02 1.097188796848058701e-02 1.470878627151250839e-02 1.902105100452899933e-02 7.405508775264024734e-03 7.249896880239248276e-03 2.432288229465484619e-02 2.429567463696002960e-02 8.947868831455707550e-03 6.153176538646221161e-03 3.915598988533020020e-02 3.290410339832305908e-02 3.786139935255050659e-02 2.722753025591373444e-02 1.891803368926048279e-02 2.098710089921951294e-02 1.602982915937900543e-02 1.246397499926388264e-03 1.339484192430973053e-02 1.467517018318176270e-02 8.297566324472427368e-03 1.879909262061119080e-02 2.398028597235679626e-02 8.184367790818214417e-03 1.183756347745656967e-02 9.577893652021884918e-03 2.873053541406989098e-03 2.370803058147430420e-02 9.879798628389835358e-03 1.522518787533044815e-02 1.156377606093883514e-02 2.554723806679248810e-02 1.242823526263237000e-02 5.810581613332033157e-03 4.060863982886075974e-03 5.720426328480243683e-03
6.622946262359619141e-02 8.357416987419128418e-01 2.593422832433134317e-04 1.110451854765415192e-02 9.841239079833030701e-03 5.697953328490257263e-02 6.338811665773391724e-02 1.286783628165721893e-02 1.289417501538991928e-02 3.216103883460164070e-03 5.098023638129234314e-02 1.926185749471187592e-02 5.340721458196640015e-02 3.516085818409919739e-02 2.667303569614887238e-02 1.435817964375019073e-02 1.520634721964597702e-02 2.743629738688468933e-02 2.105981856584548950e-02 2.225432079285383224e-03 1.371595822274684906e-02 1.637581177055835724e-02 3.305945312604308128e-03 1.667423173785209656e-02 1.203432679176330566e-02 1.157404668629169464e-02 2.266418561339378357e-02 1.981174573302268982e-02 7.702382747083902359e-03 1.607693918049335480e-02 6.115199532359838486e-03 1.176090165972709656e-02 2.025286108255386353e-02 2.013906277716159821e-02 1.342474296689033508e-02 1.200017146766185760e-02 1.519096828997135162e-02 2.232977561652660370e-02 1.433213613927364349e-02 1.720987074077129364e-02 1.075321622192859650e-02 2.166516147553920746e-03 1.494694687426090240e-02 4.281102214008569717e-03 8.059287443757057190e-03 2.146367682144045830e-03 4.264329746365547180e-02 3.324778005480766296e-02 1.220896095037460327e-02 2.656984142959117889e-03 1.434841938316822052e-02 1.273446064442396164e-02 1.702572964131832123e-02 2.528716996312141418e-02 1.530643273144960403e-02 3.651604289188981056e-03 1.035388465970754623e-02 8.772719651460647583e-03 1.215702947229146957e-02 2.451322972774505615e-02 4.957272321917116642e-04 3.796935314312577248e-03 2.103797160089015961e-02 1.582404598593711853e-02 1.807677187025547028e-02 3.203783929347991943e-02 7.171179167926311493e-03 2.195151336491107941e-02 5.859955213963985443e-03 9.434133768081665039e-03 1.637455634772777557e-02 1.576316170394420624e-02 6.773015949875116348e-03 1.709042116999626160e-02 1.362208463251590729e-02 4.626904148608446121e-03 2.365591563284397125e-02 5.096223670989274979e-03 1.955137588083744049e-02 2.044035494327545166e-02 4.184378311038017273e-03 4.541007801890373230e-03 2.608371526002883911e-02 2.507809735834598541e-02 1.257033459842205048e-02 8.683708496391773224e-03 1.428547874093055725e-02 1.858563534915447235e-02 2.841131063178181648e-03 3.937192261219024658e-03 3.212459012866020203e-02 2.515937946736812592e-02 3.736199438571929932e-02 2.456895075738430023e-02 1.491518970578908920e-02 1.829319261014461517e-02 1.576359011232852936e-02 4.059748258441686630e-03 1.433376781642436981e-02 1.682418026030063629e-02 3.929189871996641159e-03 1.556360442191362381e-02 2.417744882404804230e-02 3.314382396638393402e-03 5.830909591168165207e-03 8.301865309476852417e-03 2.912182593718171120e-03 1.615149341523647308e-02 7.794335484504699707e-03 3.299900097772479057e-03 2.304004505276679993e-03 8.848403580486774445e-03 1.093908026814460754e-02 8.937173523008823395e-03 1.206625159829854965e-02 2.139132842421531677e-02
1.080004731193184853e-03 2.593422832433134317e-04 8.357416987419128418e-01 1.732046715915203094e-02 9.022345766425132751e-03 8.981163613498210907e-03 1.279826927930116653e-02 3.955506905913352966e-02 1.364726666361093521e-02 1.113251410424709320e-02 2.717977855354547501e-03 1.888297125697135925e-02 1.178849115967750549e-02 2.528339624404907227e-02 1.492634788155555725e-02 6.380734499543905258e-03 4.147900268435478210e-03 2.162198908627033234e-02 3.607767447829246521e-02 1.865150779485702515e-02 1.261089276522397995e-02 1.950618065893650055e-02 7.943898439407348633e-03 1.111136842519044876e-02 8.053285069763660431e-03 5.444676615297794342e-03 2.056624367833137512e-02 1.130231097340583801e-02 1.385966222733259201e-02 2.248243428766727448e-02 2.457918040454387665e-02 1.168492343276739120e-02 9.827272966504096985e-03 1.436646189540624619e-02 1.116364076733589172e-02 5.588102620095014572e-03 2.189738303422927856e-02 2.474043052643537521e-03 1.626419275999069214e-02 2.231824584305286407e-02 1.209314796142280102e-03 6.900265580043196678e-04 6.368212052620947361e-04 5.120233073830604553e-02 1.123790349811315536e-02 1.481356751173734665e-02 1.013627392239868641e-03 9.230744326487183571e-04 8.950968272984027863e-03 2.012386359274387360e-02 2.044547908008098602e-02 2.580084465444087982e-02 9.208572097122669220e-03 2.453497424721717834e-02 9.832732379436492920e-03 1.319292187690734863e-02 1.104042958468198776e-02 5.807780660688877106e-03 5.191388074308633804e-03 1.120439171791076660e-02 2.989768423140048981e-02 2.432211115956306458e-02 1.072620390914380550e-03 2.290941216051578522e-02 1.218647416681051254e-02 2.791594713926315308e-02 1.891347579658031464e-02 1.607304997742176056e-02 1.891630701720714569e-02 2.391680330038070679e-02 1.779624074697494507e-02 1.526976097375154495e-02 9.290983900427818298e-03 2.911931462585926056e-02 1.439474336802959442e-02 1.794530451297760010e-02 1.500208675861358643e-02 5.118220578879117966e-03 2.028182521462440491e-02 1.321083493530750275e-02 5.336944013833999634e-02 2.477389574050903320e-02 1.360158063471317291e-02 3.077003359794616699e-02 1.607316778972744942e-03 4.273807629942893982e-03 2.074712887406349182e-02 2.357986569404602051e-02 6.685072090476751328e-03 1.522765681147575378e-02 1.686191372573375702e-02 1.969720609486103058e-02 3.312357701361179352e-03 2.194857783615589142e-02 4.448766354471445084e-03 5.624352023005485535e-03 2.650255337357521057e-03 8.141123689711093903e-04 5.518571473658084869e-03 9.970621904358267784e-04 1.032504066824913025e-02 5.425471812486648560e-03 6.625998648814857006e-04 2.726075425744056702e-02 2.267220057547092438e-02 3.163503482937812805e-02 2.050162665545940399e-02 1.538986060768365860e-02 9.661074727773666382e-03 1.248050946742296219e-02 1.010171882808208466e-02 2.169266901910305023e-02 2.077662572264671326e-02 1.363995764404535294e-02 1.555661577731370926e-02 2.003727480769157410e-03
1.500417105853557587e-02 1.110451854765415192e-02 1.732046715915203094e-02 8.357416987419128418e-01 7.260628044605255127e-02 1.043456140905618668e-02 1.894067227840423584e-02 1.048052124679088593e-02 1.065571885555982590e-02 2.360409870743751526e-02 2.759315073490142822e-03 1.194159151054918766e-03 5.333339329808950424e-03 6.412671064026653767e-04 6.973621784709393978e-04 1.880312711000442505e-02 2.639246918261051178e-02 3.243339434266090393e-02 2.173372544348239899e-02 6.608901079744100571e-03 1.482180878520011902e-02 6.273305974900722504e-03 1.254256162792444229e-02 3.333210945129394531e-03 1.515913638286292553e-03 6.423335988074541092e-03 1.099209114909172058e-02 3.482231497764587402e-02 5.421284120529890060e-03 1.809305697679519653e-02 2.148134261369705200e-02 2.361715026199817657e-02 1.039598137140274048e-02 1.322845369577407837e-02 1.086922176182270050e-02 2.947337459772825241e-03 6.988013163208961487e-03 5.118277855217456818e-03 2.656234987080097198e-02 1.902867108583450317e-02 1.888045226223766804e-03 8.764943107962608337e-03 6.993238930590450764e-04 6.353781558573246002e-03 1.727003231644630432e-02 5.083892610855400562e-04 4.653250798583030701e-03 2.397451177239418030e-02 2.826192416250705719e-02 4.651891440153121948e-02 1.105902623385190964e-02 4.603689070791006088e-03 1.908242411445826292e-04 1.463412540033459663e-03 1.118355244398117065e-02 1.429473236203193665e-02 2.214829064905643463e-02 2.069606259465217590e-02 2.294692676514387131e-03 7.227561436593532562e-04 1.659857109189033508e-02 7.193443365395069122e-03 1.212004013359546661e-02 1.957635860890150070e-03 4.741303622722625732e-03 6.693299394100904465e-03 6.605402566492557526e-03 2.266624709591269493e-03 3.580784052610397339e-02 4.210205283015966415e-03 2.476846799254417419e-02 4.857330583035945892e-03 6.417071819305419922e-02 2.152791433036327362e-02 6.300957500934600830e-02 2.817081473767757416e-02 2.487720921635627747e-02 5.944265285506844521e-04 2.941772341728210449e-02 2.737632952630519867e-02 4.469281993806362152e-03 1.174741983413696289e-02 4.537632688879966736e-02 2.656591124832630157e-02 1.346515119075775146e-02 1.747037470340728760e-02 4.069189075380563736e-03 8.254050277173519135e-03 3.384830430150032043e-02 8.547381497919559479e-03 2.269543707370758057e-02 9.549842216074466705e-03 4.049075394868850708e-02 7.693492225371301174e-04 2.250291779637336731e-02 1.748746261000633240e-02 8.087622001767158508e-03 1.984554342925548553e-02 3.033215412870049477e-03 8.742632344365119934e-03 6.649921182543039322e-03 4.320480860769748688e-03 8.064916357398033142e-03 8.917616680264472961e-03 2.259824052453041077e-02 1.790979690849781036e-02 1.070211268961429596e-02 2.690372616052627563e-02 1.407306827604770660e-02 4.975379910320043564e-03 1.276204083114862442e-02 8.367926813662052155e-03 3.464051708579063416e-02 2.569225803017616272e-02 1.342604402452707291e-02 2.471954002976417542e-02
9.089322993531823158e-04 9.841239079833030701e-03 9.022345766425132751e-03 7.260628044605255127e-02 8.357416987419128418e-01 5.423545371741056442e-03 4.238893277943134308e-03 1.913425279781222343e-03 8.740688208490610123e-04 1.832312718033790588e-02 7.401030976325273514e-03 4.470558371394872665e-03 1.110239326953887939e-02 9.465327486395835876e-03 2.105858875438570976e-03 7.023427751846611500e-04 3.567790845409035683e-03 1.797168515622615814e-02 3.324863314628601074e-02 2.741352887824177742e-03 2.457942464388906956e-04 5.164030473679304123e-03 3.831738233566284180e-02 2.999273501336574554e-02 1.746208174154162407e-03 2.220094669610261917e-03 2.783420495688915253e-03 4.103276133537292480e-02 1.040001772344112396e-02 4.367860034108161926e-02 8.567887358367443085e-03 1.930761709809303284e-02 6.983960513025522232e-03 1.815033517777919769e-02 1.192587800323963165e-02 8.326057344675064087e-03 5.015624221414327621e-03 6.365351146087050438e-04 2.206009998917579651e-02 1.797822304069995880e-02 1.435546320863068104e-03 2.134376205503940582e-02 1.590934582054615021e-02 1.369010657072067261e-02 2.996644377708435059e-02 6.366912275552749634e-03 4.987589083611965179e-03 4.175043199211359024e-03 1.799889467656612396e-02 1.730611175298690796e-02 1.791528426110744476e-02 2.564810274634510279e-04 7.891510613262653351e-04 1.276905648410320282e-03 1.169691141694784164e-02 2.204748801887035370e-03 1.488499995321035385e-02 2.114013954997062683e-02 1.176192052662372589e-02 1.096098218113183975e-02 8.046619477681815624e-04 6.844957359135150909e-03 1.013029273599386215e-02 2.602344378829002380e-03 2.159352414309978485e-03 7.734033861197531223e-04 7.354118279181420803e-04 8.099500555545091629e-04 3.103886172175407410e-02 1.487543620169162750e-02 1.675180159509181976e-02 7.267866283655166626e-03 5.675500631332397461e-02 1.963577792048454285e-02 5.552136525511741638e-02 2.170870825648307800e-02 2.313161827623844147e-02 1.085045561194419861e-02 3.506157174706459045e-02 3.221424669027328491e-02 1.517238095402717590e-03 1.433321181684732437e-02 4.416339099407196045e-02 3.562290221452713013e-02 2.358484780415892601e-03 1.543989684432744980e-02 2.584689063951373100e-03 8.337487466633319855e-03 3.090500086545944214e-02 1.109788008034229279e-02 3.962199669331312180e-03 1.123728975653648376e-02 2.408751472830772400e-02 1.476761791855096817e-02 1.830879226326942444e-02 5.982501432299613953e-03 3.645299002528190613e-03 2.119756303727626801e-02 1.616044528782367706e-02 7.380129769444465637e-03 9.130525402724742889e-03 1.405303133651614189e-03 2.307808957993984222e-03 8.270995691418647766e-03 1.598405465483665466e-02 1.477140374481678009e-02 1.438293512910604477e-02 2.139144577085971832e-03 1.045039575546979904e-02 1.188425254076719284e-02 3.407623851671814919e-03 3.942731302231550217e-03 4.089958965778350830e-02 3.595009818673133850e-02 1.451793685555458069e-02 1.590062305331230164e-02
5.389109626412391663e-02 5.697953328490257263e-02 8.981163613498210907e-03 1.043456140905618668e-02 5.423545371741056442e-03 8.357416987419128418e-01 6.757266074419021606e-02 2.304842695593833923e-02 1.299270894378423691e-03 8.280551061034202576e-03 4.298991337418556213e-02 3.805124387145042419e-02 3.814385458827018738e-02 4.862447455525398254e-02 3.329189494252204895e-02 2.224642597138881683e-02 2.320636622607707977e-02 1.422783173620700836e-02 1.434913650155067444e-02 1.207020068250130862e-05 2.100941352546215057e-02 1.833542063832283020e-02 2.605400420725345612e-02 3.453041240572929382e-02 4.012052901089191437e-03 5.219523794949054718e-03 1.128925196826457977e-02 1.455589663237333298e-02 4.044728353619575500e-03 1.332823000848293304e-02 6.525418721139431000e-03 5.885771941393613815e-03 1.753448508679866791e-02 1.706708781421184540e-02 1.331149693578481674e-02 8.521025069057941437e-03 2.411605231463909149e-02 1.647145301103591919e-02 2.393775247037410736e-02 1.979660242795944214e-02 9.058253839612007141e-03 7.226238027215003967e-03 1.734402589499950409e-02 1.025953236967325211e-02 8.674036362208425999e-04 4.563952796161174774e-03 5.655062943696975708e-02 5.075054988265037537e-02 6.905001122504472733e-03 7.744668517261743546e-03 2.667532488703727722e-02 2.456590533256530762e-02 9.259156882762908936e-03 2.407624758780002594e-02 6.916478276252746582e-03 3.178662620484828949e-03 6.765256635844707489e-03 1.053161453455686569e-02 2.070655301213264465e-02 3.156886622309684753e-02 7.602404337376356125e-03 7.735460530966520309e-04 2.466729283332824707e-02 2.133881486952304840e-02 2.318889833986759186e-02 2.980129420757293701e-02 7.847392000257968903e-03 2.239212580025196075e-02 1.927419914864003658e-03 7.173983030952513218e-04 4.645961336791515350e-03 3.880874719470739365e-03 6.990586407482624054e-03 1.560717821121215820e-02 7.390225306153297424e-03 1.851931447163224220e-03 6.427366286516189575e-03 1.133311912417411804e-02 1.104784198105335236e-02 6.423535756766796112e-03 6.791602354496717453e-03 1.762831211090087891e-02 1.208163518458604813e-02 1.901558786630630493e-02 1.409657672047615051e-02 1.864897832274436951e-02 1.976612396538257599e-02 2.518227882683277130e-02 1.321129873394966125e-02 8.067511022090911865e-03 3.910777717828750610e-02 1.355491764843463898e-02 4.684605076909065247e-02 1.285070274025201797e-02 1.511369738727807999e-02 1.651682332158088684e-02 1.416600681841373444e-02 8.761604316532611847e-03 2.515853382647037506e-02 2.674854546785354614e-02 1.604037592187523842e-03 1.393792498856782913e-02 2.549143508076667786e-02 1.733735017478466034e-02 2.240068046376109123e-03 1.916991430334746838e-03 5.822253879159688950e-03 2.295243367552757263e-02 2.396206371486186981e-03 1.273725461214780807e-02 1.235791132785379887e-03 8.533616550266742706e-03 5.922854412347078323e-03 8.444433333352208138e-04 4.097019322216510773e-03 1.894079335033893585e-02
5.266402289271354675e-02 6.338811665773391724e-02 1.279826927930116653e-02 1.894067227840423584e-02 4.238893277943134308e-03 6.757266074419021606e-02 8.357416987419128418e-01 4.354124888777732849e-03 1.369873248040676117e-02 4.510213155299425125e-03 4.232235252857208252e-02 1.434326451271772385e-02 3.075730428099632263e-02 3.708864003419876099e-02 1.804447529138997197e-04 2.834203420206904411e-03 5.729359574615955353e-03 1.543747168034315109e-02 3.485623514279723167e-03 1.532505545765161514e-02 2.804024377837777138e-03 8.920828113332390785e-04 5.589623004198074341e-03 2.123301476240158081e-02 6.041946820914745331e-03 4.599344916641712189e-03 7.730782963335514069e-03 3.594281151890754700e-03 4.411024972796440125e-03 7.982569513842463493e-04 5.072572734206914902e-03 3.265313338488340378e-03 1.696605421602725983e-02 6.504236720502376556e-03 1.351510081440210342e-02 7.725297007709741592e-03 4.268558695912361145e-03 1.454144716262817383e-02 1.454257126897573471e-02 1.946850866079330444e-02 1.020171027630567551e-02 7.531757466495037079e-03 6.589542143046855927e-03 1.137804053723812103e-02 1.827650889754295349e-02 2.870867587625980377e-02 8.064473420381546021e-02 8.214267343282699585e-02 1.639964431524276733e-02 1.008641533553600311e-02 3.934612125158309937e-02 3.661105781793594360e-02 3.699078923091292381e-03 1.311214547604322433e-02 1.003637164831161499e-02 4.943985491991043091e-03 5.957531277090311050e-03 2.329433709383010864e-02 7.091365288943052292e-03 2.000982128083705902e-02 3.407097421586513519e-03 1.722771208733320236e-03 2.005381695926189423e-02 2.778393588960170746e-02 1.486334484070539474e-02 3.155384212732315063e-02 7.545963395386934280e-03 1.555074471980333328e-03 8.697890676558017731e-03 4.920479841530323029e-05 1.416144240647554398e-02 1.452286727726459503e-03 1.540607307106256485e-03 2.126383408904075623e-02 1.155659649521112442e-02 2.856007777154445648e-03 2.138279005885124207e-02 4.534467589110136032e-03 1.277660485357046127e-02 8.101082406938076019e-03 2.722005126997828484e-03 1.117665413767099380e-02 2.004844881594181061e-02 2.058766596019268036e-02 1.510678324848413467e-02 1.880277320742607117e-02 7.322007440961897373e-04 7.879564538598060608e-03 2.615607809275388718e-03 9.491520933806896210e-03 4.013343900442123413e-02 8.932490833103656769e-03 5.892079696059226990e-02 9.154301136732101440e-03 8.588254568167030811e-04 9.567569009959697723e-03 1.611795276403427124e-02 9.715269319713115692e-03 2.173213846981525421e-02 2.539323270320892334e-02 4.547830903902649879e-04 1.943330862559378147e-04 2.707034535706043243e-02 2.890348620712757111e-02 9.629798121750354767e-03 1.964939059689640999e-03 2.522422187030315399e-02 1.371223572641611099e-02 7.388073951005935669e-03 1.216819323599338531e-02 1.304470701143145561e-03 3.515417221933603287e-03 4.110658541321754456e-03 3.893668996170163155e-03 1.931793405674397945e-03 2.341294474899768829e-02
1.600215956568717957e-02 1.286783628165721893e-02 3.955506905913352966e-02 1.048052124679088593e-02 1.913425279781222343e-03 2.304842695593833923e-02 4.354124888777732849e-03 8.357416987419128418e-01 2.693699439987540245e-03 4.457932896912097931e-03 1.760829053819179535e-02 4.802426323294639587e-03 3.259294480085372925e-02 5.193396005779504776e-03 5.943484231829643250e-02 2.594459988176822662e-02 1.624223403632640839e-02 8.338088169693946838e-03 4.101087804883718491e-03 2.792674303054809570e-02 2.483460865914821625e-02 4.159186035394668579e-02 1.486076042056083679e-02 1.393956947140395641e-03 1.239723525941371918e-02 8.191016502678394318e-03 2.353597432374954224e-02 4.407105036079883575e-03 4.410518798977136612e-03 2.506849355995655060e-03 2.715930156409740448e-02 1.898149400949478149e-02 2.203643880784511566e-02 3.260905668139457703e-02 8.782432414591312408e-03 2.478978224098682404e-02 4.186687245965003967e-02 2.254553139209747314e-03 2.372085489332675934e-02 1.509399991482496262e-02 8.114401134662330151e-04 1.213161856867372990e-03 7.099520415067672729e-03 1.328301895409822464e-02 1.325048971921205521e-02 2.629816532135009766e-02 1.234149932861328125e-02 2.271893667057156563e-03 2.995269605889916420e-03 5.583183374255895615e-03 3.459100378677248955e-03 1.787057262845337391e-03 1.823294721543788910e-02 4.605380445718765259e-02 4.285883624106645584e-04 1.420811284333467484e-03 9.272188879549503326e-03 2.865117276087403297e-03 1.936427876353263855e-02 3.109153546392917633e-02 2.195676416158676147e-02 1.075452566146850586e-02 2.561060152947902679e-02 9.925125777954235673e-05 2.065917104482650757e-02 3.357813879847526550e-02 3.002481162548065186e-02 2.049841359257698059e-02 1.649327762424945831e-02 2.936849836260080338e-03 1.055194996297359467e-02 4.496149718761444092e-03 8.302465081214904785e-03 2.212548069655895233e-02 8.606390911154448986e-04 2.080410532653331757e-02 3.236360847949981689e-03 5.120947957038879395e-03 8.794502355158329010e-03 1.646869443356990814e-02 4.963803291320800781e-02 5.199517682194709778e-02 6.024310365319252014e-03 5.791005678474903107e-03 7.418117951601743698e-03 7.402195595204830170e-03 5.207701772451400757e-02 4.831839352846145630e-02 4.356987774372100830e-03 1.627155207097530365e-02 1.017978228628635406e-02 1.556095387786626816e-02 1.218321546912193298e-02 8.390735834836959839e-03 1.841470040380954742e-02 5.434205289930105209e-03 2.442271076142787933e-02 1.942416094243526459e-02 3.379576141014695168e-03 2.317429753020405769e-03 1.848088018596172333e-02 3.518946841359138489e-02 1.456205919384956360e-02 9.085553698241710663e-03 1.434645522385835648e-02 1.766058616340160370e-02 1.640887930989265442e-02 2.567866444587707520e-02 8.841563947498798370e-03 2.633770694956183434e-03 1.140727102756500244e-02 3.353145718574523926e-02 2.345785871148109436e-02 4.924530163407325745e-03 2.200240269303321838e-02 1.357567729428410530e-03
1.108751911669969559e-02 1.289417501538991928e-02 1.364726666361093521e-02 1.065571885555982590e-02 8.740688208490610123e-04 1.299270894378423691e-03 1.369873248040676117e-02 2.693699439987540245e-03 8.357416987419128418e-01 5.410526692867279053e-02 8.050256408751010895e-03 2.804537303745746613e-02 8.992724120616912842e-03 5.308689549565315247e-03 2.351360861212015152e-03 1.700375787913799286e-02 9.896944276988506317e-03 4.055003076791763306e-02 1.156220026314258575e-02 1.264870259910821915e-02 1.304674055427312851e-02 2.414525661151856184e-04 2.517431974411010742e-02 1.885682344436645508e-02 1.861491240561008453e-02 1.641635037958621979e-02 5.392315331846475601e-03 6.319552659988403320e-03 1.778821088373661041e-02 1.473752874881029129e-02 8.303196169435977936e-03 2.001114375889301300e-02 2.305212244391441345e-02 1.133747678250074387e-02 1.258011627942323685e-02 1.293238997459411621e-02 1.311777345836162567e-02 5.359196104109287262e-03 1.804043166339397430e-02 1.900253258645534515e-02 4.442610312253236771e-03 4.707828909158706665e-02 1.540835294872522354e-02 1.094954460859298706e-02 2.915770560503005981e-02 1.484371814876794815e-02 4.258970264345407486e-03 3.543724538758397102e-03 3.884117677807807922e-02 2.916418015956878662e-02 6.147471722215414047e-03 1.303390366956591606e-03 4.691122565418481827e-03 1.427659112960100174e-02 5.378594622015953064e-02 3.762625902891159058e-02 2.039950527250766754e-02 1.197894196957349777e-02 1.348560559563338757e-03 8.157032541930675507e-03 3.242662921547889709e-02 1.570890285074710846e-02 1.163394749164581299e-02 3.922217991203069687e-03 8.306025993078947067e-04 9.906514547765254974e-03 1.621516607701778412e-02 1.783064007759094238e-02 3.014984913170337677e-02 2.163466997444629669e-02 2.928655967116355896e-02 4.381557181477546692e-02 2.811571815982460976e-03 8.493489585816860199e-03 9.571152739226818085e-03 1.297222916036844254e-02 6.501116603612899780e-02 5.206090211868286133e-02 3.824068978428840637e-02 2.742090262472629547e-02 4.141345852985978127e-04 9.449371136724948883e-03 3.228574246168136597e-02 1.947862841188907623e-02 1.277292892336845398e-02 2.445026859641075134e-02 4.619270563125610352e-03 7.668191101402044296e-03 3.272907435894012451e-02 3.826278448104858398e-02 2.593208476901054382e-02 5.504748551174998283e-04 4.734896123409271240e-03 1.673262566328048706e-02 6.144959013909101486e-03 1.436975412070751190e-02 2.646763622760772705e-02 1.596971787512302399e-02 2.806442417204380035e-02 2.289259433746337891e-02 1.289222738705575466e-03 5.076153669506311417e-03 9.786141104996204376e-03 1.645621657371520996e-02 1.385359186679124832e-02 4.797361791133880615e-03 4.000179935246706009e-03 1.128688920289278030e-02 8.399486541748046875e-03 1.313522370764985681e-04 1.700187660753726959e-02 5.988086573779582977e-03 1.442188164219260216e-03 1.768449880182743073e-02 5.686797667294740677e-03 8.379555307328701019e-03
6.087332731112837791e-04 3.216103883460164070e-03 1.113251410424709320e-02 2.360409870743751526e-02 1.832312718033790588e-02 8.280551061034202576e-03 4.510213155299425125e-03 4.457932896912097931e-03 5.410526692867279053e-02 8.357416987419128418e-01 9.955315617844462395e-04 2.413094975054264069e-02 2.180702285841107368e-03 2.162006124854087830e-02 8.595416322350502014e-03 2.184526808559894562e-02 3.064806386828422546e-02 3.001363761723041534e-02 3.340015560388565063e-02 1.788762398064136505e-02 1.564113423228263855e-02 3.357492620125412941e-03 1.292713358998298645e-02 2.418087422847747803e-02 2.898187004029750824e-02 2.417185902595520020e-02 1.232414599508047104e-02 2.289544232189655304e-02 2.387581206858158112e-02 1.840902864933013916e-02 9.629597887396812439e-03 2.234307304024696350e-02 5.652224645018577576e-03 2.607863210141658783e-02 2.772714756429195404e-02 4.224615171551704407e-03 1.903339521959424019e-03 1.182544627226889133e-03 1.485041528940200806e-02 8.741327328607439995e-04 9.212736622430384159e-04 1.590764708817005157e-02 7.087450474500656128e-03 6.449540145695209503e-03 1.974309608340263367e-02 1.668439060449600220e-02 2.101770834997296333e-03 1.647095754742622375e-02 2.950289100408554077e-02 4.032638296484947205e-02 1.673524640500545502e-02 2.761078439652919769e-02 8.803981356322765350e-03 9.168983087874948978e-04 3.739661723375320435e-02 3.941252827644348145e-02 1.134770829230546951e-02 1.669062115252017975e-02 8.508976548910140991e-03 1.443722750991582870e-03 1.636430807411670685e-02 3.340471163392066956e-02 2.768020785879343748e-04 3.625804092735052109e-03 6.201132666319608688e-03 2.704136539250612259e-03 1.801654696464538574e-02 1.755424961447715759e-02 1.327114179730415344e-03 3.163800016045570374e-02 1.880999095737934113e-02 3.002423420548439026e-02 2.154316566884517670e-02 8.542283903807401657e-04 9.949045255780220032e-03 3.264982998371124268e-02 2.160075120627880096e-02 5.625538155436515808e-02 2.506509982049465179e-02 3.886729851365089417e-02 2.479425864294171333e-03 2.743307268247008324e-04 1.712220534682273865e-02 3.507917001843452454e-02 2.739377086982131004e-03 2.208453230559825897e-02 9.253294207155704498e-03 1.581934047862887383e-03 2.869613002985715866e-03 4.864491522312164307e-02 1.997975073754787445e-02 1.303449738770723343e-02 3.198617603629827499e-03 2.589028514921665192e-02 4.839120665565133095e-04 1.493349671363830566e-02 1.518397498875856400e-02 2.968811430037021637e-02 2.223220467567443848e-02 2.414179965853691101e-02 2.038910426199436188e-02 1.228536479175090790e-02 7.053815759718418121e-03 1.475446950644254684e-02 2.140470035374164581e-02 2.549468539655208588e-02 1.907558366656303406e-02 1.356816734187304974e-03 1.297493372112512589e-02 9.592733345925807953e-03 3.472989657893776894e-03 6.470342166721820831e-03 4.677634220570325851e-03 9.034883114509284496e-04 9.051878936588764191e-03 8.162103593349456787e-03
5.681250989437103271e-02 5.098023638129234314e-02 2.717977855354547501e-03 2.759315073490142822e-03 7.401030976325273514e-03 4.298991337418556213e-02 4.232235252857208252e-02 1.760829053819179535e-02 8.050256408751010895e-03 9.955315617844462395e-04 8.357416987419128418e-01 7.237585261464118958e-03 5.482218042016029358e-02 9.186067618429660797e-03 3.499883785843849182e-02 1.469330675899982452e-02 9.239628911018371582e-03 2.045986056327819824e-02 1.435040961951017380e-02 1.126049365848302841e-02 1.925658062100410461e-02 2.877080067992210388e-02 2.151052653789520264e-02 2.276633307337760925e-02 1.766708493232727051e-02 1.501610130071640015e-02 2.416242845356464386e-02 8.182639256119728088e-03 3.283577784895896912e-02 1.795256510376930237e-03 1.823603734374046326e-02 1.933795213699340820e-02 2.208662778139114380e-02 1.764518395066261292e-02 1.690829172730445862e-02 1.331526227295398712e-02 9.726565331220626831e-03 2.994853816926479340e-02 2.823488228023052216e-02 2.040333859622478485e-02 2.597597055137157440e-02 9.726059623062610626e-03 1.540584396570920944e-02 1.449927780777215958e-02 3.766539739444851875e-03 5.096251145005226135e-03 4.106546938419342041e-02 2.702246420085430145e-02 9.380950941704213619e-04 3.209941787645220757e-03 1.075686514377593994e-02 2.554691163823008537e-03 3.589554131031036377e-02 2.980985678732395172e-02 1.452758442610502243e-03 1.207876764237880707e-02 1.921130158007144928e-02 1.538424938917160034e-02 3.479979932308197021e-02 3.249965235590934753e-02 1.231980975717306137e-02 3.642066847532987595e-03 2.094154246151447296e-02 2.527549304068088531e-02 4.335938394069671631e-02 3.956549614667892456e-02 1.579502411186695099e-02 2.038439922034740448e-02 8.866690099239349365e-03 2.343141101300716400e-02 2.139999298378825188e-03 1.463185809552669525e-02 1.030868012458086014e-02 9.368207305669784546e-03 5.718002794310450554e-04 5.014894122723490000e-05 9.428526274859905243e-03 2.809298923239111900e-03 1.124329306185245514e-02 1.135123334825038910e-02 2.263916656374931335e-02 1.526201702654361725e-02 1.707024872303009033e-02 1.556347962468862534e-02 4.986390937119722366e-03 4.564279224723577499e-04 3.806765377521514893e-02 3.096452355384826660e-02 6.377974525094032288e-03 1.236146874725818634e-02 3.342988714575767517e-02 4.221609234809875488e-02 2.012315578758716583e-02 3.257137537002563477e-02 1.074291486293077469e-02 1.009412668645381927e-02 1.009654439985752106e-02 4.257860127836465836e-03 2.750785648822784424e-02 3.069625422358512878e-02 7.308390457183122635e-03 1.959341205656528473e-02 2.468143403530120850e-02 3.422795096412301064e-03 2.398056536912918091e-02 8.620802313089370728e-03 2.347355009987950325e-03 2.133971638977527618e-02 6.928418297320604324e-03 2.450869791209697723e-02 1.501578092575073242e-02 2.788234315812587738e-02 1.678101019933819771e-03 2.073644136544317007e-04 1.270570419728755951e-02 1.115079317241907120e-02
1.798651739954948425e-02 1.926185749471187592e-02 1.888297125697135925e-02 1.194159151054918766e-03 4.470558371394872665e-03 3.805124387145042419e-02 1.434326451271772385e-02 4.802426323294639587e-03 2.804537303745746613e-02 2.413094975054264069e-02 7.237585261464118958e-03 8.357416987419128418e-01 3.122964873909950256e-03 8.247482031583786011e-02 2.403048798441886902e-02 8.273040875792503357e-03 1.003241352736949921e-02 1.305112149566411972e-02 1.733251474797725677e-02 1.025427319109439850e-02 5.710279569029808044e-03 1.234829518944025040e-02 3.388844430446624756e-02 3.983569890260696411e-02 9.740487672388553619e-03 8.521677926182746887e-03 8.831425569951534271e-03 3.754535317420959473e-02 1.002355827949941158e-03 2.881976030766963959e-02 1.687909848988056183e-02 5.346728023141622543e-03 1.610775245353579521e-03 6.375219672918319702e-03 1.444574538618326187e-02 1.770016364753246307e-02 2.621431648731231689e-02 1.535676326602697372e-02 8.460620418190956116e-03 2.250638790428638458e-02 7.627124432474374771e-03 8.107506670057773590e-03 1.254388131201267242e-03 8.536349050700664520e-03 1.542087644338607788e-02 5.221903324127197266e-03 1.401768531650304794e-03 3.144207643344998360e-03 5.414305254817008972e-03 2.304279059171676636e-02 3.385203331708908081e-02 5.040156841278076172e-02 7.563790306448936462e-03 2.637505764141678810e-03 1.172867952845990658e-03 8.352358825504779816e-03 1.551567390561103821e-02 1.945081353187561035e-02 1.898454688489437103e-02 2.000438794493675232e-02 1.649546809494495392e-02 2.490019239485263824e-02 1.200165366753935814e-03 7.256726385094225407e-04 4.496015608310699463e-04 1.419201213866472244e-02 4.829467274248600006e-03 7.837492739781737328e-04 2.082191640511155128e-03 4.841309972107410431e-03 7.310556713491678238e-03 2.331912145018577576e-02 6.134825292974710464e-03 1.742994971573352814e-02 6.678200326859951019e-03 1.766533404588699341e-02 4.111895337700843811e-03 1.100079994648694992e-02 3.252507746219635010e-02 5.170990712940692902e-03 1.782427355647087097e-02 4.283832851797342300e-03 9.341725148260593414e-03 8.968816138803958893e-03 1.984835788607597351e-02 2.027777582406997681e-02 5.858759977854788303e-04 1.013399218209087849e-03 2.453874237835407257e-02 3.396677970886230469e-02 4.944599419832229614e-02 1.582002826035022736e-02 1.784476079046726227e-02 1.410563942044973373e-02 1.203888189047574997e-02 1.610247045755386353e-02 2.061819843947887421e-02 4.508968442678451538e-03 9.276412427425384521e-03 9.763968177139759064e-03 1.737954840064048767e-02 1.398800988681614399e-03 1.922295987606048584e-02 1.166923064738512039e-02 1.181647833436727524e-02 2.929618023335933685e-02 2.125511132180690765e-02 1.298101805150508881e-02 1.394166145473718643e-02 7.031917106360197067e-03 1.717206463217735291e-02 8.956155739724636078e-03 8.290878497064113617e-03 6.633301265537738800e-03 1.326599996536970139e-02 2.886203490197658539e-02
4.727329686284065247e-02 5.340721458196640015e-02 1.178849115967750549e-02 5.333339329808950424e-03 1.110239326953887939e-02 3.814385458827018738e-02 3.075730428099632263e-02 3.259294480085372925e-02 8.992724120616912842e-03 2.180702285841107368e-03 5.482218042016029358e-02 3.122964873909950256e-03 8.357416987419128418e-01 9.258583188056945801e-03 4.467029869556427002e-02 2.366905845701694489e-02 1.664801500737667084e-02 2.252356335520744324e-02 1.956583559513092041e-02 1.905267313122749329e-02 2.430075779557228088e-02 3.089715726673603058e-02 2.094555459916591644e-02 1.886657997965812683e-02 1.912706717848777771e-02 2.133090607821941376e-02 1.915306970477104187e-02 9.574879892170429230e-03 2.352444268763065338e-02 1.986486138775944710e-03 2.255547232925891876e-02 2.119802311062812805e-02 2.155689150094985962e-02 3.153638169169425964e-02 1.667987555265426636e-02 1.899373903870582581e-02 1.761685125529766083e-02 1.773993112146854401e-02 2.017544768750667572e-02 1.312707457691431046e-02 1.914622634649276733e-02 4.845617804676294327e-03 1.435334980487823486e-02 1.854574866592884064e-02 7.802980020642280579e-03 8.465154096484184265e-03 3.068661317229270935e-02 1.834337599575519562e-02 7.559780497103929520e-03 4.497895482927560806e-03 5.990335252135992050e-03 1.949505694210529327e-02 2.928332239389419556e-02 3.230623900890350342e-02 1.174752600491046906e-02 3.760350169613957405e-03 1.475463714450597763e-02 1.078352890908718109e-02 3.043745458126068115e-02 3.059557080268859863e-02 6.184863857924938202e-03 2.572384895756840706e-03 1.934810727834701538e-02 1.283492799848318100e-02 3.465816751122474670e-02 4.533197730779647827e-02 1.816138625144958496e-02 2.490215003490447998e-02 1.015601027756929398e-02 1.682475395500659943e-02 1.823815284296870232e-03 1.192063279449939728e-02 1.068370975553989410e-02 1.159804966300725937e-02 1.823991071432828903e-03 9.505454218015074730e-04 6.111370865255594254e-03 5.016921088099479675e-03 1.323034055531024933e-02 1.089983247220516205e-02 2.262801118195056915e-02 2.058865875005722046e-02 2.145564556121826172e-02 1.720970496535301208e-02 4.238209687173366547e-03 9.063221514225006104e-04 3.836423531174659729e-02 3.652330860495567322e-02 3.614275250583887100e-03 1.481830887496471405e-02 2.366218715906143188e-02 3.687856346368789673e-02 1.768166758120059967e-02 2.923505194485187531e-02 1.682866923511028290e-02 1.510094664990901947e-02 1.901468634605407715e-02 5.881080869585275650e-04 2.313118986785411835e-02 2.576350048184394836e-02 7.750217802822589874e-03 2.231214568018913269e-02 2.306880801916122437e-02 6.256683263927698135e-03 2.253298275172710419e-02 7.443663664162158966e-03 1.208182238042354584e-02 2.210982516407966614e-02 1.039439626038074493e-02 1.727586425840854645e-02 1.246354263275861740e-02 2.598251402378082275e-02 3.784858155995607376e-03 2.497537061572074890e-03 4.219368100166320801e-03 3.098977962508797646e-03
