8.346794843673706055e-01 7.471573352813720703e-02 1.623153872787952423e-02 1.231045275926589966e-02 2.970702247694134712e-03 6.030165776610374451e-02 4.420277476310729980e-02 1.559902355074882507e-02 1.086013205349445343e-02 1.716427068458870053e-04 5.646867677569389343e-02 2.299723587930202484e-02 5.755306407809257507e-02 2.753551490604877472e-02 3.980122134089469910e-02 8.688285946846008301e-03 8.443416096270084381e-03 9.744625538587570190e-03 1.994780078530311584e-02 9.929668158292770386e-04 7.277789991348981857e-03 2.276578918099403381e-02 2.051324769854545593e-02 1.177660375833511353e-02 1.383506599813699722e-02 5.481623578816652298e-03 3.735148161649703979e-02 1.179582532495260239e-02 4.386726394295692444e-02 4.750536289066076279e-03 4.413923248648643494e-02 1.146216783672571182e-02 1.481055654585361481e-02 1.296521909534931183e-02 3.223504172638058662e-03 3.002510033547878265e-02 2.272957935929298401e-02 1.821394078433513641e-03 8.057857863605022430e-03 3.366742515936493874e-03 7.579347118735313416e-03 3.579351585358381271e-03 3.188062459230422974e-03 4.887747578322887421e-03 1.166830956935882568e-02 1.285442989319562912e-02 5.086060613393783569e-02 4.142310470342636108e-02 1.370212621986865997e-02 8.383156382478773594e-04 2.101609669625759125e-02 5.652655381709337234e-03 2.106004394590854645e-02 1.215326786041259766e-02 3.434850135818123817e-03 9.789016097784042358e-03 3.866025072056800127e-04 5.860417615622282028e-03 1.462355162948369980e-02 1.740601286292076111e-02 3.765132278203964233e-03 3.151762066408991814e-04 5.577932577580213547e-03 3.198738442733883858e-03 4.161184281110763550e-02 4.074000939726829529e-02 1.555720902979373932e-02 1.789973862469196320e-02 6.453433074057102203e-03 2.004162035882472992e-02 3.981819842010736465e-03 2.720234915614128113e-02 9.975214488804340363e-03 1.772310398519039154e-02 1.011050119996070862e-02 1.625717617571353912e-02 8.320133783854544163e-04 1.037794444710016251e-02 1.508256606757640839e-02 1.535134389996528625e-02 1.721188053488731384e-02 8.083421736955642700e-03 3.432036377489566803e-03 6.337440107017755508e-03 1.457131188362836838e-02 1.091121602803468704e-02 1.380298286676406860e-02 2.781905420124530792e-02 2.109305374324321747e-02 2.653610520064830780e-02 4.050838947296142578e-02 2.876960486173629761e-02 4.093704372644424438e-02 3.789696469902992249e-02 1.140023116022348404e-02 1.323343534022569656e-02 2.449126169085502625e-02 1.218775636516511440e-03 9.229697287082672119e-03 6.849530152976512909e-03 8.018882013857364655e-03 1.536405924707651138e-02 3.032793477177619934e-02 1.951055973768234253e-02 6.047970149666070938e-03 1.161082927137613297e-02 3.551335306838154793e-03 2.367116976529359818e-03 2.081936784088611603e-02 1.436211075633764267e-02 1.808289997279644012e-02 1.521281711757183075e-02 4.963926039636135101e-03 7.745683658868074417e-03 7.605044636875391006e-03 3.432468324899673462e-02
7.471573352813720703e-02 8.346794843673706055e-01 1.643035747110843658e-02 3.885946003720164299e-03 8.921204134821891785e-03 5.695731937885284424e-02 4.268489778041839600e-02 1.962442696094512939e-02 1.770957373082637787e-02 8.503580465912818909e-03 4.987437650561332703e-02 2.504817396402359009e-02 5.618084222078323364e-02 3.205923363566398621e-02 4.110038653016090393e-02 1.114741526544094086e-02 8.103691041469573975e-03 1.588238286785781384e-03 2.734385989606380463e-02 1.009731553494930267e-02 1.113823149353265762e-02 2.391860820353031158e-02 2.087452448904514313e-02 8.340246044099330902e-03 1.895824261009693146e-02 8.721773512661457062e-03 3.020581230521202087e-02 8.795649744570255280e-03 3.751358762383460999e-02 7.177080959081649780e-03 4.023926332592964172e-02 8.973774500191211700e-03 1.729505136609077454e-02 1.331524830311536789e-02 5.317938048392534256e-03 3.103396296501159668e-02 2.106288820505142212e-02 9.802423417568206787e-03 1.458466891199350357e-02 1.152136246673762798e-03 6.311238277703523636e-03 7.661131676286458969e-04 8.832194143906235695e-04 5.838845856487751007e-03 1.016360521316528320e-02 1.195409987121820450e-02 4.274870827794075012e-02 3.395147994160652161e-02 1.355318259447813034e-02 1.047706883400678635e-02 3.197603300213813782e-02 8.062040433287620544e-03 1.920712552964687347e-02 1.180772390216588974e-02 3.099359804764389992e-03 1.779508165782317519e-04 6.019062129780650139e-04 5.462368484586477280e-03 1.163031812757253647e-02 1.928187161684036255e-02 1.587020931765437126e-03 3.635145258158445358e-03 7.093679159879684448e-03 6.786060519516468048e-03 3.629532828927040100e-02 3.048942424356937408e-02 2.065492235124111176e-02 1.577226072549819946e-02 3.056107088923454285e-03 2.161828801035881042e-02 3.072625724598765373e-03 2.132555656135082245e-02 8.194875903427600861e-03 1.629148796200752258e-02 8.261443115770816803e-03 7.594619411975145340e-03 4.494128283113241196e-03 3.588540013879537582e-03 1.335552055388689041e-02 1.656242460012435913e-02 2.260082960128784180e-02 1.977770030498504639e-02 9.014997049234807491e-04 1.839134893089067191e-05 1.472268346697092056e-02 1.370110176503658295e-02 1.586806960403919220e-02 2.081189677119255066e-02 2.293306216597557068e-02 2.951458655297756195e-02 3.578193485736846924e-02 3.007148206233978271e-02 3.334169834852218628e-02 3.516646474599838257e-02 1.019379682838916779e-02 9.192751720547676086e-03 2.277320623397827148e-02 3.862824989482760429e-03 2.069742185994982719e-03 2.000604523345828056e-03 4.355065990239381790e-03 9.149227291345596313e-03 2.304564230144023895e-02 9.834548458456993103e-03 7.952679879963397980e-03 1.151571329683065414e-02 9.254603355657309294e-05 3.884746925905346870e-03 1.486508361995220184e-02 1.796274259686470032e-02 1.150150224566459656e-02 4.563668277114629745e-03 3.866535611450672150e-03 9.466719813644886017e-03 7.828480564057826996e-03 3.309723362326622009e-02
1.623153872787952423e-02 1.643035747110843658e-02 8.346794843673706055e-01 1.550909131765365601e-02 1.015214249491691589e-02 3.187606343999505043e-04 1.232558861374855042e-02 6.434700638055801392e-02 2.985771512612700462e-03 1.574556902050971985e-02 1.855285465717315674e-02 9.516070349491201341e-06 1.281877420842647552e-02 1.440889760851860046e-02 3.553271666169166565e-02 6.547531578689813614e-03 7.369827944785356522e-03 2.303430810570716858e-02 1.889352500438690186e-02 1.396419946104288101e-02 1.756664132699370384e-03 1.702648587524890900e-02 7.472215220332145691e-03 1.087766420096158981e-02 9.607431478798389435e-03 1.314862351864576340e-02 1.053996011614799500e-02 8.152793161571025848e-03 9.627980180084705353e-03 3.613124834373593330e-03 5.084959790110588074e-03 1.064934022724628448e-02 3.783680265769362450e-03 2.012266032397747040e-02 1.849157852120697498e-03 2.230646647512912750e-02 4.822438117116689682e-03 1.729539217194542289e-04 3.593604196794331074e-05 1.599999330937862396e-02 2.440211176872253418e-02 2.611382224131375551e-04 1.294226571917533875e-02 1.132674142718315125e-02 1.452690549194812775e-02 1.900702714920043945e-02 9.592670947313308716e-03 1.385937165468931198e-02 2.045384235680103302e-02 5.545411724597215652e-03 2.376774791628122330e-03 8.834168314933776855e-03 1.935978233814239502e-02 6.347184069454669952e-03 2.655014954507350922e-02 1.103321090340614319e-02 1.545190345495939255e-02 1.381964329630136490e-02 1.137643307447433472e-02 5.470732226967811584e-03 1.261651422828435898e-02 1.004293840378522873e-02 7.944883778691291809e-03 6.828851997852325439e-03 1.387913478538393974e-03 2.286480041220784187e-03 1.867018640041351318e-02 1.641557551920413971e-02 1.684635318815708160e-02 1.216324605047702789e-02 7.409966550767421722e-03 1.787915080785751343e-02 2.139994176104664803e-03 8.355482481420040131e-03 1.053652819246053696e-02 1.530104409903287888e-02 9.674476459622383118e-04 1.510199345648288727e-02 1.269781216979026794e-02 1.409001741558313370e-02 4.771168157458305359e-02 2.822036482393741608e-02 1.177845150232315063e-02 2.633602544665336609e-02 3.015546128153800964e-02 9.120590984821319580e-03 1.325385272502899170e-02 2.290081232786178589e-02 2.568504586815834045e-02 8.495996706187725067e-03 7.399413152597844601e-04 1.319053675979375839e-02 3.276693634688854218e-03 1.713263615965843201e-02 2.456201054155826569e-02 8.038637228310108185e-03 1.114868908189237118e-03 2.247285842895507812e-02 1.525405677966773510e-03 1.045515388250350952e-02 1.181036140769720078e-02 1.140010863309726119e-04 7.463213987648487091e-03 2.070134691894054413e-02 6.210992578417062759e-03 1.232704985886812210e-02 3.558043856173753738e-03 1.310337521135807037e-02 1.113015785813331604e-02 3.036076901480555534e-03 7.160203531384468079e-03 1.395674142986536026e-02 5.498180165886878967e-03 7.005192805081605911e-03 1.087271235883235931e-02 2.565389685332775116e-02
1.231045275926589966e-02 3.885946003720164299e-03 1.550909131765365601e-02 8.346794843673706055e-01 6.064568832516670227e-02 2.288393862545490265e-02 2.759547531604766846e-02 1.298632100224494934e-02 1.555974781513214111e-02 4.545696428976953030e-04 1.815858483314514160e-02 2.317995391786098480e-02 1.804960705339908600e-02 9.457200765609741211e-03 6.952025927603244781e-03 2.510398812592029572e-02 1.972203701734542847e-02 1.154720876365900040e-02 8.637926541268825531e-03 1.936575048603117466e-03 1.753732096403837204e-03 5.207159090787172318e-03 1.442093867808580399e-02 1.490558218210935593e-02 9.005920961499214172e-03 2.272082865238189697e-02 1.598540320992469788e-02 2.541903220117092133e-02 1.397953182458877563e-02 2.083651907742023468e-02 5.149039905518293381e-03 1.013072766363620758e-02 1.252427510917186737e-02 1.899264752864837646e-03 1.324819307774305344e-02 1.123834401369094849e-02 2.151363343000411987e-02 5.647264886647462845e-03 3.394952416419982910e-02 5.017632618546485901e-02 4.690142348408699036e-03 1.624919287860393524e-02 1.284631993621587753e-02 1.773136667907238007e-02 5.695138126611709595e-03 2.793577965348958969e-03 2.660630829632282257e-02 2.492301166057586670e-02 5.151629447937011719e-03 6.772744003683328629e-03 2.805134467780590057e-02 2.745441719889640808e-02 2.798923850059509277e-02 2.221938222646713257e-02 9.572704322636127472e-03 2.185102365911006927e-02 2.389886416494846344e-02 2.202057652175426483e-02 2.147698216140270233e-02 1.709815301001071930e-02 2.852397598326206207e-02 2.819390408694744110e-02 1.164926798082888126e-03 7.519172970205545425e-03 2.176665514707565308e-02 1.828515715897083282e-02 1.598885282874107361e-02 7.315303664654493332e-03 3.185657784342765808e-02 8.099365979433059692e-03 1.476438809186220169e-02 8.263345807790756226e-03 5.015109106898307800e-02 1.230861060321331024e-02 4.160172119736671448e-02 8.146233856678009033e-03 6.952925585210323334e-03 2.950583584606647491e-03 1.271366793662309647e-02 7.697950117290019989e-03 1.573097705841064453e-02 4.061943851411342621e-03 1.612283475697040558e-02 5.611055064946413040e-03 7.083741948008537292e-03 9.408944286406040192e-03 1.638492383062839508e-02 2.588803414255380630e-03 1.092699076980352402e-02 6.039949599653482437e-03 2.187176048755645752e-02 1.156979892402887344e-02 2.464721724390983582e-02 1.217408338561654091e-03 2.124200947582721710e-02 2.073760703206062317e-02 9.935215115547180176e-03 8.609137148596346378e-04 2.401728741824626923e-02 1.608262211084365845e-02 6.312756333500146866e-03 6.740682758390903473e-03 3.743763780221343040e-03 1.329980674199759960e-03 1.362398639321327209e-02 1.648044772446155548e-02 1.664568670094013214e-02 1.109004952013492584e-03 1.775850541889667511e-02 8.813817054033279419e-03 6.743430625647306442e-03 1.096376590430736542e-02 9.639388881623744965e-03 1.045105629600584507e-03 1.448155008256435394e-02 1.713964343070983887e-02
2.970702247694134712e-03 8.921204134821891785e-03 1.015214249491691589e-02 6.064568832516670227e-02 8.346794843673706055e-01 6.980809383094310760e-03 1.563348248600959778e-02 5.159399006515741348e-04 1.857863925397396088e-02 1.811123080551624298e-02 1.007693260908126831e-02 2.026831544935703278e-02 6.577546242624521255e-03 1.877197436988353729e-02 3.376262960955500603e-03 2.891472354531288147e-02 4.179918766021728516e-02 1.337781921029090881e-02 1.161388587206602097e-02 1.116282655857503414e-03 9.532499127089977264e-03 1.538625103421509266e-03 1.470596343278884888e-02 2.299895323812961578e-02 1.261295191943645477e-02 2.108025737106800079e-02 3.123859688639640808e-02 2.932278811931610107e-02 1.285843364894390106e-02 3.262712806463241577e-02 2.701326739042997360e-03 3.059853101149201393e-03 3.028437728062272072e-03 3.747860610019415617e-04 9.853577241301536560e-03 9.170547127723693848e-03 7.361401803791522980e-03 5.787384230643510818e-03 8.975745178759098053e-03 5.263658240437507629e-02 1.743415370583534241e-02 9.626957587897777557e-03 9.929882362484931946e-03 1.475089043378829956e-02 2.062388136982917786e-02 1.667657122015953064e-02 8.915366604924201965e-03 6.300653330981731415e-03 1.523514650762081146e-02 3.763060551136732101e-03 2.789856120944023132e-02 2.577394247055053711e-02 1.584183983504772186e-02 1.619623787701129913e-02 3.826343687251210213e-03 9.209779673255980015e-04 1.842742599546909332e-02 3.290628641843795776e-02 1.866802945733070374e-02 2.165723964571952820e-02 2.555342763662338257e-02 2.986132353544235229e-02 1.992865232750773430e-03 3.288410836830735207e-03 1.241558138281106949e-02 7.655554916709661484e-03 1.277184113860130310e-02 5.359149072319269180e-03 3.372748941183090210e-02 2.341927029192447662e-02 3.385334089398384094e-02 1.811518147587776184e-02 3.897802531719207764e-02 3.242112323641777039e-02 5.105117335915565491e-02 2.110425569117069244e-02 8.875961415469646454e-03 2.474534325301647186e-02 2.466545067727565765e-02 3.270131070166826248e-03 2.916041994467377663e-03 1.016493421047925949e-02 6.899630650877952576e-03 1.763523183763027191e-02 1.584832929074764252e-02 9.188439697027206421e-03 3.328100428916513920e-04 7.574204821139574051e-03 1.817675679922103882e-02 3.707036748528480530e-02 2.860146807506680489e-03 9.549390524625778198e-03 1.067964918911457062e-02 3.545982763171195984e-04 1.031674351543188095e-02 1.993219740688800812e-02 1.199086382985115051e-02 8.417683653533458710e-03 6.339615676552057266e-03 1.150236744433641434e-02 4.087843932211399078e-03 1.449023559689521790e-02 1.411045901477336884e-03 2.194431237876415253e-02 6.489804014563560486e-03 8.038711734116077423e-03 1.371800713241100311e-02 6.134102586656808853e-03 2.460980601608753204e-02 1.179345045238733292e-02 2.013246528804302216e-02 2.758290246129035950e-02 2.249305509030818939e-02 2.327744616195559502e-03 2.567508257925510406e-03 1.589314825832843781e-02
6.030165776610374451e-02 5.695731937885284424e-02 3.187606343999505043e-04 2.288393862545490265e-02 6.980809383094310760e-03 8.346794843673706055e-01 6.047729402780532837e-02 1.401369739323854446e-02 1.400182396173477173e-02 9.555552154779434204e-03 3.737270087003707886e-02 4.005960747599601746e-02 4.017214477062225342e-02 3.593537583947181702e-02 2.859444357454776764e-02 1.902965828776359558e-02 1.865659654140472412e-02 5.033269990235567093e-04 3.614285588264465332e-02 2.575183752924203873e-03 8.864390663802623749e-03 7.752423640340566635e-03 1.835999637842178345e-02 1.922365091741085052e-02 1.245128642767667770e-02 1.022639404982328415e-02 2.595322392880916595e-02 1.748251728713512421e-02 3.712043166160583496e-02 3.325075376778841019e-03 3.255084156990051270e-02 1.025181263685226440e-02 9.410300292074680328e-03 9.180730208754539490e-03 1.577249378897249699e-03 2.143802493810653687e-02 2.003522589802742004e-02 9.101564064621925354e-03 1.954510807991027832e-02 2.516790758818387985e-03 4.152626730501651764e-03 1.312249805778264999e-02 4.656550940126180649e-03 5.103922914713621140e-03 1.552777923643589020e-02 1.428791787475347519e-02 6.515581160783767700e-02 4.578482732176780701e-02 6.605264265090227127e-03 7.135330233722925186e-03 2.919015474617481232e-03 8.029795251786708832e-03 2.247166819870471954e-02 1.246938388794660568e-02 4.666929598897695541e-03 9.101223200559616089e-03 9.971126914024353027e-03 1.474953070282936096e-02 1.903568767011165619e-02 2.266318537294864655e-02 9.510580450296401978e-03 2.868301933631300926e-03 2.179199829697608948e-03 9.552576579153537750e-03 4.433266445994377136e-02 4.304862767457962036e-02 1.313030254095792770e-02 1.125897653400897980e-02 1.599287427961826324e-02 1.236218120902776718e-02 1.135935075581073761e-02 1.739032752811908722e-02 2.404580637812614441e-02 1.569221355020999908e-02 1.955023594200611115e-02 1.288614515215158463e-02 1.078435499221086502e-02 1.573920249938964844e-02 1.379348710179328918e-02 1.837767660617828369e-02 6.580522749572992325e-03 1.019311603158712387e-02 5.716872401535511017e-03 3.209989750757813454e-03 6.629853975027799606e-03 3.766020527109503746e-03 1.285978965461254120e-02 2.288537099957466125e-02 1.096817757934331894e-02 2.102633379399776459e-02 5.037506297230720520e-02 2.177556045353412628e-02 4.211545363068580627e-02 2.942134626209735870e-02 1.120568159967660904e-02 1.413368806242942810e-02 2.392333187162876129e-02 6.078414153307676315e-03 1.410022750496864319e-02 1.702295616269111633e-02 3.320699790492653847e-03 9.368611499667167664e-03 3.593749925494194031e-02 1.419105660170316696e-02 1.450391765683889389e-02 9.631227701902389526e-03 2.541455207392573357e-03 1.122793182730674744e-02 1.916847564280033112e-02 1.497268024832010269e-02 1.661125943064689636e-02 1.073636347427964211e-03 1.237371750175952911e-02 7.730451878160238266e-03 5.613482557237148285e-03 2.153986133635044098e-02
4.420277476310729980e-02 4.268489778041839600e-02 1.232558861374855042e-02 2.759547531604766846e-02 1.563348248600959778e-02 6.047729402780532837e-02 8.346794843673706055e-01 4.258068278431892395e-03 3.899769857525825500e-02 4.970198962837457657e-03 2.929176203906536102e-02 2.983007393777370453e-02 3.538422659039497375e-02 4.802436381578445435e-02 1.765991933643817902e-02 1.485143788158893585e-02 1.515973825007677078e-02 7.146018557250499725e-03 2.074968442320823669e-02 6.860028952360153198e-03 2.395981689915060997e-03 1.889102532004471868e-05 6.655045319348573685e-03 1.732484437525272369e-02 1.738587021827697754e-02 1.571447774767875671e-02 2.198600582778453827e-02 1.934450492262840271e-02 3.150527179241180420e-02 1.909586042165756226e-02 2.604950964450836182e-02 4.102264530956745148e-03 4.340181592851877213e-03 6.681666709482669830e-03 3.354215761646628380e-03 5.216821096837520599e-03 2.875672420486807823e-03 1.036516390740871429e-02 1.748725958168506622e-02 2.224747091531753540e-03 1.523370202630758286e-02 2.466681180521845818e-03 4.132500384002923965e-03 1.469956524670124054e-02 9.384498931467533112e-03 1.626131311058998108e-02 6.300041079521179199e-02 6.491682678461074829e-02 8.255627937614917755e-03 1.885782345198094845e-03 8.055300451815128326e-03 9.680183604359626770e-03 2.403923124074935913e-02 1.549341250211000443e-02 6.059690844267606735e-03 2.374926954507827759e-02 3.937900532037019730e-03 2.948512509465217590e-02 1.220474671572446823e-02 2.636505104601383209e-02 3.945352509617805481e-03 7.408059667795896530e-03 2.164155058562755585e-02 9.519369923509657383e-04 4.643118008971214294e-02 4.274560883641242981e-02 8.684854023158550262e-03 4.128043074160814285e-03 2.871931297704577446e-03 1.292759552597999573e-02 1.120980177074670792e-02 1.102145854383707047e-02 3.086180426180362701e-02 2.262137271463871002e-02 3.188176453113555908e-02 9.008741006255149841e-03 1.036829128861427307e-02 2.038583531975746155e-02 2.451877295970916748e-02 6.289960350841283798e-03 6.150739267468452454e-03 1.287664659321308136e-02 3.038194961845874786e-03 1.795473392121493816e-03 5.699672619812190533e-04 2.478759735822677612e-03 4.267024807631969452e-03 2.636362332850694656e-03 2.354437671601772308e-02 1.874502864666283131e-03 5.354330316185951233e-02 7.385613396763801575e-03 5.268371477723121643e-02 2.213339321315288544e-02 1.940684858709573746e-03 4.959243815392255783e-03 2.554391883313655853e-02 1.803784980438649654e-03 3.355594119057059288e-03 2.163740573450922966e-03 8.909979835152626038e-03 6.488922983407974243e-03 2.797872759401798248e-02 2.241375297307968140e-02 4.768253347720019519e-06 1.125054713338613510e-02 1.565217599272727966e-02 2.832438331097364426e-03 1.864843443036079407e-02 2.190474979579448700e-02 8.753488771617412567e-03 5.632429383695125580e-04 8.988993242383003235e-03 7.718475535511970520e-03 3.104682546108961105e-03 1.694735325872898102e-02
1.559902355074882507e-02 1.962442696094512939e-02 6.434700638055801392e-02 1.298632100224494934e-02 5.159399006515741348e-04 1.401369739323854446e-02 4.258068278431892395e-03 8.346794843673706055e-01 7.045166566967964172e-03 2.051971852779388428e-02 2.479081414639949799e-02 5.224062595516443253e-03 2.811524271965026855e-02 7.658523973077535629e-03 6.286160647869110107e-02 3.784798318520188332e-03 1.062951167114078999e-03 1.114004943519830704e-02 5.540386700886301696e-05 2.545453608036041260e-02 9.560488164424896240e-03 2.208261936902999878e-02 1.530125271528959274e-03 1.120617426931858063e-02 1.098493579775094986e-02 4.095156211405992508e-03 7.082422729581594467e-03 7.180536165833473206e-03 5.617616232484579086e-03 4.233494400978088379e-03 2.803715877234935760e-02 6.726691033691167831e-03 1.271725352853536606e-02 1.668265275657176971e-02 4.006132949143648148e-03 2.530546300113201141e-02 2.166600339114665985e-02 1.668196730315685272e-02 8.117596618831157684e-03 3.141137072816491127e-03 2.100815437734127045e-02 9.791861288249492645e-03 1.143020391464233398e-02 1.491459459066390991e-02 1.135826576501131058e-02 7.980114780366420746e-03 8.291619829833507538e-03 7.432496175169944763e-03 1.645848341286182404e-02 1.116289757192134857e-02 5.428618751466274261e-03 1.436296012252569199e-02 2.172131650149822235e-02 9.567980654537677765e-03 1.371586602181196213e-02 5.777589976787567139e-03 8.010518737137317657e-03 3.852560184895992279e-04 2.495553344488143921e-02 2.394089289009571075e-02 1.476555829867720604e-03 5.994002334773540497e-03 4.853052552789449692e-03 8.488322608172893524e-03 1.344601437449455261e-02 7.076011504977941513e-03 2.851993963122367859e-02 2.410252112895250320e-03 1.751035684719681740e-03 1.804362609982490540e-02 4.014649428427219391e-03 1.757392846047878265e-02 1.351443585008382797e-03 1.394496019929647446e-02 2.350146241951733828e-04 2.072308678179979324e-03 1.342683564871549606e-02 1.256031729280948639e-02 8.990961126983165741e-03 2.003168128430843353e-02 6.319537013769149780e-02 4.050417244434356689e-02 1.531762536615133286e-03 9.137333370745182037e-03 1.452050171792507172e-02 7.698518689721822739e-03 5.003294348716735840e-02 2.851757779717445374e-02 9.494925849139690399e-03 1.208148803561925888e-02 7.663627155125141144e-03 2.755469828844070435e-02 8.140387013554573059e-03 1.589826680719852448e-02 1.060086395591497421e-02 5.366110242903232574e-03 1.587799936532974243e-02 1.497458852827548981e-02 5.758003797382116318e-03 7.234316784888505936e-03 8.258340880274772644e-03 9.644588455557823181e-03 4.372474737465381622e-03 6.329247262328863144e-03 2.541160583496093750e-02 1.418597251176834106e-02 1.143519859760999680e-02 1.370168197900056839e-02 1.791799999773502350e-02 2.161217480897903442e-02 6.957883480936288834e-03 5.347560625523328781e-03 8.274907246232032776e-03 1.272370014339685440e-02 8.696757256984710693e-03 2.312288247048854828e-02
1.086013205349445343e-02 1.770957373082637787e-02 2.985771512612700462e-03 1.555974781513214111e-02 1.857863925397396088e-02 1.400182396173477173e-02 3.899769857525825500e-02 7.045166566967964172e-03 8.346794843673706055e-01 3.194753080606460571e-02 5.574255716055631638e-03 7.707603741437196732e-03 1.855876669287681580e-02 4.031993076205253601e-02 3.563641337677836418e-03 2.234465209767222404e-03 1.200369186699390411e-02 3.513681143522262573e-02 6.010393612086772919e-03 1.922808773815631866e-02 1.305503654293715954e-03 1.593415625393390656e-02 2.300142869353294373e-02 1.336419489234685898e-02 1.811376586556434631e-02 2.397280768491327763e-04 3.711211029440164566e-03 2.298273146152496338e-02 1.888529397547245026e-02 3.201353549957275391e-02 5.167578347027301788e-03 2.815848402678966522e-02 1.389773283153772354e-02 2.614983916282653809e-02 1.252094563096761703e-02 7.650268264114856720e-03 7.276736199855804443e-03 1.268097013235092163e-02 2.195044886320829391e-03 7.713781204074621201e-03 7.373625412583351135e-03 3.141010925173759460e-02 3.189689666032791138e-02 8.458887226879596710e-03 2.429637685418128967e-02 8.513400680385529995e-04 2.295665629208087921e-02 3.125659376382827759e-02 3.343740850687026978e-02 3.095257654786109924e-02 2.165189012885093689e-02 9.341072291135787964e-03 2.294928766787052155e-02 2.284695580601692200e-02 3.401422873139381409e-02 1.519025675952434540e-02 1.606375351548194885e-02 1.662581413984298706e-02 5.524307489395141602e-03 1.779116690158843994e-02 2.709080092608928680e-02 6.601160275749862194e-04 3.274063766002655029e-02 1.101940218359231949e-02 1.426796521991491318e-02 1.875505223870277405e-02 1.351604890078306198e-02 2.076661959290504456e-02 1.641858182847499847e-02 3.213640069589018822e-03 7.244073320180177689e-03 1.025924552232027054e-02 2.856551483273506165e-02 1.097354013472795486e-02 3.285861015319824219e-02 2.795027010142803192e-02 5.438021942973136902e-02 2.921313047409057617e-03 4.825705289840698242e-02 1.613299176096916199e-02 1.357596926391124725e-02 1.513982075266540051e-03 3.763411939144134521e-02 3.206213936209678650e-02 2.306564338505268097e-02 2.462860755622386932e-02 1.222671382129192352e-02 1.616544090211391449e-02 2.501817606389522552e-02 1.214113552123308182e-02 1.930381543934345245e-02 1.544462423771619797e-02 3.057705610990524292e-02 1.784662890713661909e-04 2.766876714304089546e-03 1.263313111849129200e-03 5.882391240447759628e-03 2.417178824543952942e-02 3.593708574771881104e-02 3.501191735267639160e-02 2.326872944831848145e-02 1.911146380007266998e-02 8.601861074566841125e-03 1.121907262131571770e-03 1.459349226206541061e-02 2.898914506658911705e-03 1.179801952093839645e-02 2.847073972225189209e-02 1.027341000735759735e-03 3.604693338274955750e-03 5.277833901345729828e-03 5.821116734296083450e-03 9.097259491682052612e-03 1.401825528591871262e-02 3.218264319002628326e-03 1.806975714862346649e-02
1.716427068458870053e-04 8.503580465912818909e-03 1.574556902050971985e-02 4.545696428976953030e-04 1.811123080551624298e-02 9.555552154779434204e-03 4.970198962837457657e-03 2.051971852779388428e-02 3.194753080606460571e-02 8.346794843673706055e-01 8.700243197381496429e-03 2.453858777880668640e-02 1.670326106250286102e-03 3.912851214408874512e-03 1.060630474239587784e-02 2.635619416832923889e-02 2.351333014667034149e-02 2.999819442629814148e-02 4.000270739197731018e-02 2.068380266427993774e-02 4.663248546421527863e-03 1.674879109486937523e-03 2.667411603033542633e-02 4.211773723363876343e-02 8.265525684691965580e-05 1.416805479675531387e-02 1.151005551218986511e-02 1.532255671918392181e-02 9.934776462614536285e-03 8.948462083935737610e-03 9.344267658889293671e-03 2.844481728971004486e-02 5.069702398031949997e-03 2.131321653723716736e-02 1.130513567477464676e-02 1.934385654749348760e-04 5.527141503989696503e-03 1.272113248705863953e-02 3.458184888586401939e-03 1.066114287823438644e-02 1.512770541012287140e-02 1.126097980886697769e-02 2.191141434013843536e-02 9.019818156957626343e-03 1.782087422907352448e-02 4.847506992518901825e-03 1.169827021658420563e-02 7.662806659936904907e-03 1.219688821583986282e-02 5.040894821286201477e-02 8.548281155526638031e-03 3.858111100271344185e-03 1.468544639647006989e-02 1.939681096700951457e-04 2.096536941826343536e-02 2.809636853635311127e-02 9.574453346431255341e-03 2.578745409846305847e-02 1.992323668673634529e-04 4.519073758274316788e-03 5.147990887053310871e-04 1.872771047055721283e-02 1.216495409607887268e-03 4.286472219973802567e-03 4.958891775459051132e-03 4.664754029363393784e-03 8.729606866836547852e-03 1.565281860530376434e-02 2.598293870687484741e-02 2.632436342537403107e-02 4.489901661872863770e-02 8.863689377903938293e-03 1.424654200673103333e-02 2.731444127857685089e-02 6.127648986876010895e-03 2.482204139232635498e-02 2.166831865906715393e-02 5.764569342136383057e-02 5.509924609214067459e-03 4.955279082059860229e-02 3.507875837385654449e-03 2.821040898561477661e-02 2.576866932213306427e-02 5.747536197304725647e-02 3.689857257995754480e-04 3.346021473407745361e-02 1.122667826712131500e-02 1.267373841255903244e-02 1.857717707753181458e-02 5.348480120301246643e-02 2.703908085823059082e-02 6.874575628899037838e-04 1.202010456472635269e-02 5.929355509579181671e-03 6.224068813025951385e-03 1.059351861476898193e-02 7.324696518480777740e-03 3.286161273717880249e-02 1.330427080392837524e-02 1.464765053242444992e-02 1.871211268007755280e-02 1.018782518804073334e-02 1.057858858257532120e-02 1.734784618020057678e-02 2.134645357728004456e-02 5.682685412466526031e-03 6.380239967256784439e-03 7.052886299788951874e-03 1.290990132838487625e-02 1.603407319635152817e-03 1.579418964684009552e-02 4.321608226746320724e-03 1.358407549560070038e-03 6.751791574060916901e-03 9.693660773336887360e-03 1.551343686878681183e-02
5.646867677569389343e-02 4.987437650561332703e-02 1.855285465717315674e-02 1.815858483314514160e-02 1.007693260908126831e-02 3.737270087003707886e-02 2.929176203906536102e-02 2.479081414639949799e-02 5.574255716055631638e-03 8.700243197381496429e-03 8.346794843673706055e-01 1.167571544647216797e-02 5.536646395921707153e-02 1.602032594382762909e-02 4.118599370121955872e-02 1.208749040961265564e-02 9.880149737000465393e-03 2.492048963904380798e-02 6.864250637590885162e-03 2.451264997944235802e-03 3.150768578052520752e-03 3.150142356753349304e-02 1.514345128089189529e-02 1.853806525468826294e-02 1.111773867160081863e-02 1.034353859722614288e-03 3.212374448776245117e-02 1.366244442760944366e-02 3.772722184658050537e-02 9.936046786606311798e-03 4.019213095307350159e-02 1.039725169539451599e-02 1.146961003541946411e-02 1.585719548165798187e-02 1.127427164465188980e-02 2.503940835595130920e-02 2.764330618083477020e-02 4.574845544993877411e-03 1.188830193132162094e-02 6.110504735261201859e-03 1.419991627335548401e-02 1.203987188637256622e-02 7.030496839433908463e-03 1.342440955340862274e-02 4.302353132516145706e-03 7.205624133348464966e-03 3.297526016831398010e-02 3.443342074751853943e-02 1.580686867237091064e-02 1.796046504750847816e-03 1.369294524192810059e-02 5.738399340771138668e-04 2.361885271966457367e-02 1.885816268622875214e-02 1.231751497834920883e-02 8.445979095995426178e-03 2.236847532913088799e-03 7.179952692240476608e-03 1.723194681107997894e-02 2.071085385978221893e-02 9.361766278743743896e-03 3.449908224865794182e-03 7.619848940521478653e-03 9.396083652973175049e-03 3.457995504140853882e-02 4.212374985218048096e-02 2.414078451693058014e-02 2.013645693659782410e-02 1.352048851549625397e-02 2.785431407392024994e-02 8.398824371397495270e-03 3.260427713394165039e-02 8.624696172773838043e-03 1.821267604827880859e-02 1.394869759678840637e-02 2.330803684890270233e-02 5.423310212790966034e-03 8.749516680836677551e-03 7.014571689069271088e-03 9.150263853371143341e-03 2.192996628582477570e-02 3.540970617905259132e-03 1.175893936306238174e-02 1.195122580975294113e-02 1.147887390106916428e-02 5.963582079857587814e-03 2.820630557835102081e-02 3.898282349109649658e-02 8.601346053183078766e-03 1.445933431386947632e-02 3.237465023994445801e-02 3.191993758082389832e-02 3.077202849090099335e-02 4.594678431749343872e-02 1.582385413348674774e-02 1.713590510189533234e-02 1.328445971012115479e-02 1.098029129207134247e-02 9.325077757239341736e-03 1.242830604314804077e-02 1.465346384793519974e-02 1.695519313216209412e-02 2.398053370416164398e-02 1.966684497892856598e-02 4.824213683605194092e-03 1.998281106352806091e-02 1.690436853095889091e-03 4.639321472495794296e-03 2.071571536362171173e-02 2.837980352342128754e-02 2.133392728865146637e-02 3.051491267979145050e-02 1.063476782292127609e-02 6.138319615274667740e-03 7.027052342891693115e-03 3.092883527278900146e-02
2.299723587930202484e-02 2.504817396402359009e-02 9.516070349491201341e-06 2.317995391786098480e-02 2.026831544935703278e-02 4.005960747599601746e-02 2.983007393777370453e-02 5.224062595516443253e-03 7.707603741437196732e-03 2.453858777880668640e-02 1.167571544647216797e-02 8.346794843673706055e-01 1.318585779517889023e-02 5.545067787170410156e-02 7.711282931268215179e-03 2.866516448557376862e-02 1.817171834409236908e-02 2.404220588505268097e-02 3.366332501173019409e-02 6.630157586187124252e-03 2.376052550971508026e-02 4.826948512345552444e-03 3.405187651515007019e-02 2.130479551851749420e-02 2.518348768353462219e-02 1.653973758220672607e-02 1.161632593721151352e-02 3.531432896852493286e-02 1.598798669874668121e-02 2.837325260043144226e-02 1.507370907347649336e-04 7.531695067882537842e-03 8.946243324317038059e-04 1.542792469263076782e-02 8.184763602912425995e-03 2.584999427199363708e-02 2.445997670292854309e-02 7.439199369400739670e-03 3.084303997457027435e-02 2.209305576980113983e-02 3.513837466016411781e-03 1.690194010734558105e-02 6.050137802958488464e-03 1.812477596104145050e-02 4.347963258624076843e-02 2.482254430651664734e-02 2.447090111672878265e-02 8.612397126853466034e-03 4.961431259289383888e-04 1.921508461236953735e-02 8.655958808958530426e-03 5.325886886566877365e-03 2.051094733178615570e-02 9.702101349830627441e-03 1.668472687015309930e-04 9.790699928998947144e-03 3.386198356747627258e-02 1.578011922538280487e-02 1.082290150225162506e-02 1.820987090468406677e-02 9.841605089604854584e-03 1.993607031181454659e-03 9.352329187095165253e-03 1.490064710378646851e-02 2.071943692862987518e-02 1.620724238455295563e-02 2.480064332485198975e-02 2.015554904937744141e-02 1.908263005316257477e-02 8.951394818723201752e-03 9.472195990383625031e-03 7.545527187176048756e-04 3.839564695954322815e-02 1.503768935799598694e-02 2.717080339789390564e-02 2.412149682641029358e-03 2.653757110238075256e-02 1.798249036073684692e-02 6.468372885137796402e-03 2.354964427649974823e-02 1.773538679117336869e-04 2.434636279940605164e-02 7.004597224295139313e-03 6.385398562997579575e-03 2.510474994778633118e-02 1.763544790446758270e-02 8.666168898344039917e-03 1.368150394409894943e-02 1.555958762764930725e-02 2.099597454071044922e-02 4.030488803982734680e-02 1.875892095267772675e-02 2.583067864179611206e-02 1.519663725048303604e-02 1.529974397271871567e-02 1.419630739837884903e-02 2.051806822419166565e-02 6.616125348955392838e-03 1.480245683342218399e-02 2.217897213995456696e-02 1.021168939769268036e-02 1.021265424787998199e-02 2.573398500680923462e-02 9.500385262072086334e-03 1.679879054427146912e-02 2.177411317825317383e-02 1.657924056053161621e-02 2.164129354059696198e-02 5.931172985583543777e-03 1.198756159283220768e-03 9.319086559116840363e-03 9.144149720668792725e-03 2.010457031428813934e-02 1.724208332598209381e-02 1.072204113006591797e-02 8.016288280487060547e-03
5.755306407809257507e-02 5.618084222078323364e-02 1.281877420842647552e-02 1.804960705339908600e-02 6.577546242624521255e-03 4.017214477062225342e-02 3.538422659039497375e-02 2.811524271965026855e-02 1.855876669287681580e-02 1.670326106250286102e-03 5.536646395921707153e-02 1.318585779517889023e-02 8.346794843673706055e-01 2.279124781489372253e-02 3.782731294631958008e-02 7.693236228078603745e-03 7.133859209716320038e-03 1.157327275723218918e-02 7.736325729638338089e-03 1.031049061566591263e-02 7.035973016172647476e-03 2.559026144444942474e-02 1.276120822876691818e-02 1.311640907078981400e-02 2.038974873721599579e-02 1.108414679765701294e-02 2.789272367954254150e-02 1.210871990770101547e-02 5.100071057677268982e-02 9.934690780937671661e-03 5.249196290969848633e-02 1.217016205191612244e-02 1.931905746459960938e-02 1.276108808815479279e-02 1.344643346965312958e-02 2.628033235669136047e-02 2.644511684775352478e-02 1.866042730398476124e-03 1.446595881134271622e-02 1.521962136030197144e-02 5.329842213541269302e-03 4.717409610748291016e-03 8.984311483800411224e-03 6.347594782710075378e-03 7.477942854166030884e-03 1.522395759820938110e-02 4.162423312664031982e-02 4.229557514190673828e-02 4.489735700190067291e-03 4.245106596499681473e-03 1.718525402247905731e-02 3.805294632911682129e-03 3.032588399946689606e-02 2.707215212285518646e-02 2.803591778501868248e-03 9.782125242054462433e-03 3.793117124587297440e-03 1.759515888988971710e-02 2.296359650790691376e-02 3.293767943978309631e-02 7.946586236357688904e-03 1.030495017766952515e-02 4.735891707241535187e-03 8.560551330447196960e-03 4.124989360570907593e-02 4.806095734238624573e-02 2.468653582036495209e-02 1.415731757879257202e-02 6.300911772996187210e-03 2.634624578058719635e-02 4.574207589030265808e-03 2.904885262250900269e-02 1.510780304670333862e-02 2.125258743762969971e-02 1.872608624398708344e-02 1.280503626912832260e-02 2.775947330519556999e-03 8.430123329162597656e-03 1.607269980013370514e-02 1.264880876988172531e-02 2.196006290614604950e-02 9.567025117576122284e-04 3.054557368159294128e-03 6.865179166197776794e-03 6.561677902936935425e-03 4.038143903017044067e-03 1.988961175084114075e-02 2.539327181875705719e-02 2.270136214792728424e-02 1.482461020350456238e-02 3.722495958209037781e-02 2.573266625404357910e-02 4.226871579885482788e-02 3.802340850234031677e-02 1.749400608241558075e-02 1.609374769032001495e-02 1.477007754147052765e-02 6.815033033490180969e-03 1.353495847433805466e-02 9.645971469581127167e-03 1.084684021770954132e-02 1.432442851364612579e-02 1.531757414340972900e-02 1.899262517690658569e-02 6.866362411528825760e-03 1.722427271306514740e-02 4.897363949567079544e-03 8.214833214879035950e-03 1.535370294004678726e-02 3.393973410129547119e-02 1.881415583193302155e-02 2.133428119122982025e-02 1.307002361863851547e-02 8.077531121671199799e-03 1.555518340319395065e-02 2.668398991227149963e-02
