8.367263078689575195e-01 6.249041482806205750e-02 1.779161277227103710e-03 1.417987607419490814e-02 2.469217404723167419e-02 5.202955380082130432e-02 4.601335525512695312e-02 1.063184253871440887e-02 8.417986333370208740e-03 1.791163720190525055e-02 6.512618064880371094e-02 5.261257290840148926e-03 4.994914308190345764e-02 1.547862309962511063e-02 7.106539327651262283e-03 2.163836173713207245e-02 2.690272592008113861e-02 2.225188538432121277e-03 2.047562599182128906e-02 2.377841435372829437e-02 7.238405756652355194e-03 1.408172585070133209e-02 1.104858238250017166e-02 1.704734005033969879e-02 1.573246903717517853e-02 2.472630143165588379e-02 3.703645896166563034e-03 2.056854590773582458e-02 1.563942059874534607e-02 3.028768301010131836e-02 3.487055748701095581e-02 2.621625782921910286e-03 3.079735673964023590e-02 1.457912847399711609e-02 2.198930457234382629e-02 2.929446520283818245e-03 2.392596565186977386e-03 1.373545848764479160e-03 1.953163556754589081e-02 3.003832884132862091e-02 1.054269541054964066e-02 2.301402017474174500e-02 1.764700375497341156e-02 7.713981904089450836e-03 1.101572625339031219e-02 1.486110594123601913e-02 4.781572520732879639e-02 3.286433592438697815e-02 1.425730530172586441e-02 6.223837379366159439e-03 2.008091658353805542e-02 1.688154600560665131e-02 2.339366078376770020e-02 2.903869189321994781e-02 1.461874134838581085e-02 5.162936169654130936e-03 5.183096975088119507e-03 1.713525131344795227e-02 3.261065110564231873e-03 3.284353017807006836e-02 3.390025813132524490e-03 1.280870661139488220e-02 2.901578880846500397e-02 2.399872988462448120e-02 5.837710574269294739e-03 1.074360869824886322e-02 1.583966985344886780e-02 4.109149333089590073e-03 1.693654991686344147e-02 1.538992952555418015e-02 2.642362937331199646e-02 1.627984784136060625e-05 3.303608158603310585e-03 9.837637655436992645e-03 1.374940574169158936e-02 1.366293057799339294e-02 4.877832718193531036e-03 1.801802963018417358e-02 7.691715843975543976e-03 2.404233254492282867e-02 3.104847855865955353e-03 1.248049456626176834e-02 9.616887196898460388e-03 2.545868605375289917e-02 1.061570923775434494e-02 3.132869023829698563e-03 8.836247958242893219e-03 9.198063053190708160e-03 4.938845988363027573e-03 2.123433537781238556e-02 4.424491897225379944e-02 9.356245398521423340e-03 3.157903254032135010e-02 3.092565108090639114e-03 1.765802875161170959e-02 1.180428732186555862e-02 4.141626879572868347e-03 1.349226478487253189e-02 1.764572970569133759e-02 1.465063914656639099e-02 1.592550426721572876e-02 6.657271180301904678e-03 6.135635776445269585e-04 3.095269203186035156e-03 2.058181725442409515e-02 2.721855416893959045e-02 9.609045460820198059e-03 2.822550758719444275e-02 1.673311553895473480e-02 2.641089074313640594e-02 1.065203361213207245e-02 1.036385260522365570e-02 4.775878041982650757e-03 5.422742571681737900e-03 1.324106473475694656e-02 1.111671444959938526e-03
6.249041482806205750e-02 8.367263078689575195e-01 4.465469159185886383e-03 2.531671896576881409e-02 3.723936155438423157e-02 4.954346269369125366e-02 5.012676864862442017e-02 1.777694188058376312e-02 1.134478952735662460e-02 1.628426834940910339e-02 5.136581882834434509e-02 8.875795756466686726e-04 5.154381692409515381e-02 6.033388781361281872e-04 6.374295917339622974e-04 2.634351700544357300e-02 3.065496869385242462e-02 6.268884986639022827e-03 2.140480279922485352e-02 2.524604834616184235e-02 1.714123296551406384e-03 8.929423056542873383e-04 1.133125391788780689e-03 9.982524439692497253e-03 1.186861284077167511e-02 1.641706563532352448e-02 9.238285943865776062e-03 1.905903220176696777e-02 1.285132206976413727e-02 2.314710803329944611e-02 3.414539247751235962e-02 7.124267052859067917e-03 2.621431648731231689e-02 6.552996113896369934e-03 2.073848806321620941e-02 1.010397169739007950e-02 7.766241207718849182e-03 1.849353127181529999e-02 2.382529526948928833e-02 3.270547091960906982e-02 2.872063219547271729e-02 3.470379114151000977e-02 2.267168834805488586e-02 2.064848318696022034e-02 1.661802455782890320e-02 8.648668415844440460e-03 4.948479309678077698e-02 3.839321061968803406e-02 1.293094549328088760e-02 1.072421204298734665e-02 2.367980033159255981e-02 1.851033046841621399e-02 2.277122996747493744e-02 2.520485408604145050e-02 1.851717708632349968e-03 6.316096987575292587e-04 2.290451666340231895e-03 2.021920308470726013e-02 3.316697431728243828e-03 1.650239899754524231e-02 6.622484419494867325e-03 1.768318004906177521e-02 3.192477300763130188e-02 2.966118231415748596e-02 5.194806959480047226e-03 2.270742086693644524e-03 8.966607041656970978e-03 5.252864211797714233e-03 2.506138384342193604e-02 1.708915084600448608e-02 2.568050473928451538e-02 4.989158362150192261e-03 1.089823432266712189e-02 9.645532816648483276e-03 2.196462266147136688e-02 1.492062676697969437e-02 7.619576528668403625e-03 8.222679607570171356e-03 2.833315869793295860e-03 1.850581355392932892e-02 9.612419642508029938e-03 1.644152216613292694e-02 4.824180621653795242e-03 2.464057318866252899e-02 1.046794373542070389e-02 7.816656725481152534e-04 1.296515297144651413e-02 5.576699040830135345e-03 1.125830505043268204e-02 1.534760929644107819e-02 4.467350617051124573e-02 1.116141956299543381e-02 3.488360345363616943e-02 5.478044971823692322e-03 2.098796516656875610e-02 2.049783989787101746e-02 3.830375615507364273e-03 1.723416149616241455e-02 2.071215584874153137e-02 1.987180486321449280e-02 1.761423237621784210e-02 1.004841364920139313e-02 1.134541165083646774e-02 1.867164624854922295e-03 1.883752644062042236e-02 1.753694377839565277e-02 1.145444065332412720e-02 3.021148778498172760e-02 1.977493800222873688e-02 2.328311465680599213e-02 1.729605346918106079e-02 1.834784448146820068e-02 1.610459014773368835e-02 1.235796697437763214e-02 1.155358040705323219e-03 1.866276375949382782e-03
1.779161277227103710e-03 4.465469159185886383e-03 8.367263078689575195e-01 1.333386171609163284e-03 5.543363280594348907e-03 1.147125568240880966e-02 6.135480478405952454e-03 5.488650873303413391e-02 1.096312329173088074e-02 1.596485637128353119e-02 1.196034252643585205e-02 1.688976958394050598e-02 3.292366163805127144e-03 1.109004858881235123e-02 4.396265000104904175e-02 1.801765523850917816e-02 1.119902078062295914e-02 6.306516472250223160e-03 5.605450365692377090e-03 2.198904380202293396e-02 1.808051764965057373e-02 3.963766619563102722e-02 2.752093411982059479e-02 2.948854491114616394e-02 1.511096674948930740e-02 3.431737655773758888e-03 1.820213906466960907e-02 1.785776019096374512e-02 1.148620154708623886e-02 2.148386649787425995e-02 1.318193320184946060e-02 1.882009953260421753e-02 1.798774348571896553e-03 1.507747545838356018e-02 1.041623111814260483e-02 4.013381525874137878e-02 4.073811322450637817e-02 3.343517333269119263e-02 1.065707113593816757e-02 3.322205448057502508e-04 2.646236307919025421e-02 4.367818590253591537e-03 6.436959840357303619e-03 1.149757392704486847e-02 2.397551434114575386e-03 7.598766125738620758e-03 1.307126600295305252e-02 1.811197376810014248e-03 1.475557684898376465e-03 8.278674446046352386e-03 6.632709410041570663e-03 1.076183374971151352e-02 1.997035555541515350e-02 1.065167412161827087e-02 2.789821010082960129e-03 1.129817310720682144e-02 7.810675073415040970e-03 1.200501155108213425e-02 2.913044206798076630e-02 8.197725750505924225e-03 7.428495155181735754e-05 1.760648004710674286e-02 1.786074019037187099e-03 1.447439473122358322e-02 3.080767020583152771e-02 2.688420750200748444e-02 8.354865945875644684e-03 1.395327970385551453e-02 2.627661742735654116e-04 1.425423845648765564e-02 8.897956460714340210e-03 1.749916374683380127e-02 3.751047654077410698e-03 1.478805555962026119e-03 7.523261476308107376e-03 3.129094839096069336e-02 8.393442258238792419e-03 4.173134453594684601e-03 2.128392830491065979e-02 1.855715736746788025e-02 5.534408614039421082e-02 4.756917059421539307e-02 2.468278817832469940e-02 1.783173764124512672e-03 6.621503736823797226e-03 1.785315759479999542e-02 5.141917616128921509e-02 3.677875921130180359e-02 2.097755903378129005e-03 8.098932914435863495e-03 7.737456820905208588e-03 3.533422201871871948e-02 3.436362836509943008e-03 3.667910024523735046e-02 2.751926891505718231e-02 2.129643596708774567e-02 4.900489002466201782e-03 2.948600426316261292e-02 2.001728396862745285e-03 1.131713297218084335e-02 3.781004995107650757e-02 3.606921061873435974e-02 1.628241129219532013e-02 1.904938183724880219e-02 1.052943617105484009e-02 1.063879206776618958e-02 2.937898598611354828e-02 8.243423886597156525e-03 3.083109483122825623e-02 1.765457727015018463e-02 1.667713373899459839e-02 7.553207222372293472e-03 5.900436546653509140e-03 3.771796124055981636e-03 7.014625007286667824e-04 1.207587029784917831e-02
1.417987607419490814e-02 2.531671896576881409e-02 1.333386171609163284e-03 8.367263078689575195e-01 5.950917676091194153e-02 2.436226978898048401e-02 2.716735005378723145e-02 5.164775531738996506e-03 2.023451589047908783e-02 2.018966479226946831e-03 1.464945077896118164e-02 2.217051386833190918e-02 3.367092087864875793e-02 4.809289705008268356e-03 1.251943502575159073e-02 1.633738912642002106e-02 1.398651767522096634e-02 1.409218832850456238e-02 7.895008660852909088e-03 1.068935077637434006e-02 4.950074013322591782e-03 1.631369115784764290e-03 7.988626137375831604e-03 1.506085507571697235e-02 6.127804983407258987e-03 9.571051923558115959e-04 9.284145198762416840e-03 2.135362289845943451e-02 3.440463542938232422e-02 3.985022485721856356e-04 8.698890917003154755e-03 2.121173217892646790e-02 2.814657427370548248e-02 1.516613829880952835e-02 2.951913326978683472e-02 1.093796687200665474e-03 1.478111138567328453e-03 6.827324163168668747e-03 3.586772084236145020e-02 3.136947751045227051e-02 1.078069116920232773e-02 2.656245790421962738e-02 3.166749328374862671e-02 3.934527630917727947e-04 2.610754966735839844e-02 1.591465063393115997e-02 1.786904525943100452e-03 6.697583012282848358e-03 4.162014927715063095e-03 3.263217583298683167e-02 3.381360694766044617e-02 2.529120258986949921e-02 3.417756408452987671e-02 2.716679871082305908e-02 5.232085939496755600e-03 1.660466194152832031e-02 2.742842771112918854e-02 5.714008002541959286e-04 2.585143782198429108e-02 2.955003827810287476e-02 2.629464119672775269e-02 3.317360207438468933e-02 3.887980058789253235e-02 3.517487272620201111e-02 2.252428606152534485e-02 2.412413246929645538e-02 1.975014060735702515e-02 1.849125325679779053e-02 3.429510444402694702e-02 1.149250380694866180e-02 3.159054368734359741e-02 2.402506023645401001e-02 4.220438748598098755e-02 1.497221831232309341e-02 4.290171712636947632e-02 2.098341705277562141e-03 2.408654056489467621e-02 3.998379688709974289e-03 1.013433467596769333e-02 4.016760271042585373e-03 4.492880310863256454e-03 9.038325399160385132e-03 1.896808668971061707e-02 3.980550169944763184e-02 2.001363411545753479e-02 2.519842237234115601e-02 6.240922026336193085e-03 2.047216147184371948e-02 3.538560494780540466e-02 3.038343740627169609e-03 2.198084071278572083e-02 1.242641173303127289e-02 1.689817011356353760e-02 3.564051585271954536e-04 2.004866860806941986e-02 2.054784260690212250e-02 8.010747842490673065e-03 4.784661345183849335e-03 2.891318500041961670e-02 3.604946285486221313e-02 5.728384479880332947e-03 4.027275834232568741e-03 8.900938555598258972e-03 4.025070462375879288e-03 2.385585382580757141e-02 1.117784995585680008e-02 6.109348963946104050e-03 3.988188877701759338e-02 4.641943669412285089e-04 2.233664505183696747e-02 1.312923151999711990e-03 2.004547044634819031e-03 2.228092215955257416e-02 1.764606498181819916e-02 4.992983769625425339e-03 4.002796020358800888e-03
2.469217404723167419e-02 3.723936155438423157e-02 5.543363280594348907e-03 5.950917676091194153e-02 8.367263078689575195e-01 2.672518230974674225e-02 2.949481643736362457e-02 3.169988980516791344e-03 1.035019755363464355e-02 6.580951157957315445e-04 2.411562390625476837e-02 2.564330026507377625e-02 4.094082117080688477e-02 8.234817069023847580e-04 1.504354644566774368e-02 1.598030328750610352e-02 1.345952879637479782e-02 7.038574549369513988e-04 1.487123873084783554e-02 2.376266382634639740e-02 1.816222444176673889e-02 6.287685595452785492e-03 4.526263102889060974e-03 7.423462811857461929e-03 4.970780108124017715e-03 8.942743763327598572e-03 3.705934621393680573e-03 2.137417346239089966e-02 3.697511926293373108e-02 9.489436633884906769e-03 6.917297374457120895e-03 1.606913655996322632e-02 3.687834739685058594e-02 1.392486039549112320e-02 3.240916132926940918e-02 3.302313620224595070e-03 2.341662300750613213e-03 1.554406341165304184e-02 4.527615010738372803e-02 4.440135508775711060e-02 2.545177005231380463e-02 2.354788035154342651e-02 2.089340612292289734e-02 1.772857457399368286e-02 2.130280062556266785e-02 1.853427477180957794e-02 5.020197480916976929e-03 2.406595303909853101e-04 7.193009369075298309e-03 2.445232123136520386e-02 3.032871708273887634e-02 1.702194288372993469e-02 3.686194866895675659e-02 2.598109655082225800e-02 7.714544422924518585e-03 4.571491386741399765e-03 2.884588763117790222e-02 6.294952239841222763e-03 2.421079203486442566e-02 2.782567031681537628e-02 1.388394087553024292e-02 3.104640543460845947e-02 3.957147151231765747e-02 4.078879952430725098e-02 2.220171131193637848e-02 2.181031368672847748e-02 5.781015846878290176e-03 6.613993085920810699e-03 1.946267113089561462e-02 2.045894041657447815e-03 2.155329845845699310e-02 4.129640292376279831e-03 2.890851907432079315e-02 2.905831439420580864e-03 4.118579998612403870e-02 2.673830604180693626e-04 1.467791479080915451e-02 1.343601848930120468e-03 1.489661075174808502e-02 2.122518373653292656e-03 5.636820569634437561e-03 7.419787347316741943e-03 5.823861807584762573e-03 5.352628976106643677e-02 5.981227848678827286e-03 1.322569232434034348e-02 4.121657460927963257e-03 2.133855782449245453e-02 2.737298794090747833e-02 3.378474153578281403e-03 7.675732020288705826e-03 1.450477447360754013e-02 8.583894930779933929e-03 6.589927710592746735e-03 2.583914063870906830e-02 2.924796938896179199e-02 3.109669080004096031e-03 8.072316413745284081e-04 2.792040631175041199e-02 3.247718885540962219e-02 5.122340284287929535e-03 7.056169677525758743e-03 3.276877105236053467e-03 1.003444194793701172e-03 3.775196149945259094e-02 2.699295431375503540e-02 9.660059586167335510e-03 3.896776959300041199e-02 1.005516946315765381e-02 2.818376384675502777e-02 1.135924924165010452e-02 1.419480610638856888e-02 1.302156038582324982e-02 7.579391822218894958e-03 8.356530219316482544e-03 5.731332115828990936e-03
5.202955380082130432e-02 4.954346269369125366e-02 1.147125568240880966e-02 2.436226978898048401e-02 2.672518230974674225e-02 8.367263078689575195e-01 6.008795648813247681e-02 2.367764525115489960e-02 1.363149099051952362e-02 1.171629969030618668e-02 4.950494319200515747e-02 7.262741681188344955e-03 4.822424799203872681e-02 8.890019729733467102e-03 9.399910457432270050e-03 1.662196964025497437e-02 1.951112784445285797e-02 1.520235929638147354e-02 1.061553787440061569e-02 1.287826802581548691e-02 1.121945492923259735e-02 1.474886666983366013e-03 3.550424473360180855e-03 2.960557350888848305e-03 4.239514935761690140e-03 2.167638577520847321e-02 8.508714847266674042e-03 1.632344536483287811e-02 4.695001523941755295e-03 1.580121368169784546e-02 2.820676378905773163e-02 3.519650315865874290e-03 2.276849001646041870e-02 6.019027438014745712e-03 2.223422564566135406e-02 1.329929567873477936e-02 1.371023990213871002e-02 2.106264932081103325e-03 1.470496784895658493e-02 2.480507828295230865e-02 1.770428754389286041e-02 3.166255727410316467e-02 2.008400671184062958e-02 3.473579650744795799e-03 1.588979922235012054e-02 1.079043466597795486e-02 5.653627216815948486e-02 3.124561160802841187e-02 5.892765708267688751e-03 2.156261540949344635e-02 2.340104617178440094e-02 2.611002512276172638e-02 3.684309497475624084e-02 3.489410504698753357e-02 9.627141058444976807e-03 1.383233000524342060e-03 1.098860055208206177e-02 2.102896198630332947e-02 3.577606379985809326e-02 3.301387652754783630e-02 1.396665815263986588e-02 5.171837750822305679e-03 2.998211421072483063e-02 2.268658205866813660e-02 9.417863562703132629e-03 2.390722976997494698e-03 8.732643909752368927e-03 1.958997920155525208e-03 1.497436594218015671e-02 2.504061721265316010e-02 2.012298256158828735e-02 1.397957000881433487e-02 1.484366133809089661e-02 1.027416158467531204e-02 1.757699437439441681e-02 1.869526132941246033e-02 2.523969858884811401e-02 1.141892187297344208e-02 7.139554712921380997e-03 1.368094235658645630e-02 8.245340548455715179e-03 2.583476901054382324e-02 1.370237581431865692e-02 1.414035074412822723e-02 1.053918432444334030e-02 1.469099544920027256e-03 1.925724372267723083e-02 3.194882534444332123e-03 1.136117056012153625e-02 1.706246100366115570e-02 3.673984855413436890e-02 2.001854218542575836e-02 2.021750994026660919e-02 1.523347198963165283e-02 1.702344417572021484e-02 1.493912097066640854e-02 5.645378259941935539e-04 1.818646676838397980e-02 1.742411963641643524e-02 1.591690629720687866e-02 1.484241150319576263e-02 1.376829110085964203e-02 5.121143534779548645e-03 2.711255103349685669e-03 2.347259595990180969e-02 3.030760399997234344e-02 1.543047465384006500e-02 3.532595187425613403e-02 2.338202856481075287e-02 2.574898861348628998e-02 1.300466153770685196e-02 1.327264495193958282e-02 1.715063676238059998e-02 9.974583052098751068e-03 1.176958996802568436e-02 4.653212148696184158e-03
4.601335525512695312e-02 5.012676864862442017e-02 6.135480478405952454e-03 2.716735005378723145e-02 2.949481643736362457e-02 6.008795648813247681e-02 8.367263078689575195e-01 2.362781949341297150e-02 2.517392113804817200e-02 7.217922247946262360e-03 4.341427981853485107e-02 1.048482395708560944e-02 4.755612835288047791e-02 4.335017409175634384e-03 1.124187465757131577e-02 2.721755765378475189e-02 2.941034361720085144e-02 1.685883849859237671e-02 7.844145409762859344e-03 1.212443225085735321e-02 1.268259994685649872e-02 3.409754950553178787e-03 2.490293467417359352e-03 9.273089817725121975e-04 3.295578761026263237e-03 2.239729464054107666e-02 1.181669998914003372e-02 6.983053870499134064e-03 1.225998066365718842e-02 2.381202764809131622e-03 3.819506615400314331e-02 9.313961490988731384e-04 2.191000059247016907e-02 1.045114453881978989e-02 1.824212446808815002e-02 1.507729850709438324e-02 1.343641616404056549e-02 2.366031752899289131e-03 1.881713233888149261e-02 2.702337689697742462e-02 1.474507525563240051e-02 2.687736228108406067e-02 2.503304928541183472e-02 4.126890271436423063e-04 1.520506385713815689e-02 8.644692599773406982e-03 4.989391937851905823e-02 4.799965769052505493e-02 1.252551376819610596e-02 1.794813387095928192e-02 2.019137144088745117e-02 2.055071853101253510e-02 3.098005242645740509e-02 2.888977900147438049e-02 2.347929403185844421e-02 5.344873759895563126e-03 9.169376455247402191e-03 2.256687916815280914e-02 3.129101544618606567e-02 2.775896899402141571e-02 3.064742498099803925e-02 1.790933124721050262e-02 3.015033155679702759e-02 3.143689408898353577e-02 8.864395204000174999e-04 2.681548707187175751e-03 7.075105793774127960e-03 8.323762449435889721e-05 2.858957275748252869e-02 2.281309850513935089e-02 2.166624180972576141e-02 1.450610812753438950e-02 2.318035624921321869e-02 1.428959239274263382e-02 1.973572745919227600e-02 2.423451282083988190e-02 2.636989578604698181e-02 2.763021737337112427e-03 8.448028005659580231e-03 5.331869237124919891e-03 9.590019471943378448e-03 1.597101055085659027e-02 1.454697456210851669e-02 2.050744555890560150e-02 2.401136560365557671e-03 3.617875277996063232e-03 1.904820464551448822e-02 1.363140996545553207e-03 1.328508555889129639e-02 9.384846314787864685e-03 3.680168464779853821e-02 1.889901794493198395e-02 3.144727647304534912e-02 1.730011403560638428e-02 1.725436374545097351e-02 1.620608754456043243e-02 1.345612399745732546e-04 2.294428832828998566e-02 9.093518368899822235e-03 1.956177502870559692e-02 1.598158106207847595e-02 1.491434033960103989e-02 8.578852750360965729e-03 6.854080129414796829e-03 2.395185455679893494e-02 2.433923445641994476e-02 1.308544445782899857e-02 3.366746008396148682e-02 2.360290847718715668e-02 1.783714443445205688e-02 8.268062956631183624e-03 1.063612569123506546e-02 2.248543687164783478e-02 1.826399751007556915e-02 1.153283938765525818e-02 5.170640069991350174e-03
1.063184253871440887e-02 1.777694188058376312e-02 5.488650873303413391e-02 5.164775531738996506e-03 3.169988980516791344e-03 2.367764525115489960e-02 2.362781949341297150e-02 8.367263078689575195e-01 1.030917093157768250e-02 1.929026283323764801e-02 5.029039457440376282e-03 1.630456186830997467e-03 2.739505143836140633e-03 4.232340026646852493e-03 5.653807148337364197e-02 2.319874428212642670e-02 1.743788644671440125e-02 1.847360655665397644e-02 1.886359974741935730e-02 1.407752744853496552e-02 7.659703842364251614e-04 4.245784506201744080e-02 1.732268184423446655e-02 2.423679083585739136e-02 4.156340379267930984e-03 2.186072990298271179e-02 1.991595141589641571e-02 3.780432278290390968e-03 1.421253848820924759e-02 1.235114969313144684e-02 5.795346572995185852e-03 1.467540394514799118e-02 3.643265517894178629e-04 1.795385405421257019e-02 5.744697991758584976e-03 4.539969190955162048e-02 4.376690462231636047e-02 1.294221170246601105e-02 1.257989648729562759e-02 7.303047925233840942e-03 8.845046162605285645e-03 1.277376804500818253e-02 4.233805462718009949e-03 2.167817438021302223e-03 1.920524798333644867e-02 2.411685883998870850e-03 2.966383472084999084e-02 2.045405283570289612e-02 7.647282443940639496e-03 9.985098586184903979e-05 1.668156124651432037e-02 9.397238492965698242e-03 1.804346777498722076e-02 1.349374651908874512e-02 2.064251154661178589e-02 1.433528028428554535e-02 2.496048621833324432e-02 1.711086370050907135e-02 2.637898735702037811e-02 6.809033453464508057e-03 3.977100830525159836e-03 8.181130513548851013e-03 1.858784700743854046e-03 8.304950781166553497e-03 2.412502653896808624e-02 2.146519348025321960e-02 1.140396948903799057e-02 7.427186705172061920e-03 8.313850848935544491e-04 1.727346889674663544e-02 7.567158900201320648e-03 1.804858818650245667e-02 2.318632323294878006e-03 8.703366853296756744e-03 8.560127578675746918e-03 3.382779285311698914e-02 1.170760486274957657e-02 2.793990424834191799e-04 2.950674388557672501e-03 1.598107814788818359e-02 6.010114774107933044e-02 4.741295054554939270e-02 1.622172258794307709e-02 8.059031330049037933e-03 1.535882125608623028e-03 9.847293607890605927e-03 6.048438698053359985e-02 5.244132876396179199e-02 2.969587687402963638e-03 9.137354791164398193e-03 3.014851175248622894e-02 4.527343437075614929e-02 8.088701404631137848e-03 4.381687566637992859e-02 2.811645902693271637e-02 2.561282552778720856e-02 1.564080640673637390e-02 3.547015786170959473e-02 1.128170639276504517e-02 1.041244994848966599e-02 3.493314981460571289e-02 3.132695332169532776e-02 3.239012090489268303e-03 1.604835502803325653e-02 7.560540456324815750e-03 5.962490104138851166e-03 2.476374618709087372e-02 1.182453148066997528e-02 3.610747307538986206e-02 1.413318794220685959e-02 2.542461734265089035e-04 2.999869175255298615e-03 7.862161844968795776e-03 1.570593379437923431e-02 1.434418372809886932e-02 6.097869481891393661e-03
8.417986333370208740e-03 1.134478952735662460e-02 1.096312329173088074e-02 2.023451589047908783e-02 1.035019755363464355e-02 1.363149099051952362e-02 2.517392113804817200e-02 1.030917093157768250e-02 8.367263078689575195e-01 2.617689780890941620e-02 1.045012474060058594e-02 4.841097816824913025e-02 2.116753906011581421e-02 3.139305114746093750e-02 1.192374806851148605e-02 2.776809409260749817e-02 2.828468009829521179e-02 3.839747980237007141e-02 4.181041847914457321e-03 6.492826156318187714e-03 2.208550227805972099e-03 1.408725511282682419e-02 1.678012870252132416e-02 1.023766957223415375e-02 1.801715604960918427e-02 1.257120538502931595e-02 1.956906169652938843e-02 1.045633293688297272e-02 1.498693227767944336e-02 2.932765753939747810e-03 7.487440481781959534e-03 9.554403368383646011e-04 1.765005663037300110e-02 1.096231397241353989e-02 7.170824799686670303e-03 8.104796521365642548e-03 7.743471767753362656e-03 5.239150021225214005e-03 1.851547323167324066e-02 1.960887387394905090e-02 7.478098385035991669e-03 1.313786394894123077e-02 2.372860722243785858e-02 6.218447815626859665e-03 4.450177773833274841e-03 1.752876862883567810e-02 1.354042161256074905e-02 2.758176811039447784e-02 2.557916380465030670e-02 1.964967086678370833e-04 2.355227433145046234e-02 2.599456533789634705e-02 1.965524442493915558e-02 1.193882431834936142e-02 3.864909708499908447e-02 2.602894790470600128e-02 6.287760101258754730e-03 1.736764796078205109e-02 2.275867946445941925e-02 1.976162567734718323e-02 4.076778888702392578e-02 3.284702450037002563e-02 2.360645681619644165e-02 2.325371094048023224e-02 3.039469942450523376e-03 1.234190654940903187e-03 1.950169354677200317e-02 1.185690332204103470e-02 5.361791700124740601e-02 2.160517312586307526e-02 3.462376073002815247e-02 2.646066620945930481e-02 3.369829803705215454e-02 2.142369188368320465e-02 2.347649633884429932e-02 1.398898661136627197e-02 6.056413799524307251e-02 2.662864699959754944e-02 4.000197723507881165e-02 1.048520021140575409e-02 1.771933957934379578e-02 6.337786908261477947e-04 3.853663429617881775e-02 2.221743576228618622e-02 2.112673129886388779e-03 7.772891316562891006e-03 1.243363041430711746e-02 8.295561186969280243e-03 3.790738806128501892e-02 2.436439692974090576e-02 4.848209675401449203e-03 1.352631673216819763e-02 1.023873966187238693e-02 2.231279946863651276e-02 1.053051557391881943e-02 6.367335561662912369e-03 1.106600742787122726e-03 1.150088477879762650e-02 1.298318896442651749e-02 2.268290333449840546e-02 2.864758716896176338e-03 2.770437626168131828e-03 9.870015084743499756e-03 4.473857581615447998e-03 6.403494626283645630e-03 1.052919426001608372e-03 1.397097483277320862e-02 2.558499202132225037e-02 9.455002844333648682e-03 1.139108277857303619e-02 1.044900529086589813e-02 9.864995954558253288e-04 2.775453031063079834e-02 2.934356220066547394e-02 3.146811504848301411e-04 1.427814550697803497e-02
1.791163720190525055e-02 1.628426834940910339e-02 1.596485637128353119e-02 2.018966479226946831e-03 6.580951157957315445e-04 1.171629969030618668e-02 7.217922247946262360e-03 1.929026283323764801e-02 2.617689780890941620e-02 8.367263078689575195e-01 7.606769446283578873e-03 2.244287170469760895e-02 1.634704507887363434e-02 5.033922195434570312e-02 1.790582761168479919e-02 1.929646730422973633e-02 2.240225486457347870e-02 4.120398685336112976e-02 5.515980347990989685e-02 3.110481426119804382e-03 7.433303166180849075e-03 1.636382378637790680e-02 2.305767498910427094e-02 4.050954803824424744e-02 1.919121714308857918e-03 1.580274431034922600e-03 3.376927226781845093e-02 1.584323495626449585e-02 1.992060616612434387e-02 2.685738541185855865e-02 1.758972555398941040e-02 1.073138695210218430e-02 1.171688735485076904e-02 2.297019027173519135e-02 1.558816898614168167e-02 1.224474888294935226e-02 1.286193076521158218e-02 1.599854789674282074e-02 2.632983773946762085e-02 2.512034401297569275e-02 1.925914920866489410e-02 4.599438514560461044e-03 8.319241926074028015e-03 2.000366523861885071e-02 1.002573687583208084e-02 4.399729147553443909e-02 1.753674633800983429e-02 3.356113447807729244e-04 2.790360013023018837e-03 4.387345165014266968e-02 1.797411707229912281e-03 3.643228672444820404e-03 1.063679810613393784e-02 1.455910783261060715e-02 1.566223055124282837e-02 3.266203030943870544e-02 1.235081290360540152e-04 2.412408404052257538e-02 7.657223613932728767e-04 9.116241708397865295e-03 5.997330881655216217e-03 1.868585497140884399e-02 1.304464321583509445e-02 1.541285775601863861e-02 1.798978820443153381e-02 1.788764446973800659e-02 1.498002442531287670e-03 8.238737471401691437e-03 1.967796497046947479e-02 1.320745237171649933e-02 3.883815929293632507e-02 4.597574472427368164e-03 1.386234443634748459e-02 1.926899142563343048e-02 1.937265507876873016e-02 2.366366982460021973e-02 2.556856535375118256e-02 6.087661162018775940e-02 2.981916628777980804e-02 6.374093145132064819e-02 2.090916596353054047e-02 1.410166919231414795e-02 2.973280288279056549e-02 2.192137017846107483e-02 2.680176403373479843e-03 2.346634492278099060e-02 2.337145060300827026e-02 7.866003550589084625e-03 1.756250858306884766e-02 5.711403116583824158e-02 1.750971190631389618e-02 2.960219793021678925e-02 1.252528280019760132e-02 9.650686755776405334e-03 2.459931932389736176e-02 2.208511717617511749e-02 8.534362539649009705e-03 2.054397203028202057e-02 1.128502096980810165e-02 5.488711409270763397e-03 1.566557027399539948e-02 1.425968110561370850e-02 6.263889838010072708e-03 7.493877317756414413e-03 6.599960615858435631e-04 2.959008794277906418e-03 5.193446762859821320e-03 6.559059693245217204e-05 1.991971023380756378e-02 1.518270187079906464e-02 8.278561872430145741e-04 6.435181014239788055e-03 6.060815649107098579e-04 1.128835137933492661e-02 2.152560977265238762e-03 1.593230664730072021e-02
6.512618064880371094e-02 5.136581882834434509e-02 1.196034252643585205e-02 1.464945077896118164e-02 2.411562390625476837e-02 4.950494319200515747e-02 4.341427981853485107e-02 5.029039457440376282e-03 1.045012474060058594e-02 7.606769446283578873e-03 8.367263078689575195e-01 1.457526255398988724e-02 6.296898424625396729e-02 1.972049847245216370e-02 2.069160155951976776e-02 1.250221673399209976e-02 1.626939140260219574e-02 2.386017702519893646e-03 7.696528919041156769e-03 6.272597238421440125e-03 6.836072541773319244e-03 3.032294847071170807e-02 1.096749771386384964e-02 4.147153347730636597e-03 1.165257021784782410e-02 1.744425855576992035e-02 6.546035408973693848e-03 1.518689375370740891e-02 1.017893105745315552e-02 2.232081443071365356e-02 3.298701345920562744e-02 5.510604474693536758e-03 1.967250369489192963e-02 9.105298668146133423e-03 2.002562955021858215e-02 2.987627405673265457e-03 7.160952314734458923e-03 1.189895998686552048e-02 8.834239095449447632e-03 2.253225073218345642e-02 7.148165255784988403e-03 3.552592918276786804e-02 2.742731384932994843e-02 1.208362868055701256e-03 1.558876503258943558e-02 3.141663037240505219e-03 4.518449679017066956e-02 2.873224392533302307e-02 7.741444278508424759e-03 7.413630373775959015e-03 3.871939703822135925e-02 2.535326220095157623e-02 2.557517588138580322e-02 1.926141232252120972e-02 2.187428530305624008e-03 4.165217746049165726e-03 6.858368869870901108e-03 4.852464888244867325e-03 4.883467219769954681e-03 1.900989748537540436e-02 9.725914336740970612e-03 8.464570157229900360e-03 3.021714836359024048e-02 1.055051479488611221e-02 1.536501944065093994e-02 2.314148657023906708e-02 2.964908780995756388e-04 9.227750822901725769e-03 1.132601220160722733e-02 2.493028528988361359e-02 1.440471131354570389e-02 1.851604087278246880e-03 5.247109569609165192e-03 1.649712212383747101e-02 1.157309859991073608e-02 1.019447203725576401e-02 1.906213117763400078e-03 6.341576809063553810e-04 5.754023324698209763e-03 1.002351660281419754e-02 2.932774834334850311e-03 2.475098590366542339e-04 1.453865319490432739e-02 2.619835548102855682e-02 4.872581630479544401e-04 1.114524342119693756e-02 8.798888884484767914e-03 3.252527862787246704e-02 5.963789764791727066e-03 1.216711290180683136e-02 4.017674922943115234e-02 1.452663098461925983e-03 2.834665030241012573e-02 1.532716304063796997e-02 9.160554036498069763e-03 8.110645227134227753e-03 2.747578546404838562e-03 1.124280598014593124e-02 1.773147843778133392e-02 2.157751843333244324e-02 6.515262648463249207e-03 1.328734215348958969e-03 4.984494764357805252e-03 1.996889896690845490e-02 1.872489787638187408e-02 2.897946722805500031e-02 9.679015725851058960e-03 2.872950956225395203e-02 9.569119662046432495e-03 1.939447782933712006e-02 8.875628118403255939e-04 8.341286331415176392e-03 2.417124994099140167e-02 1.640850678086280823e-02 7.551335263997316360e-03 8.647661656141281128e-03
5.261257290840148926e-03 8.875795756466686726e-04 1.688976958394050598e-02 2.217051386833190918e-02 2.564330026507377625e-02 7.262741681188344955e-03 1.048482395708560944e-02 1.630456186830997467e-03 4.841097816824913025e-02 2.244287170469760895e-02 1.457526255398988724e-02 8.367263078689575195e-01 2.425543218851089478e-02 7.488413900136947632e-02 2.777887508273124695e-03 1.851128600537776947e-02 1.538428012281656265e-02 2.203522250056266785e-02 4.189173690974712372e-03 1.008092891424894333e-03 1.591937243938446045e-02 4.156658891588449478e-03 2.645711973309516907e-02 2.390015684068202972e-02 2.718057294259779155e-05 6.748436135239899158e-04 3.629773389548063278e-03 4.988254979252815247e-02 1.099101267755031586e-02 3.913656622171401978e-02 8.428210392594337463e-03 4.877855535596609116e-03 1.422406081110239029e-02 9.699041256681084633e-04 1.717312633991241455e-02 3.499319078400731087e-03 2.124573569744825363e-03 2.251865109428763390e-03 3.128385171294212341e-02 3.159379214048385620e-02 1.241169683635234833e-02 1.004825066775083542e-02 1.334459148347377777e-02 2.609336748719215393e-03 1.707427948713302612e-02 6.435819901525974274e-03 1.058527035638689995e-03 1.020194264128804207e-03 4.776685032993555069e-03 5.235563497990369797e-03 2.160322107374668121e-02 6.913134362548589706e-03 2.507929876446723938e-02 1.135160587728023529e-02 5.579728167504072189e-03 3.380501875653862953e-03 2.273900620639324188e-02 1.864954084157943726e-02 3.112822584807872772e-02 1.760786399245262146e-02 1.305973622947931290e-02 1.349838543683290482e-02 2.610882371664047241e-02 2.684081904590129852e-02 1.321272272616624832e-02 6.888123229146003723e-03 7.928613573312759399e-03 4.286196082830429077e-03 2.675556205213069916e-02 5.675423424690961838e-03 2.813425846397876740e-02 4.795565269887447357e-03 3.632256761193275452e-02 6.947248708456754684e-03 3.837716951966285706e-02 1.555116754025220871e-02 4.194404557347297668e-02 3.784886747598648071e-02 2.251148596405982971e-02 1.533179078251123428e-02 1.054727565497159958e-02 3.486942732706665993e-03 2.455198206007480621e-02 2.884493209421634674e-02 1.120016817003488541e-02 1.608624681830406189e-02 9.918340481817722321e-03 1.641599461436271667e-02 3.891880065202713013e-02 3.788840025663375854e-02 2.054722048342227936e-02 6.604384165257215500e-03 3.145419806241989136e-02 5.028374958783388138e-03 1.448098011314868927e-02 8.804592303931713104e-03 4.369694273918867111e-03 1.124399341642856598e-02 3.957146778702735901e-03 1.827988028526306152e-02 4.838783759623765945e-03 7.102131843566894531e-03 1.074577681720256805e-02 1.433883234858512878e-02 1.092194486409425735e-02 3.763808635994791985e-03 4.287724383175373077e-03 1.172717008739709854e-02 1.363051962107419968e-02 4.704664461314678192e-03 1.751903211697936058e-03 2.083742292597889900e-03 1.070275809615850449e-02 1.716461591422557831e-02 1.064992882311344147e-02 1.954379677772521973e-02
4.994914308190345764e-02 5.154381692409515381e-02 3.292366163805127144e-03 3.367092087864875793e-02 4.094082117080688477e-02 4.822424799203872681e-02 4.755612835288047791e-02 2.739505143836140633e-03 2.116753906011581421e-02 1.634704507887363434e-02 6.296898424625396729e-02 2.425543218851089478e-02 8.367263078689575195e-01 2.157227694988250732e-02 1.711503416299819946e-02 1.933300308883190155e-02 2.125927619636058807e-02 1.508792396634817123e-02 1.636376976966857910e-02 1.906910166144371033e-02 2.080192603170871735e-02 2.021989785134792328e-02 4.759158007800579071e-03 1.064845710061490536e-03 1.555115170776844025e-02 2.861478598788380623e-03 1.225236989557743073e-02 1.952371560037136078e-02 3.865262260660529137e-03 2.069834619760513306e-02 2.277730219066143036e-02 3.586196689866483212e-04 2.773986756801605225e-02 9.923412464559078217e-03 2.991157770156860352e-02 1.989487063838168979e-04 1.067401492036879063e-03 5.808274727314710617e-03 2.856037020683288574e-02 3.572589904069900513e-02 1.734582521021366119e-02 2.976405806839466095e-02 2.055328898131847382e-02 3.108741948381066322e-03 4.808276426047086716e-03 1.039328332990407944e-02 3.591816127300262451e-02 2.149000763893127441e-02 1.334622036665678024e-03 9.318483993411064148e-03 3.559496998786926270e-02 2.301968820393085480e-02 3.366367518901824951e-02 2.665860019624233246e-02 8.576561696827411652e-03 1.353188604116439819e-02 1.644007116556167603e-02 1.615789369679987431e-03 1.792540960013866425e-02 2.089185081422328949e-02 2.065177261829376221e-02 2.214103005826473236e-02 3.809568658471107483e-02 3.032248280942440033e-02 1.923260511830449104e-03 7.853240706026554108e-03 6.021855864673852921e-03 6.734161172062158585e-03 2.270194515585899353e-02 2.354404330253601074e-02 2.401299960911273956e-02 8.800486102700233459e-03 2.355879358947277069e-02 1.326966099441051483e-02 2.870447002351284027e-02 1.640324480831623077e-02 1.870100572705268860e-02 9.249255061149597168e-03 6.195298396050930023e-03 1.538936048746109009e-02 1.450577547075226903e-04 4.615334328263998032e-03 1.693892478942871094e-02 3.674580529332160950e-02 4.306260962039232254e-03 6.209003739058971405e-03 2.033500466495752335e-03 3.268213197588920593e-02 2.154476568102836609e-02 2.030863985419273376e-02 2.229055017232894897e-02 3.845767350867390633e-03 1.655781455338001251e-02 6.767475977540016174e-03 1.955985091626644135e-02 1.781057566404342651e-02 1.140339300036430359e-03 1.380524970591068268e-02 2.228972315788269043e-02 2.657211944460868835e-02 7.871690206229686737e-03 5.930408835411071777e-03 5.143520887941122055e-03 1.474766619503498077e-02 2.802277542650699615e-02 3.172152489423751831e-02 9.436643682420253754e-03 3.503595292568206787e-02 1.458459254354238510e-02 2.393876202404499054e-02 5.712948273867368698e-03 9.303455241024494171e-03 1.799702644348144531e-02 1.301569771021604538e-02 4.873317666351795197e-03 2.727351151406764984e-03
