8.375017046928405762e-01 6.980902701616287231e-02 1.802247390151023865e-02 3.343026386573910713e-03 6.292518228292465210e-03 5.984696745872497559e-02 5.508043244481086731e-02 6.663505919277667999e-03 5.019492004066705704e-03 1.579797081649303436e-02 5.944908782839775085e-02 3.417509049177169800e-02 6.456433236598968506e-02 3.184347599744796753e-02 2.757019922137260437e-02 2.688731532543897629e-03 8.236161433160305023e-03 8.168605272658169270e-04 2.624029852449893951e-02 4.079094156622886658e-03 9.302777238190174103e-03 2.236346527934074402e-02 7.813623175024986267e-03 3.147173672914505005e-03 1.504266541451215744e-02 1.715775462798774242e-03 2.460433728992938995e-02 2.418766496703028679e-03 2.348037809133529663e-02 1.022684294730424881e-02 4.908377304673194885e-02 1.472475659102201462e-02 1.132545340806245804e-02 6.645673420280218124e-03 3.356041561346501112e-04 5.005626473575830460e-03 1.673432253301143646e-02 7.213960634544491768e-04 3.370695980265736580e-03 2.558101527392864227e-02 1.265381928533315659e-02 1.521760132163763046e-02 2.077228389680385590e-02 1.185935828834772110e-02 2.164062298834323883e-02 2.925947308540344238e-02 5.494368448853492737e-02 4.216932877898216248e-02 8.824814110994338989e-03 2.042137086391448975e-02 1.610000059008598328e-02 5.378304980695247650e-03 3.894256893545389175e-03 3.953716717660427094e-03 1.545467600226402283e-02 2.282752469182014465e-02 1.534948404878377914e-02 1.310525648295879364e-02 4.607849288731813431e-03 9.619462303817272186e-03 3.221065178513526917e-02 1.475020218640565872e-02 1.521596312522888184e-02 1.159833371639251709e-02 2.535754628479480743e-02 3.364435583353042603e-02 1.326959859579801559e-02 7.365764584392309189e-03 1.629960723221302032e-02 1.470811781473457813e-03 1.426164619624614716e-02 3.983068745583295822e-04 5.545688793063163757e-03 8.244872093200683594e-03 4.733883310109376907e-03 3.850595094263553619e-04 7.712865713983774185e-03 2.579496009275317192e-03 9.394230321049690247e-03 9.444156661629676819e-03 6.416731979697942734e-03 1.598672970430925488e-04 1.793122477829456329e-02 1.865004375576972961e-02 2.905272878706455231e-02 9.679903276264667511e-03 9.258054196834564209e-03 1.360778976231813431e-02 2.354821935296058655e-02 2.662462182343006134e-02 4.048615321516990662e-02 2.894693985581398010e-02 4.974140599370002747e-02 2.477089129388332367e-02 1.716279424726963043e-02 1.204491127282381058e-02 1.909224316477775574e-02 1.636529527604579926e-02 1.993302628397941589e-02 6.208496633917093277e-03 5.327261984348297119e-03 4.312662407755851746e-03 1.103852875530719757e-02 1.181003637611865997e-02 1.670425012707710266e-02 4.421148449182510376e-03 1.717210933566093445e-02 1.172562409192323685e-02 4.643468186259269714e-03 1.477434393018484116e-02 2.452609874308109283e-02 2.954173274338245392e-02 2.635316178202629089e-02 2.141189388930797577e-02 1.872968114912509918e-02 7.655633147805929184e-03
6.980902701616287231e-02 8.375017046928405762e-01 1.215690933167934418e-02 1.607082039117813110e-02 1.005274429917335510e-02 5.316117778420448303e-02 6.094287708401679993e-02 1.963037066161632538e-03 4.518522415310144424e-03 1.187206804752349854e-02 4.963996261358261108e-02 3.447367623448371887e-02 5.920285359025001526e-02 3.794521465897560120e-02 2.428170852363109589e-02 5.732589866966009140e-03 9.878996759653091431e-03 4.917311598546802998e-04 2.814967744052410126e-02 4.773090127855539322e-03 1.402346231043338776e-02 1.844943873584270477e-02 1.605205982923507690e-02 4.769294522702693939e-03 1.900787837803363800e-02 3.337769594509154558e-04 2.476731874048709869e-02 1.069498900324106216e-02 3.245649114251136780e-02 9.867240674793720245e-03 4.568215832114219666e-02 3.018610645085573196e-03 9.829080663621425629e-04 9.379844181239604950e-03 5.351998843252658844e-03 8.779965341091156006e-03 8.330119773745536804e-03 9.007431566715240479e-03 3.599528572522103786e-04 1.416821591556072235e-02 5.404673516750335693e-03 1.400787569582462311e-02 2.027189545333385468e-02 6.515941116958856583e-03 3.188955038785934448e-02 2.604373544454574585e-02 5.543658882379531860e-02 4.259862005710601807e-02 3.990011289715766907e-03 1.975160092115402222e-02 1.306805945932865143e-02 1.224210206419229507e-02 1.927899313159286976e-03 4.710704088211059570e-03 1.415930408984422684e-02 2.331884577870368958e-02 1.069935783743858337e-02 8.881517685949802399e-03 1.342765055596828461e-02 6.510030943900346756e-03 2.074104547500610352e-02 1.424337644129991531e-02 1.664532534778118134e-02 1.384001504629850388e-02 1.693664304912090302e-02 2.401117607951164246e-02 1.336229871958494186e-02 6.226619239896535873e-03 1.174509990960359573e-02 4.913447890430688858e-03 1.596558466553688049e-02 1.001626951619982719e-03 1.243913080543279648e-02 7.400523405522108078e-03 1.195690594613552094e-02 3.614757675677537918e-03 9.093078784644603729e-03 1.300537493079900742e-03 1.251865364611148834e-02 2.725234371609985828e-04 3.904406912624835968e-04 1.931447884999215603e-03 1.090470328927040100e-02 1.498651038855314255e-02 1.958059147000312805e-02 8.877893560566008091e-04 8.393557742238044739e-03 2.092465944588184357e-02 2.213749662041664124e-02 1.825322397053241730e-02 3.605633601546287537e-02 1.889481581747531891e-02 4.662217199802398682e-02 1.781751401722431183e-02 1.452668290585279465e-02 7.734254933893680573e-03 1.636082120239734650e-02 1.567672751843929291e-02 1.929160393774509430e-02 1.261898130178451538e-02 1.218297518789768219e-02 3.147951474602450617e-06 7.098264060914516449e-03 2.357419952750205994e-02 1.076671667397022247e-02 1.420674961991608143e-03 6.459197495132684708e-03 1.122068613767623901e-02 3.034523921087384224e-03 2.060639299452304840e-02 1.888309046626091003e-02 2.529484406113624573e-02 3.359984606504440308e-02 2.249260246753692627e-02 2.264049649238586426e-02 1.560377236455678940e-02
1.802247390151023865e-02 1.215690933167934418e-02 8.375017046928405762e-01 2.744923345744609833e-02 1.614243607036769390e-03 1.721272431313991547e-02 1.504238042980432510e-02 6.127585470676422119e-02 1.230647321790456772e-02 1.377925090491771698e-02 9.352296590805053711e-03 1.753347553312778473e-02 1.595107652246952057e-02 6.136304233223199844e-03 1.341287977993488312e-02 8.800265379250049591e-03 1.249144412577152252e-02 7.022610865533351898e-03 2.086186781525611877e-02 4.354638047516345978e-03 6.660636980086565018e-03 7.835859432816505432e-03 1.089271390810608864e-03 1.285939570516347885e-02 4.519956652075052261e-03 1.286384649574756622e-03 3.544061328284442425e-04 2.367785573005676270e-02 1.938710920512676239e-02 8.838812820613384247e-03 2.863021194934844971e-02 4.966436419636011124e-03 6.868102587759494781e-03 1.194662530906498432e-03 9.443202987313270569e-03 5.117887631058692932e-04 6.635461468249559402e-04 1.448211539536714554e-02 2.257102541625499725e-02 8.612215518951416016e-03 2.904377132654190063e-02 5.058815702795982361e-03 1.630152575671672821e-02 3.138180077075958252e-02 1.841495744884014130e-02 1.608580723404884338e-02 2.117930352687835693e-02 5.013709887862205505e-03 2.601676993072032928e-02 8.332002907991409302e-03 2.833137055858969688e-03 1.242158003151416779e-02 3.670071950182318687e-03 2.415064722299575806e-02 9.298040531575679779e-03 4.246885888278484344e-03 4.662520717829465866e-03 2.479843236505985260e-02 4.587821662425994873e-03 3.179204463958740234e-02 1.656095311045646667e-02 1.087256474420428276e-03 1.276062242686748505e-02 2.559398859739303589e-02 6.294025108218193054e-03 5.710714962333440781e-03 1.225078385323286057e-02 1.018523704260587692e-02 1.370329037308692932e-02 1.080168969929218292e-02 2.215624600648880005e-02 2.412816695868968964e-02 5.894995294511318207e-03 1.560444198548793793e-02 9.363504126667976379e-03 1.144965924322605133e-02 8.079180493950843811e-03 2.721530012786388397e-02 2.084184251725673676e-02 5.486937705427408218e-03 6.421368569135665894e-02 4.703114926815032959e-02 7.154945284128189087e-03 2.279204502701759338e-02 2.173043042421340942e-02 1.986082457005977631e-02 4.320815205574035645e-02 3.654418140649795532e-02 1.393115986138582230e-02 3.085840493440628052e-02 3.077311068773269653e-02 1.029828656464815140e-02 1.838748529553413391e-02 1.936927437782287598e-02 3.830767236649990082e-03 9.530059061944484711e-03 2.300060167908668518e-02 2.881700731813907623e-02 7.576378062367439270e-03 7.692131679505109787e-03 2.199070295318961143e-03 8.513538166880607605e-03 1.989475823938846588e-02 1.549927145242691040e-02 1.765114255249500275e-03 4.998955409973859787e-03 3.654944244772195816e-03 1.153420284390449524e-02 3.696338506415486336e-03 2.208259515464305878e-02 2.599367499351501465e-02 2.121445909142494202e-02 3.046640194952487946e-04 1.046279072761535645e-02 4.488853272050619125e-03 2.243352867662906647e-02
3.343026386573910713e-03 1.607082039117813110e-02 2.744923345744609833e-02 8.375017046928405762e-01 7.286790013313293457e-02 1.142692007124423981e-02 1.634103618562221527e-02 2.433276548981666565e-02 2.099376870319247246e-03 2.731404826045036316e-02 1.515443064272403717e-02 5.777017679065465927e-03 3.623789409175515175e-03 3.117737919092178345e-02 5.608880892395973206e-03 2.280619367957115173e-02 3.041083179414272308e-02 1.555284857749938965e-02 8.375171571969985962e-03 2.076191641390323639e-02 9.568652138113975525e-03 2.863036002963781357e-03 2.202106267213821411e-02 2.678975276648998260e-02 9.672795422375202179e-03 1.488453336060047150e-02 7.225916255265474319e-03 3.354592621326446533e-02 1.758332736790180206e-02 1.207289192825555801e-02 1.952850446105003357e-02 1.722999848425388336e-02 1.175601780414581299e-02 9.789994917809963226e-03 9.156109765172004700e-03 7.090729661285877228e-03 5.122736562043428421e-03 1.511490787379443645e-03 4.270834848284721375e-02 5.354102700948715210e-02 6.465191836468875408e-04 6.823455914855003357e-03 1.493690419010818005e-03 6.806510034948587418e-03 1.869749836623668671e-02 3.065129742026329041e-03 2.108210464939475060e-03 4.524264950305223465e-03 6.524640601128339767e-03 2.139473520219326019e-02 4.436700139194726944e-03 3.879802301526069641e-03 1.847207732498645782e-02 8.884318172931671143e-03 8.326760493218898773e-03 1.255919504910707474e-02 7.313149049878120422e-03 1.544093806296586990e-02 1.811428181827068329e-02 1.496149599552154541e-02 2.386021241545677185e-02 7.002079393714666367e-03 1.149722281843423843e-02 1.035534404218196869e-02 1.268752105534076691e-02 1.686028391122817993e-02 1.073256786912679672e-02 6.927072536200284958e-03 1.073878724128007889e-02 8.127837441861629486e-03 1.642027497291564941e-02 2.309145778417587280e-02 7.733634859323501587e-02 1.805015839636325836e-02 2.273307554423809052e-02 2.418382838368415833e-02 3.669324098154902458e-03 7.801007013767957687e-03 7.619939278811216354e-03 3.529357537627220154e-02 6.034287158399820328e-03 6.167739629745483398e-03 5.150051787495613098e-02 1.236131880432367325e-02 4.215741995722055435e-03 7.894231006503105164e-03 3.922980744391679764e-03 2.059015445411205292e-03 1.431079767644405365e-02 2.599961310625076294e-02 7.558546960353851318e-03 6.070259769330732524e-05 6.349506787955760956e-03 6.808850448578596115e-03 4.227438941597938538e-03 2.323243208229541779e-02 3.586920793168246746e-04 1.437174715101718903e-02 1.189173199236392975e-02 9.680083021521568298e-03 6.007016170769929886e-03 2.465885365381836891e-03 5.409425357356667519e-04 9.105324745178222656e-03 3.770718723535537720e-02 1.879613287746906281e-02 4.829362966120243073e-03 1.599753648042678833e-02 9.406863711774349213e-03 2.034069411456584930e-02 3.944841679185628891e-03 2.106407657265663147e-03 4.311852622777223587e-03 5.639151204377412796e-03 1.251949276775121689e-02 7.007501088082790375e-03
6.292518228292465210e-03 1.005274429917335510e-02 1.614243607036769390e-03 7.286790013313293457e-02 8.375017046928405762e-01 1.162994001060724258e-02 4.821457900106906891e-03 3.096931031905114651e-04 1.362403389066457748e-02 1.164382975548505783e-02 2.180923148989677429e-02 2.108281943947076797e-03 6.432125810533761978e-03 1.063320226967334747e-02 9.905913844704627991e-03 8.694676682353019714e-03 4.311265074647963047e-04 5.370227154344320297e-03 9.825828485190868378e-03 6.451489869505167007e-03 1.027740444988012314e-02 1.785664446651935577e-02 1.638177968561649323e-02 2.044238150119781494e-02 2.782766241580247879e-03 1.797636272385716438e-03 1.378912478685379028e-02 2.526189200580120087e-02 2.751562185585498810e-02 5.569598171859979630e-03 8.958077058196067810e-03 7.115365937352180481e-03 1.528847869485616684e-02 2.598668914288282394e-03 2.149207890033721924e-02 1.170925423502922058e-02 6.371685303747653961e-04 1.538563612848520279e-02 2.481856942176818848e-02 6.402641534805297852e-02 1.694860868155956268e-02 5.475436802953481674e-03 1.220096368342638016e-03 3.778198035433888435e-03 1.074307505041360855e-02 3.666493343189358711e-03 3.116726409643888474e-03 2.460567047819495201e-03 1.482318248599767685e-02 1.977722533047199249e-02 5.739915650337934494e-04 2.433491405099630356e-03 2.138105779886245728e-02 4.845211224164813757e-04 2.133546769618988037e-02 1.101072411984205246e-02 1.401990093290805817e-02 7.984011434018611908e-03 2.203011326491832733e-02 1.271609496325254440e-02 8.407629095017910004e-03 1.587002165615558624e-02 1.778928376734256744e-02 2.487356588244438171e-02 1.807759888470172882e-02 8.883299306035041809e-03 1.219411962665617466e-03 3.296321257948875427e-03 8.509920444339513779e-04 2.482981979846954346e-02 1.005128677934408188e-02 1.225246023386716843e-02 6.536452472209930420e-02 3.702766075730323792e-02 7.050586491823196411e-02 1.917851902544498444e-02 3.065950237214565277e-03 2.284455858170986176e-02 1.211340073496103287e-02 3.981126472353935242e-02 1.157203037291765213e-02 1.126279029995203018e-02 3.285118192434310913e-02 4.259350150823593140e-02 2.511637983843684196e-03 1.893242634832859039e-02 1.402036473155021667e-02 2.267243544338271022e-04 5.951160565018653870e-03 2.631040289998054504e-03 1.907265745103359222e-02 1.592118479311466217e-02 1.002653269097208977e-03 7.517095655202865601e-03 1.135411579161882401e-02 1.415747310966253281e-02 1.539553143084049225e-02 1.092911511659622192e-02 3.909526392817497253e-03 3.238015109673142433e-03 3.565553808584809303e-03 7.199966814368963242e-03 4.562025889754295349e-03 1.447392255067825317e-02 2.057268097996711731e-02 2.403002232313156128e-02 7.202880922704935074e-03 1.984694227576255798e-02 1.347529934719204903e-03 1.453255582600831985e-02 9.513581171631813049e-03 9.895760565996170044e-03 7.794771809130907059e-03 1.148661691695451736e-02 1.111515890806913376e-02 1.802245154976844788e-02
5.984696745872497559e-02 5.316117778420448303e-02 1.721272431313991547e-02 1.142692007124423981e-02 1.162994001060724258e-02 8.375017046928405762e-01 7.053211331367492676e-02 2.804616652429103851e-02 1.139030512422323227e-02 9.047331288456916809e-03 4.341500252485275269e-02 2.488198690116405487e-02 4.570588469505310059e-02 3.123904019594192505e-02 4.619470331817865372e-03 6.893610581755638123e-03 1.038088835775852203e-02 1.628379523754119873e-02 3.311420977115631104e-02 1.967917196452617645e-03 5.522482097148895264e-03 7.570662535727024078e-03 1.195238158106803894e-02 4.638782236725091934e-03 1.607813686132431030e-02 3.788626519963145256e-03 1.333318464457988739e-02 8.266011252999305725e-03 1.194638665765523911e-02 2.729595638811588287e-03 3.427770361304283142e-02 1.210600323975086212e-02 1.162099465727806091e-02 1.148279756307601929e-03 1.483577955514192581e-02 1.086917705833911896e-02 2.127086772816255689e-04 2.818518318235874176e-03 1.435647346079349518e-02 1.018198486417531967e-02 1.384718157351016998e-02 1.198973599821329117e-02 1.585631817579269409e-02 1.633717305958271027e-02 2.212911471724510193e-02 3.910189121961593628e-02 6.182364001870155334e-02 5.009281262755393982e-02 9.581159800291061401e-03 1.629744470119476318e-02 7.827932015061378479e-03 1.700268243439495564e-03 1.473289635032415390e-02 1.016341615468263626e-02 1.615803502500057220e-02 2.617657184600830078e-02 1.351129356771707535e-02 1.571243442595005035e-02 2.313380315899848938e-02 1.141826901584863663e-02 3.781051933765411377e-02 2.472193166613578796e-02 1.938778162002563477e-02 2.144328132271766663e-02 8.842146024107933044e-03 1.855319924652576447e-02 1.744116656482219696e-02 3.235610434785485268e-03 1.265976577997207642e-02 1.489313412457704544e-02 1.202639471739530563e-02 9.529659524559974670e-03 1.748732663691043854e-02 2.111748047173023224e-02 1.914868690073490143e-02 1.442984305322170258e-02 7.670850493013858795e-03 2.271165838465094566e-03 5.565210711210966110e-03 1.472274307161569595e-02 1.858615316450595856e-02 1.008162833750247955e-02 4.603704437613487244e-03 2.430883049964904785e-02 3.561522439122200012e-02 1.882273331284523010e-02 9.856106713414192200e-03 1.572215929627418518e-03 1.255164481699466705e-02 2.182634174823760986e-02 3.136001899838447571e-02 1.580435899086296558e-03 4.700043052434921265e-02 7.770217489451169968e-03 2.184913959354162216e-03 1.088803075253963470e-02 2.488663047552108765e-02 1.717142760753631592e-02 1.211405731737613678e-02 4.650324117392301559e-03 6.501026917248964310e-03 3.767002373933792114e-03 1.573991775512695312e-02 2.942714840173721313e-03 2.420933917164802551e-02 9.852930903434753418e-03 2.624619193375110626e-02 2.736316993832588196e-02 4.401013720780611038e-03 3.610603511333465576e-03 2.972346171736717224e-02 2.701057679951190948e-02 2.008506096899509430e-02 2.229403518140316010e-02 1.324344892054796219e-02 6.299970205873250961e-03
5.508043244481086731e-02 6.094287708401679993e-02 1.504238042980432510e-02 1.634103618562221527e-02 4.821457900106906891e-03 7.053211331367492676e-02 8.375017046928405762e-01 7.015177514404058456e-03 2.014527469873428345e-02 4.556119441986083984e-03 4.731102660298347473e-02 2.125870250165462494e-02 5.623564496636390686e-02 4.036370664834976196e-02 1.563947089016437531e-02 1.625770935788750648e-03 1.392533071339130402e-03 1.313952263444662094e-02 2.212108671665191650e-02 4.713619709946215153e-04 3.448568517342209816e-03 4.487356171011924744e-03 7.747156079858541489e-03 1.938829547725617886e-03 1.503784954547882080e-02 1.942761125974357128e-03 1.426581013947725296e-02 1.634988933801651001e-02 2.968573197722434998e-02 2.439380390569567680e-03 3.520921617746353149e-02 4.437950439751148224e-03 3.531164024025201797e-03 1.113230269402265549e-02 1.196263451129198074e-02 2.157530980184674263e-03 8.830408565700054169e-03 2.433334244415163994e-03 1.675754971802234650e-02 5.503895692527294159e-03 8.728691376745700836e-03 4.471423570066690445e-03 1.887360587716102600e-02 9.301337413489818573e-03 3.533979505300521851e-02 4.739757999777793884e-02 6.881592422723770142e-02 6.408013403415679932e-02 1.858643139712512493e-03 1.075073704123497009e-02 1.464134431444108486e-03 6.741483230143785477e-04 5.031995940953493118e-03 7.039217744022607803e-03 2.792484313249588013e-02 1.769579946994781494e-02 5.252632312476634979e-03 8.436196483671665192e-03 1.516800932586193085e-02 3.650017781183123589e-03 3.580721095204353333e-02 1.600616052746772766e-02 1.863284409046173096e-02 1.459956355392932892e-02 1.918436959385871887e-02 2.789247222244739532e-02 1.738061755895614624e-02 2.127806190401315689e-03 1.068858616054058075e-02 7.889904081821441650e-03 9.878006763756275177e-03 9.312565438449382782e-03 2.078780345618724823e-02 1.418294198811054230e-02 1.934245415031909943e-02 1.610915176570415497e-02 1.153623126447200775e-02 6.923248060047626495e-03 2.068509580567479134e-03 2.032929472625255585e-02 1.696719974279403687e-02 5.469203460961580276e-03 6.107432767748832703e-03 7.930203340947628021e-03 1.601201109588146210e-02 1.274450775235891342e-02 5.478246021084487438e-04 7.349032443016767502e-03 1.652206480503082275e-02 6.144393235445022583e-03 4.543792083859443665e-02 6.500250194221735001e-03 6.016813591122627258e-02 9.078389033675193787e-03 6.539381109178066254e-03 1.135270297527313232e-02 1.115799974650144577e-02 2.242358587682247162e-02 7.715889252722263336e-03 8.322757668793201447e-03 1.929774647578597069e-03 9.462538873776793480e-04 7.916550152003765106e-03 6.619604770094156265e-03 2.095984481275081635e-02 4.511296283453702927e-03 1.358286105096340179e-02 2.134460024535655975e-02 9.705837815999984741e-03 1.723621226847171783e-02 2.067214436829090118e-02 2.828931622207164764e-02 2.085520885884761810e-02 1.730731129646301270e-02 5.035598296672105789e-03 6.832107901573181152e-03
6.663505919277667999e-03 1.963037066161632538e-03 6.127585470676422119e-02 2.433276548981666565e-02 3.096931031905114651e-04 2.804616652429103851e-02 7.015177514404058456e-03 8.375017046928405762e-01 1.342271361500024796e-02 9.913348592817783356e-03 3.395737148821353912e-03 1.759500056505203247e-02 1.481575239449739456e-02 2.080940082669258118e-02 4.750805348157882690e-02 5.016647744923830032e-03 1.537373941391706467e-02 1.451782882213592529e-02 1.580851711332798004e-02 7.762331515550613403e-03 1.457764115184545517e-02 2.362967096269130707e-02 1.213060691952705383e-02 1.598652452230453491e-02 2.479406073689460754e-03 3.961984533816576004e-03 5.084068514406681061e-03 3.229199722409248352e-02 1.793005503714084625e-02 1.297901757061481476e-02 1.688946067588403821e-04 1.517138211056590080e-03 6.919492967426776886e-03 9.293842129409313202e-03 2.161472663283348083e-02 1.922767609357833862e-02 4.693268332630395889e-03 9.081528987735509872e-04 1.069789100438356400e-02 2.033349871635437012e-02 5.327774677425622940e-03 5.790351890027523041e-03 3.443197347223758698e-03 2.381816692650318146e-02 1.169493142515420914e-02 2.124345861375331879e-02 7.551696151494979858e-03 1.469551771879196167e-02 1.672896184027194977e-02 5.295515991747379303e-03 9.732932783663272858e-03 6.170494481921195984e-03 1.419669855386018753e-02 2.543526887893676758e-02 5.652459221892058849e-04 1.488538365811109543e-02 4.020864143967628479e-04 1.957589946687221527e-02 1.198217645287513733e-02 2.446540817618370056e-02 3.246452892199158669e-03 1.275118207558989525e-03 1.560208015143871307e-02 3.138338401913642883e-02 1.624062471091747284e-02 2.015478722751140594e-02 4.470084328204393387e-03 9.574687108397483826e-03 1.901503652334213257e-02 1.599836535751819611e-02 1.852535083889961243e-02 1.644068211317062378e-02 8.110352791845798492e-03 1.206410955637693405e-02 1.110772415995597839e-02 1.188783440738916397e-02 1.691372133791446686e-02 1.075055450201034546e-02 1.427680626511573792e-02 1.509314868599176407e-02 6.249172613024711609e-02 4.846969246864318848e-02 2.158708684146404266e-02 1.115090213716030121e-02 2.160558663308620453e-02 4.509751684963703156e-03 4.975116997957229614e-02 4.809058085083961487e-02 8.658657781779766083e-03 1.396811101585626602e-02 1.135851070284843445e-02 2.666436508297920227e-02 1.272834558039903641e-02 1.683118939399719238e-02 2.618580125272274017e-02 2.442187396809458733e-03 2.067648619413375854e-02 1.091974135488271713e-02 1.029781717807054520e-02 2.139410469681024551e-03 1.549797318875789642e-02 4.112557042390108109e-03 2.301618084311485291e-02 8.457526564598083496e-03 1.552340690977871418e-03 5.493340082466602325e-03 1.073547080159187317e-02 2.454023621976375580e-02 1.024896092712879181e-02 3.042083606123924255e-02 1.942655257880687714e-02 1.206543063744902611e-03 6.891816854476928711e-03 2.907356480136513710e-03 5.231227260082960129e-03 5.525920074433088303e-03
5.019492004066705704e-03 4.518522415310144424e-03 1.230647321790456772e-02 2.099376870319247246e-03 1.362403389066457748e-02 1.139030512422323227e-02 2.014527469873428345e-02 1.342271361500024796e-02 8.375017046928405762e-01 3.749136626720428467e-02 5.822703707963228226e-03 3.018333390355110168e-02 1.020746864378452301e-02 4.451619926840066910e-03 1.601347903488203883e-04 1.570918597280979156e-02 1.434890553355216980e-02 3.933753445744514465e-02 2.295775571838021278e-03 9.883814491331577301e-03 1.660729572176933289e-02 7.056160364300012589e-03 3.294751793146133423e-02 2.795918472111225128e-02 1.248500123620033264e-02 1.988302730023860931e-02 6.916102487593889236e-03 1.784384995698928833e-02 7.083835545927286148e-03 2.034618332982063293e-02 3.999445470981299877e-05 2.202720381319522858e-02 9.440523572266101837e-03 1.413305848836898804e-02 9.028567932546138763e-03 4.242549091577529907e-02 2.190337143838405609e-02 1.386459451168775558e-02 3.299790201708674431e-03 1.402856223285198212e-02 1.672312431037425995e-02 4.710281267762184143e-02 2.399396337568759918e-02 2.591774985194206238e-02 1.540743000805377960e-02 1.113951392471790314e-02 1.923014596104621887e-02 1.764218509197235107e-02 4.310490563511848450e-02 2.472864463925361633e-02 2.707492560148239136e-02 3.161242604255676270e-02 2.990377135574817657e-03 2.107872068881988525e-02 4.435605183243751526e-02 2.765539474785327911e-02 8.161411620676517487e-03 1.608243212103843689e-02 4.895624238997697830e-03 5.810115952044725418e-03 2.805094467476010323e-03 1.254407409578561783e-02 9.213815443217754364e-03 1.260778587311506271e-02 3.433833131566643715e-03 4.615217447280883789e-03 2.050504786893725395e-03 1.740366965532302856e-02 3.851327300071716309e-02 1.743849925696849823e-02 2.932069450616836548e-02 2.097494155168533325e-02 1.594685018062591553e-02 1.260428689420223236e-02 3.737742779776453972e-03 5.217151716351509094e-03 6.196994706988334656e-02 2.718329429626464844e-02 4.706137254834175110e-02 1.005044672638177872e-02 2.162613905966281891e-02 1.211040001362562180e-02 4.194845259189605713e-02 6.103117950260639191e-03 1.705229282379150391e-02 1.609911583364009857e-02 6.963921245187520981e-03 2.280787378549575806e-02 3.450625389814376831e-02 3.165221074596047401e-03 1.458024606108665466e-02 4.762817639857530594e-03 2.226764522492885590e-02 1.077953167259693146e-02 3.791024163365364075e-02 3.145968541502952576e-02 1.363157387822866440e-02 2.120760269463062286e-02 3.642284870147705078e-02 2.865436114370822906e-02 2.467882633209228516e-02 2.647457644343376160e-02 4.993188194930553436e-03 5.145002622157335281e-03 2.772650681436061859e-03 9.043063037097454071e-03 3.455400839447975159e-02 3.337449394166469574e-03 2.573195286095142365e-02 4.020856693387031555e-03 1.805246062576770782e-02 6.321313325315713882e-03 1.966598816215991974e-02 1.461571548134088516e-02 1.612099260091781616e-02 1.720056310296058655e-02
1.579797081649303436e-02 1.187206804752349854e-02 1.377925090491771698e-02 2.731404826045036316e-02 1.164382975548505783e-02 9.047331288456916809e-03 4.556119441986083984e-03 9.913348592817783356e-03 3.749136626720428467e-02 8.375017046928405762e-01 6.033012177795171738e-03 1.766525092534720898e-03 1.440157927572727203e-02 2.189411409199237823e-02 7.914803572930395603e-04 4.308458045125007629e-02 3.869374096393585205e-02 3.040032088756561279e-02 2.274739928543567657e-02 2.631537616252899170e-02 1.770446076989173889e-02 3.471729345619678497e-03 3.597564250230789185e-02 4.129024595022201538e-02 2.339448593556880951e-02 3.696012124419212341e-02 1.789681846275925636e-03 6.130532827228307724e-03 1.075401157140731812e-02 3.238784521818161011e-02 1.615436933934688568e-02 3.677332028746604919e-02 6.513728294521570206e-03 2.702543325722217560e-02 1.098973117768764496e-02 2.251927554607391357e-02 1.623753458261489868e-02 1.262587029486894608e-02 1.087575126439332962e-02 2.623944729566574097e-02 3.798348829150199890e-03 1.722270436584949493e-02 2.505917474627494812e-02 2.081384509801864624e-02 1.388508267700672150e-02 4.267832729965448380e-03 1.778666302561759949e-02 1.648726128041744232e-02 3.110148943960666656e-02 4.726763069629669189e-02 2.934906072914600372e-02 3.323413059115409851e-02 1.300071598961949348e-03 1.938090473413467407e-02 2.226313017308712006e-02 4.599988088011741638e-02 2.056179754436016083e-02 2.833409979939460754e-02 6.961458362638950348e-03 8.768099360167980194e-03 6.097365170717239380e-03 2.837450243532657623e-02 1.485528331249952316e-02 2.198655903339385986e-02 3.499642014503479004e-03 1.891063060611486435e-03 2.291484922170639038e-02 9.734098799526691437e-03 4.114456474781036377e-02 3.108669770881533623e-03 4.977514594793319702e-02 1.295121200382709503e-02 1.250489614903926849e-03 8.343066438101232052e-04 1.116353459656238556e-02 1.545870024710893631e-02 3.431446477770805359e-02 5.546314641833305359e-02 4.612755496054887772e-03 3.289055451750755310e-02 1.607365347445011139e-02 5.779661238193511963e-03 1.240497455000877380e-02 1.659314334392547607e-02 3.455797210335731506e-03 1.384431589394807816e-02 4.604789428412914276e-03 4.877630155533552170e-03 1.224057469516992569e-02 3.273018077015876770e-02 8.457332849502563477e-03 1.449996698647737503e-02 1.770011149346828461e-02 1.285258773714303970e-02 2.129269577562808990e-02 1.610997505486011505e-02 1.130587514489889145e-02 4.191403742879629135e-03 2.567881345748901367e-02 3.917210549116134644e-02 2.431978471577167511e-02 2.929923310875892639e-02 2.859158441424369812e-03 7.425120100378990173e-03 9.587819688022136688e-03 1.281130407005548477e-02 2.527723275125026703e-02 7.700582966208457947e-03 3.440001234412193298e-02 4.373231902718544006e-03 1.466974616050720215e-02 2.712968736886978149e-03 7.400202099233865738e-03 3.661968279629945755e-03 1.997484453022480011e-02 2.306863106787204742e-02
5.944908782839775085e-02 4.963996261358261108e-02 9.352296590805053711e-03 1.515443064272403717e-02 2.180923148989677429e-02 4.341500252485275269e-02 4.731102660298347473e-02 3.395737148821353912e-03 5.822703707963228226e-03 6.033012177795171738e-03 8.375017046928405762e-01 1.087607070803642273e-02 6.390862911939620972e-02 1.249434333294630051e-02 3.663277626037597656e-02 5.842644255608320236e-03 1.427717879414558411e-02 7.788296323269605637e-03 1.328254304826259613e-02 4.533768165856599808e-03 1.178156398236751556e-02 3.511732071638107300e-02 4.451459273695945740e-03 3.547703148797154427e-03 2.139012701809406281e-02 1.566699892282485962e-02 3.615003451704978943e-02 8.920302614569664001e-03 4.307178035378456116e-02 2.006395161151885986e-02 5.307971313595771790e-02 1.016405258269514889e-05 6.423906423151493073e-03 2.115925215184688568e-02 1.515916734933853149e-02 8.474894799292087555e-03 2.656684070825576782e-02 1.860666670836508274e-03 1.388237229548394680e-03 1.823603361845016479e-02 1.642463169991970062e-02 7.150334422476589680e-04 1.957101561129093170e-02 5.403912626206874847e-03 1.663573458790779114e-02 2.859500236809253693e-02 5.130054801702499390e-02 4.647748172283172607e-02 9.327496401965618134e-03 1.140937115997076035e-02 9.921295568346977234e-03 4.895260208286345005e-04 3.065852634608745575e-02 2.167617343366146088e-02 8.303526788949966431e-03 5.900572519749403000e-03 6.196564994752407074e-03 1.279969792813062668e-02 1.432926394045352936e-02 1.873197779059410095e-02 1.534719113260507584e-02 2.998809795826673508e-03 5.323080811649560928e-03 1.059534400701522827e-02 4.885165765881538391e-02 5.372168868780136108e-02 8.712863549590110779e-03 5.720629822462797165e-03 9.744261391460895538e-03 2.380602993071079254e-02 9.835371747612953186e-03 1.882406882941722870e-02 1.049948274157941341e-03 1.149653829634189606e-02 6.797339767217636108e-03 6.671079900115728378e-03 2.711233915761113167e-03 9.534670040011405945e-03 1.067632623016834259e-02 1.307224389165639877e-02 6.284505128860473633e-03 1.886133477091789246e-02 2.055031619966030121e-02 6.113579962402582169e-03 8.821624331176280975e-03 2.860092557966709137e-03 2.474760822951793671e-02 2.128663472831249237e-02 1.232460606843233109e-02 1.416424196213483810e-02 5.194912478327751160e-02 4.080370068550109863e-02 4.580349847674369812e-02 2.858410589396953583e-02 1.861391589045524597e-02 1.454746164381504059e-02 2.181337447836995125e-03 2.255792543292045593e-02 2.167839370667934418e-02 1.033573690801858902e-02 1.464585773646831512e-02 1.561423391103744507e-02 1.399612054228782654e-03 6.805980112403631210e-03 8.576473221182823181e-03 2.215036563575267792e-02 1.377828419208526611e-02 9.964241646230220795e-03 4.883519373834133148e-03 2.833559177815914154e-02 1.145758479833602905e-02 2.440931275486946106e-02 1.563062518835067749e-02 8.505218662321567535e-03 6.800481118261814117e-03 4.851041361689567566e-03
3.417509049177169800e-02 3.447367623448371887e-02 1.753347553312778473e-02 5.777017679065465927e-03 2.108281943947076797e-03 2.488198690116405487e-02 2.125870250165462494e-02 1.759500056505203247e-02 3.018333390355110168e-02 1.766525092534720898e-03 1.087607070803642273e-02 8.375017046928405762e-01 5.329151172190904617e-03 7.207556813955307007e-02 3.475535893812775612e-03 6.322486791759729385e-03 9.586339816451072693e-03 1.597994193434715271e-02 3.018148988485336304e-02 3.146228566765785217e-02 2.111542783677577972e-02 4.106140404473990202e-04 3.861401230096817017e-02 2.982379123568534851e-02 1.872811093926429749e-02 4.889225121587514877e-03 5.204387940466403961e-03 2.658914588391780853e-02 1.707535237073898315e-02 2.537780441343784332e-02 1.760601811110973358e-02 5.107717588543891907e-03 2.106451615691184998e-02 1.257085707038640976e-02 2.786725293844938278e-03 2.380013279616832733e-02 2.454919181764125824e-02 6.655239034444093704e-03 7.032886613160371780e-03 1.822264678776264191e-02 2.816752297803759575e-03 3.764279186725616455e-02 2.098096907138824463e-02 3.922065719962120056e-03 7.145310938358306885e-02 2.625459805130958557e-02 2.175681106746196747e-02 1.188432797789573669e-02 1.973210088908672333e-02 6.787914782762527466e-03 3.053115494549274445e-02 2.034168131649494171e-02 3.705370705574750900e-03 2.447148552164435387e-03 7.320603821426630020e-03 1.112357713282108307e-02 6.518239621073007584e-03 1.554783992469310760e-02 2.184796612709760666e-03 1.864987192675471306e-03 2.215156890451908112e-02 1.543094031512737274e-02 1.381136104464530945e-02 1.444404758512973785e-02 1.924164476804435253e-03 8.160734432749450207e-04 1.111076679080724716e-02 2.131105214357376099e-02 7.154352031648159027e-03 2.838218212127685547e-02 2.093548700213432312e-02 6.873352103866636753e-04 1.060419436544179916e-02 2.569159679114818573e-02 3.756014164537191391e-03 8.438592776656150818e-03 2.820831350982189178e-02 1.562248799018561840e-03 5.516527593135833740e-02 3.437779145315289497e-03 5.113120656460523605e-03 2.879981184378266335e-03 2.238336764276027679e-02 3.352452442049980164e-02 3.041446022689342499e-02 1.688595116138458252e-02 4.834359046071767807e-03 1.991536235436797142e-03 2.731056883931159973e-02 1.171622984111309052e-02 2.379912510514259338e-02 5.777842830866575241e-03 2.396113984286785126e-02 2.118590055033564568e-05 5.403221119195222855e-03 1.165924686938524246e-02 2.739812992513179779e-02 2.277243882417678833e-03 2.382472530007362366e-02 1.182575430721044540e-02 4.760391078889369965e-03 1.468976493924856186e-02 1.421536877751350403e-02 2.500543929636478424e-02 1.498129684478044510e-02 2.514551626518368721e-03 3.844040213152766228e-03 1.367166265845298767e-02 5.216407123953104019e-03 6.660299259237945080e-04 8.427758701145648956e-03 9.905552491545677185e-03 3.399351611733436584e-02 2.658113278448581696e-02 7.260777521878480911e-03 7.166414987295866013e-03
6.456433236598968506e-02 5.920285359025001526e-02 1.595107652246952057e-02 3.623789409175515175e-03 6.432125810533761978e-03 4.570588469505310059e-02 5.623564496636390686e-02 1.481575239449739456e-02 1.020746864378452301e-02 1.440157927572727203e-02 6.390862911939620972e-02 5.329151172190904617e-03 8.375017046928405762e-01 3.283683210611343384e-03 4.002137109637260437e-02 1.293296646326780319e-02 1.876254938542842865e-02 8.124071173369884491e-03 2.336385287344455719e-02 1.139048673212528229e-02 7.967757061123847961e-03 3.548458963632583618e-02 7.931793108582496643e-03 8.748446591198444366e-03 1.449355855584144592e-02 9.417525492608547211e-03 3.181066364049911499e-02 1.256477087736129761e-02 4.101214185357093811e-02 1.003921264782547951e-03 5.571951717138290405e-02 1.593649387359619141e-02 1.362506113946437836e-02 1.462875865399837494e-02 1.368537917733192444e-02 8.759364485740661621e-03 1.365456730127334595e-02 5.578515119850635529e-03 4.073468502610921860e-03 8.205336518585681915e-03 6.878840271383523941e-03 3.126883180812001228e-03 1.656118035316467285e-02 1.145364437252283096e-02 9.591549634933471680e-03 2.602779492735862732e-02 5.831483751535415649e-02 4.916258528828620911e-02 5.896128714084625244e-04 9.665887802839279175e-03 6.112035829573869705e-03 8.822115487419068813e-04 1.463222596794366837e-02 8.194474503397941589e-03 1.008434221148490906e-02 9.049900807440280914e-03 1.231422065757215023e-04 6.771147716790437698e-03 1.741102780215442181e-03 1.343679986894130707e-02 1.345530990511178970e-02 6.487681996077299118e-03 7.656558300368487835e-04 5.093192216008901596e-03 4.397122189402580261e-02 5.321837961673736572e-02 7.055673748254776001e-03 7.465425413101911545e-03 1.018976699560880661e-02 1.775920763611793518e-02 1.744857057929039001e-02 1.298096403479576111e-02 1.620741002261638641e-02 5.555063020437955856e-03 4.149757791310548782e-03 2.529316116124391556e-03 2.785053802654147148e-03 6.079994607716798782e-03 1.427147816866636276e-02 1.121352519840002060e-02 4.317778162658214569e-03 1.550292875617742538e-02 1.356994267553091049e-02 1.511685363948345184e-02 1.091719418764114380e-02 6.666495464742183685e-03 2.441728673875331879e-02 3.120288625359535217e-02 3.473531454801559448e-02 2.656627818942070007e-02 4.361581057310104370e-02 4.397093504667282104e-02 5.122439563274383545e-02 3.557753562927246094e-02 2.395003661513328552e-02 1.588855683803558350e-02 3.290615743026137352e-03 2.353763580322265625e-02 2.137115225195884705e-02 7.322038058191537857e-03 1.537912618368864059e-02 9.709718637168407440e-03 8.671868592500686646e-03 1.233206316828727722e-02 4.633531440049409866e-03 8.095074445009231567e-03 1.809361763298511505e-02 3.313209163025021553e-03 1.799235818907618523e-03 2.643507905304431915e-02 1.046998985111713409e-02 2.516121231019496918e-02 1.167198084294795990e-02 8.906830102205276489e-03 3.794796299189329147e-03 7.955736480653285980e-03
