8.325685858726501465e-01 1.219922676682472229e-01 1.395203289575874805e-03 1.132141333073377609e-02 2.498607384040951729e-03 9.085035324096679688e-02 1.035271212458610535e-01 5.199152976274490356e-03 4.912270698696374893e-03 5.803290754556655884e-03 8.880844712257385254e-02 2.013563178479671478e-02 9.284546971321105957e-02 2.218963764607906342e-02 3.354908153414726257e-02 1.707841828465461731e-02 1.696706376969814301e-02 1.837442070245742798e-02 5.777492653578519821e-03 1.012894324958324432e-02 8.818584494292736053e-03 9.889186359941959381e-03 8.190360851585865021e-03 1.103501394391059875e-02 1.367330318316817284e-03 8.360840380191802979e-03 5.985940340906381607e-03 1.967725902795791626e-02 2.474174369126558304e-03 2.084555290639400482e-02 1.543509028851985931e-02 6.791950669139623642e-03 3.349898383021354675e-03 8.602894842624664307e-03 2.556377323344349861e-03 2.151166787371039391e-03 6.422120146453380585e-03 4.568271338939666748e-03 1.575600355863571167e-02 2.341114217415452003e-03 1.261212397366762161e-02 7.270057220011949539e-03 2.798505593091249466e-03 3.692618757486343384e-02 1.713650487363338470e-02 2.177626825869083405e-02 8.605633676052093506e-02 5.835608765482902527e-02 1.431823940947651863e-03 1.450938731431961060e-02 1.372331380844116211e-02 1.196078583598136902e-02 1.661073043942451477e-02 6.663220934569835663e-03 5.190786439925432205e-03 4.632530268281698227e-03 6.259254645556211472e-03 1.992858480662107468e-03 5.802340805530548096e-03 3.297727322205901146e-03 3.716281149536371231e-03 1.484490558505058289e-02 7.866770960390567780e-03 1.865791971795260906e-03 4.301888868212699890e-03 4.398031160235404968e-03 3.129717428237199783e-03 2.643483690917491913e-03 2.394621260464191437e-03 8.215754292905330658e-03 6.790522951632738113e-03 1.046588295139372349e-03 2.311826450750231743e-03 8.515127003192901611e-03 1.304523786529898643e-03 1.142341364175081253e-02 5.997989792376756668e-03 8.260519243776798248e-03 1.302975788712501526e-02 2.301586559042334557e-03 1.745790243148803711e-02 2.687820978462696075e-02 2.485601790249347687e-02 2.823251998052000999e-03 9.969928069040179253e-04 3.540334291756153107e-03 1.381886657327413559e-02 7.984973490238189697e-03 3.945761825889348984e-03 8.061093278229236603e-03 1.635852083563804626e-02 2.423771220492199063e-04 6.441637873649597168e-03 1.666084490716457367e-02 5.401013884693384171e-03 7.958393543958663940e-04 1.353278663009405136e-02 1.313013210892677307e-02 9.759157546795904636e-04 3.644275420811027288e-04 1.089567225426435471e-02 1.663346658460795879e-03 1.156161446124315262e-02 1.866113767027854919e-02 2.488362835720181465e-03 1.209487393498420715e-02 3.130843862891197205e-03 1.991661265492439270e-02 3.882781311403959990e-04 1.732576824724674225e-02 1.612698845565319061e-02 1.262013707309961319e-02 4.231521859765052795e-03 1.360906008630990982e-02 1.063776575028896332e-02 2.620635554194450378e-03
1.219922676682472229e-01 8.325685858726501465e-01 3.983064554631710052e-03 1.793631352484226227e-02 5.386624950915575027e-03 8.638607710599899292e-02 1.063724234700202942e-01 1.734123681671917439e-03 3.832897869870066643e-03 5.440088454633951187e-03 8.496597409248352051e-02 1.473461277782917023e-02 9.867325425148010254e-02 2.329385653138160706e-02 3.964215517044067383e-02 6.263196468353271484e-03 1.015902496874332428e-02 2.716295979917049408e-02 6.592396181076765060e-03 8.858173154294490814e-03 2.741620875895023346e-03 1.263066101819276810e-02 2.633917843922972679e-03 9.870240464806556702e-03 8.675355464220046997e-03 2.585876965895295143e-03 1.234191469848155975e-02 1.778147928416728973e-02 1.025131205096840858e-03 2.229234576225280762e-02 2.261056564748287201e-02 4.535042680799961090e-03 5.977828986942768097e-03 4.087160807102918625e-03 1.971515128389000893e-03 2.130822744220495224e-03 6.469910731539130211e-04 1.394963171333074570e-02 9.863964281976222992e-03 1.760554849170148373e-03 4.057003185153007507e-03 9.136836044490337372e-03 8.210972882807254791e-04 3.672388195991516113e-02 1.866281963884830475e-02 2.082150988280773163e-02 8.363589644432067871e-02 6.416876614093780518e-02 2.034039061982184649e-04 1.573455892503261566e-02 1.949332468211650848e-02 1.835512928664684296e-02 1.146971993148326874e-02 4.239491187036037445e-03 1.594662666320800781e-02 6.333634722977876663e-03 3.964973613619804382e-03 5.801736377179622650e-03 9.952648542821407318e-04 7.699818233959376812e-04 1.116275042295455933e-02 1.465844549238681793e-02 8.709440007805824280e-03 4.828475881367921829e-03 7.073715794831514359e-03 5.752204917371273041e-03 1.207265304401516914e-03 1.409758283443807159e-06 3.225148888304829597e-03 1.168304402381181717e-02 6.746277795173227787e-04 5.028466228395700455e-03 1.183731202036142349e-02 4.283829126507043839e-03 8.157247677445411682e-03 6.557182059623301029e-04 8.429535082541406155e-04 4.620402585715055466e-03 1.648441702127456665e-02 4.263716109562665224e-04 1.108494214713573456e-02 2.905410155653953552e-02 2.099314704537391663e-02 1.648088218644261360e-03 2.588822506368160248e-03 3.675703657791018486e-03 1.003180351108312607e-02 5.283267702907323837e-03 4.356004763394594193e-03 5.957633256912231445e-03 1.367903687059879303e-02 5.744783673435449600e-03 1.248292997479438782e-02 2.193479798734188080e-02 3.152301302179694176e-03 7.597661111503839493e-03 1.480210688896477222e-03 1.320803770795464516e-03 3.122614929452538490e-03 4.725205712020397186e-03 8.826551958918571472e-03 2.094548428431153297e-03 6.158787757158279419e-03 4.328356590121984482e-03 5.862616468220949173e-03 1.322492025792598724e-02 2.201450290158390999e-03 2.202911116182804108e-02 5.349402781575918198e-04 2.099760808050632477e-02 2.342145657166838646e-03 5.748107796534895897e-04 1.948898658156394958e-03 1.376961357891559601e-02 7.456816965714097023e-04 9.390377439558506012e-03
1.395203289575874805e-03 3.983064554631710052e-03 8.325685858726501465e-01 3.143111616373062134e-02 9.457091800868511200e-03 1.245792582631111145e-02 9.061626158654689789e-03 6.732732057571411133e-02 1.982604898512363434e-02 4.084694664925336838e-03 1.888121478259563446e-02 6.239156238734722137e-03 1.756499148905277252e-02 1.437764242291450500e-02 1.295209024101495743e-02 1.506796106696128845e-03 8.354208432137966156e-03 2.430733852088451385e-02 6.465397309511899948e-03 1.127860881388187408e-02 5.934421438723802567e-03 1.204252615571022034e-02 1.395720429718494415e-02 1.449344307184219360e-02 3.228760091587901115e-03 4.434974864125251770e-03 1.820814423263072968e-02 2.290681377053260803e-02 6.683212239295244217e-03 2.442991733551025391e-02 3.862587036564946175e-03 9.412833489477634430e-03 7.205141242593526840e-03 4.304834175854921341e-03 1.184602547436952591e-02 1.978563331067562103e-02 4.868913441896438599e-03 1.314848288893699646e-02 1.538374368101358414e-02 2.492117322981357574e-02 8.112736395560204983e-04 9.151079575531184673e-04 2.365908119827508926e-03 2.603773213922977448e-02 6.562894675880670547e-03 9.207907132804393768e-03 2.032813057303428650e-02 1.512150000780820847e-02 1.775279990397393703e-03 1.335793826729059219e-02 9.858229197561740875e-03 9.596521034836769104e-03 2.363062091171741486e-02 2.499216981232166290e-02 7.166372146457433701e-03 1.523191761225461960e-02 7.515096571296453476e-03 4.862088710069656372e-03 1.240682974457740784e-02 1.899658702313899994e-02 2.446975931525230408e-02 1.459865365177392960e-02 2.023972384631633759e-02 2.193488739430904388e-02 1.393444021232426167e-03 1.152255665510892868e-02 2.615275559946894646e-03 1.522783190011978149e-02 1.996685005724430084e-02 2.154842391610145569e-02 1.622557640075683594e-02 1.696662628091871738e-03 1.367547921836376190e-02 1.253988593816757202e-02 1.273636333644390106e-02 8.176268078386783600e-03 1.075449120253324509e-02 1.199342682957649231e-02 1.317738369107246399e-02 2.207259880378842354e-03 9.052105247974395752e-02 8.189090341329574585e-02 1.345352386124432087e-03 7.931124418973922729e-03 1.676473766565322876e-04 1.342121604830026627e-02 2.424719557166099548e-02 4.544230923056602478e-02 3.676311112940311432e-03 8.628496289020404220e-05 1.405441015958786011e-02 1.246381271630525589e-02 9.389682672917842865e-03 1.708959601819515228e-02 3.571362700313329697e-03 3.077986882999539375e-03 1.684358902275562286e-02 1.475566904991865158e-02 6.458034738898277283e-03 1.520008780062198639e-02 5.942590069025754929e-03 3.571633016690611839e-03 1.712790317833423615e-02 1.217919588088989258e-02 8.196395821869373322e-03 1.814036816358566284e-02 9.377321694046258926e-04 1.204627286642789841e-02 1.556883659213781357e-02 4.553208593279123306e-03 1.189075876027345657e-02 9.429922327399253845e-03 5.178251303732395172e-03 1.359848771244287491e-03 1.553249079734086990e-02 1.980553008615970612e-02
1.132141333073377609e-02 1.793631352484226227e-02 3.143111616373062134e-02 8.325685858726501465e-01 5.871771275997161865e-02 1.847491227090358734e-02 2.051949687302112579e-02 1.626442931592464447e-02 1.411617361009120941e-02 3.996333573013544083e-03 2.398957684636116028e-02 6.876963307149708271e-04 2.884114161133766174e-02 1.733848825097084045e-02 7.766908966004848480e-03 2.077407948672771454e-02 2.354537323117256165e-02 2.919992059469223022e-02 9.107870981097221375e-03 1.201536599546670914e-02 1.356376335024833679e-02 1.880936324596405029e-02 1.640626229345798492e-02 1.041099242866039276e-02 1.809066534042358398e-02 2.758592180907726288e-02 1.839393191039562225e-02 1.161022810265421867e-03 1.017114985734224319e-02 5.328368395566940308e-03 8.297572843730449677e-03 1.482964307069778442e-02 1.359331049025058746e-02 1.361962966620922089e-02 2.059385739266872406e-02 1.910042576491832733e-02 1.041680667549371719e-02 8.905319496989250183e-03 3.660531342029571533e-02 2.598462998867034912e-02 1.499468809925019741e-03 8.886199444532394409e-03 1.317196898162364960e-02 6.645505316555500031e-03 3.508626949042081833e-03 9.750096127390861511e-03 2.493688464164733887e-02 2.220074087381362915e-02 3.444902598857879639e-03 2.488421741873025894e-03 1.216137036681175232e-02 4.681810736656188965e-03 7.767254952341318130e-03 1.905946619808673859e-02 1.665364578366279602e-02 9.059955365955829620e-03 1.651428081095218658e-02 5.387737881392240524e-03 2.097598975524306297e-03 1.116894782171584666e-04 5.020754039287567139e-02 3.401156887412071228e-02 2.177997492253780365e-02 8.717675693333148956e-03 9.852983057498931885e-03 1.111224107444286346e-02 7.805491797626018524e-03 1.575492508709430695e-02 3.682155534625053406e-02 1.968710497021675110e-02 3.295103088021278381e-02 1.072548236697912216e-02 5.378216505050659180e-02 1.061740797013044357e-02 4.349973052740097046e-02 1.994211692363023758e-03 1.830652169883251190e-02 1.004754938185214996e-02 6.044124718755483627e-03 3.749908879399299622e-03 3.253188356757164001e-02 3.232656046748161316e-02 2.519297786056995392e-02 1.659640297293663025e-02 7.968150079250335693e-03 1.471400028094649315e-03 1.167697831988334656e-02 2.171553857624530792e-02 2.428106963634490967e-02 1.652049086987972260e-02 1.514942385256290436e-02 2.236455306410789490e-02 2.025189623236656189e-02 2.409876696765422821e-02 2.592007070779800415e-02 2.095190808176994324e-02 1.078724488615989685e-02 5.655893590301275253e-03 7.553806528449058533e-03 4.590591881424188614e-03 9.485126473009586334e-03 1.565010659396648407e-02 4.959750920534133911e-03 3.093216801062226295e-03 1.634692028164863586e-02 1.269453763961791992e-02 1.247213780879974365e-02 2.831265097483992577e-03 8.097112178802490234e-03 8.810174651443958282e-03 1.787234446965157986e-03 3.742076223716139793e-03 6.777269300073385239e-03 1.032048463821411133e-02 5.910877604037523270e-03 9.019828401505947113e-03
2.498607384040951729e-03 5.386624950915575027e-03 9.457091800868511200e-03 5.871771275997161865e-02 8.325685858726501465e-01 7.049610372632741928e-03 1.386378705501556396e-02 6.166358478367328644e-03 2.260356023907661438e-02 2.812480367720127106e-02 4.785801749676465988e-03 1.534655597060918808e-02 1.512588467448949814e-02 1.015844941139221191e-02 4.455979913473129272e-03 2.425068989396095276e-02 2.703949622809886932e-02 1.986694708466529846e-02 3.170056268572807312e-02 6.642985623329877853e-03 1.901805587112903595e-02 1.082051172852516174e-02 2.686008252203464508e-02 2.799969539046287537e-02 1.461178716272115707e-02 3.196460008621215820e-02 1.821311190724372864e-02 1.231215707957744598e-02 1.743015460669994354e-02 1.433198247104883194e-02 1.860609091818332672e-02 1.420883368700742722e-02 3.564245067536830902e-03 1.644153520464897156e-02 1.736179739236831665e-02 1.155887078493833542e-02 1.824531331658363342e-02 3.209911752492189407e-03 3.526629135012626648e-02 3.847075998783111572e-02 1.101034693419933319e-02 1.789265312254428864e-02 1.990124024450778961e-02 3.246952779591083527e-03 5.145103670656681061e-03 2.376093529164791107e-03 1.468701660633087158e-02 2.138336747884750366e-02 1.143956440500915051e-03 1.258212607353925705e-02 2.003520727157592773e-02 1.587528176605701447e-02 1.869932375848293304e-02 2.000515535473823547e-02 1.957354694604873657e-02 1.563668251037597656e-02 1.999828033149242401e-02 1.838488318026065826e-02 3.663356415927410126e-03 3.545297659002244473e-04 3.270956128835678101e-02 4.252942278981208801e-02 5.275500938296318054e-03 3.605722682550549507e-03 1.312941126525402069e-02 1.860927045345306396e-02 4.380610771477222443e-03 2.960782032459974289e-03 2.598281763494014740e-02 1.065666228532791138e-02 3.409601002931594849e-02 1.214496511965990067e-02 2.821033820509910583e-02 4.224641248583793640e-03 3.903479501605033875e-02 9.913921821862459183e-04 1.956681534647941589e-02 2.844184450805187225e-02 1.789176650345325470e-02 2.283773943781852722e-02 8.044568821787834167e-03 7.021619938313961029e-03 1.828948967158794403e-02 4.755462706089019775e-02 3.204456879757344723e-04 5.769349634647369385e-03 3.714274382218718529e-03 1.025098375976085663e-02 1.581850461661815643e-02 2.550125308334827423e-02 1.688287034630775452e-02 1.622271910309791565e-02 2.437290735542774200e-02 1.833806000649929047e-02 2.638716623187065125e-02 2.134850062429904938e-02 2.664620755240321159e-03 1.380675239488482475e-04 2.396000921726226807e-02 2.314346656203269958e-02 2.108485437929630280e-02 2.046951465308666229e-02 5.834878422319889069e-03 3.850227454677224159e-03 8.475827984511852264e-03 2.308353595435619354e-02 2.090069837868213654e-02 1.039137365296483040e-03 1.795549504458904266e-02 1.272315066307783127e-02 1.469429209828376770e-02 3.770586801692843437e-03 1.521803997457027435e-02 1.031418144702911377e-02 1.259259181097149849e-03 9.423485957086086273e-03
9.085035324096679688e-02 8.638607710599899292e-02 1.245792582631111145e-02 1.847491227090358734e-02 7.049610372632741928e-03 8.325685858726501465e-01 1.104293167591094971e-01 9.383616968989372253e-03 7.593393675051629543e-04 1.638874225318431854e-02 7.779278606176376343e-02 2.584768459200859070e-02 7.480520009994506836e-02 4.161918535828590393e-02 2.327818796038627625e-02 2.380583062767982483e-02 2.003001049160957336e-02 3.479197621345520020e-03 1.940563321113586426e-02 2.120275236666202545e-02 1.544166076928377151e-02 7.989435456693172455e-03 5.037236027419567108e-03 1.381832174956798553e-02 3.741113236173987389e-03 1.665733195841312408e-02 9.930702857673168182e-03 3.290173783898353577e-02 2.313750097528100014e-03 2.856462262570858002e-02 2.728808904066681862e-03 1.099086087197065353e-02 9.045855142176151276e-03 1.771951839327812195e-02 4.948084708303213120e-03 1.328873331658542156e-03 1.157035492360591888e-02 2.423566300421953201e-03 1.673915237188339233e-02 1.643671095371246338e-02 3.485209599602967501e-04 9.049281477928161621e-03 4.011477576568722725e-04 2.205971255898475647e-02 2.025416493415832520e-02 2.219652011990547180e-02 8.858891576528549194e-02 5.983188003301620483e-02 9.880091995000839233e-03 1.820661826059222221e-03 1.806157454848289490e-02 1.085101254284381866e-02 1.549286767840385437e-02 5.115333944559097290e-03 1.456913771107792854e-03 6.862110923975706100e-03 6.715404335409402847e-03 1.139640714973211288e-02 2.083555795252323151e-03 2.210123697295784950e-03 1.126557216048240662e-02 1.485188119113445282e-02 1.044758781790733337e-02 8.233441039919853210e-03 2.818984445184469223e-03 2.523923758417367935e-03 1.310559362173080444e-02 1.119928434491157532e-02 3.853126661852002144e-03 6.451583467423915863e-03 1.316506764851510525e-03 1.328340172767639160e-02 1.358033809810876846e-02 6.231148145161569118e-04 1.627514022402465343e-03 4.997921176254749298e-03 2.127496758475899696e-03 9.701103903353214264e-03 1.335216965526342392e-02 9.554558433592319489e-03 1.071550790220499039e-02 7.729111239314079285e-03 1.047737523913383484e-02 1.464448869228363037e-02 2.568533178418874741e-03 1.213534269481897354e-02 1.065860409289598465e-02 1.336918119341135025e-02 6.205350160598754883e-03 1.899840310215950012e-02 1.602920703589916229e-02 3.312213346362113953e-03 1.863570697605609894e-02 1.198200695216655731e-02 1.348879071883857250e-03 1.345614087767899036e-03 2.744285156950354576e-03 2.726510167121887207e-03 2.506733639165759087e-03 2.547111129388213158e-03 1.087341457605361938e-02 6.057984195649623871e-03 2.102644881233572960e-03 1.357453060336410999e-03 8.249665610492229462e-03 1.093170419335365295e-02 1.295839808881282806e-02 1.215153839439153671e-02 8.490197360515594482e-03 1.788300834596157074e-02 1.955716172233223915e-03 3.883549710735678673e-03 6.646858528256416321e-03 1.899462752044200897e-02 4.288218915462493896e-03 7.905343547463417053e-03
1.035271212458610535e-01 1.063724234700202942e-01 9.061626158654689789e-03 2.051949687302112579e-02 1.386378705501556396e-02 1.104293167591094971e-01 8.325685858726501465e-01 4.014119040220975876e-03 5.920534022152423859e-03 4.154482856392860413e-03 8.817610144615173340e-02 1.907676644623279572e-02 9.309556335210800171e-02 3.024600632488727570e-02 3.034458868205547333e-02 5.598814226686954498e-03 6.490747444331645966e-03 1.830517686903476715e-02 1.238053780980408192e-03 1.670082658529281616e-02 9.950702078640460968e-03 1.541519537568092346e-02 5.141985820955596864e-05 5.424887873232364655e-03 2.182799624279141426e-03 8.006162010133266449e-03 2.581316791474819183e-02 2.210226282477378845e-02 1.352210715413093567e-02 1.930242218077182770e-02 2.236302010715007782e-02 3.470951691269874573e-03 4.113746399525552988e-04 7.490565069019794464e-03 8.615137776359915733e-04 5.402183742262423038e-04 2.867881208658218384e-03 9.194973856210708618e-03 1.010285411030054092e-02 3.054170170798897743e-03 1.412234036251902580e-03 7.666453253477811813e-03 5.118361674249172211e-03 1.813365519046783447e-02 1.218902226537466049e-02 1.235299371182918549e-02 1.016883030533790588e-01 8.771914243698120117e-02 3.795745782554149628e-03 7.235523313283920288e-03 1.271030120551586151e-02 9.574395604431629181e-03 1.020543277263641357e-02 4.904217086732387543e-03 7.700486108660697937e-03 2.619789156597107649e-04 9.696292690932750702e-04 1.719395280815660954e-03 1.645887619815766811e-03 1.504282699897885323e-03 1.176810450851917267e-02 1.639680564403533936e-02 4.481033829506486654e-04 5.492870230227708817e-03 9.960518218576908112e-03 1.794891990721225739e-02 7.634391542524099350e-03 8.930878713726997375e-03 1.113674879889003932e-04 5.643541924655437469e-03 1.332522719167172909e-03 1.690252451226115227e-03 1.060806959867477417e-02 1.243313541635870934e-03 4.238379653543233871e-03 3.860641503706574440e-03 4.021877612103708088e-05 6.683279061689972878e-04 2.121567912399768829e-02 3.030345775187015533e-03 1.773798093199729919e-02 1.275137532502412796e-02 1.439194101840257645e-02 3.516712225973606110e-03 2.276682760566473007e-03 6.715514697134494781e-03 8.266608230769634247e-03 1.384929940104484558e-02 6.032855017110705376e-04 7.091378327459096909e-03 3.011536411941051483e-02 4.389660432934761047e-03 3.650490194559097290e-02 2.165431156754493713e-02 1.125116646289825439e-02 1.184928230941295624e-02 3.050462401006370783e-04 2.389619359746575356e-03 5.183742847293615341e-03 4.845841322094202042e-03 5.971734877675771713e-03 2.016742248088121414e-03 5.299487151205539703e-03 2.584136324003338814e-03 3.180468920618295670e-03 1.262870617210865021e-02 5.715277977287769318e-03 1.478803809732198715e-02 8.438595104962587357e-04 1.225771289318799973e-02 4.175905603915452957e-03 3.026713384315371513e-03 2.869376214221119881e-03 8.623480796813964844e-03 1.971255056560039520e-03 2.041659463429823518e-04
5.199152976274490356e-03 1.734123681671917439e-03 6.732732057571411133e-02 1.626442931592464447e-02 6.166358478367328644e-03 9.383616968989372253e-03 4.014119040220975876e-03 8.325685858726501465e-01 4.497447516769170761e-03 9.975114837288856506e-03 9.756461717188358307e-03 8.854793384671211243e-03 1.314482092857360840e-02 1.766875758767127991e-02 5.708793178200721741e-02 2.521569374948740005e-03 2.260636305436491966e-03 7.691338192671537399e-03 5.582358688116073608e-03 4.393009003251791000e-03 9.560487233102321625e-03 1.411803066730499268e-02 3.702041460201144218e-03 9.162443690001964569e-03 1.201193686574697495e-02 1.740268431603908539e-02 1.759672351181507111e-02 2.143246121704578400e-02 8.182836696505546570e-03 2.612848579883575439e-02 1.728721149265766144e-02 1.097332313656806946e-02 2.701089903712272644e-02 1.975605078041553497e-02 2.042494714260101318e-02 2.085293090203776956e-04 2.353803999722003937e-02 1.148485206067562103e-02 2.194401435554027557e-02 3.187882527709007263e-02 1.337551861070096493e-03 4.231445956975221634e-03 7.095700595527887344e-03 1.304130721837282181e-02 8.975355885922908783e-03 2.639546990394592285e-03 8.839191868901252747e-03 5.148051306605339050e-03 1.072327978909015656e-02 9.327097795903682709e-03 1.154225878417491913e-02 5.453241057693958282e-03 4.599629342555999756e-02 4.218686372041702271e-02 1.018191687762737274e-02 9.005624800920486450e-03 1.280221901834011078e-02 1.734437234699726105e-02 2.104507945477962494e-02 1.920002326369285583e-02 6.142946658656001091e-04 9.946349076926708221e-03 1.762321032583713531e-02 1.229587197303771973e-02 6.982224527746438980e-03 1.994244754314422607e-03 8.017545565962791443e-03 2.133822708856314421e-04 1.756567321717739105e-02 4.314423073083162308e-03 1.217863801866769791e-02 8.713357150554656982e-03 1.695837266743183136e-02 1.317553833359852433e-04 1.152669358998537064e-02 4.034247249364852905e-03 1.094507053494453430e-02 4.704283550381660461e-03 7.114734617061913013e-04 8.164671249687671661e-03 9.748279303312301636e-02 6.425553560256958008e-02 7.830077665857970715e-04 1.891932100988924503e-03 1.579538546502590179e-02 6.868981290608644485e-03 4.559819772839546204e-02 6.300976127386093140e-02 7.666787598282098770e-03 2.014578785747289658e-03 2.851697616279125214e-03 1.208194345235824585e-02 9.846325963735580444e-03 1.952403411269187927e-02 4.988373257219791412e-03 2.420577919110655785e-03 5.249387118965387344e-03 2.805934753268957138e-03 4.445002414286136627e-03 2.380184378125704825e-05 1.258491072803735733e-02 1.700481213629245758e-02 5.422688554972410202e-03 4.120729863643646240e-03 3.376573324203491211e-02 4.010088369250297546e-02 9.438900277018547058e-03 1.100791804492473602e-02 2.658319100737571716e-02 5.166546907275915146e-05 2.994952490553259850e-03 2.957687480375170708e-03 1.225406676530838013e-02 2.268970478326082230e-03 6.203949451446533203e-04 8.916026912629604340e-03
4.912270698696374893e-03 3.832897869870066643e-03 1.982604898512363434e-02 1.411617361009120941e-02 2.260356023907661438e-02 7.593393675051629543e-04 5.920534022152423859e-03 4.497447516769170761e-03 8.325685858726501465e-01 4.357317835092544556e-02 2.140880795195698738e-03 4.834100976586341858e-02 9.012915194034576416e-03 3.738762438297271729e-02 4.165661055594682693e-03 2.044001407921314240e-02 1.913624256849288940e-02 3.315128386020660400e-02 1.812374778091907501e-02 4.049551673233509064e-03 8.004194125533103943e-03 1.423396635800600052e-02 4.637886583805084229e-02 3.766167908906936646e-02 1.305157225579023361e-02 1.743790879845619202e-02 5.586156476056203246e-05 2.578480914235115051e-02 2.866615774109959602e-03 1.656631380319595337e-02 5.819456873723538592e-06 7.663637865334749222e-03 1.406206935644149780e-02 4.601202905178070068e-03 1.748541370034217834e-02 6.117781624197959900e-03 5.607542116194963455e-03 6.759565789252519608e-03 7.154175080358982086e-03 4.937946796417236328e-03 1.667392253875732422e-02 2.706865593791007996e-02 1.812302321195602417e-02 5.227075424045324326e-03 3.523536399006843567e-02 1.077376771718263626e-02 1.347859273664653301e-03 5.586380138993263245e-03 3.389766812324523926e-02 2.213709801435470581e-02 3.466850146651268005e-02 3.120199777185916901e-02 2.797315362840890884e-03 5.000127479434013367e-03 4.470957443118095398e-02 2.481793612241744995e-02 3.260830789804458618e-02 2.366404794156551361e-02 1.220605149865150452e-02 5.005752202123403549e-03 2.376898005604743958e-02 2.654934301972389221e-02 6.327959243208169937e-03 1.534135639667510986e-02 3.684471361339092255e-03 5.165806971490383148e-03 9.744262322783470154e-03 6.093971896916627884e-04 5.621437728404998779e-02 3.770782379433512688e-03 5.557658150792121887e-02 8.226376958191394806e-03 2.172937430441379547e-02 1.198922377079725266e-02 2.101562172174453735e-02 2.078560553491115570e-02 6.422896683216094971e-02 5.605981871485710144e-02 4.880471527576446533e-02 3.092490881681442261e-02 5.699809174984693527e-03 6.065545603632926941e-04 3.075848892331123352e-02 2.557505853474140167e-02 2.488610520958900452e-02 2.428186684846878052e-02 7.665836601518094540e-04 8.129153400659561157e-03 3.766037151217460632e-02 2.941796556115150452e-02 3.896353300660848618e-03 1.844174042344093323e-02 2.982771489769220352e-03 1.487439963966608047e-02 1.242140308022499084e-02 7.302069105207920074e-03 5.031033419072628021e-03 9.082639589905738831e-03 4.466740041971206665e-02 4.354995861649513245e-02 4.263604525476694107e-03 4.516788758337497711e-03 3.659784095361828804e-03 2.151608234271407127e-03 1.029598293825984001e-03 1.738308463245630264e-03 3.850817447528243065e-03 2.476470358669757843e-02 1.159108988940715790e-02 1.171556767076253891e-02 9.209358133375644684e-03 4.930708091706037521e-03 4.242740105837583542e-03 7.577307056635618210e-03 6.972555071115493774e-03 6.152168847620487213e-03
5.803290754556655884e-03 5.440088454633951187e-03 4.084694664925336838e-03 3.996333573013544083e-03 2.812480367720127106e-02 1.638874225318431854e-02 4.154482856392860413e-03 9.975114837288856506e-03 4.357317835092544556e-02 8.325685858726501465e-01 1.248675398528575897e-02 3.476854041218757629e-02 1.135978149250149727e-03 4.728268086910247803e-02 6.209557875990867615e-03 2.472776547074317932e-02 2.803204581141471863e-02 2.527246996760368347e-02 5.115637183189392090e-02 6.655594334006309509e-03 9.426010772585868835e-03 1.344417128711938858e-02 3.367504477500915527e-02 4.391451552510261536e-02 8.776430040597915649e-03 2.275537140667438507e-02 4.556543717626482248e-04 2.642693929374217987e-02 5.258898716419935226e-03 2.772318385541439056e-02 1.928086392581462860e-03 1.118973363190889359e-02 7.894229143857955933e-03 1.975396461784839630e-02 6.215544417500495911e-03 3.369863610714673996e-03 1.019094604998826981e-02 3.780096303671598434e-03 9.101427160203456879e-03 1.689774543046951294e-02 9.466068819165229797e-03 2.485393546521663666e-02 2.641540579497814178e-02 1.172134838998317719e-02 1.884149760007858276e-02 1.504782866686582565e-02 7.934577763080596924e-03 1.457431062590330839e-04 3.561635687947273254e-02 5.138995870947837830e-02 1.515857316553592682e-02 1.868890412151813507e-02 6.394446361809968948e-03 6.461412645876407623e-03 3.077400289475917816e-02 4.181526601314544678e-02 1.733739301562309265e-02 3.662752732634544373e-02 7.760094478726387024e-03 2.615424571558833122e-03 5.067727994173765182e-03 3.310012072324752808e-02 1.431120466440916061e-02 5.219765473157167435e-03 7.131710182875394821e-03 1.147052738815546036e-02 1.217834465205669403e-02 2.555438783019781113e-03 2.574818208813667297e-02 9.175176382996141911e-04 4.730219766497612000e-02 4.137306939810514450e-03 4.275012470316141844e-04 8.550136350095272064e-03 1.870524324476718903e-02 1.493417774327099323e-03 2.624977193772792816e-02 6.061819568276405334e-02 4.771225899457931519e-02 6.701087951660156250e-02 1.836408162489533424e-03 2.782561059575527906e-04 1.091777812689542770e-02 5.996403098106384277e-02 1.899025402963161469e-02 3.181198611855506897e-02 1.908032223582267761e-03 6.527227378683164716e-05 2.649677172303199768e-02 5.319202318787574768e-02 1.733246754156425595e-04 1.412262115627527237e-02 1.420778804458677769e-03 1.205883547663688660e-02 9.127883240580558777e-03 1.489544007927179337e-02 1.544457394629716873e-03 7.100036833435297012e-03 2.726712822914123535e-02 3.310708329081535339e-02 1.524726953357458115e-02 1.161802001297473907e-02 6.266342010349035263e-03 4.709970671683549881e-03 6.668793037533760071e-03 1.837901887483894825e-03 1.548010017722845078e-02 1.043776515871286392e-02 1.205841358751058578e-02 2.264961367473006248e-03 4.380780737847089767e-03 3.937520959880203009e-04 1.200263388454914093e-02 9.990971535444259644e-03 4.017014056444168091e-03 1.411491259932518005e-02
8.880844712257385254e-02 8.496597409248352051e-02 1.888121478259563446e-02 2.398957684636116028e-02 4.785801749676465988e-03 7.779278606176376343e-02 8.817610144615173340e-02 9.756461717188358307e-03 2.140880795195698738e-03 1.248675398528575897e-02 8.325685858726501465e-01 1.964699476957321167e-02 9.547822177410125732e-02 2.807081118226051331e-02 4.102717712521553040e-02 1.427798531949520111e-03 4.409565124660730362e-03 2.207946777343750000e-02 4.317443235777318478e-04 9.124638512730598450e-03 1.129539450630545616e-03 2.077998593449592590e-02 7.629255298525094986e-03 1.012524683028459549e-02 9.545394219458103180e-03 1.556221279315650463e-03 1.828885078430175781e-02 1.050509978085756302e-02 2.591122873127460480e-02 1.137766428291797638e-02 2.240844443440437317e-02 1.723647001199424267e-03 7.288658991456031799e-03 5.274022114463150501e-04 8.268397301435470581e-03 2.354191616177558899e-03 1.643559546209871769e-03 1.373265404254198074e-02 2.651963848620653152e-03 5.498026497662067413e-03 1.975727081298828125e-02 2.592168049886822701e-03 4.578837659209966660e-03 1.016713213175535202e-02 3.223589388653635979e-03 7.111327722668647766e-03 8.498578518629074097e-02 5.994363129138946533e-02 1.054541789926588535e-04 7.684117183089256287e-03 3.174233133904635906e-04 4.030957818031311035e-03 1.363379135727882385e-02 7.280247751623392105e-03 3.281556069850921631e-03 6.604538764804601669e-03 9.261241182684898376e-03 5.614820402115583420e-03 1.765113510191440582e-02 2.226296626031398773e-02 1.116507593542337418e-02 1.116668339818716049e-02 2.923248102888464928e-04 5.603541620075702667e-03 2.746500261127948761e-02 2.851368673145771027e-02 3.457447281107306480e-03 1.000968366861343384e-02 9.889326756820082664e-04 1.093768142163753510e-02 3.504857886582612991e-03 8.623776957392692566e-03 1.657025702297687531e-02 1.731054484844207764e-02 9.182919748127460480e-03 1.571495085954666138e-02 5.289745517075061798e-03 1.226434297859668732e-02 1.033034175634384155e-02 1.246054656803607941e-02 2.724507823586463928e-03 4.266211763024330139e-03 7.885794155299663544e-03 4.784963559359312057e-03 4.591369070112705231e-03 3.235979704186320305e-03 2.181874401867389679e-02 3.649606928229331970e-02 2.349823480471968651e-04 1.136468257755041122e-02 3.089147806167602539e-02 1.628216356039047241e-02 2.293885499238967896e-02 2.861374616622924805e-02 9.864723309874534607e-03 8.384830318391323090e-03 1.592643372714519501e-02 1.352071855217218399e-02 2.579036634415388107e-03 1.475670840591192245e-03 5.875916685909032822e-03 5.361040122807025909e-03 1.736643351614475250e-02 1.812089793384075165e-02 6.419515237212181091e-03 8.625163696706295013e-03 6.053177639842033386e-03 9.388349280925467610e-05 9.155848994851112366e-03 3.423820890020579100e-04 2.228290215134620667e-02 2.030413039028644562e-02 6.946747889742255211e-04 1.566485036164522171e-03 1.746395789086818695e-02 1.233273278921842575e-02
2.013563178479671478e-02 1.473461277782917023e-02 6.239156238734722137e-03 6.876963307149708271e-04 1.534655597060918808e-02 2.584768459200859070e-02 1.907676644623279572e-02 8.854793384671211243e-03 4.834100976586341858e-02 3.476854041218757629e-02 1.964699476957321167e-02 8.325685858726501465e-01 1.166089717298746109e-02 6.782732903957366943e-02 2.281380118802189827e-03 1.849215477705001831e-02 1.631559431552886963e-02 1.900743134319782257e-02 2.043703012168407440e-02 2.253074664622545242e-03 1.101437862962484360e-02 2.398187294602394104e-02 4.030668735504150391e-02 3.600320592522621155e-02 1.033392455428838730e-02 2.623946033418178558e-02 3.032675711438059807e-03 5.781413242220878601e-02 6.726964376866817474e-03 4.876747354865074158e-02 4.189485334791243076e-04 1.065143151208758354e-03 4.164442420005798340e-03 1.274445909075438976e-03 2.184078469872474670e-02 4.942727740854024887e-03 1.178739592432975769e-03 1.238516345620155334e-02 1.353866886347532272e-02 6.977404933422803879e-03 2.320874296128749847e-02 7.731632329523563385e-03 7.774491328746080399e-03 3.346137702465057373e-03 3.629551827907562256e-02 1.611471921205520630e-02 2.302130497992038727e-02 8.471872657537460327e-03 2.225142344832420349e-02 1.576163433492183685e-02 2.463380619883537292e-02 2.381120435893535614e-02 2.228498458862304688e-02 6.262387614697217941e-03 2.941740490496158600e-02 2.403283119201660156e-02 3.946659713983535767e-02 3.500919044017791748e-02 1.200384926050901413e-02 9.821223095059394836e-03 7.826151326298713684e-03 2.561343088746070862e-02 5.242477636784315109e-03 2.355315349996089935e-02 5.250954069197177887e-03 6.990130350459367037e-05 4.164098296314477921e-03 9.992917068302631378e-03 3.270951658487319946e-02 5.205226596444845200e-03 3.491953015327453613e-02 9.343964047729969025e-03 1.383086945861577988e-02 2.011841535568237305e-02 2.137465961277484894e-02 2.424123696982860565e-02 4.388335347175598145e-02 4.161347076296806335e-02 3.708640858530998230e-02 3.346053510904312134e-02 2.416113420622423291e-04 1.347920298576354980e-02 1.474056113511323929e-02 2.083497121930122375e-02 1.961826719343662262e-02 2.187928371131420135e-02 5.400930065661668777e-03 8.764940313994884491e-03 4.165412485599517822e-02 3.708537667989730835e-02 1.205201074481010437e-02 1.469836570322513580e-02 2.370442729443311691e-03 6.576224695891141891e-03 9.631386958062648773e-03 1.291037187911570072e-03 2.169420383870601654e-02 1.925427839159965515e-02 2.082950808107852936e-02 2.229410596191883087e-02 4.487677477300167084e-03 6.803572643548250198e-03 1.680282317101955414e-02 2.033714391291141510e-02 2.207349520176649094e-03 6.346406415104866028e-03 2.888265065848827362e-03 2.854456566274166107e-02 8.289876393973827362e-03 1.206065434962511063e-02 2.132961526513099670e-02 2.438438124954700470e-02 6.064512766897678375e-03 7.943656528368592262e-04 1.749526336789131165e-02 8.640515618026256561e-03
9.284546971321105957e-02 9.867325425148010254e-02 1.756499148905277252e-02 2.884114161133766174e-02 1.512588467448949814e-02 7.480520009994506836e-02 9.309556335210800171e-02 1.314482092857360840e-02 9.012915194034576416e-03 1.135978149250149727e-03 9.547822177410125732e-02 1.166089717298746109e-02 8.325685858726501465e-01 1.771407760679721832e-02 4.347291216254234314e-02 8.709765039384365082e-03 6.124362815171480179e-03 2.878201007843017578e-02 9.832921437919139862e-03 1.062467414885759354e-02 8.097982965409755707e-03 2.215941622853279114e-02 4.841511603444814682e-03 1.780642895027995110e-03 3.531526308506727219e-03 2.475302899256348610e-03 2.719707600772380829e-02 1.159196533262729645e-02 2.305580303072929382e-02 1.262054871767759323e-02 3.652664646506309509e-02 2.049031434580683708e-03 5.981749389320611954e-03 2.012339420616626740e-03 9.009261615574359894e-03 4.048265516757965088e-03 3.792771603912115097e-04 5.089723505079746246e-03 6.747805513441562653e-03 4.537900909781455994e-03 6.836429238319396973e-03 7.415982428938150406e-03 3.200747072696685791e-03 1.592888124287128448e-02 5.022218450903892517e-03 3.616926842369139194e-04 8.424328267574310303e-02 6.972093135118484497e-02 6.799856200814247131e-03 1.107818633317947388e-02 7.048945408314466476e-03 7.001916412264108658e-03 1.066754106432199478e-02 6.861669942736625671e-03 1.203660946339368820e-02 8.492789231240749359e-03 3.342870157212018967e-03 1.815083902329206467e-03 1.057260297238826752e-02 1.653949730098247528e-02 9.652633219957351685e-03 7.097572553902864456e-03 9.048401261679828167e-04 1.038377266377210617e-02 2.157073654234409332e-02 3.518341109156608582e-02 2.728967810980975628e-04 1.096630748361349106e-02 9.705993346869945526e-03 6.580265704542398453e-03 8.434594608843326569e-03 1.862724311649799347e-02 1.518403366208076477e-02 8.514138869941234589e-03 1.382141932845115662e-02 1.533508859574794769e-02 4.733681678771972656e-03 8.387799607589840889e-04 1.654038578271865845e-02 2.684163395315408707e-03 3.034194232895970345e-04 7.768440525978803635e-03 1.362066529691219330e-02 7.939915172755718231e-03 1.204284024424850941e-03 3.707609139382839203e-03 1.170793920755386353e-02 3.172623738646507263e-02 2.305084606632590294e-03 1.066063996404409409e-03 2.997485734522342682e-02 1.332026533782482147e-02 3.366722539067268372e-02 4.237877205014228821e-02 1.186332665383815765e-02 1.349228248000144958e-02 9.568879380822181702e-03 9.299296885728836060e-03 6.758125033229589462e-03 7.527192588895559311e-03 4.225892014801502228e-03 3.874446032568812370e-03 8.316717110574245453e-03 1.395146176218986511e-02 4.456579044926911592e-04 8.641554042696952820e-03 6.328238639980554581e-03 5.219804123044013977e-03 2.282837871462106705e-03 1.608660793863236904e-03 9.460540488362312317e-03 1.350477337837219238e-02 6.963182240724563599e-04 3.125380026176571846e-03 9.584146551787853241e-03 9.410287253558635712e-03
