8.340816497802734375e-01 9.887135773897171021e-02 3.261044993996620178e-02 3.518408862873911858e-03 1.733928569592535496e-03 7.444253563880920410e-02 7.600826770067214966e-02 5.050668492913246155e-03 3.424199065193533897e-03 5.493648932315409184e-04 8.132115751504898071e-02 2.333567477762699127e-02 6.242093071341514587e-02 3.161879256367683411e-02 6.941962987184524536e-03 1.630664803087711334e-02 2.273375354707241058e-02 3.856413764879107475e-03 6.047871429473161697e-04 1.020409632474184036e-02 1.229969412088394165e-02 1.709858141839504242e-02 7.110608275979757309e-03 1.301255263388156891e-02 1.579432561993598938e-02 2.293861005455255508e-03 4.244260955601930618e-03 9.771345183253288269e-03 1.189038623124361038e-02 6.074497650843113661e-05 8.484688587486743927e-04 1.044468861073255539e-02 6.442841608077287674e-03 1.688862778246402740e-02 1.225759740918874741e-02 3.683271352201700211e-03 3.883810481056571007e-03 1.625038310885429382e-02 5.485006142407655716e-03 1.279266178607940674e-02 1.508161518722772598e-02 1.120462268590927124e-02 4.731568042188882828e-03 2.671245485544204712e-02 8.886031806468963623e-03 1.518491189926862717e-04 4.644353315234184265e-02 5.680362135171890259e-02 1.333226449787616730e-02 1.304803788661956787e-02 1.590886712074279785e-02 1.640068367123603821e-02 1.484511978924274445e-02 5.770966163254342973e-05 4.841965623199939728e-03 6.265647243708372116e-03 1.347440760582685471e-02 8.546452037990093231e-03 1.379968505352735519e-02 8.395299315452575684e-03 4.985041916370391846e-03 4.435259033925831318e-04 1.215867418795824051e-02 7.479764171876013279e-04 1.810672227293252945e-03 1.265453919768333435e-02 8.535406086593866348e-04 9.572381153702735901e-03 2.416697825537994504e-04 8.649392984807491302e-03 1.127472054213285446e-02 1.385899167507886887e-02 1.148140523582696915e-02 7.827638648450374603e-03 2.744146808981895447e-02 1.747734658420085907e-02 7.256433018483221531e-04 3.390721103642135859e-04 2.486417256295681000e-02 2.804846875369548798e-02 2.946220710873603821e-02 1.901294663548469543e-02 2.210186095908284187e-03 6.679404992610216141e-03 6.406227475963532925e-04 2.297593653202056885e-02 6.437867414206266403e-04 4.677902441471815109e-03 9.851248003542423248e-03 2.293205633759498596e-02 1.992322877049446106e-02 2.008059993386268616e-03 1.812067069113254547e-02 1.264894567430019379e-02 2.213555574417114258e-02 1.823460496962070465e-02 1.839618943631649017e-02 2.427552081644535065e-02 1.695368671789765358e-03 4.735444672405719757e-03 2.767420001327991486e-02 2.013372257351875305e-02 2.173721417784690857e-02 2.819149009883403778e-02 4.805126227438449860e-03 1.136774849146604538e-02 1.759401406161487103e-03 1.073874160647392273e-02 1.161713153123855591e-02 9.578069671988487244e-03 1.984578743577003479e-02 2.334051299840211868e-03 1.414864556863903999e-03 6.713731214404106140e-03 2.245155908167362213e-02 2.199257723987102509e-02
9.887135773897171021e-02 8.340816497802734375e-01 2.132213301956653595e-02 4.542868584394454956e-03 3.659309586510062218e-03 7.289896160364151001e-02 8.027856796979904175e-02 1.984242163598537445e-02 1.188759692013263702e-03 5.956410896033048630e-04 6.132162734866142273e-02 2.660116180777549744e-02 6.776266545057296753e-02 4.093321785330772400e-02 1.102266926318407059e-02 2.483792416751384735e-02 3.180352598428726196e-02 6.450776010751724243e-03 3.385458141565322876e-03 1.831855252385139465e-02 1.620403723791241646e-03 1.536952890455722809e-02 2.043623663485050201e-02 2.452536486089229584e-02 2.371578104794025421e-02 5.628953222185373306e-03 1.516556553542613983e-02 1.167594236903823912e-04 4.355572629719972610e-03 3.118218737654387951e-04 1.293322071433067322e-02 2.998103573918342590e-02 1.178203150629997253e-02 4.835836589336395264e-03 1.138591091148555279e-03 6.348409224301576614e-03 1.970237208297476172e-04 7.718533743172883987e-03 7.112913765013217926e-03 1.887228339910507202e-02 1.306012645363807678e-02 2.206512959674000740e-03 5.732342135161161423e-03 1.751236803829669952e-02 1.422268711030483246e-02 1.047742459923028946e-02 3.400773182511329651e-02 5.258402228355407715e-02 8.685176260769367218e-03 1.455128751695156097e-02 1.238390523940324783e-02 1.341261807829141617e-02 5.553700029850006104e-03 8.776583708822727203e-04 1.551360014673264232e-06 3.854013513773679733e-03 1.277144346386194229e-02 3.495012642815709114e-03 1.307153142988681793e-03 7.225239649415016174e-03 3.130560275167226791e-03 2.126232022419571877e-03 9.077641880139708519e-04 8.773779496550559998e-03 1.525238342583179474e-02 3.303245874121785164e-03 2.045136317610740662e-02 2.925965236499905586e-03 8.694146759808063507e-03 1.916302740573883057e-02 1.504361350089311600e-02 1.858450099825859070e-02 1.916031178552657366e-04 1.434280164539813995e-02 1.971581391990184784e-02 2.027606405317783356e-02 3.419934306293725967e-03 2.981489815283566713e-04 2.505492419004440308e-02 2.904104068875312805e-02 1.970412582159042358e-02 1.042008679360151291e-02 2.730938140302896500e-03 8.256921544671058655e-03 1.235611364245414734e-02 1.870119199156761169e-02 5.213963799178600311e-03 9.101841598749160767e-03 6.524178665131330490e-03 1.923617161810398102e-02 4.540608264505863190e-03 1.304030511528253555e-02 8.120810613036155701e-03 1.052549201995134354e-02 2.312275208532810211e-02 2.074243873357772827e-02 1.914322003722190857e-02 1.893391087651252747e-02 5.541055928915739059e-03 3.675661981105804443e-03 3.309524059295654297e-02 1.978587172925472260e-02 1.032424066215753555e-02 2.268563210964202881e-02 1.517386548221111298e-02 1.918063871562480927e-02 7.472027558833360672e-03 1.229858025908470154e-02 6.450520362704992294e-03 1.646114327013492584e-02 2.118878811597824097e-02 9.101148694753646851e-03 6.772213382646441460e-04 1.222392823547124863e-02 2.744403667747974396e-02 2.829442732036113739e-02
3.261044993996620178e-02 2.132213301956653595e-02 8.340816497802734375e-01 4.115852992981672287e-03 3.009584266692399979e-03 3.341781347990036011e-02 3.149600699543952942e-02 4.425158351659774780e-02 1.219879277050495148e-02 2.807823941111564636e-03 4.828017204999923706e-02 8.029993623495101929e-03 3.831203654408454895e-02 1.318000629544258118e-02 3.095109574496746063e-02 1.041508076013997197e-04 1.399605185724794865e-03 1.717176102101802826e-02 8.391198702156543732e-03 2.948105894029140472e-02 1.023311913013458252e-02 1.406529825180768967e-02 6.253185216337442398e-03 6.403786130249500275e-03 3.259910643100738525e-02 2.380020357668399811e-02 1.099094282835721970e-02 9.860755875706672668e-03 1.935856603085994720e-02 1.203628256916999817e-02 1.466695591807365417e-02 1.286209281533956528e-02 1.666808128356933594e-02 4.968662746250629425e-03 4.120175726711750031e-03 2.547585777938365936e-02 2.635165676474571228e-02 3.775910660624504089e-02 3.514201566576957703e-02 3.317163512110710144e-02 2.980628237128257751e-02 2.332612127065658569e-02 3.985836170613765717e-03 4.045982658863067627e-02 1.449099462479352951e-02 1.170857530087232590e-02 3.422480449080467224e-02 2.853941172361373901e-02 3.172046272084116936e-03 4.428631218615919352e-04 9.898018091917037964e-03 3.433068515732884407e-03 1.923203468322753906e-02 5.965303629636764526e-03 1.739185862243175507e-02 1.021889876574277878e-02 2.178629860281944275e-02 2.655589021742343903e-02 1.758691854774951935e-02 1.319812051951885223e-02 1.040774583816528320e-02 1.082826033234596252e-02 5.590244196355342865e-03 1.168682053685188293e-02 2.237182483077049255e-02 2.182292565703392029e-02 1.750553213059902191e-02 2.229011617600917816e-03 4.166296683251857758e-03 3.867774037644267082e-03 9.395145811140537262e-03 2.108042361214756966e-03 8.810272440314292908e-03 9.117120876908302307e-03 1.811987161636352539e-02 1.773341442458331585e-03 1.522830501198768616e-02 6.766767241060733795e-03 6.184501107782125473e-03 3.901646705344319344e-04 6.970237940549850464e-02 5.401008576154708862e-02 4.830514080822467804e-03 6.270535290241241455e-03 1.375011168420314789e-02 3.387085162103176117e-03 3.072539530694484711e-02 3.175400942564010620e-02 7.550317794084548950e-03 5.345629993826150894e-03 1.885398291051387787e-02 1.188694965094327927e-02 1.648523658514022827e-02 1.788262464106082916e-02 2.424532733857631683e-02 2.521940134465694427e-02 2.004288509488105774e-02 1.432656543329358101e-03 1.874443329870700836e-02 1.273987442255020142e-02 1.117003243416547775e-02 1.191403809934854507e-02 2.740132063627243042e-02 9.493857622146606445e-03 2.222810499370098114e-02 1.319235097616910934e-02 2.449168264865875244e-02 4.352481570094823837e-03 3.329371660947799683e-02 1.277097593992948532e-02 8.530606515705585480e-03 3.984171897172927856e-03 1.886116340756416321e-02 1.626431127078831196e-03 5.337961018085479736e-03 2.571524679660797119e-02
3.518408862873911858e-03 4.542868584394454956e-03 4.115852992981672287e-03 8.340816497802734375e-01 7.768364995718002319e-02 6.897794548422098160e-03 5.375983309932053089e-04 4.218865651637315750e-03 8.971015922725200653e-03 5.401654168963432312e-03 1.027908455580472946e-02 1.515609119087457657e-02 1.151381433010101318e-02 3.253796324133872986e-02 1.635349914431571960e-02 5.859947763383388519e-03 3.066739533096551895e-03 4.521864280104637146e-02 3.410383686423301697e-02 1.222643186338245869e-03 9.970090351998806000e-03 9.835625998675823212e-03 6.995012052357196808e-03 7.558268494904041290e-03 1.113649178296327591e-02 8.699406869709491730e-03 1.234821509569883347e-02 2.191309630870819092e-02 2.925701253116130829e-02 2.165509201586246490e-02 2.462077885866165161e-02 4.270146600902080536e-04 1.791309751570224762e-02 8.258381276391446590e-04 3.275752067565917969e-02 3.020776668563485146e-03 3.964509349316358566e-03 8.859618566930294037e-03 2.143101021647453308e-02 2.580316551029682159e-02 1.331324107013642788e-03 1.370134111493825912e-02 3.905612276867032051e-03 2.102605358231812716e-04 2.357523143291473389e-02 2.314271219074726105e-02 1.421628426760435104e-02 2.273496985435485840e-02 1.349369250237941742e-02 1.439936365932226181e-02 1.109808590263128281e-02 2.167412452399730682e-02 7.614863105118274689e-03 1.085617300122976303e-02 2.864908054471015930e-02 7.462901994585990906e-03 4.093055054545402527e-02 3.119878098368644714e-02 2.250013174489140511e-03 1.155095640569925308e-02 4.530586674809455872e-02 3.353204578161239624e-02 2.368326485157012939e-02 2.229112759232521057e-02 2.474274300038814545e-02 2.036459930241107941e-02 5.513992626219987869e-03 1.229466125369071960e-02 2.833623066544532776e-02 3.617686219513416290e-03 3.093466628342866898e-03 2.189461514353752136e-02 5.927400290966033936e-02 5.562745500355958939e-03 4.839729145169258118e-02 1.624430157244205475e-02 6.007649004459381104e-03 1.166941132396459579e-02 1.881758682429790497e-02 1.246850937604904175e-02 7.657435256987810135e-03 1.359614776447415352e-03 4.199601709842681885e-02 2.524863183498382568e-02 2.433310449123382568e-02 1.716273277997970581e-02 5.868093110620975494e-03 5.172832403331995010e-03 3.602918237447738647e-02 7.090020459145307541e-03 2.512242086231708527e-02 7.316649891436100006e-03 2.737996540963649750e-02 3.054409055039286613e-03 7.015220820903778076e-03 1.245749648660421371e-03 5.435023456811904907e-03 1.122726406902074814e-02 1.248562801629304886e-02 7.148253644118085504e-05 1.307624671608209610e-02 8.311349665746092796e-05 7.840118370950222015e-03 4.763135686516761780e-03 3.056796267628669739e-03 8.937828242778778076e-03 5.959386471658945084e-04 5.385671555995941162e-02 5.324454512447118759e-03 4.525993391871452332e-02 4.839101806282997131e-03 1.582771725952625275e-02 6.413614377379417419e-03 6.677146069705486298e-03 3.205822431482374668e-04 1.573077030479907990e-02
1.733928569592535496e-03 3.659309586510062218e-03 3.009584266692399979e-03 7.768364995718002319e-02 8.340816497802734375e-01 4.152215551584959030e-03 2.732643159106373787e-03 8.464467711746692657e-03 2.010516263544559479e-02 2.640416845679283142e-02 6.438836921006441116e-03 1.244607381522655487e-02 1.573676615953445435e-02 2.011557854712009430e-02 1.569771394133567810e-02 7.441387511789798737e-03 7.289348868653178215e-04 5.088301748037338257e-02 5.001737549901008606e-02 1.047199941240251064e-03 1.172357890754938126e-02 5.509880371391773224e-03 8.518079295754432678e-03 1.300671487115323544e-03 2.242401987314224243e-02 5.379423499107360840e-03 7.960140705108642578e-03 2.132821828126907349e-02 1.749662309885025024e-02 3.209922835230827332e-02 1.606568135321140289e-02 3.981607500463724136e-03 2.311942726373672485e-02 9.569407440721988678e-03 2.323268912732601166e-02 2.754152752459049225e-03 4.047272377647459507e-04 1.159768272191286087e-02 3.883178532123565674e-02 4.371244460344314575e-02 1.285977778024971485e-03 1.107780542224645615e-02 3.933888394385576248e-03 1.889676600694656372e-02 1.773513294756412506e-02 2.131398208439350128e-02 6.826319731771945953e-03 1.107622217386960983e-02 1.601712405681610107e-02 2.320441603660583496e-02 1.389023754745721817e-02 2.038415707647800446e-02 1.572375185787677765e-02 1.262322440743446350e-02 3.238164633512496948e-02 1.180578768253326416e-02 1.906445249915122986e-02 2.109950594604015350e-02 3.954101819545030594e-03 9.298139251768589020e-03 3.854893520474433899e-02 3.124262951314449310e-02 4.160832613706588745e-03 8.854895830154418945e-03 2.172729372978210449e-02 1.836694590747356415e-02 8.397349156439304352e-03 7.749640848487615585e-03 1.246981136500835419e-02 9.342636913061141968e-03 5.947643425315618515e-03 1.966637559235095978e-02 3.069781139492988586e-02 1.563603058457374573e-02 4.762665182352066040e-02 2.515368908643722534e-02 1.173141226172447205e-02 1.488929241895675659e-02 2.569314278662204742e-02 2.379714138805866241e-02 4.680162237491458654e-04 7.638215087354183197e-03 5.164015293121337891e-02 4.624964296817779541e-02 2.790545113384723663e-02 2.447203546762466431e-02 1.061437930911779404e-02 1.056088879704475403e-02 2.063104882836341858e-02 2.303389273583889008e-02 1.183145493268966675e-02 6.681530270725488663e-03 1.122984755784273148e-02 7.136091124266386032e-03 9.569717571139335632e-03 1.062112208455801010e-02 1.052478328347206116e-02 2.855764329433441162e-02 5.088445730507373810e-03 5.195637699216604233e-03 1.108367647975683212e-02 2.561240980867296457e-04 2.929323818534612656e-03 1.722547970712184906e-02 1.079420093446969986e-03 8.295466192066669464e-03 9.258770383894443512e-03 5.027301236987113953e-02 4.399608355015516281e-03 3.231890872120857239e-02 1.682373695075511932e-02 1.542289741337299347e-02 2.686819352675229311e-04 5.184595938771963120e-03 8.477747323922812939e-04 1.004674658179283142e-02
7.444253563880920410e-02 7.289896160364151001e-02 3.341781347990036011e-02 6.897794548422098160e-03 4.152215551584959030e-03 8.340816497802734375e-01 8.939873427152633667e-02 2.490524901077151299e-03 1.522631850093603134e-02 1.798301673261448741e-04 5.659559741616249084e-02 4.303395748138427734e-02 5.629540234804153442e-02 5.508800223469734192e-02 6.629576906561851501e-03 1.575831323862075806e-02 2.433414943516254425e-02 2.824328839778900146e-03 3.151987213641405106e-03 1.471285521984100342e-02 1.675841864198446274e-03 4.329937044531106949e-03 2.731771767139434814e-02 2.616160735487937927e-02 2.966073714196681976e-02 1.712859794497489929e-02 9.843315929174423218e-03 8.932148106396198273e-03 1.002830825746059418e-02 5.834089592099189758e-03 1.742360927164554596e-02 2.851906232535839081e-02 6.887477822601795197e-03 2.073804847896099091e-03 1.094555365853011608e-03 2.012255974113941193e-02 2.260110899806022644e-02 1.824980974197387695e-02 9.027466177940368652e-03 4.470440093427896500e-03 2.697125449776649475e-02 1.321913395076990128e-02 9.130516089498996735e-03 1.575586758553981781e-02 9.873423259705305099e-04 1.048671454191207886e-02 4.665198922157287598e-02 5.250230804085731506e-02 4.640073981136083603e-03 1.519663352519273758e-02 1.059993822127580643e-02 2.191421110183000565e-03 1.018271688371896744e-02 1.801387988962233067e-03 7.405620999634265900e-03 4.410325549542903900e-03 1.537290029227733612e-02 4.433529451489448547e-03 1.673985272645950317e-02 7.011095993220806122e-03 1.199633814394474030e-02 7.275515235960483551e-04 2.583997091278433800e-03 4.523348528891801834e-03 1.398245152086019516e-02 4.230409394949674606e-03 1.607300154864788055e-02 9.427297860383987427e-03 1.159169897437095642e-02 1.845742203295230865e-02 1.790991239249706268e-02 1.302704773843288422e-02 6.378065794706344604e-03 1.771144755184650421e-02 1.154481805860996246e-02 1.178212277591228485e-02 1.957261189818382263e-02 1.822923659346997738e-03 8.198977448046207428e-03 2.485409937798976898e-02 3.269698843359947205e-02 1.816173270344734192e-02 1.807834720239043236e-03 1.071096863597631454e-02 1.737093552947044373e-02 9.651824831962585449e-03 1.684081740677356720e-02 4.839068278670310974e-03 1.718563027679920197e-02 1.862998120486736298e-02 2.329256385564804077e-03 1.923188567161560059e-02 5.828380584716796875e-03 1.416150666773319244e-02 5.546718835830688477e-03 4.716136492788791656e-03 2.995347231626510620e-02 2.574361674487590790e-02 6.210736464709043503e-03 9.452372789382934570e-03 5.620831158012151718e-03 6.551078404299914837e-04 2.789337188005447388e-02 3.319720923900604248e-02 5.055890884250402451e-03 4.223606549203395844e-03 2.088284492492675781e-02 1.308614294975996017e-02 1.769570261240005493e-02 1.691487990319728851e-02 2.578109502792358398e-02 1.787735521793365479e-02 1.189683005213737488e-02 5.727024748921394348e-03 2.457670867443084717e-02 3.538332134485244751e-02
7.600826770067214966e-02 8.027856796979904175e-02 3.149600699543952942e-02 5.375983309932053089e-04 2.732643159106373787e-03 8.939873427152633667e-02 8.340816497802734375e-01 1.064111292362213135e-02 1.368552260100841522e-02 6.343755405396223068e-03 5.716245248913764954e-02 3.444800153374671936e-02 6.270416080951690674e-02 5.568290129303932190e-02 3.384085372090339661e-03 1.807215623557567596e-02 2.424361743032932281e-02 4.857744555920362473e-03 2.089270856231451035e-04 1.939682662487030029e-02 5.042029079049825668e-05 9.430156089365482330e-03 2.816998958587646484e-02 3.102345205843448639e-02 2.826626412570476532e-02 1.839533448219299316e-02 1.219050958752632141e-02 2.270992379635572433e-03 9.188950993120670319e-03 4.054396878927946091e-03 1.919151470065116882e-02 3.001608513295650482e-02 8.188445121049880981e-03 1.366351898468565196e-05 5.883506964892148972e-03 1.867875084280967712e-02 2.059641852974891663e-02 1.759479753673076630e-02 2.795068314298987389e-03 3.162160050123929977e-03 2.831316739320755005e-02 1.873112656176090240e-02 1.638953946530818939e-02 2.112374641001224518e-02 4.751763190142810345e-04 5.801661405712366104e-03 4.701539874076843262e-02 6.258413195610046387e-02 6.294410210102796555e-03 9.129018522799015045e-03 1.316977944225072861e-02 4.130951594561338425e-03 9.899678640067577362e-03 4.958669189363718033e-03 4.484270233660936356e-03 2.866010414436459541e-03 1.712329126894474030e-02 7.641389500349760056e-03 1.314700953662395477e-02 7.568164262920618057e-03 7.839343510568141937e-03 2.270225668326020241e-03 4.171515349298715591e-03 4.194569191895425320e-04 1.086769253015518188e-02 7.137528154999017715e-03 2.132596634328365326e-02 9.090304374694824219e-03 8.521345444023609161e-03 1.607795432209968567e-02 1.995937339961528778e-02 1.207305211573839188e-02 3.017989220097661018e-04 1.706930622458457947e-02 1.790903508663177490e-02 1.440451107919216156e-02 1.665389724075794220e-02 1.126057840883731842e-02 7.692512124776840210e-03 1.945001445710659027e-02 2.639163099229335785e-02 1.922163553535938263e-02 3.333658387418836355e-04 1.649070531129837036e-02 2.371377684175968170e-02 4.770357161760330200e-03 1.035770308226346970e-02 2.682546852156519890e-03 1.158496923744678497e-02 1.234434731304645538e-02 5.945488344877958298e-03 1.456205267459154129e-02 7.347667589783668518e-03 6.721399724483489990e-03 3.191279945895075798e-03 3.111216472461819649e-03 2.746126614511013031e-02 2.335846610367298126e-02 1.298816967755556107e-02 1.621017605066299438e-02 1.206381246447563171e-02 8.308166638016700745e-03 2.323509007692337036e-02 2.455553226172924042e-02 6.380738690495491028e-03 3.370166756212711334e-03 1.341273356229066849e-02 9.539267048239707947e-03 1.299181114882230759e-02 1.370832789689302444e-02 2.128454297780990601e-02 1.477387268096208572e-02 1.789151318371295929e-02 2.888586313929408789e-04 2.524820715188980103e-02 3.098298050463199615e-02
5.050668492913246155e-03 1.984242163598537445e-02 4.425158351659774780e-02 4.218865651637315750e-03 8.464467711746692657e-03 2.490524901077151299e-03 1.064111292362213135e-02 8.340816497802734375e-01 6.932017859071493149e-03 1.041818875819444656e-02 1.291857659816741943e-02 9.896296542137861252e-04 6.385448388755321503e-03 1.036341488361358643e-02 5.598856508731842041e-02 1.463952567428350449e-02 2.872338518500328064e-02 1.054106932133436203e-02 1.902253134176135063e-03 2.297240076586604118e-03 1.134966500103473663e-03 3.056394867599010468e-02 6.702150218188762665e-03 4.270588047802448273e-03 2.590388525277376175e-03 1.703990972600877285e-03 2.420413773506879807e-03 2.099760808050632477e-03 1.147286617197096348e-03 1.933004148304462433e-02 7.773150224238634109e-03 2.036697417497634888e-02 1.450591627508401871e-02 1.391178090125322342e-02 2.620259532704949379e-03 3.086503408849239349e-02 2.311773970723152161e-02 3.121162764728069305e-02 4.001691937446594238e-02 4.010259360074996948e-02 2.190737240016460419e-02 1.213392987847328186e-02 7.875560782849788666e-03 5.942042334936559200e-04 7.320845965296030045e-03 8.811179548501968384e-03 1.131391525268554688e-02 3.588444320484995842e-03 1.371025666594505310e-02 8.458076976239681244e-03 5.415411666035652161e-03 1.311794738285243511e-03 2.513843355700373650e-03 1.953170262277126312e-02 4.261317662894725800e-03 3.122495952993631363e-03 1.549910753965377808e-02 1.818061061203479767e-02 2.251155115664005280e-02 9.431310929358005524e-03 5.366862751543521881e-03 3.107118187472224236e-03 5.649915896356105804e-03 4.125584382563829422e-03 4.208302590996026993e-03 3.384258598089218140e-03 9.926218772307038307e-04 5.729915108531713486e-03 9.694553911685943604e-03 5.774970166385173798e-03 1.198391709476709366e-02 2.853164914995431900e-03 1.546967215836048126e-02 4.451199434697628021e-03 8.983429521322250366e-03 5.197468213737010956e-03 1.309748273342847824e-02 1.288224104791879654e-02 2.233995764981955290e-04 2.800509100779891014e-03 5.286262929439544678e-02 5.343855544924736023e-02 9.706426411867141724e-03 1.135003101080656052e-02 1.172788441181182861e-03 4.148466978222131729e-03 5.243183672428131104e-02 6.529157608747482300e-02 6.514067761600017548e-03 5.338241346180438995e-03 9.069822728633880615e-03 1.658561639487743378e-02 4.809593316167593002e-03 2.555461041629314423e-02 4.358941689133644104e-02 3.932258859276771545e-02 1.013901922851800919e-02 1.256699953228235245e-02 1.201125327497720718e-02 1.272275485098361969e-02 3.531016781926155090e-02 2.969350665807723999e-02 2.525418438017368317e-02 2.176857925951480865e-02 3.403823822736740112e-02 2.114460244774818420e-02 2.516063302755355835e-02 1.192042487673461437e-03 3.113189525902271271e-02 1.372645236551761627e-02 9.243711829185485840e-03 1.028378587216138840e-02 1.711630821228027344e-02 1.285664457827806473e-02 1.114161591976881027e-02 2.306806668639183044e-02
3.424199065193533897e-03 1.188759692013263702e-03 1.219879277050495148e-02 8.971015922725200653e-03 2.010516263544559479e-02 1.522631850093603134e-02 1.368552260100841522e-02 6.932017859071493149e-03 8.340816497802734375e-01 5.015396699309349060e-02 3.751876065507531166e-03 3.547254577279090881e-02 1.155595201998949051e-02 2.198927849531173706e-02 2.322039753198623657e-02 2.019843272864818573e-02 8.460674434900283813e-03 3.513100370764732361e-02 3.737208619713783264e-02 6.819237605668604374e-04 1.175945531576871872e-02 1.978090964257717133e-03 1.411060523241758347e-02 2.135995589196681976e-02 1.205028034746646881e-02 1.122422749176621437e-03 9.676564484834671021e-03 2.954715862870216370e-02 1.106393244117498398e-02 3.805345669388771057e-02 1.238645333796739578e-02 2.344340272247791290e-02 2.522876311559230089e-04 1.593141071498394012e-02 2.041923289652913809e-04 2.347037941217422485e-02 2.947589382529258728e-02 1.885857060551643372e-02 8.670602983329445124e-05 1.526689156889915466e-02 2.029234915971755981e-02 1.511625945568084717e-02 4.931612871587276459e-03 1.104866247624158859e-02 3.334110975265502930e-02 4.386270418763160706e-03 5.004826933145523071e-03 6.780207622796297073e-03 4.681537300348281860e-02 2.051005139946937561e-02 1.590924896299839020e-02 1.428652554750442505e-02 4.133149236440658569e-02 4.264690726995468140e-02 5.136465281248092651e-02 1.725102029740810394e-02 6.539061665534973145e-03 2.041206927970051765e-03 2.619935758411884308e-02 2.620660513639450073e-02 3.294500708580017090e-02 1.980871334671974182e-02 2.059002034366130829e-02 1.410233695060014725e-02 4.897063481621444225e-04 4.505787976086139679e-03 1.625556126236915588e-02 1.998945605009794235e-03 3.386394679546356201e-02 1.764121092855930328e-02 1.314347982406616211e-02 2.692180499434471130e-02 2.864745073020458221e-02 1.171692926436662674e-02 2.402238175272941589e-02 2.957480214536190033e-02 6.884098798036575317e-02 4.842542484402656555e-02 4.831175506114959717e-02 3.246639296412467957e-02 8.667198941111564636e-03 6.821824237704277039e-03 4.392984509468078613e-02 3.835536912083625793e-02 2.911119721829891205e-02 2.448628097772598267e-02 2.080660872161388397e-02 2.420731261372566223e-02 3.331300243735313416e-02 3.676742687821388245e-02 1.101251598447561264e-02 1.872918568551540375e-03 1.689191162586212158e-02 1.158572454005479813e-02 1.196451298892498016e-02 1.223707851022481918e-02 1.138028106652200222e-03 2.477152273058891296e-02 3.168095275759696960e-02 2.044380456209182739e-02 3.966792486608028412e-03 7.390710525214672089e-03 1.949143037199974060e-02 1.661190204322338104e-02 5.530785303562879562e-03 1.538287661969661713e-02 1.798271201550960541e-02 7.793989498168230057e-03 1.186783798038959503e-02 1.170663745142519474e-03 4.635986872017383575e-03 1.217071549035608768e-03 5.132193677127361298e-03 1.792225986719131470e-02 2.208970254287123680e-03 1.248791720718145370e-02
5.493648932315409184e-04 5.956410896033048630e-04 2.807823941111564636e-03 5.401654168963432312e-03 2.640416845679283142e-02 1.798301673261448741e-04 6.343755405396223068e-03 1.041818875819444656e-02 5.015396699309349060e-02 8.340816497802734375e-01 2.651789691299200058e-03 8.216829039156436920e-03 5.923056509345769882e-03 1.872375607490539551e-02 1.265417598187923431e-02 2.201607264578342438e-02 6.268388126045465469e-03 2.398153208196163177e-02 4.567167907953262329e-02 5.059358663856983185e-03 6.841845344752073288e-03 1.169891376048326492e-02 1.086214557290077209e-02 1.828699931502342224e-02 6.707231514155864716e-03 1.472071092575788498e-02 2.643826790153980255e-02 3.647089004516601562e-02 5.018815398216247559e-03 2.208171412348747253e-02 9.000423364341259003e-03 1.112722419202327728e-02 1.665165647864341736e-02 1.714586839079856873e-02 4.145812999922782183e-04 1.486325403675436974e-03 4.315937403589487076e-03 1.929494785144925117e-03 2.264069207012653351e-02 2.808144199661910534e-04 2.404318423941731453e-03 1.344923581928014755e-02 5.209576338529586792e-03 9.060029871761798859e-03 2.599960751831531525e-02 2.102733217179775238e-02 7.238973397761583328e-03 1.142589375376701355e-02 3.306572511792182922e-02 4.714883491396903992e-02 1.863398961722850800e-02 1.477693859487771988e-02 1.817396283149719238e-02 2.539591863751411438e-02 2.955151349306106567e-02 4.111163690686225891e-02 3.623998258262872696e-03 1.868458278477191925e-02 1.557792071253061295e-02 1.489694928750395775e-03 1.567790657281875610e-02 3.486895933747291565e-02 1.635076664388179779e-02 5.705133662559092045e-05 1.532130409032106400e-02 1.022253837436437607e-02 8.772458881139755249e-03 1.006902381777763367e-02 7.582399062812328339e-03 4.589860886335372925e-02 2.990892529487609863e-02 2.615353651344776154e-02 2.897819131612777710e-02 4.411497712135314941e-02 2.547449432313442230e-02 2.998732961714267731e-02 2.757464908063411713e-02 7.468724250793457031e-02 4.179825261235237122e-02 5.397133529186248779e-02 9.690769365988671780e-04 2.288021380081772804e-03 3.403269127011299133e-02 5.385829880833625793e-02 1.402991265058517456e-02 2.543388307094573975e-02 1.126383431255817413e-02 7.692649029195308685e-03 8.048270829021930695e-03 6.527816504240036011e-02 1.188507652841508389e-03 2.324845083057880402e-02 3.366584423929452896e-03 2.874927967786788940e-02 1.270058657974004745e-02 1.668352819979190826e-02 2.816565893590450287e-02 3.008159995079040527e-02 2.506599575281143188e-02 2.098065242171287537e-02 1.142703182995319366e-02 1.402854640036821365e-02 7.974432781338691711e-03 2.080313628539443016e-03 2.187820617109537125e-03 9.038601070642471313e-03 1.177625451236963272e-02 1.268125139176845551e-02 3.360820701345801353e-03 1.812008395791053772e-02 3.286219760775566101e-02 1.201268006116151810e-02 5.568592809140682220e-03 2.635931968688964844e-02 1.186370011419057846e-02 3.688450902700424194e-03
8.132115751504898071e-02 6.132162734866142273e-02 4.828017204999923706e-02 1.027908455580472946e-02 6.438836921006441116e-03 5.659559741616249084e-02 5.716245248913764954e-02 1.291857659816741943e-02 3.751876065507531166e-03 2.651789691299200058e-03 8.340816497802734375e-01 8.546673692762851715e-03 6.652177125215530396e-02 2.273372001945972443e-02 1.212428323924541473e-02 5.830179434269666672e-03 8.261146955192089081e-03 1.557374745607376099e-02 1.319253351539373398e-02 2.053467743098735809e-02 9.923771023750305176e-03 4.506471566855907440e-03 4.294766695238649845e-04 4.582020919770002365e-03 1.792217046022415161e-02 1.007269043475389481e-02 1.108170859515666962e-02 1.770882634446024895e-03 3.275378793478012085e-02 1.574995927512645721e-03 2.038555406033992767e-02 8.580265566706657410e-03 4.948537796735763550e-03 1.159608550369739532e-02 3.752526128664612770e-03 1.922935619950294495e-02 1.424968149513006210e-02 3.007440082728862762e-02 5.262401886284351349e-03 4.804180003702640533e-03 2.120689488947391510e-02 1.969585381448268890e-02 2.273311605677008629e-03 2.814431302249431610e-02 5.953493993729352951e-03 1.451047882437705994e-02 5.924025923013687134e-02 5.668734014034271240e-02 1.675523817539215088e-02 1.217037159949541092e-02 1.698400080204010010e-02 1.120509020984172821e-02 2.392652072012424469e-02 5.377240478992462158e-03 4.194827750325202942e-03 1.136874547228217125e-03 1.957908086478710175e-02 1.675532758235931396e-02 3.286607563495635986e-02 3.446438536047935486e-02 2.135925693437457085e-03 4.819230176508426666e-03 1.750981085933744907e-03 1.091129798442125320e-02 3.262262046337127686e-02 4.591105878353118896e-02 1.816982636228203773e-03 1.312080677598714828e-02 5.854743649251759052e-04 6.340130232274532318e-03 5.501196719706058502e-03 1.162849459797143936e-02 1.437545754015445709e-02 9.602669626474380493e-03 2.805587276816368103e-02 1.225472986698150635e-02 1.104842964559793472e-02 7.654701359570026398e-03 1.720329746603965759e-02 2.142535895109176636e-02 3.663282096385955811e-02 2.620581723749637604e-02 9.654512628912925720e-03 1.722599007189273834e-02 3.322901669889688492e-03 2.764887362718582153e-02 7.123742718249559402e-03 1.151436381042003632e-02 5.042899399995803833e-03 9.011668153107166290e-03 3.550033271312713623e-02 3.843391546979546547e-03 3.208649903535842896e-02 1.623542234301567078e-02 2.717940369620919228e-03 7.752490229904651642e-03 2.367592230439186096e-02 2.051847800612449646e-02 2.401351463049650192e-03 1.631911029107868671e-03 4.962223581969738007e-03 1.885802339529618621e-05 2.891779877245426178e-02 3.069069609045982361e-02 3.153220051899552345e-03 9.830014780163764954e-03 1.878796704113483429e-02 2.440507989376783371e-03 2.290493808686733246e-02 1.709665521048009396e-03 2.108349837362766266e-02 6.028874311596155167e-03 1.012861449271440506e-02 9.128865785896778107e-03 2.250526472926139832e-02 1.821384206414222717e-02
2.333567477762699127e-02 2.660116180777549744e-02 8.029993623495101929e-03 1.515609119087457657e-02 1.244607381522655487e-02 4.303395748138427734e-02 3.444800153374671936e-02 9.896296542137861252e-04 3.547254577279090881e-02 8.216829039156436920e-03 8.546673692762851715e-03 8.340816497802734375e-01 2.141015836969017982e-03 7.759610563516616821e-02 5.747684044763445854e-04 1.142058148980140686e-02 1.391292549669742584e-02 1.189119182527065277e-03 5.647423211485147476e-03 6.411676295101642609e-04 1.820490136742591858e-02 5.956890527158975601e-03 4.678336530923843384e-02 3.542352840304374695e-02 1.767924055457115173e-02 1.894284226000308990e-02 1.228083670139312744e-02 1.670794934034347534e-02 2.700186334550380707e-02 1.413680147379636765e-02 3.934787958860397339e-02 2.426967583596706390e-02 8.374280296266078949e-03 4.948771558701992035e-03 4.233115760143846273e-04 2.370336878811940551e-04 1.434858608990907669e-02 1.536301057785749435e-02 7.803010754287242889e-03 1.288712490350008011e-02 1.508050132542848587e-02 6.833408959209918976e-03 2.219940721988677979e-02 1.758786663413047791e-02 1.100436225533485413e-02 1.613984256982803345e-02 4.842950031161308289e-03 7.862864062190055847e-03 9.117248468101024628e-03 1.425486057996749878e-02 1.386584620922803879e-02 8.504336001351475716e-04 2.276868931949138641e-02 1.950406841933727264e-02 8.671902120113372803e-03 7.713987492024898529e-03 2.202738635241985321e-02 2.324163354933261871e-02 5.664039403200149536e-03 1.708960533142089844e-02 1.548249740153551102e-02 2.055053599178791046e-03 1.954799704253673553e-02 2.702803537249565125e-02 1.710505969822406769e-02 2.569808810949325562e-02 1.045074220746755600e-02 1.298194518312811852e-03 1.424935273826122284e-02 1.984477229416370392e-02 3.599544987082481384e-03 1.317901816219091415e-02 3.510236740112304688e-02 2.454230003058910370e-02 1.143265701830387115e-02 1.824295148253440857e-02 4.661171138286590576e-02 2.712544053792953491e-03 8.924205787479877472e-03 1.384757459163665771e-02 1.564239151775836945e-03 7.487477851100265980e-04 7.660270202904939651e-03 3.858877345919609070e-03 2.130409702658653259e-02 1.489058136940002441e-02 5.668481346219778061e-03 1.430594082921743393e-02 2.174695208668708801e-02 2.353157848119735718e-02 1.842865347862243652e-02 1.670946925878524780e-02 1.724425889551639557e-02 1.057651732116937637e-02 1.067964546382427216e-02 1.763710565865039825e-02 1.429892051964998245e-02 1.321272866334766150e-04 2.142653393093496561e-04 6.667771958746016026e-04 5.242218263447284698e-03 1.356663182377815247e-02 8.727364242076873779e-03 4.183186683803796768e-03 7.048234343528747559e-03 6.127903703600168228e-03 7.407541852444410324e-03 1.608171127736568451e-02 1.343861501663923264e-02 3.011596761643886566e-02 2.336212992668151855e-02 1.433927845209836960e-02 5.636527668684720993e-03 3.746412694454193115e-03 6.287876982241868973e-03 3.101093694567680359e-02
6.242093071341514587e-02 6.776266545057296753e-02 3.831203654408454895e-02 1.151381433010101318e-02 1.573676615953445435e-02 5.629540234804153442e-02 6.270416080951690674e-02 6.385448388755321503e-03 1.155595201998949051e-02 5.923056509345769882e-03 6.652177125215530396e-02 2.141015836969017982e-03 8.340816497802734375e-01 2.843892574310302734e-02 9.522902779281139374e-03 1.086499728262424469e-02 9.173401631414890289e-03 5.191867705434560776e-03 4.322018008679151535e-03 3.427635133266448975e-02 1.491620950400829315e-02 1.610831357538700104e-02 7.847139495424926281e-04 1.312231295742094517e-03 4.680297896265983582e-02 2.326663024723529816e-02 3.583574667572975159e-03 6.676519755274057388e-03 8.152211084961891174e-03 8.119612932205200195e-03 9.737872518599033356e-03 2.232173271477222443e-02 1.053821574896574020e-02 4.481802228838205338e-03 4.267158452421426773e-03 1.231211982667446136e-02 1.036276482045650482e-02 1.082404889166355133e-02 1.736793667078018188e-02 1.088126935064792633e-02 9.873570874333381653e-03 1.457697805017232895e-02 9.197292849421501160e-03 9.423956274986267090e-03 1.199481263756752014e-02 3.436004044488072395e-03 5.308403447270393372e-02 5.787356570363044739e-02 1.833466812968254089e-02 1.607693731784820557e-02 1.962094567716121674e-02 1.173374522477388382e-02 3.195891529321670532e-02 1.981739886105060577e-02 3.991733305156230927e-03 3.253627335652709007e-03 2.368980087339878082e-02 1.173107791692018509e-02 2.760616876184940338e-02 3.767613321542739868e-02 9.673159569501876831e-03 2.136674243956804276e-03 6.352333817631006241e-03 1.128936372697353363e-02 8.241309784352779388e-03 3.736016154289245605e-02 1.723761297762393951e-02 3.808885347098112106e-03 6.302385590970516205e-03 9.167512878775596619e-03 2.366113243624567986e-03 6.913311779499053955e-03 1.415768358856439590e-02 1.455000694841146469e-02 1.623406633734703064e-02 1.131094340234994888e-02 2.855721861124038696e-03 1.950520323589444160e-03 2.646530978381633759e-02 2.814601734280586243e-02 2.148714661598205566e-02 9.098027832806110382e-03 1.360437739640474319e-02 8.409116417169570923e-04 8.022028952836990356e-03 2.643277123570442200e-02 7.385678589344024658e-03 1.994676701724529266e-02 1.574580930173397064e-02 1.515626907348632812e-02 1.757813990116119385e-02 6.457078736275434494e-03 2.661931328475475311e-02 7.881762576289474964e-04 2.795658307150006294e-03 5.202773027122020721e-03 2.258495800197124481e-02 2.114452235400676727e-02 5.463039036840200424e-03 2.057845471426844597e-03 7.130521815270185471e-03 3.610935993492603302e-03 1.123412884771823883e-02 1.899737864732742310e-02 1.162808202207088470e-02 2.844803733751177788e-03 9.857559576630592346e-03 8.947638794779777527e-03 1.212702319025993347e-02 7.939973846077919006e-03 1.615067571401596069e-02 1.845307298935949802e-03 1.647414639592170715e-02 3.911283332854509354e-03 1.144460402429103851e-02 1.643222197890281677e-02
