8.334448337554931641e-01 8.700227737426757812e-02 6.305956281721591949e-03 6.721308920532464981e-03 1.496551930904388428e-02 5.368148162961006165e-02 4.572203755378723145e-02 3.287695720791816711e-02 1.144360378384590149e-02 9.854258038103580475e-03 6.010363250970840454e-02 3.623740747570991516e-03 5.841085687279701233e-02 7.388548110611736774e-04 4.403640329837799072e-02 1.093813125044107437e-02 1.392935123294591904e-02 8.590038865804672241e-03 1.800624281167984009e-02 1.365167991025373340e-04 4.722527228295803070e-03 1.411772239953279495e-02 3.126764902845025063e-03 5.574499256908893585e-03 1.763272332027554512e-03 2.717968076467514038e-03 9.469702839851379395e-03 2.595359273254871368e-02 2.836034446954727173e-02 2.574354968965053558e-02 3.228011727333068848e-02 1.382468827068805695e-02 2.244010753929615021e-02 1.474159676581621170e-02 3.304466605186462402e-02 7.882010191679000854e-03 8.783329278230667114e-03 2.353570982813835144e-02 1.052486151456832886e-02 8.373373188078403473e-03 3.618515655398368835e-02 2.402656525373458862e-02 7.083956152200698853e-03 9.802266955375671387e-03 6.999334786087274551e-03 9.343449026346206665e-03 3.438587486743927002e-02 2.825213782489299774e-02 6.313525373116135597e-04 1.462061307393014431e-03 1.796690002083778381e-02 1.204544957727193832e-02 6.332346820272505283e-04 6.833615712821483612e-03 1.530769187957048416e-02 8.092856034636497498e-03 2.094886032864451408e-03 9.409827180206775665e-03 2.318398095667362213e-03 1.749735325574874878e-03 5.473731551319360733e-03 5.066420882940292358e-03 2.745583653450012207e-02 2.431527525186538696e-02 2.637604251503944397e-02 2.616319060325622559e-02 8.320960216224193573e-03 4.763307151733897626e-05 7.074716035276651382e-03 1.288176700472831726e-02 1.307527301833033562e-03 1.877264864742755890e-02 9.464817121624946594e-03 5.168461706489324570e-03 1.475615799427032471e-02 9.733908809721469879e-03 1.188904698938131332e-02 8.120522834360599518e-03 4.638145677745342255e-03 1.625850982964038849e-02 1.682208105921745300e-02 1.901765726506710052e-02 7.567610591650009155e-03 7.156327483244240284e-04 2.930081263184547424e-02 5.679232534021139145e-03 2.487303130328655243e-02 1.941432617604732513e-02 4.815486725419759750e-03 7.836516946554183960e-03 3.174345940351486206e-02 3.383466228842735291e-02 1.633206568658351898e-02 2.827106975018978119e-02 4.815041087567806244e-03 1.145652378909289837e-03 2.439208142459392548e-02 1.224249228835105896e-02 9.904416278004646301e-03 5.896133370697498322e-04 1.653998717665672302e-02 7.721717469394207001e-03 2.099363692104816437e-02 3.893089247867465019e-03 1.659084297716617584e-02 8.762569166719913483e-03 2.247619628906250000e-02 3.545031649991869926e-03 9.500238113105297089e-03 1.500437967479228973e-03 1.776821166276931763e-02 1.532808318734169006e-02 1.791401579976081848e-02 5.777779035270214081e-03 1.347092259675264359e-02 3.220361890271306038e-03
8.700227737426757812e-02 8.334448337554931641e-01 3.257733304053544998e-03 1.151474541984498501e-03 8.733446709811687469e-03 5.774376168847084045e-02 5.601201206445693970e-02 3.908591344952583313e-02 3.525562118738889694e-03 7.523522712290287018e-03 6.015690043568611145e-02 6.347887683659791946e-03 6.416621059179306030e-02 7.128259167075157166e-03 5.178250744938850403e-02 1.873725652694702148e-02 1.913818903267383575e-02 1.378186047077178955e-02 2.222932875156402588e-02 3.995717037469148636e-03 5.334203131496906281e-03 1.430237386375665665e-02 5.546489730477333069e-03 4.513930063694715500e-03 6.074947770684957504e-03 2.706275321543216705e-03 4.102770239114761353e-03 1.746492087841033936e-02 2.592867240309715271e-02 2.652145549654960632e-02 3.415565937757492065e-02 5.372815299779176712e-03 7.993165403604507446e-03 1.041308324784040451e-02 2.762656286358833313e-02 1.027344726026058197e-02 1.066874340176582336e-02 2.139271236956119537e-02 1.124033331871032715e-02 4.598971456289291382e-03 3.695100545883178711e-02 1.713655143976211548e-02 1.052852254360914230e-02 4.880658816546201706e-03 4.892048891633749008e-03 1.206644927151501179e-03 4.364093020558357239e-02 3.812926262617111206e-02 9.463598951697349548e-03 6.883150781504809856e-04 1.471756491810083389e-02 1.615580543875694275e-02 2.644576830789446831e-03 7.028110325336456299e-03 8.900648914277553558e-03 9.194727987051010132e-03 5.794454365968704224e-03 8.558712899684906006e-03 4.173428285866975784e-03 2.986257662996649742e-03 4.028529394418001175e-03 2.098025288432836533e-03 1.892063394188880920e-02 2.231202833354473114e-02 2.514990605413913727e-02 2.976354584097862244e-02 9.901829762384295464e-04 3.219969803467392921e-03 2.111098263412714005e-03 3.081728704273700714e-03 1.509127207100391388e-03 1.598285324871540070e-02 7.620199583470821381e-03 3.126942086964845657e-03 1.521503552794456482e-02 7.716812659054994583e-03 4.767869133502244949e-03 4.834446590393781662e-03 9.642184595577418804e-04 1.996407844126224518e-02 1.373576279729604721e-02 2.290199510753154755e-02 2.473118016496300697e-03 2.103651873767375946e-03 2.622384764254093170e-02 4.518789239227771759e-03 2.876166999340057373e-02 2.111119590699672699e-02 5.607285071164369583e-03 1.055327337235212326e-02 3.596266731619834900e-02 3.177379444241523743e-02 2.583277039229869843e-02 2.957135811448097229e-02 5.758870393037796021e-04 8.376206271350383759e-03 2.064856141805648804e-02 7.799327839165925980e-03 6.475572474300861359e-03 2.330745570361614227e-03 1.035535614937543869e-02 2.188880229368805885e-03 1.968494616448879242e-02 7.200802210718393326e-03 7.293476257473230362e-03 1.110158115625381470e-02 1.364031713455915451e-02 1.916785491630434990e-03 6.637399783357977867e-04 3.587776329368352890e-03 1.203881483525037766e-02 1.704686507582664490e-02 1.722784154117107391e-02 2.216879045590758324e-03 1.239095814526081085e-02 7.784593384712934494e-03
6.305956281721591949e-03 3.257733304053544998e-03 8.334448337554931641e-01 2.683012047782540321e-03 2.761332318186759949e-03 1.018587686121463776e-02 1.250732224434614182e-02 3.927848860621452332e-02 1.343272277154028416e-03 3.420505672693252563e-03 9.572976268827915192e-03 1.415112242102622986e-02 6.240829825401306152e-03 6.351055111736059189e-03 2.424304932355880737e-02 1.074662897735834122e-02 5.922942887991666794e-03 9.105536155402660370e-03 1.864640600979328156e-02 8.395571261644363403e-03 3.931140527129173279e-03 3.319866210222244263e-02 1.045263465493917465e-02 4.034613724797964096e-03 6.273496430367231369e-03 6.431908812373876572e-03 3.174018114805221558e-02 1.134142372757196426e-02 5.251746624708175659e-03 1.404977496713399887e-02 3.199294209480285645e-03 1.394327171146869659e-02 3.549106791615486145e-02 1.445307210087776184e-02 2.161672338843345642e-02 2.338235964998602867e-03 1.297027524560689926e-02 1.415387820452451706e-02 2.321479283273220062e-02 3.484181687235832214e-02 1.588435284793376923e-02 7.708356250077486038e-03 2.279541455209255219e-02 4.884621873497962952e-02 4.402728006243705750e-02 2.759496495127677917e-02 2.390362642472609878e-04 6.206649355590343475e-03 1.009930972941219807e-03 2.931523486040532589e-04 9.496102109551429749e-03 2.474078163504600525e-02 5.971791222691535950e-03 6.385014858096837997e-03 2.241612877696752548e-03 3.099582390859723091e-03 1.741254818625748158e-03 4.485422745347023010e-03 2.234643884003162384e-02 1.312406454235315323e-02 2.707275375723838806e-02 2.938813343644142151e-02 1.572011783719062805e-02 1.710315980017185211e-02 2.897954080253839493e-03 1.799270830815657973e-04 1.655236445367336273e-02 1.322615705430507660e-02 1.804318837821483612e-02 5.600943230092525482e-03 3.126435447484254837e-03 2.237730473279953003e-02 6.135175004601478577e-03 1.705007813870906830e-02 1.383921131491661072e-02 2.181984484195709229e-02 6.400170736014842987e-03 6.741372868418693542e-03 1.603840477764606476e-02 1.146087609231472015e-02 5.961657315492630005e-02 3.275444731116294861e-02 8.839193731546401978e-03 1.724311709403991699e-02 6.629455834627151489e-03 1.262739859521389008e-02 2.615546435117721558e-02 2.513722889125347137e-02 3.723436035215854645e-03 5.938546964898705482e-04 1.131429709494113922e-02 2.057617157697677612e-02 3.662159433588385582e-03 1.786789670586585999e-02 2.814197447150945663e-03 2.236405387520790100e-02 1.101103052496910095e-02 1.898255385458469391e-02 1.145311724394559860e-02 2.014273591339588165e-02 3.015671791217755526e-05 4.285067785531282425e-03 2.463472075760364532e-02 8.030098862946033478e-03 1.405535638332366943e-02 2.402973733842372894e-02 1.899640075862407684e-02 7.153014303185045719e-04 9.081744588911533356e-03 1.750936172902584076e-02 2.892892807722091675e-03 3.968483768403530121e-03 1.323022693395614624e-02 2.730578556656837463e-02 1.668459177017211914e-02 1.914103701710700989e-02
6.721308920532464981e-03 1.151474541984498501e-03 2.683012047782540321e-03 8.334448337554931641e-01 5.253889411687850952e-02 6.934767588973045349e-03 6.052846089005470276e-03 1.936177164316177368e-02 2.533094771206378937e-02 8.189908228814601898e-03 3.867188468575477600e-03 1.075368374586105347e-03 8.572299964725971222e-03 1.086875796318054199e-02 1.562872785143554211e-03 3.095431439578533173e-02 1.826289668679237366e-02 3.508715704083442688e-02 2.131697349250316620e-02 1.578832417726516724e-02 2.461110427975654602e-02 8.772978559136390686e-03 1.537459157407283783e-02 8.680009283125400543e-03 1.978521794080734253e-02 1.151178497821092606e-02 6.532258703373372555e-04 1.052145753055810928e-02 3.270060056820511818e-03 5.741763394325971603e-03 4.223261494189500809e-03 1.911700144410133362e-02 2.237764559686183929e-02 1.842415332794189453e-02 1.451008301228284836e-02 2.462944574654102325e-02 2.992322202771902084e-03 6.691269110888242722e-03 2.794962748885154724e-02 2.764010429382324219e-02 1.439133775420486927e-03 3.652803227305412292e-02 2.782720886170864105e-02 7.747482042759656906e-03 1.447084918618202209e-02 2.165472880005836487e-02 3.861516481265425682e-03 5.514140706509351730e-03 2.067116089165210724e-02 3.053690306842327118e-03 1.960606127977371216e-02 5.067894700914621353e-03 2.951198630034923553e-02 2.287633903324604034e-02 1.854876428842544556e-02 8.321304805576801300e-03 3.410574048757553101e-02 1.337685156613588333e-02 3.409602493047714233e-02 2.407223172485828400e-02 3.594470396637916565e-02 1.310788933187723160e-02 3.131894394755363464e-02 1.559530571103096008e-02 1.790504716336727142e-02 2.181508392095565796e-02 3.179891780018806458e-02 3.653454780578613281e-02 4.213310778141021729e-02 2.757137827575206757e-02 3.195972368121147156e-02 6.243901327252388000e-03 5.543152615427970886e-02 2.236044220626354218e-02 4.165222495794296265e-02 3.304928774014115334e-03 4.369761422276496887e-02 1.995754428207874298e-02 1.023317221552133560e-02 1.556234434247016907e-02 1.682559959590435028e-02 2.381429262459278107e-02 3.090067766606807709e-02 4.147909115999937057e-03 1.623521931469440460e-02 2.323741652071475983e-02 2.034911885857582092e-02 2.683699503540992737e-02 3.743729740381240845e-02 2.559707686305046082e-02 2.618990140035748482e-03 3.529655514284968376e-03 1.309579610824584961e-02 9.827646426856517792e-03 2.882166579365730286e-02 1.731051318347454071e-02 1.025595515966415405e-02 1.646021194756031036e-02 2.192423120141029358e-02 1.799009554088115692e-02 2.592904120683670044e-02 2.466457337141036987e-02 8.267102763056755066e-03 4.339161328971385956e-03 2.800810337066650391e-02 1.762687228620052338e-02 9.872813709080219269e-03 3.107220865786075592e-02 1.146187912672758102e-02 1.619039685465395451e-03 9.679859504103660583e-03 1.884722523391246796e-02 2.635568194091320038e-02 3.088022023439407349e-02 3.471740055829286575e-03 3.449650015681982040e-03
1.496551930904388428e-02 8.733446709811687469e-03 2.761332318186759949e-03 5.253889411687850952e-02 8.334448337554931641e-01 1.732929795980453491e-02 1.469766907393932343e-02 1.412378717213869095e-02 2.025100961327552795e-02 4.414255730807781219e-03 8.461606339551508427e-04 1.077256537973880768e-02 6.466710940003395081e-03 1.944660954177379608e-02 1.836984185501933098e-03 2.076541446149349213e-02 8.443201892077922821e-03 2.281499095261096954e-02 1.866114139556884766e-02 1.484061591327190399e-02 2.628783881664276123e-02 6.145562045276165009e-03 1.237171236425638199e-02 8.713406277820467949e-04 1.638852432370185852e-02 1.258586905896663666e-02 7.869753986597061157e-03 7.094760425388813019e-03 1.481197588145732880e-02 6.529606413096189499e-03 8.105674758553504944e-03 1.737237721681594849e-02 2.327460609376430511e-02 2.118138782680034637e-02 2.617274969816207886e-02 1.119804941117763519e-02 4.015091806650161743e-03 2.506213495507836342e-03 2.617895416915416718e-02 3.767556697130203247e-02 5.710383411496877670e-03 3.915898129343986511e-02 3.035916015505790710e-02 6.226374534890055656e-04 9.024431928992271423e-03 3.003725595772266388e-02 7.320345379412174225e-03 4.553330654744058847e-04 1.025559101253747940e-02 7.187367882579565048e-04 2.454346790909767151e-02 8.531166240572929382e-03 3.428680449724197388e-02 2.337546460330486298e-02 1.887274906039237976e-02 3.709424636326730251e-04 2.707508392632007599e-02 1.193674374371767044e-02 3.233457356691360474e-02 2.360812015831470490e-02 2.717131748795509338e-02 1.721523702144622803e-02 2.990593761205673218e-02 2.315410599112510681e-02 1.342139020562171936e-02 2.464336901903152466e-02 3.143434226512908936e-02 3.712363541126251221e-02 3.677256777882575989e-02 3.329382091760635376e-02 2.920104004442691803e-02 1.031632442027330399e-02 5.312968045473098755e-02 2.550900913774967194e-02 5.304872989654541016e-02 1.090385299175977707e-02 3.362123295664787292e-02 2.242942340672016144e-02 3.928171005100011826e-03 1.542071904987096786e-02 1.943834871053695679e-02 1.883305422961711884e-02 2.425950206816196442e-02 7.605237420648336411e-03 1.155410520732402802e-02 2.755752205848693848e-02 1.665803045034408569e-02 3.173566609621047974e-02 3.404854238033294678e-02 2.979622036218643188e-02 1.380266342312097549e-02 7.514188531786203384e-03 8.159519173204898834e-03 8.660744060762226582e-04 1.858059875667095184e-02 4.285765346139669418e-03 1.132303196936845779e-02 1.963832415640354156e-02 5.968373268842697144e-03 1.131642609834671021e-03 2.443582750856876373e-02 2.221927978098392487e-02 2.533055841922760010e-03 5.829032510519027710e-03 2.996299602091312408e-02 1.712465472519397736e-02 1.617032848298549652e-02 2.146469242870807648e-02 5.991730373352766037e-03 1.596772484481334686e-02 3.124458249658346176e-03 4.087188746780157089e-03 3.346143662929534912e-02 4.017047956585884094e-02 4.121849779039621353e-03 2.036603866145014763e-03
5.368148162961006165e-02 5.774376168847084045e-02 1.018587686121463776e-02 6.934767588973045349e-03 1.732929795980453491e-02 8.334448337554931641e-01 7.235713303089141846e-02 1.753714866936206818e-02 3.886161604896187782e-03 1.863644272089004517e-02 5.019723996520042419e-02 1.980951614677906036e-02 4.799698665738105774e-02 3.045832552015781403e-02 3.278903290629386902e-02 2.330911904573440552e-02 2.577757835388183594e-02 2.043400891125202179e-02 2.373097464442253113e-02 3.057878231629729271e-03 2.475334564223885536e-03 6.199399940669536591e-04 2.303729578852653503e-02 2.746054716408252716e-02 1.395467575639486313e-02 2.974147349596023560e-02 1.266352552920579910e-02 3.042235225439071655e-02 3.440992161631584167e-02 3.872080519795417786e-02 4.922523349523544312e-02 3.479365492239594460e-03 1.176579389721155167e-02 5.952559877187013626e-03 4.523183684796094894e-03 6.133658811450004578e-03 4.668709821999073029e-03 3.241125866770744324e-02 1.771911792457103729e-02 5.773082375526428223e-03 2.619967050850391388e-02 1.352020539343357086e-02 3.390397410839796066e-03 3.644585376605391502e-03 1.106571592390537262e-02 1.014081668108701706e-02 6.267592310905456543e-02 5.922449752688407898e-02 3.891898784786462784e-03 2.111571840941905975e-02 2.604217035695910454e-03 3.875825088471174240e-03 6.503197364509105682e-03 3.256003605201840401e-03 5.570249632000923157e-03 9.836478158831596375e-03 1.132377702742815018e-02 5.953641142696142197e-03 8.970503695309162140e-03 1.024839375168085098e-02 4.985355306416749954e-03 1.071449555456638336e-02 1.287511922419071198e-02 6.502420641481876373e-03 1.963959261775016785e-02 2.985879592597484589e-02 3.698330605402588844e-03 3.158607287332415581e-03 6.289603654295206070e-03 1.546998159028589725e-03 1.327558420598506927e-02 1.518383715301752090e-02 1.521033328026533127e-02 6.213938351720571518e-03 1.516813412308692932e-02 1.531660649925470352e-02 1.131347729824483395e-03 8.500237949192523956e-03 5.663336720317602158e-03 1.962772384285926819e-02 6.558260880410671234e-03 5.421904381364583969e-03 9.840869344770908356e-03 1.435874775052070618e-02 2.823542803525924683e-02 2.896699868142604828e-02 1.537239551544189453e-02 1.272264122962951660e-02 2.797876717522740364e-03 6.524827331304550171e-03 3.995877876877784729e-02 2.361768111586570740e-02 2.777531184256076813e-02 2.484363503754138947e-02 1.948355324566364288e-02 1.477011013776063919e-02 1.375270448625087738e-02 1.303801080211997032e-03 1.146045327186584473e-02 1.518971659243106842e-02 4.161766264587640762e-03 6.769707426428794861e-03 2.084400504827499390e-02 1.631702482700347900e-02 1.434868760406970978e-02 3.608803730458021164e-03 2.522700466215610504e-02 2.983531448990106583e-04 6.699934601783752441e-04 6.133572664111852646e-03 8.999666199088096619e-03 8.365401998162269592e-03 2.216218411922454834e-02 9.449239820241928101e-03 1.648717373609542847e-02 8.146248757839202881e-03
4.572203755378723145e-02 5.601201206445693970e-02 1.250732224434614182e-02 6.052846089005470276e-03 1.469766907393932343e-02 7.235713303089141846e-02 8.334448337554931641e-01 2.451624721288681030e-02 1.185540109872817993e-02 2.865639328956604004e-02 4.377265647053718567e-02 1.172996126115322113e-02 4.528629034757614136e-02 3.135323897004127502e-02 3.599134460091590881e-02 2.423276752233505249e-02 2.090470306575298309e-02 2.410437352955341339e-02 2.914393134415149689e-02 8.486188948154449463e-03 1.413597166538238525e-02 1.288929674774408340e-02 1.671622321009635925e-02 2.529604546725749969e-02 5.438363179564476013e-03 1.983878016471862793e-02 1.815411448478698730e-02 1.201604399830102921e-02 2.306663617491722107e-02 2.638724632561206818e-02 4.126599431037902832e-02 6.546068936586380005e-03 3.009616339113563299e-04 4.383552877698093653e-04 7.345061749219894409e-03 6.560094654560089111e-03 7.830466143786907196e-03 2.664862200617790222e-02 1.783602684736251831e-02 3.619362832978367805e-03 2.603966929018497467e-02 5.191897507756948471e-03 1.432609464973211288e-02 1.131579000502824783e-02 2.192111685872077942e-02 8.253556676208972931e-03 6.153696030378341675e-02 6.727754324674606323e-02 4.502154886722564697e-03 2.421103790402412415e-02 6.302073597908020020e-04 7.164458744227886200e-03 1.112199667841196060e-02 6.264520343393087387e-03 1.031364593654870987e-02 9.826591238379478455e-03 7.214040961116552353e-03 8.599267341196537018e-03 8.018733933568000793e-03 8.613742887973785400e-03 1.060710288584232330e-02 1.842174492776393890e-02 1.002539973706007004e-02 1.874663168564438820e-03 7.640182971954345703e-03 2.630196139216423035e-02 1.102730893762782216e-04 1.611547195352613926e-03 6.812982726842164993e-03 3.300600219517946243e-03 8.222473785281181335e-03 1.794441044330596924e-02 1.065948046743869781e-02 4.700756631791591644e-03 8.170831017196178436e-03 1.329563744366168976e-02 8.097562938928604126e-03 2.009094133973121643e-02 1.610754244029521942e-02 1.800784282386302948e-02 5.522069521248340607e-03 5.244737025350332260e-03 2.387785539031028748e-02 2.600062079727649689e-02 2.391322702169418335e-02 3.307181969285011292e-02 1.535248197615146637e-02 1.226285006850957870e-02 3.575062612071633339e-03 5.315361777320504189e-04 3.494142740964889526e-02 2.505898848176002502e-02 3.478887677192687988e-02 2.621643245220184326e-02 1.230006944388151169e-02 1.031017024070024490e-02 1.370693836361169815e-02 1.183335436508059502e-03 1.772574707865715027e-02 2.018972486257553101e-02 1.155509799718856812e-02 2.108942862832918763e-04 1.581884175539016724e-02 1.395930256694555283e-02 6.849445868283510208e-03 3.071749815717339516e-04 2.328225225210189819e-02 5.428941803984344006e-04 1.582471653819084167e-03 3.726301714777946472e-03 1.500308513641357422e-03 5.167649593204259872e-03 2.627408504486083984e-02 7.310496177524328232e-03 2.191058360040187836e-02 7.743350695818662643e-03
3.287695720791816711e-02 3.908591344952583313e-02 3.927848860621452332e-02 1.936177164316177368e-02 1.412378717213869095e-02 1.753714866936206818e-02 2.451624721288681030e-02 8.334448337554931641e-01 2.078545652329921722e-02 2.249145507812500000e-02 3.012396767735481262e-02 2.478168578818440437e-03 3.616550564765930176e-02 8.695730939507484436e-03 5.181105434894561768e-02 3.083848580718040466e-02 3.491806983947753906e-02 2.477874793112277985e-02 3.333147987723350525e-02 1.358876749873161316e-02 5.622172262519598007e-03 3.959598392248153687e-02 8.484628051519393921e-03 7.517710328102111816e-03 1.264181081205606461e-02 1.173671614378690720e-02 1.439723744988441467e-02 1.021030917763710022e-02 8.906685397960245609e-04 3.925069235265254974e-03 7.980369031429290771e-03 1.550354529172182083e-02 2.673427201807498932e-02 9.489070624113082886e-03 9.959518909454345703e-03 2.443108707666397095e-02 1.021430641412734985e-02 3.396045649424195290e-04 2.373887924477458000e-03 1.305787172168493271e-02 1.755211502313613892e-02 2.505364827811717987e-03 1.794810593128204346e-02 2.685039862990379333e-02 1.756442151963710785e-02 1.274071913212537766e-02 1.650564372539520264e-02 1.425867155194282532e-02 1.350001990795135498e-02 8.446325547993183136e-03 7.718386594206094742e-03 4.690121859312057495e-03 8.273844607174396515e-03 2.706201747059822083e-02 4.140608943998813629e-03 5.007215309888124466e-03 8.589905686676502228e-03 6.490173749625682831e-03 2.527029067277908325e-02 2.707692049443721771e-02 2.504308149218559265e-02 2.652506157755851746e-02 9.699372574687004089e-03 9.810835123062133789e-03 1.622305624186992645e-02 2.310337498784065247e-02 9.010534733533859253e-03 1.029174402356147766e-02 1.969631575047969818e-02 5.197858437895774841e-03 1.760316826403141022e-02 1.924273557960987091e-02 8.597231470048427582e-03 7.103822194039821625e-03 1.185365300625562668e-02 1.161807961761951447e-02 1.921135187149047852e-02 3.408106043934822083e-02 1.189924404025077820e-02 3.637691261246800423e-03 3.890726715326309204e-02 4.606639221310615540e-02 2.556516975164413452e-02 1.863824762403964996e-02 6.937848404049873352e-03 5.873829592019319534e-03 4.643889144062995911e-02 3.941509500145912170e-02 8.397920057177543640e-03 8.065782487392425537e-03 1.208642497658729553e-02 1.927870884537696838e-02 1.822913996875286102e-02 2.078663744032382965e-02 2.358326688408851624e-02 2.100570686161518097e-02 4.524471238255500793e-03 9.397133253514766693e-03 6.134854163974523544e-03 1.002178154885768890e-02 1.723117311485111713e-03 5.367753095924854279e-03 1.364296302199363708e-02 9.359280811622738838e-04 2.875793026760220528e-03 7.429810706526041031e-03 9.939715266227722168e-03 1.287657488137483597e-02 1.642187498509883881e-02 1.872211760201025754e-05 1.678530708886682987e-03 7.653965614736080170e-03 9.310094173997640610e-04 1.189316809177398682e-02 1.577347703278064728e-02 1.114703621715307236e-02
1.144360378384590149e-02 3.525562118738889694e-03 1.343272277154028416e-03 2.533094771206378937e-02 2.025100961327552795e-02 3.886161604896187782e-03 1.185540109872817993e-02 2.078545652329921722e-02 8.334448337554931641e-01 3.058812581002712250e-02 2.740920754149556160e-03 3.875982761383056641e-02 2.002449007704854012e-03 3.889343142509460449e-02 6.428608321584761143e-04 1.873249188065528870e-02 1.180953532457351685e-02 4.357165843248367310e-02 2.535851858556270599e-02 1.146634295582771301e-02 1.160371862351894379e-02 3.370497375726699829e-03 4.111776128411293030e-02 3.951903432607650757e-02 8.305620402097702026e-03 4.432608373463153839e-03 4.855678707826882601e-04 4.631700925529003143e-03 1.076786211342550814e-04 6.774408975616097450e-04 3.955225925892591476e-03 1.166021544486284256e-02 1.069773640483617783e-02 1.431058626621961594e-03 7.163439877331256866e-03 3.932468220591545105e-02 1.733421906828880310e-02 6.405522115528583527e-03 8.514272049069404602e-03 8.511808700859546661e-03 1.282022148370742798e-02 3.695986419916152954e-02 2.880942076444625854e-02 1.208957843482494354e-02 6.585873197764158249e-03 7.920222356915473938e-03 2.130224555730819702e-02 1.942199282348155975e-02 3.292365744709968567e-02 6.804199889302253723e-03 3.134752064943313599e-02 3.139799460768699646e-02 1.061257719993591309e-02 1.029720995575189590e-02 3.805796429514884949e-02 8.196062408387660980e-03 2.362480945885181427e-02 1.632260903716087341e-02 1.914134062826633453e-02 2.453727088868618011e-02 1.847972720861434937e-02 3.161353757604956627e-03 1.738955080509185791e-02 1.157107111066579819e-02 5.021707620471715927e-03 1.304598432034254074e-02 1.229764334857463837e-02 1.192597392946481705e-02 3.274703398346900940e-02 1.928930729627609253e-02 2.015914395451545715e-02 3.837952972389757633e-04 1.621703989803791046e-02 7.800051011145114899e-03 7.627623155713081360e-03 1.076833228580653667e-03 5.240762606263160706e-02 3.916851431131362915e-02 2.309178374707698822e-02 3.388673765584826469e-03 1.417042780667543411e-02 1.392835658043622971e-02 3.263217210769653320e-02 1.266857981681823730e-02 2.463050000369548798e-02 1.862047053873538971e-02 1.779671385884284973e-02 1.554235164076089859e-02 2.814121916890144348e-02 1.720625907182693481e-02 2.539787068963050842e-02 4.211360123008489609e-03 3.534158319234848022e-02 6.116117350757122040e-03 1.812012679874897003e-02 1.693688333034515381e-02 8.810847997665405273e-03 1.114447135478258133e-03 3.598995134234428406e-02 3.468035161495208740e-02 1.671232841908931732e-02 1.750411652028560638e-02 9.650209918618202209e-03 4.414670911501161754e-06 2.375918440520763397e-02 1.250877976417541504e-02 1.152157410979270935e-02 3.679720312356948853e-02 2.921171858906745911e-02 1.147731393575668335e-02 1.149227935820817947e-02 9.292292408645153046e-03 2.172921318560838699e-03 8.803624659776687622e-03 2.490849420428276062e-02 1.231748517602682114e-02
9.854258038103580475e-03 7.523522712290287018e-03 3.420505672693252563e-03 8.189908228814601898e-03 4.414255730807781219e-03 1.863644272089004517e-02 2.865639328956604004e-02 2.249145507812500000e-02 3.058812581002712250e-02 8.334448337554931641e-01 1.365693751722574234e-02 1.626361161470413208e-02 1.667235605418682098e-02 6.651884876191616058e-03 9.889374487102031708e-03 1.236379175679758191e-04 1.720600016415119171e-02 9.762618690729141235e-03 3.733899816870689392e-02 7.828145287930965424e-03 7.487579714506864548e-03 7.336435373872518539e-03 9.609508328139781952e-03 1.869327016174793243e-02 1.897580362856388092e-02 9.799158200621604919e-03 2.396333031356334686e-02 3.063062764704227448e-02 7.156962063163518906e-03 1.736720465123653412e-02 6.608165334910154343e-03 2.009248919785022736e-02 1.273876149207353592e-02 3.176487516611814499e-03 2.631478244438767433e-03 1.505103195086121559e-03 3.945619391743093729e-04 1.017190515995025635e-02 3.081656992435455322e-02 8.965863846242427826e-03 1.487078983336687088e-02 1.222104020416736603e-02 2.343444898724555969e-02 8.000141009688377380e-03 1.851514913141727448e-02 7.497180718928575516e-03 2.717384137213230133e-02 3.237826749682426453e-02 1.719719730317592621e-02 4.149554297327995300e-02 6.392106879502534866e-03 1.455553807318210602e-02 7.414886727929115295e-03 3.185762325301766396e-03 3.030040860176086426e-02 4.472548514604568481e-02 1.786298491060733795e-02 4.242628067731857300e-02 8.472231216728687286e-03 6.454582326114177704e-03 1.153927529230713844e-03 2.422916330397129059e-02 1.430540252476930618e-02 1.524212188087403774e-03 1.790775544941425323e-02 1.096907537430524826e-02 2.167603559792041779e-02 1.372377388179302216e-02 1.071045361459255219e-02 1.072698738425970078e-02 2.161096222698688507e-02 1.348140183836221695e-02 1.136216428130865097e-02 2.180045843124389648e-02 1.782684470526874065e-03 1.389919221401214600e-02 1.061264798045158386e-02 6.626435369253158569e-02 4.087415989488363266e-03 3.162711113691329956e-02 4.041450098156929016e-03 4.409806802868843079e-03 1.222278177738189697e-02 5.276982858777046204e-02 2.405364252626895905e-02 2.463327907025814056e-02 8.967038244009017944e-03 2.186104469001293182e-02 2.700339246075600386e-04 2.258178964257240295e-02 1.690055988729000092e-02 4.122498910874128342e-03 2.866955101490020752e-02 1.779855461791157722e-03 7.864830084145069122e-03 1.149621047079563141e-02 2.691596001386642456e-02 1.413549203425645828e-02 1.169609487988054752e-03 2.049850113689899445e-02 1.542421709746122360e-02 2.246400574222207069e-03 2.119376556947827339e-03 6.899281404912471771e-03 1.529061328619718552e-02 6.882108747959136963e-03 2.163151092827320099e-02 1.363852899521589279e-02 9.145224466919898987e-03 2.907863818109035492e-02 1.588396298757288605e-05 7.361603435128927231e-03 1.690150238573551178e-02 3.030715277418494225e-03 1.508231367915868759e-02 1.092940289527177811e-02
6.010363250970840454e-02 6.015690043568611145e-02 9.572976268827915192e-03 3.867188468575477600e-03 8.461606339551508427e-04 5.019723996520042419e-02 4.377265647053718567e-02 3.012396767735481262e-02 2.740920754149556160e-03 1.365693751722574234e-02 8.334448337554931641e-01 6.675890646874904633e-03 7.360131293535232544e-02 9.081322699785232544e-03 5.347786471247673035e-02 1.443991903215646744e-02 2.684490010142326355e-02 1.353748608380556107e-02 1.759794726967811584e-02 2.172685973346233368e-02 1.077248994261026382e-02 2.602394670248031616e-02 9.896136820316314697e-03 4.253615625202655792e-03 8.790628053247928619e-03 1.973512023687362671e-02 2.605717442929744720e-02 1.077793817967176437e-02 4.319439455866813660e-02 1.063593942672014236e-02 4.592753201723098755e-02 5.321746692061424255e-03 1.301718316972255707e-02 4.720225464552640915e-03 6.932382006198167801e-03 7.783641573041677475e-03 2.026413381099700928e-02 3.340589627623558044e-02 1.417630258947610855e-02 6.322741392068564892e-04 3.338531777262687683e-02 2.093032747507095337e-02 5.317807197570800781e-03 1.133473962545394897e-02 8.109152317047119141e-03 3.206952475011348724e-03 3.744225576519966125e-02 3.369445353746414185e-02 3.706368617713451385e-03 3.396379295736551285e-03 5.943088326603174210e-03 3.720800159499049187e-03 1.754135079681873322e-02 2.367750741541385651e-02 2.203770447522401810e-03 1.629788661375641823e-03 2.973984694108366966e-03 2.516954671591520309e-03 8.337046951055526733e-03 5.611278116703033447e-03 3.589015221223235130e-03 3.865368431434035301e-03 7.529818918555974960e-03 6.766088306903839111e-03 3.626659139990806580e-02 4.321961849927902222e-02 5.400736350566148758e-03 8.624148555099964142e-03 9.558176621794700623e-03 6.784974131733179092e-03 2.427172474563121796e-02 2.313286066055297852e-02 3.471652453299611807e-04 9.297460317611694336e-03 5.382719449698925018e-03 1.670034602284431458e-02 4.975390154868364334e-03 5.987400654703378677e-03 2.686521038413047791e-03 2.135208621621131897e-02 1.839412562549114227e-02 1.546688843518495560e-02 1.928769401274621487e-03 3.236663527786731720e-03 3.404248505830764771e-02 8.878600783646106720e-03 3.666266053915023804e-02 3.013720363378524780e-02 8.182894438505172729e-03 1.503753568977117538e-02 2.036682516336441040e-02 4.160815104842185974e-02 9.295836091041564941e-03 3.876934945583343506e-02 2.038803324103355408e-02 6.428145337849855423e-03 2.386735565960407257e-02 7.741999812424182892e-03 7.103870622813701630e-03 5.105944816023111343e-03 6.193957291543483734e-03 1.999012008309364319e-02 2.165943942964076996e-02 1.352042146027088165e-02 5.456901155412197113e-03 9.475473314523696899e-03 2.203360758721828461e-02 3.158673644065856934e-03 5.568424239754676819e-03 6.077636498957872391e-03 2.274137549102306366e-02 1.958056725561618805e-02 1.184178888797760010e-02 1.692158868536353111e-03 1.878415350802242756e-03 8.505178848281502724e-04
3.623740747570991516e-03 6.347887683659791946e-03 1.415112242102622986e-02 1.075368374586105347e-03 1.077256537973880768e-02 1.980951614677906036e-02 1.172996126115322113e-02 2.478168578818440437e-03 3.875982761383056641e-02 1.626361161470413208e-02 6.675890646874904633e-03 8.334448337554931641e-01 1.056469324976205826e-02 7.776693999767303467e-02 3.345633740536868572e-04 1.303533464670181274e-02 1.168490946292877197e-02 1.730800606310367584e-02 1.271514035761356354e-02 1.530227903276681900e-02 2.109016850590705872e-02 2.979942969977855682e-02 2.916124463081359863e-02 2.639160491526126862e-02 2.668159268796443939e-02 1.836584880948066711e-02 2.507665008306503296e-02 4.157685488462448120e-02 2.067346125841140747e-02 4.798575863242149353e-02 2.423408441245555878e-02 9.909281507134437561e-03 1.641810871660709381e-02 4.815455060452222824e-03 1.390024553984403610e-02 2.631135657429695129e-02 3.031781688332557678e-02 8.115806616842746735e-03 4.702491220086812973e-03 1.172758173197507858e-02 3.925300203263759613e-03 2.223039511591196060e-03 5.874942988157272339e-03 1.249377615749835968e-02 3.928521648049354553e-02 3.579990705475211143e-03 2.960276789963245392e-02 2.203920111060142517e-02 4.875283222645521164e-03 2.350449748337268829e-02 1.406743284314870834e-02 2.000650763511657715e-02 3.521259874105453491e-03 1.173005555756390095e-03 2.885876456275582314e-03 3.399988636374473572e-02 3.259104862809181213e-02 2.449945360422134399e-02 2.565271686762571335e-03 6.018157582730054855e-03 5.180767737329006195e-03 2.955920062959194183e-02 7.702296134084463120e-03 9.791105054318904877e-03 1.506086904555559158e-02 6.117364391684532166e-03 5.669085774570703506e-03 7.399818394333124161e-03 3.616317640990018845e-03 1.655809395015239716e-02 2.649468369781970978e-04 1.888367719948291779e-02 9.509712457656860352e-03 4.642146639525890350e-03 2.182189747691154480e-02 7.435006555169820786e-03 2.286535315215587616e-02 1.864975434727966785e-03 3.391167148947715759e-02 2.097555436193943024e-02 1.613875478506088257e-02 5.456386134028434753e-04 8.579808287322521210e-03 2.740614116191864014e-02 2.748499251902103424e-02 3.201423585414886475e-02 1.206446997821331024e-02 5.033405614085495472e-04 2.639397606253623962e-02 8.981979452073574066e-03 4.252916574478149414e-02 1.362719456665217876e-03 3.056370466947555542e-02 2.122885198332369328e-04 9.079331532120704651e-03 3.402940183877944946e-02 1.497897133231163025e-02 3.004019614309072495e-03 1.879536919295787811e-02 7.959049195051193237e-03 1.281284168362617493e-02 9.015051648020744324e-03 2.457915060222148895e-02 7.162101101130247116e-03 7.710579782724380493e-03 4.611340351402759552e-03 3.769270610064268112e-03 1.916487142443656921e-02 7.730307988822460175e-03 2.123234421014785767e-02 2.505445294082164764e-02 1.759551651775836945e-02 2.866213209927082062e-03 9.821734391152858734e-03 1.202217210084199905e-02 4.033803939819335938e-03
5.841085687279701233e-02 6.416621059179306030e-02 6.240829825401306152e-03 8.572299964725971222e-03 6.466710940003395081e-03 4.799698665738105774e-02 4.528629034757614136e-02 3.616550564765930176e-02 2.002449007704854012e-03 1.667235605418682098e-02 7.360131293535232544e-02 1.056469324976205826e-02 8.334448337554931641e-01 7.410234771668910980e-03 5.996609479188919067e-02 2.252678014338016510e-02 3.262347355484962463e-02 1.391416415572166443e-02 2.255497314035892487e-02 1.267678756266832352e-02 1.113910507410764694e-02 3.030096925795078278e-02 8.473054505884647369e-03 3.754358272999525070e-03 1.288178842514753342e-02 2.596473693847656250e-02 1.868384703993797302e-02 5.513004027307033539e-03 3.477625921368598938e-02 8.345019072294235229e-03 4.193012043833732605e-02 1.241973368450999260e-04 4.603798442985862494e-04 1.220001559704542160e-02 6.963591091334819794e-03 8.076199330389499664e-03 1.478988397866487503e-02 2.608984895050525665e-02 1.223353203386068344e-02 7.457091473042964935e-03 3.264622762799263000e-02 1.461429800838232040e-02 1.240709330886602402e-02 7.849171757698059082e-03 1.282048225402832031e-02 2.177416812628507614e-03 3.672454878687858582e-02 3.469739481806755066e-02 1.557928323745727539e-02 1.466746442019939423e-02 2.938761375844478607e-03 5.161470267921686172e-03 1.514627784490585327e-02 2.446727454662322998e-02 6.341189146041870117e-03 9.922574274241924286e-03 5.892577115446329117e-03 2.136629773303866386e-03 1.043479330837726593e-02 8.213723078370094299e-03 6.556464359164237976e-03 9.211705997586250305e-03 4.990561865270137787e-03 5.291731096804141998e-03 3.509830683469772339e-02 4.764440283179283142e-02 1.005574408918619156e-02 1.745895110070705414e-02 1.328324154019355774e-02 4.094075120519846678e-05 2.392184548079967499e-02 2.450477518141269684e-02 3.564813872799277306e-03 9.322892292402684689e-04 1.715394319035112858e-03 1.453632861375808716e-02 4.563817055895924568e-04 1.068319007754325867e-02 1.213001180440187454e-02 1.344199385493993759e-02 1.672776788473129272e-02 2.341677248477935791e-02 5.216209217905998230e-03 6.830459460616111755e-03 3.403268754482269287e-02 8.943350054323673248e-03 3.538231179118156433e-02 3.678744658827781677e-02 4.493707790970802307e-03 7.648239377886056900e-03 1.834349893033504486e-02 3.455767035484313965e-02 1.196626294404268265e-02 3.745919838547706604e-02 1.338788215070962906e-02 3.284225473180413246e-03 1.790399476885795593e-02 2.350673079490661621e-03 4.824739880859851837e-03 3.419594839215278625e-03 3.697684733197093010e-03 1.982846111059188843e-02 1.892252266407012939e-02 1.575426198542118073e-02 1.357322442345321178e-03 7.413870189338922501e-03 2.394939772784709930e-02 5.201365333050489426e-03 7.764293346554040909e-03 5.060523282736539841e-03 1.395002193748950958e-02 1.922086067497730255e-02 1.041787769645452499e-02 7.744293194264173508e-03 9.007083252072334290e-03 2.928564557805657387e-03
