8.535764217376708984e-01 5.165309458971023560e-02 2.820410532876849174e-03 2.837446518242359161e-02 2.431541681289672852e-02 4.846072942018508911e-02 4.131753742694854736e-02 6.760267075151205063e-03 3.438494168221950531e-03 1.126375794410705566e-02 5.322808772325515747e-02 1.814094558358192444e-02 3.409347310662269592e-02 2.925218455493450165e-02 2.673092857003211975e-02 3.011172637343406677e-02 2.679313905537128448e-02 7.649588398635387421e-03 1.240508817136287689e-02 1.993320509791374207e-02 7.800589082762598991e-04 2.075377851724624634e-02 1.553902495652437210e-02 2.279567904770374298e-02 1.274000015109777451e-02 9.760645218193531036e-03 2.086754143238067627e-02 1.949859783053398132e-02 7.997305132448673248e-03 2.446637116372585297e-02 3.255221527069807053e-03 1.376433204859495163e-02 1.370132993906736374e-02 1.352201029658317566e-02 2.050623297691345215e-02 2.333922497928142548e-02 2.237103134393692017e-02 1.155993435531854630e-02 1.889987103641033173e-02 2.720667049288749695e-02 6.387917790561914444e-03 1.453408692032098770e-02 1.387497596442699432e-02 1.198762468993663788e-02 2.347008790820837021e-03 1.517092436552047729e-02 4.132635518908500671e-02 2.951225824654102325e-02 5.176137201488018036e-03 5.852546077221632004e-03 1.432413980364799500e-02 1.085265818983316422e-02 3.530229255557060242e-02 3.303444012999534607e-02 2.100232290104031563e-03 1.020545512437820435e-02 9.572079405188560486e-03 5.959210684522986412e-04 3.236657753586769104e-02 3.154809400439262390e-02 3.247866872698068619e-03 6.837553344666957855e-03 1.969941332936286926e-02 1.477973069995641708e-02 3.654257208108901978e-02 2.380818314850330353e-02 1.560055464506149292e-02 1.432691141963005066e-02 2.014150843024253845e-02 1.610811986029148102e-02 2.560354024171829224e-02 1.184664107859134674e-02 4.797381535172462463e-02 1.324380934238433838e-02 3.854659199714660645e-02 1.292688213288784027e-02 1.733304187655448914e-02 2.271964401006698608e-02 4.147268366068601608e-03 9.004955179989337921e-03 1.674096100032329559e-02 2.042415738105773926e-02 9.988117963075637817e-03 7.781778927892446518e-03 1.831436995416879654e-03 7.448969874531030655e-03 2.557718940079212189e-02 2.262434549629688263e-02 1.966759795323014259e-03 1.458672899752855301e-02 2.615756541490554810e-02 2.901816926896572113e-02 1.236196979880332947e-02 1.036439277231693268e-02 1.309036597376689315e-04 3.088393248617649078e-03 1.358678936958312988e-02 1.181700080633163452e-02 6.937189027667045593e-03 1.052772160619497299e-02 5.010191816836595535e-03 8.744497783482074738e-03 3.910596016794443130e-03 1.706936745904386044e-03 1.385553833097219467e-02 2.346742153167724609e-02 1.544754672795534134e-02 1.294501405209302902e-02 1.750933937728404999e-02 1.712183281779289246e-02 1.419538632035255432e-02 7.150152698159217834e-03 1.935102045536041260e-02 1.037296652793884277e-02 1.490312349051237106e-02 5.504617001861333847e-03
5.165309458971023560e-02 8.535764217376708984e-01 1.005257479846477509e-02 3.503663092851638794e-02 1.807146891951560974e-02 4.666827619075775146e-02 4.526002332568168640e-02 1.665344275534152985e-02 7.812007796019315720e-03 9.918138384819030762e-03 3.946106508374214172e-02 1.460693962872028351e-02 4.808765277266502380e-02 2.575322054326534271e-02 3.191314637660980225e-02 3.100248984992504120e-02 2.303605712950229645e-02 6.096393335610628128e-03 6.104015279561281204e-03 1.910834759473800659e-02 6.364963483065366745e-03 2.889619953930377960e-02 1.406261138617992401e-02 1.872270181775093079e-02 1.549352332949638367e-02 1.488457247614860535e-02 2.773277834057807922e-02 1.241189986467361450e-02 1.350984326563775539e-03 1.819917187094688416e-02 5.833692383021116257e-03 1.026306115090847015e-02 1.352904085069894791e-02 1.243773940950632095e-02 1.964912563562393188e-02 1.735143363475799561e-02 2.564187161624431610e-02 1.233112066984176636e-02 2.993395924568176270e-02 2.760943211615085602e-02 5.673835054039955139e-03 1.887059584259986877e-02 1.807482354342937469e-02 1.082621607929468155e-02 1.571045815944671631e-02 1.366741675883531570e-02 3.456921502947807312e-02 3.733919560909271240e-02 5.614119116216897964e-03 4.104697145521640778e-03 2.348565869033336639e-02 1.680073700845241547e-02 3.077333420515060425e-02 2.947725355625152588e-02 1.061388291418552399e-02 9.161502821370959282e-04 5.387742538005113602e-03 9.498269064351916313e-04 2.520283125340938568e-02 2.812857739627361298e-02 5.245734355412423611e-04 1.200668746605515480e-03 2.214021421968936920e-02 1.629651710391044617e-02 2.565220743417739868e-02 3.012412786483764648e-02 1.862738281488418579e-02 1.884165033698081970e-02 1.828813552856445312e-02 9.184268303215503693e-03 2.048469707369804382e-02 9.884184226393699646e-03 3.755538538098335266e-02 5.238012410700321198e-03 3.996662050485610962e-02 6.063041742891073227e-03 2.113395184278488159e-02 1.704031229019165039e-02 9.566577151417732239e-03 6.353933364152908325e-03 1.539510954171419144e-02 2.456397190690040588e-02 5.805168766528367996e-03 7.967936806380748749e-03 9.067621082067489624e-03 1.813622750341892242e-02 2.481254562735557556e-02 3.144047036767005920e-02 2.223809948191046715e-03 4.686799366027116776e-03 1.975001394748687744e-02 2.020144648849964142e-02 2.415139414370059967e-02 1.475952286273241043e-02 1.771915145218372345e-02 1.470485702157020569e-02 1.416682545095682144e-02 9.895427152514457703e-03 1.367964409291744232e-02 1.495768129825592041e-02 1.180977933108806610e-02 6.060644984245300293e-03 1.189528685063123703e-02 4.646218847483396530e-03 1.698281802237033844e-02 1.658122614026069641e-02 2.121370472013950348e-02 7.924725650809705257e-04 1.140154339373111725e-02 1.078099198639392853e-02 1.957383751869201660e-02 6.181664299219846725e-03 2.498181723058223724e-02 1.450641732662916183e-02 7.065311074256896973e-03 6.872334051877260208e-03
2.820410532876849174e-03 1.005257479846477509e-02 8.535764217376708984e-01 5.367255653254687786e-04 1.383914891630411148e-02 3.930081613361835480e-03 2.671806723810732365e-04 2.475614659488201141e-02 1.744562177918851376e-03 2.176878787577152252e-02 8.563618175685405731e-03 1.025021541863679886e-02 1.530301105231046677e-02 9.103137999773025513e-04 1.167089771479368210e-02 3.382330294698476791e-03 1.073353923857212067e-02 1.268947310745716095e-02 2.472759410738945007e-02 2.107723057270050049e-02 1.214880263432860374e-03 8.191557601094245911e-03 7.477053906768560410e-03 6.680345162749290466e-03 7.052157074213027954e-03 6.616207538172602654e-04 2.836677012965083122e-03 3.926801495254039764e-03 3.263033926486968994e-02 7.514920434914529324e-04 2.897528372704982758e-02 1.435558684170246124e-02 3.172241896390914917e-02 1.974373683333396912e-02 1.273706275969743729e-02 4.102850332856178284e-03 5.953532643616199493e-03 9.319733828306198120e-03 6.685050204396247864e-03 1.704194582998752594e-02 2.901645936071872711e-02 1.931150630116462708e-02 1.636478863656520844e-02 1.517055556178092957e-02 7.167443167418241501e-03 1.524552516639232635e-02 5.332591943442821503e-03 8.984589949250221252e-03 1.346977427601814270e-02 1.762217655777931213e-02 1.991797424852848053e-02 4.465175792574882507e-03 1.030009053647518158e-02 1.032314449548721313e-02 1.168593298643827438e-02 1.907395943999290466e-02 2.093936130404472351e-02 3.708921605721116066e-03 2.777982270345091820e-03 1.298780646175146103e-02 3.434696793556213379e-02 2.731610834598541260e-02 1.090253982692956924e-02 2.504137158393859863e-02 2.138358913362026215e-02 3.503876551985740662e-02 2.375121926888823509e-03 1.099492795765399933e-02 9.190240874886512756e-03 9.946014732122421265e-03 2.194037847220897675e-02 1.882140338420867920e-02 3.219666425138711929e-03 7.107432000339031219e-03 2.197251282632350922e-02 3.915653098374605179e-03 6.662451196461915970e-03 1.344474591314792633e-02 8.159792050719261169e-03 1.588706858456134796e-02 1.634903438389301300e-02 1.415836438536643982e-02 1.627840287983417511e-02 2.874563913792371750e-03 6.224222481250762939e-03 1.482875179499387741e-02 2.841840730980038643e-03 1.667984016239643097e-02 3.853404428809881210e-03 9.120930917561054230e-03 6.014476064592599869e-03 6.473118439316749573e-03 1.154037099331617355e-02 2.206074818968772888e-02 1.785409264266490936e-02 1.040360331535339355e-02 6.734858034178614616e-04 2.571979071944952011e-03 2.828292734920978546e-02 2.627600729465484619e-02 2.837553434073925018e-02 2.548666112124919891e-02 8.266660384833812714e-03 3.069957019761204720e-04 1.213090773671865463e-02 8.664496243000030518e-03 2.189913764595985413e-02 5.754956509917974472e-03 1.327397674322128296e-02 8.232695399783551693e-04 4.174294415861368179e-03 2.486740413587540388e-04 9.993789717555046082e-03 1.893530949018895626e-03 2.622978016734123230e-02 9.434463456273078918e-03
2.837446518242359161e-02 3.503663092851638794e-02 5.367255653254687786e-04 8.535764217376708984e-01 3.504840284585952759e-02 3.268861025571823120e-02 2.022158540785312653e-02 1.172162871807813644e-02 6.849490106105804443e-03 5.027133505791425705e-03 1.837299577891826630e-02 2.106483653187751770e-02 3.123393654823303223e-02 1.552292518317699432e-02 1.990166679024696350e-02 2.711608074605464935e-02 1.779475063085556030e-02 2.820781199261546135e-03 6.495182868093252182e-03 1.924287341535091400e-02 2.701546065509319305e-03 4.618116654455661774e-03 1.675145700573921204e-02 1.336411293596029282e-02 1.692141219973564148e-02 6.410451605916023254e-03 2.262317109853029251e-03 1.665369793772697449e-02 3.536353819072246552e-03 2.090661972761154175e-02 1.271704770624637604e-02 8.757068775594234467e-03 1.825720444321632385e-02 1.039559487253427505e-02 1.337466295808553696e-02 1.447771303355693817e-02 1.599598862230777740e-02 4.110291134566068649e-03 4.876131191849708557e-02 3.193254023790359497e-02 3.583750221878290176e-03 2.062576450407505035e-02 2.279772423207759857e-02 6.743138190358877182e-03 2.040771208703517914e-02 1.847709901630878448e-02 3.320735692977905273e-02 2.210042811930179596e-02 1.308625005185604095e-02 4.352917894721031189e-03 1.777985878288745880e-02 2.161861956119537354e-02 2.819311618804931641e-02 3.979279100894927979e-02 6.305508781224489212e-03 3.308783983811736107e-03 7.410455960780382156e-03 2.648125868290662766e-03 2.630240097641944885e-02 3.200411796569824219e-02 2.134002279490232468e-03 3.017975483089685440e-03 2.172062173485755920e-02 1.756966859102249146e-02 1.909705437719821930e-02 2.763953991234302521e-02 3.109004721045494080e-02 1.440325472503900528e-02 7.279170211404561996e-03 1.133094448596239090e-02 1.635806635022163391e-02 7.894125767052173615e-03 4.371941834688186646e-02 1.390736550092697144e-02 4.138549789786338806e-02 2.684302860870957375e-03 1.752615347504615784e-02 9.129314683377742767e-03 1.577572710812091827e-02 5.936720874160528183e-03 5.380614660680294037e-03 1.472906302660703659e-02 1.788423769176006317e-02 2.732278546318411827e-03 4.043878987431526184e-03 3.277803771197795868e-03 9.830809198319911957e-03 2.753910236060619354e-02 8.573800325393676758e-03 5.426542833447456360e-03 2.639896981418132782e-02 2.297732979059219360e-03 5.599984899163246155e-03 1.861677132546901703e-02 1.313645858317613602e-02 3.078307723626494408e-03 1.220000209286808968e-03 2.562981843948364258e-02 1.091486494988203049e-02 1.687262021005153656e-02 1.707377098500728607e-02 2.383524784818291664e-03 2.618633909150958061e-03 5.130634643137454987e-03 1.060847379267215729e-02 1.555966772139072418e-02 1.253752131015062332e-02 3.993922844529151917e-03 9.059735573828220367e-03 1.674542576074600220e-02 5.900327116250991821e-03 4.206419456750154495e-03 2.897191420197486877e-02 2.380163967609405518e-02 7.235421799123287201e-03 1.661155186593532562e-02
2.431541681289672852e-02 1.807146891951560974e-02 1.383914891630411148e-02 3.504840284585952759e-02 8.535764217376708984e-01 1.692878641188144684e-02 1.214022864587605000e-03 1.863427832722663879e-02 1.748454570770263672e-02 2.191135101020336151e-02 2.141334116458892822e-02 7.626248057931661606e-03 6.855108775198459625e-03 6.700051482766866684e-03 8.800504729151725769e-03 2.528734132647514343e-02 2.371826395392417908e-02 1.148790027946233749e-02 4.087251424789428711e-02 1.742980815470218658e-02 8.186212740838527679e-03 4.013004712760448456e-03 1.656637340784072876e-02 1.985897868871688843e-02 2.037524245679378510e-02 4.947727546095848083e-03 5.671255756169557571e-03 3.636866062879562378e-02 2.039304375648498535e-02 2.547598443925380707e-02 1.073993649333715439e-02 2.574148960411548615e-02 2.535190992057323456e-02 1.858337782323360443e-02 1.715001766569912434e-03 1.640570536255836487e-02 1.056256517767906189e-02 4.562857560813426971e-03 1.754485443234443665e-02 3.956482186913490295e-02 3.929747734218835831e-03 8.168424479663372040e-03 6.629439536482095718e-03 8.513010106980800629e-03 1.418025349266827106e-03 1.617339067161083221e-02 1.811644807457923889e-02 2.332646981813013554e-04 1.313806977123022079e-02 1.700019836425781250e-02 7.298860233277082443e-03 2.085368847474455833e-03 2.832205966114997864e-02 3.244366496801376343e-02 1.278850995004177094e-02 3.340560570359230042e-02 1.047421828843653202e-03 4.519550595432519913e-03 2.076700702309608459e-02 2.407061494886875153e-02 2.345232665538787842e-02 3.107971325516700745e-02 1.093126367777585983e-02 8.640456013381481171e-03 2.552284859120845795e-02 2.238112315535545349e-02 2.393588609993457794e-02 1.021347474306821823e-02 1.940229721367359161e-02 2.425526035949587822e-03 2.802859991788864136e-02 1.884402520954608917e-02 3.293705359101295471e-02 3.283350728452205658e-03 3.530157357454299927e-02 1.944660954177379608e-02 3.448213217779994011e-03 2.352419868111610413e-02 2.023613313212990761e-03 1.797558367252349854e-02 7.169619668275117874e-03 2.059546858072280884e-02 1.069275103509426117e-02 2.780030854046344757e-02 4.712667316198348999e-03 1.026302389800548553e-02 1.339132338762283325e-02 1.284518931061029434e-02 7.372877560555934906e-03 2.295621857047080994e-02 1.194563601166009903e-02 1.104708178900182247e-03 1.411928422749042511e-02 2.308850642293691635e-03 3.304754383862018585e-03 9.795537218451499939e-03 1.286878809332847595e-02 2.265518717467784882e-02 2.279659034684300423e-03 1.937843859195709229e-02 1.812002807855606079e-02 2.415050566196441650e-02 2.908038534224033356e-02 1.985864900052547455e-02 1.308459322899580002e-02 2.378448098897933960e-02 7.009351160377264023e-03 1.301805768162012100e-02 1.176237128674983978e-02 2.286390215158462524e-02 2.029202692210674286e-02 2.373403310775756836e-02 8.879902772605419159e-03 1.204330381006002426e-02 9.407367324456572533e-04 1.959224604070186615e-02
4.846072942018508911e-02 4.666827619075775146e-02 3.930081613361835480e-03 3.268861025571823120e-02 1.692878641188144684e-02 8.535764217376708984e-01 5.049440264701843262e-02 6.484651006758213043e-03 1.274769194424152374e-02 7.827276363968849182e-03 4.097608476877212524e-02 2.212169580161571503e-02 3.588986769318580627e-02 2.861981280148029327e-02 1.322833355516195297e-02 2.787022851407527924e-02 2.390367537736892700e-02 4.194821231067180634e-03 1.250044733751565218e-04 2.345575205981731415e-02 1.145668979734182358e-02 6.253073457628488541e-03 2.712714858353137970e-02 2.353131212294101715e-02 2.142003737390041351e-02 2.065704762935638428e-02 9.416216984391212463e-03 6.569107994437217712e-03 1.912695914506912231e-02 8.568871766328811646e-03 3.007194209203589708e-05 1.657495833933353424e-02 1.068576797842979431e-02 1.940288394689559937e-02 2.641261741518974304e-02 2.020957320928573608e-02 1.744868420064449310e-02 1.143456716090440750e-02 2.349351719021797180e-02 2.328963205218315125e-02 1.740550994873046875e-02 1.763964444398880005e-02 2.199312672019004822e-02 2.002855762839317322e-03 1.338682696223258972e-02 1.386145502328872681e-02 6.032422930002212524e-02 3.133300691843032837e-02 1.062820572406053543e-02 5.049477331340312958e-03 1.256028283387422562e-02 2.403371781110763550e-02 2.335671707987785339e-02 2.436499483883380890e-02 8.873282931745052338e-03 7.143776019802317023e-05 9.151378762908279896e-04 5.703539587557315826e-03 2.055200561881065369e-02 2.017071284353733063e-02 5.143872462213039398e-03 7.343236356973648071e-03 6.854682695120573044e-03 1.473476737737655640e-02 2.928898110985755920e-02 2.805035188794136047e-02 1.818544045090675354e-02 2.057750895619392395e-02 5.315819755196571350e-03 4.414573311805725098e-03 6.975879427045583725e-03 2.018961531575769186e-04 3.148351609706878662e-02 4.696288611739873886e-03 3.592120110988616943e-02 5.858887918293476105e-03 3.947788383811712265e-03 5.995386745780706406e-03 1.533230207860469818e-02 1.555434544570744038e-03 1.261692494153976440e-02 1.225406210869550705e-02 5.991864949464797974e-03 1.805728673934936523e-02 1.827168837189674377e-02 1.941898465156555176e-02 1.327960379421710968e-02 2.971032448112964630e-02 9.642988443374633789e-03 1.908605359494686127e-02 4.210502281785011292e-02 1.769468560814857483e-02 1.475769840180873871e-02 2.370846830308437347e-02 1.216886751353740692e-02 6.010451354086399078e-03 8.034915663301944733e-03 9.429797530174255371e-03 1.389442849904298782e-02 1.883646473288536072e-02 1.904941536486148834e-02 1.147505454719066620e-02 1.649027224630117416e-03 3.988208714872598648e-03 1.270909421145915985e-02 2.295202203094959259e-02 1.731288433074951172e-02 2.113095950335264206e-03 1.309929974377155304e-02 7.615785580128431320e-03 1.293494924902915955e-02 1.432539988309144974e-02 1.753084547817707062e-02 1.535120420157909393e-02 2.135583199560642242e-02 5.439065396785736084e-03
4.131753742694854736e-02 4.526002332568168640e-02 2.671806723810732365e-04 2.022158540785312653e-02 1.214022864587605000e-03 5.049440264701843262e-02 8.535764217376708984e-01 6.315913051366806030e-04 1.388040557503700256e-02 1.620114967226982117e-02 4.434359818696975708e-02 1.448004972189664841e-02 4.214392974972724915e-02 2.990659512579441071e-02 2.616541646420955658e-02 1.833282969892024994e-02 2.038279548287391663e-02 1.023830566555261612e-02 8.008709119167178869e-05 1.931681670248508453e-02 2.052009850740432739e-02 2.689083665609359741e-02 2.207241393625736237e-02 2.643384411931037903e-02 1.428160443902015686e-02 2.571089193224906921e-02 2.723761089146137238e-02 1.031913049519062042e-02 5.035753361880779266e-03 1.414135470986366272e-02 1.452918257564306259e-02 8.644976653158664703e-03 6.168986205011606216e-03 1.239251345396041870e-02 2.954022027552127838e-02 1.065226737409830093e-02 1.788436248898506165e-02 8.870176970958709717e-03 1.967415213584899902e-02 1.325542666018009186e-02 2.260208502411842346e-02 1.404636818915605545e-02 2.087556943297386169e-02 6.579765118658542633e-03 2.043638564646244049e-02 1.941419765353202820e-02 3.677677363157272339e-02 6.185683235526084900e-02 3.815458854660391808e-03 5.359457805752754211e-03 2.068584598600864410e-02 2.044064924120903015e-02 1.680602878332138062e-02 1.506769657135009766e-02 2.076709643006324768e-02 2.641313010826706886e-03 4.914908204227685928e-04 1.008306909352540970e-02 1.526701822876930237e-02 1.507549919188022614e-02 9.540975093841552734e-03 4.467452818062156439e-04 9.719462133944034576e-03 2.419070713222026825e-02 2.182369120419025421e-02 1.754663512110710144e-02 3.899937961250543594e-03 1.976586133241653442e-02 7.778518367558717728e-03 8.497800445184111595e-04 8.169027976691722870e-03 8.582931011915206909e-03 1.835401356220245361e-02 2.341117244213819504e-03 1.906413957476615906e-02 3.286808962002396584e-03 5.261869169771671295e-03 6.674096919596195221e-03 9.491359815001487732e-03 1.492946688085794449e-02 5.003330297768115997e-03 8.826171979308128357e-03 1.625036820769309998e-02 1.509860344231128693e-02 2.444515936076641083e-02 2.958342246711254120e-02 1.273823436349630356e-02 1.496806927025318146e-02 5.650537554174661636e-03 1.141346758231520653e-03 2.198915369808673859e-02 2.390369959175586700e-02 3.544155135750770569e-02 3.542400954756885767e-04 9.492860175669193268e-03 1.542708557099103928e-02 1.416237186640501022e-02 9.012277238070964813e-03 1.608689688146114349e-02 1.415131147950887680e-02 1.395194791257381439e-02 1.079778559505939484e-02 1.081858575344085693e-02 3.947760560549795628e-04 2.409920655190944672e-02 1.987927034497261047e-02 1.738484762609004974e-02 4.218983929604291916e-03 7.607882376760244370e-03 5.363618023693561554e-03 2.061324426904320717e-03 7.475716411136090755e-04 2.142878621816635132e-02 1.235598884522914886e-02 3.647392615675926208e-02 2.251162368338555098e-04
6.760267075151205063e-03 1.665344275534152985e-02 2.475614659488201141e-02 1.172162871807813644e-02 1.863427832722663879e-02 6.484651006758213043e-03 6.315913051366806030e-04 8.535764217376708984e-01 2.020488958805799484e-03 1.778568141162395477e-02 6.914202123880386353e-03 2.711061621084809303e-03 2.231517620384693146e-02 1.410841650795191526e-04 2.403249219059944153e-02 2.059855312108993530e-02 2.075671032071113586e-02 1.079001091420650482e-02 1.622708700597286224e-02 2.319139800965785980e-02 1.245116535574197769e-02 2.967425808310508728e-02 1.647248119115829468e-02 1.949800364673137665e-02 2.453535236418247223e-02 1.650842465460300446e-02 1.942789554595947266e-02 1.170023251324892044e-02 5.734188482165336609e-03 8.397160097956657410e-03 5.670590326189994812e-03 2.328515797853469849e-02 3.251639753580093384e-02 2.380916662514209747e-02 2.564609050750732422e-02 1.295507512986660004e-02 2.612332627177238464e-02 2.234894782304763794e-02 1.572926342487335205e-02 2.144660614430904388e-02 2.864850871264934540e-02 1.257864385843276978e-02 1.125751342624425888e-02 2.243745326995849609e-02 1.523861894384026527e-03 5.674528423696756363e-03 1.374076528009027243e-04 7.265014573931694031e-04 1.716591604053974152e-02 2.360011823475360870e-02 1.884483359754085541e-02 1.518579386174678802e-02 2.064638771116733551e-02 1.926019974052906036e-02 9.486231021583080292e-03 1.876225136220455170e-02 2.078236266970634460e-02 1.506163645535707474e-02 9.983562864363193512e-03 1.870611496269702911e-02 2.693668939173221588e-02 1.974869146943092346e-02 2.368550933897495270e-02 2.647654898464679718e-02 1.071109622716903687e-02 1.379471458494663239e-02 3.261755779385566711e-02 2.504326589405536652e-02 2.316598407924175262e-02 1.204884704202413559e-02 1.843602769076824188e-02 2.447345526888966560e-03 3.674396779388189316e-03 4.304557107388973236e-03 6.421326659619808197e-03 8.280575275421142578e-03 1.981792412698268890e-02 1.407956238836050034e-02 1.195997651666402817e-02 1.676734909415245056e-02 4.037794470787048340e-02 3.408323228359222412e-02 4.106872715055942535e-03 9.125639684498310089e-03 1.495617348700761795e-02 1.024891342967748642e-02 2.653430216014385223e-02 2.377830632030963898e-02 1.407921034842729568e-02 1.197724882513284683e-02 1.722074812278151512e-03 1.148744672536849976e-02 2.850673394277691841e-03 1.845063641667366028e-02 2.136661298573017120e-02 3.472572192549705505e-02 6.695652846246957779e-03 4.274524108041077852e-04 1.956919021904468536e-02 2.158888801932334900e-02 2.215047925710678101e-02 2.532397210597991943e-02 5.826246924698352814e-03 1.257076580077409744e-02 2.449823729693889618e-02 1.857115328311920166e-02 1.529414486140012741e-02 3.056756104342639446e-04 1.950398460030555725e-02 1.690180972218513489e-02 1.239580940455198288e-02 3.547468222677707672e-03 1.954796910285949707e-02 1.385221257805824280e-02 8.886507712304592133e-03 3.800043603405356407e-03
3.438494168221950531e-03 7.812007796019315720e-03 1.744562177918851376e-03 6.849490106105804443e-03 1.748454570770263672e-02 1.274769194424152374e-02 1.388040557503700256e-02 2.020488958805799484e-03 8.535764217376708984e-01 1.956498809158802032e-02 2.967619337141513824e-03 2.327359840273857117e-02 6.397187709808349609e-03 1.763300411403179169e-02 5.023018456995487213e-03 3.025632351636886597e-03 7.217082311399281025e-04 3.895342350006103516e-02 6.747419014573097229e-03 9.637189097702503204e-03 2.572479099035263062e-02 1.216701883822679520e-02 1.245019584894180298e-02 4.678615368902683258e-04 1.992440549656748772e-03 1.915412023663520813e-02 2.583636343479156494e-02 3.323531150817871094e-02 9.229950606822967529e-03 2.677473425865173340e-02 7.777882739901542664e-03 3.371271304786205292e-03 1.235577464103698730e-02 6.296876817941665649e-04 1.495691295713186264e-02 1.378542743623256683e-02 4.685007501393556595e-03 1.797045394778251648e-02 1.641692826524376869e-03 1.830501295626163483e-02 1.920881099067628384e-03 3.380790725350379944e-02 1.227398868650197983e-02 5.121773574501276016e-03 7.445897441357374191e-03 4.752864595502614975e-03 1.461395900696516037e-02 1.893730834126472473e-03 3.011472150683403015e-02 3.085311269387602806e-03 1.208523195236921310e-02 2.485105767846107483e-02 3.277417272329330444e-03 7.857183925807476044e-03 4.385122656822204590e-02 1.170492265373468399e-02 3.163883462548255920e-02 3.214294789358973503e-03 5.243053310550749302e-04 1.304363738745450974e-02 2.254324033856391907e-02 1.971152052283287048e-02 2.133306302130222321e-02 3.386534750461578369e-03 3.633797750808298588e-04 1.773269288241863251e-02 7.140901871025562286e-03 6.284710019826889038e-03 1.933178678154945374e-02 1.189463771879673004e-02 1.396991126239299774e-02 4.037702083587646484e-02 1.466292887926101685e-02 1.429291558451950550e-03 5.187106784433126450e-03 3.764593973755836487e-02 5.354158580303192139e-02 4.324989393353462219e-03 4.455306380987167358e-02 1.824017963372170925e-03 3.141938941553235054e-03 1.002871058881282806e-02 1.599718444049358368e-02 1.273270323872566223e-02 1.769060082733631134e-02 6.301307119429111481e-03 7.439061067998409271e-03 3.330187464598566294e-04 4.444438591599464417e-02 2.850805409252643585e-02 1.249574963003396988e-02 2.555033750832080841e-02 2.516105538234114647e-03 2.329330332577228546e-02 2.409333921968936920e-02 2.543908730149269104e-02 1.395414490252733231e-02 2.772728540003299713e-02 3.826102241873741150e-02 9.887924417853355408e-03 2.153571695089340210e-02 6.131158675998449326e-03 2.319751121103763580e-02 2.436659112572669983e-02 5.290483124554157257e-03 2.005549613386392593e-03 1.199258305132389069e-02 2.174882404506206512e-02 6.067038979381322861e-03 7.205805741250514984e-03 2.259954623878002167e-02 4.302636533975601196e-02 7.598846219480037689e-03 1.092088758014142513e-03 4.626696929335594177e-03 3.055359609425067902e-02
1.126375794410705566e-02 9.918138384819030762e-03 2.176878787577152252e-02 5.027133505791425705e-03 2.191135101020336151e-02 7.827276363968849182e-03 1.620114967226982117e-02 1.778568141162395477e-02 1.956498809158802032e-02 8.535764217376708984e-01 1.627817749977111816e-02 1.370658259838819504e-02 1.491156686097383499e-02 1.729330979287624359e-02 9.914277121424674988e-03 1.164215896278619766e-02 1.458835229277610779e-02 4.168457910418510437e-02 4.511467367410659790e-02 1.767772249877452850e-02 4.418074153363704681e-03 2.109122835099697113e-02 2.509516663849353790e-02 2.978369966149330139e-02 1.022782269865274429e-02 7.222627289593219757e-03 2.117391675710678101e-02 1.939845085144042969e-02 1.652544923126697540e-02 8.876237086951732635e-03 2.377623692154884338e-02 1.787901297211647034e-02 1.909500919282436371e-02 1.168694347143173218e-02 8.958639577031135559e-03 2.030711993575096130e-02 1.241049822419881821e-02 1.359321270138025284e-02 4.415151663124561310e-03 1.306011434644460678e-02 6.901884451508522034e-03 1.584640704095363617e-02 1.936212368309497833e-02 1.080718915909528732e-02 7.256173063069581985e-03 2.275545150041580200e-02 7.449517957866191864e-03 1.472585927695035934e-02 2.125160209834575653e-02 3.518082201480865479e-02 6.207977421581745148e-03 1.812570914626121521e-02 1.384985633194446564e-02 6.203365977853536606e-03 1.393069885671138763e-02 3.400197997689247131e-02 1.856677234172821045e-02 2.263565361499786377e-02 8.013401180505752563e-03 7.761016022413969040e-03 2.804225496947765350e-02 3.744783252477645874e-02 3.950301092118024826e-03 1.271446328610181808e-02 1.642993837594985962e-02 1.113602053374052048e-02 1.122261025011539459e-02 1.304407790303230286e-02 3.570305928587913513e-02 2.784662880003452301e-02 3.356376662850379944e-02 1.387476548552513123e-02 7.925127632915973663e-03 2.720693871378898621e-02 1.553282048553228378e-02 3.118352731689810753e-03 2.851207740604877472e-02 4.557146504521369934e-02 1.960289850831031799e-02 5.031907558441162109e-02 5.526415538042783737e-03 1.792970672249794006e-02 2.283661067485809326e-02 3.972327336668968201e-02 2.176014520227909088e-02 1.451119128614664078e-02 1.533552538603544235e-02 1.322004571557044983e-02 2.511574327945709229e-02 3.334877267479896545e-02 1.293085329234600067e-02 2.282354794442653656e-02 1.317546702921390533e-02 1.535085681825876236e-02 3.141826484352350235e-03 1.516657322645187378e-02 4.933468531817197800e-03 2.891213865950703621e-03 2.498373389244079590e-02 2.939063310623168945e-02 2.609019726514816284e-02 3.117165341973304749e-02 7.895977236330509186e-03 5.391151178628206253e-03 1.957057043910026550e-02 1.655196771025657654e-02 1.796537265181541443e-02 2.568897046148777008e-02 1.105929911136627197e-02 1.184070389717817307e-02 1.745541580021381378e-02 1.205611042678356171e-02 1.107348129153251648e-02 1.293277833610773087e-02 9.963800199329853058e-03 1.160413399338722229e-02
5.322808772325515747e-02 3.946106508374214172e-02 8.563618175685405731e-03 1.837299577891826630e-02 2.141334116458892822e-02 4.097608476877212524e-02 4.434359818696975708e-02 6.914202123880386353e-03 2.967619337141513824e-03 1.627817749977111816e-02 8.535764217376708984e-01 1.133111026138067245e-02 2.437698841094970703e-02 2.644769474864006042e-02 1.977802999317646027e-02 2.671326324343681335e-02 2.738214097917079926e-02 1.230567600578069687e-02 1.836066879332065582e-02 2.401996217668056488e-02 3.855790477246046066e-03 2.192630618810653687e-02 1.646955683827400208e-02 2.487510256469249725e-02 1.891773752868175507e-02 1.409162767231464386e-02 2.225547470152378082e-02 1.651407405734062195e-02 1.723459549248218536e-02 1.608139835298061371e-02 1.238907105289399624e-03 1.316002197563648224e-02 1.877747848629951477e-02 1.392981689423322678e-02 2.251896634697914124e-02 2.127914689481258392e-02 2.007152512669563293e-02 7.591083180159330368e-03 1.758600398898124695e-02 2.381351217627525330e-02 3.590970532968640327e-03 1.549905166029930115e-02 1.869473606348037720e-02 7.304294034838676453e-03 1.012854743748903275e-02 2.559779025614261627e-02 3.726528212428092957e-02 3.667376935482025146e-02 9.549469687044620514e-03 1.162024401128292084e-02 2.194474637508392334e-02 1.012521702796220779e-02 2.959185652434825897e-02 2.716473303735256195e-02 3.078876296058297157e-03 1.129616703838109970e-02 4.678591154515743256e-03 9.536513127386569977e-03 3.037821501493453979e-02 2.494405582547187805e-02 4.172972869127988815e-03 6.170803215354681015e-03 2.015088498592376709e-02 2.087159454822540283e-02 4.153645038604736328e-02 1.839908212423324585e-02 1.112526003271341324e-02 1.777232624590396881e-02 1.827001571655273438e-02 1.784679293632507324e-02 2.340714633464813232e-02 1.190440356731414795e-02 3.596655651926994324e-02 1.610563509166240692e-02 2.842111513018608093e-02 1.327544171363115311e-02 5.307455081492662430e-03 2.328811772167682648e-02 7.138728396967053413e-04 1.225325930863618851e-02 1.887972839176654816e-02 1.117508113384246826e-02 6.232819985598325729e-03 1.193657238036394119e-02 8.703941479325294495e-03 1.358369272202253342e-02 2.397731132805347443e-02 1.240750961005687714e-02 1.001214329153299332e-02 1.216972153633832932e-02 2.557893656194210052e-02 3.756471723318099976e-02 7.405034266412258148e-03 3.629974380601197481e-04 3.250864567235112190e-03 5.090860649943351746e-04 1.242942828685045242e-02 1.588456146419048309e-02 7.859993726015090942e-03 1.248653326183557510e-02 1.232228800654411316e-02 1.636276021599769592e-02 6.156033836305141449e-03 9.488350478932261467e-04 2.391884475946426392e-02 2.928632870316505432e-02 1.808671839535236359e-02 8.880396373569965363e-03 1.520684920251369476e-02 1.679559610784053802e-02 1.133178733289241791e-02 1.336589548736810684e-02 2.635269984602928162e-02 1.804376393556594849e-02 2.315130829811096191e-02 7.294367533177137375e-04
1.814094558358192444e-02 1.460693962872028351e-02 1.025021541863679886e-02 2.106483653187751770e-02 7.626248057931661606e-03 2.212169580161571503e-02 1.448004972189664841e-02 2.711061621084809303e-03 2.327359840273857117e-02 1.370658259838819504e-02 1.133111026138067245e-02 8.535764217376708984e-01 1.113293040543794632e-02 6.242049485445022583e-02 2.117595449090003967e-02 1.744232326745986938e-02 1.333854626864194870e-02 1.558171305805444717e-02 1.594511559233069420e-03 2.647421509027481079e-02 1.350090187042951584e-02 5.380741320550441742e-03 2.741714008152484894e-02 2.335736528038978577e-02 1.755563542246818542e-02 2.332418039441108704e-02 7.498664315789937973e-03 3.342381864786148071e-02 9.549508802592754364e-03 4.211043566465377808e-02 2.695763250812888145e-03 2.329919487237930298e-02 3.701983485370874405e-03 2.389394864439964294e-02 1.511847879737615585e-02 3.559469059109687805e-02 2.151494286954402924e-02 7.184165064245462418e-03 1.845935173332691193e-02 2.171535603702068329e-02 1.340979803353548050e-02 9.918840602040290833e-03 8.600038476288318634e-03 2.075256034731864929e-02 2.460429444909095764e-02 5.754549056291580200e-03 1.807982847094535828e-02 5.345227196812629700e-03 1.171163655817508698e-02 1.150807738304138184e-02 4.611815791577100754e-03 2.964813821017742157e-02 2.795065380632877350e-02 2.058888599276542664e-02 1.331533305346965790e-02 1.098367618396878242e-03 8.907114970497786999e-04 9.673721157014369965e-03 1.817140169441699982e-02 2.516073361039161682e-02 8.061709813773632050e-03 9.169830009341239929e-03 1.003658771514892578e-02 6.568667013198137283e-03 9.937631897628307343e-03 1.342520955950021744e-02 2.598345652222633362e-02 1.924319565296173096e-02 2.835106803104281425e-03 1.988702453672885895e-03 2.738670445978641510e-03 1.151333935558795929e-02 3.165933117270469666e-02 7.096428424119949341e-03 2.771977894008159637e-02 8.242788608185946941e-04 2.750475704669952393e-02 2.737517468631267548e-02 2.946979179978370667e-02 8.544747717678546906e-03 1.456372160464525223e-02 1.661295816302299500e-02 9.949794970452785492e-03 1.680597662925720215e-02 1.876289211213588715e-02 1.797241531312465668e-02 1.758176274597644806e-02 2.170035056769847870e-02 2.481126785278320312e-02 2.541686117183417082e-04 3.120015747845172882e-02 7.431481033563613892e-03 2.098901383578777313e-02 2.321001887321472168e-02 1.794771663844585419e-02 1.649095676839351654e-02 1.396216638386249542e-02 1.036765985190868378e-02 7.888752035796642303e-03 9.705982170999050140e-03 1.241915766149759293e-02 1.381416060030460358e-02 3.717663930729031563e-04 3.165389643982052803e-03 6.304057314991950989e-03 1.430289540439844131e-02 1.036590617150068283e-02 1.179963815957307816e-03 1.906912215054035187e-02 4.400021280162036419e-04 2.892446331679821014e-02 3.485339134931564331e-02 7.162712048739194870e-03 7.025937084108591080e-03 4.998414311558008194e-03 3.980911895632743835e-02
3.409347310662269592e-02 4.808765277266502380e-02 1.530301105231046677e-02 3.123393654823303223e-02 6.855108775198459625e-03 3.588986769318580627e-02 4.214392974972724915e-02 2.231517620384693146e-02 6.397187709808349609e-03 1.491156686097383499e-02 2.437698841094970703e-02 1.113293040543794632e-02 8.535764217376708984e-01 1.838518120348453522e-02 3.830656409263610840e-02 2.353183180093765259e-02 1.869203895330429077e-02 1.401969045400619507e-02 6.146628409624099731e-03 2.320272102952003479e-02 2.462771162390708923e-02 3.170068562030792236e-02 1.541607175022363663e-02 1.434391457587480545e-02 1.794491522014141083e-02 2.410231716930866241e-02 2.817427366971969604e-02 3.036423586308956146e-03 1.181429624557495117e-02 1.229528244584798813e-02 1.321975328028202057e-02 1.280946005135774612e-02 1.801634579896926880e-02 1.523101888597011566e-02 2.212640270590782166e-02 1.503353100270032883e-02 2.444573678076267242e-02 2.103877253830432892e-02 2.566839754581451416e-02 1.779191568493843079e-02 1.153698004782199860e-02 1.581753604114055634e-02 2.342637255787849426e-02 2.661613281816244125e-03 2.703156694769859314e-02 8.772126398980617523e-03 2.255245670676231384e-02 3.947847709059715271e-02 1.225901301950216293e-02 9.904271923005580902e-03 2.788542769849300385e-02 2.774633280932903290e-02 2.183047123253345490e-02 2.317487262189388275e-02 1.028320472687482834e-02 4.714510403573513031e-03 8.355323225259780884e-03 1.533043291419744492e-02 2.255694940686225891e-02 2.151207253336906433e-02 4.419928882271051407e-03 7.153965998440980911e-03 1.901844702661037445e-02 1.525854226201772690e-02 1.758132688701152802e-02 3.392169252038002014e-02 2.379490248858928680e-02 1.975215971469879150e-02 1.680494658648967743e-02 4.224502947181463242e-03 1.771773584187030792e-02 6.916258134879171848e-04 2.781496942043304443e-02 1.250213244929909706e-03 2.751062065362930298e-02 1.344341319054365158e-03 1.927864551544189453e-02 1.182326022535562515e-02 1.330331247299909592e-02 1.004175283014774323e-02 2.116200886666774750e-02 2.688813209533691406e-02 1.016579661518335342e-02 3.289673710241913795e-03 1.177208032459020615e-02 1.557883806526660919e-02 2.628420293331146240e-02 4.333353042602539062e-02 4.926459863781929016e-03 5.961258430033922195e-03 1.796807534992694855e-02 9.572144597768783569e-03 3.236062452197074890e-02 2.560831233859062195e-02 1.239486597478389740e-02 8.573793806135654449e-03 1.179452054202556610e-02 7.366780657321214676e-03 2.915406413376331329e-02 2.112391218543052673e-02 1.832579821348190308e-02 8.248065598309040070e-03 1.316135097295045853e-02 1.682677865028381348e-02 1.819860003888607025e-02 1.552042365074157715e-02 2.497910149395465851e-02 4.442961886525154114e-03 6.841275840997695923e-03 6.260396330617368221e-04 8.959215134382247925e-03 2.520191483199596405e-03 2.344631776213645935e-02 1.071784645318984985e-02 6.053528282791376114e-03 1.765329740010201931e-03
