8.257575631141662598e-01 6.871572136878967285e-02 2.713260799646377563e-02 6.270457059144973755e-03 4.349355585873126984e-03 6.215518340468406677e-02 3.702486678957939148e-02 1.894843764603137970e-02 5.483538378030061722e-03 3.924701362848281860e-03 5.046300217509269714e-02 3.526685759425163269e-03 5.467939749360084534e-02 4.017045255750417709e-03 1.128619187511503696e-03 3.470905125141143799e-02 2.086342312395572662e-02 3.277092007920145988e-03 5.523451138287782669e-03 3.216456621885299683e-02 1.018583774566650391e-03 1.306932978332042694e-02 2.354479022324085236e-02 2.101885527372360229e-02 8.715147152543067932e-03 3.257998265326023102e-03 7.395973429083824158e-03 1.762075116857886314e-03 3.109195269644260406e-02 2.792456187307834625e-03 4.224056378006935120e-02 2.055105194449424744e-02 5.699920002371072769e-03 1.745017245411872864e-02 6.366928573697805405e-03 1.997867971658706665e-02 3.596857422962784767e-03 1.632916182279586792e-02 2.530612982809543610e-04 1.468114275485277176e-02 1.070904824882745743e-02 1.716777624096721411e-04 5.470425356179475784e-03 2.321373205631971359e-03 2.635304816067218781e-03 1.287873741239309311e-02 4.693872481584548950e-02 2.443776465952396393e-02 8.433789014816284180e-03 4.890002892352640629e-04 2.634510584175586700e-02 1.950584165751934052e-02 2.001690305769443512e-02 1.440180279314517975e-02 2.202809788286685944e-02 2.153803221881389618e-02 1.234017126262187958e-02 1.708378084003925323e-03 2.016338892281055450e-02 5.048364400863647461e-03 1.467009633779525757e-02 3.941988106817007065e-04 5.648722872138023376e-03 1.556003466248512268e-02 2.002078108489513397e-02 2.434864267706871033e-02 4.769345279783010483e-03 1.045895041897892952e-03 3.485381603240966797e-02 2.741403318941593170e-02 2.686978690326213837e-02 9.033182635903358459e-03 7.107208482921123505e-03 3.338426724076271057e-02 3.397951368242502213e-03 1.959432847797870636e-02 1.255506090819835663e-02 7.070733234286308289e-03 8.005918934941291809e-03 4.510365542955696583e-04 2.768362313508987427e-02 2.835112810134887695e-02 1.004225760698318481e-02 1.670559868216514587e-04 1.073663309216499329e-02 2.046985737979412079e-02 1.610361970961093903e-02 2.076092408969998360e-03 8.848516270518302917e-03 1.650961488485336304e-02 2.032025903463363647e-02 1.326627098023891449e-03 4.482129123061895370e-03 2.128855884075164795e-02 4.026409704238176346e-03 2.352841012179851532e-02 3.101781569421291351e-02 1.632961444556713104e-02 1.555767725221812725e-03 8.450841531157493591e-03 4.759800154715776443e-03 1.547120511531829834e-02 2.742789685726165771e-02 2.091829478740692139e-02 9.440525434911251068e-03 4.807290155440568924e-03 1.054928172379732132e-02 2.273972332477569580e-02 1.732794381678104401e-02 3.323191404342651367e-02 3.080717474222183228e-02 2.767095156013965607e-02 8.963842876255512238e-03 1.419376488775014877e-02 1.000666804611682892e-02 1.959890872240066528e-02
6.871572136878967285e-02 8.257575631141662598e-01 1.190884783864021301e-02 1.267787162214517593e-02 1.300968416035175323e-02 4.157851636409759521e-02 5.086670443415641785e-02 1.245823409408330917e-02 3.347495105117559433e-03 1.650013588368892670e-02 5.150631442666053772e-02 5.265404004603624344e-03 6.647328287363052368e-02 1.684848032891750336e-02 1.605446636676788330e-02 3.261377289891242981e-02 3.240726515650749207e-02 1.367177627980709076e-02 9.507535025477409363e-03 2.154412306845188141e-02 7.940463721752166748e-03 2.072624489665031433e-02 1.746435090899467468e-02 2.174544706940650940e-02 1.629668101668357849e-02 4.800283815711736679e-03 8.187889121472835541e-03 1.316770724952220917e-02 7.328742649406194687e-03 1.312359329313039780e-02 1.384837273508310318e-02 4.935399629175662994e-03 1.677260547876358032e-02 1.359956804662942886e-02 2.184611046686768532e-03 1.832414232194423676e-02 1.229548454284667969e-02 1.721834391355514526e-02 2.541440073400735855e-03 6.654337630607187748e-04 6.117941811680793762e-03 8.802505210041999817e-03 6.584766320884227753e-03 6.332207936793565750e-03 1.783448643982410431e-02 1.355039887130260468e-02 2.986063249409198761e-02 4.249672219157218933e-02 6.472933571785688400e-03 1.069558318704366684e-02 2.961994148790836334e-02 1.793213002383708954e-02 3.739959001541137695e-02 3.822712460532784462e-03 9.503667242825031281e-03 1.082234922796487808e-02 2.795637585222721100e-02 4.437021911144256592e-03 1.930928230285644531e-02 7.386581040918827057e-03 1.735019759507849813e-04 5.259584635496139526e-03 9.000576101243495941e-03 1.102593168616294861e-02 1.040689833462238312e-02 2.362145483493804932e-02 1.873862696811556816e-03 7.070851512253284454e-03 2.499352954328060150e-02 2.726835571229457855e-02 3.223229572176933289e-02 2.450362034142017365e-02 4.293097183108329773e-03 3.043542057275772095e-02 1.637611351907253265e-02 2.537610195577144623e-02 3.180280560627579689e-03 1.323255430907011032e-02 2.836020663380622864e-03 2.362704603001475334e-03 2.694917470216751099e-02 2.596803568303585052e-02 1.838113181293010712e-02 1.720427908003330231e-02 1.063806843012571335e-02 3.977552987635135651e-03 1.481050252914428711e-02 2.797332359477877617e-03 1.754748448729515076e-02 2.992338733747601509e-03 2.753564342856407166e-02 6.333653815090656281e-03 3.020932711660861969e-02 1.566895283758640289e-02 5.430971272289752960e-03 1.050646323710680008e-02 1.803949289023876190e-02 1.699128188192844391e-02 5.869821645319461823e-03 1.032759994268417358e-02 1.844169222749769688e-03 9.538408368825912476e-03 1.510464400053024292e-02 9.735385887324810028e-03 2.105014957487583160e-02 5.469357129186391830e-03 2.895700512453913689e-03 1.747289672493934631e-02 1.647252403199672699e-02 2.735645510256290436e-02 1.110654976218938828e-02 1.653379201889038086e-02 8.566165342926979065e-03 5.467982962727546692e-03 1.857905648648738861e-02 1.477660331875085831e-02
2.713260799646377563e-02 1.190884783864021301e-02 8.257575631141662598e-01 8.883263915777206421e-03 3.219539066776633263e-03 2.514458261430263519e-02 2.735264832153916359e-03 4.434798657894134521e-02 1.659467443823814392e-02 2.130974829196929932e-02 1.443523215129971504e-03 2.704414539039134979e-02 1.027976255863904953e-02 2.033335343003273010e-02 1.466571073979139328e-02 6.876118481159210205e-03 4.238936526235193014e-04 1.084203831851482391e-02 2.007183060050010681e-02 3.143390640616416931e-02 7.823111955076456070e-04 2.748629450798034668e-02 4.327153787016868591e-03 1.162924803793430328e-02 1.176751451566815376e-03 3.606713144108653069e-03 6.222642026841640472e-03 2.682519517838954926e-02 2.097063139081001282e-02 2.340183220803737640e-02 1.165434252470731735e-03 1.863977499306201935e-02 1.149742677807807922e-02 3.077221103012561798e-03 1.801891997456550598e-02 1.230267924256622791e-03 9.136334061622619629e-03 1.432990375906229019e-02 1.177042815834283829e-02 8.778835646808147430e-03 1.811571791768074036e-02 4.539124667644500732e-03 1.957968622446060181e-02 2.627382986247539520e-02 3.738627582788467407e-02 2.919736318290233612e-02 1.799933053553104401e-02 5.661221221089363098e-03 2.341379038989543915e-02 1.486415788531303406e-02 9.022230282425880432e-03 2.948004985228180885e-03 3.173378936480730772e-04 8.499987423419952393e-03 4.420756828039884567e-03 1.370966155081987381e-02 9.602724574506282806e-03 3.199649974703788757e-03 2.648739516735076904e-02 1.205494441092014313e-02 8.126950822770595551e-03 1.431798469275236130e-02 2.377457218244671822e-03 1.056771911680698395e-02 6.544789299368858337e-03 2.861825283616781235e-03 7.261350750923156738e-03 9.437645785510540009e-03 9.412864223122596741e-03 3.897800296545028687e-02 3.572615562006831169e-03 1.960797235369682312e-02 1.937336474657058716e-02 2.360099367797374725e-02 1.368310395628213882e-02 9.859018027782440186e-03 1.629254594445228577e-02 2.013837546110153198e-02 2.817242778837680817e-02 2.767319791018962860e-02 5.694694817066192627e-02 4.980154708027839661e-02 6.493689958006143570e-03 1.036426983773708344e-02 1.828984473831951618e-03 1.836802624166011810e-02 3.544414788484573364e-02 3.400108590722084045e-02 1.163922436535358429e-02 2.567923627793788910e-02 8.106600493192672729e-03 3.613743185997009277e-02 3.745309310033917427e-03 2.642548643052577972e-02 6.253518629819154739e-03 1.231854129582643509e-02 2.996185980737209320e-02 8.382168598473072052e-03 1.388124190270900726e-02 7.299193181097507477e-03 6.835919804871082306e-03 6.365742534399032593e-03 2.691579423844814301e-02 2.237469516694545746e-02 8.032440207898616791e-03 7.759924046695232391e-03 4.075700882822275162e-03 2.445687912404537201e-02 1.601007650606334209e-03 2.760461717844009399e-02 1.001228112727403641e-02 1.271634362637996674e-02 3.684404119849205017e-02 4.134964942932128906e-02 3.525049891322851181e-03 3.315508831292390823e-03
6.270457059144973755e-03 1.267787162214517593e-02 8.883263915777206421e-03 8.257575631141662598e-01 8.511777967214584351e-02 5.815426353365182877e-03 1.529364008456468582e-02 1.608524285256862640e-02 4.369708243757486343e-03 1.175327505916357040e-02 2.516272664070129395e-02 1.313572865910828114e-03 6.141782738268375397e-03 2.916839206591248512e-03 2.492067404091358185e-03 7.340927608311176300e-03 6.221958901733160019e-03 4.352854192256927490e-02 2.692603133618831635e-02 3.116494743153452873e-03 8.805028162896633148e-03 2.259405516088008881e-02 2.573231048882007599e-02 2.966951392590999603e-02 2.071153745055198669e-02 5.043283104896545410e-03 1.062274537980556488e-02 3.789746435359120369e-03 8.711920119822025299e-03 1.578662358224391937e-02 1.598376594483852386e-02 2.043370902538299561e-02 1.238076388835906982e-02 1.994217559695243835e-02 7.665108889341354370e-03 1.972118765115737915e-02 2.354633435606956482e-02 2.930925460532307625e-03 2.709978632628917694e-02 3.010191768407821655e-02 1.846288912929594517e-03 4.417998250573873520e-03 3.394705709069967270e-03 1.833469793200492859e-02 1.125077623873949051e-02 1.395236048847436905e-02 2.057410590350627899e-02 2.821034286171197891e-03 1.168703753501176834e-02 1.591216959059238434e-02 2.161437179893255234e-03 5.840347148478031158e-03 5.555251613259315491e-03 6.016008090227842331e-03 1.655082777142524719e-02 1.538612507283687592e-02 2.686684252694249153e-03 1.423768140375614166e-02 7.497373968362808228e-03 2.053889445960521698e-02 1.245309785008430481e-02 1.541855838149785995e-02 4.526518750935792923e-03 8.285904303193092346e-03 1.080313697457313538e-03 1.798724406398832798e-03 6.423870567232370377e-03 4.233915824443101883e-03 1.129718124866485596e-02 4.841794259846210480e-03 7.540688384324312210e-03 1.386584155261516571e-02 5.990380048751831055e-02 3.379753557965159416e-03 4.981152340769767761e-02 1.560470554977655411e-02 3.201444400474429131e-03 4.924074746668338776e-04 1.411501783877611160e-02 2.068300917744636536e-02 2.641642058733850718e-04 6.133833434432744980e-03 4.124547168612480164e-02 2.902345173060894012e-02 3.896648436784744263e-02 3.500871360301971436e-02 2.848639851436018944e-03 7.590358145534992218e-04 1.649297215044498444e-02 1.190532278269529343e-02 8.670347742736339569e-03 3.411656478419899940e-03 2.167940512299537659e-02 2.616343786939978600e-03 1.550169568508863449e-02 7.767133880406618118e-03 1.745803281664848328e-02 1.063976902514696121e-02 2.043596096336841583e-02 1.489593088626861572e-02 7.680987007915973663e-03 9.701186791062355042e-03 2.912526577711105347e-02 1.467501651495695114e-02 7.026449311524629593e-03 8.508579805493354797e-03 2.911040373146533966e-02 8.618969470262527466e-03 1.747368089854717255e-02 3.050379687920212746e-03 8.820503950119018555e-03 5.877851508557796478e-03 6.373312324285507202e-03 1.626671757549047470e-03 1.619981415569782257e-02 1.572764478623867035e-02
4.349355585873126984e-03 1.300968416035175323e-02 3.219539066776633263e-03 8.511777967214584351e-02 8.257575631141662598e-01 6.936482619494199753e-03 6.809440441429615021e-03 6.594039499759674072e-03 1.783875166438519955e-03 1.315256953239440918e-02 7.148581091314554214e-03 5.862191785126924515e-03 8.621918968856334686e-03 9.702772833406925201e-03 1.107000838965177536e-02 1.239447947591543198e-02 1.902439445257186890e-02 3.991651535034179688e-02 4.415095970034599304e-02 1.257673575310036540e-04 2.529845805838704109e-03 2.859841799363493919e-03 1.368461875244975090e-03 7.837841287255287170e-03 1.620546355843544006e-02 1.203619968146085739e-02 3.959329798817634583e-03 1.747361756861209869e-02 5.774655379354953766e-03 2.257387898862361908e-02 2.266786992549896240e-02 1.600623317062854767e-02 2.090661041438579559e-02 1.753061451017856598e-02 1.330494135618209839e-02 1.247441582381725311e-02 1.391266565769910812e-02 5.305248778313398361e-03 5.803686380386352539e-02 6.338874250650405884e-02 1.488032843917608261e-02 5.935694556683301926e-03 1.407519076019525528e-02 3.926447534468024969e-04 1.039973646402359009e-02 1.525188982486724854e-02 2.112989872694015503e-02 4.954875446856021881e-03 2.120496518909931183e-02 1.491357851773500443e-02 8.484655059874057770e-03 4.153309389948844910e-03 9.998841211199760437e-03 5.610907915979623795e-03 2.187828160822391510e-02 1.954593136906623840e-02 1.793675683438777924e-02 1.199577469378709793e-02 6.199308671057224274e-03 8.779354393482208252e-03 3.850082168355584145e-03 1.702660508453845978e-02 2.192803844809532166e-02 1.441825460642576218e-02 1.230118516832590103e-02 4.673978313803672791e-03 2.762746997177600861e-03 3.529843874275684357e-03 1.231080386787652969e-02 1.299310196191072464e-02 2.094622887670993805e-02 1.276977173984050751e-02 6.147256866097450256e-02 1.332755759358406067e-02 7.113052904605865479e-02 2.870937064290046692e-02 7.139487657696008682e-03 1.837061159312725067e-02 1.860791817307472229e-02 3.074337355792522430e-02 3.459926228970289230e-03 1.927994890138506889e-05 4.074327647686004639e-02 4.846931621432304382e-02 4.121675342321395874e-02 4.348613694310188293e-02 1.263772952370345592e-03 4.447081126272678375e-03 8.985359221696853638e-03 1.198279298841953278e-02 2.001617103815078735e-02 7.672231644392013550e-03 3.157234191894531250e-02 1.016132067888975143e-02 3.292414918541908264e-02 2.395927160978317261e-02 1.277202274650335312e-02 7.375810295343399048e-03 3.651960287243127823e-03 1.294074859470129013e-02 1.888112019514665008e-04 5.873482208698987961e-03 1.710259355604648590e-02 6.997671443969011307e-03 1.022851653397083282e-02 1.974931173026561737e-02 9.580662474036216736e-03 7.880616001784801483e-03 1.391952484846115112e-02 3.243824932724237442e-03 5.543398205190896988e-03 4.659566562622785568e-03 1.619165414012968540e-03 1.514592091552913189e-03 1.234117196872830391e-03 2.451970009133219719e-03
6.215518340468406677e-02 4.157851636409759521e-02 2.514458261430263519e-02 5.815426353365182877e-03 6.936482619494199753e-03 8.257575631141662598e-01 3.705497086048126221e-02 2.708930335938930511e-02 1.351178344339132309e-02 1.167696993798017502e-02 3.161148726940155029e-02 8.189490064978599548e-03 3.906049206852912903e-02 1.656099781394004822e-02 9.763630107045173645e-03 2.103533595800399780e-02 2.732212422415614128e-03 1.077322475612163544e-02 1.303799264132976532e-02 2.340154722332954407e-03 1.371595729142427444e-02 7.092087063938379288e-03 1.220960263162851334e-02 1.204052753746509552e-02 1.473271660506725311e-02 3.760234452784061432e-03 1.098947692662477493e-02 8.766736136749386787e-04 1.531781628727912903e-02 8.877028711140155792e-03 3.753596544265747070e-02 5.494580138474702835e-03 1.394597906619310379e-02 2.230497077107429504e-03 2.342344634234905243e-02 9.234087541699409485e-03 4.355601500719785690e-03 2.179354242980480194e-02 1.663990691304206848e-02 2.246259711682796478e-02 6.334071978926658630e-03 1.159070711582899094e-02 1.664094277657568455e-03 7.708675228059291840e-03 4.649511072784662247e-03 2.054125629365444183e-02 5.667835474014282227e-02 2.878801338374614716e-02 1.587533950805664062e-02 1.373351318761706352e-03 2.528394199907779694e-02 1.584949903190135956e-02 1.487074326723814011e-02 2.268288284540176392e-02 2.635941654443740845e-02 1.923143118619918823e-02 4.988858941942453384e-03 2.493583597242832184e-03 1.987186842598021030e-04 1.110451109707355499e-02 1.883325167000293732e-02 1.576062873937189579e-03 1.131171267479658127e-02 2.742300927639007568e-02 2.920529991388320923e-02 3.456971794366836548e-02 2.133818529546260834e-02 1.216823700815439224e-02 2.480585873126983643e-02 3.249791637063026428e-02 1.289649121463298798e-02 3.460924373939633369e-03 7.599193137139081955e-03 3.885849565267562866e-02 1.409627497196197510e-02 8.250846527516841888e-03 1.127976551651954651e-02 3.165923058986663818e-02 2.979908604174852371e-03 8.206348866224288940e-04 2.114732377231121063e-02 2.654559351503849030e-02 1.164991594851016998e-02 1.254830416291952133e-02 1.064305473119020462e-02 8.158371783792972565e-03 1.689498126506805420e-02 2.956215525045990944e-03 1.285420637577772141e-02 1.384872011840343475e-02 9.358085691928863525e-03 3.939435817301273346e-03 3.384575247764587402e-04 2.128937281668186188e-02 1.328199263662099838e-02 3.135274723172187805e-02 3.477941825985908508e-02 2.031268365681171417e-02 2.848997013643383980e-03 1.668900437653064728e-02 4.875807557255029678e-03 3.469887422397732735e-03 2.459907345473766327e-02 2.097686752676963806e-02 2.432820759713649750e-02 1.526357233524322510e-02 1.461374200880527496e-02 1.625925488770008087e-02 3.833332099020481110e-03 2.157392539083957672e-02 3.325697779655456543e-02 3.224613890051841736e-02 1.787831075489521027e-02 2.263024076819419861e-02 3.253929689526557922e-02 3.455939004197716713e-03
3.702486678957939148e-02 5.086670443415641785e-02 2.735264832153916359e-03 1.529364008456468582e-02 6.809440441429615021e-03 3.705497086048126221e-02 8.257575631141662598e-01 8.722160942852497101e-03 4.381723236292600632e-03 3.044799342751502991e-02 4.921064898371696472e-02 1.817908138036727905e-02 4.348105564713478088e-02 2.827817387878894806e-02 3.756741993129253387e-03 2.087821811437606812e-02 2.018090337514877319e-02 7.130548823624849319e-03 7.634830661118030548e-03 1.966081932187080383e-02 6.770057138055562973e-03 2.233200520277023315e-02 1.143880095332860947e-02 2.226140163838863373e-02 2.294783666729927063e-02 1.967163942754268646e-02 5.912415217608213425e-03 2.026173286139965057e-02 3.784276545047760010e-03 1.291743107140064240e-02 1.597834378480911255e-02 1.421695854514837265e-02 1.585985720157623291e-02 3.713232290465384722e-04 3.522066166624426842e-03 4.956590011715888977e-03 2.506033051759004593e-03 7.090723607689142227e-03 1.704319939017295837e-02 2.030398324131965637e-02 6.991146598011255264e-03 1.083557121455669403e-02 1.400780025869607925e-02 1.130877900868654251e-02 3.044687584042549133e-02 2.834224514663219452e-02 4.154328256845474243e-02 6.779228895902633667e-02 1.170487422496080399e-02 4.276371560990810394e-03 2.801197208464145660e-02 1.185678225010633469e-02 2.354180254042148590e-02 1.409151125699281693e-02 2.230412093922495842e-03 1.239847042597830296e-03 2.738950960338115692e-02 1.216984912753105164e-02 2.717818506062030792e-02 7.521680090576410294e-03 1.153524499386548996e-02 2.171681635081768036e-02 5.503409192897379398e-04 2.280440740287303925e-02 6.171869463287293911e-04 1.965182833373546600e-02 1.898788660764694214e-02 6.844325922429561615e-03 1.886805146932601929e-02 1.514961291104555130e-02 2.151410095393657684e-02 8.260005153715610504e-03 1.724455691874027252e-02 1.675268821418285370e-02 1.284807338379323483e-03 3.167961956933140755e-03 7.293015951290726662e-04 1.820496469736099243e-02 1.803207956254482269e-02 3.235720098018646240e-02 2.494474127888679504e-02 2.519211359322071075e-02 1.914657652378082275e-02 2.801343053579330444e-02 5.544992163777351379e-03 9.134594351053237915e-03 1.987396925687789917e-02 1.004810631275177002e-02 2.166518196463584900e-02 4.062495660036802292e-03 3.832875192165374756e-02 1.233610883355140686e-02 3.996453061699867249e-02 2.048890478909015656e-02 1.732468605041503906e-02 1.771089434623718262e-02 2.365560270845890045e-03 6.154270377010107040e-03 8.617327548563480377e-03 1.074635423719882965e-02 2.151342481374740601e-02 1.642679795622825623e-02 8.444949984550476074e-03 6.005933042615652084e-03 2.287484705448150635e-02 1.592888310551643372e-02 1.398597098886966705e-02 1.678408868610858917e-02 1.984603703022003174e-02 1.116249896585941315e-02 1.241153199225664139e-02 8.786476217210292816e-03 1.414494961500167847e-02 6.853383500128984451e-03 1.390491798520088196e-02 4.985512532584834844e-06
1.894843764603137970e-02 1.245823409408330917e-02 4.434798657894134521e-02 1.608524285256862640e-02 6.594039499759674072e-03 2.708930335938930511e-02 8.722160942852497101e-03 8.257575631141662598e-01 1.610263623297214508e-02 2.156807575374841690e-03 8.345386944711208344e-03 2.897240966558456421e-02 6.915449630469083786e-03 2.650650031864643097e-02 3.796496614813804626e-02 6.663118489086627960e-03 3.144352696835994720e-03 1.188642811030149460e-02 1.008567560347728431e-04 1.128815021365880966e-02 9.747796691954135895e-03 2.373849786818027496e-02 1.704226434230804443e-02 5.736385006457567215e-03 2.071193978190422058e-02 7.915310561656951904e-03 1.516448520123958588e-02 2.995269186794757843e-02 2.320816554129123688e-02 2.292880602180957794e-02 1.795780030079185963e-03 4.165286081843078136e-04 1.294513233006000519e-02 1.051987404935061932e-03 1.826089993119239807e-02 6.934008095413446426e-03 1.323752920143306255e-03 2.148573845624923706e-02 1.465788669884204865e-02 1.317879091948270798e-02 9.765694849193096161e-03 6.706465035676956177e-03 1.985193230211734772e-02 1.927665062248706818e-02 2.640801109373569489e-02 2.866385132074356079e-02 2.507675252854824066e-02 1.282370090484619141e-02 9.726164862513542175e-03 3.032040549442172050e-03 2.823318727314472198e-02 3.205219656229019165e-02 2.960023470222949982e-03 1.588041149079799652e-02 2.561255544424057007e-02 3.304295986890792847e-02 2.320864768989849836e-05 1.145108044147491455e-02 9.969608858227729797e-03 1.508926413953304291e-02 2.607828937470912933e-02 4.198558628559112549e-02 1.054976601153612137e-02 2.013104967772960663e-02 4.003006033599376678e-03 7.801786065101623535e-03 2.321158535778522491e-02 2.427638135850429535e-02 2.347775734961032867e-02 1.758485287427902222e-02 1.476094964891672134e-02 3.923919517546892166e-03 2.454026043415069580e-02 7.625587750226259232e-03 1.743095740675926208e-02 9.146271040663123131e-04 2.557298541069030762e-02 6.645426154136657715e-03 7.681970600970089436e-04 7.670897524803876877e-03 5.115022882819175720e-02 5.697268620133399963e-02 1.306068152189254761e-02 4.230553284287452698e-03 1.589703373610973358e-02 1.110718585550785065e-02 5.367102101445198059e-02 4.850310832262039185e-02 3.146158996969461441e-03 1.355358213186264038e-02 4.669666523113846779e-04 3.408435732126235962e-02 3.295645350590348244e-03 1.737244985997676849e-02 1.274240668863058090e-02 1.104775629937648773e-02 2.371262386441230774e-02 1.363600324839353561e-02 4.275289829820394516e-03 1.146236527711153030e-02 1.898895949125289917e-02 2.465893141925334930e-02 3.120789118111133575e-02 2.394481562077999115e-02 8.586302399635314941e-03 9.879003278911113739e-03 2.985367784276604652e-03 6.017132662236690521e-03 2.451140806078910828e-02 1.289735082536935806e-02 2.388105168938636780e-02 2.036869898438453674e-02 2.677450329065322876e-02 3.568626567721366882e-02 5.299481563270092010e-03 7.576976902782917023e-03
5.483538378030061722e-03 3.347495105117559433e-03 1.659467443823814392e-02 4.369708243757486343e-03 1.783875166438519955e-03 1.351178344339132309e-02 4.381723236292600632e-03 1.610263623297214508e-02 8.257575631141662598e-01 3.747579827904701233e-02 1.816407777369022369e-02 2.860671840608119965e-03 2.722568344324827194e-03 1.249312795698642731e-02 1.026293355971574783e-02 1.142690610140562057e-02 5.207504145801067352e-03 6.146384403109550476e-02 3.217864781618118286e-02 7.292796391993761063e-03 3.616836154833436012e-03 2.127099724020808935e-04 1.254387851804494858e-02 9.755128063261508942e-03 1.515990961343050003e-02 1.880571618676185608e-02 8.731827139854431152e-03 9.437042288482189178e-03 1.959985587745904922e-03 1.753533631563186646e-02 1.702380017377436161e-03 1.006906200200319290e-02 6.915973965078592300e-03 7.608920801430940628e-03 4.971296060830354691e-03 2.751047722995281219e-02 3.384267911314964294e-02 7.661906071007251740e-03 7.426568772643804550e-03 1.860690885223448277e-03 1.641478016972541809e-02 5.218108743429183960e-02 4.509750870056450367e-04 1.336870528757572174e-02 2.031075768172740936e-02 4.694795235991477966e-03 1.154255680739879608e-02 1.331652887165546417e-02 6.296361237764358521e-02 3.517407923936843872e-02 5.417954642325639725e-03 2.507677068933844566e-03 2.010737732052803040e-02 4.474257002584636211e-04 4.625690355896949768e-02 2.465333230793476105e-02 7.482310757040977478e-03 3.751442534849047661e-03 1.030374551191926003e-03 1.317758578807115555e-02 3.966585174202919006e-02 2.577581070363521576e-02 5.897784139961004257e-03 3.426930634304881096e-03 1.648573577404022217e-02 1.672605751082301140e-03 1.092297397553920746e-02 1.377297099679708481e-02 2.857325784862041473e-02 6.746697239577770233e-03 1.470305211842060089e-02 1.160406880080699921e-02 1.197070232592523098e-03 7.239732891321182251e-03 1.392256817780435085e-03 5.687079858034849167e-03 6.616956740617752075e-02 1.606116630136966705e-02 5.748996511101722717e-02 2.436864748597145081e-02 1.109761744737625122e-02 3.879849798977375031e-03 5.220463871955871582e-02 2.061413414776325226e-02 2.535628713667392731e-02 1.549001596868038177e-02 2.128268126398324966e-03 2.294649020768702030e-04 3.107914328575134277e-02 1.102349255234003067e-02 2.154040848836302757e-03 6.680616643279790878e-03 6.878432817757129669e-03 7.327139377593994141e-03 7.120929192751646042e-03 6.449131760746240616e-03 9.375503286719322205e-03 2.522866800427436829e-02 3.157569840550422668e-02 1.626290939748287201e-02 1.871727174147963524e-03 2.077436447143554688e-02 1.146295014768838882e-02 1.009992975741624832e-02 1.567431166768074036e-02 8.196932030841708183e-04 1.418186817318201065e-03 2.340729534626007080e-02 1.969962613657116890e-03 5.989911500364542007e-03 5.985876545310020447e-03 7.502194494009017944e-03 1.576612517237663269e-02 4.817830864340066910e-03 2.368233632296323776e-03 9.206883260048925877e-04
3.924701362848281860e-03 1.650013588368892670e-02 2.130974829196929932e-02 1.175327505916357040e-02 1.315256953239440918e-02 1.167696993798017502e-02 3.044799342751502991e-02 2.156807575374841690e-03 3.747579827904701233e-02 8.257575631141662598e-01 2.535338513553142548e-02 1.651370082981884480e-03 1.760067231953144073e-02 6.083520129323005676e-03 1.409121602773666382e-02 1.542762387543916702e-02 8.668409427627921104e-04 2.093395590782165527e-02 4.040449857711791992e-02 6.031325552612543106e-03 1.414314564317464828e-02 1.658710278570652008e-02 1.784955896437168121e-02 3.957790788263082504e-03 2.851819060742855072e-02 2.977344393730163574e-02 3.422837471589446068e-03 5.612189415842294693e-03 2.254375442862510681e-02 3.433406352996826172e-03 2.208271250128746033e-02 9.516287595033645630e-03 1.519374456256628036e-02 3.495730692520737648e-03 1.375766843557357788e-02 7.353592198342084885e-03 1.350118219852447510e-02 7.628098130226135254e-03 1.772892847657203674e-02 2.570642717182636261e-02 3.431197954341769218e-03 5.586578045040369034e-04 7.018268574029207230e-03 3.308094805106520653e-03 2.698576077818870544e-02 2.956787683069705963e-02 1.370217278599739075e-02 2.820211090147495270e-02 3.091699071228504181e-02 3.539436683058738708e-02 1.823283545672893524e-02 1.516073942184448242e-02 1.667957566678524017e-02 1.168470364063978195e-02 1.515553682111203671e-03 2.596471831202507019e-02 1.874516718089580536e-02 5.363288335502147675e-03 1.672195643186569214e-02 1.759164780378341675e-02 1.752021140418946743e-03 2.732699271291494370e-03 7.288726978003978729e-03 4.408107604831457138e-03 1.567718200385570526e-02 1.979297259822487831e-03 1.534331962466239929e-02 1.283655036240816116e-02 1.935919933021068573e-02 1.152098644524812698e-02 3.678590804338455200e-02 4.501240910030901432e-04 3.779783472418785095e-02 1.623228378593921661e-02 3.003011457622051239e-03 6.486748810857534409e-03 2.184448763728141785e-02 6.443256139755249023e-02 2.500457875430583954e-02 7.289004325866699219e-02 5.696361768059432507e-04 6.921506486833095551e-03 3.413471952080726624e-02 4.268075898289680481e-02 1.237921137362718582e-02 2.897486090660095215e-02 4.482772666960954666e-03 6.855882820673286915e-04 1.893136650323867798e-02 2.800212800502777100e-02 1.539162918925285339e-02 9.383563883602619171e-03 1.844370923936367035e-02 1.323143951594829559e-02 2.633128315210342407e-03 6.454463582485914230e-04 1.577780582010746002e-02 6.987004890106618404e-04 2.578454092144966125e-03 1.557232253253459930e-02 2.042092010378837585e-02 2.985618822276592255e-02 1.231211819685995579e-03 6.070277653634548187e-03 2.026239782571792603e-02 1.010590232908725739e-02 1.633606478571891785e-02 1.250427588820457458e-02 5.049025174230337143e-03 6.435231771320104599e-04 1.546892686747014523e-03 5.493336822837591171e-03 7.411450613290071487e-03 8.951704017817974091e-03 3.735022153705358505e-03 1.012074179016053677e-03
5.046300217509269714e-02 5.150631442666053772e-02 1.443523215129971504e-03 2.516272664070129395e-02 7.148581091314554214e-03 3.161148726940155029e-02 4.921064898371696472e-02 8.345386944711208344e-03 1.816407777369022369e-02 2.535338513553142548e-02 8.257575631141662598e-01 5.689025856554508209e-03 6.448026001453399658e-02 2.472701715305447578e-03 5.219921935349702835e-03 2.219747006893157959e-02 1.632990501821041107e-02 2.573862299323081970e-02 2.463654614984989166e-02 6.568391108885407448e-04 1.010239962488412857e-02 3.728045150637626648e-02 1.625431515276432037e-02 1.564306579530239105e-02 2.220949903130531311e-02 1.757388375699520111e-02 4.712219815701246262e-03 3.968323580920696259e-03 2.510689385235309601e-02 1.829457352869212627e-03 3.050767071545124054e-02 7.486908696591854095e-03 1.063689030706882477e-02 1.440567709505558014e-02 3.652627055998891592e-04 1.757375150918960571e-02 1.398094836622476578e-02 9.692439809441566467e-03 9.461312554776668549e-03 3.411274636164307594e-03 1.003904547542333603e-02 6.269536446779966354e-03 1.393892243504524231e-02 2.539785020053386688e-02 1.503647956997156143e-02 1.209420524537563324e-02 4.470610991120338440e-02 4.503679275512695312e-02 1.170479040592908859e-02 1.753538474440574646e-02 2.911613509058952332e-02 2.029724046587944031e-02 1.528998650610446930e-02 5.122081842273473740e-03 1.950050331652164459e-02 2.250934392213821411e-02 1.990502513945102692e-02 7.495593163184821606e-04 2.387802302837371826e-02 1.239702664315700531e-02 1.224501710385084152e-02 1.833252958022058010e-03 1.097404677420854568e-02 2.069659531116485596e-02 2.673578634858131409e-02 3.094483725726604462e-02 6.181994453072547913e-03 8.660868741571903229e-03 3.251406177878379822e-02 1.322658266872167587e-02 3.565522283315658569e-02 1.029439643025398254e-02 1.745131425559520721e-02 1.648470759391784668e-02 4.996094852685928345e-03 9.987898170948028564e-03 9.707620367407798767e-03 1.470390800386667252e-02 1.646831445395946503e-02 2.836409956216812134e-02 1.167770475149154663e-02 1.346877217292785645e-02 2.692051231861114502e-02 2.629469335079193115e-02 1.056461036205291748e-02 2.148723788559436798e-02 3.260692348703742027e-03 5.779671482741832733e-03 1.936046592891216278e-02 5.561410449445247650e-03 3.334870561957359314e-02 2.285917475819587708e-02 1.180259138345718384e-02 1.997921988368034363e-02 9.226761758327484131e-03 1.690835878252983093e-02 1.946523599326610565e-02 1.683854125440120697e-02 1.923608826473355293e-03 2.464504912495613098e-03 7.543485611677169800e-03 7.727492600679397583e-03 2.552474662661552429e-02 1.744991727173328400e-02 1.490224711596965790e-02 6.480316631495952606e-03 1.231827866286039352e-02 1.398894004523754120e-02 1.661836355924606323e-02 9.414982050657272339e-03 2.178975753486156464e-02 2.101208828389644623e-02 1.081410516053438187e-02 4.890684969723224640e-03 5.859892698936164379e-04 2.704452164471149445e-02
3.526685759425163269e-03 5.265404004603624344e-03 2.704414539039134979e-02 1.313572865910828114e-03 5.862191785126924515e-03 8.189490064978599548e-03 1.817908138036727905e-02 2.897240966558456421e-02 2.860671840608119965e-03 1.651370082981884480e-03 5.689025856554508209e-03 8.257575631141662598e-01 9.668214246630668640e-03 6.430286169052124023e-02 2.130691334605216980e-02 1.597877405583858490e-02 2.513378672301769257e-02 1.361726596951484680e-02 5.198436323553323746e-03 1.195831317454576492e-02 2.968518063426017761e-03 2.760745026171207428e-02 3.077265806496143341e-02 2.201471664011478424e-02 1.865520514547824860e-02 1.796908862888813019e-02 3.332046791911125183e-02 5.091151595115661621e-02 2.088329754769802094e-02 4.357903450727462769e-02 1.324179396033287048e-02 8.298534899950027466e-03 2.171158790588378906e-02 1.623187772929668427e-02 2.676334418356418610e-02 2.668057009577751160e-02 2.639354765415191650e-02 2.585816383361816406e-02 9.130541235208511353e-03 6.884830072522163391e-03 2.879594080150127411e-02 1.822657324373722076e-02 1.099543832242488861e-02 2.349321916699409485e-02 3.844848647713661194e-02 2.989822253584861755e-02 2.448450401425361633e-02 7.296355906873941422e-03 6.644962821155786514e-03 2.169178612530231476e-02 1.633008383214473724e-02 2.721879445016384125e-02 1.030186377465724945e-02 9.200270287692546844e-03 1.703177695162594318e-03 2.513233572244644165e-02 2.030862681567668915e-02 6.855570245534181595e-03 6.323894485831260681e-03 9.644639212638139725e-04 2.249987050890922546e-02 4.368176683783531189e-02 2.719857438933104277e-04 1.682740636169910431e-02 9.643484954722225666e-04 1.007247716188430786e-02 7.211450487375259399e-03 4.377839155495166779e-03 3.847611369565129280e-03 2.782538533210754395e-02 5.601709708571434021e-04 6.880298256874084473e-03 2.158002369105815887e-02 1.866521686315536499e-02 2.177989669144153595e-02 1.148134935647249222e-02 4.004611633718013763e-03 7.043709978461265564e-03 3.400982171297073364e-02 7.532595656812191010e-03 2.552065998315811157e-02 2.680406905710697174e-02 8.474883623421192169e-03 2.884631743654608727e-03 4.500879906117916107e-03 2.186326077207922935e-03 3.122008405625820160e-02 2.835956774652004242e-02 2.999432198703289032e-02 4.035305231809616089e-02 1.824048161506652832e-02 3.067510761320590973e-02 2.576678432524204254e-02 2.583635039627552032e-02 5.609595100395381451e-04 1.021446287631988525e-02 2.777742221951484680e-02 2.022964693605899811e-02 2.355694770812988281e-02 2.352936193346977234e-02 2.291666110977530479e-03 9.912291541695594788e-03 3.021585196256637573e-02 3.543640673160552979e-02 9.768970310688018799e-03 1.135931815952062607e-03 8.180073462426662445e-03 9.368287399411201477e-03 2.715622633695602417e-02 6.737427785992622375e-03 2.863518334925174713e-02 2.719304151833057404e-02 2.347748540341854095e-02 2.334024943411350250e-02 2.075692452490329742e-02 3.283343836665153503e-02
5.467939749360084534e-02 6.647328287363052368e-02 1.027976255863904953e-02 6.141782738268375397e-03 8.621918968856334686e-03 3.906049206852912903e-02 4.348105564713478088e-02 6.915449630469083786e-03 2.722568344324827194e-03 1.760067231953144073e-02 6.448026001453399658e-02 9.668214246630668640e-03 8.257575631141662598e-01 1.790678245015442371e-03 1.963100023567676544e-02 1.705161668360233307e-02 1.425956375896930695e-02 2.197495475411415100e-02 1.624763943254947662e-02 1.866805553436279297e-02 3.990615950897336006e-04 3.543883189558982849e-02 8.111562579870223999e-03 1.413299888372421265e-02 2.529730461537837982e-02 9.195141494274139404e-03 5.902413278818130493e-03 2.936371369287371635e-03 1.547627709805965424e-02 9.312251349911093712e-04 3.407018631696701050e-02 9.777881205081939697e-03 8.135244250297546387e-03 1.811664365231990814e-02 9.136018343269824982e-03 1.645489782094955444e-02 1.202432066202163696e-02 1.181113068014383316e-02 5.164866801351308823e-03 5.993741564452648163e-03 9.983542375266551971e-03 1.607763813808560371e-03 7.752758450806140900e-03 2.419089153409004211e-02 1.584786735475063324e-02 1.445815153419971466e-02 3.741402924060821533e-02 4.420423507690429688e-02 3.088586032390594482e-03 1.646519266068935394e-02 3.081193193793296814e-02 1.215676404535770416e-02 3.462255001068115234e-02 2.418695017695426941e-03 1.739596016705036163e-02 2.387959882616996765e-02 2.030675858259201050e-02 1.053901016712188721e-02 3.206672519445419312e-02 5.649114493280649185e-03 1.435217726975679398e-02 3.960790578275918961e-03 9.114683605730533600e-03 2.239282988011837006e-02 1.802683994174003601e-02 4.994353279471397400e-02 4.811063408851623535e-03 2.470913343131542206e-03 2.481007203459739685e-02 2.135691791772842407e-02 3.123853169381618500e-02 8.186082355678081512e-03 4.069812595844268799e-03 2.113111503422260284e-02 4.514368250966072083e-03 9.419497102499008179e-03 1.771005918271839619e-03 1.053889002650976181e-02 4.220942966639995575e-03 1.690682768821716309e-02 2.184410206973552704e-02 1.975375041365623474e-02 2.996941097080707550e-02 2.536891400814056396e-02 3.261436708271503448e-03 1.513102836906909943e-02 5.116946529597043991e-03 1.852192170917987823e-02 2.123260870575904846e-02 1.060526538640260696e-02 2.812525629997253418e-02 1.647125929594039917e-02 2.127554453909397125e-02 3.309270367026329041e-02 1.083646062761545181e-02 1.568888314068317413e-02 1.540638878941535950e-02 8.817325346171855927e-03 1.217515859752893448e-02 7.539705839008092880e-03 1.631076331250369549e-03 6.789192557334899902e-03 1.432069577276706696e-02 9.063877165317535400e-03 2.428270131349563599e-02 5.695944651961326599e-03 2.241358160972595215e-03 2.597995661199092865e-02 2.273799106478691101e-02 1.298312935978174210e-02 1.402303390204906464e-02 1.160898897796869278e-02 6.543795112520456314e-03 1.586138852871954441e-03 2.363516949117183685e-02 1.165914349257946014e-02
