8.474701642990112305e-01 5.245606973767280579e-02 1.767757162451744080e-02 1.838360540568828583e-02 1.680011861026287079e-02 3.498375415802001953e-02 1.868075691163539886e-02 2.215067483484745026e-02 1.358652021735906601e-02 1.874485053122043610e-02 3.702728450298309326e-02 2.606544829905033112e-02 3.779966011643409729e-02 2.107372693717479706e-02 3.172627836465835571e-02 3.019539825618267059e-02 2.651384286582469940e-02 4.296995233744382858e-03 2.159720519557595253e-03 2.211635932326316833e-02 1.991786807775497437e-02 2.021343447268009186e-02 2.098991349339485168e-02 2.166954800486564636e-02 1.066396664828062057e-02 2.743784338235855103e-02 1.600758545100688934e-02 1.482986751943826675e-02 1.244844868779182434e-02 5.350260529667139053e-03 2.151934430003166199e-02 4.838382359594106674e-03 9.603514336049556732e-03 3.576033050194382668e-03 4.845291841775178909e-03 8.640251122415065765e-03 4.831679165363311768e-03 2.239528857171535492e-02 2.803979150485247374e-04 1.153835374861955643e-02 3.079445473849773407e-02 1.188053097575902939e-02 3.447601571679115295e-02 6.888617761433124542e-03 6.031351163983345032e-03 8.861098322086036205e-04 2.938319183886051178e-02 2.883853204548358917e-02 6.618372630327939987e-03 5.991718266159296036e-03 1.187516283243894577e-02 9.078666567802429199e-03 1.762555539608001709e-02 2.542883716523647308e-02 4.471265710890293121e-03 2.038503298535943031e-03 2.196295000612735748e-02 2.662023901939392090e-02 1.082533784210681915e-02 2.165371552109718323e-02 5.931436084210872650e-03 4.521416965872049332e-03 1.012711133807897568e-02 1.156050362624228001e-03 1.915314793586730957e-02 2.860463410615921021e-02 1.858694665133953094e-02 1.885494589805603027e-02 2.853823266923427582e-02 1.374774426221847534e-02 2.930474467575550079e-02 1.760438643395900726e-02 2.490268833935260773e-02 2.255554869771003723e-02 2.327733859419822693e-02 2.187273278832435608e-02 2.381155453622341156e-02 1.355557050555944443e-02 3.152256086468696594e-02 3.744563460350036621e-02 1.624488644301891327e-02 1.019588764756917953e-02 1.108423527330160141e-02 2.144927904009819031e-02 2.961988095194101334e-03 5.241352599114179611e-03 2.484185621142387390e-02 2.243053726851940155e-02 1.447987393476068974e-03 1.896905479952692986e-03 3.306430950760841370e-02 2.267467603087425232e-02 3.289933875203132629e-02 1.751342974603176117e-02 5.804819986224174500e-03 3.530440153554081917e-03 9.093459695577621460e-03 1.241033058613538742e-02 1.896244660019874573e-02 1.560164708644151688e-02 1.887649483978748322e-02 1.378712803125381470e-02 1.313724555075168610e-02 5.672208033502101898e-03 6.536284927278757095e-03 2.980494638904929161e-03 2.470223605632781982e-02 2.039409801363945007e-02 1.182270329445600510e-02 1.571777649223804474e-02 2.543583698570728302e-02 1.714382506906986237e-02 2.364185638725757599e-02 2.956367656588554382e-02 1.433866843581199646e-02 2.486994303762912750e-02
5.245606973767280579e-02 8.474701642990112305e-01 1.029922813177108765e-02 2.070797979831695557e-02 2.100032195448875427e-02 4.106947407126426697e-02 3.066294081509113312e-02 1.404706388711929321e-02 1.474807690829038620e-02 2.009122259914875031e-02 2.590274624526500702e-02 2.846978977322578430e-02 4.229909554123878479e-02 2.813622169196605682e-02 2.786678820848464966e-02 3.842266276478767395e-02 3.188410028815269470e-02 7.294711191207170486e-03 7.806548383086919785e-03 1.273443549871444702e-02 1.528520230203866959e-02 2.467720769345760345e-02 1.849904470145702362e-02 1.815647631883621216e-02 2.998859155923128128e-03 2.877230010926723480e-02 8.966779336333274841e-03 1.110846828669309616e-02 6.223907694220542908e-03 4.287635907530784607e-03 3.075843676924705505e-02 4.701403668150305748e-04 4.186945036053657532e-03 3.691093996167182922e-03 4.040226340293884277e-03 9.719344787299633026e-03 9.972176514565944672e-03 1.544089242815971375e-02 1.411854848265647888e-02 6.994196213781833649e-03 1.423479150980710983e-02 9.345211088657379150e-03 3.478955850005149841e-02 1.691720075905323029e-02 4.123424179852008820e-03 1.055268105119466782e-02 3.366289287805557251e-02 4.239717125892639160e-02 9.112913161516189575e-03 1.269494276493787766e-02 8.197273127734661102e-03 9.996314533054828644e-03 7.141640875488519669e-03 2.171949297189712524e-02 4.477744805626571178e-04 5.426406860351562500e-03 2.050356753170490265e-02 3.115386888384819031e-02 3.192871576175093651e-03 1.845728978514671326e-02 7.684143725782632828e-03 1.751101575791835785e-03 1.125933974981307983e-02 6.001800298690795898e-03 4.331877455115318298e-03 2.525902725756168365e-02 9.798077866435050964e-03 1.815793104469776154e-02 3.224097564816474915e-02 8.954118005931377411e-03 3.127956017851829529e-02 9.587649255990982056e-03 2.788103558123111725e-02 2.785040810704231262e-02 2.746995538473129272e-02 2.182851359248161316e-02 1.998297870159149170e-02 1.533527486026287079e-02 3.356462344527244568e-02 2.943612262606620789e-02 1.060844026505947113e-02 7.382267620414495468e-03 3.844251856207847595e-03 2.148035913705825806e-02 1.123149599879980087e-02 2.848428441211581230e-03 1.659129559993743896e-02 1.728646643459796906e-02 7.927486672997474670e-03 3.849722445011138916e-03 2.354339882731437683e-02 1.094308216124773026e-02 4.427597671747207642e-02 1.015616673976182938e-02 2.525246515870094299e-02 7.852842099964618683e-03 1.073399744927883148e-02 1.386503037065267563e-02 1.627663895487785339e-02 1.363455038517713547e-02 9.924222715198993683e-03 1.365309488028287888e-02 1.798624289222061634e-03 2.102187834680080414e-03 4.164680372923612595e-03 5.984123796224594116e-03 6.157688796520233154e-03 1.204644236713647842e-02 2.184538170695304871e-03 2.240792848169803619e-02 1.788988336920738220e-02 8.701308630406856537e-03 1.969967968761920929e-02 3.126183897256851196e-02 1.294968998990952969e-03 8.826632052659988403e-03
1.767757162451744080e-02 1.029922813177108765e-02 8.474701642990112305e-01 1.290376298129558563e-02 4.137490410357713699e-03 3.910611267201602459e-04 8.223312324844300747e-04 4.216932877898216248e-02 8.083093911409378052e-03 1.081084739416837692e-02 2.821509167551994324e-02 8.182964287698268890e-03 2.364090643823146820e-02 3.743488341569900513e-03 2.751781977713108063e-02 1.288433652371168137e-02 1.024192757904529572e-02 7.869407418183982372e-04 9.526823647320270538e-03 2.972378395497798920e-02 1.735462807118892670e-02 2.580860629677772522e-02 2.362282574176788330e-02 1.435525435954332352e-02 7.145829964429140091e-03 1.790730166248977184e-03 1.663113944232463837e-02 9.344715625047683716e-03 1.923453807830810547e-02 1.954040117561817169e-02 4.737240262329578400e-03 1.783021166920661926e-02 6.028237752616405487e-03 1.263436023145914078e-02 4.865000300924293697e-05 3.141745552420616150e-02 2.599927037954330444e-02 2.028111368417739868e-02 5.903412587940692902e-03 1.647314056754112244e-02 2.253845892846584320e-02 2.300660870969295502e-02 1.713369973003864288e-02 1.775991730391979218e-02 1.014412008225917816e-02 7.239114958792924881e-03 2.883657580241560936e-03 6.882110610604286194e-03 1.909133425215259194e-04 7.151112426072359085e-03 2.713178982958197594e-03 8.657158352434635162e-03 2.274084649980068207e-02 1.578022167086601257e-02 5.037709604948759079e-03 1.009993487969040871e-03 1.866140170022845268e-03 6.971307564526796341e-03 2.430216036736965179e-02 2.443035505712032318e-02 2.229488221928477287e-03 4.216047469526529312e-03 6.122580729424953461e-03 9.975065477192401886e-03 2.413235977292060852e-02 2.589319460093975067e-02 2.141311764717102051e-02 2.019166387617588043e-02 1.217438280582427979e-02 3.583187470212578773e-03 1.275796722620725632e-02 1.957467570900917053e-02 1.079512387514114380e-02 1.310849445872008801e-03 6.236614659428596497e-03 1.500092726200819016e-02 2.048378437757492065e-02 1.880272664129734039e-02 2.060570055618882179e-03 1.925572403706610203e-03 5.648507550358772278e-02 4.696277156472206116e-02 1.261751726269721985e-02 7.332343608140945435e-03 8.697164244949817657e-03 1.024298369884490967e-02 3.405565768480300903e-02 3.421562165021896362e-02 2.754458226263523102e-03 2.360825892537832260e-03 1.745225302875041962e-02 2.015716582536697388e-02 5.674957763403654099e-03 1.914887689054012299e-02 1.300334930419921875e-02 5.087788216769695282e-03 1.788787916302680969e-02 1.047864649444818497e-02 4.605113994330167770e-03 1.557025709189474583e-03 2.845643833279609680e-02 2.555548399686813354e-02 2.480641938745975494e-02 3.394253551959991455e-03 5.984619725495576859e-03 3.726013237610459328e-03 1.328164897859096527e-02 7.711230777204036713e-03 2.771072834730148315e-02 7.104106713086366653e-03 2.378834411501884460e-02 3.138688206672668457e-02 2.003821916878223419e-02 2.121341787278652191e-02 3.828500211238861084e-02 4.037261754274368286e-02
1.838360540568828583e-02 2.070797979831695557e-02 1.290376298129558563e-02 8.474701642990112305e-01 6.927858293056488037e-02 1.778645999729633331e-02 6.203012075275182724e-03 5.531654693186283112e-03 3.852775786072015762e-03 2.531596086919307709e-02 1.286534243263304234e-03 2.120764181017875671e-02 1.388661842793226242e-02 1.927950419485569000e-02 3.874804358929395676e-03 2.951641008257865906e-02 3.677979484200477600e-02 1.916700229048728943e-02 3.781676664948463440e-02 1.313320826739072800e-03 7.200148422271013260e-03 2.520293230190873146e-03 9.792930446565151215e-03 2.360840095207095146e-03 8.465726859867572784e-04 1.599481329321861267e-02 1.120804576203227043e-03 3.461131080985069275e-02 6.569374818354845047e-03 1.686224900186061859e-02 6.254550069570541382e-03 8.036049082875251770e-03 1.802004501223564148e-02 1.015814207494258881e-02 1.369162183254957199e-02 1.896244287490844727e-02 1.419250760227441788e-02 9.708293713629245758e-03 1.479097735136747360e-02 1.732543483376502991e-02 1.947681978344917297e-02 1.396207418292760849e-02 1.082873437553644180e-02 9.426844189874827862e-04 1.468225754797458649e-02 4.296989180147647858e-03 3.411800134927034378e-03 2.165806479752063751e-02 1.077853795140981674e-02 1.633994095027446747e-02 1.971368677914142609e-03 6.680850056000053883e-04 1.303794700652360916e-02 1.725195161998271942e-02 2.904515899717807770e-02 9.987445548176765442e-03 2.996553853154182434e-02 2.352769859135150909e-02 1.015163026750087738e-02 1.856508105993270874e-02 4.100400954484939575e-02 2.838516421616077423e-02 6.878140848129987717e-03 2.034565666690468788e-03 1.426072046160697937e-02 1.900444854982197285e-03 7.785350549966096878e-03 4.449045751243829727e-03 4.507957026362419128e-02 1.174503937363624573e-02 2.933608368039131165e-02 4.065484739840030670e-03 6.158071756362915039e-02 1.905400678515434265e-02 5.483302101492881775e-02 2.180615626275539398e-02 1.921544224023818970e-02 1.096574310213327408e-02 2.182996831834316254e-02 1.920379325747489929e-02 1.360749080777168274e-02 8.260148577392101288e-03 5.561498925089836121e-03 1.940864720381796360e-03 2.967606857419013977e-02 1.732994429767131805e-02 3.507823683321475983e-03 5.161409499123692513e-04 2.623555622994899750e-02 2.518259920179843903e-02 9.385924786329269409e-03 5.317270290106534958e-03 2.718807198107242584e-02 1.175960153341293335e-02 2.272982522845268250e-02 3.231897205114364624e-02 1.168179791420698166e-02 1.565450802445411682e-02 5.474171601235866547e-03 5.028375890105962753e-03 3.655194072052836418e-03 9.338238742202520370e-04 1.221415214240550995e-02 1.237034518271684647e-02 6.893241778016090393e-03 1.071287691593170166e-02 3.962473012506961823e-03 3.719252347946166992e-02 2.388710854575037956e-03 2.558839134871959686e-02 2.018522098660469055e-02 2.230501547455787659e-02 6.336112041026353836e-03 6.367884576320648193e-03 7.393946405500173569e-03 2.076547965407371521e-02
1.680011861026287079e-02 2.100032195448875427e-02 4.137490410357713699e-03 6.927858293056488037e-02 8.474701642990112305e-01 1.354429125785827637e-02 3.434757702052593231e-03 3.495957469567656517e-03 7.646001409739255905e-03 2.727325446903705597e-02 8.579281158745288849e-03 2.532912790775299072e-02 7.298049051314592361e-03 2.485723420977592468e-02 5.072241183370351791e-03 2.150432392954826355e-02 3.258000314235687256e-02 1.392172928899526596e-02 2.447822317481040955e-02 1.052757352590560913e-02 1.281086262315511703e-02 9.719380177557468414e-03 5.895557347685098648e-03 1.472543575800955296e-03 1.530235912650823593e-02 7.146334275603294373e-03 9.178990498185157776e-03 3.469942510128021240e-02 1.462173089385032654e-02 2.050520852208137512e-02 7.184626534581184387e-03 2.330835722386837006e-02 1.362696196883916855e-02 2.440547011792659760e-02 3.882322926074266434e-03 2.368329279124736786e-02 1.593498699367046356e-02 2.092959126457571983e-03 1.300445478409528732e-02 1.582562550902366638e-02 1.813874579966068268e-02 6.205256097018718719e-03 7.112890947610139847e-03 2.785189775750041008e-03 8.925789035856723785e-03 4.109664354473352432e-03 8.195804548449814320e-04 2.635423652827739716e-02 5.438028834760189056e-03 1.839814707636833191e-02 2.729480620473623276e-03 5.024116020649671555e-03 4.480450414121150970e-03 8.612767793238162994e-03 2.256426960229873657e-02 8.646462112665176392e-03 2.631331607699394226e-02 2.785626426339149475e-02 7.966871373355388641e-03 1.299934182316064835e-02 3.483666479587554932e-02 3.049298562109470367e-02 1.759278587996959686e-03 3.680906025692820549e-03 9.132490493357181549e-03 2.410186221823096275e-03 1.947883702814579010e-02 1.639363914728164673e-02 4.536472260951995850e-02 4.418436903506517410e-03 3.161014616489410400e-02 8.988396148197352886e-04 5.579044669866561890e-02 2.718080021440982819e-02 5.644406005740165710e-02 2.944394946098327637e-02 1.680615544319152832e-02 1.419821474701166153e-02 2.344946190714836121e-02 1.659896783530712128e-02 1.193263754248619080e-02 2.499513560906052589e-03 8.858451619744300842e-03 5.311510991305112839e-03 2.395730838179588318e-02 2.401226758956909180e-02 1.226487336680293083e-03 1.316481828689575195e-02 2.356800809502601624e-02 2.758937887847423553e-02 4.213371779769659042e-03 8.307018317282199860e-03 3.207930177450180054e-02 1.798416301608085632e-02 2.913912758231163025e-02 3.510753065347671509e-02 6.847449112683534622e-03 2.492133714258670807e-02 1.575735048390924931e-03 5.575885530561208725e-03 2.529029035940766335e-03 6.735835690051317215e-03 1.247838512063026428e-02 1.006435323506593704e-02 4.708517517428845167e-04 2.115862816572189331e-02 1.452278811484575272e-02 3.660521283745765686e-02 8.534023538231849670e-03 2.732232026755809784e-02 2.281763777136802673e-02 2.583214454352855682e-02 2.605169545859098434e-03 1.322825346142053604e-02 4.172178450971841812e-03 2.275684289634227753e-02
3.498375415802001953e-02 4.106947407126426697e-02 3.910611267201602459e-04 1.778645999729633331e-02 1.354429125785827637e-02 8.474701642990112305e-01 5.859392508864402771e-02 1.582649722695350647e-02 1.636851206421852112e-02 7.022661156952381134e-03 1.697928458452224731e-02 3.654864802956581116e-02 3.203531354665756226e-02 3.274519369006156921e-02 2.222024276852607727e-02 2.661654725670814514e-02 2.089721336960792542e-02 3.441576263867318630e-04 4.216492176055908203e-03 1.028933678753674030e-03 1.232616975903511047e-02 2.111846767365932465e-02 1.580902375280857086e-02 1.756969466805458069e-02 5.272439215332269669e-03 3.440000861883163452e-02 1.200365554541349411e-02 2.012801915407180786e-02 9.663451462984085083e-03 9.531562216579914093e-03 3.596972674131393433e-02 2.030991017818450928e-03 1.342643890529870987e-02 7.822001352906227112e-03 1.159742195159196854e-02 6.714853458106517792e-03 8.950994350016117096e-03 8.403596468269824982e-03 3.335140179842710495e-03 4.847004078328609467e-03 9.768579155206680298e-03 2.677786862477660179e-03 3.408459201455116272e-02 4.315214697271585464e-03 1.549874339252710342e-02 6.481500808149576187e-03 5.848973989486694336e-02 5.078331008553504944e-02 1.944032497704029083e-02 1.839372701942920685e-02 1.439312007278203964e-02 2.024081721901893616e-02 7.632227148860692978e-03 1.675468310713768005e-02 1.062092836946249008e-02 1.304223202168941498e-02 2.511261217296123505e-02 3.281698375940322876e-02 1.407377072609961033e-03 1.310235355049371719e-02 1.003650482743978500e-02 4.971748217940330505e-03 6.210481747984886169e-03 1.454710029065608978e-03 8.621876128017902374e-03 2.656524255871772766e-02 2.487994497641921043e-03 1.894620060920715332e-02 2.369340322911739349e-02 1.529063936322927475e-02 2.570655383169651031e-02 1.204220019280910492e-02 3.147006034851074219e-02 2.719099447131156921e-02 2.772895060479640961e-02 1.393428072333335876e-02 2.692654915153980255e-02 8.342592976987361908e-03 3.142193332314491272e-02 1.562652736902236938e-02 9.372713044285774231e-03 7.773238234221935272e-03 1.914448337629437447e-03 3.310312982648611069e-03 1.027694717049598694e-02 1.128369010984897614e-02 1.695678755640983582e-02 1.874878257513046265e-02 7.690191268920898438e-03 1.213783957064151764e-02 3.020554780960083008e-02 1.202114298939704895e-02 4.285074025392532349e-02 7.277225609868764877e-03 1.052844990044832230e-02 1.512900460511445999e-02 1.323801279067993164e-02 7.676795590668916702e-03 2.731901779770851135e-02 2.432794868946075439e-02 9.259940125048160553e-03 1.066244672983884811e-02 4.079533740878105164e-03 3.061364637687802315e-03 8.415093645453453064e-03 5.577257368713617325e-03 4.012752790004014969e-03 5.806668195873498917e-03 3.582606790587306023e-03 2.363988570868968964e-02 1.540510263293981552e-02 2.981104655191302299e-03 1.076742541044950485e-02 2.481428161263465881e-02 3.364691743627190590e-03 1.097928546369075775e-02
1.868075691163539886e-02 3.066294081509113312e-02 8.223312324844300747e-04 6.203012075275182724e-03 3.434757702052593231e-03 5.859392508864402771e-02 8.474701642990112305e-01 8.121107704937458038e-03 3.294179961085319519e-02 5.050620529800653458e-04 9.262045845389366150e-03 4.106061905622482300e-02 2.581930346786975861e-02 4.374005645513534546e-02 1.282011158764362335e-02 2.667540684342384338e-02 1.985612697899341583e-02 6.875443272292613983e-03 3.691780613735318184e-03 7.953404448926448822e-03 2.271361649036407471e-02 2.060242928564548492e-02 1.138361170887947083e-02 1.536060590296983719e-02 1.415201835334300995e-02 3.588948771357536316e-02 1.954704523086547852e-03 1.166239753365516663e-02 3.700053552165627480e-03 1.055301818996667862e-02 3.133953735232353210e-02 1.081921719014644623e-02 9.471460245549678802e-03 1.922946237027645111e-02 1.770322024822235107e-02 6.144667509943246841e-03 3.492805873975157738e-03 3.861494187731295824e-04 2.760383114218711853e-02 2.503908611834049225e-02 8.127714507281780243e-03 6.815846543759107590e-03 2.821302227675914764e-02 1.431416533887386322e-02 1.210585329681634903e-02 2.670251019299030304e-02 5.207968875765800476e-02 5.566687881946563721e-02 5.704178009182214737e-03 2.343865856528282166e-02 8.970943279564380646e-03 1.443581748753786087e-02 6.541620939970016479e-03 1.847459562122821808e-02 2.029965259134769440e-02 9.110278449952602386e-03 1.731509715318679810e-02 3.373780474066734314e-02 1.827478874474763870e-03 1.383881829679012299e-02 5.656804423779249191e-03 2.709083724766969681e-03 4.191315732896327972e-03 5.087479017674922943e-03 1.042379648424685001e-03 2.042123302817344666e-02 1.204210682772099972e-03 2.662492357194423676e-02 1.114395819604396820e-02 6.011034362018108368e-03 1.874117925763130188e-02 1.141609903424978256e-02 2.293531969189643860e-02 1.827631518244743347e-02 2.177549898624420166e-02 3.605527803301811218e-03 1.213793084025382996e-02 5.741088185459375381e-03 2.875899337232112885e-02 7.641410920768976212e-03 5.544918123632669449e-03 1.349943410605192184e-02 1.109799556434154510e-02 8.171734400093555450e-03 7.650071755051612854e-03 3.443885967135429382e-02 1.484930235892534256e-02 1.545018702745437622e-02 5.742735695093870163e-03 1.611654646694660187e-02 1.666342653334140778e-02 4.056907258927822113e-03 4.142417386174201965e-02 1.154210694949142635e-04 4.013754893094301224e-03 1.800091005861759186e-03 2.267028018832206726e-02 1.086318679153919220e-02 1.113245263695716858e-02 1.745145395398139954e-02 2.200511470437049866e-02 2.054178155958652496e-02 8.630781434476375580e-03 4.153965506702661514e-03 1.779992692172527313e-02 3.011278994381427765e-02 5.507792346179485321e-03 1.238703727722167969e-02 3.440249478444457054e-03 3.864567726850509644e-02 8.720495738089084625e-03 1.190316770225763321e-02 6.833815481513738632e-03 2.791364677250385284e-02 1.446495857089757919e-02 2.333852648735046387e-02
2.215067483484745026e-02 1.404706388711929321e-02 4.216932877898216248e-02 5.531654693186283112e-03 3.495957469567656517e-03 1.582649722695350647e-02 8.121107704937458038e-03 8.474701642990112305e-01 1.881573582068085670e-03 2.631522947922348976e-04 3.591192886233329773e-02 6.578959990292787552e-03 3.480220586061477661e-02 8.906614966690540314e-04 4.319480434060096741e-02 7.134498562663793564e-03 2.478815731592476368e-04 1.748654618859291077e-02 7.141284644603729248e-03 1.849064417183399200e-02 1.792600750923156738e-02 3.192579373717308044e-02 2.980002388358116150e-02 1.927737705409526825e-02 1.303012762218713760e-02 1.356976199895143509e-02 2.587200514972209930e-02 6.837476976215839386e-03 3.122294507920742035e-02 1.050341594964265823e-02 2.261459641158580780e-02 1.884326897561550140e-02 1.562327495776116848e-03 9.519091807305812836e-03 7.096466608345508575e-03 2.991697378456592560e-02 3.119381330907344818e-02 2.531053870916366577e-02 1.164221670478582382e-02 1.974411681294441223e-02 2.490144781768321991e-02 7.115788292139768600e-03 2.362530492246150970e-02 1.500183902680873871e-02 1.380999665707349777e-02 1.848498173058032990e-02 1.899117417633533478e-02 5.329318810254335403e-03 6.477077491581439972e-03 1.142240408807992935e-02 1.488996762782335281e-02 1.394879259169101715e-02 2.319873124361038208e-02 2.680394984781742096e-02 3.336784429848194122e-03 4.587011411786079407e-03 1.478411955758929253e-03 4.647358320653438568e-03 2.234983630478382111e-02 2.740129455924034119e-02 1.338887307792901993e-02 2.739684283733367920e-02 1.193408481776714325e-02 1.860190927982330322e-02 3.299112990498542786e-02 3.819645941257476807e-02 2.103057876229286194e-02 2.132283151149749756e-02 4.378517158329486847e-03 1.564185321331024170e-02 3.854637907352298498e-04 1.425300375558435917e-03 3.560703480616211891e-03 2.315114252269268036e-03 1.667228993028402328e-03 8.737372234463691711e-03 1.506975386291742325e-02 1.035096403211355209e-02 1.345472503453493118e-02 2.086303196847438812e-02 4.647323116660118103e-02 3.886638209223747253e-02 3.238844498991966248e-02 2.349778637290000916e-02 3.061027498915791512e-03 7.269690278917551041e-03 4.446942359209060669e-02 3.952088207006454468e-02 8.220151648856699467e-04 1.662533544003963470e-02 2.861785143613815308e-02 3.287500888109207153e-02 1.044978201389312744e-02 2.934209443628787994e-02 1.723845489323139191e-02 5.626427941024303436e-03 1.911046542227268219e-02 4.248933866620063782e-03 1.369439065456390381e-02 1.774254627525806427e-02 2.414709143340587616e-02 3.171696886420249939e-02 2.524654567241668701e-02 7.585539016872644424e-03 1.237576734274625778e-02 1.022019237279891968e-02 2.657889202237129211e-02 3.049899125471711159e-03 3.448421135544776917e-02 2.156151924282312393e-03 2.911368757486343384e-02 3.177386894822120667e-02 1.044365484267473221e-02 2.155350521206855774e-02 4.718864709138870239e-02 3.429905325174331665e-02
1.358652021735906601e-02 1.474807690829038620e-02 8.083093911409378052e-03 3.852775786072015762e-03 7.646001409739255905e-03 1.636851206421852112e-02 3.294179961085319519e-02 1.881573582068085670e-03 8.474701642990112305e-01 4.020456597208976746e-02 1.422401517629623413e-02 2.912359125912189484e-02 3.388436743989586830e-03 3.935397043824195862e-02 3.470368217676877975e-03 6.794445216655731201e-03 4.687605425715446472e-03 3.241867199540138245e-02 3.835522755980491638e-02 6.201369222253561020e-03 9.066387428902089596e-05 6.133764050900936127e-03 1.350326929241418839e-02 1.146014314144849777e-02 1.159506756812334061e-02 2.188883163034915924e-02 9.408799931406974792e-03 1.217702403664588928e-02 3.892479231581091881e-03 2.119999378919601440e-02 6.746421102434396744e-03 1.011710031889379025e-03 3.404372930526733398e-02 1.492706313729286194e-02 1.744046434760093689e-02 7.082460913807153702e-03 7.011179346591234207e-03 8.561968803405761719e-03 3.635346516966819763e-02 2.651456557214260101e-02 3.908796701580286026e-03 2.534221671521663666e-02 2.889680676162242889e-03 1.347605511546134949e-02 9.985802695155143738e-03 1.056685950607061386e-02 1.000281237065792084e-02 2.402220852673053741e-02 4.577210545539855957e-02 9.935871697962284088e-03 2.303841756656765938e-03 2.157388022169470787e-03 1.626247353851795197e-02 9.134127758443355560e-03 6.626367568969726562e-02 2.279715985059738159e-02 2.359808422625064850e-03 2.687874622642993927e-02 2.282817848026752472e-02 1.682723872363567352e-02 7.358939852565526962e-03 8.745856583118438721e-03 1.936723850667476654e-02 9.507221169769763947e-03 4.253641702234745026e-03 4.276331048458814621e-03 4.031179472804069519e-03 6.656045559793710709e-03 1.377231068909168243e-02 5.635699257254600525e-03 6.768820807337760925e-03 2.063674479722976685e-02 1.291050761938095093e-02 2.408871054649353027e-02 1.641417481005191803e-02 3.831508802250027657e-03 4.141296073794364929e-02 3.525507450103759766e-02 3.784893080592155457e-02 1.082743238657712936e-02 1.029416685923933983e-03 5.672564264386892319e-03 1.253176759928464890e-02 2.664192952215671539e-02 1.848330162465572357e-02 8.935666992329061031e-04 5.384832620620727539e-04 2.865585498511791229e-03 2.214078232645988464e-02 1.549831777811050415e-02 7.106494158506393433e-03 7.404633332043886185e-03 2.574800141155719757e-02 1.896383799612522125e-02 5.734545178711414337e-03 8.121845312416553497e-03 1.393733173608779907e-02 1.038145553320646286e-02 2.480794675648212433e-02 1.171785499900579453e-02 3.135597798973321915e-03 3.724707057699561119e-03 3.830005880445241928e-03 1.642398652620613575e-03 2.841162681579589844e-02 2.126138471066951752e-02 1.203642808832228184e-03 1.855799229815602303e-03 2.188599854707717896e-02 5.095698311924934387e-02 1.481926254928112030e-02 6.579271517693996429e-03 6.578525062650442123e-04 3.278290387243032455e-03 7.641066913492977619e-04 4.831947386264801025e-03
1.874485053122043610e-02 2.009122259914875031e-02 1.081084739416837692e-02 2.531596086919307709e-02 2.727325446903705597e-02 7.022661156952381134e-03 5.050620529800653458e-04 2.631522947922348976e-04 4.020456597208976746e-02 8.474701642990112305e-01 5.730480886995792389e-03 1.556446123868227005e-02 8.088729344308376312e-03 1.534137409180402756e-02 1.236498821526765823e-02 1.249751355499029160e-02 4.297233652323484421e-03 5.849074106663465500e-03 2.931771799921989441e-02 3.418399486690759659e-03 3.842190373688936234e-03 9.363446384668350220e-03 4.153716377913951874e-03 1.339157111942768097e-02 2.250498626381158829e-03 7.683946751058101654e-03 9.585744701325893402e-03 2.768841199576854706e-02 9.979555383324623108e-03 2.234176732599735260e-02 1.733652898110449314e-03 1.304291281849145889e-02 4.125963523983955383e-02 2.212572470307350159e-02 3.312164172530174255e-02 1.586810313165187836e-02 5.909472703933715820e-03 2.191812358796596527e-02 2.330090291798114777e-02 9.839362464845180511e-03 1.789298653602600098e-02 3.080741036683320999e-03 3.754956182092428207e-03 2.836460713297128677e-03 8.016877691261470318e-04 1.390678249299526215e-02 2.904076594859361649e-03 6.314810831099748611e-03 2.278936281800270081e-02 3.938357904553413391e-02 7.663877215236425400e-03 6.322315894067287445e-03 6.120119243860244751e-03 1.368875429034233093e-02 1.829705201089382172e-02 5.098434910178184509e-02 1.190339308232069016e-02 1.701449602842330933e-02 1.987678371369838715e-02 2.435370534658432007e-02 2.160480991005897522e-02 2.138085197657346725e-03 3.363570943474769592e-02 3.103214316070079803e-02 1.930529437959194183e-02 1.304373517632484436e-02 3.659121226519346237e-03 1.524045690894126892e-02 1.792585593648254871e-03 1.147073041647672653e-02 6.161240860819816589e-03 2.104948274791240692e-02 2.501139417290687561e-02 3.116128779947757721e-02 2.533221431076526642e-02 3.687229380011558533e-02 1.393288932740688324e-02 5.369544401764869690e-02 2.755522727966308594e-02 5.410730466246604919e-02 1.729203271679580212e-03 2.914242912083864212e-03 1.396256033331155777e-02 1.688566431403160095e-02 1.807419955730438232e-02 3.233624622225761414e-02 1.445890404284000397e-03 5.874986760318279266e-03 1.079587917774915695e-02 9.458307176828384399e-03 1.208533626049757004e-02 9.694030508399009705e-03 1.704437285661697388e-02 2.193459513364359736e-04 1.132631325162947178e-03 5.053847096860408783e-03 1.123255211859941483e-02 3.736070543527603149e-02 1.148402132093906403e-02 1.743816398084163666e-02 6.921106018126010895e-03 1.016706880182027817e-02 1.095128618180751801e-02 2.585568092763423920e-02 1.531615853309631348e-02 3.510370384901762009e-03 4.298065323382616043e-03 3.537276759743690491e-02 2.502683550119400024e-02 3.097764030098915100e-02 1.510741468518972397e-02 1.407757587730884552e-02 1.184294093400239944e-02 2.145309932529926300e-03 3.239884506911039352e-03 1.218241918832063675e-02
3.702728450298309326e-02 2.590274624526500702e-02 2.821509167551994324e-02 1.286534243263304234e-03 8.579281158745288849e-03 1.697928458452224731e-02 9.262045845389366150e-03 3.591192886233329773e-02 1.422401517629623413e-02 5.730480886995792389e-03 8.474701642990112305e-01 6.784682627767324448e-03 3.838871791958808899e-02 6.793793290853500366e-04 3.638747334480285645e-02 1.453866250813007355e-02 1.469688862562179565e-02 4.551485646516084671e-03 3.370543010532855988e-03 2.757896482944488525e-02 2.780120447278022766e-02 2.753630094230175018e-02 3.130219504237174988e-02 2.894900552928447723e-02 1.729519292712211609e-02 2.120070718228816986e-02 2.514867112040519714e-02 2.667728345841169357e-03 2.819348871707916260e-02 6.484311074018478394e-03 2.205596119165420532e-02 1.694981567561626434e-02 7.824136875569820404e-03 1.901154033839702606e-02 5.253099836409091949e-03 3.005534969270229340e-02 2.289960719645023346e-02 2.492973580956459045e-02 1.612256094813346863e-02 2.172919735312461853e-02 2.865902893245220184e-02 2.070236764848232269e-02 3.104910254478454590e-02 1.959482207894325256e-02 8.224608027376234531e-04 9.343506768345832825e-03 2.449645288288593292e-02 6.986956112086772919e-03 1.306502334773540497e-02 1.265924330800771713e-02 1.640185154974460602e-02 5.220395047217607498e-03 2.439288794994354248e-02 2.301618829369544983e-02 9.055094793438911438e-03 8.315953891724348068e-04 1.631259731948375702e-02 6.936866790056228638e-03 1.245751976966857910e-02 1.712707802653312683e-02 1.406526751816272736e-02 1.999859698116779327e-02 6.836308632045984268e-03 1.250490825623273849e-02 2.701343782246112823e-02 3.062142804265022278e-02 2.484098635613918304e-02 2.828106470406055450e-02 9.284481406211853027e-03 1.832964085042476654e-02 1.296891272068023682e-02 1.541522424668073654e-02 4.980428144335746765e-03 3.935025539249181747e-03 3.459774889051914215e-04 3.250016598030924797e-03 2.440043538808822632e-02 1.823290437459945679e-02 7.874710485339164734e-03 2.100721746683120728e-02 3.110904805362224579e-02 2.449402026832103729e-02 1.539620105177164078e-02 2.103749290108680725e-02 1.238930039107799530e-02 6.153576541692018509e-03 3.924354165792465210e-02 3.043772280216217041e-02 9.770964272320270538e-03 1.251615211367607117e-02 3.314188867807388306e-02 3.679255023598670959e-02 1.091428659856319427e-02 3.374313190579414368e-02 1.916317082941532135e-02 1.164770219475030899e-02 1.259917952120304108e-02 4.575709754135459661e-04 2.418451197445392609e-02 2.180700190365314484e-02 2.678758464753627777e-02 2.823457308113574982e-02 2.096165902912616730e-02 8.704899810254573822e-03 7.189649622887372971e-03 7.971045561134815216e-03 3.505431860685348511e-02 2.614645753055810928e-03 3.104670345783233643e-02 1.222464023157954216e-03 2.148591540753841400e-02 2.216831594705581665e-02 2.375174872577190399e-02 3.037786297500133514e-02 2.684221230447292328e-02 1.532718446105718613e-02
2.606544829905033112e-02 2.846978977322578430e-02 8.182964287698268890e-03 2.120764181017875671e-02 2.532912790775299072e-02 3.654864802956581116e-02 4.106061905622482300e-02 6.578959990292787552e-03 2.912359125912189484e-02 1.556446123868227005e-02 6.784682627767324448e-03 8.474701642990112305e-01 1.860857568681240082e-02 6.648080796003341675e-02 1.234900485724210739e-02 2.496466971933841705e-02 2.778577804565429688e-02 3.818778553977608681e-03 3.047673963010311127e-03 3.507919842377305031e-03 5.619746632874011993e-03 8.294639177620410919e-03 1.354350708425045013e-02 7.076427806168794632e-03 1.524754241108894348e-02 1.869919709861278534e-02 5.103002302348613739e-03 3.084927611052989960e-02 6.081446539610624313e-03 2.661515027284622192e-02 4.173564258962869644e-03 1.919382810592651367e-02 1.420307625085115433e-02 2.144398167729377747e-02 1.765193790197372437e-02 5.487366579473018646e-03 1.179730679723434150e-04 5.653035477735102177e-04 2.230969630181789398e-02 1.293592061847448349e-02 1.227993518114089966e-02 4.600200802087783813e-03 1.503832265734672546e-02 8.692125789821147919e-03 3.785675764083862305e-02 1.869417913258075714e-02 2.217025123536586761e-02 3.888403251767158508e-02 5.413115024566650391e-03 1.013717055320739746e-02 1.553778350353240967e-02 1.557162962853908539e-02 1.178727578371763229e-02 2.211353741586208344e-02 1.555902510881423950e-02 5.879892967641353607e-03 3.057427704334259033e-02 5.308860167860984802e-02 2.071511000394821167e-02 2.958649955689907074e-02 7.025226950645446777e-03 2.938073885161429644e-04 1.799217611551284790e-02 2.138424664735794067e-02 1.240214891731739044e-02 1.927469111979007721e-02 1.441370043903589249e-02 9.772386401891708374e-03 3.122526220977306366e-02 4.010087344795465469e-03 4.316165298223495483e-02 1.195151265710592270e-02 3.467933833599090576e-02 2.120167203247547150e-02 4.171468690037727356e-02 4.354382865130901337e-03 2.632877230644226074e-02 3.090463206171989441e-02 1.661951281130313873e-02 6.113122217357158661e-03 1.323085837066173553e-02 7.756569888442754745e-03 5.706942640244960785e-03 1.624063774943351746e-02 1.436589006334543228e-02 1.913854666054248810e-02 1.236629299819469452e-02 1.035385578870773315e-02 3.280623257160186768e-02 4.446755722165107727e-02 2.338209189474582672e-02 2.443263772875070572e-03 4.730359464883804321e-02 1.029944792389869690e-02 7.186609320342540741e-03 1.546350959688425064e-02 8.691431721672415733e-04 5.608043167740106583e-03 4.120416473597288132e-03 1.123145781457424164e-02 1.120497006922960281e-02 2.377401571720838547e-03 1.108885044232010841e-03 8.017915301024913788e-03 1.596248522400856018e-02 1.653558202087879181e-02 2.808797638863325119e-03 2.218156866729259491e-02 9.567812085151672363e-03 4.588382691144943237e-02 2.075413987040519714e-02 4.019451327621936798e-03 3.553623100742697716e-03 5.774873774498701096e-03 5.666981451213359833e-03 1.078959275037050247e-02
3.779966011643409729e-02 4.229909554123878479e-02 2.364090643823146820e-02 1.388661842793226242e-02 7.298049051314592361e-03 3.203531354665756226e-02 2.581930346786975861e-02 3.480220586061477661e-02 3.388436743989586830e-03 8.088729344308376312e-03 3.838871791958808899e-02 1.860857568681240082e-02 8.474701642990112305e-01 1.344521436840295792e-02 4.344384744763374329e-02 2.683406136929988861e-02 1.754742674529552460e-02 8.571544662117958069e-03 5.267655476927757263e-03 1.809303276240825653e-02 2.228704653680324554e-02 3.476645797491073608e-02 3.091032616794109344e-02 2.493061125278472900e-02 1.195536833256483078e-02 2.343860454857349396e-02 2.533902414143085480e-02 1.413155114278197289e-03 1.783115230500698090e-02 5.153471603989601135e-03 3.819247335195541382e-02 1.363354083150625229e-02 2.517166547477245331e-03 1.821543648838996887e-02 2.376324409851804376e-04 1.331451069563627243e-02 1.463193073868751526e-02 2.853046730160713196e-02 2.205894095823168755e-03 7.029495667666196823e-03 2.173080481588840485e-02 1.634359732270240784e-02 3.375300019979476929e-02 8.347553084604442120e-04 1.879388000816106796e-03 4.362154286354780197e-03 3.387989476323127747e-02 3.099151141941547394e-02 1.466756686568260193e-02 1.343083940446376801e-02 1.351601444184780121e-02 1.170166488736867905e-02 1.562858000397682190e-02 2.876903116703033447e-02 3.147820942103862762e-03 9.033212700160220265e-05 1.292841788381338120e-02 1.418864168226718903e-02 1.166904531419277191e-02 2.695216611027717590e-02 5.811308044940233231e-03 1.460720226168632507e-02 9.038881398737430573e-04 5.318517796695232391e-03 2.158037759363651276e-02 4.067609459161758423e-02 1.881527155637741089e-02 2.423238754272460938e-02 1.319275237619876862e-02 1.586222089827060699e-02 1.426849886775016785e-02 1.196186430752277374e-02 1.490322407335042953e-02 1.393542531877756119e-02 9.783532470464706421e-03 6.395011674612760544e-03 2.593229338526725769e-02 1.200041547417640686e-02 1.614887267351150513e-02 2.506848610937595367e-02 2.625075541436672211e-02 2.673501148819923401e-02 1.131063047796487808e-02 2.663188613951206207e-02 8.278753957711160183e-04 7.079906761646270752e-03 3.438130393624305725e-02 3.642717003822326660e-02 1.074998173862695694e-03 1.122135668992996216e-02 2.915923483669757843e-02 2.749717608094215393e-02 2.966736443340778351e-02 2.850954979658126831e-02 4.504004318732768297e-04 3.796449862420558929e-03 1.387292891740798950e-02 5.567172076553106308e-03 2.036197297275066376e-02 1.747185923159122467e-02 2.083980664610862732e-02 2.924737706780433655e-02 1.760201528668403625e-02 8.806313388049602509e-03 9.253511205315589905e-03 1.039745192974805832e-02 2.096383273601531982e-02 6.150191184133291245e-03 2.193097583949565887e-02 1.110059767961502075e-02 2.644448541104793549e-02 1.939639076590538025e-02 2.595849893987178802e-02 3.035694919526576996e-02 1.513158157467842102e-02 1.063277758657932281e-02
