8.340934514999389648e-01 6.232504546642303467e-02 2.309178747236728668e-02 1.198390033096075058e-02 9.184218943119049072e-03 5.661479756236076355e-02 5.576543137431144714e-02 9.485350921750068665e-03 3.048608545213937759e-03 6.611441262066364288e-03 6.065137311816215515e-02 9.724338538944721222e-03 5.708951875567436218e-02 1.727479882538318634e-02 2.476119436323642731e-02 1.744825858622789383e-03 5.912383203394711018e-04 2.866508439183235168e-02 1.798601821064949036e-02 5.585502949543297291e-04 1.284324470907449722e-02 2.223275415599346161e-02 1.800742186605930328e-02 2.007261104881763458e-02 1.521268766373395920e-02 1.558978762477636337e-02 4.356553312391042709e-03 3.425370901823043823e-02 4.217474907636642456e-02 9.416064247488975525e-03 3.662452474236488342e-02 1.345398090779781342e-02 6.915576756000518799e-03 8.998701814562082291e-04 1.311338692903518677e-02 2.268641814589500427e-02 1.269298512488603592e-02 1.463294401764869690e-02 2.888056263327598572e-02 2.323806658387184143e-02 3.413412719964981079e-03 1.654393598437309265e-02 3.083286620676517487e-02 8.937482722103595734e-03 6.167336832731962204e-03 2.322144992649555206e-02 5.728102475404739380e-02 4.812396690249443054e-02 7.115935441106557846e-03 1.714053750038146973e-02 8.967619389295578003e-03 1.697807013988494873e-02 6.983014289289712906e-03 8.519781986251473427e-04 1.881854794919490814e-02 1.917202398180961609e-02 1.129844877868890762e-02 2.939511463046073914e-02 7.198954001069068909e-03 7.300307042896747589e-03 1.235596556216478348e-02 4.165551159530878067e-03 1.730230450630187988e-02 1.482813246548175812e-02 3.880337625741958618e-02 4.401681199669837952e-02 8.668756112456321716e-03 2.008273266255855560e-02 2.875442150980234146e-03 1.241208612918853760e-02 9.938561124727129936e-04 1.082400605082511902e-02 1.695830002427101135e-02 3.100979607552289963e-03 1.027566846460103989e-02 2.083309926092624664e-03 1.199963130056858063e-02 1.200297148898243904e-03 1.471502939239144325e-03 3.095126012340188026e-03 7.867298088967800140e-03 1.956629380583763123e-02 2.942072693258523941e-03 8.236608467996120453e-03 2.133412659168243408e-02 2.400319278240203857e-02 2.148597687482833862e-02 1.920395717024803162e-02 1.929853111505508423e-02 2.003245614469051361e-02 4.120209068059921265e-02 3.164137527346611023e-02 5.239318683743476868e-02 3.139754384756088257e-02 3.905947133898735046e-02 2.209857851266860962e-02 1.681811735033988953e-02 4.058261867612600327e-03 6.734841503202915192e-03 9.286187589168548584e-03 6.067353766411542892e-03 8.856362663209438324e-03 1.052814815193414688e-02 8.620029315352439880e-03 5.297702155075967312e-04 3.808237379416823387e-04 1.488612405955791473e-02 2.933853492140769958e-02 2.851022873073816299e-03 8.356256410479545593e-03 2.384045394137501717e-03 1.818571356125175953e-03 2.162276767194271088e-02 2.296653203666210175e-02 2.498137578368186951e-02 3.732764394953846931e-03
6.232504546642303467e-02 8.340934514999389648e-01 7.802007254213094711e-03 1.107582170516252518e-02 4.852256737649440765e-03 4.838903248310089111e-02 5.688466504216194153e-02 6.489510647952556610e-03 1.301269792020320892e-02 1.143656112253665924e-02 5.394691228866577148e-02 1.630917750298976898e-02 5.463097244501113892e-02 2.557836100459098816e-02 2.516375854611396790e-02 3.124054055660963058e-03 4.533278290182352066e-03 2.030588686466217041e-02 1.741454564034938812e-02 1.338299084454774857e-02 1.877878606319427490e-02 1.635246537625789642e-02 2.598638646304607391e-02 2.863148041069507599e-02 1.834112778306007385e-02 1.363673154264688492e-02 2.765127923339605331e-03 1.948585174977779388e-02 4.126682877540588379e-02 1.168637257069349289e-02 3.334902971982955933e-02 1.935591362416744232e-02 1.693394221365451813e-02 7.005481049418449402e-03 1.662156358361244202e-02 1.894350163638591766e-02 1.331296749413013458e-02 1.483675744384527206e-02 2.198643609881401062e-02 2.299053594470024109e-02 6.286224815994501114e-03 3.107295930385589600e-02 3.473334386944770813e-02 3.810158232226967812e-03 1.119226310402154922e-02 2.815176919102668762e-02 5.085091665387153625e-02 5.295244976878166199e-02 1.547089591622352600e-02 1.765733212232589722e-02 2.319081686437129974e-02 2.132155932486057281e-02 6.953306961804628372e-03 2.981682773679494858e-03 1.864120550453662872e-02 1.253182254731655121e-02 1.837084814906120300e-02 3.125638887286186218e-02 2.896902617067098618e-03 5.574598442763090134e-03 6.486224476248025894e-03 2.484232652932405472e-03 2.061006054282188416e-02 9.325072169303894043e-03 4.016974195837974548e-02 4.231383278965950012e-02 1.630787365138530731e-02 2.113582938909530640e-02 1.222378457896411419e-03 7.680809125304222107e-03 6.282988004386425018e-03 2.886870177462697029e-03 1.202968694269657135e-02 3.118825610727071762e-03 8.553183637559413910e-03 1.618237001821398735e-03 7.031918969005346298e-03 1.210653688758611679e-02 2.929392037913203239e-03 4.904161207377910614e-03 4.751870874315500259e-03 2.263979520648717880e-03 1.084942463785409927e-02 2.343249740079045296e-03 2.050929516553878784e-02 2.694636769592761993e-02 2.732057683169841766e-02 2.724267914891242981e-02 1.212349161505699158e-02 1.163474749773740768e-02 4.481648653745651245e-02 3.116628527641296387e-02 5.379770323634147644e-02 3.029817715287208557e-02 2.207097038626670837e-02 1.179276406764984131e-02 1.944603957235813141e-02 1.148903183639049530e-02 1.917728781700134277e-02 2.218778990209102631e-02 1.212387694977223873e-03 9.573808871209621429e-03 1.694196835160255432e-02 1.470850780606269836e-02 3.743140492588281631e-03 1.885385601781308651e-03 2.453639172017574310e-03 2.923986874520778656e-02 5.601744167506694794e-03 9.488121606409549713e-03 1.780714723281562328e-03 1.196001656353473663e-02 2.812026999890804291e-02 2.803713642060756683e-02 1.769230142235755920e-02 4.508316051214933395e-03
2.309178747236728668e-02 7.802007254213094711e-03 8.340934514999389648e-01 3.748161951079964638e-03 4.678515717387199402e-03 2.127063833177089691e-02 1.359092723578214645e-02 7.840717583894729614e-02 1.137248356826603413e-03 1.160949841141700745e-02 1.049715280532836914e-02 1.237677689641714096e-02 7.793010212481021881e-03 2.905388735234737396e-02 1.263066753745079041e-02 1.031934190541505814e-02 4.617641388904303312e-04 1.676544174551963806e-02 6.862631067633628845e-03 1.576717593707144260e-03 1.871548220515251160e-02 1.256074942648410797e-02 3.622494172304868698e-03 2.885238034650683403e-03 3.699996974319219589e-03 7.591744884848594666e-03 6.921836175024509430e-03 1.656801253557205200e-02 1.136927306652069092e-02 1.728135719895362854e-02 2.264093235135078430e-02 5.073876818642020226e-04 2.359314094064757228e-04 1.671754941344261169e-02 1.245958916842937469e-02 3.131737932562828064e-02 2.723664045333862305e-02 1.179085392504930496e-02 1.108306646347045898e-02 3.066667588427662849e-03 1.956475712358951569e-02 7.472421275451779366e-04 3.271382302045822144e-03 3.514624387025833130e-02 1.295998040586709976e-02 2.104359213262796402e-03 1.383384596556425095e-02 8.166374173015356064e-04 3.028253326192498207e-03 6.051753647625446320e-03 3.464867174625396729e-02 1.932588405907154083e-02 1.184077374637126923e-02 1.360830571502447128e-02 1.904296875000000000e-02 2.411078475415706635e-02 2.518969122320413589e-03 6.801230367273092270e-03 7.459409534931182861e-04 3.702316200360655785e-03 3.243124857544898987e-02 4.337184131145477295e-03 3.788590431213378906e-03 1.296079996973276138e-02 9.320458397269248962e-03 1.352343522012233734e-02 1.359763275831937790e-02 1.165440399199724197e-02 2.742876531556248665e-03 1.574521698057651520e-02 1.994615420699119568e-03 1.671083644032478333e-02 3.845342434942722321e-04 6.634294521063566208e-03 2.049390226602554321e-03 2.324774861335754395e-02 1.729247346520423889e-02 1.019367016851902008e-02 1.708870753645896912e-02 1.968120923265814781e-03 7.376472651958465576e-02 8.438073098659515381e-02 5.183267407119274139e-03 1.757679320871829987e-02 5.465693306177854538e-03 3.447980154305696487e-03 2.686562389135360718e-02 2.390743233263492584e-02 2.641962841153144836e-03 7.580282632261514664e-03 1.408213190734386444e-02 7.154589984565973282e-03 2.168304286897182465e-02 5.890495609492063522e-03 2.354134991765022278e-02 4.634438455104827881e-02 1.672579906880855560e-02 5.426875315606594086e-03 1.841670460999011993e-02 2.385675907135009766e-02 1.774061657488346100e-02 7.598947267979383469e-03 1.832944527268409729e-02 2.339537814259529114e-02 1.209649723023176193e-02 1.037467457354068756e-02 1.723629981279373169e-02 1.863461686298251152e-03 4.338443744927644730e-03 7.139631081372499466e-03 2.335107699036598206e-02 2.582864463329315186e-02 1.593812555074691772e-02 1.102970261126756668e-02 1.211435347795486450e-02 1.065855100750923157e-02
1.198390033096075058e-02 1.107582170516252518e-02 3.748161951079964638e-03 8.340934514999389648e-01 7.845564186573028564e-02 4.581458400934934616e-03 6.071283947676420212e-03 1.882092468440532684e-02 1.104256603866815567e-02 1.367517374455928802e-02 1.366990897804498672e-02 3.071892540901899338e-03 1.360445842146873474e-02 4.021089524030685425e-03 7.561841513961553574e-03 1.091678533703088760e-02 4.703288432210683823e-03 2.058075927197933197e-02 1.392725668847560883e-02 1.915168762207031250e-02 9.077861905097961426e-03 3.151518525555729866e-03 1.170842349529266357e-02 1.343810185790061951e-02 9.710766375064849854e-03 2.334130927920341492e-02 9.429475292563438416e-03 1.590648666024208069e-03 1.373906340450048447e-02 1.287225075066089630e-02 1.927652582526206970e-02 1.096361223608255386e-02 2.183912135660648346e-02 1.247335039079189301e-02 3.594953566789627075e-02 1.002102904021739960e-02 1.401116698980331421e-02 1.185335312038660049e-02 5.506920069456100464e-02 4.596252366900444031e-02 1.354281790554523468e-02 1.910194940865039825e-02 2.272028475999832153e-02 1.311198994517326355e-02 3.576715243980288506e-04 7.904745871201157570e-04 1.008900906890630722e-02 1.221492979675531387e-02 2.378941327333450317e-02 1.389290206134319305e-02 1.642499864101409912e-02 2.532918751239776611e-02 1.118788681924343109e-02 8.200843818485736847e-03 1.908806897699832916e-02 1.269173715263605118e-02 1.113540213555097580e-02 1.486995816230773926e-02 2.939611300826072693e-02 1.443440280854701996e-02 3.086207248270511627e-02 2.330567128956317902e-02 2.445422485470771790e-02 4.716956615447998047e-02 6.941079162061214447e-03 1.111733634024858475e-02 8.010479621589183807e-03 5.308404099196195602e-03 3.620170056819915771e-02 4.231247119605541229e-03 3.153026103973388672e-02 1.327174436300992966e-02 6.422948837280273438e-02 9.866810403764247894e-03 3.949654102325439453e-02 1.846248656511306763e-02 1.880503445863723755e-02 1.667739450931549072e-02 5.545910913497209549e-03 1.780374534428119659e-02 3.750580071937292814e-04 1.109647937119007111e-02 5.358820408582687378e-02 2.838128991425037384e-02 2.146007306873798370e-02 2.058429084718227386e-02 8.370241150259971619e-03 2.905523637309670448e-03 3.271448612213134766e-02 1.419184496626257896e-03 1.682096906006336212e-02 2.114471513777971268e-03 1.596467569470405579e-02 1.059578638523817062e-02 2.881347760558128357e-02 1.062657777220010757e-02 5.277937278151512146e-03 4.349677357822656631e-03 2.208973094820976257e-02 1.884844154119491577e-02 7.210168056190013885e-03 2.449893392622470856e-02 5.907785147428512573e-03 7.598916068673133850e-03 2.032893709838390350e-03 1.469581946730613708e-02 9.196289815008640289e-03 7.759985979646444321e-03 3.757371101528406143e-03 1.961790211498737335e-02 6.454012822359800339e-03 1.691910624504089355e-02 2.797627076506614685e-02 2.281036041676998138e-02 6.031928118318319321e-03 1.052151527255773544e-02
9.184218943119049072e-03 4.852256737649440765e-03 4.678515717387199402e-03 7.845564186573028564e-02 8.340934514999389648e-01 4.465369042009115219e-03 4.449181724339723587e-03 2.142027951776981354e-02 8.955784142017364502e-03 1.174108870327472687e-02 1.228549424558877945e-02 6.497800350189208984e-03 1.126953493803739548e-02 3.412475110962986946e-03 2.290819399058818817e-02 1.657082140445709229e-02 1.286297570914030075e-02 1.313019450753927231e-02 2.260462194681167603e-02 1.924363337457180023e-02 2.229166915640234947e-03 6.015842314809560776e-03 9.671251755207777023e-04 1.640429109102115035e-04 6.547033321112394333e-03 1.328433584421873093e-02 1.497910078614950180e-02 2.296778373420238495e-02 1.607492333278059959e-03 2.837959676980972290e-02 1.088604517281055450e-02 1.070602145045995712e-02 1.000970602035522461e-02 1.737729087471961975e-02 2.762860059738159180e-02 1.089255418628454208e-02 1.230903156101703644e-02 2.952998504042625427e-03 5.388877540826797485e-02 6.007402762770652771e-02 2.411670982837677002e-03 5.329065956175327301e-03 1.019278820604085922e-02 1.012784428894519806e-02 2.420237055048346519e-03 1.666127145290374756e-02 7.530206348747014999e-03 6.095256656408309937e-03 1.480886805802583694e-02 4.170896951109170914e-03 2.097646519541740417e-02 1.626069284975528717e-02 2.310263179242610931e-02 2.091818861663341522e-02 1.437052059918642044e-02 1.130385603755712509e-02 3.824472660198807716e-03 5.325431004166603088e-03 3.822282701730728149e-02 2.160547301173210144e-02 2.543729171156883240e-02 2.660353109240531921e-02 2.275439724326133728e-02 3.333163261413574219e-02 7.200265303254127502e-03 1.314061880111694336e-02 3.260593861341476440e-03 4.056982230395078659e-03 3.110680542886257172e-02 5.613970570266246796e-03 2.924640476703643799e-02 8.712043985724449158e-03 5.906582623720169067e-02 8.578182314522564411e-04 4.574725404381752014e-02 9.134191088378429413e-03 1.184868905693292618e-02 1.457531750202178955e-02 1.155895460397005081e-02 1.596226170659065247e-02 5.021082237362861633e-03 1.686839573085308075e-02 6.109745427966117859e-02 4.377448931336402893e-02 2.390624955296516418e-02 8.179948665201663971e-03 1.801570318639278412e-02 1.221067924052476883e-02 3.308635577559471130e-02 7.047204300761222839e-03 2.037816867232322693e-02 3.825236111879348755e-03 2.008458040654659271e-02 5.811605136841535568e-03 3.504611924290657043e-02 1.371793262660503387e-02 1.106408145278692245e-02 5.508762318640947342e-03 9.170485660433769226e-03 7.715488784015178680e-03 5.504625733010470867e-05 1.812747865915298462e-02 5.217507947236299515e-03 8.212226442992687225e-03 1.038363855332136154e-02 2.188774570822715759e-02 1.391509920358657837e-02 7.270127534866333008e-03 9.647433646023273468e-03 1.479852199554443359e-02 1.331649348139762878e-02 2.671007066965103149e-02 1.699901930987834930e-02 7.918211631476879120e-03 2.936984179541468620e-03 3.596405731514096260e-03
5.661479756236076355e-02 4.838903248310089111e-02 2.127063833177089691e-02 4.581458400934934616e-03 4.465369042009115219e-03 8.340934514999389648e-01 5.534852668642997742e-02 4.681605845689773560e-03 1.095239445567131042e-02 7.131938822567462921e-03 4.341888427734375000e-02 1.481886859983205795e-02 4.432255029678344727e-02 7.473114877939224243e-03 1.694145612418651581e-02 6.011312827467918396e-03 1.018724776804447174e-02 2.185919508337974548e-02 1.826422102749347687e-02 2.146717393770813942e-03 1.405706536024808884e-02 1.918084174394607544e-02 5.263990256935358047e-03 3.235238371416926384e-03 1.786095835268497467e-02 1.559415273368358612e-02 1.715790294110774994e-02 2.842481248080730438e-02 3.768064081668853760e-02 2.286971919238567352e-02 3.286263346672058105e-02 2.230178751051425934e-02 1.933260937221348286e-04 7.363877375610172749e-04 7.383290212601423264e-03 2.483212947845458984e-02 2.276734821498394012e-02 5.803707521408796310e-03 1.361902803182601929e-02 1.060318388044834137e-02 2.458611503243446350e-02 1.046380121260881424e-02 2.641667239367961884e-02 1.370151527225971222e-02 1.672016107477247715e-03 1.550126262009143829e-02 6.302037835121154785e-02 5.204619094729423523e-02 1.169473025947809219e-02 1.874129101634025574e-02 7.483363151550292969e-03 1.274962909519672394e-02 7.680353708565235138e-03 1.050722878426313400e-02 6.866301875561475754e-03 1.754372264258563519e-03 1.293001044541597366e-02 2.756965905427932739e-02 1.289112493395805359e-03 2.588866092264652252e-02 2.390540018677711487e-02 1.189603004604578018e-02 1.398314815014600754e-02 1.594448834657669067e-02 3.552548587322235107e-02 3.706001117825508118e-02 2.163272351026535034e-02 2.355179935693740845e-02 1.192536111921072006e-02 2.491156756877899170e-02 9.742348454892635345e-03 2.629394643008708954e-02 5.728846415877342224e-03 1.188433635979890823e-02 2.329816576093435287e-03 1.784609071910381317e-02 1.149924378842115402e-02 1.149567402899265289e-02 1.253190450370311737e-02 1.444268506020307541e-02 8.907447569072246552e-03 2.671048231422901154e-02 6.269913166761398315e-03 1.756888814270496368e-03 2.029907703399658203e-02 2.852485701441764832e-02 1.462240889668464661e-02 1.809085346758365631e-02 1.875464618206024170e-02 3.114129602909088135e-02 2.815790660679340363e-02 3.658560290932655334e-02 4.935722798109054565e-02 3.561541065573692322e-02 2.440222166478633881e-02 2.235595509409904480e-02 2.102587185800075531e-02 2.067546732723712921e-02 2.042721258476376534e-03 2.618130529299378395e-03 8.539992384612560272e-03 4.577750340104103088e-03 1.557596027851104736e-02 7.694719359278678894e-03 4.576766863465309143e-03 4.202371463179588318e-03 1.499195210635662079e-02 2.127480134367942810e-02 5.294028087519109249e-04 1.964264176785945892e-02 1.205216720700263977e-02 2.193112857639789581e-03 1.697385124862194061e-02 1.825143210589885712e-02 2.030649594962596893e-02 3.460941370576620102e-03
5.576543137431144714e-02 5.688466504216194153e-02 1.359092723578214645e-02 6.071283947676420212e-03 4.449181724339723587e-03 5.534852668642997742e-02 8.340934514999389648e-01 5.722014699131250381e-03 1.731292461045086384e-03 2.680129138752818108e-03 5.045441538095474243e-02 7.981956005096435547e-03 5.224417522549629211e-02 2.252939529716968536e-02 2.031075209379196167e-02 6.411630660295486450e-03 6.967000197619199753e-03 2.484901249408721924e-02 7.398775778710842133e-03 2.385286847129464149e-03 2.326414361596107483e-02 1.333520002663135529e-02 1.342730131000280380e-02 1.126714330166578293e-02 2.035565860569477081e-02 1.707946881651878357e-02 1.586800673976540565e-03 2.763067558407783508e-02 3.636754304170608521e-02 2.277155220508575439e-02 2.761343680322170258e-02 1.880143210291862488e-02 5.447115749120712280e-03 6.168619263917207718e-03 1.910227350890636444e-02 1.936176046729087830e-02 1.951969414949417114e-02 8.686385117471218109e-03 1.791066117584705353e-02 1.467624865472316742e-02 1.486370526254177094e-02 2.473459206521511078e-02 3.351918980479240417e-02 9.236495941877365112e-03 6.084870081394910812e-03 2.934748493134975433e-02 5.144087597727775574e-02 6.036506593227386475e-02 1.205302309244871140e-02 1.908929459750652313e-02 2.105655707418918610e-02 2.081865631043910980e-02 4.600572865456342697e-03 9.081971831619739532e-03 1.420532260090112686e-02 3.757618134841322899e-03 1.396484486758708954e-02 3.050044924020767212e-02 7.666752790100872517e-04 1.501144561916589737e-02 1.396670844405889511e-02 5.826388020068407059e-03 2.485954761505126953e-02 1.302479673177003860e-02 4.076243564486503601e-02 3.888566792011260986e-02 1.882608234882354736e-02 2.579995058476924896e-02 1.110270526260137558e-02 1.691495068371295929e-02 5.399581510573625565e-03 1.904366351664066315e-02 3.545892424881458282e-03 5.133798345923423767e-03 1.729549258016049862e-03 7.245414890348911285e-03 1.121457666158676147e-02 2.009685849770903587e-03 4.309458192437887192e-03 6.571899633854627609e-03 4.066458437591791153e-03 1.554966531693935394e-02 2.914353972300887108e-03 1.006040908396244049e-02 2.297848835587501526e-02 3.037950210273265839e-02 1.229751762002706528e-02 2.325734682381153107e-02 2.421739883720874786e-02 2.193477191030979156e-02 3.351162374019622803e-02 3.642143309116363525e-02 5.493725463747978210e-02 3.020399436354637146e-02 1.423973869532346725e-02 1.153169292956590652e-02 2.090730145573616028e-02 1.303756516426801682e-02 1.683450676500797272e-02 1.425493601709604263e-02 4.642742278520017862e-04 5.748304072767496109e-03 5.214086733758449554e-03 3.621537471190094948e-03 2.407157793641090393e-03 7.573592476546764374e-03 8.622789755463600159e-03 2.394211664795875549e-02 2.785290824249386787e-03 1.558518223464488983e-02 2.418961143121123314e-03 4.219021648168563843e-04 2.000598981976509094e-02 2.640465274453163147e-02 2.201348356902599335e-02 4.680202808231115341e-03
9.485350921750068665e-03 6.489510647952556610e-03 7.840717583894729614e-02 1.882092468440532684e-02 2.142027951776981354e-02 4.681605845689773560e-03 5.722014699131250381e-03 8.340934514999389648e-01 2.117587812244892120e-02 1.166150788776576519e-03 3.341805655509233475e-03 1.447268947958946228e-02 1.403211522847414017e-02 3.379388479515910149e-03 3.804360330104827881e-02 1.199557352811098099e-02 9.461506269872188568e-03 3.426899202167987823e-03 8.604588918387889862e-03 2.652097959071397781e-03 1.714355871081352234e-02 1.533235609531402588e-02 1.521991472691297531e-02 1.363301184028387070e-02 4.355209413915872574e-03 1.797929778695106506e-02 1.197378616780042648e-02 2.069109119474887848e-02 7.629015948623418808e-03 1.282931584864854813e-02 1.983016729354858398e-02 1.453927159309387207e-02 4.108847933821380138e-04 1.903060451149940491e-02 9.012761525809764862e-03 1.217071339488029480e-02 6.819592323154211044e-03 5.323889665305614471e-03 5.805104039609432220e-03 5.556683056056499481e-03 2.794393338263034821e-03 1.188050024211406708e-02 6.140923127532005310e-03 3.120575658977031708e-02 2.191004343330860138e-02 2.736875787377357483e-02 6.880135741084814072e-03 1.199162565171718597e-02 3.018465638160705566e-02 1.064250897616147995e-02 2.356328256428241730e-02 9.406300261616706848e-03 1.992660108953714371e-04 5.915820598602294922e-03 1.016890071332454681e-02 9.466894902288913727e-03 7.716348627582192421e-04 1.919804513454437256e-02 7.294539827853441238e-04 1.830015215091407299e-03 1.533169392496347427e-02 2.263171970844268799e-02 4.770134575664997101e-03 1.427712664008140564e-02 9.214273653924465179e-03 9.812097065150737762e-03 1.756923086941242218e-02 1.924069598317146301e-02 1.728013716638088226e-02 7.337928283959627151e-03 2.496622502803802490e-02 9.464832022786140442e-03 2.330038323998451233e-02 7.954163476824760437e-03 2.382970042526721954e-02 2.109721302986145020e-02 1.374130975455045700e-02 8.641830645501613617e-03 2.267777360975742340e-02 1.840749406255781651e-03 8.220648765563964844e-02 8.098301291465759277e-02 1.836666779126971960e-04 1.452905032783746719e-02 1.725569181144237518e-02 1.584381796419620514e-02 5.094069987535476685e-02 3.786060959100723267e-02 7.401783019304275513e-03 1.961927395313978195e-03 9.448491968214511871e-03 1.101592835038900375e-02 5.186461843550205231e-03 4.633817821741104126e-03 2.118295989930629730e-02 4.088160768151283264e-02 9.673714521341025829e-04 8.126720786094665527e-03 1.399980857968330383e-02 2.431162260472774506e-02 1.095156464725732803e-02 2.770072314888238907e-03 2.148304367437958717e-03 5.452568177133798599e-03 1.582941785454750061e-02 2.016648463904857635e-02 1.506601460278034210e-02 2.306520938873291016e-02 1.259789569303393364e-03 1.806612010113894939e-03 8.387761772610247135e-04 1.436265558004379272e-02 1.175818685442209244e-02 1.833104342222213745e-02 1.236504316329956055e-02 1.968403160572052002e-02
3.048608545213937759e-03 1.301269792020320892e-02 1.137248356826603413e-03 1.104256603866815567e-02 8.955784142017364502e-03 1.095239445567131042e-02 1.731292461045086384e-03 2.117587812244892120e-02 8.340934514999389648e-01 4.250079393386840820e-02 7.429264020174741745e-03 3.987247869372367859e-02 5.892710760235786438e-03 2.227596379816532135e-02 7.294071372598409653e-03 1.067999470978975296e-02 3.004630468785762787e-02 3.453829884529113770e-02 2.968166489154100418e-03 1.200608257204294205e-02 1.977431355044245720e-03 2.742049843072891235e-02 3.656966984272003174e-02 2.748331241309642792e-02 5.112347193062305450e-03 1.632097922265529633e-02 2.005622908473014832e-02 1.802337239496409893e-03 5.343846045434474945e-03 2.965466864407062531e-02 1.661912028794176877e-05 2.230863086879253387e-02 1.270128600299358368e-02 2.214593999087810516e-02 1.419292017817497253e-02 1.818263344466686249e-02 1.445932779461145401e-02 1.079318486154079437e-02 7.306450512260198593e-03 3.820841666311025620e-03 3.969530574977397919e-03 3.691703081130981445e-02 2.476567402482032776e-02 6.647977046668529510e-03 3.424327075481414795e-02 1.004094164818525314e-02 8.825678960420191288e-04 1.504427753388881683e-03 3.797226026654243469e-02 2.568405866622924805e-02 2.226768806576728821e-02 1.699888519942760468e-02 2.310065925121307373e-02 1.531963143497705460e-02 4.542918875813484192e-02 2.110819704830646515e-02 1.284971926361322403e-02 5.340238101780414581e-03 1.830895803868770599e-02 2.376737631857395172e-02 3.897498175501823425e-02 1.568755134940147400e-02 1.066769659519195557e-02 5.807409062981605530e-03 1.225859206169843674e-02 1.194575801491737366e-03 1.060446351766586304e-02 1.276159659028053284e-03 3.604741021990776062e-02 2.457237616181373596e-02 7.323811296373605728e-03 1.029706746339797974e-02 8.187791332602500916e-03 3.196116909384727478e-02 1.021842937916517258e-02 8.849653531797230244e-04 6.358852982521057129e-02 4.503322020173072815e-02 4.873041063547134399e-02 2.482278831303119659e-02 2.768748998641967773e-02 5.350762512534856796e-03 3.104584664106369019e-02 1.758348755538463593e-02 1.214728876948356628e-02 1.226051431149244308e-02 2.769883722066879272e-02 1.011556573212146759e-02 3.702114522457122803e-02 4.221819341182708740e-03 1.828265562653541565e-02 9.439952671527862549e-03 1.094272825866937637e-02 8.406682871282100677e-03 2.187926555052399635e-03 2.288224641233682632e-03 1.772634312510490417e-02 1.200501155108213425e-02 3.781579062342643738e-02 3.065736405551433563e-02 1.076071429997682571e-02 7.691639009863138199e-03 3.808847395703196526e-03 1.349795423448085785e-02 1.396169327199459076e-02 1.987277902662754059e-02 2.789471996948122978e-03 1.520548202097415924e-02 1.784720458090305328e-02 5.342058371752500534e-03 2.651816233992576599e-02 6.975401192903518677e-03 1.689190044999122620e-02 2.151471935212612152e-02 3.662308678030967712e-02 2.611554414033889771e-02
6.611441262066364288e-03 1.143656112253665924e-02 1.160949841141700745e-02 1.367517374455928802e-02 1.174108870327472687e-02 7.131938822567462921e-03 2.680129138752818108e-03 1.166150788776576519e-03 4.250079393386840820e-02 8.340934514999389648e-01 1.497755385935306549e-02 1.472203526645898819e-03 1.283899974077939987e-02 2.298492752015590668e-02 4.136341158300638199e-03 1.421127747744321823e-02 2.967976592481136322e-02 1.050636544823646545e-02 4.547499865293502808e-02 8.016877807676792145e-03 9.198660962283611298e-03 1.381893642246723175e-02 1.243280805647373199e-02 2.230526320636272430e-02 2.672062255442142487e-03 6.133525632321834564e-03 1.209207810461521149e-02 1.348107401281595230e-02 8.207972161471843719e-03 1.186069799587130547e-03 4.485139157623052597e-03 4.186155740171670914e-03 2.717321366071701050e-02 1.909958198666572571e-02 2.946789748966693878e-02 2.755759051069617271e-03 7.838760502636432648e-03 7.418472319841384888e-03 1.147119514644145966e-02 2.710305387154221535e-03 7.948406971991062164e-03 1.896047033369541168e-02 1.702609285712242126e-02 8.355616591870784760e-03 4.788521211594343185e-03 3.407800802960991859e-03 9.090168401598930359e-03 3.245641710236668587e-03 1.238241698592901230e-02 4.050124809145927429e-02 1.549336500465869904e-02 8.544216863811016083e-03 2.856912836432456970e-02 2.876731194555759430e-02 9.058761410415172577e-03 5.222620069980621338e-02 6.458245683461427689e-03 2.263144031167030334e-02 3.645085915923118591e-02 4.265922680497169495e-02 7.389512378722429276e-03 3.278094902634620667e-02 2.206058986485004425e-02 2.462902851402759552e-02 1.035364437848329544e-02 9.833164513111114502e-03 2.157341875135898590e-02 1.316483877599239349e-02 2.558140456676483154e-02 2.218203432857990265e-02 2.860027551651000977e-02 2.031668834388256073e-02 8.953518234193325043e-03 1.772719249129295349e-02 2.021289803087711334e-02 1.747340522706508636e-02 2.598311007022857666e-02 6.137791648507118225e-02 2.725725807249546051e-02 7.544215023517608643e-02 1.048488542437553406e-02 1.454439479857683182e-03 6.756674032658338547e-03 4.568405449390411377e-02 1.990152988582849503e-03 5.304289516061544418e-03 1.645775698125362396e-02 1.595406793057918549e-02 5.942929419688880444e-04 4.953953251242637634e-02 1.402798481285572052e-02 9.581254795193672180e-03 1.334098726511001587e-02 1.618757285177707672e-02 1.929688081145286560e-02 2.106131613254547119e-02 1.393582578748464584e-02 1.262935344129800797e-02 2.386610954999923706e-02 2.317905798554420471e-02 7.402482442557811737e-03 9.747298434376716614e-03 4.340529907494783401e-03 1.698146015405654907e-02 2.290575020015239716e-02 2.616223320364952087e-02 1.903065363876521587e-03 9.401939809322357178e-03 1.702345348894596100e-02 1.028479449450969696e-02 9.572887793183326721e-03 5.590408574789762497e-03 5.280612967908382416e-03 7.253474090248346329e-03 3.743453323841094971e-02 1.730355247855186462e-02
6.065137311816215515e-02 5.394691228866577148e-02 1.049715280532836914e-02 1.366990897804498672e-02 1.228549424558877945e-02 4.341888427734375000e-02 5.045441538095474243e-02 3.341805655509233475e-03 7.429264020174741745e-03 1.497755385935306549e-02 8.340934514999389648e-01 6.550714373588562012e-03 5.851123481988906860e-02 1.121249701827764511e-02 2.627115510404109955e-02 1.174567732959985733e-02 1.751488191075623035e-03 2.534084580838680267e-02 3.904491430148482323e-03 1.371075748465955257e-03 8.511208929121494293e-03 2.004772238433361053e-02 1.518500503152608871e-02 1.417845021933317184e-02 1.024958305060863495e-02 6.761274766176939011e-03 3.584766527637839317e-03 2.440638467669487000e-02 3.991048783063888550e-02 1.013469137251377106e-02 3.062895312905311584e-02 7.793960161507129669e-03 8.813742548227310181e-03 4.639338236302137375e-03 1.199299562722444534e-02 1.187173649668693542e-02 6.168266758322715759e-03 1.686926744878292084e-02 2.687728777527809143e-02 2.790665999054908752e-02 3.189404960721731186e-03 1.580959744751453400e-02 2.430509217083454132e-02 1.675809035077691078e-03 1.149813272058963776e-02 1.597452163696289062e-02 4.765861108899116516e-02 4.289041087031364441e-02 7.284858729690313339e-03 7.465634029358625412e-03 2.095379866659641266e-02 2.342407405376434326e-02 1.314536761492490768e-02 4.206258803606033325e-03 2.513277903199195862e-02 2.467281557619571686e-02 7.820826023817062378e-03 2.282529883086681366e-02 2.033736929297447205e-02 5.959852598607540131e-03 4.883707966655492783e-03 1.373700797557830811e-02 2.081463672220706940e-02 1.069332845509052277e-02 4.881324991583824158e-02 4.923514276742935181e-02 1.487712608650326729e-03 1.454081758856773376e-02 3.268119879066944122e-03 1.835208758711814880e-02 6.573846563696861267e-03 1.930997520685195923e-02 1.303908973932266235e-02 7.048345170915126801e-03 6.352659314870834351e-03 7.291241083294153214e-03 7.960917428135871887e-03 1.205300260335206985e-02 9.046963416039943695e-03 4.762777127325534821e-03 4.554658880806528032e-05 1.141819078475236893e-02 9.158618748188018799e-03 2.063296362757682800e-02 1.441526226699352264e-02 1.753447391092777252e-02 3.148975595831871033e-02 2.234297059476375580e-02 2.057248912751674652e-02 8.322923444211483002e-03 3.641645982861518860e-02 3.689208999276161194e-02 4.854087159037590027e-02 3.798848390579223633e-02 2.322971075773239136e-02 2.052048780024051666e-02 2.588312886655330658e-02 3.332253079861402512e-03 1.550070941448211670e-02 1.310403179377317429e-02 8.382558822631835938e-03 8.590055629611015320e-03 1.603182405233383179e-02 7.881932891905307770e-03 3.723205300047993660e-03 6.956093711778521538e-04 1.898160204291343689e-02 3.597063943743705750e-02 8.544801734387874603e-03 9.438524022698402405e-03 7.266376167535781860e-03 7.184566464275121689e-03 1.563480682671070099e-02 1.972843706607818604e-02 1.946185529232025146e-02 7.792168762534856796e-03
9.724338538944721222e-03 1.630917750298976898e-02 1.237677689641714096e-02 3.071892540901899338e-03 6.497800350189208984e-03 1.481886859983205795e-02 7.981956005096435547e-03 1.447268947958946228e-02 3.987247869372367859e-02 1.472203526645898819e-03 6.550714373588562012e-03 8.340934514999389648e-01 9.141048416495323181e-03 5.767111480236053467e-02 9.003756567835807800e-03 2.475342713296413422e-02 2.409732714295387268e-02 6.898200605064630508e-03 4.569336771965026855e-02 1.814224570989608765e-02 1.281313039362430573e-02 1.496264804154634476e-02 3.977311775088310242e-02 3.055299632251262665e-02 2.402178756892681122e-02 1.933586783707141876e-02 1.429565902799367905e-02 1.300114858895540237e-02 1.266089733690023422e-02 7.989042438566684723e-03 9.828528389334678650e-03 3.975876793265342712e-02 1.135503314435482025e-02 2.694647759199142456e-02 3.012131899595260620e-03 3.779831156134605408e-02 2.834381163120269775e-02 3.388319630175828934e-03 3.484185785055160522e-03 4.341217223554849625e-03 1.465501915663480759e-02 2.772350795567035675e-02 2.046841382980346680e-02 2.290433645248413086e-02 4.171471297740936279e-02 1.702747307717800140e-02 1.486304588615894318e-02 2.006266731768846512e-03 1.878728717565536499e-02 1.101927552372217178e-02 1.022599451243877411e-02 1.384842209517955780e-02 1.322723831981420517e-02 1.558377407491207123e-02 1.552070304751396179e-02 1.845167763531208038e-02 2.833895385265350342e-02 2.106611849740147591e-03 5.821506492793560028e-03 3.827936016023159027e-03 1.370691787451505661e-02 2.089309319853782654e-02 1.577725633978843689e-02 8.263384923338890076e-03 2.338753268122673035e-02 1.081287581473588943e-02 1.598818786442279816e-02 2.041459083557128906e-02 9.199323132634162903e-03 1.827863417565822601e-02 9.298793971538543701e-03 2.870540134608745575e-03 1.053566113114356995e-02 3.306686878204345703e-02 1.742360997013747692e-03 2.194181084632873535e-03 3.718186542391777039e-02 2.099140919744968414e-02 1.781120896339416504e-02 2.704269252717494965e-02 2.147876471281051636e-02 7.778930943459272385e-03 2.344227582216262817e-02 1.192233897745609283e-02 3.832689672708511353e-02 3.133825585246086121e-02 2.454941906034946442e-02 1.301745045930147171e-02 2.900791913270950317e-02 2.628022991120815277e-02 3.116155974566936493e-02 3.094009589403867722e-04 2.138055674731731415e-02 1.026525255292654037e-02 1.455345889553427696e-03 1.482763676904141903e-03 1.751884585246443748e-03 9.093776345252990723e-03 2.324753813445568085e-02 2.541138231754302979e-02 1.709755323827266693e-02 2.547470293939113617e-02 5.294935312122106552e-03 3.291738685220479965e-03 4.282542970031499863e-03 4.143205471336841583e-03 1.193061936646699905e-02 2.466038428246974945e-02 1.459710113704204559e-02 1.115640345960855484e-02 2.268952876329421997e-02 3.553691785782575607e-03 2.724195271730422974e-02 2.619851194322109222e-02 3.243483603000640869e-02 9.166711010038852692e-03
5.708951875567436218e-02 5.463097244501113892e-02 7.793010212481021881e-03 1.360445842146873474e-02 1.126953493803739548e-02 4.432255029678344727e-02 5.224417522549629211e-02 1.403211522847414017e-02 5.892710760235786438e-03 1.283899974077939987e-02 5.851123481988906860e-02 9.141048416495323181e-03 8.340934514999389648e-01 1.394626777619123459e-02 3.454395011067390442e-02 2.927453489974141121e-03 1.220400561578571796e-03 2.290759235620498657e-02 8.628273382782936096e-03 1.293854136019945145e-02 1.670975051820278168e-02 3.312839195132255554e-02 2.116729132831096649e-02 2.267878875136375427e-02 1.433766260743141174e-02 4.606086760759353638e-03 1.981115341186523438e-02 2.636639960110187531e-02 3.289154544472694397e-02 1.793224364519119263e-02 3.558631613850593567e-02 1.900232024490833282e-02 8.061811095103621483e-04 1.006371341645717621e-03 1.241588313132524490e-02 1.000764220952987671e-02 4.574689548462629318e-03 1.088262628763914108e-02 2.593337930738925934e-02 2.658631280064582825e-02 1.564982812851667404e-03 1.909600384533405304e-02 2.861462906002998352e-02 8.480364456772804260e-03 1.669496484100818634e-02 2.258391864597797394e-02 4.815126955509185791e-02 5.529947206377983093e-02 1.971670053899288177e-02 2.142691612243652344e-02 1.556555740535259247e-02 1.339039858430624008e-02 3.085283562541007996e-03 8.880081586539745331e-03 1.341600716114044189e-02 1.133078522980213165e-02 2.009301912039518356e-03 2.200733870267868042e-02 1.445607095956802368e-02 6.169830914586782455e-03 1.346589345484972000e-02 1.275893417187035084e-03 1.563257537782192230e-02 1.063031796365976334e-02 4.866329580545425415e-02 4.515600576996803284e-02 1.299468055367469788e-02 1.945139095187187195e-02 1.351645495742559433e-02 2.110403962433338165e-02 7.553368341177701950e-03 2.512598410248756409e-02 1.021543797105550766e-02 5.176391452550888062e-03 1.022519916296005249e-02 1.929202675819396973e-02 1.020861417055130005e-02 1.040857192128896713e-02 9.909725748002529144e-03 3.778216778300702572e-04 3.441790817305445671e-03 8.798231137916445732e-04 8.845330448821187019e-04 6.204769946634769440e-03 2.794378250837326050e-02 2.810783311724662781e-02 2.757812663912773132e-02 3.316341713070869446e-02 2.188627794384956360e-02 7.464184891432523727e-03 4.387579858303070068e-02 4.195013269782066345e-02 5.014869943261146545e-02 3.765841946005821228e-02 1.839568838477134705e-02 8.393061347305774689e-03 1.280709076672792435e-02 1.615316234529018402e-02 8.667531423270702362e-03 1.266195345669984818e-02 4.267440235707908869e-04 2.166276826756075025e-04 1.270504575222730637e-02 7.266125641763210297e-03 1.484412979334592819e-02 5.786088295280933380e-03 6.338355131447315216e-03 3.294136002659797668e-02 1.410479890182614326e-03 1.682005450129508972e-02 2.508150413632392883e-03 5.318604409694671631e-03 2.438674122095108032e-02 2.741770073771476746e-02 1.440357789397239685e-02 1.626397296786308289e-02
