8.829131126403808594e-01 3.018334694206714630e-02 1.206600666046142578e-02 1.594806462526321411e-02 1.999050751328468323e-02 2.894736640155315399e-02 2.843818999826908112e-02 1.063052937388420105e-02 1.853005215525627136e-02 1.719104312360286713e-02 2.806371636688709259e-02 1.902356185019016266e-02 2.780339866876602173e-02 2.005564980208873749e-02 1.634066924452781677e-02 1.802716217935085297e-02 1.651709340512752533e-02 1.458911783993244171e-02 1.906353048980236053e-02 1.892671547830104828e-02 1.616526022553443909e-02 1.399022527039051056e-02 2.151231653988361359e-02 2.008832804858684540e-02 1.995714195072650909e-02 2.186433784663677216e-02 1.472371350973844528e-02 1.999779976904392242e-02 2.106995508074760437e-02 1.940099149942398071e-02 2.404013089835643768e-02 1.587012596428394318e-02 1.774839125573635101e-02 1.518601179122924805e-02 1.715039089322090149e-02 1.652379333972930908e-02 1.698827184736728668e-02 1.044654287397861481e-02 1.899967156350612640e-02 1.017299946397542953e-02 9.898078627884387970e-03 1.750918664038181305e-02 1.447041053324937820e-02 1.161913014948368073e-02 1.351914741098880768e-02 1.117586251348257065e-02 2.545927651226520538e-02 2.597072906792163849e-02 1.313811074942350388e-02 1.394716743379831314e-02 1.575563475489616394e-02 1.900188624858856201e-02 1.965524815022945404e-02 1.578901335597038269e-02 1.672116294503211975e-02 1.572592370212078094e-02 2.516076527535915375e-02 2.354942820966243744e-02 2.247464843094348907e-02 1.677780412137508392e-02 2.172582596540451050e-02 1.818767748773097992e-02 1.610637456178665161e-02 1.926921680569648743e-02 2.152498811483383179e-02 2.414293028414249420e-02 1.597075723111629486e-02 1.554324477910995483e-02 2.076708339154720306e-02 1.597740128636360168e-02 1.980686560273170471e-02 1.794686727225780487e-02 1.900726370513439178e-02 1.009499095380306244e-02 1.434879936277866364e-02 1.676123775541782379e-02 2.319230511784553528e-02 1.936590671539306641e-02 1.080542057752609253e-02 1.286731939762830734e-02 1.934172771871089935e-02 1.917140558362007141e-02 9.832568466663360596e-03 1.359185390174388885e-02 1.560269109904766083e-02 1.086893212050199509e-02 1.854006946086883545e-02 1.963223703205585480e-02 2.793717943131923676e-02 2.096907608211040497e-02 2.392110414803028107e-02 1.424979604780673981e-02 2.478596568107604980e-02 1.593020372092723846e-02 1.935737207531929016e-02 2.238643728196620941e-02 4.535475280135869980e-03 2.698990749195218086e-03 1.881015300750732422e-02 1.759706810116767883e-02 1.680579781532287598e-02 1.536489836871623993e-02 3.707605414092540741e-03 1.141665503382682800e-02 1.196883618831634521e-02 1.058478653430938721e-02 1.673318073153495789e-02 1.681885309517383575e-02 9.641228243708610535e-03 2.071874961256980896e-02 1.508936984464526176e-03 1.339969038963317871e-02 1.498491130769252777e-02 1.154096238315105438e-02 1.357192825525999069e-02 9.848379995673894882e-04
3.018334694206714630e-02 8.829131126403808594e-01 1.053453143686056137e-02 1.249911915510892868e-02 1.561884023249149323e-02 2.568064816296100616e-02 2.837147191166877747e-02 1.251222379505634308e-02 1.770189590752124786e-02 1.523952931165695190e-02 2.741364203393459320e-02 1.423132419586181641e-02 2.820610255002975464e-02 1.648003794252872467e-02 1.660040207207202911e-02 1.648201607167720795e-02 1.535150688141584396e-02 1.578718237578868866e-02 1.580737717449665070e-02 2.207727357745170593e-02 1.979786343872547150e-02 1.767087355256080627e-02 2.021903172135353088e-02 2.000096626579761505e-02 2.165254019200801849e-02 2.299758233129978180e-02 1.656513847410678864e-02 1.343959476798772812e-02 2.432369068264961243e-02 1.423145458102226257e-02 2.884500846266746521e-02 1.991314627230167389e-02 1.609064266085624695e-02 1.921134814620018005e-02 1.721208170056343079e-02 1.473049074411392212e-02 1.986680552363395691e-02 1.515806652605533600e-02 1.585984230041503906e-02 8.971990086138248444e-03 4.230851773172616959e-03 1.951326616108417511e-02 1.779946498572826385e-02 1.416742056608200073e-02 1.367044821381568909e-02 1.197703462094068527e-02 2.374493144452571869e-02 2.736889384686946869e-02 1.368632819503545761e-02 1.204952877014875412e-02 1.833587512373924255e-02 1.989720389246940613e-02 1.742142066359519958e-02 1.508986204862594604e-02 1.700679026544094086e-02 1.676368713378906250e-02 2.417475730180740356e-02 2.601214125752449036e-02 1.895118691027164459e-02 1.297185476869344711e-02 1.861226931214332581e-02 1.680298894643783569e-02 1.203064993023872375e-02 1.792458072304725647e-02 2.056462690234184265e-02 2.464546449482440948e-02 2.021487988531589508e-02 1.851483434438705444e-02 1.743164472281932831e-02 1.693472638726234436e-02 1.651825755834579468e-02 2.060878276824951172e-02 1.450916845351457596e-02 1.329468004405498505e-02 1.165756303817033768e-02 1.812376827001571655e-02 2.158331125974655151e-02 1.658410392701625824e-02 1.102261710911989212e-02 1.214028429239988327e-02 1.758132874965667725e-02 1.603914797306060791e-02 1.277268212288618088e-02 1.493769697844982147e-02 1.791626587510108948e-02 1.332601625472307205e-02 1.907674781978130341e-02 1.964350789785385132e-02 2.003933675587177277e-02 1.599565520882606506e-02 2.259550802409648895e-02 1.842311769723892212e-02 2.712219022214412689e-02 1.898864842951297760e-02 2.015219628810882568e-02 2.011191472411155701e-02 4.929782357066869736e-03 6.048761308193206787e-03 2.041023783385753632e-02 1.989986002445220947e-02 1.770580559968948364e-02 1.723161526024341583e-02 1.029761321842670441e-02 1.184100471436977386e-02 9.078922681510448456e-03 1.514404173940420151e-02 1.676726713776588440e-02 1.656230539083480835e-02 8.405053056776523590e-03 2.083127573132514954e-02 7.680897251702845097e-04 1.279256772249937057e-02 1.978229545056819916e-02 1.618603244423866272e-02 1.674251072108745575e-02 8.827283047139644623e-03
1.206600666046142578e-02 1.053453143686056137e-02 8.829131126403808594e-01 1.865455321967601776e-02 1.024044491350650787e-02 1.883724704384803772e-02 1.571174897253513336e-02 1.094763074070215225e-02 1.339737605303525925e-02 1.446999236941337585e-02 1.243612822145223618e-02 2.127040550112724304e-02 1.071985531598329544e-02 1.973694004118442535e-02 1.019131578505039215e-02 1.042809244245290756e-02 8.938259445130825043e-03 3.698435844853520393e-03 1.232581399381160736e-02 6.228450685739517212e-03 1.031912956386804581e-02 8.716345764696598053e-03 1.353651098906993866e-02 1.378303766250610352e-02 8.453703485429286957e-03 1.068968977779150009e-02 1.149944122880697250e-02 2.248469740152359009e-02 1.411316636949777603e-02 2.022186107933521271e-02 6.703425664454698563e-03 2.674171468243002892e-03 6.633160635828971863e-03 2.943824278190732002e-03 7.275453303009271622e-03 1.500262971967458725e-02 1.130949985235929489e-02 5.874797701835632324e-03 7.328340318053960800e-03 1.092768739908933640e-02 1.049233507364988327e-02 1.381471566855907440e-02 1.260525174438953400e-02 9.227282367646694183e-03 1.697449758648872375e-02 1.865566894412040710e-02 1.732979528605937958e-02 1.520694699138402939e-02 7.185378577560186386e-03 6.070839241147041321e-03 1.228774804621934891e-02 1.631238684058189392e-02 3.682309994474053383e-03 2.112775342538952827e-03 9.648390114307403564e-03 5.652551073580980301e-03 1.669704169034957886e-02 1.042922865599393845e-02 1.291280426084995270e-02 8.212734013795852661e-03 1.414737291634082794e-02 7.389659993350505829e-03 7.387417368590831757e-03 9.449193254113197327e-03 1.257405057549476624e-02 1.220561005175113678e-02 8.798168972134590149e-03 7.609860040247440338e-03 1.362031325697898865e-02 1.370753161609172821e-02 1.478305645287036896e-02 1.254757400602102280e-02 1.120992098003625870e-02 2.118881791830062866e-03 9.228183887898921967e-03 1.102497708052396774e-02 1.674857921898365021e-02 1.882376708090305328e-02 1.451913267374038696e-02 1.477636303752660751e-02 1.461386587470769882e-02 1.379615254700183868e-02 4.531642887741327286e-03 1.111057773232460022e-02 1.262736786156892776e-02 1.012282539159059525e-02 9.129399433732032776e-03 8.029030635952949524e-03 2.390512451529502869e-02 1.819991692900657654e-02 1.569860056042671204e-02 1.286409236490726471e-02 1.061431691050529480e-02 1.270164735615253448e-02 8.495536632835865021e-03 8.410797454416751862e-03 2.396897785365581512e-02 1.779392734169960022e-02 1.101143285632133484e-02 1.169721409678459167e-02 2.831182209774851799e-03 2.521027345210313797e-03 7.541573140770196915e-03 8.022255264222621918e-03 2.663809573277831078e-03 4.583387169986963272e-03 1.211284846067428589e-02 9.481971152126789093e-03 3.462993772700428963e-03 1.239579264074563980e-02 1.007750746794044971e-03 2.784105949103832245e-03 1.254273299127817154e-02 1.434527616947889328e-02 7.540440419688820839e-04 1.728267967700958252e-02
1.594806462526321411e-02 1.249911915510892868e-02 1.865455321967601776e-02 8.829131126403808594e-01 5.080223456025123596e-02 9.115698747336864471e-03 9.534392505884170532e-03 6.587856914848089218e-03 1.134470663964748383e-02 8.727247826755046844e-03 1.222122274339199066e-02 3.455998841673135757e-03 1.233367808163166046e-02 4.839658737182617188e-03 6.888300180435180664e-03 1.496615074574947357e-02 1.909686252474784851e-02 1.664169691503047943e-02 1.272790227085351944e-02 1.041078660637140274e-02 7.780340500175952911e-03 7.162335328757762909e-03 6.042790133506059647e-03 6.332771386951208115e-03 8.799149654805660248e-03 1.193812116980552673e-02 5.633599590510129929e-03 1.257592160254716873e-02 1.120554283261299133e-02 1.249566581100225449e-02 9.870165027678012848e-03 6.560189649462699890e-03 1.525624655187129974e-02 7.886836305260658264e-03 1.621553860604763031e-02 1.475607138127088547e-02 1.082366425544023514e-02 2.166433550883084536e-04 3.141253814101219177e-02 2.019830420613288879e-02 5.858459975570440292e-03 8.697546087205410004e-03 8.202699013054370880e-03 6.539319641888141632e-03 1.714990707114338875e-03 1.448082854039967060e-03 8.772199973464012146e-03 1.022125501185655594e-02 8.845788426697254181e-03 2.675144234672188759e-03 1.069902721792459488e-02 1.141948439180850983e-02 1.621428690850734711e-02 1.584056764841079712e-02 8.126807399094104767e-03 7.826294749975204468e-03 2.210911363363265991e-02 1.483763474971055984e-02 7.411036174744367599e-03 1.006814651191234589e-02 2.026011422276496887e-02 1.724347472190856934e-02 2.212672121822834015e-02 2.572710625827312469e-02 1.152669638395309448e-02 1.498108264058828354e-02 1.032646559178829193e-02 7.263036444783210754e-03 2.075914293527603149e-02 1.007932424545288086e-02 2.710937522351741791e-02 1.237756479531526566e-02 5.856027081608772278e-02 3.015316789969801903e-03 5.620551481842994690e-02 3.445057896897196770e-03 2.135240845382213593e-02 1.780470088124275208e-02 7.781396619975566864e-03 9.483200497925281525e-03 5.789426155388355255e-03 9.243440814316272736e-03 3.707550838589668274e-02 3.978785127401351929e-02 6.110003683716058731e-03 1.869744737632572651e-04 6.968752481043338776e-03 9.571348316967487335e-03 2.369553968310356140e-02 1.124511286616325378e-02 6.400664802640676498e-03 8.081250824034214020e-03 1.072180271148681641e-02 1.097743213176727295e-02 2.732657641172409058e-02 1.620212197303771973e-02 4.710142500698566437e-03 3.718907013535499573e-03 1.500628329813480377e-02 1.394794415682554245e-02 2.076116390526294708e-02 1.924524269998073578e-02 2.322224434465169907e-03 2.695809816941618919e-03 3.626837395131587982e-03 8.474517613649368286e-03 1.405749702826142311e-03 1.152232196182012558e-02 1.335579552687704563e-03 9.001733735203742981e-03 5.705518648028373718e-03 2.096672356128692627e-02 9.547391906380653381e-03 6.845540367066860199e-03 5.846996791660785675e-03 1.243470422923564911e-02
1.999050751328468323e-02 1.561884023249149323e-02 1.024044491350650787e-02 5.080223456025123596e-02 8.829131126403808594e-01 1.706274412572383881e-02 1.468944363296031952e-02 1.296978816390037537e-02 1.356738898903131485e-02 1.137993391603231430e-02 1.566209457814693451e-02 1.213968638330698013e-02 1.647322811186313629e-02 1.320091169327497482e-02 9.398545138537883759e-03 1.687397435307502747e-02 1.940224692225456238e-02 1.917830854654312134e-02 1.627728156745433807e-02 1.258172374218702316e-02 9.793942794203758240e-03 7.749480195343494415e-03 1.110597420483827591e-02 1.083345897495746613e-02 1.166995521634817123e-02 1.383885834366083145e-02 8.109216578304767609e-03 1.177752390503883362e-02 1.175667904317378998e-02 1.236013043671846390e-02 1.344667095690965652e-02 9.978707879781723022e-03 1.417340803891420364e-02 1.087485440075397491e-02 1.670170202851295471e-02 1.296095363795757294e-02 9.431760758161544800e-03 2.551830140873789787e-03 3.056670539081096649e-02 2.261322923004627228e-02 1.404594257473945618e-02 1.266286894679069519e-02 1.139767374843358994e-02 1.192408846691250801e-03 9.760030545294284821e-03 8.615725673735141754e-03 1.489936653524637222e-02 1.390234474092721939e-02 1.324193272739648819e-02 8.901016786694526672e-03 1.186972949653863907e-02 1.289441529661417007e-02 1.642178371548652649e-02 1.375858671963214874e-02 8.611533790826797485e-03 7.820499129593372345e-03 1.663815602660179138e-02 1.751998066902160645e-02 7.618232630193233490e-03 1.428312342613935471e-02 1.679431274533271790e-02 1.470593176782131195e-02 1.728714071214199066e-02 2.137279696762561798e-02 1.440713182091712952e-02 1.586478203535079956e-02 1.128922961652278900e-02 1.179982256144285202e-02 1.720238476991653442e-02 9.537150152027606964e-03 2.056191489100456238e-02 1.047743298113346100e-02 4.693593829870223999e-02 6.674352101981639862e-03 4.623953625559806824e-02 5.441832821816205978e-03 1.905773766338825226e-02 1.863757893443107605e-02 4.280561581254005432e-03 1.590305240824818611e-03 1.114060729742050171e-02 1.225969195365905762e-02 3.072446584701538086e-02 3.337004780769348145e-02 1.038070023059844971e-02 6.815806962549686432e-03 8.928939700126647949e-03 1.108720526099205017e-02 1.758708246052265167e-02 1.305133569985628128e-02 1.277875341475009918e-02 8.488509804010391235e-03 1.501313038170337677e-02 1.056147739291191101e-02 2.487120963633060455e-02 1.545522455126047134e-02 6.723119411617517471e-03 7.469575852155685425e-03 1.363579370081424713e-02 1.389393396675586700e-02 1.683565229177474976e-02 1.663993485271930695e-02 3.017101436853408813e-03 3.754753386601805687e-03 6.705715321004390717e-03 1.219920255243778229e-02 4.716136492788791656e-03 1.330165471881628036e-02 5.523948464542627335e-03 1.195379439741373062e-02 5.866387393325567245e-03 1.683439873158931732e-02 1.099233236163854599e-02 1.010153070092201233e-02 9.511168114840984344e-03 2.189752645790576935e-02
2.894736640155315399e-02 2.568064816296100616e-02 1.883724704384803772e-02 9.115698747336864471e-03 1.706274412572383881e-02 8.829131126403808594e-01 3.004713729023933411e-02 1.070551574230194092e-02 1.815395988523960114e-02 1.805502176284790039e-02 2.515235170722007751e-02 2.701554261147975922e-02 2.484070882201194763e-02 2.729171328246593475e-02 1.582298427820205688e-02 2.017071656882762909e-02 1.767092756927013397e-02 9.724945761263370514e-03 1.695168390870094299e-02 1.978873647749423981e-02 1.838854327797889709e-02 1.639764755964279175e-02 2.391880564391613007e-02 2.279304340481758118e-02 2.011885121464729309e-02 2.110672742128372192e-02 1.605490408837795258e-02 2.419724501669406891e-02 1.856280304491519928e-02 2.134398184716701508e-02 2.165294624865055084e-02 1.697429083287715912e-02 1.590462401509284973e-02 1.749118417501449585e-02 1.816809922456741333e-02 1.654977723956108093e-02 1.664148643612861633e-02 1.139724627137184143e-02 1.621733792126178741e-02 1.412896718829870224e-02 1.056918501853942871e-02 1.908723264932632446e-02 1.815306022763252258e-02 1.782439276576042175e-02 2.283935435116291046e-02 2.106332592666149139e-02 2.737892419099807739e-02 2.641461603343486786e-02 1.122968364506959915e-02 1.476609520614147186e-02 1.755314134061336517e-02 2.086346223950386047e-02 1.613712497055530548e-02 1.197121664881706238e-02 1.206778176128864288e-02 1.581269688904285431e-02 1.995926909148693085e-02 2.341572381556034088e-02 2.113447897136211395e-02 1.717336289584636688e-02 1.465639751404523849e-02 1.624010130763053894e-02 1.168569084256887436e-02 1.385925617069005966e-02 2.142935432493686676e-02 2.237725444138050079e-02 1.662370376288890839e-02 1.871644146740436554e-02 1.678097993135452271e-02 1.555371191352605820e-02 1.609184592962265015e-02 1.536611095070838928e-02 1.250626426190137863e-02 1.107889134436845779e-02 1.087915990501642227e-02 1.611912436783313751e-02 1.980203762650489807e-02 2.095938101410865784e-02 2.086961828172206879e-02 2.044649235904216766e-02 1.945648156106472015e-02 1.937534101307392120e-02 8.508438244462013245e-03 1.110188290476799011e-02 1.934988237917423248e-02 1.803024485707283020e-02 1.745279878377914429e-02 1.713858731091022491e-02 2.220055088400840759e-02 2.336232550442218781e-02 2.576319500803947449e-02 1.623567566275596619e-02 2.514190785586833954e-02 1.618502475321292877e-02 1.371262501925230026e-02 1.634952425956726074e-02 8.420928381383419037e-03 3.278054762631654739e-03 1.781931519508361816e-02 1.881246455013751984e-02 1.319764368236064911e-02 1.135085057467222214e-02 6.936590652912855148e-03 1.019090879708528519e-02 1.544522121548652649e-02 1.319250278174877167e-02 2.160506881773471832e-02 1.641402021050453186e-02 1.125940028578042984e-02 2.255324088037014008e-02 1.156992278993129730e-02 1.547442749142646790e-02 1.877790503203868866e-02 1.735054329037666321e-02 1.229832507669925690e-02 2.194700529798865318e-03
2.843818999826908112e-02 2.837147191166877747e-02 1.571174897253513336e-02 9.534392505884170532e-03 1.468944363296031952e-02 3.004713729023933411e-02 8.829131126403808594e-01 1.252313610166311264e-02 1.953856460750102997e-02 1.915692538022994995e-02 2.523204497992992401e-02 2.334545738995075226e-02 2.577458880841732025e-02 2.451648563146591187e-02 1.579362154006958008e-02 2.072498016059398651e-02 1.930576004087924957e-02 1.191615127027034760e-02 1.601899787783622742e-02 2.152923308312892914e-02 1.900817453861236572e-02 1.750148832798004150e-02 2.384781651198863983e-02 2.364448644220829010e-02 2.223675325512886047e-02 2.276672422885894775e-02 1.652097143232822418e-02 2.100965194404125214e-02 2.005224116146564484e-02 1.988186128437519073e-02 2.669857442378997803e-02 1.919930428266525269e-02 1.773776113986968994e-02 1.764636300504207611e-02 1.599583402276039124e-02 1.582808420062065125e-02 1.722206175327301025e-02 1.402577478438615799e-02 1.542538963258266449e-02 1.143785752356052399e-02 9.193010628223419189e-03 1.913199201226234436e-02 1.864866353571414948e-02 1.612558588385581970e-02 1.927798986434936523e-02 1.778304576873779297e-02 2.514266595244407654e-02 2.898154035210609436e-02 1.480088662356138229e-02 1.351893413811922073e-02 1.885944977402687073e-02 2.098056487739086151e-02 1.678999885916709900e-02 1.421085931360721588e-02 1.537473686039447784e-02 1.669286936521530151e-02 2.223770134150981903e-02 2.555744722485542297e-02 2.018022723495960236e-02 1.624564826488494873e-02 1.746544241905212402e-02 1.690042205154895782e-02 1.218851003795862198e-02 1.442339643836021423e-02 1.982963271439075470e-02 2.283022180199623108e-02 1.884358003735542297e-02 1.839386858046054840e-02 1.827255822718143463e-02 1.692246086895465851e-02 1.684916391968727112e-02 1.795719377696514130e-02 1.043483708053827286e-02 1.221030112355947495e-02 9.000897407531738281e-03 1.745826192200183868e-02 2.034077979624271393e-02 2.000274509191513062e-02 1.876115240156650543e-02 2.052879333496093750e-02 1.842579245567321777e-02 1.796041615307331085e-02 9.447342716157436371e-03 1.253803260624408722e-02 2.047042921185493469e-02 1.758010499179363251e-02 1.703504472970962524e-02 1.823600381612777710e-02 2.318721823394298553e-02 2.428370900452136993e-02 2.370545081794261932e-02 1.719774492084980011e-02 2.729113772511482239e-02 1.713435165584087372e-02 1.488125976175069809e-02 1.613832637667655945e-02 9.629122912883758545e-03 3.515999997034668922e-03 1.906320266425609589e-02 1.895074546337127686e-02 1.100071705877780914e-02 7.409472949802875519e-03 8.928936906158924103e-03 1.245383825153112411e-02 1.514989323914051056e-02 1.400719862431287766e-02 1.889234036207199097e-02 1.634783297777175903e-02 8.405781351029872894e-03 2.263376675546169281e-02 8.875851519405841827e-03 1.705067418515682220e-02 1.941809803247451782e-02 1.704857125878334045e-02 1.828535273671150208e-02 1.124356291256844997e-03
1.063052937388420105e-02 1.251222379505634308e-02 1.094763074070215225e-02 6.587856914848089218e-03 1.296978816390037537e-02 1.070551574230194092e-02 1.252313610166311264e-02 8.829131126403808594e-01 1.723842136561870575e-02 1.863694749772548676e-02 1.859718188643455505e-02 1.632223837077617645e-02 1.784885302186012268e-02 1.579760015010833740e-02 2.728699333965778351e-02 1.205415558069944382e-02 1.471131946891546249e-02 1.529907342046499252e-02 1.377460919320583344e-02 1.278830412775278091e-02 1.448797807097434998e-02 2.013404667377471924e-02 1.552696432918310165e-02 1.668062992393970490e-02 1.593325845897197723e-02 1.623728685081005096e-02 2.345030196011066437e-02 1.266476605087518692e-02 1.877637580037117004e-02 1.914258860051631927e-02 1.035781763494014740e-02 1.641394756734371185e-02 1.540467329323291779e-02 1.147574651986360550e-02 1.550752762705087662e-02 2.064602449536323547e-02 1.743025332689285278e-02 2.339159511029720306e-02 1.299923099577426910e-02 1.784360408782958984e-02 1.795373484492301941e-02 1.959134638309478760e-02 1.833518221974372864e-02 5.154157057404518127e-03 1.918390765786170959e-02 1.850266754627227783e-02 1.736688986420631409e-02 1.624385640025138855e-02 1.634622365236282349e-02 1.621104404330253601e-02 1.643249392509460449e-02 1.591408625245094299e-02 2.015077136456966400e-02 2.044336684048175812e-02 1.148523204028606415e-02 1.363002415746450424e-02 1.059220079332590103e-02 1.280311774462461472e-02 1.623614318668842316e-02 2.000061795115470886e-02 1.022562105208635330e-02 1.432818826287984848e-02 1.593829877674579620e-02 1.665375009179115295e-02 2.112726680934429169e-02 1.846927218139171600e-02 1.676982454955577850e-02 1.600601151585578918e-02 1.708774268627166748e-02 2.073691412806510925e-02 1.597594469785690308e-02 1.920561119914054871e-02 6.908529903739690781e-03 2.244804613292217255e-02 9.327161125838756561e-03 2.082072570919990540e-02 1.396390981972217560e-02 1.770788617432117462e-02 1.784516125917434692e-02 1.610412634909152985e-02 2.390064299106597900e-02 2.021705731749534607e-02 1.375926658511161804e-02 1.434920541942119598e-02 1.834639720618724823e-02 1.713708788156509399e-02 2.639393508434295654e-02 2.284396067261695862e-02 5.943348631262779236e-03 1.224621850997209549e-02 1.601309143006801605e-02 2.161223627626895905e-02 1.242984086275100708e-02 2.130967751145362854e-02 8.285473100841045380e-03 1.246224250644445419e-02 2.172143012285232544e-02 2.552150003612041473e-02 1.370933838188648224e-02 1.524908654391765594e-02 1.105438638478517532e-02 5.082861520349979401e-03 2.057952247560024261e-02 1.968120038509368896e-02 1.150153577327728271e-02 1.949480921030044556e-02 1.379951834678649902e-02 2.084857039153575897e-02 1.809233613312244415e-02 1.816522330045700073e-02 1.109309121966362000e-02 6.912513636052608490e-03 1.640057377517223358e-02 1.587454788386821747e-02 7.133044302463531494e-03 6.612429860979318619e-03
1.853005215525627136e-02 1.770189590752124786e-02 1.339737605303525925e-02 1.134470663964748383e-02 1.356738898903131485e-02 1.815395988523960114e-02 1.953856460750102997e-02 1.723842136561870575e-02 8.829131126403808594e-01 2.843015454709529877e-02 1.703049428761005402e-02 2.056633308529853821e-02 1.830537989735603333e-02 1.820175722241401672e-02 1.426741015166044235e-02 2.033726871013641357e-02 1.779468357563018799e-02 2.872839570045471191e-02 2.625329978764057159e-02 1.583510264754295349e-02 1.449970994144678116e-02 1.336673274636268616e-02 2.020294591784477234e-02 1.930279657244682312e-02 1.739009842276573181e-02 1.912399567663669586e-02 1.782950572669506073e-02 1.576404087245464325e-02 1.929735019803047180e-02 1.518551539629697800e-02 1.688936911523342133e-02 1.728140749037265778e-02 2.069461904466152191e-02 1.548906788229942322e-02 1.833034865558147430e-02 1.638967171311378479e-02 1.529808156192302704e-02 1.308522839099168777e-02 1.697618328034877777e-02 1.501090545207262039e-02 3.323234850540757179e-03 2.391462400555610657e-02 1.697232760488986969e-02 1.785427681170403957e-03 1.949092373251914978e-02 1.512050349265336990e-02 1.813143864274024963e-02 1.896097324788570404e-02 2.495015412569046021e-02 2.196924388408660889e-02 1.577369123697280884e-02 1.606070809066295624e-02 1.473115477710962296e-02 1.269252691417932510e-02 2.886768430471420288e-02 2.216540463268756866e-02 2.372403442859649658e-02 1.835712231695652008e-02 1.478101778775453568e-02 1.238137856125831604e-02 2.440592832863330841e-02 2.001429162919521332e-02 1.903500221669673920e-02 1.684349961578845978e-02 1.645266264677047729e-02 1.866928115487098694e-02 1.542888674885034561e-02 1.560447923839092255e-02 2.529016695916652679e-02 1.978823170065879822e-02 2.127523533999919891e-02 2.376284636557102203e-02 1.287834532558917999e-02 1.377151533961296082e-02 1.419841032475233078e-02 2.149120718240737915e-02 2.893744036555290222e-02 2.432048134505748749e-02 2.294648066163063049e-02 2.178775519132614136e-02 1.951498351991176605e-02 1.770913414657115936e-02 2.097487635910511017e-02 2.046269364655017853e-02 1.997258141636848450e-02 1.765258982777595520e-02 1.652337610721588135e-02 1.547207962721586227e-02 2.319828234612941742e-02 2.243561483919620514e-02 1.951194740831851959e-02 1.547424681484699249e-02 1.584110781550407410e-02 1.938250660896301270e-02 2.004950866103172302e-02 1.866314932703971863e-02 1.184063032269477844e-02 1.698724366724491119e-02 2.227072417736053467e-02 1.776512153446674347e-02 1.176246255636215210e-02 9.467831812798976898e-03 7.446456700563430786e-03 1.340681780129671097e-02 7.827335968613624573e-03 8.125551044940948486e-03 1.382815744727849960e-02 2.051634900271892548e-02 1.445895433425903320e-02 2.059254981577396393e-02 3.603065386414527893e-03 4.573372658342123032e-03 1.521540060639381409e-02 1.229845732450485229e-02 1.410208549350500107e-02 1.254328060895204544e-02
1.719104312360286713e-02 1.523952931165695190e-02 1.446999236941337585e-02 8.727247826755046844e-03 1.137993391603231430e-02 1.805502176284790039e-02 1.915692538022994995e-02 1.863694749772548676e-02 2.843015454709529877e-02 8.829131126403808594e-01 1.697228103876113892e-02 2.205011993646621704e-02 1.770787313580513000e-02 2.201165445148944855e-02 1.947657950222492218e-02 2.043556235730648041e-02 1.936243101954460144e-02 2.085210196673870087e-02 2.668088860809803009e-02 1.261652261018753052e-02 1.384221389889717102e-02 1.810199581086635590e-02 2.263814583420753479e-02 2.187748812139034271e-02 1.619273610413074493e-02 1.892717368900775909e-02 2.016511745750904083e-02 1.696849241852760315e-02 1.975780539214611053e-02 1.777910068631172180e-02 1.303238049149513245e-02 1.743684150278568268e-02 2.269254624843597412e-02 1.622752286493778229e-02 1.970342174172401428e-02 2.036015130579471588e-02 1.734950020909309387e-02 1.505828835070133209e-02 1.175281032919883728e-02 1.613330096006393433e-02 2.679375698789954185e-03 2.316148951649665833e-02 2.050500735640525818e-02 3.931773826479911804e-03 2.146553620696067810e-02 2.022852189838886261e-02 1.928069256246089935e-02 1.914825104176998138e-02 2.264533564448356628e-02 2.575607411563396454e-02 1.859931834042072296e-02 1.932268217206001282e-02 1.646221615374088287e-02 1.510277856141328812e-02 2.336540259420871735e-02 2.463689446449279785e-02 1.950538717210292816e-02 1.669696532189846039e-02 1.487088948488235474e-02 1.586827076971530914e-02 2.167751267552375793e-02 2.223572321236133575e-02 1.821273379027843475e-02 1.505730859935283661e-02 1.869863644242286682e-02 1.894544251263141632e-02 1.475487370043992996e-02 1.655911467969417572e-02 2.443976886570453644e-02 2.246271260082721710e-02 2.236177958548069000e-02 2.248306944966316223e-02 8.987337350845336914e-03 1.849788054823875427e-02 1.064350269734859467e-02 2.084251120686531067e-02 2.370361052453517914e-02 2.736801467835903168e-02 2.402716688811779022e-02 2.723488770425319672e-02 1.930293627083301544e-02 1.897380128502845764e-02 1.254560984671115875e-02 1.757237687706947327e-02 2.160577662289142609e-02 2.288952097296714783e-02 1.868433877825737000e-02 1.788686029613018036e-02 1.705390959978103638e-02 2.129656635224819183e-02 2.021185681223869324e-02 1.880211010575294495e-02 1.559571828693151474e-02 2.045382559299468994e-02 1.396014913916587830e-02 1.913043111562728882e-02 1.526219677180051804e-02 1.656939648091793060e-02 2.184502780437469482e-02 2.055283635854721069e-02 1.056028064340353012e-02 9.058000519871711731e-03 1.049056649208068848e-02 1.483150012791156769e-02 1.017622277140617371e-02 9.632962755858898163e-03 1.434896327555179596e-02 2.182472497224807739e-02 1.527277473360300064e-02 2.247046120464801788e-02 2.322464715689420700e-03 1.375834806822240353e-03 1.747695356607437134e-02 1.670395024120807648e-02 1.361559517681598663e-02 9.359786286950111389e-03
2.806371636688709259e-02 2.741364203393459320e-02 1.243612822145223618e-02 1.222122274339199066e-02 1.566209457814693451e-02 2.515235170722007751e-02 2.523204497992992401e-02 1.859718188643455505e-02 1.703049428761005402e-02 1.697228103876113892e-02 8.829131126403808594e-01 1.799621246755123138e-02 2.793806232511997223e-02 1.858153939247131348e-02 2.215425856411457062e-02 1.647569052875041962e-02 1.723807305097579956e-02 1.406881865113973618e-02 1.727979257702827454e-02 1.874802634119987488e-02 1.829805597662925720e-02 2.147903107106685638e-02 2.071377262473106384e-02 2.047318965196609497e-02 2.075274661183357239e-02 2.244404889643192291e-02 2.111750282347202301e-02 1.803739927709102631e-02 2.492394670844078064e-02 1.878599263727664948e-02 2.352938242256641388e-02 2.005261369049549103e-02 1.778531819581985474e-02 1.670373789966106415e-02 1.833944953978061676e-02 1.887300796806812286e-02 2.039077691733837128e-02 1.922035776078701019e-02 1.776973903179168701e-02 1.384472940117120743e-02 6.337664090096950531e-03 2.013416588306427002e-02 1.735159754753112793e-02 4.146047402173280716e-03 1.685135997831821442e-02 1.540773734450340271e-02 2.588182128965854645e-02 2.568466402590274811e-02 1.512386184185743332e-02 1.577753201127052307e-02 1.801940612494945526e-02 2.001238614320755005e-02 2.197983115911483765e-02 2.003773115575313568e-02 1.604717411100864410e-02 1.768362149596214294e-02 2.195452526211738586e-02 2.265802398324012756e-02 2.303230203688144684e-02 1.819390803575515747e-02 1.927640661597251892e-02 1.769463345408439636e-02 1.587783917784690857e-02 1.869373396039009094e-02 2.539118193089962006e-02 2.543842792510986328e-02 1.952869072556495667e-02 1.867364533245563507e-02 1.952773518860340118e-02 2.097285725176334381e-02 1.899490877985954285e-02 2.131716907024383545e-02 1.320934761315584183e-02 1.885192841291427612e-02 1.158512104302644730e-02 2.164150029420852661e-02 2.043699473142623901e-02 1.840072870254516602e-02 1.379077602177858353e-02 1.480418164283037186e-02 2.212715335190296173e-02 2.239827625453472137e-02 1.211781520396471024e-02 1.551255397498607635e-02 1.915607042610645294e-02 1.642409525811672211e-02 2.377982065081596375e-02 2.425800263881683350e-02 1.854246482253074646e-02 1.603158563375473022e-02 2.460017055273056030e-02 2.158605679869651794e-02 2.381552383303642273e-02 2.209078148007392883e-02 1.608277298510074615e-02 2.178702130913734436e-02 1.298771705478429794e-02 9.933996945619583130e-03 1.912204921245574951e-02 1.925381086766719818e-02 1.774533092975616455e-02 1.584179326891899109e-02 1.533696334809064865e-02 1.791328378021717072e-02 1.435765996575355530e-02 1.714129373431205750e-02 1.788264140486717224e-02 2.118332684040069580e-02 1.080602221190929413e-02 2.286103554069995880e-02 5.404663272202014923e-03 7.065419107675552368e-03 1.889318600296974182e-02 1.628043130040168762e-02 9.715610183775424957e-03 1.043135416693985462e-03
1.902356185019016266e-02 1.423132419586181641e-02 2.127040550112724304e-02 3.455998841673135757e-03 1.213968638330698013e-02 2.701554261147975922e-02 2.334545738995075226e-02 1.632223837077617645e-02 2.056633308529853821e-02 2.205011993646621704e-02 1.799621246755123138e-02 8.829131126403808594e-01 1.796070300042629242e-02 3.547931835055351257e-02 1.674375683069229126e-02 1.832135953009128571e-02 1.547824125736951828e-02 7.021110504865646362e-03 1.601389609277248383e-02 1.674059405922889709e-02 1.499454211443662643e-02 1.566009782254695892e-02 2.489154972136020660e-02 2.411695569753646851e-02 1.583898998796939850e-02 1.713744550943374634e-02 1.628774590790271759e-02 3.186893090605735779e-02 1.447286643087863922e-02 2.709403634071350098e-02 1.340588089078664780e-02 1.312840357422828674e-02 1.664220169186592102e-02 1.231908239424228668e-02 1.673236116766929626e-02 1.824107579886913300e-02 1.447763666510581970e-02 1.190398167818784714e-02 1.114308647811412811e-02 1.768500730395317078e-02 3.736959770321846008e-03 2.034221962094306946e-02 2.004949375987052917e-02 1.739848032593727112e-02 3.238776698708534241e-02 3.204806149005889893e-02 2.270440384745597839e-02 2.022670209407806396e-02 9.916068986058235168e-03 1.610083691775798798e-02 1.989782601594924927e-02 2.220210246741771698e-02 1.462848111987113953e-02 1.180927827954292297e-02 6.891365163028240204e-03 1.244782842695713043e-02 1.199426874518394470e-02 1.787490397691726685e-02 2.026524022221565247e-02 2.113706618547439575e-02 9.868985041975975037e-03 1.115108840167522430e-02 1.163346320390701294e-02 9.319040924310684204e-03 1.991509459912776947e-02 1.761966012418270111e-02 1.319283712655305862e-02 1.836726814508438110e-02 1.459079049527645111e-02 1.603490673005580902e-02 1.272584125399589539e-02 1.257486827671527863e-02 5.655184853821992874e-03 1.174234598875045776e-02 5.523533094674348831e-03 1.515220385044813156e-02 1.813364587724208832e-02 2.413821779191493988e-02 3.120082244277000427e-02 3.108202479779720306e-02 2.026797272264957428e-02 2.023129910230636597e-02 5.152867641299962997e-03 6.079840473830699921e-03 1.965028420090675354e-02 2.235470525920391083e-02 1.647970080375671387e-02 1.559341792017221451e-02 2.162904106080532074e-02 3.166830912232398987e-02 2.462587319314479828e-02 1.538708619773387909e-02 1.981038786470890045e-02 1.444379519671201706e-02 5.428960081189870834e-03 1.204416714608669281e-02 1.749290712177753448e-02 9.937142953276634216e-03 1.336361281573772430e-02 1.703782565891742706e-02 6.396422162652015686e-03 3.645992139354348183e-03 8.975237607955932617e-03 1.218496356159448624e-02 1.931658014655113220e-02 1.351379975676536560e-02 1.853405311703681946e-02 1.628468744456768036e-02 1.371260453015565872e-02 2.240444533526897430e-02 1.389126759022474289e-02 1.199025008827447891e-02 1.848038285970687866e-02 2.081997506320476532e-02 1.112788449972867966e-02 1.525405608117580414e-02
2.780339866876602173e-02 2.820610255002975464e-02 1.071985531598329544e-02 1.233367808163166046e-02 1.647322811186313629e-02 2.484070882201194763e-02 2.577458880841732025e-02 1.784885302186012268e-02 1.830537989735603333e-02 1.770787313580513000e-02 2.793806232511997223e-02 1.796070300042629242e-02 8.829131126403808594e-01 1.883536390960216522e-02 2.106705307960510254e-02 1.707197166979312897e-02 1.788765378296375275e-02 1.513736508786678314e-02 1.711199618875980377e-02 1.980476081371307373e-02 1.894961483776569366e-02 2.146326936781406403e-02 2.054963633418083191e-02 2.028267458081245422e-02 2.089786343276500702e-02 2.294578775763511658e-02 2.093793824315071106e-02 1.681349240243434906e-02 2.537752129137516022e-02 1.864239759743213654e-02 2.614678256213665009e-02 1.942985504865646362e-02 1.869977451860904694e-02 1.787767186760902405e-02 1.838233321905136108e-02 1.815610192716121674e-02 2.021205797791481018e-02 1.903597638010978699e-02 1.510710269212722778e-02 1.163976453244686127e-02 4.371662158519029617e-03 2.025611884891986847e-02 1.758542470633983612e-02 5.805598106235265732e-03 1.662302576005458832e-02 1.508023217320442200e-02 2.545217052102088928e-02 2.633547410368919373e-02 1.708145625889301300e-02 1.651662774384021759e-02 1.866566576063632965e-02 2.001950144767761230e-02 2.169720456004142761e-02 2.003571391105651855e-02 1.714852266013622284e-02 1.837887614965438843e-02 2.194574102759361267e-02 2.440651133656501770e-02 2.075840905308723450e-02 1.853372529149055481e-02 1.954777166247367859e-02 1.831094734370708466e-02 1.661170646548271179e-02 1.897052489221096039e-02 2.458847872912883759e-02 2.612736448645591736e-02 1.920755021274089813e-02 1.912193000316619873e-02 1.933307759463787079e-02 2.176243439316749573e-02 1.933468505740165710e-02 2.290980331599712372e-02 1.397224701941013336e-02 1.875917054712772369e-02 1.273520756512880325e-02 2.224354259669780731e-02 2.107364684343338013e-02 1.930904760956764221e-02 1.331860944628715515e-02 1.451377011835575104e-02 2.147369645535945892e-02 2.222960814833641052e-02 1.218812260776758194e-02 1.616250164806842804e-02 1.943937316536903381e-02 1.612929999828338623e-02 2.281990647315979004e-02 2.471126802265644073e-02 1.868139952421188354e-02 1.689421944320201874e-02 2.440818585455417633e-02 2.197568677365779877e-02 2.551195956766605377e-02 2.276143431663513184e-02 1.704097539186477661e-02 2.002435922622680664e-02 1.165993511676788330e-02 1.148353703320026398e-02 1.948545500636100769e-02 1.937959901988506317e-02 1.604364812374114990e-02 1.538659445941448212e-02 1.531454361975193024e-02 1.900724694132804871e-02 1.063644234091043472e-02 1.743243075907230377e-02 1.625431701540946960e-02 2.003999985754489899e-02 1.294621545821428299e-02 2.338334918022155762e-02 3.143631853163242340e-03 6.657822988927364349e-03 1.868126168847084045e-02 1.674387231469154358e-02 1.220147404819726944e-02 6.331156473606824875e-04
