8.473240137100219727e-01 7.517509162425994873e-02 2.303468063473701477e-02 6.359948311001062393e-03 1.009945757687091827e-02 5.930925160646438599e-02 5.665480718016624451e-02 2.535737678408622742e-02 2.109055221080780029e-02 1.167772617191076279e-02 5.487540364265441895e-02 1.847193203866481781e-02 6.258071213960647583e-02 1.922241225838661194e-02 3.223433345556259155e-02 2.180840075016021729e-02 3.067754581570625305e-02 1.456200331449508667e-02 4.142692778259515762e-03 1.280785724520683289e-02 9.713644976727664471e-04 2.513526193797588348e-02 1.299403980374336243e-02 7.563064340502023697e-03 1.496697776019573212e-03 3.995596896857023239e-03 3.696505725383758545e-02 3.249694034457206726e-02 2.723474055528640747e-02 3.298541903495788574e-02 3.517469018697738647e-02 9.436158463358879089e-03 2.022430114448070526e-02 5.646186880767345428e-03 9.230663999915122986e-03 3.856681659817695618e-02 3.544723242521286011e-02 3.094328381121158600e-02 1.989899389445781708e-02 7.683433941565454006e-04 2.376364916563034058e-02 2.407603460596874356e-04 3.822851926088333130e-03 7.200714666396379471e-03 1.244962122291326523e-02 8.849698118865489960e-03 5.021201819181442261e-02 4.890380799770355225e-02 1.101807458326220512e-03 7.315991446375846863e-03 1.074669975787401199e-02 1.438511162996292114e-02 7.516243495047092438e-03 2.003688365221023560e-02 3.866925602778792381e-03 3.494329052045941353e-03 1.911168731749057770e-02 7.107128854840993881e-03 1.744413748383522034e-02 1.663292944431304932e-02 3.861613804474473000e-03 8.688160218298435211e-03 6.946806795895099640e-03 5.398747976869344711e-03 4.170960281044244766e-03 7.846076972782611847e-03 1.170719508081674576e-03 1.033260859549045563e-02 3.376819938421249390e-02 1.166988816112279892e-02 3.027879819273948669e-02 5.969391204416751862e-03 2.672576811164617538e-03 5.979872075840830803e-04 2.172341011464595795e-02 5.683546885848045349e-03 2.562710829079151154e-02 9.089431725442409515e-03 7.244392763823270798e-04 2.308601280674338341e-03 1.858522556722164154e-02 1.253884634934365749e-03 1.568777114152908325e-02 2.091347007080912590e-03 4.643998574465513229e-03 3.251717425882816315e-03 1.257683150470256805e-02 6.537354085594415665e-03 1.434009149670600891e-02 1.326851197518408298e-03 3.755554556846618652e-02 6.499927956610918045e-03 2.795418538153171539e-02 1.592910103499889374e-02 2.920735394582152367e-03 9.134122170507907867e-03 1.898998580873012543e-02 1.176411844789981842e-02 1.325688697397708893e-02 1.044720970094203949e-02 5.955708678811788559e-03 9.053286630660295486e-04 2.750832773745059967e-02 2.348287403583526611e-02 4.345656780060380697e-04 2.477301657199859619e-02 1.735163480043411255e-02 2.804314717650413513e-03 1.916812732815742493e-03 6.111161317676305771e-03 3.800911083817481995e-02 3.100971132516860962e-02 5.676288157701492310e-03 4.622971639037132263e-03 2.867909707129001617e-02 1.298203226178884506e-02
7.517509162425994873e-02 8.473240137100219727e-01 1.912348531186580658e-02 1.257183961570262909e-02 1.717378763714805245e-04 6.520961970090866089e-02 7.214684784412384033e-02 2.562052942812442780e-02 1.971355453133583069e-02 1.189548801630735397e-02 5.767316371202468872e-02 1.440451107919216156e-02 7.368621230125427246e-02 2.599482424557209015e-02 3.368938714265823364e-02 2.026586979627609253e-02 3.039086796343326569e-02 9.349089115858078003e-03 5.003443919122219086e-03 5.106713622808456421e-03 3.372355364263057709e-03 2.674986608326435089e-02 1.468061655759811401e-02 1.232098508626222610e-02 3.626199206337332726e-03 1.125686801970005035e-03 3.689717501401901245e-02 2.378660067915916443e-02 2.359609492123126984e-02 3.013032115995883942e-02 3.294480219483375549e-02 4.801605828106403351e-03 2.909268625080585480e-02 6.503201089799404144e-03 5.223662592470645905e-03 3.377186879515647888e-02 2.386943623423576355e-02 1.919291540980339050e-02 1.301805023103952408e-02 2.356284298002719879e-03 1.280084159225225449e-02 4.084317188244313002e-04 3.932423889636993408e-03 4.823208320885896683e-03 1.080525387078523636e-02 7.358329836279153824e-03 5.632495507597923279e-02 6.077609583735466003e-02 3.582478093449026346e-04 6.346316076815128326e-03 1.584593765437602997e-02 1.773479580879211426e-02 1.059210672974586487e-02 1.824477501213550568e-02 7.436794694513082504e-04 1.149913482367992401e-02 1.492698863148689270e-02 1.014479249715805054e-02 2.344620972871780396e-02 1.738150231540203094e-02 4.315069410949945450e-03 2.806141041219234467e-03 1.406829897314310074e-02 1.376391761004924774e-02 4.499591886997222900e-03 1.638516318053007126e-03 4.819690075237303972e-04 8.278606110252439976e-04 2.994515188038349152e-02 1.400129683315753937e-02 3.131494671106338501e-02 1.404158025979995728e-02 4.347198177129030228e-03 9.496447630226612091e-03 1.872950792312622070e-02 1.390804536640644073e-02 2.218242734670639038e-02 1.224193349480628967e-02 3.189181676134467125e-03 4.264154122211039066e-04 1.465936005115509033e-02 2.830732148140668869e-03 9.322716854512691498e-03 8.516989182680845261e-04 1.078650169074535370e-02 6.449020002037286758e-04 7.991847582161426544e-03 1.103282626718282700e-02 1.131621468812227249e-02 2.726223319768905640e-03 4.059350490570068359e-02 2.746405953075736761e-04 3.352507576346397400e-02 1.708757877349853516e-02 1.140768988989293575e-03 1.474861288443207741e-03 1.213061064481735229e-02 4.480208270251750946e-03 1.278833486139774323e-02 1.164605282247066498e-02 1.003782730549573898e-03 1.224589213961735368e-04 2.186594903469085693e-02 2.148954197764396667e-02 7.199323270469903946e-03 1.986814662814140320e-02 1.265405397862195969e-02 7.352090906351804733e-03 3.249429399147629738e-03 1.774294301867485046e-02 2.898756414651870728e-02 2.361368946731090546e-02 6.989777553826570511e-03 3.333476837724447250e-03 2.183010242879390717e-02 5.506097804754972458e-03
2.303468063473701477e-02 1.912348531186580658e-02 8.473240137100219727e-01 1.324890088289976120e-02 2.226497605443000793e-02 2.005583606660366058e-02 1.913916505873203278e-02 6.216275691986083984e-02 6.572059355676174164e-03 7.087852340191602707e-03 3.388290526345372200e-03 1.022110320627689362e-02 1.514531951397657394e-02 4.887661430984735489e-03 4.811528697609901428e-02 2.200402878224849701e-02 2.320140041410923004e-02 1.098343543708324432e-02 1.108267158269882202e-02 7.283593877218663692e-04 1.406534295529127121e-02 3.213391453027725220e-02 7.284240331500768661e-03 1.142472028732299805e-02 4.743086639791727066e-03 1.495074713602662086e-03 1.032315753400325775e-02 1.401547435671091080e-02 1.777173718437552452e-03 1.966289617121219635e-02 1.128669921308755875e-02 5.571443587541580200e-03 2.050149440765380859e-02 1.931960694491863251e-02 3.474451974034309387e-02 3.889907384291291237e-03 1.864691264927387238e-02 1.889534108340740204e-02 3.602619096636772156e-02 3.152712807059288025e-02 1.384032517671585083e-02 7.509195245802402496e-03 1.056582387536764145e-02 2.896919846534729004e-02 4.744457546621561050e-03 5.338962189853191376e-03 9.320552460849285126e-03 1.508508622646331787e-02 7.539276033639907837e-03 1.078340876847505569e-02 6.359951221384108067e-04 1.397540210746228695e-03 2.924836880993098021e-04 1.872920244932174683e-02 3.008260391652584076e-03 1.132592372596263885e-02 1.357687637209892273e-02 3.845468629151582718e-03 8.151468820869922638e-03 1.672017015516757965e-02 6.626163143664598465e-03 2.610930800437927246e-02 1.644529774785041809e-02 1.826706156134605408e-02 1.234657014720141888e-03 1.120594050735235214e-02 9.154285304248332977e-03 1.709734322503209114e-03 1.290816627442836761e-02 1.183830481022596359e-02 1.145842578262090683e-02 1.494871824979782104e-02 3.785589011386036873e-03 4.755759437102824450e-04 1.425638422369956970e-02 6.391479633748531342e-03 9.262264706194400787e-03 2.921053208410739899e-03 1.554046850651502609e-02 1.767624489730224013e-04 6.996066868305206299e-02 5.367533862590789795e-02 1.050239428877830505e-02 6.062373053282499313e-03 1.147698704153299332e-02 2.683377591893076897e-03 3.903112933039665222e-02 4.278944805264472961e-02 1.381822675466537476e-02 3.827363252639770508e-03 1.017540693283081055e-03 1.089286617934703827e-02 1.218090113252401352e-02 3.604575619101524353e-02 6.757386494427919388e-03 2.062845975160598755e-03 1.919995434582233429e-02 2.871985780075192451e-03 2.014903351664543152e-02 1.784178800880908966e-02 1.445181760936975479e-02 3.974779509007930756e-03 2.818731591105461121e-02 3.818886354565620422e-02 4.660644754767417908e-02 9.780236519873142242e-03 2.211794257164001465e-02 2.366085164248943329e-02 2.063330030068755150e-03 1.637176959775388241e-03 9.445915929973125458e-03 1.157142408192157745e-02 1.953416690230369568e-02 7.678220514208078384e-03 3.756988048553466797e-02 1.961721107363700867e-02
6.359948311001062393e-03 1.257183961570262909e-02 1.324890088289976120e-02 8.473240137100219727e-01 6.843584775924682617e-02 8.107180707156658173e-03 1.043532881885766983e-02 1.429571770131587982e-02 1.946947770193219185e-03 1.454496104270219803e-02 7.264915620908141136e-04 1.837563887238502502e-02 4.837727174162864685e-03 4.073090851306915283e-03 1.380994729697704315e-02 1.397463609464466572e-03 3.289637097623199224e-04 2.400188706815242767e-02 3.987072408199310303e-02 3.744531131815165281e-04 1.539387303637340665e-04 1.052764058113098145e-02 5.623388569802045822e-03 6.819277070462703705e-03 3.511962131597101688e-04 1.121174916625022888e-02 1.528835296630859375e-02 1.420719828456640244e-02 1.740928366780281067e-02 8.886524476110935211e-03 8.307286771014332771e-04 1.618862897157669067e-02 1.559256855398416519e-02 2.325485274195671082e-02 2.818404510617256165e-02 6.571011152118444443e-03 5.636213347315788269e-03 1.433454081416130066e-02 4.986637085676193237e-02 3.614017739892005920e-02 4.342608619481325150e-03 6.713434122502803802e-03 4.644968081265687943e-03 7.807803805917501450e-03 8.151936344802379608e-03 5.398880224674940109e-03 1.198766008019447327e-02 1.902090152725577354e-03 2.448487561196088791e-03 1.107168477028608322e-02 9.355760179460048676e-03 3.004657104611396790e-03 6.414532195776700974e-03 2.307655289769172668e-02 1.421675644814968109e-02 1.422878354787826538e-03 1.931538246572017670e-02 3.303569555282592773e-02 2.791148051619529724e-02 2.687207795679569244e-02 5.301792174577713013e-02 5.516915395855903625e-02 2.416289038956165314e-02 1.531318668276071548e-02 2.140359021723270416e-02 2.095040120184421539e-02 1.897937152534723282e-03 5.606259685009717941e-03 5.158207379281520844e-03 4.823083523660898209e-03 3.902196884155273438e-03 7.975996704772114754e-04 6.254500150680541992e-02 9.291355498135089874e-03 3.851464390754699707e-02 1.167667657136917114e-02 3.703827736899256706e-03 1.155683770775794983e-03 1.474588084965944290e-02 1.211877819150686264e-02 7.230571936815977097e-03 1.017190795391798019e-02 5.510487034916877747e-02 3.367645293474197388e-02 2.467669779434800148e-03 1.272246614098548889e-02 9.324374608695507050e-03 1.242756005376577377e-02 1.330132875591516495e-02 1.451058685779571533e-02 1.975043909624218941e-03 9.182122536003589630e-03 1.499141659587621689e-02 1.568934880197048187e-02 1.358431647531688213e-03 4.447175015229731798e-04 1.118865609169006348e-02 2.358371019363403320e-02 6.204658653587102890e-03 5.578036885708570480e-03 2.577924728393554688e-02 2.545053511857986450e-02 1.269243098795413971e-02 3.547836793586611748e-03 2.358289062976837158e-02 6.209538318216800690e-03 1.545080542564392090e-02 2.896415069699287415e-02 2.155518904328346252e-02 3.494589403271675110e-02 1.409433037042617798e-02 6.576859392225742340e-03 9.270315989851951599e-03 1.773732714354991913e-03 1.187469065189361572e-02 1.562181301414966583e-02
1.009945757687091827e-02 1.717378763714805245e-04 2.226497605443000793e-02 6.843584775924682617e-02 8.473240137100219727e-01 5.760204512625932693e-03 7.583763450384140015e-03 2.451054938137531281e-02 1.290083024650812149e-02 1.827914826571941376e-02 1.119056716561317444e-03 1.559415459632873535e-02 4.489233717322349548e-03 2.536585961934179068e-04 2.034451067447662354e-02 1.591513981111347675e-03 5.676269996911287308e-03 2.312385849654674530e-02 3.977081552147865295e-02 9.935686830431222916e-04 1.008312590420246124e-02 9.426325559616088867e-03 1.935646310448646545e-02 1.520334742963314056e-02 7.978492416441440582e-03 1.186794508248567581e-02 9.708499535918235779e-03 1.089650671929121017e-02 1.244592200964689255e-02 6.556637119501829147e-03 6.253435276448726654e-03 1.296670082956552505e-02 7.865105755627155304e-03 2.543096244335174561e-02 1.791747100651264191e-02 1.551977545022964478e-02 5.042631528340280056e-04 1.425472460687160492e-02 4.460690543055534363e-02 4.663963615894317627e-02 6.438991986215114594e-03 1.724634319543838501e-02 1.278745848685503006e-02 6.854135077446699142e-03 1.471105590462684631e-02 6.312837940640747547e-04 3.310962580144405365e-03 5.886666011065244675e-03 1.082935370504856110e-02 8.598291315138339996e-03 1.075668260455131531e-02 2.588063245639204979e-03 2.684367820620536804e-02 9.776796214282512665e-03 8.206892758607864380e-03 1.165289711207151413e-02 2.901146188378334045e-02 2.183203399181365967e-02 1.653075404465198517e-02 9.405738674104213715e-03 4.696746543049812317e-02 6.390401721000671387e-02 1.636418700218200684e-02 1.095863431692123413e-02 1.933542825281620026e-02 9.790688753128051758e-03 1.116625592112541199e-02 2.891182433813810349e-03 2.142389863729476929e-02 3.727269358932971954e-03 1.268114056438207626e-02 4.598254337906837463e-03 4.384036362171173096e-02 9.634464979171752930e-03 3.852533176541328430e-02 1.120487228035926819e-02 1.344501785933971405e-02 2.678710035979747772e-03 2.198196761310100555e-02 1.993934996426105499e-02 2.130701020359992981e-02 1.429073605686426163e-02 4.027828574180603027e-02 3.559089824557304382e-02 1.125603262335062027e-02 8.382448926568031311e-03 1.351813599467277527e-02 2.071630768477916718e-02 1.974529214203357697e-02 1.264177728444337845e-02 1.293435227125883102e-03 1.571614178828895092e-03 1.164819113910198212e-02 2.575995028018951416e-02 7.539535872638225555e-04 4.371087066829204559e-03 2.666977234184741974e-03 6.517404224723577499e-03 1.325027458369731903e-02 1.376029849052429199e-02 1.590196229517459869e-02 1.981263048946857452e-02 1.970637217164039612e-02 1.790017262101173401e-02 3.020286560058593750e-02 6.679553538560867310e-03 4.722039680927991867e-03 2.631457336246967316e-02 4.291397053748369217e-03 2.347922697663307190e-02 2.166722342371940613e-02 8.501448668539524078e-03 2.073220908641815186e-02 5.976149812340736389e-03 2.107196487486362457e-02 1.734648831188678741e-02
5.930925160646438599e-02 6.520961970090866089e-02 2.005583606660366058e-02 8.107180707156658173e-03 5.760204512625932693e-03 8.473240137100219727e-01 6.525202840566635132e-02 2.210639789700508118e-02 2.682074718177318573e-02 1.563963852822780609e-02 4.354522749781608582e-02 2.650569006800651550e-02 5.915294215083122253e-02 2.915531769394874573e-02 3.191870078444480896e-02 2.478606067597866058e-02 3.290439769625663757e-02 1.618467271327972412e-02 5.458017345517873764e-03 9.699895977973937988e-03 7.673260755836963654e-03 2.115176990628242493e-02 1.599597185850143433e-02 1.408663112670183182e-02 8.328864350914955139e-03 1.036268565803766251e-02 3.643332421779632568e-02 3.323495388031005859e-02 2.255432121455669403e-02 3.711914643645286560e-02 2.905199304223060608e-02 1.345349126495420933e-03 2.072366699576377869e-02 1.367205381393432617e-02 7.557490840554237366e-03 2.350790426135063171e-02 1.639101840555667877e-02 2.333606965839862823e-02 1.298653334379196167e-02 3.098411252722144127e-03 9.892510250210762024e-03 8.766367100179195404e-03 1.439651474356651306e-02 5.699739325791597366e-03 2.301036613062024117e-03 5.631016567349433899e-03 5.861784517765045166e-02 5.619889870285987854e-02 1.210938394069671631e-02 1.939596980810165405e-02 1.127224229276180267e-02 6.816944573074579239e-03 8.947218768298625946e-03 2.302690036594867706e-02 7.690506055951118469e-03 2.135546132922172546e-02 1.906907558441162109e-02 1.966731855645775795e-03 2.127916924655437469e-02 2.077476680278778076e-02 3.368993056938052177e-03 1.042096689343452454e-02 1.619423180818557739e-02 1.724803447723388672e-02 2.264502691105008125e-03 1.840355573222041130e-03 5.280348006635904312e-03 1.092530693858861923e-02 3.687667474150657654e-02 1.456009969115257263e-02 3.600809723138809204e-02 1.440046634525060654e-02 3.629812970757484436e-03 7.158182561397552490e-03 1.682289876043796539e-02 1.708186417818069458e-02 2.971002459526062012e-02 2.136216498911380768e-02 1.175606995820999146e-02 8.058766834437847137e-03 1.234306953847408295e-02 2.781394869089126587e-03 1.115866843611001968e-02 1.797808654373511672e-04 2.102929726243019104e-02 1.393110770732164383e-02 7.544690743088722229e-03 9.213077835738658905e-03 2.276657149195671082e-02 8.240435272455215454e-03 4.178138822317123413e-02 1.434233272448182106e-03 4.084036499261856079e-02 1.409133803099393845e-02 1.254763361066579819e-02 7.351416628807783127e-03 1.534400880336761475e-02 2.898976963479071856e-04 1.962730474770069122e-02 1.843028701841831207e-02 6.527839228510856628e-03 4.554356448352336884e-03 2.818943373858928680e-02 2.150852046906948090e-02 5.953482817858457565e-03 2.740009687840938568e-02 2.302689012140035629e-03 7.061333861202001572e-03 6.261082366108894348e-03 8.967322297394275665e-03 2.726540528237819672e-02 2.022874727845191956e-02 1.638857647776603699e-02 7.525002118200063705e-03 1.914416626095771790e-02 9.806888177990913391e-03
5.665480718016624451e-02 7.214684784412384033e-02 1.913916505873203278e-02 1.043532881885766983e-02 7.583763450384140015e-03 6.525202840566635132e-02 8.473240137100219727e-01 2.220446802675724030e-02 2.423127368092536926e-02 1.885408535599708557e-02 4.959119483828544617e-02 1.583042182028293610e-02 6.504308432340621948e-02 3.642691299319267273e-02 2.721768245100975037e-02 2.168434672057628632e-02 2.909051999449729919e-02 8.102426305413246155e-03 3.622591961175203323e-03 4.687924869358539581e-03 1.435046899132430553e-03 2.558608725666999817e-02 1.817271299660205841e-02 1.764220371842384338e-02 8.278924971818923950e-03 3.310580039396882057e-03 3.619887679815292358e-02 2.490183897316455841e-02 2.569623664021492004e-02 3.675008937716484070e-02 2.809752523899078369e-02 1.118973945267498493e-03 2.402967959642410278e-02 1.385634578764438629e-02 2.186916070058941841e-03 1.174564659595489502e-02 1.116234809160232544e-02 1.856008917093276978e-02 8.037606254220008850e-03 7.273435592651367188e-03 1.024202909320592880e-02 4.416215699166059494e-03 1.091953273862600327e-02 3.423310816287994385e-03 8.316418156027793884e-03 1.201267819851636887e-03 5.497576668858528137e-02 7.278674095869064331e-02 5.703017115592956543e-03 1.022339705377817154e-02 1.033203676342964172e-02 1.989075681194663048e-03 1.582515612244606018e-02 2.093906514346599579e-02 1.786880893632769585e-03 1.929428055882453918e-02 2.083936706185340881e-02 6.885252427309751511e-03 2.733336016535758972e-02 1.287890132516622543e-02 7.676530629396438599e-03 2.486892277374863625e-03 1.506942324340343475e-02 1.418539322912693024e-02 3.380245296284556389e-03 1.069292775355279446e-03 1.559490920044481754e-03 2.734936540946364403e-03 2.960924059152603149e-02 7.597022224217653275e-03 3.220178186893463135e-02 1.862906105816364288e-02 7.224373985081911087e-03 6.573915481567382812e-03 1.227608416229486465e-02 1.785775274038314819e-02 2.394030801951885223e-02 1.984741166234016418e-02 8.970321156084537506e-03 8.001852780580520630e-03 1.096767093986272812e-02 9.337397641502320766e-04 5.649443715810775757e-03 1.351168844848871231e-03 1.836231537163257599e-02 1.301322784274816513e-02 4.088249988853931427e-03 8.415665477514266968e-03 2.112390100955963135e-02 1.193397678434848785e-02 3.428070247173309326e-02 7.048711413517594337e-04 3.793000429868698120e-02 9.968195110559463501e-03 2.325246669352054596e-02 1.531572174280881882e-02 6.531045772135257721e-03 4.618123173713684082e-03 1.911810785531997681e-02 2.351100556552410126e-02 7.976268418133258820e-03 5.001552868634462357e-03 8.972908370196819305e-03 7.829003036022186279e-03 6.979810073971748352e-03 1.937118172645568848e-02 1.871173008112236857e-04 1.074463594704866409e-03 4.152691923081874847e-03 1.348327193409204483e-02 2.105090022087097168e-02 2.357987686991691589e-02 1.020797342061996460e-02 3.389307297766208649e-03 1.520603056997060776e-02 1.198960188776254654e-02
2.535737678408622742e-02 2.562052942812442780e-02 6.216275691986083984e-02 1.429571770131587982e-02 2.451054938137531281e-02 2.210639789700508118e-02 2.220446802675724030e-02 8.473240137100219727e-01 4.330521449446678162e-03 1.305746100842952728e-02 2.370290644466876984e-02 1.135483197867870331e-02 2.550347894430160522e-02 4.698362201452255249e-03 6.095062941312789917e-02 1.193663105368614197e-02 1.924672350287437439e-02 1.357171963900327682e-02 1.744520105421543121e-02 1.546738669276237488e-03 1.187282707542181015e-02 5.153712630271911621e-02 1.665034145116806030e-02 1.556875277310609818e-02 4.100201185792684555e-03 5.204620305448770523e-03 2.473880164325237274e-02 1.420554332435131073e-02 1.610683090984821320e-02 1.006889715790748596e-02 9.184192866086959839e-03 1.436995342373847961e-02 2.944612875580787659e-03 3.025439195334911346e-02 3.578603640198707581e-02 4.733388777822256088e-03 1.226871926337480545e-02 2.551020495593547821e-02 4.174501821398735046e-02 3.970366343855857849e-02 1.107282657176256180e-02 9.967067278921604156e-03 6.366063840687274933e-03 5.373009946197271347e-03 4.615078680217266083e-03 5.229566711932420731e-03 1.644185557961463928e-02 2.052152901887893677e-02 6.068085320293903351e-03 4.658194724470376968e-03 5.697569809854030609e-03 2.144245663657784462e-03 1.362927630543708801e-02 7.797166705131530762e-03 1.647363300435245037e-03 1.011604908853769302e-02 1.724540069699287415e-02 4.577724728733301163e-03 6.892911624163389206e-03 2.525584958493709564e-02 2.206755615770816803e-02 3.327855840325355530e-02 1.101029291749000549e-02 1.134238671511411667e-02 9.442850947380065918e-03 1.581726036965847015e-02 1.183083560317754745e-02 1.157947466708719730e-03 1.581756956875324249e-02 7.044751662760972977e-03 1.742260530591011047e-02 1.563739776611328125e-02 5.543954670429229736e-03 4.646321292966604233e-03 2.207321114838123322e-02 1.235143863596022129e-03 7.805627305060625076e-03 2.231109188869595528e-03 1.409866567701101303e-02 7.184229791164398193e-03 4.812893643975257874e-02 3.808718174695968628e-02 1.494474243372678757e-02 1.825034618377685547e-02 7.492039352655410767e-03 2.613718854263424873e-03 4.023996368050575256e-02 4.227259010076522827e-02 3.034594003111124039e-03 3.190812189131975174e-03 1.112818159162998199e-02 1.289742160588502884e-02 7.986620999872684479e-03 3.225226700305938721e-02 2.762984018772840500e-03 3.407252370379865170e-05 1.700662821531295776e-02 8.787043392658233643e-03 1.991776376962661743e-02 1.564387045800685883e-02 1.498456485569477081e-02 9.455978870391845703e-03 2.214534953236579895e-02 2.567516826093196869e-02 3.160194307565689087e-02 1.915457658469676971e-02 2.154544927179813385e-02 2.010676823556423187e-02 2.975758863613009453e-03 1.540407817810773849e-02 1.390439458191394806e-02 5.674131214618682861e-03 1.480927411466836929e-02 3.206716850399971008e-03 2.548196353018283844e-02 6.501568481326103210e-03
2.109055221080780029e-02 1.971355453133583069e-02 6.572059355676174164e-03 1.946947770193219185e-03 1.290083024650812149e-02 2.682074718177318573e-02 2.423127368092536926e-02 4.330521449446678162e-03 8.473240137100219727e-01 3.514735773205757141e-02 1.503462903201580048e-03 3.657803684473037720e-02 9.207176975905895233e-03 3.329145163297653198e-02 1.564310677349567413e-02 2.420461922883987427e-02 1.489786151796579361e-02 3.362853080034255981e-02 8.688444271683692932e-03 5.602663382887840271e-03 3.087759250774979591e-03 1.160277519375085831e-02 3.932278603315353394e-02 2.903347089886665344e-02 1.071224920451641083e-02 1.222008001059293747e-02 6.934857927262783051e-03 1.655465364456176758e-02 1.298348698765039444e-02 2.731580846011638641e-02 8.082689600996673107e-04 1.925512030720710754e-02 1.258456893265247345e-02 9.037892334163188934e-03 1.288207340985536575e-02 3.274961188435554504e-02 2.728732302784919739e-03 2.614029683172702789e-03 1.010181498713791370e-03 4.425317456480115652e-04 2.376865828409790993e-03 3.705169260501861572e-02 2.887459844350814819e-02 1.573859155178070068e-02 2.614081837236881256e-02 1.305964682251214981e-02 2.880596555769443512e-02 2.264587394893169403e-02 3.715316206216812134e-02 2.046185731887817383e-02 2.827135100960731506e-02 2.307591214776039124e-02 6.466780789196491241e-03 2.599693834781646729e-02 4.579033702611923218e-02 2.539371885359287262e-02 2.041731961071491241e-02 1.652424456551671028e-03 2.034320868551731110e-02 1.966620609164237976e-02 1.866661384701728821e-02 1.128950901329517365e-02 1.260000281035900116e-02 2.120333537459373474e-02 1.766165345907211304e-02 1.517617609351873398e-02 8.294875733554363251e-03 9.465370327234268188e-03 4.785829409956932068e-02 2.137438766658306122e-02 3.575040027499198914e-02 1.080860290676355362e-02 3.955210093408823013e-03 1.749044470489025116e-02 5.490571726113557816e-03 2.072614058852195740e-02 6.053234636783599854e-02 3.474167734384536743e-02 3.844606503844261169e-02 2.733460441231727600e-02 8.542739786207675934e-03 9.313247166574001312e-03 1.491326466202735901e-02 8.514367043972015381e-03 3.109153732657432556e-02 2.725235000252723694e-02 7.019141688942909241e-03 8.189335465431213379e-03 4.427386075258255005e-02 2.071625739336013794e-02 2.277241274714469910e-02 2.064629457890987396e-02 7.420045323669910431e-03 7.681913208216428757e-03 9.361432865262031555e-03 1.244727056473493576e-02 1.002163253724575043e-02 1.110953651368618011e-02 3.954406827688217163e-02 3.277313709259033203e-02 1.159772928804159164e-02 1.054467353969812393e-02 2.979899581987410784e-04 6.914640776813030243e-03 3.124003298580646515e-03 1.961903274059295654e-02 1.010503806173801422e-02 1.443727756850421429e-03 5.613484419882297516e-03 4.371987655758857727e-03 6.654457654803991318e-03 2.064844407141208649e-02 2.664104290306568146e-02 2.539224736392498016e-02 1.038047671318054199e-02 1.245418796315789223e-03
1.167772617191076279e-02 1.189548801630735397e-02 7.087852340191602707e-03 1.454496104270219803e-02 1.827914826571941376e-02 1.563963852822780609e-02 1.885408535599708557e-02 1.305746100842952728e-02 3.514735773205757141e-02 8.473240137100219727e-01 2.154054353013634682e-03 2.009307034313678741e-02 9.824384935200214386e-03 2.944708988070487976e-02 1.153805013746023178e-02 7.946909405291080475e-03 1.091532036662101746e-02 2.812136709690093994e-02 4.526389017701148987e-02 2.564189769327640533e-02 1.306094601750373840e-02 8.684083819389343262e-03 3.335757553577423096e-02 3.366604447364807129e-02 3.292056173086166382e-02 2.794628031551837921e-02 6.326495204120874405e-03 7.145842071622610092e-03 1.564646884799003601e-02 1.301116961985826492e-02 5.900268908590078354e-03 2.714048884809017181e-02 1.438250578939914703e-02 3.988737240433692932e-02 5.235140677541494370e-03 5.756718572229146957e-03 7.401302922517061234e-03 5.323420744389295578e-03 1.134842541068792343e-02 1.487086527049541473e-02 7.827458903193473816e-03 4.052944853901863098e-02 3.553593158721923828e-02 1.394652016460895538e-02 2.780771814286708832e-02 3.133952990174293518e-02 2.126667089760303497e-02 1.956562884151935577e-02 2.893806993961334229e-02 4.206626117229461670e-02 3.117284178733825684e-02 2.723512798547744751e-02 4.604932852089405060e-03 1.131203677505254745e-02 1.976914517581462860e-02 3.465778380632400513e-02 2.278980985283851624e-02 2.509507723152637482e-02 2.306552045047283173e-02 6.061056163161993027e-03 4.154464695602655411e-03 2.639973349869251251e-02 1.185611262917518616e-02 1.534513849765062332e-02 6.995529402047395706e-03 2.304610279679764062e-05 2.408307790756225586e-02 1.821368746459484100e-02 2.124492265284061432e-02 1.292565278708934784e-02 2.888401597738265991e-02 1.276492513716220856e-02 5.222111474722623825e-03 3.569544758647680283e-03 7.921353913843631744e-03 1.377799082547426224e-02 2.868882380425930023e-02 4.480934888124465942e-02 3.879208490252494812e-02 5.296917259693145752e-02 1.133883744478225708e-02 9.054596535861492157e-03 2.209172956645488739e-02 2.275795117020606995e-02 2.400335296988487244e-02 3.536969050765037537e-02 1.995434286072850227e-03 9.029347449541091919e-03 1.633990183472633362e-02 3.959714621305465698e-02 1.182010304182767868e-02 8.788730949163436890e-03 8.090370334684848785e-03 5.389201920479536057e-03 1.356682158075273037e-03 6.056393031030893326e-03 1.073439233005046844e-02 1.719451684039086103e-04 3.867382556200027466e-02 4.004485905170440674e-02 1.174706220626831055e-02 1.605889759957790375e-02 4.163442645221948624e-03 8.250121027231216431e-03 3.376495093107223511e-03 9.688997641205787659e-03 4.496937151998281479e-03 8.146355859935283661e-03 4.250299651175737381e-03 1.489963475614786148e-02 5.657956935465335846e-03 1.284644473344087601e-02 3.151453286409378052e-02 2.754529379308223724e-02 9.778204374015331268e-03 1.197029557079076767e-02
5.487540364265441895e-02 5.767316371202468872e-02 3.388290526345372200e-03 7.264915620908141136e-04 1.119056716561317444e-03 4.354522749781608582e-02 4.959119483828544617e-02 2.370290644466876984e-02 1.503462903201580048e-03 2.154054353013634682e-03 8.473240137100219727e-01 5.238716024905443192e-03 6.838854402303695679e-02 4.983304534107446671e-03 1.628489233553409576e-02 6.919668987393379211e-03 2.536704763770103455e-03 1.231435919180512428e-03 2.586328657343983650e-03 1.575721800327301025e-02 2.028100006282329559e-02 3.065781667828559875e-02 9.084380231797695160e-03 1.051447354257106781e-02 3.817416494712233543e-03 3.893174929544329643e-03 4.693116247653961182e-02 1.365032792091369629e-02 3.352978080511093140e-02 7.586070336401462555e-03 5.053509026765823364e-02 3.434480866417288780e-03 1.823769323527812958e-02 3.086764365434646606e-03 1.895911700557917356e-04 3.647355129942297935e-03 2.786158118396997452e-03 3.628919273614883423e-02 1.890306477434933186e-03 2.725100377574563026e-03 2.340658009052276611e-02 8.052918128669261932e-03 7.477083243429660797e-03 1.482846122235059738e-02 3.709875745698809624e-03 6.514404434710741043e-03 4.811173304915428162e-02 4.202932119369506836e-02 1.873437501490116119e-02 7.810531184077262878e-03 2.345274575054645538e-02 2.560667134821414948e-02 5.024760495871305466e-03 1.127036381512880325e-02 5.142786074429750443e-03 7.619217038154602051e-03 1.470815110951662064e-02 2.030502771958708763e-03 2.256404608488082886e-03 1.263179350644350052e-03 8.013529703021049500e-03 5.624821642413735390e-04 7.385496050119400024e-03 1.436908147297799587e-03 4.248401895165443420e-02 3.826685622334480286e-02 6.659626029431819916e-03 1.004859711974859238e-02 6.748585496097803116e-03 7.374419365078210831e-03 9.123322553932666779e-03 1.962587935850024223e-03 3.986584953963756561e-03 1.666237227618694305e-02 6.765035912394523621e-03 4.659034311771392822e-03 8.057310245931148529e-03 6.490281317383050919e-03 2.288253279402852058e-03 2.896432066336274147e-03 8.335757069289684296e-03 2.091421745717525482e-02 9.762809611856937408e-03 3.071662504225969315e-03 4.423520993441343307e-03 5.728185642510652542e-03 3.177446126937866211e-02 2.171715896110981703e-04 3.447794122621417046e-03 8.604370057582855225e-03 2.659040875732898712e-02 1.841630227863788605e-02 3.371429815888404846e-02 2.036646939814090729e-02 2.294012159109115601e-02 2.305881120264530182e-02 2.432722412049770355e-02 2.392782457172870636e-02 2.067726571112871170e-03 7.243052823469042778e-04 1.410029642283916473e-02 1.729938387870788574e-02 2.532519400119781494e-02 2.620771899819374084e-02 1.454933825880289078e-02 1.342268381267786026e-02 1.216539274901151657e-02 1.421612221747636795e-03 2.232203818857669830e-02 1.168219465762376785e-02 4.225495085120201111e-02 3.524736315011978149e-02 5.882490891963243484e-03 9.287190623581409454e-03 2.059933915734291077e-02 2.348482143133878708e-03
1.847193203866481781e-02 1.440451107919216156e-02 1.022110320627689362e-02 1.837563887238502502e-02 1.559415459632873535e-02 2.650569006800651550e-02 1.583042182028293610e-02 1.135483197867870331e-02 3.657803684473037720e-02 2.009307034313678741e-02 5.238716024905443192e-03 8.473240137100219727e-01 1.774016954004764557e-02 5.180422961711883545e-02 2.632535435259342194e-02 1.822096481919288635e-02 1.959054730832576752e-02 2.853627316653728485e-02 2.454002946615219116e-02 7.766389171592891216e-04 1.062955055385828018e-02 6.312244571745395660e-03 3.048619255423545837e-02 2.052295021712779999e-02 1.750766113400459290e-02 2.508239261806011200e-02 8.216015994548797607e-03 5.148041993379592896e-02 2.115452475845813751e-02 4.076869413256645203e-02 7.761371321976184845e-03 5.128021817654371262e-03 5.450090859085321426e-03 6.307269446551799774e-03 4.053371958434581757e-03 2.770686149597167969e-02 6.257736124098300934e-03 1.313268789090216160e-03 1.711710356175899506e-02 1.427670009434223175e-02 6.428299006074666977e-03 2.040966413915157318e-02 2.140457555651664734e-02 1.950273476541042328e-02 4.079498350620269775e-02 2.726968750357627869e-02 2.919845096766948700e-02 1.621914282441139221e-02 2.163704950362443924e-03 6.799507420510053635e-03 1.622326485812664032e-02 2.087117545306682587e-02 6.236705463379621506e-03 7.763759233057498932e-03 6.870854180306196213e-03 4.294479731470346451e-03 1.676149666309356689e-02 1.794739812612533569e-02 6.052530836313962936e-03 1.752882148139178753e-03 1.256920280866324902e-03 1.900620386004447937e-02 3.191981231793761253e-03 7.376790046691894531e-03 9.830689523369073868e-04 8.544117212295532227e-03 1.184542383998632431e-02 2.080729603767395020e-02 2.809971384704113007e-02 2.047692425549030304e-02 2.123565971851348877e-02 9.205346577800810337e-04 2.011715248227119446e-02 1.948908530175685883e-02 2.093855105340480804e-02 2.018613368272781372e-02 4.300369694828987122e-02 2.143568918108940125e-02 3.442398086190223694e-02 1.881823129951953888e-02 1.413588505238294601e-02 1.346092391759157181e-02 2.945926971733570099e-02 1.784541644155979156e-02 2.415142394602298737e-02 8.180839009582996368e-03 1.142054982483386993e-02 1.864215359091758728e-02 3.647812828421592712e-02 3.121464513242244720e-02 3.805432096123695374e-02 8.544762618839740753e-03 1.416835188865661621e-02 1.281780749559402466e-02 5.441097076982259750e-03 9.309046901762485504e-03 1.307767350226640701e-02 1.875035651028156281e-02 2.135746181011199951e-02 1.296136714518070221e-02 1.488110516220331192e-02 1.246326044201850891e-02 1.471791882067918777e-02 1.779652573168277740e-02 9.678250178694725037e-03 5.318678915500640869e-03 1.546720694750547409e-02 7.881091907620429993e-03 1.549514383077621460e-02 2.383714728057384491e-02 1.053396984934806824e-02 6.812747567892074585e-03 2.853887528181076050e-02 1.931994594633579254e-02 8.523652330040931702e-03 1.253404747694730759e-02
6.258071213960647583e-02 7.368621230125427246e-02 1.514531951397657394e-02 4.837727174162864685e-03 4.489233717322349548e-03 5.915294215083122253e-02 6.504308432340621948e-02 2.550347894430160522e-02 9.207176975905895233e-03 9.824384935200214386e-03 6.838854402303695679e-02 1.774016954004764557e-02 8.473240137100219727e-01 2.187934331595897675e-02 3.592998161911964417e-02 6.719780154526233673e-03 2.332271076738834381e-02 5.750244017690420151e-03 1.498945150524377823e-02 1.162214577198028564e-02 4.948894027620553970e-03 2.418645098805427551e-02 1.134941168129444122e-02 1.101155579090118408e-02 7.430621888488531113e-03 5.403263028711080551e-03 4.309840127825737000e-02 2.485863678157329559e-02 3.485009819269180298e-02 3.210686892271041870e-02 4.384737089276313782e-02 8.556763641536235809e-03 1.808283664286136627e-02 8.915154263377189636e-03 1.890316343633458018e-04 2.214927598834037781e-02 1.395415421575307846e-02 3.026202693581581116e-02 1.388150639832019806e-02 3.519955324009060860e-03 1.558407302945852280e-02 6.326961796730756760e-03 5.297270254231989384e-04 2.990117063745856285e-03 7.459283806383609772e-03 1.676881453022360802e-03 5.458530411124229431e-02 6.009887903928756714e-02 8.178695105016231537e-03 1.951383601408451796e-04 2.384728752076625824e-02 2.240922115743160248e-02 1.790452003479003906e-02 6.330724805593490601e-03 1.104754768311977386e-02 8.629590738564729691e-04 2.109310775995254517e-02 3.155871818307787180e-04 1.564845815300941467e-02 1.103672198951244354e-02 1.841562101617455482e-03 1.193942315876483917e-02 9.973863139748573303e-03 1.316964253783226013e-02 1.558248139917850494e-02 2.411714382469654083e-02 1.921863062307238579e-03 2.164222765713930130e-03 2.008158713579177856e-02 6.723561324179172516e-03 2.349457144737243652e-02 1.228724513202905655e-02 6.011913996189832687e-03 5.732528865337371826e-03 2.566320076584815979e-02 1.292639691382646561e-02 1.541419047862291336e-02 4.384840372949838638e-03 1.079208450391888618e-03 2.045789267867803574e-03 1.097784936428070068e-02 3.534632036462426186e-03 1.724374294281005859e-02 1.986831659451127052e-03 4.851988051086664200e-03 5.131042562425136566e-03 1.313080452382564545e-02 1.637876965105533600e-02 5.967802368104457855e-03 3.062831237912178040e-03 4.589131474494934082e-02 1.243470236659049988e-02 4.211725667119026184e-02 2.414166741073131561e-02 1.207002904266119003e-02 5.509055219590663910e-03 1.199944876134395599e-02 2.853820333257317543e-03 5.589835345745086670e-03 6.343679036945104599e-03 2.315175952389836311e-03 2.524018054828047752e-04 2.522158809006214142e-02 2.329781465232372284e-02 2.730526728555560112e-03 8.725893683731555939e-03 1.416173297911882401e-02 1.535509247332811356e-03 2.766322577372193336e-03 1.662220456637442112e-04 3.064641728997230530e-02 2.310837246477603912e-02 3.174053970724344254e-03 4.714246839284896851e-03 1.687543839216232300e-02 9.861269034445285797e-03
