8.190324902534484863e-01 6.326373666524887085e-02 7.197577971965074539e-03 8.994342759251594543e-03 2.476717345416545868e-02 5.020838975906372070e-02 1.964243315160274506e-02 9.105065837502479553e-03 1.657849363982677460e-02 1.607570797204971313e-02 5.559229478240013123e-02 1.135055720806121826e-02 6.120078265666961670e-02 3.845525672659277916e-03 3.833803115412592888e-03 2.105230093002319336e-02 5.399507470428943634e-03 2.085829712450504303e-02 1.529877819120883942e-02 2.098661847412586212e-02 1.365551818162202835e-02 6.653493735939264297e-03 3.361578285694122314e-02 2.259030565619468689e-02 9.207727387547492981e-03 6.745056249201297760e-03 2.452592924237251282e-02 5.927067715674638748e-03 3.814954310655593872e-02 5.691983737051486969e-03 3.881136700510978699e-02 3.475604578852653503e-02 1.796245016157627106e-02 2.344616316258907318e-02 1.100336853414773941e-02 1.503268443048000336e-02 2.834352198988199234e-03 7.572410162538290024e-03 3.875681897625327110e-03 2.631320245563983917e-02 1.767919771373271942e-02 1.823035627603530884e-02 2.507010241970419884e-03 6.051816511899232864e-03 1.172598823904991150e-02 2.128274500137194991e-04 3.775132074952125549e-02 4.050770401954650879e-02 1.414307951927185059e-02 3.852328052744269371e-03 8.412025868892669678e-03 9.240796789526939392e-03 1.645109616219997406e-02 2.035965397953987122e-02 1.977707631886005402e-02 7.651522755622863770e-03 4.688289482146501541e-03 1.757643371820449829e-02 4.945241380482912064e-03 2.210531570017337799e-02 1.909175328910350800e-02 1.005800161510705948e-02 1.064408803358674049e-03 8.262953720986843109e-03 3.912372980266809464e-03 1.199617143720388412e-02 2.069318667054176331e-02 1.655327714979648590e-02 7.852798327803611755e-03 4.613027442246675491e-03 4.089576541446149349e-04 1.936569996178150177e-02 2.869066968560218811e-02 2.071524213533848524e-04 1.924657262861728668e-02 1.563180983066558838e-02 1.121736131608486176e-02 4.836373962461948395e-03 2.453364618122577667e-02 1.331342104822397232e-02 5.499289836734533310e-03 1.451208908110857010e-02 1.432804111391305923e-02 2.635788870975375175e-03 2.472202293574810028e-02 9.925672784447669983e-03 1.694405451416969299e-02 1.988187804818153381e-02 3.404321148991584778e-02 2.223673462867736816e-02 3.565573319792747498e-02 3.579368581995368004e-03 3.827575594186782837e-02 2.555254288017749786e-02 9.852222166955471039e-03 6.103542167693376541e-03 7.177818566560745239e-03 2.204823866486549377e-02 6.736901123076677322e-03 5.158569198101758957e-03 1.829951442778110504e-02 8.462237747153267264e-05 4.281430970877408981e-03 1.595889031887054443e-02 9.770346805453300476e-03 2.320699952542781830e-02 6.036901846528053284e-03 1.281794626265764236e-02 5.343225784599781036e-03 1.476287003606557846e-02 1.271193847060203552e-02 2.547157928347587585e-02 3.124765120446681976e-02 2.422549016773700714e-02 1.015984744299203157e-04 5.551156587898731232e-03
6.326373666524887085e-02 8.190324902534484863e-01 1.485452614724636078e-02 7.711798883974552155e-03 1.481126714497804642e-02 4.484690725803375244e-02 3.330064937472343445e-02 7.880980148911476135e-03 1.330307032912969589e-02 9.605648927390575409e-03 4.858728498220443726e-02 8.401731960475444794e-03 8.318410813808441162e-02 4.164599347859621048e-03 1.150920521467924118e-02 1.695406995713710785e-02 4.744801670312881470e-03 2.693567238748073578e-02 2.468712441623210907e-02 1.700706407427787781e-02 6.763456854969263077e-03 1.648040302097797394e-02 2.112939767539501190e-02 7.384692318737506866e-03 4.741211421787738800e-03 4.780509509146213531e-03 8.362866938114166260e-03 5.182943306863307953e-03 1.571906171739101410e-02 1.977531611919403076e-02 9.743900038301944733e-03 3.009361401200294495e-02 2.041540667414665222e-02 9.732057340443134308e-03 1.191779039800167084e-02 2.433907007798552513e-03 1.898183370940387249e-03 5.334226414561271667e-03 8.002487011253833771e-03 1.488510891795158386e-02 1.007050741463899612e-02 6.601208006031811237e-04 2.475104527547955513e-03 4.351209383457899094e-03 1.759476773440837860e-02 5.542753264307975769e-03 2.729544043540954590e-02 3.173903748393058777e-02 5.065361037850379944e-03 1.548335608094930649e-02 2.756989328190684319e-03 2.246469818055629730e-02 5.344141740351915359e-03 2.397611923515796661e-02 6.893231067806482315e-03 9.756894782185554504e-03 2.254117862321436405e-04 8.135790005326271057e-03 8.174135000444948673e-04 2.965922653675079346e-02 4.581006243824958801e-03 8.791576139628887177e-03 2.231416059657931328e-03 3.141894238069653511e-03 4.080764949321746826e-03 2.378124184906482697e-02 2.916549099609255791e-03 1.700659468770027161e-02 4.339696839451789856e-03 1.107081584632396698e-02 6.209848914295434952e-03 8.037788793444633484e-03 1.642036624252796173e-02 1.199022401124238968e-03 3.853108733892440796e-02 6.577895837835967541e-04 5.721250083297491074e-03 1.024133292958140373e-03 2.667953632771968842e-02 2.285056281834840775e-03 1.863168179988861084e-02 1.591869443655014038e-02 1.315337140113115311e-02 1.417233957909047604e-03 1.653991080820560455e-02 8.272404782474040985e-03 1.696136221289634705e-02 2.231310680508613586e-02 1.844906806945800781e-02 1.845128950662910938e-03 3.479756414890289307e-02 1.032206695526838303e-02 1.626602001488208771e-02 2.422430552542209625e-02 1.782175153493881226e-02 1.402701344341039658e-02 6.826646160334348679e-03 4.023864865303039551e-03 2.539676614105701447e-03 6.079981103539466858e-03 7.882399484515190125e-03 6.598763167858123779e-03 9.328569285571575165e-04 3.686294890940189362e-03 1.633100584149360657e-02 1.729387044906616211e-02 3.222919628024101257e-02 3.635879140347242355e-03 1.243189536035060883e-02 1.945134997367858887e-02 3.486569272354245186e-03 4.837296903133392334e-03 1.300452928990125656e-02 1.001430023461580276e-02 1.818202622234821320e-02 4.720473196357488632e-03
7.197577971965074539e-03 1.485452614724636078e-02 8.190324902534484863e-01 1.953381113708019257e-03 2.476424165070056915e-02 1.949884183704853058e-02 1.648766337893903255e-03 5.797633901238441467e-02 2.229629643261432648e-02 2.114829793572425842e-02 1.234652288258075714e-02 1.276405714452266693e-02 1.573067717254161835e-02 4.006589949131011963e-02 5.762777291238307953e-03 1.580093055963516235e-02 3.261888772249221802e-02 1.677678152918815613e-02 1.950360462069511414e-02 8.604409173130989075e-03 9.292187169194221497e-03 6.386317312717437744e-03 1.119826082140207291e-02 1.159910578280687332e-02 1.423263107426464558e-03 1.681439764797687531e-02 1.960414461791515350e-02 1.710437610745429993e-02 2.154115960001945496e-02 3.333789482712745667e-02 9.828485548496246338e-03 1.334252487868070602e-02 4.579386441037058830e-04 3.041248535737395287e-03 1.215413678437471390e-02 4.969934467226266861e-03 3.748011522475280799e-06 1.510747987776994705e-02 8.120208978652954102e-03 1.214330829679965973e-02 2.696366747841238976e-03 1.755620725452899933e-02 1.689344528131186962e-03 2.879603300243616104e-03 9.231321513652801514e-03 2.146813087165355682e-02 1.002744864672422409e-02 3.606162220239639282e-02 5.711640231311321259e-03 4.797368310391902924e-03 1.195367332547903061e-02 8.933428674936294556e-03 1.396137755364179611e-03 9.268382564187049866e-03 4.333438724279403687e-02 1.735743600875139236e-03 2.075165882706642151e-02 6.701566278934478760e-03 9.657200425863265991e-03 2.810358535498380661e-03 2.070618793368339539e-02 1.019261218607425690e-02 1.250194851309061050e-02 6.980290170758962631e-03 1.652633957564830780e-02 4.655041266232728958e-03 6.771509069949388504e-03 3.757125698029994965e-03 4.553806502372026443e-03 4.990587476640939713e-03 1.952101476490497589e-02 2.974559552967548370e-02 1.393375359475612640e-02 8.677614852786064148e-03 2.305475994944572449e-02 3.759616240859031677e-02 2.677300013601779938e-02 3.513445705175399780e-02 2.008262556046247482e-03 3.588291816413402557e-03 4.922981560230255127e-02 3.339489921927452087e-02 1.436128746718168259e-02 5.540784914046525955e-03 1.462733093649148941e-02 1.605360303074121475e-03 3.110606921836733818e-03 2.560852095484733582e-02 9.672579355537891388e-03 3.270140662789344788e-02 3.217810392379760742e-02 9.370987303555011749e-03 3.496740758419036865e-02 2.148227021098136902e-02 2.234864048659801483e-02 6.390413735061883926e-03 1.122536137700080872e-02 2.727834507822990417e-02 2.045044116675853729e-02 7.533449213951826096e-03 2.808687649667263031e-02 2.841234207153320312e-02 3.643938573077321053e-03 1.002458948642015457e-02 7.172047626227140427e-03 3.108086623251438141e-02 1.099491491913795471e-02 9.058774448931217194e-03 9.080466814339160919e-03 1.102132815867662430e-02 2.258049696683883667e-02 1.341001596301794052e-02 2.085069892928004265e-03 7.679477799683809280e-03 1.570095494389533997e-02 1.750302384607493877e-03
8.994342759251594543e-03 7.711798883974552155e-03 1.953381113708019257e-03 8.190324902534484863e-01 4.222193732857704163e-03 5.949029233306646347e-03 2.917448990046977997e-02 9.029234759509563446e-03 1.282801199704408646e-02 1.497742906212806702e-02 1.079322025179862976e-02 7.195737678557634354e-03 1.711355708539485931e-02 6.925938185304403305e-03 2.912321826443076134e-03 2.698516473174095154e-02 1.841284334659576416e-02 2.153394930064678192e-02 1.781437918543815613e-02 1.545418519526720047e-03 3.991690929979085922e-03 6.203952711075544357e-03 1.219024602323770523e-02 3.208176698535680771e-03 6.468331906944513321e-03 3.757377620786428452e-03 1.483918167650699615e-02 3.615065291523933411e-02 2.235356951132416725e-03 1.529983151704072952e-02 2.782743051648139954e-02 8.845783770084381104e-03 2.825471106916666031e-03 6.249931757338345051e-04 1.109720114618539810e-02 1.284499769099056721e-03 1.050596009008586407e-03 1.545359380543231964e-02 2.613944001495838165e-02 1.568019390106201172e-02 4.644259344786405563e-03 4.480507923290133476e-04 7.363267708569765091e-03 5.460032727569341660e-03 2.548389369621872902e-03 1.937727071344852448e-02 5.007771309465169907e-03 5.290775559842586517e-03 9.930610656738281250e-03 1.005525887012481689e-02 5.579717457294464111e-03 8.153922855854034424e-03 7.884639315307140350e-03 2.217047661542892456e-02 1.324317138642072678e-02 1.083790138363838196e-02 3.998115193098783493e-03 1.742047816514968872e-02 9.135290049016475677e-03 1.913570985198020935e-02 4.030759632587432861e-02 1.630375720560550690e-02 2.805009111762046814e-02 3.694283962249755859e-02 6.838709115982055664e-03 4.475528374314308167e-03 5.646208766847848892e-03 5.870585795491933823e-03 3.221599012613296509e-02 2.765455283224582672e-02 1.117821130901575089e-02 9.603927843272686005e-03 4.522742331027984619e-02 2.797386236488819122e-02 3.879132913425564766e-03 9.016702882945537567e-03 3.130704909563064575e-02 1.780371926724910736e-02 1.172866299748420715e-02 9.196266531944274902e-03 7.205244153738021851e-03 8.661760948598384857e-03 4.087058827280998230e-02 2.865970879793167114e-02 1.324314158409833908e-02 8.332040160894393921e-03 1.456275861710309982e-02 1.305172126740217209e-02 2.778829541057348251e-03 1.906742528080940247e-02 2.393291564658284187e-03 1.434449385851621628e-02 3.544329199939966202e-03 1.936769112944602966e-02 2.404649369418621063e-02 7.581864017993211746e-03 4.675976932048797607e-03 5.822897888720035553e-03 3.028914332389831543e-03 1.655475702136754990e-03 3.690870013087987900e-03 7.347438950091600418e-04 5.123398732393980026e-03 2.194102853536605835e-03 2.649091742932796478e-02 1.529500819742679596e-02 4.582513589411973953e-03 7.536616642028093338e-03 7.323737721890211105e-03 3.145714104175567627e-02 2.216494269669055939e-02 2.897701226174831390e-02 3.797131066676229239e-04 3.771546296775341034e-03 2.290051430463790894e-03 4.606662690639495850e-02
2.476717345416545868e-02 1.481126714497804642e-02 2.476424165070056915e-02 4.222193732857704163e-03 8.190324902534484863e-01 1.478310208767652512e-03 2.736904844641685486e-02 5.772450240328907967e-04 1.388460979796946049e-03 1.477350667119026184e-02 2.803528867661952972e-02 7.600171491503715515e-03 1.846383512020111084e-02 1.950824982486665249e-03 1.544734276831150055e-02 2.489499934017658234e-02 3.813679516315460205e-02 8.472001180052757263e-03 3.278065472841262817e-02 1.115606632083654404e-03 1.232451945543289185e-02 1.429518777877092361e-02 7.900323718786239624e-03 4.426333587616682053e-03 1.692947372794151306e-02 5.100103560835123062e-03 1.618173159658908844e-02 3.034332022070884705e-02 3.801678540185093880e-03 2.754096314311027527e-02 4.983810242265462875e-03 6.712426897138357162e-03 5.952898412942886353e-03 6.630381103605031967e-03 7.777655031532049179e-03 1.804798096418380737e-02 2.242244221270084381e-02 5.840130150318145752e-03 7.204787340015172958e-03 1.536030787974596024e-02 3.083249088376760483e-03 2.421407960355281830e-03 1.674474030733108521e-02 3.855530172586441040e-02 4.609271511435508728e-02 3.747692331671714783e-02 3.176594898104667664e-02 3.908892627805471420e-03 8.729648776352405548e-03 8.250955492258071899e-03 2.052282541990280151e-02 3.434247896075248718e-02 4.363437183201313019e-03 2.139114076271653175e-03 1.963876886293292046e-03 4.819208756089210510e-03 6.037838757038116455e-03 1.605050079524517059e-02 3.692785510793328285e-03 1.721928082406520844e-02 1.328350976109504700e-02 3.090451844036579132e-02 8.656721562147140503e-03 2.252321317791938782e-02 3.126749768853187561e-02 4.048306867480278015e-02 1.646048948168754578e-02 1.207306887954473495e-02 1.532992534339427948e-02 2.817269042134284973e-02 2.768639661371707916e-02 2.030413597822189331e-02 1.164945028722286224e-02 2.465935423970222473e-02 3.965106233954429626e-02 1.058831159025430679e-02 5.529924761503934860e-03 4.019310325384140015e-02 1.299088075757026672e-02 1.370667014271020889e-02 6.989363115280866623e-03 1.681206934154033661e-02 8.114871161524206400e-05 8.132961578667163849e-03 1.542462734505534172e-03 5.764425732195377350e-03 2.807412529364228249e-04 5.243137478828430176e-03 2.684681862592697144e-02 2.905177697539329529e-02 8.058313978835940361e-04 1.967968977987766266e-02 3.310937900096178055e-03 1.217918284237384796e-02 1.877053081989288330e-02 3.755684709176421165e-03 4.451722837984561920e-03 1.723843044601380825e-03 8.727554231882095337e-03 9.137983433902263641e-03 7.934605702757835388e-03 8.105439133942127228e-03 1.161017827689647675e-02 3.496924182400107384e-04 1.196193695068359375e-02 6.381580606102943420e-03 4.866719827987253666e-04 4.102149605751037598e-02 3.401022870093584061e-03 2.041463553905487061e-02 3.107010154053568840e-03 1.929351128637790680e-02 2.992867492139339447e-03 6.518071750178933144e-04 6.233659223653376102e-04 2.145657315850257874e-03
5.020838975906372070e-02 4.484690725803375244e-02 1.949884183704853058e-02 5.949029233306646347e-03 1.478310208767652512e-03 8.190324902534484863e-01 4.140594601631164551e-02 4.122684244066476822e-03 3.747603297233581543e-02 2.517755888402462006e-02 1.378947496414184570e-02 3.807386383414268494e-02 4.150478914380073547e-02 1.216955482959747314e-02 2.273771353065967560e-02 2.357233688235282898e-02 2.276970073580741882e-03 2.465698868036270142e-02 5.634006811305880547e-04 1.803667284548282623e-02 1.473893783986568451e-02 1.437685918062925339e-02 3.196500241756439209e-02 1.834210008382797241e-02 1.347268279641866684e-02 1.360307540744543076e-02 2.232022210955619812e-02 2.083149552345275879e-02 4.976581409573554993e-02 9.702339768409729004e-03 2.648948691785335541e-02 1.478285714983940125e-02 2.194324694573879242e-02 9.805396199226379395e-03 8.496253751218318939e-03 1.403034664690494537e-03 1.059233956038951874e-02 1.371996756643056870e-02 2.434818088659085333e-05 1.525727566331624985e-02 1.331098191440105438e-02 1.589205116033554077e-02 1.476274989545345306e-02 3.630312159657478333e-03 8.235413581132888794e-03 3.945698030292987823e-03 4.865400865674018860e-02 4.600770026445388794e-02 1.930315606296062469e-02 1.276679988950490952e-02 7.806346286088228226e-03 1.172355655580759048e-02 1.574880070984363556e-02 3.017657995223999023e-02 8.914244361221790314e-03 1.582658151164650917e-03 2.651648037135601044e-02 1.173864235170185566e-03 7.482658606022596359e-03 1.483112014830112457e-02 5.433007143437862396e-03 1.617021858692169189e-02 3.701424575410783291e-04 1.350199896842241287e-02 3.692848607897758484e-02 1.485616900026798248e-02 1.706708781421184540e-02 1.722146198153495789e-02 7.584575563669204712e-03 3.312330693006515503e-02 3.362435614690184593e-03 2.840138599276542664e-02 2.682338468730449677e-02 1.845549233257770538e-02 3.790445253252983093e-02 2.549550868570804596e-02 2.059835195541381836e-02 4.379001446068286896e-03 1.146685611456632614e-02 7.942939177155494690e-03 1.337660755962133408e-02 1.036963332444429398e-02 1.100124698132276535e-02 3.348491853103041649e-03 2.293680980801582336e-02 6.111829075962305069e-03 4.139539320021867752e-03 8.812571875751018524e-03 5.200557410717010498e-03 3.157303854823112488e-02 2.961384877562522888e-02 3.281559422612190247e-02 5.963890627026557922e-02 4.805518314242362976e-02 2.281767316162586212e-03 6.771170534193515778e-03 1.200465019792318344e-02 2.328153885900974274e-02 1.161972410045564175e-03 4.119165241718292236e-04 1.047774776816368103e-02 4.965940956026315689e-03 1.853005401790142059e-02 2.869880385696887970e-02 6.322197150439023972e-03 8.934886194765567780e-03 5.790932569652795792e-03 1.798747479915618896e-02 1.196921244263648987e-02 6.127257365733385086e-03 1.707635633647441864e-02 2.755486173555254936e-03 1.871039718389511108e-02 1.552044693380594254e-02 1.738285087049007416e-02 5.571752320975065231e-03
1.964243315160274506e-02 3.330064937472343445e-02 1.648766337893903255e-03 2.917448990046977997e-02 2.736904844641685486e-02 4.140594601631164551e-02 8.190324902534484863e-01 2.595328725874423981e-02 2.064363332465291023e-03 1.393778715282678604e-03 3.844406455755233765e-02 2.439381368458271027e-02 1.081812940537929535e-02 3.675175830721855164e-02 2.217299304902553558e-02 8.450470864772796631e-03 5.500388797372579575e-03 7.826630957424640656e-03 1.112228631973266602e-02 3.126002848148345947e-03 6.893041078001260757e-03 2.325584553182125092e-02 8.935282006859779358e-03 2.352454327046871185e-02 1.143240183591842651e-02 5.563002545386552811e-03 2.606420032680034637e-02 3.809299319982528687e-02 1.047035772353410721e-02 9.244716726243495941e-03 1.058864500373601913e-02 7.019859272986650467e-03 1.817153953015804291e-02 5.519466940313577652e-03 5.442396737635135651e-03 1.691005751490592957e-02 2.267213910818099976e-02 2.012955024838447571e-03 4.109473899006843567e-03 1.261544041335582733e-02 5.975571461021900177e-03 1.433299016207456589e-02 1.103601977229118347e-02 1.431431341916322708e-02 1.402420923113822937e-02 3.145753964781761169e-02 4.026903584599494934e-02 2.164901234209537506e-02 9.793300181627273560e-03 4.767443053424358368e-03 1.003619842231273651e-02 2.818658947944641113e-03 6.499311421066522598e-03 1.044145692139863968e-02 2.649529138579964638e-03 1.190989743918180466e-02 1.652901619672775269e-02 1.475104130804538727e-02 1.924275606870651245e-02 5.591927096247673035e-03 1.027736905962228775e-02 3.491872921586036682e-02 3.620417788624763489e-02 2.366103604435920715e-02 5.331279709935188293e-03 2.665025368332862854e-02 1.188434846699237823e-02 7.383123505860567093e-03 7.796306163072586060e-03 4.198301956057548523e-02 8.173864334821701050e-03 9.120265953242778778e-03 5.654570413753390312e-04 8.334181271493434906e-03 1.189552247524261475e-02 8.854010142385959625e-03 6.338111124932765961e-03 1.249646861106157303e-02 9.404008276760578156e-03 3.103764541447162628e-02 9.533142670989036560e-03 1.718895277008414268e-03 8.143813349306583405e-03 2.256881818175315857e-02 7.606982253491878510e-03 3.709011012688279152e-03 2.993722446262836456e-02 6.588977761566638947e-03 2.369293943047523499e-02 6.274230778217315674e-03 2.071392163634300232e-02 3.143120091408491135e-03 2.299144491553306580e-02 9.088240563869476318e-03 1.828622072935104370e-02 5.957539193332195282e-03 4.528795834630727768e-03 1.232480257749557495e-02 9.468874894082546234e-03 1.329496037214994431e-03 1.336404215544462204e-02 1.935919933021068573e-02 1.906504109501838684e-02 1.708990149199962616e-02 1.596329617314040661e-03 4.660337697714567184e-03 1.797479018568992615e-02 1.449948549270629883e-02 6.081922911107540131e-04 7.929803803563117981e-03 4.647295922040939331e-02 5.362670635804533958e-04 2.357472293078899384e-02 4.746277350932359695e-03 1.828310452401638031e-02 3.854068345390260220e-04
9.105065837502479553e-03 7.880980148911476135e-03 5.797633901238441467e-02 9.029234759509563446e-03 5.772450240328907967e-04 4.122684244066476822e-03 2.595328725874423981e-02 8.190324902534484863e-01 5.934348795562982559e-03 1.899842754937708378e-03 9.008414344862103462e-04 2.551151625812053680e-02 1.478368695825338364e-02 1.300777867436408997e-02 3.282669931650161743e-02 1.820590160787105560e-02 2.843862399458885193e-02 1.700614020228385925e-02 1.837906800210475922e-02 1.960428990423679352e-02 1.416983176022768021e-02 1.672622375190258026e-02 9.076175279915332794e-03 2.339490922167897224e-03 1.639924827031791210e-03 7.810324896126985550e-04 1.750496588647365570e-02 3.773929085582494736e-03 3.495218406897038221e-04 1.183148240670561790e-03 2.456047572195529938e-03 8.067807182669639587e-03 9.809675248106941581e-06 6.176444236189126968e-03 6.068896967917680740e-03 1.666635088622570038e-02 2.420892380177974701e-02 2.664750441908836365e-02 2.099916152656078339e-02 1.157376822084188461e-02 1.444043032824993134e-02 1.529548782855272293e-02 2.004677802324295044e-02 3.495004959404468536e-03 1.068154070526361465e-02 1.672526705078780651e-03 5.303842015564441681e-03 1.218990329653024673e-02 1.252853032201528549e-02 3.258887305855751038e-02 2.053066273219883442e-04 7.204355206340551376e-03 4.829924437217414379e-04 1.175768952816724777e-02 3.288666531443595886e-02 2.502828650176525116e-02 2.129178866744041443e-02 2.977557945996522903e-03 1.504512410610914230e-02 8.511808700859546661e-03 9.903952013701200485e-04 1.684783608652651310e-03 1.152502605691552162e-03 2.889494970440864563e-02 2.260844456031918526e-03 8.976498618721961975e-03 2.276672050356864929e-03 1.513297436758875847e-03 1.759499078616499901e-03 8.160424418747425079e-03 7.467108778655529022e-03 1.438527368009090424e-02 2.935200463980436325e-03 8.643851615488529205e-03 2.418848220258951187e-03 2.015737816691398621e-02 3.763798158615827560e-03 3.864683676511049271e-03 1.412201439961791039e-03 1.910521090030670166e-02 4.271626845002174377e-02 4.863679036498069763e-02 8.633973076939582825e-03 3.213195502758026123e-02 1.193360891193151474e-02 1.341387280263006687e-03 1.682938635349273682e-02 3.121092356741428375e-02 1.629127003252506256e-02 6.484623998403549194e-03 6.239496869966387749e-04 6.608380004763603210e-03 1.658151298761367798e-02 2.208042144775390625e-02 2.651700191199779510e-02 2.032365277409553528e-02 1.270456984639167786e-02 1.012790855020284653e-02 1.756181195378303528e-02 2.632971666753292084e-02 3.183989226818084717e-02 3.467432782053947449e-02 3.307471517473459244e-03 1.330683100968599319e-02 1.412401348352432251e-02 1.968432590365409851e-02 2.665026113390922546e-02 1.040659751743078232e-02 3.142879158258438110e-02 3.715096507221460342e-03 2.753645926713943481e-02 3.152488544583320618e-02 6.352497264742851257e-03 2.443940902594476938e-04 1.232857350260019302e-03 2.359932102262973785e-02
1.657849363982677460e-02 1.330307032912969589e-02 2.229629643261432648e-02 1.282801199704408646e-02 1.388460979796946049e-03 3.747603297233581543e-02 2.064363332465291023e-03 5.934348795562982559e-03 8.190324902534484863e-01 1.207078248262405396e-02 6.034405436366796494e-03 2.582817710936069489e-02 4.531108308583498001e-03 4.441824276000261307e-03 3.364372765645384789e-03 2.595514059066772461e-02 2.298584580421447754e-02 1.748401112854480743e-02 8.687611669301986694e-03 6.224300246685743332e-03 4.354694392532110214e-03 1.279318332672119141e-02 1.544433832168579102e-02 5.968600045889616013e-03 1.158909499645233154e-02 6.607932038605213165e-03 2.007477171719074249e-02 6.572342477738857269e-03 2.523206546902656555e-02 5.467485170811414719e-03 1.549143344163894653e-02 7.827389054000377655e-03 5.687315948307514191e-03 4.464033991098403931e-03 5.662059411406517029e-03 6.086938083171844482e-03 1.675284095108509064e-02 1.483438722789287567e-02 2.794866822659969330e-02 2.844718843698501587e-02 1.461944449692964554e-02 9.010588750243186951e-03 2.542778849601745605e-03 1.042303722351789474e-02 1.040337979793548584e-02 2.240815758705139160e-02 1.159061118960380554e-02 3.490430861711502075e-02 3.293436765670776367e-02 3.505556657910346985e-02 6.791383493691682816e-03 1.135589461773633957e-02 8.864155970513820648e-03 4.199877846986055374e-03 2.888273447751998901e-02 2.093714848160743713e-02 1.750101521611213684e-02 3.134033875539898872e-03 6.890155375003814697e-03 2.078730054199695587e-02 2.122249919921159744e-03 7.756317965686321259e-03 2.307045739144086838e-03 7.380272261798381805e-03 4.844014346599578857e-02 2.296351268887519836e-02 1.461195945739746094e-02 1.289236638695001602e-02 3.383537009358406067e-02 2.776273898780345917e-02 7.595268543809652328e-03 1.585855334997177124e-02 2.176013402640819550e-02 1.505130343139171600e-02 1.394361723214387894e-02 1.465742290019989014e-02 6.386083364486694336e-02 2.258974593132734299e-03 2.996147423982620239e-02 1.525241136550903320e-02 2.028623037040233612e-02 1.922919787466526031e-02 1.799270324409008026e-02 1.631483249366283417e-02 1.913293823599815369e-02 1.097593922168016434e-02 9.413609281182289124e-03 3.054501954466104507e-03 3.260099887847900391e-02 2.097043953835964203e-02 2.607223019003868103e-02 2.976409904658794403e-02 3.568679839372634888e-02 1.831592246890068054e-02 9.870109148323535919e-03 8.557060733437538147e-03 2.591536566615104675e-02 1.331515889614820480e-02 2.510634995996952057e-02 1.785318367183208466e-03 2.728794468566775322e-03 1.239809114485979080e-02 3.752559423446655273e-03 1.114630699157714844e-02 1.210920698940753937e-02 3.822169033810496330e-03 1.280477363616228104e-02 1.875631138682365417e-02 2.856894396245479584e-02 2.813123352825641632e-02 9.525930508971214294e-03 2.067201305180788040e-03 1.672276062890887260e-03 6.246148259378969669e-04 1.668077334761619568e-02 1.612240448594093323e-02
1.607570797204971313e-02 9.605648927390575409e-03 2.114829793572425842e-02 1.497742906212806702e-02 1.477350667119026184e-02 2.517755888402462006e-02 1.393778715282678604e-03 1.899842754937708378e-03 1.207078248262405396e-02 8.190324902534484863e-01 9.148026816546916962e-03 1.128892228007316589e-02 1.115473825484514236e-02 2.763411402702331543e-02 4.131477791815996170e-03 3.186720237135887146e-02 2.340538986027240753e-02 1.672806218266487122e-02 5.064439401030540466e-02 9.929076768457889557e-03 2.303025126457214355e-02 6.293698213994503021e-03 3.420506417751312256e-02 3.445924073457717896e-02 2.587383799254894257e-02 1.721403189003467560e-02 2.030659653246402740e-02 1.516383327543735504e-02 1.391174644231796265e-02 1.017369236797094345e-02 4.047404974699020386e-03 6.650581490248441696e-03 9.654638357460498810e-03 2.076838910579681396e-02 7.558737881481647491e-03 2.360797487199306488e-03 1.701188459992408752e-02 1.689614728093147278e-02 1.745215244591236115e-02 2.268637763336300850e-03 1.470152172259986401e-03 4.976169671863317490e-03 3.217189759016036987e-02 3.796864533796906471e-03 3.127915784716606140e-02 2.217685431241989136e-02 1.123416982591152191e-02 1.294386945664882660e-02 5.273643881082534790e-03 3.962370753288269043e-02 1.647653244435787201e-02 2.704915031790733337e-02 1.241904404014348984e-02 2.659718506038188934e-02 2.646591514348983765e-02 3.399699926376342773e-02 1.139630191028118134e-02 2.264817245304584503e-02 2.427613071631640196e-04 1.749555580317974091e-02 1.083347946405410767e-03 2.112228795886039734e-02 4.895743331871926785e-04 1.199974119663238525e-02 2.869709394872188568e-03 7.350306492298841476e-03 2.099974453449249268e-02 2.351519465446472168e-02 3.006152436137199402e-02 2.214836701750755310e-02 4.694145917892456055e-02 6.152369547635316849e-03 3.151900321245193481e-02 2.201234921813011169e-02 3.652799874544143677e-02 1.065007690340280533e-02 4.268662538379430771e-03 6.235532090067863464e-02 2.228291891515254974e-02 4.433673620223999023e-02 1.599591411650180817e-02 2.942362101748585701e-03 3.883637953549623489e-03 2.138924039900302887e-02 8.590926416218280792e-03 2.128911018371582031e-02 1.333415694534778595e-02 5.577478557825088501e-03 8.295082487165927887e-03 2.186069637537002563e-02 1.935194618999958038e-02 1.718551479279994965e-02 7.970688864588737488e-03 2.056899853050708771e-02 4.840107285417616367e-04 2.014067769050598145e-02 9.655330359237268567e-05 1.254758238792419434e-02 3.853170201182365417e-03 2.290052361786365509e-02 1.047707162797451019e-02 1.605958491563796997e-02 1.226292457431554794e-02 1.063431054353713989e-02 1.542068924754858017e-02 1.146634668111801147e-02 9.727633441798388958e-04 1.920969039201736450e-02 1.411680039018392563e-02 9.086797013878822327e-03 4.938745871186256409e-03 2.546002389863133430e-03 1.322829443961381912e-02 2.335077151656150818e-02 5.773988086730241776e-03 1.915015466511249542e-02
5.559229478240013123e-02 4.858728498220443726e-02 1.234652288258075714e-02 1.079322025179862976e-02 2.803528867661952972e-02 1.378947496414184570e-02 3.844406455755233765e-02 9.008414344862103462e-04 6.034405436366796494e-03 9.148026816546916962e-03 8.190324902534484863e-01 2.098134160041809082e-02 5.155475437641143799e-02 2.385289594531059265e-02 3.191745281219482422e-02 1.689066365361213684e-02 1.732976292259991169e-03 2.128126658499240875e-02 1.467408519238233566e-02 1.891477406024932861e-02 1.652989350259304047e-02 1.814738474786281586e-02 1.404930558055639267e-02 9.926485829055309296e-03 1.480953395366668701e-02 1.323876995593309402e-02 6.954903714358806610e-03 1.803831569850444794e-02 2.004088647663593292e-02 1.221457775682210922e-02 3.786585852503776550e-02 3.748057037591934204e-02 4.568374902009963989e-02 2.384605444967746735e-02 1.059810910373926163e-02 1.630274811759591103e-03 4.681945312768220901e-03 1.117589697241783142e-02 9.428285993635654449e-03 8.774612098932266235e-03 2.391515113413333893e-02 7.845885120332241058e-03 3.484196029603481293e-03 4.701307043433189392e-03 1.433444861322641373e-02 9.311319328844547272e-03 3.221276775002479553e-02 2.106659347191452980e-03 5.863984115421772003e-03 6.480074487626552582e-03 3.542727557942271233e-03 1.828627474606037140e-02 9.773901663720607758e-03 2.350338920950889587e-02 6.582652684301137924e-03 3.911183681339025497e-03 1.215965859591960907e-02 7.117540109902620316e-03 3.627689788118004799e-03 1.783474348485469818e-02 2.957051992416381836e-02 3.110128454864025116e-03 6.065837573260068893e-03 1.030018739402294159e-02 2.045522071421146393e-02 7.832522504031658173e-03 9.237582795321941376e-03 1.488911174237728119e-02 1.923857070505619049e-02 1.474936213344335556e-02 9.952591732144355774e-03 1.570958271622657776e-02 1.173583976924419403e-02 2.432248927652835846e-02 1.719285175204277039e-02 2.361734956502914429e-02 1.736800000071525574e-02 6.453147158026695251e-03 8.894635247997939587e-04 2.326590195298194885e-02 2.149088977603241801e-04 1.899144053459167480e-02 8.971816860139369965e-03 2.704119542613625526e-04 2.115867845714092255e-02 3.024018602445721626e-03 3.209780156612396240e-02 2.548743411898612976e-02 2.113971486687660217e-02 4.677467048168182373e-03 1.465735305100679398e-02 3.966364264488220215e-02 3.900801762938499451e-03 2.082332968711853027e-03 7.256775163114070892e-03 1.246722415089607239e-02 1.524676382541656494e-02 2.552873082458972931e-02 6.418393924832344055e-03 7.885562372393906116e-04 6.387973669916391373e-03 4.551080521196126938e-03 1.883606426417827606e-02 1.620132476091384888e-03 2.816187776625156403e-02 3.210744261741638184e-02 3.769954666495323181e-03 7.781217806041240692e-03 5.666711367666721344e-03 1.089805457741022110e-02 9.893548674881458282e-03 1.999825611710548401e-02 3.114240616559982300e-02 2.245471067726612091e-02 1.716319844126701355e-02 2.856709063053131104e-03
1.135055720806121826e-02 8.401731960475444794e-03 1.276405714452266693e-02 7.195737678557634354e-03 7.600171491503715515e-03 3.807386383414268494e-02 2.439381368458271027e-02 2.551151625812053680e-02 2.582817710936069489e-02 1.128892228007316589e-02 2.098134160041809082e-02 8.190324902534484863e-01 2.925874665379524231e-03 6.996835023164749146e-02 3.730318695306777954e-02 1.191464904695749283e-02 4.040593747049570084e-03 2.897668164223432541e-03 8.569002151489257812e-03 2.867518737912178040e-02 1.863703317940235138e-02 1.436228025704622269e-02 2.429696172475814819e-02 1.693801954388618469e-02 1.223829574882984161e-02 1.672408357262611389e-02 1.516510546207427979e-02 1.959990710020065308e-02 2.459268644452095032e-02 3.336737165227532387e-03 1.494457945227622986e-02 1.599994371645152569e-03 6.706449203193187714e-03 1.083704642951488495e-02 3.752627875655889511e-03 7.725251838564872742e-03 9.443774819374084473e-03 1.738685555756092072e-02 3.292607842013239861e-03 1.795566640794277191e-02 1.532216463238000870e-02 6.228515412658452988e-03 6.596848834306001663e-03 5.771288997493684292e-04 2.859938330948352814e-02 3.370369598269462585e-02 3.417680040001869202e-02 4.936915822327136993e-03 1.174522377550601959e-02 2.603973448276519775e-02 1.109309867024421692e-02 2.796852961182594299e-02 3.027000464498996735e-02 2.707224711775779724e-02 1.431195344775915146e-02 1.799022965133190155e-02 3.671222832053899765e-03 5.157039966434240341e-03 2.654204703867435455e-02 3.446071594953536987e-02 2.153145149350166321e-02 3.571943938732147217e-02 2.285456471145153046e-02 1.115672104060649872e-02 2.064772322773933411e-02 1.691057719290256500e-02 2.269035950303077698e-02 1.141035836189985275e-02 1.716976799070835114e-02 4.017868638038635254e-02 1.172044314444065094e-02 8.658279548399150372e-04 8.493153378367424011e-03 1.100236922502517700e-02 2.025289461016654968e-02 4.224191885441541672e-03 2.669169800356030464e-03 4.168512299656867981e-03 2.674567885696887970e-02 1.066845748573541641e-02 2.170941978693008423e-02 1.384486164897680283e-02 1.683950796723365784e-02 2.288987860083580017e-02 1.053424458950757980e-02 7.226472254842519760e-03 2.168144285678863525e-02 1.416875328868627548e-02 3.233715193346142769e-03 2.169820852577686310e-02 7.514235767303034663e-05 5.014655739068984985e-02 2.604977786540985107e-02 2.880504354834556580e-02 1.173770613968372345e-02 5.942193791270256042e-03 3.937000408768653870e-03 5.860188510268926620e-03 1.635367795825004578e-02 9.108762256801128387e-03 7.018397096544504166e-03 1.341850776225328445e-02 6.086569628678262234e-04 2.306869812309741974e-02 3.016360104084014893e-03 8.120724000036716461e-03 5.901162512600421906e-03 9.690463542938232422e-03 3.007481992244720459e-02 1.622866652905941010e-02 1.905055530369281769e-02 1.851262338459491730e-02 2.341701835393905640e-02 1.348532363772392273e-02 1.993552781641483307e-02 1.203990634530782700e-02
6.120078265666961670e-02 8.318410813808441162e-02 1.573067717254161835e-02 1.711355708539485931e-02 1.846383512020111084e-02 4.150478914380073547e-02 1.081812940537929535e-02 1.478368695825338364e-02 4.531108308583498001e-03 1.115473825484514236e-02 5.155475437641143799e-02 2.925874665379524231e-03 8.190324902534484863e-01 1.211557723581790924e-02 2.661213465034961700e-02 6.122795639385003597e-07 1.309592556208372116e-02 3.716749325394630432e-02 7.722877897322177887e-03 1.210461021400988102e-03 1.645085774362087250e-02 2.127832174301147461e-02 1.754910312592983246e-02 6.493202876299619675e-03 6.672391202300786972e-03 1.209780294448137283e-02 1.979155279695987701e-02 1.873990520834922791e-02 3.021748177707195282e-02 2.748666331171989441e-02 1.194403227418661118e-02 2.304881066083908081e-02 1.980390772223472595e-02 1.084096450358629227e-02 1.289090607315301895e-02 1.803962746635079384e-03 4.717856179922819138e-03 1.084080504369921982e-04 1.241038087755441666e-02 1.840802282094955444e-02 2.089481987059116364e-02 1.868248358368873596e-02 1.062590256333351135e-02 8.606999181210994720e-04 4.347959533333778381e-03 9.162160567939281464e-03 3.792938590049743652e-02 4.246112704277038574e-02 2.894605277106165886e-03 1.313677709549665451e-02 1.091411150991916656e-02 9.034303016960620880e-03 1.894521526992321014e-02 3.590528666973114014e-02 7.373766507953405380e-03 2.494294755160808563e-02 4.464725498110055923e-03 4.425216931849718094e-03 6.534062791615724564e-03 4.058589041233062744e-02 1.263021212071180344e-02 7.733565755188465118e-03 1.062727998942136765e-03 8.579370565712451935e-03 1.768649904988706112e-03 3.783634305000305176e-02 9.433967992663383484e-03 1.576865278184413910e-02 1.545940875075757504e-03 1.397171756252646446e-03 2.234968123957514763e-03 1.671980717219412327e-03 1.781320199370384216e-02 1.547436602413654327e-02 1.139046810567378998e-02 1.695339940488338470e-02 2.767058787867426872e-03 2.887633629143238068e-03 1.391953695565462112e-02 5.274445284157991409e-04 2.187456004321575165e-02 3.969813138246536255e-02 1.548488717526197433e-02 4.241254646331071854e-03 1.892695948481559753e-02 1.646954449824988842e-03 1.084560621529817581e-02 4.294643178582191467e-02 8.000419475138187408e-03 1.493411324918270111e-02 3.056429885327816010e-02 9.316977113485336304e-03 2.202908694744110107e-02 3.893777355551719666e-02 8.430991321802139282e-03 7.307023275643587112e-03 1.242822594940662384e-02 1.058863848447799683e-02 1.474045348004437983e-05 1.243193866685032845e-03 1.608543470501899719e-02 8.500422351062297821e-03 3.315926995128393173e-03 1.370958704501390457e-02 3.267419710755348206e-02 3.279438242316246033e-02 1.110313087701797485e-02 3.298837400507181883e-04 3.350772429257631302e-03 9.169835248030722141e-04 9.721363894641399384e-04 2.732620341703295708e-03 2.404369786381721497e-02 1.865481585264205933e-02 1.362899970263242722e-02 1.455386751331388950e-03
