8.168587684631347656e-01 4.638094082474708557e-02 1.491609308868646622e-02 9.520844556391239166e-03 4.436156712472438812e-03 6.237199902534484863e-02 3.893662989139556885e-02 8.081088308244943619e-04 1.296801306307315826e-02 8.386635221540927887e-03 6.821575015783309937e-02 7.105569238774478436e-04 5.711318552494049072e-02 3.296912647783756256e-03 1.851730421185493469e-02 3.312093392014503479e-02 2.693326026201248169e-02 1.194557733833789825e-02 1.053346227854490280e-02 1.599080301821231842e-02 3.277315199375152588e-02 1.727546378970146179e-02 2.644394338130950928e-02 1.232389919459819794e-02 9.513384429737925529e-04 2.414970658719539642e-02 1.733111031353473663e-02 1.062208507210016251e-02 1.856284774839878082e-02 5.360929761081933975e-03 2.422923035919666290e-02 9.834554046392440796e-03 1.078840065747499466e-02 2.996392361819744110e-02 2.247096505016088486e-03 1.200352050364017487e-02 1.633824966847896576e-02 1.154525205492973328e-02 1.423144619911909103e-02 2.124788798391819000e-02 8.154998533427715302e-03 4.587153438478708267e-03 2.009338885545730591e-02 5.023083649575710297e-03 5.519739934243261814e-04 1.666977815330028534e-02 5.590868368744850159e-02 4.100700840353965759e-02 2.113116672262549400e-03 1.525019016116857529e-02 6.768814753741025925e-03 2.514351718127727509e-02 6.508005317300558090e-03 8.053133264183998108e-03 2.683505008462816477e-04 9.080423973500728607e-03 9.658704511821269989e-04 1.815271377563476562e-02 1.484162732958793640e-02 2.148679085075855255e-02 2.101079933345317841e-02 6.282572168856859207e-03 1.130752172321081161e-02 5.275022238492965698e-03 3.685654327273368835e-02 5.915093049407005310e-02 1.535835675895214081e-02 1.481377892196178436e-02 2.800752595067024231e-02 1.098695094697177410e-03 1.337880920618772507e-02 2.972635906189680099e-03 1.793839596211910248e-02 2.198528312146663666e-02 1.341723930090665817e-02 1.396781578660011292e-02 2.827147580683231354e-02 1.276833191514015198e-02 1.277201529592275620e-02 2.797595784068107605e-02 1.050493586808443069e-02 2.734239213168621063e-02 5.138912238180637360e-04 3.475608071312308311e-03 9.218196501024067402e-04 3.694750368595123291e-03 3.427355736494064331e-02 1.350279524922370911e-02 1.396530307829380035e-02 3.553684055805206299e-02 7.155797909945249557e-03 8.458672091364860535e-03 1.187517307698726654e-02 3.220126405358314514e-02 1.541220583021640778e-02 1.683178474195301533e-03 6.458576302975416183e-03 8.360858075320720673e-03 2.298818342387676239e-02 1.545656472444534302e-02 1.989311724901199341e-02 2.692710608243942261e-02 2.084159478545188904e-02 1.276123989373445511e-02 6.745846010744571686e-03 1.689640048425644636e-04 2.272222656756639481e-03 1.581345451995730400e-03 1.645979471504688263e-02 7.532932329922914505e-03 6.367596797645092010e-03 1.264267321676015854e-02 1.553536765277385712e-02 2.381708845496177673e-02 5.533884745091199875e-03 5.039620678871870041e-03
4.638094082474708557e-02 8.168587684631347656e-01 1.061141584068536758e-02 1.708739623427391052e-02 1.477273739874362946e-02 5.213627591729164124e-02 5.509901046752929688e-02 1.106851967051625252e-03 3.684083465486764908e-03 1.318756677210330963e-02 4.319839924573898315e-02 2.211906574666500092e-02 6.309948116540908813e-02 3.868784755468368530e-02 1.265782397240400314e-02 4.104093462228775024e-02 3.819661960005760193e-02 2.463914686813950539e-03 8.643167093396186829e-03 3.021896071732044220e-02 4.265845194458961487e-02 2.823472721502184868e-03 3.615660220384597778e-02 2.297208085656166077e-02 1.225387956947088242e-02 2.194366231560707092e-02 2.161222323775291443e-02 1.535316649824380875e-02 1.363303512334823608e-02 3.630752675235271454e-03 3.399050794541835785e-03 2.429380640387535095e-02 3.008838556706905365e-02 2.595606446266174316e-02 6.343809887766838074e-03 1.617239788174629211e-02 3.121399506926536560e-02 2.014358714222908020e-02 2.923317067325115204e-02 1.106450334191322327e-02 6.645105895586311817e-04 1.335619203746318817e-02 3.303019795566797256e-03 3.460370237007737160e-03 2.608329057693481445e-02 5.938616581261157990e-03 4.793444648385047913e-02 4.216197133064270020e-02 2.483965596184134483e-03 1.417281944304704666e-02 1.479938719421625137e-02 8.950416813604533672e-04 6.341835018247365952e-03 1.041289512068033218e-02 1.338211935944855213e-03 3.115409985184669495e-03 8.866286952979862690e-04 7.359649520367383957e-03 7.844300009310245514e-03 3.203984722495079041e-02 3.191782534122467041e-02 8.436401840299367905e-04 1.747686229646205902e-02 1.497750403359532356e-03 3.704496473073959351e-02 5.862254649400711060e-02 1.654886081814765930e-02 2.746077813208103180e-02 3.076521866023540497e-02 4.707001149654388428e-03 6.610428914427757263e-03 5.914354696869850159e-03 3.213029727339744568e-02 2.120878361165523529e-02 3.406572714447975159e-02 1.445580925792455673e-02 1.898756437003612518e-02 3.607304301112890244e-03 5.052438471466302872e-03 2.550561353564262390e-02 2.309712022542953491e-02 2.887604944407939911e-02 8.841461502015590668e-03 2.221847325563430786e-02 9.701502509415149689e-03 1.169269997626543045e-02 1.999985985457897186e-02 1.044553238898515701e-02 3.104520775377750397e-02 3.272570669651031494e-02 1.664813724346458912e-03 5.557917058467864990e-03 1.507749408483505249e-02 3.161013498902320862e-02 2.547033363953232765e-03 2.325067995116114616e-03 7.123150397092103958e-03 1.662165857851505280e-03 2.021344564855098724e-02 1.267314888536930084e-02 6.045729387551546097e-03 1.008029840886592865e-02 5.137762636877596378e-04 7.310212822631001472e-04 6.776976864784955978e-03 2.001442946493625641e-02 7.042346522212028503e-03 1.243476988747715950e-03 1.746917702257633209e-02 1.703924126923084259e-02 1.285851653665304184e-02 7.079814560711383820e-03 1.688405312597751617e-02 8.856762200593948364e-03 5.362311378121376038e-03 2.203337848186492920e-02
1.491609308868646622e-02 1.061141584068536758e-02 8.168587684631347656e-01 9.921908378601074219e-03 2.824811078608036041e-02 1.326362323015928268e-02 9.254981763660907745e-03 7.377272099256515503e-02 2.558374963700771332e-02 7.556248456239700317e-03 7.912801578640937805e-03 7.264490704983472824e-03 1.644810847938060760e-02 5.213099066168069839e-04 8.128488436341285706e-03 2.707555517554283142e-02 2.327707037329673767e-02 2.941523119807243347e-02 1.656189002096652985e-02 8.047191426157951355e-03 6.564259994775056839e-03 1.256012241356074810e-03 2.734922990202903748e-02 3.595893830060958862e-02 2.302721887826919556e-02 8.920452557504177094e-03 2.290435135364532471e-02 1.215765066444873810e-02 5.473545286804437637e-03 1.885779760777950287e-02 1.599435880780220032e-02 2.398663759231567383e-02 2.682566270232200623e-02 1.649530231952667236e-02 9.604495018720626831e-03 1.047502085566520691e-02 5.378490313887596130e-03 1.798697374761104584e-02 1.468201354146003723e-02 1.984498836100101471e-02 2.117647230625152588e-02 1.341011747717857361e-02 3.438723040744662285e-03 1.429160311818122864e-02 2.685081586241722107e-02 5.350539460778236389e-03 2.922183601185679436e-03 3.446986374910920858e-04 1.828249357640743256e-02 8.430050686001777649e-03 8.429853245615959167e-03 1.652381010353565216e-02 2.884608693420886993e-02 9.692129679024219513e-03 2.934476127848029137e-03 7.062574382871389389e-03 1.822930760681629181e-02 1.850821450352668762e-02 3.372294083237648010e-02 1.955240964889526367e-02 1.717158034443855286e-02 2.029672451317310333e-02 1.142378058284521103e-02 8.420602418482303619e-03 2.045332826673984528e-02 1.313399150967597961e-02 1.768392696976661682e-02 7.176448125392198563e-03 1.087007392197847366e-02 1.179894548840820789e-03 2.216117642819881439e-02 1.226411573588848114e-02 1.144134346395730972e-02 1.667434722185134888e-02 3.905356628820300102e-03 2.486664925527293235e-05 1.390446815639734268e-02 1.434003096073865891e-02 1.183987502008676529e-02 2.907844446599483490e-02 4.967527836561203003e-02 1.233167760074138641e-02 8.848326280713081360e-03 1.204806100577116013e-02 1.759220287203788757e-02 1.439572591334581375e-02 3.511322289705276489e-02 2.024715207517147064e-02 2.020451473072171211e-03 4.802464507520198822e-03 1.339310221374034882e-02 3.452778561040759087e-03 1.217676443047821522e-03 1.288238447159528732e-02 2.164752967655658722e-02 1.951702311635017395e-02 5.625604651868343353e-03 6.821044255048036575e-03 3.509687958285212517e-03 1.225347165018320084e-02 5.817061755806207657e-03 9.567569009959697723e-03 6.829180289059877396e-03 4.816841799765825272e-03 1.430786401033401489e-02 1.329401228576898575e-02 2.111285738646984100e-02 2.177986130118370056e-02 1.340540591627359390e-02 1.640461757779121399e-02 4.159142263233661652e-03 1.812460646033287048e-02 8.271736092865467072e-03 1.228128559887409210e-02 1.363542303442955017e-02 1.131056062877178192e-02
9.520844556391239166e-03 1.708739623427391052e-02 9.921908378601074219e-03 8.168587684631347656e-01 3.704704344272613525e-02 9.560829494148492813e-04 1.324605196714401245e-02 1.750602945685386658e-02 1.765457540750503540e-02 2.180676348507404327e-02 1.555002527311444283e-03 7.899059914052486420e-03 4.607947543263435364e-03 2.518503554165363312e-02 4.612058910424821079e-05 4.690189845860004425e-03 4.548806231468915939e-03 1.436308398842811584e-02 4.599899053573608398e-03 5.813593044877052307e-03 3.823257284238934517e-04 4.191636666655540466e-02 4.328809154685586691e-04 1.438844762742519379e-02 8.423000574111938477e-03 2.640439197421073914e-02 1.648863591253757477e-02 4.018490016460418701e-02 5.234570242464542389e-03 2.487132698297500610e-02 2.656528260558843613e-03 3.092084778472781181e-03 2.682317979633808136e-02 3.186229383572936058e-03 1.443682517856359482e-02 1.199131086468696594e-02 3.671237267553806305e-03 2.453698590397834778e-02 3.099578619003295898e-02 1.014204928651452065e-03 1.483865641057491302e-02 5.853186361491680145e-03 7.602940313518047333e-03 2.325478754937648773e-02 5.671733058989048004e-03 1.496131997555494308e-03 8.510891348123550415e-03 1.163574121892452240e-02 3.167796134948730469e-02 3.173463046550750732e-02 1.092387642711400986e-02 8.329084143042564392e-03 1.829263567924499512e-02 1.072640437632799149e-02 1.750044524669647217e-02 2.370077185332775116e-02 3.081865981221199036e-02 2.324025705456733704e-02 1.682933792471885681e-02 1.716588251292705536e-02 6.508683320134878159e-03 2.099101990461349487e-02 5.399556830525398254e-02 3.910123929381370544e-02 1.871067099273204803e-02 2.814294770359992981e-03 7.274669595062732697e-03 7.735514547675848007e-03 2.219593338668346405e-02 4.514575749635696411e-02 1.976381288841366768e-03 3.699953109025955200e-02 5.322204530239105225e-02 1.636701449751853943e-02 2.975682727992534637e-02 2.165492437779903412e-02 2.063987962901592255e-02 5.370282102376222610e-03 2.830793894827365875e-02 1.011632662266492844e-02 1.430796086788177490e-02 5.364429205656051636e-03 4.212248325347900391e-02 1.402008719742298126e-02 1.397254783660173416e-02 1.769343204796314240e-02 4.702273290604352951e-03 2.154019661247730255e-03 1.212256494909524918e-02 1.403883378952741623e-02 4.970569629222154617e-03 4.135316237807273865e-02 1.571131870150566101e-02 2.046984806656837463e-02 3.809494897723197937e-03 1.390150468796491623e-02 3.338726982474327087e-02 1.287372410297393799e-02 1.252576243132352829e-02 1.637859083712100983e-02 1.158339064568281174e-02 1.966381631791591644e-02 2.469910494983196259e-02 2.129429578781127930e-02 1.957524754106998444e-02 1.941249519586563110e-02 4.851634148508310318e-04 2.148084528744220734e-02 1.656434312462806702e-02 9.551167022436857224e-04 8.372935466468334198e-03 1.199989393353462219e-02 1.557158306241035461e-02 2.792798914015293121e-03 8.652980439364910126e-03 6.073613651096820831e-03
4.436156712472438812e-03 1.477273739874362946e-02 2.824811078608036041e-02 3.704704344272613525e-02 8.168587684631347656e-01 6.610513199120759964e-03 3.774070646613836288e-03 8.067138493061065674e-03 2.317134989425539970e-03 3.015320748090744019e-02 9.177746833302080631e-04 1.705749519169330597e-02 3.854386042803525925e-03 2.949696034193038940e-03 1.811446249485015869e-02 2.293116558576002717e-04 1.062389230355620384e-03 3.288156539201736450e-02 4.363245517015457153e-02 1.787545159459114075e-02 1.641676388680934906e-02 2.937704697251319885e-02 1.488568633794784546e-02 6.486642640084028244e-03 2.954005077481269836e-02 1.167604513466358185e-02 5.250185262411832809e-03 4.479871131479740143e-03 1.735233701765537262e-02 2.565172500908374786e-02 1.871963962912559509e-02 9.746510535478591919e-03 1.896335557103157043e-02 1.163704413920640945e-02 2.470503933727741241e-02 1.371419057250022888e-02 7.092625834047794342e-03 5.707640666514635086e-03 2.282506786286830902e-02 4.863139614462852478e-02 8.427866734564304352e-03 1.088784355670213699e-02 9.825020097196102142e-03 6.269481033086776733e-03 1.900065806694328785e-03 8.065878413617610931e-03 6.668498739600181580e-03 2.578633138909935951e-03 9.130682796239852905e-03 1.758919097483158112e-02 2.426001476123929024e-03 1.514203194528818130e-02 1.059217099100351334e-02 3.920996969100087881e-04 9.792804718017578125e-03 3.127994388341903687e-02 2.717268420383334160e-03 2.282955870032310486e-02 1.871369965374469757e-02 1.802323386073112488e-02 5.027170293033123016e-03 2.522110939025878906e-02 2.662282809615135193e-02 1.142866071313619614e-02 1.114712748676538467e-02 5.966122262179851532e-03 2.464644238352775574e-02 1.172447204589843750e-02 1.125299930572509766e-02 1.219689287245273590e-02 1.684013381600379944e-02 2.355453744530677795e-02 1.128921937197446823e-02 5.317801143974065781e-03 2.278368361294269562e-02 1.596410758793354034e-02 1.677690632641315460e-02 3.400406613945960999e-02 1.411097776144742966e-02 3.409532830119132996e-02 2.405620180070400238e-03 1.821058616042137146e-02 2.128349803388118744e-02 4.742891341447830200e-02 1.552094938233494759e-03 3.401971654966473579e-03 3.970991354435682297e-03 3.051410894840955734e-03 3.486763313412666321e-02 4.047955572605133057e-02 1.991118304431438446e-02 9.282917715609073639e-03 5.282359197735786438e-03 4.472727596294134855e-04 7.730003912001848221e-03 1.891296915709972382e-02 4.025612957775592804e-03 1.040034182369709015e-02 1.696655340492725372e-02 2.963727340102195740e-03 2.111289184540510178e-03 5.287691019475460052e-03 1.374491211026906967e-02 9.914423339068889618e-03 3.695837035775184631e-02 2.348742075264453888e-02 1.123155187815427780e-02 1.354183163493871689e-02 6.421065889298915863e-03 4.112269729375839233e-02 9.089955128729343414e-03 2.569598611444234848e-03 1.033703796565532684e-02 1.032501272857189178e-02 2.122093364596366882e-02 1.471864804625511169e-02
6.237199902534484863e-02 5.213627591729164124e-02 1.326362323015928268e-02 9.560829494148492813e-04 6.610513199120759964e-03 8.168587684631347656e-01 5.455917865037918091e-02 3.638534108176827431e-03 8.980499580502510071e-03 2.163809537887573242e-02 5.664831772446632385e-02 1.891848631203174591e-02 5.647871270775794983e-02 1.505838800221681595e-02 1.739767193794250488e-02 3.605785965919494629e-02 2.501076087355613708e-02 5.945457145571708679e-03 2.591190859675407410e-02 1.775925047695636749e-02 2.819667384028434753e-02 8.610011078417301178e-03 2.998131327331066132e-02 2.852165885269641876e-02 1.496368367224931717e-02 2.993337623775005341e-02 2.056473493576049805e-02 1.636398583650588989e-02 1.628796919248998165e-03 1.212817430496215820e-02 9.851524606347084045e-03 1.799597404897212982e-02 1.794038712978363037e-02 3.673849627375602722e-02 1.095772348344326019e-02 3.304425394162535667e-03 1.239938102662563324e-02 2.089344710111618042e-02 2.049505338072776794e-02 8.226346224546432495e-03 6.223822943866252899e-03 4.491942469030618668e-03 1.038836129009723663e-02 4.161724355071783066e-03 2.627099119126796722e-02 6.962146144360303879e-04 7.287608832120895386e-02 5.293316394090652466e-02 1.480083330534398556e-03 1.354984007775783539e-02 3.226661123335361481e-03 6.131025496870279312e-03 1.864235103130340576e-02 2.686031162738800049e-02 4.581945482641458511e-03 7.973245345056056976e-03 3.871922846883535385e-03 1.384476292878389359e-02 4.006836563348770142e-03 1.292851101607084274e-02 1.769482903182506561e-02 1.487204246222972870e-02 1.871624775230884552e-02 4.353579599410295486e-03 4.001156985759735107e-02 5.454950034618377686e-02 8.799625560641288757e-03 1.561101432889699936e-02 2.412553317844867706e-02 1.351065002381801605e-02 6.482743658125400543e-03 1.636657118797302246e-02 3.122235462069511414e-02 3.348307311534881592e-02 2.552017383277416229e-02 1.900799223221838474e-03 1.612815633416175842e-02 2.426986396312713623e-02 1.236497238278388977e-02 3.256976976990699768e-02 3.961507696658372879e-03 3.672989830374717712e-02 2.650644164532423019e-03 1.955553889274597168e-02 8.114269934594631195e-03 1.648785546422004700e-02 2.599833346903324127e-02 8.167797699570655823e-03 3.550378233194351196e-02 5.297593772411346436e-02 2.323630638420581818e-02 3.452338976785540581e-03 1.514042355120182037e-02 3.582214191555976868e-02 3.342473646625876427e-03 4.823964554816484451e-03 4.566288087517023087e-03 2.084939507767558098e-03 1.772725582122802734e-02 7.321078330278396606e-03 6.057413993403315544e-04 2.093398245051503181e-03 3.795615863054990768e-03 6.123548373579978943e-04 7.711804471909999847e-03 2.448452077805995941e-02 1.991428434848785400e-03 4.076055251061916351e-03 6.857137777842581272e-04 8.863522671163082123e-03 1.503467559814453125e-02 1.545329391956329346e-02 1.675473526120185852e-02 6.424690596759319305e-03 9.827345609664916992e-03 1.241605170071125031e-02
3.893662989139556885e-02 5.509901046752929688e-02 9.254981763660907745e-03 1.324605196714401245e-02 3.774070646613836288e-03 5.455917865037918091e-02 8.168587684631347656e-01 8.958952501416206360e-03 3.469350514933466911e-03 2.602862939238548279e-02 4.775484651327133179e-02 1.811636053025722504e-02 4.594781622290611267e-02 3.737766668200492859e-02 7.167875301092863083e-03 4.115460813045501709e-02 2.975517697632312775e-02 7.130938116461038589e-03 2.588699571788311005e-02 1.745264045894145966e-02 2.474367059767246246e-02 2.910389332100749016e-03 3.270421922206878662e-02 2.676502615213394165e-02 1.043485105037689209e-02 1.638594269752502441e-02 1.888535171747207642e-02 1.214192248880863190e-02 4.490120336413383484e-03 3.839886980131268501e-03 1.674079708755016327e-02 2.923553064465522766e-02 2.172366715967655182e-02 2.717751823365688324e-02 4.218915943056344986e-03 1.824919320642948151e-02 2.961298450827598572e-02 2.350263297557830811e-02 1.613338291645050049e-02 1.393272355198860168e-02 1.155134849250316620e-02 1.532045844942331314e-02 5.388155113905668259e-04 1.722621545195579529e-02 1.041953358799219131e-02 1.892433129251003265e-02 5.010284483432769775e-02 5.981381982564926147e-02 3.446132410317659378e-03 1.346864830702543259e-02 2.504434203729033470e-03 5.087899626232683659e-04 1.955419033765792847e-02 1.578814722597599030e-02 7.158929016441106796e-03 2.151021966710686684e-03 4.223299212753772736e-03 1.588458009064197540e-02 2.996674738824367523e-03 2.248438820242881775e-02 3.112230636179447174e-02 4.820243921130895615e-03 1.119771879166364670e-02 4.612419288605451584e-03 4.025477916002273560e-02 4.743977263569831848e-02 6.299249362200498581e-03 1.344196777790784836e-02 3.118658252060413361e-02 1.855418272316455841e-02 3.682415699586272240e-03 5.803635343909263611e-03 3.648547828197479248e-02 1.820636726915836334e-02 3.511930629611015320e-02 1.001018006354570389e-02 2.216146327555179596e-02 2.708768844604492188e-02 1.631572097539901733e-02 2.077891305088996887e-02 1.499766390770673752e-02 2.695928700268268585e-02 1.851651445031166077e-02 2.455865591764450073e-02 8.845738135278224945e-03 1.476052310317754745e-02 2.215083502233028412e-02 7.035068701952695847e-03 4.640428721904754639e-02 4.372708499431610107e-02 7.714783307164907455e-03 1.667628530412912369e-03 3.446746245026588440e-02 2.004494890570640564e-02 1.438162289559841156e-02 2.678973041474819183e-02 8.903979323804378510e-03 1.382668130099773407e-02 1.707008481025695801e-02 2.569125965237617493e-03 1.279868837445974350e-02 1.496008224785327911e-02 6.319143343716859818e-03 1.034810114651918411e-02 9.231337346136569977e-03 2.168956212699413300e-02 1.450339052826166153e-02 2.211904386058449745e-03 2.846116013824939728e-02 5.962722934782505035e-05 1.476492267102003098e-02 1.475549302995204926e-03 1.079339347779750824e-02 1.427311333827674389e-03 3.632489591836929321e-03 1.774817705154418945e-02
8.081088308244943619e-04 1.106851967051625252e-03 7.377272099256515503e-02 1.750602945685386658e-02 8.067138493061065674e-03 3.638534108176827431e-03 8.958952501416206360e-03 8.168587684631347656e-01 6.449970882385969162e-03 2.299759304150938988e-03 6.167976243887096643e-05 7.032795809209346771e-03 1.231483183801174164e-02 1.602580212056636810e-02 5.208174139261245728e-02 4.060465376824140549e-03 1.012904802337288857e-03 7.705423515290021896e-03 1.325022336095571518e-02 6.673722527921199799e-03 8.739645592868328094e-03 1.897334493696689606e-02 5.808685906231403351e-03 2.173806913197040558e-02 5.079255905002355576e-03 1.212640199810266495e-02 2.943314425647258759e-02 2.473463676869869232e-02 2.115598414093255997e-03 2.038389071822166443e-02 2.430584281682968140e-02 1.550236437469720840e-02 7.545654196292161942e-03 3.083562187384814024e-04 1.891971216537058353e-03 1.576162688434123993e-02 1.842013443820178509e-03 6.575695704668760300e-03 1.140157226473093033e-02 1.386431884020566940e-02 1.369743025861680508e-03 3.054556623101234436e-02 2.629957627505064011e-03 2.783615374937653542e-03 2.606863714754581451e-02 1.081415824592113495e-02 7.132585160434246063e-03 1.928598806262016296e-02 1.069042459130287170e-02 5.728980526328086853e-03 5.684745498001575470e-03 2.523059770464897156e-02 5.783149041235446930e-03 1.326176058501005173e-02 3.112558461725711823e-02 3.273332864046096802e-02 2.369653061032295227e-02 2.527377940714359283e-02 3.308553481474518776e-03 6.586692295968532562e-03 1.792638096958398819e-03 9.627806954085826874e-03 5.865562707185745239e-03 4.583887755870819092e-03 2.531172242015600204e-03 7.427860051393508911e-03 1.338805258274078369e-02 4.450880456715822220e-03 1.993086421862244606e-03 1.904014032334089279e-03 1.479475200176239014e-02 1.637673564255237579e-02 9.493966586887836456e-03 1.240796223282814026e-02 2.928237617015838623e-02 1.003708597272634506e-02 4.132334142923355103e-04 2.465264126658439636e-02 5.647995509207248688e-03 1.468193903565406799e-02 6.919454038143157959e-02 3.141450881958007812e-02 7.767424918711185455e-03 7.867993786931037903e-03 1.059985347092151642e-02 1.275663822889328003e-02 5.036607757210731506e-02 2.170173078775405884e-02 9.073160588741302490e-03 1.896045985631644726e-03 2.951298654079437256e-02 3.740096231922507286e-03 1.870257034897804260e-02 1.430417504161596298e-02 2.987777628004550934e-02 1.472365856170654297e-02 1.866530254483222961e-02 7.299770135432481766e-03 1.529806107282638550e-02 1.376057974994182587e-02 3.998091444373130798e-03 2.026925422251224518e-02 3.935625776648521423e-02 1.445019431412220001e-02 1.226289290934801102e-02 8.333525620400905609e-03 4.283419251441955566e-02 4.055436002090573311e-04 5.836412776261568069e-03 2.332348935306072235e-02 1.135604921728372574e-02 1.613484881818294525e-02 2.562266774475574493e-03 2.575911954045295715e-02 1.878149062395095825e-02 1.233240962028503418e-02
1.296801306307315826e-02 3.684083465486764908e-03 2.558374963700771332e-02 1.765457540750503540e-02 2.317134989425539970e-03 8.980499580502510071e-03 3.469350514933466911e-03 6.449970882385969162e-03 8.168587684631347656e-01 2.861285954713821411e-02 8.363360539078712463e-03 1.371882017701864243e-02 8.551780134439468384e-03 2.913116244599223137e-03 2.019804529845714569e-02 1.049380749464035034e-02 1.112657226622104645e-02 4.504627734422683716e-02 1.969535835087299347e-02 1.080336701124906540e-02 4.593858961015939713e-03 1.842218451201915741e-02 1.527652330696582794e-02 2.092698588967323303e-02 2.848346251994371414e-03 7.566960062831640244e-03 1.277312170714139938e-02 7.925043813884258270e-03 3.072513267397880554e-02 4.998240619897842407e-03 2.186666429042816162e-02 5.451674573123455048e-03 2.777527272701263428e-02 2.374678617343306541e-03 2.390320226550102234e-02 1.031330041587352753e-02 1.107721496373414993e-02 3.271792782470583916e-03 3.602735325694084167e-02 1.363842654973268509e-02 1.754993386566638947e-02 2.906819991767406464e-02 2.807218581438064575e-02 1.101282332092523575e-02 1.069759856909513474e-02 6.038875784724950790e-03 6.795483175665140152e-03 4.611404612660408020e-03 2.265997231006622314e-02 1.350386720150709152e-02 4.493470769375562668e-03 1.348535530269145966e-02 2.308402955532073975e-02 2.368427440524101257e-02 4.746177420020103455e-02 1.183836534619331360e-02 1.299441326409578323e-02 9.004961699247360229e-03 5.877422634512186050e-03 1.511863665655255318e-03 3.308724611997604370e-02 1.522985193878412247e-02 1.379145123064517975e-02 2.868229523301124573e-02 3.772836178541183472e-03 1.561995944939553738e-03 1.476044114679098129e-02 3.487556823529303074e-04 1.140163838863372803e-02 1.946893706917762756e-02 2.807752229273319244e-02 1.919325813651084900e-02 5.716940504498779774e-04 1.998490840196609497e-02 7.975011132657527924e-03 1.974742487072944641e-02 3.559460863471031189e-02 2.102958410978317261e-02 5.333062261343002319e-02 7.875665090978145599e-03 1.800077781081199646e-02 2.132903598248958588e-02 1.239618472754955292e-02 2.109449356794357300e-02 4.030415043234825134e-02 2.136642485857009888e-02 1.385705731809139252e-02 2.341178618371486664e-02 2.801141515374183655e-02 9.204990230500698090e-03 9.142109192907810211e-03 2.357576228678226471e-02 3.076485916972160339e-02 2.145192399621009827e-02 1.212454214692115784e-02 3.636104287579655647e-03 1.861780881881713867e-02 6.697873119264841080e-03 2.259078249335289001e-02 3.241810947656631470e-02 8.047351613640785217e-03 4.079193342477083206e-03 1.545562688261270523e-02 1.590638607740402222e-02 2.495512925088405609e-02 2.724448777735233307e-02 2.371708303689956665e-02 8.354338817298412323e-03 4.407786298543214798e-03 6.326736882328987122e-03 1.783050969243049622e-02 9.827693924307823181e-03 2.343597263097763062e-02 3.134943917393684387e-02 1.265716552734375000e-02 1.848040521144866943e-02
8.386635221540927887e-03 1.318756677210330963e-02 7.556248456239700317e-03 2.180676348507404327e-02 3.015320748090744019e-02 2.163809537887573242e-02 2.602862939238548279e-02 2.299759304150938988e-03 2.861285954713821411e-02 8.168587684631347656e-01 2.368367835879325867e-02 2.507971785962581635e-02 1.942655444145202637e-02 2.436630427837371826e-02 1.021725311875343323e-02 2.523251064121723175e-02 1.519786193966865540e-02 3.447716310620307922e-02 4.705452919006347656e-02 1.834309473633766174e-02 1.175491139292716980e-02 5.604411941021680832e-03 1.181773026473820210e-03 1.590448198840022087e-03 1.321965456008911133e-02 4.361660219728946686e-03 3.014167770743370056e-02 4.571115225553512573e-02 1.473819284001365304e-04 3.756287693977355957e-02 1.932398416101932526e-02 1.636448688805103302e-02 1.307186298072338104e-02 4.323740489780902863e-03 1.331127900630235672e-02 1.904743351042270660e-02 1.527574751526117325e-02 4.995017778128385544e-03 2.763777226209640503e-02 6.808225996792316437e-03 5.097080953419208527e-03 1.498011057265102863e-03 1.760178431868553162e-02 2.961864881217479706e-02 2.817347412928938866e-03 8.214417845010757446e-03 6.788747385144233704e-03 2.426170930266380310e-02 2.516428753733634949e-02 4.446162655949592590e-02 3.422309877350926399e-03 7.681749761104583740e-03 2.430593036115169525e-02 2.765216492116451263e-02 1.140912901610136032e-02 2.909853495657444000e-02 3.919887356460094452e-03 3.546681953594088554e-03 2.223601937294006348e-02 3.674730425700545311e-03 1.058348082005977631e-02 1.612513139843940735e-02 2.387267351150512695e-02 1.760853081941604614e-02 1.142592448741197586e-02 4.330833442509174347e-03 7.243312895298004150e-03 1.863307878375053406e-02 3.617119416594505310e-02 3.537400066852569580e-02 1.555302063934504986e-03 1.235558558255434036e-02 3.627345338463783264e-02 1.960628293454647064e-02 2.592968754470348358e-02 4.272468853741884232e-03 2.810329571366310120e-02 1.744507066905498505e-02 3.871187195181846619e-02 4.063788056373596191e-02 5.982987582683563232e-03 8.541050367057323456e-03 1.931987889111042023e-02 4.783617332577705383e-02 2.009906060993671417e-02 1.440038904547691345e-02 2.070426475256681442e-03 8.617642335593700409e-03 2.938107959926128387e-02 3.950592875480651855e-02 1.520325662568211555e-03 2.962952479720115662e-02 1.868222467601299286e-02 2.147499471902847290e-02 4.393129143863916397e-03 1.014723163098096848e-02 3.406810387969017029e-02 2.198770409449934959e-03 5.769168026745319366e-03 2.445546165108680725e-02 1.049322821199893951e-02 1.075775269418954849e-02 2.364536747336387634e-02 5.633683875203132629e-03 1.046524615958333015e-03 2.317226864397525787e-02 2.033643610775470734e-02 2.003251202404499054e-02 1.712298765778541565e-02 1.667780242860317230e-02 2.123526670038700104e-02 8.673230186104774475e-03 1.275616697967052460e-02 7.856373675167560577e-03 1.440144795924425125e-02 2.362191909924149513e-03
6.821575015783309937e-02 4.319839924573898315e-02 7.912801578640937805e-03 1.555002527311444283e-03 9.177746833302080631e-04 5.664831772446632385e-02 4.775484651327133179e-02 6.167976243887096643e-05 8.363360539078712463e-03 2.368367835879325867e-02 8.168587684631347656e-01 1.903646159917116165e-03 6.042633950710296631e-02 6.200958159752190113e-04 1.984257251024246216e-02 3.223988786339759827e-02 2.089153416454792023e-02 6.647239904850721359e-03 1.883197948336601257e-02 1.146904472261667252e-02 1.705977693200111389e-02 1.432125549763441086e-02 2.403488941490650177e-02 1.096581388264894485e-02 5.289575550705194473e-03 2.207176946103572845e-02 1.808850094676017761e-02 2.897650469094514847e-03 3.740299027413129807e-03 1.169252768158912659e-02 3.106616437435150146e-02 8.518103510141372681e-03 2.380494028329849243e-02 1.947261765599250793e-02 4.069425631314516068e-03 1.697454042732715607e-02 2.155624330043792725e-02 7.174345199018716812e-03 1.990911178290843964e-02 2.194218523800373077e-02 1.106261089444160461e-02 1.163009367883205414e-02 5.954557098448276520e-03 1.159162633121013641e-02 4.008794203400611877e-03 2.121219038963317871e-02 5.404550209641456604e-02 6.117919087409973145e-02 9.880173951387405396e-03 2.398361824452877045e-02 6.241892930120229721e-03 6.859173066914081573e-03 1.057995483279228210e-02 2.163794450461864471e-02 1.235911715775728226e-02 1.414812728762626648e-02 3.261517966166138649e-03 1.581318117678165436e-02 8.877381682395935059e-03 1.089897565543651581e-02 1.392357051372528076e-02 7.114678621292114258e-03 1.550482772290706635e-02 4.952943418174982071e-03 5.763079971075057983e-02 6.079313904047012329e-02 2.218430163338780403e-03 4.187762737274169922e-03 3.690089657902717590e-02 1.391107495874166489e-02 1.950027421116828918e-02 3.225129097700119019e-03 1.985185220837593079e-02 2.807912044227123260e-02 1.800865679979324341e-02 2.073383890092372894e-02 2.061246149241924286e-02 4.708844237029552460e-03 3.827818110585212708e-02 2.802282012999057770e-02 1.183216739445924759e-02 2.528166584670543671e-02 1.407396863214671612e-03 2.502312883734703064e-02 9.067899547517299652e-03 3.110820194706320763e-03 4.495666548609733582e-02 4.245924763381481171e-03 2.231311053037643433e-02 3.565245866775512695e-02 9.901316836476325989e-03 8.402305655181407928e-03 4.700637981295585632e-02 2.172018028795719147e-02 7.464259862899780273e-03 1.924231473822146654e-04 1.045333873480558395e-02 1.478243269957602024e-03 3.226289700251072645e-04 1.222652615979313850e-03 2.071862854063510895e-02 2.398354746401309967e-02 9.503313340246677399e-03 3.516293130815029144e-03 1.357180532068014145e-03 1.891434378921985626e-02 1.207818044349551201e-03 1.441955217160284519e-03 9.917283896356821060e-04 4.708550404757261276e-03 1.848191581666469574e-02 1.134616322815418243e-02 2.465035766363143921e-03 1.354187610559165478e-03 5.769111216068267822e-03 1.307215541601181030e-02
7.105569238774478436e-04 2.211906574666500092e-02 7.264490704983472824e-03 7.899059914052486420e-03 1.705749519169330597e-02 1.891848631203174591e-02 1.811636053025722504e-02 7.032795809209346771e-03 1.371882017701864243e-02 2.507971785962581635e-02 1.903646159917116165e-03 8.168587684631347656e-01 1.703134924173355103e-02 7.018692791461944580e-02 1.218417193740606308e-02 1.629493944346904755e-02 1.982574583962559700e-03 3.749508410692214966e-02 3.192608058452606201e-02 1.510061416774988174e-02 6.230813916772603989e-03 5.299650598317384720e-03 1.359449885785579681e-02 5.135670769959688187e-03 9.756851941347122192e-03 1.818073913455009460e-02 3.227414563298225403e-03 3.706618770956993103e-02 1.377511955797672272e-02 2.610949054360389709e-02 9.674939210526645184e-04 7.836019620299339294e-03 1.730432920157909393e-02 8.666628971695899963e-03 9.549352340400218964e-03 1.641658321022987366e-02 1.425856631249189377e-02 1.049722358584403992e-02 1.455122139304876328e-02 1.748008653521537781e-03 1.304193865507841110e-02 3.492395952343940735e-02 1.044193655252456665e-02 2.385473251342773438e-02 2.406773716211318970e-02 1.795359514653682709e-02 1.212420221418142319e-02 7.316005416214466095e-03 1.563237630762159824e-03 2.056400105357170105e-02 3.637325018644332886e-02 3.634909400716423988e-03 8.860060945153236389e-03 1.107614394277334213e-02 6.009843200445175171e-03 5.466705188155174255e-03 5.196857079863548279e-02 2.311946079134941101e-02 9.131795726716518402e-03 6.989852525293827057e-03 1.621881499886512756e-02 1.785971783101558685e-02 3.078073728829622269e-03 1.848784741014242172e-03 4.290214274078607559e-03 1.403900701552629471e-02 7.603917270898818970e-03 7.540474645793437958e-03 3.355116769671440125e-02 1.500346418470144272e-02 2.688761800527572632e-03 1.707388088107109070e-02 2.024477906525135040e-02 2.522359043359756470e-02 1.846723072230815887e-02 1.813070848584175110e-02 3.450060263276100159e-02 2.559865824878215790e-02 6.382448598742485046e-03 3.504195436835289001e-02 2.466608770191669464e-02 3.017272334545850754e-03 2.632605470716953278e-02 3.754829242825508118e-02 2.965149004012346268e-03 1.241796556860208511e-02 1.022764761000871658e-02 3.292923327535390854e-03 2.115716785192489624e-02 2.663219347596168518e-02 6.600226741284132004e-03 2.109095267951488495e-02 9.390422143042087555e-03 1.038955617696046829e-02 2.198351360857486725e-02 1.484327577054500580e-02 1.922045648097991943e-02 1.772857271134853363e-02 7.571367081254720688e-03 1.415827404707670212e-02 9.181028231978416443e-03 3.903576871380209923e-03 2.588370582088828087e-03 3.966461867094039917e-03 1.254142378456890583e-03 4.698629956692457199e-03 4.481935407966375351e-03 1.865558139979839325e-02 4.159684479236602783e-02 9.947208454832434654e-04 1.662700809538364410e-02 1.557936146855354309e-02 3.197048604488372803e-02 1.527564693242311478e-02 1.434343960136175156e-02 2.711675129830837250e-02
5.711318552494049072e-02 6.309948116540908813e-02 1.644810847938060760e-02 4.607947543263435364e-03 3.854386042803525925e-03 5.647871270775794983e-02 4.594781622290611267e-02 1.231483183801174164e-02 8.551780134439468384e-03 1.942655444145202637e-02 6.042633950710296631e-02 1.703134924173355103e-02 8.168587684631347656e-01 1.296451967209577560e-02 2.766493894159793854e-02 4.065364226698875427e-02 2.926174364984035492e-02 9.858914650976657867e-03 1.522533223032951355e-02 3.156997263431549072e-02 3.189257159829139709e-02 1.597579382359981537e-02 2.894457243382930756e-02 1.748300530016422272e-02 9.700204245746135712e-03 2.411050349473953247e-02 1.534471102058887482e-02 9.176878258585929871e-03 2.903946908190846443e-03 2.566692652180790901e-03 1.132566947489976883e-03 1.860827207565307617e-02 3.079818561673164368e-02 2.738760784268379211e-02 7.098092231899499893e-03 2.180871739983558655e-02 2.610512264072895050e-02 1.803054101765155792e-02 3.049239143729209900e-02 1.333011221140623093e-02 3.123110393062233925e-03 7.733470760285854340e-03 2.299898304045200348e-03 7.325718645006418228e-03 1.472261268645524979e-02 4.990938468836247921e-04 5.420174822211265564e-02 4.291331768035888672e-02 1.011477503925561905e-02 1.899253763258457184e-02 1.855110749602317810e-03 7.641832809895277023e-03 1.817403733730316162e-02 1.572978682816028595e-02 1.827795058488845825e-02 1.911439560353755951e-02 7.578722666949033737e-03 1.955577358603477478e-02 7.523345761001110077e-03 2.950355410575866699e-02 1.634954474866390228e-02 1.129479240626096725e-02 2.101634815335273743e-02 4.586728755384683609e-03 4.310749471187591553e-02 6.870106607675552368e-02 1.031422615051269531e-02 1.438164245337247849e-02 3.135863691568374634e-02 1.480608526617288589e-02 1.555537572130560875e-03 1.640531583689153194e-03 2.601279318332672119e-02 3.096272423863410950e-02 2.496764995157718658e-02 1.825343631207942963e-02 1.683183573186397552e-02 3.617503680288791656e-03 2.537994273006916046e-02 3.016323223710060120e-02 1.561259943991899490e-02 2.129969373345375061e-02 6.114496383816003799e-03 2.773679792881011963e-02 6.872259546071290970e-04 4.250321653671562672e-04 3.462960198521614075e-02 9.396599605679512024e-03 3.245641291141510010e-02 3.868433088064193726e-02 6.931490730494260788e-03 1.006882358342409134e-02 2.212764136493206024e-02 3.499804437160491943e-02 5.270747933536767960e-03 1.129715517163276672e-02 9.117816574871540070e-03 6.202270160429179668e-04 3.478860249742865562e-03 5.890135653316974640e-03 9.662568569183349609e-03 5.059220828115940094e-03 6.068111397325992584e-03 9.185991948470473289e-04 7.082042284309864044e-03 2.171414531767368317e-02 5.310907959938049316e-03 7.659959606826305389e-03 1.358081027865409851e-02 2.171456580981612206e-03 1.226809620857238770e-02 8.903366513550281525e-03 1.056465203873813152e-03 1.139100524596869946e-03 3.677646163851022720e-03 8.547503501176834106e-03
