8.599295616149902344e-01 7.327254861593246460e-02 4.385130479931831360e-03 8.277007378637790680e-03 6.961944047361612320e-03 6.329799443483352661e-02 5.223258584737777710e-02 1.060421229340136051e-03 1.227605529129505157e-02 1.564521342515945435e-02 6.810909509658813477e-02 1.692455448210239410e-02 6.830606609582901001e-02 2.593342214822769165e-02 2.453109994530677795e-02 2.738250605762004852e-02 1.871252618730068207e-02 3.462938126176595688e-03 1.718757301568984985e-02 1.046115253120660782e-02 4.841763060539960861e-03 2.059011720120906830e-02 1.741548255085945129e-02 2.358367852866649628e-02 1.211953349411487579e-05 1.777765108272433281e-03 2.075629308819770813e-02 5.605462938547134399e-03 4.579829692374914885e-05 2.717687282711267471e-03 1.416725758463144302e-02 1.910756924189627171e-03 6.086193490773439407e-03 4.863219335675239563e-03 1.952097192406654358e-02 1.151052583009004593e-02 1.417904533445835114e-02 2.002487331628799438e-02 4.866540897637605667e-03 5.766207352280616760e-03 1.355878356844186783e-02 4.124278784729540348e-04 7.291894871741533279e-03 1.200201269239187241e-02 3.148202598094940186e-02 2.583255432546138763e-02 5.507392063736915588e-02 4.551603272557258606e-02 1.451188605278730392e-02 6.541508249938488007e-03 1.179274637252092361e-02 1.705316454172134399e-02 3.801504863076843321e-05 4.297075793147087097e-03 8.549819700419902802e-03 1.007860642857849598e-03 5.746001843363046646e-04 5.831848829984664917e-03 5.456690210849046707e-03 1.375186373479664326e-03 8.144721388816833496e-03 8.698301389813423157e-03 6.184581667184829712e-03 1.505058631300926208e-02 2.759435959160327911e-02 3.310183808207511902e-02 1.371640618890523911e-02 1.176507584750652313e-02 6.113452836871147156e-03 1.549849100410938263e-02 1.090780249796807766e-03 8.658535662107169628e-04 5.091097205877304077e-03 2.789422636851668358e-03 1.728976028971374035e-03 6.962763145565986633e-03 3.582563018426299095e-03 1.221210137009620667e-02 2.983970753848552704e-02 2.232274226844310760e-02 1.289743557572364807e-02 1.224302593618631363e-02 4.050855059176683426e-03 1.325422525405883789e-02 7.422974333167076111e-03 1.759566739201545715e-02 3.352862596511840820e-02 4.609924927353858948e-02 4.152271139901131392e-04 1.132507342845201492e-02 2.589324116706848145e-02 2.951783128082752228e-02 2.167431637644767761e-02 3.556186333298683167e-02 1.241749245673418045e-02 8.105195127427577972e-03 1.967259123921394348e-02 6.801536772400140762e-03 5.395961925387382507e-03 6.262115668505430222e-03 1.264847349375486374e-02 1.097817625850439072e-02 8.094266988337039948e-03 4.576205275952816010e-03 7.342888042330741882e-03 1.405468117445707321e-02 4.640200641006231308e-03 8.609869517385959625e-03 8.612673729658126831e-03 8.006107993423938751e-03 2.045375853776931763e-02 5.021762102842330933e-03 4.864571150392293930e-03 2.021795837208628654e-03 4.253164678812026978e-02 3.711720928549766541e-02
7.327254861593246460e-02 8.599295616149902344e-01 6.647874601185321808e-03 1.221496332436800003e-02 1.017937320284545422e-03 6.335325539112091064e-02 5.544239655137062073e-02 8.054772391915321350e-03 1.620018295943737030e-02 1.626738719642162323e-02 6.429667770862579346e-02 1.697318442165851593e-02 6.772222369909286499e-02 2.626199647784233093e-02 2.172406762838363647e-02 2.442245557904243469e-02 1.459901034832000732e-02 5.947417812421917915e-04 1.374332886189222336e-02 8.084654808044433594e-03 2.645018510520458221e-03 1.882718130946159363e-02 1.398151554167270660e-02 1.934934221208095551e-02 5.199302686378359795e-04 1.516402466222643852e-03 1.901660487055778503e-02 1.006944570690393448e-03 4.534107167273759842e-03 1.787793124094605446e-03 1.160191465169191360e-02 6.174252368509769440e-03 9.163756854832172394e-03 2.695753937587141991e-03 2.268536761403083801e-02 1.189801748842000961e-02 1.280489843338727951e-02 1.948491111397743225e-02 1.434129429981112480e-03 3.739708568900823593e-03 1.295684929937124252e-02 7.522294181399047375e-04 6.567554548382759094e-03 2.004304900765419006e-02 2.719895355403423309e-02 1.871515810489654541e-02 5.747871473431587219e-02 4.741280898451805115e-02 9.394688531756401062e-03 2.608044305816292763e-03 5.831790622323751450e-03 1.520032249391078949e-02 1.531396294012665749e-03 6.945024244487285614e-03 3.586245467886328697e-03 2.175937173888087273e-03 4.141969606280326843e-03 1.042220648378133774e-02 9.449508041143417358e-03 4.266509320586919785e-03 5.325760692358016968e-03 5.099631845951080322e-03 1.247522421181201935e-02 2.042584866285324097e-02 2.385338768362998962e-02 3.353517502546310425e-02 1.424389425665140152e-02 1.034715119749307632e-02 2.612956101074814796e-03 6.220610812306404114e-03 4.603346809744834900e-03 4.711560439318418503e-03 8.950822986662387848e-03 9.085147641599178314e-03 6.013038102537393570e-03 1.057890523225069046e-02 2.410494023934006691e-03 7.760872133076190948e-03 2.836610935628414154e-02 2.109299972653388977e-02 1.694731786847114563e-02 1.818318106234073639e-02 6.469032261520624161e-03 1.018330920487642288e-02 6.887685041874647141e-03 1.254959776997566223e-02 3.453177958726882935e-02 4.632459953427314758e-02 3.357323817908763885e-03 3.337936010211706161e-03 2.579942904412746429e-02 2.749191597104072571e-02 2.336096204817295074e-02 3.399433195590972900e-02 1.382823288440704346e-02 9.882096201181411743e-03 1.724261604249477386e-02 8.613293990492820740e-03 2.389307366684079170e-03 7.245981134474277496e-03 1.115556526929140091e-02 8.713415823876857758e-03 6.353398319333791733e-03 4.284119233489036560e-03 9.440469555556774139e-03 1.413886155933141708e-02 3.615388413891196251e-05 1.452266518026590347e-02 5.563584156334400177e-03 1.363284885883331299e-02 2.238823845982551575e-02 4.883173853158950806e-03 8.054642938077449799e-03 3.362192539498209953e-03 5.012416094541549683e-02 3.795044124126434326e-02
4.385130479931831360e-03 6.647874601185321808e-03 8.599295616149902344e-01 2.022019959986209869e-02 2.064795978367328644e-02 5.527694243937730789e-03 1.932131708599627018e-04 5.933357402682304382e-02 2.003235567826777697e-04 9.269065223634243011e-03 3.924668300896883011e-03 2.895601652562618256e-02 5.794078577309846878e-03 2.707834914326667786e-02 2.373041771352291107e-02 4.884065128862857819e-03 2.434942405670881271e-03 1.052863616496324539e-02 1.697652600705623627e-02 3.746042400598526001e-02 2.510775811970233917e-02 2.041042316704988480e-03 1.749618537724018097e-02 1.083019841462373734e-02 1.890981756150722504e-02 1.661635376513004303e-02 7.866567932069301605e-03 3.203845396637916565e-02 1.500664465129375458e-02 3.209571912884712219e-02 1.189595181494951248e-02 3.443785943090915680e-03 1.634028926491737366e-02 4.054809454828500748e-03 6.745397578924894333e-03 1.827188208699226379e-02 1.823360286653041840e-02 6.263742689043283463e-03 3.047497756779193878e-02 9.533660486340522766e-03 7.352059474214911461e-04 1.183422189205884933e-02 1.484514959156513214e-02 1.189589779824018478e-02 9.705652482807636261e-03 1.762364804744720459e-02 5.609455984085798264e-03 1.512669585645198822e-02 1.361327362246811390e-03 1.222174707800149918e-02 2.296591922640800476e-02 2.293692901730537415e-02 3.952809423208236694e-02 2.826646529138088226e-02 1.875589252449572086e-03 9.146865457296371460e-03 1.604153960943222046e-02 6.018863990902900696e-03 3.281936421990394592e-02 2.574617601931095123e-02 2.160394564270973206e-03 6.318091182038187981e-04 1.740853115916252136e-02 1.827318593859672546e-02 1.515608653426170349e-02 2.205365151166915894e-02 2.254447154700756073e-02 2.585590071976184845e-02 3.126657335087656975e-03 1.218214281834661961e-03 4.745709244161844254e-03 2.382104285061359406e-03 2.517409063875675201e-02 9.592805057764053345e-03 2.478287182748317719e-02 1.134499721229076385e-02 8.141495287418365479e-03 3.212092851754277945e-04 8.496992290019989014e-03 1.895672082901000977e-02 4.234484955668449402e-02 9.800173575058579445e-04 8.901672437787055969e-03 3.610066603869199753e-03 1.077525410801172256e-02 7.961406372487545013e-03 2.497914806008338928e-02 1.664715446531772614e-02 2.670939825475215912e-02 8.699536556378006935e-04 5.043335724622011185e-03 3.469433402642607689e-03 8.541543036699295044e-03 1.052861451171338558e-03 1.476797927170991898e-02 2.437809947878122330e-03 4.745131824165582657e-03 5.179928150027990341e-03 7.600834127515554428e-03 1.269547920674085617e-02 9.569907560944557190e-03 1.273895730264484882e-03 1.677200198173522949e-02 2.055641822516918182e-02 2.181174978613853455e-02 1.167686004191637039e-02 5.448915995657444000e-03 6.860401947051286697e-03 1.837059622630476952e-03 1.446028356440365314e-03 1.079385168850421906e-02 2.649599313735961914e-02 1.283804234117269516e-02 1.355897518806159496e-03 6.039823871105909348e-03 1.236457261256873608e-03
8.277007378637790680e-03 1.221496332436800003e-02 2.022019959986209869e-02 8.599295616149902344e-01 4.802893102169036865e-02 1.514809951186180115e-02 2.357976697385311127e-02 7.351574022322893143e-03 9.937895229086279869e-04 2.331275120377540588e-02 1.398131344467401505e-02 2.003522776067256927e-02 1.143292337656021118e-02 3.574907779693603516e-03 1.355803012847900391e-02 7.437489926815032959e-03 1.509473472833633423e-02 5.411840509623289108e-03 3.122921567410230637e-03 1.480936305597424507e-03 9.076035581529140472e-03 4.062331281602382660e-03 2.799400873482227325e-02 1.518464740365743637e-02 4.843904636800289154e-03 1.461912598460912704e-02 2.084802836179733276e-03 2.872786484658718109e-02 2.273584157228469849e-02 2.972549572587013245e-02 9.470326825976371765e-03 6.541294045746326447e-03 2.994913607835769653e-02 8.864752948284149170e-03 2.312230132520198822e-02 9.662471711635589600e-03 2.349053684156388044e-04 6.203565280884504318e-03 4.184684529900550842e-02 8.236835710704326630e-03 2.302861306816339493e-03 1.913157477974891663e-02 2.478406019508838654e-02 9.443999268114566803e-03 1.172851957380771637e-02 5.045572295784950256e-03 2.240832522511482239e-02 2.136305160820484161e-02 2.032718854025006294e-03 2.796087600290775299e-02 2.983811870217323303e-02 1.481784880161285400e-02 2.188787609338760376e-02 1.635399274528026581e-02 5.399202927947044373e-03 2.685484103858470917e-02 3.627517074346542358e-02 2.320434711873531342e-02 1.163438614457845688e-02 5.612365901470184326e-03 3.191622346639633179e-02 1.707420125603675842e-02 4.233490303158760071e-02 4.010594263672828674e-02 6.194462068378925323e-03 3.164105350151658058e-03 1.378060132265090942e-02 1.992670446634292603e-02 3.270353376865386963e-02 1.826796866953372955e-02 3.797116503119468689e-02 2.244886942207813263e-02 4.644826054573059082e-02 1.472206669859588146e-03 4.101113975048065186e-02 2.356069907546043396e-02 3.213065117597579956e-02 1.801887713372707367e-02 4.626086156349629164e-04 2.034847252070903778e-02 1.688648201525211334e-02 1.189355622045695782e-03 1.237409375607967377e-02 1.396735105663537979e-02 1.435724087059497833e-02 6.891242694109678268e-03 1.160423830151557922e-02 1.831890549510717392e-03 4.204016551375389099e-02 3.701555728912353516e-02 4.699502140283584595e-03 8.743146318010985851e-04 1.028073579072952271e-02 6.923767272382974625e-03 4.277859814465045929e-03 2.528303535655140877e-03 2.061284147202968597e-03 1.053282525390386581e-02 2.207784354686737061e-02 2.073515579104423523e-02 1.721775718033313751e-02 4.989853128790855408e-03 2.621950209140777588e-02 2.573973312973976135e-02 2.286000177264213562e-02 2.170443907380104065e-02 4.592489451169967651e-03 3.355218097567558289e-02 8.822135627269744873e-03 5.093675106763839722e-03 1.715487241744995117e-02 3.139530494809150696e-02 3.127742558717727661e-02 2.846210449934005737e-02 1.954939588904380798e-02 4.016230814158916473e-03
6.961944047361612320e-03 1.017937320284545422e-03 2.064795978367328644e-02 4.802893102169036865e-02 8.599295616149902344e-01 7.655239314772188663e-04 8.841423317790031433e-03 2.480222610756754875e-03 1.266282866708934307e-03 1.246152911335229874e-02 7.597748208354460075e-06 2.197656966745853424e-02 3.495831333566457033e-05 1.122293435037136078e-02 1.783484965562820435e-02 1.367651391774415970e-02 1.974410563707351685e-02 9.448818862438201904e-03 1.315699238330125809e-02 2.678965916857123375e-03 1.518114935606718063e-02 8.370618335902690887e-03 3.147519379854202271e-02 2.366406284272670746e-02 7.618341129273176193e-03 1.582003384828567505e-02 5.703121423721313477e-03 3.220195323228836060e-02 2.384928613901138306e-02 3.318398818373680115e-02 3.915264271199703217e-03 4.663244821131229401e-03 2.709525264799594879e-02 7.535558193922042847e-03 1.583014056086540222e-02 1.057896297425031662e-02 2.835702151060104370e-03 1.374298706650733948e-02 4.203343018889427185e-02 1.743899099528789520e-02 4.900584463030099869e-03 2.017613500356674194e-02 2.601304650306701660e-02 1.639921963214874268e-02 1.799581199884414673e-02 3.823389764875173569e-03 9.235850535333156586e-03 1.079765800386667252e-02 1.093666534870862961e-03 2.406603656709194183e-02 3.686773031949996948e-02 1.981839723885059357e-02 1.837290264666080475e-02 1.054713688790798187e-02 4.154493100941181183e-03 1.873000152409076691e-02 3.885585069656372070e-02 2.730813436210155487e-02 9.811845608055591583e-03 8.101172745227813721e-03 3.339208289980888367e-02 2.454372122883796692e-02 3.927423059940338135e-02 3.537842258810997009e-02 7.050078827887773514e-03 2.489648177288472652e-04 1.169440336525440216e-02 1.970012485980987549e-02 2.966022491455078125e-02 2.316165529191493988e-02 3.046348877251148224e-02 2.008703723549842834e-02 4.088471829891204834e-02 6.309331394731998444e-03 3.591146692633628845e-02 2.962849475443363190e-02 2.844084799289703369e-02 1.949965395033359528e-02 1.524041965603828430e-02 6.592769641429185867e-03 2.678032591938972473e-02 8.666602894663810730e-03 2.062352560460567474e-02 4.830825608223676682e-03 1.561860926449298859e-02 6.860382854938507080e-03 2.078065834939479828e-02 1.176704559475183487e-02 4.029628261923789978e-02 4.085400700569152832e-02 7.494275458157062531e-03 7.867990061640739441e-03 8.459831587970256805e-03 1.087228953838348389e-02 1.023745790007524192e-04 2.440368989482522011e-03 1.377196889370679855e-02 1.997822895646095276e-02 1.849075406789779663e-02 2.268017455935478210e-02 5.076734349131584167e-03 3.952261991798877716e-03 3.189535811543464661e-02 3.236357495188713074e-02 1.456062775105237961e-02 1.152944844216108322e-02 1.634931564331054688e-02 3.429814055562019348e-02 6.960321916267275810e-04 1.154308114200830460e-02 2.303180843591690063e-02 2.771953493356704712e-02 2.810350805521011353e-02 2.675959840416908264e-02 7.699333131313323975e-03 1.578102633357048035e-02
6.329799443483352661e-02 6.335325539112091064e-02 5.527694243937730789e-03 1.514809951186180115e-02 7.655239314772188663e-04 8.599295616149902344e-01 6.652934849262237549e-02 1.016890630125999451e-02 4.545126575976610184e-03 2.597287064418196678e-03 5.832571163773536682e-02 2.973415143787860870e-02 6.333714723587036133e-02 4.165528714656829834e-02 2.441164851188659668e-02 1.649106666445732117e-02 8.477958850562572479e-03 8.977295830845832825e-03 3.298209048807621002e-03 3.614124143496155739e-03 6.245665252208709717e-03 1.319566089659929276e-02 1.825480163097381592e-02 2.532668225467205048e-02 1.061741914600133896e-02 8.868548087775707245e-03 1.245092786848545074e-02 1.605398766696453094e-02 1.624618074856698513e-03 1.532637607306241989e-02 5.355018656700849533e-03 6.065557245165109634e-03 4.804276861250400543e-03 1.319897593930363655e-03 1.530005224049091339e-02 8.882583118975162506e-03 1.235874090343713760e-02 1.955973170697689056e-02 3.482002764940261841e-03 5.444365553557872772e-03 6.521054543554782867e-03 5.760233849287033081e-03 5.259038880467414856e-03 1.353740692138671875e-02 2.532678283751010895e-02 9.770095348358154297e-03 6.320028007030487061e-02 4.842014610767364502e-02 1.714685745537281036e-02 7.734644692391157150e-03 1.129645295441150665e-02 2.100141905248165131e-02 6.230063270777463913e-03 1.854773052036762238e-02 1.382112596184015274e-02 4.069619812071323395e-03 1.626285375095903873e-03 5.379861220717430115e-03 1.533858012408018112e-02 1.557066012173891068e-02 4.448657855391502380e-03 2.044490771368145943e-03 7.684933021664619446e-03 1.262753270566463470e-02 2.767616137862205505e-02 3.820766136050224304e-02 2.621937077492475510e-03 1.674554543569684029e-03 5.823952611535787582e-03 2.333651296794414520e-03 1.514598447829484940e-02 6.316038779914379120e-03 1.291276700794696808e-02 9.272035211324691772e-03 1.247078925371170044e-02 7.465808652341365814e-03 7.768217008560895920e-03 8.357678540050983429e-03 2.954779937863349915e-02 1.215517893433570862e-02 1.574664935469627380e-02 2.497283369302749634e-02 3.254407551139593124e-03 5.983172915875911713e-03 7.899116724729537964e-03 1.018560491502285004e-02 3.529066964983940125e-02 4.921540617942810059e-02 2.923665160778909922e-04 1.298073679208755493e-03 2.781528607010841370e-02 1.977485418319702148e-02 1.868646778166294098e-02 2.845342457294464111e-02 8.077836595475673676e-03 2.173808170482516289e-04 1.355016138404607773e-02 6.519971415400505066e-03 1.192438881844282150e-02 4.529543686658143997e-03 2.376597933471202850e-02 1.579019613564014435e-02 1.081053726375102997e-02 7.581933401525020599e-03 7.835892029106616974e-03 8.748986758291721344e-03 1.130503416061401367e-02 1.141967624425888062e-02 1.700882986187934875e-02 3.088467288762331009e-03 2.800224907696247101e-02 2.784442156553268433e-03 7.081013172864913940e-03 7.485990412533283234e-03 3.898516297340393066e-02 2.881727553904056549e-02
5.223258584737777710e-02 5.544239655137062073e-02 1.932131708599627018e-04 2.357976697385311127e-02 8.841423317790031433e-03 6.652934849262237549e-02 8.599295616149902344e-01 1.219020131975412369e-02 8.939915336668491364e-03 1.383373979479074478e-02 5.164777114987373352e-02 2.184556424617767334e-02 5.664151161909103394e-02 3.837305307388305664e-02 1.700095459818840027e-02 1.054207608103752136e-02 7.060263305902481079e-04 4.359454382210969925e-03 4.002036992460489273e-03 5.235465243458747864e-03 8.132131770253181458e-03 1.044670771807432175e-02 7.697582244873046875e-03 2.178579941391944885e-02 1.078346092253923416e-02 1.055594626814126968e-02 9.721230715513229370e-03 6.115324329584836960e-03 1.879418152384459972e-03 9.981446899473667145e-03 5.577557254582643509e-03 1.231164578348398209e-02 7.038849871605634689e-03 1.214113924652338028e-02 8.895156905055046082e-03 5.948057863861322403e-03 1.209803950041532516e-02 1.029905676841735840e-02 1.202875189483165741e-02 9.733088314533233643e-03 1.570654683746397495e-03 5.291084758937358856e-03 1.597189111635088921e-03 7.130533456802368164e-03 2.587782777845859528e-02 1.188517175614833832e-02 6.731677800416946411e-02 5.899000912904739380e-02 6.468079518526792526e-03 1.177114248275756836e-02 2.594877965748310089e-03 1.755154132843017578e-02 5.031594191677868366e-04 1.512957643717527390e-02 7.888860069215297699e-03 2.209078148007392883e-02 1.002667006105184555e-02 1.869978499598801136e-03 1.145671773701906204e-02 2.076119370758533478e-02 1.003302633762359619e-02 1.622542622499167919e-03 1.444166153669357300e-02 1.457324437797069550e-02 2.617226541042327881e-02 3.797079995274543762e-02 3.330992534756660461e-03 1.891714753583073616e-03 1.390804629772901535e-02 6.472492241300642490e-04 1.902415417134761810e-02 9.227409958839416504e-03 2.267397567629814148e-02 1.524328952655196190e-03 2.135842293500900269e-02 1.321294717490673065e-02 1.705765724182128906e-02 9.506337344646453857e-03 2.118309214711189270e-02 1.644673198461532593e-02 1.522787660360336304e-02 2.811437100172042847e-02 1.235235482454299927e-03 1.202445942908525467e-02 9.218206629157066345e-03 4.354257136583328247e-03 2.729031257331371307e-02 4.155806824564933777e-02 1.324417162686586380e-02 7.249323651194572449e-03 3.386908769607543945e-02 2.111712470650672913e-02 3.093729726970195770e-02 2.382392622530460358e-02 9.527993388473987579e-03 2.712250454351305962e-03 1.605066843330860138e-02 8.827435784041881561e-03 9.436752647161483765e-03 5.168933887034654617e-03 1.928868144750595093e-02 9.481708519160747528e-03 8.870495483279228210e-03 5.563741084188222885e-03 1.310400292277336121e-02 7.851053960621356964e-03 7.924964651465415955e-03 1.425835397094488144e-02 9.704432450234889984e-03 2.961771097034215927e-03 2.714947983622550964e-02 5.253190174698829651e-03 1.217885594815015793e-02 1.210076455026865005e-02 3.995080664753913879e-02 2.551814727485179901e-02
1.060421229340136051e-03 8.054772391915321350e-03 5.933357402682304382e-02 7.351574022322893143e-03 2.480222610756754875e-03 1.016890630125999451e-02 1.219020131975412369e-02 8.599295616149902344e-01 6.842933595180511475e-03 1.249028835445642471e-02 1.480688154697418213e-02 1.347755454480648041e-02 1.099434494972229004e-02 1.932809874415397644e-02 2.446724288165569305e-02 1.003574859350919724e-02 6.274360930547118187e-04 1.780454069375991821e-02 1.001565530896186829e-02 2.741715125739574432e-02 1.486089639365673065e-02 4.353065975010395050e-03 6.889082491397857666e-03 1.702643185853958130e-02 9.683995507657527924e-03 2.277588238939642906e-03 7.857920718379318714e-04 1.516764052212238312e-02 2.821702044457197189e-03 8.411364629864692688e-03 2.093569003045558929e-02 1.527222618460655212e-02 7.384151685982942581e-03 1.252975687384605408e-02 1.253831083886325359e-03 2.935455925762653351e-02 2.815403230488300323e-02 1.025584153831005096e-02 9.304449893534183502e-03 1.517262682318687439e-02 6.211973261088132858e-03 6.636788748437538743e-05 4.369993228465318680e-03 2.607008675113320351e-03 1.181418076157569885e-02 1.899508945643901825e-02 6.930310744792222977e-03 8.078649407252669334e-04 7.130673155188560486e-03 7.294132374227046967e-03 4.924263339489698410e-03 3.944864962249994278e-03 7.387231104075908661e-03 3.016274189576506615e-03 1.589982956647872925e-02 8.067981339991092682e-03 6.627832073718309402e-03 7.822878658771514893e-03 2.600130625069141388e-02 2.219413407146930695e-02 6.292073056101799011e-03 1.218473725020885468e-02 5.790524184703826904e-03 5.796256475150585175e-03 1.530100125819444656e-02 1.720794476568698883e-02 9.919335134327411652e-03 7.272994611412286758e-03 6.446028593927621841e-03 4.559942055493593216e-03 1.042172499001026154e-02 2.707955136429518461e-04 3.232402959838509560e-03 1.092279050499200821e-02 4.452589899301528931e-03 5.310655571520328522e-03 6.605260074138641357e-03 5.003874190151691437e-03 2.326391451060771942e-02 6.497703492641448975e-03 7.105833292007446289e-02 1.752013899385929108e-02 1.169057376682758331e-02 2.154955640435218811e-02 5.631729960441589355e-03 2.442617551423609257e-04 2.775338850915431976e-02 2.426221594214439392e-02 7.488123606890439987e-03 8.101672865450382233e-03 1.858884468674659729e-02 1.742632128298282623e-02 6.073097232729196548e-03 1.107716583646833897e-03 1.973196864128112793e-02 4.411646164953708649e-03 7.224503438919782639e-03 1.192105095833539963e-02 4.438262432813644409e-03 2.339680679142475128e-03 7.371530402451753616e-03 8.405382744967937469e-03 6.656880024820566177e-03 1.230300683528184891e-02 9.289658628404140472e-03 4.820701200515031815e-03 1.251658704131841660e-02 4.268249031156301498e-03 4.055401310324668884e-03 7.657860405743122101e-03 1.291670091450214386e-02 9.330903179943561554e-03 1.128202676773071289e-02 2.234470285475254059e-02 1.168897189199924469e-02 1.290225796401500702e-02
1.227605529129505157e-02 1.620018295943737030e-02 2.003235567826777697e-04 9.937895229086279869e-04 1.266282866708934307e-03 4.545126575976610184e-03 8.939915336668491364e-03 6.842933595180511475e-03 8.599295616149902344e-01 3.397186845541000366e-02 1.060502137988805771e-02 1.317012403160333633e-02 7.429187651723623276e-03 9.104763157665729523e-03 1.208427269011735916e-02 3.439416363835334778e-02 2.742273360490798950e-02 3.320050984621047974e-02 1.108768209815025330e-02 4.695316310971975327e-03 1.090621761977672577e-02 2.410843782126903534e-02 2.104068361222743988e-02 1.755148731172084808e-02 1.052818144671618938e-03 3.425862407311797142e-03 2.767010405659675598e-02 6.986029911786317825e-04 1.985694281756877899e-03 1.816575764678418636e-03 1.108748652040958405e-02 2.376729622483253479e-02 4.825077950954437256e-03 1.067807897925376892e-02 9.356212802231311798e-03 3.482729941606521606e-02 3.018184751272201538e-02 1.764089241623878479e-02 1.109190843999385834e-02 1.370964758098125458e-02 2.402733452618122101e-02 1.436291914433240891e-02 2.534221624955534935e-03 2.915991935878992081e-03 1.261277939192950726e-03 3.311162581667304039e-04 6.227641366422176361e-03 9.286345914006233215e-03 2.871316112577915192e-02 8.868678472936153412e-03 5.982554983347654343e-03 1.737089268863201141e-02 2.776223700493574142e-03 3.768663620576262474e-03 3.604910522699356079e-02 1.109578739851713181e-02 6.379168480634689331e-03 4.310804884880781174e-03 1.274453848600387573e-02 1.020018756389617920e-02 2.526416629552841187e-02 1.983318477869033813e-02 5.025299265980720520e-03 7.853594608604907990e-03 6.769985891878604889e-03 8.815751411020755768e-03 2.168520819395780563e-03 9.356213267892599106e-04 2.928577177226543427e-02 1.439743116497993469e-02 2.044424973428249359e-02 2.690276876091957092e-02 1.206891238689422607e-02 2.873630728572607040e-03 1.454762555658817291e-02 2.191234752535820007e-02 4.397495836019515991e-02 4.628565534949302673e-02 3.607981652021408081e-02 3.093255497515201569e-02 1.352651137858629227e-02 1.059437729418277740e-02 2.115807123482227325e-02 9.124477393925189972e-03 1.468036603182554245e-02 1.566740497946739197e-02 3.481019302853383124e-05 3.904850687831640244e-03 7.639652118086814880e-03 4.097201395779848099e-03 9.972726926207542419e-03 1.950707100331783295e-02 4.557623527944087982e-03 2.354983799159526825e-02 1.640227250754833221e-02 3.456348925828933716e-02 3.101038979366421700e-03 2.252594567835330963e-02 2.113795839250087738e-02 1.328446995466947556e-02 1.661466807126998901e-02 1.694633997976779938e-02 3.537982003763318062e-03 1.172449439764022827e-02 3.945028409361839294e-03 4.647250287234783173e-03 2.404464408755302429e-02 9.567740373313426971e-03 2.086681872606277466e-02 4.040541592985391617e-03 1.153307501226663589e-02 2.398980408906936646e-02 8.237755857408046722e-03 1.819510199129581451e-02 3.253910690546035767e-02 2.236909978091716766e-02
1.564521342515945435e-02 1.626738719642162323e-02 9.269065223634243011e-03 2.331275120377540588e-02 1.246152911335229874e-02 2.597287064418196678e-03 1.383373979479074478e-02 1.249028835445642471e-02 3.397186845541000366e-02 8.599295616149902344e-01 2.689414471387863159e-02 1.697741262614727020e-02 2.238051407039165497e-02 1.921584247611463070e-03 8.580228313803672791e-03 1.578706316649913788e-02 6.490641739219427109e-03 3.863866254687309265e-02 4.206277057528495789e-02 1.819648430682718754e-03 5.110196303576231003e-03 2.321258932352066040e-02 8.941411972045898438e-03 7.296888157725334167e-03 1.804364961571991444e-03 5.576479714363813400e-03 3.618899360299110413e-02 2.300858497619628906e-02 5.790438037365674973e-03 1.639502309262752533e-02 2.067216672003269196e-02 2.181104570627212524e-02 1.855606562457978725e-03 2.290587127208709717e-02 1.460723113268613815e-03 1.475591212511062622e-02 2.297568693757057190e-02 8.272739127278327942e-03 6.756942253559827805e-03 9.809132665395736694e-03 4.083435851498506963e-05 1.852810010313987732e-02 7.954751141369342804e-03 2.401456795632839203e-02 2.085489965975284576e-02 3.932911157608032227e-02 2.121499925851821899e-02 2.821087278425693512e-02 3.222553431987762451e-02 4.623077064752578735e-02 3.132770536467432976e-03 1.683217659592628479e-02 1.174630038440227509e-02 1.358573790639638901e-02 2.625912427902221680e-02 4.749084636569023132e-02 1.350644323974847794e-02 1.090619619935750961e-02 1.165219699032604694e-03 5.215278360992670059e-03 1.066875737160444260e-02 2.935061417520046234e-02 1.544363331049680710e-02 1.491901651024818420e-02 1.714234426617622375e-02 1.774536445736885071e-02 9.654289111495018005e-03 1.771657541394233704e-02 6.581430789083242416e-03 2.380209229886531830e-02 1.482196268625557423e-03 2.822275273501873016e-03 1.478513237088918686e-02 2.510726638138294220e-02 4.128417465835809708e-03 1.221407018601894379e-02 2.366577507928013802e-03 4.038970917463302612e-02 1.645583473145961761e-02 5.418168008327484131e-02 6.968713365495204926e-03 1.645981916226446629e-03 4.746464546769857407e-04 4.368853196501731873e-02 5.824812687933444977e-04 1.466836966574192047e-02 1.105863228440284729e-02 8.460037410259246826e-03 3.224710747599601746e-02 7.422592956572771072e-03 1.793317124247550964e-02 3.312439098954200745e-02 3.465545922517776489e-02 1.774759590625762939e-02 9.239798411726951599e-03 2.406822517514228821e-02 2.607515454292297363e-02 7.497135084122419357e-03 9.853056631982326508e-03 1.401875447481870651e-02 1.150605920702219009e-02 1.697182655334472656e-02 4.131943453103303909e-03 6.709248293191194534e-03 6.009310483932495117e-03 9.715303778648376465e-03 1.584239117801189423e-02 1.169143710285425186e-03 1.357861608266830444e-02 2.494467608630657196e-02 1.241741608828306198e-02 2.001168392598628998e-02 5.501525476574897766e-03 9.879952995106577873e-04 2.235214598476886749e-02 1.542366854846477509e-02
6.810909509658813477e-02 6.429667770862579346e-02 3.924668300896883011e-03 1.398131344467401505e-02 7.597748208354460075e-06 5.832571163773536682e-02 5.164777114987373352e-02 1.480688154697418213e-02 1.060502137988805771e-02 2.689414471387863159e-02 8.599295616149902344e-01 9.113819338381290436e-03 7.088246196508407593e-02 2.253771573305130005e-02 2.791653946042060852e-02 2.432128787040710449e-02 1.526745781302452087e-02 6.591884419322013855e-03 2.115837484598159790e-02 1.536436029709875584e-03 6.216518115252256393e-03 2.336789108812808990e-02 1.146217156201601028e-02 2.176134474575519562e-02 6.300251465290784836e-03 3.253590315580368042e-03 2.289198897778987885e-02 1.202358165755867958e-03 8.780729025602340698e-03 4.845056391786783934e-04 1.041957759298384190e-03 1.192910503596067429e-02 4.772854736074805260e-04 8.819386363029479980e-03 6.008482538163661957e-03 1.755244843661785126e-02 2.199888415634632111e-02 1.250416971743106842e-02 2.485127886757254601e-03 6.465278565883636475e-03 6.296952720731496811e-03 7.883810438215732574e-03 9.423914016224443913e-04 3.384755924344062805e-03 2.872162498533725739e-02 2.961441688239574432e-02 5.674141272902488708e-02 5.085304006934165955e-02 1.873507397249341011e-03 7.939227856695652008e-03 1.066080853343009949e-02 1.770817488431930542e-02 5.091340746730566025e-03 4.204249475151300430e-03 6.423154263757169247e-04 1.342096831649541855e-02 1.717113074846565723e-03 1.613461063243448734e-03 1.284477300941944122e-02 8.214239962399005890e-03 8.706779219210147858e-03 1.559626590460538864e-02 2.781049115583300591e-03 8.678214624524116516e-03 3.885132446885108948e-02 4.431688785552978516e-02 7.080537732690572739e-03 1.196735911071300507e-02 1.981707755476236343e-03 2.291809208691120148e-02 1.935019972734153271e-03 4.292566794902086258e-03 1.013333164155483246e-02 7.380362134426832199e-03 3.833276219666004181e-03 1.050292607396841049e-02 1.453730277717113495e-03 1.538705267012119293e-02 2.236579172313213348e-02 2.886995114386081696e-02 1.264078542590141296e-02 8.566468022763729095e-03 6.096240598708391190e-03 2.089755423367023468e-02 5.039561539888381958e-03 9.857014752924442291e-03 3.570876643061637878e-02 4.934722557663917542e-02 7.696151267737150192e-03 8.299831300973892212e-03 3.220754489302635193e-02 3.982381895184516907e-02 3.402610868215560913e-02 3.754451870918273926e-02 2.069311030209064484e-02 1.449816860258579254e-02 2.591088227927684784e-02 7.204945199191570282e-03 2.764695789664983749e-03 6.988398265093564987e-03 1.504426239989697933e-03 3.649552818387746811e-04 9.199853986501693726e-03 3.575751557946205139e-03 7.756142877042293549e-04 8.606527931988239288e-03 6.646380759775638580e-03 2.410596236586570740e-03 1.956784035428427160e-05 5.453201010823249817e-03 1.323823723942041397e-02 1.753301126882433891e-03 3.495734883472323418e-03 4.146350547671318054e-03 3.710803389549255371e-02 2.492239512503147125e-02
1.692455448210239410e-02 1.697318442165851593e-02 2.895601652562618256e-02 2.003522776067256927e-02 2.197656966745853424e-02 2.973415143787860870e-02 2.184556424617767334e-02 1.347755454480648041e-02 1.317012403160333633e-02 1.697741262614727020e-02 9.113819338381290436e-03 8.599295616149902344e-01 1.574021391570568085e-02 5.951540172100067139e-02 2.670966647565364838e-02 2.533746324479579926e-02 2.380505204200744629e-02 1.540200412273406982e-02 2.582089975476264954e-02 1.145769376307725906e-02 2.012109942734241486e-02 2.950329100713133812e-03 3.633788973093032837e-02 3.388692811131477356e-02 7.371664512902498245e-03 1.129515562206506729e-02 3.006785875186324120e-03 4.217946529388427734e-02 9.677044115960597992e-03 4.490993916988372803e-02 6.049057934433221817e-03 5.522361971088685095e-05 1.511207502335309982e-02 2.828990982379764318e-04 2.895666053518652916e-03 2.295598573982715607e-02 2.449166215956211090e-02 1.427044905722141266e-02 2.840820513665676117e-02 1.788503117859363556e-02 8.914843201637268066e-03 8.109686896204948425e-03 7.291498477570712566e-04 1.194574963301420212e-02 5.877040326595306396e-03 2.026293426752090454e-02 1.597759686410427094e-02 7.931709988042712212e-04 1.882399804890155792e-02 2.970048971474170685e-02 2.253143489360809326e-02 3.400322422385215759e-02 2.907706610858440399e-02 3.997461870312690735e-02 6.917678751051425934e-03 1.555497013032436371e-02 1.338398549705743790e-02 7.664671633392572403e-03 3.091300465166568756e-02 2.740265801548957825e-02 7.419642060995101929e-03 1.304586476180702448e-04 1.797034405171871185e-02 1.823669299483299255e-02 1.722438633441925049e-02 2.051453851163387299e-02 9.900104254484176636e-03 1.213736925274133682e-02 2.137937955558300018e-02 1.047204900532960892e-02 1.914838701486587524e-02 2.155530825257301331e-02 2.420977503061294556e-02 3.485187422484159470e-03 2.370570227503776550e-02 1.698277518153190613e-02 2.035094797611236572e-02 1.129401847720146179e-02 2.172420173883438110e-02 1.862290501594543457e-02 1.739654317498207092e-02 7.967817597091197968e-03 1.098040118813514709e-02 1.748451218008995056e-02 7.558089215308427811e-03 1.289352402091026306e-02 2.041115611791610718e-02 1.862632110714912415e-02 3.088708966970443726e-02 1.874056831002235413e-02 7.133643142879009247e-03 1.284636557102203369e-03 8.870885707437992096e-03 1.619398593902587891e-02 2.355535328388214111e-02 1.347723603248596191e-02 8.145958185195922852e-03 4.455001559108495712e-03 2.393309958279132843e-03 6.764637306332588196e-03 6.114045158028602600e-03 7.782648317515850067e-03 1.421604398638010025e-02 1.752966642379760742e-02 1.594923250377178192e-02 2.135138772428035736e-02 3.213382093235850334e-03 4.423152189701795578e-03 5.107178352773189545e-03 7.377636153250932693e-03 3.265389055013656616e-02 3.273502737283706665e-02 4.315476864576339722e-03 1.006452948786318302e-03 1.029424089938402176e-02 1.658131740987300873e-02
6.830606609582901001e-02 6.772222369909286499e-02 5.794078577309846878e-03 1.143292337656021118e-02 3.495831333566457033e-05 6.333714723587036133e-02 5.664151161909103394e-02 1.099434494972229004e-02 7.429187651723623276e-03 2.238051407039165497e-02 7.088246196508407593e-02 1.574021391570568085e-02 8.599295616149902344e-01 2.878748811781406403e-02 2.961398847401142120e-02 2.412921003997325897e-02 1.433774549514055252e-02 1.309164683334529400e-03 1.481466554105281830e-02 3.300348762422800064e-03 8.244488853961229324e-04 1.967357471585273743e-02 1.253947615623474121e-02 2.095751836895942688e-02 1.195997092872858047e-02 7.924840785562992096e-03 2.162920869886875153e-02 1.870954292826354504e-03 5.872871261090040207e-03 1.222865190356969833e-03 5.170744843780994415e-03 1.595202088356018066e-02 3.037154383491724730e-04 9.723867289721965790e-03 9.182641282677650452e-03 1.590415276587009430e-02 1.819250360131263733e-02 1.472386065870523453e-02 1.445740927010774612e-03 3.408598247915506363e-03 1.562707126140594482e-03 6.465837359428405762e-03 1.055422821082174778e-03 8.836422784952446818e-05 2.673094347119331360e-02 2.364936284720897675e-02 5.913542583584785461e-02 4.932813346385955811e-02 3.265659324824810028e-04 5.508084781467914581e-03 9.327959269285202026e-03 2.018188312649726868e-02 9.108675643801689148e-03 1.413727458566427231e-02 7.815777207724750042e-04 1.340143289417028427e-02 1.204907195642590523e-03 5.231377435848116875e-04 1.484417449682950974e-02 1.081287860870361328e-02 6.549202371388673782e-03 1.370652578771114349e-02 3.495060605928301811e-03 8.852438069880008698e-03 3.718690201640129089e-02 4.828576371073722839e-02 2.431694418191909790e-03 5.559028126299381256e-03 1.687061623670160770e-03 1.601869054138660431e-02 1.510669942945241928e-03 4.500598515733145177e-05 8.255856111645698547e-03 3.276192874182015657e-04 2.012460725381970406e-03 1.263076905161142349e-02 3.867306979373097420e-03 1.137265842407941818e-02 2.152795717120170593e-02 2.341183833777904510e-02 1.605851575732231140e-02 1.567486301064491272e-02 7.132703904062509537e-03 1.603586785495281219e-02 2.417192328721284866e-03 5.168011877685785294e-03 4.095875844359397888e-02 5.209830030798912048e-02 6.607603747397661209e-03 5.507726687937974930e-03 2.831757068634033203e-02 3.347144275903701782e-02 2.972326427698135376e-02 3.967092186212539673e-02 1.789825223386287689e-02 1.047134771943092346e-02 2.570080943405628204e-02 7.189244031906127930e-03 3.637605346739292145e-03 7.660159375518560410e-03 6.120526697486639023e-03 4.064834211021661758e-03 1.277725026011466980e-02 9.292300790548324585e-03 1.220291014760732651e-03 5.897126626223325729e-03 3.911471925675868988e-03 7.193138357251882553e-03 5.145957227796316147e-03 3.378635039553046227e-03 1.613053679466247559e-02 2.133130095899105072e-03 6.133381393738090992e-04 9.106459037866443396e-05 3.438401967287063599e-02 2.138955332338809967e-02
