8.389469385147094727e-01 5.480522289872169495e-02 3.899798030033707619e-03 8.191520348191261292e-03 2.394277602434158325e-03 5.253285542130470276e-02 3.646327182650566101e-02 2.977935131639242172e-03 2.056048996746540070e-02 2.959136292338371277e-02 5.773019045591354370e-02 2.984364330768585205e-02 5.670928210020065308e-02 7.275680080056190491e-03 1.845711842179298401e-02 4.490783903747797012e-03 4.472222179174423218e-03 4.264535009860992432e-02 1.980858109891414642e-02 1.565668382681906223e-03 7.922936230897903442e-03 2.645328268408775330e-02 1.523545826785266399e-03 2.141451230272650719e-03 8.627611212432384491e-03 9.316294454038143158e-03 4.669239744544029236e-03 2.519753761589527130e-02 2.851494587957859039e-03 2.238134667277336121e-02 1.128545869141817093e-02 1.083069713786244392e-03 8.289919234812259674e-03 2.792605431750416756e-03 5.720389075577259064e-03 2.356032840907573700e-02 8.530692197382450104e-03 3.139870474115014076e-03 2.474047802388668060e-02 1.348678953945636749e-02 8.131257491186261177e-04 9.234652854502201080e-03 2.007533609867095947e-02 1.983763650059700012e-02 4.388153553009033203e-03 4.327109490986913443e-04 3.994902595877647400e-02 2.125180326402187347e-02 2.880216762423515320e-02 3.214570507407188416e-02 2.756483620032668114e-03 1.171494368463754654e-02 1.049457490444183350e-02 2.722828276455402374e-02 8.967075496912002563e-03 9.114979766309261322e-03 6.755380425602197647e-03 1.095258630812168121e-02 2.744527719914913177e-02 2.340300194919109344e-02 1.453258655965328217e-02 5.220517050474882126e-03 2.856164239346981049e-03 7.220082916319370270e-03 1.366931386291980743e-02 2.913782373070716858e-02 3.472217591479420662e-03 1.909523154608905315e-03 8.281932212412357330e-03 3.529723733663558960e-02 3.067507641389966011e-03 2.072330936789512634e-02 4.013669118285179138e-02 2.018080838024616241e-02 3.160447254776954651e-02 2.108904765918850899e-03 2.263843454420566559e-02 1.635947637259960175e-02 1.268224790692329407e-02 2.742928080260753632e-02 1.074399892240762711e-02 1.129443012177944183e-02 2.617309242486953735e-02 1.930900663137435913e-02 2.724040858447551727e-02 1.538638863712549210e-02 2.871648222208023071e-02 1.697823591530323029e-02 1.731435582041740417e-02 1.692961528897285461e-02 2.278551831841468811e-02 8.015124127268791199e-03 1.682696305215358734e-02 7.496211677789688110e-03 1.739453151822090149e-02 2.133289538323879242e-02 3.333268314599990845e-02 1.123296096920967102e-02 3.446505637839436531e-03 1.052284799516201019e-02 9.552518837153911591e-03 9.653269313275814056e-03 2.366153895854949951e-02 1.270626485347747803e-02 1.138727739453315735e-02 2.391511574387550354e-02 3.093579970300197601e-02 3.226417675614356995e-02 3.131782170385122299e-03 3.413983061909675598e-02 2.738963114097714424e-03 3.223717678338289261e-03 1.439818460494279861e-02 1.415370311588048935e-02 2.830382063984870911e-02 1.460575032979249954e-02
5.480522289872169495e-02 8.389469385147094727e-01 1.236968301236629486e-02 8.735089562833309174e-03 3.095926251262426376e-03 4.598122090101242065e-02 3.639525175094604492e-02 2.530425554141402245e-03 1.962905749678611755e-02 3.212332352995872498e-02 5.188562348484992981e-02 3.289450705051422119e-02 4.449067637324333191e-02 1.419091504067182541e-02 8.865932002663612366e-03 3.559246892109513283e-03 2.180506708100438118e-03 4.296771436929702759e-02 2.178164944052696228e-02 1.490778569132089615e-02 8.964429609477519989e-03 1.174578350037336349e-02 4.846950527280569077e-03 7.695250678807497025e-03 1.142265368252992630e-02 6.471879314631223679e-03 1.651855534873902798e-03 2.112777903676033020e-02 2.074636332690715790e-02 1.854676008224487305e-02 3.176374360918998718e-02 1.991556258872151375e-03 7.093353196978569031e-04 1.357645029202103615e-03 1.464017853140830994e-02 1.802571117877960205e-02 1.394308079034090042e-02 5.802568048238754272e-04 2.162406407296657562e-02 1.855823025107383728e-02 8.069505915045738220e-03 1.637790468521416187e-03 1.379810366779565811e-02 9.425676427781581879e-03 5.378796253353357315e-03 5.090060178190469742e-03 4.190180823206901550e-02 2.168851345777511597e-02 3.190403431653976440e-02 2.957102097570896149e-02 1.883434830233454704e-03 1.297939661890268326e-02 4.792093299329280853e-03 1.285106502473354340e-02 1.350919343531131744e-02 1.268201880156993866e-02 6.817821413278579712e-03 1.259302068501710892e-02 1.756870001554489136e-02 8.662312291562557220e-03 1.410673558712005615e-02 1.376092586724553257e-05 3.285786136984825134e-03 1.248167711310088634e-03 1.133719366043806076e-02 8.673172444105148315e-03 4.512307932600378990e-04 7.762515451759099960e-03 7.943487726151943207e-04 3.624209761619567871e-02 1.563092321157455444e-02 2.353499643504619598e-02 3.557381778955459595e-02 2.058814465999603271e-02 2.687744610011577606e-02 1.264676684513688087e-03 2.631417289376258850e-02 1.743055321276187897e-02 1.109915692359209061e-02 2.750599198043346405e-02 1.420185156166553497e-02 1.832705177366733551e-02 2.159972302615642548e-02 2.490206621587276459e-02 2.688874490559101105e-02 2.257774956524372101e-02 2.091774716973304749e-02 1.472132001072168350e-02 1.258064247667789459e-02 2.225704491138458252e-02 3.605931252241134644e-02 2.211824059486389160e-03 2.701331861317157745e-02 9.597725234925746918e-03 2.717331796884536743e-02 2.442702464759349823e-02 3.264169022440910339e-02 9.099836461246013641e-03 3.793956246227025986e-03 1.811755634844303131e-02 1.343048084527254105e-02 1.181112043559551239e-02 2.732456848025321960e-02 1.913127489387989044e-02 1.351223606616258621e-02 1.641773991286754608e-02 3.398323059082031250e-02 3.178607299923896790e-02 7.150262128561735153e-03 4.240882396697998047e-02 5.779779981821775436e-03 3.937787376344203949e-03 8.253660984337329865e-03 8.531956002116203308e-03 2.723508700728416443e-02 2.194162830710411072e-02
3.899798030033707619e-03 1.236968301236629486e-02 8.389469385147094727e-01 1.488719834014773369e-03 1.078775618225336075e-02 3.597091883420944214e-03 1.953357364982366562e-03 2.276219427585601807e-02 1.846184022724628448e-02 1.263138023205101490e-03 8.923393674194812775e-03 2.113975957036018372e-02 1.229859888553619385e-03 1.873865537345409393e-02 1.008632872253656387e-02 2.859169058501720428e-02 1.957850344479084015e-02 7.279572077095508575e-03 1.109716668725013733e-02 2.376205055043101311e-03 9.622566401958465576e-03 9.350956417620182037e-03 1.933008991181850433e-02 1.776788942515850067e-02 9.686143137514591217e-03 2.263665664941072464e-03 1.769293472170829773e-02 3.233703784644603729e-03 4.455553833395242691e-03 1.513515319675207138e-02 5.187274888157844543e-03 8.261257782578468323e-03 1.397027261555194855e-02 2.611509524285793304e-02 5.923306569457054138e-03 1.299199182540178299e-02 1.293372362852096558e-02 3.387981280684471130e-02 1.543020643293857574e-02 1.435783226042985916e-02 2.062966115772724152e-02 3.253438742831349373e-03 4.030536394566297531e-03 1.606832630932331085e-02 6.254485342651605606e-03 1.152395922690629959e-02 2.529791090637445450e-03 9.943143231794238091e-04 1.121644396334886551e-02 3.996786847710609436e-02 1.168753579258918762e-02 1.070764195173978806e-02 1.598541252315044403e-02 2.122695557773113251e-02 1.294849440455436707e-02 1.014327723532915115e-02 1.515606697648763657e-02 1.219532918184995651e-02 1.010357867926359177e-02 1.044069183990359306e-03 4.795148968696594238e-03 4.185798577964305878e-03 1.501120347529649734e-02 1.643056049942970276e-02 5.570970010012388229e-03 7.686143741011619568e-03 5.668505094945430756e-03 8.988363668322563171e-03 3.682891279458999634e-02 9.736908599734306335e-03 3.934944793581962585e-02 1.393136451952159405e-03 1.795167289674282074e-02 4.713854286819696426e-03 1.009977422654628754e-02 1.088112499564886093e-02 1.201222278177738190e-02 6.673943134956061840e-04 1.874168287031352520e-03 2.047514729201793671e-02 2.470839768648147583e-03 2.883315086364746094e-03 4.849933087825775146e-03 7.407774683088064194e-03 3.597393864765763283e-03 1.227944903075695038e-02 6.663715466856956482e-03 8.101560175418853760e-03 3.259519487619400024e-02 1.737674139440059662e-02 3.437860868871212006e-03 1.049609389156103134e-03 1.351202186197042465e-02 5.370092112571001053e-04 1.139288488775491714e-02 9.888609871268272400e-03 3.159299958497285843e-03 7.978356443345546722e-03 1.604312658309936523e-02 1.135256048291921616e-02 4.497272893786430359e-03 1.099239662289619446e-02 4.294070240575820208e-04 2.095287898555397987e-03 2.214796142652630806e-03 1.413847599178552628e-02 8.952201344072818756e-03 1.665121503174304962e-02 1.930586621165275574e-02 1.678289100527763367e-02 1.365656405687332153e-02 2.183605358004570007e-02 3.682181937620043755e-03 7.962897419929504395e-03 1.739106513559818268e-02 3.145601600408554077e-02
8.191520348191261292e-03 8.735089562833309174e-03 1.488719834014773369e-03 8.389469385147094727e-01 6.645611673593521118e-02 5.140643566846847534e-03 4.828839446417987347e-04 3.041638433933258057e-02 5.429767188616096973e-04 3.306573955342173576e-03 7.392446044832468033e-03 2.056035446003079414e-03 4.512631800025701523e-03 2.198027819395065308e-02 8.548136800527572632e-03 1.887251250445842743e-02 1.677672192454338074e-02 1.342861354351043701e-02 3.105923905968666077e-02 3.114775381982326508e-02 1.259061787277460098e-02 7.133163046091794968e-03 9.709760546684265137e-03 1.496395189315080643e-02 2.021301351487636566e-02 2.604662068188190460e-02 1.470039132982492447e-02 2.128553763031959534e-02 3.373864665627479553e-02 1.865923032164573669e-02 9.782755747437477112e-03 9.132822975516319275e-03 2.715661888942122459e-03 2.373773418366909027e-02 4.131176508963108063e-03 6.983910221606492996e-03 1.057402323931455612e-02 2.478710934519767761e-02 2.013858407735824585e-02 3.321191295981407166e-02 5.772930104285478592e-03 2.000868506729602814e-02 2.140223048627376556e-02 2.439997531473636627e-02 3.815547376871109009e-02 1.283822674304246902e-02 1.016887463629245758e-02 1.958177797496318817e-02 1.664865203201770782e-02 1.090554054826498032e-02 4.522690549492835999e-03 6.243974901735782623e-03 1.129168458282947540e-02 3.640251234173774719e-03 1.454257965087890625e-02 1.522100716829299927e-02 3.580352291464805603e-03 6.863633636385202408e-03 1.861786842346191406e-02 1.816204749047756195e-02 3.866749256849288940e-02 2.572172135114669800e-02 3.724939376115798950e-02 3.697738051414489746e-02 2.635575365275144577e-03 1.268732175230979919e-02 2.749693393707275391e-02 2.935336530208587646e-02 1.693579368293285370e-02 2.673609741032123566e-02 1.415421627461910248e-02 1.376935106236487627e-04 2.606885880231857300e-02 4.184707067906856537e-03 3.519374877214431763e-02 8.916329592466354370e-03 8.448231965303421021e-03 2.434580121189355850e-03 2.223898191004991531e-03 8.152061491273343563e-04 9.740911424160003662e-03 2.174723893404006958e-02 1.826018653810024261e-02 2.957416512072086334e-02 2.288771979510784149e-02 3.708595782518386841e-02 7.074652239680290222e-04 4.387064836919307709e-04 1.930039562284946442e-02 2.404652722179889679e-02 2.544928714632987976e-02 7.093186955899000168e-03 1.545321661978960037e-02 7.472858764231204987e-03 1.467054616659879684e-02 7.965544238686561584e-03 1.130443764850497246e-03 7.727009942755103111e-04 1.875568367540836334e-02 2.777220495045185089e-02 1.944098994135856628e-02 1.541425567120313644e-02 1.071098353713750839e-02 8.903370238840579987e-03 1.107090525329113007e-02 1.639667339622974396e-02 7.661972194910049438e-03 1.196567155420780182e-02 8.907983428798615932e-04 1.570058427751064301e-02 5.439812317490577698e-03 5.169165320694446564e-03 2.028465270996093750e-02 3.248320147395133972e-02 2.227973192930221558e-03 1.967369607882574201e-04
2.394277602434158325e-03 3.095926251262426376e-03 1.078775618225336075e-02 6.645611673593521118e-02 8.389469385147094727e-01 1.219856832176446915e-02 1.250662724487483501e-03 1.810120791196823120e-02 9.238815866410732269e-03 3.525417763739824295e-03 4.049529321491718292e-03 2.936749951913952827e-03 1.904304488562047482e-03 1.187036931514739990e-02 1.423491910099983215e-02 3.294190764427185059e-02 2.507743053138256073e-02 4.260751884430646896e-03 2.914583310484886169e-02 2.724852412939071655e-02 8.996096439659595490e-03 1.462123170495033264e-02 1.966968737542629242e-02 2.345386520028114319e-02 1.424212474375963211e-02 1.822453178465366364e-02 2.341019362211227417e-02 1.054056081920862198e-02 1.803944073617458344e-02 1.057815738022327423e-03 6.813589017838239670e-03 1.680443622171878815e-02 2.866648603230714798e-03 2.408203668892383575e-02 2.635391056537628174e-02 8.261378854513168335e-03 6.679941900074481964e-03 2.255221642553806305e-02 2.456596493721008301e-02 4.317741096019744873e-02 6.831816863268613815e-03 1.605470106005668640e-02 1.659554988145828247e-02 1.895262114703655243e-02 1.256013754755258560e-02 1.273924857378005981e-02 1.666864566504955292e-02 1.561941485852003098e-02 1.733317784965038300e-02 9.367059916257858276e-03 7.873116992413997650e-03 1.598850358277559280e-03 5.917221773415803909e-03 9.172233752906322479e-03 2.949711121618747711e-02 1.017452869564294815e-02 5.456486716866493225e-03 2.474317699670791626e-02 2.932071499526500702e-02 2.766534499824047089e-02 3.318282216787338257e-02 2.879439853131771088e-02 3.858670964837074280e-02 3.422681242227554321e-02 2.161994017660617828e-02 2.080288156867027283e-02 2.232944592833518982e-02 2.308809570968151093e-02 2.315127756446599960e-03 2.432828582823276520e-02 7.449770811945199966e-03 1.541059371083974838e-02 3.075639484450221062e-03 1.156227570027112961e-02 2.811166644096374512e-02 1.277363486588001251e-02 8.955892175436019897e-03 2.353457733988761902e-03 7.971526123583316803e-03 2.428198931738734245e-03 9.244252927601337433e-03 2.206868864595890045e-02 6.240582093596458435e-03 2.915923669934272766e-02 2.933792583644390106e-02 3.172649443149566650e-02 3.044724697247147560e-03 1.503761359344935045e-05 2.501167589798569679e-03 2.077367343008518219e-02 1.931842602789402008e-02 7.877261377871036530e-03 9.216562844812870026e-03 5.831056623719632626e-04 5.757595412433147430e-03 8.053210563957691193e-03 1.213817391544580460e-03 2.013118565082550049e-02 1.968839578330516815e-02 2.354015596210956573e-02 2.162412554025650024e-02 2.326563559472560883e-02 7.136336527764797211e-03 7.006315980106592178e-03 1.286817342042922974e-02 1.910709310322999954e-03 4.348377697169780731e-03 1.610789448022842407e-02 2.130660600960254669e-02 1.983483880758285522e-02 5.766545888036489487e-03 8.696365170180797577e-03 1.934020966291427612e-02 2.141865156590938568e-02 1.421756343916058540e-03 9.623988531529903412e-03
5.253285542130470276e-02 4.598122090101242065e-02 3.597091883420944214e-03 5.140643566846847534e-03 1.219856832176446915e-02 8.389469385147094727e-01 5.768055096268653870e-02 5.060025956481695175e-03 1.153983920812606812e-02 2.887721918523311615e-02 3.096581064164638519e-02 3.359628841280937195e-02 3.067810460925102234e-02 2.902071364223957062e-02 9.817858226597309113e-03 1.356526371091604233e-02 9.196308441460132599e-03 1.533897407352924347e-02 2.523575094528496265e-04 1.354775205254554749e-02 1.396388001739978790e-02 8.256655186414718628e-03 6.266378331929445267e-03 3.431394870858639479e-04 1.374804507941007614e-02 4.842397291213274002e-03 7.785479538142681122e-03 4.179225489497184753e-02 1.129525993019342422e-02 3.268436715006828308e-02 9.856955148279666901e-03 6.622951943427324295e-03 8.556813932955265045e-03 1.497402042150497437e-02 2.730068285018205643e-03 8.648316375911235809e-03 1.296576298773288727e-02 8.527680300176143646e-03 1.845058612525463104e-02 1.392024382948875427e-02 2.541529200971126556e-02 6.963449995964765549e-03 4.258783999830484390e-03 1.834046468138694763e-02 1.507779117673635483e-02 3.397427964955568314e-03 5.919940024614334106e-02 3.528749570250511169e-02 2.455215901136398315e-02 2.634423226118087769e-02 7.520758546888828278e-03 1.716431789100170135e-02 1.109291147440671921e-02 2.417792007327079773e-02 1.146066654473543167e-02 3.080889582633972168e-03 1.072648819535970688e-02 1.295246835798025131e-02 3.131986828520894051e-03 1.855077221989631653e-02 9.936770424246788025e-03 5.896528717130422592e-03 6.616842467337846756e-03 8.382321335375308990e-03 1.404553744941949844e-02 5.097166169434785843e-03 3.717971965670585632e-03 5.720735993236303329e-03 1.160424854606389999e-02 2.854918688535690308e-02 6.051443517208099365e-03 1.372392661869525909e-02 3.934254497289657593e-02 1.611277810297906399e-03 2.390941977500915527e-02 1.400767732411623001e-02 1.233435329049825668e-02 1.511247176676988602e-02 1.176791079342365265e-02 3.111410140991210938e-02 1.226373761892318726e-02 9.138403460383415222e-03 2.788012381643056870e-03 9.255359880626201630e-03 2.082705870270729065e-02 2.530337497591972351e-02 1.991975493729114532e-02 8.039579843170940876e-04 3.945618867874145508e-02 1.879733754321932793e-03 1.912223733961582184e-02 1.242438331246376038e-03 2.443105727434158325e-02 1.011069864034652710e-02 1.922575943171977997e-02 1.916931010782718658e-02 1.929400488734245300e-02 1.151894219219684601e-02 1.128382887691259384e-02 1.903314329683780670e-02 9.513602592051029205e-03 1.462917309254407883e-02 1.817994564771652222e-02 1.414173515513539314e-03 2.990454668179154396e-03 2.831881679594516754e-02 3.797563165426254272e-02 3.269464150071144104e-02 4.373368341475725174e-03 3.542468324303627014e-02 9.798027575016021729e-03 6.976376753300428391e-04 4.978268407285213470e-03 1.833987189456820488e-03 2.993199229240417480e-02 3.164418414235115051e-02
3.646327182650566101e-02 3.639525175094604492e-02 1.953357364982366562e-03 4.828839446417987347e-04 1.250662724487483501e-03 5.768055096268653870e-02 8.389469385147094727e-01 5.027686711400747299e-03 1.375447958707809448e-02 1.664109900593757629e-02 1.503658760339021683e-02 4.746984690427780151e-02 2.189821377396583557e-02 3.381768986582756042e-02 2.750427927821874619e-03 1.683983835391700268e-03 3.437457053223624825e-05 1.160121522843837738e-03 8.074953220784664154e-03 2.097490616142749786e-02 1.079573482275009155e-02 5.477569065988063812e-03 2.738855313509702682e-03 4.688625223934650421e-03 2.055598981678485870e-02 4.722626414149999619e-03 2.427196875214576721e-02 2.761802822351455688e-02 8.261794224381446838e-03 1.777014881372451782e-02 6.917284335941076279e-03 6.441070581786334515e-04 6.825042888522148132e-03 2.058626897633075714e-02 1.395563967525959015e-02 3.586140694096684456e-03 5.355520639568567276e-03 1.585569977760314941e-02 1.358728948980569839e-02 2.575666271150112152e-02 3.467252105474472046e-02 1.756276935338973999e-02 1.046246662735939026e-02 6.990007124841213226e-03 4.742917139083147049e-03 2.505850605666637421e-02 6.117385998368263245e-02 5.700124427676200867e-02 1.720870099961757660e-02 1.100944261997938156e-02 2.011858671903610229e-02 1.120727174566127360e-04 1.794519089162349701e-02 1.754239946603775024e-02 2.130571939051151276e-02 3.453046083450317383e-03 2.390317432582378387e-02 1.389909163117408752e-02 1.541118323802947998e-02 1.395324990153312683e-02 1.046288060024380684e-03 1.712341792881488800e-02 2.499619498848915100e-03 1.419000560417771339e-03 1.509102713316679001e-02 2.713576657697558403e-03 3.913368564099073410e-04 1.424852875061333179e-03 6.002392154186964035e-03 1.777123101055622101e-02 1.683800946921110153e-03 1.925074309110641479e-02 2.560940012335777283e-02 7.026546169072389603e-03 2.089293673634529114e-02 3.581850323826074600e-03 2.312492765486240387e-02 2.746244193986058235e-03 6.534385029226541519e-03 1.367453299462795258e-02 1.753797382116317749e-02 2.397616952657699585e-02 4.522044211626052856e-03 4.002732166554778814e-04 1.627629995346069336e-02 1.880455389618873596e-02 1.398751232773065567e-02 1.056119945133104920e-04 2.799804136157035828e-02 7.515194360166788101e-03 3.712147846817970276e-02 1.463904697448015213e-02 3.786592185497283936e-02 2.248269505798816681e-02 2.396966703236103058e-02 1.016674190759658813e-02 3.550859168171882629e-02 1.859684474766254425e-02 1.197859738022089005e-02 2.013583108782768250e-02 4.696625284850597382e-03 1.728392019867897034e-02 2.901415899395942688e-02 1.569618657231330872e-02 1.013978151604533195e-03 2.621429227292537689e-02 3.271895647048950195e-02 1.470426283776760101e-02 8.621546439826488495e-03 3.245634213089942932e-02 1.069074682891368866e-02 3.308503888547420502e-03 1.353275030851364136e-02 5.088352598249912262e-03 3.917692229151725769e-02 2.918498404324054718e-02
2.977935131639242172e-03 2.530425554141402245e-03 2.276219427585601807e-02 3.041638433933258057e-02 1.810120791196823120e-02 5.060025956481695175e-03 5.027686711400747299e-03 8.389469385147094727e-01 3.406590223312377930e-02 1.632178016006946564e-02 1.913160830736160278e-02 4.824200645089149475e-03 8.872867561876773834e-03 3.101167082786560059e-02 3.159480169415473938e-02 1.742075383663177490e-02 3.142081433907151222e-03 4.015512240584939718e-04 5.534959491342306137e-03 1.273383735679090023e-03 9.850536473095417023e-03 3.531734226271510124e-03 2.298009395599365234e-02 1.504516229033470154e-02 4.871778946835547686e-04 2.083468623459339142e-02 1.389699289575219154e-03 3.365236148238182068e-02 3.447693958878517151e-02 3.962007910013198853e-02 1.236490672454237938e-03 1.382232271134853363e-02 3.518555685877799988e-02 3.305482910946011543e-03 3.408510237932205200e-02 1.207333616912364960e-02 6.497972179204225540e-03 2.738427557051181793e-02 1.084306091070175171e-02 1.228308398276567459e-02 1.118201389908790588e-02 4.727197811007499695e-03 6.076098885387182236e-03 1.253418507985770702e-03 1.249311026185750961e-02 1.369260158389806747e-02 3.860105294734239578e-03 4.241778515279293060e-04 1.359868887811899185e-02 1.495806593447923660e-02 1.383271906524896622e-02 7.438358385115861893e-03 1.427103299647569656e-03 1.825130311772227287e-03 6.150972563773393631e-03 5.539558362215757370e-03 2.452692482620477676e-03 1.896267943084239960e-02 1.788217201828956604e-02 1.552624534815549850e-02 2.871024422347545624e-02 1.636570319533348083e-02 4.386320710182189941e-02 1.321374997496604919e-02 3.836611984297633171e-03 9.538605809211730957e-03 8.734622970223426819e-04 5.871853325515985489e-03 1.691082119941711426e-02 6.154670380055904388e-03 1.105444133281707764e-02 7.208277820609509945e-04 2.532120980322360992e-02 1.136127626523375511e-03 1.537165720947086811e-03 1.070392318069934845e-03 2.415318228304386139e-02 1.307261083275079727e-02 3.159087151288986206e-02 2.428181096911430359e-02 3.875919803977012634e-02 4.708839580416679382e-02 2.556663751602172852e-02 1.779117994010448456e-02 1.169435563497245312e-03 1.961659640073776245e-03 3.050255216658115387e-02 2.510704658925533295e-02 2.915455028414726257e-02 1.424131542444229126e-02 3.175035491585731506e-02 8.902196772396564484e-03 1.396131236106157303e-03 6.343550514429807663e-03 1.434442005120217800e-03 8.697136305272579193e-03 1.807312853634357452e-02 9.141734335571527481e-04 9.134298306889832020e-04 4.096217453479766846e-03 1.496513141319155693e-03 1.985379029065370560e-03 1.397819072008132935e-02 9.263944812119007111e-03 2.532636513933539391e-03 8.490003645420074463e-03 6.939274724572896957e-03 1.887145265936851501e-02 2.750308252871036530e-03 2.594721317291259766e-02 6.646174471825361252e-03 1.661248877644538879e-02 7.765343179926276207e-04 1.416053622961044312e-02 7.207833230495452881e-03 2.883192710578441620e-02
2.056048996746540070e-02 1.962905749678611755e-02 1.846184022724628448e-02 5.429767188616096973e-04 9.238815866410732269e-03 1.153983920812606812e-02 1.375447958707809448e-02 3.406590223312377930e-02 8.389469385147094727e-01 5.161036178469657898e-02 1.290434785187244415e-02 2.411235356703400612e-03 2.442911826074123383e-02 1.187082845717668533e-02 5.257391836494207382e-03 9.274886921048164368e-03 1.336703891865909100e-03 2.629625797271728516e-02 1.195882726460695267e-02 1.285955496132373810e-02 6.556251086294651031e-03 1.053401455283164978e-02 2.449280209839344025e-02 1.997216790914535522e-02 1.456252485513687134e-02 2.625244669616222382e-02 1.605912297964096069e-02 8.926885202527046204e-04 1.112537924200296402e-02 2.598021412268280983e-03 6.300901062786579132e-03 1.273319707252085209e-03 2.812249585986137390e-03 3.616019617766141891e-03 3.926979750394821167e-02 1.962866075336933136e-02 1.365985441952943802e-02 2.516262046992778778e-02 3.996386751532554626e-02 3.458604589104652405e-02 1.456358470022678375e-02 5.186373367905616760e-03 3.632676962297409773e-04 2.815228141844272614e-02 1.899473369121551514e-02 4.678519617300480604e-04 7.535303942859172821e-03 5.644237156957387924e-03 2.662255614995956421e-02 3.151788935065269470e-02 1.106929313391447067e-02 5.099826958030462265e-03 2.171174064278602600e-02 3.031377680599689484e-02 2.588085085153579712e-02 2.022921666502952576e-02 8.697028271853923798e-03 1.252634450793266296e-02 1.816868782043457031e-02 8.806472644209861755e-03 1.993950642645359039e-02 2.361966855823993683e-02 6.761587224900722504e-03 2.676576934754848480e-02 2.126735635101795197e-03 1.151217333972454071e-02 5.214355769567191601e-04 6.968450732529163361e-03 1.350164599716663361e-02 1.824520900845527649e-02 1.242953725159168243e-02 1.995407417416572571e-02 3.068018238991498947e-03 5.854093004018068314e-03 1.913905330002307892e-02 5.278549157083034515e-03 5.586729198694229126e-02 4.562520235776901245e-02 5.368346720933914185e-02 4.543384909629821777e-02 1.500468049198389053e-02 1.390930730849504471e-02 4.182494431734085083e-02 3.045297972857952118e-02 1.369219832122325897e-02 1.058693509548902512e-02 6.151588633656501770e-03 1.807569153606891632e-02 3.332031890749931335e-02 3.357869759202003479e-02 1.605553738772869110e-02 2.093912661075592041e-02 6.154173053801059723e-03 1.068490184843540192e-02 2.153937518596649170e-02 1.830763183534145355e-02 2.430786192417144775e-02 7.760621607303619385e-03 1.699387095868587494e-02 3.315277397632598877e-02 7.822235114872455597e-03 3.510023932904005051e-03 2.142780832946300507e-02 1.472027972340583801e-03 1.473349891602993011e-02 3.247232735157012939e-02 1.353124622255563736e-02 2.245402336120605469e-02 6.051585543900728226e-03 1.513954252004623413e-02 2.124145068228244781e-02 4.183300305157899857e-03 5.663151852786540985e-03 3.997372463345527649e-03 1.056796498596668243e-02 2.027253853157162666e-03
2.959136292338371277e-02 3.212332352995872498e-02 1.263138023205101490e-03 3.306573955342173576e-03 3.525417763739824295e-03 2.887721918523311615e-02 1.664109900593757629e-02 1.632178016006946564e-02 5.161036178469657898e-02 8.389469385147094727e-01 2.036803029477596283e-02 3.684925613924860954e-03 3.242380172014236450e-02 1.822807453572750092e-02 4.033112432807683945e-03 1.129602824221365154e-04 2.170097781345248222e-03 3.932512924075126648e-02 2.302899025380611420e-02 6.743439007550477982e-03 1.282247528433799744e-02 1.231810823082923889e-02 2.402981556951999664e-02 1.926485635340213776e-02 9.222527034580707550e-03 1.807948946952819824e-02 5.462072440423071384e-04 3.085976466536521912e-03 6.025029346346855164e-03 2.797538414597511292e-03 8.136998862028121948e-03 1.124845631420612335e-02 2.003493020310997963e-03 4.281288012862205505e-03 2.940447069704532623e-03 2.906082011759281158e-02 2.660729363560676575e-02 1.489767618477344513e-02 4.273410886526107788e-02 2.665590122342109680e-02 5.336367525160312653e-03 1.131597091443836689e-03 2.924020402133464813e-03 2.310439758002758026e-02 1.708705676719546318e-03 1.268654875457286835e-02 1.705580390989780426e-02 4.132243804633617401e-03 1.341284625232219696e-02 4.439960420131683350e-02 1.241104118525981903e-02 8.064000867307186127e-03 1.993857882916927338e-02 1.563688181340694427e-02 8.818064816296100616e-03 3.852955251932144165e-02 2.795205451548099518e-02 1.742012239992618561e-02 6.369374692440032959e-03 2.164701931178569794e-03 5.290458444505929947e-03 4.324257373809814453e-03 5.364038050174713135e-03 1.987284049391746521e-02 8.811344392597675323e-03 8.534315042197704315e-03 5.233803763985633850e-03 1.325208973139524460e-02 6.346864625811576843e-03 2.709576860070228577e-02 1.118650287389755249e-02 1.260434091091156006e-02 1.753868162631988525e-02 3.893795888870954514e-03 1.596348546445369720e-02 1.712827384471893311e-02 4.042500257492065430e-02 6.162112578749656677e-02 4.370262473821640015e-02 5.811179429292678833e-02 1.422862149775028229e-02 3.024070756509900093e-03 3.647180646657943726e-02 4.016751796007156372e-02 9.046908468008041382e-03 1.626424863934516907e-02 3.000265918672084808e-03 1.033431570976972580e-02 2.265230193734169006e-02 4.201652109622955322e-02 1.517848810181021690e-03 1.582537963986396790e-02 1.349163590930402279e-03 5.976656451821327209e-03 2.971744537353515625e-02 2.999378181993961334e-02 2.597628347575664520e-02 2.352744340896606445e-03 3.883979748934507370e-03 3.553410246968269348e-02 1.522855553776025772e-02 9.549594484269618988e-03 1.839957013726234436e-02 2.551496494561433792e-03 1.738428324460983276e-02 1.773178018629550934e-02 2.890543080866336823e-02 3.211694583296775818e-02 1.035375799983739853e-02 2.421021647751331329e-02 2.090962417423725128e-02 3.836303949356079102e-03 1.004622690379619598e-02 1.770360395312309265e-03 8.899518288671970367e-03 6.953336298465728760e-03
5.773019045591354370e-02 5.188562348484992981e-02 8.923393674194812775e-03 7.392446044832468033e-03 4.049529321491718292e-03 3.096581064164638519e-02 1.503658760339021683e-02 1.913160830736160278e-02 1.290434785187244415e-02 2.036803029477596283e-02 8.389469385147094727e-01 1.500674616545438766e-02 5.675227567553520203e-02 5.910759326070547104e-03 9.499314241111278534e-03 2.124290913343429565e-03 2.315682591870427132e-03 4.677311331033706665e-02 1.873177848756313324e-02 4.090252798050642014e-03 8.839023299515247345e-03 2.444703131914138794e-02 4.515191540122032166e-03 1.755740377120673656e-03 3.712988225743174553e-03 1.152069028466939926e-02 5.050579551607370377e-03 7.708772551268339157e-03 1.798455044627189636e-02 8.782196789979934692e-03 2.673899754881858826e-02 3.828388173133134842e-03 4.900261759757995605e-03 3.547345986589789391e-03 1.078724488615989685e-02 1.935158856213092804e-02 9.408658370375633240e-03 2.478294260799884796e-02 1.922025531530380249e-02 1.563327200710773468e-02 6.985219195485115051e-03 1.856286637485027313e-02 3.312547504901885986e-02 3.485835622996091843e-03 1.160168787464499474e-03 5.415152758359909058e-03 2.364316582679748535e-02 4.262706730514764786e-03 2.233481965959072113e-02 1.761243492364883423e-02 1.997338049113750458e-02 3.233762085437774658e-02 1.081660017371177673e-02 1.282659918069839478e-02 2.767446276266127825e-04 1.677576452493667603e-03 9.861154481768608093e-03 1.488768868148326874e-02 2.382117509841918945e-02 1.252065133303403854e-02 7.146350108087062836e-03 8.714358322322368622e-03 4.692562215495854616e-04 5.869671702384948730e-03 3.380532190203666687e-02 2.835789136588573456e-02 6.131796166300773621e-03 4.109628964215517044e-03 2.503291470929980278e-03 3.375680372118949890e-02 7.979220710694789886e-03 1.859991438686847687e-02 3.484322503209114075e-02 2.636208757758140564e-02 3.557067364454269409e-02 4.800228867679834366e-03 2.127335406839847565e-02 7.744836155325174332e-03 9.782631881535053253e-03 1.107160374522209167e-02 2.673706039786338806e-03 8.436361327767372131e-03 3.262903541326522827e-02 1.587696187198162079e-02 2.377928793430328369e-02 1.376343239098787308e-02 2.832360565662384033e-02 1.755756326019763947e-02 1.487749512307345867e-03 2.026058360934257507e-02 2.858842536807060242e-02 1.786393485963344574e-02 1.154114957898855209e-02 3.879636293277144432e-03 1.740610972046852112e-02 1.931449025869369507e-02 2.484042756259441376e-02 1.041364669799804688e-02 2.447946555912494659e-02 4.829891491681337357e-03 6.790182553231716156e-03 1.136577967554330826e-02 6.549770012497901917e-03 1.352930441498756409e-02 7.998746819794178009e-03 1.302499417215585709e-02 1.852440834045410156e-02 3.127743676304817200e-02 2.329945564270019531e-03 3.405267000198364258e-02 1.136591657996177673e-02 5.627317354083061218e-03 1.922073401510715485e-02 2.470350824296474457e-02 1.165137626230716705e-02 7.368821650743484497e-03
2.984364330768585205e-02 3.289450705051422119e-02 2.113975957036018372e-02 2.056035446003079414e-03 2.936749951913952827e-03 3.359628841280937195e-02 4.746984690427780151e-02 4.824200645089149475e-03 2.411235356703400612e-03 3.684925613924860954e-03 1.500674616545438766e-02 8.389469385147094727e-01 1.522674597799777985e-02 5.827296897768974304e-02 1.538154296576976776e-02 4.118173848837614059e-03 1.180005259811878204e-02 6.336204707622528076e-03 9.802693501114845276e-03 2.714213542640209198e-02 4.846943542361259460e-03 1.422934979200363159e-02 4.298152867704629898e-03 4.148316103965044022e-03 1.992414146661758423e-02 1.075036637485027313e-02 9.045033715665340424e-03 4.181308671832084656e-02 7.450131233781576157e-03 2.974399924278259277e-02 3.678450011648237705e-04 5.562731530517339706e-03 2.575455978512763977e-02 1.158449798822402954e-02 1.318712439388036728e-02 1.689440687187016010e-03 8.981157094240188599e-03 1.320913899689912796e-03 8.970532217063009739e-04 7.237303536385297775e-03 2.499061450362205505e-02 3.085340140387415886e-03 1.207892317324876785e-02 1.265840372070670128e-03 2.475615404546260834e-02 3.776428475975990295e-02 4.166702181100845337e-02 3.057582117617130280e-02 1.788251288235187531e-02 9.342659264802932739e-03 3.836956107988953590e-03 1.486071012914180756e-02 8.914303965866565704e-03 6.255365442484617233e-03 2.822582423686981201e-02 1.279570348560810089e-02 4.156465455889701843e-02 1.909936033189296722e-02 1.356762740761041641e-02 3.728747833520174026e-03 2.369285188615322113e-02 5.995837040245532990e-03 3.659199690446257591e-03 1.090910867787897587e-03 1.251924224197864532e-02 1.116476673632860184e-02 2.145784907042980194e-03 5.925453733652830124e-03 1.239208038896322250e-02 1.765409670770168304e-02 2.024849317967891693e-02 2.066193334758281708e-02 1.570002548396587372e-02 2.348662540316581726e-02 6.054007913917303085e-03 6.421117112040519714e-03 6.224393378943204880e-03 2.887382917106151581e-02 1.372811105102300644e-02 1.000599469989538193e-03 1.802676729857921600e-02 3.200906515121459961e-02 1.578537048771977425e-03 4.914556164294481277e-03 5.163216963410377502e-03 2.886552363634109497e-03 2.615431137382984161e-02 2.325791120529174805e-02 4.223593696951866150e-02 7.007010281085968018e-03 3.004294633865356445e-02 4.552979487925767899e-03 1.940525509417057037e-02 1.039019692689180374e-02 1.430553477257490158e-02 5.065586883574724197e-04 2.177281118929386139e-02 6.809673737734556198e-03 8.572746068239212036e-03 9.270276874303817749e-03 1.536374259740114212e-02 2.212734147906303406e-02 1.340067572891712189e-02 8.037609048187732697e-03 1.313317287713289261e-02 2.469873428344726562e-02 2.624987252056598663e-02 1.754546165466308594e-02 3.357370616868138313e-03 3.286655619740486145e-02 1.646177656948566437e-02 1.037157513201236725e-02 1.147199189290404320e-03 2.128964103758335114e-02 2.646896429359912872e-02 3.113419748842716217e-02
5.670928210020065308e-02 4.449067637324333191e-02 1.229859888553619385e-03 4.512631800025701523e-03 1.904304488562047482e-03 3.067810460925102234e-02 2.189821377396583557e-02 8.872867561876773834e-03 2.442911826074123383e-02 3.242380172014236450e-02 5.675227567553520203e-02 1.522674597799777985e-02 8.389469385147094727e-01 9.029914624989032745e-03 1.905780658125877380e-02 5.529267713427543640e-03 9.401959367096424103e-03 5.271628499031066895e-02 3.027894347906112671e-02 4.291160148568451405e-04 6.458858959376811981e-03 3.459673002362251282e-02 1.143154222518205643e-03 3.265816776547580957e-04 9.029921144247055054e-03 1.213652361184358597e-02 1.146632203017361462e-04 8.088135160505771637e-03 5.324829835444688797e-04 6.026245187968015671e-03 9.755299426615238190e-03 7.125298492610454559e-03 3.596416441723704338e-03 4.560746252536773682e-03 5.530348978936672211e-03 2.852968312799930573e-02 1.094665005803108215e-02 7.062379270792007446e-03 2.672959491610527039e-02 1.087551005184650421e-02 1.524186972528696060e-02 1.715709455311298370e-02 2.011234313249588013e-02 1.771793887019157410e-02 1.070086006075143814e-02 4.917999729514122009e-03 2.447159215807914734e-02 9.163670241832733154e-03 1.938510313630104065e-02 2.251520752906799316e-02 4.876425955444574356e-03 7.259007077664136887e-03 2.034137584269046783e-02 1.386204827576875687e-02 2.181367948651313782e-03 6.548099219799041748e-03 9.077937342226505280e-03 1.161418389528989792e-02 3.739436715841293335e-02 1.457499340176582336e-02 1.380134187638759613e-02 6.379313301295042038e-03 1.082191593013703823e-03 8.079353719949722290e-03 2.895946986973285675e-02 4.274507984519004822e-02 7.909967564046382904e-03 7.796958088874816895e-03 9.239784441888332367e-03 3.466643765568733215e-02 4.027553368359804153e-03 2.288342081010341644e-02 3.570246323943138123e-02 2.847456000745296478e-02 2.987895905971527100e-02 8.349287323653697968e-03 2.638586424291133881e-02 2.438511513173580170e-02 1.632970012724399567e-02 2.427558228373527527e-02 2.891012933105230331e-03 7.980412803590297699e-03 4.609807953238487244e-02 3.509579226374626160e-02 2.034435234963893890e-02 9.305818006396293640e-03 2.708635851740837097e-02 2.308390289545059204e-02 1.210223301313817501e-03 1.886608451604843140e-02 1.887477375566959381e-02 1.153060421347618103e-02 1.367973070591688156e-02 1.733704097568988800e-02 1.865286938846111298e-02 3.456319496035575867e-02 3.572577610611915588e-02 1.709542796015739441e-02 1.431708037853240967e-02 8.166744373738765717e-03 1.525546889752149582e-02 1.539623364806175232e-02 2.248124964535236359e-02 1.483856327831745148e-02 1.493837404996156693e-02 1.642196439206600189e-02 2.575867995619773865e-02 2.393574640154838562e-02 1.077087316662073135e-02 2.282452397048473358e-02 6.012999918311834335e-03 1.156399026513099670e-02 1.945989020168781281e-02 1.530658826231956482e-02 1.836998574435710907e-02 6.016437546350061893e-04
