8.339756727218627930e-01 8.637727797031402588e-02 1.355963945388793945e-02 1.116734184324741364e-02 5.395240150392055511e-03 5.152260884642601013e-02 4.017383605241775513e-02 1.530427671968936920e-02 1.580045744776725769e-02 2.646436728537082672e-02 7.586987316608428955e-02 1.232025679200887680e-02 4.666598886251449585e-02 6.547711789608001709e-03 1.528552733361721039e-02 1.024294295348227024e-03 3.778374753892421722e-03 3.674440830945968628e-02 1.462812814861536026e-02 3.904286026954650879e-02 3.418140858411788940e-02 2.271213568747043610e-02 5.351815838366746902e-03 1.853803638368844986e-03 3.445036709308624268e-02 3.727463632822036743e-02 4.049821000080555677e-04 1.298594940453767776e-02 3.096578456461429596e-02 9.090765379369258881e-04 4.397590644657611847e-03 1.181274838745594025e-02 1.540196500718593597e-02 1.667651906609535217e-02 1.354000810533761978e-02 1.261337939649820328e-02 2.734675072133541107e-02 1.521187555044889450e-02 5.533255636692047119e-03 5.615772679448127747e-03 1.083022076636552811e-02 1.434858539141714573e-03 6.285602576099336147e-04 3.821864258497953415e-03 9.108283556997776031e-03 1.923453295603394508e-03 4.482063651084899902e-02 1.031105872243642807e-02 9.394825436174869537e-03 8.448019623756408691e-03 4.201151430606842041e-03 2.500151516869664192e-03 1.789530506357550621e-03 1.024190103635191917e-03 1.130063645541667938e-02 4.678751341998577118e-03 3.065659664571285248e-02 7.744943723082542419e-04 8.000414818525314331e-03 1.228753104805946350e-02 2.983707701787352562e-03 9.605404920876026154e-03 2.791610546410083771e-03 1.183804869651794434e-02 2.893758192658424377e-02 9.977185167372226715e-03 2.233820967376232147e-02 2.787394449114799500e-02 1.038950867950916290e-02 4.778586328029632568e-03 1.686181128025054932e-02 9.645218960940837860e-03 5.258603952825069427e-03 1.015296112746000290e-02 1.560192368924617767e-02 2.554889535531401634e-03 1.660962961614131927e-02 2.101049525663256645e-03 2.591091580688953400e-02 4.643132910132408142e-02 1.909785158932209015e-02 1.314899232238531113e-02 1.934251934289932251e-02 8.279187604784965515e-03 7.539860904216766357e-03 1.690261182375252247e-03 8.317330852150917053e-03 1.011642161756753922e-02 3.610970219597220421e-03 6.784087046980857849e-03 3.209753707051277161e-02 1.477268803864717484e-02 2.636201679706573486e-02 4.664362408220767975e-03 1.337136048823595047e-02 4.324602428823709488e-03 9.425595402717590332e-03 1.835630089044570923e-02 8.800942450761795044e-03 4.058635327965021133e-03 1.708949171006679535e-02 1.994532719254493713e-02 9.828532114624977112e-03 1.350930077023804188e-03 2.342293737456202507e-03 1.257752068340778351e-03 2.704495377838611603e-02 1.542527973651885986e-02 4.590150434523820877e-03 3.674213076010346413e-03 5.372232757508754730e-03 2.251699194312095642e-02 7.197149563580751419e-03 4.084488842636346817e-03 1.280245836824178696e-02 4.409598559141159058e-02
8.637727797031402588e-02 8.339756727218627930e-01 1.526527758687734604e-02 1.783022657036781311e-02 1.091772224754095078e-02 5.279651284217834473e-02 4.945358261466026306e-02 2.053416892886161804e-02 8.354369550943374634e-03 1.911306940019130707e-02 6.590429693460464478e-02 1.173400785773992538e-02 6.054773554205894470e-02 8.733147755265235901e-03 7.611595559865236282e-03 2.010309835895895958e-03 4.055560100823640823e-03 2.917968481779098511e-02 1.710378937423229218e-02 2.441536635160446167e-02 2.262182347476482391e-02 1.345510035753250122e-02 4.521122667938470840e-03 3.863734193146228790e-03 2.887473627924919128e-02 2.665234543383121490e-02 6.555335596203804016e-03 2.288906369358301163e-03 1.931045390665531158e-02 2.673023147508502007e-03 1.982720755040645599e-02 2.478085644543170929e-02 1.673737168312072754e-02 1.307508908212184906e-02 4.020802676677703857e-03 1.907172240316867828e-02 3.222365677356719971e-02 1.518681738525629044e-02 7.048609666526317596e-03 1.210181228816509247e-02 6.997151300311088562e-03 8.990652859210968018e-03 4.037297796458005905e-03 9.741465561091899872e-03 1.137257739901542664e-02 2.235790947452187538e-03 3.771121799945831299e-02 2.716485597193241119e-02 1.792397233657538891e-03 1.969831355381757021e-04 6.027921102941036224e-03 7.934630848467350006e-03 1.467506214976310730e-02 1.420898130163550377e-03 2.806543372571468353e-03 2.012172481045126915e-03 2.949125505983829498e-02 6.638707127422094345e-03 1.908925944007933140e-03 1.149405539035797119e-02 3.410554723814129829e-03 8.758556097745895386e-03 2.908113878220319748e-03 1.410350762307643890e-02 1.708097383379936218e-02 2.271443605422973633e-02 2.447033673524856567e-02 1.860497891902923584e-02 1.565715670585632324e-02 3.095732303336262703e-03 1.527515985071659088e-02 9.820987470448017120e-03 5.641686730086803436e-03 7.369298487901687622e-03 8.302528411149978638e-03 6.244868040084838867e-03 2.056731755146756768e-04 1.166436821222305298e-03 2.180109918117523193e-02 3.604123368859291077e-02 2.633753977715969086e-02 3.407746786251664162e-03 1.193574629724025726e-02 5.243929568678140640e-03 5.581744480878114700e-03 5.986061878502368927e-03 3.131743520498275757e-03 3.373082960024476051e-03 1.446599722839891911e-03 3.519068995956331491e-04 2.389761246740818024e-02 1.139641366899013519e-02 3.516685590147972107e-02 8.424809202551841736e-03 1.937137544155120850e-02 1.341948099434375763e-02 6.444080732762813568e-03 1.039982121437788010e-02 2.548221312463283539e-02 1.467864587903022766e-02 1.593407243490219116e-02 1.895951479673385620e-02 6.759229116141796112e-03 7.853127317503094673e-04 1.441115699708461761e-02 6.954071577638387680e-03 1.839222013950347900e-02 1.341239735484123230e-02 1.478181337006390095e-03 8.925243746489286423e-04 5.425311974249780178e-04 2.639106474816799164e-02 5.113526713103055954e-03 1.819142955355346203e-03 5.161685869097709656e-03 3.545986488461494446e-02
1.355963945388793945e-02 1.526527758687734604e-02 8.339756727218627930e-01 3.853236790746450424e-03 4.618430975824594498e-03 7.812204305082559586e-03 1.825005398131906986e-03 1.195220742374658585e-02 6.512458436191082001e-03 4.131238441914319992e-03 2.229666337370872498e-02 9.598006494343280792e-03 3.439474850893020630e-03 6.133272312581539154e-03 1.442565931938588619e-03 1.449804101139307022e-02 2.351408125832676888e-03 8.764890953898429871e-03 1.688366942107677460e-02 1.081420946866273880e-02 1.463814638555049896e-02 1.839123666286468506e-02 7.563770283013582230e-03 3.954252693802118301e-03 2.385285310447216034e-02 1.779544912278652191e-02 2.286992967128753662e-02 2.087914384901523590e-03 5.411172751337289810e-03 5.024230107665061951e-03 5.885309539735317230e-03 3.029291145503520966e-02 5.197144299745559692e-02 4.444226995110511780e-02 2.727486379444599152e-02 5.036990158259868622e-03 1.709081046283245087e-02 1.046108547598123550e-02 2.114516310393810272e-02 2.303533256053924561e-02 1.744809001684188843e-02 1.375397481024265289e-02 1.535164937376976013e-02 6.308907177299261093e-03 3.146829782053828239e-03 1.091115269809961319e-02 1.592825981788337231e-03 6.630969699472188950e-03 2.252488397061824799e-02 2.647853642702102661e-02 4.468538798391819000e-03 6.813276093453168869e-03 3.414160339161753654e-03 2.497760346159338951e-03 2.454064041376113892e-02 2.919340319931507111e-02 2.437951229512691498e-02 1.594436913728713989e-02 1.610293798148632050e-02 1.536466646939516068e-02 3.940568491816520691e-02 3.590128570795059204e-02 1.336187473498284817e-03 6.343078333884477615e-03 7.070265710353851318e-04 1.247057504951953888e-02 1.538660004734992981e-02 1.303276233375072479e-02 4.904536064714193344e-03 1.824113167822360992e-02 1.701852120459079742e-02 5.614820867776870728e-03 4.979963414371013641e-03 3.944572992622852325e-03 5.790210794657468796e-03 2.924040658399462700e-03 4.832644015550613403e-03 1.448540855199098587e-02 1.097585726529359818e-02 5.833530332893133163e-03 4.779832437634468079e-02 5.612010508775711060e-02 9.631131775677204132e-03 1.163024362176656723e-02 6.626590620726346970e-03 3.428805852308869362e-03 1.123532839119434357e-02 1.825381442904472351e-02 3.649048972874879837e-03 1.951516047120094299e-02 5.231271032243967056e-03 1.283644139766693115e-02 2.495861146599054337e-03 6.822058465331792831e-03 1.706730015575885773e-02 1.366200856864452362e-02 1.842800714075565338e-02 6.335139740258455276e-03 8.967288769781589508e-03 1.227444689720869064e-02 1.033215131610631943e-02 2.715866826474666595e-02 2.420119196176528931e-02 1.126396656036376953e-02 4.966432228684425354e-03 6.738741416484117508e-03 2.179816510761156678e-04 1.375639252364635468e-02 5.185594782233238220e-03 6.017304956912994385e-03 7.124550640583038330e-03 4.062198102474212646e-03 1.388353761285543442e-02 1.475282665342092514e-02 2.880861423909664154e-02 1.167727634310722351e-02
1.116734184324741364e-02 1.783022657036781311e-02 3.853236790746450424e-03 8.339756727218627930e-01 7.604163885116577148e-02 1.448986958712339401e-02 2.270222641527652740e-02 4.359134472906589508e-03 1.314240042120218277e-02 1.781746745109558105e-02 7.377857342362403870e-03 3.515916178002953529e-03 1.637463085353374481e-02 2.470958512276411057e-03 1.099543832242488861e-02 1.961864531040191650e-03 4.433502617757767439e-04 3.095880337059497833e-02 5.899102240800857544e-02 2.381891710683703423e-03 1.220072526484727859e-02 2.760858088731765747e-02 4.523556213825941086e-03 1.023024134337902069e-02 8.594148792326450348e-03 2.597695856820791960e-04 1.685554906725883484e-02 1.425617956556379795e-04 2.532151760533452034e-03 3.385681426152586937e-03 2.291595749557018280e-02 3.329133242368698120e-02 1.385472249239683151e-02 2.994804084300994873e-02 1.975327916443347931e-02 2.349777892231941223e-02 2.149933017790317535e-02 4.800953611265867949e-04 3.025161102414131165e-02 5.038568004965782166e-02 5.072921048849821091e-03 1.365792122669517994e-03 1.723363529890775681e-03 1.411459967494010925e-02 6.880217231810092926e-03 1.334645412862300873e-02 1.388149522244930267e-02 2.680450677871704102e-02 2.624817006289958954e-02 4.223117232322692871e-02 8.337515406310558319e-03 5.492907017469406128e-03 7.452730089426040649e-03 2.063177712261676788e-02 1.803856156766414642e-02 2.672394178807735443e-02 7.502773776650428772e-03 2.539974637329578400e-02 2.060045674443244934e-02 1.861947216093540192e-02 3.327149525284767151e-02 3.119806572794914246e-02 4.172690585255622864e-02 4.074331000447273254e-02 7.353035616688430309e-04 2.951674861833453178e-03 2.288216724991798401e-02 1.091041415929794312e-02 6.716905627399682999e-03 1.366417296230792999e-02 1.387608610093593597e-02 3.777173988055437803e-04 4.103011637926101685e-02 8.379367500310763717e-05 1.937095075845718384e-02 1.525222696363925934e-02 1.125287381000816822e-03 1.264458894729614258e-02 8.599029853940010071e-03 1.656978391110897064e-02 4.421872273087501526e-02 2.048502862453460693e-02 3.775914013385772705e-02 4.409198835492134094e-02 6.744583970430539921e-06 9.867827175185084343e-04 4.886915907263755798e-03 1.631627790629863739e-02 6.596314255148172379e-03 6.447167601436376572e-03 2.599771134555339813e-02 1.608217507600784302e-02 3.219947963953018188e-02 1.052521262317895889e-02 1.291619613766670227e-02 1.527749933302402496e-02 4.291942808777093887e-03 2.930632792413234711e-03 1.981182955205440521e-02 1.089918334037065506e-02 1.772561855614185333e-02 1.203105319291353226e-02 1.196704432368278503e-02 1.240075100213289261e-02 6.624958477914333344e-03 5.786085603176616132e-05 1.141160540282726288e-02 3.799895942211151123e-02 4.278650972992181778e-03 2.580564655363559723e-02 5.317498464137315750e-03 4.158683586865663528e-03 8.463230915367603302e-03 1.424532569944858551e-02 1.107450108975172043e-03 1.080939080566167831e-03
5.395240150392055511e-03 1.091772224754095078e-02 4.618430975824594498e-03 7.604163885116577148e-02 8.339756727218627930e-01 8.302388712763786316e-03 1.388339884579181671e-02 1.216715015470981598e-02 2.523167245090007782e-02 1.675139926373958588e-02 1.912148203700780869e-03 1.313278265297412872e-02 5.136720938025973737e-05 1.642573624849319458e-02 4.518874455243349075e-03 5.734869744628667831e-03 7.345380261540412903e-03 1.481075305491685867e-02 5.926828831434249878e-02 7.239588303491473198e-04 9.357347153127193451e-03 1.898768357932567596e-02 2.111576264724135399e-03 2.298219362273812294e-03 6.431404501199722290e-03 8.605754934251308441e-03 1.866971701383590698e-02 1.701278844848275185e-03 1.779430778697133064e-03 2.047486836090683937e-03 1.967398822307586670e-02 3.505280986428260803e-02 1.273602154105901718e-02 2.954633161425590515e-02 2.503477223217487335e-02 2.858807519078254700e-02 1.862002909183502197e-02 9.641870856285095215e-03 4.088861495256423950e-02 5.589146167039871216e-02 7.011577952653169632e-03 1.528611610410735011e-04 4.617399070411920547e-03 2.749436907470226288e-02 5.501168780028820038e-03 1.923470199108123779e-02 8.360316045582294464e-03 1.399336941540241241e-02 3.443397581577301025e-02 4.206946864724159241e-02 5.360496230423450470e-03 7.920310832560062408e-03 6.342630949802696705e-04 1.548237260431051254e-02 2.677137590944766998e-02 2.508484572172164917e-02 6.655383389443159103e-03 4.288426414132118225e-02 2.298142760992050171e-02 2.836663089692592621e-02 1.723705790936946869e-02 3.459143638610839844e-02 3.960010036826133728e-02 4.238682985305786133e-02 4.386469721794128418e-03 1.384915504604578018e-02 1.986083388328552246e-02 1.323711127042770386e-02 1.163654774427413940e-02 6.367973517626523972e-03 3.120705485343933105e-02 5.064186174422502518e-03 4.566242173314094543e-02 1.232452690601348877e-02 3.464670851826667786e-02 1.376464869827032089e-02 4.511557519435882568e-03 2.365432493388652802e-02 9.062379831448197365e-04 9.699480608105659485e-03 4.053490981459617615e-02 1.737259142100811005e-02 2.588178589940071106e-02 4.971544817090034485e-02 5.744146983488462865e-05 3.473278367891907692e-03 1.144195906817913055e-02 2.118283323943614960e-02 1.570397615432739258e-02 1.846645027399063110e-02 1.621521636843681335e-02 6.561356130987405777e-03 2.326777763664722443e-02 1.287923660129308701e-03 5.139229353517293930e-03 1.438415609300136566e-02 1.282219029963016510e-02 5.606439663097262383e-04 1.733730547130107880e-02 8.520199917256832123e-03 1.788844354450702667e-02 9.703810326755046844e-03 2.726474078372120857e-03 5.877871997654438019e-03 5.749496631324291229e-03 9.591034613549709320e-03 1.244089100509881973e-02 3.146061301231384277e-02 3.312689019367098808e-03 2.885531447827816010e-02 4.903522785753011703e-03 2.660698723047971725e-03 1.697119697928428650e-02 2.176465280354022980e-02 6.905232090502977371e-03 8.075959049165248871e-03
5.152260884642601013e-02 5.279651284217834473e-02 7.812204305082559586e-03 1.448986958712339401e-02 8.302388712763786316e-03 8.339756727218627930e-01 7.848141342401504517e-02 1.057660393416881561e-02 3.582131816074252129e-03 2.778239361941814423e-02 3.878179937601089478e-02 4.651409760117530823e-02 2.218984998762607574e-02 4.598549008369445801e-02 1.967036398127675056e-03 2.619343809783458710e-03 9.564679116010665894e-03 2.868995815515518188e-02 2.578103542327880859e-02 2.653980813920497894e-02 1.236637402325868607e-02 2.546028001233935356e-03 1.502301543951034546e-02 1.336472481489181519e-02 1.813797093927860260e-02 3.062682971358299255e-02 1.843776553869247437e-02 4.017751663923263550e-02 4.737041890621185303e-03 2.414571121335029602e-02 1.063039246946573257e-02 2.771295607089996338e-03 1.151828840374946594e-02 4.744850564748048782e-03 9.159196168184280396e-03 1.485539320856332779e-02 2.477718144655227661e-02 1.164765283465385437e-02 3.759510582312941551e-03 1.007147599011659622e-02 2.038428001105785370e-02 5.734880454838275909e-03 1.865052431821823120e-02 1.595388539135456085e-02 1.184323802590370178e-02 1.500824280083179474e-02 6.731162220239639282e-02 3.722535073757171631e-02 2.779053151607513428e-02 2.579781785607337952e-02 1.237848307937383652e-02 9.835045784711837769e-03 2.975042676553130150e-03 3.541640471667051315e-03 1.944775693118572235e-02 1.516875252127647400e-02 2.953146956861019135e-02 3.071456449106335640e-03 2.070802962407469749e-03 6.848303601145744324e-03 2.195180393755435944e-02 1.814623922109603882e-02 2.302163653075695038e-02 9.012045338749885559e-04 2.325544692575931549e-02 1.895109377801418304e-02 4.872955847531557083e-03 1.399022992700338364e-02 2.347477478906512260e-03 1.480724569410085678e-02 1.517463102936744690e-02 2.319963090121746063e-02 9.141998365521430969e-03 9.408826939761638641e-03 7.540361024439334869e-03 1.621540286578238010e-03 2.816485939547419548e-03 7.901709526777267456e-03 8.436571806669235229e-03 4.082222655415534973e-02 1.474049501121044159e-02 8.980746380984783173e-03 1.964742876589298248e-02 1.728249713778495789e-02 7.102867588400840759e-03 5.242264363914728165e-03 1.157580688595771790e-02 1.112570893019437790e-02 1.689368300139904022e-02 3.439255803823471069e-02 1.946122571825981140e-02 3.362811170518398285e-03 2.197192050516605377e-02 1.120859850198030472e-02 9.903096593916416168e-03 7.879274897277355194e-03 5.734024103730916977e-03 4.031723365187644958e-03 9.380985284224152565e-04 5.098309367895126343e-03 1.279584877192974091e-02 7.202292326837778091e-04 8.158625103533267975e-03 8.787712082266807556e-03 1.818030723370611668e-03 3.530203364789485931e-03 1.633255369961261749e-02 4.078382160514593124e-03 5.557630211114883423e-03 1.011742744594812393e-02 1.659347093664109707e-03 2.591694891452789307e-02 1.470314245671033859e-02 7.306854240596294403e-03 1.156172133050858974e-03 5.038628727197647095e-02
4.017383605241775513e-02 4.945358261466026306e-02 1.825005398131906986e-03 2.270222641527652740e-02 1.388339884579181671e-02 7.848141342401504517e-02 8.339756727218627930e-01 1.313118264079093933e-02 1.296132977586239576e-04 7.623253855854272842e-03 2.470638975501060486e-02 3.230654820799827576e-02 2.115298062562942505e-02 3.824105858802795410e-02 4.391940310597419739e-04 1.074955705553293228e-02 2.492637932300567627e-02 3.245920315384864807e-02 2.685546875000000000e-02 2.090417779982089996e-02 4.169197287410497665e-03 6.854911334812641144e-03 1.086125895380973816e-02 1.900226995348930359e-02 1.198939792811870575e-02 2.151362597942352295e-02 2.224391512572765350e-02 3.653424978256225586e-02 1.420567464083433151e-02 2.403042651712894440e-02 1.424555433914065361e-03 1.005160622298717499e-02 1.600517332553863525e-02 5.807057605125010014e-04 6.802140269428491592e-03 2.026420645415782928e-02 2.871541678905487061e-02 9.709786623716354370e-03 5.679915193468332291e-03 1.460895966738462448e-02 1.854098029434680939e-02 1.316760201007127762e-03 1.851381361484527588e-02 1.400327775627374649e-02 1.782608777284622192e-02 9.269972331821918488e-03 7.168780267238616943e-02 5.411871522665023804e-02 1.622948609292507172e-02 1.495124679058790207e-02 1.155241858214139938e-02 1.220226008445024490e-02 9.634084999561309814e-03 1.224660500884056091e-02 2.032377012073993683e-02 6.952573079615831375e-03 1.557904295623302460e-02 6.255647167563438416e-03 1.034566434100270271e-03 8.689756505191326141e-03 3.278291597962379456e-02 1.960107125341892242e-02 1.822897978127002716e-02 4.267161246389150620e-03 2.288299053907394409e-02 2.520768530666828156e-02 8.795812726020812988e-03 4.633060656487941742e-03 2.166014630347490311e-03 1.573478989303112030e-02 2.377998083829879761e-02 3.011537715792655945e-02 1.188063248991966248e-02 7.066466845571994781e-03 9.051355533301830292e-03 1.150715257972478867e-02 3.062298754230141640e-03 3.369975835084915161e-03 5.441831424832344055e-03 2.708926983177661896e-02 2.836688049137592316e-02 9.191405843012034893e-04 2.508119121193885803e-02 4.258040804415941238e-03 1.350008137524127960e-02 1.464593224227428436e-02 1.803464442491531372e-02 1.240135543048381805e-02 9.268121793866157532e-03 2.835196256637573242e-02 2.826251275837421417e-02 9.677850175648927689e-04 3.579363226890563965e-02 1.370186265558004379e-02 1.410825923085212708e-02 2.938402583822607994e-03 4.130081739276647568e-03 1.211588969454169273e-04 5.981191527098417282e-03 2.426857361570000648e-03 1.449262164533138275e-02 3.795071505010128021e-03 1.134476810693740845e-02 6.004305090755224228e-03 4.234283696860074997e-03 1.553087960928678513e-03 1.869898848235607147e-02 2.035337034612894058e-03 1.156443729996681213e-03 4.335321020334959030e-03 2.918664366006851196e-03 2.526851743459701538e-02 9.039700962603092194e-03 1.673514954745769501e-02 5.202432628720998764e-03 4.628924280405044556e-02
1.530427671968936920e-02 2.053416892886161804e-02 1.195220742374658585e-02 4.359134472906589508e-03 1.216715015470981598e-02 1.057660393416881561e-02 1.313118264079093933e-02 8.339756727218627930e-01 9.946330450475215912e-03 7.524108514189720154e-03 3.540672478266060352e-04 1.576930470764636993e-02 9.183802758343517780e-04 2.021520771086215973e-02 3.664504364132881165e-02 5.792771466076374054e-03 8.826114237308502197e-03 4.727598279714584351e-03 9.116082452237606049e-03 1.723791100084781647e-02 8.916260674595832825e-03 2.644047327339649200e-02 4.609515424817800522e-03 8.733803406357765198e-03 6.677877623587846756e-03 1.153168920427560806e-02 1.231050025671720505e-02 1.166926883161067963e-02 1.112504396587610245e-02 6.665355991572141647e-03 1.178526505827903748e-02 7.512936717830598354e-04 2.686019055545330048e-03 1.117929629981517792e-02 1.772025786340236664e-02 1.011093519628047943e-02 9.259144775569438934e-03 2.127881720662117004e-02 3.199142217636108398e-02 8.672505617141723633e-03 3.318770555779337883e-03 1.721408404409885406e-02 2.603647857904434204e-02 2.372606890276074409e-03 8.898813393898308277e-04 1.848137751221656799e-02 1.196572650223970413e-02 1.105168741196393967e-02 4.661045502871274948e-03 1.294806785881519318e-02 1.492217555642127991e-02 1.506728399544954300e-02 3.265847638249397278e-02 4.021697863936424255e-02 7.531437091529369354e-03 4.622713197022676468e-03 3.444882342591881752e-03 2.235605567693710327e-02 2.502865530550479889e-02 3.794454783201217651e-02 1.004886347800493240e-02 5.458351690322160721e-03 7.170952390879392624e-03 1.967798918485641479e-02 6.432209047488868237e-04 2.393368817865848541e-02 1.306781359016895294e-02 2.019912563264369965e-02 8.767895400524139404e-03 9.426811710000038147e-03 1.677721273154020309e-03 1.527067087590694427e-02 1.212000008672475815e-02 7.142040878534317017e-03 2.580646984279155731e-02 7.037741597741842270e-03 7.165841292589902878e-03 3.066416829824447632e-02 1.056653074920177460e-02 1.056266482919454575e-02 5.066809058189392090e-02 2.552996948361396790e-02 1.453780336305499077e-03 4.382714163511991501e-03 2.610673941671848297e-02 3.772000595927238464e-02 3.184301778674125671e-02 4.606586322188377380e-02 2.205749414861202240e-02 1.596093177795410156e-02 8.397071622312068939e-03 1.757494173943996429e-02 3.467275761067867279e-03 2.509227022528648376e-02 8.985126391053199768e-03 5.499108228832483292e-03 6.713471375405788422e-03 1.441057119518518448e-02 6.371111143380403519e-03 1.302432455122470856e-02 3.835916984826326370e-03 4.078523721545934677e-03 8.002750575542449951e-03 5.706522148102521896e-03 2.676084451377391815e-02 2.511431463062763214e-02 1.251096464693546295e-02 5.811445880681276321e-03 2.732108719646930695e-02 1.771518774330615997e-02 1.845096796751022339e-02 2.834557183086872101e-02 2.866473421454429626e-02 3.229751810431480408e-02 1.771603897213935852e-02 1.215523853898048401e-02
1.580045744776725769e-02 8.354369550943374634e-03 6.512458436191082001e-03 1.314240042120218277e-02 2.523167245090007782e-02 3.582131816074252129e-03 1.296132977586239576e-04 9.946330450475215912e-03 8.339756727218627930e-01 4.905080050230026245e-02 5.698603112250566483e-03 8.258871734142303467e-03 6.093396339565515518e-03 1.940956898033618927e-02 1.509518176317214966e-02 6.151496432721614838e-03 8.400131016969680786e-03 3.708445280790328979e-02 3.329434664919972420e-03 2.347424067556858063e-02 2.089540287852287292e-02 7.738997228443622589e-03 3.020666353404521942e-02 1.623462140560150146e-02 1.057428494095802307e-02 1.226732693612575531e-02 4.380429163575172424e-03 2.383340708911418915e-02 7.180550135672092438e-03 3.603673726320266724e-02 1.676302030682563782e-02 2.258790470659732819e-02 1.494876574724912643e-03 9.289695881307125092e-03 1.407281775027513504e-02 5.669841542840003967e-03 6.420021876692771912e-03 4.998453427106142044e-03 2.248006872832775116e-02 2.169970981776714325e-02 1.838178932666778564e-02 3.892913833260536194e-02 1.272966805845499039e-02 1.176696456968784332e-02 2.936587668955326080e-02 1.246354263275861740e-02 4.931717645376920700e-03 2.908685244619846344e-02 2.886646427214145660e-02 2.838712185621261597e-03 3.137253597378730774e-02 3.330022096633911133e-02 5.815356969833374023e-03 6.969084497541189194e-03 3.749052062630653381e-02 1.411018613725900650e-02 9.388013859279453754e-04 3.385470062494277954e-02 1.357536297291517258e-02 7.401593960821628571e-03 1.364359632134437561e-02 2.597108110785484314e-02 5.173467216081917286e-04 1.078223902732133865e-02 3.836333053186535835e-03 3.887501952704042196e-04 4.838258028030395508e-03 3.976961132138967514e-03 3.073422424495220184e-02 9.211009368300437927e-03 2.224693074822425842e-02 2.154282061383128166e-03 2.554298751056194305e-02 1.072270143777132034e-02 2.346462756395339966e-02 7.466344686690717936e-05 7.474672794342041016e-02 9.357503615319728851e-03 4.852666705846786499e-02 2.317495271563529968e-02 1.208665873855352402e-02 1.052328292280435562e-02 2.999792248010635376e-02 1.056698244065046310e-02 9.484469890594482422e-03 2.532270271331071854e-03 7.770837284624576569e-03 1.064153481274843216e-02 6.640724092721939087e-02 6.053833756595849991e-03 1.888585090637207031e-02 2.875936916097998619e-03 2.416678890585899353e-02 1.729376730509102345e-03 1.510803401470184326e-02 2.655563503503799438e-02 4.811639431864023209e-03 1.402106974273920059e-02 3.873924538493156433e-02 3.695733845233917236e-02 1.744762808084487915e-02 1.121986564248800278e-02 9.354889392852783203e-03 1.426051463931798935e-02 1.415951922535896301e-02 2.109766565263271332e-02 4.682087805122137070e-03 5.245046690106391907e-03 5.400547757744789124e-03 5.682982970029115677e-03 9.784283116459846497e-03 5.402770824730396271e-03 1.437170896679162979e-02 7.381652481853961945e-03 2.161945216357707977e-03 3.224171698093414307e-03
2.646436728537082672e-02 1.911306940019130707e-02 4.131238441914319992e-03 1.781746745109558105e-02 1.675139926373958588e-02 2.778239361941814423e-02 7.623253855854272842e-03 7.524108514189720154e-03 4.905080050230026245e-02 8.339756727218627930e-01 1.849248446524143219e-02 3.691508993506431580e-02 1.274114288389682770e-02 2.972619794309139252e-02 1.324742194265127182e-02 1.875002309679985046e-02 2.942010760307312012e-02 1.425467524677515030e-02 2.304026857018470764e-03 8.890328928828239441e-03 1.912942901253700256e-02 1.290902961045503616e-02 1.208052970468997955e-02 7.036105263978242874e-03 5.839655641466379166e-03 5.078794900327920914e-03 9.397957473993301392e-03 4.611198231577873230e-02 2.924872189760208130e-02 3.520551323890686035e-02 2.732691355049610138e-02 1.598140038549900055e-02 3.613150445744395256e-03 1.495574414730072021e-02 1.565468870103359222e-02 5.711909849196672440e-03 3.169717499986290932e-03 2.584784990176558495e-03 2.859412925317883492e-03 1.908140815794467926e-02 2.431735396385192871e-03 1.238126493990421295e-02 1.665942557156085968e-02 4.571337252855300903e-03 9.993653744459152222e-03 8.457222953438758850e-03 8.430690504610538483e-04 2.593333460390567780e-02 1.329991780221462250e-02 3.214097023010253906e-02 1.941909454762935638e-02 1.632973365485668182e-02 5.592677189270034432e-05 2.037109108641743660e-03 1.173685956746339798e-02 2.824180573225021362e-02 3.199856728315353394e-02 1.793984510004520416e-02 3.684476017951965332e-03 1.021481119096279144e-03 1.143340487033128738e-02 2.356794575462117791e-04 1.041903253644704819e-02 1.071044337004423141e-02 9.456421830691397190e-04 4.698337521404027939e-03 3.987141884863376617e-03 1.318596489727497101e-02 2.513863332569599152e-02 4.332587588578462601e-03 2.607152052223682404e-02 9.418806992471218109e-03 3.039054758846759796e-02 5.061791744083166122e-03 1.602562330663204193e-02 2.426073886454105377e-02 3.492217138409614563e-02 5.925759300589561462e-02 3.302530944347381592e-02 5.041591450572013855e-02 1.098972558975219727e-02 9.575912728905677795e-03 1.358293928205966949e-02 2.475385367870330811e-02 1.311082113534212112e-02 1.422253437340259552e-02 6.451496738009154797e-04 2.350923139601945877e-03 2.012688666582107544e-02 3.546859836205840111e-03 3.307726979255676270e-02 6.125440355390310287e-03 3.024351224303245544e-02 1.322101615369319916e-02 1.046038419008255005e-02 2.148099802434444427e-02 3.230591770261526108e-03 9.863553568720817566e-03 2.056859619915485382e-02 2.347750402987003326e-02 4.636334779206663370e-04 4.873906727880239487e-04 5.641827592626214027e-04 2.494821557775139809e-03 1.835972419939935207e-03 1.407021190971136093e-02 3.073700005188584328e-03 1.055957097560167313e-02 4.745663143694400787e-03 4.047351423650979996e-03 5.216341000050306320e-03 6.185716018080711365e-03 1.006437744945287704e-02 9.476977400481700897e-03 4.101222380995750427e-03 1.349671650677919388e-02
7.586987316608428955e-02 6.590429693460464478e-02 2.229666337370872498e-02 7.377857342362403870e-03 1.912148203700780869e-03 3.878179937601089478e-02 2.470638975501060486e-02 3.540672478266060352e-04 5.698603112250566483e-03 1.849248446524143219e-02 8.339756727218627930e-01 1.027959492057561874e-02 5.889869853854179382e-02 1.434239966329187155e-04 1.784256659448146820e-02 1.572699286043643951e-02 5.542668513953685760e-03 1.703976839780807495e-02 2.326875226572155952e-03 3.823972865939140320e-02 3.718295320868492126e-02 2.914541214704513550e-02 5.870785098522901535e-04 2.646917710080742836e-03 4.682863876223564148e-02 4.819065704941749573e-02 1.292026136070489883e-02 7.214502431452274323e-03 3.390997648239135742e-02 1.628670655190944672e-02 1.308534387499094009e-02 1.197411771863698959e-02 1.313641853630542755e-02 1.046306919306516647e-02 1.746156252920627594e-02 4.740539472550153732e-03 1.536981668323278427e-02 1.700721494853496552e-02 3.071950515732169151e-03 9.716650471091270447e-03 1.706500351428985596e-02 1.596886664628982544e-02 2.306053787469863892e-02 4.548575729131698608e-03 6.117166951298713684e-03 9.317150397691875696e-05 3.488009423017501831e-02 1.472040172666311264e-02 2.948965411633253098e-03 1.988633768633008003e-03 2.085911110043525696e-02 2.045370638370513916e-02 3.723978297784924507e-03 1.929964870214462280e-03 3.079068148508667946e-03 4.084939602762460709e-03 4.322027787566184998e-02 1.106743514537811279e-02 1.471846830099821091e-02 1.021809689700603485e-02 1.176483649760484695e-02 2.701037330552935600e-03 1.266204193234443665e-02 5.306410603225231171e-03 4.191018268465995789e-02 2.409834787249565125e-02 3.383019566535949707e-02 3.588284924626350403e-02 1.371530443429946899e-02 9.058325551450252533e-03 1.072926726192235947e-02 4.810665734112262726e-03 8.183731697499752045e-03 1.203856244683265686e-02 1.433404535055160522e-02 1.040851790457963943e-02 1.496252953074872494e-03 3.294904599897563457e-04 1.877391524612903595e-02 3.460500389337539673e-02 1.218154793605208397e-03 1.176420040428638458e-02 4.600475542247295380e-03 7.439893204718828201e-03 1.354144141077995300e-02 1.346049178391695023e-02 1.992039009928703308e-02 1.516172569245100021e-02 2.726062666624784470e-03 1.084426883608102798e-02 3.108012489974498749e-02 2.023118175566196442e-02 2.399727329611778259e-02 3.610885702073574066e-03 1.435086876153945923e-02 4.032267315778881311e-04 5.121370777487754822e-03 1.766020990908145905e-02 1.303552743047475815e-02 1.575738750398159027e-02 1.089687924832105637e-02 2.634536474943161011e-02 1.022530347108840942e-02 6.034113001078367233e-03 5.218639271333813667e-04 6.867942865937948227e-03 2.130502834916114807e-02 3.741359105333685875e-03 1.483648084104061127e-02 1.070114877074956894e-02 1.251075509935617447e-02 6.813827436417341232e-03 2.891812659800052643e-02 2.444694563746452332e-02 2.023306675255298615e-02 2.316481061279773712e-02
1.232025679200887680e-02 1.173400785773992538e-02 9.598006494343280792e-03 3.515916178002953529e-03 1.313278265297412872e-02 4.651409760117530823e-02 3.230654820799827576e-02 1.576930470764636993e-02 8.258871734142303467e-03 3.691508993506431580e-02 1.027959492057561874e-02 8.339756727218627930e-01 4.888546653091907501e-03 7.890585809946060181e-02 2.022376470267772675e-02 4.869894124567508698e-03 5.995979066938161850e-03 2.364190295338630676e-02 1.060681045055389404e-02 1.545547042042016983e-02 1.791522651910781860e-02 6.752521730959415436e-03 3.373218700289726257e-02 3.020049817860126495e-02 8.161955513060092926e-03 2.368259243667125702e-02 1.158061623573303223e-02 5.644395947456359863e-02 2.396716736257076263e-02 5.536352470517158508e-02 1.335648819804191589e-02 3.273773193359375000e-02 1.079387683421373367e-02 1.627244055271148682e-02 1.077246945351362228e-02 1.663349382579326630e-02 2.349433116614818573e-02 2.111997688189148903e-03 3.238825127482414246e-03 8.254390209913253784e-03 2.632797928526997566e-03 2.196964807808399200e-03 7.798674050718545914e-03 6.565810646861791611e-03 2.984231524169445038e-02 1.537834201008081436e-02 2.629738301038742065e-02 1.288994867354631424e-02 3.675381094217300415e-02 4.448636248707771301e-02 1.412388519383966923e-03 1.123595051467418671e-03 1.175617612898349762e-02 1.397760678082704544e-02 3.224302455782890320e-02 3.984879702329635620e-02 4.056293517351150513e-02 3.763658925890922546e-02 7.499916944652795792e-03 1.087913289666175842e-02 1.918877847492694855e-02 1.898842677474021912e-02 2.693240530788898468e-02 1.191867049783468246e-02 8.695021271705627441e-03 1.965991035103797913e-02 7.447443436831235886e-03 1.639464125037193298e-02 1.857580430805683136e-02 6.586755625903606415e-03 1.919378293678164482e-03 1.203540153801441193e-02 2.079844474792480469e-02 5.931853316724300385e-03 2.840470895171165466e-02 2.511737402528524399e-03 5.079749040305614471e-03 6.049486342817544937e-03 3.632927313446998596e-03 2.817571349442005157e-02 4.181478638201951981e-03 1.552152098156511784e-03 1.464351359754800797e-02 1.844274997711181641e-02 1.721268333494663239e-02 2.423039264976978302e-02 5.345078185200691223e-03 9.088740684092044830e-03 2.905274927616119385e-02 5.683129280805587769e-02 1.758116064593195915e-03 1.376351527869701385e-02 4.918988794088363647e-03 6.532869767397642136e-03 5.222865380346775055e-03 1.409171801060438156e-02 1.988411881029605865e-03 8.244457654654979706e-03 8.046494796872138977e-03 1.317412313073873520e-02 9.104939177632331848e-03 2.186923054978251457e-03 6.312020588666200638e-03 3.968182485550642014e-03 4.126804415136575699e-03 2.243977412581443787e-02 6.951499381102621555e-04 1.693200133740901947e-02 1.347072795033454895e-02 4.119689576327800751e-03 4.911808762699365616e-03 3.562974510714411736e-03 1.503894850611686707e-02 9.273262694478034973e-03 1.150999497622251511e-02 2.086151763796806335e-02
4.666598886251449585e-02 6.054773554205894470e-02 3.439474850893020630e-03 1.637463085353374481e-02 5.136720938025973737e-05 2.218984998762607574e-02 2.115298062562942505e-02 9.183802758343517780e-04 6.093396339565515518e-03 1.274114288389682770e-02 5.889869853854179382e-02 4.888546653091907501e-03 8.339756727218627930e-01 2.073429350275546312e-04 2.739146165549755096e-02 1.040299609303474426e-02 1.543593592941761017e-03 9.403541684150695801e-03 1.726745860651135445e-03 1.883607544004917145e-02 2.311285026371479034e-02 3.476725146174430847e-02 5.103687290102243423e-03 4.575288388878107071e-03 3.359378129243850708e-02 3.315717354416847229e-02 1.558679621666669846e-02 1.432958710938692093e-02 1.682851649820804596e-02 1.305795554071664810e-02 3.495433181524276733e-02 2.667049318552017212e-02 1.166775589808821678e-03 6.654832512140274048e-03 6.985795218497514725e-03 2.061272040009498596e-03 1.411655917763710022e-02 3.067879378795623779e-02 6.003978662192821503e-03 1.142677385360002518e-02 2.334565855562686920e-02 3.043210878968238831e-02 3.206356242299079895e-02 1.405809912830591202e-02 1.232168730348348618e-02 2.972699003294110298e-04 1.367487106472253799e-02 3.285076096653938293e-02 1.532028242945671082e-02 8.648495189845561981e-03 2.593521960079669952e-02 3.003757633268833160e-02 2.507284516468644142e-03 3.603240940719842911e-03 1.268546842038631439e-02 1.353365252725780010e-03 2.730600722134113312e-02 1.943227276206016541e-02 1.754931523464620113e-03 2.100151730701327324e-03 3.298993222415447235e-03 5.826431792229413986e-03 2.540500834584236145e-03 6.404770538210868835e-03 1.986809261143207550e-02 4.043889045715332031e-02 4.063304886221885681e-02 3.116220049560070038e-02 1.834982819855213165e-02 1.436246465891599655e-02 1.718407869338989258e-02 2.106445655226707458e-02 1.411101128906011581e-02 2.050778642296791077e-02 2.100177109241485596e-02 1.363845076411962509e-02 1.218029763549566269e-02 9.152564220130443573e-03 9.631733410060405731e-03 2.480396814644336700e-02 7.686578668653964996e-03 5.510309245437383652e-03 4.682035942096263170e-04 1.739385654218494892e-03 1.865301840007305145e-02 9.197910316288471222e-03 2.194801345467567444e-02 1.722156815230846405e-02 1.007778686471283436e-03 1.016828417778015137e-02 2.263532951474189758e-02 2.475879713892936707e-02 2.966886758804321289e-02 1.752433367073535919e-02 1.431470550596714020e-02 1.044611167162656784e-02 1.006261818110942841e-02 1.186466403305530548e-02 1.767732016742229462e-02 2.010238170623779297e-02 1.144088990986347198e-02 2.267883345484733582e-02 1.697917282581329346e-02 1.969557069242000580e-02 2.372320508584380150e-03 1.618531532585620880e-02 1.295476872473955154e-02 8.332989178597927094e-03 3.233547881245613098e-02 8.396415039896965027e-03 1.599526591598987579e-02 6.247274111956357956e-03 3.155634552240371704e-02 2.385000325739383698e-02 1.671331748366355896e-02 3.700335044413805008e-03
