8.201600313186645508e-01 7.038938999176025391e-02 3.965474665164947510e-03 1.789692603051662445e-02 6.488628219813108444e-03 6.258130073547363281e-02 5.355462431907653809e-02 5.653704982250928879e-03 1.381873805075883865e-02 1.757895015180110931e-02 6.748590618371963501e-02 2.604361064732074738e-02 6.095591187477111816e-02 1.590426079928874969e-02 1.524559408426284790e-02 3.740550577640533447e-02 3.574195131659507751e-02 1.301587838679552078e-02 9.885457344353199005e-03 1.677235215902328491e-02 3.275815397500991821e-03 4.158596042543649673e-03 1.700310595333576202e-02 1.198399998247623444e-02 7.423602044582366943e-03 8.605552138760685921e-04 1.805207878351211548e-02 1.986447907984256744e-02 4.045756906270980835e-02 1.445449888706207275e-02 3.522475436329841614e-02 1.784829050302505493e-02 1.055583637207746506e-02 4.990372341126203537e-03 3.013567812740802765e-02 2.644587308168411255e-02 3.996402025222778320e-03 2.237406745553016663e-02 8.745602332055568695e-03 5.007432308048009872e-03 8.928972296416759491e-03 1.262821629643440247e-02 2.472425112500786781e-03 8.554585278034210205e-03 1.551203895360231400e-02 1.106278784573078156e-02 7.135707885026931763e-02 5.229323357343673706e-02 4.157003015279769897e-03 3.451515361666679382e-02 3.640522714704275131e-03 5.962385330349206924e-03 4.474664572626352310e-03 3.630615829024463892e-04 4.978243727236986160e-03 1.812236383557319641e-02 7.541285827755928040e-03 7.676761015318334103e-06 1.551343780010938644e-02 7.782148662954568863e-03 5.057179369032382965e-03 2.411038614809513092e-03 8.130398346111178398e-04 3.026225385838188231e-05 4.325193539261817932e-02 3.181528300046920776e-02 1.107467804104089737e-02 1.349396887235343456e-03 1.284054480493068695e-02 1.159120723605155945e-02 9.416747838258743286e-03 4.523731768131256104e-03 1.240770891308784485e-02 2.592505514621734619e-02 1.869662432000041008e-03 5.592285655438899994e-03 1.618446037173271179e-02 1.914565218612551689e-03 2.798564499244093895e-03 2.449188753962516785e-02 1.258342340588569641e-02 6.701393052935600281e-03 6.314426194876432419e-03 1.218778546899557114e-02 4.357166122645139694e-03 2.107507549226284027e-02 2.766810171306133270e-02 1.557202450931072235e-02 2.157597802579402924e-02 1.677662879228591919e-02 6.830348074436187744e-02 2.624625153839588165e-02 4.622660949826240540e-02 1.537805143743753433e-02 1.113910321146249771e-02 1.051951758563518524e-02 6.988510023802518845e-03 9.227562695741653442e-03 4.152019973844289780e-04 1.048578135669231415e-02 9.216296486556529999e-03 2.503080060705542564e-03 4.751693457365036011e-03 4.266443662345409393e-03 1.239189784973859787e-02 1.524071022868156433e-02 1.393059361726045609e-02 9.022370213642716408e-04 3.334333596285432577e-04 7.078880909830331802e-03 1.115783117711544037e-02 4.939906299114227295e-03 1.416639704257249832e-02 9.458515793085098267e-03 4.514987813308835030e-04 1.465844735503196716e-02
7.038938999176025391e-02 8.201600313186645508e-01 1.031733583658933640e-02 3.391551226377487183e-02 8.706195279955863953e-03 5.257549509406089783e-02 6.098533049225807190e-02 8.710700087249279022e-03 1.140447333455085754e-02 1.283060945570468903e-02 3.003461472690105438e-02 9.222622029483318329e-03 5.719501152634620667e-02 8.858113549649715424e-03 1.004782505333423615e-02 1.949388720095157623e-02 3.315551951527595520e-02 1.772200502455234528e-02 9.452981874346733093e-03 1.018214598298072815e-02 2.177792415022850037e-02 1.494264323264360428e-02 1.030575716868042946e-03 3.114516614004969597e-03 2.298545092344284058e-02 1.702157035470008850e-02 1.964295748621225357e-03 1.682028174400329590e-02 1.074312161654233932e-02 1.604160666465759277e-02 5.202369764447212219e-03 3.375929372850805521e-04 2.243663743138313293e-02 9.621508419513702393e-03 6.281945388764142990e-03 2.298701740801334381e-02 5.532660521566867828e-03 1.952481642365455627e-02 2.089615538716316223e-02 1.577353477478027344e-02 6.998920347541570663e-03 2.159255370497703552e-02 8.854530751705169678e-03 1.373365428298711777e-02 7.742858957499265671e-03 1.816374622285366058e-02 7.072833925485610962e-02 4.472364112734794617e-02 2.256938256323337555e-03 2.437710389494895935e-02 1.587315276265144348e-02 1.726873591542243958e-02 2.033117972314357758e-02 3.756334772333502769e-04 6.991907022893428802e-03 1.666809245944023132e-02 2.403037995100021362e-02 4.419465549290180206e-03 1.573417149484157562e-02 4.334612283855676651e-03 2.486816234886646271e-02 2.801667666062712669e-03 1.793926116079092026e-03 1.453312393277883530e-02 1.510853227227926254e-02 4.139936063438653946e-03 4.705862142145633698e-03 1.822632737457752228e-02 1.082291593775153160e-03 1.437247917056083679e-02 6.118723191320896149e-03 6.961764302104711533e-03 1.185168419033288956e-02 1.510245073586702347e-02 5.499171558767557144e-03 3.633401822298765182e-03 2.039787126705050468e-03 7.628546096384525299e-03 3.870642976835370064e-03 7.926363497972488403e-03 1.052261237055063248e-02 6.249857135117053986e-03 2.243286557495594025e-02 3.527700668200850487e-03 1.668806746602058411e-02 1.581905409693717957e-02 1.299811434000730515e-02 5.000422970624640584e-05 4.903236404061317444e-03 1.182687655091285706e-02 5.166756734251976013e-02 1.159430667757987976e-02 2.570465952157974243e-02 1.553537906147539616e-03 1.132096163928508759e-02 8.237299509346485138e-03 1.157155446708202362e-02 1.745764631778001785e-03 1.045782491564750671e-02 1.745572872459888458e-02 1.326272450387477875e-02 1.034253742545843124e-02 8.469084277749061584e-03 2.868307288736104965e-03 4.478375427424907684e-03 9.750316850841045380e-03 5.613858593278564513e-05 2.015340887010097504e-02 6.163335405290126801e-03 8.685772307217121124e-03 1.419622637331485748e-02 8.429945446550846100e-03 1.327311992645263672e-02 1.413194462656974792e-02 1.031935214996337891e-02 1.400502049364149570e-03
3.965474665164947510e-03 1.031733583658933640e-02 8.201600313186645508e-01 2.813840098679065704e-02 1.741796545684337616e-02 6.821927148848772049e-03 1.742282509803771973e-02 4.658087715506553650e-02 1.313292328268289566e-02 2.484387531876564026e-02 1.028841943480074406e-03 2.165383100509643555e-02 2.049396932125091553e-02 1.485310215502977371e-02 3.631949657574295998e-04 2.537355385720729828e-02 1.965201459825038910e-02 1.154829096049070358e-02 1.745259575545787811e-02 1.241377554833889008e-02 2.011591196060180664e-02 1.886555366218090057e-02 8.260658010840415955e-03 1.360620465129613876e-02 7.242390420287847519e-03 1.469813380390405655e-02 3.185842651873826981e-03 8.886582218110561371e-03 1.721172593533992767e-02 1.027283631265163422e-02 1.153482589870691299e-02 1.101757516153156757e-03 2.734476001933217049e-03 1.043908204883337021e-02 2.001716056838631630e-03 1.352646108716726303e-02 2.226655557751655579e-02 1.727142743766307831e-02 2.348560281097888947e-02 1.579367183148860931e-02 1.700859144330024719e-02 2.982362871989607811e-03 1.375206466764211655e-02 1.619693823158740997e-02 1.491514313966035843e-02 1.584848575294017792e-02 1.670832931995391846e-02 1.208821777254343033e-02 5.419623106718063354e-03 1.606352813541889191e-02 2.199508622288703918e-02 4.111752379685640335e-03 3.927756042685359716e-04 2.756646834313869476e-02 8.798467926681041718e-03 2.598850056529045105e-02 1.108044758439064026e-02 6.455279886722564697e-03 2.005686238408088684e-02 2.391285076737403870e-02 1.316978130489587784e-02 1.246021129190921783e-02 2.762117050588130951e-02 1.732995547354221344e-02 1.998990029096603394e-02 6.177369505167007446e-03 3.530264599248766899e-03 5.188222974538803101e-03 2.821511030197143555e-02 3.841553349047899246e-03 2.198683284223079681e-02 1.121927890926599503e-02 2.279009483754634857e-02 3.785549488384276628e-04 2.145472355186939240e-02 5.345783429220318794e-04 1.845716685056686401e-02 3.123733960092067719e-02 6.829533260315656662e-03 1.969484053552150726e-02 3.194031864404678345e-02 9.195042075589299202e-04 1.166686229407787323e-02 1.233602315187454224e-02 1.272267382591962814e-02 1.228556968271732330e-03 2.059685066342353821e-02 1.220867503434419632e-02 3.470913507044315338e-03 1.576874591410160065e-02 1.013274118304252625e-02 1.498249452561140060e-02 3.232642193324863911e-04 1.042465958744287491e-02 1.984534598886966705e-02 8.860939415171742439e-04 5.045152269303798676e-03 9.289589070249348879e-05 9.390196762979030609e-03 6.126048974692821503e-03 1.845405064523220062e-02 1.931923255324363708e-02 7.274515461176633835e-03 2.466413378715515137e-02 1.349607575684785843e-02 3.570173634216189384e-03 1.054088212549686432e-02 1.263639796525239944e-02 8.104341104626655579e-03 2.111214026808738708e-02 1.802546903491020203e-02 2.463551796972751617e-02 1.732792705297470093e-03 1.069862209260463715e-02 2.872663177549839020e-02 1.120097469538450241e-02
1.789692603051662445e-02 3.391551226377487183e-02 2.813840098679065704e-02 8.201600313186645508e-01 7.174719870090484619e-02 2.165363915264606476e-02 2.511935494840145111e-02 8.775816299021244049e-03 4.564761649817228317e-03 3.635946428403258324e-03 4.884471651166677475e-03 2.058146148920059204e-02 2.193655818700790405e-02 1.715679839253425598e-02 1.802577055059373379e-03 2.679347526282072067e-03 1.680795103311538696e-02 1.791157014667987823e-02 3.003959171473979950e-02 1.197490002959966660e-02 4.672381561249494553e-03 2.347293309867382050e-02 2.687081228941679001e-03 1.482450403273105621e-02 1.755100116133689880e-02 2.457599528133869171e-02 1.222207560203969479e-03 2.804153598845005035e-03 7.770024240016937256e-03 7.838194724172353745e-04 1.186474319547414780e-02 7.451662328094244003e-03 8.358740247786045074e-03 3.264742437750101089e-03 3.534546820446848869e-03 3.221144899725914001e-02 2.206756919622421265e-02 8.004887960851192474e-03 5.295093357563018799e-02 2.729631774127483368e-02 3.204232314601540565e-03 4.322381690144538879e-03 2.960121724754571915e-03 2.746868703979998827e-04 1.781930215656757355e-03 8.015174418687820435e-03 2.320533245801925659e-02 2.190762385725975037e-02 1.627947390079498291e-02 2.792373299598693848e-03 2.968880347907543182e-03 7.414728868752717972e-03 1.104685198515653610e-02 2.012439072132110596e-02 1.561207580380141735e-03 2.787028811872005463e-02 3.406497463583946228e-02 2.410030923783779144e-02 1.219135895371437073e-02 3.301660716533660889e-02 3.380305692553520203e-02 2.839784882962703705e-02 9.593218564987182617e-03 2.582210861146450043e-02 1.177660422399640083e-03 1.172419730573892593e-02 1.755126169882714748e-03 3.193289740011096001e-03 1.856104470789432526e-02 1.208818238228559494e-02 3.152861818671226501e-02 1.488509960472583771e-02 5.365002900362014771e-02 1.452873833477497101e-02 3.883196786046028137e-02 1.628238521516323090e-02 3.303410252556204796e-03 5.644307937473058701e-03 1.348188892006874084e-02 4.039674531668424606e-03 1.020054146647453308e-02 2.012072503566741943e-02 4.443137347698211670e-02 2.933546155691146851e-02 7.961328141391277313e-03 3.184704342857003212e-03 7.556203287094831467e-03 8.863088674843311310e-03 1.737979054450988770e-02 2.558444440364837646e-02 2.311497740447521210e-02 1.094312034547328949e-02 7.720452733337879181e-03 3.317762166261672974e-02 1.323242764919996262e-02 1.293386565521359444e-03 1.349143497645854950e-02 1.464035082608461380e-02 4.208846483379602432e-03 2.072644419968128204e-03 1.386504853144288063e-03 4.914344754070043564e-03 1.205384847708046436e-03 2.665166975930333138e-04 1.216118037700653076e-02 3.114308603107929230e-02 1.674334704875946045e-02 7.396171335130929947e-03 2.997589856386184692e-02 2.172887325286865234e-03 2.106737112626433372e-03 6.289870478212833405e-03 1.743814349174499512e-02 4.718605428934097290e-03 4.307827912271022797e-03 2.350574359297752380e-03
6.488628219813108444e-03 8.706195279955863953e-03 1.741796545684337616e-02 7.174719870090484619e-02 8.201600313186645508e-01 2.204842120409011841e-02 3.171292692422866821e-02 2.175612375140190125e-02 1.378594618290662766e-02 1.528528891503810883e-02 3.336906898766756058e-03 4.588647279888391495e-03 1.258604321628808975e-02 3.637101966887712479e-03 1.574596157297492027e-03 2.537759020924568176e-03 8.611239492893218994e-03 1.270533725619316101e-02 4.428384453058242798e-02 1.032553706318140030e-02 9.718338027596473694e-03 1.450011413544416428e-02 4.231706261634826660e-03 5.785736721009016037e-03 4.928005364490672946e-05 2.535099722445011139e-02 1.320534478873014450e-02 6.894119549542665482e-03 3.519491292536258698e-03 3.639772534370422363e-03 4.420154262334108353e-03 3.484596498310565948e-03 3.368776990100741386e-03 6.935615674592554569e-04 2.091570571064949036e-02 1.215763390064239502e-02 4.219005350023508072e-03 3.948239143937826157e-03 2.460740879178047180e-02 3.461587801575660706e-02 1.193345990031957626e-02 1.030711270868778229e-02 2.535642823204398155e-03 1.475212071090936661e-02 8.916358463466167450e-03 2.810769714415073395e-03 2.681091800332069397e-02 3.547188639640808105e-02 1.107029523700475693e-02 6.695027463138103485e-03 1.635560579597949982e-02 4.533011000603437424e-03 7.451451849192380905e-03 4.283779300749301910e-03 5.756650585681200027e-03 9.647013619542121887e-03 2.237314917147159576e-02 1.885038614273071289e-02 2.237666212022304535e-02 1.414039265364408493e-02 1.501407567411661148e-02 1.895467750728130341e-02 2.335369586944580078e-03 2.489405451342463493e-04 1.041095238178968430e-02 1.603171415627002716e-02 8.818329661153256893e-04 5.524971522390842438e-03 1.210936903953552246e-02 2.215460129082202911e-02 1.774279959499835968e-02 1.419494487345218658e-02 4.187894612550735474e-02 1.502678636461496353e-02 5.782212689518928528e-02 2.591632120311260223e-02 4.033281467854976654e-03 7.275691255927085876e-03 1.337574329227209091e-03 5.641802679747343063e-03 1.594346947968006134e-03 1.894553191959857941e-02 3.823466971516609192e-02 5.675795301795005798e-02 1.935970038175582886e-02 6.646955385804176331e-03 1.345010474324226379e-02 4.058533348143100739e-03 6.686478387564420700e-03 1.403256785124540329e-02 2.449456416070461273e-02 1.193261612206697464e-02 2.188189327716827393e-02 9.550009854137897491e-03 2.152309380471706390e-02 1.008656527847051620e-02 1.833054609596729279e-02 1.019148249179124832e-02 1.709228195250034332e-02 6.027379073202610016e-03 5.907014943659305573e-03 1.348808966577053070e-02 5.102499388158321381e-03 1.596282050013542175e-02 8.435157127678394318e-03 1.585579477250576019e-02 8.325353264808654785e-03 2.221062593162059784e-02 1.211112737655639648e-02 4.974466748535633087e-03 8.318027481436729431e-03 2.170908846892416477e-04 1.449449482606723905e-04 8.528539910912513733e-03 1.610335707664489746e-02 5.258604651317000389e-04
6.258130073547363281e-02 5.257549509406089783e-02 6.821927148848772049e-03 2.165363915264606476e-02 2.204842120409011841e-02 8.201600313186645508e-01 8.487754315137863159e-02 1.451976131647825241e-02 1.736064814031124115e-02 1.868156529963016510e-02 3.182988241314888000e-02 3.983769193291664124e-02 2.833859808743000031e-02 3.717065230011940002e-02 1.506978087127208710e-02 3.094832785427570343e-02 4.987503588199615479e-02 1.289276499301195145e-02 4.065732471644878387e-03 2.117401175200939178e-02 2.170111425220966339e-02 4.291493911296129227e-03 1.922397874295711517e-02 1.661072298884391785e-02 9.643491357564926147e-03 1.454877760261297226e-02 1.747921667993068695e-02 2.827338874340057373e-02 1.632535643875598907e-02 2.392170764505863190e-02 2.368328906595706940e-02 1.063456386327743530e-02 1.763392426073551178e-02 1.730317249894142151e-02 2.641637250781059265e-02 1.182339619845151901e-03 1.907289028167724609e-02 1.498900912702083588e-02 8.556164801120758057e-03 1.384588703513145447e-02 1.246519293636083603e-02 1.103658415377140045e-02 8.709091693162918091e-03 6.987077184021472931e-03 2.233575284481048584e-02 9.607928222976624966e-04 7.777117937803268433e-02 6.961464136838912964e-02 1.690866053104400635e-02 3.520579636096954346e-02 8.654018864035606384e-03 1.020435709506273270e-03 1.115733478218317032e-02 1.242983527481555939e-02 1.736691035330295563e-02 1.951632462441921234e-02 3.531034104526042938e-03 1.649241335690021515e-02 2.360990457236766815e-02 1.783009618520736694e-02 1.259184721857309341e-02 8.448187261819839478e-03 5.036620888859033585e-03 6.206468679010868073e-03 2.010692842304706573e-02 1.527934148907661438e-02 5.309073254466056824e-03 1.497878599911928177e-02 1.368979364633560181e-02 3.636592533439397812e-03 4.120714496821165085e-03 4.419042728841304779e-03 3.189122304320335388e-03 1.514248270541429520e-02 1.176795177161693573e-02 1.199921779334545135e-02 1.763885468244552612e-02 1.018352061510086060e-02 2.649703674251213670e-05 1.548279821872711182e-02 2.374885603785514832e-02 1.222832873463630676e-02 7.047666236758232117e-03 1.076243817806243896e-02 3.386731841601431370e-04 1.214749459177255630e-02 2.520925551652908325e-02 8.443082682788372040e-03 3.242586925625801086e-02 6.354161072522401810e-03 4.562781751155853271e-02 1.496469043195247650e-02 3.938392177224159241e-02 8.903247304260730743e-03 1.319888513535261154e-02 2.000673906877636909e-03 1.017087418586015701e-02 2.067711576819419861e-02 2.833977341651916504e-03 1.033822190947830677e-03 9.194574318826198578e-03 9.958943119272589684e-04 1.405439921654760838e-03 5.717505235224962234e-03 2.991976180055644363e-05 1.224337844178080559e-03 3.926619887351989746e-03 2.273655962198972702e-03 3.521218895912170410e-03 9.270121227018535137e-04 8.172667585313320160e-03 1.809738017618656158e-02 2.332391403615474701e-02 2.495288208592683077e-04 1.989979110658168793e-02 2.197432564571499825e-03
5.355462431907653809e-02 6.098533049225807190e-02 1.742282509803771973e-02 2.511935494840145111e-02 3.171292692422866821e-02 8.487754315137863159e-02 8.201600313186645508e-01 1.718997769057750702e-02 1.526270806789398193e-02 2.278970181941986084e-02 2.005194500088691711e-02 3.575460612773895264e-02 2.264629676938056946e-02 4.058926925063133240e-02 2.582302549853920937e-03 2.003340795636177063e-02 4.365487396717071533e-02 2.259699627757072449e-02 1.957541564479470253e-03 1.483545918017625809e-02 5.499399732798337936e-03 3.182351822033524513e-03 1.373994816094636917e-02 1.498126145452260971e-02 2.295307116582989693e-03 1.053914893418550491e-02 1.590973511338233948e-02 2.949883230030536652e-02 6.945667322725057602e-03 2.511883340775966644e-02 1.827464625239372253e-02 1.401101471856236458e-03 3.954162355512380600e-03 7.528919260948896408e-03 2.152985334396362305e-02 2.346419030800461769e-03 2.374013327062129974e-02 1.863219402730464935e-02 7.845983491279184818e-04 5.221750121563673019e-03 1.261524017900228500e-02 5.627945996820926666e-03 8.539007045328617096e-03 7.406966178677976131e-04 1.840155385434627533e-02 2.188692567870020866e-03 7.962798327207565308e-02 7.667019963264465332e-02 1.870856434106826782e-02 3.563949465751647949e-02 3.717449959367513657e-03 7.575066760182380676e-03 2.665692474693059921e-03 2.849760232493281364e-03 2.037231996655464172e-02 1.682011410593986511e-02 1.254498842172324657e-03 1.763310097157955170e-02 1.366757974028587341e-02 2.110406011343002319e-02 2.136981114745140076e-02 9.098880924284458160e-03 1.407529786229133606e-02 1.295882835984230042e-02 1.635243929922580719e-02 1.909978874027729034e-02 5.578006617724895477e-03 9.093725566344801337e-06 9.497693739831447601e-03 1.200812961906194687e-02 2.349053276702761650e-03 2.702291123569011688e-03 1.451715175062417984e-02 1.261627394706010818e-02 1.607351936399936676e-02 1.226241979748010635e-02 1.015823055058717728e-02 6.843553856015205383e-03 4.790029197465628386e-04 1.528935320675373077e-02 1.941721513867378235e-02 7.057613693177700043e-03 1.851038448512554169e-02 1.310911774635314941e-02 2.053922275081276894e-03 1.082831248641014099e-02 9.964595548808574677e-03 3.295985050499439240e-03 3.061417490243911743e-02 9.151552803814411163e-03 4.449181631207466125e-02 9.188413387164473534e-04 3.879855573177337646e-02 1.795811019837856293e-02 3.038543835282325745e-02 8.995949290692806244e-03 5.110163241624832153e-03 1.348846126347780228e-02 2.193187829107046127e-03 1.196552533656358719e-02 2.588416263461112976e-02 1.727877929806709290e-02 4.835424479097127914e-03 2.752583706751465797e-03 5.697965621948242188e-03 3.357015782967209816e-03 1.796061545610427856e-02 3.918293863534927368e-03 5.905982106924057007e-03 4.647659603506326675e-03 4.473229870200157166e-03 1.355287898331880569e-02 9.080613031983375549e-03 1.254594326019287109e-02 5.700371693819761276e-03 7.619752082973718643e-03
5.653704982250928879e-03 8.710700087249279022e-03 4.658087715506553650e-02 8.775816299021244049e-03 2.175612375140190125e-02 1.451976131647825241e-02 1.718997769057750702e-02 8.201600313186645508e-01 7.031699176877737045e-03 1.750560663640499115e-02 1.114227902144193649e-02 2.170755760744214058e-05 1.749754324555397034e-02 2.589447831269353628e-04 5.133958533406257629e-02 5.404971074312925339e-03 9.735575877130031586e-03 2.623702213168144226e-02 2.941038459539413452e-02 2.480446919798851013e-02 1.806622254662215710e-03 2.064335159957408905e-02 3.365258127450942993e-02 1.408970169723033905e-02 7.098811678588390350e-03 1.031149830669164658e-02 1.203921344131231308e-02 1.407238095998764038e-02 1.553166471421718597e-02 1.986772939562797546e-02 2.781501971185207367e-02 2.932647615671157837e-02 2.572337398305535316e-03 1.168510969728231430e-02 5.494439043104648590e-03 3.770468384027481079e-02 2.625053189694881439e-02 1.893216930329799652e-02 5.949217826128005981e-03 1.564245112240314484e-02 1.439635641872882843e-02 1.988247781991958618e-02 1.821300387382507324e-02 3.162568667903542519e-03 2.766580088064074516e-03 1.203562784940004349e-02 2.055318467319011688e-02 5.361585877835750580e-03 1.320610009133815765e-02 1.416988670825958252e-02 3.226901171728968620e-03 1.976851187646389008e-02 1.600559987127780914e-02 7.031718268990516663e-03 1.262127794325351715e-02 2.064538188278675079e-02 4.790086764842271805e-03 3.429388627409934998e-03 2.929491223767399788e-03 1.794366049580276012e-03 1.496365480124950409e-02 1.311048213392496109e-02 8.233189582824707031e-03 3.235013410449028015e-02 4.169072955846786499e-03 1.748606935143470764e-02 2.404357120394706726e-02 1.013925205916166306e-02 3.524448489770293236e-03 7.553745526820421219e-04 1.136402133852243423e-03 1.457376778125762939e-02 5.235697142779827118e-03 1.037620939314365387e-02 2.051557094091549516e-04 1.217027008533477783e-02 1.134738046675920486e-02 6.265573902055621147e-04 9.169533848762512207e-03 1.527913752943277359e-02 5.068954452872276306e-02 3.833611682057380676e-02 1.809329539537429810e-02 9.161320514976978302e-03 2.136406116187572479e-02 1.400726381689310074e-02 3.759000450372695923e-02 1.708554662764072418e-02 1.665892079472541809e-02 8.484665304422378540e-03 1.031936332583427429e-02 1.846579462289810181e-02 1.098205335438251495e-03 1.983615010976791382e-02 7.515950594097375870e-03 1.204202044755220413e-02 1.669648848474025726e-02 2.078392915427684784e-02 3.910639882087707520e-02 2.850648388266563416e-02 2.153813838958740234e-02 1.478271279484033585e-02 1.546529773622751236e-02 1.201554667204618454e-02 1.818586327135562897e-02 6.370810326188802719e-03 2.145710214972496033e-02 5.145262461155653000e-03 4.094227624591439962e-04 2.247152291238307953e-02 3.757306607440114021e-03 8.347065187990665436e-03 1.849934831261634827e-02 1.631212979555130005e-02 3.817930817604064941e-03 2.345674298703670502e-02
1.381873805075883865e-02 1.140447333455085754e-02 1.313292328268289566e-02 4.564761649817228317e-03 1.378594618290662766e-02 1.736064814031124115e-02 1.526270806789398193e-02 7.031699176877737045e-03 8.201600313186645508e-01 3.497787564992904663e-02 9.220758453011512756e-03 1.565547659993171692e-02 7.769993506371974945e-03 1.215718407183885574e-02 9.965087287127971649e-03 3.177149966359138489e-02 3.961716964840888977e-02 3.076431900262832642e-02 2.211567759513854980e-02 2.420649863779544830e-02 1.593097113072872162e-02 2.227360755205154419e-02 1.740630343556404114e-02 3.395533561706542969e-02 5.647489335387945175e-03 2.193435467779636383e-02 2.839440107345581055e-02 9.607633575797080994e-03 2.978048287332057953e-03 1.744297519326210022e-02 1.276373630389571190e-03 3.912587650120258331e-03 1.162783242762088776e-02 9.273852221667766571e-03 3.341944888234138489e-03 3.540544956922531128e-02 3.459675982594490051e-02 1.090985070914030075e-02 1.148132607340812683e-02 1.052964758127927780e-02 2.564530633389949799e-02 1.039958372712135315e-02 1.224154699593782425e-02 1.646082848310470581e-02 3.333580866456031799e-02 2.850726991891860962e-02 1.902213320136070251e-02 2.671820856630802155e-02 2.602529339492321014e-02 9.251825511455535889e-03 2.559161745011806488e-02 1.692338287830352783e-02 2.122766152024269104e-02 4.813387524336576462e-03 4.879315197467803955e-02 1.321123447269201279e-02 3.764722496271133423e-04 1.487688254565000534e-02 6.016390398144721985e-03 4.532076418399810791e-03 2.746095508337020874e-02 2.085196040570735931e-02 1.348400395363569260e-02 4.089310765266418457e-03 7.831622846424579620e-03 1.670330204069614410e-02 2.326695807278156281e-02 2.397057972848415375e-02 5.157919228076934814e-02 3.190702944993972778e-02 3.193583339452743530e-02 1.712142676115036011e-02 8.948327042162418365e-03 1.077426411211490631e-02 9.197898209095001221e-03 2.048911713063716888e-02 5.015728250145912170e-02 3.214570134878158569e-02 2.102683484554290771e-02 2.331675402820110321e-02 1.684623770415782928e-02 2.090296521782875061e-02 2.522741258144378662e-02 1.135215535759925842e-02 8.637175895273685455e-03 6.922471337020397186e-03 6.207359489053487778e-03 8.850793354213237762e-03 2.923188440036028624e-04 2.194069139659404755e-02 1.118610613048076630e-02 2.691830135881900787e-02 2.851920202374458313e-02 1.785480976104736328e-02 1.060118619352579117e-02 1.584168337285518646e-02 9.090241044759750366e-03 1.931317523121833801e-02 2.321835607290267944e-02 1.183215901255607605e-02 1.035169512033462524e-02 6.814301013946533203e-03 1.916457340121269226e-02 2.064078487455844879e-02 8.996987598948180676e-04 5.099304020404815674e-03 1.660639233887195587e-02 7.312786299735307693e-03 2.554015256464481354e-02 2.999700978398323059e-02 3.244404494762420654e-02 2.707896195352077484e-02 1.063491869717836380e-02 1.740264007821679115e-03 2.615396119654178619e-02 2.496472746133804321e-02
1.757895015180110931e-02 1.283060945570468903e-02 2.484387531876564026e-02 3.635946428403258324e-03 1.528528891503810883e-02 1.868156529963016510e-02 2.278970181941986084e-02 1.750560663640499115e-02 3.497787564992904663e-02 8.201600313186645508e-01 1.285808905959129333e-02 3.887895960360765457e-03 1.972635276615619659e-02 1.517007779330015182e-02 9.117078152485191822e-04 1.941819558851420879e-03 1.241031754761934280e-02 1.514530181884765625e-02 4.511167481541633606e-02 2.287260070443153381e-02 1.972723379731178284e-02 1.306279376149177551e-02 1.066091656684875488e-02 2.716901339590549469e-02 1.041333097964525223e-02 1.073285844177007675e-02 4.763463884592056274e-02 8.098255493678152561e-04 1.465756818652153015e-02 4.170077852904796600e-03 1.400976534932851791e-02 1.061380095779895782e-02 1.107320655137300491e-03 1.395587902516126633e-02 1.375853433273732662e-03 1.938692107796669006e-02 2.267361432313919067e-02 3.202447667717933655e-02 5.502433516085147858e-03 1.333396183326840401e-03 3.739310055971145630e-02 3.735533100552856922e-04 2.224766649305820465e-02 2.911856397986412048e-02 2.657968737185001373e-02 4.175771027803421021e-02 2.752481587231159210e-02 1.691329665482044220e-02 2.695173583924770355e-02 3.513449802994728088e-02 1.451559737324714661e-02 1.157961599528789520e-02 3.082997351884841919e-02 5.623690783977508545e-03 3.124596737325191498e-02 4.234938696026802063e-02 1.073515135794878006e-02 2.057744376361370087e-02 6.993379909545183182e-03 2.046501962468028069e-03 2.278394624590873718e-02 2.924278192222118378e-02 1.160639431327581406e-02 8.918935433030128479e-03 1.182782277464866638e-02 1.335202716290950775e-02 1.557134184986352921e-02 2.136797457933425903e-02 3.496794402599334717e-02 3.951295837759971619e-02 4.340178892016410828e-02 2.205021306872367859e-02 8.010174147784709930e-03 4.420347511768341064e-02 1.796540431678295135e-02 3.514824062585830688e-02 1.416695024818181992e-02 4.813155159354209900e-02 3.682677075266838074e-02 5.234516412019729614e-02 6.025341339409351349e-03 1.145035680383443832e-02 1.076995674520730972e-02 3.540586680173873901e-02 1.153178233653306961e-02 1.523127872496843338e-02 9.799533290788531303e-04 7.608288899064064026e-03 9.412571089342236519e-04 4.471501335501670837e-02 1.710542477667331696e-02 1.483784988522529602e-02 1.358777470886707306e-02 1.363671198487281799e-02 1.368404738605022430e-02 9.996397420763969421e-03 2.860395796597003937e-02 3.183373808860778809e-02 1.360544376075267792e-02 2.064491622149944305e-02 1.174514275044202805e-02 4.756549838930368423e-03 1.560686808079481125e-02 2.616677619516849518e-02 2.770351432263851166e-02 3.022972960025072098e-03 8.870669640600681305e-03 3.535745665431022644e-03 3.522783517837524414e-03 2.259386703372001648e-02 2.688765339553356171e-02 2.488450706005096436e-02 1.048880908638238907e-02 1.404712069779634476e-02 3.507208079099655151e-03 2.177345566451549530e-02
6.748590618371963501e-02 3.003461472690105438e-02 1.028841943480074406e-03 4.884471651166677475e-03 3.336906898766756058e-03 3.182988241314888000e-02 2.005194500088691711e-02 1.114227902144193649e-02 9.220758453011512756e-03 1.285808905959129333e-02 8.201600313186645508e-01 1.171918865293264389e-02 7.054068148136138916e-02 7.372845429927110672e-03 1.351395994424819946e-02 3.283452987670898438e-02 2.861827984452247620e-02 1.639264449477195740e-02 6.294529419392347336e-03 1.153805200010538101e-02 4.912884905934333801e-03 1.280416548252105713e-02 1.892866939306259155e-02 1.886629499495029449e-02 1.062074396759271622e-02 4.923506174236536026e-03 1.113183889538049698e-02 2.019382268190383911e-02 4.779464751482009888e-02 9.268777444958686829e-03 4.672538116574287415e-02 1.934914663434028625e-02 2.803139388561248779e-02 9.283858351409435272e-03 1.756179891526699066e-02 1.636651717126369476e-02 5.649566184729337692e-03 2.159837819635868073e-02 1.862195506691932678e-02 2.173978090286254883e-02 6.605567876249551773e-03 8.967666886746883392e-03 3.750629257410764694e-03 7.105658762156963348e-03 4.398908349685370922e-04 8.283535018563270569e-03 4.227608442306518555e-02 2.855473756790161133e-02 2.258442528545856476e-02 4.080437868833541870e-02 6.531338207423686981e-03 7.216812227852642536e-04 1.639556512236595154e-02 4.362703301012516022e-03 6.015146500431001186e-04 2.071935497224330902e-02 1.992304623126983643e-02 1.779611967504024506e-02 1.884669065475463867e-02 4.327857401221990585e-03 7.198621053248643875e-03 1.492812391370534897e-02 1.260169036686420441e-02 7.139441091567277908e-03 5.094027891755104065e-02 4.436977580189704895e-02 1.062308344990015030e-02 1.909432117827236652e-03 9.512355551123619080e-03 1.565878163091838360e-03 9.001349098980426788e-03 7.329909596592187881e-03 2.547083795070648193e-02 1.050670538097620010e-02 1.793638803064823151e-02 7.237178739160299301e-03 1.804758049547672272e-02 8.396343328058719635e-03 7.420029956847429276e-03 3.214530646800994873e-02 2.920531260315328836e-04 6.598168518394231796e-03 2.397122979164123535e-02 7.049866253510117531e-04 3.552743233740329742e-03 2.789036370813846588e-02 2.513150498270988464e-02 8.344951085746288300e-03 4.084109677933156490e-04 2.560494095087051392e-02 5.012885853648185730e-02 4.996133223176002502e-02 4.582898691296577454e-02 2.509166300296783447e-02 1.273382641375064850e-02 2.677605487406253815e-03 2.798146335408091545e-03 1.429389882832765579e-02 2.962907310575246811e-03 1.474012900143861771e-02 2.460818178951740265e-02 7.272662594914436340e-03 3.251629648730158806e-03 4.305773414671421051e-03 1.729661040008068085e-02 7.321917917579412460e-03 2.045125700533390045e-02 6.615626625716686249e-03 7.418350782245397568e-03 3.813165007159113884e-03 9.864700958132743835e-03 4.563541151583194733e-03 3.957791253924369812e-03 3.949909005314111710e-03 1.425702963024377823e-02 3.260344965383410454e-04
2.604361064732074738e-02 9.222622029483318329e-03 2.165383100509643555e-02 2.058146148920059204e-02 4.588647279888391495e-03 3.983769193291664124e-02 3.575460612773895264e-02 2.170755760744214058e-05 1.565547659993171692e-02 3.887895960360765457e-03 1.171918865293264389e-02 8.201600313186645508e-01 5.073126871138811111e-03 7.007093727588653564e-02 1.711044460535049438e-02 2.609602175652980804e-02 3.301023691892623901e-02 1.512212213128805161e-03 8.002885617315769196e-03 8.975039236247539520e-03 1.405534055083990097e-02 1.322272885590791702e-02 3.802752867341041565e-02 2.359393797814846039e-02 1.511543709784746170e-02 1.326140481978654861e-02 2.617192920297384262e-03 5.579503625631332397e-02 3.122926689684391022e-02 5.603019148111343384e-02 2.900390885770320892e-02 1.483091246336698532e-02 1.188096776604652405e-02 1.095510739833116531e-02 1.287315855734050274e-03 6.445886567234992981e-03 2.890184056013822556e-03 1.055368036031723022e-02 3.661686554551124573e-02 1.735790446400642395e-02 1.109954062849283218e-02 9.489456191658973694e-03 2.720577828586101532e-02 6.344295572489500046e-03 3.250876441597938538e-02 2.752964943647384644e-02 2.535945735871791840e-02 2.299207448959350586e-02 2.066151611506938934e-02 2.259499393403530121e-02 3.455544263124465942e-02 2.495760098099708557e-02 2.273685485124588013e-02 2.707787416875362396e-02 1.897133700549602509e-02 5.206353496760129929e-03 3.205396234989166260e-02 3.050536476075649261e-02 2.922447025775909424e-02 3.217258676886558533e-02 6.593428552150726318e-03 1.597057096660137177e-02 2.089864388108253479e-02 9.453696198761463165e-03 1.979468576610088348e-02 6.264578085392713547e-03 5.935666617006063461e-03 1.144086197018623352e-02 3.056986257433891296e-02 1.719041541218757629e-02 2.612085267901420593e-02 2.242277935147285461e-02 3.911963850259780884e-02 1.363668416161090136e-04 3.127475455403327942e-02 7.927872240543365479e-03 3.100237436592578888e-02 2.851816825568675995e-02 6.153453141450881958e-03 2.052135067060589790e-03 3.460523672401905060e-03 1.628043502569198608e-02 1.680878363549709320e-02 1.451101899147033691e-02 1.653171703219413757e-02 1.801269128918647766e-03 2.197495661675930023e-02 7.425001356750726700e-03 4.919755086302757263e-02 3.245586156845092773e-02 1.807906664907932281e-02 5.265017971396446228e-03 1.812619902193546295e-02 1.862222515046596527e-02 2.333948621526360512e-03 3.136853687465190887e-03 2.087875828146934509e-02 2.027854137122631073e-02 8.941444568336009979e-03 1.601749099791049957e-03 6.448628380894660950e-03 1.015326008200645447e-02 1.945586991496384144e-03 2.200766932219266891e-03 1.380707882344722748e-02 1.115796901285648346e-02 3.359422553330659866e-03 2.359595615416765213e-03 1.338970847427845001e-02 1.804488152265548706e-02 1.395941339433193207e-02 2.394917048513889313e-02 1.430494990199804306e-02 2.885994315147399902e-02 1.274440158158540726e-02 3.533977083861827850e-03
6.095591187477111816e-02 5.719501152634620667e-02 2.049396932125091553e-02 2.193655818700790405e-02 1.258604321628808975e-02 2.833859808743000031e-02 2.264629676938056946e-02 1.749754324555397034e-02 7.769993506371974945e-03 1.972635276615619659e-02 7.054068148136138916e-02 5.073126871138811111e-03 8.201600313186645508e-01 1.668301294557750225e-03 2.077930979430675507e-02 2.310441806912422180e-02 1.620236039161682129e-02 6.238433998078107834e-03 2.192302979528903961e-02 4.268662072718143463e-03 9.211291559040546417e-03 1.686375774443149567e-02 1.187101751565933228e-02 7.488829549401998520e-03 3.344409866258502007e-03 7.877874188125133514e-03 1.883118972182273865e-02 1.693502627313137054e-02 4.129113256931304932e-02 6.513938307762145996e-03 4.220530763268470764e-02 1.120122242718935013e-02 8.725846186280250549e-03 1.798577979207038879e-02 4.881604982074350119e-04 2.930698357522487640e-02 1.153926551342010498e-02 2.887696027755737305e-02 8.380596525967121124e-03 4.544933908618986607e-04 1.543638855218887329e-02 3.300896380096673965e-03 2.458554925397038460e-03 2.317137271165847778e-02 4.078542988281697035e-04 1.522969827055931091e-02 4.763195663690567017e-02 3.571705892682075500e-02 1.761179231107234955e-02 3.885646909475326538e-02 1.105101127177476883e-02 2.074129646643996239e-03 1.764444261789321899e-02 9.723021648824214935e-03 3.053814405575394630e-03 2.291752584278583527e-02 1.904298365116119385e-02 1.146871782839298248e-02 1.102839130908250809e-02 1.126717496663331985e-02 6.916539277881383896e-03 2.006389945745468140e-02 1.205870881676673889e-02 1.881331671029329300e-03 3.331900760531425476e-02 3.704793006181716919e-02 5.561773665249347687e-03 6.100761238485574722e-03 4.540166351944208145e-03 1.311904937028884888e-02 1.947828009724617004e-02 3.503298794385045767e-04 1.892044954001903534e-02 2.117914706468582153e-02 1.222518179565668106e-02 1.070350408554077148e-02 1.601182110607624054e-02 2.456214046105742455e-03 1.580508984625339508e-02 3.681015595793724060e-02 8.034341968595981598e-03 9.346176870167255402e-03 1.790306903421878815e-02 1.188160479068756104e-02 3.275029361248016357e-03 3.041641972959041595e-02 1.906994543969631195e-02 1.877218298614025116e-02 1.215830072760581970e-02 3.076854906976222992e-02 4.892858117818832397e-02 1.687450148165225983e-02 4.487598314881324768e-02 2.335919998586177826e-02 2.442529657855629921e-03 9.917474817484617233e-04 5.709297489374876022e-03 1.527659688144922256e-02 7.171453908085823059e-03 7.094800006598234177e-03 1.470076013356447220e-02 1.662619062699377537e-03 7.466086652129888535e-03 4.566413350403308868e-03 1.518138591200113297e-02 1.103534922003746033e-02 7.399010937660932541e-03 4.707733460236340761e-04 1.103684864938259125e-02 1.876958878710865974e-03 1.375687401741743088e-02 5.117133725434541702e-03 8.083306252956390381e-03 5.558363627642393112e-03 1.767267286777496338e-02 8.875956991687417030e-04
