8.217925429344177246e-01 4.135283082723617554e-02 6.285097915679216385e-03 7.104370743036270142e-04 2.639600820839405060e-02 4.367372393608093262e-02 2.851020917296409607e-02 8.600194007158279419e-03 2.380657708272337914e-03 9.859977290034294128e-03 5.344358459115028381e-02 2.084659226238727570e-02 3.471168130636215210e-02 1.870642788708209991e-02 5.120196845382452011e-03 2.524665184319019318e-02 2.382552064955234528e-02 1.166264433413743973e-02 3.515977179631590843e-03 1.445103436708450317e-02 1.721332408487796783e-02 9.559931233525276184e-03 3.007188024639617652e-05 2.363289706408977509e-02 1.551006361842155457e-02 2.029532752931118011e-02 9.540881961584091187e-03 7.956388406455516815e-03 2.226689364761114120e-03 1.886976137757301331e-02 2.090723253786563873e-03 1.360655110329389572e-02 2.799803391098976135e-03 3.025790490210056305e-02 4.888632800430059433e-03 1.634569372981786728e-03 1.262577902525663376e-02 1.581998355686664581e-02 2.302819164469838142e-03 1.008273381739854813e-02 1.045783516019582748e-02 2.276032790541648865e-02 3.057315386831760406e-02 1.628001779317855835e-02 1.094253454357385635e-02 3.047033213078975677e-02 4.832875356078147888e-02 3.613293543457984924e-02 1.877930387854576111e-02 9.534585406072437763e-04 3.743596002459526062e-02 3.784102573990821838e-02 3.943326883018016815e-03 2.374433539807796478e-02 1.257499400526285172e-02 1.106289029121398926e-02 9.355029091238975525e-03 7.700457703322172165e-03 5.067436955869197845e-03 6.975802825763821602e-04 2.767449989914894104e-02 1.765081658959388733e-02 2.006633876590058208e-04 1.135012693703174591e-02 1.542785298079252243e-02 2.913363464176654816e-02 1.079392526298761368e-02 1.023843325674533844e-02 5.612002569250762463e-04 7.603691425174474716e-03 2.475412189960479736e-02 1.412749104201793671e-02 1.438990607857704163e-02 7.418887689709663391e-03 1.888403110206127167e-02 4.468735773116350174e-03 2.285010879859328270e-03 7.067245431244373322e-03 2.157061174511909485e-02 1.353572029620409012e-02 7.605974562466144562e-03 6.163462996482849121e-03 2.373769134283065796e-02 1.746184937655925751e-02 2.479898184537887573e-02 1.883591874502599239e-03 1.914501935243606567e-02 2.535025775432586670e-02 1.542185805737972260e-02 2.538597444072365761e-03 6.834500469267368317e-03 2.369572035968303680e-02 2.786895493045449257e-03 2.285153791308403015e-02 8.664472843520343304e-04 9.232641197741031647e-03 2.969984523952007294e-02 1.071234419941902161e-02 2.165461145341396332e-02 1.001420058310031891e-02 1.319058239459991455e-02 5.452340468764305115e-03 1.824599690735340118e-02 1.148004364222288132e-02 1.992616988718509674e-02 1.387099642306566238e-02 9.862462058663368225e-03 2.599036134779453278e-02 1.267192536033689976e-03 1.747407205402851105e-02 3.143751621246337891e-02 6.670205853879451752e-03 2.669507637619972229e-02 2.917408384382724762e-02 3.801910206675529480e-02 2.562391944229602814e-02
4.135283082723617554e-02 8.217925429344177246e-01 1.495372038334608078e-02 2.194379083812236786e-02 1.757936924695968628e-02 6.296181678771972656e-02 5.198465287685394287e-02 4.564524162560701370e-03 1.760195381939411163e-02 1.120191439986228943e-02 1.989216543734073639e-02 3.682714700698852539e-02 5.800537765026092529e-02 1.686038449406623840e-02 9.559173136949539185e-03 2.525880699977278709e-03 4.972772672772407532e-03 1.260775513947010040e-02 1.317596621811389923e-02 3.685024334117770195e-03 2.357761934399604797e-02 2.823107875883579254e-02 1.131417579017579556e-03 2.430823445320129395e-02 5.649865139275789261e-03 1.003031153231859207e-02 9.775836952030658722e-03 1.837910385802388191e-03 2.550921030342578888e-02 9.857839904725551605e-03 1.812795759178698063e-03 5.489897448569536209e-03 2.374968305230140686e-02 1.052751019597053528e-02 9.247873909771442413e-03 2.801289968192577362e-02 1.103360950946807861e-02 7.148130331188440323e-03 4.855675157159566879e-03 2.872989699244499207e-02 9.889639914035797119e-03 8.667197078466415405e-03 3.229618305340409279e-03 1.334714051336050034e-02 2.054855786263942719e-02 3.217535093426704407e-02 3.866651654243469238e-02 3.309561405330896378e-03 7.344778161495923996e-03 6.820261944085359573e-03 8.870534598827362061e-03 6.749993655830621719e-03 3.467782400548458099e-03 2.603556495159864426e-03 1.105521060526371002e-02 8.225554483942687511e-04 1.212927047163248062e-02 2.587341587059199810e-04 4.403088707476854324e-03 2.194640040397644043e-02 1.391774974763393402e-02 7.816575234755873680e-04 1.679186336696147919e-02 1.535673346370458603e-02 3.767056856304407120e-03 2.178727462887763977e-02 1.587824150919914246e-02 2.667616866528987885e-02 2.543507609516382217e-03 5.745150614529848099e-03 3.627615515142679214e-04 1.924164965748786926e-02 7.800995837897062302e-03 1.058035809546709061e-02 4.797640256583690643e-03 9.213130921125411987e-03 2.443494275212287903e-02 2.240803558379411697e-03 1.690228655934333801e-02 2.273692749440670013e-02 4.083612468093633652e-03 6.684586405754089355e-03 1.157452468760311604e-03 8.855824358761310577e-03 1.879023620858788490e-03 3.758193692192435265e-03 8.403494022786617279e-03 2.694465965032577515e-02 6.396948359906673431e-03 1.301557384431362152e-02 2.976696379482746124e-02 1.196336932480335236e-02 1.063425187021493912e-02 1.783949136734008789e-02 2.016904065385460854e-03 7.353658322244882584e-03 8.129752241075038910e-04 1.706814393401145935e-02 6.191951688379049301e-03 1.707188598811626434e-02 6.212097126990556717e-03 1.424373360350728035e-03 3.161261230707168579e-02 4.068782180547714233e-02 9.908274478220846504e-06 1.954809203743934631e-02 2.438228810206055641e-03 2.641329728066921234e-02 1.961165294051170349e-02 2.335827797651290894e-02 8.548809215426445007e-03 2.758859097957611084e-02 1.533401757478713989e-02 6.934361532330513000e-03 2.335136383771896362e-02 2.574670128524303436e-02
6.285097915679216385e-03 1.495372038334608078e-02 8.217925429344177246e-01 1.889413967728614807e-02 3.101798705756664276e-03 3.304630285128951073e-03 8.620986714959144592e-03 7.192745059728622437e-02 3.747092559933662415e-02 7.443399517796933651e-04 1.547270268201828003e-02 2.101564779877662659e-02 8.874759078025817871e-03 1.825795695185661316e-02 2.549806609749794006e-02 6.804157979786396027e-03 4.807841032743453979e-03 2.268984215334057808e-03 8.333029225468635559e-03 1.356586627662181854e-02 1.979852095246315002e-02 4.124944657087326050e-02 1.393278129398822784e-02 2.789939055219292641e-03 8.665275759994983673e-03 1.995699852705001831e-02 2.581584267318248749e-02 5.100436508655548096e-03 3.043998964130878448e-03 1.732357544824481010e-03 3.818061668425798416e-03 1.878218539059162140e-02 2.856839913874864578e-03 4.622334614396095276e-03 2.036659978330135345e-03 1.932265609502792358e-02 1.276763738133013248e-03 1.862888224422931671e-02 1.743101701140403748e-02 2.829816192388534546e-02 2.041494473814964294e-02 1.228291424922645092e-03 1.255074050277471542e-02 1.951974444091320038e-02 2.655535377562046051e-02 1.525526773184537888e-02 7.156538777053356171e-03 2.735478105023503304e-03 5.289852619171142578e-03 1.179643999785184860e-02 1.261765020899474621e-03 1.530006341636180878e-02 2.222654223442077637e-02 1.914780214428901672e-02 2.301639504730701447e-02 1.225007511675357819e-02 1.762578077614307404e-02 1.122194528579711914e-02 2.110993117094039917e-02 1.596651040017604828e-03 6.460810545831918716e-03 4.513319581747055054e-03 1.391705311834812164e-02 7.626908831298351288e-03 1.467681117355823517e-02 2.956408634781837463e-02 6.256680004298686981e-03 4.340843763202428818e-03 1.017046254128217697e-02 1.696943305432796478e-02 1.596375927329063416e-02 1.550042908638715744e-02 9.059386211447417736e-04 9.283960796892642975e-03 6.050649681128561497e-04 6.585089955478906631e-03 2.731152437627315521e-02 9.654738940298557281e-03 1.119459141045808792e-02 1.390025857836008072e-02 1.798198185861110687e-02 1.927241869270801544e-02 8.341175504028797150e-03 5.420845001935958862e-03 1.973718032240867615e-02 4.762469325214624405e-03 1.279182173311710358e-02 2.098220773041248322e-02 1.941790059208869934e-02 1.594471931457519531e-02 1.863576122559607029e-03 1.649135164916515350e-02 2.266874350607395172e-02 1.479066442698240280e-02 1.466499548405408859e-02 2.132020518183708191e-02 1.064720191061496735e-02 7.837762124836444855e-03 1.689788699150085449e-02 1.111266668885946274e-03 2.172339521348476410e-02 3.311688080430030823e-02 2.362262271344661713e-02 3.319710958749055862e-03 1.379740331321954727e-02 1.274488866329193115e-02 1.185676921159029007e-02 3.796945139765739441e-02 2.979656448587775230e-03 1.929683424532413483e-02 1.923266798257827759e-02 6.789504550397396088e-03 5.785592366009950638e-03 1.170908939093351364e-02 3.761874139308929443e-02 1.712810131721198559e-03
7.104370743036270142e-04 2.194379083812236786e-02 1.889413967728614807e-02 8.217925429344177246e-01 1.006242446601390839e-02 1.548558939248323441e-02 1.399242505431175232e-02 4.808459430932998657e-03 2.660079859197139740e-02 5.899284966289997101e-03 3.627261146903038025e-03 1.392569858580827713e-02 8.207255974411964417e-03 1.980836037546396255e-03 5.585638806223869324e-03 2.575234696269035339e-02 2.071931585669517517e-02 4.142449423670768738e-02 2.962405234575271606e-02 2.130630984902381897e-02 1.437474973499774933e-02 1.176426187157630920e-02 3.620538860559463501e-03 6.441392004489898682e-03 8.294894360005855560e-03 1.154312863945960999e-03 1.250529848039150238e-02 5.973677616566419601e-03 2.317508310079574585e-02 5.778711754828691483e-03 1.083717402070760727e-02 1.811977941542863846e-03 2.690782956779003143e-02 6.609556730836629868e-03 3.566066175699234009e-02 2.498607151210308075e-02 2.360580489039421082e-02 1.149999443441629410e-02 3.193719685077667236e-02 1.068291440606117249e-02 2.005342766642570496e-02 1.780114881694316864e-02 1.467181462794542313e-02 2.517179585993289948e-02 2.013570861890912056e-03 1.095204614102840424e-03 1.073428336530923843e-02 3.215892612934112549e-02 2.748706610873341560e-03 1.526489667594432831e-02 1.138702966272830963e-02 2.612143056467175484e-03 1.936334185302257538e-02 1.646527647972106934e-02 7.327024359256029129e-03 1.794594526290893555e-02 1.585545367561280727e-03 2.196701942011713982e-03 8.587562479078769684e-03 1.650199294090270996e-02 2.422012202441692352e-02 7.118918467313051224e-03 2.202729135751724243e-02 2.890617400407791138e-02 3.162621706724166870e-02 1.087124925106763840e-02 1.081812102347612381e-02 1.525492873042821884e-02 9.303664788603782654e-03 2.137582749128341675e-02 4.648278933018445969e-03 1.134783774614334106e-02 7.092157006263732910e-02 2.391920052468776703e-02 3.718607127666473389e-02 8.119460195302963257e-03 1.318432204425334930e-02 7.007858250290155411e-03 1.711108954623341560e-03 1.518874708563089371e-02 2.643793262541294098e-02 2.893093787133693695e-02 2.731489576399326324e-02 1.404687482863664627e-02 1.268417946994304657e-02 9.665950201451778412e-03 2.693661861121654510e-02 5.901839118450880051e-03 4.342867992818355560e-03 9.770456701517105103e-03 1.616478897631168365e-02 1.739442162215709686e-02 2.971332892775535583e-02 3.597143804654479027e-03 1.773368567228317261e-02 1.422515511512756348e-02 1.304801646620035172e-02 9.547821246087551117e-03 5.347336176782846451e-03 1.232815533876419067e-02 3.923845943063497543e-03 8.735470473766326904e-03 3.175376448780298233e-03 1.656701974570751190e-02 2.433702163398265839e-02 8.757698349654674530e-03 4.465306177735328674e-03 1.332984538748860359e-03 1.069989986717700958e-02 2.679671393707394600e-03 1.058658468537032604e-03 6.133582908660173416e-03 2.523007616400718689e-02 2.006482332944869995e-02 4.362048953771591187e-02 4.770049825310707092e-03
2.639600820839405060e-02 1.757936924695968628e-02 3.101798705756664276e-03 1.006242446601390839e-02 8.217925429344177246e-01 1.345515833236277103e-03 9.052189067006111145e-03 7.372505497187376022e-03 7.417658809572458267e-03 1.150502357631921768e-02 6.154796574264764786e-04 6.813528016209602356e-04 4.556254018098115921e-03 1.287433691322803497e-02 2.098152413964271545e-02 2.417312376201152802e-02 2.594127878546714783e-02 1.884277351200580597e-02 3.699707612395286560e-02 7.068042177706956863e-03 1.989691331982612610e-02 7.158074527978897095e-03 3.127234755083918571e-03 2.305968850851058960e-02 1.024908199906349182e-02 2.125924825668334961e-02 1.809008233249187469e-02 3.653653431683778763e-03 3.940972674172371626e-04 8.774970658123493195e-03 1.141159702092409134e-02 1.010585017502307892e-02 1.530939061194658279e-02 1.998685672879219055e-02 1.273014768958091736e-02 6.102434825152158737e-03 1.384713593870401382e-02 3.639444475993514061e-03 1.767522841691970825e-02 6.001130491495132446e-02 1.267176214605569839e-02 9.448705241084098816e-03 1.610538922250270844e-02 2.738495916128158569e-02 2.336271852254867554e-02 3.855549171566963196e-02 2.394452877342700958e-02 1.468355953693389893e-02 8.342764340341091156e-03 7.572447881102561951e-03 2.176128327846527100e-02 2.318349480628967285e-02 6.301316432654857635e-03 5.485890898853540421e-03 7.472852710634469986e-03 8.792399428784847260e-03 5.493703065440058708e-04 5.562204867601394653e-03 6.869053933769464493e-03 4.712461959570646286e-03 3.420073911547660828e-02 1.055015902966260910e-02 7.483259774744510651e-03 2.493490464985370636e-03 1.673488528467714787e-03 1.067537721246480942e-02 1.101775653660297394e-02 1.146166678518056870e-02 1.902380771934986115e-02 3.013863414525985718e-02 2.014258690178394318e-02 1.794846728444099426e-02 3.455455647781491280e-03 3.180259093642234802e-02 1.704942435026168823e-02 2.141063287854194641e-02 9.280892554670572281e-04 1.869692280888557434e-02 2.522205933928489685e-02 9.330284665338695049e-04 1.043914910405874252e-02 6.597467698156833649e-03 3.701089322566986084e-02 3.960809111595153809e-02 2.069552429020404816e-02 2.308179438114166260e-02 1.257271505892276764e-02 2.225414849817752838e-02 6.904937792569398880e-03 5.008505657315254211e-03 7.629287894815206528e-03 1.941142417490482330e-02 9.649199433624744415e-03 1.877491362392902374e-02 2.909410558640956879e-02 3.012064285576343536e-02 1.134754810482263565e-02 2.174179255962371826e-02 5.321730859577655792e-03 1.133172772824764252e-03 1.687627099454402924e-02 2.054534666240215302e-02 8.130676113069057465e-03 5.434030666947364807e-03 4.539366811513900757e-03 1.308836229145526886e-02 1.832508482038974762e-02 4.254088737070560455e-03 2.993669826537370682e-03 2.854157006368041039e-03 2.930521219968795776e-02 1.450792048126459122e-02 1.520435325801372528e-02 1.491662859916687012e-02 1.919336733408272266e-03 1.526069827377796173e-03
4.367372393608093262e-02 6.296181678771972656e-02 3.304630285128951073e-03 1.548558939248323441e-02 1.345515833236277103e-03 8.217925429344177246e-01 7.074312120676040649e-02 5.157517734915018082e-04 3.311665263026952744e-03 1.489244285039603710e-03 3.802687674760818481e-02 4.158703237771987915e-02 5.000684037804603577e-02 1.949971728026866913e-02 6.832681130617856979e-03 9.991973638534545898e-03 1.263350620865821838e-02 5.922132404521107674e-04 1.346377003937959671e-02 4.721717443317174911e-03 1.589524559676647186e-02 3.899233043193817139e-02 8.466098457574844360e-03 3.073102235794067383e-02 7.251224014908075333e-03 1.604511961340904236e-02 2.496024128049612045e-03 1.702783256769180298e-02 4.071335867047309875e-02 2.200572378933429718e-02 3.003655560314655304e-02 1.196510624140501022e-02 9.352895431220531464e-03 9.656331501901149750e-03 2.985697239637374878e-02 1.933477632701396942e-02 1.292669121176004410e-02 1.461543608456850052e-03 1.110907737165689468e-02 7.701213471591472626e-03 7.569569163024425507e-03 6.647945381700992584e-03 4.533191211521625519e-03 9.111669845879077911e-03 7.036292925477027893e-03 3.037076629698276520e-02 3.288946300745010376e-02 4.732222296297550201e-03 1.931147649884223938e-02 1.819222420454025269e-02 5.320045747794210911e-04 5.575193557888269424e-03 2.194711007177829742e-03 1.656961254775524139e-02 1.708776503801345825e-02 7.247894071042537689e-03 6.888670846819877625e-03 3.159434767439961433e-03 1.023472100496292114e-02 1.952430978417396545e-02 3.012819215655326843e-02 6.146658211946487427e-03 7.668585749343037605e-04 3.966853953897953033e-03 3.227315470576286316e-02 2.064452273771166801e-03 1.871381886303424835e-02 1.712912693619728088e-02 9.435682557523250580e-03 1.300413720309734344e-02 1.153364777565002441e-03 5.306940525770187378e-03 5.645425990223884583e-03 1.440613064914941788e-02 2.004748769104480743e-02 2.666608197614550591e-04 1.196717470884323120e-02 5.825789645314216614e-03 1.194216124713420868e-02 1.960194855928421021e-02 2.019528485834598541e-02 3.632699372246861458e-03 1.390094123780727386e-02 7.021155208349227905e-03 7.277329917997121811e-03 1.156245358288288116e-02 1.422603148967027664e-02 1.524654403328895569e-02 9.123330935835838318e-03 7.378918235190212727e-04 3.903051093220710754e-02 1.413565501570701599e-02 1.823331043124198914e-02 1.726214401423931122e-02 1.033747661858797073e-02 1.927331276237964630e-02 5.828759167343378067e-03 6.228060461580753326e-03 1.609281986020505428e-03 2.959715016186237335e-02 2.227183990180492401e-02 2.069708332419395447e-02 1.596662960946559906e-02 7.511176634579896927e-03 2.332439459860324860e-02 4.796280525624752045e-03 1.448005530983209610e-02 4.540155455470085144e-02 2.169534564018249512e-02 3.662047907710075378e-02 2.139249630272388458e-02 2.392372861504554749e-02 1.332694198936223984e-02 1.395203825086355209e-02 1.703411340713500977e-02 2.635021461173892021e-03
2.851020917296409607e-02 5.198465287685394287e-02 8.620986714959144592e-03 1.399242505431175232e-02 9.052189067006111145e-03 7.074312120676040649e-02 8.217925429344177246e-01 2.236694097518920898e-03 1.624079979956150055e-02 7.007867097854614258e-03 5.208196118474006653e-02 2.192921936511993408e-02 4.788963869214057922e-02 2.705268189311027527e-02 2.447169739753007889e-03 5.182498600333929062e-03 3.444826696068048477e-03 6.949990987777709961e-03 6.412684917449951172e-03 4.547382704913616180e-03 1.678312011063098907e-02 1.330463215708732605e-02 6.867615971714258194e-03 4.604800778906792402e-04 1.339677534997463226e-02 3.488685470074415207e-03 1.878719404339790344e-02 5.381906405091285706e-03 1.673359796404838562e-02 1.106389798223972321e-03 3.984003886580467224e-02 2.584082307294011116e-03 1.146053522825241089e-02 9.543636813759803772e-03 2.785598300397396088e-02 9.074183180928230286e-03 7.847050204873085022e-03 2.912372909486293793e-02 2.161426004022359848e-03 9.094449691474437714e-03 1.448597200214862823e-02 1.655271463096141815e-02 1.789649575948715210e-02 8.490471169352531433e-03 6.278064101934432983e-04 2.898248285055160522e-02 1.065385900437831879e-02 1.936930790543556213e-02 1.239317376166582108e-02 1.377493236213922501e-02 2.031875401735305786e-02 2.696858160197734833e-02 5.766483955085277557e-03 3.195329569280147552e-03 2.085125073790550232e-02 1.550871971994638443e-02 9.692459367215633392e-03 1.017765514552593231e-02 6.618327461183071136e-03 1.944415457546710968e-02 2.914375253021717072e-02 1.012825686484575272e-02 5.108453333377838135e-03 8.210537955164909363e-03 1.725920289754867554e-02 3.510652808472514153e-03 2.714266255497932434e-02 2.479679509997367859e-02 1.437727268785238266e-02 2.177869342267513275e-02 5.047256126999855042e-03 1.558065135031938553e-02 3.191166324540972710e-03 2.825630083680152893e-02 5.703711067326366901e-04 1.805739849805831909e-02 1.813224144279956818e-02 6.429257802665233612e-03 4.223370924592018127e-03 1.840846799314022064e-02 7.545398548245429993e-03 8.131759241223335266e-03 9.487254545092582703e-03 1.688130199909210205e-03 4.448777530342340469e-03 9.740537963807582855e-03 1.682770997285842896e-02 3.049247898161411285e-04 8.362994529306888580e-03 1.162435207515954971e-02 3.832263872027397156e-02 8.040049113333225250e-03 2.349307015538215637e-02 8.351737633347511292e-03 1.604043878614902496e-02 3.069976903498172760e-02 1.182096265256404877e-02 2.115990966558456421e-02 3.039352362975478172e-03 2.520416304469108582e-02 2.006921730935573578e-02 2.249791659414768219e-02 4.106339998543262482e-03 2.134383842349052429e-02 9.559385478496551514e-03 5.807565175928175449e-04 1.412574667483568192e-02 3.426464274525642395e-02 1.232841983437538147e-02 4.033011570572853088e-02 1.698422431945800781e-02 2.510653436183929443e-02 2.530829980969429016e-02 2.251296490430831909e-02 1.422907225787639618e-02 2.069362066686153412e-02
8.600194007158279419e-03 4.564524162560701370e-03 7.192745059728622437e-02 4.808459430932998657e-03 7.372505497187376022e-03 5.157517734915018082e-04 2.236694097518920898e-03 8.217925429344177246e-01 1.689284294843673706e-02 6.524282041937112808e-03 9.641586802899837494e-03 1.186170708388090134e-02 7.331307046115398407e-03 3.666746988892555237e-02 5.008217319846153259e-02 9.002884849905967712e-03 6.259635556489229202e-03 7.158248219639062881e-03 2.947159111499786377e-03 6.304471171461045742e-04 1.944386214017868042e-02 2.560171484947204590e-02 1.232455763965845108e-02 6.663565523922443390e-03 6.705089006572961807e-03 1.835797354578971863e-02 1.307574659585952759e-02 1.904220134019851685e-02 2.067228965461254120e-02 1.383553631603717804e-02 5.342657677829265594e-03 8.620302192866802216e-03 4.212385509163141251e-03 1.178218983113765717e-02 1.899036951363086700e-02 1.417200826108455658e-02 1.047784276306629181e-02 8.355856873095035553e-03 2.582339802756905556e-03 4.563464899547398090e-04 9.832057170569896698e-03 3.014774294570088387e-03 5.804945249110460281e-04 6.732600275427103043e-03 2.081791684031486511e-02 2.441305667161941528e-02 2.414015587419271469e-03 2.352723293006420135e-02 1.708169467747211456e-02 7.421477697789669037e-03 5.710792727768421173e-03 1.895653782412409782e-03 1.639871671795845032e-02 7.616347633302211761e-03 7.178303785622119904e-03 1.337552908807992935e-02 1.200906001031398773e-02 2.029062807559967041e-02 1.378003228455781937e-02 2.576881088316440582e-03 5.563868209719657898e-03 9.200853295624256134e-03 4.355578217655420303e-03 2.597122685983777046e-03 1.687718555331230164e-02 2.410612627863883972e-02 6.379266269505023956e-03 3.269424894824624062e-03 2.761286850727628917e-05 2.722660638391971588e-02 6.893477402627468109e-03 2.763398736715316772e-02 1.315473299473524094e-02 2.389745786786079407e-02 1.293976907618343830e-03 1.335570681840181351e-02 1.905290596187114716e-02 1.808626577258110046e-02 1.082682865671813488e-03 2.112224698066711426e-02 6.318221241235733032e-02 2.872603386640548706e-02 4.289932548999786377e-03 6.138241384178400040e-03 3.684564726427197456e-03 1.948992535471916199e-02 3.523077070713043213e-02 4.224685207009315491e-02 1.250272896140813828e-02 1.282923738472163677e-03 9.194483049213886261e-03 3.434598818421363831e-02 2.676098793745040894e-02 1.957103796303272247e-02 2.174718491733074188e-02 2.701731584966182709e-02 1.606100797653198242e-02 1.475400757044553757e-02 5.002134130336344242e-04 1.665611192584037781e-02 3.319057822227478027e-02 3.081097826361656189e-02 1.556804403662681580e-02 6.766839418560266495e-03 1.105995010584592819e-02 7.071863859891891479e-03 2.539616823196411133e-02 2.678333036601543427e-02 3.863554680719971657e-03 2.267986722290515900e-02 2.693251520395278931e-02 1.628180220723152161e-02 9.028999134898185730e-03 6.746357772499322891e-03 2.636593580245971680e-02 3.473157808184623718e-02
2.380657708272337914e-03 1.760195381939411163e-02 3.747092559933662415e-02 2.660079859197139740e-02 7.417658809572458267e-03 3.311665263026952744e-03 1.624079979956150055e-02 1.689284294843673706e-02 8.217925429344177246e-01 3.471431136131286621e-02 1.764361374080181122e-02 5.485707428306341171e-03 1.318846084177494049e-02 6.193747743964195251e-03 2.189644798636436462e-02 9.093198925256729126e-03 1.779498532414436340e-02 1.891832612454891205e-02 2.200347743928432465e-02 2.304746070876717567e-03 7.737693842500448227e-03 6.423661252483725548e-04 1.990292593836784363e-02 2.790520153939723969e-02 1.220295298844575882e-02 1.335070282220840454e-02 2.522394061088562012e-02 1.624307967722415924e-02 2.024739049375057220e-03 1.415247749537229538e-02 1.669430988840758801e-03 4.339652508497238159e-02 1.740229316055774689e-02 1.319427788257598877e-02 8.880442008376121521e-03 2.600351721048355103e-02 8.743814192712306976e-03 2.670242637395858765e-02 6.700322963297367096e-03 1.296805869787931442e-02 2.693955786526203156e-02 1.888715103268623352e-02 1.439802628010511398e-02 1.694308780133724213e-02 6.006124895066022873e-03 2.572453580796718597e-02 1.964923925697803497e-02 4.517827183008193970e-03 3.061727620661258698e-02 1.980643346905708313e-02 1.412615831941366196e-02 1.102614868432283401e-02 9.200414060615003109e-04 5.793379619717597961e-03 4.977704212069511414e-02 1.267444994300603867e-02 1.565545983612537384e-02 1.950966194272041321e-02 4.166347498539835215e-04 7.721449248492717743e-03 1.923269592225551605e-02 2.284594438970088959e-02 1.390370819717645645e-02 1.666452549397945404e-02 3.619630588218569756e-03 1.201723702251911163e-03 1.035358756780624390e-02 1.061672996729612350e-02 2.007200010120868683e-02 2.415073849260807037e-02 5.835290998220443726e-03 4.105473309755325317e-02 7.989948615431785583e-03 1.374191883951425552e-02 1.030089706182479858e-02 3.530266880989074707e-02 4.536014795303344727e-02 2.716621942818164825e-02 3.434562310576438904e-02 4.248365387320518494e-02 1.114625949412584305e-02 9.623843245208263397e-03 1.879509724676609039e-02 1.066631264984607697e-02 2.146990038454532623e-02 1.309825666248798370e-02 2.337066922336816788e-03 4.414920695126056671e-03 3.055783733725547791e-02 3.031075932085514069e-02 1.307145971804857254e-02 1.768308877944946289e-02 2.648445079103112221e-04 1.077369786798954010e-02 2.061177417635917664e-02 1.867435127496719360e-02 7.009280845522880554e-03 2.918518893420696259e-02 4.206063225865364075e-02 2.486135251820087433e-02 2.838194742798805237e-02 2.709368243813514709e-02 9.807569906115531921e-03 1.776378229260444641e-02 7.817077450454235077e-03 1.046998053789138794e-02 2.285857871174812317e-02 1.344946306198835373e-02 2.315966971218585968e-02 2.272632345557212830e-02 8.894450962543487549e-03 1.729018054902553558e-03 3.007250372320413589e-03 3.099535591900348663e-03 1.843121275305747986e-02 1.257822290062904358e-02
9.859977290034294128e-03 1.120191439986228943e-02 7.443399517796933651e-04 5.899284966289997101e-03 1.150502357631921768e-02 1.489244285039603710e-03 7.007867097854614258e-03 6.524282041937112808e-03 3.471431136131286621e-02 8.217925429344177246e-01 1.600451394915580750e-02 1.094471942633390427e-02 2.475514821708202362e-02 7.105261553078889847e-03 1.491147466003894806e-02 1.590144634246826172e-02 2.383564226329326630e-02 1.483308710157871246e-02 4.079893976449966431e-02 7.105197757482528687e-03 1.953818835318088531e-02 7.211782503873109818e-04 1.016883994452655315e-03 3.248595446348190308e-02 1.054170262068510056e-02 9.730721358209848404e-04 2.043306082487106323e-02 6.265128962695598602e-03 6.190980784595012665e-03 1.121195778250694275e-02 1.376990228891372681e-02 5.334565415978431702e-03 1.394875627011060715e-02 7.125665433704853058e-03 8.104729931801557541e-04 2.764858119189739227e-02 4.412109777331352234e-02 1.512745302170515060e-02 1.979449763894081116e-02 4.642599262297153473e-03 3.015577420592308044e-02 5.821472965180873871e-03 9.484970942139625549e-03 1.037442404776811600e-02 1.239192765206098557e-02 1.835464499890804291e-02 1.632565632462501526e-02 1.127640623599290848e-02 1.843292824923992157e-02 3.959077969193458557e-02 3.302164003252983093e-02 2.674681879580020905e-02 7.593604386784136295e-04 1.994610391557216644e-02 1.642529852688312531e-02 3.988679498434066772e-02 2.111522853374481201e-02 1.805452257394790649e-02 2.191401785239577293e-03 1.256557181477546692e-02 4.446945153176784515e-03 2.406470477581024170e-02 1.387030072510242462e-02 8.103637024760246277e-03 4.782001022249460220e-03 1.112859230488538742e-02 1.113967318087816238e-02 3.539780899882316589e-02 8.406275883316993713e-03 3.570668026804924011e-02 3.665096312761306763e-02 2.024100162088871002e-02 9.269249625504016876e-03 2.777095697820186615e-02 1.476192567497491837e-02 3.759152069687843323e-02 1.204739231616258621e-02 5.433100461959838867e-02 2.780530601739883423e-02 4.424785077571868896e-02 8.314309641718864441e-03 1.464803330600261688e-02 4.349235445261001587e-03 2.250346355140209198e-02 1.063497178256511688e-02 3.619870543479919434e-02 9.909084998071193695e-03 2.183482516556978226e-03 4.491318541113287210e-04 3.161913901567459106e-02 5.633180495351552963e-03 3.542608767747879028e-02 1.769895665347576141e-02 2.584340050816535950e-02 1.882594823837280273e-02 1.676146686077117920e-02 2.304469421505928040e-02 3.539893776178359985e-02 2.663815021514892578e-02 1.331912912428379059e-02 2.994574792683124542e-02 2.781216241419315338e-02 2.081099152565002441e-02 4.183257929980754852e-03 3.206058172509074211e-03 1.210010144859552383e-02 4.045631736516952515e-02 1.055478397756814957e-02 3.656330332159996033e-02 6.047191563993692398e-04 1.508761383593082428e-02 2.392803877592086792e-02 1.040201354771852493e-02 2.283751219511032104e-02 5.636041983962059021e-03 9.582038968801498413e-03
5.344358459115028381e-02 1.989216543734073639e-02 1.547270268201828003e-02 3.627261146903038025e-03 6.154796574264764786e-04 3.802687674760818481e-02 5.208196118474006653e-02 9.641586802899837494e-03 1.764361374080181122e-02 1.600451394915580750e-02 8.217925429344177246e-01 1.449294737540185452e-03 4.930773004889488220e-02 1.678480580449104309e-02 1.197322458028793335e-02 1.909625832922756672e-03 4.440989345312118530e-03 5.497880745679140091e-03 5.385347176343202591e-03 7.129842415452003479e-03 9.225610643625259399e-03 6.539058871567249298e-03 1.732783019542694092e-02 9.634759626351296902e-04 3.737876890227198601e-03 7.952467538416385651e-03 2.360777743160724640e-02 3.377477638423442841e-03 1.871315576136112213e-02 5.848174914717674255e-03 3.129616752266883850e-02 3.741582389920949936e-03 5.215180106461048126e-03 1.940542273223400116e-02 1.429693400859832764e-02 1.492648478597402573e-02 8.453538641333580017e-03 3.166794404387474060e-02 2.239359170198440552e-02 1.804824569262564182e-04 8.203498087823390961e-03 4.604472778737545013e-03 9.154650382697582245e-03 3.283985424786806107e-03 1.995187811553478241e-02 2.427810430526733398e-02 1.338118873536586761e-02 4.030533134937286377e-02 2.978993020951747894e-02 1.121845003217458725e-02 6.152352434583008289e-04 1.168269384652376175e-02 1.544294878840446472e-02 1.389251556247472763e-02 1.422669924795627594e-02 2.054305933415889740e-02 8.231355808675289154e-03 7.891083136200904846e-03 1.595019549131393433e-02 2.386692725121974945e-02 4.148548468947410583e-02 1.187537424266338348e-02 1.005833502858877182e-02 1.270221266895532608e-02 3.794611990451812744e-02 2.035527117550373077e-02 7.965179160237312317e-03 8.884245529770851135e-03 2.708119153976440430e-02 1.385287195444107056e-02 3.014355665072798729e-03 4.683824045059736818e-06 5.967103061266243458e-04 7.397933863103389740e-03 1.965016359463334084e-03 1.175860222429037094e-02 2.775576896965503693e-02 7.959456183016300201e-03 3.121505491435527802e-02 2.723469957709312439e-02 3.319958224892616272e-02 1.270701829344034195e-02 2.027132082730531693e-03 2.790434751659631729e-03 1.426626089960336685e-02 1.015333645045757294e-02 3.388037160038948059e-02 1.251429226249456406e-02 2.633482962846755981e-02 7.873722352087497711e-03 2.632594667375087738e-03 2.564869076013565063e-02 2.365155145525932312e-02 8.388076093979179859e-05 1.497360784560441971e-02 3.311656042933464050e-02 3.074167296290397644e-03 1.812820509076118469e-02 3.185525536537170410e-02 6.121569895185530186e-04 3.341151401400566101e-02 3.000615537166595459e-02 2.283918671309947968e-03 5.435595754534006119e-03 3.208049573004245758e-03 9.449417702853679657e-04 1.719714887440204620e-02 2.620620094239711761e-02 2.189603447914123535e-02 3.111823089420795441e-02 2.078351192176342010e-02 5.429451353847980499e-03 8.271118625998497009e-03 4.081839695572853088e-03 1.748416572809219360e-02 4.886544775217771530e-03
2.084659226238727570e-02 3.682714700698852539e-02 2.101564779877662659e-02 1.392569858580827713e-02 6.813528016209602356e-04 4.158703237771987915e-02 2.192921936511993408e-02 1.186170708388090134e-02 5.485707428306341171e-03 1.094471942633390427e-02 1.449294737540185452e-03 8.217925429344177246e-01 6.037499755620956421e-03 7.130160927772521973e-02 1.397546660155057907e-02 2.269795350730419159e-02 1.787265390157699585e-02 3.195288823917508125e-03 5.861276760697364807e-03 3.995000198483467102e-02 5.456583574414253235e-03 3.006443567574024200e-02 4.332343488931655884e-02 2.127981372177600861e-02 6.470515858381986618e-03 2.654903568327426910e-03 2.299353946000337601e-04 4.324284195899963379e-02 7.516778074204921722e-03 3.874631598591804504e-02 4.831744823604822159e-03 1.721145235933363438e-03 1.852701418101787567e-02 1.888467371463775635e-02 1.021066214889287949e-03 7.334486581385135651e-04 6.600186694413423538e-03 1.511050388216972351e-02 9.244291111826896667e-03 2.057100832462310791e-02 1.818495616316795349e-02 1.634382084012031555e-02 2.289628796279430389e-02 9.847871027886867523e-03 5.561168491840362549e-02 1.772760786116123199e-02 2.266294881701469421e-02 2.971575781702995300e-02 1.242993399500846863e-02 2.718490362167358398e-02 1.436727494001388550e-02 8.285114541649818420e-03 1.934798061847686768e-02 3.986680880188941956e-03 1.448294962756335735e-03 4.943659529089927673e-03 3.138425992801785469e-03 1.872177422046661377e-02 4.530073609203100204e-03 3.525124702719040215e-05 1.004464831203222275e-02 1.508036907762289047e-02 5.037200637161731720e-03 7.120596710592508316e-04 5.942616262473165989e-04 4.578054882586002350e-03 1.776012219488620758e-02 6.462024990469217300e-03 1.371739339083433151e-02 1.093942951411008835e-02 2.212544158101081848e-02 1.647910848259925842e-02 2.682042866945266724e-02 4.001973662525415421e-03 1.716678775846958160e-02 6.020626053214073181e-03 1.762916892766952515e-02 2.288826182484626770e-02 4.036031663417816162e-02 2.340325154364109039e-02 4.197812825441360474e-02 2.148256171494722366e-04 2.821228653192520142e-02 1.210260763764381409e-02 2.553819119930267334e-02 2.729986561462283134e-03 3.171283751726150513e-02 4.754158668220043182e-03 2.348688244819641113e-02 8.322409354150295258e-03 1.357179507613182068e-02 1.499470230191946030e-02 2.427670732140541077e-02 1.046141050755977631e-02 7.662930060178041458e-03 6.897097453474998474e-03 1.271863561123609543e-02 7.106052711606025696e-03 2.099023014307022095e-02 2.258207276463508606e-02 4.933029995299875736e-04 5.745891015976667404e-03 2.613224461674690247e-02 2.469991892576217651e-02 1.764712273143231869e-03 1.102867187000811100e-03 1.867917925119400024e-02 4.672551993280649185e-03 5.916848778724670410e-03 3.269477048888802528e-03 2.089857868850231171e-02 2.414853312075138092e-03 1.069396454840898514e-02 1.742747426033020020e-02 6.342739798128604889e-03 2.520467713475227356e-02
3.471168130636215210e-02 5.800537765026092529e-02 8.874759078025817871e-03 8.207255974411964417e-03 4.556254018098115921e-03 5.000684037804603577e-02 4.788963869214057922e-02 7.331307046115398407e-03 1.318846084177494049e-02 2.475514821708202362e-02 4.930773004889488220e-02 6.037499755620956421e-03 8.217925429344177246e-01 1.247106306254863739e-02 2.605098066851496696e-03 1.367967016994953156e-02 9.196280501782894135e-03 1.882844418287277222e-02 1.514996681362390518e-02 1.679835654795169830e-02 1.815048977732658386e-02 2.679913118481636047e-02 1.381921116262674332e-02 2.814448205754160881e-03 5.609709303826093674e-03 1.101094856858253479e-02 6.562687456607818604e-03 4.118355922400951385e-03 1.808667555451393127e-02 1.622115494683384895e-03 1.780405268073081970e-02 3.933904517907649279e-04 3.170593455433845520e-02 3.724279813468456268e-03 7.977050729095935822e-03 1.717546209692955017e-02 1.350149232894182205e-02 7.994260638952255249e-03 1.433393359184265137e-02 5.022129509598016739e-03 3.462650999426841736e-02 1.281941123306751251e-02 1.713067293167114258e-02 1.888143271207809448e-02 5.994970444589853287e-03 2.687845565378665924e-02 2.523097395896911621e-02 5.544766318053007126e-03 2.279650047421455383e-02 1.719653233885765076e-02 1.327984593808650970e-02 2.099700644612312317e-02 2.739794552326202393e-03 4.281602799892425537e-03 2.776231057941913605e-02 2.434206753969192505e-02 1.155102998018264771e-02 5.017567891627550125e-03 2.689935732632875443e-03 3.061718493700027466e-02 4.318251460790634155e-02 2.090801484882831573e-02 5.111985374242067337e-04 1.087948400527238846e-02 3.311569336801767349e-03 2.128812670707702637e-02 1.876963861286640167e-02 2.356098033487796783e-02 1.990597695112228394e-02 1.616200059652328491e-02 1.607124321162700653e-02 4.493567161262035370e-03 1.171884872019290924e-02 1.200622599571943283e-02 5.381851922720670700e-03 2.416576817631721497e-02 2.169787883758544922e-02 1.603979244828224182e-02 1.442939415574073792e-02 3.290990740060806274e-02 1.138643734157085419e-02 7.934395223855972290e-03 2.005556784570217133e-02 1.857389882206916809e-02 2.107074484229087830e-02 2.242035977542400360e-02 9.228232083842158318e-04 1.246243901550769806e-02 1.391503866761922836e-02 1.125172805041074753e-02 2.134944871068000793e-02 1.677558571100234985e-02 1.298771519213914871e-02 3.173733828589320183e-03 1.277359388768672943e-02 2.602461352944374084e-02 4.394159186631441116e-03 2.546303346753120422e-02 1.192950364202260971e-02 1.052358094602823257e-02 1.938701793551445007e-02 1.540790963917970657e-02 1.611900515854358673e-02 3.574344888329505920e-02 1.069782301783561707e-02 6.220897659659385681e-03 6.346499081701040268e-03 1.918015629053115845e-02 2.116076461970806122e-02 2.647341974079608917e-02 2.098297467455267906e-03 1.726565137505531311e-02 1.537075079977512360e-02 1.841468922793865204e-02 7.105932105332612991e-03 7.112745195627212524e-03
