8.290212154388427734e-01 6.537371128797531128e-02 5.482406355440616608e-03 1.579921692609786987e-02 1.080117281526327133e-02 5.774302408099174500e-02 4.540405794978141785e-02 1.678762584924697876e-02 4.962282255291938782e-03 8.795737288892269135e-03 5.839396640658378601e-02 9.519419982098042965e-04 3.951872140169143677e-02 6.079664453864097595e-03 2.091380953788757324e-02 3.824014961719512939e-02 2.196619845926761627e-02 1.511697005480527878e-02 4.066220426466315985e-04 1.807658933103084564e-02 1.348138903267681599e-03 5.621843971312046051e-03 3.061716631054878235e-02 2.769042551517486572e-02 1.875644922256469727e-02 2.151727490127086639e-02 1.990574091905727983e-04 1.807425729930400848e-02 1.704221591353416443e-02 1.397899352014064789e-02 2.656432799994945526e-03 2.825664728879928589e-02 1.404185779392719269e-02 1.797997020184993744e-02 2.644614875316619873e-02 3.041603835299611092e-03 1.939035579562187195e-02 1.351681258529424667e-02 7.229912560433149338e-03 1.056488323956727982e-02 2.400228753685951233e-02 1.276140683330595493e-03 1.140939164906740189e-02 2.587289363145828247e-02 4.718167241662740707e-03 1.628050021827220917e-02 4.939750581979751587e-02 2.489282004535198212e-02 1.252173352986574173e-02 2.427299506962299347e-03 1.718089729547500610e-02 1.830904395319521427e-03 2.453399822115898132e-02 1.043003331869840622e-02 5.598729941993951797e-03 2.903493819758296013e-03 5.398937501013278961e-04 2.242355607450008392e-02 2.769509330391883850e-02 1.522087398916482925e-02 1.054531615227460861e-02 1.977650262415409088e-02 3.302600979804992676e-02 5.261206068098545074e-03 3.572559729218482971e-02 4.297918826341629028e-02 2.268453501164913177e-02 1.904885284602642059e-02 1.427866984158754349e-02 1.078123506158590317e-02 3.104725480079650879e-02 8.457535877823829651e-03 2.904223583755083382e-05 3.161159530282020569e-02 2.509910613298416138e-02 1.310440013185143471e-03 9.190301410853862762e-03 1.802182383835315704e-02 1.998657098738476634e-04 8.409443311393260956e-03 1.143318507820367813e-02 8.710435591638088226e-03 1.104811951518058777e-02 9.801148436963558197e-03 1.632972061634063721e-02 6.497928872704505920e-03 2.525324374437332153e-02 1.022616494446992874e-02 3.215029463171958923e-02 1.892872340977191925e-02 1.154610142111778259e-02 8.259825408458709717e-03 4.761066287755966187e-03 1.217717304825782776e-02 1.360579393804073334e-03 1.182998251169919968e-02 1.602876372635364532e-02 5.118283908814191818e-03 1.698748022317886353e-02 2.275662869215011597e-02 1.064556557685136795e-02 1.820291951298713684e-02 9.194220183417201042e-04 1.902713999152183533e-02 2.637226134538650513e-03 1.392087992280721664e-02 2.373783104121685028e-02 6.662182044237852097e-03 7.000835030339658260e-04 1.162402238696813583e-02 9.376428090035915375e-03 8.745778352022171021e-03 2.245238050818443298e-02 1.771903783082962036e-02 1.340815983712673187e-02 2.238744404166936874e-03
6.537371128797531128e-02 8.290212154388427734e-01 2.941997256129980087e-03 6.931274663656949997e-03 4.336958809290081263e-04 5.498985573649406433e-02 4.696023091673851013e-02 4.278996959328651428e-03 3.744927002117037773e-03 4.653919022530317307e-03 3.673618659377098083e-02 5.508906673640012741e-03 5.491939559578895569e-02 3.871677909046411514e-03 3.669598698616027832e-02 3.770104423165321350e-02 2.462466247379779816e-02 1.269238628447055817e-02 8.937721140682697296e-03 1.846102811396121979e-02 2.541302144527435303e-02 2.887245267629623413e-03 3.381956741213798523e-02 1.434796862304210663e-02 2.807950042188167572e-02 2.786823920905590057e-02 4.106304608285427094e-03 2.015436999499797821e-02 1.986572146415710449e-02 8.025414310395717621e-03 1.043293904513120651e-02 1.554803829640150070e-02 2.509553544223308563e-02 1.262281462550163269e-02 2.596800029277801514e-02 7.902495563030242920e-03 1.900681108236312866e-02 1.449883636087179184e-02 1.328802667558193207e-02 8.155727759003639221e-03 1.400986406952142715e-02 7.893013767898082733e-03 2.131812088191509247e-02 6.016731262207031250e-03 1.957419514656066895e-02 1.679276488721370697e-02 4.832685366272926331e-02 2.747637405991554260e-02 1.118595339357852936e-02 1.324528083205223083e-02 1.982551626861095428e-02 4.042859189212322235e-03 1.633228175342082977e-02 3.459620987996459007e-03 1.044290419667959213e-02 8.641682565212249756e-03 1.551940757781267166e-02 1.505320891737937927e-02 7.195298559963703156e-03 1.363878138363361359e-02 1.097907405346632004e-02 1.061999239027500153e-02 2.432494051754474640e-02 8.454538881778717041e-03 4.209608212113380432e-02 4.556446149945259094e-02 1.425085309892892838e-02 1.704081892967224121e-02 2.752836607396602631e-02 9.665091056376695633e-05 3.871525824069976807e-02 9.527252055704593658e-03 2.041567303240299225e-02 3.037711605429649353e-02 2.393809333443641663e-02 7.799129001796245575e-03 1.150271203368902206e-02 1.711731217801570892e-02 4.818890243768692017e-03 6.755693466402590275e-04 1.751494035124778748e-02 6.298324558883905411e-03 6.402260158210992813e-03 7.882466539740562439e-03 1.419377140700817108e-02 2.446187660098075867e-03 2.960735373198986053e-02 2.507211640477180481e-02 3.187621012330055237e-02 1.587316021323204041e-02 1.664548739790916443e-02 2.162744291126728058e-02 5.011306609958410263e-03 1.978866755962371826e-02 3.319875570014119148e-03 1.614612340927124023e-02 1.336855906993150711e-02 3.167006652802228928e-03 7.233564276248216629e-03 8.280620910227298737e-03 1.121704233810305595e-03 8.865986019372940063e-03 1.134139765053987503e-02 1.608951017260551453e-02 8.591637946665287018e-03 2.820671070367097855e-03 1.367571484297513962e-02 1.111618336290121078e-02 7.860815152525901794e-03 8.524404838681221008e-03 3.848818596452474594e-03 1.061319746077060699e-02 1.394351851195096970e-02 8.502723649144172668e-03 1.706731319427490234e-02 5.182968452572822571e-03
5.482406355440616608e-03 2.941997256129980087e-03 8.290212154388427734e-01 9.005017578601837158e-03 9.455473627895116806e-04 3.013847162947058678e-03 1.669197902083396912e-02 6.515207141637802124e-02 2.466698409989476204e-03 1.226303633302450180e-02 1.024019811302423477e-02 1.915909908711910248e-02 2.897353842854499817e-04 2.276274934411048889e-02 1.019165664911270142e-02 1.184299471788108349e-03 1.056839246302843094e-03 1.578764640726149082e-03 2.995393238961696625e-02 1.510488148778676987e-02 1.558101922273635864e-02 1.013528276234865189e-02 1.418083254247903824e-02 1.146287843585014343e-02 1.037046965211629868e-02 1.949856802821159363e-02 2.506911754608154297e-03 4.037808626890182495e-03 3.512337803840637207e-02 7.506856229156255722e-03 1.558202877640724182e-02 3.042299067601561546e-03 3.803549706935882568e-02 1.317013241350650787e-02 1.859927736222743988e-02 1.036242954432964325e-02 3.147637005895376205e-03 2.183523774147033691e-02 2.457324974238872528e-02 1.919799298048019409e-02 7.251914590597152710e-03 1.461197063326835632e-02 9.344540536403656006e-03 1.086959242820739746e-02 1.871845684945583344e-02 1.996283419430255890e-02 4.583356902003288269e-03 1.877830550074577332e-02 2.098626689985394478e-03 1.628230512142181396e-02 1.009140070527791977e-02 1.556557230651378632e-02 5.609348416328430176e-03 9.382834658026695251e-03 1.454599294811487198e-02 1.876690238714218140e-02 1.090187765657901764e-02 2.801983244717121124e-02 2.185881510376930237e-02 2.082502469420433044e-02 3.561794757843017578e-03 1.780317723751068115e-02 3.777327481657266617e-03 5.131911020725965500e-03 1.996808871626853943e-02 1.386419963091611862e-02 2.934400457888841629e-03 1.050559710711240768e-02 2.195924520492553711e-03 1.846540346741676331e-02 1.144187524914741516e-02 6.394290830940008163e-03 2.322480781003832817e-03 1.248818077147006989e-02 2.556003862991929054e-03 2.890848740935325623e-02 1.816791947931051254e-03 1.520245801657438278e-02 1.079288870096206665e-02 2.172230742871761322e-02 4.015079513192176819e-02 3.960324823856353760e-02 2.377751842141151428e-02 2.082404308021068573e-02 1.282086246646940708e-03 1.641224138438701630e-02 1.894844509661197662e-02 2.595675364136695862e-02 2.542568556964397430e-02 1.170880440622568130e-02 9.420982562005519867e-03 1.724244095385074615e-02 2.098682150244712830e-02 1.028523035347461700e-02 1.448383647948503494e-02 1.063545327633619308e-02 1.378713920712471008e-02 1.686694473028182983e-02 8.836197084747254848e-04 8.703908883035182953e-03 3.447694325586780906e-05 9.092774242162704468e-03 8.569910190999507904e-03 6.916353013366460800e-03 6.805926095694303513e-03 2.262856252491474152e-02 1.366914063692092896e-02 2.542795985937118530e-02 1.299393270164728165e-02 3.238794952630996704e-02 8.461627177894115448e-03 1.593651436269283295e-02 9.359933435916900635e-03 4.428055137395858765e-03 5.743430228903889656e-04 4.066718276590108871e-03
1.579921692609786987e-02 6.931274663656949997e-03 9.005017578601837158e-03 8.290212154388427734e-01 5.029314756393432617e-02 3.497457131743431091e-02 1.565335318446159363e-02 1.496677473187446594e-02 1.457719225436449051e-02 2.165887504816055298e-02 6.997958291321992874e-03 2.316701784729957581e-02 2.681860933080315590e-03 2.347577922046184540e-02 1.053936313837766647e-02 1.396805141121149063e-02 7.260332931764423847e-04 1.540057547390460968e-02 1.365441083908081055e-02 4.365618806332349777e-03 5.840816535055637360e-03 2.005097921937704086e-03 3.998449537903070450e-03 9.293874725699424744e-03 1.753302104771137238e-02 2.541598491370677948e-02 2.341095358133316040e-02 1.593569107353687286e-02 5.542454775422811508e-03 1.079815626144409180e-02 2.118922956287860870e-02 1.257457677274942398e-02 1.324128918349742889e-02 2.198435366153717041e-02 5.361931398510932922e-03 2.240715548396110535e-02 5.330661078914999962e-04 9.894659742712974548e-03 6.036836281418800354e-02 4.802006855607032776e-02 3.272034600377082825e-02 1.529531367123126984e-02 1.439589634537696838e-02 3.162552416324615479e-02 6.019073538482189178e-03 1.610916852951049805e-02 1.712225191295146942e-02 1.267566066235303879e-02 2.022845484316349030e-02 2.831355109810829163e-02 1.340973307378590107e-03 9.006713517010211945e-03 3.052834793925285339e-02 6.646335823461413383e-04 1.164313964545726776e-02 2.681667171418666840e-02 4.699831362813711166e-03 5.540717393159866333e-03 1.126625295728445053e-02 2.392633818089962006e-03 2.235816605389118195e-02 1.457538083195686340e-02 1.238458231091499329e-02 1.000609435141086578e-02 6.727265659719705582e-03 7.432469632476568222e-03 1.389245782047510147e-02 1.778608933091163635e-02 1.763097755610942841e-02 7.043214864097535610e-04 1.901306398212909698e-02 4.384422674775123596e-03 5.919482186436653137e-02 6.594264879822731018e-03 4.324302449822425842e-02 1.082524005323648453e-02 1.725411415100097656e-02 6.042146589607000351e-03 2.171471947804093361e-03 5.393136292695999146e-03 4.314451012760400772e-03 7.951586158014833927e-04 3.293431922793388367e-02 3.808794310316443443e-03 1.016611326485872269e-02 5.377214984036982059e-04 1.910102739930152893e-02 2.664982806891202927e-03 1.081553008407354355e-02 1.384360902011394501e-02 4.988776054233312607e-03 1.846639253199100494e-02 5.768463946878910065e-03 9.894434362649917603e-03 1.439628191292285919e-02 6.793859414756298065e-03 1.100737508386373520e-02 3.005614690482616425e-02 2.036057412624359131e-02 1.866079121828079224e-02 8.846306591294705868e-04 3.830769564956426620e-03 2.909003943204879761e-02 2.645656839013099670e-02 1.816126517951488495e-02 3.744022222235798836e-03 2.292526327073574066e-02 2.661545295268297195e-03 1.708536781370639801e-02 1.807329710572957993e-03 5.459908396005630493e-02 3.164983540773391724e-02 1.976735144853591919e-02 8.270542137324810028e-03 6.602662056684494019e-02 4.084913525730371475e-03
1.080117281526327133e-02 4.336958809290081263e-04 9.455473627895116806e-04 5.029314756393432617e-02 8.290212154388427734e-01 2.078349329531192780e-02 7.597409654408693314e-03 1.409426145255565643e-02 4.671602509915828705e-03 6.222389172762632370e-03 2.350213937461376190e-02 2.073600655421614647e-03 3.462494583800435066e-03 4.705962259322404861e-03 9.547440335154533386e-03 1.918965717777609825e-03 1.902121677994728088e-02 2.797059714794158936e-02 4.977067466825246811e-03 2.657379955053329468e-03 6.506462581455707550e-03 1.095186825841665268e-02 2.763530472293496132e-03 8.096358738839626312e-03 4.866933450102806091e-03 2.301622554659843445e-02 3.145426139235496521e-02 7.920572534203529358e-03 1.159812603145837784e-02 1.069951977115124464e-04 1.369306701235473156e-04 2.568899281322956085e-02 5.770402494817972183e-03 8.743246085941791534e-03 5.813288153149187565e-04 1.021775789558887482e-02 1.614047563634812832e-03 2.520265430212020874e-02 3.482455760240554810e-02 5.358549207448959351e-02 1.630711369216442108e-02 2.025182911893352866e-04 3.374900843482464552e-04 9.955565445125102997e-03 1.139902696013450623e-02 2.205504663288593292e-02 4.902314394712448120e-03 3.183216555044054985e-03 3.315623151138424873e-03 1.788469729945063591e-03 1.345305470749735832e-03 5.344557110220193863e-03 3.432312607765197754e-02 3.036344982683658600e-02 7.975184358656406403e-03 2.959396457299590111e-03 3.406886383891105652e-02 9.598646312952041626e-03 2.882392145693302155e-02 1.182722859084606171e-02 2.358005195856094360e-02 2.406761050224304199e-04 1.003858074545860291e-02 2.484597079455852509e-02 1.375821419060230255e-02 4.913608543574810028e-03 1.493755914270877838e-02 8.095699362456798553e-03 1.793120801448822021e-02 1.896735653281211853e-02 4.395938478410243988e-03 2.829255769029259682e-03 2.037207037210464478e-02 1.957531087100505829e-02 6.317789852619171143e-02 1.471132622100412846e-03 2.700410783290863037e-02 1.037858985364437103e-02 1.392412092536687851e-02 1.977121643722057343e-02 2.125823870301246643e-02 9.787524119019508362e-03 4.588285833597183228e-02 3.830294311046600342e-02 1.547138299793004990e-02 1.403151918202638626e-02 1.818223390728235245e-04 7.638888899236917496e-03 1.884035882540047169e-03 6.171913351863622665e-03 1.048540696501731873e-02 1.587173901498317719e-02 1.186774857342243195e-02 1.103243418037891388e-02 1.376803591847419739e-02 3.772507980465888977e-02 2.689221128821372986e-02 9.471543133258819580e-03 5.162843968719244003e-03 8.277618326246738434e-03 9.476382285356521606e-03 1.499862596392631531e-02 1.952860876917839050e-02 1.870188862085342407e-02 9.268082678318023682e-03 5.820698570460081100e-03 1.342955697327852249e-02 1.063948776572942734e-02 1.245971955358982086e-02 7.222358137369155884e-03 2.253878489136695862e-02 2.137168124318122864e-02 2.716203918680548668e-03 8.338377811014652252e-03 3.081793710589408875e-02 1.267092395573854446e-02
5.774302408099174500e-02 5.498985573649406433e-02 3.013847162947058678e-03 3.497457131743431091e-02 2.078349329531192780e-02 8.290212154388427734e-01 6.206381320953369141e-02 7.101179100573062897e-03 1.390974503010511398e-02 5.875482223927974701e-03 3.459258005023002625e-02 1.924689509905874729e-03 3.392960131168365479e-02 1.752589084208011627e-02 9.780338034033775330e-03 3.499155491590499878e-02 1.452577859163284302e-02 1.104682683944702148e-02 1.040396280586719513e-02 2.112578973174095154e-02 1.585539057850837708e-02 3.193801734596490860e-03 2.196670882403850555e-02 1.504082139581441879e-02 2.683112397789955139e-02 3.327996283769607544e-02 6.498667877167463303e-03 2.284348011016845703e-03 1.974131539463996887e-02 1.263305265456438065e-02 7.121901959180831909e-03 2.847164683043956757e-02 5.523222032934427261e-03 2.360917627811431885e-02 3.196808323264122009e-02 1.267150510102510452e-02 9.692980675026774406e-04 1.515484508126974106e-02 2.266691997647285461e-02 1.731655001640319824e-02 1.945357769727706909e-02 9.424589574337005615e-03 6.551985628902912140e-03 2.145699970424175262e-02 1.535508688539266586e-02 2.573788724839687347e-02 6.122615933418273926e-02 3.949702531099319458e-02 1.750359684228897095e-02 3.141744760796427727e-03 2.331951074302196503e-02 1.182787679135799408e-02 1.465734560042619705e-03 7.094026543200016022e-03 6.777348462492227554e-03 2.068202244117856026e-03 2.358086407184600830e-02 1.905723661184310913e-02 1.226070686243474483e-03 7.302554324269294739e-03 1.475001312792301178e-02 2.181724086403846741e-02 1.991360820829868317e-02 1.781853614374995232e-03 3.523445501923561096e-02 4.490052163600921631e-02 2.522610127925872803e-02 2.710110135376453400e-02 3.499153256416320801e-02 3.130146302282810211e-03 2.781124226748943329e-02 1.380563993006944656e-02 2.858314197510480881e-03 9.791837073862552643e-03 7.902255747467279434e-04 3.376528155058622360e-03 2.850605361163616180e-02 9.421670809388160706e-03 5.465521244332194328e-04 5.810758564621210098e-03 1.781036704778671265e-02 1.006460282951593399e-02 4.976623225957155228e-03 1.467782421968877316e-03 2.842865139245986938e-02 1.771302521228790283e-02 2.822185121476650238e-02 1.320833247154951096e-02 3.447680175304412842e-02 1.048450358211994171e-02 2.339624054729938507e-02 2.097022719681262970e-02 1.717003807425498962e-02 1.353907585144042969e-02 6.809186656028032303e-03 1.204141136258840561e-02 4.535867366939783096e-03 6.832628976553678513e-03 1.902307383716106415e-02 1.581972464919090271e-02 1.816940121352672577e-02 1.778151281177997589e-02 1.004233676940202713e-02 1.860087737441062927e-02 2.141335234045982361e-02 4.192463587969541550e-03 3.067676723003387451e-02 9.795244550332427025e-04 1.693472266197204590e-03 1.141231879591941833e-02 2.381515316665172577e-02 2.431451156735420227e-02 2.165117859840393066e-02 1.864323019981384277e-02 2.853346616029739380e-02 3.697714535519480705e-03
4.540405794978141785e-02 4.696023091673851013e-02 1.669197902083396912e-02 1.565335318446159363e-02 7.597409654408693314e-03 6.206381320953369141e-02 8.290212154388427734e-01 5.460449494421482086e-03 1.117731910198926926e-02 4.114584007766097784e-04 3.323348984122276306e-02 4.689735360443592072e-03 3.084163740277290344e-02 1.911652646958827972e-02 9.656941518187522888e-03 3.022540733218193054e-02 1.746476627886295319e-02 9.983096271753311157e-03 2.081463858485221863e-02 1.719389855861663818e-02 2.059634774923324585e-02 7.922466029413044453e-04 1.973787322640419006e-02 1.133947633206844330e-02 2.441900223493576050e-02 2.136937156319618225e-02 1.463636849075555801e-02 3.298345021903514862e-03 4.418889433145523071e-02 1.322702318429946899e-02 2.944911643862724304e-02 3.128093853592872620e-02 1.622896827757358551e-02 1.867923513054847717e-02 3.333303332328796387e-02 6.744557525962591171e-03 1.775678596459329128e-03 1.574616506695747375e-02 1.196389831602573395e-02 1.079606544226408005e-02 7.291038986295461655e-03 5.179841537028551102e-03 1.685333997011184692e-02 4.776548128575086594e-03 1.415281649678945541e-02 2.879010327160358429e-02 5.113068222999572754e-02 5.858398973941802979e-02 2.333242259919643402e-02 6.850612349808216095e-03 1.986009068787097931e-02 6.187455728650093079e-03 3.604874247685074806e-03 1.097468566149473190e-02 8.290701545774936676e-03 9.993717074394226074e-03 2.538533322513103485e-02 9.337652474641799927e-03 1.221006619744002819e-03 8.907840587198734283e-03 2.347357571125030518e-02 2.326692827045917511e-02 1.085226517170667648e-02 1.595639809966087341e-02 4.444706812500953674e-02 4.868318140506744385e-02 2.664388716220855713e-02 2.525995299220085144e-02 3.191475570201873779e-02 3.679276444017887115e-03 2.533892355859279633e-02 1.205172971822321415e-03 1.549903675913810730e-02 1.100083999335765839e-02 8.695204742252826691e-03 1.886337436735630035e-02 2.774865180253982544e-02 7.674671709537506104e-03 1.949549652636051178e-03 2.035521902143955231e-02 1.561303343623876572e-02 5.302584264427423477e-03 1.158708147704601288e-02 9.785387665033340454e-03 2.754589729011058807e-02 9.781897068023681641e-03 3.128537535667419434e-02 1.693600788712501526e-02 2.841119281947612762e-02 7.412380538880825043e-03 3.673639148473739624e-02 3.297571837902069092e-02 4.294323176145553589e-02 2.250375784933567047e-02 5.404961295425891876e-03 8.985102176666259766e-03 6.450003013014793396e-03 9.538066573441028595e-03 1.336088124662637711e-02 8.553465828299522400e-03 7.684347685426473618e-03 6.006331648677587509e-03 2.565393224358558655e-03 1.559568848460912704e-02 1.945579610764980316e-02 1.152329519391059875e-02 1.253646053373813629e-02 1.228815875947475433e-03 7.686773780733346939e-03 1.542615424841642380e-02 1.667562313377857208e-02 2.665196917951107025e-02 1.359295286238193512e-02 1.486334763467311859e-02 1.560106873512268066e-02 1.006714720278978348e-02
1.678762584924697876e-02 4.278996959328651428e-03 6.515207141637802124e-02 1.496677473187446594e-02 1.409426145255565643e-02 7.101179100573062897e-03 5.460449494421482086e-03 8.290212154388427734e-01 4.524914082139730453e-03 7.517272606492042542e-03 1.455597113817930222e-02 2.148449979722499847e-02 7.145846262574195862e-03 1.408532448112964630e-02 1.291955541819334030e-02 1.222818624228239059e-03 5.394440609961748123e-03 7.247006520628929138e-03 1.752539165318012238e-02 5.550862289965152740e-03 1.781942136585712433e-02 2.716803550720214844e-02 5.370554514229297638e-03 1.249742577783763409e-03 2.744451537728309631e-02 1.671986281871795654e-02 1.330668223090469837e-03 4.381442442536354065e-03 5.404453258961439133e-04 1.765661686658859253e-02 1.969727454707026482e-03 1.861931756138801575e-02 5.844200961291790009e-03 5.648962687700986862e-04 3.490875940769910812e-03 1.917913369834423065e-02 1.344581879675388336e-02 1.348389778286218643e-03 3.108991496264934540e-02 4.341720417141914368e-02 1.405761018395423889e-02 8.430542424321174622e-03 3.380985872354358435e-04 2.805516496300697327e-02 1.288170181214809418e-02 6.560048088431358337e-03 8.136214688420295715e-03 2.786483382806181908e-03 1.023829262703657150e-02 1.729626557789742947e-03 1.083886483684182167e-03 1.228281855583190918e-02 9.351666085422039032e-03 1.076798420399427414e-02 3.931199666112661362e-03 1.285774912685155869e-02 3.124755993485450745e-02 2.326351031661033630e-02 4.406622052192687988e-02 3.317051380872726440e-02 2.226742450147867203e-03 1.650534011423587799e-02 2.863301709294319153e-02 3.207684680819511414e-02 1.500450191088020802e-03 7.171157281845808029e-03 6.021038279868662357e-04 3.638450987637042999e-03 7.545844651758670807e-03 6.370693445205688477e-03 2.233570441603660583e-03 7.582833990454673767e-03 2.791670558508485556e-04 2.290243282914161682e-02 1.098352391272783279e-02 2.211719751358032227e-02 1.101522892713546753e-02 1.529750600457191467e-02 1.384994015097618103e-02 1.707345061004161835e-02 5.393838509917259216e-02 7.139228284358978271e-02 2.189438417553901672e-02 1.341589353978633881e-02 1.747534051537513733e-02 1.345442049205303192e-02 3.452311828732490540e-02 4.015704616904258728e-02 1.610047556459903717e-02 1.455059926956892014e-02 1.454364042729139328e-02 7.184887770563364029e-03 1.395219471305608749e-03 1.076530106365680695e-02 3.634354844689369202e-02 2.039125189185142517e-02 6.257100962102413177e-03 9.460470173507928848e-04 5.723942536860704422e-03 3.080718219280242920e-03 3.994317725300788879e-03 1.239433069713413715e-03 1.012357976287603378e-02 1.783630251884460449e-02 2.367118000984191895e-02 5.095240194350481033e-03 1.844522915780544281e-02 2.847015112638473511e-02 1.613182714208960533e-03 4.234115406870841980e-02 9.505352936685085297e-03 2.247040858492255211e-03 7.269155699759721756e-03 9.097790345549583435e-03 2.773497253656387329e-02 9.003292769193649292e-03
4.962282255291938782e-03 3.744927002117037773e-03 2.466698409989476204e-03 1.457719225436449051e-02 4.671602509915828705e-03 1.390974503010511398e-02 1.117731910198926926e-02 4.524914082139730453e-03 8.290212154388427734e-01 4.205827414989471436e-02 1.619122736155986786e-02 1.502705505117774010e-03 1.110419258475303650e-02 1.556760072708129883e-02 2.117518335580825806e-02 4.491299390792846680e-03 2.180132083594799042e-02 5.836890265345573425e-02 2.071523666381835938e-02 6.549516692757606506e-03 3.520386060699820518e-03 1.973000727593898773e-02 1.486279629170894623e-02 7.192763499915599823e-03 1.941057038493454456e-03 7.748248521238565445e-03 2.267618104815483093e-02 1.950828731060028076e-02 1.077508833259344101e-02 2.961490303277969360e-02 5.078437970951199532e-04 3.778711333870887756e-02 1.902714557945728302e-02 2.790556289255619049e-02 6.997935939580202103e-03 6.734036724083125591e-04 5.244700238108634949e-03 9.472440928220748901e-03 2.524785511195659637e-02 1.797684095799922943e-02 6.691511254757642746e-03 3.889857605099678040e-02 2.028353326022624969e-02 2.550788782536983490e-02 2.320340089499950409e-02 2.263711951673030853e-02 4.179800394922494888e-03 1.468397676944732666e-03 4.099505394697189331e-02 2.785521931946277618e-02 8.585814386606216431e-03 5.733953788876533508e-03 1.852624677121639252e-02 3.345461934804916382e-02 3.865208476781845093e-02 2.719749137759208679e-02 2.206730423495173454e-03 3.154081758111715317e-03 1.684468053281307220e-02 9.420263580977916718e-03 3.694004938006401062e-02 1.059123594313859940e-02 5.172872915863990784e-03 6.830223370343446732e-03 1.051682513207197189e-02 3.412664169445633888e-03 2.143762074410915375e-02 2.436456643044948578e-02 3.069423511624336243e-02 3.209379687905311584e-02 3.035557223483920097e-03 4.795560240745544434e-02 2.632820792496204376e-02 1.899432949721813202e-02 3.050819784402847290e-02 2.113600261509418488e-02 5.104570090770721436e-02 2.005033381283283234e-02 3.624099865555763245e-02 3.100906684994697571e-02 4.262990783900022507e-03 1.441506389528512955e-02 2.844824339263141155e-04 3.956096619367599487e-02 1.845625974237918854e-02 2.517705596983432770e-02 9.479831904172897339e-03 5.823927465826272964e-03 3.767460212111473083e-02 1.796276308596134186e-02 3.876707982271909714e-03 4.771214909851551056e-03 8.934214711189270020e-03 2.596712484955787659e-02 2.443152712658047676e-03 1.619991473853588104e-02 3.661721572279930115e-02 2.619441226124763489e-02 4.792391508817672729e-02 2.478753589093685150e-02 3.006919287145137787e-02 2.207700908184051514e-02 2.667780779302120209e-02 2.184286899864673615e-02 4.604512359946966171e-03 7.366278208792209625e-03 1.751448772847652435e-02 5.651285871863365173e-03 1.796387508511543274e-02 1.010577566921710968e-02 8.084662258625030518e-03 9.499388746917247772e-03 2.055601775646209717e-02 1.987586729228496552e-02 5.931140854954719543e-03 5.552350543439388275e-03
8.795737288892269135e-03 4.653919022530317307e-03 1.226303633302450180e-02 2.165887504816055298e-02 6.222389172762632370e-03 5.875482223927974701e-03 4.114584007766097784e-04 7.517272606492042542e-03 4.205827414989471436e-02 8.290212154388427734e-01 2.274433895945549011e-02 6.055387202650308609e-03 6.640473729930818081e-04 1.798889599740505219e-02 6.679765414446592331e-03 3.103377530351281166e-03 8.606617338955402374e-03 3.274823725223541260e-02 4.756693914532661438e-02 1.771037583239376545e-03 1.243422459810972214e-02 2.031599543988704681e-02 2.077005244791507721e-02 3.003575839102268219e-02 1.428968459367752075e-02 1.288394723087549210e-02 1.239967159926891327e-02 1.822294108569622040e-02 1.836138311773538589e-03 1.333363074809312820e-02 1.121109165251255035e-02 1.998350583016872406e-02 1.658254489302635193e-02 2.285717986524105072e-02 4.692993126809597015e-03 7.644134573638439178e-03 2.495283819735050201e-02 6.194298155605792999e-03 2.734849974513053894e-02 2.167454175651073456e-02 1.042418461292982101e-02 3.616863116621971130e-02 3.121814876794815063e-02 3.077263385057449341e-02 3.148243576288223267e-02 3.412367403507232666e-02 1.361011294648051262e-03 2.502958988770842552e-03 3.275135532021522522e-02 4.932211712002754211e-02 7.597323041409254074e-03 3.988344687968492508e-03 1.014447864145040512e-02 1.651992351980879903e-04 2.672157436609268188e-02 5.256374925374984741e-02 2.171881962567567825e-03 3.454240411520004272e-02 5.693427752703428268e-03 1.749429106712341309e-02 6.840307265520095825e-03 2.233263477683067322e-02 1.876030582934617996e-03 6.167563260532915592e-04 2.085360232740640640e-03 5.367724224925041199e-03 1.327319722622632980e-02 1.880745775997638702e-02 8.780345320701599121e-03 3.145116940140724182e-02 3.030372411012649536e-02 1.371845044195652008e-02 2.739462628960609436e-02 2.601807937026023865e-02 3.560874378308653831e-03 2.895038807764649391e-03 1.040865574032068253e-02 5.943505838513374329e-02 3.917559608817100525e-02 4.303485527634620667e-02 1.126613095402717590e-02 4.160846117883920670e-03 1.394584681838750839e-02 5.072065815329551697e-02 1.351531501859426498e-02 1.713469251990318298e-02 5.505915265530347824e-03 1.723785139620304108e-02 2.246070280671119690e-02 5.543925240635871887e-02 5.237599369138479233e-03 4.142926540225744247e-03 1.217370270751416683e-03 1.474270597100257874e-02 8.278590627014636993e-03 2.580120228230953217e-02 2.196629904210567474e-02 1.064773765392601490e-03 3.643494471907615662e-02 4.226220771670341492e-02 2.984312176704406738e-02 3.531129285693168640e-02 1.575506292283535004e-02 1.508146815467625856e-04 6.373901851475238800e-03 1.698280870914459229e-02 2.248030714690685272e-02 2.636515349149703979e-02 2.838086336851119995e-02 4.016813635826110840e-02 1.468230318278074265e-02 1.377878990024328232e-02 2.494501881301403046e-02 2.038630284368991852e-02 3.308114362880587578e-03 2.906700223684310913e-02
5.839396640658378601e-02 3.673618659377098083e-02 1.024019811302423477e-02 6.997958291321992874e-03 2.350213937461376190e-02 3.459258005023002625e-02 3.323348984122276306e-02 1.455597113817930222e-02 1.619122736155986786e-02 2.274433895945549011e-02 8.290212154388427734e-01 2.657084260135889053e-03 4.002715274691581726e-02 4.087681416422128677e-03 1.738266274333000183e-02 3.750093653798103333e-02 3.498337417840957642e-02 4.110473208129405975e-03 4.850797820836305618e-03 3.220143727958202362e-03 3.666148288175463676e-03 7.285474333912134171e-03 2.878564409911632538e-02 3.883699327707290649e-02 9.104486554861068726e-03 7.444126997143030167e-03 2.478795358911156654e-03 2.000328153371810913e-02 2.468521893024444580e-02 2.292260900139808655e-02 7.195534650236368179e-03 2.590966410934925079e-02 3.155717568006366491e-04 1.605813018977642059e-02 1.732081919908523560e-02 2.017580345273017883e-02 1.598716713488101959e-02 9.955067187547683716e-03 3.325841622427105904e-03 2.110845671268180013e-04 2.815277874469757080e-02 9.044509381055831909e-03 1.079554785974323750e-03 3.508542850613594055e-02 1.035141525790095329e-03 6.290597375482320786e-03 4.610742628574371338e-02 3.407316654920578003e-02 1.337551418691873550e-02 2.163958176970481873e-02 1.562202069908380508e-02 5.863592494279146194e-03 2.890150621533393860e-02 9.877874515950679779e-03 1.429421920329332352e-02 1.119942776858806610e-02 1.084097567945718765e-02 2.607540227472782135e-02 4.038295522332191467e-02 1.080127712339162827e-02 1.674668677151203156e-02 2.514794655144214630e-02 2.127083949744701385e-02 1.810353435575962067e-02 4.045032709836959839e-02 4.261568933725357056e-02 5.981420166790485382e-03 1.415439695119857788e-02 1.947596482932567596e-02 7.606511004269123077e-03 2.736521139740943909e-02 6.342653185129165649e-03 4.523219540715217590e-04 1.707935146987438202e-02 2.577631734311580658e-02 2.243732567876577377e-03 7.158182561397552490e-03 2.327403612434864044e-02 1.272514183074235916e-02 5.396582651883363724e-03 1.486661378294229507e-03 1.478152582421898842e-03 2.314803749322891235e-02 1.803018525242805481e-02 1.756384782493114471e-02 9.294033050537109375e-03 2.767574228346347809e-02 4.099101293832063675e-03 4.486955702304840088e-02 2.792247571051120758e-02 1.365932635962963104e-02 2.225518971681594849e-02 1.817911118268966675e-02 1.168419420719146729e-02 1.467330846935510635e-02 7.143890950828790665e-03 1.159366406500339508e-02 3.790699411183595657e-03 2.691718935966491699e-02 2.971472591161727905e-02 1.388095691800117493e-02 1.141094975173473358e-02 6.852589081972837448e-03 1.256656926125288010e-02 5.133390426635742188e-03 1.612008316442370415e-03 1.217565778642892838e-02 1.793702977010980248e-04 3.388763638213276863e-03 4.280069377273321152e-03 2.700633928179740906e-02 1.888547278940677643e-02 1.350324135273694992e-02 1.463760994374752045e-02 1.381035777740180492e-03 5.503290332853794098e-03
9.519419982098042965e-04 5.508906673640012741e-03 1.915909908711910248e-02 2.316701784729957581e-02 2.073600655421614647e-03 1.924689509905874729e-03 4.689735360443592072e-03 2.148449979722499847e-02 1.502705505117774010e-03 6.055387202650308609e-03 2.657084260135889053e-03 8.290212154388427734e-01 5.851027090102434158e-03 8.811347186565399170e-02 7.644137833267450333e-03 2.232921496033668518e-02 7.263374049216508865e-03 1.263811253011226654e-02 5.419884342700242996e-03 1.244209520518779755e-02 7.485443726181983948e-03 8.687288500368595123e-03 3.481022547930479050e-03 9.667174890637397766e-03 5.426156334578990936e-03 6.757348892278969288e-04 2.259474061429500580e-02 1.970678754150867462e-02 2.513921633362770081e-02 5.574153736233711243e-03 3.056403994560241699e-02 1.099569164216518402e-02 1.802575029432773590e-02 3.213029354810714722e-02 2.369210869073867798e-02 1.302763447165489197e-02 2.488933503627777100e-02 4.613191820681095123e-03 3.283374477177858353e-03 1.149587798863649368e-02 2.223629876971244812e-02 2.128846384584903717e-02 2.817883621901273727e-03 3.000436583533883095e-03 3.321888670325279236e-02 2.336793020367622375e-02 1.087462529540061951e-02 1.022918801754713058e-02 7.352177985012531281e-03 9.054647758603096008e-03 1.457806676626205444e-02 2.614731155335903168e-02 6.150476401671767235e-04 3.307516500353813171e-02 9.468857198953628540e-03 9.456564672291278839e-03 2.661428041756153107e-02 3.764338791370391846e-02 1.723438315093517303e-02 3.370819240808486938e-02 1.714948005974292755e-02 1.940540224313735962e-02 5.355144385248422623e-03 3.483595699071884155e-02 2.760910429060459137e-03 1.270596752874553204e-03 2.665441716089844704e-03 1.151153724640607834e-02 5.578910000622272491e-03 1.204967498779296875e-02 3.331600688397884369e-03 6.110228598117828369e-03 1.019471790641546249e-02 1.294184708967804909e-03 2.080638427287340164e-03 3.971114754676818848e-03 3.039714507758617401e-02 2.655809931457042694e-02 2.189699001610279083e-02 2.494226954877376556e-02 9.658458642661571503e-03 3.713395819067955017e-02 1.857737451791763306e-02 6.403115577995777130e-03 6.684576161205768585e-03 1.973151043057441711e-02 2.357507869601249695e-02 2.997590973973274231e-02 5.059158895164728165e-03 1.604001410305500031e-02 1.808447018265724182e-02 5.199474748224020004e-03 1.053800527006387711e-02 5.513268522918224335e-03 3.865562379360198975e-02 4.157487768679857254e-03 3.327834885567426682e-03 1.337099471129477024e-03 4.044056870043277740e-03 2.877374412491917610e-03 2.340696565806865692e-02 6.774118170142173767e-03 4.094429779797792435e-03 1.535920146852731705e-02 6.454767659306526184e-03 1.400169916450977325e-02 2.192823402583599091e-02 2.701918594539165497e-02 5.493117496371269226e-03 2.091738209128379822e-02 2.064638771116733551e-02 1.639820821583271027e-02 1.408238708972930908e-02 2.360796090215444565e-03 2.618414908647537231e-02 3.882719576358795166e-02
3.951872140169143677e-02 5.491939559578895569e-02 2.897353842854499817e-04 2.681860933080315590e-03 3.462494583800435066e-03 3.392960131168365479e-02 3.084163740277290344e-02 7.145846262574195862e-03 1.110419258475303650e-02 6.640473729930818081e-04 4.002715274691581726e-02 5.851027090102434158e-03 8.290212154388427734e-01 2.046718029305338860e-03 2.946166694164276123e-02 5.013532564043998718e-02 4.345209151506423950e-02 1.356845535337924957e-02 1.598830334842205048e-02 1.223464403301477432e-02 1.196391321718692780e-02 2.400792017579078674e-02 4.177873581647872925e-02 3.175104409456253052e-02 5.691138561815023422e-03 1.814270019531250000e-02 6.572782993316650391e-03 3.107457235455513000e-02 1.965980604290962219e-02 2.532953582704067230e-02 2.333525381982326508e-02 1.607269234955310822e-02 2.797538787126541138e-02 2.257978171110153198e-02 2.671179175376892090e-02 1.333466847427189350e-03 2.037267759442329407e-02 1.902084611356258392e-02 9.837943129241466522e-03 7.465446367859840393e-03 1.881887950003147125e-02 2.357422001659870148e-02 2.562799304723739624e-02 1.587922126054763794e-02 2.897320687770843506e-02 1.503723673522472382e-02 4.297824949026107788e-02 3.525259718298912048e-02 8.781152777373790741e-03 4.484908655285835266e-03 1.229396462440490723e-02 1.027899421751499176e-02 1.512281876057386398e-02 9.720163070596754551e-04 1.854721643030643463e-02 1.131949108093976974e-02 4.149426240473985672e-03 5.822157487273216248e-03 9.523686952888965607e-03 1.174416393041610718e-03 9.474099497310817242e-04 2.134633995592594147e-02 1.137840468436479568e-02 1.954871974885463715e-02 3.804652765393257141e-02 4.745253920555114746e-02 2.058774000033736229e-03 1.589096523821353912e-02 2.269828505814075470e-02 1.812635920941829681e-02 3.415871039032936096e-02 1.888278685510158539e-02 3.132751956582069397e-02 5.705148214474320412e-04 3.530129790306091309e-02 8.466776460409164429e-03 4.966289270669221878e-03 7.413938175886869431e-03 1.663042604923248291e-02 2.331452211365103722e-03 1.804746501147747040e-02 5.840814555995166302e-04 5.347213242202997208e-03 6.748028681613504887e-05 1.057902444154024124e-02 9.114555083215236664e-03 2.580272592604160309e-02 1.987744867801666260e-02 1.632550358772277832e-02 1.953316852450370789e-03 2.955717220902442932e-02 2.871680818498134613e-02 2.205464988946914673e-02 4.358433187007904053e-02 1.278850436210632324e-02 1.419116044417023659e-03 2.696451963856816292e-03 1.810089126229286194e-02 2.500302158296108246e-03 4.840135108679533005e-03 1.276697032153606415e-02 1.008913014084100723e-02 1.134946011006832123e-02 2.604183740913867950e-02 1.644869521260261536e-02 9.376462548971176147e-03 5.946950986981391907e-04 1.924431696534156799e-02 1.943269558250904083e-02 6.141112186014652252e-03 8.555394597351551056e-03 1.866192184388637543e-02 4.893367178738117218e-03 4.543495888356119394e-04 2.582400338724255562e-03 1.607907353900372982e-03
