8.660808205604553223e-01 5.055243894457817078e-02 8.100750856101512909e-03 1.242165267467498779e-02 1.818617247045040131e-02 4.535007476806640625e-02 4.300422966480255127e-02 1.748462207615375519e-02 1.213897857815027237e-02 1.114216726273298264e-02 4.334748536348342896e-02 2.252677269279956818e-02 4.486341029405593872e-02 1.947257854044437408e-02 3.184963017702102661e-02 1.691388152539730072e-02 1.134438440203666687e-02 1.811839826405048370e-02 1.264755893498659134e-02 1.648784801363945007e-02 2.250706218183040619e-02 3.376652300357818604e-02 6.396771874278783798e-03 7.009731139987707138e-03 1.919628120958805084e-02 2.225258946418762207e-02 3.161890804767608643e-02 2.381274849176406860e-02 2.597826346755027771e-02 2.156322821974754333e-02 4.121371731162071228e-02 1.018252596259117126e-02 1.778243295848369598e-02 1.952841132879257202e-02 2.075562067329883575e-02 1.472495589405298233e-02 1.636390946805477142e-02 2.709107846021652222e-02 1.172827742993831635e-02 1.820193789899349213e-02 2.756903506815433502e-02 1.314250938594341278e-02 1.735746674239635468e-02 1.051080133765935898e-02 5.411312449723482132e-03 3.903518430888652802e-03 4.207068309187889099e-02 3.757655248045921326e-02 1.225308328866958618e-02 1.326865050941705704e-02 1.737011037766933441e-02 2.126382291316986084e-02 1.737663894891738892e-02 8.558159461244940758e-04 1.154333632439374924e-02 1.373202633112668991e-02 2.549824863672256470e-02 2.200548723340034485e-02 5.019550677388906479e-03 1.714015379548072815e-03 1.746439933776855469e-02 2.191144041717052460e-02 1.691332459449768066e-02 2.489763870835304260e-02 1.438739802688360214e-02 2.244112081825733185e-02 5.312629975378513336e-03 1.760328561067581177e-02 1.322441268712282181e-02 2.093281596899032593e-02 1.237856224179267883e-02 2.865845523774623871e-02 1.642734929919242859e-02 1.084610074758529663e-02 1.798612810671329498e-02 2.820402011275291443e-02 1.155542116612195969e-02 1.705878414213657379e-02 1.079823635518550873e-02 6.568820681422948837e-04 1.413145381957292557e-02 1.093077380210161209e-02 1.975726522505283356e-02 1.165160816162824631e-02 1.936203800141811371e-02 3.911633975803852081e-03 2.884464152157306671e-02 2.670817449688911438e-02 2.902775816619396210e-02 9.990434162318706512e-03 4.299790412187576294e-02 2.956028468906879425e-02 3.675213828682899475e-02 3.233557567000389099e-02 1.401454675942659378e-02 1.291132718324661255e-02 4.441469442099332809e-03 1.056905370205640793e-02 1.215137820690870285e-02 1.651405915617942810e-02 1.474022027105093002e-02 2.162452228367328644e-02 9.407564997673034668e-03 1.165389828383922577e-02 1.214063446968793869e-02 9.895781986415386200e-03 8.943663910031318665e-03 2.877186052501201630e-03 1.542330626398324966e-02 1.395126618444919586e-02 2.004170231521129608e-02 1.979036629199981689e-02 1.041389070451259613e-02 1.062802318483591080e-02 2.975222421810030937e-03 1.635606959462165833e-02
5.055243894457817078e-02 8.660808205604553223e-01 6.425323896110057831e-03 1.633771136403083801e-02 2.382352016866207123e-02 4.589893668889999390e-02 4.613149166107177734e-02 1.303347293287515640e-02 9.092051535844802856e-03 7.060041185468435287e-03 3.790715336799621582e-02 1.785161904990673065e-02 4.419710487127304077e-02 1.741515286266803741e-02 2.836563810706138611e-02 1.492534484714269638e-02 6.238299887627363205e-03 2.490483224391937256e-02 2.103206887841224670e-02 1.665387488901615143e-02 2.247788757085800171e-02 2.689683251082897186e-02 3.613261273130774498e-03 3.097239183261990547e-03 2.086579799652099609e-02 2.263916283845901489e-02 2.321122586727142334e-02 1.988110132515430450e-02 2.378778904676437378e-02 2.114165015518665314e-02 4.262415692210197449e-02 1.219587866216897964e-02 1.915439777076244354e-02 1.809844560921192169e-02 2.388867735862731934e-02 1.312522031366825104e-02 1.898567005991935730e-02 2.160986326634883881e-02 1.075945235788822174e-02 2.355958707630634308e-02 2.265802398324012756e-02 1.233683340251445770e-02 1.191236730664968491e-02 9.449243545532226562e-03 2.275323960930109024e-03 3.242692211642861366e-03 4.197629541158676147e-02 4.020474478602409363e-02 1.002888008952140808e-02 5.431541241705417633e-03 1.743850670754909515e-02 2.187696099281311035e-02 1.751652173697948456e-02 3.147576935589313507e-03 1.028333511203527451e-02 5.587533116340637207e-03 2.357162907719612122e-02 2.695416286587715149e-02 5.849970038980245590e-03 2.159333380404859781e-04 2.198605425655841827e-02 2.586646750569343567e-02 2.112093567848205566e-02 2.907036431133747101e-02 1.435859408229589462e-02 2.330036088824272156e-02 7.552596740424633026e-03 1.527228113263845444e-02 6.323060020804405212e-03 1.368605066090822220e-02 5.988787859678268433e-03 2.463768608868122101e-02 2.198584191501140594e-02 1.862364471890032291e-03 2.244436368346214294e-02 2.045275084674358368e-02 3.896969603374600410e-03 1.432480383664369583e-02 7.567332591861486435e-03 4.004357382655143738e-03 1.094107329845428467e-02 9.225689806044101715e-03 2.380701526999473572e-02 1.937574334442615509e-02 1.919130422174930573e-02 1.519281300716102123e-03 2.513585053384304047e-02 2.490399591624736786e-02 2.478407137095928192e-02 8.251890540122985840e-03 4.200103878974914551e-02 2.131578885018825531e-02 3.910779580473899841e-02 2.904233708977699280e-02 1.414182316511869431e-02 9.395472705364227295e-03 9.467704221606254578e-03 1.142008882015943527e-02 9.284353815019130707e-03 1.571234129369258881e-02 1.510372851043939590e-02 2.161910198628902435e-02 1.298636198043823242e-02 6.919279694557189941e-03 1.519032381474971771e-02 1.492841728031635284e-02 1.064650807529687881e-02 4.725063685327768326e-03 1.518066041171550751e-02 1.920639351010322571e-02 2.045359648764133453e-02 1.920208334922790527e-02 1.081668306142091751e-02 3.159676212817430496e-03 1.196337118744850159e-02 2.238836698234081268e-02
8.100750856101512909e-03 6.425323896110057831e-03 8.660808205604553223e-01 2.909527346491813660e-02 2.669359557330608368e-03 1.248988509178161621e-02 3.016893751919269562e-03 6.517338007688522339e-02 1.189252454787492752e-02 1.152587495744228363e-02 6.524885538965463638e-03 1.302855461835861206e-02 9.675088338553905487e-03 1.403356343507766724e-02 3.401961177587509155e-02 1.256803423166275024e-02 1.920008100569248199e-02 7.248106878250837326e-03 9.776461869478225708e-03 1.868360303342342377e-02 1.717836968600749969e-02 8.685417473316192627e-03 6.626817397773265839e-03 1.197046786546707153e-02 1.291307248175144196e-02 5.449246615171432495e-03 3.983975574374198914e-02 2.409023232758045197e-02 1.236419565975666046e-02 3.042314387857913971e-02 7.774674333631992340e-03 4.598948173224925995e-03 3.640333423390984535e-03 5.739438347518444061e-03 1.250112801790237427e-02 8.879037573933601379e-03 5.806414410471916199e-03 2.088782563805580139e-02 1.330394018441438675e-02 5.841873586177825928e-03 2.034114673733711243e-02 8.761019125813618302e-05 1.273943763226270676e-02 3.134566172957420349e-02 2.136176638305187225e-02 1.683164620772004128e-03 7.835817523300647736e-03 3.622890682891011238e-03 7.725413423031568527e-03 1.538934279233217239e-02 2.926633134484291077e-02 2.009433694183826447e-02 2.154116332530975342e-02 2.666113711893558502e-02 7.539959042333066463e-04 1.492534298449754715e-02 1.618436537683010101e-03 1.511395908892154694e-03 1.157402643002569675e-03 1.359918713569641113e-02 1.353906001895666122e-02 4.423992242664098740e-03 1.705833524465560913e-02 6.472150329500436783e-03 2.935826778411865234e-04 2.683196682482957840e-03 1.463762950152158737e-02 2.066186815500259399e-02 1.492759771645069122e-02 2.209406346082687378e-02 9.088642895221710205e-03 3.306081146001815796e-02 2.656816318631172180e-02 3.073851764202117920e-02 3.888453356921672821e-03 3.150808438658714294e-02 4.120586439967155457e-03 5.835533142089843750e-03 1.704587414860725403e-02 2.924179425463080406e-03 6.204219162464141846e-02 6.479743868112564087e-02 1.542832516133785248e-02 1.441851723939180374e-02 1.499471720308065414e-03 1.381078455597162247e-02 2.823566645383834839e-02 2.646135725080966949e-02 9.475030936300754547e-03 5.090213744551874697e-05 1.035563927143812180e-02 1.755477488040924072e-02 8.051763288676738739e-03 1.820525713264942169e-02 1.302950084209442139e-02 7.236464414745569229e-03 5.180081352591514587e-04 7.950014434754848480e-03 1.776050589978694916e-02 1.018920820206403732e-02 6.716261268593370914e-04 8.456829003989696503e-03 5.230423994362354279e-03 5.692744161933660507e-03 2.632471546530723572e-02 2.674345299601554871e-02 1.075102947652339935e-02 1.149194128811359406e-02 7.132681203074753284e-04 6.549266166985034943e-03 1.126677612774074078e-03 1.707684993743896484e-02 1.946986420080065727e-03 5.376550834625959396e-03 3.045911667868494987e-03 1.313276775181293488e-02
1.242165267467498779e-02 1.633771136403083801e-02 2.909527346491813660e-02 8.660808205604553223e-01 4.756657779216766357e-02 1.510497368872165680e-02 1.176529843360185623e-02 4.332641139626502991e-03 1.905109547078609467e-02 1.283996924757957458e-02 8.280026377178728580e-04 6.313633639365434647e-03 7.866706699132919312e-03 3.903507022187113762e-03 1.418446190655231476e-02 1.218950282782316208e-02 8.287260308861732483e-03 4.210500791668891907e-02 2.696376293897628784e-02 1.981916837394237518e-02 9.636675938963890076e-03 9.526018053293228149e-03 5.841934122145175934e-03 8.093148935586214066e-04 2.081843465566635132e-02 1.372363697737455368e-02 1.819204725325107574e-02 4.646864254027605057e-03 4.043247085064649582e-03 2.124917926266789436e-03 6.843438604846596718e-04 3.196368366479873657e-02 2.362719736993312836e-02 2.039462514221668243e-02 3.315208852291107178e-02 8.030111901462078094e-03 1.007213909178972244e-02 1.621291041374206543e-03 4.813536256551742554e-02 4.805924743413925171e-02 8.720636367797851562e-03 7.255553267896175385e-03 3.843016165774315596e-04 6.661086808890104294e-04 2.409584820270538330e-02 4.201241536065936089e-04 9.726290591061115265e-03 6.616277154535055161e-03 1.346078142523765564e-02 5.236554425209760666e-03 1.966763101518154144e-02 8.430907502770423889e-03 2.154264412820339203e-02 1.932449452579021454e-02 1.556235365569591522e-02 5.486145149916410446e-03 3.039875300601124763e-03 5.101103801280260086e-03 1.332233939319849014e-02 1.321740727871656418e-02 4.932700097560882568e-02 2.886047959327697754e-02 5.596774164587259293e-03 4.480334464460611343e-03 1.478357333689928055e-02 8.624931797385215759e-03 2.308149449527263641e-02 1.472292933613061905e-02 6.448868196457624435e-03 9.748619981110095978e-03 1.624514535069465637e-02 1.734544336795806885e-02 5.625270307064056396e-02 8.461429388262331486e-04 4.018813744187355042e-02 6.840290501713752747e-03 7.754578255116939545e-03 2.078308910131454468e-02 1.563909277319908142e-02 1.232380513101816177e-02 1.408518757671117783e-03 4.546703770756721497e-03 4.789770767092704773e-02 3.993178531527519226e-02 1.135323941707611084e-02 5.054924637079238892e-03 3.036065725609660149e-03 1.498581608757376671e-03 8.416491560637950897e-03 1.271782163530588150e-02 7.563165854662656784e-03 1.314468309283256531e-02 2.380373189225792885e-03 4.514571279287338257e-03 1.803026162087917328e-02 2.053893916308879852e-02 4.476246889680624008e-03 1.465946808457374573e-02 1.927341707050800323e-02 6.345609202980995178e-03 2.347183413803577423e-02 7.505280897021293640e-03 7.370855892077088356e-04 1.962151005864143372e-02 2.745200134813785553e-02 3.218098357319831848e-02 1.500912755727767944e-02 2.553605474531650543e-02 9.042860940098762512e-03 1.748695783317089081e-02 1.264998130500316620e-02 1.689982600510120392e-02 6.451295223087072372e-03 3.685686038807034492e-03 1.146236341446638107e-02 1.474118977785110474e-02
1.818617247045040131e-02 2.382352016866207123e-02 2.669359557330608368e-03 4.756657779216766357e-02 8.660808205604553223e-01 1.988097093999385834e-02 2.039570361375808716e-02 4.884536843746900558e-03 2.863287180662155151e-02 3.860828233882784843e-03 7.781999651342630386e-03 6.844857241958379745e-03 1.181604247540235519e-02 4.975210409611463547e-03 1.313878688961267471e-02 2.159853465855121613e-02 5.877439398318529129e-03 4.066920280456542969e-02 4.164002835750579834e-02 2.055854164063930511e-02 1.151068322360515594e-02 1.060086395591497421e-02 1.357194501906633377e-02 2.772800158709287643e-03 2.563302405178546906e-02 1.656942442059516907e-02 3.897758724633604288e-04 7.459865417331457138e-03 1.127962139435112476e-03 2.918511861935257912e-03 1.311097387224435806e-02 4.034437611699104309e-02 1.564617082476615906e-02 2.175517566502094269e-02 2.567883953452110291e-02 1.518632937222719193e-02 1.971117407083511353e-02 5.667346529662609100e-03 5.146994441747665405e-02 4.176534712314605713e-02 1.101191900670528412e-02 2.230368740856647491e-02 1.222728984430432320e-03 4.582372028380632401e-03 3.726398106664419174e-03 1.376308267936110497e-03 2.237388677895069122e-02 2.249350585043430328e-02 2.185657992959022522e-02 1.936075161211192608e-03 1.884445548057556152e-02 1.143443305045366287e-02 2.998543716967105865e-02 1.139207277446985245e-02 2.486092038452625275e-02 3.538440912961959839e-03 5.467937793582677841e-03 2.526012808084487915e-02 4.206757294014096260e-04 1.873215474188327789e-02 4.305650293827056885e-02 3.745684772729873657e-02 1.168992370367050171e-02 1.763125322759151459e-02 1.325153000652790070e-02 1.731026917695999146e-03 2.367317117750644684e-02 4.642080515623092651e-03 1.689083501696586609e-02 1.713412441313266754e-02 7.022441364824771881e-03 1.159339328296482563e-03 4.228167235851287842e-02 1.473166607320308685e-02 4.759927093982696533e-02 1.206610910594463348e-02 1.690824888646602631e-02 2.429469861090183258e-02 8.150292560458183289e-03 7.392528932541608810e-04 1.020136382430791855e-02 8.685066364705562592e-03 5.237951129674911499e-02 3.325003758072853088e-02 2.111767791211605072e-02 3.423588350415229797e-03 1.124037546105682850e-03 2.758859423920512199e-03 1.694274134933948517e-02 1.546715502627193928e-03 1.879180595278739929e-02 1.293030660599470139e-02 2.060975506901741028e-02 9.557118173688650131e-04 3.274225443601608276e-02 2.267331257462501526e-02 1.924053952097892761e-02 1.635725051164627075e-02 2.411681413650512695e-02 9.045237675309181213e-03 3.209570422768592834e-02 1.783070899546146393e-02 1.268348470330238342e-02 1.672839187085628510e-02 4.101138189435005188e-02 2.726395614445209503e-02 1.877348311245441437e-02 2.663316950201988220e-02 1.148928329348564148e-02 1.866459473967552185e-02 8.497108705341815948e-03 3.569442080333828926e-03 1.443713158369064331e-02 5.722406203858554363e-04 1.012504380196332932e-02 2.105155028402805328e-02
4.535007476806640625e-02 4.589893668889999390e-02 1.248988509178161621e-02 1.510497368872165680e-02 1.988097093999385834e-02 8.660808205604553223e-01 5.457099527120590210e-02 1.641501672565937042e-02 1.495373994112014771e-02 7.598986849188804626e-03 3.240177035331726074e-02 3.027491271495819092e-02 3.655613213777542114e-02 3.116434067487716675e-02 2.926025353372097015e-02 1.145220827311277390e-02 8.602935820817947388e-03 2.245506644248962402e-02 2.657468803226947784e-02 7.776662241667509079e-03 1.314169354736804962e-02 2.730614691972732544e-02 1.662420667707920074e-02 8.832719177007675171e-03 1.108922995626926422e-02 1.366591360419988632e-02 2.265341393649578094e-02 3.285659849643707275e-02 1.274642813950777054e-02 3.189378604292869568e-02 3.086693957448005676e-02 1.057451870292425156e-02 1.376692112535238266e-02 1.289248839020729065e-02 2.188080176711082458e-02 1.404757052659988403e-02 1.823365129530429840e-02 1.443249918520450592e-02 1.121268328279256821e-02 1.896651461720466614e-02 1.119727641344070435e-02 1.944430544972419739e-02 1.912289485335350037e-02 4.802496172487735748e-03 6.253879517316818237e-03 1.030581165105104446e-02 4.959711432456970215e-02 4.342841356992721558e-02 7.125890813767910004e-03 4.189793951809406281e-03 2.056701108813285828e-02 2.627690881490707397e-02 1.274963188916444778e-02 8.106956258416175842e-03 5.004256498068571091e-03 5.916048772633075714e-03 1.491908170282840729e-02 1.909061148762702942e-02 8.621813729405403137e-03 5.683067720383405685e-03 1.490994822233915329e-02 2.301234379410743713e-02 1.622210629284381866e-02 2.577448263764381409e-02 8.510018815286457539e-04 1.042163651436567307e-02 6.368055474013090134e-04 1.513501908630132675e-02 1.117898151278495789e-02 1.084558665752410889e-02 7.154333405196666718e-03 2.042026445269584656e-02 1.544994488358497620e-02 1.337052322924137115e-03 1.730913668870925903e-02 2.301751822233200073e-02 1.241476554423570633e-02 2.209692075848579407e-02 1.287840679287910461e-02 1.166943274438381195e-02 1.097348053008317947e-02 9.095191955566406250e-03 1.729509420692920685e-02 1.421291008591651917e-02 1.709812693297863007e-02 3.547512460500001907e-03 2.262196876108646393e-02 2.008488401770591736e-02 3.704660758376121521e-02 1.577454991638660431e-02 3.976320475339889526e-02 1.878313347697257996e-02 3.762071952223777771e-02 2.323665283620357513e-02 1.195842679589986801e-02 1.519113220274448395e-02 5.640089511871337891e-03 4.612888675183057785e-03 2.162412367761135101e-02 1.797694340348243713e-02 1.378135010600090027e-02 1.268405839800834656e-02 3.793403971940279007e-03 1.643566787242889404e-02 1.454769633710384369e-02 6.750104483217000961e-03 8.160386234521865845e-03 1.433116383850574493e-02 9.693960659205913544e-03 6.493576336652040482e-03 1.156813930720090866e-02 1.117090042680501938e-02 1.264277100563049316e-02 1.897726953029632568e-02 1.187307178042829037e-03 2.124139294028282166e-02
4.300422966480255127e-02 4.613149166107177734e-02 3.016893751919269562e-03 1.176529843360185623e-02 2.039570361375808716e-02 5.457099527120590210e-02 8.660808205604553223e-01 4.768881946802139282e-03 1.313662249594926834e-02 7.288668304681777954e-03 3.580842167139053345e-02 2.444406226277351379e-02 4.004967212677001953e-02 2.982085011899471283e-02 2.397135645151138306e-02 1.485067978501319885e-02 1.121017150580883026e-02 2.433497086167335510e-02 2.378943376243114471e-02 2.532421844080090523e-03 4.317743238061666489e-03 3.051880933344364166e-02 9.512048214673995972e-03 5.049166269600391388e-03 1.101633161306381226e-02 1.516249310225248337e-02 1.640770770609378815e-02 2.527160756289958954e-02 2.409555017948150635e-02 2.873796038329601288e-02 3.618995845317840576e-02 1.150344870984554291e-02 1.999374106526374817e-02 8.781570941209793091e-03 1.980108581483364105e-02 3.574676113203167915e-03 1.064232829958200455e-02 1.164621300995349884e-02 1.046904549002647400e-02 2.079028263688087463e-02 8.202827535569667816e-03 1.162666361778974533e-02 1.322356704622507095e-02 4.139754455536603928e-03 1.122040208429098129e-02 1.682804524898529053e-02 5.329123511910438538e-02 5.706382170319557190e-02 9.408897720277309418e-03 6.030658259987831116e-03 6.981098558753728867e-03 1.267313305288553238e-02 1.180239301174879074e-02 6.135695148259401321e-03 1.266905572265386581e-02 6.536342203617095947e-03 2.055780589580535889e-02 2.828761562705039978e-02 3.865667153149843216e-03 3.721620421856641769e-03 1.862968318164348602e-02 1.959760673344135284e-02 2.514288388192653656e-02 2.756385132670402527e-02 1.298580039292573929e-02 2.278104610741138458e-02 2.740801544860005379e-03 8.484900929033756256e-03 1.069044414907693863e-02 8.298838511109352112e-03 1.106711756438016891e-02 1.884856261312961578e-02 1.793421246111392975e-02 1.018456369638442993e-02 1.967751234769821167e-02 1.929388381540775299e-02 9.765420109033584595e-03 1.555658318102359772e-02 1.532958075404167175e-02 1.014569588005542755e-02 5.911499261856079102e-03 4.176860675215721130e-03 1.581692136824131012e-02 2.036517485976219177e-02 1.405575498938560486e-02 1.648929086513817310e-03 2.025691419839859009e-02 2.431452460587024689e-02 3.027586638927459717e-02 2.699449844658374786e-02 4.512878507375717163e-02 2.001298032701015472e-02 4.962386190891265869e-02 2.830923721194267273e-02 1.127241831272840500e-02 1.305196434259414673e-02 6.024776026606559753e-03 1.466803159564733505e-02 6.955144461244344711e-03 6.745737511664628983e-03 1.429725624620914459e-02 1.574997045099735260e-02 4.666733555495738983e-03 2.904520835727453232e-03 1.578400656580924988e-02 7.409308105707168579e-03 1.194664370268583298e-02 2.841737295966595411e-04 1.382695883512496948e-02 1.433576643466949463e-02 1.114784181118011475e-02 1.019390299916267395e-02 5.776629783213138580e-03 3.079287009313702583e-03 1.619490608572959900e-02 2.682063914835453033e-02
1.748462207615375519e-02 1.303347293287515640e-02 6.517338007688522339e-02 4.332641139626502991e-03 4.884536843746900558e-03 1.641501672565937042e-02 4.768881946802139282e-03 8.660808205604553223e-01 6.701199803501367569e-03 1.763226580806076527e-03 1.802239567041397095e-02 2.283676899969577789e-02 1.966123096644878387e-02 2.280569449067115784e-02 4.765083640813827515e-02 3.584878752008080482e-03 1.222155895084142685e-02 7.157662184908986092e-04 8.000064641237258911e-03 2.257573418319225311e-02 3.727413341403007507e-02 1.547695789486169815e-02 8.520136587321758270e-03 1.069827750325202942e-02 1.573413424193859100e-02 1.657634228467941284e-02 3.190138563513755798e-02 2.589475363492965698e-02 5.799261853098869324e-03 3.719254583120346069e-02 5.886980798095464706e-03 5.709934048354625702e-03 8.125762455165386200e-03 1.966284401714801788e-02 1.012666523456573486e-02 2.604546770453453064e-02 2.462024241685867310e-02 2.895368449389934540e-02 3.344888333231210709e-03 4.924177192151546478e-03 2.550439722836017609e-02 7.104414980858564377e-03 1.574222743511199951e-02 2.068593725562095642e-02 5.538598634302616119e-03 7.223538123071193695e-03 2.067951485514640808e-03 4.961726954206824303e-04 4.153453744947910309e-03 2.806476550176739693e-04 3.561072424054145813e-02 2.918550930917263031e-02 2.477408573031425476e-02 3.202454000711441040e-02 1.682985457591712475e-04 2.014161786064505577e-03 7.078443188220262527e-03 3.862710203975439072e-03 1.326590962707996368e-02 2.760099619626998901e-02 2.198267728090286255e-03 9.098520968109369278e-04 1.278991717845201492e-02 4.102493636310100555e-03 8.231005631387233734e-03 8.083364926278591156e-03 1.851760223507881165e-02 3.110653534531593323e-02 4.407328553497791290e-03 3.308663517236709595e-02 7.533228490501642227e-03 2.792857214808464050e-02 9.459543973207473755e-03 3.510520979762077332e-02 2.445600926876068115e-03 3.597772121429443359e-02 5.134663544595241547e-03 4.410042427480220795e-03 2.296333113918080926e-04 1.409954950213432312e-02 6.492023169994354248e-02 6.348111480474472046e-02 9.885160252451896667e-03 1.043236162513494492e-02 8.622330613434314728e-03 1.138135977089405060e-02 4.610520973801612854e-02 3.642557561397552490e-02 7.460715249180793762e-03 5.533928982913494110e-03 5.965720629319548607e-04 2.869386970996856689e-02 2.086469670757651329e-03 2.324876934289932251e-02 5.765106994658708572e-03 5.529932095669209957e-04 9.974726475775241852e-03 1.899078302085399628e-02 9.894060902297496796e-03 1.309331320226192474e-02 3.242079634219408035e-03 4.998076707124710083e-03 8.086174726486206055e-03 9.686692617833614349e-03 1.608786731958389282e-02 2.100315690040588379e-02 1.153824478387832642e-02 3.024912439286708832e-03 4.593365825712680817e-03 4.706952255219221115e-03 1.635294221341609955e-02 2.951529808342456818e-02 1.492187753319740295e-02 1.257321797311306000e-02 3.503352869302034378e-03 9.559514001011848450e-03
1.213897857815027237e-02 9.092051535844802856e-03 1.189252454787492752e-02 1.905109547078609467e-02 2.863287180662155151e-02 1.495373994112014771e-02 1.313662249594926834e-02 6.701199803501367569e-03 8.660808205604553223e-01 4.068548232316970825e-02 8.852771483361721039e-03 1.423130091279745102e-02 5.548282060772180557e-03 7.781352382153272629e-03 9.411162696778774261e-03 4.544799774885177612e-02 4.164434596896171570e-02 2.508365921676158905e-02 1.977569051086902618e-02 2.009013853967189789e-02 1.183435786515474319e-03 8.925449103116989136e-03 3.849437087774276733e-02 2.990918047726154327e-02 1.870986260473728180e-02 8.800060488283634186e-03 2.755903638899326324e-03 6.565082818269729614e-03 1.349839614704251289e-03 2.247063908725976944e-03 1.340320520102977753e-02 3.180082887411117554e-02 2.887491718865931034e-04 2.370701543986797333e-02 1.234250050038099289e-02 1.939021795988082886e-02 1.134247705340385437e-02 7.434739964082837105e-04 1.629565097391605377e-02 1.994782127439975739e-02 1.779059413820505142e-03 4.316277056932449341e-02 1.396966073662042618e-02 1.295281294733285904e-02 2.393091283738613129e-02 7.616785354912281036e-03 1.645081490278244019e-02 1.276728417724370956e-02 4.372778907418251038e-02 2.777073532342910767e-02 5.337025504559278488e-03 9.172158315777778625e-03 1.543722860515117645e-02 1.854059519246220589e-03 4.361765086650848389e-02 3.020441904664039612e-02 9.949794970452785492e-03 5.014932714402675629e-03 1.045711804181337357e-02 1.986772008240222931e-02 1.992027834057807922e-02 2.593764290213584900e-02 1.071178354322910309e-02 9.697759523987770081e-03 1.069128978997468948e-02 4.449286963790655136e-03 2.413575910031795502e-02 6.280992180109024048e-03 5.638922750949859619e-02 1.051711570471525192e-02 4.811047017574310303e-02 3.776693716645240784e-03 2.200112305581569672e-02 4.187893588095903397e-03 2.742483839392662048e-02 3.421295434236526489e-03 5.300449207425117493e-02 4.187153279781341553e-02 3.692164644598960876e-02 4.707991611212491989e-03 8.897305466234683990e-03 1.255312003195285797e-02 2.046766877174377441e-02 1.739628985524177551e-02 2.666020952165126801e-02 7.435081060975790024e-03 3.511337330564856529e-03 2.153198234736919403e-03 2.810357138514518738e-02 1.409076806157827377e-02 1.731168292462825775e-02 2.614706289023160934e-03 1.555312145501375198e-02 6.044848822057247162e-03 3.630260750651359558e-02 3.350986167788505554e-02 6.415016017854213715e-03 2.913837670348584652e-04 2.852637134492397308e-02 1.743000932037830353e-02 3.233508765697479248e-02 2.552045322954654694e-02 2.812042948789894581e-04 3.556245006620883942e-03 1.392978709191083908e-02 8.996554650366306305e-03 2.067738957703113556e-02 1.462660636752843857e-02 2.025439403951168060e-02 1.804565894417464733e-03 5.530504975467920303e-03 8.615078404545783997e-03 3.213814273476600647e-02 9.904262609779834747e-03 1.619863091036677361e-03 1.327414531260728836e-02
1.114216726273298264e-02 7.060041185468435287e-03 1.152587495744228363e-02 1.283996924757957458e-02 3.860828233882784843e-03 7.598986849188804626e-03 7.288668304681777954e-03 1.763226580806076527e-03 4.068548232316970825e-02 8.660808205604553223e-01 8.008711040019989014e-03 1.692694984376430511e-02 2.821641508489847183e-03 1.744480989873409271e-02 6.153165013529360294e-04 4.207931086421012878e-02 5.036154016852378845e-02 1.783708669245243073e-02 6.899015512317419052e-03 2.333268336951732635e-02 1.655376865528523922e-03 5.032174754887819290e-03 2.474035695195198059e-02 4.153689369559288025e-02 1.568244025111198425e-02 3.507001558318734169e-03 8.266909047961235046e-03 4.743718076497316360e-03 1.709961914457380772e-03 4.701869911514222622e-04 1.177019346505403519e-02 1.484337542206048965e-02 8.663222193717956543e-03 3.014902397990226746e-02 8.406880311667919159e-03 1.935087703168392181e-02 6.842798553407192230e-03 2.390517620369791985e-03 1.485375408083200455e-02 7.413436193019151688e-03 2.856534440070390701e-03 2.381455339491367340e-02 2.655340358614921570e-02 8.619944564998149872e-03 3.224882856011390686e-02 1.690020598471164703e-02 1.355495769530534744e-02 6.093455478549003601e-03 3.254269063472747803e-02 4.568942263722419739e-02 4.168904852122068405e-03 1.639966666698455811e-02 3.054575063288211823e-03 7.789629511535167694e-03 3.217386454343795776e-02 5.310370400547981262e-02 4.812501836568117142e-03 1.148226670920848846e-02 1.869936473667621613e-02 1.959506794810295105e-02 5.411945749074220657e-03 1.003364939242601395e-02 1.269371155649423599e-02 3.544678678736090660e-03 9.654814377427101135e-03 1.504367124289274216e-02 1.529625058174133301e-02 4.479578230530023575e-03 4.678618907928466797e-02 2.956413896754384041e-03 5.936119705438613892e-02 1.189725566655397415e-02 1.650056429207324982e-02 1.702253520488739014e-02 6.700074300169944763e-03 1.165370270609855652e-02 3.988215327262878418e-02 4.933017492294311523e-02 3.337834030389785767e-02 3.025824390351772308e-02 7.663569878786802292e-03 7.881320081651210785e-03 3.377869026735424995e-03 2.072148211300373077e-02 1.098073367029428482e-02 1.426345389336347580e-02 1.607635989785194397e-03 2.779639034997671843e-04 1.369761023670434952e-02 2.817051485180854797e-02 1.611068658530712128e-02 6.093299598433077335e-04 8.241112343966960907e-03 5.015780217945575714e-03 2.111299894750118256e-02 2.672529779374599457e-02 1.326325442641973495e-02 6.392046343535184860e-03 2.546172775328159332e-02 3.330333903431892395e-02 2.086457237601280212e-02 2.706416510045528412e-02 1.731426827609539032e-02 1.501828804612159729e-02 1.054489985108375549e-02 7.022212957963347435e-05 2.160504274070262909e-02 1.523519959300756454e-02 2.796834707260131836e-02 2.039521560072898865e-02 9.166692383587360382e-03 2.635471522808074951e-03 2.175903506577014923e-02 1.311166118830442429e-02 2.218006923794746399e-02 3.553598187863826752e-03
4.334748536348342896e-02 3.790715336799621582e-02 6.524885538965463638e-03 8.280026377178728580e-04 7.781999651342630386e-03 3.240177035331726074e-02 3.580842167139053345e-02 1.802239567041397095e-02 8.852771483361721039e-03 8.008711040019989014e-03 8.660808205604553223e-01 2.555756643414497375e-02 4.385394230484962463e-02 1.918443478643894196e-02 3.344497829675674438e-02 1.564313471317291260e-02 6.800852715969085693e-03 1.078826934099197388e-02 2.042400650680065155e-03 1.539339963346719742e-02 1.207277737557888031e-02 4.204183071851730347e-02 4.937056452035903931e-03 7.422440685331821442e-03 2.029396966099739075e-02 2.250894904136657715e-02 3.599188849329948425e-02 2.480274625122547150e-02 4.387710615992546082e-02 2.155411615967750549e-02 3.929503634572029114e-02 7.965121418237686157e-03 1.104236580431461334e-02 1.637828536331653595e-02 2.021810784935951233e-02 1.248754467815160751e-02 9.728630073368549347e-03 3.553099930286407471e-02 2.898111008107662201e-03 1.146237272769212723e-02 3.796458616852760315e-02 9.590676054358482361e-03 1.668852008879184723e-02 1.699076779186725616e-02 1.433272659778594971e-02 1.019725296646356583e-02 3.904485702514648438e-02 3.552513197064399719e-02 1.134264096617698669e-02 1.367767155170440674e-02 9.326822124421596527e-03 1.553958375006914139e-02 2.199792861938476562e-02 3.779036633204668760e-04 1.260579098016023636e-02 9.324188344180583954e-03 3.634129464626312256e-02 2.453244104981422424e-02 1.414703391492366791e-02 5.786313675343990326e-03 1.516802422702312469e-02 2.126741595566272736e-02 1.507533900439739227e-02 2.609357796609401703e-02 2.984431758522987366e-02 2.843038924038410187e-02 4.919719882309436798e-03 8.571026846766471863e-03 1.663489267230033875e-02 3.421593457460403442e-02 1.443641725927591324e-02 3.417446091771125793e-02 1.038219500333070755e-02 1.966488733887672424e-02 1.832511462271213531e-02 3.192990645766258240e-02 9.547084569931030273e-03 1.246367953717708588e-02 1.738431863486766815e-02 2.548660384491086006e-03 1.908345893025398254e-02 1.165302935987710953e-02 1.532086916267871857e-02 5.573859671130776405e-04 1.854099705815315247e-02 6.238544825464487076e-03 3.704731166362762451e-02 3.253872692584991455e-02 2.634250372648239136e-02 1.503846049308776855e-02 4.241689294576644897e-02 4.094912111759185791e-02 3.327827155590057373e-02 4.064174368977546692e-02 8.709553629159927368e-03 6.458978168666362762e-03 1.296693366020917892e-02 1.916093938052654266e-02 5.210763309150934219e-03 1.167178619652986526e-02 1.249442063271999359e-02 2.045090310275554657e-02 1.783026009798049927e-02 2.890064148232340813e-03 8.827880024909973145e-03 1.015292294323444366e-02 7.302693091332912445e-03 1.251670438796281815e-02 1.620302349328994751e-02 1.673600077629089355e-02 3.072611987590789795e-02 3.149659559130668640e-02 7.527153939008712769e-03 2.833615988492965698e-03 1.132486853748559952e-02 1.777766644954681396e-02
2.252677269279956818e-02 1.785161904990673065e-02 1.302855461835861206e-02 6.313633639365434647e-03 6.844857241958379745e-03 3.027491271495819092e-02 2.444406226277351379e-02 2.283676899969577789e-02 1.423130091279745102e-02 1.692694984376430511e-02 2.555756643414497375e-02 8.660808205604553223e-01 1.923160254955291748e-02 5.711029097437858582e-02 2.445589192211627960e-02 1.558923907577991486e-02 2.689951332286000252e-03 1.212950237095355988e-02 2.591619035229086876e-03 1.674159429967403412e-02 5.827696062624454498e-03 1.459925156086683273e-02 3.381697088479995728e-02 2.878735587000846863e-02 1.649867556989192963e-02 1.800134032964706421e-02 1.385440863668918610e-02 5.037992820143699646e-02 6.839561276137828827e-03 4.217452555894851685e-02 1.441785693168640137e-02 9.451530873775482178e-03 3.410937730222940445e-03 1.442451123148202896e-02 1.236004941165447235e-02 2.766234613955020905e-02 2.046271227300167084e-02 8.987704291939735413e-03 1.449942647013813257e-04 2.733886474743485451e-03 1.380657870322465897e-02 2.421545796096324921e-02 3.432531282305717468e-02 1.017101667821407318e-02 4.816262796521186829e-02 4.108569771051406860e-02 2.723586745560169220e-02 2.117880806326866150e-02 1.319478079676628113e-02 1.117064710706472397e-02 3.199073672294616699e-02 3.649611398577690125e-02 2.187737822532653809e-02 2.085321582853794098e-03 9.173715487122535706e-03 3.421694040298461914e-03 2.186318114399909973e-02 1.788819767534732819e-02 1.369876554235816002e-03 2.855636877939105034e-03 6.998792756348848343e-03 7.689861115068197250e-03 7.035189628368243575e-05 1.123207993805408478e-02 2.621299121528863907e-03 9.474699385464191437e-03 5.888196174055337906e-03 4.747423343360424042e-03 2.280006185173988342e-02 1.425132062286138535e-02 1.138933561742305756e-02 1.690526306629180908e-02 8.260087110102176666e-03 5.840035155415534973e-03 9.862872771918773651e-03 1.842689141631126404e-02 1.341960299760103226e-02 1.929363608360290527e-02 3.540153056383132935e-02 3.461605310440063477e-02 1.626037247478961945e-02 1.626269146800041199e-02 1.208875142037868500e-02 1.386997988447546959e-03 2.324238978326320648e-02 2.712855115532875061e-02 2.404051832854747772e-02 1.883346214890480042e-02 4.035563021898269653e-02 3.990099206566810608e-02 2.093394659459590912e-02 1.747085899114608765e-02 2.068320289254188538e-02 1.859380304813385010e-02 1.426301896572113037e-02 1.050947792828083038e-02 7.233248092234134674e-03 1.819207449443638325e-03 2.503035031259059906e-02 2.427322603762149811e-02 1.480714976787567139e-02 1.656852476298809052e-02 7.172566838562488556e-03 2.127225138247013092e-02 1.779182069003582001e-02 8.122179657220840454e-03 1.791775412857532501e-02 6.491811946034431458e-03 1.788779348134994507e-02 9.850404225289821625e-03 1.655915752053260803e-02 1.891489699482917786e-02 2.802598476409912109e-02 3.793350607156753540e-02 2.699704142287373543e-03 1.512322016060352325e-02
4.486341029405593872e-02 4.419710487127304077e-02 9.675088338553905487e-03 7.866706699132919312e-03 1.181604247540235519e-02 3.655613213777542114e-02 4.004967212677001953e-02 1.966123096644878387e-02 5.548282060772180557e-03 2.821641508489847183e-03 4.385394230484962463e-02 1.923160254955291748e-02 8.660808205604553223e-01 1.949730515480041504e-02 3.594267740845680237e-02 7.794208824634552002e-03 2.582215704023838043e-03 1.335767935961484909e-02 5.841669160872697830e-03 1.141793373972177505e-02 1.684956252574920654e-02 3.650031983852386475e-02 8.079160936176776886e-03 8.802839554846286774e-03 1.792345196008682251e-02 2.742478437721729279e-02 2.917595021426677704e-02 2.274358831346035004e-02 3.167841583490371704e-02 2.383965067565441132e-02 4.079230874776840210e-02 1.088357158005237579e-02 1.869305968284606934e-02 1.361065916717052460e-02 2.293445728719234467e-02 8.160647936165332794e-03 1.520192623138427734e-02 2.900960668921470642e-02 6.018667481839656830e-03 1.443903986364603043e-02 3.109391778707504272e-02 9.608074091374874115e-03 1.176881138235330582e-02 1.280091051012277603e-02 9.001525468192994595e-04 6.065551657229661942e-03 3.578997403383255005e-02 3.711093962192535400e-02 6.686579901725053787e-03 7.405235432088375092e-03 1.840635575354099274e-02 1.476504839956760406e-02 2.253084070980548859e-02 1.212430372834205627e-02 3.900733077898621559e-03 9.559643804095685482e-04 2.617557160556316376e-02 2.989979274570941925e-02 1.872585527598857880e-02 1.172654610127210617e-02 1.527973823249340057e-02 1.797135919332504272e-02 2.080803364515304565e-02 2.687476947903633118e-02 2.756844274699687958e-02 3.619448468089103699e-02 1.068229600787162781e-02 1.857670396566390991e-02 5.719873588532209396e-03 2.825026586651802063e-02 6.900945212692022324e-03 2.816969342529773712e-02 1.591902785003185272e-02 1.332024857401847839e-02 1.875555329024791718e-02 2.569752186536788940e-02 1.281347940675914288e-03 6.286749150604009628e-03 7.918601855635643005e-03 1.793069066479802132e-03 1.712344586849212646e-02 1.140020880848169327e-02 1.797215454280376434e-02 9.545090608298778534e-03 2.144260331988334656e-02 1.140838768333196640e-02 3.375586122274398804e-02 3.420431911945343018e-02 1.929272525012493134e-02 8.003403432667255402e-03 3.523989394307136536e-02 3.668177500367164612e-02 3.596323356032371521e-02 3.735223039984703064e-02 3.951177932322025299e-03 6.553561892360448837e-03 1.668076217174530029e-02 2.472684904932975769e-02 2.426488324999809265e-03 4.307565279304981232e-03 1.246562413871288300e-02 1.728000119328498840e-02 2.225106023252010345e-02 6.682151928544044495e-03 1.660718582570552826e-02 1.515980158001184464e-02 1.006869412958621979e-02 9.696464054286479950e-03 1.579407416284084320e-02 1.977323926985263824e-02 2.816178835928440094e-02 2.645427733659744263e-02 1.050135213881731033e-02 3.059403970837593079e-03 1.981054060161113739e-02 2.069116756319999695e-02
