8.321417570114135742e-01 8.923520147800445557e-02 3.929992020130157471e-02 1.968752779066562653e-02 6.229776190593838692e-04 3.031448647379875183e-02 2.367340773344039917e-02 2.966553438454866409e-03 1.243613660335540771e-02 2.305286005139350891e-02 6.899985671043395996e-02 6.763603538274765015e-03 6.484470516443252563e-02 2.917312085628509521e-03 3.530030697584152222e-02 1.107339654117822647e-02 2.323393011465668678e-03 4.382683895528316498e-03 1.994289271533489227e-02 1.091986615210771561e-02 1.197158265858888626e-02 1.792208664119243622e-02 1.258636591956019402e-03 4.029709380120038986e-04 5.017328076064586639e-03 1.700036972761154175e-02 2.332662930712103844e-03 2.735513960942625999e-03 1.501333899796009064e-02 3.720680018886923790e-03 2.497195638716220856e-02 1.236243173480033875e-02 1.146777719259262085e-02 2.275732113048434258e-03 9.273025207221508026e-03 1.019929442554712296e-02 4.207140300422906876e-03 3.907258622348308563e-03 8.901658584363758564e-04 6.480962969362735748e-03 1.024504005908966064e-02 3.438595915213227272e-03 2.394182980060577393e-02 1.362779084593057632e-02 1.408254541456699371e-02 6.598212756216526031e-03 3.919855505228042603e-02 2.001384831964969635e-02 4.118232522159814835e-03 4.693416878581047058e-03 1.616726070642471313e-02 9.003954008221626282e-03 2.211574278771877289e-02 1.511158421635627747e-02 8.030981756746768951e-03 6.486364640295505524e-03 1.985182985663414001e-02 1.680589653551578522e-02 7.571763824671506882e-03 1.535364054143428802e-02 1.612895913422107697e-02 1.059095188975334167e-02 6.303399335592985153e-03 2.321630343794822693e-02 1.417694799602031708e-02 1.422225963324308395e-02 4.555169027298688889e-03 1.752030476927757263e-02 1.483055669814348221e-02 2.149381907656788826e-03 8.616751991212368011e-03 1.771361567080020905e-02 1.458958350121974945e-02 5.501923616975545883e-03 7.342371158301830292e-03 1.762324757874011993e-02 1.117098983377218246e-02 2.442117407917976379e-02 1.003397721797227859e-02 2.025386877357959747e-02 4.140431410633027554e-04 1.240659039467573166e-02 2.712965011596679688e-03 1.347637362778186798e-02 1.266285590827465057e-02 1.243530493229627609e-02 5.897874478250741959e-03 1.112754363566637039e-02 3.995183389633893967e-03 2.538330294191837311e-02 3.746810369193553925e-03 1.293654181063175201e-02 1.179570145905017853e-02 7.091390434652566910e-03 1.619103597477078438e-03 2.319440804421901703e-02 8.202820084989070892e-03 1.622909866273403168e-02 1.416807621717453003e-02 1.173929963260889053e-02 1.425920054316520691e-02 2.420158497989177704e-02 1.489626616239547729e-02 4.403053317219018936e-03 2.169644273817539215e-02 2.826881222426891327e-02 1.992986537516117096e-02 4.565183538943529129e-03 4.838217981159687042e-03 1.026670448482036591e-02 5.693737883120775223e-03 2.174858190119266510e-02 6.167985964566469193e-03 6.248976569622755051e-03 2.629764936864376068e-02 3.880232945084571838e-02
8.923520147800445557e-02 8.321417570114135742e-01 1.692755334079265594e-02 1.262997859157621861e-03 3.519612830132246017e-03 4.082158952951431274e-02 4.455049708485603333e-02 9.737671352922916412e-03 1.261023804545402527e-02 4.664308391511440277e-03 5.613126978278160095e-02 1.528396271169185638e-02 8.764792978763580322e-02 1.521019823849201202e-02 3.418138623237609863e-02 2.646470628678798676e-02 1.196894515305757523e-02 3.054947825148701668e-03 1.672460511326789856e-02 1.433831639587879181e-02 3.975059080403298140e-04 1.247593760490417480e-02 8.892737329006195068e-03 9.041794575750827789e-03 1.014485955238342285e-03 1.308808382600545883e-02 9.573192335665225983e-03 6.581733003258705139e-03 2.123347297310829163e-02 1.370045822113752365e-02 3.477010875940322876e-02 2.231814526021480560e-02 9.195830672979354858e-03 1.032081432640552521e-02 7.057299371808767319e-03 5.795035976916551590e-03 1.864183577708899975e-03 5.656153894960880280e-03 1.425398979336023331e-02 2.573292888700962067e-02 1.137871574610471725e-02 5.903789773583412170e-03 1.787394843995571136e-02 6.394388619810342789e-03 7.797789294272661209e-03 1.073875115253031254e-03 4.426217824220657349e-02 3.442744538187980652e-02 4.030047915875911713e-03 6.853340310044586658e-04 1.567299850285053253e-02 1.414777152240276337e-02 1.423424948006868362e-02 3.161962376907467842e-03 2.625978551805019379e-03 1.806238666176795959e-02 3.459383733570575714e-03 1.021038088947534561e-02 1.129635609686374664e-02 1.763164624571800232e-02 8.391176350414752960e-03 2.048960886895656586e-02 2.767451805993914604e-03 1.824872754514217377e-02 3.521474078297615051e-02 2.192552760243415833e-02 1.444292999804019928e-02 1.907265000045299530e-02 4.609792958945035934e-03 1.847210526466369629e-02 3.064309945330023766e-03 9.409577585756778717e-03 5.487277638167142868e-03 9.110185317695140839e-03 5.749978008680045605e-04 3.655595006421208382e-03 1.186464726924896240e-02 1.042655855417251587e-02 1.536046434193849564e-02 3.012753091752529144e-03 5.925621953792870045e-04 5.232992582023143768e-03 6.710942368954420090e-03 1.498025259934365749e-03 3.166806418448686600e-03 9.259965270757675171e-03 7.081337273120880127e-03 1.977042993530631065e-03 6.940748542547225952e-03 4.843549802899360657e-03 1.328382757492363453e-03 1.265180390328168869e-02 1.927034370601177216e-02 1.929674111306667328e-02 1.715696975588798523e-02 5.768766161054372787e-03 1.129289995878934860e-02 6.837428081780672073e-03 3.253001254051923752e-03 9.405958466231822968e-03 8.492028340697288513e-03 5.394482985138893127e-03 8.670140057802200317e-03 7.188936695456504822e-03 2.657613717019557953e-03 1.165259163826704025e-02 2.267692051827907562e-02 2.649567322805523872e-03 1.460166089236736298e-02 7.443794311257079244e-05 1.561559550464153290e-02 1.040764339268207550e-02 1.457674056291580200e-02 1.906369067728519440e-02 3.061001189053058624e-02 2.520935051143169403e-02
3.929992020130157471e-02 1.692755334079265594e-02 8.321417570114135742e-01 1.291077397763729095e-02 2.972226822748780251e-03 1.690121740102767944e-02 3.997878171503543854e-03 5.160228163003921509e-02 4.452171735465526581e-03 1.416108105331659317e-03 2.127588912844657898e-02 5.993964616209268570e-03 6.478488445281982422e-03 5.919739138334989548e-03 1.880226284265518188e-02 7.792348507791757584e-03 9.912362322211265564e-03 7.977706845849752426e-04 2.458997536450624466e-03 2.029220573604106903e-02 7.635336834937334061e-03 1.833295263350009918e-02 1.017569098621606827e-03 6.431468296796083450e-03 1.831855066120624542e-02 1.304975431412458420e-02 1.858679950237274170e-02 1.858426257967948914e-02 7.377340458333492279e-03 8.180220611393451691e-03 5.610264372080564499e-03 2.642702683806419373e-02 2.233901619911193848e-02 2.006803452968597412e-02 1.274222508072853088e-02 4.040832817554473877e-02 2.968229539692401886e-02 3.585063666105270386e-02 1.112501602619886398e-02 1.160811819136142731e-02 1.748229376971721649e-02 2.485144324600696564e-02 1.248088106513023376e-02 3.388227522373199463e-02 1.163085736334323883e-02 4.820444155484437943e-03 2.498020045459270477e-02 1.324263028800487518e-02 1.874479278922080994e-02 1.099239941686391830e-02 7.594830356538295746e-03 1.031231507658958435e-02 1.805957034230232239e-02 2.023572288453578949e-02 1.004813611507415771e-02 1.160339359194040298e-02 2.263849228620529175e-02 2.246670424938201904e-02 1.005583349615335464e-02 1.800669915974140167e-02 2.145927399396896362e-02 2.847012691199779510e-02 1.618103682994842529e-02 1.576001942157745361e-02 1.339218124485341832e-05 5.249639507383108139e-03 1.608527265489101410e-02 1.100762188434600830e-02 5.609906744211912155e-03 6.691063288599252701e-03 3.503954736515879631e-03 6.444090045988559723e-03 2.631832845509052277e-03 1.690584467723965645e-03 1.229126006364822388e-02 3.862666664645075798e-03 2.299968327861279249e-04 2.889888593927025795e-03 9.154738858342170715e-03 1.194819156080484390e-02 5.282078683376312256e-02 5.652195215225219727e-02 2.579800086095929146e-03 1.749242283403873444e-02 1.104579307138919830e-02 6.458871997892856598e-03 2.498110756278038025e-02 2.828225679695606232e-02 3.131305798888206482e-03 6.430103909224271774e-03 2.215077169239521027e-03 1.787756197154521942e-02 5.768915172666311264e-03 1.053771469742059708e-02 1.793468557298183441e-02 5.858696997165679932e-03 8.664836175739765167e-03 4.436586517840623856e-03 2.467513829469680786e-02 2.279322221875190735e-02 1.623406074941158295e-02 2.376915514469146729e-02 3.068299405276775360e-02 7.795610465109348297e-03 8.032539044506847858e-04 6.747639272361993790e-03 1.557577215135097504e-02 1.342286262661218643e-02 3.930372186005115509e-04 2.378270588815212250e-02 1.694024540483951569e-02 5.910372827202081680e-03 1.325260661542415619e-02 1.486968901008367538e-02 2.818896993994712830e-02 8.220421150326728821e-03
1.968752779066562653e-02 1.262997859157621861e-03 1.291077397763729095e-02 8.321417570114135742e-01 2.844386547803878784e-02 1.125020440667867661e-02 1.624322682619094849e-02 7.162289693951606750e-03 3.057689964771270752e-02 2.769004320725798607e-03 1.817676797509193420e-02 1.716803759336471558e-02 1.152915880084037781e-02 5.737895611673593521e-03 5.409206729382276535e-03 1.834754273295402527e-02 1.591448672115802765e-02 2.919817715883255005e-02 2.299391850829124451e-02 1.967056095600128174e-02 1.022530812770128250e-02 1.400522305630147457e-03 8.906440809369087219e-03 2.136141434311866760e-02 1.471911184489727020e-02 1.728415861725807190e-02 1.253902353346347809e-02 3.587019070982933044e-02 3.696090076118707657e-03 9.024297469295561314e-04 4.423845093697309494e-03 4.159742034971714020e-03 2.958782017230987549e-02 6.876118946820497513e-03 2.602602355182170868e-02 3.132134908810257912e-03 5.560777615755796432e-03 5.485206376761198044e-03 1.538110896944999695e-02 7.045825012028217316e-03 3.151936456561088562e-02 2.735226415097713470e-02 1.132605876773595810e-02 9.757321327924728394e-03 1.219864003360271454e-02 6.155359558761119843e-03 3.083145618438720703e-02 1.443496998399496078e-02 2.978597953915596008e-02 7.861758582293987274e-03 6.854859529994428158e-04 1.450358796864748001e-02 1.280126068741083145e-02 2.369133941829204559e-02 3.857740387320518494e-02 1.744774170219898224e-02 4.415979236364364624e-02 3.290050476789474487e-02 1.520716934464871883e-03 9.470026008784770966e-03 4.992154240608215332e-02 3.087386488914489746e-02 3.702177852392196655e-02 3.866760060191154480e-02 3.745303489267826080e-03 6.932666059583425522e-03 6.024476606398820877e-03 1.768469810485839844e-02 5.110468715429306030e-02 1.522280182689428329e-02 3.232631459832191467e-02 3.520273417234420776e-02 5.725846439599990845e-02 2.253730222582817078e-02 2.492315135896205902e-02 4.429081454873085022e-02 3.762181475758552551e-02 3.296558745205402374e-03 2.160698175430297852e-02 6.163585931062698364e-03 5.224333726800978184e-04 4.017191473394632339e-03 2.548060566186904907e-02 1.657793484628200531e-02 7.769304793328046799e-03 1.597412163391709328e-03 1.140411663800477982e-02 3.340217750519514084e-03 3.852711617946624756e-02 5.147236399352550507e-03 1.035494823008775711e-02 1.694339094683527946e-03 1.476701581850647926e-03 2.385001070797443390e-02 3.031647356692701578e-04 1.282622944563627243e-02 1.273616775870323181e-02 3.534715250134468079e-02 1.770249009132385254e-02 1.314308261498808861e-03 8.457461372017860413e-03 2.100566867738962173e-03 2.356237731873989105e-03 1.864809542894363403e-02 9.779539890587329865e-03 1.842751353979110718e-02 1.723242551088333130e-02 2.414057403802871704e-02 2.390203764662146568e-03 1.437272131443023682e-02 2.295585907995700836e-02 2.508049458265304565e-02 9.775624610483646393e-03 2.643422922119498253e-03 9.143795818090438843e-03 1.342718768864870071e-02
6.229776190593838692e-04 3.519612830132246017e-03 2.972226822748780251e-03 2.844386547803878784e-02 8.321417570114135742e-01 3.668881487101316452e-03 1.407566480338573456e-02 1.502639800310134888e-02 1.710545644164085388e-02 2.573825232684612274e-02 8.909991942346096039e-03 3.311789780855178833e-02 1.408171001821756363e-02 2.736383490264415741e-02 2.075250260531902313e-02 2.171068079769611359e-02 7.529560476541519165e-03 4.218975082039833069e-02 4.174230992794036865e-02 8.770006825216114521e-04 9.613816626369953156e-03 1.226212363690137863e-02 8.913853205740451813e-03 1.082872878760099411e-02 1.857058890163898468e-02 1.756066456437110901e-02 1.888637058436870575e-02 2.459938824176788330e-02 6.489831721410155296e-04 2.788483910262584686e-02 8.381463587284088135e-03 1.449778908863663673e-03 1.186211826279759407e-03 7.108225021511316299e-03 5.386222619563341141e-03 2.165339700877666473e-02 1.861201785504817963e-02 1.807684451341629028e-02 3.776925057172775269e-02 3.262111172080039978e-02 1.827669702470302582e-02 7.377587258815765381e-03 1.996105071157217026e-03 2.350183203816413879e-03 1.652077585458755493e-02 2.034899219870567322e-02 4.637323785573244095e-03 2.177604287862777710e-02 1.403002813458442688e-02 1.379196718335151672e-02 4.228623583912849426e-04 4.003359936177730560e-03 2.636796422302722931e-02 3.635486215353012085e-02 1.492347661405801773e-02 3.002145141363143921e-02 9.028168395161628723e-03 1.758809946477413177e-02 4.258158057928085327e-02 2.961692027747631073e-02 7.455231621861457825e-03 3.517798706889152527e-02 8.285464718937873840e-03 1.252289582043886185e-02 5.011440254747867584e-03 4.285732749849557877e-03 3.690635319799184799e-03 2.203122712671756744e-03 1.895648310892283916e-04 1.351181510835886002e-02 8.950024843215942383e-03 7.962879724800586700e-03 3.101523593068122864e-02 2.993619255721569061e-02 5.175778269767761230e-02 2.257511019706726074e-02 1.444319169968366623e-02 3.312591835856437683e-02 2.176093123853206635e-02 3.248411044478416443e-02 8.493737317621707916e-03 7.992293685674667358e-03 2.184408344328403473e-02 3.505657240748405457e-02 8.376147598028182983e-03 9.393773972988128662e-03 1.046128664165735245e-02 7.979630492627620697e-03 2.253641560673713684e-02 3.170694783329963684e-02 2.921356586739420891e-03 1.800485653802752495e-03 2.264066366478800774e-03 1.052977051585912704e-03 1.890454068779945374e-02 2.053748629987239838e-02 2.834205329418182373e-02 1.755469851195812225e-02 7.405394688248634338e-03 6.695786141790449619e-04 2.083635330200195312e-02 1.573558151721954346e-02 1.050437148660421371e-02 9.518927894532680511e-03 2.281155250966548920e-02 1.938715018332004547e-02 9.319753386080265045e-03 2.213159762322902679e-02 1.116091664880514145e-02 1.589858531951904297e-02 9.919716045260429382e-03 2.233011880889534950e-03 1.281121745705604553e-02 6.727184634655714035e-03 6.625177804380655289e-03 2.673020819202065468e-03
3.031448647379875183e-02 4.082158952951431274e-02 1.690121740102767944e-02 1.125020440667867661e-02 3.668881487101316452e-03 8.321417570114135742e-01 6.597870588302612305e-02 1.099344110116362572e-03 3.318654606118798256e-03 7.108333520591259003e-03 2.491768449544906616e-02 1.513615623116493225e-02 3.401662036776542664e-02 5.031266715377569199e-03 2.449807943776249886e-03 7.769540883600711823e-03 1.201572362333536148e-02 4.464746452867984772e-03 4.997731652110815048e-03 9.638978168368339539e-03 1.786769740283489227e-02 1.513996254652738571e-02 2.246212400496006012e-02 2.092186361551284790e-02 1.422213483601808548e-02 5.871824454516172409e-03 2.542699454352259636e-03 2.867674827575683594e-02 1.041146274656057358e-02 2.134955674409866333e-02 6.817607674747705460e-03 2.550387755036354065e-02 2.025438845157623291e-02 2.519180066883563995e-02 2.823663875460624695e-02 1.475927885621786118e-02 2.055524475872516632e-02 1.038755662739276886e-02 7.920618169009685516e-03 3.352767229080200195e-02 1.249751448631286621e-02 1.409225910902023315e-02 2.559082349762320518e-03 3.352170810103416443e-02 3.525441139936447144e-02 3.156841173768043518e-02 6.760934740304946899e-02 2.155659534037113190e-02 8.303689537569880486e-04 1.937270537018775940e-02 1.975665241479873657e-02 2.384196780622005463e-02 1.695982925593852997e-02 8.763751946389675140e-03 5.756230675615370274e-04 1.732592284679412842e-02 1.383151952177286148e-02 1.465905643999576569e-02 9.250838193111121655e-04 8.868875913321971893e-03 1.224220357835292816e-02 2.421346865594387054e-02 2.307021617889404297e-02 3.788712248206138611e-02 5.214278120547533035e-03 2.602999098598957062e-02 2.529290877282619476e-02 8.973217569291591644e-03 2.381971478462219238e-02 8.726165629923343658e-03 1.328779291361570358e-02 6.829851772636175156e-03 7.484962232410907745e-03 3.322755510453134775e-04 1.872700452804565430e-02 3.374507650732994080e-03 6.037875544279813766e-03 3.491000039502978325e-03 1.036073444993235171e-05 8.173263049684464931e-04 1.715005608275532722e-03 1.295237615704536438e-02 1.900394633412361145e-02 1.387254893779754639e-02 3.754583746194839478e-02 2.880306914448738098e-02 1.080976426601409912e-02 7.026058621704578400e-03 2.118079923093318939e-02 1.786543615162372589e-02 1.724375598132610321e-02 1.058617047965526581e-02 3.370832279324531555e-02 2.854985650628805161e-03 3.358416492119431496e-03 1.301707047969102859e-02 1.988622546195983887e-02 9.153096005320549011e-03 1.203516405075788498e-02 1.142558734863996506e-02 1.164480205625295639e-02 9.358869865536689758e-03 1.188471354544162750e-02 2.004827186465263367e-02 1.103704515844583511e-02 6.289765238761901855e-03 1.029278524219989777e-02 2.018048800528049469e-02 1.015545055270195007e-02 2.863364666700363159e-02 1.956371217966079712e-02 1.720611564815044403e-02 2.442423440515995026e-02 1.413628086447715759e-02 1.827792264521121979e-02 2.984215691685676575e-02
2.367340773344039917e-02 4.455049708485603333e-02 3.997878171503543854e-03 1.624322682619094849e-02 1.407566480338573456e-02 6.597870588302612305e-02 8.321417570114135742e-01 1.612878218293190002e-02 6.325869355350732803e-03 1.941805705428123474e-02 2.892727591097354889e-02 1.481045316904783249e-02 4.448706656694412231e-02 2.645546384155750275e-02 2.028282545506954193e-02 1.014915644191205502e-03 1.767890341579914093e-02 4.925926332361996174e-04 1.086756866425275803e-02 2.006140770390629768e-03 1.563023962080478668e-02 5.143661983311176300e-04 1.704746112227439880e-02 1.486916467547416687e-02 1.542972214519977570e-02 1.601585373282432556e-02 1.179261249490082264e-03 7.101958035491406918e-04 4.397264681756496429e-03 2.158170565962791443e-03 1.769761182367801666e-02 1.587578095495700836e-02 9.104040451347827911e-03 1.461732853204011917e-02 1.961922086775302887e-02 5.028589628636837006e-03 1.214117649942636490e-02 1.641874387860298157e-02 7.531826384365558624e-03 3.141673654317855835e-02 2.824371866881847382e-02 1.405034307390451431e-02 1.031555514782667160e-02 4.535396397113800049e-02 2.457707561552524567e-02 2.183186635375022888e-02 6.094155833125114441e-02 5.901527404785156250e-02 1.346807274967432022e-02 2.114892937242984772e-02 1.038075983524322510e-02 1.394820399582386017e-02 2.304141223430633545e-02 1.776011846959590912e-02 2.910356037318706512e-03 2.415944822132587433e-02 9.211793541908264160e-03 1.256524678319692612e-02 1.685591787099838257e-02 2.629753015935420990e-02 2.106306841596961021e-03 2.040301449596881866e-02 2.058497071266174316e-02 3.356828913092613220e-02 7.870256900787353516e-03 1.458053849637508392e-02 2.078172378242015839e-02 9.556300006806850433e-03 2.032073028385639191e-02 2.055285684764385223e-02 2.057463303208351135e-02 8.475872687995433807e-03 1.189359370619058609e-02 1.626921072602272034e-02 3.356945468112826347e-03 9.710274636745452881e-03 1.991419307887554169e-02 1.930600591003894806e-02 4.592009354382753372e-03 1.100558787584304810e-02 1.363658439368009567e-02 2.656146325170993805e-02 3.455467056483030319e-03 9.280852973461151123e-03 2.570424787700176239e-02 2.341793850064277649e-02 1.734790159389376640e-03 1.223261933773756027e-02 3.341438481584191322e-03 8.004487492144107819e-03 6.767058279365301132e-03 2.514169085770845413e-03 1.653480902314186096e-02 1.624418888241052628e-03 2.189210616052150726e-02 5.690051708370447159e-03 3.895977139472961426e-02 1.882108300924301147e-02 3.659063717350363731e-03 4.702470614574849606e-04 1.127587258815765381e-02 1.019590348005294800e-02 1.916011050343513489e-02 2.079524844884872437e-02 1.153076626360416412e-02 3.531731199473142624e-03 2.876286162063479424e-03 1.034021750092506409e-02 1.141018234193325043e-02 1.431617792695760727e-02 3.811675682663917542e-02 2.619900181889533997e-02 4.964486695826053619e-03 4.949752241373062134e-03 1.795201562345027924e-02 3.495424985885620117e-02
2.966553438454866409e-03 9.737671352922916412e-03 5.160228163003921509e-02 7.162289693951606750e-03 1.502639800310134888e-02 1.099344110116362572e-03 1.612878218293190002e-02 8.321417570114135742e-01 2.176300622522830963e-03 3.270931309089064598e-03 4.249957055435515940e-05 1.413896307349205017e-02 5.590891931205987930e-03 1.514587923884391785e-02 6.786216050386428833e-02 2.149176783859729767e-02 1.873668283224105835e-02 2.202786970883607864e-03 2.305293921381235123e-03 1.179777830839157104e-02 9.389485232532024384e-03 4.176088422536849976e-02 6.551317055709660053e-04 1.097954623401165009e-02 1.601825840771198273e-02 3.601074451580643654e-03 3.812108188867568970e-02 8.740848861634731293e-03 1.746203377842903137e-02 6.531106773763895035e-03 2.750751376152038574e-02 1.282581873238086700e-02 2.676259027794003487e-03 9.145445190370082855e-03 5.457653198391199112e-03 2.533410117030143738e-02 3.378253057599067688e-02 5.188439413905143738e-02 1.345177274197340012e-02 5.516020581126213074e-03 2.556026354432106018e-02 2.316338568925857544e-02 1.344210561364889145e-02 1.363183092325925827e-02 1.032429374754428864e-02 1.008965633809566498e-02 5.388826131820678711e-03 8.814052678644657135e-03 8.955257944762706757e-03 2.476003952324390411e-03 1.805917732417583466e-02 1.168899610638618469e-02 1.667517051100730896e-02 1.178476121276617050e-02 3.213147632777690887e-03 4.947037436068058014e-03 1.566636562347412109e-02 8.228749968111515045e-03 3.397358953952789307e-02 3.707574680447578430e-02 1.602717302739620209e-02 1.328030787408351898e-02 2.097376855090260506e-03 6.051380187273025513e-03 2.591327065601944923e-03 3.449881216511130333e-03 1.798134483397006989e-02 2.573956036940217018e-03 4.866821691393852234e-03 1.517837028950452805e-02 2.787396544590592384e-03 2.404524944722652435e-02 1.139221154153347015e-02 1.809325441718101501e-02 1.023631729185581207e-02 2.689361013472080231e-02 1.710674376226961613e-03 5.675439257174730301e-03 9.148977696895599365e-03 9.684297401690855622e-05 6.812714040279388428e-02 6.186746805906295776e-02 1.977481413632631302e-03 7.363303564488887787e-03 1.323826052248477936e-02 1.282941317185759544e-03 5.888672918081283569e-02 5.507827177643775940e-02 5.670771002769470215e-03 5.420933477580547333e-03 9.478460066020488739e-03 3.130463510751724243e-02 8.373354561626911163e-03 1.670907810330390930e-02 2.454781159758567810e-02 7.509937509894371033e-03 2.314037084579467773e-02 2.449496649205684662e-02 2.516956999897956848e-02 1.190178748220205307e-02 3.413109516259282827e-04 5.498785525560379028e-03 2.662285603582859039e-02 1.042220648378133774e-02 2.148399874567985535e-02 1.446852739900350571e-02 7.162792142480611801e-03 3.842198755592107773e-03 8.897731080651283264e-03 1.391435414552688599e-02 2.370058372616767883e-02 1.437454111874103546e-02 2.370792999863624573e-02 1.702892780303955078e-02 1.112754829227924347e-02 3.373394161462783813e-02
1.243613660335540771e-02 1.261023804545402527e-02 4.452171735465526581e-03 3.057689964771270752e-02 1.710545644164085388e-02 3.318654606118798256e-03 6.325869355350732803e-03 2.176300622522830963e-03 8.321417570114135742e-01 4.885629191994667053e-02 8.632217533886432648e-03 1.794620044529438019e-02 7.064512465149164200e-03 8.696402423083782196e-03 3.285044105723500252e-03 4.117611330002546310e-03 5.393137224018573761e-03 5.613181367516517639e-02 4.919718950986862183e-02 1.247896254062652588e-02 1.760979648679494858e-03 1.375858858227729797e-02 9.476574137806892395e-03 4.342487081885337830e-03 9.049092419445514679e-03 1.582205109298229218e-02 2.523292042315006256e-02 7.388564292341470718e-03 5.626095808111131191e-04 1.466472167521715164e-03 1.558335684239864349e-02 9.677829220890998840e-03 3.915995359420776367e-03 1.254718750715255737e-03 1.291705761104822159e-02 4.236542619764804840e-03 8.240414783358573914e-03 1.403191592544317245e-02 8.118135854601860046e-03 2.659501042217016220e-03 6.213175598531961441e-03 3.888931125402450562e-02 2.851973287761211395e-03 9.883902035653591156e-03 1.580564491450786591e-02 2.796484716236591339e-02 4.332054872065782547e-03 9.425818920135498047e-03 5.732677504420280457e-02 3.768266737461090088e-02 2.691145287826657295e-03 3.514251438900828362e-03 2.919427352026104927e-03 1.166287157684564590e-02 6.750404089689254761e-02 4.124251380562782288e-02 3.425149619579315186e-02 3.439864888787269592e-02 7.548800203949213028e-03 3.221269231289625168e-03 2.800633385777473450e-02 3.075372613966464996e-02 1.959593500941991806e-03 1.192390453070402145e-02 5.662056617438793182e-03 1.160562690347433090e-02 6.392005831003189087e-03 6.202723365277051926e-03 2.678606845438480377e-02 3.080050460994243622e-02 7.504513021558523178e-03 3.564559668302536011e-02 1.735930331051349640e-02 2.295590378344058990e-02 4.065295215696096420e-03 3.411053493618965149e-02 5.683145299553871155e-02 2.356342785060405731e-02 6.459472328424453735e-02 4.783227294683456421e-02 8.839474990963935852e-03 2.224758965894579887e-03 3.773522749543190002e-02 2.164815738797187805e-02 1.916158758103847504e-02 1.670784130692481995e-02 1.138516422361135483e-02 2.607601229101419449e-03 4.666660726070404053e-02 3.569713607430458069e-02 1.019324269145727158e-02 7.704904768615961075e-03 1.388581003993749619e-02 2.969144657254219055e-02 1.092513278126716614e-02 8.312233723700046539e-03 1.372140739113092422e-02 3.490290790796279907e-02 1.333893183618783951e-02 3.951053600758314133e-03 7.454469450749456882e-04 7.560487370938062668e-03 5.303934682160615921e-03 2.443650178611278534e-02 4.593909718096256256e-03 1.812521717511117458e-03 2.722539938986301422e-03 4.277107492089271545e-02 2.850875258445739746e-03 2.438792958855628967e-02 5.692125298082828522e-03 5.029798485338687897e-03 7.707783952355384827e-03 5.966391880065202713e-03 2.460294672346208245e-05 1.032466907054185867e-02
2.305286005139350891e-02 4.664308391511440277e-03 1.416108105331659317e-03 2.769004320725798607e-03 2.573825232684612274e-02 7.108333520591259003e-03 1.941805705428123474e-02 3.270931309089064598e-03 4.885629191994667053e-02 8.321417570114135742e-01 1.208031084388494492e-03 3.324757143855094910e-02 5.296953022480010986e-03 4.889007285237312317e-02 3.379904199391603470e-03 2.452376671135425568e-02 7.836146280169487000e-03 2.951782383024692535e-02 5.203904211521148682e-02 7.653241045773029327e-03 8.164998143911361694e-03 7.571959402412176132e-03 1.305519230663776398e-02 1.920637488365173340e-02 1.964122615754604340e-02 2.582866139709949493e-02 1.358885038644075394e-02 4.534467589110136032e-03 4.152649082243442535e-03 2.073292993009090424e-02 1.389920618385076523e-02 1.055236253887414932e-02 5.128999706357717514e-03 1.413213182240724564e-02 1.450311485677957535e-02 7.710737641900777817e-03 9.745265357196331024e-03 2.679320052266120911e-03 6.866797339171171188e-03 2.270626462996006012e-02 7.363400422036647797e-03 2.586378902196884155e-02 4.841054789721965790e-03 3.628471866250038147e-03 2.456529811024665833e-02 3.839529678225517273e-02 9.320707991719245911e-03 1.070713344961404800e-02 3.258200362324714661e-02 5.774732306599617004e-02 6.804523989558219910e-03 1.299408846534788609e-03 9.301374666392803192e-03 5.622717086225748062e-03 2.464257925748825073e-02 4.756980016827583313e-02 1.207854505628347397e-02 3.138044103980064392e-02 2.599461376667022705e-02 2.203651517629623413e-02 4.896743223071098328e-03 2.925624325871467590e-02 9.505980648100376129e-03 1.047631446272134781e-02 1.348890550434589386e-02 9.288371540606021881e-03 2.092170761898159981e-03 1.449070870876312256e-02 6.952963303774595261e-03 2.924237214028835297e-02 1.065756194293498993e-02 1.036965940147638321e-02 7.869012653827667236e-03 2.208066172897815704e-02 1.336857397109270096e-02 9.728021919727325439e-03 3.789766505360603333e-02 6.533336639404296875e-02 5.301093310117721558e-02 6.650975346565246582e-02 4.582039080560207367e-03 8.149839937686920166e-03 1.113176066428422928e-02 4.429237917065620422e-02 1.500254031270742416e-02 3.627621382474899292e-02 7.096294779330492020e-03 3.428633324801921844e-03 2.401557564735412598e-02 6.194251775741577148e-02 1.845408417284488678e-02 5.800518207252025604e-03 1.466440036892890930e-02 7.154311519116163254e-03 8.960469625890254974e-03 2.480227733030915260e-03 2.528249844908714294e-02 2.060010656714439392e-02 4.062532447278499603e-03 5.098517052829265594e-03 7.457332103513181210e-04 2.023163484409451485e-03 8.538746275007724762e-03 1.870112307369709015e-02 3.968645352870225906e-03 4.477347712963819504e-03 4.042305983603000641e-03 2.903451770544052124e-02 7.810876704752445221e-03 2.809336036443710327e-02 3.950223792344331741e-03 7.257721154019236565e-05 3.768699010834097862e-03 4.450085107237100601e-03 8.193642832338809967e-03 4.710885230451822281e-03
6.899985671043395996e-02 5.613126978278160095e-02 2.127588912844657898e-02 1.817676797509193420e-02 8.909991942346096039e-03 2.491768449544906616e-02 2.892727591097354889e-02 4.249957055435515940e-05 8.632217533886432648e-03 1.208031084388494492e-03 8.321417570114135742e-01 2.747927233576774597e-02 7.083630561828613281e-02 2.094104513525962830e-02 3.111617639660835266e-02 1.447566226124763489e-02 6.955562625080347061e-03 1.904083229601383209e-02 6.153784226626157761e-03 1.988858915865421295e-02 5.930013954639434814e-03 3.733448684215545654e-03 4.097831901162862778e-03 1.228585490025579929e-03 1.037433044984936714e-03 1.934272982180118561e-02 6.246225908398628235e-03 1.511085871607065201e-02 3.875146061182022095e-02 1.668973825871944427e-02 3.048248402774333954e-02 2.186662517488002777e-02 2.741146134212613106e-03 1.901575922966003418e-02 1.714542135596275330e-02 7.760771550238132477e-03 1.741805463097989559e-03 3.942289389669895172e-03 1.341666933149099350e-02 7.472637109458446503e-03 5.156236700713634491e-03 3.352433443069458008e-03 4.279216006398200989e-02 1.162799017038196325e-04 7.939158938825130463e-03 1.122190966270864010e-03 5.106117948889732361e-02 4.002713039517402649e-02 1.467816252261400223e-02 4.117847885936498642e-03 1.215478056110441685e-03 4.041750216856598854e-04 1.772014982998371124e-02 1.980892010033130646e-02 2.063245512545108795e-02 2.360710874199867249e-02 1.413056626915931702e-02 2.545172721147537231e-02 8.074727840721607208e-03 4.842198104597628117e-04 5.427443422377109528e-03 1.626932621002197266e-02 5.204975605010986328e-03 2.601317875087261200e-02 4.163056239485740662e-02 3.430822864174842834e-02 1.642872020602226257e-02 1.956705562770366669e-02 1.766327768564224243e-02 1.952185877598822117e-03 2.216868475079536438e-02 1.348602119833230972e-02 2.463622204959392548e-02 1.573133654892444611e-02 5.051416810601949692e-03 2.417549304664134979e-02 1.358197629451751709e-02 2.259558998048305511e-03 1.458346657454967499e-02 8.613197132945060730e-03 7.239223457872867584e-03 9.015935356728732586e-04 1.239209901541471481e-02 1.588172279298305511e-03 1.151636242866516113e-02 8.880960755050182343e-03 1.580644398927688599e-02 1.049532834440469742e-02 1.781528070569038391e-02 4.292274825274944305e-03 2.112555876374244690e-02 9.263330139219760895e-03 2.884576097130775452e-03 1.867615501396358013e-03 1.769943395629525185e-03 2.224657312035560608e-02 2.002566307783126831e-02 1.712883263826370239e-02 1.222067140042781830e-02 1.672105863690376282e-02 3.423036541789770126e-03 2.248238306492567062e-03 1.060942374169826508e-02 8.065955480560660362e-04 2.994499914348125458e-02 2.300006337463855743e-02 2.131876721978187561e-02 2.200237940996885300e-03 8.474021218717098236e-03 1.321934536099433899e-02 5.752922035753726959e-03 1.440006308257579803e-02 8.351818658411502838e-03 1.742231100797653198e-02 1.488504651933908463e-02 3.704492002725601196e-02
6.763603538274765015e-03 1.528396271169185638e-02 5.993964616209268570e-03 1.716803759336471558e-02 3.311789780855178833e-02 1.513615623116493225e-02 1.481045316904783249e-02 1.413896307349205017e-02 1.794620044529438019e-02 3.324757143855094910e-02 2.747927233576774597e-02 8.321417570114135742e-01 2.444211021065711975e-02 6.864694505929946899e-02 1.852134987711906433e-02 1.982751116156578064e-02 1.258586347103118896e-02 6.562208291143178940e-03 2.489345893263816833e-02 1.360176131129264832e-02 1.603038236498832703e-02 7.088479585945606232e-03 2.066765166819095612e-02 2.072527259588241577e-02 1.853075623512268066e-02 3.097936324775218964e-02 1.184321753680706024e-02 6.003347039222717285e-02 1.212879829108715057e-02 6.783253699541091919e-02 6.382999476045370102e-03 1.912306621670722961e-02 2.044627675786614418e-03 6.975323893129825592e-03 1.548879779875278473e-02 1.367441099137067795e-02 4.387395922094583511e-03 2.262283815070986748e-03 1.764073036611080170e-02 1.632754504680633545e-02 8.967109955847263336e-03 9.429812431335449219e-03 4.426647908985614777e-03 1.061693765223026276e-02 1.263653021305799484e-02 1.459185127168893814e-02 9.274004027247428894e-03 2.989771403372287750e-02 1.746263541281223297e-02 2.065112441778182983e-02 9.664606768637895584e-04 1.353885279968380928e-03 2.035075798630714417e-02 2.836507186293601990e-02 1.335249654948711395e-02 2.028786391019821167e-02 2.072730287909507751e-02 2.709820680320262909e-02 4.200685396790504456e-02 1.975513808429241180e-02 2.014883561059832573e-03 1.887710765004158020e-02 1.196611952036619186e-02 1.625544205307960510e-02 8.596816100180149078e-03 2.668945491313934326e-02 9.541766718029975891e-03 2.968356944620609283e-03 1.494204276241362095e-03 7.271020207554101944e-03 1.778514496982097626e-02 1.208488363772630692e-03 4.087934643030166626e-02 2.300430834293365479e-02 4.748576506972312927e-02 1.589663326740264893e-02 3.062197752296924591e-02 4.451179876923561096e-02 3.129556030035018921e-02 3.930228203535079956e-02 1.691367710009217262e-03 2.589167328551411629e-03 3.457480110228061676e-03 2.241257810965180397e-03 7.314394693821668625e-03 1.837787963449954987e-02 6.165616679936647415e-03 4.840121255256235600e-04 4.360809549689292908e-02 5.670143291354179382e-02 2.143694320693612099e-03 1.712984219193458557e-02 9.055766277015209198e-03 9.704404510557651520e-03 2.413778565824031830e-03 1.542990282177925110e-02 1.731852069497108459e-02 2.611755765974521637e-02 1.204323489218950272e-02 7.628317456692457199e-03 4.393064416944980621e-03 7.717806845903396606e-03 9.433154948055744171e-03 1.063410006463527679e-02 6.103821564465761185e-03 1.460403436794877052e-03 3.105264622718095779e-03 7.108783815056085587e-03 1.171332783997058868e-02 3.951597609557211399e-04 5.902465432882308960e-03 1.510229613631963730e-02 1.579152047634124756e-02 6.849853321909904480e-03 8.091663941740989685e-03 1.513267634436488152e-03
6.484470516443252563e-02 8.764792978763580322e-02 6.478488445281982422e-03 1.152915880084037781e-02 1.408171001821756363e-02 3.401662036776542664e-02 4.448706656694412231e-02 5.590891931205987930e-03 7.064512465149164200e-03 5.296953022480010986e-03 7.083630561828613281e-02 2.444211021065711975e-02 8.321417570114135742e-01 1.751555129885673523e-02 1.515000313520431519e-02 1.633364893496036530e-02 3.865614067763090134e-03 5.039297509938478470e-03 7.168322335928678513e-03 2.487041987478733063e-02 1.004381850361824036e-02 8.733959984965622425e-04 1.057651080191135406e-02 1.577930152416229248e-02 5.036792252212762833e-03 7.128807250410318375e-03 9.390664286911487579e-03 2.373982034623622894e-02 2.015388756990432739e-02 2.493986859917640686e-02 3.948374465107917786e-02 3.897132351994514465e-02 1.048641372472047806e-02 2.974582836031913757e-02 8.435809053480625153e-03 6.003606831654906273e-04 2.881129970774054527e-03 1.216381671838462353e-03 2.495528664439916611e-03 1.521294936537742615e-02 1.142430957406759262e-02 1.062886603176593781e-02 2.099303714931011200e-02 2.515376359224319458e-02 7.622921839356422424e-03 5.174176301807165146e-03 6.006020307540893555e-02 5.260197073221206665e-02 6.218035239726305008e-03 4.002698115073144436e-04 8.059926331043243408e-03 2.095011761412024498e-03 2.407662337645888329e-03 8.314799517393112183e-03 1.101929321885108948e-02 1.891890168190002441e-02 5.888964980840682983e-03 5.489082075655460358e-03 7.157024927437305450e-03 5.576839204877614975e-03 5.311683053150773048e-04 1.248342730104923248e-02 6.462389137595891953e-03 1.304872706532478333e-02 4.134877771139144897e-02 2.773717790842056274e-02 1.658318005502223969e-02 2.322025224566459656e-02 9.124844335019588470e-03 1.368096657097339630e-02 7.002697791904211044e-03 1.258450280874967575e-02 2.353654243052005768e-02 4.825031384825706482e-03 1.373865082859992981e-02 1.710023352643474936e-04 3.448985225986689329e-04 1.298661343753337860e-03 3.430986078456044197e-03 2.151118125766515732e-03 6.804212462157011032e-03 4.390385933220386505e-03 5.756159778684377670e-03 3.708700882270932198e-03 4.476475995033979416e-03 7.709420169703662395e-04 1.366194803267717361e-02 1.137406378984451294e-02 7.806545123457908630e-03 5.529139307327568531e-04 1.985385455191135406e-02 1.884461939334869385e-02 3.890184219926595688e-03 2.587509527802467346e-02 1.654516160488128662e-02 4.138914402574300766e-03 1.316739059984683990e-02 5.824103485792875290e-03 2.462692791596055031e-03 3.668911755084991455e-03 1.511242240667343140e-02 1.247467938810586929e-02 5.072654690593481064e-03 6.597875617444515228e-04 1.543452776968479156e-02 7.436261978000402451e-03 1.807014085352420807e-02 6.621846929192543030e-03 2.215583994984626770e-02 5.648954305797815323e-03 1.555937994271516800e-02 1.323608215898275375e-02 9.498137515038251877e-04 1.511576492339372635e-02 1.979053206741809845e-02 2.656627073884010315e-02
